,#10,#11,#12,#13,#17,#18,#26,#49,#50,#51,#52,#53,#54,#58,#101,#102,#201,#202,#301,#302,#401,#402,#501,#502,#601,#602,#701,#702,#801,#802,#901,#902,#1001,#1002,#1101,#1102,#1201,#1202,#1301,#1302,#1401,#1402,#1501,#1502,#1601,#1602,#1701,#1702,#1801,#1802,#1901,#1902,#2001,#2002,#2101,#2102,#2201,#2202,#2301,#2302,#2401,#2402,#2501,#2502,#2601,#2602,#2701,#2702,#2801,#2802,#2901,#2902,#3001,#3002,#3101,#3102,#3201,#3202,#3301,#3302,#3401,#3402,#3455,#3501,#3502,#3601,#3602,#3701,#3702,#3801,#3802,#3901,#3902,#4001,#4002,#4101,#4102,#4201,#4202,#4301,#4302,#4401,#4402,#4501,#4502,#4601,#4602,#4701,#4702,#4801,#4802
#10,1.0,0.11111367393226464,0.16447161034867183,0.48000615077076847,0.26533656248798676,0.10343289893514782,0.035459193480182984,0.22521816015069387,-0.08001383923422904,0.2178987429362242,0.04195594510437089,-0.12161611501941337,-0.16530196440241418,-0.07174105255064775,-0.18297005343482106,0.1430746165378849,0.12562949294583478,0.21052550647753046,-0.06777380540498981,-0.19664014146772768,-0.14404336293391765,0.09048552646753547,0.09309960404413178,-0.1848306615922808,0.04120247568523431,0.16422557951793335,0.22621766040056895,0.04259408757159881,0.03608195902048975,0.05414215968938608,-0.10777688079037405,-0.04177142198131703,0.17918732941221696,-0.14761849844308614,-0.09946565178948986,0.1457348248952447,0.09744358589935802,-0.048737169876600164,-0.128681812939684,0.03127666935762888,-0.032060892630607775,0.25735593741590745,-0.0618229346865029,-0.17732672125475724,0.025041325491100604,0.0289547533925345,0.09609041633029639,0.08596470995271595,0.0857109906585169,-0.23005420366739707,-0.10650828431937877,-0.04071810248721793,0.012901241686848884,0.02637911813324107,-0.011202091262061276,0.06696651674162919,-0.06036212662899319,-0.06526736631684157,-0.13017337485103603,-0.25677161419290356,-0.02454926382962365,-0.02218121708376581,-0.08504209433744667,-0.14179833160342906,0.23277591973244147,-0.045415753661630726,0.029623649713604736,-0.21447737669626726,0.017929496790066505,0.06632068581094068,0.21300888017529696,0.18341598431553455,-0.004728405028255103,0.047868373505554916,-0.10706185368854035,0.08265098220120709,0.16936147310959904,0.023911121362395725,-0.1960250643908815,-0.00100718871333564,-0.18289316880021528,0.04940606619767039,-0.08807903740437474,-6.919617114519663e-05,-0.1276900011532695,-0.006073886133856149,-0.004982124322454157,0.02567946795832853,-0.04397801099450275,-0.11689539845461884,-0.06128474224426248,-0.06924230192596009,-2.306539038173221e-05,-0.03220697343635874,0.2317456656287241,0.13989159266520587,0.021727597739591743,0.11661092530657748,0.05254295928958597,-0.025987006496751622,0.09121593049629032,0.16887709991158267,-0.1454272863568216,0.11838696036597086,-0.013462499519471033,0.12138546111559605,-0.015915119363395226,-0.1504247876061969,0.0022219659401068697,0.15422288855572214,-0.04520816514819513
#11,0.11111367393226464,1.0,0.08641064083342943,0.13697766501364703,-0.11767193326413716,0.0010994502748625688,0.061546150001922116,-0.10281782185830161,0.15965094375888977,0.2235805174335909,-0.062445700226809675,-0.06778918233191097,-0.11638027140276015,-0.052942759389536,-0.16703955714450466,0.25017491254372815,-0.15461500019221158,0.08437319801637642,0.03171491177488179,-0.2082343443662784,-0.128481912889709,0.25285818629146967,-0.04363203013877676,0.03595125514165994,0.06655902817821858,-0.08246645907815323,0.22089724368584937,0.20209126206127706,-0.31185945488794065,0.04663821935186253,0.0433475569907354,0.06755852842809365,0.06931918656056588,0.09486026217660401,-0.03326798139391843,0.0967362472609849,-0.17231384307846076,-0.03154576557874909,-0.19321108676431015,0.3033944566178449,-0.19244224041825242,-0.11415061699919271,0.0386883481336255,-0.09155422288855572,-0.1632568331219006,-0.07568523430592396,0.30468611847922195,0.14837196786222273,0.1710760004613078,-0.08762541806020067,0.011394302848575712,-0.01611501941337024,0.012347672317687311,-0.08119786260715796,-0.01581516933840772,-0.228854803367547,-0.01699919271133664,-0.1350478606850421,0.05448045208165148,-0.12798216276477145,0.24464690731557298,0.2951062930073425,-0.22325760196824665,0.10577788029062392,0.3196555568369661,0.3032637527390151,-0.16258793680083036,-0.20409795102448774,-0.083835005574136,0.24373198016376427,-0.08223580517433592,0.0714873332564487,-0.203874985584131,-0.3664936762388037,-0.15410756160381348,0.042278860569715145,0.015507630799984623,-0.08854034521200937,-0.09912735939722446,-0.03400607388613386,-0.137523545919348,-0.19531772575250836,-0.07806096951524238,-0.03326798139391843,-0.07007265597970246,0.05980855725983162,0.18463845000576634,0.17328258947449351,-0.20069965017491254,-0.3393380232960443,-0.21665321185561065,-0.10852266174605005,0.033829239226540575,0.12577557375158574,-0.19251143658939762,-0.1448814054511206,-0.0978203206089263,-0.04491600353669319,0.20918002537192942,0.0979587129512167,0.04264021835236228,0.00040748856341060236,0.030546265328874025,0.09419905431899435,0.04544650751547303,0.24443163033867682,0.04350132625994695,0.07720755007111829,0.11537308268942452,0.15060162226579019,0.020543574366662824
#12,0.16447161034867183,0.08641064083342943,1.0,0.121131741821397,0.1565524929842771,0.09264598469995772,0.12377657325183562,0.19617883366009303,-0.0613462499519471,0.10133394841041019,0.13193403298350825,-0.1609041633029639,0.11434282858570714,-0.0348748702571791,-0.11597278283934956,0.14077576596317226,0.24697651174412794,0.358082497212932,-0.228508822511821,0.01785261215546073,0.20875715988159765,0.2575404605389613,-0.20567408603390613,0.23339099680928765,-0.15749048552646752,0.21463883442893938,0.20432860492830507,0.048760235266981894,-0.1093914581170953,-0.010886864260177603,-0.0326990350978357,-0.14531195940491293,0.34238265482643293,-0.2398493061161727,-0.266497520470534,-0.04428554953292584,-0.0818975127820705,-0.1835389997309038,-0.3539845461884442,-0.1447122592549879,-0.18297005343482106,-0.11315111674931765,-0.2423326798139392,-0.20056894629608274,0.02774766462922385,0.0463076154230577,0.28841732979664014,0.1565140506669742,0.16401799100449774,0.3195632952754392,0.2510667743051551,0.3344789143889594,0.3239918502287318,0.5327490101103295,-0.05234305923961096,0.23765040556644754,-0.2297005343482105,-0.11258217045323492,-0.12246184600007688,-0.107523161496175,-0.13042709414523507,-0.2598777534309768,-0.11827932187752278,-0.12277707300196056,0.12947372467612348,-0.14548110560104563,-0.17442048206665897,-0.1318879022027448,-0.19250374812593704,0.12941221696843885,-0.07414754161380847,0.029954253642409563,-0.1892438396186522,0.13498635297735748,-0.08657978702956214,-0.02671741052550648,-0.2932687502402645,-0.17522008226655902,-0.013493253373313344,0.049582900857263676,0.05194325913966094,-0.14738784453926881,0.15376926921154807,0.1198016376427171,0.12878945142813208,-0.19899281128666435,-0.04820666589782032,0.024956752393034253,-0.1190866105408834,-0.12610617768039056,0.12542959289585975,-0.30171837158343906,0.23113827701533848,-0.05554146003921116,0.02724791450428632,-0.0810440933379464,-0.1930650059585592,0.30161842155845153,0.20023065390381733,0.34478914388959364,0.3344327836081959,0.2801291661861377,0.2004074885634106,0.19546380655825935,0.07966785837850306,0.3481105601045631,-0.04264790681582286,0.04264021835236228,0.01696843885749433,-0.023618959750893783,-0.22409564448544958
#13,0.48000615077076847,0.13697766501364703,0.121131741821397,1.0,0.19786260715795947,0.2867181793718525,-0.11658785991619575,0.018137085303502096,-0.16510975281589974,0.31453504017222156,-0.1467804559258832,-0.09276900011532695,-0.015061699919271134,-0.04601545381155576,-0.1274901011032945,0.3144965978549187,0.01199400299850075,0.3210625456502518,-0.11463499019720909,-0.09309960404413178,0.005674086033906124,0.14022988505747128,-0.22663283742744011,-0.32043209164648445,-0.003867297120670434,0.25168185138200133,0.21183254526582862,-0.05954714950217199,-0.15116288009841233,0.051458885941644564,0.10563948794833353,0.2460000768846346,0.20706569792027063,0.15357705762503363,0.1129281513089609,0.2584861415446123,0.16278783685080536,0.04114865644101026,-0.09569061623034636,0.09913504786068504,0.23187636950755391,0.12103948025987006,-0.06155383846538269,-0.016053511705685617,-0.26569792027063394,0.17838004074885633,0.26924999038942066,0.007888363510552415,-0.1289201553069619,-0.10822281167108753,-0.006020066889632107,-0.07999077384384731,0.017783415984315536,0.1211624956752393,-0.22239649406066198,0.05923192250028832,-0.20865720985661015,-0.01386229961942106,0.015138584553876908,-0.16110406335293892,0.2384500057663476,0.21216314919463344,-0.2680198362357283,-0.14537346711259755,0.3882904701495406,0.010179525621804483,-0.05664859877753431,-0.2509514473532464,-0.11149040864183293,-0.21219390304847577,-0.03165340406719717,0.02205820166839657,-0.2162380348287395,-0.07247914504286318,-0.1703917272133164,-0.2021450813055011,0.20961057932572175,0.06412178526121555,-0.22046668973205705,-0.00029216161150194135,0.0319148118248568,0.10784607696151924,-0.01922115865144351,-0.05199707838388498,0.0021989005497251375,0.3276900011532695,0.19603275285434205,0.23186099258063275,-0.09414523507477031,0.017191404297851074,0.05150501672240803,-0.10116480221427748,0.10236420251412755,0.13342559489486025,-0.032445315803636646,-0.10546265328874024,0.0611771037558144,-0.03622035136278015,-0.017960250643908816,0.03683542843962634,0.0008534194441240918,-0.0006381424672279245,0.004397801099450275,-0.12302310383269903,0.19712451466574404,0.09945027486256872,0.09255372313843079,0.05476492522969285,-0.11473494022219659,0.2250797678084035,0.15333102679429517
#17,0.26533656248798676,-0.11767193326413716,0.1565524929842771,0.19786260715795947,1.0,0.1428747164879099,0.35080152231576517,0.09471418137085304,-0.2526352208511129,0.17188328912466844,0.16534040671971706,0.12798216276477145,0.31120593549379155,-0.15991235151654942,0.03833467881443894,-0.11668780994118326,-0.04049513704686118,0.12325375773651635,0.01789105447276362,0.13740821896743935,-0.14886402952369968,0.014992503748125937,-0.06377580440548956,-0.04224041825241225,-0.00340598931303579,0.12367662322684811,0.1201091761811402,0.04364740706569792,0.19521777572752086,-0.04182524122554108,-0.05238150155691385,-0.05431130588551878,0.07239457194479683,-0.12341521546918849,-0.07646945757890286,0.1041479260369815,0.2754084496213432,0.09320724253257986,0.152369968861723,-0.11291277438203975,0.029654403567447047,-0.009533694691115981,-0.3791796409487564,0.08929381463114597,0.06215353861530773,0.13870756929227693,0.03040787298658363,0.12553723138430783,-0.1951255141659939,-0.24177142198131704,-0.2576404105639488,-0.05682543343712759,-0.23735055549148504,-0.05782493368700265,-0.09813554761080998,0.13207242532579863,-0.2811132895090916,-0.20100718871333564,0.020128397339791642,-0.06322992349978857,0.1470187982931611,-0.09290739245761735,0.18155537615807482,-0.15010956060431324,0.1585207396301849,-0.12813593203398302,0.32585245838619153,-0.09080844193287971,0.28425787106446776,-0.054618844423941874,0.3594049129281513,0.23937262138161688,0.15104755314650367,0.17093760811901743,-0.0010763848844808366,-0.28820974128320453,0.017991004497751123,-0.07458578403106139,0.08660285241994388,-0.11584976742398032,-0.09272286933456349,-0.014400492061661477,-0.04120247568523431,0.3544766078499212,0.28983969553684696,0.040425940875715986,-0.04629992695959712,0.2563487487025718,-0.1893514781071003,0.08675662168915542,0.18617614269788182,0.02904701495406143,-0.08198208588013685,-0.14335908968592626,0.02093568600315227,-0.03154576557874909,-0.21270134163687388,-0.10660823434436628,-0.09175412293853073,-0.07733056548648752,-0.008949371468112097,0.12868950140314458,0.008987813785414986,0.11120593549379157,0.0034444316303386766,-0.0324606927305578,0.13302579479491022,-0.09676700111482721,0.1284434705724061,0.02113558605312728,-0.0833967631568831
#18,0.10343289893514782,0.0010994502748625688,0.09264598469995772,0.2867181793718525,0.1428747164879099,1.0,0.03695844385499558,0.26448314304386267,0.08302771691077539,0.2195902048975512,-0.074993272594472,0.31564217891054475,0.5027716910775382,0.10001153269519086,0.18988967054934072,-0.19637104524660748,0.19300349825087457,0.1509629800484373,-0.25727905278130164,-0.0673048091338946,-0.0326990350978357,-0.36779302656364127,-0.09383000807288663,-0.16048898627609273,-0.017952562180448238,-0.05368085188175143,0.1591358167070311,-0.21683773497866451,0.18476915388459617,0.1667935263137662,0.4232729788951678,0.16741629185407297,0.26758928228193596,0.10672356129627494,0.28419636335678317,-0.13101141736823896,0.27575443047706916,0.02629454503517472,-0.009510629300734248,-0.16354899473340254,0.09022411870987583,-0.15867450889939647,-0.0410333294891016,0.06545188943989544,0.039926190750778454,0.054349748202821666,0.08983969553684697,0.04815284665359628,0.22685580286779686,-0.06275323876523277,0.013923807327105677,0.25032868181293966,0.09931188252027832,0.1495713681620728,0.01015646023142275,-0.03266828124399339,-0.2545342713258755,-0.32546803521316264,-0.08461922884711491,-0.1354630377119133,-0.18739860838811365,-0.24007227155652944,0.0027524699188867107,-0.11976319532541421,0.1698612232345366,0.013216468688732557,0.049475262368815595,-0.36304155614500444,-0.016245723292200052,-0.17537385153577056,0.1825471879444893,-0.08984738400030753,-0.0846884250182601,0.13683158420789604,-0.14616537884903702,-0.33219544074116786,-0.28717948717948716,-0.41525391150578556,0.10296390266405259,-0.08879406450620843,0.4056125783262215,-0.0546111559604813,-0.2909083919578672,0.299281128666436,0.2314765694076039,0.0678122477222927,-0.20914158305462655,0.0010148771767962172,-0.20751162880098412,0.09000884173297967,-0.07731518855956637,-0.09885826317610426,0.06054664975204705,-0.416883865759428,-0.11401222465690232,0.0203129204628455,-0.09256910006535193,-0.0672356129627494,0.2340906469842002,0.035812862799369544,0.3804713028101334,0.2717564294775689,0.1316726252258486,0.11265136662438012,0.17867220236035827,0.20933379464114096,0.5205397301349325,-0.00956444854495829,0.04762234267481644,-0.1212009379925422,-0.08355822088955522
#26,0.035459193480182984,0.061546150001922116,0.12377657325183562,-0.11658785991619575,0.35080152231576517,0.03695844385499558,1.0,0.12602160458232423,0.07354015300042287,0.08574943297581979,0.2492369200015377,0.26425248914004534,0.33132664437012266,-0.018198593011186714,0.16208049821243226,-0.36274939453350247,-0.03629723599738592,-0.07847614654211356,0.0995579133510168,0.024649213854611156,-0.06320685810940684,-0.19086610540883406,-0.012101641486948833,0.21775266213047323,-0.10843040018452313,-0.33874601160957984,-0.06082343443662784,-0.047161034867181796,-0.04956752393034252,-0.08205128205128205,0.016145773267212546,-0.20576634759543305,-0.05009033944566178,-0.2135470726175374,-0.17576596317226004,-0.14742628685657172,0.03974935609118518,-0.30547034175220084,0.1531465036712413,-0.23434436627839927,0.18070195671395073,-0.24057202168146696,-0.1497789566755084,0.05237381309345327,0.047514704186368356,0.1588359666320686,-0.314927151808711,-0.026755852842809364,-0.025172029369930418,0.045377311344327834,-0.20556644754545805,0.2251028331987852,-0.109014723407527,0.06401414677276747,-0.001445431130588552,0.02617152961980548,-0.024287856071964018,-0.11862530273324876,-0.24898320070733865,-0.05935493791565755,-0.07984469303809634,-0.19771652635220852,0.05523392150078807,-0.10398646830430938,-0.02978510744627686,0.05889363010802291,0.34571944796832355,0.12952754392034752,0.18195517625802482,-0.11069080844193288,0.4535578364663822,0.21413908430400186,0.23822704032599085,0.15646791988621075,0.1023488255872064,0.025279667858378502,-0.2506285318879022,-0.0026755852842809363,0.05651020643524392,-0.15792872794372045,0.11367393226463691,-0.32406873486333754,0.05371160573559374,0.04150232576019682,0.2413331795640641,-0.10610848421942874,-0.2262637911813324,0.27388613385614885,-0.06322992349978857,0.0974820282166609,-0.009141583054626532,0.02910852266174605,0.28297389766655134,-0.1715526851958636,-0.09821243224541576,-0.16545573367162572,-0.3217698842886249,-0.2190827663091531,0.12106254565025179,0.07439357244454696,0.1864913696997655,-0.037158343904970595,-0.016353361780648137,0.08666436012762849,0.16637066082343444,-0.01566908853265675,0.18470764617691154,-0.10164917541229385,0.09030869180794218,-0.2681582285780187,-0.2299081228616461
#49,0.22521816015069387,-0.10281782185830161,0.19617883366009303,0.018137085303502096,0.09471418137085304,0.26448314304386267,0.12602160458232423,1.0,0.13068081343943413,0.0738015607580825,0.2904086418329297,0.2700495905893207,0.20495905893207242,0.08490370199515627,-0.08813285664859878,-0.30677738054049897,0.3051474262868566,0.04160996424864491,-0.1449813554761081,-0.2576711644177911,-0.014008380425172029,-0.22767077999461807,0.09498327759197324,-0.12445315803636643,-0.1620958751393534,-0.041294737246761234,0.18926690500903395,-0.2197362857033022,0.10570099565601815,-0.06512897397455118,-0.01717602737092992,-0.1563064621535386,0.2587783031561143,-0.2837658094029908,-0.03359089685926268,-0.04316303386768154,-0.00026909622112020914,-0.19569446046207664,-0.04381655326183062,-0.14012993503248375,0.0883327566985738,-0.04969822780917234,-0.09070849190789221,0.029277668857878754,0.309560604313228,0.09449890439395686,0.1406911928651059,-0.06415253911505786,0.10583938799830854,-0.08015992003998001,0.024564640756544805,0.1250451697228309,0.13268750240264482,0.06144619997693461,-0.02505670241802176,0.09749740514358206,-0.14369738207819166,-0.23509014723407526,-0.10755391535001729,-0.2587936800830354,-0.014708030600084573,-0.2875485334255949,0.11301272440702725,-0.08371967862222734,0.040625840925691,-0.11451197478183985,0.17741898281628415,-0.09938107869142351,0.11305885518779071,-0.11046015453811556,0.3042940068427325,-0.05683312190058817,0.12617537385153577,0.29552147003421364,-0.009933494791066005,0.02948525737131434,-0.008403490562411102,-0.13889978087879137,-0.21563064621535386,-0.20385960865720987,0.38190904547726134,-0.16715488409641333,-0.13765424979817784,-0.062176604005689466,0.3856071964017991,0.10174912543728136,-0.19522546419098144,0.084926767385538,0.09233844616153462,0.14255948948602623,0.11679544842963134,0.10660823434436628,0.1186791219774728,-0.06436781609195402,0.04936762388036751,0.300172990427863,-0.11475031714911775,0.2899857763425979,0.24570022680967207,0.03177641948256641,0.34936377964863724,0.26738938223196096,-0.12206204590012686,0.07797639641717603,0.2670664667666167,0.15177795717525852,0.10334832583708146,-0.16817744973667012,0.1797562757082997,-0.21227078768308152,-0.0371890977588129
#50,-0.08001383923422904,0.15965094375888977,-0.0613462499519471,-0.16510975281589974,-0.2526352208511129,0.08302771691077539,0.07354015300042287,0.13068081343943413,1.0,-0.14900242186599008,0.04047207165647945,0.14640372121631492,0.12902779379541,0.11617268288932457,0.04869872755929727,-0.256417944873717,-0.006104639987698459,-0.10424787606196902,0.16897704993657017,-0.25967016491754125,0.06372198516126552,-0.37486641294737244,0.16899242686349134,-0.030669280744243264,0.0598854418944374,-0.24146388344289393,-0.004574635759043555,-0.13794641140967978,-0.08940914158305463,-0.18440779610194902,-0.14152154691884827,-0.04888325068235113,-0.09872755929727443,-0.13954561180947989,0.07533925345019797,-0.09213854611155961,0.17014569638257795,-0.21440049206166148,-0.12171606504440087,0.08421942874716488,0.1015338484603852,-0.30535501480029215,0.15231614961749895,-0.12768231268980895,0.180133010417868,-0.04592319225002883,-0.16246492138546112,-0.2543420597393611,0.19676315688309692,-0.09337638872871257,0.19749356091185177,0.004459308807134894,0.10734632683658171,-0.1081305501095606,0.20589705147426288,0.10302541037173721,0.2943835774420482,-0.1557682697112982,-0.014692653673163419,0.17941798331603429,-0.3566908853265675,-0.1122823203782724,0.07481643793487872,0.09160804213277976,-0.1527082612539884,0.12515280821127897,-0.12951985545688693,-0.24490062660977205,-0.09698227809172337,0.013477876446392189,0.03803482873947642,0.11577288278937455,0.05833237227540076,-0.006742782454926383,0.156444854495829,0.1262368815592204,-0.06874255180102257,-0.06678968208203591,-0.04553108061353939,-0.16823895744435474,0.002898550724637681,0.07000345980855725,-0.026763541306269942,0.10710798446930381,-0.0643755045554146,-0.0926844270172606,-0.2012224656902318,0.13447891438895937,0.08912466843501327,-0.010594702648675663,-0.25051320493599355,-0.030146465228924,-0.08375812093953024,-0.05694076038903625,-0.3037788797908738,0.2526582862414946,-0.1529081613039634,0.01646100026909622,0.14365893976088878,0.26439088148233575,0.05147426286856572,-0.17065313497097606,0.000361357782647138,-0.019459501018721407,-0.16486372198516128,-0.033752354591934805,-0.1558374658824434,-0.12880482835505325,-0.24959827778418484,-0.31460423634336676,0.10014992503748125
#51,0.2178987429362242,0.2235805174335909,0.10133394841041019,0.31453504017222156,0.17188328912466844,0.2195902048975512,0.08574943297581979,0.0738015607580825,-0.14900242186599008,1.0,0.0011917118363894976,-0.0022988505747126436,0.018075577595817478,0.01885980086879637,-0.20905700995656018,-0.08335063237611963,0.1330104178679891,-0.02072809748971668,-0.24330142620997194,-0.07766885787875293,-0.1507707684619229,0.0880252181601507,-0.0978895167800715,-0.10919924653058086,0.04054895629108523,-0.006250720793449429,0.2414792603698151,0.1922423403682774,-0.07564679198862108,-0.21607657709606734,0.00944912159304963,0.04074885634106024,0.14378195517625803,-0.03366778149386845,0.06159228078268558,-0.0731864836812363,-0.032760542805520314,0.06785069003959558,-0.0848960135316957,-0.03193787721523853,0.2743858839810864,3.844231730288702e-05,-0.25606427555453043,-0.02664821435436128,-0.1312036289547534,-0.04601545381155576,0.15295429208472686,0.25822473378695265,0.014492753623188406,-0.00029216161150194135,0.11698766001614577,-0.008026755852842809,0.00698881328566486,-0.10204897551224387,-0.10759235766732018,-0.16967670011148273,-0.19540998731403528,-0.2186137700380579,-0.029339176565563372,-0.1492638296236497,0.29170799215776727,0.05804021066389882,-0.08292776688578787,-0.14706492907392457,0.214154461230923,0.02249644408564948,-0.1606350670818437,-0.07761503863452889,-0.07979856225733287,-0.12599853919194248,0.06765847845308115,0.07026486756621689,-0.3061315496098105,0.04673048091338946,-0.24705339637873372,0.15350786145388845,0.014684965209702841,0.16925383462115096,0.038027140276015836,0.038596086572098565,0.23410602391112137,-0.2087802252719794,-0.36306462153538616,-0.0892784377042248,0.07866835812862799,0.12450697728059047,0.10769999615576827,0.07157190635451505,-0.219121208626456,-0.18446930380963364,0.1121131741821397,-0.1859454887940645,0.2608464998270096,0.13999154269019337,0.08571867912197748,0.04074116787759966,0.049767423980317534,-0.1267366316841579,0.0002614077576596317,-0.04321685311190559,0.04696113481720678,-0.11477338253949948,-0.20436704724560797,-0.02757082996963057,0.1990466305308884,0.05245838619151962,-0.023557452043209165,0.05880136854649598,0.22571022181217085,0.29494483527467036,0.27498558413101143
#52,0.04195594510437089,-0.062445700226809675,0.13193403298350825,-0.1467804559258832,0.16534040671971706,-0.074993272594472,0.2492369200015377,0.2904086418329297,0.04047207165647945,0.0011917118363894976,1.0,0.30882251182101256,0.01660708107484719,-0.06906546726636682,0.10291777188328913,-0.20532810517818015,0.104593856917695,0.16977665013647023,0.11315111674931765,-0.0954368969361473,0.048106715872832814,-0.22301157113750816,0.25108983969553683,0.10054972513743128,-0.028001383923422905,-0.019228847114904087,-0.08992426863491332,-0.24318609925806328,-0.0015376926921154808,-0.17327490101103293,-0.04888325068235113,-0.17850305616422557,0.11308192057817246,-0.09767423980317534,-0.1375312343828086,-0.037596586322223506,-0.0048821742974666515,-0.07889132356898473,0.06226886556721639,-0.029454503517472034,-0.03733517856456387,-0.11865605658709107,-0.23498250874562718,-0.10521662245800177,0.04335524545419598,0.27100296005843233,0.16977665013647023,0.07950640064583094,-0.05857840310613924,-0.16170376350286395,-0.0892784377042248,0.10946834275170107,-0.13570906854265175,0.023911121362395725,0.04761465421135586,0.15789028562641755,-0.1662168915542229,-0.12199284972898167,-0.37062238111713375,-0.11872525275823627,-0.18427709222311922,-0.2037058393879983,0.1927882212739784,0.08465767116441779,0.0945911659554838,-0.10541652250797678,0.18978203206089264,-0.08605697151424288,0.16986891169799714,0.1684234805674086,0.23063852689040096,0.17225233537077614,0.02306539038173221,-0.008810979125821704,0.006773536308768692,0.11415830546265329,-0.12476838503825011,-0.11924806827355552,0.217429746665129,0.13880751931726446,0.011025256602467996,-0.11778726021604582,-0.05754046053896129,0.0003844231730288702,0.27018029446815056,-0.10966824280167609,-0.3153807711528851,0.0385499557913351,-0.1186099258063276,0.042793987621573826,0.1415753661630723,-0.12133933033483259,-0.023519009725906277,-0.10576250336370277,0.0635605274285934,-0.11336639372621382,0.11647253296428708,0.10214892553723139,0.4270864567716142,-0.055387690769999616,-0.07436281859070465,0.08830200284473148,-0.05007496251874063,0.055249298427709224,0.10853035020951063,0.10287164110252565,0.018698343136124247,-0.1207550071118287,0.1255218544573867,-0.3574751085995464,-0.1029946565178949
#53,-0.12161611501941337,-0.06778918233191097,-0.1609041633029639,-0.09276900011532695,0.12798216276477145,0.31564217891054475,0.26425248914004534,0.2700495905893207,0.14640372121631492,-0.0022988505747126436,0.30882251182101256,1.0,0.414500442086649,0.07196401799100449,0.26448314304386267,-0.40872640602775534,0.22671741052550648,-0.055003267596970745,0.1619882366509053,-0.04837581209395302,0.03488255872063968,-0.47116441779110446,-0.0017991004497751124,-0.01869065467266367,0.14197516626302234,-0.2938530734632684,-0.1303502095106293,-0.30713104985968553,0.06185368854034521,-0.12338446161534618,0.061169415292353826,0.04765309652865875,-0.10606235343866528,-0.06365278899012032,0.046361434667281744,-0.1483104601545381,0.23904970591627264,-0.00048437319801637643,0.13776188828662592,-0.3021104832199285,0.10912236189597509,-0.08256640910314074,-0.11737208318917465,0.10761542305770191,0.12972744397032254,-0.0015146273017337486,-0.11290508591857917,-0.04770691577288279,0.0392649828931688,-0.2712182370353285,-0.000361357782647138,0.1566216891554223,-0.21345481105601047,-0.09204628455003268,0.10890708491907893,-0.2856648598777534,-0.0507976780840349,-0.19474109099296505,-0.2086033906123861,-0.1550532426094645,-0.03053088840195287,-0.11082920078422327,0.17815707530849959,-0.021366239956944606,-0.027409372236958444,-0.02069734363587437,0.3664167916041979,-0.16238803675085534,0.2713335639872371,-0.02807826855802868,0.3630108022911621,0.21267827624649213,0.12813593203398302,0.12067812247722293,0.09303040787298658,-0.08003690462461077,-0.12343059239610964,-0.09490639295736747,0.14298235497635797,-0.25948564179448735,0.2766462922384961,-0.21476953830776918,-0.208095952023988,0.1399838542267328,0.39030484757621187,0.1136816207280975,-0.21571521931342022,0.12363049244608465,0.06796601699150424,-0.0007611578825971629,-0.06297620420558951,0.10365586437550456,-0.13471725675623727,-0.2976511744127936,-0.16583246838119403,0.06690500903394457,-0.16738553800023065,-0.09071618037135279,0.20426709722062045,-0.229946565178949,0.10955291584976742,0.11914811824856802,-0.13447891438895937,0.0925844769922731,0.23972629070080345,-0.18297005343482106,0.2837273670856879,0.15463806558259333,0.11182101257063776,-0.333448660285242,-0.13930726944220198
#54,-0.16530196440241418,-0.11638027140276015,0.11434282858570714,-0.015061699919271134,0.31120593549379155,0.5027716910775382,0.33132664437012266,0.20495905893207242,0.12902779379541,0.018075577595817478,0.01660708107484719,0.414500442086649,1.0,0.04419328797139892,0.19647868373505556,-0.5062468765617192,0.16134240572021682,0.09170799215776727,-0.23720447468573405,-0.052273863068465765,0.10783838849805866,-0.35044016453311805,-0.18695267750740013,0.059362626379118134,-0.12416868488832507,-0.22188905547226387,0.06533656248798678,-0.24725329642870872,0.19625571829469882,-0.055333871525775576,0.24588474993272594,0.005889363010802291,0.10160304463153039,0.09374543497482028,0.2536193441740668,-0.22913158805212777,0.36184984430861494,-0.1050013454811056,0.07753815399992312,-0.2651904816822358,0.20244493138046363,-0.26868873255679854,-0.03668934763387537,0.14338984353976858,0.08653365624879868,0.14208280475147042,-0.06367585438050205,-0.06886556721639181,0.01181716833890747,-0.024587706146926538,-0.029369930419405683,0.33476338753700075,0.08782531811017569,0.17859531772575252,0.11043708914773383,-0.046038519201937494,-0.12068581094068351,-0.38719870833813863,-0.10666205358859032,0.05000576634759543,-0.18821358551493483,-0.269280744243263,0.004113327951408911,-0.1355860531272825,0.09409910429400685,0.08095952023988005,0.10704647676161919,-0.18555337715757506,-0.08985507246376812,-0.277722677122977,0.27360934917156804,-0.06095413831545766,0.2273247991388921,0.12439165032868181,0.030284857571214394,-0.18674508899396455,-0.4002383423672779,-0.1926190750778457,0.07613885365009802,-0.31658017145273515,0.19906200745780955,-0.24686118479221927,-0.08035982008995503,0.39687848383500557,0.1586591319724753,0.0776457924883712,-0.14398185522623302,0.2632606773536309,-0.10018067889132357,0.15405374235958944,-0.13172644447007265,0.0709106984969054,0.08141313958405412,-0.20443624341675315,-0.07477799561757582,-0.07493176488678738,-0.39201937492792066,-0.13553223388305846,0.2096951524237881,-0.03444431630338677,0.26608234344366277,0.1800638142467228,0.32985814784915235,0.172782839349556,0.08641064083342943,0.012186214585015185,0.40575865913197245,0.037127590051128284,-0.047699227309422214,-0.3564832968131319,-0.14643447507015722
#58,-0.07174105255064775,-0.052942759389536,-0.0348748702571791,-0.04601545381155576,-0.15991235151654942,0.10001153269519086,-0.018198593011186714,0.08490370199515627,0.11617268288932457,0.01885980086879637,-0.06906546726636682,0.07196401799100449,0.04419328797139892,1.0,-0.06655902817821858,-0.16821589205397303,0.032737477415138584,-0.23386768154384346,0.16111944027986008,-0.15043247606965748,-0.18782916234190597,-0.22591781032560643,-0.21057163725829392,-0.30270249490639295,0.15859762426479068,-0.07786875792872794,-0.02235805174335909,-0.2609156959981548,0.2835735978164764,0.13251835620651212,-0.009402990812286165,0.042363433667781496,-0.1268135163187637,0.035605274285933956,0.09090070349440664,-0.14289778187829164,0.05561834467381694,0.16949217698842886,0.01172490677738054,0.024995194710337138,-0.021074078345442664,0.024149463729673623,0.2192288471149041,0.0912236189597509,-0.009549071618037135,0.08164379348787144,-0.08487294814131396,-0.25885518779072003,0.1713527851458886,-0.07716141929035482,0.23325260446699728,-0.12150078806750471,-0.038842117402837044,-0.2157229077768808,-0.18403874985584132,0.0284780686579787,-0.018260100718871332,0.016883865759427977,0.06160765770960674,-0.01649175412293853,-0.08970899165801714,-0.10071887133356398,0.12903548225887057,0.14196747779956176,-0.10996040441317803,0.1358935916657056,0.28940145311959403,0.12923538230884557,0.1961173259524084,0.18420020758851344,0.011894052973513243,0.08626456002767847,-0.07022642524891401,0.24102564102564103,0.003029254603467497,-0.02514896397954869,0.09170799215776727,-0.20280628916311075,0.2344673816937685,-0.05890900703494407,0.13533233383308346,0.12231576519432591,-0.03991850228731788,0.07668473455579902,0.024795294660362125,-0.09266136162687887,-0.03973397916426402,-0.25258140160688886,0.0766924230192596,0.13560143005420366,-0.14904855264675354,0.16905393457117596,0.10587783031561143,-0.015346173067312497,-0.006035443816553262,0.16931534232883558,-0.17091454272863568,0.10682351132126244,-0.09871987083381387,0.11049090839195787,0.19767039557144506,0.053365624879867755,-0.0567562372659824,-0.06803521316264945,-0.14040671971706453,-0.03738899780878791,0.06389881982085881,-0.14013762349594433,0.025333487102602546,-0.129227693845385,0.2494060661976704
#101,-0.18297005343482106,-0.16703955714450466,-0.11597278283934956,-0.1274901011032945,0.03833467881443894,0.18988967054934072,0.16208049821243226,-0.08813285664859878,0.04869872755929727,-0.20905700995656018,0.10291777188328913,0.26448314304386267,0.19647868373505556,-0.06655902817821858,1.0,-0.016045823242225043,-0.05224310921462346,-0.05557990235651405,0.16131934032983508,0.204766847345558,0.14114481220927996,-0.35536846961134816,0.06771998616076577,-0.08399646330680813,0.20850344058739861,-0.1057163725829393,-0.12830507823011572,-0.3276669357628878,0.04188674893322569,-0.03858070964517741,-0.011563449044708416,0.31692615230846116,-0.12063968015992003,0.27152577557375157,-0.15230846115403837,-0.028824049513704687,0.212316918463845,0.09725137431284357,0.2563103063852689,-0.008357359781647637,-0.08958597624264791,0.003067696920770384,-0.043755045554146006,0.052958136316457155,0.13523238380809596,0.13370237957944106,-0.04252489140045362,-0.11245915503786569,-0.2942759389536001,-0.08133625494944835,-0.1010879175796717,-0.058739860838811365,-0.19682466459078155,-0.04820666589782032,0.18027909122361896,-0.036228039826240725,-0.08065967016491754,-0.16224195594510438,-0.1088840195286972,0.0987429362241956,-0.1118748318148618,-0.21071002960058433,0.16976127320954906,0.15761350094183676,-0.2223811171337408,-0.08666436012762849,0.18453081151731826,-0.07094914081420828,0.0998962057432822,0.003413677776496367,0.046692038596086574,-0.2595702148925537,0.05758659131972475,-0.02549494483527467,0.0018298543036174221,-0.33510167992926615,-0.19345711759504863,-0.16258024833736978,0.3865298120170684,0.1403529004728405,-0.01732979664014147,-0.07427055702917772,0.21799869296121172,0.13376388728712565,0.059477953331026796,-0.08634913312574483,-0.2735862837811863,-0.01036404874485834,-0.09274593472494522,-0.08316610925306578,-0.09206934994041441,-0.24383193018875177,-0.05478799062007458,-0.3635489947334025,-0.13792334601929804,-0.0050897628109022415,-0.10344827586206896,-0.2480452081651482,0.21576135009418368,-0.16610925306577481,-0.3374312843578211,-0.2858493830008073,0.21197093760811903,-0.2734017606581325,0.022611771037558143,-0.07730750009610579,0.1279975396916926,0.08461154038365433,-0.09250759235766733,-0.1295044785299658,0.04693038096336447
#102,0.1430746165378849,0.25017491254372815,0.14077576596317226,0.3144965978549187,-0.11668780994118326,-0.19637104524660748,-0.36274939453350247,-0.30677738054049897,-0.256417944873717,-0.08335063237611963,-0.20532810517818015,-0.40872640602775534,-0.5062468765617192,-0.16821589205397303,-0.016045823242225043,1.0,-0.20749625187406298,0.25183562065121284,0.18420789605197402,0.3178795217775727,-0.1123515165494176,0.5633260292930458,-0.10265636412562949,-0.04556183446738169,-0.0682197362857033,0.41390843040018455,-0.00817283665859378,0.2541729135432284,-0.17467420136085804,0.1618190904547726,-0.08511129050859186,0.069480644293238,0.09681313189559067,0.08295852073963018,-0.1727520854957137,0.16068888632606773,-0.2258255487640795,0.2720947218698343,-0.10133394841041019,0.4640141467727675,-0.33325644869872756,0.18173989928112866,-0.11883289124668435,-0.004490062660977204,-0.20065351939414908,0.00879560219890055,0.32981201706838886,0.05874754930227194,-0.21754507361703765,0.129227693845385,-0.00036904624610771536,-0.24796832353054243,-0.05854764925229693,0.1522623303732749,-0.2694037596586322,0.048137469726675125,-0.29168492676738556,0.399946180755776,0.0636604774535809,0.01868296620920309,0.21807557759581747,0.36749317648867874,-0.23210702341137124,0.057732672125475726,0.1555606811978626,-0.04385499557913351,-0.12078576096567101,-0.043370622381117135,-0.04067966016991504,0.15029408372736708,-0.36487141044862187,0.04969053934571176,-0.3983469803559759,-0.2615922807826856,-0.23764271710298696,-0.30427094145235073,0.32346134624995193,0.08021373928420406,-0.2696651674162919,0.42591012186214583,-0.2321224003382924,0.12731326644370122,0.22426479068158228,-0.09637488947833775,-0.20179141198631453,-0.08926306077730366,0.13787721523853458,-0.04264021835236228,-0.1047630031138277,-0.025064390881482337,0.10258716795448429,-0.24891400453619345,-0.11774112943528237,0.16914619613270288,0.05261984392419175,-0.19289585976242649,0.2266405258909007,0.1151731826394495,-0.12900472840502825,-0.01607657709606735,-0.32169299965401915,-0.0913543228385807,0.003990312536039672,-0.2005766347595433,-0.18020220658901318,0.07714604236343367,-0.14723407527005727,-0.10161073309499097,-0.2170145696382578,0.42839349555991235,-0.020658901318571482
#201,0.12562949294583478,-0.15461500019221158,0.24697651174412794,0.01199400299850075,-0.04049513704686118,0.19300349825087457,-0.03629723599738592,0.3051474262868566,-0.006104639987698459,0.1330104178679891,0.104593856917695,0.22671741052550648,0.16134240572021682,0.032737477415138584,-0.05224310921462346,-0.20749625187406298,1.0,0.31284357821089454,-0.25616422557951796,-0.18358513051166725,0.15264675354630378,-0.14391265905508785,0.2545112059354938,0.07480874947141813,0.005497251374312844,-0.09233844616153462,0.2757774958674509,-0.33264137162188134,0.16856187290969898,-0.019059700918771384,0.25414984815284664,-0.13210317917964096,0.22284242494137546,-0.1865221235536078,-0.10197977934109868,-0.10267174105255064,0.011801791411986314,-0.2815592203898051,-0.08764079498712182,-0.3164110252566025,0.041379310344827586,0.07236381809095452,-0.20525122054357436,-0.10171837158343905,0.17632722100488218,-0.08672586783531311,-0.004643831930188752,-0.029392995809787412,0.2347749202321916,0.1577134509668243,0.24768385038250107,0.3285126667435513,0.42387267904509285,0.3651174412793603,0.1449813554761081,0.2952446853496329,-0.08713335639872372,-0.26234575020182216,-0.13710836889247685,-0.16605543382155077,-0.16137315957405912,-0.08547264829123899,-0.13437896436397187,-0.38648368123630494,0.06834275170107254,0.01033329489101603,-0.0941836773920732,-0.29160804213277974,-0.21086379886979587,-0.08663360627378619,0.20576634759543305,0.034890247184100255,-0.13622419559451043,0.3115288509591358,-0.19022027447814555,0.14711105985468803,-0.19906200745780955,-0.14312074731864838,-0.1396071195171645,-0.19937723445969324,0.25780186829662094,-0.08690270249490639,-0.034836427939876215,-0.02846269173105755,0.15024026448314304,0.1128282012839734,0.017222158151693385,0.15587590819974628,-0.05368085188175143,-0.14881021027947564,-0.024618460000768845,0.10287164110252565,0.060400568946296085,-0.1297043785799408,0.03540537423595894,0.21070234113712374,-0.19497174489678237,0.343382155076308,0.3021335486103102,-0.08208972436858494,0.4190520124553108,0.4829585207396302,0.03195325414215969,0.32131626494445087,0.043362933917656554,0.3213239534079114,0.22118171683389073,0.1246684350132626,0.1123515165494176,-0.3761888286625918,-0.0031676469457578905
