,#10,#11,#12,#13,#17,#18,#26,#49,#50,#51,#52,#53,#54,#58,#101,#102,#201,#202,#301,#302,#401,#402,#501,#502,#601,#602,#701,#702,#801,#802,#901,#902,#1001,#1002,#1101,#1102,#1201,#1202,#1301,#1302,#1401,#1402,#1501,#1502,#1601,#1602,#1701,#1702,#1801,#1802,#1901,#1902,#2001,#2002,#2101,#2102,#2201,#2202,#2301,#2302,#2401,#2402,#2501,#2502,#2601,#2602,#2701,#2702,#2801,#2802,#2901,#2902,#3001,#3002,#3101,#3102,#3201,#3202,#3301,#3302,#3401,#3402,#3455,#3501,#3502,#3601,#3602,#3701,#3702,#3801,#3802,#3901,#3902,#4001,#4002,#4101,#4102,#4201,#4202,#4301,#4302,#4401,#4402,#4501,#4502,#4601,#4602,#4701,#4702,#4801,#4802
#10,1.0,-0.0051205166647445505,0.21151731826394496,0.29679006650520895,0.10520893399454119,-0.06840425940875716,-0.05892438396186522,0.4279783185330412,-0.19237304424710722,0.11395840541267828,0.16305693307192556,0.022696344135624495,-0.06026986506746627,0.14275170107254065,0.2008534194441241,0.20832660592780533,0.20505900895705992,0.12615230846115405,0.19821627647714604,0.04097951024487756,0.11855610656210357,0.12246953446353746,0.1466881943643563,0.08641832929689001,0.08721792949679007,0.15390766155383848,0.05739437973321032,0.10994502748625687,0.027224849113904586,-0.05431130588551878,-0.023857302118171685,-0.02937761888286626,-0.04811440433629339,-0.012055510706185369,0.026571329719755506,-0.130519355706762,-0.05418829047014954,0.08425787106446776,-0.06715103986468304,0.014669588282781686,0.030284857571214394,0.17296736247260985,-0.04008764848345058,0.14962518740629685,0.0496444085649483,-0.03455195479183485,-0.07810710029600584,-0.14707261753738515,-0.1945258140160689,-0.20658901318571485,-0.18291623419059702,-0.22322684811440432,-0.05547226386806597,-0.07896051974012994,-0.034544266328374276,0.23983392918925153,-0.12534501979779342,0.023995694460462076,-0.026163841156344906,0.0241571521931342,-0.17074539653250298,-0.1020412870487833,-0.13394841041017952,-0.2169453734671126,0.1240533579364164,0.16508668742551802,-0.09880444393188022,-0.14686502902394957,0.16280321377772652,-0.27483181486179986,-0.0028447314804136395,-0.033206473686233806,-0.11502710183369853,0.24485449582900856,-0.11785645638719101,-0.16307230999884673,-0.26272248491139044,-0.2435243916503287,-0.05787106446776612,0.17071464267866068,-0.17412063199169647,0.0438934378964364,-0.08417329796640141,0.016507131049859687,0.011363548994733403,-0.147057240610464,-0.09959635566831969,-0.14810287164110253,0.11706454465075154,-0.04597701149425287,0.08293545534924845,0.0027370929919655557,-0.0577403605889363,0.028016760850344057,0.006688963210702341,0.055003267596970745,0.09956560181447738,-0.06775842847806866,-0.08867873755429977,0.008534194441240917,-0.15762118940529735,0.024380117633490947,0.0323914965594126,0.05905508784069504,-0.13525544919847768,0.015492253873063468,-0.017837235228539576,-0.13275669857379002,-0.17466651289739746,-0.12283858070964518,-0.0869718986660516
#11,-0.0051205166647445505,1.0,-0.013339484104101795,0.04393188021373928,-0.03835005574136009,-0.17624264790681582,0.12865874754930226,0.26958828278168606,0.29832007073386385,0.050805366547495484,-0.039195786722023604,-0.06688194364356283,0.03918809825856302,0.1720293699304194,0.23907277130665436,0.22547956790835352,0.0532502979279591,-0.12541421596893862,-0.1547764579248837,-0.056771614192903545,0.15987390919924654,0.01889824318609926,0.17744973667012648,-0.0613462499519471,-0.02641756045054396,-0.024764540806519818,-0.2813900741936724,-0.07828393495559913,0.055626033137277514,-0.09922730942221197,-0.1948564179448737,-0.06376811594202898,-0.271664167916042,-0.11876369507553915,-0.03881136354899473,-0.16732403029254603,0.028800984123322954,0.049167723830392494,-0.11389689770499366,-0.1062930073424826,0.09837388997808788,0.008595702148925537,0.14309768192826663,-0.03801945181255526,-0.0845192788221274,-0.08066735862837812,-0.1389920424403183,-0.24067966016991504,-0.2511744127936032,-0.27773805404989815,-0.2686118479221927,-0.23379079690923768,-0.0722715565294276,-0.14355898973590128,0.0007380924922154307,-0.10573174950986046,-0.09718986660515896,-0.1534155998923615,-0.0957136816207281,-0.12419943874216738,-0.15275439203475186,-0.05032868181293968,0.3068542651751048,0.0353515549917349,-0.28603390612386115,0.07056471764117941,0.06547495483027717,0.16151155191634953,0.16153461730673124,0.2219121208626456,0.026186906546726636,0.09832007073386384,0.0031368930919155806,-0.02472609848921693,0.09896590166455234,0.05647176411794103,-0.28610310229500635,-0.21113289509091607,0.23204551570368662,0.010848421942874716,0.22056663975704455,-0.12791296659362628,-0.012316918463845,0.15968938607619268,0.2630838426940376,-0.0198362357282897,-0.0251105216622458,0.23193787721523854,-0.1335409218467689,0.2139468727174874,0.08359666320685812,-0.04155614500442087,-0.09594433552454541,-0.019467189482181985,0.23499788567254834,-0.06552108561104063,-0.03526698189366855,-0.34547341713758506,-0.13221850613154962,-0.06680505900895706,-0.0778149386845039,-0.24717641179410293,-0.07904509283819629,-0.3245992388421174,-0.28770230269480646,-0.35075539153500174,-0.16165763272210049,-0.03112290008841733,-0.169853534771076,-0.06279936954599623,0.1303809633644716
#12,0.21151731826394496,-0.013339484104101795,1.0,0.43828854803367545,0.002329604428554953,0.07307115672932764,-0.16312612924307077,-0.06633606273786184,-0.24894475839003574,0.14839503325260447,0.13356398723715066,-0.09288432706723561,-0.013808480375197017,-0.036497136047360934,0.06283781186329912,0.2325913966093876,0.6118556106562103,0.4520970284088725,-0.04560796524814516,0.05291969399915427,0.085672548341214,0.012632145465728674,0.19808557259831622,0.2887018029446815,0.3338945911659555,0.26204590012685963,0.14328989351478108,0.3351170568561873,0.13859224234036827,0.09059316495598355,0.10434782608695652,0.04087187175642948,0.37813400991811785,0.14988659516395647,0.15121669934263637,0.12247722292699804,0.038326990350978356,0.0002383423672778995,0.38834428939376464,0.09536001230154154,-0.00621996693960712,0.094660362126629,-0.12008611079075847,0.010164148694883328,0.07255602967746896,0.23600507438588397,-0.3457348248952447,-0.21579979241148656,-0.0638296236497136,0.009702840887248683,0.15929727443970323,0.27573136508668744,0.31356629377618883,0.24085649482950833,0.1598508438088648,0.2849575212393803,0.14581939799331103,0.18276246492138545,-0.18875177795717527,0.02877791873294122,-0.3502940837273671,-0.20164533118056358,-0.42275016337984855,-0.022258101718371583,0.3756429477568908,0.3579441048706416,-0.4162611002191212,-0.33706992657517393,-0.3493253373313343,-0.24757621189405296,0.06526736631684157,0.06307615423057703,-0.39518702187367855,-0.11376619382616385,-0.2540652750547803,0.1454272863568216,-0.20573559374159076,-0.021035636028139775,-0.15609118517664244,0.10972975050936071,0.19427209472186985,0.021097143735824397,-0.20586629762042055,-0.15982777841848306,-0.18453081151731826,-0.48375043247606964,-0.37578902856264174,-0.040587398608388114,0.14067581593818476,-0.09525237381309345,0.11148272017837235,-0.2875562218890555,-0.04793756967670011,-0.30704647676161917,-0.19337254449698227,0.5328797139891592,0.20369815092453772,0.3272517587360166,0.20607388613385616,0.18123246069273055,0.3280436704724561,0.33747741513858454,0.1468496520970284,0.2512359205012878,0.19128128243570522,0.41617652712105485,0.33121131741821397,-0.2545342713258755,-0.0801291661861377,-0.33095759812401493,-0.3471033713912275
#13,0.29679006650520895,0.04393188021373928,0.43828854803367545,1.0,0.2517587360166071,0.06481374697266751,-0.04544650751547303,0.23668934763387536,0.09497558912851267,0.47127205627955254,0.24138699880828815,0.22627916810825358,0.07404759158882097,-0.11112136239572522,0.047999077384384733,0.2109253065774805,0.25339637873371007,-0.19042017452812054,-0.06786606696651674,0.08777149886595163,0.29841233229539077,0.06581324722254257,0.15636796986122323,0.016737784953677007,0.018882866259178104,-0.03372928920155307,0.17688079037404375,0.25210471687233305,-0.04319378772152385,0.10420174528120556,-0.021719909276131166,0.11019874678045592,0.18708338138622996,-0.09279206550570869,-0.02948525737131434,-0.10274093722369584,0.15080921077922577,0.21562295775189327,-0.09025487256371814,-0.12295390766155384,0.1702225810171837,-0.22438011763349094,0.022204282474147543,0.18022527197939492,-0.20246030830738476,-0.05438819052012455,0.021604582324222504,-0.03172260023834237,0.0076423326798139395,-0.10732326144619998,0.19803175335409218,-0.03141506169991927,0.07071079844693039,-0.13741590743089993,0.030538576865413447,0.012001691461961327,-0.05585668704109484,0.04377042248106716,0.1060931072925076,0.14047591588820973,-0.050828431937877214,0.1240533579364164,-0.1650943758889786,-0.1192250028831738,0.25873986083881134,0.26392188521124055,-0.1183715834390497,-0.10553184945988545,-0.09496790066505209,0.028493445584899857,-0.17073001960558182,0.03270672356129627,-0.31247453196478686,-0.2489293814631146,-0.2611771037558144,0.053173413293353324,-0.27082612539883905,-0.055602967746895784,-0.01580748087494714,0.15010187214085266,0.009018567639257295,0.1932649060085342,-0.1749586745088994,-0.1113289509091608,-0.18393879983085382,-0.20776534809518318,0.07609272286933456,-0.09449890439395686,-0.03256833121900588,0.07442432629838927,0.23272210048821743,0.05961634567331719,-0.011571137508168992,0.05834006073886134,0.14315150117249067,0.24292469150040363,0.0398108637988698,-0.053281051781801404,-0.14369738207819166,0.15887440894937147,-0.021343174566562872,0.07187944489293814,0.01956713950716949,-0.009156959981547688,-0.09347633875370007,0.14201360858032522,-0.11486564410102641,0.07025717910275632,-0.03609733594741091,-0.040310613923807324,-0.06393726213816169
#17,0.10520893399454119,-0.03835005574136009,0.002329604428554953,0.2517587360166071,1.0,0.30941452350747706,0.028439626340675817,0.12229269980394418,0.12486064659977704,0.029323799638642217,0.10600084573098066,0.423342175066313,0.36640141467727677,-0.07497789566755084,-0.36864644600776536,-0.14268250490139545,0.053911505785568754,-0.3746895782877792,-0.007442432629838926,-0.12216968438857494,-0.23064621535386154,-0.2666589782032061,-0.023257601968246645,-0.12938146311459656,-0.15030946065428824,0.03477492023219159,0.1437204474685734,0.22660208357359782,-0.036827739976165765,0.05051320493599354,0.4215892053973013,0.1345327336331834,0.1586591319724753,0.0025602583323722753,-0.2699803944181755,-0.05664859877753431,0.004536193441740668,-0.04834505824011071,-0.02200438242417253,-0.06683581286279937,0.347603121516165,-0.3373620881866759,0.2133702379579441,0.028024449313804635,-0.290385576442548,-0.04078729865836313,0.269334563487487,0.12732864337062239,0.12845884749932726,0.025064390881482337,0.17392073194172145,-0.034428939376465614,-0.11544996732403029,-0.2091492715180871,-0.4737323645869373,-0.17754968669511398,-0.3182639449506016,-0.28751777957175256,0.33219544074116786,0.3694844885249683,0.30985276592472993,0.48987044939068924,-0.0156844654595779,-0.05754046053896129,0.06440625840925691,0.10327912966593626,0.12735939722446468,0.11356629377618883,-0.16765463422135085,-0.1317110675431515,-0.25650251797178336,0.02567177949486795,-0.23896513281820628,-0.1715603736593242,-0.31308192057817247,0.041571521931342025,-0.11724906777380541,0.06529043170722332,0.0538269326875024,0.13424826048514205,-0.11271287433206474,0.44627686156921537,-0.1742359589436051,-0.08103640487448584,0.16718563795025565,0.30348671817937184,0.49032406873486334,0.03864221735286203,-0.049936570176450236,0.21629954253642408,0.09214623457502018,0.5133740821896744,0.2346057740360589,0.42870872256179604,0.2977511244377811,0.03575135509168493,-0.22089724368584937,-0.06626686656671664,-0.1633183408295852,0.1594433552454542,-0.0484526967285588,-0.043309114673432514,0.08784069503709684,-0.2658209356860032,0.01682235805174336,0.0586937300580479,-0.04187906046976512,0.3116979971552685,0.21310883020028448,0.24461615346173068,0.14385115134740323
#18,-0.06840425940875716,-0.17624264790681582,0.07307115672932764,0.06481374697266751,0.30941452350747706,1.0,0.1725752508361204,-0.02155845154345904,0.11460423634336678,0.26033906123861145,0.05065159727828394,0.3528158997424365,0.29991927113366396,0.16095798254718793,-0.26497520470533964,-0.2435167031868681,0.06819667089532157,-0.008818667589282281,-0.14219813170337908,-0.0333448660285242,-0.19660938761388536,-0.1934263637412063,-0.09070080344443163,-0.01903663552838965,0.03695844385499558,-0.05594894860262176,0.15716757006112328,0.35442278860569715,-0.06281474647291739,0.18786760465920885,0.4867873755429977,0.11944027986006997,0.28866336062737863,0.23769653634721102,-0.23156114250567025,-0.09247683850382502,0.3163033867681544,-0.08474224426248414,0.1810479375696767,0.05003652020143774,0.1574981739899281,-0.19842386499058162,0.17375158574558874,0.024610771537308267,-0.21455426133087302,-0.17459731672625226,0.34026832737477414,0.35955868219736287,0.04900626609772037,-0.0722023603582824,0.151478107100296,-0.07508553415599892,0.053880751931726444,-0.179041248606466,-0.3885365009802791,-0.2143620497443586,-0.29480644293237995,-0.3446968823280667,0.12450697728059047,0.15065544151001423,0.22856264175604504,0.20202975435359244,0.06092338446161535,0.012701341636873871,0.03542843962634067,-0.03179948487294814,0.1252143159189636,0.05316572482989275,-0.3019259600968746,-0.016261100219121208,-0.17232922000538192,-0.03292200053819244,-0.12017068388882482,-0.05674086033906124,-0.2298696805443432,-0.050213354861031026,-0.05450351747203321,-0.02573328720255257,-0.024326298389266907,0.12768231268980895,-0.021466189981932112,0.380732710567793,-0.2336139622496444,0.12777457425133587,0.06109253065774805,0.16333371775650637,0.2860492830507823,0.007050320993349479,0.052635220851112906,0.22727866835812863,0.25650251797178336,0.1728520355207012,0.22967746895782878,0.20227578518433093,0.02332679813939184,0.09386845039018953,-0.22980048437319803,-0.05904739937723446,0.05688694114481221,0.021935186253027334,0.05411140583554377,0.019667089532156998,0.3449121593049629,-0.07120286010840733,0.14002998500749625,0.07116441779110445,-0.0862568715642179,0.4028908622611771,0.16197285972398417,0.20089186176142698,0.19005881674547342
#26,-0.05892438396186522,0.12865874754930226,-0.16312612924307077,-0.04544650751547303,0.028439626340675817,0.1725752508361204,1.0,0.11817937185253527,0.3789720524353208,0.338961288586476,0.32189289970399415,0.24248644908315073,0.04729942720947219,0.16405643332180064,-0.29811248222042824,0.07016491754122939,-0.06073886133856149,-0.20570483988774843,-0.33244916003536695,-0.27568523430592395,-0.1813247222542575,-0.18554568869411447,-0.18225502633298735,0.07790720024603083,-0.1810863798869796,0.046361434667281744,0.10880713489409141,0.17944104870641603,0.0008534194441240918,0.1843847307115673,0.15594510437089149,-0.09624418559950794,0.0021835236228039826,-0.02345750201822166,-0.2894398954368969,-0.09081613039634029,-0.12900472840502825,-0.1847922192749779,-0.07028793295659862,-0.08474993272594472,0.40590473993772347,-0.03173797716526352,0.28918617614269787,-0.07959866220735785,-0.1803021566140007,-0.1606350670818437,0.2382501057163726,0.04267866066966517,0.18160919540229886,0.014515819013570137,0.020197593510936838,0.03803482873947642,0.28375812093953023,0.03817322108176681,-0.32236189597508935,-0.20011532695190867,-0.10640833429439127,-0.25720985661015644,0.04744550801522316,0.18916695498404643,0.06139238073271057,-0.005189712835889747,0.19482566409103141,0.06875792872794372,-0.013969938107869142,-0.04008764848345058,0.42146618998193214,0.7053396378733711,-0.1866220735785953,0.29276131165186636,-0.09714373582439549,0.1081997462807058,0.05271979394917926,0.18802137392842042,-0.12097028408872487,-0.08654903317571984,0.01199400299850075,-0.009787413985315034,0.3751047553146504,0.021027947564679197,0.0035366931918656055,0.2884096413331796,-0.12156229577518933,0.08092107792257718,0.05957021489255372,0.07966785837850306,0.2756083496713182,0.13910736939222695,0.08980894168300466,0.2166070810748472,0.061269365317341326,0.2289163110752316,0.11681082535655249,0.16933071925575674,0.027793795409987315,0.18702187367854534,-0.2816976127320955,-0.04054126782762465,0.13314112174681889,0.05647176411794103,0.06342982354976358,-0.0031292046284550033,0.2669895821320109,-0.2612770537808019,-0.2941221696843886,-0.1347018798293161,-0.30092645984699956,0.1070772306154615,-0.3147349402221966,0.06286087725368085,0.20786529812017068
#49,0.4279783185330412,0.26958828278168606,-0.06633606273786184,0.23668934763387536,0.12229269980394418,-0.02155845154345904,0.11817937185253527,1.0,0.13765424979817784,0.3540691192865106,0.1398147080306001,0.15952023988005998,0.20482835505324262,0.31505016722408025,0.20111482720178372,0.007257909506785069,0.11618805981624572,-0.2948371967862223,0.21427747664629224,-0.07174105255064775,0.09529081613039635,-0.08711029100834199,0.07240994887171799,-0.1958559181947488,-0.20337523545919348,-0.35152423788105946,-0.24829892745934726,-0.2585784031061392,-0.01699919271133664,-0.060177603505939335,-0.10480144543113058,-0.009810479375696768,-0.11301272440702725,-0.28472686733556296,0.3088071348940914,-0.21526928843270673,-0.018752162380348287,-0.09385307346326836,-0.4135393841540768,-0.4226271479644793,0.04299388767154884,-0.17893361011801792,0.05194325913966094,0.23801176334909468,-0.19310344827586207,-0.4508053665474955,0.15678314688809442,0.04094875639103525,-0.212862799369546,-0.3201783723522854,-0.2724791450428632,-0.43626648214354363,-0.27246376811594203,-0.4928843270672356,-0.17977934109868143,-0.25463422135086305,-0.23662783992619074,-0.19491792565255833,0.13013493253373312,-0.0037827240226040826,0.013631645715603737,0.06133087302502595,0.19215007880675047,-0.06064659977703456,-0.146711259754738,-0.011478875946642063,0.35957405912428403,0.07113366393726214,0.3253757736516357,-0.07932187752277707,0.13598585322723253,0.09160804213277976,0.23694306692807443,0.06481374697266751,0.10962211202091263,0.11855610656210357,-0.05767885288125168,-0.05550301772190828,-0.08046745857840311,0.022342674816437934,-0.12459155037865682,0.16863875754430477,-0.1347787644639219,0.0018298543036174221,0.10797678084034906,0.0954753392534502,0.12532964287087225,0.17354399723215316,-0.23988774843347557,0.162303463652789,0.13264906008534194,0.2769076999961558,0.07166416791604198,0.21016414869488334,0.24152539115057856,-0.14910237189097758,-0.05383462115096298,-0.044054895629108526,0.05492638296236497,-0.05961634567331719,-0.2913158805212778,-0.10794602698650675,-0.20363664321685312,0.04997501249375312,-0.06675123976473302,-0.2672356129627494,-0.14897166801214778,-0.044669972705954714,-0.2633836927690001,0.038949755891285125,0.028716411025256603
#50,-0.19237304424710722,0.29832007073386385,-0.24894475839003574,0.09497558912851267,0.12486064659977704,0.11460423634336678,0.3789720524353208,0.13765424979817784,1.0,0.29249990389420677,-0.05853227232537577,0.212862799369546,0.2158228578018683,-0.09882750932226195,-0.1391996309537539,-0.04910621612270788,-0.011063698919770883,-0.4711029100834198,-0.5079152731326645,-0.46565178948987046,-0.11562680198362357,-0.21196324914465844,-0.18990504747626186,-0.07584669203859609,-0.26878099411832546,-0.1654941759889286,0.005235843616653212,-0.0004305539537923346,-0.10518586860415946,0.07548533425594894,0.03771191327413217,0.18770614692653673,-0.2676123476723177,-0.049851997078383885,-0.1342636374120632,-0.23427517010725407,0.08015223157651943,-0.06905777880290624,-0.06329911967093377,-0.07621573828470381,0.36362587936800833,0.09381463114596549,0.6751624187906047,0.08750240264483143,-0.34996347979856224,-0.07453965325029793,0.12479913889209242,-0.008065198170145697,0.2142544112559105,0.039141967477799564,0.02750932226194595,0.07946026986506746,0.21117133740821897,-0.08547264829123899,-0.10231807173336409,-0.2896167300964902,-0.09750509360704264,-0.28999346480605853,0.07985238150155691,0.0747164879098912,-0.16067350939914657,0.028185907046476763,0.22913927651558835,0.036420251412755164,-0.2603775035559143,0.12326913466343752,0.29456041210164147,0.33111136739322644,-0.07406296851574212,0.3058470764617691,0.002114327451658786,0.10148002921616114,0.1687310191058317,0.1524622304232499,-0.042632529888901705,0.26239188098258565,-0.09000884173297967,-0.07982162764771461,0.368561872909699,-0.19148118248568025,0.10937608119017414,0.18277015338484603,-0.015330796140391343,-0.0017991004497751124,0.13178026371429669,-0.02872409948871718,0.10026525198938992,0.1985007496251874,-0.05112828201283973,0.4677814938684504,0.2797216776227271,0.3126590550878407,0.10226425248914005,0.1450582401107139,0.17906431399684772,0.018852112405335793,-0.3706377580440549,-0.16997655018644525,0.03632798985122823,0.3055087840695037,0.19770114942528735,-0.09081613039634029,-0.003221466189981932,-0.4225579517933341,-0.2384500057663476,-0.29528312766693576,-0.39930803828854805,0.03956483296813132,-0.1032329988851728,-0.043424441625341176,0.11469649790489371
#51,0.11395840541267828,0.050805366547495484,0.14839503325260447,0.47127205627955254,0.029323799638642217,0.26033906123861145,0.338961288586476,0.3540691192865106,0.29249990389420677,1.0,0.04817591204397801,0.23339099680928765,0.24627686156921538,0.21461576903855764,-0.009748971668012148,0.05747895283127667,0.19589436051205167,-0.05458040210663899,-0.23377541998231655,-0.16078883635105523,-0.002967746895782878,-0.24534655749048553,-0.10040364433168031,0.04731480413639334,-0.200199900049975,-0.2228962441855995,0.11465036712413024,0.16878483835005575,-0.05593357167570061,0.1534155998923615,0.03752739015107831,0.07649252296928459,0.19035097835697537,-0.1579825471879445,-0.013547072617537384,-0.3219697843385999,-0.03397532003229155,-0.16827739976165762,-0.08797908737938723,-0.24683811940183753,0.21816783915734442,-0.08062891631107523,0.25550301772190825,0.06483681236304925,-0.2077576596317226,-0.22438011763349094,0.19417214469688232,0.0540652750547803,0.0589320724253258,-0.11839464882943143,0.048245108215123206,-0.0006381424672279245,0.1662860877253681,-0.08883250682351132,-0.19897743435974322,-0.24097951024487757,-0.09900434398185523,-0.2897858762926229,0.15717525852458386,0.10204897551224387,-0.011801791411986314,-0.09456810056510206,0.025341175566063124,0.1091531157498174,0.058732172375350784,0.04106408334294391,0.15547610809979626,0.16736247260984893,-0.27879137354399725,-0.04394725714066044,-0.1429439126590551,-0.0915619113520163,-0.1627724599238842,-0.12506823511321263,-0.22208126705877831,-0.013277976396417175,-0.0808441932879714,0.02899319570983739,0.09728981663014646,-0.1084380886479837,0.2973205704839888,0.2586860415945873,-0.17477415138584554,0.17851843309114673,-0.019328797139891593,0.009479875446891939,0.1139507169492177,0.06516741629185407,0.23219928497289816,0.28497289816630145,0.4349517548917849,0.16294929458347748,0.24826817360550493,0.20348287394764156,0.08949371468112098,0.16906162303463654,-0.15295429208472686,-0.02066658978203206,0.18503825010571637,0.0791757967170261,-0.0017683465959328027,0.24387037250605467,0.07120286010840733,0.11598047130281014,-0.06455233921500789,-0.011471187483181487,0.003275285434205974,0.08862491831007573,-0.14707261753738515,0.10301772190827663,0.23974935609118517
#52,0.16305693307192556,-0.039195786722023604,0.13356398723715066,0.24138699880828815,0.10600084573098066,0.05065159727828394,0.32189289970399415,0.1398147080306001,-0.05853227232537577,0.04817591204397801,1.0,0.24151770268711797,0.24029523699688618,0.10766155383846539,-0.14565025179717833,0.03888824818360051,-0.03278360819590205,-0.15432283858070964,-0.1497482028216661,-0.15876677046092338,0.18865182793218777,0.0022373428670280243,0.21988236650905316,0.09376081190174143,0.1740053050397878,0.21952869718986662,0.13403298350824588,0.026048514204436244,-0.0764540806519817,-0.022911621112520663,0.0761465421135586,-0.21546150001922115,-0.04599238842117403,0.06171529619805482,-0.12872025525698688,-0.012870487833006573,0.0634913312574482,0.014915619113520164,0.023380617383615885,0.20393649329181562,0.348548802521816,-0.2658209356860032,-0.01027947564679199,-0.0036827739976165765,-0.3356706262253489,0.13374851036020452,-0.08401952869718987,-0.21526928843270673,-0.05345788644139469,-0.08756391035251605,-0.09253065774804906,-0.02057432822050513,0.15344635374620383,0.08279706300695806,-0.03692769000115327,0.016507131049859687,0.2687656171914043,0.23632798985122824,-0.12448391189020874,0.08507284819128898,-0.23908045977011494,0.05365009802790912,0.12835889747433976,-0.010148771767962172,0.03129973474801061,-0.08752546803521316,0.28651059085841696,0.3519240379810095,0.0638296236497136,0.02821666090031907,-0.16253411755660632,0.034159843155345405,0.04433936877714988,0.06298389266905009,0.1712143928035982,0.2651674162918541,-0.1180332910467843,-0.019943874216737784,0.338761388536501,0.16704724560796524,-0.21491561911352017,0.18020989505247376,-0.02179679391073694,-0.034782608695652174,-0.19144274016837734,-0.15731365086687427,0.027470879944643062,0.1262368815592204,-0.1552223888055972,0.054288240495137044,-0.09518317764194825,0.2331757198323915,0.06088494214431246,-0.1858147849152347,-0.20505132049359936,0.19328797139891593,0.029116211125206626,0.06459846999577135,0.2539960788836351,-0.07648483450582401,0.12329220005381925,-0.20202975435359244,0.21169415292353824,-0.14179064313996848,-0.12931226694345135,0.044024141775266215,-0.045054395878983584,-0.020889555222388806,-0.09328412716718563,-0.37456656287240997,-0.2978818283166109
#53,0.022696344135624495,-0.06688194364356283,-0.09288432706723561,0.22627916810825358,0.423342175066313,0.3528158997424365,0.24248644908315073,0.15952023988005998,0.212862799369546,0.23339099680928765,0.24151770268711797,1.0,0.45966247645408065,0.08082881636105024,-0.31461192480682737,-0.20239111213623956,0.05477261369315342,-0.27766885787875295,-0.23151501172490677,-0.13781570753084996,-0.001430054203667397,-0.2492369200015377,-0.058032522200438245,-0.07074155230077268,-0.12236189597508938,-0.01293968400415177,-0.09634413562449544,0.06257640410563949,-0.09406835044016454,0.020389805097451273,0.37154499673240304,0.08688732556798524,0.05883212240033829,0.06609003190712336,-0.19604044131780263,-0.26421404682274247,0.12644447007265597,-0.21103294506592857,-0.20733479414139083,-0.08341982854726483,0.31107523161496176,-0.41777572752085496,0.3657709606735094,-0.2614538884403952,-0.35231614961749896,-0.19990773843847306,0.3616191904047976,0.062145850151847155,0.018844423941875216,-0.17852612155460731,-0.017714219813170336,-0.14182908545727135,-0.006565947795333102,-0.20252950447852996,-0.3726828893245685,-0.1313727751508861,-0.07702302694806443,-0.24663053088840195,0.08287394764156383,-0.04011840233729289,0.1840464383193019,0.49021643024641526,0.06550570868411948,-0.022373428670280245,-0.24578479990773844,0.047783800407488565,0.2431784107946027,0.2591704147926037,-0.07104140237573521,0.09904278629915811,-0.3481336254949448,0.02291930957598124,-0.16123476723176874,-0.05305039787798409,0.07673855380002306,0.1689001653019644,-0.11238995886672049,0.10336370276400261,0.05899358013301042,-0.08729481413139584,0.07494714181370853,0.46459846999577137,-0.24599238842117402,0.21324722254257486,0.299227309422212,0.3186868104409334,0.3669011648022143,0.21737592742090492,-0.02537961788336601,0.4521662245800177,0.1066697420520509,0.518494598854419,0.1015646023142275,0.26459846999577136,0.09696690116480221,-0.010856110406335294,-0.23948025987006497,-0.15856687041094839,0.00657363625879368,0.09066236112712875,-0.12086264560027679,0.08297389766655133,-0.02010533194940991,-0.21812170837658093,-0.06918079421827547,-0.005620266789682082,-0.10451697228308922,0.27946026986506745,0.27440126090800754,0.11113673932264637,0.09033944566178449
#54,-0.06026986506746627,0.03918809825856302,-0.013808480375197017,0.07404759158882097,0.36640141467727677,0.29991927113366396,0.04729942720947219,0.20482835505324262,0.2158228578018683,0.24627686156921538,0.24029523699688618,0.45966247645408065,1.0,0.07051858686041594,-0.2691269749740514,-0.23898050974512744,0.12420712720562796,-0.16113481720678122,-0.26373736208818666,-0.1271210548571868,0.01714527351708761,-0.1055472263868066,0.05681005651020644,-0.20929535232383809,-0.1278360819590205,-0.09273055779802407,-0.009095452273863068,-0.09742820897243686,-0.09191558067120285,-0.10511667243301426,0.2529043170722331,-0.0342982354976358,-0.05478799062007458,-0.009187713835389997,-0.06510590858416945,-0.23469034713412523,-0.021043324491600353,-0.2721254757236766,0.09676700111482721,-0.04313228001383924,0.2136393341790643,-0.35742128935532236,0.20181447737669628,-0.15986622073578596,-0.3831545765578749,-0.10266405258909007,0.24703033098835198,-0.017037635028639527,-0.003944181755276208,-0.23788105947026486,-0.14905624111021412,-0.13605504939837773,-0.0035366931918656055,-0.233075769807404,-0.25922423403682776,-0.3471956329527544,0.02883942644062584,-0.1984315534540422,0.03168415792103948,-0.01712220812670588,0.019644024141775265,0.17817245223542075,0.004082574097566601,0.15436128089801254,-0.20767308653365624,-0.1422596394110637,0.23522853957636566,0.1698612232345366,-0.11080613539384154,-0.1082996963056933,-0.16270326375273902,0.0019374927920655057,-0.006135393841540768,-0.0477376696267251,0.2299081228616461,0.35681390074193675,-0.21065621035636029,-0.06905009033944566,0.04754545804021067,-0.054672663668165915,-0.01217083765809403,0.3081766808903241,0.13859993080382885,0.22305770191827162,0.15589128512666744,0.22145850151847155,0.11496559412601391,0.2205897051474263,-0.27107215622957753,0.3012724407027256,0.20322915465344252,0.3828547264829124,0.0850651597278284,0.17841848306615923,0.056417944873716985,0.11932495290816131,-0.23789643639718602,-0.02149694383577442,0.25735593741590745,0.02739399531003729,-0.1033713912274632,0.2206204590012686,0.017360550493983776,-0.08401184023372929,-0.04912159304962903,-0.0869718986660516,0.01045631030638527,0.22590243339868527,0.2323914965594126,-0.07726905777880291,-0.13923807327105678
#58,0.14275170107254065,0.1720293699304194,-0.036497136047360934,-0.11112136239572522,-0.07497789566755084,0.16095798254718793,0.16405643332180064,0.31505016722408025,-0.09882750932226195,0.21461576903855764,0.10766155383846539,0.08082881636105024,0.07051858686041594,1.0,0.25823242225041326,-0.005758659131972476,0.0037596586322223504,-0.027855303117671933,0.09833544766078499,0.050505516472532964,-0.0198362357282897,-0.025471879444892938,-0.14832583708145927,-0.35150117249067775,-0.1261292430707723,-0.29815861300119173,-0.19888517279821627,-0.1366778149386845,-0.020705032099334948,-0.04059508707184869,0.02638680659670165,-0.13666243801176334,0.01018721408526506,-0.05247376311844078,0.022381117133740823,-0.15305424210971438,0.20094568100565102,-0.060892630607773036,-0.17067620036135778,-0.309760504363203,0.14554261330873025,0.002660208357359782,0.012163149194633453,-0.01113289509091608,0.041240918002537194,-0.46486756621689157,-0.019620958751393535,-0.0011532695190866105,-0.12839733979164264,-0.33710068042901625,-0.22356514050666973,-0.2863875754430477,-0.1773651635720601,-0.21170952985045938,-0.10618536885403453,-0.22778610694652673,-0.2888401952869719,-0.22224272479145044,0.013308730250259486,-0.05830930688501903,0.08634913312574483,0.1206166147695383,0.1855072463768116,0.09334563487487026,0.047422442624841424,-0.1770960673509399,0.07999846230730788,0.042278860569715145,0.16458693730058047,-0.0033521700688117478,0.21034867181793718,0.017991004497751123,-0.022281167108753316,-0.036935378464613845,0.12744397032253105,-0.055602967746895784,-0.11367393226463691,-0.22978510744627687,0.10656979202706339,-0.11597278283934956,0.2937454349748203,0.12755160881097913,-0.11375081689924268,0.11526544420097644,-0.02697881828316611,0.2051051397378234,0.18767539307269443,0.22703263752739014,-0.06449851997078383,0.18998962057432822,0.16418713720063047,-0.023534386652827432,-0.0351824087956022,0.09622880867258678,-0.010840733479414139,-0.05368085188175143,-0.18070195671395073,-0.19835466881943645,0.059032022450313304,-0.11468880944143313,-0.17479721677622728,-0.2187444739168877,0.15540691192865105,-0.06916541729135432,-0.10101872140852651,-0.07054165225079768,0.08237419751662631,0.23668934763387536,0.02497212931995541,0.1403529004728405,0.17600430553953791
#101,0.2008534194441241,0.23907277130665436,0.06283781186329912,0.047999077384384733,-0.36864644600776536,-0.26497520470533964,-0.29811248222042824,0.20111482720178372,-0.1391996309537539,-0.009748971668012148,-0.14565025179717833,-0.31461192480682737,-0.2691269749740514,0.25823242225041326,1.0,0.5294583477492023,-0.09272286933456349,0.2453849998077884,0.4342367277899512,0.2826509822012071,0.3325644869872756,0.24836043516703188,0.0817283665859378,-0.14684196363356783,-0.19030484757621188,-0.2629377618882866,-0.471864067966017,-0.32839733979164265,0.16030446315303887,-0.10012685964709953,-0.42284242494137547,0.08674893322569484,-0.22245031330488602,-0.13757736516357205,0.16238034828739475,0.01726060046899627,0.08064429323799639,0.3104370891477338,-0.09911967093376389,0.00278322377272902,-0.35359243455195477,0.3731595740591243,-0.16153461730673124,0.35483027716910776,0.2813208780225272,-0.1784338599930804,-0.40743474416637837,-0.22181985930111867,-0.33789259216545575,-0.3319878522277323,-0.2799677084534656,-0.1427978318533041,-0.37777265213547073,-0.03512090108791758,0.4348364279398762,0.100918771383539,-0.19784723023103834,0.09223849613654711,-0.4239264982893169,-0.4151078307000346,-0.3792027063391381,-0.4353976857724984,0.0721024103332949,-0.0024987506246876563,-0.07776880790374044,-0.05683312190058817,-0.19429516011225156,-0.3030946065428824,0.5512551416599393,-0.10834582708645678,0.5036558643755046,-0.013693153423288355,0.14442778610694654,-0.08841732979664015,0.25047476261869067,-0.17449736670126476,-0.4176604005689463,-0.3342790143389844,-0.046991888671049094,0.13438665282743245,0.06809672087033407,-0.39431053703917274,0.06829662092030908,-0.02096643985699458,-0.06545188943989544,-0.3699534847960635,-0.43480567408603393,-0.1631107523161496,-0.15539922346519047,-0.15804405489562912,0.1103448275862069,-0.4222581017183716,-0.08182062814746473,-0.4462153538615308,-0.22570253334871027,-0.052896628608772533,0.15082458770614693,-0.32236189597508935,-0.1386460615845923,-0.2104101795256218,-0.1809172336908469,-0.2395110137239073,-0.17800330603928805,0.1650943758889786,-0.024326298389266907,-0.17173720831891748,0.08073655479952331,-0.31086764310152615,-0.0859493330257948,-0.30648521892899705,-0.2529120055356937
#102,0.20832660592780533,0.22547956790835352,0.2325913966093876,0.2109253065774805,-0.14268250490139545,-0.2435167031868681,0.07016491754122939,0.007257909506785069,-0.04910621612270788,0.05747895283127667,0.03888824818360051,-0.20239111213623956,-0.23898050974512744,-0.005758659131972476,0.5294583477492023,1.0,-0.008887863760427479,0.2839349555991235,0.22807826855802868,0.30072655979702456,0.14690347134125245,0.401091761811402,0.11835620651212855,0.31341252450697726,-0.02996194210587014,0.339653250297928,-0.11344327836081959,0.08109791258217046,0.16232652904317071,0.09735132433783109,-0.13883827317110675,-0.009103140737323646,-0.07174105255064775,0.04935993541690693,-0.03165340406719717,0.22404951370468612,-0.1860838811363549,0.3628800984123323,-0.04746857340560489,0.24054126782762464,-0.1909814323607427,0.26639757044554646,-0.12284626917310576,0.2833429439126591,0.1283127666935763,0.05431130588551878,-0.3293583977242148,-0.30148771767962174,-0.3141429285357321,-0.17681928266635913,-0.08311229000884174,0.1773651635720601,-0.08491907892207742,0.3088378887479337,0.24007227155652944,0.47109522161995926,-0.13783108445777112,0.23151501172490677,-0.485818629146965,-0.2585784031061392,-0.5275746742013608,-0.4263791181332411,-0.01712220812670588,0.035874370507054165,0.15576058124783762,0.06010840733479414,-0.28351209010879175,0.0057663475954330525,0.3221235536078115,0.06400645830930689,0.25700995656018144,-0.06242263483642794,-0.24194825664091033,-0.09832007073386384,-0.10131857148348902,-0.17681928266635913,-0.5619882366509054,-0.42870103409833543,0.15470726175373853,0.37428977818782916,-0.024003382923922654,-0.171145196632453,-0.1006496751624188,-0.14407411678775997,-0.08664129473724676,-0.5716295698304694,-0.3570599315726752,-0.16848498827509323,0.07097220620459001,-0.302756314150617,0.1461038711413524,-0.42243493637796486,0.016422557951793332,-0.48317379771652635,-0.32888940145311957,0.3024872179294968,0.23547457040710415,-0.21882135855149348,-0.12648291238995887,-0.18198593011186714,-0.059385691769499864,-0.03336024295544535,-0.00577403605889363,0.03245300426709722,-0.16809287663860378,0.010210279475646792,-0.0021989005497251375,-0.366924230192596,-0.2109253065774805,-0.43091531157498175,-0.29296121170184136
#201,0.20505900895705992,0.0532502979279591,0.6118556106562103,0.25339637873371007,0.053911505785568754,0.06819667089532157,-0.06073886133856149,0.11618805981624572,-0.011063698919770883,0.19589436051205167,-0.03278360819590205,0.05477261369315342,0.12420712720562796,0.0037596586322223504,-0.09272286933456349,-0.008887863760427479,1.0,0.30481682235805174,-0.11498865951639564,-0.14901011032945066,-0.1348018298543036,-0.2085341944412409,-0.12397647330181064,0.22959289585976242,0.1530081113289509,0.15024795294660362,0.10820743474416637,0.20301387767654636,0.21719909276131166,0.10284088724868336,0.0901318571483489,-0.030154153692384576,0.2803290662361127,-0.006127705378080191,0.05640256794679583,-0.05806327605428055,-0.12945065928574173,-0.2536270326375274,0.2386114634990197,-0.03488255872063968,0.07569292276938454,0.10165686387575443,0.07919886210740784,0.03496713181870603,0.260146849652097,0.1629877369007804,-0.21071002960058433,-0.25737131434282856,0.05419597893361012,0.04160227578518433,0.1686310690808442,0.21952869718986662,0.3460423634336678,0.2192596009687464,-0.012639833929189251,0.09064698420020759,0.003482873947641564,-0.09382231960942605,-0.07009572137008419,0.06153846153846154,-0.21041786798908238,-0.02567177949486795,-0.5032022450313305,0.0363741206319917,0.24187137200630454,0.4321147118748318,-0.3054549648252797,-0.2748241263983393,-0.39021258601468495,-0.24288624918310076,0.1763195325414216,0.11452735170876101,-0.34196747779956177,-0.04237112213124207,-0.2824433936877715,0.18784453926882713,-0.08711797947180255,0.0926844270172606,-0.16187290969899665,-0.1577057625033637,0.25225079767808406,0.14961749894283627,-0.09230769230769231,-0.13393303348325838,0.24900626609772036,-0.13794641140967978,-0.20512051666474454,0.07942182754776458,0.19725521854457387,0.21214008380425173,0.3159420289855073,-0.16294929458347748,-0.05757890285626418,-0.03361396224964441,-0.06699727059547149,0.2818975127820705,-0.021058701418521508,0.3967324030292546,0.24142544112559106,0.3756352592934302,0.2796601699150425,0.5422980817283666,-0.00601237842617153,0.19546380655825935,-0.0067043401376234955,0.1822088955522239,0.10275631415061699,-0.1550148002921616,-0.00788067504709184,-0.09529081613039635,-0.08598008687963711
