,#10,#11,#12,#13,#17,#18,#26,#49,#50,#51,#52,#53,#54,#58,#101,#102,#201,#202,#301,#302,#401,#402,#501,#502,#601,#602,#701,#702,#801,#802,#901,#902,#1001,#1002,#1101,#1102,#1201,#1202,#1301,#1302,#1401,#1402,#1501,#1502,#1601,#1602,#1701,#1702,#1801,#1802,#1901,#1902,#2001,#2002,#2101,#2102,#2201,#2202,#2301,#2302,#2401,#2402,#2501,#2502,#2601,#2602,#2701,#2702,#2801,#2802,#2901,#2902,#3001,#3002,#3101,#3102,#3201,#3202,#3301,#3302,#3401,#3402,#3455,#3501,#3502,#3601,#3602,#3701,#3702,#3801,#3802,#3901,#3902,#4001,#4002,#4101,#4102,#4201,#4202,#4301,#4302,#4401,#4402,#4501,#4502,#4601,#4602,#4701,#4702,#4801,#4802
#10,1.0,0.5034592673461419,0.544444532986955,0.5628174581038976,0.20265840033787821,0.2257664018360175,0.32732271354461345,0.7394624230012192,0.2509893297420491,0.6275864816836535,0.637547514124744,0.17326937022368494,0.13195419518842288,0.16510929244794365,0.03093657611424109,0.20958649762130546,0.36565276637792954,0.36606077026671663,0.5368964610443944,0.28309572950617184,0.19693837706890643,0.30986939094263244,0.06965391388886676,-0.008585613081624685,0.10485859318346628,0.43651475428125175,-0.16724175027293228,-0.008544175186669748,0.011674330020958011,-0.0876379602993091,-0.013137406465905378,-0.3276032162181546,-0.16875742096916863,-0.3299492385786802,-0.3238690243766386,-0.13852210153878028,-0.2808357704659373,-0.0591685327000773,-0.15857326140139774,-0.11369442740001115,-0.13438149957366782,0.18985727832718405,-0.09887719242324028,-0.1737092494162835,-0.45181808764114784,-0.4005562240515105,-0.25770864378551106,-0.39656384224912145,-0.318024687422802,-0.567684816995912,-0.5566910247113293,-0.4801902955637546,-0.494024177417941,-0.1983568280885177,-0.2805696116791113,-0.05697391803265625,-0.38511263935484386,-0.32181784857636925,-0.4099339384328507,-0.5032871407055598,0.06817011849644192,0.05638581867733427,-0.17114647498983976,-0.08794874451147112,0.271338523695304,0.29075058371650103,0.13624620484663993,-0.18353321805098455,0.5742049103905522,0.3868259369347114,0.6596275370749628,0.5466678354278064,0.19913299173632748,0.12172541019531592,-0.06025388679485851,0.1819824845205556,0.11935866888731284,-0.1878379778307262,-0.0902915793416156,0.07983010463068477,0.13379977527910814,-0.12039142873080509,0.141672975320546,0.4208305110408084,0.07532771796731187,0.11248475962036514,-0.13454087609272525,-0.3878029149965336,-0.05964825602244021,-0.007685135748950107,-0.11953398305827602,-0.19969559084860028,-0.4123532739921427,-0.3304464933181394,-0.43440460916893114,0.4374981074038362,0.39234514578967083,0.01557905473786547,-0.11226003872849413,0.045683685422626685,-0.1431233016439688,0.13913410737196089,-0.19145582481333026,-0.030118974571476383,-0.2564463817545761,-0.029667939022543808,-0.06201977862601503,-0.06217278008431018,0.12001848767621066,-0.24847596203651315,-0.4705065782658241
#11,0.5034592673461419,1.0,0.35177425909840704,0.33014208416673974,0.22388257138075848,0.2022663341009969,0.6211795456175442,0.4887934400624756,0.641742304106336,0.6813728693351608,0.6044147295778913,0.09732964642319247,0.2569229175465579,0.200449441783742,0.20840711138028034,0.35626867693582703,0.3473404043382288,0.21755851110455895,0.2619273402449617,0.11795934304998845,0.17787853915482632,0.10156587429973941,0.13921698316187076,0.13555132322354949,0.08076086350198025,0.23183864721210623,-0.25209221525392667,-0.1616524157495876,-0.010600132282510819,-0.03406832471371993,0.05926097108113062,-0.07780283530827403,-0.07848974810541164,-0.2393899066850481,-0.19450947891847095,-0.21209508403126967,-0.22775382702866387,-0.1284447242387779,-0.14900748272756975,-0.08182709241447457,0.00569452302592259,0.09244953740965343,0.08630079130441712,-0.07609591278916877,-0.15963470901832033,-0.06481683653547322,-0.33309054976930247,-0.4599239774004096,-0.26188908988038795,-0.3533058674465491,-0.4857652862003841,-0.19980396688155935,-0.3984827355385731,-0.014407637322793232,-0.22875471156834465,-0.18204782889336915,-0.278379778307262,-0.2675597064284519,-0.266469571038099,-0.29801177792475836,-0.12574966730151646,-0.1130234522547793,-0.13670361545633483,-0.012577994884013738,-0.05620731697598993,0.015258707934560002,0.1441289674792213,0.1635585589175147,0.3786674529241607,0.4230394695949446,0.43106567109467764,0.4194981233414881,0.11968379698619003,-0.04121317406306529,-0.14952705017969703,0.00017053287539146858,-0.08010582600865415,-0.18024687422802,0.21589462024559922,0.17349568488074651,0.10112599510714086,0.006414904892062252,-0.022786060929643234,0.16146275769190926,0.019458279211723738,-0.05914462622221868,-0.23798261202177085,-0.16947780283530828,0.025401429607375944,0.08621791551450725,-0.041786929531672096,-0.24984978763078836,-0.32070061917777654,-0.28566966028894963,-0.4273314792531616,0.39504179649212284,0.24509239853692355,-0.0030727792874275833,-0.10134115340786842,-0.1112001848767621,-0.11022639434532111,0.14504378869861104,-0.0396767844193515,-0.02498226936225486,-0.2363537839970037,-0.09243997481850999,-0.08367107873996923,-0.1922033006877097,-0.011299795201173012,-0.20771541728757104,-0.288331248157209
#12,0.544444532986955,0.35177425909840704,1.0,0.7032664217580824,0.24129923738335632,0.45303253671636556,0.2580082716413391,0.37097275458406714,0.17407422164492506,0.557403437751516,0.46932400449441786,0.24376957342874675,0.17152100980962476,0.09352532891329121,-0.022663341009969,0.14869510475021716,0.7639538126847771,0.6675852066715011,0.22613774912542134,0.07291316370359155,-0.06827849452940098,0.036529098167966914,0.3459139844926647,0.10359154985695958,0.3243073098040466,0.3210225597462726,-0.10088852409374527,0.13410577819569844,0.2157894317430213,0.10197706571890763,0.1840798795113516,0.04525974388193387,0.23572902804229853,0.0327343432492091,-0.08778458669684196,-0.006865940440994828,-0.03633784634509798,0.026311469531193968,-0.06020926136952243,-0.061839683159480116,0.017402322115882666,0.3206671501087745,-0.09810581007100223,-0.07224537608874085,-0.35682330722214695,-0.3310967495158938,-0.12626764098845317,-0.12638876714293684,-0.22166245647028823,-0.35886970172684457,-0.2658830654479675,-0.2259162157639315,-0.24544780817442166,-0.014975017730637745,-0.2516539298265187,0.01593446437536358,-0.3888181434229295,-0.31842153495525505,-0.34098446875821786,-0.3107778371012599,-0.03394082349847397,-0.05876531010686196,-0.14436165719704516,-0.0850034664392895,0.3254787272191188,0.3059503223390098,0.09447680673206417,-0.08467674457522173,0.3884324522468105,0.2685956538023253,0.5910796962283547,0.5005904900031078,0.048815434022105524,0.11183290965742017,-0.07790324251528022,-0.023582943524930473,0.028037517232586122,-0.16191857453641356,0.15714365402545244,0.11882953884404211,0.16548860856330036,0.05498649284000988,0.028957119747547593,0.22267927866187476,0.14205388520109333,0.06812071177553411,-0.0467690395174079,-0.0268150993314155,0.14859788507359212,0.10354533066643291,0.03184502227286854,-0.10191969017204695,-0.1365171449290376,-0.2690705958291165,-0.3175816206998223,0.5278645937094087,0.4709161759198017,0.4793041621177952,0.1542605327957032,0.20042234777550225,0.23064013578879425,0.4968419542748767,0.12908860537577,0.32078190120249583,0.06376335774450351,0.29590800787320004,0.19055215995027452,-0.10317079584664791,0.09047645610372224,-0.24293922176445745,-0.26174883854361736
#13,0.5628174581038976,0.33014208416673974,0.7032664217580824,1.0,0.09484018519551514,0.3114280932990143,0.1638024049916726,0.37274024018041424,0.15157185091920408,0.5627616763222274,0.4483628047079824,0.10825809433496163,0.013786068898469188,-0.10996023555849517,0.03231199547370686,0.1253177569348708,0.5032504841061767,0.4107626963319494,0.21382750679342413,0.12304345400792101,0.01177314346277363,0.15100606427655014,0.3021428172987274,0.15659858633027596,0.2486544637378575,0.2870769549522269,-0.2045517933842807,0.2070683486201978,0.0695949445768155,0.07528787383754751,-0.06424945612762871,0.06923475364374566,0.00735841388488234,0.032839531751787006,-0.027055757875192248,-0.011754018280486736,-0.020677509582513208,0.08382089266788324,-0.05857087075361187,0.007232506434826957,0.07287331957382719,0.3185394735793576,-0.13756902995481676,-0.18276024193355592,-0.2976962124170246,-0.30381467698364,-0.2642064244674832,-0.10686195602801839,-0.21548502259162158,-0.30902310162643737,-0.32278685781223854,-0.2930535744168812,-0.3008885240937453,-0.1679286630700699,-0.23991584919793768,-0.06146355457450454,-0.38111069496131134,-0.31792428021579583,-0.30615432428340333,-0.19497485835411868,-0.10489046848727777,-0.16490369673835953,-0.05002510180175155,-0.12623576568464168,0.23120751619663876,0.2805122361322506,-0.006059495254564145,-0.21487939181920326,0.3382575365171449,0.14615783056682258,0.4640757357218561,0.36205563834280297,-0.005268987720039206,0.04203077560582999,-0.14462462845348995,-0.0898548876793982,-0.08243431695208345,-0.24935412665651968,-0.02767254500394457,0.15134713002733308,0.10767796380559252,-0.03291762624612516,-0.010880634956051925,0.19502107754464534,0.04145542637203261,0.01831873710046299,-0.19072747412123772,-0.07677007546478178,0.23949031389205427,-0.019601718078875438,0.00213086405979807,-0.11223453848544494,-0.08320888683470265,-0.23880340109491668,-0.2700921993162747,0.27959263361728914,0.3622134210966698,0.24679135223007595,0.0257664018360175,-0.0008096327168118321,-0.006901003275187467,0.19748185099889234,-0.031081608746583365,0.18722278446716445,-0.11399883655141088,0.039059997290599176,0.02627959422738248,-0.17450613201157072,-0.03678091306807768,-0.1629385842583812,-0.19489835762497112
#17,0.20265840033787821,0.22388257138075848,0.24129923738335632,0.09484018519551514,1.0,0.4907537712468822,0.20892986636278876,0.21293977958227414,0.0027221509455011995,0.1720533273832766,0.23082501255090088,0.42802795464144267,0.2702754823131908,0.021641737522810765,-0.09082070938488633,0.05278709687701711,0.2519774641602053,0.18019587374192161,0.045363338619321215,-0.04990556941245846,-0.2107945716357609,-0.053850138259130285,0.016361593446437537,0.13704308744192717,0.016089059598849303,0.19288543218927556,0.09086692857541298,0.027903640956577866,0.20016415781462918,0.2894309461387054,0.10454621520611368,0.17702268724748782,0.20904939875208187,0.057184295037812076,0.09208934647658361,0.2731394783606531,0.10278988596610061,0.21855302058347745,-0.01525073910860713,-0.0981647793830535,-0.00021993959629927723,0.28872809568966207,-0.21912518228689368,0.05874140362900334,-0.14570679501789002,-0.02271593526125796,0.14362374391380917,-0.11490728271003833,-0.050645076460885015,-0.13859382097235615,-0.06507183896596515,-0.0955175354015093,-0.05891990533034768,-0.061750432308807945,-0.09759421144482783,-0.06816374343567962,-0.30141287284144425,-0.2392034361577509,-0.15533313676895982,-0.15268589278741562,-0.13058355712452885,-0.10823418785710301,0.2288136808803959,0.11542206886659388,0.036498816629345995,0.1268892094127772,0.1092334786315932,0.11526906740829873,0.016603845755404856,0.026352907426148906,0.04703041700866211,-0.0008000701256683853,-0.1281195961399007,0.013621911083840019,-0.04352732111977942,-0.12951095315127223,-0.07000772976117428,-0.246150658623465,0.15161488257934957,0.25547737251870684,0.22950059367753348,0.21310074986652217,-0.11447537234339265,0.23072619910908526,0.29566256803385155,-0.01728278972658958,-0.022985281578465046,0.12650829953222992,0.19005809274119645,0.17646646319597734,0.28654304361338445,0.09357792316458016,0.021118982540302336,-0.09077449019435967,-0.1525998294671246,0.007709042226808724,0.18378343918590473,0.1428985807520978,0.1654870147981098,0.006182215174238379,0.006536031046545912,0.25443505008407113,0.19325837324387,0.14958283196136712,0.01026225406210903,0.08120233645976938,0.10986939094263243,-0.049832256213692035,-0.17692068627529106,-0.2132234697861964,-0.16805616428531583
#18,0.2257664018360175,0.2022663341009969,0.45303253671636556,0.3114280932990143,0.4907537712468822,1.0,0.2000191251822869,0.09280813457753269,0.09552550422746217,0.26341113563738655,0.22474798587924041,0.48657970021276764,0.2969710492553132,0.14800978571827011,-0.10014901704531871,0.01671222178836392,0.35325646072564126,0.44350022711153964,0.09513343799058084,-0.01884946090892429,-0.29066930169178173,-0.03299253321008216,0.00792101299715513,0.09456765134792691,0.007049223437910893,0.14507407023723196,0.10754727505996542,0.22092454318705226,0.26441042641187673,0.3841404425885934,0.22627162540142962,0.2279450788515328,0.26696363824717706,0.14482544286750232,0.10590091561810198,0.3426403907912247,0.16450047414514418,0.315103315828479,0.009954657380328157,0.0002502211349201922,0.028796149463299572,0.428644741770195,-0.1386225087457865,0.0952545641450645,-0.2273888548000223,-0.12579269896166198,0.07944441345456574,-0.008654144984819387,-0.03355991361792667,-0.12696411637673422,0.004929515734446844,-0.13081305931197157,-0.14978683390576067,-0.14200129094980438,-0.18891536309955453,-0.1435854935492354,-0.42146164205627584,-0.39897520898246064,-0.20592083768298416,-0.18814876204288822,-0.13963136211142013,-0.15926654925929762,0.22999147335623044,0.19262405469802135,0.3462709878953534,0.26503836989696306,0.13756424865924502,0.06109061351991011,0.0818812804309541,-0.040684044019794564,0.2442716094637777,0.09919913299173633,-0.06758998796707281,0.2066125317756935,0.00312856106909769,-0.13736184048004207,-0.039519001665484624,-0.2755125947294185,0.17208679645227867,0.3351544756910964,0.1728039907880372,0.3204663356947621,-0.11121771629385843,0.17601064635147304,0.3033524850783734,-0.025519368231478455,-0.03999872498784754,0.18328777821163608,0.27127636685287154,0.17600586505590132,0.3260333575054387,-0.08509590482034282,-0.08894325399038959,-0.14530516618986525,-0.25493867988429264,0.04196861876339759,0.1355624795798835,0.21840798795113517,0.08852568751045908,0.15705599693997083,0.17022846624006885,0.515755165791424,0.27402561180661256,0.20216273936360957,0.02789726589581557,0.21175879957605845,0.10972435831029015,-0.2120249583628844,-0.1719863892452725,-0.28395795647427263,-0.281772904397995
#26,0.32732271354461345,0.6211795456175442,0.2580082716413391,0.1638024049916726,0.20892986636278876,0.2000191251822869,1.0,0.2225948091067743,0.4353130553275586,0.5369697742431607,0.5877232267370048,0.2865573875000996,0.4033102503008232,0.5047374670289826,0.37063009506809363,0.34860744766473556,0.2791224728860697,0.09767230593916598,0.26239909474137174,0.02877064922025038,0.281226242937628,0.011645642247527671,0.042515280223764634,-0.15781781670106543,0.050444262046872634,0.022714341496067384,-0.25555706077823553,-0.34146578584577136,0.025294647339607457,-0.07127158555729984,-0.02120185833021221,-0.14265792220832105,-0.17640430635354493,-0.2837300480520205,-0.19206783064651084,-0.03119635984030473,-0.2083911737283746,-0.06818764991353823,-0.22293268732717608,-0.19408713114296872,0.044458079991074914,0.057047231231422676,0.17095522316697082,0.076218632708843,-0.28478830813856193,-0.13286104758185976,-0.29003817067631427,-0.48231637832798097,-0.3395213923132705,-0.44205786961406973,-0.4149351736008734,-0.3293149200328316,-0.3917841404425886,-0.16254173672592817,-0.29194272007905075,-0.28001976268836315,-0.33063137008024607,-0.3875495063312322,-0.2562949740614715,-0.3514873813641036,0.08051223613225064,-0.06793583501342747,-0.028953932217166446,0.13425559212361243,-0.0963223868227494,-0.03910940401150698,0.38263592824869114,0.3687956713337424,0.47484161958418664,0.4533783837627202,0.4365545984110161,0.5032409215150332,0.2924431623488911,0.07841962243702635,0.1149343767182781,0.08965088573500467,0.14559363768935923,-0.17665293372327456,0.46077026671660465,0.11363227055757875,-0.00884380304249775,0.18031221860083355,0.045447808174421664,0.20115229223278536,0.24042426029373093,0.09549681645403182,-0.0485923068954251,0.0860649140562121,0.05142124010869479,0.2082047032010774,0.08578600514786157,-0.10338117285180375,-0.29065495780506656,-0.16694052865191372,-0.37099825482711635,0.30535744168811607,0.10143677931930288,-0.0505526380798317,-0.3150794093506204,-0.11396855501278996,-0.16282861446023159,0.05444461267521456,-0.15089131318282878,-0.18549833053096287,-0.3378096884985935,-0.21237877423519194,-0.19729538047159512,-0.19888595813178844,-0.0915841229111715,-0.07210353098677971,-0.24011666361195005
#49,0.7394624230012192,0.4887934400624756,0.37097275458406714,0.37274024018041424,0.21293977958227414,0.09280813457753269,0.2225948091067743,1.0,0.2616898692315661,0.5091075711815378,0.5828606491405621,0.14806875503032138,0.13396074556335616,0.10982795304767748,-0.02294703121389126,0.19566814621201858,0.2442333590992039,0.2600482910852744,0.392617679637259,0.29084461586274496,0.17187163815155113,0.29063902015316084,0.007334507407023723,-0.04717226211062324,0.07364310816087466,0.3853692355505263,-0.06742901768282479,0.050676951764696505,-0.14247782674178613,-0.13687255456653571,-0.07763867749364486,-0.34612914279339224,-0.1911530094271211,-0.3959231486425105,-0.28895919164229533,-0.15086103164420786,-0.28513096765453544,-0.017472447784267944,-0.14512028942775862,-0.015255520404178852,-0.25720342022009895,0.1778737578592546,-0.042893002573930784,0.004315916136075672,-0.31122249758943016,-0.23537361840480042,-0.1736407175130888,-0.32271354461347207,-0.2689701886221103,-0.3869566256803385,-0.40827482886946265,-0.28670401389763245,-0.42997234817394353,-0.01965112479978325,-0.16546629585063233,0.04918040625074708,-0.25108814318386474,-0.10503390735442947,-0.439206623688132,-0.45290184797073846,0.04295834694674434,0.049425846090095545,-0.14478081744216625,-0.11767884037644734,0.17245176868092024,0.19747388217293946,0.08744352094605902,-0.18528635976061647,0.39747388217293944,0.2453824638016081,0.4917642183777064,0.36492760321621814,0.1950417964921228,0.12334308186374901,-0.1618835117022209,0.1355561045191212,0.07340723091266964,-0.1254356955589733,-0.17828813680880395,0.048295866569978245,0.11778562264421583,-0.07714142275418563,0.0703440142163855,0.36450366167552534,0.10435974467881647,-0.013943851652336062,-0.23526524237184135,-0.35860194917482807,-0.19056969136737084,0.031881678872251754,-0.10284407398258015,-0.3012885591565795,-0.3760425216552845,-0.37821482361003755,-0.389834965614516,0.2963191992923683,0.297436428690961,-0.008354517128991386,-0.12281235805528772,-0.036387253066005786,-0.10783096526388768,0.06032082493286264,-0.1753508275625752,0.0015889838950027492,-0.2106575078293715,0.030848919028759494,-0.07714142275418563,-0.06490768115133598,0.12366183490186392,-0.2667707926591175,-0.3988477077672147
#50,0.2509893297420491,0.641742304106336,0.17407422164492506,0.15157185091920408,0.0027221509455011995,0.09552550422746217,0.4353130553275586,0.2616898692315661,1.0,0.5030305445098774,0.40359234673955485,0.08247256731665724,0.10671692339567611,0.33255663843046,0.130298273155416,0.15586067304704,0.24447561140817123,0.16536907617400728,0.03937237526795177,-0.13051980651690587,0.19761253974451945,-0.07636685287156643,0.18251002079863574,0.04651084955653484,0.164624787830009,0.022188398983177808,-0.20900477332674577,-0.2051622054522707,-0.17644255671811873,-0.18506801392950775,0.017832638717337774,-0.057243264349863335,-0.0010933229207340882,-0.12315342380607065,-0.15503988397389412,-0.28071145678107245,-0.18817904358150914,-0.24415845213524692,-0.04448836152969583,-0.07188199762528986,0.11207197443600635,-0.2073536325893106,0.1588250763015085,-0.051752743268334275,-0.08496680983990629,0.04664472583254309,-0.25055582561021283,-0.3663237415231614,-0.1744774442381404,-0.29069480193483094,-0.4160316840519886,-0.24117014240291978,-0.30873144259656227,-0.11798962458860936,-0.16864745117101898,-0.2906852393436875,-0.07542812517431807,-0.14383093338858385,-0.10099052506594204,-0.11140896811672736,-0.024975894301492562,-0.017287571022161306,-0.18669843571946546,-0.008773677374112472,-0.1808891615998215,0.0665986660185355,0.17608555331543005,0.11366095833100909,0.22414554263720327,0.275158778857111,0.29678936002358774,0.34248898309812015,0.0805775805050642,-0.05656432037867861,-0.1435297117675653,0.011435265242371841,-0.018425519368231478,-0.0806955191291667,0.10578616452438062,0.0343073894923061,0.07870650017132975,-0.14426921881599183,-0.10869637976236961,0.05597622102335663,0.034965614516013356,0.014697702587477787,-0.10678226776848967,-0.032292870291419966,-0.042049900788116885,0.016084278303277577,-0.06291866219349904,-0.11581254133828463,-0.19637737172182423,-0.14541354222282432,-0.2267146921244093,0.38867789208615894,0.10413821131732662,0.11748918231876898,-0.10410155471794341,-0.03889105818039828,-0.0864952306576672,0.12917944999163272,-0.004445011116512204,0.05335766481524277,-0.14932623576568463,-0.07556837651108862,-0.01834423734351218,-0.0031205922431448174,0.020251974276629826,-0.0705496099259696,-0.13688052339248857
#51,0.6275864816836535,0.6813728693351608,0.557403437751516,0.5627616763222274,0.1720533273832766,0.26341113563738655,0.5369697742431607,0.5091075711815378,0.5030305445098774,1.0,0.7338109316354422,0.3018176891998502,0.2757548470383858,0.29854250173321967,0.23731960570249186,0.2314338308537003,0.5694491150618779,0.2877112734980755,0.38130035301898973,0.13148084692682227,0.2131039373969033,0.020664759460988613,0.19777669755914862,-0.009712405071360836,0.1790467690395174,0.1515447569109643,-0.22643578321605878,-0.14762568830734168,0.13139318984134069,-0.05566703057638518,-0.009648654463737857,-0.1727657404234634,-0.03494808309891704,-0.31329598610236753,-0.23824558327821563,-0.05595868960626031,-0.2227446230346883,-0.11289435727434277,-0.27160468248212993,-0.12290639020153162,-0.0744527408776865,0.17996796531966947,-0.034232482528349095,-0.16828726023794915,-0.29035532994923857,-0.3334682721194686,-0.2975958052100184,-0.4585884021707082,-0.3250229103746145,-0.44080995146984997,-0.44807752073886953,-0.33937954721130936,-0.4196240307915435,-0.15649021029731688,-0.37850648263991266,-0.20140888842846782,-0.3482616006183809,-0.3450900078891377,-0.38540589214990956,-0.3865326841396457,-0.10137302871167991,-0.08784993106965551,-0.10726199109085259,-0.024406920128457476,0.029484656025627744,0.15719146698116968,0.12792834431703176,0.03145773733155894,0.4985966897496992,0.4448150833937636,0.5804524699376041,0.5200184876762106,0.17117994405884182,0.08171871638151551,-0.08006916940927093,0.06308760130369992,-0.06746886181258915,-0.19224314481747404,0.10555825610212848,0.11229032026711505,0.15804253759293643,0.01727482090063671,0.08878387747133215,0.3602722150945501,0.09342810923666617,-0.018670959207579947,-0.2509765796205245,-0.1523384519758704,0.08405676991608826,0.11248954091593685,-0.017725856449569286,-0.17350046617631823,-0.2958060069010033,-0.34576098303436953,-0.40797520101363466,0.532470575110169,0.319908517878061,0.176512682386504,-0.14370024464295675,-0.04935572042171027,-0.16848807465196153,0.20025659619568248,-0.14466447258325432,-0.002782714022743029,-0.22937627999266869,-0.04299500354612755,-0.1245862187123971,-0.15344611878331965,0.07592219238339615,-0.29682920415335207,-0.35537616842910535
#52,0.637547514124744,0.6044147295778913,0.46932400449441786,0.4483628047079824,0.23082501255090088,0.22474798587924041,0.5877232267370048,0.5828606491405621,0.40359234673955485,0.7338109316354422,1.0,0.2923953493931739,0.3113563738654384,0.26160221214608453,0.23675222529464734,0.22111579500992118,0.40995306361513756,0.233139159607615,0.3645323494489557,0.24875965224043542,0.29239694315836445,0.16362390329032825,0.1741459410785009,-0.12468184462383157,0.21064794523822805,0.19936090015857963,-0.2425790308313876,-0.1293005761461164,0.0968037039103029,-0.08935444540955781,0.017187163815155112,-0.34897241989337713,-0.1535114631561332,-0.3836256564320379,-0.22324187777414753,-0.09715751978261043,-0.176962124170246,-0.11747324466686324,-0.25548693510985027,-0.17472607160787001,-0.0937436747443999,0.18899186382870212,0.02949740614715234,-0.10347042370247592,-0.26507343273115574,-0.25445895656192974,-0.2734805441114361,-0.4014312011411359,-0.31922798014168574,-0.4448182709241447,-0.5055231932679358,-0.32574488600594476,-0.4055510841587709,-0.0692825665994629,-0.276379602993091,-0.12702946074954777,-0.33613942257887147,-0.28831052920973155,-0.38338181035788,-0.4040704762967272,-0.003479189411024074,-0.0027795264923618805,-0.0917466869606101,-0.14959239455251058,-0.015018049390783255,0.016589501868689686,0.16557148435321023,0.007323351050689702,0.5079775916614205,0.2945517136960212,0.5073225541680945,0.5162301078182151,0.17951852353592745,0.049719098885161246,-0.06290272454159329,0.02593055965064667,-0.018446238315708945,-0.15906573484528524,0.17363115492194536,0.005868243431695209,0.19282327534684315,0.018379300177704817,0.08625935340946218,0.46777645849437005,0.16509654232641904,-0.03193586688873128,-0.23645737873439107,-0.1337264620803417,0.022446588944050872,0.1465068651435584,0.02605487333551148,-0.1341009969001267,-0.2786937500498052,-0.36626317844591955,-0.4002087832399653,0.49560838001737206,0.22688681876499137,0.02634653236538661,-0.11107746495708787,-0.11407852481093961,-0.160280183920503,0.17143175895895257,-0.2122688044370423,0.012152459578130353,-0.3309756233614102,-0.12196128744352094,-0.26840599574464696,-0.16568464168174102,0.08549593988317701,-0.2745977735100288,-0.3451011642454717
#53,0.17326937022368494,0.09732964642319247,0.24376957342874675,0.10825809433496163,0.42802795464144267,0.48657970021276764,0.2865573875000996,0.14806875503032138,0.08247256731665724,0.3018176891998502,0.2923953493931739,1.0,0.46989138490226234,0.35397046753101863,0.07156483835236555,0.036468535090725084,0.2847102136442238,0.0928639163592028,0.14598092263066884,-0.13130075146028736,-0.033070627704420305,-0.09606738439225748,0.019032743905840352,-0.05944106654766553,0.09360979846839165,0.012732590107499463,-0.031940648184303005,-0.07800205595709585,0.27461211739674396,0.31868131868131866,0.17952489859668974,0.06767126999179211,0.11585079170285842,-0.049333407709042223,0.20811385858521464,0.47304544621440925,0.15219660687390926,0.19357872004717544,-0.0841045828718055,-0.1682904477683303,0.16538501382591303,0.33648686339041667,0.1123365394576417,0.08649363689247663,-0.28381451760712095,-0.2157766816214967,0.025425336085234562,-0.18891536309955453,-0.1838296583764314,-0.25650375730143676,-0.12845269306473078,-0.21696563045366526,-0.19821020169098486,-0.25053351289754483,-0.1583373841531927,-0.17164054219891783,-0.3405557459219533,-0.41460685797161506,-0.3233191753858904,-0.3248906278637968,-0.04265712532572576,-0.07599231805178143,0.31843906637235136,0.14409549841021924,0.14187538349974899,0.06804261728119596,0.17535242132776577,0.1699750575747675,0.13170556781869328,0.08249009873375356,0.15249145343416554,0.08600913227454199,0.11887575803456876,0.13441496864266989,0.2948943732119947,0.09292288567125405,0.012625807839730973,-0.21974037565045543,0.26794858513495207,0.14860585389954498,0.22676091131493598,0.4629808190359314,0.1555674202519743,0.585426611097387,0.7390862944162436,0.053327383276621856,-0.0947493405796524,0.23869183753157647,0.3527878937596124,0.6045932312792356,0.46266844105857885,0.12779765557140466,-0.10838559555020759,-0.16033437193698252,-0.28940703966084674,0.001021603487158237,0.05270900238267896,0.11854744240531043,-0.16965471077146205,0.13577604411542046,-0.009831937460653922,0.2532110384177099,0.035638183426435786,0.035219023181314695,-0.0947429655188901,0.023927196806094557,-0.08536046984197818,-0.07656766728557882,-0.1537186526309079,-0.22943206177433878,-0.36155678983815315
#54,0.13195419518842288,0.2569229175465579,0.17152100980962476,0.013786068898469188,0.2702754823131908,0.2969710492553132,0.4033102503008232,0.13396074556335616,0.10671692339567611,0.2757548470383858,0.3113563738654384,0.46989138490226234,1.0,0.5688211715767916,0.25159177298408625,0.1754496410043908,0.17390847006510532,0.015543991903672831,0.3125214162197483,0.0818318737100463,0.04636900445457371,-0.12093012136521926,-0.24354007124130403,-0.2560606905784571,-0.13340292774665508,-0.04799942624453139,0.08257934958442573,-0.1593239248061583,0.2783431217078788,0.19768585294328586,0.11641020328475006,-0.15526938616133684,-0.1810581007100224,-0.20527695654599207,-0.09810740383619282,0.2833300129891863,-0.10715839635346525,-0.013440221852114529,-0.2244117014240292,-0.2803480783176215,-0.014147853596729593,0.28031301548342885,0.27374351536788083,0.27949700770585467,-0.17861804620325286,-0.07775183482217565,0.05473308417470854,-0.14301811314139087,-0.19536533082580942,-0.23210639976412276,-0.0865765126823865,-0.05552518547442405,-0.20289587135127382,-0.13821769238738058,-0.2014614826797568,-0.28251719274199333,-0.21192136362549704,-0.3623600474942027,-0.27143255584154785,-0.29077608395955024,-0.10721577190032593,-0.2401517264461427,0.21728916478735188,0.10243766385898366,0.19603789973623187,-0.20066619384966014,0.2785056857573174,0.33174541194845764,0.25925778355074947,0.20634159169329583,0.24478161432476153,0.15436890882866228,0.2798763238212114,0.10443305787758289,0.2505446692538788,0.0525878762281953,0.016460406888253152,-0.2472264501271028,0.5005315206910566,0.05419917283586609,-0.11938735666074317,0.5823410816884348,0.5288654782490896,0.40956259114344684,0.34368590075624156,-0.06370438843245224,-0.12312951732821203,0.15596426778442732,0.2073855078931221,0.5709663795233049,0.40186629903816273,0.00575827363354557,-0.1336834304201962,-0.20776641777366942,-0.3137820844854928,-0.08153065208902772,-0.020938887073767423,-0.22924080995146984,-0.2698897911370718,-0.1730223366191459,-0.15064427957828974,0.09178174979480273,-0.14426921881599183,-0.22335184757229717,-0.2189307429336436,-0.1667843396632374,-0.28669923260206076,-0.2951159065734845,-0.10445377682506037,-0.17485676035349712,-0.23773557841723178
#58,0.16510929244794365,0.200449441783742,0.09352532891329121,-0.10996023555849517,0.021641737522810765,0.14800978571827011,0.5047374670289826,0.10982795304767748,0.33255663843046,0.29854250173321967,0.26160221214608453,0.35397046753101863,0.5688211715767916,1.0,0.30135230976420246,0.16994636980133718,0.13141231502362757,0.05133836431878491,0.4015602961215724,0.05827921172373674,0.09675110965901394,-0.2331710349114265,-0.13141550255400872,-0.36622652184653637,-0.17021571611854425,-0.2081473276542167,0.018054172078827625,-0.287293707018145,0.1371721824223637,-0.054138609758624265,0.005928806508937038,-0.29858712715855573,-0.1816685127780124,-0.3300576146116393,-0.22146961088222872,0.16804978922455355,-0.2621106232418778,-0.16167950975782738,-0.3077480894739778,-0.283001697359928,-0.05107858059272127,0.029510156268676938,0.1858346149861741,0.198576767684817,-0.24980197467507112,-0.15872945039007402,-0.06103961303381173,-0.28664982588115295,-0.21115795009921187,-0.38977599630246473,-0.18868745467730239,-0.2873255823219565,-0.3705934384687104,-0.38693431296767045,-0.4177497629274279,-0.4912717449338189,-0.20309987329566734,-0.40446413629879907,-0.2693877551020408,-0.30175553235741776,0.19529998645299587,0.06149383611312546,0.13426674847994646,0.2643928949947804,0.1115444381579262,-0.0756130019364247,0.46207556040768516,0.35002271115396566,0.4382455832782156,0.4452772752990302,0.474196144682004,0.3889679573508435,0.46314975814613235,0.2487038704587653,0.33490744208655737,0.28943253990389595,0.21086150977376503,-0.17102853636573723,0.3672800006375061,0.05365251137549905,-0.12828375395452987,0.29846600100407206,0.33863685263250165,0.2715999011865582,0.3229382655053431,0.16554757787535163,0.055327558590792816,0.12838734869191723,-0.05017332196447497,0.3335208663707576,0.21298440500761023,-0.011914988564734757,-0.30761261943277896,-0.0800707631744615,-0.2631449768505606,0.19335240539011386,0.043737698124935255,-0.17072093968395635,-0.42799448557244063,-0.02647562734582314,-0.10901991409605623,0.028533178206854783,-0.1940998812644933,-0.29665707751277004,-0.22176126991210385,-0.14750296838766744,-0.22617121819442343,-0.08357864035891592,0.016315374255910876,-0.021342109666982762,-0.30010279785479205
#101,0.03093657611424109,0.20840711138028034,-0.022663341009969,0.03231199547370686,-0.09082070938488633,-0.10014901704531871,0.37063009506809363,-0.02294703121389126,0.130298273155416,0.23731960570249186,0.23675222529464734,0.07156483835236555,0.25159177298408625,0.30135230976420246,1.0,0.6180653284351616,-0.05510921275968412,-0.05856927698842129,0.5615902589071552,0.24032863438229646,0.5039182717210273,0.08567284781933078,0.08276741387691351,-0.2135549729458359,0.11521169186143805,-0.02691710030361227,-0.24663516324139964,-0.3817928264628772,0.05397604570918567,-0.10537019180964069,-0.07200631131015467,-0.2095833100909243,-0.3438404959797273,-0.3815489803887193,-0.16672377658599558,-0.07567675254404768,-0.15433862729004136,-0.2032401246324379,-0.34014296073759454,-0.2219397716134482,0.011761987106439609,-0.05774848791527544,0.2325526540174836,0.06062045278869064,-0.30070683486201977,-0.08892094127772156,-0.34276629824128013,-0.366711026464471,-0.35394177975758834,-0.36242857939739737,-0.39866442477029856,-0.25355369793368343,-0.36528779414928797,-0.14474575460797362,-0.1367609910031955,-0.1895735881232618,-0.30949485612284744,-0.2988851612491932,-0.516399046928416,-0.39917124210090127,-0.19409828749930272,-0.3468574934854848,0.25699782451051484,0.24959319143510586,-0.2521655284526931,-0.37049940632246653,0.3160962315422069,0.4340507932966236,0.5261465148339695,0.45937572217485195,0.18963415120050364,0.2589740933468272,0.5337503685582003,-0.020320506179824525,0.22480854895648225,0.026837412044083544,-0.03581509136258955,-0.2999880467610707,0.47829690251735213,0.1746591334698659,-0.07287650710420834,0.1606993441656241,0.12629792252707409,0.1395389237303668,-0.021872833475444064,-0.1704005928806509,-0.3418992899776076,0.03213827506793424,-0.004250571763262118,0.09198097044362454,-0.017252508187968668,-0.394970077058547,-0.29956569898556845,-0.4486464949119046,-0.5162332953485963,0.026378407669198096,0.016780753691558622,-0.36723378144697943,-0.3577715975105388,-0.32651786212337336,-0.37385746957900695,-0.19236108344157654,-0.25749029795440237,-0.2921005028329176,-0.25137342715297756,-0.43913649801974675,-0.3705854696427575,-0.5098693909426324,-0.15968252197403757,-0.21171576791591296,-0.3611774737227964
#102,0.20958649762130546,0.35626867693582703,0.14869510475021716,0.1253177569348708,0.05278709687701711,0.01671222178836392,0.34860744766473556,0.19566814621201858,0.15586067304704,0.2314338308537003,0.22111579500992118,0.036468535090725084,0.1754496410043908,0.16994636980133718,0.6180653284351616,1.0,0.07324785439361219,0.10579253958514293,0.5094581995234642,0.4631784459195627,0.25705679382256613,0.3961781510730024,-0.005280144076373228,-0.0030265600969009237,0.03506602172301955,0.32948226537784187,-0.253607885950163,-0.2923618803241718,0.015120050362980022,-0.010504506371076349,0.013985289547290997,-0.2093028074173832,-0.3032982970618939,-0.3302600227908422,-0.2025165552359171,-0.11496465825689901,-0.34130800309190445,-0.06332347855190495,-0.3393333280207827,-0.0843165536421519,-0.07543928153065209,0.08508315469881822,0.06624803767660911,0.08311963598403048,-0.3799647777892883,-0.03936121891161775,-0.26353385555706077,-0.38676696762266016,-0.37715178222792434,-0.44626700348237697,-0.4378774235191929,-0.2871566432117556,-0.4441425144833412,0.008330610651132768,-0.2499470073074134,0.061141614006008496,-0.4626158468072899,-0.2639275155591327,-0.49744917881248557,-0.46858130991561014,-0.1269784602634494,-0.24812692745977735,0.18844520236833506,0.4253615854776116,-0.05758751763102742,-0.18257695893663986,0.29560838001737205,0.3548024129604985,0.5239853692355505,0.5425575150013149,0.31480528173784156,0.3224585421829802,0.3987441130298273,0.1071488337623218,0.14224035572839053,0.017979265114870625,-0.010694164428754711,-0.3361107348054411,0.291563403963694,0.42856664727585686,-0.08563619121994756,0.18673031102327695,0.1596442716094638,-0.010389755277354987,0.009196025149614708,-0.12915554351377412,-0.2723967837818454,-0.16279036409565778,-0.05316481922718326,0.010225597462725817,-0.0841045828718055,-0.5030927013523098,-0.509893297420491,-0.4109380105029126,-0.5695527097992653,0.12984405007610228,0.2898532939142076,-0.21066707042051494,-0.20102160348715822,-0.2754456565914144,-0.32494003458470466,-0.06300313174859948,-0.13303795551801353,-0.14099721887974245,-0.19912980420594634,-0.2655419996971846,-0.26093283076604323,-0.44852855628780214,-0.08238969152674737,-0.1479189411024074,-0.37960458685621845
#201,0.36565276637792954,0.3473404043382288,0.7639538126847771,0.5032504841061767,0.2519774641602053,0.35325646072564126,0.2791224728860697,0.2442333590992039,0.24447561140817123,0.5694491150618779,0.40995306361513756,0.2847102136442238,0.17390847006510532,0.13141231502362757,-0.05510921275968412,0.07324785439361219,1.0,0.45518252595845055,0.08131868131868132,-0.10990604754201563,-0.12874594585979648,-0.13238291802468743,0.33499669293722956,0.1415677868179681,0.32643658009865406,0.12206966347648002,0.005519208854959399,0.06298400656631259,0.12198200639099842,0.051113643426913914,0.13349217859732726,0.07974244754520317,0.2970459562192702,0.02189992748368383,-0.10946457458422651,-0.04298862848536525,-0.06982922805982994,-0.10957932567794787,-0.05243328100470958,-0.0755827203978038,0.03729091792906151,0.19323924806158307,-0.025589493899863733,-0.11817768888109714,-0.20579014893735706,-0.2787750320745245,-0.04386360557499064,-0.14240132601263855,-0.16231064077329488,-0.2750535903545331,-0.15487572615926495,-0.2332905673007196,-0.1634693080668425,-0.09773127525121723,-0.23027516356015268,-0.08328698132904079,-0.22166086270509766,-0.23662791160978253,-0.11458534214154228,-0.13576966905465818,-0.12099865326841397,-0.061892277410769074,-0.18852170309748265,-0.08270685079967169,0.2879806198152826,0.24917721872036594,-0.0026073998517798375,-0.10082317972093172,0.19927164930790747,0.22441010765883862,0.5038593024089761,0.4195714365402545,-0.07449896006821315,0.007125724167058468,-0.1660926455705281,-0.09455808875678347,-0.09426483596171777,-0.1048012176366056,0.08349735833419662,0.0240993234466766,0.19579405366207397,0.08494449712723824,-0.12261473117165649,0.1757875192247926,0.13137406465905377,0.020156348365195354,-0.0910342739204233,0.05031197953605495,0.12243782323550272,0.21380838161113724,0.05972475675158779,0.05562878021181139,-0.048125333694586776,-0.09701726844583987,-0.18458032178119196,0.5330076739793926,0.30609694873654264,0.5858856154722725,0.1097339209014336,0.27808811927738686,0.12846384942106479,0.5892835228585772,0.18089872419096495,0.2657252826941007,0.05121883192949183,0.3098980787160628,0.20314290495581286,-0.006102526914709656,0.045388838862370405,-0.1764505255440716,-0.11522284821777208
