,#10,#11,#12,#13,#17,#18,#26,#49,#50,#51,#52,#53,#54,#58,#101,#102,#201,#202,#301,#302,#401,#402,#501,#502,#601,#602,#701,#702,#801,#802,#901,#902,#1001,#1002,#1101,#1102,#1201,#1202,#1301,#1302,#1401,#1402,#1501,#1502,#1601,#1602,#1701,#1702,#1801,#1802,#1901,#1902,#2001,#2002,#2101,#2102,#2201,#2202,#2301,#2302,#2401,#2402,#2501,#2502,#2601,#2602,#2701,#2702,#2801,#2802,#2901,#2902,#3001,#3002,#3101,#3102,#3201,#3202,#3301,#3302,#3401,#3402,#3455,#3501,#3502,#3601,#3602,#3701,#3702,#3801,#3802,#3901,#3902,#4001,#4002,#4101,#4102,#4201,#4202,#4301,#4302,#4401,#4402,#4501,#4502,#4601,#4602,#4701,#4702,#4801,#4802
#10,1.0,0.08610310229500634,0.11572675200861107,0.036228039826240725,-0.10174912543728136,-0.23680467458578403,-0.06280705800945681,0.33359474109099296,-0.19557144504670743,0.04435474570407104,0.099081228616461,-0.22863183792719025,-0.14738015607580826,0.16932303079229616,-0.20245261984392418,0.0385499557913351,0.09562910852266175,-0.0084726867335563,-0.07743820397493562,-0.03023103832699035,-0.40345212009379927,0.09214623457502018,-0.11807173336408719,0.14843347556990735,-0.03507477030715411,0.3370622381117134,0.19000499750124938,0.2780148387344789,-0.07073386383731212,-0.053342559489486026,0.09782800907238688,-0.13437896436397187,0.12948910160304464,0.11196709337638873,-0.19567139507169493,0.1385845538769077,-0.09566755083996463,0.04640756544804521,0.011778726021604582,0.07232537577365164,0.011525006727405527,-0.051328182062814746,-0.22963902664052588,0.07743820397493562,-0.11890208741782955,-0.05520316764694576,0.3190866105408834,0.1746511359704763,0.09560604313228001,0.29431438127090304,0.17555837465882443,0.06751239764733018,0.039034328989351476,0.041786798908238186,-0.24291700303694308,0.13793103448275862,-0.22073578595317725,0.0384807596201899,-0.09649021643024641,-0.04101795256218045,0.1875523776573252,0.38011763349094685,0.08534963287586976,-0.04065659477953331,0.2137085303502095,0.06863491331257449,-0.07042632529888902,-0.17864913696997656,-0.007719217314419713,0.07321723753507861,0.08641832929689001,0.086764310152616,0.18180909545227386,0.3170491677238304,-0.012347672317687311,0.1487563910352516,0.11611117518163995,0.09330719255756736,-0.11224387806096951,0.040372121631491946,-0.2346980355975858,0.06623611271287433,,0.01172490677738054,0.10330219505631799,0.2125860146849652,0.14516587859916197,-0.14239803175335408,-0.024295544535424596,-0.08631837927190252,-0.08553415599892361,0.04919078922077423,0.09120055356936917,0.05137431284357821,-0.16401030254103718,0.05901664552339215,0.17884134855649098,0.10573943797332103,0.12772075500711183,0.38168608003690463,0.2600238342367278,-0.011317418213969938,-0.1307961403913428,-0.13404836043516702,-0.032714412024756855,0.2234113712374582,0.06685118978972053,0.18096336447161035,0.09296121170184139,-0.0709106984969054,-0.09752815899742437
#11,0.08610310229500634,1.0,0.1662168915542229,0.07576980740399031,-0.0653980701956714,0.032768231268980895,0.2273863068465767,0.13094990966055434,0.1164033367931419,0.09793564756083496,0.2275554530427094,-0.20875715988159765,0.1012955060931073,-0.16528658747549302,-0.19042017452812054,-0.09263829623649714,-0.0010917618114019913,0.11279744743013109,-0.27134125245069773,-0.024695344635374622,-0.09575981240149156,0.04839887748433475,0.12933533233383307,0.13498635297735748,0.1072463768115942,0.16166532118556107,0.16122707876830816,0.271464267866067,-0.07387075692922769,-0.08058278553031177,0.06435243916503287,0.07872986583631261,0.11519624802983124,0.0954368969361473,-0.11232845115903586,0.0260638911313574,-0.13508630300234498,0.0009072386883481336,-0.010118017914119863,0.07137969476800061,-0.18411563449044707,-0.08874024526198439,-0.19936185753277208,-0.1151731826394495,-0.05215084765309653,-0.05767885288125168,-0.03117671933264137,0.26205358859032024,0.22503363702764004,0.3337177565063622,0.17678852881251683,0.2635297735747511,0.08425787106446776,0.0028831737977165262,-0.016614769538307768,-0.014554261330873026,-0.05679467958328528,0.008211278975896666,0.1543074616537885,0.1639334179064314,0.028239726290700803,-0.09116979971552686,0.050620843424441626,0.012093953023488256,-0.14032983508245878,0.029692845884749932,-0.031115211624956753,0.16816207280974896,-0.06815054011455811,-0.11188252027832238,-0.04663053088840195,-0.03405220466689732,-0.14384346288394265,0.18732941221696844,-0.15863606658209356,-0.0532502979279591,-0.3401222465690232,-0.07278668358128627,-0.16610156460231423,-0.08118248568023681,-0.024272479145042863,0.040664283242993884,,-0.050344058739860836,-0.17997155268519585,-0.0973820781916734,-0.043339868527274825,0.03082305001345481,-0.0882943143812709,-0.05596432552954292,-0.01714527351708761,0.08582631761042556,0.05691769499865452,-0.03471341252450698,0.08649521393149578,0.03431361242455695,0.007104140237573521,0.03474416637834929,-0.07689232306923462,0.28283550532426094,0.30140314458155537,0.05469572905854765,0.16702418021758353,0.02354207511628801,0.17037635028639525,0.128481912889709,0.08465767116441779,-0.1042555645254296,-0.07150271018336986,0.05137431284357821,0.10906854265175105
#12,0.11572675200861107,0.1662168915542229,1.0,0.4646061584592319,0.06353746203821166,0.2120093799254219,0.3512013224157152,-0.10712336139622497,-0.13950716949217698,0.3024410871487333,0.07620036135778264,-0.1543074616537885,0.013654711105985469,-0.15465344250951446,0.08006765847845308,0.3385307346326837,0.6138469226924999,0.5813400991811787,-0.22562564871410448,0.4076653980701957,-0.17177565063622036,-0.07088763310652366,0.3594510437089148,-0.015353861530773075,0.04376273401760658,-0.24681505401145581,0.6804367047245607,0.5831468880944143,-0.1223926498289317,-0.08769461423134586,0.34000691961711454,-0.061515396148079805,0.28738707569292277,-0.0458309306885019,-0.4522046668973206,-0.22541037173720832,-0.5247299427209472,-0.23738899780878792,0.28954753392534505,0.42715565294275937,-0.2972052435320801,-0.13197247530081113,-0.25341175566063123,-0.09611348172067813,-0.04144081805251221,0.23908045977011494,0.10379425671779495,0.18045592588321224,0.34139084304001843,0.278468458078653,0.5459270364817591,0.6375273901510783,0.5310267942951601,0.22549494483527466,0.12872794372044746,-0.000438242417252912,0.03262215046322992,-0.0429400684273248,0.20726559797024566,0.38765232768231267,-0.25845538769077,-0.15111674931764887,-0.22539499481028716,-0.0486218429246915,0.029216161150194132,0.4533118056356437,-0.07616191904047977,0.09637488947833775,-0.29805097451274365,0.06657440510513973,-0.010317917964094876,0.20159151193633953,-0.3263060777303656,0.18831353553992233,-0.14854111405835543,0.15503786568254335,-0.5049475262368815,0.020635835928189752,0.029754353592434554,-0.05463422135086303,-0.05800945681005651,-0.05433437127590051,,-0.2775689078537654,-0.3058163226079268,-0.38002537192941993,-0.203874985584131,-0.04380886479837005,-0.078868258178603,0.06393726213816169,-0.043639718602237344,-0.1851305116672433,-0.14374351285895515,-0.19218083266059277,0.10950678506900396,0.49282281935955097,0.22620997193710837,0.6149848152846653,0.5454964825279668,0.3447660784992119,0.6272248491139046,0.5077307500096105,0.3292200053819244,0.27470111098297006,0.2856879252681352,0.4366585937800331,0.4288932456848499,-0.33601660708107484,-0.1987698458463076,-0.26000076884634604,-0.14378195517625803
#13,0.036228039826240725,0.07576980740399031,0.4646061584592319,1.0,0.2581709145427286,0.35394610387114134,0.20988736401030253,-0.17565063622035137,-0.11784107946026987,0.6166993426363742,0.17960250643908815,0.16718563795025565,0.09282281935955099,-0.23675085534155998,-0.16408718717564294,-0.05138968977049937,0.5275285434205974,0.11638027140276015,0.03597432053204167,0.09964248644908315,-0.2580402106638988,-0.08773305654864876,-0.06518279321877522,-0.18447699227309422,-0.0732556798523815,-0.12585245838619152,0.3420443624341675,0.20060738861338562,0.05368085188175143,0.046469073155729824,0.1189174643447507,-0.15316956906162305,0.015976627071079844,-0.11993234152154691,-0.022027447814554263,0.08034444316303387,-0.11089839695536848,-0.1567216391804098,0.0021989005497251375,-0.13876138853650097,-0.0010917618114019913,0.12478376196517126,-0.007157959481797563,0.14265943951101373,-0.10584707646176912,-0.057156037365932416,0.3316726252258486,0.06406027755353093,0.35543766578249336,-0.14783377541998233,0.372928920155307,0.096697804943682,0.04427786106946527,-0.04376273401760658,-0.07797639641717603,-0.31203628954753393,-0.01128666436012763,-0.19141198631453504,0.2558336216507131,0.19241917502787068,-0.14060661976703956,-0.056663975704455465,0.07464729173874601,-0.0011994002998500749,0.2873025025948564,0.20402875485334257,0.09103140737323646,0.12260792680582785,-0.009472186983431361,0.09475262368815592,0.03509783569753585,0.2730865336562488,-0.258309306885019,-0.01619959251143659,-0.06024679967708454,-0.09930419405681774,-0.24907546226886557,-0.01649175412293853,-0.04035674470457079,0.0818975127820705,-0.019774728020605082,0.05807096451774113,,-0.19642486449083152,-0.1849921193249529,-0.21197093760811903,-0.11664167916041979,0.014246722792449928,0.0687656171914043,0.08887094914081421,-0.22660208357359782,-0.07387844539268827,-0.023818859800868796,-0.03705839387998309,0.20535117056856186,0.19149655941260138,0.0027524699188867107,0.3325491100603544,0.3090531657248299,0.29442970822281167,0.27957559681697614,0.18238573021181717,0.060831122900088415,0.15742128935532235,0.12883558220889554,0.3435436128089801,0.265805558759082,-0.17162956983046937,-0.18269326875024025,-0.029723599738592243,0.06368354284396263
#17,-0.10174912543728136,-0.0653980701956714,0.06353746203821166,0.2581709145427286,1.0,0.584407796101949,0.3604889862760927,-0.1389920424403183,0.1054780302156614,0.3251912505285819,0.32097797255218546,0.5725137431284358,0.2917771883289125,-0.32097797255218546,-0.3197939491792565,0.00991811786414485,0.21639180409795103,0.17190635451505018,0.09949640564333218,0.1862145850151847,0.03822704032599085,0.2745165878599162,0.09926575173951485,0.10454772613693153,-0.23577442048206665,0.13359474109099295,-0.1705378080190674,0.0008841732979664014,0.16027370929919654,0.27653865375004805,0.20675047091838697,0.3462038211663399,0.09562142005920117,0.24420866489832008,0.19641717602737094,0.11383538999730904,0.31062161227078766,0.3325952408411179,0.021396993810786913,-0.00201437742667128,0.3329104678430016,0.25747895283127664,0.4432783608195902,0.38960519740129934,0.22644831430438628,0.3841310114173682,-0.11711067543151502,-0.17244454695729058,0.02680198362357283,0.07370929919655557,-0.1305577980240649,-0.1267443201476185,-0.10152615999692462,-0.016130396340291394,-0.1500864952139315,-0.006688963210702341,-0.22880098412332295,0.13627801483873447,-0.11624187906046976,-0.011063698919770883,-0.43309883519778575,-0.35795179333410215,0.33383308345827084,0.08021373928420406,-0.08225887056471765,-0.13445584899857763,0.22484911390458617,0.40049206166147694,0.19767808403490564,0.1436896936147311,0.12297697305193557,0.1018029446815054,-0.011009879675546843,-0.15570676200361358,-0.21232460692730556,-0.442809364548495,-0.2657671164417791,-0.4565870910698497,0.3344635374620382,0.46164610002690964,0.26884250182601005,0.2705262753238765,,0.24619228847114905,0.34659593280282935,-0.5199169645946258,-0.4260254488140545,0.45864759927728443,0.5566216891554223,0.4904701495406143,0.1663475954330527,-0.2490293314881021,0.3595894360512052,-0.47275592972744396,-0.3192711336639373,-0.36125783262215044,0.13374851036020452,0.10981432360742706,-0.06959597124514666,0.12709798946680506,0.01394687271748741,0.1239534079114289,0.33494022219659403,0.399254219044324,0.395779033560143,0.2316072732864337,0.1398070195671395,-0.3139584054126783,-0.26680505900895707,-0.4880944143312959,-0.4990120324453158
#18,-0.23680467458578403,0.032768231268980895,0.2120093799254219,0.35394610387114134,0.584407796101949,1.0,0.34200592011686465,-0.2158920539730135,-0.16484065659477953,0.2945219697843386,0.2570253334871026,0.5201399300349825,0.45820166839657095,-0.4711105985468804,-0.1109214623457502,-0.09412216968438858,0.4030292546034675,0.36610156460231424,0.10522431092146235,0.2596086572098566,0.03529773574751086,0.05626417560450544,0.15114750317149117,-0.06215353861530773,-0.23541306269941953,-0.04638450005766347,-0.07048783300657363,0.022342674816437934,0.32893553223388305,0.42430323299888517,0.4306154615000192,0.3978241648406566,0.17238303924960596,0.051897128358897475,0.28262791681082533,0.2191904047976012,0.22982354976357974,0.11019874678045592,0.12472225425748665,0.024802983123822703,0.2398108637988698,0.18454618844423942,0.2133394841041018,0.23881905201245532,0.05386537500480529,0.1609426056202668,0.05307346326836582,-0.0922077422827048,0.015469188482681737,-0.16540960289086226,0.10686195363856534,0.05204320916464845,0.012017068388882482,-0.022419559451043708,-0.0045592588321224006,-0.08894783377541998,-0.019021258601468496,-0.00361357782647138,0.004774535809018567,0.09059316495598355,-0.145565678699112,-0.17147580056125783,0.2020758851343559,0.1622650213354861,-0.05897051474262868,-0.05956252642909315,0.21273209549071617,0.5192557567370161,0.1350786145388844,0.15741360089186177,0.07024949063929574,0.1621343174566563,-0.11552685195863607,-0.13989159266520587,0.0303156114250567,-0.20611232845115904,-0.14159074308999348,-0.2256871564217891,0.24408564948295083,0.3124591550378657,0.2779072002460308,0.4697804943682005,,0.2245646407565448,0.24533118056356437,-0.36055049398377736,-0.18394648829431437,0.4358513051166724,0.4089801253219544,0.4524737631184408,0.10614692653673163,-0.12848960135316956,0.05583362165071311,-0.31863299119670935,-0.0877868757928728,-0.19687848383500559,0.011501941337023796,0.2600392111636489,0.12367662322684811,0.06739707069542152,0.10783070003459809,0.28215892053973013,0.5248837119901588,0.2792296159612501,0.342036673970707,0.24271710298696805,0.1552915849767424,-0.015738284703801945,-0.2310998346980356,-0.2670280244493138,-0.18824433936877716
#26,-0.06280705800945681,0.2273863068465767,0.3512013224157152,0.20988736401030253,0.3604889862760927,0.34200592011686465,1.0,-0.03758120939530235,0.04457771114442779,0.4199208088263561,0.47157190635451507,0.22934686502902396,0.34911774881789875,-0.05899358013301042,-0.09282281935955099,0.25838619151962483,0.14523507477030714,0.17963326029293045,-0.024826048514204436,0.4762157382847038,-0.15117056856187291,0.17212931995540692,0.10212586014684966,0.03431361242455695,-0.29818167839157345,0.025894744935224694,0.1415138584553877,0.4346980355975858,0.11431976319532541,0.3487179487179487,0.08543420597393611,0.1880521277822627,0.07540076115788259,0.2945296582477992,-0.21988236650905316,0.1728443470572406,-0.211225156652443,0.01501556913850767,-0.01651481951332026,0.047422442624841424,0.001699150424787606,0.2587936800830354,0.20024603083073847,0.2834582708645677,-0.08949371468112098,0.10577788029062392,-0.05373467112597547,0.03835005574136009,0.12436858493830008,0.31030638526890403,0.25055164725329643,0.13060392880482835,0.0994195210087264,0.0953061930573175,-0.196870795371545,-0.02445700226809672,-0.12669818936685504,0.20703494406642833,0.05173567062622535,0.14308230500134547,-0.20543574366662823,-0.24407796101949025,0.2485910890708492,0.2715565294275939,0.02208895552223888,0.2251489639795487,0.3738284703801945,0.5663937262138161,0.14988659516395647,0.29410679275746743,0.24562334217506632,0.29439895436896935,-0.08090570099565601,0.09732057048398877,-0.20390573943797333,-0.1293583977242148,-0.26212278476146544,-0.15984315534540422,0.19215007880675047,0.29010879175796717,0.033121900588167455,0.07043401376234959,,-0.06748164379348787,0.15814400492061662,-0.36640141467727677,-0.1274209049321493,0.08416560950294084,0.22209664398569945,0.010886864260177603,-0.15206243032329989,-0.17647330181063314,0.05341175566063122,-0.32130857648099026,0.036966132318456156,-0.1428747164879099,0.07699227309422212,0.26655133971475803,0.042140468227424746,0.14598085572598316,0.28722561796025065,0.024741475416138085,0.24779917733440973,0.10407872986583631,0.3356244954445854,0.21339330334832585,0.17893361011801792,-0.35084765309652866,-0.06272248491139046,-0.35305424210971437,-0.23373697766501364
#49,0.33359474109099296,0.13094990966055434,-0.10712336139622497,-0.17565063622035137,-0.1389920424403183,-0.2158920539730135,-0.03758120939530235,1.0,0.21831391996309538,-0.0139161188636451,0.21621496943835775,-0.0897935647560835,-0.0002537192941990543,0.05892438396186522,0.04868335063237612,0.04397032253104217,-0.051958636066582096,-0.0893860761926729,0.17691923269134663,-0.0024141775266213047,0.03757352093184177,0.07961403913427902,-0.19447968323530543,0.1139122746319148,-0.026663591281282435,0.17007650021143275,-0.045408065198170144,0.08335063237611963,0.01116364894475839,0.012808980125321955,-0.16122707876830816,-0.12072425325798639,0.02688655672163918,0.0467843001576135,-0.15616806981124823,-0.15905124360896475,-0.06310690808441932,-0.05935493791565755,-0.1427978318533041,-0.10467843001576135,-0.10550878406950372,-0.12391496559412601,-0.08900165301964402,-0.022704032599085072,-0.15819782416484066,-0.11077538153999923,-0.047291738746011606,0.03662015146273017,-0.08498827509322263,0.08779456425633338,-0.09718217814169838,-0.153315649867374,-0.09578287779187329,-0.0909160804213278,-0.2247030330988352,0.07273286433706223,-0.1387844539268827,-0.11989389920424404,-0.19923115365394226,-0.12802060508207436,0.21124822204282473,0.25114365893976087,-0.19771652635220852,-0.09599815476876947,0.12214661899819321,-0.14302848575712143,-0.10743089993464806,-0.10778456925383462,0.17367470111098296,0.006342982354976358,0.3157190635451505,0.23625879368008304,0.37455887440894936,0.31740283704301697,0.05747895283127667,0.014492753623188406,0.118748318148618,-0.1039787798408488,-0.1343635874370507,-0.026140775765963173,0.10196440241417752,-0.18266251489639795,,0.36078883635105524,0.18300849575212394,0.31887902202744783,0.17751893284127168,-0.06337600430553954,-0.1810094952523738,-0.2789758966670511,-0.01815246223042325,0.03535924345519548,-0.08470380194518126,0.0040056894629608274,-0.13304117172183139,0.0109560604313228,-0.053973013493253376,-0.2531503479029716,-0.3010725406527506,-0.033883058470764615,-0.09954253642409565,-0.0932303079229616,-0.2116403336793142,-0.3125667935263138,0.044808365048245105,-0.05104370891477338,-0.027009572137008418,0.09192326913466344,0.1519240379810095,-0.040833429439126594,-0.06186137700380579
#50,-0.19557144504670743,0.1164033367931419,-0.13950716949217698,-0.11784107946026987,0.1054780302156614,-0.16484065659477953,0.04457771114442779,0.21831391996309538,1.0,0.0852343059239611,0.29975781340099183,0.09455272363818092,0.036558643755045556,-0.07594664206358359,-0.019313420212970438,0.032499135047860686,-0.14249029331488103,-0.09102371890977588,0.14671894821819859,-0.030838426940375967,0.08011378925921654,-0.11232076269557528,-0.18678353131126743,-0.22270403259908508,-0.26146157690385574,-0.16118094798754468,-0.14962518740629685,-0.14801829854303616,-0.04771460423634337,-0.10054203667397071,-0.2078268558028678,-0.15762887786875793,-0.17656556337216006,-0.15422288855572214,-0.004405489562910852,-0.315473032714412,0.058493830008072886,-0.08049821243224542,-0.1854303617422058,-0.13098835197785721,-0.03370622381117134,-0.04357052243109215,0.24626148464229425,0.07961403913427902,0.022027447814554263,0.09629800484373198,-0.2244646907315573,-0.10139545611809479,-0.0494368200515127,-0.07376311844077961,-0.17613500941836774,-0.2105101295506093,-0.23978779840848807,-0.2771614192903548,-0.15616806981124823,-0.21047168723330642,-0.22426479068158228,-0.10632376119632492,-0.13826932687502402,-0.058793680083035406,-0.21741436973820782,-0.23138430784607697,0.049283050782301156,-0.03604351670318687,-0.06785069003959558,-0.20542805520316765,0.14827201783723523,0.1278283934955599,0.1590973743897282,-0.03615884365509553,0.3101756813900742,0.11143658939760889,0.13342559489486025,-0.08581862914696498,0.0015992003998001,-0.23424441625341175,-0.08714873332564486,-0.19682466459078155,0.03311421212470688,0.1260292930457848,0.06858109406835045,-0.24136393341790643,,0.12342290393264906,0.07780725022104333,-0.15436128089801254,-0.1909814323607427,0.17136047360934917,-0.007342482604851421,0.12566793526313766,0.1442278860569715,-0.09896590166455234,0.19392611386614386,-0.2703263752739015,-0.13497097605043631,-0.13520162995425364,-0.0876484834505824,-0.3483104601545381,-0.23765040556644754,0.01649175412293853,-0.14114481220927996,-0.12466074654980203,-0.1545765578749087,0.054864875254680354,0.19537923346019298,-0.05019797793410987,-0.06842732479913889,-0.18344673816937684,-0.21185561065621036,-0.22226579018183215,-0.23182255026332987
#51,0.04435474570407104,0.09793564756083496,0.3024410871487333,0.6166993426363742,0.3251912505285819,0.2945219697843386,0.4199208088263561,-0.0139161188636451,0.0852343059239611,1.0,0.5337485103602045,0.0925460346749702,0.17658094029908122,-0.023872679045092837,-0.07330949909660554,0.043339868527274825,0.24713028101333948,0.11162111252066274,0.11243608964748394,0.1549225387306347,-0.176857724983662,-0.15755199323415214,-0.08200515127051859,-0.2580786529812017,-0.11876369507553915,-0.10849959635566832,0.34228270480144546,0.2910467843001576,0.06870410948371967,0.00740399031253604,0.08316610925306578,0.05417291354322839,0.20514358205512628,0.15323107676930767,0.01916733940721947,0.07695383077691924,0.12416099642486449,-0.021481566908853264,-0.008787913735439972,-0.09908891707992158,-0.07729981163264521,0.03362933917656556,0.04498519970783839,0.19231922500288318,-0.14272863568215893,-0.09608272786683582,0.11879444892938146,-0.03207626955752893,0.2232114711874832,-0.0733940721946719,0.28396570945296584,0.09273055779802407,0.05483412140083804,-0.022665590281782187,-0.0754699573290278,-0.2396417176027371,-0.11375850536270327,-0.15072463768115943,0.09353784646138469,0.17040710414023758,-0.09076231115211625,-0.004021066389881982,0.1567216391804098,0.049198477684234805,0.2921001037942567,0.16778533810018068,0.2929227693845385,0.2759697074539653,0.08974743397532003,0.16720101487717678,0.23088455772113944,0.31740283704301697,-0.06877330565486488,0.06259178103256065,-0.08500365202014377,-0.13499404144081806,-0.20681966708953214,0.011471187483181487,0.10814592703648176,0.20924153307961404,-0.03187636950755392,-0.06339138123246069,,-0.12193903048475763,-0.17488178987429362,-0.19678622227347864,-0.11747203321416215,0.178495367700765,0.07720755007111829,-0.0040056894629608274,-0.12727482412639834,-0.06886556721639181,-0.055679852381501554,-0.08447314804136394,0.08481144043362934,0.08967054934071426,0.01900588167454734,0.27932956598623765,0.10996040441317803,0.204220966439857,0.2516203436743167,0.1108907084919079,0.07483181486179986,0.09861223234536577,0.3155806712028601,0.3263752739015108,0.31564217891054475,-0.18419251912505286,-0.1091531157498174,-0.12225425748664129,-0.0431092146234575
#52,0.099081228616461,0.2275554530427094,0.07620036135778264,0.17960250643908815,0.32097797255218546,0.2570253334871026,0.47157190635451507,0.21621496943835775,0.29975781340099183,0.5337485103602045,1.0,0.2280398262407258,0.15200861107907584,0.04209433744666129,-0.10093414831046016,0.19968477299811632,-0.11448122092799753,0.006512128551109061,0.23560527428593395,0.2832583708145927,-0.0776765463422135,0.23495944335524546,-0.0355898973590128,0.050128781762964675,-0.24720716564794526,0.2160227578518433,-0.12621381616883864,0.16469457578902857,0.24041056394879484,0.17116826202283475,-0.05436512512974282,-0.07187175642947757,0.010879175796717025,0.1767577749586745,-0.050528581862914694,0.07434744166378349,0.07797639641717603,0.06582093568600315,-0.2587552377657325,-0.1844846807365548,0.10322531042171222,0.16490216430246415,0.16338753700073042,0.35626801983623574,-0.16950755391535002,-0.0513435589897359,-0.15264675354630378,-0.14281320878022527,-0.0017683465959328027,0.07154115250067274,-0.1258909007034944,-0.07458578403106139,-0.16187290969899665,-0.028139776265713297,-0.24143312958905164,-0.0809825856302618,-0.26858109406835046,0.12160842655595279,-0.13131126744320148,-0.09688232806673586,0.010863798869795872,-0.1276669357628878,0.3950640064583093,0.24812978126321455,0.18083266059278053,-0.05657940260638911,0.5392765155883597,0.3773651635720601,0.41772959674009147,0.40103794256717795,0.4982585630261792,0.3934340522046669,0.20256025833237226,0.007511628800984123,-0.10464767616191904,-0.3146657440510514,-0.11926344520047669,-0.2852650597778034,0.24693806942682506,0.44026448314304384,-0.0031753354092184678,0.014646522892399955,,-0.0031907123361396227,0.1883673547841464,-0.2756391035251605,-0.20382885480336754,0.39516395648329683,0.28015992003998,0.06875792872794372,-0.20658901318571485,-0.20321377772652136,0.041410064198669896,-0.287909891208242,-0.18606081574597316,-0.1619882366509053,0.1698919770883789,-0.032091646484450086,-0.2821127897589667,0.07494714181370853,0.032083958020989505,-0.1607965248145158,-0.009041633029639026,-0.1181024872179295,0.21121746818898243,0.12665205858609158,-0.01394687271748741,-0.14708030600084573,-0.23335255449198478,-0.18381578441548457,-0.2031676469457579
#53,-0.22863183792719025,-0.20875715988159765,-0.1543074616537885,0.16718563795025565,0.5725137431284358,0.5201399300349825,0.22934686502902396,-0.0897935647560835,0.09455272363818092,0.0925460346749702,0.2280398262407258,1.0,0.4481144043362934,-0.2886326067735363,-0.22533348710260254,-0.11197478183984931,0.13084995963556684,-0.14220582016683966,0.1653634721100988,0.02392649828931688,0.17483565909353016,0.19537923346019298,-0.010610079575596816,0.020197593510936838,-0.3978779840848806,-0.018260100718871332,-0.36650905316572485,-0.19542536424095644,0.0803675085534156,0.2846038519201938,-0.11724137931034483,0.19005112828201284,-0.09995771345096682,0.08529581363164572,0.356391035251605,0.09949640564333218,0.26443701226309924,0.10324837581209395,-0.22046668973205705,-0.23269134663437513,0.4641525391150579,0.2224580017683466,0.5688309691308192,0.25960096874639604,0.19085841694537348,0.22935455349248451,-0.05857071464267866,-0.11888671049090839,-0.2704647676161919,-0.2133394841041018,-0.2966209203090762,-0.37925652558336215,-0.3826932687502403,-0.3102986968054434,-0.17670395571445047,-0.20352900472840502,0.03918809825856302,0.18143236074270558,-0.17731134432783607,-0.27769192326913467,-0.10999115826702034,-0.12247722292699804,0.27532387652327683,0.11582670203359859,-0.16914619613270288,-0.36141929035482256,0.26735862837811863,0.28504209433744665,0.27081843693537844,0.19905431899434897,0.13017337485103603,0.1399454119094299,0.2942990043439819,-0.14674201360858033,0.11205935493791566,-0.19647099527159498,0.031169030869180794,-0.4047899127359397,0.24437781109445278,0.2755622188905547,0.34836427939876213,0.29068542651751045,,0.48551877907200247,0.5685311190558567,-0.16990735401530005,-0.06493676238803675,0.44177911044477763,0.5824087956021989,0.495406143082305,0.06242263483642794,0.012878176296467151,0.24177142198131704,-0.3502710183369854,-0.2555337715757506,-0.4945219697843386,-0.14839503325260447,-0.02720947218698343,-0.1201783723522854,-0.04629223849613655,-0.12140083804251721,-0.19634029139276515,0.07969092376888479,0.22866259178103257,0.1529081613039634,0.11540383654326683,-0.0028831737977165262,0.10719255756737016,-0.13995310037289047,-0.28076730865336563,-0.299227309422212
#54,-0.14738015607580826,0.1012955060931073,0.013654711105985469,0.09282281935955099,0.2917771883289125,0.45820166839657095,0.34911774881789875,-0.0002537192941990543,0.036558643755045556,0.17658094029908122,0.15200861107907584,0.4481144043362934,1.0,-0.30815361549994236,0.06482143543612809,-0.20937223695844384,0.17858762926229194,0.07668473455579902,0.03877292123169185,0.05345019797793411,0.17023795794410487,-0.16856956137315957,0.13520162995425364,-0.2215353861530773,-0.09033175719832391,-0.19582516434090647,0.029600584323223003,0.09882750932226195,0.16389497558912852,0.23479029715911276,-0.0562103563602814,0.2907699996155768,0.0011994002998500749,-0.034075270057279054,0.23085380386729712,-0.004782224272479145,0.08685657171414293,-0.005035943566678199,0.14063737362088186,-0.005551070618536886,0.24044900626609772,-0.08790989120824204,0.39155037865682546,0.05106677430515511,0.19390304847576212,0.2185445738669127,-0.04965978549186945,0.06891169799715527,0.01057163725829393,-0.10302541037173721,0.06673586283781187,0.059308807134894094,-0.03384461615346173,-0.1812555260831123,0.13749279206550571,-0.21157882597162958,0.28913235689847383,-0.04465459577903356,0.16278783685080536,0.11836389497558913,-0.004812978126321455,-0.016207280974897167,-0.006819667089532157,0.0626071579594818,-0.2570560873409449,-0.22263483642793988,-0.06095413831545766,0.3127051858686042,-0.0751624187906047,-0.0871410448621843,-0.08908622611771037,-0.10662361127128743,0.03867297120670434,0.12801291661861378,0.19630184907546228,0.0694114481220928,-0.177749586745089,-0.08974743397532003,0.2042594087571599,-0.11897128358897474,0.267443201476185,0.3832545265828624,,0.23427517010725407,0.19391842540268328,-0.04691500403644332,0.0772383039249606,0.3665551839464883,0.2730865336562488,0.0672663668165917,0.2938300080728866,0.18586860415945874,-0.04969822780917234,-0.1139122746319148,0.11884826817360551,-0.22233498635297735,-0.1725060546649752,0.097989466805059,0.06615922807826856,-0.12327682312689808,0.057648099027409375,0.08553415599892361,0.12951216699342635,0.07820705032099334,0.1958559181947488,-0.06815054011455811,0.046938069426825046,0.07501633798485373,-0.0360665820935686,-0.1292584476992273,-0.00420558951293584
#58,0.16932303079229616,-0.16528658747549302,-0.15465344250951446,-0.23675085534155998,-0.32097797255218546,-0.4711105985468804,-0.05899358013301042,0.05892438396186522,-0.07594664206358359,-0.023872679045092837,0.04209433744666129,-0.2886326067735363,-0.30815361549994236,1.0,0.30191827163341406,0.2767077999461808,-0.2520124553108061,-0.1820089955022489,0.0023757352093184175,-0.055026332987352475,-0.04403183023872679,0.025133587052627533,-0.05297351324337831,0.0930919155806712,0.024218659900818822,-0.0024141775266213047,0.08415023257601968,0.140053050397878,-0.17197555068619536,-0.28992426863491333,-0.17784184830661592,-0.28117479721677624,0.14421250913005035,0.18799830853803867,-0.2313766193826164,-0.0684965209702841,-0.07550839964633069,-0.13504017222158152,0.034452004766847344,0.04291700303694307,-0.14891016030446316,-0.09998077884134855,-0.12093184177142198,-0.11671087533156499,-0.07107215622957752,-0.10281013339484105,-0.059770114942528735,-0.02724791450428632,0.1741744512359205,0.19514089109291508,-0.03337561988236651,0.05958559181947488,0.21985930111867144,0.3129050859185792,0.10527044170222581,0.10773075000961058,0.05102064352439165,0.08412716718563795,0.042578710644677664,-0.006688963210702341,0.1592742090493215,0.06972667512397647,-0.03988774843347557,0.015061699919271134,0.17831084457771115,0.13900741936723945,0.21736823895744437,-0.11375850536270327,0.01554607311728751,0.10001153269519086,0.13428670280244492,0.0685272748241264,0.26212278476146544,0.19335716757006113,0.010064198669895821,0.14456617844923692,0.15187021873678547,0.11637258293929958,-0.006865797870295621,-0.02555645254295929,-0.19091223618959752,-0.2886710490908392,,-0.17871833314112176,-0.06751239764733018,0.1543689693614731,0.07021104832199285,-0.2846884250182601,-0.2670280244493138,-0.321185561065621,-0.2203821166339907,-0.07402452619843924,-0.14734940222196594,0.14129858147849153,-0.006043132280013839,0.06945757890285627,0.13367931418905932,0.0871026025448814,-0.06861953638565332,-0.12186983431361242,0.054703417522008226,-0.1636258793680083,-0.17360550493983778,-0.11065236612462999,-0.07777649636720102,-0.06296082727866836,0.10909160804213278,0.059008957059931574,0.37599661707607734,0.0708030600084573,0.07497789566755084
#101,-0.20245261984392418,-0.19042017452812054,0.08006765847845308,-0.16408718717564294,-0.3197939491792565,-0.1109214623457502,-0.09282281935955099,0.04868335063237612,-0.019313420212970438,-0.07330949909660554,-0.10093414831046016,-0.22533348710260254,0.06482143543612809,0.30191827163341406,1.0,0.27595433052704416,0.11485795563756583,0.20565870910698497,0.2871948641064083,0.019190404797601198,0.37971014492753624,-0.18154768769461424,0.09665936262637911,-0.2773613193403298,0.29116211125206626,-0.29228462691731055,0.09412985814784915,-0.1820013070387883,0.2172144696882328,-0.024802983123822703,-0.03212240033829239,-0.07675393072694423,0.006181524622304232,-0.15707530849959636,-0.08075962018990505,-0.24931380463614347,0.02931611117518164,-0.12205435743666629,0.15078614538884405,0.11795640641217853,-0.1273517087610041,-0.06705108983969554,0.23799638642217352,-0.10432476069657479,0.030776919232691345,-0.0432783608195902,-0.2084726867335563,-0.12672125475723678,-0.18840579710144928,-0.3385538000230654,-0.10043439818552262,0.16341060239111213,0.3512474531964787,0.27274055280052284,0.49603659708607234,0.13237996386422174,0.2902702494906393,-0.26171529619805484,-0.1510321762195825,-0.12495290816130396,-0.09355322338830585,-0.10497828009072387,-0.3502556414100642,0.1407296351824088,0.0283781186329912,0.13149579056625532,-0.10498596855418445,-0.007357859531772575,-0.08511129050859186,0.054734171375850536,0.0783608195902049,-0.0023834236727789952,0.06054664975204705,-0.025387306346826587,0.17071464267866068,0.12985045938569176,0.13129589051628032,0.05900126859647099,0.00361357782647138,-0.2548110560104563,0.11137508168992427,-0.1858147849152347,,-0.15004036443316804,-0.1686233806173836,0.0017683465959328027,-0.00796524814515819,-0.06266866566716642,-0.2381424672279245,-0.23546688194364357,0.09153115749817399,-0.07572367662322685,-0.42135086303002345,0.035497635797485876,0.06240725790950678,0.43625110521662247,-0.01889824318609926,0.11695690616230346,0.15353861530773075,-0.29603659708607233,-0.02478760619690155,0.11962480298312382,-0.01172490677738054,-0.19818552262330374,-0.07759197324414716,-0.32168531119055854,0.02175835159343405,-0.03935724445469573,-0.013055010956060431,0.01921347018798293,0.09279206550570869
#102,0.0385499557913351,-0.09263829623649714,0.3385307346326837,-0.05138968977049937,0.00991811786414485,-0.09412216968438858,0.25838619151962483,0.04397032253104217,0.032499135047860686,0.043339868527274825,0.19968477299811632,-0.11197478183984931,-0.20937223695844384,0.2767077999461808,0.27595433052704416,1.0,0.08428862491831007,0.36058124783761963,-0.11356629377618883,0.41068696421020257,-0.05581824472379195,0.408242032829739,0.32230038826740476,0.39617883366009304,-0.17405143582055127,0.132010917618114,0.0981586130011917,0.30882251182101256,-0.12522200438242417,0.06317610425556452,0.08096720870334063,-0.1620651212855111,0.2866259178103256,0.17913351016799292,-0.5036251105216623,-0.23547457040710415,-0.2699342636374121,-0.02656364125629493,0.1229000884173298,0.2588321224003383,-0.13371006804290161,0.10303309883519779,-0.06164610002690962,0.16671664167916042,-0.048521892899703996,0.3635874370507054,-0.2746780455925883,-0.16895398454618846,-0.01681466958828278,0.22900088417329797,-0.21885211240533578,0.18460769615192404,0.23370622381117134,0.3856840810364049,-0.19686310690808442,0.20381347787644638,-0.25142813208780224,0.3345711759504863,-0.1961173259524084,-0.05037481259370315,-0.30706185368854033,-0.3650482451082151,-0.058378503056164224,0.205912428401184,0.09538307769192327,0.3412755160881098,0.09619805481874448,0.06406796601699151,0.06163841156344904,0.4103102295006343,0.33975320032291545,0.3507246376811594,0.13034252104716873,-0.010433244916003536,-0.37406681274747244,-0.12815130896090415,-0.16942298081728366,-0.29725906277630415,0.14895629108522662,0.34699573290277935,-0.19823934186752779,-0.14754161380848038,,-0.1521931342021297,0.08316610925306578,-0.3350786145388844,-0.2650520893399454,-0.1143582055126283,-0.07300964902164303,-0.05889363010802291,-0.26764310152616,-0.27161034867181794,-0.13326413716218813,-0.15099373390227963,-0.10541652250797678,0.1866297620420559,0.45255064775304654,0.1765963172260024,-0.04057202168146696,-0.08551109060854188,0.15555299273440204,0.19451043708914773,0.2495060162226579,0.17925652558336216,0.03841156344904471,-0.006035443816553262,0.18423096144235573,-0.30794602698650675,-0.2517202936993042,-0.24418559950793833,-0.31788721024103334
#201,0.09562910852266175,-0.0010917618114019913,0.6138469226924999,0.5275285434205974,0.21639180409795103,0.4030292546034675,0.14523507477030714,-0.051958636066582096,-0.14249029331488103,0.24713028101333948,-0.11448122092799753,0.13084995963556684,0.17858762926229194,-0.2520124553108061,0.11485795563756583,0.08428862491831007,1.0,0.4402183523622804,-0.07501633798485373,0.17006881174797217,-0.017106831199784723,-0.1550532426094645,0.1865990081882136,-0.13717756506362203,0.012370737708069042,-0.35453042709414523,0.42087417829546764,0.24146388344289393,-0.07474724176373351,-0.07387075692922769,0.3935647560834967,-0.031699534847960634,0.3195940491292815,-0.09613654711105986,-0.12340752700572791,-0.25963172260023837,-0.2180678891323569,-0.2534963287586976,0.25721754507361705,0.28520355207011877,-0.1920731941721447,-0.22324991350478607,-0.07517010725406527,-0.15071694921769885,-0.007703840387498558,0.2521277822627148,0.22106638988198207,0.14891784876792374,0.15677545842463383,-0.014700342136623995,0.3129050859185792,0.3587052627532388,0.39471033713912274,0.04076423326798139,0.19727059547149503,-0.12896628608772537,0.10114173682389574,-0.18440010763848844,0.075739053550148,0.20368277399761658,-0.29103140737323646,-0.10597778034059893,-0.22778610694652673,0.10113404836043517,-0.10754622688655673,0.10793065005958559,-0.11698766001614577,0.1788336600930304,-0.2736016607081075,-0.10121862145850152,-0.12021681466958828,0.07052627532387652,-0.17917964094875638,0.06248414254411256,0.0022757851843309114,0.11598047130281014,-0.20150693883827317,-0.045192788221273976,0.049521393149579054,-0.11604966747395533,0.03553607811478876,0.1647791488870949,,-0.055249298427709224,-0.031046015453811554,-0.2519893899204244,-0.12965824779917734,0.1185407296351824,0.01785261215546073,0.15935878214738786,-0.03645100526659747,-0.08980125321954407,-0.13688540345212008,-0.1613116518663745,0.04433936877714988,0.3691077538154,-0.06950370968361973,0.5932649060085342,0.5607427055702918,0.340399031253604,0.4276554030676969,0.500918771383539,0.3144658440010764,0.4077269057778803,0.36135778264713797,0.4541037173720832,0.5246530580863414,-0.057125283512090105,-0.18651443509014723,-0.27190251028331985,-0.10585476492522969
