,#10,#11,#12,#13,#17,#18,#26,#49,#50,#51,#52,#53,#54,#58,#101,#102,#201,#202,#301,#302,#401,#402,#501,#502,#601,#602,#701,#702,#801,#802,#901,#902,#1001,#1002,#1101,#1102,#1201,#1202,#1301,#1302,#1401,#1402,#1501,#1502,#1601,#1602,#1701,#1702,#1801,#1802,#1901,#1902,#2001,#2002,#2101,#2102,#2201,#2202,#2301,#2302,#2401,#2402,#2501,#2502,#2601,#2602,#2701,#2702,#2801,#2802,#2901,#2902,#3001,#3002,#3101,#3102,#3201,#3202,#3301,#3302,#3401,#3402,#3455,#3501,#3502,#3601,#3602,#3701,#3702,#3801,#3802,#3901,#3902,#4001,#4002,#4101,#4102,#4201,#4202,#4301,#4302,#4401,#4402,#4501,#4502,#4601,#4602,#4701,#4702,#4801,#4802
#10,1.0,0.26662735379196584,0.2832056993043215,0.2994987608475643,0.1511016901879846,0.15304130242491373,0.10800787320004143,0.43482217564886166,0.06284056769916088,0.3543115332818016,0.31712739762050857,0.13544772848616213,0.21573205619616062,0.12815944026966508,-0.019955533951182974,-0.18837826423033094,0.41411279076253693,0.2140729466327726,-0.05565109292447944,-0.22743188646016782,0.09533265863940266,-0.10318195220298193,0.19737666249631441,0.037494919873455046,0.22884236865382623,-0.04933818900461395,0.07141343065926097,-0.0828056642414873,0.06556271864466208,-0.0497222864155424,0.03718254189610245,-0.08723473770609376,0.07757811441640303,-0.14753803122186007,0.045801624046729196,0.034847675891910845,0.15315286598825395,0.006886659388472297,0.07468861812589152,-0.04077966993122903,-0.07043964012781997,-0.1118440660137542,0.06826255687749525,-0.09836240626668473,-0.0605168580513033,-0.026585597143972777,0.09915132003601909,0.004824327231868928,0.10344332969423614,-0.008999992031174048,0.029986692060658703,-0.03790611129262326,0.03116926583206496,-0.0035891592091737124,0.16918455004024258,-0.11322745419917284,-0.11667476830638542,-0.16767366063957798,-0.0777295221095076,-0.062156842432404436,-0.08617488385436174,-0.09475730940560527,-0.007610228784993107,0.040859358190757755,0.08245025460398919,-0.09720373897313708,0.04631641020328475,0.1504163711560376,0.14543426117030178,0.01931643410976261,0.04942743985528612,0.06928416036465347,0.043705822821123765,0.12311357967630629,-0.07371960889002223,-0.17043565571484354,-0.2886292822478464,-0.10448724589406243,0.006647594609886126,0.0389022145367323,-0.06360398122544605,-0.059273721202655213,0.11968379698619003,0.05890237391325136,-0.004797233223629163,-0.08620675915817323,-0.18614221166795497,0.021506267481611933,-0.08561706603766067,-0.06488218090828678,-0.010812103052857222,0.025135270820550008,0.024738423288096965,0.03819777032249839,0.022666528540350152,0.23617687606084994,0.10686195602801839,0.21091888532062572,0.0460821267202703,0.10369833212472807,0.012370805409239056,0.22126242140745403,0.07974882260596547,0.08987879415725682,0.11723258612308649,0.0025548056004908795,0.015006893034449235,-0.049199531433033974,0.0397389412617839,-0.05783455123556647,-0.14676664886962204
#11,0.26662735379196584,1.0,0.12218760210058252,0.17845707591900486,0.0938377068906438,0.05727992094924655,0.16783144339344486,0.13948792324426842,0.18964052626126593,0.43441098422969343,0.13989911466343663,-0.029631282423160595,0.03540708747380249,0.15555785766083083,-0.0039700690897210116,-0.19220170692251912,0.262308250125509,0.02608356110894182,-0.05657228920463148,-0.2564272565722892,0.13450740702372319,-0.25130648901497343,-1.1156356334021309e-05,-0.008276422634653237,-0.07093370733689805,0.005825211771549698,0.10283769892181785,0.06325494664871024,-0.09928041501645563,-0.10763493214544702,-0.12621823426754536,0.10883981862952131,-0.028775430515822105,0.057265577062531374,0.12446668632310402,0.19660687390926695,0.12023364597693821,0.12167281594402697,-0.05029285435376806,0.0016447656766728558,-0.1558287977432285,0.1482361003753317,0.018068515965542795,0.08691917219836001,0.1311541250627545,-0.11087505677788491,0.18931061686681702,0.09904135023786946,0.019949158890420673,-0.0487293707018145,-0.027261353584776354,-0.15479444413454566,-0.16337686968578918,-0.257364390504347,0.13757540501557905,-0.3459888914566217,-0.07449896006821315,-0.24423654662958505,0.09611360358278415,-0.034034855644717865,-0.0051382989744121,0.022151742383794595,0.18241439488720126,0.1651061049175625,0.03012375586704811,-0.0508458908748974,0.1472878100869399,0.15123237893361172,-0.12421327765780267,0.17247886268916002,-0.014689733761524914,0.016200623162189516,-0.0930009801655922,0.115402943684307,-0.023100032672186407,-0.21742622859374128,-0.06477380487532772,-0.12275338874323646,-0.05250340667309485,0.055587342316856456,-0.04905290503550112,-0.10258269649132594,-0.03299253321008216,0.08500665396967065,-0.02810445537059025,-0.11094518244627019,-0.03286821952521735,0.04447561140817123,-0.13046402473523575,0.08458589995935899,0.07794786794061631,0.034987927228681395,0.05162842958346947,0.026309875766003396,0.1405445895656193,-0.007095442628437552,0.028008829459155782,0.103589956091769,0.10952513766146833,0.13975408203109435,-0.0631513519113229,-0.008003888787065002,0.10777677724740814,0.07106439608252516,-0.05702651228394521,0.1289754480472392,0.03211914988564735,-0.12070221294296711,0.03575293452015715,-0.01164882977790882,0.1401573046243097
#12,0.2832056993043215,0.12218760210058252,1.0,0.3029173871813466,0.2525623759851461,0.4198296265011276,0.015116862832598874,-0.02802954840663325,0.046553881216680346,0.23895321502283068,0.12386583684625745,0.4007187881009491,0.1862330562838177,0.03907434117731435,-0.3120225677150985,-0.41733538397787856,0.4106447577078469,0.5807696292105284,-0.20789391898891535,-0.37898620596227556,-0.27221987584569163,-0.33112703105451474,0.04586059335878045,-0.2922630668823562,0.29845006335216634,0.1543609400027094,0.3910207269163034,0.33538716540892033,0.23454326674051112,0.2088230840950203,0.31382511614563824,0.14910151487381365,0.48943891496465824,0.21897696212417025,0.06875981161695448,-0.01831236203970069,0.03206336810397724,-0.2385276797169473,0.033183785032951094,-0.06957422562933803,-0.027215134394249694,-0.1683223230721418,-0.15275283092541975,-0.2414761453195101,0.0028815274645586464,-0.2798109794483979,0.36300392863119474,0.4032162181545793,0.28352763987281754,0.332395668146212,0.36087147080620613,0.3253719449513503,0.1636637474200926,0.16806253934607815,-0.17576042521655286,-0.14179728900541083,-0.09642120026456502,-0.2697336021483955,0.2100200017531417,0.19735753731402753,-0.04577931133406115,0.24999003896755892,-0.2742471451681024,-0.11835619058244148,0.36723537521217,0.06558821888771127,-0.14996374184191444,0.01738479069878635,-0.027709201603327783,0.033419662281156115,0.21995872148156412,0.21108144937006432,-0.1335575229701408,0.1544725035660496,-0.42585246515630854,-0.08294272804787671,0.1940680059606818,0.1315541601255887,-0.05119492545163321,-0.2258907155208823,0.13607248444086734,0.14952705017969703,-0.03794754918757819,0.0727537871845341,-0.026580815848401055,-0.03918590474065456,0.22840567699160882,-0.0926136952242826,0.13576010646351472,-0.013183625656432038,0.06514037086915984,0.2153718652630908,-0.003974850385292735,0.0012957310999370463,0.08898628565053511,0.48052179872339407,0.0810078971065193,0.5359975774769103,0.44787830009004775,0.25734367155686955,0.5323143861214927,0.3056188191793703,0.47734542469857916,0.17703862489939357,0.5302488664345082,0.45944266031285613,0.4706308919506889,0.06985632206806972,0.1296623608443768,-0.30105746320394616,-0.00175314170963192
#13,0.2994987608475643,0.17845707591900486,0.3029173871813466,1.0,0.08004366916622174,0.35132800484504617,-0.010428005641928775,-0.0026823068157368376,0.06980372781678075,0.31969973463809576,0.1546302863199165,0.17109706826893195,0.13157487907306617,-0.05003307062770442,-0.11364502067910334,-0.11054036608786427,0.3213492816103404,0.09159687303269609,0.02821123763835874,-0.04305875415375053,0.05385491955470201,-0.06916622174055097,0.17046593725346446,0.12145128258253711,0.029181840639418595,0.2992373833563101,0.35526779239614625,0.2949246547506156,0.010973073337105245,-0.03662950537497311,-0.036152969582991336,0.017540979687462648,0.04478639562033326,0.024308106686641857,0.09280016575157982,0.12642064244674833,0.04929196981408729,0.146380957693503,0.04651722461729713,0.14997330443305787,-0.13691558622668124,-0.025541680944146498,-0.02106638828901338,0.011789081114679374,-0.09083983456717322,-0.23448429742845986,0.2792706930487931,0.2601407294663277,0.31843747260716077,0.20192048705464224,0.16173688530468805,0.03479826917100304,-0.09022145367323033,-0.02525002191427137,0.011102168317541777,-0.083847986676123,-0.26284853652511375,-0.08073058196335933,-0.03668369339145264,0.047159511989098644,-0.17504323088079432,-0.0009482902883918113,0.02100582521177155,0.1012550900875774,0.2590378439544502,0.09141837133135175,0.13925363976125396,0.07280160014025133,-0.07213859382097236,0.14107212584369944,0.016348843324912942,0.251255488528875,-0.0788850018726741,0.03181314696905705,-0.05086660982237487,-0.15762975240857766,-0.20111244810302098,-0.17197363912374788,-0.09499637418419145,0.006461124082588912,0.007959263361728917,0.05453705105626788,0.08021420204161321,0.04235430993951661,0.11758321446501287,-0.21147829690251735,-0.13044011825737714,-0.1833610914104025,-0.07138952418140235,0.05497533648367586,0.12038824120042395,0.06025069926447736,0.035019802532492886,-0.11103124576656122,-0.061946465427248604,0.1302855230338914,0.147879096972643,0.33783678250683324,0.15754209532309604,0.14315836447816144,0.13757062372000733,-0.015351146315613321,0.1388838862370407,0.06837412044083545,0.09831937460653922,0.11918813601192137,0.07344388751205284,-0.20763094773247057,0.24123548677573334,-0.23915562320203365,-0.21908852568751047
#17,0.1511016901879846,0.0938377068906438,0.2525623759851461,0.08004366916622174,1.0,0.11346492521256843,0.0762505080126545,0.15743690682051814,-0.15035102678322404,0.13420459163751405,0.08966841715210098,0.5129867956553961,0.3073321167592379,0.10440437010415256,-0.061830120568336665,-0.23817545760983033,0.029993067121421,0.06720270302576321,-0.15180613440221852,-0.10860075385093514,-0.1517328212034521,-0.2179505773414403,-0.17657802675931755,-0.10270541641100017,-0.029481468495246594,0.014562232546278957,0.08859581317884437,-0.013059311971567228,0.39522667325422944,0.29752886707201426,0.22934121715847605,0.22478783000900476,0.24621440923108798,0.12962729801018416,0.2746583365872706,0.10127421526986428,-0.06677557395468925,0.019338746822430652,-0.16629505374973105,0.020825729745236634,0.18561308162468423,0.17172023045844656,0.04943700244642957,0.05382145048569994,-0.13265545187227565,-0.11707002207364789,0.12956673493294232,0.0772928304472902,0.04393373124337591,-0.11593047996238715,-0.13265067057670393,-0.09758305508849381,-0.1051821275171529,-0.09808668488871534,-0.1354429471905904,-0.20844376797966355,-0.1291380120966778,-0.17401047103730208,0.06584640884858434,-0.009570559969399709,0.05873662233343162,0.1646375379515336,0.09568966204209134,0.09130680776801153,0.07200631131015467,0.12574329224075417,-0.012901529217700356,0.06524396560654719,-0.17559148610635195,0.04592593773159401,-0.10627545043788698,-0.0021324578249886446,0.04447561140817123,0.2534182278924846,0.008928272597598196,0.09501071807090661,0.21246961885105467,0.049575660018009546,0.06161974356318084,-0.05089848512618636,0.08810652726533799,0.22177402003362845,-0.23983616093840895,0.1585748551665883,0.3382591302823355,0.09470312138912575,0.3038306146355457,0.20925658822685653,0.17939420985106264,0.17195292017627042,0.21211420921355656,0.07345823139876802,0.03484926965710142,-0.00856967542971894,0.17106359919992986,-0.03719369825243647,-0.080252452406187,0.15608061264333925,0.032783749970116904,0.20162882802476711,0.1934512188319295,0.08173943532899298,0.2072420690259704,0.17516595080046857,0.06408689207819011,0.3118042218839898,0.09670807799886842,0.04516411797049941,0.008512299882858258,-0.1538302161942481,0.1610786602809808
#18,0.15304130242491373,0.05727992094924655,0.4198296265011276,0.35132800484504617,0.11346492521256843,1.0,-0.03818183267059264,0.0005036298002215334,0.06106192574647977,0.1911163528277379,-0.014783765907768809,0.40745085226593564,0.26535871670026856,0.01040888045964188,-0.21892118034250013,-0.16863629481468495,0.21497979902620948,0.37769047486233853,-0.10469443536883712,-0.07889297069862697,-0.012805903306265888,-0.1581333822087992,0.14769422021053638,0.0033373443090629457,0.2256675883942019,0.13374558726262858,0.1300990525065942,0.11330873622389213,0.2271083521264812,0.30969885806724096,0.36260229980317,0.2877574926886022,0.29758146132330326,0.18702515758353322,0.09383292559507207,0.058373243869980634,0.15151128784196224,0.12994126975272732,-0.0004669732008383205,0.1421415422865749,0.12996676999577653,-0.04627815983871096,0.039174748384320536,-0.14543426117030178,-0.0682769007642104,-0.2008733833244348,0.0767557315780666,0.12184813011499016,-0.04133430021754895,0.048005801305293694,0.10318354596817252,0.019875845691654247,-0.023829977129469514,0.013137406465905378,0.022650590888444407,-0.04857158794794763,-0.1686394823450661,-0.16869526412673622,0.01633768696857892,0.12979783088557562,-0.0025340866530134116,0.04587334348030505,0.07602738088597406,0.06447098948911857,0.20606108901975473,-0.13813162906708953,0.017368853046880604,0.08994254476487978,-0.07656926105076939,-0.0019475810628820057,0.0627831921523002,0.1692020814573389,0.04968722358134976,0.022029022464120362,-0.16404943859621163,-0.16257839332531138,-0.04581596793344436,0.05078054650208385,0.04386679310537179,0.1274581835858123,-0.04937643936918774,0.3106057104606778,0.08030026536190422,0.112268007554447,0.14326992804150165,-0.27233781446979416,-0.0506084198615018,-0.12838416116153606,0.13540150929563546,0.16470447608953773,0.1453705105626788,0.16522723107204615,0.06237359449832256,-0.07222146961088223,-0.027390448565212888,0.20005259425128896,0.06105714445090805,0.2968005163799217,0.22743188646016782,0.16555076540573277,0.18056243973575373,0.3153630995545426,0.41256046346691744,-0.028910900557020933,0.36005865055901315,0.18765947612938186,0.3726717082772195,-0.017266852074683838,-0.010284566774777073,-0.14928798540111085,-0.08599956968339854
#26,0.10800787320004143,0.16783144339344486,0.015116862832598874,-0.010428005641928775,0.0762505080126545,-0.03818183267059264,1.0,-0.0617281195961399,0.1115316880364016,0.26186996469810103,0.2275769190925101,0.1469993385874459,0.27632063368103976,0.3621209827156165,0.051980651690586424,0.08465124433217254,-0.11072364908478034,-0.09164946728398506,-0.23397429256747604,-0.16538342006072246,-0.1085162842958347,-0.06729195387643538,-0.24859549442580625,-0.018393644064419987,-0.32887344707504246,-0.12370805409239057,-0.10817362477986119,0.009170524906565516,-0.09954976133366271,0.08069711289435727,-0.029294997967949384,0.1044203077560583,-0.18405119173792125,-0.001214449075217748,0.03188805393301405,-0.0792276613886476,0.0013021061606993442,0.06494115022033804,-0.19897839651284177,-0.08615735243726541,0.14082827976954154,0.22706213293595454,0.13608364079720134,0.32400927571340915,0.16445903625018926,0.1815330427368136,0.002731713536644646,0.05654997649196344,-0.16138147566718997,0.028180956099737826,0.010289348070348795,0.000549848990748193,-0.2647419295715162,-0.23468033054690052,-0.2399572870928926,-0.24472423877790087,-0.210239941349441,-0.011875144434970395,0.04915012471212616,0.05113276860920081,0.07396983002494242,0.01694013021061607,0.20368000382503645,0.26440245758592384,-0.06082604849827475,-0.09250053789575181,0.09825562399891624,0.42448979591836733,-0.09334523344675628,-0.01521567627441449,-0.17675812222585247,-0.13827028663866953,-0.3026480408641395,-0.14554423096845143,-0.18839738941261783,-0.12596482560224403,0.04573309214353449,0.04545896453075569,0.13237654296392512,0.09777430691136275,-0.06393229685470439,0.015207707448461618,-0.2584146817649356,0.06945947453561667,0.06482002406585438,0.1993385874459116,0.11599263680481954,0.24549243359975775,0.1446150658623465,0.04273681358525448,0.12694499119444733,0.10100168142227606,0.12686689670010917,-0.08693351608507519,0.035955342699360106,-0.1399708340970125,-0.02670991082883759,-0.15102359569364646,0.008686020288630875,-0.03584856043159161,-0.07524006088183029,-0.09514937564248659,0.12013642630031318,-0.009851062642940816,0.002245615153519432,0.09968363760967097,-0.06465267872084406,0.10742774267067233,0.046606475467969304,-0.0725099411103762,-0.05225318553817466
#49,0.43482217564886166,0.13948792324426842,-0.02802954840663325,-0.0026823068157368376,0.15743690682051814,0.0005036298002215334,-0.0617281195961399,1.0,0.11621576393149997,0.12157559626740193,0.20317478025962435,0.14703440142163854,0.2116822988469109,0.05054785678425997,-0.009763405557459219,0.013470503390735442,0.1518571348883169,0.07778689765636829,0.11734893098199842,0.026953756902995483,0.09385842583812128,-0.02559905649100718,0.1408936241423551,0.10119133947995441,0.21436141813226658,-0.04744479595821147,-0.25051120018487677,-0.42156842432404434,0.18245902031253736,-0.052108152905832386,-0.09796555873423168,-0.34275832941532725,-0.021737363434245233,-0.21738160316840519,-0.13273832766218552,0.022633059471348086,-0.013118281283618485,-0.16874945214321574,0.012447306138386632,-0.08634860426013435,-0.0726039732566201,-0.12698005402863996,0.015805369394927046,-0.10540206711345218,-0.1363912374789822,0.06294894373211994,-0.2562232546278957,-0.3413191594482385,-0.09679573508435002,-0.2993983536405581,-0.27220871948935765,-0.3368406792627242,0.06837571420602602,-0.10924463498792723,0.08113539832176525,-0.11932201228792962,-0.1263234227701233,-0.17267489580760068,-0.0521448095052156,-0.20358437791360198,-0.004588449983663907,0.010007251631617115,-0.04789423774195348,-0.10956816932161384,-0.13147765939644113,-0.1819506092167441,-0.0034983145933109674,0.11241304018678928,0.1903099076413072,0.09877200392066236,0.058261680306640425,0.001625640494385962,0.31537425591087664,0.24626700348237693,0.05020838479866761,0.04430826606316091,-0.20969168612388336,-0.1296496107228522,0.10892588194981233,0.005788555172166485,0.08540190773693311,-0.1152467546956307,0.11129740455338714,0.17069703320609775,0.06722979703400297,0.14616579939277546,-0.07973288495405972,0.2247177043406195,-0.06585756520491835,0.025294647339607457,0.004545418323518396,-0.03302918980946537,0.026225406210902948,0.09637976236961009,0.14243798261202176,0.167834630923826,0.011797049940632246,-0.06460486576512682,-0.22937149869709697,-0.05775486297603774,-0.1280701894189929,0.08504490433424444,-0.09258181992047111,0.08480265202527712,-0.06365338794635386,-0.03546446302066317,-0.15305245878124776,0.1084286272103531,0.03291922001131573,0.21892914916845302,0.09051470646829603
#50,0.06284056769916088,0.18964052626126593,0.046553881216680346,0.06980372781678075,-0.15035102678322404,0.06106192574647977,0.1115316880364016,0.11621576393149997,1.0,0.23698969630804292,0.07835905935978452,-0.15320864776992404,-0.06331232219557092,-0.03253671636557786,0.07287491333901776,0.05650375730143678,0.10184318944289938,0.06681223055407247,0.07860290543394241,0.017846982604052944,0.09229016089059598,-0.0014614826797567915,0.043243630915857166,-0.006363904405963869,0.08525368757420969,-0.09433336786491246,0.02967590784849668,-0.12584848074333208,-0.1389396680187108,-0.16430922232227527,-0.1566145239821817,-0.08952019698937755,-0.08587684976372431,0.02868458589995936,-0.242255496497701,-0.09091633529632079,-0.04627178477794867,0.07219756313302361,0.04748942138354756,-0.11543641275330906,-0.2043573540310306,0.013226657316577548,-0.190497971933795,-0.03772920335646949,-0.07975201013634661,0.031876897576680024,0.01860083353919467,-0.07640988453171195,-0.03450820390631848,-0.0119373012774028,-0.029438436835101084,-0.17958705543912215,0.029975535704324683,-0.04810142721672816,0.04398791925985544,-0.06274334802253584,-0.19267505518411973,-0.07620110129174669,-0.09630166787527193,-0.07571500290862147,-0.03662631784459196,-0.06665285403501502,0.056231223453848546,0.058610714883376235,-0.06261903433767103,-0.014798109794483979,0.14246029532468982,0.08736702021691144,0.20486735889201443,0.06395939086294417,0.20496617233383005,-0.05275522157320562,0.029114902501414467,-0.04664791336292424,-0.01479492226410283,-0.1666169943182271,-0.11216760034744082,-0.06682816820597821,0.18077759803648127,0.09574385005857088,-0.10145590450158978,-0.00554470909800859,0.08141111969973464,-0.013280845333057081,-0.06245806405342301,-0.18794157256811353,-0.10780546502083847,-0.10091561810198503,-0.008301922877702428,-0.022368494449712725,-0.13614101634406203,-0.08666576353305867,-0.10074986652216529,-0.09682123532739921,-0.048260803735785604,0.04665269465849596,-0.019078963096367012,-0.006923315987855509,-0.023530349273641515,-0.018538676696762266,-0.04845683685422627,0.06724254715552758,-0.08998876395540645,0.01206161496226761,0.02494401899768107,0.0559841898493095,-0.019483779454772927,0.014582951493756425,0.061197395787678605,0.021114201244730613,-0.014622795623520786
#51,0.3543115332818016,0.43441098422969343,0.23895321502283068,0.31969973463809576,0.13420459163751405,0.1911163528277379,0.26186996469810103,0.12157559626740193,0.23698969630804292,1.0,0.28964610443943295,0.12671230147662346,0.33371849325438885,0.2673652670752018,-0.05875893504609966,-0.24161958418666177,0.4328443130473587,0.14365880674800183,-0.13408505924822095,-0.27371323382925994,-0.004499199132991736,-0.2719999362493924,-0.012420212130146865,-0.09214672202344429,-0.05582959462582378,-0.02548111786690467,0.22277171704292806,0.09891863031819521,-0.05427726733020424,0.00024384607415789433,-0.04484536493238451,0.09902860011634486,0.07506793424124823,0.02766616994318227,0.0918646255847126,0.14203954131437815,0.1414323167767693,0.11987664257424954,-0.03088079433257098,0.007328132346261425,-0.046700507614213196,0.12440293571548104,0.008682832758249727,0.0034839707065957974,-0.021353266023316785,0.0705432348652073,0.23976762903521423,0.13387946353863686,0.15040521479970356,0.12180031715927292,0.13161472320283052,0.024018041421957303,-0.15049127811999458,-0.21125198224545577,-0.026228593741284098,-0.3051438771525791,-0.23023531943038833,-0.3092860728828822,0.05990325845293213,-0.12740080803895162,-0.10135071599901187,-0.03747738845635872,0.24240849795599614,0.23014447481452557,0.2187554287626804,-0.09314760656312505,0.06508937038306147,0.25983472654973744,-0.09576616277123891,0.1823363003928631,-0.02600865414498482,0.1051263457354828,-0.15108097124050712,0.03343719369825244,-0.18976483994613075,-0.24864490114671406,-0.19501948377945477,-0.0793408187171784,0.05401429607375945,0.010805727992094925,-0.0701192933245145,0.06474192957151623,-0.16691821593924566,0.12800643881136992,-0.11016583126807927,-0.0666544478002056,-0.036500410394536574,0.12814828391333105,0.02890611926144921,0.16827451011642455,0.1884308584816199,0.014485731817131382,0.04165145949047327,-0.03878746344301094,0.04801536389643714,0.11443234068324713,0.04396082525161568,0.26961725728948355,0.15851110455896533,0.10365530046458256,0.033770290623082504,-0.002299803169998964,0.1641195642645969,-0.03053494728621632,0.03904246587350286,0.13117643777542254,-0.027645450995704802,-0.04237502888699408,0.18223589318585692,-0.13514810063033414,-0.08209325120130051
#52,0.31712739762050857,0.13989911466343663,0.12386583684625745,0.1546302863199165,0.08966841715210098,-0.014783765907768809,0.2275769190925101,0.20317478025962435,0.07835905935978452,0.28964610443943295,1.0,0.10563316306608547,0.11707002207364789,0.24587653101068618,0.1286646638350772,0.136354580879599,0.0698260405294488,0.057707050020320505,-0.08375236076468853,-0.06941803664066173,-0.012292710914900907,-0.035658902373913254,-0.11054036608786427,-0.03488114496091291,-0.137253464447083,0.031185203483970705,-0.08415080206233215,-0.012825028488552782,-0.0008797583851971089,-0.07440970921754098,-0.18759891305214002,-0.18837348293475922,-0.0638765150730343,-0.03262596721625003,-0.011350795687271395,-0.15750862625409398,0.05624875487094486,-0.04970316123325551,-0.09278104056929293,-0.15407884356397772,0.09395245798436516,-0.008767302313350173,0.09730255241495271,0.04596737562654894,0.07091936345018289,-0.015575867207484322,-0.04066651260269825,0.04191443074691806,-0.09604188414920829,-0.0665046338722916,-0.06363585652925755,0.03874602554805601,-0.03516324139964459,0.033832447465514906,0.0001976268836312346,-0.0408131390002311,-0.0895106343982341,0.10430396289714636,-0.0822876905545506,-0.16467260078572624,-0.05015738431256923,-0.029868753436556192,-0.027549825084270334,0.0705496099259696,-0.15197188598203826,-0.15122759763804,0.14134625345647825,0.10186390839037684,0.13193028871056428,-0.01136354580879599,-0.018360174995417925,0.0252356780275562,-0.036038218489269976,-0.060759110360270624,-0.14266589103427393,-0.13388743236458972,-0.08639322968547045,-0.00405135111444031,0.05217190351345536,-0.06167233781446979,-0.008561706603766067,-0.034350421152451606,-0.2712173975408203,0.10916813425877965,0.05289069161440445,0.13796268995688865,0.03836830319788986,0.12093171513040983,-0.033806947222465716,0.02983528436755413,0.057643299412697524,-0.06811433671477181,0.16781709950672968,-0.060465857565204915,-0.04962347297372678,0.05095745443823761,0.20357481532245855,0.022408338579477084,0.03248252834909833,-0.08973694905529568,-0.02828933213269689,-0.18071225366366772,-0.13778896955111603,-0.047771517822279244,-0.07668241837930018,-0.03253034130481556,-0.13551626038935682,0.037695734287467426,0.042363872530660054,-0.039818629521312626,-0.10848281522683263
#53,0.13544772848616213,-0.029631282423160595,0.4007187881009491,0.17109706826893195,0.5129867956553961,0.40745085226593564,0.1469993385874459,0.14703440142163854,-0.15320864776992404,0.12671230147662346,0.10563316306608547,1.0,0.35256476663293196,0.09389826996788563,-0.20005896931205125,-0.20111563563340212,0.12174134784722167,0.2986174086971766,-0.17528548318976164,-0.1245559371737762,-0.14809425527337058,-0.2390711536469332,-0.023997322474479835,-0.11954035811903832,0.06556749994023381,0.06613806787845947,0.13728693351608506,0.08194981233414882,0.38000621568424325,0.422876905545506,0.2626971288320092,0.1398449266469571,0.3010239941349441,0.14778347106120857,0.1919594546135518,0.0012622620309349823,0.03187530381148945,-0.16876538979512148,-0.16090015857963647,0.07475874379427679,0.026139342890611927,-0.025138458350931158,-0.0359617177601224,-0.11096112009817594,-0.147942847580266,-0.13264588928113222,0.1169202081457339,0.1793958036162532,0.06633410099690012,0.03355991361792667,-0.005428364239096654,0.04947047151543163,-0.07496274573867032,-0.025779151957542094,-0.2144522627481293,-0.14970236435066023,-0.20317956155519606,-0.12260357481532246,0.06492043127286057,0.11426021404266509,0.06358485604315917,0.19352134450031477,0.02305221971646917,-0.058199523464208015,0.19861501804939077,-0.005010797759166142,0.06673732359011547,0.12519503701519655,-0.05476974077409175,-0.08517240554949039,0.011261544836599224,0.12533210082158597,-0.03152626923475364,0.21348006598187888,-0.1016790316282702,0.11247519702922168,0.07705376566870403,-0.0006311310154674912,0.04929196981408729,-0.09891225525743293,0.231641020328475,0.3304672122656169,-0.06722342197324069,0.20924543187052252,0.41533839619408874,0.1404266509415168,0.19390384814605263,-0.06006901003275188,0.14187857103013013,0.05295922351759915,0.05022910374614508,0.17878220401788206,0.011425702651228395,0.007846106033198129,0.07159671365617704,0.19443297818932337,0.16715728071783184,0.19841260987018783,0.1623727976157273,0.10988532859453817,0.21980572002326898,0.11030767637004041,0.315305724007682,0.17088987879415726,0.17260795766959655,0.2602777932727171,0.27346141892914916,0.17758369259457005,0.017220632884157178,-0.14519200886133446,0.11985114233120034
#54,0.21573205619616062,0.03540708747380249,0.1862330562838177,0.13157487907306617,0.3073321167592379,0.26535871670026856,0.27632063368103976,0.2116822988469109,-0.06331232219557092,0.33371849325438885,0.11707002207364789,0.35256476663293196,1.0,0.15784172317892406,-0.1082851883432014,-0.202921371594323,0.04161958418666178,0.07442564686944672,-0.06308122624293763,-0.16399525057973208,-0.04567093530110209,-0.11806771908294751,0.06385101482998509,0.06337926033357505,-0.010404099164070157,0.042569468240244164,0.03535130569213238,-0.03741841914430747,0.33581110694961314,0.33279889073942737,0.08486480886770952,0.1511016901879846,0.001780235717871686,0.047537234339264794,0.15223485723848307,0.24683597765541201,0.19274677461769557,0.12492090940241775,0.03931021842551937,0.09056092565882269,0.1609097211707799,0.06710867087951931,0.030251257082294064,-0.07261831714333528,-0.03918909227103571,0.14775159575739708,0.07093370733689805,-0.005300863023850696,0.03976762903521424,0.013559754241407613,-0.005930400274127613,-0.041058578839579564,-0.002487867462486752,-0.1651124799783248,0.007288288216497064,-0.30555347480655676,-0.2473810453505885,-0.2822542214855485,0.04390504346994557,-0.06108742598952896,-0.03550111962004638,-0.01525073910860713,0.124755157822598,-0.002505398879583071,0.019743563180836567,-0.13585413860975862,-0.0538676696762266,0.07193140434619767,-0.0856218473332324,0.07090342579827714,-0.1396696124759939,0.007877981337009619,0.010992198519392139,0.03427392042330404,-0.18248611432077713,-0.19016168747858378,0.00018806429248778778,-0.045624716110575426,0.19168054570520127,-0.01252858816310593,0.09748742917705934,0.14938361131254532,-0.13751165440795607,0.1700260580608659,0.14870147981097945,0.09076492760321622,0.04403254468519153,0.1710189737745938,0.23591071727402402,0.1128991385699145,0.18869542350325527,0.062124967128592945,0.05316960052275498,-0.015223645100367363,0.04527249400345847,-0.006245965781861359,-0.006132808453330571,0.16940448963654184,-0.032702467945397606,0.10474862338531664,-0.018119516451641178,0.07708882850289667,0.19677900054984898,-0.003366032082493286,0.031049733442771878,0.1482663819139526,-0.010075783534811816,-0.002940496776609902,0.00038090988054729894,-0.05158539792332396,-0.002953246898134498
#58,0.12815944026966508,0.15555785766083083,0.03907434117731435,-0.05003307062770442,0.10440437010415256,0.01040888045964188,0.3621209827156165,0.05054785678425997,-0.03253671636557786,0.2673652670752018,0.24587653101068618,0.09389826996788563,0.15784172317892406,1.0,0.025222927906031603,-0.0010152284263959391,0.07743467554925133,0.10225597462725816,-0.10236275689502665,-0.16693574735634198,0.04758982859055375,-0.1133103299890827,-0.1778291324339185,0.0017387978229167498,-0.11948298257217764,0.05412267210671852,0.03195499207101818,0.08594378790172844,-0.01650184478320809,0.10019045494027365,0.017059662599909157,-0.026118623943134456,0.0016352030855294089,0.09146140299149726,0.09858712715855573,-0.0019236745850233885,-0.02309365761142411,0.044700332300042236,-0.1504211524516093,-0.12444915490600769,0.1039836160938409,-0.04366916622174055,0.12003442532811641,0.03759373331527066,0.1462263624700173,0.14151678633186973,0.061049175624955175,0.127751436380878,-0.0599303524611719,0.04634509797671509,-0.053459665787439534,0.07568631513519113,-0.14288264310019205,-0.061197395787678605,-0.11277801241543084,-0.11827809608810334,-0.17376184366757247,-0.09159687303269609,0.11587310441552647,-0.08011698236498817,0.05452908223031501,-0.045686872953007836,0.14727984126098703,0.1427678920064707,0.1362557674377834,0.1220011315732853,0.20270621329359545,0.07553012614651483,-0.031221860083353918,0.04759142235574433,-0.04576177991696483,-0.09758624261887495,-0.23850217947389812,0.08524890627863797,-0.1987887384551634,-0.12660551920885496,-0.1218768178884205,0.038365115667508706,0.088855596904908,0.06069217222226649,0.0011761987106439608,0.0695758193945286,0.0496473794515854,0.2603909506012479,0.04482464598490704,-0.0245615153519432,0.07293707018145017,0.11780793535688387,-0.11505231534238061,0.08542581421479173,0.04731888850815609,0.040709544262843754,0.18937117994405883,0.0199539401859924,0.06185721457657643,0.06185402704619528,-0.007229318904445808,0.04636422315900198,0.27099586417933047,-0.03472017467666489,-0.052535281976906344,0.01596315214879392,0.19448238491023118,0.1720660775048012,0.10436133844400705,-0.0034010949166859246,0.054195985305484945,0.031915147941253816,-0.010252691470965582,-0.11553681996031524,-0.004617137757094247
#101,-0.019955533951182974,-0.0039700690897210116,-0.3120225677150985,-0.11364502067910334,-0.061830120568336665,-0.21892118034250013,0.051980651690586424,-0.009763405557459219,0.07287491333901776,-0.05875893504609966,0.1286646638350772,-0.20005896931205125,-0.1082851883432014,0.025222927906031603,1.0,0.49546812868060147,-0.12042171026942601,-0.32824390982476553,0.43075807441289676,0.21756647993051184,0.5010510881431839,0.09978404481667716,-0.13640080007012567,0.04517208679645228,-0.11259154188813363,-0.38146132330323773,-0.3590115468288057,-0.33600873383324437,0.000957852879535258,-0.06486624325638103,-0.27285100686115915,-0.05136705209221525,-0.4208799177617162,-0.15789909872578473,-0.04722804389229335,0.009473340292774666,0.14785200296440326,0.3120640056100535,0.32909816796691344,-0.037722828295707195,0.23886237040696795,0.32111021683175417,0.1522316697081019,0.35582242268246617,-0.029859190845412744,-0.0030472790443783915,-0.33682633537600903,-0.26728717258086365,-0.37957430531759756,-0.45555546701304495,-0.35273529950832344,-0.2963797623696101,-0.21664209611997864,-0.21827729920550806,0.5510395333455522,0.035885217030974824,-0.19652559188454766,-0.05798595892867104,-0.4355409637498107,-0.2761118504410745,-0.313702396225964,-0.4487373395277674,0.19310377802038425,0.2484297428459865,-0.2512299882858258,-0.05707591900485302,0.19482823195658583,0.07967710317238962,0.2979496210823259,0.030479165504546216,-0.010762696331949415,-0.16619624030791544,0.1107953685183562,-0.22660153479587852,0.17189713839460033,-0.3772984086254572,-0.26567587597319287,-0.3995696833985449,0.04999641402832121,0.18269171003036122,-0.10028608085170812,-0.1188056323661835,0.013083218449425846,-0.09877359768585295,-0.057265577062531374,-0.23148483133979872,-0.3886555793734909,-0.011857613017874077,0.042924877877742275,-0.07629513343799058,0.1634693080668425,-0.40792738805791745,-0.08092502131660942,-0.2870371108224625,-0.15812860091322745,-0.1482791320354772,-0.08128521224967926,-0.33732040258508716,-0.26792467865709346,-0.30402824151917696,-0.4091083680641331,-0.21906302544446127,-0.23244587174971512,-0.15909601638390616,-0.2608308297938465,-0.2871948935763294,-0.402161145598419,-0.32682545880515423,-0.2678465841627553,-0.06083401732422762,-0.13105371785574832
#102,-0.18837826423033094,-0.19220170692251912,-0.41733538397787856,-0.11054036608786427,-0.23817545760983033,-0.16863629481468495,0.08465124433217254,0.013470503390735442,0.05650375730143678,-0.24161958418666177,0.136354580879599,-0.20111563563340212,-0.202921371594323,-0.0010152284263959391,0.49546812868060147,1.0,-0.29001426419845566,-0.3312688761564759,0.14117412681589622,0.5313947836065313,0.29913538238411336,0.5634007761636478,-0.04332013164500474,0.27064204830702293,-0.10419877439456844,-0.021860083353919466,-0.5510841587708882,-0.3841229111714971,-0.1709121915068253,-0.14592673461418929,-0.3468128680601487,-0.2913849022623497,-0.5233717696371794,-0.23717138553976844,-0.12590745005538334,-0.2077982930774809,-0.09737586561371914,0.16083959550239463,0.1164946728398505,0.09219134744878037,0.03547083808142546,0.08091067742989426,0.06478974252723346,0.2611177075281499,-0.030595510363458152,0.2971033317661309,-0.5722700794491947,-0.4819179370303373,-0.49954657380328155,-0.3490903585174796,-0.3284192239957287,-0.1862011809800062,-0.1152212544525815,-0.013594817075600252,0.21712341320753215,0.47027388854800023,-0.1466503040107101,0.41412554088406156,-0.45335288351967107,-0.14974539601080572,-0.19518204782889337,-0.35633083377825947,0.04711169903338141,-0.011223294472025436,-0.4392624054698021,-0.14738024846799322,0.1478551904947844,0.07614372574488601,0.18266461602212147,-0.009390464502864793,-0.22668281682059782,-0.2832981376853748,0.07190749786833905,-0.13737459060156668,0.020197786260150292,-0.12148634541672976,-0.2954792850369355,-0.262843755229542,0.15309389667620268,0.3766752464359426,-0.03511383467873678,0.028843962419016805,0.06925706635641371,-0.10155312417821483,-0.06752464359425926,-0.10683167448939748,-0.2915474663117883,0.079578289730574,0.052971973639123746,-0.07097673899704357,0.07455474184988325,-0.3021460048291085,0.18507917028584178,-0.18321765254325081,-0.23030385133358303,-0.2897066675166748,0.11219628812087115,-0.46116233295348596,-0.4500059766194647,-0.37503048075926976,-0.39378590952195014,-0.1412809090836647,-0.3463570512156444,-0.1887942369450709,-0.3707878778219605,-0.41742144729816955,-0.46121811473515606,-0.15116225326522642,-0.13049111874347552,0.1437528388942457,-0.18725944106654765
#201,0.41411279076253693,0.262308250125509,0.4106447577078469,0.3213492816103404,0.029993067121421,0.21497979902620948,-0.11072364908478034,0.1518571348883169,0.10184318944289938,0.4328443130473587,0.0698260405294488,0.12174134784722167,0.04161958418666178,0.07743467554925133,-0.12042171026942601,-0.29001426419845566,1.0,0.4141111969973464,-0.004814764640725482,-0.22746057423359817,-0.05514427559387675,-0.2554407159193236,0.09874331614723203,-0.13546525990325844,0.24768386073679766,0.049488002932527954,0.3236490847803393,0.1157392281395182,0.18125891512403478,0.10379873933173425,0.18964052626126593,-0.007484321334937724,0.29050195634677145,0.08179999840623481,-0.008942616484313366,-0.007047629672720318,0.15055502872761756,-0.004142195730303055,0.0011140418682115563,0.029859190845412744,-0.15596745531480846,-0.28164859071313025,-0.11161137629593032,-0.19284080676393947,-0.09153471619026368,-0.13955645514746312,0.3146092486194009,0.1844544143311366,0.3429256747603376,0.17034959239455252,0.23870936894867278,0.061184645666154,0.024955175354015095,-0.01283140354931508,0.13070787080939364,-0.08464327550621967,-0.2106399764122752,-0.4055574592195332,0.18115213285626627,-0.0851596554279658,-0.2187315222848218,-0.015802181864545895,-0.022910374614508046,0.09269019595343019,0.35026815099331415,-0.06664966650463387,0.04686147789846122,0.06907378335949764,0.0993696658671278,0.15482631943835715,0.2419494935811107,0.29248141271346495,-0.07732470575110169,0.06815418084453617,-0.2603208249328626,-0.18582823992541178,-0.1938241598865239,-0.15089450071320992,0.06546709273322761,-0.01799839029715752,-0.0771366414586139,0.012383555530763653,0.028974651164643914,0.14237901329997052,-0.0963606371873232,-0.1843412570026058,-0.11940966937341121,0.007337694937404872,-0.058260086541449846,-0.01973400058969312,0.06230825012550901,0.0010949166859246628,-0.09867159671365618,0.07300560208464486,-0.003965287794149288,0.465840033787822,-0.00814254635864498,0.45990644598331326,0.27780124154308344,0.23983456717321838,0.26507183896596515,0.39650009164149846,0.2906294575620174,0.15329630485540566,0.25414976611495826,0.23199483620078254,0.20666512602698245,-0.08964610443943294,0.15489325757636127,-0.1594992389771215,-0.0964355441512802
