,#10,#11,#12,#13,#17,#18,#26,#49,#50,#51,#52,#53,#54,#58,#101,#102,#201,#202,#301,#302,#401,#402,#501,#502,#601,#602,#701,#702,#801,#802,#901,#902,#1001,#1002,#1101,#1102,#1201,#1202,#1301,#1302,#1401,#1402,#1501,#1502,#1601,#1602,#1701,#1702,#1801,#1802,#1901,#1902,#2001,#2002,#2101,#2102,#2201,#2202,#2301,#2302,#2401,#2402,#2501,#2502,#2601,#2602,#2701,#2702,#2801,#2802,#2901,#2902,#3001,#3002,#3101,#3102,#3201,#3202,#3301,#3302,#3401,#3402,#3455,#3501,#3502,#3601,#3602,#3701,#3702,#3801,#3802,#3901,#3902,#4001,#4002,#4101,#4102,#4201,#4202,#4301,#4302,#4401,#4402,#4501,#4502,#4601,#4602,#4701,#4702,#4801,#4802
#10,1.0,0.1852381501556914,0.05046707415523008,0.05158958982047438,0.15829777418982816,0.12292315380771153,0.2733171875600661,0.4186214585015185,0.014546572867412448,0.10575481490024219,0.26823511321262444,0.18031753354092184,0.04686887325567985,0.2010225656402568,-0.08032137777265214,0.15577595817475878,0.24839118902087418,0.2151462730173375,0.07297120670434014,0.20422865490331757,-0.08280475147041863,0.13451735670626225,0.10929919655556837,0.19116595548379656,0.014431245915503786,0.1689693614731096,-0.0008380425172029369,0.1951024487756122,-0.030923000038442318,0.16617844923692,0.014861799869296121,0.02082035905124361,0.020266789682082037,0.015000192211586515,0.08880944143312959,0.14295160112251568,-0.17452812055510705,0.10414023757352094,-0.15347710760004613,-0.040625840925691,0.16687809941183254,-0.0111944027986007,-0.23655864375504557,0.10303309883519779,-0.2935378464613847,-0.11858686041594588,0.1677699611732595,0.06003152270018837,-0.12031676469457579,-0.0422942374966363,-0.030200284473148042,-0.028977818782916234,-0.12845115903586668,-0.05342713258755238,-0.1319109675931265,0.16660131472725176,-0.3513781570753085,-0.013454811056010456,-0.34218275477645793,-0.2624457002268097,-0.16364125629492945,-0.03904201745281206,0.28171298965901664,0.12310767693076538,0.30909160804213276,0.17797255218544575,0.24308614923307578,0.28165148195133205,0.23815784415484564,0.16126552108561104,0.3701303194556568,0.1683312190058817,0.07816091954022988,-0.1559374159074309,0.04292469150040364,0.13611655710606235,0.01314727251758736,-0.15124745319647867,0.15945104370891477,0.18830584707646178,0.25422673278745245,-0.08601084073347941,,0.2687271748741014,0.10382501057163726,-0.21025641025641026,-0.23958020989505247,0.08746396032752854,0.19373390227962942,-0.10369430669280744,-0.08015223157651943,-0.14478145542613308,-0.1494329758197824,-0.279214239034329,-0.284180986429862,0.153115749817399,0.13197247530081113,0.015338484603851921,0.21846768923230692,0.09575212393803098,-0.009910429400684274,0.016545573367162572,0.08269711298197055,-0.01548456540960289,0.06870410948371967,0.19815476876946142,-0.0052665974704955215,0.03367546995732903,0.20866489832007074,-0.27402452619843926,-0.29931188252027835
#11,0.1852381501556914,1.0,0.3197478183984931,0.35687540844962135,0.09360704263252989,0.3183023872679045,0.34818744473916885,-0.031730288701802944,0.28168992426863493,0.5551455041709914,0.19243455195479184,-0.027916810825356554,0.0007380924922154307,0.2554953292584477,-0.09443739668627225,0.1179333410217968,0.4851651097528159,0.35327720755007114,0.008772536808518817,0.047891438895936646,-0.2567177949486795,0.06765078998962057,-0.020366739707069544,0.03635105524160996,0.4022604082574098,0.24516972283089225,0.122423403682774,0.3006881174797217,0.15084765309652867,0.12712874332064736,-0.055380002306539035,0.036912313074232116,0.019059700918771384,0.1773036558643755,0.13332564486987275,0.23918040979510244,-0.04254026832737477,0.22297312882020529,0.07332487602352669,0.23512090108791758,0.23111521162495674,0.014761849844308615,-0.2449083150732326,0.1953715449967324,-0.29675162418790607,-0.12131626494445086,0.22965440356744704,0.19229615961250143,0.15572213893053474,0.14844885249682852,0.04830661592280783,-0.09978087879137354,0.05807096451774113,-0.01089455272363818,-0.19220389805097451,0.17126821204782225,-0.26275323876523277,0.036420251412755164,-0.07263291431207473,-0.0869718986660516,-0.16353361780648137,-0.1359704763003114,0.20605082074347442,0.16873870756929227,0.14817206781224773,0.23585899358013301,0.2523661246299927,0.22131242071272056,0.11648790989120825,0.2510052665974705,0.31390458616845424,0.34459693230307925,-0.12362280398262407,0.029692845884749932,-0.06470610848421943,0.06528274324376274,-0.15703686618229346,-0.11259754738015608,0.1960173759274209,0.1686310690808442,0.24397801099450275,-0.3306269941952101,,0.20755007111828702,0.07856071964017991,-0.05038250105716373,-0.1417137585053627,0.06055433821550763,0.04147157190635452,-0.263368315842079,0.029585207396301848,0.05965478799062007,0.021297043785799406,-0.14941759889286127,-0.21865221235536078,0.04370122630992196,0.11245915503786569,0.2125937031484258,0.09597508937838772,0.11285126667435513,0.07676930765386537,0.1096605543382155,0.3705608734094491,0.23820397493560913,0.2940991042940068,0.14459693230307924,0.10195671395071695,-0.13756198823665092,-0.06335293891515781,-0.25510321762195826,-0.20382885480336754
#12,0.05046707415523008,0.3197478183984931,1.0,0.5753046553646254,-0.0890093414831046,0.4325375773651636,0.040310613923807324,-0.1731211317418214,0.04657671164417791,0.29841233229539077,0.00399800099950025,-0.12292315380771153,0.1655326183062315,0.005581824472379195,-0.3984392419175028,0.0960212201591512,0.6970822281167108,0.4544496982278092,-0.11089839695536848,-0.1245684849882751,-0.3434590397109138,-0.274847191788721,0.22870103409833545,0.19562526429093147,0.34524276323376774,0.18004843731980164,0.24877561219390304,0.4288778687579287,0.001122515665244301,-0.02798600699650175,0.07304040287548533,0.199254219044324,0.2769615192403798,0.16524814515819014,-0.09905047476261869,-0.0809133894591166,-0.42250413254911007,-0.11936339522546419,0.06253796178833661,0.48148233575519933,0.2126167685388075,0.09922730942221197,-0.18909007034944067,0.0402183523622804,0.10232576019682467,-0.017960250643908816,0.4015607580824972,0.5394610387114135,0.15606043132280015,0.31773344097182177,0.028062891631107523,0.33070387882981583,0.3783031561142506,0.4158766770460923,-0.362357282897013,0.18895936647061085,-0.12435320801137893,-0.011855610656210356,0.22451082151232077,0.3349555991235152,-0.0062891631107523166,-0.03675085534155999,0.0410333294891016,-0.04978280090723869,0.24314765694076038,0.10148771767962173,0.022219659401068695,-0.29246146157690384,-0.25314265943951103,0.09488332756698574,0.09528312766693577,0.04463153038865183,-0.3052550647753047,-0.17303655864375506,-0.20342905470341752,-0.1348018298543036,-0.23000038442317303,-0.06902702494906393,-0.09601353169569062,0.039926190750778454,-0.018882866259178104,-0.06016991504247876,,-0.02250413254911006,-0.20338292392265406,0.06405258909007035,-0.08692576788528812,-0.24861415446123092,0.0012070887633106524,-0.24224041825241224,0.056694729558297775,-0.028985507246376812,0.2897320570483989,0.04468534963287587,0.059716295698304694,0.1788336600930304,0.2052127782262715,0.44516972283089223,0.4245569522930842,0.2298696805443432,0.4027601583823473,0.07466266866566716,0.10716180371352785,0.24012609080075348,0.345565678699112,0.466697420520509,0.4342521047168723,-0.15251604966747395,0.09671318187060315,-0.0421558451543459,-0.0231038326990351
#13,0.05158958982047438,0.35687540844962135,0.5753046553646254,1.0,-0.026179218083266058,0.4976281090224119,0.06024679967708454,-0.12694422019759352,-0.04761465421135586,0.5751278207050321,0.0835351554991735,0.053204167147195634,0.23043862684042593,-0.08944758390035751,-0.1842463383692769,0.08953984546188444,0.5040402875485335,0.2525352708261254,0.0146311459654788,-0.16819282666359128,-0.18207819167339406,-0.2341214008380425,0.3396301849075462,0.11161342405720216,0.4559412601391612,0.3877907200246031,0.18814438934378963,0.2356898473840003,0.07447045707915273,-0.017783415984315536,0.09165417291354323,0.21955945104370891,0.07985238150155691,0.27118748318148617,0.09903509783569754,0.04074885634106024,-0.14715719063545152,0.03981855226233037,0.19268058278553032,0.3958251643409065,0.27422442624841425,0.004836043516703187,-0.10077269057778802,-0.11018336985353477,0.06352977357475109,-0.10614692653673163,0.11842540268327374,0.26755852842809363,0.021719909276131166,0.15616806981124823,-0.017068388882481834,0.1673701610733095,0.2416484065659478,0.1786030061892131,-0.17254449698227808,0.35701380079191175,-0.08066735862837812,0.054918694498904394,0.2513820013070388,0.14881789874293622,-0.13428670280244492,-0.22706339138123247,0.09148502671741053,0.09712067043401376,0.1809172336908469,0.21148656441010263,0.03357551993234152,-0.07313266443701226,-0.1347018798293161,0.0380732710567793,0.0927536231884058,0.06984969053934571,-0.18138622996194212,-0.0707031099834698,-0.229400684273248,-0.18636835428439627,-0.38071733364087185,-0.30367124130242573,0.14100641986698959,0.14605005189712836,-0.07425518010225657,0.026409871987083382,,0.1339560988736401,-0.1563449044708415,-0.03978010994502749,-0.10887633106523661,-0.34074501210932995,0.12421481566908853,-0.10562411102141236,0.06960365970860724,0.17474339753200324,0.1659016645523392,-0.02632529888901703,-0.015523007726905777,-0.06367585438050205,0.2597854918694499,0.18862876254180602,0.05138200130703879,0.19569446046207664,0.1791411986314535,0.18946680505900895,0.1385845538769077,0.18218583016184214,0.24708415023257602,0.29560604313228,0.1783954176757775,-0.3220620459001269,-0.07531618805981624,-0.1496482527966786,-0.13810018067889132
#17,0.15829777418982816,0.09360704263252989,-0.0890093414831046,-0.026179218083266058,1.0,0.28079806250720796,-0.009426056202667897,0.16759312651366626,-0.011263598969745896,0.016830046515203936,0.023788105947026485,0.3241840618152462,0.20116864644600777,0.0409333794641141,-0.04052589090070349,-0.10121862145850152,0.009825856302617921,0.2276630915311575,-0.02881636105024411,0.18862876254180602,0.17086072348441164,0.10165686387575443,0.056994579633260295,0.0761849844308615,-0.04521585361165571,-0.025917810325606427,-0.10530119555606812,0.09593664706108485,0.0892476838503825,0.290585476492523,0.4138853650098028,0.1248375812093953,0.26559028178218586,0.08345827086456771,0.3849383000807289,0.1484104101795256,0.020866489832007073,-0.06233037327490101,-0.04220197593510937,-0.013816168838657595,0.039172721331641874,-0.05161265521085611,0.005720216814669588,-0.023703532848960134,-0.0999654019144274,0.13842309614423556,-0.1210317917964095,0.0363741206319917,-0.06262253488640296,-0.035136278014838734,0.20058432322300387,0.21841386998808288,0.14973282589474493,0.09354553492484527,0.08484219428747165,-0.10760773459424135,-0.09545996232652905,0.17744973667012648,-0.2336139622496444,-0.20930304078729867,-0.3651635720601238,-0.34508899396455617,0.13899973090377887,-0.01987467804559259,0.2965286587475493,-0.08272786683581286,0.3021796793910737,0.022642524891400454,0.10587014185215085,-0.014661899819321108,0.24540037673470957,0.018821358551493483,0.2572636758543805,0.24251720293699305,0.22159689386076192,0.34871026025448815,0.029539076615538385,-0.2602621766040057,0.08361204013377926,-0.004651520393649329,-0.08232037827240227,0.14358205512628303,,0.20616614769538308,0.25581824472379194,-0.22203513627801483,-0.32124706877330567,0.03056164225579518,0.13786183831161342,0.22165071310498596,0.3200630454003767,0.1528774074501211,0.07608503440587398,-0.3794564256333372,-0.30547034175220084,-0.2580094568100565,-0.1937646561334717,-0.08137469726675124,0.0384500057663476,-0.05510321762195825,0.024087956021989005,0.48378118632991196,0.266697420520509,0.2004459308807135,0.009925806327605428,0.14941759889286127,-0.08732556798523815,-0.20565870910698497,-0.22345750201822165,-0.3986160765770961,-0.3637642717102987
#18,0.12292315380771153,0.3183023872679045,0.4325375773651636,0.4976281090224119,0.28079806250720796,1.0,0.05651020643524392,0.013808480375197017,0.033206473686233806,0.3429131588052128,0.049306116172682886,0.4027140276015838,0.5269672855879752,0.23469034713412523,-0.3158267020335986,0.025225848614154462,0.35116288009841234,0.2694191365855534,-0.1404912928151309,-0.03911890208741783,-0.2033367931418906,-0.2649598277784185,0.02931611117518164,0.16007380924922154,0.36916157305962405,0.2860646599777035,-0.14353592434551954,0.25496482527966785,0.26833506323761197,0.5341790643139969,0.39046630530888404,0.26054664975204705,0.32436858493830006,0.2120401337792642,0.15785184330911467,0.2238188598008688,-0.10993733902279629,-0.11402760158382347,0.021727597739591743,0.2580402106638988,0.23242993887671548,0.08535732133933034,-0.006073886133856149,0.12873563218390804,-0.027939876215738284,0.012155460731172876,0.20262176604005688,0.16895398454618846,0.018959750893783878,-0.032499135047860686,-0.19762426479068157,-0.007773036558643755,0.14162149694383577,0.08891707992157767,-0.15126283012339983,-0.0032060892630607772,-0.20588167454734171,0.03269134663437512,0.180133010417868,0.16377964863721986,-0.16984584630761543,-0.15931265136662437,0.28513435589897357,0.16476377196017375,0.12410717718064045,0.08105947026486757,0.35479952331526543,0.1594433552454542,-0.1282051282051282,0.1541690693114981,0.15353861530773075,0.041302425710221816,-0.1438665282743244,0.19052781301656863,0.04686887325567985,0.09971937108368892,-0.19784723023103834,-0.23326798139391844,0.12593703148425786,0.057317495098604544,0.13143428285857073,0.291131357398224,,0.26281474647291736,0.3761503863452889,-0.01181716833890747,-0.08641064083342943,-0.32004766847345556,0.14159843155345403,0.1971475800561258,0.35878214738784453,0.31877138353899975,0.299227309422212,-0.104593856917695,-0.02842424941375466,-0.19861607657709607,-0.012355360781147887,0.25517241379310346,0.15053242609464498,0.21979010494752624,0.19219620958751393,0.3607119517164495,0.2485526467535463,0.1745819397993311,0.2918310075731365,0.2714873332564487,0.29060085341944414,-0.17729596740091494,0.03907277130665437,-0.2573021181716834,-0.12318456156537116
#26,0.2733171875600661,0.34818744473916885,0.040310613923807324,0.06024679967708454,-0.009426056202667897,0.05651020643524392,1.0,0.030269480644293238,0.15607580824972128,0.3351324337831084,0.4122246569023181,-0.11433514012224658,0.2105101295506093,0.23662783992619074,-0.14588859416445624,0.2932610617768039,0.1629108522661746,0.22110483219928498,0.046422942374966365,0.06918079421827547,-0.38719870833813863,0.1412678276246492,0.07856071964017991,0.09179256525583362,0.18583016184215584,0.29575212393803096,0.036497136047360934,0.1321877522777073,0.015461500019221159,0.1274209049321493,-0.10563179948487295,0.05651020643524392,-0.044024141775266215,0.23675085534155998,-0.012916618613770038,-0.07549302271940952,0.03259139660938761,0.34428170530119556,-0.21365471110598547,0.0634913312574482,0.18320070733863839,0.09863529773574752,-0.2730480913389459,0.1568907853765425,-0.2791066005458809,-0.20900319071233614,0.08245877061469266,0.16348748702571791,0.02344981355476108,-0.0069965017491254375,-0.02978510744627686,-0.041702225810171835,-0.1905047476261869,-0.04586937300580479,-0.22307307884519278,0.22801676085034406,-0.42983123822704034,-0.24812978126321455,0.026309921962095875,0.04320147618498443,-0.07749202321915966,0.1368162072809749,0.3730519355706762,0.2717256756237266,0.023672778995117827,0.2149771268212048,0.2288471149040864,0.44796832353054244,0.15363856533271825,0.313035789797409,0.07149502171990928,0.1372621381616884,-0.09028562641756045,-0.1032329988851728,-0.2566485987775343,-0.14220582016683966,-0.2051358935916657,-0.02182754776457925,0.3094914081420828,0.45170491677238306,0.31832545265828627,-0.4068350440164533,,0.14721100987967556,0.13770806904240188,-0.022719409526006228,0.09713604736093492,0.1921347018798293,0.025825548764079498,-0.18388498058662975,-0.14093722369584438,0.11904816822358051,0.07184100257563526,0.0865951639564833,0.12711336639372622,-0.0776765463422135,0.4084496213431746,0.06830430938376965,-0.054734171375850536,0.1854072963518241,0.04561565371160574,0.08605697151424288,0.03254526582862415,0.1453965325029793,0.2072732864337062,0.12672894322069733,-0.11729519855456887,0.08430400184523124,0.005943182255026333,0.02917003036943067,0.12479145042863184
#49,0.4186214585015185,-0.031730288701802944,-0.1731211317418214,-0.12694422019759352,0.16759312651366626,0.013808480375197017,0.030269480644293238,1.0,-0.033859993080382886,-0.014292853573213393,0.32489140045361936,0.3228923999538692,-0.21692230807673085,0.1879906200745781,0.3217929496790066,0.05792488371199016,0.1305885518779072,-0.08820974128320455,0.35054780302156613,0.19651712605235844,0.2356975358474609,0.07522392649828932,0.06299926959597124,-0.22648675662168916,-0.11168262022834737,-0.0554953292584477,-0.33241840618152463,-0.2707261753738515,0.09788182831661092,0.23304501595356167,-0.10783070003459809,0.022350363279898512,-0.1752585245838619,0.10114942528735632,0.3114673432514512,0.12516049667473955,0.2665205858609157,0.09746665128973975,0.24350132625994694,-0.21134817206781226,0.14822588705647177,-0.0025602583323722753,0.10397109137738823,0.06622842424941376,-0.1890823818859801,-0.04809902740937224,0.14312843578210896,-0.11463499019720909,-0.29215392303848076,-0.4003306039288048,-0.2898550724637681,-0.24027217160650444,-0.38476915388459615,-0.20080728866336062,0.22230423249913506,-0.0640372121631492,-0.24340137623495944,0.02697881828316611,-0.6248183600507439,-0.6336370276400262,-0.24458539960788836,-0.05765578749086995,0.12976588628762542,0.13257217545073616,0.03289893514781071,-0.2278014838734479,0.21945950101872141,0.24278629915811326,0.40623534386652826,0.09071618037135279,0.4212509130050359,0.1475646791988621,0.37974089878137857,-0.048352746703571294,0.29041633029639025,0.28722561796025065,0.044024141775266215,-0.3662092030907623,0.1647791488870949,0.10694652673663169,0.054326682812439936,0.15594510437089149,,0.3429362241955945,0.1309652865874755,-0.24819897743435973,-0.46639757044554647,-0.037158343904970595,0.1183715834390497,0.16514050666974206,-0.1096605543382155,-0.25012878176296466,-0.20096874639603277,-0.4258255487640795,-0.3248529581363165,-0.08421942874716488,-0.1162649444508515,-0.13687002652519895,-0.09023949563679699,-0.24278629915811326,-0.2898627609272287,-0.13428670280244492,-0.015338484603851921,-0.2649905816322608,-0.16245723292200054,-0.09124668435013263,-0.19811632645215854,-0.028616461000269097,0.11069849690539346,-0.3544535424595395,-0.4220428247414754
#50,0.014546572867412448,0.28168992426863493,0.04657671164417791,-0.04761465421135586,-0.011263598969745896,0.033206473686233806,0.15607580824972128,-0.033859993080382886,1.0,0.20269865067466267,0.28450390189520625,-0.02016683965709453,-0.19072002460308307,0.21154807211778726,0.0889401453119594,-0.022104332449160036,0.07833006573636259,-0.04534655749048553,0.09283819628647215,0.14480452081651482,0.1712451466574405,0.032845115903586665,-0.09804328604928306,0.0031984007996002,-0.048052896628608774,-0.31464267866066964,0.0413408680275247,-0.26797370545496485,-0.009349171568062123,0.05793257217545074,-0.2023142275016338,0.14551185945488795,-0.07221004882174298,0.049252296928458845,0.196870795371545,0.2176988428862492,0.04689193864606159,0.12412255410756161,-0.11491946334525045,-0.20039211163648946,-0.1741436973820782,0.1772729020105332,-0.048521892899703996,0.18343904970591626,-0.0958828278168608,-0.18027909122361896,-0.19353400222965442,-0.1246684350132626,0.004743781955176258,-0.03482105101295506,-0.10821512320762695,-0.16510206435243915,-0.12373044247107215,-0.2816361050244109,0.1409679775496867,-0.10663898819820859,-0.21403144581555375,-0.18559181947487793,-0.055364625379617886,-0.10041902125860147,-0.16317226002383423,0.01681466958828278,0.23465959328028294,-0.06901164802214277,-0.3182101257063776,-0.1841694537346711,0.198908238188598,-0.0223888055972014,0.19917733440971822,0.29293814631145965,0.10713104985968554,0.3421289355322339,0.15371544996732403,-0.11778726021604582,0.06728174374351285,0.11895590666205359,0.11126744320147619,-0.0036520201437742665,0.21736823895744437,-0.04610002690962211,0.24540037673470957,-0.2120093799254219,,-0.2069811248222043,0.22045900126859647,-0.04985968554184446,-0.046530580863414446,0.06344520047668474,-0.009825856302617921,-0.1890823818859801,0.07541613808480375,-0.09539845461884443,-0.1230000384423173,-0.012885864759927729,0.04652289239995387,0.12883558220889554,0.014492753623188406,0.09446815054011456,-0.251305116672433,-0.12386883481336255,0.004966747395533003,-0.24180986429861992,0.3368008303540537,0.06253796178833661,0.185845538769077,-0.03495944335524545,0.14881021027947564,0.014961749894283628,-0.09579056625533387,-0.03951870218736785,-0.03272210048821743
#51,0.10575481490024219,0.5551455041709914,0.29841233229539077,0.5751278207050321,0.016830046515203936,0.3429131588052128,0.3351324337831084,-0.014292853573213393,0.20269865067466267,1.0,0.3477107600046131,0.14229808172836658,0.20093799254219044,0.28423480567408604,-0.0750932226194595,0.3113289509091608,0.45925498789067004,0.21778341598431553,0.19445661784492368,-0.03434436627839926,-0.37375158574558875,-0.07098758313151117,0.05371160573559374,0.0488601852919694,0.33883058470764615,0.4032983508245877,-0.09073155729827394,0.07799946180755776,0.06297620420558951,0.13927651558835966,-0.12335370776150387,0.13540153000422867,-0.21401606888863262,0.15636796986122323,0.16348748702571791,0.22069734363587437,-0.11154422788605697,0.2953138815207781,0.029416061200169145,0.24486218429246914,0.321131741821397,0.1122823203782724,-0.15286203052319994,0.20174528120555107,0.06658209356860031,-0.17307500096105793,0.10710029600584323,0.22465690231807173,-0.24420866489832008,0.01934417406681275,-0.12998885172798216,-0.11327413216468689,-0.09082381885980087,-0.1385461115596048,-0.28422711721062544,0.2605620266789682,-0.37595817475877447,-0.11467343251451198,0.16418713720063047,0.057909506785069,-0.11066774305155115,-0.12374581939799331,0.3482797063006958,0.24313228001383924,0.04553108061353939,0.23737362088186675,0.26707415523007727,0.07661553838465383,0.16433321800638143,0.25213547072617537,0.2731326644370123,0.18893630108022913,-0.1808480375197017,-0.08565717141429285,-0.3215930496290316,-0.27633875370007305,-0.2571329719755507,-0.21103294506592857,0.30134932533733133,0.39038942067427823,0.05556452542959289,0.049913504786068506,,0.16933071925575674,0.21309345327336332,0.10375581440049206,0.0033444816053511705,-0.06346826586706647,-0.038027140276015836,-0.07676161919040479,0.1450505516472533,0.2538499980778841,0.05098220120708876,0.10083419828547265,0.08150540114558105,0.0255872063968016,0.4024910621612271,0.011009879675546843,-0.09883519778572253,-0.11279744743013109,-0.035766732018606084,0.04979048937069926,0.016691654172913545,0.012409180025371929,0.006773536308768692,-0.014338984353976857,-0.11062930073424826,-0.1739437973321032,0.06777380540498981,0.0,-0.008488063660477453
#52,0.26823511321262444,0.19243455195479184,0.00399800099950025,0.0835351554991735,0.023788105947026485,0.049306116172682886,0.4122246569023181,0.32489140045361936,0.28450390189520625,0.3477107600046131,1.0,0.08255872063968016,0.04924460846499827,0.16426402183523622,0.14488909391458116,0.40396724714565796,0.1493099604044132,0.09985007496251874,0.5073463268365818,0.22274247491638796,-0.2242263483642794,0.0609387613885365,0.26095413831545766,-0.036935378464613845,-0.06595932802829355,0.08874024526198439,-0.09801253219544075,-0.15710606235343866,0.0537269826625149,0.1353169569061623,-0.3027793795409987,0.0016145773267212547,-0.26013916118863645,0.2263022334986353,0.23632798985122824,0.17531234382808597,0.03940337523545919,0.34171375850536273,-0.2019374927920655,-0.1292892015530696,0.06911159804713028,0.25524160996424866,-0.038211663399069694,0.19021258601468496,-0.044408564948295086,-0.31152116249567524,0.0371199015876677,0.019474877945642562,-0.23092300003844232,-0.24744550801522316,-0.27014954061430824,-0.3632568331219006,-0.3837696536347211,-0.31737208318917465,-0.22066658978203207,0.01480798062507208,-0.5855995079383385,-0.3041325491100604,-0.18484603851920195,-0.2838042517202937,-0.11135970476300311,0.13727751508860955,0.5656940760389036,0.42471841002575633,0.12241571521931342,0.23649713604736095,0.43665090531657247,0.18956675508399645,0.579640948756391,0.5363010802291162,0.5370468611847922,0.39300349825087455,0.09148502671741053,-0.1611425056702418,-0.17239072771306654,-0.09357628877868758,-0.13363318340829586,-0.11770268711797947,0.3812478376196517,0.5080306000845731,0.23884211740283703,-0.20975666013147273,,-0.015999692461461577,0.17579671702610233,0.010340983354476608,-0.006281474647291739,0.09825856302617922,0.11165955483796564,-0.10719255756737016,-0.00796524814515819,0.02948525737131434,-0.19120439780109946,0.024218659900818822,0.01676853880751932,0.03313727751508861,0.4386191519624803,-0.16105024410871488,-0.42591781032560644,-0.22227347864529273,-0.2805135893591666,-0.21957482797063008,0.08930919155806712,-0.211571137508169,-0.10651597278283935,-0.04622304232499135,-0.12808980125321953,0.016053511705685617,0.2065659477953331,-0.01063314496597855,-0.031107523161496176
#53,0.18031753354092184,-0.027916810825356554,-0.12292315380771153,0.053204167147195634,0.3241840618152462,0.4027140276015838,-0.11433514012224658,0.3228923999538692,-0.02016683965709453,0.14229808172836658,0.08255872063968016,1.0,0.47068773305654865,0.017129896590166456,-0.00903394456617845,0.027194095260062275,-0.033859993080382886,-0.2629608272786684,0.0419866989582132,0.21373159574059125,-0.0047976011994002995,-0.02448775612193903,0.016630146465228923,0.2890400953369469,-0.022473378695267752,0.0844193287971399,-0.41426209971937106,-0.1374543497482028,0.2565717141429285,0.4058893630108023,0.23635105524160996,0.18935916657056087,-0.06482143543612809,-0.21326259946949602,0.3343251451197478,0.45462653288740246,-0.03811171337408219,-0.17729596740091494,0.017837235228539576,0.07071848691039095,0.19743205320416715,0.09502940837273671,0.35646791988621074,-0.003713527851458886,0.13595509937339023,0.13044247107215623,-0.054949448352746705,-0.08504978280090723,-0.1888363510552416,-0.09442970822281167,-0.1726136931534233,-0.15606043132280015,-0.1808480375197017,-0.1833237227540076,0.03525929343020797,-0.349240764233268,-0.194487371698766,0.15615269288432707,-0.2020758851343559,-0.255180102256564,-0.3166186137700381,-0.0821742974666513,0.23628185907046476,0.104047976011994,-0.0016683965709452966,-0.08698727559297274,0.4369891977088379,0.2653673163418291,0.10284857571214392,0.029000884173297967,0.2687041094837197,-0.10672356129627494,0.2401875985084381,0.3131588052127782,0.21492330757698075,0.23648944758390036,-0.07387075692922769,-0.2699111982470303,0.19597124514665745,0.08987813785414984,-0.15721370084188674,0.5682389574443547,,0.3890746934225195,0.5321031791796409,-0.10513204935993542,-0.24656902318071733,-0.11688770999115827,0.17977934109868143,0.4350670818436935,0.4417867989082382,0.3137123745819398,0.11480413639334179,-0.19651712605235844,-0.16134240572021682,-0.08796371045246608,-0.07830700034598086,-0.2671971706454465,-0.26778918233191096,-0.20947218698343137,-0.37620420558951295,0.105339637873371,-0.009064698420020759,-0.23159958482297313,-0.18124014915619113,-0.17767270211048322,-0.24566947295582978,-0.12842809364548494,0.08547264829123899,-0.32870487833006573,-0.2959212701341637
#54,0.04686887325567985,0.0007380924922154307,0.1655326183062315,0.23043862684042593,0.20116864644600777,0.5269672855879752,0.2105101295506093,-0.21692230807673085,-0.19072002460308307,0.20093799254219044,0.04924460846499827,0.47068773305654865,1.0,-0.05752508361204013,-0.2788451927882213,0.11546534425095145,0.1497789566755084,0.16861569215392302,-0.0818975127820705,-0.0864567716141929,-0.3527928343520547,-0.20796524814515818,0.15023257601968246,0.3548840964133318,0.26850420943374464,0.3934878714488909,-0.2014992503748126,0.2911928651059086,0.2983277591973244,0.3496790066505209,0.3310575481490024,0.30773843847307114,0.04044131780263714,0.008249721293199555,0.09216929996540192,0.029869680544343212,-0.19497174489678237,-0.1918963595125514,-0.14799523315265445,0.2664129473724676,0.2684119478722177,0.138961288586476,-0.0026140775765963174,-0.08214354361280898,0.1487948333525545,0.09191558067120285,-0.015253911505785568,0.12131626494445086,-0.1485872448391189,0.02865490331757198,-0.0666897320570484,0.11535770576250336,0.13583977242148157,0.15313112674432014,-0.2466151539614808,-0.0552569868911698,-0.25932418406181523,-0.11255910506285319,0.3487256371814093,0.2576019682466459,-0.08233575519932342,0.03491331257448199,0.29568292776688576,0.12365355783646638,0.25976242647906816,0.1886672048591089,0.32672894322069734,0.08062891631107523,-0.1359627878368508,0.0223196094260562,0.07695383077691924,-0.23601276284934455,-0.23788105947026486,0.09774343597432053,-0.2677507400146081,-0.21243993387921423,-0.23250682351132126,-0.032114711874831815,0.2666282243493638,0.31343558989735903,-0.2025525698689117,0.28857878752931226,,0.1012955060931073,0.3087379387229462,0.0629454503517472,0.09371468112097797,-0.10040364433168031,0.15285434205973936,0.17541229385307347,0.27734594241340865,0.4681966708953216,0.3693460961826779,0.1669934263637412,0.19749356091185177,-0.1250374812593703,0.1381847537769577,-0.1002344981355476,0.04888325068235113,0.06439856994579633,0.0067350939914658054,0.35748279706300695,-0.05098220120708876,-0.04686887325567985,0.021535386153077308,-0.05488025218160151,-0.07922192749778957,-0.04729942720947219,0.12932764387037252,0.07424749163879599,0.12898166301464653
#58,0.2010225656402568,0.2554953292584477,0.005581824472379195,-0.08944758390035751,0.0409333794641141,0.23469034713412523,0.23662783992619074,0.1879906200745781,0.21154807211778726,0.28423480567408604,0.16426402183523622,0.017129896590166456,-0.05752508361204013,1.0,-0.0477376696267251,0.13141890593164957,0.2212662899319571,0.2476992273094222,-0.047507015722907775,0.1252143159189636,-0.08471149040864183,0.08925537231384308,-0.18021758351593434,0.04119478722177373,0.058270864567716144,0.08222811671087533,-0.17452812055510705,-0.030400184523123056,0.2121477722677123,0.31564217891054475,-0.12272325375773652,0.01767577749586745,0.2612462999269596,0.08403490562411102,0.14669588282781687,0.21050244108714875,0.11180563564371661,0.21561526928843272,0.01276284934455849,-0.04048744858340061,-0.03639718602237343,0.07796870795371545,-0.06718948218198594,0.4849959635566832,-0.08052896628608773,-0.007603890362511052,0.0797908737938723,0.02812439933879214,-0.10909160804213278,-0.0703648175912044,-0.2556644754545804,-0.206058509206935,-0.14704186368354286,-0.2288163610502441,-0.07534694191365855,0.09162341905970092,-0.33696997655018646,-0.1212009379925422,-0.1062238111713374,-0.04052589090070349,0.012678276246492138,0.004774535809018567,0.20009226156152693,-0.024856802368046747,-0.19402606389113136,0.005189712835889747,0.16710875331564987,0.0780917233690847,0.16775458424633838,0.239534079114289,0.10896859262676355,0.11775650636220351,-0.1651943259139661,-0.09049321493099605,-0.08178987429362242,-0.05516472532964287,-0.044293237996386424,-0.13230307922961596,0.09029331488102103,0.08055972013993004,0.4695267750740015,0.06781993618575327,,0.17795717525852459,0.28437319801637645,-0.11069849690539346,-0.02940068427324799,0.031976319532541424,0.11106754315150118,0.13389459116595548,0.11744127936031984,-0.048706416022757854,0.02043593587821474,0.0002614077576596317,-0.09858147849152347,-0.14612693653173414,0.1769269211548072,0.2052127782262715,0.10290239495636797,-0.1134740322146619,0.11375081689924268,0.007872986583631262,0.19450274862568714,0.2101410833045016,0.21886748933225694,0.1485872448391189,0.042386499058163225,0.05504939837773421,0.06379118133241071,-0.007388613385614885,0.035105524160996424
#101,-0.08032137777265214,-0.09443739668627225,-0.3984392419175028,-0.1842463383692769,-0.04052589090070349,-0.3158267020335986,-0.14588859416445624,0.3217929496790066,0.0889401453119594,-0.0750932226194595,0.14488909391458116,-0.00903394456617845,-0.2788451927882213,-0.0477376696267251,1.0,0.3111905585668704,-0.15977395917425902,-0.16389497558912852,0.6558951293583978,0.10550109560604314,0.5522085111290509,0.18769076999961556,0.12047822242724791,-0.3507630799984623,-0.18534578864413948,-0.06458309306885018,-0.2139853150347903,-0.5060777303655865,0.27624649213854613,0.1067696920770384,-0.1849229231538077,-0.08518817514319763,-0.2453849998077884,0.16721639180409795,0.18844423941875216,-0.05003652020143774,0.6386883481336255,0.44717641179410295,0.4651212855110906,-0.3967324030292546,0.20590473993772346,0.2964363971860224,0.23448275862068965,0.18973590128012915,-0.10754622688655673,-0.2597854918694499,-0.252050897628109,-0.6167762272709799,-0.3868988582631761,-0.5493868450390189,-0.3409295352323838,-0.45960096874639605,-0.36816976127320955,-0.42148925537231385,0.4734863337561988,-0.07678468458078654,-0.17030715411525008,-0.24127936031984007,-0.408987813785415,-0.6596932303079229,-0.3274901011032945,-0.3343251451197478,0.0538269326875024,0.09253834621150964,-0.23655095529158499,-0.3385076692423019,-0.08238957444354746,-0.11022950063429823,0.6769615192403798,0.2760773459424134,0.3363241456194979,0.30726175373851533,0.290639295736747,0.09333025794794911,0.025241225541075617,-0.1057855687540845,-0.26394495060162226,-0.5219620958751393,0.35028639526390654,0.16300311382770152,0.03046938069426825,-0.20165301964402413,,-0.03628954753392535,-0.11746434475070157,-0.3298043286049283,-0.3923807327105678,0.08684888325068235,0.1855380002306539,-0.18834428939376466,-0.3578979740898781,-0.41869065467266364,-0.46184600007688464,-0.31878676046592086,-0.28637219851612655,0.04577711144427786,-0.026725098988967053,-0.31154422788605696,-0.42618690654672664,-0.42780917233690846,-0.5712528351209011,-0.22528735632183908,-0.16702418021758353,-0.2093645484949833,-0.19524852958136316,-0.22231192096259564,-0.33237227540076114,-0.3267058778303156,-0.18436166532118556,-0.19868527274824127,-0.32522969284588477
#102,0.15577595817475878,0.1179333410217968,0.0960212201591512,0.08953984546188444,-0.10121862145850152,0.025225848614154462,0.2932610617768039,0.05792488371199016,-0.022104332449160036,0.3113289509091608,0.40396724714565796,0.027194095260062275,0.11546534425095145,0.13141890593164957,0.3111905585668704,1.0,0.1143582055126283,0.1897897205243532,0.5419751662630223,0.43005420366739705,-0.2815899742436474,0.4616845423442125,0.31345096682428014,0.22968515742128937,0.027278668358128626,0.4089416830046515,-0.2721024103332949,-0.04087187175642948,0.12149309960404413,0.345619497943336,-0.22242724791450427,0.007796101949025487,-0.07996770845346557,0.28306615922807826,-0.047345557990235654,0.09076231115211625,0.11937108368892477,0.6209203090762311,-0.0563795025564141,0.056279552531426594,0.4377426671279745,0.47803790412486064,0.06870410948371967,0.459747049552147,-0.011771037558144005,-0.3433514012224657,0.008787913735439972,-0.0902010533194941,-0.33721600738092494,-0.1640718102487218,-0.5405297351324337,-0.3572213893053473,-0.467843001576135,-0.1956098873640103,-0.3357398223964941,0.25953177257525084,-0.6313612424556952,-0.2247722292699804,-0.15908199746280705,-0.18666051589589822,-0.21914427401683773,-0.15775189328412717,0.5755276208049821,0.37582747087994467,0.015392303848075961,0.21483873447891438,0.29381463114596545,0.049167723830392494,0.6078499211932495,0.6358743705070542,0.36151155191634954,0.26745857840310616,-0.1705685618729097,-0.2315457655787491,-0.4526582862414946,-0.44033367931418904,-0.5140122246569023,-0.3690001153269519,0.45785568754084494,0.7244685349632876,0.09918886710490908,-0.21510783070003459,,-0.04673816937685003,0.11813324107177181,-0.13843078460769614,-0.1361011801791412,-0.08352746703571291,0.11862530273324876,-0.33670088032906625,-0.24772998116326453,-0.28256640910314074,-0.10117249067773805,-0.010048821742974667,0.010233344866028525,0.059093530157997926,0.5012032445315804,-0.2558566870410948,-0.2634605774036059,-0.3012109329950409,-0.4912620612770538,-0.2201437742667128,-0.16677814938684504,-0.2178910544727636,-0.27543920347518547,-0.05010571637258294,-0.296497904893707,-0.2219121208626456,-0.04973667012647522,-0.00758082497212932,-0.018659900818821358
#201,0.24839118902087418,0.4851651097528159,0.6970822281167108,0.5040402875485335,0.009825856302617921,0.35116288009841234,0.1629108522661746,0.1305885518779072,0.07833006573636259,0.45925498789067004,0.1493099604044132,-0.033859993080382886,0.1497789566755084,0.2212662899319571,-0.15977395917425902,0.1143582055126283,1.0,0.5597355168569561,0.06648983200707338,-0.1681159420289855,-0.28922461846000075,-0.16576327221004883,0.29226156152692884,0.10430169530619306,0.4183062314996348,0.3437973321031792,0.14551185945488795,0.4315457655787491,0.23781186329911966,0.07241763733517856,0.03638949755891285,0.3767270211048322,0.22945450351747204,0.2742782454926383,0.03899588667204859,-0.0438242417252912,-0.23439818552262331,0.024603083073847693,0.21801406988813285,0.2758313151116749,0.17493560911851766,-0.044293237996386424,-0.3259293430207973,0.05730980663514396,0.0701264752239265,-0.0017837235228539577,0.3686080036904625,0.4649598277784185,-0.06441394687271748,0.11026025448814054,-0.013985315034790297,0.16339522546419097,0.31259754738015605,0.29791258217045324,-0.20705800945681005,0.2777688079037404,-0.3124514665744051,-0.1453273363318341,0.02200438242417253,0.00026909622112020914,-0.13946103871141352,-0.07726136931534233,0.056694729558297775,-0.05867066466766617,0.27034944066428324,0.03668934763387537,0.034867181793718525,-0.1161265521085611,-0.00918002537192942,0.08742551801022566,0.27430131088302,0.11182870103409834,-0.3161496174989428,-0.23605120516664743,-0.3199246530580863,-0.20739630184907545,-0.29213085764809904,-0.21764502364202515,0.14629608272786684,0.18480759620189904,0.053204167147195634,-0.10848421942874717,,0.134740322146619,-0.18010225656402568,-0.1157190635451505,-0.19123515165494176,-0.13627801483873447,0.15881290124168684,-0.21876753930726944,-0.10245646407565448,-0.13687771498865953,0.10481682235805174,-0.12865874754930226,-0.10583169953484796,0.0722715565294276,0.29729750509360703,0.3857302118171683,0.3709760504363203,0.09434513512474532,0.21318571483489024,0.06652058586091569,0.3014262099719371,0.10700803444431631,0.2901856763925729,0.35588359666320685,0.2659977703455964,-0.18539960788836352,0.13969938107869143,-0.11599584822973129,-0.156444854495829
