,#10,#11,#12,#13,#17,#18,#26,#49,#50,#51,#52,#53,#54,#58,#101,#102,#201,#202,#301,#302,#401,#402,#501,#502,#601,#602,#701,#702,#801,#802,#901,#902,#1001,#1002,#1101,#1102,#1201,#1202,#1301,#1302,#1401,#1402,#1501,#1502,#1601,#1602,#1701,#1702,#1801,#1802,#1901,#1902,#2001,#2002,#2101,#2102,#2201,#2202,#2301,#2302,#2401,#2402,#2501,#2502,#2601,#2602,#2701,#2702,#2801,#2802,#2901,#2902,#3001,#3002,#3101,#3102,#3201,#3202,#3301,#3302,#3401,#3402,#3455,#3501,#3502,#3601,#3602,#3701,#3702,#3801,#3802,#3901,#3902,#4001,#4002,#4101,#4102,#4201,#4202,#4301,#4302,#4401,#4402,#4501,#4502,#4601,#4602,#4701,#4702,#4801,#4802
#10,1.0,0.5141231502362756,0.39036250189259614,0.4110017611105356,0.39144785598737736,0.4645363338619321,0.04978603702316538,0.5310011236044594,0.2365800986540653,0.4025372741833946,0.36760672250157383,0.34472184813011497,0.23439185904740656,0.10493350014742328,-0.22342516077106359,-0.13539035293930146,0.43568440261696245,0.3585238546804899,-0.03474886245009523,-0.1556216082684538,-0.21114201244730613,-0.08293475922192384,0.1523129517328212,-0.016058778060228387,0.2214329542828455,0.1866697479460351,0.08897512929420108,0.25336563364119563,0.2606730470399796,0.3483492577038625,0.34943779932902486,0.29996573404840265,0.4753022177242627,0.19930033708133782,0.13067440174039158,0.1367370845253369,-0.0016973599279618134,0.11351273816828567,-0.024199730653682795,0.04522149351736009,0.025442867502330883,0.12275817003880818,-0.25375291858250526,-0.08094733402927747,-0.16437137916470768,-0.11939373172150547,0.12054124265871909,0.12946154643036442,-0.04104264118767382,-0.05280144076373228,0.08292519663078039,-0.08056642414873016,0.16280470798237295,0.03610834415765525,-0.056919730016176714,0.045538652790284406,-0.366325335288352,-0.2030966857652862,-0.007944919475013747,-0.1045828718054969,-0.06420801823267377,0.018019109244634988,0.004441823586131055,0.021208233390974506,0.2766059176501526,0.012853716261983122,0.12296854704396401,-0.04888396592530023,0.1166636119500514,0.13341886539856082,0.27509821577986915,0.1994326195921555,0.14895966977185252,0.34658655340308714,-0.15530923029110122,6.056307724182996e-05,-0.09875287873837547,-0.18021181139382736,0.08200240658543777,0.023192471053239728,0.03617209476527823,0.21498298655659062,,0.12062571221381954,0.20501398528954728,-0.012031333423646694,0.0035716277920773932,0.14423574974698977,0.007203818661396616,-0.10192606523280925,0.08661316928176972,-0.037472607160787,-0.015029205747117276,0.03634422140586027,-0.07093689486727921,0.24254556176238554,0.2082907665213684,0.318335471634964,0.35281498776785214,0.35941476942202105,0.2261520930121365,0.279492226410283,0.401423232315183,0.4417964921228155,0.5045143399023022,0.462233343161552,0.21410004064101235,-0.12818972180828597,-0.11134521750910438,-0.30667548550072116,-0.25931994039318185
#11,0.5141231502362756,1.0,0.48972579269896166,0.383542780642128,0.18172748209006367,0.384805042673063,0.2876443353600714,0.27978866673572983,0.23153742559108767,0.4017547354748225,0.18689765636828726,0.04481827092414475,0.20452310561085035,0.10967495158938234,-0.0908095530285523,-0.01960490560925659,0.5090183203308657,0.38948274350739903,-0.16681780873223948,0.012654495613161313,-0.16616277123891338,-0.32781040569292924,0.09727227087633179,-0.12073886954235033,0.061430085505502476,0.15386368526325017,0.18055606467499144,0.1975471953717059,0.18947636844663676,0.2639179529679892,0.3226529815362303,-0.029902222505558258,0.3132609232681749,-0.0022201149104702405,-0.006096151853947358,-0.09796237120385054,-0.18682434316952085,-0.1471507462805505,0.07134649252125684,-0.008749770896253855,0.2045517933842807,-0.02751316848488712,-0.005916056387412443,-0.11525631728677414,0.053612667245734685,0.02055000836726725,0.06172333830056818,-0.004284040832264182,0.09684036050968611,-0.01003434563985688,-0.005865055901314059,0.06951844384766792,0.1667604331853788,0.14034377515160693,-0.17621305453067598,-0.10136027859015531,-0.22460295324689813,-0.36156316489891543,0.034959239455251055,0.06083561108941819,-0.15826088342404512,-0.0710181768919985,-0.2087720836089219,-0.05153120990684443,0.2699391978579796,0.27680991959454615,-0.024257106200543475,-0.061482679756791433,-0.0430730980404657,-0.075244842177402,0.22071416618189643,0.1862458064053423,-0.10889241288081027,0.15945461355178542,-0.31523719210448725,-0.011573922813951821,-0.14129684673557044,-0.04433217254101953,0.04201643171911482,-0.07229000151407693,-0.13158762919459077,0.1656352349608332,,0.11573604060913706,0.13891098024528045,-0.056718915602164334,-0.007643697853995171,0.19062547314904096,0.06846815258707935,0.1469371817450135,0.13471140896811673,0.043036441441082485,0.22065997816541688,-0.05656591414386918,0.011887894556494992,0.33698889942544763,0.10699742606921722,0.3564854290017452,0.37496035509088443,0.17785303891177712,0.2784259974977886,0.335466853668449,0.24271450087258645,0.3186287244300297,0.332759046609663,0.30006295372502767,0.25322856983480624,-0.2108886037820048,-0.20940321462438938,-0.22543171114599686,-0.18541226721067186
#12,0.39036250189259614,0.48972579269896166,1.0,0.5180804692044721,0.2628947557156404,0.6012351680226952,0.15496975830550885,0.14298783160276995,-0.03335272414315199,0.5058993218529114,0.147942847580266,0.031975711018495646,0.10320426491564998,0.09580600690100327,-0.26050251416458814,0.04184430507853278,0.6803656097347178,0.7305819633593382,-0.28663229446405664,-0.14841300831148546,-0.3802771557666409,-0.4580799910749149,0.2597438819338747,-0.20300743491461404,0.25421351672258125,0.1502283068635498,0.3930719027165728,0.36452278685781225,0.27461689869231565,0.2909848671995155,0.5553219804126258,0.030911075871191896,0.5615870713767741,-0.08086923953493931,-0.21110376208273235,-0.2176318243033254,-0.45629338029628097,-0.35571723417988826,0.3964411223294472,0.3699909952266733,0.12475993911816972,-0.05258468869781415,-0.30187028345113914,-0.2457936552207763,-0.07119827235853342,0.15122281634246826,-0.04706707360804532,-0.0001466263975328515,0.17236411159543866,0.08974332411605798,0.37813991664608054,0.34091593685502314,0.565340388400577,0.3114201244730614,-0.281001522045757,0.09826040529448796,-0.3629290216672378,-0.5710110049486409,0.010013626692379412,0.10035620652009339,-0.24395126266047223,-0.08339695112719044,-0.3825673963454964,-0.16388528078158246,0.4185689582353832,0.3784459195626708,-0.2017419853532979,-0.13191913235423025,-0.09015132800484504,-0.19279936886898452,0.4912908701161058,0.45337200870195793,-0.20520842464279737,0.28431336611177077,-0.3447887862681191,0.005095267314266589,-0.3082182502051973,-0.1379531273657452,-0.021448891934751253,-0.09949557331718319,0.09349026607909856,0.20287355863860576,,0.13725187068189243,-0.04894293523735148,0.005128736383268653,-0.011486265728470224,0.24284997091378527,0.25032313589238897,0.05061320115707353,0.05289706667516675,0.0173003211436859,0.3310489365601766,-0.05707591900485302,-0.08591031883272637,0.710886213134219,0.40313493612986,0.6849891225525744,0.6595813178844361,0.6039031309517169,0.7058084772370486,0.6897640430635354,0.4120345209540278,0.5714094462462845,0.4978587764664632,0.4747507749683239,0.6281395182047829,-0.16901879846042284,-0.09830503071982405,-0.37964761851636397,-0.27328132346261425
#13,0.4110017611105356,0.383542780642128,0.5180804692044721,1.0,0.17374909354604787,0.4688267497549586,0.021032919220011315,0.2305126345735483,-0.03268812405868243,0.6666321350875376,0.22641187673820015,0.006523280925021317,0.018597646008813522,-0.04509239853692355,0.018103578799735436,-0.03360294527807218,0.6354740256118067,0.20828279769541552,0.0626588784674354,-0.14443497039581157,-0.09231566113364519,-0.08598522579668337,0.11073480544111436,-0.0849413095968571,0.17053287539146858,0.14497206926503517,0.06637713265704563,0.23006319278980628,0.24593550032273745,0.2780482751476225,0.28782761835698745,0.14812772434237265,0.39592155487731995,0.13739530954904414,0.1769238738056722,0.18315708946600898,0.0646255847126043,0.10987576600339471,0.1421622612340524,0.1029843253193507,0.11018336268517559,0.2114129525297038,-0.11301548342882643,-0.015037174573070149,-0.2323661834901864,-0.11173728374598571,0.1483604140601965,0.13727099586417932,-0.04751014033102503,-0.2458207492290161,0.00461076269633195,-0.16415781462917067,0.06674529241606834,-0.009127493246420005,-0.07761795854616739,0.15672449378033135,-0.236573723593303,-0.11992286176477619,-0.035977655412028145,-0.16033118440660138,-0.18184542071416618,-0.13270645235837403,-0.015370271497900214,-0.0435225398242077,0.17155447887862682,0.14878116807050817,0.012946154643036441,-0.16425503430579572,0.1655252651626836,-0.0016479532070540048,0.2381722700794492,0.33159241049016247,0.06112089505853103,0.1692642382997713,-0.1213397190191969,0.002200989728183347,-0.21608268453808702,-0.18006677876148508,0.11955629577094407,0.013749412299085976,0.03887193299811139,0.06834702643259569,,-0.027873359417956954,-0.024634828550709625,-0.0772992055080525,-0.05927053367227406,0.0104264118767382,0.053407071536150576,-0.06547824908956164,0.23694985217827857,-0.09835443744073186,0.010389755277354987,-0.12945835889998328,-0.14332730358836232,0.22083051104080836,0.2112057630549291,0.29467762114607654,0.28509431105515226,0.29402895871351276,0.17317374431225047,0.25095426690785644,0.2833108878068994,0.36299755357043245,0.34147056714134305,0.34684155583357906,0.19892420849636222,-0.15019483779454773,-0.11584122911171497,-0.3166811433671477,-0.26706723298456436
#17,0.39144785598737736,0.18172748209006367,0.2628947557156404,0.17374909354604787,1.0,0.37839491907657247,0.14753803122186007,0.46915984667978866,0.20328793758815514,0.17746256644008637,0.25041876180382344,0.4684633712915076,0.3312800325128099,0.243614978205261,-0.15814135103475205,-0.08581947421686363,0.2081106710548335,0.30254603989194273,-0.21636796850719983,-0.1426547346779399,-0.1561332068946282,-0.15500800867008263,0.15122759763804,-0.20948927794468042,0.12845906812549307,-0.03457036074875089,0.02424594984420945,0.013687255456653571,0.18676059256189786,0.32326498736941084,0.28668170118496444,0.40399078803719846,0.32818015921714255,0.20779669931229033,0.15020758791607233,0.12491453434165545,-0.05594115818916399,0.10468327901250309,0.02970778315230817,0.08321366813027437,0.07854393612189116,0.19464813649005092,-0.001807329726111452,0.05501358684824965,-0.06560096900923587,0.053324195746240706,-0.02249918319533983,-0.12995401987425192,-0.11047183418466958,-0.03975328514849907,-0.08285188343201397,-0.056376256086190825,0.10127899656543601,0.16637633577445035,-0.10650814015571086,0.1303683988238013,-0.2393149997210911,-0.2010614476169226,-0.07431567707129709,-0.10121046466224132,-0.07071536150578935,0.0016097028424802175,0.029028839181123443,0.016536907617400728,-0.13408505924822095,-0.1260222011491047,0.24664631959773367,0.19425925778355074,-0.025020519726828647,-0.006077026671660464,0.1696706484233678,0.037631983679844445,0.04885527815186989,0.2968802046394505,-0.032115962355266196,0.027097195770147183,-0.14168413167688004,-0.13959948680760864,0.13853963295587662,0.08883965925300226,0.15403899943421337,0.33213588442014835,,0.3456526070014105,0.45771661261146396,0.07977591661420523,-0.04617137757094247,0.1702125285881631,0.23663747420092598,0.09230291101212058,0.40009721967662504,-0.0038425678744750534,0.11044792770681096,0.00911155559451426,-0.0538612946154643,0.07892803353281962,0.03811808206296966,0.043297818932336696,0.178460263449386,0.06465746001641579,0.05193762003044092,0.1341392472647005,0.39639330937372996,0.1843476320633681,0.3049366876778044,0.1097833276223414,0.15172963367307093,-0.12997155129134824,-0.0930073552263545,-0.3173919626421439,-0.20594155663046163
#18,0.4645363338619321,0.384805042673063,0.6012351680226952,0.4688267497549586,0.37839491907657247,1.0,0.28199603152467545,0.3462885193124497,0.10343217333790213,0.4642813314314402,0.3765079010909323,0.38094972467706334,0.4096151853947358,0.2029022464120361,-0.15230020161129662,0.01871080333734431,0.458499151320036,0.5750814812453681,-0.11363067679238818,-0.04303166014551076,-0.30627704420307755,-0.24542868299213477,0.06520890277235455,-0.14112950139056013,0.17378734391062164,0.08498593502219318,0.1333088956004112,0.17551817290758553,0.3934241248236897,0.3338364318784913,0.582408019826439,0.11848209803249687,0.5457482329128449,0.032375746081329836,0.0901481404744639,-0.006024432420371506,-0.1489867637800923,-0.1262341719194511,0.12880491517184772,0.24578728016001403,0.21222258524651563,0.09196822032209995,-0.050385292734821376,-0.021464829586657,-0.07983169839587534,0.00275083871893154,0.04332013164500474,0.025543274709337073,0.002333272239001028,-0.06818924367872882,0.222513527082055,0.07651347926909928,0.30460518451816493,0.21247758767700756,-0.25633163066085474,0.021896739953302678,-0.5061575118137844,-0.5191514794125381,-0.07711432874594586,-0.048558837826423035,-0.29968045007928984,-0.11181537824032385,-0.11579979121676004,0.0872889257225733,0.10182247049542191,0.14146259831539018,0.061256365099729856,0.1436157750878563,-0.0105762258046522,-0.06146992963526684,0.35306042760720063,0.12678561467538987,-0.17028743555212011,0.1804397198160795,-0.4175887926431799,-0.19176182772992056,-0.451585397923324,-0.3469563069273004,0.19754400784132473,0.2409135462072373,0.19856879885886414,0.3829068683310888,,0.2462765660735204,0.14022264899712325,-0.05560806126433392,-0.028749930272772912,0.10009642279402975,0.24961869167815506,0.18949708739411422,0.1243678728812884,0.07115045940281618,0.15912948545290823,-0.020580289905888165,-0.12574966730151646,0.35022033803759695,0.2149399548964451,0.3444795958211477,0.3912071974436006,0.37190032592498146,0.4028289332132697,0.5301086150977377,0.3881615121644128,0.4658655340308712,0.520882308409502,0.4477428300488489,0.4514658655340309,-0.20690419080556863,-0.16037580983193747,-0.4604084820183442,-0.3933922495198782
#26,0.04978603702316538,0.2876443353600714,0.15496975830550885,0.021032919220011315,0.14753803122186007,0.28199603152467545,1.0,0.07948744511471124,0.18679884292647164,0.3346412832997315,0.3831379642837221,0.14775478328777822,0.4331535034943302,0.46612213022655374,-0.13497119269418037,0.03822327056554758,-0.00873702077472926,0.08944688379061112,-0.21436938695821944,-0.016820597821322985,-0.3471603088716939,-0.24612037708484408,-0.2640247352357577,-0.10843659603630597,-0.2538278255464622,-0.05684482305221972,-0.016624564702882323,0.10873622389213397,-0.0204033819697344,-0.005640335009443059,0.18082381722700794,0.07369410864697304,0.12315183004088008,0.006998222951812509,0.09964857477547832,-0.01668353401493358,-0.17205810867884835,-0.148691917219836,0.021235327399214275,0.07021491923594897,0.23690841428332363,0.031123046641538303,0.08511662376782028,0.09380423782164174,-0.0031779677900054984,0.028066205006016462,0.0648933372646208,-0.03851652336061328,0.10406011682298846,0.0001514076931045749,-0.10129971551291349,0.01660225199021428,-0.019550717592777055,0.14641761429288622,-0.36622492808134577,-0.10540206711345218,-0.11571213413127844,-0.10144952944082748,-0.026595159735116225,0.15077656208910742,-0.051606116870801425,0.08156093362764864,0.1226195124672282,0.3224314481747404,-0.036323502458382805,0.04450111165122043,0.33617607917825465,0.5842456310911713,-0.13685821067982054,-0.044314641123923214,-0.06995354174469476,-0.13798181513917554,-0.1579453179163114,-0.07155846329160324,-0.18058793997880293,-0.03861214927204775,-0.13069512068786907,0.01397572695614755,0.380546502083848,0.1972029420905418,-0.08216178310449522,0.07033285786005147,,0.14513144578409262,0.12507231709552233,-0.06967303907115364,0.0585437767453721,0.03608762521017778,0.24238937277370926,0.14511550813218688,0.017569667460892988,-0.021452079465132404,0.1337886189227741,0.033126409486090413,-0.008768896078540749,-0.057008980866848885,-0.03378463450979767,-0.05789670807799887,0.14433137565842424,0.0426172811959614,0.08045964188096168,0.12701192933245145,0.011652017308289969,-0.012469618851054675,0.25063073257416985,0.21814501669469036,0.2552606204527887,-0.11221541330315804,-0.0603048872809569,-0.11779040393978756,-0.006929691048617807
#49,0.5310011236044594,0.27978866673572983,0.14298783160276995,0.2305126345735483,0.46915984667978866,0.3462885193124497,0.07948744511471124,1.0,0.4555969049079999,0.13130553275585907,0.4066603447314107,0.40693287857899896,0.34090796802907025,0.2056881479651603,-0.027403198686737483,-0.025273928392129986,0.2866099817513886,0.27280160014025134,0.13006398967240157,-0.07689120161926544,-0.11819522029819347,0.0866147630469603,0.04022663341009969,0.002320522117476432,0.07987951135159257,0.06411557985162046,-0.13409621560455498,-0.022005115986261745,0.3206958378822048,0.3925013347783471,0.34613551785415453,0.23191833547163496,0.3141470567141343,0.3067041732741515,0.22398935364852696,0.25894859310377805,0.1489660448326148,0.2990493190638223,-0.29868594060037135,-0.055818438269489755,-0.06740829873534732,0.2765278231558145,-0.07498505845133836,0.11841515989449275,-0.26647594609886127,-0.2193467156483835,0.1460335168819578,-0.04221883989831778,-0.17006749595582082,-0.32586601216042843,-0.16097028424802173,-0.3112575604236228,-0.10937213620317318,-0.004116695487253863,-0.11483237574608134,0.009336276486385261,-0.43856752384671166,-0.2794667261672338,-0.20119054259735913,-0.4250922391604045,-0.14244595143797464,0.03896915267473643,0.232989345679701,0.14634908238969152,0.004317509901266246,-0.19673756265489406,0.35637386543840494,0.1572392799368869,0.23021460048291084,0.21401716485110248,0.23841770991879765,0.04273043852449219,0.18443688291404028,0.35322299165663923,-0.14706468296025946,-0.12583891815218864,-0.2053136131453753,-0.210090127421527,0.16773741124720096,0.3090422268087243,0.22305221971646919,0.08880778394919077,,0.29158093538079033,0.3156021643331288,0.13969033142347137,-0.008129796237120386,0.0485046498099435,0.046958697575086264,-0.032608435799153714,0.20200017531417097,-0.047776299117850966,-0.12412562057232109,-0.1752265138777104,-0.24094064021547706,0.015658742997394195,0.05979647618516364,0.08369976651339958,0.058926280391109975,0.0653491541091251,-0.08449027404792452,0.08959351018814397,0.3380455657467985,0.2189721808285985,0.35513232235494746,0.20006056307724182,0.0639577970977536,-0.17762831801990614,-0.14653395915179818,-0.43534971192694183,-0.42182980181529856
#50,0.2365800986540653,0.23153742559108767,-0.03335272414315199,-0.03268812405868243,0.20328793758815514,0.10343217333790213,0.18679884292647164,0.4555969049079999,1.0,0.08856712540541402,0.34657061575118137,0.3193060746360239,0.36070253169600525,0.3981082007187881,0.02944321813067281,-0.03944887599709935,0.09632398058793998,0.11453274789025333,0.17058387587756696,0.021646518818382487,-0.019165026416658033,0.04674672680473986,-0.10644438954808788,0.0677716771987983,-0.06862752910613679,-0.02187123971025349,-0.06201340356525273,-0.03137167401126792,0.16029612157240875,0.17599789622994844,0.1313724708938632,0.04096773422371682,0.050450637107634935,0.2912653698730566,0.2582011172293986,0.17309564981791234,0.16339758863326667,0.15684083863924328,-0.2702627321916662,-0.11769796555873423,0.10639498282718007,0.2321287124767908,0.10632326339360422,0.11020886292822478,-0.2534787909697264,-0.19878395715959168,0.14343089832574968,0.004354166500649459,-0.11693614579763964,-0.2733673867829053,-0.17154651005267393,-0.3389715433225223,-0.18615018049390783,-0.007897106519296511,-0.17282949103108639,-0.07819490154515535,-0.2296249073623983,-0.17341918415159893,-0.1516451641179705,-0.28726023794914296,-0.07591422355744327,0.09632557435313055,0.22381722700794493,0.2354867757333312,0.05592681430244882,-0.048993935723449865,0.3419550717592777,0.2896811672736256,0.1741841914430747,0.2030648104614747,0.11252141621974834,-0.034610204878515245,-0.00049884850464981,0.22542852361561572,-0.2739156420084629,-0.16603686378885799,-0.18931061686681702,-0.09625226115436412,0.270825331303939,0.2875056777884914,0.1493357983568281,0.051550335089131316,,0.20038887870650018,0.18518276502322914,0.0826622253743356,0.00867327016710628,-0.07549984460789391,0.19077528707695496,0.015491397652383875,0.03378622827498825,-0.042947190590410314,-0.29480352859613196,-0.10320585868084055,-0.14692761915387006,-0.14263401573046244,-0.047046354660567856,-0.03182430332539107,-0.07400011156356334,-0.10071320992278207,-0.15399756153925842,0.018631115077815584,0.17371243694666466,0.14900270143199804,0.20338834479516132,0.01538302161942481,0.02177242626843787,-0.14294639370781503,-0.10408402330084708,-0.29141359003578005,-0.2002263146570616
#51,0.4025372741833946,0.4017547354748225,0.5058993218529114,0.6666321350875376,0.17746256644008637,0.4642813314314402,0.3346412832997315,0.13130553275585907,0.08856712540541402,1.0,0.4223876196319996,0.012812278367028185,0.2927603216218155,0.15685358876076788,-0.06266206599781654,-0.08226059654631084,0.5349217859732726,0.23757460813298376,-0.060607702667166044,-0.1347576281586434,-0.1338523695303971,-0.2071113802803433,0.027301197714540718,-0.1987951135159257,0.11535991202416147,0.07156005705679382,0.13986245806405342,0.3311732502450414,0.17630389914653874,0.19315955980205438,0.3037588952019699,0.18770250778952738,0.42402122895233846,0.1469754321095873,0.08744989600682132,0.10768752639673597,-0.018124297747212904,0.003888787065001713,0.2042712907107396,0.1355242292153097,0.2086525512196288,0.10036895664161799,-0.07630310226394345,-0.005720023268971783,-0.16707599869311254,-0.046988979113707176,0.23986006741626756,0.1293627329885488,0.04111754815163082,-0.11177553411055949,0.06385420236036625,-0.09020870355170572,0.16400481317087554,0.05717791997704978,-0.12226250906453952,0.02879136816772785,-0.18223270565547578,-0.16218632708843006,0.0022743029269497723,0.02144092310879838,-0.12173656655164995,-0.021490329829706188,-0.06361195005139893,-0.025063551386974157,0.19497007705854696,0.12595845054148172,0.07682266971607073,0.06652535281976907,0.048958872889257224,-0.10032433121628191,0.20572639832973408,0.2418873367386783,-0.038014487325582325,0.21887177362159232,-0.1539433735227789,0.03860099291571373,-0.20529608172827898,-0.1279522507948904,0.1617719481388807,-0.032178119197698606,0.054162516236482876,0.06495390034186263,,-0.02755460637984206,-0.06617791200822383,-0.10586107148833762,-0.01830120568336667,0.022392400927571342,0.1429432061774339,-0.07572934679533665,0.14385005857087074,-0.13786865781064475,0.08407430133318458,-0.037606483436795256,-0.058640996421997146,0.23259409191243854,0.16578504888874723,0.23001059853851732,0.28801727641466585,0.34545338635258865,0.19348946919650328,0.2846592131581254,0.2890627863796827,0.3198415797400569,0.4167935038130832,0.3559100797679478,0.26117348930982,-0.11354142594171601,0.02875630533353521,-0.26461602212146085,-0.18228370614157416
#52,0.36760672250157383,0.18689765636828726,0.147942847580266,0.22641187673820015,0.25041876180382344,0.3765079010909323,0.3831379642837221,0.4066603447314107,0.34657061575118137,0.4223876196319996,1.0,0.32136203173186495,0.48630557259998886,0.33693471140896813,0.04310178581389604,-0.06243256381037382,0.2495469722445792,0.15219023181314698,0.15775565985863302,-0.012880810270222889,-0.07462805504864968,-0.027482886946266206,-0.13930942154292408,-0.08755667827458981,-0.03291443871574401,-0.06411717361681103,-0.06451880244483581,0.0396576592370646,0.26086270509765797,0.2970475499844608,0.28395955023946323,0.27913681677278485,0.20979209333088955,0.28780530564431944,0.29216265967535004,0.29446724414092074,0.1922080819832814,0.22738247973926,-0.2211907019738782,-0.09754161719353888,0.17548470383858347,0.3245097179832495,0.08022854592832838,0.1905983791408012,-0.2989744120998653,-0.2503581987265816,0.12063846233534413,0.012036114719218418,-0.0498721003434564,-0.27664735554510755,-0.11855859876164444,-0.25511240029006527,-0.0921148467196328,-0.12687008423049032,-0.14127134649252127,-0.20344890787240316,-0.28702914199650964,-0.13621751707320962,-0.07970100965024823,-0.19426085154874131,-0.026834224513702397,0.13826072404752607,0.30362342516077107,0.36581533042736813,0.008953772840647387,-0.01632812437743547,0.4210217628636773,0.2592753149678458,0.20902389850903266,0.24654750615591806,0.10567141343065926,0.017351321629784283,0.09435089928200878,0.22047988269888197,-0.20363537839970036,-0.17665133995808396,-0.1952250794890389,-0.11148228131549379,0.44633712915076224,0.31786690466893514,0.1952744862099467,0.14273282917227806,,0.04786236243814199,0.19340181211102167,0.007753667652144809,0.07313947836065313,-0.06750392464678179,0.16078859501629625,-0.03607646885384376,-0.004285634597454757,-0.04296472200750663,-0.1445529090199141,-0.016645283650359794,-0.0670592641586115,0.012060021197077034,0.03783598562423798,-0.06681223055407247,-0.024470670736080453,0.13525966419367436,-0.07232187681788842,0.026563284431304734,0.21794579604586856,0.09462502689478759,0.3136035827841484,0.19506410920479086,0.005472989664432739,-0.07114089681167274,-0.08592785024982269,-0.17449497565523672,-0.06380160810907728
#53,0.34472184813011497,0.04481827092414475,0.031975711018495646,0.006523280925021317,0.4684633712915076,0.38094972467706334,0.14775478328777822,0.40693287857899896,0.3193060746360239,0.012812278367028185,0.32136203173186495,1.0,0.425296241104798,0.27704579684275116,-0.19294599526651737,-0.18600036656599384,0.05475539688737658,0.2346197674696587,-0.03369378989393493,-0.050914422778092105,-0.11453274789025333,-0.01177314346277363,-0.03442054682083689,-0.05970403780411032,-0.00021356453553697934,-0.04637378575014543,-0.14065615312895952,-0.11162253265226434,0.2633171034911426,0.29665707751277004,0.2408625457211389,0.3122186008335392,0.14813250563794436,0.25501199308305905,0.29167337376184366,0.2639705472192782,0.11931404346197674,0.14680808676457696,-0.1779295396409247,-0.0033596570217309884,0.20196351871478774,0.2458143741682538,0.11374064659053781,0.13177091219150683,-0.13341089657260796,-0.06696523201236762,-0.08671198272358534,0.008271641339081513,-0.18915602164333128,-0.08632469778227574,-0.07501215245957812,-0.10420355569014017,-0.00920718150594873,0.07203340531839444,-0.04506530452868379,0.03561108941819602,-0.24277665771501886,-0.09205747117277212,0.009262963287618836,-0.2104455370590251,-0.08524571874825682,0.09984779542430014,0.17597877104766155,0.1401700547458343,-0.2354740256118066,-0.28096008415080204,0.27807058786029054,0.2280901114838751,0.026560096900923588,0.10677589270772737,0.07422801998581549,-0.18213867350923188,0.07665532437106042,0.19525695479285038,-0.20292934042027588,-0.13908788818143422,-0.17353712277570146,-0.1650311979536055,0.2404258540589215,0.32355824016447654,0.22530739746113204,0.4022838655180932,,0.3378192510897369,0.4196654686864984,0.17841404425885934,0.09079361537664656,0.1280956896620421,0.2599941030687949,0.12884635306680267,0.12400130688745627,0.11231741427535481,-0.03279331256126035,0.10271338523695304,0.003711879128847947,-0.018602427304385244,0.009953063615137581,0.02903362047669517,0.02663978516045231,-0.014484138051940808,-0.06301110057455235,0.06667038545211135,0.2817426228593741,0.12583094932623576,0.24351297723306425,0.009331495190813537,0.04608531425065145,-0.04917721872036593,0.06032082493286264,-0.21471204647419295,-0.1070930519806517
#54,0.23439185904740656,0.20452310561085035,0.10320426491564998,0.018597646008813522,0.3312800325128099,0.4096151853947358,0.4331535034943302,0.34090796802907025,0.36070253169600525,0.2927603216218155,0.48630557259998886,0.425296241104798,1.0,0.46306847612141305,-0.025149614707265178,-0.07014798109794484,0.04846002438460741,0.1901553124178215,-0.026681223055407245,0.0001625640494385962,-0.042537592936432674,-0.06936225485899163,-0.012997155129134824,-0.01434229294997968,0.05792061455585749,-0.10419399309899673,0.0006725689104224275,0.0809887719242324,0.06317685215437209,0.13372805584553227,0.23528596131931884,0.22118113938273473,0.1634517766497462,0.16236004749420269,0.14332730358836232,0.13728055845532278,0.0023284909434293046,0.03942815704962188,-0.1282582537114807,0.02758488791846297,0.13240044944178375,0.17223820414538327,0.08457314983783439,0.1331574879073066,-0.0856521288718533,0.005618022296775016,0.1506889050036258,-0.039262405469802135,-0.026547346779398993,-0.0932065758751763,-0.09956569898556845,-0.09168612388336826,-0.02671469212440931,0.0940496776609902,-0.07227087633179004,-0.11198272358533418,-0.25850712014598887,-0.21612890372861365,-0.21291906063479668,-0.09042067432205213,-0.15028727617560106,0.0005992557116560017,0.17471969654710773,0.2937500498051622,-0.07568631513519113,-0.002255177744662879,0.34230251257082295,0.361029253560073,0.07665532437106042,0.06448852090621489,0.08033692196128744,-0.09509518762600706,-0.02075719784204193,0.26395620333256303,-0.1613846631975711,-0.19018081266087067,-0.20061997465913348,-0.15307955278948754,0.39797432444277986,0.22229677501613687,0.24838989871622214,0.3685741379722525,,0.06276247320482273,0.3122122257727769,-0.09932025914621999,-0.0628644741770195,0.14835244523424365,0.31597988668329496,0.03130951716883552,0.07798452453999952,-0.09008598363203149,-0.0415494585182765,-0.117725059566974,-0.13645180055622405,0.017137757094247304,-0.10368239447282232,0.06926025388679485,0.11572647801799361,0.059503223390097934,0.09671445305963072,0.037082134689096255,0.23131429846440724,0.06428611272701193,0.3193283873486919,0.20009403214624388,0.22061535274008082,-0.20951318442253902,-0.017897983090151327,-0.32018264549083986,-0.21282184095817164
#58,0.10493350014742328,0.10967495158938234,0.09580600690100327,-0.04509239853692355,0.243614978205261,0.2029022464120361,0.46612213022655374,0.2056881479651603,0.3981082007187881,0.15685358876076788,0.33693471140896813,0.27704579684275116,0.46306847612141305,1.0,-0.18633665102120506,-0.11827809608810334,-0.02036831913554176,0.17047709360979846,-0.13467793989911467,-0.026458095928726822,-0.24756751587788572,-0.2229374686227478,-0.11834662799129804,0.017131382033485007,-0.10515025221334141,-0.02036035030958889,0.03008231797209317,0.11896660265043152,0.21447776299117852,0.14687183737219994,0.17816382312393916,0.041814023539911864,0.08897512929420108,0.06072245376088741,0.13973017555323575,-0.03059072906788643,-0.1618771366414586,-0.11965192168237854,-0.009390464502864793,0.11052124090557738,0.13115093753237336,0.11149662520220896,-0.027852640470479483,-0.041557427344229375,-0.10892588194981233,-0.014519200886133446,0.09573109993704627,-0.08681876499135383,-0.027065320466335696,-0.10185115826885224,-0.08022376463275666,-0.002838495804413136,0.056455944345719544,0.10611607391882955,-0.2637155447887863,-0.04447083011259951,-0.13691877375706238,-0.16720031237797736,0.01879367912725418,0.004837077353393525,0.013486441042641188,0.15154794444134545,0.11419646343504211,0.19554064499677262,-0.006931284813808382,0.03817864514021149,0.34968164540318275,0.3618946680585549,0.014544701129182637,-0.024830861669150283,0.07677804429073465,-0.15139653674824088,-0.24646303660081761,0.013970945660575827,-0.2643769573428747,-0.06145399198336109,-0.14790140968531107,-0.006252340842623656,0.45073592107674776,0.24191283698172747,0.12705017969702523,0.2168460980643722,,0.18287818055765845,0.2374232004398792,0.04097092175409797,0.03516324139964459,0.0699009474934058,0.23545330666432915,0.09725314569404489,0.061224489795918366,0.027105164596100056,0.03664863055726,0.02949740614715234,9.243838105331942e-05,0.005256237598514611,-0.08066364382535521,0.0324219652718565,0.13180278749531832,-0.017152100980962474,0.02049741411597829,0.12818494051271426,0.13052458781247758,0.0004207540103116608,0.20225517774466287,-0.06817489979201365,0.12297173457434517,-0.0017929858393962818,-0.041909649451346336,-0.08218409581716325,0.01063997641227518
#101,-0.22342516077106359,-0.0908095530285523,-0.26050251416458814,0.018103578799735436,-0.15814135103475205,-0.15230020161129662,-0.13497119269418037,-0.027403198686737483,0.02944321813067281,-0.06266206599781654,0.04310178581389604,-0.19294599526651737,-0.025149614707265178,-0.18633665102120506,1.0,0.5325869199690809,0.053751324817314663,-0.21230386727123493,0.6174326036545036,0.19944536971368007,0.5402959621958897,0.4946553084334085,0.06669747946035111,0.14999561714572593,0.03149120640056101,0.12519503701519655,-0.2989441305612444,-0.4693208169640367,0.26928416036465347,0.11329917363274869,-0.14719537170588656,0.038307740120648026,-0.3695670536859804,0.2192112456071847,0.3120624118448629,0.16934073902891886,0.5399772091577748,0.48325032472965757,-0.11629863972140984,-0.18387428380176749,0.12712827419136338,0.3639936568145415,0.29985895178063415,0.4460151885822662,-0.3093402608993617,-0.29038879901824066,0.061657993927754624,-0.08230362820645634,-0.38358740606746405,-0.35931754974539604,-0.2734662002247209,-0.38507120145988893,-0.40700778554295597,-0.1252237247886269,0.40567858537401685,0.14679374287786182,-0.28497637243104973,0.004427479699415885,-0.40522276852951256,-0.3974946011204169,-0.34714755875016934,-0.3838790650973392,0.3004119883017635,0.20489923419582592,-0.18641474551554318,-0.2632453840575668,0.19433416474750775,0.07743308178406075,0.5257257608236579,0.22019459872976915,0.035520244802333276,0.135305883384201,0.34309302010534787,-0.06661141614006008,0.13380933787025157,-0.2821697519304481,-0.10443943293834519,-0.260296918455004,0.23787104845843063,0.29558447353951345,-0.1410561881917937,-0.16244451704930313,,-0.3260827642263465,-0.29500434301014433,-0.4602666369163831,-0.43534174310098894,-0.051233175816207,-0.08239606658750966,-0.2074731649786037,0.03799536214329543,-0.3026289156818526,-0.39398194264039077,-0.4258795591645483,-0.3281435026177593,-0.21300671772027827,0.06729514140681653,-0.3213269688976723,-0.3323111985911116,-0.3576568464168174,-0.36294974061471524,-0.34892620070285046,-0.15554351377411565,-0.24603112623417192,-0.24642956753181552,-0.32282829570719346,-0.3551594163631872,-0.38871454868554217,-0.3284925371944951,-0.21467060857923803,-0.22992134768784514
#102,-0.13539035293930146,-0.01960490560925659,0.04184430507853278,-0.03360294527807218,-0.08581947421686363,0.01871080333734431,0.03822327056554758,-0.025273928392129986,-0.03944887599709935,-0.08226059654631084,-0.06243256381037382,-0.18600036656599384,-0.07014798109794484,-0.11827809608810334,0.5325869199690809,1.0,0.019531592410490163,0.05796842751157472,0.2958362884396242,0.27487986994876046,0.12581819920471116,0.5065846408848584,0.12045517933842807,0.3646981010287754,-0.0740590808756146,0.34802094207460416,-0.1951932041852274,-0.2975033668289651,0.20360828439146061,0.10242013244188734,0.020330068770967973,-0.12707408617488386,-0.13060586983719688,0.04973503653706699,-0.01889568009945095,-0.10400911633689008,0.15414578170198184,0.2737482966634526,-0.015139175545266916,0.08044848552462766,0.18866673572982492,0.2602060738391413,0.14358868107961653,0.404794045693248,-0.23026560096900925,0.015851588585453706,0.0672600785726239,-0.046442317653340136,-0.3129979520117301,-0.06571412633776666,-0.13098359218736302,-0.0949676864107611,-0.21284096614045853,0.18716381515511318,0.03369060236355378,0.24879471507462805,-0.4359664990556941,-0.11629863972140984,-0.4626525034066731,-0.32546438333240363,-0.38452453999952185,-0.3356262301875065,0.06035907529743643,0.26793105371785575,-0.05228027954641443,-0.13775071918654225,-0.06767126999179211,0.10007889137693343,0.2004558168445043,0.12690514706468295,0.016103403485564473,0.18372606363904406,0.25608937835188744,-0.10888125652447625,0.07676688793440062,-0.19537648718214345,-0.034611798643705824,-0.20109013539035295,0.12981536230267196,0.3549601957143654,-0.08151790196750312,-0.01612093490266079,,-0.16757962849333408,-0.22621106232418778,-0.39249017842201306,-0.3579947246372192,-0.006821315015658743,0.06752464359425926,-0.13819219214433137,0.05996063399979281,-0.2670736080453267,-0.1495413940664122,-0.47039023340691216,-0.4188191793703034,-0.05816446063001538,0.3664639928599319,-0.1854027046195284,0.0014822016272342596,-0.2604403573221557,-0.12199794404290416,-0.060062634971989576,-0.08044689175943708,-0.07655332339886364,-0.1801894986811593,-0.1808652551219629,-0.15265401748360413,-0.38282239877598834,-0.36851198112982014,-0.3187163815155113,-0.33766784339663236
#201,0.43568440261696245,0.5090183203308657,0.6803656097347178,0.6354740256118067,0.2081106710548335,0.458499151320036,-0.00873702077472926,0.2866099817513886,0.09632398058793998,0.5349217859732726,0.2495469722445792,0.05475539688737658,0.04846002438460741,-0.02036831913554176,0.053751324817314663,0.019531592410490163,1.0,0.47779486648232117,0.07158396353465243,-0.21012837778610077,-0.15490919522826702,-0.251382989744121,0.3373729968363761,-0.20802301396935188,0.24791973798500266,0.15117978468232277,0.21258915124034777,0.19323127923563022,0.4503326984835324,0.3654790459721569,0.4684219333965527,0.16315693008948992,0.4361609384089442,0.1025221334140841,0.043331288001338765,0.009969001267043327,-0.0795719146698117,-0.04880746519615265,0.2920192208081983,0.18333399740216275,0.14437918861414148,0.09775199419869471,-0.1479364725195037,-0.10930838559555021,-0.18199682840727074,-0.1155400074906964,0.050676951764696505,-0.006402154770537656,-0.03275824972706771,-0.24464933181394385,0.14962426985632207,-0.044293922176445746,0.2844791176915905,0.09832256213692037,-0.0611224888237216,0.13632589310616866,-0.4018678928033533,-0.45087457864832775,-0.0535058849779662,-0.08043414163791249,-0.3229781096351075,-0.20395891273338698,-0.1942194136537864,-0.09564025532118353,0.3088716939333328,0.14367474439990757,-0.08255225557618596,-0.1535066818605615,0.15173122743826153,-0.015057893520547618,0.4304170086621138,0.4490847803393126,-0.07291156993840098,0.22840248946122768,-0.2780785566862434,-0.13778737578592545,-0.34530516618986523,-0.23275028090111483,0.09596538342006072,0.018538676696762266,0.017896389324960755,0.02502848855278152,,0.07096558264070954,-0.0951924073026321,-0.11812509462980819,-0.13451537584967607,0.13918032656248755,0.10792659117532213,-0.06266047223262597,0.11728996166994717,-0.11679589446086908,0.0805712054443019,-0.12173497278645937,-0.09145343416554438,0.4482623975009762,0.3536278080150451,0.5394528604100758,0.3921523002016113,0.4851198112982014,0.3647236012718246,0.5030273569794962,0.3533058674465491,0.5579134426124999,0.4222760560686594,0.41890683645578497,0.38525607822199553,-0.32565404139008197,-0.20427447824112074,-0.3930750902469539,-0.26126274016049217
