,#10,#11,#12,#13,#17,#18,#26,#49,#50,#51,#52,#53,#54,#58,#101,#102,#201,#202,#301,#302,#401,#402,#501,#502,#601,#602,#701,#702,#801,#802,#901,#902,#1001,#1002,#1101,#1102,#1201,#1202,#1301,#1302,#1401,#1402,#1501,#1502,#1601,#1602,#1701,#1702,#1801,#1802,#1901,#1902,#2001,#2002,#2101,#2102,#2201,#2202,#2301,#2302,#2401,#2402,#2501,#2502,#2601,#2602,#2701,#2702,#2801,#2802,#2901,#2902,#3001,#3002,#3101,#3102,#3201,#3202,#3301,#3302,#3401,#3402,#3455,#3501,#3502,#3601,#3602,#3701,#3702,#3801,#3802,#3901,#3902,#4001,#4002,#4101,#4102,#4201,#4202,#4301,#4302,#4401,#4402,#4501,#4502,#4601,#4602,#4701,#4702,#4801,#4802
#10,1.0,0.23597606164683757,0.3549554144187937,0.44622875311780313,-0.017595167703942177,0.07559865804970954,0.06531727880531361,0.26833746384145224,0.00250858640996422,0.38586808405517614,0.42342675453625417,-0.13319573827188042,0.10399477245017491,-0.172778490544988,-0.24935093912613854,0.19836320314928002,0.2155264604865765,0.05251775055981003,0.16626317844591956,0.20306321669628413,-0.10841587708882851,0.26138227254978524,0.07965479045972157,0.005241893711799441,-0.11709711608188765,0.22345384854449393,0.10493031261704214,0.18809616779159927,-0.13640080007012567,0.1437528388942457,0.004099164070157544,0.10738949230609854,0.18458191554638256,0.1759708022217087,-0.032120743650837925,-0.06616675565188981,-0.025788714548685542,0.059713600395253766,-0.06550374933261083,0.1879750416371156,-0.020908605535146507,-0.011856019252683501,-0.045686872953007836,-0.04540477651427615,-0.18471738558758138,0.05850712014598889,0.15460637984205786,0.09967088748814637,0.015513710365051918,0.12963686060132762,-0.0745021475985943,0.13983695782100422,-0.12155168978954331,0.10688108121030529,-0.12106240387603695,0.10542119229573907,-0.3001378606889847,0.03050944704316713,-0.15353218210361066,-0.05573715624477046,-0.1293499828670242,-0.12201866299038162,0.03809098805472989,-0.038561148785949365,0.27796380559252204,0.1639936568145415,-0.007489102630509447,0.006864346675804254,0.030592322833077,0.1640319071791153,0.048821809082867824,0.10846847134011746,-0.09182956275051997,0.0439847317294743,-0.14819147494999563,-0.13551785415454742,-0.2838001737204058,-0.2580879599008678,-0.014640327040617105,0.21654328267816303,-0.2039525376726247,-0.11474631242579031,,-0.04054379268302401,-0.11018495645036616,-0.07440970921754098,-0.16476503916677956,-0.09271091490090765,-0.07276494354086813,-0.11511447218481301,-0.17996796531966947,-0.2035333774275036,-0.09617097912964483,-0.07036632692905355,-0.1918702037628796,-0.00850592482209596,0.3165695798038075,0.016667596363027837,0.006131214688139997,-0.08254588051542366,0.08046920447210512,-0.11219788188606172,0.015386209149805959,0.03470901832033087,-0.09850584513383644,0.05296719234355202,0.03671875622564528,-0.1887257050418762,-0.16519216823785352,-0.05215277833116847,-0.16146913275267155
#11,0.23597606164683757,1.0,0.21589143271521807,0.03858027396823626,0.004634669174190567,0.007839730972435831,0.2808851771868451,0.14374008877272113,0.23833164659850664,0.22716891520372304,0.3348134099403135,-0.10306560734407,0.11025348835356087,0.005396488935285164,0.04463817545760983,0.0391396855501279,0.17885073592107675,0.08421933396552686,0.13691877375706238,0.02189036489254038,-0.07344388751205284,-0.018965805767836224,0.15904182836742664,0.1089402258365275,0.09392217644574424,0.039847317294742966,-0.05860274605742336,-0.03231040170851628,0.015010080564830384,0.1162763270087418,0.10385930240897609,0.20825251615679463,0.12723186892875074,0.16934870785487174,0.10854815959964619,0.03813401971487541,0.05880356047143574,0.04238777900851867,-0.019700531520691057,0.10131884069520038,0.10135549729458358,-0.036672537035118614,0.1520372303548518,0.015226832630748512,0.07764824008478831,0.06726485986819562,0.12302432882563412,0.006265090964148252,0.04266350038648806,-0.0705432348652073,0.022197961574321256,0.053034130481556155,-0.07615806963160118,0.042282590505940756,-0.16915267473643109,0.1195292017627043,-0.17694140522276852,-0.10224641203611472,-0.09459633912135725,0.03366988341607631,-0.12923682553849342,-0.15081321868849062,-0.01817370446812071,0.043877949461705805,0.10785327797655571,-0.04749898397469101,0.02661428491740312,0.0030393102184255194,0.045508371251663494,0.12324745595231455,0.060846767445752216,0.12190709942704141,-0.14581198352046792,0.052390249344564065,-0.16341352628517242,-0.07914637936392831,-0.19873136290830273,-0.14687024360700937,0.055437528388942454,0.14187060220417727,-0.04612675214560639,-0.03063376072803194,,0.02634334483500546,-0.16600658225023707,-0.1625146427176884,-0.10352461171895545,-0.19388312919857517,-0.09346157830566823,-0.10088214903298297,-0.14243798261202176,-0.15608220640852982,-0.037984205786961406,-0.09742527233462694,-0.013658567683223231,0.21151335973670998,0.17509741889727387,0.0781423072938664,-0.05812621026544159,-0.03192152300201611,0.023120751619663874,0.08294432181306728,0.054980117779247585,0.0005147861565555547,-0.06640741419566655,-0.023007594291133086,-0.04001306887456271,-0.07158555729984302,-0.21871399086772547,0.026118623943134456,-0.07045239024934456
#12,0.3549554144187937,0.21589143271521807,1.0,0.42548908669285757,0.06155439919036728,0.3995967774067847,0.22708763317900374,-0.03958753356867933,-0.10286957422562934,0.534043621353266,0.18748097442803752,-0.1327287650710421,0.05290662926631019,0.00871630182725179,-0.03925284287865869,0.19982946712460853,0.5253193507000613,0.5717393556407334,0.2180366406617313,0.06053438946839962,-0.2989648495087219,-0.07287491333901776,0.2687088111308561,0.07890572082015157,0.13919785797958387,0.17993130872028623,0.23316306608547363,0.11185203483970707,0.07164771414227541,0.10371267601144324,0.11576154085218625,0.3273290886053758,0.3611535672449378,0.32047589828590556,-0.08679804604387635,0.0012750121524595782,0.0004669732008383205,0.15657946114798907,-0.07302632103212234,-0.01967343751245129,-0.0837985799552152,-0.055376965311700624,-0.27642900971399886,-0.005382145048569994,0.07199993624939238,-0.00989887559865805,-0.08734311373905282,0.07481771310632805,0.18739969240331822,0.10260022790842226,0.13768696857891927,-0.002232865031994836,0.1227565762736176,-0.10175553235741779,-0.22241630740542995,-0.06560096900923587,-0.2605806086589263,-0.2888986285650535,0.008118639880786364,-0.14175585111045588,-0.14352493047199355,-0.21558064850305605,0.10489365601765892,0.08768736702021691,0.30779430866450447,0.24360700937930815,0.008507518587286536,0.07301038338021659,0.06228753117803154,0.23419263839858473,0.13642470654798428,0.2575827363354557,-0.06883471858091147,0.12824231605957495,-0.1503271203053654,-0.16435384774761133,-0.18060387763070868,-0.18422491214369388,0.12312632979783089,0.410239941349441,0.02065360310465459,-0.07619472623098439,,-0.15156228832806062,-0.12814190885256876,-0.17409972188797423,-0.14283961144004653,-0.02493923770210935,-0.034583110870275484,-0.17325662010216034,-0.11581572886866578,-0.16788722517511495,0.1559833929667142,0.05674122831483237,-0.10385611487859493,0.24970634876363665,0.2542358294352493,0.2918965008885241,0.33135493947676686,0.04423176533401334,0.2336826335376009,0.38473810453505886,0.31105993353999156,0.2157145247790643,0.1549235391149822,0.3119556295770944,0.2613519910111643,-0.1387771039692722,-0.015540804373291682,-0.017929858393962817,-0.14847197762353673
#13,0.44622875311780313,0.03858027396823626,0.42548908669285757,1.0,-0.002856027221509455,0.35378877829929317,0.02548111786690467,0.1201029572313111,-0.0527376901561093,0.5000980165592204,0.2775366765214481,-0.13849978882611225,0.031473674983464685,-0.07640669700133079,0.07900931555753891,0.17496194885607502,0.27666488696220387,0.27989544900349833,0.15415853182350645,0.016194248101427215,-0.13505725601447138,-0.016065153120990685,0.23290168859421942,0.15716756050331104,-0.045823936759397235,0.14392337176963718,0.11964714038680681,0.28018870179856403,-0.01544039716628549,0.1262596721625003,-0.04467642582218362,0.1365538015284208,0.3210783415279427,0.13087680991959455,-0.036470128855915655,0.049919913299173634,0.03526524237184136,0.15830869637976236,0.07527034242045119,0.0835929842456311,-0.19263521105435535,0.02862402282271753,-0.2063511542844393,-0.005429958004287228,-0.119522826701942,-0.002642462685972476,0.03539114982189674,0.21235964905290503,0.08387826821474392,0.14807034879551195,-0.12285379595024265,0.011986707998310609,-0.18860139135701137,-0.22288487437145885,-0.21861517742590983,-0.06478974252723346,-0.3335320227270916,-0.18546326769677024,-0.09006526468455403,-0.018680521798723395,-0.12736096390918725,-0.18082381722700794,0.3251982245455777,0.11022001928455881,0.14822335025380712,0.19413972539425767,0.14491788124855565,0.10383698969630804,0.14315677071297087,0.24511152371921044,0.010770665157902285,0.16608786427495636,0.03931499972109109,-0.01063360135151288,-0.1455824813330252,-0.23933731243375914,-0.25563356150738314,-0.20752097793432095,0.14296233135972078,0.3048952497828495,0.004588449983663907,-0.11549697583055088,,-0.0032417183976284772,-0.10323135892388974,-0.11459968602825746,-0.1466566790714724,-0.12565563515527256,-0.002725338475882348,-0.07306457139669613,-0.011358764513224267,-0.2106575078293715,-0.01036584879949637,-0.1330841747085402,-0.243989513025046,-0.07652782315581445,0.18437791360198902,0.09526890803177968,0.14953980030122163,-0.00787160627624732,0.19936408768896077,0.17593573938751603,0.16908254906804582,0.2907904278462654,0.11706683454326675,0.2861796651499335,0.24445967375626548,-0.0794970077058547,-0.09328467036951446,-0.10317557714221964,-0.22356700587302472
#17,-0.017595167703942177,0.004634669174190567,0.06155439919036728,-0.002856027221509455,1.0,0.25340707153615055,-0.05094948561228474,0.011594641761429289,0.04224434014136697,-0.05640972515519289,0.061195802022488026,0.39670249982070144,0.010224003697535242,0.23288256341193253,0.030863262915474664,-0.0939938958793201,0.1382463801608109,0.2819498123341488,-0.0649252125684323,-0.30166787527193617,-0.23698810254285235,-0.37066993919785796,-0.03295428284550837,0.039351656320474306,0.06254731490409518,-0.20010837603295906,-0.232390089968045,-0.27629513343799056,0.35107300241455425,0.16741387691351434,0.1916662018184861,0.24757707846902915,0.20420594633792602,0.13431456143566367,0.15339033700164956,0.15124353528994572,0.010461474710930839,-0.009266150817999984,-0.08823562224577453,-0.10699423853883608,0.2014296073759453,0.16206201340356524,0.08483771485946975,0.03727338651196519,-0.04816358405916056,-0.1550223525567978,-0.13234466766011363,-0.2509271728996167,-0.0645379276271227,-0.383029588250763,-0.10820868761405382,-0.32622460932830766,-0.10908047717329805,-0.13587167002685493,-0.21861995872148157,-0.11572010295723131,0.09690411111730908,-0.24417598355234324,-0.10451752743268335,-0.33817944202280675,0.254315517694778,0.26320553992780243,0.204183633625258,0.18358103100670178,-0.1680657268764593,-0.17674696586951844,0.14940114272964164,-0.01863270884300616,0.1275777159751054,0.3207611822550184,0.22767413876913514,0.35869757508626254,0.27326379204551793,0.24874530835372025,0.2052068308776068,0.19127413558160475,0.3116958458510308,0.11010367442564686,0.21792667086358167,0.11369283363482058,-0.013123062579190208,0.35981480448485526,,0.32283626453314634,0.4339440110288551,0.2508905163002335,0.2938950824375045,0.0901417654137016,0.09523862649315876,0.22497748806668313,0.28989473180916253,0.18955765047135606,0.013118281283618485,0.06175999489995139,-0.08035764090876492,0.12020655196869845,0.012944560877845866,0.2896843548040067,0.10800787320004143,0.1367801161854824,0.02861764776195523,0.22635768872172063,0.24163392807337694,0.14520157145247792,0.09733283395357362,0.046778602108551344,0.07328769852337655,0.3053956920526899,0.004822733466678354,0.08876634605423583,-0.03643665978691359
#18,0.07559865804970954,0.007839730972435831,0.3995967774067847,0.35378877829929317,0.25340707153615055,1.0,0.21554399190367282,0.08324076213851413,0.060787798133700964,0.32503406673094853,0.2571428571428571,0.1033222035397525,0.1846855102837699,0.182943524930472,-0.07501533998995928,-0.03691957063965766,0.16177672943445243,0.5326395142203699,-0.0853222194774044,-0.15220457569986215,-0.1321406657157201,-0.20655834375921395,0.25265322060100887,0.06601375419359466,0.15386049773286903,0.057130107021332546,0.18513335830232133,0.12475037652702628,0.10564591318761007,0.059310377802038426,0.07210990604754201,0.21461642056275848,0.408603144498721,0.16844982428738775,-0.06827530699901983,-0.007718604817952171,-0.08453330570807004,0.07657085481595996,-0.12406505749507925,-0.05996222776498338,-0.02653300289268382,-0.004166102208161672,-0.29024057885551724,-0.05702810604913578,0.025046019969877837,-0.02518945883702954,-0.07968188446796133,0.1181059694475213,0.29305994947764347,0.06439289499478042,0.0040131007498665225,-0.08242156683055886,-0.03947597000533911,-0.32594570041995713,-0.34946170580688346,-0.23261959215548772,-0.14177975758831451,-0.27522093569954337,-0.022809967407501852,-0.21002956434428516,-0.018548239287905714,-0.02665412904716748,0.2962618237455076,0.07907944122592418,0.03804795639458439,0.12505000438285427,0.2560925658822686,0.25468845874937246,0.12226888412530182,0.3067727051773462,0.09731370877128673,0.2166516587111221,0.004918359378112823,-0.057420172286017104,-0.09124305716038857,-0.08740845811186639,-0.0822813154937883,-0.10101602530899123,0.16340874498960067,0.2164890946616835,0.057797894636183254,0.0325654041390082,,0.08068755030321383,0.08043573540310306,-0.10888125652447625,-0.06283738016877974,0.016025308991226322,0.05094470431671302,0.04950394058443369,0.06633091346651898,-0.10491118743475523,0.01723975806644407,-0.12478225183083776,-0.26482958665699785,0.09783168245822343,0.08549593988317701,0.20802460773454248,0.4134354405565428,0.04878037118791288,0.3765079010909323,0.43658966124520876,0.3964841539895927,0.5105690538612946,0.4472360127182462,0.4610746758680044,0.4557004996453872,0.07371801512483166,-0.025817402322115882,-0.004846639944536971,-0.09982229518125095
#26,0.06531727880531361,0.2808851771868451,0.22708763317900374,0.02548111786690467,-0.05094948561228474,0.21554399190367282,1.0,-0.050815609336276484,-0.083548358820295,0.28826909131477657,0.17573970626907537,-0.02058188367107874,0.3230354851819681,0.047804986891281306,0.02119548326944991,0.19073863047757175,0.08852728127564966,0.1382973806469093,0.1203101467060858,0.019515654758584418,-0.06586553403087123,0.0017611105355847922,0.15133756743618962,0.0766314178932018,0.08524253121787567,0.019435966499055695,0.07485118217533011,0.1111316529735674,-0.005863462136123485,-0.015241176517463682,-0.004617137757094247,0.1817497948027317,0.12724461905027531,0.14228179362334548,-0.03228171393508594,-0.07687526396735969,-0.03198846114002024,-0.02080979209333089,0.04214393293436078,0.004379666743698651,0.18121428969869868,0.06795814772609551,-0.15628142705735165,0.034790300345050165,0.17963646216002996,0.09760696156635243,0.10914741531130219,0.20958012256054315,0.10793934129684674,0.1500099610324411,0.04894931029811378,0.013945445417526636,0.10199300337081338,-0.04521511845659779,-0.07853277976555714,0.036822350963032616,-0.31368167727848656,-0.23541665006494594,0.028362645331463314,-0.002943684306991051,-0.04006725689104224,-0.07460255480560049,-0.12295739068763,0.03014606857971615,0.30245041398050826,0.008152108949788428,-0.17742112854513145,0.20291977782913243,0.023772601582608834,0.05306600578536764,0.12474559523145455,0.08952497828494928,-0.10229263122664138,-0.004352572735458885,-0.21625481117866904,-0.2526866896700109,-0.12146403270406171,-0.031505550287276175,-0.0519137135525823,0.20050522356541212,0.08404401979456366,-0.08278175776362869,,-0.2380782379332053,-0.273319573827188,-0.0713369299301134,-0.046464630366008175,0.20853620636071687,0.06310513272079625,-0.2675692690195953,-0.15947852002964402,-0.1961861198989553,0.15280383141151815,0.03933093737299684,-0.0029723720804213914,0.09971710667867303,0.12224657141263377,-0.10872028624022823,0.08445999250930361,0.011688673907673183,-0.006086589262803911,0.08049470471515431,0.09532787734383093,0.09591278916877176,0.04207221350078493,0.030429758783638405,-0.004706388607766418,0.003160436372909179,-0.10444899552948864,-0.010141127907625369,-0.13798181513917554
#49,0.26833746384145224,0.14374008877272113,-0.03958753356867933,0.1201029572313111,0.011594641761429289,0.08324076213851413,-0.050815609336276484,1.0,0.31583166652057154,0.11533281801592171,0.2298735347321279,-0.16120775526141734,-0.03378463450979767,0.08879025253209445,0.0020081441401238356,-0.2925069129565141,0.014060196511247998,-0.2503900740303931,-0.12057471172772115,-0.19105738351568663,0.07133852369530397,-0.10892588194981233,-0.09246388129636861,-0.19047406545593637,0.013197969543147208,-0.13026002279084223,-0.031943835714684156,-0.011223294472025436,-0.2767700754647818,-0.20072197563133024,-0.2567906350357402,-0.045014304042585405,-0.022985281578465046,-0.10915060284168333,-0.23995888085808317,-0.12209994501510092,-0.20519886205165394,-0.3275633720883902,-0.20159695272095562,-0.13920423304034615,-0.1803520627305979,-0.06444708301125995,-0.06795814772609551,-0.20195554988883488,-0.20853620636071687,-0.16837810485381188,-0.016564001625640496,0.029951629226466065,-0.006166277522332635,-0.002634493860019603,-0.07709839109404011,-0.028357864035891592,-0.16394265632844313,0.00998812644933022,-0.013484847277450614,-0.2014423574974699,0.08194503103857709,-0.027015913745427885,-0.020009721967662503,-0.03252556000924384,0.09927882125126505,0.17656687040298352,-0.07665532437106042,-0.23727179274677462,-0.04790061280271578,-0.060660296918455,-0.01284574743603025,0.01863270884300616,0.191546669429193,0.06048179521711066,0.27110105268190837,0.18343281084397836,0.141137470216513,0.07792236769756712,0.0043573540310306086,0.08829140402744463,0.03570034026886819,-0.0259911227278885,-0.015027611981926703,-0.17004358947796222,-0.40543314553466836,-0.034812613057718204,,0.22909258978874641,0.14695949445768156,0.16876538979512148,-0.00015937651905744728,-0.18328777821163608,-0.08586888093777144,0.12093330889560042,-0.13010224003697535,-0.053059630724605344,-0.15931276844982428,-0.07829212122178039,-0.03063376072803194,0.07399692403318218,-0.050798077919180167,-0.04519918080469205,0.0202471929810581,0.11960889002223303,0.09335638980309031,-0.3053032536716366,-0.21293021699113068,0.10562360047494203,0.22040338196973439,0.011929332451449929,0.038538836073281325,0.080327359370144,-0.04230330945341823,0.08059192439177935,0.06431001920487055
#50,0.00250858640996422,0.23833164659850664,-0.10286957422562934,-0.0527376901561093,0.04224434014136697,0.060787798133700964,-0.083548358820295,0.31583166652057154,1.0,-0.05087457864832774,0.08639322968547045,0.085784411382671,0.015540804373291682,0.21755691733936838,-0.024306512921451282,-0.4443975169138331,-0.005176549338985887,-0.08400258189960873,-0.1696005227549825,-0.27677804429073466,0.0858656934073903,-0.11359242642781439,-0.13375355608858147,-0.21345137820844856,0.08622907187084126,-0.2564097251551929,-0.0673094852935317,0.09151240347759565,-0.006661938496601296,-0.13591629545219103,-0.1594689574385006,-0.14406840440197946,-0.14462303468829937,-0.1381842233183785,-0.08998238889464415,-0.07079026846974636,-0.1252858816310593,-0.3011578704109524,-0.2388018073297261,-0.10419718062937787,0.03319653515447569,-0.15920279865167464,0.10393580313812366,-0.17349249735036537,0.07116639705472193,0.07610706914550279,-0.0013228251081768123,0.060985425017332194,0.017529823331128624,0.04541274534022902,-0.18120313334236468,0.0174501350715999,-0.24737307652463564,0.0038393803440939047,-0.05743451617273227,-0.1936376893592267,0.2569006048338898,0.03698172748209006,-0.04464773804875328,0.09390783255902908,0.25071201459888914,0.21575277514363808,0.06408370454780897,0.06096789360023588,-0.26653810294129365,0.05214002820964388,0.21356931683255106,0.06062842161464351,0.10608260484982747,0.10341304815561524,0.04794045693248014,0.000819195307955279,-0.11882635131366096,-0.07846902915793416,-0.1368550231494394,0.04602793870379077,0.04447401764298066,0.16541529536453395,0.19842376622652186,-0.1504769342332794,-0.13002892683820894,0.04421423391691702,,0.11224888237216012,0.17742750360589374,0.09738542820486258,0.17049621879208537,-0.05050323135892389,-0.13477994087131143,0.14753803122186007,-0.048528556287802116,0.01264652678720844,-0.14570679501789002,0.04543983934846879,0.134920192208082,0.35691096430762853,-0.043702635290742614,-0.049495971758480826,-0.11128465443186256,-0.010635195116703456,0.08139996334340062,-0.09896006821315016,-0.15890317079584665,0.0185052076277602,0.11711624126417455,-0.19860386169305677,-0.04906724892221629,0.24818589677182862,0.01957621783582625,0.23894205866649668,0.3223087282550662
#51,0.38586808405517614,0.22716891520372304,0.534043621353266,0.5000980165592204,-0.05640972515519289,0.32503406673094853,0.28826909131477657,0.11533281801592171,-0.05087457864832774,1.0,0.43314872219875844,-0.06989935372821522,0.24864171361633292,0.06311628907713027,0.02630828200081282,0.11371833387786977,0.5329311732502451,0.3168532700077298,0.22447545203165217,0.11793862410251098,-0.09421542924080994,-0.06880921833786229,0.29987648319773047,-0.02638000143438867,0.016127309963423087,0.03994294320617743,0.2365163480464423,0.07999904374088565,0.025608619082150626,0.03409860625234084,0.031032202025675557,0.11246085314250652,0.3158348540509527,0.12606523280925022,-0.027038226458095928,-0.049371658073616015,0.06476105475380312,0.1222449776474432,0.09228856712540541,-0.022526277203579595,-0.09169249894413056,-0.06924750376527027,-0.19611599423057002,0.07147718126688395,0.023493692674258302,0.05546462239718222,0.018790491596873033,0.0412498306624485,0.1402752432484122,0.05042991816015746,-0.022615528054251766,0.08086605200455817,0.026859724756751586,-0.07421048856871917,-0.1384471945748233,-0.050911235247710955,-0.23490345767358095,-0.22288806190184,0.06933197332037071,-0.012168397230036099,-0.29586816374343566,-0.2796484153989593,0.150264963462933,0.008199921905505662,0.2363856593008152,0.11007339288702596,0.06633091346651898,0.13670042792595366,0.1143032457028106,0.23165217668480903,0.11316848488712158,0.25440317478025964,0.005034704237024759,0.03055885376407494,-0.0687454677302393,-0.09420267911928536,-0.3041812429774721,-0.23646375379515336,-0.011084636900445458,0.26204209133868306,0.07429655188901019,-0.1125548852887504,,-0.10989489118568162,-0.15872945039007402,-0.19972905991760234,-0.2531042561499414,-0.01159145423104814,-0.16447816143247615,-0.19574942823673788,-0.1072986476902358,-0.10348476758919109,0.1374096534357593,-0.10121365219262246,-0.09092111659189252,0.1039963662153655,0.07733267457705456,0.13827506793424124,0.2172254141797289,-0.008322641825179897,0.24537927627122696,0.2760385372423081,0.11294854529082231,0.23263552980739347,0.1581445385651332,0.2847803393126091,0.2327407183099714,-0.2666496665046339,-0.10543394241726367,-0.17177441847492608,-0.24171999139366798
#52,0.42342675453625417,0.3348134099403135,0.18748097442803752,0.2775366765214481,0.061195802022488026,0.2571428571428571,0.17573970626907537,0.2298735347321279,0.08639322968547045,0.43314872219875844,1.0,0.09517487588553579,0.2583015244364048,-0.028800930758871295,-0.05427407979982309,0.1143845277275299,0.310159456207317,0.1160579811776331,0.10057136482082095,0.03302600227908422,0.005340707153615058,0.13711799440588418,0.09036489254038202,-0.04452342436388847,0.04244515455537936,0.011785893584298225,0.05124114464215987,0.057217764106814145,-0.06490768115133598,0.10028608085170812,0.2434030074349146,0.10511518937914877,0.16767366063957798,0.09018001577827539,0.06427973766624963,-0.05919722047350764,-0.021767644972866148,0.01091410402505399,-0.052390249344564065,0.09980476376415463,-0.03750607622978906,-0.059425128895759786,-0.048125333694586776,-0.021082325940919123,-0.12865350747874316,0.19082947509343448,0.12369371020567539,0.02196049056092566,-0.02566599462901131,-0.09911466343663589,-0.1609925969606898,-0.0077409175306202135,-0.009393652033245941,0.03621990772099547,-0.1152834112950139,0.013870538453569635,-0.15966499055694125,-0.12220832104806,-0.09794802731713537,-0.11042402122895234,-0.16337208839021747,-0.17931930288710565,0.027766577150188463,-0.10077217923483334,0.11660145510761899,-0.15036537066993919,0.06631656957980381,0.07386942281793624,0.038736462956912555,0.13128640757357218,0.04655866251225207,0.08784514977408378,-0.06778123978994174,0.013626692379411741,-0.24150961438851215,-0.18398903489548885,-0.362901927658998,-0.23290168859421942,0.031092765102917388,0.1853469228378583,0.0298496282542693,-0.09915928886197196,,0.14784403413845038,-0.0576448931778881,-0.08456996230745324,-0.15438803401094917,-0.24266987544725035,-0.02327215931276845,-0.05014463419104463,-0.2196734375124513,-0.23205539927802438,-0.11472718724350342,-0.052363155336324296,-0.12820565946019172,0.1866283100510802,0.2706133605335926,0.11106630860075385,-0.01550414777390847,0.037047071854903614,-0.04672282032688124,0.21988859581317885,0.054921148467196326,0.05565428045486059,-0.11437496513638645,0.12449696786172493,0.012394711887097674,-0.13587645132242668,-0.2997888261122489,0.03851811712580386,-0.02465235996780594
#53,-0.13319573827188042,-0.10306560734407,-0.1327287650710421,-0.13849978882611225,0.39670249982070144,0.1033222035397525,-0.02058188367107874,-0.16120775526141734,0.085784411382671,-0.06989935372821522,0.09517487588553579,1.0,0.34743921778004444,0.15209619966690308,-0.04852058746184924,-0.25830471196678595,0.1043262756098144,0.09807552853238133,-0.11057702268724749,-0.20964387316816613,0.002699838232833157,-0.30643163942656326,-0.1713616332905673,-0.09797352756018456,0.031970929722923924,-0.34661045988094574,-0.10672329845643841,-0.21568743077082453,0.29816796691343467,0.12645729904613154,0.2149272047749205,-0.0966475149216266,-0.05870474702962013,-0.1007179912183538,0.098956880682769,-0.0017706731267282392,-0.05223406035588777,-0.1214465012869654,-0.13298695503191515,-0.18696937580186312,-0.015163082023125532,-0.11376455306839643,0.006618906836455785,-0.007895512754105938,-0.005146267800364973,0.034380702691072525,-0.020730103833802166,-0.12406983879065098,-0.09046370598219765,-0.20776960530405056,-0.08031142171823825,-0.1440221852114528,0.04942106479452382,-0.1424618890898804,-0.0627019101275809,-0.17467347735658106,0.27935038130832185,-0.10828200081282024,-0.1277769366239272,-0.14579923339894332,0.28745945859796473,0.3130999529839269,0.037773828781805574,0.04438795432268964,-0.18712875232092055,-0.28253313039389905,0.28393883129198577,0.02084166739714238,-0.026713098359218736,0.06542884236865383,0.014911267123014766,0.013570910597741634,0.1394082349847397,0.15725681135398323,0.2731729474296552,0.2737419216026903,0.18589836559379708,0.21154682880571204,0.026650941516786333,-0.1636079656384225,0.4654894054458957,0.26344301094119804,,0.24351138346787368,0.45757795503988397,0.31157312593135655,0.3808652551219629,0.09406561531289595,0.09952904238618525,0.1944935412665652,0.198052418937118,0.23371769637179354,0.021531767724661127,0.12792356302146005,0.07435552120106145,0.09894413056124442,-0.23933731243375914,0.05290662926631019,-0.13142028384958043,0.08493652830128537,-0.20228545928328379,0.2795766959653834,0.012431368486480887,-0.17017746575397047,-0.19992668680123357,-0.09218019109244635,-0.08536365737235933,0.3331782068547841,0.1053749731052124,0.1640574074221645,0.14282048625775964
#54,0.10399477245017491,0.11025348835356087,0.05290662926631019,0.031473674983464685,0.010224003697535242,0.1846855102837699,0.3230354851819681,-0.03378463450979767,0.015540804373291682,0.24864171361633292,0.2583015244364048,0.34743921778004444,1.0,0.1927945875734128,-0.0349815521679191,-0.016892317254898835,0.08466558821888771,-0.020508570472312315,0.08657173138681477,0.06777327096398887,0.08731761349600363,-0.019531592410490163,9.562591143446836e-05,-0.10105268190837444,0.13437353074771494,-0.12940895217907547,0.13252316936145797,0.07925794292726852,0.17484719776235366,0.08833443568759014,-0.018078078556686243,-0.08178087322394792,-0.07090023826789599,-0.09991632732749484,-0.02435591964235909,-0.20047653579198177,-0.23742001290949805,-0.11245129055136306,-0.16829204153352087,-0.20331184406601374,-0.06888571906700985,-0.06483277418737897,-0.07914000430316602,0.03238052737690156,0.2115930479962387,0.21845898843723355,-0.04586059335878045,0.11355098853285946,0.052828534771972045,0.14262445313931899,0.033330411430483944,0.16778681796810876,0.06767126999179211,-0.06394823450661014,-0.07802118113938274,-0.13715783853564853,-0.0640821107826184,-0.20366247240794014,-0.09705233128003252,-0.05958609918000781,-0.08849859350221932,-0.1004613950226713,0.0700443863605575,0.09961032441090455,0.05136705209221525,-0.10643960825251615,0.1073050227509981,0.36798444485174,-0.0633951979854808,0.13644064419989002,0.18690721895943072,0.06896062603096685,-0.022016272342595764,0.11138028034329703,-0.13339814645108336,-0.050009164149845804,-0.1754448597088191,-0.06267640988453171,0.21293340452151185,0.1615599773685343,0.20538055128337943,0.0024910549928679007,,-0.2578074572273267,-0.07342157479938481,0.022483245543434085,-0.02925515383818502,0.2267338173066962,0.13765190574472663,-0.0613535847763549,-0.0008176015427647044,-0.22104248181115477,-0.04145064507646089,0.08628804118289253,0.008238172270079449,0.07284463180039685,-0.035808716301827255,-0.12351998979990278,-0.03344197499382416,0.005402863996047462,-0.06005147861565555,0.003514252245216712,-0.06641060172604771,-0.16771669229972347,-0.05935819075775566,-0.12776578026759317,0.025712213819537966,-0.06930647307732152,-0.16346612053646137,0.013822725497852401,0.030369195706396578
#58,-0.172778490544988,0.005396488935285164,0.00871630182725179,-0.07640669700133079,0.23288256341193253,0.182943524930472,0.047804986891281306,0.08879025253209445,0.21755691733936838,0.06311628907713027,-0.028800930758871295,0.15209619966690308,0.1927945875734128,1.0,0.08110830431352549,-0.19700690897210113,-0.09255950720780308,0.04479436444628613,0.028767461689869232,-0.0956482241471364,-0.2271163209524341,-0.44675469563069276,0.008811927738686259,-0.12284104582871805,-0.0017595167703942179,-0.2366677557395469,-0.0302241630740543,-0.04752607798293077,0.21984875168341447,-0.002127676529416921,-0.19366478336746648,-0.16444628612866466,-0.03779295396409247,-0.06997266692698165,-0.01228314832375746,0.09265035182366582,-0.0540238586649029,0.012109427917984843,-0.08583541186876938,-0.2794332570982317,0.16694530994748544,0.16908254906804582,-0.04642000494067209,-0.026309875766003396,-0.0016367968507199834,-0.27654854210329194,-0.03524452342436389,0.036935508291563404,0.17482488504968563,-0.08087720836089218,-0.05228506084198615,-0.18411812987592538,-0.2552414952705018,-0.3326905147064683,-0.33392249519878237,-0.20001753141709633,0.04933818900461395,-0.30830750105586946,0.020167504721529377,-0.1748519790579254,0.11983042338372288,0.1390337001649547,0.31702220911793066,0.14923220361944076,-0.276806732064165,-0.03343719369825244,0.34551873072540223,0.06531887257050419,0.21457179513742242,0.32342277012327775,0.30088533656336414,0.2513909585700739,0.170681095554192,0.16534357593095808,0.15112400290065264,0.14193913410737197,0.2410075783534812,0.13294392337176963,0.2465427248603463,0.04331694411462359,-0.09431583644781615,0.3040951796571811,,0.012415430834575142,0.18383443967200314,0.17475954067687208,0.15518332284104583,0.2035827841484114,0.02341400441472958,0.10101921283937237,-0.01469132752671549,-0.029207340882467785,-0.09635107459617974,-0.05922909577731913,-0.026571253257257607,-0.03844161639665628,-0.3161073878985409,-0.010378598921020965,0.030222569308863724,-0.003224186980532158,0.17162779207739323,-0.06550215556742026,-0.02970459562192702,0.26587828415239584,0.210989010989011,0.050013945445417526,0.04603750129493422,0.16470447608953773,-0.04131198750488091,-0.04638334834128888,-0.08016957661627712
#101,-0.24935093912613854,0.04463817545760983,-0.03925284287865869,0.07900931555753891,0.030863262915474664,-0.07501533998995928,0.02119548326944991,0.0020081441401238356,-0.024306512921451282,0.02630828200081282,-0.05427407979982309,-0.04852058746184924,-0.0349815521679191,0.08110830431352549,1.0,0.04552430890356924,0.12916829363529872,0.0022264899712325383,0.2883184980356844,-0.06262540939843333,0.43343719369825245,-0.18623783757938941,0.34208257297452366,-0.008383204902421726,0.2845412745340229,-0.17982293268732719,-0.21652256373068557,-0.3072827100383301,0.20677031452956035,-0.0973280526580019,0.022585246515630854,0.03183864721210624,0.05268031460924862,0.10091880563236619,0.08449346157830567,0.016041246643132067,0.17951055470997457,0.11565953987998948,0.3474121237718047,0.02747969941588506,-3.028153862091498e-05,-0.051837212823434724,0.020980324968722357,0.20584114942345544,0.06904031429049558,-0.1480368797265099,-0.3767915912948545,-0.30725242849970913,-0.23707575962833397,-0.2977137438341209,-0.21364263003131748,-0.09489118568161353,0.0244866083879862,0.21006143964809665,0.3302424913737459,0.1770003745348198,-0.1525185474424053,-0.25261018894086334,-0.10360589374367475,-0.06398170357561221,-0.1322219477404394,-0.2048896716046825,0.06224449951788603,0.1581572886866578,-0.19737506873112384,-0.14038521304656185,0.07845787280160015,0.08781168070508172,0.4930121365219262,0.015693805831586832,0.24007203818661396,0.2873606451561491,0.2158898389500275,0.07173696499294759,0.04711169903338141,-0.1339639330937373,-0.057973208807146445,-0.15609176899967328,0.28706101730032113,0.18116169544740973,0.06517702746854306,-0.09305676194726231,,-0.06511327686092008,-0.13251998183107683,-0.1658360493748456,-0.1435089928200878,-0.15631808365673486,-0.07407661229271091,-0.21872514722405947,-0.029867159671365617,-0.24343328897353553,-0.1415996621217796,-0.17935117819091714,-0.001756329240013069,-0.00835611089418196,-0.1656989855684562,-0.18251320832901688,-0.11557985162046076,-0.1937875032871407,-0.13140275243248412,0.045712373196057025,0.06997426069217222,0.05328275785128577,0.028753117803154062,-0.03201874267864115,-0.05673485325407008,-0.06769517646965073,-0.08664982588115293,-0.20698228529990675,-0.14977089625385492
#102,0.19836320314928002,0.0391396855501279,0.19982946712460853,0.17496194885607502,-0.0939938958793201,-0.03691957063965766,0.19073863047757175,-0.2925069129565141,-0.4443975169138331,0.11371833387786977,0.1143845277275299,-0.25830471196678595,-0.016892317254898835,-0.19700690897210113,0.04552430890356924,1.0,0.007267569269019595,0.05825371148068755,0.20859836320314928,0.4778697734462782,-0.15118137844751334,0.5328961104160524,-0.0011825737714062587,0.30625313772521895,-0.1770736877335862,0.41641259393253593,0.007031692020814573,0.07912566041645085,-0.218105172564926,0.14612436149782052,0.0758632230713449,0.12238841651459491,0.11167353313836273,0.08297300958649761,-0.03556965152324108,0.001139542111260748,-0.08437233542382201,0.30294607495477693,-0.016508219843970388,0.413985289547291,-0.044606300153798344,0.03169042704938282,-0.028867868896875423,0.22445632684936528,-0.029025651650742296,0.29154268501621655,0.02220593040027413,0.06253137725218944,-0.16117747372279642,-0.009906844424610923,-0.08810333973495685,0.09702683103698333,-0.12239797910573835,0.08911378686578106,-0.1400393660002072,0.2676648949310298,-0.5816430125349632,0.01338762760082557,-0.14826478814876204,0.0001928455880595112,-0.2550789312210632,-0.29841181298759256,0.22324984660010042,0.24856361912199476,0.2890930679183036,-0.01307046832790125,-0.1267903959709616,0.08605535146506865,-0.011543641275330906,0.1888069870665955,-0.017625449242563093,0.08606172652583095,-0.14911585876052882,-0.043125692291754655,-0.25133198925802264,-0.28583063057319763,-0.3342125604634669,-0.222663341009969,-0.09524022025834934,0.46001482201627236,0.08110192925276319,-0.06137111619345122,,-0.2506960769469834,-0.310245519527608,-0.1942066635322618,-0.2735235757715816,-0.041611615360708905,0.011769955932392481,-0.25541999697184614,-0.0892237566639307,-0.25909362573612027,-0.03543896277761397,0.02794348508634223,-0.22872921132529545,-0.2345942672266095,0.418779335240539,0.08795511957223343,0.1370223684944497,-0.19444094701527623,-0.02678641155798516,0.005924025213365315,-0.0021834583110870273,0.030699105100845493,-0.15129134824566295,0.06354182438301365,-0.07222465714126337,-0.28741483317262867,-0.24180764847914957,-0.14406840440197946,-0.25749826678035526
#201,0.2155264604865765,0.17885073592107675,0.5253193507000613,0.27666488696220387,0.1382463801608109,0.16177672943445243,0.08852728127564966,0.014060196511247998,-0.005176549338985887,0.5329311732502451,0.310159456207317,0.1043262756098144,0.08466558821888771,-0.09255950720780308,0.12916829363529872,0.007267569269019595,1.0,0.39693040824295356,0.10836806413311127,-0.11058180398281921,-0.1255106025229303,-0.11913076046506069,0.27874475053590353,-0.047165887049860945,0.28839021746926025,-0.13171194287945556,0.0817075600251815,-0.17991855859876166,0.07130346086111133,-0.03753635776840998,0.16304696029134028,0.20623959072109907,0.23832367777255378,0.12527631903991585,0.060810110846369,-0.1134171122568512,0.009640685637784986,-0.10301141932759046,0.0037055040680856488,-0.09018160954346596,-0.14122193977161346,-0.20223764632756655,-0.1490154515535226,-0.11736646239909475,0.11036664568209166,0.06001800954665349,-0.17370606188590235,-0.21320912589948124,0.022132617201507703,-0.08269250691295651,0.08019507685932631,0.014785359672959382,0.248761246005626,0.029110121205842745,0.019836001561889888,0.00608977679318506,0.012123771804700013,-0.2230203444126577,0.2105953509869391,0.04009435089928201,-0.18517479619727625,-0.21631696802110145,-0.17090103515049127,-0.087881806373467,0.08925722573293277,0.009033461100176112,-0.11450884141239472,-0.01625640494385962,0.05002032050617983,0.12401565077417144,0.16943317740997219,0.28149877678521623,0.003753317023802883,0.08604260134354405,-0.10625313772521894,-0.019461466742104885,-0.23871255647905393,-0.15879957605845932,0.14087928025563995,0.2105571006223653,0.09067567675254405,-0.09477643458789217,,0.06486624325638103,-0.08584497445991282,-0.07142936831116671,-0.017301914908876476,-0.09808827865390592,-0.13483731641817212,-0.09646741945509169,-0.06539377953446118,-0.026139342890611927,0.24143470742455514,0.17629752408577645,0.20351743977559786,0.4495979727306776,0.1660097697806182,0.23714907282710038,0.09637338730884779,0.06201499733044331,-0.043329694236148186,0.4755094071990374,0.1529934894691965,0.09445768154977727,-0.005326363266899887,0.13998677174891824,0.07931850600451036,-0.19992190550566186,-0.09305516818207174,0.1099586417933046,0.07620269505693726
