,#10,#11,#12,#13,#17,#18,#26,#49,#50,#51,#52,#53,#54,#58,#101,#102,#201,#202,#301,#302,#401,#402,#501,#502,#601,#602,#701,#702,#801,#802,#901,#902,#1001,#1002,#1101,#1102,#1201,#1202,#1301,#1302,#1401,#1402,#1501,#1502,#1601,#1602,#1701,#1702,#1801,#1802,#1901,#1902,#2001,#2002,#2101,#2102,#2201,#2202,#2301,#2302,#2401,#2402,#2501,#2502,#2601,#2602,#2701,#2702,#2801,#2802,#2901,#2902,#3001,#3002,#3101,#3102,#3201,#3202,#3301,#3302,#3401,#3402,#3455,#3501,#3502,#3601,#3602,#3701,#3702,#3801,#3802,#3901,#3902,#4001,#4002,#4101,#4102,#4201,#4202,#4301,#4302,#4401,#4402,#4501,#4502,#4601,#4602,#4701,#4702,#4801,#4802
#10,1.0,0.33017337485103604,0.26056971514242877,0.38882866259178106,0.2251489639795487,0.286564410102641,0.10224118709875832,0.4672740552800523,0.06016991504247876,0.3795486871948641,0.3089762810902241,0.0921077922577173,0.1139122746319148,-0.16910006535193942,-0.019367239457194478,0.054780302156614,0.47394764156383345,0.18991273593972244,0.3044631530388652,0.131065236612463,-0.013693153423288355,-0.12385345788644139,-0.04543113058855188,-0.03743512858955138,0.0782224272479145,0.12386114634990197,-0.012516818513820013,0.23922654057586593,0.12163149194633452,0.08333525544919848,0.053665474954830275,0.1809787413985315,-0.1545765578749087,0.07396301849075462,0.11451197478183985,0.051351247453196476,0.05378080190673894,0.06905009033944566,-0.20977972552185445,-0.000991811786414485,-0.17723445969323032,-0.17255987390919925,-0.14195978933610118,-0.24792219274977895,-0.19497943336024295,-0.14500442086648982,0.3137123745819398,-0.03400607388613386,-0.10539345711759505,-0.17004574635759043,-0.04575404605389613,-0.15370776150386345,-0.22488755622188905,-0.1345711759504863,-0.20069965017491254,-0.10329450659285742,-0.29525237381309344,-0.2713104985968554,-0.15065544151001423,-0.1583208395802099,-0.10577788029062392,0.042009764348594936,0.052519893899204244,-0.11970937608119017,0.23975704455464575,-0.018367739207319416,-0.060784992119324956,-0.14918694498904395,0.3077615038634529,0.16814669588282782,0.2717871833314112,0.27480874947141815,0.017398992811286665,-0.038131007825019166,0.01293968400415177,0.01602275785184331,0.08343520547418598,-0.0606004689962711,-0.11455041709914274,-0.035574520432091646,-0.2137162188136701,-0.20898781378541498,0.06700495905893207,-0.050451697228308924,0.022611771037558143,-0.10766155383846539,-0.11333563987237151,-0.16313381770653135,-0.01833698535347711,-0.027932187752277706,-0.0782608695652174,-0.045115903586668206,-0.11520393649329182,0.006458309306885019,0.09844308614923307,0.04796832353054242,0.10553184945988545,0.22960827278668358,0.2649521393149579,0.20119940029985006,0.01960558182447238,0.08300465152039364,0.04727636181909046,-0.1314035290047284,-0.1437973321031792,-0.07314035290047284,0.12891246684350133,-0.01824472379195018,0.12954292084726868,0.11661092530657748,-0.0486910390958367
#11,0.33017337485103604,1.0,0.144327836081959,0.32056279552531425,0.43090762311152114,0.17669626725098989,0.2467843001576135,0.26708953215699843,0.35125514165993926,0.4825510321762196,0.3909045477261369,0.06405258909007035,0.1914581170952985,0.026548264329373773,0.05001345481105601,-0.03333717756506362,0.2750624687656172,0.1292584476992273,-0.03459808557259832,-0.01972859723984162,0.1020412870487833,-0.32434551954791835,-0.14119094299004345,-0.1083381386229962,-0.23056164225579517,-0.2631837927190251,-0.21867527774574252,0.046884250182601006,-0.020597393610886864,0.00944912159304963,0.14881789874293622,0.148894783377542,0.013839234229039326,0.010856110406335294,0.11069080844193288,-0.21553838465382694,0.1860915695998155,-0.05371929419905432,-0.2711567293276439,-0.20464383193018876,-0.3082458770614693,-0.03177641948256641,-0.11029869680544344,-0.10556260331372776,-0.20356744704570792,-0.1149348402721716,0.20228347364779148,0.09103140737323646,-0.1743051551147503,-0.3272594471994772,-0.08579556375658325,-0.20096105793257218,-0.2807134894091416,-0.27436281859070466,-0.33713912274631913,-0.3180332910467843,-0.14908699496405645,-0.31098297005343484,-0.2676123476723177,-0.2506285318879022,0.1611425056702418,0.1884673048091339,0.11648790989120825,0.04041825241225541,0.30736170376350286,-0.09208472686733556,0.16303386768154385,-0.1650943758889786,0.37867989082381887,0.31239764733018105,0.38303924960596625,0.14796447929881212,-0.004244031830238726,0.0012416892355561237,-0.07226386806596702,0.05007496251874063,0.010602391112136239,-0.2658363126129243,-0.2386883481336255,-0.04736093491715681,0.08085188175143197,0.1110598546880406,0.15131664936762387,0.3266366816591704,0.1956790835351555,0.18123246069273055,0.14478145542613308,-0.16171145196632453,-0.05398839042017453,0.2581555376158075,-0.23489793564756084,0.1373313343328336,0.18705262753238766,-0.09138507669242302,-0.06797370545496483,-0.14992503748125938,-0.15874370507054164,0.15108599546380655,0.22241187098758314,0.0927151808711029,-0.27867604659208856,-0.055549148502671744,-0.11298197055318494,-0.25139737823395997,-0.1198708338138623,-0.10630069580594319,-0.0011840233729289201,0.08430400184523124,0.18648368123630493,0.1924037981009495,0.022019759351093685
#12,0.26056971514242877,0.144327836081959,1.0,0.4382501057163726,-0.004697651174412794,0.225179717833391,0.2684965209702841,0.07906815822857802,-0.18388498058662975,0.38663745050551646,0.3073924576173452,-0.23116134240572023,0.12068581094068351,0.2728405028255103,-0.14597316726252257,0.08653365624879868,0.30600853419444124,0.4843347556990735,0.20835735978164763,0.041625341175566065,-0.3267135662937762,-0.006312228501134049,0.11150578556875408,0.17333640871871756,-0.08329681313189559,0.07089532156998424,0.2381040249106216,0.2301849075462269,0.19287279437204474,0.07774574251335871,0.3002344981355476,-0.09124668435013263,0.2011532695190866,-0.0791757967170261,-0.11848691039095836,-0.16210356360281397,-0.0953753892284627,-0.2838811363548995,-0.2946911159804713,-0.14645754046053897,-0.10191827163341406,-0.21086379886979587,-0.12931226694345135,-0.18725252758236266,-0.10400184523123054,-0.29183869603659707,0.26797370545496485,0.15104755314650367,0.2593011186714335,0.03186099258063276,0.20431322800138393,0.2619613270287933,0.26476761619190403,0.055679852381501554,-0.3712374581939799,-0.2210279475646792,-0.35592972744397033,-0.2723484411640334,0.3066082343443663,0.24237112213124207,-0.07390919924653058,0.22305770191827162,-0.14744166378349288,0.15283127666935764,0.3258601468496521,0.02105101295506093,0.19767808403490564,0.12016299542536424,0.2550878406950371,-0.047860685042094335,0.4641294737246761,0.28279706300695806,-0.3672087033406374,-0.023649759062356883,-0.32693653173413295,-0.28518048667973706,-0.26541344712259257,-0.022642524891400454,0.2349748202821666,0.30110329450659284,-0.12035520701187867,0.06868873255679853,-0.20220658901318572,-0.27825318110175684,-0.19265751739514858,-0.2191904047976012,0.12236958443854995,-0.07261753738515357,-0.08185907046476762,-0.10093414831046016,0.010433244916003536,0.21321646868873256,-0.15473032714412024,0.10444777611194403,0.3099834698035598,0.13815399992311536,0.15759043555145505,0.22859339560988737,0.23230692346134624,0.17850305616422557,0.5019874678045593,0.4397647330181063,0.15646023142275017,0.15190866105408835,0.07964479298812133,0.09691308192057817,0.32135470726175375,0.04276323376773152,0.03193018875177796,0.13091915580671204,0.1478722177372852
#13,0.38882866259178106,0.32056279552531425,0.4382501057163726,1.0,0.09990389420674278,0.2470226425248914,0.13472494521969786,0.18270095721370083,-0.09876600161457733,0.44254795679083536,0.25299657863376,-0.01175566063122285,0.11021412370737708,-0.20406719717064545,0.13557836466382195,0.014254411255910506,0.4851343558989736,0.07833775419982317,0.11192096259562527,0.1461038711413524,0.027839926190750777,-0.07283281436204975,0.06915772882789374,-0.13025025948564178,0.035851305116672436,-0.08049821243224542,0.14400492061661477,0.2289931957098374,0.1690308691807942,0.03492868950140315,0.08228193595509938,0.08110560104563103,0.18005612578326222,-0.0025602583323722753,0.28238957444354745,-0.1125206627455503,0.05405758659131973,0.051297428208972436,-0.02471841002575635,-0.050228731787952174,0.0930919155806712,0.15070926075423827,-0.13552454541959788,-0.1810863798869796,-0.09009341483104602,-0.12898166301464653,0.224833736977665,0.12685964709952716,-0.10453234921001038,-0.11280513589359166,0.03978010994502749,-0.0884327067235613,0.04324760696574789,-0.05824779917733441,0.02584861415446123,-0.050290239495636796,-0.23250682351132126,-0.23380617383615884,-0.15111674931764887,-0.3080229116211125,-0.020812670587783032,-0.003529004728405028,0.05273517087610041,0.19732441471571907,0.2603313727751509,-0.11440433629339176,0.04927536231884058,-0.1797255218544574,0.22834736477914888,0.14681120977972553,0.25431899434897937,0.24199438742167378,0.019974628070580095,-0.12135109628111504,-0.026579018183216084,-0.08372736708568793,-0.05254295928958597,-0.20628916311075232,-0.0010379425671779494,0.034844116403336796,-0.0617229846615154,0.06881174797216776,0.14717256756237265,-0.01948256640910314,0.026448314304386267,-0.14345903971091378,-0.029708222811671087,-0.16830815361549994,-0.24254795679083535,0.15493791565755582,-0.20261407757659633,-0.03289893514781071,-0.18632991196709336,-0.12639065082843193,-0.12821281666858877,0.015399992311536539,-0.049283050782301156,0.26567485488025216,0.1330796140391343,0.21937492792065505,0.026179218083266058,0.03346019298043286,0.08190520124553108,-0.056687041094837194,-0.013262599469496022,0.05243532080113789,0.12608311229000885,-0.0650213354861031,-0.025510321762195826,0.06828124399338792,-0.19853919194249028
#17,0.2251489639795487,0.43090762311152114,-0.004697651174412794,0.09990389420674278,1.0,0.2607004190212586,0.0766232268481144,0.22798600699650176,0.3642178910544728,0.01655326183062315,0.20786529812017068,0.3072386883481336,0.3381924422404183,0.0042978510744627685,-0.22209664398569945,-0.37348248952446855,-0.03267596970745396,-0.10534732633683158,-0.01297043785799408,-0.00532810517818014,0.08753315649867374,-0.38124014915619114,-0.3083150732326145,-0.10906085418829047,-0.18120170683888825,-0.1527313266443701,-0.46728174374351283,-0.11285895513781571,0.013554761080997962,-0.09858916695498404,0.1560373659324184,-0.008818667589282281,0.15126283012339983,0.036850805366547494,0.22969284588474995,-0.08831737977165263,0.3953100372890478,0.17507400146080807,0.013793103448275862,0.0446084649982701,-0.1543382155076308,-0.014615769038557644,0.24698420020758852,-0.11412755160881098,-0.05824011071387383,0.007796101949025487,0.014554261330873026,-0.08021373928420406,-0.2526429093145735,-0.3995925114365894,-0.302956214200592,-0.26159996924614615,-0.2765078998962057,-0.32735939722446467,-0.2824510821512321,-0.2704109483719679,0.024733786952677507,-0.19174259024333987,-0.1494099104294007,-0.1432437627340176,0.25674086033906124,0.14075270057279052,0.43116134240572024,-0.0355898973590128,0.14621150962980048,0.08541882904701495,0.11332026294545035,-0.33213393303348326,0.20021527697689617,0.027501633798485373,0.3108907084919079,-0.0381424672279245,0.33550148002921615,0.10382136589679329,0.4322300388267405,0.30590089570599316,0.4333986852727482,-0.2740322146618998,-0.4243801176334909,-0.05660246799677084,-0.08158228578018684,0.2425633337177565,-0.06958828278168608,0.4670049590589321,0.4957367470111098,0.35858224733786953,0.1482412639833929,0.057994079883135354,-0.006081574597316727,0.4218813670088033,0.01855995079383385,0.23731211317418213,0.17459731672625226,-0.241717602737093,-0.18802137392842042,-0.22980817283665858,-0.08647214854111406,-0.17068388882481836,0.006020066889632107,-0.03291431207473187,-0.0681197862607158,-0.04509283819628647,-0.01767577749586745,0.0885019028947065,0.11639564832968131,-0.15451505016722408,0.1946949602122016,0.36427939876215737,0.13006573636258795,-0.055364625379617886,-0.06326836581709146
#18,0.286564410102641,0.17669626725098989,0.225179717833391,0.2470226425248914,0.2607004190212586,1.0,0.28878637604274787,0.2959135816707031,0.24561565371160574,0.06899627109522162,0.18735247760735016,0.18701418521508476,0.45347326336831584,0.010879175796717025,-0.1958482297312882,-0.11302041287048784,0.045377311344327834,0.2247722292699804,0.02724791450428632,0.1165032868181294,-0.14095260062276554,-0.26628224349363777,-0.13930726944220198,0.10412486064659977,-0.28119786260715796,-0.035659093530158,-0.1588359666320686,-0.12021681466958828,0.2594702648675662,0.4018759850843809,0.08110560104563103,0.0769000115326952,-0.1564525429592896,0.21087917579671703,0.03378310844577711,-0.11461192480682736,0.03466728174374351,0.003505939338023296,-0.016837734978664514,0.15312343828085956,-0.10462461077153731,0.0594087571598816,0.020658901318571482,-0.08920924153307962,0.08321992849728982,-0.013816168838657595,-0.002890862261177104,-0.21700688117479722,-0.07705378080190674,-0.177949486795064,-0.16663206858109406,-0.16367201014877178,-0.1161957482797063,-0.1764194825664091,-0.3076846192288471,-0.19553300272940452,-0.12326913466343752,-0.2085341944412409,-0.0965671010648522,-0.14854111405835543,0.1171491177488179,0.1782262714796448,0.18605312728251258,0.07501633798485373,-0.0047668473455579905,0.012286164610002691,0.3197401299350325,-0.008441932879713988,0.3582516434090647,-0.07455503017721908,0.45759427978318534,-0.05744819897743436,0.26942682504901394,0.19925460203512385,0.061899819321108676,0.02842424941375466,0.0259946949602122,-0.24617691154422788,0.11283588974743397,0.26724330142620994,-0.15715219313420212,0.3764886787375543,0.1999692461461577,0.2655287740745012,0.45136662438011765,0.2033675469957329,0.1928881712989659,0.11331257448198978,0.2909545227386307,0.34956367969861224,0.23381386229961942,0.3127205627955253,0.1947564679198862,-0.15064775304655365,-0.19474877945642563,0.046123092300003846,0.15729058547649252,-0.003259908507284819,-0.003313727751508861,-0.06677430515511475,0.052612155460731176,0.13782339599431054,-0.1410294852573713,-0.1054780302156614,-0.16010456310306384,-0.22920078422327297,0.06865797870295622,0.1427978318533041,-0.1308960904163303,-0.007726905777880291,-0.01543074616537885
#26,0.10224118709875832,0.2467843001576135,0.2684965209702841,0.13472494521969786,0.0766232268481144,0.28878637604274787,1.0,0.3067620036135778,-0.009887364010302541,0.4657440510513974,0.17405143582055127,-0.213062699419521,0.24508514973282589,0.3398377734209818,-0.05266597470495522,-0.12625994694960213,0.3094375888978588,0.12179294967900665,-0.02060508207434744,-0.16387191019874678,-0.02929304578479991,-0.27143351401222465,-0.10866105408834044,-0.015799792411486564,-0.23592050128781764,-0.26918848268173606,0.004067197170645446,-0.19524084111790257,0.11441202475685235,0.12552954292084728,0.1239534079114289,-0.24955214700342138,-0.0720332141621497,-0.14847191788721023,-0.2067427824549264,-0.28277399761657634,-0.03154576557874909,-0.15204705339637872,-0.12971975550686196,-0.26166916541729135,-0.23486718179371852,-0.1265674854880252,-0.06062353438665283,0.09765886287625418,0.0658363126129243,-0.13859993080382885,-0.04109483719678622,-0.17234459693230308,0.012924307077230615,-0.10923000038442317,-0.0296697804943682,0.08869411448122093,0.005512628301233998,-0.19273440202975436,-0.08335832083958021,-0.3702610233344866,0.05258909007034944,-0.14465844001076386,0.10054972513743128,0.003936493291815631,0.167270211048322,0.05604889862760927,0.12573713143428286,0.015661400069196172,-0.08957059931572675,-0.19950024987506246,0.2979971552685196,0.05907046476761619,0.39691692615230845,0.050121093299504094,0.4640372121631492,0.20862645600276786,0.11581132510667744,0.01562683202023419,-0.06456002767846845,-0.09446046207665398,-0.08601084073347941,-0.1076538653750048,0.09679006650520894,0.0007304040287548534,-0.12396109637488947,0.10474762618690654,0.34814900242186597,0.057701918271633415,0.015961250144158688,0.08821742974666513,0.2755314650367124,-0.16642448006765848,-0.017867989082381887,0.13839234229039327,-0.02155845154345904,0.0724407027255603,-0.04009533694691116,-0.13094990966055434,0.025871679544842964,0.08335063237611963,-0.08488832506823511,0.11974012993503248,0.08685657171414293,0.11742590243339869,0.032845115903586665,0.1230000384423173,-0.2495060162226579,-0.0617537385153577,-0.04919078922077423,-0.025264290931457347,-0.006835044016453312,-0.05143582055126283,-0.1460039211163649,0.18970514742628686,-0.031169030869180794
#49,0.4672740552800523,0.26708953215699843,0.07906815822857802,0.18270095721370083,0.22798600699650176,0.2959135816707031,0.3067620036135778,1.0,0.12178526121554607,0.17303655864375506,0.10550878406950372,0.18953600123015416,0.10002690962211203,-0.12680582785530312,-0.42695575289278437,-0.304447776111944,0.2438242417252912,0.08536500980279091,-0.17425133587052627,-0.029054703417522008,-0.06279168108253566,-0.14498904393956868,0.04613078076346442,0.12077038403874986,0.0020528197439741666,-0.17229077768807904,-0.042248106715872834,0.09964248644908315,0.17637335178564564,-0.0002383423672778995,0.11984776842348056,0.010763848844808365,-0.2908161303963403,-0.00559720139930035,0.06833506323761196,-0.10150309460654289,-0.12186214585015184,-0.023073078845192788,-0.20312151616499444,-0.020774228270480144,-0.234367431668781,-0.06399108138238573,0.0561411601891362,-0.19401837542767078,0.18640679660169915,0.035928189751278206,0.11292046284550032,-0.134394341290893,0.038296236497136045,-0.09457578902856265,-0.06835044016453312,-0.03676623226848114,-0.0860492830507823,-0.11039864683043094,-0.2651289739745512,-0.23914196747779956,-0.10711567293276439,-0.10123399838542267,0.025479567908353516,-0.0015992003998001,0.3332795140891093,0.3493099604044132,0.06257640410563949,-0.13802329604428554,0.06206896551724138,-0.11631107523161496,0.07219467189482182,-0.29534463537462036,0.13653942259639412,-0.035982008995502246,0.2416791604197901,0.1505939338023296,0.09464498519970783,0.12034774987095978,-0.038027140276015836,-0.058978203206089264,0.13153423288355823,0.14325913966093876,-0.032145465728674126,-0.11627263291431207,-0.09322261945950101,-0.007765348095183177,0.28800984123322954,0.2656825433437128,0.15968938607619268,0.15456118094798754,0.12421481566908853,0.02874716487909891,0.05349632875869757,0.3549225387306347,0.23777342098181678,0.19511013723907278,0.10962211202091263,-0.22295006342982354,-0.09879675546841964,-0.11813324107177181,0.08865567216391804,0.08554184446238419,0.06529043170722332,0.37028408872486834,-0.022665590281782187,-0.07730750009610579,-0.08126705877830316,-0.19708607234844117,-0.10753853842309614,-0.06645907815323107,0.01577672702110483,0.16082727866835814,0.23482105101295506,0.24572329220005382,0.014262099719371084
#50,0.06016991504247876,0.35125514165993926,-0.18388498058662975,-0.09876600161457733,0.3642178910544728,0.24561565371160574,-0.009887364010302541,0.12178526121554607,1.0,0.0038980509745127436,0.05098220120708876,0.39038942067427823,0.31940952600622763,0.09351478107100296,-0.04387806096951524,-0.03492868950140315,-0.20252181601506938,0.0734248260485142,-0.20308307384769153,-0.13788490370199516,0.08367354784146389,-0.2736939222696344,-0.3671318187060316,-0.1678468458078653,-0.5144197132203129,-0.20839580209895053,-0.42672509898896704,-0.15799792411486566,-0.017053011955560683,0.23330642371122132,-0.06861184792219276,0.15881290124168684,-0.1638334678814439,0.28269711298197053,-0.025049013954561182,0.04826817360550494,0.17512013224157152,0.19025102833198784,-0.1978241648406566,0.047130281013339485,-0.18513820013070387,-0.00438242417252912,0.11769499865451889,0.15054780302156615,-0.2285780186829662,-0.05225848614154461,-0.15506093107292507,-0.15694460462076654,-0.19937723445969324,-0.36065813247222545,-0.2034059893130358,-0.29243070772306157,-0.35352323838080957,-0.2289239995386922,-0.24224041825241224,-0.030377119132741322,0.10651597278283935,-0.04275554530427094,-0.42312689808941684,-0.2785684081036405,0.05682543343712759,-0.06293776188828662,0.3143505170491677,0.13012724407027257,-0.003813477876446392,0.038980509745127435,0.38072502210433246,-0.06582093568600315,0.2149079306500596,0.2502902394956368,0.17756506362203514,-0.05612578326221505,0.3686541344712259,0.24770739189564825,0.33297966401414675,0.4047822242724791,0.24184061815246222,-0.2792296159612501,-0.34818744473916885,-0.1360627378618383,0.07135662937761889,0.3304501595356168,0.2716257255987391,0.5070310998346981,0.4346980355975858,0.35523007726905775,-0.08140545112059355,0.013593203398300849,0.11651097528158998,0.4733710068042902,-0.06322992349978857,0.03568215892053973,0.2650136470226425,-0.2500057663475954,-0.42144312459155037,-0.16949986545188944,-0.16129627493945334,-0.2100411332795141,-0.05856302617921808,-0.04436243416753162,-0.305139737823396,-0.04809133894591166,-0.10364817591204398,-0.2845423442125091,-0.19524084111790257,-0.19684004151770268,0.061484642294237495,0.02398031753354092,0.05084380886479837,-0.2828278168608004,-0.22580248337369777
#51,0.3795486871948641,0.4825510321762196,0.38663745050551646,0.44254795679083536,0.01655326183062315,0.06899627109522162,0.4657440510513974,0.17303655864375506,0.0038980509745127436,1.0,0.28432706723561296,-0.3169338407719217,0.1374543497482028,0.19654787990620073,0.15831315111674932,0.0635605274285934,0.4197670395571445,0.1509629800484373,0.10653903817322108,-0.04488524968285088,0.08583400607388614,-0.33091146734325144,-0.09419136585553377,-0.2914004536193442,-0.17555068619536385,-0.1287510091108292,0.11097528158997425,0.19098912082420327,0.09976550186445239,0.09324568484988276,0.07357090685426518,0.04694575789028563,0.01903663552838965,-0.06389881982085881,0.17182178141698382,-0.06944989043939569,0.17473570906854266,-0.06553646253796179,-0.2372582939299581,-0.2486218429246915,-0.23928804828355052,-0.11592665205858609,-0.4135393841540768,0.021204782224272477,-0.28785607196401797,-0.28814823357551994,0.2401184023372929,0.13893822319609425,0.021996693960711952,-0.14711105985468803,0.16499442586399107,-0.041948256640910314,-0.1263983392918925,-0.296497904893707,-0.14747241763733518,-0.2695113981470803,-0.21543843462883944,-0.28691807942182757,0.031814861799869296,-0.08600315227001884,-0.1368469611348172,-0.12689808941683003,0.13131126744320148,0.23316034290547033,0.23850382501057163,-0.06352977357475109,0.3214546572867412,0.118202437242917,0.34784915234690345,0.3045169722830892,0.3748894783377542,0.23931880213739284,-0.06380655825933187,-0.15724475693866155,-0.17471264367816092,-0.10893783877292124,-0.11771037558144005,-0.2155076307999846,-0.07826855802867796,-0.08893245684849883,-0.14684196363356783,-0.07928343520547419,0.30620843424441624,-0.0719947718448468,-0.15326183062314996,-0.07460884942144312,0.08005228155153192,-0.3076231115211625,-0.03288355822088956,-0.030369430669280745,-0.29630569330719253,-0.14398185522623302,-0.23751201322415716,0.058301618421558454,0.08103640487448584,-0.0038365432668281243,-0.2152385345788644,0.37576596317226,0.1989159266520586,0.22155845154345905,-0.05386537500480529,-0.01356244954445854,-0.19368008303540538,-0.12498366201514627,-0.1657017645023642,0.08385807096451774,0.014338984353976857,-0.16217275977395917,-0.02937761888286626,0.2136854649598278,-0.09221543074616538
#52,0.3089762810902241,0.3909045477261369,0.3073924576173452,0.25299657863376,0.20786529812017068,0.18735247760735016,0.17405143582055127,0.10550878406950372,0.05098220120708876,0.28432706723561296,1.0,0.14438165532618305,0.29194633452504515,0.08438857494329759,0.030100334448160536,-0.016084265559527928,0.15745973167262522,0.1123515165494176,0.14694191365855533,0.10563948794833353,0.2563948794833353,-0.2573405604889863,-0.14327451658785992,0.047068773305654864,-0.1165724829892746,-0.2783992619075078,0.06529812017068388,0.0012839733979164265,-0.04250951447353246,0.13190327912966593,-0.03695844385499558,-0.26197670395571443,-0.009080075346941914,-0.09349940414408181,-0.018490754622688656,-0.1683542843962634,0.00820359051243609,-0.04254026832737477,-0.24282474147541613,-0.30096490216430244,-0.14230577019182716,-0.0017606581324722255,0.06499058163226079,-0.12887402452619845,0.09001653019644024,-0.10281013339484105,0.11668780994118326,0.12083958020989505,0.09340714258255488,-0.08894783377541998,0.07264829123899588,-0.034751854841809864,-0.02765540306769692,-0.12370737708069042,-0.16976896167300964,-0.2179602506439088,0.09959635566831969,-0.10528581862914696,-0.12780532810517817,-0.14152923538230885,0.0643063083842694,0.14495060162226578,0.17507400146080807,0.08816361050244109,0.14006842732479913,-0.13458655287740745,-0.020689655172413793,-0.019974628070580095,0.5058393879983085,0.2922077422827048,0.35883596663206857,0.3398839042017453,-0.018367739207319416,0.16029708279944038,0.040179910044977514,0.12439165032868181,0.06016991504247876,0.02531811017568139,0.07379387229462192,0.03562065121285511,-0.00559720139930035,0.2964287087225618,0.05585668704109484,0.13408680275246992,0.18623765040556645,0.05444969822780917,0.1449813554761081,-0.102010533194941,0.07497789566755084,0.010294852573713143,0.05152808211278976,0.03713527851458886,0.26074654980202205,-0.3102448775612194,-0.13450966824280167,-0.1210317917964095,-0.05324260946449852,-0.028185907046476763,-0.030100334448160536,-0.06760465920885711,0.11036020451312806,0.01685311190558567,-0.25235843616653214,-0.025894744935224694,0.011448122092799754,-0.07570829969630569,-0.03840387498558413,0.07403221466189983,-0.013016568638757544,-0.15562218890554722,-0.13510167992926614
#53,0.0921077922577173,0.06405258909007035,-0.23116134240572023,-0.01175566063122285,0.3072386883481336,0.18701418521508476,-0.213062699419521,0.18953600123015416,0.39038942067427823,-0.3169338407719217,0.14438165532618305,1.0,0.3256910006535194,-0.1675085534155999,-0.091731057548149,-0.16101180179141197,-0.11757198323914965,-0.13526313766193826,-0.2100718871333564,0.09803559758582248,0.19403375235459194,-0.07310191058316995,-0.3017491254372814,-0.12403029254603468,-0.08808672586783531,-0.2543497482028217,-0.38839042017452813,-0.026694345135124746,-0.09178487679237304,0.08024449313804637,0.08182831661092531,0.12349978856725484,-0.12869718986660517,0.06598239341867528,0.03217621958251644,0.2106177680390574,0.23862684042594087,0.3105831699534848,0.04040287548533426,0.17211394302848576,0.0680505900895706,0.04929842770922231,0.3430284857571214,-0.030369430669280745,0.14159074308999348,0.18596086572098566,-0.23248375812093952,-0.2252489140045362,-0.3329950409410679,-0.23224541575366164,-0.12948141313958406,-0.3124822204282474,-0.22499519471033713,-0.2047207165647945,-0.16721639180409795,-0.06329143120747319,0.1668242801676085,0.054541959789336104,-0.37626571329719755,-0.26868873255679854,0.10682351132126244,0.05199707838388498,0.440625840925691,0.031407373236458695,-0.12549110060354438,-0.03398300849575212,0.06513666243801176,-0.18647599277284435,0.16878483835005575,0.09802022065890131,-0.1321185561065621,-0.16007380924922154,0.3664091031407373,0.22557995152456142,0.3986622073578595,0.32121631491946334,0.385299657863376,-0.16452542959289587,-0.25177411294352825,-0.18478453081151733,0.14885634106023912,0.22584092569100064,0.14478914388959366,0.3794564256333372,0.46528274324376273,0.2874485834006074,-0.07761503863452889,0.18586091569599816,0.13193403298350825,0.5401530004228655,0.22198900549725137,0.1658709106984969,0.3744512359205013,-0.32226963441356243,-0.3530004228654903,-0.1917964094875639,-0.2368892476838504,-0.2600392111636489,-0.2727482412639834,-0.10448621842924692,-0.2781071002960058,-0.18657594279783185,0.036935378464613845,-0.047776111944027984,-0.12156998423864991,-0.06582862414946374,-0.15150117249067774,0.12721331641871372,0.002114327451658786,-0.440279860069965,-0.20311382770153386
#54,0.1139122746319148,0.1914581170952985,0.12068581094068351,0.11021412370737708,0.3381924422404183,0.45347326336831584,0.24508514973282589,0.10002690962211203,0.31940952600622763,0.1374543497482028,0.29194633452504515,0.3256910006535194,1.0,0.0755699073540153,0.06592088571099065,-0.2050359435666782,0.1478722177372852,0.07753046553646253,0.10331757198323915,-0.043801176334909465,0.10580094568100565,-0.4587244839118902,-0.3708145927036482,-0.20253719294199055,-0.2836581709145427,-0.1737746511359705,-0.4301541536923846,-0.3294429708222812,0.2619228847114904,0.449213854611156,0.03490562411102141,-0.0050051897128358894,-0.07867604659208857,0.19439511013723906,-0.06020066889632107,0.2032675969707454,0.39428747164879097,0.44281705301195556,0.11899434897935647,0.15947410909929652,-0.046499827009572135,0.24466997270595472,0.16753161880598164,0.15972013993003498,-0.20811132895090917,-0.11328950909160804,-0.17776496367201014,-0.3965325029792796,-0.3660016145773267,-0.5473878445392688,-0.3715988159766271,-0.37251374312843577,-0.490293314881021,-0.3918656056587091,-0.16557874908699496,-0.14472763618190904,-0.09202321915965095,-0.29607503940337526,-0.350386345288894,-0.38483835005574135,0.2541729135432284,0.2867181793718525,0.6589166954984046,0.170399415676777,-0.05460346749702072,-0.18167070310998348,0.4716949217698843,-0.05888594164456233,0.32499903894206744,0.24059508707184868,0.17587360166070812,-0.024180217583515934,0.42128166685887825,0.23880028985607074,0.45289662860877256,0.33424057202168145,0.42929304578479993,-0.14225195094760312,-0.04759927728443471,0.13075000961057934,0.08611079075846692,0.36486372198516126,0.2301849075462269,0.28794064506208433,0.4226655902817822,0.44305539537923344,0.12641371621881367,0.018313919963095376,0.2809133894591166,0.2464152539115058,0.18144004920616616,0.26569792027063394,0.31934801829854303,-0.2113635489947334,-0.1987390919924653,-0.056802368046745856,-0.11342021297043786,-0.2603621266289932,0.00834967131818706,-0.03831930188751778,-0.08951678007150271,0.09583669703609733,-0.2870334063737362,0.02178910544727636,-0.0063968015992004,-0.19691692615230846,-0.10517818014069888,0.2502902394956368,0.04935993541690693,-0.22727097989466805,-0.2131318955906662
#58,-0.16910006535193942,0.026548264329373773,0.2728405028255103,-0.20406719717064545,0.0042978510744627685,0.010879175796717025,0.3398377734209818,-0.12680582785530312,0.09351478107100296,0.19654787990620073,0.08438857494329759,-0.1675085534155999,0.0755699073540153,1.0,0.011840233729289202,-0.03020797293660862,-0.08901702994656518,-0.048160535117056855,-0.001330104178679891,-0.0010917618114019913,-0.11448890939145812,-0.1639026640525891,-0.1624341675316188,-0.08137469726675124,-0.3118517664244801,-0.18243186099258063,-0.010671587283281436,-0.16211125206627455,-0.05070541652250798,0.0007380924922154307,0.2138469226924999,-0.3039095836697036,-0.05735593741590743,0.044408564948295086,-0.1428439626340676,0.04900626609772037,0.009318417714219812,-0.17061469265367316,-0.1477030715411525,-0.15046322992349978,-0.34819513320262946,-0.2785760965671011,-0.04109483719678622,0.21515396148079807,-0.14358974358974358,-0.40900319071233615,-0.040671971706454466,-0.004113327951408911,0.14679583285280437,-0.13159574059124285,0.08376580940299082,0.023741975166263023,0.09528312766693577,-0.18978203206089264,-0.26409871987083383,-0.2127244070272556,0.11841771421981317,-0.0814208280475147,0.18725252758236266,0.14325145119747817,0.1772421481566909,0.07855303117671933,0.13041171721831393,0.10492446084649983,-0.06811209779725522,0.013331795640641218,0.5623111521162496,0.3147503171491178,0.04986737400530504,0.068388882481836,0.27980625072079346,-0.03555914350517049,-0.030307922961596127,0.003133054882285575,-0.022012070887633108,0.01815246223042325,0.01918271633414062,0.00011532695190866105,0.0773382539499481,0.07276361819090454,-0.0730865336562488,0.236058893630108,-0.008165148195133202,-0.04534655749048553,-0.004290162611002191,0.10138776765463423,0.3409372236958444,-0.1136124245569523,-0.053150347902971594,-0.028854803367546995,-0.17237535078614538,0.040941067927574674,-0.045492638296236496,0.015315419213470188,0.14677276746242263,0.00974128320455157,-0.16912313074232116,-0.1071464267866067,-0.16923845769422982,-0.028362741706070043,0.10114173682389574,0.07769192326913467,-0.1397762657132972,-0.2517894898704494,-0.10246415253911506,0.055925883212240034,0.07254834121400838,0.1006496751624188,-0.006143082305001346,0.0776765463422135,0.057971014492753624
#101,-0.019367239457194478,0.05001345481105601,-0.14597316726252257,0.13557836466382195,-0.22209664398569945,-0.1958482297312882,-0.05266597470495522,-0.42695575289278437,-0.04387806096951524,0.15831315111674932,0.030100334448160536,-0.091731057548149,0.06592088571099065,0.011840233729289202,1.0,0.3913966093876139,0.2282397262907008,-0.12704417022258102,0.31056010456310307,-0.20866489832007074,0.2617691154422789,-0.17194479683235306,-0.07176411794102948,-0.4060508207434744,0.007872986583631262,0.08421942874716488,-0.05014415868988582,-0.19107369392226964,0.05066697420520509,0.07221004882174298,-0.1535539922346519,0.12001691461961327,0.0016145773267212547,0.17289816630146465,0.05825548764079499,0.18376196517126053,0.23451351247453198,0.24399338792142392,0.25169722830892244,-0.055326183062314994,0.22832429938876717,0.27725368085188173,0.057263675854380504,0.39588667204859107,-0.33094222119709377,-0.13461730673124975,0.03427517010725407,-0.01130972975050936,-0.3992772844347057,-0.28634913312574484,-0.16041979010494753,-0.3821781416983816,-0.21535386153077307,-0.12519893899204243,0.49179256525583365,0.24809133894591165,-0.07460884942144312,-0.21033329489101604,-0.4143236074270557,-0.5520854957136816,-0.14713412524506977,-0.22308845577211395,0.16482527966785837,0.13413293353323338,-0.1385461115596048,-0.3538922846269173,0.02910852266174605,0.13331795640641217,0.1641025641025641,0.2228654903317572,-0.1866912697497405,0.05378080190673894,0.15044016453311806,-0.1630803119218634,0.11050628531887902,0.16474839503325261,0.031376619382616384,-0.12993503248375812,0.17009956560181447,0.08338907469342252,0.04693038096336447,-0.046230730788451926,0.21892130857648098,-0.1728751009110829,-0.20546649752047053,-0.013893053473263368,0.0026755852842809363,-0.3866066966516742,-0.07966016991504248,-0.2641371621881367,-0.48602621766040055,-0.40600468996271094,-0.19216545573367164,0.035082458770614694,-0.022527197939491792,0.12540652750547804,-0.07174105255064775,0.0814592703648176,0.002983123822704033,-0.02392649828931688,-0.2720332141621497,-0.2667281743743513,-0.09619805481874448,-0.1913889209241533,-0.1418213969938108,-0.028631837927190252,-0.2179602506439088,-0.3432053204167147,0.11984007996002,-0.14971744896782377,-0.13542459539461038
#102,0.054780302156614,-0.03333717756506362,0.08653365624879868,0.014254411255910506,-0.37348248952446855,-0.11302041287048784,-0.12625994694960213,-0.304447776111944,-0.03492868950140315,0.0635605274285934,-0.016084265559527928,-0.16101180179141197,-0.2050359435666782,-0.03020797293660862,0.3913966093876139,1.0,0.0496751624187906,0.16875408449621343,0.03855764425479568,0.12229269980394418,-0.09609041633029639,0.4933994541190943,-0.050205666397570445,0.23527467035712912,-0.07657709606735094,0.30763848844808367,0.061922884711490406,0.07469342251950947,-0.18664513896897705,0.24483911890208743,-0.1500864952139315,0.10209510629300735,0.11398147080306001,0.16605543382155077,-0.10455541460039211,-0.031399684772998114,-0.21455426133087302,0.03142275016337985,-0.18076346442163532,-0.10008072886633607,0.15674470457079154,0.18722946219198094,-0.12189289970399415,0.3150886095413832,-0.21580748087494714,0.06442163533617806,0.09324568484988276,0.15984315534540422,-0.210825356552493,0.1955406911928651,0.07875293122669434,0.19967708453465574,-0.03629723599738592,0.47550071118287013,-0.023057701918271632,0.5799561757582747,-0.29473724676123475,0.14784915234690346,-0.11554222888555722,-0.1552838965132818,-0.40457463575904357,-0.28751777957175256,-0.34972513743128436,-0.005789412985814785,-0.1544381655326183,-0.26809672087033404,0.012486064659977704,0.3262061277053781,0.23701226309921963,0.21700688117479722,-0.08011378925921654,0.05850920693499404,-0.20271402760158383,-0.028128297636421537,-0.3461730673124976,-0.0008303540537423596,-0.49178487679237304,-0.2549110060354438,0.2520047668473456,0.3664859877753431,-0.19158882097412833,-0.12553723138430783,-0.010610079575596816,-0.4074578095567601,-0.37638104024910624,-0.34478914388959364,-0.29968861722984663,-0.19226540575865914,-0.04556952293084227,-0.26924999038942066,-0.2662745550301772,-0.276484834505824,-0.3404144081805251,0.22277322877023026,0.1260369815092454,0.2290239495636797,0.2546188444239419,0.2780379041248606,0.052196978433859995,-0.15036327989851228,-0.16755468419636335,-0.00737323645869373,0.12256948448852496,-0.14669588282781687,-0.22497212931995542,0.07580056125783262,-0.09947334025295045,-0.4424172529120055,0.09815092453773114,-0.06915004036443317,-0.09441433129589051
#201,0.47394764156383345,0.2750624687656172,0.30600853419444124,0.4851343558989736,-0.03267596970745396,0.045377311344327834,0.3094375888978588,0.2438242417252912,-0.20252181601506938,0.4197670395571445,0.15745973167262522,-0.11757198323914965,0.1478722177372852,-0.08901702994656518,0.2282397262907008,0.0496751624187906,1.0,0.286218429246915,0.26272248491139044,-0.2595702148925537,-0.1343020797293661,-0.2316457156037366,0.1389536001230154,-0.17576596317226004,0.13656248798677584,-0.05693307192557567,0.19557144504670743,0.1849921193249529,0.2372582939299581,-0.10550109560604314,0.26329143120747317,0.12916618613770037,0.014192903548225886,-0.038734478914388956,0.137323645869373,-0.160266020835736,0.010994502748625687,-0.0467843001576135,0.00012301541536923846,-0.17506631299734748,0.002629454503517472,-0.06491369699765502,-0.12220043824241725,-0.17887979087379388,-0.20168377349786645,-0.3261984392419175,0.39123515165494177,0.09560604313228001,-0.03795794410487064,-0.15967400914927152,0.04272479145042863,-0.10511667243301426,-0.051458885941644564,-0.10957598124014915,-0.04284011840233729,-0.17917964094875638,-0.27748433475569906,-0.3732441471571906,-0.12561411601891362,-0.2056202667896821,0.018959750893783878,0.11312036289547533,-0.02258870564717641,-0.09965017491254373,0.28241263983392917,-0.15034021450813054,0.0548494983277592,0.023918809825856303,0.2345058240110714,0.09727443970322532,0.20230653903817322,0.2919617114519663,-0.0710106485218929,-0.10682371664902032,-0.10224118709875832,-0.1532464536962288,-0.043939568677199864,-0.018875177795717527,0.11574981739899282,-0.022673278745242765,-0.20192980432860494,-0.19264214046822742,0.2536193441740668,-0.19554837965632568,-0.15343097681928267,-0.0677430515511475,0.1405604889862761,-0.2640679660169915,-0.3181409295352324,-0.18399261907507786,-0.1748587244839119,0.08769461423134586,-0.1617191404297851,0.0510052665974705,0.1628109022411871,0.31307423211471186,-0.09205397301349326,0.5064390881482336,0.2984430861492331,0.30024987506246875,0.0348748702571791,0.21206319916964594,-0.054734171375850536,-0.06279168108253566,0.003413677776496367,0.1838772921231692,0.15997385922423404,-0.1265444200976435,-0.012278476146542113,0.23311421212470687,-0.11193633952254642
