,#10,#11,#12,#13,#17,#18,#26,#49,#50,#51,#52,#53,#54,#58,#101,#102,#201,#202,#301,#302,#401,#402,#501,#502,#601,#602,#701,#702,#801,#802,#901,#902,#1001,#1002,#1101,#1102,#1201,#1202,#1301,#1302,#1401,#1402,#1501,#1502,#1601,#1602,#1701,#1702,#1801,#1802,#1901,#1902,#2001,#2002,#2101,#2102,#2201,#2202,#2301,#2302,#2401,#2402,#2501,#2502,#2601,#2602,#2701,#2702,#2801,#2802,#2901,#2902,#3001,#3002,#3101,#3102,#3201,#3202,#3301,#3302,#3401,#3402,#3455,#3501,#3502,#3601,#3602,#3701,#3702,#3801,#3802,#3901,#3902,#4001,#4002,#4101,#4102,#4201,#4202,#4301,#4302,#4401,#4402,#4501,#4502,#4601,#4602,#4701,#4702,#4801,#4802
#10,1.0,0.5227078768308153,0.2386191519624803,0.5291892515280822,0.2210279475646792,0.189174643447507,0.24761465421135587,0.6105639487948333,0.08717179871602661,0.46193826163841156,0.4997347480106101,0.3338792142390343,0.2300849575212394,-0.06365278899012032,0.26918848268173606,0.2929227693845385,0.3441740668127475,0.11070618536885403,0.30474762618690654,0.21686080036904626,-0.07166416791604198,-0.017991004497751123,0.09316880021527697,-0.04050282551032176,-0.01593049629031638,-0.197416676277246,-0.3582132010917618,-0.2874870257179103,0.17106831199784722,-0.13108061353938416,-0.20798831353553993,-0.1186483681236305,-0.15420751162880098,-0.24338599930803828,-0.0524660746549802,-0.13791565755583746,-0.11155191634951755,-0.14404336293391765,-0.16140391342790145,-0.15942797831853303,-0.08588782531811018,-0.00553569369161573,-0.0340598931303579,0.07946795832852804,-0.2427017260600469,0.010325606427555454,-0.33037327490101104,-0.4053896128858648,-0.19263445200476684,-0.09396071195171644,-0.23973397916426403,-0.1266366816591704,-0.22724791450428633,0.18742936224195594,-0.31879444892938147,-0.12712874332064736,-0.3243301426209972,-0.23006958059431823,-0.1845846307615423,-0.3247376311844078,-0.40985661015646024,-0.5083381386229961,0.07738438473071156,0.22835505324260946,0.0908468842501826,0.10529350709260754,0.05390381732210818,-0.14046822742474915,0.374274401260908,0.3796101949025487,0.4048283550532426,0.1040864183292969,-0.1472186983431361,0.026302233498635297,0.04367816091954023,-0.05482643293737746,-0.3283127666935763,-0.30643908814823356,-0.0875792872794372,0.027939876215738284,-0.072609848921693,0.13459424134086803,0.07435513012724407,0.05735593741590743,0.12539883904201746,-0.403475185484181,-0.3404836043516703,-0.27935263137661936,0.13978395417675776,-0.23635105524160996,0.13751585745588743,-0.3943259139660939,-0.09104678430015761,-0.19849306116172682,-0.18222427247914505,0.3409141583054627,0.13154960981047936,-0.04574635759043555,-0.1751355091684927,-0.09899665551839465,0.009910429400684274,0.1803021566140007,-0.15599123515165494,-0.2201514627301734,-0.03989543689693615,-0.039580209895052475,-0.11399684772998116,-0.545311959404913,-0.28403490562411104,-0.38259331872525276,-0.30043439818552264
#11,0.5227078768308153,1.0,0.28028293545534927,0.39413370237957945,0.17249836620151462,0.09269980394418176,0.3435205474185984,0.5836235728289701,0.43019259600968746,0.5800868796371045,0.5639257294429708,0.3080229116211125,0.07997539691692615,0.12444546957290585,-0.03237611963249145,0.2027524699188867,0.21317802637142966,0.14156767769961173,0.04760696574789528,0.09153884596163457,-0.020712720562795526,-0.15156268019836236,0.06792757467420137,0.08473455579902356,0.08245108215123208,-0.1376004305539538,-0.1021412370737708,-0.23549763579748587,0.012801291661861378,-0.1054472763618191,0.04500826509822012,0.018644523891900203,-0.04626917310575482,-0.2673740053050398,-0.18686041594587322,-0.32805904739937725,-0.09496021220159151,-0.31759504862953136,0.034459693230307925,-0.3410909929650559,-0.10692346134624996,-0.20641986698958215,-0.09234613462499519,0.11363548994733402,-0.13292584476992272,0.01157882597162957,-0.20194518125552607,-0.18212432245415755,-0.34884096413331794,0.04244800676584785,-0.1636643216853112,0.06316072732864338,-0.019282666359128127,0.19243455195479184,-0.3318417714219813,-0.2395033252604467,-0.28344289393764655,-0.1741744512359205,-0.1471956329527544,-0.40742705570291776,-0.17701149425287357,-0.21605351170568562,0.005051320493599354,0.21683773497866451,0.01338561488486526,-0.16348748702571791,0.294114481220928,-0.048544958290085725,0.2082650982201207,0.24653826932687503,0.325752508361204,-0.052935070926075425,-0.10366355283896514,-0.13486333756198823,-0.1934032983508246,-0.10233344866028524,-0.07014185215084766,0.03171491177488179,0.10280244493138047,-0.03455964325529543,0.15690616230346366,0.12389190020374428,0.029185407296351825,0.0698881328566486,-0.05172029369930419,-0.10756160381347787,-0.24057202168146696,-0.16397186022373428,0.2655287740745012,-0.10394033752354592,-0.0877868757928728,-0.21456963825779418,-0.11648790989120825,-0.03490562411102141,0.04603083073847691,0.378095567600815,0.02773997616576327,-0.04044900626609772,-0.19111213623957252,-0.19984623073078844,-0.011540383654326683,0.16133471725675624,-0.17772652135470726,-0.27157190635451506,-0.1485795563756583,-0.10040364433168031,-0.11408142082804751,-0.360865720985661,-0.272863568215892,-0.10450928381962865,0.01456963825779418
#12,0.2386191519624803,0.28028293545534927,1.0,0.3664782993118825,0.1727520854957137,0.3267827624649214,0.16883096913081921,0.018713720063045402,0.08481912889708991,0.2315457655787491,0.23522085111290508,0.04633068081343943,0.22334986352977357,0.1096605543382155,-0.33537077615038635,-0.11761042555645254,0.6378964363971861,0.6281320878022527,-0.2525737131434283,-0.1426286856571714,-0.19780878791373543,-0.2582785530311767,0.26441394687271746,0.14092184676892322,-0.07636181909045477,-0.2016299542536424,0.2353592434551955,0.30049590589320724,0.06938838273171107,-0.39081997462807055,0.014008380425172029,0.2051358935916657,0.14269019336485603,-0.006135393841540768,-0.28340445162034367,-0.314527351708761,-0.4146311459654788,-0.4404874485834006,0.13108830200284474,-0.2758774458924384,-0.040910314073732364,-0.34799523315265446,-0.27144120247568526,-0.14924845269672857,0.004613078076346442,-0.0892169299965402,0.10158766770460924,0.2427632337677315,0.1989159266520586,0.33924576173451737,0.24659977703455965,0.3355245454195979,0.2991888671049091,0.44625379617883365,-0.44347057240610466,-0.1760119940029985,-0.11206704340137623,-0.32103948025987006,0.04496982278091723,-0.12217737285203552,0.015100142236574021,0.04803751970168762,-0.37738822896244184,0.07085687925268135,0.21348556490985277,0.0014608080575097067,0.1494099104294007,0.044400876484834505,0.14434321300888017,0.40063045400376734,0.5013647022642524,0.11580363664321686,-0.14081420828047514,0.1993849229231538,-0.33813862299619424,0.16609387613885365,0.06541344712259255,0.2690116480221428,-0.15463806558259333,-0.2528812516818514,0.11647253296428708,0.09166954984046438,-0.034459693230307925,-0.21992849728981664,-0.14819513320262945,-0.16422557951793335,0.09565986237650406,-0.26439088148233575,-0.19397224464690732,-0.0629454503517472,-0.16923076923076924,-0.1059547149502172,0.136431784107946,0.04737631184407796,0.09071618037135279,0.5943566678199362,-0.19235766732018605,0.4965440356744705,0.29014723407527004,0.3749048552646754,0.5342251950947603,0.3615192403798101,0.08063660477453581,0.24611540383654326,0.3796101949025487,0.23548225887056473,0.33428670280244493,0.031115211624956753,-0.11405066697420521,-0.0175912043978011,0.09303040787298658
#13,0.5291892515280822,0.39413370237957945,0.3664782993118825,1.0,0.3628877868757929,0.27230999884673046,0.3094452773613193,0.2180602006688963,-0.07288663360627379,0.5203475185484181,0.25170491677238305,0.3276361819090455,0.32812824357052245,-0.02091262061277054,0.021719909276131166,0.13966093876138855,0.4675508399646331,0.08757159881597663,0.06991119824703033,-0.030515511475031714,-0.1291969399915427,-0.03213008880175297,0.05845538769077,-0.07538538423096144,-0.1942797831853304,-0.11469649790489371,0.05089762810902241,0.07381693768500365,-0.024710721562295774,-0.32506823511321264,-0.0016914619613270288,0.10527044170222581,0.03819628647214854,-0.14781839849306116,-0.16204205589512935,-0.13009649021643024,-0.1732902779379541,-0.30341752200822664,0.024864490831507324,-0.0816284165609503,-0.19609426056202667,-0.06438319301887518,-0.07280974897166802,-0.04104101795256218,-0.06921923653557836,-0.06336831584207896,-0.052273863068465765,-0.06642832429938876,0.16653980701956714,0.20018452312305385,0.1595356168069811,0.16157305962403415,0.16344904470841504,0.19250374812593704,-0.24451620343674316,-0.03822704032599085,-0.07524699188867105,-0.16021220159151195,-0.1130665436512513,-0.051105216622458004,-0.16300311382770152,-0.26969592127013414,-0.2526659747049552,0.2745780955676008,0.17181409295352323,-0.09949640564333218,-0.10910698496905394,-0.06462922384961366,0.13121900588167454,0.1465805558759082,0.20941836773920733,-0.03428285857071464,-0.23772729020105332,0.1200092261561527,-0.14638065582593318,-0.03177641948256641,-0.26428324299388767,-0.11045246607465498,-0.02777073001960558,-0.07052627532387652,0.040941067927574674,0.21323953407911428,-0.1291892515280821,-0.3323492100103794,-0.001699150424787606,-0.23009264598469995,-0.20751162880098412,-0.28405028255103215,0.23132280013839235,0.03258370814592704,0.1863529773574751,-0.2319148118248568,0.018498443086149233,-0.14699573290277937,-0.1597816476377196,0.23462883942644064,-0.1286510590858417,0.03688924768385038,-0.06873486333756199,0.021835236228039828,0.12815130896090415,0.23713527851458885,-0.18845961634567332,-0.05398070195671395,-0.0736324145619498,0.16293391765655635,0.10857648099027409,-0.23502095106293008,-0.20940299081228617,-0.26950370968361975,-0.15356936916157307
#17,0.2210279475646792,0.17249836620151462,0.1727520854957137,0.3628877868757929,1.0,0.39392611386614385,0.2796524814515819,0.053204167147195634,-0.04094875639103525,0.30252566024679967,0.2932456848498827,0.6213585514934841,0.4156075808249721,0.037158343904970595,-0.17645792488371198,0.001314727251758736,0.44436243416753163,0.20171452735170875,-0.1295659862376504,-0.15938184753776957,-0.2961288586475993,-0.1751585745588744,-0.103502095106293,0.07160266020835736,-0.16112712874332064,-0.1153807711528851,-0.0355898973590128,0.10483988774843347,0.09634413562449544,-0.04413946872717488,0.12132395340791143,0.20599700149925038,0.05789412985814785,-0.00950294083727367,-0.012186214585015185,-0.018275477645792487,0.10141083304501596,-0.10339445661784492,0.14818744473916887,-0.1295044785299658,-0.16729327643870373,-0.05564141006419867,0.10291777188328913,0.09798177834159844,0.044323991850228735,0.08368892476838503,0.09561373159574059,0.051889439895436894,0.08415792103948026,0.03951870218736785,0.13117287510091108,0.14608080575097065,0.012755160881097913,0.033144965978549185,-0.14953292584476993,0.11608810979125822,-0.2731787952177757,-0.23270672356129626,0.09143120747318649,-0.27298658363126127,-0.04288624918310076,-0.06093107292507592,-0.09778956675508399,0.0869718986660516,0.11185176642448007,-0.035812862799369544,0.20070733863837312,0.033091146734325144,-0.0111944027986007,0.08987044939068928,0.20763464421635336,-0.03653557836466382,-0.04220197593510937,0.14149079306500595,-0.34070656979202707,-0.07214085265059778,-0.22900088417329797,0.002567946795832853,-0.037558144004920614,0.043724291700303695,0.21250144158689885,0.5158805212778226,0.12047822242724791,-0.06634375120132241,0.4585937800330604,0.15054011455810556,0.04116403336793142,0.07850690039595587,0.19078922077422827,0.19943874216737784,0.26547495483027717,0.08535732133933034,0.22298081728366587,0.16738553800023065,-0.17190635451505018,0.10146465228924,0.006143082305001346,0.03733517856456387,0.07613885365009802,0.028578018682966208,0.06920385960865721,0.11274362818590705,0.07086456771614193,0.05474954830277169,-0.17334409718217814,0.007034944066428324,0.020359051243608966,-0.04201745281205551,-0.18467689232306925,-0.1796255718294699,-0.15901280129166187
#18,0.189174643447507,0.09269980394418176,0.3267827624649214,0.27230999884673046,0.39392611386614385,1.0,0.11832545265828624,-0.0004613078076346442,0.1294352823588206,0.30679275746742013,0.2365740206819667,0.49226156152692885,0.7958636066582093,0.022965440356744703,-0.18395417675777495,-0.08233575519932342,0.2482758620689655,0.3881520778072502,-0.17123745819397992,-0.3055933571675701,-0.2521200937992542,-0.3123515165494176,0.35131664936762386,0.1686925767885288,-0.08643370622381118,-0.08761004113327951,0.02072809748971668,0.13830008072886635,0.3904739937723446,-0.4055510706185369,-0.11029100834198285,0.03822704032599085,0.035520701187867605,-0.16900011532695192,-0.14109099296505592,-0.14611155960481298,-0.04057971014492753,-0.17981009495252373,0.2734709568292777,-0.34189059316495596,0.0342290393264906,-0.16541729135432284,0.11556529427593895,0.06329911967093377,0.3925191250528582,0.2564794525814016,-0.1344327836081959,-0.06592857417445123,-0.08333525544919848,0.09600584323223003,0.1953023488255872,0.1862837811863299,0.17961019490254873,0.13275669857379002,-0.24091800253719295,-0.15979702456464076,-0.008611079075846692,-0.34824126398339295,0.1515165494175989,-0.22270403259908508,-0.14053742359589436,-0.04251720293699304,-0.167670011148272,-0.0795525314265944,0.25378080190673896,-0.009779725521854457,0.22890862261177103,0.04894475839003575,0.04487756121939031,0.1372236958443855,0.23658939760888786,-0.1552915849767424,-0.20452081651481951,-0.025825548764079498,-0.37948717948717947,-0.19171952485295812,-0.06336062737861839,0.069480644293238,0.17059162726329144,0.10527044170222581,0.03665090531657248,0.3538230884557721,-0.045331180563564374,-0.23801176334909468,0.33476338753700075,0.022765540306769694,0.07537000730404028,-0.0625072079344943,0.18613001191711837,0.3430054203667397,0.261930573174951,-0.22555645254295928,0.12832814362049744,0.15047860685042094,-0.23031561142505672,0.18114788759466421,-0.08978587629262291,0.06362972359973859,0.12774382039749357,0.1807403990312536,0.28022911621112523,0.22564102564102564,0.022581017183715836,0.21916733940721947,0.07487025717910276,0.01891362011302041,-0.02156614000691962,-0.06448314304386268,-0.09462960827278669,-0.0626071579594818,-0.03422135086303002
#26,0.24761465421135587,0.3435205474185984,0.16883096913081921,0.3094452773613193,0.2796524814515819,0.11832545265828624,1.0,0.06703571291277438,0.1035405374235959,0.3940491292815131,0.3632568331219006,0.321477722677123,0.2948910160304463,0.41503094606542884,-0.18020220658901318,0.3001499250374813,0.14978664513896897,-0.07197170645446507,-0.06979587129512167,-0.02671741052550648,-0.2842732479913889,-0.01776803905739438,-0.020474378195517624,0.3190251028331988,-0.05891669549840464,0.15354630377119133,0.045984699957713454,-0.09668242801676084,-0.18467689232306925,0.04673816937685003,0.13132664437012262,-0.0031984007996002,0.004720716564794526,0.005235843616653212,-0.2553338715257756,-0.01122515665244301,0.01045631030638527,-0.2018067889132357,0.2919617114519663,-0.041486948833275666,-0.17514319763195327,0.05386537500480529,0.17997155268519585,0.06702033598585323,0.018959750893783878,0.15999692461461576,-0.192449928881713,-0.14427401683773497,-0.10155691385076693,0.31508092107792257,0.07511628800984123,0.4228654903317572,0.36898473840003077,0.5284280936454849,-0.1248375812093953,0.21778341598431553,-0.23091531157498174,-0.0569561373159574,0.05961634567331719,-0.18653750048052897,-0.20371352785145888,-0.35589128512666746,-0.079960019990005,0.5027178718333141,-0.045354245953946104,-0.42067427824549264,0.32704417022258103,0.42346519048168224,-0.11469649790489371,0.021842924691500405,0.06605927805328105,-0.4196286472148541,-0.14481989774343598,-0.0029985007496251873,-0.35139353400222967,-0.17102986968054434,-0.2570637758044055,-0.09642102025910122,0.14476607849921194,0.058732172375350784,0.15480721177872603,0.27246376811594203,0.013454811056010456,0.07243301426209972,0.1314035290047284,0.024733786952677507,-0.11716449467573906,-0.0742782454926383,0.25805558759082,-0.19133510167992926,0.04741475416138085,0.09907354015300042,0.32477607350171067,0.097243685849383,0.17756506362203514,-0.12562949294583478,-0.2164302464152539,-0.16873870756929227,0.03235305424210971,-0.03189174643447507,0.05540306769692077,0.09177718832891246,-0.0018759850843808865,-0.12899703994156766,-0.15642178910544727,-0.0012147772267712298,0.0965286587475493,-0.33574751085995463,-0.4035905124360896,-0.18430015761350094,-0.033121900588167455
#49,0.6105639487948333,0.5836235728289701,0.018713720063045402,0.2180602006688963,0.053204167147195634,-0.0004613078076346442,0.06703571291277438,1.0,0.4313689309191558,0.3321493099604044,0.4113558605312728,0.24193287971398916,-0.08341214008380425,0.06895014031445816,0.220758851343559,0.13819244224041824,0.07426286856571714,-0.015200092261561528,0.23711990158766771,0.1686310690808442,-0.0024987506246876563,-0.13345634874870257,0.10999884673048091,0.030061892130857647,0.21903663552838964,-0.055902817821858304,-0.3102986968054434,-0.3773651635720601,0.194833352554492,0.05681774497366701,-0.16559412601391613,-0.2235113212624457,-0.24424710721562296,-0.2934302079729366,-0.07476261869065468,-0.21438511513474032,-0.1183715834390497,-0.08636451005266597,-0.296551724137931,-0.30556260331372775,-0.2137085303502095,-0.037888747933725445,-0.20070733863837312,0.2166378349286895,-0.12318456156537116,0.09162341905970092,-0.2895321569984239,-0.39359550993733905,-0.4644216353361781,-0.32951216699342634,-0.3655249298427709,-0.29253834621150965,-0.3069465267366317,-0.004597701149425287,-0.2960519740129935,-0.2328989351478107,-0.2502902394956368,-0.2193979933110368,-0.3529081613039634,-0.4563795025564141,-0.2951754891784877,-0.31784107946026985,0.2959827778418483,0.02149694383577442,-0.024126398339291893,0.09714373582439549,0.21819090454772613,-0.027486256871564217,0.3991850228731788,0.22827048014454313,0.2780148387344789,-0.01818321608426556,0.13440971821781417,-0.030369430669280745,0.18155537615807482,-0.11937877215238535,-0.18333141121746818,-0.2503671241302426,0.05913197247530081,0.14116018913620113,0.032137777265213545,0.09595971245146658,0.056364125629492945,0.21430823050013456,0.1392303848075962,-0.21185561065621036,-0.465659477953331,-0.09901972090877638,0.23277591973244147,-0.2835659093530158,0.07176411794102948,-0.39405681774497364,-0.20023065390381733,-0.3122054357436666,-0.18005612578326222,0.33365624879867756,0.21696075039403376,-0.19832391496559412,-0.19433360242955444,-0.3499404144081805,-0.22108176680890324,0.14055280052281552,-0.09043170722331142,-0.3412985814784915,-0.006043132280013839,-0.14236727789951178,-0.19780109945027485,-0.4192211586514435,-0.22525660246799678,-0.29233075769807404,-0.31206704340137625
#50,0.08717179871602661,0.43019259600968746,0.08481912889708991,-0.07288663360627379,-0.04094875639103525,0.1294352823588206,0.1035405374235959,0.4313689309191558,1.0,0.18946680505900895,0.29390689270749243,0.13712374581939799,-0.0018529196939991543,0.2162611002191212,-0.07196401799100449,-0.0606004689962711,-0.13853073463268367,0.05300426709722062,-0.13567831468880945,-0.14793372544496983,0.11398915926652059,-0.34490447084150233,0.062138161688386574,0.09983469803559758,0.2979202706339138,0.027163341406219968,-0.0506285318879022,-0.13487102602544881,0.020274478145542615,-0.05319647868373505,0.024218659900818822,0.06465228923999539,-0.026632837427440124,-0.16065044400876485,0.029154653442509514,-0.18156306462153537,-0.13119594049129282,-0.18716795448429632,0.061899819321108676,-0.23121516164994427,-0.236058893630108,-0.22223503632798985,-0.09965786337600431,0.2118402337292892,0.2296697804943682,0.1850613154960981,-0.130319455656787,-0.08784838350055742,-0.4182831661092531,-0.04744550801522316,-0.19570214892553722,-0.11781032560642755,0.038242417252912005,-0.04530811517318264,-0.058770614692653676,-0.1696459462576404,0.04526967285587975,-0.09238457694229808,-0.2728866336062738,-0.42749394533502477,-0.03835774420482067,0.050259485641794485,0.035105524160996424,-0.047214854111405836,-0.20769615192403798,-0.259201168646446,0.20748087494714182,0.04363203013877676,0.08874024526198439,-0.03296813131895591,0.16810825356552492,-0.3459577903356014,0.13999154269019337,0.079414139084304,0.04049513704686118,0.17162956983046937,0.16443316803136893,0.24886787375542999,0.03722754007611579,-0.00986429861992081,-0.031245915503786567,-0.11648022142774767,-0.004082574097566601,0.11496559412601391,0.08866336062737862,-0.1374235958943605,-0.22873178795217775,0.03780417483565909,0.17339791642640218,-0.033775419982316535,0.04621535386153077,-0.23074616537884904,-0.0006765847845308116,-0.08572636758543806,-0.1357551993234152,0.2562795525314266,-0.08446545957790336,0.05346557490485526,0.10134163687387075,-0.1275669857379003,-0.08750240264483143,0.08057509706685119,0.03872679045092838,-0.15368469611348173,0.10700803444431631,-0.1494022219659401,-0.03964940606619767,-0.04264021835236228,-0.02221197093760812,-0.12039364932918156,-0.05125898589166955
#51,0.46193826163841156,0.5800868796371045,0.2315457655787491,0.5203475185484181,0.30252566024679967,0.30679275746742013,0.3940491292815131,0.3321493099604044,0.18946680505900895,1.0,0.6667204859108907,0.35629877369007806,0.5358782147387845,0.18313151116749318,0.1602198900549725,0.26071579594817973,0.36599392611386616,0.1265059777803406,0.09965017491254373,0.05638719101987468,0.0637296736247261,-0.1240918002537193,0.1698612232345366,0.06978049436820051,0.022557951793334103,-0.11741821396993811,-0.1752969669011648,-0.3084380886479837,0.14384346288394265,-0.1652250797678084,-0.047514704186368356,-0.019913120362895477,-0.15333871525775575,-0.5021412370737708,-0.14282089724368585,-0.07713066543651251,-0.09403759658632223,-0.37082228116710875,0.1544381655326183,-0.3448045208165148,0.10059585591819475,-0.029208472686733555,0.08622611771037558,0.07306346826586707,0.08182831661092531,0.11591896359512552,-0.4022142774766463,-0.42369584438549956,-0.23719678622227347,0.03026179218083266,-0.13383308345827086,0.08490370199515627,0.1745511859454888,0.29855841310114173,-0.18969745896282628,-0.05730980663514396,-0.3085149732825895,-0.19575596816976126,-0.15053242609464498,-0.4262945450351747,-0.3860608157459732,-0.4525045169722831,-0.08198977434359743,0.31458117095298505,0.06472148541114059,-0.1368162072809749,0.21586130011917118,0.1971706454465075,0.12037058393879983,0.22208895552223887,0.2754468919386461,-0.23259908507284818,-0.08997039941567678,-0.04570022680967209,-0.19378003306039288,-0.16355668319686312,-0.3166647445508015,-0.17302887018029448,0.3014723407527006,-0.07299427209472187,0.20779610194902548,0.1502863952639065,-0.15857455887440894,-0.04101795256218045,0.25401914427401684,-0.24441625341175566,-0.41811401991312036,-0.049936570176450236,0.2577480490523969,0.1125514165993926,0.2755160881097913,-0.20761157882597164,-0.04965978549186945,-0.1739745511859455,-0.15410756160381348,0.33329489101603044,-0.0010917618114019913,-0.01874447391688771,-0.1813247222542575,-0.0035751355091684926,-0.012009379925421905,0.21207088763310653,-0.18586860415945874,-0.12492984277092223,-0.23870372506054666,0.02466459078153231,-0.2280705800945681,-0.5158267020335986,-0.49835082458770613,-0.37232922000538193,-0.1543382155076308
#52,0.4997347480106101,0.5639257294429708,0.23522085111290508,0.25170491677238305,0.2932456848498827,0.2365740206819667,0.3632568331219006,0.4113558605312728,0.29390689270749243,0.6667204859108907,1.0,0.4028908622611771,0.41856763925729445,0.1012955060931073,0.08568792526813516,0.26204590012685963,0.24114865644101027,0.05123592050128782,0.04570022680967209,0.1308960904163303,0.009879675546841963,-0.08674893322569484,0.024041825241225542,0.09965017491254373,-0.01480798062507208,-0.14367431668780994,-0.2632529888901703,-0.3882981586130012,0.09006266097720371,-0.013854611155960482,-0.179387229462192,0.10332526044669972,-0.2620920309076231,-0.31577288278937454,-0.11583439049705917,-0.04975204705339638,-0.04927536231884058,-0.262130473224926,0.06293007342482605,-0.3236381809095452,0.07060315995848229,-0.16693191865605658,0.07321723753507861,0.0636604774535809,0.05206627455503018,0.15458424633836929,-0.3877830315611425,-0.4046515203936493,-0.34360512051666475,0.040556644754545804,-0.2500980279091224,0.0319148118248568,0.015238534578864414,0.32815130896090416,-0.23145350401722214,-0.03438280859570215,-0.33766193826163843,-0.16038134778764465,-0.14299773190327913,-0.47701533848460387,-0.33554761080997964,-0.3724137931034483,-0.0018759850843808865,0.27735363087686926,-0.036850805366547494,-0.09007034944066428,0.3229615961250144,0.020189905047476264,0.12546803521316266,0.26572098566101565,0.3405758659131973,-0.15408449621343173,0.08256640910314074,-0.019705531849459886,-0.1574981739899281,-0.031207473186483682,-0.17086841194787222,-0.059693230307922965,0.08270480144543113,-0.1289278437704225,0.2100411332795141,0.14546572867412447,0.027493945335024795,0.12308461154038365,0.23016184215584515,-0.15112443778110946,-0.29066236112712873,0.04874485834006074,0.269080844193288,0.004997501249375313,0.24759158882097412,-0.06412947372467612,0.022611771037558143,0.026256102717871835,0.006965747895283128,0.22524122554107562,-0.07460884942144312,0.0030446315303886517,-0.16022757851843308,-0.09739745511859454,-0.01633798485372698,0.06717410525506477,-0.08090570099565601,-0.16278014838734478,-0.22420328297389766,-0.175566063122285,-0.28873255679852383,-0.41621496943835773,-0.44310152615999693,-0.3103217621958252,-0.09614423557452043
#53,0.3338792142390343,0.3080229116211125,0.04633068081343943,0.3276361819090455,0.6213585514934841,0.49226156152692885,0.321477722677123,0.24193287971398916,0.13712374581939799,0.35629877369007806,0.4028908622611771,1.0,0.5492330757698074,0.053011955560681195,0.03651251297428209,0.24481605351170568,0.32158536116557107,-0.05178948987044939,0.09353015799792412,-0.004267097220620459,-0.08482681736055049,-0.054672663668165915,-0.12609080075346943,0.15363087686925767,-0.04639987698458463,0.07348633375619883,-0.17511244377811094,-0.11153653942259639,0.3822780917233691,0.07205627955253142,-0.21671471956329527,0.07004959058932073,-0.23893437896436398,-0.1786337600430554,-0.043424441625341176,-0.0682197362857033,0.19028178218583017,0.0014608080575097067,-0.07196401799100449,-0.22551032176219582,-0.12145465728674125,-0.1185791719524853,0.17229077768807904,0.23402913927651559,0.18474608849421442,0.19111213623957252,-0.14156767769961173,-0.24432399185022874,-0.18255487640794987,-0.05102833198785223,-0.03646638219351862,0.02194287471648791,0.0015069388382731711,0.12379195017875677,-0.0811517318263945,0.004090262561027179,-0.29668242801676087,-0.12037827240226041,-0.14761849844308614,-0.4714488909391458,-0.4037212163149195,-0.35829777418982817,0.11095221619959252,0.18974358974358974,0.16936147310959904,-0.03091531157498174,0.45475723676623225,0.018698343136124247,0.20274478145542613,0.18197824164840656,0.1464114096797755,-0.15550686195363855,-0.05488025218160151,-0.013470187982931611,-0.2249413754661131,-0.2290162611002191,-0.32234651904816825,-0.12060123784261716,0.17786491369699767,0.15231614961749895,0.14635759043555147,0.40526659747049554,0.09252296928458847,-0.06627455503017722,0.27307884519278824,-0.08035213162649445,-0.24673816937685003,0.0658363126129243,0.3687387075692923,0.1718294698804444,0.1563525929343021,-0.22764771460423636,0.10566255333871526,-0.05208165148195133,-0.35303117671933265,0.025863991081382386,-0.04482374197516626,-0.12642909314573483,-0.10244108714873333,-0.22022834736477914,-0.14387421673778494,0.012216968438857494,-0.1645177411294353,-0.06341444662284243,-0.3558528428093645,-0.21267827624649213,-0.2525275823626648,-0.39711682620228345,-0.2870718486910391,-0.3888747933725445,-0.3929189251528082
#54,0.2300849575212394,0.07997539691692615,0.22334986352977357,0.32812824357052245,0.4156075808249721,0.7958636066582093,0.2948910160304463,-0.08341214008380425,-0.0018529196939991543,0.5358782147387845,0.41856763925729445,0.5492330757698074,1.0,0.13459424134086803,0.041271671856379505,0.15782108945527237,0.29109291508092106,0.13326413716218813,-0.08018298543036174,-0.08511897897205244,-0.08984738400030753,-0.13414831046015455,0.1425979318033291,0.10175681390074194,-0.10844577711144428,-0.06957290585476493,-0.15695229308422712,-0.13258755237765732,0.34871026025448815,-0.2425018260100719,-0.1939799331103679,-0.05360396724714566,-0.1691077538154,-0.3573982239649406,-0.07252527582362665,-0.006688963210702341,-0.031791796409487566,-0.23104601545381157,0.1773036558643755,-0.3050705416522508,0.049444508514973284,-0.04556952293084227,0.3012955060931073,0.1170799215776727,0.3634874870257179,0.21945181255526083,-0.334540422096644,-0.30808441932879715,-0.04992119324952908,0.18325452658286243,0.047568523430592397,0.14085265059777805,0.23660477453580903,0.2776996117325952,-0.16941529235382308,0.002421865990081882,-0.04175604505439588,-0.10233344866028524,0.027186406796601698,-0.31382001307038787,-0.29055472263868065,-0.30810748471917887,-0.12660592780532812,0.1809864298619921,0.1195632952754392,-0.030023449813554762,0.30175681390074194,0.168015992003998,0.06218429246915004,0.19171183638949757,0.1968323530542421,-0.22020528197439743,-0.061453888440395184,0.043016953061930575,-0.22853188790220275,-0.1749894283627417,-0.08667973705454965,0.04523891900203744,0.23439818552262331,0.06641294737246761,0.14289778187829164,0.35653711605735594,-0.06529043170722332,-0.2189520624303233,0.38078652981201705,-0.18290085726367586,-0.15990466305308884,-0.018098642986199207,0.2516895398454619,0.396870795371545,0.2596778533810018,-0.21845231230538578,0.027801483873447892,0.008395802098950524,-0.33111136739322644,0.07248683350632376,-0.1839003575135509,-0.07741513858455387,-0.08777918732941221,0.08679506400645831,0.06351439664782993,0.09506016222657902,-0.15211624956752393,0.05555683696613232,-0.21237073770806905,-0.08344289393764656,-0.23711221312420713,-0.2684119478722177,-0.3053242609464499,-0.2676738553800023,-0.13428670280244492
#58,-0.06365278899012032,0.12444546957290585,0.1096605543382155,-0.02091262061277054,0.037158343904970595,0.022965440356744703,0.41503094606542884,0.06895014031445816,0.2162611002191212,0.18313151116749318,0.1012955060931073,0.053011955560681195,0.13459424134086803,1.0,-0.3018336985353477,-0.15948179756275707,0.08985507246376812,0.0500518971283589,-0.21151731826394496,-0.2732018606081575,-0.11245915503786569,-0.251451197478184,0.05431130588551878,0.40566639757044554,0.3251451197478184,0.2001076384884481,0.1506708184369354,-0.0647829931188252,-0.07438588398108638,0.022281167108753316,0.2001307038788298,0.08648752546803522,0.23046938069426826,-0.019997693460961828,-0.38809825856302615,-0.21321646868873256,-0.30238726790450926,-0.3501633798485373,0.18996655518394648,-0.17587360166070812,-0.29227693845385,-0.08920924153307962,0.1603582823972629,-0.10021912120862646,0.34632683658170915,0.2635220851112905,-0.08872486833506324,-0.008357359781647637,-0.02501826010071887,0.1048321992849729,0.06257640410563949,0.39667858378503057,0.4771614192903548,0.3631184407796102,-0.15371544996732403,-0.07973705454964826,-0.06306846576711644,-0.14012224656902317,0.022350363279898512,-0.1274593472494522,0.09938107869142351,-0.011832545265828625,-0.1407296351824088,0.13146503671241302,0.0965671010648522,-0.038949755891285125,0.26266097720370585,0.5465344250951447,-0.15278514588859415,-0.09929650559335716,0.1722677122976973,-0.36949217698842884,-0.02960827278668358,0.018413869988082882,-0.21659170414792603,-0.11799484872948142,-0.11998616076577096,-0.010594702648675663,0.28038288548033674,0.029300734248260484,0.20487448583400608,0.07198708338138624,-0.28898627609272287,0.06257640410563949,0.05109752815899742,0.13315649867374005,0.01456963825779418,0.031461192480682736,0.12383808095952024,0.03419828547264829,-0.2199361857532772,0.1652635220851113,0.28494983277591973,-0.0021066389881982087,-0.007834544266328375,0.1432130088801753,-0.13516318763695076,0.1388613385614885,0.32339983854226734,0.23390612386114634,0.1246991888671049,0.40277553530926846,0.09468342751701073,-0.019997693460961828,0.12746703571291276,0.12721331641871372,0.2762618690654673,-0.028585707146426786,-0.025625648714104485,0.03316803136893092,-0.00337523545919348
#101,0.26918848268173606,-0.03237611963249145,-0.33537077615038635,0.021719909276131166,-0.17645792488371198,-0.18395417675777495,-0.18020220658901318,0.220758851343559,-0.07196401799100449,0.1602198900549725,0.08568792526813516,0.03651251297428209,0.041271671856379505,-0.3018336985353477,1.0,0.5823703532848961,-0.1333410217967939,-0.4482835505324261,0.602890862261177,0.47061853688540345,0.5809402990812286,0.5050782301157114,-0.10362511052166225,-0.061515396148079805,0.0585245838619152,0.21917502787068005,-0.6723945719447968,-0.5358013301041786,0.21596125014415868,0.2710644677661169,-0.6600084573098066,-0.23189174643447508,-0.6024987506246876,-0.28992426863491333,0.38065582593318725,0.401637642717103,0.36863875754430475,0.2691731057548149,-0.4969053934571176,0.0920385960865721,0.19783954176757776,0.3359704763003114,0.11288202052819744,0.29126974974051434,-0.17648099027409372,0.01655326183062315,-0.5436128089801253,-0.6954907161803714,-0.3485641794487372,-0.3719832391496559,-0.6510821512320762,-0.47262522584861416,-0.34511205935493794,-0.10663129973474801,0.4267789182331911,0.296351824087956,-0.0845192788221274,0.3864221735286203,-0.4743166878099412,-0.2594779533310268,-0.5836543266828125,-0.605512628301234,0.4371275900511283,0.14758005612578326,-0.35992003998001,0.06339138123246069,-0.020951062930073424,-0.15578364663821936,0.3693307192557567,0.09088532656748549,-0.18344673816937684,0.15070926075423827,0.17378233959943104,-0.1401453119594049,0.516710875331565,-0.20097643485949332,-0.28122092799753967,-0.43870372506054667,0.20532810517818015,0.1774112943528236,-0.10670049590589321,-0.27144120247568526,0.01421596893860762,0.15622957751893285,0.056425633337177566,-0.5598508438088649,-0.6169223080767309,-0.03460577403605889,0.003605889363010802,-0.12539115057855688,0.14285165109752815,-0.43100757313650867,-0.4397032253104217,-0.44197901049475263,-0.32432245415753663,-0.0793449429131588,0.2726867335562988,-0.5368008303540538,-0.5449044708415023,-0.5481797562757083,-0.564633068081344,-0.3427055702917772,-0.32114711874831814,-0.5349786645138969,-0.46312997347480106,-0.385099757813401,-0.5367470111098297,-0.6051974012993503,-0.32205435743666627,-0.6377811094452773,-0.6229193095759813
#102,0.2929227693845385,0.2027524699188867,-0.11761042555645254,0.13966093876138855,0.001314727251758736,-0.08233575519932342,0.3001499250374813,0.13819244224041824,-0.0606004689962711,0.26071579594817973,0.26204590012685963,0.24481605351170568,0.15782108945527237,-0.15948179756275707,0.5823703532848961,1.0,-0.03838849805866298,-0.3164648445008265,0.5311267443201476,0.6465536462537962,0.25032868181293966,0.7009725906277631,-0.199108138238573,0.2465844001076385,-0.03591281282435705,0.36562487986775843,-0.5383077691923269,-0.4820051512705186,0.1151424287856072,0.29492176988428864,-0.45286587475493023,-0.23086918079421828,-0.6006842732479913,-0.20239111213623956,-0.0011148272017837235,0.30154922538730633,0.32948141313958407,0.23945719447968322,-0.40693499404144085,0.06368354284396263,0.17062238111713374,0.37905662553338715,0.24152539115057856,0.28277399761657634,-0.22240418252412256,0.1440356744704571,-0.5001883673547841,-0.5826548264329374,-0.38816745473417136,-0.09374543497482028,-0.6113943028485758,-0.23439818552262331,-0.16980740399031255,0.35028639526390654,0.2601776035059393,0.4998346980355976,-0.3293583977242148,0.4583169953484796,-0.35336946911159806,-0.18189366855034023,-0.507230999884673,-0.5072617537385153,0.29771268212047824,0.5672471456579402,-0.204220966439857,-0.19412601391611886,0.2339906969592127,-0.021327797639641717,0.350586245338869,0.16858493830008073,-0.10320993349479107,0.09217698842886249,0.02739399531003729,-0.11284357821089455,0.06605927805328105,-0.2711029100834198,-0.3254834121400838,-0.37415138584553875,0.20842655595279283,0.38722946219198096,-0.01477722677122977,-0.11680313689309192,0.1291200553569369,0.0143928035982009,-0.07977549686695114,-0.46207665398070197,-0.4451389689770499,-0.19352631376619384,0.07102602544881405,-0.31991696459462576,-0.04621535386153077,-0.24367816091954023,-0.13587821473878445,-0.2346980355975858,-0.10464767616191904,-0.07340176065813248,0.23847307115672933,-0.5963095375389228,-0.5390919924653058,-0.597816476377196,-0.48644139468727177,-0.43431361242455696,-0.1741436973820782,-0.5994618075577596,-0.5992234651904816,-0.46395263906508283,-0.522877023026948,-0.5313112674432015,-0.38249336870026523,-0.5113750816899243,-0.47686925767885285
#201,0.3441740668127475,0.21317802637142966,0.6378964363971861,0.4675508399646331,0.44436243416753163,0.2482758620689655,0.14978664513896897,0.07426286856571714,-0.13853073463268367,0.36599392611386616,0.24114865644101027,0.32158536116557107,0.29109291508092106,0.08985507246376812,-0.1333410217967939,-0.03838849805866298,1.0,0.372982739399531,-0.032791296659362625,-0.054318994348979355,-0.19268058278553032,-0.15755199323415214,0.07634644216353362,0.00636604774535809,-0.09665167416291855,-0.17415907430899935,-0.051566524430092645,0.13747741513858455,0.20169146196132703,-0.250213354861031,-0.15105524160996425,0.11169799715526851,0.04043362933917657,-0.1424979817783416,-0.10044977511244378,-0.22681736055049398,-0.18155537615807482,-0.2926382962364971,-0.0016299542536424095,-0.25237381309345325,-0.009995002498750625,-0.2800292161611502,-0.23641256294929458,-0.026494445085149733,-0.08111328950909161,-0.11295890516280321,0.03234536577864914,0.030623149963479798,0.2002998500749625,0.06743551301272441,0.10820743474416637,0.20974897166801215,0.07251758736016607,0.2976281090224119,-0.3638872871256679,-0.13683158420789604,-0.24300157613500942,-0.2206512128551109,0.06362972359973859,-0.12711336639372622,-0.15727520854957136,-0.164340906469842,-0.23738130934532733,0.1387229462191981,0.1726136931534233,0.190612386114635,0.2386114634990197,0.017222158151693385,0.30773843847307114,0.4194518125552608,0.5093530157997924,0.13672394571944796,-0.03653557836466382,0.19091223618959752,-0.24952908161303963,0.03548225887056472,-0.13576288778687579,0.08514204436243417,-0.06223042324991351,-0.15478414638834428,-0.06812747472417638,0.07543920347518548,-0.007826855802867797,-0.3004113327951409,-0.04250951447353246,-0.2055510706185369,-0.08139776265713297,-0.0808749471418137,-0.07300964902164303,-0.1061238611463499,-0.07101833698535348,-0.07758428478068657,0.05392688271248991,-0.09480644293237997,-0.04575404605389613,0.5651251297428209,0.05167416291854073,0.39837773420981815,0.1251451197478184,0.22707876830815363,0.2905085918579172,0.4086110790758467,-0.14327451658785992,0.1774728020605082,0.07606965747895283,0.2395417675777496,0.15713681620728098,-0.16283396763156882,-0.24193287971398916,-0.17106062353438664,-0.08721792949679007
