,#10,#11,#12,#13,#17,#18,#26,#49,#50,#51,#52,#53,#54,#58,#101,#102,#201,#202,#301,#302,#401,#402,#501,#502,#601,#602,#701,#702,#801,#802,#901,#902,#1001,#1002,#1101,#1102,#1201,#1202,#1301,#1302,#1401,#1402,#1501,#1502,#1601,#1602,#1701,#1702,#1801,#1802,#1901,#1902,#2001,#2002,#2101,#2102,#2201,#2202,#2301,#2302,#2401,#2402,#2501,#2502,#2601,#2602,#2701,#2702,#2801,#2802,#2901,#2902,#3001,#3002,#3101,#3102,#3201,#3202,#3301,#3302,#3401,#3402,#3455,#3501,#3502,#3601,#3602,#3701,#3702,#3801,#3802,#3901,#3902,#4001,#4002,#4101,#4102,#4201,#4202,#4301,#4302,#4401,#4402,#4501,#4502,#4601,#4602,#4701,#4702,#4801,#4802
#10,1.0,0.43480299361655295,0.48998239049086506,0.3748778340303764,0.525280651551838,0.42437156064274706,0.3577900066035659,0.592359674224081,0.4048712304644508,0.5597292537970504,0.5304490424829408,0.2772309046885318,0.04528725511776359,0.17207792207792208,-0.46467092229804097,-0.4243979749064495,0.5354061193044244,0.40004842615012104,-0.4193550517279331,-0.27272947391591457,-0.07078802553378824,-0.2769557561082985,-0.07797490644948273,-0.1965199207572089,0.17686770856262382,-0.11537090028615453,-0.21045784723750827,0.014116222760290557,-0.1009553158705701,0.11340303764032578,0.3319788685890381,0.21646489104116223,0.32403037640325777,0.08000220118864186,0.15903367818622055,0.05370680167290337,0.06059652212194585,0.02462029495927801,-0.03262821923838873,0.14397314549856924,-0.11347787805414924,-0.14126788465771517,-0.09762491745542592,-0.05843715606427471,-0.04606207351970064,0.2109883337001981,-0.029018269865727492,0.1862491745542593,-0.05940788025533788,-0.00715166189742461,0.22869689632401496,-0.053002421307506056,0.32595641646489104,0.11409421087387189,0.182458727712965,0.06441778560422629,-0.16000220118864186,-0.08877393792648029,-0.09771296500110059,-0.04176975566806075,0.18889720449042482,0.14527845036319612,0.018659476117103235,0.1026502311248074,-0.15530266343825666,0.05243671582654633,0.19298921417565484,0.19291217257318952,0.02766453885097953,0.10202289236187541,0.27383887299141535,0.2812106537530266,-0.14384107418005723,0.011683909311027954,-0.1905877173673784,0.003845476557340964,0.03605326876513317,0.08517939687431213,-0.05861325115562404,0.06477437816420867,-0.3686682808716707,0.23613471274488224,-0.17331939247193484,0.08420867268324896,0.2615034118423949,0.03059652212194585,0.04526964560862866,-0.041371340523882895,0.0824455205811138,-0.04564825005502972,0.2760972925379705,0.10344706141316311,0.31033237948492187,-0.24985692273827867,-0.16239269205370901,0.4248338102575391,0.2540744001760951,0.4514461809377064,0.31940567906669604,0.46088487783403037,0.36903367818622057,0.31746643187321155,0.07594761171032358,0.433185119964781,0.427211093990755,0.39775698877393795,0.35608628659476116,0.23511776359233985,0.14159806295399516,-0.3160092449922958,-0.32754347347567686
#11,0.43480299361655295,1.0,0.18793968743121287,0.1755888179616993,0.24145058331499009,0.20410301562843935,0.22821483601144618,0.12688972044904248,0.05949372661237068,0.42360334580673564,0.343713405238829,0.048886198547215494,0.04149240589918556,0.08861985472154964,-0.35503411842394894,-0.14469073299581775,0.1788003521901827,0.20520581113801453,-0.24105657054809598,0.0476931543033238,0.07829627999119525,-0.06069337442218798,-0.06627999119524543,0.07822804314329738,0.15322694254897645,0.06804534448602245,-0.10322694254897645,0.011109399075500771,-0.09033678186220559,-0.04776359233986353,0.23386968963240148,0.19623156504512437,0.06797710763812459,-0.08252036099493727,-0.058806955756108295,-0.05831388950033018,-0.15498789346246974,-0.17226502311248074,0.07458507594100815,0.12298261060972926,-0.09336561743341404,-0.20009465111160027,-0.08135373101474797,-0.14108958837772398,0.0025357693154303322,0.18267224301122606,-0.062086726832489544,0.11773717807616113,0.20862645828747522,0.20917235307065815,0.1660576711424169,0.11215496368038741,0.2386418666079683,0.21804094210873873,0.06227823024433194,0.052652432313449266,0.009311027955095752,-0.03520581113801453,0.02808056350429232,-0.03753686990975127,0.09642747083425049,0.13453885097952895,0.012945190402817521,-0.13394453004622497,-0.04392471934844816,-0.05225841954655514,0.01819062293638565,0.08116883116883117,-0.04599163548316091,-0.13823024433193926,0.13742460928901606,-0.015137574290116662,-0.3473673783843275,-0.03499889940567907,-0.24902047105436936,-0.010849658815760511,-0.04195905789126128,0.0001672903367818622,-0.053273167510455646,0.10312348668280871,-0.22935064935064936,0.09824785384107418,-0.09641866607968302,-0.07541272287034999,-0.018322694254897645,-0.036471494607087825,-0.04277790006603566,-0.06101474796390051,-0.1433546114902047,0.017076821483601144,-0.014695135373101475,-0.08035879374862426,0.09516178736517719,-0.15168390931102796,-0.1027294739159146,0.25088047545674663,0.08445960818842174,0.13048646268985253,0.26376183138895004,0.18351749944970283,0.27822364076601364,0.13792207792207792,-0.047173673783843274,0.18248734316530926,0.19878934624697336,0.08765793528505393,0.16050847457627118,0.15118203830068236,-0.09407219898745323,-0.13835571208452566,-0.17430552498349108
#12,0.48998239049086506,0.18793968743121287,1.0,0.6345102355271847,0.4248778340303764,0.5974003962139556,0.34159145938806956,0.3983755227823024,0.18677305745102354,0.5185824345146379,0.3359211974466212,0.2922143957737178,0.35579132731675106,0.01401716927140656,-0.4205679066696016,-0.33401056570548093,0.7636099493726612,0.6906559542152763,-0.3798745322474136,-0.16454545454545455,-0.16790887079022673,-0.1934338542813119,0.1500132071318512,0.10106757649130531,0.1561038961038961,0.09191283292978208,-0.06356812678846577,0.016902927580893682,-0.06742681047765793,0.22804974686330617,0.3411688311688312,0.31753907109839313,0.5116751045564605,0.22808276469293418,-0.025934404578472375,-0.06210873871890821,-0.030633942328857584,-0.1126172132951794,-0.196682808716707,-0.05332379484921858,-0.13657495047325555,-0.20408100374202068,0.01347127448822364,0.0006911732335461149,-0.2160774818401937,0.24943429451904028,-0.07925159586176535,0.12256438476777459,-0.09383887299141537,-0.12622496147919876,0.27253576931543033,0.040140876073079465,0.4443451463790447,0.16873211534228483,0.09937926480299361,0.006341624477217697,-0.1323728813559322,-0.17861104996698218,-0.3389544353951134,-0.31779440898084965,0.038269865727492844,-0.00020250935505172792,-0.12094210873871891,-0.129966982170372,0.0388928021131411,0.27316530926700416,-0.08045784723750825,0.13476777459828307,-0.10497248514197667,-0.15162447721769756,0.26563284173453666,0.3627536869909751,-0.19240810037420206,-0.019559762271626677,-0.10365617433414044,0.002650231124807396,-0.09677966101694915,-0.038038740920096854,-0.10889500330178296,0.19181157825225623,-0.1150891481399956,0.3471582654633502,0.14270085846357033,0.13842835130970724,0.23254897644728154,-0.029269205370900286,-0.025241030156284393,0.163152102135153,-0.015874972485141976,0.09581774158045345,0.09318732115342285,0.017906669601584855,0.29780761611270085,-0.2757076821483601,-0.09258859784283513,0.6481554039181158,0.26091789566365836,0.573695795729694,0.585097952894563,0.47563504292317854,0.5250561303103676,0.6112898965441338,0.42327977107638126,0.6124235086946951,0.61458727712965,0.47402377283733216,0.46311468192824123,0.14101694915254237,0.06037640325775919,-0.2548910411622276,-0.27957296940347787
#13,0.3748778340303764,0.1755888179616993,0.6345102355271847,1.0,0.39647809817301344,0.5722518159806296,0.07463570327977108,0.20287255117763592,0.029093110279550957,0.46847897864847016,0.2667554479418886,0.25540171692714064,0.2426634382566586,0.0872176975566806,-0.19635703279771077,-0.12816420867268324,0.554173453664979,0.43006823684789786,-0.09450143077261722,-0.0688267664538851,-0.09809377063614352,-0.04429231785163989,-0.044637904468412946,0.0840215716486903,0.2970217917675545,0.01985692273827867,-0.038102575390710984,-0.08570988333700198,-0.0486616773057451,0.13588377723970943,0.17915474356152322,0.13107638124587276,0.46508254457407,0.17430992736077483,0.12602685450143078,-0.031846797270526084,0.17721329517939688,0.017580893682588597,-0.15827646929341846,-0.07934844816200748,-0.022214395773717806,-0.08646709222980409,-0.08711424169051288,-0.11544353951133612,-0.1616420867268325,0.136616773057451,-0.05709663218137794,0.09952014087607308,-0.19205370900286153,-0.2277591899625798,0.08096852300242131,-0.05950033017829628,0.17166629980189302,-0.039251595861765354,0.07799471714725952,-0.13338102575390712,-0.1494254897644728,-0.28387849438696894,-0.2162557781201849,-0.28852080123266566,0.11228483381025754,0.07893022232005283,0.10172353070658155,0.09071758749724851,0.08861765353290776,0.18295399515738497,0.010193704600484261,0.14062513757429013,-0.04456086286594761,-0.14432533568126787,-0.011963460268545015,0.2587409200968523,-0.257805414924059,-0.2655161787365177,-0.11563724411182039,-0.19260620735197007,-0.030836451683909312,-0.08601584855822143,0.0051067576491305305,0.07390050627338762,-0.12060532687651332,0.24473035439137134,0.017149460708782743,0.03804314329738059,0.1086748844375963,0.06467972705260841,0.10711864406779661,-0.026484701738939027,0.061897424609289015,-0.024547655734096414,0.05246753246753247,0.043409641206251376,0.08819722650231125,-0.002124147039401277,0.11930442438917015,0.26034558661677304,0.22072198987453226,0.35667400396213955,0.4483381025753907,0.2584701738939027,0.2677701959057891,0.4095003301782963,0.20811798371120405,0.3973629760070438,0.43180717587497247,0.3504820603125688,0.338465771516619,0.16359894342945192,0.08352850539291218,-0.09842394893242351,-0.11513097072419107
#17,0.525280651551838,0.24145058331499009,0.4248778340303764,0.39647809817301344,1.0,0.4316112700858464,0.37058991855602025,0.3795839753466872,0.32193264362755886,0.4194342945190403,0.4005987233105877,0.6694078802553379,0.4006999779881136,0.2710345586616773,-0.25278010125467754,-0.4772903367818622,0.4085846357032798,0.1464142637023993,-0.3338696896324015,-0.2986880915694475,-0.2418071758749725,-0.47262601804974685,-0.33000440237728373,-0.27286374642306843,-0.10816640986132511,-0.23393132291437377,-0.26691393352410303,-0.08637023992956196,0.009416685009905348,0.2839555359894343,0.16381465991635483,0.21229143737618314,0.14943869689632402,0.03419106317411402,0.39134932863746424,0.263977547875853,0.17964120625137575,0.05602245212414704,-0.09714285714285714,0.12209993396434074,0.04626678406339423,0.04387409200968523,0.14488223640766013,0.047327756988773936,0.16170592119744662,0.20011446180937706,0.20931102795509576,0.2840545894783183,-0.16590799031476997,-0.07726612370680168,0.23036979969183358,-0.015811138014527847,0.10355051727933084,-0.16026634382566585,-0.10827426810477658,-0.09549416685009905,-0.19147259520140877,-0.06345586616773058,0.0031454985692273827,0.1159520140876073,0.13021351529826106,0.12135373101474796,0.15042703059652213,0.14052828527404798,-0.1188465771516619,0.0663548316090689,0.27928901606867707,0.22747743781642088,-0.15853841074180058,-0.11846577151661897,0.017765793528505394,0.0438961038961039,-0.2650429231785164,0.17117543473475677,-0.15517939687431212,-0.1598151001540832,-0.1776139115122166,-0.23608848778340305,0.03525643847677746,0.01209553158705701,-0.024265903587937485,0.5179837112040502,-0.10460048426150122,0.22932203389830508,0.48290997138454766,0.19353070658155405,0.17975346687211094,-0.0773959938366718,0.23720669161347127,0.2550231124807396,0.3913955535989434,0.16953554919656613,0.39950693374422186,-0.05926920537090029,-0.0011754347347567686,0.130264142637024,-0.09786484701738939,0.40594320933303984,0.2261567246313009,0.4977151661897425,0.2680343385428131,0.3318071758749725,0.05555580013207132,0.521138014527845,0.40672683248954433,0.3144441998679287,0.15392031697116443,0.08914373761831389,0.16811138014527846,-0.3189390270746203,-0.23931983270966323
#18,0.42437156064274706,0.20410301562843935,0.5974003962139556,0.5722518159806296,0.4316112700858464,1.0,0.27747743781642087,0.3343429451904028,0.024389170151882016,0.4934932863746423,0.1942042703059652,0.3174950473255558,0.4061104996698217,0.13307285934404578,-0.2933061853400836,-0.29257979308826765,0.5839885538190623,0.5340545894783183,-0.1838630860664759,-0.06285494166850099,-0.2614175654853621,-0.08557561082984812,0.04403918115782523,0.23279991195245434,0.16764472815320272,0.2594453004622496,0.045161787365177196,-0.062137354171252476,-0.23959498128989654,0.2941866607968303,0.48460268545014307,0.139240589918556,0.5073453664979088,0.11370239929561964,-0.0016883116883116883,-0.13084305524983492,0.01523662777900066,0.05702399295619635,-0.08470394012766894,0.029352850539291216,0.045443539511336124,-0.24038740920096852,0.15764472815320274,0.14727272727272728,-0.0849570768214836,0.3021461589258199,0.10959938366718028,0.10311908430552498,-0.26229143737618316,-0.23333700198106977,0.059605987233105874,-0.13184239489324234,0.33616552938586836,0.00791767554479419,0.07952894563064054,0.09060752806515518,-0.1810279550957517,-0.12867048206031256,-0.3765111160026414,-0.1441866607968303,0.048498789346246976,0.024976887519260402,-0.07098393132291438,-0.17084085406119304,0.02027294739159146,0.09085846357032798,0.0463152102135153,0.3178208232445521,-0.060052828527404796,-0.12714285714285714,0.3205679066696016,0.12065595421527625,-0.014752366277790007,-0.21550077041602464,0.05039401276689412,-0.16531587057010785,-0.1714109619194365,-0.1341470394012767,-0.009918556020250935,0.3225181598062954,-0.12045124367158265,0.3438740920096852,-0.02304204270305965,0.05300682368478979,0.23318511996478097,-0.10634382566585956,-0.06805414924058992,0.08041162227602905,0.11687211093990756,0.1497556680607528,0.10667620515078143,0.019535549196566145,0.2385758309487123,-0.3732225401716927,-0.3108188421747744,0.35198106977767996,0.25177635923398634,0.4650781421967863,0.3727668941228263,0.3996522121945851,0.29267884657715165,0.7093638564825006,0.18453885097952893,0.5983953334800792,0.5929826106097292,0.5405833149900946,0.44181818181818183,0.056634382566585956,0.12386748844375962,-0.4026084085406119,-0.5014065595421527
#26,0.3577900066035659,0.22821483601144618,0.34159145938806956,0.07463570327977108,0.37058991855602025,0.27747743781642087,1.0,0.19657715166189743,0.45389830508474577,0.3753510895883777,0.5234426590358794,0.12438476777459828,0.2512502751485802,0.2852410301562844,-0.0711864406779661,-0.19240149680827648,0.31368919216376845,0.3253995157384988,-0.48788025533788243,-0.07333920316971164,0.05143957737178076,-0.3048426150121065,0.005758309487123046,0.015927801012546774,0.008357913273167511,0.1282654633502091,-0.25106537530266343,-0.1646357032797711,-0.0038586836891921637,0.1497952894563064,0.2572573189522342,0.08941448382126348,0.11563944530046225,-0.027950693374422186,-0.01579572969403478,-0.017629319832709663,-0.20906889720449043,-0.023898305084745764,-0.031204050187101033,-0.04028835571208453,-0.07413383226942549,-0.2992890160686771,0.1385097952894563,-0.15466211754347348,0.15927140655954214,0.1612062513757429,-0.20283733215936606,0.002302443319392472,-0.04917675544794189,-0.07630640545894783,0.1956020250935505,0.1641668500990535,0.19296940347787805,0.0062557781201849,-0.09413823464670923,-0.032372881355932207,0.037270526084085404,0.12624697336561744,0.07870570107858244,-0.0012414703940127668,-0.02992956196346027,-0.12972705260840853,0.07123486682808716,0.1496103896103896,-0.1756152322254017,-0.12335461149020471,0.23052608408540612,0.357012987012987,0.19057451023552718,0.2555558001320713,0.35507814219678624,0.32972044904248293,0.08429672022892362,0.16183579132731676,0.10535329077701959,0.07685670261941448,-0.10151882016288796,0.09298701298701299,0.2944111820383007,0.12244772176975567,-0.2811996478098173,0.3394761171032358,0.08791767554479418,-0.08849218578032138,0.27816420867268327,-0.08531146819282412,-0.16711424169051287,0.11645168390931103,-0.015461149020471054,0.13888399735857362,0.09959498128989655,0.09272727272727273,0.30046445080343387,-0.1772573189522342,-0.3421439577371781,0.2639819502531367,-0.06530926700418226,0.29283072859344045,0.12589918556020252,0.25863306185340085,0.2662139555359894,0.26198106977767993,0.1885031917235307,0.36749944970283954,0.2580541492405899,0.13172353070658155,0.12273167510455646,-0.12815980629539953,-0.1471318511996478,-0.4629341844596082,-0.5218269865727493
#49,0.592359674224081,0.12688972044904248,0.3983755227823024,0.20287255117763592,0.3795839753466872,0.3343429451904028,0.19657715166189743,1.0,0.11823464670922298,0.40215056130310367,0.28341184239489325,0.2748117983711204,0.14525643847677747,0.029724851419766673,-0.2878780541492406,-0.35318071758749725,0.45797050407219897,0.23103015628439358,-0.13570107858243452,-0.27412942989214173,-0.16706801672903368,-0.13066916134712744,-0.15420867268324895,-0.1899075500770416,-0.1987541272287035,-0.04698657274928461,-0.05912392692053709,0.046121505613031036,-0.09913493286374642,0.19784723750825445,0.11096412062513758,-0.01466651992075721,0.243317191283293,-0.029991195245432534,0.13069557561082984,-0.00938366718027735,0.048062953995157386,-0.03497468633061854,-0.08721989874532247,0.056656394453004626,0.1161237068016729,-0.06358793748624257,-0.04680387409200969,0.01173893902707462,-0.02549636803874092,0.1291041162227603,0.18561743341404358,0.18329077701959057,-0.05767554479418886,0.028236847897864847,0.18197886858903808,-0.026315210213515298,0.2755051727933084,-0.015322474136033458,0.06443979749064495,0.04521021351529826,-0.2633678186220559,-0.047673343605546994,-0.2796852300242131,0.030360994937266125,0.09246092890160687,-0.07035219018269866,0.05018710103455866,0.1003169711644288,-0.03460708782742681,0.0486352630420427,0.11302663438256659,0.02192824125027515,5.943209333039841e-05,0.01986572749284614,0.15463790446841294,0.23879154743561523,0.0287211093990755,0.12574290116662998,-0.036383447061413166,-0.011417565485362095,0.0200462249614792,0.004089808496588157,-0.2568545014307726,-0.12915474356152323,-0.3286264582874752,0.014155844155844156,-0.0338366718027735,0.24065155183799253,0.2678912612810918,0.06381906229363857,0.04156504512436716,-0.1089060092449923,-0.06356812678846577,-0.1050957517059212,0.1842460928901607,0.014499229583975346,0.1827624917455426,-0.19468633061853402,-0.17412502751485803,0.17242350869469514,0.17406999779881135,0.3011182038300682,0.1675346687211094,0.33635483160906887,0.21540171692714066,0.17951573849878935,-0.05848558221439577,0.2923728813559322,0.1863086066475897,0.2945344486022452,0.1753995157384988,0.07093110279550957,0.08884877834030376,-0.3433524103015628,-0.21131410961919436
#50,0.4048712304644508,0.05949372661237068,0.18677305745102354,0.029093110279550957,0.32193264362755886,0.024389170151882016,0.45389830508474577,0.11823464670922298,1.0,0.1215232225401717,0.3778846577151662,0.21809597182478538,0.016363636363636365,0.2913779440898085,-0.01685230024213075,-0.21087827426810477,0.19105657054809597,0.18500110059432093,-0.37234426590358793,-0.37099713845476556,0.009445300462249616,-0.4013515298261061,-0.09165969623596742,-0.1434602685450143,0.10044904248294079,-0.19060972925379704,-0.42956196346026854,-0.21498569227382786,-0.11998899405679067,-0.12551837992515957,0.14331939247193484,0.06657495047325555,0.10850759410081444,0.16462029495927802,0.14693594541052168,-0.06725071538630861,0.03126788465771516,-0.06702839533348008,-0.08079022672243011,-0.007444419986792868,-0.10551397754787585,-0.13704380365397315,-0.16016949152542373,-0.325610829848118,-0.1285362095531587,-0.06114241690512877,-0.2750759410081444,-0.037382786704820606,-0.2042262821923839,-0.1907065815540392,0.04392912172573189,0.09383006823684789,-0.09656834690732996,-0.0024058991855602026,0.029561963460268546,-0.04826766453885098,0.11026194144838213,0.011650891481399956,0.12915474356152323,-0.09645168390931103,0.2856702619414484,0.12417345366497909,0.24006163328197228,0.23991195245432534,-0.39900946511116003,-0.0487541272287035,0.450858463570328,0.4047941888619855,0.29074840413823466,0.3137068016729034,0.28118423948932425,0.1613779440898085,0.1400198106977768,0.11270746202949593,0.08817301342725072,0.11926260180497468,0.18327536869909752,0.18775038520801232,0.24782082324455207,-0.22925379705040722,-0.1318534008364517,0.2817279330838653,0.0709355051727933,0.16102575390710985,0.229438696896324,0.21119744662117543,0.13384107418005722,6.383447061413163e-05,0.01898965441338323,0.17924499229583976,-0.02288795949812899,0.23030156284393571,0.07815980629539952,-0.01438036539731455,0.16145498569227382,0.23020250935505174,0.005208012326656394,0.05332159366057671,-0.08773937926480299,0.015606427470834251,0.12329958177415805,0.160528285274048,0.160462249614792,0.10602025093550517,0.08600704380365397,0.017477437816420867,0.20739379264802993,0.16009685230024212,0.023728813559322035,0.028828967642526966,-0.021584855822143957
#51,0.5597292537970504,0.42360334580673564,0.5185824345146379,0.46847897864847016,0.4194342945190403,0.4934932863746423,0.3753510895883777,0.40215056130310367,0.1215232225401717,1.0,0.46329738058551617,0.20576271186440678,0.2816046665199208,0.18152542372881356,-0.3335042923178516,-0.3409443099273608,0.5060158485582215,0.3433568126788466,-0.2439291217257319,0.012782302443319392,-0.0437640325775919,-0.22121725731895223,-0.07405238828967642,-0.02549636803874092,-0.06914813999559763,0.006629980189302223,-0.15616112700858464,-0.16442659035879376,-0.12190182698657274,0.13573849878934624,0.24050407219898745,0.0212722870349989,0.305379705040722,0.04660796830288356,0.02099933964340744,-0.01933083865287255,-0.024169051287695354,0.03570768214836011,-0.11345806735637244,-0.005027514858023332,0.16556680607528065,-0.2506977767994717,0.12642306845696677,0.003929121725731895,-0.05317411402157165,0.4320845256438477,-0.132161567246313,-0.10329958177415804,-0.029139335241030156,-0.1097490644948272,0.15174774378164207,-0.1480893682588598,0.2898040942108739,-0.051067576491305305,-0.022623816861104998,-0.13306185340083646,-0.005265243231344926,0.011690512876953555,-0.03762491745542593,-0.052969403477878055,0.15654413383226942,0.04709663218137795,0.021490204710543692,0.08816200748404138,-0.011314109619194365,-0.03730794629099714,0.002971604666519921,0.14623816861104996,0.01639225181598063,0.08077041602465332,0.21629099713845476,0.09014968082764693,-0.028463570327977108,-0.008054149240589918,0.02192163768434955,-0.0007329958177415805,0.027816420867268325,0.005663658375522782,-0.17306625577812018,0.16228263262161569,-0.18644287915474356,0.1897226502311248,-0.16238828967642527,0.08379484921857804,0.27388069557561084,-0.0499867928681488,-0.14125027514858024,0.0662029495927801,0.06824345146379045,0.07722870349988994,0.1901584855822144,0.04449922958397535,0.2321021351529826,-0.28633722209993395,-0.1833876293198327,0.2889412282632622,0.10593440457847238,0.340807836231565,0.24170372000880475,0.3065595421527625,0.20411402157164868,0.24647589698437156,0.12740039621395555,0.3884965881576051,0.2961699317631521,0.29792648029936164,0.11737178076161127,0.20649790887079023,0.03651331719128329,-0.2897292537970504,-0.34362976007043805
#52,0.5304490424829408,0.343713405238829,0.3359211974466212,0.2667554479418886,0.4005987233105877,0.1942042703059652,0.5234426590358794,0.28341184239489325,0.3778846577151662,0.46329738058551617,1.0,0.15927801012546774,0.09756988773937926,0.24248073959938365,-0.247772397094431,-0.11954435395113361,0.42049306625577815,0.17467532467532468,-0.4360180497468633,-0.15086066475896984,-0.06447061413163108,-0.2926436275588818,-0.07535108958837772,-0.0949636803874092,0.15836671802773497,-0.059311027955095755,-0.14034338542813118,0.01571208452564385,0.06242130750605327,0.17233766233766235,0.1334008364516839,0.12149900946511116,0.08882016288795949,0.013495487563284173,-0.006786264582874752,-0.026018049746863305,-0.10617213295179397,-0.03005062733876293,-0.11569447501650891,0.009392471934844816,-0.1210147479639005,-0.15522562183579133,-0.27464891041162226,-0.21830728593440457,-0.02483381025753907,-0.056191943649570766,-0.04465771516618974,0.14793968743121286,-0.06217697556680608,-0.03832489544353951,0.147409200968523,-0.10403697996918336,0.10857803213735417,-0.029599383667180276,-0.025097952894563066,0.10070878274268105,-0.065016508914814,0.05106977767994717,-0.07008804754567466,-0.1266321813779441,0.017677745982830728,0.12879815100154082,0.20505833149900946,0.3002839533348008,-0.03288795949812899,-0.07537970504072199,0.11457847237508255,0.29346467092229805,0.07263262161567247,0.10232885758309487,0.04671142416905129,0.15578252256218358,-0.127145058331499,0.009550957517059212,-0.11162887959498129,0.09305965221219459,-0.05698877393792648,0.16689852520360995,0.09564164648910412,0.04296500110059432,-0.22817301342725071,0.25780101254677523,-0.04041382346467092,0.00636583755227823,0.14732775698877393,0.021208452564384767,0.055894783182918774,0.16532467532467532,0.25795509575170594,-0.04702179176755448,0.19276249174554258,0.02305745102355272,0.22721989874532247,-0.11530706581554039,-0.07939467312348668,0.3386374642306846,0.17941228263262163,0.35480079242791107,0.26998018930222323,0.30757649130530484,0.14842835130970725,0.1011071978868589,0.1641448382126348,0.2807175874972485,0.13093330398415143,0.180264142637024,0.019106317411402157,0.03601584855822144,-0.06178076161127009,-0.224455205811138,-0.17513977547875853
#53,0.2772309046885318,0.048886198547215494,0.2922143957737178,0.25540171692714064,0.6694078802553379,0.3174950473255558,0.12438476777459828,0.2748117983711204,0.21809597182478538,0.20576271186440678,0.15927801012546774,1.0,0.48239489324235085,0.4133281972265023,-0.20284393572529166,-0.6016971164428792,0.2671098393132291,-0.00040501871010345584,-0.33658815760510674,-0.3594915254237288,-0.17634162447721768,-0.5202795509575171,-0.11099933964340744,-0.15460268545014308,-0.11661677305745102,-0.15376623376623377,-0.2734008364516839,-0.2945344486022452,-0.02846797270526084,0.0600396213955536,0.050004402377283735,0.05988333700198107,0.04976227162667841,0.023286374642306845,0.32188421747743784,0.16069337442218798,0.1074686330618534,-0.11262601804974687,-0.028423948932423507,-0.13574510235527185,-0.017860444640105656,0.1038234646709223,0.1422077922077922,0.10436495707682149,0.16619414483821263,0.30612590799031475,0.1121351529826106,0.13224961479198769,-0.20415584415584415,-0.0700792427911072,0.13176975566806076,0.049282412502751484,-0.006913933524103016,-0.35497248514197666,-0.0963086066475897,-0.1956306405458948,0.05637904468412943,0.09557120845256438,0.04169051287695356,-0.0010543693594541052,0.3859432093330398,0.3327602905569007,0.19731895223420648,0.1522672243011226,-0.303728813559322,-0.14720449042482942,0.45213075060532687,0.2923772837332159,-0.23863086066475897,-0.11314990094651112,-0.10749284613691393,-0.06978208232445521,-0.21097072419106316,0.16235086946951355,-0.003761831388950033,-0.07513317191283293,0.09902487343165309,-0.08709883337001981,0.18194805194805194,-0.06655513977547876,0.22082764692934184,0.49012106537530264,0.0076821483601144614,0.4409377063614352,0.6741668500990535,0.33970504072198987,0.32827646929341847,-0.22348448162007484,0.18279110719788685,0.42416905128769533,0.3491041162227603,0.3861523222540172,0.5183843275368699,0.11848778340303764,0.08778340303764033,0.06687871450583315,-0.28136913933524105,0.17257979308826765,-0.01218578032137354,0.30968523002421305,0.03537970504072199,0.3095641646489104,-0.01700858463570328,0.43234866828087165,0.2273893902707462,0.19680827646929341,0.0734272507153863,0.3401826986572749,0.32074840413823463,-0.1895971824785384,-0.1225974025974026
#54,0.04528725511776359,0.04149240589918556,0.35579132731675106,0.2426634382566586,0.4006999779881136,0.4061104996698217,0.2512502751485802,0.14525643847677747,0.016363636363636365,0.2816046665199208,0.09756988773937926,0.48239489324235085,1.0,0.20977107638124587,-0.0017565485362095532,-0.2475544794188862,0.20787365177195685,0.2839489324235087,-0.3500022011886419,-0.0676997578692494,-0.08898084965881577,-0.30106317411402156,0.0764604886638785,0.06871890821043364,-0.3310499669821704,0.1409421087387189,-0.22979308826766454,-0.31563284173453665,0.07112920977327757,0.2018732115342285,-0.10615232225401718,-0.1466651992075721,0.04556240369799692,0.011989874532247414,-0.08223200528285274,-0.0825313669381466,-0.1290688972044904,-0.2064736957957297,-0.19992295839753466,-0.2562623816861105,-0.14548316090688973,-0.12413603345806735,0.44575830948712303,0.12128989654413383,0.21055249834910852,0.4184349548756328,-0.13338102575390712,-0.2102047105436936,-0.09128329297820824,-0.1467620515078142,-0.00937046004842615,-0.12589698437156063,-0.046134712744882234,-0.28328417345366497,-0.20041382346467093,-0.3165661457186881,0.06145058331499009,0.1828527404798591,-0.084851419766674,-0.06914373761831388,-0.02787585296059872,-0.002740479859123927,0.10196125907990315,-0.09201628879594981,-0.15033017829627998,-0.04962799911952454,0.1362953995157385,0.06355712084525644,-0.20795289456306407,-0.06412282632621616,0.13739159145938806,-0.04532467532467532,0.0463614351749945,0.17953554919656614,0.2107528065155184,-0.09894342945190403,0.00021791767554479418,-0.12574290116662998,0.11127448822364076,0.2491701518820163,0.22666519920757208,0.44160466651992075,0.24219238388729913,0.28864626898525203,0.4328571428571429,0.07973365617433414,0.02737178076161127,0.20020911292097732,0.05149680827646929,0.6103103675985032,0.2665639445300462,0.27813119084305526,0.39278010125467755,-0.023020030816640988,-0.11909751265683469,0.19565925599823905,-0.24998899405679068,0.023215936605767113,-0.1423464670922298,0.03973145498569228,0.042243011226062076,0.36042482940788023,0.2615276249174554,0.15712304644508035,0.10163328197226502,-0.06169491525423729,-0.026876513317191285,-0.00837112040501871,0.014076601364736959,-0.19097292537970503,-0.20042923178516397
#58,0.17207792207792208,0.08861985472154964,0.01401716927140656,0.0872176975566806,0.2710345586616773,0.13307285934404578,0.2852410301562844,0.029724851419766673,0.2913779440898085,0.18152542372881356,0.24248073959938365,0.4133281972265023,0.20977107638124587,1.0,0.1001122606207352,-0.18236187541272286,-0.0588201628879595,-0.060660356592559986,-0.4473365617433414,-0.008945630640545895,0.20800792427911072,-0.4080541492405899,0.0026656394453004623,0.2330244331939247,-0.09103896103896104,0.05520581113801453,-0.4725753907109839,-0.47655073739819503,-0.201567246313009,-0.09867928681488003,0.04954875632841735,-0.26794188861985474,-0.05031697116442879,0.009115122165969623,0.16230244331939248,-0.003830068236847898,-0.09085186000440237,-0.07279550957517059,0.10397314549856923,-0.29268324895443537,-0.2501694915254237,-0.12729033678186222,0.12391811578252256,-0.059933964340744,0.1407836231565045,0.13622055910191502,-0.23617433414043584,-0.2664142637023993,-0.09028175214615893,-0.09087827426810478,-0.12076601364736958,-0.06355712084525644,-0.28433634162447724,-0.24694475016508916,-0.249636803874092,-0.14036539731454986,0.32795289456306403,0.2586924939467312,0.21952894563064054,0.04444199867928682,0.37269865727492846,0.3112084525643848,0.36364957076821486,0.22614571868809158,-0.4362887959498129,-0.17011446180937706,0.6582830728593441,0.41714725952014087,0.25242791107197887,0.3816971164428792,0.07288575830948713,0.019854721549636804,0.1070922298040942,0.0952608408540612,0.3960906889720449,0.15367598503191723,0.33180497468633063,0.11065595421527626,0.4649438696896324,0.08011005943209333,-0.08887739379264803,0.3451221659696236,0.2676359233986353,0.10578252256218358,0.43153202729473916,0.06657715166189743,0.04881796169931763,0.16801232665639446,0.13469073299581774,0.24976007043803655,0.11474796390050628,0.34597182478538413,0.3212656834690733,-0.058335901386748844,0.03488883997358574,0.0059828307285934405,-0.08515518379925159,-0.12654193264362756,-0.2215760510675765,-0.014397974906449482,-0.08747083425049526,-0.03887519260400616,-0.013103675985031918,0.0036319612590799033,-0.005452344265903588,-0.1547677745982831,-0.1199405679066696,0.2718600044023773,0.35756548536209554,-0.16598943429451904,-0.24096412062513758
#101,-0.46467092229804097,-0.35503411842394894,-0.4205679066696016,-0.19635703279771077,-0.25278010125467754,-0.2933061853400836,-0.0711864406779661,-0.2878780541492406,-0.01685230024213075,-0.3335042923178516,-0.247772397094431,-0.20284393572529166,-0.0017565485362095532,0.1001122606207352,1.0,0.5353158705701079,-0.4470856262381686,-0.2617939687431213,0.43152762491745544,0.08347127448822364,0.07345586616773057,0.1419326436275589,0.0823992956196346,0.09593000220118864,-0.05144397974906449,0.07315210213515298,-0.028531807175874974,-0.2121813779440898,0.14992295839753467,-0.04552938586836892,-0.2964406779661017,-0.2841976667400396,-0.17390490865067137,0.03307946290997139,0.1154259300022012,0.05169051287695355,0.15679947171472594,0.005863966541932644,0.11331719128329298,-0.2288994056790667,0.17798811358133393,0.2550803433854281,0.3162601804974686,-0.1420845256438477,0.12647809817301342,-0.31753246753246755,-0.19718027734976887,-0.29472154963680386,-0.0006163328197226503,-0.09659696235967423,-0.37808716707021794,0.044675324675324674,-0.6180651551837992,-0.3443055249834911,-0.2788201628879595,-0.3206119304424389,-0.11167290336781863,0.00977327756988774,0.1545278450363196,0.20952894563064053,-0.08508254457407,-0.2502245212414704,0.3370636143517499,0.16193264362755888,0.025974025974025976,0.0827162667840634,0.08286814880035219,-0.11053268765133172,0.2889412282632622,0.14037640325775919,-0.13531807175874971,-0.11935945410521681,0.2373497688751926,-0.12911732335461149,0.2021549636803874,-0.2847787805414924,-0.033385428131190845,-0.21515738498789347,0.40018930222320054,0.06376843495487564,-0.0763020030816641,0.038705701078582434,0.080429231785164,-0.04220559101915034,-0.14241690512876953,-0.10336121505613032,0.045036319612590796,0.14722209993396435,0.011670702179176755,0.004921857803213735,-0.03396874312128549,-0.05468412942989214,-0.2810829848117984,0.11931763152102136,0.20979969183359015,-0.3527624917455426,-0.17213735417125248,-0.5748756328417345,-0.40015628439357254,-0.5863548316090689,-0.21142637023992955,-0.26915474356152325,0.07180717587497248,-0.5462447721769755,-0.27057230904688534,-0.5291239269205371,-0.21132951793968743,-0.26982390490865066,-0.2529275808936826,0.1743121285494167,0.2681245872771296
#102,-0.4243979749064495,-0.14469073299581775,-0.33401056570548093,-0.12816420867268324,-0.4772903367818622,-0.29257979308826765,-0.19240149680827648,-0.35318071758749725,-0.21087827426810477,-0.3409443099273608,-0.11954435395113361,-0.6016971164428792,-0.2475544794188862,-0.18236187541272286,0.5353158705701079,1.0,-0.3808342504952674,-0.18007484041382346,0.3579286814880035,0.36948932423508696,0.17825665859564166,0.5556548536209553,0.10904468412942989,0.2793682588597843,0.08182038300682369,0.1601386748844376,0.29821923838872993,0.175313669381466,0.1615034118423949,0.08824125027514858,-0.17716266784063395,-0.07608188421747744,-0.21322033898305084,-0.010827646929341845,-0.23399515738498788,-0.03261501210653753,-0.05733436055469954,0.053579132731675104,0.1518005723090469,0.041107197886858904,-0.02814439797490645,0.0475941008144398,-0.012165969623596742,-0.018184019370460047,0.03742020691173233,-0.43376183138895,0.038166409861325114,-0.07658155403918115,0.08699097512656835,0.021256878714505833,-0.2762337662337662,-0.06473915914593881,-0.3174268104776579,0.06177415804534449,-0.02477657935285054,-0.035247633722209994,-0.16208232445520582,-0.2770636143517499,-0.030387409200968524,-0.0766585956416465,-0.4733215936605767,-0.41527624917455425,0.20495927801012548,0.17959938366718028,0.28865947611710324,0.15112260620735196,-0.2904358353510896,-0.17901386748844375,0.1656834690732996,0.0733017829627999,-0.20156504512436715,-0.05464670922298041,0.055692273827867046,-0.2205591019150341,0.01150561303103676,-0.08523442659035879,-0.1770327977107638,-0.08614571868809157,0.08292317851639885,0.12771956856702618,0.014838212634822804,-0.20683248954435396,0.1075346687211094,-0.18529605987233105,-0.5634976887519261,-0.27271406559542155,-0.2530794629099714,0.07118203830068237,0.16709222980409422,-0.3003257759189963,-0.21357473035439137,-0.32076601364736956,-0.4354391371340524,0.060581113801452785,0.02425049526744442,-0.20518600044023771,0.2519656614571869,-0.35549416685009905,-0.15652212194585077,-0.40153422848338105,-0.1577988113581334,-0.3801188641866608,0.08280871670702179,-0.4669029275808937,-0.2423860884877834,-0.378399735857363,-0.20467312348668282,-0.46828307285934406,-0.33373981950253134,0.11329297820823245,0.24512656834690733
#201,0.5354061193044244,0.1788003521901827,0.7636099493726612,0.554173453664979,0.4085846357032798,0.5839885538190623,0.31368919216376845,0.45797050407219897,0.19105657054809597,0.5060158485582215,0.42049306625577815,0.2671098393132291,0.20787365177195685,-0.0588201628879595,-0.4470856262381686,-0.3808342504952674,1.0,0.6892934184459608,-0.26875632841734537,-0.28325115562403697,-0.2605260840854061,-0.13745102355271846,0.07052608408540612,-0.007739379264802994,0.36244772176975565,0.007785604226282192,0.026048866387849437,-0.010655954215276249,0.08259960378604446,0.27668280871670703,0.3807968302883557,0.2793616552938587,0.5808012326656394,0.12825445740699978,0.04975346687211094,-0.17600264142637023,0.08871890821043363,-0.05639005062733876,-0.25554699537750386,-0.024089808496588157,0.08443539511336122,-0.15481399955976227,-0.21922077922077923,-0.038327096632181375,-0.2723486682808717,0.11296940347787805,-0.018633061853400835,0.25819722650231125,-0.195841954655514,-0.22605987233105876,0.20053709002861544,-0.07616993176315211,0.4286220559101915,0.06432753686990975,0.22038080563504292,0.20573849878934625,-0.30895003301782964,-0.2324653312788906,-0.41861325115562403,-0.35489324235086944,0.047270526084085406,0.037360774818401936,-0.20867928681488004,-0.012593000220118864,0.08182038300682369,0.2174224081003742,-0.12324235086946951,0.19700418225841954,0.08084745762711865,-0.10861325115562404,0.3729187761391151,0.4416927140655954,-0.1804996698217037,-0.12972044904248295,-0.22545234426590358,-0.07130970724191063,-0.1625511776359234,0.0068765133171912836,-0.08588377723970944,0.15670261941448382,-0.2831543033237949,0.2320911292097733,-0.07501430772617214,0.13459608188421748,0.22637244111820384,0.04153863086066476,0.048815760510675765,0.05578032137354171,0.033460268545014306,0.02309707241910632,-0.012324455205811139,-0.043438256658595645,0.25088047545674663,-0.2143099273607748,-0.051631080783623155,0.6449658815760511,0.2823244552058111,0.6286836891921638,0.5350407219898745,0.5192339863526304,0.33256878714505833,0.6551331719128329,0.22056790666960158,0.5510587717367378,0.531303103675985,0.5916288795949813,0.4099031476997579,0.06590358793748624,0.06409861325115562,-0.2309421087387189,-0.24068236847897864
