,#10,#11,#12,#13,#17,#18,#26,#49,#50,#51,#52,#53,#54,#58,#101,#102,#201,#202,#301,#302,#401,#402,#501,#502,#601,#602,#701,#702,#801,#802,#901,#902,#1001,#1002,#1101,#1102,#1201,#1202,#1301,#1302,#1401,#1402,#1501,#1502,#1601,#1602,#1701,#1702,#1801,#1802,#1901,#1902,#2001,#2002,#2101,#2102,#2201,#2202,#2301,#2302,#2401,#2402,#2501,#2502,#2601,#2602,#2701,#2702,#2801,#2802,#2901,#2902,#3001,#3002,#3101,#3102,#3201,#3202,#3301,#3302,#3401,#3402,#3455,#3501,#3502,#3601,#3602,#3701,#3702,#3801,#3802,#3901,#3902,#4001,#4002,#4101,#4102,#4201,#4202,#4301,#4302,#4401,#4402,#4501,#4502,#4601,#4602,#4701,#4702,#4801,#4802
#10,1.0,0.495214615892582,0.4068831168831169,0.6726194144838212,0.16348228043143298,0.5040457847237508,0.2344486022452124,0.6081399955976227,-0.1300066035659256,0.45215496368038743,0.5670592119744662,0.39716046665199206,0.3944243891701519,-0.18773057451023553,-0.2503874092009685,-0.24857362976007044,0.4601452784503632,0.3041712524763372,0.003255558001320713,-0.10691613471274489,-0.32321593660576714,-0.17471714725952014,-0.26203169711644286,-0.27468633061853404,-0.29673123486682806,-0.2350693374422188,0.08048646268985252,-0.08086726832489545,0.34207572088928023,0.18611710323574732,0.3616574950473256,0.0924719348448162,0.5194563064054589,0.033409641206251374,0.1023332599603786,0.013656174334140436,0.09213955535989435,-0.18785163988553819,0.11329077701959057,0.023869689632401495,-0.14312788906009244,-0.1348250055029716,0.2540391811578252,0.011111600264142638,-0.018441558441558443,0.07966321813779441,0.4397952894563064,0.31841514417785605,0.0002531366938146599,0.022207792207792208,0.5037574290116663,0.5463438256658596,0.4064670922298041,0.16841294298921416,-0.12071758749724851,0.022590799031476996,-0.557310147479639,-0.4621439577371781,-0.2422077922077922,-0.04553378824565265,-0.02051287695355492,-0.2368567026194145,-0.28070217917675544,-0.3305326876513317,0.4261699317631521,0.011928241250275149,-0.4235659255998239,-0.4987255117763592,-0.11064714946070878,0.05620515078142197,-0.06121505613031037,0.1462227602905569,-0.22768434954875633,-0.2125841954655514,-0.13230024213075062,-0.2560378604446401,-0.30421527624917455,-0.39187981510015407,-0.4336825885978428,0.11888839973585737,0.14459608188421746,0.3725841954655514,0.07694254897644728,-0.059621395553598945,-0.07784723750825445,0.038716707021791766,-0.20892802113141096,0.46364957076821484,0.14232445520581113,-0.029073299581774157,-0.06727933083865287,-0.43587717367378387,-0.2755051727933084,0.00917015188201629,-0.23734756768655074,-0.048283072859344044,-0.07562623816861105,0.25354831609068895,0.3552608408540612,0.527970504072199,0.43777459828307286,0.40918556020250935,0.340132071318512,0.5070327977107638,0.40517939687431215,0.4697050407219899,0.5336011446180938,-0.1693682588597843,-0.3609355051727933,-0.20860664758969844,-0.2881488003521902
#11,0.495214615892582,1.0,0.28701078582434514,0.32169051287695355,-0.030592119744662118,0.1408518600044024,0.4121835791327317,0.3411930442438917,-0.010367598503191723,0.3861831388950033,0.4173057451023553,-0.14381245872771298,0.12900726392251816,-0.24710323574730356,-0.3349240589918556,0.09165969623596742,0.383086066475897,0.35725511776359237,-0.010490865067136253,0.1198613251155624,-0.3249394673123487,-0.04112920977327757,-0.040418225841954654,0.07556680607528066,-0.006676205150781422,0.0748448162007484,-0.11699757869249394,-0.03168390931102796,-0.031146819282412502,-0.2407241910631741,0.41792648029936164,0.08710543693594541,0.3709156944750165,0.05003081664098613,-0.29745762711864404,-0.14569887739379264,0.0004622496147919877,-0.10337442218798151,-0.02656174334140436,0.16048646268985253,-0.27041822584195463,-0.32863966541932643,0.03686550737398195,0.03512656834690733,-0.005084745762711864,0.30803433854281315,-0.026414263702399295,-0.008822364076601365,-0.11669601584855822,-0.07322474136033458,0.2563944530046225,0.25742460928901606,0.22537530266343825,0.1419920757208893,-0.19016949152542373,0.16681488003521902,-0.40142637023992955,-0.11061193044243892,-0.18985252036099493,0.16678626458287477,-0.06346026854501431,-0.03452124147039401,-0.3973233546114902,-0.3814417785604226,0.24322033898305084,0.08600704380365397,-0.14964560862865947,-0.2346885318071759,-0.03458287475236628,0.13927801012546775,0.19149460708782742,0.2927823024433194,-0.17441338322694255,-0.2025049526744442,-0.010737398195025314,0.06166850099053489,-0.15781862205591018,-0.1306405458947832,-0.2608826766453885,0.34859784283513096,-0.19396654193264362,-0.07912392692053709,0.0763086066475897,-0.10119524543253357,-0.1350693374422188,0.024554259300022013,-0.05702399295619635,0.06466431873211534,-0.2936385648250055,-0.27022232005282854,-0.19955976227162667,-0.2565331278890601,-0.23703499889940569,0.05199867928681488,-0.025177195685670263,0.23718908210433634,0.28210873871890824,0.30474136033458066,0.18291217257318954,0.23651111600264144,0.37817301342725074,0.39309487123046444,0.1608364516839093,0.10473475676865507,0.09285053929121725,0.20907990314769975,0.24394012766894121,-0.22450583314990094,-0.046374642306845695,-0.09293638564825006,-0.1212326656394453
#12,0.4068831168831169,0.28701078582434514,1.0,0.6445784723750826,0.01714505833149901,0.4967114241690513,0.3918203830068237,0.3461963460268545,-0.1955359894342945,0.3486242570988334,0.3553686990975127,0.38162887959498126,0.34007484041382346,-0.4066233766233766,-0.24415144177856044,-0.20617213295179396,0.6951441778560422,0.7329561963460268,-0.19575610829848117,-0.2794430992736078,-0.3281135813339203,-0.10080123266563945,-0.1493616552938587,-0.31086946951353733,-0.19604446401056572,-0.461419766674004,0.3185296059872331,-0.10793968743121285,0.28784063394232884,0.13279330838652872,0.5980585516178737,0.20173453664979088,0.6962249614791988,0.08068236847897865,0.005771516618974246,-0.005045124367158265,0.11432753686990975,-0.1935329077701959,0.20847677745982832,0.14581994276909532,-0.37955535989434297,-0.14336341624477217,0.24861104996698216,-0.24503852080123267,0.04007043803653973,-0.14526084085406119,0.31900946511116,0.2524125027514858,-0.06077481840193705,-0.057679947171472595,0.5618600044023773,0.5081928241250275,0.6423530706581554,0.46182478538410743,-0.09081664098613251,0.2740479859123927,-0.4307395993836672,-0.4203764032577592,0.06025753907109839,0.1283843275368699,0.07807836231565045,0.015747303543913713,-0.5671076381245873,-0.5481311908430553,0.4352036099493727,0.2075676865507374,-0.5518269865727493,-0.600081443979749,-0.3069623596742241,-0.1871252476337222,0.11380585516178736,0.2152278230244332,-0.17406339423288575,-0.130429231785164,-0.4746379044684129,-0.27466211754347347,-0.42486242570988336,-0.15746643187321152,-0.16651771956856704,-0.1714043583535109,0.17035439137134054,0.5391811578252256,0.30355051727933086,0.1227294739159146,-0.08955535989434295,0.05604226282192384,-0.0711204050187101,0.47606207351970065,-0.11343825665859564,-0.20845256438476778,-0.15383887299141535,-0.3197974906449483,-0.24469293418445962,0.06111380145278451,-0.10467312348668281,0.40784723750825447,-0.20575390710983932,0.5302751485802333,0.6006207351970064,0.4079881135813339,0.7352278230244332,0.7132753686990975,0.6503940127668941,0.7491547435615232,0.6000264142637024,0.5402883557120846,0.6899163548316091,-0.19075720889280212,0.0003742020691173234,-0.19042042703059653,-0.09332599603786045
#13,0.6726194144838212,0.32169051287695355,0.6445784723750826,1.0,0.09279110719788686,0.5203697996918336,0.1913845476557341,0.39569667620515075,-0.29221219458507597,0.4718511996478098,0.3911820383006824,0.4860466651992076,0.3164010565705481,-0.1866519920757209,-0.15593660576711424,-0.2629297820823245,0.5475434734756769,0.3789654413383227,0.010565705480959718,-0.19862645828747524,-0.26106537530266344,-0.12799911952454326,-0.2795993836671803,-0.4490248734316531,-0.2658221439577372,-0.5116288795949813,0.2872397094430993,-0.0633744221879815,0.39270085846357033,0.36493506493506495,0.39040061633281975,0.20261281091789565,0.5747721769755668,0.18196125907990315,0.22868368919216378,0.08217257318952234,0.28732775698877394,-0.11099933964340744,0.30074620294959276,0.08652212194585077,-0.10964780981730134,0.04903147699757869,0.3865221219458508,-0.011877613911512217,0.1668016729033678,-0.008309487123046445,0.41162667840633943,0.26622716266784063,-0.082392692053709,-0.012903367818622056,0.5473145498569227,0.5459123926920537,0.5313471274488224,0.25779440898084965,-0.0175676865507374,0.08553158705701079,-0.45010345586616773,-0.36228483381025756,-0.10153863086066475,-0.042117543473475676,-0.016403257759189962,-0.25968523002421307,-0.22830728593440458,-0.2649350649350649,0.3974136033458067,0.14727492846136914,-0.35757869249394675,-0.572128549416685,-0.24067796610169492,-0.05665419326436275,-0.14094651111600265,0.045610829848117984,-0.2762579793088268,-0.20620735197006385,-0.2992604006163328,-0.2404138234646709,-0.4091371340523883,-0.2562931983270966,-0.3965947611710324,-0.19910851860004403,0.2962315650451244,0.503629760070438,0.12759189962579792,0.00035219018269865726,-0.15885538190622936,-0.14195025313669382,-0.29295839753466874,0.5370305965221219,0.12801232665639445,0.020955315870570108,-0.047442218798151005,-0.37029275808936823,-0.23089808496588157,-0.05309927360774818,-0.18692493946731234,0.0028021131410961918,-0.2733370019810698,0.24392031697116442,0.41770856262381684,0.5290468853180718,0.6243583535108959,0.4655513977547876,0.5244023772837332,0.63475236627779,0.5284745762711864,0.4854765573409641,0.6454699537750386,-0.21207351970063834,-0.12090028615452345,-0.08783403037640326,-0.1375346687211094
#17,0.16348228043143298,-0.030592119744662118,0.01714505833149901,0.09279110719788686,1.0,0.5105811138014528,0.0839225181598063,0.09389390270746203,0.12407880255337883,-0.2070349988994057,-0.1881069777679947,0.3283094871230464,0.259735857362976,-0.07945190402817522,-0.31022011886418666,-0.34045124367158264,-0.1853907109839313,0.23063614351749945,-0.17058331499009466,0.03401716927140656,-0.433629760070438,-0.2246687211093991,-0.38269865727492847,-0.2906537530266344,-0.37556680607528065,-0.0865529385868369,-0.3275214615892582,-0.18915034118423948,0.20832929782082324,-0.02432093330398415,0.32583094871230467,0.19705480959718247,0.2890226722430112,0.04810697776799472,0.19075720889280212,0.05708562623816861,0.09082764692934185,0.022663438256658595,-0.17226282192383888,0.17959057891261282,0.20810697776799472,0.3125511776359234,0.23980409421087387,0.1686484701738939,-0.057426810477657936,0.038527404798591236,0.06566145718688092,0.05792427911071979,-0.11497248514197667,-0.022366277790006602,0.11885318071758749,0.1239159145938807,-0.0387871450583315,-0.0249438696896324,-0.40396213955535987,-0.1200924499229584,-0.19891041162227602,-0.08977767994717148,-0.09904028175214616,0.2928703499889941,0.046764252696456086,0.0376007043803654,0.12357473035439137,0.05491965661457187,-0.06955095751705921,0.1372903367818622,0.2624191063174114,-0.04632621615672463,-0.2092692053709003,0.016484701738939025,-0.036176535329077705,-0.20953334800792428,-0.12913933524103016,-0.20001540832049305,-0.13480079242791107,-0.2118335901386749,-0.1532621615672463,-0.08932863746423068,0.07187761391151222,0.01904688531807176,0.2786154523442659,0.31659035879374864,-0.05840193704600484,0.3060180497468633,0.3724829407880255,0.06823244552058111,-0.0087475236627779,0.18377283733215938,0.3370548095971825,0.44773277569887737,0.565214615892582,0.026211754347347568,0.13951353731014748,0.0461171032357473,0.09266123706801672,-0.36662337662337663,-0.07709002861545235,-0.17299801893022232,0.12975126568346906,0.09507373981950253,0.2228681488003522,0.17690292758089368,0.09679727052608408,0.09879594981289896,0.1135857362976007,-0.022791107197886858,0.14581994276909532,-0.014155844155844156,0.033535108958837774,0.06234866828087167,0.12089588377723971
#18,0.5040457847237508,0.1408518600044024,0.4967114241690513,0.5203697996918336,0.5105811138014528,1.0,0.23662337662337662,0.3079771076381246,0.0007594100814439798,0.19802113141096192,0.23589038080563504,0.46672683248954433,0.6464538850979529,-0.27520801232665637,-0.16412942989214174,-0.2811160026414264,0.29350869469513535,0.4496302003081664,-0.05261501210653753,-0.09508254457406999,-0.2682522562183579,-0.216781862205591,-0.3306647589698437,-0.48645168390931104,-0.3964979088707902,-0.3861567246313009,0.00800132071318512,-0.18531587057010787,0.5217059211974466,0.29957957296940346,0.5704270305965221,0.2229980189302223,0.604983491085186,-0.12630420427030598,0.30689852520360994,0.0876865507373982,0.16505172793308387,-0.15429451904028174,0.06659916354831609,0.04405018710103456,-0.05979088707902267,0.1096434074400176,0.41873651771956855,-0.03401496808276469,0.12128769535549197,-0.1000264142637024,0.26209333039841515,0.1849372661237068,-0.08199207572088928,-0.10163988553819062,0.4135263042042703,0.36029055690072637,0.38061413163108077,0.1846467092229804,-0.1987805414924059,-0.040400616332819723,-0.4319612590799031,-0.41984591679506933,-0.08708342504952675,0.013112480739599384,0.059322033898305086,-0.12047985912392692,-0.18627999119524544,-0.1916090688972045,0.15429011666299802,0.2312590799031477,-0.18886198547215496,-0.5603808056350429,-0.17106977767994716,0.1063812458727713,-0.03580233325996038,0.01558661677305745,-0.2328681488003522,-0.2567840633942329,-0.4176425269645609,-0.46935505172793307,-0.36365617433414044,-0.2624411182038301,-0.1332093330398415,-0.13354831609068898,0.4239467312348668,0.5652938586836892,-0.036607968302883556,0.07696235967422409,0.04745102355271847,-0.010173893902707462,-0.12486022452124147,0.5765023112480739,0.2874994497028395,0.22645828747523664,0.128201628879595,-0.31674224081003743,-0.18435395113361214,-0.10190622936385649,-0.12608408540611932,-0.13502751485802333,-0.3443627558881796,0.0749636803874092,0.2911027955095752,0.37575610829848116,0.526106097292538,0.4626502311248074,0.25952894563064055,0.4165859564164649,0.35443319392471934,0.34738058551617873,0.47008144397974905,-0.07807395993836672,-0.05409861325115562,-0.07554259300022012,-0.0772903367818622
#26,0.2344486022452124,0.4121835791327317,0.3918203830068237,0.1913845476557341,0.0839225181598063,0.23662337662337662,1.0,0.29782962799911955,0.13627779000660356,0.4038322694254898,0.3768104776579353,0.14270526084085405,0.463845476557341,-0.0726832489544354,-0.4744684129429892,-0.05498789346246973,0.2456680607528065,0.3635989434294519,-0.15651111600264142,0.10980849658815761,-0.3836253576931543,-0.13645608628659475,-0.1111996478098173,-0.02475676865507374,-0.02512656834690733,-0.15444199867928682,0.157838432753687,-0.07514637904468413,0.08419766674003962,-0.08402597402597403,0.3658375522782302,0.19874312128549418,0.28275368699097514,0.08548316090688972,-0.027717367378384327,-0.2081488003521902,0.08637244111820383,-0.11656834690732996,0.15124147039401276,0.19083425049526745,-0.3126392251815981,-0.28935064935064936,0.09309267004182259,-0.04569447501650892,0.10534888839973586,0.20214395773717808,-0.15561082984811797,-0.05445080343385428,-0.006817081223860885,-0.11573409641206252,0.27431653092670044,0.1895311468192824,0.3542350869469513,0.1815628439357253,-0.10102575390710984,0.03526304204270306,-0.21508694695135372,-0.11508694695135373,0.22389830508474576,0.22740699977988113,0.04575610829848118,0.14887519260400617,-0.47324235086946953,-0.43531587057010784,0.25725511776359233,0.2397622716266784,-0.3159255998239049,-0.28746423068456967,-0.3016200748404138,-0.021043363416244774,0.08122165969623597,0.20862645828747522,-0.17902927580893682,-0.13455646048866388,-0.14985912392692052,-0.03457627118644068,-0.20112920977327756,-0.13189962579793088,-0.14278010125467752,0.24603345806735638,-0.056070878274268106,0.13214836011446182,0.16987893462469733,-0.03837992515958618,0.15683248954435394,0.1622804314329738,0.22821703720008804,0.22073079462909972,-0.16105877173673783,-0.11325555800132071,-0.06360334580673564,-0.07328637464230685,0.02721549636803874,0.11599603786044464,0.08605326876513317,0.17231124807395995,0.04590138674884438,0.1714373761831389,0.07736737838432754,0.04049526744441999,0.25354831609068895,0.3120140876073079,0.2657362976007044,0.15359454105216816,0.025668060752806515,0.010143077261721329,0.07634162447721769,-0.08583094871230465,0.09322033898305085,0.013904908650671363,0.05111600264142637
#49,0.6081399955976227,0.3411930442438917,0.3461963460268545,0.39569667620515075,0.09389390270746203,0.3079771076381246,0.29782962799911955,1.0,0.05949812898965441,0.4433281972265023,0.6569997798811358,0.44492626018049747,0.44289896544133833,-0.14020250935505174,-0.20573189522342064,-0.3966585956416465,0.43008144397974907,0.18932643627558882,-0.13307065815540392,-0.3340281752146159,-0.2512722870349989,-0.2886022452124147,0.033053048646268984,-0.05945190402817521,-0.009779881135813339,0.004580673563724411,0.28781421967862647,0.03574950473255558,0.3350693374422188,0.10783623156504513,0.31026194144838215,0.1162557781201849,0.3787211093990755,-0.07291657495047325,0.10584415584415584,-0.04800352190182699,0.09801893022232006,-0.4066233766233766,0.28376843495487564,-0.008743121285494166,-0.11456966762051508,-0.12609509134932864,0.2953444860224521,-0.05877613911512217,0.16454545454545455,0.09657495047325555,0.33560642747083425,0.24037200088047544,0.020145278450363197,0.009942769095311468,0.22233766233766233,0.3948492185780321,0.2731961259079903,0.22697336561743342,0.11069997798811358,0.03751926040061633,-0.4086748844375963,-0.5806185340083645,-0.08150781421967862,0.03414483821263482,0.058203830068236845,-0.09176535329077702,-0.2578648470173894,-0.2985340083645168,0.4771208452564385,0.13403257759189963,-0.32328637464230686,-0.4541536429672023,-0.29741800572309046,-0.18173233546114903,-0.14129650011005943,-0.08813779440898085,-0.22008804754567465,-0.212854941668501,-0.2663086066475897,-0.2696235967422408,-0.27671362535769317,-0.36953775038520803,-0.20200968523002422,-0.03659916354831609,0.19072419106317412,0.4083733215936606,0.26956856702619414,0.21442438917015189,0.03950033017829628,0.12307726172132952,-0.2579440898084966,0.49208232445520583,0.06638124587277129,0.006880915694475016,-0.06516618974246093,-0.33784723750825446,-0.13382786704820604,-0.14596302003081665,-0.34426590358793746,0.12877173673783843,-0.017999119524543254,0.37085406119304426,0.39182918776139114,0.4001430772617213,0.30582654633502093,0.4047325555800132,0.30292537970504074,0.4051683909311028,0.46701738939027077,0.3407373981950253,0.42042482940788023,-0.013792648029936166,-0.2856372441118204,-0.3680761611270086,-0.41987233105877175
#50,-0.1300066035659256,-0.010367598503191723,-0.1955359894342945,-0.29221219458507597,0.12407880255337883,0.0007594100814439798,0.13627779000660356,0.05949812898965441,1.0,-0.1779352850539291,-0.09337001981069777,0.029399075500770415,0.15492626018049746,0.014527845036319613,0.08772837332159367,-0.1271846797270526,-0.03060972925379705,-0.020539291217257317,-0.1201716927140656,-0.037578692493946735,-0.15052168170812238,-0.36018710103455864,0.10819722650231124,0.18583755227823023,0.10470394012766894,0.31227823024433193,-0.33552058111380145,-0.26239709443099274,-0.15029495927801012,-0.33679066696015847,-0.06869029275808937,-0.2528065155183799,-0.29792648029936164,-0.07777019590578912,-0.24434074400176095,-0.2795905789126128,-0.21638564825005502,-0.16050407219898746,0.06025753907109839,0.10075060532687652,-0.06549856922738279,-0.09944530046224961,-0.07465991635483162,-0.05219678626458287,-0.023532907770195906,0.03357913273167511,-0.21478318291877613,-0.20192383887299142,-0.30643187321153426,-0.15828527404798592,-0.3383381025753907,-0.15523882896764252,-0.20072198987453224,-0.08834030376403258,-0.10098613251155623,-0.041243671582654635,-0.10208672683248954,-0.033742020691173234,0.21198106977767994,0.1213251155624037,0.04149460708782743,0.1895663658375523,0.11071978868589039,0.13569667620515077,-0.23252036099493725,-0.016257979308826765,0.33549636803874094,0.22513757429011666,0.08540171692714066,0.04907329958177416,0.14128329297820824,0.03494607087827427,0.10244992295839754,-0.05213295179396874,-0.17089368258859786,-0.10643187321153423,0.04521241470394013,-0.06457406999779881,0.11427911071978869,0.06985031917235307,0.23048426150121065,-0.03531366938146599,0.0890578912612811,0.047356372441118205,0.21883997358573629,0.2642857142857143,0.08825005502971604,-0.05731675104556461,-0.014571868809156945,0.11810257539071098,0.19941228263262162,0.037090028615452346,0.1097952894563064,0.042256218357913274,0.22515958617653534,-0.009828307285934404,0.10038740920096852,-0.00411402157164869,-0.03385208012326656,-0.2918423948932424,-0.20149240589918557,-0.0685560202509355,-0.30547435615232227,-0.26490865067136254,-0.19049966982170372,-0.2878780541492406,-0.2601716927140656,0.02813119084305525,0.08868589038080564,0.1381950253136694,0.11635263042042703
#51,0.45215496368038743,0.3861831388950033,0.3486242570988334,0.4718511996478098,-0.2070349988994057,0.19802113141096192,0.4038322694254898,0.4433281972265023,-0.1779352850539291,1.0,0.7453092670041822,0.30349108518600043,0.3538740920096852,0.09314549856922738,-0.29265463350209114,-0.1097952894563064,0.5473805855161787,0.07881135813339203,-0.06805855161787365,-0.01832489544353951,-0.09972485141976667,-0.16990534888839973,-0.04088047545674664,-0.11307065815540392,0.010464450803433854,-0.21937046004842614,0.4172265023112481,0.21216156724631302,0.272557781201849,0.18485362095531588,0.2113185119964781,0.09546555139775478,0.2662139555359894,-0.14861765353290776,0.14068016729033678,-0.06926920537090028,0.06013647369579573,-0.3500198106977768,0.12970283953334802,-0.3336187541272287,-0.09568126788465771,-0.2312128549416685,0.31532907770195906,-0.22919216376843496,0.2047919876733436,0.14644508034338544,0.16705040721989875,0.05177635923398635,0.06145058331499009,-0.021760950913493286,0.3798481179837112,0.29314329738058553,0.45115122165969623,0.08022672243011227,0.0908562623816861,-0.1701056570548096,-0.12113141096191944,-0.2115232225401717,0.08668721109399076,-0.09819062293638565,0.08287255117763592,-0.009795289456306406,-0.18844816200748404,-0.2372903367818622,0.3202553378824565,0.23677745982830728,-0.3409597182478538,-0.3222099933964341,-0.29580673563724413,-0.06297160466651992,-0.2577591899625798,0.007061413163108078,-0.39086726832489543,-0.2462293638564825,-0.04797490644948272,-0.014248294078802553,-0.1918247853841074,-0.19872331058771736,-0.3347919876733436,-0.04111600264142637,-0.019964780981730133,0.21648250055029716,0.2094188861985472,-0.055657054809597185,-0.11013647369579573,0.05954435395113361,-0.0489456306405459,0.3929672022892362,0.005344486022452124,-0.0896500110059432,-0.15953995157384987,0.02780761611270086,-0.13242791107197888,0.039134932863746426,-0.05513757429011666,0.20228263262161567,-0.06771516618974247,0.12768875192604007,0.0878516398855382,0.1113383226942549,0.17153202729473915,0.2966784063394233,0.2734426590358794,0.2152740479859124,0.24474356152322255,0.07782302443319393,0.318729914153643,-0.018925819942769095,0.058749724851419764,-0.06576491305304864,0.021377944089808497
#52,0.5670592119744662,0.4173057451023553,0.3553686990975127,0.3911820383006824,-0.1881069777679947,0.23589038080563504,0.3768104776579353,0.6569997798811358,-0.09337001981069777,0.7453092670041822,1.0,0.20227602905569006,0.4115804534448602,-0.06677745982830728,-0.2964670922298041,-0.23988333700198106,0.5173255558001321,0.16143297380585517,-0.16156504512436715,-0.11523882896764252,-0.13517059211974466,-0.2132621615672463,-0.008069557561082985,0.02405679066696016,0.03499889940567907,-0.11942108738718908,0.4496302003081664,0.18141536429672023,0.24815980629539952,0.08313229143737619,0.259141536429672,0.10707021791767554,0.33817521461589256,-0.14207131851199647,0.0042130750605326875,-0.062788906009245,-0.01436715826546335,-0.4721109399075501,0.20698657274928461,-0.14322474136033458,-0.2332379484921858,-0.30964780981730133,0.2804556460488664,-0.14867048206031258,0.1866585956416465,0.27142637023992955,0.2998151001540832,0.13613471274488223,0.1684371560642747,0.11508254457407,0.3248117983711204,0.4411930442438917,0.4909817301342725,0.3218930222320053,0.15100594320933303,0.05921197446621176,-0.14449262601804974,-0.27488223640766013,-0.07930002201188642,-0.017895663658375523,0.057451023552718465,-0.07838652872551177,-0.41656174334140433,-0.4205546995377504,0.5059300022011887,0.2024323134492626,-0.5024169051287696,-0.487541272287035,-0.3597468633061853,-0.18782082324455207,-0.19963460268545014,-0.021521021351529827,-0.34860224521241473,-0.18784283513097072,-0.040440237728373324,0.007173673783843275,-0.16954435395113363,-0.19482060312568786,-0.33765793528505395,-0.047167070217917675,0.030088047545674665,0.20165309267004183,0.12220999339643407,-0.06033678186220559,-0.08100374202069117,0.08648910411622276,-0.05027734976887519,0.4077261721329518,-0.0024345146379044684,-0.12283733215936606,-0.22491525423728814,-0.2150627338762932,-0.27210653753026637,0.007946290997138455,-0.15770195905789125,0.2327756988773938,0.013878494386968964,0.26747743781642086,0.24256218357913273,0.24315650451243673,0.21885538190622936,0.32104996698217036,0.26271406559542154,0.34598943429451906,0.36004402377283734,0.277079022672243,0.412293638564825,-0.04209553158705701,-0.11173673783843276,-0.18025313669381465,-0.1787805414924059
#53,0.39716046665199206,-0.14381245872771298,0.38162887959498126,0.4860466651992076,0.3283094871230464,0.46672683248954433,0.14270526084085405,0.44492626018049747,0.029399075500770415,0.30349108518600043,0.20227602905569006,1.0,0.49205370900286155,0.06114241690512877,-0.055049526744441996,-0.35280651551837994,0.3258969843715606,0.19265243231344925,-0.0861435174994497,-0.28564604886638784,-0.25475236627779,-0.2435923398635263,-0.23642967202289236,-0.34335901386748846,-0.2186352630420427,-0.33564384767774597,0.1310213515298261,-0.1027955095751706,0.5139203169711645,0.3200726392251816,0.2832203389830508,0.05858463570327977,0.3317873651771957,-0.02557561082984812,0.4243209333039841,0.0034668721109399076,0.20940347787805416,-0.2294937266123707,0.19829848117983712,-0.06330618534008364,0.07586396654193264,0.1463152102135153,0.45084085406119306,-0.14138895003301782,0.06296500110059432,-0.2784239489324235,0.27776139115122167,0.21963460268545015,-0.1496103896103896,-0.08318952234206471,0.22699097512656835,0.26041162227602904,0.1704226282192384,-0.0035130970724191065,-0.12063834470614132,-0.3259630200308166,-0.435148580233326,-0.5799119524543254,0.2063086066475897,0.08095971824785383,0.3197534668721109,0.14138895003301782,0.04841074180057231,0.013929121725731896,0.20057671142416905,0.11478098173013428,-0.22009465111160026,-0.41742681047765795,-0.18153863086066477,-0.05528945630640546,-0.18333700198106978,-0.12812458727712964,-0.17482060312568787,-0.09387189082104336,-0.43105877173673784,-0.3521417565485362,-0.31861985472154963,-0.28544133832269425,-0.07174774378164209,-0.16238828967642527,0.4558925819942769,0.6871384547655734,0.2605877173673784,0.3338630860664759,0.14875852960598723,0.24333039841514417,-0.1403830068236848,0.6396302003081664,0.3326942548976447,0.20305965221219457,0.2058991855602025,-0.18443319392471935,0.09799031476997579,-0.04110499669821704,-0.13655734096412062,-0.07755668060752806,-0.24112260620735196,0.09871670702179176,0.3498745322474136,0.1484965881576051,0.25943869689632404,0.328597842835131,0.2949614791987673,0.4688465771516619,0.479570768214836,0.20661677305745102,0.36166409861325116,0.18917455425930002,-0.15603565925599824,-0.06058991855602025,-0.09659035879374862
#54,0.3944243891701519,0.12900726392251816,0.34007484041382346,0.3164010565705481,0.259735857362976,0.6464538850979529,0.463845476557341,0.44289896544133833,0.15492626018049746,0.3538740920096852,0.4115804534448602,0.49205370900286155,1.0,0.018401937046004842,-0.29275148580233323,-0.3390248734316531,0.2880167290336782,0.2604226282192384,-0.1199141536429672,-0.11782962799911953,-0.2687541272287035,-0.2768412942989214,-0.15138674884437597,-0.27589478318291877,-0.0835659255998239,-0.23571868809156946,0.09621835791327317,-0.1812194585075941,0.43071318511996476,0.21017829627999118,0.5186550737398194,0.1454853620955316,0.39055690072639226,-0.1907065815540392,0.2767180277349769,-0.08853180717587497,0.09289896544133833,-0.3451683909311028,0.14366277790006604,-0.07993836671802773,-0.1659652212194585,-0.12497908870790227,0.3367422408100374,-0.16152322254017168,0.15584195465551398,-0.045828747523662776,0.16199427690953114,0.0634074400176095,-0.1135130970724191,-0.2579198767334361,0.23430772617213294,0.21142637023992955,0.2687827426810478,0.1351353731014748,-0.10002861545234426,-0.19827206691613472,-0.3365661457186881,-0.5001122606207352,0.14942328857583095,-0.013152102135152983,0.19281091789566365,-0.0041536429672022895,-0.2200396213955536,-0.1909619194364957,0.17128109178956635,0.16140655954215277,-0.20349548756328417,-0.44870570107858243,-0.1851221659696236,0.17354171252476336,-0.09448822364076602,0.07051507814219679,-0.23367598503191722,-0.26089368258859785,-0.32852080123266564,-0.38503631961259077,-0.1864208672683249,-0.21728813559322033,-0.08355712084525643,-0.0050539291217257315,0.29583094871230464,0.44626018049746863,0.23231565045124367,0.2386814880035219,0.22009465111160026,0.16694475016508914,0.06517939687431212,0.5196830288355712,0.15752366277790006,0.16808936825885978,0.019718247853841075,-0.10157605106757649,0.00437376183138895,0.033028835571208455,0.02112920977327757,-0.016224961479198767,-0.18541492405899185,0.13994276909531148,0.12942108738718908,0.10741140215716487,0.2006647589698437,0.3239357252916575,0.14513097072419107,0.21967862645828748,0.149537750385208,0.17292978208232446,0.2630332379484922,0.14060972925379706,-0.016218357913273168,-0.023394232885758308,-0.031131410961919438
#58,-0.18773057451023553,-0.24710323574730356,-0.4066233766233766,-0.1866519920757209,-0.07945190402817522,-0.27520801232665637,-0.0726832489544354,-0.14020250935505174,0.014527845036319613,0.09314549856922738,-0.06677745982830728,0.06114241690512877,0.018401937046004842,1.0,0.04677305745102355,-0.04663658375522782,-0.22121505613031037,-0.49582654633502093,0.25633061853400835,0.23556460488663877,0.0715364296720229,0.12769095311468193,-0.040975126568346905,0.05739819502531367,0.016493506493506494,0.12742681047765794,-0.019515738498789348,0.18116662998018931,-0.009887739379264803,0.08931983270966322,-0.4051529826106097,0.03686550737398195,-0.4058925819942769,-0.005546995377503852,0.3309487123046445,0.07705921197446622,0.13609289016068676,0.21390050627338764,-0.09177195685670261,-0.2416200748404138,0.33824125027514856,0.03332379484921858,0.17847897864847018,0.07622716266784063,0.14776359233986353,0.1207638124587277,0.05024873431653093,0.07817301342725072,0.2444309927360775,0.07028175214615892,-0.20540832049306626,-0.14374642306845697,-0.323365617433414,-0.22508034338542812,-0.11358133392031697,-0.5329363856482501,0.08248073959938367,0.10357032797710763,0.15448382126348228,0.0005524983491085186,0.023966541932643626,0.12577812018489984,0.38572529165749503,0.32448162007484044,-0.16891041162227602,0.08960158485582215,0.2320691173233546,0.32548095971824786,0.1990050627338763,0.23247413603345807,-0.23654853620955316,0.00852080123266564,-0.1821021351529826,-0.027004182258419548,0.35103896103896104,0.1860378604446401,-0.0024125027514858024,-0.16904248294078802,0.13364296720228924,0.22235747303543912,-0.19602025093550518,-0.2084965881576051,-0.14046445080343387,0.03382566585956417,0.05398855381906229,0.1474290116662998,0.016205150781421967,-0.23031917235307064,0.18858683689192163,0.04900726392251816,0.13272507153863086,0.35338542813119084,0.3818710103455866,-0.14000880475456748,-0.04895663658375523,-0.35915254237288136,0.10633942328857583,-0.2451551837992516,-0.19645608628659475,-0.24244111820383007,-0.37626458287475234,-0.4945674664318732,-0.12595421527624917,-0.23575170592119746,-0.2035857362976007,-0.31878934624697336,-0.366634382566586,0.2891547435615232,0.01277790006603566,-0.06956196346026855,-0.06631741140215716
#101,-0.2503874092009685,-0.3349240589918556,-0.24415144177856044,-0.15593660576711424,-0.31022011886418666,-0.16412942989214174,-0.4744684129429892,-0.20573189522342064,0.08772837332159367,-0.29265463350209114,-0.2964670922298041,-0.055049526744441996,-0.29275148580233323,0.04677305745102355,1.0,0.272987012987013,-0.1361831388950033,-0.30403918115782524,0.4857142857142857,-0.2588663878494387,0.48587717367378386,0.06397094430992736,0.25359674224081,0.013827867048206032,0.19489544353951133,0.14716266784063395,-0.08988333700198108,-0.07237508254457407,0.08233766233766233,0.1964869029275809,-0.476913933524103,-0.23672022892361874,-0.45952234206471493,-0.11303764032577591,0.16350429231785163,0.14261941448382126,0.08876513317191283,0.21145938806955755,0.23240810037420206,0.020510675764913052,0.17125687871450584,0.18591679506933745,-0.014459608188421747,0.10793748624257099,0.018483381025753906,-0.4011490204710544,-0.09369139335241031,-0.0739027074620295,-0.05774158045344486,0.0016134712744882236,-0.4508386528725512,-0.29359454105216815,-0.35121505613031034,-0.21439137134052388,0.3876007043803654,-0.08358353510895884,0.059661016949152545,-0.06923838872991415,-0.018159806295399514,-0.41141316310807835,-0.41119084305524983,-0.24723310587717368,0.39051727933083863,0.5023288575830949,-0.3108518600044024,-0.21513097072419107,0.14024213075060532,0.14967202289236187,0.6496566145718689,0.1620383006823685,0.05148580233325996,0.015813339203169713,0.23541052168170812,0.2491635483160907,-0.18606647589698438,-0.2443121285494167,-0.09807836231565045,-0.27195245432533566,0.4312392692053709,-0.09794188861985473,0.2376667400396214,-0.08150341184239489,-0.059718247853841076,-0.041182038300682365,-0.30714285714285716,-0.3709619194364957,-0.37337222099933964,-0.010675764913053049,0.11795949812898965,0.02003742020691173,-0.2681333920316971,-0.2925203609949373,-0.1296632181377944,-0.46607307946291,-0.3103037640325776,-0.06246973365617434,0.008983050847457628,-0.11825665859564165,-0.14678186220559103,-0.15725511776359233,-0.2916244772176976,-0.41136033458067356,-0.3311996478098173,-0.1985031917235307,-0.16773497688751926,-0.0312722870349989,-0.3039357252916575,-0.14524543253356811,0.00968302883557121,-0.14327096632181377,-0.2515826546335021
#102,-0.24857362976007044,0.09165969623596742,-0.20617213295179396,-0.2629297820823245,-0.34045124367158264,-0.2811160026414264,-0.05498789346246973,-0.3966585956416465,-0.1271846797270526,-0.1097952894563064,-0.23988333700198106,-0.35280651551837994,-0.3390248734316531,-0.04663658375522782,0.272987012987013,1.0,-0.10731675104556461,-0.02388069557561083,0.24534888839973587,0.27653973145498567,0.08062293638564826,0.4376975566806075,0.11527845036319613,0.27471494607087826,-0.002927580893682589,0.2101188641866608,-0.29824785384107416,-0.04550957517059212,-0.06828527404798591,-0.07068897204490425,-0.17389390270746202,-0.3271516618974246,-0.29623376623376624,-0.09930222320052828,-0.15941448382126347,-0.14486682808716708,-0.1406317411402157,0.2672573189522342,-0.29952674444199867,0.05681488003521902,0.025956416464891042,-0.1925643847677746,-0.4239885538190623,0.1817345366497909,-0.2816861104996698,-0.10555139775478758,-0.37870349988994056,-0.3466365837552278,-0.08054149240589918,0.06845476557340964,-0.24785604226282193,-0.4247127448822364,-0.29302003081664096,-0.20485802333259961,-0.16637684349548756,0.05432973805855162,0.05510675764913053,0.251122606207352,-0.0803367818622056,-0.3231322914373762,-0.15060972925379704,0.13252256218357913,-0.0015452344265903589,0.06836231565045124,0.010805635042923178,-0.11725291657495047,0.006707021791767555,0.16563724411182038,0.38064714946070877,0.29319392471934846,0.3714175654853621,0.4278758529605987,0.5048492185780321,0.4454083204930663,0.09289896544133833,0.22883777239709444,0.2775808936825886,0.16681488003521902,0.19851419766674003,0.30717367378384325,-0.16087607307946292,-0.532608408540612,-0.1934074400176095,-0.3933436055469954,-0.36273167510455645,-0.09942548976447281,0.15390050627338764,-0.23127008584635703,-0.20343165309267003,-0.44195465551397756,-0.4223640766013647,-0.01697556680607528,-0.21086286594761172,-0.0021791767554479417,0.0373167510455646,0.05322033898305085,0.16154083204930664,-0.22166409861325115,-0.20079462909971385,-0.2606515518379925,-0.20551397754787584,-0.26218798151001543,-0.37464670922298043,-0.3554589478318292,-0.2985362095531587,-0.3399449702839533,-0.45864847017389393,-0.06468192824125027,-0.023852080123266565,0.05092890160686771,0.0790710983931323
#201,0.4601452784503632,0.383086066475897,0.6951441778560422,0.5475434734756769,-0.1853907109839313,0.29350869469513535,0.2456680607528065,0.43008144397974907,-0.03060972925379705,0.5473805855161787,0.5173255558001321,0.3258969843715606,0.2880167290336782,-0.22121505613031037,-0.1361831388950033,-0.10731675104556461,1.0,0.5117543473475676,-0.14103896103896105,-0.3065727492846137,-0.32628439357252914,-0.22613691393352411,-0.032799911952454325,-0.0986484701738939,0.020116662998018932,-0.19804534448602246,0.22254237288135592,0.038498789346246974,0.20191283292978207,-0.07119524543253357,0.34536869909751267,-0.15132951793968744,0.37900946511116,0.0548910411622276,-0.21138454765573408,-0.3087079022672243,0.0212524763372221,-0.26299581774158043,0.19159366057671143,-0.010088047545674664,-0.3454919656614572,-0.398333700198107,0.20476117103235747,-0.40023332599603784,-0.05889720449042483,0.006704820603125688,0.3209531146819282,0.22041162227602906,-0.0986880915694475,0.0037970504072198986,0.48633722209993396,0.5654699537750385,0.4264825005502972,0.21822584195465553,-0.08049746863306186,0.13095751705921196,-0.4410345586616773,-0.4081289896544134,-0.11055249834910852,-0.019101915034118424,0.09132071318511996,-0.0004116222760290557,-0.4376117103235747,-0.40528945630640545,0.4147281532027295,0.07060972925379705,-0.5138872991415364,-0.5341602465331279,-0.15846577151661898,-0.047270526084085406,0.0835395113361215,0.28764032577591897,-0.12991635483160907,-0.11536209553158706,-0.31511116002641426,-0.1305524983491085,-0.2768787145058331,-0.11649130530486462,-0.1317587497248514,0.03996257979308827,0.15048206031256878,0.3651089588377724,0.35512436715826545,-0.06579793088267664,-0.28544574069997797,0.09602025093550517,-0.09349548756328417,0.43757649130530485,-0.2561941448382126,-0.29900946511116,-0.39911952454325333,-0.2822143957737178,-0.2562953995157385,0.11229804094210874,-0.07185119964780982,0.444719348448162,0.11784063394232885,0.5593374422187981,0.5523794849218578,0.4216200748404138,0.5696081884217478,0.5081465991635483,0.34216596962359674,0.5368985252036099,0.48748404138234647,0.4607792207792208,0.5038718908210433,-0.15849658815760512,-0.0009156944750165089,-0.1154259300022012,-0.0825115562403698
