,#10,#11,#12,#13,#17,#18,#26,#49,#50,#51,#52,#53,#54,#58,#101,#102,#201,#202,#301,#302,#401,#402,#501,#502,#601,#602,#701,#702,#801,#802,#901,#902,#1001,#1002,#1101,#1102,#1201,#1202,#1301,#1302,#1401,#1402,#1501,#1502,#1601,#1602,#1701,#1702,#1801,#1802,#1901,#1902,#2001,#2002,#2101,#2102,#2201,#2202,#2301,#2302,#2401,#2402,#2501,#2502,#2601,#2602,#2701,#2702,#2801,#2802,#2901,#2902,#3001,#3002,#3101,#3102,#3201,#3202,#3301,#3302,#3401,#3402,#3455,#3501,#3502,#3601,#3602,#3701,#3702,#3801,#3802,#3901,#3902,#4001,#4002,#4101,#4102,#4201,#4202,#4301,#4302,#4401,#4402,#4501,#4502,#4601,#4602,#4701,#4702,#4801,#4802
#10,1.0,0.3724697336561743,0.4776865507373982,0.33620735197006385,0.38696456086286596,0.49545234426590357,0.054193264362755886,0.14764252696456087,0.07015628439357253,0.2618269865727493,0.2962315650451244,0.3101694915254237,0.21237508254457407,0.21118203830068236,-0.19559982390490865,-0.04869249394673123,0.16956196346026856,0.38097072419106315,0.0010961919436495709,-0.1613647369579573,-0.13788685890380806,-0.05539071098393132,-0.17963240149680829,-0.0029672022892361875,-0.0660840854061193,-0.031714725952014085,0.18944309927360775,0.352722870349989,0.07270526084085406,0.07190182698657276,0.08642967202289237,0.2424983491085186,0.2624389170151882,-0.004323134492626018,-0.045357693154303325,0.020237728373321592,-0.1100462249614792,-0.01340083645168391,-0.13053709002861547,0.1549570768214836,-0.043088267664538854,0.09731014747963901,0.08743121285494167,0.05582214395773718,-0.19492185780321372,0.0627823024433194,0.1612788906009245,0.34553158705701076,0.09790666960158485,0.1824983491085186,0.17282632621615673,0.17960158485582214,0.16142857142857142,0.049482720669161345,-0.15869689632401496,-0.06433634162447721,-0.32272507153863084,-0.3018710103455866,-0.17464230684569668,-0.2016222760290557,-0.0424521241470394,-0.10614571868809157,-0.11387849438696897,0.11462909971384548,0.33304644508034337,0.1508893632453251,-0.049982390490865065,-0.016431873211534227,-0.32744001760950914,-0.2620228923618754,-0.20281532027294738,0.11554039181157826,-0.10191283292978208,0.08514417785604227,-0.15245652652432312,-0.2593814659916355,-0.3038036539731455,-0.2542703059652212,-0.08850539291217258,-0.07393792648029936,0.0386088487783403,0.02080563504292318,0.0412260620735197,-0.06431873211534228,-0.11364736957957297,0.007970504072198988,-0.028133392031697117,-0.05780321373541712,-0.0612788906009245,-0.12191063174114021,0.036407660136473695,-0.11594541052168171,0.07582874752366278,-0.08433193924719348,-0.19764472815320272,0.06895663658375523,0.15093770636143516,0.2647545674664319,0.38060972925379705,0.03349108518600044,0.2905657054809597,0.3448448162007484,0.2536781862205591,0.19222540171692715,0.34666740039621396,0.25107858243451464,0.1966387849438697,-0.05115562403697997,-0.0526040061633282,-0.11564384767774598,-0.13230904688531808
#11,0.3724697336561743,1.0,0.1569029275808937,0.27081003742020693,0.04421747743781642,0.15886858903808057,0.1440281752146159,-0.047448822364076604,-0.0005480959718247854,0.1691503411842395,0.1372000880475457,0.22441338322694254,0.048705701078582436,0.22204050187101035,-0.05697776799471715,0.0611798371120405,-0.13006163328197226,0.16379264802993618,0.1550957517059212,-0.09560862865947611,-0.04611270085846357,0.11837332159366058,-0.1197424609289016,-0.09341844596081884,-0.019141536429672024,-0.04593000220118864,0.07947171472595202,0.127607307946291,-0.02585956416464891,0.00924058991855602,-0.177277129650011,0.19877173673783843,-0.017790006603565927,0.0561765353290777,0.21018930222320054,0.1287607307946291,0.22944089808496587,0.19860004402377285,0.19406779661016949,0.11590138674884437,0.0964208672683249,0.04410301562843936,0.3140854061193044,0.10956196346026854,-0.08019590578912612,0.02543253356812679,0.022064714946070877,0.22827206691613472,-0.04200748404138235,0.1432027294739159,0.18654633502091128,0.047891261281091786,0.10889720449042482,-0.0018291877613911512,0.2400264142637024,0.20612810917895663,-0.2895003301782963,-0.20603565925599823,-0.3198943429451904,-0.36696456086286594,-0.04213295179396874,-0.03155624036979969,0.029101915034118422,0.0055095751705921195,0.21704820603125688,0.15786493389003817,-0.07089588377723971,-0.04700858463570328,-0.07961259079903148,-0.09107858243451464,-0.07320493066255779,0.1134932863746423,-0.05548316090688972,-0.0738234646709223,0.05471934844816201,-0.16064935064935065,-0.07195685670261942,-0.2710257539071098,-0.045414924058991855,0.035480959718247856,0.13978428351309707,-0.03830508474576271,-0.1871582654633502,-0.0047545674664318735,-0.28621835791327316,-0.031347127448822364,-0.07818401937046005,0.08511116002641426,0.06773937926480299,-0.11338102575390711,-0.004364957076821483,-0.27695795729694034,-0.044186660796830285,-0.10730354391371341,-0.07672243011226063,-0.06591679506933744,0.06658155403918116,-0.09139995597622716,0.028133392031697117,-0.26445960818842174,-0.08095751705921198,-0.05407440017609509,0.11423068456966762,-0.11431873211534228,0.028126788465771515,-0.03238828967642527,-0.0249900946511116,0.01820162887959498,0.14142416905128768,-0.1343847677745983,-0.094950473255558
#12,0.4776865507373982,0.1569029275808937,1.0,0.36772176975566806,0.3197534668721109,0.466484701738939,0.1543319392471935,-0.0738895003301783,-0.039975786924939465,0.4516420867268325,0.21244111820383008,0.09578912612810918,0.21166850099053489,0.23043583535108958,-0.1732313449262602,-0.19834030376403258,0.573284173453665,0.5274069997798811,-0.2200924499229584,-0.24987673343605546,-0.0021197446621175433,-0.19802333259960378,0.1350759410081444,0.14645828747523662,-0.02306845696676205,-0.022445520581113803,0.47673343605547,0.5467510455646049,0.0612194585075941,-0.21671362535769315,0.03953995157384988,-0.13765133171912833,0.34305524983491087,-0.14943649570768214,-0.33845916795069336,-0.17600044023772837,-0.32692273827867047,-0.5537552278230244,0.062126348228043145,0.07809377063614352,-0.1334602685450143,-0.3440545894783183,-0.09567246313009024,-0.29620515078142196,0.19780541492405898,0.22774818401937047,0.11683028835571209,0.4606383447061413,0.5369755668060753,0.4318534008364517,0.5319568567026194,0.6037552278230245,0.5514153642967202,0.315544794188862,-0.2853709002861545,-0.31065155183799253,-0.30679286814880036,-0.44158485582214396,-0.17125027514858024,-0.028615452344265904,-0.12342504952674445,-0.2194673123486683,-0.2851639885538191,-0.01722870349988994,0.21023332599603786,0.0973520236363914,0.044191063174114024,0.15662117543473475,-0.2838168611049967,-0.22390050627338762,0.030856262381686112,0.4813955535989434,-0.2662161567246313,-0.08722870349988994,-0.3715408320493066,-0.23275588817961698,-0.4682434514637904,-0.2786572749284614,0.02093990755007704,-0.30745102355271847,0.018833370019810697,0.20290777019590578,0.006183138895003302,-0.1984107418005723,-0.30459828307285935,-0.12490204710543694,-0.19518600044023773,0.17319392471934844,-0.22075280651551837,-0.17693814659916354,-0.14986792868148802,-0.2434536649790887,0.15898965441338322,-0.2585406119304424,-0.3020691173233546,0.32730574510235527,-0.24102575390710984,0.5413141096191944,0.3401430772617213,0.3203742020691173,0.409225181598063,0.6718357913273167,0.016696015848558222,0.40895663658375525,0.3042130750605327,0.25220559101915035,0.39492185780321376,-0.09865067136253577,-0.22468633061853402,-0.28442659035879375,-0.27556680607528067
#13,0.33620735197006385,0.27081003742020693,0.36772176975566806,1.0,0.32245652652432316,0.3999867928681488,-0.041963460268545014,-0.05346026854501431,0.050906889720449044,0.6528263262161568,0.04941448382126348,0.3193550517279331,0.18003081664098614,-0.04721549636803874,-0.21434734756768656,-0.17418886198547215,0.3423904908650671,0.01981950253136694,0.19450583314990094,-0.08128769535549196,-0.16801893022232006,-0.1728329297820823,-0.12516618974246094,0.07351089588377724,-0.19984591679506933,-0.0713053048646269,0.1962095531587057,0.17688531807175875,-0.0019700638344706143,0.27801893022232005,-0.24875192604006163,0.0023882896764252696,-0.019148139995597623,-0.18596742240810038,0.22078362315650452,0.11831388950033017,0.056537530266343825,-0.11154523442659035,-0.02056350429231785,0.09668721109399075,0.15355051727933083,0.1587607307946291,0.11700418225841955,0.16643187321153421,0.13522562183579132,-0.0523332599603786,0.06393572529165749,0.33504732555580014,0.17683689192163768,0.025771516618974245,0.12435395113361215,0.06763372220999339,0.10211754347347568,-0.23973365617433415,-0.01770856262381686,-0.3146114902047105,-0.21533788245652652,-0.1598547215496368,-0.07073079462909972,-0.05304644508034338,0.043398635263042044,0.025296059872331057,0.1929385868368919,0.24389170151882017,0.2648250055029716,0.18827217052180406,0.06664979088707902,-0.12259300022011886,-0.09193704600484262,-0.07899625797930883,-0.13683248954435395,0.30370239929561965,-0.3171010345586617,-0.21396434074400175,-0.24635042923178516,-0.3914329738058552,-0.1696169931763152,-0.19409861325115563,-0.11126788465771517,-0.11961038961038961,0.015850759410081443,0.1300462249614792,-0.20376843495487562,-0.06666079683028836,-0.016555139775478758,-0.010614131631080784,0.07376843495487563,0.06029716046665199,0.10100814439797491,-0.08428791547435616,0.06292317851639885,-0.08686110499669822,-0.0069271406559542155,0.07432533568126788,-0.02578252256218358,-0.25698877393792646,0.04780761611270086,0.17032577591899625,0.14299581774158046,-0.024968082764692933,0.0263086066475897,0.07941668500990536,0.13637684349548757,0.10880915694475017,0.14381245872771298,0.11617213295179397,0.011481399955976227,0.062040501871010345,-0.07951793968743122,-0.03048646268985252,0.04905569007263923
#17,0.38696456086286596,0.04421747743781642,0.3197534668721109,0.32245652652432316,1.0,0.2817191283292978,0.07224521241470394,0.035408320493066255,-0.07910851860004402,0.28681047765793527,0.09836231565045124,0.2705657054809597,0.17604886638784945,0.0762161567246313,-0.08044243891701519,0.04351089588377724,0.2564736957957297,0.13909311027955096,0.0376007043803654,0.08433854281311909,-0.2028989654413383,-0.09812018489984592,0.12405679066696015,0.15959498128989655,0.030783623156504514,0.05700418225841954,0.06762931983270966,0.20821043363416245,-0.00450363196125908,0.23718908210433634,-0.1510675764913053,0.014092009685230025,-0.11134272507153863,-0.0350561303103676,0.03218357913273168,-0.012808716707021791,0.06426150121065376,0.043720008804754566,-0.055485362095531586,-0.0362557781201849,-0.018806955756108298,0.14285934404578474,0.19116883116883118,0.16205811138014528,0.08330398415144177,0.06616112700858463,-0.07162667840633942,0.1950429231785164,0.04338983050847458,0.04524323134492626,0.007776799471714726,0.08719788685890381,0.07791987673343606,-0.038206031256878714,-0.1738102575390711,-0.24604226282192385,-0.2931895223420647,-0.13377283733215936,0.06858683689192163,0.027589698437156064,-0.11707241910631741,-0.19825665859564165,0.1793330398415144,0.15302663438256658,0.12254677525863966,0.0011578258627702957,0.12034998899405679,0.01719128329297821,-0.12649790887079024,-0.14068236847897864,-0.1432907770195906,0.19338102575390712,-0.2081862205591019,0.12931102795509575,-0.07662337662337662,-0.3507462029495928,-0.19925599823904908,-0.20626678406339424,0.19539071098393132,0.22502751485802333,-0.04707682148360114,0.29133392031697114,-0.07696456086286595,-0.056577151661897425,0.22316090688972046,-0.11430992736077482,-0.026927140655954217,-0.08894122826326216,0.2059784283513097,0.1690292758089368,0.27216596962359674,0.05556900726392252,0.23488663878494387,-0.06083645168390931,-0.002229804094210874,-0.07318952234206472,0.06852960598723311,0.19971164428791546,0.018652872551177636,0.17414483821263482,-0.04634602685450143,0.22062953995157386,0.20921417565485362,0.07432093330398415,0.020508474576271186,-0.012020691173233546,-0.08949812898965441,-0.20064494827206691,-0.2380893682588598,-0.16434294519040282,-0.1101122606207352
#18,0.49545234426590357,0.15886858903808057,0.466484701738939,0.3999867928681488,0.2817191283292978,1.0,0.07790666960158485,0.013836671802773497,0.14230904688531806,0.3763086066475897,0.24250715386308608,0.22397754787585297,0.597904468412943,0.04659916354831609,-0.017952894563064054,-0.14891701518820163,0.27109839313229145,0.2224785384107418,0.15791987673343605,-0.24960818842174776,-0.038274268104776576,-0.139306625577812,0.011793968743121285,0.12101254677525863,-0.13729253797050409,-0.029903147699757868,0.20355932203389832,0.16123486682808716,0.25895443539511337,0.22756548536209553,0.2898239049086507,0.1493528505392912,0.17082764692934185,-0.19134932863746423,0.21534008364516838,0.1832291437376183,0.035465551397754785,-0.12153202729473916,0.13543033237948493,0.2398613251155624,0.13833149900946512,0.13990755007704161,0.02316090688972045,-0.08930002201188642,0.019647809817301343,0.08032797710763813,0.27088487783403037,0.3053554919656615,0.05071318511996478,0.1252872551177636,0.16734756768655074,0.2433810257539071,0.22631741140215716,0.09065375302663438,-0.052515958617653534,-0.14687211093990754,-0.43158045344486023,-0.4217719568567026,-0.15331278890600925,0.056869909751265685,-0.18314990094651112,-0.2383116883116883,-0.02916354831609069,-0.04266123706801673,0.19328417345366497,0.04047217723541073,-0.007662337662337662,-0.022885758309487123,-0.22716707021791768,-0.28012766894122826,-0.14121065375302663,0.134488223640766,-0.17570107858243453,-0.1812524763372221,-0.356781862205591,-0.42538190622936384,-0.3946687211093991,-0.4196235967422408,0.06717147259520141,-0.022190182698657274,0.1699867928681488,0.2702751485802333,0.4464208672683249,0.11511776359233987,-0.06340964120625138,-0.12461809377063614,-0.16905348888399735,0.18088707902267223,0.0674818401937046,-0.011373541712524764,0.09973805855161787,-0.1517719568567026,0.17351529826106096,-0.1811930442438917,-0.11794408980849659,-0.14386748844375963,0.013482280431432974,0.4052190182698657,0.2644177856042263,0.12320713185119965,0.13106097292537972,0.3395091349328637,0.0861831388950033,0.23765573409641205,0.22214615892581993,0.155115562403698,0.22234426590358794,-0.22048426150121064,-0.3070944309927361,-0.16016508914813998,-0.08904908650671363
#26,0.054193264362755886,0.1440281752146159,0.1543319392471935,-0.041963460268545014,0.07224521241470394,0.07790666960158485,1.0,0.2405723090468853,0.4184437596302003,0.2535197006383447,0.18457847237508254,-0.04317851639885538,0.04835351089588378,0.5341778560422629,0.12219898745322474,0.15454545454545454,0.1371978868589038,-0.11821703720008805,-0.17876513317191284,-0.132788906009245,0.11638564825005503,-0.07628439357252917,0.016839093110279552,-0.21438696896324014,0.04220118864186661,-0.06959718247853841,-0.032535769315430334,-0.15604886638784943,-0.17199427690953115,-0.0997622716266784,-0.12322033898305085,-0.235313669381466,0.045564604886638785,0.12956856702619415,-0.20982390490865066,-0.17756548536209554,0.013830068236847898,-0.102161567246313,0.12035879374862425,0.011080783623156504,0.11623816861104996,-0.20835351089588378,-0.1801188641866608,-0.169405679066696,-0.044237288135593224,-0.0485824345146379,0.03635923398635263,-0.18399735857362975,-0.07338983050847457,-0.14331939247193484,-0.018659476117103235,-0.09911952454325336,-0.0021351529826106096,0.11944970283953335,-0.011010345586616774,0.022793308386528724,-0.017988113581333922,-0.11786704820603126,0.1731168831168831,0.11674664318732116,-0.09643847677745983,-0.1088069557561083,0.023389830508474575,0.09586176535329077,-0.27963900506273387,-0.170439230926303,0.24257539071098394,0.3540325775918996,-0.03844375963020031,-0.06029275808936826,0.09985252036099494,0.05639005062733876,0.13087387189082103,0.056117103235747305,-0.011518820162887959,-0.019392471934844818,-0.004045784723750825,-0.11289016068677085,-0.1515430332379485,-0.023506493506493507,0.022617213295179395,0.04539291217257319,0.03984591679506934,-0.1716156724631301,-0.19854501430772617,-0.09285494166850099,-0.026654193264362757,0.26362976007043804,0.10574510235527185,0.008018930222320053,-0.1389654413383227,-0.1856680607528065,-0.026843495487563283,-0.0213449262601805,0.04359454105216817,0.01576931543033238,-0.27600044023772835,0.013438256658595642,0.011395553598943429,-0.09924058991855603,-0.12527845036319613,-0.05530486462689853,-0.4548778340303764,0.09806955756108299,0.03910631741140216,-0.12809156944750166,0.1598811358133392,-0.008674884437596302,0.09530486462689852,-0.03988553819062294,-0.07423068456966762
#49,0.14764252696456087,-0.047448822364076604,-0.0738895003301783,-0.05346026854501431,0.035408320493066255,0.013836671802773497,0.2405723090468853,1.0,0.5225489764472815,0.21171912832929782,0.3256944750165089,0.17767554479418887,0.11239709443099273,0.32012987012987015,0.29902487343165307,-0.25574730354391373,0.11653532907770196,-0.3228483381025754,0.2331388950033018,-0.26889060092449923,0.24361435174994497,-0.2722099933964341,0.006374642306845697,-0.28534668721109396,-0.07985692273827867,-0.40125027514858025,-0.01722870349988994,-0.22841294298921416,0.03782302443319392,-0.05561523222540172,-0.15924279110719788,-0.03973585736297601,0.09247413603345807,0.12497468633061853,0.17058991855602026,0.12058771736737839,0.22219898745322475,0.03195905789126128,-0.05629760070438036,-0.12388729914153643,0.14695135373101476,-0.11538850979528946,-0.11357693154303324,0.05662777900066036,-0.15020250935505172,-0.17962139555359893,0.08163108078362316,0.026511116002641427,-0.01035659255998239,-0.06931983270966321,0.05525643847677746,-0.1550561303103676,-0.031138014527845037,-0.24810477657935284,0.3367092229804094,-0.13569887739379266,-0.06573189522342064,-0.17820603125687873,-0.13799911952454325,-0.23169051287695355,-0.17189742460928903,-0.014714946070878275,0.12227823024433195,0.24649790887079023,-0.30905348888399736,-0.15968751908846746,0.08600264142637024,-0.045967422408100374,0.12153202729473916,-0.010548095971824786,0.20757208892802112,-0.07345366497908871,0.4457032797710764,0.1428087167070218,0.4166850099053489,0.26740039621395556,0.16186880915694474,0.04458507594100814,-0.15193704600484262,-0.22655073739819503,-0.09121725731895224,-0.08985031917235307,-0.07432533568126788,-0.1090248734316531,-0.0576601364736958,-0.11285934404578472,-0.045403918115782524,0.08848117983711204,0.009984591679506934,0.028047545674664318,-0.08098613251155624,-0.1418379925159586,-0.10602245212414704,-0.06426590358793749,-0.08292317851639885,-0.023116883116883116,-0.22686550737398195,-0.06873211534228484,-0.18112260620735196,-0.10777459828307286,-0.06745762711864407,-0.10522342064714946,-0.01062293638564825,0.1476469293418446,0.1430178296279991,0.021899625797930884,0.11211534228483382,-0.043002421307506054,0.06378604446401057,-0.18652212194585077,-0.2389786484701739
#50,0.07015628439357253,-0.0005480959718247854,-0.039975786924939465,0.050906889720449044,-0.07910851860004402,0.14230904688531806,0.4184437596302003,0.5225489764472815,1.0,0.3652696456086287,0.40600484261501213,0.1981069777679947,0.29935064935064937,0.35840413823464673,0.44728153202729476,0.025478758529605988,0.03817521461589258,-0.4114307726172133,0.29324235086946954,0.004186660796830288,0.4132401496808277,-0.20662998018930223,0.0043165309267004185,-0.22393792648029937,-0.11900726392251816,-0.30455646048866386,-0.09271406559542153,-0.4165331278890601,-0.05848558221439577,-0.0016244772176975566,-0.04716486902927581,0.028047545674664318,0.12824345146379046,0.06999119524543253,0.14123706801672903,0.019625797930882677,0.12437816420867269,-0.09802333259960379,0.013924719348448161,0.10123486682808716,0.26713625357693155,0.0029870129870129872,-0.07729253797050407,-0.005163988553819062,-0.2446599163548316,-0.2474290116662998,0.024629099713845477,-0.3370812238608849,-0.1724521241470394,-0.28245432533568127,-0.07242791107197886,-0.15614131631080783,-0.06562623816861105,-0.18816420867268324,0.281600264142637,-0.06531366938146599,-0.2367620515078142,-0.34819502531366936,-0.16732115342284834,-0.17140876073079464,-0.21428131190843056,-0.09783623156504512,0.22108958837772397,0.12285934404578472,-0.20381906229363855,-0.06513540894531525,0.19979308826766454,0.02980409421087387,0.31902047105436937,0.1388994056790667,0.3511314109619194,-0.011287695355491966,0.502458727712965,0.009744662117543473,0.18182478538410743,0.08250935505172793,0.0586550737398195,-0.10040061633281973,-0.3193990755007704,-0.13791987673343606,0.17155403918115783,0.05795729694034779,0.021490204710543692,-0.11766233766233766,-0.05712965001100594,-0.16956636583755227,-0.15211754347347567,0.1196500110059432,0.0899735857362976,0.0058023332599603785,-0.13162667840633943,-0.24375302663438256,-0.21191943649570769,-0.127145058331499,-0.10538190622936386,-0.11184459608188421,-0.16035879374862425,-0.11414924058991856,-0.13054149240589918,-0.053992956196346024,-0.1780893682588598,-0.07588157605106757,-0.21773497688751925,0.09587717367378384,0.21039181157825226,-0.017900066035659256,0.21304644508034337,-0.04482060312568787,-0.04094651111600264,-0.1215034118423949,-0.1511930442438917
#51,0.2618269865727493,0.1691503411842395,0.4516420867268325,0.6528263262161568,0.28681047765793527,0.3763086066475897,0.2535197006383447,0.21171912832929782,0.3652696456086287,1.0,0.21336121505613032,0.29207351970063833,0.30464230684569665,0.21491305304864627,0.0489456306405459,-0.04141316310807836,0.32161347127448825,-0.0712524763372221,0.11019150341184239,-0.11380585516178736,0.20493946731234866,-0.08631300902487343,0.0774620294959278,0.036033458067356375,-0.0966982170372001,-0.267409200968523,0.3079771076381246,0.12193924719348448,-0.13293858683689191,0.061897424609289015,-0.28062953995157386,-0.09427690953114681,0.002747083425049527,-0.15242130750605326,0.04951793968743121,0.012135152982610609,0.0062579793088267666,-0.34862645828747524,-0.06978208232445521,0.038067356372441116,0.170396213955536,-0.12046224961479199,0.05520140876073079,-0.006662998018930223,0.1253907109839313,0.056290997138454764,0.16261281091789567,0.2187079022672243,0.11806295399515739,0.06504732555580013,0.21089368258859784,0.1559982390490865,0.2361104996698217,-0.03214175654853621,0.06561303103675985,-0.24060752806515517,-0.1509619194364957,-0.2268677085626238,-0.05903367818622056,0.03444419986792868,-0.17854061193044243,-0.10209773277569888,-0.038395333480079244,0.1339423288575831,0.047891261281091786,0.08446845942575537,0.08092449922958397,0.055888179616993175,-0.07973145498569227,-0.01944309927360775,0.05007704160246533,0.3444904248294079,-0.11528065155183799,-0.15206691613471274,-0.20083425049526746,-0.2492493946731235,-0.3025643847677746,-0.15428571428571428,-0.09699977988113581,-0.27762931983270966,0.22673343605546994,0.11929121725731895,-0.12105877173673783,-0.12193044243891701,-0.16629319832709663,-0.25391371340523883,-0.1458991855602025,0.2140810037420207,0.006627779000660357,-0.008423948932423509,-0.1640479859123927,-0.19361435174994496,0.037470834250495265,-0.17560202509355052,-0.10026634382566586,-0.0249966982170372,-0.28522782302443317,0.12140876073079462,0.06782742681047765,0.007946290997138455,-0.1289852520360995,0.17777459828307285,-0.10604666519920757,0.01013647369579573,0.02613911512216597,0.010805635042923178,0.13668060752806516,-0.06358793748624257,-0.167079022672243,-0.22141316310807838,-0.14435174994497027
#52,0.2962315650451244,0.1372000880475457,0.21244111820383008,0.04941448382126348,0.09836231565045124,0.24250715386308608,0.18457847237508254,0.3256944750165089,0.40600484261501213,0.21336121505613032,1.0,0.12833810257539072,0.16799471714725953,0.21116222760290557,0.1791437376183139,-0.01112920977327757,0.09973805855161787,0.06138674884437596,0.06027294739159146,-0.15435395113361214,0.11130530486462689,-0.005197006383447061,0.04454545454545455,-0.13941888619854723,0.013033237948492185,-0.13853841074180057,0.15932203389830507,0.07727052608408541,-0.07368699097512657,-0.1910543693594541,0.01671802773497689,0.1049108518600044,0.2854303323794849,0.2189588377723971,-0.0399141536429672,-0.21723530706581554,-0.032132951793968745,-0.0437112040501871,-0.019060092449922957,0.15727492846136915,-0.06332379484921857,-0.2646665199207572,-0.01626018049746863,-0.2865573409641206,-0.3071076381245873,0.05355712084525644,0.07404798591239269,0.13845696676205152,0.010325775918996258,0.1542659035879375,0.1509289016068677,0.17450583314990095,0.019484921857803213,0.1559652212194585,-0.07946070878274268,-0.07294298921417565,-0.4017785604226282,-0.49569227382786707,-0.28176755447941887,-0.2071384547655734,-0.24057891261281092,-0.11096852300242131,0.029517939687431213,0.05621835791327317,-0.026277790006603567,-0.1646776164856162,0.21133612150561304,0.06746643187321154,-0.05315650451243672,0.028820162887959497,0.19666740039621394,0.14242130750605328,0.23064274708342505,-0.04262601804974686,0.017296940347787806,-0.016009244992295838,-0.07507373981950254,-0.12463130090248735,-0.1412392692053709,-0.1467312348668281,0.010321373541712526,0.004105216817081224,0.18023772837332158,-0.1685758309487123,-0.2107175874972485,-0.1559123926920537,-0.15094871230464452,-0.061448382126348226,-0.2428857583094871,-0.22480079242791107,-0.15816420867268324,-0.4149548756328417,-0.04970504072198988,-0.1809751265683469,-0.09896324014968083,0.10917015188201629,-0.16848558221439577,0.06340964120625138,0.05088047545674664,0.12738718908210434,0.24891041162227603,0.2061104996698217,-0.1916354831609069,0.38988994056790666,0.4168743121285494,0.18566145718688093,0.3147765793528505,-0.0959718247853841,0.11024213075060532,-0.2559454105216817,-0.2635945410521682
#53,0.3101694915254237,0.22441338322694254,0.09578912612810918,0.3193550517279331,0.2705657054809597,0.22397754787585297,-0.04317851639885538,0.17767554479418887,0.1981069777679947,0.29207351970063833,0.12833810257539072,1.0,0.6376293198327097,0.1502905569007264,-0.30297380585516176,-0.24558001320713185,0.08614571868809157,0.018243451463790448,-0.03382566585956417,-0.11143077261721329,-0.19706361435174993,-0.20808276469293419,-0.11861985472154964,0.0017081223860884879,-0.1924058991855602,-0.11917455425930003,-0.0449702839533348,-0.012588597842835132,0.1838300682368479,0.3204182258419547,-0.06571868809156944,0.09208452564384768,-0.17844596081884218,-0.11156064274708342,0.34196786264582874,0.07679947171472595,0.14025313669381467,0.04154523442659036,0.10545014307726172,-0.06900066035659257,0.31725291657495047,0.1827933083865287,0.40894783182918776,0.257508254457407,0.1632423508694695,-0.015844155844155845,-0.03101915034118424,0.04215276249174554,0.07926040061633281,-0.08474356152322254,-0.06936385648250055,-0.13362976007043803,-0.010449042482940788,-0.23997138454765574,0.08657054809597182,-0.28360114461809377,-0.030035219018269867,-0.09248734316530927,-0.004116222760290557,0.015084745762711864,-0.010794629099713845,0.05242791107197887,0.2414241690512877,0.04370680167290337,0.0537442218798151,0.039608210218039355,-0.2086880915694475,-0.3394651111600264,-0.2183645168390931,-0.13163108078362315,-0.4021219458507594,-0.07507153863086066,-0.22963240149680827,-0.032443319392471935,-0.10589478318291877,-0.28357473035439135,-0.07073079462909972,-0.23158045344486022,-0.09669381465991636,0.001347127448822364,0.21403918115782522,0.22807836231565046,-0.13951573849878934,0.13715166189742461,0.09994276909531147,0.09165529385868369,0.09113141096191944,0.2156966762051508,0.1111138014527845,0.33438256658595644,0.22284393572529165,0.1010279550957517,0.12880255337882457,0.06039401276689412,0.021307506053268765,-0.07493506493506494,0.0563086066475897,-0.004301122606207352,0.15317631521021352,-0.023499889940567908,-0.15005723090468853,0.14140876073079464,0.2504798591239269,-0.054050187101034555,-0.06283292978208233,-0.10180497468633062,-0.15370239929561963,0.0436781862205591,-0.18395993836671803,0.0739687431212855,0.1311996478098173
#54,0.21237508254457407,0.048705701078582436,0.21166850099053489,0.18003081664098614,0.17604886638784945,0.597904468412943,0.04835351089588378,0.11239709443099273,0.29935064935064937,0.30464230684569665,0.16799471714725953,0.6376293198327097,1.0,0.2161765353290777,-0.028622055910191502,-0.1667378384327537,0.0765199207572089,-0.041078582434514635,0.0698415144177856,-0.14097952894563065,0.0006449482720669161,-0.18794188861985472,0.06827646929341845,0.17811358133392033,-0.0961699317631521,-0.044741360334580677,0.1410345586616773,0.040187101034558664,0.2636033458067356,0.23623156504512438,0.18757869249394674,0.04307065815540392,-0.045731895223420645,-0.23411622276029057,0.3362998018930222,0.14610609729253798,0.15052168170812238,-0.0650891481399956,0.31340964120625137,0.08493506493506493,0.29518600044023774,0.18487343165309267,0.2657561082984812,0.03269425489764473,0.24850099053488883,0.15128989654413383,0.1011270085846357,0.10329517939687431,0.09102355271846797,0.016819282412502752,0.08093770636143517,0.06205150781421968,0.19585075941008145,-0.03204270305965221,0.08897424609289016,-0.20756328417345365,-0.2189192163768435,-0.2117015188201629,-0.18014307726172132,0.07177635923398636,-0.16627338762931984,-0.23877173673783844,0.1527162667840634,0.0031036759850319173,0.027653532907770197,-0.029805211206922415,-0.03570327977107638,-0.26079903147699757,-0.19122165969623597,-0.11909971384547656,-0.18630640545894783,-0.07022672243011226,-0.10804314329738059,-0.13370680167290336,-0.1736781862205591,-0.39626018049746864,-0.26636363636363636,-0.43871010345586614,0.12845916795069337,0.006737838432753687,0.2029473915914594,0.36115782522562184,0.23645828747523662,0.30704380365397316,-0.013222540171692714,-0.15487343165309267,-0.21031256878714505,0.28094651111600266,0.1687871450583315,0.36540171692714063,0.2545828747523663,-0.08818401937046005,0.32152542372881354,-0.18197666740039622,-0.18224741360334581,-0.12111820383006823,-0.08940347787805415,0.11927140655954216,0.04348448162007484,0.07697336561743341,-0.1656878714505833,0.19069997798811358,0.09967862645828747,-0.017459828307285933,-0.10206251375742902,-0.13687871450583314,-0.02660136473695796,-0.21744441998679287,-0.4109883337001981,-0.12929561963460268,-0.04785163988553819
#58,0.21118203830068236,0.22204050187101035,0.23043583535108958,-0.04721549636803874,0.0762161567246313,0.04659916354831609,0.5341778560422629,0.32012987012987015,0.35840413823464673,0.21491305304864627,0.21116222760290557,0.1502905569007264,0.2161765353290777,1.0,0.2230332379484922,0.07282852740479859,0.14825885978428352,-0.06526304204270306,-0.11503852080123267,-0.1552542372881356,0.3114461809377064,-0.06082984811798371,0.0200462249614792,-0.14355932203389832,0.18674664318732115,-0.04544794188861986,0.19731234866828087,0.08343605546995378,-0.17416244772176975,-0.13418886198547217,-0.1462095531587057,-0.05975126568346907,0.2934932863746423,0.32418886198547214,-0.19907990314769977,-0.15694695135373102,0.14876953554919656,-0.06699757869249395,0.3057869249394673,0.05608628659476117,-0.0737310147479639,-0.25449262601804973,0.10292978208232445,-0.13515078142196787,0.03063614351749945,0.08975346687211094,0.07229583975346687,0.14194805194805193,0.04396874312128549,0.07565265243231345,0.17163548316090688,0.02208232445520581,0.12107638124587278,0.05927360774818402,0.20937486242570988,0.030132071318511998,-0.15342284833810257,-0.22023992956196345,-0.19129429892141755,-0.15858683689192163,-0.30215936605767113,-0.2789500330178296,0.07291657495047325,0.31884437596302,-0.25452564384767773,-0.16086845744469608,0.29571208452564385,0.22987673343605547,0.05394893242350869,0.193020030816641,0.21490204710543695,0.1384437596302003,0.22233546114902047,0.1816090688972045,0.1751749944970284,0.07017389390270747,-0.050367598503191724,-0.20608628659476116,-0.02407660136473696,-0.11592339863526305,0.09050847457627119,-0.16984591679506933,-0.20687871450583314,-0.05189742460928901,-0.27734096412062514,-0.35943649570768216,-0.35002421307506054,-0.0388531807175875,-0.04650231124807396,-0.07957957296940348,-0.11618534008364517,-0.3553686990975127,0.15556460488663879,-0.29892141756548535,-0.2514747963900506,0.04067356372441118,-0.2652718467972705,-0.03260620735197006,-0.09499229583975347,-0.011413163108078363,-0.017490644948272068,-0.0632819722650231,-0.0882720669161347,-0.05251375742901167,0.14739379264802993,0.03515298261060973,0.26023992956196346,-0.18350209112920976,-0.1953400836451684,-0.30687871450583315,-0.29258859784283514
#101,-0.19559982390490865,-0.05697776799471715,-0.1732313449262602,-0.21434734756768656,-0.08044243891701519,-0.017952894563064054,0.12219898745322474,0.29902487343165307,0.44728153202729476,0.0489456306405459,0.1791437376183139,-0.30297380585516176,-0.028622055910191502,0.2230332379484922,1.0,0.20375302663438258,-0.08326876513317191,-0.49240369799691835,0.5076975566806076,0.21465771516618976,0.6797468633061854,-0.03442218798151001,0.2391767554479419,-0.134488223640766,0.05221219458507594,-0.22605546995377504,-0.08921637684349548,-0.3635791327316751,-0.01650231124807396,-0.14717807616112702,0.02296500110059432,0.06833590138674885,0.11933964340744002,0.11466872110939907,0.09072419106317411,0.1617213295179397,0.23702179176755447,0.05156284393572529,0.2560444640105657,0.06790887079022673,0.11504512436715826,-0.04217917675544794,-0.018395333480079244,0.12109619194364957,-0.32643627558881794,-0.24318732115342284,0.07907550077041603,-0.24307946290997137,-0.24160466651992077,-0.11930442438917015,0.06812898965441339,-0.09699757869249395,-0.03274708342504953,-0.17317851639885537,0.46747963900506273,0.15646929341844595,-0.3556944750165089,-0.16095091349328638,-0.37252696456086287,-0.34279771076381244,-0.44604886638784946,-0.28645168390931103,0.15453885097952894,0.039112920977327756,-0.3629055690072639,-0.19246873897688307,0.07671582654633502,0.13839313229143738,0.6385648250055029,0.37735417125247633,0.6389544353951133,0.0784701738939027,0.6346246973365618,0.15018930222320054,0.5399229583975347,0.34930442438917014,0.08919436495707682,-0.0641140215716487,-0.02010345586616773,0.030640545894783183,0.14065375302663438,-0.240528285274048,0.06128989654413383,0.02293858683689192,-0.026623376623376622,-0.47436055469953775,-0.4249416685009905,-0.15337882456526525,-0.010906889720449042,-0.12267444419986794,-0.03051948051948052,-0.4602817521461589,-0.1574158045344486,-0.41933303984151443,-0.325016508914814,-0.20859344045784725,-0.15639885538190623,-0.2290248734316531,-0.5044662117543474,-0.04968302883557121,-0.12839533348007925,-0.19475236627779,-0.10374642306845697,0.013072859344045784,0.027321153422848337,0.03234206471494607,0.10812898965441338,-0.3816354831609069,-0.15632621615672462,-0.44381245872771297,-0.4397908870790227
#102,-0.04869249394673123,0.0611798371120405,-0.19834030376403258,-0.17418886198547215,0.04351089588377724,-0.14891701518820163,0.15454545454545454,-0.25574730354391373,0.025478758529605988,-0.04141316310807836,-0.01112920977327757,-0.24558001320713185,-0.1667378384327537,0.07282852740479859,0.20375302663438258,1.0,-0.30803433854281315,-0.055095751705921195,0.11301782962799913,0.5261633281972266,0.0898151001540832,0.6008056350429232,0.17078142196786264,0.3756834690732996,0.22925159586176536,0.4195531587057011,-0.0027867048206031255,0.0425643847677746,-0.40333259960378604,0.014926260180497468,-0.15792207792207794,-0.042531366938146596,-0.22471274488223641,-0.08673783843275369,-0.08512656834690734,-0.17194144838212636,-0.017327756988773937,0.18559101915034118,-0.002060312568787145,0.17011005943209334,-0.1187541272287035,-0.009346246973365618,0.16784063394232887,0.0864935064935065,-0.0934074400176095,0.1846401056570548,-0.2141140215716487,-0.1379110719788686,-0.26644508034338543,-0.04874312128549416,-0.12176975566806075,0.0060004402377283736,-0.13574069997798813,0.23834250495267445,-0.03589258199427691,0.4471978868589038,-0.1592273827867048,0.08938366718027735,-0.015260840854061193,-0.03788685890380806,-0.18315210213515298,-0.28085846357032795,0.04324455205811138,-0.0033590138674884436,0.2442174774378164,0.16119093175818627,0.22777679947171472,0.34660136473695796,0.23848778340303764,0.24351089588377725,0.08290556900726392,0.05600044023772837,-0.08705260840854061,0.09634382566585957,-0.08689192163768435,-0.024910851860004402,-0.11340303764032578,-0.07559101915034118,-0.14877834030376402,0.39838872991415364,0.10270746202949593,-0.06030816640986132,0.00898084965881576,0.0796566145718688,-0.19315870570107857,-0.23532247413603347,-0.22422408100374203,-0.2601232665639445,0.0839555359894343,-0.21100594320933305,0.07861325115562404,-0.16403918115782523,0.12273167510455646,-0.17242791107197886,0.04495927801012547,-0.06977988113581333,0.2173035439137134,-0.3585956416464891,-0.1307770195905789,-0.17526524323134493,-0.2756218357913273,-0.4257274928461369,-0.19152762491745542,-0.2504732555580013,-0.19079022672243012,-0.29699097512656836,-0.2137904468412943,-0.20028835571208453,0.15283733215936607,-0.18719348448162007,-0.25235747303543915
#201,0.16956196346026856,-0.13006163328197226,0.573284173453665,0.3423904908650671,0.2564736957957297,0.27109839313229145,0.1371978868589038,0.11653532907770196,0.03817521461589258,0.32161347127448825,0.09973805855161787,0.08614571868809157,0.0765199207572089,0.14825885978428352,-0.08326876513317191,-0.30803433854281315,1.0,0.19709663218137793,-0.2186418666079683,-0.3418511996478098,-0.1110477657935285,-0.3227492846136914,0.09508694695135374,0.15941448382126347,0.06062513757429012,0.031166629980189303,0.26023552718467974,0.18805855161787366,0.2771912832929782,0.024505833149900947,-0.254884437596302,-0.29985031917235305,0.22953775038520802,-0.04228483381025754,-0.1845806735637244,-0.03492185780321373,-0.13339203169711644,-0.3442350869469514,0.18541272287035,-0.11476117103235747,0.038498789346246974,-0.11028835571208452,-0.3105480959718248,-0.1529077701959058,0.2738234646709223,0.013528505392912173,0.20448162007484041,0.285148580233326,0.4089302223200528,0.11676205150781421,0.23313229143737618,0.2239291217257319,0.2867092229804094,-0.027662337662337663,-0.12467532467532468,-0.4168104776579353,-0.07548316090688972,-0.1488267664538851,0.06822584195465552,0.19803874092009685,-0.11808056350429232,-0.09837772397094431,0.0032247413603345805,0.21498569227382786,-0.12339643407440018,-0.15106655902850571,0.14143297380585515,0.028578032137354173,-0.09539291217257319,-0.0960048426150121,0.02598283072859344,0.1929605987233106,-0.11600044023772837,0.040878274268104774,-0.1808760730794629,0.03631741140215716,-0.19254017169271406,0.00809156944750165,0.15697556680607527,-0.16261281091789567,-0.08188421747743782,0.2549570768214836,-0.189801893022232,-0.3060136473695796,-0.03110279550957517,-0.1362227602905569,-0.08834690732995817,0.07719348448162007,0.10180717587497248,-0.08453664979088708,0.010961919436495708,-0.015027514858023333,0.12874972485141978,-0.1061633281972265,-0.06832709663218138,0.17626678406339424,-0.160066035659256,0.4395795729694035,0.038659476117103235,0.2843187321153423,0.16164869029275808,0.4320911292097733,0.003317191283292978,0.3617389390270746,0.2781554039181158,0.19425269645608628,0.22399735857362976,-0.040244331939247195,-0.12685009905348887,-0.15616112700858464,-0.049407880255337884
