,#10,#11,#12,#13,#17,#18,#26,#49,#50,#51,#52,#53,#54,#58,#101,#102,#201,#202,#301,#302,#401,#402,#501,#502,#601,#602,#701,#702,#801,#802,#901,#902,#1001,#1002,#1101,#1102,#1201,#1202,#1301,#1302,#1401,#1402,#1501,#1502,#1601,#1602,#1701,#1702,#1801,#1802,#1901,#1902,#2001,#2002,#2101,#2102,#2201,#2202,#2301,#2302,#2401,#2402,#2501,#2502,#2601,#2602,#2701,#2702,#2801,#2802,#2901,#2902,#3001,#3002,#3101,#3102,#3201,#3202,#3301,#3302,#3401,#3402,#3455,#3501,#3502,#3601,#3602,#3701,#3702,#3801,#3802,#3901,#3902,#4001,#4002,#4101,#4102,#4201,#4202,#4301,#4302,#4401,#4402,#4501,#4502,#4601,#4602,#4701,#4702,#4801,#4802
#10,1.0,0.45688091569447503,0.4586418666079683,0.5818776139115123,0.1531653092670042,0.05255337882456527,0.3109090909090909,0.3706713625357693,0.4461501210653753,0.5594937266123707,0.12171912832929782,0.3568897204490425,0.12763152102135153,0.08354611490204711,-0.3451882016288796,-0.3492824125027515,0.5508056350429231,0.2817455425930002,-0.19719348448162008,-0.18292537970504072,-0.2796103896103896,-0.1351023552718468,-0.1749438696896324,-0.06447501650891481,0.03600924499229584,0.06174334140435835,0.08846136913933524,0.32859123926920536,0.2393330398415144,0.05652652432313449,0.11551617873651772,0.0899471714725952,-0.11194364957076822,-0.09759189962579794,0.07305524983491085,-0.0812260620735197,-0.09512436715826546,-0.3050275148580233,-0.08210873871890821,-0.22818181818181818,-0.037079022672243014,-0.12224961479198768,-0.0476007043803654,-0.20266784063394233,-0.17693154303323794,-0.225874972485142,0.25169931763152104,0.3936253576931543,-0.07380805635042924,0.06657935285053929,0.12950693374422187,0.20355712084525643,0.16920316971164429,0.1808496588157605,-0.11567686550737398,-0.05190402817521462,-0.32307946290997136,-0.2783623156504512,-0.28357473035439135,-0.2956350429231785,-0.007508254457407,0.0712854941668501,0.0758529605987233,-0.047977107638124586,0.4758881796169932,0.32926920537090026,0.019051287695355492,-0.03906669601584856,0.01549636803874092,-0.2616751045564605,0.27920537090028613,0.27837332159366057,0.007776799471714726,0.23086066475896985,-0.07601804974686331,-0.08016729033678187,0.0487607307946291,-0.057162667840633945,-0.07845696676205151,0.03593440457847238,0.09276469293418446,0.03877173673783843,-0.007900066035659256,0.3671274488223641,0.14008144397974906,0.0974488223640766,0.034274708342504956,0.2955954215276249,-0.009555359894342945,0.21037200088047545,-0.01463350209112921,-0.11552718467972706,-0.18277790006603567,-0.06950253136693815,0.06285494166850099,0.2263944530046225,0.12078802553378824,0.27069997798811357,0.3484239489324235,0.2192537970504072,0.4395685670261941,0.3502839533348008,0.059920757208892804,0.23591679506933744,0.32890821043363416,0.1911534228483381,0.17763152102135152,0.01269865727492846,-0.12821043363416246,-0.13573629760070438,-0.05718247853841074
#11,0.45688091569447503,1.0,0.5368214836011446,0.30834910851860003,0.14527624917455426,0.28388509795289457,0.36960378604446403,0.31262821923838874,0.46999119524543254,0.47220338983050847,0.23816861104996698,0.20361435174994497,0.2523420647149461,-0.09303984151441778,-0.017169271406559543,-0.18407440017609508,0.4262733876293198,0.3363416244772177,0.12950253136693815,0.15675544794188861,-0.07302443319392472,-0.08335020911292097,0.052183579132731674,-0.10304864626898526,-0.03950253136693815,-0.11142196786264583,0.17398415144177856,0.35342725071538633,0.24318071758749724,0.034316530926700416,0.014833810257539071,-0.22854721549636803,-0.3412854941668501,-0.24123486682808717,-0.17490204710543694,-0.23049966982170372,-0.03957076821483601,-0.155148580233326,-0.16625137574290116,-0.2498084965881576,-0.12344706141316311,-0.06211534228483381,-0.05044023772837332,-0.04881135813339203,-0.007569887739379264,-0.1587937486242571,0.08600264142637024,0.4102245212414704,0.02649570768214836,0.44701738939027075,-0.01299801893022232,0.31080343385428133,0.23523442659035879,0.3546401056570548,0.09916134712744883,0.1151617873651772,-0.4503764032577592,-0.20444640105657055,-0.32266123706801675,-0.22063834470614133,-0.22294298921417566,-0.06197226502311248,-0.249933964340744,-0.31458947831829187,0.25452564384767773,0.29116662998018933,-0.17466431873211535,-0.11678846577151662,0.2760378604446401,-0.0536385648250055,0.28740699977988116,0.33325996037860445,0.005956416464891041,0.2985119964780982,-0.16194144838212635,-0.0727030596522122,-0.20226062073519702,-0.16072198987453223,0.11303543913713406,0.016271186440677966,0.15700418225841956,0.08523222540171693,-0.15423728813559323,0.26787145058331496,-0.09329077701959058,-0.11336781862205592,-0.23244111820383007,0.20454325335681267,-0.08070878274268105,-0.07475236627779,-0.13099273607748185,-0.2975302663438257,-0.18737838432753687,-0.2986154523442659,-0.24917235307065816,0.36649570768214834,0.10219458507594101,0.10283513097072419,0.22132951793968744,-0.07809817301342725,0.1962359674224081,0.14579132731675104,-0.06071758749724852,-0.10623376623376624,0.19605326876513318,-0.18700198106977767,0.04295839753466872,-0.18668280871670703,-0.27900066035659254,-0.3669007263922518,-0.33552718467972703
#12,0.4586418666079683,0.5368214836011446,1.0,0.5595311468192824,-0.055353290777019594,0.2674180057230905,0.28566365837552277,0.14982610609729255,0.19046665199207571,0.4261082984811798,0.13743341404358353,0.05797050407219899,0.21074180057230904,-0.3354281311908431,-0.26771956856702617,-0.2832159366057671,0.5688487783403038,0.7223024433193924,-0.19528945630640546,-0.05854061193044244,-0.2353400836451684,-0.11568787145058332,0.22384987893462469,0.13760510675764914,-0.02540611930442439,-0.13431212854941668,0.17767334360554699,0.4101496808276469,0.3787211093990755,0.05079903147699758,0.2044750165089148,-0.08058111380145279,-0.1949240589918556,-0.19598062953995157,-0.26446401056570545,-0.3496632181377944,-0.0660180497468633,-0.3896412062513757,-0.07963900506273387,-0.30847237508254455,-0.22793968743121285,-0.16730574510235527,-0.06159586176535329,-0.25492626018049747,-0.038003521901826987,-0.04051727933083865,0.042876953554919654,0.25884217477437815,-0.018355712084525643,0.45273827867048205,0.05614791987673343,0.33624036979969185,0.34342284833810255,0.5406053268765133,0.14452564384767774,0.2262953995157385,-0.2843495487563284,-0.2633083865287255,-0.2511534228483381,-0.11902267224301123,-0.08538630860664759,0.028868589038080563,-0.38838212634822805,-0.4539863526304204,0.47953114681928244,0.30787365177195686,-0.33568126788465774,-0.21755007704160245,0.12466872110939907,-0.17751705921197447,0.5527184679727053,0.38068016729033677,0.028362315650451244,0.25244772176975566,-0.23074620294959278,-0.04178516398855382,0.016431873211534227,0.04543913713405239,0.207871450583315,0.07991415364296721,0.12883777239709443,0.1568082764692934,-0.1014505833149901,0.18541052168170813,-0.16240149680827648,-0.09655734096412062,-0.10823684789786485,0.21462909971384547,0.048476777459828306,-0.16020250935505173,-0.21898305084745762,-0.17750385208012326,-0.3516552938586837,-0.208399735857363,-0.16659476117103236,0.5825049526744442,0.24085626238168611,0.3308562623816861,0.5828747523662778,0.08930662557781202,0.3696566145718688,0.4545696676205151,0.20101915034118423,0.09694695135373102,0.24095091349328637,0.018791547435615234,0.16494827206691615,-0.09367598503191724,-0.166979969183359,-0.27648250055029716,-0.29685450143077263
#13,0.5818776139115123,0.30834910851860003,0.5595311468192824,1.0,-0.00954655513977548,0.05858023332599604,0.10060972925379705,0.1668963240149681,0.3683931322914374,0.5513999559762272,0.1609619194364957,0.20668721109399074,0.08113141096191943,-0.040158485582214395,-0.12651331719128328,-0.09723090468853181,0.6874003962139555,0.44988994056790665,-0.1890182698657275,-0.19554479418886198,-0.24334580673563724,-0.1593748624257099,0.008093770636143518,0.0162029495927801,0.03829407880255338,-0.02816420867268325,0.29786924939467313,0.48598283072859344,0.05289676425269645,-0.07895663658375522,0.2685846357032798,-0.042106537530266344,0.06353731014747964,-0.10755888179616993,-0.07364736957957296,-0.08220559101915034,-0.1758067356372441,-0.2512128549416685,-0.19250275148580234,-0.26458727712965,-0.058069557561082986,-0.2571670702179177,0.10824345146379044,-0.055934404578472374,-0.10820603125687872,-0.06184899845916795,0.47941668500990536,0.37292317851639883,-0.09048866387849439,0.09544133832269426,0.2859322033898305,0.3197644728153203,0.416121505613031,0.1861633281972265,-0.19478098173013428,-0.22801232665639445,-0.40496588157605107,-0.4306449482720669,-0.2871076381245873,-0.3000374202069117,-0.21962799911952455,-0.11188201628879595,0.09411182038300682,0.07363416244772177,0.5941272287034999,0.3326216156724631,0.20643847677745983,0.1617015188201629,-0.04785163988553819,-0.17879594981289895,0.24154743561523223,0.2216685009905349,-0.052020691173233546,0.11405018710103455,-0.37724851419766675,-0.2737882456526524,-0.18031256878714505,-0.19159366057671143,0.07086506713625358,0.008430552498349108,-0.08989874532247413,0.06086066475896985,-0.02914813999559762,0.20148580233325997,-0.09672683248954435,-0.14866387849438698,-0.10655954215276249,0.20962799911952454,-0.008996257979308827,0.19366057671142417,-0.19025753907109838,-0.14012766894122827,-0.26420206911732336,-0.09273827867048207,0.03221219458507594,0.2576689412282633,0.15779661016949154,0.5004116222760291,0.6119106317411402,0.3346885318071759,0.6268214836011446,0.591122606207352,0.15924719348448163,0.4387057010785824,0.5088113581333921,0.36301122606207353,0.26035439137134053,-0.22037200088047545,-0.22757649130530486,-0.1582390490865067,-0.11071098393132292
#17,0.1531653092670042,0.14527624917455426,-0.055353290777019594,-0.00954655513977548,1.0,0.26254897644728153,0.4068941228263262,0.30373541712524765,0.30493506493506495,0.24580233325996037,0.08181157825225621,0.4655624036979969,0.2911688311688312,0.29529605987233104,-0.010096852300242131,-0.062372881355932205,0.10092670041822584,-0.07766453885097953,0.025965221219458507,-0.04197226502311248,-0.1460774818401937,-0.1513779440898085,0.06265903587937487,0.15496808276469293,-0.17790226722430114,0.009042482940788025,-0.10294078802553379,0.06732775698877394,0.14989214175654852,0.29419986792868147,-0.16227823024433194,0.15049306625577813,-0.15846797270526083,-0.05893022232005283,0.11697556680607528,-0.015355491965661458,-0.10554699537750385,0.025604226282192385,0.050138674884437594,0.08285053929121726,-0.04527404798591239,0.06010125467752586,0.36730574510235525,0.34582434514637905,0.20934404578472376,0.07789346246973365,0.12591459388069556,0.2474025974025974,-0.05337442218798151,-0.044237288135593224,0.09991195245432534,0.03852520360994937,-0.06024433193924719,-0.01575610829848118,-0.17902707462029496,-0.10535769315430332,-0.279537750385208,-0.18942328857583096,-0.15214615892581995,0.008186220559101915,-0.012707462029495927,-0.0661897424609289,0.28853180717587495,0.08563284173453665,0.01048646268985252,0.0375478758529606,0.27730134272507156,0.06683469073299582,0.1612590799031477,0.15174994497028396,0.08131631080783623,0.14604666519920756,-0.006020250935505173,0.11897864847017389,0.018712304644508033,-0.1288399735857363,-0.10200528285274048,-0.19356372441118203,0.07527624917455426,0.1765331278890601,0.1551419766674004,0.45471934844816203,0.013565925599823905,0.4574906449482721,0.44315870570107857,0.0400858463570328,-0.06858463570327977,0.2840457847237508,0.02032577591899626,0.399258199427691,0.423614351749945,-0.06749504732555581,0.18403697996918336,-0.09697776799471715,-0.10755668060752807,-0.10300242130750606,0.09902927580893682,-0.05364076601364737,-0.12453004622496149,0.011679506933744222,-0.023590138674884437,-0.04592559982390491,0.045368699097512656,-0.09626678406339423,0.022626018049746864,-0.10175434734756769,-0.14813779440898084,0.02719568567026194,-0.06351970063834471,-0.038769535549196564,-0.1387673343605547
#18,0.05255337882456527,0.28388509795289457,0.2674180057230905,0.05858023332599604,0.26254897644728153,1.0,0.3400924499229584,0.11094430992736078,-0.020570107858243453,0.1437310147479639,0.09241470394012767,0.11134932863746423,0.6963614351749945,0.1275610829848118,-0.14882896764252695,-0.12220999339643407,0.177046004842615,0.45048646268985254,-0.0687211093990755,0.042146158925819945,-0.15354611490204711,-0.06965441338322695,0.23653753026634383,0.1685890380805635,-0.19569887739379266,-0.01726832489544354,0.09195025313669382,0.28293858683689194,0.3565595421527625,0.2432621615672463,0.21722870349988993,0.1417213295179397,-0.25776579352850537,-0.036233766233766236,-0.0036011446180937707,-0.33005062733876295,0.015208012326656395,-0.1260246533127889,0.11280431432973806,-0.08154523442659035,0.0033149900946511115,-0.034884437596302005,-0.012491745542593,-0.13109839313229144,0.1497292537970504,0.15355712084525644,-0.01438036539731455,0.23234426590358795,0.22777900066035658,0.39270085846357033,0.04185119964780982,0.2364406779661017,0.06884437596302002,0.31900946511116,-0.049815100154083206,0.12343165309267004,-0.324389170151882,-0.21710983931322914,-0.14243451463790446,0.01075280651551838,-0.1533876293198327,0.012570988333700198,-0.1900792427911072,-0.2220360994937266,0.12908210433634162,0.38607528065155183,0.11233546114902047,-0.07431653092670042,0.04436715826546335,-0.06790226722430112,0.14056350429231784,0.11064054589478318,-0.14309487123046444,0.1635593220338983,-0.15524543253356812,-0.10497908870790226,-0.095181598062954,0.02600924499229584,0.2855293858683689,0.20931322914373762,0.16932863746423069,0.1876997578692494,-0.28148800352190184,0.07158485582214395,0.03806955756108298,-0.06867708562623817,-0.05658595641646489,0.09574950473255558,0.2666365837552278,-0.022839533348007923,-0.13019370460048427,-0.26070438036539734,-0.1470327977107638,-0.1982544574069998,-0.2685230024213075,0.2509046885318072,0.19518600044023773,-0.058806955756108295,0.06813339203169712,-0.09056350429231785,0.03425709883337002,0.08549416685009906,0.4511138014527845,-0.14801893022232004,0.03407219898745322,-0.20886418666079684,-0.12265903587937486,-0.019425489764472816,-0.2406581554039181,-0.25261501210653753,-0.36602905569007266
#26,0.3109090909090909,0.36960378604446403,0.28566365837552277,0.10060972925379705,0.4068941228263262,0.3400924499229584,1.0,0.32532247413603343,0.40157384987893463,0.4156614571868809,0.2559013867488444,0.3333678186220559,0.25199427690953113,0.16938146599163548,0.023739819502531366,-0.24482940788025534,0.15931102795509575,0.14566145718688092,0.07341184239489325,0.019209773277569887,-0.122491745542593,-0.23581554039181157,0.003268765133171913,-0.03516618974246093,-0.1837574290116663,-0.11215496368038741,-0.11192824125027515,0.1477790006603566,0.3010147479639005,0.14222980409421088,-0.23547875852960598,0.02039621395553599,-0.24790226722430111,-0.25269425489764474,0.005969623596742241,0.02213515298261061,-0.02888399735857363,-0.15933964340744003,0.05837772397094431,-0.1550231124807396,-0.008738718908210433,-0.03385868368919216,0.030629539951573848,-0.07849438696896324,0.1301915034118424,-0.009317631521021351,-0.0015540391811578252,0.3099097512656835,-0.05674664318732115,0.11244772176975566,-0.2009421087387189,0.007406999779881135,-0.12800572309046884,0.07422408100374202,-0.08381465991635483,-0.09019370460048426,-0.2845674664318732,-0.1675676865507374,-0.2303609949372661,-0.07963680387409201,-0.01559982390490865,-0.027512656834690733,0.02960378604446401,-0.14884437596302003,0.0750363196125908,0.22239049086506713,-0.02809156944750165,0.020794629099713847,0.34717587497248514,0.15605546995377503,0.45765793528505394,0.32536209553158707,0.11739159145938807,0.3127294739159146,0.1850627338762932,0.17247413603345807,-0.016390050627338764,0.022995817741580455,0.1291943649570768,0.2340149680827647,0.26502751485802334,0.30394012766894124,-0.24170592119744663,0.42665639445300463,0.31534448602245213,0.03278010125467753,-0.1114637904468413,0.34463570327977106,-0.031565045124367155,0.18395773717807617,0.04287915474356152,-0.16736077481840195,-0.07976447281532027,-0.18894342945190404,-0.25716266784063396,0.12563944530046225,0.03731234866828087,-0.06915474356152322,0.06895443539511337,-0.057574290116663,-0.06843275368699098,-0.062366277790006606,0.020647149460708784,-0.18116883116883117,0.00939687431212855,-0.27931102795509577,-0.15264582874752367,0.005298261060972926,0.0414836011446181,-0.21883116883116882,-0.29967862645828747
#49,0.3706713625357693,0.31262821923838874,0.14982610609729255,0.1668963240149681,0.30373541712524765,0.11094430992736078,0.32532247413603343,1.0,0.528448162007484,0.5437706361435175,0.2647083425049527,0.5400550297160467,0.3253334800792428,0.2279771076381246,-0.14640545894783183,-0.3491305304864627,0.4664604886638785,0.03624477217697557,-0.006136913933524103,-0.20901386748844375,-0.10085846357032797,-0.2626788465771517,-0.05187981510015408,-0.23368258859784283,-0.13705480959718247,-0.25196786264582877,0.2735329077701959,0.2005480959718248,0.2862821923838873,0.14507153863086067,-0.024695135373101473,0.04493506493506493,-0.07326216156724631,0.026044464010565704,0.13401276689412284,-0.11110719788685891,-0.07912612810917896,-0.14928461369139334,-0.011217257318952234,-0.2719788685890381,-0.00225841954655514,0.09210433634162447,0.05965001100594321,-0.15946290997138454,0.05827646929341845,-0.157508254457407,0.3464428791547436,0.43565265243231344,0.20457186880915695,0.16323794849218579,0.2625511776359234,0.31238168611049966,0.30429451904028176,0.08432093330398416,-0.030134272507153864,-0.12306185340083645,-0.2572419106317411,-0.2963020030816641,-0.25151441778560424,-0.247673343605547,-0.30096412062513755,-0.34093770636143517,-0.03784723750825446,-0.2364142637023993,0.2462557781201849,0.17907329958177415,0.01100594320933304,-0.1715892581994277,0.09950473255558001,-0.18191723530706583,0.1795729694034779,0.12190182698657274,0.03983931322914374,0.2501782962799912,-0.11766233766233766,-0.17590138674884437,-0.1766585956416465,-0.3398151001540832,0.02455646048866388,-0.10898745322474136,0.23002861545234426,0.2084041382346467,-0.2465463350209113,0.47690072639225184,0.10757649130530486,-0.08958837772397095,-0.2980563504292318,0.1967114241690513,-0.04813119084305525,0.31689852520360995,0.14300902487343164,-0.21008584635703278,-0.10607968302883557,-0.2863086066475897,-0.22108298481179836,0.03950693374422188,-0.010933303984151441,0.18712965001100595,0.014239489324235088,0.07456306405458948,0.09454325335681268,0.14228263262161567,0.010581113801452784,-0.0939357252916575,0.11451904028175215,0.15736077481840194,-0.013321593660576711,-0.35761171032357475,-0.047745982830728596,-0.32474796390050625,-0.32672683248954437
#50,0.4461501210653753,0.46999119524543254,0.19046665199207571,0.3683931322914374,0.30493506493506495,-0.020570107858243453,0.40157384987893463,0.528448162007484,1.0,0.6146687211093991,0.42274047985912394,0.4862271626678406,0.11761831388950034,0.2111270085846357,-0.03550957517059212,-0.3127294739159146,0.3586814880035219,-0.0659586176535329,0.07756328417345366,-0.21815320272947392,-0.05436055469953775,-0.3200726392251816,-0.19034998899405678,-0.25403037640325776,0.018049746863306185,-0.17264142637023994,0.10552058111380146,0.12516618974246094,0.1506801672903368,-0.032143957737178076,-0.09548316090688971,-0.097508254457407,-0.03355712084525644,-0.11257539071098394,0.14808496588157605,-0.016856702619414483,-0.0875280651551838,-0.15511776359233986,-0.16226282192383887,-0.3485053929121726,0.08958837772397095,-0.10943429451904028,0.137673343605547,-0.05624697336561743,0.05263262161567246,-0.28222320052828526,0.27049746863306184,0.41565925599823905,-0.003885097952894563,-0.05966321813779441,0.07439797490644948,0.06324675324675325,0.19462249614791988,-0.06044023772837332,-0.18791547435615233,-0.29182918776139116,-0.34197226502311245,-0.36368258859784286,-0.19519260400616334,-0.44774158045344487,-0.05823904908650671,-0.1536649790887079,0.17230904688531806,-0.06709002861545234,0.3002707462029496,0.11668500990534889,0.04395773717807616,-0.047134052388289674,0.1458001320713185,0.012509355051727932,0.15355051727933083,0.3120383006823685,-0.001364736957957297,0.14841074180057232,0.022093330398415142,-0.08996478098173014,-0.13847897864847017,-0.20768434954875634,-0.001465991635483161,-0.14024433193924718,0.15548976447281532,0.19032137354171252,-0.1621351529826106,0.4357825225621836,0.03034338542813119,0.08954875632841734,-0.06887079022672243,0.39426370239929565,-0.16285934404578473,0.32864406779661015,0.16290336781862205,0.01726832489544354,-0.022207792207792208,-0.12416685009905348,-0.07187321153422849,-0.08857583094871231,-0.07871670702179177,0.14703720008804755,0.12040942108738718,0.06592119744662117,0.18236847897864847,0.1217213295179397,-0.07579352850539291,0.007140655954215276,0.3079000660356593,0.1174025974025974,0.15852080123266563,-0.16060312568787144,-0.22399295619634602,-0.15404138234646708,-0.15446621175434735
#51,0.5594937266123707,0.47220338983050847,0.4261082984811798,0.5513999559762272,0.24580233325996037,0.1437310147479639,0.4156614571868809,0.5437706361435175,0.6146687211093991,1.0,0.4107704160246533,0.2882984811798371,0.11486242570988334,0.16830948712304644,0.006713625357693155,-0.17212414703940127,0.6499801893022232,0.21107638124587277,-0.13523882896764253,-0.232590799031477,-0.11911732335461149,-0.13145498569227382,0.018250055029716047,0.005463350209112921,0.09207131851199647,-0.1677657935285054,0.20943649570768214,0.2667884657715166,0.02364076601364737,-0.12735417125247633,0.10812678846577152,-0.0063438256658595645,0.049764472815320274,-0.07329077701959058,-0.001904028175214616,-0.1353070658155404,-0.19637904468412942,-0.41828967642526965,-0.12131190843055249,-0.37469073299581773,-0.1148382126348228,-0.19481620074840414,0.1683469073299582,-0.20022672243011225,0.03482500550297161,-0.15595421527624917,0.33047765793528505,0.3815826546335021,0.04980629539951574,0.07743341404358353,0.2019106317411402,0.2297490644948272,0.3541448382126348,0.16799031476997578,-0.08310587717367378,-0.16333259960378604,-0.4414836011446181,-0.4459101915034118,-0.26189522342064714,-0.20116442879154744,-0.15221439577371781,-0.07825225621835791,0.09936825885978429,-0.10752366277790007,0.4023816861104997,0.20955315870570107,0.14242130750605328,0.007037200088047545,0.10754567466431873,-0.06064935064935065,0.2728461369139335,0.20110939907550077,-0.008725511776359234,0.07366497908870791,-0.12427470834250495,-0.0900462249614792,-0.18498128989654414,-0.19654193264362757,0.1319392471934845,-0.19745982830728592,-0.017946290997138455,0.1614241690512877,-0.2211534228483381,0.32121065375302665,-0.055813339203169714,-0.08043143297380585,-0.12492626018049748,0.21691613471274487,-0.12092449922958398,0.2820735197006383,0.014052388289676426,-0.13959718247853842,-0.06680167290336782,-0.16955976227162667,-0.0633281972265023,0.13334580673563726,0.04844155844155844,0.3379022672243011,0.33261060972925377,0.1724785384107418,0.43035219018269866,0.3066872110939908,0.036733436055469956,0.21798151001540833,0.41786704820603127,0.2652388289676425,0.2796896324014968,-0.22848778340303763,-0.1790116662998019,-0.26751045564604886,-0.212689852520361
#52,0.12171912832929782,0.23816861104996698,0.13743341404358353,0.1609619194364957,0.08181157825225621,0.09241470394012767,0.2559013867488444,0.2647083425049527,0.42274047985912394,0.4107704160246533,1.0,0.2737376183138895,0.09421967862645829,0.2528197226502311,-0.009905348888399735,-0.14670922298040942,0.3540677966101695,0.002577591899625798,-0.15818181818181817,-0.33298481179837114,-0.15484921857803213,-0.2342196786264583,-0.007380585516178736,-0.2267092229804094,0.002718467972705261,-0.18073959938366718,0.08738278670482061,0.13923838872991415,-0.1328021131410962,-0.17309267004182258,-0.006795069337442219,-0.12896103896103897,-0.01629980189302223,-0.0674224081003742,-0.14631080783623157,-0.1356548536209553,-0.3015496368038741,-0.28249394673123485,-0.24534448602245212,-0.2434096412062514,-0.17637684349548757,-0.09197446621175434,-0.07668280871670702,-0.2969601584855822,0.15165969623596742,-0.10179837112040502,0.2965595421527625,0.32765793528505394,0.05858463570327977,-0.027270526084085405,0.24777459828307286,0.12703499889940567,0.12701518820162888,-0.14038520801232665,-0.18593220338983052,-0.36865727492846134,-0.056927140655954216,-0.22836671802773498,0.03894783182918776,-0.18181818181818182,0.02732775698877394,-0.09667840633942329,0.1001452784503632,-0.004441998679286815,0.3426304204270306,-0.0837574290116663,0.1134668721109399,0.14091789566365837,-0.04167290336781862,-0.009178956636583755,0.03724851419766674,0.044519040281752145,-0.2506779661016949,-0.22735417125247634,-0.07890160686770856,-0.16969623596742242,-0.059742460928901606,-0.057354171252476334,-0.014136033458067356,-0.16534448602245214,0.13833370019810698,0.12044904248294079,-0.06825225621835791,0.2584789786484702,-0.21952894563064054,0.09252256218357913,0.04203389830508475,0.04554479418886199,-0.10292758089368259,0.13485582214395775,-0.1523464670922298,0.09979308826766455,0.0462293638564825,0.04178296279991195,0.13692934184459607,0.11290777019590578,-0.296847897864847,0.35672022892361877,0.1745960818842175,0.32594100814439797,0.207739379264803,0.20115782522562184,-0.05092890160686771,0.1012062513757429,0.2059784283513097,0.22658815760510675,0.042795509575170594,-0.0812788906009245,-0.22497248514197668,0.07026194144838213,0.03317631521021352
#53,0.3568897204490425,0.20361435174994497,0.05797050407219899,0.20668721109399074,0.4655624036979969,0.11134932863746423,0.3333678186220559,0.5400550297160467,0.4862271626678406,0.2882984811798371,0.2737376183138895,1.0,0.31753907109839313,0.28976667400396217,-0.2580497468633062,-0.3731983270966322,0.2809112920977328,-0.07051727933083865,-0.07680387409200969,-0.2761479198767334,-0.24977107638124588,-0.3828593440457847,-0.10342284833810257,-0.17182918776139114,-0.2483314990094651,-0.09450143077261722,0.013964340744001762,0.016070878274268105,0.2756834690732996,0.20515738498789346,-0.08932863746423068,0.10244772176975567,-0.16754567466431874,-0.024375963020030818,0.18573629760070437,0.037895663658375524,-0.09462469733656174,-0.058496588157605105,-0.08588377723970944,-0.16287034998899405,-0.07697116442879155,0.08997798811358133,0.1663878494386969,-0.011536429672022893,0.039711644287915474,-0.17861104996698218,0.2901496808276469,0.32604226282192383,0.09386308606647589,-0.19786264582874752,0.10384767774598283,-0.04034558661677306,-0.06891481399955976,-0.23686770856262382,-0.20870570107858244,-0.34290556900726393,-0.1160510675764913,-0.31813119084305524,-0.13276029055690072,-0.26478978648470175,0.03914593880695576,-0.12329517939687432,0.282161567246313,0.003984151441778561,0.19360114461809377,0.05068677085626238,0.17968523002421308,-0.15868589038080563,-0.006337222099933965,-0.057466431873211536,0.06379264802993617,0.23978428351309708,0.0039203169711644285,0.2434426590358794,0.122326656394453,-0.08561082984811798,0.09054369359454105,-0.05277790006603566,-0.1186748844375963,0.07967202289236187,0.3524543253356813,0.35556900726392254,-0.14972485141976669,0.6846357032797711,0.399537750385208,0.2130662557781202,0.04839753466872111,0.4509883337001981,-0.07769095311468192,0.5850583314990094,0.29430112260620733,0.1024785384107418,0.08710543693594541,-0.04938806955756108,-0.0035681267884657714,-0.1942394893242351,-0.04805414924058992,0.13482940788025533,-0.04068456966762052,0.12545894783182918,0.05844816200748404,0.11163108078362316,0.03026634382566586,0.0088069557561083,0.0711204050187101,0.06007043803653973,-0.13196786264582874,0.037103235747303544,-0.09629319832709664,-0.025384107418005723,-0.02952014087607308
#54,0.12763152102135153,0.2523420647149461,0.21074180057230904,0.08113141096191943,0.2911688311688312,0.6963614351749945,0.25199427690953113,0.3253334800792428,0.11761831388950034,0.11486242570988334,0.09421967862645829,0.31753907109839313,1.0,0.024827206691613472,-0.25637684349548756,-0.42477437816420865,0.2049306625577812,0.37467092229804094,-0.22419106317411402,-0.15923618754127228,-0.16514417785604227,-0.2517961699317631,0.1911600264142637,0.031818181818181815,-0.19785384107418005,-0.17981289896544134,0.17397094430992735,0.291089588377724,0.49443759630200307,0.30401056570548096,0.3038058551617874,0.1188795949812899,-0.1516817081223861,0.037499449702839534,0.1921021351529826,-0.3542064714946071,0.11874972485141977,-0.17165749504732555,0.07508034338542813,-0.13830288355712084,0.045685670261941445,0.03691173233546115,0.12686330618534009,-0.20475016508914815,0.14767774598283073,0.09264582874752367,0.12206911732335461,0.30007704160246534,0.16988994056790668,0.35933964340744,0.054543253356812677,0.24173233546114903,0.06535989434294519,0.2557296940347788,-0.05231565045124367,0.07193264362755888,-0.1882588597842835,-0.21896544133832269,-0.10433634162447722,-0.038459167950693374,-0.21680827646929343,-0.14050187101034559,-0.19008364516839094,-0.378432753686991,0.15976447281532027,0.5003169711644287,0.09981730134272507,-0.23635042923178518,-0.17007043803653973,-0.2925841954655514,0.008615452344265903,0.042425709883337,-0.12332159366057671,0.23689852520360996,-0.17103015628439358,-0.13867708562623818,0.0039467312348668284,-0.03777239709443099,0.22254897644728153,0.11540391811578252,0.23817521461589258,0.19608188421747744,-0.07901826986572749,0.3265793528505393,0.03324014968082765,-0.060310367598503195,-0.16499229583975347,0.15404138234646708,0.13536429672022893,0.1228483381025754,0.029029275808936827,-0.17637244111820383,-0.04199427690953115,-0.18073299581774158,-0.1700792427911072,0.09653312788906009,0.13535989434294518,-0.003301782962799912,0.1026502311248074,0.020651551837992516,0.00461369139335241,0.1622474136033458,0.37129650011005944,-0.19646929341844596,0.0561303103675985,-0.1509090909090909,-0.2312194585075941,-0.15152762491745542,-0.21422408100374202,-0.18731895223420647,-0.32414483821263484
#58,0.08354611490204711,-0.09303984151441778,-0.3354281311908431,-0.040158485582214395,0.29529605987233104,0.1275610829848118,0.16938146599163548,0.2279771076381246,0.2111270085846357,0.16830948712304644,0.2528197226502311,0.28976667400396217,0.024827206691613472,1.0,0.15546995377503853,-0.008972044904248294,0.03516618974246093,-0.27878274268104775,-0.09215716486902928,-0.18082544574069997,-0.14399955976227163,-0.1856306405458948,-0.11847017389390271,-0.13857362976007043,-0.11586836891921638,-0.0501122606207352,0.06517059211974466,0.09092229804094211,-0.1074356152322254,0.08488663878494387,-0.004246092890160686,1.3207131851199647e-05,-0.11872331058771737,-0.20419106317411403,0.245511776359234,0.19499889940567908,-0.3071472595201409,-0.043209333039841515,-0.07752366277790007,-0.08687431212854942,0.10607748184019371,0.04486022452124147,0.07399075500770416,0.06658595641646489,0.1256020250935505,-0.06103015628439357,0.437079022672243,0.362491745542593,0.2312326656394453,-0.05950473255558001,0.26154523442659033,0.1306075280651552,0.007732775698877394,-0.2256548536209553,-0.3181488003521902,-0.40286374642306844,-0.26565705480959717,-0.317673343605547,-0.18793968743121287,-0.0986616773057451,0.018978648470173894,-0.11665639445300462,0.5483138895003302,0.3016090688972045,0.17150561303103676,0.0748910411622276,0.5240259740259741,0.1960510675764913,0.010607528065155183,0.17278450363196127,-0.1076139115122166,0.07832049306625578,-0.14689852520360994,-0.142491745542593,0.15664318732115343,-0.19421747743781642,-0.1403499889940568,-0.2673717807616113,-0.09706141316310808,-0.10271846797270526,-0.06521681708122386,0.24701738939027074,-0.0736385648250055,0.24671362535769314,0.3386506713625358,0.06176755447941889,-0.030204710543693593,0.0787937486242571,-0.037206691613471274,0.4546973365617433,0.10285274047985912,-0.20511996478098174,0.1958067356372441,-0.09974466211754347,-0.019033678186220558,-0.30110939907550077,-0.28862645828747524,0.07294078802553379,-0.147277129650011,0.2591173233546115,0.17629980189302225,0.02185560202509355,-0.09842615012106537,0.08182478538410742,-0.01199867928681488,0.14105436935945412,0.0671912832929782,-0.032995817741580453,-0.005705480959718248,0.019374862425709884,0.03952014087607308
#101,-0.3451882016288796,-0.017169271406559543,-0.26771956856702617,-0.12651331719128328,-0.010096852300242131,-0.14882896764252695,0.023739819502531366,-0.14640545894783183,-0.03550957517059212,0.006713625357693155,-0.009905348888399735,-0.2580497468633062,-0.25637684349548756,0.15546995377503853,1.0,0.5769051287695356,-0.20058331499009466,-0.26118864186660795,0.39314769975786923,0.45555800132071317,0.493152102135153,0.1710741800572309,0.14482940788025533,-0.08181377944089809,-0.0511270085846357,-0.20566585956416464,-0.0029055690072639223,-0.06688091569447502,-0.3325115562403698,-0.29313449262601804,-0.2599053488883997,-0.4429958177415805,0.14492846136913934,-0.22889060092449923,-0.13598723310587718,0.16761611270085847,-0.08210433634162448,0.14645168390931101,-0.10243451463790447,-0.0812326656394453,0.1568765133171913,-0.06904028175214616,0.3001364736957957,0.3247259520140876,0.11037420206911733,0.19871230464450804,-0.06955535989434294,-0.09469953775038521,-0.10972044904248295,0.08106317411402157,-0.05108958837772397,0.050900286154523446,0.0848712304644508,-0.012234206471494606,0.01486682808716707,-0.05735197006383447,-0.23771516618974245,0.13198327096632181,-0.20545674664318733,0.16910851860004403,-0.3748778340303764,-0.34243011226062076,0.08817961699317632,0.17346687211093992,-0.3257495047325556,-0.1038432753686991,0.2086220559101915,0.26583094871230467,0.48911071978868587,0.48558881796169934,0.07042923178516398,-0.02911732335461149,0.27767774598283074,-0.10224521241470394,0.0854721549636804,-0.010061633281972265,-0.37204050187101034,-0.41205370900286153,-0.056876513317191284,-0.24738498789346247,-0.19723970944309926,0.03259960378604446,0.10069337442218798,-0.21216596962359674,-0.04428571428571428,-0.4937640325775919,-0.4687739379264803,-0.19795729694034778,-0.20297160466651992,-0.032143957737178076,0.10352850539291217,-0.27157164869029277,0.17597402597402598,-0.31160906889720447,-0.1870922298040942,-0.1239159145938807,-0.2397292537970504,-0.1397754787585296,-0.11148139995597622,-0.1433942328857583,-0.09575610829848118,-0.18079462909971383,-0.43060972925379704,-0.024979088707902268,0.10020030816640986,-0.1113911512216597,0.046713625357693155,-0.37544353951133613,0.06576711424169052,-0.2379683028835571,-0.20294298921417567
#102,-0.3492824125027515,-0.18407440017609508,-0.2832159366057671,-0.09723090468853181,-0.062372881355932205,-0.12220999339643407,-0.24482940788025534,-0.3491305304864627,-0.3127294739159146,-0.17212414703940127,-0.14670922298040942,-0.3731983270966322,-0.42477437816420865,-0.008972044904248294,0.5769051287695356,1.0,-0.2999889940567907,-0.24701078582434516,0.34441338322694254,0.4918335901386749,0.2582192383887299,0.5382390490865067,0.018551617873651772,0.08676425269645609,0.046557340964120626,0.19809156944750164,-0.06665859564164649,-0.15236407660136475,-0.5581488003521902,-0.2154853620955316,-0.1973629760070438,-0.14770416024653313,0.08011005943209333,-0.02802553378824565,-0.3550319172353071,0.1308232445520581,-0.13204050187101035,0.27500770416024656,-0.11769095311468193,0.19507373981950255,-0.10523662777900065,0.05173893902707462,0.02051948051948052,0.24197006383447062,-0.08515958617653532,0.19685450143077263,-0.28212414703940125,-0.43800572309046887,-0.10097952894563064,-0.125346687211094,-0.08732115342284834,-0.15581774158045344,-0.0029892141756548535,-0.09674884437596303,0.0649042482940788,0.04306185340083645,0.01945410521681708,0.3164736957957297,-0.01642526964560863,0.13983270966321815,-0.17243451463790446,-0.09699537750385208,0.035414924058991853,0.4126106097292538,-0.31549416685009907,-0.25665199207572087,0.22664758969843715,0.47028615452344263,0.30026194144838214,0.4158221439577372,-0.049614791987673344,-0.1611798371120405,0.18176315210213514,-0.20374202069117323,-0.056869909751265685,-0.03548316090688972,-0.21063834470614132,-0.1707902267224301,-0.11267224301122607,0.006401056570548096,-0.32569887739379266,-0.22610609729253797,0.07747303543913714,-0.47919436495707685,-0.11973585736297601,-0.3420316971164429,-0.16112700858463572,-0.33120405018710103,-0.04626678406339423,-0.16059652212194586,-0.0862095531587057,-0.09598503191723531,-0.011085186000440238,0.02023332599603786,0.05765353290777019,-0.09966321813779441,-0.012925379705040723,-0.18455205811138015,-0.28360114461809377,-0.23692493946731236,-0.18153202729473916,-0.3275896984371561,-0.24463350209112922,-0.08745102355271847,-0.1687012987012987,-0.06399735857362976,-0.09484041382346467,-0.12053929121725732,-0.03437596302003082,0.05983711204050187,0.10204270305965221
#201,0.5508056350429231,0.4262733876293198,0.5688487783403038,0.6874003962139555,0.10092670041822584,0.177046004842615,0.15931102795509575,0.4664604886638785,0.3586814880035219,0.6499801893022232,0.3540677966101695,0.2809112920977328,0.2049306625577812,0.03516618974246093,-0.20058331499009466,-0.2999889940567907,1.0,0.5007792207792208,-0.3084107418005723,-0.3956504512436716,-0.3381664098613251,-0.3078780541492406,0.05088928021131411,-0.18153642967202288,-0.02457627118644068,-0.285610829848118,0.3842394893242351,0.3916156724631301,0.12455866167730574,-0.1309619194364957,0.41197226502311246,0.08970724191063174,0.11983050847457627,-0.05920977327756989,-0.03182698657274929,-0.19992515958617654,-0.26348668280871673,-0.38830728593440456,-0.22314549856922739,-0.4867950693374422,-0.16569667620515077,-0.32577151661897424,0.016678406339423288,-0.31718908210433633,-0.00585956416464891,-0.3179815100154083,0.512590799031477,0.5218776139115122,0.09841074180057231,0.17972044904248294,0.37970724191063177,0.4249900946511116,0.5616508914813999,0.13285053929121726,-0.19810477657935285,-0.2820559101915034,-0.4082456526524323,-0.5451705921197446,-0.09203609949372661,-0.3524521241470394,-0.18310147479639005,-0.14819282412502752,-0.02946731234866828,-0.2060378604446401,0.6657935285053929,0.3109883337001981,0.17535329077701958,-0.08118203830068237,0.061833590138674885,-0.14399735857362975,0.4233634162447722,0.37086946951353733,-0.0650891481399956,0.040079242791107195,-0.36351749944970285,-0.2890226722430112,-0.1487409200968523,-0.23884437596302002,0.05716486902927581,-0.18847897864847019,-0.08338322694254897,0.10372661237068016,-0.1330574510235527,0.35049526744442,-0.10350429231785165,-0.09289676425269645,-0.10584415584415584,0.11444199867928681,-0.0959255998239049,0.20683909311027954,-0.22821703720008804,-0.1259850319172353,-0.2745146379044684,-0.09294739159145939,0.07672022892361875,0.4588597842835131,-0.046953554919656616,0.6928285274047986,0.5254105216817081,0.5254545454545455,0.6292427911071979,0.6743099273607748,0.279603786044464,0.4059520140876073,0.5129627999119525,0.4874356152322254,0.4070746202949593,-0.2465925599823905,-0.16110939907550076,-0.18152762491745542,-0.11636583755227824
