,#10,#11,#12,#13,#17,#18,#26,#49,#50,#51,#52,#53,#54,#58,#101,#102,#201,#202,#301,#302,#401,#402,#501,#502,#601,#602,#701,#702,#801,#802,#901,#902,#1001,#1002,#1101,#1102,#1201,#1202,#1301,#1302,#1401,#1402,#1501,#1502,#1601,#1602,#1701,#1702,#1801,#1802,#1901,#1902,#2001,#2002,#2101,#2102,#2201,#2202,#2301,#2302,#2401,#2402,#2501,#2502,#2601,#2602,#2701,#2702,#2801,#2802,#2901,#2902,#3001,#3002,#3101,#3102,#3201,#3202,#3301,#3302,#3401,#3402,#3455,#3501,#3502,#3601,#3602,#3701,#3702,#3801,#3802,#3901,#3902,#4001,#4002,#4101,#4102,#4201,#4202,#4301,#4302,#4401,#4402,#4501,#4502,#4601,#4602,#4701,#4702,#4801,#4802
#10,1.0,0.2521571648690293,0.2675236627779001,0.4309707241910632,0.21189522342064715,0.2574290116662998,0.2996059872331059,0.623020030816641,-0.058932423508694695,0.35536209553158704,0.2179572969403478,0.33531587057010787,0.18836891921637686,0.04266784063394233,-0.3502355271846797,-0.46910851860004404,0.19100374202069118,0.23510895883777239,-0.21086726832489544,-0.05147259520140876,-0.19119084305524983,-0.2577591899625798,-0.12473695795729695,-0.21257979308826766,-0.15039841514417784,-0.17965001100594322,0.07871890821043363,0.13214175654853622,0.04991195245432534,-0.007506053268765133,0.3532621615672463,0.2046665199207572,0.2873717807616113,-0.010598723310587718,-0.10195245432533569,0.12918115782522563,0.12324014968082765,0.0574686330618534,-0.04078802553378825,-0.1351948051948052,-0.0311996478098173,0.006134712744882236,0.009082104336341625,0.015381906229363857,-0.08616773057451023,-0.21537750385208013,0.22835571208452565,0.29038961038961036,0.11422628219238389,-0.137178076161127,0.023086066475896984,-0.05283953334800792,0.11360774818401936,-0.2799493726612371,-0.16540171692714065,-0.32733436055469955,-0.10989214175654853,-0.20429892141756548,-0.05077922077922078,-0.21828527404798592,0.2658683689192164,0.22509134932863747,-0.03615892581994277,0.013838872991415365,0.13504512436715826,0.2403169711644288,0.08645168390931103,0.08202949592780101,0.12455866167730574,0.03837112040501871,0.22289236187541273,0.17829627999119524,0.12232885758309488,0.3247677745982831,-0.14134932863746424,0.1151353731014748,0.0788069557561083,0.20159366057671144,0.06041602465331279,0.03920757208892802,0.14884437596302003,0.19625797930882677,-0.18375302663438256,0.19694034778780542,0.3515298261060973,0.12408100374202069,0.22494827206691614,0.12007043803653973,-0.10379925159586177,0.11267224301122607,0.07058111380145278,0.21850539291217258,-0.026387849438696896,-0.023759630200308166,0.02386748844375963,-0.06222099933964341,-0.10566365837552279,0.3143605546995378,-0.14143517499449704,0.4000968523002421,0.22900946511116002,0.3964428791547436,0.1733348007924279,0.44715606427470833,0.31077041602465333,0.47525643847677745,0.2912304644508034,0.22059872331058772,0.3400132071318512,-0.030605326876513315,-0.01223200528285274
#11,0.2521571648690293,1.0,0.5502091129209773,0.3970548095971825,0.4410851860004402,0.3728439357252917,0.5293022232005283,0.18569227382786704,0.39289676425269643,0.5683953334800792,0.585824345146379,0.21936385648250056,0.3824125027514858,0.5068368919216377,0.03771076381245873,0.016147919876733436,0.5429980189302224,0.4208518600044024,-0.2840457847237508,-0.1768765133171913,-0.28606207351970064,-0.3406845696676205,-0.025617433414043583,-0.054268104776579354,0.186847897864847,-0.09573629760070439,-0.2942593000220119,-0.1952542372881356,0.2461567246313009,0.14377503852080123,0.19015628439357252,0.21782082324455207,0.2932291437376183,0.17989654413383227,0.16338983050847458,0.20541712524763373,0.3114175654853621,0.2348778340303764,0.19361655293858684,-0.08511776359233986,0.2313053048646269,0.2587739379264803,0.14211314109619194,0.17915254237288136,0.3373695795729694,-0.010944309927360774,-0.29155183799251594,-0.1339863526304204,-0.14924719348448162,-0.29625797930882675,0.034270305965221216,0.017759189962579792,-0.02185560202509355,-0.11583755227823024,-0.16685230024213074,-0.06691613471274488,-0.3551067576491305,-0.2642769095311468,0.07549196566145719,-0.04821043363416245,-0.4549922958397535,-0.31080343385428133,-0.12709883337001981,0.015936605767114243,0.012454325335681268,0.03019370460048426,0.2561765353290777,-0.028005723090468854,0.2308232445520581,0.14333920316971163,0.3744089808496588,0.12323574730354392,-0.30297380585516176,-0.06180937706361435,-0.312260620735197,-0.1508760730794629,-0.43442438917015186,-0.26141976667400396,0.26158045344486025,0.13103455866167732,0.05069117323354611,0.1246136913933524,0.24229143737618314,0.22992956196346026,0.13134272507153863,-0.36267444419986794,-0.24907329958177415,0.08808276469293419,0.06618093770636144,0.23068677085626238,0.10257539071098393,0.0940215716486903,0.16301782962799913,-0.3079110719788686,-0.1328087167070218,0.3617059211974466,0.3546709222980409,0.34366938146599163,0.12951353731014748,0.04597402597402597,0.014314329738058552,0.2199867928681488,0.15689852520360995,0.12694254897644727,0.053882896764252695,0.08506273387629319,0.04134932863746423,-0.40824345146379043,-0.14043583535108958,-0.5085934404578473,-0.3285824345146379
#12,0.2675236627779001,0.5502091129209773,1.0,0.6170063834470614,0.313497688751926,0.5893132291437376,0.37668060752806515,-0.07270085846357033,0.08039401276689412,0.5233744221879815,0.39403257759189964,0.20810477657935286,0.2623662777900066,0.2908364516839093,-0.05184239489324235,-0.1693682588597843,0.5576315210213515,0.5908188421747744,-0.3035108958837772,-0.1796896324014968,-0.2973695795729694,-0.2858331499009465,0.264058991855602,0.2600814439797491,0.24197886858903808,0.0623992956196346,0.11288355712084526,0.20337222099933963,-0.023035439137134052,-0.06720669161347127,0.24744662117543473,0.17689192163768436,0.48537090028615454,0.17381906229363855,-0.06414043583535109,-0.006106097292537971,0.18819282412502752,0.1574884437596302,0.11134272507153863,-0.12104336341624478,0.013931322914373762,0.26627338762931985,-0.05195465551397755,-0.027444419986792867,0.1874620294959278,0.046484701738939024,0.058518600044023775,0.22691393352410302,0.03974686330618534,0.03977767994717147,0.3310587717367378,0.19057010785824346,0.2593000220118864,0.04736737838432754,-0.10227382786704821,-0.2532225401716927,-0.29398195025313667,-0.4234866828087167,-0.12956856702619415,-0.08434954875632841,-0.19223200528285275,-0.11565045124367158,-0.2979330838652873,-0.22065595421527626,0.16865067136253578,0.18543913713405238,-0.04556240369799692,-0.13390050627338762,0.17186220559101914,-0.09915254237288136,0.25176095091349326,0.4081928241250275,-0.10768655073739819,-0.02363416244772177,-0.3891899625797931,-0.07867048206031257,-0.15007704160246532,-0.05254017169271406,0.28380585516178736,0.1304028175214616,-0.08876513317191283,0.18165969623596742,0.10068016729033678,0.11679727052608409,0.2349702839533348,-0.14726172132951795,-0.008529605987233105,-0.04082324455205811,-0.12924719348448163,0.06765133171912834,-0.06279550957517059,-0.09465111160026414,0.1129672022892362,-0.16937046004842615,-0.13720228923618755,0.5044684129429892,0.3228857583094871,0.7007528065155184,0.46493286374642306,0.3552608408540612,0.3819150341184239,0.473992956196346,0.29508694695135373,0.4842504952674444,0.41399075500770416,0.42801232665639444,0.3906141316310808,-0.21455205811138015,-0.11558881796169931,-0.3467356372441118,-0.22313009024873431
#13,0.4309707241910632,0.3970548095971825,0.6170063834470614,1.0,0.23808276469293418,0.42747963900506275,0.36542813119084305,-0.021069777679947173,0.06948932423508694,0.6479176755447942,0.34255998239049085,0.2232115342284834,0.386880915694475,0.185181598062954,-0.08212854941668501,-0.31153202729473917,0.3747809817301343,0.2792868148800352,-0.24039401276689412,-0.11320713185119964,-0.08310587717367378,-0.14858023332599604,0.24695355491965662,0.05170151882016289,0.028622055910191502,0.08692934184459608,0.1412788906009245,0.2391041162227603,-0.04815100154083205,-0.1224983491085186,0.20911952454325336,-0.03378604446401057,0.19467752586396656,0.07570768214836011,0.008593440457847238,0.061683909311027955,0.008162007484041382,0.16597402597402597,0.03998459167950694,-0.025049526744442,-0.004758969843715606,0.30570327977107636,-0.020770416024653314,-0.13506713625357694,-0.05664979088707902,-0.1811600264142637,0.13784283513097073,0.2614637904468413,-0.06397094430992736,-0.0912987012987013,0.2458265463350209,0.0012612810917895663,0.009795289456306406,-0.0175676865507374,-0.1290975126568347,-0.2974730354391371,-0.16637904468412942,-0.2987739379264803,-0.18453224741360336,-0.1610477657935285,-0.037666740039621394,0.08407880255337882,-0.19126348228043144,-0.055331278890600924,0.3154633502091129,0.237112040501871,0.15154743561523223,-0.04015628439357253,0.15104336341624477,0.1216751045564605,0.1873497688751926,0.27274488223640764,-0.028016729033678186,-0.04893242350869469,-0.17044684129429893,0.1066123706801673,-0.03366057671142417,0.17943429451904028,0.2259586176535329,0.24555580013207132,-0.11072419106317412,0.3739863526304204,0.22422848338102574,0.13517279330838652,0.18272727272727274,-0.09314769975786925,0.17516398855381907,-0.010673563724411183,-0.06920096852300242,-0.023119084305524982,-0.07411622276029056,0.10324895443539511,-0.0787541272287035,-0.11808496588157605,-0.27383887299141535,0.2518291877613911,0.3213713405238829,0.4870988333700198,0.2517741580453445,0.333152102135153,0.3197160466651992,0.2629583975346687,0.11778780541492406,0.3018534008364517,0.31676645388509794,0.2888421747743782,0.3163944530046225,-0.08661016949152542,0.09553819062293639,-0.24158045344486023,-0.024285714285714285
#17,0.21189522342064715,0.4410851860004402,0.313497688751926,0.23808276469293418,1.0,0.3110653753026634,0.2730332379484922,0.1349042482940788,0.2309090909090909,0.2818842174774378,0.24281311908430553,0.10162887959498129,0.23586836891921636,0.3550737398195025,-0.1390248734316531,-0.2510103455866168,0.4548734316530927,-0.017160466651992074,-0.4780739599383667,-0.2587827426810478,-0.16579572969403478,-0.3459278010125468,-0.19805635042923178,0.009973585736297601,0.15023992956196347,-0.08576931543033238,-0.1984503631961259,-0.11828747523662778,0.18663658375522782,-0.0033546114902047106,0.26391811578252256,0.18827426810477657,0.14823024433193924,-0.16847237508254456,-0.08660356592559983,-0.07256878714505834,0.12357473035439137,-0.04195905789126128,0.23442218798151002,-0.23458287475236628,0.1878252256218358,-0.03805855161787365,0.31372220999339645,-0.07474136033458068,0.2278516398855382,0.03143517499449703,-0.03385868368919216,-0.003951133612150561,-0.06084965881576051,-0.20007704160246534,-0.03454105216817081,0.1684041382346467,-0.07116002641426371,0.015824345146379044,-0.1576007043803654,-0.13403037640325777,-0.35237508254457406,-0.33404578472375085,0.02350429231785164,-0.042670041822584194,-0.1507506053268765,-0.05581994276909531,0.20601584855822144,0.18269205370900285,-0.10701518820162888,-0.06085626238168611,0.28756328417345367,0.12041162227602906,-0.08478978648470174,0.0627690953114682,0.03296500110059432,-0.02403037640325776,-0.3897776799471715,-0.11498569227382786,-0.33679947171472596,-0.09819942769095312,-0.23195685670261942,-0.07795949812898965,0.22229143737618315,0.03922077922077922,0.07781201848998459,0.4067642526964561,0.11457406999779882,0.21287915474356153,0.34233546114902047,-0.11899405679066696,-0.027367378384327536,0.14516398855381907,0.18246973365617433,0.41523662777900067,0.24411182038300683,0.18599163548316092,0.14582214395773718,-0.08961038961038961,0.0842196786264583,0.3224983491085186,0.20572529165749504,0.3447919876733436,0.17902047105436936,0.09644948272066917,0.026909531146819283,0.14260620735197008,-0.1151023552718468,0.15437816420867267,-0.013321593660576711,0.03154963680387409,-0.09528945630640547,-0.047373981950253136,0.003301782962799912,-0.2903103675985032,-0.1597292537970504
#18,0.2574290116662998,0.3728439357252917,0.5893132291437376,0.42747963900506275,0.3110653753026634,1.0,0.34475236627779,-0.014188861985472156,0.024270305965221218,0.4078846577151662,0.32276689412282633,0.3165265243231345,0.515808936825886,0.32335901386748844,-0.12140876073079462,-0.29574510235527185,0.5576755447941889,0.5239335241030156,-0.4400264142637024,-0.4707990314769976,-0.4332753686990975,-0.41450803433854283,0.020917895663658377,0.002143957737178076,-0.020788025533788244,-0.0627690953114682,0.09103675985031917,0.10346246973365618,0.21491305304864627,0.22066696015848558,0.44625797930882677,0.2762425709883337,0.351468192824125,0.05763812458727713,0.02947391591459388,0.1392361875412723,0.1860774818401937,0.07615452344265904,-0.02364076601364737,-0.18138014527845037,-0.19265243231344925,0.201930442438917,0.027682148360114463,-0.019907550077041602,0.07800352190182698,-0.1512194585075941,0.1773233546114902,0.32326436275588816,-0.0663020030816641,-0.08871890821043363,0.246847897864847,0.11561523222540172,0.14215936605767115,-0.07960158485582214,-0.14164208672683248,-0.37668500990534887,-0.3423948932423509,-0.444620294959278,-0.1931565045124367,-0.25059432093330397,-0.19336561743341404,-0.08381906229363857,-0.28238828967642526,-0.1911468192824125,0.09422848338102575,0.0387937486242571,0.20213955535989434,0.12070217917675545,0.1012987012987013,-0.07959498128989655,0.207046004842615,0.1417191283292978,-0.23164208672683248,0.023002421307506054,-0.47626678406339423,-0.20815100154083205,-0.19737178076161127,0.031857803213735415,0.24645828747523663,0.21429011666299802,0.09055910191503412,0.45393132291437377,-0.002172573189522342,0.42844155844155846,0.27850099053488886,-0.10175874972485142,0.1036121505613031,-0.027750385208012325,-0.09790887079022673,0.3487475236627779,0.03790446841294299,0.16220779220779222,-0.03321813779440898,-0.052293638564825,-0.10993176315210214,0.23753026634382565,0.053308386528725514,0.4518534008364517,0.2615078142196786,0.3368346907329958,0.3239621395553599,0.49392471934844817,0.4418445960818842,0.36472154963680387,0.29285934404578473,0.34305524983491087,0.43799911952454323,-0.14334360554699538,0.04686990975126568,-0.2574708342504953,-0.1403499889940568
#26,0.2996059872331059,0.5293022232005283,0.37668060752806515,0.36542813119084305,0.2730332379484922,0.34475236627779,1.0,0.2125049526744442,0.2525687871450583,0.519423288575831,0.49349768875192607,0.2669931763152102,0.3961479198767334,0.3751904028175215,-0.1756218357913273,-0.17467312348668282,0.34398635263042043,0.3498239049086507,-0.22035439137134052,-0.23625137574290117,-0.24907329958177415,-0.3007109839313229,-0.14969183359013868,-0.1562293638564825,0.2280673563724411,-0.11580673563724411,-0.13273387629319833,-0.167012987012987,0.13378164208672683,0.007613911512216597,0.26694695135373103,0.11576491305304865,0.3347919876733436,0.06985031917235307,-0.12887079022672243,0.11216817081223861,0.29136693814659914,0.08962579793088268,0.08282632621615672,-0.17651551837992516,0.06899405679066696,0.01357473035439137,0.1806911732335461,0.24705480959718248,0.061804974686330616,-0.13472815320272946,-0.12115562403697996,0.005225621835791327,-0.14518600044023772,-0.339471714725952,0.1877790006603566,0.12746643187321152,0.19784283513097073,-0.19060092449922958,-0.11734536649790887,-0.22474576271186442,-0.2760906889720449,-0.2273629760070438,-0.0032665639445300463,-0.09768875192604007,-0.38119744662117544,-0.2484833810257539,-0.10542813119084306,0.06290556900726392,-0.0904820603125688,0.1589456306405459,0.0661699317631521,0.16920316971164429,0.31438036539731457,0.20443099273607748,0.26280431432973805,0.1956614571868809,-0.20723310587717367,0.07569227382786704,-0.3977415804534449,-0.04718908210433634,-0.33402377283733214,-0.07295179396874311,0.18675985031917236,0.072326656394453,0.20175874972485142,0.14025313669381467,0.04571648690292758,0.19900726392251816,0.162260620735197,-0.29309487123046446,-0.09214395773717808,-0.04216156724631301,-0.0112987012987013,0.23685230024213075,0.1897160466651992,0.16270085846357032,0.0613779440898085,-0.27700858463570327,-0.13312788906009246,0.3748536209553159,0.199768875192604,0.3318930222320053,0.22377503852080124,0.23672243011226063,0.06228043143297381,0.32839533348007927,0.29117103235747305,0.12931102795509575,0.10258419546555139,0.23321593660576712,0.09169931763152102,-0.295016508914814,-0.05101254677525864,-0.445643847677746,-0.23366057671142418
#49,0.623020030816641,0.18569227382786704,-0.07270085846357033,-0.021069777679947173,0.1349042482940788,-0.014188861985472156,0.2125049526744442,1.0,-0.027429011666299803,0.19141316310807835,0.2231499009465111,0.16789566365837552,0.13537530266343825,-0.04075500770416025,-0.21209773277569888,-0.2248910411622276,0.04610609729253797,0.0022826326216156723,-0.1805062733876293,-0.051837992515958616,-0.13587057010785825,-0.17656834690732995,-0.3381333920316971,-0.2649394673123487,-0.15244111820383008,-0.30529165749504733,-0.32062953995157384,-0.3211292097732776,0.0960378604446401,0.03388729914153643,0.16333920316971165,0.03101915034118424,-0.0036187541272287033,-0.19373321593660578,-0.07248734316530926,0.06136033458067356,-0.039348448162007485,-0.08934844816200749,0.04697996918335901,-0.14399295619634603,0.14795949812898965,-0.1358991855602025,0.14229804094210874,0.14028615452344265,-0.06794188861985472,-0.17738058551617875,-0.13864406779661018,-0.14944970283953335,-0.10633061853400837,-0.3280497468633062,-0.2830728593440458,-0.15867048206031256,-0.01957296940347788,-0.2304490424829408,-0.15099273607748184,0.05888399735857363,-0.05073959938366718,-0.015309267004182258,0.09909971384547656,-0.03689412282632622,0.16345806735637244,0.10823244552058112,0.0535461149020471,0.10967202289236187,-0.13900286154523442,0.01996918335901387,0.1924653312788906,0.07674003962139556,0.04582214395773718,-0.07839753466872111,0.29544133832269426,-0.04048426150121066,0.12411182038300682,0.20474356152322254,-0.1582324455205811,0.03841954655513977,-0.016095091349328638,0.025238828967642526,0.060708782742681044,-0.0176139115122166,0.25667620515078143,0.0839885538190623,-0.12741800572309048,0.1560906889720449,0.1902157164869029,0.15045784723750824,0.09858683689192163,0.1661831388950033,0.11118203830068236,0.21054589478318292,0.12676205150781422,0.12469513537310148,0.09272947391591459,-0.06826326216156725,0.15174994497028396,-0.059881135813339204,-0.21248954435395112,-0.04829627999119525,-0.2535351089588378,-0.03335020911292098,-0.1629341844596082,0.09748624257098833,-0.07556240369799692,0.10938586836891921,-0.04913933524103015,0.13637684349548757,-0.02644287915474356,0.1484833810257539,0.20909751265683468,0.0021571648690292757,-0.05451023552718468
#50,-0.058932423508694695,0.39289676425269643,0.08039401276689412,0.06948932423508694,0.2309090909090909,0.024270305965221218,0.2525687871450583,-0.027429011666299803,1.0,0.20395773717807616,0.42128549416685007,0.2008188421747744,0.361221659696236,0.40720889280211314,0.3538961038961039,0.17565925599823906,0.18505172793308386,-0.10104336341624477,-0.11499229583975347,-0.19016508914813998,0.08455425930002201,-0.18734536649790887,0.05673123486682809,-0.021470394012766895,0.12576271186440677,0.06502091129209774,-0.3507660136473696,-0.34978648470173895,0.16218357913273168,0.10720889280211314,0.08027514858023332,0.024208672683248954,-0.13408980849658816,0.04989654413383227,0.235214615892582,0.005122165969623596,0.11085846357032798,0.1614571868809157,0.28050407219898743,0.14542813119084305,-0.13807836231565046,0.08518600044023773,0.23484921857803215,0.19407219898745323,0.27569227382786704,0.20001100594320934,-0.5363636363636364,-0.42914813999559764,-0.30316090688972047,-0.36594320933303986,-0.07312788906009245,-0.10866607968302884,-0.2578098173013427,-0.24484701738939027,-0.01857803213735417,0.00029495927801012547,-0.22468192824125027,-0.004657715166189742,0.2331697116442879,0.20557340964120624,-0.4398305084745763,-0.3728769535549197,0.19910631741140217,0.04873871890821043,-0.3781554039181158,-0.13106317411402157,0.33366718027734976,0.3147347567686551,0.16767994717147258,0.281534228483381,0.12238168611049967,-0.10512656834690733,-0.2571472595201409,-0.2746885318071759,0.0162887959498129,-0.13607307946290997,-0.3112854941668501,-0.30246092890160686,0.15731895223420647,0.16481620074840414,-0.149735857362976,0.05944530046224961,0.21289896544133832,0.06856702619414484,-0.12689192163768434,-0.30735857362976005,-0.29552278230244333,-0.13071758749724852,-0.016984371560642746,0.1742526964560863,0.252854941668501,0.23373321593660576,0.2942967202289236,-0.022995817741580455,0.1691569447501651,0.22551177635923397,0.213350209112921,-0.015934404578472373,0.08312348668280872,-0.2736891921637684,-0.3272859344045785,-0.27990975126568346,-0.025115562403697996,-0.3425996037860445,-0.3012920977327757,-0.3957539071098393,-0.34105216817081224,-0.3217587497248514,-0.1329341844596082,-0.24474796390050627,-0.10660136473695796
#51,0.35536209553158704,0.5683953334800792,0.5233744221879815,0.6479176755447942,0.2818842174774378,0.4078846577151662,0.519423288575831,0.19141316310807835,0.20395773717807616,1.0,0.6116640986132511,0.22339203169711644,0.49532907770195905,0.3703125687871451,-0.016273387629319833,-0.22944089808496587,0.514455205811138,0.361056570548096,-0.25062293638564825,-0.15425489764472816,-0.23926040061633283,-0.3103367818622056,0.06757208892802113,0.0010983931322914374,0.07789566365837552,-0.04191283292978208,-0.21394893242350868,-0.13392692053709002,0.11490865067136254,0.006271186440677966,0.27629760070438036,0.08099273607748184,0.24461149020471054,0.1196500110059432,0.1471274488223641,0.06907550077041602,0.1710609729253797,0.08079462909971384,0.20620515078142196,-0.015727492846136913,0.08088707902267224,0.12357693154303324,0.04832709663218138,0.06488223640766014,0.09175874972485142,-0.03036979969183359,-0.11010125467752586,-0.02517279330838653,-0.2558529605987233,-0.28524763372221,0.07080343385428131,-0.07306405458947832,0.11958397534668722,-0.20985031917235308,-0.08208232445520582,-0.11804094210873872,-0.21219018269865728,-0.16830508474576272,-0.06958617653532907,-0.0637904468412943,-0.23882456526524323,-0.09307506053268765,-0.17828967642526963,-0.02601584855822144,0.022872551177635925,0.17165749504732555,0.278432753686991,0.07845696676205151,0.3181333920316971,0.22456966762051508,0.3144684129429892,0.11935064935064935,-0.12791547435615233,-0.06801893022232006,-0.2873893902707462,0.06648910411622276,-0.1542460928901607,0.13793968743121285,0.32915914593880696,0.14908650671362536,0.05735197006383447,0.290675764913053,0.18630640545894783,0.24613251155624036,0.18146158925819944,-0.22772837332159365,0.05114461809377063,-0.026993176315210213,-0.024014968082764692,0.21285934404578472,0.1312854941668501,0.12618754127228704,0.029112920977327757,-0.1614505833149901,-0.27291877613911514,0.3015496368038741,0.18260840854061194,0.3489192163768435,0.23786044464010567,0.16876293198327097,0.08426590358793748,0.25111600264142636,0.22518600044023773,0.15191723530706583,0.20869909751265683,0.19340964120625137,0.18352410301562844,-0.16270746202949593,-0.07565045124367158,-0.37675104556460487,-0.25744441998679285
#52,0.2179572969403478,0.585824345146379,0.39403257759189964,0.34255998239049085,0.24281311908430553,0.32276689412282633,0.49349768875192607,0.2231499009465111,0.42128549416685007,0.6116640986132511,1.0,0.3176205150781422,0.45252036099493725,0.5119414483821263,0.15175874972485143,-0.0033149900946511115,0.42292537970504074,0.3612788906009245,-0.3166629980189302,-0.25763812458727714,-0.31435395113361214,-0.34469073299581776,0.012020691173233546,-0.06729473915914594,0.04197006383447061,-0.09583975346687211,-0.37530486462689855,-0.2818181818181818,0.12966101694915255,0.08001100594320933,0.24840193704600486,0.18369359454105216,0.30023332599603786,0.2592097732775699,0.06690072639225182,-0.03191943649570768,0.2721197446621175,0.23645828747523662,0.2730970724191063,-0.05544353951133612,-0.036486902927580896,0.14082104336341625,0.11735857362976007,0.19548095971824786,0.24197006383447062,0.038723310587717365,-0.3239357252916575,-0.16798371120405017,-0.26822143957737177,-0.3054105216817081,0.010647149460708783,-0.06829848117983711,0.02941008144397975,-0.21957737178076162,-0.085346687211094,-0.12179616993176315,-0.30970724191063176,-0.2735945410521682,0.14666079683028835,0.018375522782302443,-0.29555139775478756,-0.20843495487563285,-0.17114461809377063,-0.03445740699977988,-0.12516618974246094,0.05203609949372661,0.2564736957957297,0.1698084965881576,0.2909685230024213,0.09314769975786925,0.21730134272507154,-0.03420867268324895,-0.22973805855161789,-0.03841514417785604,-0.3159652212194585,-0.19718908210433633,-0.12227602905569007,-0.08007484041382347,0.2673321593660577,0.16426810477657935,0.03094210873871891,0.08531366938146599,0.13477437816420867,0.23510455646048867,0.14428791547435615,-0.17855161787365179,-0.06541052168170812,-0.048683689192163766,-0.03679506933744222,0.1763680387409201,0.05235086946951354,-0.09230024213075061,0.1304358353510896,-0.08738718908210434,-0.13180497468633062,0.32935945410521683,0.2577195685670262,0.2726502311248074,0.25173233546114904,0.055181598062953995,0.12626678406339423,0.1994651111600264,0.3282852740479859,0.10019370460048427,0.1631829187761391,0.1807792207792208,0.15552938586836892,-0.14199427690953115,-0.15600704380365396,-0.3530706581554039,-0.31846136913933526
#53,0.33531587057010787,0.21936385648250056,0.20810477657935286,0.2232115342284834,0.10162887959498129,0.3165265243231345,0.2669931763152102,0.16789566365837552,0.2008188421747744,0.22339203169711644,0.3176205150781422,1.0,0.5161171032357473,0.21663438256658596,-0.10770856262381687,-0.21012326656394453,0.29315210213515297,0.28981950253136696,-0.4108122386088488,-0.2589720449042483,-0.18740479859123926,-0.18686550737398194,0.11695355491965662,0.0009421087387189082,0.0364274708342505,0.039722650231124805,-0.11222099933964341,-0.07014968082764693,0.2486088487783403,0.0863812458727713,0.43695135373101474,0.30839093110279553,0.28414703940127667,0.16057451023552718,0.017303543913713405,0.32541272287035,0.3787805414924059,0.20183359013867488,-0.053469073299581775,0.10554699537750385,-0.25152542372881354,0.06522342064714946,0.136979969183359,0.12958397534668722,0.21398415144177857,0.22010565705480958,-0.031206251375742903,0.022119744662117545,-0.20339863526304205,-0.3096059872331059,-0.1413251155624037,-0.1918842174774378,-0.09293858683689192,-0.37328197226502313,-0.45033017829627997,-0.3588465771516619,-0.3248822364076601,-0.31120184899845915,0.05793748624257099,-0.0787475236627779,-0.070363196125908,-0.09589258199427692,0.016867708562623818,-0.014869029275808937,-0.16561743341404359,-0.20160906889720448,0.038791547435615234,0.1529782082324455,0.046942548976447285,0.3609883337001981,-0.10160686770856263,0.033513097072419104,-0.17365397314549857,0.12492846136913933,-0.2795465551397755,-0.09132731675104556,-0.17760510675764912,-0.10523662777900065,0.1627756988773938,0.24970283953334801,0.42467532467532465,0.14022011886418667,-0.2955381906229364,0.41224301122606205,0.4329099713845477,0.09003521901826987,0.07615452344265904,0.18114241690512878,-0.10968743121285494,0.3798481179837112,0.27696456086286597,0.3779572969403478,0.22249394673123488,0.10172353070658155,0.18863966541932645,0.0823068456966762,0.18858463570327977,0.2384107418005723,-0.0338036539731455,0.1479683028835571,0.1246731234866828,0.39770195905789124,0.36308166409861325,0.28807616112700857,0.14567246313009025,0.22011446180937708,0.09300022011886419,-0.06183579132731675,-0.03419986792868149,-0.13017609509134934,-0.03640986132511556
#54,0.18836891921637686,0.3824125027514858,0.2623662777900066,0.386880915694475,0.23586836891921636,0.515808936825886,0.3961479198767334,0.13537530266343825,0.361221659696236,0.49532907770195905,0.45252036099493725,0.5161171032357473,1.0,0.3459498128989654,0.058208232445520584,-0.2007043803653973,0.4202685450143077,0.12542372881355932,-0.3763130090248734,-0.2648492185780321,-0.29778340303764034,-0.26498789346246976,0.06622496147919876,-0.08896984371560643,-0.012949592780101256,0.04491965661457187,-0.17544353951133612,-0.2523530706581554,0.305808936825886,0.16821263482280432,0.42802553378824565,0.07063614351749944,0.08863746423068457,0.0198877393792648,0.18098393132291438,0.29334580673563726,0.18956856702619415,0.142458727712965,0.011860004402377283,0.02435395113361215,-0.20016068677085627,0.2128021131410962,0.18141536429672023,-0.014283513097072419,0.05907990314769976,0.07617433414043584,-0.27114461809377066,-0.20397974906449481,-0.45964780981730136,-0.4525555800132071,-0.05334580673563724,-0.10687211093990755,-0.09697776799471715,-0.2639159145938807,-0.35327977107638125,-0.2668875192604006,-0.38378604446401055,-0.32345806735637245,0.08763812458727713,-0.02158925819942769,-0.2549196566145719,-0.16767114241690512,-0.0075456746643187324,-0.06154963680387409,-0.14486022452124148,-0.06559322033898306,0.20457186880915695,0.24082544574069997,0.19101915034118425,0.3190666960158486,0.20646929341844597,-0.04317191283292978,-0.15613251155624036,-0.07090248734316532,-0.35283072859344045,-0.1033942328857583,-0.2939621395553599,-0.11198106977767995,0.2029275808936826,0.3149702839533348,0.12547435615232225,0.4334272507153863,0.1121813779440898,0.3283843275368699,0.10344486022452125,-0.13162667840633943,0.05225401716927141,0.05888399735857363,-0.05090909090909091,0.34835130970724193,0.08070878274268105,0.36592119744662116,0.20045784723750826,0.039330838652872555,0.11897864847017389,0.16140655954215277,0.13310807836231564,0.16309707241910631,0.12057451023552719,-0.013453664979088708,-0.1049636803874092,0.12135373101474796,0.174224081003742,0.001813779440898085,-0.12287034998899406,-0.017488443759630202,-0.027955095751705922,-0.16068236847897865,0.03285053929121726,-0.17639225181598062,0.044697336561743344
#58,0.04266784063394233,0.5068368919216377,0.2908364516839093,0.185181598062954,0.3550737398195025,0.32335901386748844,0.3751904028175215,-0.04075500770416025,0.40720889280211314,0.3703125687871451,0.5119414483821263,0.21663438256658596,0.3459498128989654,1.0,0.042077922077922075,-0.12620735197006383,0.38512656834690734,0.3439511336121506,-0.340807836231565,-0.4493418445960819,-0.33491745542593,-0.5671714725952014,-0.12530486462689852,-0.09552058111380145,0.1152872551177636,-0.11052828527404798,-0.18054149240589917,-0.17833590138674885,0.07651111600264143,-0.09366277790006604,0.3003037640325776,0.24746423068456966,0.3477591899625798,0.13639225181598064,-0.040083645168390934,0.0261237068016729,0.4517389390270746,0.029654413383226944,0.22406119304424388,-0.28211314109619196,0.047627118644067795,-0.07495927801012547,0.2855425930002201,0.12234206471494607,0.16264142637023993,-0.057996918335901385,-0.16115122165969623,-0.03335461149020471,-0.1112920977327757,-0.25721549636803875,0.20166850099053488,0.04874532247413604,0.14769095311468192,-0.12016288795949813,-0.11814659916354832,-0.23115122165969623,-0.2778582434514638,-0.261005943209333,0.01285494166850099,-0.09138674884437596,-0.36374202069117323,-0.19047325555800132,-0.08878274268104777,-0.029438696896324015,-0.28607307946291,0.04152542372881356,0.3478648470173894,0.24583975346687212,0.12673123486682808,0.11949372661237068,0.20238828967642528,0.04522121945850759,-0.4551727933083865,-0.0312458727712965,-0.3874818401937046,-0.07158485582214395,-0.32181818181818184,-0.06974686330618533,0.089801893022232,-0.20754567466431872,0.06718247853841074,0.06602465331278891,0.07408320493066256,0.2960180497468633,0.16301122606207352,-0.1423332599603786,-0.02219458507594101,0.06980189302223201,0.11596081884217477,0.2683711204050187,0.1898943429451904,0.11375302663438257,0.10448602245212414,-0.03284393572529166,-0.04109619194364957,0.2340721989874532,0.22297820823244552,0.3105260840854061,0.3122232005282853,0.15215496368038742,0.10951793968743122,0.30344265903587936,0.27728813559322035,0.0801188641866608,0.16684789786484702,0.11920977327756989,0.13839533348007924,-0.2705370900286155,0.024668721109399074,-0.2590578912612811,-0.12720228923618754
#101,-0.3502355271846797,0.03771076381245873,-0.05184239489324235,-0.08212854941668501,-0.1390248734316531,-0.12140876073079462,-0.1756218357913273,-0.21209773277569888,0.3538961038961039,-0.016273387629319833,0.15175874972485143,-0.10770856262381687,0.058208232445520584,0.042077922077922075,1.0,0.5736011446180938,0.05659696235967422,-0.17922298040942108,0.19713405238828968,0.09430332379484922,0.44776799471714723,0.1528747523662778,0.37959498128989655,0.15819502531366939,0.22128769535549198,0.17866387849438697,-0.126748844375963,-0.33600264142637026,0.14660796830288356,0.20559982390490866,-0.3028945630640546,-0.23576491305304864,-0.44774158045344487,-0.048562623816861106,0.23956416464891042,-0.06283072859344045,-0.004884437596302003,0.1290909090909091,0.3143759630200308,0.338366718027735,-0.04320052828527405,0.26298481179837113,0.13462029495927802,0.17235527184679728,0.25373321593660575,0.3759806295399516,-0.325049526744442,-0.45123486682808717,-0.22270305965221218,-0.10464450803433854,-0.28129429892141755,-0.27942328857583093,-0.35698217037200086,-0.05207792207792208,0.20943429451904028,0.16204050187101035,-0.07191943649570769,-0.018018930222320054,0.10058111380145278,0.2093660576711424,-0.24877173673783842,-0.2284173453664979,0.09334800792427911,0.0011776359233986353,-0.11090909090909092,-0.22801893022232006,0.19159145938806957,0.1892890160686771,0.31181598062953997,0.2485362095531587,0.05145498569227383,0.16117103235747304,-0.09629099713845476,-0.5232467532467533,0.08133612150561303,-0.44954215276249176,-0.09124367158265463,-0.317970504072199,0.28588157605106757,0.39630420427030594,-0.26298921417565485,-0.1281950253136694,0.08593220338983051,-0.10804314329738059,-0.4173123486682809,-0.37547655734096413,-0.32821703720008805,-0.11677085626238169,-0.030055029716046667,-0.09215716486902928,0.1012590799031477,-0.051003742020691176,0.15248073959938366,-0.022830728593440458,-0.08286814880035219,0.17334360554699538,0.09165969623596742,-0.36198767334360554,-0.04485582214395774,-0.40004842615012104,-0.42442659035879376,-0.41220559101915033,-0.2791811578252256,-0.5289786484701738,-0.3758287475236628,-0.6073475676865507,-0.43373541712524766,-0.197145058331499,-0.24160026414263702,-0.12714065595421528,-0.23773717807616113
#102,-0.46910851860004404,0.016147919876733436,-0.1693682588597843,-0.31153202729473917,-0.2510103455866168,-0.29574510235527185,-0.17467312348668282,-0.2248910411622276,0.17565925599823906,-0.22944089808496587,-0.0033149900946511115,-0.21012326656394453,-0.2007043803653973,-0.12620735197006383,0.5736011446180938,1.0,-0.10165749504732556,-0.06045344486022452,0.21467092229804094,0.2283843275368699,0.20219238388729915,0.41546555139775476,0.12199427690953114,0.1575544794188862,0.19640545894783182,0.10727933083865288,-0.26801893022232004,-0.3352630420427031,0.0898613251155624,0.1535064935064935,-0.4505591019150341,-0.16519040281752145,-0.31031476997578694,0.15839313229143737,0.048895003301782966,0.1216420867268325,-0.015987233105877175,0.11946070878274268,-0.05972044904248294,0.29473695795729693,0.13934844816200748,0.22773717807616112,-0.07591019150341184,0.25235747303543915,0.18605987233105878,0.34547875852960597,-0.29571648690292757,-0.3870327977107638,-0.065115562403698,0.10775478758529607,-0.2615298261060973,-0.18996257979308825,-0.3023464670922298,-0.04318732115342285,0.0640083645168391,0.2615430332379485,-0.1471516618974246,0.10945190402817521,0.08750605326876514,0.26126788465771517,-0.273845476557341,-0.402689852520361,-0.06803433854281311,0.10014968082764693,-0.17148139995597622,-0.2941778560422628,-0.11939467312348669,-0.07042703059652212,0.273845476557341,0.15754347347567688,0.05055469953775039,0.01775478758529606,-0.006449482720669161,-0.45631300902487343,0.09436495707682148,-0.3625731895223421,-0.12900066035659255,-0.34424169051287695,0.03357252916574951,0.22826986572749286,-0.13101034558661678,-0.33725511776359235,-0.023048646268985253,-0.09712524763372221,-0.25676645388509794,-0.22634602685450142,-0.45630640545894785,-0.21595421527624917,0.12327977107638124,-0.20799911952454325,0.007779000660356593,-0.1983513097072419,0.05226502311248074,-0.12320713185119965,-0.08193484481620075,0.12906229363856483,0.2260972925379705,-0.3090512876953555,-0.07670702179176755,-0.42248954435395114,-0.414983491085186,-0.356286594761171,-0.2265331278890601,-0.4648360114461809,-0.4322804314329738,-0.5204028175214616,-0.414818401937046,-0.22902927580893684,-0.39577151661897425,-0.08668500990534889,-0.1563218137794409
#201,0.19100374202069118,0.5429980189302224,0.5576315210213515,0.3747809817301343,0.4548734316530927,0.5576755447941889,0.34398635263042043,0.04610609729253797,0.18505172793308386,0.514455205811138,0.42292537970504074,0.29315210213515297,0.4202685450143077,0.38512656834690734,0.05659696235967422,-0.10165749504732556,1.0,0.44463130090248737,-0.43285934404578474,-0.3229627999119525,-0.20460268545014307,-0.2529804094210874,0.1781157825225622,0.18794408980849658,0.1845806735637244,-0.08190182698657275,0.017034998899405678,-0.06005723090468853,0.20856482500550297,-0.037343165309267005,0.3225841954655514,0.22010345586616772,0.2695839753466872,-0.07878274268104776,-0.05508034338542813,0.07093110279550957,0.25662337662337664,-0.06010785824345146,0.11613031036759851,-0.20811138014527844,0.018450363196125908,-0.11706141316310807,0.15877613911512217,-0.06749944970283954,0.1898481179837112,0.12472375082544573,-0.00887079022672243,-0.010457847237508254,-0.1424058991855602,-0.23609949372661237,0.13228483381025755,-0.018388729914153645,0.0815100154083205,0.0027030596522121947,-0.2265573409641206,-0.2758221439577372,-0.4189522342064715,-0.4372375082544574,-0.2631895223420647,-0.3674554259300022,-0.3123992956196346,-0.15636363636363637,-0.08506493506493507,-0.06569667620515078,0.023662777900066035,-0.10052388289676426,0.15318071758749724,0.22967202289236188,0.29610169491525423,0.1534404578472375,0.2654501430772617,0.13721989874532248,-0.33830728593440457,-0.017977107638124587,-0.48163108078362316,-0.20017609509134932,-0.40099493726612373,-0.12676425269645608,0.4413977547875853,0.17909311027955097,0.1958727712965001,0.39068677085626236,-0.01335461149020471,0.3990909090909091,0.2755712084525644,-0.17481399955976226,-0.0612920977327757,0.06537090028615453,-0.027820823244552057,0.458102575390711,0.1500198106977768,0.22876733436055469,-0.12393792648029936,-0.24518820162887958,-0.2125511776359234,0.5642482940788025,0.21662777900066035,0.4996235967422408,0.21692053709002862,0.18693154303323795,0.08811358133392032,0.4503433854281312,0.2919590578912613,0.2720823244552058,0.0766585956416465,0.15523002421307505,0.06708782742681048,-0.3258793748624257,-0.07925819942769095,-0.37371340523882896,-0.25111600264142636
