,#10,#11,#12,#13,#17,#18,#26,#49,#50,#51,#52,#53,#54,#58,#101,#102,#201,#202,#301,#302,#401,#402,#501,#502,#601,#602,#701,#702,#801,#802,#901,#902,#1001,#1002,#1101,#1102,#1201,#1202,#1301,#1302,#1401,#1402,#1501,#1502,#1601,#1602,#1701,#1702,#1801,#1802,#1901,#1902,#2001,#2002,#2101,#2102,#2201,#2202,#2301,#2302,#2401,#2402,#2501,#2502,#2601,#2602,#2701,#2702,#2801,#2802,#2901,#2902,#3001,#3002,#3101,#3102,#3201,#3202,#3301,#3302,#3401,#3402,#3455,#3501,#3502,#3601,#3602,#3701,#3702,#3801,#3802,#3901,#3902,#4001,#4002,#4101,#4102,#4201,#4202,#4301,#4302,#4401,#4402,#4501,#4502,#4601,#4602,#4701,#4702,#4801,#4802
#10,1.0,0.48841954655513975,0.3635791327316751,0.5438058551617874,0.25232445520581115,0.26524983491085186,0.4768897204490425,0.45549196566145717,0.20581994276909532,0.593202729473916,0.3837574290116663,0.12599383667180278,0.35697116442879157,0.292722870349989,-0.09040942108738718,-0.29069337442218796,0.49314109619194363,0.09444199867928682,0.009517939687431212,-0.013559322033898305,0.08149900946511116,-0.05193704600484261,-0.061776359233986354,0.12120845256438477,-0.1011402157164869,-0.09464010565705482,0.2911732335461149,0.07117543473475677,-0.05097512656834691,-0.042617213295179396,0.15545454545454546,0.26970504072198986,0.3343187321153423,0.23390270746202949,-0.029938366718027735,0.3568412942989214,-0.00011666299801893022,0.29391151221659695,0.07111820383006824,0.16978868589038082,-0.06782302443319392,0.2548448162007484,-0.1542791107197887,-0.0028329297820823243,0.04320493066255778,-0.09796390050627339,0.2720867268324895,0.2894519040281752,-0.07233105877173673,0.004560862865947612,0.02811798371120405,-0.0796566145718688,0.035718688091569445,-0.046174334140435834,-0.14395993836671803,0.09825005502971605,-0.2935659255998239,-0.29181157825225623,-0.03034338542813119,-0.11437596302003082,0.011430772617213295,0.07823244552058112,-0.09222320052828527,0.18226282192383889,0.31816861104996697,-0.06145938806955756,0.0463152102135153,0.023295179396874314,0.07707462029495928,0.1559718247853841,0.2166255778120185,0.3984569667620515,-0.005855161787365178,-0.227145058331499,-0.17890160686770856,-0.17652212194585076,-0.08828527404798592,-0.2262689852520361,0.013900506273387628,-0.008250055029716047,-0.15001100594320935,-0.000600924499229584,0.03903587937486243,0.36105877173673784,0.2657693154303324,0.006821483601144618,-0.12189742460928901,-0.11045784723750826,-0.2022672243011226,0.01755888179616993,0.02984371560642747,-0.11666960158485583,-0.17931322914373762,-0.12456526524323135,-0.2003279771076381,-0.023920316971164427,0.15826986572749285,0.12281532027294739,0.10442218798151001,0.12196125907990314,0.16604886638784944,0.04201848998459168,0.09467972705260841,0.06554259300022013,0.22328857583094872,0.3464054589478318,0.2603103675985032,0.0624851419766674,-0.067211093990755,-0.02815760510675765,-0.29451904028175213
#11,0.48841954655513975,1.0,0.12453885097952895,0.1759189962579793,0.12346246973365617,-0.0946268985252036,0.472788906009245,0.24334360554699538,0.2535086946951354,0.3829958177415805,0.3374554259300022,-0.015674664318732115,0.10797710763812458,0.25300242130750605,-0.0640413823464671,-0.12429892141756549,0.2871538630860665,-0.06772176975566806,-0.08728593440457848,0.14213735417125248,-0.008780541492405898,0.018582434514637904,-0.0006075280651551838,0.14289016068677085,-0.04387189082104336,-0.049476117103235746,0.017415804534448603,-0.21860664758969844,-0.07976227162667841,-0.2741998679286815,-0.03910631741140216,0.0912128549416685,0.1148117983711204,0.15112260620735196,0.13741800572309046,0.273959938366718,0.18500550297160467,0.2627977107638125,0.2699075500770416,0.2766607968302884,0.08100814439797491,0.3104754567466432,0.08231565045124367,0.08505392912172573,0.3106493506493507,0.04382566585956416,0.19490204710543693,-0.14791327316751046,-0.15970063834470613,-0.31673783843275366,-0.17317851639885537,-0.2494188861985472,-0.1591371340523883,-0.0912260620735197,-0.2533700198106978,0.07307065815540392,-0.061305304864626896,-0.035676865507373985,0.11515738498789346,-0.0427360774818402,0.039366057671142415,-0.03882456526524323,0.09719568567026195,0.20223200528285273,-0.01451023552718468,-0.13486462689852521,0.09050627338762932,0.07291877613911513,0.0225049526744442,0.32286594761171034,0.1640744001760951,0.3045740699977988,0.045661457186880916,0.10922958397534668,0.0056042262821923835,0.12242350869469514,-0.06372000880475456,-0.09061633281972264,0.20144838212634822,0.15659476117103235,-0.23629980189302224,-0.03561743341404358,0.14354171252476336,-0.056669601584855823,0.1865331278890601,-0.15498569227382786,-0.1519568567026194,-0.2111468192824125,-0.17206911732335461,0.14494827206691613,0.09904028175214616,0.08773717807616113,0.0009311027955095752,0.030983931322914375,-0.04281091789566366,-0.09274928461369139,0.2222804314329738,0.1532489544353951,0.021093990755007706,0.07566806075280652,0.045001100594320935,-0.12013647369579573,0.024043583535108957,0.01078582434514638,0.00776139115122166,0.1590578912612811,0.12833810257539072,0.09698657274928461,0.1239027074620295,0.031212854941668502,-0.0899273607748184
#12,0.3635791327316751,0.12453885097952895,1.0,0.26917455425930004,-0.06697996918335901,0.4653863086066476,0.3261281091789566,0.15326656394453006,-0.2357142857142857,0.34325555800132074,0.15799911952454326,0.013673783843275368,0.2633237948492186,-0.019401276689412283,-0.31210653753026635,-0.08226942548976447,0.5433215936605768,0.5369711644287916,-0.13345146379044684,-0.04602025093550517,-0.2458925819942769,-0.2596500110059432,-0.13370900286154525,-0.09802333259960379,-0.2655425930002201,-0.1732951793968743,0.22512656834690734,0.09121725731895224,0.2740391811578252,-0.055698877393792645,0.12311688311688311,0.07702399295619634,0.0763614351749945,-0.18254237288135594,-0.22631080783623156,-0.0018027734976887519,-0.500627338762932,-0.2523398635263042,-0.15323794849218578,-0.35303543913713403,-0.11554919656614572,-0.012181377944089808,-0.23069337442218799,-0.20018710103455867,-0.04500550297160467,-0.4178472375082545,-0.009942769095311468,0.1801188641866608,0.14737178076161128,0.2437970504072199,0.03745982830728593,0.25070878274268105,0.25679286814880037,0.13770195905789126,0.056020250935505174,-0.175676865507374,-0.3466233766233766,-0.3815364296720229,-0.08754347347567687,0.1543913713405239,0.18547215496368039,0.14598943429451905,-0.22189742460928902,-0.0760048426150121,0.4027845036319613,0.3477525863966542,-0.08532687651331719,0.0487805414924059,-0.25061413163108076,-0.137409200968523,0.4385362095531587,0.4831653092670042,-0.14103675985031916,0.08806735637244112,-0.24781642086726832,-0.008309487123046445,-0.04545014307726172,0.07754347347567686,-0.05413823464670922,-0.009914153642967202,0.07590358793748624,0.008476777459828307,0.18781201848998458,0.26900946511116003,0.1459211974466212,0.26712744882236406,0.16319392471934846,0.014692934184459609,-0.3234668721109399,-0.017327756988773937,-0.19381686110499668,-0.13681488003521902,-0.07951793968743122,0.12767554479418886,-0.13840854061193045,0.6133480079242791,0.04725731895223421,0.2846136913933524,0.33148800352190183,0.18196566145718687,0.44490865067136254,0.44099053488884,0.056669601584855823,0.30625357693154304,0.06036099493726613,0.17657054809597184,0.017400396213955536,0.14889500330178296,-0.12341404358353511,0.20252256218357914,-0.01102575390710984
#13,0.5438058551617874,0.1759189962579793,0.26917455425930004,1.0,-0.10057671142416905,0.0824323134492626,0.3756064274708342,0.3002377283733216,0.15438917015188203,0.5813339203169712,0.36700198106977766,0.10132731675104556,0.20426150121065376,0.2760488663878494,0.17862425709883337,-0.09179176755447942,0.5303543913713405,-0.0074884437596302,0.04740039621395554,-0.0002817521461589258,0.14726832489544353,-0.0187541272287035,-0.2036055469953775,0.014439797490644949,-0.18435395113361214,-0.12535108958837773,0.2578582434514638,0.21852960598723312,-0.11594981289896544,-0.24486682808716706,0.15377503852080124,0.24915914593880695,0.38455866167730574,0.2904204270305965,-0.09049966982170372,0.04395773717807616,0.1268082764692934,0.14645828747523662,-0.021171032357473037,0.08778560422628219,-0.04374642306845697,0.03547435615232225,-0.10480079242791107,0.07556020250935505,-0.057508254457407,0.050838652872551175,0.4048051948051948,0.4273893902707462,0.007644728153202729,0.01947391591459388,0.13494827206691615,0.013722209993396434,0.09260620735197006,-0.025958617653532908,-0.19621835791327316,0.1209949372661237,-0.2964869029275809,-0.22325996037860443,0.001983270966321814,-0.3175346687211094,-0.014052388289676426,-0.026821483601144617,0.03183799251595862,0.13926260180497468,0.3840611930442439,0.02681267884657715,0.15350869469513537,0.16100594320933304,0.19635483160906889,0.050099053488884,0.1955359894342945,0.24008804754567467,-0.05328197226502311,-0.38232885758309487,-0.13142857142857142,-0.2503213735417125,-0.13162447721769754,-0.24422848338102576,-0.24755888179616994,-0.1798877393792648,-0.3621087387189082,0.01848998459167951,-0.19987012987012986,0.16817741580453444,0.0051573849878934624,-0.02064054589478318,-0.22263482280431432,-0.05686110499669822,-0.11925599823904909,-0.0473695795729694,-0.023992956196346026,-0.14797930882676646,-0.29539951573849876,-0.23902707462029496,-0.29356372441118206,-0.06529165749504733,-0.08625357693154304,0.1404798591239269,0.07311908430552498,0.2893000220118864,0.1768170812238609,0.10093330398415144,-0.13382566585956415,0.24608188421747743,0.4679683028835571,0.423185119964781,0.2798040942108739,-0.10563504292317852,-0.21338983050847457,-0.07434294519040281,-0.14837552278230245
#17,0.25232445520581115,0.12346246973365617,-0.06697996918335901,-0.10057671142416905,1.0,0.2816861104996698,0.014472815320272947,0.16334580673563726,0.23642967202289236,-0.07354391371340524,-0.07097732775698877,0.18082324455205812,0.146979969183359,0.33837332159366057,-0.40825665859564164,-0.31735417125247634,0.024858023332599604,-0.025954215276249176,-0.34741800572309045,-0.14125687871450585,-0.16791327316751045,0.05031256878714506,0.21083204930662558,0.0928945630640546,0.04543033237948492,0.04606207351970064,-0.032247413603345806,-0.09401056570548096,-0.14376623376623376,0.18797490644948273,0.09812678846577151,0.2530948712304644,0.0890777019590579,0.3037442218798151,0.07429011666299802,0.48778780541492406,0.010986132511556241,0.38100594320933306,0.009011666299801893,0.22907329958177416,0.22531587057010785,0.31139555359894344,0.13537090028615453,0.13871010345586618,0.2580937706361435,0.08878934624697336,-0.045397314549856925,-0.17163988553819062,-0.2451551837992516,-0.22722650231124808,-0.3116729033678186,-0.26491305304864626,-0.3156812678846577,-0.1616618974246093,-0.21387189082104335,0.01214836011446181,0.007882456526524324,0.1481157825225622,0.16777239709443098,0.013053048646268986,0.1457693154303324,0.32060312568787147,0.16069117323354612,0.2579352850539291,-0.19276909531146819,-0.24743781642086726,0.2554831609068897,0.06753686990975126,-0.20686770856262382,0.13195905789126128,-0.2270812238608849,-0.028386528725511777,-0.2187012987012987,0.1850099053488884,-0.1381928241250275,0.16358353510895884,0.03324455205811138,0.1125709883337002,0.03152762491745543,0.08382566585956416,0.2532885758309487,0.52343165309267,0.3354699537750385,0.08176095091349328,0.4583050847457627,0.060620735197006385,0.2373893902707462,0.2472705260840854,0.32575830948712303,0.4214836011446181,0.5152564384767775,0.20776359233986352,0.37822143957737175,0.16332379484921858,0.2528285274047986,-0.16678846577151663,0.10759850319172352,0.22434514637904468,0.0803235747303544,-0.25739159145938806,-0.12151882016288795,-0.06605987233105877,0.2095729694034779,-0.08818842174774379,-0.04359233986352631,0.022209993396434074,0.14312788906009244,0.22011005943209333,0.1482412502751486,0.0010697776799471715,0.008067356372441117
#18,0.26524983491085186,-0.0946268985252036,0.4653863086066476,0.0824323134492626,0.2816861104996698,1.0,0.11349768875192603,0.20568567026194146,-0.1888135593220339,0.10125027514858023,0.05592559982390491,0.06283953334800793,0.23379484921857804,0.1861369139335241,-0.4763812458727713,-0.18056350429231785,0.25914593880695574,0.4557164869029276,-0.24468192824125026,-0.05786044464010566,-0.38106977767994715,-0.13329517939687432,-0.114686330618534,0.030997138454765573,-0.23464891041162228,-0.11623376623376623,0.11377503852080123,0.16455866167730573,0.20791767554479418,0.3700594320933304,0.43666740039621393,0.3117785604226282,0.31892802113141094,0.10693594541052168,-0.06311248073959938,0.2923200528285274,-0.3243275368699097,0.10426810477657936,-0.02891701518820163,-0.07076161127008584,-0.013458067356372441,0.10458287475236627,-0.303563724411182,0.057277129650011006,-0.12119084305524984,-0.3036583755227823,0.05626458287475237,0.17380805635042923,0.028188421747743782,0.09654413383226942,-0.025738498789346247,0.05593000220118864,0.008177415804534448,0.03151221659696236,-0.23232445520581113,-0.11026634382566586,-0.3513163108078362,-0.1975544794188862,-0.07960818842174774,0.028769535549196566,0.12870570107858242,0.29736737838432753,0.09926260180497469,0.2159255998239049,0.34989214175654854,0.16319172353070657,0.1808826766453885,-0.0005194805194805195,-0.25786924939467315,-0.0034470614131631083,0.18840854061193044,0.24314769975786926,-0.26705701078582433,0.01539291217257319,-0.2311468192824125,-0.018503191723530706,0.02144838212634823,0.19383887299141536,-0.1599801893022232,0.06351970063834471,0.3303235747303544,0.27066255778120185,0.2995905789126128,0.42560642747083427,0.3193792648029936,0.2851287695355492,0.2894475016508915,0.04406999779881136,0.11453224741360335,0.21159586176535328,0.2142196786264583,-0.07170372000880476,0.132260620735197,-0.03548976447281532,-0.023048646268985253,0.3527184679727053,-0.03931322914373762,0.3350253136693815,0.24927140655954216,0.0664802993616553,0.39987233105877174,0.4634426590358794,0.4441954655513978,0.2960268545014308,0.24555580013207132,0.3672837332159366,0.3093880695575611,0.17767554479418887,-0.07803874092009686,-0.040290556900726394,-0.054888839973585735
#26,0.4768897204490425,0.472788906009245,0.3261281091789566,0.3756064274708342,0.014472815320272947,0.11349768875192603,1.0,0.3082038300682369,0.09542372881355932,0.5664098613251156,0.28223640766013647,0.09889500330178297,0.31592780101254675,0.17736077481840193,0.027756988773937927,-0.05289676425269645,0.32850539291217257,0.03840413823464671,-0.027492846136913933,0.028439357252916575,-0.07211314109619195,-0.0913779440898085,-0.17879815100154084,-0.004648910411622276,-0.1435989434294519,-0.10431653092670042,0.16765793528505393,-0.11167510455646049,0.08441558441558442,-0.25491305304864625,0.15429672022892363,0.15607307946290996,0.2123002421307506,0.15943209333039843,0.06012987012987013,0.07400616332819723,0.08432753686990975,0.16454985692273827,0.13345806735637245,0.11766453885097952,0.04549196566145719,0.2112524763372221,-0.029548756328417344,-0.08959938366718027,-0.04147919876733436,-0.10062733876293198,0.11775258639665419,0.018179616993176315,-0.18616552938586836,-0.2044486022452124,-0.06950693374422189,-0.1462821923838873,-0.13015628439357252,-0.01976447281532027,-0.2047127448822364,0.15586836891921638,-0.33449262601804974,-0.15987233105877174,0.07268985252036099,-0.04904248294078802,0.10478758529605987,0.0714175654853621,-0.018401937046004842,0.12835571208452565,0.13225621835791326,-0.11046885318071759,0.0067818622055910195,0.23357693154303324,0.04931763152102135,0.23403918115782524,0.3093352410301563,0.25242791107197887,0.11345146379044684,0.02190843055249835,-0.08280431432973806,-0.09709222980409421,-0.033999559762271626,-0.1609839313229144,-0.04015408320493066,-0.003425049526744442,-0.2572837332159366,-0.09345146379044685,-0.03359674224081004,0.24731454985692275,0.18509134932863747,0.08950473255558002,0.05930442438917015,-0.10221879815100154,-0.19205150781421967,0.03173233546114902,-0.041899625797930884,-0.02569667620515078,-0.09978648470173894,-0.0027779000660356594,-0.03335241030156284,0.1072309046885318,0.15799911952454326,0.14992956196346027,-0.04300462249614792,-0.01010345586616773,0.0399471714725952,0.1975148580233326,-0.005322474136033458,0.1114241690512877,0.10254677525863967,0.17325335681267884,0.11269425489764473,0.1335923398635263,-0.013193924719348448,0.099966982170372,-0.17517939687431214
#49,0.45549196566145717,0.24334360554699538,0.15326656394453006,0.3002377283733216,0.16334580673563726,0.20568567026194146,0.3082038300682369,1.0,0.3165133171912833,0.481798371120405,0.271617873651772,0.0412524763372221,0.34510455646048865,0.045461149020471055,0.0889984591679507,-0.3018269865727493,0.4899273607748184,0.1443429451904028,0.1936451683909311,-0.07015408320493066,0.17060312568787145,-0.2492824125027515,-0.10057230904688531,-0.17900506273387629,0.03847897864847018,-0.18652872551177635,0.013182918776139115,-0.023059652212194585,0.1573167510455646,0.0563086066475897,0.0862359674224081,0.2391173233546115,0.219471714725952,0.07141536429672023,0.050638344706141314,0.1514836011446181,0.07905348888399735,-0.04901826986572749,0.11978208232445521,-0.04298921417565486,-0.1183975346687211,0.05124367158265463,-0.19873211534228483,-0.25173673783843276,-0.03418225841954656,-0.31418886198547213,0.12108518600044024,0.24041162227602905,-0.015320272947391592,0.011393352410301563,0.22629319832709663,0.016539731454985693,0.09626018049746864,-0.002421307506053269,-0.01796390050627339,-0.11631080783623156,-0.25738718908210434,-0.42414924058991854,-0.012119744662117543,-0.3471846797270526,0.15209553158705702,0.16853400836451685,-0.2153664979088708,-0.009938366718027735,0.23502091129209773,0.07533788245652652,0.004844816200748404,-0.09338542813119084,0.26343825665859566,-0.016055469953775037,0.3161193044243892,0.30308166409861326,0.0825511776359234,-0.17430772617213294,-0.1474620294959278,-0.16809377063614353,0.024772176975566804,0.026084085406119305,0.10562843935725291,-0.21375522782302445,-0.14259300022011887,0.044138234646709226,-0.03335241030156284,0.41255998239049085,0.2317851639885538,0.16579352850539292,0.1016156724631301,-0.015958617653532906,-0.0585890380805635,0.03906009244992296,-0.17739379264802993,-0.06664318732115342,-0.22169051287695354,0.1385031917235307,-0.27839753466872114,0.06303543913713405,0.04620074840413824,0.20084305524983492,0.2164340744001761,0.04088047545674664,0.1784591679506934,0.08487563284173454,0.10580233325996038,0.09203830068236848,0.15682368478978648,0.1588201628879595,0.24516618974246093,0.09302443319392471,0.14641866607968304,0.018705701078582434,-0.12869249394673124
#50,0.20581994276909532,0.2535086946951354,-0.2357142857142857,0.15438917015188203,0.23642967202289236,-0.1888135593220339,0.09542372881355932,0.3165133171912833,1.0,0.324010565705481,0.23335241030156284,0.14944970283953335,0.16356812678846577,0.059311027955095755,0.16212634822804314,-0.13078142196786263,0.036643187321153424,-0.16785604226282191,0.107508254457407,-0.10815320272947392,0.2173893902707462,0.03902487343165309,-0.08128329297820823,-0.03783843275368699,0.1393990755007704,0.02368038740920097,-0.28466431873211534,-0.2284635703279771,-0.05031036759850319,-0.15496588157605107,0.01481399955976227,-0.1463086066475897,0.13352190182698656,0.22026414263702399,0.13824125027514858,0.1564472815320273,0.23951573849878935,0.2183050847457627,0.015208012326656395,0.32453444860224523,0.1088663878494387,0.2507528065155184,0.08789346246973366,-0.004252696456086286,-0.011104996698217037,0.02759189962579793,0.13304864626898524,-0.09323134492626019,-0.22944750165089148,-0.3175786924939467,-0.08516839093110279,-0.27711424169051285,-0.17556900726392252,-0.08633942328857583,-0.07897424609289017,0.16700198106977768,0.10090028615452344,0.027464230684569668,0.006198547215496368,-0.343482280431433,0.0361171032357473,0.16130090248734316,-0.08670041822584196,-0.01185560202509355,-0.12700418225841956,-0.18871230464450803,0.02256218357913273,0.07499229583975346,0.22261501210653753,0.03245652652432313,-0.022093330398415142,0.042370680167290335,0.14225181598062955,-0.08022232005282853,0.1307660136473696,0.05840633942328857,-0.0033480079242791108,-0.014924058991855602,-0.011124807395993837,-0.15638564825005502,-0.343581333920317,0.19306625577812017,0.0325115562403698,-0.005307065815540392,0.22139555359894342,-0.07304424389170151,0.03620515078142197,0.08565045124367159,0.11778560422628219,0.07400396213955536,-0.01090248734316531,0.13602905569007265,-0.11811358133392032,0.1432951793968743,0.015232225401716927,-0.3673871890821043,0.08538850979528946,-0.08424609289016069,-0.1266850099053489,-0.12399955976227163,-0.142128549416685,-0.2131587057010786,-0.17910191503411843,0.0975148580233326,0.14633061853400836,0.12377944089808497,0.1954655513977548,-0.001983270966321814,0.2345278450363196,0.0337112040501871,0.07455646048866388
#51,0.593202729473916,0.3829958177415805,0.34325555800132074,0.5813339203169712,-0.07354391371340524,0.10125027514858023,0.5664098613251156,0.481798371120405,0.324010565705481,1.0,0.47616552938586837,0.11096632181377944,0.42627779000660354,0.04012766894122826,0.11926040061633282,-0.2594188861985472,0.5888641866607969,0.2329583975346687,0.0800132071318512,-0.2438630860664759,0.14764913053048645,-0.29349768875192606,-0.22089808496588156,-0.1385560202509355,-0.12418666079683029,-0.2809267004182258,0.23155844155844155,0.1225049526744442,0.11307726172132952,-0.26601364736957955,0.13672243011226062,0.1740479859123927,0.2793286374642307,0.24197666740039622,-0.011197446621175436,0.04075720889280211,0.021078582434514638,0.044668721109399075,0.04527624917455426,-0.0388861985472155,-0.07177635923398636,0.20165749504732555,-0.23327316751045565,-0.24729473915914593,-0.11779881135813339,-0.29729473915914595,0.20505172793308388,0.27600924499229584,-0.04252256218357913,-0.03708782742681048,0.132722870349989,0.022218798151001543,0.07644508034338543,0.015923398635263042,-0.05938146599163548,0.005208012326656394,-0.2721879815100154,-0.42661677305745105,0.132128549416685,-0.17637023992956197,0.08059652212194585,0.0776799471714726,-0.27783843275368697,-0.07567906669601585,0.3947545674664319,0.14216596962359673,0.006726832489544354,0.11593660576711425,0.1313515298261061,0.06724631300902488,0.4359850319172353,0.4435351089588378,0.025553598943429453,-0.1765067136253577,-0.15633942328857584,-0.2361435174994497,-0.14601364736957959,-0.12454325335681268,-0.13270085846357033,-0.2748448162007484,-0.3556416464891041,-0.020647149460708784,-0.1041074180057231,0.29430772617213297,0.105280651551838,0.07239489324235086,-0.05022672243011226,-0.09402817521461589,-0.19768875192604007,-0.10930882676645388,-0.21785384107418004,-0.052084525643847676,-0.287178076161127,-0.06918996257979308,-0.12163108078362316,0.08678186220559102,0.11872991415364297,0.1602707462029496,0.005335681267884658,0.09710983931322914,0.17358133392031697,0.16651771956856704,-0.05093770636143517,0.15734536649790887,0.3044486022452124,0.26909971384547654,0.28821043363416243,0.006836891921637684,0.012945190402817521,0.007635923398635263,-0.054164648910411624
#52,0.3837574290116663,0.3374554259300022,0.15799911952454326,0.36700198106977766,-0.07097732775698877,0.05592559982390491,0.28223640766013647,0.271617873651772,0.23335241030156284,0.47616552938586837,1.0,0.19072639225181598,0.35877834030376404,0.21162447721769756,0.011600264142637024,-0.03634602685450143,0.35022672243011227,0.010673563724411183,-0.056806075280651555,-0.05324455205811138,0.04770195905789126,-0.07457186880915695,-0.10113141096191944,0.04396874312128549,-0.07478978648470173,-0.04096632181377944,0.15546335020911292,-0.0926502311248074,0.029878934624697335,-0.08173013427250715,0.2170526084085406,0.02734536649790887,0.33993176315210216,0.26833590138674884,0.08633281972265024,-0.057530266343825666,0.09794188861985473,0.18787365177195686,0.17718027734976888,0.05976667400396214,0.04525863966541933,0.0725841954655514,-0.13697556680607528,-0.1151221659696236,0.03260180497468633,-0.1575148580233326,0.18761171032357474,-0.0827360774818402,-0.052187981510015406,-0.14027294739159146,-0.02365397314549857,-0.09285934404578472,0.10972705260840854,0.05643847677745983,-0.1321879815100154,0.017941888619854723,-0.13248954435395113,-0.17973365617433415,0.17502531366938145,-0.0599801893022232,-0.09959498128989655,-0.08048646268985252,-0.151864406779661,0.017252916574950473,0.11189302223200528,-0.09705040721989874,0.09698877393792649,0.18861104996698216,0.08790226722430113,0.12515958617653533,0.24163108078362316,0.22424169051287696,0.11071318511996478,-0.017712965001100596,-0.08179837112040501,-0.10193484481620074,-0.15311908430552498,-0.1325115562403698,-0.03886198547215496,-0.06842835130970724,-0.11554479418886199,-0.05474796390050627,-0.049601584855822146,0.10360554699537751,-0.10698217037200088,-0.16592119744662118,-0.1585362095531587,-0.03610609729253797,-0.11136913933524104,-0.15163108078362317,-0.04232225401716927,-0.004602685450143077,-0.11832929782082324,-0.17043803653973144,-0.10342504952674444,-0.03902927580893682,0.19263922518159807,0.10531146819282412,0.01735197006383447,-0.007435615232225402,0.01930002201188642,0.14779661016949153,0.008820162887959499,0.1526634382566586,0.2766057671142417,0.26670922298040944,0.34633061853400837,-0.1273563724411182,-0.09571648690292758,-0.09151441778560422,-0.08098613251155624
#53,0.12599383667180278,-0.015674664318732115,0.013673783843275368,0.10132731675104556,0.18082324455205812,0.06283953334800793,0.09889500330178297,0.0412524763372221,0.14944970283953335,0.11096632181377944,0.19072639225181598,1.0,0.3941624477217698,0.22803213735417124,-0.10307946290997139,-0.2144023772837332,0.08310807836231565,0.09615452344265904,-0.06631741140215716,-0.10429672022892363,0.053411842394893244,0.019467312348668282,0.20221879815100155,-0.014800792427911071,0.028668280871670702,0.12154523442659036,0.12682148360114462,0.14754787585296059,-0.10668721109399075,0.32873211534228486,0.3512854941668501,0.22162667840633943,0.19789566365837552,0.15672903367818622,0.2958045344486022,0.12655513977547875,0.09836891921637685,-0.019740259740259742,0.02561963460268545,0.03864626898525204,0.12069997798811358,0.15203830068236848,0.11484701738939027,0.13795289456306406,0.015183799251595862,-0.06295619634602685,0.05434074400176095,0.07213955535989434,-0.15791107197886858,0.07383226942548976,0.16335461149020472,0.08022011886418666,0.028049746863306184,-0.07771736737838433,-0.23382786704820605,-0.092458727712965,-0.28165089148139993,-0.12828087167070218,0.11762491745542593,-0.13092009685230024,0.04610609729253797,0.17806735637244112,-0.0065661457186880915,0.03658815760510676,0.008804754567466431,0.015855161787365176,0.21627999119524544,-0.011426370239929562,-0.08336341624477217,-0.014728153202729475,-0.16175214615892583,-0.15261281091789566,-0.33958837772397094,-0.2569535549196566,-0.42561303103675985,-0.42599603786044465,-0.0951353731014748,-0.15904688531807176,0.10505392912172573,0.0413845476557341,0.23896984371560642,0.1290710983931323,0.0688069557561083,0.42651771956856704,-0.018184019370460047,0.08368038740920097,0.0824983491085186,0.3262998018930222,0.20937706361435174,0.44426810477657935,0.07183359013867488,-0.06741140215716487,0.13174114021571648,-0.006266784063394233,0.008668280871670701,-0.10226502311248074,-0.12639225181598063,0.2738983050847458,0.15670261941448382,-0.0023376623376623377,0.0536715826546335,0.23914813999559761,0.2162689852520361,0.2581752146158926,0.3881201848998459,0.11946070878274268,0.2605414924058992,0.09611490204710543,-0.087145058331499,-0.20910631741140215,-0.2070394012766894
#54,0.35697116442879157,0.10797710763812458,0.2633237948492186,0.20426150121065376,0.146979969183359,0.23379484921857804,0.31592780101254675,0.34510455646048865,0.16356812678846577,0.42627779000660354,0.35877834030376404,0.3941624477217698,1.0,0.22239489324235087,-0.05706361435174995,-0.3514946070878274,0.35434074400176097,0.24830948712304646,-0.0006757649130530487,-0.23984371560642748,-0.0449900946511116,-0.25706361435174996,0.0012788906009244992,-0.12679286814880036,-0.10746423068456967,-0.18697996918335902,0.13447281532027294,0.02015628439357253,0.28201848998459167,0.22575830948712305,0.24517939687431212,0.20492846136913934,0.13067576491305305,0.10141976667400396,0.1513251155624037,0.09600924499229584,-0.0051749944970283955,0.04309046885318072,-0.0836319612590799,0.04183799251595862,0.13587057010785825,0.27710323574730356,0.0658793748624257,-0.04065595421527625,-0.02444419986792868,-0.20663438256658595,-0.10910631741140216,0.009713845476557341,-0.13747083425049528,0.009101915034118424,0.05703499889940568,0.052003081664098616,-0.012447721769755667,-0.11071978868589039,-0.16716266784063394,-0.2128285274047986,-0.14868368919216376,-0.21841294298921418,0.01674224081003742,-0.08622055910191503,0.1295311468192824,0.19779661016949152,-0.10597622716266784,0.0014505833149900946,0.1139159145938807,-0.09850319172353071,0.09245652652432314,0.019242791107197888,-0.0764538850979529,-0.10049306625577813,0.23627118644067796,0.16758309487123046,-0.17039841514417786,-0.06948492185780321,-0.3072661237068017,-0.2614637904468413,-0.0784503631961259,-0.04546555139775479,0.03919656614571869,-0.15048206031256878,0.12914153642967202,0.10171912832929782,0.25865727492846136,0.44614571868809155,0.2101716927140656,0.17959057891261282,0.16855822143957738,0.22127008584635705,0.04902487343165309,0.1447259520140876,0.09654413383226942,0.013623156504512436,0.025835351089588378,0.09134052388289676,0.02791107197886859,0.18281311908430553,0.021857803213735417,0.2882918776139115,0.15937706361435175,-0.0749306625577812,0.025806735637244112,0.37677966101694915,0.1694915254237288,0.19888839973585737,0.14777019590578913,0.04036979969183359,0.16576491305304863,0.09020691173233546,-0.1810345586616773,0.14368038740920097,-0.14547435615232227
#58,0.292722870349989,0.25300242130750605,-0.019401276689412283,0.2760488663878494,0.33837332159366057,0.1861369139335241,0.17736077481840193,0.045461149020471055,0.059311027955095755,0.04012766894122826,0.21162447721769756,0.22803213735417124,0.22239489324235087,1.0,-0.24308166409861326,-0.17587717367378383,0.20940347787805416,-0.23633061853400836,-0.38811798371120404,0.1112392692053709,-0.22533568126788467,0.07426150121065375,-0.038745322474136035,0.13098613251155625,-0.2722386088487783,0.04495927801012547,0.18682368478978648,0.09562843935725292,-0.38376623376623376,0.11783182918776139,0.19731895223420648,0.0877591899625798,0.15243671582654633,0.2687607307946291,0.10322914373761831,0.25476557340964123,0.2000792427911072,0.3750803433854281,0.0062425709883337,0.24553598943429453,0.24776139115122167,0.40193484481620073,0.1423002421307506,0.44666079683028836,0.15932423508694696,0.2815562403697997,0.10694034778780541,-0.027413603345806736,-0.08125467752586396,0.007492846136913933,0.08137574290116663,-0.015870570107858244,-0.27989874532247416,-0.3793264362755888,-0.5228857583094871,-0.16174994497028394,-0.04012106537530266,0.27243451463790447,0.2435791327316751,-0.047087827426810475,-0.016693814659916355,0.05286814880035219,0.5303059652212194,0.6369909751265683,0.010173893902707462,-0.2867246313009025,0.6108342504952674,0.23839533348007924,-0.011397754787585297,0.4752828527404799,-0.15725291657495047,0.1199801893022232,-0.2876205150781422,-0.051107197886858906,-0.040451243671582655,0.09638344706141316,0.07358133392031697,-0.03880475456746643,-0.01734096412062514,0.1655976227162668,0.010913493286374643,0.24148580233325995,0.031954655513977546,0.14426590358793748,0.14265903587937487,-0.1274818401937046,-0.07693814659916355,0.1268743121285494,0.24170372000880475,0.13788685890380806,0.49695795729694037,0.16941008144397976,0.17616773057451024,-0.1986550737398195,0.11254017169271406,-0.11247413603345807,-0.17372220999339644,0.1572375082544574,-0.09282632621615672,0.023414043583535108,0.04605546995377504,0.009564164648910412,-0.02395773717807616,0.15051948051948053,0.1324389170151882,0.1611204050187101,0.09024433193924719,0.03950473255558001,-0.041846797270526086,-0.2962887959498129,-0.22955535989434295
#101,-0.09040942108738718,-0.0640413823464671,-0.31210653753026635,0.17862425709883337,-0.40825665859564164,-0.4763812458727713,0.027756988773937927,0.0889984591679507,0.16212634822804314,0.11926040061633282,0.011600264142637024,-0.10307946290997139,-0.05706361435174995,-0.24308166409861326,1.0,0.10593000220118864,-0.08616112700858464,-0.32582874752366275,0.6123200528285274,-0.11072639225181598,0.6686154523442659,-0.056713625357693156,0.007900066035659256,-0.13413823464670924,0.2792009685230024,-0.017642526964560864,-0.11313669381465992,-0.10456306405458948,-0.020140876073079465,-0.23491525423728812,-0.3503433854281312,-0.1508760730794629,-0.16937486242570987,-0.07113581333920317,0.03171032357473035,-0.16517059211974466,0.5180057230904689,-0.13003521901826987,0.29854061193044246,0.07880255337882457,-0.1111270085846357,-0.1329980189302223,0.17857362976007043,0.0042042703059652214,0.09128329297820824,0.14260840854061194,-0.10813999559762272,0.05551837992515959,-0.034265903587937484,-0.025322474136033456,0.06957517059211975,-0.08774158045344486,0.13123486682808716,-0.08730354391371341,0.23433414043583536,0.14391151221659695,0.14350209112920978,-0.19028175214615892,-0.15502091129209775,-0.3061963460268545,-0.22821703720008804,-0.3785780321373542,-0.19409861325115563,-0.2982544574069998,-0.07879154743561523,0.0362887959498129,-0.20475456746643186,-0.11987893462469734,0.48169711644287916,-0.29859344045784725,-0.014585075941008144,-0.11033458067356372,0.24716266784063395,-0.3221703720008805,0.013398635263042042,-0.35976447281532026,-0.29515298261060974,-0.4029583975346687,0.24551397754787585,-0.15688751926040062,-0.4669535549196566,-0.2661765353290777,-0.3681179837112041,-0.18098613251155624,-0.3587849438696896,-0.27459608188421747,-0.33927801012546777,-0.06538190622936385,-0.02034998899405679,-0.2554897644728153,-0.2928989654413383,-0.13981069777679947,-0.3270283953334801,-0.20619414483821263,-0.2950407219898745,-0.26148580233325996,-0.07935505172793308,-0.41350869469513535,-0.3654215276249175,0.05155844155844156,-0.19939687431212855,-0.25793968743121287,-0.3218203830068237,-0.1431058771736738,0.02802773497688752,-0.1857671142416905,-0.1829804094210874,-0.4172353070658155,0.024657715166189743,0.13126348228043144,0.14331278890600924
#102,-0.29069337442218796,-0.12429892141756549,-0.08226942548976447,-0.09179176755447942,-0.31735417125247634,-0.18056350429231785,-0.05289676425269645,-0.3018269865727493,-0.13078142196786263,-0.2594188861985472,-0.03634602685450143,-0.2144023772837332,-0.3514946070878274,-0.17587717367378383,0.10593000220118864,1.0,-0.3636341624477218,-0.3130178296279991,0.16693374422187982,0.6381664098613251,-0.1027492846136914,0.6536495707682148,0.014021571648690292,0.3632643627558882,0.16037860444640106,0.5842659035879375,-0.2696235967422408,-0.025804534448602246,-0.33606647589698435,-0.011208452564384767,-0.3416464891041162,-0.49640325775919,-0.29006823684789784,-0.3004776579352851,-0.08015848558221439,-0.3466519920757209,0.03422187981510015,-0.016997578692493947,0.06548756328417345,0.14278230244331938,-0.04798811358133392,-0.48863086066475897,0.04903147699757869,-0.059295619634602684,-0.07451243671582655,0.40418005723090467,-0.09767114241690512,-0.1490116662998019,-0.15209553158705702,0.03161347127448822,-0.16618534008364516,-0.10791767554479419,-0.27226942548976446,0.07180277349768875,0.04935725291657495,0.42594320933303986,-0.08028615452344266,0.48217257318952234,0.05591899625797931,0.18092009685230023,-0.31085406119304426,-0.30832929782082324,-0.006057671142416905,-0.22520801232665638,-0.27862425709883337,-0.09487343165309267,-0.04776579352850539,0.24970063834470616,0.354058991855602,0.3223222540171693,-0.19057230904688532,-0.3257605106757649,0.20758309487123047,-0.10162887959498129,0.05418005723090469,0.04428131190843055,-0.1640413823464671,-0.11924058991855602,-0.012456526524323134,0.4827140655954215,-0.03940127668941228,-0.216748844375963,-0.21178516398855382,-0.379273607748184,-0.22045344486022453,-0.39411842394893243,-0.3490821043363416,-0.20959498128989654,-0.14222980409421088,-0.22913713405238828,0.07285274047985912,-0.06630640545894784,0.13925159586176536,-0.2023200528285274,-0.040044023772837334,-0.24766453885097953,0.3297776799471715,-0.32824125027514856,-0.20673783843275367,0.05451904028175215,-0.2737112040501871,-0.3472309046885318,-0.4300528285274048,-0.14152102135152983,-0.17826766453885098,-0.1867510455646049,-0.3608232445520581,-0.07914153642967202,-0.149141536429672,-0.1633083865287255,-0.03160906889720449
#201,0.49314109619194363,0.2871538630860665,0.5433215936605768,0.5303543913713405,0.024858023332599604,0.25914593880695574,0.32850539291217257,0.4899273607748184,0.036643187321153424,0.5888641866607969,0.35022672243011227,0.08310807836231565,0.35434074400176097,0.20940347787805416,-0.08616112700858464,-0.3636341624477218,1.0,0.3082984811798371,-0.16501871010345587,-0.13895663658375523,0.030187101034558662,-0.42627779000660354,-0.1361104996698217,-0.3267576491305305,-0.2593660576711424,-0.3435791327316751,0.36050847457627117,0.06046445080343386,0.15867928681488003,-0.1489522342064715,0.10909751265683469,0.29733215936605767,0.2087739379264803,0.03585956416464891,-0.018710103455866166,0.03539951573849879,-0.1291305304864627,-0.19002861545234426,-0.1257539071098393,-0.3158771736737838,-0.052544574069997796,0.0400132071318512,-0.12666740039621396,-0.27332159366057673,0.007655734096412062,-0.29463570327977107,0.18837332159366058,0.28504732555580015,0.20745762711864407,0.1014505833149901,0.16957517059211974,0.1584899845916795,0.26522562183579135,-0.09012326656394452,-0.08039621395553599,-0.2946401056570548,-0.23158485582214397,-0.4313735417125248,-0.02149460708782743,-0.19186000440237727,0.1277790006603566,0.11400396213955535,-0.13296279991195245,0.09014307726172133,0.36319172353070656,0.20607968302883556,0.05165529385868369,0.11713405238828968,-0.0056042262821923835,-0.06697116442879154,0.5114747963900507,0.45982390490865066,-0.08696676205150781,0.04395333480079243,-0.16778120184899845,-0.04008144397974907,-0.06082984811798371,0.030684569667620516,-0.025635042923178517,-0.2974686330618534,-0.12440898084965882,0.08574950473255558,0.06725511776359235,0.3141074180057231,0.09937266123706802,0.1348580233325996,0.0029561963460268546,0.09168390931102796,-0.17662337662337663,0.11053048646268986,-0.11144177856042263,-0.0028901606867708565,-0.1970856262381686,0.04986572749284614,-0.18394893242350868,0.36984591679506934,-0.08569667620515078,0.3185890380805635,0.25463130090248737,0.17925379705040723,0.3511358133392032,0.28184239489324237,0.09453444860224522,0.19690732995817742,0.15682588597842836,0.19517279330838652,0.17446180937706363,0.035947611710323575,-0.17254897644728154,0.07080343385428131,-0.019108518600044023
