,#10,#11,#12,#13,#17,#18,#26,#49,#50,#51,#52,#53,#54,#58,#101,#102,#201,#202,#301,#302,#401,#402,#501,#502,#601,#602,#701,#702,#801,#802,#901,#902,#1001,#1002,#1101,#1102,#1201,#1202,#1301,#1302,#1401,#1402,#1501,#1502,#1601,#1602,#1701,#1702,#1801,#1802,#1901,#1902,#2001,#2002,#2101,#2102,#2201,#2202,#2301,#2302,#2401,#2402,#2501,#2502,#2601,#2602,#2701,#2702,#2801,#2802,#2901,#2902,#3001,#3002,#3101,#3102,#3201,#3202,#3301,#3302,#3401,#3402,#3455,#3501,#3502,#3601,#3602,#3701,#3702,#3801,#3802,#3901,#3902,#4001,#4002,#4101,#4102,#4201,#4202,#4301,#4302,#4401,#4402,#4501,#4502,#4601,#4602,#4701,#4702,#4801,#4802
#10,1.0,0.487211093990755,0.25574730354391373,0.27742681047765794,0.25432093330398414,0.023693594541052167,0.12879815100154082,0.44132951793968744,0.42860664758969846,0.40771076381245874,0.19749724851419767,0.06847897864847018,0.02493286374642307,-0.09029275808936826,0.07178296279991195,-0.025967422408100373,0.2853973145498569,0.023709002861545234,0.12843715606427472,-0.22103675985031918,-0.1237838432753687,-0.05215056130310368,-0.23817521461589258,-0.06016508914814,-0.16311248073959939,0.0562887959498129,-0.12387409200968523,0.005447941888619854,-0.034345146379044685,-0.15010345586616772,0.014419986792868149,0.0777129650011006,0.17281752146158927,0.11834250495267444,-0.03837552278230244,0.019832709663218137,-0.06424609289016069,0.07456746643187322,-0.00475016508914814,0.16914593880695575,0.20311468192824125,0.28939467312348666,-0.09571868809156944,0.02526304204270306,-0.22900286154523442,0.05002421307506053,0.06150341184239489,0.07874532247413603,-0.06859123926920536,0.009264802993616553,0.07394232885758309,0.12343825665859565,-0.1462689852520361,-0.04774378164208673,-0.12525203609949373,-0.008809156944750166,-0.09162007484041382,-0.14832929782082324,-0.09030816640986132,0.12369359454105217,-0.04966982170372001,-0.005540391811578252,0.042835130970724195,0.09332379484921857,-0.06608628659476116,-0.11128769535549196,0.037193484481620076,0.1472903367818622,0.194521241470394,0.03981289896544134,0.22261501210653753,0.19173013427250715,0.02965661457186881,0.11281972265023113,-0.09671802773497688,-0.07592339863526304,-0.07638784943869689,-0.06370019810697777,-0.1471516618974246,0.08561963460268544,-0.29747083425049525,-0.06428791547435615,0.0054501430772617215,-0.07420867268324896,0.159966982170372,-0.08234206471494607,0.022839533348007923,-0.0739093110279551,0.026110499669821704,-0.2248051948051948,-0.05835571208452564,0.034983491085186,-0.01804094210873872,-0.24688311688311687,-0.18825225621835792,-0.06629760070438037,0.1011402157164869,0.055016508914814,0.19910631741140217,0.11551617873651772,0.19895443539511337,0.14593000220118865,-0.18389390270746203,0.3033612150561303,0.26209333039841515,0.22434294519040282,0.26584195465551397,-0.06175654853620955,0.122623816861105,-0.23561963460268545,-0.23209773277569887
#11,0.487211093990755,1.0,0.4552102135152983,0.23408980849658817,0.22092670041822585,0.09147479639005063,0.46764472815320274,0.40726172132951793,0.3986088487783403,0.5834536649790887,0.31464670922298044,0.17989214175654852,0.0007836231565045125,-0.02471714725952014,0.0714769975786925,0.05963020030816641,0.3450077041602465,0.16027955095751706,0.14521021351529825,-0.021719128329297822,-0.08199427690953115,-0.0025489764472815322,-0.49656614571868807,-0.23053048646268987,-0.39491305304864627,-0.2603565925599824,-0.3243319392471935,-0.07047765793528506,0.023552718467972706,-0.09243451463790447,0.05650011005943209,0.16692493946731235,0.07736517719568567,0.1771604666519921,-0.10043363416244772,0.06905348888399736,0.08018930222320053,0.09227602905569007,-0.1475544794188862,0.04598723310587717,0.27261060972925377,0.10811358133392032,-0.049218578032137354,0.050774818401937045,-0.2921087387189082,-0.06805414924058992,-0.06071758749724852,-0.026095091349328636,-0.11577591899625798,-0.13425049526744443,-0.033792648029936166,-0.06920096852300242,-0.24352850539291218,0.04057671142416905,-0.1262491745542593,0.18240589918556022,-0.22583535108958838,-0.08419546555139776,-0.26691833590138675,-0.10184679727052609,-0.1611336121505613,-0.18118864186660796,-0.12997138454765572,0.16039181157825225,0.14336561743341406,0.047655734096412064,-0.07459388069557561,0.04028615452344266,0.14722650231124806,0.019755668060752806,0.14413823464670922,0.40541712524763374,-0.029856922738278672,-0.03639225181598063,-0.07759410081443979,0.09283292978208232,-0.13715826546335022,-0.0840215716486903,-0.15077261721329518,0.09307946290997138,0.003594541052168171,0.058503191723530704,-0.0004688531807175875,-0.08284393572529165,0.11980629539951573,-0.12331939247193484,0.0286946951353731,-0.29325775918996255,0.012685450143077261,-0.2312260620735197,-0.009656614571868808,-0.22268545014307725,-0.11834030376403258,-0.18478318291877613,-0.2599603786044464,0.061547435615232224,0.04607968302883557,0.26045344486022454,0.16278450363196126,-0.042260620735197006,0.1722672243011226,0.13345586616773059,-0.04736077481840194,0.40907990314769976,0.19707462029495929,0.028331499009465112,0.12813779440898085,-0.3161853400836452,0.17770856262381687,-0.18342725071538632,-0.20855822143957736
#12,0.25574730354391373,0.4552102135152983,1.0,0.30275148580233324,0.06386528725511777,0.26419326436275586,0.4074246092890161,0.39365397314549855,0.08117543473475677,0.49031476997578693,0.425775918996258,0.150561303103676,0.1500132071318512,0.04451683909311028,-0.2835791327316751,-0.316205150781422,0.7726216156724631,0.672987012987013,-0.17322694254897644,-0.2779220779220779,-0.16728813559322034,-0.23491745542593,-0.21727272727272728,0.04021351529826106,0.030526084085406118,0.024684129429892142,-0.2723376623376623,0.10974246092890161,0.2637552278230244,0.025610829848117984,0.33358353510895883,0.3128153202729474,0.20213075060532687,0.17272066916134712,-0.1368897204490425,-0.10042923178516398,-0.1568038740920097,-0.2533017829627999,0.08406559542152763,0.2056482500550297,-0.053502091129209776,0.05841074180057231,-0.4015804534448602,-0.27642967202289237,-0.30299141536429675,-0.15451243671582654,-0.2654567466431873,-0.16612150561303105,-0.07072639225181598,0.019141536429672024,0.06967202289236188,0.22653532907770196,0.1235923398635263,0.3684547655734096,0.00599603786044464,0.29276469293418445,-0.3257737178076161,-0.46781421967862646,-0.07614791987673343,-0.27590799031477,0.04992295839753467,0.13719568567026194,-0.33590799031477,-0.13819062293638565,0.41982610609729254,0.3212458727712965,-0.14383887299141537,-0.022399295619634604,-0.08097952894563064,-0.06500770416024654,0.5598393132291437,0.6598877393792648,-0.21534888839973584,-0.082656834690733,-0.5464098613251156,-0.3465991635483161,-0.30466431873211536,-0.045174994497028394,0.07697556680607529,0.16681928241250274,-0.01099933964340744,-0.06300462249614792,0.06793968743121286,0.10751045564604887,-0.04534228483381026,0.0786748844375963,0.2008496588157605,-0.4305965221219458,-0.09588157605106758,-0.2876337222099934,-0.22962139555359895,-0.09833370019810697,-0.15824345146379046,0.09405238828967642,0.045564604886638785,0.5692978208232445,0.46790666960158483,0.5608848778340304,0.3915100154083205,0.37926480299361653,0.5781069777679947,0.5284327536869909,0.09035439137134052,0.38780761611270087,0.23922518159806294,0.33462909971384547,0.39562623816861103,-0.027717367378384327,0.2795179396874312,0.13216376843495486,-0.026731234866828088
#13,0.27742681047765794,0.23408980849658817,0.30275148580233324,1.0,-0.12058331499009466,0.40104556460488666,0.06304644508034339,0.07797490644948273,-0.07198106977767994,0.5595949812898966,0.1087541272287035,0.21305524983491086,0.21701959057891262,0.14640545894783183,-0.20065375302663438,-0.12113141096191944,0.3806207351970064,0.017933083865287254,-0.07177856042262822,0.12973805855161788,-0.1302707462029496,0.10066696015848559,-0.17146158925819943,0.2805789126128109,-0.15578472375082544,0.18313449262601805,0.04701518820162888,0.3384173453664979,-0.06491305304864627,0.017699757869249395,-0.21242350869469515,0.17168390931102795,0.30726832489544353,0.12385428131190843,-0.15426810477657935,-0.04434734756768655,0.08425930002201189,0.019005062733876293,-0.018168611049966983,0.09957076821483601,0.2602091129209773,0.13373321593660575,-0.08976227162667841,0.08726172132951794,-0.023499889940567908,0.1528527404798591,0.27882456526524324,0.4327338762931983,0.23020911292097732,0.3475324675324675,0.26214615892581994,0.19124807395993837,0.09296720228923619,0.022302443319392472,-0.022337662337662337,-0.16331058771736737,-0.19332379484921858,0.08659696235967422,-0.02432313449262602,0.1662425709883337,0.026053268765133173,0.025410521681708122,0.14699317631521022,-0.021580453444860224,0.039929561963460265,0.023425049526744443,0.2025643847677746,0.18387189082104335,0.11134932863746423,0.1179176755447942,-0.04436275588817962,0.06668941228263262,-0.3013449262601805,0.10895223420647149,0.004158045344486022,0.01547655734096412,-0.184884437596302,-0.1596302003081664,-0.18011666299801893,-0.033149900946511116,-0.21060972925379706,0.04049966982170372,-0.22437816420867268,-0.25900286154523444,0.3697534668721109,-0.07262821923838873,0.019605987233105877,-0.001325115562403698,0.23532247413603347,-0.21559542152762493,0.040933303984151445,0.03045564604886639,0.0027360774818401936,-0.22576271186440677,-0.16524103015628439,-0.07054149240589919,0.17681928241250275,0.08047105436935946,0.29130970724191063,0.25592780101254675,0.18277349768875192,0.17049086506713626,-0.020471054369359455,0.38190182698657277,0.25497908870790226,0.3523772837332159,0.258778340303764,0.0690050627338763,-0.08044243891701519,-0.2638630860664759,-0.14918556020250937
#17,0.25432093330398414,0.22092670041822585,0.06386528725511777,-0.12058331499009466,1.0,0.0027779000660356594,0.07056570548095972,0.18070217917675543,0.07765133171912833,0.037129650011005946,0.17143517499449704,0.2196588157605107,0.18993176315210214,-0.020801232665639446,-0.19943649570768215,-0.16627999119524542,-0.006559542152762492,-0.13436495707682147,-0.3172507153863086,-0.19901386748844377,-0.222491745542593,-0.23272727272727273,-0.16498789346246973,-0.07601584855822144,-0.10071758749724852,-0.12121505613031036,0.03573849878934625,-0.07944530046224961,-0.10361875412722871,-0.28140655954215277,0.10088707902267224,-0.027906669601584857,-0.029196566145718687,0.02892141756548536,0.1023728813559322,-0.2420162887959498,-0.1128417345366498,-0.15655513977547875,-0.049639005062733874,-0.22416244772176974,-0.0361038961038961,0.08787585296059873,0.11799691833590138,0.08051948051948052,0.13569227382786705,0.00970724191063174,-0.058703499889940565,0.04313229143737618,0.2893814659916355,0.017985912392692052,0.18591679506933745,0.13693594541052168,-0.12655734096412063,0.023570327977107636,-0.16047325555800132,-0.13083865287255117,0.2227624917455426,-0.009553158705701078,0.217442218798151,0.24834470614131632,-0.12547655734096413,-0.013781642086726833,0.10094651111600264,0.16595641646489104,0.01783182918776139,0.061815980629539954,-0.23214395773717808,0.010702179176755448,-0.3775148580233326,-0.2843011226062074,-0.11791987673343605,-0.05535989434294519,-0.013713405238828968,0.039291217257318954,-0.05435174994497029,-0.009819502531366937,-0.1843319392471935,0.11908650671362536,-0.29858903808056353,-0.1886022452124147,-0.13800572309046885,0.27536869909751266,0.37218578032137356,0.051683909311027953,0.27727933083865286,0.14252696456086286,0.12317851639885538,0.30853841074180055,0.0863020030816641,0.15526964560862866,0.2913955535989434,0.05340744001760951,0.20987233105877173,0.03337222099933965,0.16382126348228043,0.03396213955535989,-0.02884437596302003,0.06567026194144839,0.05389610389610389,0.12782302443319393,0.04935064935064935,0.1343847677745983,-0.06435615232225401,-0.007175874972485142,0.020068236847897866,-0.08194364957076822,0.03521021351529826,-0.14698877393792648,0.15760290556900727,0.05945850759410082,0.23666740039621395
#18,0.023693594541052167,0.09147479639005063,0.26419326436275586,0.40104556460488666,0.0027779000660356594,1.0,0.12918556020250935,0.15834470614131632,0.007891261281091789,0.19493506493506493,-0.0052344265903587935,0.2861127008584636,0.24621175434734757,0.26826986572749284,-0.28215716486902925,-0.3139753466872111,0.3224785384107418,0.3749944970283953,-0.11282632621615672,-0.12840633942328858,-0.15142196786264583,-0.10016508914814,0.09368038740920097,0.1878582434514638,0.025720889280211313,0.06789346246973366,0.0006405458947831829,0.22496588157605107,0.28057010785824343,0.3420977327756989,0.25939687431212854,0.16808496588157604,0.05105877173673784,0.2130112260620735,0.08928461369139336,0.02332379484921858,0.15688531807175876,-0.015337882456526524,-0.10546995377503852,0.1109751265683469,0.12059652212194585,-0.032799911952454325,-0.12864626898525203,-0.038738718908210436,-0.06188421747743782,0.04206251375742901,0.15261281091789566,0.23492626018049748,-0.060121065375302665,0.06653312788906009,0.09585956416464891,0.20637684349548757,-0.03578472375082545,0.09081003742020691,-0.0551551837992516,-0.04725731895223421,-0.343812458727713,-0.3087739379264803,-0.026990975126568346,-0.0009399075500770416,0.1796962359674224,0.11545014307726172,0.1209949372661237,-0.00425709883337002,0.12532907770195906,0.1890777019590579,0.24278670482060313,0.06690072639225182,-0.12226502311248073,-0.08367598503191724,-0.04768214836011446,0.008835571208452565,-0.238366718027735,-0.0673497688751926,-0.16079242791107198,-0.17284173453664978,-0.32828747523662777,-0.20080123266563946,0.192227602905569,0.24127668941228264,0.13489984591679507,0.21766453885097953,-0.13366718027734978,0.13016068677085627,0.010217917675544794,-0.027402597402597404,0.22295399515738498,0.10129429892141757,0.18876293198327096,0.11978208232445521,0.1436715826546335,0.05804094210873872,0.18470834250495266,0.007475236627779,0.015238828967642526,0.1175148580233326,0.16758969843715607,0.26063394232885756,0.18807836231565045,0.21518600044023772,0.1973167510455646,0.4340017609509135,0.2581994276909531,0.1127492846136914,0.18448382126348228,0.14197666740039622,0.15235747303543914,0.27200088047545673,-0.09029936165529386,0.06480739599383667,0.041697116442879156
#26,0.12879815100154082,0.46764472815320274,0.4074246092890161,0.06304644508034339,0.07056570548095972,0.12918556020250935,1.0,0.32741140215716485,0.15738278670482062,0.34674003962139555,0.37564164648910414,0.06917455425930003,-0.03607307946290997,-0.03891701518820163,-0.03560422628219238,-0.08017829627999119,0.33805635042923177,0.29793968743121285,-0.010200308166409862,-0.13146599163548317,-0.17614791987673345,-0.05778120184899846,-0.2708364516839093,-0.03204490424829408,-0.08924499229583975,0.03191723530706581,-0.27019370460048425,0.009476117103235747,0.09256658595641647,-0.03543473475676866,0.20703059652212194,0.0702575390710984,0.0004446401056570548,0.08838432753686991,-0.04123486682808717,0.03042042703059652,-0.00901386748844376,0.00033898305084745765,-0.13292978208232445,0.2780211314109619,0.13011005943209333,0.07675104556460488,-0.19627118644067795,0.046110499669821704,-0.2727845036319613,-0.19782742681047766,-0.12708122386088488,-0.07942108738718909,-0.2037772397094431,-0.23518600044023774,-0.15510675764913054,-0.049775478758529605,-0.12927801012546775,0.1515496368038741,-0.027310147479639005,0.26174334140435834,-0.26776799471714724,-0.18182258419546554,-0.21163548316090688,-0.07806515518379925,-0.09867268324895444,-0.0663944530046225,-0.1708188421747744,0.09050187101034558,0.08090688972044904,0.1451749944970284,-0.014424389170151881,0.06255337882456527,0.08925379705040722,0.03828087167070218,0.30947611710323575,0.4667686550737398,0.07374202069117324,0.023878494386968964,-0.10996257979308827,-0.06517499449702839,-0.0361501210653753,0.04830288355712085,0.06998899405679067,0.1351882016288796,0.023103675985031918,0.04855602025093551,-0.043812458727712965,0.09877613911512216,-0.021188641866607967,-0.11219678626458288,0.057759189962579796,-0.31917895663658374,0.04349988994056791,-0.05973365617433414,-0.12745102355271848,-0.18907550077041602,-0.03295399515738499,-0.03329738058551618,-0.13638344706141317,0.16044464010565707,0.22619854721549637,0.1928461369139335,0.20124367158265463,0.0825775918996258,0.22008804754567465,0.27480079242791106,0.08316751045564605,0.3215320272947392,0.26252916574950474,0.037660136473695795,0.19154743561523221,-0.23356812678846578,0.1035064935064935,0.04043803653973146,-0.26790006603565925
#49,0.44132951793968744,0.40726172132951793,0.39365397314549855,0.07797490644948273,0.18070217917675543,0.15834470614131632,0.32741140215716485,1.0,0.3122143957737178,0.33797490644948275,0.397112040501871,0.16118644067796611,0.043202729473915916,0.02360774818401937,0.003863086066475897,-0.19882676645388508,0.38645828747523664,0.33634602685450143,0.14018269865727492,-0.25790887079022673,-0.04856042262821924,-0.17156064274708344,-0.222788906009245,0.041032357473035436,-0.048718908210433634,0.08305965221219458,-0.26834470614131634,-0.06834470614131631,0.16354171252476338,0.12047765793528506,0.3535615232225402,0.26273827867048205,0.3028989654413383,0.21376623376623377,0.19150561303103675,0.24225401716927142,0.15521241470394012,0.10987012987012987,0.12139995597622716,0.12668721109399075,0.03353731014747964,0.14788245652652432,-0.17529826106097293,-0.09756548536209553,-0.2479947171472595,-0.12477437816420867,-0.10859123926920537,-0.028899405679066695,-0.15167730574510235,-0.21408540611930443,0.11298261060972925,0.03319392471934845,-0.03571648690292758,0.013649570768214835,-0.05700858463570328,0.08551177635923399,-0.3099867928681488,-0.3450121065375303,-0.12140435835351089,-0.20124147039401277,-0.13826986572749284,-0.049183359013867486,0.05089148139995597,0.12709663218137796,0.13714065595421526,-0.07678406339423288,-0.05961259079903148,0.15258859784283513,0.17576271186440678,0.03912172573189522,0.30919216376843495,0.4378956636583755,0.0437310147479639,0.12322033898305085,-0.19527624917455427,-0.1113119084305525,-0.05141976667400396,0.0015342284833810259,0.09928461369139335,0.15069997798811358,0.043455866167730575,0.1327823024433194,0.1813779440898085,0.3300924499229584,0.08073519700638344,-0.10917235307065816,-0.12646929341844595,-0.17662998018930223,-0.11432753686990975,-0.1316024653312789,0.006196346026854501,-0.18573189522342065,-0.04962799911952454,-0.2549526744441999,-0.25846797270526084,0.21847457627118644,0.30542813119084306,0.37174554259300024,0.17786264582874753,0.35158485582214394,0.3703830068236848,0.4395773717807616,0.20517279330838653,0.3152322254017169,0.20018049746863306,0.27785384107418004,0.3219238388729914,-0.10524763372221,0.2490512876953555,-0.27389390270746206,-0.3526106097292538
#50,0.42860664758969846,0.3986088487783403,0.08117543473475677,-0.07198106977767994,0.07765133171912833,0.007891261281091789,0.15738278670482062,0.3122143957737178,1.0,0.3310631741140216,0.1340215716486903,-0.11321593660576712,-0.10633722209993396,-0.13720889280211315,0.22495927801012547,0.17792207792207793,-0.00012987012987012987,0.05596302003081664,0.4493814659916355,0.08740479859123927,0.1902839533348008,0.10054809597182479,-0.25298261060972926,-0.2897710763812459,-0.16156064274708343,-0.08235086946951353,-0.3543693594541052,-0.15329077701959057,-0.05093990755007704,-0.09489984591679507,0.07626018049746863,0.015524983491085186,-0.10423728813559321,0.020658155403918115,-0.1503764032577592,0.07343385428131191,-0.009920757208892803,0.10859344045784723,-0.2567840633942329,-0.0199603786044464,0.11716927140655954,0.14927801012546776,0.011001540832049307,-0.04836451683909311,-0.09869689632401497,-0.03423288575830949,-0.06871890821043364,-0.079801893022232,-0.3249020471054369,-0.27693154303323797,-0.15966982170372002,-0.2224785384107418,-0.31565705480959716,-0.14468412942989214,-0.015687871450583316,0.19235747303543912,-0.14996257979308827,-0.03049966982170372,-0.21069777679947171,-0.06399735857362976,-0.1382214395773718,-0.19432753686990975,-0.04934404578472375,0.08001540832049307,0.1214769975786925,-0.0978450363196126,0.06516398855381907,0.21625797930882676,0.2646224961479199,0.01383447061413163,0.20502091129209774,0.01814439797490645,0.19004402377283733,-0.08014087607307946,0.10100374202069118,-0.021857803213735417,0.026500110059432095,-0.08060972925379704,0.10425269645608629,0.07561082984811798,-0.07183579132731675,-0.1149372661237068,-0.15485362095531588,0.01904028175214616,-0.07491965661457187,-0.22882456526524322,-0.1410147479639005,-0.25687871450583316,-0.03851419766674004,-0.1861831388950033,-0.26721329517939685,-0.2626172132951794,-0.17163328197226502,-0.22570548095971824,-0.3229407880255338,-0.05099273607748184,-0.1214902047105437,-0.05402377283733216,0.041300902487343166,-0.14327536869909752,0.03720228923618754,-0.0934074400176095,-0.15382786704820603,0.008626458287475236,0.061708122386088485,-0.06886198547215497,-0.029335241030156285,-0.1744045784723751,-0.045943209333039844,-0.18978648470173895,-0.22513097072419105
#51,0.40771076381245874,0.5834536649790887,0.49031476997578693,0.5595949812898966,0.037129650011005946,0.19493506493506493,0.34674003962139555,0.33797490644948275,0.3310631741140216,1.0,0.31622496147919876,0.11440457847237508,0.2528395333480079,0.030983931322914375,-0.16093550517279331,-0.08871670702179177,0.508069557561083,0.09728153202729474,0.09854501430772618,-0.005148580233325996,-0.12433854281311908,-0.0039049086506713626,-0.23883777239709444,0.05661237068016729,-0.10891481399955977,0.10564384767774598,-0.019889940567906668,0.24209773277569888,-0.11014747963900506,-0.2018071758749725,-0.09568787145058331,0.05384547655734096,0.23064714946070877,0.06508254457406999,-0.2902487343165309,-0.12406339423288576,-0.08920316971164428,-0.0512987012987013,-0.11618534008364517,-0.0037596302003081662,0.22567906669601584,0.06946951353731015,-0.16899625797930884,-0.019808496588157604,-0.1534074400176095,-0.022923178516398857,0.03836451683909311,0.20405018710103456,0.08228043143297381,0.2520823244552058,0.21834470614131632,0.1401188641866608,0.09839093110279551,0.03897424609289016,0.017147259520140876,0.021254677525863967,-0.09011886418666079,0.0006955756108298481,-0.06923838872991415,0.10867268324895443,-0.18318511996478098,-0.07758529605987233,0.15042923178516399,0.2571472595201409,0.25810257539071096,0.08791327316751045,0.1158925819942769,0.28837552278230244,0.1767290336781862,0.06691393352410302,0.10878934624697337,0.2704666519920757,-0.3124367158265463,-0.14975126568346908,-0.07852080123266564,-0.004076601364736958,-0.24173233546114903,-0.06574730354391371,-0.049597182478538414,-0.0311534228483381,-0.24416905128769537,0.08882456526524324,-0.17108958837772398,-0.22464450803433855,0.27123046445080345,-0.19065815540391812,-0.015097952894563064,-0.1926964560862866,0.18731895223420647,-0.1575941008144398,-0.13608188421747744,-0.13038300682368478,0.035694475016508916,-0.24963460268545015,-0.16160466651992075,0.014765573409641207,0.15154083204930663,0.19230464450803433,0.31053709002861546,0.22918556020250935,0.25887079022672244,0.1175676865507374,-0.192689852520361,0.42052388289676423,0.3341536429672023,0.2520999339643407,0.30507814219678625,-0.16394453004622497,0.08664758969843715,-0.2900726392251816,-0.1641734536649791
#52,0.19749724851419767,0.31464670922298044,0.425775918996258,0.1087541272287035,0.17143517499449704,-0.0052344265903587935,0.37564164648910414,0.397112040501871,0.1340215716486903,0.31622496147919876,1.0,0.1148580233325996,0.19099273607748185,0.12967422408100374,-0.030167290336781862,-0.05081003742020691,0.36963240149680826,0.22757208892802114,-0.03182478538410742,-0.14472154963680386,0.003277569887739379,-0.22713185119964782,-0.3029341844596082,-0.12008804754567466,0.06483601144618094,-0.167442218798151,-0.19368038740920096,0.040451243671582655,0.07025974025974026,-0.14835571208452564,0.10799471714725951,-0.09925819942769096,0.21550517279330839,-0.1398877393792648,-0.10351529826106097,-0.09477217697556681,-0.19923178516398857,-0.1287211093990755,0.14364957076821483,0.16311468192824125,-0.1326370239929562,0.2592009685230024,-0.19790226722430113,-0.05008144397974906,-0.38982390490865065,-0.17512656834690732,-0.079900946511116,-0.0061809377063614356,0.045604226282192385,-0.02177195685670262,-0.10345146379044684,-0.05859784283513097,-0.0663086066475897,-0.025069337442218797,0.06424389170151883,0.0987937486242571,-0.14684349548756329,-0.21806735637244112,-0.11686110499669822,0.047823024433193924,-0.10522562183579133,0.02862425709883337,-0.029432093330398416,0.11324675324675325,0.13084965881576052,0.155115562403698,0.11576711424169052,0.34380145278450364,0.046310807836231566,-0.0006185340083645169,0.48438917015188204,0.41558661677305747,-0.06978208232445521,0.041543033237948494,-0.28239489324235084,-0.22048206031256878,-0.1706053268765133,-0.049832709663218136,0.12672463130090247,-0.14011446180937706,-0.28627999119524544,-0.13734756768655074,-0.05871010345586617,0.11543033237948493,0.1340215716486903,-0.07905569007263923,-0.07389390270746203,-0.20406999779881135,0.07414483821263482,-0.15784943869689633,-0.11245432533568127,-0.16310807836231564,-0.1912987012987013,-0.06596522121945851,-0.08547875852960599,0.2680475456746643,0.21056350429231785,0.2723948932423509,0.23264802993616554,0.22663218137794408,0.34416905128769537,0.3622077922077922,-0.15283072859344046,0.35080123266563945,0.2745806735637244,0.27080123266563944,0.2605877173673784,-0.22895223420647148,0.2988069557561083,-0.09795069337442219,-0.19668060752806515
#53,0.06847897864847018,0.17989214175654852,0.150561303103676,0.21305524983491086,0.2196588157605107,0.2861127008584636,0.06917455425930003,0.16118644067796611,-0.11321593660576712,0.11440457847237508,0.1148580233325996,1.0,0.5354325335681268,0.35062953995157387,-0.06653753026634382,-0.15119524543253357,0.08147259520140876,-0.06662117543473475,-0.13648250055029715,-0.09717367378384327,-0.0989456306405459,-0.2098877393792648,-0.07849878934624697,0.006097292537970504,-0.06785384107418006,-0.17971604666519922,0.01848778340303764,-0.10432753686990975,0.0902509355051728,0.062460928901606864,-0.028908210433634163,0.08043363416244773,-0.0896169931763152,0.2098217037200088,-0.004089808496588157,0.005214615892581994,0.11310807836231565,0.015168390931102796,-0.06171692714065596,-0.06579132731675104,0.315049526744442,-0.02339203169711644,0.0798745322474136,0.22692493946731235,-0.02200528285274048,-0.12370900286154524,0.14794408980849658,0.11846357032797711,0.15942548976447282,-0.04177635923398635,-0.012324455205811139,-0.10333920316971164,-0.13973805855161786,-0.22232225401716926,-0.1931454985692274,-0.24011446180937707,-0.012366277790006604,-0.24125027514858025,0.1239489324235087,0.06747963900506274,0.0924058991855602,0.005186000440237729,0.24039181157825226,0.3439027074620295,-0.08976667400396214,-0.26089368258859785,0.08969843715606428,0.005069337442218798,-0.07105216817081224,0.07956636583755228,-0.2358265463350209,0.06150561303103676,-0.15854061193044244,0.047966101694915254,0.01762491745542593,-0.06325335681267885,-0.12290116662998019,-0.07649130530486463,-0.023163108078362315,-0.013385428131190842,0.2611732335461149,0.37795069337442216,0.0572969403477878,0.097211093990755,0.3259211974466212,0.2709311027955096,0.23680387409200968,0.2603609949372661,0.32870570107858244,0.2592097732775699,0.2208100374202069,0.033570327977107635,0.010651551837992516,0.0984503631961259,1.3207131851199647e-05,-0.0224323134492626,0.06692714065595422,0.06500110059432093,0.07038300682368479,0.12250275148580234,-0.08110279550957517,0.036211754347347566,-0.036194144838212636,0.21763372220999339,-0.010959718247853842,0.03601364736957957,-0.017583094871230463,-0.15383226942548978,-0.10659255998239049,0.13784063394232884,0.11702179176755448
#54,0.02493286374642307,0.0007836231565045125,0.1500132071318512,0.21701959057891262,0.18993176315210214,0.24621175434734757,-0.03607307946290997,0.043202729473915916,-0.10633722209993396,0.2528395333480079,0.19099273607748185,0.5354325335681268,1.0,0.31502091129209775,-0.1591305304864627,-0.12130750605326876,0.06757649130530487,-0.2262755888179617,-0.10607528065155183,0.007048206031256879,-0.06080123266563944,-0.2131917235307066,-0.013706801672903368,0.13911512216596963,-0.018038740920096854,-0.1135593220338983,0.09580453444860225,0.03512436715826547,0.11727272727272728,-0.1962557781201849,0.027908870790226723,-0.035234426590358796,-0.04727933083865287,-0.12623156504512437,0.1612128549416685,-0.09483821263482281,0.16451904028175215,-0.08573849878934625,-0.059192163768434954,-0.16767114241690512,0.21259520140876073,0.04761171032357473,0.17323794849218577,0.03000440237728373,0.1209024873431653,-0.0044794188861985475,0.08607528065155184,0.20226502311248074,0.1151617873651772,0.14499229583975345,0.17080343385428132,0.077574290116663,0.0712788906009245,-0.26598943429451904,-0.1304028175214616,-0.30273167510455645,0.09217037200088048,-0.05979308826766454,0.17373321593660576,0.16536209553158707,0.10200748404138235,0.1518908210433634,0.314323134492626,0.3028351309707242,-0.14722209993396435,-0.10754567466431873,0.2500462249614792,0.042639225181598066,0.012227602905569008,0.03635703279771076,-0.06004842615012106,-0.06921857803213735,-0.21588817961699316,-0.050217917675544795,-0.04461809377063614,-0.03747303543913713,-0.19202069117323356,-0.09639665419326436,0.030081443979749066,-0.08533127889060092,0.08063174114021572,0.31746643187321155,0.058082764692934184,0.08072198987453225,0.46761611270085846,0.13195905789126128,0.14093990755007704,0.3279683028835571,0.28841734536649793,0.2899735857362976,0.23718908210433634,0.06149900946511116,-0.01407440017609509,0.04828527404798591,0.04650451243671583,-0.16160026414263703,-0.07198987453224741,0.06033678186220559,-0.0763944530046225,0.10633061853400837,-0.11212414703940128,0.06440017609509135,-0.13338102575390712,0.13406119304424388,-0.0640677966101695,0.04644508034338543,-0.13320713185119964,-0.09171912832929782,0.13486022452124147,0.07012546775258639,0.07584195465551398
#58,-0.09029275808936826,-0.02471714725952014,0.04451683909311028,0.14640545894783183,-0.020801232665639446,0.26826986572749284,-0.03891701518820163,0.02360774818401937,-0.13720889280211315,0.030983931322914375,0.12967422408100374,0.35062953995157387,0.31502091129209775,1.0,-0.2778846577151662,-0.05678186220559102,-0.039084305524983494,0.06896764252696456,-0.17671802773497688,0.12103015628439358,-0.21480739599383666,-0.1596302003081664,-0.07566585956416465,0.08640545894783183,-0.19008804754567465,-0.07974025974025974,-0.06688311688311688,-0.012370680167290336,0.05300022011886419,0.22103675985031918,-0.0337772397094431,0.03374642306845697,0.08265023112480739,0.1978516398855382,0.10312568787145059,-0.0007307946290997138,0.2716795069337442,0.1990622936385648,0.1523002421307506,0.1834338542813119,0.18181818181818182,0.06171912832929782,-0.05907770195905789,-0.01900726392251816,-0.03301562843935725,-0.09405018710103456,0.14856482500550297,0.12357032797710764,0.18040061633281973,0.09036539731454986,-0.07335681267884658,-0.012947391591459387,-0.14270085846357033,-0.08398635263042042,-0.3006383447061413,-0.10119524543253357,-0.017215496368038742,-0.10477878054149241,-0.007224301122606207,0.09257318952234206,0.14947171472595203,0.15582434514637905,0.2185031917235307,0.031501210653753026,-0.08548095971824786,0.0488069557561083,0.3781862205591019,0.20895443539511335,-0.020182698657274928,0.22117763592339865,-0.01815100154083205,0.15048866387849438,-0.214950473255558,0.10715606427470835,0.06705040721989874,0.2036055469953775,-0.040801232665639446,-0.08525863966541933,-0.021734536649790887,0.04258639665419327,-0.054025974025974026,-0.08585516178736517,0.0061457186880915695,-0.04334360554699538,0.2361501210653753,0.09046445080343385,0.2642108738718908,0.037228703499889944,0.024092009685230023,-0.042863746423068456,0.04574950473255558,0.13701078582434514,-0.12135593220338983,0.09778780541492406,0.05353510895883777,-0.004397974906449483,0.062491745542593,0.08757649130530487,-0.0400066035659256,-0.0034448602245212416,-0.12211314109619194,0.048062953995157386,0.04658595641646489,0.18057671142416906,0.03705480959718248,0.10334140435835351,-0.012522562183579132,0.010651551837992516,0.11712304644508034,0.10627779000660356,0.12271846797270526
#101,0.07178296279991195,0.0714769975786925,-0.2835791327316751,-0.20065375302663438,-0.19943649570768215,-0.28215716486902925,-0.03560422628219238,0.003863086066475897,0.22495927801012547,-0.16093550517279331,-0.030167290336781862,-0.06653753026634382,-0.1591305304864627,-0.2778846577151662,1.0,0.5522364076601365,-0.18759189962579792,-0.30070217917675546,0.6887761391151221,0.31732555580013205,0.664290116662998,0.3409267004182258,-0.06753246753246753,-0.26374642306845697,-0.062240810037420206,-0.212788906009245,-0.31415584415584413,-0.5617169271406559,-0.015304864626898526,-0.16990314769975787,-0.26816420867268326,-0.13561082984811798,-0.2324125027514858,-0.16255337882456528,-0.01950693374422188,0.23110939907550077,0.11134712744882236,0.3290446841294299,-0.12509795289456307,-0.0638102575390711,0.12089588377723971,-0.0623530706581554,0.3823552718467973,0.3029341844596082,0.022566585956416464,0.0389324235086947,-0.0412392692053709,-0.23998239049086506,-0.31324014968082764,-0.4534228483381026,-0.5127955095751706,-0.36494827206691616,-0.4893264362755888,-0.2638586836891922,0.12308386528725512,0.16955535989434295,-0.15991635483160907,0.23994276909531148,-0.47184899845916795,-0.18132071318511997,-0.28698217037200086,-0.385214615892582,-0.12081443979749064,-0.05605767114241691,-0.41205811138014525,-0.2489060092449923,0.008476777459828307,-0.010774818401937046,0.5931675104556461,0.2190050627338763,0.05578692493946731,0.005901386748844376,0.509768875192604,0.18463570327977108,0.44486022452124147,0.07446841294298921,0.34045784723750827,-0.11422408100374203,0.27524543253356815,-0.041567246313009024,0.020407219898745322,-0.28600924499229585,-0.32573849878934624,-0.08572969403477879,-0.2024389170151882,-0.3128439357252917,-0.5031344926260181,-0.217178076161127,-0.21209333039841513,0.013805855161787365,-0.1706119304424389,-0.32518379925159585,-0.304851419766674,-0.3750385208012327,-0.47870349988994054,-0.30861765353290777,-0.46244992295839754,-0.42183579132731674,-0.17406999779881135,-0.443119084305525,-0.285115562403698,-0.39213295179396873,-0.029458507594100816,-0.15074840413823465,-0.20743341404358354,-0.07661457186880916,-0.2916134712744882,-0.2779176755447942,-0.08825885978428351,-0.42863306185340083,-0.45669601584855823
#102,-0.025967422408100373,0.05963020030816641,-0.316205150781422,-0.12113141096191944,-0.16627999119524542,-0.3139753466872111,-0.08017829627999119,-0.19882676645388508,0.17792207792207793,-0.08871670702179177,-0.05081003742020691,-0.15119524543253357,-0.12130750605326876,-0.05678186220559102,0.5522364076601365,1.0,-0.2847479639005063,-0.3514836011446181,0.5402905569007264,0.6242460928901606,0.28192383887299144,0.5744331939247194,0.005298261060972926,-0.055610829848117986,-0.3253664979088708,-0.03542372881355932,-0.18394012766894122,-0.3160708782742681,-0.16726172132951794,-0.22112480739599383,-0.3295663658375523,-0.3336605767114242,-0.2907836231565045,-0.273053048646269,0.0061809377063614356,0.08272727272727273,-0.005230024213075061,0.37790006603565923,-0.2011402157164869,-0.1221087387189082,0.11979088707902268,-0.1528285274047986,0.33262821923838876,0.37988553819062293,0.003790446841294299,0.18137574290116662,0.04279110719788686,-0.20610169491525424,-0.1060708782742681,-0.28987233105877175,-0.33065595421527627,-0.30273167510455645,-0.3329936165529386,-0.2081488003521902,-0.007891261281091789,0.2000066035659256,-0.07182918776139115,0.4595641646489104,-0.29729914153642967,0.11710983931322914,-0.40569227382786704,-0.46418886198547216,-0.1546070878274268,-0.21038961038961038,-0.34233546114902047,-0.13773497688751926,-0.014602685450143078,-0.03963240149680828,0.5471340523882897,0.45868589038080565,-0.04349108518600044,-0.1366718027734977,0.4422738278670482,0.15432093330398416,0.505049526744442,0.30666519920757207,0.2624851419766674,-0.09038300682368479,-0.0036539731454985694,-0.10784723750825445,-0.07628439357252917,-0.3564913053048646,-0.2170261941448382,-0.31077922077922077,-0.053493286374642304,-0.3036517719568567,-0.42873211534228484,-0.1924785384107418,-0.20730354391371342,-0.07360334580673564,-0.3172132951793969,-0.3551353731014748,-0.3785758309487123,-0.28843495487563287,-0.400132071318512,-0.3279616993176315,-0.40767774598283074,-0.40142196786264583,-0.2718776139115122,-0.4242989214175655,-0.4412282632621616,-0.3960928901606868,-0.24940567906669603,-0.17353070658155403,-0.2671626678406339,-0.252260620735197,-0.40679947171472597,-0.36099713845476555,-0.2926612370680167,-0.4210169491525424,-0.3613493286374642
#201,0.2853973145498569,0.3450077041602465,0.7726216156724631,0.3806207351970064,-0.006559542152762492,0.3224785384107418,0.33805635042923177,0.38645828747523664,-0.00012987012987012987,0.508069557561083,0.36963240149680826,0.08147259520140876,0.06757649130530487,-0.039084305524983494,-0.18759189962579792,-0.2847479639005063,1.0,0.5834052388289677,-0.16971164428791546,-0.3921043363416245,-0.08186880915694475,-0.20096191943649572,-0.11154523442659035,0.07259520140876073,0.15351970063834472,0.04622716266784063,-0.06769535549196566,0.20070658155403917,0.14864626898525204,0.0648382126348228,0.19763152102135154,0.2563460268545014,0.34660796830288354,0.1991877613911512,-0.1329011666299802,-0.10931102795509576,-0.18036319612590798,-0.2057693154303324,0.1936451683909311,0.15805414924058991,-0.14858023332599604,-0.08176755447941889,-0.33862425709883337,-0.14187981510015407,-0.26327316751045565,-0.1531256878714506,-0.14048866387849437,-0.002808716707021792,-0.06742020691173234,0.09413603345806736,0.09724631300902488,0.36715386308606646,0.21123486682808718,0.3451067576491305,0.1765199207572089,0.21213735417125248,-0.247607307946291,-0.36649570768214834,-0.12464230684569667,-0.3422826326216157,-0.1036715826546335,-0.01546335020911292,-0.24410741800572308,-0.15295399515738498,0.3350231124807396,0.23183359013867488,-0.14545014307726173,0.08608188421747744,-0.10044023772837332,-0.09851419766674004,0.3793660576711424,0.5026678406339423,-0.14549856922738277,-0.05724191063174114,-0.46903367818622055,-0.3252520360994937,-0.27141316310807834,-0.014505833149900947,0.261138014527845,0.08403697996918336,-0.029997798811358133,0.008571428571428572,-0.06334360554699538,0.0011049966982170372,-0.01548976447281532,-0.06681708122386089,0.020303764032577592,-0.35387189082104337,-0.07175654853620955,-0.1721879815100154,-0.19486682808716707,-0.08338542813119085,-0.042060312568787145,-0.04502091129209773,-0.07026634382566586,0.5393176315210213,0.3790622936385648,0.501996478098173,0.4624895443539511,0.4244684129429892,0.6234052388289676,0.4830178296279991,0.1275346687211094,0.4734866828087167,0.3346687211093991,0.4889192163768435,0.49264582874752366,-0.03797270526084085,0.09823024433193925,-0.085115562403698,-0.1961699317631521
