,#10,#11,#12,#13,#17,#18,#26,#49,#50,#51,#52,#53,#54,#58,#101,#102,#201,#202,#301,#302,#401,#402,#501,#502,#601,#602,#701,#702,#801,#802,#901,#902,#1001,#1002,#1101,#1102,#1201,#1202,#1301,#1302,#1401,#1402,#1501,#1502,#1601,#1602,#1701,#1702,#1801,#1802,#1901,#1902,#2001,#2002,#2101,#2102,#2201,#2202,#2301,#2302,#2401,#2402,#2501,#2502,#2601,#2602,#2701,#2702,#2801,#2802,#2901,#2902,#3001,#3002,#3101,#3102,#3201,#3202,#3301,#3302,#3401,#3402,#3455,#3501,#3502,#3601,#3602,#3701,#3702,#3801,#3802,#3901,#3902,#4001,#4002,#4101,#4102,#4201,#4202,#4301,#4302,#4401,#4402,#4501,#4502,#4601,#4602,#4701,#4702,#4801,#4802
#10,1.0,0.4155095751705921,0.49953775038520803,0.3800858463570328,0.14479418886198547,0.5293110279550958,0.054039181157825224,0.503830068236848,-0.07316310807836232,0.4484085406119304,0.3231102795509575,0.1866651992075721,0.33528285274047986,-0.30062733876293196,-0.578102575390711,-0.12447501650891482,0.5656240369799692,0.5018820162887959,-0.3905128769535549,-0.21783403037640325,-0.5269205370900286,-0.015322474136033458,0.03207351970063835,0.07041602465331279,-0.033499889940567906,0.053590138674884435,0.10525863966541933,0.3263130090248734,-0.0011600264142637023,-0.09964120625137575,0.33842174774378164,0.23839093110279552,0.34132731675104555,-0.013524103015628439,-0.25452344265903587,-0.09580453444860225,-0.4037992515958618,-0.30722870349988995,-0.45028615452344267,-0.15820823244552057,-0.18121725731895225,-0.13394453004622497,-0.21729033678186221,-0.43908650671362537,-0.08236847897864848,-0.04212634822804314,0.29440457847237506,0.204719348448162,0.2952168170812239,0.14692934184459608,0.2520823244552058,0.18496147919876735,0.21431653092670042,0.2793352410301563,-0.3810103455866168,-0.04064935064935065,-0.036097292537970505,-0.2381488003521902,0.1610741800572309,0.20907550077041603,-0.09382126348228043,-0.11548976447281532,-0.3515430332379485,-0.2078120184899846,0.40177195685670264,0.379570768214836,-0.2838983050847458,-0.32231124807395994,-0.35517059211974467,-0.3418071758749725,0.14872331058771737,0.11743781642086727,-0.2648932423508695,0.3047259520140876,-0.2249306625577812,0.1321021351529826,-0.11874972485141977,-0.08053488883997359,-0.17561303103675985,0.3182566585956417,-0.07093330398415144,0.09945850759410081,-0.42946951353731017,0.05210433634162448,0.13503852080123266,0.2411666299801893,0.11608408540611931,0.12707462029495928,-0.04051287695355492,-0.004882236407660136,-0.06795289456306405,0.2290578912612811,0.15319392471934845,0.11239049086506714,0.14754787585296059,0.3087079022672243,0.15232225401716928,0.49163108078362316,0.3020427030596522,0.4140083645168391,0.43708342504952674,0.5506229363856483,0.4080299361655294,0.4189192163768435,0.3695311468192824,0.38986132511556243,0.364373761831389,-0.09068677085626238,-0.11722650231124808,-0.12078582434514638,-0.0562227602905569
#11,0.4155095751705921,1.0,0.4414791987673344,0.14394012766894124,0.14194364957076822,0.2803565925599824,0.20744441998679286,0.4098569227382787,0.1624455205811138,0.3103499889940568,0.42123706801672905,-0.04945410521681708,-0.043449262601804976,-0.09290997138454765,-0.2014505833149901,0.1114836011446181,0.15250715386308605,0.4155491965661457,0.04696896324014968,0.019665419326436277,-0.2013251155624037,0.06515298261060973,-0.03420427030596522,0.102656834690733,-0.062304644508034336,0.1291833590138675,0.0037992515958617653,0.16533788245652653,-0.005771516618974246,-0.05957296940347788,0.21404578472375083,-0.07556680607528066,0.11702839533348008,-0.059524543253356814,-0.13229583975346687,-0.1622804314329738,-0.15278670482060314,-0.03902927580893682,-0.18178076161127008,0.011571648690292757,-0.15285934404578472,-0.053143297380585514,-0.22350209112920977,-0.03441778560422628,-0.0025621835791327318,-0.06600924499229584,-0.07194144838212635,-0.04675544794188862,0.055745102355271844,-0.10796830288355712,-0.04899185560202509,0.15896764252696455,0.01173233546114902,0.34574290116663,-0.08697336561743342,0.2659674224081004,-0.2636187541272287,-0.21559982390490864,-0.038263262161567245,0.10684789786484701,-0.24557340964120625,0.027382786704820604,-0.4317587497248514,-0.30320713185119963,0.4265199207572089,0.41212854941668503,-0.27170592119744663,-0.13842835130970724,-0.048586836891921635,-0.004664318732115342,0.27022672243011225,0.3555425930002201,-0.1462623816861105,0.13182258419546555,-0.13338102575390712,0.061454985692273825,-0.07314329738058552,-0.17293638564825006,0.11626678406339423,0.32069997798811356,-0.20983270966321813,-0.14298261060972925,-0.3133237948492186,-0.07520581113801453,-0.04071318511996478,-0.13235747303543913,-0.17230904688531806,-0.16818181818181818,-0.15338322694254897,-0.11839973585736298,-0.14973365617433415,-0.037563284173453663,0.06309707241910632,-0.15720669161347128,-0.1322804314329738,0.2785846357032798,0.3525291657495047,0.28289016068677086,0.28846797270526087,0.08873651771956857,0.2543385428131191,0.23235086946951353,0.1684437596302003,0.11058331499009465,0.32679947171472595,0.18645608628659477,0.24577591899625797,-0.12774378164208672,-0.11918776139115123,-0.2418071758749725,-0.10032577591899626
#12,0.49953775038520803,0.4414791987673344,1.0,0.550858463570328,0.04513317191283293,0.5495091349328638,-0.10262601804974686,0.32089368258859785,-0.07253356812678846,0.43216596962359677,0.24950913493286375,0.1456482500550297,0.254224081003742,-0.29376183138895,-0.38648250055029715,-0.018789346246973367,0.6134096412062514,0.7647765793528506,-0.23480959718247854,-0.020297160466651993,-0.44458727712965,0.06352190182698657,0.06120405018710103,0.07224521241470394,-0.0762557781201849,0.11383447061413163,0.10759410081443979,0.434785384107418,0.060327977107638125,-0.084653312788906,0.428696896324015,0.0770922298040942,0.5655469953775039,0.059821703720008806,-0.345974025974026,-0.18481840193704602,-0.2642196786264583,-0.197012987012987,-0.3754501430772617,-0.22284393572529165,-0.15179616993176315,-0.25837772397094433,-0.23044684129429893,-0.29901606867708563,-0.04838212634822804,-0.17258199427690954,0.31495927801012547,0.28215936605767117,0.10936165529385869,0.09706361435174994,0.18403918115782522,0.24539731454985692,0.22775478758529605,0.48372661237068015,-0.29438917015188204,0.0574884437596302,-0.3572132951793969,-0.3813471274488224,0.014754567466431874,0.014382566585956416,-0.19673563724411183,-0.1339819502531367,-0.3929253797050407,-0.29778780541492406,0.44406999779881134,0.42793088267664536,-0.323152102135153,-0.5337376183138896,-0.17171032357473034,-0.22606647589698436,0.28165089148139993,0.3068633061853401,-0.3917213295179397,0.2189720449042483,-0.3882654633502091,-0.09690953114681929,-0.36157384987893465,-0.2938564825005503,0.14463130090248735,0.4264582874752366,-0.16716927140655954,-0.061937046004842615,-0.38040061633281974,-0.08915914593880696,0.08584635703279771,-0.07279110719788685,-0.04221219458507594,0.09031917235307066,-0.16117103235747304,-0.14572969403477878,-0.30393132291437375,-0.22359674224081003,-0.14622496147919878,-0.003827867048206031,-0.05187321153422848,0.4734734756768655,0.19877834030376404,0.669586176535329,0.6441360334580674,0.24531366938146598,0.5562293638564825,0.7008276469293419,0.29037420206911735,0.4752872551177636,0.6370063834470614,0.5286506713625357,0.5691019150341184,-0.18697556680607527,-0.12029495927801012,-0.08382786704820604,-0.10489324235086947
#13,0.3800858463570328,0.14394012766894124,0.550858463570328,1.0,0.0612524763372221,0.42640986132511555,-0.22622716266784063,0.05631961259079903,-0.08154083204930662,0.2230332379484922,-0.11175214615892581,-0.06870129870129871,0.2623090468853181,-0.33704380365397313,-0.1874818401937046,-0.19095091349328638,0.5317037200088047,0.3991107197886859,-0.20380585516178737,-0.0903896103896104,-0.3312854941668501,-0.02787805414924059,-0.07957076821483601,-0.1228813559322034,-0.11149240589918556,-0.07401937046004843,0.1334866828087167,0.48863966541932646,0.09825445740699978,-0.04950693374422188,0.1506515518379925,-0.020523882896764253,0.4232225401716927,-0.004637904468412943,-0.2278560422628219,-0.0337640325775919,-0.0989918556020251,-0.11850099053488884,-0.22069997798811358,-0.05037200088047546,-0.09458507594100815,-0.15441998679286814,-0.04935285053929122,-0.12114902047105437,0.11873651771956857,-0.14834030376403257,0.3854919656614572,0.5361325115562404,0.010871670702179178,0.036544133832269426,0.32842174774378163,0.14301562843935725,0.05897424609289016,0.22991195245432533,-0.30593000220118866,-0.07440017609509135,-0.3302113141096192,-0.2388003521901827,0.009176755447941888,0.18107197886858903,0.08590358793748624,0.0878846577151662,-0.20435615232225401,-0.26917455425930004,0.36884437596302005,0.22395773717807615,-0.2630970724191063,-0.3544860224521241,-0.239702839533348,-0.24708122386088488,-0.059713845476557344,-0.050638344706141314,-0.2418005723090469,0.24893242350869468,-0.4527162667840634,-0.2870394012766894,-0.2473827867048206,-0.2359189962579793,-0.18339203169711643,-0.14098833370019812,-0.1805348888399736,-0.002027294739159146,-0.1883314990094651,-0.2913823464670922,-0.06165749504732555,0.03585296059872331,0.18710323574730353,0.058817961699317634,-0.11769315430332379,-0.23046885318071758,-0.024195465551397753,-0.18481620074840413,-0.09780101254677526,0.2061699317631521,0.2112260620735197,0.1289456306405459,-0.025298261060972927,0.4544243891701519,0.3771978868589038,0.19981950253136693,0.45737398195025314,0.3898415144177856,0.2708320493066256,0.3924653312788906,0.526946951353731,0.45079462909971385,0.460066035659256,-0.005925599823904909,-0.06407660136473696,0.20386088487783402,0.09199647809817302
#17,0.14479418886198547,0.14194364957076822,0.04513317191283293,0.0612524763372221,1.0,0.3589896544133832,0.10034118423948933,0.17967862645828747,0.0262491745542593,0.19149900946511117,0.11481840193704601,0.25673783843275366,0.28637904468412945,-0.07800132071318512,-0.30454545454545456,-0.3293858683689192,0.012634822804314329,-0.006861104996698217,-0.2322209993396434,-0.11604886638784943,-0.20748404138234647,-0.21618534008364518,-0.03290777019590579,-0.01928461369139335,-0.17916134712744883,-0.0836583755227823,0.07699097512656834,0.10312348668280871,0.2480211314109619,0.3320250935505173,0.2136055469953775,0.2822496147919877,-0.10963240149680828,0.08316310807836232,0.2986440677966102,0.3388972044904248,-0.11061633281972265,-0.045494166850099056,0.037079022672243014,0.2477459828307286,0.4619986792868149,0.18896324014968083,0.12722209993396433,0.10488883997358574,0.07087387189082105,0.4768236847897865,-0.08328197226502311,-0.07072859344045784,0.016271186440677966,0.0799603786044464,-0.06881576051067577,0.052493946731234864,0.09698437156064274,-0.266583755227823,-0.23929782082324455,-0.26712304644508034,0.1471384547655734,0.06525643847677746,0.20000220118864187,0.22307065815540392,-0.08212194585075941,0.046484701738939024,0.04854721549636804,0.1947259520140876,0.001582654633502091,0.18912832929782084,0.08817741580453445,-0.04555139775478759,-0.35073079462909973,-0.13250055029716046,-0.13966541932643628,-0.12458067356372442,-0.24985252036099495,0.2631234866828087,0.02072198987453225,0.08238608848778341,-0.11837332159366058,-0.08725511776359234,-0.15333700198106978,0.04155183799251596,0.3595487563284173,0.5766167730574511,-0.10283953334800792,0.15078582434514637,0.4793924719348448,0.12345146379044684,0.1413581333920317,0.563037640325776,0.3681465991635483,0.5189412282632622,0.5413405238828968,0.3375654853620955,0.34911292097732777,0.006647589698437156,0.04531366938146599,-0.052656834690733,-0.048751926040061636,0.10706361435174995,0.028120184899845916,-0.05726832489544354,-0.0400924499229584,0.21952014087607308,0.12765793528505393,0.08302223200528286,-0.0598877393792648,-0.041721329517939686,0.001162227602905569,-0.06540611930442439,0.04294298921417566,0.007178076161127009,0.0883975346687211
#18,0.5293110279550958,0.2803565925599824,0.5495091349328638,0.42640986132511555,0.3589896544133832,1.0,-0.08478758529605987,0.41172132951793966,0.055452344265903585,0.4064802993616553,0.1593462469733656,0.15522562183579133,0.3979308826766454,-0.1261303103675985,-0.3676161127008585,-0.23325555800132072,0.5481377944089808,0.4467686550737398,-0.3684635703279771,-0.11303543913713406,-0.3829473915914594,0.1252938586836892,0.01350429231785164,-0.022093330398415142,-0.050378604446401055,0.12129650011005944,-0.09286374642306845,0.3104314329738059,0.33621395553598943,0.16307065815540392,0.3864076601364737,0.19211093990755007,0.3951771956856703,-0.1776535329077702,-0.01869689632401497,0.05580893682588598,-0.24388729914153642,-0.20775478758529606,-0.32346246973365617,0.04413603345806735,0.03788465771516619,-0.14226282192383888,-0.09522562183579132,-0.25604006163328197,0.1442791107197887,0.049308826766453887,0.2785186000440238,0.16462249614791988,-0.05196125907990315,0.01846357032797711,0.06728153202729474,0.2067950693374422,-0.0066960158485582216,0.2094144838212635,-0.3370592119744662,0.036733436055469956,-0.18709002861545235,-0.07397974906449482,0.13104996698217036,0.23066035659255998,-0.09031256878714505,-0.08635923398635263,-0.18317631521021352,-0.1449966982170372,0.1541734536649791,0.08564825005502971,0.039826106097292535,-0.3231587057010786,-0.17318291877613912,-0.15764252696456085,0.1515540391811578,0.0722474136033458,-0.35744662117543474,0.19314329738058553,-0.396583755227823,-0.045403918115782524,-0.2763416244772177,-0.18792207792207793,0.10318952234206472,0.3147963900506273,-0.023224741360334582,0.31256218357913274,-0.32763372220999337,-0.05715386308606647,0.12639225181598063,-0.004078802553378825,0.03732555580013207,0.22180277349768876,0.011811578252256219,0.07622055910191504,0.21822584195465553,-0.04158265463350209,0.20115562403697998,0.08097732775698878,0.05638564825005503,0.29426150121065375,0.12419106317411402,0.535775918996258,0.4451573849878935,0.2701452784503632,0.3564406779661017,0.5708452564384767,0.20532027294739158,0.26406999779881135,0.3675214615892582,0.4355888179616993,0.42323794849218577,-0.0950297160466652,-0.11045124367158266,-0.007893462469733657,0.03941008144397975
#26,0.054039181157825224,0.20744441998679286,-0.10262601804974686,-0.22622716266784063,0.10034118423948933,-0.08478758529605987,1.0,0.21474356152322255,0.23407660136473696,0.26434514637904466,0.3262909971384548,-0.11484701738939027,-0.03449262601804975,0.36458507594100814,-0.09860884877834031,0.09499889940567907,-0.08806515518379925,-0.021107197886858903,0.07844155844155844,0.22504732555580012,-0.02159806295399516,0.005720889280211314,-0.07274928461369139,0.059300022011886416,0.0027140655954215275,0.07478758529605987,-0.16604666519920758,-0.19186660796830288,-0.17600264142637023,-0.2174290116662998,0.12014747963900506,-0.11070438036539731,-0.07428131190843056,0.10410961919436496,-0.17402157164869028,-0.22617213295179397,-0.13655513977547876,0.046834690732995815,-0.06692493946731234,-0.020151882016288796,-0.002236407660136474,-0.006037860444640106,-0.11451683909311028,-0.0563614351749945,-0.03935064935064935,-0.08747303543913713,-0.07961479198767335,-0.31430772617213293,0.05013427250715386,-0.03928681488003522,-0.20172573189522341,-0.12079022672243012,-0.00699537750385208,0.08778560422628219,0.018815760510675766,0.18272727272727274,0.04480959718247854,0.0698811358133392,0.09171912832929782,-0.04422187981510015,-0.18471054369359455,-0.015894783182918776,-0.14133612150561303,-0.1319700638344706,-0.16330618534008365,-0.002953995157384988,0.332491745542593,0.5427602905569008,0.10437376183138895,0.3850627338762932,0.27713625357693156,0.2876843495487563,0.07040281752146159,-0.035890380805635044,0.11491965661457187,0.11432313449262602,0.24882456526524324,0.048694695135373105,-0.058478978648470174,0.018725511776359234,-0.05308166409861325,-0.07651111600264143,-0.05918996257979309,0.1589522342064715,-0.04615892581994277,-0.07998239049086507,-0.02659255998239049,-0.14687211093990754,0.012729473915914594,0.0587541272287035,-0.0029385868368919216,0.10855822143957737,0.11084085406119304,-0.09279991195245432,-0.07032577591899626,0.06745102355271847,0.13436935945410522,-0.015291657495047326,-0.004459608188421748,-0.07445300462249614,-0.18760070438036539,0.0560444640105657,-0.02291217257318952,-0.09292537970504072,-0.06152982610609729,-0.05459828307285934,-0.10532027294739159,-0.04471714725952014,-0.09037420206911732,-0.175016508914814,0.040647149460708784
#49,0.503830068236848,0.4098569227382787,0.32089368258859785,0.05631961259079903,0.17967862645828747,0.41172132951793966,0.21474356152322255,1.0,0.5045762711864407,0.39673343605546996,0.6153576931543033,0.0188003521901827,0.12495267444419987,-0.0212590799031477,-0.3220052828527405,-0.001961259079903148,0.4582940788025534,0.3797864847017389,-0.12160686770856262,-0.14497468633061852,-0.24206691613471273,-0.00021131410961919435,-0.015595421527624918,0.08931322914373761,0.14432533568126787,0.057065815540391814,0.09773057451023552,-0.03198767334360555,0.15640986132511556,-0.2076205150781422,0.2607462029495928,0.05525643847677746,0.2926436275588818,-0.03066255778120185,-0.23743341404358353,-0.296121505613031,-0.04680607528065155,-0.20623816861104996,-0.244719348448162,-0.09466872110939907,-0.11341184239489324,-0.2994298921417565,-0.1889126128109179,-0.22273607748184018,-0.06863306185340083,-0.0832621615672463,0.11456086286594762,-0.08414924058991856,0.1060906889720449,0.010647149460708783,0.10838212634822804,-0.01112260620735197,0.1163284173453665,0.19366718027734978,-0.09029055690072639,0.033724411182038304,-0.21969403477878055,-0.2958001320713185,-0.04339423288575831,0.07754567466431873,-0.314818401937046,-0.18071098393132293,-0.41303764032577595,-0.19517939687431213,0.32355712084525645,0.18466651992075722,-0.10911071978868589,-0.057547875852960596,0.008375522782302443,0.01462689852520361,0.4477635923398635,0.2938168611049967,-0.09027514858023332,0.19301562843935724,-0.11684129429892141,-0.0287871450583315,-0.18546995377503853,-0.24838212634822804,0.02344486022452124,0.3328307285934405,-0.06576711424169052,-0.051774158045344486,-0.4204094210873872,0.05426590358793749,0.07527184679727053,0.09020250935505172,-0.16820162887959497,-0.02950033017829628,-0.23659255998239048,0.01720228923618754,-0.06945630640545895,0.0249900946511116,0.09846577151661898,-0.21218578032137353,-0.1286946951353731,0.540792427911072,0.1352872551177636,0.2946907329958177,0.20977767994717147,0.3049196566145719,0.27902707462029497,0.3488201628879595,0.2168104776579353,0.3046158925819943,0.22605546995377504,0.3320118864186661,0.2809883337001981,-0.338399735857363,-0.08970283953334801,-0.3900792427911072,-0.14895003301782964
#50,-0.07316310807836232,0.1624455205811138,-0.07253356812678846,-0.08154083204930662,0.0262491745542593,0.055452344265903585,0.23407660136473696,0.5045762711864407,1.0,0.02690512876953555,0.35446621175434734,-0.10822584195465551,0.0037640325775918997,0.22482280431432974,0.2078648470173894,0.13999559762271627,0.007662337662337662,-0.06732775698877394,0.2208100374202069,0.005034118423948932,0.1505657054809597,-0.058908210433634166,0.08888399735857364,-0.1517059211974466,0.19983711204050186,-0.01049966982170372,-0.09436495707682148,-0.4087012987012987,0.18387409200968524,-0.04029716046665199,-0.0587541272287035,-0.23204050187101036,0.005520581113801453,-0.15828967642526964,0.023845476557340962,-0.3474554259300022,0.35651771956856704,0.15074840413823465,0.01737838432753687,0.05654413383226942,-0.019489324235086945,-0.19357032797710763,0.023662777900066035,0.11796830288355713,0.16075280651551838,-0.09316090688972045,-0.19882456526524322,-0.3735395113361215,-0.20891701518820163,-0.17692493946731236,-0.2793616552938587,-0.36260840854061194,-0.2766850099053489,0.022084525643847677,0.12220779220779221,0.16799031476997578,-0.15670041822584196,-0.01639225181598063,-0.16893462469733656,0.044968082764692933,-0.18100594320933305,-0.02318071758749725,-0.1826700418225842,-0.06445300462249615,-0.02205150781421968,-0.18872331058771738,0.05905128769535549,0.2027955095751706,0.3716817081223861,0.43714065595421525,0.40157384987893463,0.3205128769535549,0.31055690072639225,0.0601716927140656,-0.05627118644067797,-0.14881796169931763,0.10215276249174554,-0.03941448382126348,0.2748646268985252,-0.005903587937486242,-0.05912392692053709,-0.0727096632181378,-0.011223860884877835,-0.009205370900286154,-0.03068897204490425,-0.13376623376623376,-0.13732775698877395,-0.10130750605326877,-0.07647589698437156,0.06285274047985913,0.0713581333920317,-0.23419106317411403,0.03321593660576711,-0.3518600044023773,0.024481620074840414,0.26457847237508253,0.07549416685009905,-0.21354391371340523,-0.15664979088707903,-0.07687211093990755,-0.19181598062953994,-0.12163108078362316,-0.06289676425269645,-0.10284173453664978,-0.09602905569007264,0.021393352410301564,-0.06815540391811578,-0.14760950913493287,-0.10133612150561302,-0.2223398635263042,-0.005758309487123046
#51,0.4484085406119304,0.3103499889940568,0.43216596962359677,0.2230332379484922,0.19149900946511117,0.4064802993616553,0.26434514637904466,0.39673343605546996,0.02690512876953555,1.0,0.41662117543473476,0.22244331939247194,0.3461104996698217,0.012302443319392472,-0.41358793748624256,-0.33101254677525865,0.41127448822364077,0.33209333039841515,-0.32745762711864407,0.015020911292097733,-0.28114681928241253,-0.15306185340083645,0.046581554039181156,-0.09740259740259741,-0.20900506273387628,-0.23532907770195904,0.24948492185780322,0.12559322033898304,-0.01831168831168831,-0.19224961479198768,0.2731168831168831,0.25344926260180495,0.34408980849658816,0.017318952234206472,-0.24176315210213514,-0.017649130530486463,-0.3426040061633282,-0.3391019150341184,-0.10076601364736958,-0.18984371560642746,-0.0786088487783403,-0.2454853620955316,0.05983050847457627,-0.4383645168390931,0.02169271406559542,-0.024598283072859346,0.25104556460488664,-0.04969843715606428,0.4931565045124367,0.2431961259079903,0.15847237508254458,-0.0031763152102135153,0.24245652652432315,0.041985472154963684,-0.3308364516839093,-0.23772176975566806,0.07832709663218138,-0.23489544353951133,0.14154523442659037,0.10574290116662997,-0.05023112480739599,0.14720669161347127,-0.14664318732115342,0.009275808936825886,0.1789324235086947,0.3027382786704821,-0.03056570548095972,-0.018043143297380587,-0.3097490644948272,-0.28577151661897426,0.20580893682588597,0.13719568567026194,-0.2676029055690073,0.31096412062513756,-0.0978450363196126,0.26351089588377724,-0.0364802993616553,0.10097072419106318,0.09238388729914154,0.07138895003301783,0.14445740699977988,0.07718688091569448,-0.16676645388509795,0.25171252476337225,0.16642526964560864,0.2206845696676205,0.1741536429672023,0.19545674664318732,-0.1332687651331719,0.11549636803874092,-0.04073519700638345,0.24029495927801012,0.12126788465771517,0.1241800572309047,-0.041554039181157826,0.17447281532027295,-0.21062293638564825,0.37900286154523444,0.18659035879374863,0.43913493286374644,0.34513317191283294,0.42875852960598726,0.29662117543473476,0.3632313449262602,0.25176975566806076,0.4321505613031037,0.34165309267004185,0.1441272287034999,0.1627096632181378,-0.15329297820823246,-0.2698261060972925
#52,0.3231102795509575,0.42123706801672905,0.24950913493286375,-0.11175214615892581,0.11481840193704601,0.1593462469733656,0.3262909971384548,0.6153576931543033,0.35446621175434734,0.41662117543473476,1.0,-0.034488223640766015,0.06797930882676645,0.2272044904248294,-0.21901606867708562,-0.12231565045124367,0.2906801672903368,0.3041338322694255,-0.03950253136693815,-0.0901782962799912,-0.1358683689192164,-0.09507373981950253,0.06715606427470834,-0.013079462909971385,0.15477657935285055,-0.017756988773937925,-0.025701078582434516,-0.06408100374202069,0.08414483821263483,-0.3399163548316091,0.29313449262601804,0.08836891921637684,0.1763086066475897,-0.07010125467752587,-0.17438036539731455,-0.2441536429672023,-0.10910631741140216,-0.22236847897864848,-0.17617213295179396,-0.14407660136473696,-0.1915144177856042,-0.2460906889720449,-0.0758991855602025,-0.19454545454545455,-0.014853620955315871,-0.008265463350209112,-0.09237948492185781,-0.1925511776359234,0.05351970063834471,-0.03355491965661457,-0.025727492846136915,-0.16350209112920977,0.08801672903367819,0.07553158705701078,-0.074785384107418,0.03828307285934405,-0.09077041602465331,-0.29534228483381025,-0.021565045124367157,-0.020270746202949594,-0.19606647589698437,-0.08176315210213515,-0.3105128769535549,-0.09849438696896325,0.1924125027514858,0.16792868148800352,-0.0022276029055690073,0.0001650891481399956,-0.02181598062953995,0.01596522121945851,0.4109487123046445,0.45125027514858024,-0.013378824565265244,0.14679727052608407,-0.017503852080123266,0.17949812898965442,-0.04460048426150121,-0.03844375963020031,0.1607109839313229,0.31012106537530265,-0.07776579352850539,-0.17790006603565925,-0.403992956196346,0.16441338322694254,0.019749064494827207,0.0023112480739599386,-0.12849438696896323,-0.11015628439357253,-0.23571208452564385,-0.003979749064494827,-0.08963900506273388,0.08769755668060752,0.0737310147479639,-0.1929738058551618,-0.15126788465771518,0.46235527184679726,-0.0009156944750165089,0.2593704600484262,0.09795289456306405,0.24767114241690513,0.09842615012106537,0.27552718467972703,0.1341338322694255,0.10923618754127229,0.159570768214836,0.1724323134492626,0.1668346907329958,-0.14866607968302883,-0.12664758969843715,-0.2699537750385208,-0.08868589038080564
#53,0.1866651992075721,-0.04945410521681708,0.1456482500550297,-0.06870129870129871,0.25673783843275366,0.15522562183579133,-0.11484701738939027,0.0188003521901827,-0.10822584195465551,0.22244331939247194,-0.034488223640766015,1.0,0.6318688091569448,-0.3266123706801673,-0.23158485582214397,-0.11049306625577812,0.05123046445080343,0.07016729033678186,-0.15653532907770196,-0.042489544353951136,-0.2236781862205591,-0.19042482940788025,0.1467906669601585,0.009570768214836012,-0.22500550297160465,-0.08218798151001541,-0.10919876733436056,-0.17999559762271627,0.06451683909311028,0.2814902047105437,-0.012597402597402597,0.2591239269205371,-0.2459454105216817,-0.052198987453224745,0.21408320493066255,0.18187321153422847,-0.104983491085186,0.0426502311248074,-0.030631741140215718,0.05439577371780761,0.1111996478098173,0.0964010565705481,0.1099471714725952,-0.09169931763152102,0.013671582654633502,0.17535329077701958,-0.09083645168390932,-0.2596588157605107,0.10123706801672903,0.059093110279550956,-0.1309839313229144,-0.15281972265023114,-0.09716046665199207,-0.2944287915474356,-0.1564340744001761,-0.1638961038961039,0.3470922298040942,0.16540832049306625,0.1025445740699978,0.1111138014527845,-0.01412062513757429,0.08283292978208233,0.024008364516839093,0.20194585075941007,-0.12203389830508475,0.24476777459828308,-0.17041162227602905,-0.2655712084525644,-0.13947611710323574,-0.17598723310587716,0.11623816861104996,0.06869689632401497,-0.10175434734756769,0.1901584855822144,0.17228263262161567,0.2748580233325996,-0.013532907770195906,0.2603521901826987,0.0688003521901827,0.1636187541272287,0.48547435615232226,0.41946511116002644,-0.04796169931763152,0.4759982390490865,0.5748051948051948,0.28182038300682366,0.19610609729253797,0.5949680827646929,0.15002861545234428,0.5010499669821704,0.058703499889940565,0.3383248954435395,0.2595443539511336,-0.011956856702619414,0.1684063394232886,-0.09581774158045345,-0.099900946511116,-0.11855161787365177,-0.1086550737398195,-0.005980629539951574,-0.10186000440237729,0.23779000660356592,0.1307373981950253,0.0714175654853621,-0.02836451683909311,-0.21042042703059652,-0.1728681488003522,0.009555359894342945,0.07184019370460049,-0.08551617873651772,-0.1397160466651992
#54,0.33528285274047986,-0.043449262601804976,0.254224081003742,0.2623090468853181,0.28637904468412945,0.3979308826766454,-0.03449262601804975,0.12495267444419987,0.0037640325775918997,0.3461104996698217,0.06797930882676645,0.6318688091569448,1.0,-0.3017213295179397,-0.25896103896103895,-0.2823860884877834,0.2874664318732115,0.1961038961038961,-0.29534888839973583,-0.05276029055690073,-0.27364957076821483,-0.23206691613471275,0.07454545454545454,-0.06438917015188202,-0.18274047985912392,-0.09132071318511996,-0.09045124367158265,-0.0005282852740479859,0.29458727712965,0.26780101254677524,0.030594320933303984,0.32221219458507594,-0.08308606647589699,-0.23095311468192825,0.052786704820603124,0.12958617653532908,-0.16896103896103895,-0.07985252036099494,-0.20327316751045565,0.00017829627999119526,0.16351749944970284,0.011184239489324234,0.12985472154963681,-0.10655513977547876,0.1589522342064715,0.1435923398635263,0.05929121725731895,-0.04709663218137795,0.07458507594100815,0.17174554259300023,-0.016660796830288354,-0.06162447721769756,-0.067244111820383,-0.33848778340303765,-0.29285714285714287,-0.25432973805855164,0.16403918115782523,0.15148580233325995,0.13560422628219237,0.03689412282632622,0.2005414924058992,0.2076139115122166,0.035941008144397976,0.16373321593660578,-0.144686330618534,0.059214175654853624,0.04922077922077922,-0.15929782082324456,-0.12515078142196787,-0.11639665419326437,0.1316068677085626,0.07782742681047766,-0.06111160026414264,0.3578758529605987,-0.12652432313449263,0.18062953995157385,-0.028707902267224302,0.18144397974906448,0.10567246313009025,0.04703279771076381,0.3626282192383887,0.5120338983050847,-0.09154083204930663,0.37540832049306627,0.46558221439577374,0.24966541932643627,0.38068897204490426,0.6380673563724412,0.20404578472375082,0.43390710983931324,0.16735197006383448,0.304851419766674,0.14890380805635042,0.13738498789346246,0.17172573189522342,0.006528725511776359,-0.052548976447281535,0.11038961038961038,-0.07386748844375964,0.10547875852960599,0.01042262821923839,0.2659454105216817,0.16744001760950913,0.09254677525863966,-0.017373981950253137,-0.022463130090248733,-0.04946290997138455,0.10086506713625358,0.03016288795949813,0.08694034778780542,0.013506493506493506
#58,-0.30062733876293196,-0.09290997138454765,-0.29376183138895,-0.33704380365397313,-0.07800132071318512,-0.1261303103675985,0.36458507594100814,-0.0212590799031477,0.22482280431432974,0.012302443319392472,0.2272044904248294,-0.3266123706801673,-0.3017213295179397,1.0,0.17239489324235088,-0.1338168611049967,-0.25952894563064055,-0.3276777459828307,0.12899405679066697,0.2062029495927801,0.24134712744882236,-0.05850979528945631,0.02305084745762712,-0.12281091789566366,-0.10819062293638565,-0.08432753686990975,-0.28997138454765575,-0.2707792207792208,-0.17600484261501212,-0.07457847237508254,-0.031800572309046884,-0.2065991635483161,-0.031151221659696235,-0.013623156504512436,0.07012766894122827,0.05983270966321814,-0.05477657935285054,-0.08307506053268765,0.18536209553158706,0.08535989434294519,0.011516618974246093,0.027083425049526745,-0.0376007043803654,-0.00045784723750825443,0.21276469293418446,0.01594541052168171,-0.1830992736077482,-0.29005723090468855,-0.16856482500550296,-0.14505833149900946,-0.17408980849658814,-0.08896764252696455,-0.13604886638784944,-0.05018049746863306,-0.04739159145938807,0.09780321373541713,0.15438256658595642,0.11744441998679286,-0.02287475236627779,-0.03714505833149901,0.012022892361875412,0.037653532907770196,0.20540832049306626,0.17240149680827646,-0.339702839533348,-0.23611930442438916,0.506385648250055,0.5120052828527405,0.18119084305524982,0.39657274928461367,0.18230464450803432,0.16516618974246092,0.3065727492846137,0.07984591679506933,0.15179616993176315,0.1247061413163108,0.33325115562403695,0.24403918115782522,0.26624036979969185,-0.02282412502751486,-0.10703940127668941,-0.09613251155624036,0.13865287255117764,-0.023242350869469512,-0.1400792427911072,-0.021851199647809818,-0.10463790446841294,-0.2318137794408981,0.02482940788025534,-0.05735637244111821,0.05838432753686991,-0.019550957517059212,-0.0687475236627779,0.022775698877393794,-0.1550891481399956,-0.1765727492846137,-0.09427250715386308,-0.15685009905348887,-0.07096632181377945,0.02149900946511116,-0.21052168170812238,-0.24985031917235306,-0.22548756328417346,-0.2903147699757869,-0.2713911512216597,-0.13917015188201629,-0.16546335020911293,0.1717191283292978,0.0600132071318512,-0.013488883997358574,0.0865265243231345
#101,-0.578102575390711,-0.2014505833149901,-0.38648250055029715,-0.1874818401937046,-0.30454545454545456,-0.3676161127008585,-0.09860884877834031,-0.3220052828527405,0.2078648470173894,-0.41358793748624256,-0.21901606867708562,-0.23158485582214397,-0.25896103896103895,0.17239489324235088,1.0,0.4224653312788906,-0.3626634382566586,-0.36720889280211316,0.5963438256658595,0.21985031917235306,0.7331719128329298,0.19463130090248734,-0.002489544353951134,-0.255115562403698,0.36114902047105435,0.04316530926700418,-0.2099801893022232,-0.4889192163768435,-0.017167070217917677,-0.02095971824785384,-0.39287034998899406,-0.43839093110279553,-0.37401716927140655,-0.21685230024213076,0.07972925379705041,-0.17322474136033458,0.4601716927140656,0.27054369359454106,0.2246995377503852,-0.10780761611270086,0.1446224961479199,0.19865727492846136,0.13832269425489765,0.4165265243231345,-0.13571868809156945,-0.23736077481840193,-0.46891041162227604,-0.25950913493286376,-0.5000946511116002,-0.26344926260180496,-0.42697776799471715,-0.16292097732775698,-0.34158705701078584,-0.056409861325115565,0.5744794188861986,0.1662557781201849,-0.059685230024213075,0.16881135813339204,-0.4307241910631741,-0.27506493506493507,-0.10174994497028396,-0.003370019810697777,0.2711071978868589,0.15942328857583096,-0.42500110059432095,-0.3817785604226282,0.20710763812458727,0.2695575610829848,0.6906559542152763,0.4474356152322254,0.07202069117323355,0.05280651551837993,0.3710653753026634,-0.2948910411622276,0.18211974466211756,-0.18010125467752586,0.17482060312568787,0.07845916795069337,0.3978494386968963,-0.28685230024213076,-0.038527404798591236,-0.10189742460928902,0.4580827646929342,-0.10442659035879374,-0.26117763592339865,-0.5718996257979309,-0.2838366718027735,-0.2827801012546775,-0.03335020911292098,-0.16265903587937486,-0.08379925159586177,-0.43494166850099053,-0.39515078142196786,-0.39983491085186,-0.29130090248734314,-0.07866387849438697,-0.024871230464450802,-0.482722870349989,-0.32166189742460927,-0.574935064935065,-0.43323354611490206,-0.4969535549196566,-0.5476601364736958,-0.4823398635263042,-0.33874312128549416,-0.422194585075941,-0.4105238828967642,0.10899845916795069,0.001027955095751706,-0.16796169931763152,-0.08415364296720229
#102,-0.12447501650891482,0.1114836011446181,-0.018789346246973367,-0.19095091349328638,-0.3293858683689192,-0.23325555800132072,0.09499889940567907,-0.001961259079903148,0.13999559762271627,-0.33101254677525865,-0.12231565045124367,-0.11049306625577812,-0.2823860884877834,-0.1338168611049967,0.4224653312788906,1.0,-0.24711204050187102,0.020570107858243453,0.620066035659256,0.4119370460048426,0.30154523442659037,0.3954281311908431,-0.11963240149680827,0.05289896544133832,0.27159145938806956,0.4781884217477438,-0.10713625357693154,-0.2580497468633062,0.05937706361435175,0.05972925379705041,-0.25954875632841734,-0.3351023552718468,-0.2627162667840634,-0.05540171692714065,-0.1579506933744222,-0.26707021791767555,0.31204930662557784,0.42733876293198325,0.05442438917015188,-0.1024058991855602,0.07814880035219018,0.1260774818401937,-0.05093770636143517,0.3002553378824565,-0.29082544574069996,-0.28021351529826105,-0.2907528065155184,-0.17358133392031697,-0.289570768214836,-0.18871670702179177,-0.20071318511996478,0.032546775258639665,-0.07731675104556461,0.369471714725952,0.536931543033238,0.4916773057451024,-0.2638961038961039,0.010297160466651993,-0.3766321813779441,-0.2162755888179617,-0.5023156504512437,-0.2568633061853401,-0.13084745762711864,-0.13305084745762713,0.015569007263922519,0.057576491305304865,-0.1164472815320273,0.10469733656174335,0.5129804094210874,0.47547875852960597,0.1782192383887299,0.17348888399735857,0.03576711424169051,-0.34019370460048426,0.0137244111820383,-0.21228043143297382,-0.12790666960158487,-0.2571252476337222,0.10206031256878714,0.16213735417125247,-0.07071098393132291,-0.12576491305304865,0.024998899405679068,-0.16977327756988775,-0.26674224081003745,-0.6189016068677086,-0.4802025093550517,-0.26903587937486245,0.06360114461809377,-0.28011446180937705,-0.25467092229804095,-0.4553422848338103,-0.3029319832709663,-0.5695091349328637,-0.2862623816861105,0.2317851639885538,0.4682258419546555,-0.25148580233325996,-0.01953775038520801,-0.4356020250935505,-0.23173013427250716,-0.215181598062954,-0.3027492846136914,-0.36430552498349106,-0.11810917895663658,-0.31535329077701957,-0.29983931322914376,-0.25264802993616553,-0.10529385868368919,-0.4646555139775479,-0.24884437596302003
#201,0.5656240369799692,0.15250715386308605,0.6134096412062514,0.5317037200088047,0.012634822804314329,0.5481377944089808,-0.08806515518379925,0.4582940788025534,0.007662337662337662,0.41127448822364077,0.2906801672903368,0.05123046445080343,0.2874664318732115,-0.25952894563064055,-0.3626634382566586,-0.24711204050187102,1.0,0.6096896324014968,-0.36773717807616113,-0.391798371120405,-0.45319832709663216,-0.07409861325115562,-0.07026854501430772,-0.0888267664538851,0.01588597842835131,-0.053325996037860444,0.06259520140876074,0.335181598062954,0.11981950253136694,-0.21552278230244332,0.35874532247413604,0.07819062293638565,0.6596676205150781,0.09537750385208012,-0.1803433854281312,-0.1693946731234867,-0.13266563944530047,-0.28387849438696894,-0.3597578692493947,-0.21849658815760511,-0.1452080123266564,-0.2797798811358133,-0.17118423948932424,-0.38940127668941227,-0.15928021131410963,-0.17163108078362316,0.43927140655954217,0.3228021131410962,0.17201408760730794,0.06318291877613912,0.3038146599163548,0.1040744001760951,0.1290116662998019,0.30490204710543695,-0.19337662337662337,-0.07630420427030596,-0.3300968523002421,-0.4087012987012987,0.07155844155844156,0.055174994497028396,-0.05687431212854942,-0.15435615232225403,-0.39861545234426593,-0.26277569887739377,0.3347875852960599,0.16809156944750164,-0.2120427030596522,-0.40362976007043805,-0.18230464450803432,-0.33837332159366057,0.22889500330178297,0.17357473035439136,-0.3285163988553819,0.08450363196125908,-0.4382478538410742,-0.20012106537530266,-0.3694607087827427,-0.23173673783843277,-0.06106537530266344,0.22715386308606647,-0.17603345806735637,-0.09521241470394012,-0.3951397754787585,0.006880915694475016,-0.033167510455646046,0.10684129429892142,0.08262161567246314,0.060066035659256,-0.19913933524103017,-0.11151882016288796,-0.13827426810477658,-0.06387409200968523,-0.007686550737398195,0.15742020691173234,0.038302883557120845,0.5587717367378384,-0.019694034778780543,0.6465859564164649,0.45976227162667843,0.4329275808936826,0.5876469293418446,0.7479484921857803,0.24847457627118644,0.6205172793308387,0.5838983050847457,0.59181598062954,0.5712084525643848,-0.25354391371340523,-0.10679947171472595,0.01776799471714726,0.052976007043803654
