,#10,#11,#12,#13,#17,#18,#26,#49,#50,#51,#52,#53,#54,#58,#101,#102,#201,#202,#301,#302,#401,#402,#501,#502,#601,#602,#701,#702,#801,#802,#901,#902,#1001,#1002,#1101,#1102,#1201,#1202,#1301,#1302,#1401,#1402,#1501,#1502,#1601,#1602,#1701,#1702,#1801,#1802,#1901,#1902,#2001,#2002,#2101,#2102,#2201,#2202,#2301,#2302,#2401,#2402,#2501,#2502,#2601,#2602,#2701,#2702,#2801,#2802,#2901,#2902,#3001,#3002,#3101,#3102,#3201,#3202,#3301,#3302,#3401,#3402,#3455,#3501,#3502,#3601,#3602,#3701,#3702,#3801,#3802,#3901,#3902,#4001,#4002,#4101,#4102,#4201,#4202,#4301,#4302,#4401,#4402,#4501,#4502,#4601,#4602,#4701,#4702,#4801,#4802
#10,1.0,0.024871230464450802,0.42476997578692494,0.5034646709222981,0.26066696015848556,0.3295663658375523,0.2622430112260621,0.6841470394012766,-0.25535329077701957,0.42020911292097735,0.5688047545674665,0.031490204710543694,0.12618534008364518,0.09159145938806956,0.008743121285494166,0.135049526744442,0.29469733656174335,0.16342284833810258,0.13093550517279332,0.02208892802113141,-0.06798591239269205,0.10650231124807397,-0.16267884657715168,0.045012106537530266,-0.05798811358133392,0.27366718027734976,-0.23503852080123266,-0.07123046445080343,-0.02467092229804094,-0.14265243231344926,0.05741140215716487,-0.25538630860664757,-0.07795509575170592,-0.3533766233766234,-0.1234404578472375,-0.14649350649350648,-0.2572419106317411,-0.16947831829187762,-0.14209333039841515,-0.014490424829407881,-0.11014527845036319,-0.07857362976007044,-0.27829407880255336,-0.04330178296279991,-0.28047105436935943,-0.1684965881576051,-0.1850759410081444,-0.15674664318732115,-0.1867554479418886,0.05254237288135593,-0.14909090909090908,-0.02576931543033238,-0.06347127448822364,0.02487343165309267,-0.1408892802113141,0.016205150781421967,-0.30582214395773716,-0.1517147259520141,-0.4415452344265904,-0.3347127448822364,0.4215584415584416,0.4489962579793088,-0.15128109178956636,-0.0551023552718468,0.3046158925819943,0.2614836011446181,-0.06816420867268325,-0.03313449262601805,0.11343605546995378,0.03042703059652212,0.3142857142857143,0.2871978868589038,0.04005723090468853,0.2521879815100154,-0.14214615892581994,0.2233414043583535,0.2777988113581334,0.3434978777778848,-0.13384107418005722,0.2169689632401497,0.060209112920977324,0.08037200088047546,0.18691833590138676,0.013876293198327097,-0.05267884657715166,0.12657495047325557,0.30740479859123926,-0.17342284833810256,0.01723530706581554,-0.060495267444419985,-0.12307726172132952,-0.02438036539731455,-0.07192824125027515,0.0020360994937266125,-0.3290050627338763,0.23251375742901167,0.109768875192604,-0.06428351309707242,-0.042130750605326873,0.1887805414924059,-0.07179837112040502,0.07585516178736518,-0.009579572969403477,-0.029225181598062953,-0.046390050627338766,0.12346246973365617,0.07724631300902488,0.044754567466431874,-0.08692273827867049,0.19799251595861767,-0.18974466211754348
#11,0.024871230464450802,1.0,0.13579352850539292,0.2523794849218578,0.05825445740699978,0.05018489984591679,0.27837552278230243,0.1266563944530046,0.3462557781201849,0.21937266123706803,0.18125467752586397,-0.08760510675764913,0.03710103455866168,0.15869909751265684,0.2976711424169051,0.05595421527624918,0.15147919876733437,0.0274224081003742,0.11434954875632841,-0.13498128989654412,0.22498569227382786,0.07094430992736077,0.24036319612590798,-0.12571648690292758,0.22555139775478758,0.046643187321153426,-0.12713185119964782,-0.08764252696456086,0.0338762931983271,-0.035069337442218795,-0.050724191063174114,-0.19741140215716488,-0.061259079903147697,0.03911732335461149,-0.23246092890160686,0.04160906889720449,0.12244772176975567,0.05448822364076601,0.14879594981289895,0.06940347787805415,-0.020770416024653314,-0.04085186000440238,0.20671582654633502,-0.035401716927140656,-0.08927580893682589,0.11629760070438036,0.030134272507153864,-0.05629760070438036,-0.13317191283292978,-0.23747303543913714,-0.13753907109839314,-0.21648910411622277,-0.06564384767774599,-0.2353995157384988,0.07253356812678846,-0.19104996698217036,-0.08988333700198108,-0.1431961259079903,-0.03843715606427471,-0.14765793528505394,-0.08213075060532687,-0.020906889720449042,0.06384767774598284,-0.060937706361435175,-0.13144177856042263,-0.03221879815100154,0.026128109178956638,0.21177856042262821,0.2185890380805635,0.2166321813779441,0.10318291877613911,0.11878274268104777,-0.0838630860664759,0.030195905789126128,-0.027796610169491524,0.01147919876733436,-0.07022672243011226,-0.16774387395108964,0.2150759410081444,0.06413603345806736,0.1484371560642747,0.011516618974246093,-0.02691173233546115,-0.00438696896324015,0.01397094430992736,0.013702399295619635,-0.08099493726612371,0.0549306625577812,0.10457627118644068,0.05023992956196346,-0.11680387409200968,-0.01892802113141096,-0.26235747303543916,-0.08730574510235527,-0.05845916795069338,0.3420449042482941,-0.0018225841954655514,-0.09707682148360114,-0.07401276689412283,-0.12597622716266785,-0.1749438696896324,-0.0537904468412943,-0.09961919436495707,-0.08362755888179617,-0.07743121285494167,-0.1482742681047766,-0.11020911292097733,-0.17234426590358795,-0.14429451904028176,-0.11434074400176095,-0.10885758309487123
#12,0.42476997578692494,0.13579352850539292,1.0,0.6069557561082984,0.0771978868589038,0.19138014527845038,0.04281091789566366,0.29228923618754127,-0.23086726832489543,0.31150561303103674,0.24484041382346466,-0.12320933303984151,0.09702179176755447,0.016843495487563285,0.17396434074400177,0.3650033017829628,0.5375918996257979,0.42413823464670924,0.12200088047545675,-0.08031476997578693,-0.1099075500770416,0.07526304204270307,-0.006988773937926481,0.2259674224081004,0.010011005943209333,0.31855381906229363,-0.1624191063174114,0.1011996478098173,0.052390490865067134,-0.002234206471494607,0.09300462249614792,-0.11599163548316091,-0.05531587057010786,-0.200132071318512,-0.03338102575390711,0.029308826766453886,-0.20207792207792208,-0.2614836011446181,-0.3458617653532908,-0.09739379264802994,0.009639005062733876,-0.07817741580453445,-0.28046885318071757,-0.10832049306625578,-0.12942769095311468,0.05327096632181378,-0.30462249614791986,-0.12227823024433195,-0.141963460268545,0.27432093330398416,-0.05892802113141096,0.05597182478538411,0.022925379705040723,0.3054061193044244,0.00788465771516619,0.1890116662998019,-0.4150099053488884,-0.16263482280431432,-0.42389830508474574,-0.3318688091569448,0.06701518820162888,0.15209993396434074,-0.38604886638784947,-0.1604556460488664,0.39095091349328637,0.32907329958177417,-0.16301562843935724,-0.3290909090909091,0.11678626458287475,0.10250935505172794,0.5157318952234207,0.43203389830508476,-0.11319612590799032,0.1606141316310808,-0.44760950913493286,0.02151882016288796,-0.13848338102575392,0.1530069078840799,-0.045643847677745986,0.22088487783403038,0.10397534668721109,0.027737178076161127,0.12343825665859565,0.009605987233105876,-0.23002421307506055,0.04337442218798151,0.09564604886638785,-0.0803830068236848,0.07688751926040062,-0.0999207572088928,-0.11535769315430332,-0.04665859564164649,-0.12359013867488444,-0.06857142857142857,-0.19024873431653092,0.37695135373101474,0.3166960158485582,0.29161787365177194,0.13193704600484263,0.12987233105877174,0.08064494827206692,0.5474730354391372,0.00912392692053709,0.23440237728373323,0.13978208232445521,0.11090688972044904,0.03550077041602465,-0.24769315430332378,-0.053968743121285495,0.006916134712744882,-0.24723310587717368
#13,0.5034646709222981,0.2523794849218578,0.6069557561082984,1.0,0.07073739819502531,0.10487123046445081,0.2535064935064935,0.29852080123266567,-0.07927801012546776,0.6196786264582875,0.38966982170372,-0.2577195685670262,0.019203169711644288,0.0964208672683249,0.2844243891701519,0.3974884437596302,0.5527867048206031,0.14567906669601585,0.3355646048866388,0.12131190843055249,0.1566784063394233,0.18211754347347567,0.07790446841294299,0.005375302663438257,0.14377503852080123,0.3190512876953555,-0.3277107638124587,-0.20005723090468852,-0.0436979969183359,-0.13613471274488223,-0.0952608408540612,-0.02793088267664539,-0.14020911292097732,-0.07677085626238168,-0.008930222320052828,0.15890160686770857,-0.037382786704820606,-0.08888179616993176,0.04896324014968083,0.18332599603786046,-0.17997578692493946,-0.06590138674884438,-0.2678824565265243,-0.22639225181598063,-0.20145278450363197,-0.1484591679506934,-0.3724058991855602,-0.34484921857803214,-0.3915650451243672,-0.19937926480299362,-0.24872991415364296,-0.2843781642086727,-0.05753907109839313,-0.060644948272066915,0.15097072419106317,0.18651771956856703,-0.2184305524983491,-0.19807616112700857,-0.46367378384327534,-0.4545146379044684,0.15904908650671362,0.2831256878714506,-0.14242130750605328,-0.00949372661237068,0.0839093110279551,0.20927360774818402,-0.012612810917895664,0.0348976447281532,0.3988311688311688,0.22741800572309046,0.5060686770856262,0.33863086066475895,0.03581774158045344,0.1938630860664759,-0.16687651331719128,-0.049654413383226945,0.021307506053268765,0.1100022617225908,-0.03946290997138455,0.2836891921637684,0.0012898965441338322,-0.07399955976227163,0.04314109619194365,-0.07149900946511116,-0.2059520140876073,0.09252696456086286,0.10318952234206472,0.017336561743341403,0.2207726172132952,-0.13464670922298042,-0.2955535989434295,-7.704160246533128e-05,-0.3073629760070438,-0.11178736517719569,-0.22331278890600925,0.3526524323134493,0.12405899185560203,-0.002689852520360995,-0.16893022232005284,-0.0213053048646269,-0.22097072419106317,0.15246973365617433,-0.06019370460048426,-0.02907770195905789,-0.01186880915694475,-0.037977107638124584,0.050400616332819725,-0.0663614351749945,-0.03210213515298261,0.08872551177635923,-0.14735197006383446
#17,0.26066696015848556,0.05825445740699978,0.0771978868589038,0.07073739819502531,1.0,0.42022892361875414,0.14805855161787365,0.15976667400396213,0.20742020691173232,-0.07637244111820383,0.3031080783623156,0.28057010785824343,0.5750737398195025,0.17461149020471053,-0.22352410301562844,-0.2677922077922078,-0.015108958837772397,0.35634602685450145,-0.37580893682588595,-0.307376183138895,-0.1867510455646049,-0.3749944970283953,-0.28598943429451906,0.16903367818622056,-0.36403918115782524,-0.09968082764692934,-0.22773057451023554,0.11579352850539291,0.3806911732335461,-0.07672022892361875,0.5294210873871891,0.03130970724191063,0.057858243451463794,-0.07587277129650011,-0.0225445740699978,0.08298481179837112,-0.10273167510455646,0.012293638564825005,-0.08578032137354172,-0.3726172132951794,0.07138014527845037,0.0462689852520361,0.05370900286154524,0.11574730354391372,0.16641426370239928,0.09261941448382126,-0.013878494386968964,0.11677085626238169,0.22700858463570328,0.022293638564825004,-0.059328637464230685,0.23265463350209112,-0.14092009685230025,-0.034869029275808934,-0.28536209553158703,-0.27292978208232443,-0.20283072859344045,-0.09905569007263923,0.02021351529826106,-0.05001540832049307,0.028820162887959497,0.022883557120845256,0.14088707902267225,0.1758001320713185,0.11417125247633722,-0.24145278450363197,0.37703059652212195,0.040083645168390934,-0.194719348448162,-0.1386682808716707,0.14289676425269646,-0.08277129650011006,-0.08164428791547436,0.1465463350209113,0.04906449482720669,0.13465111160026413,0.05209333039841514,0.04549859426513691,0.07038300682368479,0.09215716486902928,0.38195465551397756,0.42196346026854503,0.4340281752146159,0.3669931763152102,0.42573189522342064,0.014464010565705482,0.030983931322914375,-0.05027294739159146,-0.05216156724631301,0.2460642747083425,0.19101254677525864,0.19737838432753688,0.20732775698877393,-0.050068236847897865,-0.20222980409421087,-0.03883557120845257,0.13607307946290997,-0.07754567466431873,0.024430992736077482,0.03649790887079023,0.06692934184459608,0.1345740699977988,0.36174994497028395,-0.01926700418225842,-0.08802113141096192,-0.013477878054149241,-0.16648250055029715,-0.07405018710103456,-0.23266563944530047,-0.08563944530046225,-0.18356152322254018
#18,0.3295663658375523,0.05018489984591679,0.19138014527845038,0.10487123046445081,0.42022892361875414,1.0,0.05827426810477658,0.3970349988994057,-0.07312128549416685,-0.005291657495047325,0.15662337662337664,0.2592670041822584,0.5413889500330178,0.07788465771516619,-0.2801386748844376,-0.14908870790226722,0.18670702179176754,0.30866607968302884,-0.2063350209112921,-0.2176271186440678,-0.12301122606207351,-0.24151882016288795,-0.17763812458727712,0.14120405018710103,-0.33108958837772395,-0.0839687431212855,0.015771516618974246,0.2385692273827867,0.42758529605987233,0.30429011666299804,0.34990534888839975,-0.19499229583975347,0.032040501871010346,-0.12345806735637244,-0.11470394012766894,0.11707902267224302,-0.2242394893242351,-0.061366938146599166,-0.19187761391151223,-0.2871824785384107,-0.1187012987012987,0.10272066916134713,-0.049236187541272285,0.03603565925599824,0.05895443539511336,0.12082544574069998,-0.018146599163548317,0.18417125247633723,0.16433854281311908,0.2660444640105657,0.04327977107638124,0.3021307506053269,0.10969843715606427,0.09731014747963901,-0.15126128109178957,-0.15310587717367377,-0.2058023332599604,-0.18284613691393353,-0.19409421087387188,-0.07140655954215276,-0.09424829407880256,-0.11066916134712745,0.1097490644948272,0.1011402157164869,0.2794188861985472,-0.020041822584195467,0.19097292537970503,-0.08582434514637904,-0.1336847897864847,-0.09145058331499009,0.07739159145938806,0.1328417345366498,-0.005384107418005723,0.1175478758529606,-0.0934668721109399,0.0361699317631521,0.09462249614791987,0.02123597910851032,0.024910851860004402,0.2754809597182479,0.20924719348448162,0.3876359233986353,0.2438696896324015,0.40894783182918776,0.08889500330178296,-0.1373629760070438,-0.15653532907770196,-0.051527624917455425,-0.04478098173013427,0.15901386748844376,0.17759850319172352,0.046845696676205154,0.05385208012326657,-0.26720889280211313,-0.3353378824565265,-0.1990512876953555,0.1343825665859564,0.05961699317631521,0.20040942108738719,0.10944970283953334,0.2215760510675765,0.256337222099934,0.10920316971164429,-0.022003081664098614,-0.0003631961259079903,0.08882456526524324,0.08126348228043143,-0.15531587057010784,-0.14083204930662557,-0.1536451683909311,-0.34107858243451467
#26,0.2622430112260621,0.27837552278230243,0.04281091789566366,0.2535064935064935,0.14805855161787365,0.05827426810477658,1.0,0.20645828747523662,0.2519392471934845,0.42608188421747745,0.3216068677085626,-0.002302443319392472,0.25892802113141095,0.3881818181818182,0.07758969843715606,-0.07797270526084085,-0.0624719348448162,-0.05923398635263042,0.029782082324455207,-0.06580233325996038,0.011204050187101034,-0.11110939907550077,-0.11230464450803433,-0.23556460488663877,-0.18352850539291218,-0.18884217477437817,-0.3573167510455646,-0.2600924499229584,0.11706361435174995,-0.17171252476337223,0.12209993396434074,0.021996478098173015,-0.04945630640545895,0.1553532907770196,-0.0915496368038741,0.005696676205150781,-0.0062689852520361,0.12405238828967642,0.09859123926920538,-0.01665639445300462,0.09089148139995598,-0.05582874752366278,0.0796566145718688,-0.0903565925599824,-0.0691107197886859,-0.26676645388509795,-0.07943429451904029,-0.19214615892581993,-0.2683755227823024,-0.43559982390490865,-0.17749944970283954,-0.23261941448382126,-0.2960180497468633,-0.2515364296720229,-0.22099273607748185,-0.2452388289676425,-0.18672903367818622,-0.18586176535329077,-0.19540832049306625,-0.18304644508034337,0.3320118864186661,0.4137838432753687,0.2983733215936606,0.21963900506273387,-0.17571868809156946,-0.03534228483381026,0.2701959057891261,0.4176381245872771,0.12250055029716046,0.12405238828967642,0.18026854501430772,0.17121725731895224,0.27126348228043146,0.3292626018049747,0.19801893022232006,0.3285956416464891,0.27406559542152764,0.2968359546753447,0.05937706361435175,-0.05065155183799252,0.13022232005282852,-0.015971824785384107,0.11173453664979088,0.08559322033898305,0.07947391591459388,0.23111820383006823,0.31559322033898307,-0.1977657935285054,-0.2199075500770416,-0.013693594541052168,-0.1309024873431653,0.26688972044904247,-0.008322694254897645,0.09447721769755668,-0.037310147479639004,-0.09670482060312569,0.10906889720449042,-0.261782962799912,-0.3495905789126128,0.044818401937046004,-0.17115782522562184,-0.027860444640105658,0.2118049746863306,-0.16455205811138016,-0.15881576051067575,-0.09226282192383888,-0.030422628219238388,0.16980409421087386,-0.00028395333480079243,0.28436935945410524,0.02797710763812459
#49,0.6841470394012766,0.1266563944530046,0.29228923618754127,0.29852080123266567,0.15976667400396213,0.3970349988994057,0.20645828747523662,1.0,0.033110279550957515,0.26444860224521244,0.49533788245652655,0.2520999339643407,0.17672683248954435,0.03552498349108519,0.16763592339863526,0.058564825005502974,0.19062953995157386,0.17012326656394453,0.23866387849438697,0.019683028835571208,0.08235086946951353,0.22242791107197887,-0.006559542152762492,0.05679947171472595,-0.057697556680607526,0.2771076381245873,-0.15520581113801452,-0.0971186440677966,0.053849878934624694,-0.09983270966321814,0.025778120184899847,-0.4822452124147039,-0.17794629099713846,-0.40801893022232005,-0.2125709883337002,-0.0960048426150121,-0.2115628439357253,-0.17557781201849,-0.12484041382346467,0.046317411402157165,-0.2139621395553599,0.006546335020911292,-0.0538102575390711,0.01362095531587057,-0.13250275148580234,0.06937266123706802,-0.28831609068897207,-0.24381465991635484,-0.21320713185119966,0.23119084305524984,-0.21533568126788466,-0.03768434954875633,-0.15666299801893022,0.06048646268985252,-0.023103675985031918,0.01700858463570328,-0.26857142857142857,-0.1429583975346687,-0.43717587497248517,-0.3010323574730354,0.10966762051507814,0.12933524103015628,-0.19287034998899405,-0.05135593220338983,0.34589698437156063,0.196649790887079,-0.09701738939027074,0.07943649570768214,0.18209773277569888,-0.1050099053488884,0.308861985472155,0.17881135813339202,0.039062293638564824,0.1248976447281532,-0.17446401056570549,-0.03087607307946291,0.1458265463350209,0.13068904396273384,0.02906009244992296,0.25743341404358355,0.041554039181157826,0.12127668941228263,0.2730596522121946,0.15754567466431874,-0.11715606427470834,-0.007750385208012326,-0.0042306845696676205,-0.06337222099933965,0.020066035659256,-0.026830288355712086,-0.11459167950693375,-0.13088707902267224,-0.08568567026194145,-0.26229143737618316,-0.33858683689192165,0.24012766894122825,-0.033064054589478316,-0.05539731454985692,-0.051620074840413824,-0.0005899185560202509,-0.07368919216376843,0.0500264142637024,-0.10636363636363637,0.03093550517279331,-0.120066035659256,0.08049526744441998,-0.009108518600044024,-0.21635703279771076,-0.15808716707021792,-0.09174554259300022,-0.31635923398635263
#50,-0.25535329077701957,0.3462557781201849,-0.23086726832489543,-0.07927801012546776,0.20742020691173232,-0.07312128549416685,0.2519392471934845,0.033110279550957515,1.0,-0.016304204270305964,0.1088267664538851,0.12537090028615452,0.14965441338322694,0.3380431432973806,0.2337244111820383,0.001611270085846357,-0.29911512216596964,-0.10274047985912392,-0.05076601364736958,0.008743121285494166,0.08921197446621175,-0.07567906669601585,0.004160246533127889,-0.01643847677745983,-0.03673123486682809,-0.13064935064935065,-0.3995465551397755,-0.29347127448822363,0.011565045124367158,-0.09674224081003742,-0.02048646268985252,-0.14333920316971163,-0.22286374642306847,-0.010204710543693594,-0.20395773717807616,0.004364957076821483,-0.008769535549196567,-0.03822143957737178,0.005258639665419326,-0.07154963680387409,0.0772176975566806,-0.017497248514197667,0.3390358793748624,-0.02043363416244772,0.11478538410741801,0.07624036979969183,-0.19600704380365397,-0.23574950473255557,-0.12229804094210873,-0.16925599823904908,-0.2540193704600484,-0.2637244111820383,-0.3740567906669602,-0.1613977547875853,-0.1014307726172133,-0.32173233546114904,0.03953554919656615,0.12209333039841515,0.08837772397094432,0.19317191283292978,-0.2003169711644288,-0.1110477657935285,0.21021351529826107,0.13198547215496367,-0.3622738278670482,-0.24399735857362975,0.3093594541052168,0.4542813119084306,0.14303764032577593,0.10815100154083204,0.12164428791547435,0.002672243011226062,0.15451023552718468,0.07530266343825666,0.20067356372441117,0.029645608628659476,0.007259520140876073,-0.026129224152119383,0.297145058331499,-0.0873893902707462,0.031747743781642086,-0.16217917675544793,0.12533788245652652,0.04082324455205811,0.16291877613911512,0.0700132071318512,-0.04972044904248294,-0.06175214615892582,-0.04661457186880916,0.07159586176535329,-0.0016993176315210213,0.08779881135813339,0.011617873651771957,-0.08056790666960159,0.13525863966541932,0.013876293198327097,-0.15650231124807396,-0.3551023552718468,-0.399291217257319,-0.27843495487563286,-0.3347259520140876,-0.10066916134712744,0.040222320052828525,-0.1222342064714946,-0.2651353731014748,-0.3390050627338763,-0.319735857362976,-0.15653532907770196,-0.1716288795949813,-0.022383887299141536,0.025597622716266782
#51,0.42020911292097735,0.21937266123706803,0.31150561303103674,0.6196786264582875,-0.07637244111820383,-0.005291657495047325,0.42608188421747745,0.26444860224521244,-0.016304204270305964,1.0,0.43499229583975346,-0.041606867708562624,0.07477437816420868,0.17244111820383007,0.3569359454105217,0.27293638564825007,0.41424169051287696,-0.07073959938366718,0.42694915254237287,0.20671142416905128,0.2994342945190403,0.28489984591679507,0.26082324455205813,-0.15454325335681268,0.31287915474356154,0.2911688311688312,-0.2143363416244772,-0.27972485141976666,-0.022903367818622056,0.006920537090028616,-0.23662777900066034,-0.04141316310807836,-0.15660576711424168,-0.0020162887959498128,0.0015628439357252917,0.12122165969623597,0.058047545674664316,0.03891701518820163,0.15815320272947392,0.41516618974246094,0.0727162667840634,-0.10282852740479859,-0.2500066035659256,-0.0676997578692494,-0.16917015188201628,-0.07451683909311028,-0.3000506273387629,-0.3859013867488444,-0.5133788245652653,-0.3064604886638785,-0.2632907770195906,-0.4863790446841294,-0.14020250935505174,-0.2978318291877614,0.2752586396654193,-0.07661016949152542,-0.1237046004842615,-0.1598613251155624,-0.4700836451683909,-0.512740479859124,0.13297820823244552,0.22746423068456967,0.003352410301562844,0.05393792648029936,-0.07302663438256658,0.3158991855602025,0.059335241030156284,0.14216156724631301,0.4281267884657715,0.24905348888399736,0.3438652872551178,0.1994320933303984,0.14472375082544575,0.08926260180497468,-0.05833370019810698,-0.11710323574730354,-0.04288355712084525,0.040434757007906746,0.1714968082764693,0.21905789126128108,0.10301122606207352,-0.17060972925379705,0.04150121065375303,0.02040281752146159,-0.05714285714285714,-0.009977988113581334,0.06291657495047326,-0.056260180497468636,-0.03446841294298921,-0.18717587497248514,-0.1350693374422188,0.07844596081884217,-0.2897490644948272,-0.192293638564825,-0.3331631080783623,0.2739731454985692,0.012909971384547655,-0.14185780321373542,-0.36752366277790005,-0.14616773057451024,-0.43966762051507813,0.06704160246533128,-0.09009465111160027,-0.1941118203830068,-0.17068016729033678,-0.20432533568126787,0.006321813779440898,-0.16510015408320494,0.08201628879594981,0.08400396213955535,-0.10550517279330839
#52,0.5688047545674665,0.18125467752586397,0.24484041382346466,0.38966982170372,0.3031080783623156,0.15662337662337664,0.3216068677085626,0.49533788245652655,0.1088267664538851,0.43499229583975346,1.0,-0.14743781642086726,0.04184239489324235,0.059713845476557344,0.143416244772177,0.11080123266563945,0.0004424389170151882,0.11380585516178736,0.23292317851639885,0.15914813999559763,0.09311908430552499,0.16630640545894784,-0.09260840854061193,0.06775918996257979,-0.0029121725731895225,0.2610345586616773,-0.34912832929782084,-0.16941008144397976,-0.0523464670922298,-0.1903037640325776,-0.0287607307946291,-0.07904688531807176,-0.24106977767994717,-0.14887739379264803,-0.2339489324235087,-0.07196346026854501,-0.19146379044684128,-0.01275808936825886,0.023543913713405237,0.12333920316971164,0.0009465111160026414,-0.09985252036099494,-0.12630420427030598,0.035901386748844376,-0.26372000880475455,-0.052802113141096195,-0.2538432753686991,-0.2734536649790887,-0.2928153202729474,-0.1826106097292538,-0.19977327756988775,-0.24641646489104116,-0.24901386748844376,-0.11394453004622496,-0.07242130750605327,-0.06199647809817301,-0.23441998679286816,-0.06278450363196125,-0.2681069777679947,-0.26028175214615895,0.25675985031917237,0.2915298261060973,-0.01561963460268545,0.012309046885318071,0.07962579793088267,0.06913273167510456,0.016297600704380365,0.22186220559101916,0.30865067136253577,0.08196125907990315,0.30572309046885315,0.18780101254677525,0.1351287695355492,0.16846136913933524,-0.051234866828087165,0.0838961038961039,0.10693594541052168,0.12347464421895124,0.054364957076821485,0.09841954655513978,0.12619194364957076,0.029819502531366938,0.11842615012106537,0.04565705480959718,0.01704160246533128,0.067442218798151,0.11478318291877614,-0.13522562183579132,0.14965441338322694,0.0014968082764692935,-0.22173013427250715,0.06412942989214175,-0.10986572749284614,-0.07335020911292098,-0.34007043803653975,0.25571868809156945,0.21920316971164427,-0.17172793308386528,-0.2687409200968523,-0.0825313669381466,-0.18357032797710765,-0.03702179176755448,-0.04666299801893022,-0.12190182698657274,-0.08933083865287256,-0.08722870349988994,-0.07057010785824346,-0.05835571208452564,-0.09534668721109399,0.049022672243011226,-0.061074180057230906
#53,0.031490204710543694,-0.08760510675764913,-0.12320933303984151,-0.2577195685670262,0.28057010785824343,0.2592670041822584,-0.002302443319392472,0.2520999339643407,0.12537090028615452,-0.041606867708562624,-0.14743781642086726,1.0,0.40819502531366936,-0.048626458287475235,0.11607528065155184,-0.0439027074620295,0.032821923838872995,0.046517719568567026,-0.009795289456306406,-0.08489324235086947,0.15784943869689633,-0.08930882676645388,0.0914307726172133,-0.26248294078802553,-0.09998459167950693,-0.007530266343825666,0.052130750605326875,-0.11391811578252256,0.28068897204490423,0.18685450143077262,0.08906889720449042,-0.07294298921417565,-0.12515958617653533,-0.1845938806955756,0.2132555580013207,0.1500066035659256,0.05354831609068897,-0.1459784283513097,-0.05539731454985692,-0.20020691173233546,0.39217917675544794,0.24413383226942548,0.11886638784943869,0.07167290336781862,0.12600704380365396,-0.03742681047765793,-0.1267114241690513,-0.15790446841294298,0.060816640986132514,0.189900946511116,-0.28426590358793746,-0.09902267224301123,-0.15580673563724412,-0.10100594320933304,0.0952938586836892,-0.047277129650011004,0.07897204490424829,-0.1355293858683689,-0.25297600704380363,-0.21614131631080782,-0.14652212194585076,-0.24533568126788466,-0.10836011446180938,-0.05803874092009685,0.059949372661237066,0.016744441998679287,-0.08085626238168611,-0.15276689412282632,-0.1853907109839313,-0.14610169491525424,-0.13984591679506933,0.015307065815540392,0.020543693594541054,0.042692053709002864,0.03490644948272067,0.0028703499889940567,0.02508694695135373,-0.07422302125415016,0.20662337662337663,0.0838168611049967,0.22138234646709223,0.2941140215716487,0.5022892361875413,0.3755690072639225,0.2098217037200088,-0.052256218357913276,-0.16926260180497468,0.2016949152542373,-0.2649240589918556,-0.045397314549856925,0.1937376183138895,-0.12511776359233986,0.04908430552498349,-0.2101716927140656,-0.07808496588157605,-0.02689632401496808,-0.30804534448602244,-0.06824565265243232,0.0025445740699977988,-0.24911952454325337,-0.2041866607968303,0.06894122826326216,0.14554699537750385,-0.19484701738939028,-0.4241976667400396,-0.22542152762491746,-0.23889500330178295,-0.18379264802993617,-0.1571582654633502,-0.12707462029495928,-0.222392692053709
#54,0.12618534008364518,0.03710103455866168,0.09702179176755447,0.019203169711644288,0.5750737398195025,0.5413889500330178,0.25892802113141095,0.17672683248954435,0.14965441338322694,0.07477437816420868,0.04184239489324235,0.40819502531366936,1.0,0.2529253797050407,-0.2752014087607308,-0.3734536649790887,0.19014307726172133,0.38610829848117983,-0.19103896103896104,-0.19430332379484921,-0.18822584195465553,-0.4195531587057011,-0.15782302443319393,-0.05804974686330618,-0.3432445520581114,-0.06166850099053489,-0.06294519040281753,0.11873871890821043,0.7005326876513317,0.12300022011886419,0.5654545454545454,0.05191503411842395,0.18051507814219678,0.08449042482940788,-0.057686550737398194,0.11816861104996698,0.009099713845476557,0.1590116662998019,-0.028503191723530708,-0.15107197886858903,0.08510015408320493,0.009040281752146159,0.009379264802993616,0.1576667400396214,0.1160180497468633,0.06590358793748624,-0.002493946731234867,0.13091129209773278,0.1847061413163108,-0.05031917235307066,0.014794188861985472,0.18088047545674665,-0.0435725291657495,-0.10217917675544794,-0.24417345366497908,-0.23937926480299362,-0.24942548976447282,-0.2949614791987673,-0.1164472815320273,-0.1311600264142637,-0.06902267224301123,-0.07985252036099494,0.32499449702839533,0.17708122386088487,0.06354171252476337,-0.1862887959498129,0.46383887299141535,0.06228263262161567,-0.07917455425930002,-0.10379264802993617,0.1161963460268545,0.004063394232885758,0.05720228923618754,0.17794408980849657,0.018289676425269647,0.0011776359233986353,-0.08794849218578032,-0.06733219641878437,0.2375016508914814,0.3115540391811578,0.31194144838212634,0.3797952894563064,0.570015408320493,0.5513383226942549,0.5624014968082764,-0.08728593440457848,-0.06777679947171472,-0.0949438696896324,-0.2715694475016509,0.04306405458947832,0.2763548316090689,0.17810257539071098,0.12064274708342505,-0.2266387849438697,-0.2706801672903368,-0.2118005723090469,0.1208892802113141,-0.03581774158045344,0.032696456086286595,0.10935725291657496,0.0804160246533128,0.3248910411622276,0.40535108958837773,-0.02314109619194365,0.02712524763372221,0.04231785163988554,0.05694695135373101,-0.1550033017829628,-0.051338322694254895,-0.1318247853841074,-0.33016508914814
#58,0.09159145938806956,0.15869909751265684,0.016843495487563285,0.0964208672683249,0.17461149020471053,0.07788465771516619,0.3881818181818182,0.03552498349108519,0.3380431432973806,0.17244111820383007,0.059713845476557344,-0.048626458287475235,0.2529253797050407,1.0,-0.01718247853841074,-0.10981289896544134,-0.18055910191503413,-0.1200528285274048,-0.022694254897644726,0.11711864406779661,-0.11143077261721329,-0.01814439797490645,-0.21695575610829848,0.10178956636583755,-0.15183579132731675,-0.005507373981950253,-0.43480739599383667,-0.1554259300022012,0.1291371340523883,0.02529385868368919,0.18163328197226503,-0.13455866167730574,-0.09142196786264582,0.03865067136253577,-0.09325996037860444,-0.072128549416685,0.030611930442438918,0.1695179396874312,-0.06830508474576272,-0.008025533788245652,-0.018100374202069117,-0.2224191063174114,0.22230244331939247,0.044714946070878274,0.03922077922077922,0.05037420206911732,-0.12821483601144618,-0.11837112040501871,-0.2320228923618754,-0.3516817081223861,-0.13440457847237508,-0.0563614351749945,-0.2644243891701519,-0.2318467972705261,-0.4040479859123927,-0.22985031917235307,-0.09975126568346908,0.1665199207572089,0.0474158045344486,0.1312524763372221,0.13516618974246092,0.17525643847677747,0.5937068016729034,0.539720449042483,-0.3151617873651772,-0.19856482500550296,0.6691547435615233,0.5913757429011667,0.2573695795729694,0.3819480519480519,0.21276469293418446,0.08588157605106758,0.2690248734316531,0.36591019150341186,0.19674003962139555,0.1788597842835131,0.140066035659256,0.15920986089032838,0.35983931322914375,0.3461589258199428,0.19865947611710325,-0.047173673783843274,0.1732951793968743,0.026136913933524103,0.37265243231344924,0.05367378384327537,0.17751265683469072,-0.3638300682368479,-0.15334580673563725,0.1376865507373982,0.0760708782742681,0.4056328417345367,0.17937486242570988,0.10134052388289676,0.0827955095751706,-0.12761831388950032,0.054151441778560426,-0.42806515518379923,-0.4202597402597403,0.024675324675324677,-0.1878648470173894,-0.19601584855822143,0.0712458727712965,-0.2566365837552278,-0.26434954875632843,-0.17317411402157165,-0.2442725071538631,0.0536253576931543,0.1015430332379485,0.2235461149020471,-0.006130310367598503
#101,0.008743121285494166,0.2976711424169051,0.17396434074400177,0.2844243891701519,-0.22352410301562844,-0.2801386748844376,0.07758969843715606,0.16763592339863526,0.2337244111820383,0.3569359454105217,0.143416244772177,0.11607528065155184,-0.2752014087607308,-0.01718247853841074,1.0,0.504521241470394,0.2716288795949813,-0.210132071318512,0.61623816861105,0.15267224301122606,0.6392537970504072,0.5154105216817081,0.416781862205591,-0.12486022452124147,0.48899625797930885,0.38623816861105,-0.2818071758749725,-0.5159476117103236,-0.18847457627118644,0.03987012987012987,-0.4249966982170372,-0.20980629539951573,-0.3919788685890381,-0.2668699097512657,0.024921857803213734,0.16056130310367597,0.4095575610829848,0.023429451904028176,0.15007043803653974,0.2864582874752366,0.23735417125247635,-0.02326876513317191,0.16835571208452565,-0.11655513977547875,0.0162491745542593,0.05432973805855162,-0.4789170151882016,-0.6234228483381026,-0.6031234866828087,-0.09899405679066696,-0.6276821483601145,-0.6151507814219679,-0.3315496368038741,-0.26074840413823464,0.38916574950473254,0.0997952894563064,0.08698217037200089,0.0031807175874972483,-0.43349988994056793,-0.32689412282632624,-0.20980629539951573,-0.12937706361435175,-0.2251089588377724,-0.12128989654413383,-0.1891349328637464,0.13821043363416244,-0.20524983491085186,0.07435615232225402,0.5795245432533568,0.4061369139335241,0.2345674664318732,0.20349768875192603,0.2761831388950033,-0.045111160026414264,-0.006519920757208893,-0.21549636803874092,-0.080066035659256,-0.1664737874058074,0.38991195245432536,0.0066607968302883555,0.0523398635263042,-0.2438036539731455,0.05527404798591239,0.059713845476557344,-0.2264406779661017,-0.13599603786044465,-0.2519238388729914,0.18698657274928462,-0.08317411402157165,-0.008749724851419767,-0.212953995157385,-0.12254237288135593,-0.19308166409861324,-0.35277790006603565,-0.05501210653753027,0.48652212194585076,-0.06138234646709223,-0.23788245652652432,-0.44916574950473254,-0.5930816640986133,-0.6304820603125688,-0.17539731454985694,-0.24592780101254677,-0.30976447281532027,-0.3644838212634823,-0.43908650671362537,-0.3596059872331059,-0.31881796169931764,-0.20283953334800792,-0.17600484261501212,-0.15956856702619415
#102,0.135049526744442,0.05595421527624918,0.3650033017829628,0.3974884437596302,-0.2677922077922078,-0.14908870790226722,-0.07797270526084085,0.058564825005502974,0.001611270085846357,0.27293638564825007,0.11080123266563945,-0.0439027074620295,-0.3734536649790887,-0.10981289896544134,0.504521241470394,1.0,0.20898305084745764,-0.014662117543473475,0.5828285274047986,0.4126370239929562,0.29819722650231123,0.5293198327096632,0.043986352630420424,0.007948492185780321,0.2700770416024653,0.46243671582654633,-0.25110279550957515,-0.32990975126568345,-0.29463130090248735,0.0376799471714726,-0.38532467532467535,-0.21453444860224521,-0.5058485582214396,-0.2845234426590359,0.02345366497908871,-0.11087167070217918,-0.1761435174994497,-0.2706735637244112,-0.298994056790667,0.008804754567466431,0.19700638344706142,0.031190843055249835,-0.19097292537970503,-0.18199647809817301,-0.2549482720669161,-0.07810697776799472,-0.5107263922518159,-0.5262601804974686,-0.4919502531366938,0.05244992295839754,-0.4964538850979529,-0.365214615892582,-0.22558661677305744,0.1909949372661237,0.18226502311248075,0.3838014527845036,-0.16174114021571648,-0.004063394232885758,-0.5300594320933304,-0.41167070217917673,-0.08555139775478758,-0.01310807836231565,-0.39539291217257316,-0.11318732115342285,0.10300902487343165,0.24765573409641206,-0.40042042703059655,-0.0775016508914814,0.3713735417125248,0.46117543473475675,0.3636319612590799,0.41011446180937705,0.11513317191283293,0.11695575610829848,-0.20507153863086067,-0.05798591239269205,-0.03663438256658596,0.02167401588929224,-0.12156504512436715,0.15039841514417784,-0.043444860224521244,-0.32080343385428134,0.01648250055029716,-0.09973145498569227,-0.4511534228483381,-0.04098833370019811,-0.13368699097512657,0.18004842615012107,0.261798371120405,-0.13003742020691172,-0.31088047545674663,-0.321336121505613,-0.4436715826546335,-0.06064935064935065,-0.10669161347127448,0.26436055469953773,-0.012042703059652212,-0.04074840413823465,-0.10008144397974907,-0.31097292537970506,-0.329702839533348,0.04576931543033238,-0.336484701738939,-0.01634602685450143,-0.20596742240810037,-0.2938366718027735,-0.2420515078142197,-0.10440457847237508,-0.16735197006383448,0.06947831829187762,-0.12062733876293198
#201,0.29469733656174335,0.15147919876733437,0.5375918996257979,0.5527867048206031,-0.015108958837772397,0.18670702179176754,-0.0624719348448162,0.19062953995157386,-0.29911512216596964,0.41424169051287696,0.0004424389170151882,0.032821923838872995,0.19014307726172133,-0.18055910191503413,0.2716288795949813,0.20898305084745764,1.0,0.3064076601364737,0.18315430332379484,-0.10817961699317631,0.1906185340083645,-0.021210653753026634,0.301732335461149,-0.07120405018710103,0.30248073959938365,0.2742637023992956,0.14477657935285054,0.02550297160466652,0.26361435174994496,0.10206911732335461,0.072095531587057,0.03781421967862646,0.07432533568126788,-0.01977327756988774,0.11644067796610169,0.33591459388069556,0.23788025533788246,-0.007283733215936606,0.04935285053929122,0.17472375082544575,-0.023695795729694036,-0.11648910411622276,-0.19783623156504512,-0.07281972265023112,-0.02680827646929342,-0.013944530046224961,-0.09026194144838212,-0.04439357252916575,-0.112194585075941,0.1490116662998019,-0.09849878934624698,-0.03199207572088928,0.2043187321153423,-0.019218578032137355,0.30439357252916577,0.17764252696456087,-0.162062513757429,-0.32592780101254676,-0.40575830948712305,-0.451237068016729,-0.15939907550077043,-0.060983931322914374,-0.2966057671142417,-0.18534228483381027,0.25977547875852963,0.3244838212634823,-0.07498789346246973,-0.36869909751265684,0.19126128109178955,0.057939687431212854,0.2685163988553819,0.27887739379264803,-0.14445960818842174,-0.0977988113581334,-0.3740347787805415,-0.3086440677966102,-0.24476117103235748,-0.14848896571043727,0.1953731014747964,0.18252256218357912,0.08854281311908431,0.05029936165529386,0.10311248073959939,0.22084745762711863,-0.1335725291657495,-0.14702179176755448,-0.18614571868809157,0.08080783623156504,-0.00535989434294519,-0.08315870570107858,-0.09064714946070879,0.024279110719788687,-0.2385626238168611,-0.2689214175654854,-0.2911930442438917,0.4584833810257539,0.10379484921857803,0.29124147039401277,0.18807175874972484,-0.005152982610609729,-0.0814175654853621,0.2933480079242791,-0.010724191063174114,0.022441118203830067,0.03171912832929782,0.06351749944970284,0.19631300902487342,-0.2940986132511556,0.08400396213955535,-0.16311468192824125,-0.2778604446401057
