,#10,#11,#12,#13,#17,#18,#26,#49,#50,#51,#52,#53,#54,#58,#101,#102,#201,#202,#301,#302,#401,#402,#501,#502,#601,#602,#701,#702,#801,#802,#901,#902,#1001,#1002,#1101,#1102,#1201,#1202,#1301,#1302,#1401,#1402,#1501,#1502,#1601,#1602,#1701,#1702,#1801,#1802,#1901,#1902,#2001,#2002,#2101,#2102,#2201,#2202,#2301,#2302,#2401,#2402,#2501,#2502,#2601,#2602,#2701,#2702,#2801,#2802,#2901,#2902,#3001,#3002,#3101,#3102,#3201,#3202,#3301,#3302,#3401,#3402,#3455,#3501,#3502,#3601,#3602,#3701,#3702,#3801,#3802,#3901,#3902,#4001,#4002,#4101,#4102,#4201,#4202,#4301,#4302,#4401,#4402,#4501,#4502,#4601,#4602,#4701,#4702,#4801,#4802
#10,1.0,0.43937266123706803,0.5415232225401717,0.6063636363636363,0.24099933964340745,0.25653753026634385,0.24867708562623816,0.5410785824345147,0.22049526744442,0.6256394453004622,0.5653863086066476,0.3557605106757649,0.12286154523442659,0.3061104996698217,-0.24039401276689412,-0.14406999779881136,0.6180299361655294,0.6025863966541932,-0.3156064274708342,-0.3073629760070438,-0.22177415804534448,-0.20791987673343607,0.08936385648250054,0.018393132291437377,0.06920977327756989,0.0058881796169931765,0.322293638564825,0.29343605546995377,-0.08492185780321374,-0.21532467532467534,0.29318511996478097,0.37395993836671804,0.5196081884217477,0.3471648690292758,-0.18292758089368258,-0.01787805414924059,-0.037785604226282195,-0.08629319832709663,0.09661237068016729,0.014706141316310808,-0.05215496368038741,-0.2150759410081444,0.07497468633061853,-0.28581994276909534,-0.22272727272727272,-0.2712656834690733,0.39055249834910855,0.3991833590138675,0.20553378824565266,0.2011600264142637,0.38812678846577153,0.2617213295179397,0.34622716266784065,0.35886858903808055,0.23660356592559983,0.3536341624477218,-0.2491701518820163,-0.47068897204490423,0.12005723090468853,-0.15971164428791548,-0.1852080123266564,-0.3574532247413603,-0.25578912612810917,-0.18736077481840194,0.30882676645388507,0.3878956636583755,0.01436055469953775,-0.12352190182698657,-0.1856350429231785,-0.2608430552498349,0.27338762931983274,0.1836385648250055,-0.3631697116442879,0.08478758529605987,-0.31583094871230466,-0.15032797710763812,-0.4738080563504292,-0.3652212194585076,0.04724851419766674,-0.21808496588157605,-0.2884525643847678,0.0,0.2358067356372441,-0.019134932863746422,0.036297600704380366,-0.20760950913493287,-0.3549658815760511,0.06101474796390051,-0.1174356152322254,0.0057429011666299806,-0.16813999559762272,-0.12221659696235967,0.1872375082544574,-0.22430992736077482,-0.2664802993616553,0.42305304864626897,0.18701078582434513,0.5367642526964561,0.41691173233546114,0.3236913933524103,0.4298877393792648,0.5524389170151882,0.507838432753687,0.5191063174114021,0.4703874092009685,0.4417543473475677,0.351633281972265,-0.26124147039401274,-0.1445608628659476,-0.22591459388069557,-0.3316685009905349
#11,0.43937266123706803,1.0,0.47220338983050847,0.31315870570107857,0.14018269865727492,0.2684503631961259,0.3418600044023773,0.11040281752146158,0.3320691173233546,0.4953642967202289,0.2745366497908871,0.12998459167950693,0.20526524323134493,0.4687695355491966,-0.16798811358133392,-0.024074400176095093,0.3029672022892362,0.460759410081444,-0.2818556020250936,-0.13721329517939687,-0.09291437376183138,0.004224081003742021,0.028032137354171253,0.11970063834470614,0.09671362535769315,-0.09481620074840413,0.2408364516839093,0.20198987453224743,-0.024787585296059872,-0.3762799911952454,0.2894100814439797,0.12493506493506494,0.34099053488883996,0.39981069777679945,-0.08657054809597182,-0.2221417565485362,0.015679066696015848,-0.09961919436495707,0.04465331278890601,0.0028967642526964562,-0.24961259079903148,-0.38254237288135595,0.1574554259300022,-0.2539335241030156,0.03550957517059212,-0.2085230024213075,0.20133612150561303,0.2165595421527625,0.1389126128109179,0.30397754787585296,0.2797644728153203,0.2089786484701739,0.40880255337882454,0.39684789786484703,0.2901848998459168,0.4463130090248734,-0.2502113141096192,-0.17048866387849437,-0.1416266784063394,-0.17950473255558003,-0.19859784283513096,-0.1758617653532908,-0.3235747303543914,-0.24067136253576932,0.044725952014087605,0.41667400396213955,0.22070878274268105,0.11803874092009685,-0.22173893902707462,-0.21420867268324895,0.15792648029936165,0.16475016508914814,-0.3149372661237068,0.09290336781862206,-0.24124807395993836,-0.028685890380805636,-0.3945982830728593,-0.21490644948272067,0.03089588377723971,-0.25790887079022673,-0.15815980629539952,0.07651331719128329,-0.11246973365617434,0.3897402597402597,0.01238168611049967,-0.1907440017609509,-0.32523662777900064,-0.019068897204490426,-0.28490204710543693,-0.13546114902047104,-0.14275588817961699,-0.09802333259960379,-0.12126788465771517,-0.18472154963680387,-0.24760290556900727,0.43829187761391153,0.07059432093330398,0.31194585075941006,0.3451970063834471,0.18430112260620735,0.34088047545674666,0.44632401496808277,0.2316024653312789,0.45464450803433853,0.31271406559542153,0.44084745762711863,0.3379969183359014,-0.18092670041822584,-0.17279771076381245,-0.26504512436715827,-0.2607021791767554
#12,0.5415232225401717,0.47220338983050847,1.0,0.6873673783843275,0.27069117323354613,0.41455205811138013,0.2038366718027735,0.21648470173893902,0.08540832049306625,0.5340567906669602,0.273152102135153,0.16613911512216598,0.25302663438256656,0.24675324675324675,-0.4398767334360555,-0.12287695355491966,0.5649108518600044,0.8580651551837992,-0.4779132731675105,-0.3365199207572089,-0.3960312568787145,-0.19102355271846796,-0.09483601144618094,-0.07687871450583315,-0.2447787805414924,-0.3211600264142637,0.306880915694475,0.37959498128989655,-0.055602025093550514,-0.12093330398415145,0.47519480519480517,0.34872991415364296,0.5652014087607308,0.3845124367158265,-0.1832577591899626,-0.12455866167730574,-0.12817741580453446,-0.10494827206691613,-0.0275214615892582,0.08342064714946071,0.03613471274488224,-0.24867928681488002,0.18346246973365618,-0.08313009024873431,-0.10609289016068676,-0.37677966101694915,0.44286374642306847,0.3269667620515078,0.46004182258419546,0.3699207572088928,0.6356416464891042,0.3158925819942769,0.6110213515298261,0.6339137134052388,0.34058771736737836,0.6185890380805635,-0.3136077481840194,-0.3556900726392252,0.12258639665419327,-0.11982830728593441,-0.15257539071098394,-0.17084745762711864,-0.36611930442438917,-0.22809156944750164,0.14634382566585957,0.4455271846797271,0.15571428571428572,-0.14224961479198767,-0.4661831388950033,-0.2330244331939247,0.19687431212854942,0.15604666519920757,-0.5704204270305965,0.2127933083865287,-0.31737838432753684,-0.07511996478098174,-0.3890821043363416,-0.11412502751485802,-0.05786484701738939,-0.2909267004182258,-0.18761611270085846,0.1591305304864627,0.2436979969183359,0.17307506053268765,-0.14310807836231565,-0.2380607528065155,-0.3195443539511336,0.11494607087827427,-0.14167510455646048,-0.029881135813339205,0.11760070438036539,0.04359454105216817,0.30380805635042923,-0.2560004402377284,-0.28870570107858246,0.3651353731014748,0.07038961038961039,0.7654479418886199,0.5533193924719348,0.4950473255558001,0.650116662998019,0.6955161787365177,0.5252212194585076,0.7815232225401717,0.5731410961919436,0.5889962579793089,0.5686902927580894,-0.1508958837772397,-0.08451904028175215,-0.2767180277349769,-0.341666299801893
#13,0.6063636363636363,0.31315870570107857,0.6873673783843275,1.0,0.3014725952014088,0.3357825225621836,-0.04337222099933964,0.09344926260180497,-0.0475346687211094,0.43949592780101254,0.17392912172573188,0.09919656614571869,0.2162029495927801,-0.010321373541712526,-0.17023992956196346,0.02138895003301783,0.7143583535108959,0.604785384107418,-0.1826766453885098,-0.39569227382786704,-0.24182258419546554,-0.0995773717807616,-0.05322914373761831,-0.19799471714725952,-0.07181157825225622,-0.157673343605547,0.3548712304644508,0.25029275808936824,0.15397974906449483,0.0029782082324455207,0.3562931983270966,0.17403257759189963,0.3380079242791107,0.12904688531807176,-0.034701738939027074,0.08455425930002201,0.08335020911292097,0.007136253576931543,0.10004402377283733,0.22663438256658597,0.1283248954435395,-0.04712965001100594,0.10973365617433414,-0.043152102135152984,-0.31731454985692276,-0.13973805855161786,0.5518754127228703,0.3799581774158045,0.5106493506493507,0.2190116662998019,0.542821923838873,0.24938366718027735,0.3816817081223861,0.27171912832929784,0.16432093330398415,0.26682808716707024,-0.40315430332379487,-0.4231168831168831,0.1404160246533128,-0.01987012987012987,-0.19682808716707023,-0.3274224081003742,-0.1837574290116663,-0.08025093550517279,0.3253334800792428,0.3356130310367598,0.07485582214395774,-0.18732115342284833,-0.24402377283733215,-0.1581399955976227,0.05955976227162668,0.02208232445520581,-0.6393484481620075,0.07589698437156064,-0.39665419326436274,-0.2669249394673123,-0.32053709002861547,-0.2696500110059432,0.013048646268985251,-0.020059432093330398,-0.39755007704160245,-0.023852080123266565,0.2769865727492846,-0.12560642747083425,-0.13511776359233987,-0.27387629319832707,-0.29242791107197885,0.12683248954435394,0.09050187101034558,-0.10309487123046446,0.1499735857362976,-0.026740039621395553,0.3346687211093991,-0.20764252696456087,-0.19672903367818623,0.21734536649790887,0.07990975126568346,0.5817477437816421,0.5327206691613471,0.4235857362976007,0.5251904028175215,0.5385428131190843,0.27834250495267443,0.544505833149901,0.3830046224961479,0.3903808056350429,0.34855381906229366,-0.21248954435395112,-0.14369579572969404,-0.2523222540171693,-0.24166629980189303
#17,0.24099933964340745,0.14018269865727492,0.27069117323354613,0.3014725952014088,1.0,0.40861985472154966,0.20810257539071098,0.025681267884657716,-0.07253356812678846,0.005566806075280651,0.02359674224081004,0.42149900946511115,0.2625974025974026,0.06319612590799031,-0.0862029495927801,0.1646335020911292,0.2927690953114682,0.3553532907770196,-0.1617213295179397,-0.2649438696896324,-0.2014968082764693,0.05158045344486022,-0.005901386748844376,0.08436935945410522,0.03706361435174994,0.0413977547875853,0.04451023552718468,0.02147919876733436,0.22888179616993176,0.09802773497688752,0.2557208892802113,0.016020250935505173,0.306847897864847,0.1791173233546115,0.035683469073299584,-0.08853180717587497,0.1633942328857583,-0.07165089148139996,0.26446401056570545,0.19681047765793527,0.2671384547655734,0.09488003521901826,0.29180717587497246,0.06647369579572969,0.04312128549416685,0.14511996478098174,0.12226502311248073,0.10187321153422849,-0.06402817521461589,-0.03146379044684129,0.24832049306625578,0.020094651111600265,0.178333700198107,0.1452740479859124,0.21961699317631522,0.16607528065155183,-0.37512656834690733,-0.2990138674884438,0.16845476557340963,0.040055029716046665,-0.16003521901826986,-0.3411358133392032,-0.1531036759850319,-0.05442659035879375,0.029665419326436276,-0.08431432973805855,0.11696235967422408,-0.057094430992736075,-0.05296720228923619,-0.1590314769975787,-0.028626458287475235,0.06664098613251156,-0.20813119084305526,-0.1491701518820163,-0.36712965001100595,-0.3394805194805195,-0.2916795069337442,-0.4203103675985032,0.11843715606427471,0.12803874092009684,-0.027506053268765134,0.27207351970063837,0.3500638344706141,0.20438917015188202,0.346418666079683,-0.1565331278890601,-0.2656306405458948,0.16761171032357472,0.2476205150781422,0.05926700418225842,0.36020911292097735,-0.13222540171692715,0.17075280651551838,-0.21401276689412282,-0.27235527184679725,0.09864626898525204,-0.18024873431653093,0.3406229363856482,0.12749064494827206,0.2338498789346247,0.11979528945630641,0.3700594320933304,0.2579903147699758,0.307442218798151,0.2734536649790887,0.2568875192604006,0.1945740699977988,-0.28970063834470616,-0.2584415584415584,-0.15558441558441558,-0.2161831388950033
#18,0.25653753026634385,0.2684503631961259,0.41455205811138013,0.3357825225621836,0.40861985472154966,1.0,0.07093990755007704,0.0057252916574950475,-0.01524323134492626,0.2044045784723751,0.16847897864847017,0.38604226282192383,0.42977988113581334,0.1896896324014968,0.0661831388950033,0.07799251595861766,0.41584855822143957,0.39116442879154745,-0.13972705260840854,-0.14813999559762273,-0.24573849878934625,0.02787805414924059,0.06759630200308167,0.10426370239929562,0.04393132291437376,-0.026167730574510235,0.12054149240589919,0.03218798151001541,0.1985758309487123,-0.027640325775918996,0.3628087167070218,0.17305965221219458,0.2731234866828087,0.35882236407660134,0.08041162227602905,-0.11415144177856042,0.032863746423068455,0.14010345586616774,0.22760510675764914,0.14563724411182039,0.28990975126568347,-0.04114241690512877,0.11233766233766233,0.16171472595201408,-0.016583755227823023,0.028723310587717366,0.26807836231565046,0.2090248734316531,-0.013064054589478319,-0.023048646268985253,0.3243847677745983,0.1266255778120185,0.2046004842615012,0.14911292097732776,0.1289720449042483,0.2487343165309267,-0.29684569667620514,-0.17015408320493067,0.1468831168831169,0.072326656394453,-0.08496588157605106,-0.2663812458727713,0.11366938146599163,0.02205150781421968,-0.10898305084745763,0.07293198327096632,0.12063614351749945,-0.09464891041162228,-0.0877129650011006,-0.062755888179617,-0.06425489764472815,-0.06504072198987453,-0.38498789346246975,-0.35047985912392693,-0.3249262601804975,-0.301023552718468,-0.317985912392692,-0.3508694695135373,0.3645102355271847,-0.03367598503191724,-0.07543913713405238,0.5245278450363197,0.17683469073299582,0.3525753907109839,0.3791613471274488,-0.19316971164428792,-0.23937486242570988,0.29084085406119303,0.17539511336121505,0.07376843495487563,0.30943649570768217,-0.14012546775258639,0.11248954435395113,-0.19091349328637464,-0.1656900726392252,0.2366718027734977,0.048575830948712304,0.296847897864847,0.20521681708122386,0.25025974025974024,0.24590138674884437,0.5185274047985913,0.20646709222980408,0.3829627999119525,0.10894122826326216,0.30060752806515517,0.13241030156284395,-0.19642526964560864,-0.14550517279330838,-0.10150341184239489,-0.12111600264142637
#26,0.24867708562623816,0.3418600044023773,0.2038366718027735,-0.04337222099933964,0.20810257539071098,0.07093990755007704,1.0,0.3661171032357473,0.3494144838212635,0.4725093550517279,0.47933303984151443,0.3845784723750825,-0.036821483601144615,0.5532577591899626,-0.052097732775698874,0.10739159145938806,0.08632621615672463,0.20303103675985032,-0.32744441998679286,-0.029865727492846137,0.18740699977988112,-0.18114902047105436,-0.2160312568787145,-0.0683711204050187,-0.2788531807175875,-0.3668567026194145,-0.155016508914814,-0.08223640766013647,-0.14826986572749284,-0.27168170812238607,0.25178296279991197,0.030261941448382127,0.32968082764692935,0.2069733656174334,-0.2777173673783843,-0.2943363416244772,-0.06413823464670922,-0.1619458507594101,-0.14948932423508696,-0.44778120184899844,-0.14606207351970063,-0.1354391371340524,0.026018049746863305,-0.07564164648910411,-0.041197446621175436,-0.16932203389830508,-0.11820603125687872,-0.035672463130090246,-0.12817081223860885,0.20130970724191063,0.11327316751045564,0.08303764032577592,0.1090710983931323,0.1907440017609509,0.14617213295179396,0.18197226502311248,-0.18872331058771738,-0.2127690953114682,-0.13584415584415585,-0.4846951353731015,0.07462029495927801,-0.001961259079903148,-0.12230244331939247,0.008562623816861105,-0.06601144618093771,0.018375522782302443,0.1781201848998459,0.49198327096632183,-0.02993616552938587,-0.06425930002201188,0.40171692714065593,0.3915100154083205,0.09862425709883336,0.18940127668941228,-0.05218578032137354,0.03288795949812899,-0.23483381025753908,-0.19220779220779222,0.04710543693594541,-0.3655954215276249,0.0435329077701959,-0.03803653973145499,-0.023904908650671363,0.29056350429231786,0.3280761611270086,0.19679286814880034,-0.028434954875632842,-0.2328021131410962,-0.14432093330398416,-0.008813559322033898,-0.3205062733876293,0.011873211534228484,-0.22438036539731454,-0.10023332599603786,-0.03349108518600044,0.07552278230244332,-0.28255337882456527,0.06697336561743342,-0.17553819062293638,-0.11822143957737179,0.04693594541052168,0.07222540171692714,0.18368919216376844,0.14835351089588378,0.20244992295839753,0.13889720449042484,0.17374422187981511,-0.07458727712965,-0.10706361435174995,-0.12333700198106978,-0.167607307946291
#49,0.5410785824345147,0.11040281752146158,0.21648470173893902,0.09344926260180497,0.025681267884657716,0.0057252916574950475,0.3661171032357473,1.0,0.42041382346467093,0.5885186000440238,0.6480233325996038,0.2564406779661017,0.04916354831609069,0.349867928681488,-0.220132071318512,-0.2680145278450363,0.33087607307946293,0.291386748844376,-0.2456350429231785,-0.10436055469953776,-0.10981069777679947,-0.33558661677305746,-0.15751045564604887,-0.09927140655954216,-0.1237376183138895,-0.18642306845696677,0.14192163768434954,0.1738432753686991,-0.27389390270746206,-0.21771076381245874,0.16198547215496367,0.31418225841954656,0.24682148360114461,0.08842615012106537,-0.22390710983931322,-0.15312788906009245,-0.03630640545894783,-0.3018181818181818,-0.05106977767994717,-0.3895113361215056,-0.2597644728153203,-0.19885978428351309,-0.05106317411402157,-0.15260840854061192,-0.1729936165529386,-0.3499735857362976,0.2962733876293198,0.29511996478098174,0.1172837332159366,0.14873651771956856,0.21677085626238168,0.2065793528505393,0.1122143957737178,0.1627492846136914,0.04143297380585516,0.07675985031917236,-0.0916090688972045,-0.4786044464010566,-0.034085406119304426,-0.3845344486022452,-0.01657935285053929,-0.04968082764692934,-0.08735857362976007,-0.12199427690953114,0.20319392471934844,0.2796610169491525,-0.11600044023772837,-0.025401716927140657,-0.0771978868589038,-0.1213845476557341,0.3655866167730574,0.34266784063394234,0.0813779440898085,0.34563504292317854,0.020312568787145057,0.16525203609949374,-0.3302179176755448,-0.12189082104336342,0.009977988113581334,-0.3609222980409421,0.0500066035659256,-0.0512194585075941,-0.015615232225401716,0.1439753466872111,0.15345806735637244,0.08069117323354612,-0.10262601804974686,-0.07609509134932864,-0.11262821923838873,-0.016773057451023553,-0.3136495707682148,0.00224521241470394,0.03170592119744662,-0.1824389170151882,-0.18766233766233767,0.25278450363196125,0.04589478318291878,0.1935923398635263,0.009808496588157606,0.09694695135373102,0.25252036099493724,0.22397534668721109,0.3058001320713185,0.13138234646709224,0.18556460488663878,0.07437156064274708,0.14352850539291218,-0.1313185119964781,0.02565925599823905,-0.22263922518159807,-0.3344287915474356
#50,0.22049526744442,0.3320691173233546,0.08540832049306625,-0.0475346687211094,-0.07253356812678846,-0.01524323134492626,0.3494144838212635,0.42041382346467093,1.0,0.47596742240810036,0.3753664979088708,0.1580233325996038,-0.15969843715606427,0.45169051287695355,-0.015254237288135594,-0.11602245212414704,0.09574069997798812,0.05750605326876514,-0.10336781862205591,0.06414043583535109,0.07680167290336781,-0.23702619414483822,-0.11451683909311028,-0.1669557561082985,-0.08355051727933084,-0.18802553378824566,-0.22366497908870792,-0.21480079242791109,-0.10696676205150782,-0.30460488663878493,0.03858243451463791,0.04843935725291657,0.013145498569227382,0.17205370900286154,-0.10683028835571208,-0.07776359233986353,0.09859123926920538,0.13013427250715387,0.18205370900286155,-0.15287915474356154,-0.17411182038300682,-0.10817301342725072,-0.1290688972044904,0.0386550737398195,-0.12178736517719568,-0.10647589698437156,-0.1188135593220339,-0.11981069777679947,-0.10290997138454766,-0.07877613911512217,-0.13896984371560642,-0.0549438696896324,-0.1556350429231785,-0.10289676425269646,0.03814880035219018,0.017823024433193925,0.034069997798811355,-0.045817741580453444,-0.10099493726612371,-0.282458727712965,-0.02756548536209553,0.169306625577812,-0.059088707902267223,-0.02074620294959278,-0.15155844155844156,0.04066916134712745,0.25524983491085185,0.14902927580893682,-0.003999559762271627,0.12968743121285495,0.2185031917235307,0.23349988994056792,0.21513097072419107,0.3680761611270086,0.1892868148800352,0.2613977547875853,-0.05616552938586837,0.0612062513757429,0.10820603125687872,-0.22790226722430112,0.13650231124807397,-0.07134712744882236,-0.2738036539731455,0.24816200748404138,0.05030816640986133,0.08861985472154964,0.060488663878494386,-0.00775478758529606,-0.22271406559542153,-0.04088267664538851,-0.4164010565705481,0.03131410961919436,0.015480959718247854,-0.07151441778560423,-0.0835130970724191,0.09751705921197447,0.01851199647809817,-0.04619414483821264,-0.19779440898084966,-0.13619854721549637,0.1134470614131631,0.019828307285934405,0.15905348888399737,-0.018355712084525643,0.06808276469293419,0.06443759630200308,0.04955315870570108,-0.020354391371340524,0.06530926700418226,-0.0325775918996258,-0.08213735417125248
#51,0.6256394453004622,0.4953642967202289,0.5340567906669602,0.43949592780101254,0.005566806075280651,0.2044045784723751,0.4725093550517279,0.5885186000440238,0.47596742240810036,1.0,0.6001100594320933,0.1917543473475677,0.11005062733876293,0.48225621835791327,-0.1722474136033458,-0.13975566806075282,0.5928769535549197,0.5208760730794629,-0.3153841074180057,-0.2699141536429672,-0.0337508254457407,-0.29549416685009905,-0.054910851860004405,-0.11700638344706141,-0.11517279330838653,-0.3243319392471935,0.33276689412282634,0.24779440898084965,-0.13696456086286596,-0.3430794629099714,0.37306405458947833,0.2200396213955536,0.47822804314329737,0.3193374422187982,-0.24590358793748623,-0.2163218137794409,0.11581994276909531,-0.132656834690733,0.12322033898305085,-0.23768214836011445,-0.09925599823904908,-0.2867884657715166,0.03589258199427691,-0.07566365837552279,-0.21694475016508916,-0.32033898305084746,0.3314571868809157,0.23987233105877173,0.2921153422848338,0.2200594320933304,0.3361501210653753,0.14220118864186662,0.320924499229584,0.2653334800792428,0.18663438256658596,0.35095311468192825,-0.24983270966321813,-0.4969381465991635,-0.025870570107858242,-0.2769689632401497,-0.09198547215496368,-0.1443495487563284,-0.30832269425489767,-0.254290116662998,0.2328351309707242,0.34250715386308606,-0.05212194585075941,0.045049526744442,-0.26659035879374865,-0.22513757429011666,0.3026634382566586,0.22244772176975566,-0.2957230904688532,0.2720427030596522,-0.17755888179616994,0.006057671142416905,-0.40396213955535987,-0.16705921197446622,0.09896324014968083,-0.4213405238828968,-0.13684349548756328,-0.17695135373101475,-0.042463130090248734,0.125016508914814,-0.00475016508914814,-0.07091349328637464,-0.22366057671142417,-0.09579793088267664,-0.14177195685670263,-0.18533127889060091,-0.2913163108078362,-0.13798811358133392,0.04682588597842835,-0.2513251155624037,-0.17284613691393352,0.3987805414924059,0.002161567246313009,0.39357252916574953,0.17130310367598503,0.22211974466211754,0.47778340303764033,0.42215716486902927,0.26136913933524103,0.3803367818622056,0.39659696235967423,0.32957737178076163,0.3818379925159586,-0.21592119744662117,-0.051223860884877834,-0.26833590138674884,-0.2969887739379265
#52,0.5653863086066476,0.2745366497908871,0.273152102135153,0.17392912172573188,0.02359674224081004,0.16847897864847017,0.47933303984151443,0.6480233325996038,0.3753664979088708,0.6001100594320933,1.0,0.4201364736957957,0.09022232005282853,0.5227426810477658,-0.18002421307506053,-0.1375346687211094,0.27046445080343384,0.38287915474356154,-0.3125269645608629,-0.15366057671142416,-0.03576711424169051,-0.16519920757208892,-0.140297160466652,-0.008272066916134713,-0.14667620515078142,-0.17302223200528286,-0.05453004622496148,0.039705040721989875,-0.21275148580233327,-0.30467092229804094,0.25529165749504734,0.27231785163988553,0.4669865727492846,0.21408540611930443,-0.3094827206691613,-0.1935263042042703,0.00975346687211094,-0.32668721109399074,-0.016440677966101696,-0.2576931543033238,-0.25184679727052606,-0.33713625357693155,-0.06776139115122166,-0.34041162227602906,-0.15578472375082544,-0.35090688972044903,0.09705921197446621,0.19501871010345587,-0.06760510675764914,0.09848998459167951,0.09670482060312569,0.0874356152322254,0.03440017609509135,0.22754347347567686,0.032775698877393795,0.12411842394893242,-0.09012106537530266,-0.28637904468412945,-0.07058771736737839,-0.35503852080123266,0.07384547655734096,-0.04763812458727713,-0.07493506493506494,-0.13262821923838872,0.11982830728593441,0.17737398195025314,-0.01881135813339203,0.09363416244772177,-0.08270526084085406,-0.16916134712744882,0.3893220338983051,0.28301562843935724,0.02714946070878274,0.22261501210653753,-0.04346687211093991,0.11051727933083866,-0.1940876073079463,-0.0935461149020471,0.053508694695135375,-0.2471186440677966,-0.2024653312788906,0.062276029055690074,0.12930002201188642,0.1965265243231345,0.229966982170372,0.1350297160466652,-0.024910851860004402,-0.06770195905789127,-0.19674664318732116,-0.15690953114681927,-0.47716266784063394,-0.13781642086726834,-0.013248954435395113,0.001915034118423949,-0.08022011886418666,0.2508826766453885,0.08612810917895664,0.16215936605767114,0.1279176755447942,-0.0224851419766674,0.18699757869249395,0.2679396874312129,0.31798811358133394,0.19138895003301784,0.20049746863306186,0.16887079022672244,0.17785604226282192,-0.01680607528065155,0.0537706361435175,-0.06662998018930222,-0.1506581554039181
#53,0.3557605106757649,0.12998459167950693,0.16613911512216598,0.09919656614571869,0.42149900946511115,0.38604226282192383,0.3845784723750825,0.2564406779661017,0.1580233325996038,0.1917543473475677,0.4201364736957957,1.0,0.3768941228263262,0.28215716486902925,-0.09318511996478099,0.031760950913493284,0.13176975566806076,0.2051221659696236,-0.2603940127668941,-0.2113581333920317,-0.11894122826326216,-0.17790226722430114,-0.0005899185560202509,0.11886418666079683,0.015089148139995597,0.03065375302663438,-0.11914813999559762,0.060209112920977324,-0.049942769095311465,-0.0036693814659916357,0.057558881796169935,0.09900726392251816,0.340429231785164,0.3269359454105217,-0.07596302003081665,-0.287409200968523,-0.014899845916795069,-0.0949240589918556,-0.008659476117103236,-0.09849218578032137,0.07349108518600043,-0.10712304644508035,0.04322914373761831,-0.054096412062513755,-0.008549416685009905,-0.011910631741140217,-0.00524323134492626,0.12976007043803653,-0.27157825225621834,-0.08198106977767995,0.023638564825005502,0.0599867928681488,0.01642967202289236,0.11514637904468412,-0.03280211314109619,0.05814880035219018,-0.18084745762711865,-0.20101694915254237,0.020794629099713847,-0.2638961038961039,0.08723090468853181,-0.0926832489544354,-0.06834470614131631,0.0017829627999119523,-0.10430332379484922,-0.16890380805635044,0.10569007263922518,0.008729914153642966,-0.0009421087387189082,-0.16187321153422848,0.13078362315650452,0.08697556680607528,0.02988333700198107,-0.10110279550957517,-0.14801672903367818,-0.10998459167950693,-0.23123706801672902,-0.25526964560862864,0.1039951573849879,-0.05223640766013647,-0.005469953775038521,0.2726876513317191,0.29186880915694474,0.2803433854281312,0.6201276689412283,0.10199867928681489,-0.07989654413383226,0.03420867268324895,0.048947831829187764,0.27822804314329735,0.04200968523002421,-0.18539951573849878,0.1150561303103676,-0.07670482060312568,-0.11796610169491525,-0.02328857583094871,-0.10648910411622275,0.15252916574950473,-0.024142637023992955,0.11409200968523002,-0.021364736957957296,0.15946290997138454,0.14765573409641206,0.2179572969403478,0.17547435615232226,0.2149570768214836,0.13561523222540173,-0.08660356592559983,0.1318534008364517,-0.010039621395553599,-0.12875852960598724
#54,0.12286154523442659,0.20526524323134493,0.25302663438256656,0.2162029495927801,0.2625974025974026,0.42977988113581334,-0.036821483601144615,0.04916354831609069,-0.15969843715606427,0.11005062733876293,0.09022232005282853,0.3768941228263262,1.0,0.1678120184899846,-0.03469073299581774,-0.16907109839313228,0.21323794849218577,0.2514593880695576,-0.08046445080343385,-0.20471494607087828,-0.26393132291437377,-0.1411005943209333,-0.006147919876733436,0.035850759410081444,-0.0031961259079903146,-0.041450583314990096,0.29759850319172354,0.271732335461149,0.14171032357473035,0.07104556460488663,0.27508474576271186,0.14050627338762933,0.2148976447281532,0.3227206691613471,-0.05329958177415804,-0.13614791987673344,0.10521021351529826,-0.018062953995157387,0.017012987012987014,0.09913273167510456,0.0872705260840854,-0.04444640105657055,0.16352850539291217,0.02841074180057231,0.043473475676865506,-0.012626018049746864,0.33987233105877174,0.3801056570548096,0.07964560862865948,0.08025974025974025,0.3011754347347568,0.18911071978868588,0.24480739599383666,0.2039027074620295,0.015520581113801453,0.11134052388289677,-0.22751045564604885,-0.2494408980849659,-0.0811996478098173,-0.014556460488663879,-0.19321813779440897,-0.22576491305304863,0.077574290116663,-0.05230024213075061,-0.031243671582654634,0.007679947171472595,-0.10429672022892363,-0.06782742681047765,-0.09848998459167951,-0.17427030596522122,-0.12251815980629539,-0.14631961259079904,-0.2504754567466432,-0.11154083204930662,-0.17903147699757868,-0.24272727272727274,-0.30555139775478757,-0.3306119304424389,0.17352410301562843,-0.044415584415584415,-0.0009068897204490425,0.21643187321153423,0.12276469293418446,0.3331300902487343,0.4303940127668941,-0.15500550297160468,-0.2823244552058111,0.022020691173233548,0.18071538630860665,0.3340149680827647,0.45494607087827427,0.14083865287255118,0.169372661237068,-0.29022892361875413,-0.33084085406119307,0.02178516398855382,-0.1804094210873872,0.23488003521901826,0.23229143737618313,0.26503191723530706,0.18092449922958398,0.4187937486242571,0.05146819282412503,0.26349768875192603,0.1374158045344486,0.1911798371120405,0.26858683689192164,-0.1187012987012987,-0.039658815760510675,-0.29583975346687214,-0.3297732775698877
#58,0.3061104996698217,0.4687695355491966,0.24675324675324675,-0.010321373541712526,0.06319612590799031,0.1896896324014968,0.5532577591899626,0.349867928681488,0.45169051287695355,0.48225621835791327,0.5227426810477658,0.28215716486902925,0.1678120184899846,1.0,-0.15658375522782303,-0.2915232225401717,0.1564340744001761,0.20749284613691393,-0.307211093990755,-0.08915474356152323,-0.12233766233766234,-0.3205591019150341,-0.027770195905789125,-0.019575170592119745,-0.13722209993396434,-0.23585736297600704,0.04639225181598063,0.08461149020471054,-0.2169953775038521,-0.2788663878494387,0.2462623816861105,0.08828307285934404,0.3568897204490425,0.3645168390931103,-0.1891943649570768,-0.28598283072859343,0.050614131631080785,-0.06289236187541272,0.0072110939907550076,-0.3058067356372441,-0.20120845256438477,-0.2798591239269205,-0.0634338542813119,-0.18885097952894564,0.08454985692273828,-0.2311666299801893,0.10670041822584196,0.13882236407660137,-0.04266784063394233,0.13271186440677965,0.112920977327757,0.1854831609068897,0.13839093110279552,0.2815606427470834,0.042174774378164206,0.16157164869029275,-0.11902047105436936,-0.26010345586616773,-0.07046665199207572,-0.3085890380805635,0.13837992515958616,0.0810675764913053,-0.07820603125687871,-0.08468853180717588,-0.07092890160686771,0.11591459388069558,0.1788003521901827,0.3093792648029936,-0.1209817301342725,-0.023882896764252697,0.2747655734096412,0.2592339863526304,-0.0007065815540391811,0.23328417345366498,0.05675544794188862,0.03595861765353291,-0.1778186220559102,-0.15703940127668942,0.09794408980849659,-0.46525643847677745,-0.052648029936165526,0.04028835571208453,-0.11659035879374863,0.3690468853180718,0.2007373981950253,0.1513449262601805,-0.001813779440898085,-0.12682368478978648,-0.3035395113361215,0.08892141756548536,-0.12812678846577152,-0.018972044904248295,0.041014747963900505,-0.045874972485141975,-0.06059211974466212,0.28797710763812456,-0.15233105877173675,0.1199933964340744,-0.01198547215496368,0.08359013867488443,0.278003521901827,0.30569227382786707,0.17844155844155843,0.25226282192383886,0.2253731014747964,0.36223860884877834,0.33131190843055247,0.1187211093990755,0.09563504292317852,-0.07021351529826106,-0.10402377283733216
#101,-0.24039401276689412,-0.16798811358133392,-0.4398767334360555,-0.17023992956196346,-0.0862029495927801,0.0661831388950033,-0.052097732775698874,-0.220132071318512,-0.015254237288135594,-0.1722474136033458,-0.18002421307506053,-0.09318511996478099,-0.03469073299581774,-0.15658375522782303,1.0,0.389801893022232,-0.12082544574069998,-0.5232027294739159,0.506797270526084,0.27274488223640764,0.6711204050187101,0.24302223200528286,0.17084525643847678,0.03291657495047325,0.3154083204930663,0.0007373981950253137,-0.17780321373541713,-0.48359013867488443,0.4036231565045124,0.07161787365177195,-0.3482478538410742,-0.32956196346026856,-0.33545454545454545,-0.27064274708342506,0.2750869469513537,0.06587057010785824,0.04618093770636143,0.20175874972485142,0.03941448382126348,-0.12924719348448163,0.22555580013207133,0.22010785824345147,-0.09377503852080123,0.2741998679286815,0.12623376623376623,0.48278450363196124,-0.26822584195465554,-0.32985692273827866,-0.3784107418005723,-0.30128989654413385,-0.30345806735637243,-0.2918666079683029,-0.32537750385208014,-0.5062337662337663,-0.09996257979308827,-0.3405128769535549,0.12120845256438477,0.18676425269645608,-0.1943913713405239,-0.04730794629099714,-0.0698547215496368,-0.18016068677085625,0.5022980409421087,0.41473475676865507,-0.2503565925599824,-0.415941008144398,0.11591019150341184,0.1568743121285494,0.4869931763152102,0.13163988553819062,-0.11163768434954875,-0.22587717367378385,0.19439797490644947,-0.32528285274047986,0.10346246973365618,-0.2552982610609729,-0.05993616552938587,-0.28600484261501213,0.38141976667400396,0.2757979308826766,-0.04958177415804534,0.053889500330178294,-0.1411336121505613,-0.15313889500330177,0.18418886198547216,-0.1706119304424389,-0.12283733215936606,0.02237508254457407,0.2165331278890601,0.10085186000440238,0.12132071318511997,-0.3288685890380806,-0.2437508254457407,-0.1073893902707462,0.13115782522562183,-0.1449702839533348,-0.09844596081884217,-0.46367598503191726,-0.4914924058991856,-0.3910345586616773,-0.4690688972044904,-0.31347127448822365,-0.3750605326876513,-0.28973145498569225,-0.42905348888399736,-0.2729605987233106,-0.4888091569447502,-0.0538234646709223,-0.13703059652212193,-0.054761171032357475,0.060398415144177854
#102,-0.14406999779881136,-0.024074400176095093,-0.12287695355491966,0.02138895003301783,0.1646335020911292,0.07799251595861766,0.10739159145938806,-0.2680145278450363,-0.11602245212414704,-0.13975566806075282,-0.1375346687211094,0.031760950913493284,-0.16907109839313228,-0.2915232225401717,0.389801893022232,1.0,-0.05050187101034559,-0.04303323794849218,0.34968743121285495,0.37593660576711424,0.46344486022452125,0.702227602905569,-0.16265243231344925,-0.10337662337662337,0.1209949372661237,0.12887079022672243,-0.3674488223640766,-0.2575346687211094,0.46471054369359455,0.20356812678846578,-0.021307506053268765,-0.2684613691393352,-0.16049086506713625,-0.06481840193704601,0.11363636363636363,0.165016508914814,0.11580233325996038,0.18026194144838212,0.10981950253136694,0.23009465111160027,0.28133171912832927,0.33243011226062075,0.11939027074620295,0.3226590358793749,-0.029608188421747745,0.4106911732335461,-0.48508694695135374,-0.43617873651771955,-0.40948932423508694,-0.2554171252476337,-0.3097204490424829,-0.3245982830728593,-0.3767620515078142,-0.26976667400396215,0.0175280651551838,0.011131410961919436,-0.30954215276249175,0.2276799471714726,0.069966982170372,-0.014644508034338543,-0.14281091789566366,-0.23816640986132512,0.025522782302443318,0.19051287695355493,0.13422187981510014,-0.18082984811798372,0.22934624697336561,0.06030376403257759,0.4550429231785164,0.19802553378824564,0.2611798371120405,0.240198106977768,0.0019788685890380804,-0.24822584195465552,-0.3227360774818402,-0.2724058991855602,-0.07713625357693155,-0.1982588597842835,0.04545014307726172,0.37647149460708784,-0.1293748624257099,-0.029399075500770415,0.13142637023992956,-0.1924851419766674,0.05004182258419546,-0.1305789126128109,-0.11840193704600484,-0.1257340964120625,0.31864406779661014,-0.19465111160026413,-0.09669601584855822,-0.1847919876733436,-0.19855381906229363,0.07694034778780541,0.12417125247633722,-0.03906449482720669,0.2205480959718248,-0.2758023332599604,-0.15810477657935285,-0.35631961259079903,-0.44809817301342725,-0.18190402817521462,-0.32016288795949815,-0.2782258419546555,-0.26067576491305305,-0.24572529165749504,-0.37679947171472594,-0.3357032797710764,-0.5370239929561963,0.16242350869469513,0.11565925599823905
#201,0.6180299361655294,0.3029672022892362,0.5649108518600044,0.7143583535108959,0.2927690953114682,0.41584855822143957,0.08632621615672463,0.33087607307946293,0.09574069997798812,0.5928769535549197,0.27046445080343384,0.13176975566806076,0.21323794849218577,0.1564340744001761,-0.12082544574069998,-0.05050187101034559,1.0,0.5603059652212194,-0.21254897644728155,-0.3511644287915474,-0.20453224741360335,-0.1719370460048426,0.07693374422187982,-0.03926480299361655,0.12254017169271407,-0.10133612150561302,0.3835725291657495,0.23965001100594321,0.14836231565045124,-0.11567466431873212,0.4616420867268325,0.17537530266343826,0.41318071758749725,0.22362315650451245,-0.12716486902927582,-0.060748404138234645,0.04219018269865728,-0.04421087387189082,0.16891041162227602,0.052234206471494606,0.07910411622276028,-0.10171032357473035,0.08317411402157165,-0.13417565485362096,-0.24521021351529826,-0.19627779000660356,0.5221395553598943,0.3265309267004182,0.3530178296279991,0.09952894563064055,0.4260708782742681,0.06465771516618975,0.3295993836671803,0.18478758529605988,0.1269359454105217,0.2642328857583095,-0.4348756328417345,-0.5426018049746864,0.15460488663878494,-0.03842615012106537,-0.08407219898745323,-0.2422011886418666,-0.278498789346247,-0.23589038080563504,0.37264582874752367,0.28925159586176535,0.0388928021131411,-0.2196500110059432,-0.22447061413163108,-0.2229980189302223,0.14598062953995158,0.14870570107858244,-0.4832071318511996,0.0027074620294959277,-0.4282214395773718,-0.24927360774818402,-0.39472815320272947,-0.2898459167950693,0.22044904248294078,-0.20530266343825665,-0.2590710983931323,-0.017362976007043805,0.10082104336341624,-0.01401056570548096,-0.04110939907550077,-0.18301782962799912,-0.23443099273607748,0.10332379484921858,-0.017270526084085407,-0.08777459828307287,-0.04896103896103896,-0.061281091789566366,0.15406339423288576,-0.1494519040281752,-0.17373981950253137,0.4645410521681708,0.17194585075941007,0.5348910411622276,0.31494166850099053,0.43690732995817744,0.49163108078362316,0.578120184899846,0.26028615452344267,0.4152212194585076,0.35038520801232664,0.44848117983711205,0.30720669161347125,-0.21473475676865508,-0.09863306185340083,-0.19474576271186442,-0.2155756108298481
