,#10,#11,#12,#13,#17,#18,#26,#49,#50,#51,#52,#53,#54,#58,#101,#102,#201,#202,#301,#302,#401,#402,#501,#502,#601,#602,#701,#702,#801,#802,#901,#902,#1001,#1002,#1101,#1102,#1201,#1202,#1301,#1302,#1401,#1402,#1501,#1502,#1601,#1602,#1701,#1702,#1801,#1802,#1901,#1902,#2001,#2002,#2101,#2102,#2201,#2202,#2301,#2302,#2401,#2402,#2501,#2502,#2601,#2602,#2701,#2702,#2801,#2802,#2901,#2902,#3001,#3002,#3101,#3102,#3201,#3202,#3301,#3302,#3401,#3402,#3455,#3501,#3502,#3601,#3602,#3701,#3702,#3801,#3802,#3901,#3902,#4001,#4002,#4101,#4102,#4201,#4202,#4301,#4302,#4401,#4402,#4501,#4502,#4601,#4602,#4701,#4702,#4801,#4802
#10,1.0,0.05484041382346467,0.34625137574290116,0.3784173453664979,0.05917455425930002,0.08620074840413823,0.231996478098173,0.4043055249834911,-0.12818842174774378,0.3276315210213515,0.26088928021131413,0.031254677525863965,0.19224081003742022,-0.007318952234206471,-0.3942703059652212,-0.004761171032357473,0.3596302003081664,0.296766453885098,-0.20875192604006163,0.04484481620074841,-0.2723794849218578,-0.17486242570988333,-0.16992956196346026,-0.012819722650231125,-0.23943649570768216,-0.060638344706141316,0.00801452784503632,0.15929341844596082,0.09768214836011446,0.0637574290116663,0.06400616332819722,0.010882676645388509,0.19131410961919437,0.03886418666079683,0.21997138454765575,0.03635923398635263,-0.03964340744001761,-0.09674884437596303,-0.044840413823464674,-0.07942108738718909,-0.12762271626678406,0.2895729694034779,-0.19731014747963901,0.022733876293198327,-0.2313779440898085,-0.08489984591679507,-0.1992802113141096,-0.02053709002861545,0.16273607748184019,0.11456526524323135,0.19700198106977768,0.2994210873871891,0.15670922298040943,-0.02778120184899846,-0.1743715606427471,0.020662557781201848,-0.14738058551617875,-0.11460268545014307,-0.21470394012766894,-0.15336561743341404,0.08102575390710984,0.21790666960158486,0.05906669601584856,-0.10798811358133392,0.3592449922958397,0.07835351089588377,-0.03214836011446181,0.0013295179396874313,-0.022747083425049528,0.12276249174554259,0.19028175214615892,0.1991569447501651,-0.2674224081003742,0.17751705921197447,0.0437244111820383,0.08786924939467312,0.1451882016288796,0.12060972925379705,-0.33881576051067575,-0.020548095971824786,-0.055610829848117986,-0.15270966321813778,-0.2935681267884658,0.23582434514637904,0.02022672243011226,0.1407968302883557,0.14088487783403036,-0.06471494607087827,-0.006960158485582214,-0.12370680167290336,-0.17379484921857805,0.03600924499229584,-0.10314990094651112,0.031047765793528505,-0.06801452784503632,-0.00787805414924059,-0.033759630200308165,0.25022892361875415,0.39441998679286816,0.11376623376623377,0.2267180277349769,0.3272243011226062,0.31100594320933306,0.2827624917455426,0.1687409200968523,0.2552410301562844,0.14840854061193046,0.20378164208672683,0.1403499889940568,0.046040061633281976,0.024827206691613472
#11,0.05484041382346467,1.0,0.27138674884437597,0.17279110719788685,0.02724191063174114,0.02611930442438917,0.3156218357913273,-0.033178516398855384,0.11704160246533128,0.359603786044464,0.15969403477878055,-0.026614571868809157,0.08036319612590799,0.14309707241910632,-0.03935064935064935,0.3874950473255558,0.18629760070438037,0.020717587497248516,0.0972705260840854,0.11552058111380145,-0.09791327316751046,0.21045344486022452,-0.3839665419326436,0.07823684789786485,-0.3226744441998679,0.07754347347567686,-0.10305745102355272,0.08292978208232446,-0.023902707462029497,-0.12101034558661677,0.025146379044684128,-0.046792868148800355,-0.020244331939247195,-0.05815100154083205,-0.16517499449702838,-0.0912260620735197,-0.27604666519920756,-0.03563284173453665,-0.2422011886418666,-0.0926832489544354,-0.08665639445300462,0.10456526524323134,0.09753907109839313,0.10493286374642306,0.07926040061633281,0.17106537530266344,-0.048965441338322695,-0.12511116002641426,0.02652872551177636,-0.03518600044023773,0.2254655513977548,0.17652432313449262,0.13368919216376843,0.21132731675104557,-0.3418556020250936,0.08648250055029716,-0.1252278230244332,-0.07666079683028836,-0.12666960158485582,0.06682808716707021,-0.30642306845696676,-0.14034558661677304,-0.28624697336561744,0.010325775918996258,0.008375522782302443,0.2729914153642967,0.11160466651992075,0.02362755888179617,0.19062293638564826,0.16442438917015187,0.2639203169711644,0.2663812458727713,0.032586396654193266,0.02428351309707242,-0.1211534228483381,-0.02302443319392472,-0.19690292758089367,-0.16193264362755888,-0.1862557781201849,0.2931036759850319,0.17028835571208453,0.0795971824785384,0.19356812678846577,0.0136979969183359,0.05700198106977768,-0.1656284393572529,-0.18093770636143516,-0.1922870349988994,0.02907109839313229,-0.09027074620294959,-0.003204930662557781,-0.2022209993396434,-0.07244992295839753,-0.09132291437376183,-0.14341844596081885,-0.13180277349768876,-0.09677305745102355,0.12102575390710985,0.1833766233766234,0.15575830948712305,0.20041162227602904,0.07078362315650451,0.019528945630640546,0.09219018269865728,-0.12746643187321152,0.10456746643187322,0.05700858463570328,-0.24325996037860445,-0.02850759410081444,-0.1804732555580013,-0.3056548536209553
#12,0.34625137574290116,0.27138674884437597,1.0,0.4594122826326216,0.22307285934404578,0.2703433854281312,0.05114241690512877,0.1500726392251816,-0.11212414703940128,0.2578978648470174,0.21898084965881576,0.06066255778120185,0.17588157605106758,0.06084085406119304,-0.20473915914593882,0.28257318952234206,0.513218137794409,0.549801893022232,-0.1137376183138895,-0.28804314329738057,-0.3984701738939027,-0.0502047105436936,-0.06735197006383448,-0.19246092890160688,-0.2529605987233106,0.047034998899405676,0.38172793308386527,0.5628725511776359,-0.027510455646048867,-0.037578692493946735,0.07105216817081224,-0.12686550737398194,0.11159806295399516,-0.21029936165529386,-0.09181377944089808,-0.1100264142637024,-0.4842218798151002,-0.2224719348448162,-0.20361435174994497,-0.30879815100154084,-0.34953114681928243,0.3087805414924059,-0.14377944089808498,-0.11234426590358794,0.08739819502531367,0.13187541272287034,-0.08171032357473035,0.20580453444860225,0.408580233325996,0.5090710983931322,0.5718842174774378,0.6633480079242791,0.4841184239489324,0.29413823464670924,-0.26882456526524323,-0.08528505392912172,-0.07825665859564164,-0.31819722650231125,-0.1198547215496368,0.13304204270305967,-0.14538850979528944,0.003299581774158045,-0.43788906009244993,-0.03937046004842615,0.23828307285934405,0.1994320933303984,-0.026898525203609948,-0.1499735857362976,-0.2685274047985912,-0.045047325555800134,0.16150781421967864,0.14454325335681267,-0.4205679066696016,0.28079462909971387,-0.4839841514417786,-0.21054149240589917,-0.41773497688751926,-0.2768699097512657,-0.3159189962579793,0.13418666079683028,-0.017829627999119524,-0.16968743121285493,-0.019326436275588818,0.03782522562183579,-0.09088707902267225,-0.11765573409641206,-0.10026194144838213,-0.07130310367598504,-0.02521021351529826,-0.17236187541272288,-0.10055690072639226,-0.07308826766453885,0.16399735857362976,0.08309927360774819,0.00451023552718468,0.13088707902267224,-0.18775478758529607,0.5578098173013427,0.6166145718688092,0.4229407880255338,0.4710939907550077,0.6301871010345587,0.3286418666079683,0.31324014968082764,0.12867268324895442,0.3074686330618534,0.13630420427030596,-0.04808496588157605,0.019049086506713626,-0.06132951793968743,0.04298261060972925
#13,0.3784173453664979,0.17279110719788685,0.4594122826326216,1.0,0.0035020911292097732,0.1160774818401937,-0.03848998459167951,0.2313185119964781,-0.10406339423288576,0.3983138895003302,0.17837992515958617,-0.13174774378164208,0.03011666299801893,0.0970856262381686,-0.26947391591459385,0.0573497688751926,0.48581113801452785,0.25149240589918553,-0.15889500330178297,0.0055095751705921195,-0.3203103675985032,-0.16055029716046665,-0.26081884217477436,-0.19316971164428792,-0.3167576491305305,-0.15208012326656395,0.175313669381466,0.23235086946951353,0.04950253136693815,0.0025797930882676644,0.06846797270526084,0.25704380365397317,0.48214615892581997,0.0766123706801673,0.10102355271846797,-0.03635703279771076,-0.15120405018710104,-0.11462469733656175,-0.14755227823024433,-0.13584415584415585,-0.15264142637023992,0.060305965221219456,-0.17128989654413385,-0.1398547215496368,0.009165749504732555,-0.004219678626458287,0.1623200528285274,0.08629099713845477,0.25970504072198985,0.20260180497468633,0.25815100154083204,0.2767554479418886,0.22217257318952235,0.05208232445520581,-0.281963460268545,-0.12737838432753687,-0.14457186880915696,-0.061138014527845036,0.030107858243451465,0.02884437596302003,-0.2444089808496588,-0.14473475676865508,-0.122557781201849,-0.12659476117103236,0.39865727492846137,0.12815100154083206,0.025045124367158264,-0.02576271186440678,-0.07712084525643847,-0.01771736737838433,0.21061413163108078,0.17831609068897206,-0.20345146379044685,0.11337662337662338,-0.1494849218578032,0.0688531807175875,-0.2362095531587057,-0.1263218137794409,-0.27252696456086284,0.07400836451683909,-0.03745102355271847,-0.04317191283292978,-0.3141800572309047,0.11760950913493286,-0.212722870349989,-0.12518379925159587,-0.21148580233325995,-0.0423200528285274,0.17258639665419326,-0.3425709883337002,-0.06360114461809377,-0.0748646268985252,-0.08408760730794629,-0.08339643407440017,-0.1612326656394453,0.02905128769535549,0.044397974906449485,0.40299581774158044,0.3333568126788466,0.37630640545894783,0.45613251155624035,0.5150253136693814,0.37850539291217256,0.1355580013207132,0.3068611049966982,0.3999251595861765,0.3228109178956637,-0.11975346687211094,0.14830288355712085,0.016264582874752367,0.055985031917235306
#17,0.05917455425930002,0.02724191063174114,0.22307285934404578,0.0035020911292097732,1.0,0.29307506053268767,0.11258639665419326,0.16126128109178955,0.1648646268985252,-0.055595421527624915,0.21300902487343165,0.20321153422848337,0.21317631521021352,0.12805855161787366,0.06758749724851419,0.05052608408540612,0.026128109178956638,0.3912062513757429,-0.09752586396654193,-0.04660796830288356,-0.05364957076821483,-0.0015254237288135593,0.1423794849218578,0.08947611710323575,0.05976667400396214,0.08584195465551397,-0.13768875192604005,0.002328857583094871,0.1545234426590359,0.006484701738939027,0.30970724191063176,-0.10716266784063394,0.1266585956416465,0.23439797490644948,0.08328637464230684,0.0723728813559322,0.08314109619194365,0.01833810257539071,0.004276909531146819,0.00423728813559322,0.053319392471934846,0.1991833590138675,-0.02434954875632842,0.08013427250715387,-0.17369359454105218,0.20487563284173455,-0.156748844375963,-0.16830508474576272,-0.12431653092670042,0.046621175434734756,0.03652432313449262,0.052298040942108735,0.011826986572749285,0.1016156724631301,-0.07582654633502091,-0.0813911512216597,-0.21136693814659915,-0.1950297160466652,-0.22794629099713845,-0.09025533788245653,-0.11091569447501651,-0.08629319832709663,0.011664098613251156,0.30024213075060535,-0.10389170151882016,-0.06075280651551838,0.14771736737838434,0.16217477437816422,0.009542152762491745,0.09589918556020251,0.07459828307285934,0.15212854941668502,0.05193484481620075,0.16712084525643847,-0.041347127448822366,-0.13016949152542373,-0.08719788685890381,-0.23854721549636804,0.16836231565045123,0.11128329297820823,0.3244419986792868,0.08808276469293419,0.31385208012326654,0.18435174994497028,0.21797270526084087,-0.08571428571428572,-0.0336451683909311,0.05553378824565265,-0.02715826546335021,0.0964802993616553,0.1254721549636804,-0.14701959057891262,0.013849878934624697,-0.23602685450143077,-0.022967202289236186,0.152854941668501,0.03278450363196126,-0.07940788025533788,0.11328637464230684,0.041646489104116224,0.09237948492185781,0.10554479418886198,0.08737398195025314,0.2304534448602245,0.2045278450363196,0.1415298261060973,0.3720471054369359,-0.1295003301782963,-0.058615452344265906,-0.23517279330838653,-0.04989654413383227
#18,0.08620074840413823,0.02611930442438917,0.2703433854281312,0.1160774818401937,0.29307506053268767,1.0,-0.1940479859123927,0.261749944970284,0.06311468192824125,-0.05937046004842615,0.10077041602465331,0.14788245652652432,0.4816618974246093,0.17584855822143958,-0.045489764472815324,0.07487343165309267,0.16259300022011886,0.45665419326436274,-0.09448822364076602,0.043392031697116445,-0.09324235086946951,-0.06929121725731895,0.3132885758309487,0.24475236627779,0.13137574290116663,0.1226436275588818,-0.05919436495707682,0.02430332379484922,0.3326634382566586,0.24946511116002643,0.4392890160686771,0.19842174774378163,0.22064054589478319,0.12277790006603566,0.004998899405679067,0.06427911071978869,0.0787079022672243,-0.015648250055029716,-0.058122386088487785,0.10443099273607748,-0.0338300682368479,0.15236407660136475,0.032491745542593,0.23204270305965222,-0.048895003301782966,0.26251595861765353,-0.011457186880915694,0.06750385208012327,-0.05457627118644068,0.1408298481179837,0.0162293638564825,0.17607968302883556,-0.01841734536649791,-0.08135152982610609,-0.1549372661237068,-0.06361215056130311,-0.23288355712084527,-0.02018049746863306,-0.32020691173233545,-0.16696235967422407,-0.21461149020471054,-0.26575170592119746,0.1114836011446181,0.11872551177635923,-0.08381465991635483,0.025648250055029714,0.17307065815540393,0.044455205811138016,0.022575390710983932,0.02797490644948272,-0.20426150121065376,0.03863086066475897,0.07803213735417125,0.26616112700858463,0.030856262381686112,-0.01638344706141316,-0.08476997578692494,-0.2100792427911072,0.21558001320713185,0.27917455425930005,0.12240369799691833,0.07861985472154964,-0.013259960378604446,0.3512062513757429,0.21244331939247194,-0.14681488003521903,-0.13544353951133611,-0.11540391811578252,-0.25523882896764255,0.112524763372221,0.3281135813339203,-0.09740699977988114,0.07028615452344265,-0.207574290116663,-0.2210213515298261,0.0513515298261061,0.04212194585075941,-0.026324014968082763,0.16722870349988994,0.08931543033237949,0.15490644948272067,0.149900946511116,0.25596962359674225,0.12634602685450144,0.3672661237068017,0.41346907329958177,0.3396103896103896,-0.22016068677085626,-0.016781862205591018,-0.37678626458287473,-0.24792207792207793
#26,0.231996478098173,0.3156218357913273,0.05114241690512877,-0.03848998459167951,0.11258639665419326,-0.1940479859123927,1.0,0.3487761391151222,0.19180717587497248,0.4779793088267665,0.38143517499449703,0.09513317191283292,0.29992956196346027,0.373563724411182,0.10447721769755668,0.34295619634602686,0.13913053048646268,0.07605987233105878,0.09209993396434074,0.20345586616773056,-0.0020008804754567465,-0.009674224081003742,-0.4011996478098173,0.0338498789346247,-0.3210609729253797,-0.26212194585075943,-0.3125401716927141,-0.14193484481620075,-0.022652432313449263,-0.12828527404798593,-0.08553819062293638,-0.07912172573189523,-0.1843979749064495,0.11416464891041163,0.06458507594100814,0.09959718247853841,-0.013728813559322034,0.19084965881576052,-0.042181377944089805,-0.1392692053709003,0.031373541712524766,0.31279771076381246,0.014904248294078803,-0.04669381465991636,-0.28601364736957957,-0.29618093770636145,-0.09743121285494166,-0.1793000220118864,0.040728593440457844,-0.363251155624037,-0.025518379925159585,-0.13947831829187762,-0.16603345806735637,-0.0005635042923178516,-0.2705877173673784,0.09788685890380805,-0.238399735857363,-0.1605260840854061,-0.31928681488003524,-0.3464957076821484,-0.06816640986132512,0.02968963240149681,-0.06305745102355272,0.3417807616112701,0.10657274928461369,0.27778780541492404,0.21655513977547877,0.4095201408760731,0.520396213955536,0.3832027294739159,0.5874796390050627,0.257409200968523,0.2044353951133612,0.12322254017169272,0.25812678846577153,0.28062513757429014,0.15685670261941448,0.060455646048866385,-0.22184459608188423,0.11675764913053048,0.25110499669821706,-0.05964780981730134,0.12963240149680827,-0.010977327756988774,0.2555580013207132,0.04935064935064935,0.04839973585736298,-0.14845256438476778,0.08996918335901387,0.14565925599823906,-0.16599383667180279,-0.11008804754567467,-0.15509355051727933,-0.13288355712084526,-0.21484921857803213,-0.12035659255998239,0.04622055910191503,-0.06472815320272947,0.0996235967422408,0.0339291217257319,0.09287255117763592,-0.11613251155624037,0.016850099053488884,0.10372000880475457,-0.1783909311027955,-0.03486682808716707,-0.07815100154083204,-0.04356812678846577,-0.02722209993396434,-0.18147699757869248,-0.24655073739819502
#49,0.4043055249834911,-0.033178516398855384,0.1500726392251816,0.2313185119964781,0.16126128109178955,0.261749944970284,0.3487761391151222,1.0,0.21390490865067135,0.3774356152322254,0.4765243231344926,0.07307946290997139,0.49466431873211536,0.5669293418445961,-0.06689412282632622,0.012137354171252477,0.2670922298040942,0.3305524983491085,-0.05488663878494387,0.160363196125908,0.03830068236847898,-0.10483381025753907,0.0011248073959938367,-0.02560642747083425,-0.11800572309046885,-0.18203609949372662,-0.24649790887079023,-0.26687871450583317,0.16016068677085626,0.02894783182918776,0.1719920757208893,0.18651111600264142,0.3137530266343826,0.25117763592339865,0.2801122606207352,0.16358133392031698,0.2671582654633502,0.023033237948492186,0.07080123266563945,0.06283953334800793,0.028928021131410964,0.16122165969623597,0.015546995377503852,0.044382566585956414,-0.21764472815320274,-0.10276689412282633,-0.04698657274928461,-0.13267884657715165,-0.07173893902707462,-0.2959718247853841,-0.0762095531587057,-0.13784723750825445,-0.14773717807616113,-0.07179396874312129,-0.027197886858903807,0.012540171692714066,-0.3993462469733656,-0.2689214175654854,-0.4661347127448822,-0.4830046224961479,-0.24881576051067578,-0.12513317191283294,0.29897424609289014,0.24780761611270086,0.16308826766453885,0.047017389390270746,0.3248117983711204,0.25119744662117544,0.23197226502311247,0.17291217257318953,0.3373585736297601,0.25569447501650894,0.1507836231565045,0.14300902487343164,0.36907329958177415,0.26076601364736957,0.2465595421527625,-0.00835130970724191,-0.041371340523882895,0.02258199427690953,0.027266123706801672,-0.13119524543253358,-0.17246753246753246,0.3262359674224081,0.271930442438917,-0.0005569007263922518,-0.100363196125908,-0.08596302003081664,-0.1500132071318512,0.1370746202949593,0.050488663878494384,-0.17608848778340302,-0.2112392692053709,-0.37215276249174556,-0.40712744882236407,0.004787585296059872,-0.02591239269205371,0.10110059432093331,0.1317807616112701,0.35072639225181595,0.09804314329738059,0.13811358133392032,0.2871054369359454,0.29088707902267225,0.21525643847677747,0.3165463350209113,0.24454325335681268,-0.16090028615452345,-0.1389720449042483,-0.20658595641646488,-0.19031476997578692
#50,-0.12818842174774378,0.11704160246533128,-0.11212414703940128,-0.10406339423288576,0.1648646268985252,0.06311468192824125,0.19180717587497248,0.21390490865067135,1.0,0.20751926040061633,0.1428087167070218,-0.08900286154523443,0.0548382126348228,0.4397094430992736,0.1798547215496368,0.22102575390710985,-0.11586176535329078,-0.12069997798811358,0.1774290116662998,0.30489324235086945,0.06810257539071099,0.17037200088047547,-0.24780321373541714,-0.010523882896764253,-0.24639005062733876,-0.14275368699097513,-0.30203389830508476,-0.2414703940127669,-0.03470614131631081,-0.09459167950693374,0.01655293858683689,0.038056350429231785,0.03026634382566586,0.35234206471494606,0.3344992295839753,0.012119744662117543,0.1284503631961259,0.2122033898305085,-0.0010983931322914374,0.10781642086726832,0.15907550077041602,0.08032577591899626,0.3198965441338323,-0.016070878274268105,-0.3956306405458948,-0.05812018489984592,0.021970063834470616,-0.1124785384107418,-0.19189522342064716,-0.3933436055469954,-0.15122826326216157,-0.24713405238828967,-0.1698283072859344,0.06342945190402817,-0.14658815760510677,0.17652872551177637,-0.3598899405679067,-0.06899405679066696,-0.12576271186440677,-0.305709883337002,-0.22937926480299362,-0.21985912392692053,0.06980629539951574,0.2863922518159806,-0.1253907109839313,0.33285274047985913,0.22804754567466431,0.21626678406339422,0.38289896544133833,0.3650363196125908,0.40005062733876295,0.3658661677305745,0.3018379925159586,-0.10911292097732776,0.29756988773937926,0.25912612810917895,0.11586836891921638,-0.026357032797710764,-0.06428351309707242,0.15976007043803653,0.2208650671362536,0.02416024653312789,0.17593440457847237,0.14815760510675766,0.1284503631961259,-0.13914813999559764,-0.28125687871450583,-0.3005877173673784,-0.0003587937486242571,0.09040942108738718,0.057048206031256876,-0.0984305524983491,-0.1338696896324015,-0.2632379484921858,-0.17722650231124806,-0.23414483821263482,0.03575390710983931,-0.06574510235527185,-0.23285934404578473,0.14266123706801673,-0.06335241030156284,-0.19895663658375523,-0.07655734096412063,0.04678186220559102,-0.22234206471494608,0.04806075280651552,-0.0014109619194364958,-0.2099603786044464,-0.004578472375082545,-0.26605987233105877,-0.4392471934844816
#51,0.3276315210213515,0.359603786044464,0.2578978648470174,0.3983138895003302,-0.055595421527624915,-0.05937046004842615,0.4779793088267665,0.3774356152322254,0.20751926040061633,1.0,0.4625665859564165,-0.1442835130970724,0.2719348448162007,0.3309156944750165,0.04399295619634603,0.2838652872551178,0.5064296720228924,0.08581113801452785,0.0701584855822144,0.0664802993616553,-0.07964780981730134,-0.08047985912392693,-0.3245564604886639,-0.01842835130970724,-0.2886330618534008,-0.16132291437376184,-0.02417125247633722,-0.017873651771956857,0.01150561303103676,0.022234206471494607,-0.1187277129650011,0.1304006163328197,0.1737244111820383,0.033546114902047106,0.02686550737398195,-0.0010103455866167731,-0.10709443099273608,0.043169711644287914,0.07998239049086507,-0.1942593000220119,-0.1566189742460929,0.2913823464670922,-0.055760510675764915,0.009174554259300022,-0.227046004842615,-0.3412238608848778,0.0037706361435174995,-0.02685450143077262,0.31534888839973585,-0.15630420427030597,0.1642989214175655,0.12084745762711864,0.0686154523442659,0.06609509134932864,-0.27591899625797933,-0.022168170812238607,-0.29057010785824344,-0.19693374422187981,-0.14978648470173894,-0.2978912612810918,-0.2527823024433194,-0.11462909971384548,-0.0966057671142417,-0.048120184899845916,0.2750451243671583,0.1494254897644728,0.052612810917895665,0.05277129650011006,0.26174334140435834,0.2748976447281532,0.4953312788906009,0.4788531807175875,0.07857362976007044,0.03381906229363856,0.04773277569887739,0.22131631080783623,-0.061904028175214613,-0.031373541712524766,-0.20712304644508034,0.18161127008584635,0.06476117103235747,-0.1676997578692494,-0.11716927140655954,0.08012766894122826,0.002099933964340744,-0.09933083865287255,-0.24797710763812458,-0.21966982170372001,0.06646268985252037,-0.10877613911512217,-0.15378604446401056,-0.0677525863966542,-0.34997138454765575,-0.14626018049746864,-0.37006383447061414,-0.007307946290997139,0.027259520140876074,0.2466629980189302,0.217838432753687,0.3763592339863526,0.3285560202509355,0.16329517939687432,0.2151221659696236,0.21775038520801232,-0.011276689412282633,0.2582236407660137,-0.008831168831168832,-0.1613977547875853,-0.0061809377063614356,-0.14417345366497908,-0.270906889720449
#52,0.26088928021131413,0.15969403477878055,0.21898084965881576,0.17837992515958617,0.21300902487343165,0.10077041602465331,0.38143517499449703,0.4765243231344926,0.1428087167070218,0.4625665859564165,1.0,-0.07161347127448822,0.3553775038520801,0.3127779000660357,0.035430332379484925,0.2032621615672463,0.245181598062954,0.3557186880915694,-0.08641866607968303,0.0005635042923178516,-0.11546995377503852,-0.11911071978868588,-0.09103455866167731,-0.10814439797490645,-0.05285494166850099,-0.3201760950913493,-0.11564384767774598,-0.038049746863306186,0.22136033458067356,-0.11401056570548096,0.17724191063174113,0.10787585296059872,0.19067576491305305,0.3081003742020691,0.13464670922298042,0.05906669601584856,0.09433854281311908,0.05030816640986133,0.014585075941008144,0.0026084085406119306,0.019544353951133613,0.1546136913933524,0.012491745542593,-0.04780761611270086,-0.27416464891041165,-0.16303984151441778,0.028426150121065374,-0.06535769315430333,0.09229583975346688,-0.0624455205811138,-0.007307946290997139,-0.04680387409200969,-0.1227294739159146,0.24163548316090688,-0.18152102135152984,0.08621175434734757,-0.4745674664318732,-0.35677305745102356,-0.36064274708342503,-0.38041162227602904,-0.20282632621615673,-0.1367048206031257,0.0025731895223420646,0.11186000440237728,0.1212722870349989,0.11058111380145279,0.27279550957517057,0.16747303543913714,0.16974025974025975,0.25718688091569447,0.3551749944970284,0.2602839533348008,0.10367598503191723,0.030543693594541052,0.17074840413823464,0.29878934624697334,0.0263284173453665,-0.03985252036099494,-0.06874972485141977,0.14689192163768436,0.15349108518600044,-0.1769425489764473,-0.0437508254457407,0.22511776359233987,0.08038740920096853,-0.018386528725511775,-0.167376183138895,-0.28693374422187984,0.005681267884657715,0.12243451463790447,-0.29219018269865726,-0.3159189962579793,-0.39335241030156287,-0.19423068456966763,-0.2718203830068237,0.16919656614571868,0.00045124367158265466,0.15318511996478099,0.12153202729473916,0.21808936825885977,0.2179506933744222,0.12825665859564164,0.2981399955976227,0.1894651111600264,0.1552344265903588,0.21969843715606427,0.27807175874972484,-0.10838212634822804,0.01960378604446401,-0.12353070658155405,-0.1087343165309267
#53,0.031254677525863965,-0.026614571868809157,0.06066255778120185,-0.13174774378164208,0.20321153422848337,0.14788245652652432,0.09513317191283292,0.07307946290997139,-0.08900286154523443,-0.1442835130970724,-0.07161347127448822,1.0,0.22235747303543912,0.10661677305745103,-0.2045344486022452,0.10705480959718248,-0.17126788465771517,-0.019832709663218137,-0.09525203609949373,0.26750605326876514,-0.24515958617653533,0.09025974025974026,-0.08533127889060092,0.30967422408100376,-0.1585758309487123,0.22090468853180717,-0.13939687431212855,0.022262821923838872,-0.298382126348228,-0.05501871010345587,-0.031490204710543694,-0.27842174774378164,-0.29998239049086506,-0.30307285934404576,-0.13639665419326436,0.14818401937046005,-0.14816420867268326,0.09397314549856922,-0.251056570548096,0.024596081884217476,-0.022161567246313008,0.046024653312788905,-0.10087167070217917,0.22206471494607088,-0.12788025533788247,0.2076865507373982,0.09064494827206691,0.1631565045124367,0.041646489104116224,-0.07615892581994277,0.004875632841734537,0.06295839753466873,-0.20739379264802993,-0.22743341404358353,-0.3331344926260181,-0.11109178956636584,-0.0262227602905569,0.013310587717367378,-0.03410521681708122,0.017783403037640325,0.18306845696676205,0.16504072198987454,0.18740699977988112,0.2513647369579573,0.0016376843495487564,0.040211314109619194,0.17574950473255557,0.4549262601804975,-0.09295399515738499,0.19618754127228705,-0.31920537090028617,-0.015181598062953995,-0.044012766894122826,0.27923838872991413,0.018749724851419767,-0.1390777019590579,-0.06591459388069558,-0.26118423948932423,0.02201188641866608,0.3104226282192384,0.042260620735197006,0.1629385868368919,0.006238168611049967,0.38788685890380803,0.5912832929782083,0.23155844155844155,0.25214615892581993,0.2200462249614792,0.018080563504292317,0.22348007924279112,0.3651375742901167,0.13558661677305744,0.22814219678626457,-0.0010763812458727713,0.17592780101254676,-0.23281752146158927,0.16549416685009904,-0.11670482060312569,0.13217257318952233,-0.0026656394453004623,-0.1008892802113141,0.017459828307285933,-0.05160246533127889,0.3250715386308607,-0.13026854501430774,0.05701518820162888,-0.18116883116883117,0.13200748404138235,-0.004979088707902268,-0.1389588377723971,-0.09780541492405899
#54,0.19224081003742022,0.08036319612590799,0.17588157605106758,0.03011666299801893,0.21317631521021352,0.4816618974246093,0.29992956196346027,0.49466431873211536,0.0548382126348228,0.2719348448162007,0.3553775038520801,0.22235747303543912,1.0,0.36405018710103454,-0.05698217037200088,0.06162227602905569,0.2395443539511336,0.4120074840413823,-0.16328417345366497,0.12061413163108078,-0.0766123706801673,-0.03353290777019591,0.18507373981950254,0.27866387849438695,0.08421527624917455,0.15574069997798812,-0.17657495047325555,-0.10754567466431873,0.06774818401937047,-0.15808716707021792,0.28508034338542815,0.05049086506713625,0.20914593880695576,0.11048426150121066,-0.010473255558001321,0.050596522121945854,0.1353070658155404,0.057616112700858466,0.060391811578252255,0.22147479639005063,-0.10590799031476998,0.13597402597402597,-0.008516398855381906,0.1965331278890601,-0.14687211093990754,0.1645102355271847,-0.1419370460048426,-0.14830728593440456,0.18085406119304426,-0.09588597842835131,-0.04976007043803654,0.12976007043803653,-0.138498789346247,-0.008175214615892582,-0.23805414924058993,0.03147919876733436,-0.29410521681708124,0.02699537750385208,-0.5353929121725732,-0.3032269425489765,-0.17215276249174555,-0.172887959498129,0.17746643187321154,0.22401716927140655,-0.16426810477657935,-0.1681664098613251,-0.044950473255558,0.13412942989214174,0.15600044023772838,0.245181598062954,-0.07026854501430772,0.038412942989214174,0.11012766894122826,0.3700616332819723,0.19349768875192605,0.0758859784283513,0.02668941228263262,-0.15756768655073738,0.15790887079022672,0.31345806735637244,0.27091349328637465,-0.055417125247633724,-0.06523002421307506,0.2588399735857363,0.3906977767994717,-0.010942108738718908,-0.09723530706581554,0.038855381906229364,-0.303218137794409,0.1758727712965001,0.14681267884657714,-0.01994937266123707,-0.007952894563064054,-0.19995817741580454,-0.29190182698657274,-0.06565045124367158,0.06933524103015629,-0.1391833590138675,0.1845608628659476,0.07056350429231785,0.15900066035659255,0.15138234646709223,0.24101034558661677,0.3319502531366938,0.21483381025753906,0.3656240369799692,0.27708342504952677,-0.17662337662337663,-0.11476997578692494,-0.5249152542372881,-0.3024719348448162
#58,-0.007318952234206471,0.14309707241910632,0.06084085406119304,0.0970856262381686,0.12805855161787366,0.17584855822143958,0.373563724411182,0.5669293418445961,0.4397094430992736,0.3309156944750165,0.3127779000660357,0.10661677305745103,0.36405018710103454,1.0,-0.007178076161127009,0.18645828747523663,0.10213295179396874,0.17223640766013648,0.026746643187321152,0.18815760510675764,-0.034908650671362534,0.10812458727712965,-0.059438696896324014,0.11330398415144177,-0.13841954655513977,-0.1062491745542593,-0.3514109619194365,-0.3289346246973366,0.19078142196786266,0.05301782962799912,0.11112040501871011,0.05603345806735637,-0.0021571648690292757,0.24280871670702178,0.18200748404138234,0.21182478538410743,0.19904468412942988,0.17940127668941228,-0.06519700638344707,0.1370856262381686,0.04145498569227383,0.07612590799031477,0.15508694695135372,0.008355712084525645,-0.2336121505613031,-0.03009024873431653,0.019174554259300022,-0.14560202509355052,-0.07105436935945411,-0.47211314109619196,-0.1494144838212635,-0.2067620515078142,-0.27112260620735196,0.026993176315210213,-0.11817521461589259,0.18480299361655295,-0.2837904468412943,-0.0174488223640766,-0.29188201628879595,-0.28721329517939687,-0.2576161127008585,-0.23510455646048867,0.19114902047105437,0.3314902047105437,-0.023026634382566587,0.14915474356152322,0.3263350209112921,0.3652872551177636,0.34722209993396436,0.23067796610169491,0.2343451463790447,0.18512656834690733,0.26857803213735415,0.1568743121285494,0.3994012766894123,0.3139093110279551,0.2305458947831829,-0.14301562843935725,-0.010446841294298922,0.27112260620735196,0.10206031256878714,-0.22294298921417566,-0.05200528285274048,0.2399801893022232,0.3665529385868369,-0.0801518820162888,-0.22919436495707682,-0.1888267664538851,-0.1922342064714946,0.09593880695575611,0.13782742681047766,-0.15304424389170151,-0.026200748404138236,-0.3494210873871891,-0.31843495487563284,-0.18286814880035218,-0.010614131631080784,-0.006929341844596082,-0.10553598943429451,0.18981069777679946,0.052843935725291655,-0.08500770416024653,0.21130310367598504,-0.03081223860884878,-0.009797490644948273,0.11055029716046665,0.048069557561082984,-0.3272837332159366,-0.21731454985692275,-0.3573365617433414,-0.2577459828307286
#101,-0.3942703059652212,-0.03935064935064935,-0.20473915914593882,-0.26947391591459385,0.06758749724851419,-0.045489764472815324,0.10447721769755668,-0.06689412282632622,0.1798547215496368,0.04399295619634603,0.035430332379484925,-0.2045344486022452,-0.05698217037200088,-0.007178076161127009,1.0,0.26022011886418667,-0.07762271626678406,-0.20658155403918116,0.6772793308386529,0.017411402157164867,0.5392604006163328,0.26266784063394233,0.07526524323134492,0.2020250935505173,0.1525181598062954,0.11643847677745983,-0.19839313229143737,-0.3640567906669602,0.1747457627118644,0.13112480739599383,-0.005221219458507594,0.04260840854061193,-0.036183138895003304,0.2532577591899626,0.11889060092449923,0.11315430332379485,0.3280585516178737,0.4637178076161127,0.5144133832269425,0.17033017829628,0.5234910851860004,0.1315694475016509,0.40186220559101915,0.2784767774598283,-0.03416024653312789,-0.2072903367818622,0.08379484921857804,-0.16020030816640987,-0.2579639005062734,-0.25631961259079905,-0.25648250055029714,-0.29616773057451024,0.06743121285494166,0.346946951353731,0.28693374422187984,0.3387651331719128,-0.2977591899625798,-0.34687651331719127,-0.27512656834690735,-0.42932423508694695,-0.5246555139775478,-0.5760488663878495,0.021642086726832488,0.28593000220118864,-0.08272947391591459,-0.032524763372221,0.017488443759630202,-0.03333480079242791,0.5341492405899185,0.060248734316530925,0.29570548095971827,-0.11220338983050847,0.605544794188862,-0.17626018049746864,0.1637904468412943,-0.08011446180937706,-0.2440017609509135,-0.27871670702179174,0.3141140215716487,0.16312128549416685,0.012544574069997799,0.20754347347567687,0.4892537970504072,-0.31375963020030817,-0.21381245872771296,-0.586055469953775,-0.4881399955976227,-0.09845256438476778,0.1383138895003302,0.1259652212194585,0.003345806735637244,-0.5327294739159146,-0.502557781201849,-0.5131388950033018,-0.49569887739379265,0.09078582434514638,0.3945608628659476,-0.23112920977327758,-0.2592427911071979,-0.05894783182918776,-0.23254677525863968,-0.2254435395113361,-0.20629760070438036,-0.20124807395993838,-0.18948272066916136,-0.1986880915694475,-0.12296940347787805,-0.5655447941888619,-0.2941646489104116,-0.3284085406119304,-0.2833612150561303
#102,-0.004761171032357473,0.3874950473255558,0.28257318952234206,0.0573497688751926,0.05052608408540612,0.07487343165309267,0.34295619634602686,0.012137354171252477,0.22102575390710985,0.2838652872551178,0.2032621615672463,0.10705480959718248,0.06162227602905569,0.18645828747523663,0.26022011886418667,1.0,-0.04821043363416245,0.05060972925379705,0.2987805414924059,0.46208012326656395,-0.11067796610169492,0.5293484481620074,-0.47946070878274266,0.15385868368919217,-0.553398635263042,0.04841074180057231,-0.32029275808936825,0.07191723530706581,-0.024924058991855604,0.11383226942548977,-0.05060972925379705,-0.15898745322474137,-0.09746643187321154,0.03828087167070218,-0.092590799031477,0.008109178956636584,-0.2994078802553379,0.3535241030156284,-0.16505833149900948,0.05979749064494827,0.15242130750605326,0.19037860444640106,0.26378604446401055,0.31585516178736517,-0.15355712084525644,-0.006909531146819282,0.04719128329297821,0.0008100374202069117,0.06703720008804755,-0.12978648470173895,0.025628439357252918,0.10084525643847678,-0.1578032137354171,0.37908870790226723,-0.5131322914373762,0.304983491085186,-0.39717587497248513,-0.14293858683689192,-0.2052080123266564,-0.1728351309707242,-0.3978582434514638,-0.35920096852300243,-0.3620977327756989,0.30084965881576053,0.1794585075941008,0.3673893902707462,0.13659035879374862,0.28595641646489106,0.40538410741800573,0.468432753686991,0.4291987673343606,0.30976667400396213,0.20786264582874753,0.10416244772176976,-0.03480959718247854,0.16766894122826326,-0.3774620294959278,-0.45037200088047546,-0.2946731234866828,0.5148888399735857,0.13041602465331278,-0.0057076821483601145,0.35608188421747744,-0.07716486902927581,0.08130090248734316,-0.4198547215496368,-0.3779683028835571,-0.32401276689412284,-0.02280431432973806,-0.008692493946731234,0.030338983050847458,-0.39334580673563724,-0.23401937046004842,-0.27301342725071537,-0.2841668500990535,-0.1956900726392252,0.22656174334140436,0.10043143297380586,0.17298921417565485,0.012830728593440458,0.15095091349328638,0.05069337442218798,-0.1364010565705481,0.017589698437156066,-0.20659476117103237,-0.0013273167510455645,-0.18909971384547655,-0.3243055249834911,-0.2742108738718908,-0.2180761611270086,-0.2709817301342725
#201,0.3596302003081664,0.18629760070438037,0.513218137794409,0.48581113801452785,0.026128109178956638,0.16259300022011886,0.13913053048646268,0.2670922298040942,-0.11586176535329078,0.5064296720228924,0.245181598062954,-0.17126788465771517,0.2395443539511336,0.10213295179396874,-0.07762271626678406,-0.04821043363416245,1.0,0.37783182918776137,-0.14900286154523443,-0.3533920316971164,-0.22033017829628,-0.4200836451683909,0.025767114241690512,-0.2206471494607088,-0.04850979528945631,-0.14420206911732336,0.383350209112921,0.23198767334360554,0.17188641866607968,-0.08524763372220999,-0.03521681708122386,0.3027999119524543,0.325313669381466,0.05531587057010786,0.04431653092670042,0.020033017829628,-0.042733876293198324,-0.20360114461809378,0.07566585956416465,-0.33332159366057673,-0.292623816861105,0.2076667400396214,-0.30515738498789347,-0.1516222760290557,-0.05893022232005283,-0.2572639225181598,0.03810477657935285,0.23726172132951795,0.27655513977547874,0.2217873651771957,0.3702795509575171,0.33413603345806736,0.38175214615892583,0.015031917235307066,0.0011798371120405019,-0.15828747523662778,-0.1490777019590579,-0.3893264362755888,-0.06452344265903588,-0.025538190622936385,-0.11823464670922298,0.07183579132731675,-0.04472815320272947,-0.08381906229363857,0.3075874972485142,0.09561082984811799,0.016174334140435835,-0.0750429231785164,-0.02460708782742681,0.03218578032137354,0.27565925599823904,0.2085626238168611,-0.17242791107197886,0.28614131631080786,-0.17570548095971825,-0.059799691833590136,-0.1271186440677966,0.011386748844375964,-0.13612810917895662,-0.021820383006823686,-0.012667840633942329,-0.1657473035439137,-0.33833590138674885,-0.13412722870349988,-0.07345146379044684,0.05031917235307066,-0.058289676425269644,0.003823464670922298,0.01486682808716707,-0.34791547435615233,-0.2790688972044904,0.002835130970724191,-0.13341404358353512,0.01454325335681268,-0.1692493946731235,0.23004182258419548,-0.2288201628879595,0.5408958837772397,0.5133458067356372,0.3622121945850759,0.35129429892141756,0.5138520801232666,0.5786374642306845,0.2902443319392472,0.36189302223200526,0.39580013207131853,0.23359013867488443,-0.043152102135152984,0.09060532687651332,-0.014455205811138015,0.08177195685670262
