,#10,#11,#12,#13,#17,#18,#26,#49,#50,#51,#52,#53,#54,#58,#101,#102,#201,#202,#301,#302,#401,#402,#501,#502,#601,#602,#701,#702,#801,#802,#901,#902,#1001,#1002,#1101,#1102,#1201,#1202,#1301,#1302,#1401,#1402,#1501,#1502,#1601,#1602,#1701,#1702,#1801,#1802,#1901,#1902,#2001,#2002,#2101,#2102,#2201,#2202,#2301,#2302,#2401,#2402,#2501,#2502,#2601,#2602,#2701,#2702,#2801,#2802,#2901,#2902,#3001,#3002,#3101,#3102,#3201,#3202,#3301,#3302,#3401,#3402,#3455,#3501,#3502,#3601,#3602,#3701,#3702,#3801,#3802,#3901,#3902,#4001,#4002,#4101,#4102,#4201,#4202,#4301,#4302,#4401,#4402,#4501,#4502,#4601,#4602,#4701,#4702,#4801,#4802
#10,1.0,0.5257186880915694,0.39865287255117765,0.5091503411842395,0.2323728813559322,0.053858683689192166,-0.02271846797270526,0.6591701518820163,0.2603609949372661,0.4860378604446401,0.5119832709663218,0.029647809817301342,-0.14375522782302444,0.011767554479418886,-0.12472595201408761,0.021624477217697557,0.22079462909971384,0.016621175434734757,0.08185780321373541,-0.02504732555580013,-0.10423728813559321,0.1659013867488444,-0.13101694915254236,0.0005789126128109179,0.16360774818401938,0.019991195245432535,0.014796390050627339,0.18313889500330177,-0.14158045344486023,-0.0439885538190623,-0.12286594761171032,-0.16739819502531367,0.03436715826546335,-0.13084525643847678,-0.01071978868589038,-0.15548976447281532,-0.051545234426590356,-0.22102355271846796,0.0861567246313009,-0.14968523002421308,-0.10616773057451023,-0.039687431212854944,-0.02564384767774598,-0.10368919216376843,-0.06558001320713185,0.04065595421527625,-0.12078802553378824,-0.12606867708562625,-0.29765573409641205,-0.08906669601584856,-0.12113581333920317,-0.016018049746863307,-0.1654985692273828,0.21183579132731675,0.11781642086726833,0.3064340744001761,-0.323977547875853,-0.20748624257098833,-0.15548976447281532,0.005569007263922518,-0.026335020911292098,-0.03793968743121286,-0.26459608188421746,-0.1405348888399736,0.32638344706141315,0.0349702839533348,-0.2958045344486022,-0.20989874532247413,0.03775258639665419,-0.05442438917015188,0.12630640545894783,0.17528945630640547,0.29585516178736515,0.16198767334360556,0.012850539291217258,0.10911071978868589,0.06173233546114902,-0.06178516398855382,0.012022892361875412,0.15518820162887959,0.012784503631961259,-0.08557340964120626,-0.0019216376843495487,0.0008694695135373101,-0.13843935725291656,-0.08323794849218578,-0.2887651331719128,0.13987673343605547,-0.24701518820162888,0.13194805194805195,-0.13670702179176755,-0.279405679066696,-0.11277129650011006,-0.08392031697116444,-0.25192163768434955,0.11441998679286815,0.2534140435835351,-0.08206031256878714,0.030913493286374643,-0.15879154743561524,0.0574025974025974,-0.19457186880915694,-0.09454325335681268,0.07815100154083204,0.1799933964340744,0.031164428791547436,0.07554259300022012,-0.02815760510675765,-0.23147919876733436,-0.09867048206031256,0.07474576271186441
#11,0.5257186880915694,1.0,0.5117367378384328,0.47472154963680385,0.284224081003742,0.3283381025753907,0.44031476997578695,0.3132291437376183,0.4150209112920977,0.6779815100154083,0.4816090688972045,0.018393132291437377,-0.059645608628659474,0.340693374422188,-0.16816420867268325,0.055117763592339865,0.3148646268985252,0.16715386308606647,-0.021333920316971164,0.010035219018269866,-0.1457076821483601,0.029731454985692275,-0.18366277790006605,-0.01040942108738719,0.0018930222320052829,-0.09431873211534228,0.09570548095971824,0.2282852740479859,0.030145278450363196,0.10596962359674224,0.097508254457407,-0.04658375522782302,0.12990975126568347,0.06339863526304204,-0.01616552938586837,-0.029099713845476556,0.0038146599163548316,-0.21496808276469292,0.06363416244772177,-0.11390710983931322,0.03260620735197006,0.03579352850539291,0.18856042262821923,-0.11036539731454986,-0.2539291217257319,-0.11807175874972485,0.09791107197886859,0.11418225841954656,-0.08969403477878055,-0.08174114021571649,0.003042042703059652,0.0811270085846357,-0.1477459828307286,0.16009024873431654,-0.032729473915914596,0.01436715826546335,-0.3450737398195025,-0.1913977547875853,-0.06005502971604666,0.07445740699977989,0.030167290336781862,-0.02689632401496808,-0.1160642747083425,-0.16948051948051948,0.2676227162667841,0.06604006163328197,-0.0661567246313009,0.05769975786924939,0.03805855161787365,0.070099053488884,0.25140655954215274,0.3347611710323575,0.062143957737178075,0.037770195905789124,-0.13337882456526523,-0.02584635703279771,-0.14739379264802993,-0.0949306625577812,0.03310587717367378,0.09993836671802774,0.06798151001540832,0.10300242130750606,0.05263922518159806,-0.0785890380805635,0.10257318952234207,-0.1721747743781642,-0.127343165309267,0.077508254457407,-0.01936605767114242,0.03785384107418006,-0.06561523222540172,-0.12046445080343385,-0.08930662557781202,-0.029161347127448823,-0.13075500770416024,0.23478758529605986,0.21790006603565926,0.04606207351970064,0.12827426810477657,0.02194805194805195,0.220429231785164,-0.042606207351970064,0.11101694915254237,0.3254655513977548,0.3520977327756989,0.22942328857583094,0.23570107858243453,0.0349900946511116,-0.19942328857583094,-0.10357473035439137,0.10055910191503412
#12,0.39865287255117765,0.5117367378384328,1.0,0.6550055029716046,0.4006119304424389,0.5133876293198327,0.2740017609509135,0.08433634162447722,0.05266784063394233,0.6035901386748844,0.3697336561743341,-0.04087387189082104,-0.02656174334140436,0.08550737398195025,-0.2807506053268765,-0.08375302663438257,0.5911952454325335,0.48612810917895666,-0.23676645388509795,-0.2480563504292318,-0.4158925819942769,-0.172821923838873,0.08843055249834911,0.14402377283733217,0.007497248514197667,0.0698877393792648,0.24768875192604006,0.4423222540171693,0.1333942328857583,0.2616927140655954,0.32540171692714065,0.07747083425049527,0.2717939687431213,0.030788025533788246,0.10711864406779661,0.08352190182698657,-0.20266784063394233,-0.3773365617433414,-0.04446841294298921,-0.03176755447941888,0.28137354171252477,0.07631961259079903,-0.06359013867488444,-0.16133392031697116,-0.20931322914373762,-0.05184679727052608,0.11055690072639225,0.20733876293198328,0.10944309927360775,0.07832709663218138,0.20352850539291217,0.23509795289456306,0.0936517719568567,0.34322254017169274,-0.16836231565045123,0.08368038740920097,-0.31088047545674663,-0.28240369799691833,0.01512656834690733,0.1638102575390711,-0.10124367158265464,-0.09432753686990974,-0.08499229583975347,-0.09349328637464231,0.40674444199867926,0.43284613691393353,-0.10118203830068237,-0.053647369579572966,-0.07820383006823685,0.021573849878934626,0.26006383447061415,0.37176095091349326,-0.14989874532247413,0.06993616552938586,-0.3549130530486463,-0.0563350209112921,-0.20277129650011005,-0.005954215276249174,0.2934998899405679,0.3624983491085186,-0.0897886858903808,0.1458859784283513,-0.048109178956636585,0.0013735417125247634,0.09615012106537531,-0.30089808496588155,0.00137574290116663,0.021967862645828746,0.20203169711644287,0.037503852080123266,0.13938586836891922,-0.06919216376843496,-0.12466431873211534,0.0711468192824125,0.010959718247853842,0.526731234866828,0.40070878274268107,0.4590314769975787,0.39127448822364075,0.14590799031476998,0.4352696456086287,0.14883777239709442,0.20163108078362316,0.4228571428571429,0.44325996037860443,0.29637684349548754,0.4243451463790447,-0.09070878274268104,-0.2175016508914814,-0.10255558001320714,0.11712965001100595
#13,0.5091503411842395,0.47472154963680385,0.6550055029716046,1.0,0.19864626898525203,0.38017829627999117,0.15639005062733877,0.3147787805414924,0.13604446401056572,0.6190160686770856,0.2956526524323134,-0.11832049306625578,-0.07063394232885759,0.14509355051727932,-0.13799251595861764,-0.01977988113581334,0.5072088928021131,0.24121725731895224,0.053636363636363635,-0.03501430772617213,-0.2087937486242571,-0.03899625797930883,-0.1375941008144398,0.04883557120845256,-0.02414703940127669,0.014254897644728154,-0.04633722209993396,0.3046136913933524,0.04984371560642747,0.3731785163988554,0.14451243671582656,0.15697116442879155,0.23076821483601145,0.00881796169931763,0.19675985031917234,0.16307506053268764,-0.005681267884657715,-0.10134932863746424,0.004446401056570548,-0.07148800352190182,0.15599163548316092,0.26594981289896547,-0.10380585516178736,-0.030334580673563726,-0.20170812238608848,-0.2155822143957737,-0.14333700198106977,0.010666960158485582,-0.12965881576051067,-0.13063614351749944,0.06287034998899406,0.134785384107418,-0.08458507594100814,0.18209333039841513,-0.18431873211534228,0.0012216596962359675,-0.4208716707021792,-0.3017851639885538,-0.2590710983931323,-0.21149240589918555,-0.12780101254677526,-0.10188201628879595,0.011743341404358353,-0.015381906229363857,0.3150671362535769,0.22987012987012986,-0.15385428131190843,0.021926040061633283,0.24136693814659915,0.1484569667620515,0.24095311468192823,0.5208980849658815,0.19164428791547436,0.10658595641646489,-0.04027294739159146,0.08284613691393353,-0.07179837112040502,-0.15909311027955095,0.14365177195685672,0.264389170151882,-0.0713647369579573,0.02012987012987013,0.004664318732115342,-0.02571648690292758,-0.052049306625577815,-0.3086748844375963,-0.18469073299581773,-0.04677525863966542,0.08399955976227162,0.03653532907770196,0.08147479639005063,-0.26380585516178734,-0.2502025093550517,-0.048998459167950696,-0.13344045784723751,0.1939489324235087,0.22614571868809158,0.2664891041162228,0.18254237288135594,0.03825885978428351,0.3486858903808056,0.005967422408100374,0.15874312128549417,0.28176315210213515,0.4203830068236848,0.21920537090028616,0.30291657495047325,-0.08051948051948052,-0.1525643847677746,-0.23832269425489763,0.13629980189302224
#17,0.2323728813559322,0.284224081003742,0.4006119304424389,0.19864626898525203,1.0,0.4267620515078142,0.2229407880255338,0.2882412502751486,0.20138014527845036,0.4780453444860224,0.28171692714065594,0.45562623816861103,0.19795949812898966,0.1440083645168391,-0.16975786924939468,-0.2967378384327537,0.5458529605987233,0.253152102135153,-0.20463570327977107,-0.39424609289016066,-0.2986880915694475,-0.5051375742901166,0.20246973365617432,-0.22802773497688753,0.15215936605767114,-0.23074400176095092,0.22401276689412283,0.1657737178076161,0.2545300462249615,-0.02297820823244552,0.30671362535769314,0.017376183138895003,0.3348734316530927,0.12402597402597403,0.3177790006603566,-0.08825665859564165,0.1675941008144398,-0.22494827206691614,0.29000220118864184,0.05338762931983271,0.3989742460928902,-0.10738058551617874,0.20328857583094873,-0.16124367158265462,-0.11617433414043583,-0.08054369359454105,0.3216464891041162,0.3106779661016949,0.09586176535329077,-0.05363416244772177,0.28234206471494605,-0.050750605326876516,0.019009465111160025,0.07697996918335902,-0.17883557120845256,-0.08488003521901827,-0.14264142637023994,-0.377772397094431,-0.05510455646048867,-0.03315210213515298,-0.08030596522121945,0.020013207131851198,0.010385208012326657,-0.27722650231124807,0.08607087827426811,0.15488883997358574,0.12479418886198547,-0.06923178516398855,-0.3075500770416025,-0.18434074400176095,-0.012826326216156725,-0.056869909751265685,-0.13320493066255779,0.2761303103675985,-0.2238828967642527,-0.00022452124147039401,-0.19519920757208892,0.0007638124587277129,0.3720889280211314,-0.12921197446621174,0.2229341844596082,0.3620030816640986,0.0897292537970504,0.15267224301122606,0.4127272727272727,-0.041697116442879156,0.04865287255117764,0.3201100594320933,0.05507373981950253,0.34635703279771074,0.2503279771076381,0.11171692714065595,-0.07055469953775038,0.010812238608848779,-0.07747743781642087,0.29847017389390273,0.026068677085626237,0.2692229804094211,0.13722209993396434,0.18824125027514857,0.3895773717807616,0.28754567466431874,0.1335857362976007,0.3297226502311248,0.33569667620515076,0.23342945190402817,0.32419766674003964,-0.164950473255558,-0.06763372220999339,-0.08302223200528286,-0.05309267004182258
#18,0.053858683689192166,0.3283381025753907,0.5133876293198327,0.38017829627999117,0.4267620515078142,1.0,0.44841514417785605,0.18546114902047106,-0.012667840633942329,0.5321219458507594,0.21052168170812238,0.059881135813339204,0.382722870349989,0.2925533788245653,-0.13449922958397534,0.05221879815100154,0.512872551177636,0.609306625577812,-0.3025071538630861,-0.16254677525863967,-0.28920537090028614,-0.1390909090909091,0.12288355712084525,0.18225841954655514,-0.035183799251595864,0.013042042703059652,-0.04922077922077922,0.11151882016288796,0.5099735857362976,0.4996015848558221,0.6650319172353071,0.13044904248294079,0.41723750825445743,-0.027906669601584857,0.13495267444419987,0.22343605546995376,0.13482940788025533,-0.12315870570107858,0.014563064054589478,0.1586286594761171,0.27982390490865067,0.16950253136693816,0.11258859784283513,-0.028252256218357915,-0.2464208672683249,-0.17572309046885318,-0.045381906229363854,-0.043130090248734314,-0.05883777239709443,-0.13054369359454104,-0.030002201188641865,-0.03657274928461369,-0.12312348668280872,0.20232445520581113,-0.18412502751485801,-0.18540611930442438,-0.30687871450583315,-0.32207351970063836,-0.23454765573409642,-0.15166189742460928,-0.2253731014747964,-0.1860906889720449,0.025848558221439576,-0.07814659916354831,0.14457847237508253,-0.0562887959498129,0.421633281972265,0.18338322694254897,-0.03243011226062074,-0.08085186000440238,0.3879154743561523,0.1607395993836672,-0.0825049526744442,-0.13457186880915695,-0.15428351309707242,-0.04935285053929122,-0.1956548536209553,-0.28147919876733435,0.35771076381245875,0.347871450583315,0.021331719128329298,0.17636363636363636,0.13470834250495267,0.26645828747523664,0.5519920757208893,-0.11324455205811138,-0.02204270305965221,0.014058991855602025,0.22101694915254239,-0.0035923398635263042,0.23563944530046224,0.13407660136473695,-0.035219018269865725,-0.04625137574290117,0.08364957076821483,0.44414924058991856,0.18559322033898304,0.3271054369359454,0.26204710543693593,0.07921857803213736,0.23384547655734098,0.5456592559982391,0.21355051727933083,0.28189522342064716,0.33294739159145936,0.38277569887739377,0.3019392471934845,-0.1304226282192384,-0.04614791987673344,-0.2546731234866828,0.09955756108298482
#26,-0.02271846797270526,0.44031476997578695,0.2740017609509135,0.15639005062733877,0.2229407880255338,0.44841514417785605,1.0,0.07759850319172353,0.1821021351529826,0.38424829407880257,0.3488201628879595,-0.02240149680827647,0.28909531146819284,0.6580101254677526,-0.13813779440898086,0.08104116222760291,0.19193704600484263,0.2448448162007484,-0.2297622716266784,0.01386748844375963,-0.07370680167290337,0.011556240369799691,-0.020162887959498128,0.10561743341404359,-0.15756328417345367,-0.12486902927580894,-0.017046004842615013,0.03172793308386529,0.18281752146158925,0.1529143737618314,0.3461765353290777,0.1735989434294519,0.15941008144397975,0.11811798371120405,-0.16128109178956637,0.3034866828087167,-0.065148580233326,-0.1129672022892362,-0.17414703940127668,0.09939247193484482,0.04256218357913273,-0.07159806295399515,0.10389170151882016,0.05934404578472375,-0.38099053488884,-0.18700638344706141,0.14328197226502312,-0.029588377723970945,-0.027389390270746203,-0.019348448162007485,-0.13964780981730135,-0.1926766453885098,-0.17722209993396434,0.012786704820603127,-0.16262601804974686,-0.2369865727492846,-0.1335461149020471,0.01534668721109399,-0.15846357032797712,-0.1863680387409201,-0.0364274708342505,-0.021822584195465553,0.04448822364076602,-0.10030156284393572,0.07554039181157825,0.0034910851860004404,0.3993022232005283,0.5340964120625138,-0.12176755447941888,-0.02982390490865067,0.2743253356812679,0.18778780541492407,-0.14837772397094431,0.013295179396874312,0.03850099053488884,0.16430992736077482,-0.09712524763372221,-0.10629980189302224,0.06523662777900066,0.15085626238168612,0.056806075280651555,0.0903565925599824,0.1889060092449923,0.08428571428571428,0.2667356372441118,-0.09045344486022452,0.051228263262161566,-0.28634602685450145,0.14158485582214395,-0.1558463570327977,0.09803874092009686,0.08996478098173014,-0.0875148580233326,-0.038256658595641646,-0.0637640325775919,0.2598943429451904,0.0901848998459168,0.2241404358353511,0.15505392912172572,-0.10136033458067356,-0.04878494386968963,0.2907175874972485,0.19047545674664318,0.12206691613471274,0.23294959278010124,0.23158265463350208,0.1567840633942329,-0.010015408320493066,0.11104996698217037,-0.0726502311248074,0.0488597842835131
#49,0.6591701518820163,0.3132291437376183,0.08433634162447722,0.3147787805414924,0.2882412502751486,0.18546114902047106,0.07759850319172353,1.0,0.2715078142196786,0.3634250495267444,0.5280717587497249,0.2699119524543253,0.2890028615452344,0.10213295179396874,0.09290997138454765,0.09260620735197006,0.2403103675985032,0.15287255117763593,0.08884877834030376,0.06657495047325555,0.038285274047985915,0.13841294298921417,-0.03245432533568127,0.047070217917675544,0.05865287255117763,-0.08217037200088048,-0.2037838432753687,-0.1821813779440898,0.15576271186440677,-0.05727052608408541,0.14587057010785826,-0.18846136913933523,0.055095751705921195,-0.3039709443099274,0.10046004842615013,-0.11449702839533347,0.137112040501871,-0.13640545894783182,0.11087827426810477,-0.10918556020250936,-0.02482280431432974,0.08575390710983931,0.004706141316310808,-0.10684129429892142,-0.08549416685009906,0.011127008584635703,-0.18633722209993397,-0.23849878934624696,-0.4139885538190623,-0.09141536429672023,-0.2348646268985252,-0.072425709883337,-0.3169051287695355,0.11595641646489104,0.02104556460488664,0.11902047105436936,-0.3832885758309487,-0.2581620074840414,-0.553482280431433,-0.41032797710763813,-0.2679727052608408,-0.24932423508694695,-0.14620515078142196,-0.2274620294959278,0.11617653532907771,-0.2790028615452344,0.061763152102135156,-0.16357473035439138,0.1087211093990755,-0.17604666519920759,0.2527668941228263,0.0512524763372221,0.40309487123046445,0.17301562843935725,0.1319172353070658,0.08651111600264143,-0.07923838872991415,-0.4329760070438037,0.004723750825445741,0.07143737618313889,0.30178956636583754,-0.07519040281752146,0.30472154963680387,0.434208672683249,0.23662557781201848,0.009233986352630421,-0.448778340303764,0.09991635483160907,-0.24501430772617214,0.10691833590138675,-0.08068016729033678,-0.2930794629099714,-0.1228813559322034,-0.39113581333920316,-0.41541272287034997,0.08747303543913713,0.03328857583094871,-0.026227162667840635,-0.08307065815540392,-0.1720250935505173,-0.014827206691613472,0.14436935945410523,-0.03396434074400176,-0.04047325555800132,0.13061633281972265,0.09841294298921417,-0.01198547215496368,-0.2683909311027955,-0.10016508914814,-0.3951573849878935,-0.1824521241470394
#50,0.2603609949372661,0.4150209112920977,0.05266784063394233,0.13604446401056572,0.20138014527845036,-0.012667840633942329,0.1821021351529826,0.2715078142196786,1.0,0.3906251375742901,0.20296279991195246,0.338300682368479,0.10999119524543254,0.2768280871670702,0.1729473915914594,-0.16606647589698437,0.13786484701738938,-0.19353510895883777,0.17973805855161787,-0.10665199207572089,0.24766233766233767,-0.18320933303984152,0.040405018710103456,-0.2836385648250055,0.06191723530706582,-0.30734756768655075,-0.07292978208232445,-0.16718467972705262,0.09345586616773058,-0.1183513097072419,-3.301782962799912e-05,-0.054254897644728156,0.07680387409200969,0.009927360774818402,0.16240149680827648,-0.05403037640325776,0.3326700418225842,0.012346467092229804,0.11101474796390051,0.022821923838872993,0.022370680167290338,-0.039722650231124805,0.24382786704820603,-0.08456966762051508,-0.09720669161347127,-0.21111160026414263,0.10688091569447501,-0.03822143957737178,-0.050022011886418666,-0.37885097952894564,-0.10229583975346687,-0.35710543693594543,-0.36440457847237506,-0.31435835351089586,-0.014336341624477217,-0.2225181598062954,-0.06424169051287695,-0.1358331499009465,-0.11950253136693814,-0.03329517939687431,0.11896764252696457,0.10250055029716047,0.16011666299801894,-0.04163768434954876,-0.1674158045344486,-0.17851199647809818,0.06299581774158046,0.009143737618313889,0.19173013427250715,0.1011666299801893,-0.02476337222099934,0.024836011446180938,0.09305084745762712,0.08017609509134933,0.05352190182698657,0.045478758529605985,-0.04834250495267444,-0.09153202729473917,0.19241030156284394,-0.15527624917455427,0.18052388289676424,-0.14885758309487124,0.14725952014087607,0.020605326876513317,0.1426832489544354,-0.05681708122386089,-0.03097292537970504,0.04286814880035219,-0.11157384987893462,0.14683248954435396,-0.14967422408100375,0.054739159145938805,0.08596742240810037,-0.09636363636363636,-0.0426040061633282,-0.06670922298040942,-0.21231785163988554,-0.15740699977988112,-0.24447941888619854,-0.09994937266123707,0.06974466211754347,-0.023292978208232444,-0.04223860884877834,0.04958177415804534,0.09517939687431212,0.038263262161567245,0.0001915034118423949,0.044800792427911074,0.10681708122386088,-0.09427690953114681,0.0821021351529826
#51,0.4860378604446401,0.6779815100154083,0.6035901386748844,0.6190160686770856,0.4780453444860224,0.5321219458507594,0.38424829407880257,0.3634250495267444,0.3906251375742901,1.0,0.4850605326876513,0.22605546995377504,0.10646489104116223,0.33637244111820386,-0.08332379484921858,-0.04730794629099714,0.5632269425489764,0.3475434734756769,-0.07902267224301122,-0.3285758309487123,-0.29661457186880913,-0.34399075500770415,-0.09635263042042704,-0.04326436275588818,-0.04154523442659036,-0.1734536649790887,0.10273607748184019,0.20955535989434296,0.22561743341404358,0.21522342064714947,0.2861369139335241,-0.07309487123046444,0.3399647809817301,0.0014527845036319612,0.15315210213515298,-0.08555800132071319,0.06689192163768434,-0.16966982170372,0.04555580013207132,-0.06909971384547656,0.2414241690512877,0.06298921417565485,0.1578252256218358,-0.15508034338542814,-0.35473475676865507,-0.3432687651331719,0.11357032797710764,0.04686550737398195,-0.0953400836451684,-0.2518996257979309,-0.029187761391151222,-0.08312348668280872,-0.15702399295619635,0.1511138014527845,-0.2696786264582875,-0.07291877613911513,-0.43038520801232666,-0.4814813999559762,-0.11924279110719789,0.005170592119744662,-0.06156724631300903,-0.03279550957517059,-0.11907329958177416,-0.16557561082984812,0.29911071978868586,0.1865529385868369,0.04525863966541933,0.035780321373541715,0.07455205811138015,0.07295399515738499,0.3896654193264363,0.42250935505172793,0.07030596522121946,0.11608188421747744,-0.22886858903808055,-0.0249702839533348,-0.1762029495927801,-0.097607307946291,0.2210609729253797,0.10429011666299802,0.07622716266784063,-0.0029627999119524544,0.06990975126568347,0.06023772837332159,0.21104996698217038,-0.17109178956636584,-0.08882896764252697,0.0953863086066476,0.10957296940347788,0.2536825885978428,-0.008626458287475236,-0.05760510675764913,-0.1745278450363196,0.0036979969183359015,0.0026524323134492628,0.43873651771956856,0.20122386088487784,0.2610631741140216,0.17939687431212856,-0.02918335901386749,0.30480739599383666,0.21885097952894564,0.1320757208892802,0.3231763152102135,0.37758529605987234,0.3495773717807616,0.2792009685230024,-0.009394673123486684,-0.20307065815540393,-0.10203389830508475,0.19737398195025313
#52,0.5119832709663218,0.4816090688972045,0.3697336561743341,0.2956526524323134,0.28171692714065594,0.21052168170812238,0.3488201628879595,0.5280717587497249,0.20296279991195246,0.4850605326876513,1.0,-0.03760950913493286,0.020884877834030376,0.45175654853620956,-0.17140876073079464,-0.06506493506493506,0.15532907770195906,0.20399735857362977,-0.07798811358133392,-0.20076161127008585,-0.12859784283513098,0.04471934844816201,-0.04081223860884878,0.2763416244772177,-0.012449922958397535,0.06950033017829628,0.02182478538410742,0.01566585956416465,-0.04023552718467973,-0.09426590358793749,0.18847897864847019,-0.1002707462029496,0.1199735857362976,-0.05328197226502311,-0.12657495047325557,0.01437376183138895,-0.16754347347567686,-0.3239093110279551,0.09678626458287476,0.13556680607528065,-0.007576491305304865,0.001904028175214616,-0.11030816640986132,-0.3420889280211314,-0.04977767994717147,0.11480739599383667,0.09150561303103676,-0.010063834470614132,-0.085379705040722,0.01977988113581334,-0.15172573189522343,-0.11288795949812899,-0.24950913493286375,0.2760928901606868,0.032311248073959936,0.2468743121285494,-0.3920493066255778,-0.17252256218357914,-0.23859344045784725,-0.03910631741140216,-0.12576271186440677,-0.2225775918996258,-0.10250055029716047,-0.11821263482280431,0.2751617873651772,-0.01199207572088928,0.011787365177195686,0.03947391591459388,-0.12740479859123927,-0.23510675764913053,0.25801672903367817,0.03589918556020251,0.13030156284393574,0.13092009685230024,-0.03810697776799472,0.10436055469953776,-0.10405238828967643,-0.2546445080343385,-0.0036957957296940348,0.145049526744442,0.08007043803653974,-0.01716486902927581,0.08874312128549416,0.10504292317851639,0.04164208672683249,-0.020004402377283733,-0.31173233546114903,-0.30474136033458066,0.02583314990094651,-0.2278252256218358,-0.20602685450143077,-0.2701012546775259,-0.23804314329738058,-0.09935285053929122,-0.1660576711424169,0.2949702839533348,0.3151375742901167,0.15591459388069556,0.20235527184679727,-0.08734976887519261,0.033396434074400176,0.05667180277349769,-0.04651331719128329,0.12701078582434513,0.22304644508034338,0.23248954435395114,0.1630574510235527,-0.1768214836011446,-0.10958177415804535,-0.1870327977107638,0.022234206471494607
#53,0.029647809817301342,0.018393132291437377,-0.04087387189082104,-0.11832049306625578,0.45562623816861103,0.059881135813339204,-0.02240149680827647,0.2699119524543253,0.338300682368479,0.22605546995377504,-0.03760950913493286,1.0,0.4901452784503632,-0.02541712524763372,0.18432313449262602,-0.23190182698657275,0.29264582874752365,0.08832269425489764,-0.003407440017609509,-0.348300682368479,0.005813339203169712,-0.42926260180497466,0.30801672903367816,-0.44707902267224303,0.1053731014747964,-0.1895971824785384,-0.059892141756548535,-0.2741866607968303,0.3890006603565926,-0.14343605546995378,0.1543385428131191,-0.3119524543253357,0.10353510895883777,-0.169900946511116,0.37030596522121945,-0.23318732115342286,0.3541008144397975,0.100363196125908,0.2047457627118644,-0.07850759410081444,0.32166189742460927,-0.015513977547875852,0.12184459608188422,0.08526524323134492,-0.16350869469513538,-0.1910543693594541,0.11279330838652872,-0.022782302443319392,-0.1440413823464671,-0.2548778340303764,0.057858243451463794,-0.13371340523882896,-0.02983270966321814,-0.1777856042262822,-0.16027294739159145,-0.20524763372221,-0.010882676645388509,-0.345181598062954,-0.08295619634602686,-0.1571912832929782,0.009568567026194144,0.04351749944970284,0.02365397314549857,-0.19001760950913493,-0.22436055469953775,-0.18616773057451025,0.29518600044023774,-0.2128483381025754,-0.05215716486902928,-0.08894122826326216,-0.01941448382126348,-0.11682588597842836,-0.007173673783843275,0.051694915254237285,-0.21362976007043805,-0.16628659476117102,-0.039022672243011224,-0.0736913933524103,0.3803213735417125,-0.24528505392912173,0.5960906889720449,0.07103015628439358,0.33301342725071537,0.450594320933304,0.47639005062733875,0.14742460928901607,0.10407660136473695,0.3781223860884878,0.03379484921857803,0.6470372000880475,-0.05595421527624918,0.08493286374642307,-0.07849218578032137,-0.05355271846797271,-0.15553158705701078,0.10443539511336121,-0.17454985692273828,0.07447281532027294,-0.13490204710543693,-0.09478318291877615,0.05711424169051288,0.32052388289676426,-0.028613251155624037,-0.031626678406339426,-0.04837112040501871,-0.050750605326876516,-0.09745102355271847,-0.04908430552498349,0.0099801893022232,-0.008595641646489105,-0.20801012546775258
#54,-0.14375522782302444,-0.059645608628659474,-0.02656174334140436,-0.07063394232885759,0.19795949812898966,0.382722870349989,0.28909531146819284,0.2890028615452344,0.10999119524543254,0.10646489104116223,0.020884877834030376,0.4901452784503632,1.0,0.24955756108298482,0.01652872551177636,-0.07201628879594982,0.4006383447061413,0.4729077701959058,-0.2380959718247854,-0.161666299801893,-0.10244772176975567,-0.17714725952014088,0.15861985472154963,-0.08013647369579573,-0.15033237948492187,-0.08252256218357913,-0.35997798811358134,-0.4075324675324675,0.722738278670482,0.087376183138895,0.5638322694254898,-0.07400616332819723,0.24896764252696457,-0.2446136913933524,0.2355227823024433,0.06780101254677526,0.28579793088267663,0.1277591899625798,-0.1239489324235087,0.06279110719788686,0.16795949812898966,0.17353510895883778,0.07176535329077702,0.19935505172793308,-0.22711644287915475,-0.06879154743561523,-0.19026634382566585,-0.37411182038300683,-0.22089148139995599,-0.1777261721329518,-0.1668346907329958,-0.25865727492846136,-0.262590799031477,-0.20516398855381907,-0.33854941668500993,-0.44567246313009024,-0.09058991855602025,-0.162194585075941,-0.3650957517059212,-0.40692493946731234,-0.19787145058331498,-0.107574290116663,0.2124521241470394,0.03175874972485142,-0.1889522342064715,-0.25856702619414484,0.7717499449702839,0.08945630640545894,0.0985824345146379,-0.12559542152762493,0.38848778340303763,-0.10124807395993837,0.013398635263042042,-0.16099053488883996,-0.001741140215716487,0.002936385648250055,-0.019513537310147478,-0.26309487123046443,0.22784063394232887,0.14927360774818402,0.531882016288796,-0.1395531587057011,0.6645388509795289,0.7838168611049967,0.6831543033237949,0.18723090468853182,0.11724191063174114,0.12447061413163107,0.1251948051948052,0.05871230464450804,0.07957076821483601,0.16983931322914375,-0.024012766894122826,-0.1676667400396214,-0.14981069777679948,0.3051661897424609,-0.06563504292317851,0.15107197886858903,-0.15680607528065155,-0.1531036759850319,-0.12691613471274488,0.6949944970283953,0.16205811138014528,-0.08322033898305085,-0.08297160466651993,0.08555359894342945,-0.13565265243231345,-0.1457693154303324,0.17191283292978207,-0.1832621615672463,-0.19498128989654415
#58,0.011767554479418886,0.340693374422188,0.08550737398195025,0.14509355051727932,0.1440083645168391,0.2925533788245653,0.6580101254677526,0.10213295179396874,0.2768280871670702,0.33637244111820386,0.45175654853620956,-0.02541712524763372,0.24955756108298482,1.0,0.041036759850319175,0.03188421747743782,0.0538696896324015,0.11357913273167511,0.016792868148800353,-0.1014968082764693,0.13705701078582436,0.012634822804314329,-0.12956856702619415,-0.051912832929782084,-0.0437772397094431,-0.1797490644948272,-0.14013427250715385,-0.11732335461149021,0.17506053268765134,0.053647369579572966,0.23706141316310808,0.02513977547875853,0.1010741800572309,0.08991855602025094,-0.13180057230904688,0.13949592780101255,0.0976469293418446,-0.09823684789786484,-0.14445960818842174,0.14441338322694255,-0.05055910191503412,-0.08980409421087387,0.09257539071098393,-0.00029275808936825884,-0.4576887519260401,-0.2859366057671142,0.060970724191063176,-0.11439797490644948,-0.036574950473255555,-0.17916134712744883,-0.18003742020691174,-0.4043297380585516,-0.33945630640545893,-0.015452344265903587,0.03709222980409421,-0.13412502751485803,-0.1820823244552058,-0.1363218137794409,-0.22033898305084745,-0.17746423068456968,-0.009768875192604005,-0.023469073299581773,0.12730134272507154,-0.12902267224301123,0.021811578252256218,-0.14340964120625138,0.4458287475236628,0.46917455425930005,0.016913933524103017,-0.05800132071318512,0.11644508034338542,0.02421087387189082,-0.08544133832269425,-0.07909090909090909,-0.00010565705480959718,0.04476117103235747,-0.02960598723310588,-0.14623156504512436,0.05282412502751486,0.02292758089368259,0.10399735857362977,-0.05772397094430993,0.21553378824565264,0.0838036539731455,0.13856702619414485,0.004175654853620955,-0.009938366718027735,-0.34996257979308826,0.0362425709883337,-0.254175654853621,-0.07064054589478318,-0.07830508474576271,-0.3111424169051288,-0.07916134712744882,-0.11090909090909092,0.11188861985472155,0.07350869469513538,0.0536913933524103,0.04051948051948052,-0.1628483381025754,-0.10127448822364077,0.19915914593880696,0.01678846577151662,-0.10299141536429672,0.11028395333480079,0.09311908430552499,0.04325775918996258,-0.007147259520140876,0.06111160026414264,-0.07958837772397094,0.03224521241470394
#101,-0.12472595201408761,-0.16816420867268325,-0.2807506053268765,-0.13799251595861764,-0.16975786924939468,-0.13449922958397534,-0.13813779440898086,0.09290997138454765,0.1729473915914594,-0.08332379484921858,-0.17140876073079464,0.18432313449262602,0.01652872551177636,0.041036759850319175,1.0,0.5041096191943649,-0.21057891261281092,-0.28370680167290335,0.5909399075500771,0.31532907770195906,0.8041316310807837,0.1050099053488884,0.18427470834250495,-0.21859123926920537,0.2183314990094651,-0.026918335901386748,-0.3021549636803874,-0.5350231124807396,0.09898305084745762,-0.07768434954875633,-0.2043759630200308,-0.10623376623376624,-0.2638014527845036,-0.08871890821043363,0.01508694695135373,-0.1885560202509355,0.3402861545234427,0.31195025313669383,0.03206251375742901,0.08175654853620955,-0.17169711644287916,-0.09315210213515299,0.03176535329077702,0.3524323134492626,-0.05105436935945411,-0.41222320052828526,-0.1398877393792648,-0.27466211754347347,-0.14165089148139995,-0.2706977767994717,-0.30848558221439576,-0.2507528065155184,-0.2938234646709223,-0.25131631080783623,0.22035439137134052,0.0713185119964781,-0.09786484701738939,-0.1350957517059212,-0.34274488223640764,-0.20724411182038302,-0.3301782962799912,-0.40268765133171913,0.05399515738498789,0.10263262161567246,-0.26158045344486025,-0.31902267224301123,-0.014853620955315871,0.022645828747523664,0.4692956196346027,0.248267664538851,-0.023292978208232444,0.13758529605987233,0.17414043583535108,-0.11012766894122826,0.15319832709663217,-0.27575830948712304,-0.2747787805414924,-0.43058331499009467,0.1999471714725952,0.12637244111820384,0.07246753246753247,-0.016304204270305964,0.09850759410081444,0.047948492185780324,0.017140655954215277,-0.2064935064935065,-0.40852520360994937,-0.15997578692493947,-0.11042042703059653,0.16643627558881796,-0.0125181598062954,-0.23974025974025975,-0.29223200528285276,-0.509489324235087,-0.1967378384327537,-0.32755007704160244,-0.27809377063614354,-0.2371340523882897,-0.4050957517059212,-0.23201188641866607,-0.30370900286154523,-0.1072507153863086,-0.15565265243231344,-0.17803653973145497,-0.26457847237508253,-0.2639621395553599,-0.2750253136693815,-0.2899207572088928,-0.2827845036319613,-0.32806075280651553,-0.24969843715606427
#102,0.021624477217697557,0.055117763592339865,-0.08375302663438257,-0.01977988113581334,-0.2967378384327537,0.05221879815100154,0.08104116222760291,0.09260620735197006,-0.16606647589698437,-0.04730794629099714,-0.06506493506493506,-0.23190182698657275,-0.07201628879594982,0.03188421747743782,0.5041096191943649,1.0,-0.185379705040722,-0.032254017169271405,0.2672573189522342,0.6934184459608188,0.3731432973805855,0.578928021131411,-0.12850759410081444,0.11363416244772177,0.021060972925379704,0.1578956636583755,-0.4191965661457187,-0.26800792427911074,-0.03002421307506053,0.09737838432753687,-0.08675544794188862,-0.09954875632841735,-0.32296500110059434,-0.10769095311468192,-0.15831388950033018,-0.10472815320272948,-0.018003521901826986,0.21536869909751266,-0.2808562623816861,-0.20502531366938145,-0.2361038961038961,-0.03441118203830068,0.041197446621175436,0.26433414043583536,-0.2733524103015628,-0.23993836671802773,-0.33886858903808054,-0.32035439137134053,-0.40306185340083645,-0.03853620955315871,-0.43903587937486244,0.019658815760510675,-0.3410499669821704,-0.06323354611490205,-0.005086946951353731,0.06513097072419106,-0.1849768875192604,0.11750385208012326,-0.4014659916354832,-0.3108430552498349,-0.2986902927580894,-0.2771340523882897,-0.09300242130750605,0.026213955535989434,-0.005247633722209993,-0.24447061413163107,0.020070438036539733,0.22604226282192383,0.31925819942769096,0.2537640325775919,0.23006823684789787,0.32943649570768213,0.19582214395773717,-0.15089368258859784,0.14238828967642528,-0.13109839313229144,-0.11138454765573409,-0.3003081664098613,0.015758309487123045,0.40902267224301125,-0.07596302003081665,0.03343385428131191,0.04192163768434955,0.051424169051287695,-0.05821263482280432,-0.15598943429451903,-0.27869689632401495,-0.34525643847677745,-0.08010125467752587,0.02447721769755668,-0.08941448382126348,-0.16486902927580893,-0.062366277790006606,-0.45602685450143077,-0.2713999559762272,-0.0859982390490865,-0.10336781862205591,-0.195445740699978,-0.1814703940127669,-0.29777459828307284,-0.4603367818622056,-0.10950033017829627,-0.03784063394232886,-0.20109178956636584,-0.25160906889720447,-0.17659696235967423,-0.32950253136693813,-0.09546775258639666,-0.15591459388069556,-0.3315430332379485,-0.2391151221659696
#201,0.22079462909971384,0.3148646268985252,0.5911952454325335,0.5072088928021131,0.5458529605987233,0.512872551177636,0.19193704600484263,0.2403103675985032,0.13786484701738938,0.5632269425489764,0.15532907770195906,0.29264582874752365,0.4006383447061413,0.0538696896324015,-0.21057891261281092,-0.185379705040722,1.0,0.5972573189522342,-0.12001100594320933,-0.2652938586836892,-0.43552718467972706,-0.34560642747083425,0.05424389170151882,-0.12239489324235087,-0.007983711204050187,-0.007944089808496589,-0.0007902267224301123,0.12086506713625357,0.5726722430112261,0.23871230464450804,0.5410587717367379,-0.003042042703059652,0.47392031697116443,-0.0723794849218578,0.3134206471494607,-0.14874972485141977,0.11318732115342285,-0.06555359894342945,-0.015998239049086507,-0.02726832489544354,0.45358133392031696,0.13782742681047766,0.10283292978208232,-0.03832929782082325,-0.2928813559322034,-0.11800792427911072,0.06280871670702179,0.05828527404798591,-0.010438036539731455,-0.0939951573849879,0.23625357693154303,0.08416905128769536,-0.008835571208452565,0.055410521681708125,-0.376946951353731,-0.17310147479639004,-0.3893704600484261,-0.4157296940347788,-0.12530486462689852,-0.06897424609289016,-0.15863086066475898,-0.09132731675104556,0.025712084525643848,-0.08292317851639885,0.14832929782082324,0.2092097732775699,0.18466651992075722,-0.05211754347347568,0.10448162007484041,-0.004248294078802554,0.48844816200748403,0.2579198767334361,-0.003341404358353511,0.14050407219898745,-0.2701959057891261,-0.000162887959498129,-0.17286374642306845,-0.12405899185560203,0.338036539731455,0.15180717587497247,0.24283292978208232,0.06697996918335901,0.2158331499009465,0.3922562183579133,0.5221307506053269,-0.0624983491085186,0.13944309927360773,0.3018137794408981,0.1728615452344266,0.2530134272507154,0.16455646048866387,0.17581994276909532,-0.03778120184899846,0.06178956636583755,-0.08691173233546115,0.556715826546335,0.1875214615892582,0.5048712304644508,0.22553378824565265,0.1436121505613031,0.38181598062954,0.5980101254677526,0.3109222980409421,0.4501342725071539,0.3513185119964781,0.43022892361875414,0.276418666079683,-0.04550297160466652,-0.16709663218137794,-0.14659035879374863,0.04323574730354392
