,#10,#11,#12,#13,#17,#18,#26,#49,#50,#51,#52,#53,#54,#58,#101,#102,#201,#202,#301,#302,#401,#402,#501,#502,#601,#602,#701,#702,#801,#802,#901,#902,#1001,#1002,#1101,#1102,#1201,#1202,#1301,#1302,#1401,#1402,#1501,#1502,#1601,#1602,#1701,#1702,#1801,#1802,#1901,#1902,#2001,#2002,#2101,#2102,#2201,#2202,#2301,#2302,#2401,#2402,#2501,#2502,#2601,#2602,#2701,#2702,#2801,#2802,#2901,#2902,#3001,#3002,#3101,#3102,#3201,#3202,#3301,#3302,#3401,#3402,#3455,#3501,#3502,#3601,#3602,#3701,#3702,#3801,#3802,#3901,#3902,#4001,#4002,#4101,#4102,#4201,#4202,#4301,#4302,#4401,#4402,#4501,#4502,#4601,#4602,#4701,#4702,#4801,#4802
#10,1.0,0.41372661237068015,0.21427030596522123,0.3571604666519921,0.06362095531587057,-0.04025313669381466,0.15416905128769537,0.2094210873871891,0.27947391591459386,0.506550737398195,0.17485582214395773,-0.1770063834470614,0.03343605546995378,-0.11674003962139555,-0.07544133832269426,0.014730354391371341,0.3679418886198547,0.2636979969183359,-0.015108958837772397,-0.014175654853620955,-0.0697490644948272,-0.09397754787585295,-0.07449042482940788,-0.04523882896764253,0.22257318952234206,-0.026471494607087826,0.1160180497468633,0.09295619634602685,0.05735637244111821,0.06608848778340304,0.11761611270085846,0.4019260400616333,-0.01763812458727713,0.06132951793968743,-0.021300902487343166,0.2675698877393793,-0.04503411842394893,-0.08393132291437376,-0.060708782742681044,0.2778516398855382,-0.10524763372221,-0.02889720449042483,-0.04047325555800132,0.06646489104116222,-0.052976007043803654,0.012775698877393793,-0.05012766894122826,-0.14645168390931101,0.001111600264142637,-0.11542372881355932,0.034274708342504956,0.14079462909971385,0.05352850539291217,0.2207373981950253,-0.09861104996698217,0.08272727272727273,-0.18630640545894783,-0.2460972925379705,-0.20105657054809598,-0.06154963680387409,0.014239489324235088,0.17132291437376182,-0.2576689412282633,-0.08114461809377063,0.3471318511996478,0.15539951573849878,-0.09600044023772837,-0.11975346687211094,-0.1215826546335021,-0.024796390050627337,0.21716046665199207,0.01737838432753687,-0.2736253576931543,-0.0825379705040722,0.12721989874532247,0.009293418445960818,-0.25427250715386307,-0.04081003742020691,-0.14154743561523223,-0.06902707462029496,-0.2865617433414044,0.006390050627338763,-0.31991195245432535,-0.08821923838872991,-0.017895663658375523,0.09974246092890161,0.009702839533348008,-0.09711424169051287,-0.0487475236627779,-0.22302223200528284,0.08963460268545015,0.0784239489324235,0.07728373321593661,-0.129570768214836,-0.2014505833149901,0.1637904468412943,0.21771076381245874,0.11210873871890821,0.12648470173893903,0.1482126348228043,0.18055249834910853,0.10654193264362756,0.1775148580233326,0.050407219898745324,0.11841514417785604,-0.09686990975126568,-0.01198547215496368,0.08543693594541052,-0.0699801893022232,-0.06134272507153863,-0.1991547435615232
#11,0.41372661237068015,1.0,-0.11001100594320934,0.12066475896984372,-0.01690953114681928,-0.1532291437376183,0.28417125247633723,0.07547875852960599,0.24342504952674443,0.5315056130310367,0.30720228923618753,-0.11987233105877174,-0.010334580673563725,-0.10697556680607528,-0.09742460928901607,0.27443979749064495,-0.029495927801012546,-0.10116883116883117,0.23043143297380586,0.18066696015848557,-0.04983050847457627,-0.12292317851639886,-0.40757869249394674,-0.23280651551837991,0.18009024873431653,-0.13244992295839753,-0.13928681488003522,-0.13246313009024874,-0.03405018710103456,-0.07870349988994056,-0.20940788025533788,-0.01612590799031477,-0.39538190622936387,0.07807395993836672,0.07210653753026634,0.003116883116883117,0.08437156064274709,0.032022892361875416,-0.09728813559322035,0.07097292537970504,0.009269205370900285,0.01662557781201849,0.09137134052388289,-0.05510455646048867,-0.26005502971604666,-0.2549064494827207,-0.2271054369359454,-0.1749900946511116,-0.14,-0.18074180057230904,-0.11795729694034779,-0.2329011666299802,-0.29674003962139556,0.015593220338983051,-0.08465551397754788,0.268432753686991,-0.13745102355271846,-0.03596081884217477,-0.06817081223860885,-0.127739379264803,0.12547435615232225,0.2617125247633722,-0.15629099713845476,0.09739379264802994,0.37152762491745545,0.2782544574069998,-0.22283072859344047,0.04494166850099054,0.003975346687211094,0.05143517499449703,0.18749064494827206,0.0771846797270526,-0.20953114681928242,-0.1626370239929562,0.162458727712965,0.2286352630420427,0.1299471714725952,0.05951573849878935,-0.24047985912392691,-0.13285053929121726,-0.06814219678626458,-0.02164869029275809,-0.10408100374202069,0.12498128989654414,-0.05528725511776359,0.09367378384327536,0.15706361435174995,-0.07703279771076381,0.0790248734316531,-0.22767554479418886,-0.09604666519920757,-0.015745102355271847,-0.2211402157164869,0.010578912612810918,-0.07631961259079903,-0.14339203169711645,0.0898547215496368,-0.147046004842615,0.0002531366938146599,-0.12465331278890601,-0.17095971824785383,-0.2885097952894563,-0.16322254017169271,-0.32655513977547873,-0.321071978868589,-0.43161347127448824,-0.3645960818842175,0.15043803653973145,0.2327162667840634,0.05898084965881576,0.01601584855822144
#12,0.21427030596522123,-0.11001100594320934,1.0,0.16224081003742022,0.00935064935064935,0.1984041382346467,0.11154963680387409,0.4134382566585956,0.02061853400836452,0.023198327096632183,0.055802333259960375,-0.2276667400396214,0.06556680607528065,-0.2106911732335461,-0.29209112920977326,-0.1587343165309267,0.5288069557561083,0.7001452784503632,-0.2642769095311468,-0.33461149020471054,-0.29909531146819285,0.12251815980629539,0.24126788465771518,0.25765573409641207,0.14627779000660357,0.009216376843495487,0.5961479198767334,0.43610169491525425,0.2040149680827647,0.14844375963020032,0.5820735197006384,0.38489324235086947,0.5799955976227162,-0.1765529385868369,-0.05453004622496148,0.005381906229363857,-0.33066255778120185,-0.37170372000880475,-0.13725952014087608,0.04019370460048426,-0.10422408100374202,-0.26115562403697995,-0.024129429892141757,-0.297343165309267,-0.03154963680387409,-0.15529826106097291,0.16892361875412723,0.3012920977327757,0.07432093330398415,0.40703279771076384,0.32948712304644506,0.4366916134712745,0.44522121945850757,0.2526678406339423,0.10235527184679727,-0.2916090688972045,-0.3873299581774158,-0.464884437596302,0.0827030596522122,-0.2872397094430993,0.22793088267664538,-0.01476997578692494,-0.2651419766674004,-0.07205150781421968,0.5082390490865067,0.14924939467312348,-0.2090512876953555,-0.06589698437156065,-0.2952872551177636,-0.2395729694034779,0.05921637684349549,0.10180717587497248,-0.14840633942328857,0.4057891261281092,-0.3201232665639445,-0.2080629539951574,-0.4847567686550737,-0.15400616332819722,0.006425269645608629,0.07022672243011226,0.12584415584415584,0.14515298261060972,-0.010592119744662117,-0.33369579572969404,-0.23357032797710764,0.1351948051948052,0.09861104996698217,0.31221879815100156,-0.02852080123266564,-0.03843715606427471,-0.062047105436935944,-0.26485582214395775,0.011364736957957297,0.004739159145938807,0.05785163988553819,0.5703499889940568,0.04416464891041162,0.5878098173013427,0.628795949812899,0.317475236627779,0.6373717807616113,0.6614065595421528,0.5836231565045125,0.44816861104996697,0.5790446841294299,0.4226172132951794,0.45824125027514856,-0.1930266343825666,-0.12038300682368479,-0.012203389830508475,0.04327977107638124
#13,0.3571604666519921,0.12066475896984372,0.16224081003742022,1.0,0.0941470394012767,0.2050099053488884,0.20434074400176094,0.19763592339863525,0.08284833810257539,0.40600044023772835,0.16947611710323573,-0.1061237068016729,0.23117763592339863,-0.0949042482940788,0.14300902487343164,-0.09777679947171472,0.3811204050187101,-0.024475016508914815,0.016819282412502752,-0.007457627118644068,0.18705701078582435,-0.10153863086066475,0.22291217257318952,-0.0628021131410962,0.13797930882676646,-0.0929407880255338,0.05705701078582435,0.17599383667180277,0.02172573189522342,-0.009588377723970944,-0.08307506053268765,0.028073959938366717,-0.005555800132071319,-0.04600484261501211,0.0161831388950033,0.2351419766674004,0.11770195905789126,-0.03458727712965001,0.07811578252256218,0.06602905569007264,-0.019484921857803213,-0.055031917235307065,0.4393990755007704,0.374686330618534,0.11786264582874752,0.3396984371560643,-0.1337112040501871,-0.12363196125907991,0.03050627338762932,-0.17176095091349328,0.1722342064714946,0.04529165749504733,0.14392692053709003,0.053704600484261504,0.046335020911292095,0.03423728813559322,0.00927360774818402,-0.16228263262161569,-0.17040721989874533,0.0752080123266564,-0.13241030156284395,0.021472595201408762,0.15333039841514418,0.1996830288355712,0.10250935505172794,0.16448602245212415,-0.11902487343165309,-0.09383006823684789,-0.0034008364516839094,-0.03817961699317632,-0.05198327096632181,-0.1407043803653973,-0.003204930662557781,-0.08110939907550077,0.17303764032577593,-0.18399075500770415,-0.22771736737838433,-0.22398415144177855,-0.02064935064935065,0.032086726832489545,-0.12180937706361435,0.16467972705260842,-0.2660642747083425,0.08336121505613031,0.041463790446841294,-0.05566145718688092,-0.19601144618093772,-0.07083204930662558,-0.1345674664318732,0.022137354171252475,0.22902267224301123,-0.06544794188861985,0.06467972705260841,-0.25299361655293856,-0.1769535549196566,0.005894783182918776,0.005952014087607308,0.16109178956636583,0.0028483381025753906,0.19790226722430113,0.23720889280211313,0.0922804314329738,0.09759630200308167,0.025450143077261723,0.1903367818622056,0.08586396654193264,0.04502751485802333,-0.042542372881355935,-0.13675324675324677,-0.17494607087827427,-0.20347567686550738
#17,0.06362095531587057,-0.01690953114681928,0.00935064935064935,0.0941470394012767,1.0,0.45074840413823464,0.18658815760510675,-0.013101474796390051,-0.032364076601364734,0.07138895003301783,-0.0535989434294519,0.23823024433193923,0.322326656394453,0.08393792648029937,-0.18333700198106978,-0.2579286814880035,0.1562821923838873,-0.045097952894563066,-0.3177129650011006,-0.25006823684789786,-0.05706141316310808,-0.2000726392251816,0.13985912392692054,0.16176755447941887,-0.014972485141976667,-0.05733215936605767,0.04880255337882457,0.165808936825886,0.04646268985252036,0.2561567246313009,0.12669601584855822,0.10968523002421307,0.1943253356812679,-0.005795729694034779,0.14111160026414263,0.2393594541052168,0.09149240589918556,-0.059977988113581335,0.11622496147919877,0.08389170151882017,0.16331939247193483,0.07591679506933745,0.10640325775918996,0.21052168170812238,0.12425489764472815,0.3645828747523663,0.23028395333480078,0.2475016508914814,0.1026964560862866,0.018206031256878714,0.05325996037860445,0.09015408320493067,-0.010301562843935725,-0.19654193264362757,-0.13180717587497248,-0.12440898084965882,0.10900286154523443,-0.08444199867928681,0.13223200528285273,0.13183359013867488,-0.12929782082324456,0.053215936605767115,0.07735197006383447,-0.04810037420206912,-0.1639423288575831,-0.034908650671362534,0.16943869689632401,0.09983270966321814,-0.25511776359233984,-0.13538850979528946,-0.22026194144838213,-0.21799251595861766,0.0224983491085186,0.10715166189742462,0.03841074180057231,0.0054149240589918555,-0.08224301122606208,0.15290336781862204,0.002051507814219679,-0.02150561303103676,0.11778120184899846,0.4413273167510456,0.18921857803213735,0.14526304204270307,0.27791327316751047,-0.185016508914814,-0.04916795069337442,0.3309685230024213,0.18793748624257098,0.3611798371120405,0.40473475676865506,0.33679506933744224,0.27093770636143516,-0.1263944530046225,-0.11063394232885758,-0.032931983270966324,-0.10449262601804975,0.17245432533568128,-0.07280211314109619,0.24042042703059652,0.08825225621835792,0.19846136913933524,0.11106097292537971,0.1161567246313009,0.19562623816861105,0.2388597842835131,0.1878912612810918,-0.11225841954655515,-0.03877173673783843,-0.25794188861985473,-0.19329738058551618
#18,-0.04025313669381466,-0.1532291437376183,0.1984041382346467,0.2050099053488884,0.45074840413823464,1.0,0.15088487783403037,0.03298701298701299,0.13053268765133172,-0.03021351529826106,0.007169271406559542,0.13189962579793088,0.446304204270306,0.17998459167950692,-0.1638696896324015,-0.2665595421527625,0.15857362976007044,0.0984635703279771,-0.348069557561083,-0.3350891481399956,-0.12240149680827647,-0.058950033017829626,0.11730794629099714,0.35241690512876955,-0.11888399735857363,0.1216420867268325,0.20973805855161787,0.18973365617433413,0.1750363196125908,0.3848162007484041,0.18731454985692275,0.2916861104996698,0.280840854061193,0.1287739379264803,0.20807175874972486,0.3398503191723531,-0.07568787145058331,0.07402377283733216,-0.027812018489984592,0.13968743121285493,0.2039687431212855,0.1937508254457407,0.2524609289016069,0.3428791547435615,0.22115562403697997,0.38146819282412503,0.2651089588377724,0.1893462469733656,0.18895443539511336,0.07388289676425269,0.24916574950473255,0.340693374422188,0.14652872551177637,-0.03561963460268545,-0.2027426810477658,-0.19253356812678846,0.09884877834030377,-0.05317851639885538,0.07710983931322915,0.22876513317191283,-0.3118071758749725,-0.07763592339863526,0.14225181598062955,0.20892141756548535,-0.03455646048866388,0.030451243671582653,0.1089654413383227,0.024369359454105215,-0.3765309267004182,-0.15633281972265023,-0.3060664758969844,-0.207079022672243,0.1642064714946071,0.11691173233546115,0.11939687431212855,-0.18228483381025753,-0.34937486242570986,-0.18539731454985692,-0.024765573409641205,0.3180937706361435,0.24513977547875854,0.5961501210653753,0.09452784503631961,-0.11309707241910631,0.20584635703279772,-0.2992295839753467,-0.2052410301562844,0.45994717147259523,0.40178296279991194,0.3770944309927361,0.5517631521021351,0.2049636803874092,0.48782082324455206,-0.2906383447061413,-0.06222760290556901,-0.13096632181377943,0.07840633942328858,0.18558441558441557,0.0023002421307506053,0.20046004842615012,0.14432753686990976,0.40381906229363856,0.4209751265683469,0.19343825665859565,0.2247655734096412,0.25596962359674225,0.3036869909751266,-0.23311908430552497,-0.036436275588817964,-0.37019150341184237,-0.22965441338322695
#26,0.15416905128769537,0.28417125247633723,0.11154963680387409,0.20434074400176094,0.18658815760510675,0.15088487783403037,1.0,-0.09425489764472815,0.16590358793748625,0.3260642747083425,0.2977041602465331,0.07689412282632621,0.18438036539731456,0.07933524103015628,-0.2378516398855382,-0.013165309267004183,0.1968038740920097,0.059885538190622936,-0.08788906009244993,-0.10830948712304644,-0.14968743121285494,-0.27633722209993394,0.06631300902487343,0.13825665859564165,-0.05161127008584636,-0.3155183799251596,0.05230024213075061,0.13666299801893023,0.04712304644508034,-0.08755007704160246,-0.007239709443099274,0.12406559542152762,-0.15888399735857364,-0.12536869909751266,-0.027206691613471275,0.07708122386088488,-0.1687541272287035,-0.13996918335901387,-0.4456548536209553,-0.20792868148800353,-0.1572705260840854,-0.03210873871890821,0.17147479639005062,-0.12946290997138454,-0.026647589698437155,-0.0036957957296940348,-0.11070878274268105,0.05301342725071539,-0.21419986792868148,0.15519920757208894,0.2321483601144618,0.18707902267224302,0.01265463350209113,0.07656174334140436,-0.19266784063394232,0.03554259300022012,-0.023099273607748185,0.0059476117103235745,0.030275148580233325,-0.05497908870790227,-0.03145718688091569,0.16180717587497248,0.017763592339863528,0.09445520581113802,-0.0009971384547655733,-0.11505392912172573,0.0019326436275588818,0.3038102575390711,0.04361435174994497,0.13527845036319613,0.2516596962359674,0.1608694695135373,-0.25091349328637463,0.1345696676205151,-0.0937640325775919,0.1429583975346687,-0.08906669601584856,-0.06322914373761832,-0.14108518600044023,-0.03599603786044464,0.10926700418225842,0.20104556460488665,-0.1263284173453665,0.17253576931543033,0.1463152102135153,0.030735197006383448,-0.024994497028395332,0.0690512876953555,0.0836385648250055,0.09497908870790227,0.10654853620955315,0.19073519700638344,0.08528065155183799,-0.15466431873211534,-0.14917895663658376,-0.13283733215936605,0.07111820383006824,-0.02982390490865067,0.17623156504512436,-0.061644287915474355,0.15855822143957737,-0.04757208892802113,-0.008996257979308827,-0.17046885318071758,-0.043915914593880695,-0.16824345146379044,0.07894783182918776,-0.0633876293198327,0.15236187541272286,-0.12077922077922078,-0.15435615232225403
#49,0.2094210873871891,0.07547875852960599,0.4134382566585956,0.19763592339863525,-0.013101474796390051,0.03298701298701299,-0.09425489764472815,1.0,0.189900946511116,0.17414043583535108,0.2630926700418226,-0.011067576491305305,0.07824125027514858,0.033649570768214836,-0.13530486462689853,-0.2525599823904909,0.3043693594541052,0.11258639665419326,0.013891701518820163,0.052837332159366056,-0.13078142196786263,-0.015304864626898526,-0.03803653973145499,-0.10047325555800132,0.15283513097072418,-0.0702377283733216,0.11377283733215937,0.06791327316751046,-0.003442659035879375,0.16888399735857362,0.07990975126568346,0.01521021351529826,0.100198106977768,-0.1116222760290557,0.006940347787805415,0.032736077481840195,-0.12492846136913933,-0.14931102795509577,0.053962139555359896,0.24946070878274268,-0.02607528065155184,-0.07156064274708343,0.17051067576491305,-0.09870349988994057,-0.13099933964340743,-0.1501584855822144,-0.11865067136253576,-0.06754347347567687,-0.12435615232225401,-0.10685009905348888,-0.00827426810477658,-0.1380101254677526,0.08056130310367599,-0.1411336121505613,-0.07714946070878274,-0.20681928241250275,-0.26518820162887957,-0.40318071758749724,0.10536649790887079,0.13001540832049308,0.33210653753026637,0.3469601584855822,-0.2691943649570768,-0.21510675764913054,0.27564825005502974,0.06877173673783843,-0.12373321593660577,-0.31011005943209335,-0.1726766453885098,-0.10811358133392032,-0.06798591239269205,0.055824345146379045,0.07482060312568788,0.1775544794188862,0.12673123486682808,-0.18466211754347348,-0.072359674224081,-0.0023002421307506053,-0.034006163328197225,0.000937706361435175,0.023682588597842835,0.07754347347567686,-0.027946290997138454,0.0023684789786484702,-0.006836891921637684,0.34771076381245875,0.39838872991415364,0.05097512656834691,-0.16080563504292317,0.04326436275588818,0.12446841294298921,-0.15104336341624477,-0.028939027074620295,0.20201408760730794,0.2775896984371561,0.31567246313009023,0.13109178956636583,0.011237068016729034,0.14444860224521242,0.014521241470394013,0.32900286154523445,0.26740039621395556,0.10786924939467313,0.08435395113361215,0.20062513757429012,0.03891921637684349,0.14706141316310808,0.21963460268545015,0.04092449922958397,0.06368038740920097,0.13260840854061193
#50,0.27947391591459386,0.24342504952674443,0.02061853400836452,0.08284833810257539,-0.032364076601364734,0.13053268765133172,0.16590358793748625,0.189900946511116,1.0,0.37143957737178074,0.18201408760730795,0.08184239489324235,0.11770856262381686,0.12924058991855603,-0.07469073299581774,-0.3123662777900066,-0.045104556460488665,-0.037246313009024874,0.07082764692934185,-0.04140655954215276,-0.2688685890380806,-0.3537112040501871,-0.1738696896324015,-0.24841074180057232,0.1437640325775919,0.06796169931763152,-0.09757208892802113,-0.0738895003301783,0.012987012987012988,0.07205370900286155,-0.02815760510675765,0.061826986572749286,-0.20136033458067357,0.1099801893022232,0.18218578032137353,0.10520581113801453,-0.014488223640766013,0.1423662777900066,0.020708782742681047,0.2491701518820163,0.10578912612810917,0.05126788465771517,0.2586836891921638,-0.07274488223640765,0.12245432533568126,0.11138234646709223,0.026453885097952896,-0.05876293198327097,0.016480299361655293,-0.1651551837992516,-0.15134052388289676,-0.0871582654633502,-0.17423068456966762,-0.009764472815320273,-0.21426590358793748,-0.05768214836011446,-0.009211974466211754,-0.19834030376403258,0.01548316090688972,0.12502531366938147,0.1539555359894343,0.15423068456966763,-0.04901606867708563,-0.07507373981950254,0.09596522121945851,0.04810697776799472,0.16427250715386307,-0.040537090028615455,-0.13828967642526965,-0.01363416244772177,0.09848558221439577,0.12189742460928901,0.1338564825005503,0.004769975786924939,0.24717147259520142,0.11990534888839974,0.07489324235086947,0.10552278230244332,-0.17272507153863087,0.03430992736077482,0.03923178516398856,0.15536429672022892,-0.058950033017829626,0.15905348888399737,0.16337662337662337,0.11835791327316751,0.0784503631961259,0.14029936165529386,-0.0069535549196566146,0.12882456526524322,0.15379484921857803,0.12694475016508916,0.20692273827867047,-0.019278010125467752,-0.040515078142196785,-0.1366057671142417,0.1925115562403698,-0.14436715826546334,0.005067136253576932,0.08544133832269425,0.052137354171252474,-0.12611270085846357,-0.033425049526744445,-0.13461809377063613,-0.03978648470173894,-0.13581994276909531,-0.14221879815100155,0.22521241470394013,-0.0059476117103235745,-0.05344486022452124,0.0013911512216596962
#51,0.506550737398195,0.5315056130310367,0.023198327096632183,0.40600044023772835,0.07138895003301783,-0.03021351529826106,0.3260642747083425,0.17414043583535108,0.37143957737178074,1.0,0.454950473255558,0.07241250275148581,0.11508474576271187,0.0763944530046225,-0.06207351970063835,0.10169931763152103,0.14685230024213075,-0.13363636363636364,0.10051287695355492,0.20928461369139334,-0.1175478758529606,-0.24720889280211314,-0.21088487783403037,-0.3394276909531147,0.19369359454105217,-0.15386748844375964,-0.16913933524103017,-0.13562623816861105,0.0313317191283293,0.03789346246973366,-0.08697996918335901,0.11979528945630641,-0.19977988113581335,0.09351089588377724,0.1736319612590799,0.17811138014527844,0.050250935505172796,0.015478758529605988,0.06242350869469514,0.11380805635042923,0.09061413163108079,0.07035439137134053,0.33171032357473035,0.06729473915914594,-0.09340083645168391,0.046075280651551836,-0.10838872991415364,-0.1212458727712965,0.03681708122386088,-0.28769755668060754,-0.09154303323794849,-0.19734756768655073,-0.09882896764252697,-0.05388509795289456,-0.1875214615892582,0.12964120625137573,-0.28111380145278453,-0.17427690953114683,-0.2311732335461149,-0.0725775918996258,0.043152102135152984,0.24554039181157825,-0.07158485582214395,0.12210213515298261,0.2710169491525424,0.12078582434514638,-0.14387849438696895,-0.057180277349768875,-0.03706361435174994,0.31852740479859126,0.1462887959498129,0.12695355491965662,-0.23466431873211535,-0.025760510675764913,0.09144177856042263,0.055980629539951574,-0.05934844816200748,0.005216817081223861,-0.3242945190402817,-0.023009024873431653,-0.11081443979749064,0.15392031697116443,-0.29900946511116,0.2774818401937046,0.16752366277790007,0.0726106097292538,0.0687475236627779,-0.15402377283733215,0.10882896764252696,0.0563218137794409,0.12871230464450803,0.009768875192604005,-0.16060532687651333,-0.06590358793748624,-0.22934404578472375,-0.005289456306405459,0.11163548316090689,0.01640986132511556,-0.03164869029275809,0.19264582874752367,0.04794629099713846,-0.09606207351970064,-0.07354171252476337,-0.04830288355712085,-0.01898084965881576,-0.10708782742681047,-0.04509134932863747,0.1415562403697997,0.010061633281972265,-0.04666960158485582,-0.08910191503411842
#52,0.17485582214395773,0.30720228923618753,0.055802333259960375,0.16947611710323573,-0.0535989434294519,0.007169271406559542,0.2977041602465331,0.2630926700418226,0.18201408760730795,0.454950473255558,1.0,-0.04138014527845036,0.016854501430772616,-0.025800132071318514,-0.22335241030156283,0.14626018049746864,0.10041602465331279,0.007587497248514197,-0.0087541272287035,0.10570548095971825,-0.1715100154083205,-0.16091129209773278,-0.03655513977547876,-0.1934272507153863,0.07490644948272067,-0.05094871230464451,-0.01769095311468193,0.08364296720228924,-0.1172705260840854,-0.14622496147919878,-0.04238168611049967,-0.05367378384327537,-0.08084085406119304,-0.20405238828967642,-0.22895223420647148,-0.0634074400176095,-0.36089368258859783,-0.32486022452124147,-0.21255558001320712,-0.02405018710103456,-0.1591833590138675,-0.14483381025753908,0.24320933303984152,-0.08852520360994938,-0.04383226942548976,-0.023343605546995376,-0.2492604006163328,-0.23170372000880476,-0.20790666960158485,-0.04706141316310808,0.24191943649570768,0.012577591899625798,0.08212194585075941,-0.12424609289016068,-0.3222099933964341,-0.08118864186660797,-0.232062513757429,-0.1307990314769976,-0.055117763592339865,-0.025745102355271846,-0.03075280651551838,0.16883557120845255,-0.028628659476117105,0.26944970283953334,0.25126348228043144,-0.16895003301782963,-0.3027580893682589,0.3131609068897204,-0.11827426810477658,0.12728153202729475,0.05731454985692274,0.0312392692053709,-0.1385824345146379,-0.0174290116662998,0.04051727933083865,-0.06336561743341404,-0.17773497688751927,-0.07548976447281532,-2.8615452344265902e-05,0.11348888399735857,-0.09299581774158046,0.2773035439137134,-0.1073893902707462,0.08833590138674885,-0.05005502971604667,0.050349988994056794,0.05876293198327097,-0.07376843495487563,0.1656548536209553,0.02020691173233546,0.08942328857583094,-0.09387409200968523,0.031131410961919438,0.009337442218798151,-0.03812458727712965,0.020832049306625577,0.15795949812898966,-0.016244772176975567,0.1151948051948052,0.07442879154743562,0.19988553819062294,0.08058111380145279,-0.056084085406119304,-0.027829627999119526,-0.04431653092670042,-0.1471384547655734,0.026187541272287035,-0.0763020030816641,0.1574290116662998,0.10211093990755007,0.040779220779220776
#53,-0.1770063834470614,-0.11987233105877174,-0.2276667400396214,-0.1061237068016729,0.23823024433193923,0.13189962579793088,0.07689412282632621,-0.011067576491305305,0.08184239489324235,0.07241250275148581,-0.04138014527845036,1.0,0.3350561303103676,0.41510455646048866,-0.09691833590138675,-0.3421505613031037,-0.18317631521021352,-0.39651111600264144,-0.20410961919436496,0.08962579793088268,-0.08104556460488664,-0.32296940347787806,-0.09184019370460049,-0.032317851639885535,-0.26126788465771517,-0.1531895223420647,-0.32466651992075723,-0.17866607968302883,0.07590578912612811,0.17206691613471276,-0.16007484041382347,-0.15183799251595861,-0.01537970504072199,0.1279771076381246,0.30803433854281315,0.10664979088707903,0.16532467532467532,0.03903587937486243,0.11979308826766454,-0.02678186220559102,0.21813119084305524,0.19652212194585075,0.02565925599823905,0.12500770416024654,0.031223860884877833,0.2358661677305745,0.13973365617433414,0.08969403477878055,0.016293198327096633,-0.21296059872331058,-0.3588333700198107,-0.24768214836011446,-0.2874356152322254,-0.392227602905569,-0.200297160466652,-0.15243011226062073,0.05642306845696676,-0.011848998459167951,0.01137574290116663,0.09417345366497909,0.19954655513977548,0.39033017829628,0.1797292537970504,-0.15648470173893902,-0.31620735197006383,-0.03406779661016949,0.41416685009905346,-0.1200528285274048,0.017594100814439798,0.23829407880255338,0.21527184679727052,0.19994276909531147,0.23825665859564166,-0.06440457847237509,0.07302223200528285,0.22390490865067136,0.24840633942328857,0.28853620955315873,-0.041778560422628216,-0.09254677525863966,0.31701738939027074,0.19817521461589258,0.14283953334800792,0.3066453885097953,0.6958331499009465,0.1786748844375963,0.2885031917235307,0.15910631741140216,0.016979969183359013,0.5234228483381026,0.227970504072199,0.3526172132951794,0.09781421967862645,0.1745036319612591,0.04057451023552718,-0.1534470614131631,-0.10461369139335241,-0.12268545014307726,-0.21015408320493068,-0.012357473035439137,-0.2910697776799472,-0.12813119084305524,-0.11928901606867709,-0.04198327096632181,0.0054501430772617215,0.04832929782082324,-0.04892141756548536,0.36217697556680606,0.020620735197006385,-0.12848558221439577,-0.005315870570107858
#54,0.03343605546995378,-0.010334580673563725,0.06556680607528065,0.23117763592339863,0.322326656394453,0.446304204270306,0.18438036539731456,0.07824125027514858,0.11770856262381686,0.11508474576271187,0.016854501430772616,0.3350561303103676,1.0,0.3924565265243231,-0.01768214836011446,-0.30978868589038083,0.31202729473915913,0.05303103675985032,-0.09600704380365398,-0.1238564825005503,-0.07017389390270747,-0.24090028615452344,0.018976447281532027,-0.004406779661016949,-0.017849438696896324,-0.1574290116662998,-0.024708342504952675,-0.038278670482060316,0.3743605546995378,0.30462689852520364,0.18643627558881795,0.22486682808716707,0.13228263262161566,0.017988113581333922,0.32551397754787587,0.25666079683028836,0.11661237068016729,-0.10913933524103016,0.052872551177635924,0.05037640325775919,0.05539731454985692,0.08836231565045125,0.1340479859123927,0.24559322033898304,-0.13191943649570767,0.10222760290556901,0.017950693374422188,-0.0867246313009025,0.19540171692714065,-0.07307726172132951,-0.10680607528065156,0.11384327536869909,-0.002914373761831389,-0.030510675764913054,-0.21571208452564386,-0.25300682368478977,-0.07747963900506273,-0.24496808276469292,-0.08167510455646049,-0.05950693374422188,-0.0016222760290556901,0.11629099713845477,0.15339643407440018,-0.05762931983270966,-0.05195025313669382,0.08863746423068457,0.29106317411402155,-0.19370680167290336,-0.06075280651551838,-0.02445300462249615,0.16048646268985253,0.11476117103235747,0.22329297820823243,0.1508034338542813,0.22850759410081445,0.03572088928021131,-0.05488663878494387,0.10559322033898305,-0.020464450803433853,0.007565485362095532,0.17524323134492625,0.27786264582874753,0.33824565265243234,0.15413603345806737,0.3066101694915254,0.04775478758529606,0.10567026194144838,0.23565265243231345,0.05527404798591239,0.3036979969183359,0.17607968302883556,0.26649570768214836,-0.04721109399075501,-0.05321373541712525,-0.026436275588817962,-0.16810477657935285,-0.0250759410081444,0.13635703279771078,-0.11438696896324015,0.09186880915694474,0.18781421967862647,0.2603367818622056,0.32724631300902485,-0.024100814439797492,0.1022540171692714,0.09189302223200528,0.12964340744001762,0.06477217697556681,-0.0018556020250935505,-0.35828967642526965,-0.3215980629539952
#58,-0.11674003962139555,-0.10697556680607528,-0.2106911732335461,-0.0949042482940788,0.08393792648029937,0.17998459167950692,0.07933524103015628,0.033649570768214836,0.12924058991855603,0.0763944530046225,-0.025800132071318514,0.41510455646048866,0.3924565265243231,1.0,-0.14636583755227822,-0.3374488223640766,-0.08208012326656394,-0.2556152322254017,0.022584195465551397,0.07982390490865067,-0.06060312568787145,-0.36189302223200526,0.026099493726612372,-0.0640347787805415,-0.17988553819062295,-0.08032577591899626,-0.17438036539731455,-0.19846577151661898,0.06594320933303985,0.36132951793968743,0.006647589698437156,0.04359674224081004,-0.015130970724191064,0.19073519700638344,0.33699757869249397,0.1240413823464671,0.07653973145498569,0.08341184239489324,0.03819502531366938,0.04633942328857583,0.08589698437156064,0.1188003521901827,0.10201628879594982,0.3288685890380806,0.0026634382566585956,-0.1213911512216597,0.09047765793528506,0.01604886638784944,-0.03993176315210214,-0.16110499669821704,-0.15605546995377503,-0.10305304864626899,-0.2281620074840414,-0.2625379705040722,-0.39948932423508693,-0.17918996257979308,0.07764913053048646,-0.008531807175874973,-0.1737772397094431,0.08839313229143737,0.13211754347347568,0.4572529165749505,0.13554259300022012,-0.132425709883337,-0.17977767994717148,0.015877173673783843,0.4472243011226062,-0.1581421967862646,-0.02565925599823905,0.22090688972044903,0.020702179176755448,0.09584195465551398,0.2593000220118864,0.16715606427470833,0.09249394673123487,0.25890821043363416,0.15215276249174553,0.262920977327757,-0.19249394673123488,-0.016583755227823023,0.17167070217917677,0.15725511776359233,0.17575390710983932,0.1309949372661237,0.47295619634602687,0.130033017829628,0.19449922958397534,0.15122386088487783,0.13147479639005064,0.34787365177195684,0.3164538850979529,0.4000880475456747,0.16240369799691834,0.051353731014747966,-0.019029275808936826,-0.17095091349328637,0.24835351089588378,-0.13959498128989653,-0.23246092890160686,-0.17352190182698657,-0.06439357252916575,-4.402377283733216e-06,-0.11630640545894783,-0.03193484481620075,0.08186220559101914,0.013810257539071098,0.15758529605987234,0.322359674224081,0.2316927140655954,-0.2045608628659476,-0.13975566806075282
#101,-0.07544133832269426,-0.09742460928901607,-0.29209112920977326,0.14300902487343164,-0.18333700198106978,-0.1638696896324015,-0.2378516398855382,-0.13530486462689853,-0.07469073299581774,-0.06207351970063835,-0.22335241030156283,-0.09691833590138675,-0.01768214836011446,-0.14636583755227822,1.0,0.2842769095311468,-0.06268545014307726,-0.02256878714505833,0.4212018489984592,0.14147479639005062,0.6071868809156945,0.2927360774818402,0.23369359454105218,-0.009216376843495487,0.2259652212194585,0.07073959938366718,-0.20843935725291657,-0.3289302223200528,0.2183601144618094,0.033392031697116444,-0.11595421527624918,-0.044754567466431874,-0.25524543253356813,-0.18317411402157166,0.02163988553819062,0.056640986132511555,0.19556680607528065,0.10221219458507594,0.11280211314109619,-0.03159145938806956,-0.0823134492626018,0.0035791327316751047,-0.04408980849658816,0.049308826766453887,-0.12925819942769096,0.04711424169051288,-0.35020030816640985,-0.37040501871010345,0.019016068677085628,-0.20695795729694036,-0.20070217917675545,-0.17859784283513097,-0.1609619194364957,0.17082544574069997,0.48559982390490863,0.09206251375742901,0.29935725291657495,0.17101694915254237,-0.23201408760730793,0.05465551397754788,-0.2500132071318512,-0.24896984371560643,0.22253356812678846,0.1240744001760951,-0.18788245652652433,-0.15258859784283513,0.12395553598943429,-0.027970504072198987,0.4932093330398415,0.13260620735197007,0.06659476117103236,0.028628659476117105,0.061069777679947174,-0.29625357693154303,0.33336561743341403,-0.04363636363636364,0.018622055910191504,-0.2992890160686771,0.40846797270526086,0.10741360334580674,-0.30216376843495485,-0.16047105436935946,0.04481620074840414,-0.014422187981510015,0.0014483821263482281,-0.17976447281532026,-0.3195773717807616,-0.44040501871010346,-0.3609993396434074,-0.21235527184679728,-0.13208452564384768,-0.15508254457407,-0.3113603345806736,-0.3195883777239709,-0.34861985472154966,-0.09694475016508915,-0.005542593000220119,-0.3056878714505833,-0.24712965001100595,-0.023609949372661237,-0.21830068236847897,-0.36269865727492845,0.007323354611490205,-0.18136693814659915,-0.15117103235747303,-0.1539291217257319,-0.27648910411622274,-0.1891239269205371,0.057915474356152324,-0.34147479639005063,-0.3858485582214396
#102,0.014730354391371341,0.27443979749064495,-0.1587343165309267,-0.09777679947171472,-0.2579286814880035,-0.2665595421527625,-0.013165309267004183,-0.2525599823904909,-0.3123662777900066,0.10169931763152103,0.14626018049746864,-0.3421505613031037,-0.30978868589038083,-0.3374488223640766,0.2842769095311468,1.0,-0.024681928241250276,-0.0008980849658815761,0.2448051948051948,0.5094849218578033,0.3167246313009025,0.5901034558661677,-0.0938102575390711,0.05173013427250715,0.1162953995157385,0.03022672243011226,-0.17089808496588157,-0.12647589698437156,-0.014611490204710543,-0.30349768875192606,-0.1959344045784724,-0.04286814880035219,-0.18852960598723312,-0.072821923838873,-0.25403697996918334,-0.1789456306405459,-0.21041162227602905,-0.06671582654633502,-0.25018269865727494,-0.20763152102135152,-0.16568567026194145,-0.12189742460928901,-0.17503411842394892,-0.18973585736297602,-0.24506053268765132,-0.29120405018710105,-0.2912018489984592,-0.2114571868809157,-0.23522782302443318,0.0067290336781862204,-0.03473695795729694,-0.0600792427911072,-0.10581994276909532,0.20875632841734537,0.22155403918115782,0.3769733656174334,-0.010530486462689852,0.4846907329958177,-0.2460510675764913,-0.18372220999339645,-0.185016508914814,-0.26732115342284835,0.05235747303543914,0.3675830948712305,0.07316530926700418,0.0438630860664759,-0.35732775698877395,0.28825005502971607,0.356187541272287,0.35088707902267224,0.14816640986132512,0.0052344265903587935,-0.26393792648029935,-0.09863746423068456,0.0413119084305525,0.14687871450583315,0.05301122606207352,-0.04928461369139335,0.11340523882896764,0.048958837772397096,-0.24228043143297381,-0.21194805194805194,-0.0840215716486903,-0.08359013867488443,-0.28233105877173675,-0.25832049306625576,-0.24060532687651331,-0.2652410301562844,-0.04543913713405239,-0.4186000440237728,-0.2237310147479639,-0.3261699317631521,-0.2826832489544354,-0.14751045564604887,-0.27469733656174333,-0.11561082984811798,-0.021743341404358355,-0.19171912832929783,-0.04232885758309487,0.01480299361655294,-0.20205150781421968,-0.3082610609729254,-0.09882896764252697,-0.0909817301342725,-0.29803874092009686,-0.1834338542813119,-0.2575258639665419,-0.16756328417345367,0.2291503411842395,0.05504072198987453,-0.08696235967422408
#201,0.3679418886198547,-0.029495927801012546,0.5288069557561083,0.3811204050187101,0.1562821923838873,0.15857362976007044,0.1968038740920097,0.3043693594541052,-0.045104556460488665,0.14685230024213075,0.10041602465331279,-0.18317631521021352,0.31202729473915913,-0.08208012326656394,-0.06268545014307726,-0.024681928241250276,1.0,0.48435174994497027,-0.030037420206911733,-0.11543033237948493,0.0066431873211534225,-0.028641866607968303,0.17882456526524323,0.04486242570988334,0.29867268324895446,-0.07281752146158926,0.46068236847897864,0.3826260180497469,0.35887739379264805,0.2340611930442439,0.38804094210873874,0.5133634162447722,0.3677657935285054,0.03949592780101255,-0.032546775258639665,0.2808562623816861,-0.14670482060312567,-0.16214615892581993,-0.1861765353290777,0.13162007484041383,-0.0736385648250055,-0.20341624477217699,-0.1469205370900286,-0.03633942328857583,-0.20664979088707902,-0.2509773277569888,0.003425049526744442,0.08900506273387629,0.0536451683909311,0.1739093110279551,0.4292559982390491,0.40214175654853623,0.4101056570548096,0.2950033017829628,0.0034382566585956418,-0.07152762491745543,-0.2455425930002201,-0.329438696896324,-0.019456306405458947,-0.1630310367598503,-0.026108298481179838,-0.07485582214395774,-0.23106317411402158,0.01094651111600264,0.3283601144618094,0.25569007263922516,-0.17208452564384769,-0.075280651551838,-0.016101694915254237,-0.05752366277790007,0.143053048646269,0.05706141316310808,-0.22138234646709223,0.4127272727272727,-0.11423288575830949,-0.08615452344265903,-0.35147479639005064,-0.07504512436715827,-0.04587717367378384,0.04430772617213295,-0.04320052828527405,0.011774158045344487,-0.1037838432753687,-0.2193418445960819,-0.06982610609729253,-0.07679066696015849,-0.07817961699317631,0.1023464670922298,0.06290336781862206,-0.11476997578692494,0.05949812898965441,-0.1995861765353291,-0.037946290997138456,-0.17566585956416464,-0.0678252256218358,0.36172353070658153,0.16121065375302662,0.4313603345806736,0.22491305304864626,0.30278450363196124,0.5244838212634823,0.4651529826106097,0.5798415144177856,0.21867708562623817,0.3577283733215937,0.26788025533788246,0.4054699537750385,-0.13991195245432533,0.01655954215276249,-0.2104688531807176,-0.2944309927360775
