,#10,#11,#12,#13,#17,#18,#26,#49,#50,#51,#52,#53,#54,#58,#101,#102,#201,#202,#301,#302,#401,#402,#501,#502,#601,#602,#701,#702,#801,#802,#901,#902,#1001,#1002,#1101,#1102,#1201,#1202,#1301,#1302,#1401,#1402,#1501,#1502,#1601,#1602,#1701,#1702,#1801,#1802,#1901,#1902,#2001,#2002,#2101,#2102,#2201,#2202,#2301,#2302,#2401,#2402,#2501,#2502,#2601,#2602,#2701,#2702,#2801,#2802,#2901,#2902,#3001,#3002,#3101,#3102,#3201,#3202,#3301,#3302,#3401,#3402,#3455,#3501,#3502,#3601,#3602,#3701,#3702,#3801,#3802,#3901,#3902,#4001,#4002,#4101,#4102,#4201,#4202,#4301,#4302,#4401,#4402,#4501,#4502,#4601,#4602,#4701,#4702,#4801,#4802
#10,1.0,0.3704930662557781,0.5331366938146599,0.5010191503411843,0.38236847897864845,0.2868831168831169,0.23777019590578913,0.5516354831609069,0.1674950473255558,0.6282368478978648,0.3830046224961479,0.3319348448162007,0.19523882896764252,-0.11665419326436276,-0.21030596522121947,-0.09670261941448383,0.4410851860004402,0.4660268545014308,-0.14670482060312567,-0.17073299581774157,-0.2800550297160467,-0.01462689852520361,0.06698657274928461,0.07134052388289676,0.09324455205811139,0.2654567466431873,-0.047616112700858464,0.30327977107638127,0.30989214175654856,0.2945388509795289,0.33704380365397313,0.15062953995157385,0.14973805855161787,0.08438696896324015,0.055595421527624915,0.07066035659255998,-0.03436715826546335,-0.011562843935725292,-0.11524543253356813,0.007268324895443539,0.0802179176755448,-0.09055690072639225,-0.12451023552718468,-0.03822804314329738,0.1663614351749945,-0.06022011886418666,0.03171692714065595,0.20957517059211975,-0.07577591899625798,-0.009374862425709883,0.013301782962799913,0.04654193264362756,0.23566806075280652,0.2592956196346027,-0.07290777019590579,-0.021749944970283954,-0.3194695135373101,-0.3161611270085846,-0.012260620735197006,-0.22231785163988554,-0.01109619194364957,0.021547435615232226,-0.1269029275808937,0.01552278230244332,0.32923618754127226,0.06185560202509355,0.06534448602245213,0.3094408980849659,-0.05477437816420867,-0.18561963460268546,0.19031917235307066,0.01835791327316751,-0.05613251155624037,0.122392692053709,-0.2788509795289456,-0.29341184239489326,-0.26621175434734756,-0.24410741800572308,0.2155491965661457,0.3168170812238609,-0.027090028615452344,0.22840193704600484,0.0336187541272287,0.29006163328197226,0.1692141756548536,-0.07372661237068016,-0.15484701738939027,0.17075500770416024,0.04831388950033018,0.2626436275588818,0.034034778780541494,-0.19511556240369798,0.004131631080783623,-0.18443979749064496,-0.1424719348448162,0.1788994056790667,0.41782962799911955,0.3270195905789126,0.40710983931322914,-0.22037420206911731,0.13007043803653973,0.366535329077702,0.09797710763812459,0.018476777459828307,0.39125027514858024,0.11588817961699317,0.19212634822804314,-0.15589478318291877,-0.14741800572309047,-0.09837992515958617,-0.05524323134492626
#11,0.3704930662557781,1.0,0.37440677966101693,0.07126788465771516,0.058421747743781643,0.0007373981950253137,0.5045608628659476,0.3044970283953335,0.1794453004622496,0.45511776359233985,0.46051727933083864,-0.015194805194805195,0.06186880915694475,0.14015628439357253,-0.11446621175434735,-0.05110499669821704,0.18080563504292319,0.38889500330178295,-0.08701738939027075,-0.04367598503191723,-0.2786506713625358,-0.06928461369139335,0.004336341624477218,0.03656394453004622,-0.01393792648029936,-0.06670482060312569,-0.24258859784283512,0.060620735197006385,0.1994320933303984,-0.02011005943209333,0.12050847457627119,0.010827646929341845,0.08756328417345366,0.11638564825005503,-0.14759850319172352,-0.11061413163108079,-0.15128989654413383,0.03339423288575831,-0.26926920537090027,0.08161567246313009,-0.15227162667840635,-0.16328417345366497,-0.0777988113581334,0.03390050627338763,-0.25527845036319613,-0.0674554259300022,-0.2121351529826106,0.01763152102135153,-0.006680607528065155,-0.0773695795729694,0.026766453885097952,-0.20445960818842174,0.06194144838212635,0.22788025533788245,-0.23350869469513538,0.06655513977547876,-0.09143517499449703,-0.04935725291657495,0.04087607307946291,-0.09081223860884878,0.11181818181818182,0.06948932423508694,-0.1125181598062954,0.13289236187541273,0.14940347787805414,0.0575016508914814,0.15929561963460268,0.14416905128769536,0.06915914593880695,0.1298481179837112,0.18579572969403477,0.09044464010565706,0.045921197446621174,-0.06558001320713185,-0.01693814659916355,-0.06883777239709443,0.033856482500550296,-0.04956636583755228,0.04383447061413163,0.15755227823024434,-0.007900066035659256,-0.11930662557781202,-0.0836847897864847,0.12445080343385428,-0.1653775038520801,0.038699097512656835,-0.04727272727272727,-0.06585296059872331,-0.06149020471054369,-0.08980629539951573,-0.21082544574069997,-0.041274488223640764,-0.146946951353731,0.02062293638564825,-0.1064736957957297,0.09940788025533788,0.23528945630640546,0.08551837992515958,0.1413713405238829,-0.21484921857803213,0.03967862645828747,0.2890050627338763,0.137409200968523,-0.24985692273827867,0.20414924058991857,-0.11741580453444861,0.12981730134272507,0.0361501210653753,-0.020004402377283733,0.10527845036319612,0.08061413163108079
#12,0.5331366938146599,0.37440677966101693,1.0,0.46344486022452125,0.13366718027734978,0.27743121285494166,0.46737398195025315,0.36903367818622057,0.12136253576931542,0.5508716707021791,0.3997490644948272,0.16734096412062513,0.2259322033898305,-0.04604446401056571,-0.10639885538190623,-0.23457847237508256,0.6407153863086067,0.6826876513317192,-0.16096632181377943,-0.14051727933083866,-0.16576711424169052,-0.08431212854941668,-0.1933964340744002,0.030836451683909312,-0.0474158045344486,0.17566365837552278,-0.003460268545014308,0.40928901606867707,0.3078780541492406,0.22333259960378604,0.38890380805635044,0.07198327096632182,0.30047545674664317,0.13346246973365616,0.030074840413823464,-0.09372220999339644,-0.05025313669381466,0.019995597622716268,-0.19228263262161568,-0.1470658155403918,0.036332819722650234,-0.06576931543033238,-0.1264670922298041,-0.15873871890821042,-0.03897864847017389,-0.14869909751265684,0.12368038740920097,0.19924499229583975,-0.03571648690292758,0.03308166409861325,0.11345806735637244,0.172095531587057,0.2839687431212855,0.3774510235527185,-0.08833590138674885,0.02301122606207352,-0.27409200968523,-0.4634602685450143,-0.20124807395993838,-0.3054721549636804,-0.06560422628219238,-0.11010785824345147,-0.1505591019150341,0.013891701518820163,0.3947919876733436,0.11541932643627559,0.05976667400396214,0.28940347787805415,-0.04552278230244332,-0.2641404358353511,0.3821373541712525,0.21854061193044244,-0.0850693374422188,-0.1556680607528065,-0.3068677085626238,-0.2587211093990755,-0.1588531807175875,-0.17145938806955757,0.23366938146599164,0.2074554259300022,-0.09085846357032798,0.18670702179176754,-0.0030860664758969843,0.1425115562403698,-0.08565705480959718,-0.014800792427911071,-0.005056130310367599,0.3423068456966762,-0.07303984151441778,0.13430552498349108,-0.22041382346467092,-0.336172132951794,-0.2473167510455646,-0.0012590799031476998,-0.13754347347567686,0.23100374202069118,0.2991833590138675,0.5354567466431873,0.5992471934844816,0.09015188201628879,0.30265903587937487,0.5592185780321374,0.387211093990755,0.08148800352190183,0.47573849878934626,0.1314439797490645,0.210132071318512,-0.12391151221659696,-0.09623376623376623,-0.03454105216817081,-0.1101716927140656
#13,0.5010191503411843,0.07126788465771516,0.46344486022452125,1.0,0.3158661677305745,0.33673343605546996,0.2590446841294299,0.35650231124807397,0.1317213295179397,0.516172132951794,0.2294607087827427,0.26523002421307507,0.2619766674003962,-0.11389390270746202,-0.11084305524983491,0.02587937486242571,0.4104754567466432,0.29232885758309485,-0.03552058111380145,0.014785384107418005,-0.17862645828747523,-0.024778780541492407,0.09247633722209993,0.18159145938806956,0.10827867048206032,0.3128417345366498,0.1332159366057671,0.2781730134272507,0.16116883116883116,0.36883116883116884,0.28769755668060754,0.1885692273827867,0.22580233325996038,0.0864472815320273,0.10926920537090029,0.17806735637244112,0.07764032577591899,0.004151441778560422,0.15737398195025315,0.0112788906009245,0.1296169931763152,0.054457406999779884,-0.09178736517719568,-0.03728153202729474,0.1475346687211094,0.03235086946951354,0.247772397094431,0.19942328857583094,0.02110939907550077,-0.07462909971384547,0.09790226722430112,0.15584415584415584,0.17743781642086726,0.13403257759189963,-0.087805414924059,-0.056180937706361435,-0.30039841514417787,-0.35093990755007703,-0.026662998018930222,-0.2362425709883337,-0.16180937706361434,-0.06392692053709002,0.06321153422848338,0.19283953334800794,0.2637838432753687,0.16708122386088486,-0.16114461809377065,0.25139115122165967,-0.11154523442659035,-0.08670922298040942,0.07109839313229144,0.10771076381245873,-0.22392031697116443,-0.005771516618974246,-0.2448117983711204,-0.37742901166629983,-0.27558221439577374,-0.24401056570548096,0.15536209553158706,0.17439357252916574,0.16020030816640987,0.2770305965221219,0.2188861985472155,0.18769535549196567,0.07676425269645609,-0.24561963460268546,-0.17674003962139556,0.22932423508694696,0.12416464891041162,0.18427030596522123,0.06694695135373102,-0.30044243891701516,-0.11870349988994057,-0.2840876073079463,-0.1814109619194365,0.04144838212634823,0.2858991855602025,0.3248051948051948,0.5256306405458948,0.033585736297600706,0.19024873431653092,0.33480519480519483,0.277376183138895,0.09040061633281972,0.3567554479418886,0.2216398855381906,0.2875016508914814,-0.14176975566806074,-0.08865727492846137,-0.2253731014747964,-0.06830508474576272
#17,0.38236847897864845,0.058421747743781643,0.13366718027734978,0.3158661677305745,1.0,0.470462249614792,-0.09843495487563284,0.23652872551177637,0.24571428571428572,0.1950957517059212,0.12443319392471935,0.3062601804974686,0.34741800572309045,-0.009317631521021351,-0.04289016068677086,0.014747963900506273,-0.07447721769755668,0.22439797490644947,-0.0049262601804974685,-0.005727492846136914,-0.44099713845476557,-0.032414703940127666,0.18263262161567245,0.2266387849438697,0.035780321373541715,0.16739819502531367,-0.15477657935285055,0.04730134272507154,0.22569667620515077,0.3826370239929562,0.24461149020471054,0.275874972485142,0.10938586836891921,0.15275808936825885,0.1961171032357473,0.33304644508034337,0.05104336341624477,0.23814659916354833,0.229900946511116,0.29076381245872773,0.19093990755007703,0.09668941228263263,0.15578252256218358,0.10635042923178517,0.17779440898084967,0.04036759850319172,0.05145938806955756,0.18084745762711865,-0.130264142637024,-0.006731234866828087,-0.07559101915034118,-0.08639885538190623,-0.11397314549856923,-0.09477217697556681,-0.1455513977547876,0.051866607968302884,-0.2750253136693815,-0.06010125467752586,-0.027950693374422186,-0.25117763592339865,-0.023951133612150562,0.03697776799471715,0.0963086066475897,0.0599735857362976,-0.004884437596302003,0.1211930442438917,-0.07125687871450584,0.23557781201848998,0.02396434074400176,-0.052544574069997796,-0.12633281972265023,-0.14210213515298262,-0.02916354831609069,0.05936165529385869,-0.32124147039401274,-0.23813339203169712,-0.1984437596302003,-0.2236253576931543,0.016839093110279552,0.1980673563724411,0.15571868809156944,0.1256900726392252,-0.060702179176755446,0.40651551837992517,0.26278010125467754,-0.06029055690072639,-0.19907770195905788,0.046896324014968085,0.33468633061853403,0.22042042703059653,0.2762029495927801,-0.030037420206911733,0.22814439797490646,-0.17200088047545675,-0.21477657935285055,-0.19134712744882237,0.5057230904688532,-0.03698877393792648,0.1394012766894123,-0.12756988773937927,0.04687211093990755,0.17179176755447942,0.15120184899845918,0.1038300682368479,0.2935241030156284,0.07601364736957958,0.16833810257539072,-0.06990534888839973,0.21095311468192823,-0.01837112040501871,-0.08427470834250496
#18,0.2868831168831169,0.0007373981950253137,0.27743121285494166,0.33673343605546996,0.470462249614792,1.0,0.05288135593220339,0.36043803653973144,0.40705701078582435,0.2466057671142417,0.2648822364076601,0.5917147259520141,0.530726392251816,0.10128769535549197,-0.09604666519920757,-0.16235086946951355,0.1789258199427691,0.2750209112920977,0.03340744001760951,0.029594981289896544,-0.28969843715606425,-0.1342923178516399,-0.02989654413383227,0.003554919656614572,0.10200308166409862,0.12852520360994937,-0.13932643627558883,0.06263922518159806,0.46074840413823465,0.452689852520361,0.25009244992295837,0.3613977547875853,0.00974686330618534,0.22024873431653091,0.27406559542152764,0.3856834690732996,0.19983931322914375,0.2399801893022232,0.004435395113361215,0.09478978648470174,0.207607307946291,0.12760510675764913,0.18489544353951134,0.17309267004182258,0.0811468192824125,0.031769755668060756,0.14556460488663878,0.24504512436715828,-0.14800352190182697,-0.11782742681047766,0.007160466651992076,-0.12659035879374864,-0.1266233766233766,-0.1764802993616553,-0.15738498789346247,-0.11009685230024213,-0.235709883337002,-0.2563878494386969,-0.3258595641646489,-0.3138872991415364,-0.14038520801232665,-0.1892163768434955,0.20365177195685671,0.05789566365837552,0.11444419986792868,0.11475456746643187,0.18775258639665418,0.28961259079903146,0.16015628439357252,-0.15695355491965662,0.0398217037200088,-0.025826546335020913,0.056610169491525426,-0.054014968082764694,-0.22660796830288354,-0.23115782522562184,-0.20684569667620514,-0.24182038300682368,0.07591019150341184,0.23154523442659036,0.2730728593440458,0.2997952894563064,0.07658375522782303,0.4334932863746423,0.37019150341184237,-0.16589258199427692,-0.3470305965221219,0.2422408100374202,0.35393792648029937,0.290132071318512,0.3194805194805195,-0.1664076601364737,-0.0014681928241250274,-0.400906889720449,-0.36625357693154303,-0.06018930222320053,0.20655954215276248,0.15179616993176315,0.060638344706141316,-0.05118203830068237,0.06171032357473035,0.11607968302883558,0.13393352410301562,0.16954435395113363,0.2305458947831829,0.07332599603786044,0.05820162887959498,-0.11834690732995817,-0.03687651331719128,-0.19393132291437376,-0.18874312128549417
#26,0.23777019590578913,0.5045608628659476,0.46737398195025315,0.2590446841294299,-0.09843495487563284,0.05288135593220339,1.0,0.24944970283953335,0.06981289896544134,0.46090468853180716,0.22555580013207133,-0.08050847457627118,-0.012843935725291657,0.30888399735857364,-0.45295619634602685,-0.2883865287255118,0.464025974025974,0.2651199647809817,-0.3129672022892362,-0.16225181598062954,-0.2463086066475897,-0.31198327096632184,-0.1511005943209333,-0.16317411402157164,-0.15128769535549197,-0.029141536429672023,-0.11364736957957297,0.1665463350209113,0.10932863746423069,0.14803213735417126,0.13695135373101475,-0.08396434074400176,0.09885538190622936,0.10653753026634383,0.05811358133392032,-0.19085406119304424,0.03062293638564825,-0.12307506053268766,-0.39460488663878496,-0.15966982170372002,0.022652432313449263,0.10576271186440678,-0.3100902487343165,-0.19740479859123927,-0.23579352850539292,-0.1825511776359234,-0.04403477878054149,0.028239049086506714,0.18899405679066697,-0.05062073519700638,0.22444419986792868,0.08091789566365838,0.22326436275588818,0.06641646489104117,-0.31622055910191504,-0.1984371560642747,0.05863086066475897,-0.18397314549856922,0.04918776139115122,0.050160686770856264,0.32796610169491525,0.20145498569227382,0.1503808056350429,0.19332159366057672,0.2908034338542813,0.004730354391371341,0.25668721109399073,0.2570856262381686,-0.08936825885978428,-0.07854721549636803,0.3308892802113141,0.15045564604886638,0.017838432753686993,-0.04020030816640986,0.1287805414924059,0.07456306405458948,0.22323574730354392,0.2885758309487123,-0.0852542372881356,0.014468412942989214,-0.13242791107197888,-0.004783182918776139,0.023986352630420427,0.05042262821923839,-0.05063394232885758,0.15182258419546554,0.1261104996698217,0.23642306845696676,0.07889060092449923,0.04974466211754348,-0.13435395113361215,0.016984371560642746,-0.2431631080783623,0.15538410741800573,0.08900066035659256,0.05029936165529386,-0.018806955756108298,0.30132291437376185,0.21159145938806956,0.07223860884877834,0.2102883557120845,0.24739819502531368,0.4356218357913273,0.004131631080783623,0.26036759850319174,0.20232885758309488,0.1907968302883557,0.30032797710763814,-0.07643407440017609,0.15936385648250054,0.11928461369139336
#49,0.5516354831609069,0.3044970283953335,0.36903367818622057,0.35650231124807397,0.23652872551177637,0.36043803653973144,0.24944970283953335,1.0,0.4695531587057011,0.4689786484701739,0.42679947171472593,0.3936935945410522,0.3428087167070218,0.08280651551837992,-0.217508254457407,-0.07555139775478759,0.4352080123266564,0.18308386528725512,-0.11442659035879375,-0.025461149020471054,-0.03845476557340964,-0.09544353951133612,0.02317411402157165,-0.12147479639005063,0.23497468633061852,0.11029716046665199,0.03774818401937046,0.11117763592339863,0.398069557561083,0.2483314990094651,0.132293638564825,0.20119744662117545,-0.03218798151001541,0.13278450363196126,0.2730266343825666,0.15431873211534228,-0.195841954655514,-0.03034998899405679,-0.23817081223860884,-0.1790248734316531,0.3170614131631081,-0.0031410961919436497,0.02984371560642747,0.041554039181157826,0.1363020030816641,-0.004371560642747083,-0.06429231785163989,0.08690953114681928,0.2411666299801893,-0.06467532467532468,0.13814219678626458,0.06169271406559542,0.24567906669601586,0.16863746423068457,-0.1686814880035219,-0.14000880475456748,-0.051463790446841295,-0.19068677085626237,-0.1831036759850319,-0.2409090909090909,0.006500110059432094,0.12607307946290996,0.00939687431212855,-0.07931763152102135,0.22369359454105217,0.20082764692934185,0.16715386308606647,0.32279110719788684,0.015377503852080122,-0.011904028175214616,0.23165309267004183,-0.07256658595641646,0.09323794849218578,0.24905348888399736,-0.08152762491745542,-0.05570548095971825,-0.16715826546335022,-0.03180937706361435,0.2737882456526524,0.26158705701078583,0.2339753466872111,0.41260620735197007,0.06344045784723751,0.27623156504512436,0.1409487123046445,-0.1562755888179617,-0.14449042482940788,0.31884217477437815,0.1768170812238609,0.2332973805855162,0.14022892361875414,-0.05729253797050407,0.0004930662557781202,-0.32888179616993174,-0.23639005062733875,0.14822804314329738,0.254208672683249,0.22001100594320933,0.10082764692934185,-0.012403697996918336,0.09039621395553599,0.174983491085186,0.14711644287915474,-0.22159806295399515,0.21819722650231124,-0.07021571648690293,0.06795509575170593,-0.07950473255558001,-0.0948117983711204,-0.2393924719348448,-0.24185340083645168
#50,0.1674950473255558,0.1794453004622496,0.12136253576931542,0.1317213295179397,0.24571428571428572,0.40705701078582435,0.06981289896544134,0.4695531587057011,1.0,0.3921439577371781,0.53099053488884,0.2702905569007264,0.3009817301342725,0.1534734756768655,0.058461369139335244,-0.11023992956196346,0.18145938806955755,0.028300682368478977,0.013973145498569227,0.114851419766674,-0.021234866828087166,0.013191723530706582,-0.011450583314990095,-0.04825005502971605,0.06070658155403918,-0.1908320493066256,0.0048998459167950694,-0.17611930442438917,0.38210213515298264,0.24438917015188202,0.092557781201849,0.13020030816640987,-0.01869029275808937,0.11238828967642527,0.2129517939687431,0.2090843055249835,-0.045747303543913716,0.10279771076381246,-0.09228483381025754,0.1401518820162888,0.3081796169931763,0.09095531587057011,-0.0438895003301783,0.15630420427030597,0.026537530266343826,0.06575170592119745,-0.04168831168831169,0.017142857142857144,0.08417565485362095,-0.16450143077261722,0.15862645828747524,-0.21312788906009245,0.06052168170812239,-0.14176315210213516,0.004131631080783623,-0.04182918776139115,-0.011058771736737838,0.024021571648690294,-0.3510015408320493,-0.3141316310807836,-0.04450363196125908,-0.14694475016508915,0.09349328637464231,-0.09082544574069998,0.00010125467752586396,0.05441998679286815,0.1789258199427691,0.2127933083865287,0.2103235747303544,0.11154083204930662,0.08259960378604446,-0.12049086506713626,0.2198084965881576,0.12532907770195906,0.06354171252476337,-0.07592780101254677,-0.06672903367818622,-0.14287695355491967,0.07467312348668281,0.1012920977327757,0.10482280431432973,0.3537838432753687,-0.12320272947391592,0.22934844816200747,0.0953863086066476,-0.21311248073959937,-0.284025974025974,0.17947171472595203,0.17993616552938588,0.25534448602245213,0.04168390931102796,-0.311171032357473,-0.08378824565265243,-0.37742901166629983,-0.38671362535769316,-0.04533788245652652,0.061983270966321814,0.020372000880475458,-0.007389390270746203,0.19580013207131852,-0.0826766453885098,0.05057010785824345,0.010638344706141317,0.036711424169051286,0.07265903587937486,0.07881796169931764,0.10161787365177195,-0.08851860004402377,-0.1573629760070438,-0.30146599163548315,-0.3913999559762272
#51,0.6282368478978648,0.45511776359233985,0.5508716707021791,0.516172132951794,0.1950957517059212,0.2466057671142417,0.46090468853180716,0.4689786484701739,0.3921439577371781,1.0,0.5071560642747084,0.23471714725952014,0.21520581113801454,0.0009222980409421088,-0.09231785163988554,-0.14436055469953776,0.5246555139775478,0.3480783623156504,-0.039975786924939465,-0.12313229143737618,-0.17128989654413385,-0.11462029495927802,-0.09950033017829628,-0.07898084965881576,-0.011063174114021572,0.012196786264582874,0.037239709443099275,0.191699317631521,0.2771912832929782,0.16197446621175435,0.24689632401496808,0.0797820823244552,0.11539071098393132,0.13857803213735417,0.06738058551617873,-0.027506053268765134,0.0034514637904468413,-0.1037838432753687,-0.10610609729253798,-0.04796830288355712,0.09539071098393133,0.002718467972705261,-0.19838212634822805,-0.08016068677085626,0.0853202729473916,-0.0874356152322254,0.0250297160466652,0.12101034558661677,0.07148800352190182,-0.03572529165749505,0.1326766453885098,0.09933524103015628,0.3629319832709663,0.24486682808716706,0.028954435395113363,-0.01772176975566806,-0.14830948712304645,-0.30257979308826766,-0.21540391811578252,-0.2200396213955536,0.06031917235307066,0.04355051727933084,-0.09318732115342285,0.03557120845256438,0.36244331939247193,0.006907329958177416,0.0923662777900066,0.27601364736957956,-0.011774158045344487,-0.14609949372661238,0.15727492846136915,0.05339643407440017,-0.03208452564384768,0.10123706801672903,-0.14834250495267445,-0.3150957517059212,-0.09744001760950914,-0.027712965001100594,0.18530486462689852,0.1333083865287255,0.020118864186660798,0.27387189082104335,0.012736077481840193,0.26906009244992296,0.029423288575830948,-0.022084525643847677,-0.04020911292097733,0.1981950253136694,0.09295179396874312,0.15268104776579353,-0.08714285714285715,-0.2655646048866388,-0.26476117103235747,-0.09329958177415805,-0.22095091349328638,0.009531146819282412,0.21128329297820822,0.3193088267664539,0.4296103896103896,0.0057429011666299806,0.24098613251155623,0.3424851419766674,0.14782082324455206,0.1039951573849879,0.39063834470614134,0.06844596081884217,0.26205370900286157,-0.009211974466211754,-0.1087475236627779,-0.1246731234866828,-0.13817961699317632
#52,0.3830046224961479,0.46051727933083864,0.3997490644948272,0.2294607087827427,0.12443319392471935,0.2648822364076601,0.22555580013207133,0.42679947171472593,0.53099053488884,0.5071560642747084,1.0,0.13071318511996477,0.18414263702399294,0.0475544794188862,0.06078582434514638,-0.1929407880255338,0.35258859784283514,0.20036979969183358,0.04835791327316751,0.07345806735637245,-0.1380079242791107,-0.12487563284173454,-0.02047325555800132,0.047316751045564605,-0.06132071318511997,-0.10182478538410741,-0.08322474136033459,0.10151661897424609,0.3409553158705701,0.16565265243231345,0.10934404578472375,0.1433348007924279,0.0917345366497909,0.16747303543913714,0.04392471934844816,-0.11976667400396214,-0.12153202729473916,-0.03098173013427251,-0.24672683248954436,0.06664758969843716,0.2179881135813339,0.006524323134492626,-0.08301122606207352,0.18121065375302664,-0.19283292978208233,-0.10815100154083204,-0.0891833590138675,0.0649900946511116,0.11172132951793969,-0.013365617433414044,0.1808694695135373,-0.1027624917455426,0.06206031256878714,0.05427690953114682,-0.19444419986792869,-0.12990975126568347,-0.2515782522562184,-0.32462469733656174,-0.25113141096191943,-0.33973365617433415,-0.04833149900946511,-0.11985912392692054,0.04066255778120185,-0.01571208452564385,0.2704600484261501,-0.0736319612590799,0.2103169711644288,0.28407660136473695,0.11069557561082985,-0.054358353510895886,0.1943627558881796,0.03500770416024653,-0.05825665859564165,0.01335461149020471,-0.2524411182038301,-0.28874972485141975,-0.1953400836451684,-0.20396434074400177,0.15916574950473256,0.28273827867048207,0.018091569447501652,0.34819062293638564,-0.05095531587057011,0.11480739599383667,-0.03548976447281532,-0.12331719128329298,-0.18786704820603126,0.27492846136913934,0.08800792427911072,0.18744662117543473,-0.06016288795949813,-0.33152982610609727,-0.31476557340964123,-0.31840854061193047,-0.3459784283513097,0.10824785384107417,0.2583975346687211,0.2033237948492186,0.2521417565485362,0.029099713845476556,0.2066916134712745,0.2920184899845917,0.0527492846136914,-0.023948932423508696,0.21086726832489544,0.09341624477217697,0.22896764252696455,-0.12209112920977327,-0.14820383006823684,-0.129570768214836,-0.1968368919216377
#53,0.3319348448162007,-0.015194805194805195,0.16734096412062513,0.26523002421307507,0.3062601804974686,0.5917147259520141,-0.08050847457627118,0.3936935945410522,0.2702905569007264,0.23471714725952014,0.13071318511996477,1.0,0.569454105216817,0.03500110059432093,-0.1763878494386969,-0.10253356812678846,0.15726832489544354,0.16363636363636364,0.02707241910631741,0.14435835351089588,-0.2387211093990755,0.00801452784503632,0.13100594320933304,0.12659696235967421,0.0600132071318512,0.09372220999339644,0.14122826326216156,0.03260180497468633,0.280462249614792,0.4060114461809377,-0.05401276689412283,0.16567026194144838,0.001111600264142637,0.07282412502751485,0.03646268985252036,0.2910609729253797,-0.037233105877173676,0.17091789566365836,0.0610081443979749,0.11438036539731455,0.19177635923398637,0.19508474576271187,0.31962799911952455,0.33972485141976666,0.3409421087387189,0.1202707462029496,0.17372220999339644,0.13867928681488004,0.08983270966321814,-0.17075500770416024,0.193119084305525,0.035712084525643846,-0.048230244331939245,-0.19212634822804314,-0.20659035879374862,-0.17210653753026633,-0.1384899845916795,-0.20924279110719787,-0.033156504512436714,-0.07091349328637464,-0.20344045784723752,-0.16668280871670701,0.0038168611049966984,-0.07618534008364516,-0.10278670482060312,0.14103675985031916,-0.03241690512876953,0.35819722650231123,-0.028309487123046446,-0.13477657935285053,-0.05352410301562844,-0.3022826326216157,-0.05960158485582214,0.08790887079022672,-0.243350209112921,-0.2700726392251816,-0.37809156944750166,-0.3093132291437376,0.3477195685670262,0.4207175874972485,0.3541844596081884,0.47194364957076823,0.17875632841734537,0.5055403918115783,0.48823024433193923,-0.019757869249394672,-0.20491525423728812,0.3870349988994057,0.40257318952234206,0.27837992515958615,0.43195905789126127,0.10569007263922518,0.23825445740699977,-0.36108298481179835,-0.24797710763812458,0.027600704380365396,0.23582874752366279,0.13953334800792427,0.015797930882676645,-0.1014109619194365,-0.08600044023772838,0.07721109399075501,-0.1103367818622056,0.16316310807836232,0.10111380145278451,0.0042218798151001545,-0.010365397314549857,-0.23394673123486684,-0.16614131631080784,-0.16782082324455205,-0.16464891041162227
#54,0.19523882896764252,0.06186880915694475,0.2259322033898305,0.2619766674003962,0.34741800572309045,0.530726392251816,-0.012843935725291657,0.3428087167070218,0.3009817301342725,0.21520581113801454,0.18414263702399294,0.569454105216817,1.0,0.23698437156064275,0.0007219898745322474,-0.13117543473475676,0.2443099273607748,0.15180717587497247,0.09427690953114681,-0.0010103455866167731,-0.1463548316090689,-0.23832709663218138,0.09657715166189743,-0.013072859344045784,0.08017829627999119,-0.00965001100594321,0.06438696896324014,-0.108003521901827,0.5172925379705041,0.4117235307065816,0.012989214175654854,0.40946951353731015,0.012117543473475677,0.05175874972485142,0.28393352410301564,0.34403257759189965,0.00046445080343385426,0.059639005062733876,0.214950473255558,0.1259123926920537,0.2809971384547656,0.23265243231344926,0.21239489324235086,0.27957296940347787,0.06018710103455866,-0.08660576711424169,0.010572309046885319,0.032139555359894344,-0.09395113361215056,-0.3634668721109399,-0.08692053709002862,-0.003385428131190843,-0.10850099053488883,-0.06682588597842835,-0.08166629980189302,-0.24296059872331058,-0.17182038300682367,-0.2747457627118644,-0.14472154963680386,-0.18710103455866167,-0.19211974466211754,-0.15822584195465553,0.37311468192824127,0.1530926700418226,0.06957296940347787,0.3053510895883777,0.227970504072199,0.42950473255558,0.08659255998239049,-0.12695575610829848,0.05788465771516619,0.010589918556020251,-0.11607528065155184,-0.038791547435615234,-0.20799471714725953,-0.27972485141976666,-0.36020030816640985,-0.30387849438696896,0.3054985692273828,0.39070438036539734,0.3095773717807616,0.3259388069557561,0.15308386528725512,0.49118203830068236,0.28359674224081005,-0.06699537750385208,-0.19894122826326216,0.3023310587717367,0.4032489544353951,0.20604886638784944,0.17079903147699757,-0.10924499229583975,0.0399801893022232,-0.36192604006163326,-0.23071538630860663,-0.16676205150781423,0.20488883997358573,0.08802993616552938,0.03523222540171693,-0.13370019810697778,-0.023528505392912173,0.08805414924058992,-0.13364736957957296,0.07954875632841735,0.11763592339863527,0.04265463350209113,0.060224521241470395,-0.14918556020250937,-0.09923618754127228,-0.07677305745102356,-0.09508694695135374
#58,-0.11665419326436276,0.14015628439357253,-0.04604446401056571,-0.11389390270746202,-0.009317631521021351,0.10128769535549197,0.30888399735857364,0.08280651551837992,0.1534734756768655,0.0009222980409421088,0.0475544794188862,0.03500110059432093,0.23698437156064275,1.0,-0.2374686330618534,-0.2552652432313449,0.007820823244552058,-0.09140435835351089,-0.03155624036979969,0.11958397534668722,-0.1305524983491085,-0.30009024873431656,-0.048804754567466434,-0.10845476557340965,-0.24531587057010787,-0.12318952234206472,-0.25839533348007926,-0.21709443099273606,0.30118203830068235,0.23251595861765353,-0.1253004622496148,0.13977988113581333,-0.17974025974025973,0.04488003521901827,0.32557781201849,0.044122826326216155,0.24147479639005062,0.059029275808936826,-0.10697116442879155,0.18462689852520361,0.21950913493286375,0.4109971384547656,0.16979308826766454,0.23515958617653532,-0.08174994497028396,0.07292537970504072,-0.19786924939467312,-0.04705040721989875,0.11646929341844596,-0.3565001100594321,-0.03715606427470834,-0.20942989214175656,-0.22888179616993176,-0.2732247413603346,-0.3230904688531807,-0.4811688311688312,0.10149240589918557,0.030994937266123707,0.11829407880255338,0.020035219018269865,0.24492626018049746,0.24602025093550517,0.44514417785604227,0.059588377723970944,0.003024433193924719,0.13759630200308168,0.5372397094430993,0.2049768875192604,0.17173893902707463,0.054554259300022015,0.18000440237728374,0.20979088707902266,0.17695575610829847,0.1743781642086727,0.1889522342064715,0.27274708342504955,0.18211754347347567,0.2114946070878274,-0.02111600264142637,0.2027294739159146,-0.2006339423288576,0.04694475016508915,-0.11670041822584196,0.13756988773937925,0.1590380805635043,0.15441338322694254,-0.0027933083865287257,0.21438917015188202,0.2460180497468633,0.23748404138234647,0.1806207351970064,0.19934404578472376,0.04823244552058111,-0.05175214615892582,-0.0019392471934844815,-0.2025511776359234,-0.12161127008584635,-0.15716266784063393,-0.3175148580233326,0.0336913933524103,-0.07062293638564825,0.011338322694254898,0.09078142196786265,-0.1464472815320273,-0.041382346467092226,-0.026955756108298482,0.04652212194585076,0.21438036539731456,0.022029495927801013,0.102392692053709,0.01171912832929782
#101,-0.21030596522121947,-0.11446621175434735,-0.10639885538190623,-0.11084305524983491,-0.04289016068677086,-0.09604666519920757,-0.45295619634602685,-0.217508254457407,0.058461369139335244,-0.09231785163988554,0.06078582434514638,-0.1763878494386969,0.0007219898745322474,-0.2374686330618534,1.0,0.37690732995817744,-0.1459850319172353,-0.06665639445300463,0.6680189302223201,0.3411666299801893,0.41566585956416463,0.3477261721329518,0.03951793968743121,0.30212634822804313,0.0598943429451904,0.0874818401937046,0.15049306625577813,-0.13631741140215717,0.04923178516398855,-0.0848646268985252,-0.1087409200968523,0.07335241030156284,0.005597622716266784,0.06173233546114902,-0.1889060092449923,0.12976667400396213,0.18268545014307727,0.3003125687871451,0.4261787365177196,0.18259300022011887,0.03637244111820383,0.1149372661237068,0.12016068677085626,0.21587057010785823,-0.10401056570548096,0.08740699977988113,0.19815760510675764,0.09422848338102575,-0.29841514417785603,-0.17604226282192384,-0.304356152322254,-0.25267224301122604,-0.244521241470394,-0.08842394893242352,0.3193418445960819,0.368630860664759,-0.39809817301342726,0.07933303984151442,-0.39006163328197224,-0.3634602685450143,-0.4268699097512657,-0.4422694254897645,-0.18021571648690293,-0.07178296279991195,0.06622055910191503,-0.04941008144397975,-0.24507814219678625,-0.23895003301782963,0.5083160906889721,0.2005128769535549,-0.14182478538410742,0.08337662337662338,-0.19465771516618974,-0.18967642526964562,-0.14755888179616994,-0.35426810477657933,-0.3368633061853401,-0.3503345806735637,0.30415804534448604,0.08924939467312348,0.060310367598503195,-0.09339203169711645,-0.10022672243011226,-0.0734404578472375,-0.1880827646929342,-0.2936429672022892,-0.29138454765573407,-0.20532027294739158,-0.17990534888839974,-0.2578582434514638,-0.15923398635263042,-0.4765991635483161,-0.13799911952454325,-0.12559982390490865,-0.1829451904028175,-0.07615672463130091,0.11440237728373322,-0.2183975346687211,0.177574290116663,-0.04990975126568347,-0.18086506713625358,-0.10564384767774598,-0.2479242791107198,0.0937904468412943,0.047591899625797934,-0.152656834690733,-0.09578692493946732,-0.40034118423948933,-0.031736737838432755,-0.22445300462249615,-0.17273167510455645
#102,-0.09670261941448383,-0.05110499669821704,-0.23457847237508256,0.02587937486242571,0.014747963900506273,-0.16235086946951355,-0.2883865287255118,-0.07555139775478759,-0.11023992956196346,-0.14436055469953776,-0.1929407880255338,-0.10253356812678846,-0.13117543473475676,-0.2552652432313449,0.37690732995817744,1.0,-0.23627118644067796,-0.1759850319172353,0.2186022452124147,0.4506515518379925,0.12662998018930222,0.6949438696896324,0.22026634382566587,0.33258199427690954,0.10225621835791328,0.35208012326656396,-0.06241470394012767,-0.24902267224301122,-0.2601474796390051,-0.17531146819282412,-0.05644948272066916,0.021633281972265023,-0.059161347127448825,0.06696676205150781,-0.23268545014307726,-0.035518379925159584,-0.07181818181818182,0.29180277349768874,0.23007484041382348,0.2626414263702399,-0.007774598283072859,-0.08472815320272947,0.028139995597622716,0.0016288795949812899,0.01837112040501871,0.43458947831829187,0.03379484921857803,-0.4283314990094651,-0.19613471274488223,-0.20509134932863746,-0.3951419766674004,-0.2509333039841514,-0.11130750605326876,0.07793528505392912,0.08665639445300462,0.4096434074400176,-0.23717367378384327,0.49561303103675985,-0.004199867928681488,0.18408540611930443,-0.25610609729253797,-0.1536979969183359,-0.12112920977327757,0.240033017829628,-0.21182038300682368,0.10479859123926921,-0.3156020250935505,-0.011432973805855161,0.1474224081003742,0.43427250715386306,-0.056669601584855823,0.16353510895883777,0.014389170151882017,0.05541272287034999,0.036326216156724635,0.013702399295619635,-0.11393352410301563,-0.06631961259079903,-0.03483381025753907,-0.021360334580673563,0.1166321813779441,-0.20670702179176756,0.12368919216376843,-0.14438696896324016,-0.15469733656174334,-0.3136583755227823,-0.2695839753466872,-0.22084745762711863,-0.047517059211974466,-0.2611534228483381,-0.12236187541272286,-0.316814880035219,0.06220559101915034,-0.16530926700418225,-0.05897644728153203,-0.011267884657715166,0.19648470173893903,-0.277739379264803,-0.05846797270526084,-0.26756328417345365,-0.5006119304424389,-0.06664538850979529,-0.26770856262381687,-0.037310147479639004,-0.21311468192824126,-0.1877459828307286,-0.18828087167070218,-0.24124367158265464,-0.020268545014307728,-0.23580893682588597,0.04002421307506053
#201,0.4410851860004402,0.18080563504292319,0.6407153863086067,0.4104754567466432,-0.07447721769755668,0.1789258199427691,0.464025974025974,0.4352080123266564,0.18145938806955755,0.5246555139775478,0.35258859784283514,0.15726832489544354,0.2443099273607748,0.007820823244552058,-0.1459850319172353,-0.23627118644067796,1.0,0.32698437156064275,-0.13016949152542373,-0.23378604446401058,0.02042923178516399,-0.20421307506053268,-0.02356812678846577,-0.07944530046224961,0.06228263262161567,0.09518600044023773,0.26050407219898747,0.27443539511336124,0.3852674444199868,0.24833590138674885,0.3151992075720889,-0.12500770416024654,0.3130244331939247,0.05395333480079243,0.21895443539511336,-0.06795729694034779,0.054318732115342286,-0.08148580233325996,-0.12604006163328196,-0.2026700418225842,0.10147039401276689,-0.04965881576051068,-0.1678450363196126,-0.062016288795949816,0.06012326656394453,-0.1109553158705701,0.1717807616112701,0.1026172132951794,0.1846158925819943,-0.01288135593220339,0.32426810477657936,0.2017807616112701,0.40168611049966985,0.25375302663438254,0.046770856262381685,-0.124785384107418,-0.1073893902707462,-0.4503367818622056,-0.2287211093990755,-0.27056790666960157,-0.058529605987233106,-0.029625797930882675,0.03481399955976227,-0.04277129650011006,0.3206075280651552,0.08331278890600924,0.1884833810257539,0.34730794629099715,0.00985692273827867,-0.22166629980189304,0.31344265903587937,0.06472375082544574,-0.04032357473035439,0.01805194805194805,-0.025960818842174774,-0.14794629099713846,-0.2016354831609069,-0.1725181598062954,0.2740677966101695,0.19675764913053048,0.07828307285934405,0.2413911512216597,0.1423002421307506,0.1893858683689192,0.004342945190402818,-0.17141976667400396,-0.05540171692714065,0.3611534228483381,0.07787145058331499,0.1330926700418226,-0.18732335461149022,-0.23440457847237509,-0.22611930442438918,-0.17208672683248954,-0.1405679066696016,0.19198767334360556,0.12925819942769096,0.6538190622936386,0.41200088047545674,0.2710829848117984,0.32445960818842173,0.49145278450363195,0.22310147479639006,0.11829848117983711,0.4309949372661237,0.3904094210873872,0.23984371560642748,-0.10421087387189082,-0.2817081223860885,-0.2557208892802113,-0.12086506713625357
