,#10,#11,#12,#13,#17,#18,#26,#49,#50,#51,#52,#53,#54,#58,#101,#102,#201,#202,#301,#302,#401,#402,#501,#502,#601,#602,#701,#702,#801,#802,#901,#902,#1001,#1002,#1101,#1102,#1201,#1202,#1301,#1302,#1401,#1402,#1501,#1502,#1601,#1602,#1701,#1702,#1801,#1802,#1901,#1902,#2001,#2002,#2101,#2102,#2201,#2202,#2301,#2302,#2401,#2402,#2501,#2502,#2601,#2602,#2701,#2702,#2801,#2802,#2901,#2902,#3001,#3002,#3101,#3102,#3201,#3202,#3301,#3302,#3401,#3402,#3455,#3501,#3502,#3601,#3602,#3701,#3702,#3801,#3802,#3901,#3902,#4001,#4002,#4101,#4102,#4201,#4202,#4301,#4302,#4401,#4402,#4501,#4502,#4601,#4602,#4701,#4702,#4801,#4802
#10,1.0,0.26437376183138894,0.5083689192163768,0.5078560422628219,0.2120162887959498,0.1235329077701959,0.09710983931322914,0.6078340303764033,0.16356812678846577,0.524241690512877,0.2747985912392692,0.13784283513097073,0.024019370460048425,0.20322254017169272,-0.30658375522782305,-0.3023068456966762,0.5577547875852961,0.2622099933964341,-0.20709222980409422,-0.32860444640105657,-0.14670922298040942,-0.1702575390710984,0.026887519260400616,0.29718908210433637,0.41718908210433636,0.2544838212634823,-0.08632401496808277,-0.072524763372221,0.21689412282632622,0.12342284833810258,0.2136451683909311,0.2802289236187541,0.2890644948272067,0.31372220999339645,0.27087607307946293,0.233086066475897,0.11755007704160246,0.13165309267004183,0.09137134052388289,0.2561699317631521,0.01174554259300022,0.4097556680607528,-0.1359718247853841,-0.14640545894783183,-0.2793990755007704,-0.28200088047545674,-0.009528945630640545,0.1419062293638565,-0.015078142196786265,0.013398635263042042,0.30475016508914815,0.04965881576051068,0.25035879374862424,0.13997798811358134,0.2902025093550517,0.12926700418225842,-0.06780321373541713,-0.2873673783843275,-0.10026414263702399,-0.39204050187101036,-0.07128769535549197,0.02148580233325996,-0.19473035439137135,-0.1665001100594321,0.24609509134932864,-0.03454325335681268,-0.06763812458727712,-0.06690072639225182,0.10174334140435835,-0.04101254677525864,0.1558485582214396,0.184851419766674,-0.07629319832709663,0.3705392912172573,-0.160858463570328,0.04620515078142197,0.018886198547215495,-0.07980629539951574,0.1465991635483161,0.07708562623816861,-0.0645806735637244,0.1415562403697997,0.22744441998679288,-0.25983711204050186,0.024946070878274267,-0.1562095531587057,0.19156064274708343,0.011377944089808497,0.26804094210873874,0.05259520140876073,0.11815760510675764,0.15876953554919657,-0.13878934624697337,-0.08055029716046665,-0.1545608628659476,0.242854941668501,0.41245432533568127,0.5016354831609069,0.25412502751485805,0.5209046885318072,0.28092009685230024,0.3159520140876073,0.1349438696896324,0.3579639005062734,0.27481399955976227,0.33674884437596303,0.2302047105436936,-0.09737838432753687,-0.16253576931543035,-0.30103015628439356,-0.21190622936385647
#11,0.26437376183138894,1.0,0.26525643847677743,0.20108958837772398,0.2674686330618534,0.22670702179176755,0.32180937706361434,0.3112282632621616,0.5632885758309487,0.35915254237288136,0.18922077922077923,0.1419656614571869,0.13804314329738057,0.053515298261060974,-0.26223860884877837,-0.29299141536429674,0.2395509575170592,0.35115782522562183,0.08852960598723311,0.0425643847677746,0.006478098173013427,0.10260180497468634,0.12193044243891701,0.1247391591459388,0.20639885538190622,0.2302047105436936,0.00609289016068677,0.11320052828527405,0.24742020691173233,0.2739533348007924,-0.17,0.12575830948712305,0.05732775698877394,0.13832489544353951,-0.11506053268765133,-0.037602905569007264,0.09267444419986792,0.2453863086066476,0.04841514417785604,0.27938806955756107,0.037160466651992075,0.06372000880475456,0.11367598503191724,0.06698657274928461,0.1378824565265243,0.19419326436275589,-0.10604226282192383,0.045040721989874535,-0.16001760950913493,0.15967202289236188,0.04200968523002421,0.029095311468192823,0.34972044904248295,0.20436055469953776,0.19244992295839752,-0.05285274047985913,-0.25039181157825224,-0.11413383226942549,-0.17414043583535108,-0.07408540611930442,-0.1578626458287475,-0.2367048206031257,-0.08782082324455205,-0.2118269865727493,0.09412722870349989,0.06773717807616113,0.04498789346246973,-0.14727272727272728,0.26316530926700415,-0.02946731234866828,0.31337222099933965,0.23618534008364517,0.11276029055690073,0.13664098613251155,-0.2979947171472595,-0.3070372000880475,-0.04929561963460269,-0.1211138014527845,0.25698877393792646,0.40223640766013646,0.1591833590138675,0.16852520360994938,0.07436935945410522,0.08834030376403258,0.1211798371120405,-0.14683909311027954,-0.11703720008804755,0.09585516178736518,0.09474796390050627,-0.021113801452784502,0.06726172132951794,-0.19820823244552058,0.06204930662557781,-0.13343605546995377,-0.2074488223640766,0.0587343165309267,0.28150561303103677,0.10875192604006163,0.139735857362976,0.08591019150341184,0.014589478318291878,0.10004842615012106,0.22109178956636583,0.30575170592119744,0.12663878494386968,0.14219238388729913,0.06119744662117543,-0.1928351309707242,-0.16453444860224523,-0.267607307946291,-0.2509090909090909
#12,0.5083689192163768,0.26525643847677743,1.0,0.6956592559982391,0.26201408760730793,0.5190710983931323,0.1939159145938807,0.329390270746203,0.1076931543033238,0.6187101034558662,0.3556350429231785,0.2075676865507374,0.25303103675985034,0.3301584855822144,-0.5789984591679507,-0.4333370019810698,0.8116949152542373,0.657970504072199,-0.2547677745982831,-0.14262821923838873,-0.3702223200528285,-0.3853841074180057,-0.12414483821263482,0.07583314990094651,0.14868368919216376,-0.09604226282192384,0.04424389170151882,0.0739027074620295,0.45374202069117325,0.31870349988994057,0.38424829407880257,0.4949988994056791,0.3828527404798591,0.26227823024433194,0.2519656614571869,0.2913449262601805,0.22038300682368478,-0.11574950473255557,0.18276469293418446,0.09338542813119084,0.036924939467312345,0.28281091789566365,-0.09313449262601806,-0.2527734976887519,-0.12163988553819062,-0.3215606427470834,0.14737838432753686,0.3191239269205371,0.1521747743781642,0.1620691173233546,0.36688311688311687,0.14291657495047325,0.20830068236847898,0.27820823244552056,0.2303367818622056,0.26046665199207575,-0.2536385648250055,-0.28383447061413164,-0.15330398415144178,-0.24969403477878055,-0.051848998459167954,0.14848778340303764,-0.15813119084305524,-0.23164869029275809,0.3663416244772177,0.19813999559762271,0.031507814219678625,-0.13202509355051728,0.18078802553378825,-0.09763592339863526,0.535758309487123,0.5090997138454766,0.012357473035439137,0.4430046224961479,-0.34145938806955756,0.20355932203389832,-0.10682368478978649,0.005643847677745983,0.28934184459608187,0.13996918335901387,0.06327096632181378,0.2638102575390711,0.14334580673563724,-0.04015408320493066,0.30376183138895,-0.042077922077922075,0.2451683909311028,0.09896324014968083,-0.023301782962799913,0.18373321593660577,0.28694915254237285,0.07921417565485363,0.10500110059432094,-0.16999119524543255,-0.12694915254237288,0.42869249394673126,0.3068192824125027,0.6170394012766894,0.40642526964560866,0.4378780541492406,0.5720735197006384,0.5865793528505393,0.3641932643627559,0.494983491085186,0.40232225401716926,0.40290997138454765,0.4302509355051728,-0.07476997578692494,-0.1775610829848118,-0.2500484261501211,-0.24331939247193485
#13,0.5078560422628219,0.20108958837772398,0.6956592559982391,1.0,0.35128109178956635,0.5432005282852741,0.0738630860664759,0.37883777239709443,0.06323794849218578,0.6884569667620515,0.2549724851419767,0.22627999119524544,0.32600924499229583,0.15737178076161126,-0.452161567246313,-0.4327999119524543,0.6991019150341184,0.40175654853620957,-0.2582060312568787,-0.2631587057010786,-0.22837552278230244,-0.28107638124587275,0.026909531146819283,0.1635923398635263,0.322987012987013,-0.12536209553158706,0.13532907770195907,0.08127448822364076,0.31942989214175654,0.2326502311248074,0.29399075500770416,0.5102927580893682,0.3738234646709223,0.3479220779220779,0.27304204270305965,0.3752410301562844,0.41886418666079683,-0.020884877834030376,0.2483579132731675,0.09,0.035850759410081444,0.2560136473695796,-0.010587717367378385,-0.1283182918776139,0.02605546995377504,-0.26960598723310586,0.08789566365837552,0.33726832489544356,0.16939687431212855,0.1989588377723971,0.36520581113801454,0.12721329517939686,0.17882456526524323,0.2884305524983491,0.3536715826546335,0.17189522342064714,-0.30178956636583754,-0.2625269645608629,-0.19135373101474795,-0.2966189742460929,-0.04339643407440018,0.1259123926920537,0.0011864406779661016,-0.17823684789786484,0.2894188861985472,0.03154523442659036,0.12648690292758089,-0.16339863526304205,0.2136715826546335,-0.0026260180497468632,0.32099933964340743,0.20746423068456968,-0.09772176975566806,0.27705701078582434,-0.22360114461809377,0.11707902267224302,0.015960818842174776,0.02486022452124147,0.097211093990755,-0.04634382566585957,0.05723970944309927,0.23267884657715165,0.13330618534008365,-0.03725291657495047,0.2313845476557341,0.01897424609289016,0.30916354831609066,0.1262095531587057,-0.003530706581554039,0.19594100814439797,0.33016949152542374,0.1141734536649791,0.11272727272727273,-0.27056350429231785,-0.11319172353070658,0.20734536649790888,0.2707329958177416,0.5563086066475897,0.3478648470173894,0.46535549196566145,0.46622716266784064,0.4571846797270526,0.34200748404138237,0.4596742240810037,0.38918556020250933,0.3705458947831829,0.4534734756768655,-0.08878494386968963,-0.2615540391811578,-0.3715760510675765,-0.30450583314990093
#17,0.2120162887959498,0.2674686330618534,0.26201408760730793,0.35128109178956635,1.0,0.6075434734756768,0.09913713405238829,0.19989654413383226,0.12371560642747083,0.11731454985692275,0.08461369139335241,0.48834250495267445,0.41590578912612813,0.11177856042262822,-0.41668060752806513,-0.44088707902267227,0.2707307946290997,0.13795289456306406,-0.3234800792427911,-0.12345146379044684,-0.20022672243011225,-0.24059652212194585,0.07394012766894123,0.062223200528285276,0.2659916354831609,0.05956636583755228,-0.02831388950033018,-0.00809156944750165,0.4835659255998239,0.4704908650671363,0.34633061853400837,0.3744816200748404,0.27229143737618317,0.2284965881576051,0.2749372661237068,0.4416640986132512,0.4492956196346027,0.2793660576711424,0.38449922958397537,0.29635263042042703,0.06644287915474356,0.13954215276249174,0.2519062293638565,0.12932203389830507,-4.182258419546555e-05,-0.08660576711424169,-0.07498569227382787,0.1288531807175875,-0.1491371340523883,-0.16424829407880256,0.28463570327977106,-0.05337001981069778,0.1888663878494387,0.0948646268985252,0.15574069997798812,0.02707241910631741,-0.19571868809156945,-0.06006163328197227,0.060449042482940786,-0.4226392251815981,0.17670041822584195,0.21246092890160687,0.38125467752586395,-0.005344486022452124,-0.13279110719788687,-0.08846797270526084,0.2703808056350429,-0.007961699317631521,0.15557340964120625,0.17411182038300682,0.16845696676205152,0.1051023552718468,0.11541712524763373,0.07640325775918996,-0.06974686330618533,0.09302883557120845,0.18530266343825666,0.07254897644728153,0.17927140655954216,-0.03914593880695576,0.37421087387189084,0.6316971164428792,0.06811138014527846,0.1226436275588818,0.511419766674004,0.1456416464891041,0.4179506933744222,0.30929561963460267,0.17337442218798152,0.40046445080343385,0.5457561082984812,0.2908320493066256,0.26622716266784063,-0.056117103235747305,0.06831609068897204,0.01188201628879595,0.007387189082104336,0.3955139775478759,0.09104776579352851,0.2773343605546995,0.17539731454985694,0.34093770636143517,0.3100374202069117,0.2624367158265463,0.2094519040281752,0.3089258199427691,0.23617213295179396,0.17594981289896544,-0.1032423508694695,-0.09797930882676645,0.05777900066035659
#18,0.1235329077701959,0.22670702179176755,0.5190710983931323,0.5432005282852741,0.6075434734756768,1.0,0.2689852520360995,0.17303984151441779,0.15128769535549197,0.356766453885098,0.1212128549416685,0.5796213955535989,0.450924499229584,0.39213955535989437,-0.617259520140876,-0.4298151001540832,0.47466431873211534,0.2879088707902267,-0.3361963460268545,-0.1320052828527405,-0.522540171692714,-0.22976667400396214,0.06665419326436275,0.1100594320933304,0.16938586836891922,-0.05231124807395994,0.12332819722650232,0.20220338983050848,0.47393792648029937,0.5355558001320713,0.3244023772837332,0.5541624477217697,0.38399735857362977,0.23847897864847017,0.22008364516839093,0.45099273607748186,0.33721769755668063,0.05686550737398195,0.2838983050847458,0.29074180057230903,0.15462249614791987,0.18290116662998018,0.24178956636583757,-0.0021813779440898085,-0.057340964120625136,-0.12630420427030598,0.05084085406119304,0.30848117983711204,0.06556680607528065,-0.0748976447281532,0.43012987012987014,-0.0007968302883557121,0.09123046445080343,0.12278010125467753,-0.005100154083204931,0.10135593220338983,-0.4278186220559102,-0.1962557781201849,-0.12800572309046884,-0.28040281752146157,0.0077349768875192605,0.17107858243451463,0.32238828967642524,-0.0013955535989434295,0.10752586396654193,0.06174554259300022,0.3409112920977328,-0.05116442879154744,0.2962359674224081,0.23512436715826546,0.4472419106317411,0.30412062513757426,0.14801012546775258,0.289537750385208,-0.15861985472154963,0.1785890380805635,0.14765793528505394,0.21653753026634381,0.1469205370900286,0.06500550297160466,0.3696896324014968,0.6347457627118644,0.055141976667400394,0.264851419766674,0.5725137574290117,0.12372881355932204,0.36446180937706363,0.4782918776139115,0.07057010785824346,0.4526832489544354,0.6333303984151442,0.22829848117983711,0.3447941888619855,-0.19636363636363635,0.0023618754127228705,0.14198547215496368,0.15041822584195466,0.5309553158705701,0.12165089148139996,0.3784239489324235,0.4301716927140656,0.5491085186000441,0.5210257539071098,0.33529826106097294,0.32574730354391374,0.44344486022452123,0.3736517719568567,0.0162689852520361,-0.20451243671582656,-0.26407880255337884,-0.11294959278010125
#26,0.09710983931322914,0.32180937706361434,0.1939159145938807,0.0738630860664759,0.09913713405238829,0.2689852520360995,1.0,0.15521461589258198,0.3189478318291878,0.2686418666079683,0.137409200968523,0.192128549416685,0.28364076601364735,0.3473343605546995,-0.38406559542152763,-0.2716266784063394,0.1846158925819943,0.25130970724191065,-0.11706361435174995,-0.07326876513317192,0.028958837772397095,-0.06801672903367818,-0.07937706361435175,0.038562623816861104,0.03977107638124587,0.12818401937046006,0.16409641206251377,0.12586836891921638,0.19350209112920977,0.27092449922958395,-0.019621395553598944,0.13830728593440458,0.0019678626458287476,-0.02396434074400176,-0.07428351309707242,0.0827492846136914,-0.09705921197446621,0.06889500330178296,0.03626018049746863,0.13947171472595202,-0.07037420206911732,0.08545454545454545,-0.24123706801672903,0.27567906669601583,0.05842835130970724,-0.08330618534008365,-0.08228923618754128,0.10806735637244112,0.12487343165309267,0.19254677525863967,0.09204270305965222,0.0487673343605547,0.14169711644287916,0.17658375522782302,0.02305084745762712,0.08241690512876954,0.0975016508914814,-0.18107858243451463,-0.09106537530266344,-0.06396434074400176,-0.16029936165529385,-0.14747303543913715,-0.0987541272287035,-0.22636363636363635,0.10018710103455866,0.1890975126568347,0.0874025974025974,-0.11999119524543253,0.06803433854281311,-0.053871890821043364,0.30979308826766455,0.19462469733656174,0.17355051727933085,0.28357473035439135,0.10230904688531807,0.0009244992295839754,-0.010297160466651993,-0.01324455205811138,0.3016200748404138,0.20946511116002642,0.2358397534668721,0.26228263262161566,-0.04686990975126568,0.13659696235967422,0.1886682808716707,0.02025974025974026,-0.06532687651331719,-0.008300682368478978,-0.04602685450143077,-0.1058859784283513,0.1611600264142637,-0.13581774158045345,-0.20248734316530928,-0.038492185780321375,-0.11154743561523223,0.16609289016068676,0.016585956416464893,-0.022637023992956196,-0.16906009244992296,0.10035439137134053,0.1784701738939027,0.09550297160466652,0.052003081664098616,0.06915034118423949,0.12039181157825225,0.1974818401937046,0.14855161787365176,-0.09816420867268325,-0.24215936605767113,-0.09064274708342505,-0.0700726392251816
#49,0.6078340303764033,0.3112282632621616,0.329390270746203,0.37883777239709443,0.19989654413383226,0.17303984151441779,0.15521461589258198,1.0,0.4150077041602465,0.4537772397094431,0.4977261721329518,0.13293638564825005,0.13997798811358134,0.18314109619194366,-0.24104336341624477,-0.25180277349768876,0.4096852300242131,0.30733436055469954,0.01604886638784944,-0.23233546114902048,-0.027316751045564604,-0.17192604006163328,0.09811578252256219,0.1844948272066916,0.39570548095971825,0.009698437156064275,-0.1071846797270526,-0.07001760950913494,0.3299823904908651,0.2984965881576051,0.25782742681047766,0.29714725952014087,0.16715606427470833,0.28674884437596304,0.31411182038300683,0.14487563284173455,0.21526524323134494,0.16317191283292978,-0.03333700198106978,0.28759189962579795,0.22919876733436056,0.23333920316971166,-0.0934800792427911,-0.13346467092229805,-0.2590446841294299,-0.23327316751045565,-0.10951133612150561,0.10818622055910192,-0.13710103455866168,-0.007666740039621396,0.28089588377723973,-0.05921637684349549,0.2470063834470614,0.22328857583094872,0.25347127448822365,0.10993176315210214,-0.3203940127668941,-0.4523464670922298,-0.3148778340303764,-0.32046224961479197,-0.2288663878494387,-0.11685230024213075,-0.09223860884877834,-0.2910037420206912,0.24042482940788026,-0.058868589038080565,-0.039073299581774155,-0.0664340744001761,0.3728681488003522,0.0574025974025974,0.26189522342064714,0.24632621615672462,0.11468192824125027,0.31889720449042486,-0.17035439137134054,-0.08591459388069557,-1.7609509134932863e-05,-0.12615452344265904,0.31055690072639225,0.21747963900506273,0.17086946951353732,0.13970063834470614,0.20810037420206912,-0.21342945190402818,-0.07435174994497028,-0.14201848998459168,0.021956856702619414,-0.05017609509134933,0.14795949812898965,0.060316971164428794,-0.02086286594761171,-0.1603081664098613,-0.09619414483821263,-0.25529605987233106,-0.2509090909090909,0.1959586176535329,0.4159322033898305,0.3116112700858464,0.1929936165529386,0.5324631300902487,0.31171692714065596,0.2259123926920537,0.025267444419986792,0.33759630200308166,0.18112920977327757,0.27289016068677086,0.1595905789126128,-0.24109619194364956,-0.18150341184239488,-0.3966035659255998,-0.3085736297600704
#50,0.16356812678846577,0.5632885758309487,0.1076931543033238,0.06323794849218578,0.12371560642747083,0.15128769535549197,0.3189478318291878,0.4150077041602465,1.0,0.2627823024433194,0.3780277349768875,0.01861104996698217,0.10273387629319833,0.04033017829627999,-0.04256878714505833,0.024301122606207353,0.1298217037200088,0.1614439797490645,0.10460048426150122,0.0862623816861105,0.051741140215716484,0.14472375082544575,0.2903257759189963,0.1708892802113141,0.09075941008144398,0.0018291877613911512,-0.11670702179176755,0.051228263262161566,-0.023275368699097514,0.060977327756988775,-0.18057451023552717,0.02415364296720229,-0.10582434514637905,-0.04187541272287035,-0.18795289456306405,-0.10191723530706581,-0.13871890821043364,0.07889500330178296,-0.07093990755007704,0.0840677966101695,0.03019370460048426,-0.05554259300022012,0.04935725291657495,0.0866321813779441,0.03903587937486243,0.29272066916134715,-0.12309267004182259,-0.06865067136253578,-0.2841448382126348,0.07841074180057231,-0.17006163328197227,-0.2663812458727713,-0.09483601144618094,0.06589478318291878,-0.06330398415144178,0.06759850319172353,-0.22627118644067798,-0.05924058991855602,-0.19910191503411842,-0.022914373761831388,-0.3242438917015188,-0.3661104996698217,-0.02192824125027515,-0.05064054589478318,0.11327096632181378,0.04532687651331719,0.02107197886858904,0.021521021351529827,0.3815276249174554,0.19275808936825886,0.2970416024653313,0.14243671582654632,0.21709443099273606,0.22552058111380147,0.026062073519700638,-0.15611930442438918,-0.05487343165309267,-0.19912832929782082,0.1444684129429892,0.2646357032797711,0.13346467092229805,-0.08921197446621175,-0.127541272287035,0.0811270085846357,0.008265463350209112,-0.26317411402157165,-0.29966541932643626,-0.0287277129650011,-0.11220118864186661,-0.037010785824345145,-0.1059784283513097,-0.3104204270305965,0.0822738278670482,-0.22502091129209773,-0.21906669601584855,0.1321351529826106,0.2227756988773938,-0.031604666519920756,0.06633942328857582,-0.012315650451243672,-0.0461369139335241,0.04320493066255778,0.10446621175434735,0.1946665199207572,-0.020847457627118645,-0.062379484921857804,-0.135775918996258,-0.2898173013427251,-0.1841140215716487,-0.27567246313009025,-0.26868589038080565
#51,0.524241690512877,0.35915254237288136,0.6187101034558662,0.6884569667620515,0.11731454985692275,0.356766453885098,0.2686418666079683,0.4537772397094431,0.2627823024433194,1.0,0.3176469293418446,0.17596302003081665,0.30265903587937487,0.1975676865507374,-0.3599757869249395,-0.39193264362755886,0.6908650671362536,0.3850561303103676,-0.037589698437156066,-0.2074950473255558,-0.18395113361215057,-0.19415804534448602,0.06164648910411622,0.06550077041602466,0.2336253576931543,-0.07412722870349989,0.1897182478538411,0.05309267004182258,0.22500770416024654,0.13065595421527626,0.13721329517939687,0.29172132951793966,0.14414483821263482,0.20808496588157605,0.24163548316090688,0.10177415804534448,0.1298283072859344,-0.027305745102355273,0.14382786704820602,-0.002436715826546335,0.0007263922518159806,0.2374818401937046,-0.17788025533788246,-0.05832049306625578,0.021954655513977548,-0.19969623596742242,0.05178956636583755,0.10497468633061853,0.1687475236627779,0.3143693594541052,0.14128109178956635,0.05047545674664319,0.21410301562843936,0.2783447061413163,0.3536187541272287,0.16804754567466432,-0.23434734756768655,-0.32689412282632624,-0.372095531587057,-0.19684349548756327,-0.23382566585956416,-0.05078582434514638,-0.19232885758309487,-0.21903587937486244,0.47241690512876955,0.16657274928461369,0.02357693154303324,-0.074785384107418,0.2581377944089808,-0.14000880475456748,0.4102289236187541,0.33268545014307727,0.04375963020030817,0.4765045124367158,-0.15433414043583535,0.16018049746863305,-0.06709002861545234,-0.07796830288355712,0.19748404138234646,0.02232445520581114,0.0014241690512876953,0.07565705480959718,0.19697336561743342,-0.05028835571208452,0.05807175874972485,0.006933744221879815,0.09639885538190623,0.05421967862645829,0.017627118644067796,0.014408980849658816,0.09730794629099714,-0.10977107638124588,-0.013713405238828968,-0.3850715386308607,-0.2878362315650451,0.2605018710103456,0.23666299801893023,0.34391151221659694,0.2418401937046005,0.3250561303103676,0.31690292758089367,0.34250275148580234,0.24435174994497028,0.41234646709222983,0.2976051067576491,0.21841294298921418,0.23484261501210654,-0.23223200528285273,-0.3111138014527845,-0.5062139555359895,-0.47644287915474354
#52,0.2747985912392692,0.18922077922077923,0.3556350429231785,0.2549724851419767,0.08461369139335241,0.1212128549416685,0.137409200968523,0.4977261721329518,0.3780277349768875,0.3176469293418446,1.0,0.18561303103675986,0.019141536429672024,0.29583975346687214,-0.21388950033017828,-0.12167730574510235,0.28201408760730795,0.24127668941228264,-0.052205591019150344,-0.2273563724411182,-0.1410807836231565,-0.1153334800792428,0.035097952894563064,0.17035439137134054,0.31033458067356373,0.09866607968302883,-0.23834690732995817,0.01490644948272067,0.22302223200528284,0.17758309487123047,0.2115298261060973,0.11900726392251816,0.052670041822584196,0.00013207131851199647,0.004937266123706802,-0.03848998459167951,0.08454545454545455,0.022467532467532466,0.02268545014307726,0.18478098173013427,0.037550077041602466,0.21006383447061414,-0.24138674884437597,-0.13497908870790226,-0.014464010565705482,-0.051314109619194366,-0.06273387629319832,0.04542593000220119,-0.19878934624697336,0.10489984591679508,0.1380409421087387,-0.1111138014527845,0.08451023552718467,0.11273827867048206,0.0995311468192824,0.110462249614792,-0.22710103455866168,-0.32583094871230467,-0.1108826766453885,-0.10989874532247414,-0.2955051727933084,-0.3165771516618974,-0.13003081664098612,-0.2028659476117103,0.11248734316530927,0.03650671362535769,-0.14521681708122386,-0.14772397094430992,0.1553268765133172,-0.20167950693374423,0.2590578912612811,0.24410741800572308,-0.0709487123046445,0.2163284173453665,-0.2339357252916575,-0.14278450363196127,-0.13851639885538192,-0.2535020911292098,0.16224521241470394,0.1788399735857363,0.0299735857362976,-0.027246313009024872,-0.12961038961038962,-0.15874532247413603,-0.08086726832489545,-0.3151243671582655,-0.04093110279550957,-0.11169491525423729,-0.05686770856262382,-0.05534668721109399,-0.03613251155624037,-0.10351309707241911,0.02534668721109399,-0.10168611049966982,-0.06182918776139115,0.1959454105216817,0.2462425709883337,0.292689852520361,0.02504072198987453,0.3659674224081004,0.20192604006163328,0.10027955095751706,-0.12991855602025093,0.29075941008144396,0.18110279550957517,0.10451023552718468,0.0809421087387189,-0.2347127448822364,-0.232524763372221,-0.245610829848118,-0.15184239489324236
#53,0.13784283513097073,0.1419656614571869,0.2075676865507374,0.22627999119524544,0.48834250495267445,0.5796213955535989,0.192128549416685,0.13293638564825005,0.01861104996698217,0.17596302003081665,0.18561303103675986,1.0,0.1480233325996038,0.4781399955976227,-0.4359432093330398,-0.3836539731454986,0.22087607307946291,0.15148139995597623,-0.24583755227823023,-0.1912722870349989,-0.2990028615452344,-0.14856482500550297,0.06490865067136253,0.09213735417125248,0.2739885538190623,0.15637244111820384,-0.030178296279991194,-0.020898084965881577,0.29198767334360554,0.44211754347347565,0.10563944530046225,0.3106009244992296,0.36789786484701736,0.18030596522121947,0.10611490204710544,0.3474906449482721,0.3558859784283513,0.2668104776579353,0.24865727492846137,0.29179176755447944,0.0935593220338983,0.0052520360994937265,0.13220559101915033,0.04768875192604006,-0.059478318291877615,-0.03199647809817301,0.012588597842835132,0.1263152102135153,-0.15505172793308386,-0.27712304644508035,0.24533788245652652,-0.052980409421087386,0.12698437156064274,-0.04963680387409201,0.1434206471494607,-0.019482720669161346,-0.26069557561082984,-0.35825665859564165,-0.06682368478978648,-0.3972639225181598,0.02740479859123927,0.11843495487563284,0.19984371560642747,-0.07580013207131851,-0.16710103455866168,-0.12316090688972045,0.2961413163108078,-0.018155403918115782,0.18218578032137353,0.137012987012987,0.19132731675104556,0.17740699977988114,0.11857362976007044,0.06941888619854722,-0.1240876073079463,0.05270746202949593,0.2829011666299802,0.15438256658595642,0.17373981950253137,0.17633722209993397,0.30922518159806295,0.5239709443099274,-0.13827646929341844,0.4053400836451684,0.5459784283513097,0.24118864186660796,0.40360774818401934,0.3324125027514858,0.0813647369579573,0.279966982170372,0.4358595641646489,0.20546995377503852,0.12186000440237728,-0.07756988773937927,-0.03215276249174554,0.07534668721109399,0.194818401937046,0.32099273607748185,-0.07236627779000661,0.22397974906449483,0.07982390490865067,0.2193484481620075,0.3862623816861105,0.24631961259079904,0.20742681047765793,0.40246313009024876,0.15410081443979748,0.12180277349768875,-0.1675941008144398,-0.08694475016508915,-0.0697952894563064
#54,0.024019370460048425,0.13804314329738057,0.25303103675985034,0.32600924499229583,0.41590578912612813,0.450924499229584,0.28364076601364735,0.13997798811358134,0.10273387629319833,0.30265903587937487,0.019141536429672024,0.1480233325996038,1.0,0.025740699977988113,-0.3088928021131411,-0.2729165749504733,0.22380585516178736,0.14852740479859125,-0.24908430552498348,0.07477657935285054,-0.18969183359013866,-0.028023332599603785,-0.17001100594320934,-0.08358133392031697,-0.11873651771956857,-0.26347787805414924,-0.030248734316530926,-0.10728373321593661,0.3829407880255338,0.4027492846136914,0.2237574290116663,0.20823464670922298,-0.00949372661237068,-0.08839093110279551,0.19721329517939687,0.26352410301562845,0.15031917235307066,-0.12502531366938147,0.11053929121725732,-0.10592339863526304,0.16140435835351089,0.12567906669601586,0.17040061633281972,0.13859123926920536,0.07667620515078143,-0.09729253797050408,-0.17167510455646048,0.01948051948051948,0.03137574290116663,0.07948712304644508,0.07817081223860885,0.07937046004842616,-0.1253334800792428,0.05624036979969183,-0.010138674884437596,-0.07807836231565045,-0.25585516178736517,-0.00022892361875412722,-0.08992515958617653,-0.09914813999559763,0.04720889280211314,0.12209112920977327,0.12812018489984592,-0.0014505833149900946,0.1285758309487123,0.11253576931543033,0.24921417565485363,-0.0012876953554919657,0.10498789346246973,0.07019370460048426,0.2853731014747964,0.011760950913493287,0.221732335461149,0.3302201188641867,0.22050627338762932,0.22276909531146818,0.031027955095751705,0.11841734536649791,-0.031221659696235967,-0.14936385648250056,0.42447941888619856,0.4808232445520581,0.11075720889280212,0.26088928021131413,0.4193638564825006,0.21451904028175214,0.15121505613031036,0.16978868589038082,0.07611490204710544,0.33006163328197224,0.3402487343165309,-0.010611930442438917,0.19410521681708123,-0.08075280651551837,-0.0014703940127668942,0.02721549636803874,-0.1858199427690953,0.11942108738718908,0.00015188201628879596,0.08607307946290997,0.06485141976667401,0.3224851419766674,0.11536209553158706,0.0687805414924059,0.15218798151001542,0.15618534008364518,0.11491525423728814,-0.013462469733656173,-0.12401937046004842,-0.05544353951133612,-0.0877591899625798
#58,0.20322254017169272,0.053515298261060974,0.3301584855822144,0.15737178076161126,0.11177856042262822,0.39213955535989437,0.3473343605546995,0.18314109619194366,0.04033017829627999,0.1975676865507374,0.29583975346687214,0.4781399955976227,0.025740699977988113,1.0,-0.4865903587937486,-0.3337882456526524,0.3188906009244992,0.12370900286154524,-0.2736077481840194,-0.1991569447501651,-0.31863746423068456,-0.277640325775919,-0.04058771736737839,0.10274488223640767,0.05158265463350209,0.08170151882016288,-0.06783403037640326,0.0945806735637244,0.17318071758749726,0.20629760070438036,0.18138454765573409,0.2755183799251596,0.28330398415144176,0.15412282632621616,0.05038080563504292,0.11715386308606647,0.03432533568126789,0.07482500550297161,-0.0897292537970504,0.3224521241470394,0.02620515078142197,0.19779000660356594,-0.07110279550957517,-0.11804534448602245,-0.22436055469953775,-0.15830288355712085,0.1786088487783403,0.26166629980189304,0.08053048646268986,-0.10246092890160687,0.2400726392251816,-0.05897424609289016,0.06275368699097512,0.00401716927140656,-0.005923398635263042,0.014941668500990535,-0.023495487563284175,-0.28333259960378604,-0.060920096852300244,-0.2173167510455646,-0.09138895003301784,0.06047325555800132,0.02565265243231345,0.02039621395553599,0.022540171692714064,-0.018976447281532027,0.20294519040281753,0.06337882456526524,0.2508496588157605,0.02447281532027295,0.36932423508694695,0.34753907109839316,0.035661457186880914,0.24699097512656834,-0.22050847457627118,0.19025533788245652,0.0412392692053709,0.14945630640545896,0.18151221659696237,0.06360994937266123,0.05115562403697997,0.22954875632841734,-0.20644508034338543,0.25535549196566143,0.30081223860884876,0.009790887079022672,0.22811798371120404,0.03270966321813779,-0.024219678626458286,0.07796610169491526,0.18019370460048426,0.10848778340303764,0.021190843055249833,-0.06344486022452124,-0.07134492626018049,0.07519700638344706,0.19069997798811358,0.33917015188201627,-0.09777239709443099,0.332689852520361,0.2802949592780101,0.2939181157825226,0.22777019590578912,0.24444199867928681,0.07439797490644948,0.34411402157164866,0.21014087607307946,0.06570988333700198,-0.05203169711644288,-0.1187739379264803,-0.03212854941668501
#101,-0.30658375522782305,-0.26223860884877837,-0.5789984591679507,-0.452161567246313,-0.41668060752806513,-0.617259520140876,-0.38406559542152763,-0.24104336341624477,-0.04256878714505833,-0.3599757869249395,-0.21388950033017828,-0.4359432093330398,-0.3088928021131411,-0.4865903587937486,1.0,0.6838036539731455,-0.5391371340523883,-0.44362755888179617,0.4077195685670262,0.14634382566585957,0.4592493946731235,0.2895245432533568,0.33983491085186,0.00800792427911072,-0.12621175434734758,-0.03618093770636144,-0.20472815320272947,-0.3055205811138014,-0.4820823244552058,-0.5186968963240149,-0.349093110279551,-0.5138850979528946,-0.4804446401056571,-0.22783843275368698,-0.11900946511116002,-0.39038300682368476,-0.17508694695135374,-0.040917895663658374,-0.12296940347787805,-0.31006383447061414,-0.039372661237068014,-0.2487409200968523,0.09575610829848118,0.0008408540611930443,0.17602905569007263,0.2550473255558001,-0.1870261941448382,-0.43117763592339864,-0.222821923838873,-0.11852080123266565,-0.5173189522342064,-0.13403257759189963,-0.2865859564164649,-0.21625797930882676,-0.05962579793088268,-0.14373981950253137,0.26366718027734976,0.20653532907770195,0.2140083645168391,0.2237772397094431,0.11672903367818623,-0.15530486462689852,-0.03524323134492626,0.24173013427250714,-0.20275808936825887,-0.2559674224081004,-0.16446621175434734,0.21150561303103677,-0.07354831609068897,0.04271626678406339,-0.44259960378604446,-0.3958353510895884,-0.14863746423068458,-0.3752234206471495,0.06963020030816641,-0.28395333480079243,-0.09710323574730355,-0.24267224301122606,-0.3553004622496148,-0.20711864406779662,-0.21887079022672243,-0.4564098613251156,0.1611071978868589,-0.20689852520360996,-0.5070372000880475,-0.12914153642967202,-0.200231124807396,-0.28257318952234206,-0.0037310147479639004,-0.202359674224081,-0.5216751045564605,-0.032143957737178076,-0.09553819062293639,0.23417125247633722,0.17451683909311028,-0.27931322914373763,-0.22666519920757208,-0.5821835791327317,-0.22835351089588377,-0.538003521901827,-0.5218798151001541,-0.5221835791327317,-0.4195399515738499,-0.39979088707902266,-0.35546995377503854,-0.5553598943429452,-0.46698437156064276,0.08106977767994718,0.11576491305304865,0.35023772837332157,0.25815100154083204
#102,-0.3023068456966762,-0.29299141536429674,-0.4333370019810698,-0.4327999119524543,-0.44088707902267227,-0.4298151001540832,-0.2716266784063394,-0.25180277349768876,0.024301122606207353,-0.39193264362755886,-0.12167730574510235,-0.3836539731454986,-0.2729165749504733,-0.3337882456526524,0.6838036539731455,1.0,-0.5275522782302443,-0.3291679506933744,0.18115562403697996,0.3537992515958618,0.08082324455205811,0.416700418225842,0.3002355271846797,0.13344926260180498,-0.2064208672683249,-0.057893462469733654,-0.030664758969843716,-0.18102575390710984,-0.5864604886638785,-0.6627933083865287,-0.38864406779661015,-0.4640083645168391,-0.39057230904688534,-0.40425709883337,-0.20666740039621395,-0.4341800572309047,-0.45987673343605545,-0.3149240589918556,0.03416024653312789,-0.384455205811138,-0.16955535989434295,-0.4181311908430552,0.08640766013647369,-0.17516618974246093,0.17446621175434734,0.3234008364516839,-0.0613119084305525,-0.3664494827206692,-0.19697116442879153,-0.16532687651331718,-0.479867928681488,-0.07189742460928901,-0.49277129650011003,-0.16734096412062513,-0.35168390931102794,0.07021351529826106,0.11811358133392032,0.3021835791327317,0.3995795729694035,0.3511776359233986,0.09956416464891041,-0.0925841954655514,0.019645608628659477,0.4416398855381906,-0.18313449262601805,-0.11675544794188862,-0.0838168611049967,0.25524323134492627,-0.11925159586176536,0.2307968302883557,-0.30558661677305743,-0.19774598283072858,-0.2131058771736738,-0.26429672022892364,0.11837772397094432,-0.19969183359013867,-0.1465991635483161,-0.15694695135373102,-0.42763592339863526,-0.08939907550077042,-0.518217037200088,-0.44454765573409644,-0.07311468192824125,-0.28607307946291,-0.30449922958397535,-0.12510015408320493,-0.14390050627338763,-0.26635042923178515,-0.1946070878274268,-0.2890975126568347,-0.4239819502531367,-0.008307285934404579,0.11823024433193925,0.30383447061413166,0.299027074620295,-0.11532247413603346,-0.10941228263262162,-0.5400264142637023,-0.1571582654633502,-0.508976447281532,-0.37080123266563947,-0.42047545674664316,-0.3490777019590579,-0.35796830288355713,-0.2611292097732776,-0.5583425049526745,-0.3973057451023553,0.08716266784063394,0.22006383447061414,0.3459255998239049,0.281699317631521
#201,0.5577547875852961,0.2395509575170592,0.8116949152542373,0.6991019150341184,0.2707307946290997,0.47466431873211534,0.1846158925819943,0.4096852300242131,0.1298217037200088,0.6908650671362536,0.28201408760730795,0.22087607307946291,0.22380585516178736,0.3188906009244992,-0.5391371340523883,-0.5275522782302443,1.0,0.6187805414924059,-0.17866387849438697,-0.28550737398195025,-0.1969227382786705,-0.5068258859784284,-0.0660774818401937,-0.02151882016288796,0.23312568787145058,-0.13174554259300023,0.09018710103455867,-0.0030530486462689854,0.42285934404578474,0.23432753686990976,0.37325775918996257,0.4700308166409861,0.3827448822364077,0.25652872551177636,0.31697116442879153,0.22510455646048866,0.2520383006823685,-0.12105657054809597,0.16790666960158485,0.06434514637904469,0.045115562403698,0.2800836451683909,-0.14736517719568568,-0.11920977327756989,-0.18290997138454765,-0.49594541052168173,0.07171692714065596,0.2308166409861325,0.14168390931102795,0.06701518820162888,0.3219722650231125,0.03307285934404579,0.26979528945630643,0.21734536649790887,0.43962799911952455,0.27726832489544356,-0.2087541272287035,-0.44725952014087605,-0.28677966101694913,-0.3435417125247634,-0.035322474136033455,0.17538410741800572,-0.2906537530266344,-0.3367026194144838,0.437574290116663,0.16863746423068457,-0.006817081223860885,-0.14937706361435174,0.32489984591679505,-0.13180717587497248,0.5676095091349329,0.49164648910411624,0.08573409641206252,0.46198547215496366,-0.2535923398635263,0.25180277349768876,0.07040721989874532,0.10465771516618974,0.32300902487343164,-0.09178736517719568,0.06812238608848778,0.1837772397094431,0.18394893242350868,0.06895663658375523,0.269702839533348,0.0401915034118424,0.29322033898305083,0.009621395553598944,-0.1261963460268545,0.20977988113581333,0.28113801452784504,0.021767554479418885,-0.04757649130530486,-0.24387189082104335,-0.11029275808936825,0.51966982170372,0.2866255778120185,0.5976491305304865,0.400840854061193,0.5294563064054589,0.5234118423948932,0.6528725511776359,0.36281091789566366,0.49597842835130973,0.4367532467532467,0.4313911512216597,0.4590534888839974,0.0032665639445300463,-0.1645740699977988,-0.3391305304864627,-0.31095971824785384
