,#10,#11,#12,#13,#17,#18,#26,#49,#50,#51,#52,#53,#54,#58,#101,#102,#201,#202,#301,#302,#401,#402,#501,#502,#601,#602,#701,#702,#801,#802,#901,#902,#1001,#1002,#1101,#1102,#1201,#1202,#1301,#1302,#1401,#1402,#1501,#1502,#1601,#1602,#1701,#1702,#1801,#1802,#1901,#1902,#2001,#2002,#2101,#2102,#2201,#2202,#2301,#2302,#2401,#2402,#2501,#2502,#2601,#2602,#2701,#2702,#2801,#2802,#2901,#2902,#3001,#3002,#3101,#3102,#3201,#3202,#3301,#3302,#3401,#3402,#3455,#3501,#3502,#3601,#3602,#3701,#3702,#3801,#3802,#3901,#3902,#4001,#4002,#4101,#4102,#4201,#4202,#4301,#4302,#4401,#4402,#4501,#4502,#4601,#4602,#4701,#4702,#4801,#4802
#10,1.0,0.31517719568567026,0.22000220118864186,0.22583755227823024,0.2141206251375743,0.17900066035659257,0.09232445520581113,0.2061435174994497,0.07356372441118204,0.2719700638344706,0.16683248954435395,0.2151749944970284,-0.0037023992956196346,-0.14536869909751265,-0.12472375082544573,0.1254391371340524,0.17725952014087606,0.04151882016288796,0.18327536869909752,0.1833436055469954,-0.22983931322914375,0.08030156284393572,-0.08408760730794629,0.05809597182478538,-0.12358573629760071,0.2437112040501871,0.0426040061633282,0.1305811138014528,-0.3159806295399516,-0.04385428131190843,-0.14391151221659695,0.09537970504072199,0.12913493286374642,-0.10686770856262381,-0.037193484481620076,-0.047490644948272064,-0.16846577151661898,-0.0522474136033458,-0.03132071318511997,-0.023480079242791108,-0.13926260180497468,-0.07947171472595202,-0.19610829848117983,-0.06941008144397975,-0.05863086066475897,0.021760950913493286,0.3075544794188862,0.1538036539731455,0.29003521901826984,0.1199933964340744,0.25003521901826986,0.09907550077041602,0.10566585956416465,0.07136033458067356,-0.07592339863526304,0.03335901386748844,-0.2959189962579793,-0.1274686330618534,-0.192821923838873,-0.25956196346026855,-0.2555073739819502,-0.1062755888179617,-0.1269667620515078,0.09789346246973366,0.20201188641866608,0.1833810257539071,-0.024719348448162006,-0.05318511996478098,0.15051948051948053,0.20962579793088268,0.20321593660576712,0.1289522342064715,0.05108298481179837,0.08547435615232225,-0.025324675324675326,-0.054998899405679064,-0.1707572088928021,-0.3070658155403918,0.07764252696456087,0.09839973585736297,0.021866607968302882,0.11114902047105436,-0.21586176535329077,-0.13663438256658594,-0.03029716046665199,-0.16817961699317632,-0.2142394893242351,-0.019374862425709884,-0.035826546335020915,-0.31357032797710765,0.08820823244552058,-0.4343847677745983,0.04001100594320933,-0.0925049526744442,-0.20602685450143077,-0.16812458727712964,0.32162887959498127,0.194521241470394,0.19404358353510895,0.05548756328417345,0.07712744882236408,0.17649790887079023,0.011177635923398635,-0.025707682148360115,0.140132071318512,0.2107241910631741,0.10983270966321813,-0.24217697556680606,-0.19259520140876074,-0.19224081003742022,-0.17329958177415805
#11,0.31517719568567026,1.0,0.16095751705921196,0.19335681267884658,0.09084085406119305,0.029088707902267225,0.22566585956416466,0.15556240369799693,0.06934844816200748,0.3977922077922078,0.308117983711204,0.0511336121505613,0.22926700418225843,0.0009509134932863746,-0.09233546114902047,0.21797930882676644,0.2792295839753467,0.01489324235086947,0.18488663878494388,0.1782192383887299,-0.28309046885318073,0.02900726392251816,-0.12312128549416684,0.19150121065375303,-0.12730794629099715,0.2195641646489104,-0.11937046004842615,0.019022672243011227,-0.007090028615452344,0.06310587717367379,-0.07027734976887519,0.06794629099713846,0.19001100594320933,0.15580013207131851,-0.03784723750825446,-0.009898745322474136,0.040451243671582655,0.11534448602245212,-0.03646048866387849,0.09137134052388289,0.03227382786704821,0.14052168170812238,-0.013543913713405239,0.2115034118423949,-0.2759211974466212,0.15689412282632623,-0.022837332159366057,0.08180497468633062,-0.03951353731014748,-0.008545014307726173,0.05635263042042703,-0.07144177856042262,-0.12468853180717587,-0.12383226942548976,-0.270033017829628,-0.0652608408540612,-0.24454985692273828,0.06303984151441779,-0.07187541272287035,-0.17167730574510234,-0.13416244772176975,-0.21460488663878494,0.0575610829848118,0.11277129650011006,0.14130750605326878,0.0387871450583315,0.06793308386528725,0.11296500110059432,0.1366762051507814,0.34330618534008367,0.13208012326656393,-0.08889500330178296,0.01051287695355492,-0.09226502311248073,-0.06353510895883777,-0.047103235747303546,-0.23837332159366056,-0.20588157605106758,0.08780761611270085,0.29462469733656177,0.20271186440677966,-0.020321373541712526,0.013995157384987893,-0.1278912612810918,0.12272066916134712,-0.1423728813559322,-0.23709002861545234,-0.12012326656394454,0.017677745982830728,-0.1615694475016509,0.2710587717367378,-0.12874312128549417,0.08085846357032797,-0.047776799471714725,-0.0809289016068677,-0.029192163768434955,0.08293858683689193,0.11003742020691173,0.19737838432753688,0.2913383226942549,0.0574950473255558,0.044202069117323356,0.08581113801452785,0.09900726392251816,0.11042703059652212,0.1886748844375963,0.056979969183359014,-0.19004182258419547,-0.22010565705480958,-0.16738718908210434,-0.15990534888839975
#12,0.22000220118864186,0.16095751705921196,1.0,0.47492846136913935,0.07439797490644948,0.41912392692053707,0.1033348007924279,-0.18106977767994717,-0.27506493506493507,0.43490204710543695,0.14964120625137575,-0.37046665199207574,-0.12212854941668501,-0.2568919216376844,-0.11817741580453445,0.06160026414263702,0.5238939027074621,0.7580387409200968,-0.23578692493946732,-0.04408980849658816,-0.12242350869469514,0.2849966982170372,0.3656306405458948,0.2797182478538411,0.21841514417785604,0.19773497688751926,0.1298217037200088,0.27466872110939905,0.11312788906009245,-0.26210653753026636,0.4001496808276469,0.15221659696235967,0.6563856482500551,0.13532247413603346,-0.0784239489324235,-0.2421087387189082,-0.31359013867488444,-0.18846357032797711,-0.04536209553158706,0.12007484041382346,-0.18277569887739378,-0.3586352630420427,-0.10947831829187761,-0.21432093330398416,0.13576931543033238,0.03572309046885318,0.0787871450583315,-0.009178956636583755,-0.01761831388950033,0.26049526744442,0.16665639445300462,0.37160906889720446,0.3625709883337002,0.48042262821923837,0.24624697336561743,0.11285274047985912,-0.30520581113801454,-0.2520889280211314,-0.090297160466652,0.02150561303103676,-0.3690512876953555,-0.13344926260180498,-0.5348888399735857,-0.3018666079683029,-0.0765331278890601,0.06032137354171253,-0.18501430772617214,0.07179396874312129,-0.33730134272507156,-0.1453334800792428,0.1426172132951794,-0.0015958617653532908,-0.2597952894563064,-0.08119524543253356,-0.37542372881355934,-0.28711424169051286,-0.22125027514858023,-0.07411622276029056,0.14383447061413163,0.0030508474576271187,-0.05638564825005503,-0.05748624257098833,0.1422408100374202,0.08063834470614131,-0.1673497688751926,-0.29343605546995377,-0.15809156944750166,-0.13068456966762051,-0.08781201848998459,0.07174114021571648,0.024446401056570546,-0.15919876733436056,-0.005197006383447061,-0.25418886198547214,-0.11710323574730354,0.5146048866387849,0.36420206911732333,0.5857495047325556,0.6286044464010566,0.31637244111820384,0.5143495487563284,0.6700836451683909,0.4131300902487343,0.5102421307506053,0.4626502311248074,0.4779242791107198,0.4832071318511996,-0.2814109619194365,-0.18861104996698216,-0.13727712965001101,-0.15887739379264804
#13,0.22583755227823024,0.19335681267884658,0.47492846136913935,1.0,0.14086506713625357,0.2836121505613031,-0.0672903367818622,-0.10884657715166189,-0.0789192163768435,0.5590887079022673,0.1891965661457187,-0.06799031476997579,0.10399735857362977,-0.15073739819502532,-0.02355712084525644,-0.06195025313669381,0.5618445960818842,0.3427690953114682,-0.07977767994717147,-0.1725049526744442,-0.10061853400836451,0.10400396213955536,0.3083711204050187,0.2552564384767775,0.18247413603345808,0.1484965881576051,0.3368456966762052,0.47177195685670265,-0.14782302443319392,-0.3396764252696456,-0.02102575390710984,0.21113581333920317,0.35755668060752804,-0.04031256878714506,-0.12393132291437377,-0.13974466211754347,-0.35562183579132733,-0.28452564384767776,0.05348888399735857,0.006676205150781422,0.025331278890600925,-0.13314329738058553,-0.11818842174774379,-0.3190710983931323,0.17495047325555801,-0.12471714725952014,0.3350011005943209,0.24818622055910192,0.05830288355712084,0.17514637904468414,0.16010345586616773,0.3081598062953995,0.24636583755227823,0.20250055029716046,0.0007792207792207792,-0.05424389170151882,-0.17966101694915254,-0.28573189522342063,0.05201848998459168,0.014668721109399076,-0.3672309046885318,-0.1680739599383667,-0.32532907770195907,-0.2632291437376183,-0.07627118644067797,0.16519260400616334,-0.29202729473915917,-0.03747303543913713,-0.08504512436715826,-0.05460488663878495,0.07561082984811798,-0.144686330618534,-0.27390931102795507,-0.11940788025533788,-0.4008562623816861,-0.3945322474136033,-0.5150803433854282,-0.17360774818401936,0.12213735417125247,0.09454325335681268,-0.1517719568567026,0.13509795289456306,0.04250055029716047,-0.14083204930662557,-0.1713119084305525,-0.17621835791327317,-0.17476777459828308,0.01442659035879375,0.18425489764472816,-0.11440457847237508,-0.02264802993616553,0.001303103675985032,0.1365133171912833,-0.053572529165749505,0.060345586616773056,0.22110939907550076,0.28804314329738057,0.45071538630860664,0.35361655293858685,0.30177415804534446,0.2947787805414924,0.49639005062733876,0.17517719568567025,0.33762051507814217,0.28508254457407,0.2952278230244332,0.3058397534668721,-0.45757208892802115,-0.21867928681488003,-0.040319172353070656,-0.014118423948932424
#17,0.2141206251375743,0.09084085406119305,0.07439797490644948,0.14086506713625357,1.0,0.34200748404138237,0.08248294078802554,0.07676425269645609,0.16724851419766673,0.10203830068236848,0.011494607087827426,0.18478318291877613,0.2766321813779441,0.22740699977988113,-0.18451904028175214,-0.30639665419326434,0.03516398855381906,-0.008784943869689633,-0.1794541052168171,-0.1135593220338983,-0.1627294739159146,-0.28701959057891263,-0.08995597622716267,-0.21173673783843275,-0.04678406339423288,-0.1883050847457627,-0.002604006163328197,-0.009621395553598944,0.06836231565045124,-0.03775038520801233,0.1511798371120405,-0.025318071758749724,0.047737178076161124,-0.09338102575390711,0.01285494166850099,0.1350231124807396,-0.00774158045344486,-0.13345586616773059,-0.1239753466872111,-0.09448162007484041,-0.13208452564384768,-0.004882236407660136,-0.14569227382786704,-0.09777019590578913,0.08644948272066916,-0.1410411622276029,0.15834470614131632,-0.08011446180937706,0.17289676425269646,-0.13438696896324015,-0.020682368478978648,-0.14381465991635484,-0.05099713845476558,-0.23513757429011667,-0.15494827206691614,-0.1381884217477438,-0.03718467972705261,-0.10001760950913494,-0.0034206471494607088,0.03925819942769095,0.18625137574290115,0.1962029495927801,0.07208672683248954,0.05295619634602686,0.07454325335681268,0.19100374202069118,0.14811798371120405,0.03136033458067356,-0.03761171032357473,0.1945146379044684,0.09073739819502531,0.127607307946291,-0.03654633502091129,0.03865067136253577,0.12750605326876513,0.2413911512216597,0.0798415144177856,-0.016698217037200088,0.005740699977988113,-0.10456746643187322,-0.2370988333700198,0.06148800352190183,-0.03888399735857363,0.08099933964340744,0.21230464450803435,0.18040501871010345,0.1862623816861105,-0.017153863086066475,-0.02138234646709223,-0.13942989214175655,0.167178076161127,0.14623156504512436,0.04364736957957297,0.2344706141316311,0.18775258639665418,-0.03134272507153863,-0.12779440898084965,-0.024904248294078803,-0.03556680607528065,-0.08405899185560202,-0.12083425049526744,0.10952894563064054,0.03786924939467312,-0.10070438036539732,-0.08154963680387409,-0.1307307946290997,-0.0810675764913053,0.19524983491085185,0.1370394012766894,0.15779440898084965,0.18095971824785384
#18,0.17900066035659257,0.029088707902267225,0.41912392692053707,0.2836121505613031,0.34200748404138237,1.0,0.061276689412282634,0.05828527404798591,-0.07407660136473695,0.19415584415584416,0.227211093990755,0.09359454105216818,0.25345806735637244,0.06217037200088048,-0.30292978208232446,-0.034666519920757206,0.1494783182918776,0.3026304204270306,-0.24098833370019812,0.03534228483381026,-0.16310147479639006,0.12076601364736958,-0.08898745322474136,0.0006471494607087827,-0.12970504072198988,-0.005564604886638785,-0.02272066916134713,0.046674003962139554,0.4268038740920097,0.08041822584195465,0.538366718027735,-0.09581113801452784,0.2784393572529166,-0.05711864406779661,0.07413823464670923,-0.14353070658155404,0.04055910191503412,-0.02463350209112921,-0.16682588597842835,0.05372661237068017,-0.10498128989654414,-0.02797710763812459,-0.025300462249614793,-0.0025709883337001983,0.14406559542152764,0.030704380365397313,0.14670702179176756,0.02374642306845697,0.11716486902927581,0.061430772617213296,0.05897424609289016,0.11300242130750605,-0.03943869689632402,-0.04547655734096412,-0.08478538410741801,-0.13674664318732116,-0.12590799031476999,0.1151023552718468,0.06399955976227163,0.1341932643627559,-0.11795289456306406,-0.04968523002421307,-0.11518600044023773,0.03675104556460489,-0.15313889500330177,-0.015263042042703059,0.1367422408100374,0.06180717587497248,-0.19612150561303104,0.012262821923838874,-0.1345740699977988,-0.05574069997798811,-0.2696500110059432,-0.1212854941668501,0.0004424389170151882,0.10937266123706801,-0.11792868148800352,-0.13697776799471714,0.0005216817081223861,0.056744441998679285,-0.1560642747083425,0.41444640105657055,-0.1536253576931543,0.3557010785824345,0.3291041162227603,-0.002168170812238609,0.008690292758089368,0.12652432313449263,0.14040281752146158,0.3312458727712965,0.1851221659696236,0.16807175874972485,0.13409421087387188,-0.027629319832709665,0.008861985472154964,0.11770195905789126,-0.08212634822804314,0.1610807836231565,0.10272066916134713,0.06856702619414484,-0.0026590358793748626,0.24587717367378384,0.24395773717807617,0.08421087387189082,-0.041727933083865285,-0.05477657935285054,-0.08649570768214836,-0.087607307946291,0.07311027955095752,-0.008010125467752587,-0.06953775038520801
#26,0.09232445520581113,0.22566585956416466,0.1033348007924279,-0.0672903367818622,0.08248294078802554,0.061276689412282634,1.0,0.27542813119084303,0.15044684129429892,0.2685428131190843,0.403860884877834,0.059914153642967205,0.3524851419766674,0.29032797710763814,0.1804160246533128,0.13861985472154964,-0.09184459608188422,0.0003609949372661237,0.1215364296720229,0.07327756988773938,0.09451243671582654,-0.02798151001540832,-0.2230640545894783,-0.07017389390270747,-0.16596081884217478,-0.09270526084085406,-0.23887739379264802,-0.10775698877393793,0.15357473035439137,0.3007616112700858,0.08421087387189082,0.11460048426150121,0.14830728593440456,-0.005736297600704381,0.21444199867928682,0.014329738058551618,0.13039401276689414,0.15273827867048206,0.057140655954215275,0.050900286154523446,0.2846379044684129,0.1529451904028175,0.17311908430552497,0.024292317851639884,-0.3039951573849879,-0.0612524763372221,-0.11547875852960598,-0.21218357913273167,-0.20682588597842835,-0.13906009244992296,-0.07695795729694035,-0.1493264362755888,-0.16338542813119084,-0.08423288575830949,0.013805855161787365,0.04154523442659036,-0.2146401056570548,-0.1676337222099934,-0.1585758309487123,-0.1869337442218798,-0.2076469293418446,-0.3306119304424389,0.14593880695575612,0.11076821483601144,-0.05345806735637244,-0.05157164869029276,0.43202069117323355,0.5049812898965441,0.2652058111380145,0.1401056570548096,0.3452014087607308,0.11408760730794629,0.1930574510235527,-0.08558881796169931,0.15863746423068456,0.018560422628219237,0.06633281972265023,-0.18509575170592119,0.1404160246533128,-0.05115122165969624,0.19878494386968965,-0.07309046885318071,-0.025646048866387848,0.06491745542593,0.1140677966101695,-0.1491437376183139,-0.31714065595421526,0.008575830948712304,0.1411270085846357,-0.10769755668060753,0.09438476777459828,-0.09203609949372661,-0.17010785824345145,-0.1958529605987233,-0.2508430552498349,-0.025307065815540392,-0.016046665199207572,-0.006616773057451023,0.08331058771736738,0.1853576931543033,0.0865529385868369,0.021265683469073298,0.04553378824565265,-0.009440898084965881,0.2079110719788686,0.11352190182698657,0.1047259520140876,-0.192491745542593,-0.10628439357252917,-0.22365617433414042,-0.22462249614791988
#49,0.2061435174994497,0.15556240369799693,-0.18106977767994717,-0.10884657715166189,0.07676425269645609,0.05828527404798591,0.27542813119084303,1.0,0.5313427250715387,0.08171912832929783,0.4484965881576051,0.3085119964780982,0.23585736297600704,0.2221087387189082,0.07324675324675324,0.08350869469513537,-0.162227602905569,-0.28502531366938144,0.2865573409641206,0.13282192383887298,0.11326436275588818,-0.07383447061413163,-0.21281972265023114,-0.11683248954435395,-0.1800594320933304,0.008329297820823244,-0.08536869909751266,0.03592119744662117,0.046685009905348886,0.26704160246533126,-0.1713119084305525,0.1458397534668721,-0.2094144838212635,-0.08941448382126348,0.07656834690732996,-0.15534448602245213,0.01935725291657495,-0.025930002201188643,-0.12434734756768655,-0.02225181598062954,0.26796610169491525,0.09927360774818401,0.14298921417565486,0.05673563724411182,-0.06065815540391811,0.023000220118864188,0.003671582654633502,0.07720889280211314,-0.09842835130970724,-0.09447281532027295,0.015192604006163329,-0.11988994056790667,-0.1580101254677526,-0.1836913933524103,0.03733656174334141,-0.08537750385208012,-0.1869667620515078,-0.15459388069557561,-0.1960906889720449,-0.2469953775038521,-0.05071978868589038,-0.19277129650011007,0.061580453444860225,0.09871230464450803,0.10339643407440018,0.0007263922518159806,0.12706141316310807,0.16855161787365178,0.3221351529826106,0.13615452344265905,0.11392031697116443,0.08009465111160026,0.20751926040061633,0.04444199867928682,0.16501871010345587,0.012828527404798592,0.04432093330398415,-0.35518600044023774,0.13650231124807397,-0.021131410961919436,0.07932863746423069,0.15750385208012327,-0.4249130530486463,-0.021679506933744222,0.07570768214836011,0.01806735637244112,-0.21376843495487563,0.18571868809156944,0.1583513097072419,-0.062322254017169273,0.09100154083204931,-0.25192163768434955,0.03619194364957077,-0.01928021131410962,-0.1552608408540612,-0.25627779000660356,-0.13857803213735417,-0.09815760510675765,-0.08619854721549637,-0.17950913493286375,-0.2328087167070218,-0.204950473255558,-0.22602905569007264,-0.42322914373761833,-0.1410609729253797,-0.25767114241690514,-0.17779881135813339,-0.11046004842615012,-0.014400176095091349,-0.1377657935285054,-0.1724521241470394
#50,0.07356372441118204,0.06934844816200748,-0.27506493506493507,-0.0789192163768435,0.16724851419766673,-0.07407660136473695,0.15044684129429892,0.5313427250715387,1.0,0.04434294519040282,0.11277129650011006,0.2516112700858464,0.23006163328197227,0.14176535329077702,0.22145938806955756,0.043116883116883116,-0.11472595201408761,-0.4111688311688312,0.11948051948051948,-0.10586836891921637,0.3164208672683249,-0.030464450803433855,-0.0022254017169271406,-0.18915034118423948,-0.17201628879594982,-0.11758309487123046,0.00011005943209333039,-0.05041382346467092,-0.18370680167290337,0.07936385648250055,-0.18036099493726612,0.005901386748844376,-0.2432885758309487,-0.20925159586176537,-0.07262601804974686,-0.17571868809156946,-0.08822804314329738,-0.09937266123706802,-0.20658155403918116,-0.08694915254237288,0.0887541272287035,0.07720669161347127,0.17198106977767993,-0.005657054809597183,-0.024772176975566804,0.08066035659255998,-0.22693154303323795,-0.041606867708562624,-0.10677966101694915,-0.011910631741140217,-0.2133215936605767,-0.0800924499229584,-0.10124367158265464,-0.09773717807616113,0.14035879374862426,-0.11448822364076601,0.04804974686330619,-0.09849218578032137,-0.15333700198106978,-0.10458287475236627,0.03892802113141096,-0.09311688311688311,0.08009024873431653,-0.1500396213955536,-0.08856482500550297,0.09559322033898306,0.11403918115782523,0.10937266123706801,0.15437816420867267,-0.049793088267664536,0.006722430112260621,-0.09508474576271186,0.23451243671582656,0.062357473035439134,0.18478318291877613,0.06701738939027074,0.12943209333039843,-0.18003081664098614,0.017860444640105656,-0.2713295179396874,0.04105877173673784,0.165148580233326,-0.2898811358133392,0.036544133832269426,0.05095091349328638,0.06594100814439798,-0.09850759410081444,0.14434074400176095,0.27806075280651554,-0.10982390490865067,0.22119524543253358,-0.13364957076821485,-0.022729473915914594,0.03602905569007264,-0.13902047105436935,-0.1900462249614792,-0.29828527404798594,-0.42789786484701736,-0.30026634382566586,-0.14816420867268326,-0.19075941008144398,-0.2734668721109399,-0.26372220999339646,-0.49047985912392694,-0.3333436055469954,-0.3487145058331499,-0.2613383226942549,0.028133392031697117,0.02927360774818402,-0.07247413603345806,-0.035155183799251595
#51,0.2719700638344706,0.3977922077922078,0.43490204710543695,0.5590887079022673,0.10203830068236848,0.19415584415584416,0.2685428131190843,0.08171912832929783,0.04434294519040282,1.0,0.509357252916575,0.0587475236627779,0.3334074400176095,0.08516398855381906,0.16260620735197007,0.14652652432313448,0.5593022232005282,0.29797930882676643,0.06069997798811358,0.04947831829187761,0.011311908430552499,0.0700198106977768,0.04967642526964561,0.09594981289896544,-0.05182258419546555,0.028584635703279772,0.05742020691173234,0.32486902927580896,-0.0212590799031477,-0.030902487343165308,-0.013156504512436716,0.19362315650451245,0.30863306185340084,0.04308166409861325,-0.040704380365397315,-0.09528725511776359,-0.17382786704820602,0.0007836231565045125,-0.06805414924058992,-0.013535108958837772,0.028478978648470175,0.048936825885978426,0.0790512876953555,-0.008430552498349108,-0.01611930442438917,-0.017283733215936604,0.32848778340303764,0.31668721109399073,-0.04411842394893242,0.0044970283953334805,0.04758309487123046,0.13588817961699318,0.13987012987012987,0.07082544574069997,0.02540611930442439,-0.11537750385208012,-0.36027514858023335,-0.3548316090688972,-0.1725709883337002,-0.13341184239489323,-0.2893110279550958,-0.33263922518159805,-0.2145806735637244,-0.20297820823244553,0.21305524983491086,0.09321373541712524,-0.08756548536209553,0.13623816861104995,0.10060752806515519,0.12549636803874092,0.3309355051727933,0.08436715826546334,-0.055927801012546775,-0.09717147259520141,-0.22121505613031037,-0.31942989214175654,-0.3735197006383447,-0.2698481179837112,0.1961633281972265,0.006079683028835571,0.01715166189742461,0.01896103896103896,-0.05279991195245433,-0.09745762711864407,-0.10706141316310808,-0.26100374202069115,-0.3587101034558662,-0.05703940127668941,0.1972243011226062,-0.16652872551177636,0.042289236187541275,-0.25336781862205593,-0.11536869909751266,-0.23014968082764692,-0.09843495487563284,0.21478538410741801,0.2008562623816861,0.4754853620955316,0.46839313229143736,0.33039841514417784,0.3480211314109619,0.42676425269645607,0.11060312568787145,0.2127294739159146,0.33690953114681926,0.2273695795729694,0.29210433634162447,-0.2692097732775699,-0.40043143297380585,-0.1803830068236848,-0.17707462029495927
#52,0.16683248954435395,0.308117983711204,0.14964120625137575,0.1891965661457187,0.011494607087827426,0.227211093990755,0.403860884877834,0.4484965881576051,0.11277129650011006,0.509357252916575,1.0,0.23736077481840193,0.3530838652872551,0.2986858903808056,0.13126788465771516,0.2660334580673564,0.21632401496808276,0.09732555580013207,0.27439797490644946,0.13399295619634602,0.003975346687211094,0.0324455205811138,-0.11791327316751045,0.026440677966101694,-0.08569667620515078,0.025458947831829188,-0.022366277790006602,0.15668060752806515,0.12066475896984372,0.255181598062954,-0.06888179616993176,-0.036614571868809155,0.11510895883777239,-0.05556460488663879,0.08514197666740039,-0.0031983270966321814,-0.01907770195905789,0.06171912832929782,-0.132326656394453,0.008095971824785385,0.11479639005062733,0.21047765793528506,0.09099053488883997,0.16404578472375084,-0.03747303543913713,0.05483381025753907,0.19262161567246314,0.16760290556900725,-0.24120845256438478,-0.16347787805414923,0.05778120184899846,-0.06929561963460268,-0.15257318952234206,-0.1073365617433414,-0.044994497028395336,0.024466211754347347,-0.4106977767994717,-0.17705921197446622,-0.3153598943429452,-0.3664010565705481,-0.1758925819942769,-0.3572925379705041,-0.05544353951133612,0.07431212854941668,0.22989214175654854,0.17474136033458068,0.09292097732775699,0.3723750825445741,0.3699933964340744,0.3069755668060753,0.32066255778120184,0.2028659476117103,0.14770416024653313,-0.08978208232445521,-0.05905128769535549,-0.15269425489764474,-0.07540832049306626,-0.2771406559542153,0.03349108518600044,0.14785824345146378,0.19264362755888179,0.13447941888619855,-0.13770416024653312,-0.08418886198547215,0.03209993396434074,-0.20449702839533349,-0.36153202729473916,0.031617873651771954,0.30629099713845476,-0.10018049746863306,0.14569447501650892,-0.19946290997138455,0.018595641646489105,-0.27726612370680165,-0.2350231124807396,-0.07736517719568567,-0.03647809817301343,0.25203389830508477,0.2812018489984592,0.072656834690733,0.037206691613471274,0.07941668500990536,-0.1349240589918556,-0.016784063394232884,0.20997798811358134,0.1136055469953775,0.02820162887959498,-0.2267972705260841,-0.24704380365397313,-0.2415870570107858,-0.32594761171032355
#53,0.2151749944970284,0.0511336121505613,-0.37046665199207574,-0.06799031476997579,0.18478318291877613,0.09359454105216818,0.059914153642967205,0.3085119964780982,0.2516112700858464,0.0587475236627779,0.23736077481840193,1.0,0.48359674224081006,0.3968743121285494,0.0624719348448162,0.08193044243891702,-0.16421307506053268,-0.4966255778120185,0.21596522121945852,0.1781532027294739,0.013979749064494828,-0.007750385208012326,-0.42103015628439355,-0.26819282412502754,-0.34510015408320494,-0.15044904248294078,-0.04463570327977107,-0.07420427030596523,-0.1248117983711204,0.28587717367378385,-0.2726766453885098,0.09615232225401717,-0.33389390270746205,-0.2131653092670042,0.17935064935064934,0.22748624257098835,0.1425511776359234,0.18932423508694696,-0.1558221439577372,0.01735857362976007,0.048483381025753905,0.3297226502311248,0.019148139995597623,0.2600594320933304,-0.011243671582654633,0.14332599603786045,0.27279550957517057,0.20780101254677527,0.12157384987893463,-0.21865727492846138,-0.15534228483381027,-0.29900066035659256,-0.35292317851639887,-0.27584855822143955,-0.16543473475676865,-0.010484261501210655,-0.040904688531807176,0.20566145718688092,-0.1817147259520141,-0.2755227823024433,0.05102355271846797,-0.24169271406559542,0.34953114681928243,0.4221219458507594,2.4213075060532686e-05,0.03893022232005283,0.22198106977767995,-0.10173673783843275,0.41884877834030376,0.33294298921417564,0.150132071318512,0.19752366277790007,0.3059916354831609,0.11081884217477438,0.40595641646489106,0.33240810037420204,0.08025313669381466,-0.2622187981510015,-0.13566585956416466,0.04942108738718908,-0.02683909311027955,0.10746643187321153,-0.4444838212634823,-0.028472375082544573,0.2193220338983051,-0.03640325775918996,-0.14777459828307285,0.02096632181377944,0.3207462029495928,-0.27191503411842394,-0.038166409861325114,-0.20478978648470175,0.014525643847677745,-0.09840413823464671,-0.1712062513757429,-0.42151221659696236,-0.3346929341844596,-0.3011666299801893,-0.39542593000220116,0.0031631080783623157,-0.348333700198107,-0.3458837772397094,-0.2533612150561303,-0.4500396213955536,-0.20290556900726392,-0.3427734976887519,-0.3050231124807396,0.05190843055249835,-0.04651551837992516,-0.19456966762051509,-0.1955315870570108
#54,-0.0037023992956196346,0.22926700418225843,-0.12212854941668501,0.10399735857362977,0.2766321813779441,0.25345806735637244,0.3524851419766674,0.23585736297600704,0.23006163328197227,0.3334074400176095,0.3530838652872551,0.48359674224081006,1.0,0.5690380805635042,-0.033110279550957515,0.010728593440457847,-8.14439797490645e-05,-0.17011005943209334,0.080429231785164,0.005764913053048646,-0.11581333920316972,-0.2143693594541052,-0.3514902047105437,-0.1032423508694695,-0.330594320933304,-0.2825643847677746,-0.262128549416685,-0.02399735857362976,0.3404204270305965,0.3708100374202069,0.13445300462249615,-0.011866607968302884,0.0857671142416905,-0.16788906009244992,0.060931102795509576,0.22434954875632843,0.30138895003301786,0.22377944089808496,-0.19166409861325115,-0.11294959278010125,0.1934536649790887,0.42778780541492406,0.06971384547655735,0.1547061413163108,-0.14550957517059213,0.01654193264362756,0.1378450363196126,0.12938806955756108,-0.10578912612810917,-0.24637904468412944,-0.15085846357032798,-0.30707682148360116,-0.3084591679506934,-0.45446621175434737,-0.28904248294078805,-0.2686946951353731,-0.18138674884437597,-0.08114461809377063,-0.05588377723970944,-0.18033458067356373,0.0017169271406559542,-0.2035527184679727,0.4453664979088708,0.3759520140876073,-0.044611490204710544,-0.22629319832709663,0.48438476777459827,0.1565529385868369,0.35103235747303546,0.35637684349548754,0.1882324455205811,0.18160466651992077,0.2111005943209333,-0.03211314109619194,0.2592626018049747,0.11258639665419326,-0.14720669161347127,-0.2978032137354171,0.028342504952674444,0.057583094871230464,0.05721329517939688,0.14917895663658376,-0.022905569007263923,0.32049526744442,0.5213471274488224,0.08837552278230244,-0.11434734756768655,0.014411182038300682,0.28068236847897865,0.03848338102575391,0.1124125027514858,0.1256350429231785,-0.08789566365837552,-0.032064714946070876,0.038142196786264584,-0.21914593880695576,-0.2296103896103896,-0.1212194585075941,-0.0885163988553819,0.2677129650011006,-0.1320427030596522,-0.04714725952014088,0.05332379484921858,-0.08322694254897645,0.12059432093330398,-0.04160906889720449,-0.08931763152102135,-0.07093770636143518,-0.018049746863306185,-0.09338322694254898,-0.09806735637244111
#58,-0.14536869909751265,0.0009509134932863746,-0.2568919216376844,-0.15073739819502532,0.22740699977988113,0.06217037200088048,0.29032797710763814,0.2221087387189082,0.14176535329077702,0.08516398855381906,0.2986858903808056,0.3968743121285494,0.5690380805635042,1.0,0.04041382346467092,-0.020405018710103456,-0.061754347347567684,-0.1915958617653533,-0.11187541272287035,-0.04424609289016069,0.06458727712965001,-0.17316530926700419,-0.2412194585075941,-0.2143715606427471,-0.17964560862865947,-0.3210103455866168,-0.24804534448602245,-0.13379264802993618,0.23077261721329517,0.36449042482940786,0.1108826766453885,0.03174114021571649,-0.018203830068236847,0.10093110279550957,0.10237508254457407,0.2647259520140876,0.22932203389830508,0.1560708782742681,-0.13817741580453444,-0.22068236847897865,0.0675544794188862,0.3681421967862646,-0.011529826106097292,0.12407660136473696,-0.10425049526744443,-0.01898084965881576,0.053343605546995375,-0.07772397094430993,-0.2188928021131411,-0.417442218798151,-0.2614659916354832,-0.4460246533127889,-0.4266189742460929,-0.4155381906229364,-0.19591679506933743,-0.1844574069997799,-0.09294959278010126,0.02859784283513097,-0.05740699977988114,-0.16703720008804754,0.14521241470394014,-0.15625797930882676,0.33902267224301125,0.260066035659256,-0.05375302663438257,-0.2399801893022232,0.4598415144177856,0.20130310367598503,0.2841998679286815,0.2713845476557341,0.21057671142416906,0.21333480079242792,0.2647347567686551,0.09403918115782522,0.2834140435835351,0.12792868148800352,0.06697116442879154,-0.21990534888839974,-0.08821703720008804,-0.052416905128769536,0.10411842394893242,0.0998877393792648,-0.14092670041822583,0.13847237508254456,0.322194585075941,0.13034558661677306,0.05496588157605107,0.160099053488884,0.24628439357252915,-0.027446621175434734,0.014468412942989214,0.11962799911952454,-0.11208452564384767,0.1096764252696456,0.09150121065375302,-0.13378164208672683,-0.2825621835791327,-0.07805855161787364,-0.14198327096632182,-0.04583094871230464,-0.24331278890600924,-0.11597622716266784,-0.004408980849658815,-0.11186220559101916,0.01077261721329518,-0.23243011226062074,-0.03891041162227603,0.06724191063174113,0.07759630200308167,0.0702839533348008,0.03891921637684349
#101,-0.12472375082544573,-0.09233546114902047,-0.11817741580453445,-0.02355712084525644,-0.18451904028175214,-0.30292978208232446,0.1804160246533128,0.07324675324675324,0.22145938806955756,0.16260620735197007,0.13126788465771516,0.0624719348448162,-0.033110279550957515,0.04041382346467092,1.0,0.33560642747083425,-0.00225841954655514,-0.11805635042923178,0.5499097512656834,0.02677305745102355,0.7095421527624918,0.14726612370680167,-0.07517939687431213,-0.13545674664318733,-0.08620074840413823,-0.003295179396874312,-0.14007484041382345,-0.18735857362976008,-0.14330838652872552,0.2346004842615012,-0.30923838872991416,0.1137640325775919,-0.18267224301122606,0.08867928681488003,0.33195245432533566,0.24348668280871671,0.2134140435835351,0.2972243011226062,0.13225621835791326,0.1741646489104116,0.2759828307285934,0.15638344706141316,0.2807968302883557,0.050189302223200526,0.09425709883337002,0.0032819722650231126,-0.10658595641646489,-0.08158265463350209,-0.5489126128109179,-0.46175214615892585,-0.4723772837332159,-0.3090556900726392,-0.2374224081003742,0.13696456086286596,0.5560312568787145,0.25761831388950035,-0.16600924499229583,-0.24766233766233767,-0.3255315870570108,-0.40336561743341404,-0.2311005943209333,-0.36274488223640766,0.010380805635042923,-0.10594761171032357,-0.0015540391811578252,-0.02651551837992516,-0.09612590799031477,0.09976667400396214,0.4267422408100374,-0.06170372000880475,0.12908650671362537,0.058817961699317634,0.36825665859564166,-0.04660576711424169,-0.0033656174334140434,-0.3056152322254017,0.11123706801672903,-0.2132247413603346,0.18564825005502972,0.013147699757869249,-0.0387805414924059,-0.10002421307506053,-0.16437156064274708,-0.26606647589698434,-0.33038740920096854,-0.3102751485802333,-0.42489544353951136,0.13128769535549198,0.25216817081223863,-0.2848360114461809,-0.08062293638564826,-0.311237068016729,-0.39027955095751704,-0.2264208672683249,-0.37937266123706803,-0.159570768214836,-0.07946731234866829,-0.21385428131190842,-0.0999207572088928,-0.19031256878714506,-0.039544353951133614,-0.22472154963680388,-0.1298481179837112,-0.15736517719568566,-0.015260840854061193,-0.057354171252476334,-0.04572749284613691,-0.21526964560862866,-0.24318732115342284,-0.2360444640105657,-0.26186220559101914
#102,0.1254391371340524,0.21797930882676644,0.06160026414263702,-0.06195025313669381,-0.30639665419326434,-0.034666519920757206,0.13861985472154964,0.08350869469513537,0.043116883116883116,0.14652652432313448,0.2660334580673564,0.08193044243891702,0.010728593440457847,-0.020405018710103456,0.33560642747083425,1.0,0.026522121945850758,0.09327756988773937,0.505791327316751,0.5523156504512436,0.08221659696235968,0.5991767554479419,-0.2632291437376183,0.31590799031476996,-0.3379639005062734,0.2901166629980189,-0.4687321153422848,-0.25702179176755446,0.10222980409421087,0.40207131851199646,-0.054199867928681485,-0.058082764692934184,0.020255337882456526,-0.03196566145718688,0.0849966982170372,0.2097226502311248,-0.04190402817521462,0.45927360774818404,-0.31814439797490646,0.26659476117103237,0.14338542813119085,0.2020823244552058,0.10133392031697117,0.3155976227162668,-0.23069557561082984,0.3815870570107858,0.022795509575170594,-0.019881135813339203,-0.3219722650231125,-0.27465331278890603,-0.21748624257098834,-0.21141976667400397,-0.37724411182038303,0.21258859784283513,0.028842174774378164,0.11922958397534669,-0.5677944089808497,0.11658815760510675,-0.442029495927801,-0.4983403037640326,-0.3237156064274708,-0.3623068456966762,0.119801893022232,0.2649020471054369,0.03825445740699978,-0.19035659255998238,0.1340083645168391,0.14660796830288356,0.49867928681488005,0.29184899845916795,0.1808100374202069,0.15231124807395993,0.39078582434514636,0.10747303543913714,0.05642306845696676,-0.08303764032577592,0.01783182918776139,-0.4963746423068457,0.2290578912612811,0.591666299801893,0.24458287475236629,0.04771076381245873,-0.17837332159366057,-0.018082764692934183,-0.06302443319392471,-0.35033678186220557,-0.44081443979749063,0.011461589258199428,0.16162227602905568,0.01659255998239049,0.1484899845916795,-0.36726172132951795,-0.1370724191063174,-0.39829627999119527,-0.3212810917895664,-0.27172353070658156,0.19077922077922077,-0.09176535329077702,-0.012623816861104996,0.08435395113361215,-0.10643847677745982,-0.25912172573189524,0.029139335241030156,-0.09682588597842835,0.0524785384107418,0.06198987453224741,-0.12488883997358574,-0.2679881135813339,-0.32020250935505173,-0.42855602025093553,-0.3826304204270306
#201,0.17725952014087606,0.2792295839753467,0.5238939027074621,0.5618445960818842,0.03516398855381906,0.1494783182918776,-0.09184459608188422,-0.162227602905569,-0.11472595201408761,0.5593022232005282,0.21632401496808276,-0.16421307506053268,-8.14439797490645e-05,-0.061754347347567684,-0.00225841954655514,0.026522121945850758,1.0,0.43016729033678186,-0.08646709222980409,-0.250726392251816,-0.09351970063834471,0.10365617433414044,0.35087827426810475,0.1515760510675765,0.18055690072639224,0.2801584855822144,0.3013405238828968,0.4098701298701299,-0.017512656834690735,-0.2892670041822584,0.006070878274268105,0.13919876733436057,0.344356152322254,0.19628659476117102,-0.1110081443979749,-0.2143979749064495,-0.25674224081003744,-0.14225181598062955,0.16512436715826545,0.01214836011446181,-0.08428351309707242,-0.09502091129209773,-0.14783403037640325,-0.12658375522782303,0.17629980189302225,-0.07569227382786704,0.41049746863306186,0.3327360774818402,-0.09405238828967642,0.09720669161347127,0.058914813999559765,0.16419106317411403,0.2788839973585736,0.260198106977768,0.08199427690953115,-0.015901386748844375,-0.34755888179616995,-0.4232313449262602,0.01424389170151882,-0.10929121725731895,-0.21978428351309706,-0.026852300242130752,-0.4776095091349329,-0.3110939907550077,0.17126348228043142,0.06711424169051287,-0.2816751045564605,-0.007347567686550737,-0.23572088928021132,-0.048148800352190185,0.05491525423728814,-0.09542152762491746,-0.2832115342284834,-0.25672022892361873,-0.5346797270526084,-0.5016112700858464,-0.3556944750165089,-0.10134712744882236,-0.010385208012326657,0.004466211754347348,0.010920096852300241,-0.038802553378824566,0.1732313449262602,-0.2009751265683469,-0.2948051948051948,-0.13167070217917676,-0.0648382126348228,-0.011067576491305305,0.1520757208892802,-0.10889060092449923,0.07439577371780762,-0.12127668941228263,0.05096632181377944,-0.08833149900946512,0.1548316090688972,0.32353070658155403,0.34532687651331717,0.560611930442439,0.5708958837772397,0.2702443319392472,0.31826766453885097,0.5083931322914373,0.2630376403257759,0.37657495047325557,0.2626744441998679,0.2730904688531807,0.26424829407880257,-0.22251375742901167,-0.18119524543253357,0.03723750825445741,0.015174994497028395
