,#10,#11,#12,#13,#17,#18,#26,#49,#50,#51,#52,#53,#54,#58,#101,#102,#201,#202,#301,#302,#401,#402,#501,#502,#601,#602,#701,#702,#801,#802,#901,#902,#1001,#1002,#1101,#1102,#1201,#1202,#1301,#1302,#1401,#1402,#1501,#1502,#1601,#1602,#1701,#1702,#1801,#1802,#1901,#1902,#2001,#2002,#2101,#2102,#2201,#2202,#2301,#2302,#2401,#2402,#2501,#2502,#2601,#2602,#2701,#2702,#2801,#2802,#2901,#2902,#3001,#3002,#3101,#3102,#3201,#3202,#3301,#3302,#3401,#3402,#3455,#3501,#3502,#3601,#3602,#3701,#3702,#3801,#3802,#3901,#3902,#4001,#4002,#4101,#4102,#4201,#4202,#4301,#4302,#4401,#4402,#4501,#4502,#4601,#4602,#4701,#4702,#4801,#4802
#10,1.0,0.4043297380585516,0.48771736737838434,0.537426810477658,0.1274884437596302,0.4469337442218798,-0.09164869029275809,0.5511666299801893,0.2572991415364297,0.338712304644508,0.3028857583094871,0.20621835791327317,0.0175676865507374,-0.17896324014968082,0.033689192163768436,0.008250055029716047,0.4264913053048646,0.06044243891701519,0.24892802113141096,0.062254017169271404,-0.022168170812238607,0.17602245212414705,0.03641206251375743,-0.17324895443539512,0.11908210433634163,0.055192604006163326,0.01975346687211094,0.04244772176975567,0.2736561743341404,0.14322474136033458,0.028718908210433634,0.028082764692934185,-0.2422143957737178,0.22501871010345587,0.19627779000660356,-0.043662777900066035,-0.03972705260840854,0.34459828307285933,-0.21472375082544573,-0.20123046445080342,-0.040055029716046665,0.05204270305965221,0.15598062953995157,0.08196566145718688,-0.20875192604006163,-0.2679176755447942,0.04769755668060753,0.14422187981510015,-0.16922738278670482,-0.0437706361435175,-0.12373321593660577,-0.06324455205811139,-0.1324389170151882,-0.0150033017829628,0.1008892802113141,0.1078318291877614,-0.37911292097732774,-0.2666938146599164,-0.12458507594100815,-0.2400198106977768,0.08040721989874532,0.06674224081003742,-0.016537530266343827,-0.09955095751705921,0.12810477657935285,0.06567686550737398,-0.023319392471934843,-0.2659674224081004,0.040664758969843715,-0.11687651331719129,-0.17653532907770195,0.1091173233546115,-0.08967642526964562,0.03782522562183579,-0.062493946731234866,-0.06836231565045124,-3.5219018269865726e-05,-0.09908430552498348,-0.06315430332379485,0.09578912612810918,0.025441338322694254,0.13256218357913274,0.09854061193044245,0.1714703940127669,0.19478978648470174,-0.09536869909751265,0.03340523882896764,0.09461809377063614,0.12486242570988333,-0.09583094871230464,0.08449262601804974,0.01583535108958838,0.009317631521021351,0.04080343385428131,0.012031697116442879,0.18328637464230685,-0.04941228263262162,0.17769755668060752,0.02399735857362976,-0.01012987012987013,-0.04834690732995818,0.09095091349328638,-0.12212634822804315,-0.10337222099933964,-0.14609509134932863,0.06908210433634163,-0.0007285934404578472,-0.04094651111600264,0.04510015408320493,-0.06913713405238829,-0.13768875192604005
#11,0.4043297380585516,1.0,0.45037200088047546,0.48588377723970944,0.020028615452344266,0.17337662337662338,0.05567906669601585,0.375643847677746,0.47659476117103233,0.5157869249394673,0.5962469733656174,0.13240810037420206,0.14162007484041383,0.06828527404798591,-0.041417565485362094,0.04917675544794189,0.3215562403697997,0.05624036979969183,0.10998459167950693,0.20738058551617874,-0.04290556900726392,0.0524785384107418,0.1290578912612811,-0.14156504512436716,0.11755447941888619,-0.1534074400176095,0.05890600924499229,0.1381862205591019,0.04747963900506273,-0.16748404138234646,-0.10959938366718028,-0.09328197226502312,-0.029161347127448823,0.139372661237068,-0.036315210213515296,-0.0027756988773937927,-0.15911952454325334,0.12036759850319172,-0.19684569667620516,-0.2383182918776139,-0.1510543693594541,-0.05255998239049087,-0.08078802553378825,-0.07426370239929563,-0.13427911071978868,-0.14655293858683688,0.058685890380805635,0.12685890380805634,-0.027602905569007265,0.17981069777679948,-0.02574950473255558,0.025507373981950254,-0.05467092229804094,-0.2084305524983491,-0.10954875632841735,-0.15620515078142197,-0.1935130970724191,-0.21604226282192385,-0.14411182038300682,-0.19456086286594762,-0.1116685009905349,-0.07802333259960378,-0.11655513977547875,-0.12923838872991417,0.23814659916354833,0.2535747303543914,0.08729914153642968,-0.18472154963680387,0.06926700418225842,0.10286374642306846,-0.058139995597622715,0.09096412062513758,-0.0174488223640766,-0.15612810917895664,-0.10455205811138014,-0.011864406779661017,-0.2856570548095972,-0.29142637023992957,0.26482940788025533,-0.1036781862205591,-0.1360378604446401,-0.02467312348668281,-0.07141976667400396,0.08454985692273828,0.05264362755888179,-0.03193484481620075,-0.01480299361655294,-0.09959498128989655,-0.005716486902927581,-0.2228483381025754,-0.13834250495267444,0.09462249614791987,-0.1929055690072639,0.07042703059652212,-0.05676425269645609,0.21728593440457847,-0.07731454985692274,0.199900946511116,0.21525643847677747,-0.0975148580233326,0.0525775918996258,0.05389170151882016,0.09823464670922298,0.22627999119524544,0.15811798371120406,0.15001100594320935,0.1091041162227603,-0.12328637464230685,-0.07317631521021352,-0.19190843055249834,-0.235313669381466
#12,0.48771736737838434,0.45037200088047546,1.0,0.5770504072198988,0.24432313449262602,0.5568170812238609,-0.21527845036319612,0.3911336121505613,0.14417125247633722,0.4349812898965441,0.3650319172353071,0.1818335901386749,0.2107241910631741,-0.21549196566145717,-0.18608628659476117,0.02232445520581114,0.5349130530486462,0.43958177415804534,-0.10758309487123047,-0.22244992295839752,-0.041124807395993834,0.00661237068016729,0.29244111820383006,0.0287409200968523,0.2338762931983271,-0.12034778780541493,0.32240149680827646,0.4177988113581334,0.21463570327977108,-0.08580893682588597,0.20161347127448823,0.17430992736077483,0.12144838212634823,0.2523860884877834,-0.010682368478978648,-0.11472154963680388,-0.17569007263922518,-0.0238498789346247,-0.21128109178956636,-0.3818776139115122,-0.05973365617433414,-0.110264142637024,0.08556020250935505,-0.002689852520360995,-0.02406119304424389,-0.15625357693154304,0.14825225621835791,0.28979749064494825,0.2338762931983271,0.3865067136253577,0.23742460928901607,0.4047215496368039,0.32894783182918774,0.2650671362535769,-0.1290688972044904,-0.15556460488663879,-0.24108518600044024,-0.4202839533348008,0.011802773497688752,-0.030015408320493066,-0.13935285053929122,-0.06439137134052389,-0.28425489764472817,-0.16081223860884877,0.3553576931543033,-0.07280431432973807,-0.3193264362755888,-0.4373123486682809,-0.22104996698217036,-0.27979088707902267,-0.09895223420647149,-0.061604666519920755,-0.16982390490865068,-0.25458507594100815,-0.46906229363856483,-0.39382786704820605,-0.3221087387189082,-0.33195685670261943,0.08987233105877174,0.0973299581774158,-0.02552058111380145,0.07331278890600924,0.23886198547215495,0.17575830948712304,0.0564208672683249,-0.27998239049086504,-0.08186660796830289,0.08434074400176095,0.11644067796610169,-0.07714505833149901,-0.026299801893022234,-0.1471252476337222,-0.1309487123046445,-0.03841074180057231,-0.02963020030816641,0.6713405238828968,0.1364010565705481,0.5247501650891482,0.4792119744662118,0.15046445080343385,0.32226502311248073,0.35598283072859344,-0.030939907550077042,0.25525423728813557,0.24131410961919436,0.3085031917235307,0.5049394673123486,-0.21188201628879594,-0.15915914593880695,-0.19164428791547436,-0.2051089588377724
#13,0.537426810477658,0.48588377723970944,0.5770504072198988,1.0,0.21833590138674885,0.39217257318952237,0.039434294519040285,0.29562623816861106,0.3270107858243452,0.6319766674003963,0.3470217917675545,0.20751705921197447,0.1464208672683249,-0.04885758309487123,0.10960818842174774,0.10113801452784503,0.5194783182918776,-0.04024873431653093,0.3422914373761831,0.07441558441558442,0.01784503631961259,0.10267664538850979,0.1672044904248294,-0.00901386748844376,0.16660796830288355,-0.007186880915694475,0.10685670261941449,0.16298040942108738,0.22411842394893242,-0.05115122165969624,0.023975346687211095,0.034116222760290554,-0.05673343605546995,0.3192515958617654,-0.07511336121505613,-0.056491305304864625,-0.2052410301562844,0.27566365837552276,-0.08761171032357473,-0.14635703279771076,0.006189742460928902,0.13857142857142857,0.052216596962359675,0.09589478318291877,0.021223860884877835,-0.2154567466431873,0.1865067136253577,0.31142857142857144,-0.0425511776359234,0.09192824125027514,0.019231785163988553,-0.04798591239269205,-0.028613251155624037,-0.20533788245652654,-0.014820603125687871,-0.13387189082104337,-0.3248206031256879,-0.1638102575390711,0.082425709883337,-0.03434954875632842,-0.2946004842615012,-0.2584965881576051,0.003037640325775919,-0.05823024433193925,0.20959718247853842,-0.12488443759630201,0.15690512876953555,-0.15339863526304204,0.05116222760290557,0.0087277129650011,-0.20777019590578913,0.01321153422848338,-0.21315650451243673,0.05326436275588818,-0.15187981510015408,-0.0187541272287035,-0.3914329738058552,-0.3895773717807616,0.03855381906229364,0.07906669601584856,0.04261501210653753,0.11020691173233546,0.16237508254457406,0.1163680387409201,0.0037706361435174995,-0.3756834690732996,-0.2123662777900066,0.014375963020030816,0.07666519920757209,0.005844155844155844,0.05704160246533128,-0.08718908210433635,-0.0588399735857363,-0.0974158045344486,-0.037079022672243014,0.3054171252476337,0.018628659476117103,0.22579572969403477,0.08626678406339423,0.0925709883337002,0.08515298261060973,0.13653973145498569,-0.08888839973585737,-0.002837332159366058,-0.050332379484921856,0.07180277349768875,0.19925379705040722,-0.3689192163768435,-0.32109178956636586,-0.29150781421967864,-0.1039687431212855
#17,0.1274884437596302,0.020028615452344266,0.24432313449262602,0.21833590138674885,1.0,0.3578142196786265,-0.12204050187101034,0.21585736297600705,0.1274158045344486,0.1988729914153643,0.014725952014087607,0.4186814880035219,0.3683975346687211,-0.22633722209993395,-0.04414043583535109,-0.06988553819062293,0.15251375742901166,0.02489984591679507,-0.016726832489544353,-0.1570878274268105,-0.048483381025753905,0.044065595421527624,0.16283292978208233,0.08089368258859785,0.05332819722650231,0.06104336341624477,0.028602245212414702,-0.02184459608188422,0.2503697996918336,0.041864406779661016,0.0865859564164649,0.33780541492405897,-0.05698877393792648,-0.08813339203169712,0.1435130970724191,0.17774158045344485,0.168036539731455,0.10389170151882016,0.13519700638344706,0.09752366277790006,0.21030596522121947,0.05712524763372221,0.30448602245212414,-0.04643407440017609,0.15679506933744222,-0.005617433414043584,0.11837112040501871,0.0639027074620295,-0.12804094210873873,-0.1065529385868369,-0.09635923398635263,-0.11320272947391591,-0.027259520140876074,0.03235527184679727,-0.07007043803653973,-0.05811798371120405,-0.0786550737398195,-0.1319502531366938,0.06963460268545014,0.0036363636363636364,-0.15020030816640986,-0.23300682368478978,0.18685670261941448,0.2775654853620955,-0.07084745762711864,0.07743781642086726,-0.1467246313009025,-0.14933524103015627,-0.007340964120625138,0.12047545674664319,-0.046792868148800355,-0.12865067136253577,0.005370900286154523,-0.010418225841954655,-0.016121505613031037,-0.06809377063614351,-0.1307968302883557,-0.19827646929341844,0.11548316090688972,0.013565925599823905,0.19166409861325115,0.3565375302663438,0.212557781201849,0.34085406119304423,0.2582610609729254,-0.06897644728153203,-0.19329517939687432,0.42009465111160027,0.2884239489324235,0.25207792207792207,0.21424169051287695,-0.1273233546114902,-0.05500110059432093,-0.2679242791107198,-0.2381862205591019,0.12880255337882457,0.006451683909311028,0.03022011886418666,0.20351749944970285,0.23335020911292098,-0.2088928021131411,0.20455866167730574,-0.023775038520801234,0.07935725291657494,-0.05414924058991855,0.170132071318512,-0.033281972265023115,-0.07164869029275808,-0.2823200528285274,-0.21905569007263923,-0.14695575610829847
#18,0.4469337442218798,0.17337662337662338,0.5568170812238609,0.39217257318952237,0.3578142196786265,1.0,-0.29339863526304205,0.29209993396434075,-0.09055249834910852,0.2788201628879595,0.13304424389170152,0.3770944309927361,0.3994188861985472,-0.3070702179176755,-0.18174334140435836,-0.1611600264142637,0.5355756108298482,0.3547479639005063,0.02521021351529826,-0.19268104776579353,-0.1777525863966542,-0.1543649570768215,0.07344265903587938,-0.15196786264582876,0.03742020691173233,0.001857803213735417,-0.07955756108298481,-0.0074422187981510015,0.3051353731014748,0.08926480299361655,0.16308166409861324,0.24298261060972925,-0.06663218137794409,0.1509553158705701,0.17997138454765574,-0.15505392912172572,0.12585516178736517,0.15293198327096633,-0.26613471274488226,-0.11193044243891702,0.08946511116002641,-0.04970724191063174,0.2367576491305305,0.041331719128329295,-0.22501210653753026,-0.310957517059212,0.14459828307285935,0.10669161347127448,-0.03205591019150341,0.07353951133612151,0.08241910631741141,0.22354171252476338,0.07787145058331499,0.2393022232005283,-0.049550957517059215,0.016577151661897424,-0.3350957517059212,-0.37167070217917675,-0.13194805194805195,-0.2747655734096412,0.07500770416024653,-0.06244111820383007,-0.02534008364516839,0.03966762051507814,0.10379264802993617,-0.13229583975346687,-0.2781994276909531,-0.403860884877834,-0.05675764913053049,-0.25581774158045345,-0.00010125467752586396,-0.2230926700418226,-0.05320052828527405,-0.03234866828087167,-0.10264802993616554,-0.18585736297600705,-0.023044243891701517,-0.17648250055029716,0.008965441338322694,0.1162095531587057,-0.04190622936385648,0.2495311468192824,0.17845256438476778,0.3000088047545675,0.33316090688972044,-0.12192383887299142,-0.02953334800792428,0.07631741140215717,0.2627933083865287,0.0288069557561083,0.0839291217257319,-0.1000726392251816,-0.2819876733436055,-0.0016442879154743562,-0.06023772837332159,0.38420647149460707,0.07833810257539071,0.3626304204270306,0.2744618093770636,0.18280651551837993,0.11896103896103896,0.32320272947391593,0.020915694475016507,0.1612722870349989,0.14143957737178076,0.3242328857583095,0.2864869029275809,-0.05437596302003082,-0.0739489324235087,-0.011074180057230905,-0.05911732335461149
#26,-0.09164869029275809,0.05567906669601585,-0.21527845036319612,0.039434294519040285,-0.12204050187101034,-0.29339863526304205,1.0,0.12899405679066697,0.3269689632401497,0.13596962359674225,0.1696764252696456,-0.02680827646929342,-0.004129429892141757,0.5831609068897204,0.18280871670702178,0.16256658595641646,-0.10649130530486463,-0.01547655734096412,0.16323794849218579,0.04856042262821924,-0.06786704820603126,0.07532907770195905,0.008406339423288577,-0.014609289016068677,-0.01949372661237068,-0.16723310587717366,-0.10165089148139995,-0.10321373541712525,-0.011221659696235967,-0.05652212194585076,-0.06957296940347787,-0.1909487123046445,-0.28498569227382786,-0.20233766233766234,-0.3299449702839533,-0.09936825885978429,-0.19171252476337222,-0.1237772397094431,-0.054521241470394013,-0.17090468853180718,-0.14417785604226283,-0.02024653312788906,-0.17921637684349548,-0.06910411622276029,-0.03694475016508915,-0.20637464230684568,-0.04312568787145058,-0.1989720449042483,-0.13321813779440897,-0.2198151001540832,-0.17735197006383446,-0.18539511336121506,-0.2267114241690513,-0.21321593660576713,0.04105216817081224,-0.12843495487563283,-0.08946511116002641,-0.1176667400396214,0.02327756988773938,-0.07937706361435175,0.03140876073079463,0.12515078142196787,0.06608848778340304,0.057622716266784064,0.08510895883777239,0.19198547215496367,0.42176315210213516,0.5874047985912393,0.23355932203389831,0.33126128109178954,0.1780013207131851,0.2706471494607088,0.1428285274047986,0.14545674664318733,-0.11550517279330838,0.15808496588157606,0.010449042482940788,0.05161127008584636,0.12373541712524763,0.03288135593220339,0.06599823904908651,-0.13189302223200527,-0.1111005943209333,-0.11725731895223421,-0.050217917675544795,0.17484921857803215,0.09677966101694915,-0.19406119304424388,-0.27026634382566583,-0.19527404798591239,0.04142637023992956,0.03677745982830729,-0.16291657495047326,0.1498877393792648,0.12156504512436715,-0.10475236627779001,0.04887079022672243,-0.13265463350209114,-0.336418666079683,0.08165529385868368,-0.12067136253576932,-0.008010125467752587,-0.2550341184239489,-0.11761831388950034,-0.24837772397094432,-0.2101518820162888,-0.3189852520360995,0.11770856262381686,0.11755447941888619,0.19944530046224962,0.23906229363856482
#49,0.5511666299801893,0.375643847677746,0.3911336121505613,0.29562623816861106,0.21585736297600705,0.29209993396434075,0.12899405679066697,1.0,0.5044530046224961,0.3056482500550297,0.25525423728813557,0.12573629760070437,0.3418071758749725,-0.02432093330398415,-0.1201452784503632,-0.04684129429892142,0.19639885538190624,0.20656174334140437,0.01924719348448162,-0.1519260400616333,-0.10099713845476557,-0.008945630640545895,0.012927580893682589,-0.18933303984151442,-0.1348778340303764,-0.15122386088487783,-0.0016905128769535548,0.01668280871670702,0.18203830068236848,0.020559101915034118,0.2640721989874532,0.13094651111600264,-0.1643847677745983,0.1112788906009245,0.12815760510675764,-0.04098393132291438,-0.1424521241470394,0.2188531807175875,-0.346040061633282,-0.26273827867048205,-0.09857803213735417,-0.1508034338542813,0.027765793528505393,-0.029225181598062953,-0.13560642747083426,-0.21815980629539952,-0.07375522782302443,-0.02972925379705041,-0.030631741140215718,-0.0004710543693594541,-0.019962579793088266,0.0008188421747743782,-0.015894783182918776,-0.07939027074620295,-0.10018489984591679,-0.08494607087827427,-0.3886946951353731,-0.36032357473035437,-0.18468192824125026,-0.30364957076821486,-0.028452564384767776,0.01116222760290557,-0.03459608188421748,0.14306625577812018,0.07792868148800353,0.0046335020911292095,0.045329077701959056,-0.09798371120405018,0.012769095311468193,0.0213449262601805,-0.10283733215936605,0.13597402597402597,0.21057671142416906,-0.07655293858683689,-0.12058331499009466,-0.053882896764252695,-0.05010345586616773,-0.07943869689632402,0.043823464670922296,0.01208232445520581,0.019843715606427472,-0.09764913053048646,0.009742460928901606,0.13597842835130972,0.2618401937046005,0.15388069557561082,0.061747743781642085,-0.015868368919216377,0.021644287915474358,-0.1417411402157165,-0.055921197446621176,-0.0388795949812899,-0.11057891261281091,0.05648690292758089,-0.006784063394232886,0.18651111600264142,-0.048355712084525646,0.20983491085186,-0.04046004842615012,0.02423068456966762,-0.008745322474136034,0.11321373541712525,-0.17754567466431873,-0.04027514858023332,-0.11506493506493506,-0.002863746423068457,0.017719568567026195,0.052826326216156724,-0.05206031256878715,0.019889940567906668,-0.11225181598062954
#50,0.2572991415364297,0.47659476117103233,0.14417125247633722,0.3270107858243452,0.1274158045344486,-0.09055249834910852,0.3269689632401497,0.5044530046224961,1.0,0.46895663658375525,0.3915100154083205,0.011730134272507154,0.0629407880255338,0.44726832489544355,0.2610631741140216,0.1325115562403698,0.14351529826106096,-0.09250935505172793,0.2443429451904028,0.18315430332379484,0.1876799471714726,0.16176975566806076,0.1420581113801453,0.004609289016068677,0.13143957737178077,-0.14785824345146378,0.05023332599603786,0.11030156284393572,-0.08863966541932644,-0.1040744001760951,-0.14692934184459608,0.024598283072859346,-0.11521021351529825,0.09461589258199428,-0.15677085626238169,0.19205150781421967,-0.17443099273607748,0.23712744882236408,-0.11470173893902708,-0.17099933964340744,-0.0850891481399956,0.05790666960158486,0.02661897424609289,0.1237574290116663,-0.003942328857583095,-0.15128109178956636,0.04150121065375303,-0.04161567246313009,-0.19806075280651553,-0.08097732775698878,-0.16837552278230244,-0.2879132731675105,-0.07021571648690293,-0.3955844155844156,-0.05064935064935065,-0.19913713405238828,-0.30124367158265464,-0.30438036539731456,-0.21066916134712746,-0.214686330618534,-0.1561699317631521,-0.09092890160686772,0.0262623816861105,0.009621395553598944,0.1992758089368259,0.2273035439137134,0.2678164208672683,0.12191503411842394,0.22193044243891702,0.28688531807175877,0.04522121945850759,0.3058485582214396,0.05887079022672243,-0.024968082764692933,-0.05608188421747744,0.001133612150561303,-0.2964208672683249,-0.19834030376403258,0.24445080343385428,-0.12823684789786485,-0.11530266343825665,-0.02726172132951794,-0.17759850319172352,0.03977327756988774,-0.00412062513757429,0.005740699977988113,-0.06698657274928461,-0.05585956416464891,-0.01231124807395994,-0.13299141536429673,0.021177635923398636,0.014950473255558,-0.185445740699978,-0.09581333920316971,-0.04027514858023332,0.03872991415364297,-0.10896103896103897,-0.05305965221219459,-0.13104996698217036,-0.06539731454985692,-0.07811578252256218,-0.0990314769975787,-0.06177195685670262,-0.012227602905569008,-0.08381245872771297,-0.033713405238828965,-0.014349548756328417,-0.0937640325775919,-0.20122165969623595,-0.10973805855161788,-0.03525423728813559
#51,0.338712304644508,0.5157869249394673,0.4349812898965441,0.6319766674003963,0.1988729914153643,0.2788201628879595,0.13596962359674225,0.3056482500550297,0.46895663658375525,1.0,0.5172419106317412,0.34043143297380585,0.25286374642306847,0.21621835791327318,0.20473255558001321,0.03390710983931323,0.5911842394893242,-0.11827426810477658,0.33042482940788026,0.1355249834910852,0.09387629319832709,0.08340303764032578,0.16707021791767554,0.04817741580453445,0.16934624697336562,-0.04822804314329738,0.22625357693154302,0.2524829407880255,-0.12527184679727052,0.013845476557340964,-0.3673629760070438,0.18914593880695577,-0.12718247853841075,0.2465375302663438,-0.25030156284393573,0.1270217917675545,-0.07875852960598723,0.24411182038300683,0.022075720889280212,-0.05342504952674444,0.0973365617433414,0.16564825005502973,0.17824785384107417,0.05815760510675765,0.1434602685450143,-0.1736121505613031,0.40765573409641204,0.3208056350429232,-0.02891701518820163,0.055952014087607305,0.041036759850319175,-0.1979154743561523,0.03217697556680608,-0.33348228043143296,0.0798415144177856,-0.10499889940567907,-0.3479749064494827,-0.3158947831829188,-0.0826370239929562,-0.022795509575170594,-0.4374620294959278,-0.3826304204270306,0.05179616993176315,-0.046350429231785166,0.36514417785604225,0.03085846357032798,0.07475236627779,-0.12173013427250716,0.1832951793968743,0.04178076161127008,0.03839313229143738,0.09587497248514197,-0.07071318511996479,-0.09694915254237288,-0.15509355051727933,-0.048815760510675765,-0.4691173233546115,-0.49099713845476556,0.0691569447501651,-0.02135593220338983,-0.11221879815100154,0.015051727933083865,-0.16481620074840414,0.16872991415364297,-0.018115782522562185,-0.3618534008364517,-0.34103235747303545,0.10660136473695796,0.1356284393572529,0.05433854281311908,0.10293418445960818,-0.23843495487563285,-0.27823684789786485,-0.36498789346246974,-0.18060092449922957,0.26140655954215275,-0.10176095091349328,0.1450891481399956,0.13667400396213955,0.09146819282412502,-0.025650451243671584,-0.052480739599383666,-0.05005502971604667,0.27824565265243234,0.16828307285934405,0.14220118864186662,0.13877834030376404,-0.4352080123266564,-0.4214968082764693,-0.4359608188421748,-0.2567246313009025
#52,0.3028857583094871,0.5962469733656174,0.3650319172353071,0.3470217917675545,0.014725952014087607,0.13304424389170152,0.1696764252696456,0.25525423728813557,0.3915100154083205,0.5172419106317412,1.0,0.2332357473035439,0.24105657054809598,0.40599603786044464,-0.11865727492846137,0.0950099053488884,0.24893462469733657,0.060816640986132514,-0.00934404578472375,0.10085626238168612,-0.11584855822143958,0.08416024653312788,-0.015661457186880917,-0.10595201408760731,-0.07178516398855382,-0.20170592119744662,0.017074620294959278,0.006136913933524103,-0.00020691173233546115,-0.10738058551617874,-0.0663020030816641,0.16417785604226282,-0.027926480299361654,0.13687651331719128,-0.015315870570107859,0.18099933964340745,-0.09925159586176535,0.11814219678626459,-0.21861325115562405,-0.1993418445960819,-0.1537244111820383,-0.08022452124147039,-0.1377988113581334,-0.04521021351529826,-0.1090116662998019,-0.1608562623816861,0.21936825885978428,0.10241470394012767,-0.08522342064714947,-0.057250715386308604,0.007609509134932864,-0.13304424389170152,-0.09912172573189522,-0.3474114021571649,-0.13250935505172792,-0.1686154523442659,-0.26753907109839314,-0.2060114461809377,-0.11312788906009245,-0.09751265683469074,-0.07324235086946951,0.040336781862205594,-0.10301122606207352,-0.1600066035659256,0.12322914373761831,0.005108958837772397,0.06322694254897644,-0.024675324675324677,0.05198547215496368,0.03747963900506274,0.043995157384987896,0.14292317851639885,0.12404798591239269,-0.0997490644948272,-0.12316090688972045,-0.04069997798811358,-0.07257539071098393,-0.08337001981069778,0.12092229804094211,-0.15341184239489325,-0.13339863526304205,-0.0006933744221879815,-0.13764472815320272,0.33985692273827867,0.13803874092009685,0.04949372661237068,-0.024761171032357473,-0.0737046004842615,-0.05099713845476558,-0.00846797270526084,0.13291657495047327,0.08931983270966322,-0.16101694915254236,0.026286594761171032,-0.009491525423728813,0.14317411402157165,-0.23968743121285493,0.18359674224081005,-0.027873651771956855,0.017673343605546996,0.08920537090028616,0.029216376843495487,0.03970944309927361,0.1235197006383447,0.09314549856922738,0.01778560422628219,0.1697094430992736,0.004210873871890821,-0.013458067356372441,-0.09610829848117984,-0.14441998679286816
#53,0.20621835791327317,0.13240810037420206,0.1818335901386749,0.20751705921197447,0.4186814880035219,0.3770944309927361,-0.02680827646929342,0.12573629760070437,0.011730134272507154,0.34043143297380585,0.2332357473035439,1.0,0.47901386748844377,-0.018551617873651772,-0.23683689192163768,-0.0835527184679727,0.20609509134932863,-0.018738718908210432,-0.0776469293418446,-0.13099713845476557,-0.12643187321153423,-0.13650891481399957,0.11899625797930882,-0.04776579352850539,0.051131410961919435,-0.18945850759410082,0.05654633502091129,0.03906449482720669,0.21497248514197667,0.18806735637244112,-0.030283953334800794,0.13944970283953334,-0.21615452344265904,-0.09170372000880475,0.11834690732995817,0.11483160906889721,-0.16268765133171914,0.03890821043363416,-0.1809685230024213,0.010834250495267445,0.10911071978868589,0.10149460708782743,0.3543099273607748,-0.13453885097952895,0.135346687211094,0.09157164869029276,0.11683248954435395,0.07720669161347127,-0.06565265243231345,-0.02519920757208893,0.03446841294298921,-0.059742460928901606,-0.04167730574510235,-0.04555359894342945,-0.07290336781862206,-0.10408980849658815,-0.040497468633061855,-0.1508034338542813,-0.030847457627118643,0.0007770195905789126,-0.04950033017829628,-0.06783623156504512,0.10963900506273387,0.024021571648690294,-0.020719788685890382,-0.061052168170812236,-0.08568787145058332,0.016563944530046226,-0.009498128989654414,0.04947391591459388,0.10894342945190402,0.02324455205811138,0.06525203609949373,0.08564825005502971,-0.1252014087607308,-0.022320052828527406,-0.013722209993396434,-0.11907550077041602,-0.02942769095311468,-0.026682808716707022,0.22207792207792207,0.4093440457847238,0.13911512216596963,0.35302883557120845,0.24244111820383007,-0.006535329077701959,-0.13442879154743562,0.2813053048646269,0.11712744882236407,0.3371340523882897,0.13580013207131852,-0.10605326876513317,-0.07781421967862646,-0.1786286594761171,-0.11504072198987453,0.0701452784503632,-0.2105679066696016,-0.010669161347127448,0.029561963460268546,-0.09900726392251816,-0.09529826106097293,0.09408100374202069,-0.04571648690292758,-0.0030332379484921857,-0.07753686990975127,0.037285934404578475,-0.017160466651992074,0.015219018269865728,0.10956416464891042,-0.16123046445080344,-0.1318203830068237
#54,0.0175676865507374,0.14162007484041383,0.2107241910631741,0.1464208672683249,0.3683975346687211,0.3994188861985472,-0.004129429892141757,0.3418071758749725,0.0629407880255338,0.25286374642306847,0.24105657054809598,0.47901386748844377,1.0,-0.030871670702179176,-0.3465067136253577,-0.2611336121505613,0.16255337882456528,0.22779661016949151,-0.20869469513537312,-0.37153202729473916,-0.08514637904468413,-0.34657495047325554,0.04075941008144398,-0.15331939247193485,-0.021441778560422627,-0.13977767994717147,0.11332599603786045,0.14349768875192603,0.2674025974025974,-0.12399075500770416,0.20387849438696895,0.18526964560862866,-0.029498128989654412,-0.07938146599163548,0.12999119524543254,0.15419986792868148,-0.09213955535989435,-0.04544133832269426,-0.15027294739159147,-0.06780321373541713,-0.041261281091789566,-0.04767114241690513,-0.027259520140876074,0.03962139555359894,0.1050627338762932,0.05322914373761831,0.18130970724191064,0.12223860884877834,0.15256218357913273,0.1989984591679507,0.22745762711864406,0.15251375742901166,0.13720669161347127,0.09836231565045124,-0.08574730354391372,-0.17767334360554699,0.03136693814659916,-0.13944750165089148,0.05759850319172353,0.07280431432973807,-0.11550517279330838,-0.0976007043803654,-0.04723970944309927,0.04154963680387409,0.05185119964780982,-0.19902707462029495,-0.07710323574730354,-0.05207131851199648,-0.18581333920316973,-0.17745322474136033,0.004776579352850539,-0.0574818401937046,0.03977327756988774,-0.07323354611490204,-0.23605546995377505,-0.12901826986572748,-0.12930002201188642,-0.0935461149020471,0.050924499229583975,-0.09645828747523663,0.07068456966762052,0.10577371780761612,0.08720889280211314,0.21177635923398636,0.0692031697116443,0.007594100814439797,-0.14216596962359673,-0.09663658375522782,0.046850099053488886,0.26056350429231784,0.09219678626458287,-0.026693814659916354,-0.001100594320933304,-0.1487409200968523,-0.1421483601144618,0.24882236407660135,-0.15958397534668722,0.08237508254457407,0.15139335241030155,0.14505392912172574,0.082623816861105,0.1889126128109179,-0.11803433854281312,-0.03794408980849659,-0.038991855602025095,0.011347127448822363,0.10649570768214836,-0.05296720228923619,-0.1482390490865067,-0.18248294078802554,-0.13971164428791547
#58,-0.17896324014968082,0.06828527404798591,-0.21549196566145717,-0.04885758309487123,-0.22633722209993395,-0.3070702179176755,0.5831609068897204,-0.02432093330398415,0.44726832489544355,0.21621835791327318,0.40599603786044464,-0.018551617873651772,-0.030871670702179176,1.0,0.21088047545674665,0.16105216817081225,-0.06733215936605767,-0.10522782302443319,0.10467532467532467,0.11144618093770636,0.0336121505613031,0.12082324455205812,-0.039262601804974685,0.07447061413163109,0.05217917675544794,-0.15989874532247414,0.02115562403697997,0.00800792427911072,-0.1693990755007704,-0.1089588377723971,-0.23132731675104556,0.023812458727712964,-0.10887739379264803,-0.06094210873871891,-0.21726612370680168,0.18700418225841955,-0.08325996037860445,-0.06189962579793088,0.09242350869469514,-0.18551397754787585,-0.0926040061633282,0.053308386528725514,-0.16685450143077263,0.014677525863966543,0.04536209553158706,-0.0850891481399956,0.03786264582874752,-0.09040061633281972,0.031318511996478095,-0.09364296720228923,0.01596962359674224,-0.22783403037640326,-0.08435395113361215,-0.3163944530046225,0.004422187981510016,-0.27383447061413163,-0.09136253576931543,-0.17013647369579574,-0.10383447061413163,-0.015674664318732115,-0.10682808716707022,-0.024155844155844156,0.1409421087387189,-0.0275610829848118,0.11129429892141757,-0.00017829627999119526,0.41409200968523,0.5302289236187542,0.2236385648250055,0.18955095751705922,0.16558221439577372,0.24012987012987014,0.07136033458067356,-0.01318732115342285,0.014651111600264142,0.12663658375522782,-0.09386748844375963,-0.06575170592119745,0.15508254457407,-0.0939819502531367,-0.18658815760510675,-0.1441536429672023,-0.18771076381245871,-0.06076821483601145,-0.12552498349108518,0.08527624917455426,-0.008232445520581114,-0.22502091129209773,-0.2539951573849879,-0.01661897424609289,0.014109619194364957,0.03300902487343165,-0.09508694695135374,-0.027849438696896323,0.001118203830068237,-0.16787585296059873,-0.11709443099273607,-0.16028835571208452,-0.4021241470394013,-0.03472595201408761,-0.044875632841734535,-0.18086286594761172,-0.01809817301342725,-0.10083865287255117,-0.1713515298261061,-0.22618534008364516,-0.06542372881355932,-0.01214175654853621,0.005289456306405459,-0.0422804314329738,-0.06223200528285274
#101,0.033689192163768436,-0.041417565485362094,-0.18608628659476117,0.10960818842174774,-0.04414043583535109,-0.18174334140435836,0.18280871670702178,-0.1201452784503632,0.2610631741140216,0.20473255558001321,-0.11865727492846137,-0.23683689192163768,-0.3465067136253577,0.21088047545674665,1.0,0.488283072859344,0.11194364957076822,-0.2288795949812899,0.48994937266123706,0.2502553378824565,0.4491481399955976,0.3842284833810258,0.17350209112920978,0.3279815100154083,0.330594320933304,0.22358133392031698,-0.06322694254897644,-0.11363416244772177,-0.2825005502971605,-0.13548316090688972,-0.35908650671362535,-0.11598943429451904,-0.19626458287475237,0.055791327316751044,-0.3806911732335461,0.01216156724631301,0.19450363196125908,0.1923398635263042,0.2216420867268325,0.05398855381906229,-0.1216288795949813,0.04650891481399956,0.09511336121505613,0.2702773497688752,-0.053286374642306844,-0.30197446621175433,0.013570327977107638,-0.10445960818842175,-0.30786044464010565,-0.36535769315430333,-0.4267378384327537,-0.5007990314769976,-0.18870349988994056,-0.2987475236627779,0.41434074400176096,0.0950099053488884,-0.29022892361875413,-0.26127448822364074,-0.1029473915914594,-0.1862491745542593,-0.2565001100594321,-0.27376843495487563,0.017140655954215277,-0.045058331499009466,0.09698657274928461,0.15510015408320493,0.21812238608848777,0.1701056570548096,0.38364296720228924,0.28130310367598504,0.17354391371340525,0.2654655513977548,0.0700264142637024,0.0692031697116443,0.09922738278670482,0.06673123486682808,-0.22379264802993618,-0.2589456306405459,0.15288355712084525,0.23165309267004183,-0.2821879815100154,-0.19427911071978868,-0.2516112700858464,-0.11548316090688972,-0.0846070878274268,-0.23070878274268106,-0.26985692273827866,-0.061890821043363416,0.029537750385208013,-0.05012106537530266,0.16802553378824564,-0.2906471494607088,-0.15001540832049307,-0.22277790006603565,-0.21262821923838873,-0.20956636583755228,0.2096984371560643,-0.32272507153863084,-0.24559762271626678,-0.11340303764032578,-0.2789544353951134,-0.2519370460048426,-0.20417345366497908,0.045938806955756105,-0.06617873651771956,-0.10125027514858023,-0.23820603125687873,-0.33521681708122386,-0.22456526524323134,-0.1083447061413163,-0.012762491745542594
#102,0.008250055029716047,0.04917675544794189,0.02232445520581114,0.10113801452784503,-0.06988553819062293,-0.1611600264142637,0.16256658595641646,-0.04684129429892142,0.1325115562403698,0.03390710983931323,0.0950099053488884,-0.0835527184679727,-0.2611336121505613,0.16105216817081225,0.488283072859344,1.0,-0.1913845476557341,0.11334360554699538,0.2285428131190843,0.4503565925599824,0.014058991855602025,0.6715232225401717,0.008765133171912833,0.4736649790887079,-0.01996918335901387,0.26294959278010127,-0.23791987673343606,-0.04662998018930222,-0.166649790887079,-0.11716486902927581,0.019086506713625356,-0.11344265903587937,-0.27882456526524324,0.137376183138895,-0.2397820823244552,-0.09970063834470615,0.001256878714505833,0.3698415144177856,0.010231124807395993,0.11211314109619194,-0.3035681267884658,-0.037739379264802995,-0.19977767994717147,0.2768831168831169,-0.24445300462249614,-0.23667840633942328,-0.16794629099713845,-0.3462777900066036,-0.32074840413823463,-0.3368302883557121,-0.37332599603786043,-0.3097578692493947,-0.2507572088928021,-0.21454105216817082,0.06327096632181378,0.27397754787585293,-0.4095993836671803,-0.18293198327096633,-0.2582522562183579,-0.30606867708562624,-0.09679286814880035,-0.021256878714505833,-0.18314109619194366,-0.2237970504072199,0.10553378824565265,0.08972044904248294,0.07427030596522122,0.09523882896764253,0.35580453444860227,0.37852520360994935,0.13677745982830727,0.4169601584855822,0.14144618093770636,-0.046685009905348886,-0.06121505613031037,-0.09487343165309267,-0.13822804314329737,-0.15721549636803875,0.10255337882456526,0.5599383667180278,0.015056130310367599,-0.07933964340744001,-0.13204710543693596,0.0010147479639005064,-0.03073959938366718,-0.06859344045784724,-0.11480959718247853,-0.17426370239929562,-0.04570988333700198,-0.14460268545014307,-0.014882236407660137,-0.3047985912392692,-0.22145498569227381,-0.023790446841294298,-0.19851860004402377,-0.15655073739819503,0.5354809597182478,-0.29004842615012105,-0.2447083425049527,-0.23134932863746424,-0.3598217037200088,-0.09222320052828527,-0.2506823684789786,-0.03901826986572749,-0.10343605546995377,-0.29663658375522783,-0.17442218798151002,-0.1641800572309047,-0.07341184239489325,0.036211754347347566,-0.1002575390710984
#201,0.4264913053048646,0.3215562403697997,0.5349130530486462,0.5194783182918776,0.15251375742901166,0.5355756108298482,-0.10649130530486463,0.19639885538190624,0.14351529826106096,0.5911842394893242,0.24893462469733657,0.20609509134932863,0.16255337882456528,-0.06733215936605767,0.11194364957076822,-0.1913845476557341,1.0,0.01551617873651772,0.12838212634822804,-0.12541272287035,0.2622518159806295,-0.11660136473695795,0.2955580013207132,-0.07028175214615892,0.1340413823464671,-0.06046445080343386,0.21487563284173453,0.11362535769315431,0.1802839533348008,0.02027294739159146,-0.10456306405458948,0.10775038520801232,0.008177415804534448,0.20656174334140437,-0.06075720889280211,-0.0059740259740259745,0.07966982170372001,0.08226062073519701,0.002262821923838873,-0.17706361435174994,0.10101254677525864,-0.03901826986572749,0.19350869469513537,-0.12769755668060753,0.12877834030376403,-0.17855381906229364,0.2659982390490865,0.3248073959938367,0.09400396213955536,0.1878318291877614,0.17511116002641428,0.10048646268985252,0.1861369139335241,-0.07833590138674884,0.10803874092009685,-0.12582434514637905,-0.13740259740259742,-0.33038300682368477,0.003995157384987893,-0.06304864626898525,-0.2367642526964561,-0.2925952014087607,-0.10243671582654633,-0.18084085406119305,0.21151001540832048,-0.16734096412062513,-0.005265243231344926,-0.2688553819062294,-0.062656834690733,-0.24846797270526083,-0.14921637684349548,-0.054461809377063616,-0.10159366057671143,-0.1620691173233546,-0.12841954655513976,-0.1546401056570548,-0.21000440237728374,-0.3670217917675545,0.10985692273827867,-0.13068897204490426,-0.029828307285934403,0.12092449922958398,0.1270878274268105,0.13329517939687432,0.05204270305965221,-0.4277569887739379,-0.2772198987453225,0.17470173893902707,-0.03738058551617874,0.003066255778120185,-0.03487343165309267,-0.15840633942328858,-0.19350429231785163,-0.23761831388950033,-0.12585516178736517,0.4186682808716707,-0.17280431432973806,0.36914593880695573,0.27872551177635924,0.19957076821483602,0.0662029495927801,0.18469733656174334,-0.02528945630640546,0.10199867928681489,0.14132291437376182,0.28092009685230024,0.18564604886638786,-0.3154699537750385,-0.2839819502531367,-0.27971384547655737,-0.2301122606207352
