,#10,#11,#12,#13,#17,#18,#26,#49,#50,#51,#52,#53,#54,#58,#101,#102,#201,#202,#301,#302,#401,#402,#501,#502,#601,#602,#701,#702,#801,#802,#901,#902,#1001,#1002,#1101,#1102,#1201,#1202,#1301,#1302,#1401,#1402,#1501,#1502,#1601,#1602,#1701,#1702,#1801,#1802,#1901,#1902,#2001,#2002,#2101,#2102,#2201,#2202,#2301,#2302,#2401,#2402,#2501,#2502,#2601,#2602,#2701,#2702,#2801,#2802,#2901,#2902,#3001,#3002,#3101,#3102,#3201,#3202,#3301,#3302,#3401,#3402,#3455,#3501,#3502,#3601,#3602,#3701,#3702,#3801,#3802,#3901,#3902,#4001,#4002,#4101,#4102,#4201,#4202,#4301,#4302,#4401,#4402,#4501,#4502,#4601,#4602,#4701,#4702,#4801,#4802
#10,1.0,0.6445278450363197,0.34887739379264804,0.4604336341624477,0.29103015628439355,0.15941008144397975,0.3371010345586617,0.6107373981950253,0.4485692273827867,0.4738036539731455,0.45771516618974245,0.32106537530266344,0.39749724851419765,-0.08946511116002641,0.055602025093550514,0.13239049086506713,0.33116883116883117,0.1723398635263042,-0.056559542152762494,-0.18318071758749724,-0.2664142637023993,0.07488003521901827,0.1135395113361215,-0.030629539951573848,-0.04070878274268105,0.01351749944970284,-0.3056966762051508,-0.3281003742020691,0.05216596962359674,-0.07043143297380586,0.14819282412502752,0.1691503411842395,0.05224301122606207,0.14712084525643848,0.1378824565265243,0.06636583755227823,0.09330618534008364,-0.07332599603786044,-0.037556680607528065,-0.06511336121505613,-0.14741800572309047,-0.10222760290556901,0.12688972044904248,-0.14181598062953996,0.11565705480959718,0.15161787365177196,-0.42420206911732333,-0.33887079022672245,-0.4210785824345146,-0.3053885097952895,-0.30414924058991855,-0.044294519040281755,-0.26012987012987016,-0.11709663218137795,-0.18105216817081224,-0.2660114461809377,-0.18981069777679946,-0.16973145498569228,-0.1801386748844376,-0.14475236627779,-0.2938630860664759,-0.11792207792207793,-0.08034558661677306,0.10390490865067137,-0.288168611049967,-0.2858177415804534,0.13258859784283514,0.09567686550737398,0.017123046445080344,0.09015628439357252,0.32839313229143735,0.11902047105436936,-0.022055910191503412,-0.06003081664098613,-0.25344486022452123,-0.15917015188201628,-0.3988201628879595,-0.26299361655293857,0.2729121725731895,0.19298921417565484,0.26884437596302,0.14832929782082324,-0.04770195905789126,0.2757561082984812,0.28302443319392473,-0.12071978868589038,-0.1877327756988774,0.013973145498569227,0.019894342945190404,0.27088487783403037,0.06524763372221,0.15305084745762712,0.024265903587937485,-0.31809156944750167,0.17092890160686772,0.213284173453665,0.16402817521461588,0.047834030376403255,0.005817741580453445,-0.21801893022232005,-0.14789126128109178,0.08663878494386969,0.18280211314109618,-0.179570768214836,0.015241030156284394,-0.04695575610829848,-0.03576271186440678,-0.4265529385868369,-0.15843275368699097,-0.0031256878714505834,-0.015381906229363857
#11,0.6445278450363197,1.0,0.25907329958177416,0.42612590799031475,0.3044640105657055,0.11073739819502532,0.4486946951353731,0.37480739599383667,0.47262161567246314,0.5375280651551838,0.43565705480959716,0.3210763812458728,0.2460708782742681,0.006988773937926481,0.06928241250275148,0.22992956196346026,0.2628747523662778,0.02116883116883117,0.14246753246753247,-0.06617873651771956,-0.20322474136033458,-0.004816200748404139,-0.025751705921197448,-0.05852740479859124,0.014268104776579353,-0.07232005282852741,-0.21299581774158044,-0.23904248294078803,0.05671582654633502,-0.14209112920977326,0.23870349988994058,0.022733876293198327,-0.00511996478098173,0.10442218798151001,0.19337222099933965,-0.004021571648690293,0.16362755888179617,-0.01574290116662998,-0.10097512656834691,-0.09933744221879814,-0.13096632181377943,0.021454985692273828,0.13655073739819504,-0.17372661237068016,0.2278516398855382,0.2138234646709223,-0.20300242130750606,-0.1525313669381466,-0.22733436055469955,-0.12229583975346688,-0.16480519480519482,-0.007123046445080343,-0.18855822143957737,-0.09082104336341625,-0.21676425269645608,-0.24459828307285936,-0.17658155403918116,-0.06701078582434515,0.036883116883116886,-0.07457847237508254,-0.1798811358133392,-0.18939687431212854,-0.037935285053929124,0.18921857803213735,-0.1742196786264583,-0.07064935064935066,0.2462161567246313,0.10740479859123928,0.023669381465991634,0.18376843495487563,0.18485582214395774,0.16403477878054148,-0.13954655513977549,-0.03318511996478098,-0.31340964120625137,-0.18866387849438696,-0.2531058771736738,-0.08664979088707903,0.21782302443319393,-0.11943429451904028,0.050994937266123704,-0.13372661237068018,-0.13297600704380366,0.11865947611710323,0.19681267884657716,-0.14226942548976448,0.04124147039401277,-0.0647787805414924,-0.09101915034118424,0.3328395333480079,0.2015694475016509,0.11517279330838653,0.2526766453885098,-0.15128989654413383,0.28791547435615233,0.14769535549196566,0.038934624697336565,-0.0250759410081444,0.08051948051948052,-0.23257098833370018,-0.11939467312348669,0.09688751926040062,0.0841272287034999,-0.16924058991855603,-0.042364076601364736,-0.18303103675985033,-0.20064714946070877,-0.2549812898965441,-0.11781862205591019,-0.06150781421967862,-0.02153202729473916
#12,0.34887739379264804,0.25907329958177416,1.0,0.5236011446180938,0.32085186000440236,0.44797050407219896,0.20274488223640766,0.07173013427250716,-0.058914813999559765,0.23751045564604886,0.5600792427911072,0.1844023772837332,0.2917125247633722,0.15048866387849438,-0.11416464891041163,0.3548580233325996,0.6216905128769535,0.7681554039181158,-0.23000880475456748,0.013722209993396434,-0.16419546555139775,0.21712744882236407,0.22409421087387188,0.1396434074400176,0.3975038520801233,0.4138168611049967,0.2159586176535329,0.19008144397974908,0.19723530706581555,0.06906009244992296,0.4731785163988554,0.2508232445520581,0.3678318291877614,0.3765463350209113,0.0187211093990755,-0.056324014968082765,-0.05734536649790887,0.0013559322033898306,-0.31048426150121067,-0.12611930442438918,-0.10341624477217698,-0.05336121505613031,-0.17962799911952454,-0.1540942108738719,0.07537530266343825,-0.06543473475676866,-0.09155403918115783,-0.059478318291877615,-0.14221879815100155,-0.0375478758529606,0.03151001540832049,0.09843935725291658,0.21063834470614132,0.06948712304644508,-0.23952014087607307,-0.06581554039181158,-0.27148800352190183,-0.045472154963680386,-0.11750605326876513,-0.14629319832709664,-0.4930838652872551,-0.30637684349548755,0.10941008144397975,0.2035791327316751,0.21512436715826547,0.20111160026414263,0.26779000660356594,0.13635263042042703,0.18577151661897426,0.07910191503411843,0.4648404138234647,0.4065947611710324,-0.2769733656174334,-0.08660356592559983,-0.4656240369799692,-0.22893682588597844,-0.36180277349768875,-0.004838212634822804,0.2664604886638785,0.2930838652872551,-0.13121065375302662,0.08938806955756108,-0.2792009685230024,-0.17477437816420868,0.21376183138895002,-0.3824719348448162,0.048751926040061636,-0.04341844596081884,0.005993836671802774,0.06154963680387409,-0.17389830508474577,-0.11502751485802333,0.0237640325775919,-0.20666079683028835,0.10368258859784284,0.6506647589698438,0.5316156724631301,0.5015056130310368,0.4890710983931323,0.1506581554039181,0.26237728373321595,0.6486176535329078,0.3650297160466652,0.25299801893022233,0.3905216817081224,0.3520228923618754,0.343845476557341,-0.29534888839973583,-0.335049526744442,-0.27675985031917233,-0.17782962799911953
#13,0.4604336341624477,0.42612590799031475,0.5236011446180938,1.0,0.14548756328417345,0.27289016068677086,0.3525049526744442,0.10982610609729254,0.23874532247413605,0.45870570107858244,0.33227823024433195,0.18318071758749724,0.16318071758749725,-0.05467092229804094,-0.1001122606207352,0.08184459608188421,0.6469689632401496,0.3046907329958177,-0.021437376183138894,-0.07060092449922958,-0.05942989214175655,0.11672463130090249,0.3783314990094651,0.07584635703279771,0.29694915254237286,0.02289456306405459,0.16419766674003963,0.09489544353951133,0.01904028175214616,-0.02072198987453225,0.2117125247633722,0.3351441778560423,0.18318071758749724,0.462953995157385,-0.040314769975786924,0.1311600264142637,-0.03464450803433854,-0.028419546555139775,-0.20946290997138456,-0.249636803874092,-0.20239049086506714,-0.1718996257979309,-0.08794849218578032,-0.23250055029716046,0.05048646268985252,-0.0625313669381466,-0.11747083425049527,-0.11589038080563505,-0.2390182698657275,-0.05676865507373982,0.16989214175654854,0.20516618974246092,0.10608848778340303,-0.04260840854061193,-0.14577151661897425,-0.36565925599823906,-0.1489654413383227,-0.14682808716707021,0.06271846797270526,-0.2118269865727493,-0.2406009244992296,-0.14448602245212414,-0.21961699317631522,-0.08091789566365838,0.07988333700198107,0.1173035439137134,0.11779000660356592,0.020873871890821044,0.07432973805855161,0.08946070878274268,0.41825665859564165,0.3470305965221219,-0.05123046445080343,-0.13963460268545014,-0.499867928681488,-0.2952916574950473,-0.39036759850319175,-0.01607307946290997,0.23768434954875634,0.04905348888399736,-0.047006383447061414,0.1459784283513097,-0.2135064935064935,-0.15955315870570108,0.011593660576711424,-0.24030816640986133,0.06717147259520141,-0.048012326656394454,-0.035630640545894786,0.06810697776799472,-0.2019326436275589,-0.2151419766674004,-0.12992956196346025,-0.054565265243231346,0.22997358573629761,0.39176315210213514,0.15751265683469073,0.24677305745102354,0.2071648690292758,0.014800792427911071,0.12603345806735639,0.3793286374642307,0.22195905789126127,0.06108518600044024,0.16160026414263703,0.15873211534228485,0.1481465991635483,-0.2562843935725292,-0.1977525863966542,-0.0213185119964781,0.0735329077701959
#17,0.29103015628439355,0.3044640105657055,0.32085186000440236,0.14548756328417345,1.0,0.27588597842835133,0.21577371780761612,0.10183359013867488,0.14191283292978207,0.35401056570548095,0.42606867708562624,0.40561963460268546,0.2962689852520361,0.09640325775918997,-0.10685009905348888,0.21213735417125248,0.3028813559322034,0.36559982390490864,-0.14977327756988773,-0.039841514417785606,-0.2692207792207792,-0.008186220559101915,0.02893682588597843,0.1922540171692714,0.14117763592339863,0.15790226722430112,0.09714725952014087,-0.027226502311248076,0.23886198547215495,0.023689192163768434,0.42863306185340083,0.13942328857583094,0.269372661237068,0.32574290116662996,0.2157340964120625,-0.2293132291437376,0.026110499669821704,0.055806735637244115,-0.212953995157385,-0.15490644948272067,0.036453885097952894,-0.14591459388069558,-0.07904248294078803,-0.20548976447281533,0.16311027955095753,-0.11317851639885539,0.019264802993616555,-0.09847457627118644,-0.07528505392912173,-0.1775808936825886,-0.1475808936825886,-0.0961765353290777,0.14714946070878274,0.06110279550957517,-0.21642306845696677,-0.040611930442438916,-0.29792648029936164,-0.14936385648250056,-0.20569007263922517,-0.11929561963460268,0.0008408540611930443,-0.048868589038080563,0.23953334800792428,0.17745322474136033,-0.048972044904248294,0.06920096852300242,0.3037574290116663,0.18558221439577371,0.06159145938806956,0.06160246533127889,0.18548095971824785,0.17155183799251597,-0.43411182038300683,-0.19683248954435395,-0.2827470834250495,-0.2680211314109619,-0.24459608188421747,-0.06961259079903148,0.251930442438917,0.13678186220559102,-0.0008672683248954436,-0.0790116662998019,-0.049425489764472814,0.08947171472595201,0.2828681488003522,0.0005128769535549197,0.1852344265903588,0.18055249834910853,0.2666321813779441,0.37312128549416684,0.1262161567246313,0.1815760510675765,0.21506053268765132,-0.10717807616112701,0.10399295619634602,0.27677305745102354,0.2976293198327097,0.244125027514858,0.18473695795729694,0.11149240589918556,0.08787145058331498,0.34331278890600925,0.3215364296720229,-0.06963460268545014,0.025271846797270524,0.10098613251155623,0.026315210213515298,-0.08581994276909531,-0.04467092229804094,0.017316751045564606,0.08881135813339203
#18,0.15941008144397975,0.11073739819502532,0.44797050407219896,0.27289016068677086,0.27588597842835133,1.0,0.0647325555800132,-0.20059652212194584,-0.15641866607968302,0.14319172353070658,0.1837706361435175,0.5062469733656174,0.2058265463350209,0.0750231124807396,-0.30966541932643626,-0.012229804094210874,0.4595839753466872,0.4220845256438477,-0.03867928681488004,-0.026720228923618753,-0.45536429672022893,-0.127244111820383,0.023832269425489765,0.35908650671362535,0.06764472815320273,0.1590644948272067,0.25183138895003304,0.15014087607307947,0.3836715826546335,0.27672022892361875,0.24092009685230023,0.14291877613911513,0.25734756768655076,0.35310807836231567,0.06484701738939028,0.020598723310587718,-0.06563504292317851,0.053383226942548975,-0.24851199647809818,-0.233482280431433,0.09402597402597403,0.030878274268104775,-0.13156064274708343,-0.1929077701959058,0.011347127448822363,-0.22780541492405898,0.14702619414483822,0.05541272287034999,0.1599603786044464,0.028831168831168832,0.14738058551617875,-0.05506493506493507,0.2647391591459388,0.0687805414924059,-0.12819722650231125,0.03100594320933304,-0.20154523442659036,0.012793308386528725,-0.20465111160026414,-0.15730574510235526,-0.2249438696896324,-0.2927140655954215,0.23158045344486022,-0.024402377283733217,0.14536429672022894,0.2336319612590799,0.09331278890600925,0.08772837332159367,0.034395773717807616,0.05049966982170372,0.27974025974025973,0.2508496588157605,-0.17598943429451905,-0.03765573409641206,-0.13838652872551177,0.0048910411622276025,-0.1512392692053709,0.11925379705040721,0.29700638344706143,0.22383226942548975,0.01689192163768435,0.32911732335461147,-0.3313559322033898,-0.26353070658155403,0.052637023992956194,-0.26147259520140875,-0.06220559101915034,0.377970504072199,0.0510807836231565,0.2256900726392252,-0.17294298921417567,0.0007616112700858463,0.29951793968743123,-0.17975126568346908,0.16301122606207352,0.2769227382786705,0.20547435615232226,0.38111600264142637,0.19811578252256218,0.39782082324455204,0.10482940788025534,0.5559696235967423,0.20868368919216376,0.12889720449042483,0.11724191063174114,0.2770394012766894,0.14599603786044463,-0.23982390490865066,-0.2554039181157825,-0.13556680607528065,-0.05100154083204931
#26,0.3371010345586617,0.4486946951353731,0.20274488223640766,0.3525049526744442,0.21577371780761612,0.0647325555800132,1.0,0.2858397534668721,0.5117851639885538,0.4139951573849879,0.33651111600264144,0.2625511776359234,0.3213889500330178,0.3432357473035439,0.03983491085186001,0.13462029495927802,0.20941668500990535,0.11455425930002201,0.01861104996698217,-0.31861985472154963,-0.310693374422188,-0.24718027734976888,-0.03631741140215716,-0.03566585956416465,0.013801452784503633,-0.14746643187321154,0.013570327977107638,-0.05861325115562404,0.10274047985912392,-0.36969403477878054,0.26737398195025314,0.12165529385868369,0.21767114241690513,0.3535020911292098,0.2306449482720669,-0.13476997578692493,0.21428351309707241,0.008655073739819502,-0.025533788245652653,-0.04921637684349549,0.05397754787585296,-0.3211005943209333,0.06615892581994277,-0.2807990314769976,0.06230904688531807,-0.07102575390710984,0.04719348448162008,0.15790666960158486,-0.11164428791547436,-0.10734756768655074,-0.0037772397094430993,0.026357032797710764,-0.1803367818622056,-0.2597160466651992,-0.4191173233546115,-0.38952454325335684,-0.4544464010565705,-0.5248668280871671,-0.08721989874532247,-0.3140744001760951,-0.29069777679947173,-0.2769447501650891,0.051941448382126346,0.126814880035219,0.0639951573849879,-0.17851199647809818,0.2595443539511336,0.2151023552718468,0.2462491745542593,0.3246973365617433,0.4014703940127669,0.35936165529385866,-0.029361655293858684,0.10843495487563284,-0.22294959278010126,-0.27429451904028174,-0.42449262601804977,-0.42326216156724633,0.3029385868368919,-0.22213735417125247,0.062201188641866606,0.10429672022892363,-0.059053488883997356,0.22013427250715387,0.17154743561523222,-0.06849218578032137,-0.09670922298040942,-0.10561963460268545,-0.12778120184899847,0.3198217037200088,-0.1010345586616773,-0.07703720008804754,0.05174774378164209,-0.24219238388729913,0.1098745322474136,0.1733942328857583,-0.1699207572088928,0.2008496588157605,0.1538432753686991,0.04177195685670262,0.1642593000220119,0.15100594320933303,0.24875192604006163,0.11041162227602906,0.24589478318291877,0.13669161347127448,0.1504072198987453,-0.27596081884217477,-0.21049526744442,0.046264582874752366,0.10968743121285494
#49,0.6107373981950253,0.37480739599383667,0.07173013427250716,0.10982610609729254,0.10183359013867488,-0.20059652212194584,0.2858397534668721,1.0,0.6464472815320272,0.26539731454985693,0.38366718027734975,0.107343165309267,0.16507153863086066,0.06025753907109839,0.045058331499009466,0.08546995377503852,0.05527184679727053,0.10234206471494607,-0.14686330618534008,-0.34321373541712524,-0.19596081884217478,-0.04186880915694475,0.08813119084305525,-0.2715936605767114,-0.054699537750385205,-0.06167950693374422,-0.34324675324675324,-0.33979088707902266,-0.15670041822584196,-0.30447941888619856,0.05321373541712525,-0.09646489104116222,0.05319832709663218,-0.1704754567466432,0.10911292097732776,-0.15381245872771296,0.09802113141096191,-0.3136737838432754,0.06215716486902927,-0.17793308386528725,-0.10147919876733436,-0.2557935285053929,0.0886616773057451,-0.18942108738718907,0.10376183138895004,-0.016640986132511557,-0.26957296940347786,-0.19749724851419767,-0.32222540171692715,-0.19726612370680166,-0.30207792207792206,-0.04459167950693375,-0.3448602245212415,-0.1110081443979749,-0.1591371340523883,-0.3213977547875853,-0.16037420206911732,-0.37581113801452787,-0.03796830288355712,-0.08848338102575391,-0.12685890380805634,0.025434734756768655,-0.08700858463570328,0.2813053048646269,-0.22980629539951575,-0.3451551837992516,-0.023574730354391372,0.11777019590578913,0.1472837332159366,-0.017109839313229142,0.21265903587937487,0.005641646489104116,0.06354171252476337,0.13604886638784944,-0.1586946951353731,-0.15262601804974688,-0.22781421967862645,-0.3867884657715166,0.08289456306405459,0.010660356592559983,0.16260840854061193,-0.0324455205811138,0.20405899185560203,0.4885053929121726,0.26573849878934624,0.08585516178736517,-0.07406779661016949,-0.059685230024213075,-0.10659255998239049,0.13592780101254678,0.0974158045344486,0.2635527184679727,0.13362755888179617,-0.13594761171032357,0.09762051507814219,0.1790116662998019,0.03209993396434074,0.014032577591899626,0.021027955095751706,-0.264224081003742,-0.15536209553158706,-0.13310367598503192,0.012995817741580453,-0.17550077041602466,-0.00968302883557121,-0.11743781642086727,-0.030970724191063174,-0.12244111820383007,0.12116883116883116,0.09466211754347348,0.026445080343385427
#50,0.4485692273827867,0.47262161567246314,-0.058914813999559765,0.23874532247413605,0.14191283292978207,-0.15641866607968302,0.5117851639885538,0.6464472815320272,1.0,0.45496147919876734,0.2725335681267885,0.18729914153642968,0.2062359674224081,0.15567686550737397,0.042513757429011666,0.047219898745322474,0.11712304644508034,-0.07567686550737399,-0.014917455425930003,-0.27362976007043804,-0.23498789346246973,-0.19400616332819723,-0.12028175214615892,-0.20103675985031919,-0.14658815760510677,-0.2767180277349769,-0.1324389170151882,-0.1452740479859124,-0.1029473915914594,-0.3881906229363856,0.035505172793308386,-0.10362976007043803,0.04471934844816201,-0.011780761611270086,0.13679286814880035,-0.15756768655073738,0.05286374642306846,-0.22924499229583975,-0.05579793088267664,-0.17593660576711423,-0.20930882676645388,-0.18717587497248514,0.14942328857583095,-0.2079683028835571,0.04316530926700418,-0.06083204930662558,0.04212854941668501,0.09447721769755668,-0.15460048426150122,-0.07451683909311028,0.008652872551177635,0.03820383006823685,-0.22808936825885978,-0.17383447061413163,-0.2796830288355712,-0.5152014087607308,-0.308531807175875,-0.4408188421747744,0.031212854941668502,-0.18139335241030155,-0.03111600264142637,0.004056790666960158,-0.2491679506933744,0.15876293198327096,-0.037503852080123266,-0.1889390270746203,-0.022176975566806076,0.05529385868368919,0.09384547655734096,0.0787145058331499,0.26374642306845697,0.14216376843495487,0.06987012987012987,0.04974686330618534,-0.2356834690732996,-0.19963900506273388,-0.2626040061633282,-0.3010609729253797,0.026517719568567025,-0.2412128549416685,0.2613097072419106,-0.18558441558441557,0.08508034338542814,0.35181598062953995,0.21355712084525644,0.0700198106977768,-0.037620515078142194,-0.144191063174114,-0.21527184679727052,0.27545894783182917,0.041606867708562624,0.047591899625797934,0.07405679066696016,-0.10086946951353731,0.10575610829848119,0.031811578252256216,-0.24961038961038962,0.07267224301122606,0.07740699977988114,-0.048245652652432316,-0.04915914593880696,-0.09114241690512877,-0.03260180497468633,-0.11264582874752366,0.05891701518820163,-0.003594541052168171,-0.03637244111820383,-0.04910631741140216,0.11808716707021792,0.15383226942548978,0.20592780101254676
#51,0.4738036539731455,0.5375280651551838,0.23751045564604886,0.45870570107858244,0.35401056570548095,0.14319172353070658,0.4139951573849879,0.26539731454985693,0.45496147919876734,1.0,0.3772132951793969,0.25534888839973585,0.26215936605767115,0.13999779881135813,0.050638344706141314,0.2726502311248074,0.47694475016508914,0.11104996698217037,0.08414263702399295,-0.05144397974906449,-0.15259520140876073,-0.1135725291657495,0.12150121065375302,-0.0808034338542813,-0.020614131631080782,-0.18187981510015408,-0.038602245212414704,-0.20457627118644067,-0.03156064274708342,-0.24875632841734538,0.1636517719568567,-0.07259740259740259,0.06803433854281311,0.2638344706141316,0.029139335241030156,-0.1954391371340524,0.06336781862205591,0.007034998899405679,-0.10928241250275149,-0.30071758749724853,-0.082656834690733,-0.014323134492626018,-0.12377283733215937,-0.1895003301782963,0.06908870790226722,-0.024422187981510017,-0.037517059211974464,-0.09453004622496147,-0.1413317191283293,-0.08949152542372882,-0.02206251375742901,-0.13657054809597183,-0.05951573849878935,-0.11623376623376623,-0.15023772837332158,-0.17057010785824345,-0.1720911292097733,-0.10088487783403037,-0.04152322254017169,-0.16508694695135373,-0.20515958617653532,-0.14672683248954435,0.0012590799031476998,0.20523222540171693,-0.14745322474136033,-0.03979969183359014,0.2898987453224741,0.2131917235307066,0.11666740039621395,0.3020977327756989,0.2884635703279771,0.20046004842615012,-0.1594783182918776,-0.03832269425489764,-0.26850759410081443,-0.1077856042262822,-0.36017169271406557,-0.1606735637244112,0.20926040061633283,-0.032254017169271405,-0.06455425930002201,-0.0952344265903588,-0.1460246533127889,-0.017596302003081665,0.0588729914153643,-0.047442218798151005,0.04797050407219899,-0.17414263702399296,-0.1624653312788906,0.17650451243671583,0.012423508694695135,0.016660796830288354,-0.061540832049306625,-0.13985692273827868,0.08700198106977768,0.18750605326876513,-0.02692273827867048,-0.03173233546114902,0.04383226942548976,-0.05537970504072199,-0.10701518820162888,0.19048426150121064,0.11127448822364076,-0.11212194585075941,-0.04210873871890821,-0.02347347567686551,-0.11132951793968743,-0.2550473255558001,-0.09861325115562404,-0.02383447061413163,0.05123046445080343
#52,0.45771516618974245,0.43565705480959716,0.5600792427911072,0.33227823024433195,0.42606867708562624,0.1837706361435175,0.33651111600264144,0.38366718027734975,0.2725335681267885,0.3772132951793969,1.0,0.2011534228483381,0.2983314990094651,0.15716707021791768,0.05023772837332159,0.3774884437596302,0.37747743781642085,0.48495927801012545,-0.04179396874312129,0.07808276469293418,-0.23815760510675765,0.21751926040061634,0.2331168831168831,0.05672243011226062,0.3104556460488664,0.3161567246313009,-0.0498745322474136,0.01690512876953555,0.10465771516618974,-0.03088267664538851,0.36088707902267225,0.06813999559762271,0.24385208012326656,0.2081598062953995,0.15988773937926481,-0.23509355051727934,0.15441558441558442,-0.03573189522342065,-0.1427756988773938,-0.10906229363856483,0.010931102795509575,-0.1166321813779441,0.005095751705921197,-0.26148139995597625,0.1734404578472375,-0.00974025974025974,-0.19979308826766454,-0.054014968082764694,-0.22861104996698217,-0.1170526084085406,-0.2643363416244772,0.016836891921637686,-0.09451023552718468,-0.00839753466872111,-0.30065595421527624,-0.18372661237068016,-0.31534448602245213,-0.1060972925379705,-0.11698217037200088,-0.19760510675764914,-0.42788245652652435,-0.34103675985031917,0.19835571208452565,0.27651111600264144,0.02338762931983271,-0.0677459828307286,0.2961369139335241,0.21501871010345586,0.29474136033458065,0.1615628439357253,0.45277129650011005,0.29382566585956416,-0.2920845256438477,-0.11838872991415364,-0.5086198547215497,-0.2699735857362976,-0.4030728593440458,-0.11458287475236628,0.41863086066475896,0.22333259960378604,-0.06380585516178737,-0.08132291437376184,-0.23352410301562843,0.06907990314769975,0.2804160246533128,-0.17582214395773718,0.003856482500550297,-0.10383667180277349,-0.06626458287475237,0.11235967422408101,-0.03928681488003522,-0.057858243451463794,0.028633061853400837,-0.14729253797050407,0.17130310367598503,0.40380585516178735,0.348382126348228,0.28224301122606205,0.3643451463790447,-0.13730574510235527,0.11492405899185561,0.3390578912612811,0.31507373981950254,-0.07375302663438256,0.1570922298040942,0.010468853180717587,0.060713185119964784,-0.3558133392031697,-0.2660004402377284,-0.16616112700858462,-0.16205370900286153
#53,0.32106537530266344,0.3210763812458728,0.1844023772837332,0.18318071758749724,0.40561963460268546,0.5062469733656174,0.2625511776359234,0.107343165309267,0.18729914153642968,0.25534888839973585,0.2011534228483381,1.0,0.24561303103675985,0.33755888179616994,-0.14925379705040723,-0.012989214175654854,0.25232445520581115,0.23633722209993396,-0.06989654413383227,-0.2248316090688972,-0.44157605106757647,-0.2918798151001541,-0.09524983491085186,0.1970482060312569,-0.1038102575390711,0.07917455425930002,0.10685230024213076,-0.19465331278890602,0.2986330618534008,0.1115430332379485,0.31052388289676425,0.29322033898305083,0.20593660576711423,0.2890050627338763,0.22180717587497248,0.029170151882016288,0.09137354171252476,0.14550737398195027,-0.197409200968523,-0.13571868809156945,0.026918335901386748,0.009225181598062954,0.03445300462249615,-0.21797050407219898,0.09397314549856922,-0.10318071758749725,-0.0028769535549196565,-0.1308628659476117,-0.06192604006163328,-0.19062953995157386,-0.0028703499889940567,-0.07287695355491966,-0.03173453664979089,-0.19950693374422188,-0.3305855161787365,-0.12161347127448822,-0.3488465771516619,-0.1659718247853841,-0.14566365837552278,-0.21488223640766013,-0.0624389170151882,-0.18405238828967643,0.16053929121725732,0.0864935064935065,0.10373321593660577,-0.08702179176755448,0.1262557781201849,0.1499405679066696,0.12752366277790006,-0.03839313229143738,0.21813779440898085,0.2173497688751926,-0.23607307946290998,-0.16820603125687872,-0.08589698437156064,-0.1672375082544574,-0.14288355712084524,-0.1834140435835351,0.20532907770195905,0.06219458507594101,0.30334360554699535,0.06496588157605107,-0.11684129429892141,0.09140215716486903,0.17985031917235306,-0.05601584855822144,-0.1342967202289236,0.2750627338762932,0.11164648910411622,0.4207858243451464,-0.04837112040501871,0.26208892802113143,0.2530794629099714,-0.20420647149460708,0.13344265903587937,0.08484261501210653,0.039394673123486684,0.2410873871890821,0.09577591899625798,0.17297820823244553,-0.1038432753686991,0.3793880695575611,0.30333259960378606,-0.03205811138014528,0.08295839753466872,0.16069777679947173,0.04175874972485142,-0.1328945630640546,-0.17599383667180277,-0.06870349988994057,0.05790666960158486
#54,0.39749724851419765,0.2460708782742681,0.2917125247633722,0.16318071758749725,0.2962689852520361,0.2058265463350209,0.3213889500330178,0.16507153863086066,0.2062359674224081,0.26215936605767115,0.2983314990094651,0.24561303103675985,1.0,-0.04285714285714286,0.03917455425930002,0.06638564825005502,0.14188201628879596,0.29986352630420426,-0.0738036539731455,-0.12729253797050408,-0.33326876513317194,-0.03671582654633502,-0.1691217257318952,0.003896103896103896,-0.022456526524323134,0.1465727492846137,-0.16240810037420206,-0.222392692053709,0.3647105436935945,0.12874972485141978,0.3264230684569668,0.16641866607968303,0.07334140435835351,0.2352674444199868,0.3829011666299802,-0.026183138895003302,0.1625974025974026,0.2093286374642307,-0.05957076821483601,0.12682368478978648,0.05156064274708343,-0.019705040721989874,0.2233678186220559,0.060367598503191726,0.22777019590578912,0.14292317851639885,-0.24491525423728813,-0.18794188861985472,-0.16623376623376623,-0.26524763372221,-0.07689852520360994,-0.15953554919656615,-0.11874532247413604,0.009366057671142416,-0.2567246313009025,-0.05024433193924719,-0.3226128109178957,-0.11378604446401057,-0.28297600704380366,-0.22409421087387188,-0.4383975346687211,-0.2651089588377724,0.21007484041382346,0.16864406779661018,-0.15567246313009026,-0.12666960158485582,0.3568368919216377,0.02338762931983271,0.19354171252476338,0.2566629980189302,0.4512920977327757,0.2744992295839753,-0.14665639445300463,-0.08601364736957957,-0.1173167510455646,-0.12296500110059431,-0.21462909971384547,-0.3008320493066256,0.3310741800572309,0.1830068236847898,0.537490644948272,0.30182258419546554,-0.12409641206251376,0.508399735857363,0.29598723310587716,-0.24137574290116662,-0.3685626238168611,0.11906669601584856,-0.017536869909751264,0.4771538630860665,0.16589478318291878,0.008545014307726173,0.04683909311027955,-0.4982522562183579,-0.07736517719568567,0.18647809817301342,0.1715958617653533,0.200396213955536,-0.05678626458287475,0.17517719568567025,-0.02519700638344706,0.14014747963900506,0.24912612810917895,-0.003693594541052168,-0.004695135373101475,0.07650671362535769,0.04919216376843495,-0.16872551177635922,-0.025734096412062514,-0.2080233325996038,-0.14786704820603125
#58,-0.08946511116002641,0.006988773937926481,0.15048866387849438,-0.05467092229804094,0.09640325775918997,0.0750231124807396,0.3432357473035439,0.06025753907109839,0.15567686550737397,0.13999779881135813,0.15716707021791768,0.33755888179616994,-0.04285714285714286,1.0,0.01887079022672243,-0.07879154743561523,-0.012648029936165529,0.14230464450803434,-0.13071758749724852,-0.13742460928901606,-0.11772176975566806,-0.2130112260620735,-0.13026634382566585,-0.1448117983711204,0.08480079242791107,-0.08419546555139776,0.22983491085186,0.1359057891261281,0.02645828747523663,-0.16913933524103017,0.25507373981950254,0.08812898965441339,0.33598503191723533,0.25162447721769754,0.030933303984151443,-0.28224301122606205,0.027415804534448602,-0.10395113361215057,0.03706141316310808,0.03276909531146819,-0.09309927360774818,-0.13192383887299142,-0.052509355051727935,-0.135049526744442,-0.19239489324235087,-0.1738036539731455,0.21126348228043143,0.30301562843935725,0.15741800572309048,0.03014968082764693,0.19451683909311027,-0.021945850759410083,-0.06007704160246533,-0.1631763152102135,-0.3324851419766674,0.021320713185119966,-0.2537684349548756,-0.29752586396654196,-0.20208012326656394,-0.31061853400836453,-0.24249394673123487,-0.25005502971604665,0.2667180277349769,0.13565925599823905,0.22066696015848558,-0.012524763372221,0.32176095091349327,0.12573849878934626,0.1636055469953775,0.05372000880475457,0.10420867268324896,0.20589698437156065,0.012733876293198327,0.24616773057451025,-0.062040501871010345,-0.05698657274928461,-0.23690512876953554,-0.3400396213955536,0.11300902487343166,-0.030821043363416244,-0.000275148580233326,-0.17149240589918557,-0.12894122826326215,-0.0374818401937046,0.18406559542152762,-0.006279991195245432,-0.10304644508034339,-0.22366277790006603,-0.006689412282632622,0.2836891921637684,-0.294472815320273,-0.011138014527845037,-0.17100594320933304,-0.06827867048206031,-0.22447281532027294,0.04349108518600044,-0.004811798371120405,0.10052608408540611,0.24933744221879814,0.17482940788025533,0.22240810037420206,0.2610147479639005,0.2437574290116663,0.15493506493506493,0.2883975346687211,0.31378824565265245,0.26343825665859566,-0.08300462249614791,-0.1668038740920097,-0.24466211754347347,-0.10719568567026194
#101,0.055602025093550514,0.06928241250275148,-0.11416464891041163,-0.1001122606207352,-0.10685009905348888,-0.30966541932643626,0.03983491085186001,0.045058331499009466,0.042513757429011666,0.050638344706141314,0.05023772837332159,-0.14925379705040723,0.03917455425930002,0.01887079022672243,1.0,0.5017675544794189,-0.2380343385428131,-0.24024213075060533,0.5434250495267444,0.38574730354391373,0.48696456086286594,0.34407660136473694,-0.1663416244772177,-0.26917895663658375,0.03517059211974466,-0.05022232005282853,-0.4944067796610169,-0.34029275808936826,-0.13718467972705262,-0.09096632181377944,-0.1776007043803654,-0.19089808496588156,-0.41688751926040063,-0.2868214836011446,0.16908210433634163,0.02009685230024213,0.388910411622276,0.3634448602245212,0.30356152322254015,0.11893242350869469,0.0953863086066476,0.23483601144618094,0.40659255998239047,0.293695795729694,-0.1961699317631521,0.17413603345806736,-0.4032247413603346,-0.23050187101034558,-0.3021307506053269,-0.2856988773937926,-0.32238828967642524,-0.2364802993616553,-0.5470217917675545,-0.23858023332599604,0.04899625797930883,0.11720008804754567,-0.10047105436935945,0.008016729033678185,-0.1719106317411402,-0.2608958837772397,-0.06253576931543033,-0.06384547655734096,0.13237508254457406,-0.034585075941008146,-0.2218203830068237,-0.11885758309487122,0.18718908210433635,0.15225621835791328,0.4535219018269866,0.6167598503191724,0.22308826766453885,0.273167510455646,0.335346687211094,-0.023259960378604446,-0.09438696896324016,-0.13666740039621394,-0.26895663658375524,-0.31079903147699756,0.31690732995817744,0.17605546995377505,0.09459388069557562,-0.05118423948932423,-0.0008232445520581114,0.011190843055249835,-0.03401056570548096,-0.06270085846357033,-0.2678978648470174,-0.3559189962579793,-0.14655954215276248,-0.16175654853620955,0.10230464450803434,-0.142920977327757,-0.32716486902927583,-0.12758529605987234,-0.12038300682368479,-0.33739379264802993,0.09072419106317411,-0.42272066916134715,-0.30851419766674004,-0.4254215276249175,-0.3209487123046445,-0.4870878274268105,0.03891481399955976,-0.29667400396213955,-0.2172375082544574,-0.47478318291877614,-0.45173673783843277,-0.3625974025974026,0.03836891921637684,-0.08312568787145058,-0.08468853180717588
#102,0.13239049086506713,0.22992956196346026,0.3548580233325996,0.08184459608188421,0.21213735417125248,-0.012229804094210874,0.13462029495927802,0.08546995377503852,0.047219898745322474,0.2726502311248074,0.3774884437596302,-0.012989214175654854,0.06638564825005502,-0.07879154743561523,0.5017675544794189,1.0,0.11456966762051508,0.19936385648250055,0.1781862205591019,0.4093286374642307,0.29660796830288355,0.49292978208232446,0.03173453664979089,-0.06541052168170812,0.16836451683909312,0.24241470394012768,-0.2313119084305525,-0.16663658375522783,-0.21918115782522563,-0.2522474136033458,0.11488663878494387,-0.13140435835351089,-0.16810697776799471,-0.1559057891261281,0.041468192824125026,-0.10798151001540832,0.19682148360114463,0.25109619194364957,-0.06151441778560423,-0.03174994497028395,-0.023414043583535108,0.07807395993836672,0.150264142637024,0.042364076601364736,-0.15741140215716487,-0.03099273607748184,-0.26686550737398196,-0.16656834690732997,-0.2536583755227823,-0.0802575390710984,-0.3096830288355712,-0.0486682808716707,-0.19618534008364516,0.009053488883997358,0.008917015188201628,0.1638564825005503,-0.19673563724411183,0.1315166189742461,-0.21012106537530267,-0.2355580013207132,-0.2294585075941008,-0.21744441998679287,0.22408540611930441,0.3425181598062954,0.012548976447281533,0.12096412062513758,0.1662095531587057,0.2923112480739599,0.37539511336121506,0.4908716707021792,0.19462469733656174,0.25563724411182037,-0.08342725071538631,-0.08720228923618754,-0.1789522342064715,-0.1559982390490865,-0.17847897864847018,-0.04418225841954655,0.26081884217477436,0.20820603125687873,-0.15307726172132952,-0.08209112920977328,-0.012529165749504733,-0.08956636583755227,-0.002328857583094871,-0.13318511996478097,0.030735197006383448,-0.27368699097512655,-0.3356460488663878,-0.13038740920096853,-0.03355051727933084,-0.089603786044464,-0.13075941008144398,-0.11847017389390271,0.0021527624917455426,0.08803213735417126,0.2936099493726612,-0.06248734316530927,0.1922804314329738,-0.3347391591459388,-0.12775258639665418,0.04545014307726172,0.15696896324014967,-0.1238036539731455,-0.0007792207792207792,-0.23907990314769975,-0.2090512876953555,-0.2632335461149021,-0.15899625797930883,-0.29954215276249174,-0.29291657495047324
#201,0.33116883116883117,0.2628747523662778,0.6216905128769535,0.6469689632401496,0.3028813559322034,0.4595839753466872,0.20941668500990535,0.05527184679727053,0.11712304644508034,0.47694475016508914,0.37747743781642085,0.25232445520581115,0.14188201628879596,-0.012648029936165529,-0.2380343385428131,0.11456966762051508,1.0,0.5563504292317851,-0.10913493286374643,-0.10666519920757209,-0.23563944530046224,-0.025208012326656395,0.363794849218578,0.2434536649790887,0.3291283292978208,0.11332379484921858,0.3453775038520801,0.2179837112040502,0.22534448602245213,0.03831388950033018,0.35027514858023334,0.22022672243011227,0.4347655734096412,0.4049702839533348,-0.005833149900946511,0.023145498569227384,-0.024895443539511335,-0.06263702399295619,-0.17034118423948932,-0.28907329958177413,-0.06605546995377504,-0.17102135152982612,-0.22618093770636144,-0.2003896103896104,0.0709222980409421,-0.25368038740920096,0.1607990314769976,0.0699405679066696,-0.15732775698877394,0.015718688091569448,0.2100066035659256,0.11283953334800792,0.2522474136033458,0.0996566145718688,-0.1384437596302003,-0.24051287695355492,-0.3297292537970504,-0.21843495487563283,0.0225049526744442,-0.13566806075280652,-0.13704160246533129,-0.0362953995157385,-0.13714065595421526,0.0612854941668501,0.18820823244552057,0.14059872331058773,0.043726612370680165,-0.0062425709883337,0.13229583975346687,0.06098833370019811,0.41197226502311246,0.3649438696896324,-0.3984173453664979,-0.25317411402157164,-0.4702047105436936,-0.272425709883337,-0.3076777459828307,0.03296500110059432,0.28330398415144176,0.10304204270305965,-0.16799471714725953,0.10988553819062294,-0.33023992956196346,-0.21011446180937707,0.1072969403477878,-0.15302223200528287,0.3194937266123707,-0.027114241690512877,-0.034902047105436936,0.018703499889940568,-0.21017829627999118,-0.13186660796830288,0.04188861985472155,-0.021503411842394893,0.14674664318732114,0.5998877393792648,0.18271846797270527,0.494323134492626,0.48703499889940566,0.2394210873871891,0.2591635483160907,0.6256416464891041,0.3077856042262822,0.21499229583975346,0.3520405018710103,0.37646268985252035,0.269390270746203,-0.08951793968743121,-0.13646489104116222,-0.019740259740259742,0.04348888399735858
