,#10,#11,#12,#13,#17,#18,#26,#49,#50,#51,#52,#53,#54,#58,#101,#102,#201,#202,#301,#302,#401,#402,#501,#502,#601,#602,#701,#702,#801,#802,#901,#902,#1001,#1002,#1101,#1102,#1201,#1202,#1301,#1302,#1401,#1402,#1501,#1502,#1601,#1602,#1701,#1702,#1801,#1802,#1901,#1902,#2001,#2002,#2101,#2102,#2201,#2202,#2301,#2302,#2401,#2402,#2501,#2502,#2601,#2602,#2701,#2702,#2801,#2802,#2901,#2902,#3001,#3002,#3101,#3102,#3201,#3202,#3301,#3302,#3401,#3402,#3455,#3501,#3502,#3601,#3602,#3701,#3702,#3801,#3802,#3901,#3902,#4001,#4002,#4101,#4102,#4201,#4202,#4301,#4302,#4401,#4402,#4501,#4502,#4601,#4602,#4701,#4702,#4801,#4802
#10,1.0,0.3717961699317632,0.7011314109619194,0.6955910191503412,0.3839027074620295,0.16677966101694916,0.2829143737618314,0.6378098173013427,0.19410301562843935,0.6644023772837332,0.5149944970283953,0.22706581554039182,-0.016896324014968083,0.1681598062953995,0.07255337882456526,0.08637244111820383,0.7324961479198767,0.39255337882456526,0.040633942328857586,0.25009685230024215,0.24330178296279992,0.1650099053488884,0.3064604886638785,-0.0006559542152762491,0.24929561963460267,0.1769205370900286,-0.0053554919656614575,0.019927360774818402,0.10019590578912613,0.015280651551837993,-0.05079462909971384,-0.2046929341844596,0.239933964340744,0.29455205811138013,0.317277129650011,0.24166629980189303,0.42718247853841074,0.3494783182918776,0.2949658815760511,0.2616486902927581,0.31176095091349326,0.16127448822364077,-0.02931322914373762,-0.1433017829627999,0.07038740920096852,0.17513757429011667,-0.23003521901826987,-0.07807836231565045,-0.11815540391811578,-0.041261281091789566,0.03679286814880035,0.29295839753466874,0.007431212854941668,0.14178956636583756,0.23354171252476338,0.32465771516618974,-0.2239621395553599,-0.057743781642086725,-0.07302443319392472,-0.08954875632841734,-0.13975346687211093,0.16738718908210434,0.008903808056350429,-0.09422187981510015,-0.06968963240149681,0.302227602905569,-0.10441998679286815,-0.17487343165309266,0.3056240369799692,0.3503764032577592,0.0950957517059212,0.25542372881355935,0.022436715826546334,0.3578186220559102,-0.03148800352190183,0.13176315210213516,-0.03977107638124587,-0.13123706801672905,0.14886198547215496,0.2101386748844376,0.04784723750825446,0.14215936605767115,-0.19734536649790888,-0.0799471714725952,0.3188201628879595,-0.3122320052828527,0.017101034558661677,0.2441470394012767,0.17133612150561303,0.16435395113361215,0.09225401716927141,-0.2107836231565045,-0.0765199207572089,-0.07408980849658815,-0.3100264142637024,0.2992692053709003,0.3687871450583315,0.2338564825005503,0.24533568126788466,0.030801232665639444,0.2940655954215276,0.3691569447501651,0.13577151661897424,0.09893022232005283,0.31637684349548756,0.09977767994717147,0.06489764472815321,-0.04793528505392912,-0.18750605326876513,-0.15591459388069556,-0.19997798811358133
#11,0.3717961699317632,1.0,0.5461149020471054,0.4093286374642307,0.10137354171252476,0.14319172353070658,0.0387277129650011,0.4106713625357693,0.5171802773497689,0.4616949152542373,0.4332357473035439,0.2215474356152322,0.16688751926040063,0.03289236187541272,0.09285934404578472,0.16651551837992515,0.2949570768214836,0.2645564604886639,-0.07349548756328417,-0.13994276909531148,-0.13234426590358794,-0.11656394453004623,0.1549966982170372,-0.03680167290336782,0.04313229143737618,-0.08645168390931103,-0.2315760510675765,-0.26233546114902045,-0.06594981289896544,0.016850099053488884,0.0748778340303764,-0.07958177415804535,0.13316090688972046,-0.09434294519040282,-0.026277790006603567,-0.03380805635042923,0.04315430332379485,-0.10629099713845476,-0.06291217257318953,0.04306845696676205,-0.046524323134492625,-0.014899845916795069,0.11900506273387629,-0.008776139115122166,-0.10417345366497908,0.0902377283733216,-0.3645080343385428,-0.25291217257318954,-0.20823244552058112,-0.21729033678186221,-0.03813999559762272,-0.01937706361435175,-0.17767114241690513,-0.11214175654853621,-0.11217917675544795,-0.11955976227162668,-0.3688135593220339,-0.37277129650011004,-0.09863086066475897,0.08201408760730794,-0.2016024653312789,0.09298040942108739,-0.2932313449262602,-0.2709641206251376,-0.21735857362976008,0.06976007043803654,-0.17519920757208893,-0.3868214836011446,-0.1288531807175875,0.12880915694475017,-0.1089060092449923,0.2842350869469514,-0.20257979308826765,0.05456966762051508,-0.34593000220118864,-0.29525643847677746,-0.34021791767554477,-0.3589698437156064,0.06194585075941008,-0.09856702619414484,0.2227823024433194,0.1587937486242571,0.27272947391591457,0.2306119304424389,0.03363416244772177,0.06023552718467973,-0.20222540171692713,0.19026194144838213,-0.006790666960158486,0.16143297380585517,-0.0475610829848118,-0.13976667400396214,-0.12927140655954214,-0.16449262601804976,-0.23429892141756548,0.28809156944750164,-0.0398613251155624,0.277673343605547,0.0761435174994497,-0.03453224741360335,0.12062953995157386,0.15975346687211095,0.11350209112920977,0.08077261721329518,0.12738498789346248,0.010638344706141317,0.0872044904248294,-0.1867444419986793,-0.09404358353510896,-0.11401056570548096,-0.27558221439577374
#12,0.7011314109619194,0.5461149020471054,1.0,0.7060466651992076,0.3427845036319613,0.31394453004622497,0.1564076601364737,0.47505833149900945,0.29186880915694474,0.6606075280651552,0.5228813559322034,0.24553378824565264,0.06599823904908651,0.008016729033678185,0.03397974906449483,0.04545234426590359,0.7129121725731895,0.697360774818402,-0.027532467532467533,-0.05026634382566586,-0.04997798811358133,-0.10093770636143518,0.44975346687211093,0.07036099493726612,0.3239291217257319,0.15794188861985473,-0.06800132071318513,-0.05238168611049967,0.2325841954655514,0.1425379705040722,0.2280959718247854,-0.021987673343605546,0.44055249834910853,0.2632709663218138,0.08982610609729254,0.19332379484921858,0.20084305524983492,0.1459784283513097,0.18071098393132293,0.20657495047325555,0.22689192163768435,0.24915474356152323,0.02115562403697997,-0.058679286814880036,0.00042042703059652213,0.0602113141096192,-0.3558991855602025,-0.08509355051727933,-0.09595641646489105,-0.002161567246313009,0.1821021351529826,0.23643847677745983,0.16913053048646268,0.20284833810257538,0.08705701078582434,0.02142857142857143,-0.3780343385428131,-0.4142262821923839,-0.03274708342504953,-0.142326656394453,-0.2025775918996258,0.12141536429672023,-0.1971978868589038,-0.2736979969183359,-0.07423068456966762,0.26552938586836894,-0.2320228923618754,-0.25928241250275147,0.1568412942989214,0.1747589698437156,0.13268765133171914,0.34291877613911514,-0.1687805414924059,0.2209883337001981,-0.40257318952234206,-0.1147457627118644,-0.19211974466211754,-0.2608034338542813,0.2794254897644728,0.21590358793748624,0.209636803874092,0.279192163768435,-0.13286374642306845,0.024052388289676426,0.24370239929561963,-0.14552058111380145,-0.1556702619414484,0.3222760290556901,0.21741580453444861,0.21350429231785165,0.14281752146158927,-0.33431212854941667,-0.07804314329738059,-0.2565067136253577,-0.3939643407440018,0.5190226722430112,0.3262953995157385,0.5353686990975126,0.45994276909531145,0.22703499889940568,0.4081730134272507,0.63557781201849,0.43871890821043363,0.36169271406559544,0.4737178076161127,0.2725313669381466,0.32760950913493286,-0.07761171032357474,-0.09777679947171472,-0.17271846797270526,-0.30850539291217255
#13,0.6955910191503412,0.4093286374642307,0.7060466651992076,1.0,0.3036869909751266,0.20902707462029496,0.1700726392251816,0.5422848338102575,0.037032797710763815,0.7660114461809377,0.37752366277790006,0.27585296059872333,0.059282412502751486,0.02208232445520581,0.19020250935505173,0.15551397754787585,0.7687475236627779,0.38662777900066037,0.1171582654633502,0.10284613691393353,0.14350429231785164,0.04844155844155844,0.3743077261721329,-0.07691613471274489,0.3518600044023773,0.13252916574950474,-0.03307285934404579,-0.03040942108738719,0.13428791547435615,0.07246973365617433,-0.06399735857362976,-0.07854721549636803,0.24244772176975568,0.3877834030376403,0.16658375522782304,0.3728527404798591,0.2418600044023773,0.3519128329297821,0.19313889500330178,0.3405458947831829,0.22068236847897865,0.19144618093770635,-0.07068677085626238,-0.168102575390711,-0.0586880915694475,-0.03729914153642967,-0.2111798371120405,0.028679286814880037,-0.01648910411622276,-0.07763592339863526,-0.017633722209993395,0.03772617213295179,0.06541052168170812,0.029975786924939466,0.1463152102135153,0.19419326436275589,-0.2905877173673784,-0.14509134932863746,-0.1565969623596742,-0.1503169711644288,-0.20946070878274267,0.13032577591899625,-0.040814439797490644,-0.14052168170812238,-0.044598283072859346,0.28316090688972045,-0.24345806735637243,-0.2707550077041602,0.3157737178076161,0.34210873871890823,0.16706361435174993,0.33187101034558664,0.1111732335461149,0.41216596962359675,-0.06600924499229584,0.0716618974246093,-0.1269293418445961,-0.17317851639885537,0.1696830288355712,0.176946951353731,0.15929341844596082,0.1774686330618534,-0.18388950033017828,-0.030724191063174113,0.16220779220779222,-0.1895905789126128,-0.10654853620955315,0.2395729694034779,0.2679220779220779,0.11983491085186,-0.08606647589698437,-0.35385428131190844,-0.19102575390710985,-0.1901452784503632,-0.4071318511996478,0.2845608628659476,0.2564120625137574,0.2318996257979309,0.1694276909531147,-0.02015628439357253,0.247343165309267,0.35412282632621617,0.2320691173233546,0.09661237068016729,0.3813779440898085,0.10996478098173014,0.12738278670482062,-0.16024873431653092,-0.1985362095531587,-0.17915914593880697,-0.24557340964120625
#17,0.3839027074620295,0.10137354171252476,0.3427845036319613,0.3036869909751266,1.0,0.5401210653753027,-0.012176975566806076,0.35848558221439575,0.28515298261060973,0.30702179176755445,0.1391569447501651,0.6511358133392031,0.5534404578472375,0.3115034118423949,-0.14590799031476998,-0.2636605767114242,0.36307726172132954,0.2542989214175655,-0.19815320272947393,-0.03912172573189522,-0.0175478758529606,-0.23595641646489104,-0.01933083865287255,-0.13679506933744223,-0.09545014307726173,-0.1500132071318512,-0.42095751705921197,-0.3423464670922298,0.5902047105436936,0.5369843715606427,0.2843671582654633,0.10077922077922077,0.02993616552938587,0.18291217257318954,0.5839797490644948,0.2943649570768215,0.25931543033237947,0.21054369359454106,-0.030660356592559983,-0.0026920537090028614,0.6039973585736298,0.43205811138014527,0.40433634162447724,0.33048206031256877,-0.0031873211534228485,0.2941866607968303,-0.32403037640325777,-0.3849570768214836,-0.3242042703059652,-0.16467972705260842,-0.059306625577812015,0.053682588597842834,-0.15645388509795288,-0.17402377283733217,-0.14103015628439358,-0.1356548536209553,-0.20155403918115783,-0.13683909311027956,-0.041760950913493286,-0.03938366718027735,-0.32248734316530925,0.1977195685670262,0.32880475456746644,0.02179837112040502,-0.5905304864626899,-0.19625137574290116,0.13020691173233545,-0.050200308166409864,0.07755007704160247,0.09220559101915034,-0.16430772617213296,-0.15029936165529387,0.07684569667620515,0.14346907329958178,-0.07352190182698658,-0.030101254677525863,-0.12184019370460049,-0.21726392251815982,0.1775808936825886,0.24089588377723972,0.5983182918776139,0.6047655734096412,-0.013270966321813779,0.06305084745762712,0.739357252916575,-0.11441118203830068,0.07454985692273827,0.6323156504512437,0.41303764032577595,0.5942218798151001,0.5821153422848339,-0.049322033898305084,0.2410279550957517,-0.03400396213955536,-0.13123706801672905,0.15268324895443539,0.07762271626678406,0.046328417345366496,0.12370239929561963,-0.05004402377283733,0.05233105877173674,0.37787365177195686,0.3113911512216597,0.08031476997578693,-0.07202069117323355,-0.13353070658155403,-0.09810917895663658,-0.20320713185119965,-0.2205480959718248,-0.24584415584415584,-0.18647809817301342
#18,0.16677966101694916,0.14319172353070658,0.31394453004622497,0.20902707462029496,0.5401210653753027,1.0,-0.23901386748844375,0.09156064274708342,0.26495267444419984,0.060477657935285055,0.004787585296059872,0.629768875192604,0.407277129650011,0.12396874312128549,-0.014259300022011886,-0.04904248294078802,0.18200528285274048,0.3835835351089588,-0.038010125467752585,0.035868368919216374,-0.13740699977988113,-0.2381532027294739,-0.11430772617213295,-0.06279110719788686,-0.21558001320713185,-0.30012987012987014,-0.24373981950253137,-0.20312128549416686,0.4389632401496808,0.5843539511336121,0.23647809817301343,0.2053004622496148,-0.0412854941668501,-0.027583094871230465,0.22046004842615013,0.1540942108738719,-0.05418886198547215,0.07658375522782303,-0.2431058771736738,-0.09869689632401497,0.4628505392912173,0.5393198327096632,0.40575170592119747,0.4364538850979529,-0.22984591679506933,0.10156724631300902,-0.20710983931322915,-0.17711644287915473,-0.18964340744001762,-0.09442218798151002,-0.03558881796169932,-0.1307770195905789,-0.11709663218137795,-0.18955535989434294,-0.3793330398415144,-0.27127448822364075,-0.2995311468192824,-0.22317631521021353,-0.1856086286594761,-0.13056790666960158,-0.44652872551177636,-0.10497248514197667,0.18902487343165308,0.22252256218357913,-0.38499449702839533,-0.09165309267004182,0.07554259300022012,-0.1360378604446401,0.054998899405679064,-0.01777459828307286,0.006674003962139555,-0.07582654633502091,-0.02423068456966762,0.023495487563284175,-0.216007043803654,-0.25684569667620516,-0.3678516398855382,-0.19906009244992295,0.18240810037420208,0.30712524763372223,0.6623970944309927,0.6845828747523662,0.07985692273827867,0.34830948712304644,0.48551837992515956,-0.07920537090028615,-0.23825445740699977,0.6238080563504292,0.40146819282412505,0.3851243671582655,0.6526216156724631,-0.1606845696676205,0.13287034998899405,-0.278613251155624,-0.20234866828087167,0.21524763372220998,0.009632401496808277,0.06015848558221439,0.016136913933524104,-0.06439137134052389,-0.0525643847677746,0.3098965441338323,0.3825841954655514,0.22797490644948273,0.09022892361875413,-0.03966982170372001,0.0012810917895663659,-0.3214747963900506,-0.0776139115122166,-0.46152542372881356,-0.411468192824125
#26,0.2829143737618314,0.0387277129650011,0.1564076601364737,0.1700726392251816,-0.012176975566806076,-0.23901386748844375,1.0,0.1611930442438917,-0.06895443539511337,0.22895003301782962,0.12336561743341404,-0.2298283072859344,-0.10670702179176755,0.10745322474136033,0.04407219898745322,0.15578032137354172,0.20909531146819282,0.08895003301782962,0.25553378824565265,0.12126348228043143,0.053176315210213515,0.15341184239489325,0.15571428571428572,-0.0625511776359234,0.10935725291657496,0.1260708782742681,-0.0785956416464891,-0.03497468633061854,-0.02224521241470394,-0.022707462029495928,-0.20122386088487784,-0.05722870349988994,-0.024307726172132952,0.16612590799031476,0.025304864626898526,-0.05650011005943209,0.15879815100154082,0.12278010125467753,0.3681267884657715,0.3377327756988774,-0.022383887299141536,0.042174774378164206,-0.17966982170372,-0.15103015628439356,0.1647655734096412,-0.11318952234206471,0.11190843055249836,-0.015881576051067575,-0.10080343385428131,-0.04409200968523003,-0.06670261941448383,0.12814880035219017,-0.025848558221439576,0.11160686770856262,0.152656834690733,0.33652432313449265,-0.11691613471274488,0.026161127008584636,0.12171252476337222,0.14043143297380586,0.21018049746863307,0.30271846797270524,0.016933744221879814,-0.07079462909971385,0.200363196125908,0.22718247853841075,0.013579132731675105,0.25983270966321814,0.2888421747743782,0.31494166850099053,0.2575698877393793,0.15843935725291658,-0.014624697336561743,0.18265243231344927,0.07784283513097072,0.26255337882456525,0.15271186440677967,0.06839313229143737,-0.06581774158045345,0.08602905569007264,-0.34787365177195684,-0.22324675324675325,-0.09974686330618535,-0.20743121285494168,-0.01602905569007264,-0.0796896324014968,0.24844596081884218,-0.30187541272287033,-0.017246313009024874,-0.13897424609289016,-0.11597622716266784,-0.05483381025753907,0.07016729033678186,0.0812260620735197,0.0827955095751706,-0.011010345586616774,0.25049526744441997,-0.09629760070438037,0.13649570768214836,-0.1568082764692934,0.03300462249614792,-0.03853400836451684,0.1012392692053709,-0.19022232005282852,0.1563086066475897,0.01782522562183579,-0.03188861985472155,0.18341184239489325,-0.032529165749504735,0.17167730574510234,0.09633722209993396
#49,0.6378098173013427,0.4106713625357693,0.47505833149900945,0.5422848338102575,0.35848558221439575,0.09156064274708342,0.1611930442438917,1.0,0.23741800572309046,0.5530728593440458,0.5076579352850539,0.3818445960818842,0.09670261941448383,0.2964054589478318,-0.09795729694034779,-0.05222540171692714,0.5640215716486903,0.36563284173453664,-0.020594320933303985,-0.03551397754787585,0.023852080123266565,-0.09023332599603787,0.16343165309267005,-0.1834470614131631,0.11757208892802114,0.04479859123926921,-0.13152102135152982,-0.11424389170151882,0.17287695355491967,0.11891701518820164,0.06948272066916135,-0.13009465111160026,0.2768346907329958,0.21686110499669822,0.2992890160686771,0.13633061853400835,0.40116442879154746,0.19759630200308168,0.19491965661457186,0.22138674884437595,0.25172793308386526,0.13157164869029275,0.040779220779220776,-0.12752366277790006,0.05851419766674004,0.13508034338542813,-0.3275038520801233,-0.1637178076161127,-0.13572309046885317,-0.19018930222320052,-0.015375302663438256,0.14376183138895005,-0.12103015628439358,-0.012540171692714066,-0.04022452124147039,0.15086066475896984,-0.3159057891261281,-0.24460048426150122,-0.07737398195025313,-0.04326216156724631,-0.3121483601144618,0.21848778340303765,0.16336561743341405,0.005212414703940128,-0.18691173233546116,0.1732973805855162,-0.027340964120625137,-0.10270526084085406,0.13070878274268105,0.24266563944530045,-0.022454325335681268,0.15241690512876954,0.11760950913493286,0.30824785384107417,-0.03314109619194365,0.21626018049746865,-0.29661677305745104,-0.40152542372881356,0.01992956196346027,0.1695509575170592,0.10820162887959499,0.1910213515298261,-0.1683469073299582,0.19629319832709663,0.302359674224081,-0.07543473475676865,-0.023942328857583094,0.19054589478318293,0.2701430772617213,0.2872176975566806,0.0561699317631521,-0.18970504072198988,-0.07563284173453665,-0.0485824345146379,-0.2359872331058772,0.2377195685670262,0.22202729473915914,0.23856702619414483,0.1062887959498129,0.0237574290116663,0.23217917675544794,0.28480079242791106,0.09763152102135153,0.07917895663658375,0.17336561743341405,0.1393682588597843,0.08275588817961699,-0.24816200748404138,-0.2833634162447722,-0.20462249614791989,-0.2498415144177856
#50,0.19410301562843935,0.5171802773497689,0.29186880915694474,0.037032797710763815,0.28515298261060973,0.26495267444419984,-0.06895443539511337,0.23741800572309046,1.0,0.15279330838652871,0.29705701078582436,0.29945630640545895,0.24957957296940347,0.32049966982170375,-0.2263350209112921,-0.050510675764913054,0.11908870790226722,0.2614087607307946,-0.16457627118644066,-0.18026854501430772,-0.31665639445300464,-0.3975236627779001,-0.16204710543693596,-0.009621395553598944,-0.10746643187321153,-0.04136913933524103,-0.38210653753026635,-0.24852520360994937,0.11849218578032138,0.08994276909531147,0.2940325775918996,-0.08640986132511556,0.21485362095531588,-0.12318511996478099,0.16265463350209114,-0.141534228483381,0.03735857362976007,-0.2417125247633722,-0.10795509575170592,-0.013649570768214835,0.015802333259960378,-0.03685450143077262,0.23533568126788465,0.07373981950253136,-0.1486022452124147,0.0048998459167950694,-0.44939027074620297,-0.299471714725952,-0.34170151882016286,-0.25199427690953113,0.050625137574290116,0.005452344265903588,-0.16410301562843935,-0.07031256878714506,-0.3013251155624037,-0.21493286374642306,-0.3500748404138235,-0.41961699317631523,0.03351089588377724,0.16365617433414043,-0.20649570768214837,0.2295179396874312,-0.0787541272287035,-0.07132951793968743,-0.3356042262821924,-0.13081884217477438,0.023273167510455647,-0.18182918776139115,-0.2367312348668281,-0.032753686990975125,-0.1576799471714726,0.06096191943649571,-0.2995399515738499,0.045329077701959056,-0.49563724411182036,-0.3398283072859344,-0.31966762051507813,-0.28537530266343825,0.02479418886198547,0.05575170592119744,0.3269733656174334,0.285874972485142,0.20068456966762052,0.29393352410301565,0.41281752146158923,0.12327977107638124,0.014624697336561743,0.22614571868809158,-0.13576711424169052,0.2173827867048206,0.2686022452124147,0.03484041382346467,0.03141316310807836,0.044686330618534005,0.0062315650451243675,0.20173893902707463,-0.0056306405458947835,0.21005502971604667,0.18445080343385428,0.07563064054589479,0.08564604886638785,0.2936319612590799,0.02787145058331499,0.15134932863746423,0.125478758529606,0.004747963900506274,0.10065375302663439,-0.07557120845256439,0.05892361875412723,-0.019705040721989874,-0.10847237508254458
#51,0.6644023772837332,0.4616949152542373,0.6606075280651552,0.7660114461809377,0.30702179176755445,0.060477657935285055,0.22895003301782962,0.5530728593440458,0.15279330838652871,1.0,0.5727514858023333,0.21970944309927362,0.09167510455646048,0.15688972044904248,0.15936825885978428,0.16220779220779222,0.7070702179176755,0.3122848338102575,0.08154963680387409,0.026971164428791546,0.02467972705260841,-0.03098173013427251,0.3358661677305745,-0.07377944089808497,0.2781267884657715,-0.021450583314990095,-0.1824785384107418,-0.24972705260840855,0.14219458507594102,-0.00714505833149901,0.005357693154303324,-0.13943869689632402,0.23296279991195246,0.21720889280211314,0.21181157825225622,0.19811798371120404,0.2946401056570548,0.18205811138014527,0.24411182038300683,0.23705921197446622,0.2292097732775699,0.13491305304864626,-0.011782962799911952,-0.23003081664098612,-0.03215496368038741,-0.1091173233546115,-0.364785384107418,-0.2894188861985472,-0.21105657054809598,-0.27228483381025753,-0.1285692273827867,0.01618534008364517,-0.06611930442438917,0.017818622055910192,0.05932643627558882,0.13740039621395553,-0.35565925599823905,-0.3070988333700198,-0.09569007263922519,-0.10863306185340084,-0.02422628219238389,0.2329936165529386,-0.0961765353290777,-0.392392692053709,-0.10783623156504513,0.19860664758969843,-0.2703477878054149,-0.24643187321153423,0.2060510675764913,0.22953775038520802,0.07484261501210654,0.21631961259079904,-0.03921417565485362,0.25189522342064713,-0.10379264802993617,0.038476777459828304,-0.05569667620515078,-0.2196962359674224,0.11318291877613912,0.03653092670041823,0.11497908870790227,0.052773497688751926,-0.10529385868368919,-0.004596081884217477,0.1739159145938807,-0.02592559982390491,0.007413603345806736,0.11436935945410522,0.15858683689192163,0.16224961479198768,-0.07392692053709003,-0.17024213075060532,-0.22414263702399295,-0.06694695135373102,-0.34896764252696455,0.3227823024433194,0.22714946070878275,0.2239291217257319,0.13755007704160246,-0.06646268985252037,0.15985912392692053,0.27614571868809157,0.13273167510455647,-0.11870349988994057,0.16551837992515958,0.007222099933964341,0.062080123266563945,0.0175148580233326,-0.17451243671582656,-0.05549636803874092,-0.22515078142196787
#52,0.5149944970283953,0.4332357473035439,0.5228813559322034,0.37752366277790006,0.1391569447501651,0.004787585296059872,0.12336561743341404,0.5076579352850539,0.29705701078582436,0.5727514858023333,1.0,0.1578252256218358,-0.03642086726832489,0.3068523002421307,0.035855161787365177,0.03215276249174554,0.38840193704600484,0.29941448382126346,0.07205811138014528,-0.005208012326656394,-0.02198547215496368,-0.08872551177635923,0.1163020030816641,0.010561303103675986,0.1198943429451904,-0.007638124587277129,-0.16720228923618755,-0.15700638344706142,0.061879815100154084,-0.07929561963460269,0.12996918335901386,-0.2229055690072639,0.2851727933083865,-0.08373981950253137,0.1542725071538631,-0.006819282412502752,0.3028945630640546,-0.14984591679506934,0.22977107638124586,0.00813779440898085,0.13322474136033458,0.003911512216596962,0.11411182038300682,-0.1454061193044244,0.054364957076821485,-0.04518159806295399,-0.5044838212634822,-0.3344375963020031,-0.2299273607748184,-0.3334184459608188,-0.06929341844596082,0.15268765133171913,-0.09317631521021351,-0.05582654633502091,-0.09337222099933964,0.002324455205811138,-0.3657803213735417,-0.4562007484041382,-0.02558661677305745,-0.05012766894122826,-1.100594320933304e-05,0.20454325335681267,-0.17195685670261943,-0.2617411402157165,-0.12972925379705041,0.24186880915694475,-0.13778120184899845,-0.1376931543033238,0.09184019370460049,0.17668060752806516,0.011171032357473035,0.18284173453664979,-0.19618754127228705,0.09095971824785384,-0.26150561303103675,-0.14236847897864846,-0.2968897204490425,-0.41487343165309265,0.07543693594541052,0.02804094210873872,0.0463614351749945,0.04836891921637684,-0.020975126568346908,0.24347127448822364,0.11166629980189302,0.05088928021131411,0.009572969403477878,0.060380805635042924,-0.0411270085846357,0.09062513757429011,0.009700638344706141,-0.012632621615672463,-0.2804490424829408,0.1575280651551838,-0.16421307506053268,0.18451243671582654,0.1741338322694255,0.15372661237068017,-0.05285714285714286,0.022696456086286596,0.13693154303323796,0.3215166189742461,0.04471714725952014,0.020977327756988774,0.025985031917235307,0.12456526524323135,0.08206911732335462,-0.04240810037420207,-0.2843099273607748,0.11614571868809156,-0.02154523442659036
#53,0.22706581554039182,0.2215474356152322,0.24553378824565264,0.27585296059872333,0.6511358133392031,0.629768875192604,-0.2298283072859344,0.3818445960818842,0.29945630640545895,0.21970944309927362,0.1578252256218358,1.0,0.5991767554479419,0.2809927360774818,-0.13378164208672683,-0.21949372661237068,0.2751419766674004,0.22316090688972046,0.007655734096412062,-0.07627118644067797,-0.17860224521241472,-0.38503191723530705,-0.15223640766013646,-0.20701738939027076,-0.1867554479418886,-0.2824433193924719,-0.5263966541932643,-0.43297820823244554,0.4164340744001761,0.5266563944530046,0.22390931102795508,0.17078802553378825,0.0015694475016508915,0.024177856042262823,0.40195245432533566,0.12952234206471494,0.23357473035439136,0.1862755888179617,-0.15591019150341184,0.01638564825005503,0.4553004622496148,0.3509883337001981,0.4802509355051728,0.25252256218357916,-0.2290314769975787,0.12091789566365838,-0.46898084965881576,-0.3662095531587057,-0.43488003521901825,-0.30966541932643626,-0.2579308826766454,-0.11487783403037641,-0.4187409200968523,-0.33153422848338104,-0.4793286374642307,-0.1410279550957517,-0.41904248294078805,-0.2766938146599164,-0.23879594981289898,-0.059460708782742684,-0.5237574290116663,-0.11706141316310807,0.3615144177856042,0.13852080123266564,-0.6252762491745543,-0.2479837112040502,0.14855161787365176,-0.13303984151441778,0.09081443979749064,0.10713185119964781,-0.043359013867488444,-0.0825445740699978,0.11009024873431653,0.04719348448162008,-0.10676645388509795,-0.13357473035439138,-0.37564604886638786,-0.4426766453885098,0.017849438696896324,0.1612392692053709,0.6426370239929562,0.7124081003742021,-0.09261281091789567,0.4679683028835571,0.5611093990755007,0.11760290556900727,-0.09680387409200969,0.6800550297160467,0.3774928461369139,0.512524763372221,0.527820823244552,-0.09951793968743121,0.08006823684789786,-0.13490644948272068,-0.10452564384767775,0.09382786704820603,-0.06504512436715827,-0.01135593220338983,-0.10418666079683028,-0.19008804754567465,-0.06533127889060092,0.31430112260620735,0.30189302223200526,0.1352872551177636,-0.031104996698217036,-0.245115562403698,-0.05531146819282413,-0.47381465991635485,-0.27616112700858464,-0.3562073519700638,-0.34557340964120625
#54,-0.016896324014968083,0.16688751926040063,0.06599823904908651,0.059282412502751486,0.5534404578472375,0.407277129650011,-0.10670702179176755,0.09670261941448383,0.24957957296940347,0.09167510455646048,-0.03642086726832489,0.5991767554479419,1.0,0.1351353731014748,0.00941008144397975,-0.20547435615232226,0.09116442879154743,-0.04082324455205811,0.013548316090688971,-0.1654435395113361,-0.1550693374422188,-0.2627933083865287,-0.16082104336341624,-0.1774224081003742,-0.08939467312348669,-0.315346687211094,-0.4285053929121726,-0.34556460488663876,0.5751970063834471,0.4939863526304204,0.1591305304864627,0.15253576931543034,0.0020647149460708784,-0.024404578472375083,0.5052102135152983,0.055778120184899846,0.17130750605326878,-0.03151441778560422,-0.3679749064494827,-0.16819062293638565,0.33805194805194805,0.29701078582434515,0.6020272947391592,0.3649130530486463,-0.1255095751705921,-0.00550297160466652,-0.2805657054809597,-0.3300858463570328,-0.3555051727933084,-0.26277569887739377,-0.13741140215716488,-0.19587057010785824,-0.37099053488884,-0.3195597622716267,-0.4264274708342505,-0.2637684349548756,-0.2173893902707462,-0.21472375082544573,-0.09428351309707242,0.03315430332379485,-0.3327646929341845,-0.09949152542372881,0.25101254677525864,-0.0912987012987013,-0.6060004402377284,-0.30238388729914156,0.09093330398415145,-0.15616552938586836,-0.008613251155624037,0.059007263922518156,-0.17346687211093992,-0.044604886638784945,0.011840193704600484,-0.02796169931763152,-0.12149460708782743,-0.12765133171912832,-0.23315870570107858,-0.26461589258199425,0.3515562403697997,0.037503852080123266,0.5750737398195025,0.6525753907109839,-0.11325775918996257,0.07888399735857363,0.4687981510015408,-0.0476997578692494,-0.04517719568567026,0.5839643407440017,0.31026634382566587,0.6971890821043364,0.4452740479859124,0.11424169051287696,0.17690512876953554,-0.10664098613251155,0.007012987012987013,-0.04517059211974466,-0.22844155844155845,0.040508474576271186,-0.119603786044464,-0.24438917015188202,-0.06580013207131852,0.19817081223860886,0.22136913933524102,0.06595421527624917,-0.18865287255117763,-0.26541492405899186,-0.11600264142637023,-0.2639819502531367,-0.17413823464670922,-0.3288972044904248,-0.3194541052168171
#58,0.1681598062953995,0.03289236187541272,0.008016729033678185,0.02208232445520581,0.3115034118423949,0.12396874312128549,0.10745322474136033,0.2964054589478318,0.32049966982170375,0.15688972044904248,0.3068523002421307,0.2809927360774818,0.1351353731014748,1.0,-0.1063152102135153,-0.13594100814439797,-0.029960378604446402,-0.03157825225621836,-0.015540391811578251,0.05245652652432314,-0.16123486682808716,-0.217475236627779,-0.17614571868809156,0.037653532907770196,-0.20062953995157384,0.03130750605326876,-0.14526084085406119,-0.1404094210873872,0.15273387629319832,0.10696015848558221,0.05467092229804094,-0.314818401937046,-0.007829627999119524,-0.08054149240589918,0.40364076601364735,-0.08679506933744222,0.33524103015628437,-0.08871010345586616,0.20723750825445741,-0.08673783843275369,0.3246995377503852,0.1187343165309267,0.33860004402377286,-0.044811798371120405,0.06908210433634163,-0.0761963460268545,-0.3278252256218358,-0.40670041822584196,-0.10528945630640546,-0.16983491085186,0.005967422408100374,0.1930574510235527,-0.17161347127448823,-0.05331719128329298,-0.20171032357473034,0.021204050187101035,-0.1471978868589038,-0.12188641866607969,-0.10469733656174335,-0.029784283513097073,-0.19573189522342066,0.10541272287034999,0.41297600704380366,0.04678406339423288,-0.34972044904248295,0.0550297160466652,0.35349768875192605,0.3310433634162448,0.10447501650891482,0.14699317631521022,0.08108738718908211,-0.07366277790006603,0.003262161567246313,0.1163350209112921,0.06451023552718468,0.1670261941448382,-0.36383226942548974,-0.39509795289456306,0.09143517499449703,0.1636253576931543,0.07575830948712305,0.12063614351749945,0.060488663878494386,0.321023552718468,0.3103984151441779,-0.06745982830728593,-0.09397314549856922,-0.04093110279550957,-0.04110499669821704,0.28383887299141536,0.25945410521681705,0.0936649790887079,0.10334580673563724,0.027583094871230465,-0.04252916574950473,-0.21861104996698216,0.012399295619634603,-0.1650759410081444,-0.1299405679066696,0.013499889940567906,-0.0005811138014527845,0.017343165309267005,-0.16883557120845255,-0.2363944530046225,-0.3210213515298261,-0.04244331939247194,-0.17099493726612372,-0.2254391371340524,0.0629077701959058,-0.12427470834250495,-0.14528285274047986
#101,0.07255337882456526,0.09285934404578472,0.03397974906449483,0.19020250935505173,-0.14590799031476998,-0.014259300022011886,0.04407219898745322,-0.09795729694034779,-0.2263350209112921,0.15936825885978428,0.035855161787365177,-0.13378164208672683,0.00941008144397975,-0.1063152102135153,1.0,0.6007462029495928,0.1274158045344486,-0.04013647369579573,0.4814483821263482,0.3064274708342505,0.4336583755227823,0.3786946951353731,0.20248294078802553,0.16242791107197888,0.3278978648470174,-0.01840854061193044,0.10361875412722871,0.03283072859344046,0.07150121065375303,0.03342284833810258,-0.23388509795289456,0.19289016068677087,-0.20300022011886418,-0.035580013207131854,0.08217917675544795,0.11315210213515298,0.055381906229363856,0.17695575610829847,-0.12565045124367158,-0.17836011446180938,0.1838234646709223,0.17024653312788907,0.10731234866828088,0.16997138454765573,-0.24220559101915035,-0.17578472375082543,0.08683909311027956,0.10021351529826106,-0.0909949372661237,-0.18081884217477437,-0.26153422848338104,-0.15446401056570547,-0.14925159586176534,-0.04418225841954655,0.22070878274268105,0.04199207572088928,-0.12009685230024213,-0.010323574730354392,-0.19099273607748185,-0.38128329297820823,-0.17696456086286594,-0.4363350209112921,0.00715166189742461,-0.22705480959718247,0.008699097512656835,0.1661897424609289,-0.22331058771736736,-0.22177415804534448,0.3960928901606868,0.4189368258859784,0.37638564825005505,0.3281201848998459,0.1404226282192384,-0.12950253136693815,0.10354171252476337,-0.06325775918996258,-0.10934404578472375,-0.1587475236627779,0.3972617213295179,0.06952894563064055,-0.04740699977988114,-0.003233546114902047,-0.2125841954655514,-0.21586616773057452,-0.18997138454765575,-0.338531807175875,-0.38372220999339646,0.040118864186660795,0.03399075500770416,-0.03437376183138895,-0.27328417345366496,-0.30530926700418226,-0.3425137574290117,-0.32644287915474357,-0.2835945410521682,0.09781421967862645,0.12755227823024434,0.000336781862205591,-0.15459608188421747,-0.23584195465551397,-0.1351419766674004,-0.23391371340523884,0.06509355051727933,-0.26075500770416027,-0.17937486242570988,-0.21403257759189961,-0.22860004402377285,-0.311435174994497,-0.058622055910191505,-0.21845916795069337,-0.1763944530046225
#102,0.08637244111820383,0.16651551837992515,0.04545234426590359,0.15551397754787585,-0.2636605767114242,-0.04904248294078802,0.15578032137354172,-0.05222540171692714,-0.050510675764913054,0.16220779220779222,0.03215276249174554,-0.21949372661237068,-0.20547435615232226,-0.13594100814439797,0.6007462029495928,1.0,0.04667180277349769,0.15028615452344266,0.61,0.3550231124807396,0.147012987012987,0.5089368258859784,0.19293198327096633,0.06890380805635044,0.059011666299801896,0.031569447501650895,-0.012678846577151662,0.01028615452344266,-0.1361831388950033,0.0027536869909751266,-0.2266718027734977,0.15534448602245213,-0.1713713405238829,-0.18266123706801674,0.01742460928901607,-0.007492846136913933,-0.039238388729914156,0.33370900286154526,0.05381465991635483,0.12713845476557342,-0.05085626238168611,0.20971164428791547,-0.1817675544794189,0.09726832489544354,-0.255313669381466,-0.21315650451243673,0.19036539731454985,0.18201408760730795,-0.19523002421307506,-0.2807506053268765,-0.38330178296279993,-0.33667620515078145,-0.23337442218798152,-0.09452784503631961,0.056513317191283295,0.2537310147479639,-0.19255998239049085,0.0033303984151441778,-0.18451023552718468,-0.31225181598062957,-0.06756328417345367,-0.3004490424829408,-0.19755007704160246,-0.20454985692273828,0.26822143957737177,0.2940457847237508,-0.29115562403698,-0.20179396874312128,0.33823684789786485,0.4419040281752146,0.43358353510895886,0.37805855161787366,0.27983931322914374,0.047919876733436055,0.13560862865947612,0.0562755888179617,0.06585516178736518,0.014184459608188421,-0.061173233546114904,0.23030156284393571,-0.17338322694254898,-0.2076535329077702,0.07682808716707022,-0.1233612150561303,-0.1630574510235527,-0.13218578032137354,-0.2752344265903588,-0.17215936605767115,-0.17341844596081885,-0.3497798811358133,-0.252953995157385,-0.3174950473255558,-0.3520162887959498,-0.26621835791327314,-0.28634162447721767,-0.06561963460268545,0.35844155844155845,-0.11507814219678626,-0.07958177415804535,-0.41589698437156064,-0.36140435835351087,-0.36967422408100375,0.0032093330398415146,-0.3129605987233106,-0.06275368699097512,-0.14559762271626678,-0.3446136913933524,-0.13326216156724632,-0.12707241910631742,-0.06825885978428352,-0.1466960158485582
#201,0.7324961479198767,0.2949570768214836,0.7129121725731895,0.7687475236627779,0.36307726172132954,0.18200528285274048,0.20909531146819282,0.5640215716486903,0.11908870790226722,0.7070702179176755,0.38840193704600484,0.2751419766674004,0.09116442879154743,-0.029960378604446402,0.1274158045344486,0.04667180277349769,1.0,0.4289566365837552,0.04804974686330619,0.02860664758969844,0.19017389390270747,-0.011281091789566365,0.3862887959498129,-0.12346246973365617,0.3567092229804094,0.09489764472815321,-0.11178736517719569,-0.07203609949372661,0.1830046224961479,0.02841734536649791,0.0026656394453004623,-0.03132071318511997,0.28407660136473695,0.4389852520360995,0.2445278450363196,0.20498789346246973,0.40932423508694693,0.32672903367818623,0.18397754787585296,0.3008474576271186,0.29773497688751926,0.1641998679286815,0.02229804094210874,-0.10367598503191723,0.05110279550957517,0.10866167730574511,-0.21556020250935506,-0.010895883777239709,-0.05768875192604006,-0.06777459828307286,-0.011672903367818623,0.13954875632841734,0.03628439357252917,0.09712304644508034,0.13130090248734316,0.15921417565485363,-0.2800726392251816,-0.22032797710763813,-0.017875852960598723,-0.12539951573849878,-0.1402113141096192,0.15451243671582654,-0.030044023772837332,-0.1719040281752146,-0.06771296500110059,0.21976447281532027,-0.2854523442659036,-0.24444419986792867,0.22968082764692935,0.25206471494607086,0.07195465551397755,0.2545278450363196,0.04152542372881356,0.3520427030596522,-0.15003081664098614,0.0661435174994497,-0.025993836671802772,-0.13264142637023993,0.308036539731455,0.1697424609289016,0.11577151661897425,0.1835923398635263,-0.3351771956856703,-0.17398635263042042,0.22383887299141536,-0.1950957517059212,0.08506493506493507,0.2960312568787145,0.26947391591459385,0.26220559101915036,0.008045344486022453,-0.28925819942769093,-0.10432753686990975,-0.08158485582214396,-0.2512656834690733,0.44632621615672463,0.3304028175214616,0.3675676865507374,0.2983645168390931,0.1465199207572089,0.3335945410521682,0.49230024213075063,0.2988399735857363,0.13272947391591458,0.4281884217477438,0.09028175214615893,0.17085846357032797,-0.07081664098613251,-0.18403697996918336,-0.053693594541052166,-0.11649790887079023
