,#10,#11,#12,#13,#17,#18,#26,#49,#50,#51,#52,#53,#54,#58,#101,#102,#201,#202,#301,#302,#401,#402,#501,#502,#601,#602,#701,#702,#801,#802,#901,#902,#1001,#1002,#1101,#1102,#1201,#1202,#1301,#1302,#1401,#1402,#1501,#1502,#1601,#1602,#1701,#1702,#1801,#1802,#1901,#1902,#2001,#2002,#2101,#2102,#2201,#2202,#2301,#2302,#2401,#2402,#2501,#2502,#2601,#2602,#2701,#2702,#2801,#2802,#2901,#2902,#3001,#3002,#3101,#3102,#3201,#3202,#3301,#3302,#3401,#3402,#3455,#3501,#3502,#3601,#3602,#3701,#3702,#3801,#3802,#3901,#3902,#4001,#4002,#4101,#4102,#4201,#4202,#4301,#4302,#4401,#4402,#4501,#4502,#4601,#4602,#4701,#4702,#4801,#4802
#10,1.0,0.42239929561963463,0.44469513537310146,0.37620515078142197,-0.061873211534228485,0.0413911512216597,0.04418225841954655,0.4259322033898305,-0.034954875632841734,0.524305524983491,0.16140215716486903,-0.1035197006383447,-0.0660510675764913,0.06012326656394453,-0.4545696676205151,-0.22805635042923178,0.2663350209112921,-0.10678846577151661,-0.035172793308386525,0.20172573189522341,0.005108958837772397,0.10816861104996699,0.15129650011005943,0.03580013207131851,0.2289720449042483,0.37469073299581773,0.33706141316310806,0.35709663218137794,-0.1479308826766454,0.2075874972485142,-0.1389324235086947,-0.13796610169491524,-0.0635461149020471,0.23186660796830288,0.19935945410521683,-0.10811798371120405,-0.18321153422848338,-0.0650561303103676,-0.07456086286594761,-0.018798151001540832,0.060231124807395994,0.1497952894563064,-0.03294519040281752,-0.005874972485141977,0.1262029495927801,-0.13103896103896104,0.03035879374862426,0.2574312128549417,0.01070658155403918,0.10663658375522782,0.3199933964340744,0.0966519920757209,0.08125687871450583,-0.16014968082764694,-0.21247413603345808,-0.1607395993836672,-0.06808276469293419,-0.04989214175654853,0.050378604446401055,-0.044565265243231345,-0.06578032137354171,0.17720449042482941,-0.0850363196125908,-0.05560422628219239,0.2606515518379925,0.08071538630860665,-0.25695135373101474,-0.15725731895223422,-0.061248073959938365,0.06178076161127009,-0.11811578252256219,0.0063856482500550295,-0.43727712965001103,-0.054318732115342286,-0.18157164869029277,-0.043409641206251376,-0.3089390270746203,-0.3045586616773057,-0.04568787145058331,0.07555139775478759,-0.2653753026634383,0.017704160246533127,-0.19449482720669162,-0.07570327977107638,-0.04924499229583976,-0.0174488223640766,-0.1862293638564825,0.19180057230904687,0.11914153642967203,-0.1920096852300242,0.05038740920096852,0.003909311027955096,0.13576491305304864,-0.16047765793528507,-0.007470834250495268,0.2299933964340744,0.24053709002861545,0.09304864626898525,0.02934404578472375,0.12822364076601364,0.36277790006603566,0.12263922518159806,0.1575214615892582,-0.0691107197886859,-0.12563944530046225,-0.10163548316090688,0.12271846797270526,-0.0262095531587057,-0.07961259079903148,-0.02304204270305965,-0.021754347347567687
#11,0.42239929561963463,1.0,0.2487012987012987,0.23904688531807175,-0.19773717807616112,-0.21447721769755668,0.1359586176535329,0.3894320933303984,0.293482280431433,0.546865507373982,0.1512392692053709,-0.21644508034338542,-0.067211093990755,0.11473035439137134,-0.03585296059872331,-0.02538630860664759,0.2553929121725732,-0.09324014968082765,0.06445520581113802,0.2711820383006824,0.10184239489324234,0.2266189742460929,0.18930882676645389,0.0679969183359014,0.25430992736077485,0.2839951573849879,0.03863306185340084,0.12048646268985252,-0.11786924939467312,0.4224455205811138,-0.12105877173673783,-0.050757208892802115,-0.06686330618534009,0.1681994276909531,0.14500110059432092,0.14565265243231346,-0.13790226722430113,-0.1412722870349989,-0.08840854061193044,-0.02909751265683469,0.012126348228043144,0.30500550297160467,-0.030537090028615453,-0.04918556020250935,-0.019885538190622935,-0.1787673343605547,-0.09705260840854062,-0.09408540611930442,-0.16470394012766895,-0.04257539071098393,-0.05422408100374202,0.1014505833149901,0.020387409200968522,0.08259960378604446,-0.0766585956416465,0.08046445080343385,0.013473475676865507,0.26254897644728153,-0.07082324455205811,-0.04808276469293418,-0.17896984371560642,0.0753731014747964,0.09409861325115562,0.02192163768434955,0.06313889500330179,0.02035659255998239,-0.09664098613251156,0.045558001320713186,0.12029055690072639,0.15372220999339645,0.023753026634382567,0.21531366938146598,-0.28604226282192385,-0.25992295839753465,-0.0030288355712084526,-0.08116222760290556,-0.11567026194144839,-0.09330618534008364,-0.0076821483601144614,0.10905348888399737,-0.08795289456306406,-0.07082764692934185,-0.0874620294959278,-0.03942108738718908,-0.03199427690953115,-0.2857605106757649,-0.22843055249834912,0.2199405679066696,0.05993616552938587,-0.10779220779220779,0.13985252036099494,-0.09434074400176096,0.07950253136693815,-0.29918556020250936,-0.01782082324455206,0.11325115562403698,0.4834624697336562,0.011747743781642088,0.037296940347787806,0.02716927140655954,0.10940127668941228,-0.08236847897864848,-0.009339643407440017,-0.03240149680827647,-0.0820559101915034,-0.07613911512216597,0.09272507153863085,0.05384107418005723,-0.11938586836891922,-0.29445960818842176,-0.18107638124587278
#12,0.44469513537310146,0.2487012987012987,1.0,0.5818203830068237,0.3536671802773498,0.47297600704380366,-0.10043143297380586,0.13059432093330398,-0.12098393132291438,0.29844596081884217,0.10113581333920317,0.21334580673563724,0.30002421307506055,-0.20912612810917897,-0.4938564825005503,-0.5181862205591019,0.8023750825445741,0.560545894783183,-0.48832929782082324,-0.29281972265023115,-0.4475654853620955,-0.33507153863086064,0.31546775258639664,-0.09204930662557781,0.3858661677305745,-0.0007065815540391811,0.25879815100154085,0.17948712304644507,0.19482060312568786,0.20769755668060752,0.3980629539951574,0.07308826766453885,0.5589412282632622,0.07987012987012987,0.14367598503191722,0.06883777239709443,-0.043651771956856704,0.10659476117103235,0.10362755888179617,0.2324521241470394,-0.038888399735857365,-0.028476777459828306,-0.11769755668060752,0.13319832709663218,0.07969403477878054,-0.025091349328637463,0.06883116883116883,0.0787409200968523,-0.12115562403697996,-0.2982918776139115,0.12447721769755668,-0.10968743121285494,-0.001234866828087167,-0.19685890380805635,-0.4527977107638125,-0.15824785384107418,-0.32749284613691393,-0.5235615232225401,0.09958617653532907,-0.27925599823904906,-0.2054589478318292,0.299438696896324,-0.1469403477878054,-0.004855822143957737,0.08289456306405459,-0.14207131851199647,0.15724191063174114,-0.4936253576931543,0.1884437596302003,-0.08510895883777239,0.2452872551177636,0.24450803433854282,-0.56326656394453,-0.06942769095311468,-0.3474003962139555,-0.16957296940347788,-0.5009443099273607,-0.3946841294298921,0.26082324455205813,0.0851749944970284,0.22742020691173234,-0.16423508694695135,0.13988333700198108,0.37097292537970505,0.26108518600044023,0.3509795289456306,0.2592361875412723,0.21112260620735196,0.08681047765793529,-0.013579132731675105,0.1121483601144618,0.11818401937046005,0.17959498128989654,-0.006425269645608629,0.07473475676865507,0.48791547435615235,0.20654413383226944,0.7264891041162228,0.5089236187541273,0.5848734316530927,0.5226304204270306,0.5865331278890601,0.20330618534008366,0.636865507373982,0.6024697336561743,0.5845102355271847,0.5271076381245873,-0.10425930002201189,-0.006546335020911292,-0.21806295399515738,-0.12463130090248735
#13,0.37620515078142197,0.23904688531807175,0.5818203830068237,1.0,0.08194585075941008,0.24387409200968524,-0.14999559762271628,0.21543473475676866,-0.03392692053709003,0.4323398635263042,0.19047985912392693,-0.09403697996918337,0.05859123926920537,-0.12909531146819284,-0.3139049086506714,-0.40284393572529165,0.45438696896324016,0.1024719348448162,-0.22990314769975786,-0.16082544574069998,-0.15689412282632623,-0.1253598943429452,0.18173673783843275,-0.14615892581994278,0.3727999119524543,0.03770416024653313,0.35332379484921855,0.26022672243011225,-0.006753246753246753,0.20213515298261062,0.0661435174994497,-0.010059432093330399,0.28297600704380366,0.19488883997358575,0.056427470834250495,-0.12913273167510456,-0.08506053268765133,-0.0763350209112921,0.20244331939247193,0.1676469293418446,-0.23511336121505613,0.08273167510455647,-0.102128549416685,-0.056484701738939026,0.11064714946070878,-0.15567906669601586,0.032667840633942326,0.17436495707682148,0.12992956196346025,-0.061087387189082104,0.26042042703059654,0.05606647589698437,0.14447721769755667,-0.05449702839533348,-0.089801893022232,-0.1124389170151882,-0.0034030376403257757,-0.16744662117543474,-0.05123046445080343,-0.09566806075280651,-0.25252256218357916,0.2994012766894123,-0.13527624917455425,-0.07446401056570548,0.11452124147039401,-0.009568567026194144,-0.05469073299581774,-0.4786088487783403,0.10394232885758309,-0.061970063834470616,0.13966762051507814,0.28132291437376183,-0.3788333700198107,-0.09661677305745102,-0.1693352410301563,-0.022372881355932205,-0.24158485582214395,-0.1308958837772397,0.09887739379264802,-0.1865067136253577,0.033482280431432976,-0.142656834690733,0.008842174774378164,0.09306185340083645,0.05952674444199868,0.08153202729473916,0.01697556680607528,0.11815980629539952,0.11682588597842836,-0.10911512216596962,0.00412062513757429,0.15238828967642526,0.14046224961479198,-0.20562843935725292,0.07769535549196566,0.40631300902487344,0.25647589698437157,0.3661831388950033,0.12812678846577152,0.27950693374422186,0.4572198987453225,0.24475236627779,0.03245432533568127,0.3562029495927801,0.24673563724411182,0.25331939247193486,0.267772397094431,-0.14065815540391813,0.0026436275588817963,-0.2377195685670262,-0.12543033237948492
#17,-0.061873211534228485,-0.19773717807616112,0.3536671802773498,0.08194585075941008,1.0,0.7493990755007705,-0.14258859784283512,-0.0764604886638785,-0.13416244772176975,-0.21791327316751047,0.01663218137794409,0.7456878714505834,0.7203103675985032,-0.24284393572529167,-0.21344265903587936,-0.37300682368478977,0.43123486682808715,0.4614902047105437,-0.4399141536429672,-0.22302223200528284,-0.4430706581554039,-0.5423728813559322,0.05399735857362976,-0.0587805414924059,-0.035608628659476116,-0.3655051727933084,-0.25827646929341846,-0.1394849218578032,0.483860884877834,-0.08710983931322915,0.6748228043143297,0.3842791107197887,0.6617433414043583,0.03682368478978648,0.002423508694695135,0.0875874972485142,0.11468412942989215,0.16258639665419328,-0.0687871450583315,-0.15008804754567467,0.28280431432973807,-0.05191943649570768,0.1891371340523883,0.03881135813339203,0.3078428351309707,-0.05202949592780101,0.015276249174554259,-0.00810477657935285,-0.3073541712524763,-0.3677922077922078,-0.14920537090028616,-0.3711182038300682,-0.23660136473695795,-0.32608848778340305,-0.4111688311688312,-0.15802553378824566,-0.22821263482280432,-0.37083645168390933,0.0058881796169931765,-0.23780761611270085,-0.06181818181818182,0.05860884877834031,0.22263482280431432,0.3747677745982831,-0.2371010345586617,-0.12528945630640545,0.565626238168611,-0.1851353731014748,0.22489544353951132,-0.02889060092449923,0.10871890821043363,0.04085846357032798,-0.1836517719568567,-0.04416464891041162,-0.2176139115122166,-0.325511776359234,-0.2286220559101915,-0.23534888839973586,0.2235791327316751,0.11069117323354612,0.5194651111600264,0.16806515518379925,0.5468170812238609,0.7036781862205591,0.4934602685450143,0.3017279330838653,0.4604490424829408,0.21144397974906448,0.009665419326436275,0.38184679727052606,0.2123860884877834,0.4775632841734537,0.24295839753466872,0.003462469733656174,0.3713603345806736,0.29467752586396656,-0.17738498789346246,0.40952234206471494,0.13187101034558663,0.4652212194585076,0.04817521461589258,0.4954919656614572,-0.1727162667840634,0.3838895003301783,0.444686330618534,0.3975324675324675,0.10398855381906229,-0.03872551177635923,-0.07333700198106978,-0.20656174334140437,0.10988994056790667
#18,0.0413911512216597,-0.21447721769755668,0.47297600704380366,0.24387409200968524,0.7493990755007705,1.0,-0.11686770856262382,-0.17555359894342945,-0.18419766674003962,-0.1780013207131851,-0.012843935725291657,0.6953973145498569,0.6995971824785384,-0.0997292537970504,-0.18118203830068236,-0.4578824565265243,0.5076997578692494,0.5260664758969844,-0.541104996698217,-0.3819392471934845,-0.44955315870570106,-0.634703940127669,0.15001540832049307,-0.10558441558441559,0.028965441338322694,-0.3951111600264143,-0.22354171252476338,-0.17080783623156504,0.4514087607307946,-0.012714065595421528,0.6798106977767995,0.32873871890821044,0.703383226942549,0.07664758969843716,0.08116442879154744,0.0801518820162888,0.09911512216596963,0.15827646929341846,0.08703940127668941,-0.05968082764692934,0.28842835130970723,-0.10830288355712085,0.029042482940788025,-0.010268545014307726,0.20752366277790008,0.010688972044904248,0.07715606427470834,-0.007977107638124587,-0.2660774818401937,-0.3733083865287255,-0.10179837112040502,-0.3933942328857583,-0.3018203830068237,-0.4324499229583975,-0.4388399735857363,-0.18767554479418885,-0.28227602905569005,-0.544686330618534,0.09074840413823465,-0.2527580893682589,-0.1619722650231125,0.09457627118644067,0.22410301562843934,0.3369733656174334,-0.26782302443319395,-0.1512524763372221,0.5642835130970724,-0.39270966321813777,0.3014175654853621,-0.06665859564164649,0.21244111820383008,0.11364957076821483,-0.24308606647589698,-0.022643627558881795,-0.16425269645608628,-0.20657495047325555,-0.2680343385428131,-0.27450143077261724,0.2896896324014968,-0.07226062073519701,0.5318291877613911,0.2791811578252256,0.5163592339863526,0.6567180277349769,0.6109905348888399,0.4074224081003742,0.48101034558661676,0.13342945190402816,0.015637244111820384,0.3898591239269205,0.07918335901386749,0.388811358133392,0.1741074180057231,0.07020250935505173,0.24300242130750604,0.38262381686110497,-0.2701056570548096,0.48177856042262823,0.07258859784283513,0.44921857803213733,0.11908210433634163,0.5402531366938147,-0.06472815320272947,0.5217103235747304,0.5481554039181158,0.4516134712744882,0.19347567686550737,-0.13534448602245214,0.09525203609949373,-0.11822804314329738,0.07312788906009245
#26,0.04418225841954655,0.1359586176535329,-0.10043143297380586,-0.14999559762271628,-0.14258859784283512,-0.11686770856262382,1.0,0.23886418666079684,0.4162359674224081,0.2594519040281752,0.22400176095091348,-0.09271186440677966,0.07924499229583976,0.3551948051948052,0.2223530706581554,0.30663218137794407,-0.009713845476557341,-0.13650671362535768,0.16025313669381466,0.09208452564384768,0.031023552718467972,-0.05655293858683689,-0.1237178076161127,-0.17231785163988553,-0.07451683909311028,-0.1857891261281092,-0.3120713185119965,-0.24520581113801454,0.039922958397534666,0.11545014307726172,-0.02335461149020471,-0.3149526744441999,-0.164983491085186,-0.007479639005062734,-0.001038961038961039,0.0023552718467972707,0.05312348668280872,0.0423662777900066,-0.337079022672243,-0.23630420427030596,0.050534888839973584,-0.10617433414043584,-0.003277569887739379,-0.1237442218798151,0.06537750385208012,0.05958617653532908,-0.3639797490644948,-0.21075500770416025,-0.26884877834030374,-0.04697996918335901,-0.03712744882236408,0.04532247413603346,-0.05636583755227823,-0.1502245212414704,0.0009222980409421088,0.09592780101254678,0.04832929782082324,0.16765133171912833,-0.2886088487783403,0.0763812458727713,-0.03975346687211094,0.0537772397094431,0.3214175654853621,0.24398635263042043,-0.18490865067136253,-0.05805194805194805,0.0811930442438917,0.4567114241690513,0.3611027955095752,0.26350209112920975,0.1892890160686771,0.009064494827206691,0.2907329958177416,0.19604886638784944,0.2975918996257979,0.19801893022232006,0.1563020030816641,0.01197226502311248,-0.0646268985252036,-0.00023992956196346028,-0.018036539731454984,0.06423068456966761,0.1462755888179617,0.01702179176755448,-0.05676425269645609,-0.2042196786264583,-0.07776799471714727,-0.08945850759410082,-0.07359674224081003,-0.0709222980409421,0.11600264142637023,0.0487937486242571,0.13848117983711203,-0.20816640986132512,-0.07912832929782082,-0.2575478758529606,0.14804094210873872,-0.21173233546114903,-0.3626832489544354,-0.16749944970283953,-0.129405679066696,-0.2446731234866828,-0.21368258859784284,-0.17441998679286816,-0.13947831829187762,-0.15914813999559763,-0.18459167950693375,0.21319832709663217,0.021989874532247412,-0.07524983491085185,-0.0007946290997138455
#49,0.4259322033898305,0.3894320933303984,0.13059432093330398,0.21543473475676866,-0.0764604886638785,-0.17555359894342945,0.23886418666079684,1.0,0.4116420867268325,0.4754347347567687,0.3065067136253577,-0.24413163108078362,-0.13995157384987894,0.30178296279991196,-0.014318732115342285,-0.01682588597842835,0.08627999119524543,-0.28321813779440896,0.23082104336341625,0.30273167510455645,0.17838432753686992,0.12289016068677086,-0.0903565925599824,0.010871670702179178,0.03275148580233326,0.18930442438917014,0.18929782082324456,0.28086726832489545,-0.16726832489544355,0.02947391591459388,-0.28339863526304204,-0.006691613471274488,-0.2713801452784504,0.3260246533127889,0.03261501210653753,0.008173013427250716,-0.09217477437816421,-0.08919216376843496,-0.24061853400836453,-0.25549416685009907,-0.0972705260840854,0.031822584195465554,0.137244111820383,0.04300682368478979,-0.06334360554699538,-0.08832049306625578,-0.05540832049306626,0.32673783843275367,0.04928681488003522,0.13993836671802773,0.11090468853180717,0.16244331939247195,0.06692053709002861,-0.10111820383006824,-0.11646929341844596,-0.11060532687651332,-0.01197886858903808,0.1661897424609289,-0.21451463790446842,-0.014549856922738278,-0.05101474796390051,0.02689192163768435,0.09532247413603345,0.0009751265683469073,0.15585075941008145,-0.07272287034998899,-0.21054149240589917,0.16584415584415585,0.02258859784283513,0.2012260620735197,0.10291217257318952,0.1631234866828087,-0.02308826766453885,0.03214615892581994,-0.08987673343605547,-0.08030596522121945,-0.1861104996698217,-0.19482940788025535,-0.09609289016068677,0.1781862205591019,-0.28033678186220556,-0.021714725952014086,-0.14467752586396654,-0.2415958617653533,-0.32526964560862864,-0.3797314549856923,-0.24815100154083206,0.14365617433414044,-0.07229143737618314,-0.17029275808936825,0.12661457186880914,-0.015663658375522783,0.06432973805855162,-0.3083843275368699,0.13537530266343825,-0.08414924058991856,0.2866035659255998,-0.19898525203609949,-0.26054369359454105,-0.16348888399735859,0.1512722870349989,-0.18786044464010565,0.1452410301562844,-0.3270151882016289,-0.3631322914373762,-0.4027734976887519,-0.0424653312788906,-0.06695135373101475,-0.08162447721769756,-0.09386088487783403,-0.09730134272507154
#50,-0.034954875632841734,0.293482280431433,-0.12098393132291438,-0.03392692053709003,-0.13416244772176975,-0.18419766674003962,0.4162359674224081,0.4116420867268325,1.0,0.17196786264582875,0.14828747523662777,-0.16498789346246973,-0.11704600484261501,0.3686440677966102,0.2691723530706582,0.32880475456746644,-0.17816200748404137,-0.1960708782742681,0.3406713625357693,0.31218578032137356,0.08157825225621836,0.15942989214175654,-0.11396874312128549,-0.07299581774158045,-0.10220559101915035,0.023805855161787366,-0.19213735417125247,-0.06570327977107639,0.0060598723310587715,0.09135373101474796,-0.1443451463790447,0.013418445960818842,-0.2097094430992736,-0.02399735857362976,-0.09751045564604886,0.19287034998899405,0.14046445080343387,0.04132291437376183,-0.22364736957957296,-0.2915870570107858,-0.1655051727933084,0.09037200088047545,0.2058859784283513,-0.19389390270746204,-0.15505172793308386,-0.14926040061633283,-0.23297600704380364,-0.15907329958177416,-0.04066916134712745,-0.009777679947171472,-0.06851639885538191,0.014961479198767334,-0.1655249834910852,0.1020823244552058,-0.1799273607748184,0.10108958837772397,-0.1399603786044464,0.19668941228263262,-0.24208672683248955,-0.04829627999119525,-0.047737178076161124,-0.10723750825445741,0.24099933964340745,0.1527294739159146,0.03128989654413383,0.08709443099273607,-0.004809597182478538,0.3818864186660797,0.21372661237068016,0.3141140215716487,0.1955051727933084,0.22200088047545674,0.22818622055910193,0.06682588597842835,0.03822584195465551,0.09848117983711203,0.08902487343165309,0.04739159145938807,-0.11852960598723311,0.36704380365397316,-0.15612150561303104,0.07266784063394233,0.13298040942108738,-0.08257318952234206,-0.3035659255998239,-0.4143099273607748,-0.19026634382566585,-0.2621329517939687,0.0996566145718688,-0.14030596522121946,-0.011800572309046886,-0.040301562843935726,-0.2613471274488224,-0.2328989654413383,-0.017906669601584855,-0.16876293198327097,0.2387871450583315,-0.3012084525643848,-0.29784063394232885,-0.1159388069557561,-0.12408540611930442,-0.3258265463350209,-0.06405018710103456,-0.28796610169491527,-0.32064935064935063,-0.29232225401716927,-0.2254105216817081,-0.009720449042482942,0.062524763372221,-0.2001782962799912,-0.1110345586616773
#51,0.524305524983491,0.546865507373982,0.29844596081884217,0.4323398635263042,-0.21791327316751047,-0.1780013207131851,0.2594519040281752,0.4754347347567687,0.17196786264582875,1.0,0.30060972925379703,-0.30011005943209335,-0.12013427250715386,0.23713625357693155,-0.06756988773937926,0.0461369139335241,0.21115562403697996,-0.16833370019810698,0.14749064494827208,0.2123068456966762,0.06095311468192824,0.06965881576051068,-0.017673343605546996,-0.20772397094430992,0.23226062073519702,0.18720008804754568,0.1871186440677966,0.0974884437596302,-0.23514417785604227,0.4332379484921858,-0.235181598062954,-0.09114902047105437,-0.10199427690953115,0.1667972705260841,0.10768434954875633,-0.10942108738718909,-0.12628659476117104,-0.07392692053709003,-0.06200528285274048,-0.05293638564825005,0.02426370239929562,0.1074818401937046,0.1325709883337002,-0.04206471494607088,-0.03998899405679067,-0.1963944530046225,0.0033215936605767112,0.17386748844375963,-0.09320272947391592,-0.052694254897644725,0.11471494607087827,-0.00032797710763812456,0.1183645168390931,0.0474224081003742,-0.09130750605326876,0.2506383447061413,-0.07177635923398636,0.16310587717367378,-0.021358133392031697,0.047880255337882455,-0.1123992956196346,0.14140655954215275,0.06879154743561523,-0.009656614571868808,0.22034778780541492,0.024481620074840414,-0.20466431873211535,-0.08028615452344266,0.1495113361215056,0.17572749284613692,0.07314109619194364,0.3013779440898085,-0.3221417565485362,-0.18292758089368258,-0.052837332159366056,-0.009112920977327757,-0.133053048646269,-0.03985252036099494,-0.10400616332819723,-0.06332159366057671,-0.22681047765793527,-0.21279110719788685,-0.1585956416464891,-0.15686330618534008,-0.1302113141096192,-0.17409200968523003,-0.1816420867268325,0.11108958837772397,0.023858683689192164,-0.23358793748624257,-0.07195465551397755,0.07570988333700199,0.09132071318511996,-0.11671142416905128,-0.006357032797710764,0.018054149240589918,0.389456306405459,0.10773717807616112,-0.1035989434294519,0.0032489544353951133,0.17141536429672022,-0.0850891481399956,-0.13434294519040282,0.00487343165309267,-0.06847017389390271,0.0006581554039181158,0.07882456526524323,0.1289786484701739,0.06198987453224741,-0.1785428131190843,-0.007589698437156065
#52,0.16140215716486903,0.1512392692053709,0.10113581333920317,0.19047985912392693,0.01663218137794409,-0.012843935725291657,0.22400176095091348,0.3065067136253577,0.14828747523662777,0.30060972925379703,1.0,0.0023552718467972707,0.061840193704600484,0.19250275148580234,-0.12078142196786265,-0.14838652872551178,0.09328637464230685,-0.08460928901606868,-0.0013911512216596962,-0.01737838432753687,-0.18936165529385868,-0.0487409200968523,0.018844375963020032,-0.11657715166189743,-0.052606207351970066,-0.09546555139775478,-0.08689192163768435,0.010561303103675986,-0.00452344265903588,0.06011666299801893,-0.02345366497908871,0.08665199207572089,0.09613911512216597,0.23811798371120405,0.008879594981289896,-0.16685009905348888,-0.03625357693154303,0.04104556460488664,0.1552014087607308,-0.0019084305524983492,-0.13318071758749725,0.11889940567906669,0.018362315650451242,-0.018685890380805634,-0.07085186000440238,-0.10424169051287695,0.022126348228043144,0.07700198106977768,0.16442438917015187,-0.04996918335901387,0.24593440457847238,0.11328637464230684,0.21515078142196786,-0.14016288795949813,-0.06545234426590359,-0.049132731675104555,-0.007948492185780321,0.08138014527845036,0.012427911071978869,0.0007153863086066475,0.05680387409200968,0.012619414483821263,0.12009024873431653,0.1412656834690733,-0.11696235967422408,-0.0015232225401716926,0.08897204490424829,0.16449922958397534,0.03534888839973586,0.028593440457847237,0.05323574730354391,-0.03956416464891041,-0.09541052168170812,0.11785163988553819,0.13103675985031918,0.13585296059872332,0.05829187761391151,0.1734470614131631,0.20156504512436715,-0.039359454105216816,-0.12621175434734758,0.03408760730794629,0.12165749504732555,0.03363636363636364,0.0635461149020471,0.12602905569007264,0.04539291217257319,-0.0034030376403257757,0.2504886638784944,-0.0724521241470394,0.10290336781862205,0.09591019150341185,0.34424829407880253,-0.12475016508914814,0.054508034338542816,0.12312568787145059,0.2121417565485362,-0.07397094430992736,-0.1957142857142857,-0.08929782082324456,0.25587497248514196,-0.009405679066696015,0.004842615012106538,0.015718688091569448,-0.13838872991415363,-0.1356570548095972,0.07878274268104776,0.20368258859784283,0.017616112700858465,-0.02137574290116663,-0.10315870570107859
#53,-0.1035197006383447,-0.21644508034338542,0.21334580673563724,-0.09403697996918337,0.7456878714505834,0.6953973145498569,-0.09271186440677966,-0.24413163108078362,-0.16498789346246973,-0.30011005943209335,0.0023552718467972707,1.0,0.8127030596522122,-0.2690446841294299,-0.12349108518600044,-0.3730464450803434,0.31542813119084306,0.6112480739599384,-0.324191063174114,-0.1984635703279771,-0.3056482500550297,-0.5387893462469734,0.2214307726172133,-0.001694915254237288,-0.04674884437596302,-0.37287034998899404,-0.31283733215936604,-0.20229804094210874,0.6795179396874312,-0.19582654633502092,0.8430618534008365,0.4112018489984592,0.6310433634162448,-0.12389610389610389,-0.11079242791107198,0.1361369139335241,0.242920977327757,0.27757869249394673,-0.16768434954875633,-0.27661016949152545,0.46730794629099714,0.02615232225401717,0.19402597402597402,-0.014184459608188421,0.25655734096412064,-0.050724191063174114,-0.006035659255998239,-0.1508430552498349,-0.3140986132511556,-0.2644419986792868,-0.2708320493066256,-0.4451353731014748,-0.3734602685450143,-0.41598943429451907,-0.41078802553378824,-0.09912392692053709,-0.3120713185119965,-0.37489324235086946,0.004012766894122826,-0.4037090028615452,-0.1451617873651772,-0.1677525863966542,0.2270856262381686,0.4051551837992516,-0.19641206251375742,-0.03764913053048646,0.6872749284613692,-0.12720228923618754,0.2152982610609729,-0.0824125027514858,0.030237728373321594,-0.04842835130970724,-0.23500770416024652,-0.14288355712084524,-0.27188861985472157,-0.4352520360994937,-0.23220338983050848,-0.21602025093550517,0.30719568567026195,0.11925599823904909,0.6611820383006823,0.3316134712744882,0.6054501430772617,0.8396654193264362,0.6392339863526304,0.3791767554479419,0.3566850099053489,0.17726612370680167,0.09061193044243891,0.5569403477878054,0.17900506273387629,0.5013251155624037,0.22454985692273827,0.0030684569667620517,0.27430112260620737,0.33774818401937046,-0.2853114681928241,0.29664758969843713,0.005907990314769976,0.28829407880255337,-0.09150121065375302,0.6065595421527625,-0.12644948272066917,0.32810477657935283,0.3285428131190843,0.25718908210433633,-0.14036979969183358,-0.1817081223860885,-0.01790446841294299,-0.134785384107418,0.01635263042042703
#54,-0.0660510675764913,-0.067211093990755,0.30002421307506055,0.05859123926920537,0.7203103675985032,0.6995971824785384,0.07924499229583976,-0.13995157384987894,-0.11704600484261501,-0.12013427250715386,0.061840193704600484,0.8127030596522122,1.0,-0.28666740039621397,-0.028428351309707243,-0.30323354611490205,0.4398723310587717,0.5818489984591679,-0.36953554919656617,-0.19434074400176096,-0.3061699317631521,-0.5089214175654854,0.3127250715386309,-0.0069447501650891485,0.030132071318511998,-0.35992956196346026,-0.3501848998459168,-0.25571868809156945,0.7240655954215276,-0.044329738058551615,0.8368787145058332,0.20135373101474796,0.6357869249394673,-0.06201848998459168,-0.14493506493506494,-0.024182258419546555,0.16190622936385649,0.1976667400396214,-0.22663218137794408,-0.30234206471494607,0.44264142637023995,-0.08572749284613691,0.16597842835130971,0.038677085626238165,0.3552674444199868,-0.007633722209993397,-0.08499229583975347,-0.12421747743781641,-0.35193924719348446,-0.3061171032357473,-0.273167510455646,-0.44697116442879153,-0.3086946951353731,-0.4482390490865067,-0.33198106977767994,-0.1443825665859564,-0.2189390270746203,-0.29235086946951355,-0.0628945630640546,-0.3249900946511116,-0.1951287695355492,-0.0823332599603786,0.29227602905569006,0.48697776799471715,-0.2872639225181598,-0.16867708562623818,0.6845234426590359,-0.18774158045344486,0.33221659696235967,0.03303103675985032,-0.012520360994937266,-0.035558001320713184,-0.23158265463350208,-0.1463218137794409,-0.18966762051507816,-0.28215936605767117,-0.2209355051727933,-0.23887959498128988,0.3678098173013427,-0.02601584855822144,0.7795795729694035,0.296121505613031,0.7730508474576271,0.8772088928021131,0.5880233325996038,0.2786374642306846,0.3492339863526304,0.19276689412282633,0.03707241910631741,0.4719172353070658,0.25083204930662556,0.5807373981950253,0.3196125907990315,-0.051802773497688755,0.2740677966101695,0.32083204930662557,-0.14227162667840634,0.2745696676205151,-0.07130750605326877,0.3821769755668061,-0.07335241030156284,0.4940655954215276,-0.2909707241910632,0.37633281972265026,0.4032027294739159,0.33710983931322913,-0.09847017389390271,-0.12077041602465331,-0.026700418225841956,-0.2677966101694915,-0.011787365177195686
#58,0.06012326656394453,0.11473035439137134,-0.20912612810917897,-0.12909531146819284,-0.24284393572529167,-0.0997292537970504,0.3551948051948052,0.30178296279991196,0.3686440677966102,0.23713625357693155,0.19250275148580234,-0.2690446841294299,-0.28666740039621397,1.0,0.29039841514417786,0.16479418886198546,-0.2177790006603566,-0.3488597842835131,0.2460906889720449,0.1744750165089148,0.11069117323354612,-0.017530266343825665,-0.24393352410301564,-0.19209112920977328,-0.1807836231565045,-0.09528065155183799,-0.31012106537530265,-0.23432973805855162,-0.4422892361875413,0.23287915474356152,-0.3961149020471054,-0.013590138674884438,-0.24337001981069778,0.2765947611710324,0.1832555580013207,0.13237508254457406,0.05106537530266344,0.10591459388069557,-0.0162425709883337,0.01883116883116883,0.08848338102575391,-0.10182258419546555,-0.12360774818401937,-0.0650759410081444,-0.35051287695355493,-0.21289236187541272,-0.2243913713405239,-0.11058991855602025,-0.21285053929121725,-0.22922958397534668,-0.10600264142637024,0.07433854281311908,-0.12919876733436056,-0.04897424609289016,0.0374620294959278,0.13470173893902707,-0.028839973585736298,0.23365617433414043,-0.023898305084745764,0.06163988553819062,0.2980101254677526,0.16542813119084304,0.327376183138895,0.06737838432753687,-0.15687211093990755,0.08265023112480739,-0.028223640766013646,0.18848117983711205,0.22554699537750386,0.3993858683689192,0.3139907550077042,0.14535329077701958,0.2381862205591019,0.2988201628879595,0.33246753246753247,0.227541272287035,0.2950099053488884,0.27591019150341184,-0.29438036539731455,-0.013691393352410302,-0.403959938366718,-0.13510455646048866,-0.21821483601144617,-0.40042042703059655,-0.15138674884437597,-0.11847457627118645,-0.0723464670922298,-0.197574290116663,-0.059425489764472816,-0.05389170151882016,-0.37983270966321814,-0.1426700418225842,-0.2653180717587497,0.014083204930662558,-0.09855161787365177,-0.3813449262601805,0.1648778340303764,-0.24315650451243673,-0.36289236187541274,-0.3516905128769536,-0.10033017829627999,-0.46563064054589476,-0.004186660796830288,-0.16830508474576272,-0.157178076161127,-0.2627206691613471,-0.015144177856042263,0.2602707462029496,0.1452212194585076,0.12926480299361656,0.17989874532247413
#101,-0.4545696676205151,-0.03585296059872331,-0.4938564825005503,-0.3139049086506714,-0.21344265903587936,-0.18118203830068236,0.2223530706581554,-0.014318732115342285,0.2691723530706582,-0.06756988773937926,-0.12078142196786265,-0.12349108518600044,-0.028428351309707243,0.29039841514417786,1.0,0.49896984371560643,-0.387772397094431,-0.24287034998899407,0.3973563724411182,0.17913493286374643,0.3753995157384988,0.06353731014747964,-0.02094871230464451,-0.006189742460928902,-0.16681047765793527,-0.11923178516398855,-0.24514417785604226,-0.4498965441338323,-0.010906889720449042,-0.06303984151441779,-0.14024653312788907,-0.10204270305965221,-0.3367048206031257,-0.20670922298040942,-0.11422408100374203,0.07085846357032798,-0.026654193264362757,-0.11791327316751045,-0.17301562843935725,-0.33038300682368477,0.10142637023992956,0.0018556020250935505,0.07572749284613692,-0.07674884437596302,-0.18715606427470835,0.01077261721329518,-0.12917455425930002,-0.17613911512216596,-0.19564825005502973,-0.0864010565705481,-0.33568126788465774,-0.0625643847677746,-0.0524719348448162,-0.01384767774598283,0.3492626018049747,0.01048646268985252,0.06653532907770196,0.1659652212194585,-0.20399075500770417,-0.1910213515298261,0.17871010345586616,-0.3863658375522782,0.3831322914373762,0.18205150781421967,-0.21777679947171472,-0.03920316971164429,0.09354831609068898,0.08746423068456967,0.363581333920317,0.38023992956196345,0.13821483601144618,0.10843495487563284,0.47410961919436495,-0.0873959938366718,0.2647831829187761,-0.06614791987673344,0.41493946731234865,0.05275148580233326,-0.047908870790226724,-0.01635263042042703,0.017792207792207793,0.05563724411182038,0.09823684789786484,-0.19539511336121507,-0.2452080123266564,-0.2856900726392252,-0.1401452784503632,-0.18058991855602025,-0.2959608188421748,0.040158485582214395,-0.2948139995597623,-0.20405458947831828,-0.30564604886638785,0.054842615012106535,-0.09360994937266123,-0.3788928021131411,-0.08011446180937706,-0.4407065815540392,-0.4594607087827427,-0.3061655293858684,-0.5789566365837552,-0.4199515738498789,-0.41430772617213296,-0.2981664098613251,-0.21913933524103016,-0.1910609729253797,-0.36716707021791767,0.1150033017829628,-0.07736517719568567,0.08273827867048206,-0.07056130310367599
#102,-0.22805635042923178,-0.02538630860664759,-0.5181862205591019,-0.40284393572529165,-0.37300682368478977,-0.4578824565265243,0.30663218137794407,-0.01682588597842835,0.32880475456746644,0.0461369139335241,-0.14838652872551178,-0.3730464450803434,-0.30323354611490205,0.16479418886198546,0.49896984371560643,1.0,-0.5383733215936606,-0.3062073519700638,0.5003852080123267,0.4578912612810918,0.2902179176755448,0.4675236627779001,-0.2821395553598943,-0.07321373541712525,-0.25157164869029275,0.03687651331719128,-0.22684789786484702,-0.2732709663218138,-0.18402597402597404,0.09501430772617213,-0.3559366057671142,-0.1998217037200088,-0.4552938586836892,-0.24688972044904248,-0.0774818401937046,-0.04098613251155624,0.1195113361215056,0.08081003742020691,-0.17900946511116003,-0.11163768434954875,-0.06071758749724852,-0.01674884437596302,0.03292978208232446,0.1247655734096412,-0.16443319392471936,-0.023383226942548976,-0.18218357913273167,-0.2804754567466432,-0.09221879815100154,-0.030380805635042925,-0.15577591899625798,0.06394453004622497,-0.026167730574510235,0.29247413603345807,0.18237508254457407,0.3129473915914594,-0.13990755007704161,0.21625357693154304,-0.130297160466652,0.22803433854281313,0.06066255778120185,-0.08894563064054589,0.1178252256218358,0.019482720669161346,0.018419546555139776,0.1097952894563064,-0.21863746423068456,0.3707241910631741,0.09289236187541272,0.36596302003081665,-0.08446621175434735,-0.05021571648690293,0.41811138014527843,-0.09686550737398195,0.22048206031256878,0.15950253136693815,0.326040061633282,0.12914593880695577,-0.2888509795289456,0.13436495707682147,-0.1875610829848118,0.0349966982170372,-0.1163812458727713,-0.3592493946731235,-0.46974025974025974,-0.359537750385208,-0.20334140435835352,-0.157607307946291,-0.1945806735637244,-0.2751067576491305,-0.1617939687431213,-0.2684569667620515,-0.29134272507153863,0.016757649130530485,-0.11566585956416466,-0.4868765133171913,-0.013715606427470835,-0.4745344486022452,-0.26343165309267,-0.3145080343385428,-0.33716046665199206,-0.48692493946731236,-0.13821483601144618,-0.35098613251155625,-0.36338542813119085,-0.2750781421967863,-0.2882874752366278,0.2912832929782082,-0.047499449702839536,0.1363416244772177,0.1502575390710984
#201,0.2663350209112921,0.2553929121725732,0.8023750825445741,0.45438696896324016,0.43123486682808715,0.5076997578692494,-0.009713845476557341,0.08627999119524543,-0.17816200748404137,0.21115562403697996,0.09328637464230685,0.31542813119084306,0.4398723310587717,-0.2177790006603566,-0.387772397094431,-0.5383733215936606,1.0,0.5985053929121725,-0.34900506273387627,-0.14550297160466652,-0.42303543913713404,-0.37278450363196125,0.2876865507373982,0.0064208672683248955,0.2970614131631081,-0.14831829187761392,0.05971604666519921,0.11824345146379045,0.33688531807175875,0.15979749064494828,0.43566145718688093,0.06022011886418666,0.6050935505172793,0.13774378164208673,0.09397314549856922,0.06413603345806736,0.06009685230024213,0.11799251595861765,0.07069557561082984,0.09409421087387189,0.08219898745322474,0.052623816861105,-0.10857142857142857,0.06787585296059873,0.028914813999559762,0.053337001981069776,0.01090248734316531,0.05523662777900066,-0.12794188861985473,-0.25924058991855603,-0.04920316971164429,-0.21759850319172352,-0.16104336341624478,-0.2250033017829628,-0.37834910851860004,-0.08465551397754788,-0.2990975126568347,-0.44622496147919877,0.03901166629980189,-0.26438256658595644,-0.35053709002861544,0.12460708782742681,-0.06902487343165309,0.13715386308606647,0.07091569447501651,-0.11796610169491525,0.22781421967862645,-0.39340523882896766,0.26183799251595863,-0.018919216376843496,0.2303609949372661,0.26449702839533346,-0.49620074840413825,-0.0637706361435175,-0.31516839093110277,-0.22957296940347788,-0.4972705260840854,-0.416040061633282,0.25653753026634385,0.06592780101254678,0.2655690072639225,-0.09056350429231785,0.24881796169931764,0.4694430992736077,0.34907550077041605,0.2567246313009025,0.2369733656174334,0.34974906449482723,-0.007023992956196346,0.07882236407660137,0.26655513977547873,0.1112194585075941,0.2413779440898085,-0.051045564604886635,0.10984591679506933,0.5215166189742461,0.27138674884437597,0.6864164648910411,0.43569887739379265,0.4556548536209553,0.4022408100374202,0.6042813119084306,0.10027514858023333,0.6012634822804315,0.5535945410521682,0.5099603786044464,0.41907329958177414,-0.26395773717807614,-0.04285053929121726,-0.2781598062953995,-0.17177195685670263
