,#10,#11,#12,#13,#17,#18,#26,#49,#50,#51,#52,#53,#54,#58,#101,#102,#201,#202,#301,#302,#401,#402,#501,#502,#601,#602,#701,#702,#801,#802,#901,#902,#1001,#1002,#1101,#1102,#1201,#1202,#1301,#1302,#1401,#1402,#1501,#1502,#1601,#1602,#1701,#1702,#1801,#1802,#1901,#1902,#2001,#2002,#2101,#2102,#2201,#2202,#2301,#2302,#2401,#2402,#2501,#2502,#2601,#2602,#2701,#2702,#2801,#2802,#2901,#2902,#3001,#3002,#3101,#3102,#3201,#3202,#3301,#3302,#3401,#3402,#3455,#3501,#3502,#3601,#3602,#3701,#3702,#3801,#3802,#3901,#3902,#4001,#4002,#4101,#4102,#4201,#4202,#4301,#4302,#4401,#4402,#4501,#4502,#4601,#4602,#4701,#4702,#4801,#4802
#10,1.0,0.22724631300902487,0.3056020250935505,0.244884437596302,0.28335241030156283,0.26200748404138235,0.017200088047545675,0.5345498569227383,0.24425930002201188,0.1373629760070438,0.07946731234866829,-0.030924499229583974,0.017101034558661677,-0.12915254237288135,-0.14580453444860225,-0.18801232665639445,0.152854941668501,0.2186550737398195,0.05056570548095972,-0.07909090909090909,0.10196125907990315,0.06659255998239048,0.2713999559762272,0.16983050847457626,0.1612987012987013,0.16542152762491746,-0.08870570107858243,0.11307065815540392,-0.14496588157605106,0.10767774598283072,-0.06768875192604006,0.09625357693154303,0.2276997578692494,0.09357032797710764,-0.04538850979528945,-0.14872991415364298,0.012027294739159146,-0.1287277129650011,-0.1993946731234867,-0.08149020471054369,-0.0476469293418446,-0.09403918115782522,0.04209112920977328,-0.08016949152542373,-0.16218357913273168,-0.0411270085846357,-0.12888179616993176,0.08180497468633062,-0.2971912832929782,-0.10255337882456526,-0.15972044904248295,-0.03873651771956857,-0.008879594981289896,0.07514858023332599,0.12230464450803434,0.08423948932423508,-0.17080343385428132,-0.22876733436055469,-0.1665595421527625,-0.15048426150121066,-0.047345366497908874,-0.03934404578472375,-0.21058551617873653,-0.11723530706581554,-0.04607307946290997,0.019225181598062954,-0.14413823464670922,-0.08826326216156724,-0.1037376183138895,-0.1740391811578252,-0.040911292097732775,-0.007539071098393133,-0.19227162667840633,-0.11822143957737179,-0.22146158925819942,-0.1704424389170152,-0.054129429892141756,-0.15476337222099934,0.12951573849878933,0.1566255778120185,-0.016885318071758748,0.07419326436275589,-0.004116222760290557,-0.026059872331058772,-0.07316971164428791,0.17878934624697337,0.044162447721769756,-0.012042703059652212,0.13423508694695135,-0.14032577591899625,0.08722870349988994,-0.044151441778560424,-0.18715386308606646,0.06141096191943649,-0.07225621835791328,0.22673123486682809,0.20411182038300682,0.04423068456966762,0.2570988333700198,-0.004761171032357473,0.13100374202069118,0.14596742240810037,0.0237838432753687,0.16742681047765792,0.2839225181598063,0.16609949372661237,0.23603786044464012,-0.07972925379705041,0.04534668721109399,-0.07486242570988334,-0.11405458947831829
#11,0.22724631300902487,1.0,0.2634558661677306,0.08032577591899626,0.2024785384107418,0.16720228923618755,0.39608848778340305,0.16789566365837552,0.2826656394453005,0.27779661016949153,0.03964560862865948,0.08689192163768435,0.0336715826546335,0.1380409421087387,-0.24104336341624477,0.002705260840854061,0.007237508254457407,0.3716486902927581,0.0400528285274048,-0.05253576931543033,-0.1492009685230024,-0.030988333700198108,0.1345146379044684,0.04301782962799912,0.016390050627338764,0.0514571868809157,0.04424609289016069,0.018712304644508033,-0.06688311688311688,-0.05493946731234867,-0.033546114902047106,0.09063614351749945,0.04336341624477218,0.09847897864847018,0.0029892141756548535,-0.23150781421967861,-0.00673563724411182,-0.11946951353731015,-0.017433414043583534,-0.10336341624477217,-0.013024433193924718,-0.19040942108738718,-0.10261501210653753,-0.10211093990755007,-0.10329077701959058,-0.0762425709883337,0.16925379705040722,0.04498128989654413,0.04289456306405459,0.04804754567466432,-0.06116222760290557,-0.1047457627118644,-0.07755227823024433,-0.04681928241250275,-0.25033458067356373,0.010308166409861324,-0.2946819282412503,-0.26474356152322254,0.15098173013427252,-0.189933964340744,-0.11012326656394453,-0.08291657495047326,0.017860444640105656,0.018206031256878714,0.15263922518159806,-0.06932863746423068,0.11697996918335901,0.2612590799031477,0.09843715606427471,0.10342504952674444,0.1505018710103456,0.1463746423068457,-0.1308298481179837,-0.0011204050187101034,-0.2884437596302003,-0.18077041602465332,-0.4260796830288356,-0.10272066916134713,-0.10927360774818402,0.11375302663438257,0.0025071538630860664,0.0710015408320493,-0.09553598943429452,-0.07649130530486463,0.11944309927360774,0.08136253576931543,0.030983931322914375,0.06679727052608408,0.027897864847017388,-0.02825445740699978,0.05803433854281312,0.19236187541272287,-0.12983270966321814,0.2844111820383007,0.1798151001540832,0.29594320933303986,0.3222892361875413,0.008934624697336562,0.26399955976227163,-0.045628439357252915,-0.01109619194364957,0.16881135813339204,0.15815540391811578,0.03116222760290557,-0.022566585956416464,-0.05537970504072199,0.05245432533568127,-0.08513317191283293,-0.1462887959498129,0.08660136473695795,0.0926040061633282
#12,0.3056020250935505,0.2634558661677306,1.0,0.2025313669381466,0.058100374202069115,0.3802333259960379,0.02438036539731455,-0.05533788245652652,-0.03346246973365617,0.2117719568567026,-0.07836231565045125,-0.08843055249834911,-0.041261281091789566,-0.21925159586176535,-0.01942328857583095,0.13595421527624918,0.4615892581994277,0.7323904908650671,-0.03394012766894123,-0.34551617873651774,0.12055029716046665,0.27320713185119966,0.48935725291657495,0.2511402157164869,-0.06500770416024654,-0.010288355712084526,-0.23204050187101036,-0.05478098173013427,-0.0715364296720229,-0.150264142637024,0.3398921417565485,0.044741360334580677,0.4149130530486463,0.21043143297380584,0.2386616773057451,-0.3725841954655514,-0.0473365617433414,-0.31210213515298263,-0.02426370239929562,-0.1886616773057451,0.08921417565485362,-0.19872551177635922,-0.074785384107418,-0.3094210873871891,-0.2805855161787365,-0.09398635263042043,-0.3301518820162888,-0.2800726392251816,-0.4135659255998239,-0.21739159145938808,0.05054369359454105,0.1527030596522122,0.37850099053488884,0.47457847237508255,0.1412194585075941,0.24043803653973145,-0.20451243671582656,-0.2529011666299802,-0.03421747743781642,-0.48311468192824125,0.0701518820162888,-0.2808452564384768,-0.28681267884657713,-0.2360312568787145,0.11521901826986573,0.08761171032357473,-0.01462029495927801,-0.10543253356812679,-0.18008144397974907,-0.17554039181157824,0.05969843715606427,-0.06570988333700198,-0.28093990755007703,0.018034338542813118,-0.4578582434514638,-0.49469073299581773,-0.10440898084965881,0.13371560642747082,0.1969271406559542,0.19463790446841295,0.09025313669381466,-0.07327977107638124,0.37471714725952016,-0.07742020691173233,-0.403878494386969,0.0014329738058551618,0.03933303984151442,0.04898745322474136,-0.023882896764252697,-0.11471494607087827,-0.20764472815320273,0.1573035439137134,-0.39030156284393575,0.3659278010125468,0.2439621395553599,0.5485758309487123,0.17448162007484042,0.46586176535329077,0.61,0.22122165969623597,0.3272044904248294,0.5661897424609289,0.37491305304864625,0.36024653312788907,0.4439687431212855,0.4073167510455646,0.3955051727933084,-0.34122826326216155,-0.3354567466431873,0.25016729033678187,-0.09217257318952234
#13,0.244884437596302,0.08032577591899626,0.2025313669381466,1.0,0.048683689192163766,0.15342725071538632,-0.12387409200968523,0.22430772617213296,0.14206031256878715,0.5096191943649571,-0.15812238608848778,0.29275368699097515,0.12058991855602025,-0.04546995377503852,0.14232445520581113,-0.20026634382566585,0.5250187101034559,-0.1087739379264803,-0.20042923178516397,-0.2842064714946071,-0.05941228263262162,-0.27527845036319615,0.12644508034338542,-0.1001782962799912,-0.11433634162447721,-0.07568567026194145,0.03310587717367378,0.017281532027294738,0.07683028835571208,-0.1139159145938807,0.12043583535108959,-0.13727712965001101,0.2539687431212855,-0.15042703059652213,0.09196566145718688,-0.24930222320052828,0.09534448602245213,-0.11786044464010566,0.12698657274928463,0.02782742681047766,0.2099603786044464,-0.1062293638564825,0.21215496368038742,-0.10404138234646709,-0.013119084305524983,0.02409421087387189,0.3029319832709663,0.39008804754567467,-0.0824653312788906,-0.061879815100154084,0.17567246313009025,0.2004160246533128,0.12879154743561524,-0.0475610829848118,-0.01427030596522122,-0.28013647369579575,-0.0486748844375963,-0.14163548316090688,0.01837772397094431,-0.059685230024213075,0.1656570548095972,0.12411402157164869,0.024039181157825225,0.03497908870790227,-0.0537508254457407,-0.19304644508034338,-0.0059057891261281095,-0.07576051067576492,0.003909311027955096,0.12026854501430773,-0.0015474356152322254,-0.0025930002201188644,0.14679727052608407,0.07062293638564825,-0.0801188641866608,0.0749306625577812,0.10231565045124368,0.07232225401716927,-0.05210873871890821,-0.3111600264142637,0.08670922298040942,0.07934184459608189,-0.03912172573189522,-0.015309267004182258,0.037409200968523,0.017759189962579792,-0.03797490644948272,0.0777591899625798,-0.03760950913493286,-0.02220559101915034,0.127277129650011,0.035861765353290775,0.050327977107638124,-0.03731454985692274,-0.2763438256658596,-0.14323354611490205,-0.23998459167950692,0.41037420206911734,0.15614131631080783,0.4423838872991415,0.24376843495487563,0.3164472815320273,0.1151221659696236,0.10122826326216157,0.2730970724191063,0.323878494386969,0.22902927580893684,0.06583975346687211,0.1160114461809377,0.09658595641646489,-0.08158265463350209
#17,0.28335241030156283,0.2024785384107418,0.058100374202069115,0.048683689192163766,1.0,0.14277790006603566,-0.036889720449042485,0.08886858903808056,0.1528527404798591,-0.0802443319392472,-0.06672463130090249,0.1923134492626018,0.19823464670922297,-0.16296940347787806,-0.24615892581994278,-0.2100924499229584,-0.10352630420427031,-0.06420427030596522,-0.08596742240810037,-0.07443979749064494,-0.14160026414263702,-0.15857803213735416,0.07044464010565706,-0.0287541272287035,-0.21971384547655734,-0.16634602685450142,-0.13114902047105437,-0.11800132071318511,-0.10410521681708122,0.23445960818842174,-0.27875852960598724,-0.053596742240810034,0.1052542372881356,0.02199867928681488,-0.07060752806515519,0.13611490204710544,0.1101716927140656,0.11421747743781642,-0.07079022672243011,0.15927580893682589,-0.08664098613251156,0.1927294739159146,0.1279881135813339,0.24784503631961258,0.07667840633942329,0.2469667620515078,0.12813119084305524,0.08835571208452564,-0.04259520140876073,0.007429011666299802,-0.0647787805414924,0.026321813779440897,-0.1694871230464451,0.01813119084305525,-0.005826546335020911,0.043948932423508696,0.005045124367158265,0.015084745762711864,-0.144686330618534,0.28327096632181376,-0.051653092670041825,0.08925819942769095,-0.1992097732775699,-0.14742460928901607,0.03897864847017389,0.1604028175214616,-0.1396235967422408,-0.21487563284173453,-0.17355051727933085,-0.13906889720449042,-0.09190182698657275,-0.1339753466872111,0.0599405679066696,0.2517389390270746,-0.006207351970063835,0.11929121725731895,-0.04202949592780101,0.03268104776579353,-0.0811402157164869,0.010383006823684789,0.04809377063614352,0.24494827206691613,0.033488883997358575,0.11745762711864406,0.09202949592780102,0.21179616993176315,0.21575390710983933,0.1436451683909311,-0.05846357032797711,-0.03895443539511336,0.3510279550957517,0.04204490424829408,0.19171032357473036,0.15477437816420866,0.17630420427030596,0.08394673123486683,-0.1265331278890601,-0.134818401937046,-0.055863966541932646,-0.04286814880035219,-0.05854061193044244,-0.014486022452124147,-0.1311138014527845,0.05333920316971164,0.11929561963460268,-0.031100594320933303,0.03651992075720889,0.0788135593220339,0.23863746423068458,-0.187706361435175,-0.03397314549856923
#18,0.26200748404138235,0.16720228923618755,0.3802333259960379,0.15342725071538632,0.14277790006603566,1.0,0.07963680387409201,0.22001760950913493,0.10571428571428572,0.21861985472154963,0.05193264362755888,0.18356812678846576,0.20598062953995158,-0.13597842835130972,-0.12712304644508035,-0.06950033017829628,0.4013581333920317,0.32121725731895223,0.0062051507814219675,-0.1952938586836892,-0.09619194364957077,-0.08586836891921637,0.05305745102355272,-0.018016729033678187,-0.0361897424609289,-0.05149900946511116,-0.11868589038080564,-0.00018049746863306186,0.07325775918996258,0.2152674444199868,0.18694475016508916,0.1773893902707462,0.3296500110059432,0.3275148580233326,0.3783887299141536,0.006026854501430773,0.07292537970504072,0.05558661677305745,-0.05185560202509355,0.08160906889720448,0.10299141536429672,0.07600924499229585,0.13138674884437596,0.09954655513977548,-0.006546335020911292,0.08304864626898525,0.07449702839533348,0.1979771076381246,-0.14264142637023994,-0.21887519260400617,-0.10320493066255779,-0.04938806955756108,0.020920096852300243,-0.07066035659255998,-0.12285494166850099,-0.12292317851639886,-0.30742460928901605,-0.2798877393792648,-0.17306405458947832,-0.23712965001100594,-0.1517675544794189,0.002656834690732996,-0.19894783182918777,-0.14068016729033678,-0.08938146599163549,-0.16854061193044245,0.21480079242791109,-0.09689412282632621,-0.11982830728593441,0.042427911071978866,0.06462909971384548,0.16106537530266343,-0.0476601364736958,-0.0763482280431433,-0.34573849878934626,-0.16328637464230686,-0.09664318732115343,0.02068677085626238,0.185511776359234,0.03048646268985252,0.03285494166850099,0.44309707241910634,0.23068456966762052,0.21828747523662778,0.26281311908430555,0.05480079242791107,-0.00511996478098173,0.06473695795729693,0.25774158045344486,0.3004688531807176,-0.000336781862205591,0.2774466211754347,-0.15233986352630421,0.0823464670922298,-0.06906889720449043,0.07720008804754568,-0.023229143737618314,0.358828967642527,0.434323134492626,0.23084525643847678,0.2613119084305525,0.5059211974466212,0.3525819942769095,0.21527184679727052,0.3279572969403478,0.3024169051287695,0.3457032797710764,-0.12978428351309707,-0.10874532247413603,-0.10435395113361215,-0.3570746202949593
#26,0.017200088047545675,0.39608848778340305,0.02438036539731455,-0.12387409200968523,-0.036889720449042485,0.07963680387409201,1.0,-0.05325996037860445,0.2712436715826546,0.13630420427030596,-0.0012282632621615672,-0.20337662337662338,-0.04933524103015628,0.5093154303323795,-0.3117301342725072,-0.06802113141096192,-0.2926964560862866,0.13946731234866827,-0.14201848998459168,0.07915254237288136,-0.3780629539951574,-0.05350429231785164,-0.029788685890380806,0.19565925599823905,0.2677922077922078,0.28621835791327316,0.006216156724631301,0.20222320052828527,-0.17283072859344045,0.09501210653753027,-0.13086506713625357,0.3559322033898305,-0.1516795069337442,0.1620977327756989,-0.22854501430772617,-0.002256218357913273,-0.07585956416464891,-0.0485362095531587,-0.16324675324675325,-0.20430992736077483,-0.18720669161347128,0.04718027734976887,-0.27042482940788026,-0.040422628219238387,0.13170592119744662,0.06566806075280651,-0.11777679947171472,0.00149900946511116,-0.08762931983270966,0.22104336341624478,-0.08831168831168831,-0.011270085846357032,-0.13830068236847898,-0.026825885978428353,-0.39426810477657936,-0.08662337662337663,-0.17179396874312128,-0.15082324455205812,0.033110279550957515,-0.047030596522121944,-0.19705701078582435,-0.12716046665199207,0.2460510675764913,0.24453664979088707,0.13265903587937486,-0.041760950913493286,0.391071978868589,0.7626172132951794,0.10144838212634823,0.23099933964340744,0.26383226942548976,0.2947567686550737,-0.03872551177635923,-0.039152542372881356,-0.25932423508694696,-0.13449482720669162,-0.24605767114241692,-0.08000220118864186,0.150033017829628,0.43875632841734535,-0.20215936605767115,-0.051573849878934624,-0.13833590138674884,-0.13201848998459167,0.162359674224081,-0.06952674444199868,-0.07663218137794409,-0.4541998679286815,0.03994276909531147,-0.13937046004842615,-0.02062293638564825,-0.08460268545014307,-0.11143957737178076,0.13926480299361654,0.24673563724411182,-0.030957517059211976,0.4438961038961039,-0.17457186880915695,0.28125027514858025,-0.14003521901826987,0.0350099053488884,-0.09387629319832709,0.013942328857583095,-0.1749702839533348,-0.23104336341624476,-0.19649130530486464,-0.0006361435174994497,-0.1435791327316751,-0.010039621395553599,0.15462909971384547,0.10771956856702619
#49,0.5345498569227383,0.16789566365837552,-0.05533788245652652,0.22430772617213296,0.08886858903808056,0.22001760950913493,-0.05325996037860445,1.0,0.46705040721989877,0.29623816861104996,0.2805745102355272,0.24995597622716267,0.3692802113141096,0.10736737838432754,-0.13274708342504954,-0.2595311468192824,0.23159806295399515,0.0450297160466652,0.03567026194144838,-0.03493506493506494,-0.03060972925379705,-0.2119524543253357,-0.038589038080563506,-0.27322033898305087,0.03598503191723531,-0.08480299361655294,0.10784723750825445,0.0017213295179396874,0.28140655954215277,0.09709663218137794,0.1935527184679727,0.08707241910631741,0.26679506933744224,-0.02460708782742681,0.13202069117323353,-0.08572309046885318,0.07180057230904689,0.02811798371120405,0.020475456746643188,-0.01976007043803654,0.06521021351529827,-0.13184899845916795,0.11327977107638125,-0.022022892361875414,-0.10104996698217038,-0.18596522121945852,0.2356482500550297,0.36798591239269207,0.043513097072419106,-0.22453004622496148,-0.18082324455205812,-0.05290997138454766,-0.223218137794409,-0.19379264802993618,-0.12505172793308386,-0.2223794849218578,-0.3433568126788466,-0.525775918996258,-0.06698217037200088,-0.07195245432533569,0.08916574950473255,0.1982874752366278,0.089603786044464,0.05659916354831609,0.02357693154303324,-0.14042482940788026,0.02399735857362976,-0.010431432973805855,0.10699757869249395,0.041807175874972485,0.10701298701298702,0.09981289896544134,0.023706801672903368,0.1146995377503852,-0.0374224081003742,0.06946070878274269,-0.07997138454765573,-0.25643847677745985,-0.051241470394012764,-0.16258639665419328,0.06824565265243232,-0.024497028395333482,-0.09224081003742021,0.29589038080563507,0.27850759410081444,0.3006955756108298,-0.020002201188641867,-0.015395113361215056,0.19447941888619855,0.2594651111600264,0.05137574290116663,0.12526304204270305,-0.20499449702839534,-0.03678186220559102,-0.37825885978428353,0.05119084305524983,0.026990975126568346,0.15057010785824346,0.022575390710983932,0.037774598283072856,0.08506493506493507,0.13223860884877833,0.24508254457407,0.03889720449042483,0.10439357252916574,0.17283953334800792,0.29323794849218576,0.333911512216597,0.1658727712965001,-0.15924058991855602,-0.28151661897424607
#50,0.24425930002201188,0.2826656394453005,-0.03346246973365617,0.14206031256878715,0.1528527404798591,0.10571428571428572,0.2712436715826546,0.46705040721989877,1.0,0.2883403037640326,0.3105679066696016,0.044679727052608406,0.15808936825885977,0.30458947831829186,0.06283292978208233,-0.22311688311688313,0.09113581333920318,0.08548756328417345,-0.057719568567026196,-0.1200198106977768,-0.04652212194585076,-0.3558287475236628,0.0877790006603566,-0.058054149240589915,0.01639885538190623,-0.13593440457847236,0.08294078802553378,-0.036707021791767554,-0.005494166850099054,-0.02608628659476117,0.14182698657274928,-0.04501430772617213,0.15275808936825885,-0.0017587497248514198,-0.03103015628439357,-0.09722870349988993,-0.09567906669601585,-0.08695795729694035,0.0005591019150341185,-0.17405018710103456,-0.2286880915694475,0.023440457847237507,-0.07749064494827207,-0.2519480519480519,-0.06522121945850759,-0.18867928681488003,0.07013647369579573,0.22375963020030817,-0.18860444640105656,-0.1963878494386969,-0.028529605987233107,0.08324014968082764,-0.20225841954655513,-0.09401716927140656,-0.11462909971384548,-0.19378824565265243,-0.24667400396213957,-0.4975170592119745,0.18702179176755448,-0.0639951573849879,0.055353290777019594,0.09593440457847238,0.44202069117323356,0.3492537970504072,0.014254897644728154,-0.2870416024653313,0.4381267884657715,0.33857362976007044,0.3141646489104116,0.29018930222320055,0.40692493946731234,0.35728593440457845,0.0550297160466652,0.2539159145938807,-0.10072419106317411,0.08250275148580233,-0.06149680827646929,-0.017510455646048865,-0.2536737838432754,-0.10682588597842835,-0.08597182478538411,-0.2012128549416685,-0.27044023772837333,0.12438036539731455,0.1581091789566366,0.20278010125467752,0.027409200968523003,-0.2454193264362756,-0.08163768434954875,0.06934184459608188,-0.20600484261501212,0.07576051067576492,-0.17327316751045566,0.1364935064935065,-0.057180277349768875,0.03106977767994717,0.031580453444860226,0.015679066696015848,0.08974025974025975,0.046238168611049964,0.16320272947391593,0.10414924058991856,0.24126128109178957,-0.03712744882236408,0.009658815760510676,-0.00848778340303764,0.2044750165089148,0.1543957737178076,0.2056746643187321,0.06888839973585736,0.006581554039181158
#51,0.1373629760070438,0.27779661016949153,0.2117719568567026,0.5096191943649571,-0.0802443319392472,0.21861985472154963,0.13630420427030596,0.29623816861104996,0.2883403037640326,1.0,0.2222342064714946,0.10800572309046885,0.2314703940127669,0.2937750385208012,-0.015967422408100375,-0.11733436055469953,0.444109619194365,-0.006064274708342505,-0.1604930662557781,-0.2310081443979749,-0.16510455646048866,-0.3315166189742461,0.13860004402377285,-0.1083909311027955,0.0814637904468413,-0.09845696676205151,0.1173959938366718,0.08320493066255778,0.031160026414263704,-0.217772397094431,0.1184107418005723,0.006024653312788906,0.1523200528285274,0.006328417345366498,0.01893462469733656,-0.27289676425269643,0.07088267664538851,-0.05631961259079903,0.010523882896764253,-0.1272044904248294,-0.05703279771076381,-0.2789742460928902,-0.1320977327756989,-0.3641140215716487,0.041003742020691174,-0.08943209333039842,0.20879594981289898,0.322623816861105,0.08590358793748624,-0.05990534888839973,0.24519040281752147,0.1671384547655734,0.18527184679727052,-0.012480739599383667,-0.09838872991415365,-0.3393858683689192,-0.06585956416464891,-0.2987761391151222,0.1686946951353731,-0.24339643407440018,0.06874532247413603,-0.12254237288135593,0.2533370019810698,0.21475456746643187,-0.046500110059432095,-0.09612590799031477,0.25665639445300464,0.2048117983711204,0.10960598723310588,0.23140876073079464,0.2794100814439798,0.23633942328857582,0.03947391591459388,0.2323200528285274,-0.15825225621835792,0.015701078582434514,-0.1140017609509135,0.05812018489984592,-0.19311248073959938,-0.2594651111600264,-0.07619854721549636,-0.09588377723970944,-0.050407219898745324,0.10317191283292979,0.09223200528285275,-0.03485362095531587,-0.1087541272287035,-0.15481840193704602,-0.00338762931983271,0.017336561743341403,0.033869689632401494,0.13134272507153863,-0.12177635923398636,0.12840193704600483,0.028360114461809378,0.05931983270966322,-0.08173893902707462,0.3188487783403038,0.16619414483821263,0.27207351970063837,0.14016068677085627,0.30954875632841733,0.24325996037860445,-0.035608628659476116,0.07943869689632402,0.11746643187321154,0.15596302003081663,-0.07119084305524984,-0.11413603345806736,0.18664538850979528,0.14234426590358792
#52,0.07946731234866829,0.03964560862865948,-0.07836231565045125,-0.15812238608848778,-0.06672463130090249,0.05193264362755888,-0.0012282632621615672,0.2805745102355272,0.3105679066696016,0.2222342064714946,1.0,0.164785384107418,0.21475676865507373,-0.07120405018710103,0.02119524543253357,0.19307065815540392,-0.05493286374642307,0.020983931322914373,0.06229804094210874,0.159900946511116,-0.21910851860004402,0.00928681488003522,0.03727272727272727,-0.03603565925599824,0.214719348448162,0.06698657274928461,-0.15837772397094432,-0.18083204930662558,-0.05571648690292758,0.12591679506933745,-0.07459388069557561,0.006610169491525424,0.1809421087387189,0.055531587057010785,-0.12433193924719349,-0.025918996257979308,-0.05912392692053709,0.05281532027294739,0.017189082104336343,-0.09430772617213296,-0.37747083425049527,0.0036825885978428352,-0.2256834690732996,-0.14297820823244553,0.04944970283953335,-0.014712744882236407,-0.13688531807175874,-0.02184239489324235,-0.09505833149900947,-0.10171472595201408,-0.030449042482940787,-0.28821043363416243,-0.09671142416905129,-0.1842989214175655,-0.2128615452344266,-0.054714946070878276,-0.2550957517059212,-0.17543913713405238,0.006713625357693155,-0.21652212194585077,0.08971824785384107,0.06882456526524323,0.2547061413163108,0.15175874972485143,-0.280741800572309,-0.16991195245432533,0.10428571428571429,0.11378824565265243,0.2007307946290997,0.26846357032797713,0.27424609289016066,0.18392031697116443,0.09737398195025314,0.01416685009905349,-0.19380145278450364,-0.09685009905348889,-0.08445300462249615,-0.19447061413163108,-0.03337442218798151,0.08675985031917235,-0.3109443099273608,-0.02587277129650011,-0.3652938586836892,-0.02324455205811138,0.1874224081003742,0.2908166409861325,-0.04297820823244552,-0.1517345366497909,-0.034959278010125466,0.03972044904248294,-0.22755227823024432,0.021846797270526085,0.02597842835130971,0.09179837112040502,0.10922077922077922,0.01811358133392032,0.0075016508914814,0.07898745322474136,0.03219458507594101,-0.056806075280651555,0.010755007704160246,0.034994497028395334,-0.10300902487343165,0.21000880475456746,0.09068897204490425,0.11677745982830728,0.125148580233326,0.008023332599603786,0.023513097072419106,0.07421967862645829,-0.029284613691393353
#53,-0.030924499229583974,0.08689192163768435,-0.08843055249834911,0.29275368699097515,0.1923134492626018,0.18356812678846576,-0.20337662337662338,0.24995597622716267,0.044679727052608406,0.10800572309046885,0.164785384107418,1.0,0.5791943649570768,-0.1498283072859344,-0.15076161127008586,-0.16873211534228483,0.2336187541272287,0.045850759410081446,-0.18553378824565264,-0.20355051727933085,-0.2289456306405459,-0.3974246092890161,-0.09355712084525644,-0.44216376843495486,-0.25834250495267447,-0.32609949372661234,-0.05432313449262602,-0.170693374422188,0.4623398635263042,0.20012766894122827,0.1122143957737178,-0.11061193044243892,0.24582874752366277,0.03849438696896324,0.10699317631521021,-0.11086286594761172,0.40949812898965443,0.1364274708342505,0.31463790446841294,0.11094430992736078,0.1769733656174334,-0.04224081003742021,0.34912832929782084,0.08860004402377283,0.0772309046885318,0.10119744662117544,0.24600044023772838,0.31855161787365177,0.08943649570768215,-0.02936385648250055,0.05948051948051948,-0.1148382126348228,-0.11089148139995597,-0.2352542372881356,-0.2530332379484922,-0.2987079022672243,-0.19117763592339865,-0.19334580673563725,-0.029379264802993618,-0.03850319172353071,0.18782082324455207,0.2673629760070438,-0.10501430772617214,-0.13920537090028615,0.03269425489764473,-0.10841954655513977,-0.13316530926700418,-0.3152212194585076,0.1824983491085186,0.1385626238168611,0.18400616332819722,0.030138674884437597,0.3904754567466432,0.3098525203609949,-0.007679947171472595,0.12423068456966763,-0.0641470394012767,-0.037153863086066476,0.0251023552718468,-0.4563240149680828,0.35920977327756987,0.184719348448162,-0.08995597622716267,0.35148800352190185,0.3695399515738499,0.2639687431212855,0.051510015408320495,0.4530442438917015,0.09237728373321594,0.4047457627118644,0.19506493506493505,0.022639225181598062,0.09502531366938147,0.009079903147699757,-0.06746643187321154,-0.04269865727492846,-0.3363416244772177,0.22361655293858684,-0.07612370680167291,0.12593440457847238,0.10469513537310147,0.17551177635923398,0.0639489324235087,-0.024252696456086287,0.15283072859344046,0.0886220559101915,0.19827867048206033,0.23732555580013207,0.07595641646489104,0.02345806735637244,-0.05340964120625138
#54,0.017101034558661677,0.0336715826546335,-0.041261281091789566,0.12058991855602025,0.19823464670922297,0.20598062953995158,-0.04933524103015628,0.3692802113141096,0.15808936825885977,0.2314703940127669,0.21475676865507373,0.5791943649570768,1.0,0.13103896103896104,-0.014505833149900947,-0.06263702399295619,0.18961479198767334,-0.00885097952894563,-0.16161787365177196,-0.07483601144618093,-0.15438476777459828,-0.16074620294959277,-0.027908870790226723,-0.33014968082764695,-0.19775698877393794,-0.06646268985252037,-0.1469733656174334,-0.1983579132731675,0.27032137354171254,0.10291217257318952,0.05759189962579793,0.011212854941668501,0.05138895003301783,-0.003790446841294299,-0.029462909971384548,-0.051917235307065816,0.16764913053048647,0.18309487123046445,0.07712524763372221,0.13816420867268325,0.022507153863086066,0.047046004842615015,0.2834756768655074,0.07249614791987673,0.1871252476337222,0.17007484041382345,0.0598943429451904,0.09428791547435615,-0.03908210433634163,-0.16598062953995157,-0.10136913933524103,-0.17408320493066257,-0.19575170592119745,-0.23281311908430552,-0.1237838432753687,-0.10726172132951795,-0.1958133392031697,-0.10652872551177636,-0.20743121285494168,-0.09265903587937487,0.08596962359674223,0.06686770856262382,-0.00977327756988774,-0.09970724191063174,-0.1905811138014528,-0.19349548756328416,-0.11213735417125248,-0.17768875192604006,0.051195245432533565,0.10871230464450804,0.17055690072639226,0.1137772397094431,0.371089588377724,0.3004160246533128,0.027420206911732335,0.0827360774818402,-0.003044243891701519,-0.1592493946731235,0.125049526744442,-0.2180233325996038,0.1818071758749725,0.16530046224961478,0.11673783843275369,0.30767554479418885,0.27767774598283074,0.1841866607968303,-0.13730574510235527,0.20921637684349548,-0.017431212854941668,0.4326590358793749,0.17340523882896763,-0.03724411182038301,0.10994937266123707,-0.04028835571208453,-0.15760510675764913,-0.08096632181377944,-0.20179837112040502,0.12299581774158046,-0.061263482280431436,-0.0211600264142637,-0.04233986352630421,0.03543913713405239,0.06385868368919216,-0.006561743341404358,0.05535549196566146,0.06780321373541713,0.057893462469733654,0.12193484481620075,0.15099713845476556,-0.06095751705921197,-0.16518600044023773
#58,-0.12915254237288135,0.1380409421087387,-0.21925159586176535,-0.04546995377503852,-0.16296940347787806,-0.13597842835130972,0.5093154303323795,0.10736737838432754,0.30458947831829186,0.2937750385208012,-0.07120405018710103,-0.1498283072859344,0.13103896103896104,1.0,-0.11763152102135153,-0.09027294739159146,-0.0774158045344486,-0.14401937046004842,0.012929782082324455,0.22509795289456305,-0.2397556680607528,-0.2538102575390711,-0.12518600044023773,0.014987893462469733,0.10524543253356812,0.15474136033458066,0.19113581333920318,0.14026854501430772,0.09563064054589478,-0.012062513757429012,0.0901452784503632,0.15785384107418005,-0.18918115782522563,0.04996918335901387,-0.18457847237508254,0.057473035439137135,0.048309487123046446,0.22978648470173893,-0.04962799911952454,-0.09310147479639005,-0.2300924499229584,-0.0362161567246313,-0.2178648470173894,-0.13475016508914814,0.1803764032577592,-0.04163328197226502,0.08469733656174334,0.11190622936385648,0.05306185340083645,0.12234206471494607,0.015828747523662777,0.04683909311027955,-0.09757429011666299,-0.1278978648470174,-0.2747743781642087,-0.3157076821483601,-0.04568126788465771,-0.22882896764252697,0.1437442218798151,0.09696676205150781,-0.09627118644067796,0.010748404138234647,0.44698437156064275,0.4031124807395994,0.17928241250275148,0.03182038300682369,0.4271186440677966,0.62016508914814,0.2959718247853841,0.4051617873651772,0.3163218137794409,0.3401959057891261,0.09621175434734756,0.19889720449042483,0.17986352630420427,0.2727756988773938,-0.10448162007484041,0.072095531587057,-0.05355712084525644,0.07370239929561963,-0.1661435174994497,-0.10071098393132291,-0.1339489324235087,-0.012055910191503412,0.1538366718027735,-0.09333920316971164,-0.1769535549196566,-0.46123046445080346,0.05541272287034999,-0.03307726172132952,0.05570548095971825,-0.10804534448602245,-0.04424609289016069,-0.0815298261060973,-0.16348448162007484,-0.15703720008804756,0.23850759410081443,-0.1712260620735197,-0.17939907550077042,-0.20436935945410523,-0.12071758749724851,-0.11310807836231565,0.018049746863306185,-0.4028351309707242,-0.39293198327096635,-0.30082544574069997,-0.17095311468192825,0.20425489764472815,-0.05040501871010346,-0.06078362315650451,-0.013279771076381246
#101,-0.14580453444860225,-0.24104336341624477,-0.01942328857583095,0.14232445520581113,-0.24615892581994278,-0.12712304644508035,-0.3117301342725072,-0.13274708342504954,0.06283292978208233,-0.015967422408100375,0.02119524543253357,-0.15076161127008586,-0.014505833149900947,-0.11763152102135153,1.0,0.19480299361655293,0.25366718027734975,-0.059121725731895225,0.27691833590138676,-0.05215496368038741,0.5895443539511336,0.2041998679286815,0.015511776359233986,-0.07750385208012327,-0.06041822584195466,0.059960378604446404,-0.06819942769095312,-0.17889060092449924,-0.20396213955535988,-0.272953995157385,0.049315430332379485,-0.3229011666299802,-0.0035020911292097732,-0.1585494166850099,-0.016817081223860886,-0.1406647589698437,-0.1307065815540392,0.010365397314549857,0.2104138234646709,0.20428131190843055,-0.02395333480079243,0.02907109839313229,0.06060752806515518,-0.17946731234866828,-0.27875192604006166,-0.17333700198106977,-0.07541272287034999,-0.23300242130750606,-0.31237068016729036,-0.4260796830288356,-0.0338102575390711,-0.15431653092670042,-0.021934844816200748,-0.13437596302003083,0.35521021351529825,0.09784943869689633,0.14760510675764912,0.048133392031697114,-0.050741800572309044,-0.17050407219898744,0.05459828307285934,-0.22285714285714286,0.2660180497468633,0.16829627999119526,-0.22701078582434514,-0.23412062513757428,0.09277790006603566,-0.06415584415584416,0.31061853400836453,0.04415364296720229,0.03434954875632842,0.0989918556020251,-0.017902267224301122,-0.16055029716046665,0.024287915474356152,-0.09467752586396654,0.22143517499449702,-0.18229143737618314,-0.13335681267884658,-0.22113801452784504,0.019381465991635483,-0.2522320052828527,0.031657495047325554,0.04768214836011446,-0.18614131631080783,-0.20226062073519702,-0.25327756988773936,-0.017640325775918998,-0.16516618974246092,-0.05441558441558442,-0.3675874972485142,-0.12888399735857364,-0.1697490644948272,-0.21595641646489105,-0.1565661457186881,0.03833810257539071,-0.22534228483381025,0.16611490204710544,-0.11560422628219238,0.15894342945190404,0.0697886858903808,-0.05964120625137574,0.03380145278450363,0.15357913273167512,0.05764472815320273,0.24053709002861545,0.025430332379484923,-0.15794629099713844,0.053072859344045785,-0.017860444640105656,-0.09020911292097733
#102,-0.18801232665639445,0.002705260840854061,0.13595421527624918,-0.20026634382566585,-0.2100924499229584,-0.06950033017829628,-0.06802113141096192,-0.2595311468192824,-0.22311688311688313,-0.11733436055469953,0.19307065815540392,-0.16873211534228483,-0.06263702399295619,-0.09027294739159146,0.19480299361655293,1.0,-0.11477437816420867,0.15351089588377723,0.3007065815540392,0.40105657054809596,0.06471494607087827,0.6901276689412282,0.026946951353731013,0.03183138895003302,-0.11223640766013647,-0.13899625797930884,-0.27345806735637246,-0.17186000440237728,0.006887519260400616,-0.1423794849218578,0.02407660136473696,-0.32588377723970946,0.013480079242791107,-0.348102575390711,-0.13400176095091348,-0.2910455646048866,-0.0677988113581334,-0.20683469073299582,-0.12894342945190404,-0.278778340303764,-0.09469513537310148,-0.18690512876953555,-0.09080563504292317,-0.09623376623376623,-0.2815430332379485,-0.16177856042262823,-0.3002443319392472,-0.32495487563284176,-0.2346290997138455,0.030891481399955976,-0.10391811578252257,-0.2406009244992296,-0.03184239489324235,0.061730134272507155,-0.012942989214175655,0.41029275808936827,-0.1709355051727933,0.16478098173013428,-0.08755007704160246,-0.38279330838652875,-0.17960158485582214,-0.19917015188201628,0.1414637904468413,0.2677745982830729,-0.08169711644287915,0.1307043803653973,-0.06812018489984592,0.08248294078802554,0.2223794849218578,0.26621175434734756,0.2827162667840634,0.20029495927801014,-0.20331499009465112,-0.08802773497688753,-0.016357032797710763,-0.21958397534668722,-0.07191723530706581,-0.10872991415364297,-0.14775478758529606,0.03592339863526304,-0.05132291437376183,-0.05226942548976447,0.061190843055249834,-0.09361435174994497,-0.19459828307285934,-0.2939797490644948,-0.3502399295619635,0.0950891481399956,0.08470834250495267,-0.10415584415584415,-0.41644287915474354,-0.21842174774378165,-0.16826326216156726,0.006616773057451023,0.09822804314329737,0.1471252476337222,-0.0762425709883337,-0.0011688311688311688,-0.13281311908430551,-0.15703940127668942,-0.18355491965661458,-0.061747743781642085,-0.2013911512216597,-0.137046004842615,-0.0576205150781422,-0.05264362755888179,-0.1420889280211314,-0.18501210653753028,-0.06016288795949813,0.14727933083865288,0.024609289016068677
#201,0.152854941668501,0.007237508254457407,0.4615892581994277,0.5250187101034559,-0.10352630420427031,0.4013581333920317,-0.2926964560862866,0.23159806295399515,0.09113581333920318,0.444109619194365,-0.05493286374642307,0.2336187541272287,0.18961479198767334,-0.0774158045344486,0.25366718027734975,-0.11477437816420867,1.0,0.2916905128769536,-0.029764472815320273,-0.44192163768434956,0.1769755668060753,-0.1855095751705921,0.1546070878274268,-0.13758969843715607,-0.16362755888179617,-0.17245432533568128,0.12450583314990095,0.011104996698217037,0.21549416685009906,-0.2779837112040502,0.3947501650891481,-0.17554919656614573,0.3535791327316751,0.1360048426150121,0.36384107418005723,-0.24891701518820164,-0.04650451243671583,-0.02178516398855382,0.20758089368258859,0.1570195905789126,0.26457186880915695,-0.20119524543253356,0.13557340964120626,-0.34355051727933084,-0.1556020250935505,-0.20643627558881797,0.16319172353070657,0.1948712304644508,-0.08324455205811138,-0.33911292097732776,0.0916420867268325,0.18145938806955755,0.35176315210213516,0.09911732335461149,0.258333700198107,-0.1426370239929562,-0.12338762931983271,-0.33880915694475017,0.10082544574069997,-0.2846224961479199,0.09924499229583976,-0.11858023332599604,-0.07289236187541272,-0.049608188421747745,0.05774158045344486,-0.16003081664098615,0.11848117983711204,-0.195313669381466,0.0437310147479639,-0.0626436275588818,0.12618754127228704,0.07057230904688531,-0.09175434734756768,0.022837332159366057,-0.3063834470614132,-0.19053709002861546,-0.029132731675104558,0.05124367158265463,-0.005703279771076381,-0.37252916574950473,0.30213295179396876,0.02903367818622056,0.34976447281532025,0.2288201628879595,-0.09141756548536209,-0.07061413163108078,-0.038769535549196564,0.19430552498349107,-0.11721549636803874,0.1456152322254017,-0.1479903147699758,0.2095729694034779,-0.20697776799471715,0.06824785384107418,-0.15434954875632842,0.3249768875192604,-0.22393792648029937,0.570279550957517,0.2121681708122386,0.3793550517279331,0.33652432313449265,0.5789302223200529,0.43861765353290777,0.18837772397094432,0.3371296500110059,0.45764913053048645,0.39279991195245434,-0.07425709883337002,-0.13038080563504292,0.022617213295179395,-0.11769315430332379
