,#10,#11,#12,#13,#17,#18,#26,#49,#50,#51,#52,#53,#54,#58,#101,#102,#201,#202,#301,#302,#401,#402,#501,#502,#601,#602,#701,#702,#801,#802,#901,#902,#1001,#1002,#1101,#1102,#1201,#1202,#1301,#1302,#1401,#1402,#1501,#1502,#1601,#1602,#1701,#1702,#1801,#1802,#1901,#1902,#2001,#2002,#2101,#2102,#2201,#2202,#2301,#2302,#2401,#2402,#2501,#2502,#2601,#2602,#2701,#2702,#2801,#2802,#2901,#2902,#3001,#3002,#3101,#3102,#3201,#3202,#3301,#3302,#3401,#3402,#3455,#3501,#3502,#3601,#3602,#3701,#3702,#3801,#3802,#3901,#3902,#4001,#4002,#4101,#4102,#4201,#4202,#4301,#4302,#4401,#4402,#4501,#4502,#4601,#4602,#4701,#4702,#4801,#4802
#10,1.0,0.5120118864186661,0.4548404138234647,0.5319238388729914,0.16886858903808055,0.45525863966541935,0.2614373761831389,0.353713405238829,0.05714285714285714,0.4821175434734757,0.44436715826546336,0.13175654853620955,0.33033458067356375,-0.15116442879154743,-0.3217015188201629,0.021774158045344487,0.6346246973365618,0.19234426590358794,0.27809156944750163,0.23681488003521903,-0.012289236187541273,0.17346246973365617,-0.27236407660136475,-0.12055910191503412,0.1711005943209333,0.019013867488443758,0.18819722650231124,0.39855822143957736,0.4038542813119084,0.11884437596302003,0.3132753686990975,-0.06777019590578913,0.2411204050187101,-0.06119744662117543,0.13298481179837113,-0.19891041162227602,-0.1397424609289016,-0.1627756988773938,-0.24375302663438256,-0.1718379925159586,0.17284393572529166,0.09629760070438037,-0.03145938806955756,-0.016828087167070217,-0.10128329297820823,-0.26528945630640544,0.2281928241250275,0.41287255117763594,0.2225511776359234,0.1382588597842835,-0.014701738939027074,0.06940127668941229,0.2129407880255338,0.12461149020471055,0.005597622716266784,-0.21078802553378825,-0.3094871230464451,-0.3596522121945851,-0.11428791547435616,0.023138895003301782,-0.2939159145938807,-0.18327977107638124,-0.11867928681488003,-0.0022540171692714064,0.3321637684349549,0.39700858463570327,-0.1521087387189082,-0.2525489764472815,-0.25325996037860443,0.06602465331278891,-0.10910631741140216,0.27373321593660577,-0.09656394453004623,0.21946951353731015,-0.34273827867048207,-0.29617213295179395,-0.4965881576051068,-0.43598283072859345,0.2377591899625798,-0.09064714946070879,-0.0774554259300022,0.3416420867268325,,0.10115782522562183,0.10047985912392692,-0.25970063834470614,-0.18835571208452564,0.2510103455866168,0.15688751926040062,-0.24412282632621615,0.2209222980409421,-0.24003742020691174,-0.1311996478098173,-0.07798151001540832,-0.01965661457186881,0.22403697996918337,0.17998459167950692,0.39749284613691394,0.3504028175214616,0.1448910411622276,0.34755007704160246,0.38902267224301124,0.05394453004622496,0.11620074840413823,-0.07663218137794409,0.11541712524763373,0.010710983931322915,-0.26025974025974025,-0.07561082984811798,-0.06309707241910632,-0.22768875192604007
#11,0.5120118864186661,1.0,0.3873519700638345,0.3192515958617654,0.4314637904468413,0.21806955756108298,0.3373497688751926,0.1889390270746203,0.2692714065595421,0.4349284613691393,0.408415144177856,-0.07314769975786925,0.24931102795509574,-0.10430772617213295,-0.1782984811798371,-0.060195905789126126,0.30882236407660135,0.2832863746423068,0.01985692273827867,0.20113801452784505,-0.0062909971384547654,0.16586836891921639,-0.16797270526084085,-0.053808056350429234,-0.008547215496368039,-0.14853180717587497,-0.12544794188861985,0.04035879374862426,0.293794849218578,0.040083645168390934,0.3462579793088268,0.07204270305965221,0.31552938586836893,-0.029960378604446402,-0.005168390931102796,-0.08383887299141536,-0.08045784723750825,0.04932863746423068,-0.1366519920757209,0.015302663438256658,0.023020030816640988,0.0812656834690733,-0.005716486902927581,0.10660136473695796,0.1579881135813339,-0.10167510455646049,-0.02725071538630861,0.08941668500990535,0.012533568126788465,-0.00774818401937046,-0.18299361655293858,-0.08308386528725512,0.08363636363636363,-0.0050891481399955975,-0.06439577371780762,0.04578032137354171,-0.20421747743781643,-0.06370900286154524,0.03592339863526304,-0.030724191063174113,-0.16120184899845916,0.004730354391371341,-0.029799691833590138,-0.11671582654633503,0.016128109178956636,0.31093990755007705,-0.144785384107418,-0.10463570327977108,0.0018908210433634162,0.13701738939027075,-0.014785384107418005,0.20154743561523222,-0.0872705260840854,0.14845476557340964,-0.22636363636363635,-0.06201408760730795,-0.21169931763152103,-0.18422187981510016,0.14876513317191284,0.05656834690732996,-0.03813999559762272,0.18510455646048865,,0.09704600484261501,0.2807329958177416,-0.2576359233986353,-0.027913273167510456,0.2820647149460709,-0.022962799911952454,-0.14513977547875853,0.2701584855822144,-0.2557957296940348,-0.09881135813339204,-0.017387189082104338,-0.03556240369799692,0.19532467532467532,0.11200308166409861,0.1988795949812899,0.265148580233326,0.04962799911952454,0.16983270966321815,0.1481796169931763,0.025544794188861984,0.25336781862205593,0.2504424389170152,0.16904028175214617,0.22150121065375303,-0.13325115562403697,0.08343165309267005,-0.10811798371120405,-0.04927801012546775
#12,0.4548404138234647,0.3873519700638345,1.0,0.5426106097292538,0.2938564825005503,0.3257010785824345,0.2752102135152983,0.02933303984151442,-0.11881796169931763,0.5230486462689853,0.27313669381465994,-0.013726612370680168,0.23627779000660357,-0.13143517499449703,-0.46896764252696455,-0.11699757869249394,0.6070988333700198,0.6188729914153643,0.1742526964560863,0.22220559101915033,-0.18824785384107418,-0.039922958397534666,-0.2994981289896544,-0.34082104336341623,0.020358793748624256,-0.0028219238388729915,0.35119524543253355,0.2767312348668281,0.4883116883116883,0.22026634382566587,0.5473827867048207,-0.018036539731454984,0.534983491085186,0.02820383006823685,-0.048322694254897644,-0.07481179837112041,-0.3853004622496148,-0.2679837112040502,-0.22954875632841734,-0.2822209993396434,-0.08913053048646269,0.02114902047105437,-0.1995861765353291,-0.06874532247413603,-0.18787365177195686,-0.4734338542813119,0.28550297160466653,0.39641646489104115,0.2771626678406339,0.34777679947171475,0.32519700638344706,0.29927140655954215,0.41935725291657494,0.45445960818842174,-0.06059652212194585,-0.253251155624037,-0.36557561082984813,-0.4644816200748404,-0.02222540171692714,0.07787365177195686,-0.17049746863306187,0.012540171692714066,-0.19430332379484921,0.05739159145938807,0.487706361435175,0.4833436055469954,-0.30169711644287917,-0.17469733656174335,-0.2769359454105217,-0.04303764032577592,0.05432313449262602,0.2429077701959058,-0.2516354831609069,0.2427030596522122,-0.6117433414043584,-0.16498128989654415,-0.44472815320272946,-0.2044089808496588,0.12105216817081224,-0.22220779220779222,-0.10133171912832929,0.3220559101915034,,-0.12421527624917456,0.12803213735417127,-0.30085406119304425,0.0875346687211094,0.07727272727272727,0.0068765133171912836,-0.3844904248294079,0.27421747743781644,-0.17811138014527844,-0.20495487563284173,0.10508254457407,0.15129650011005943,0.5437860444640106,0.26291877613911513,0.5436231565045124,0.6295421527624917,0.3139005062733876,0.5843803653973145,0.7210279550957517,0.2790116662998019,0.4612128549416685,0.1919128329297821,0.39431653092670044,0.3352916574950473,-0.12501430772617214,-0.04407880255337882,0.025080343385428132,-0.0486814880035219
#13,0.5319238388729914,0.3192515958617654,0.5426106097292538,1.0,0.021703720008804755,0.42084965881576053,0.16093330398415145,0.2159586176535329,0.02711204050187101,0.6107043803653973,0.22822364076601365,0.17278010125467752,0.28380585516178736,-0.15751265683469073,-0.4582434514637905,-0.16733215936605766,0.6014395773717808,0.4105392912172573,0.1507572088928021,0.14464450803433854,-0.17287915474356153,0.05776359233986353,-0.25003521901826986,-0.21540171692714066,0.12620515078142197,0.025811138014527845,0.3645102355271847,0.42396434074400174,0.3436605767114242,0.161699317631521,0.35798151001540834,-0.12273827867048206,0.3563152102135153,-0.10580893682588598,-0.10291217257318952,-0.1662227602905569,-0.41303764032577595,-0.368943429451904,-0.18537310147479638,-0.3170239929561963,0.007946290997138455,-0.01885097952894563,-0.30621395553598946,-0.22750605326876513,-0.17605546995377505,-0.4600440237728373,0.4280937706361435,0.4526084085406119,0.2349768875192604,0.1867246313009025,0.14591239269205372,0.10551397754787585,0.21320933303984152,0.2831388950033018,-0.08255558001320713,-0.23427250715386308,-0.2517389390270746,-0.4826722430112261,0.12455646048866388,0.045364296720228924,-0.1540677966101695,-0.0338300682368479,-0.06720228923618754,0.20980629539951573,0.4864274708342505,0.4260576711424169,-0.1929341844596082,-0.03712304644508034,-0.1776535329077702,-0.057340964120625136,0.027723970944309926,0.3806251375742901,-0.3151551837992516,0.16657715166189743,-0.49374642306845695,-0.17640325775918997,-0.3342108738718908,-0.14503852080123267,0.05401056570548096,-0.1293154303323795,-0.19583755227823024,0.5079022672243011,,-0.031027955095751705,0.14595421527624916,-0.09305965221219459,0.11554919656614572,0.13943429451904027,0.17206471494607087,-0.2609156944750165,0.3070416024653313,-0.026068677085626237,-0.10248073959938367,0.24138234646709222,0.16197446621175435,0.35523002421307504,0.16885758309487123,0.5164384767774598,0.5022672243011226,0.24332379484921857,0.4570526084085406,0.4884305524983491,0.2527955095751706,0.2755690072639225,0.15127668941228264,0.24513317191283293,0.24388729914153642,-0.13003521901826987,-0.010297160466651993,0.021593660576711426,-0.16403697996918337
#17,0.16886858903808055,0.4314637904468413,0.2938564825005503,0.021703720008804755,1.0,0.2552652432313449,0.46464450803433854,-0.14928681488003523,0.23575170592119746,0.1747391591459388,0.22834910851860005,0.21047985912392692,0.21526304204270305,0.05311688311688312,-0.10996478098173014,-0.1886946951353731,0.1264406779661017,0.263251155624037,-0.047426810477657934,-0.06702839533348008,-0.10948712304644508,-0.17771516618974245,-0.016277790006603565,-0.058197226502311246,-0.12561743341404358,-0.05306405458947832,-0.14436055469953776,-0.03643187321153423,0.242953995157385,0.03447941888619855,0.21325335681267885,0.06081003742020691,0.242227602905569,-0.14928681488003523,-0.040237728373321596,0.07850539291217257,-0.00020911292097732775,0.08832049306625578,0.2024719348448162,0.09862425709883336,0.1790380805635043,0.15399735857362976,-0.01285494166850099,0.24493946731234867,0.07473475676865507,-0.06828747523662777,0.08384767774598283,-0.03830068236847898,-0.10663878494386969,-0.12775478758529607,-0.09932643627558882,-0.13941888619854723,-0.15443319392471935,-0.05788906009244992,-0.13502091129209773,0.0275346687211094,-0.10193044243891701,-0.0063174114021571645,0.045985031917235304,0.12568346907329958,-0.040044023772837334,0.10942548976447282,0.15277129650011007,0.09208892802113142,-0.04896984371560643,0.14565925599823906,-0.04012106537530266,0.06274928461369139,-0.08709443099273607,0.14759850319172352,-0.046374642306845695,-0.07250935505172794,-0.08807836231565046,0.05441778560422628,-0.0884437596302003,0.005921197446621175,-0.08996918335901387,-0.03402597402597403,0.21768875192604006,0.0070394012766894125,0.1542064714946071,0.265478758529606,,0.11610829848117983,0.2636935945410522,-0.2533414043583535,0.0375214615892582,0.30490644948272067,-0.021124807395993837,-0.07632621615672464,0.17376843495487562,-0.23370680167290336,0.03364296720228924,0.06605987233105877,0.10574510235527185,0.10943429451904028,0.0651551837992516,0.20415144177856043,0.1461765353290777,0.01787805414924059,0.11691173233546115,0.17815100154083205,-0.05025313669381466,0.20153422848338104,0.15190402817521462,0.053922518159806296,0.16261941448382125,0.14740479859123926,0.1513053048646269,0.08452784503631962,0.10475236627779001
#18,0.45525863966541935,0.21806955756108298,0.3257010785824345,0.42084965881576053,0.2552652432313449,1.0,0.0625379705040722,-0.07975786924939467,0.022370680167290338,0.12230904688531807,0.19201408760730795,0.2899889940567907,0.5285626238168611,-0.18318291877613913,-0.3162491745542593,-0.11403257759189962,0.4670394012766894,0.2840501871010346,0.024692934184459607,0.05293858683689192,-0.2614615892581994,-0.11472154963680388,-0.12359894342945191,-0.05653973145498569,0.12244331939247194,-0.04017389390270746,-0.09008364516839093,0.11148139995597622,0.6606031256878715,0.0149636803874092,0.5987343165309267,0.27138895003301783,0.5424235086946951,0.16825005502971604,0.1905480959718248,0.026317411402157164,0.013623156504512436,-0.03840413823464671,-0.04568787145058331,0.014754567466431874,-0.0726700418225842,0.10276909531146819,-0.19372000880475457,0.1932489544353951,0.07865727492846136,-0.16854941668500992,0.19108958837772397,0.16049966982170372,-0.04182038300682368,-0.15364296720228923,-0.2292207792207792,-0.1328021131410962,-0.1038564825005503,0.08043803653973146,-0.3350869469513537,-0.25095971824785385,-0.3105062733876293,-0.31713625357693154,-0.008503191723530706,0.11691613471274488,-0.01512656834690733,0.1267774598283073,0.0784503631961259,0.17105216817081223,0.08298040942108739,0.10714946070878274,-0.17347127448822364,-0.31054369359454104,-0.17206031256878715,-0.05551837992515959,0.012817521461589258,0.24824345146379045,0.13905569007263924,0.21347127448822364,-0.12517279330838652,-0.28086726832489545,-0.31815760510675767,-0.22855822143957738,0.37616773057451025,-0.04803653973145498,-0.35637023992956196,0.44521681708122385,,0.23750605326876514,0.2776425269645609,-0.0739489324235087,0.08542152762491746,0.19726612370680166,0.07020691173233547,-0.28048426150121064,0.2842262821923839,-0.0006691613471274488,-0.024072198987453226,0.244620294959278,0.25550077041602465,0.3636011446180938,0.2931499009465111,0.3426766453885098,0.38116442879154744,0.2732247413603346,0.24794188861985472,0.5285362095531587,0.4073013427250715,0.07414263702399296,0.21753026634382566,0.43654853620955314,0.255181598062954,-0.01099273607748184,-0.09347347567686551,0.24755668060752806,0.029216376843495487
#26,0.2614373761831389,0.3373497688751926,0.2752102135152983,0.16093330398415145,0.46464450803433854,0.0625379705040722,1.0,0.2322540171692714,0.1099075500770416,0.40816420867268327,0.2647259520140876,0.08628659476117104,0.024985692273827867,0.18759189962579792,-0.14903147699757868,-0.12420867268324895,0.29584415584415585,0.09163988553819062,-0.02318071758749725,0.08226722430112261,0.197574290116663,-0.07780761611270086,-0.157376183138895,-0.29845476557340966,0.014472815320272947,-0.09066035659255998,0.07824345146379044,0.08053268765133172,0.09595641646489105,-0.02457627118644068,-0.004820603125687871,-0.16911512216596963,0.11096412062513758,-0.06472595201408761,0.021822584195465553,-0.06375963020030817,-0.16694475016508914,-0.17027734976887518,0.14600704380365398,0.02806075280651552,0.10397534668721109,-0.024552058111380146,0.15977988113581335,-0.013185119964780981,-0.11447501650891481,-0.23291657495047324,0.16860664758969843,0.16519260400616334,-0.009478318291877614,0.025817741580453444,0.015408320493066256,-0.0033348007924279112,0.06719348448162007,0.20541932643627558,0.19717367378384326,-0.002348668280871671,-0.2081862205591019,-0.2643517499449703,-0.11562623816861105,-0.020066035659256,-0.12924058991855603,-0.10154743561523223,-0.03155624036979969,0.11000220118864186,0.02436715826546335,0.11774818401937046,-0.0510807836231565,0.36316090688972047,0.0413911512216597,0.08366938146599164,0.12045564604886638,0.12108298481179837,-0.04348888399735858,0.3027492846136914,-0.3149196566145719,-0.1756812678846577,-0.19657715166189743,-0.08903808056350429,0.1303896103896104,-0.1385824345146379,0.20462249614791989,0.06290997138454765,,0.09982390490865067,0.17294298921417567,-0.2347325555800132,-0.09511336121505613,0.1878582434514638,-0.08349548756328418,-0.13404578472375084,0.19305524983491085,-0.41514417785604224,-0.37285053929121725,-0.048230244331939245,-0.052555580013207134,0.15387409200968524,-0.05757208892802113,0.2849042482940788,0.1509883337001981,-0.18742020691173233,0.06709443099273608,0.14202729473915915,2.8615452344265902e-05,-0.0274224081003742,-0.030959718247853842,-0.06826106097292538,0.09183359013867488,-0.1326106097292538,0.21637684349548755,-0.05235527184679727,0.021664098613251154
#49,0.353713405238829,0.1889390270746203,0.02933303984151442,0.2159586176535329,-0.14928681488003523,-0.07975786924939467,0.2322540171692714,1.0,0.07466651992075721,0.2525775918996258,0.3335461149020471,-0.0739225181598063,-0.014745762711864407,0.07697116442879155,-0.10745322474136033,-0.053279771076381245,0.2289984591679507,-0.21888399735857364,0.2224521241470394,0.027349768875192602,0.4070966321813779,0.10747083425049526,-0.08291657495047326,-0.1733017829627999,0.15958177415804534,0.005573409641206251,0.21636363636363637,0.2576645388509795,-0.22644508034338542,-0.055324675324675325,-0.2562271626678406,-0.2935329077701959,-0.21175654853620957,-0.16282412502751487,-0.22846136913933524,-0.1238762931983271,-0.11122386088487783,-0.25158485582214396,-0.16194144838212635,-0.12871230464450803,-0.0761633281972265,-0.1063284173453665,0.0007550077041602465,-0.17569667620515078,-0.19240810037420206,-0.2180233325996038,0.08556240369799692,0.2465067136253577,0.02792207792207792,0.10190622936385649,0.13344486022452123,0.1527624917455426,0.1678912612810918,0.03030376403257759,0.37370019810697774,-0.0692031697116443,0.03713405238828968,-0.18205150781421967,-0.20338542813119084,-0.1668016729033678,-0.19880475456746644,-0.2413119084305525,-0.3295003301782963,-0.1562161567246313,0.08221659696235968,0.09526304204270306,0.0068060752806515514,0.016850099053488884,0.06745102355271847,-0.2615078142196786,0.07355491965661458,0.045472154963680386,0.005760510675764913,0.18905569007263923,-0.08490204710543693,-0.008646268985252037,-0.18988994056790667,-0.13207351970063835,0.0072110939907550076,-0.05463790446841294,0.13747963900506274,-0.05871670702179177,,0.2112128549416685,-0.030206911732335463,0.06135373101474796,-0.23758529605987233,-0.07282632621615673,0.09762491745542592,0.11005062733876293,-0.11689192163768435,-0.10339203169711644,-0.22673563724411183,-0.26463790446841295,-0.3362491745542593,0.025874972485141978,-0.15865067136253577,0.0033348007924279112,0.00663878494386969,-0.32319392471934844,0.010704380365397314,-0.047508254457407,-0.1102179176755448,-0.23254677525863968,-0.210264142637024,-0.26610829848117984,-0.18605987233105878,-0.27187541272287036,-0.04312128549416685,-0.24897644728153204,-0.3370812238608849
#50,0.05714285714285714,0.2692714065595421,-0.11881796169931763,0.02711204050187101,0.23575170592119746,0.022370680167290338,0.1099075500770416,0.07466651992075721,1.0,0.11087607307946291,0.09389390270746203,0.28991195245432533,0.3075786924939467,0.0026084085406119306,0.05738498789346247,-0.22918556020250935,-0.18959498128989655,-0.2263812458727713,-0.23617873651771956,0.0663416244772177,0.05491525423728814,-0.09745322474136034,-0.05927360774818402,-0.12238828967642527,-0.1458595641646489,-0.3187827426810478,-0.4049042482940788,-0.1909949372661237,0.1012524763372221,-0.1826304204270306,-0.04307065815540392,0.07508474576271186,-0.06911952454325336,-0.021950253136693815,0.20990975126568348,0.18368699097512656,0.1882390490865067,0.24682588597842836,0.10559322033898305,0.0647655734096412,0.07682368478978649,-0.018652872551177636,0.17319392471934844,0.18740699977988112,0.2601562843935725,0.21046004842615013,-0.1164604886638785,-0.23218578032137355,-0.21709002861545235,-0.2293682588597843,-0.3061655293858684,-0.37528285274047984,-0.3247831829187761,-0.28025093550517277,0.08309707241910631,0.14803213735417126,0.2234404578472375,0.30163768434954874,0.20482280431432973,-0.0006559542152762491,0.08761611270085846,0.07090688972044905,0.15695795729694034,0.0865265243231345,-0.39940788025533785,0.027257318952234207,0.01437376183138895,0.03599823904908651,0.03947831829187761,0.23739819502531367,-0.23105877173673783,-0.22455646048866387,-0.035718688091569445,-0.0657869249394673,0.14581333920316972,-0.010666960158485582,0.14232005282852742,0.1448316090688972,0.04848778340303764,-0.004576271186440678,-0.03224961479198767,0.03289896544133832,,0.24478758529605987,0.3022452124147039,0.13109839313229144,0.1958067356372441,0.049918556020250936,-0.04677525863966542,-0.05927801012546775,0.09379484921857803,0.03532027294739159,0.09922518159806296,0.20923838872991415,0.14373981950253137,0.015905789126128108,-0.32031476997578695,-0.13659476117103236,-0.16020030816640987,-0.18525643847677745,-0.29675985031917235,-0.37681928241250273,-0.26311248073959936,-0.2402905569007264,-0.07328857583094871,-0.11171252476337222,-0.23892141756548535,0.15321373541712524,0.09282412502751486,0.2356174334140436,0.12902927580893683
#51,0.4821175434734757,0.4349284613691393,0.5230486462689853,0.6107043803653973,0.1747391591459388,0.12230904688531807,0.40816420867268327,0.2525775918996258,0.11087607307946291,1.0,0.31215936605767114,0.16861985472154964,0.06592119744662117,0.11627779000660357,-0.19806515518379925,-0.044675324675324674,0.5661435174994497,0.2937332159366058,0.06070658155403918,0.15435174994497028,-0.05467312348668281,0.044968082764692933,-0.1943297380585516,-0.12956856702619415,0.10332159366057671,0.10779220779220779,0.24137574290116662,0.2954347347567687,0.13132071318511995,0.08362315650451244,0.18438036539731456,-0.3200814439797491,0.22561303103675984,-0.05541272287034999,-0.07409861325115562,-0.3258441558441558,-0.38629760070438035,-0.3279837112040502,-0.13755227823024432,-0.24909971384547655,0.17479639005062733,0.014871230464450803,-0.10730574510235527,-0.10913053048646269,-0.03176535329077702,-0.23125467752586396,0.31211093990755007,0.39746423068456965,0.30282192383887296,0.18581774158045344,0.23271186440677966,0.13801452784503632,0.3103279771076381,0.19259960378604446,0.057708562623816864,-0.09410521681708123,-0.25480959718247853,-0.40765793528505395,0.03948932423508695,0.02355051727933084,-0.3517807616112701,-0.17864406779661016,-0.044754567466431874,0.0785494166850099,0.24348448162007483,0.3799383667180277,0.1186022452124147,0.1564340744001761,0.10730134272507154,0.17133171912832929,0.1340479859123927,0.3065111160026414,-0.25607968302883555,0.10937266123706801,-0.554307726172133,-0.23671582654633502,-0.4385450143077262,-0.25937266123706804,0.112920977327757,-0.05156944750165089,-0.1351617873651772,0.3090336781862206,,-0.11443099273607749,0.20654413383226944,-0.32219678626458287,-0.13426810477657936,0.16945630640545895,0.1782148360114462,-0.24443759630200307,0.3332709663218138,-0.21348888399735858,-0.16907329958177417,0.09016949152542372,-0.03737178076161127,0.36856042262821925,0.22114461809377065,0.4698371120405019,0.3457473035439137,0.06598062953995157,0.27308386528725515,0.3301848998459168,0.031082984811798373,0.12880475456746643,0.12477878054149241,0.1047919876733436,0.19931763152102136,-0.33675324675324675,-0.028866387849438697,-0.13329297820823244,-0.1126304204270306
#52,0.44436715826546336,0.408415144177856,0.27313669381465994,0.22822364076601365,0.22834910851860005,0.19201408760730795,0.2647259520140876,0.3335461149020471,0.09389390270746203,0.31215936605767114,1.0,-0.02607528065155184,0.3150385208012327,-0.1770327977107638,-0.21821703720008806,-0.18664979088707903,0.34276689412282635,0.07945630640545895,-0.01663878494386969,-0.16310807836231564,0.22613911512216597,-0.03899405679066696,0.0953070658155404,-0.10587497248514198,0.13122826326216155,0.00824785384107418,0.04904688531807176,0.11492185780321373,0.0936385648250055,-0.12211754347347567,0.0841734536649791,0.16523662777900067,0.16702399295619635,0.0014109619194364958,-0.20902707462029496,-0.11617873651771957,-0.053968743121285495,-0.09171912832929782,-0.017200088047545675,-0.07180057230904689,-0.14945410521681707,0.0003565925599823905,-0.2122033898305085,-0.04815980629539952,0.07858683689192164,-0.24740479859123926,0.10875632841734537,0.1212656834690733,0.023697996918335903,-0.001027955095751706,-0.03637464230684569,0.03578252256218358,0.07723750825445741,-0.02966982170372001,0.16187101034558662,-0.08687871450583315,-0.10651551837992516,-0.17570107858243453,-0.1718776139115122,-0.07570107858243451,0.05822804314329738,0.10923838872991415,-0.2282192383887299,-0.2514968082764693,-0.021989874532247412,0.1386352630420427,-0.18047985912392692,-0.2184503631961259,-0.06161787365177196,-0.12159806295399515,0.14218357913273166,0.1486550737398195,0.06069557561082985,0.1405084745762712,-0.1440413823464671,-0.11863306185340083,-0.12708342504952674,-0.13408320493066256,0.14636363636363636,-0.10872551177635924,-0.029852520360994936,0.0939291217257319,,-0.019663218137794407,0.07712744882236408,-0.05053709002861545,-0.12553598943429453,0.1794805194805195,-0.06501871010345586,-0.1000924499229584,-0.19260620735197007,-0.33820823244552056,-0.09656174334140435,-0.051756548536209555,-0.13721989874532248,0.04468853180717588,0.1344772176975567,0.2932555580013207,0.34307065815540394,0.13581774158045345,0.16478978648470174,0.23167730574510237,0.0645344486022452,0.03698437156064275,0.15380585516178735,0.13204050187101035,0.08738718908210434,-0.016101694915254237,0.11520140876073079,-0.009379264802993616,-0.04803433854281312
#53,0.13175654853620955,-0.07314769975786925,-0.013726612370680168,0.17278010125467752,0.21047985912392692,0.2899889940567907,0.08628659476117104,-0.0739225181598063,0.28991195245432533,0.16861985472154964,-0.02607528065155184,1.0,0.3484063394232886,0.11511776359233987,-0.06655073739819503,-0.26021571648690295,0.18305745102355273,-0.15523882896764252,-0.024499229583975348,-0.11557561082984812,-0.1544353951133612,-0.22062953995157386,-0.17248954435395114,0.014602685450143078,-0.13313009024873432,-0.014054589478318292,-0.10810037420206911,0.08647589698437157,0.1875544794188862,0.11945850759410082,0.02840193704600484,-0.006075280651551838,-0.0061809377063614356,0.17076161127008585,0.21500550297160467,-0.006029055690072639,-0.005828747523662778,0.014758969843715606,0.1466321813779441,-0.00848778340303764,0.33916574950473255,0.155379705040722,-0.0728351309707242,-0.02928021131410962,0.04162887959498129,0.08157384987893462,0.10789126128109179,-0.10991635483160907,-0.025734096412062514,-0.16354831609068898,-0.1716288795949813,-0.3100374202069117,-0.2496830288355712,-0.1062293638564825,-0.05861325115562404,-0.2647325555800132,0.06150781421967862,-0.02712524763372221,0.1336517719568567,0.11010785824345147,-0.122458727712965,0.04187321153422848,0.24182478538410743,0.35417125247633724,-0.06139555359894343,-0.011349328637464231,0.29818181818181816,0.007970504072198988,-0.16561082984811798,0.25458507594100815,-0.23519920757208893,-0.031793968743121286,0.03715166189742461,-0.08886418666079683,0.01914373761831389,-0.08055690072639225,-0.10664538850979528,-0.08334140435835351,0.20231785163988553,-0.1642262821923839,-0.08652872551177636,0.34277790006603565,,0.0823992956196346,0.16655073739819504,0.04790446841294299,0.1338961038961039,0.31597402597402596,0.3278582434514638,-0.04095531587057011,0.1785824345146379,0.1609949372661237,0.14762271626678405,0.2550231124807396,0.25894783182918774,0.06403918115782523,-0.003755227823024433,0.06036319612590799,-0.16945190402817523,0.0003587937486242571,-0.16563724411182038,-0.014144838212634823,-0.1512590799031477,-0.1817939687431213,-0.21523662777900066,0.0037926480299361656,-0.28993836671802775,-0.012007484041382346,-0.09279110719788686,0.22112920977327757,0.038113581333920316
#54,0.33033458067356375,0.24931102795509574,0.23627779000660357,0.28380585516178736,0.21526304204270305,0.5285626238168611,0.024985692273827867,-0.014745762711864407,0.3075786924939467,0.06592119744662117,0.3150385208012327,0.3484063394232886,1.0,-0.15139995597622716,-0.21318511996478098,-0.33031256878714504,0.3736121505613031,0.03407660136473696,-0.1651023552718468,-0.09798811358133393,-0.03211314109619194,-0.305775918996258,-0.04838432753686991,-0.1158925819942769,0.004530046224961479,-0.1792934184459608,-0.09902267224301123,0.05292097732775699,0.5411754347347568,-0.062260620735197,0.4502113141096192,0.25387409200968525,0.4033854281311908,0.1698084965881576,0.23325996037860444,0.06594541052168171,-0.015342284833810258,-0.05972044904248294,-0.06227382786704821,-0.012143957737178076,-0.010744001760950913,0.0836055469953775,-0.09195905789126128,0.17343385428131192,0.2505502971604667,-0.14781642086726832,0.21668280871670703,0.07174114021571648,0.11470173893902708,-0.05150121065375303,-0.36849878934624697,-0.12595861765353292,-0.03997138454765573,0.05544353951133612,-0.028608848778340305,-0.3474246092890161,0.031593660576711424,-0.14236187541272288,0.05491965661457187,0.2566651992075721,-0.004532247413603346,0.07494827206691614,0.05508254457407,0.049304424389170154,-0.06848338102575391,0.14584415584415583,-0.12998459167950693,-0.25346246973365616,-0.36720008804754567,-0.11062513757429011,-0.26617433414043584,0.03680607528065155,0.12129650011005944,0.06108298481179837,-0.08122386088487783,-0.13690292758089367,-0.24757869249394673,-0.17026854501430772,0.25756328417345364,-0.22355712084525645,-0.3926656394453005,0.4452718467972705,,0.15457186880915694,0.09102575390710983,-0.06646489104116222,0.15875192604006164,0.22217257318952235,0.10814659916354831,-0.351732335461149,0.27643187321153423,0.1948316090688972,0.14628439357252918,0.1429848117983711,0.1995773717807616,0.2678648470173894,0.13931543033237948,0.16904468412942988,0.2147721769755668,0.1441338322694255,0.15620515078142197,0.3037508254457407,0.07565045124367158,0.02806075280651552,0.09171032357473036,0.37919876733436053,0.07293638564825006,-0.0814505833149901,-0.13635923398635263,0.12905128769535548,-0.1072639225181598
#58,-0.15116442879154743,-0.10430772617213295,-0.13143517499449703,-0.15751265683469073,0.05311688311688312,-0.18318291877613913,0.18759189962579792,0.07697116442879155,0.0026084085406119306,0.11627779000660357,-0.1770327977107638,0.11511776359233987,-0.15139995597622716,1.0,-0.057105436935945414,-0.3058397534668721,-0.08086946951353731,-0.19985252036099493,-0.2341668500990535,-0.03408980849658816,-0.007158265463350209,-0.24767554479418885,-0.12790446841294298,0.047323354611490204,-0.0726172132951794,-0.07953554919656615,-0.01595641646489104,0.12251595861765353,-0.1383843275368699,-0.07670702179176755,-0.07276689412282633,-0.29310807836231567,0.003660576711424169,0.028492185780321373,0.24540832049306627,0.0822408100374202,-0.05601804974686331,-0.14546775258639666,0.10342504952674444,-0.08909531146819283,0.11468192824125027,-0.26507373981950255,0.15390710983931322,0.11223860884877834,0.11431653092670042,0.1717411402157165,0.06961699317631521,-0.0211864406779661,0.023359013867488444,0.13103235747303543,0.1671318511996478,-0.052733876293198326,-0.029788685890380806,-0.018534008364516838,-0.01325115562403698,-0.16492185780321372,0.10451904028175214,0.11068456966762051,0.23080123266563946,0.11578252256218358,-0.14848117983711204,-0.1165397314549857,0.09702839533348008,0.030264142637023993,-0.17124367158265463,-0.09475016508914814,0.46053488883997357,0.39895663658375524,0.14086066475896986,0.13609949372661237,-0.1212260620735197,0.03528505392912173,0.06772617213295179,-0.15311688311688312,0.11602245212414704,0.16786484701738938,-0.06317631521021351,-0.11378164208672684,0.11104556460488664,0.16022232005282852,-0.0713251155624037,0.04974466211754348,,0.047184679727052606,-0.07883777239709443,-0.07970944309927361,0.019731454985692273,-0.009106317411402156,-0.10073739819502531,-0.16437376183138894,0.05431432973805855,0.09600264142637024,0.12413163108078362,-0.034648910411622276,0.0032137354171252477,-0.0997622716266784,-0.09302003081664098,-0.05050847457627119,-0.21132731675104557,-0.29862645828747525,-0.15106977767994717,-0.1714637904468413,-0.2160642747083425,-0.20572749284613692,-0.13179616993176316,-0.13040942108738718,-0.18066255778120185,-0.1209619194364957,-0.022346467092229805,0.077442218798151,0.12626018049746862
#101,-0.3217015188201629,-0.1782984811798371,-0.46896764252696455,-0.4582434514637905,-0.10996478098173014,-0.3162491745542593,-0.14903147699757868,-0.10745322474136033,0.05738498789346247,-0.19806515518379925,-0.21821703720008806,-0.06655073739819503,-0.21318511996478098,-0.057105436935945414,1.0,0.4937178076161127,-0.3230244331939247,-0.1408496588157605,0.02324455205811138,-0.1743121285494167,0.318762931983271,0.10811798371120405,0.33734096412062514,0.4083711204050187,0.27674003962139554,0.22479418886198546,-0.1827492846136914,-0.31212634822804314,-0.26541492405899186,0.030983931322914375,-0.3896302003081664,-0.07404798591239269,-0.28749724851419767,0.15600704380365396,-0.0460378604446401,0.02304204270305965,0.5413581333920316,0.3911908430552498,0.30810477657935287,0.3789016068677086,0.19533348007924278,0.16239709443099273,0.27823024433193927,0.07957296940347788,0.13607087827426811,0.47055910191503414,-0.3209289016068677,-0.39018269865727495,-0.35452564384767776,-0.5465815540391812,-0.19795949812898966,-0.14906449482720668,-0.1172044904248294,-0.44703059652212196,0.2578538410741801,0.44816420867268325,-0.07084745762711864,0.04630640545894783,-0.24571868809156944,-0.48793968743121285,-0.008206031256878715,-0.1013647369579573,0.2551331719128329,0.12255998239049086,-0.3586044464010566,-0.45314549856922737,0.07234206471494607,0.13781642086726834,0.5835461149020471,0.21887079022672243,0.25075500770416026,-0.26594981289896547,0.32515078142196785,-0.2287079022672243,0.30108298481179835,-0.14414924058991854,0.21807175874972484,0.10124147039401277,0.17578252256218357,0.40244111820383005,0.12432313449262601,-0.34178956636583757,,0.02946731234866828,0.016020250935505173,-0.18957737178076162,-0.3618379925159586,-0.26804534448602246,0.23168390931102795,0.3482874752366278,-0.18812678846577152,-0.16480299361655293,-0.11718467972705261,-0.35898084965881577,-0.35368919216376843,-0.1790843055249835,0.07634602685450143,-0.3525841954655514,-0.4732621615672463,-0.22270085846357032,-0.2456086286594761,-0.36211314109619197,-0.18733215936605768,-0.1179308826766454,0.052940788025533786,-0.055767114241690514,0.11444860224521242,-0.08318952234206471,-0.05639665419326436,-0.3474994497028395,-0.14859784283513097
#102,0.021774158045344487,-0.060195905789126126,-0.11699757869249394,-0.16733215936605766,-0.1886946951353731,-0.11403257759189962,-0.12420867268324895,-0.053279771076381245,-0.22918556020250935,-0.044675324675324674,-0.18664979088707903,-0.26021571648690295,-0.33031256878714504,-0.3058397534668721,0.4937178076161127,1.0,-0.07469733656174334,0.012639225181598063,0.38555800132071316,0.4696764252696456,-0.05917455425930002,0.5298547215496368,-0.13595641646489104,0.21171692714065596,0.14442438917015188,0.16850539291217256,0.030187101034558662,-0.08433193924719348,-0.039966982170372,0.1994012766894123,-0.06614791987673344,-0.09296059872331058,-0.11465111160026414,-0.011521021351529825,-0.04892361875412723,-0.07220559101915035,0.11232885758309487,0.13236407660136473,-0.22515078142196787,0.09488443759630201,0.28044023772837334,0.3022033898305085,0.1527602905569007,0.054928461369139335,-0.1996566145718688,0.09070217917675545,-0.28383887299141536,-0.019639005062733875,-0.16561963460268544,-0.25284613691393354,-0.19231124807395994,0.05622496147919877,-0.03359454105216817,-0.14163988553819062,-0.07022232005282852,0.2153863086066476,-0.41870349988994054,-0.08068897204490424,-0.3427074620294959,-0.35132071318512,-0.2542504952674444,-0.2610213515298261,0.200132071318512,0.27727933083865286,0.25979969183359014,-0.016007043803653972,0.06990975126568347,0.12929341844596082,0.3929583975346687,0.27745102355271845,0.2557671142416905,0.13026194144838213,0.23690292758089368,0.23161127008584637,-0.009238388729914154,-0.18084525643847676,-0.139240589918556,-0.2183270966321814,-0.037620515078142194,0.2488267664538851,0.16022672243011227,-0.1753598943429452,,-0.059156944750165086,0.014563064054589478,-0.19219898745322475,-0.3207021791767555,-0.2893858683689192,0.3661457186880916,0.15219018269865728,-0.0072969403477878055,-0.3002113141096192,-0.3387012987012987,-0.2586814880035219,-0.2936099493726612,0.06782302443319392,0.18132951793968743,-0.16680827646929342,-0.08250275148580233,-0.006044464010565706,-0.012925379705040723,-0.059484921857803214,-0.04920757208892802,-0.12882236407660136,-0.08758309487123046,-0.050165089148139996,0.029931763152102137,-0.2844772176975567,-0.1748778340303764,-0.30568567026194143,-0.17281752146158927
#201,0.6346246973365618,0.30882236407660135,0.6070988333700198,0.6014395773717808,0.1264406779661017,0.4670394012766894,0.29584415584415585,0.2289984591679507,-0.18959498128989655,0.5661435174994497,0.34276689412282635,0.18305745102355273,0.3736121505613031,-0.08086946951353731,-0.3230244331939247,-0.07469733656174334,1.0,0.33621395553598943,0.23534228483381026,0.05391811578252256,0.03391371340523883,-0.0764208672683249,-0.11907550077041602,-0.19596302003081664,0.242524763372221,0.11301562843935725,0.4113515298261061,0.4000594320933304,0.422128549416685,0.15320052828527406,0.42441338322694255,-0.12692273827867048,0.3952520360994937,0.019568567026194146,0.015648250055029716,-0.2839071098393132,-0.33896103896103896,-0.37677525863966543,-0.12178516398855382,-0.28511336121505615,-0.008230244331939246,-0.0850561303103676,-0.19950033017829627,-0.12415144177856043,-0.04290556900726392,-0.40741360334580673,0.4424653312788906,0.5113647369579573,0.24686550737398194,0.1855183799251596,0.08955756108298481,0.12755227823024434,0.3199097512656835,0.3180101254677526,0.10590138674884438,-0.30720889280211316,-0.2883865287255118,-0.6122628219238389,-0.13441998679286815,0.021054369359454105,-0.3457318952234206,-0.15342945190402818,-0.22887079022672244,0.10688972044904248,0.43101915034118427,0.31099273607748185,-0.0715694475016509,-0.04231565045124367,-0.2614637904468413,-0.11449702839533347,0.03955315870570108,0.1794519040281752,-0.02388069557561083,0.10910631741140216,-0.5444838212634823,-0.28918556020250935,-0.5645696676205151,-0.4229561963460269,0.2228351309707242,-0.15110939907550078,-0.20122165969623595,0.44668060752806515,,-0.010475456746643188,0.04562623816861105,-0.27540832049306624,-0.06616773057451024,0.18772617213295179,0.12422408100374202,-0.355808936825886,0.34298481179837115,-0.11827426810477658,-0.20232885758309488,-0.025108958837772397,0.024025974025974027,0.524356152322254,0.2693946731234867,0.6480915694475017,0.44090688972044906,0.13523882896764253,0.5182038300682369,0.6080717587497249,0.2507902267224301,0.21565265243231346,0.040928901606867706,0.26826986572749284,0.22722430112260622,-0.3421307506053269,-0.05429011666299802,-0.13638124587277128,-0.26184239489324235
