,#10,#11,#12,#13,#17,#18,#26,#49,#50,#51,#52,#53,#54,#58,#101,#102,#201,#202,#301,#302,#401,#402,#501,#502,#601,#602,#701,#702,#801,#802,#901,#902,#1001,#1002,#1101,#1102,#1201,#1202,#1301,#1302,#1401,#1402,#1501,#1502,#1601,#1602,#1701,#1702,#1801,#1802,#1901,#1902,#2001,#2002,#2101,#2102,#2201,#2202,#2301,#2302,#2401,#2402,#2501,#2502,#2601,#2602,#2701,#2702,#2801,#2802,#2901,#2902,#3001,#3002,#3101,#3102,#3201,#3202,#3301,#3302,#3401,#3402,#3455,#3501,#3502,#3601,#3602,#3701,#3702,#3801,#3802,#3901,#3902,#4001,#4002,#4101,#4102,#4201,#4202,#4301,#4302,#4401,#4402,#4501,#4502,#4601,#4602,#4701,#4702,#4801,#4802
#10,1.0,0.4609289016068677,0.4597644728153203,0.5960488663878495,0.2116552938586837,0.25990314769975786,-0.07510675764913054,0.2621241470394013,0.21950473255558,0.526797270526084,0.4996169931763152,0.2179176755447942,-0.004578472375082545,-0.12032797710763812,-0.3594673123486683,-0.35798591239269206,0.376616773057451,0.29749944970283954,-0.24787805414924058,-0.1722738278670482,-0.4414791987673344,-0.12907770195905788,0.019790887079022674,0.15750605326876513,-0.0238300682368479,-0.07109839313229144,0.14225621835791327,0.32467752586396653,-0.10151661897424609,0.03675544794188862,0.05475236627779001,0.09372220999339644,0.006817081223860885,0.1198811358133392,-0.04364957076821484,-0.20795729694034779,-0.06981289896544134,-0.2106647589698437,0.06750385208012327,-0.2525379705040722,0.09991635483160907,0.040854061193044244,0.11316530926700419,-0.26118423948932423,0.014457406999779881,-0.06449262601804975,0.2860972925379705,0.23211754347347568,0.08728593440457848,0.19867048206031257,0.17608848778340302,0.3975676865507374,0.3288641866607968,0.34568567026194147,-0.03385428131190843,0.14289896544133832,-0.3148866387849439,-0.34589698437156063,-0.018148800352190183,-0.11190182698657275,-0.0475610829848118,-0.006845696676205151,-0.18596962359674224,-0.1402949592780101,0.20327536869909751,0.10843055249834911,-0.22469733656174334,0.006282192383887299,-0.09049306625577812,-0.18107638124587278,0.07143957737178076,0.21314329738058552,-0.0362821923838873,-0.17723530706581553,-0.25900946511116,-0.15985031917235307,-0.2364208672683249,0.043145498569227385,-0.21444640105657053,-0.03651992075720889,0.018714505833149903,0.24639225181598062,-0.021399955976227163,0.08569667620515078,0.11200088047545674,-0.02230464450803434,0.15034118423948933,0.17290997138454767,-0.023224741360334582,0.09383226942548976,-0.10939027074620294,0.19674884437596302,0.14594981289896544,0.3152894563064055,0.16450143077261722,0.16555580013207133,0.01799471714725952,0.3172463130090249,0.40323706979814045,0.23321813779440898,0.36965221219458505,0.12084085406119305,0.1332357473035439,0.10139115122165969,0.17643627558881797,0.08984591679506934,0.22807836231565046,-0.10267664538850979,0.037770195905789124,0.11493946731234866,0.07290556900726393
#11,0.4609289016068677,1.0,0.4410763812458728,0.48310147479639004,0.23904688531807175,0.3117059211974466,-0.015036319612590799,0.46431653092670044,0.33582434514637904,0.3090953114681928,0.3808056350429232,0.2801716927140656,0.10405018710103456,-0.0913185119964781,-0.22044684129429892,-0.16430112260620736,0.18041162227602905,0.05347787805414924,-0.2669293418445961,-0.14343385428131192,-0.268168611049967,0.01848778340303764,-0.13217917675544794,-0.000673563724411182,-0.06028615452344266,-0.3953334800792428,0.12424169051287695,0.07779220779220779,-0.09436055469953775,-0.040301562843935726,0.05844816200748404,-0.33766894122826324,-0.022509355051727933,-0.0487145058331499,-0.2310939907550077,-0.28375963020030814,-0.37620074840413825,-0.4589918556020251,-0.035115562403697995,-0.2553070658155404,-0.17046224961479198,-0.20945630640545895,0.12645608628659477,-0.19588157605106757,0.17980849658815762,0.14155403918115783,0.04532027294739159,-0.01687211093990755,0.007979308826766453,0.09270085846357033,0.21806295399515738,0.25867928681488006,0.2554633502091129,0.19856042262821924,0.018545014307726173,-0.18056350429231785,-0.34654413383226945,-0.3986880915694475,0.17226282192383888,0.04727933083865287,-0.06022892361875413,0.1014968082764693,-0.14268765133171912,-0.05821043363416245,0.10081223860884878,-0.010107858243451463,-0.12448382126348229,-0.062240810037420206,-0.22373541712524764,-0.09199647809817302,0.12058771736737839,0.26003081664098615,-0.038848778340303765,0.13238828967642527,-0.2743671582654634,-0.19539951573849879,-0.34578692493946733,0.03783623156504513,-0.03149900946511116,0.07089368258859784,0.1564406779661017,0.12708342504952674,-0.01675985031917235,0.08808716707021792,-0.08308386528725512,0.09686770856262382,0.033792648029936166,-0.05336781862205591,-0.19219238388729915,0.0587739379264803,-0.05336781862205591,-0.011371340523882896,0.10662117543473476,0.12857362976007045,0.09691833590138675,0.01413383226942549,-0.1904688531807176,0.20127008584635703,0.17234105895944662,0.2222232005282853,0.26290336781862206,0.014895443539511336,0.03543693594541052,-0.020411622276029055,0.05340964120625138,-0.031915034118423946,0.1792956196346027,-0.011521021351529825,-0.0600858463570328,0.029412282632621616,0.24804754567466433
#12,0.4597644728153203,0.4410763812458728,1.0,0.654437596302003,0.41024653312788906,0.5682742681047765,-0.04087607307946291,0.35677966101694913,0.13606207351970065,0.6272176975566806,0.37656174334140435,0.1601782962799912,0.13701738939027075,-0.2680585516178737,-0.48845476557340967,-0.4303015628439357,0.6248492185780321,0.5650847457627118,-0.5036275588817962,-0.4044948272066916,-0.29119524543253356,0.1910873871890821,-0.027107638124587278,0.373350209112921,0.057944089808496586,-0.26439357252916573,0.6639731454985692,0.3807197886858904,0.011686110499669822,-0.06503191723530706,0.42383447061413165,-0.038056350429231785,0.37601584855822145,0.11916574950473255,-0.23615232225401717,-0.3188729914153643,-0.3383138895003302,-0.4205811138014528,0.1766982170372001,-0.19313009024873432,-0.18980409421087388,-0.29438917015188204,-0.039319832709663216,-0.5077195685670262,-0.016993176315210214,-0.17349768875192603,-0.05859784283513097,-0.005141976667400397,0.28933744221879815,0.344058991855602,0.43068897204490425,0.6154017169271406,0.7019348448162007,0.6429187761391151,0.16585296059872331,0.17130970724191064,-0.4270988333700198,-0.5690732995817741,-0.23182918776139116,-0.23864406779661018,-0.24292758089368258,-0.06146158925819943,-0.4784393572529166,-0.4046951353731015,0.4573057451023553,-0.21316751045564605,-0.38375522782302446,-0.29363636363636364,-0.2681135813339203,-0.2977525863966542,0.3076271186440678,0.31597402597402596,-0.07696676205150782,0.33241030156284396,-0.4136231565045124,-0.10693814659916355,-0.3856504512436716,-0.01224521241470394,0.02316090688972045,0.0811005943209333,0.18466211754347348,0.1679506933744222,-0.08554039181157826,0.0037948492185780323,-0.13376623376623376,-0.06311468192824125,-0.16969843715606428,-0.11029275808936825,-0.3182280431432974,0.17016729033678185,-0.10740039621395554,-0.01568567026194145,-0.011406559542152762,-0.03891481399955976,-0.15792207792207794,0.538267664538851,-0.13368038740920096,0.608727712965001,0.35150250467895744,0.5661677305745102,0.6756460488663879,0.608712304644508,0.07178076161127009,0.4716420867268325,0.2943209333039842,0.34390050627338764,0.5906735637244112,-0.24555359894342946,0.13944309927360773,-0.2699405679066696,-0.24958837772397094
#13,0.5960488663878495,0.48310147479639004,0.654437596302003,1.0,0.21244111820383008,0.3868258859784284,0.0700198106977768,0.2627294739159146,0.28718027734976886,0.6018886198547215,0.33053488883997356,0.22124807395993837,0.17432753686990976,-0.12328197226502312,-0.3388928021131411,-0.40695135373101476,0.37339203169711643,0.3183513097072419,-0.15290556900726393,-0.22110939907550076,-0.3014219678626458,-0.07665199207572089,0.041571648690292756,0.15084745762711865,0.1413449262601805,-0.16148580233325996,0.3602487343165309,0.19710983931322915,0.04676645388509795,0.013022232005282852,0.11232445520581114,-0.0639159145938807,0.016486902927580895,-0.05991855602025094,0.09320933303984151,-0.08264142637023993,-0.03704380365397315,-0.1995839753466872,0.20291657495047324,-0.26031256878714504,0.07086286594761171,0.07058771736737839,0.09982610609729253,-0.2527955095751706,0.05221439577371781,-0.12608188421747743,0.19066255778120184,0.07290336781862206,0.19269425489764472,0.14776139115122167,0.1964274708342505,0.32389830508474576,0.38482280431432975,0.31102575390710985,0.0551089588377724,0.05810257539071098,-0.341831388950033,-0.40226942548976447,-0.056037860444640104,-0.14423068456966762,-0.03321813779440898,-0.06851199647809818,-0.07714946070878274,-0.11425930002201189,0.20899405679066696,-0.20794849218578032,-0.14554259300022013,-0.03661677305745102,-0.10076381245872772,-0.27859784283513095,0.04566585956416465,0.062150561303103674,-0.043612150561303104,-0.0300858463570328,-0.2659784283513097,-0.22418886198547217,-0.3319832709663218,-0.13443759630200308,-0.005005502971604667,0.04343165309267004,0.10365177195685671,0.18716266784063396,-0.04523002421307506,0.14304204270305965,-0.09544353951133612,0.008067356372441117,-0.004635703279771077,-0.04791107197886859,-0.05030816640986133,0.1359388069557561,0.028604446401056572,0.0652410301562844,0.043273167510455644,0.16912832929782082,0.05968963240149681,0.13491305304864626,-0.08160026414263702,0.30287034998899404,0.1853632981308327,0.3823750825445741,0.42767554479418884,0.2086352630420427,0.06968523002421308,0.20719568567026195,0.09793528505392912,0.04690072639225182,0.23905348888399736,-0.10418225841954655,-0.03568787145058332,0.019322033898305085,-0.05543693594541052
#17,0.2116552938586837,0.23904688531807175,0.41024653312788906,0.21244111820383008,1.0,0.2819326436275589,-0.15394893242350868,-0.000387409200968523,-0.045408320493066257,0.21863746423068456,0.24955095751705922,0.16311027955095753,0.07453664979088707,-0.04798151001540832,-0.4090688972044904,-0.3682852740479859,0.24091349328637465,0.32863966541932643,-0.3334272507153863,-0.08136253576931543,-0.43011446180937707,0.046264582874752366,0.07219018269865728,0.28432313449262603,-0.12736517719568566,-0.0018622055910191503,0.05938366718027735,0.09665639445300463,0.04119084305524984,0.13519920757208892,0.28431432973805854,0.21936825885978428,0.35105216817081225,0.3202509355051728,-0.1811930442438917,-0.01935064935064935,-0.028562623816861105,-0.029801893022232004,0.12675985031917236,0.0737178076161127,0.031864406779661014,-0.03201188641866608,0.057633722209993396,-0.12238388729914154,0.20250275148580232,0.10821923838872992,-0.22402597402597402,-0.10018710103455866,0.05620735197006384,0.11047325555800132,0.16667400396213955,0.3215694475016509,0.30608628659476117,0.37734756768655076,0.0726700418225842,0.06195025313669381,-0.21141536429672023,-0.1615166189742461,-0.02504732555580013,0.16500550297160466,-0.14615892581994278,0.02223200528285274,-0.2653202729473916,-0.30260840854061194,0.07685230024213074,0.0627823024433194,-0.18718688091569446,-0.10914373761831389,-0.21875632841734538,-0.023962139555359894,0.32478538410741803,0.24412282632621615,-0.18622055910191504,0.12439137134052389,-0.24856042262821923,0.09534448602245213,-0.017862645828747525,0.14094430992736076,-0.19218578032137354,0.1923992956196346,0.03787805414924059,0.1804688531807176,-0.02735417125247634,0.092590799031477,0.20807175874972486,0.1343187321153423,0.014891041162227604,0.05764913053048646,0.028602245212414702,0.2399933964340744,0.12979308826766453,0.11401276689412283,0.14526964560862865,0.04791107197886859,-0.04845256438476778,0.1738762931983271,0.10491305304864627,0.17960818842174775,0.001615673352230793,0.3040457847237508,0.2993814659916355,0.328432753686991,0.15440677966101696,0.25073519700638347,0.14102575390710984,0.285214615892582,0.39169931763152105,-0.015296059872331059,0.21290997138454765,-0.1036385648250055,-0.049418886198547216
#18,0.25990314769975786,0.3117059211974466,0.5682742681047765,0.3868258859784284,0.2819326436275589,1.0,0.02172573189522342,0.3098723310587717,0.05285494166850099,0.1793858683689192,0.3839093110279551,0.5811622276029056,0.5988333700198107,-0.05852740479859124,-0.29040721989874535,-0.3279683028835571,0.20585296059872332,0.44885538190622937,-0.3667444419986793,-0.47486902927580893,-0.3216068677085626,-0.022287034998899405,-0.1435527184679727,0.26644948272066915,-0.13028615452344267,-0.20826546335020912,0.2658133392031697,-0.05288575830948712,0.2933766233766234,0.18968082764692934,0.5550715386308607,0.16393132291437376,0.24886858903808057,-0.2120427030596522,-0.04919876733436056,-0.1754259300022012,-0.3255029716046665,-0.3543979749064495,-0.20071538630860664,-0.32273387629319833,-0.09592780101254678,-0.13458287475236627,0.0540017609509135,-0.13823904908650672,-0.03762271626678406,0.04076381245872771,-0.010358793748624258,-0.0810345586616773,0.18702399295619634,0.1828527404798591,-0.15497248514197667,0.10851419766674004,0.23070878274268106,0.18559762271626679,-0.20049526744441998,-0.31505392912172575,-0.30197446621175433,-0.4391371340523883,-0.2484833810257539,-0.25659035879374864,-0.0726502311248074,-0.23837552278230245,-0.1616090688972045,-0.20140215716486903,0.3008892802113141,-0.41802553378824564,-0.15044904248294078,-0.16546775258639665,-0.25892141756548537,-0.3950561303103676,0.2797930882676645,-0.11136033458067357,0.33911292097732776,0.26943649570768213,-0.05937706361435175,-0.0036539731454985694,-0.16940347787805415,-0.09034778780541493,0.20625137574290117,0.20502091129209774,0.4776865507373982,0.5162777900066036,0.32869909751265686,0.3420250935505173,0.09322254017169271,0.16388069557561083,-0.24457406999779882,0.06200308166409861,0.14430332379484923,0.17347567686550738,-0.0952608408540612,0.0853929121725732,-0.08207792207792208,-0.17476337222099933,-0.3866982170372001,0.3429451904028175,-0.200759410081444,0.26189962579793086,-0.050528313079642846,0.24426810477657934,0.13787365177195685,0.4251749944970284,0.2776997578692494,0.340792427911072,0.020878274268104777,0.1346070878274268,0.18425049526744441,-0.219636803874092,-0.05329958177415804,-0.23283072859344045,-0.2283447061413163
#26,-0.07510675764913054,-0.015036319612590799,-0.04087607307946291,0.0700198106977768,-0.15394893242350868,0.02172573189522342,1.0,0.06904688531807177,-0.07500550297160467,0.04534668721109399,0.15323354611490206,0.01832049306625578,0.07464891041162228,0.4915870570107858,-0.07584415584415584,-0.054435395113361214,-0.011353731014747964,-0.08519040281752147,-0.036337222099933966,0.004045784723750825,0.07060092449922958,-0.1148580233325996,0.044512436715826546,-0.11285714285714285,-0.08707021791767554,-0.015927801012546774,0.10214836011446181,0.06348888399735857,-0.19237728373321594,-0.29014747963900506,-0.0762029495927801,-0.11042703059652212,-0.07087387189082105,-0.23454765573409642,0.12011446180937706,-0.07478098173013427,-0.025727492846136915,-0.1139885538190623,0.06808936825885978,0.09494607087827427,0.23990975126568348,-0.10836451683909311,0.03207351970063835,-0.06005502971604666,0.11793748624257099,0.07184019370460049,0.038895003301782964,-0.031879815100154085,0.17203830068236847,-0.0836187541272287,-0.20603345806735637,-0.17587057010785825,-0.14703720008804755,-0.07936605767114242,-0.2788531807175875,-0.17164648910411623,0.10769975786924939,0.04804974686330619,0.21610829848117985,0.29423288575830947,0.10794408980849658,0.09508694695135374,0.2997578692493947,0.2768016729033678,0.057990314769975786,0.017277129650011006,0.40328417345366496,0.3935219018269866,-0.15504512436715825,-0.24128329297820822,-0.030554699537750384,-0.049975786924939467,-0.15678626458287476,-0.05182478538410742,0.1621681708122386,0.11876293198327097,0.11644067796610169,0.02406779661016949,-0.018036539731454984,-0.055520581113801454,-0.14118423948932424,-0.15888179616993175,-0.08353731014747964,0.14863966541932644,0.10570327977107638,-0.01707241910631741,-0.06015408320493066,-0.40223200528285274,-0.06313229143737618,0.09339423288575831,0.2116795069337442,0.10809597182478538,0.17952894563064054,-0.05339203169711644,0.06211534228483381,-0.1554853620955316,-0.16169271406559543,-0.06063394232885758,-0.1563813319289979,-0.05328857583094871,-0.08664098613251156,-0.0387673343605547,0.03125687871450583,0.025894783182918775,-0.09696456086286595,-0.005885978428351309,-0.05781862205591019,0.1783314990094651,0.17423508694695136,0.10465331278890601,0.033442659035879375
#49,0.2621241470394013,0.46431653092670044,0.35677966101694913,0.2627294739159146,-0.000387409200968523,0.3098723310587717,0.06904688531807177,1.0,0.32636363636363636,0.19875632841734536,0.26561963460268545,0.3508518600044024,0.3501166629980189,-0.08788685890380805,-0.17478318291877615,-0.2404490424829408,0.2237310147479639,0.1102179176755448,-0.1481488003521902,-0.2532797710763812,-0.1513383226942549,-0.016700418225841954,0.072788906009245,0.15822364076601364,-0.06606867708562623,-0.29858023332599604,0.2914813999559762,0.1985296059872331,0.1473365617433414,0.05655293858683689,0.21012106537530267,-0.347409200968523,-0.02509355051727933,-0.21608628659476117,-0.03818401937046005,-0.2792471934844816,-0.3916883116883117,-0.4527690953114682,-0.043284173453664976,-0.15461589258199426,-0.14899845916795068,-0.14480959718247854,0.03728813559322034,-0.1630310367598503,0.22101254677525864,0.18191723530706583,0.020915694475016507,0.012643627558881796,0.17347127448822364,0.26360114461809375,0.19548976447281532,0.3120559101915034,0.3936781862205591,0.1766365837552278,0.09536209553158706,-0.08877834030376404,-0.10983050847457627,-0.3137684349548756,-0.050314769975786926,-0.18507814219678626,-0.14795069337442218,-0.11121505613031037,-0.04244331939247194,0.007609509134932864,0.09269425489764473,-0.0032599603786044465,-0.01888839973585736,-0.13923178516398854,-0.17325996037860444,-0.24127668941228264,0.04137574290116663,0.06992515958617654,0.15242130750605326,0.25830288355712083,-0.21323134492626017,-0.23657054809597183,-0.373530706581554,-0.2084701738939027,0.21197446621175434,0.20944309927360774,0.1836847897864847,0.2084371560642747,0.1765133171912833,0.17687211093990754,-0.07379264802993617,-0.10945410521681709,-0.24778560422628218,-0.041457186880915695,-0.24089808496588158,0.06372220999339644,-0.26479418886198547,-0.18857142857142858,-0.17049086506713626,-0.18511776359233986,-0.20971164428791547,0.036843495487563285,-0.15540832049306624,0.24468412942989215,0.07846911648092564,0.117442218798151,0.3066057671142417,0.29479639005062735,-0.1986748844375963,-0.01614571868809157,-0.09086726832489544,-0.10716266784063394,0.06737398195025314,-0.2535835351089588,-0.16382126348228043,-0.16674003962139555,-0.12016288795949813
#50,0.21950473255558,0.33582434514637904,0.13606207351970065,0.28718027734976886,-0.045408320493066257,0.05285494166850099,-0.07500550297160467,0.32636363636363636,1.0,0.18227162667840635,0.08047985912392693,0.04818622055910191,0.13482720669161347,-0.12794188861985473,-0.008417345366497908,-0.004615892581994277,0.0037772397094430993,0.10294519040281752,0.0574884437596302,-0.008712304644508034,-0.11886418666079683,0.11940127668941228,0.18869689632401496,-0.012949592780101256,0.07103896103896104,-0.23887079022672242,0.0924653312788906,0.1489588377723971,0.058029936165529386,0.08380145278450363,-0.046293198327096635,-0.38488883997358575,-0.13093330398415143,-0.22684349548756327,0.10631741140215717,-0.09060972925379705,-0.06544133832269425,-0.10441998679286815,-0.06489984591679507,-0.17515958617653532,0.07888399735857363,0.16617213295179398,0.15203609949372662,-0.029139335241030156,-0.043986352630420424,0.03167730574510236,0.20885538190622938,0.08959278010125468,0.03337662337662338,0.19199647809817302,0.0015188201628879596,0.21848558221439576,0.14876513317191284,0.22438256658595643,0.16303984151441778,0.05983931322914374,-0.11784063394232885,0.01742460928901607,-0.059977988113581335,-0.20695135373101475,-0.01853841074180057,-0.04211314109619194,0.021327316751045565,0.07496147919876733,-0.02290116662998019,-0.0263020030816641,0.0724851419766674,-0.04154083204930663,0.02629319832709663,-0.07574069997798812,-0.06081884217477438,-0.06037860444640106,0.2083645168390931,0.08205150781421967,-0.09021131410961919,-0.13533127889060093,-0.14116883116883117,-0.08045564604886639,0.19945410521681708,0.08703720008804755,-0.08161347127448822,0.0651683909311028,0.12503852080123268,-0.06997138454765574,0.007147259520140876,-0.14488003521901827,-0.060845256438476776,0.04043803653973146,0.18249614791987673,-0.1445344486022452,-0.08636363636363636,0.031041162227602906,-0.035861765353290775,0.1352608408540612,0.004342945190402818,-0.006614571868809157,-0.05722870349988994,0.02794188861985472,0.1337332895296755,0.023819062293638563,0.24490644948272067,-0.007712965001100594,-0.12427250715386308,0.01338102575390711,-0.09771516618974246,-0.10880255337882457,-0.08941888619854721,-0.043587937486242574,-0.05379484921857803,-0.0651419766674004,-0.1263152102135153
#51,0.526797270526084,0.3090953114681928,0.6272176975566806,0.6018886198547215,0.21863746423068456,0.1793858683689192,0.04534668721109399,0.19875632841734536,0.18227162667840635,1.0,0.4736583755227823,0.14154523442659037,0.06827867048206031,-0.09032357473035439,-0.27704380365397313,-0.2853907109839313,0.6103521901826987,0.35590578912612814,-0.24531807175874973,-0.25591239269205374,-0.1970195905789126,-0.07171692714065596,0.08478538410741801,0.20859123926920536,0.03999559762271627,-0.24184899845916796,0.5077129650011006,0.2806669601584856,-0.05029936165529386,-0.12796169931763152,0.1362953995157385,-0.08653532907770196,0.11360334580673563,-0.02403697996918336,-0.17156504512436715,-0.2799537750385208,-0.17495267444419987,-0.29352190182698656,0.34663438256658596,-0.22910631741140217,-0.07337882456526525,-0.07031917235307066,-0.04893902707462029,-0.40000880475456746,0.16873871890821043,-0.14210653753026634,0.05056570548095972,-0.051199647809817304,0.13806075280651553,0.09292978208232446,0.31990314769975786,0.4219854721549637,0.49523002421307505,0.4251463790446841,0.1882720669161347,0.1063086066475897,-0.2390182698657275,-0.46572529165749504,-0.09033458067356373,-0.2451551837992516,-0.045494166850099056,-0.08431653092670041,-0.24782742681047765,-0.19000440237728372,0.26648690292758087,-0.08055910191503411,-0.24923838872991416,-0.210627338762932,-0.17166850099053488,-0.24527624917455426,0.0961104996698217,0.2436583755227823,-0.04058771736737839,-0.03135593220338983,-0.2985670261941448,-0.28980629539951575,-0.3173299581774158,-0.0374818401937046,0.03771956856702619,0.09373321593660577,0.12014747963900506,0.07247633722209994,-0.13703059652212193,-0.015518379925159587,0.015551397754787585,-0.1313317191283293,-0.08773717807616113,0.017204490424829407,-0.19128109178956637,0.20053488883997359,-0.018963240149680826,0.008683689192163769,-0.0058199427690953116,0.016896324014968083,-0.03603786044464011,0.3148822364076601,-0.08963240149680828,0.4887717367378384,0.3691164258840675,0.4017785604226282,0.512047105436936,0.4041008144397975,0.012786704820603127,0.30848558221439576,0.23765793528505394,0.17508474576271185,0.3439643407440018,-0.14950253136693814,0.04692934184459608,-0.04728593440457847,-0.17648910411622276
#52,0.4996169931763152,0.3808056350429232,0.37656174334140435,0.33053488883997356,0.24955095751705922,0.3839093110279551,0.15323354611490206,0.26561963460268545,0.08047985912392693,0.4736583755227823,1.0,0.3499691833590139,0.13860444640105657,-0.0006911732335461149,-0.36662337662337663,-0.2863284173453665,0.3627096632181378,0.26068236847897863,-0.2548822364076601,-0.2268346907329958,-0.3252762491745543,-0.222392692053709,-0.22709443099273607,0.056647589698437154,-0.0861831388950033,-0.16213295179396875,0.1649240589918556,0.020827646929341845,-0.013585736297600704,-0.053279771076381245,0.261171032357473,0.013123486682808716,0.1629650011005943,0.06443539511336122,-0.1273695795729694,-0.17268104776579352,-0.10779661016949152,-0.17623376623376624,0.09003081664098614,-0.21489324235086946,0.037310147479639004,-0.002401496808276469,-0.019647809817301343,-0.2161897424609289,-0.007684349548756329,-0.20442659035879374,0.24580673563724412,0.16057230904688533,0.011591459388069558,-0.03771516618974246,-0.0033039841514417786,0.1360312568787145,0.21979749064494827,0.137607307946291,-0.19846577151661898,-0.12440017609509135,-0.18314990094651112,-0.31677085626238166,0.05150781421967863,-0.07887519260400616,-0.06027955095751706,-0.06584415584415584,-0.1902839533348008,-0.18692053709002862,0.32504512436715827,-0.08902047105436936,-0.08460928901606868,0.01338762931983271,-0.079735857362976,-0.09006823684789786,0.3186110499669822,0.2748734316530927,0.12962139555359894,0.05185340083645169,0.10319172353070657,0.07549636803874092,-0.10208012326656395,0.04484481620074841,-0.0031234866828087167,-0.04552058111380145,0.18241030156284394,0.2431653092670042,0.06988333700198107,0.1112590799031477,0.07040281752146159,-0.11959057891261281,-0.0816354831609069,-0.08572749284613691,0.08329297820823245,0.08538630860664759,-0.03559542152762492,0.12890160686770857,-0.04836671802773498,0.012670041822584195,-0.12721329517939686,0.242491745542593,-0.2035329077701959,0.3371648690292758,0.18675995309267251,0.30074180057230904,0.21853841074180058,0.2646731234866828,0.1658199427690953,0.19713405238828968,0.24788245652652433,0.2479903147699758,0.256649790887079,-0.1012326656394453,0.10898745322474136,0.02747743781642087,0.04898745322474136
#53,0.2179176755447942,0.2801716927140656,0.1601782962799912,0.22124807395993837,0.16311027955095753,0.5811622276029056,0.01832049306625578,0.3508518600044024,0.04818622055910191,0.14154523442659037,0.3499691833590139,1.0,0.6912568787145058,0.13266784063394232,-0.09106317411402157,-0.3150231124807396,0.015128769535549197,0.14180497468633063,-0.07763152102135153,-0.21006163328197228,-0.18322694254897645,-0.2415958617653533,-0.029548756328417344,-0.03758309487123047,-0.14561963460268545,-0.33134052388289675,0.037677745982830725,-0.12406119304424389,0.46508474576271186,0.24480739599383666,0.3433237948492186,0.031380145278450365,-0.0112524763372221,-0.3465067136253577,0.1380673563724411,-0.1345146379044684,-0.2928483381025754,-0.39217917675544794,-0.3139423288575831,-0.4397160466651992,0.038888399735857365,0.07921637684349549,0.2785097952894563,0.13390050627338762,0.11227602905569008,0.11769755668060752,0.13797930882676646,-0.06971824785384108,0.16690953114681928,0.05833149900946511,-0.14333259960378605,-0.0710873871890821,-0.014998899405679066,-0.09276469293418446,-0.12679286814880036,-0.3845454545454545,-0.04350649350649351,-0.21317631521021352,-0.1386484701738939,-0.25080343385428133,0.04850979528945631,-0.32302663438256657,0.17816200748404137,0.09273827867048207,-0.07777019590578912,-0.2880783623156504,0.04369579572969404,-0.09904248294078803,-0.0901254677525864,-0.12633942328857584,0.10797490644948272,-0.11640545894783183,0.33261941448382126,-0.027023992956196344,0.04279991195245433,-0.18515298261060972,-0.22090688972044903,-0.1816685009905349,0.24780761611270086,0.19431653092670043,0.636797270526084,0.5513757429011666,0.4082962799911952,0.510891481399956,0.2615276249174554,0.18441118203830068,-0.11181377944089808,0.1662491745542593,0.18530926700418227,0.23405018710103456,-0.02269205370900286,-0.0003587937486242571,-0.16709002861545236,-0.18438256658595642,-0.2907792207792208,-0.04108738718908211,-0.2503653973145499,0.042898965441338324,-0.20830519937555397,-0.024681928241250276,-0.17714725952014088,0.12914593880695577,0.17163328197226502,0.08485582214395773,-0.2231234866828087,-0.1655315870570108,-0.1772969403477878,-0.14600704380365398,-0.30842394893242353,-0.15336561743341404,-0.18144177856042262
#54,-0.004578472375082545,0.10405018710103456,0.13701738939027075,0.17432753686990976,0.07453664979088707,0.5988333700198107,0.07464891041162228,0.3501166629980189,0.13482720669161347,0.06827867048206031,0.13860444640105657,0.6912568787145058,1.0,0.17050407219898744,0.15194805194805194,-0.11012326656394453,-0.05065595421527625,0.23765573409641205,0.06756988773937926,-0.22547435615232225,-0.006174334140435836,-0.13583535108958839,0.04560862865947612,0.021569447501650893,-0.09598283072859344,-0.3279066696015849,0.12964120625137573,-0.20173013427250716,0.5590402817521462,0.25502751485802333,0.30668060752806514,0.18325335681267885,-0.07111820383006824,-0.417442218798151,0.1947061413163108,0.06714285714285714,-0.18277349768875192,-0.23484261501210654,-0.34660796830288354,-0.23471054369359454,-0.02583314990094651,0.24892802113141096,0.1945102355271847,0.15550077041602464,0.06931763152102136,0.08699977988113582,0.036057671142416904,-0.14796610169491525,0.21380585516178738,0.08055249834910852,-0.2733898305084746,-0.06925379705040723,0.002830728593440458,-0.049751265683469076,-0.14602905569007263,-0.3433017829627999,-0.08679947171472595,-0.2148580233325996,-0.23478318291877615,-0.33048426150121063,-0.09061853400836452,-0.45121065375302666,0.28914813999559763,0.2512392692053709,-0.07872991415364297,-0.35010125467752584,0.18364957076821484,-0.05769095311468193,0.01695575610829848,-0.16669381465991637,0.06069337442218798,-0.2853532907770196,0.39572969403477876,0.04901606867708563,0.06357473035439137,-0.1186748844375963,-0.19175654853620955,-0.2662029495927801,0.4705150781421968,0.3822848338102575,0.5422011886418666,0.5423046445080343,0.5976535329077702,0.32753026634382565,0.1815166189742461,0.0005767114241690513,-0.33030596522121947,0.1214902047105437,0.2879308826766454,0.08359233986352631,0.02981730134272507,-0.019797490644948273,-0.21006163328197228,-0.2538014527845036,-0.4018357913273167,-0.011016949152542373,-0.21982610609729253,0.06521021351529827,-0.2739182665190083,0.00488663878494387,-0.10067136253576932,0.2564406779661017,0.18815320272947392,0.11945190402817521,-0.29392471934844816,-0.16674003962139555,-0.22678846577151662,-0.27093770636143516,-0.3802905569007264,-0.2964714946070878,-0.3217345366497909
#58,-0.12032797710763812,-0.0913185119964781,-0.2680585516178737,-0.12328197226502312,-0.04798151001540832,-0.05852740479859124,0.4915870570107858,-0.08788685890380805,-0.12794188861985473,-0.09032357473035439,-0.0006911732335461149,0.13266784063394232,0.17050407219898744,1.0,0.09464670922298041,-0.051263482280431434,-0.08160686770856262,-0.2661523222540172,0.036718027734976885,0.15895003301782962,0.03670482060312569,-0.31825885978428353,-0.10868589038080563,-0.30465551397754786,-0.22420867268324896,-0.15559322033898304,-0.2716795069337442,-0.13586176535329078,-0.02795729694034779,-0.17942328857583095,-0.19732775698877394,0.02256878714505833,-0.262987012987013,-0.29062953995157387,0.2503896103896104,0.20670041822584195,0.12946070878274268,0.07040501871010346,-0.028159806295399516,0.1185956416464891,0.3414769975786925,0.22263482280431432,0.22221219458507593,0.10419326436275589,0.05081884217477438,0.08854501430772617,0.020644948272066917,-0.015487563284173453,0.10662337662337662,-0.08467312348668281,-0.2615738498789346,-0.3334096412062514,-0.29834250495267445,-0.3155734096412062,-0.2362293638564825,-0.3466057671142417,0.10638564825005503,0.13637684349548757,0.18134272507153862,0.24504512436715828,0.2022804314329738,0.0025401716927140657,0.531254677525864,0.4490380805635043,-0.24423288575830948,-0.1590688972044904,0.6333986352630421,0.32483381025753905,0.008833370019810698,0.11723090468853181,-0.009517939687431212,0.003042042703059652,-0.07385868368919217,-0.1273299581774158,0.2130332379484922,0.15503852080123268,0.23808716707021793,0.11455866167730575,0.04338983050847458,0.012135152982610609,-0.056863306185340086,0.05252036099493727,-0.048925819942769094,0.3481267884657715,0.22983711204050186,0.11648250055029716,0.16987893462469733,-0.035023112480739596,0.16924058991855603,0.27135373101474797,0.39509795289456306,0.14314549856922737,0.06993836671802774,0.05598943429451904,0.07543473475676865,-0.382392692053709,-0.032799911952454325,-0.1469733656174334,-0.189281416069485,-0.11525863966541933,-0.26228263262161566,-0.20780101254677527,0.16622496147919877,-0.11424609289016069,-0.07996478098173014,-0.13057230904688533,-0.2024719348448162,0.1808716707021792,0.002656834690732996,0.06540611930442439,0.04145498569227383
#101,-0.3594673123486683,-0.22044684129429892,-0.48845476557340967,-0.3388928021131411,-0.4090688972044904,-0.29040721989874535,-0.07584415584415584,-0.17478318291877615,-0.008417345366497908,-0.27704380365397313,-0.36662337662337663,-0.09106317411402157,0.15194805194805194,0.09464670922298041,1.0,0.6725225621835791,-0.4863482280431433,-0.3885097952894563,0.775610829848118,0.4662029495927801,0.7215298261060973,0.06615452344265904,-0.0873893902707462,-0.2702047105436936,0.12061413163108078,0.017400396213955536,-0.27174334140435835,-0.5285780321373542,0.15251595861765355,0.023876293198327098,-0.43725291657495047,0.05794849218578032,-0.5264274708342505,-0.227277129650011,0.2629341844596082,0.3457076821483601,0.24525863966541933,0.33917235307065813,-0.2940788025533788,0.031195245432533568,-0.10119084305524984,0.24482060312568787,0.17470834250495268,0.4862095531587057,-0.22336341624477218,-0.09724851419766674,-0.19459828307285934,-0.3805877173673784,-0.16672683248954434,-0.4303081664098613,-0.24534228483381026,-0.45962799911952457,-0.505049526744442,-0.5324301122606208,0.18730574510235526,-0.01671142416905129,0.0338895003301783,0.1759586176535329,-0.18843275368699097,-0.26410741800572307,-0.10841954655513977,-0.38891481399955974,0.3905745102355272,0.4178120184899846,-0.3069931763152102,-0.013559322033898305,0.17203830068236847,-0.0031807175874972483,0.6340039621395553,0.43668941228263264,-0.2349108518600044,-0.1780563504292318,0.39654853620955316,-0.17998239049086506,0.3744926260180497,-0.11285934404578472,0.015558001320713185,-0.42762711864406777,0.3153004622496148,0.1365595421527625,0.05457406999779881,-0.03969183359013868,0.24442438917015188,-0.3934426590358794,-0.2404732555580013,-0.31755668060752806,-0.29492846136913936,0.05911732335461149,0.1397490644948272,-0.21228263262161567,-0.050953114681928244,-0.42985912392692055,-0.34074840413823465,-0.37654853620955314,-0.22148580233325996,-0.3955690072639225,0.043105877173673784,-0.4568104776579353,-0.4468536467388123,-0.37917895663658374,-0.47293858683689194,-0.40627118644067794,-0.19705701078582435,-0.40414703940127666,-0.37556680607528065,-0.5569667620515079,-0.5767532467532468,-0.1665243231344926,-0.4365925599823905,-0.13581994276909531,-0.023119084305524982
#102,-0.35798591239269206,-0.16430112260620736,-0.4303015628439357,-0.40695135373101476,-0.3682852740479859,-0.3279683028835571,-0.054435395113361214,-0.2404490424829408,-0.004615892581994277,-0.2853907109839313,-0.2863284173453665,-0.3150231124807396,-0.11012326656394453,-0.051263482280431434,0.6725225621835791,1.0,-0.5109751265683469,-0.3477790006603566,0.5237090028615452,0.4795531587057011,0.5020537090028615,0.37944750165089147,-0.017933083865287254,-0.0486748844375963,0.014197666740039621,0.22590799031476996,-0.27615452344265906,-0.2983909311027955,-0.22837332159366058,-0.08940127668941228,-0.3688333700198107,-0.03442659035879375,-0.2875214615892582,-0.07760510675764913,0.06966982170372,0.18475016508914813,0.1989060092449923,0.36575610829848115,-0.20627118644067796,0.19596081884217478,-0.15727933083865286,-0.05634382566585956,0.1323662777900066,0.3121703720008805,-0.08774158045344486,0.05537530266343826,-0.2125049526744442,-0.36175874972485145,-0.3338564825005503,-0.2960026414263702,-0.2310939907550077,-0.30678846577151664,-0.4261831388950033,-0.3230816640986133,0.04411842394893242,-0.0001937046004842615,0.075115562403698,0.3368082764692934,-0.12386088487783403,-0.18344926260180497,-0.08551177635923399,-0.07153202729473916,0.25447281532027294,0.3503345806735637,-0.1291239269205371,0.14666079683028835,0.05221879815100154,0.06929341844596082,0.35051727933083865,0.48987893462469734,-0.2755139775478759,-0.006797270526084085,0.21705480959718249,-0.1673497688751926,0.27695135373101476,0.05184679727052608,0.0690975126568347,-0.16393792648029937,-0.002027294739159146,0.09138895003301784,-0.1578648470173894,-0.12296940347787805,0.027464230684569668,-0.5231895223420647,-0.1861699317631521,-0.3033083865287255,-0.16608848778340304,-0.020050627338762932,0.11302223200528286,-0.3533964340744002,-0.18945410521681708,-0.34563944530046226,-0.28795289456306405,-0.23324675324675326,-0.053451463790446845,-0.32520360994937264,0.2194122826326216,-0.44412942989214177,-0.2358398832489259,-0.31877613911512215,-0.3749966982170372,-0.3877657935285054,-0.17655513977547876,-0.3995179396874312,-0.1837244111820383,-0.323251155624037,-0.36456966762051507,0.029645608628659476,-0.09423508694695136,-0.09272727272727273,-0.004596081884217477
#201,0.376616773057451,0.18041162227602905,0.6248492185780321,0.37339203169711643,0.24091349328637465,0.20585296059872332,-0.011353731014747964,0.2237310147479639,0.0037772397094430993,0.6103521901826987,0.3627096632181378,0.015128769535549197,-0.05065595421527625,-0.08160686770856262,-0.4863482280431433,-0.5109751265683469,1.0,0.5098965441338322,-0.604899845916795,-0.5704820603125688,-0.35562183579132733,-0.2290248734316531,-0.08192383887299141,0.1236055469953775,0.0037023992956196346,-0.2803764032577592,0.5974906449482721,0.3390248734316531,0.011160026414263703,-0.20689192163768436,0.3752894563064055,-0.10820603125687872,0.26054369359454105,0.12049746863306185,-0.2019436495707682,-0.42130310367598506,-0.2861016949152542,-0.3675214615892582,0.29365397314549857,-0.2138036539731455,-0.12787805414924058,-0.16251375742901167,-0.20092009685230025,-0.5111027955095752,-0.049918556020250936,-0.2516266784063394,-0.04584635703279771,0.04337222099933964,0.18629760070438037,0.09325335681267885,0.476385648250055,0.46429892141756546,0.548745322474136,0.48498128989654415,-0.0003301782962799912,0.02388729914153643,-0.20405458947831828,-0.5375896984371561,-0.01366718027734977,0.026880915694475017,-0.06347347567686551,0.06280871670702179,-0.354983491085186,-0.32643627558881794,0.38676205150781423,-0.22378164208672682,-0.12254677525863966,-0.07750605326876513,-0.2736319612590799,-0.3072463130090249,0.2903499889940568,0.3874510235527185,-0.10687211093990755,0.20804974686330618,-0.31593660576711424,-0.11996918335901387,-0.19848998459167952,0.11716486902927581,0.10269205370900286,-0.14852080123266564,0.08427690953114682,-0.02075280651551838,-0.18308826766453884,0.16981950253136693,0.03612810917895664,0.06562623816861105,0.03920977327756989,0.03774378164208673,-0.3539489324235087,0.284290116662998,-0.03029275808936826,0.16234426590358794,0.170396213955536,0.1061369139335241,0.04134052388289677,0.650462249614792,-0.20590138674884437,0.711038961038961,0.4230565832361323,0.5331102795509575,0.6681774158045345,0.6088069557561083,0.07314769975786925,0.4846004842615012,0.4166916134712745,0.4239379264802994,0.5176095091349329,-0.15006383447061414,0.2886418666079683,-0.05110279550957517,-0.11820823244552058
