,#10,#11,#12,#13,#17,#18,#26,#49,#50,#51,#52,#53,#54,#58,#101,#102,#201,#202,#301,#302,#401,#402,#501,#502,#601,#602,#701,#702,#801,#802,#901,#902,#1001,#1002,#1101,#1102,#1201,#1202,#1301,#1302,#1401,#1402,#1501,#1502,#1601,#1602,#1701,#1702,#1801,#1802,#1901,#1902,#2001,#2002,#2101,#2102,#2201,#2202,#2301,#2302,#2401,#2402,#2501,#2502,#2601,#2602,#2701,#2702,#2801,#2802,#2901,#2902,#3001,#3002,#3101,#3102,#3201,#3202,#3301,#3302,#3401,#3402,#3455,#3501,#3502,#3601,#3602,#3701,#3702,#3801,#3802,#3901,#3902,#4001,#4002,#4101,#4102,#4201,#4202,#4301,#4302,#4401,#4402,#4501,#4502,#4601,#4602,#4701,#4702,#4801,#4802
#10,1.0,0.6213009024873432,0.42174994497028395,0.5360378604446401,0.330132071318512,0.36517279330838653,0.5251617873651772,0.7126480299361655,0.36588817961699316,0.6374884437596302,0.5875610829848118,0.40482940788025534,0.2967906669601585,0.21447061413163107,-0.02308826766453885,-0.10733436055469954,0.42062293638564824,-0.05130970724191063,-0.010585516178736518,-0.13277129650011005,-0.22733436055469955,-0.13017389390270745,-0.05260840854061193,-0.19709002861545236,-0.05421967862645829,-0.2805789126128109,-0.4346070878274268,-0.40171912832929785,-0.059335241030156284,-0.15111820383006824,-0.07966982170372001,0.012051507814219679,0.09173013427250716,0.08801893022232005,-0.029980189302223202,-0.018613251155624035,0.008089368258859784,-0.02737178076161127,0.044732555580013204,0.06263482280431433,0.0070988333700198105,-0.050338983050847455,-0.11920316971164428,-0.061604666519920755,-0.03256218357913273,0.034235086946951356,-0.4204446401056571,-0.4101298701298701,-0.3804468412942989,-0.27210653753026637,-0.3320052828527405,-0.3578890600924499,-0.33079462909971385,-0.08788685890380805,-0.16551177635923398,0.054714946070878276,-0.2295839753466872,-0.14206031256878715,-0.021538630860664758,0.00939027074620295,-0.1307395993836672,-0.16096852300242132,-0.012020691173233546,0.0016134712744882236,-0.1560048426150121,-0.062590799031477,0.01571648690292758,0.16301342725071538,0.052313449262601806,0.10337001981069778,0.18568567026194144,0.016467092229804095,0.19517279330838652,0.06447721769755668,0.08200088047545674,0.1260642747083425,0.16180937706361434,-0.057444419986792866,0.21387849438696896,0.030587717367378385,0.21429672022892363,-0.13275808936825886,0.1705084745762712,0.2647127448822364,0.08179616993176315,0.12176755447941888,-0.029432093330398416,-0.16606647589698437,0.18298481179837112,0.0066013647369579575,-0.10861765353290777,-0.06801012546775259,-0.05060972925379705,-0.17219898745322473,-0.125148580233326,0.05460708782742681,-0.07575830948712305,0.03857142857142857,-0.19994276909531147,0.09693374422187981,-0.0005591019150341185,0.18478538410741802,0.014926260180497468,0.02802553378824565,0.07665419326436275,0.12164869029275809,0.09359894342945191,-0.16530266343825667,0.1396764252696456,0.01227823024433194,0.024558661677305745
#11,0.6213009024873432,1.0,0.41693814659916356,0.4720250935505173,0.18753686990975127,0.3223508694695135,0.6634074400176095,0.5470195905789126,0.6253114681928241,0.6685274047985912,0.5741206251375743,0.019951573849878935,0.3088157605106758,0.4143165309267004,-0.09871670702179176,0.11370680167290337,0.28169051287695357,-0.02370019810697777,0.021074180057230905,0.03887739379264803,-0.2161501210653753,-0.08440677966101695,0.11399515738498789,-0.162722870349989,0.07691833590138675,-0.1783975346687211,-0.24131410961919436,-0.2584635703279771,-0.039991195245432536,-0.11346026854501431,-0.03395333480079243,-0.04933744221879815,-0.09813999559762272,0.026147919876733434,0.17941228263262163,0.14405899185560203,-0.011036759850319173,-0.006117103235747303,0.05899405679066696,0.004508034338542813,0.022993616552938585,-0.22222540171692715,-0.17231565045124367,-0.27233105877173674,-0.04591899625797931,0.14958617653532907,-0.2230662557781202,-0.2582940788025534,-0.365775918996258,-0.2613229143737618,-0.35047765793528507,-0.26788685890380803,-0.19122826326216158,-0.10335901386748844,-0.23900286154523442,-0.1197292537970504,-0.23802553378824565,-0.15970063834470613,-0.2109024873431653,-0.08400616332819723,-0.15236187541272286,-0.15866607968302884,0.11275808936825886,0.17321593660576712,-0.022670041822584197,0.124719348448162,0.17541052168170812,0.16535769315430332,0.1425643847677746,0.2835197006383447,0.27597622716266784,0.23921197446621176,0.18412502751485801,0.16756548536209553,0.06976447281532028,0.06644067796610169,0.05604666519920757,0.035591019150341185,0.3332379484921858,0.12992515958617654,0.07190843055249835,0.017750385208012327,0.20195685670261943,0.1291613471274488,0.13504732555580012,-0.0646731234866828,-0.09999779881135813,-0.040290556900726394,0.11048646268985252,0.07739159145938806,0.032575390710983934,-0.08507153863086067,-0.029434294519040283,-0.1474224081003742,-0.1804028175214616,0.1225379705040722,-0.07122386088487784,0.047873651771956856,-0.14018489984591678,0.2137904468412943,0.06333480079242791,0.05831829187761391,0.08467752586396654,-0.12540391811578253,-0.04500550297160467,0.09230904688531807,0.030977327756988773,-0.18893682588597843,0.11979528945630641,-0.21979088707902267,-0.1063746423068457
#12,0.42174994497028395,0.41693814659916356,1.0,0.49304424389170154,0.17642306845696676,0.30930442438917016,0.2967752586396654,0.22674003962139555,0.259108518600044,0.495676865507374,0.38088487783403036,0.12759630200308167,0.3544155844155844,0.10908210433634162,-0.4037882456526524,-0.21315210213515298,0.6574950473255557,0.6221043363416244,-0.102491745542593,-0.08391151221659696,-0.43113581333920314,-0.30772176975566806,0.33076161127008585,0.006801672903367819,0.21920096852300242,-0.020935505172793308,0.10700638344706141,0.07721989874532248,0.19333920316971165,-0.07101694915254238,0.3749812898965441,0.17739379264802993,0.43341404358353514,0.36399075500770417,0.04699317631521022,0.09584195465551398,0.22834910851860005,-0.15320493066255778,0.2391503411842395,0.09258639665419327,-0.012700858463570329,-0.11790887079022672,-0.20649130530486462,-0.16180717587497248,0.06963020030816641,0.03221219458507594,0.05009024873431653,-0.026541932643627558,-0.30499229583975346,-0.36157384987893465,-0.09066916134712745,-0.06460268545014308,0.04556240369799692,0.10023992956196345,-0.12279550957517059,-0.03363416244772177,-0.42723530706581553,-0.40258199427690955,0.12170151882016289,0.14788685890380807,-0.10390710983931323,-0.09533348007924279,-0.18594761171032356,-0.13154523442659036,0.2850759410081444,0.34909971384547656,0.015192604006163329,0.04046004842615012,0.07595421527624917,0.14826326216156724,0.3520735197006383,0.3627294739159146,-0.047323354611490204,0.05659916354831609,-0.27826326216156727,-0.04676205150781422,-0.22874532247413604,-0.08612590799031478,0.2822474136033458,0.05325335681267885,-0.057633722209993396,-0.037004182258419546,-0.04814219678626458,-0.035181598062954,0.06900286154523443,-0.13899405679066695,-0.06787365177195685,-0.11792648029936166,-0.0022936385648250055,0.06377944089808496,0.00029275808936825884,-0.02396434074400176,0.010037420206911733,-0.19687651331719128,-0.1808100374202069,0.5653224741360334,0.25462469733656173,0.5955271846797271,0.4676381245872771,0.3083028835571208,0.5034646709222981,0.5167202289236188,0.3883381025753907,0.2320316971164429,0.5404138234646709,0.4281333920316971,0.5260554699537751,-0.12058331499009466,-0.021483601144618093,-0.3080519480519481,-0.2952344265903588
#13,0.5360378604446401,0.4720250935505173,0.49304424389170154,1.0,0.16978868589038082,0.4300044023772837,0.2503499889940568,0.29216596962359676,0.32705701078582433,0.6330508474576271,0.23937926480299362,0.05349108518600044,0.3085956416464891,0.0862029495927801,-0.3582412502751486,-0.23212414703940126,0.5954435395113361,0.13633061853400835,-0.20348888399735857,0.009152542372881356,-0.36716707021791767,-0.15441558441558442,0.02589258199427691,0.09393132291437375,-0.000988333700198107,-0.06134712744882236,-0.15596962359674224,-0.01854061193044244,-0.10934404578472375,-0.051710323574730356,0.14327977107638123,0.23429672022892362,0.22770416024653312,0.3422342064714946,0.18230904688531807,0.12490204710543694,0.2783469073299582,0.2023728813559322,0.3389302223200528,0.346154523442659,-0.0488003521901827,0.023469073299581773,-0.23132951793968742,-0.08954655513977548,0.0814968082764693,0.0549900946511116,0.048895003301782966,0.0748646268985252,-0.28016508914814,-0.21780761611270086,-0.21760510675764913,-0.22981069777679947,-0.03335241030156284,0.08123706801672903,-0.0636319612590799,0.011204050187101034,-0.15115122165969624,-0.3205745102355272,0.05244331939247193,0.21374642306845695,-0.07803874092009686,0.07038520801232666,0.00414703940127669,0.0526172132951794,-0.0034338542813119083,0.09584855822143958,-0.031811578252256216,0.07122165969623596,-0.15324235086946952,-0.03595201408760731,-0.010358793748624258,0.01802773497688752,-0.09129650011005944,-0.17531587057010786,-0.10494827206691613,-0.04605987233105877,0.026918335901386748,0.019361655293858682,0.22241470394012766,0.17436715826546334,0.021837992515958617,-0.16029936165529385,0.058978648470173894,0.09193924719348448,0.1484371560642747,0.012586396654193265,0.14203169711644287,-0.17584415584415583,0.13015628439357252,0.16030156284393574,-0.07435615232225402,0.1001122606207352,-0.025767114241690512,0.027642526964560862,-0.08314549856922739,0.14494607087827427,0.051613471274488225,0.11996257979308826,0.08573629760070438,0.029845916795069337,0.13400176095091348,0.30745102355271847,0.17730354391371342,0.009308826766453886,0.30368919216376844,0.14277129650011006,0.24188861985472154,0.10897424609289016,0.34646489104116224,-0.20527624917455425,-0.2156306405458948
#17,0.330132071318512,0.18753686990975127,0.17642306845696676,0.16978868589038082,1.0,0.5458331499009466,0.33244992295839754,0.03498569227382787,0.08513317191283293,0.13063614351749944,0.09432313449262601,0.7493418445960819,0.4086550737398195,0.16320713185119964,-0.334521241470394,-0.354125027514858,0.1726766453885098,0.08367378384327537,-0.32180277349768877,-0.34917235307065814,-0.3989918556020251,-0.1352014087607308,-0.00029055690072639226,-0.14030156284393572,-0.23003521901826987,-0.187574290116663,-0.35731895223420646,-0.1977856042262822,0.2068875192604006,0.11361655293858684,0.1820449042482941,0.3028021131410962,0.11030816640986132,0.14414483821263482,0.22871230464450804,0.11767554479418886,0.31417785604226284,0.16839533348007923,-0.0028725511776359234,0.08064494827206692,0.28343605546995376,0.004210873871890821,0.10408100374202069,0.26935064935064934,0.4595971824785384,0.5047369579572969,-0.04217257318952234,-0.008989654413383227,-0.3296984371560643,-0.07304424389170151,-0.16487563284173454,-0.18338322694254897,-0.04411842394893242,0.016704820603125687,-0.23388509795289456,-0.04812458727712965,-0.22396654193264362,0.04059872331058772,-0.07718908210433634,0.24579793088267665,0.014329738058551618,-0.07576271186440678,-0.09938806955756108,0.10730354391371341,-0.2712238608848778,-0.19979749064494828,-0.08099493726612371,0.09775478758529606,-0.4996720228923619,-0.3419920757208893,-0.3246070878274268,-0.40850759410081444,-0.24154743561523223,-0.1453929121725732,-0.2875104556460489,-0.2695179396874312,-0.1900132071318512,-0.028346907329958176,0.26403037640325777,0.2509156944750165,0.26106977767994716,0.24403697996918336,-0.05487563284173454,0.553548316090689,0.6865727492846136,0.2156086286594761,0.12461149020471055,0.2457032797710764,0.24761831388950034,0.38122165969623595,0.3545014307726172,0.24468412942989215,0.4297908870790227,0.25774158045344486,0.39031256878714504,-0.20820823244552059,-0.2389654413383227,0.004703940127668942,-0.04507373981950253,0.19313889500330178,0.20402597402597403,0.315313669381466,0.2910169491525424,0.007444419986792868,0.13415144177856042,-0.061626678406339425,0.16862425709883336,-0.14457847237508253,0.14208672683248955,0.044138234646709226,0.20885538190622938
#18,0.36517279330838653,0.3223508694695135,0.30930442438917016,0.4300044023772837,0.5458331499009466,1.0,0.3209200968523002,0.09668280871670702,0.2485824345146379,0.33909531146819283,0.16201628879594981,0.46699537750385206,0.7066255778120185,0.23071758749724852,-0.3837266123706802,-0.22977327756988775,0.42739159145938804,0.18821263482280431,-0.3222804314329738,-0.16886858903808055,-0.36543473475676863,-0.0713185119964781,0.07677745982830729,-0.06753907109839313,-0.03650891481399956,-0.1306405458947832,-0.3248073959938367,-0.13697116442879154,0.15553598943429453,0.2592273827867048,0.21274268104776578,0.3504908650671363,0.12896984371560644,0.2380629539951574,0.27714946070878277,0.3077657935285054,0.4166519920757209,0.28191943649570766,0.2565133171912833,0.30047105436935945,0.34221879815100154,0.020125467752586397,0.0057429011666299806,0.11438476777459829,0.3318930222320053,0.34144618093770635,-0.055531587057010785,-0.029625797930882675,-0.39977107638124587,-0.19275148580233326,-0.2335461149020471,-0.19171252476337222,-0.14665639445300463,0.0749042482940788,-0.13292978208232445,-0.04105657054809597,-0.09136913933524103,-0.029361655293858684,0.09639665419326436,0.2950187101034559,-0.06423508694695135,-0.16505172793308387,-0.15553378824565264,0.06787365177195685,-0.25841074180057233,-0.11665859564164649,0.011217257318952234,0.2561809377063614,-0.4348448162007484,-0.34708562623816863,-0.3028725511776359,-0.37226282192383886,-0.21597402597402598,-0.13304864626898524,-0.30461809377063614,-0.2707109839313229,-0.26947611710323577,-0.0887012987012987,0.22776799471714726,0.2617059211974466,0.1468765133171913,0.30134272507153864,0.1879837112040502,0.2850033017829628,0.3890248734316531,0.0823464670922298,0.09888179616993176,0.2194188861985472,0.2718071758749725,0.34303323794849216,0.30980409421087385,0.29943209333039844,0.33286154523442657,0.31042923178516396,0.23000880475456748,0.06456526524323135,-0.13202509355051728,-0.01559982390490865,-0.06108958837772397,-0.00450363196125908,0.028855381906229365,0.4326106097292538,0.3700902487343165,0.10196786264582874,0.13817741580453444,-0.1113119084305525,0.03494607087827427,-0.10262601804974686,0.08520581113801452,-0.07471054369359455,0.07256658595641646
#26,0.5251617873651772,0.6634074400176095,0.2967752586396654,0.2503499889940568,0.33244992295839754,0.3209200968523002,1.0,0.5344618093770637,0.38465771516618974,0.6418820162887959,0.6507506053268766,0.22622496147919877,0.3778208232445521,0.6876843495487563,0.0022320052828527404,0.18491305304864628,0.20921417565485362,-0.15417125247633723,-0.10306185340083646,-0.05351309707241911,-0.24806955756108298,-0.24956856702619415,0.0007792207792207792,-0.24605767114241692,-0.05306185340083645,-0.3924653312788906,-0.40686330618534006,-0.5231587057010786,-0.051659696235967424,-0.26871890821043365,-0.13530046224961478,-0.0996235967422408,-0.12558881796169932,-0.06585956416464891,-0.09101915034118424,0.09946070878274269,-0.02232445520581114,-0.1494188861985472,-0.10099713845476557,-0.16975786924939468,0.08306845696676206,-0.38569007263922517,-0.010312568787145059,-0.12697556680607527,0.10536869909751266,0.318877393792648,-0.40868589038080566,-0.39365397314549855,-0.3007528065155184,-0.1262425709883337,-0.4857230904688532,-0.3339555359894343,-0.4013119084305525,-0.16883116883116883,-0.34523222540171694,-0.18852520360994937,-0.022672243011226063,0.09357473035439137,-0.0737244111820383,-0.035758309487123045,-0.2518071758749725,-0.35525643847677746,0.13691393352410303,0.18315650451243673,-0.18440898084965882,-0.013502091129209774,0.1777525863966542,0.42741360334580675,-0.02965661457186881,0.26757208892802115,0.22857803213735417,0.04536209553158706,0.3537112040501871,0.2750363196125908,0.266106097292538,0.13087387189082103,0.018848778340303764,0.01113581333920317,0.4662227602905569,0.16072639225181598,0.13276689412282633,0.05628659476117103,0.24709663218137795,0.2487937486242571,0.23923178516398855,-0.11341844596081885,-0.22613251155624037,0.16184239489324234,-0.12185560202509355,0.13393352410301562,0.1564076601364737,0.0030574510235527185,0.16983711204050186,-0.010821043363416244,0.10480739599383668,0.016328417345366497,-0.3623684789786485,-0.1957142857142857,-0.3468170812238609,0.06138234646709223,-0.03397974906449483,0.02251595861765353,0.1544948272066916,-0.08402597402597403,-0.07521021351529826,-0.03637244111820383,0.016678406339423288,-0.46335461149020474,-0.03458947831829188,-0.04189742460928902,0.11530486462689853
#49,0.7126480299361655,0.5470195905789126,0.22674003962139555,0.29216596962359676,0.03498569227382787,0.09668280871670702,0.5344618093770637,1.0,0.4380673563724411,0.6186594761171033,0.7054633502091129,0.13916134712744882,0.157772397094431,0.35106317411402155,0.29853180717587496,0.08519040281752147,0.2504314329738059,-0.21010785824345146,0.18926920537090028,-0.09412062513757428,-0.033053048646268984,-0.21774378164208671,-0.13778120184899845,-0.17139335241030157,0.0238036539731455,-0.29541492405899183,-0.31896984371560644,-0.44478098173013425,-0.10409861325115563,-0.24683909311027954,-0.3145366497908871,-0.28421307506053267,-0.08849878934624697,-0.12367378384327538,-0.18249614791987673,-0.019975786924939468,-0.16357693154303324,-0.23711644287915473,-0.1253202729473916,-0.1470988333700198,-0.11429451904028175,-0.02585956416464891,0.017853841074180057,-0.1604556460488664,-0.1894453004622496,-0.12366718027734977,-0.39890160686770854,-0.3613823464670922,-0.15771956856702618,-0.1126634382566586,-0.2563812458727713,-0.3394937266123707,-0.2936847897864847,-0.2115166189742461,-0.0712260620735197,-0.02817521461589258,-0.18170592119744663,-0.20547435615232226,-0.06655734096412062,-0.2589302223200528,-0.20351749944970285,-0.23161787365177194,0.03649130530486463,0.026253576931543034,-0.14451904028175214,0.03397094430992736,0.18017829627999118,0.18873871890821042,0.26149240589918554,0.26379925159586176,0.3853532907770196,0.1286946951353731,0.4494078802553379,0.16986572749284615,0.2316927140655954,0.12237068016729033,0.13538850979528946,-0.05817081223860885,0.2421483601144618,-0.1459520140876073,-0.03947171472595201,0.04023112480739599,0.23325335681267884,0.16478098173013428,-0.07951793968743122,0.05068456966762051,-0.1765331278890601,-0.18131410961919436,-0.010770416024653312,-0.04166189742460929,-0.18610829848117982,-0.20992515958617652,-0.19793528505392913,-0.15897644728153204,-0.1441074180057231,0.044714946070878274,-0.10646489104116223,-0.08342725071538631,-0.35283513097072416,0.035797930882676646,-0.08051287695355493,-0.05836011446180938,-0.19401276689412283,0.0388795949812899,-0.03182698657274929,0.23772397094430991,0.020823244552058112,-0.32491745542593,0.0007638124587277129,0.03687211093990755,0.037803213735417125
#50,0.36588817961699316,0.6253114681928241,0.259108518600044,0.32705701078582433,0.08513317191283293,0.2485824345146379,0.38465771516618974,0.4380673563724411,1.0,0.4113911512216597,0.430429231785164,0.03175214615892582,0.24015408320493067,0.4041382346467092,0.08364296720228924,-0.11740479859123927,0.303218137794409,-0.02808496588157605,-0.03545674664318732,-0.25896103896103895,-0.062110939907550074,-0.3076051067576491,-0.07853400836451684,-0.12776799471714725,-0.014103015628439358,-0.39342064714946073,-0.19449262601804976,-0.29979308826766454,-0.02833810257539071,-0.09065815540391811,-0.042795509575170594,-0.03789786484701739,-0.04802113141096192,0.0741668500990535,0.05717807616112701,0.23534448602245212,-0.01570327977107638,0.0186616773057451,0.06059652212194585,0.060270746202949595,-0.004325335681267885,-0.04194805194805195,0.07378604446401056,-0.14591679506933744,-0.0411138014527845,-0.026795069337442218,-0.07923838872991415,-0.2066982170372001,-0.35754567466431875,-0.4491811578252256,-0.28947611710323573,-0.470726392251816,-0.10957076821483601,-0.22698437156064274,-0.08985031917235307,-0.0736253576931543,-0.1923728813559322,-0.28432093330398417,-0.20891701518820163,-0.09819282412502751,-0.04772617213295179,-0.20304864626898525,-0.005163988553819062,0.08830068236847897,0.027314549856922738,-0.07252696456086287,0.17411622276029057,0.20292317851639885,0.12276469293418446,0.07832709663218138,0.34075280651551837,0.23453885097952895,0.22639005062733877,-0.09195685670261941,0.07631961259079903,-0.1469425489764473,0.05705260840854061,-0.02756548536209553,0.23887739379264802,-0.08140215716486902,-0.0551023552718468,0.1425511776359234,0.028278670482060314,0.040504072198987454,0.0037948492185780323,0.01217477437816421,-0.10688531807175874,-0.07090248734316532,0.055531587057010785,0.12177195685670263,0.07022011886418666,0.0031234866828087167,-0.09406119304424389,-0.009885538190622937,-0.19241690512876952,0.1763548316090689,-0.12488443759630201,0.1544243891701519,-0.048126788465771515,0.1561171032357473,-0.03974906449482721,0.1302707462029496,0.17166629980189302,0.11417785604226283,0.13397314549856923,0.16374202069117325,0.07023332599603786,-0.11229583975346687,0.12730574510235526,-0.06062293638564825,-0.007979308826766453
#51,0.6374884437596302,0.6685274047985912,0.495676865507374,0.6330508474576271,0.13063614351749944,0.33909531146819283,0.6418820162887959,0.6186594761171033,0.4113911512216597,1.0,0.6487255117763593,0.07508474576271186,0.45215936605767115,0.45204710543693594,-0.1475544794188862,0.03891921637684349,0.5832863746423068,0.05488663878494387,0.04283953334800793,0.107508254457407,-0.32959498128989656,-0.19738718908210434,0.03926480299361655,-0.06591899625797931,0.04944089808496588,-0.11904688531807175,-0.16698437156064275,-0.1629055690072639,-0.14262601804974687,-0.16459828307285934,-0.05140876073079463,-0.07811798371120406,0.12558881796169932,0.15043363416244773,-0.06869249394673123,0.05394893242350869,-0.005122165969623596,-0.10109839313229144,0.14349768875192603,0.05551837992515959,0.029969183359013867,-0.12427030596522122,-0.10902047105436936,-0.20708782742681048,-0.03595201408760731,0.003233546114902047,-0.11963240149680827,-0.10739379264802994,-0.2506449482720669,-0.12574069997798812,-0.24518379925159586,-0.2272903367818622,-0.23456966762051507,-0.01883116883116883,-0.2922143957737178,-0.10042482940788025,-0.23845256438476778,-0.2673893902707462,-0.048173013427250715,-0.029845916795069337,-0.28796169931763155,-0.21429011666299802,-0.018258859784283512,0.10395333480079243,0.09713625357693155,0.2712568787145058,0.07622496147919877,0.17471494607087829,0.14055690072639226,0.29167070217917673,0.2821153422848338,0.23994276909531148,0.10142857142857142,0.0924521241470394,0.03964560862865948,0.09437816420867268,-0.04872331058771737,-0.0903896103896104,0.33598503191723533,0.027259520140876074,-0.07277349768875192,-0.027290336781862205,0.13631741140215717,0.10336341624477217,0.0008122386088487783,-0.13733436055469952,-0.15328637464230685,-0.09180057230904688,0.0901915034118424,0.025370900286154522,-0.1484965881576051,-0.1734470614131631,-0.16277129650011005,-0.17015408320493067,-0.18080783623156504,0.13928021131410961,-0.04298701298701299,0.04748624257098833,-0.0771978868589038,0.12414483821263482,0.12878934624697336,0.2239489324235087,0.0926964560862866,0.11795069337442218,0.20351749944970285,0.2625049526744442,0.23134272507153864,-0.26786044464010567,0.04926040061633282,-0.19545674664318732,-0.16412942989214174
#52,0.5875610829848118,0.5741206251375743,0.38088487783403036,0.23937926480299362,0.09432313449262601,0.16201628879594981,0.6507506053268766,0.7054633502091129,0.430429231785164,0.6487255117763593,1.0,0.16745762711864406,0.2684833810257539,0.402392692053709,0.10270085846357033,0.117673343605547,0.37302223200528284,-0.034488223640766015,0.01801232665639445,-0.09866387849438697,-0.08548316090688972,-0.11822804314329738,0.06385428131190843,-0.11351970063834471,0.18510675764913054,-0.15720669161347128,-0.22898305084745763,-0.3524323134492626,-0.12192604006163328,-0.221699317631521,-0.17720669161347127,-0.10233546114902047,0.03581333920316971,0.04027734976887519,-0.1549768875192604,-0.04567026194144838,-0.07704380365397315,-0.22335681267884658,-0.028062953995157385,-0.13982610609729254,0.04775698877393793,-0.17383667180277348,-0.013783843275368699,-0.2491701518820163,-0.028613251155624037,-0.018835571208452563,-0.36307726172132954,-0.3619986792868149,-0.2852630420427031,-0.17864626898525204,-0.3422143957737178,-0.27888619854721547,-0.2724323134492626,-0.0772309046885318,-0.13731895223420648,0.02221219458507594,-0.15134712744882237,-0.10489544353951133,-0.2393352410301563,-0.2411138014527845,-0.2717741580453445,-0.3072220999339643,-0.02047985912392692,0.023554919656614572,-0.016440677966101696,0.14481620074840415,0.06276469293418446,0.1814902047105437,0.19499229583975347,0.3205789126128109,0.40424169051287695,0.21317411402157166,0.3045740699977988,0.15248073959938366,0.17743781642086726,0.11800792427911072,0.06231785163988554,0.032564384767774596,0.3915430332379485,0.00024213075060532688,-0.019167950693374423,-0.03588817961699318,0.06747083425049527,0.06788465771516619,-0.1408826766453885,-0.14245432533568128,-0.24489324235086948,-0.1299273607748184,-0.01930002201188642,-0.04287915474356152,-0.046764252696456086,-0.1902377283733216,-0.03158925819942769,-0.20325996037860444,-0.09454545454545454,0.14415804534448604,-0.005566806075280651,0.049040281752146156,-0.12633942328857584,-0.0034008364516839094,-0.03698437156064275,0.03292758089368259,-0.004074400176095091,0.050338983050847455,0.02978648470173894,0.18367158265463351,0.14797930882676646,-0.40077481840193707,-0.13874312128549415,-0.10727933083865288,-0.0502047105436936
#53,0.40482940788025534,0.019951573849878935,0.12759630200308167,0.05349108518600044,0.7493418445960819,0.46699537750385206,0.22622496147919877,0.13916134712744882,0.03175214615892582,0.07508474576271186,0.16745762711864406,1.0,0.43655734096412063,0.07571428571428572,-0.19783843275368698,-0.2969007263922518,0.15590799031476998,-0.007543473475676865,-0.27031256878714505,-0.3578142196786265,-0.2542504952674444,-0.13564164648910412,-0.09915914593880695,-0.1964604886638785,-0.2409487123046445,-0.2775016508914814,-0.41571648690292756,-0.3080629539951574,0.09578252256218357,0.12254237288135593,0.06230904688531807,0.17117543473475677,0.11810917895663658,0.0462293638564825,-0.004670922298040942,-0.08950033017829628,0.13774378164208673,0.01186880915694475,-0.15346467092229804,-0.040997138454765575,0.37832049306625576,0.11256878714505833,0.16892802113141095,0.3097908870790227,0.28529605987233103,0.26670041822584195,-0.19527624917455427,-0.08579793088267665,-0.1872969403477878,-0.0274620294959278,-0.06197226502311248,-0.1549768875192604,-0.0926370239929562,0.028881796169931764,-0.12160246533127889,0.07156724631300902,-0.12450363196125908,0.1532291437376183,-0.01552278230244332,0.07684569667620515,-0.057156064274708346,-0.14888839973585735,-0.07406339423288576,0.0186880915694475,-0.37843935725291655,-0.2361303103675985,-0.21743781642086726,0.048080563504292316,-0.38132951793968745,-0.30474136033458066,-0.30897864847017387,-0.3913515298261061,-0.14668941228263263,-0.08796610169491526,-0.21807395993836673,-0.1658133392031697,-0.1512987012987013,-0.13931543033237948,0.16371340523882896,0.1411336121505613,0.3521549636803874,0.140264142637024,-0.04244111820383007,0.4557539071098393,0.35120845256438477,0.23596081884217476,0.05661457186880916,0.2547391591459388,0.2691635483160907,0.3064825005502972,0.2481730134272507,0.23689192163768436,0.3052784503631961,0.2036319612590799,0.3380409421087387,-0.1711336121505613,-0.2625797930882677,-0.047340964120625134,-0.16144838212634824,0.18296059872331058,0.10043803653973145,0.3545718688091569,0.10108518600044024,0.24967422408100373,0.05274488223640766,-0.09108518600044024,0.09324014968082765,-0.21410961919436497,-0.00099933964340744,0.16335681267884658,0.2891965661457187
#54,0.2967906669601585,0.3088157605106758,0.3544155844155844,0.3085956416464891,0.4086550737398195,0.7066255778120185,0.3778208232445521,0.157772397094431,0.24015408320493067,0.45215936605767115,0.2684833810257539,0.43655734096412063,1.0,0.4618688091569447,-0.2954919656614572,-0.11394673123486683,0.47321813779440897,0.2019040281752146,-0.25702619414483824,-0.12853180717587498,-0.39975346687211094,-0.2774488223640766,0.031041162227602906,-0.12198547215496368,-0.024618093770636142,-0.28776359233986354,-0.19404358353510895,-0.06575170592119745,0.00414043583535109,0.04283953334800793,0.19951133612150562,-0.003552718467972705,0.12689412282632623,0.057290336781862204,-0.04030596522121946,0.14647149460708783,0.14345806735637245,-0.18126348228043143,0.018296279991195246,0.023306185340083645,0.11956416464891041,-0.03319832709663218,0.03442218798151001,0.13201848998459167,0.1524983491085186,0.19181377944089809,0.0488135593220339,0.11312788906009245,-0.15817081223860885,-0.14908870790226722,-0.07911512216596962,-0.20560862865947613,-0.23470834250495268,-0.12354171252476337,-0.4125996037860445,-0.26561963460268545,-0.12872331058771735,-0.14426150121065376,0.1885560202509355,0.14322474136033458,-0.07726832489544354,-0.10188201628879595,-0.12419986792868148,0.12729473915914594,-0.2006647589698437,0.013528505392912173,0.08572309046885318,0.10810697776799472,-0.30250055029716044,-0.082887959498129,-0.1723068456966762,-0.1743187321153423,-0.22215276249174554,-0.047506053268765135,-0.2842350869469514,-0.15761611270085846,-0.29419546555139775,-0.16718027734976887,0.2886682808716707,0.16432753686990975,-0.01466651992075721,0.3618754127228703,0.1908100374202069,0.16956416464891041,0.19637244111820382,0.1302443319392472,0.13053268765133172,0.23105657054809597,0.12462249614791987,0.3597050407219899,0.3006779661016949,0.26280871670702177,0.28115562403697997,0.2588025533788246,0.22907990314769977,0.10358353510895883,-0.200726392251816,0.058179616993176315,-0.02119524543253357,0.1466696015848558,0.17074180057230906,0.4962887959498129,0.21493506493506492,0.3120184899845917,0.1655580013207132,0.10487563284173454,0.12961038961038962,-0.13358793748624256,0.023332599603786044,0.020935505172793308,0.11778560422628219
#58,0.21447061413163107,0.4143165309267004,0.10908210433634162,0.0862029495927801,0.16320713185119964,0.23071758749724852,0.6876843495487563,0.35106317411402155,0.4041382346467092,0.45204710543693594,0.402392692053709,0.07571428571428572,0.4618688091569447,1.0,0.12310147479639005,0.12419106317411402,0.13743121285494167,-0.2255624036979969,-0.08328637464230684,0.019900946511116003,-0.12147479639005063,-0.3732797710763813,-0.08590358793748624,-0.19468192824125027,-0.0037728373321593662,-0.46202289236187544,-0.3250671362535769,-0.4318379925159586,-0.21687871450583315,-0.26646929341844594,-0.15766894122826325,-0.2072903367818622,-0.1658727712965001,-0.08633061853400836,-0.2212854941668501,0.12362095531587057,-0.03990314769975787,-0.18984591679506935,-0.11560642747083424,-0.11832489544353951,-0.03132951793968743,-0.3162469733656174,0.20865287255117765,-0.017409200968523,0.17186000440237728,0.2631631080783623,-0.1397952894563064,-0.2060840854061193,-0.09571648690292758,-0.15086066475896984,-0.35977327756988775,-0.36029495927801014,-0.4401760950913493,-0.27809377063614354,-0.47351749944970284,-0.30493066255778123,0.05152322254017169,0.0010961919436495709,-0.03856482500550297,-0.032742681047765794,-0.07732555580013208,-0.25599383667180275,0.22346907329958177,0.27543033237948494,-0.21564384767774597,-0.07741360334580674,0.3552410301562844,0.4183975346687211,-0.05264582874752366,0.21419986792868148,0.14508034338542813,0.030356592559982392,0.25692714065595423,0.1768280871670702,0.31421527624917456,0.17861325115562404,-0.00039181157825225624,0.03799471714725952,0.5240920096852301,0.06225841954655514,-0.018947831829187762,0.23664318732115341,0.22134272507153863,0.1382544574069998,0.09592780101254678,0.0050803433854281314,-0.11791987673343605,0.25207351970063835,-0.13676205150781423,0.20968523002421308,0.1811270085846357,0.13237728373321594,0.06195905789126128,0.0726106097292538,0.08712744882236408,-0.04077701959057891,-0.3489786484701739,-0.20684569667620514,-0.3166365837552278,0.02,-0.11992295839753467,-0.06089368258859784,0.13820383006823686,0.0501122606207352,-0.050803433854281314,0.02545674664318732,-0.011556240369799691,-0.28370680167290335,-0.025562403697996918,0.0734404578472375,0.1581664098613251
#101,-0.02308826766453885,-0.09871670702179176,-0.4037882456526524,-0.3582412502751486,-0.334521241470394,-0.3837266123706802,0.0022320052828527404,0.29853180717587496,0.08364296720228924,-0.1475544794188862,0.10270085846357033,-0.19783843275368698,-0.2954919656614572,0.12310147479639005,1.0,0.46822364076601364,-0.2518732115342285,-0.43373541712524766,0.4577922077922078,0.17876513317191284,0.6739643407440018,0.13525863966541932,-0.11698877393792648,-0.030715386308606648,0.1027294739159146,-0.12411402157164869,-0.09009685230024213,-0.2487937486242571,-0.19155403918115782,-0.15084085406119305,-0.39549636803874094,-0.3834272507153863,-0.3642923178516399,-0.39051067576491305,-0.2952256218357913,-0.0510411622276029,-0.3468038740920097,-0.2544265903587937,-0.2861963460268545,-0.3975544794188862,-0.06871010345586617,0.060614131631080786,0.19082324455205812,0.08876513317191283,-0.27825665859564164,-0.28498569227382786,-0.3993352410301563,-0.4022738278670482,0.12572529165749505,0.08604666519920758,0.013431653092670042,-0.07826546335020912,-0.17784943869689632,-0.20063614351749945,0.18178076161127008,-0.007215496368038741,0.24156064274708341,0.19244331939247195,-0.16841294298921416,-0.40479639005062734,-0.20685230024213075,-0.3074950473255558,0.2393330398415144,0.10032137354171253,-0.14609509134932863,-0.2196235967422408,0.016674003962139555,-0.047362976007043804,0.41430772617213296,0.28799251595861763,0.2136187541272287,0.05158265463350209,0.37672243011226064,0.11556680607528065,0.4667752586396654,0.2125049526744442,0.17486022452124148,-0.10174334140435835,-0.02291217257318952,-0.17491745542593,-0.2117477437816421,0.05021571648690293,0.04620074840413824,-0.1275016508914814,-0.33427470834250494,-0.10548316090688972,-0.30628659476117104,-0.14713625357693155,-0.03619194364957077,-0.18801893022232005,-0.11463130090248734,-0.27041822584195463,-0.2877701959057891,-0.2990578912612811,-0.22968523002421307,-0.11558661677305745,-0.05039401276689412,-0.25733436055469955,-0.44690292758089367,-0.24498569227382785,-0.336385648250055,-0.286220559101915,-0.36119084305524984,-0.08610829848117983,-0.41109178956636583,-0.2350033017829628,-0.4034866828087167,-0.28689632401496806,-0.22971164428791546,0.08566806075280652,0.04338542813119084
#102,-0.10733436055469954,0.11370680167290337,-0.21315210213515298,-0.23212414703940126,-0.354125027514858,-0.22977327756988775,0.18491305304864628,0.08519040281752147,-0.11740479859123927,0.03891921637684349,0.117673343605547,-0.2969007263922518,-0.11394673123486683,0.12419106317411402,0.46822364076601364,1.0,-0.20997578692493946,-0.23742020691173232,0.13988994056790666,0.268943429451904,0.18904688531807176,0.20933524103015627,0.0827492846136914,-0.08453444860224521,0.07679947171472595,0.004825005502971605,-0.09263482280431433,-0.19119084305524983,0.013596742240810037,0.016324014968082765,-0.06798371120405018,-0.47677305745102355,-0.2928989654413383,-0.3064120625137574,-0.12819062293638564,-0.08560202509355051,-0.3271208452564385,-0.25667620515078143,-0.15984371560642746,-0.3508760730794629,-0.06445520581113802,-0.015535989434294519,0.06538850979528946,0.039900946511116,-0.14118423948932424,0.026163328197226502,-0.3413383226942549,-0.32627779000660356,0.1438696896324015,0.2386616773057451,-0.07432093330398415,0.1949702839533348,-0.2577767994717147,-0.017862645828747525,-0.1520162887959498,-0.18397314549856922,0.24299581774158047,0.3646797270526084,-0.029035879374862426,-0.38147699757869247,-0.29114902047105434,-0.27242130750605326,0.3761104996698217,0.42654633502091127,-0.008928021131410962,0.07399295619634602,0.07073739819502531,-0.07730794629099713,0.264389170151882,0.5273695795729694,0.18967422408100373,0.18677525863966543,0.21599383667180277,0.2188069557561083,0.3008144397974906,0.3885890380805635,0.08156724631300903,-0.03554259300022012,0.003460268545014308,0.18755668060752806,0.03790446841294299,-0.041578252256218355,0.16894342945190402,-0.02942108738718908,-0.2592758089368259,-0.26415584415584414,-0.30805855161787365,0.12237948492185781,0.010618534008364516,0.0017873651771956856,0.07897204490424829,-0.17977547875852962,-0.10442659035879374,-0.20379925159586176,-0.10921857803213736,0.019145938806955757,-0.11662557781201849,-0.1312524763372221,-0.2965485362095532,-0.2047721769755668,-0.17674884437596303,-0.1758859784283513,-0.3207792207792208,-0.2872727272727273,-0.46231124807395996,-0.28673343605546997,-0.42368919216376844,-0.2575874972485142,-0.298928021131411,-0.1629980189302223,-0.07448602245212414
#201,0.42062293638564824,0.28169051287695357,0.6574950473255557,0.5954435395113361,0.1726766453885098,0.42739159145938804,0.20921417565485362,0.2504314329738059,0.303218137794409,0.5832863746423068,0.37302223200528284,0.15590799031476998,0.47321813779440897,0.13743121285494167,-0.2518732115342285,-0.20997578692493946,1.0,0.44440677966101694,0.007329958177415804,-0.06018269865727493,-0.3599471714725952,-0.24466211754347347,0.3164450803433854,0.16702179176755447,0.3562557781201849,0.001954655513977548,0.049465111160026415,0.015786924939467314,0.16056790666960158,-0.0026810477657935286,0.3438234646709223,0.2354259300022012,0.527805414924059,0.42788685890380806,0.001510015408320493,0.1455822143957737,0.3504578472375083,-0.04904688531807176,0.3706053268765133,0.19606207351970065,-0.051952454325335684,0.03863746423068457,-0.16277129650011005,-0.17552938586836891,0.08620735197006384,-0.07737178076161128,0.04173893902707462,-0.010433634162447723,-0.3430134272507154,-0.28104336341624475,-0.01353070658155404,-0.08619854721549637,0.05687431212854942,0.09732115342284833,-0.07858463570327977,-0.0473827867048206,-0.37449922958397536,-0.4145014307726172,-0.02615892581994277,0.12132291437376183,-0.20643627558881797,-0.17254677525863968,-0.18067796610169493,-0.0337442218798151,0.23484041382346468,0.21825885978428353,-0.03978208232445521,-0.03469733656174334,0.11948051948051948,0.038980849658815764,0.2184569667620515,0.15929561963460268,-0.1751551837992516,-0.10895223420647149,-0.21698437156064274,-0.10737178076161127,-0.21552498349108518,-0.16728813559322034,0.3401826986572749,0.11425489764472815,-0.24287915474356153,0.023482280431432974,-0.15640325775918995,-0.020992736077481842,0.005100154083204931,-0.20708342504952673,-0.07472815320272948,-0.12915254237288135,0.23915694475016508,0.10802113141096192,-0.06896764252696456,-0.1422209993396434,-0.10042482940788025,-0.15983270966321814,-0.16529165749504732,0.45579572969403476,0.2129738058551618,0.4472859344045785,0.2752740479859124,0.09215056130310367,0.2376007043803654,0.7038872991415365,0.2676535329077702,0.3481972265023113,0.45293198327096634,0.3122143957737178,0.4089742460928902,-0.13126128109178956,0.027492846136913933,-0.2127030596522122,-0.29610609729253795
