,#10,#11,#12,#13,#17,#18,#26,#49,#50,#51,#52,#53,#54,#58,#101,#102,#201,#202,#301,#302,#401,#402,#501,#502,#601,#602,#701,#702,#801,#802,#901,#902,#1001,#1002,#1101,#1102,#1201,#1202,#1301,#1302,#1401,#1402,#1501,#1502,#1601,#1602,#1701,#1702,#1801,#1802,#1901,#1902,#2001,#2002,#2101,#2102,#2201,#2202,#2301,#2302,#2401,#2402,#2501,#2502,#2601,#2602,#2701,#2702,#2801,#2802,#2901,#2902,#3001,#3002,#3101,#3102,#3201,#3202,#3301,#3302,#3401,#3402,#3455,#3501,#3502,#3601,#3602,#3701,#3702,#3801,#3802,#3901,#3902,#4001,#4002,#4101,#4102,#4201,#4202,#4301,#4302,#4401,#4402,#4501,#4502,#4601,#4602,#4701,#4702,#4801,#4802
#10,1.0,0.4955954215276249,0.668135593220339,0.5225533788245653,0.030574510235527184,0.3835395113361215,0.07151441778560423,0.5993792648029936,0.26932643627558883,0.5229716046665199,0.4154347347567687,0.18213075060532688,0.43223420647149463,0.06137574290116663,-0.08677525863966543,-0.3047589698437156,0.48887739379264805,0.6490887079022672,-0.07799691833590139,-0.12407880255337883,0.12971824785384106,-0.09435174994497028,0.017763592339863528,-0.15637023992956198,-0.30154083204930665,-0.38558661677305744,0.059484921857803214,0.168003521901827,-0.10038520801232666,0.00992295839753467,0.14103675985031916,0.2255051727933084,0.44207351970063835,-0.08724411182038301,-0.18821043363416246,-0.10800572309046885,-0.17355491965661457,-0.3629672022892362,-0.3937310147479639,-0.18673123486682808,-0.015571208452564385,-0.21026854501430772,-0.19771516618974247,-0.20035219018269865,-0.2369821703720009,-0.27966982170372,0.23228483381025755,0.47288355712084523,-0.19655073739819504,0.01484701738939027,0.35185340083645167,0.3824939467312349,0.33898965441338325,0.35016729033678184,-0.047723970944309926,0.3252520360994937,-0.48811138014527844,-0.599933964340744,-0.5147457627118645,-0.5269271406559543,-0.1339159145938807,-0.40150121065375305,-0.2899735857362976,-0.2012392692053709,0.45906009244992296,0.08467972705260841,-0.17194805194805196,-0.29971164428791547,-0.015181598062953995,0.035930002201188645,0.4172309046885318,0.35554039181157826,-0.18582434514637905,0.15413823464670923,-0.438630860664759,-0.25745322474136034,-0.51557781201849,-0.5176469293418446,-0.0877459828307286,-0.3464913053048646,0.38166629980189304,0.24049526744441999,0.21843715606427472,0.323497688751926,0.14382786704820602,-0.1407836231565045,-0.09517939687431212,0.2663680387409201,-0.19430552498349107,0.03557120845256438,0.04084525643847678,-0.20563944530046224,-0.2546357032797711,-0.07275808936825887,0.0022694254897644727,0.5163988553819062,-0.18727492846136914,0.5756394453004623,0.6472066916134713,0.13263262161567246,0.3059388069557561,0.5460796830288356,0.30283733215936604,0.4709112920977328,0.3606141316310808,0.4815430332379485,0.36673343605546993,-0.2307373981950253,-0.3762359674224081,-0.15048426150121066,-0.28529385868368917
#11,0.4955954215276249,1.0,0.3960158485582214,0.4325930002201189,0.006530926700418225,0.2319040281752146,0.3260048426150121,0.3518842174774378,0.5459894342945191,0.6617213295179397,0.4209178956636584,0.12078142196786265,0.2573189522342065,0.23008144397974906,0.1238366718027735,-0.020561303103675984,0.4576513317191283,0.30062293638564824,-0.08199207572088928,-0.004318732115342285,0.01726832489544354,-0.014618093770636144,0.18129650011005943,-0.04220559101915034,-0.19095091349328638,-0.005661457186880916,-0.3047017389390271,-0.20585736297600704,0.041710323574730354,0.045432533568126786,0.022084525643847677,0.21874312128549417,0.25058991855602025,-0.007090028615452344,0.05360774818401937,-0.014778780541492407,-0.16488883997358575,-0.09526744441998679,-0.19279771076381247,0.0902047105436936,-0.11679947171472595,-0.10388289676425269,-0.1375280651551838,-0.24184679727052608,-0.003268765133171913,-0.12187541272287035,0.06073519700638345,0.1448051948051948,-0.09045564604886638,-0.05361655293858684,-0.06852080123266564,-0.0735527184679727,0.037666740039621394,-0.08820162887959498,-0.03906889720449042,0.08596302003081664,-0.22690292758089367,-0.20662557781201848,-0.15173233546114903,-0.25101694915254236,-0.23317411402157165,-0.27869689632401495,-0.1286550737398195,-0.12964340744001762,0.006522121945850759,0.10731234866828088,-0.03585736297600704,-0.1229275808936826,0.060574510235527186,0.2551573849878935,0.324323134492626,0.3831719128329298,0.004142637023992956,0.029775478758529605,-0.32334360554699537,0.009317631521021351,-0.27909531146819283,-0.21389390270746203,0.004069997798811358,-0.07253576931543033,0.22133392031697116,0.08236407660136473,0.05152322254017169,0.13350209112920977,0.13848117983711203,-0.34167730574510236,-0.15041822584195466,0.03554919656614572,-0.1296302003081664,0.1161963460268545,0.07522342064714946,-0.09325555800132071,-0.13900066035659256,-0.0850693374422188,0.1252872551177636,0.269324235086947,0.015701078582434514,0.10683909311027955,0.16803213735417125,-0.07226942548976448,-0.06714725952014088,0.22397314549856923,0.38071538630860663,0.09682148360114462,0.16142196786264582,0.17517939687431214,0.13263482280431432,-0.29715606427470836,-0.1266321813779441,-0.17363416244772176,-0.1148250055029716
#12,0.668135593220339,0.3960158485582214,1.0,0.5527008584635703,0.0750231124807396,0.3530728593440458,-0.05401937046004843,0.37569447501650893,0.2219436495707682,0.5211952454325336,0.3770394012766894,0.1830134272507154,0.3498877393792648,0.05996257979308827,-0.19094430992736078,-0.21248734316530926,0.5853092670041823,0.6807021791767555,-0.14395333480079242,-0.20861985472154965,0.09183579132731676,-0.03159806295399516,0.25222540171692714,0.03218137794408981,-0.1389984591679507,-0.2790072639225182,0.10409641206251376,0.18921857803213735,-0.1765727492846137,-0.030854061193044242,0.11540611930442439,0.16092009685230024,0.5468016729033678,-0.09515298261060973,-0.2942064714946071,-0.08091129209773278,-0.19464891041162227,-0.3728615452344266,-0.2593792648029936,0.004402377283733216,-0.02211534228483381,-0.2373497688751926,-0.2365199207572089,-0.1495069337442219,-0.08905569007263922,-0.04319612590799032,0.13629099713845477,0.32843935725291656,-0.3290182698657275,-0.024103015628439358,0.3996191943649571,0.43733436055469954,0.3405326876513317,0.3640810037420207,0.16246313009024874,0.3232049306625578,-0.46787365177195683,-0.5329892141756548,-0.3627338762931983,-0.38510675764913055,-0.19206031256878714,-0.44528725511776357,-0.42270746202949594,-0.12485362095531587,0.4581532027294739,0.15103235747303545,-0.22084085406119305,-0.22061193044243893,-0.09047765793528506,-0.08086946951353731,0.34408540611930444,0.34844155844155844,-0.33533568126788466,0.04547435615232225,-0.6160928901606868,-0.42149900946511115,-0.556286594761171,-0.4525181598062954,-0.014298921417565485,-0.17167070217917677,0.33168611049966984,0.2080893682588598,-0.004941668500990535,0.21872551177635924,0.10660136473695796,-0.12795949812898966,-0.1408188421747744,0.15875852960598724,-0.16836891921637684,0.0005811138014527845,-0.07554919656614571,-0.07535108958837772,-0.1014109619194365,-0.007840633942328857,0.03812238608848778,0.6864935064935065,-0.07715606427470834,0.6557340964120625,0.626172132951794,0.04953114681928241,0.12851419766674005,0.46938366718027735,0.25217917675544793,0.5093814659916355,0.45202289236187543,0.4388267664538851,0.28351089588377726,-0.3451419766674004,-0.37849438696896326,-0.15409861325115562,-0.2530376403257759
#13,0.5225533788245653,0.4325930002201189,0.5527008584635703,1.0,0.108003521901827,0.2682236407660136,-0.019302223200528285,0.3273189522342065,0.21707902267224302,0.5955315870570108,0.34204270305965223,0.2999427690953115,0.49004402377283734,0.017239709443099275,-0.0436979969183359,-0.27174994497028393,0.5288003521901827,0.41304864626898524,-0.048426150121065374,0.008047545674664319,-0.04473475676865507,-0.23445300462249616,-0.035672463130090246,-0.2978802553378825,-0.2866982170372001,-0.3164076601364737,-0.05314549856922738,0.016046665199207572,0.10423068456966762,0.23512436715826546,-0.17378604446401055,0.0961435174994497,0.3031983270966322,0.1682786704820603,0.017752586396654193,0.1935219018269866,-0.14219678626458288,-0.03716707021791767,-0.09791767554479419,-0.07788685890380806,-0.033506493506493505,0.12439797490644948,-0.19801232665639446,-0.22985692273827868,-0.16981730134272507,-0.30334360554699535,0.2522033898305085,0.330462249614792,0.12805414924058992,-0.06719568567026195,0.24685450143077262,0.17095311468192825,0.22554919656614572,0.16968082764692935,-0.057908870790226726,0.15379264802993617,-0.24283513097072418,-0.3042637023992956,-0.2878846577151662,-0.36974025974025976,-0.12267884657715167,-0.26290997138454764,-0.1270856262381686,-0.11088047545674665,0.3125974025974026,0.08238608848778341,-0.08942328857583094,-0.22795509575170592,-0.06040061633281972,-0.013011226062073519,0.1939885538190623,0.3634580673563724,-0.02013647369579573,0.1410939907550077,-0.2529473915914594,-0.048529605987233104,-0.3412348668280872,-0.366880915694475,-0.16119084305524983,-0.3234030376403258,0.2918181818181818,0.19193484481620074,0.12263262161567247,0.1852872551177636,0.23140876073079464,-0.13585736297600703,-0.10767774598283072,0.16478978648470174,-0.19217037200088047,0.09546775258639666,-0.04763592339863526,-0.15027514858023333,-0.16778780541492405,-0.05323134492626018,0.04790446841294299,0.23611270085846356,-0.22978868589038082,0.36123486682808714,0.37847237508254455,0.2526788465771517,0.2875544794188862,0.2258793748624257,0.22072419106317412,0.3117961699317632,0.33097072419106316,0.33968743121285494,0.24543253356812678,-0.28131410961919434,-0.32076161127008584,-0.15041822584195466,-0.23454765573409642
#17,0.030574510235527184,0.006530926700418225,0.0750231124807396,0.108003521901827,1.0,0.37177856042262825,-0.03650231124807396,0.10762491745542593,0.07728593440457847,-0.026614571868809157,0.056163328197226504,0.3283248954435395,0.27542813119084303,-0.04528725511776359,-0.043455866167730575,0.0043847677745982834,0.10317411402157164,-0.07415804534448603,-0.1262821923838873,-0.2685031917235307,-0.28468192824125027,-0.11213075060532687,-0.05082324455205811,-0.1479683028835571,-0.04158045344486022,-0.01039621395553599,-0.28745542593000223,-0.22761831388950032,0.0878516398855382,0.34576271186440677,-0.12956196346026855,0.1452542372881356,-0.1593088267664539,0.09561303103675985,0.2349768875192604,0.35536209553158704,0.0973959938366718,0.16889060092449923,0.09911952454325336,0.13245652652432313,0.31770416024653314,0.35329297820823247,0.1607373981950253,0.04520360994937266,0.020838652872551176,0.24755668060752806,-0.17104556460488665,-0.1391811578252256,-0.032995817741580453,-0.08437596302003082,-0.1251023552718468,-0.1275874972485142,-0.14836891921637685,-0.08054809597182479,0.06413383226942548,-0.0899075500770416,-0.029845916795069337,0.12939467312348668,-0.04360334580673564,0.1441206251375743,-0.018364516839093112,-0.09430112260620735,-0.017142857142857144,0.05966321813779441,-0.17410961919436496,-0.18686110499669822,-0.09935285053929122,-0.1760774818401937,-0.19128329297820823,-0.21311027955095752,-0.2489192163768435,-0.2269557561082985,0.30100154083204933,-0.1338102575390711,0.014637904468412942,-0.06500770416024654,0.18729914153642968,0.008439357252916575,-0.07432533568126788,-0.020550297160466652,0.2469359454105217,0.42073519700638345,0.16905348888399735,0.24743341404358354,0.5004358353510896,0.041928241250275146,0.015443539511336122,0.3924191063174114,0.07469513537310148,0.2489126128109179,0.3984569667620515,0.15431873211534228,0.15403037640325776,-0.0898547215496368,0.03658375522782303,-0.0014968082764692935,-0.03978648470173894,-0.09030816640986132,-0.10018710103455866,-0.029432093330398416,-0.12259300022011886,-0.04618754127228703,0.04376183138895003,0.002465331278890601,0.06222760290556901,-0.12548095971824785,-0.05106977767994717,0.021261281091789565,-0.026511116002641427,-0.0064802993616552935,-0.055238828967642525
#18,0.3835395113361215,0.2319040281752146,0.3530728593440458,0.2682236407660136,0.37177856042262825,1.0,0.03703059652212195,0.33727492846136914,0.24993176315210214,0.23867048206031258,0.25539071098393135,0.20581113801452786,0.5778692493946731,0.0787343165309267,-0.23259520140876072,-0.22828087167070218,0.2984503631961259,0.3476381245872771,-0.18594100814439798,-0.17997578692493946,-0.15965221219458509,-0.12229143737618314,-0.11694475016508915,-0.16468633061853402,-0.3119810697776799,-0.20146819282412504,-0.17957957296940347,-0.09347567686550737,0.2801166629980189,0.25502091129209775,0.12770856262381686,0.09038520801232666,0.14012987012987013,0.06550297160466652,0.20099273607748183,0.09224081003742021,0.14776579352850538,-0.10349108518600043,-0.22797490644948273,-0.16390710983931323,0.09434734756768655,0.305049526744442,0.08267224301122607,0.14406559542152764,-0.17448822364076602,-0.020050627338762932,0.08198767334360554,0.15367598503191723,-0.11510895883777239,-0.03765793528505393,0.14876293198327098,0.17548316090688973,0.19570548095971824,0.11805635042923178,0.018639665419326438,0.12036979969183359,-0.17557120845256438,-0.21869249394673124,-0.17864406779661016,-0.20869249394673123,-0.22972265023112481,-0.2527118644067797,-0.0887937486242571,-0.06392471934844816,0.050085846357032796,-0.036337222099933966,-0.04534448602245213,-0.37053709002861546,-0.1237310147479639,-0.08935505172793308,0.13645828747523664,0.006185340083645168,0.16789786484701738,0.08432533568126789,-0.14352630420427032,-0.1109619194364957,-0.15381245872771296,-0.10181157825225622,-0.005326876513317191,-0.18111820383006824,0.3923992956196346,0.5596279991195245,0.41831829187761393,0.3525753907109839,0.4402663438256659,-0.1555712084525644,-0.1366762051507814,0.4144948272066916,0.19302443319392473,0.4240611930442439,0.3731388950033018,-0.03186660796830288,0.018219238388729915,-0.19552718467972705,-0.0349108518600044,0.11775478758529606,-0.12556680607528065,0.18611490204710543,0.2765133171912833,0.17699097512656833,0.07357032797710764,0.13591679506933743,0.1316090688972045,0.1403499889940568,0.05288135593220339,0.12637244111820384,0.1685692273827867,-0.26243451463790446,-0.21037860444640105,-0.15327977107638124,-0.14837772397094431
#26,0.07151441778560423,0.3260048426150121,-0.05401937046004843,-0.019302223200528285,-0.03650231124807396,0.03703059652212195,1.0,0.10776579352850539,0.31878494386968964,0.4680167290336782,0.2858881796169932,-0.06496808276469293,0.13316751045564604,0.4929605987233106,0.2335197006383447,0.1655690072639225,0.10066696015848559,-0.1186088487783403,0.20147479639005061,0.16731014747963902,0.015172793308386529,0.005771516618974246,0.21123046445080343,-0.07891481399955977,-0.13019370460048427,0.2299405679066696,-0.32917895663658375,-0.3676205150781422,0.3284789786484702,0.20043583535108958,-0.12190843055249835,0.10425049526744443,0.08330398415144177,0.10186660796830288,0.15921417565485363,0.08725952014087607,0.2747831829187761,0.24469953775038522,0.12453664979088708,0.09504732555580013,0.01472375082544574,0.04202949592780101,0.11842835130970725,0.18549636803874092,0.11955095751705921,-0.08011446180937706,0.07289236187541272,0.129537750385208,-0.04995157384987894,-0.021058771736737838,-0.3028153202729474,-0.2512987012987013,-0.2854435395113361,-0.3461369139335241,-0.22653753026634382,-0.1211864406779661,-0.16323794849218579,0.13772397094430994,-0.11974466211754348,-0.09815980629539951,-0.30543693594541055,-0.2954633502091129,0.22700418225841953,0.0796434074400176,-0.18581774158045344,-0.09915254237288136,0.3266453885097953,0.3993792648029936,0.26296500110059434,0.30804534448602244,0.21115782522562185,0.20739379264802993,0.30720669161347125,-0.1307043803653973,-0.13965221219458507,-0.10699097512656834,-0.19273607748184018,-0.22164428791547436,0.3847831829187761,0.33535549196566145,-0.12071978868589038,-0.08132951793968743,0.14148360114461808,-0.002267224301122606,0.11790446841294298,-0.36507373981950253,-0.2636363636363636,-0.021041162227602904,0.060380805635042924,0.026130310367598504,0.16084085406119306,-0.0524455205811138,-0.24261501210653752,-0.3403764032577592,0.06066916134712745,0.0974884437596302,0.14911952454325336,-0.3023442659035879,-0.20263262161567247,-0.1577701959057891,-0.22573189522342066,-0.05093330398415144,0.13096412062513757,-0.18507814219678626,-0.07028175214615892,0.05644067796610169,-0.09454325335681268,-0.3161237068016729,-0.09910631741140216,-0.30283072859344046,-0.21182918776139115
#49,0.5993792648029936,0.3518842174774378,0.37569447501650893,0.3273189522342065,0.10762491745542593,0.33727492846136914,0.10776579352850539,1.0,0.3224939467312349,0.28107638124587275,0.48298261060972925,0.05091349328637464,0.3011336121505613,0.15348228043143297,-0.16314769975786925,-0.3136715826546335,0.3045146379044684,0.25784063394232887,-0.13589258199427692,-0.10423728813559321,0.027596302003081663,-0.1749636803874092,-0.10058111380145278,-0.16297820823244552,-0.3180563504292318,-0.33225841954655516,-0.044265903587937486,0.07641866607968303,0.0036297600704380366,0.11160686770856262,-0.008580233325996037,0.03381245872771296,0.13134932863746424,-0.14863746423068458,-0.03662557781201849,-0.14629980189302222,-0.22465111160026413,-0.3359784283513097,-0.41590799031477,-0.3810609729253797,-0.09198547215496368,-0.06146158925819943,-0.07966762051507814,0.0012612810917895663,-0.24703720008804755,-0.2147457627118644,0.2600154083204931,0.40550077041602467,-0.043726612370680165,0.12060752806515518,0.35149900946511115,0.31049086506713625,0.278465771516619,0.15331278890600925,0.011127008584635703,0.1575280651551838,-0.24557781201849,-0.28373981950253135,-0.3513625357693154,-0.510741800572309,-0.13194805194805195,-0.25569887739379266,-0.11777679947171472,-0.13491305304864626,0.3284305524983491,-0.03215496368038741,-0.14008804754567467,-0.25222540171692714,0.0687079022672243,0.14372000880475458,0.3992824125027515,0.32564825005502973,0.11637023992956197,0.19192163768434956,-0.2810499669821704,-0.08688972044904249,-0.36139995597622715,-0.2095509575170592,-0.1164802993616553,-0.2995817741580453,0.3083072859344046,0.3695531587057011,0.3891679506933744,0.270429231785164,0.23941008144397974,-0.02337442218798151,-0.07991415364296721,0.42409200968523003,-0.14519040281752146,0.12971824785384106,0.16940788025533787,-0.10971824785384107,-0.17751705921197447,-0.1263416244772177,0.09237948492185781,0.3037860444640106,-0.2517917675544794,0.2487409200968523,0.31638344706141314,0.11016729033678187,0.2144287915474356,0.12757869249394674,0.07398855381906229,0.11553158705701079,-0.04900286154523443,0.21868589038080563,0.20428791547435615,-0.2006075280651552,-0.2736385648250055,-0.09454545454545454,-0.1766718027734977
#50,0.26932643627558883,0.5459894342945191,0.2219436495707682,0.21707902267224302,0.07728593440457847,0.24993176315210214,0.31878494386968964,0.3224939467312349,1.0,0.4807197886858904,0.5083777239709443,0.15538410741800573,0.4793594541052168,0.4054853620955316,0.13115562403697997,-0.1922870349988994,0.36648470173893904,0.197937486242571,-0.012623816861104996,0.03572969403477878,-0.10140876073079463,-0.21865947611710324,0.2951287695355492,-0.09427690953114681,-0.1126700418225842,0.04465771516618974,-0.3232819722650231,-0.303086066475897,0.14313229143737619,0.19390931102795508,-0.19104556460488664,0.16763812458727714,0.1498943429451904,-0.04941448382126348,0.04322474136033458,0.12977988113581335,-0.05007704160246533,-0.006044464010565706,-0.09643187321153422,0.14927580893682588,0.028155403918115784,0.08281532027294738,0.03492185780321373,0.08098173013427251,0.1212128549416685,0.011283292978208232,-0.06285053929121726,0.01040281752146159,-0.1742526964560863,-0.1202047105436936,-0.1557230904688532,-0.17448382126348227,-0.09914153642967202,-0.19082544574069998,0.004635703279771077,-0.09377283733215937,-0.14287695355491967,-0.0576601364736958,-0.1453268765133172,-0.08234426590358794,-0.2769689632401497,-0.2554501430772617,-0.08522342064714947,-0.21167730574510235,-0.1553004622496148,-0.1002113141096192,0.10186220559101915,0.022313449262601804,0.1455491965661457,0.07580233325996037,0.2451089588377724,0.23354391371340524,0.12871010345586617,-0.04192604006163328,-0.1473563724411182,0.021208452564384767,-0.33368258859784283,-0.140759410081444,0.13637023992956196,0.07314329738058552,0.19938586836891922,0.10519480519480519,0.1685824345146379,0.3235857362976007,0.16081443979749063,-0.2717411402157165,-0.20239489324235088,0.01970724191063174,-0.13418445960818842,0.12115782522562184,0.13057010785824344,0.045835351089588375,0.01599603786044464,-0.15174774378164207,0.08732115342284834,0.2067620515078142,0.12039621395553599,-0.06569447501650892,-0.02534888839973586,-0.19605987233105876,-0.13841294298921417,0.15933083865287256,0.3392692053709003,-0.0087475236627779,0.018157605106757648,0.04737838432753687,0.023592339863526303,-0.3508100374202069,-0.21236407660136475,-0.22484041382346467,-0.16015408320493066
#51,0.5229716046665199,0.6617213295179397,0.5211952454325336,0.5955315870570108,-0.026614571868809157,0.23867048206031258,0.4680167290336782,0.28107638124587275,0.4807197886858904,1.0,0.5390006603565926,0.13205811138014528,0.3920713185119965,0.39143957737178076,0.08656174334140436,-0.12672683248954436,0.583152102135153,0.4142725071538631,0.04173013427250715,0.11005062733876293,0.004063394232885758,-0.08837112040501871,0.17120845256438477,-0.14082104336341625,-0.2135857362976007,-0.10519700638344706,-0.20434294519040283,-0.12029495927801012,0.17302223200528286,0.14688972044904247,-0.01088928021131411,0.1697754787585296,0.4358815760510676,0.03533348007924279,0.03644948272066916,0.1037310147479639,-0.030385208012326657,-0.0274686330618534,-0.10575390710983931,0.08735417125247634,0.005485362095531587,-0.12488443759630201,-0.2237112040501871,-0.14754347347567687,-0.06731014747963901,-0.2858177415804534,0.269603786044464,0.28508034338542815,-0.07277790006603566,-0.1587145058331499,0.05065595421527625,0.11411622276029056,0.05012106537530266,0.06542372881355932,-0.1263350209112921,0.20722650231124806,-0.38448602245212415,-0.24157384987893463,-0.33419766674003965,-0.41096632181377946,-0.3532885758309487,-0.4566784063394233,-0.1466365837552278,-0.15421527624917455,0.15146599163548316,0.15017389390270747,0.11915694475016508,0.03791767554479419,0.10419766674003962,0.24931102795509574,0.34705260840854063,0.4918181818181818,0.08590358793748624,0.14510455646048867,-0.328168611049967,-0.09928241250275148,-0.4203499889940568,-0.3726678406339423,0.1522077922077922,-0.05728593440457847,0.18904028175214616,0.02711204050187101,0.08618754127228703,0.09692273827867048,0.15838872991415365,-0.37519700638344705,-0.2406647589698437,0.16149460708782742,-0.18675324675324675,0.0427360774818402,-0.00224521241470394,-0.09121505613031036,-0.31519260400616333,-0.1687739379264803,0.013163108078362316,0.3479022672243011,0.006070878274268105,0.2427955095751706,0.2690050627338763,0.039216376843495486,0.04829407880255338,0.29391151221659695,0.34553158705701076,0.20066255778120184,0.2807307946290997,0.37853841074180056,0.170198106977768,-0.43887519260400615,-0.32761831388950036,-0.327211093990755,-0.35591019150341185
#52,0.4154347347567687,0.4209178956636584,0.3770394012766894,0.34204270305965223,0.056163328197226504,0.25539071098393135,0.2858881796169932,0.48298261060972925,0.5083777239709443,0.5390006603565926,1.0,-0.07270085846357033,0.2342262821923839,0.5298327096632182,0.2332313449262602,0.1199141536429672,0.2983931322914374,0.20794849218578032,0.23354831609068896,0.22487123046445082,0.14937926480299363,-0.0029407880255337884,0.03645168390931103,-0.27596081884217477,-0.32730794629099713,-0.009621395553598944,-0.17556240369799692,-0.20524983491085186,0.07720449042482941,0.18404578472375083,0.07622496147919877,0.14361875412722871,0.2917059211974466,0.02975346687211094,0.02884437596302003,-0.061333920316971165,-0.0042901166629980185,-0.13848558221439577,-0.23885097952894563,0.07269865727492845,-0.0825181598062954,0.07166850099053489,-0.07432533568126788,0.0548910411622276,-0.027219898745322473,-0.1438300682368479,0.14813999559762273,0.1732423508694695,-0.20111600264142637,-0.20507594100814439,0.03844155844155844,0.09624036979969183,-0.10388509795289456,-0.025474356152322256,-0.07435174994497028,0.19946731234866827,-0.44493286374642305,-0.15550297160466653,-0.5332313449262602,-0.40207572088928023,-0.30758529605987234,-0.4919612590799031,0.0028109178956636583,0.03576711424169051,0.23956416464891042,0.16063174114021572,0.0726700418225842,0.10063394232885758,0.2879969183359014,0.233053048646269,0.3195839753466872,0.30056130310367596,0.24646929341844595,0.13458287475236627,-0.4004710543693595,-0.2972551177635923,-0.5530046224961479,-0.38887079022672244,0.09935285053929122,-0.035907990314769975,0.1550693374422188,0.2104138234646709,0.34315650451243673,0.1326634382566586,0.008159806295399516,-0.234686330618534,-0.3437970504072199,0.18944309927360775,-0.13750605326876514,-0.005144177856042263,0.04560862865947612,-0.31001540832049307,-0.3030332379484922,-0.2717455425930002,0.030468853180717587,0.3351948051948052,-0.06628879594981289,0.04871010345586617,0.1747127448822364,0.00087607307946291,-0.07877613911512217,0.06266563944530046,0.16237508254457406,-0.051884217477437815,0.07352630420427031,0.17562403697996917,0.08961259079903147,-0.41180937706361437,-0.42222540171692713,-0.2955205811138015,-0.28938366718027736
#53,0.18213075060532688,0.12078142196786265,0.1830134272507154,0.2999427690953115,0.3283248954435395,0.20581113801452786,-0.06496808276469293,0.05091349328637464,0.15538410741800573,0.13205811138014528,-0.07270085846357033,1.0,0.5416156724631301,-0.14490644948272066,-0.12600264142637024,-0.35987233105877175,0.2644089808496588,0.12359013867488444,-0.24364736957957298,-0.31581333920316973,-0.25706361435174996,-0.40679947171472597,0.03589258199427691,-0.01957737178076161,0.27316090688972045,-0.07439797490644948,-0.16909971384547656,-0.06113141096191944,-0.03854721549636804,-0.060121065375302665,-0.2974488223640766,-0.12972705260840853,0.13835571208452566,0.07260840854061193,-0.08405899185560202,-0.04809817301342725,-0.018034338542813118,-0.011457186880915694,0.13481399955976228,-0.06585075941008145,-0.03267444419986793,0.040904688531807176,0.037367378384327535,-0.09888839973585736,-0.04796390050627339,-0.018523002421307506,-0.014279110719788686,0.07543033237948492,0.05235086946951354,-0.1334272507153863,-0.14167950693374423,-0.1695311468192824,-0.03211314109619194,-0.14741360334580675,-0.14587937486242572,-0.19745982830728592,0.047770195905789126,-0.3001937046004843,0.22207351970063835,0.0021989874532247415,0.13910411622276028,0.23550297160466652,0.10888399735857363,-0.03888399735857363,-0.1164340744001761,-0.2613713405238829,-0.22515078142196787,-0.36011005943209334,-0.16824345146379044,-0.17586396654193265,-0.06825885978428352,0.04908430552498349,-0.22296940347787805,-0.030217917675544794,-0.09663438256658595,0.05457627118644068,0.02491745542593,-0.03072639225181598,-0.26779440898084966,-0.25236407660136473,0.6236121505613031,0.4391745542593,-0.18494607087827428,0.40008144397974904,0.36208672683248955,0.13142196786264582,0.20919876733436055,0.324686330618534,0.006271186440677966,0.47350869469513535,0.1343517499449703,0.16506493506493505,0.1579506933744222,0.1889786484701739,0.11173673783843276,0.1101518820162888,0.0849966982170372,0.11160466651992075,0.018560422628219237,0.06265463350209113,0.047475236627779,0.297871450583315,0.09550077041602466,0.36594320933303986,0.266451683909311,0.11086506713625358,0.12469733656174334,0.1691833590138675,0.09441778560422628,0.07156724631300902,0.049401276689412285
#54,0.43223420647149463,0.2573189522342065,0.3498877393792648,0.49004402377283734,0.27542813119084303,0.5778692493946731,0.13316751045564604,0.3011336121505613,0.4793594541052168,0.3920713185119965,0.2342262821923839,0.5416156724631301,1.0,0.035993836671802774,-0.10725731895223421,-0.39800792427911075,0.46661457186880917,0.4317675544794189,-0.10907329958177416,-0.09887079022672243,-0.14092009685230025,-0.3937266123706802,0.031104996698217036,-0.29541712524763375,-0.11616332819722651,-0.1641140215716487,-0.11761391151221659,-0.09879154743561523,0.22241030156284394,0.21582434514637905,-0.1310543693594541,0.16099053488883996,0.2829253797050407,0.1087871450583315,-0.02033678186220559,0.1387145058331499,0.105115562403698,-0.05614571868809157,-0.08420427030596522,-0.04063614351749945,0.06319172353070658,0.11712744882236407,-0.09024873431653092,0.03201188641866608,-0.1887871450583315,-0.14690732995817743,0.19186660796830288,0.21421527624917455,0.0035395113361215056,-0.2233370019810698,0.07140215716486903,-0.025267444419986792,0.10930662557781202,-0.009304424389170151,-0.14527624917455426,0.09675104556460488,-0.23578692493946732,-0.38317851639885536,-0.15169051287695356,-0.2857274928461369,-0.14272507153863087,-0.16884437596302004,-0.12909311027955095,-0.22972265023112481,0.11706801672903368,-0.14482280431432973,-0.10302443319392472,-0.28574510235527184,-0.022802113141096193,-0.054589478318291876,0.24778120184899846,0.2665089148139996,-0.06570107858243451,-0.04086726832489544,-0.1578648470173894,-0.10950913493286375,-0.31556020250935507,-0.3432819722650231,-0.14441338322694255,-0.19834910851860005,0.5363812458727713,0.4229121725731895,0.1237970504072199,0.551005943209333,0.28473035439137134,-0.12268985252036099,-0.10820823244552058,0.31295619634602684,-0.08504072198987453,0.48564604886638785,0.10728813559322034,-0.11931322914373761,-0.03658595641646489,-0.09080123266563944,0.03521681708122386,0.1824983491085186,-0.11678626458287475,0.17981289896544134,0.2930728593440458,0.12751045564604888,0.1543649570768215,0.3743693594541052,0.3399603786044464,0.32137354171252475,0.2872507153863086,0.32109178956636586,0.26881576051067574,-0.20678626458287475,-0.3582126348228043,-0.1428087167070218,-0.18475236627779001
#58,0.06137574290116663,0.23008144397974906,0.05996257979308827,0.017239709443099275,-0.04528725511776359,0.0787343165309267,0.4929605987233106,0.15348228043143297,0.4054853620955316,0.39143957737178076,0.5298327096632182,-0.14490644948272066,0.035993836671802774,1.0,0.08011666299801894,0.02680827646929342,0.21620955315870571,0.07939027074620295,0.05744662117543473,0.19940788025533787,-0.08792648029936166,-0.019244992295839754,-0.10949152542372881,-0.3534140435835351,-0.3643033237948492,-0.047092229804094214,-0.4008958837772397,-0.38072198987453226,0.23188201628879596,0.3553973145498569,0.2257208892802113,0.20928461369139334,0.2831543033237949,0.21711204050187102,0.15037420206911734,0.13594981289896543,0.13541492405899186,0.12354831609068898,-0.08459388069557561,0.19097072419106317,0.05150561303103676,0.11983491085186,-0.12268104776579353,0.10509355051727932,-0.10892141756548536,-0.18209773277569888,0.29028615452344264,0.1894739159145939,0.01609949372661237,-0.08777679947171473,-0.17246753246753246,-0.07178736517719568,-0.14318952234206472,-0.10062733876293198,-0.3059322033898305,0.12907550077041602,-0.38321153422848336,-0.03534668721109399,-0.20735197006383446,-0.21063394232885757,-0.3240721989874532,-0.2828131190843055,0.12154083204930663,0.10874972485141976,-0.09651551837992516,-0.0016927140655954216,0.3933039841514418,0.38742460928901606,0.27367598503191726,0.238399735857363,0.31755668060752806,0.2354039181157825,0.2848117983711204,-0.03270526084085406,-0.11274488223640766,-0.15438036539731456,-0.28270085846357035,-0.18737398195025315,0.09660136473695796,0.11790226722430112,-0.1737838432753687,-0.028139995597622716,0.23274488223640766,-0.02816420867268325,-0.00537310147479639,-0.22487123046445082,-0.252491745542593,-0.09600704380365398,-0.1780629539951574,-0.05679947171472595,0.13033458067356374,-0.03897204490424829,0.011521021351529825,-0.18265023112480738,0.15340303764032578,0.1992471934844816,0.022333259960378604,-0.0748448162007484,0.0464076601364737,0.061701518820162886,-0.052813119084305526,-0.03511996478098173,0.14737838432753686,-0.14030816640986132,0.10910191503411842,0.24793748624257098,0.20658815760510676,-0.2661369139335241,-0.20258859784283514,-0.2988135593220339,-0.2086682808716707
#101,-0.08677525863966543,0.1238366718027735,-0.19094430992736078,-0.0436979969183359,-0.043455866167730575,-0.23259520140876072,0.2335197006383447,-0.16314769975786925,0.13115562403697997,0.08656174334140436,0.2332313449262602,-0.12600264142637024,-0.10725731895223421,0.08011666299801894,1.0,0.5173629760070438,-0.16194805194805195,-0.11302223200528286,0.7883865287255117,0.5930112260620736,0.4144155844155844,0.17179176755447942,0.3613119084305525,-0.19183579132731676,0.2156680607528065,0.5447655734096412,-0.12032797710763812,-0.4642064714946071,0.27294739159145937,0.24470173893902708,-0.08712304644508034,0.13349548756328417,-0.041796169931763154,0.24082544574069997,0.21242350869469515,0.013742020691173234,0.44321153422848336,0.3822562183579133,0.3746335020911292,0.3258023332599604,-0.012372881355932203,0.10314109619194364,0.1773497688751926,0.0012282632621615672,0.038859784283513096,0.0800066035659256,-0.37495927801012546,-0.401897424609289,-0.3577327756988774,-0.5072639225181598,-0.5193550517279331,-0.5161523222540172,-0.6275346687211094,-0.4180827646929342,-0.18542152762491745,-0.08902927580893683,-0.1150363196125908,0.11523662777900066,-0.24778120184899846,0.0077944089808496585,-0.19983050847457628,-0.14806735637244112,0.16554039181157826,0.12370019810697777,-0.0837442218798151,0.19903367818622056,0.11139335241030156,0.19907990314769977,0.6339709443099274,0.42280211314109617,0.06555139775478759,0.03099933964340744,0.14814439797490644,-0.4838828967642527,0.03040942108738719,-0.2424785384107418,-0.09708782742681048,-0.2606911732335461,0.4447391591459388,0.3860246533127889,-0.1451882016288796,-0.39891041162227603,-0.011833590138674884,-0.1689126128109179,-0.2685604226282192,-0.3804160246533128,-0.34154963680387407,-0.27985692273827867,-0.117541272287035,-0.21187541272287036,-0.30246973365617436,-0.326040061633282,-0.24679947171472597,-0.3920713185119965,-0.29199207572088925,0.031604666519920756,0.19829627999119526,-0.3942042703059652,-0.3178824565265243,-0.3714175654853621,-0.4917719568567026,-0.14993836671802774,0.12429451904028176,-0.3512965001100594,-0.028795949812898965,-0.19549196566145718,-0.11441118203830068,-0.17743781642086726,-0.10652872551177636,-0.34474356152322255,-0.2671098393132291
#102,-0.3047589698437156,-0.020561303103675984,-0.21248734316530926,-0.27174994497028393,0.0043847677745982834,-0.22828087167070218,0.1655690072639225,-0.3136715826546335,-0.1922870349988994,-0.12672683248954436,0.1199141536429672,-0.35987233105877175,-0.39800792427911075,0.02680827646929342,0.5173629760070438,1.0,-0.3032115342284834,-0.28180277349768873,0.5135417125247633,0.324043583535109,0.34699537750385206,0.5931895223420647,0.1612656834690733,0.045104556460488665,-0.004292317851639886,0.511915034118424,-0.0653664979088708,-0.24679066696015847,-0.019205370900286154,0.009271406559542153,0.007332159366057672,0.11495487563284174,-0.1408562623816861,0.18709443099273607,-0.0025401716927140657,-0.06530486462689852,0.2624323134492626,0.21647809817301342,0.1410411622276029,0.33787585296059874,-0.0044706141316310805,-0.05922958397534669,0.07297820823244552,0.07649790887079022,0.19057230904688532,0.35215276249174554,-0.2984019370460048,-0.4045740699977988,-0.23653753026634383,-0.2126964560862866,-0.4050737398195025,-0.3390160686770856,-0.48370239929561964,-0.35067356372441116,-0.11204270305965221,-0.1256680607528065,-0.1308892802113141,0.24270526084085406,-0.1984393572529166,0.11210433634162448,0.03511996478098173,-0.13033898305084746,0.1690182698657275,0.36431873211534227,-0.0016861104996698218,0.18047105436935945,0.07482060312568788,0.37934844816200747,0.28975346687211095,0.29220999339643405,-0.0902047105436936,-0.12742020691173234,0.12060532687651332,-0.3031322914373762,-0.16969843715606428,-0.35206691613471275,-0.1063350209112921,-0.12168611049966982,0.29398635263042044,0.4567752586396654,-0.295016508914814,-0.2720206911732335,-0.012014087607307947,-0.24961919436495708,-0.25446621175434736,-0.13350209112920977,-0.22448602245212415,-0.2903764032577592,0.13893682588597842,-0.18975786924939467,-0.08343605546995378,-0.18076381245872772,-0.1373233546114902,-0.2603653973145499,-0.03886418666079683,-0.021514417785604225,0.08824345146379045,-0.3368787145058332,-0.35759850319172354,-0.35140215716486906,-0.5449064494827207,-0.2855513977547876,-0.030176095091349327,-0.3978516398855382,-0.11791327316751045,-0.3234932863746423,-0.3362667840633942,-0.06835351089588378,-0.018778340303764032,-0.07462469733656174,0.018692493946731236
#201,0.48887739379264805,0.4576513317191283,0.5853092670041823,0.5288003521901827,0.10317411402157164,0.2984503631961259,0.10066696015848559,0.3045146379044684,0.36648470173893904,0.583152102135153,0.2983931322914374,0.2644089808496588,0.46661457186880917,0.21620955315870571,-0.16194805194805195,-0.3032115342284834,1.0,0.5262227602905569,-0.18299361655293858,-0.1700528285274048,-0.1555756108298481,-0.2684107418005723,0.14867928681488005,-0.1404094210873872,-0.21851860004402376,-0.2624125027514858,-0.1955029716046665,-0.11281972265023113,0.04285053929121726,0.13678846577151663,0.02313449262601805,0.26911952454325333,0.46806515518379926,0.1701915034118424,-0.09922077922077922,0.1771648690292758,-0.10304644508034339,-0.10731895223420647,-0.1273695795729694,0.04266123706801673,0.018089368258859786,-0.03354171252476337,-0.2184899845916795,-0.18128109178956636,-0.08430772617213295,-0.18318291877613913,0.26771956856702617,0.3153510895883777,0.03417125247633722,-0.07241030156284393,0.19751926040061632,0.1757362976007044,0.18526304204270305,0.132722870349989,-0.1060246533127889,0.15954875632841733,-0.3967268324895444,-0.4108760730794629,-0.26183579132731677,-0.4089192163768435,-0.10102135152982611,-0.23768434954875634,-0.33671362535769317,-0.2813009024873432,0.1591833590138675,0.011448382126348229,-0.1780893682588598,-0.2270592119744662,-0.09623156504512437,-0.0512128549416685,0.2556482500550297,0.3824411182038301,-0.13130970724191063,-0.0398217037200088,-0.4609839313229144,-0.14521241470394014,-0.4284877834030376,-0.32504072198987455,0.06191063174114021,-0.07719568567026194,0.3369403477878054,0.09338762931983272,-0.09849218578032137,0.38097952894563064,0.175016508914814,-0.16678626458287477,-0.03621395553598943,0.160891481399956,-0.05315430332379485,0.23533568126788465,0.030231124807395995,0.032989214175654855,-0.15136033458067355,0.0788729914153643,0.14184899845916796,0.5219854721549637,-0.047288135593220336,0.42473695795729693,0.37678406339423287,0.1285956416464891,0.13730134272507155,0.38248734316530925,0.41212854941668503,0.4140942108738719,0.3700616332819723,0.4772925379705041,0.2600858463570328,-0.2067246313009025,-0.21171032357473035,-0.04022672243011226,-0.13274488223640765
