,#10,#11,#12,#13,#17,#18,#26,#49,#50,#51,#52,#53,#54,#58,#101,#102,#201,#202,#301,#302,#401,#402,#501,#502,#601,#602,#701,#702,#801,#802,#901,#902,#1001,#1002,#1101,#1102,#1201,#1202,#1301,#1302,#1401,#1402,#1501,#1502,#1601,#1602,#1701,#1702,#1801,#1802,#1901,#1902,#2001,#2002,#2101,#2102,#2201,#2202,#2301,#2302,#2401,#2402,#2501,#2502,#2601,#2602,#2701,#2702,#2801,#2802,#2901,#2902,#3001,#3002,#3101,#3102,#3201,#3202,#3301,#3302,#3401,#3402,#3455,#3501,#3502,#3601,#3602,#3701,#3702,#3801,#3802,#3901,#3902,#4001,#4002,#4101,#4102,#4201,#4202,#4301,#4302,#4401,#4402,#4501,#4502,#4601,#4602,#4701,#4702,#4801,#4802
#10,1.0,0.5495927801012547,0.5662799911952454,0.5388047545674665,0.16141536429672024,0.3387034998899406,0.12390050627338763,0.5462491745542593,0.18633061853400837,0.627508254457407,0.465808936825886,0.07301562843935726,0.1971054369359454,-0.07852080123266564,-0.18127008584635704,-0.004666519920757209,0.524241690512877,0.3634866828087167,-0.03038961038961039,0.20578912612810918,-0.08146158925819942,0.374323134492626,-0.13827646929341844,-0.08863746423068457,-0.07006163328197226,-0.18827426810477657,0.005923398635263042,0.08222099933964341,-0.09040061633281972,0.25511996478098176,0.22728813559322034,0.08232225401716928,0.3641338322694255,0.47225181598062954,-0.2796896324014968,0.046823684789786484,0.03418666079683029,0.3381620074840414,-0.0611402157164869,0.24879154743561524,-0.139966982170372,-0.16271406559542154,0.12033017829628,0.10523662777900065,-0.0975280651551838,0.01259520140876073,0.06735417125247634,-0.024497028395333482,-0.13356152322254017,-0.09203389830508475,-0.18633722209993397,-0.09783403037640326,0.20066035659255999,0.39709443099273606,-0.16288795949812898,0.4831168831168831,-0.36399295619634603,-0.199933964340744,-0.4217675544794189,-0.279867928681488,-0.02269205370900286,0.037900066035659256,-0.28097072419106317,-0.31693154303323795,0.24267884657715166,0.08781201848998459,-0.3857737178076161,-0.05990975126568347,0.007772397094430993,-0.03490644948272067,0.2504358353510896,0.32234866828087166,0.17080783623156504,0.41537530266343825,-0.10057671142416905,0.12053488883997358,-0.11068236847897865,0.030695575610829848,-0.34076161127008586,-0.22690732995817742,0.028602245212414702,0.06499229583975347,-0.07535329077701959,-0.09118864186660797,0.05242791107197887,0.008580233325996037,0.16114902047105437,-0.033999559762271626,-0.13300242130750606,-0.1866299801893022,-0.09918776139115122,-0.14941668500990535,-0.11279110719788686,-0.09854061193044245,-0.1332379484921858,0.245445740699978,0.07800132071318512,0.27876293198327096,0.23132071318511996,0.11502531366938147,0.08298040942108739,0.4011248073959938,0.21966762051507815,0.37043803653973145,0.3233083865287255,0.35819722650231123,0.2673959938366718,0.06092229804094211,0.02985031917235307,-0.12524983491085187,-0.2965155183799252
#11,0.5495927801012547,1.0,0.6788663878494386,0.532608408540612,0.08811358133392032,0.25312568787145057,-0.019709443099273607,0.4464120625137574,0.4001012546775259,0.6603918115782522,0.5882192383887299,-0.062359674224081,-0.021217257318952236,-0.10450803433854282,-0.15062953995157385,-0.05047325555800132,0.599487123046445,0.5788223640766014,-0.05897424609289016,0.11837332159366058,-0.01598283072859344,0.40931322914373763,0.02104556460488664,-0.0687607307946291,-0.02759189962579793,-0.12951353731014748,-0.09615452344265904,-0.04168831168831169,0.12050627338762931,0.1148910411622276,0.2410807836231565,0.04979088707902267,0.2314968082764693,0.3761765353290777,-0.4230068236847898,-0.13952234206471495,-0.16189742460928902,0.21110719788685892,-0.23242350869469514,0.023981950253136694,-0.1717477437816421,-0.12354171252476337,-0.04446401056570548,0.21732775698877393,-0.04650231124807396,0.07652872551177636,-0.12839533348007925,-0.1496632181377944,-0.11205370900286155,-0.20845256438476778,-0.13383887299141536,-0.020684569667620514,0.15324675324675324,0.37815760510675767,-0.018503191723530706,0.39426370239929565,-0.3109751265683469,-0.2913317191283293,-0.24555800132071318,-0.01825445740699978,-0.13051067576491304,-0.009511336121505613,-0.37709663218137796,-0.4789742460928902,0.2771978868589038,0.1366387849438697,-0.29441338322694255,-0.21640325775918998,0.2281620074840414,0.0877129650011006,0.4057803213735417,0.37721109399075503,0.22740699977988113,0.18095751705921198,-0.19530266343825667,0.027926480299361654,-0.10791767554479419,0.028423948932423507,-0.10513977547875852,-0.17043583535108958,0.07177195685670262,-0.10482060312568788,0.00017829627999119526,0.0475941008144398,-0.23650891481399955,-0.09294298921417565,0.03033237948492186,-0.14052168170812238,-0.23248294078802553,-0.20956856702619414,-0.10117763592339864,-0.1909024873431653,-0.252920977327757,-0.060563504292317855,0.02337442218798151,0.5343165309267004,0.2649240589918556,0.08427911071978869,0.18550737398195025,0.05894122826326216,0.037985912392692056,0.41938366718027736,0.26678626458287474,0.2614637904468413,0.1759322033898305,0.19029055690072638,0.09624477217697557,-0.03923178516398856,-0.12103015628439358,-0.006478098173013427,-0.10014087607307946
#12,0.5662799911952454,0.6788663878494386,1.0,0.6337794408980849,0.14225621835791327,0.3614395773717808,-0.09309046885318072,0.3062821923838873,0.03924939467312349,0.4284107418005723,0.460561303103676,-0.12456086286594761,0.13786044464010566,-0.1642372881355932,-0.22895003301782962,0.05634602685450143,0.749933964340744,0.8521483601144618,0.18372661237068016,0.23027955095751707,-0.17078142196786264,0.5386440677966101,-0.14475676865507375,-0.10541712524763372,-0.17198767334360554,-0.3378450363196126,-0.05969843715606427,0.08085846357032797,0.06896324014968083,0.026964560862865947,0.491221659696236,0.2032357473035439,0.5003147699757869,0.4223640766013647,-0.5055998239049087,-0.2986418666079683,-0.06261281091789567,0.22093330398415145,-0.21193924719348448,0.12311248073959938,-0.4542196786264583,-0.2633546114902047,-0.09440677966101695,0.04174554259300022,-0.23051727933083865,0.09706581554039181,0.02097292537970504,-0.06524543253356813,-0.2898899405679067,-0.2451419766674004,-0.15480739599383667,0.005520581113801453,0.19678846577151662,0.532557781201849,-0.1652542372881356,0.45342945190402817,-0.5426018049746864,-0.45385208012326655,-0.31404578472375083,-0.08302443319392472,-0.11951353731014748,-0.012047105436935945,-0.5585362095531587,-0.6355954215276249,0.5511160026414264,0.2745806735637244,-0.4749438696896324,-0.330939907550077,0.29930442438917015,0.26526964560862865,0.6324279110719788,0.612788906009245,0.1793264362755888,0.3176865507373982,-0.33827426810477657,-0.11067356372441119,-0.1527162667840634,-0.006075280651551838,-0.23717587497248513,-0.2389258199427691,-0.07938146599163548,-0.056951353731014745,0.011534228483381025,-0.06543693594541052,-0.19551837992515958,-0.09064714946070879,0.09707021791767555,-0.29908650671362536,-0.40480079242791106,-0.44271406559542154,-0.12367818622055911,-0.4434866828087167,-0.29755668060752805,0.022795509575170594,-0.005362095531587057,0.7382742681047766,0.3807440017609509,0.37373321593660574,0.3380915694475016,0.11569887739379264,0.20071758749724852,0.6038983050847457,0.5741624477217697,0.36482940788025536,0.3920008804754567,0.2927140655954215,0.4522011886418666,-0.035472154963680384,-0.16235086946951355,0.056163328197226504,-0.10558441558441559
#13,0.5388047545674665,0.532608408540612,0.6337794408980849,1.0,0.25327756988773936,0.48442659035879376,0.06309046885318072,0.13381906229363857,0.1590688972044904,0.6186044464010566,0.34173453664979087,-0.12161567246313008,0.21138895003301783,-0.07392471934844816,-0.05910191503411842,-0.02275808936825886,0.5970085846357033,0.5126546335020912,0.16660356592559983,0.147244111820383,0.0031476997578692495,0.25828307285934404,-0.04055249834910852,-0.01046665199207572,-0.03596081884217477,-0.23352850539291217,0.16267224301122607,0.14361655293858683,0.18661237068016728,0.26529605987233107,0.2922628219238389,0.15846577151661898,0.44341624477217695,0.35707682148360115,-0.3357406999779881,-0.02394673123486683,0.070132071318512,0.27300462249614793,-0.21529165749504733,0.009894342945190402,-0.2274884437596302,-0.14802113141096193,0.03492846136913934,0.13019590578912613,-0.09745322474136034,0.07144838212634823,0.008296279991195246,0.19885097952894562,0.007224301122606207,0.015663658375522783,0.024142637023992955,0.1913977547875853,0.2726876513317191,0.3303081664098613,-0.08952674444199868,0.2157935285053929,-0.2560664758969844,-0.23955976227162668,-0.32432533568126787,0.029366057671142417,-0.18342725071538632,-0.14374862425709883,-0.2863614351749945,-0.3430178296279991,0.2776755447941889,0.07609289016068677,-0.2980541492405899,-0.17241030156284393,0.14574950473255557,0.10240369799691834,0.28726172132951794,0.3452960598723311,0.010898084965881577,0.03572309046885318,-0.23702619414483822,-0.23739819502531367,-0.3534206471494607,-0.20351529826106096,-0.13901386748844377,-0.0924058991855602,0.032306845696676204,0.1368346907329958,-0.1037046004842615,-0.04880255337882457,-0.1666784063394233,-0.24202509355051727,-0.07195905789126128,0.007662337662337662,-0.2686484701738939,-0.29893462469733656,0.04192163768434955,-0.26906009244992296,-0.16508694695135373,-0.19337001981069776,-0.1741866607968303,0.48338983050847456,0.1731432973805855,0.17095751705921197,0.207046004842615,0.20261501210653754,0.0898217037200088,0.47355491965661456,0.39976667400396215,0.2581994276909531,0.27143957737178076,0.2974884437596302,0.1830398415144178,-0.13193264362755888,-0.2375544794188862,-0.16894342945190402,-0.25451463790446843
#17,0.16141536429672024,0.08811358133392032,0.14225621835791327,0.25327756988773936,1.0,0.48262161567246314,0.22815540391811578,-0.15994276909531147,-0.06774158045344486,0.1463614351749945,-0.03714725952014088,0.3815210213515298,0.26578032137354174,0.27875192604006166,0.10451463790446841,-0.2802949592780101,-0.00613911512216597,-0.05689852520360995,-0.15366718027734977,-0.12411842394893242,-0.08908870790226722,-0.11543693594541052,-0.12536429672022892,-0.1503764032577592,-0.05953775038520801,-0.039665419326436274,0.23058991855602026,0.2913163108078362,0.17602905569007263,0.33606647589698435,0.07478978648470173,0.18292758089368258,0.11394453004622496,-0.015857362976007042,0.19101915034118425,0.36709222980409423,0.12847457627118644,0.12832269425489765,0.037642526964560864,0.10804754567466432,0.20038080563504293,0.2789852520360995,0.12933744221879814,0.09074400176095092,0.18248073959938366,0.12813779440898085,0.21740699977988115,0.2384921857803214,-0.041267884657715165,0.09690072639225182,-0.11464891041162227,0.015227823024433195,0.003975346687211094,-0.02337442218798151,-0.23454765573409642,-0.12377283733215937,-0.1544574069997799,0.13607307946290997,-0.14870349988994055,-0.16867048206031257,-0.19017609509134933,-0.20960818842174775,0.27063614351749943,0.14463790446841293,-0.19963680387409202,-0.08703720008804755,0.1200132071318512,0.17222540171692713,-0.07685230024213074,0.067343165309267,-0.13637684349548757,-0.02600264142637024,-0.06524323134492627,-0.07444640105657055,0.0017015188201628879,-0.030748404138234646,-0.3057715166189742,-0.2265133171912833,0.1444750165089148,0.16687211093990756,0.1073893902707462,0.4734668721109399,-0.06731234866828087,0.1843649570768215,0.46150561303103677,-0.14284173453664978,-0.14903367818622057,0.3288531807175875,0.18917455425930002,0.1459850319172353,0.3762161567246313,0.11382126348228043,0.112524763372221,-0.2676007043803654,-0.39295619634602685,-0.11131631080783623,-0.0973827867048206,0.01657274928461369,0.02475016508914814,0.24302443319392472,0.1249108518600044,0.2006009244992296,0.23364296720228925,0.2137112040501871,0.22210433634162446,0.016313009024873433,-0.0017279330838652872,-0.17942328857583095,-0.09526524323134493,-0.3225225621835791,-0.3303411842394893
#18,0.3387034998899406,0.25312568787145057,0.3614395773717808,0.48442659035879376,0.48262161567246314,1.0,0.024983491085186,0.10859123926920537,-0.10904688531807176,0.2537023992956196,0.20040281752146158,0.28900066035659255,0.4979506933744222,-0.1153004622496148,-0.09260180497468633,-0.07441118203830069,0.24561303103675985,0.22839313229143737,-0.16504072198987454,0.0237442218798151,-0.23884217477437816,0.06741140215716487,-0.10134712744882236,-0.015276249174554259,-0.038723310587717365,-0.30045124367158266,0.28366938146599163,0.314208672683249,0.06345806735637244,0.22205591019150342,0.3014549856922738,0.35365397314549857,0.3284415584415584,0.1012392692053709,-0.21895003301782962,0.09198547215496368,-0.020008804754567466,0.09497248514197666,-0.023119084305524982,-0.052557781201849,-0.014807395993836672,-0.04338322694254897,0.17469513537310147,-0.003022232005282853,0.08912172573189522,0.24030156284393572,0.20716927140655955,0.4128153202729474,0.059024873431653094,0.24908430552498348,0.21989874532247414,0.20460268545014307,0.2445938806955756,0.2679639005062734,-0.07382126348228044,-0.05353070658155404,-0.06728153202729474,0.00800792427911072,-0.19546114902047104,-0.19896984371560641,-0.1503477878054149,-0.05268545014307726,-0.020911292097732775,-0.10069777679947171,0.08808276469293419,0.06774158045344486,-0.20325996037860444,-0.1514836011446181,-0.15092009685230023,-0.005241030156284393,-0.05887739379264803,0.07691613471274489,-0.22354831609068898,-0.033099273607748184,-0.2377525863966542,-0.1426700418225842,-0.3184173453664979,-0.25965221219458506,-0.10308166409861325,-0.009079903147699757,0.15045344486022452,0.40656834690732996,0.1868082764692934,0.3256834690732996,0.20449262601804974,-0.032689852520360996,-0.00013207131851199647,0.24108958837772398,-0.040187101034558664,0.15041382346467091,0.2116486902927581,0.08549856922738279,0.08396434074400176,-0.14868589038080562,-0.33007043803653974,0.23776579352850538,-0.10491965661457187,0.22317191283292978,0.18362095531587058,0.3967510455646049,0.20971604666519922,0.4264780981730134,0.22933083865287254,0.36818401937046,0.3637772397094431,0.4015276249174554,0.12628659476117104,-0.12509134932863747,-0.052524763372221,-0.22086066475896984,-0.37101694915254235
#26,0.12390050627338763,-0.019709443099273607,-0.09309046885318072,0.06309046885318072,0.22815540391811578,0.024983491085186,1.0,0.039619194364957075,0.20201188641866608,0.09551177635923398,0.10061633281972265,0.09492626018049746,0.0798084965881576,0.5172022892361875,0.27340303764032575,0.028434954875632842,-0.07507153863086066,-0.10402377283733216,-0.07036759850319173,-0.019817301342725073,0.19625357693154302,-0.18805194805194805,-0.15807175874972484,-0.27024653312788904,-0.2424521241470394,0.050827646929341844,-0.056854501430772614,0.1652212194585076,-0.1616090688972045,0.09738939027074621,-0.22190622936385648,0.11002421307506054,-0.11351970063834471,-0.16584855822143957,0.10161787365177195,0.300528285274048,0.05711864406779661,0.08568787145058332,-0.26564825005502973,-0.05940788025533788,0.20486242570988333,0.2380277349768875,-0.020770416024653314,0.022364076601364736,-0.16951573849878934,-0.2393594541052168,-0.2099471714725952,0.17872331058771737,0.045764913053048646,-0.0036627779000660355,0.09161567246313009,0.15544353951133613,0.05596081884217478,-0.039779881135813336,-0.02644287915474356,-0.10893022232005282,-0.030217917675544794,0.0019678626458287476,-0.1500066035659256,-0.24274488223640767,-0.16718467972705262,-0.16301782962799913,0.4837772397094431,0.4219986792868149,-0.12311688311688311,-0.06037640325775919,0.30183138895003303,0.5085450143077261,0.20140655954215275,0.2920184899845917,0.021157825225621835,0.08067136253576931,-0.06673123486682808,0.07763152102135153,0.12285053929121725,-0.005912392692053709,-0.1800132071318512,-0.11587937486242571,0.15135593220338983,0.3062645828747524,0.07307726172132951,0.1213053048646269,-0.03,0.25429231785163986,0.10890380805635043,-0.2242328857583095,-0.1668302883557121,0.1671516618974246,0.19124147039401276,0.11186880915694475,-0.035377503852080126,0.13639005062733875,-0.024100814439797492,-0.3737442218798151,-0.3927294739159146,-0.10811358133392032,0.049768875192604006,-0.061494607087827426,-0.15089808496588158,0.056048866387849436,-0.01929341844596082,-0.1318203830068237,0.056117103235747305,0.043359013867488444,0.004177856042262822,-0.04572749284613691,-0.2000924499229584,0.013297380585516178,-0.23557561082984813,-0.46071538630860664,-0.4574664318732115
#49,0.5462491745542593,0.4464120625137574,0.3062821923838873,0.13381906229363857,-0.15994276909531147,0.10859123926920537,0.039619194364957075,1.0,0.3298481179837112,0.40086066475896986,0.4416883116883117,-0.010964120625137574,0.16358133392031698,-0.12011005943209332,0.017486242570988332,0.157706361435175,0.3822430112260621,0.32287034998899405,0.1004424389170152,0.2841404358353511,3.081664098613251e-05,0.33099933964340744,0.04761831388950033,-0.11899185560202509,-0.014162447721769755,-0.16007263922518158,-0.012227602905569008,-0.1955359894342945,0.04606207351970064,-0.10745982830728594,0.14209112920977326,-0.028128989654413385,0.21776139115122167,0.2570988333700198,-0.2622672243011226,-0.11812678846577152,0.12803653973145498,0.2916949152542373,-0.19455205811138016,0.015980629539951573,-0.2435659255998239,-0.17657495047325555,0.05205370900286155,0.1814571868809157,-0.0512656834690733,-0.007285934404578472,-0.06335681267884657,-0.1492295839753467,-0.12842835130970723,-0.19731895223420648,-0.06526744441998679,-0.13756988773937925,0.04345366497908871,0.24875192604006163,-0.0711468192824125,0.29147919876733436,-0.3222430112260621,-0.24187541272287036,-0.46795289456306405,-0.2924147039401277,0.023356812678846577,0.06546775258639666,-0.22350869469513537,-0.3218335901386749,0.24410961919436497,0.0015188201628879596,-0.2553378824565265,-0.15160246533127889,0.1696830288355712,-0.029856922738278672,0.25141976667400395,0.16517499449702838,0.3215562403697997,0.29218578032137354,0.011177635923398635,0.134323134492626,-0.06620735197006383,-0.15460928901606869,-0.22730574510235527,-0.13311468192824125,-0.06548095971824786,-0.27917895663658376,0.1836979969183359,0.10225181598062955,0.015001100594320933,0.13276689412282633,0.07328857583094871,-0.3083975346687211,-0.3110609729253797,-0.04555359894342945,-0.19252916574950474,-0.16756548536209553,-0.13420867268324896,-0.09122386088487783,-0.02823024433193925,0.27500550297160464,-0.0537772397094431,0.17148360114461808,0.14292978208232446,0.06064054589478318,-0.03891041162227603,0.18340523882896764,0.059639005062733876,0.14187981510015407,0.13848117983711203,0.3722672243011226,0.18486902927580895,0.019841514417785606,0.024228483381025755,-0.15662117543473475,-0.29504732555580016
#50,0.18633061853400837,0.4001012546775259,0.03924939467312349,0.1590688972044904,-0.06774158045344486,-0.10904688531807176,0.20201188641866608,0.3298481179837112,1.0,0.5867840633942328,0.5010037420206912,0.05457627118644068,-0.06911732335461149,0.17118423948932424,0.028120184899845916,-0.07457627118644068,0.17059432093330398,0.03724191063174114,-0.1724058991855602,-0.23472154963680386,0.13464450803433856,-0.23769755668060752,0.09575390710983932,0.06776799471714726,0.07147039401276689,0.018998459167950694,-0.09030816640986132,-0.1880475456746643,0.12412942989214176,0.2102839533348008,-0.058426150121065376,-0.11327316751045564,-0.22090909090909092,-0.05031917235307066,0.03654853620955316,0.16326216156724632,-0.01990314769975787,0.09211314109619194,-0.23937926480299362,-0.049782082324455204,0.09721769755668061,0.027519260400616332,0.13933744221879815,0.34016068677085626,0.09482720669161347,-0.14660136473695795,-0.19095311468192824,-0.11709443099273607,-0.043651771956856704,-0.22174774378164208,0.12029055690072639,0.057048206031256876,0.05116883116883117,-0.11271846797270527,0.09329077701959058,0.03085846357032798,0.03036319612590799,-0.18174994497028396,-0.05186880915694475,0.10515298261060974,-0.027193484481620074,0.06580673563724411,0.07559101915034118,-0.031210653753026635,-0.1312656834690733,-0.19048206031256879,0.06637684349548756,0.2286220559101915,0.16401276689412284,-0.020462249614791986,0.07785604226282192,-0.04317631521021351,0.15815320272947392,-0.032018489984591676,-0.011432973805855161,-0.05698657274928461,0.045293858683689195,0.0021857803213735415,0.032339863526304205,-0.08192824125027515,0.08779000660356592,-0.18780761611270086,-0.11836231565045124,0.025298261060972927,-0.26458507594100816,-0.00821483601144618,-0.02049306625577812,0.007882456526524324,-0.007129650011005943,0.04016068677085626,-0.03167730574510236,0.047776799471714725,-0.10053488883997358,-0.042709663218137794,0.023548316090688973,0.07093110279550957,-0.03939907550077042,0.12361435174994496,-0.050189302223200526,0.16032577591899627,-0.02110939907550077,0.01521021351529826,-0.199372661237068,0.11525643847677745,-0.07002421307506053,0.06662117543473475,-0.36078362315650453,0.011624477217697557,0.0030552498349108517,-0.08258199427690953,-0.09610389610389611
#51,0.627508254457407,0.6603918115782522,0.4284107418005723,0.6186044464010566,0.1463614351749945,0.2537023992956196,0.09551177635923398,0.40086066475896986,0.5867840633942328,1.0,0.6079616993176316,0.020548095971824786,0.15908870790226723,-0.019786484701738938,-0.053493286374642304,-0.1569623596742241,0.5533546114902047,0.27433414043583537,-0.013977547875852961,-0.07344265903587938,0.027924279110719787,0.04929121725731895,0.13332159366057672,0.011331719128329297,0.04584855822143958,0.020033017829628,0.1557296940347788,0.09093330398415145,0.10786924939467313,0.31631080783623156,0.13599603786044465,-0.06563504292317851,0.16038300682368478,0.2721483601144618,-0.21017389390270746,0.10023332599603786,-0.053462469733656176,0.25180277349768876,-0.18222980409421088,0.03056570548095972,-0.0007109839313229144,-0.10925819942769095,0.1115166189742461,0.16327977107638125,-0.019476117103235747,-0.13004402377283733,0.07319172353070658,0.048190622936385645,0.035569007263922515,-0.08756988773937927,0.014184459608188421,0.07524983491085185,0.24586396654193265,0.1647787805414924,0.043169711644287914,0.18861325115562402,-0.11953995157384988,-0.19744441998679288,-0.26448602245212416,0.047569887739379264,-0.11444640105657054,-0.03645828747523663,-0.08694475016508915,-0.17272066916134712,0.11849438696896324,-0.0174686330618534,-0.17508694695135374,0.04818622055910191,0.06908210433634163,-0.09644287915474356,0.08951793968743121,0.14201628879594982,-0.009392471934844816,0.008646268985252037,-0.17597622716266784,-0.1787739379264803,-0.16797270526084085,-0.09123706801672904,-0.0738696896324015,-0.11898305084745762,0.11622496147919877,0.07427470834250495,-0.17826766453885098,-0.04819282412502752,-0.15206471494607088,-0.15791987673343605,-0.048005723090468855,0.07539951573849879,-0.08217477437816421,-0.16626678406339424,0.038423948932423506,-0.12088487783403037,-0.2027162667840634,-0.12501871010345586,-0.12701518820162888,0.3293198327096632,0.13140215716486903,0.13962579793088267,0.20508694695135374,0.18276029055690074,0.03191723530706581,0.34108958837772396,0.11353510895883777,0.2676469293418446,0.07610169491525423,0.2644750165089148,-0.07675764913053049,-0.0662953995157385,-0.006907329958177416,-0.0876799471714726,-0.17642306845696676
#52,0.465808936825886,0.5882192383887299,0.460561303103676,0.34173453664979087,-0.03714725952014088,0.20040281752146158,0.10061633281972265,0.4416883116883117,0.5010037420206912,0.6079616993176316,1.0,0.1675874972485142,0.05064935064935065,-0.020002201188641867,-0.17495487563284173,0.023365617433414042,0.45400396213955535,0.4445300462249615,-0.09950913493286374,-0.16256878714505832,-0.12456966762051508,0.13908650671362535,0.13096412062513757,0.048712304644508035,-0.0337904468412943,-0.09884217477437816,-0.08988333700198108,0.019489324235086945,0.16281972265023112,-0.008232445520581114,0.35587277129650013,0.09010125467752586,0.23803874092009686,0.28328417345366497,-0.2579154743561523,0.024424389170151883,0.04692273827867048,0.35667400396213955,-0.14040501871010347,0.19363196125907992,-0.22511116002641426,-0.12389610389610389,0.06542813119084305,0.16769095311468193,0.02051948051948052,0.07491525423728813,-0.06290116662998019,0.004292317851639886,-0.1983777239709443,-0.36383447061413166,-0.08917895663658376,-0.0960642747083425,0.04312128549416685,0.21543473475676866,0.08189742460928902,0.3687387189082104,-0.3077657935285054,-0.3695729694034779,-0.2580101254677526,-0.1511732335461149,-0.11817741580453445,0.06079683028835571,-0.2992537970504072,-0.3812282632621616,0.29011446180937706,-0.03928241250275149,-0.31652872551177635,-0.15927580893682589,0.1877327756988774,0.0014461809377063614,0.3292956196346027,0.19851419766674003,0.2571428571428571,0.1426964560862866,-0.13020250935505173,-0.01794849218578032,-0.00939027074620295,-0.009167950693374421,-0.1424785384107418,-0.18657935285053928,0.11565705480959718,-0.13450583314990094,0.0007285934404578472,0.19901606867708563,-0.3063174114021572,-0.01034338542813119,0.04436275588817962,-0.0873893902707462,-0.24827426810477657,-0.07150561303103677,-0.0031454985692273827,-0.1725709883337002,-0.24822364076601364,-0.022659035879374862,-0.12633281972265023,0.3922474136033458,0.18940347787805414,0.25234866828087166,0.31145278450363195,0.19989654413383226,0.07057671142416905,0.48597402597402595,0.112689852520361,0.36521021351529825,0.3173849878934625,0.36242791107197886,0.130297160466652,0.056605767114241694,-0.06783843275368699,-0.056669601584855823,-0.23854281311908432
#53,0.07301562843935726,-0.062359674224081,-0.12456086286594761,-0.12161567246313008,0.3815210213515298,0.28900066035659255,0.09492626018049746,-0.010964120625137574,0.05457627118644068,0.020548095971824786,0.1675874972485142,1.0,0.33333039841514417,0.2602091129209773,0.008778340303764032,-0.15403697996918336,-0.0001672903367818622,-0.295956416464891,-0.29628439357252917,-0.28471714725952013,-0.15841514417785604,-0.3750033017829628,0.05131631080783623,0.10794629099713846,0.15075280651551837,-0.062262821923838876,0.09874532247413603,-0.012733876293198327,-0.09810697776799472,0.14171692714065595,-0.1011600264142637,0.046799471714725954,-0.19995817741580454,-0.035051727933083865,0.1986814880035219,0.25013427250715387,0.16616112700858462,-0.013612150561303103,0.15165529385868368,-0.0877591899625798,0.053865287255117765,0.07901606867708563,0.17360994937266125,-0.12505392912172572,0.1774686330618534,0.1682258419546555,0.20354171252476339,0.13254237288135592,0.07358133392031697,0.2232445520581114,0.05217477437816421,0.058362315650451246,-0.22469733656174334,-0.300363196125908,-0.1630926700418226,-0.32453004622496145,0.027083425049526745,0.11266563944530046,0.02094210873871891,-0.06103015628439357,0.03956636583755228,-0.04907770195905789,0.31300682368478977,0.2842725071538631,-0.3377591899625798,-0.12147259520140877,0.14505392912172574,0.10992515958617653,-0.19167070217917676,0.03606647589698437,-0.24577371780761612,-0.14577151661897425,-0.1286748844375963,-0.2988421747743782,-0.03589258199427691,-0.09604226282192384,0.002929782082324455,-0.13170812238608848,0.06708122386088487,-0.07808936825885979,0.2248580233325996,0.4142637023992956,0.0786352630420427,0.26708342504952676,0.4416156724631301,0.1587739379264803,0.08209112920977328,0.3883799251595862,0.17545674664318733,0.3916596962359674,0.1381664098613251,0.20921197446621176,0.1434404578472375,-0.03937046004842615,-0.10332379484921858,-0.1541470394012767,-0.2921747743781642,0.0676007043803654,-0.11652872551177636,0.18493946731234867,-0.12072419106317411,-0.01728593440457847,-0.06067136253576932,0.03517059211974466,0.07252036099493726,-0.09506053268765133,-0.1840810037420207,0.06463570327977107,0.04186660796830288,-0.12501430772617214,-0.03991635483160907
#54,0.1971054369359454,-0.021217257318952236,0.13786044464010566,0.21138895003301783,0.26578032137354174,0.4979506933744222,0.0798084965881576,0.16358133392031698,-0.06911732335461149,0.15908870790226723,0.05064935064935065,0.33333039841514417,1.0,0.1321351529826106,0.16508474576271187,0.13644067796610168,0.13074620294959277,-0.007360774818401937,0.05240810037420207,0.1499867928681488,-0.09382126348228043,-0.046438476777459825,-0.16579793088267664,0.0562029495927801,-0.05235307065815541,-0.09000880475456746,0.14430332379484923,0.020191503411842397,-0.0374488223640766,0.009931763152102134,0.09234426590358794,0.010145278450363195,0.08748404138234647,0.02765133171912833,-0.056880915694475016,0.04620515078142197,0.15893682588597843,0.1133083865287255,-0.24053709002861545,-0.2393352410301563,-0.1359255998239049,-0.22069337442218798,0.09330398415144178,-0.1813647369579573,0.01414043583535109,0.09861985472154963,0.1480497468633062,0.1333348007924279,-0.03560642747083425,0.11312348668280872,0.061948051948051946,0.11509134932863746,-0.021437376183138894,0.03421087387189082,-0.09909090909090909,-0.20419546555139775,-0.05055910191503412,0.21097072419106316,-0.19029275808936827,-0.11678186220559102,-0.15646268985252035,-0.26977107638124587,0.18739159145938808,0.08571868809156945,-0.10343385428131191,-0.08164208672683249,0.05950693374422188,0.08151882016288796,0.09569007263922519,0.3639885538190623,0.06657054809597182,0.13359674224081003,0.04403918115782523,0.03219238388729914,0.13842394893242352,-0.18639445300462248,-0.2700924499229584,-0.24930442438917017,-0.0062623816861105,-0.06912832929782083,0.18623156504512436,0.1843121285494167,0.12303323794849219,0.039676425269645606,0.30842835130970725,-0.1163086066475897,-0.21704820603125688,0.006022452124147039,-0.03699537750385208,0.1074224081003742,-0.10582214395773717,-0.041864406779661016,0.028650671362535768,-0.26031256878714504,-0.25306405458947834,0.029335241030156285,-0.13446180937706362,0.15345806735637244,-0.016264582874752367,-0.024798591239269207,-0.19607748184019372,0.03753026634382567,0.004778780541492406,-0.018736517719568566,-0.04264802993616553,0.09164869029275809,-0.0837376183138895,-0.1560180497468633,-0.13906229363856482,-0.326040061633282,-0.279900946511116
#58,-0.07852080123266564,-0.10450803433854282,-0.1642372881355932,-0.07392471934844816,0.27875192604006166,-0.1153004622496148,0.5172022892361875,-0.12011005943209332,0.17118423948932424,-0.019786484701738938,-0.020002201188641867,0.2602091129209773,0.1321351529826106,1.0,0.28364076601364735,-0.18079903147699758,-0.2088267664538851,-0.22340964120625137,-0.2445564604886639,-0.1288861985472155,0.12787585296059872,-0.358415144177856,-0.16867048206031257,-0.242953995157385,-0.1112920977327757,0.25092670041822585,-0.18165969623596742,0.002604006163328197,0.005877173673783843,0.2711138014527845,-0.23974686330618533,0.09148800352190183,-0.2636605767114242,-0.13572309046885317,0.46000440237728374,0.527261721329518,0.0734866828087167,0.030068236847897865,-0.24694475016508916,-0.06390931102795509,0.34650891481399954,0.46574950473255555,-0.18302443319392472,0.0007285934404578472,-0.014598283072859344,-0.15273167510455646,-0.10201848998459168,0.07189962579793088,-0.12651771956856703,0.07950033017829627,-0.06606207351970064,0.17593440457847237,-0.16060312568787144,-0.20401716927140656,-0.0312854941668501,-0.1938102575390711,-0.0070394012766894125,0.2695311468192824,-0.04457847237508254,0.07517279330838653,-0.17081443979749064,-0.29049526744442,0.5628989654413383,0.41701078582434514,-0.447442218798151,-0.3243033237948492,0.5522011886418666,0.5734294519040282,0.18806075280651552,0.31910631741140216,0.04604446401056571,-0.06386528725511777,0.0765661457186881,-0.16569227382786705,0.09701078582434515,-0.046863306185340084,-0.24974686330618534,-0.15368258859784284,0.31912612810917895,0.2690116662998019,0.11308386528725511,0.22319612590799032,-0.0336913933524103,0.14109178956636584,0.28897644728153205,-0.2531653092670042,-0.28172573189522343,0.15130970724191062,0.40188201628879594,0.24598283072859345,0.08569227382786705,0.09398635263042043,0.13537090028615453,-0.42587717367378386,-0.28180057230904687,-0.32388069557561083,-0.11812898965441339,-0.03167730574510236,-0.14278670482060313,0.047206691613471276,-0.08058551617873652,-0.08313889500330178,0.03469073299581774,-0.08397094430992737,-0.10758969843715606,-0.21914593880695576,-0.28261281091789564,-0.13747083425049528,-0.20515738498789346,-0.45714285714285713,-0.22622055910191505
#101,-0.18127008584635704,-0.15062953995157385,-0.22895003301782962,-0.05910191503411842,0.10451463790446841,-0.09260180497468633,0.27340303764032575,0.017486242570988332,0.028120184899845916,-0.053493286374642304,-0.17495487563284173,0.008778340303764032,0.16508474576271187,0.28364076601364735,1.0,0.08989874532247413,-0.04326876513317191,-0.24952454325335682,0.3310829848117984,0.25269865727492846,0.5801034558661677,-0.1563284173453665,0.052648029936165526,-0.1166189742460929,0.06418445960818842,0.18002201188641867,0.008456966762051508,-0.016161127008584637,0.17188641866607968,0.049550957517059215,-0.3720757208892802,-0.3687805414924059,-0.3192559982390491,-0.08969403477878055,0.31027294739159145,0.10250055029716047,0.30575170592119744,0.13768875192604005,-0.14261501210653754,-0.044444199867928684,0.14909531146819283,0.14284833810257538,0.17497248514197666,-0.03396874312128549,0.10644287915474356,-0.20018269865727492,-0.2428285274047986,0.029326436275588817,-0.1930640545894783,0.03236187541272287,-0.09942108738718908,0.1330904688531807,-0.13845916795069338,-0.20481620074840415,0.12169931763152102,-0.2699273607748184,0.16059652212194586,0.115148580233326,-0.20541272287034998,-0.18000220118864188,-0.21277349768875192,-0.42356152322254015,0.47641866607968303,0.39963900506273387,-0.11926040061633282,-0.12359013867488444,0.27753686990975124,0.1714109619194365,0.3316156724631301,0.3093352410301563,-0.026973365617433413,0.02709883337001981,0.0388795949812899,-0.2118996257979309,0.2487277129650011,-0.2088333700198107,-0.25762931983270965,-0.4145608628659476,0.5133766233766234,0.21002201188641867,-0.10154083204930663,-0.004235086946951354,0.09057451023552718,-0.04228703499889941,0.049925159586176535,-0.3974136033458067,-0.4711974466211754,0.0751287695355492,0.21468192824125026,0.10464891041162228,-0.08140876073079463,-0.19307285934404578,-0.31723970944309926,-0.514569667620515,-0.3615166189742461,-0.16472815320272946,-0.03599823904908651,-0.4428857583094871,-0.2526766453885098,-0.08479418886198548,-0.07628439357252917,-0.3863086066475897,-0.22646268985252035,-0.31140655954215274,-0.2199273607748184,-0.22087827426810477,-0.16459167950693374,-0.22691613471274488,-0.4219238388729914,-0.46687211093990755,-0.3628329297820823
#102,-0.004666519920757209,-0.05047325555800132,0.05634602685450143,-0.02275808936825886,-0.2802949592780101,-0.07441118203830069,0.028434954875632842,0.157706361435175,-0.07457627118644068,-0.1569623596742241,0.023365617433414042,-0.15403697996918336,0.13644067796610168,-0.18079903147699758,0.08989874532247413,1.0,0.03268545014307726,0.1953731014747964,0.29360774818401936,0.21981289896544134,0.08807836231565046,0.262656834690733,0.018666079683028837,0.32740039621395556,-0.018476777459828307,-0.08783182918776139,-0.10077701959057891,-0.1477459828307286,-0.12458727712965001,-0.47049526744442,0.3654655513977548,-0.19749724851419767,0.18960158485582215,-0.13802553378824564,-0.3286682808716707,-0.4451463790446841,0.10961038961038962,0.1365529385868369,-0.2644618093770636,-0.04273167510455646,-0.48614791987673345,-0.5881421967862646,0.11925379705040721,-0.1403499889940568,-0.1099933964340744,0.07140215716486903,-0.1263680387409201,-0.1813053048646269,-0.15364076601364737,-0.2532027294739159,-0.16983491085186,-0.3080849658815761,-0.16478978648470174,-0.07850319172353071,-0.24458287475236629,-0.040099053488884,-0.4053576931543033,-0.3178494386968963,-0.1379418886198547,-0.25012987012987015,0.0925181598062954,0.10085846357032797,-0.07915254237288136,0.08748404138234647,0.3368941228263262,0.05315430332379485,-0.20720889280211313,-0.2481157825225622,0.2614880035219018,0.23474356152322254,0.26907550077041603,0.1687211093990755,0.14087387189082104,0.22072419106317412,-0.08541272287034998,-0.06470173893902707,0.12353951133612151,-0.12710103455866167,-0.22190843055249834,-0.16749284613691393,0.05449482720669161,-0.05473475676865507,-0.02275808936825886,-0.053768434954875634,-0.23776579352850538,0.1199933964340744,0.12093330398415145,-0.3290821043363416,-0.4493880695575611,-0.1114703940127669,-0.2847369579572969,-0.24246973365617433,-0.022322254017169273,0.11713625357693154,0.10928461369139335,0.1463614351749945,0.053469073299581775,0.08269865727492846,-0.13441998679286815,-0.024008364516839093,-0.13930002201188643,-0.03852080123266564,-0.08577812018489984,-0.008023332599603786,0.20095091349328636,0.04257318952234206,0.2527250715386309,0.15302003081664098,-0.1669535549196566,0.044604886638784945,-0.05770195905789126
#201,0.524241690512877,0.599487123046445,0.749933964340744,0.5970085846357033,-0.00613911512216597,0.24561303103675985,-0.07507153863086066,0.3822430112260621,0.17059432093330398,0.5533546114902047,0.45400396213955535,-0.0001672903367818622,0.13074620294959277,-0.2088267664538851,-0.04326876513317191,0.03268545014307726,1.0,0.632161567246313,0.3286286594761171,0.16621395553598944,-0.050895883777239706,0.3925467752586397,0.1533546114902047,-0.019771076381245874,0.03348007924279111,-0.2879683028835571,0.10715386308606648,0.003414043583535109,0.18351970063834472,0.12220559101915034,0.3551837992515959,-0.024378164208672684,0.38906009244992296,0.4213625357693154,-0.37637684349548756,-0.30178956636583754,0.060121065375302665,0.15774818401937046,-0.09540611930442439,0.08537750385208012,-0.4307043803653973,-0.38046445080343383,-0.009625797930882677,0.03554919656614572,-0.1996235967422408,0.028252256218357915,0.12018710103455867,-0.04715386308606648,-0.09812898965441338,-0.11488883997358573,-0.017668941228263263,0.040647149460708784,0.262029495927801,0.41219898745322475,-0.08171032357473035,0.3558947831829188,-0.4028285274047986,-0.41091129209773275,-0.2369205370900286,0.05940788025533788,-0.05498128989654413,-0.06042482940788026,-0.40472375082544576,-0.45597622716266784,0.42027955095751707,0.20532907770195905,-0.4387167070217918,-0.280264142637024,0.22962139555359895,0.20661897424609288,0.4181642086726832,0.45753026634382565,0.03386528725511776,0.1267752586396654,-0.3144970283953335,-0.2830838652872551,-0.20551617873651773,-0.155181598062954,0.08064935064935065,-0.1302839533348008,0.011749944970283954,-0.07568126788465772,-0.04108518600044024,-0.05865947611710324,-0.2100264142637024,-0.1533436055469954,0.10449922958397535,-0.1494188861985472,-0.428943429451904,-0.37423948932423506,-0.17223200528285273,-0.4565705480959718,-0.30184019370460047,0.04413383226942549,0.08034558661677306,0.7396169931763152,0.269735857362976,0.2519194364957077,0.2850737398195025,0.1481157825225622,0.03470614131631081,0.47969843715606425,0.39455866167730574,0.2637376183138895,0.22548316090688972,0.2841668500990535,0.28464010565705483,-0.11461589258199428,-0.182656834690733,0.09663218137794409,0.017607307946290996
