,#10,#11,#12,#13,#17,#18,#26,#49,#50,#51,#52,#53,#54,#58,#101,#102,#201,#202,#301,#302,#401,#402,#501,#502,#601,#602,#701,#702,#801,#802,#901,#902,#1001,#1002,#1101,#1102,#1201,#1202,#1301,#1302,#1401,#1402,#1501,#1502,#1601,#1602,#1701,#1702,#1801,#1802,#1901,#1902,#2001,#2002,#2101,#2102,#2201,#2202,#2301,#2302,#2401,#2402,#2501,#2502,#2601,#2602,#2701,#2702,#2801,#2802,#2901,#2902,#3001,#3002,#3101,#3102,#3201,#3202,#3301,#3302,#3401,#3402,#3455,#3501,#3502,#3601,#3602,#3701,#3702,#3801,#3802,#3901,#3902,#4001,#4002,#4101,#4102,#4201,#4202,#4301,#4302,#4401,#4402,#4501,#4502,#4601,#4602,#4701,#4702,#4801,#4802
#10,1.0,0.3869095311468193,0.26625137574290114,0.49563284173453664,0.19560642747083426,0.05736077481840194,0.1846797270526084,0.4709112920977328,0.1380409421087387,0.3982808716707022,0.18918776139115123,0.20496808276469294,-0.0787277129650011,-0.15676205150781422,-0.234818401937046,0.1164274708342505,0.16790006603565927,0.10897204490424829,-0.22561303103675984,-0.04571208452564385,-0.1360312568787145,0.3038828967642527,0.322161567246313,0.40171912832929785,0.06722870349988994,0.4510763812458728,0.029211974466211755,0.2747941888619855,-0.17158705701078583,0.08485582214395773,-0.047206691613471276,0.0625379705040722,-0.011910631741140217,-0.1160642747083425,-0.09423948932423509,0.266337222099934,-0.28914593880695577,0.2945476557340964,-0.3350341184239489,0.14692493946731236,-0.2546555139775479,-0.10771956856702619,-0.2742725071538631,0.03027294739159146,-0.049931763152102134,0.2434206471494607,-0.0651023552718468,-0.15048206031256878,-0.20448822364076602,-0.19251595861765353,-0.14285714285714285,-0.10111600264142637,-0.12607968302883557,-0.038192824125027516,-0.07947391591459388,-0.10815320272947392,-0.15933744221879814,0.11901606867708563,-0.3246357032797711,0.3532775698877394,0.006416464891041162,-0.152623816861105,-0.08284833810257539,-0.158168611049967,0.2146268985252036,-0.1448646268985252,-0.05173013427250715,-0.04874312128549416,-0.164323134492626,-0.03056570548095972,-0.020644948272066917,-0.012099933964340745,-0.12057230904688532,0.23454325335681267,-0.29665419326436276,-0.13623816861104995,-0.06095091349328637,0.21861985472154963,-0.00850099053488884,0.1578978648470174,-0.22642526964560863,-0.0564142637023993,0.05537530266343826,-0.009621395553598944,0.049918556020250936,0.050178296279991194,0.015300462249614791,-0.14406559542152764,0.015621835791327317,0.05920096852300242,0.1616090688972045,0.13841954655513977,0.002262821923838873,0.07035879374862426,-0.15465111160026415,0.11475676865507374,0.31058551617873653,0.1733568126788466,0.18358133392031697,-0.1547589698437156,-0.007609509134932864,0.06358133392031697,0.13334580673563726,0.14244772176975568,0.045896984371560645,-0.025458947831829188,-0.08004402377283733,-0.11514637904468412,-0.13787365177195685,-0.05484701738939027,0.15022892361875412
#11,0.3869095311468193,1.0,0.33076821483601143,0.21498128989654414,0.006374642306845697,-0.06289016068677086,0.46877834030376403,0.29950473255558,0.30456086286594763,0.4118886198547215,0.303350209112921,-0.061201848998459166,-0.1386946951353731,-0.17577151661897425,-0.08426590358793748,0.24645608628659477,0.12296059872331058,0.1565727492846137,-0.11097732775698878,-0.014400176095091349,-0.001611270085846357,0.07586836891921638,0.016836891921637686,0.07837772397094431,0.08064714946070878,0.20488223640766012,-0.061041162227602905,-0.04801452784503632,0.016158925819942768,-0.17705480959718248,0.10263262161567246,0.036797270526084086,0.12625357693154304,0.18766013647369578,-0.07682588597842835,0.07131631080783624,0.034527845036319615,0.02608188421747744,-0.01805194805194805,0.07379925159586176,-0.04541932643627559,-0.018692493946731236,-0.09696015848558222,-0.2636781862205591,-0.005685670261941448,-0.005778120184899846,-0.2614329738058552,-0.1857627118644068,-0.36023332599603786,-0.18662337662337664,-0.16075941008144398,-0.09712304644508034,-0.15537530266343827,-0.0837508254457407,-0.05227823024433194,-0.07501430772617214,-0.18578032137354172,-0.09358793748624257,0.12331058771736737,0.1391811578252256,0.13010785824345147,-0.11515738498789346,-0.15029716046665198,-0.3177349768875193,0.28440677966101696,0.122062513757429,-0.18414043583535109,0.06094210873871891,0.08748404138234647,0.09183799251595862,0.16490644948272068,0.1988399735857363,-0.12163108078362316,-0.004171252476337222,-0.34724191063174115,-0.15793748624257098,-0.27126348228043146,-0.040158485582214395,-0.08613911512216597,-0.08473035439137135,-0.16740259740259741,-0.21332819722650231,0.11077041602465332,-0.15238828967642526,-0.1197754787585296,0.16951133612150562,0.10642306845696677,-0.0897556680607528,-0.0734602685450143,-0.2557671142416905,-0.049022672243011226,-0.07253576931543033,0.1481532027294739,0.17584195465551397,0.24747303543913712,0.11282412502751486,0.13449262601804976,0.07809817301342725,0.10686550737398195,-0.04844155844155844,-0.0011644287915474356,0.20197886858903807,0.2310081443979749,0.16629760070438038,0.161699317631521,0.024045784723750824,0.09072639225181597,-0.21414483821263483,0.0525049526744442,0.13510455646048866,0.06825885978428352
#12,0.26625137574290114,0.33076821483601143,1.0,0.5914263702399296,0.3422804314329738,0.49747743781642084,0.26088047545674664,0.05061193044243892,-0.027466431873211534,0.48167730574510237,0.13710103455866168,-0.20329077701959058,0.20103015628439358,-0.18469513537310148,-0.24943649570768214,0.08069117323354612,0.6888729914153643,0.7642615012106537,-0.5522892361875412,-0.4677988113581334,-0.07595861765353291,-0.17605987233105877,0.3538168611049967,0.15820383006823685,-0.1490490865067136,0.048712304644508035,-0.11559762271626678,-0.13888399735857362,0.15683909311027955,-0.20324455205811137,0.6478516398855382,0.27927140655954213,0.6000264142637024,0.5662777900066036,0.08258859784283513,0.02902047105436936,0.049885538190622934,-0.08807395993836672,-0.09353510895883778,-0.09785604226282192,-0.15613251155624036,-0.2971802773497689,-0.31236847897864845,-0.5021813779440898,-0.37025974025974023,-0.46851639885538193,-0.06638564825005502,-0.015546995377503852,-0.1323068456966762,-0.03230244331939247,0.1280145278450363,0.27186660796830286,0.2530508474576271,0.34784063394232884,0.06493506493506493,0.34593000220118864,-0.4241514417785604,-0.6233678186220559,0.11465991635483161,-0.09699757869249395,-0.016885318071758748,-0.07841734536649791,-0.26776799471714724,-0.03501430772617213,0.32769095311468194,0.052291437376183136,-0.2589852520360995,0.11650231124807396,-0.20285274047985913,-0.1176205150781422,0.5463790446841295,0.45000440237728373,-0.11131410961919437,0.281419766674004,-0.6024565265243231,-0.3600462249614792,-0.5277019590578913,-0.1864340744001761,0.02526304204270306,-0.3017059211974466,-0.1444684129429892,-0.07650451243671583,0.10731675104556461,-0.18961699317631522,-0.3310103455866168,-0.02928681488003522,0.09976667400396214,-0.2871164428791547,-0.05278230244331939,-0.04649130530486463,-0.12549856922738278,0.13697336561743342,0.10480079242791107,0.1617917675544794,0.2186022452124147,0.29229583975346685,0.10188641866607968,0.7146180937706361,0.5391877613911512,0.2467444419986793,0.3070746202949593,0.729324235086947,0.5037398195025313,0.5003940127668941,0.5460664758969844,0.295676865507374,0.5104666519920757,-0.18394453004622496,-0.04145938806955756,0.2575368699097513,0.06736737838432753
#13,0.49563284173453664,0.21498128989654414,0.5914263702399296,1.0,0.14398635263042042,0.3988509795289456,0.10344265903587938,0.17108958837772398,-0.009808496588157606,0.49813119084305524,0.17257979308826765,0.03160686770856262,0.25399295619634604,-0.036850099053488884,-0.20646268985252036,-0.06056790666960159,0.44116883116883115,0.3642703059652212,-0.38226502311248073,-0.41657935285053926,-0.2537970504072199,-0.027613911512216597,0.264224081003742,0.26843935725291657,-0.09589478318291877,0.2105348888399736,0.040079242791107195,0.1744111820383007,0.15645828747523663,-0.07032137354171253,0.40765793528505395,0.2133876293198327,0.38103235747303543,0.21325996037860445,0.07171252476337223,0.18661016949152542,0.09195905789126128,0.06898084965881576,-0.04591239269205371,0.0054325335681267885,-0.19588157605106757,-0.11257539071098394,-0.3185119964780982,-0.15397094430992736,-0.09152982610609729,-0.10552058111380146,0.12335020911292098,0.09503411842394893,0.060598723310587715,0.17267224301122605,0.16798811358133392,0.23318732115342286,0.36462249614791986,0.33271406559542155,0.15464450803433855,0.20051948051948051,-0.2799691833590139,-0.09528725511776359,-0.15085186000440237,-0.015591019150341185,-0.05815760510675765,-0.29308166409861325,-0.10376623376623377,0.055307065815540395,0.1292824125027515,-0.0437442218798151,-0.07459828307285934,0.03324675324675325,-0.1765727492846137,-0.1997622716266784,0.1849438696896324,0.08695575610829848,-0.13319172353070657,0.16839973585736298,-0.40789566365837554,-0.3828857583094871,-0.3741338322694255,-0.07136033458067356,-0.021223860884877835,-0.045036319612590796,-0.22792868148800352,-0.01943429451904028,-0.014884437596302003,-0.005927801012546775,-0.24756988773937927,-0.07486022452124147,-0.1137178076161127,-0.23570327977107638,-0.029680827646929343,-0.170693374422188,-0.18150561303103677,-0.06790887079022673,-0.18481620074840413,-0.016685009905348887,-0.08208892802113141,0.11194805194805195,0.2771010345586617,0.4819194364957077,0.363185119964781,0.1396103896103896,0.24505172793308386,0.4323002421307506,0.21753686990975127,0.36138674884437594,0.27457847237508254,0.16202069117323353,0.2854655513977548,-0.3115628439357253,-0.12559322033898304,-0.08204490424829408,-0.08255558001320713
#17,0.19560642747083426,0.006374642306845697,0.3422804314329738,0.14398635263042042,1.0,0.46246313009024875,0.2473365617433414,0.12738498789346248,-0.013053048646268986,0.12749724851419766,-0.004193264362755888,0.29484921857803215,0.2901210653753027,-0.07038740920096852,-0.2628593440457847,-0.10020691173233547,0.15071538630860665,0.3873893902707462,-0.3579903147699758,-0.14157605106757648,-0.17308166409861325,-0.22491305304864626,0.2967950693374422,0.2043495487563284,-0.2930112260620735,0.010757208892802112,-0.18443759630200307,0.015403918115782523,0.07309707241910632,0.1689324235086947,0.29528065155183797,0.07565045124367158,0.26259520140876075,0.3767290336781862,0.20232885758309488,0.010713185119964781,0.06839313229143737,0.12273607748184019,-0.24076161127008586,-0.20908870790226722,-0.11167070217917675,-0.08372220999339644,-0.22010345586616772,-0.2535086946951354,-0.29063614351749945,-0.214521241470394,-0.07413383226942549,-0.11017609509134933,-0.25756328417345364,-0.16324675324675325,0.08295399515738498,0.08755888179616993,0.055245432533568124,0.10677525863966542,-0.09693154303323795,0.2745762711864407,-0.36298261060972925,-0.3839863526304204,0.0020206911732335462,-0.08271406559542152,0.11090468853180717,0.22701078582434514,-0.09814880035219019,0.017400396213955536,-0.12987233105877174,-0.08169271406559542,-0.07035219018269866,-0.06410521681708123,-0.218168611049967,-0.016095091349328638,0.1109883337001981,0.1841800572309047,0.041600264142637025,0.22161787365177196,-0.22625137574290116,-0.13267004182258418,-0.15233105877173675,-0.04384767774598283,0.0015232225401716926,-0.1955910191503412,-0.07924719348448162,0.21153202729473916,0.18840633942328858,0.10669161347127448,0.24434734756768656,0.2879506933744222,0.32723970944309927,-0.033869689632401494,0.19841954655513977,0.2856372441118204,0.10907990314769976,0.395494166850099,0.5129363856482501,0.15060312568787146,0.16152762491745543,0.019544353951133613,0.14191283292978207,0.2453929121725732,0.2975808936825886,0.019101915034118424,0.06404358353510896,0.29317631521021353,0.26069557561082984,0.00789786484701739,0.22226942548976447,-0.005654853620955316,0.2321747743781642,0.06072859344045785,0.028646268985252035,0.1880761611270086,0.3129473915914594
#18,0.05736077481840194,-0.06289016068677086,0.49747743781642084,0.3988509795289456,0.46246313009024875,1.0,0.12967202289236188,-0.08552718467972706,0.033275368699097516,0.2242703059652212,0.01563944530046225,0.1446224961479199,0.657756988773938,0.08493506493506493,-0.4234668721109399,-0.17790666960158485,0.3286022452124147,0.5829099713845477,-0.4308804754567466,-0.36410521681708125,-0.35047985912392693,-0.41888179616993176,0.2569579572969403,0.20216596962359673,-0.45825005502971605,-0.06414924058991855,-0.26888179616993174,-0.03990975126568347,0.1886550737398195,0.07052388289676426,0.6934998899405679,0.3376601364736958,0.491303103675985,0.5461435174994497,0.4290028615452344,-0.08101915034118425,0.14904028175214615,-0.14311468192824126,-0.11935285053929122,-0.24893242350869468,-0.1197094430992736,-0.30333920316971164,-0.23370900286154522,-0.33681047765793526,-0.45475236627779003,-0.4480893682588598,0.06978208232445521,0.09690512876953555,-0.040647149460708784,0.04132071318511996,0.28107197886858903,0.24694254897644727,0.2807572088928021,0.37860004402377284,0.10254017169271407,0.41549856922738276,-0.500578912612811,-0.5247369579572969,-0.025903587937486244,-0.15496588157605107,-0.025485362095531587,0.05242791107197887,-0.11592339863526305,0.06893242350869469,0.06981510015408321,0.1061435174994497,-0.053801452784503635,0.0939951573849879,-0.162689852520361,-0.16439357252916575,0.38037200088047546,0.23069337442218799,0.032703059652212194,0.4123112480739599,-0.2843715606427471,-0.23998899405679067,-0.3130618534008365,-0.12911292097732777,-0.0624389170151882,-0.21539951573849878,0.0587211093990755,0.21834470614131632,0.32181377944089806,0.2905326876513317,-0.044675324675324674,0.08804754567466432,0.2259322033898305,-0.07899405679066696,-0.04899185560202509,0.26169051287695355,0.018762931983270965,0.3467224301122606,0.12200968523002421,0.09423508694695136,0.18661237068016728,0.040647149460708784,0.26441998679286816,0.5703125687871451,0.5264538850979529,0.3317785604226282,0.16704380365397314,0.6057164869029276,0.46497468633061856,0.3254281311908431,0.48088047545674667,0.26674664318732116,0.4841932643627559,-0.0765199207572089,0.006709222980409421,0.1921307506053269,0.1779352850539291
#26,0.1846797270526084,0.46877834030376403,0.26088047545674664,0.10344265903587938,0.2473365617433414,0.12967202289236188,1.0,0.10262821923838873,0.26341624477217696,0.3669865727492846,0.31342945190402816,0.1522408100374202,-0.03195905789126128,-0.052194585075941005,-0.19455646048866387,0.12126348228043143,0.16450363196125908,0.23484701738939026,-0.24800132071318512,-0.054560862865947614,-0.13867708562623818,-0.12651111600264142,-0.07016949152542373,-0.01880475456746643,-0.22989214175654854,0.04553158705701078,-0.18042923178516398,-0.042489544353951136,-0.06136913933524103,-0.0686880915694475,0.21177856042262821,-0.02812458727712965,0.29643187321153425,0.2649372661237068,0.04315430332379485,0.1461963460268545,0.057875852960598724,0.09453664979088708,-0.13715386308606647,0.0030970724191063176,-0.0788795949812899,0.10126128109178957,-0.18025313669381465,-0.17898745322474136,-0.2057671142416905,-0.15079022672243012,-0.19821263482280432,-0.23823684789786484,-0.3012304644508034,-0.18977767994717148,-0.07743121285494167,-0.11707902267224302,0.05421747743781642,0.0837310147479639,-0.1116222760290557,0.11636143517499449,-0.2516596962359674,-0.17178736517719567,0.05777019590578913,0.14270085846357033,0.07817961699317631,0.0424521241470394,-0.09517499449702839,-0.06957296940347787,0.006852300242130751,-0.07768434954875633,-0.1828857583094871,0.08248294078802554,-0.04310807836231565,0.07351529826106097,0.037424609289016066,0.1446004842615012,-0.07406559542152763,0.16201188641866607,-0.28879154743561525,-0.05507373981950253,-0.32776799471714724,-0.16860664758969843,-0.0800066035659256,-0.0962491745542593,-0.1832291437376183,-0.12910851860004402,0.11048426150121066,-0.008481179837112041,0.09996918335901386,0.16414263702399295,0.3030508474576271,-0.2636033458067356,-0.07344706141316311,-0.08844816200748404,-0.16271406559542154,0.06533788245652652,0.22012326656394454,0.22212634822804314,0.33796169931763154,-0.02175214615892582,0.03227162667840634,0.258564825005503,0.2463680387409201,0.020039621395553597,0.013519700638344706,0.26226942548976445,0.2846709222980409,0.12059652212194585,0.25126348228043144,-0.004906449482720669,0.14941228263262163,0.02770416024653313,0.2207043803653973,0.25152542372881354,0.3570856262381686
#49,0.4709112920977328,0.29950473255558,0.05061193044243892,0.17108958837772398,0.12738498789346248,-0.08552718467972706,0.10262821923838873,1.0,0.39486242570988334,0.30051727933083866,0.488168611049967,0.3799493726612371,0.1114241690512877,0.24287915474356153,0.022553378824565266,-0.06170592119744662,0.023929121725731896,0.011179837112040502,0.1888135593220339,-0.012102135152982611,-0.022637023992956196,-0.0017499449702839532,-0.05248954435395113,-0.03411182038300682,0.03014307726172133,0.12231124807395993,-0.1099801893022232,-0.005952014087607308,0.04177635923398635,0.1830332379484922,-0.0902377283733216,-0.12152102135152983,-0.1920427030596522,-0.15519700638344705,0.041171032357473034,0.10530926700418226,0.11469513537310147,0.31395113361215055,-0.19872551177635922,0.0018159806295399517,0.035091349328637465,0.02471714725952014,0.16829627999119526,0.07764913053048646,0.1650561303103676,0.10039181157825226,-0.299027074620295,-0.28581994276909534,-0.41212414703940126,-0.40578252256218356,-0.314290116662998,-0.13322694254897643,-0.2541712524763372,-0.11981069777679947,-0.3967554479418886,-0.17102135152982612,-0.16428791547435614,0.08940567906669601,-0.1164472815320273,0.07657715166189742,-0.02846136913933524,-0.11444199867928681,0.14997798811358135,0.04231565045124367,0.13852740479859124,-0.2581950253136694,0.23303323794849218,0.1279837112040502,0.18026194144838212,-0.04928461369139335,0.11390050627338763,0.09345586616773058,0.20372881355932204,0.10227162667840634,-0.10591679506933745,-0.10182038300682368,0.2108100374202069,0.16279550957517058,-0.013715606427470835,0.09220338983050848,-0.09623816861104997,-0.18057671142416906,0.045071538630860664,0.31976667400396214,0.1465001100594321,0.19643847677745982,0.020543693594541054,-0.08953114681928241,0.04938146599163548,0.23195025313669382,0.07934404578472375,0.13844155844155845,-0.01162227602905569,-0.010565705480959718,0.04911292097732776,-0.001437376183138895,0.06642747083425049,-0.16327977107638125,-0.06763372220999339,-0.2649922958397535,-0.21324014968082763,-0.06170592119744662,0.1594739159145939,0.054935064935064934,-0.02061853400836452,-0.1327360774818402,-0.1307307946290997,-0.02535989434294519,-0.2193814659916355,-0.1571802773497689,-0.12450363196125908
#50,0.1380409421087387,0.30456086286594763,-0.027466431873211534,-0.009808496588157606,-0.013053048646268986,0.033275368699097516,0.26341624477217696,0.39486242570988334,1.0,0.2525709883337002,0.2755183799251596,0.24120405018710103,0.10578252256218358,0.4326106097292538,-0.0016596962359674225,-0.14206471494607087,-0.092359674224081,-0.03107638124587277,0.17225181598062955,0.06659255998239048,-0.0723860884877834,-0.2392097732775699,-0.19469733656174334,-0.27528285274047987,-0.12217917675544794,-0.11296279991195246,-0.22609289016068676,-0.13772397094430994,-0.04151001540832049,0.1151749944970284,-0.0017279330838652872,0.04900946511116003,0.0424125027514858,-0.012808716707021791,0.2516200748404138,0.0812260620735197,0.25966982170372,0.15732775698877394,-0.015518379925159587,-0.007466431873211534,0.11192604006163329,0.17411842394893243,0.22662998018930222,0.06405679066696016,0.08776799471714726,0.030737398195025314,-0.12981289896544135,-0.10158925819942768,-0.19214615892581993,-0.20483601144618094,-0.2125049526744442,-0.08332159366057672,-0.18377503852080124,-0.04835130970724191,-0.39117543473475674,0.011430772617213295,-0.2775764913053049,-0.08602025093550517,0.08295839753466872,-0.08838652872551178,-0.0124785384107418,0.024254897644728154,0.419141536429672,0.030052828527404797,-0.04654853620955316,-0.09812238608848778,0.28886858903808055,0.2292141756548536,0.39226502311248074,0.18565265243231344,0.16081443979749063,0.20111820383006823,0.13589038080563504,-0.0038872991415364296,0.025027514858023334,-0.024455205811138015,0.1140677966101695,-0.07749724851419766,-0.14060972925379706,-0.03963900506273388,-0.09785163988553819,-0.17408760730794628,-0.02931763152102135,0.252359674224081,0.0735329077701959,0.21009024873431653,0.16779440898084966,-0.1258155403918116,-0.0034712744882236407,0.022590799031476996,-0.03528945630640546,0.16204930662557782,0.16579132731675106,0.08573189522342065,0.2678912612810918,-0.1034404578472375,-0.1417191283292978,-0.03691173233546115,-0.040079242791107195,-0.009231785163988555,-0.08798371120405019,-0.08137354171252477,0.07559542152762491,0.0892295839753467,0.10767114241690513,0.11994937266123706,0.05142196786264583,0.14251375742901168,0.23979308826766454,0.003649570768214836,-0.010750605326876514
#51,0.3982808716707022,0.4118886198547215,0.48167730574510237,0.49813119084305524,0.12749724851419766,0.2242703059652212,0.3669865727492846,0.30051727933083866,0.2525709883337002,1.0,0.38575830948712303,0.08313889500330178,0.26087387189082106,0.08040942108738719,-0.0007440017609509135,-0.042480739599383664,0.5137420206911733,0.27358133392031697,-0.22937046004842615,-0.43741360334580676,0.00976667400396214,-0.19917235307065814,0.13092009685230024,-0.0764274708342505,0.01338102575390711,0.1088531807175875,-0.09804314329738059,-0.14167510455646048,0.18030376403257758,-0.15104996698217038,0.24794408980849658,0.05973805855161787,0.31650891481399956,0.20257098833370019,0.1560774818401937,0.09289896544133833,0.15173673783843275,0.014494827206691614,0.05282412502751486,0.11959057891261281,0.05368038740920097,-0.045753907109839315,-0.15476337222099934,-0.29253576931543035,0.010840854061193044,-0.25186880915694476,-0.14293418445960818,-0.054422187981510016,-0.2699119524543253,-0.16095091349328638,-0.01291437376183139,0.09631300902487343,-0.01451683909311028,0.20705480959718248,-0.06972705260840854,0.19608848778340304,-0.1897490644948272,-0.2979308826766454,0.05964120625137574,0.11313229143737619,-0.11372661237068017,-0.24561523222540171,-0.08053048646268986,-0.09578252256218357,0.14134052388289675,-0.14795069337442218,-0.16436715826546336,-0.005659255998239049,-0.017759189962579792,-0.21131631080783622,0.3144045784723751,0.18497468633061853,-0.10325996037860445,0.25686110499669823,-0.3641470394012767,-0.3212898965441338,-0.2165969623596742,-0.03685890380805635,-0.03807616112700858,-0.32809817301342725,-0.14285274047985913,-0.24148580233325995,0.19984811798371122,0.08204050187101035,-0.2753620955315871,-0.0949570768214836,-0.01987673343605547,-0.22439797490644947,-0.16006823684789787,-0.1339819502531367,-0.20510455646048867,-0.018600044023772837,0.00650891481399956,-0.007666740039621396,0.16978428351309707,0.1215034118423949,-0.05200088047545675,0.42922958397534666,0.3300198106977768,0.22231785163988554,0.1485560202509355,0.4123354611490205,0.2710279550957517,0.45114461809377066,0.37459828307285936,0.2122011886418666,0.3084129429892142,-0.2710477657935285,-0.14935064935064934,0.092227602905569,-0.016370239929561964
#52,0.18918776139115123,0.303350209112921,0.13710103455866168,0.17257979308826765,-0.004193264362755888,0.01563944530046225,0.31342945190402816,0.488168611049967,0.2755183799251596,0.38575830948712303,1.0,0.306616773057451,0.16306185340083645,0.33834030376403257,-0.1271472595201409,-0.1199537750385208,0.1389258199427691,-0.07288355712084525,-0.1403499889940568,-0.07917015188201629,-0.11307065815540392,-0.12082324455205812,-0.19308826766453885,-0.06607087827426811,-0.20860224521241472,0.03480739599383667,-0.23086066475896985,-0.022320052828527406,-0.05335681267884658,0.043020030816640985,0.0711534228483381,-0.05521681708122386,0.19128989654413384,0.07248294078802553,0.14374862425709883,0.09173233546114902,0.1621087387189082,0.31829627999119525,-0.08181377944089809,0.17520360994937267,-0.10746423068456967,0.09908650671362536,-0.12050407219898746,0.017354171252476337,0.061151221659696234,0.025577812018489986,-0.048943429451904025,-0.16957296940347788,-0.17214175654853622,-0.07800352190182698,-0.017488443759630202,-0.04382786704820603,0.13252256218357913,0.006830288355712084,-0.13932643627558883,-0.06337222099933965,-0.07953334800792428,0.007937486242570988,0.08616773057451023,0.0574818401937046,-0.07258639665419327,-0.046874312128549415,0.2295509575170592,0.13666519920757209,-0.04228263262161567,-0.14238388729914153,0.2679242791107198,0.2779639005062734,0.03560422628219238,0.0687277129650011,0.18335020911292096,0.15548095971824785,0.06765573409641207,0.044116222760290556,-0.17069557561082985,-0.012372881355932203,0.05290777019590579,0.05147259520140876,-0.1519238388729914,-0.14718027734976888,-0.0350033017829628,-0.21523222540171694,0.14956856702619414,0.14338322694254899,0.16506713625357694,-0.05390050627338763,-0.03203389830508475,-0.13895443539511337,0.013700198106977767,-0.030147479639005062,-0.07332599603786044,0.08361655293858683,-0.07997798811358134,-0.058606647589698434,0.130033017829628,-0.02779881135813339,0.031617873651771954,0.10181157825225622,0.047349768875192606,0.1740347787805415,0.11847017389390271,0.22063834470614133,0.17947171472595203,0.281386748844376,0.10838872991415364,0.10303543913713405,0.0875280651551838,0.16180277349768876,-0.04599823904908651,-0.0488201628879595,-0.046845696676205154
#53,0.20496808276469294,-0.061201848998459166,-0.20329077701959058,0.03160686770856262,0.29484921857803215,0.1446224961479199,0.1522408100374202,0.3799493726612371,0.24120405018710103,0.08313889500330178,0.306616773057451,1.0,0.3155183799251596,0.2387739379264803,-0.30401716927140654,-0.32428131190843057,-0.12307726172132952,-0.27598062953995156,-0.060614131631080786,-0.011578252256218358,-0.20131410961919435,-0.18856702619414484,-0.031793968743121286,0.09842835130970724,-0.20241690512876953,0.12335241030156284,-0.09320493066255778,0.11184019370460048,-0.10235747303543914,0.16489984591679507,-0.09208232445520581,-0.13361655293858685,0.006064274708342505,-0.170264142637024,0.14894342945190403,-0.20643627558881797,-0.014576271186440677,0.22463790446841295,-0.3098525203609949,0.014992295839753467,0.06844816200748405,0.06608848778340304,-0.04602245212414704,0.13976667400396214,-0.03277790006603566,0.042945190402817524,-0.003460268545014308,-0.17271186440677966,-0.2582896764252696,-0.23480959718247854,-0.06418005723090468,-0.14869029275808937,0.016213955535989436,0.027087827426810478,-0.19867048206031257,0.13575170592119745,-0.09130090248734317,0.04386088487783403,-0.2364869029275809,0.1198547215496368,0.03904248294078803,0.08172573189522342,0.1758859784283513,0.037004182258419546,-0.06484041382346467,-0.16322033898305086,0.2585604226282192,0.13150561303103675,-0.19434734756768654,-0.17659696235967423,-0.1025511776359234,-0.2587145058331499,0.13480519480519482,0.22511996478098173,0.010884877834030377,-0.0762425709883337,0.167409200968523,0.10134712744882236,-0.16526304204270306,-0.11292317851639885,-0.04270526084085406,0.10362755888179617,0.14860444640105658,0.44966101694915256,0.3760466651992076,0.3219920757208893,0.24997578692493946,0.0037508254457407,0.09158045344486022,0.3325445740699978,0.15776139115122165,0.3435615232225402,0.2136583755227823,0.06582654633502091,0.12970283953334802,-0.24046224961479198,-0.022476337222099935,-0.0017015188201628879,-0.0859388069557561,0.04047325555800132,-0.0399471714725952,-0.08195025313669381,-0.10820823244552058,-0.10918115782522562,-0.012183579132731675,0.024270305965221218,-0.006799471714725952,0.061069777679947174,-0.1460708782742681,-0.015170592119744662,0.24804094210873873
#54,-0.0787277129650011,-0.1386946951353731,0.20103015628439358,0.25399295619634604,0.2901210653753027,0.657756988773938,-0.03195905789126128,0.1114241690512877,0.10578252256218358,0.26087387189082106,0.16306185340083645,0.3155183799251596,1.0,0.23727492846136913,-0.15444860224521242,-0.299438696896324,0.24765573409641206,0.3090578912612811,-0.225346687211094,-0.27171912832929784,-0.17815100154083205,-0.41674884437596305,0.1738630860664759,0.06802333259960379,-0.3736539731454986,-0.14506493506493506,-0.1318842174774378,-0.026856702619414485,0.38725952014087606,0.02986352630420427,0.37954215276249176,0.20795949812898964,0.21880475456746643,0.3039621395553599,0.4479022672243011,-0.19889060092449923,0.20631300902487343,-0.29360774818401936,-0.07096412062513757,-0.38401716927140656,0.11629099713845477,-0.2893924719348448,0.09065155183799252,-0.36885978428351307,-0.2152872551177636,-0.457508254457407,0.027162667840633942,0.1153004622496148,-0.09357473035439137,0.00336781862205591,0.2339291217257319,0.2282258419546555,0.03295619634602685,0.2598965441338323,0.010127668941228263,0.30020030816640986,-0.3127536869909751,-0.33894342945190403,-0.028756328417345368,-0.27963460268545015,-0.18935725291657496,-0.07361875412722871,-0.0762425709883337,0.15836671802773497,0.03307285934404579,0.09075941008144398,0.12379484921857803,0.18148139995597623,-0.08293198327096632,-0.22551177635923397,0.37747083425049527,0.1735064935064935,0.13757649130530486,0.2371978868589038,-0.13867268324895443,-0.30763592339863527,-0.12886858903808057,-0.007552278230244332,0.0687145058331499,-0.30363636363636365,0.2548536209553159,0.23621395553598942,0.37237068016729036,0.5424455205811138,-0.11671142416905128,-0.0018666079683028836,-0.035298261060972926,0.035868368919216374,-0.06033898305084746,0.3252344265903588,0.019198767334360555,0.1498613251155624,0.15444419986792868,-0.12237948492185781,-0.023838872991415364,-0.09976007043803654,0.14193924719348447,0.2990512876953555,0.3123420647149461,0.1686880915694475,0.0874025974025974,0.3662073519700638,0.29967862645828747,0.12612150561303104,0.25988994056790665,0.0787871450583315,0.31270746202949595,-0.24831388950033018,-0.1740347787805415,-0.009588377723970944,-0.043306185340083646
#58,-0.15676205150781422,-0.17577151661897425,-0.18469513537310148,-0.036850099053488884,-0.07038740920096852,0.08493506493506493,-0.052194585075941005,0.24287915474356153,0.4326106097292538,0.08040942108738719,0.33834030376403257,0.2387739379264803,0.23727492846136913,1.0,-0.07812238608848779,-0.45782082324455203,-0.26322694254897644,-0.23999559762271627,0.28499229583975344,-0.003924719348448162,-0.38948272066916134,-0.545049526744442,-0.4248095971824785,-0.34964780981730137,-0.40516618974246094,-0.324983491085186,-0.4932687651331719,-0.17053929121725733,-0.06216817081223861,0.11414263702399295,0.02910631741140216,0.10691613471274489,0.09580013207131852,0.005223420647149461,0.3994673123486683,0.15385428131190843,0.43057010785824346,0.31736297600704383,0.020101254677525864,0.05802113141096192,0.0846401056570548,0.24370900286154523,0.1967312348668281,0.36026634382566586,0.15373541712524763,0.1163086066475897,0.09202069117323354,0.1819568567026194,0.024103015628439358,0.04047105436935945,0.02107638124587277,0.13877834030376404,-0.016836891921637686,0.1066255778120185,-0.4534008364516839,0.05080123266563945,-0.14516398855381907,-0.028692493946731235,0.04563064054589478,-0.21080783623156504,-0.09638344706141316,0.319570768214836,0.7735747303543914,0.5165551397754787,-0.3412987012987013,-0.40409861325115565,0.77425709883337,0.4931080783623156,0.46383887299141535,0.2816024653312789,0.18559982390490865,0.13977327756988775,0.3924939467312349,0.10326876513317192,0.46491745542593,0.09521901826986573,0.4392559982390491,0.10456086286594761,-0.40543473475676867,-0.02539951573849879,-0.042502751485802334,-0.15045124367158266,-0.23479859123926922,0.26681928241250275,0.21807836231565045,0.08064274708342505,0.06952454325335682,-0.07928901606867708,0.044932863746423066,0.22603345806735636,-0.06671142416905129,0.02532027294739159,0.03250935505172793,-0.09126348228043143,0.21140215716486904,-0.5531454985692273,-0.10660796830288356,-0.08939247193484481,0.11741360334580674,0.13904688531807177,0.10932863746423069,-0.0574686330618534,-0.10794849218578031,0.16926040061633282,0.18933744221879814,0.1843099273607748,0.20623816861104996,0.42533348007924277,-0.004637904468412943,-0.21209553158705702,-0.1277790006603566
#101,-0.234818401937046,-0.08426590358793748,-0.24943649570768214,-0.20646268985252036,-0.2628593440457847,-0.4234668721109399,-0.19455646048866387,0.022553378824565266,-0.0016596962359674225,-0.0007440017609509135,-0.1271472595201409,-0.30401716927140654,-0.15444860224521242,-0.07812238608848779,1.0,0.08982390490865066,0.02523662777900066,-0.23006383447061413,0.6089126128109179,0.06398195025313669,0.751831388950033,0.17086066475896985,-0.06871670702179176,-0.29205811138014526,0.6429980189302223,-0.1988399735857363,0.45328417345366495,-0.3002223200528285,0.34227823024433196,-0.042524763372221,-0.4179903147699758,-0.29900066035659256,-0.5025687871450584,-0.18334580673563725,-0.18531146819282412,-0.059588377723970944,0.17081443979749064,-0.13265463350209114,0.4676997578692494,-0.06952234206471494,0.37337222099933964,0.11484921857803214,0.44421087387189084,-0.0337046004842615,0.6283491085186,0.04762931983270966,-0.3776667400396214,-0.23394673123486684,-0.14865947611710323,-0.2798789346246973,-0.3494585075941008,-0.3442967202289236,-0.41937486242570987,-0.3969689632401497,0.2026172132951794,-0.3532291437376183,0.5716486902927581,0.18180277349768875,0.20484701738939026,-0.12151882016288795,-0.15254677525863966,-0.38428791547435615,-0.0734404578472375,-0.15385648250055028,-0.22021571648690294,-0.11824565265243231,-0.08077701959057891,-0.23260180497468633,0.26308826766453886,-0.15014747963900507,-0.11778340303764033,-0.1273695795729694,0.13046665199207572,-0.13084745762711864,0.27740699977988115,-0.03405458947831829,0.19115782522562183,-0.06430992736077482,0.5542615012106538,-0.13910631741140217,-0.09052608408540612,-0.26343825665859566,0.16127668941228263,-0.06691173233546115,-0.1763086066475897,-0.23668280871670702,-0.40348228043143297,-0.004558661677305745,-0.03572969403477878,-0.3478890600924499,-0.2501804974686331,-0.4767378384327537,-0.2652938586836892,-0.23618754127228703,-0.3214703940127669,0.3157406999779881,-0.3563680387409201,-0.42089148139995597,-0.40797270526084084,-0.15761611270085846,-0.3761413163108078,-0.30071758749724853,-0.36824345146379045,-0.1627756988773938,-0.3269821703720009,-0.2878450363196126,-0.2934668721109399,-0.2801452784503632,-0.2532643627558882,-0.22206031256878714,-0.47016068677085626
#102,0.1164274708342505,0.24645608628659477,0.08069117323354612,-0.06056790666960159,-0.10020691173233547,-0.17790666960158485,0.12126348228043143,-0.06170592119744662,-0.14206471494607087,-0.042480739599383664,-0.1199537750385208,-0.32428131190843057,-0.299438696896324,-0.45782082324455203,0.08982390490865066,1.0,0.15238828967642526,0.23791767554479418,-0.09987012987012987,0.1422540171692714,0.09403037640325776,0.5450253136693815,0.16230244331939248,0.2930926700418226,0.340231124807396,0.3872837332159366,0.040732995817741584,-0.11955976227162668,-0.12056130310367598,-0.021587057010785823,-0.012581994276909531,0.013742020691173234,-0.08176315210213515,-0.13066475896984373,-0.3040281752146159,0.04008144397974907,-0.1856636583755228,-0.07427911071978868,0.057776799471714727,0.07062953995157385,-0.10468412942989214,0.012192383887299141,-0.11284393572529165,0.012132951793968743,-0.10056790666960158,0.17559762271626678,-0.20835571208452563,-0.21167070217917675,-0.006962359674224081,-0.18026634382566586,-0.25452564384767773,-0.27265243231344927,-0.06223420647149461,-0.38024873431653095,-0.021307506053268765,-0.3646246973365617,-0.06845036319612591,0.1583909311027955,0.1256966762051508,0.17966101694915254,0.057151661897424606,-0.032157164869029274,-0.3891195245432534,-0.25661016949152543,0.2236979969183359,-0.08456966762051508,-0.3116729033678186,-0.15242350869469515,-0.12563944530046225,0.19404578472375084,-0.02299141536429672,0.2294607087827427,-0.12891701518820162,-0.09990314769975787,-0.18654853620955317,0.07434954875632842,-0.0636979969183359,0.12381686110499669,0.1790578912612811,0.19441998679286815,-0.061483601144618094,-0.08714285714285715,0.11651111600264143,-0.21587497248514198,0.08377944089808496,-0.17125687871450584,-0.09967202289236188,-0.14059652212194584,-0.13179837112040502,-0.20184899845916796,0.053365617433414045,-0.07346687211093991,-0.002172573189522342,0.02930662557781202,-0.15121505613031036,0.4399801893022232,0.16524103015628439,-0.021631080783623156,-0.061976667400396215,-0.1678582434514638,-0.18083204930662558,-0.05250715386308607,0.14602025093550516,-0.15197006383447062,0.01453004622496148,-0.1224323134492626,-0.2382148360114462,-0.11324895443539511,0.15787805414924058,0.11277790006603566,-0.013513097072419107
#201,0.16790006603565927,0.12296059872331058,0.6888729914153643,0.44116883116883115,0.15071538630860665,0.3286022452124147,0.16450363196125908,0.023929121725731896,-0.092359674224081,0.5137420206911733,0.1389258199427691,-0.12307726172132952,0.24765573409641206,-0.26322694254897644,0.02523662777900066,0.15238828967642526,1.0,0.5642989214175654,-0.4752168170812239,-0.5347281532027295,0.16381906229363857,-0.0952278230244332,0.35818181818181816,0.09949152542372881,0.11687431212854942,0.003002421307506053,0.08761171032357473,-0.2363284173453665,0.3145740699977988,-0.2521901826986573,0.45202289236187543,0.13813999559762272,0.32624477217697556,0.24662117543473475,-0.08910851860004403,-0.12212634822804315,-0.03338322694254898,-0.28633281972265023,-0.006004842615012106,-0.20141976667400396,0.06069997798811358,-0.22272066916134714,-0.13016508914813998,-0.5153709002861545,-0.20336341624477217,-0.48159806295399515,-0.26676645388509795,-0.21022011886418665,-0.2311930442438917,-0.18177635923398636,-0.11600264142637023,0.008106977767994718,0.1476271186440678,0.25106537530266343,0.21839533348007925,0.23714505833149901,-0.029119524543253356,-0.4615474356152322,0.24689852520360994,-0.0898217037200088,-0.09149900946511116,-0.24721989874532246,-0.47762491745542596,-0.27588597842835133,0.23916795069337443,0.03631300902487343,-0.33109839313229145,-0.09805194805194806,-0.33401276689412285,-0.3119700638344706,0.44874312128549415,0.29467752586396656,-0.09645168390931103,0.36209112920977327,-0.5647567686550737,-0.3709553158705701,-0.468646268985252,-0.02761831388950033,0.24572529165749504,-0.43599383667180275,-0.0009751265683469073,-0.015910191503411844,0.3238542813119084,-0.13026854501430774,-0.34813119084305527,-0.17590578912612811,-0.051780761611270085,-0.22246753246753248,-0.07324895443539511,-0.11072198987453225,-0.11152322254017169,0.053411842394893244,-0.11717367378384327,0.10901386748844376,0.005122165969623596,0.5301937046004843,-0.07617433414043584,0.5984393572529165,0.27843495487563286,0.19900946511116002,0.07098833370019811,0.6606977767994717,0.2856658595641646,0.2161435174994497,0.43683689192163766,0.2025643847677746,0.28618093770636144,-0.3687871450583315,-0.13218357913273168,0.33577151661897425,0.01614571868809157
