,#10,#11,#12,#13,#17,#18,#26,#49,#50,#51,#52,#53,#54,#58,#101,#102,#201,#202,#301,#302,#401,#402,#501,#502,#601,#602,#701,#702,#801,#802,#901,#902,#1001,#1002,#1101,#1102,#1201,#1202,#1301,#1302,#1401,#1402,#1501,#1502,#1601,#1602,#1701,#1702,#1801,#1802,#1901,#1902,#2001,#2002,#2101,#2102,#2201,#2202,#2301,#2302,#2401,#2402,#2501,#2502,#2601,#2602,#2701,#2702,#2801,#2802,#2901,#2902,#3001,#3002,#3101,#3102,#3201,#3202,#3301,#3302,#3401,#3402,#3455,#3501,#3502,#3601,#3602,#3701,#3702,#3801,#3802,#3901,#3902,#4001,#4002,#4101,#4102,#4201,#4202,#4301,#4302,#4401,#4402,#4501,#4502,#4601,#4602,#4701,#4702,#4801,#4802
#10,1.0,0.4700132071318512,0.3273299581774158,0.5545982830728593,0.017759189962579792,0.2941448382126348,0.08285494166850099,0.48905348888399736,0.3389390270746203,0.5035351089588378,0.26191723530706584,0.07664979088707902,0.14979308826766455,0.06859344045784724,-0.28987673343605547,-0.18891481399955976,0.4032577591899626,0.28051067576491306,-0.18697556680607527,-0.24267884657715166,-0.2284437596302003,-0.12925819942769096,0.07513317191283293,-0.056180937706361435,0.005293858683689192,-0.09802333259960379,0.1373563724411182,0.2690446841294299,-0.0004710543693594541,0.0788069557561083,0.10821483601144619,0.006973365617433414,-0.0006075280651551838,-0.1434470614131631,-0.0586946951353731,-0.09189082104336342,-0.23517719568567025,-0.09688972044904248,-0.11216156724631302,0.0008892802113141097,-0.057277129650011006,-0.1965529385868369,-0.06342945190402817,-0.2762337662337662,-0.06629099713845477,-0.18640545894783184,0.0011600264142637023,0.11287695355491965,0.0597556680607528,-0.08281972265023113,-0.0987211093990755,-0.03345366497908871,0.007825225621835791,-0.0070988333700198105,-0.21072639225181597,-0.013310587717367378,-0.28060312568787144,-0.30447061413163107,0.11158485582214396,-0.1918798151001541,0.055031917235307065,0.09619854721549637,-0.03892802113141096,0.12638131542006945,0.3085780321373542,-0.01857803213735417,0.07344706141316311,0.2470856262381686,-0.14943429451904028,-0.19495487563284172,0.10952674444199868,0.13902927580893681,-0.16304864626898524,-0.00014968082764692933,-0.1931895223420647,-0.18227823024433193,-0.0735857362976007,-0.058393132291437375,0.1511402157164869,-0.05462029495927801,0.018073959938366718,-0.016566145718688093,0.07340964120625137,0.3296169931763152,-0.03530926700418226,0.07421967862645829,0.06381906229363857,-0.028217037200088047,-0.07406999779881136,0.05477437816420867,-0.044369359454105216,0.11637904468412943,0.049608188421747745,0.0187541272287035,0.14178516398855381,0.23594541052168172,0.08941228263262162,0.17556680607528066,0.1379440898084966,0.1346004842615012,0.35484921857803214,0.282689852520361,0.07640986132511557,0.1729914153642967,0.10387409200968523,-0.011683909311027954,0.05437816420867268,-0.008666079683028835,0.039619194364957075,0.03407660136473696,0.013742020691173234
#11,0.4700132071318512,1.0,0.6389412282632622,0.473581333920317,-0.17129429892141756,0.0437046004842615,0.40427470834250495,0.31915474356152324,0.2825115562403698,0.5845498569227383,0.40412942989214173,-0.2910213515298261,-0.001954655513977548,0.21119084305524982,-0.13212634822804314,0.06800792427911072,0.32717367378384327,0.4900198106977768,-0.14745322474136033,-0.05865067136253577,0.00397094430992736,0.05872991415364297,0.04055690072639225,-0.008188421747743781,0.3126150121065375,-0.2554171252476337,0.057409200968523005,0.10127008584635704,0.13348448162007484,-0.2010609729253797,0.20998899405679067,-0.04082324455205811,0.20971164428791547,-0.15570988333700198,-0.31132951793968744,-0.2184635703279771,-0.14422848338102576,-0.2522408100374202,-0.004948272066916135,-0.034950473255558,-0.3027580893682589,-0.4930926700418226,-0.15482940788025534,-0.3379176755447942,-0.20269425489764473,-0.3278692493946731,-0.0021879815100154082,0.00850099053488884,0.1386814880035219,0.08604886638784943,0.0015408320493066256,0.1945476557340964,0.292788906009245,0.24285053929121725,-0.033328197226502314,0.0663746423068457,-0.34709443099273607,-0.35560642747083426,-0.19097292537970503,-0.3525005502971605,-0.10688531807175874,0.05345586616773058,-0.3047017389390271,-0.26084870176577896,0.5443209333039841,0.24543253356812678,0.11969183359013867,0.3482522562183579,0.06344265903587938,-0.027329958177415806,0.5629407880255338,0.42781642086726834,0.1027624917455426,0.21252256218357912,-0.28819502531366936,0.10189082104336342,-0.006557340964120625,0.23080563504292317,-0.05044023772837332,-0.05402157164869029,0.07057891261281092,-0.25337662337662337,0.22551397754787586,-0.0033546114902047106,-0.2607836231565045,-0.10465771516618974,0.043986352630420424,-0.04289456306405459,-0.06223860884877834,-0.27144618093770634,-0.13466431873211535,-0.1264406779661017,-0.13237508254457406,-0.14182478538410742,-0.09181598062953995,0.43994497028395335,0.11048426150121066,0.35459167950693377,0.2006009244992296,0.1340545894783183,0.22808716707021792,0.41372000880475457,0.06623816861104996,0.33636363636363636,0.2676667400396214,0.13725952014087608,0.15639445300462249,-0.047213295179396875,0.008456966762051508,-0.309240589918556,-0.24067796610169492
#12,0.3273299581774158,0.6389412282632622,1.0,0.594043583535109,-0.30946731234866826,0.1355293858683689,0.32640545894783185,0.13117543473475676,0.012599603786044465,0.7202905569007264,0.39468192824125026,-0.4799933964340744,0.18942108738718907,0.06064935064935065,-0.1649372661237068,0.1843385428131191,0.5936429672022893,0.7927602905569008,-0.3612987012987013,-0.12557340964120625,0.025084745762711864,0.05527624917455426,0.24097952894563063,-0.024224081003742022,0.41171032357473036,-0.43585516178736516,0.16195905789126128,0.22927140655954215,0.3491107197886859,-0.12925159586176535,0.44164428791547433,-0.14479639005062733,0.4159982390490865,-0.08832049306625578,-0.4721021351529826,-0.37523442659035877,-0.23590799031476997,-0.49404358353510897,-0.1022077922077922,-0.0314703940127669,-0.4073563724411182,-0.5311842394893243,-0.25344486022452123,-0.43452784503631964,-0.23621395553598942,-0.5188575830948712,-0.1039357252916575,0.08951573849878934,0.19317411402157164,0.3005524983491085,0.17946070878274267,0.4589720449042483,0.6692405899185561,0.5251331719128329,0.008095971824785385,0.0714505833149901,-0.5176535329077702,-0.6414615892581994,-0.18303103675985033,-0.32877173673783844,-0.06463350209112921,0.07002861545234426,-0.5123948932423509,-0.31696363469278116,0.7826216156724631,0.3244045784723751,-0.2058925819942769,0.25814439797490646,0.015390710983931324,-0.04248734316530927,0.6787937486242571,0.5222430112260621,-0.04569887739379265,0.3231322914373762,-0.5470856262381686,0.012962799911952455,-0.1633083865287255,0.20448822364076602,-0.18458727712965,-0.2513383226942549,-0.028106977767994718,-0.3572353070658155,0.2792537970504072,-0.23114241690512877,-0.5765067136253577,-0.18409861325115562,0.05213295179396874,-0.08851199647809817,0.07727492846136914,-0.5566277790006604,-0.28664538850979526,-0.1902377283733216,-0.3380431432973806,-0.031639885538190624,-0.06128989654413383,0.8183270966321814,-0.07564384767774598,0.6804336341624477,0.4501188641866608,0.3138476777459828,0.4865067136253577,0.763678186220559,0.16198987453224742,0.6138696896324015,0.5523046445080343,0.41575830948712306,0.4289896544133832,0.049211974466211755,0.047206691613471276,-0.2458551617873652,-0.2205546995377504
#13,0.5545982830728593,0.473581333920317,0.594043583535109,1.0,-0.1633149900946511,0.35205370900286154,0.28029275808936827,0.15150121065375302,0.0007285934404578472,0.7450121065375302,0.2779925159586177,-0.11313889500330178,0.2680475456746643,-0.001976667400396214,-0.2804556460488664,-0.17328637464230684,0.5520691173233546,0.5225665859564165,-0.2137904468412943,-0.4254831609068897,-0.2558265463350209,-0.12742460928901606,0.28354171252476335,-0.11921417565485362,0.29521901826986574,-0.07438476777459828,0.30408320493066254,0.38814439797490646,0.26399735857362977,0.11016288795949813,0.27015628439357253,0.21191723530706583,0.32379925159586176,0.13215056130310368,-0.2636077481840194,-0.06658595641646489,-0.03153202729473916,-0.013856482500550297,0.13240149680827648,0.23471714725952014,-0.02128989654413383,-0.24399295619634603,0.01664538850979529,-0.210099053488884,0.04779000660356592,-0.23112480739599384,0.09252916574950473,0.3341008144397975,0.2051221659696236,0.07009685230024212,0.24042262821923838,0.13244772176975567,0.3265793528505393,0.05768214836011446,-0.16544133832269425,0.04261941448382126,-0.4079088707902267,-0.5330222320052829,0.006108298481179837,-0.18794408980849658,0.02681928241250275,0.08301782962799913,-0.2815298261060973,-0.0003731016801132417,0.60557781201849,0.11258199427690953,-0.07272287034998899,0.3227867048206031,-0.22174994497028394,-0.3162755888179617,0.21400396213955536,0.07615672463130091,-0.23104336341624476,-0.062460928901606864,-0.4779132731675105,-0.20873871890821044,-0.17806955756108298,-0.003275368699097513,-0.05306845696676205,-0.056651992075720886,0.004582874752366278,-0.24067576491305304,0.1770085846357033,0.047840633942328854,-0.40659255998239047,-0.046128109178956635,0.010587717367378385,-0.04727492846136914,-0.1077856042262822,-0.2198481179837112,-0.08299141536429672,0.009231785163988555,-0.2210939907550077,0.08553598943429452,0.09004402377283734,0.5661809377063615,0.14476997578692494,0.5288531807175875,0.31541932643627557,0.4078230244331939,0.49211534228483383,0.5358045344486022,0.25324014968082764,0.5222452124147039,0.46042482940788027,0.3223750825445741,0.36915914593880694,0.03735857362976007,0.02465331278890601,-0.052055910191503414,-0.06548976447281532
#17,0.017759189962579792,-0.17129429892141756,-0.30946731234866826,-0.1633149900946511,1.0,0.30591019150341187,-0.06338322694254897,0.09670922298040942,0.12157384987893463,-0.23111820383006823,-0.022423508694695136,0.43007704160246535,-0.08270746202949593,0.018619854721549638,0.06533568126788465,-0.2256240369799692,-0.16401056570548095,-0.2843759630200308,0.24358793748624258,0.04101034558661677,-0.06667400396213956,-0.17701078582434515,-0.12707682148360114,-0.12101694915254237,-0.26538850979528944,0.07620515078142197,-0.27822364076601364,-0.2597072419106317,-0.12422408100374202,0.24573189522342065,-0.1263020030816641,0.0985097952894563,-0.14234426590358792,0.07205150781421968,0.4837574290116663,0.18541492405899185,0.15595421527624917,0.16492626018049747,0.04155624036979969,0.002476337222099934,0.2622804314329738,0.1807770195905789,0.12891041162227604,0.22468853180717588,0.07440898084965882,0.04622716266784063,-0.01659255998239049,-0.13845036319612591,-0.1835395113361215,-0.15930002201188642,-0.2097556680607528,-0.24908210433634162,-0.2978186220559102,-0.34312128549416687,-0.04049526744441999,-0.10831609068897205,0.06945850759410081,0.1743165309267004,-0.009029275808936825,0.19990534888839973,-0.08182038300682369,-0.07820162887959498,0.32174774378164206,0.049764500200590964,-0.37334800792427913,-0.3065771516618974,0.28337001981069776,0.03700198106977768,0.058725511776359235,0.003552718467972705,-0.1960378604446401,-0.2911930442438917,-0.11839093110279551,-0.028250055029716045,0.18824565265243232,-0.09955976227162668,-0.10149460708782743,-0.2819788685890381,0.14171692714065595,0.18069337442218797,0.03153422848338103,0.3543363416244772,-0.08639005062733876,0.29092449922958397,0.4909883337001981,0.13669601584855823,0.08921417565485362,0.06058991855602025,-0.07141536429672023,0.39014968082764695,0.21819282412502752,0.2239159145938807,0.10209333039841514,0.02504072198987453,0.15643187321153423,-0.29414263702399296,0.07763152102135153,-0.278003521901827,-0.209933964340744,-0.12211534228483381,-0.15092229804094212,-0.2798811358133392,0.06944750165089149,-0.28880255337882454,-0.11689412282632622,-0.2634228483381026,-0.19697556680607528,-0.137706361435175,0.11695795729694035,0.10400836451683909,0.18792648029936165
#18,0.2941448382126348,0.0437046004842615,0.1355293858683689,0.35205370900286154,0.30591019150341187,1.0,0.08982610609729254,0.26641206251375743,0.09403697996918337,0.28022672243011226,0.17694475016508915,0.17053268765133173,0.24511116002641425,0.0949900946511116,0.09923178516398855,-0.17011666299801892,0.17975346687211094,0.21219238388729914,0.18908870790226723,-0.23782302443319392,-0.03890380805635043,-0.16921197446621175,0.20414703940127668,-0.03089588377723971,0.24244331939247193,0.15475456746643187,-0.037556680607528065,0.03785824345146379,0.2775038520801233,0.4205811138014528,0.012110939907550078,0.29186880915694474,0.06066916134712745,0.15834470614131632,0.23257318952234207,0.2600198106977768,0.33907550077041604,0.07216817081223861,0.2912656834690733,0.2133744221879815,0.22301782962799913,0.013799251595861765,0.16571208452564384,0.11453004622496148,0.017893462469733657,-0.1561567246313009,-0.06468853180717588,0.07450803433854282,-0.05348888399735857,0.022460928901606867,-0.10737178076161127,-0.019528945630640546,-0.06101474796390051,-0.1849702839533348,0.043312788906009245,-0.03673123486682809,-0.29499229583975345,-0.32938366718027734,-0.09139335241030157,0.1510543693594541,-0.19071978868589037,-0.22010565705480958,0.048602245212414706,0.10383012537428679,0.0724785384107418,-0.27221659696235967,0.08170372000880476,0.16920757208892803,-0.00810477657935285,-0.18087827426810477,-0.0737376183138895,0.0005591019150341185,-0.3202223200528285,-0.24976887519260402,-0.09149900946511116,-0.3697336561743341,-0.1820427030596522,-0.3575148580233326,0.12068897204490425,0.22384107418005722,-0.023176315210213516,0.28919436495707684,0.1851749944970284,0.24454545454545454,0.05581113801452785,-0.17825885978428352,-0.1614373761831389,-0.02181598062953995,-0.17141316310807836,0.13117103235747304,0.16608848778340304,-0.08257539071098394,-0.12698657274928463,-0.1538432753686991,-0.010523882896764253,-0.04528725511776359,0.14359674224081004,0.1442262821923839,0.2294585075941008,0.060191503411842394,0.24143297380585516,0.040561303103675984,0.2264406779661017,0.08474136033458067,0.14055690072639226,-0.014034778780541492,0.05774598283072859,-0.13248294078802553,-0.13995817741580455,-0.08566365837552278,-0.040807836231565045
#26,0.08285494166850099,0.40427470834250495,0.32640545894783185,0.28029275808936827,-0.06338322694254897,0.08982610609729254,1.0,0.2070416024653313,0.25980409421087386,0.30112920977327756,0.5019898745322474,-0.13716927140655955,0.2312458727712965,0.2773519700638345,-0.072491745542593,0.07846357032797711,0.08409641206251375,0.23234206471494606,0.01797490644948272,-0.013766233766233767,0.07998899405679066,-0.018776139115122166,-0.057990314769975786,-0.1340810037420207,0.22195245432533567,-0.26142857142857145,0.009478318291877614,-0.10037420206911732,0.12919876733436056,-0.12664979088707903,0.1548910411622276,0.14501430772617213,-0.002808716707021792,-0.02608628659476117,-0.18320272947391592,-0.12135373101474796,-0.09946951353731015,-0.15193264362755887,0.0011776359233986353,-0.029255998239049088,-0.18228043143297382,-0.16239489324235087,-0.1994915254237288,-0.1072309046885318,-0.016004842615012106,-0.2396962359674224,0.09812898965441338,0.14353510895883778,0.1428615452344266,-0.0912458727712965,0.09498569227382787,0.12954215276249176,0.11160026414263702,0.0237442218798151,-0.0033832269425489764,-0.009506933744221879,-0.08107638124587277,-0.11524543253356813,0.07826986572749285,-0.07503411842394893,-0.07513537310147479,0.0975016508914814,-0.15729473915914594,-0.11251161815521082,0.21061633281972264,0.23913053048646268,0.19442879154743561,0.5575368699097513,0.09428351309707242,0.04554479418886199,0.3596566145718688,0.332821923838873,-0.07328197226502312,-0.097508254457407,-0.15010345586616772,0.017902267224301122,0.07107858243451463,0.22138895003301784,0.14653753026634384,0.0011666299801893023,0.021741140215716485,-0.06202729473915915,0.25296500110059433,0.029553158705701077,-0.10292097732775699,-0.06309487123046445,0.07675104556460488,-0.02431432973805855,-0.11299801893022232,-0.19214836011446182,-0.13550957517059212,-0.0048910411622276025,-0.0010345586616773057,-0.1978230244331939,-0.05423728813559322,0.19273167510455647,-0.05847457627118644,0.2246665199207572,0.07493506493506494,0.16064274708342505,0.024155844155844156,0.21472154963680387,-0.027019590578912612,0.0523332599603786,-0.023436055469953775,0.08540391811578252,0.07477657935285054,0.192260620735197,0.020341184239489326,-0.306880915694475,-0.2394585075941008
#49,0.48905348888399736,0.31915474356152324,0.13117543473475676,0.15150121065375302,0.09670922298040942,0.26641206251375743,0.2070416024653313,1.0,0.5629848117983711,0.3725115562403698,0.40763152102135153,0.14733876293198328,0.3017191283292978,0.34028835571208454,0.03109619194364957,-0.24869029275808938,0.15891701518820162,0.035701078582434514,0.07622716266784063,-0.09537530266343826,0.08620515078142196,-0.0701915034118424,-0.05717807616112701,-0.15455205811138015,0.06618534008364517,-0.14179396874312128,0.11641206251375742,0.06989654413383227,0.11383226942548977,0.19262161567246314,-0.027809817301342726,-0.04462689852520361,-0.11764472815320273,-0.2252586396654193,0.19552938586836893,0.011580453444860224,0.059322033898305086,-0.03608188421747744,0.03712304644508034,-0.09957076821483601,-0.04038520801232666,-0.06418886198547215,0.042485141976667404,-0.13690953114681928,-0.07220338983050847,-0.16368699097512657,0.02806075280651552,0.15519920757208894,0.012187981510015409,-0.005520581113801453,-0.1640083645168391,0.039779881135813336,-0.09265243231344926,-0.08919436495707682,-0.08607087827426811,-0.11930002201188641,-0.12246753246753246,-0.13888619854721548,0.002038300682368479,-0.07004182258419546,-0.13808276469293418,-0.10936385648250055,0.16412722870349988,0.07773942204459798,0.06775478758529606,-0.19940347787805415,0.37472375082544573,0.1344441998679287,0.026493506493506493,-0.10230904688531807,0.012225401716927141,0.01563944530046225,-0.02704600484261501,-0.05927360774818402,0.02341844596081884,-0.22011446180937708,-0.006676205150781422,-0.1658991855602025,0.2699361655293859,-0.05076821483601145,0.04998459167950693,0.15380585516178735,0.10037200088047546,0.30741800572309047,0.14160906889720448,-0.06955315870570108,-0.1096764252696456,-0.09323134492626019,-0.05666079683028836,0.13974466211754347,0.15208452564384767,0.004902047105436936,0.0929407880255338,-0.22282632621615672,-0.13184899845916795,-0.0361171032357473,-0.04971384547655734,0.0388994056790667,0.0689522342064715,-0.05251375742901167,0.22109839313229143,0.07795509575170592,-0.19433634162447722,-0.05826326216156725,0.03511336121505613,-0.12399955976227163,-0.06600704380365398,-0.1124521241470394,0.07398415144177856,-0.2160906889720449,-0.2530244331939247
#50,0.3389390270746203,0.2825115562403698,0.012599603786044465,0.0007285934404578472,0.12157384987893463,0.09403697996918337,0.25980409421087386,0.5629848117983711,1.0,0.17797930882676646,0.3723200528285274,0.09878934624697337,0.10368699097512657,0.3369931763152102,0.11393792648029936,-0.1350429231785164,-0.04909971384547656,-0.09033458067356373,0.09851639885538191,0.008368919216376844,0.14173673783843274,-0.00783843275368699,-0.05394453004622496,-0.1899867928681488,0.04065595421527625,-0.15518379925159587,0.2183270966321814,0.03347787805414924,-0.11682368478978648,-0.0523728813559322,-0.13994497028395333,-0.08027074620294959,-0.11103896103896103,-0.15066475896984372,0.08963240149680828,-0.026971164428791546,-0.08700198106977768,-0.07891041162227602,-0.08222540171692715,-0.12464450803433855,-0.21752366277790006,0.0013427250715386308,0.01867048206031257,-0.09121725731895224,0.04167290336781862,0.04033458067356373,0.05319832709663218,0.11091569447501651,0.06806295399515738,0.03148580233325996,-0.11799911952454326,0.10103675985031917,-0.095181598062954,0.00017829627999119526,0.0005701078582434515,-0.08739379264802993,0.039176755447941886,-0.043530706581554036,0.10845476557340965,0.040457847237508254,-0.2680541492405899,-0.13926040061633282,0.2201915034118424,0.13220566377157172,-0.0150297160466652,-0.26996478098173016,0.5105304864626898,0.15689192163768434,0.12270085846357033,-0.050763812458727714,0.1040149680827647,0.11267224301122607,0.0512656834690733,-0.007875852960598723,0.08577151661897425,-0.016953554919656614,-0.0626304204270306,-0.0864274708342505,0.3259850319172353,-0.11582654633502092,0.041554039181157826,0.10654633502091129,0.06983931322914373,0.16288355712084526,0.13068236847897866,-0.09747743781642086,-0.1805877173673784,-0.049143737618313886,0.039738058551617876,0.12915254237288135,0.1386682808716707,0.06334580673563725,0.1768500990534889,-0.28851419766674,-0.1850891481399956,-0.12472154963680387,-0.10734536649790886,-0.0790248734316531,-0.027057010785824346,-0.23305965221219457,0.04605106757649131,-0.07605326876513317,-0.11228923618754127,-0.06000880475456746,-0.006803874092009685,-0.08482060312568787,-0.06794408980849659,-0.21495267444419988,-0.05745982830728594,-0.3482214395773718,-0.2677701959057891
#51,0.5035351089588378,0.5845498569227383,0.7202905569007264,0.7450121065375302,-0.23111820383006823,0.28022672243011226,0.30112920977327756,0.3725115562403698,0.17797930882676646,1.0,0.4821593660576711,-0.21964120625137573,0.2707329958177416,0.11577371780761611,-0.20503411842394892,-0.0973827867048206,0.6679462909971384,0.5491459388069557,-0.26720889280211313,-0.2983513097072419,-0.07844155844155844,-0.0866784063394233,0.391765353290777,-0.11183359013867489,0.39420206911732336,-0.1967774598283073,0.3564010565705481,0.3265045124367158,0.3552410301562844,0.02434954875632842,0.2308562623816861,0.05573409641206251,0.3213515298261061,-0.030521681708122386,-0.24877173673783842,-0.061736737838432754,-0.035062733876293196,-0.1791371340523883,0.09016508914813999,0.12250715386308607,-0.19340523882896765,-0.414719348448162,-0.014424389170151881,-0.2822474136033458,-0.07753026634382566,-0.35419546555139775,0.12224961479198768,0.24534448602245212,0.156814880035219,0.05731675104556461,0.15045124367158266,0.2925423728813559,0.437673343605547,0.22469073299581774,-0.0837640325775919,0.02933303984151442,-0.381369139335241,-0.6004314329738059,-0.06311027955095752,-0.17532027294739158,-0.011060972925379706,0.05562623816861105,-0.34679947171472597,-0.15762280300618886,0.5771736737838433,0.03269205370900286,-0.018298481179837112,0.2191701518820163,-0.1672044904248294,-0.2702487343165309,0.31906449482720667,0.3060180497468633,-0.1992692053709003,-0.028978648470173896,-0.5436033458067356,-0.24744441998679287,-0.22689852520360995,-0.018991855602025095,0.06257979308826767,-0.10529165749504732,-0.09220779220779221,-0.20877613911512216,0.13937706361435176,0.02481399955976227,-0.3687409200968523,-0.1270878274268105,0.06262381686110499,-0.050567906669601585,-0.01238168611049967,-0.30727272727272725,-0.17147919876733436,-0.09596742240810037,-0.21455205811138015,-0.030211314109619195,-0.01233546114902047,0.5692009685230024,0.017239709443099275,0.534902047105437,0.4626216156724631,0.31372220999339645,0.45791987673343604,0.6153973145498569,0.2054853620955316,0.5566740039621395,0.44944970283953334,0.2950407219898745,0.2762161567246313,0.007043803653973145,0.04587057010785824,-0.15957737178076162,-0.1393022232005283
#52,0.26191723530706584,0.40412942989214173,0.39468192824125026,0.2779925159586177,-0.022423508694695136,0.17694475016508915,0.5019898745322474,0.40763152102135153,0.3723200528285274,0.4821593660576711,1.0,-0.04896103896103896,0.28049306625577813,0.5074972485141976,0.038613251155624036,0.0003653973145498569,0.33242130750605325,0.25053709002861546,-0.06664758969843716,0.020528285274047986,0.21537530266343827,0.06593220338983051,0.127145058331499,-0.12072198987453225,0.1573035439137134,-0.31784723750825444,0.16198987453224742,-0.0960378604446401,0.13480519480519482,-0.05439357252916575,0.0986220559101915,0.026445080343385427,0.12700858463570328,-0.04254677525863967,-0.008164208672683249,-0.07392692053709003,-0.10281532027294739,-0.20093110279550958,-0.06891481399955976,-0.2788267664538851,-0.15269425489764474,-0.2702575390710984,0.016535329077701957,-0.23458727712965002,-0.11916354831609069,-0.2605591019150341,-0.14329958177415805,0.15995817741580454,0.1832819722650231,0.20930662557781202,0.11644067796610169,0.26704600484261504,0.11315650451243671,0.19702179176755447,0.013255558001320713,-0.09241690512876953,-0.28877173673783846,-0.295115562403698,-0.23399515738498788,-0.2923354611490205,-0.2016618974246093,-0.05198547215496368,-0.09804094210873872,-0.027442233899538548,0.18644508034338542,0.16041602465331278,0.28410521681708123,0.3069601584855822,0.037779000660356596,0.05397754787585296,0.31935064935064933,0.3139577371780762,0.06602025093550518,0.10421087387189082,-0.039991195245432536,-0.011899625797930883,-0.04107638124587277,0.04860664758969844,0.26830728593440456,-0.16854501430772617,0.02388729914153643,0.03703059652212195,0.2466255778120185,0.2241206251375743,-0.0712128549416685,-0.1821703720008805,-0.09227162667840634,-0.2522077922077922,0.0725643847677746,-0.015901386748844375,0.020451243671582655,-0.06336121505613031,-0.06647369579572969,-0.3180431432973806,-0.23608188421747744,0.23201408760730793,-0.11991195245432533,0.1863284173453665,0.06573629760070437,0.1443165309267004,0.13510455646048866,0.2771956856702619,0.0736583755227823,0.21859784283513098,0.23918996257979308,0.23535549196566147,0.19711644287915475,-0.047587497248514195,-0.1162227602905569,-0.3838366718027735,-0.385445740699978
#53,0.07664979088707902,-0.2910213515298261,-0.4799933964340744,-0.11313889500330178,0.43007704160246535,0.17053268765133173,-0.13716927140655955,0.14733876293198328,0.09878934624697337,-0.21964120625137573,-0.04896103896103896,1.0,0.1932753686990975,0.14687211093990754,0.26060092449922956,-0.2618203830068237,-0.18593440457847238,-0.5993352410301562,0.1789918556020251,0.05170812238608849,0.16650451243671582,-0.17133171912832929,0.009872331058771737,-0.03591679506933744,-0.3456900726392252,0.20694034778780543,0.12363416244772177,-0.14346467092229803,-0.47068677085626237,-0.07052608408540612,-0.2659189962579793,0.07989654413383226,-0.17648470173893901,-0.06274488223640766,0.45084745762711864,0.0645806735637244,-0.06548095971824786,0.03823464670922298,-0.19738498789346248,-0.24413383226942548,0.24108518600044024,0.1869931763152102,0.11957076821483602,0.2062425709883337,0.31573189522342066,0.12813779440898085,0.11045124367158266,0.1099933964340744,-0.19694475016508914,-0.24410301562843936,-0.1306449482720669,-0.3092758089368259,-0.5130112260620735,-0.37650891481399956,-0.0965463350209113,-0.32765793528505394,0.35387849438696894,0.25698877393792646,0.23822143957737177,0.05696235967422408,-0.12448602245212415,-0.12443099273607748,0.4181796169931763,0.28459073552212955,-0.5657605106757649,-0.25929782082324454,0.23145498569227382,-0.09109839313229144,-0.09432753686990974,-0.010961919436495708,-0.3962249614791988,-0.3142945190402818,0.05807175874972485,-0.09692714065595422,0.36612810917895666,-0.056726832489544354,-0.04164428791547436,-0.23464230684569667,0.32933083865287255,-0.040411622276029055,0.40318071758749724,0.33571208452564383,-0.22894783182918776,0.38961038961038963,0.5664957076821484,0.09821703720008805,-0.06790666960158485,0.1633414043583535,-0.018056350429231784,0.7215606427470834,0.3848492185780321,0.2526040061633282,0.36174994497028395,-0.06611490204710543,0.08826326216156724,-0.4285758309487123,-0.12585075941008145,-0.4880893682588598,-0.2954853620955316,-0.24748624257098834,-0.3178780541492406,-0.4234624697336562,-0.2168170812238609,-0.2826040061633282,-0.1868434954875633,-0.21347787805414925,-0.22022232005282852,-0.15554699537750385,-0.07864406779661016,0.03926480299361655,0.12314990094651111
#54,0.14979308826766455,-0.001954655513977548,0.18942108738718907,0.2680475456746643,-0.08270746202949593,0.24511116002641425,0.2312458727712965,0.3017191283292978,0.10368699097512657,0.2707329958177416,0.28049306625577813,0.1932753686990975,1.0,0.09327096632181378,-0.003548316090688972,-0.11105877173673784,0.2436319612590799,0.17106977767994716,-0.11896324014968082,-0.11128329297820823,-0.01462029495927801,-0.03639225181598063,0.25810697776799474,0.13335241030156283,0.06412062513757429,0.06321373541712524,0.2825863966541933,0.22785384107418005,0.19818181818181818,-0.01323134492626018,0.4163284173453665,0.06627779000660357,0.10658595641646489,0.15969183359013867,0.0675808936825886,-0.024131631080783623,-0.05631080783623157,-0.06786264582874753,0.02489324235086947,0.002830728593440458,0.010576711424169051,-0.05075280651551838,0.08391371340523883,0.04478098173013427,0.15308166409861326,-0.2042835130970724,0.19183799251595862,0.369042482940788,0.11464670922298041,0.1578912612810918,0.2143121285494167,0.21515738498789347,0.10569227382786704,0.023158705701078582,-0.1738498789346247,-0.062315650451243675,-0.15387189082104336,-0.18357693154303323,0.08235527184679726,0.013083865287255117,-0.0924125027514858,-0.06315650451243672,-0.054849218578032134,-0.07525207751050969,0.0387409200968523,-0.07897644728153203,0.11298040942108739,-0.04562623816861105,-0.25452344265903587,-0.14611930442438917,-0.07335681267884658,-0.03184899845916795,-0.09423508694695136,-0.21102355271846798,-0.13598062953995158,-0.1929605987233106,-0.1621351529826106,-0.1587673343605547,0.14273827867048205,-0.11554699537750385,0.2894475016508915,0.11613911512216597,0.30363636363636365,0.23442438917015188,-0.00026414263702399294,-0.09298481179837112,-0.15067356372441118,0.031926040061633285,-0.04053268765133172,0.050338983050847455,0.21578472375082544,0.12233325996037861,-0.03391371340523883,-0.16700198106977768,-0.18780761611270086,0.2063086066475897,-0.08665199207572089,0.1950033017829628,0.19271846797270525,0.2844574069997799,0.12311248073959938,0.278745322474136,-0.03774818401937046,0.18584415584415584,0.17563944530046224,0.157508254457407,0.11021571648690293,0.043973145498569226,-0.014125027514858023,-0.22507153863086066,-0.29605326876513316
#58,0.06859344045784724,0.21119084305524982,0.06064935064935065,-0.001976667400396214,0.018619854721549638,0.0949900946511116,0.2773519700638345,0.34028835571208454,0.3369931763152102,0.11577371780761611,0.5074972485141976,0.14687211093990754,0.09327096632181378,1.0,0.060209112920977324,0.03570768214836011,-0.11294959278010125,-0.04127668941228263,-0.07972705260840854,0.11685670261941448,0.17607968302883556,-0.07472815320272948,-0.1793880695575611,-0.1103103675985032,-0.13877834030376404,-0.23763152102135152,0.14103235747303544,-0.08574950473255558,-0.19926700418225843,-0.16588157605106757,0.15801893022232005,-0.03442218798151001,0.06718247853841074,-0.0928351309707242,0.006896324014968083,-0.17767334360554699,-0.21559542152762493,-0.15078802553378826,-0.12873871890821043,-0.22449042482940787,-0.25015408320493066,-0.1810015408320493,0.04368258859784283,-0.21873871890821042,0.14745762711864407,-0.1799207572088928,-0.014695135373101475,0.20739819502531368,0.25738718908210434,0.1817719568567026,0.09382566585956416,0.10215936605767115,0.003671582654633502,-0.04056350429231785,-0.16091349328637464,-0.27823244552058113,0.0639489324235087,-0.026603565925599825,-0.025740699977988113,-0.1560774818401937,-0.11828747523662778,-0.01961699317631521,-0.010224521241470394,0.04678408913939138,-0.05436935945410522,-0.029735857362976008,0.314208672683249,-0.010744001760950913,0.08733215936605768,0.18898305084745762,0.21758529605987234,0.21540832049306627,0.23434294519040283,0.2510939907550077,0.1913317191283293,0.15370900286154524,0.16902047105436935,0.17062953995157384,0.14779220779220778,-0.2407902267224301,0.06079242791107198,0.1669931763152102,-0.024954875632841735,0.032839533348007925,0.3061369139335241,-0.10763152102135153,-0.00548976447281532,-0.4993506493506494,-0.18507373981950254,0.14150121065375304,0.1127690953114682,0.10025974025974026,0.1547787805414924,-0.2727360774818402,-0.21227602905569007,0.030250935505172792,-0.1705150781421968,-0.014644508034338543,-0.13901166629980188,0.030151882016288795,0.11507373981950253,0.06179837112040502,-0.021934844816200748,0.0311996478098173,0.1059916354831609,0.09650671362535769,0.08569447501650891,-0.04934184459608188,-0.19262601804974686,-0.26587497248514197,-0.2588025533788246
#101,-0.28987673343605547,-0.13212634822804314,-0.1649372661237068,-0.2804556460488664,0.06533568126788465,0.09923178516398855,-0.072491745542593,0.03109619194364957,0.11393792648029936,-0.20503411842394892,0.038613251155624036,0.26060092449922956,-0.003548316090688972,0.060209112920977324,1.0,0.398234646709223,-0.0362623816861105,-0.11780761611270085,0.6704446401056571,0.3940193704600484,0.7971956856702619,0.4766585956416465,0.07032357473035439,0.2506867708562624,0.2771670702179177,0.0863680387409201,0.09322474136033458,-0.39743121285494165,-0.03585736297600704,-0.09033017829628,-0.35950913493286374,0.21557781201849,-0.07680387409200969,-0.14725511776359235,0.12103896103896104,-0.07356152322254017,0.16680827646929342,-0.004882236407660136,0.051391151221659694,-0.1939291217257319,0.16520581113801452,0.09848558221439577,0.06668500990534888,0.10299581774158045,-0.12962139555359894,0.2157891261281092,-0.21543033237948492,-0.1480893682588598,-0.42913933524103015,-0.10832049306625578,-0.24341624477217697,-0.11401937046004842,-0.2120515078142197,0.08732775698877394,0.6976645388509796,0.1862491745542593,-0.13710983931322915,0.08857142857142856,-0.46579132731675105,-0.14160686770856262,-0.6783491085186001,-0.6581025753907109,-0.09053488883997358,-0.17470403626683048,-0.2619348448162008,-0.025712084525643848,0.10860004402377284,-0.044397974906449485,0.6798151001540832,0.4740083645168391,0.0031917235307065816,0.03790226722430112,0.14817741580453445,-0.08910631741140215,0.20720889280211313,-0.05896984371560643,-0.26075500770416027,-0.3737530266343826,0.3768434954875633,0.1806537530266344,0.2525445740699978,0.1758001320713185,0.07702839533348008,-0.18666079683028836,-0.031747743781642086,-0.6425885978428352,-0.6443033237948492,0.09943649570768215,0.25615892581994276,0.18952234206471494,0.054642306845696674,-0.5201342725071538,-0.22510455646048866,-0.5760664758969843,-0.48934404578472374,-0.37342945190402815,0.13457847237508255,-0.4091679506933744,-0.0928813559322034,-0.4158199427690953,-0.380132071318512,-0.4515320272947392,-0.24311027955095751,-0.25735857362976006,-0.21190622936385647,-0.12760950913493285,-0.11559762271626678,-0.5552498349108519,-0.4723200528285274,-0.4550363196125908,-0.41447501650891483
#102,-0.18891481399955976,0.06800792427911072,0.1843385428131191,-0.17328637464230684,-0.2256240369799692,-0.17011666299801892,0.07846357032797711,-0.24869029275808938,-0.1350429231785164,-0.0973827867048206,0.0003653973145498569,-0.2618203830068237,-0.11105877173673784,0.03570768214836011,0.398234646709223,1.0,0.08595641646489104,0.18679947171472594,0.23456966762051507,0.5331939247193485,0.4386022452124147,0.6479727052608408,-0.04425709883337002,0.36209112920977327,0.20093110279550958,-0.15295399515738498,-0.15579793088267666,-0.38567906669601587,-0.1780827646929342,-0.47291657495047323,-0.04157384987893462,-0.06384767774598284,0.03074620294959278,-0.09898305084745762,-0.4482456526524323,-0.39251595861765354,-0.3231631080783623,-0.24160466651992077,-0.28780101254677526,-0.21979528945630641,-0.24302003081664098,-0.3099735857362976,-0.34761171032357474,-0.15418225841954655,-0.27325115562403696,-0.07514858023332599,-0.2925093550517279,-0.2806339423288576,-0.236880915694475,-0.19697336561743342,-0.25538850979528943,-0.16823904908650672,0.06703499889940567,0.3269821703720009,0.42957957296940347,0.3428175214615893,-0.24538410741800573,0.1495135373101475,-0.3585362095531587,-0.24238168611049968,-0.2650539291217257,-0.16878494386968962,-0.4836341624477218,-0.34670060901425515,0.061551837992515956,0.274389170151882,-0.2670438036539731,-0.14191503411842396,0.5706141316310808,0.7703543913713405,0.3926414263702399,0.452854941668501,0.4171736737838433,0.28602245212414706,0.14798151001540832,0.418994056790667,0.13810477657935286,0.2604226282192384,0.011686110499669822,0.11257318952234206,0.08353731014747964,-0.2087409200968523,0.18281972265023114,-0.4292802113141096,-0.2542196786264583,-0.41347127448822363,-0.30190843055249833,-0.07861545234426591,0.29478318291877614,-0.2792361875412723,-0.1599933964340744,-0.3806009244992296,-0.2450033017829628,-0.3286946951353731,-0.32598283072859346,0.02858023332599604,0.2213977547875853,-0.19171032357473036,-0.08686770856262381,-0.06981510015408321,-0.2563284173453665,-0.14707902267224301,-0.3418071758749725,-0.07875852960598723,-0.1488531807175875,0.0212788906009245,-0.008082764692934185,0.013266563944530047,-0.31273827867048204,-0.28282412502751486,-0.3093220338983051
#201,0.4032577591899626,0.32717367378384327,0.5936429672022893,0.5520691173233546,-0.16401056570548095,0.17975346687211094,0.08409641206251375,0.15891701518820162,-0.04909971384547656,0.6679462909971384,0.33242130750605325,-0.18593440457847238,0.2436319612590799,-0.11294959278010125,-0.0362623816861105,0.08595641646489104,1.0,0.5597842835130971,-0.1757142857142857,-0.19135373101474795,0.07029055690072639,0.14875632841734537,0.37712084525643846,0.06517719568567026,0.41247413603345806,-0.15541492405899185,0.26955315870570107,0.21882236407660136,0.40800572309046884,0.017589698437156066,0.14311468192824126,0.023904908650671363,0.25698877393792646,-0.054078802553378824,-0.2831388950033018,-0.12487563284173454,-0.05424169051287695,-0.23486022452124147,0.07573849878934624,-0.01665639445300462,-0.277343165309267,-0.4024191063174114,-0.04518379925159586,-0.38459608188421746,-0.1711798371120405,-0.35290997138454766,-0.0575016508914814,0.06521681708122386,0.003425049526744442,0.014316530926700419,0.06501430772617213,0.1502509355051728,0.4583138895003302,0.3105789126128109,0.16962799911952453,0.2348580233325996,-0.4746268985252036,-0.532821923838873,-0.2220162887959498,-0.29595861765353293,-0.14368258859784283,-0.1636121505613031,-0.4258287475236628,-0.2578165627430298,0.43942989214175654,0.04813779440898085,-0.20154743561523222,0.058835571208452564,0.040457847237508254,-0.01639885538190623,0.20416905128769536,0.24356812678846576,-0.189570768214836,-0.12416905128769536,-0.48848778340303767,-0.18633722209993397,-0.32884877834030374,-0.11207351970063835,0.15329077701959057,0.0011754347347567686,0.05688311688311688,-0.12449042482940788,0.08391371340523883,-0.023094871230464453,-0.4796324014968083,-0.25797490644948273,-0.11866387849438696,-0.0027933083865287257,0.054232885758309486,-0.30287034998899404,-0.1644155844155844,-0.13589698437156064,-0.32990314769975787,-0.10581554039181158,-0.016746643187321154,0.4664098613251156,0.09290116662998019,0.4280739599383667,0.44372220999339645,0.2578296279991195,0.3492031697116443,0.4965441338322694,0.1909619194364957,0.407640325775919,0.3733215936605767,0.3094166850099053,0.3195729694034779,-0.1318864186660797,-0.10884657715166189,-0.09926040061633282,-0.09681488003521901
