,#10,#11,#12,#13,#17,#18,#26,#49,#50,#51,#52,#53,#54,#58,#101,#102,#201,#202,#301,#302,#401,#402,#501,#502,#601,#602,#701,#702,#801,#802,#901,#902,#1001,#1002,#1101,#1102,#1201,#1202,#1301,#1302,#1401,#1402,#1501,#1502,#1601,#1602,#1701,#1702,#1801,#1802,#1901,#1902,#2001,#2002,#2101,#2102,#2201,#2202,#2301,#2302,#2401,#2402,#2501,#2502,#2601,#2602,#2701,#2702,#2801,#2802,#2901,#2902,#3001,#3002,#3101,#3102,#3201,#3202,#3301,#3302,#3401,#3402,#3455,#3501,#3502,#3601,#3602,#3701,#3702,#3801,#3802,#3901,#3902,#4001,#4002,#4101,#4102,#4201,#4202,#4301,#4302,#4401,#4402,#4501,#4502,#4601,#4602,#4701,#4702,#4801,#4802
#10,1.0,0.35532907770195904,0.5910081443979749,0.5887475236627779,0.26095971824785386,0.2809641206251376,0.2493792648029936,0.531765353290777,0.41294959278010124,0.5923684789786484,0.20442438917015188,0.289966982170372,0.07904468412942989,0.12602905569007264,-0.46692934184459606,-0.2273827867048206,0.40537530266343824,0.2891789566365838,-0.3521351529826106,-0.2174686330618534,-0.5153753026634382,-0.32448602245212416,0.046530926700418224,0.1376337222099934,0.12049086506713626,-0.017534668721109398,-0.10248294078802553,0.21856482500550298,0.07335461149020471,0.14462909971384547,0.050574510235527184,0.19790446841294299,0.10929782082324455,0.07662117543473476,-0.10575830948712305,0.01510675764913053,-0.04664758969843716,-0.14114902047105438,0.013035439137134052,0.0006867708562623817,-0.31779881135813337,0.04349328637464231,-0.04113141096191943,-0.10285714285714286,0.09032137354171252,-0.01466651992075721,0.12166629980189302,0.28095751705921196,-0.12270746202949592,-0.06953334800792428,0.14722650231124806,0.07937926480299362,0.24163108078362316,-0.11987233105877174,-0.2065771516618974,-0.20539731454985694,-0.18011005943209332,-0.11972044904248294,0.21272507153863085,0.020380805635042923,0.16869029275808936,0.22291217257318952,-0.01703279771076381,-0.03234426590358794,0.05219238388729914,0.10296059872331059,0.05820603125687871,0.018868589038080565,-0.13810477657935286,-0.182887959498129,0.11495487563284174,0.010695575610829847,-0.2002047105436936,-0.04783182918776139,-0.19474136033458067,0.132590799031477,-0.0638234646709223,0.14179616993176314,-0.07338762931983271,-0.040686770856262384,0.012119744662117543,0.3042989214175655,0.006552938586836892,-0.12270526084085406,0.3112326656394453,0.1755183799251596,0.1887211093990755,0.08023552718467973,0.058003521901826983,0.10918556020250936,0.20900946511116003,0.07962799911952455,0.018699097512656835,0.15607968302883557,0.06402817521461589,0.2613449262601805,0.15714285714285714,0.45548756328417345,0.40845036319612593,0.19335020911292097,0.19599603786044464,0.2918137794408981,0.10431212854941668,0.2137508254457407,0.2882060312568787,0.25668500990534887,0.157706361435175,0.12437596302003082,0.04813999559762271,-0.04085186000440238,-0.06654193264362755
#11,0.35532907770195904,1.0,0.44128769535549195,0.2960576711424169,0.06817081223860885,0.06581774158045345,0.3014307726172133,0.07467092229804094,0.2892009685230024,0.46101915034118424,0.14768434954875634,0.022786704820603125,-0.06999559762271626,-0.10478758529605987,-0.05496588157605107,-0.10329738058551619,0.32223200528285273,0.26378604446401055,-0.20150561303103676,-0.24021131410961918,-0.08811358133392032,-0.21863746423068456,0.21249614791987673,0.07375302663438256,0.1346026854501431,0.08034778780541492,0.009416685009905348,0.21676865507373982,-0.32985692273827866,-0.2249966982170372,-0.08954655513977548,0.01682588597842835,0.008553819062293638,-0.0018401937046004842,-0.20462249614791989,-0.16825665859564165,-0.16486682808716707,0.04283292978208232,-0.07171032357473035,-0.009185560202509355,-0.2289456306405459,-0.16837992515958616,-0.12909311027955095,-0.3362953995157385,0.07323354611490204,-0.046880915694475014,-0.04701518820162888,0.08391591459388069,-0.07260180497468634,0.08031697116442879,0.13572749284613692,0.027314549856922738,0.16908210433634163,0.07411182038300683,0.09243451463790447,0.03813779440898085,0.04443539511336121,-0.13195905789126128,0.056306405458947835,-0.024789786484701738,-0.06945410521681708,-0.021093990755007706,-0.21998459167950693,-0.19114241690512876,0.1324455205811138,-0.014677525863966543,-0.21435174994497028,0.19108958837772397,-0.03867928681488004,-0.06515738498789346,0.18182478538410743,0.14340523882896763,-0.2607395993836672,-0.15220999339643407,-0.30769535549196564,0.01816200748404138,-0.13116883116883116,0.03238388729914154,0.14858023332599604,0.19353731014747963,-0.2677635923398635,0.18002861545234428,-0.2560004402377284,-0.13752586396654193,0.07482060312568788,-0.08074620294959278,-0.10889280211314109,-0.07478098173013427,-0.00535989434294519,-0.13159366057671143,0.07435615232225402,-0.14094651111600265,-0.25109839313229143,-0.05833149900946511,-0.09622055910191503,0.31062733876293197,0.28746423068456967,0.2885296059872331,0.34683028835571206,0.11311688311688312,0.09324675324675324,0.16541712524763372,0.07789346246973365,0.1392493946731235,0.07316971164428791,0.1585824345146379,-0.08289896544133832,-0.07685230024213074,-0.21586396654193266,-0.09235086946951354,-0.13107858243451465
#12,0.5910081443979749,0.44128769535549195,1.0,0.6024058991855602,0.19534448602245214,0.539423288575831,0.2695971824785384,0.39187541272287035,0.1897556680607528,0.5287277129650011,0.14594761171032358,0.34194805194805195,0.2830442438917015,0.08643627558881796,-0.23237508254457406,-0.18552278230244332,0.6190688972044904,0.6515430332379485,-0.2978956636583755,-0.28493946731234865,-0.34661677305745103,-0.2650099053488884,0.3858485582214396,0.17021791767554478,0.36495487563284174,-0.009484921857803214,0.039729253797050404,0.21756328417345366,0.015681267884657714,-0.033728813559322036,0.2554589478318292,0.09542813119084305,0.45159145938806955,0.16719568567026194,-0.2213779440898085,-0.06320493066255778,-0.025918996257979308,-0.17233546114902046,-0.07602905569007264,-0.15101694915254238,-0.3116685009905349,-0.0022099933964340743,-0.04689412282632622,-0.1459652212194585,0.3011358133392032,-0.07178516398855382,0.14521241470394014,0.27063614351749943,-0.010928901606867708,0.02574950473255558,0.42771736737838434,0.2787475236627779,0.4240942108738719,-0.10658375522782303,-0.10182478538410741,-0.26570548095971824,-0.2935020911292098,-0.3295641646489104,0.14813119084305526,-0.052337662337662336,-0.062212194585075944,-0.031910631741140214,-0.13121725731895223,-0.20801893022232004,0.14471714725952015,0.09755668060752806,0.05176095091349329,0.024155844155844156,-0.15196346026854501,-0.11559322033898305,0.17706361435174994,0.1213251155624037,-0.38053048646268983,-0.2923332599603786,-0.3842196786264583,-0.1631168831168831,-0.23918556020250936,0.010983931322914373,0.11305524983491085,0.17156064274708344,-0.10163988553819062,0.09008804754567466,-0.12154083204930663,-0.10919436495707682,0.16103015628439357,0.15561303103675986,0.009407880255337883,0.06937926480299361,0.050211314109619196,-0.03781201848998459,0.07664098613251155,0.06821703720008805,-0.09983050847457627,0.03854281311908431,-0.02352410301562844,0.49385868368919217,0.3865969623596742,0.5294254897644728,0.48560642747083427,0.3891965661457187,0.3380431432973806,0.6052124147039402,0.25436715826546336,0.34233546114902047,0.47167290336781864,0.4315100154083205,0.37813999559762274,-0.06495267444419987,-0.140099053488884,-0.1554721549636804,-0.1764736957957297
#13,0.5887475236627779,0.2960576711424169,0.6024058991855602,1.0,0.13377944089808497,0.3162161567246313,0.25398855381906227,0.3051683909311028,0.1392141756548536,0.5984437596302004,-0.03172132951793969,0.137442218798151,0.16335901386748844,0.04104556460488664,-0.25037860444640103,-0.010372000880475457,0.5510279550957518,0.5080409421087387,-0.10948932423508695,-0.2038895003301783,-0.5001034558661678,-0.19097732775698878,0.22409641206251377,0.14469953775038522,0.35311027955095753,0.17539071098393133,-0.006218357913273168,0.2250759410081444,0.07443319392471935,0.06982610609729253,0.19467752586396656,0.09047545674664319,0.37755227823024434,0.2276997578692494,-0.010323574730354392,0.08173893902707462,0.012513757429011667,0.14191063174114021,0.12269865727492846,0.19829848117983712,-0.19711424169051286,0.1447721769755668,-0.14239709443099274,-0.0674158045344486,0.030431432973805857,0.2031697116442879,0.26815540391811576,0.34410301562843937,0.18457627118644068,-0.018137794408980848,0.3597380585516179,0.015348888399735857,0.41961699317631523,-0.1359586176535329,-0.16211534228483382,-0.03725291657495047,-0.35138895003301784,-0.15086066475896984,0.3541030156284394,0.2489258199427691,-0.1809641206251376,-0.09717147259520141,-0.07035439137134053,0.12169491525423728,0.2411138014527845,0.1967422408100374,0.004974686330618534,-0.09528285274047986,-0.11777019590578913,-0.16373981950253136,0.08613911512216597,0.061540832049306625,-0.5206185340083646,-0.30035219018269865,-0.37317411402157163,-0.16782742681047766,-0.39458287475236625,-0.1494188861985472,-0.052876953554919656,0.06604886638784944,-0.06985912392692054,0.08407880255337882,-0.03613251155624037,-0.11064494827206692,-0.00823464670922298,0.10307065815540392,-0.08081223860884877,-0.00020250935505172792,0.07320052828527404,-0.07922077922077922,0.1441536429672023,0.08457406999779882,0.027063614351749945,0.10171472595201408,0.09404578472375083,0.26147699757869247,0.3729055690072639,0.4140501871010346,0.43461149020471057,0.2740788025533788,0.08136913933524104,0.39948712304644507,0.26544133832269423,0.274224081003742,0.3969117323354612,0.3089852520360995,0.3568655073739819,-0.16345806735637244,-0.13675764913053048,-0.19576491305304863,-0.12182918776139115
#17,0.26095971824785386,0.06817081223860885,0.19534448602245214,0.13377944089808497,1.0,0.15573189522342065,-0.012421307506053268,0.3382720669161347,0.21587717367378384,0.22579793088267663,0.18354391371340523,0.12281091789566366,0.12443539511336121,0.2726986572749285,-0.05283953334800792,-0.22237728373321594,0.2146797270526084,0.04780541492405899,-0.06391811578252256,-0.005102355271846797,-0.2988091569447502,-0.3280013207131851,-0.034631300902487346,0.06835571208452565,-0.05540171692714065,-0.10348448162007484,-0.40513757429011665,-0.0765793528505393,0.09967422408100374,0.225841954655514,0.16840854061193045,0.11920757208892802,0.004871230464450803,0.21060972925379706,0.13038740920096853,0.22373541712524764,-0.1438564825005503,-0.007336561743341404,-0.17836891921637685,-0.16682148360114463,-0.17485362095531587,0.2801122606207352,-0.013662777900066035,0.28033237948492185,0.18417565485362095,-0.17218357913273166,-0.17693374422187982,-0.2078648470173894,-0.16026634382566585,-0.3675808936825886,0.004717147259520141,-0.07814439797490645,-0.12411402157164869,-0.38091789566365836,-0.24386748844375963,-0.29610609729253795,-0.1649372661237068,-0.13226282192383887,0.0030002201188641868,-0.13308826766453885,0.3089522342064715,0.29865067136253576,0.27204050187101037,-0.0010675764913053048,-0.10081664098613251,-0.0051067576491305305,0.3301584855822144,0.04082104336341624,-0.01987673343605547,0.10447501650891482,-0.1518864186660797,0.033356812678846576,0.10606647589698437,0.20202069117323354,-0.07581333920316971,0.09132071318511996,0.16010785824345147,0.13421527624917456,0.11995817741580453,0.23284613691393352,-0.00399735857362976,0.42571648690292757,-0.09758309487123046,0.3808232445520581,0.724935064935065,0.31072198987453226,0.3000220118864187,-0.13206691613471275,0.17031917235307065,0.41112920977327755,0.29440457847237506,0.13682588597842835,0.03160906889720449,0.055738498789346246,0.16353731014747963,0.13094430992736078,-0.07989654413383226,0.21634382566585955,0.03776579352850539,0.18716266784063396,0.038463570327977106,0.1260444640105657,0.3134536649790887,0.3196786264582875,0.11712084525643848,0.018921417565485363,0.05280431432973806,0.32318732115342286,0.13804534448602246,0.12765793528505393,0.12740039621395555
#18,0.2809641206251376,0.06581774158045345,0.539423288575831,0.3162161567246313,0.15573189522342065,1.0,0.19308826766453885,0.2892449922958398,-0.05276469293418446,0.2435923398635263,0.04672903367818622,0.4758287475236628,0.5206977767994717,0.1408826766453885,-0.19340523882896765,0.04586176535329078,0.2978318291877614,0.4036385648250055,-0.27490865067136255,-0.14241030156284393,-0.31573849878934623,-0.025558001320713186,0.3940964120625138,0.29245652652432313,0.2776645388509795,-0.08889500330178296,0.003918115782522562,0.13741360334580674,0.22184679727052609,0.10551617873651772,0.2554523442659036,0.17705040721989876,0.4871186440677966,0.2225115562403698,-0.05176975566806075,-0.07590799031476998,0.07340303764032578,-0.10162887959498129,-0.008721109399075501,-0.13272507153863086,-0.1210279550957517,0.11809597182478539,0.11996478098173013,0.10957517059211974,0.373251155624037,0.08243011226062073,0.052348668280871674,0.23012326656394452,-0.10408540611930442,0.04195465551397755,0.2344111820383007,0.3358969843715606,0.17456966762051507,-0.29285714285714287,-0.35323794849218576,-0.3114747963900506,-0.5253114681928241,-0.3299581774158045,0.025956416464891042,-0.021164428791547434,-0.042584195465551394,-0.06319172353070658,0.1298415144177856,0.08305965221219458,0.07635263042042703,-0.03598283072859344,0.2768280871670702,0.03337222099933965,-0.3752036099493727,-0.17267444419986794,0.11167950693374422,-0.040405018710103456,-0.19277129650011007,-0.27806075280651554,-0.33600264142637026,-0.24909531146819283,-0.20620735197006385,-0.07336341624477218,0.12614351749944971,0.265593220338983,0.005857362976007044,0.32550957517059215,0.027627118644067798,-0.10345146379044684,0.14066916134712745,0.11916354831609069,0.012298040942108738,0.25829187761391154,0.2637970504072199,-0.05334140435835351,0.23340523882896763,0.12790226722430112,0.19015628439357252,-0.0697754787585296,0.04704160246533128,0.2157340964120625,0.3107241910631741,0.3293286374642307,0.2862976007043804,0.19586176535329078,0.2644904248294079,0.5236737838432753,0.21438696896324014,0.2814087607307946,0.40655513977547875,0.32805194805194804,0.3594915254237288,-0.04175434734756769,-0.0874158045344486,-0.14724631300902488,-0.1314813999559762
#26,0.2493792648029936,0.3014307726172133,0.2695971824785384,0.25398855381906227,-0.012421307506053268,0.19308826766453885,1.0,-0.060099053488883995,0.2575500770416025,0.42881135813339205,0.019586176535329076,0.13224521241470394,0.0952938586836892,0.022548976447281533,-0.10978428351309708,-0.07379484921857803,0.32414483821263484,0.20518600044023771,-0.05952674444199868,-0.07125687871450584,-0.10948492185780322,-0.05888839973585736,0.06422408100374202,0.01173233546114902,0.14185119964780982,0.033816861104996696,-0.11412942989214175,0.04901606867708563,-0.08838652872551178,0.04171692714065595,0.12305745102355271,0.06925379705040723,0.24315650451243673,0.061976667400396215,-0.1166189742460929,-0.0675016508914814,0.144686330618534,0.0486880915694475,0.3089456306405459,0.17001100594320934,0.010424829407880256,0.038153202729473916,-0.057679947171472595,-0.009700638344706141,-0.06977988113581333,-0.04262161567246313,0.012066916134712745,0.06425709883337002,-0.12964340744001762,-0.11868589038080564,0.11549416685009906,0.03159586176535329,0.1635791327316751,0.107277129650011,0.10509795289456307,0.06977767994717148,-0.204818401937046,-0.2683865287255118,-0.22621395553598944,-0.09420427030596522,0.030279550957517058,0.06336341624477218,-0.3432687651331719,-0.22272066916134714,-0.12016949152542374,0.06852740479859123,-0.047849438696896326,0.12488663878494387,0.03186220559101915,-0.0200726392251816,0.2601959057891261,0.28754567466431874,-0.1980739599383667,-0.1421813779440898,-0.2789918556020251,0.03676865507373982,-0.16158485582214396,-0.04723530706581554,0.024805194805194806,0.2199735857362976,-0.029385868368919217,0.1696764252696456,0.11110499669821704,-0.22490204710543693,0.021162227602905568,0.0037640325775918997,0.023667180277349768,0.22820383006823686,0.1619722650231125,-0.18660576711424168,0.13844816200748405,-0.0811864406779661,-0.1966387849438697,0.05043803653973145,0.008925819942769095,0.03714725952014088,0.25850539291217256,0.012802113141096192,0.11398195025313669,-0.13928241250275147,-0.2065771516618974,0.11351749944970284,0.16547435615232226,-0.021131410961919436,0.13031256878714506,0.053935725291657494,0.08107858243451464,-0.08848778340303765,-0.0663746423068457,-0.015793528505392913,-0.07714725952014087
#49,0.531765353290777,0.07467092229804094,0.39187541272287035,0.3051683909311028,0.3382720669161347,0.2892449922958398,-0.060099053488883995,1.0,0.3232137354171252,0.390099053488884,0.2762909971384548,0.1673233546114902,0.10272066916134713,0.2123860884877834,-0.46579572969403477,-0.26551397754787587,0.24107858243451463,0.22607528065155183,-0.23093770636143518,-0.03656394453004622,-0.2996169931763152,-0.21570548095971825,-0.16472815320272946,-0.18329297820823245,-0.035062733876293196,-0.21654413383226942,-0.2789456306405459,0.014961479198767334,0.4139555359894343,0.23255337882456525,0.12879154743561524,0.04715166189742461,0.12184019370460049,0.22180277349768876,0.16224081003742022,0.14473035439137133,-0.052843935725291655,-0.16850099053488884,-0.08284613691393353,-0.10023112480739599,-0.31873651771956857,0.24167730574510235,0.05542593000220119,0.010702179176755448,0.10889720449042482,-0.20943649570768214,0.04410301562843936,0.28793968743121284,0.0012216596962359675,0.049178956636583754,0.2188597842835131,0.30817301342725073,0.21424169051287695,-0.07084085406119305,-0.20403257759189963,-0.17134052388289678,-0.1706999779881136,-0.06904468412942989,0.13591679506933743,-0.2265001100594321,0.1649438696896324,0.12111160026414264,0.027389390270746203,-0.026024653312788908,0.004827206691613471,-0.045036319612590796,0.06356592559982391,-0.12549636803874092,0.05149680827646929,-0.020757208892802113,0.12148580233325997,0.08275368699097513,0.14831829187761392,0.17192824125027514,-0.013189522342064715,0.2531961259079903,0.117112040501871,0.15120184899845918,-0.07635263042042703,-0.1812062513757429,0.31471714725952016,0.2227096632181378,0.11737178076161127,0.32374202069117325,0.35700418225841957,0.09768875192604007,0.1407241910631741,-0.053946731234866825,0.09903587937486243,0.303515298261061,0.033713405238828965,0.16582434514637903,-0.11777459828307286,0.052055910191503414,0.07069337442218798,0.2691613471274488,-0.1861435174994497,0.37777459828307286,0.18971164428791548,0.1879881135813339,0.22860444640105657,0.25705480959718247,0.09892361875412722,0.13199207572088928,0.24465111160026415,0.2256284393572529,0.2602113141096192,0.19985252036099493,0.1239621395553599,-0.06305965221219459,-0.12502531366938147
#50,0.41294959278010124,0.2892009685230024,0.1897556680607528,0.1392141756548536,0.21587717367378384,-0.05276469293418446,0.2575500770416025,0.3232137354171252,1.0,0.37902047105436937,0.12060312568787145,0.1611798371120405,-0.0074246092890160684,0.09403697996918337,-0.06032137354171253,-0.3856086286594761,0.1845938806955756,0.04238168611049967,-0.16832709663218137,-0.24263482280431434,0.11191283292978209,-0.35816200748404137,-0.06524323134492627,-0.21408980849658815,-0.10750385208012327,-0.24332599603786045,-0.2618578032137354,-0.22469733656174334,-0.19475016508914814,-0.1668677085626238,-0.2701871010345587,-0.07361875412722871,-0.21698437156064274,-0.1377261721329518,-0.18277569887739378,-0.09139555359894343,-0.11370680167290337,-0.1572507153863086,0.08271846797270527,-0.11674664318732116,-0.24719348448162007,0.0924125027514858,-0.06765133171912834,-0.07569447501650892,-0.10370239929561964,-0.2572331058771737,-0.23182918776139116,-0.09388069557561082,-0.22276689412282633,-0.15807395993836673,0.07678626458287476,0.06530046224961479,0.019152542372881356,0.018082764692934183,0.11670702179176755,-0.1500462249614792,0.17414263702399296,-0.20990534888839973,0.12617213295179397,-0.11535108958837773,0.25977988113581335,0.25462469733656173,-0.30389830508474575,-0.2573321593660577,-0.16099273607748185,0.07370680167290337,-0.03561963460268545,0.11002201188641866,0.2651617873651772,0.061483601144618094,0.24156944750165088,0.09991635483160907,0.09475456746643188,-0.002126348228043143,0.03066255778120185,0.2645410521681708,0.19916795069337442,0.1767642526964561,0.12510015408320493,-0.18699757869249395,0.01763812458727713,0.16303984151441778,-0.08322914373761832,-0.06888619854721549,0.21086726832489544,0.18507373981950254,0.12747303543913713,-0.008386528725511776,0.031736737838432755,-0.04473475676865507,0.04691173233546115,-0.09810697776799472,-0.23562403697996917,0.05050627338762932,0.017977107638124587,0.212425709883337,-0.17226942548976448,0.16896764252696456,0.14969403477878054,0.015020911292097733,0.1376931543033238,0.058564825005502974,-0.10380805635042924,0.08948932423508695,0.06476117103235747,0.09492626018049746,-0.1252872551177636,0.21289016068677086,0.061776359233986354,0.09480519480519481,-0.019137134052388288
#51,0.5923684789786484,0.46101915034118424,0.5287277129650011,0.5984437596302004,0.22579793088267663,0.2435923398635263,0.42881135813339205,0.390099053488884,0.37902047105436937,1.0,0.28650891481399954,0.31108298481179836,0.3456988773937926,0.11752366277790006,-0.2742923178516399,-0.33190843055249836,0.4997006383447061,0.3899933964340744,-0.31161347127448824,-0.3290314769975787,-0.29831388950033016,-0.3710015408320493,0.22282852740479858,0.13199207572088928,0.27062953995157385,-0.09041602465331279,-0.13763152102135154,0.22159586176535329,0.11863966541932644,-0.010911292097732776,0.05803433854281312,0.10826766453885098,0.18497908870790228,0.22497468633061854,-0.057790006603565924,-0.0174950473255558,-0.10130970724191063,-0.11678626458287475,0.14479639005062733,0.03799471714725952,-0.297805414924059,-0.08924058991855602,-0.1096434074400176,-0.12295399515738499,0.20067576491305306,-0.031080783623156503,0.15366277790006602,0.3711534228483381,0.06241470394012767,0.021380145278450363,0.3208254457407,0.06488663878494387,0.38539511336121507,-0.05793748624257099,-0.03521681708122386,-0.2329275808936826,-0.29567246313009027,-0.3806647589698437,0.2145014307726172,0.06577371780761611,0.10039401276689412,0.129405679066696,-0.1760708782742681,-0.0883182918776139,0.047834030376403255,0.13237508254457406,0.013616552938586837,0.026198547215496366,-0.12755007704160246,-0.16133392031697116,0.19455646048866387,0.08669381465991635,-0.4574025974025974,-0.2118710103455866,-0.42330398415144177,-0.1251023552718468,-0.3083799251595862,0.027277129650011007,0.15394453004622496,0.06486462689852521,0.07019370460048426,0.27265903587937484,0.04797270526084085,-0.037296940347787806,0.1694320933303984,0.12602025093550517,0.09303323794849219,0.22319832709663218,-0.016304204270305964,-0.012661237068016728,0.24955535989434294,0.08493506493506493,-0.047999119524543256,0.13385428131190844,0.08604006163328197,0.3391217257318952,0.23016949152542374,0.4458683689192164,0.41808496588157606,0.30111160026414263,0.16840193704600484,0.3224411182038301,0.13963020030816642,0.28777679947171475,0.31530926700418227,0.36538190622936384,0.2766365837552278,0.12781421967862647,0.002379484921857803,0.02896103896103896,0.12377503852080124
#52,0.20442438917015188,0.14768434954875634,0.14594761171032358,-0.03172132951793969,0.18354391371340523,0.04672903367818622,0.019586176535329076,0.2762909971384548,0.12060312568787145,0.28650891481399954,1.0,-0.014946070878274268,0.03376183138895003,0.032276029055690075,-0.23388509795289456,-0.2059322033898305,0.08209773277569887,-0.03682808716707022,-0.06926700418225842,-0.06079022672243011,0.017279330838652872,-0.21540611930442438,-0.022168170812238607,-0.10466431873211535,0.06931543033237948,-0.18120184899845918,-0.09281752146158925,-0.004809597182478538,0.2281994276909531,0.08124367158265464,-0.147046004842615,0.03978868589038081,-0.2293352410301563,-0.03779881135813339,-0.04171692714065595,-0.02432093330398415,-0.21564604886638786,-0.17851199647809818,-0.02714505833149901,-0.10498569227382787,0.01954655513977548,0.052987012987012985,0.1505018710103456,-0.013248954435395113,0.13853180717587496,-0.0652410301562844,0.016370239929561964,0.11193484481620075,-0.08467312348668281,0.03871890821043363,0.19926480299361654,0.18054809597182478,0.14773277569887738,-0.004604886638784944,0.06361215056130311,0.013105877173673784,-0.14683909311027954,-0.153218137794409,0.09539731454985692,-0.12586396654193263,0.17689192163768436,0.13189522342064716,-0.08988553819062294,-0.14119084305524984,-0.19217477437816421,-0.004360554699537751,-0.028492185780321373,-0.09751705921197447,0.12410741800572309,0.08161787365177196,0.2437442218798151,0.18957737178076162,0.04936385648250055,0.23022232005282853,-0.16811578252256218,-0.030290556900726393,-0.002267224301122606,0.2643913713405239,0.07637244111820383,0.021424169051287696,0.18902927580893683,0.06926040061633282,0.03523222540171693,0.020710983931322913,0.13131631080783623,0.07465331278890601,0.20087827426810478,0.23383887299141537,0.2613383226942549,0.07456746643187322,0.024382566585956417,0.04056570548095972,-0.10636363636363637,0.11359454105216817,0.030281752146158927,0.2617675544794189,-0.07364076601364737,0.24945630640545896,-0.07610169491525423,-0.0275148580233326,0.02081884217477438,0.03435835351089588,-0.1488994056790667,-0.2288795949812899,-0.08799031476997579,-0.11689852520360995,-0.07017169271406559,0.17986572749284613,0.02197886858903808,0.21190402817521461,0.1126436275588818
#53,0.289966982170372,0.022786704820603125,0.34194805194805195,0.137442218798151,0.12281091789566366,0.4758287475236628,0.13224521241470394,0.1673233546114902,0.1611798371120405,0.31108298481179836,-0.014946070878274268,1.0,0.5403169711644288,0.41437376183138896,-0.038980849658815764,-0.011668500990534889,0.28251595861765355,0.26142857142857145,-0.3622826326216157,-0.2596874312128549,-0.30523882896764254,-0.2893022232005283,0.18723090468853182,0.09795729694034779,0.021188641866607967,-0.19170812238608848,-0.1437244111820383,0.0638564825005503,-0.09900946511116003,0.06327977107638125,-0.010257539071098392,0.1337442218798151,0.24235747303543914,0.05449042482940788,-0.2142460928901607,-0.21002201188641867,-0.06171032357473035,-0.16478318291877614,-0.01890821043363416,-0.2724235086946951,-0.20683028835571207,-0.05871670702179177,0.07323574730354392,0.05672463130090249,0.26820823244552056,-0.0425511776359234,0.03859344045784724,0.16084745762711863,-0.15679506933744222,-0.046478098173013425,0.08849658815760511,0.1466982170372001,0.07869689632401497,-0.2565463350209113,-0.24238168611049968,-0.42076821483601146,-0.1740281752146159,-0.3172309046885318,0.05825665859564165,-0.03669821703720009,0.20098613251155625,0.2284371560642747,0.06605326876513318,-0.027321153422848337,-0.06581774158045345,0.013204930662557781,0.31479418886198546,0.35391151221659695,-0.17807395993836672,0.012234206471494606,0.12067356372441118,0.019559762271626677,-0.12441998679286814,-0.23676865507373981,-0.3097776799471715,-0.1690512876953555,-0.03148800352190183,0.06009465111160026,0.30951353731014747,0.07804974686330618,0.04804754567466432,0.28939687431212857,-0.1899471714725952,-0.1382214395773718,0.28011446180937705,0.1265331278890601,0.17170372000880477,0.24951353731014747,0.07123486682808716,-0.04579572969403478,-0.038969843715606425,0.037382786704820606,0.036471494607087825,-0.014864626898525204,-0.012780101254677526,0.09968082764692934,0.08009024873431653,0.259141536429672,0.2935130970724191,0.16903587937486242,0.3503675985031917,0.47689632401496806,0.07760510675764913,0.2953268765133172,0.4712920977327757,0.44120184899845916,0.26250055029716046,0.12102575390710985,0.08341624477217698,-0.14997798811358135,-0.08401937046004843
#54,0.07904468412942989,-0.06999559762271626,0.2830442438917015,0.16335901386748844,0.12443539511336121,0.5206977767994717,0.0952938586836892,0.10272066916134713,-0.0074246092890160684,0.3456988773937926,0.03376183138895003,0.5403169711644288,1.0,0.3005150781421968,0.016231565045124366,-0.0976139115122166,0.254142637023993,0.4542526964560863,-0.27195685670261943,-0.31745322474136034,-0.21058991855602024,-0.2311071978868589,0.42950253136693817,0.2296169931763152,0.07937926480299362,-0.20243451463790446,-0.16261281091789567,0.09970724191063174,0.34601584855822143,0.06706141316310808,0.3755183799251596,0.09824565265243232,0.31998899405679065,0.3161281091789566,0.027933083865287256,-0.009236187541272287,0.1039357252916575,-0.1404556460488664,0.15661677305745103,-0.13865067136253578,-0.17474136033458068,-0.08702179176755448,0.08781862205591019,0.04774378164208673,0.5203191723530707,0.013680387409200969,0.12250715386308607,0.22939687431212855,0.12997138454765572,0.15425709883337002,0.4525599823904909,0.197475236627779,0.28525643847677745,-0.2968280871670702,-0.21617433414043583,-0.4736099493726612,-0.36279330838652873,-0.36122826326216156,0.08085626238168611,0.06652872551177635,-0.022586396654193264,-0.08709663218137795,0.14260620735197008,-0.02436715826546335,0.10313889500330178,0.18708342504952674,0.3112590799031477,0.09051948051948051,-0.21760070438036538,0.004259300022011887,0.08322914373761832,-0.08594981289896544,-0.3203037640325776,-0.2924058991855602,-0.42998899405679064,-0.37741360334580676,-0.3878494386968963,-0.22700858463570328,0.421254677525864,0.2475478758529606,0.037406999779881135,0.34565925599823905,0.25081223860884877,0.1822672243011226,0.10915914593880696,0.0812722870349989,-0.01389390270746203,0.18880475456746643,-0.02381465991635483,0.08059652212194585,0.29657054809597183,0.2214241690512877,0.2812854941668501,-0.09445960818842175,0.07016508914814,0.19583094871230464,0.22676865507373983,0.32425930002201186,0.09613251155624036,0.26950473255558,0.2613647369579573,0.48440017609509134,0.3364714946070878,0.4340281752146159,0.3314615892581994,0.3444904248294079,0.33868589038080565,-0.008771736737838433,0.02837772397094431,-0.04037640325775919,0.06593440457847237
#58,0.12602905569007264,-0.10478758529605987,0.08643627558881796,0.04104556460488664,0.2726986572749285,0.1408826766453885,0.022548976447281533,0.2123860884877834,0.09403697996918337,0.11752366277790006,0.032276029055690075,0.41437376183138896,0.3005150781421968,1.0,0.06432973805855162,-0.14157605106757648,0.1738168611049967,0.20266343825665858,-0.12670261941448382,0.040250935505172794,-0.27231785163988553,-0.28659255998239047,-0.03359454105216817,-0.11645388509795289,-0.17226282192383888,-0.14580893682588597,-0.3631168831168831,-0.1560708782742681,0.15939907550077043,0.2872595201408761,0.21203389830508473,0.11896103896103896,0.043048646268985254,0.1121813779440898,0.033339203169711645,0.01672243011226062,0.007706361435174994,0.03542372881355932,0.023962139555359894,-0.06465111160026414,-0.04350869469513537,0.1551749944970284,0.0025005502971604666,0.2033017829627999,0.102491745542593,-0.11186000440237728,-0.09567906669601585,-0.16755007704160246,-0.17622055910191503,-0.28298261060972923,0.14348228043143296,-0.028212634822804315,-0.047087827426810475,-0.3453004622496148,-0.27630640545894786,-0.29343605546995377,-0.1325709883337002,-0.07935725291657494,-0.042733876293198324,-0.03924058991855602,0.14599823904908651,0.09786924939467312,0.3715562403697997,0.03042042703059652,-0.16152322254017168,-0.22957296940347788,0.6392185780321373,0.18697996918335902,0.17620074840413824,0.42154523442659037,0.09022232005282853,0.17578472375082543,0.07675324675324675,0.13990755007704161,0.03235527184679727,0.04556240369799692,0.11162887959498129,-0.017730574510235526,0.20091129209773279,0.07105657054809597,-0.004646709222980409,0.23576051067576492,-0.14590578912612812,0.21429011666299802,0.4159278010125468,0.21616112700858464,0.11594761171032357,-0.07328857583094871,0.08606647589698437,0.11579352850539291,0.07554039181157825,0.12041602465331279,0.03349768875192604,-0.011793968743121285,0.05591239269205371,0.10089368258859785,-0.17572309046885318,0.08126348228043143,-0.028162007484041383,0.1511600264142637,-0.019112920977327755,0.2846335020911292,0.30612590799031475,0.2271648690292758,0.2872154963680387,0.04200968523002421,0.11449922958397535,0.15726172132951793,0.11568126788465771,-0.08403257759189962,-0.10562183579132732
#101,-0.46692934184459606,-0.05496588157605107,-0.23237508254457406,-0.25037860444640103,-0.05283953334800792,-0.19340523882896765,-0.10978428351309708,-0.46579572969403477,-0.06032137354171253,-0.2742923178516399,-0.23388509795289456,-0.038980849658815764,0.016231565045124366,0.06432973805855162,1.0,0.29573629760070436,-0.05186880915694475,-0.1227426810477658,0.4276667400396214,0.19499449702839533,0.5177283733215937,0.10900286154523443,0.1127492846136914,-0.024138234646709222,0.02697776799471715,0.08785384107418005,0.016808276469293417,-0.32128769535549195,-0.14240369799691835,-0.1841206251375743,-0.05784943869689632,-0.18147259520140877,-0.25498789346246975,-0.06942328857583095,-0.010948712304644509,-0.14052828527404798,0.16381465991635483,0.17549416685009905,0.11887079022672244,-0.04082104336341624,0.1905216817081224,0.005555800132071319,0.06159586176535329,-0.07659255998239049,0.020761611270085845,-0.20479639005062733,-0.28721329517939687,-0.39032137354171254,-0.045571208452564384,-0.24570548095971825,-0.22573849878934624,-0.301089588377724,-0.30066475896984374,-0.1471648690292758,0.19188861985472155,-0.04546995377503852,0.1737376183138895,-0.11156504512436716,-0.2997952894563064,-0.19067576491305305,-0.20486682808716708,-0.2997556680607528,0.15694475016508916,0.13257539071098393,-0.06265903587937487,0.024741360334580673,0.2657451023552718,0.2647545674664319,0.4145344486022452,0.18946951353731015,-0.0038388729914153644,0.08536209553158705,0.09572309046885318,-0.17062733876293198,0.14236187541272288,-0.20112920977327756,0.1200792427911072,-0.19515298261060973,0.4767576491305305,0.10348448162007484,-0.2522540171692714,-0.11883777239709443,-0.3810807836231565,0.027030596522121947,-0.15982830728593442,-0.061448382126348226,-0.2480827646929342,-0.21892141756548536,-0.026467092229804094,-0.10639665419326436,-0.15363416244772177,-0.35944970283953337,-0.2054061193044244,-0.29537090028615454,-0.3526480299361655,-0.007506053268765133,-0.012905569007263923,-0.462161567246313,-0.317673343605547,-0.1198217037200088,-0.23265903587937486,-0.20823024433193923,0.08185119964780982,-0.018225841954655514,-0.15234866828087168,-0.23130090248734317,-0.2804534448602245,-0.14310147479639004,-0.3259630200308166,-0.18489544353951134,-0.13657715166189743
#102,-0.2273827867048206,-0.10329738058551619,-0.18552278230244332,-0.010372000880475457,-0.22237728373321594,0.04586176535329078,-0.07379484921857803,-0.26551397754787587,-0.3856086286594761,-0.33190843055249836,-0.2059322033898305,-0.011668500990534889,-0.0976139115122166,-0.14157605106757648,0.29573629760070436,1.0,-0.30437596302003084,-0.26337882456526523,0.38353731014747966,0.616007043803654,0.18158485582214395,0.6036033458067357,-0.11140655954215277,0.15683028835571208,-0.14022672243011225,0.47082764692934187,0.0962755888179617,-0.024780981730134273,-0.14212414703940127,0.08592119744662118,-0.1577327756988774,-0.09830068236847898,-0.061263482280431436,-0.0777261721329518,-0.11815100154083205,-0.04072419106317411,0.018756328417345366,0.41085846357032796,-0.025430332379484923,0.12396654193264363,0.09288575830948713,0.12322033898305085,0.13973365617433414,0.2434734756768655,-0.1135064935064935,0.15535108958837773,0.072788906009245,-0.12763812458727714,0.10159806295399516,-0.034481620074840416,-0.2888399735857363,-0.23058771736737838,-0.2876601364736958,-0.048912612810917896,-0.17301122606207353,0.3787607307946291,-0.13368258859784282,0.35380585516178736,-0.19635703279771077,-0.08792207792207792,-0.41975346687211096,-0.27169051287695356,0.11254897644728153,0.44051948051948053,0.02291217257318952,0.02548976447281532,-0.0027492846136913936,0.2948756328417345,-0.05305965221219459,0.12398635263042043,-0.2797600704380365,-0.17850979528945632,0.053590138674884435,-0.1364935064935065,0.03447501650891482,-0.13362095531587057,0.03789346246973366,-0.17157605106757648,0.08600264142637024,0.0975016508914814,-0.08314549856922739,-0.006007043803653973,-0.20027734976887518,-0.2403103675985032,-0.2350957517059212,-0.49486022452124145,-0.26265903587937484,0.1276007043803654,0.13510455646048866,-0.0410741800572309,-0.1755183799251596,-0.20375963020030816,-0.13042042703059653,-0.21918115782522563,-0.19620515078142198,-0.27169711644287914,-0.0150429231785164,-0.22380805635042922,-0.022430112260620735,-0.23079903147699757,-0.11857583094871231,-0.18549856922738278,-0.2388333700198107,-0.22176315210213515,-0.07611049966982171,-0.09707902267224301,-0.1933612150561303,-0.3108254457407,-0.20680167290336782,-0.33751705921197445,-0.35080563504292317
#201,0.40537530266343824,0.32223200528285273,0.6190688972044904,0.5510279550957518,0.2146797270526084,0.2978318291877614,0.32414483821263484,0.24107858243451463,0.1845938806955756,0.4997006383447061,0.08209773277569887,0.28251595861765355,0.254142637023993,0.1738168611049967,-0.05186880915694475,-0.30437596302003084,1.0,0.6488113581333921,-0.051584855822143956,-0.39411842394893243,-0.304488223640766,-0.5056174334140436,0.2728065155183799,-0.03142857142857143,0.47174334140435836,0.033046445080343385,-0.08102795509575171,0.014142637023992956,0.09020030816640986,-0.0009244992295839754,0.2975016508914814,-0.016110499669821705,0.37595641646489103,0.19293198327096633,-0.09773497688751925,0.012212194585075942,0.052106537530266346,-0.014677525863966543,0.08555580013207131,0.008848778340303764,-0.012410301562843935,0.07938146599163548,-0.0975214615892582,-0.14644948272066916,0.09704380365397315,-0.08540611930442439,0.017263922518159808,0.1584503631961259,-0.0639621395553599,-0.04248294078802553,0.396172132951794,0.1412854941668501,0.285049526744442,-0.15014087607307947,0.004703940127668942,-0.1571846797270526,-0.2588069557561083,-0.5600946511116003,-0.013352410301562844,-0.013704600484261502,0.04281532027294739,-0.06254017169271407,-0.11587277129650012,-0.18862645828747523,0.23424609289016068,0.19451904028175215,0.07112480739599383,0.1307395993836672,0.16888839973585737,-0.02761831388950033,0.3152212194585076,0.2999141536429672,-0.35121505613031034,-0.34449702839533347,-0.4631719128329298,-0.26606867708562626,-0.23814659916354833,-0.13255998239049085,0.23601584855822144,0.178333700198107,-0.13363636363636364,0.037470834250495265,-0.10242350869469513,0.006194144838212635,0.1461171032357473,0.28778120184899847,0.06871890821043364,-0.04883116883116883,0.07038080563504293,-0.17411622276029057,0.13990755007704161,0.08745322474136033,-0.050198106977768,0.13587497248514196,0.09184899845916795,0.62966982170372,0.2950429231785164,0.45823024433193926,0.3423574730354391,0.4725137574290117,0.22883557120845258,0.4534932863746423,0.4288267664538851,0.34341184239489325,0.4030266343825666,0.29078142196786266,0.29614791987673345,0.002584195465551398,-0.2124455205811138,-0.1047919876733436,-0.1316552938586837
