,#10,#11,#12,#13,#17,#18,#26,#49,#50,#51,#52,#53,#54,#58,#101,#102,#201,#202,#301,#302,#401,#402,#501,#502,#601,#602,#701,#702,#801,#802,#901,#902,#1001,#1002,#1101,#1102,#1201,#1202,#1301,#1302,#1401,#1402,#1501,#1502,#1601,#1602,#1701,#1702,#1801,#1802,#1901,#1902,#2001,#2002,#2101,#2102,#2201,#2202,#2301,#2302,#2401,#2402,#2501,#2502,#2601,#2602,#2701,#2702,#2801,#2802,#2901,#2902,#3001,#3002,#3101,#3102,#3201,#3202,#3301,#3302,#3401,#3402,#3455,#3501,#3502,#3601,#3602,#3701,#3702,#3801,#3802,#3901,#3902,#4001,#4002,#4101,#4102,#4201,#4202,#4301,#4302,#4401,#4402,#4501,#4502,#4601,#4602,#4701,#4702,#4801,#4802
#10,1.0,0.3093682588597843,0.4157010785824345,0.5559498128989654,0.10152762491745543,0.07233766233766234,0.0837112040501871,0.36652212194585077,0.15670482060312568,0.3395135373101475,0.3919832709663218,-0.05312128549416685,-0.26966101694915257,-0.11863306185340083,0.004596081884217477,-0.11777679947171472,0.22923398635263043,0.1629275808936826,-0.02362755888179617,0.05688531807175875,0.0637046004842615,-0.07574510235527185,0.033563724411182036,0.0829672022892362,-0.11445740699977988,0.0036055469953775038,0.10039401276689412,0.08284833810257539,-0.16501871010345587,0.10016949152542373,-0.21782742681047765,0.021256878714505833,-0.06201188641866608,0.07399955976227163,-0.06715826546335021,0.07563064054589479,-0.16704160246533128,0.13333920316971165,-0.09319172353070658,-0.012077922077922078,0.0674290116662998,0.10681488003521902,0.04811138014527845,0.169933964340744,-0.05358353510895884,0.02157164869029276,0.17677085626238168,0.15472375082544573,0.08815540391811579,-0.052656834690733,0.030380805635042925,-0.0030750605326876515,0.11950693374422187,0.04682588597842835,-0.11465991635483161,-0.15202069117323355,-0.07134932863746422,-0.12623156504512437,-0.16255998239049085,-0.0826700418225842,-0.16534888839973585,-0.14095311468192825,-0.01931983270966322,-0.026993176315210213,0.1723002421307506,0.314142637023993,-0.05651551837992516,-0.06711204050187101,-0.03673563724411182,0.087607307946291,0.08579572969403478,0.16171472595201408,-0.2981510015408321,-0.030438036539731456,-0.06460048426150121,-0.0325115562403698,-0.09401496808276469,-0.02725511776359234,-0.13176535329077702,-0.06566145718688092,-0.013255558001320713,-0.10957737178076161,0.015967422408100375,-0.06104996698217037,0.08723530706581555,0.011311908430552499,-0.040807836231565045,0.024408980849658816,-0.09329297820823244,-0.05096852300242131,0.1049636803874092,-0.003515298261060973,0.10848778340303764,-0.04494827206691614,-0.10641866607968303,0.012069117323354611,0.046328417345366496,0.15099053488883998,0.17360334580673564,0.18318732115342284,0.10875192604006163,-0.055791327316751044,0.07035659255998239,0.12097952894563065,0.028567026194144838,0.02846797270526084,0.047246313009024876,-0.20309267004182258,0.009870129870129871,-0.2910213515298261,-0.26724191063174113
#11,0.3093682588597843,1.0,0.14471714725952015,0.010180497468633061,0.10724851419766673,-0.16302223200528285,0.06180277349768875,-0.027765793528505393,0.1085626238168611,0.08933303984151442,0.008815760510675764,-0.14396654193264363,-0.08973585736297601,-0.09238828967642528,-0.0790710983931323,0.2589302223200528,-0.038366718027734975,0.047241910631741144,0.034477217697556684,0.21723090468853182,0.0077525863966541935,0.2526018049746863,-0.11081443979749064,0.06201408760730795,0.09791767554479419,0.24677085626238168,-0.03202069117323355,0.12679066696015848,-0.09529165749504732,0.07552498349108519,-0.0912854941668501,-0.25635923398635263,-0.0673035439137134,0.007510455646048866,-0.03776139115122166,-0.11289236187541273,-0.12472375082544573,-0.011443979749064494,0.29546995377503854,0.2043825665859564,0.28828087167070215,0.07087167070217917,-0.019447501650891482,-0.03540611930442439,-0.07824345146379044,0.11400836451683909,0.09613471274488224,0.0836847897864847,-0.18202949592780102,-0.13453004622496148,-0.08496808276469293,-0.0674554259300022,-0.00663218137794409,0.0741074180057231,-0.030444640105657055,0.10529826106097293,-0.1463548316090689,0.0021857803213735415,-0.24212414703940127,0.02261501210653753,-0.2475478758529606,-0.13882236407660137,0.00537970504072199,0.062557781201849,-0.007823024433193925,0.278102575390711,-0.04287915474356152,0.01160246533127889,0.022482940788025534,0.03877834030376403,-0.07206911732335461,0.13310147479639006,-0.09178956636583756,0.008219238388729915,-0.016462689852520362,-0.05152322254017169,-0.000988333700198107,-0.11292317851639885,-0.09773717807616113,0.05198547215496368,-0.03976447281532027,0.12369359454105217,-0.02198547215496368,-0.07957076821483601,-0.1812788906009245,-0.2027162667840634,-0.14381906229363856,0.16239709443099273,0.14145498569227383,-0.016189742460928903,0.032623816861105,-0.2385890380805635,-0.05250055029716047,0.013119084305524983,-0.1386946951353731,-0.04790006603565926,0.19599603786044464,0.006971164428791548,0.17125027514858024,-0.008600044023772837,-0.12004182258419546,-0.06785163988553819,-0.11081003742020691,-0.05843495487563284,-0.0362359674224081,0.0033325996037860445,0.0007968302883557121,-0.2440083645168391,-0.08683689192163768,-0.10370900286154523,-0.13920757208892803
#12,0.4157010785824345,0.14471714725952015,1.0,0.37705921197446624,0.0835857362976007,0.07302443319392472,0.3032775698877394,0.2235263042042703,0.24664098613251156,0.39256218357913275,0.20473915914593882,0.08392692053709003,0.08363416244772177,0.12658155403918117,-0.2709971384547656,0.009414483821263482,0.7187211093990755,0.7315540391811578,-0.5929319832709663,-0.24172573189522342,-0.2301848998459168,-0.23164869029275809,0.19163108078362315,0.19765133171912833,-0.05310807836231565,-0.1310543693594541,0.04465551397754788,0.04550957517059212,-0.45529826106097293,-0.30576491305304865,0.16505833149900948,-0.12207351970063834,0.42370239929561965,-0.02081884217477438,-0.2638762931983271,-0.18242130750605326,-0.3434998899405679,-0.2806713625357693,-0.4277327756988774,-0.2997424609289016,0.16298261060972927,-0.17742681047765793,-0.4455558001320713,-0.29973585736297603,-0.34240369799691833,-0.3657054809597182,0.2943363416244772,0.2787211093990755,0.19432093330398414,0.16278010125467754,0.2562139555359894,0.3367378384327537,0.28950913493286373,0.47291877613911515,-0.2404424389170152,0.287805414924059,-0.2493792648029936,-0.42890160686770856,0.046092890160686774,0.04568787145058331,-0.06936605767114241,-0.09783623156504512,-0.4946026854501431,-0.38391371340523883,0.2576315210213515,0.27401716927140657,-0.07302003081664099,0.0762161567246313,-0.1896302003081664,-0.29568787145058334,0.4741404358353511,0.11241030156284394,-0.10879154743561523,0.4691217257318952,-0.11544353951133612,0.0823002421307506,0.20403697996918335,0.41600044023772836,0.1808122386088488,-0.2238895003301783,-0.33649130530486465,-0.10701518820162888,-0.26305084745762713,-0.05302883557120845,-0.022667840633942327,0.19045124367158264,0.08287034998899406,0.05532687651331719,0.15587497248514198,-0.08382126348228043,-0.1904930662557781,0.17118423948932424,-0.01185560202509355,0.26473695795729696,0.08663438256658595,0.4247897864847017,-0.018382126348228042,0.7124081003742021,0.4963020030816641,0.23459167950693374,0.4293022232005283,0.6333193924719348,0.38005502971604666,0.5989236187541273,0.30129650011005943,0.324158045344486,0.3935747303543914,0.019548756328417346,0.06298261060972925,0.026304204270305966,0.015318071758749725
#13,0.5559498128989654,0.010180497468633061,0.37705921197446624,1.0,0.06045344486022452,0.2758683689192164,0.0764076601364737,-0.016933744221879814,-0.12509355051727933,0.40661457186880917,0.1649570768214836,-0.17540832049306626,0.0032423508694695135,-0.03667620515078142,-0.262029495927801,-0.02885097952894563,0.38535549196566143,0.13001760950913493,-0.19726612370680166,-0.054928461369139335,-0.22227162667840633,-0.06747743781642086,-0.06017389390270746,0.167112040501871,-0.1811336121505613,-0.02282412502751486,0.1461171032357473,0.26239049086506716,0.07259960378604446,-0.015445740699977988,0.08255558001320713,0.22060532687651332,-0.0023640766013647368,0.13183359013867488,0.10580673563724412,0.15876513317191282,-0.1538432753686991,-0.0014109619194364958,-0.05519480519480519,0.07724851419766673,0.023642967202289235,0.07069997798811359,-0.05040501871010346,0.008899405679066696,-0.08591679506933744,0.02713845476557341,0.23240369799691835,0.24921857803213734,0.19890821043363416,0.2817191283292978,0.24447941888619854,0.2291239269205371,0.23109178956636584,0.20286374642306845,-0.19941448382126348,-0.02695795729694035,-0.04525643847677746,0.04727272727272727,0.14246753246753247,0.1516817081223861,-0.2615496368038741,-0.2822011886418666,-0.14451463790446842,-0.12410741800572309,0.15479418886198548,0.17781421967862646,-0.07082544574069997,-0.15057010785824346,-0.18771516618974246,-0.10926920537090029,-0.021098393132291438,-0.11449042482940788,-0.26364736957957297,-0.13712524763372222,-0.1330596522121946,-0.10154523442659036,-0.13035219018269867,0.09930442438917016,-0.0987277129650011,-0.09189302223200528,0.09600924499229584,-0.05667620515078142,0.13860444640105657,-0.1781796169931763,-0.12182478538410742,-0.06811578252256219,-0.09308606647589698,-0.008393132291437377,-0.008256658595641647,-0.25416905128769535,0.0037508254457407,0.06450363196125908,0.09716266784063395,-0.05759189962579793,0.04534228483381026,0.13966101694915253,0.04635263042042703,0.289126128109179,0.23622055910191503,0.23111600264142637,0.17569227382786703,0.044105216817081225,0.188168611049967,0.1433215936605767,0.09243451463790447,0.10262601804974686,0.0638432753686991,-0.2598305084745763,-0.18645388509795288,-0.2779484921857803,-0.09460708782742681
#17,0.10152762491745543,0.10724851419766673,0.0835857362976007,0.06045344486022452,1.0,0.14532467532467533,0.05691393352410302,0.07178956636583755,0.01055910191503412,0.062300242130750604,0.002784503631961259,0.4737970504072199,0.13469073299581774,0.22623816861104998,-0.09555580013207132,-0.009720449042482942,-0.03729914153642967,-0.032623816861105,0.14774378164208674,0.11600484261501211,-0.059771076381245875,-0.06882456526524323,-0.07469073299581774,-0.1770063834470614,0.2545014307726172,-0.011208452564384767,-0.4012458727712965,-0.3845036319612591,0.041664098613251155,0.3865309267004182,-0.29508694695135373,0.007123046445080343,-0.2135263042042703,0.17742681047765793,0.2396390050627339,0.09574290116662998,0.10554919656614573,0.24186220559101915,-0.01436055469953775,0.01847457627118644,0.2160774818401937,0.44475016508914816,0.15641646489104116,0.04316530926700418,0.012366277790006604,-0.05306405458947832,-0.227706361435175,-0.19720889280211315,-0.14432973805855162,-0.3168963240149681,-0.2373563724411182,-0.32025974025974024,-0.3054061193044244,-0.3613493286374642,0.03898745322474136,-0.15507153863086068,-0.02489984591679507,-0.025212414703940127,-0.03655954215276249,-0.23225181598062955,0.11967202289236188,0.06333700198106977,0.3359784283513097,0.2834536649790887,-0.32169051287695355,-0.1111468192824125,-0.03452344265903588,-0.07063614351749944,0.22092670041822585,0.2077790006603566,0.011613471274488224,0.047587497248514195,-0.05429451904028175,-0.05506713625357693,0.2169359454105217,0.08159586176535329,0.015863966541932645,-0.02572309046885318,-0.05220779220779221,0.08482280431432974,-0.1121351529826106,0.13005502971604666,-0.1285163988553819,0.04394673123486683,0.36767114241690513,0.26996257979308824,0.18085186000440237,0.2159388069557561,0.11076601364736958,0.13906669601584856,0.27889060092449924,0.1002707462029496,0.11535549196566146,0.18657715166189742,0.09535769315430333,-0.12339203169711645,0.1643319392471935,-0.13170372000880476,-0.13037420206911732,-0.13871230464450804,-0.2345366497908871,-0.05217477437816421,0.07217257318952235,-0.0612987012987013,-0.18753907109839313,-0.09205811138014527,-0.2008892802113141,-0.06092449922958398,-0.06585956416464891,0.08177415804534449,0.005808936825885978
#18,0.07233766233766234,-0.16302223200528285,0.07302443319392472,0.2758683689192164,0.14532467532467533,1.0,0.2118335901386749,0.12767774598283071,-0.1599537750385208,-0.02540611930442439,-0.013863086066475896,0.20705040721989876,0.4901276689412283,0.30087827426810476,-0.23749944970283954,-0.10334360554699537,0.14188861985472154,0.10433854281311908,-0.21062953995157385,-0.12038520801232666,-0.06596522121945851,-0.19705040721989875,-0.1477525863966542,-0.07622716266784063,-0.1369601584855822,-0.1550891481399956,-0.10690953114681928,-0.08186660796830289,0.5050209112920977,0.23946070878274267,0.2709112920977328,0.3488531807175875,0.13193484481620074,0.25611270085846355,0.2998657274928461,0.32176315210213513,0.08047765793528505,0.032564384767774596,0.055364296720228925,-0.2452872551177636,-0.2155183799251596,0.023625357693154304,-0.06906889720449043,0.2282588597842835,-0.17043363416244772,-0.14163108078362316,0.014948272066916134,0.0037882456526524325,0.12346026854501431,0.19273827867048207,0.07047545674664318,0.11820823244552058,0.14475456746643187,-0.027966101694915254,0.18807175874972484,-0.12712304644508035,-0.19527404798591239,-0.1425313669381466,0.15320272947391592,0.13384547655734097,-0.17731895223420646,-0.028641866607968303,-0.06294298921417565,0.023772837332159368,-0.2102179176755448,-0.04522121945850759,0.0849306625577812,-0.015564604886638784,-0.01271846797270526,-0.08801012546775258,0.2540083645168391,0.14374202069117323,-0.002813119084305525,-0.0628945630640546,0.006949152542372881,0.04538630860664759,-0.13489324235086947,0.022471934844816202,0.1516420867268325,-0.0599075500770416,0.4017543473475677,0.2667840633942329,0.34022232005282854,0.16207351970063835,0.20318952234206472,-0.10949152542372881,-0.13229583975346687,0.26950253136693814,0.08117103235747304,0.05804094210873872,0.2511798371120405,-0.10059652212194585,0.050942108738718905,-0.1884173453664979,-0.011190843055249835,0.22815760510675764,-0.10638784943869689,0.07863086066475897,-0.04261281091789566,0.09619194364957077,0.26510675764913055,0.060191503411842394,0.0937838432753687,-0.1737838432753687,0.11771076381245872,0.046753246753246755,0.03312348668280872,0.07658155403918115,0.12682808716707022,-0.12374862425709883,0.040061633281972264
#26,0.0837112040501871,0.06180277349768875,0.3032775698877394,0.0764076601364737,0.05691393352410302,0.2118335901386749,1.0,0.11058771736737838,0.09585296059872331,0.2120889280211314,0.014831609068897205,-0.02672243011226062,0.052876953554919656,0.3184877834030376,-0.11745762711864406,0.13806515518379925,0.1808364516839093,0.1980079242791107,-0.14518379925159586,0.03490644948272067,0.028866387849438697,-0.015978428351309706,-0.06573409641206251,0.05825225621835791,-0.12821043363416246,-0.038245652652432315,-0.14443979749064495,-0.12046004842615012,-0.08309046885318072,-0.1987079022672243,0.19705921197446621,-0.23519920757208893,-0.00965001100594321,0.023411842394893242,-0.11119744662117544,-0.04070658155403918,-0.2634338542813119,-0.07337662337662337,-0.23194585075941007,-0.19281091789566365,-0.012597402597402597,0.03824345146379045,-0.05281091789566366,0.04784283513097073,-0.20040721989874533,-0.11802993616552938,-0.10898305084745763,-0.013629760070438037,-0.02464450803433854,0.007466431873211534,0.026883116883116884,0.02913713405238829,0.09154743561523222,0.036121505613031034,-0.0887012987012987,0.10944970283953334,-0.08700418225841955,0.0399603786044464,-0.030629539951573848,-0.04602685450143077,0.011276689412282633,0.03311248073959938,-0.17493506493506494,-0.032806515518379924,-0.0725445740699978,0.14675985031917235,0.25572749284613694,0.23029936165529385,0.07152542372881356,-0.012639225181598063,0.3832137354171252,0.07413603345806735,0.23236407660136474,0.15006383447061414,0.1770988333700198,0.03198106977767995,0.1428923618754127,0.08155844155844155,0.15340964120625136,0.08737398195025314,0.07871230464450804,-0.15682588597842836,0.0004688531807175875,-0.02647809817301343,0.13670261941448383,0.04217257318952234,-0.04922518159806295,0.04267224301122606,0.20557561082984813,-0.03526304204270306,-0.3940061633281972,-0.04576711424169051,-0.1784591679506934,0.043933524103015625,0.06930442438917016,0.30558661677305743,-0.14327756988773938,0.12244111820383007,0.0026304204270305967,0.06222760290556901,0.0811864406779661,0.13982610609729254,-0.13972044904248293,-0.08145938806955756,0.044219678626458286,-0.05169051287695355,0.022240810037420206,0.06348448162007483,0.12843935725291658,-0.051250275148580236,0.019315430332379487
#49,0.36652212194585077,-0.027765793528505393,0.2235263042042703,-0.016933744221879814,0.07178956636583755,0.12767774598283071,0.11058771736737838,1.0,0.39968743121285494,0.08786924939467312,0.3273827867048206,0.15340523882896764,0.10276689412282633,0.06589698437156065,0.10499229583975346,-0.19304204270305966,0.2882302443319392,0.18599603786044464,0.046960158485582215,-0.1571516618974246,0.14136913933524103,-0.25385208012326654,0.2023332599603786,-0.08863526304204271,0.15028835571208451,-0.023009024873431653,0.08963460268545015,-0.2415628439357253,-0.006596962359674224,0.01724191063174114,-0.10391811578252257,-0.09584635703279772,0.011573849878934625,-0.010627338762931983,-0.0007307946290997138,0.062403697996918334,0.08244331939247193,0.08462249614791988,0.029159145938806957,-0.1462095531587057,-0.011895223420647149,-0.06871670702179176,-0.0551221659696236,0.22881135813339204,0.07724631300902488,0.0064208672683248955,-0.08592559982390491,-0.025025313669381467,-0.14329738058551617,-0.1704754567466432,-0.08885538190622937,-0.14925379705040723,0.0003609949372661237,-0.15456306405458947,0.20876953554919656,0.0200066035659256,-0.03950693374422188,-0.19783403037640326,-0.2599471714725952,-0.24502531366938146,-0.09160246533127889,0.010250935505172793,-0.036240369799691835,-0.16672683248954434,-0.1515892581994277,-0.08584855822143958,-0.030171692714065595,-0.06798151001540832,0.12573189522342065,0.03291217257318952,0.3245036319612591,0.22611930442438918,0.2911027955095752,0.2710301562843936,0.02868368919216377,0.1485428131190843,0.2280409421087387,0.142392692053709,0.11445080343385428,0.08816200748404138,-0.0628021131410962,0.16763812458727714,-0.00968302883557121,0.11254677525863967,0.28706361435174993,0.055141976667400394,-0.09719348448162007,0.06285934404578472,0.1575808936825886,0.12084305524983491,0.09090028615452345,-0.15745982830728594,-0.12650451243671582,-0.06582434514637904,-0.1982324455205811,0.2043517499449703,-0.1586220559101915,0.023838872991415364,-0.07657274928461369,0.1234998899405679,0.09936165529385868,0.08948492185780321,-0.044932863746423066,0.06973365617433414,-0.03779440898084966,-0.005443539511336122,0.02927801012546775,0.05214395773717807,0.18263922518159806,-0.16047765793528507,-0.20424169051287697
#50,0.15670482060312568,0.1085626238168611,0.24664098613251156,-0.12509355051727933,0.01055910191503412,-0.1599537750385208,0.09585296059872331,0.39968743121285494,1.0,0.24952454325335682,0.34358793748624256,0.20098613251155625,-0.038969843715606425,-0.043709002861545235,0.1761963460268545,-0.10258199427690953,0.23539071098393133,0.2336583755227823,-0.04950253136693815,-0.1837706361435175,0.19685009905348888,-0.30105877173673784,0.14863746423068458,-0.012152762491745543,0.18060972925379706,-0.04832489544353951,0.07854501430772617,-0.12377283733215937,-0.18699097512656834,-0.14937046004842616,-0.18942989214175654,-0.1330574510235527,-0.06454325335681269,-0.0716024653312789,-0.21140876073079462,-0.22961479198767334,0.023116883116883116,-0.03283733215936606,-0.09554039181157825,-0.13688091569447502,0.03781862205591019,-0.05917015188201629,-0.049211974466211755,0.009991195245432533,-0.03381906229363856,-0.0813845476557341,0.010666960158485582,-0.023995157384987892,-0.10606427470834251,-0.17173233546114902,-0.043812458727712965,-0.15558221439577372,-0.010882676645388509,-0.1779308826766454,0.1273959938366718,-0.04713185119964781,-0.06281311908430552,-0.2224653312788906,-0.23973145498569226,-0.17721109399075502,0.0826436275588818,0.017349768875192604,-0.1761237068016729,-0.19820162887959497,0.09311908430552499,0.013709002861545234,-0.26596081884217476,-0.14303543913713404,0.09089148139995598,-0.002632621615672463,0.1828483381025754,0.16063394232885758,0.2595795729694035,0.029995597622716266,-0.11761171032357473,-0.12641646489104116,0.19372441118203831,0.019240589918556022,0.2762095531587057,-0.05955976227162668,-0.1453973145498569,-0.0934800792427911,0.011041162227602905,0.1886286594761171,0.06709002861545234,0.12301122606207351,0.04172573189522342,-0.19351089588377723,0.2125511776359234,0.04579793088267665,-0.14002201188641866,-0.05664318732115342,-0.2691305304864627,0.037635923398635265,0.03194805194805195,0.18132731675104558,-0.07806515518379925,0.13626018049746863,0.04965221219458508,-0.12301782962799912,-0.13103455866167732,0.13498569227382787,0.07354171252476337,0.15648470173893902,-0.13653092670041822,-0.1263812458727713,-0.05139335241030156,-0.00637904468412943,-0.005778120184899846,0.038366718027734975,-0.09359013867488444
#51,0.3395135373101475,0.08933303984151442,0.39256218357913275,0.40661457186880917,0.062300242130750604,-0.02540611930442439,0.2120889280211314,0.08786924939467312,0.24952454325335682,1.0,0.45209333039841515,0.06745322474136034,0.007686550737398195,0.09306405458947832,-0.1060576711424169,0.20294959278010125,0.5558859784283513,0.380858463570328,-0.20013647369579574,-0.007440017609509135,-0.06947171472595201,0.03684129429892142,0.1526634382566586,0.30932863746423067,0.05103896103896104,0.05567026194144838,0.029185560202509356,0.07161127008584636,-0.2515738498789346,-0.1222804314329738,0.01841734536649791,0.023092670041822583,0.1401716927140656,0.14753907109839312,-0.1397754787585296,-0.12601804974686331,-0.0783447061413163,-0.0401386748844376,-0.03362315650451244,0.051670702179176756,0.09839313229143738,-0.04795509575170592,-0.36183138895003303,-0.004547655734096412,-0.18404138234646708,-0.03587277129650011,0.044921857803213734,-0.06614131631080783,-0.09376623376623376,-0.05116442879154744,0.1620647149460709,0.15851419766674005,0.24726832489544354,0.22308386528725513,0.09108958837772398,0.25784063394232887,-0.23976667400396215,-0.027913273167510456,-0.18373541712524763,0.015610829848117984,-0.2274290116662998,-0.2421351529826106,-0.3260378604446401,-0.09916574950473256,-0.03505392912172573,0.17051067576491305,-0.05932423508694695,-0.06806735637244112,-0.008545014307726173,0.000865067136253577,0.11230904688531808,-0.018243451463790448,-0.015960818842174776,0.2518776139115122,-0.04736737838432754,0.043352410301562845,0.21692053709002862,0.30857142857142855,0.2082742681047766,-0.031171032357473035,-0.14813779440898084,-0.23901606867708564,-0.16075280651551838,-0.1183645168390931,-0.03196346026854501,-0.0809421087387189,-0.1272507153863086,-0.09445300462249615,0.2583799251595862,-0.052623816861105,-0.15290997138454765,-0.040026414263702396,0.0008430552498349109,-0.11161567246313009,0.15318071758749724,0.4284965881576051,0.11153863086066476,0.35064054589478316,0.18595421527624917,0.13321813779440897,0.05001540832049307,0.3503235747303544,0.34676645388509797,0.21670482060312568,-0.05145498569227383,0.09265243231344926,0.045828747523662776,-0.16505172793308387,-0.1802443319392472,-0.25924058991855603,-0.15899625797930883
#52,0.3919832709663218,0.008815760510675764,0.20473915914593882,0.1649570768214836,0.002784503631961259,-0.013863086066475896,0.014831609068897205,0.3273827867048206,0.34358793748624256,0.45209333039841515,1.0,0.21336121505613032,-0.13963020030816642,0.11331058771736738,0.15920096852300242,0.06559322033898306,0.20033458067356372,0.23134712744882235,0.0023266563944530044,0.12604226282192385,0.21200308166409862,-0.03791107197886859,0.1797226502311248,0.053376623376623376,0.04017389390270746,-0.0852740479859124,-0.038762931983270965,-0.23457627118644067,-0.033013427250715384,0.07638784943869689,-0.24204050187101034,0.08527845036319613,-0.03216156724631301,0.09287695355491965,0.11540391811578252,0.09559101915034118,0.06022232005282853,0.12128109178956636,-0.06037200088047546,-0.0449108518600044,0.08835351089588378,0.15917235307065816,-0.18118203830068236,0.12666740039621396,-0.1212788906009245,0.002773497688751926,-0.2041932643627559,-0.17731454985692274,-0.0014902047105436935,-0.09972705260840854,0.08010785824345146,-0.13368699097512657,0.19200748404138235,-0.03458287475236628,0.1976337222099934,0.08787805414924059,-0.15207351970063834,-0.01238168611049967,-0.22735417125247634,-0.15216596962359674,-0.09931543033237948,-0.057462029495927804,-0.22020030816640987,-0.08554259300022012,-0.005298261060972926,0.1061435174994497,-0.19993616552938587,-0.19430332379484921,0.161699317631521,0.177607307946291,0.22332819722650232,0.1309222980409421,-0.029997798811358133,0.12442659035879375,0.029911952454325336,0.06502531366938147,0.1660048426150121,0.015412722870349988,0.030724191063174113,-0.07533568126788466,-0.06600704380365398,-0.23759189962579794,-0.028575830948712303,0.29615232225401716,0.040561303103675984,-0.06394673123486683,-0.150528285274048,-0.15803653973145498,0.13214175654853622,0.08403037640325776,-0.004030376403257759,-0.21350429231785165,-0.038584635703279774,-0.24334140435835352,-0.07462029495927801,0.20847457627118643,0.09272066916134712,0.022379484921857803,-0.06383006823684789,0.12612590799031476,-0.06835571208452565,0.061965661457186884,0.1443759630200308,0.04914593880695576,-0.22015628439357252,-0.06756328417345367,-0.05421307506053269,-0.026156724631300903,-0.05637904468412943,-0.2475214615892582,-0.24149460708782744
#53,-0.05312128549416685,-0.14396654193264363,0.08392692053709003,-0.17540832049306626,0.4737970504072199,0.20705040721989876,-0.02672243011226062,0.15340523882896764,0.20098613251155625,0.06745322474136034,0.21336121505613032,1.0,0.3629517939687431,0.2071648690292758,0.13847897864847017,-0.12010785824345147,0.10114241690512878,0.05893022232005283,-0.028872991415364296,-0.19882236407660137,0.14675324675324675,-0.17765793528505394,0.17434734756768655,-0.13325555800132072,0.42319612590799033,-0.16279110719788686,-0.30292097732775697,-0.478267664538851,0.02053709002861545,0.18119084305524982,-0.23384767774598283,-0.10830508474576271,0.0975280651551838,-0.03653092670041823,0.10899845916795069,0.010942108738718908,0.2681730134272507,-0.021454985692273828,0.10395113361215057,-0.38297600704380363,-0.06616552938586837,-0.0035174994497028395,-0.07743121285494167,-0.09272947391591459,0.06854941668500991,-0.2611930442438917,-0.16878274268104776,-0.2598965441338323,-0.026880915694475017,-0.09920537090028615,-0.06821923838872991,-0.16317411402157164,-0.08085846357032797,-0.2489126128109179,0.23543473475676865,-0.2801166629980189,0.007869249394673124,-0.16117103235747304,0.016460488663878493,-0.17594100814439798,0.14632621615672464,0.22927140655954215,0.09255998239049086,0.10524103015628439,-0.3428131190843055,-0.3271142416905129,-0.08450583314990094,-0.054921857803213736,0.1901188641866608,0.055560202509355054,0.2122408100374202,0.12267884657715167,0.006621175434734757,-0.003801452784503632,0.08421087387189082,-0.03882896764252696,0.12497468633061853,0.11888399735857363,0.2683711204050187,0.01260840854061193,0.00412062513757429,0.17039181157825226,-0.20613251155624038,0.35652872551177633,0.4455491965661457,0.15519040281752147,0.09411182038300682,0.3553532907770196,0.02297380585516179,0.3645080343385428,0.08852520360994938,0.15925819942769096,-0.005907990314769976,0.009764472815320273,0.10219898745322474,0.09506053268765133,0.02149460708782743,-0.09744662117543473,-0.14826326216156724,-0.22495267444419986,-0.12953554919656615,0.2682918776139115,0.12000440237728373,0.07770195905789126,-0.15905348888399737,-0.03299801893022232,-0.10371560642747084,0.04444640105657055,-0.019429892141756548,0.05637244111820383,0.05663878494386969
#54,-0.26966101694915257,-0.08973585736297601,0.08363416244772177,0.0032423508694695135,0.13469073299581774,0.4901276689412283,0.052876953554919656,0.10276689412282633,-0.038969843715606425,0.007686550737398195,-0.13963020030816642,0.3629517939687431,1.0,0.4492141756548536,-0.19184459608188423,0.04155624036979969,0.14828307285934406,0.17309046885318072,-0.22174334140435836,-0.09631080783623157,-0.18110499669821703,0.02016068677085626,-0.00846797270526084,0.03398415144177856,0.09773497688751925,0.03390710983931323,-0.2596896324014968,-0.14183579132731675,0.14649790887079023,0.11470394012766894,0.34237068016729033,0.06807616112700858,0.21681267884657715,0.08531807175874973,0.14908650671362536,0.008538410741800572,0.019381465991635483,-0.05283953334800792,-0.032143957737178076,-0.2633039841514418,-0.0966982170372001,-0.15222099933964342,-0.1013515298261061,0.0006075280651551838,-0.15105657054809596,-0.1730772617213295,-0.11750385208012326,-0.16372220999339643,0.03569007263922518,0.11473695795729694,0.09896544133832269,0.18051287695355492,-0.04657274928461369,0.06787805414924059,0.05891701518820163,0.10945850759410082,-0.10948492185780322,0.01828087167070218,0.02893682588597843,0.04700858463570328,-0.097541272287035,0.0876205150781422,0.009597182478538411,0.08067796610169492,-0.23186440677966103,-0.11405458947831829,0.2765375302663438,0.11185560202509355,0.014985692273827867,-0.023312788906009244,0.25939687431212854,-0.005549196566145719,0.16285053929121726,0.13844816200748405,0.13950473255558002,0.23263482280431433,0.12528285274047987,0.192590799031477,0.22481620074840414,0.06906669601584856,0.05283292978208232,0.36537530266343826,0.009643407440017609,0.2465661457186881,0.3665309267004182,-0.008054149240589918,-0.05370019810697777,0.304653312788906,0.12216156724631301,0.13214175654853622,0.19521901826986574,0.03740479859123927,0.023539511336121505,-0.13347127448822363,-0.02355712084525644,0.20811138014527844,0.008776139115122166,0.06744662117543473,-0.01641866607968303,-0.19434294519040282,0.16789786484701738,0.3138806955756108,0.08320052828527405,0.01453004622496148,-0.01797490644948272,0.06512876953554919,0.0713647369579573,0.12440898084965882,0.10666079683028835,-0.12150561303103675,0.00599603786044464
#58,-0.11863306185340083,-0.09238828967642528,0.12658155403918117,-0.03667620515078142,0.22623816861104998,0.30087827426810476,0.3184877834030376,0.06589698437156065,-0.043709002861545235,0.09306405458947832,0.11331058771736738,0.2071648690292758,0.4492141756548536,1.0,0.002678846577151662,0.028758529605987234,0.012187981510015409,0.2333017829627999,-0.15361435174994498,0.10906229363856483,0.09859784283513097,-0.08217037200088048,-0.05593220338983051,-0.1375016508914814,-0.10817961699317631,-0.21359013867488444,-0.44357032797710766,-0.35453224741360334,-0.0287541272287035,0.09952894563064055,0.2105987233105877,0.022306845696676205,-0.036211754347347566,0.16415364296720228,0.09939027074620295,0.07691393352410301,-0.13754347347567686,0.14296940347787807,-0.27982390490865067,-0.10771076381245873,0.05058111380145278,0.1296566145718688,-0.027420206911732335,0.13856042262821924,-0.20749284613691393,-0.1357473035439137,-0.21873871890821042,0.0019106317411402157,0.07700418225841954,-0.06786704820603126,0.0564208672683249,0.03607748184019371,0.02211534228483381,-0.1462095531587057,0.05269865727492846,0.11393572529165749,-0.12856042262821923,-0.050367598503191724,0.0811732335461149,-0.013935725291657495,-0.020248734316530927,0.17558001320713185,-0.12955095751705922,-0.014118423948932424,-0.2150693374422188,0.07974246092890161,0.29608628659476116,0.16364957076821485,0.12659476117103236,0.039722650231124805,0.3042130750605327,0.037567686550737396,0.1393352410301563,0.14200748404138236,0.07528725511776359,0.0825181598062954,-0.1427162667840634,-0.08691173233546115,0.0249438696896324,0.08158265463350209,0.1571252476337222,0.14473255558001322,-0.10220338983050847,0.21886418666079682,0.22484261501210653,-0.015830948712304643,-0.10826326216156724,0.05949372661237068,0.3709002861545234,0.34919436495707684,0.12199427690953114,0.05264362755888179,0.09635923398635263,-0.11148139995597622,0.08416244772176976,0.2899801893022232,-0.08815320272947391,-0.0187012987012987,-0.22037200088047545,-0.04669161347127449,0.06255558001320713,0.20886418666079684,-0.015018710103455866,-0.16876293198327097,-0.10934844816200748,-0.03956636583755228,-0.04015628439357253,0.06527624917455425,0.20370900286154522,-0.04132951793968743,0.04880255337882457
#101,0.004596081884217477,-0.0790710983931323,-0.2709971384547656,-0.262029495927801,-0.09555580013207132,-0.23749944970283954,-0.11745762711864406,0.10499229583975346,0.1761963460268545,-0.1060576711424169,0.15920096852300242,0.13847897864847017,-0.19184459608188423,0.002678846577151662,1.0,-0.05439797490644948,-0.1449768875192604,-0.1613647369579573,0.4757340964120625,0.0587607307946291,0.7808650671362536,-0.14093330398415144,0.4075148580233326,-0.2086550737398195,0.3562161567246313,-0.26482280431432975,0.09714946070878275,-0.419702839533348,0.05593880695575611,0.19969623596742242,-0.3584063394232886,0.04659476117103236,-0.2467554479418886,0.14020030816640985,0.19100594320933303,0.21181377944089808,0.36182258419546554,0.4112106537530266,0.2371010345586617,0.13109839313229144,-0.004789786484701739,0.18235527184679726,0.24678626458287475,0.37370019810697774,0.15917675544794188,0.03060312568787145,-0.15973145498569227,-0.09558441558441559,-0.19072639225181598,-0.26432973805855164,-0.13118644067796612,-0.31279771076381246,-0.06099053488883997,-0.355214615892582,0.40408540611930444,-0.2133766233766234,0.022773497688751927,-0.18734536649790887,-0.29555139775478756,-0.42872551177635926,-0.14024653312788907,-0.061047765793528504,0.059478318291877615,-0.04676865507373982,-0.03444640105657055,-0.18327096632181378,-0.15205150781421967,-0.2792141756548536,0.48921417565485364,0.1678780541492406,0.05013647369579573,0.3212810917895664,0.27987673343605546,-0.1061501210653753,-0.21161127008584635,-0.4314175654853621,-0.23298921417565485,-0.4698128989654413,0.3073893902707462,0.11818401937046005,-0.06481840193704601,-0.03812458727712965,-0.19464450803433855,0.0350957517059212,-0.15464450803433855,-0.33855822143957737,-0.3291613471274488,-0.3879815100154083,0.02968302883557121,0.19097512656834692,0.0014439797490644949,-0.39623816861105,-0.5230134272507154,-0.45285274047985913,-0.39201408760730794,-0.06331719128329298,-0.0412326656394453,-0.35525643847677746,-0.3623398635263042,-0.17842835130970724,-0.25193484481620076,-0.18792648029936165,0.028320493066255777,-0.29012326656394455,-0.2829650011005943,-0.22003521901826986,-0.22963240149680827,-0.3023530706581554,-0.21713625357693153,-0.2620669161347127,-0.2839159145938807
#102,-0.11777679947171472,0.2589302223200528,0.009414483821263482,-0.02885097952894563,-0.009720449042482942,-0.10334360554699537,0.13806515518379925,-0.19304204270305966,-0.10258199427690953,0.20294959278010125,0.06559322033898306,-0.12010785824345147,0.04155624036979969,0.028758529605987234,-0.05439797490644948,1.0,-0.0475214615892582,0.10213295179396874,0.10583755227823025,0.6498767334360555,0.04684349548756329,0.6952718467972705,-0.10040281752146159,0.1390843055249835,0.018509795289456305,0.41085846357032796,-0.25294298921417563,0.009002861545234426,-0.03270526084085406,0.16026854501430773,-0.0015958617653532908,-0.07489984591679506,-0.06453224741360335,0.34392031697116443,0.05508694695135373,-0.19312128549416685,-0.1912854941668501,0.29668721109399077,-0.10639225181598062,0.24045344486022452,-0.1873629760070438,-0.10825885978428351,-0.3015914593880696,0.23745102355271847,-0.24953554919656615,0.2124719348448162,-0.28447941888619854,-0.37654193264362756,-0.2735747303543914,-0.12433414043583535,-0.04652212194585076,-0.0375478758529606,0.03049966982170372,0.1847457627118644,0.19659696235967422,0.5236011446180938,-0.5409751265683469,0.2963746423068457,-0.4448007924279111,-0.18932423508694696,-0.26873211534228486,-0.29390490865067137,-0.20868589038080562,0.18067796610169493,-0.17852520360994936,0.12244992295839753,0.06577371780761611,0.13338102575390712,0.25963460268545013,0.4373453664979089,0.08048646268985252,0.029469513537310147,-0.030055029716046667,0.2700110059432093,0.12973585736297602,0.16506713625357694,0.12211974466211754,0.028395333480079242,-0.11136913933524104,0.4614836011446181,-0.15712744882236407,-0.07959498128989655,-0.21922518159806295,-0.05397314549856923,-0.12217477437816421,-0.31103896103896106,-0.26729253797050406,-0.09594320933303985,0.10506493506493507,-0.1284239489324235,-0.11314109619194365,-0.23841514417785603,-0.010554699537750385,-0.23782302443319392,-0.23467532467532468,0.26479639005062733,0.38877173673783844,-0.04367378384327537,0.033499889940567906,0.02852520360994937,-0.05701078582434515,-0.061408760730794626,-0.05527624917455426,-0.06788245652652432,-0.32987233105877173,-0.01953334800792428,-0.05791767554479419,-0.1931454985692274,-0.18190182698657276,-0.2971604666519921,-0.3335747303543914
#201,0.22923398635263043,-0.038366718027734975,0.7187211093990755,0.38535549196566143,-0.03729914153642967,0.14188861985472154,0.1808364516839093,0.2882302443319392,0.23539071098393133,0.5558859784283513,0.20033458067356372,0.10114241690512878,0.14828307285934406,0.012187981510015409,-0.1449768875192604,-0.0475214615892582,1.0,0.6170394012766894,-0.4936253576931543,-0.3965859564164649,-0.11649130530486462,-0.3348822364076601,0.3684371560642747,0.18307946290997137,0.12436275588817962,-0.2083645168390931,0.2960114461809377,0.06583094871230465,-0.2201782962799912,-0.2741470394012767,0.1913911512216597,-0.03190182698657275,0.3847787805414924,-0.010715386308606648,-0.17636583755227822,-0.06680607528065155,-0.12675764913053048,-0.3103653973145499,-0.15999779881135814,-0.24819502531366938,0.12493286374642307,-0.24615892581994278,-0.5464582874752366,-0.22832269425489765,-0.21460488663878494,-0.30600264142637024,0.2234294519040282,0.18295619634602686,0.0021571648690292757,0.14438696896324016,0.2787805414924059,0.3049966982170372,0.3857032797710764,0.37894122826326215,0.009165749504732555,0.29646268985252033,-0.1751023552718468,-0.39377503852080126,0.04461369139335241,0.08292537970504073,-0.22720008804754568,-0.237640325775919,-0.5416618974246092,-0.44603565925599825,0.14707021791767555,0.08960818842174774,-0.2080893682588598,-0.13888839973585737,-0.11950033017829628,-0.37887959498128987,0.393152102135153,0.14157384987893462,0.0938961038961039,0.4276535329077702,-0.16907770195905789,8.36451683909311e-05,0.2638036539731455,0.4399757869249395,0.3881576051067577,-0.27584855822143955,-0.2534030376403258,-0.11777679947171472,-0.1364604886638785,-0.08799911952454326,-0.11278010125467752,-0.021307506053268765,-0.11246092890160687,-0.11569887739379264,0.181897424609289,-0.11046665199207573,-0.2601232665639445,0.0324125027514858,-0.1931234866828087,0.013684789786484701,0.0801848998459168,0.6315408320493067,-0.14508254457407,0.696352630420427,0.3125819942769095,0.18184019370460047,0.2917059211974466,0.6327624917455426,0.3988311688311688,0.4423794849218578,0.18005062733876293,0.25410301562843934,0.3126634382566586,-0.04650231124807396,-0.017512656834690735,-0.16813999559762272,-0.040250935505172794
