,#10,#11,#12,#13,#17,#18,#26,#49,#50,#51,#52,#53,#54,#58,#101,#102,#201,#202,#301,#302,#401,#402,#501,#502,#601,#602,#701,#702,#801,#802,#901,#902,#1001,#1002,#1101,#1102,#1201,#1202,#1301,#1302,#1401,#1402,#1501,#1502,#1601,#1602,#1701,#1702,#1801,#1802,#1901,#1902,#2001,#2002,#2101,#2102,#2201,#2202,#2301,#2302,#2401,#2402,#2501,#2502,#2601,#2602,#2701,#2702,#2801,#2802,#2901,#2902,#3001,#3002,#3101,#3102,#3201,#3202,#3301,#3302,#3401,#3402,#3455,#3501,#3502,#3601,#3602,#3701,#3702,#3801,#3802,#3901,#3902,#4001,#4002,#4101,#4102,#4201,#4202,#4301,#4302,#4401,#4402,#4501,#4502,#4601,#4602,#4701,#4702,#4801,#4802
#10,1.0,0.5547743781642087,0.5995443539511336,0.4114285714285714,0.09581554039181157,-0.1512920977327757,0.32914593880695575,0.6565859564164649,0.2825709883337002,0.47018489984591677,0.5536495707682149,0.4068082764692934,0.11510675764913053,0.2250231124807396,-0.407012987012987,-0.4857340964120625,0.5771648690292758,0.4527690953114682,-0.3525621835791327,-0.4008980849658816,-0.11177856042262822,-0.10510675764913054,0.03519040281752146,-0.0037596302003081662,0.2654193264362756,0.10613471274488223,0.19418886198547217,0.22752366277790007,0.3213119084305525,0.2135989434294519,0.28594761171032357,0.2307373981950253,0.47023332599603784,0.28542152762491746,0.2937772397094431,0.26211754347347566,0.16123706801672905,0.11232665639445301,0.0589126128109179,0.14856042262821925,0.3212656834690733,0.17759630200308166,0.0876007043803654,-0.25070217917675547,-0.1670195905789126,-0.2774620294959278,-0.04211534228483381,-0.10559101915034118,-0.05827426810477658,-0.15517939687431212,0.018038740920096854,-0.0031190843055249836,0.29958397534668724,0.21782302443319393,0.1185626238168611,0.1320030816640986,-0.038831168831168834,-0.3167972705260841,-0.0562293638564825,-0.20482280431432973,0.18379484921857803,0.16785384107418005,-0.1361699317631521,-0.29997138454765576,0.14934624697336563,0.17318291877613912,0.03204930662557781,-0.10837332159366057,-0.06685009905348889,-0.11865947611710323,0.2679110719788686,0.2855910191503412,-0.45872551177635923,0.031060972925379706,-0.19386748844375962,-0.024668721109399074,-0.13208452564384768,0.10964560862865948,-0.04410741800572309,0.0005194805194805195,0.1097820823244552,0.004036979969183359,,0.3694078802553379,0.3413383226942549,0.1517081223860885,0.06667180277349768,-0.010121065375302664,0.09199867928681488,0.1524455205811138,-0.1779308826766454,0.17696456086286594,-0.18670261941448382,0.2778912612810918,-0.04563064054589478,0.47645168390931103,0.23395993836671802,0.44302663438256656,0.3916420867268325,0.3118666079683029,0.40928021131410963,0.40261941448382127,0.441930442438917,0.2588135593220339,0.5613845476557341,0.4251463790446841,0.37389390270746203,0.05565045124367158,0.17959938366718028,-0.16950033017829627,-0.2096984371560643
#11,0.5547743781642087,1.0,0.6094298921417566,0.41372220999339643,0.10332159366057671,0.09946951353731015,0.4725445740699978,0.4778472375082545,0.49093990755007705,0.5798547215496368,0.5014439797490645,0.4323860884877834,0.2312854941668501,0.3067862645828748,-0.39920757208892804,-0.28823244552058114,0.5001298701298701,0.492656834690733,-0.3584899845916795,-0.14085846357032797,-0.28851419766674,-0.05537750385208012,0.0872375082544574,-0.11387409200968523,0.21646929341844595,0.09745102355271847,-0.09562183579132731,-0.1369227382786705,0.3243517499449703,0.21251375742901166,0.3466894122826326,0.3093616552938587,0.30783623156504514,0.23462469733656174,0.2806977767994717,0.21174994497028396,0.35587717367378385,0.2599625797930883,-0.09081223860884878,0.1263086066475897,0.17517279330838653,0.39473695795729696,0.11859784283513097,-0.11140655954215277,-0.26042482940788025,-0.12709443099273607,-0.1587079022672243,-0.3108298481179837,-0.13838652872551177,-0.3087673343605547,-0.020578912612810918,0.00978648470173894,0.17874312128549416,0.1902179176755448,-0.01580013207131851,0.09151001540832049,-0.09292978208232446,-0.1830112260620735,0.0385692273827867,-0.21623376623376622,0.15411182038300683,0.10021351529826106,-0.0439027074620295,-0.27543473475676866,-0.1943583535108959,-0.012066916134712745,0.20836231565045124,0.03016949152542373,0.18458947831829187,0.2366453885097953,0.44186880915694476,0.36996918335901385,-0.2025379705040722,0.11386528725511777,-0.005696676205150781,0.17002201188641866,0.07442659035879375,0.3149724851419767,-0.05419766674003962,0.1516090688972045,0.24385208012326656,-0.06482940788025533,,0.4132027294739159,0.4719172353070658,0.21300242130750605,0.15086506713625358,-0.17520581113801453,0.01939027074620295,0.21036099493726612,-0.05672243011226062,0.26565705480959717,0.01351749944970284,0.2866718027734977,-0.10851860004402378,0.4527030596522122,0.4700198106977768,0.2723662777900066,0.1479683028835571,0.18083204930662558,0.20409200968523003,0.42613911512216596,0.3686066475896984,0.11381465991635484,0.2040942108738719,0.22790006603565927,0.06198987453224741,0.09565265243231345,0.02841734536649791,-0.2597160466651992,-0.2709817301342725
#12,0.5995443539511336,0.6094298921417566,1.0,0.6789852520360995,0.051153422848338105,0.15049526744442,0.39289676425269643,0.3383799251595862,0.10437156064274708,0.6496566145718689,0.45000440237728373,0.42119084305524984,0.3435417125247634,0.23211754347347568,-0.4136913933524103,-0.4355844155844156,0.734043583535109,0.7440457847237508,-0.3844794188861985,-0.38121065375302665,-0.35178736517719567,-0.24859123926920537,0.06849878934624698,-0.14848117983711204,0.19988994056790668,-0.046817081223860885,0.20359233986352632,0.13273827867048207,0.4058793748624257,0.27977767994717145,0.5209949372661237,0.44443319392471936,0.6787959498128989,0.42555580013207134,0.22797270526084085,0.2329011666299802,0.12659035879374864,0.02668941228263262,0.07805635042923179,0.08122826326216157,0.3142328857583095,0.22828307285934404,-0.02545674664318732,-0.33184899845916793,-0.20298261060972925,-0.4212392692053709,-0.06532907770195906,-0.02861765353290777,0.09926040061633282,-0.09321813779440898,0.28360114461809377,0.2537354171252476,0.5379132731675105,0.24766894122826327,0.03213075060532688,0.05869029275808937,-0.2714615892581994,-0.5456416464891041,0.025414924058991855,-0.26809817301342725,-0.0015452344265903589,0.1518600044023773,-0.17944089808496588,-0.3068236847897865,0.232590799031477,0.24412942989214176,-0.008626458287475236,-0.14413823464670922,-0.012086726832489545,0.07788245652652433,0.431254677525864,0.40327977107638124,-0.48367378384327536,-0.004679727052608409,-0.4224983491085186,-0.09178516398855383,-0.26594320933303983,0.10509134932863747,0.03566585956416465,0.16800132071318513,0.29884437596302005,0.15057891261281092,,0.32895663658375524,0.32363416244772175,0.0362095531587057,0.16552718467972705,-0.019762271626678405,-0.00022672243011226062,0.09074400176095092,-0.16805635042923178,0.32944309927360776,0.0811534228483381,0.39865727492846137,-0.04064935064935065,0.5482236407660136,0.4468545014307726,0.6094607087827427,0.5350385208012327,0.47361655293858684,0.6047413603345807,0.7119700638344706,0.5357384987893462,0.42778340303764034,0.5632951793968743,0.6394298921417565,0.5179286814880035,0.19757649130530486,0.18118203830068236,-0.18807395993836673,-0.297673343605547
#13,0.4114285714285714,0.41372220999339643,0.6789852520360995,1.0,0.07122165969623596,0.0450627338762932,0.4335351089588378,0.27539291217257317,0.15318071758749724,0.7485780321373542,0.29350869469513535,0.3497380585516179,0.2835857362976007,0.30310147479639005,-0.2792868148800352,-0.3431785163988554,0.7961523222540172,0.38480959718247854,-0.21391151221659696,-0.0612656834690733,-0.09497468633061854,-0.05563064054589478,0.082392692053709,-0.18085846357032798,0.04742460928901607,-0.12747303543913713,0.16056350429231786,-0.04233766233766234,0.2069205370900286,0.0888597842835131,0.40584415584415584,0.2193528505392912,0.35229804094210876,0.34075500770416023,0.39411622276029057,0.24659696235967424,0.2430068236847898,0.16078802553378824,-0.028855381906229365,0.18453664979088708,0.30395333480079245,0.3521021351529826,-0.31740039621395555,-0.2705216817081224,-0.28976447281532025,-0.1311005943209333,0.044318732115342284,-0.08551617873651772,0.12355712084525644,-0.11635923398635263,0.1835395113361215,0.04765793528505393,0.254818401937046,-0.04031697116442879,0.07356812678846578,-0.0075368699097512655,-0.10750605326876514,-0.25468412942989216,-0.09666519920757209,-0.2779771076381246,0.15799251595861766,0.28866387849438696,0.08748404138234647,0.04088928021131411,-0.07581994276909532,-0.02366057671142417,0.17264582874752366,-0.009621395553598944,0.08511776359233986,-0.004822804314329738,0.16180717587497248,0.07619414483821263,-0.337673343605547,-0.17818401937046005,-0.10102575390710984,-0.08047985912392693,-0.06812898965441339,0.0801056570548096,0.04191283292978208,0.2165001100594321,0.23990534888839973,0.020990534888839972,,0.3408034338542813,0.272788906009245,0.09616552938586836,0.1965001100594321,0.041347127448822366,-0.004444199867928681,0.03950253136693815,-0.07487343165309267,0.18571648690292758,0.03841954655513977,0.24332379484921857,-0.03970724191063174,0.3332159366057671,0.3639467312348668,0.24848558221439576,0.2248778340303764,0.3144596081884217,0.17565265243231346,0.4686286594761171,0.20809817301342726,0.2996896324014968,0.32127668941228266,0.4034272507153863,0.2189192163768435,0.2978428351309707,0.2490975126568347,-0.15803653973145498,-0.12733215936605768
#17,0.09581554039181157,0.10332159366057671,0.051153422848338105,0.07122165969623596,1.0,0.3005855161787365,0.14904028175214615,0.19446621175434733,0.26523002421307507,0.03560642747083425,0.1436121505613031,0.502870349988994,0.13668941228263262,-0.002399295619634603,0.0050231124807396,-0.03030376403257759,-0.07245872771296501,0.040807836231565045,-0.08373321593660576,-0.11425269645608628,-0.022152762491745543,-0.0010081443979749064,-0.07800572309046885,0.036440677966101696,-0.13104556460488664,-0.028346907329958176,-0.1135593220338983,-0.16796169931763152,-0.07992956196346027,0.01022672243011226,-0.007037200088047545,-0.06223860884877834,-0.043962139555359894,0.05052608408540612,0.06726392251815981,0.001082984811798371,-0.017765793528505394,0.05902267224301123,-0.08516618974246093,0.15435615232225403,0.06312348668280872,-0.026114902047105436,0.07304204270305965,0.03687871450583315,0.17515738498789346,0.11813339203169712,0.02639225181598063,-0.014069997798811358,0.12091129209773277,0.07575830948712305,-0.0011864406779661016,-0.09583535108958838,0.05833810257539071,0.08077481840193705,0.000865067136253577,0.1046335020911292,0.04419986792868149,-0.023163108078362315,0.11085626238168611,0.10551397754787585,-0.10140215716486903,0.17779220779220778,0.00824125027514858,0.05879815100154083,-0.2028989654413383,0.031340523882896765,-0.07722209993396434,0.13662557781201848,-0.18071538630860665,0.02304204270305965,-0.1650693374422188,-0.19959718247853842,-0.22394453004622497,-0.08472815320272947,-0.03690292758089368,-0.05723970944309927,-0.038681488003521905,0.16120845256438476,-0.07061633281972265,0.06775918996257979,0.268102575390711,0.17771516618974245,,0.16253576931543035,0.21126788465771518,0.10944970283953334,0.10731675104556461,0.14592780101254677,0.10472375082544574,0.13538410741800572,0.4646665199207572,0.12359674224081003,-0.06697556680607528,0.12227382786704821,-0.03421747743781642,-0.10981950253136694,0.14228923618754127,-0.1760774818401937,-0.0649702839533348,-0.03531807175874972,0.033138895003301784,0.02855381906229364,0.035177195685670265,-0.08705260840854061,-0.07738498789346247,-0.13141316310807835,-0.04903367818622056,0.022566585956416464,-0.21348888399735858,0.14757869249394673,0.025617433414043583
#18,-0.1512920977327757,0.09946951353731015,0.15049526744442,0.0450627338762932,0.3005855161787365,1.0,-0.05774158045344486,-0.18018930222320054,-0.1013515298261061,-0.03945630640545895,-0.18631961259079904,0.37913053048646267,0.31455205811138015,0.05845696676205151,0.07190402817521462,0.06564825005502972,-0.018366718027734978,0.2756372441118204,0.0637112040501871,-0.06806955756108299,-0.1224125027514858,-0.19394673123486683,-0.21348888399735858,-0.20028615452344267,-0.3433348007924279,-0.26521681708122385,-0.2992317851639886,-0.29407219898745324,0.022416905128769534,0.18818622055910192,0.13671802773497688,0.14108518600044023,-0.07454765573409641,-0.038567026194144836,-0.11380145278450363,0.011439577371780762,-0.08444419986792868,-0.055254237288135596,-0.32476117103235747,-0.1703279771076381,0.035918996257979306,0.21235086946951354,-0.031364736957957294,0.12583094871230466,-0.009588377723970944,0.14911952454325336,0.1943627558881796,0.08018930222320053,0.03966982170372001,0.02549636803874092,-0.0772309046885318,-0.15384107418005724,-0.0712656834690733,-0.11613911512216597,-0.15454325335681268,-0.25762491745542593,-0.00677525863966542,-0.0946599163548316,0.00822804314329738,-0.19873871890821043,-0.0926040061633282,-0.019709443099273607,-0.02105657054809597,-0.12476337222099934,-0.1410939907550077,-0.2922782302443319,-0.0036825885978428352,-0.09526304204270306,-0.003436055469953775,-0.004585075941008145,-0.1563284173453665,-0.1483447061413163,-0.10974686330618534,-0.16580453444860224,-0.11329738058551618,-0.1989390270746203,-0.050338983050847455,0.06528285274047986,-0.09319392471934845,0.13053268765133172,0.5667774598283073,0.4803433854281312,,0.20643407440017608,0.11892361875412723,-0.007517059211974466,0.11135373101474796,0.17105216817081223,0.09976887519260401,0.15408980849658815,0.3026920537090029,0.13945190402817523,0.1419898745322474,0.11874312128549416,-0.09666079683028836,-0.19777459828307287,0.06741140215716487,-0.02138234646709223,0.0859189962579793,-0.14896984371560643,-0.03504072198987453,0.2645828747523663,0.18152102135152984,-0.09154303323794849,-0.12707241910631742,-0.09612590799031477,-0.19262161567246314,0.06438256658595641,-0.13572529165749506,0.13575830948712306,0.0006977767994717147
#26,0.32914593880695575,0.4725445740699978,0.39289676425269643,0.4335351089588378,0.14904028175214615,-0.05774158045344486,1.0,0.30847457627118646,0.37189302223200527,0.4534140435835351,0.4678120184899846,0.290363196125908,0.3022562183579133,0.5875258639665419,-0.3133612150561303,-0.16069117323354612,0.4213911512216597,0.10487123046445081,-0.17090468853180718,0.181963460268545,-0.13038740920096853,-0.0053290777019590575,-0.00049966982170372,0.01787805414924059,0.025577812018489986,0.07414263702399296,0.041197446621175436,0.0965265243231345,0.17222320052828527,0.021906229363856482,0.1735857362976007,0.097706361435175,0.31804534448602245,0.257772397094431,0.23969183359013868,0.12992515958617654,0.27217037200088046,0.17083645168390932,-0.053579132731675104,0.3948580233325996,0.21952674444199868,0.2841338322694255,0.14355932203389832,-0.12186220559101915,-0.2942967202289236,-0.03724411182038301,0.16107858243451464,-0.016946951353731015,0.11400616332819723,-0.17815760510675765,-0.02620515078142197,-0.07919216376843495,0.07079462909971385,0.008780541492405898,-0.05035219018269866,0.13049086506713625,-0.15307726172132952,-0.035351089588377724,0.02674224081003742,-0.22424829407880256,0.11211093990755008,0.2725974025974026,0.24252036099493726,0.1521747743781642,-0.19625137574290116,-0.1001056570548096,0.19779440898084966,0.44529605987233106,0.1972375082544574,0.2166299801893022,0.1883513097072419,0.12664979088707903,-0.18146158925819944,-0.04722650231124807,-0.007490644948272067,0.16811138014527846,-0.05661237068016729,0.09701738939027074,-0.002650231124807396,0.14176535329077702,0.15751045564604887,0.0414836011446181,,0.26236407660136474,0.2778164208672683,0.1620691173233546,0.05532247413603346,-0.13095751705921196,0.06693814659916354,0.1202047105436936,-0.11223640766013647,0.24493506493506492,-0.17244111820383007,0.19875852960598722,-0.1226172132951794,0.07506713625357693,0.25296940347787805,0.03561743341404358,-0.014508034338542813,0.20039181157825225,0.12636143517499449,0.20255998239049086,0.1945674664318732,0.20190843055249835,0.19582874752366278,0.2527448822364077,0.15869029275808938,0.008023332599603786,-0.0798415144177856,-0.1197292537970504,-0.2398547215496368
#49,0.6565859564164649,0.4778472375082545,0.3383799251595862,0.27539291217257317,0.19446621175434733,-0.18018930222320054,0.30847457627118646,1.0,0.5365749504732555,0.3840347787805415,0.586121505613031,0.32190402817521463,0.06208452564384768,0.11924939467312348,-0.16426810477657935,-0.38113581333920316,0.4019546555139775,0.3835086946951354,-0.16406999779881135,-0.26238828967642525,0.19705480959718247,0.02485362095531587,0.02212854941668501,-0.007127448822364077,0.293647369579573,0.0224389170151882,0.16628659476117102,-0.014926260180497468,0.31670922298040943,0.12193484481620075,0.189933964340744,-0.009627999119524543,0.15318071758749724,0.11520140876073079,0.15457406999779882,0.04709663218137795,0.1661765353290777,0.06535108958837772,-0.09782302443319392,-0.00954655513977548,0.21326436275588817,0.07687431212854942,0.08797270526084085,-0.24723970944309928,-0.21320933303984152,-0.07187761391151222,-0.17718247853841074,-0.34897644728153204,-0.2697886858903808,-0.31513977547875854,-0.0005304864626898525,-0.002436715826546335,0.13688531807175874,0.13436715826546336,0.24749944970283955,0.02821043363416245,-0.018459167950693373,-0.1991173233546115,-0.2872529165749505,-0.30671802773497686,0.2705458947831829,0.17729914153642967,-0.07081664098613251,-0.23402597402597403,-0.0438366718027735,0.1116685009905349,0.18138895003301783,0.01971604666519921,0.08524543253356813,-0.00548316090688972,0.3215826546335021,0.28482940788025535,-0.1288795949812899,0.06648470173893903,-0.00922738278670482,0.014246092890160687,-0.026493506493506493,-0.008027734976887519,0.07057891261281092,-0.02554039181157825,0.18176975566806075,-0.012190182698657275,,0.3966696015848558,0.2315628439357253,0.17040281752146158,0.011056570548095971,-0.06830288355712084,0.15139555359894344,0.16412502751485802,-0.15967862645828748,-0.052491745542593,-0.38021571648690294,0.041657495047325556,-0.20925379705040723,0.2759916354831609,0.1065529385868369,0.2783711204050187,0.13540832049306625,0.1758331499009465,0.22972265023112481,0.29263482280431435,0.2706449482720669,0.2246665199207572,0.3894453004622496,0.2268346907329958,0.18168831168831168,-0.03040061633281972,-0.06205370900286154,-0.21989214175654853,-0.3828021131410962
#50,0.2825709883337002,0.49093990755007705,0.10437156064274708,0.15318071758749724,0.26523002421307507,-0.1013515298261061,0.37189302223200527,0.5365749504732555,1.0,0.22053048646268986,0.5136693814659916,0.2340347787805415,0.018195025313669382,0.24188641866607968,-0.11409200968523002,-0.0836319612590799,0.18477437816420866,0.17713405238828966,-0.08278450363196126,0.014774378164208672,0.11535329077701958,0.22058991855602025,0.1098745322474136,0.22468633061853402,0.24010785824345146,0.3040611930442439,-0.03023332599603786,-0.08061853400836452,0.033259960378604445,-0.0950891481399956,0.049757869249394675,-0.003977547875852961,0.010545894783182918,0.05935505172793308,0.15244992295839754,-0.03220559101915034,0.14634382566585957,0.1591833590138675,-0.10836891921637684,0.20328417345366498,-0.06321373541712524,0.1597160466651992,0.15202729473915916,0.09954435395113362,-0.25259520140876074,0.1049240589918556,-0.2160378604446401,-0.3725071538630861,-0.22261501210653753,-0.2237178076161127,-0.15928461369139335,0.012940788025533789,-0.13468853180717588,0.1647985912392692,-0.005278450363196126,0.2523728813559322,-0.07083865287255117,0.09445740699977988,-0.13137354171252477,-0.1736649790887079,0.19736737838432752,0.20414263702399296,0.11618754127228703,0.12257979308826766,-0.25094651111600264,0.03879815100154083,0.3278692493946731,0.27794188861985475,0.37541052168170813,0.2286220559101915,0.35246973365617434,0.11664318732115342,0.051210653753026636,0.04798151001540832,0.10907550077041603,0.1494188861985472,0.12150121065375302,0.1316024653312789,0.24615232225401718,0.13693154303323796,0.10185560202509356,-0.1254523442659036,,0.3386682808716707,0.4044375963020031,0.17081223860884878,-0.07452124147039402,-0.1837574290116663,0.05679506933744222,0.16640986132511557,0.04027734976887519,0.03320052828527405,-0.3148822364076601,-0.0928813559322034,-0.2618071758749725,0.19764913053048647,0.34191503411842394,-0.0889060092449923,-0.12878494386968964,-0.038848778340303765,-0.016614571868809158,0.028756328417345368,0.0776601364736958,0.09939687431212856,0.11090248734316531,0.029788685890380806,0.0224785384107418,0.02509355051727933,-0.013301782962799913,-0.3211798371120405,-0.3523112480739599
#51,0.47018489984591677,0.5798547215496368,0.6496566145718689,0.7485780321373542,0.03560642747083425,-0.03945630640545895,0.4534140435835351,0.3840347787805415,0.22053048646268986,1.0,0.5358221439577372,0.3345476557340964,0.3165925599823905,0.3269535549196566,-0.2213647369579573,-0.41060312568787144,0.7625599823904908,0.4564758969843716,-0.23597402597402597,-0.23810477657935286,-0.10470173893902708,-0.23122386088487784,0.12328857583094871,-0.14594320933303984,0.1407836231565045,-0.10208452564384768,0.13416905128769535,-0.049471714725952014,0.3244794188861985,0.1605811138014528,0.3810213515298261,0.24118423948932424,0.34741360334580673,0.33252036099493726,0.4290512876953555,0.22842394893242352,0.3051882016288796,0.2314241690512877,0.03684129429892142,0.05554699537750385,0.2830794629099714,0.32531146819282414,-0.16137134052388288,-0.37207792207792206,-0.24412942989214176,-0.2288994056790667,-0.08897424609289016,-0.22459608188421748,-0.05893682588597843,-0.33648910411622274,0.1608958837772397,0.08119084305524983,0.23102355271846797,0.05224301122606207,0.11704160246533128,-0.0024983491085186,-0.014437596302003081,-0.43033898305084745,-0.07204050187101034,-0.27126128109178954,0.1675874972485142,0.23099493726612372,0.08615232225401717,-0.03557781201848999,-0.034419986792868146,0.06964780981730134,0.23056790666960159,-0.05183579132731675,0.11593220338983051,0.1366387849438697,0.3162799911952454,0.3052454325335681,-0.22048426150121064,-0.12587717367378384,-0.030537090028615453,0.013143297380585516,-0.03580673563724411,0.15246533127889061,-0.005476557340964121,0.08280431432973806,0.17969843715606426,-0.20192383887299142,,0.30377944089808495,0.23229583975346688,0.029134932863746424,0.09943649570768215,-0.05601804974686331,-0.0375874972485142,0.03587497248514197,-0.23391151221659695,0.13538410741800572,-0.025278450363196127,0.33492846136913934,-0.11208672683248955,0.4283843275368699,0.3282280431432974,0.4106515518379925,0.3138674884437596,0.25444860224521243,0.24697996918335902,0.49881135813339206,0.3307550077041602,0.2561479198767334,0.3399867928681488,0.38691833590138675,0.21324014968082763,0.1542174774378164,0.21448602245212414,-0.21375963020030816,-0.24508034338542814
#52,0.5536495707682149,0.5014439797490645,0.45000440237728373,0.29350869469513535,0.1436121505613031,-0.18631961259079904,0.4678120184899846,0.586121505613031,0.5136693814659916,0.5358221439577372,1.0,0.17047105436935944,0.05408760730794629,0.3004600484261501,-0.10170812238608849,-0.2759454105216817,0.4703565925599824,0.33585075941008147,-0.11342504952674444,-0.23427030596522122,0.10169931763152103,-0.004593880695575611,0.17563724411182038,0.16520801232665638,0.48105216817081226,0.28705701078582435,0.13572749284613692,0.05522342064714946,0.32948712304644506,0.1053004622496148,0.24598943429451903,0.07253576931543033,0.19944089808496587,0.09635263042042704,0.2910455646048866,0.0964010565705481,0.2159982390490865,0.021547435615232226,0.1910543693594541,0.169702839533348,0.2942791107197887,0.07849438696896324,0.1610147479639005,-0.13891481399955977,-0.21049306625577813,-0.11564164648910412,-0.2292493946731235,-0.26930662557781204,-0.26587497248514197,-0.40055910191503413,-0.1321879815100154,-0.03732555580013207,0.10823464670922298,0.20311468192824125,0.24130970724191064,0.24600924499229584,-0.06660796830288356,-0.2138961038961039,-0.1991899625797931,-0.33708342504952676,0.11837332159366058,0.10397974906449482,0.03351529826106097,-0.009782082324455205,0.016007043803653972,0.26151221659696233,0.02114902047105437,0.1556306405458948,0.18600044023772838,0.082458727712965,0.25983270966321814,0.22999119524543254,-0.13906009244992296,-0.005423728813559322,-0.09714725952014087,-0.016407660136473694,-0.1400792427911072,-0.014644508034338543,0.24027955095751705,0.06368258859784283,0.20943649570768214,-0.1850099053488884,,0.3414968082764693,0.2211402157164869,-0.08726172132951794,-0.04434294519040282,-0.06422408100374202,0.08611930442438917,-0.010222320052828528,-0.22277129650011007,-0.02461369139335241,-0.27714946070878277,0.05169271406559542,-0.2692141756548536,0.33091349328637465,0.288234646709223,0.23610169491525423,0.17404358353510896,0.23163328197226501,0.2634514637904468,0.2787365177195686,0.2589676425269646,0.21694695135373102,0.27428791547435616,0.29941668500990537,0.14625797930882678,-0.09152322254017169,-0.03471494607087827,-0.31114461809377064,-0.4131653092670042
#53,0.4068082764692934,0.4323860884877834,0.42119084305524984,0.3497380585516179,0.502870349988994,0.37913053048646267,0.290363196125908,0.32190402817521463,0.2340347787805415,0.3345476557340964,0.17047105436935944,1.0,0.47674884437596304,0.17430772617213294,-0.3234998899405679,-0.2662161567246313,0.3640479859123927,0.35209993396434075,-0.2609024873431653,-0.11156064274708342,-0.20432533568126787,-0.1984701738939027,-0.2191041162227603,-0.33923178516398855,-0.2222011886418666,-0.3064340744001761,-0.1561963460268545,-0.24578472375082544,0.3161699317631521,0.34333920316971167,0.11780981730134273,0.20250935505172793,0.3404556460488664,0.2066057671142417,0.3592604006163328,0.23734096412062514,0.11070658155403919,0.15949372661237068,-0.12059872331058771,0.15788245652652433,0.41487343165309265,0.39830288355712085,0.012806515518379925,-0.14348228043143296,-0.13556680607528065,0.0698811358133392,0.09618534008364517,0.03223420647149461,0.2198084965881576,0.009947171472595202,0.07506053268765134,-0.04162227602905569,0.13616773057451023,-0.11120405018710103,-0.15404578472375083,-0.13944309927360773,0.023871890821043365,-0.11845036319612591,0.2750913493286375,-0.004725952014087607,0.055610829848117986,0.1924653312788906,-0.11318511996478098,-0.34152102135152984,-0.17491305304864627,-0.13805414924058992,-0.1011071978868589,-0.18073519700638344,-0.08710103455866168,0.10458727712965,0.029454105216817083,0.11331939247193484,-0.41579793088267664,-0.16113141096191944,-0.21109178956636585,-0.028463570327977108,-0.051056570548095974,0.24681267884657715,-0.09644948272066917,0.19414263702399295,0.4548448162007484,0.29279110719788687,,0.3958969843715606,0.45867268324895444,0.24883116883116882,0.1868743121285494,0.273152102135153,0.08429892141756548,0.3237926480299362,0.18713185119964781,0.3690997138454766,0.035883777239709445,0.40909531146819283,0.08572529165749505,0.09549636803874093,0.0574488223640766,0.21070658155403918,0.28318071758749724,0.24949152542372882,0.2737640325775919,0.40270526084085406,0.3361831388950033,0.07317631521021352,0.265280651551838,0.1988531807175875,0.15101034558661677,0.19481620074840414,-0.05147259520140876,0.10080343385428131,-0.002696456086286595
#54,0.11510675764913053,0.2312854941668501,0.3435417125247634,0.2835857362976007,0.13668941228263262,0.31455205811138015,0.3022562183579133,0.06208452564384768,0.018195025313669382,0.3165925599823905,0.05408760730794629,0.47674884437596304,1.0,0.2648822364076601,-0.04057671142416905,-0.04551617873651772,0.33133612150561303,0.22709222980409421,0.029134932863746424,0.037785604226282195,-0.06289016068677086,-0.1384063394232886,-0.061620074840413826,-0.2341074180057231,-0.25124367158265465,-0.24641866607968302,0.021857803213735417,-0.1696125907990315,0.2833237948492186,0.2829319832709663,0.19890160686770855,0.13883116883116883,0.35338983050847456,0.23426590358793747,0.2452872551177636,0.14313229143737619,0.07938586836891921,0.1077129650011006,0.031540832049306626,0.16564384767774598,0.2580233325996038,0.2706449482720669,0.04281752146158926,-0.2614571868809157,-0.2612987012987013,-0.1072507153863086,0.13024873431653092,-0.06819722650231125,0.16552058111380144,-0.22579793088267663,0.13773497688751926,0.015659255998239047,0.05547655734096412,-0.17182918776139114,-0.18101474796390052,-0.15675324675324676,-0.19257318952234206,-0.27604666519920756,0.07733215936605767,-0.31033458067356373,0.05907990314769976,0.14927140655954216,-0.11527845036319613,-0.19304864626898524,0.011829187761391151,-0.15000880475456746,-0.05550957517059212,-0.14278230244331938,0.04887079022672243,0.11505172793308387,0.07525863966541933,0.037332159366057674,-0.03875852960598723,0.0037310147479639004,-0.092227602905569,-0.0947787805414924,-0.16471714725952014,0.010391811578252256,-0.15494827206691614,0.0861171032357473,0.3007285934404578,0.3503477878054149,,0.1651617873651772,0.08154963680387409,0.016000440237728373,0.1476205150781422,0.12852300242130751,0.00988333700198107,0.07033898305084746,0.04574069997798812,0.16362315650451242,-0.05999779881135813,0.21066916134712746,-0.04780321373541713,-0.010160686770856263,0.052152762491745545,0.23617433414043584,0.21857362976007044,0.2493814659916355,0.12989654413383228,0.3154919656614572,0.19275148580233326,0.1967312348668281,0.25169051287695354,0.3728109178956637,0.22531146819282413,0.17692714065595422,-0.28276469293418444,-0.08051067576491305,-0.15276689412282632
#58,0.2250231124807396,0.3067862645828748,0.23211754347347568,0.30310147479639005,-0.002399295619634603,0.05845696676205151,0.5875258639665419,0.11924939467312348,0.24188641866607968,0.3269535549196566,0.3004600484261501,0.17430772617213294,0.2648822364076601,1.0,-0.3443847677745983,-0.31698877393792646,0.3090314769975787,0.0925709883337002,-0.20587497248514197,0.16016288795949812,-0.08990314769975787,-0.13554699537750386,0.05960378604446401,0.0389324235086947,-0.28683028835571206,0.049718247853841074,-0.22865947611710324,0.01638344706141316,0.17154963680387408,0.2775544794188862,0.42756548536209554,0.3375566806075281,0.308069557561083,0.28342504952674447,0.41902047105436935,0.3999075500770416,0.5785252036099494,0.44215936605767114,-0.01707902267224301,0.37691173233546116,0.23034778780541493,0.28229804094210875,0.2893858683689192,0.02480299361655294,-0.4276249174554259,-0.1629055690072639,0.1463482280431433,0.10460488663878495,-0.05317411402157165,-0.35595641646489107,-0.057070217917675546,-0.2167444419986793,-0.2965265243231345,-0.37672243011226064,-0.4381047765793529,-0.272227602905569,-0.06313229143737618,0.1870658155403918,0.040283953334800796,-0.20765793528505394,0.37406999779881134,0.3621417565485362,0.4707528065155184,0.12730134272507154,-0.16731234866828087,-0.05368699097512657,0.4090843055249835,0.1568699097512657,0.23569227382786706,0.333878494386969,0.11656614571868809,0.13183359013867488,-0.20989874532247413,-0.1111468192824125,0.17999559762271627,0.18118203830068236,0.24860444640105658,0.3622121945850759,-0.20493946731234866,0.18661677305745103,0.00013207131851199647,0.2374025974025974,,0.2594453004622496,0.4503147699757869,0.299141536429672,0.16117543473475676,0.02474356152322254,0.2384371560642747,0.2090578912612811,0.06580453444860225,0.32481840193704603,-0.047783403037640323,0.10150121065375303,-0.05524763372220999,-0.08605106757649131,0.30443319392471935,0.05017389390270746,-0.009801893022232005,0.11047765793528505,0.05443319392471935,0.23916574950473254,0.25198767334360556,0.277277129650011,0.21329297820823245,0.2525159586176535,0.1789060092449923,0.33685230024213075,0.10926700418225842,-0.11425709883337001,-0.03986352630420427
#101,-0.407012987012987,-0.39920757208892804,-0.4136913933524103,-0.2792868148800352,0.0050231124807396,0.07190402817521462,-0.3133612150561303,-0.16426810477657935,-0.11409200968523002,-0.2213647369579573,-0.10170812238608849,-0.3234998899405679,-0.04057671142416905,-0.3443847677745983,1.0,0.5769711644287916,-0.34585296059872334,-0.323299581774158,0.8174312128549417,0.15852740479859123,0.7488751926040061,0.2578956636583755,0.15523882896764252,0.06565925599823905,0.2697182478538411,0.10523222540171692,-0.1923728813559322,-0.37842835130970726,-0.1893462469733656,-0.47175434734756766,-0.4703059652212195,-0.6397578692493947,-0.6006823684789786,-0.4288245652652432,-0.3749614791987673,-0.37637244111820384,-0.3300066035659256,-0.14105436935945412,0.10453444860224521,-0.09560422628219238,-0.16860884877834031,-0.21122165969623596,-0.3055690072639225,0.23822143957737177,0.10692934184459608,0.39498569227382785,-0.1323068456966762,-0.384125027514858,-0.485775918996258,-0.3463724411182038,-0.4128659476117103,-0.25740479859123927,-0.23606207351970063,0.11405238828967643,0.40707021791767556,0.23636583755227822,0.08972485141976667,0.0033370019810697775,-0.44241030156284394,-0.22261941448382128,-0.1387541272287035,-0.19624036979969184,-0.07246973365617433,0.2325974025974026,-0.21355271846797272,-0.19670702179176755,0.07902927580893683,-0.09603565925599825,0.3625621835791327,0.06056570548095972,-0.0941470394012767,-0.17414924058991857,0.6069931763152102,-0.01697556680607528,0.0888861985472155,-0.2416751045564605,-0.15564604886638786,-0.5051793968743121,0.2902025093550517,-0.04836451683909311,0.11939027074620295,0.026993176315210213,,-0.18592119744662117,-0.6093462469733656,-0.4297292537970504,-0.22096412062513757,-0.10411402157164869,-0.2017741580453445,-0.3296962359674224,-0.013592339863526304,-0.5693000220118865,-0.23090028615452343,-0.3411776359233986,-0.4041008144397975,-0.09923838872991415,-0.2733237948492186,-0.4003103675985032,-0.20373321593660576,-0.464389170151882,-0.4653709002861545,-0.4926392251815981,-0.5418027734976888,-0.436535329077702,-0.38028615452344267,-0.2797512656834691,-0.3628791547435615,-0.2016024653312789,-0.2298283072859344,-0.05602685450143077,-0.13647589698437157
#102,-0.4857340964120625,-0.28823244552058114,-0.4355844155844156,-0.3431785163988554,-0.03030376403257759,0.06564825005502972,-0.16069117323354612,-0.38113581333920316,-0.0836319612590799,-0.41060312568787144,-0.2759454105216817,-0.2662161567246313,-0.04551617873651772,-0.31698877393792646,0.5769711644287916,1.0,-0.46066696015848557,-0.5006471494607088,0.6453048646268985,0.5974466211754348,0.29576931543033236,0.6434910851860004,0.08612150561303104,0.23805194805194804,0.13073519700638345,0.21546114902047106,-0.15518820162887959,-0.30341404358353513,-0.4184921857803214,-0.3858529605987233,-0.44772837332159365,-0.480675764913053,-0.3974950473255558,-0.34253576931543034,-0.4970658155403918,-0.42951793968743124,-0.36731454985692275,-0.25832049306625576,-0.1569997798811358,0.1782786704820603,-0.4443649570768215,-0.13066696015848558,-0.0338828967642527,0.35022011886418664,0.0835857362976007,0.45044904248294076,0.0018600044023772838,-0.2995905789126128,-0.1438564825005503,-0.11045564604886639,-0.4596169931763152,-0.3070724191063174,-0.2050033017829628,0.17463570327977107,0.16607528065155183,0.3941470394012767,-0.13720889280211315,0.2956614571868809,-0.23087387189082104,0.0007814219678626458,-0.37463790446841294,-0.38860444640105657,-0.20807616112700858,0.13034558661677306,-0.2135130970724191,-0.3415804534448602,-0.16776799471714726,0.14124367158265463,0.2346995377503852,-0.020171692714065596,-0.261023552718468,-0.3787211093990755,0.5108870790226723,0.03987893462469733,0.05836451683909311,-0.247475236627779,-0.23469073299581775,-0.4703918115782523,0.01336121505613031,0.04458727712965001,-0.13397754787585295,-0.1318511996478098,,-0.10926260180497468,-0.4430904688531807,-0.3400792427911072,-0.30209993396434076,-0.2418666079683029,-0.29823684789786487,-0.16428131190843057,0.05568567026194145,-0.3723640766013647,-0.21670922298040943,-0.3974708342504953,-0.28856922738278673,-0.25606427470834253,-0.1888928021131411,-0.4581818181818182,-0.35951353731014746,-0.3644441998679287,-0.42261281091789565,-0.4875104556460489,-0.5303059652212194,-0.4055712084525644,-0.40639225181598065,-0.3139995597622716,-0.290396213955536,-0.4108034338542813,-0.39442659035879374,-0.13392471934844816,-0.09956416464891041
#201,0.5771648690292758,0.5001298701298701,0.734043583535109,0.7961523222540172,-0.07245872771296501,-0.018366718027734978,0.4213911512216597,0.4019546555139775,0.18477437816420866,0.7625599823904908,0.4703565925599824,0.3640479859123927,0.33133612150561303,0.3090314769975787,-0.34585296059872334,-0.46066696015848557,1.0,0.5451860004402377,-0.27530266343825666,-0.28186880915694473,-0.14296279991195246,-0.19166409861325115,0.09079683028835571,-0.1854237288135593,0.10694254897644728,-0.1442504952674444,0.13267884657715165,-0.0376865507373982,0.5081289896544133,0.3178648470173894,0.4476865507373982,0.29251375742901164,0.46459608188421747,0.3460576711424169,0.4924014968082765,0.33195685670261943,0.3307704160246533,0.16279330838652872,0.12264582874752367,0.019082104336341624,0.4680101254677526,0.3373365617433414,-0.14116442879154745,-0.34473915914593883,-0.3593264362755888,-0.24740699977988115,-0.1152872551177636,-0.15762931983270967,0.06027294739159146,-0.21914593880695576,0.2616354831609069,0.12873871890821043,0.2663482280431433,-0.04306405458947832,0.08866387849438696,-0.0925115562403698,-0.07818622055910192,-0.4508958837772397,-0.01905789126128109,-0.3282720669161347,0.260033017829628,0.1467246313009025,0.027558881796169932,-0.10983711204050187,0.050592119744662115,0.009537750385208012,0.07554039181157825,-0.07546995377503853,0.1326634382566586,-0.010708782742681049,0.26519700638344706,0.2536847897864847,-0.28080123266563944,-0.08882016288795949,-0.13428571428571429,-0.09622496147919876,-0.07311248073959939,0.041078582434514635,0.003598943429451904,0.14086286594761172,0.2635659255998239,-0.041371340523882895,,0.44531587057010785,0.19981950253136693,0.07873651771956856,0.14518379925159586,-0.019049086506713626,0.14690072639225182,-0.009823904908650672,-0.253383226942549,0.18036539731454987,0.050556900726392254,0.3901386748844376,0.017362976007043805,0.4557891261281092,0.2470592119744662,0.5253048646268985,0.39296279991195243,0.41292317851639887,0.328531807175875,0.616055469953775,0.35314329738058553,0.4324873431653093,0.4217609509134933,0.5542152762491745,0.2752630420427031,0.2352740479859124,0.2126304204270306,-0.2092097732775699,-0.23208232445520582
