,#10,#11,#12,#13,#17,#18,#26,#49,#50,#51,#52,#53,#54,#58,#101,#102,#201,#202,#301,#302,#401,#402,#501,#502,#601,#602,#701,#702,#801,#802,#901,#902,#1001,#1002,#1101,#1102,#1201,#1202,#1301,#1302,#1401,#1402,#1501,#1502,#1601,#1602,#1701,#1702,#1801,#1802,#1901,#1902,#2001,#2002,#2101,#2102,#2201,#2202,#2301,#2302,#2401,#2402,#2501,#2502,#2601,#2602,#2701,#2702,#2801,#2802,#2901,#2902,#3001,#3002,#3101,#3102,#3201,#3202,#3301,#3302,#3401,#3402,#3455,#3501,#3502,#3601,#3602,#3701,#3702,#3801,#3802,#3901,#3902,#4001,#4002,#4101,#4102,#4201,#4202,#4301,#4302,#4401,#4402,#4501,#4502,#4601,#4602,#4701,#4702,#4801,#4802
#10,1.0,0.5861479198767334,0.5340039621395554,0.5593814659916355,0.2813647369579573,0.3119986792868149,-0.19905569007263924,0.31966982170372,0.08388729914153643,0.3477834030376403,0.20344045784723752,0.07177195685670262,0.05890600924499229,-0.222590799031477,-0.2717455425930002,0.0014329738058551618,0.26662998018930223,0.29203830068236847,-0.04581994276909531,0.19823684789786486,-0.22020030816640987,0.07408980849658815,-0.4830046224961479,-0.1928417345366498,-0.1433568126788466,0.2969689632401497,-0.19236407660136473,-0.048886198547215494,0.18108298481179838,0.29950913493286374,0.03768434954875633,0.05607528065155184,0.06310147479639006,0.2033876293198327,-0.07306625577812019,0.07822584195465551,-0.03922077922077922,0.2880981730134273,-0.09944309927360775,-0.049672022892361875,0.11932203389830509,0.42623816861104996,0.25580893682588596,0.17808496588157605,-0.19820383006823686,-0.3054501430772617,0.20819062293638566,0.31187981510015406,0.25205370900286156,0.04445960818842175,0.2574224081003742,0.12169711644287916,-0.02414483821263482,-0.2364935064935065,-0.3380673563724411,-0.0387079022672243,-0.401930442438917,-0.10941448382126348,0.009544353951133611,-0.3013779440898085,0.00011666299801893022,-0.1277701959057891,-0.23265243231344926,-0.3019766674003962,0.4805348888399736,-0.015630640545894782,-0.24731895223420647,-0.3408628659476117,0.286040061633282,0.304983491085186,0.30742460928901605,0.24886198547215496,0.05802333259960379,0.09146379044684129,-0.08077041602465332,0.02222099933964341,-0.005285053929121725,-0.03700198106977768,-0.22458287475236627,0.06334360554699538,0.03068016729033678,0.20700418225841954,0.030977327756988773,-0.050900286154523446,0.044116222760290556,-0.12918115782522563,-0.20086066475896985,0.2665045124367158,0.20293198327096632,-0.18304644508034337,-0.11466988480624937,-0.3474003962139555,-0.2619392471934845,0.04092229804094211,-0.1956900726392252,-0.14774378164208674,0.1265859564164649,0.3341470394012767,0.21817741580453445,0.2811688311688312,0.2998987453224741,0.2688311688311688,0.15960158485582215,0.15394893242350868,0.17207792207792208,0.44400396213955534,0.2237640325775919,0.09107638124587276,-0.22421307506053267,0.10142416905128769,-0.13299141536429673
#11,0.5861479198767334,1.0,0.30624477217697554,0.39221219458507595,0.36341184239489327,0.2886330618534008,0.16731895223420648,0.3176777459828307,0.2184305524983491,0.30137134052388287,0.20713625357693155,0.21635042923178516,0.07769535549196566,-0.06842615012106537,-0.22272066916134714,-0.000438036539731455,0.006330618534008364,0.2356746643187321,-0.09086066475896984,-0.008012326656394453,-0.198003521901827,-0.009788685890380806,-0.39917455425930004,-0.248234646709223,-0.2946136913933524,-0.011899625797930883,-0.2461369139335241,-0.008120184899845917,0.13988333700198108,0.21320713185119966,0.04733215936605767,0.1159850319172353,0.10794629099713846,0.011124807395993837,0.09956196346026855,-0.1096302003081664,0.020843055249834912,0.04567246313009025,0.10112260620735197,-0.006434074400176095,-0.06685890380805636,0.2076007043803654,0.09644948272066917,0.060651551837992514,0.04752586396654193,-0.2527360774818402,0.036693814659916356,0.13282632621615673,0.12085186000440237,-0.03585736297600704,0.23118864186660798,0.09427030596522122,-0.06677305745102355,-0.0664935064935065,-0.315544794188862,-0.029698437156064274,-0.17455866167730574,-0.10654633502091129,-0.1342659035879375,0.09153422848338102,0.11417125247633722,-0.006623376623376623,-0.3325423728813559,-0.257904468412943,0.25412502751485805,0.02677525863966542,-0.020761611270085845,-0.20268765133171912,0.20811798371120405,0.17070217917675545,0.3503587937486243,0.17349108518600043,-0.07769535549196566,-0.19988113581333922,-0.023295179396874314,-0.020783623156504512,0.0913317191283293,-0.00014968082764692933,-0.20381465991635483,-0.03907550077041602,0.2740721989874532,0.0373695795729694,-0.08140655954215276,0.19286594761171033,0.3482852740479859,0.0760510675764913,-0.050550297160466655,-0.025285053929121726,0.267343165309267,-0.03546995377503852,0.021222771969391267,-0.10728153202729473,-0.12302443319392473,0.05307065815540392,0.020574510235527185,-0.12529605987233106,-0.07760950913493286,0.15444199867928682,0.0764274708342505,0.11839093110279551,0.1869953775038521,0.1452212194585076,0.10774378164208673,0.1891239269205371,0.08510675764913053,0.31026854501430773,0.11150781421967863,0.09999779881135813,0.08701518820162887,0.17445740699977988,-0.07071538630860665
#12,0.5340039621395554,0.30624477217697554,1.0,0.6830948712304644,0.18272507153863085,0.2819546555139775,-0.24175654853620956,-0.1471054369359454,0.057790006603565924,0.4961281091789566,0.07944750165089148,-0.060677966101694916,-0.1147589698437156,-0.3000132071318512,-0.15837552278230244,-0.13520801232665638,0.5581267884657715,0.569603786044464,0.03506493506493506,0.08497248514197667,-0.21608408540611931,-0.04445080343385428,-0.06935064935064936,-0.05381465991635483,0.10359013867488444,0.2298547215496368,0.019654413383226942,0.07582654633502091,0.3945696676205151,0.30370900286154523,0.18044904248294077,-0.013746423068456966,0.12451904028175215,0.4140699977988114,-0.1200132071318512,0.29954655513977546,0.004006163328197226,0.14459828307285935,0.11519040281752146,0.079933964340744,0.10152102135152982,0.4487497248514198,0.22208892802113142,0.24605767114241692,-0.2817279330838653,-0.09670922298040942,0.13747083425049528,0.4506031256878715,0.3074972485141977,0.2863746423068457,0.27819722650231127,0.15574069997798812,0.2109090909090909,-0.11645388509795289,-0.13509355051727934,0.18955095751705922,-0.48184899845916795,-0.2346004842615012,-0.07126348228043143,-0.10197886858903808,-0.27418886198547215,-0.2465133171912833,-0.08661677305745102,-0.31015848558221437,0.4023530706581554,0.2029605987233106,-0.4174620294959278,-0.4022077922077922,0.3268412942989214,0.39908650671362533,0.4372991415364297,0.3693748624257099,-0.07579793088267664,-0.0774356152322254,-0.2238895003301783,-0.08500770416024653,-0.23213515298261062,-0.20164428791547437,0.11404138234646709,0.17377503852080123,-0.04823464670922298,0.2610191503411842,-0.13635923398635263,-0.1204688531807176,-0.13798151001540832,-0.5522099933964341,-0.24653092670041823,0.3701562843935725,0.15837112040501872,-0.03970724191063174,0.14358801650234207,-0.27088487783403037,-0.09255558001320713,-0.15345806735637244,-0.19105877173673783,0.11306625577812018,0.2504644508034339,0.6127646929341845,0.5462821923838873,0.46757869249394673,0.6106669601584855,0.5863482280431433,0.280840854061193,0.33554919656614574,0.1063944530046225,0.34851419766674,0.33125467752586396,-0.07663438256658596,-0.3033744221879815,-0.11565045124367158,-0.3210609729253797
#13,0.5593814659916355,0.39221219458507595,0.6830948712304644,1.0,0.19869249394673125,0.3010037420206912,-0.30459388069557564,0.030187101034558662,0.036224961479198764,0.5302333259960379,0.06553819062293638,-0.112656834690733,-0.15189962579793087,-0.33503852080123264,-0.24473695795729694,-0.14132071318511996,0.5299911952454325,0.3125357693154303,0.028809156944750166,0.22584415584415585,-0.1694981289896544,0.04023992956196346,-0.29826326216156723,0.022207792207792208,-0.06960378604446402,0.26818842174774377,0.054554259300022015,0.15895883777239708,0.34790006603565926,0.3471604666519921,0.1557869249394673,-0.03484701738939027,0.1325709883337002,0.3618181818181818,0.040975126568346905,0.24582434514637905,0.032022892361875416,0.1261567246313009,0.1748117983711204,0.00737178076161127,0.19428131190843057,0.39913713405238826,0.2718842174774378,0.25532027294739157,-0.24306405458947833,-0.26587717367378383,0.26458507594100816,0.4684899845916795,0.173449262601805,-0.020215716486902926,0.1982522562183579,0.04688972044904248,0.08955976227162668,-0.20322033898305084,-0.21300902487343165,0.09939907550077041,-0.40686550737398197,-0.15393792648029936,-0.03975346687211094,-0.04257979308826766,-0.176913933524103,-0.07885097952894563,-0.09916574950473256,-0.21940347787805414,0.3953951133612151,0.039601584855822144,-0.26112260620735195,-0.28486682808716707,0.36099713845476555,0.4237090028615452,0.35842835130970724,0.2309685230024213,-0.027633722209993397,0.015219018269865728,-0.09168611049966982,0.03964340744001761,-0.15441338322694254,-0.15972485141976667,-0.02579352850539291,0.10503191723530707,-0.010530486462689852,0.26345366497908873,-0.07889060092449923,-0.05163988553819062,-0.06720889280211315,-0.37887959498128987,-0.17735417125247635,0.4102685450143077,0.1552410301562844,-0.15769535549196567,0.012336568532121906,-0.17777019590578913,-0.057393792648029934,-0.050378604446401055,-0.0011468192824125028,-0.14327536869909752,0.24271626678406338,0.5094915254237288,0.3959057891261281,0.4120118864186661,0.3824983491085186,0.43687431212854944,0.07068456966762052,0.31997798811358136,0.03167510455646049,0.45996478098173016,0.2608496588157605,0.12330618534008364,-0.16179837112040502,-0.021391151221659695,-0.14841954655513978
#17,0.2813647369579573,0.36341184239489327,0.18272507153863085,0.19869249394673125,1.0,0.39799031476997576,0.10317411402157164,0.046828087167070216,-0.17586396654193265,0.11019370460048426,0.009812898965441338,0.3718952234206471,0.03868589038080564,-0.09227823024433193,-0.4390666960158486,-0.03666960158485582,-0.13509795289456306,0.03730794629099714,-0.02988994056790667,-0.06632401496808277,-0.3671648690292758,-0.1128417345366498,-0.2185494166850099,0.016797270526084086,-0.20981950253136694,-0.05793748624257099,-0.1190777019590579,0.004364957076821483,0.02906009244992296,0.2622848338102575,-0.15414924058991855,-0.009005062733876293,0.017596302003081665,0.13715606427470833,0.07297820823244552,0.14751045564604887,-0.1594078802553379,-0.005203609949372661,-0.16734756768655074,0.04175654853620955,0.32339643407440016,0.3720581113801453,-0.021626678406339424,0.16029055690072638,-0.2281928241250275,-0.04608628659476117,0.10350429231785165,0.08924719348448162,0.03726612370680167,-0.20672022892361874,-0.04810477657935285,-0.026550737398195027,-0.1448117983711204,0.19635042923178517,-0.17529826106097293,-0.03206031256878714,-0.1333612150561303,-0.030488663878494388,-0.09471274488223641,0.06415364296720229,0.2003279771076381,0.19222980409421087,-0.14269425489764473,-0.25617433414043583,-0.029335241030156285,-0.14610169491525424,0.0499801893022232,0.03840413823464671,-0.13836671802773498,-0.028412942989214176,-0.07605987233105878,-0.13356152322254017,-0.12045564604886638,-0.04484261501210654,0.03719128329297821,-0.08174994497028396,0.05939687431212855,-0.013158705701078582,-0.0650693374422188,-0.003312788906009245,0.29498128989654415,0.2495971824785384,-0.04471274488223641,0.1545234426590359,0.23517719568567025,0.22945410521681708,0.3318908210433634,0.3462821923838873,0.5204820603125688,-0.12999779881135815,0.31525991374642337,0.004404578472375083,0.17151882016288797,0.13799471714725953,0.1481488003521902,-0.18194144838212634,0.08553598943429452,0.0413977547875853,0.25657715166189743,-0.11299361655293859,0.004499229583975347,0.16567026194144838,0.13010785824345147,-0.033345806735637244,0.04767554479418886,0.13260620735197007,0.2148646268985252,0.10532907770195905,0.1309024873431653,0.25058551617873653,0.12473255558001321
#18,0.3119986792868149,0.2886330618534008,0.2819546555139775,0.3010037420206912,0.39799031476997576,1.0,-0.2229275808936826,0.06095971824785384,-0.08136253576931543,0.1225841954655514,-0.1561699317631521,0.3723134492626018,0.35809597182478536,-0.34230904688531805,-0.0847325555800132,-0.3771384547655734,0.07255998239049087,0.29687871450583314,0.138102575390711,-0.1256614571868809,-0.28228483381025754,-0.25529165749504734,0.019768875192604007,0.17094651111600265,-0.055595421527624915,0.017402597402597402,-0.09931763152102135,-0.015932203389830507,0.3174488223640766,0.5228527404798591,0.052476337222099934,-0.06560642747083426,0.03333700198106978,0.004789786484701739,0.1945102355271847,0.1737640325775919,0.02068677085626238,-0.027026194144838214,-0.17026854501430772,0.05328417345366498,0.19795289456306406,0.22464450803433855,0.2648448162007484,0.13855381906229364,-0.2446401056570548,-0.04041382346467092,0.004670922298040942,0.1796103896103896,-0.0034228483381025755,-0.010407219898745322,-0.14914593880695576,-0.19807616112700857,-0.15524983491085187,0.13195905789126128,-0.27156724631300905,-0.02332379484921858,-0.11815320272947391,-0.20489324235086948,-0.05155183799251596,-0.0669931763152102,-0.1776007043803654,-0.18328637464230685,0.004536649790887079,-0.44076161127008584,0.19247413603345806,-0.16062953995157386,-0.28484261501210656,-0.46956196346026857,0.013279771076381246,-0.07282632621615673,0.13597622716266783,-0.20720669161347127,0.04707462029495928,-0.055934404578472374,0.023935725291657495,-0.20004842615012106,-0.06430772617213296,-0.20661677305745102,0.16003742020691172,0.19914593880695575,0.4150407219898745,0.6152124147039402,0.2154193264362756,0.03822584195465551,0.0712392692053709,-0.03520360994937266,-0.24412942989214176,0.30291657495047325,0.17121725731895224,0.12913493286374642,0.26412297167237747,0.0055447941888619855,0.11718908210433635,-0.14599603786044463,-0.08514417785604227,-0.0715364296720229,0.20056130310367598,-0.02837112040501871,0.264653312788906,0.03855161787365177,0.0845146379044684,0.19890380805635044,0.2758309487123046,0.025738498789346247,0.1593198327096632,0.12714065595421528,0.1961237068016729,-0.1606449482720669,-0.07775038520801232,0.020757208892802113,-0.14057671142416905
#26,-0.19905569007263924,0.16731895223420648,-0.24175654853620956,-0.30459388069557564,0.10317411402157164,-0.2229275808936826,1.0,0.23935285053929123,0.09426370239929562,-0.046246973365617436,0.17871890821043362,-0.04387849438696896,0.1922672243011226,0.6686110499669822,-0.05811358133392032,0.2266255778120185,-0.19734096412062513,-0.13948272066916134,-0.26869029275808937,-0.0287937486242571,-0.11988773937926481,-0.02114241690512877,-0.237904468412943,-0.2678978648470174,-0.3339533348007924,-0.21717147259520142,-0.3297556680607528,-0.1574884437596302,-0.14557340964120624,-0.26039621395553597,0.07393792648029936,0.04320493066255778,0.010702179176755448,-0.3165133171912833,0.06217477437816421,-0.17025093550517278,-0.1327690953114682,-0.06809156944750165,-0.21684569667620515,-0.18235747303543914,-0.08911732335461149,-0.03173233546114902,-0.1317015188201629,-0.2313119084305525,0.05506713625357693,-0.01883116883116883,-0.06457186880915694,-0.20176315210213516,-0.02914373761831389,-0.054136033458067355,-0.007825225621835791,0.024422187981510017,-0.10889720449042482,-0.013158705701078582,-0.23409861325115564,-0.2724235086946951,0.09955976227162668,-0.019907550077041602,-0.21704380365397313,0.0691569447501651,0.3360488663878494,0.466253576931543,-0.24761171032357474,0.15204050187101034,-0.15523882896764252,-0.15589698437156063,0.6039621395553599,0.6147149460708783,-0.08894342945190403,-0.16294959278010127,0.1530662557781202,0.05601144618093771,0.15714285714285714,0.10425709883337002,0.28152542372881356,0.26709443099273605,0.4579110719788686,0.3559806295399516,-0.12042703059652213,-0.20027514858023332,-0.008523002421307506,-0.2843825665859564,-0.12285934404578472,0.13470834250495267,0.28471054369359455,0.2699119524543253,0.23916795069337443,-0.21747083425049527,0.023009024873431653,-0.05743121285494167,0.017744892001374028,0.20323354611490205,-0.1392692053709003,0.10026634382566586,0.05952234206471495,-0.12082324455205812,-0.3059806295399516,-0.17567246313009025,-0.35858023332599603,-0.14857142857142858,-0.08206911732335462,-0.08191283292978208,0.1602377283733216,0.058393132291437375,0.038705701078582434,-0.0886418666079683,0.003431653092670042,0.3283248954435395,0.41595421527624915,0.24355491965661458,0.10585956416464891
#49,0.31966982170372,0.3176777459828307,-0.1471054369359454,0.030187101034558662,0.046828087167070216,0.06095971824785384,0.23935285053929123,1.0,0.15430112260620735,0.07406559542152763,0.11820383006823684,0.1051749944970284,0.3630376403257759,0.20925599823904908,-0.09071538630860665,0.07903147699757869,-0.13004182258419547,-0.05541492405899186,-0.18084525643847676,-0.05581994276909531,-0.229966982170372,-0.07372661237068016,-0.3554853620955316,-0.23364296720228925,-0.39411182038300685,0.03330398415144178,-0.3659718247853841,-0.244884437596302,0.08918115782522562,0.02295399515738499,0.17076821483601146,-0.18290336781862204,0.0623068456966762,-0.24843495487563283,-0.008529605987233105,-0.18952894563064054,-0.06693814659916354,0.08535989434294519,-0.23711644287915473,-0.07790446841294299,0.018945630640545896,0.030327977107638123,0.11022232005282853,-0.09377944089808496,0.0945806735637244,-0.22616993176315212,0.062788906009245,0.061294298921417564,-0.03408980849658816,-0.16523662777900067,0.010851860004402377,-0.12600044023772838,-0.15400616332819722,-0.19081884217477438,-0.31786704820603123,-0.2255976227162668,-0.10971824785384107,0.07763592339863526,-0.12613471274488225,-0.14430332379484923,0.15719348448162007,0.09782302443319392,-0.16916574950473257,-0.06617213295179397,0.19426150121065375,-0.4697380585516179,0.24088928021131412,0.09175654853620956,0.10297380585516179,-0.06701518820162888,0.11547875852960598,-0.07111160026414264,0.21946070878274268,0.0798877393792648,0.17571648690292757,0.09873211534228483,0.24695355491965662,0.15579132731675105,-0.15204710543693595,0.007023992956196346,0.03993176315210214,0.09445740699977988,0.20588157605106758,0.12522342064714945,0.08435174994497029,0.15987233105877174,-0.14095091349328637,-0.06321153422848338,-0.05709222980409421,-0.14528945630640547,-0.11534344890132107,-0.3348117983711204,-0.23903587937486243,-0.00039621395553598944,-0.2067620515078142,-0.1770658155403918,-0.05907770195905789,-0.23445520581113802,-0.18275368699097513,0.045874972485141975,-0.08592339863526305,-0.08497248514197667,-0.1692163768434955,-0.08887739379264803,0.09091129209773277,0.24997798811358132,0.1349570768214836,0.14502531366938146,0.13040501871010346,0.248234646709223,0.09790887079022673
#50,0.08388729914153643,0.2184305524983491,0.057790006603565924,0.036224961479198764,-0.17586396654193265,-0.08136253576931543,0.09426370239929562,0.15430112260620735,1.0,0.2407175874972485,0.39293638564825006,-0.013090468853180718,0.19170372000880476,0.2678978648470174,0.07126788465771516,-0.21933083865287256,0.07384107418005723,0.03598943429451904,-0.12992515958617654,-0.14175874972485142,0.02706141316310808,-0.007856042262821925,-0.02875192604006163,0.010121065375302664,0.13635042923178517,0.162755888179617,-0.06204490424829408,-0.11914153642967203,-0.0629407880255338,-0.047017389390270746,-0.10026194144838213,-0.10933083865287255,0.06456086286594762,0.14641646489104115,-0.16578912612810917,-0.021060972925379704,-0.16025313669381466,-0.24727492846136914,-0.05228923618754127,0.06104556460488664,-0.21869689632401496,0.10261501210653753,-0.10319172353070657,-0.122590799031477,0.02358133392031697,-0.07152762491745543,0.07295399515738499,0.07504732555580013,-0.10154083204930663,0.03343385428131191,0.10388289676425269,0.09191063174114021,-0.006640986132511556,-0.14937486242570988,-0.1326370239929562,-0.026834690732995818,-0.037574290116662995,-0.34880255337882454,0.08259300022011887,0.07302443319392472,0.1387673343605547,-0.026621175434734756,-0.057686550737398194,0.08122386088487783,-0.027814219678626458,0.004098613251155624,0.25721549636803875,0.04274708342504953,0.19305524983491085,0.24197226502311248,0.36555580013207134,0.16010565705480959,0.11389170151882017,0.05764913053048646,-0.14597402597402598,0.07426370239929563,0.010068236847897864,-0.027497248514197666,0.024739159145938806,-0.012557781201848998,-0.09239049086506713,0.010022011886418667,0.07683028835571208,-0.08339643407440017,0.07557561082984812,0.058335901386748844,0.05941888619854722,-0.03704600484261501,0.1284701738939027,0.039922958397534666,-0.08290561463000079,0.040933303984151445,0.12257539071098393,0.10798371120405019,0.07004402377283733,0.16524323134492627,-0.0675808936825886,0.09633061853400836,0.01037640325775919,0.04831168831168831,0.07521241470394013,0.0337574290116663,-0.10084305524983492,0.12695795729694034,-0.11062073519700638,0.11777679947171472,0.05191503411842395,0.06745762711864407,0.0224653312788906,0.11381245872771296,0.04208012326656394
#51,0.3477834030376403,0.30137134052388287,0.4961281091789566,0.5302333259960379,0.11019370460048426,0.1225841954655514,-0.046246973365617436,0.07406559542152763,0.2407175874972485,1.0,0.1631565045124367,-0.07962579793088267,0.16675544794188862,-0.07915694475016509,-0.11713405238828968,-0.33076821483601143,0.580281752146159,0.10781642086726832,-0.0033942328857583096,0.07755227823024433,0.040887079022672246,-0.02848117983711204,-0.01905348888399736,0.1686880915694475,0.1740083645168391,0.33569667620515076,0.027030596522121947,0.03147919876733436,0.261798371120405,0.24727933083865286,0.09480079242791108,-0.19246092890160688,0.24189082104336343,0.17266123706801673,-0.08618534008364517,0.1536979969183359,0.0488663878494387,0.02318511996478098,0.23575390710983932,0.12881135813339203,0.17874972485141977,0.3488509795289456,0.18703499889940567,-0.06319612590799031,-0.1318798151001541,-0.3193132291437376,0.13250055029716046,0.18482060312568788,-0.011373541712524764,-0.02927801012546775,0.1362689852520361,-0.08819282412502752,0.1840215716486903,-0.28701078582434514,-0.038073959938366715,0.10354391371340524,-0.2935681267884658,-0.26351970063834473,-0.022441118203830067,-0.08912832929782083,-0.1494783182918776,-0.056163328197226504,-0.15180277349768875,-0.25349548756328416,0.22450143077261722,0.08334800792427911,-0.19929561963460268,-0.1915760510675765,0.3473145498569227,0.20190182698657275,0.2884107418005723,0.2164538850979529,-0.0389324235086947,-0.27213295179396874,-0.1251089588377724,-0.07358133392031697,-0.06704160246533128,-0.14491745542593001,0.11472375082544574,0.041639885538190625,-0.046788465771516616,0.08399515738498789,0.06842615012106537,-0.22139555359894342,-0.2533876293198327,-0.29958397534668724,-0.08185119964780982,0.2377856042262822,0.20938366718027734,-0.2518445960818842,-0.11342731313413182,-0.11004182258419547,0.056806075280651555,-0.040336781862205594,-0.012931983270966322,0.13282632621615673,0.21413823464670922,0.5010631741140216,0.24461149020471054,0.31977988113581335,0.23768214836011445,0.38048206031256876,0.04770856262381686,0.2556306405458948,-0.07385428131190844,0.3885075941008144,0.21309487123046444,0.09322474136033458,-0.07595861765353291,-0.0662689852520361,-0.12972925379705041
#52,0.20344045784723752,0.20713625357693155,0.07944750165089148,0.06553819062293638,0.009812898965441338,-0.1561699317631521,0.17871890821043362,0.11820383006823684,0.39293638564825006,0.1631565045124367,1.0,-0.1286088487783403,0.1136979969183359,0.39802333259960376,-0.1745344486022452,-0.10525643847677746,0.2208650671362536,-0.010878274268104777,-0.11060092449922958,0.17068016729033678,-0.05978648470173894,-0.035023112480739596,-0.1664274708342505,-0.1893858683689192,-0.010440237728373322,0.1298745322474136,-0.17616773057451024,-0.1511270085846357,0.0376469293418446,-0.21373541712524763,0.1358661677305745,0.05887079022672243,0.13299141536429673,-0.04154963680387409,0.04831388950033018,-0.003711204050187101,-0.06650891481399956,-0.06458287475236628,-0.01333480079242791,-0.09438917015188202,-0.05220338983050848,0.07206471494607088,-0.060873871890821045,-0.007076821483601145,0.19209112920977328,0.0015232225401716926,0.11979528945630641,0.12460928901606867,0.19020250935505173,-0.018355712084525643,0.1581135813339203,0.10963240149680828,-0.03554259300022012,-0.029887739379264804,-0.22564604886638784,-0.13778780541492405,-0.140264142637024,-0.22962139555359895,0.04156944750165089,0.0033722209993396436,0.15962799911952455,-0.049775478758529605,-0.10886198547215496,0.040572309046885316,0.14337662337662338,-0.153251155624037,0.34110499669821703,0.2644309927360775,0.21694695135373102,0.24334580673563724,0.2198481179837112,0.252062513757429,0.13152762491745543,0.0017917675544794189,-0.10562183579132732,-0.008342504952674443,0.06656174334140436,-0.02728813559322034,0.07011666299801893,0.038327096632181375,-0.2083447061413163,-0.32079903147699756,0.09070438036539731,-0.0960180497468633,0.07706361435174995,0.19250275148580234,0.020101254677525864,-0.05294298921417565,0.010840854061193044,-0.198003521901827,-0.09574185325879353,-0.024882236407660137,-0.041657495047325556,0.16285274047985912,0.034902047105436936,0.009733656174334141,-0.033317191283292975,0.12122826326216157,-0.07058771736737839,0.06987233105877173,0.10781201848998459,0.16782962799911952,-0.04062953995157385,0.1543979749064495,-0.05716046665199208,0.14130750605326878,0.015921197446621176,0.10069337442218798,0.02591679506933744,0.12439137134052389,-0.05520140876073079
#53,0.07177195685670262,0.21635042923178516,-0.060677966101694916,-0.112656834690733,0.3718952234206471,0.3723134492626018,-0.04387849438696896,0.1051749944970284,-0.013090468853180718,-0.07962579793088267,-0.1286088487783403,1.0,0.20210873871890822,-0.2965573409641206,-0.043145498569227385,-0.230759410081444,-0.1482456526524323,0.07401716927140656,0.1647325555800132,-0.13751705921197446,-0.09726392251815981,0.0038542813119084307,0.15574510235527184,0.11694034778780542,0.019751265683469073,0.004941668500990535,-0.05719568567026194,-0.2255954215276249,0.15011446180937707,0.36609509134932866,-0.07750385208012327,0.1659123926920537,0.16496808276469294,-0.04082984811798371,0.12480079242791108,-0.08534008364516839,0.26667180277349767,0.0575280651551838,0.0437772397094431,0.07095751705921198,0.08428131190843055,-0.0007065815540391811,0.10654853620955315,0.06517279330838653,0.07949372661237068,0.24229804094210874,-0.08040942108738719,-0.14631741140215718,-0.04924499229583976,-0.024019370460048425,-0.02326436275588818,-0.21480739599383666,-0.0072793308386528725,0.10632621615672463,-0.10982610609729254,0.0028505392912172574,-0.05189302223200528,-0.15612150561303104,0.11939467312348669,0.09861765353290777,0.13880915694475016,-0.17012987012987013,0.046621175434734756,-0.2523332599603786,-0.10857362976007044,-0.09318511996478099,-0.1549372661237068,-0.2287805414924059,-0.06863306185340083,-0.1488597842835131,-0.1254193264362756,-0.15977107638124588,-0.12386308606647589,-0.22051727933083864,-0.1691811578252256,-0.46802333259960377,-0.1585758309487123,-0.30481620074840415,0.2186748844375963,0.15877834030376403,0.45564825005502974,0.174191063174114,0.06827426810477658,0.2159718247853841,0.24348448162007483,0.1682522562183579,0.04164208672683249,-0.016544133832269426,0.030627338762931982,0.35011886418666077,0.2943783262042743,0.11945410521681708,0.2374818401937046,0.06153642967202289,0.015936605767114243,-0.006473695795729694,0.09104556460488664,-0.17527845036319611,-0.07815100154083204,-0.17354831609068896,-0.0724785384107418,0.13720889280211315,0.1717807616112701,-0.05699537750385208,-0.08445960818842174,0.052716266784063395,-0.05087387189082104,-0.20960818842174775,-0.08348888399735857,0.1366784063394233,0.016335020911292096
#54,0.05890600924499229,0.07769535549196566,-0.1147589698437156,-0.15189962579793087,0.03868589038080564,0.35809597182478536,0.1922672243011226,0.3630376403257759,0.19170372000880476,0.16675544794188862,0.1136979969183359,0.20210873871890822,1.0,0.14215936605767115,0.04244772176975567,-0.1948117983711204,0.012639225181598063,0.014164648910411623,-0.25287034998899405,-0.16968743121285493,-0.24260180497468634,-0.20601584855822144,0.18001540832049306,0.17511336121505613,0.023662777900066035,0.04654413383226943,-0.0747589698437156,-0.04069997798811358,0.05944530046224961,0.30618754127228703,0.25773717807616114,-0.12335020911292098,0.2007307946290997,-0.23998239049086506,0.14978648470173894,-0.1730838652872551,0.04115562403697997,-0.07430112260620735,-0.28003742020691175,-0.09546335020911292,0.1202047105436936,-0.025181598062953996,0.0720493066255778,-0.1529738058551618,-0.027329958177415806,-0.02305745102355272,-0.1304270305965221,-0.04829187761391151,-0.06366057671142417,0.056863306185340086,-0.14514637904468414,-0.2966960158485582,-0.13047545674664318,-0.005954215276249174,-0.3511160026414264,-0.25523882896764255,0.061954655513977545,-0.14274488223640766,0.16049086506713625,-0.13220338983050847,-0.07377944089808497,-0.09391151221659697,-0.08577591899625799,-0.17178736517719567,-0.11970504072198987,-0.25169491525423726,0.11565265243231344,-0.011710323574730355,-0.030620735197006383,-0.19570548095971824,0.02681928241250275,-0.1735791327316751,0.1428021131410962,-0.06438256658595641,0.008679286814880035,-0.2257230904688532,0.07902707462029496,0.0075192604006163325,0.3539687431212855,0.1147655734096412,0.1658727712965001,0.20006383447061413,0.5686638784943869,-0.19909311027955096,0.1487277129650011,0.14325115562403698,-0.2428615452344266,-0.03552498349108519,0.00476337222099934,0.10188201628879595,0.08298705865456829,0.24480299361655294,0.060358793748624254,0.011347127448822363,-0.04288135593220339,0.20714505833149902,0.03236187541272287,-0.3000066035659256,-0.24779000660356593,-0.23717367378384327,-0.282722870349989,0.16352850539291217,0.3495531587057011,-0.08690953114681928,-0.19807175874972485,-0.1278912612810918,-0.08343605546995378,-0.10731454985692274,-0.042157164869029276,-0.03631741140215716,-0.021124807395993837
#58,-0.222590799031477,-0.06842615012106537,-0.3000132071318512,-0.33503852080123264,-0.09227823024433193,-0.34230904688531805,0.6686110499669822,0.20925599823904908,0.2678978648470174,-0.07915694475016509,0.39802333259960376,-0.2965573409641206,0.14215936605767115,1.0,0.03706361435174994,0.19913493286374642,-0.1441646489104116,-0.10589258199427691,-0.19055029716046665,0.022676645388509796,-0.06729914153642967,-0.14190843055249835,-0.0899471714725952,-0.23624036979969185,-0.09049526744441999,-0.18451683909311029,-0.13718688091569448,-0.19040942108738718,-0.26141536429672024,-0.3371648690292758,0.0886088487783403,-0.09834470614131631,-0.006603565925599824,-0.35014307726172134,0.011703720008804755,-0.07927580893682588,-0.21340303764032578,-0.14615892581994278,-0.18705701078582435,-0.2285956416464891,-0.11329738058551618,-0.04167950693374422,-0.39477657935285054,-0.1585230024213075,0.13249394673123488,-0.07176755447941889,0.03909751265683469,-0.14207351970063833,0.0002971604666519921,-0.06008364516839093,0.01198547215496368,0.13338983050847458,-0.07920757208892802,0.018769535549196567,-0.15054589478318292,-0.29674664318732114,0.1150759410081444,-0.11016729033678187,-0.09662777900066036,0.0199867928681488,0.14355051727933082,0.3002223200528285,-0.027167070217917675,0.3995795729694035,-0.08486242570988334,-0.11485582214395773,0.7046379044684129,0.6302333259960379,-0.07856482500550298,-0.006964560862865948,0.14577591899625797,0.04145938806955756,-0.005771516618974246,0.1457693154303324,0.14987012987012988,0.2681532027294739,0.19816861104996697,0.1675544794188862,-0.1123200528285274,-0.15308826766453884,-0.2884833810257539,-0.3193704600484262,0.055260840854061195,0.13479639005062735,0.23271186440677966,0.1768831168831169,0.19146379044684128,-0.2873167510455646,0.0037706361435174995,-0.09042482940788026,-0.12646275944463695,0.20967862645828747,-0.09966982170372,0.016136913933524104,0.01487343165309267,-0.027972705260840853,-0.25254237288135595,-0.1213845476557341,-0.2805723090468853,-0.03446401056570548,-0.03767554479418886,-0.07775038520801232,0.027202289236187543,0.10594981289896545,0.08858683689192164,-0.10657054809597183,0.020257539071098393,0.18240589918556022,0.25034558661677303,0.06391811578252256,0.13084085406119306
#101,-0.2717455425930002,-0.22272066916134714,-0.15837552278230244,-0.24473695795729694,-0.4390666960158486,-0.0847325555800132,-0.05811358133392032,-0.09071538630860665,0.07126788465771516,-0.11713405238828968,-0.1745344486022452,-0.043145498569227385,0.04244772176975567,0.03706361435174994,1.0,0.041399955976227164,-0.043948932423508696,0.008690292758089368,0.027785604226282193,-0.09296500110059432,0.35881135813339204,-0.18941888619854721,0.31638564825005505,-0.04659696235967423,0.17479859123926922,-0.10197886858903808,-0.08333480079242792,-0.24023552718467972,0.003885097952894563,-0.1909487123046445,-0.07220999339643408,-0.07880915694475016,-0.15926040061633281,-0.09564604886638785,-0.3686616773057451,-0.1311468192824125,-0.07419546555139775,-0.090099053488884,-0.07910411622276028,-0.08768214836011447,-0.2628065155183799,-0.36847457627118646,-0.12212194585075942,-0.12240149680827647,0.08664758969843715,0.0008848778340303764,-0.18843275368699097,-0.25182258419546555,-0.1920713185119965,-0.08084085406119304,-0.3536187541272287,-0.16662337662337662,-0.1494783182918776,-0.1787541272287035,0.14795949812898965,-0.08521021351529826,0.1578626458287475,-0.12713625357693153,-0.13548536209553158,-0.0761963460268545,-0.23360774818401936,-0.11101034558661678,0.19485582214395775,0.2382852740479859,-0.1688663878494387,-0.07414703940127669,-0.12261501210653752,-0.27536429672022894,0.07189082104336342,0.01849438696896324,0.12031036759850319,0.1414175654853621,0.04746423068456967,-0.03520801232665639,0.06557120845256438,-0.09662557781201848,0.046764252696456086,0.03823684789786485,0.07569447501650892,-0.030088047545674665,-0.07384107418005723,-0.0312788906009245,0.032458727712965,0.049436495707682146,-0.09464450803433855,-0.14598062953995158,-0.11861985472154964,-0.3564252696456086,-0.26172793308386527,-0.04296720228923619,-0.1663934439761665,0.050264142637023994,-0.055353290777019594,-0.2903477878054149,-0.09587717367378384,0.2336319612590799,-0.033678186220559105,-0.23800792427911072,-0.017875852960598723,-0.1224323134492626,-0.1924851419766674,-0.28453664979088705,-0.13705921197446622,-0.10882456526524323,0.06189962579793088,-0.2666519920757209,-0.17458947831829189,-0.1137706361435175,-0.0699801893022232,-0.20903587937486243,-0.07680827646929342
#102,0.0014329738058551618,-0.000438036539731455,-0.13520801232665638,-0.14132071318511996,-0.03666960158485582,-0.3771384547655734,0.2266255778120185,0.07903147699757869,-0.21933083865287256,-0.33076821483601143,-0.10525643847677746,-0.230759410081444,-0.1948117983711204,0.19913493286374642,0.041399955976227164,1.0,-0.17452564384767774,-0.09065815540391811,-0.25611490204710546,0.28560202509355054,-0.13629980189302224,0.17499229583975345,-0.2472176975566806,-0.18396434074400175,-0.3205414924058992,-0.0040149680827646925,-0.19970724191063174,-0.17027294739159146,-0.2134932863746423,-0.10835351089588378,0.09801672903367818,0.20417345366497908,-0.09224081003742021,-0.03284393572529166,-0.12334140435835352,-0.1570856262381686,0.029672022892361875,0.2626700418225842,-0.0662029495927801,-0.2234272507153863,-0.07207792207792207,-0.029621395553598943,-0.005302663438256658,0.05334800792427911,-0.07496588157605107,-0.18386748844375964,-0.09438696896324016,-0.1369491525423729,-0.07715826546335021,-0.11046004842615012,-0.0563614351749945,0.05185780321373542,-0.1160774818401937,-0.07706581554039181,-0.18320272947391592,-0.17273167510455645,-0.03483381025753907,0.188234646709223,-0.1685956416464891,-0.20267224301122605,0.18126128109178957,0.33058991855602027,-0.1257605106757649,0.2395839753466872,-0.050596522121945854,0.037589698437156066,0.1633017829627999,0.29561303103675984,0.0374818401937046,0.2538718908210434,0.10046885318071759,0.2671010345586617,0.10952234206471495,0.17648910411622276,0.11615452344265903,0.266616773057451,0.2474224081003742,0.35532247413603346,-0.3861193044243892,-0.10503191723530707,-0.07287034998899405,-0.15923838872991417,-0.11282192383887299,0.08391591459388069,0.24846797270526083,0.03744441998679287,0.11589918556020251,-0.16808056350429232,0.07735417125247633,-0.11044684129429892,-0.1995906887468323,-0.1890710983931323,-0.42849438696896325,0.04415804534448602,-0.07413163108078362,-0.16147259520140875,-0.09011446180937706,-0.04882896764252696,-0.08911732335461149,-0.049832709663218136,-0.08792648029936166,-0.16637904468412942,0.021087387189082103,-0.04048866387849439,0.007503852080123267,-0.12327977107638124,-0.09618534008364517,0.2941778560422628,0.06979088707902267,0.037860444640105656,0.09743781642086727
#201,0.26662998018930223,0.006330618534008364,0.5581267884657715,0.5299911952454325,-0.13509795289456306,0.07255998239049087,-0.19734096412062513,-0.13004182258419547,0.07384107418005723,0.580281752146159,0.2208650671362536,-0.1482456526524323,0.012639225181598063,-0.1441646489104116,-0.043948932423508696,-0.17452564384767774,1.0,0.3876447281532027,-0.05354831609068897,0.17575390710983932,0.09480959718247854,-0.11510455646048866,0.08781201848998459,0.09557120845256438,0.258696896324015,0.3297512656834691,0.10141316310807837,-0.04200748404138235,0.3218115782522562,0.15933744221879814,0.4183975346687211,0.13360334580673563,0.5094364957076821,0.26064935064935063,0.12559982390490865,0.17414483821263482,0.2941448382126348,0.17528945630640547,0.3136055469953775,0.16522342064714945,0.1651221659696236,0.20524543253356814,0.37459828307285936,0.05543253356812679,-0.23403697996918335,-0.21557340964120625,0.2989456306405459,0.36097732775698876,0.19815760510675764,0.11505833149900946,0.230099053488884,0.042326656394453,0.3286286594761171,-0.222293638564825,0.05115122165969624,0.2426502311248074,-0.3991833590138675,-0.39190402817521464,0.023240149680827646,-0.327310147479639,-0.3182610609729254,-0.09625797930882676,-0.17278010125467752,-0.3110675764913053,0.2813383226942549,0.12996918335901386,-0.3042064714946071,-0.26501210653753027,0.2720691173233546,0.39528945630640544,0.4294254897644728,0.3855271846797271,-0.019940567906669603,-0.03945630640545895,-0.2731256878714506,0.059599383667180275,-0.14024653312788907,-0.15657935285053928,0.27385208012326656,0.06515738498789346,-0.185544794188862,-0.05717587497248514,0.1063218137794409,-0.37971384547655734,-0.21589918556020252,-0.6151904028175215,-0.24846136913933525,0.33018710103455867,0.022650231124807397,-0.06170372000880475,-0.21268886896815292,-0.08773057451023553,-0.25072859344045784,-0.08832269425489764,-0.19140655954215277,0.2837772397094431,0.2536319612590799,0.7091635483160907,0.4125049526744442,0.5650847457627118,0.5045916795069337,0.6399713845476558,0.22938146599163547,0.5680145278450364,0.15701738939027074,0.5012480739599383,0.4431234866828087,0.023753026634382567,-0.1439423288575831,-0.3387541272287035,-0.4010829848117984
