,#10,#11,#12,#13,#17,#18,#26,#49,#50,#51,#52,#53,#54,#58,#101,#102,#201,#202,#301,#302,#401,#402,#501,#502,#601,#602,#701,#702,#801,#802,#901,#902,#1001,#1002,#1101,#1102,#1201,#1202,#1301,#1302,#1401,#1402,#1501,#1502,#1601,#1602,#1701,#1702,#1801,#1802,#1901,#1902,#2001,#2002,#2101,#2102,#2201,#2202,#2301,#2302,#2401,#2402,#2501,#2502,#2601,#2602,#2701,#2702,#2801,#2802,#2901,#2902,#3001,#3002,#3101,#3102,#3201,#3202,#3301,#3302,#3401,#3402,#3455,#3501,#3502,#3601,#3602,#3701,#3702,#3801,#3802,#3901,#3902,#4001,#4002,#4101,#4102,#4201,#4202,#4301,#4302,#4401,#4402,#4501,#4502,#4601,#4602,#4701,#4702,#4801,#4802
#10,1.0,0.35495927801012545,0.5172837332159366,0.42824345146379045,0.20493946731234866,0.2108430552498349,0.34930882676645386,0.3898503191723531,0.14138895003301782,0.41478758529605986,0.4557605106757649,0.13448382126348227,0.22600264142637025,0.2632621615672463,-0.18527845036319612,0.05469733656174334,0.40586176535329077,0.35817081223860886,-0.21148139995597623,-0.18724191063174114,-0.17853620955315871,0.1038432753686991,-0.026588157605106758,0.032729473915914596,0.07305524983491085,0.06659916354831609,0.06908430552498349,0.21397314549856922,-0.016847897864847017,0.05530046224961479,0.09218798151001541,-0.017541272287035,0.18360114461809376,-0.15767114241690514,0.004248294078802554,0.09646048866387849,0.07100594320933304,-0.058961038961038964,-0.1812326656394453,0.06571648690292758,0.030567906669601585,0.09687651331719128,-0.003856482500550297,0.04010345586616773,-0.08113361215056131,0.09213295179396874,0.20498128989654413,0.1465991635483161,0.12288355712084525,0.16500770416024654,0.26878934624697337,-0.12780321373541711,-0.06342504952674444,-0.11408320493066255,-0.13895443539511337,-0.19128329297820823,-0.44958177415804534,-0.2793418445960819,-0.2871824785384107,-0.34707682148360114,0.08045784723750825,0.24256878714505833,-0.2731763152102135,0.04824125027514858,0.22033898305084745,-0.04152982610609729,0.03854721549636804,0.11987012987012988,0.12637684349548756,0.21140655954215276,0.3741470394012767,0.4665375302663438,0.022386088487783402,0.17086286594761171,-0.15595421527624917,0.08721989874532247,0.15485582214395774,0.08908870790226722,0.050746202949592784,-0.04905789126128109,0.028115782522562183,0.24348448162007483,-0.1058859784283513,-0.10823904908650671,0.06526744441998679,0.08570768214836011,0.09597402597402598,-0.021146819282412504,0.1950231124807396,0.07775038520801232,-0.05363416244772177,-0.1187409200968523,-0.05467752586396654,-0.08233986352630421,-0.11776799471714726,0.419570768214836,0.0623530706581554,0.36983711204050185,0.25878494386968964,0.21380805635042924,0.21855381906229362,0.31449042482940787,0.04641206251375743,0.23200088047545675,0.23984151441778562,0.16724191063174115,0.12060972925379705,0.2170988333700198,0.09505392912172574,-0.11926480299361655,-0.2712722870349989
#11,0.35495927801012545,1.0,0.050442438917015185,0.06387849438696896,0.09161567246313009,0.052390490865067134,0.3101937046004843,0.11953114681928241,0.2945762711864407,0.4219656614571869,0.4786374642306846,0.18858683689192163,0.1346665199207572,0.15252036099493727,-0.16599383667180279,0.18276689412282632,0.15064494827206693,0.03662557781201849,-0.04669821703720009,-0.01952014087607308,-0.122623816861105,0.12961038961038962,-0.052509355051727935,0.177442218798151,-0.045144177856042265,0.2225643847677746,-0.19220559101915033,0.20981069777679948,-0.0200066035659256,0.049751265683469076,-0.16295399515738498,0.048305084745762714,-0.04011005943209333,0.0786352630420427,0.023702399295619635,0.07314769975786925,-0.0004688531807175875,-0.027699757869249393,-0.18723530706581554,0.05794629099713845,0.11419106317411402,-0.04388729914153643,0.07415364296720228,-0.0038388729914153644,0.06618754127228703,0.16177415804534448,0.036022452124147036,0.06697116442879154,-0.01811798371120405,0.1100858463570328,0.1297160466651992,-0.10022232005282852,-0.06956856702619414,-0.18866607968302884,-0.25635923398635263,-0.24614791987673343,-0.20248954435395114,-0.024375963020030818,-0.052124147039401277,-0.14383667180277349,0.011948051948051949,0.14724851419766674,-0.19669821703720008,-0.2522408100374202,0.22480739599383667,0.08344265903587937,-0.02207131851199648,-0.04697116442879155,0.050878274268104776,0.050953114681928244,0.004937266123706802,0.1611534228483381,-0.22129429892141755,-0.1291899625797931,-0.33286594761171034,-0.24556680607528064,-0.04519920757208893,-0.013792648029936166,-0.1495179396874312,0.04098833370019811,0.03779440898084966,0.017389390270746204,-0.019720449042482942,-0.08702839533348009,0.09206031256878715,0.03761171032357473,0.04896324014968083,0.043449262601804976,0.203053048646269,0.12432093330398415,-0.004094210873871891,-0.04252256218357913,-0.026517719568567025,-0.028795949812898965,0.025524983491085187,0.14568567026194146,0.15643627558881795,-0.0020977327756988772,0.07492185780321374,-0.1282984811798371,-0.12736737838432755,-0.17251595861765354,-0.13195465551397756,-0.09209112920977328,-0.154983491085186,0.14562843935725292,-0.03572749284613692,0.049718247853841074,-0.02277129650011006,0.048476777459828306,-0.022982610609729254
#12,0.5172837332159366,0.050442438917015185,1.0,0.6257825225621836,0.2940986132511556,0.3559586176535329,0.5709641206251376,0.12393792648029936,-0.06146158925819943,0.4492097732775699,0.16429451904028175,0.12964120625137573,0.3345608628659476,0.2742813119084305,-0.05773497688751926,-0.13575830948712306,0.6619854721549637,0.7026788465771516,-0.11734536649790887,-0.3678582434514638,-0.14695355491965661,-0.024666519920757208,0.027063614351749945,-0.2479572969403478,0.07858683689192164,-0.24357693154303323,0.13558221439577373,0.08447941888619855,0.18975786924939467,0.2506317411402157,0.17408320493066257,0.12758529605987234,0.3619766674003962,0.009828307285934404,0.13672243011226062,0.2499867928681488,0.26524543253356814,0.14538410741800573,0.1572837332159366,0.10440457847237508,0.3296257979308827,0.28346907329958176,0.006526524323134493,0.09406119304424389,-0.3193264362755888,-0.25310807836231564,0.14637023992956197,0.10397094430992736,0.10911512216596962,0.07146158925819943,0.3677437816420867,-0.05752366277790007,0.16034778780541492,0.2500726392251816,0.17447721769755667,0.2765375302663438,-0.5177327756988774,-0.4887409200968523,-0.2318181818181818,-0.31146158925819944,0.0884899845916795,0.21320713185119966,-0.3316266784063394,-0.1844243891701519,0.29990314769975784,-0.03568567026194145,-0.13152542372881357,-0.20965221219458507,0.1025709883337002,0.2130970724191063,0.48459388069557563,0.4663328197226502,-0.20378164208672683,0.012837332159366058,-0.21717147259520142,-0.004089808496588157,0.13134932863746424,0.08833149900946512,0.3280167290336782,0.10001760950913494,-0.040878274268104774,0.1013119084305525,0.09394453004622497,-0.1984437596302003,-0.171534228483381,0.09853400836451684,0.1329077701959058,0.10658155403918115,0.2870019810697777,-0.11107418005723091,-0.10974686330618534,-0.31500110059432096,-0.29381465991635486,0.0962425709883337,-0.06596302003081664,0.34127448822364076,0.028705701078582436,0.5882192383887299,0.3439797490644948,0.4305723090468853,0.43192163768434955,0.6370768214836011,0.04112260620735197,0.41031917235307064,0.4157957296940348,0.18761171032357474,0.32029275808936825,0.14845256438476778,-0.06149020471054369,0.004913053048646269,-0.26330178296279994
#13,0.42824345146379045,0.06387849438696896,0.6257825225621836,1.0,0.2092339863526304,0.3592229804094211,0.39366718027734976,0.15723310587717368,-0.0747127448822364,0.5676051067576491,0.17719568567026195,0.08003521901826986,0.25286594761171033,0.07838432753686991,-0.17490865067136255,-0.20764032577591898,0.6217279330838653,0.24960818842174776,-0.303893902707462,-0.42352190182698657,-0.24672903367818622,-0.285643847677746,-0.08176095091349328,-0.33699757869249397,-0.12563284173453665,-0.30588377723970944,0.06034338542813119,0.16412722870349988,0.14698657274928462,0.18540832049306624,0.284851419766674,-0.12242791107197887,0.3805502971604667,-0.03723750825445741,0.20763152102135152,0.11060972925379706,0.20459828307285935,0.04461369139335241,-0.11665419326436276,-0.027497248514197666,0.2622540171692714,0.057651331719128326,-0.15360774818401937,-0.2046665199207572,-0.2317807616112701,-0.016004842615012106,0.33217917675544795,0.26815540391811576,0.16836451683909312,0.14360334580673564,0.3180431432973806,-0.1535064935064935,-0.07058331499009465,0.023863086066475896,0.05160026414263703,0.017765793528505394,-0.23579572969403478,-0.3198106977767995,-0.15439357252916575,-0.358250055029716,0.17876293198327098,0.31804094210873873,-0.22091129209773278,0.012610609729253796,0.3486946951353731,0.09812678846577151,-0.18498789346246974,-0.11453004622496148,-0.11819062293638564,0.015480959718247854,0.28608628659476115,0.24894342945190404,-0.12843715606427472,-0.1341140215716487,-0.23681488003521903,-0.00046445080343385426,0.192392692053709,0.16232445520581112,0.12395553598943429,-0.17822584195465552,0.13300242130750606,0.22350209112920977,0.20233546114902048,-0.1816464891041162,-0.1881752146158926,0.07422628219238389,0.21568346907329958,0.08792427911071979,0.23004842615012105,0.03149460708782743,0.0026656394453004623,-0.082656834690733,-0.08877613911512217,0.04445080343385428,0.008203830068236847,0.11139335241030156,-0.03843715606427471,0.3905701078582435,0.26889060092449923,0.40902047105436934,0.4000880475456747,0.45672022892361874,0.09197226502311248,0.43621175434734755,0.4655844155844156,0.07006163328197226,0.33788025533788246,0.2779110719788686,0.2001915034118424,0.08607087827426811,-0.12315870570107858
#17,0.20493946731234866,0.09161567246313009,0.2940986132511556,0.2092339863526304,1.0,0.6711820383006823,0.3633083865287255,0.34674444199867926,0.152392692053709,0.2371054369359454,0.3102707462029496,0.4295641646489104,0.44525423728813557,0.3772243011226062,-0.06729253797050407,-0.25211314109619193,0.24368699097512656,0.1957274928461369,-0.13136253576931542,-0.25259960378604446,-0.2693660576711424,-0.15474796390050627,-0.18510675764913054,-0.40918996257979307,0.02312788906009245,-0.37076601364736955,-0.2730684569667621,-0.23907550077041603,0.3872903367818622,0.45005502971604666,0.30912612810917894,-0.026004842615012107,0.28864406779661017,0.06813339203169712,0.5543143297380585,0.322260620735197,0.46384327536869907,0.3506053268765133,0.3132291437376183,0.4632379484921858,0.4430618534008364,0.03921857803213735,0.46771516618974246,0.07900286154523442,0.08452344265903589,0.030541492405899186,0.12550297160466653,0.020550297160466652,-0.26331719128329295,-0.3511116002641426,0.21421527624917455,-0.2914241690512877,-0.11298481179837112,-0.17998899405679067,-0.048551617873651774,0.08721989874532247,-0.40859784283513095,-0.42698437156064273,-0.06901386748844376,-0.10446621175434735,0.15708342504952674,0.12402597402597403,0.16811138014527846,-0.08573849878934625,-0.13341844596081884,-0.21336781862205592,0.07250275148580233,-0.057336561743341403,0.2255954215276249,-0.026022452124147038,0.32481840193704603,0.23737838432753686,0.04534668721109399,0.07547875852960599,-0.20817081223860884,-0.10602905569007263,0.07234866828087166,-0.0735791327316751,0.14330618534008366,-0.10155183799251596,0.2568434954875633,0.4684701738939027,0.042766894122826325,0.1667378384327537,0.4120162887959498,0.22396434074400176,0.1442504952674444,0.38227823024433194,0.20161567246313009,0.3900066035659256,0.3947941888619855,-0.0026150121065375304,0.22313009024873431,-0.04539511336121506,-0.0236847897864847,-0.11710543693594541,-0.25502091129209775,0.1791745542593,0.048179616993176314,-0.05151441778560423,0.14071318511996478,0.32090028615452343,0.15118423948932425,0.08224961479198767,0.2924521241470394,0.1625313669381466,0.09513097072419106,0.15177635923398636,-0.130858463570328,0.025018710103455865,-0.04443099273607748
#18,0.2108430552498349,0.052390490865067134,0.3559586176535329,0.3592229804094211,0.6711820383006823,1.0,0.3815452344265904,0.3276997578692494,0.19786484701738938,0.28955535989434295,0.16117543473475676,0.26216376843495487,0.3116971164428792,0.41815760510675765,-0.13639225181598064,-0.279225181598063,0.3387343165309267,0.2755690072639225,-0.3400550297160467,-0.37571208452564386,-0.26049746863306183,-0.21567686550737397,-0.10652652432313449,-0.3095839753466872,0.011624477217697557,-0.2514417785604226,-0.18314549856922738,-0.19101254677525864,0.361765353290777,0.5404226282192384,0.4261831388950033,0.0009289016068677085,0.36814439797490645,0.14287915474356153,0.3703235747303544,0.287838432753687,0.36718247853841074,0.3035329077701959,0.14902927580893682,0.3512106537530266,0.3164406779661017,0.10159806295399516,0.28180937706361436,-0.07293198327096632,0.04731234866828087,0.12558441558441558,0.17563724411182038,-0.004783182918776139,-0.15036539731454987,-0.31585075941008145,0.14945410521681707,-0.30896103896103894,-0.16937926480299362,-0.12209333039841515,-0.006709222980409421,-0.008071758749724852,-0.27621835791327315,-0.3090468853180718,-0.16614791987673344,-0.19449262601804976,0.14552058111380145,0.0864274708342505,0.10553598943429451,-0.03240149680827647,-0.22627779000660356,-0.14268104776579352,-0.016121505613031037,-0.04397754787585296,0.2529055690072639,0.05352410301562844,0.2941030156284394,0.22520801232665638,0.0800726392251816,0.027620515078142196,-0.23606867708562623,-0.040554699537750385,0.05462249614791988,-0.06029055690072639,0.2927294739159146,-0.01458727712965001,0.49969403477878055,0.727457627118644,-0.266583755227823,0.20079903147699757,0.35886858903808055,0.0913515298261061,0.10311027955095751,0.2892956196346027,0.384010565705481,0.385181598062954,0.44676645388509795,0.1021747743781642,0.21537090028615452,0.013308386528725511,0.02656614571868809,-0.11592339863526305,-0.21447501650891482,0.10834910851860004,0.050614131631080785,0.012234206471494606,0.04532687651331719,0.2849240589918556,0.2828351309707242,0.21147919876733437,0.25864626898525206,0.195445740699978,0.17223860884877834,0.10513977547875852,0.03153422848338103,0.019238388729914152,-0.05255337882456527
#26,0.34930882676645386,0.3101937046004843,0.5709641206251376,0.39366718027734976,0.3633083865287255,0.3815452344265904,1.0,0.031322914373761834,0.10452344265903588,0.43900726392251815,0.36498128989654416,0.20045784723750826,0.391038961038961,0.260627338762932,-0.09588157605106758,0.046913933524103016,0.30701078582434516,0.2831256878714506,-0.14068456966762052,-0.17044464010565705,-0.18411182038300683,0.03886198547215496,-0.3142042703059652,-0.24867928681488002,-0.19669161347127448,-0.3122848338102575,-0.2799317631521021,-0.15459608188421747,0.23390710983931323,0.1213977547875853,0.048815760510675765,-0.12547655734096413,0.21240149680827647,0.03014307726172133,0.18850099053488883,0.2357406999779881,0.30567026194144836,0.251930442438917,-0.014596081884217477,0.22093330398415145,0.22749724851419767,0.15704600484261502,-0.006931543033237948,0.07044904248294079,-0.2314109619194365,-0.1141734536649791,-0.009106317411402156,0.0002487343165309267,-0.184884437596302,-0.09227162667840634,0.16926480299361654,-0.2950297160466652,-0.15486242570988334,0.048694695135373105,0.04164428791547436,0.1940215716486903,-0.38712744882236405,-0.20620074840413824,-0.19501210653753026,-0.30761831388950034,0.27333920316971166,0.2941316310807836,-0.4112458727712965,-0.293680387409201,0.1760906889720449,-0.17086066475896985,-0.08755227823024433,-0.10597622716266784,0.22190622936385648,0.29526304204270304,0.38003521901826987,0.3529077701959058,0.0460840854061193,-0.03014307726172133,-0.23935285053929123,-0.09939027074620295,0.27026634382566583,0.20696896324014968,0.26359674224081003,-0.05378824565265243,0.15141976667400397,0.1250693374422188,0.1310807836231565,-0.19323794849218578,-0.12276689412282632,0.18858903808056351,0.21804094210873873,0.18627999119524544,0.169372661237068,-0.07313009024873432,-0.11635263042042703,-0.22957296940347788,-0.28337882456526525,0.13266784063394232,0.054699537750385205,0.08537090028615453,-0.2059255998239049,0.15323354611490206,-0.08031036759850319,0.05578912612810918,0.04334360554699538,0.18926480299361656,-0.020079242791107198,0.05920537090028615,0.19996918335901387,0.05025974025974026,0.10349328637464231,0.3279881135813339,-0.029971384547655733,0.20275148580233326,-0.03153863086066476
#49,0.3898503191723531,0.11953114681928241,0.12393792648029936,0.15723310587717368,0.34674444199867926,0.3276997578692494,0.031322914373761834,1.0,0.6766718027734977,0.14111820383006823,0.3040237728373322,0.1674686330618534,0.15020691173233547,0.33474796390050626,-0.11261941448382126,-0.3136319612590799,0.2509222980409421,0.07131410961919436,-0.10461149020471054,-0.16716046665199208,-0.22352850539291216,-0.2426040061633282,-0.06654413383226943,-0.31264802993616553,-0.06783843275368699,-0.23747303543913714,-0.07798591239269205,-0.20593660576711423,0.11123486682808717,0.11773717807616113,0.1486088487783403,0.23491305304864626,0.09441558441558441,-0.11604006163328197,0.24457627118644068,0.0460378604446401,0.17650891481399955,0.10995597622716267,0.14079242791107197,0.029676425269645607,0.13848558221439577,-0.09073959938366719,0.34745982830728595,-0.07289016068677086,0.041646489104116224,0.038278670482060316,0.1258727712965001,0.07713185119964781,-0.09137134052388289,-0.2461567246313009,0.09874312128549417,-0.19740479859123927,-0.08844596081884218,-0.3259784283513097,-0.04729694034778781,-0.17811358133392033,-0.3087607307946291,-0.2504160246533128,-0.16404358353510895,-0.2489258199427691,0.195181598062954,0.13697336561743342,0.09813779440898085,-0.1739357252916575,-0.18719348448162007,-0.15482060312568788,0.12867268324895442,0.1038895003301783,0.23541492405899186,0.0764142637023993,0.4048404138234647,0.3450561303103676,0.26917015188201626,0.34593440457847235,0.050677966101694914,0.11863746423068457,0.10973365617433414,0.020341184239489326,0.11562403697996919,-0.13997138454765573,-0.03523002421307506,0.30912612810917894,-0.10658155403918115,0.08046665199207573,0.322029495927801,0.2670680167290337,0.12074620294959278,0.08218357913273168,0.01397094430992736,0.20112920977327756,0.3140744001760951,0.18425049526744441,0.2137772397094431,0.08069337442218798,-0.053440457847237506,0.06353510895883777,-0.1957803213735417,0.1328681488003522,-0.024807395993836672,0.028309487123046446,0.18847017389390272,0.18755227823024434,0.16836671802773498,0.0438432753686991,0.17345146379044685,0.18519040281752147,0.008835571208452565,0.17535549196566147,-0.007204490424829408,0.02400396213955536,-0.08328197226502311
#50,0.14138895003301782,0.2945762711864407,-0.06146158925819943,-0.0747127448822364,0.152392692053709,0.19786484701738938,0.10452344265903588,0.6766718027734977,1.0,0.10092890160686771,0.3470305965221219,0.018875192604006163,0.0028945630640545895,0.4263834470614132,-0.023431653092670042,-0.05361655293858684,0.055174994497028396,0.03382566585956417,0.05388729914153643,0.06294298921417565,-0.044686330618534005,-0.16561082984811798,-0.047706361435174996,-0.1558265463350209,-0.1388928021131411,-0.1735395113361215,-0.05944530046224961,-0.2699141536429672,0.1275016508914814,0.02297380585516179,0.10050847457627118,0.24647809817301342,-0.09175434734756768,-0.1610873871890821,0.2022209993396434,-0.03449922958397535,-0.019016068677085628,0.07692493946731235,0.06668941228263262,0.005020911292097733,0.09602245212414703,-0.21030156284393572,0.3371736737838433,-0.026627779000660358,0.08786924939467312,0.06304864626898525,0.06166189742460929,-0.005410521681708122,-0.05934844816200748,-0.20790226722430113,-0.030217917675544794,-0.16567026194144838,-0.04526744441998679,-0.22839313229143737,-0.13700858463570328,-0.1628681488003522,-0.2907528065155184,-0.13143297380585517,-0.1926964560862866,-0.18657715166189742,-0.005892581994276909,-0.048287475236627776,-0.04654413383226943,-0.24492185780321374,-0.22794188861985473,-0.22934844816200747,0.1047589698437156,0.12361655293858684,0.2830178296279991,0.21741140215716487,0.31676645388509794,0.2809597182478538,0.214719348448162,0.15097952894563063,0.08918996257979309,0.06764252696456086,-0.06620735197006383,-0.09138674884437596,0.06704600484261501,-0.0411600264142637,0.039326436275588815,0.11917455425930003,-0.14732555580013207,0.18859344045784723,0.21797270526084087,0.010832049306625577,-0.11039621395553599,0.15244992295839754,-0.13408320493066256,0.1108826766453885,0.08649570768214836,0.0639885538190623,0.15260840854061192,-0.09223640766013648,-0.160363196125908,-0.06809377063614351,-0.14795069337442218,0.03215496368038741,-0.11586616773057451,-0.08532907770195906,-0.008690292758089368,-0.058250055029716044,0.256469293418446,-0.11282412502751486,-0.0063262161567246315,0.18446621175434735,-0.10563064054589479,-0.07125467752586397,-0.10809817301342725,-0.08747083425049526,-0.13277129650011005
#51,0.41478758529605986,0.4219656614571869,0.4492097732775699,0.5676051067576491,0.2371054369359454,0.28955535989434295,0.43900726392251815,0.14111820383006823,0.10092890160686771,1.0,0.4743187321153423,0.21648250055029716,0.22195685670261942,0.14725952014087607,-0.21664979088707903,-0.2169689632401497,0.570231124807396,0.1927426810477658,-0.24240149680827647,-0.2588685890380806,-0.06787805414924059,-0.2087277129650011,-0.029084305524983492,-0.16520801232665638,-0.16092670041822585,-0.13159366057671143,0.04143077261721329,0.09684129429892142,0.05530926700418226,0.14744441998679286,0.15518820162887959,0.006436275588817961,0.3208782742681048,-0.04013647369579573,0.1712987012987013,0.0785428131190843,-0.0012590799031476998,0.007070217917675545,-0.1067048206031257,0.020517279330838654,0.13858023332599603,0.03272727272727273,-0.13369359454105217,-0.14206691613471276,-0.10697116442879155,0.05960818842174774,0.32121725731895223,0.20712304644508034,0.20771076381245873,0.13647149460708782,0.371221659696236,0.02583975346687211,0.1139159145938807,-0.06649570768214837,-0.03260840854061193,-0.019795289456306406,-0.23508474576271188,-0.28329958177415804,-0.10811358133392032,-0.2444089808496588,0.07201188641866609,0.15898305084745762,-0.16466431873211534,-0.007393792648029936,0.2566916134712745,0.1342593000220119,-0.07136033458067356,0.025580013207131852,-0.11597622716266784,0.09661237068016729,0.07624036979969183,0.08722650231124808,-0.26565265243231345,-0.2510521681708122,-0.23696896324014968,-0.10245652652432313,-0.012788906009244993,-0.062161567246313006,-0.034177856042262825,-0.1863416244772177,0.10330178296279992,0.18414263702399294,0.06798591239269205,-0.026832489544353952,0.06406119304424389,-0.013539511336121506,0.06957957296940348,0.08815540391811579,0.23615892581994277,-0.04246092890160687,-0.031989874532247414,-0.06503191723530706,-0.0536715826546335,-0.08959278010125468,-0.004061193044243892,0.1272375082544574,0.07074400176095091,0.3913141096191944,0.2976821483601145,0.26199867928681486,0.23068677085626238,0.18935505172793307,0.21302883557120844,0.33574510235527183,0.30346467092229806,0.2694519040281752,0.2388267664538851,0.0858595641646489,0.10240369799691834,0.016574950473255558,-0.09485582214395774
#52,0.4557605106757649,0.4786374642306846,0.16429451904028175,0.17719568567026195,0.3102707462029496,0.16117543473475676,0.36498128989654416,0.3040237728373322,0.3470305965221219,0.4743187321153423,1.0,0.40795729694034777,0.41994497028395333,0.2709487123046445,-0.09726612370680167,-0.014169051287695356,0.2212722870349989,0.11453444860224521,0.01011666299801893,-0.10184019370460048,-0.12186440677966101,0.027750385208012325,-0.025591019150341184,-0.058932423508694695,-0.05292758089368259,0.002907770195905789,-0.08086066475896984,0.07275808936825887,0.13997798811358134,-0.11652872551177636,0.059167950693374424,-0.1826634382566586,0.09639885538190623,-0.17701078582434515,0.15476997578692495,-0.12300682368478978,-0.09625137574290117,-0.052905569007263925,-0.16188861985472155,0.12275808936825885,0.12311908430552498,-0.1541800572309047,0.18026854501430772,-0.16103235747303543,-0.02432093330398415,0.1924719348448162,0.1572837332159366,0.05477437816420867,0.10587497248514198,0.02989654413383227,0.19561523222540173,-0.11348448162007484,-0.004679727052608409,-0.1956218357913273,-0.17604886638784945,-0.24382126348228042,-0.28729914153642966,-0.25405458947831827,-0.11243011226062073,-0.18351970063834472,0.027127448822364078,0.14711204050187102,-0.15431873211534228,-0.21044684129429891,0.11240369799691834,-0.1520493066255778,0.02412062513757429,-0.10682808716707022,0.10958837772397094,0.0401915034118424,0.15342945190402818,0.21410301562843936,-0.08002421307506054,-0.012689852520360995,-0.23188641866607967,-0.16766894122826326,-0.028778340303764034,-0.07559322033898305,0.0011886418666079684,-0.2262425709883337,0.15996257979308826,0.2524411182038301,0.09293198327096633,0.13879815100154083,0.12170592119744662,0.07964120625137575,0.020917895663658377,0.29769315430332377,0.05091129209773278,0.15245652652432312,-0.10784723750825445,-0.08439577371780761,-0.04887519260400616,-0.13649130530486464,-0.10379925159586177,0.23807395993836672,0.05700198106977768,0.09922077922077922,0.04453444860224521,-0.12316310807836231,-0.005216817081223861,0.06867268324895444,0.0700066035659256,-0.03796610169491525,0.09042923178516399,0.19517939687431213,0.13950693374422188,0.07157825225621836,-0.07752366277790007,-0.03348448162007484,-0.1160510675764913
#53,0.13448382126348227,0.18858683689192163,0.12964120625137573,0.08003521901826986,0.4295641646489104,0.26216376843495487,0.20045784723750826,0.1674686330618534,0.018875192604006163,0.21648250055029716,0.40795729694034777,1.0,0.7510587717367379,0.3296786264582875,-0.17027514858023332,-0.34460488663878497,0.19917455425930003,0.16928241250275147,-0.09935725291657495,-0.2816266784063394,-0.22607528065155183,-0.12825225621835792,0.13450143077261723,-0.10534008364516839,0.11525643847677745,-0.08948051948051948,-0.14687871450583315,0.024512436715826546,0.26410961919436493,0.07051067576491306,-0.05227823024433194,-0.11569227382786705,0.029046885318071758,0.007079022672243011,0.1065001100594321,0.0014791987673343605,0.07801672903367819,-0.04719128329297821,0.15433414043583535,0.18644508034338542,0.30605546995377503,-0.14482720669161347,0.38625797930882677,-0.06664318732115342,0.27725952014087607,0.03443759630200308,0.1369271406559542,0.11266784063394233,-0.044811798371120405,-0.10923838872991415,0.11877173673783843,-0.181798371120405,-0.021923838872991416,-0.1008298481179837,-0.08512436715826546,-0.0937640325775919,-0.09843935725291658,-0.3590512876953555,0.038038740920096854,-0.05118423948932423,0.09294298921417565,0.09085846357032798,0.2241074180057231,-0.07844155844155844,0.004417785604226282,-0.1662359674224081,0.3725357693154303,-0.2551749944970284,0.149570768214836,-0.11366718027734977,0.12658815760510675,0.014602685450143078,-0.018802553378824565,0.14324014968082766,-0.20893902707462028,-0.18924719348448163,-0.08842835130970725,-0.15326876513317192,0.10200308166409862,-0.19442218798151,0.11812018489984592,0.21993616552938586,-0.019964780981730133,0.25699317631521024,0.3925885978428351,0.33955535989434293,0.04221219458507594,0.4511996478098173,0.16840193704600484,0.4320052828527405,0.2529473915914594,0.1187079022672243,-0.015936605767114243,-0.08529385868368919,0.0714505833149901,0.15372220999339645,0.09322474136033458,-0.023431653092670042,-0.04268765133171913,-0.126748844375963,0.03884437596302003,0.2475941008144398,-0.06134272507153863,-0.23453885097952895,0.09810917895663658,-0.010986132511556241,0.13526524323134492,0.020693374422187983,-0.21979088707902267,0.08706801672903368,0.03508254457407
#54,0.22600264142637025,0.1346665199207572,0.3345608628659476,0.25286594761171033,0.44525423728813557,0.3116971164428792,0.391038961038961,0.15020691173233547,0.0028945630640545895,0.22195685670261942,0.41994497028395333,0.7510587717367379,1.0,0.3219832709663218,-0.0962557781201849,-0.28227823024433196,0.3117741580453445,0.2321879815100154,-0.11791547435615232,-0.35393792648029937,-0.3828197226502311,-0.18630640545894783,0.0287607307946291,-0.1334338542813119,0.13851639885538192,-0.21407219898745322,-0.21482280431432973,-0.08072198987453225,0.38844816200748405,0.04142637023992956,0.04187321153422848,-0.07124367158265463,0.0899933964340744,-0.06077922077922078,0.3109553158705701,0.12397754787585297,0.24125027514858025,0.031730134272507156,0.2517147259520141,0.12209333039841515,0.4393264362755888,0.07283072859344046,0.25647149460708785,-0.055709883337001984,-0.045575610829848116,-0.13980629539951575,0.008912612810917896,-0.09440898084965882,-0.13873651771956858,-0.19850099053488884,0.044950473255558,-0.2022870349988994,0.005569007263922518,0.09716266784063395,-0.0690314769975787,0.13452564384767773,-0.31776139115122165,-0.40029936165529384,-0.0011424169051287695,-0.10749944970283953,0.2055293858683689,0.16120405018710104,0.03850099053488884,-0.35743341404358353,0.12080563504292317,-0.2113581333920317,0.16845256438476777,-0.424406779661017,0.09244992295839753,-0.11265903587937487,0.31051948051948053,0.1915760510675765,0.060488663878494386,0.09850319172353071,-0.17908650671362536,-0.12679066696015848,0.15836671802773497,0.09761611270085846,0.16299141536429673,-0.17764913053048648,0.11073079462909971,0.19793308386528727,0.3013581333920317,0.041760950913493286,0.2008892802113141,0.37069337442218797,0.2011732335461149,0.43855822143957734,0.24214615892581995,0.2612898965441338,0.055203609949372665,-0.02483381025753907,-0.20824345146379045,0.036257979308826765,0.05418666079683029,0.15512436715826547,-0.0972903367818622,0.15422848338102577,-0.12522342064714945,-0.08670482060312569,0.08509134932863746,0.40911292097732777,-0.12507373981950254,-0.16738498789346248,0.17139995597622718,-0.04689192163768435,0.08204050187101035,0.18087827426810477,-0.12848117983711205,0.15948051948051947,-0.05322914373761831
#58,0.2632621615672463,0.15252036099493727,0.2742813119084305,0.07838432753686991,0.3772243011226062,0.41815760510675765,0.260627338762932,0.33474796390050626,0.4263834470614132,0.14725952014087607,0.2709487123046445,0.3296786264582875,0.3219832709663218,1.0,-0.15821923838872992,-0.29710983931322915,0.23863086066475897,0.42675544794188863,-0.14841514417785603,-0.17422848338102576,-0.20425049526744443,-0.29561743341404356,0.06775038520801233,-0.20712304644508034,0.16894122826326216,-0.242689852520361,-0.041860004402377284,-0.09578472375082545,0.1771912832929782,0.26032577591899625,0.12175434734756768,0.3224939467312349,0.10610169491525424,0.05028615452344266,0.28112920977327754,0.25687871450583316,0.26971384547655736,0.15792648029936165,0.11612590799031478,0.26461589258199425,0.22567466431873212,0.029172353070658155,0.30287034998899404,0.1302751485802333,-0.010438036539731455,-0.1213317191283293,0.17503411842394892,0.10329738058551619,0.028861985472154964,-0.08031036759850319,0.06605767114241691,-0.19268104776579353,-0.07200748404138235,-0.0005282852740479859,-0.19771076381245872,0.015923398635263042,-0.3326612370680167,-0.4983931322914374,-0.11503191723530706,-0.09531366938146599,0.11186220559101916,0.055795729694034776,0.1765067136253577,-0.0841734536649791,-0.10589918556020252,-0.35089588377723974,0.49789346246973365,0.016773057451023553,0.2972925379705041,0.1499801893022232,0.5405591019150341,0.3874466211754347,-0.09157605106757649,0.08820383006823684,-0.10163768434954876,-0.041807175874972485,-0.1361699317631521,-0.2037838432753687,0.2134932863746423,0.21266123706801673,-0.01111600264142637,0.16278450363196126,-0.3282588597842835,0.22165089148139996,0.5205965221219458,0.16467752586396653,0.0524653312788906,0.05817741580453445,0.21574290116662997,0.2664340744001761,0.05485582214395774,0.10556900726392252,-0.07094651111600264,0.0005723090468853181,-0.07728153202729474,-0.08854061193044244,-0.034844816200748405,0.25520360994937263,0.04610829848117984,0.1894651111600264,0.18832929782082325,0.23755888179616994,0.317574290116663,0.04793528505392912,0.17125687871450584,0.17668500990534888,-0.013075060532687652,0.013378824565265244,-0.1225049526744442,-0.007774598283072859,-0.1743165309267004
#101,-0.18527845036319612,-0.16599383667180279,-0.05773497688751926,-0.17490865067136255,-0.06729253797050407,-0.13639225181598064,-0.09588157605106758,-0.11261941448382126,-0.023431653092670042,-0.21664979088707903,-0.09726612370680167,-0.17027514858023332,-0.0962557781201849,-0.15821923838872992,1.0,0.32967202289236186,-0.15459828307285933,0.02535329077701959,0.810840854061193,0.3493924719348448,0.5919150341184239,0.275841954655514,0.04551397754787585,-0.1201915034118424,0.0030728593440457848,-0.17968082764692933,0.04962359674224081,-0.29464450803433856,0.08440457847237508,-0.17633061853400836,-0.137046004842615,-0.08430112260620735,-0.19460928901606867,-0.3193616552938587,-0.1712987012987013,-0.22492626018049747,-0.04685890380805635,-0.05580013207131851,0.2189852520360995,-0.29143297380585514,-0.0676469293418446,-0.06637684349548756,0.11851639885538191,0.10677305745102356,-0.14392912172573188,-0.1048448162007484,-0.17837332159366057,-0.13723310587717366,-0.21204050187101034,-0.17062513757429013,-0.09156064274708342,-0.025291657495047325,0.04382566585956416,0.1349108518600044,0.18202729473915916,0.22727492846136915,-0.13942108738718909,-0.025097952894563066,-0.1464802993616553,-0.057065815540391814,-0.292227602905569,-0.29482060312568786,-0.18163328197226503,-0.07780101254677525,-0.2907043803653973,0.05255337882456527,-0.1651617873651772,-0.14874972485141977,0.40674884437596304,0.11964340744001761,-0.0841734536649791,-0.08098173013427251,-0.07909090909090909,-0.0900792427911072,0.08645388509795289,-0.08003081664098613,-0.12314109619194365,-0.1993946731234867,0.16878934624697337,0.11281972265023113,0.019458507594100814,-0.27014087607307946,0.13911952454325335,-0.13712084525643847,-0.24503852080123267,-0.2883403037640326,-0.36423508694695134,0.1813383226942549,-0.4025555800132071,-0.36372220999339644,-0.12460268545014308,-0.35368258859784285,-0.22159145938806957,-0.2495003301782963,-0.39447941888619853,0.04046004842615012,-0.17568787145058332,-0.10339643407440018,-0.11116442879154743,0.02553598943429452,0.012194585075941008,-0.043312788906009245,-0.18626678406339423,-0.043053048646268986,0.013301782962799913,-0.06294298921417565,-0.021124807395993837,-0.23857142857142857,-0.22565265243231344,-0.3476755447941889,-0.30459828307285935
#102,0.05469733656174334,0.18276689412282632,-0.13575830948712306,-0.20764032577591898,-0.25211314109619193,-0.279225181598063,0.046913933524103016,-0.3136319612590799,-0.05361655293858684,-0.2169689632401497,-0.014169051287695356,-0.34460488663878497,-0.28227823024433196,-0.29710983931322915,0.32967202289236186,1.0,-0.398003521901827,-0.12833810257539072,0.4230640545894783,0.6579330838652873,0.22709222980409421,0.6928747523662778,-0.17424389170151883,0.36914373761831387,-0.22135373101474795,0.26548095971824787,0.00338762931983271,0.08617873651771957,-0.11405018710103455,-0.24939467312348668,-0.15550077041602464,-0.1335791327316751,-0.34454545454545454,-0.0014791987673343605,-0.28780101254677526,-0.09934184459608189,-0.24727933083865286,-0.04328637464230685,-0.328646268985252,-0.08580013207131851,-0.30988333700198106,0.10136693814659917,-0.1694254897644728,0.09058551617873652,0.06924279110719789,0.2854919656614572,-0.24690072639225183,-0.26293198327096634,-0.050653753026634385,0.0740149680827647,-0.17959057891261282,-0.13661457186880915,-0.16075500770416024,0.0188663878494387,-0.2658683689192164,-0.11840633942328857,-0.13657715166189743,0.32035439137134053,-0.19790887079022673,-0.08821923838872991,-0.16599603786044465,-0.027823024433193923,-0.3233766233766234,0.11184679727052609,0.06611710323574731,0.011782962799911952,-0.23047105436935944,0.10788025533788245,0.15340303764032578,0.32774158045344487,-0.12242130750605326,0.06071978868589038,0.04549636803874092,-0.06308386528725511,0.010257539071098392,-0.07988553819062294,-0.028153202729473917,-0.018655073739819502,-0.19230904688531808,0.1649966982170372,0.08027074620294959,-0.12528945630640545,0.12169051287695355,-0.2726128109178957,-0.2940325775918996,-0.199735857362976,-0.1834734756768655,-0.024924058991855604,-0.2605546995377504,-0.2313449262601805,-0.25623156504512434,-0.44584195465551396,-0.051848998459167954,-0.10360774818401937,-0.24924499229583974,0.06069777679947171,-0.007939687431212854,-0.3019172353070658,-0.20124807395993838,-0.1574818401937046,-0.37777459828307286,-0.3791371340523883,-0.34426150121065374,-0.2317191283292978,-0.31681267884657716,-0.18704160246533127,-0.23979308826766454,-0.08135373101474797,-0.17834910851860003,-0.1730838652872551,-0.1526040061633282
#201,0.40586176535329077,0.15064494827206693,0.6619854721549637,0.6217279330838653,0.24368699097512656,0.3387343165309267,0.30701078582434516,0.2509222980409421,0.055174994497028396,0.570231124807396,0.2212722870349989,0.19917455425930003,0.3117741580453445,0.23863086066475897,-0.15459828307285933,-0.398003521901827,1.0,0.546335020911292,-0.24824345146379045,-0.5140215716486903,-0.10401276689412282,-0.274290116662998,0.17263042042703058,-0.26211974466211757,0.1995839753466872,-0.18883116883116882,0.10566145718688091,0.014811798371120405,0.28981950253136696,0.1923662777900066,0.35954215276249174,0.16925379705040722,0.47479198767334363,0.008489984591679507,0.23033458067356372,0.12119084305524984,0.1598613251155624,0.0029892141756548535,0.1588531807175875,-0.03236187541272287,0.35357473035439135,0.033292978208232446,0.04545014307726172,-0.1860444640105657,-0.2746929341844596,-0.23002421307506055,0.37143297380585516,0.21637023992956197,0.19163328197226503,-0.05360774818401937,0.4016420867268325,-0.1649702839533348,0.1269337442218798,-0.07395993836671803,0.13610609729253798,0.016585956416464893,-0.3861831388950033,-0.5798789346246973,-0.08054589478318291,-0.3821109399075501,0.10585736297600705,0.22810917895663657,-0.25465771516618974,-0.19585736297600703,0.28418005723090467,-0.06952674444199868,-0.08878494386968963,-0.27174334140435835,0.049586176535329075,0.13351089588377724,0.3594739159145939,0.3337508254457407,-0.2912326656394453,-0.07458507594100815,-0.22746423068456967,-0.07898745322474136,0.0015870570107858243,0.02064935064935065,0.37509134932863747,-0.1316288795949813,0.17486022452124148,0.12157825225621836,0.09812238608848778,-0.032720669161347124,0.008360114461809377,0.10646709222980409,0.22482280431432974,0.08017609509134933,0.2537200088047546,0.13910191503411842,0.029564164648910412,0.15317191283292977,-0.14543473475676866,0.12721549636803875,-0.0004336341624477218,0.40637904468412944,0.030931102795509577,0.6066696015848558,0.35300022011886417,0.43521021351529826,0.4424125027514858,0.6524785384107418,0.33625137574290115,0.4574884437596302,0.5376007043803654,0.2925005502971605,0.3345564604886639,0.1314836011446181,0.18456306405458947,0.06954655513977548,-0.1413383226942549
