,#10,#11,#12,#13,#17,#18,#26,#49,#50,#51,#52,#53,#54,#58,#101,#102,#201,#202,#301,#302,#401,#402,#501,#502,#601,#602,#701,#702,#801,#802,#901,#902,#1001,#1002,#1101,#1102,#1201,#1202,#1301,#1302,#1401,#1402,#1501,#1502,#1601,#1602,#1701,#1702,#1801,#1802,#1901,#1902,#2001,#2002,#2101,#2102,#2201,#2202,#2301,#2302,#2401,#2402,#2501,#2502,#2601,#2602,#2701,#2702,#2801,#2802,#2901,#2902,#3001,#3002,#3101,#3102,#3201,#3202,#3301,#3302,#3401,#3402,#3455,#3501,#3502,#3601,#3602,#3701,#3702,#3801,#3802,#3901,#3902,#4001,#4002,#4101,#4102,#4201,#4202,#4301,#4302,#4401,#4402,#4501,#4502,#4601,#4602,#4701,#4702,#4801,#4802
#10,1.0,0.3312920977327757,0.42936165529385867,0.457508254457407,0.0974950473255558,-0.02336781862205591,0.03333039841514418,0.35242130750605327,0.023986352630420427,0.24563944530046225,0.30136253576931543,0.3364670922298041,0.06681047765793528,-0.1522011886418666,-0.2277657935285054,-0.1728681488003522,0.3794849218578032,0.20348888399735857,-0.244653312788906,0.1909883337001981,0.013557120845256438,0.20950473255558003,0.1650033017829628,0.4493594541052168,0.269867928681488,0.26750605326876514,-0.03478538410741801,0.015073739819502531,-0.061362535769315434,-0.26425930002201187,-0.117673343605547,-0.4748888399735857,0.11862645828747524,-0.1760510675764913,-0.04450583314990095,-0.22583755227823024,-0.06533127889060092,-0.2751287695355492,-0.27320272947391594,-0.10495927801012547,0.0199867928681488,-0.09016508914813999,0.11669601584855822,-0.018652872551177636,-0.04337882456526524,0.0838432753686991,-0.085181598062954,-0.036779661016949156,0.08930882676645388,0.015610829848117984,0.0030574510235527185,0.2350429231785164,0.059053488883997356,0.23204490424829408,-0.22787365177195687,-0.007010785824345146,-0.3095839753466872,-0.11963240149680827,-0.29211974466211754,-0.15416685009905348,-0.05559101915034118,0.11715606427470834,-0.4370614131631081,-0.42147479639005064,0.17653092670041823,0.12450143077261722,-0.39755888179616994,-0.28476777459828306,-0.1943627558881796,-0.0763812458727713,0.03443319392471935,-0.022216596962359673,-0.17386748844375963,0.04955315870570108,-0.21362976007043805,0.04486022452124147,0.08395993836671803,0.0537838432753687,-0.276319612590799,-0.039625797930882674,0.2299801893022232,0.20316530926700418,-0.22790446841294298,0.4192119744662118,0.14765573409641206,-0.027303543913713407,0.07370900286154523,0.11025974025974027,-0.15561303103675986,0.13147919876733435,0.18781201848998458,0.06183579132731675,-0.01336781862205591,-0.010821043363416244,0.12092009685230025,0.25883777239709443,0.25052828527404797,0.3825027514858023,0.22719128329297822,-0.031300902487343164,0.3106449482720669,0.4503191723530707,-0.11077041602465332,0.26478978648470175,-0.02423728813559322,-0.018062953995157387,0.08056130310367599,0.030290556900726393,0.2701254677525864,-0.10608188421747744,-0.05291657495047326
#11,0.3312920977327757,1.0,0.17963460268545015,0.06728593440457847,0.03308826766453885,0.014287915474356152,-0.0697490644948272,0.21090688972044905,0.11138895003301783,0.2514043583535109,0.24223640766013646,0.27134932863746425,0.16836231565045123,-0.10674003962139555,-0.052170372000880476,0.11678846577151662,0.14703059652212194,0.04948051948051948,-0.01191503411842395,0.10777459828307286,-0.06355271846797271,0.17623816861104996,0.14898084965881575,0.3572793308386529,0.2142196786264583,0.2755513977547876,0.04894122826326216,0.020237728373321592,0.14770856262381687,-0.3075963020030817,-0.006946951353731015,-0.2552344265903588,0.19462029495927802,-0.0789126128109179,0.03573849878934625,-0.22098393132291438,0.049900946511116005,-0.055888179616993175,0.041243671582654635,-0.222359674224081,-0.08036539731454986,-0.09867268324895444,0.0021373541712524763,0.23925159586176536,0.010360994937266124,0.2351749944970284,-0.17965661457186882,-0.30329517939687434,-0.03795069337442219,-0.15710103455866167,0.031197446621175434,0.0013603345806735636,-0.03939907550077042,0.2828681488003522,0.0021879815100154082,-0.05679947171472595,-0.2505150781421968,-0.11192824125027515,0.04536209553158706,-0.11789566365837552,-0.330561303103676,-0.15545894783182918,-0.08827426810477658,-0.14167290336781863,0.18389830508474575,0.2716420867268325,-0.1456812678846577,-0.4305789126128109,-0.03150561303103676,-0.000825445740699978,-0.0006097292537970504,-0.026048866387849437,-0.18876953554919657,-0.12734976887519261,-0.3265661457186881,-0.17806515518379926,-0.2573233546114902,-0.03846577151661897,-0.10997138454765573,0.011705921197446621,0.17719348448162006,0.1530970724191063,-0.30136253576931543,0.35748404138234646,-0.11375963020030817,-0.03293418445960819,-0.16256658595641646,0.16869909751265683,-0.04858463570327977,0.05876293198327097,0.09565045124367158,0.05174334140435835,-0.0349702839533348,0.07418445960818842,0.005465551397754787,-0.004836011446180938,0.3445674664318732,0.21355712084525644,0.019095311468192825,0.06510455646048867,-0.034712744882236406,0.34045124367158264,-0.168102575390711,0.07235307065815541,-0.3308980849658816,0.011283292978208232,-0.10804094210873871,-0.13610169491525423,0.16798591239269206,-0.04273827867048206,0.005412722870349989
#12,0.42936165529385867,0.17963460268545015,1.0,0.2930706581554039,0.0374620294959278,-0.061373541712524765,0.06927140655954216,0.3651551837992516,0.0054677525863966545,0.5465683469073299,0.24638564825005502,0.197178076161127,0.1585097952894563,-0.20304864626898525,-0.19574510235527184,-0.2625225621835791,0.42474136033458065,0.6957693154303324,-0.3898921417565485,-0.058529605987233106,-0.14109839313229144,0.13344045784723751,0.23445080343385427,0.30443319392471935,0.3423992956196346,0.31060972925379704,-0.12348228043143297,0.012066916134712745,0.03988333700198107,-0.20493946731234866,0.10581994276909532,-0.3161941448382126,0.42698437156064273,-0.1501188641866608,-0.32991855602025094,-0.3362689852520361,0.1457935285053929,-0.3486000440237728,-0.29401937046004845,-0.2008848778340304,0.08494827206691613,-0.10209993396434075,-0.17699097512656833,-0.2633237948492186,-0.1758727712965001,-0.09119084305524984,-0.10330178296279992,-0.029944970283953334,-0.10201408760730794,-0.06434954875632842,-0.12186220559101915,0.279273607748184,0.06584855822143958,0.45533568126788465,-0.08623816861104996,-0.01600264142637024,-0.23114241690512877,-0.34312788906009245,-0.19996478098173012,-0.06795949812898966,0.1620383006823685,0.1288928021131411,-0.6494210873871891,-0.4393660576711424,0.39255337882456526,0.209537750385208,-0.3885274047985912,-0.18456746643187322,0.08414263702399295,-0.21769535549196567,0.46354391371340525,0.24496588157605106,-0.2865133171912833,0.16422408100374203,-0.40423508694695137,0.15185560202509354,0.0789918556020251,0.3666453885097953,-0.2151617873651772,-0.13908210433634163,0.17356152322254018,-0.08604006163328197,0.09576271186440678,0.18423508694695134,-0.22075060532687651,0.1571912832929782,0.3433149900946511,-0.05667620515078142,0.05223860884877834,-0.16474136033458067,-0.08642306845696676,0.07594761171032358,-0.17079462909971385,0.07647589698437156,0.23750605326876514,0.47774378164208675,0.44886198547215495,0.6294254897644728,0.6052124147039402,0.15021351529826107,0.6195333480079243,0.5339841514417786,0.11834690732995817,0.36597622716266787,0.17520581113801453,0.34237508254457405,0.38171912832929783,-0.004576271186440678,0.13721989874532248,-0.2224983491085186,-0.052487343165309265
#13,0.457508254457407,0.06728593440457847,0.2930706581554039,1.0,0.2633281972265023,0.09335020911292098,0.19269205370900286,0.029328637464230686,-0.1465991635483161,0.29763592339863526,0.08321593660576711,0.10208452564384768,0.020748404138234647,0.022287034998899405,-0.22587717367378385,-0.07201848998459168,0.26935064935064934,0.12068016729033679,-0.1869601584855822,0.04869249394673123,-0.04173893902707462,0.014950473255558,0.22922738278670482,0.13985252036099494,0.17281091789566366,0.16441118203830069,0.06601364736957957,0.10245432533568127,-0.015252036099493726,-0.10023112480739599,0.04382566585956416,0.04867708562623817,0.09346026854501431,0.0788729914153643,-0.015130970724191064,-0.013482280431432974,0.07707241910631742,-0.0789654413383227,-0.24959498128989654,0.07753907109839313,-0.15572529165749505,0.020435835351089587,0.030092449922958397,0.06381245872771296,0.1805679066696016,0.09203169711644288,0.07345366497908871,0.0834008364516839,-0.060523882896764254,0.031818181818181815,-0.06946731234866828,0.22235747303543912,0.03558441558441559,0.13457627118644067,-0.1837310147479639,0.0687079022672243,-0.04633281972265023,-0.07470394012766894,-0.10490424829407881,0.11237508254457407,-0.08955315870570107,0.06720449042482941,-0.3165881576051068,-0.3441668500990535,0.09944309927360775,-0.16742681047765792,-0.1903697996918336,-0.05695795729694035,-0.29557781201849,-0.20655734096412062,-0.13223640766013647,-0.16588157605106757,-0.07181157825225622,0.22453664979088708,-0.09020911292097733,-0.03994276909531147,0.054065595421527626,0.018998459167950694,-0.0679969183359014,0.10056130310367599,0.2707440017609509,0.10850539291217258,-0.3475192604006163,0.2495663658375523,0.12238828967642527,-0.07615232225401716,-0.11178736517719569,0.3584305524983491,0.062357473035439134,0.10745102355271847,0.03705921197446621,0.06187761391151222,-0.0900858463570328,-0.028395333480079242,-0.03,0.1959718247853841,0.15274268104776578,0.2409377063614352,0.3409883337001981,0.004838212634822804,0.25342945190402816,0.2765419326436276,0.07941228263262162,0.14401276689412282,0.16820603125687872,0.09085186000440237,0.2159982390490865,0.06645168390931103,0.11095971824785385,-0.04475016508914814,0.0776007043803654
#17,0.0974950473255558,0.03308826766453885,0.0374620294959278,0.2633281972265023,1.0,0.27629319832709665,0.30061633281972266,0.03149680827646929,-0.15423508694695134,-0.05393352410301563,-0.16258859784283514,-0.12629319832709662,0.10918556020250936,0.1858859784283513,-0.3173497688751926,-0.045771516618974245,0.0112524763372221,0.1307043803653973,-0.2840611930442439,-0.15689412282632623,-0.4349328637464231,-0.2616156724631301,0.02691173233546115,-0.03168390931102796,-0.18436275588817963,-0.06436495707682148,-0.11450143077261721,-0.15019370460048426,-0.03517939687431213,0.20362315650451243,0.10540391811578252,0.13593440457847236,0.09587057010785824,0.04035879374862426,0.023266563944530045,0.14791767554479418,0.046150121065375305,0.16555580013207133,-0.24152102135152984,-0.08305965221219458,0.0846665199207572,0.10342064714946071,0.11467092229804095,0.027880255337882458,0.10189742460928902,0.15543033237948492,-0.05717587497248514,-0.024871230464450802,-0.1390843055249835,-0.11902047105436936,-0.10871230464450804,-0.02861765353290777,-0.20859344045784725,-0.06539291217257319,-0.26431212854941666,-0.19153422848338103,0.022003081664098614,-0.0449900946511116,0.14016288795949813,0.011336121505613032,0.12549856922738278,0.2841448382126348,-0.019410081443979748,0.11224521241470393,0.06762491745542593,-0.020039621395553597,0.23644948272066915,0.2772154963680387,-0.20975126568346908,-0.15778560422628218,-0.05579793088267664,-0.21839533348007925,0.16117103235747304,0.18323354611490206,-0.11341844596081885,-0.039451904028175215,0.03381906229363856,0.013720008804754567,0.07830728593440457,0.23357473035439136,0.04056570548095972,0.28580453444860227,-0.04786044464010566,0.08573849878934625,0.30015408320493064,0.10878494386968963,0.11984151441778561,0.04580893682588598,0.18491745542593,0.1723398635263042,0.2886704820603126,0.32222099933964343,0.11505833149900946,0.1555756108298481,0.19201848998459167,0.18267444419986792,0.04931763152102135,0.16414924058991856,0.02060312568787145,-0.14347127448822364,0.10642306845696677,0.15292537970504072,0.2798283072859344,0.035108958837772396,0.06701959057891262,0.07443759630200308,0.0249900946511116,0.00637244111820383,-0.07991855602025094,0.23293858683689192,0.31779881135813337
#18,-0.02336781862205591,0.014287915474356152,-0.061373541712524765,0.09335020911292098,0.27629319832709665,1.0,-0.015824345146379044,-0.07268104776579352,-0.029749064494827206,-0.25169931763152104,-0.17259960378604447,0.09633281972265023,0.29016508914814,-0.11038961038961038,-0.21499449702839532,-0.10438476777459828,-0.17718247853841074,-0.005179396874312129,-0.1335263042042703,0.11071758749724851,-0.23524983491085186,-0.08392471934844817,-0.10585296059872332,-0.03127448822364077,-0.17949592780101253,-0.14960158485582215,0.018122386088487784,0.08382126348228043,0.2435329077701959,0.05571868809156945,0.33377503852080126,0.31993176315210214,0.014468412942989214,0.18169271406559542,0.2292758089368259,0.15921857803213735,0.03495267444419987,0.22142637023992956,0.0849768875192604,0.14011446180937706,-0.1678846577151662,0.157772397094431,0.1484239489324235,0.19320272947391592,-0.08404138234646709,-0.02554699537750385,-0.08144177856042263,0.0425974025974026,-0.023623156504512438,-0.050457847237508256,-0.12580233325996037,-0.0016332819722650231,-0.021644287915474358,0.05281532027294739,-0.020490865067136252,0.1662425709883337,0.0043935725291657495,0.07406339423288576,-0.007886858903808056,-0.0054919656614571865,0.10077701959057891,0.27088047545674665,0.02716927140655954,-0.11090688972044904,-0.11062953995157385,-0.1271582654633502,0.2588245652652432,0.16570548095971824,-0.18906229363856483,-0.015870570107858244,-0.09477657935285054,-0.197574290116663,0.05601144618093771,0.2626546335020911,0.11177415804534449,0.06680607528065155,-0.014703940127668942,-0.16629980189302224,-0.15517059211974465,0.01764472815320273,0.11778560422628219,0.25778120184899844,-0.1962755888179617,0.20887739379264803,0.18201188641866609,0.03916354831609069,0.08203169711644288,-0.07316090688972045,0.2461303103675985,0.42275148580233324,0.135049526744442,0.17602245212414705,-0.036693814659916356,-0.16319392471934846,-0.18138454765573409,-0.14671362535769317,-0.019872331058771737,0.05986132511556241,-0.039326436275588815,0.05728153202729474,-0.008765133171912833,0.029405679066696017,0.22998459167950694,-0.1658661677305745,-0.11366938146599163,0.004554259300022012,0.1126634382566586,0.007904468412942988,-0.12731234866828087,-0.1984041382346467,-0.2157869249394673
#26,0.03333039841514418,-0.0697490644948272,0.06927140655954216,0.19269205370900286,0.30061633281972266,-0.015824345146379044,1.0,-0.061626678406339425,-0.07938146599163548,0.2127030596522122,-0.014580673563724411,0.0735329077701959,0.0562557781201849,0.2239555359894343,-0.1551617873651772,-0.10804534448602245,0.11559542152762492,0.0761435174994497,-0.05710763812458728,-0.10304644508034339,-0.11797490644948272,-0.29430772617213297,-0.09935064935064936,-0.07883116883116884,-0.0653664979088708,-0.1322474136033458,-0.10250935505172794,-0.08317631521021351,-0.1986484701738939,-0.025069337442218797,0.008661677305745102,0.14132291437376182,-0.028952234206471493,-0.0499603786044464,0.14876513317191284,0.13041162227602907,0.20406999779881135,-0.11138014527845036,-0.027574290116662997,-0.061144618093770635,0.17271406559542152,-0.013797050407219898,-0.011428571428571429,-0.010457847237508254,0.24343165309267004,0.05355932203389831,0.017233105877173673,0.03014968082764693,0.021476997578692494,0.04537970504072199,-0.14170372000880477,0.046277790006603564,-0.07814219678626458,-0.040475456746643185,-0.12319172353070658,-0.1886616773057451,0.0225445740699978,-0.12605326876513318,0.2588729914153643,0.2592185780321374,0.010851860004402377,-0.09192824125027514,0.023790446841294298,0.06777459828307286,-0.029735857362976008,-0.06939247193484481,0.1699603786044464,0.2033568126788466,0.07774158045344486,0.06231785163988554,0.26755888179616993,0.11060752806515518,0.14817081223860884,0.016707021791767553,-0.0007153863086066475,-0.08581554039181158,0.0026436275588817963,0.05539291217257319,-0.08525203609949372,0.1483381025753907,-0.04237508254457407,-0.044272507153863085,0.10671362535769316,-0.0187343165309267,0.10864626898525204,0.016843495487563285,0.18046665199207573,0.28016949152542375,0.05937046004842615,0.023486682808716706,0.20076161127008585,0.2244838212634823,0.20736077481840193,0.1974884437596302,0.12021131410961919,-0.007164869029275809,-0.12071098393132292,0.033116883116883114,-0.0037266123706801674,0.10432973805855161,0.11693374422187981,0.03668941228263262,0.1338432753686991,0.11089808496588158,0.06021571648690293,-0.06559101915034118,0.041767554479418885,-0.23796169931763153,-0.1141272287034999,0.1140347787805415,0.1450033017829628
#49,0.35242130750605327,0.21090688972044905,0.3651551837992516,0.029328637464230686,0.03149680827646929,-0.07268104776579352,-0.061626678406339425,1.0,0.38801232665639446,0.3008848778340304,0.36041822584195465,0.142392692053709,0.2896279991195245,0.019068897204490426,-0.026662998018930222,-0.22575830948712305,0.12140215716486903,0.3733678186220559,-0.2208650671362536,-0.13613471274488223,-0.054435395113361214,0.07307506053268766,0.23850759410081443,0.3269953775038521,0.1701452784503632,0.3011864406779661,-0.20048426150121065,-0.10650891481399956,0.03153863086066476,-0.1520162887959498,-0.059801893022232,-0.37099273607748184,0.24128109178956636,-0.21837332159366057,-0.08274268104776579,-0.3900242130750605,-0.013546114902047105,-0.23113801452784505,-0.046438476777459825,-0.3392295839753467,0.06545674664318732,-0.15828087167070218,-0.05703279771076381,-0.21869249394673124,0.05235307065815541,-0.026907329958177417,-0.19204710543693596,-0.1521373541712525,-0.2648580233325996,-0.1678450363196126,-0.3686110499669822,0.06034118423948932,-0.20628659476117103,0.11828967642526965,-0.05325335681267885,-0.17536869909751265,-0.26677966101694917,-0.3548448162007484,-0.08275148580233326,-0.10898525203609949,0.1256966762051508,0.3009134932863746,-0.2727845036319613,-0.14857803213735418,0.29583094871230464,0.06427690953114681,-0.0688069557561083,-0.10106757649130531,0.09100374202069117,0.0237772397094431,0.327211093990755,0.10047325555800132,-0.17464670922298042,-0.05672903367818622,-0.4128373321593661,-0.01702839533348008,0.05423068456966762,0.15543033237948492,0.14577151661897425,-0.0021857803213735415,-0.05220338983050848,0.10400616332819723,0.10963680387409201,0.3652366277790007,-0.2740347787805415,0.3516046665199208,0.1793616552938587,-0.34626678406339423,-0.033028835571208455,-0.1339159145938807,0.15084745762711865,0.12544794188861985,0.13672243011226062,0.20893022232005282,0.2947897864847017,0.36289676425269646,0.2818401937046005,0.3071230464450803,0.18940127668941228,-0.184488223640766,0.2708452564384768,0.3032973805855162,-0.06308166409861325,0.05856702619414484,-0.1164010565705481,-0.14429892141756548,-0.0005172793308386529,-0.029170151882016288,0.12579793088267666,0.04136693814659916,0.018095971824785385
#50,0.023986352630420427,0.11138895003301783,0.0054677525863966545,-0.1465991635483161,-0.15423508694695134,-0.029749064494827206,-0.07938146599163548,0.38801232665639446,1.0,0.10099493726612371,0.23756548536209554,0.4516090688972045,0.4840325775918996,-0.10174114021571648,0.3362909971384548,-0.09753686990975127,0.10077261721329518,-0.023083865287255118,-0.02579352850539291,-0.2079088707902267,0.26463350209112924,0.03462689852520361,0.2704710543693595,0.1318137794408981,0.26716046665199206,0.34965001100594323,-0.10935064935064935,-0.1637970504072199,0.19186000440237727,-0.20007043803653973,-0.04657495047325556,-0.1841140215716487,-0.028861985472154964,-0.2502751485802333,0.07876953554919656,-0.39547435615232224,0.03107638124587277,-0.14908210433634161,0.20735857362976007,-0.3998261060972925,0.03460048426150121,-0.22232225401716926,0.18638564825005502,0.11752586396654194,-0.06809597182478538,-0.013506493506493506,-0.3056548536209553,-0.15149460708782742,-0.37407660136473697,-0.24806515518379926,-0.21569227382786704,-0.2059652212194585,-0.12344265903587938,-0.1609222980409421,0.20478318291877615,-0.15489544353951135,-0.2243583535108959,-0.3002927580893683,-0.022161567246313008,-0.32494166850099054,-0.056751045564604884,0.14946070878274267,0.01929341844596082,-0.038366718027734975,-0.1339819502531367,-0.2349900946511116,0.20450583314990095,-0.09609949372661238,0.2145014307726172,0.286946951353731,0.1877922077922078,0.3564626898525204,0.1034866828087167,-0.1250759410081444,-0.17448602245212413,-0.24830948712304646,-0.09239269205370901,-0.1700924499229584,0.36340964120625135,-0.12931763152102135,0.10541492405899186,0.046018049746863306,0.08772176975566806,0.3503808056350429,-0.1362821923838873,0.04912392692053709,0.026044464010565704,-0.1414571868809157,-0.2584899845916795,0.20442879154743562,-0.03321813779440898,-0.1669271406559542,0.013625357693154304,-0.02864406779661017,0.11064714946070878,0.07936165529385869,0.11189962579793088,0.06112260620735197,-0.0827955095751706,-0.12475016508914814,-0.09628659476117103,0.08309046885318072,-0.2948382126348228,-0.07719348448162007,-0.13405238828967642,-0.2888597842835131,-0.3012524763372221,-0.12543253356812678,-0.13428571428571429,0.07448822364076602,0.09535989434294519
#51,0.24563944530046225,0.2514043583535109,0.5465683469073299,0.29763592339863526,-0.05393352410301563,-0.25169931763152104,0.2127030596522122,0.3008848778340304,0.10099493726612371,1.0,0.5505172793308386,0.19717587497248515,0.2236517719568567,0.024034778780541492,-0.058340303764032576,-0.3967972705260841,0.5020272947391592,0.27708342504952677,-0.105115562403698,-0.19295179396874312,0.060755007704160244,-0.007745982830728594,0.33695135373101476,0.12478318291877614,0.38302223200528285,0.22203169711644288,0.11725952014087607,0.09156504512436715,-0.055817741580453446,-0.23369579572969404,0.07654193264362756,-0.18740039621395554,0.25809817301342725,-0.17511776359233985,-0.3498613251155624,-0.2713471274488224,0.20309267004182258,-0.3591833590138675,-0.15985912392692053,-0.3058287475236628,-0.16337662337662337,-0.2317213295179397,-0.12126128109178956,-0.16888619854721548,0.14642526964560862,-0.0029121725731895225,0.03817961699317632,0.05103235747303544,-0.010279550957517059,0.009920757208892803,-0.028010125467752587,0.16372220999339643,-0.054072198987453225,0.33143517499449704,0.2108364516839093,-0.15035439137134052,-0.04659916354831609,-0.42726832489544353,-0.08704820603125688,-0.1400726392251816,0.008853180717587497,-0.08087607307946292,-0.2961897424609289,-0.2209883337001981,0.24904908650671362,-0.03059652212194585,-0.24240149680827647,-0.20584635703279772,-0.06460268545014308,-0.2534998899405679,0.22368919216376842,0.19486902927580893,-0.12780321373541711,0.0746335020911292,-0.21057671142416906,-0.019907550077041602,0.03987012987012987,0.2438961038961039,-0.013024433193924718,-0.022203389830508475,0.32724631300902485,-0.1361435174994497,-0.011983270966321813,0.21002421307506053,-0.2665265243231345,0.09956416464891041,-0.06414924058991855,0.025269645608628658,0.0016288795949812899,-0.062110939907550074,0.15618754127228704,-0.10344926260180498,-0.013383226942548976,-0.06292317851639885,-0.08753026634382567,0.4241184239489324,0.132425709883337,0.5188355712084526,0.3781950253136694,0.08348228043143298,0.3868258859784284,0.46368258859784284,0.10902267224301122,0.21346907329958179,0.1645740699977988,0.22742020691173234,0.3376315210213515,0.09613691393352411,-0.07103235747303543,-0.1579176755447942,-0.12176755447941888
#52,0.30136253576931543,0.24223640766013646,0.24638564825005502,0.08321593660576711,-0.16258859784283514,-0.17259960378604447,-0.014580673563724411,0.36041822584195465,0.23756548536209554,0.5505172793308386,1.0,0.19163328197226503,0.26114461809377065,0.09716046665199207,0.08328197226502311,-0.25574510235527187,0.26879594981289895,0.1342306845696676,-0.031300902487343164,-0.03589698437156064,0.17534228483381026,0.07689412282632621,0.24528285274047987,0.0014902047105436935,0.32373321593660576,0.19345806735637244,0.12188201628879596,0.12245432533568126,-0.09055029716046666,-0.25707462029495926,-0.1402905569007264,-0.3403764032577592,0.11306405458947832,-0.22660356592559983,-0.23417565485362096,-0.2841272287034999,-0.0017059211974466211,-0.3465705480959718,-0.0423662777900066,-0.3458001320713185,-0.11483160906889721,-0.1445608628659476,-0.14622496147919878,-0.17992956196346027,0.10985252036099494,-0.08182258419546555,-0.10784283513097072,-0.03854281311908431,-0.0065155183799251596,0.03580893682588598,-0.09149240589918556,-0.02481399955976227,-0.02145938806955756,0.286286594761171,0.1047457627118644,-0.1596852300242131,-0.1332709663218138,-0.3741668500990535,-0.08458507594100814,-0.24043143297380584,-0.07851199647809817,0.10370239929561964,-0.2995245432533568,-0.24189522342064715,0.3629341844596082,-0.05653532907770196,-0.19108958837772397,-0.20602025093550516,0.05468412942989214,-0.20511996478098174,0.14314990094651112,0.09311027955095752,-0.15212854941668502,-0.06856702619414484,-0.26730794629099713,-0.11311688311688312,0.019289016068677084,0.07844816200748404,0.10118864186660796,-0.025745102355271846,0.3580409421087387,0.12945410521681708,-0.08809597182478539,0.28415584415584416,-0.16226722430112261,0.043306185340083646,-0.04423948932423509,0.0003631961259079903,0.14179616993176314,-0.1291569447501651,0.15144838212634823,-0.08419986792868149,0.17649570768214837,-0.016251375742901166,0.07377944089808497,0.2546489104116223,0.05856702619414484,0.27631300902487343,0.13084085406119306,-0.11976447281532027,0.09712084525643848,0.27413163108078364,-0.07022232005282852,0.051877613911512216,0.12815760510675764,-0.024305524983491086,0.08730794629099714,0.04459388069557561,0.06596302003081664,-0.1318776139115122,-0.11897644728153203
#53,0.3364670922298041,0.27134932863746425,0.197178076161127,0.10208452564384768,-0.12629319832709662,0.09633281972265023,0.0735329077701959,0.142392692053709,0.4516090688972045,0.19717587497248515,0.19163328197226503,1.0,0.596451683909311,-0.23112920977327758,0.06946951353731015,-0.2193858683689192,0.2907462029495928,-0.024021571648690294,-0.0777261721329518,-0.047237508254457404,0.20108298481179837,-0.04325775918996258,0.0966982170372001,0.048040942108738716,0.1754853620955316,0.22478098173013428,0.14432753686990976,0.09049966982170372,0.15117543473475678,-0.3155558001320713,-0.04475236627779001,-0.18010345586616774,-0.03803433854281312,-0.1413845476557341,0.169735857362976,-0.17848117983711204,0.22221219458507593,-0.1804996698217037,0.13680607528065156,-0.2133215936605767,0.06508474576271187,-0.2840744001760951,0.1724653312788906,0.08848117983711204,-0.14391811578252256,-0.17052828527404798,-0.15437596302003082,-0.0474554259300022,-0.0042813119084305525,-0.030627338762931982,-0.02780761611270086,-0.07497468633061853,0.10514637904468413,0.036183138895003304,0.19115782522562183,0.057277129650011006,-0.1790843055249835,-0.20640545894783183,-0.036183138895003304,-0.22221659696235968,-0.1562161567246313,-0.13652432313449261,-0.1015694475016509,-0.3416288795949813,-0.007968302883557122,-0.13023552718467973,-0.13272507153863086,-0.3845168390931103,-0.04220779220779221,0.061305304864626896,0.0008342504952674444,0.12071318511996477,0.007726172132951794,-0.020228923618754127,-0.12764252696456085,-0.14778120184899846,-0.12809597182478538,-0.17109619194364958,-0.11063834470614131,-0.10805414924058993,0.47198767334360553,0.2758067356372441,0.02844816200748404,0.5856042262821923,-0.018034338542813118,-0.09996918335901386,-0.08584635703279771,0.17081443979749064,-0.2671054369359454,0.4142835130970724,0.08170151882016288,-0.060983931322914374,-0.17773057451023552,-0.06468192824125027,-0.06587717367378385,-0.08552718467972706,0.1438762931983271,0.12104556460488664,-0.023702399295619635,0.0031873211534228485,-0.03308386528725512,0.30421527624917455,-0.1388465771516619,0.18242350869469515,-0.025806735637244112,-0.1484833810257539,-0.10097072419106318,-0.23248294078802553,-0.1354699537750385,-0.1401518820162888,-0.10888839973585736
#54,0.06681047765793528,0.16836231565045123,0.1585097952894563,0.020748404138234647,0.10918556020250936,0.29016508914814,0.0562557781201849,0.2896279991195245,0.4840325775918996,0.2236517719568567,0.26114461809377065,0.596451683909311,1.0,-0.055595421527624915,0.06536429672022892,-0.39781421967862646,0.2009553158705701,0.097607307946291,-0.17612150561303103,-0.2625930002201189,0.0713053048646269,-0.19075720889280212,0.16478318291877614,-0.00664538850979529,0.19316751045564604,0.13559322033898305,0.10094210873871891,0.11096632181377944,0.20590799031476997,-0.13624036979969184,0.08624477217697557,0.036440677966101696,0.12734756768655073,-0.0962161567246313,0.06977327756988774,-0.1663284173453665,0.19431873211534229,0.0018401937046004842,0.12414043583535109,-0.3494783182918776,-0.1382544574069998,-0.3151573849878935,0.1660840854061193,0.032040501871010346,0.061413163108078365,-0.12892581994276908,-0.13606207351970065,-0.07704380365397315,-0.22623816861104998,-0.13156504512436715,-0.36282632621615674,-0.16990314769975787,-0.09407660136473696,0.018049746863306185,0.23397754787585295,-0.23110279550957516,0.02709222980409421,-0.39901386748844375,0.197442218798151,-0.20930442438917016,0.14014307726172132,0.08327977107638125,-0.03910631741140216,-0.1908034338542813,0.08169711644287915,-0.21216156724631302,0.21998899405679068,-0.09091789566365838,-0.06774158045344486,-0.13091349328637464,0.07881796169931764,-0.02993616552938587,0.030644948272066916,0.07941888619854721,-0.3311622276029056,-0.15147699757869248,-0.048283072859344044,0.057065815540391814,0.17606867708562624,0.03493506493506494,0.48043803653973144,0.1718071758749725,0.1607109839313229,0.417937486242571,-0.08638344706141317,0.21642967202289237,0.08743121285494167,-0.10193264362755888,-0.06309267004182259,0.27545894783182917,0.013876293198327097,0.014415584415584416,-0.057376183138895004,-0.02978648470173894,-0.011173233546114903,0.06307726172132952,0.09157605106757649,0.21639225181598062,0.023805855161787366,-0.019867928681488005,0.017999119524543254,0.3054765573409641,0.03588597842835131,-0.01723530706581554,-0.2048382126348228,-0.1211996478098173,-0.014692934184459609,-0.017829627999119524,-0.2566651992075721,-0.04598723310587717,-0.039134932863746426
#58,-0.1522011886418666,-0.10674003962139555,-0.20304864626898525,0.022287034998899405,0.1858859784283513,-0.11038961038961038,0.2239555359894343,0.019068897204490426,-0.10174114021571648,0.024034778780541492,0.09716046665199207,-0.23112920977327758,-0.055595421527624915,1.0,-0.19625797930882677,0.12977767994717146,-0.11317411402157165,-0.06865947611710324,-0.18438917015188203,-0.08462469733656175,-0.17838432753686992,-0.10708782742681047,0.01151221659696236,-0.16022892361875413,0.009205370900286154,-0.10945190402817521,0.11812678846577152,0.10534228483381025,-0.23025093550517278,0.09801232665639445,-0.05747083425049527,0.03103235747303544,-0.004827206691613471,-0.1150033017829628,-0.21867928681488003,0.05957957296940348,-0.010224521241470394,0.023083865287255118,-0.12388729914153643,-0.1198481179837112,-0.105148580233326,-0.20114681928241251,-0.1454655513977548,-0.05578252256218358,0.23711644287915473,0.1870658155403918,0.202887959498129,0.08128989654413384,0.01039621395553599,-0.010849658815760511,-0.16886418666079683,-0.19313009024873432,-0.15826986572749285,-0.06946290997138455,0.04220559101915034,-0.23204930662557782,0.15410961919436494,0.10668500990534889,0.17018269865727492,0.0008716707021791767,0.004747963900506274,-0.016081884217477437,0.21734756768655072,0.41789346246973363,0.028712304644508035,-0.2041932643627559,0.5125885978428352,0.187607307946291,0.03202069117323355,-0.07129650011005943,0.05422408100374202,-0.17690292758089368,0.035447941888619855,-0.06826326216156725,0.12393352410301563,-0.009187761391151222,-0.06801012546775259,0.043352410301562845,0.22165529385868368,0.3369073299581774,-0.22349548756328416,-0.021624477217697557,0.3419986792868149,-0.16148139995597624,0.23331278890600923,0.14890600924499228,-0.0018600044023772838,-0.08188861985472155,-0.03246973365617433,-0.2703147699757869,0.22635042923178517,0.25529165749504734,0.23378164208672683,0.033167510455646046,0.01704160246533128,0.04450583314990095,-0.26672022892361874,-0.1345806735637244,-0.1665133171912833,-0.1001584855822144,-0.035062733876293196,-0.10126788465771516,0.1305524983491085,-0.1408562623816861,-0.06672463130090249,-0.07213955535989434,-0.05220779220779221,0.07639885538190623,0.07349768875192604,0.21618093770636143,0.12766013647369578
#101,-0.2277657935285054,-0.052170372000880476,-0.19574510235527184,-0.22587717367378385,-0.3173497688751926,-0.21499449702839532,-0.1551617873651772,-0.026662998018930222,0.3362909971384548,-0.058340303764032576,0.08328197226502311,0.06946951353731015,0.06536429672022892,-0.19625797930882677,1.0,0.16658155403918115,-0.06420867268324895,-0.16278010125467754,0.5709289016068677,-0.1251023552718468,0.5937332159366058,0.13128109178956637,0.19047765793528507,-0.2174686330618534,0.0361171032357473,0.0028945630640545895,-0.12166629980189302,-0.16211093990755007,0.10971164428791548,0.018265463350209114,-0.31853841074180056,-0.008309487123046445,-0.3304424389170152,0.028485582214395774,0.062110939907550074,-0.02330838652872551,-0.05137574290116663,0.07598723310587717,0.31528725511776357,-0.061879815100154084,0.1270195905789126,-0.0011270085846357032,0.209537750385208,0.12293858683689192,-0.06664979088707902,-0.04074620294959278,-0.10981950253136694,-0.18286594761171032,-0.22914153642967203,-0.21296059872331058,-0.09029275808936826,-0.27127448822364075,-0.0691569447501651,-0.22947391591459387,0.21396654193264364,0.12095751705921197,-0.21634382566585955,-0.13990755007704161,-0.2058397534668721,-0.2844111820383007,-0.09753907109839313,-0.2392670041822584,0.09981950253136694,0.06022232005282853,-0.09356592559982391,-0.035786924939467314,0.05296059872331059,-0.02312788906009245,0.3209156944750165,0.16503411842394894,-0.02812458727712965,0.3378736517719569,-0.049539951573849876,-0.3231719128329298,0.02519700638344706,-0.27019370460048425,-0.1553004622496148,-0.3231256878714506,0.42319392471934847,-0.20615892581994277,0.06455646048866388,-0.006306405458947832,-0.08288575830948712,-0.006183138895003302,-0.07799471714725952,-0.1556372441118204,-0.2590292758089368,-0.003642967202289236,0.1912590799031477,-0.035027514858023336,-0.3938740920096852,-0.41671582654633504,-0.262755888179617,-0.14176975566806074,-0.041393352410301565,0.033695795729694035,0.03157384987893463,-0.23412942989214175,-0.1361104996698217,-0.23514417785604227,-0.3624873431653093,-0.20089368258859785,-0.124521241470394,-0.009951573849878935,0.0748316090688972,-0.2493814659916355,-0.32815100154083204,-0.17173453664979088,-0.10585075941008144,-0.07046004842615013,0.006233766233766234
#102,-0.1728681488003522,0.11678846577151662,-0.2625225621835791,-0.07201848998459168,-0.045771516618974245,-0.10438476777459828,-0.10804534448602245,-0.22575830948712305,-0.09753686990975127,-0.3967972705260841,-0.25574510235527187,-0.2193858683689192,-0.39781421967862646,0.12977767994717146,0.16658155403918115,1.0,-0.45651551837992516,-0.24269205370900288,0.30335681267884657,0.38782302443319394,-0.1733215936605767,0.25735417125247634,-0.1439489324235087,0.03955976227162668,-0.27965881576051066,0.051613471274488225,-0.253053048646269,-0.16947391591459388,-0.02031917235307066,0.27902047105436933,-0.19638564825005503,0.06082104336341625,-0.21381245872771296,0.15254897644728152,0.08136913933524104,0.3528131190843055,-0.2273827867048206,0.36863746423068455,0.05370680167290337,0.1963482280431433,0.1240744001760951,0.3025291657495047,-0.04350429231785164,0.3530222320052829,-0.12705040721989874,0.15511116002641426,-0.11734096412062514,-0.21999779881135814,-0.23952674444199867,-0.245445740699978,0.026022452124147038,-0.17323794849218577,-0.22618534008364516,-0.17476997578692494,-0.36689192163768436,0.17186000440237728,-0.2053995157384988,0.49544353951133613,-0.04571648690292758,0.053755227823024436,-0.21333920316971164,-0.08830288355712085,0.38351089588377724,0.3912810917895664,-0.05913493286374642,0.07178956636583755,0.16676205150781423,0.005148580233325996,0.26824345146379047,0.2963350209112921,-0.1787079022672243,-0.031276689412282635,0.07781421967862646,-0.25861104996698214,0.053992956196346024,-0.1727360774818402,-0.373218137794409,-0.3320360994937266,0.152326656394453,0.25172353070658154,-0.27890380805635046,-0.049143737618313886,-0.11105216817081223,-0.1671516618974246,0.17983050847457627,-0.03162447721769756,-0.050763812458727714,0.14507814219678627,0.07804094210873871,-0.20650451243671583,-0.10718908210433634,0.04534668721109399,0.04267444419986793,0.12754347347567688,0.17451683909311028,-0.4601760950913493,0.015390710983931324,-0.418234646709223,-0.22954655513977548,-0.13768214836011447,-0.41208672683248954,-0.381303103675985,-0.10327316751045565,-0.07018489984591679,-0.18734096412062515,-0.1477988113581334,-0.3868500990534889,-0.2785714285714286,0.29384547655734095,0.23558001320713184,0.15176975566806075
#201,0.3794849218578032,0.14703059652212194,0.42474136033458065,0.26935064935064934,0.0112524763372221,-0.17718247853841074,0.11559542152762492,0.12140215716486903,0.10077261721329518,0.5020272947391592,0.26879594981289895,0.2907462029495928,0.2009553158705701,-0.11317411402157165,-0.06420867268324895,-0.45651551837992516,1.0,0.394323134492626,-0.22364076601364738,-0.35881576051067576,0.1268104776579353,0.0020294959278010128,0.24014747963900507,0.2535197006383447,0.40310807836231566,0.286088487783403,-0.012073519700638346,0.007294739159145939,0.0175676865507374,-0.28915254237288135,0.11852740479859124,-0.28740699977988116,0.3243099273607748,-0.0885956416464891,-0.16843275368699098,-0.3907307946290997,0.3789148139995598,-0.28611930442438915,-0.05403697996918336,-0.18715386308606646,0.053629760070438036,-0.34851199647809816,-0.039284613691393355,-0.32210653753026636,-0.20379264802993616,-0.15609509134932864,-0.03572088928021131,-0.06888839973585736,0.01970724191063174,-0.082161567246313,0.08697776799471715,0.07102575390710984,0.07053268765133172,0.194884437596302,0.1282258419546555,-0.08700638344706141,-0.08204050187101035,-0.5062998018930223,-0.3144353951133612,-0.257244111820383,-0.009775478758529606,-0.016147919876733436,-0.45416464891041164,-0.3913911512216597,0.057433414043583535,0.001987673343605547,-0.3235725291657495,-0.23580453444860225,0.004151441778560422,-0.21840633942328858,0.3194475016508915,0.29858903808056353,-0.044415584415584415,0.162722870349989,-0.20578472375082543,0.07464010565705481,0.2124719348448162,0.3057957296940348,-0.020323574730354392,-0.05019150341184239,0.2998327096632181,-0.20699537750385208,0.06093330398415144,0.2505216817081224,-0.028285274047985913,-0.016836891921637686,0.1549570768214836,0.12919876733436056,-0.17660356592559984,-0.07645608628659475,-0.1663350209112921,-0.09399295619634603,-0.26842615012106535,-0.08089368258859785,0.054164648910411624,0.5289896544133832,0.12200528285274048,0.6143429451904028,0.36616773057451024,0.16911292097732775,0.5005921197446621,0.5000242130750605,0.0008408540611930443,0.5014637904468413,0.17553158705701077,0.32993836671802773,0.24094651111600265,0.14374202069117323,-0.0037090028615452343,-0.16891481399955977,-0.033396434074400176
