,#10,#11,#12,#13,#17,#18,#26,#49,#50,#51,#52,#53,#54,#58,#101,#102,#201,#202,#301,#302,#401,#402,#501,#502,#601,#602,#701,#702,#801,#802,#901,#902,#1001,#1002,#1101,#1102,#1201,#1202,#1301,#1302,#1401,#1402,#1501,#1502,#1601,#1602,#1701,#1702,#1801,#1802,#1901,#1902,#2001,#2002,#2101,#2102,#2201,#2202,#2301,#2302,#2401,#2402,#2501,#2502,#2601,#2602,#2701,#2702,#2801,#2802,#2901,#2902,#3001,#3002,#3101,#3102,#3201,#3202,#3301,#3302,#3401,#3402,#3455,#3501,#3502,#3601,#3602,#3701,#3702,#3801,#3802,#3901,#3902,#4001,#4002,#4101,#4102,#4201,#4202,#4301,#4302,#4401,#4402,#4501,#4502,#4601,#4602,#4701,#4702,#4801,#4802
#10,1.0,0.5061853400836451,0.48671362535769314,0.4806537530266344,0.3231763152102135,0.02589258199427691,0.08597402597402598,0.40210433634162446,0.31629099713845477,0.4863746423068457,0.31396434074400176,0.23450583314990095,0.2570614131631081,0.17924499229583976,0.11819282412502752,0.11822584195465552,0.34616112700858465,-0.09808716707021792,-0.1607638124587277,-0.050332379484921856,0.012306845696676205,-0.10494607087827426,-0.23661457186880916,-0.28459828307285934,-0.025472154963680386,-0.10643847677745982,-0.06938586836891922,-0.2537023992956196,-0.06420647149460709,-0.1257296940347788,0.10325555800132072,-0.05289896544133832,0.21254017169271405,0.026702619414483823,-0.12978428351309707,0.08812238608848778,-0.0399867928681488,0.22723970944309926,0.022207792207792208,0.04462029495927801,-0.02601584855822144,-0.10107858243451463,-0.20887739379264803,0.008919216376843496,-0.08729914153642968,-0.08830508474576271,0.21627118644067797,0.031351529826106096,0.05965001100594321,-0.24673343605546996,-0.011749944970283954,-0.27265243231344927,0.014972485141976667,-0.11310147479639004,-0.11550737398195025,-0.0188663878494387,-0.06305965221219459,-0.008523002421307506,-0.027765793528505393,-0.11707682148360114,-0.2670482060312569,-0.26797050407219897,-0.1314813999559762,-0.03940788025533788,-0.09472154963680388,-0.03261281091789566,-0.13008144397974905,0.013356812678846577,0.17433634162447723,0.2141536429672023,0.08230464450803433,0.1891569447501651,-0.187805414924059,-0.023396434074400178,0.0017917675544794189,0.04260840854061193,-0.011787365177195686,-0.2637398195025314,-0.2693132291437376,-0.06760950913493287,0.39767774598283073,0.2045036319612591,-0.00850759410081444,-0.005014307726172133,0.11486902927580894,-0.23015628439357252,-0.03387409200968523,0.3018247853841074,-0.20990975126568348,0.1940545894783183,-0.21292317851639886,-0.09666960158485582,0.03018930222320053,-0.165346687211094,0.014235086946951353,0.08911512216596962,-0.019112920977327755,0.08989654413383227,0.009460708782742681,0.22650451243671582,-0.01160906889720449,0.10505172793308387,-0.017783403037640325,0.014609289016068677,0.07680387409200969,0.13197886858903807,0.03646929341844596,-0.22206691613471274,-0.19760510675764914,-0.16547655734096411,-0.08701738939027075
#11,0.5061853400836451,1.0,0.4101584855822144,0.26254897644728153,0.15023772837332158,0.09924719348448162,0.38146819282412503,0.39550737398195024,0.2996059872331059,0.3833480079242791,0.38385208012326655,0.004428791547435616,0.037640325775919,0.11838652872551178,0.0262095531587057,0.2702047105436936,-0.0350297160466652,-0.16775478758529605,-0.17839973585736296,0.18588817961699317,-0.0005767114241690513,0.3364340744001761,-0.23338542813119084,-0.11222980409421088,-0.24589698437156066,0.06307946290997138,-0.25550077041602465,-0.3622870349988994,-0.16498128989654415,-0.2648051948051948,0.005221219458507594,-0.03534888839973586,0.08114461809377063,0.15521901826986573,-0.19450583314990094,-0.15063394232885757,-0.24959938366718026,0.3005811138014528,-0.32996478098173015,-0.05548756328417345,-0.14707682148360116,-0.18469513537310148,-0.2981928241250275,0.1712194585075941,-0.13704380365397315,-0.055588817961699316,-0.11252916574950474,-0.11217477437816421,0.08207351970063835,0.09386748844375963,-0.1795399515738499,-0.05136913933524103,-0.13595641646489104,0.021470394012766895,-0.03382566585956417,-0.05991635483160907,0.07252696456086287,0.2305414924058992,0.012694254897644728,-0.1755183799251596,-0.2162689852520361,-0.09767994717147259,-0.1903411842394893,0.11128329297820823,-0.22503852080123266,-0.13544794188861986,-0.016013647369579574,0.32434954875632843,0.2810609729253797,0.1373893902707462,0.1622870349988994,0.13003081664098612,-0.03358133392031697,0.13323134492626018,0.13572749284613692,0.22837112040501872,0.0688597842835131,-0.010224521241470394,-0.05842835130970724,0.1643297380585516,0.19599603786044464,-0.0462491745542593,0.002397094430992736,0.04829627999119525,0.08539071098393132,-0.2008562623816861,-0.04999559762271627,-0.03513317191283293,-0.30449042482940786,-0.17687431212854943,-0.23559762271626677,-0.13280651551837994,-0.18136033458067358,-0.0903565925599824,0.04832929782082324,0.14043583535108958,-0.007479639005062734,-0.17041162227602905,-0.09671582654633502,-0.051573849878934624,0.17266563944530047,0.0013273167510455645,-0.03681708122386088,0.007911071978868589,-0.08274708342504952,-0.006590358793748624,0.0051749944970283955,-0.16943649570768216,-0.05656174334140436,-0.07443099273607748,-0.05881576051067577
#12,0.48671362535769314,0.4101584855822144,1.0,0.5741162227602905,0.2866806075280652,0.2908760730794629,0.3298613251155624,0.12233325996037861,0.11461589258199428,0.525824345146379,0.3514307726172133,0.13122165969623598,0.11950253136693814,0.2247655734096412,-0.11800572309046885,0.13405899185560202,0.4838146599163548,0.2938652872551178,-0.22965441338322695,-0.048839973585736295,-0.07427030596522122,-0.045390710983931326,-0.21271186440677967,-0.12774158045344486,-0.0976601364736958,-0.0762887959498129,-0.032328857583094874,-0.14794188861985472,-0.10460928901606868,-0.2062623816861105,0.07570768214836011,0.11786044464010566,0.25610169491525425,0.0999801893022232,-0.19262601804974686,-0.023720008804754566,-0.2591107197886859,0.15396654193264364,-0.1963680387409201,0.048258859784283514,-0.10288355712084525,-0.17846797270526085,-0.29260840854061193,0.007131851199647809,-0.1744970283953335,-0.03439357252916575,0.09918556020250935,0.15956856702619415,0.036279991195245435,0.003779440898084966,-0.05538630860664759,0.03967422408100374,-0.038831168831168834,0.15558221439577372,-0.12080123266563944,0.11297600704380366,-0.1345080343385428,-0.06743781642086727,-0.03569887739379265,-0.10119304424389171,-0.25206911732335463,-0.20460268545014307,-0.25092009685230027,-0.06894342945190403,0.18514637904468412,0.05056570548095972,-0.013057451023552718,-0.07707902267224301,0.18371560642747084,0.30262601804974687,0.46428791547435616,0.4462139555359894,-0.18475016508914813,0.08879154743561524,-0.1696103896103896,0.14807616112700858,-0.170066035659256,-0.1714043583535109,-0.12335901386748845,-0.03110279550957517,0.16535989434294518,0.038481179837112044,0.026418666079683028,0.054014968082764694,0.09682368478978648,-0.2259916354831609,-0.08328197226502311,0.21900286154523443,-0.12902927580893683,-0.0463218137794409,-0.19263922518159807,-0.1308826766453885,-0.12324895443539512,-0.08354611490204711,-0.315280651551838,0.12840633942328858,0.26128769535549196,0.2286022452124147,0.435544794188862,0.2256878714505833,0.4131653092670042,0.3888994056790667,0.3614175654853621,0.26351529826106096,0.32337222099933965,0.23103015628439358,0.27593000220118863,-0.1733237948492186,-0.2711798371120405,-0.2216420867268325,-0.2439357252916575
#13,0.4806537530266344,0.26254897644728153,0.5741162227602905,1.0,0.2029253797050407,0.19104556460488664,0.037666740039621394,0.14571648690292757,0.06584415584415584,0.5470812238608849,0.16602905569007265,0.141963460268545,0.05904908650671362,0.10940567906669602,0.13430772617213296,0.13691613471274489,0.3636319612590799,0.0027206691613471273,-0.08124807395993837,-0.14882896764252695,0.03525643847677746,-0.04893902707462029,-0.15888179616993175,-0.04334800792427911,0.018478978648470173,0.04124147039401277,0.04837552278230244,-0.20475236627779,-0.10780761611270086,-0.07733876293198327,0.004036979969183359,0.12603565925599824,0.13521021351529827,0.24757869249394673,-0.07015628439357253,0.11930662557781202,-0.11764692934184459,0.2167554479418886,0.0662755888179617,0.24017609509134932,-0.04260180497468633,0.06614571868809158,-0.15760290556900727,0.00038080563504292315,0.08204490424829408,-0.11182478538410742,0.22044243891701518,-0.051716927140655955,0.0044970283953334805,-0.19344706141316312,-0.06514417785604226,-0.3009487123046445,0.0187409200968523,-0.0874620294959278,0.02809817301342725,0.03567906669601585,-0.19738498789346248,-0.19314109619194364,-0.02410741800572309,-0.17007484041382345,-0.1513383226942549,-0.137937486242571,0.013185119964780981,0.03620515078142197,0.10800792427911073,-0.029016068677085626,-0.08651771956856702,0.09363636363636364,0.19790006603565927,0.16458507594100816,0.06737178076161127,0.09152982610609729,0.030471054369359454,-0.12563944530046225,-0.1247655734096412,-0.045340083645168394,0.07619194364957077,-0.23842174774378164,-0.11604006163328197,-0.010913493286374643,0.08806515518379925,0.06569887739379265,0.14329738058551617,-0.2621813779440898,0.09265243231344926,-0.12930222320052828,0.03195245432533568,0.10427470834250495,-0.16136033458067356,-0.06942989214175654,-0.14141536429672022,-0.14824785384107417,-0.12386528725511776,0.030022011886418665,-0.03776799471714726,0.12660136473695796,0.1084239489324235,0.16456086286594762,0.2758551617873652,0.2757605106757649,0.18470834250495266,0.18788685890380805,0.3181598062953995,0.03714065595421528,0.23353290777019592,0.19825665859564165,0.23403257759189963,-0.12204050187101034,-0.3044684129429892,-0.07031476997578692,-0.05051727933083865
#17,0.3231763152102135,0.15023772837332158,0.2866806075280652,0.2029253797050407,1.0,0.38435395113361215,0.052405899185560205,-0.05737838432753687,0.0850297160466652,0.23372661237068015,0.09771296500110059,0.45683248954435396,0.4363086066475897,0.3188928021131411,-0.13642306845696675,-0.10371560642747084,0.18574510235527183,-0.14311908430552497,-0.36148580233325994,-0.061408760730794626,-0.33898525203609947,0.09917895663658376,0.014206471494607088,0.15614131631080783,-0.023554919656614572,0.2443429451904028,-0.1333678186220559,-0.04293198327096632,-0.04809156944750165,-0.04419546555139776,-0.03180277349768875,0.19614571868809158,0.09917895663658376,-0.029768875192604006,-0.028146599163548315,0.3648976447281532,-0.08730354391371341,0.12774818401937046,0.08542813119084305,0.14299361655293857,0.12115782522562184,0.0474158045344486,-0.00976667400396214,0.19370239929561964,-0.0035130970724191065,0.2895575610829848,-0.04381465991635483,-0.15543913713405239,-0.03155183799251596,-0.04913933524103015,-0.11046665199207573,0.022949592780101256,-0.04780321373541713,-0.07188861985472154,-0.20337882456526524,0.04498789346246973,-0.13242350869469513,0.05366057671142417,0.29329517939687433,0.2853973145498569,-0.15753686990975127,-0.20581774158045343,0.12113581333920317,0.04901606867708563,-0.21139995597622716,-0.07850759410081444,0.2673233546114902,0.26178076161127006,-0.0375016508914814,0.1311534228483381,0.03342284833810258,-0.12344265903587938,-0.10841294298921418,-0.14885538190622935,-0.12237068016729033,-0.09474796390050627,-0.0030112260620735196,-0.10448822364076601,0.09366938146599163,0.19294739159145938,0.23245652652432314,0.37144177856042265,0.011107197886858903,-0.09576051067576491,0.510561303103676,-0.16966101694915253,0.032564384767774596,0.3344662117543473,-0.07467532467532467,0.333944530046225,0.12234206471494607,0.12240810037420206,0.23436055469953776,0.0859982390490865,0.16109178956636583,0.024287915474356152,0.20635703279771075,-0.06712524763372221,0.06464670922298041,-0.19300902487343166,0.10538850979528945,0.004721549636803874,0.2220052828527405,0.05411402157164869,-0.1268743121285494,0.03556240369799692,0.04313229143737618,-0.17491305304864627,-0.046874312128549415,-0.057219898745322476,0.008668280871670701
#18,0.02589258199427691,0.09924719348448162,0.2908760730794629,0.19104556460488664,0.38435395113361215,1.0,0.11243451463790446,0.15064054589478318,-0.18992956196346028,0.047959498128989655,-0.030497468633061853,0.24416464891041162,0.3627999119524543,0.055245432533568124,-0.12511336121505612,-0.01184239489324235,0.21538850979528945,0.23147919876733436,-0.15959498128989655,0.022434514637904468,-0.370924499229584,0.09926480299361655,-0.24174994497028396,-0.06579793088267664,-0.12397754787585297,0.08508034338542814,-0.07554919656614571,0.12751045564604888,0.044323134492626017,0.1856350429231785,-0.007329958177415804,0.09162667840633942,0.15118423948932425,0.06956636583755228,-0.2297820823244552,0.22179616993176315,-0.27051727933083863,0.030741800572309047,-0.2833876293198327,0.06596081884217478,-0.20219678626458287,0.10508254457407,0.005130970724191063,0.14554699537750385,-0.2178582434514638,0.0549240589918556,0.10473475676865507,0.1631895223420647,-0.07336121505613032,0.06947611710323574,-0.22621835791327316,0.09158485582214396,-0.10935285053929121,0.14059872331058773,-0.32213075060532687,0.08317631521021351,-0.3399823904908651,-0.0660312568787145,-0.15163988553819063,0.033999559762271626,-0.0712722870349989,0.02664538850979529,-0.04068236847897865,0.07228703499889941,0.0425974025974026,-0.109735857362976,0.2744331939247193,0.28578252256218356,0.0779110719788686,0.15879594981289896,0.31269425489764474,0.059035879374862425,-0.1307307946290997,-0.07493286374642306,-0.2276007043803654,-0.17334360554699538,-0.041578252256218355,-0.14466431873211535,0.168102575390711,0.3061325115562404,0.1378120184899846,0.39727492846136914,0.12022011886418667,0.17878274268104777,0.38617433414043584,0.0436583755227823,0.002487343165309267,0.1314439797490645,0.142788906009245,0.05750605326876514,0.04698657274928461,-0.14028835571208453,-0.11721769755668061,-0.05532027294739159,-0.08046885318071759,0.01022011886418666,0.189801893022232,-0.06880475456746643,0.15079683028835572,-0.09861104996698217,0.1115892581994277,0.19033898305084745,0.30077922077922076,-0.05029055690072639,0.11366277790006604,0.13775698877393794,0.3923398635263042,-0.025423728813559324,-0.09399955976227163,-0.05382126348228043,-0.11684569667620515
#26,0.08597402597402598,0.38146819282412503,0.3298613251155624,0.037666740039621394,0.052405899185560205,0.11243451463790446,1.0,0.126814880035219,0.2152938586836892,0.31437376183138893,0.4349482720669161,0.035476557340964124,0.05348888399735857,0.5079837112040502,-0.1516817081223861,0.06806955756108299,0.01474356152322254,0.13204490424829407,-0.2203081664098613,0.22939247193484483,-0.08790666960158486,0.16759630200308168,-0.41803433854281313,-0.1685626238168611,-0.3025313669381466,-0.10601364736957958,-0.254950473255558,-0.21927580893682588,-0.3390116662998019,-0.3409487123046445,0.1160312568787145,0.2186616773057451,0.1486484701738939,0.14822364076601366,-0.24693814659916355,-0.06118864186660797,-0.32902267224301124,0.23760290556900726,-0.3637904468412943,0.09766453885097953,-0.2276601364736958,-0.08211314109619194,-0.4665661457186881,0.2185163988553819,-0.21225181598062953,-0.14050407219898745,-0.12554699537750386,0.11665859564164649,-0.12283953334800793,-0.04281752146158926,0.001904028175214616,0.0851287695355492,-0.12447281532027295,0.09294959278010126,-0.17892361875412724,0.10829627999119525,-0.034662117543473474,0.10938806955756109,-0.14192824125027514,-0.10762711864406779,-0.018569227382786706,0.05175214615892582,-0.3199493726612371,0.010563504292317852,-0.01842394893242351,0.0030640545894783182,0.19232445520581115,0.25770416024653314,0.2897138454765573,0.2858617653532908,0.5152894563064054,0.4388003521901827,0.0786814880035219,0.3148712304644508,0.11633061853400836,0.230033017829628,0.057462029495927804,0.13164648910411622,0.0012084525643847677,0.14198547215496368,0.13122826326216155,-0.1224389170151882,-0.035907990314769975,0.18736077481840194,0.173416244772177,-0.06460708782742682,0.09373541712524763,-0.08930662557781202,-0.2597248514197667,-0.1718776139115122,-0.04513757429011666,-0.03778780541492406,-0.11671362535769315,0.07178516398855382,-0.12936825885978429,0.0045652652432313446,0.040572309046885316,-0.023816861104996697,0.0715562403697997,-0.047490644948272064,0.13104996698217036,0.12399075500770416,0.3109949372661237,0.14811358133392033,0.19841954655513977,-0.017594100814439798,0.14031917235307065,-0.015192604006163329,0.1051551837992516,0.060231124807395994,-0.01915694475016509
#49,0.40210433634162446,0.39550737398195024,0.12233325996037861,0.14571648690292757,-0.05737838432753687,0.15064054589478318,0.126814880035219,1.0,0.32937706361435176,0.3536979969183359,0.14115562403697998,0.22542372881355932,0.221765353290777,-0.01811358133392032,0.20258859784283514,-0.007999119524543253,-0.020008804754567466,-0.16548536209553158,0.04502091129209773,-0.15554919656614571,0.009709443099273608,-0.162260620735197,-0.22209993396434075,-0.32211754347347565,0.02856042262821924,-0.17411842394893243,0.10082764692934185,-0.11009024873431653,0.10368919216376843,0.015635042923178518,0.01677966101694915,-0.04862425709883337,0.03284833810257539,0.12206471494607088,0.031461589258199425,-0.03307726172132952,0.027697556680607527,-0.057312348668280874,-0.011327316751045565,-0.1912920977327757,-0.029711644287915475,0.12979308826766453,-0.11697776799471715,-0.06256658595641647,-0.1327823024433194,-0.3157737178076161,0.18212854941668502,0.12841294298921418,0.2952168170812239,0.005976227162667841,-0.027279330838652874,-0.1372705260840854,0.11801452784503631,-0.04696235967422408,0.049958177415804536,-0.1440017609509135,-0.08556240369799692,-0.32474796390050625,0.05258859784283513,-0.3070724191063174,-0.07592119744662118,-0.32557781201849,-0.0662293638564825,0.0708760730794629,0.1645432533568127,-0.054917455425930004,-0.16033458067356374,-0.02591679506933744,0.04326436275588818,-0.1569337442218798,0.01049966982170372,0.011085186000440238,0.05230464450803434,-0.16008364516839094,0.12985031917235307,-0.19805194805194806,-0.05970063834470614,-0.36523002421307504,-0.23989214175654855,-0.20900726392251817,0.22785384107418005,0.013312788906009246,0.07016288795949813,0.25790666960158487,0.02429672022892362,0.09450363196125908,-0.19463130090248734,0.10642086726832489,0.022132951793968743,-0.12961919436495709,-0.15347127448822365,-0.28280431432973807,-0.2574928461369139,-0.20402597402597403,-0.06053929121725732,0.13121725731895223,-0.04,0.022995817741580455,-0.0016927140655954216,-0.020931102795509575,-0.07424389170151882,0.1253576931543033,-0.05417785604226282,-0.19739379264802995,0.11567246313009025,0.022579793088267665,0.1679110719788686,-0.26829627999119526,-0.22996478098173012,-0.07596302003081665,-0.24710103455866167
#50,0.31629099713845477,0.2996059872331059,0.11461589258199428,0.06584415584415584,0.0850297160466652,-0.18992956196346028,0.2152938586836892,0.32937706361435176,1.0,0.41054369359454107,0.27094651111600265,0.27948932423508693,0.09403477878054149,0.31664758969843715,0.24432973805855163,-0.07136693814659917,0.19478978648470174,-0.1161104996698217,0.19333920316971165,-0.09448822364076602,0.38448602245212415,-0.21480299361655295,-0.09267224301122606,-0.2181091789566366,0.25690512876953553,-0.13195905789126128,0.02033678186220559,-0.3097534668721109,-0.08521901826986572,-0.2091371340523883,-0.017123046445080344,0.1803499889940568,0.16080563504292317,-0.08666740039621396,0.00337442218798151,0.13245652652432313,-0.0021087387189082105,0.03684129429892142,0.14418886198547215,-0.14467532467532468,0.08428351309707242,-0.013902707462029497,-0.22033458067356373,-0.15914373761831388,-0.19082544574069998,-0.1856944750165089,0.019881135813339203,0.07051287695355492,0.03905128769535549,-0.12146599163548316,0.046357032797710765,-0.21674224081003743,0.010268545014307726,-0.18531366938146598,0.1223860884877834,-0.14666299801893024,0.09690512876953555,-0.14803874092009686,-0.07520360994937265,-0.2567180277349769,0.07078362315650451,-0.12694695135373102,0.2012722870349989,0.13475456746643188,0.10589478318291877,0.1891701518820163,0.015020911292097733,0.08075280651551837,0.21308826766453884,-0.008481179837112041,0.040268545014307724,0.13898305084745763,0.02896764252696456,-0.11012987012987013,0.07602245212414704,0.06566145718688092,0.07407660136473695,-0.07593000220118865,-0.2947391591459388,-0.20497248514197666,0.3407968302883557,0.0749372661237068,0.15875852960598724,0.037728373321593664,0.02944750165089148,-0.06936385648250055,0.0713581333920317,0.13816861104996697,-0.3046335020911292,0.029211974466211755,-0.05170812238608849,0.02907770195905789,-0.03681267884657715,-0.17621175434734757,-0.04895443539511336,0.20433414043583534,-0.011754347347567686,0.17805855161787365,0.05824565265243231,0.06470834250495268,-0.07728593440457847,-0.00475676865507374,0.14275588817961699,0.2358617653532908,0.06625357693154303,0.1454193264362756,-0.029652212194585074,0.08175874972485142,0.10728153202729473,0.06542152762491746,-0.05214395773717807
#51,0.4863746423068457,0.3833480079242791,0.525824345146379,0.5470812238608849,0.23372661237068015,0.047959498128989655,0.31437376183138893,0.3536979969183359,0.41054369359454107,1.0,0.49537530266343827,0.3550363196125908,0.25593000220118867,0.43550957517059213,-0.04574510235527185,-0.09973365617433413,0.32923178516398854,-0.072128549416685,-0.22876513317191283,-0.18472815320272948,0.1611138014527845,-0.24045344486022452,-0.13521021351529827,0.007338762931983271,0.05018489984591679,-0.03839753466872111,0.184719348448162,-0.20959718247853842,-0.10797930882676646,-0.29828087167070216,0.005419326436275589,0.30786924939467314,0.0825775918996258,0.05424389170151882,-0.0999141536429672,0.05013427250715386,-0.3019326436275589,-0.13664758969843716,-0.038756328417345366,-0.07826546335020912,-0.09916795069337442,-0.06407660136473696,-0.3440479859123927,-0.18778120184899846,0.009392471934844816,-0.05955535989434294,0.06473915914593881,0.1197424609289016,0.3002839533348008,0.04655073739819503,0.16153863086066475,-0.11682808716707022,0.17352190182698657,-6.823684789786485e-05,0.09053929121725732,-0.10474356152322253,0.21314990094651112,-0.09843715606427471,0.13368038740920096,-0.06197226502311248,-0.08860664758969844,-0.14977107638124587,-0.21339423288575832,-0.12770416024653314,0.1610147479639005,0.12279110719788686,-0.07093330398415144,0.05193924719348448,0.0737442218798151,0.019484921857803213,0.2112062513757429,0.3172705260840854,0.027087827426810478,0.0677790006603566,0.013341404358353511,0.13198106977767995,0.006880915694475016,-0.028578032137354173,-0.0670394012766894,-0.07812458727712965,0.24861104996698216,0.12889720449042483,0.10633942328857583,0.0012987012987012987,0.18852080123266565,-0.18545674664318731,-0.020677966101694915,0.09094651111600265,-0.21524543253356812,0.017745982830728594,-0.0524851419766674,-0.08285274047985912,-0.042645828747523665,-0.1383843275368699,-0.11925379705040721,0.19269205370900286,0.05308166409861325,0.2410741800572309,0.1924785384107418,0.11677525863966542,0.09314769975786925,0.18306185340083644,0.32721549636803876,0.17103675985031916,0.14901606867708564,0.044336341624477214,0.07830068236847898,-0.061052168170812236,-0.008683689192163769,-0.10276909531146819,-0.07745102355271846
#52,0.31396434074400176,0.38385208012326655,0.3514307726172133,0.16602905569007265,0.09771296500110059,-0.030497468633061853,0.4349482720669161,0.14115562403697998,0.27094651111600265,0.49537530266343827,1.0,-0.006156724631300903,0.1837310147479639,0.2658859784283513,0.04514637904468413,-0.07622716266784063,0.28304204270305966,0.18421527624917455,-0.15454545454545454,-0.07911292097732776,0.08209112920977328,-0.07012546775258639,-0.10140655954215276,-0.03086286594761171,-0.028023332599603785,-0.11879594981289897,0.011223860884877835,-0.29343605546995377,-0.04533788245652652,-0.08378824565265243,0.20908650671362536,0.23413823464670921,0.11969403477878054,0.1440986132511556,-0.0810345586616773,-0.051344926260180494,-0.18222980409421088,0.10383667180277349,-0.10722209993396434,-0.060587717367378384,-0.023112480739599383,-0.009372661237068017,-0.19947391591459387,0.1799933964340744,-0.15194144838212634,-0.1286682808716707,-0.09916354831609069,0.06191723530706582,0.1366387849438697,-0.05138895003301783,0.13488883997358572,-0.0662689852520361,0.0274620294959278,0.08057891261281092,-0.019909751265683468,0.07709002861545235,0.005960818842174774,-0.07268104776579352,-0.011080783623156504,-0.17615452344265903,-0.1610873871890821,-0.09945410521681708,-0.30964780981730133,-0.18368699097512656,0.12615892581994276,0.05858683689192164,0.015553598943429453,0.10199867928681489,0.23319612590799033,0.025177195685670263,0.25543473475676864,0.3731653092670042,-0.12080343385428131,0.11372881355932203,-0.10752366277790007,0.11878274268104777,-0.10215716486902927,0.07381245872771297,-0.008721109399075501,0.14456526524323135,0.1465463350209113,0.26555359894342945,-0.05549416685009905,0.016997578692493947,-0.01609289016068677,-0.21407660136473697,0.009222980409421088,0.20937266123706802,-0.09650231124807396,-0.020451243671582655,-0.14068897204490424,-0.09140435835351089,-0.19014307726172133,-0.10582874752366278,-0.18346467092229804,0.26140655954215275,0.04982390490865067,0.23997138454765574,0.12545894783182918,0.22543473475676865,0.11337222099933965,0.15215936605767114,0.18824345146379046,0.2393924719348448,0.0704556460488664,0.11804974686330619,0.006486902927580893,-0.10916795069337443,-0.043852080123266565,-0.03570548095971825,-0.09016068677085626
#53,0.23450583314990095,0.004428791547435616,0.13122165969623598,0.141963460268545,0.45683248954435396,0.24416464891041162,0.035476557340964124,0.22542372881355932,0.27948932423508693,0.3550363196125908,-0.006156724631300903,1.0,0.6057781201848998,0.3431873211534229,-0.04863086066475897,-0.19731234866828087,0.16572309046885317,-0.23889060092449924,-0.2829319832709663,-0.2890226722430112,-0.1916354831609069,-0.23078362315650452,0.0512326656394453,-0.10523002421307506,0.07585736297600705,0.038895003301782964,0.034488223640766015,-0.1653775038520801,0.08176755447941889,-0.09833370019810697,-0.034752366277790006,0.15929341844596082,0.10240369799691834,-0.05087387189082104,0.13010125467752587,0.34201408760730795,0.08362315650451244,-0.06669601584855822,0.21645168390931102,0.001111600264142637,0.21212414703940127,0.08211974466211755,-0.09260620735197006,-0.15339203169711643,-0.013788245652652433,0.14194364957076822,0.12305965221219459,-0.1435064935064935,0.12222320052828528,-0.15939467312348668,-0.18433414043583535,-0.30470394012766894,-0.013325996037860445,-0.2650627338762932,-0.11418886198547215,-0.2358023332599604,0.026687211093990755,-0.1386154523442659,0.07535108958837772,-0.004822804314329738,0.00934404578472375,-0.06492626018049746,0.09535989434294519,-0.07930662557781201,-0.13184019370460048,-0.20645828747523662,0.27803874092009684,0.14372661237068016,-0.056295399515738496,0.037677745982830725,0.020048426150121066,-0.03767334360554699,0.06906009244992296,-0.11811358133392032,0.053779440898084965,-0.016539731454985693,0.05848117983711204,-0.03307285934404579,0.023222540171692715,-0.15803433854281312,0.340939907550077,0.15698437156064274,0.1517411402157165,0.24370019810697777,0.4715386308606648,0.17967862645828747,0.06863746423068456,0.2781201848998459,-0.17750385208012326,0.353482280431433,0.1663086066475897,0.2008892802113141,0.10220338983050847,-0.035362095531587055,0.05997578692493947,0.06709883337001982,0.040911292097732775,0.003138895003301783,-0.03362095531587057,-0.08930882676645388,-0.0859520140876073,0.12462249614791987,0.18317631521021352,0.20690072639225182,0.05393792648029936,0.1325049526744442,0.06486462689852521,-0.061736737838432754,0.17582434514637904,0.00031917235307065816,-0.08009465111160026
#54,0.2570614131631081,0.037640325775919,0.11950253136693814,0.05904908650671362,0.4363086066475897,0.3627999119524543,0.05348888399735857,0.221765353290777,0.09403477878054149,0.25593000220118867,0.1837310147479639,0.6057781201848998,1.0,0.267244111820383,0.04266563944530046,0.03616773057451023,0.26762491745542594,-0.20723750825445741,-0.19848558221439577,0.03244772176975567,-0.19335461149020472,-0.0588597842835131,0.020418225841954657,-0.043922518159806294,0.0009905348888399736,0.046467092229804094,-0.04123706801672904,-0.21972705260840855,0.19008364516839094,0.08381465991635483,0.175610829848118,0.11833370019810698,0.187541272287035,0.03404798591239269,0.11366277790006604,0.28484261501210656,0.16746643187321153,0.16017609509134934,0.13864626898525204,0.07650891481399956,0.08966101694915254,0.09395773717807616,0.04542813119084305,0.08634602685450143,-0.14187541272287035,0.24061633281972264,0.0033348007924279112,-0.058426150121065376,0.10192604006163328,-0.14927801012546776,0.003425049526744442,-0.23789346246973367,-0.04236847897864847,-0.18208452564384767,-0.2447457627118644,-0.1793286374642307,-0.11890821043363416,-0.005610829848117983,0.0325974025974026,-0.05492626018049747,-0.2218534008364517,-0.14677966101694914,-0.07502531366938146,-0.024919656614571867,-0.1642923178516399,-0.2250231124807396,0.3031697116442879,0.14982390490865066,0.06944530046224962,0.14424389170151883,0.033792648029936166,0.0025291657495047325,0.02596302003081664,-0.04740039621395554,-0.05573409641206251,-0.12821043363416246,0.010022011886418667,-0.11260400616332819,-0.06589478318291878,0.10079462909971384,0.4031058771736738,0.29200528285274047,-0.09526744441998679,0.1897556680607528,0.3417851639885538,-0.11371560642747083,-0.05214836011446181,0.31926480299361654,-0.0811864406779661,0.27029275808936826,0.17788685890380806,0.052652432313449266,0.07103455866167731,-0.1566585956416465,0.019806295399515738,-0.04402157164869029,0.036636583755227825,0.06586176535329077,-0.20584855822143958,-0.04821043363416245,-0.09530266343825666,0.19530046224961478,0.09745102355271847,0.17368258859784283,-0.14909090909090908,0.12560642747083425,-0.11699757869249394,-0.22534228483381025,0.15018049746863307,-0.0736121505613031,-0.06215496368038741
#58,0.17924499229583976,0.11838652872551178,0.2247655734096412,0.10940567906669602,0.3188928021131411,0.055245432533568124,0.5079837112040502,-0.01811358133392032,0.31664758969843715,0.43550957517059213,0.2658859784283513,0.3431873211534229,0.267244111820383,1.0,-0.18478978648470173,-0.1522738278670482,0.07970944309927361,-0.12583975346687212,-0.30390710983931324,0.1116222760290557,-0.05037200088047546,0.025401716927140657,-0.10627118644067797,0.08766453885097952,-0.16838212634822805,0.11928241250275148,-0.2432907770195906,-0.2845146379044684,-0.317475236627779,-0.4578912612810918,-0.00112920977327757,0.38625357693154305,0.07004402377283733,-0.03541052168170812,-0.05367378384327537,0.1895641646489104,-0.24665419326436275,0.10711424169051288,-0.135181598062954,0.0437508254457407,-0.10823464670922298,-0.04070217917675545,-0.4467884657715166,0.10424169051287695,-0.11267224301122607,0.04464010565705481,-0.10336561743341405,0.000887079022672243,-0.10078802553378824,-0.11329958177415804,-0.028126788465771515,-0.10578472375082544,-0.11335241030156284,-0.10163108078362315,-0.2743055249834911,-0.1375676865507374,0.19675104556460488,0.2139093110279551,0.04055029716046665,0.08585516178736517,0.1577701959057891,0.12348007924279111,-0.011063174114021572,0.05519480519480519,-0.2373299581774158,-0.1299603786044464,0.40393352410301564,0.36028175214615893,0.18371340523882898,0.2845630640545895,0.3234514637904468,0.3064604886638785,0.15276469293418446,0.12722430112260621,0.16341844596081884,0.23146158925819943,0.2711270085846357,0.26031476997578695,0.1278582434514638,0.18936165529385868,0.23163328197226501,0.0012304644508034338,-0.04079903147699758,-0.04817081223860885,0.41880255337882455,-0.08208232445520582,0.19957517059211974,0.0684899845916795,-0.398135593220339,0.009821703720008805,0.23101915034118423,0.24463350209112922,0.1518908210433634,0.05710323574730354,0.05960818842174774,-0.13349108518600045,0.11605987233105877,-0.0873167510455646,0.011316310807836232,-0.17575390710983932,-0.16233105877173673,0.012480739599383667,0.2548866387849439,0.28445960818842175,0.006711424169051287,-0.11283072859344045,-0.11075280651551837,0.2091965661457187,0.33747303543913715,0.12104336341624478,0.1371318511996478
#101,0.11819282412502752,0.0262095531587057,-0.11800572309046885,0.13430772617213296,-0.13642306845696675,-0.12511336121505612,-0.1516817081223861,0.20258859784283514,0.24432973805855163,-0.04574510235527185,0.04514637904468413,-0.04863086066475897,0.04266563944530046,-0.18478978648470173,1.0,0.2548051948051948,0.17463130090248735,0.008857583094871231,0.41078802553378824,-0.20093550517279332,0.3312260620735197,-0.05288795949812899,0.156748844375963,-0.19250935505172792,0.3671934844816201,-0.06218137794408981,-0.0450033017829628,-0.27836891921637685,0.1469095311468193,0.1282258419546555,0.13038300682368478,-0.04798151001540832,0.1240545894783183,0.35315210213515297,0.0925709883337002,0.07058771736737839,0.40666299801893024,0.27329738058551617,0.4749306625577812,0.2555359894342945,0.1538234646709223,0.1850099053488884,-0.0124983491085186,0.11922738278670482,-0.2728417345366498,-0.2590777019590579,0.20672243011226063,-0.00011666299801893022,-0.35600924499229586,-0.4398393132291437,-0.08034998899405679,-0.4298195025313669,-0.13985912392692054,-0.2610103455866168,0.09358573629760071,0.00198547215496368,-0.4011005943209333,-0.24930442438917017,-0.34441338322694254,-0.4819370460048426,-0.1459784283513097,-0.2266850099053489,0.345775918996258,0.33355712084525646,0.016235967422408102,-0.26141536429672024,-0.30457627118644065,0.03618093770636144,0.51310147479639,0.08607307946290997,0.016922738278670482,-0.09753907109839313,0.22773057451023554,-0.2534800792427911,-0.012837332159366058,-0.23126788465771517,0.062247413603345805,-0.29007704160246534,0.06053048646268985,-0.05576491305304865,-0.04835791327316751,-0.05220779220779221,0.24070658155403918,-0.23062293638564826,-0.14441998679286816,-0.12636143517499449,-0.33468192824125026,-0.0004732555580013207,-0.13535989434294518,-0.19274708342504954,-0.1880805635042923,-0.3397160466651992,-0.38250935505172795,-0.29577812018489985,-0.2488333700198107,0.3357406999779881,0.08764913053048647,0.27354831609068897,-0.05346687211093991,0.05550517279330839,-0.08448382126348228,0.0810543693594541,0.08150561303103676,0.137508254457407,-0.00575610829848118,0.26383887299141534,0.0224125027514858,-0.1408892802113141,-0.15724631300902486,-0.12927140655954214,-0.2691063174114022
#102,0.11822584195465552,0.2702047105436936,0.13405899185560202,0.13691613471274489,-0.10371560642747084,-0.01184239489324235,0.06806955756108299,-0.007999119524543253,-0.07136693814659917,-0.09973365617433413,-0.07622716266784063,-0.19731234866828087,0.03616773057451023,-0.1522738278670482,0.2548051948051948,1.0,-0.12554039181157825,-0.17530486462689854,-0.12010785824345147,0.2998106977767995,0.025817741580453444,0.5677635923398635,0.09119524543253357,0.18872991415364296,-0.1732621615672463,0.2209487123046445,-0.33672903367818624,-0.3230046224961479,-0.26346246973365617,-0.17704160246533127,-0.09454985692273828,-0.244950473255558,-0.014217477437816421,0.0324983491085186,-0.13493506493506494,-0.13889060092449923,-0.01820823244552058,0.4284679727052608,-0.04558441558441558,0.29828087167070216,-0.3200924499229584,-0.3950099053488884,0.2940655954215276,0.13200088047545674,-0.018965441338322696,0.18581554039181158,-0.06418445960818842,-0.3133127889060092,-0.3057957296940348,-0.27160466651992077,-0.12086726832489544,-0.21908870790226723,-0.37562403697996916,-0.32478098173013425,-0.2907902267224301,-0.2765595421527625,-0.16360994937266124,0.09947391591459388,-0.12230464450803434,-0.2646929341844596,-0.19014307726172133,0.0001364736957957297,0.06321593660576712,0.39869029275808937,-0.21544794188861985,-0.30130090248734315,-0.03126348228043143,0.017422408100374202,0.4449526744441999,0.5296874312128549,0.10333920316971164,0.11871010345586616,0.338069557561083,0.04105216817081224,-0.028278670482060314,0.031743341404358354,0.11722209993396435,0.10551617873651772,-0.03913273167510456,0.19898965441338323,-0.03481399955976227,-0.10734756768655074,0.04137354171252476,-0.2574928461369139,0.07674444199867929,-0.07046224961479199,0.06657715166189743,-0.2058859784283513,-0.32981950253136694,-0.2450033017829628,-0.199801893022232,0.006880915694475016,-0.11844596081884218,0.2092956196346027,0.12856702619414484,-0.04221219458507594,-0.05348228043143297,-0.19111160026414264,-0.3020030816640986,0.020838652872551176,-0.09084525643847678,-0.16396654193264362,-0.15425269645608627,-0.019134932863746422,-0.1656834690732996,0.06268545014307726,-0.2378186220559102,-0.14416905128769536,-0.0472903367818622,0.043587937486242574,0.16688751926040063
#201,0.34616112700858465,-0.0350297160466652,0.4838146599163548,0.3636319612590799,0.18574510235527183,0.21538850979528945,0.01474356152322254,-0.020008804754567466,0.19478978648470174,0.32923178516398854,0.28304204270305966,0.16572309046885317,0.26762491745542594,0.07970944309927361,0.17463130090248735,-0.12554039181157825,1.0,0.4285626238168611,0.05736077481840194,-0.3257406999779881,0.1309751265683469,-0.4388994056790667,-0.05894563064054589,-0.08936385648250054,0.31077041602465333,-0.10719348448162007,0.2508782742681048,-0.12107197886858904,0.19953775038520802,0.14075060532687653,0.258333700198107,0.29740039621395553,0.5062689852520361,0.19668941228263262,-0.024351749944970285,0.09314329738058552,0.00026414263702399294,0.104884437596302,0.1315628439357253,0.19377503852080125,0.04188421747743782,0.06318732115342285,-0.19453004622496148,0.04000220118864187,-0.26719788685890383,-0.15275368699097513,0.24518379925159586,0.2739533348007924,-0.011714725952014088,-0.21013427250715386,0.18977107638124588,-0.14879154743561523,0.1720228923618754,0.1608892802113141,0.09308606647589698,0.25400396213955534,-0.28962579793088267,-0.256748844375963,-0.13402597402597402,-0.07017609509134932,-0.3517851639885538,-0.17494166850099052,-0.05926040061633282,-0.16740039621395553,0.3226370239929562,0.12334800792427911,-0.13997798811358134,-0.11608408540611931,0.21113581333920317,0.15432093330398416,0.36740039621395554,0.38997578692493945,-0.23985912392692055,0.014389170151882017,-0.3334184459608188,-0.10684349548756328,-0.21094871230464451,-0.25043363416244774,-0.12102135152982611,-0.06224301122606207,0.1293462469733656,0.2905018710103456,-0.004435395113361215,-0.0047963900506273385,-0.0953070658155404,-0.27834910851860006,-0.17829187761391152,0.28052608408540614,0.10581333920316971,0.11220559101915034,-0.06096191943649571,-0.1694937266123707,-0.056141316310807834,-0.2639247193484482,-0.37771516618974244,0.28421747743781645,0.33541492405899187,0.6920228923618754,0.44903147699757867,0.4528263262161567,0.234983491085186,0.5545784723750825,0.3537750385208012,0.5641602465331279,0.2909641206251376,0.5294805194805194,0.27577151661897426,-0.16049966982170372,-0.23467532467532468,-0.3835064935064935,-0.3334558661677306
