,#10,#11,#12,#13,#17,#18,#26,#49,#50,#51,#52,#53,#54,#58,#101,#102,#201,#202,#301,#302,#401,#402,#501,#502,#601,#602,#701,#702,#801,#802,#901,#902,#1001,#1002,#1101,#1102,#1201,#1202,#1301,#1302,#1401,#1402,#1501,#1502,#1601,#1602,#1701,#1702,#1801,#1802,#1901,#1902,#2001,#2002,#2101,#2102,#2201,#2202,#2301,#2302,#2401,#2402,#2501,#2502,#2601,#2602,#2701,#2702,#2801,#2802,#2901,#2902,#3001,#3002,#3101,#3102,#3201,#3202,#3301,#3302,#3401,#3402,#3455,#3501,#3502,#3601,#3602,#3701,#3702,#3801,#3802,#3901,#3902,#4001,#4002,#4101,#4102,#4201,#4202,#4301,#4302,#4401,#4402,#4501,#4502,#4601,#4602,#4701,#4702,#4801,#4802
#10,1.0,0.40694475016508913,0.5477944089808496,0.4890909090909091,0.03691833590138675,0.23693814659916354,0.02028395333480079,0.4987805414924059,-0.1606735637244112,0.4061963460268545,0.33986352630420424,-0.11173893902707462,-0.08771516618974246,-0.1405480959718248,-0.12707021791767553,0.024774378164208674,0.48703059652212194,0.2422143957737178,0.13848117983711203,-0.09011446180937706,0.15541052168170813,0.0950759410081444,0.10969843715606427,0.07493286374642306,-0.02835791327316751,0.09880255337882457,0.32499889940567905,0.17243451463790446,-0.19203389830508474,-0.030283953334800794,0.06925379705040723,0.01956416464891041,0.30006383447061413,-0.003964340744001761,-0.14729253797050407,-0.30877834030376405,-0.03966321813779441,0.056306405458947835,-0.041989874532247416,0.14593880695575612,0.12429892141756549,0.04813559322033898,0.0054501430772617215,0.10675544794188863,-0.10645608628659477,-0.17679947171472596,0.42106317411402155,0.15049086506713624,0.22447721769755669,-0.12672683248954436,0.2637376183138895,0.022740479859123926,0.3219568567026194,0.20102355271846797,0.038538410741800574,0.15707021791767556,-0.279273607748184,-0.1841800572309047,-0.4808166409861325,-0.30655073739819505,0.00809156944750165,0.08286814880035219,-0.23276469293418445,0.004182258419546555,0.17197886858903808,0.142458727712965,-0.3633303984151442,-0.2410543693594541,0.1289654413383227,0.03402597402597403,0.12333700198106978,0.44524983491085185,-0.06555359894342945,0.20085846357032797,-0.18354171252476337,-0.01658815760510676,-0.05825225621835791,-0.2608870790226722,-0.034655513977547875,-0.0738630860664759,-0.25906009244992295,0.03629319832709663,0.05558221439577372,0.17893462469733656,-0.1550363196125908,-0.17373981950253137,-0.03670482060312569,-0.06577591899625798,0.01822804314329738,-0.0275214615892582,-0.07906449482720669,-0.28531807175874974,-0.4161457186880916,-0.3122650231124807,-0.4823882896764253,0.21186220559101915,-0.05183138895003302,0.43895443539511336,0.2713339203169712,0.40419546555139774,0.5405987233105877,0.3749438696896324,0.09951133612150562,0.3358595641646489,0.3427162667840634,0.3935659255998239,0.3517609509134933,0.10620294959278011,-0.062086726832489544,-0.32459608188421746,-0.47566806075280654
#11,0.40694475016508913,1.0,0.49659035879374863,0.36073519700638346,0.16406339423288577,0.13266784063394232,0.44950913493286376,0.21945410521681707,-0.10050407219898745,0.4247017389390271,0.31686110499669823,0.0685097952894563,0.07340744001760952,-0.14570548095971825,-0.004475016508914814,0.2938520801232666,0.20107858243451462,0.36878494386968963,0.14458507594100814,0.04807616112700858,-0.04845696676205151,0.18091569447501651,0.10884437596302003,0.2290314769975787,-0.14660796830288356,0.22186440677966102,0.06670922298040942,0.07138014527845037,-0.12198327096632182,-0.03737178076161127,0.13027294739159145,0.11295839753466873,0.300957517059212,0.08339643407440017,-0.1640149680827647,-0.355214615892582,-0.06977327756988774,-0.03479639005062734,-0.0017609509134932863,0.22032137354171252,0.2041316310807836,0.0912524763372221,0.06658595641646489,0.029718247853841074,0.08321373541712525,-0.005608628659476117,0.024259300022011886,-0.2829033678186221,-0.01591239269205371,-0.19210653753026635,-0.07850759410081444,-0.12737178076161126,0.08646268985252036,0.23425709883337,-0.10659476117103235,0.09535769315430333,-0.16960598723310588,-0.2580827646929342,-0.3701937046004843,-0.23484921857803215,0.03353290777019591,0.061366938146599166,-0.22322033898305085,0.05559762271626678,0.3204094210873872,0.17148580233325997,-0.24055469953775038,0.045793528505392915,0.053929121725731895,0.04716486902927581,0.1985626238168611,0.1574290116662998,-0.11950033017829628,-0.06180057230904688,-0.19310367598503192,-0.14494166850099052,-0.1929672022892362,-0.2531036759850319,0.1256614571868809,0.11501210653753027,-0.18600044023772838,-0.1222672243011226,0.010713185119964781,0.19443099273607747,0.09040501871010345,-0.03544574069997799,-0.08323354611490205,-0.08980409421087387,0.12243451463790447,0.13810917895663657,-0.0034954875632841735,-0.1609487123046445,-0.06907550077041602,-0.207805414924059,-0.20844816200748403,0.266040061633282,0.14027294739159146,0.3156350429231785,0.2309553158705701,0.20020250935505174,0.2574466211754347,0.20521681708122386,0.1523332599603786,0.23297160466651992,0.22217917675544793,0.26298481179837113,0.29985031917235305,0.06207351970063835,0.013838872991415365,-0.12349548756328417,-0.30081223860884876
#12,0.5477944089808496,0.49659035879374863,1.0,0.5104578472375082,0.12504732555580014,0.3325225621835791,0.1536451683909311,0.2092890160686771,0.03376843495487563,0.5407528065155184,0.2767510455646049,-0.08201628879594981,0.06828747523662777,-0.19208672683248953,-0.16185560202509355,0.18906229363856483,0.5353180717587497,0.6616398855381906,0.0949306625577812,-0.147244111820383,-0.1092097732775699,0.20993836671802774,0.11934184459608188,0.19769535549196565,0.06924499229583975,0.28279110719788686,0.14821043363416245,0.2619106317411402,-0.14562623816861106,-0.051338322694254895,0.2680101254677526,0.20865947611710323,0.5022232005282853,0.16424609289016068,-0.10032137354171253,-0.18778560422628218,-0.31030156284393573,0.004362755888179617,-0.2665419326436276,0.26397094430992735,0.1938432753686991,0.035219018269865725,-0.19159366057671143,-0.16375302663438257,-0.148333700198107,-0.13058991855602026,0.14527184679727054,0.017239709443099275,-0.2199603786044464,-0.20225181598062955,0.06869909751265683,0.025045124367158264,0.19128989654413384,0.34669381465991633,-0.21559322033898304,0.1274356152322254,-0.5652322254017169,-0.4962799911952454,-0.24942108738718907,-0.2087409200968523,-0.002610609729253797,0.18782742681047765,-0.4125775918996258,-0.017338762931983272,0.3262183579132732,0.2506493506493506,-0.24683248954435394,-0.07920537090028615,0.2674224081003742,0.11741800572309047,0.3670283953334801,0.4517785604226282,-0.09730574510235528,0.03599163548316091,-0.3913339203169712,-0.10084525643847678,-0.30793968743121286,-0.2619106317411402,0.028509795289456307,0.05215496368038741,-0.22221219458507593,0.04306185340083645,-0.0003940127668941228,0.07594981289896544,-0.06851199647809818,-0.07001100594320933,0.05952014087607308,-0.16535769315430332,0.3456240369799692,-0.14716707021791767,-0.01487343165309267,-0.17563504292317852,-0.1753070658155404,-0.04488003521901827,-0.19967422408100374,0.5155866167730575,0.1409090909090909,0.5350847457627118,0.5475698877393793,0.2851089588377724,0.5136913933524103,0.5787805414924059,0.3931146819282412,0.31638344706141314,0.3493110279550958,0.45299361655293857,0.4239467312348668,0.08811138014527845,0.004292317851639886,-0.06316530926700419,-0.1937376183138895
#13,0.4890909090909091,0.36073519700638346,0.5104578472375082,1.0,0.042042703059652214,0.4423332599603786,0.20045124367158265,0.21027074620294958,0.021162227602905568,0.565874972485142,0.2432819722650231,-0.1071714725952014,0.08462689852520361,-0.006726832489544354,0.031364736957957294,0.12593660576711424,0.5290578912612811,0.34099933964340745,0.18200088047545673,-0.030178296279991194,-0.14418445960818843,-0.07143737618313889,0.2385031917235307,-0.021267884657715168,0.008199427690953115,0.4089368258859784,0.24723970944309928,0.1749966982170372,-0.11201628879594981,0.2515210213515298,0.22231124807395994,0.19412502751485802,0.3331829187761391,0.1477459828307286,-0.07968082764692934,-0.17631741140215718,-0.05961259079903148,-0.023462469733656174,-0.05976667400396214,0.31596081884217475,0.04946070878274268,0.09653312788906009,-0.06321373541712524,-0.034459608188421746,0.008560422628219239,-0.16091789566365838,0.3080893682588598,0.033116883116883114,-0.11139555359894343,-0.22019810697776798,0.17966762051507815,-0.07926480299361656,0.25374202069117324,0.16947171472595202,-0.21219678626458288,-0.02047985912392692,-0.4278318291877614,-0.4249240589918556,-0.19976667400396214,-0.06933744221879815,-0.11577591899625798,-0.07758529605987233,-0.06519700638344707,0.15874532247413603,0.34914593880695577,0.3036341624477218,-0.061547435615232224,0.07639005062733877,0.10067796610169491,0.10916134712744882,0.273812458727713,0.3973145498569227,0.08757649130530487,0.11811138014527844,-0.1278252256218358,-0.07016068677085627,-0.11220118864186661,-0.24715606427470835,0.06181157825225622,0.1609839313229144,-0.4398393132291437,0.23911292097732775,0.0325841954655514,0.10933303984151442,0.07790666960158485,-0.18839533348007925,-0.1367312348668281,0.015005502971604667,0.21292978208232446,-0.039900946511116,0.05038740920096852,-0.3164736957957297,-0.09566585956416465,-0.26485582214395775,-0.284983491085186,0.024666519920757208,0.06706581554039182,0.4315738498789346,0.3488839973585736,0.3001694915254237,0.414058991855602,0.409027074620295,0.33235086946951353,0.3545344486022452,0.421221659696236,0.43389830508474575,0.5149856922738278,-0.09238828967642528,0.13778120184899845,-0.25391151221659697,-0.29476777459828307
#17,0.03691833590138675,0.16406339423288577,0.12504732555580014,0.042042703059652214,1.0,0.21308386528725512,0.2591041162227603,0.2215430332379485,-0.09200308166409861,0.14023552718467971,0.11057891261281091,0.2120559101915034,0.15505172793308386,0.1330926700418226,-0.12382126348228042,0.005553598943429452,0.13976667400396214,0.19126128109178955,-0.1968368919216377,0.0034118423948932422,-0.15222980409421089,-0.1223068456966762,0.09817961699317632,0.1802883557120845,-0.07171252476337223,-0.1312722870349989,0.006095091349328638,-0.1071384547655734,-0.2203037640325776,-0.028604446401056572,0.3225885978428351,0.18591679506933745,0.24173673783843275,0.15357032797710765,0.060913493286374645,0.052293638564825,-0.053849878934624694,0.1449636803874092,-0.002031697116442879,0.09865947611710324,0.0025753907109839313,0.11058551617873652,0.16165529385868369,-0.003299581774158045,0.20639665419326436,0.31711204050187103,0.0823992956196346,-0.08722870349988994,-0.09532247413603345,0.045943209333039844,0.05430552498349109,0.11677745982830728,0.11652872551177636,-0.07971164428791548,-0.06248954435395113,-0.12887519260400615,-0.02342064714946071,-0.09086506713625357,0.02668941228263262,0.10008144397974907,-0.18369579572969402,-0.1317873651771957,-0.015357693154303324,0.031886418666079684,-0.05329077701959058,0.0033810257539071097,0.3341470394012767,0.23338322694254898,0.02717807616112701,0.19788245652652434,0.22826766453885097,0.07884877834030377,-0.06599383667180278,-0.023554919656614572,-0.1769535549196566,-0.09754567466431874,-0.30174994497028396,-0.05641206251375743,0.0723794849218578,-0.0064208672683248955,0.15494166850099053,0.311237068016729,-0.3708298481179837,0.20713625357693155,0.3086022452124147,-0.12725952014087608,-0.17763812458727712,0.18797710763812459,0.01513317191283293,0.016940347787805416,0.3387211093990755,0.03622055910191503,0.2259916354831609,-0.04090688972044904,-0.09328637464230685,0.07592559982390491,0.1238366718027735,0.36157164869029274,0.09535108958837772,0.1342394893242351,-0.07065595421527625,0.2345014307726172,0.06580673563724411,0.272095531587057,-0.13033458067356374,0.16724631300902487,0.08470173893902708,-0.08433854281311909,-0.006916134712744882,-0.1817719568567026,-0.03869029275808937
#18,0.23693814659916354,0.13266784063394232,0.3325225621835791,0.4423332599603786,0.21308386528725512,1.0,0.2404754567466432,0.20707462029495927,0.047327756988773936,0.2478318291877614,0.28901386748844377,0.14600484261501212,0.26904028175214617,0.2591635483160907,-0.08716707021791767,-0.14077041602465332,0.2161303103675985,0.2724235086946951,-0.07458727712965,0.16777679947171473,-0.17084305524983492,-0.1341404358353511,0.3199933964340744,-0.009905348888399735,0.028346907329958176,0.24911952454325337,-0.06147919876733436,0.08111160026414263,-0.12496147919876734,0.33725071538630863,0.1601452784503632,0.490924499229584,0.375478758529606,0.21147259520140876,0.037057010785824344,0.2165969623596742,-0.012003081664098613,0.18934404578472375,-0.11946731234866828,0.3667422408100374,0.0021483601144618096,0.08232445520581114,0.10180497468633062,0.17136253576931543,-0.019101915034118424,-0.019861325115562403,0.132987012987013,0.06168831168831169,-0.01839753466872111,-0.07589258199427691,0.1618467972705261,-0.06845476557340964,0.0261963460268545,0.030378604446401055,-0.13822364076601365,0.107706361435175,-0.24124807395993836,-0.0737112040501871,-0.2518578032137354,0.03888399735857363,-0.12980629539951574,0.09222540171692714,0.028190622936385648,0.08187321153422848,-0.01034338542813119,0.1442504952674444,0.04198767334360555,0.1096896324014968,-0.024598283072859346,0.25942328857583097,0.24671582654633503,0.2569755668060753,0.13693154303323796,0.20047765793528505,0.0437706361435175,0.22385428131190843,0.0386286594761171,-0.13235747303543913,-0.09162227602905569,0.17627338762931982,-0.1029473915914594,0.47015188201628877,0.17579572969403479,0.09621395553598944,0.25198767334360556,-0.26524983491085186,-0.20906449482720668,0.21206251375742902,0.10065815540391812,0.01472375082544574,0.11099273607748184,-0.2812436715826546,0.015020911292097733,-0.320099053488884,-0.3595773717807616,-0.0900066035659256,0.09975126568346908,0.34075280651551837,0.343680387409201,0.33607528065155184,0.2564979088707902,0.534569667620515,0.3562029495927801,0.34701078582434514,0.44526304204270306,0.48963680387409203,0.5497336561743341,-0.002639225181598063,-0.003645168390931103,-0.21299801893022233,-0.2532885758309487
#26,0.02028395333480079,0.44950913493286376,0.1536451683909311,0.20045124367158265,0.2591041162227603,0.2404754567466432,1.0,-0.03707021791767554,-0.05698657274928461,0.20143957737178075,0.04594541052168171,0.09673783843275369,0.18358133392031697,0.07094430992736077,0.12994497028395333,0.15522562183579133,-0.045122165969623595,0.12102355271846797,-0.05530046224961479,0.17837552278230245,-0.0598084965881576,0.18711204050187102,0.05345366497908871,0.11873651771956857,-0.19782082324455205,0.061501210653753025,-0.20411622276029057,-0.13810477657935286,-0.031131410961919438,-0.08721109399075501,0.024714946070878274,0.11849438696896324,0.06903367818622055,0.04686770856262382,-0.1373827867048206,-0.040061633281972264,0.184851419766674,0.08605326876513317,-0.07072639225181598,0.08685009905348888,-0.039722650231124805,-0.14645828747523662,0.28445080343385426,-0.0014527845036319612,0.04418225841954655,-0.004166850099053489,-0.1123464670922298,-0.30800132071318514,-0.08654193264362756,-0.24576931543033237,-0.2098613251155624,-0.20070658155403917,-0.2612150561303104,-0.024466211754347347,-0.17490204710543694,-0.15794849218578033,-0.11403037640325776,-0.1560774818401937,-0.0863812458727713,-0.09432753686990974,0.15193704600484262,0.12060092449922959,0.008089368258859784,0.008936825885978428,-0.05761171032357473,-0.09370680167290336,0.1615694475016509,0.1187871450583315,-0.14113581333920316,0.1697094430992736,0.0488135593220339,-0.17374202069117323,-0.06163988553819062,-0.0924521241470394,-0.037977107638124584,-0.09943209333039842,-0.05411622276029056,-0.0034338542813119083,0.10289016068677086,0.12124807395993836,0.009134932863746423,-0.03327756988773938,-0.057169271406559544,0.11649790887079023,0.2863218137794409,0.19799031476997578,0.0460378604446401,0.07489984591679506,-0.09658595641646489,0.12320272947391592,-0.03053268765133172,0.04048646268985252,0.08268324895443539,0.07426150121065375,-0.036040061633281974,0.033625357693154306,-0.10068236847897864,0.05624697336561743,-0.008267664538850979,0.052430112260620734,0.012509355051727932,-0.0436187541272287,-0.01648910411622276,0.08198767334360554,0.038659476117103235,0.14044464010565705,0.17925159586176537,0.1344177856042263,0.15771956856702618,0.10447721769755668,0.1014307726172133
#49,0.4987805414924059,0.21945410521681707,0.2092890160686771,0.21027074620294958,0.2215430332379485,0.20707462029495927,-0.03707021791767554,1.0,0.03420427030596522,0.2615298261060973,0.37795509575170594,0.16485362095531586,0.07457627118644068,-0.0036627779000660355,-0.2892537970504072,-0.24042923178516398,0.3171054369359454,-0.08467312348668281,0.046850099053488886,-0.19995157384987894,0.003645168390931103,-0.15741140215716487,0.10956636583755228,0.09045784723750826,0.15665419326436275,-0.04422187981510015,0.23995597622716267,0.06622496147919876,-0.15680167290336783,-0.11098173013427251,-0.003902707462029496,0.02456086286594761,0.11566806075280651,-0.054342945190402815,-0.19387189082104336,-0.1764538850979529,-0.06732335461149021,-0.1540942108738719,-0.043215936605767113,0.10915034118423948,-0.03595861765353291,0.08150341184239489,0.08176755447941889,0.14152542372881355,0.033449262601804974,0.07950033017829627,0.2279176755447942,0.067904468412943,0.18089148139995598,-0.01726832489544354,0.06699977988113581,-0.09390931102795509,0.2258199427690953,-0.08000440237728373,-0.0004974686330618534,0.07185340083645168,-0.12604886638784943,-0.10375302663438257,-0.216748844375963,-0.13577812018489985,0.03268765133171913,0.007160466651992076,-0.11654633502091129,-0.14424389170151883,0.18029716046665198,0.12079242791107198,-0.21289236187541272,-0.14270526084085405,0.22535769315430332,0.02585956416464891,0.25614131631080783,0.381848998459168,0.07200748404138235,0.1450693374422188,-0.026180937706361436,0.017107638124587276,-0.053642967202289234,-0.20116442879154744,-0.13332599603786044,-0.1415100154083205,-0.02180497468633062,-0.009539951573849879,-0.05509795289456306,0.4188201628879595,0.059011666299801896,0.06293418445960819,-0.1395795729694035,0.02357693154303324,-0.08833810257539071,0.16922738278670482,0.21166409861325117,-0.10939467312348668,-0.09871670702179176,-0.21782082324455207,-0.29055469953775037,0.23488663878494387,-0.013552718467972706,0.1698877393792648,-0.0853334800792428,0.2456746643187321,0.20534448602245212,0.20475456746643186,-0.1364935064935065,0.20826106097292538,0.015500770416024653,0.07067576491305305,0.1100462249614792,0.10362095531587057,-0.07941668500990536,-0.23773277569887738,-0.2739885538190623
#50,-0.1606735637244112,-0.10050407219898745,0.03376843495487563,0.021162227602905568,-0.09200308166409861,0.047327756988773936,-0.05698657274928461,0.03420427030596522,1.0,-0.043409641206251376,0.04289676425269646,0.02180497468633062,0.11487563284173453,-0.05860444640105657,0.05089808496588158,-0.08464450803433854,0.07283072859344046,-0.06445740699977988,0.05587937486242571,-0.05293418445960819,0.022099933964340745,0.0037023992956196346,0.12140876073079462,-0.02352410301562844,0.06618754127228703,-0.0812458727712965,-0.11775698877393792,-0.17451023552718467,0.08654193264362756,-0.1649768875192604,-0.12198987453224741,-0.1838828967642527,0.031800572309046884,-0.05078582434514638,-0.062022892361875415,0.2466057671142417,-0.02802773497688752,-0.00888399735857363,0.08275588817961699,-0.07394673123486682,-0.18991855602025093,-0.04910631741140216,0.1215364296720229,0.20525863966541932,0.017127448822364076,0.11857803213735417,-0.10582874752366278,-0.08256658595641647,-0.10175434734756769,0.005271846797270526,0.013215936605767115,-0.05349768875192604,-0.0975478758529606,-0.2450891481399956,0.037660136473695795,-0.20788465771516618,-0.036574950473255555,-0.1331829187761391,0.12266123706801672,-0.04876293198327097,0.23186880915694474,0.2682940788025534,0.025130970724191064,-0.08703940127668941,-0.16155183799251596,-0.20463130090248735,0.20472375082544575,0.06812898965441339,0.13928901606867708,0.04960378604446401,0.13530486462689853,0.035551397754787585,0.20023552718467974,0.12426810477657935,0.05758529605987233,0.03453004622496148,0.18083425049526744,0.014296720228923619,0.1496434074400176,-0.018939027074620297,-0.1356504512436716,0.04645168390931103,0.09715386308606648,0.052223200528285274,-0.08512436715826546,0.14760510675764912,0.08444199867928681,-0.10464670922298042,-0.1322209993396434,0.23642306845696676,0.2056812678846577,-0.007774598283072859,0.19220559101915033,0.06765133171912834,0.06175874972485142,0.20280651551837992,0.027600704380365396,-0.15023552718467972,-0.1525709883337002,-0.04002861545234426,-0.22091349328637463,0.06667620515078142,-0.23263262161567247,-0.15764472815320274,-0.059966982170372,-0.13485362095531586,-0.18540391811578252,0.17529826106097293,0.12561082984811797,0.23296940347787806,0.16503411842394894
#51,0.4061963460268545,0.4247017389390271,0.5407528065155184,0.565874972485142,0.14023552718467971,0.2478318291877614,0.20143957737178075,0.2615298261060973,-0.043409641206251376,1.0,0.38713625357693154,-0.07873871890821044,0.06303543913713405,-0.17183138895003303,-0.1893220338983051,0.11488663878494387,0.482821923838873,0.4027470834250495,0.17246753246753246,-0.15516618974246094,-0.19960158485582213,-0.05304864626898525,-0.04848558221439577,0.07879815100154083,0.10540171692714066,0.4305855161787365,0.3289346246973366,0.38080783623156506,-0.18043803653973145,-0.005546995377503852,0.23950473255558002,0.23674224081003742,0.21660356592559982,0.16989654413383226,-0.09920977327756988,-0.3130574510235527,-0.25395993836671804,-0.047373981950253136,-0.04062293638564825,0.3931146819282412,0.22067576491305305,0.2153532907770196,-0.061058771736737835,-0.2821505613031037,-0.255379705040722,-0.23434074400176094,0.26471054369359454,-0.06572969403477878,-0.10300242130750606,-0.23559982390490866,-0.09459608188421748,-0.022896764252696458,0.2518137794408981,0.3573959938366718,-0.226682808716707,0.19189742460928902,-0.379108518600044,-0.5206537530266344,-0.16878274268104776,-0.1968897204490425,-0.028978648470173896,0.09127668941228263,-0.3117257318952234,-0.06309927360774818,0.4958991855602025,0.34260620735197006,-0.3063350209112921,-0.10601364736957958,0.12421087387189082,0.056669601584855823,0.40933964340744,0.4166916134712745,-0.10829187761391151,-0.06189302223200528,-0.28513317191283294,-0.2326304204270306,-0.29704380365397315,-0.2443693594541052,0.09499449702839534,-0.06412942989214175,-0.07135593220338983,0.15305304864626898,-0.19383887299141536,0.09571868809156944,0.023686990975126568,-0.020926700418225842,0.037723970944309924,-0.21307946290997137,0.3859784283513097,-0.23205370900286154,0.01700198106977768,-0.14719348448162006,-0.12835571208452565,0.0711071978868589,-0.10354831609068897,0.12014747963900506,0.07954655513977547,0.46379264802993614,0.4600352190182699,0.24663878494386968,0.3171142416905129,0.41300022011886417,0.32994276909531145,0.17069557561082985,0.1888003521901827,0.31094651111600263,0.4070019810697777,-0.038802553378824566,0.10253797050407219,-0.003515298261060973,-0.11128329297820823
#52,0.33986352630420424,0.31686110499669823,0.2767510455646049,0.2432819722650231,0.11057891261281091,0.28901386748844377,0.04594541052168171,0.37795509575170594,0.04289676425269646,0.38713625357693154,1.0,0.1225775918996258,0.042020691173233544,-0.002661237068016729,-0.005452344265903588,0.06618534008364517,0.2518776139115122,0.27109399075500773,0.17324675324675326,-0.04792427911071979,0.08186220559101914,-0.0012612810917895663,0.04120184899845917,-0.07221439577371781,0.10275368699097513,0.026475896984371562,0.15196786264582876,-0.045857362976007045,-0.1654435395113361,-0.06250715386308607,-0.014805194805194806,0.060242130750605326,0.1398811358133392,-0.056647589698437154,-0.09317631521021351,-0.2354369359454105,-0.1406317411402157,-0.06513097072419106,-0.13107638124587276,0.12801232665639445,0.0826370239929562,-0.12438696896324015,0.05370900286154524,0.13445740699977987,-0.22195685670261942,-0.0688465771516619,0.08042042703059653,-0.2431036759850319,-0.13340523882896765,-0.16219238388729915,-0.07921417565485363,-0.07961259079903148,-0.011452784503631961,0.03530706581554039,-0.1278252256218358,0.0872507153863086,-0.28042482940788027,-0.25191723530706583,-0.17247633722209993,-0.029289016068677086,0.011837992515958618,0.12160026414263703,-0.25363416244772174,0.012300242130750606,0.14547435615232227,0.12028615452344266,-0.1283204930662558,0.13062733876293198,0.3749900946511116,0.0889852520360995,0.44502751485802333,0.28657495047325554,0.04779440898084966,0.10254237288135593,-0.11396874312128549,-0.046121505613031036,-0.11050187101034559,-0.13474796390050628,0.11471494607087827,-0.10265243231344927,-0.1778758529605987,0.13509355051727934,-0.02675544794188862,0.12548095971824785,-0.0538036539731455,-0.0030332379484921857,-0.03469293418445961,0.05329958177415804,-0.07081443979749065,-0.09857142857142857,-0.017462029495927803,-0.1856372441118204,-0.26425489764472815,-0.10108958837772397,-0.13938366718027734,0.22577151661897424,0.0337640325775919,0.16684569667620516,0.23399515738498788,0.218201628879595,0.2239555359894343,0.14395993836671803,0.09739159145938807,0.20933524103015627,0.24088487783403037,0.2625643847677746,0.2593616552938587,0.02641206251375743,-0.0823332599603786,-0.09848778340303764,-0.1198547215496368
#53,-0.11173893902707462,0.0685097952894563,-0.08201628879594981,-0.1071714725952014,0.2120559101915034,0.14600484261501212,0.09673783843275369,0.16485362095531586,0.02180497468633062,-0.07873871890821044,0.1225775918996258,1.0,0.5768368919216377,0.46100374202069117,0.012460928901606867,-0.314224081003742,0.0016024653312788906,-0.1133876293198327,-0.3115166189742461,-0.13397974906449484,0.11122386088487783,-0.2270592119744662,-0.056174334140435836,-0.18621175434734757,-0.08302003081664099,-0.3616530926700418,-0.23331939247193484,-0.21323574730354392,0.25596302003081667,0.02991635483160907,-0.0002729473915914594,0.08234426590358794,-0.0691239269205371,0.08162447721769756,0.15703059652212195,0.05607968302883557,0.0763284173453665,0.06262381686110499,0.01598503191723531,-0.24324014968082763,-0.15633281972265023,-0.19022011886418666,0.1333083865287255,-0.03781862205591019,0.20687431212854943,0.21921857803213735,-0.28921417565485363,-0.07640105657054809,-0.033603345806735636,0.06551397754787586,0.10356372441118204,-0.040325775918996255,-0.03621395553598943,-0.3910829848117984,0.21110939907550078,-0.3075918996257979,0.08682148360114461,0.08906889720449042,-0.012700858463570329,-0.10694915254237287,0.0029848117983711205,-0.10773277569887739,0.323878494386969,-0.12494827206691614,-0.1812854941668501,-0.11317851639885539,0.40153422848338105,0.13854061193044243,0.1574025974025974,0.32938806955756106,0.22644508034338542,-0.00412062513757429,0.30886858903808057,0.02166629980189302,0.17419766674003961,0.15948932423508694,-0.015093550517279331,0.02756548536209553,0.15022011886418665,0.1237376183138895,0.32414043583535107,0.1074158045344486,-0.08249394673123486,0.2970548095971825,0.5074378164208673,0.13743781642086728,-0.12546555139775478,0.24831168831168832,-0.190264142637024,0.21676205150781422,0.02939027074620295,0.16218137794408982,0.06063394232885758,-0.15300902487343165,-0.10378604446401056,0.07024433193924719,-0.11835571208452564,0.032806515518379924,-0.21663658375522782,-0.053376623376623376,-0.12277790006603566,-0.017050407219898745,-0.04422848338102575,0.025252036099493728,-0.12397094430992736,-0.09742460928901607,-0.01887739379264803,-0.009687431212854942,0.006484701738939027,-0.17154743561523222,-0.14300682368478979
#54,-0.08771516618974246,0.07340744001760952,0.06828747523662777,0.08462689852520361,0.15505172793308386,0.26904028175214617,0.18358133392031697,0.07457627118644068,0.11487563284173453,0.06303543913713405,0.042020691173233544,0.5768368919216377,1.0,0.3652212194585076,0.011184239489324234,-0.3123464670922298,0.051010345586616775,-0.15504072198987454,-0.31221879815100156,-0.036883116883116886,-0.06944530046224962,-0.1918842174774378,0.026737838432753687,-0.17154743561523222,-0.1209487123046445,-0.19711424169051286,-0.32663438256658595,-0.23164208672683248,0.4596566145718688,0.21129650011005943,0.10713185119964781,0.04433414043583535,-0.03718027734976888,0.11154963680387409,0.08887519260400617,0.17231785163988553,0.22512656834690734,0.07488003521901827,-0.10350429231785165,-0.21369359454105216,-0.1611402157164869,-0.2560004402377284,-0.015808936825885977,-0.17049966982170373,0.16677305745102355,0.13078582434514638,-0.09453444860224522,-0.19439797490644947,0.01568567026194145,-0.09530926700418225,0.09692934184459608,-0.06243451463790447,-0.06673563724411181,-0.3162557781201849,0.21597402597402598,-0.268102575390711,0.04435395113361215,-0.016999779881135813,-0.024428791547435616,-0.183251155624037,-0.013898305084745762,0.014180057230904689,0.3354523442659036,-0.05531587057010786,-0.30014747963900507,-0.18867708562623817,0.3494342945190403,0.22679947171472595,-0.11970063834470614,0.05476557340964121,0.11852740479859124,0.009187761391151222,0.2683843275368699,0.05968963240149681,0.21451463790446842,0.22353951133612152,0.10736737838432754,0.026361435174994497,0.2585956416464891,0.20637464230684568,0.17204490424829408,0.11624036979969184,0.028232445520581115,0.2156306405458948,0.2679506933744222,0.06686110499669821,-0.1623398635263042,0.3210631741140216,-0.11448382126348228,0.24265243231344927,0.014351749944970285,0.08614571868809157,0.1537706361435175,-0.1649570768214836,-0.14323794849218577,-0.11341624477217697,-0.11832489544353951,0.1254259300022012,-0.12172353070658155,0.0965925599823905,-0.10110499669821704,0.10862645828747523,-0.05389170151882016,0.09844596081884217,-0.0790710983931323,-0.045610829848117984,0.030884877834030378,-0.053675985031917235,0.22762491745542593,0.04563504292317851,0.04034338542813119
#58,-0.1405480959718248,-0.14570548095971825,-0.19208672683248953,-0.006726832489544354,0.1330926700418226,0.2591635483160907,0.07094430992736077,-0.0036627779000660355,-0.05860444640105657,-0.17183138895003303,-0.002661237068016729,0.46100374202069117,0.3652212194585076,1.0,0.005223420647149461,-0.4056834690732996,-0.21028175214615893,-0.24087387189082105,-0.07966982170372001,0.20304204270305964,0.019826106097292538,-0.26111820383006823,-0.010686770856262382,-0.24272066916134713,-0.1310213515298261,-0.12858023332599605,-0.29583094871230464,-0.28763592339863525,0.27830288355712085,0.4633766233766234,-0.1410015408320493,0.20060972925379705,-0.10269205370900286,0.00041602465331278893,0.30594320933303987,0.326040061633282,0.4112260620735197,0.1369601584855822,0.15311248073959938,-0.048516398855381906,-0.0762623816861105,0.07450143077261721,0.07163548316090688,0.18969403477878055,-0.01175214615892582,0.0015628439357252917,-0.1726502311248074,0.10848117983711204,0.046610169491525424,-0.12406779661016949,0.0274818401937046,-0.14320713185119965,-0.21422408100374202,-0.32742460928901607,0.055738498789346246,-0.2134668721109399,0.009691833590138674,0.13850099053488885,-0.06925159586176535,-0.10297380585516179,0.042542372881355935,-0.1548580233325996,0.5604314329738058,0.12230244331939247,-0.12808936825885978,0.004340744001760951,0.30907329958177415,0.19694915254237289,-0.07020691173233547,0.20869689632401497,-0.160297160466652,-0.04837552278230244,0.4216949152542373,0.2726744441998679,0.4651221659696236,0.38771516618974244,0.3744750165089148,0.15364736957957298,-0.02561963460268545,0.3789786484701739,0.08393572529165749,0.27794188861985475,-0.07079462909971385,0.015370900286154524,0.41625797930882674,0.02347347567686551,-0.22868589038080564,0.22747083425049527,-0.05585956416464891,0.20939027074620295,0.08962579793088268,0.12108078362315651,0.05246092890160687,-0.16078142196786266,-0.18348448162007483,-0.33125467752586396,-0.09999779881135813,-0.06496808276469293,-0.08931102795509575,0.11068897204490424,-0.03221879815100154,-0.10385428131190844,-0.007798811358133392,-0.0063856482500550295,0.1223662777900066,0.051338322694254895,0.03199427690953115,0.09023992956196346,-0.05300022011886419,-0.1706977767994717,-0.10222540171692714
#101,-0.12707021791767553,-0.004475016508914814,-0.16185560202509355,0.031364736957957294,-0.12382126348228042,-0.08716707021791767,0.12994497028395333,-0.2892537970504072,0.05089808496588158,-0.1893220338983051,-0.005452344265903588,0.012460928901606867,0.011184239489324234,0.005223420647149461,1.0,0.2752520360994937,-0.22729473915914594,-0.00710543693594541,0.4627096632181378,0.22913933524103017,0.5547325555800132,0.08167730574510236,0.2458551617873652,-0.16524103015628439,0.028736517719568568,-0.06543253356812678,-0.22498569227382786,-0.5208782742681047,0.22286594761171033,0.15985692273827867,-0.264224081003742,-0.10419326436275589,-0.2505018710103456,0.06944309927360774,0.24420647149460709,0.016123706801672903,0.4315760510675765,0.31213515298261063,0.3321813779440898,-0.15321153422848338,0.18966982170372002,0.03741140215716487,0.1591613471274488,0.14408980849658815,0.026284393572529166,-0.019440898084965883,-0.4280321373541712,-0.45025533788245653,-0.3745256438476777,-0.1963284173453665,-0.06707682148360114,-0.24915914593880695,-0.2917675544794189,-0.18710103455866167,0.33356812678846576,-0.137046004842615,-0.044375963020030815,0.10723970944309927,-0.13514417785604227,-0.19307506053268766,-0.3025159586176535,-0.3453334800792428,0.1638564825005503,0.15051287695355492,-0.30004402377283734,-0.28613251155624037,0.2787893462469734,0.22260620735197006,0.29643627558881797,0.17884877834030377,0.12524543253356812,0.1199075500770416,0.3660312568787145,-0.18137574290116662,0.23213075060532687,0.17952234206471496,0.054268104776579354,-0.20484921857803215,0.6041624477217697,0.2679683028835571,-0.3718908210433634,-0.08898305084745763,0.11581774158045345,-0.11907329958177416,0.07723970944309927,-0.27629319832709665,-0.29292537970504073,-0.10511996478098173,-0.13521021351529827,-0.041860004402377284,-0.16765793528505393,-0.2731829187761391,-0.17170372000880477,-0.3223464670922298,-0.13019370460048427,-0.0598481179837112,-0.18892361875412722,-0.14488003521901827,-0.09680167290336782,0.006431873211534229,-0.12587497248514198,-0.36449922958397535,0.04452784503631961,0.013693594541052168,0.13726832489544355,-0.01819062293638565,-0.027343165309267004,-0.41502531366938145,-0.298961038961039,-0.14477437816420868,-0.12223860884877834
#102,0.024774378164208674,0.2938520801232666,0.18906229363856483,0.12593660576711424,0.005553598943429452,-0.14077041602465332,0.15522562183579133,-0.24042923178516398,-0.08464450803433854,0.11488663878494387,0.06618534008364517,-0.314224081003742,-0.3123464670922298,-0.4056834690732996,0.2752520360994937,1.0,-0.09213075060532688,0.4387079022672243,0.2286286594761171,0.24240369799691833,-0.05033678186220559,0.6268589038080563,0.21033678186220559,0.448399735857363,-0.07510235527184679,0.4252322254017169,-0.05570768214836012,0.19815320272947393,-0.30456526524323135,0.05615892581994277,0.12219238388729914,0.05352410301562844,0.10977327756988774,0.22180717587497248,-0.00725511776359234,-0.20097952894563065,-0.06066475896984372,0.19721549636803873,-0.0054413383226942546,0.26417565485362093,0.34674444199867926,0.0761765353290777,-0.19715606427470833,0.08969403477878055,0.03383226942548977,0.08486902927580894,-0.1415034118423949,-0.1459784283513097,-0.32831609068897205,-0.03493506493506494,-0.1453004622496148,0.0025445740699977988,-0.06934844816200748,0.4014087607307946,-0.18871010345586617,0.30818401937046,-0.2476271186440678,-0.09151882016288795,0.04725731895223421,0.08354171252476338,-0.15316971164428791,-0.06376183138895003,-0.19371560642747082,0.3098547215496368,0.18196125907990315,0.10485362095531588,-0.11155844155844157,0.2883314990094651,0.012260620735197006,0.020926700418225842,0.08026634382566586,-0.0524191063174114,-0.22168390931102797,-0.17647589698437155,-0.39985252036099495,-0.22057010785824346,-0.22808716707021792,-0.03968523002421308,0.25653753026634385,0.3620977327756989,-0.35224301122606205,-0.04180497468633062,0.09040721989874533,-0.2181796169931763,-0.09124147039401277,-0.22433854281311907,-0.023942328857583094,-0.10351529826106097,0.22996478098173012,-0.22,-0.027897864847017388,-0.06939247193484481,-0.09243011226062074,0.01780541492405899,0.02461369139335241,0.06986352630420427,0.5100308166409862,-0.04704820603125688,0.1249240589918556,-0.2387871450583315,-0.059082104336341625,-0.10900726392251817,0.3082324455205811,0.08222099933964341,0.0586880915694475,0.08016288795949814,0.014697336561743341,-0.07331278890600924,-0.04843275368699097,-0.04929561963460269,-0.024780981730134273
#201,0.48703059652212194,0.20107858243451462,0.5353180717587497,0.5290578912612811,0.13976667400396214,0.2161303103675985,-0.045122165969623595,0.3171054369359454,0.07283072859344046,0.482821923838873,0.2518776139115122,0.0016024653312788906,0.051010345586616775,-0.21028175214615893,-0.22729473915914594,-0.09213075060532688,1.0,0.32578472375082546,-0.0029231785163988553,-0.3986044464010566,-0.0628021131410962,-0.1733810257539071,-0.1547391591459388,-0.18308606647589698,0.2008298481179837,0.10173013427250716,0.4130508474576271,0.18428131190843056,-0.11561303103675985,-0.20197446621175436,0.2530838652872551,0.06596522121945851,0.29278450363196123,0.11729914153642967,-0.11321813779440898,-0.07887739379264803,-0.32013647369579573,-0.09262821923838872,-0.24056350429231785,0.06031476997578693,-0.028316090688972045,-0.002009685230024213,0.03580893682588598,-0.14174994497028395,-0.059460708782742684,-0.15828087167070218,0.3278076161127009,0.08125027514858023,-0.03822584195465551,0.0019194364957076822,0.09936605767114241,0.09793088267664539,0.4316354831609069,0.1446555139775479,-0.0028725511776359234,-0.05917015188201629,-0.3049240589918556,-0.5536869909751265,-0.0782984811798371,-0.07731234866828088,0.055553598943429455,0.036660796830288354,-0.27108518600044024,-0.10287475236627779,0.2935263042042703,0.3037904468412943,-0.07155403918115782,-0.03956636583755228,0.3207968302883557,0.09105877173673783,0.4120184899845917,0.4440083645168391,-0.028265463350209113,0.17483381025753908,-0.23334580673563723,-0.14152762491745544,-0.19458507594100816,-0.12110279550957517,-0.01162887959498129,-0.29520581113801453,-0.07405458947831829,0.07832049306625578,-0.11060532687651332,0.3022650231124807,-0.1197556680607528,0.03956416464891041,0.07218357913273167,-0.13408760730794628,0.1813713405238829,-0.09018049746863306,-0.026240369799691833,-0.20943429451904028,-0.1261369139335241,-0.10348888399735857,-0.20411182038300682,0.4522077922077922,-0.08496588157605106,0.5158463570327977,0.26770195905789124,0.2542328857583095,0.29375963020030815,0.5407814219678626,0.11754347347567687,0.22593000220118864,0.1413713405238829,0.23605546995377505,0.3202751485802333,0.042053709002861546,0.1344750165089148,-0.1334008364516839,-0.13528945630640546
