,#10,#11,#12,#13,#17,#18,#26,#49,#50,#51,#52,#53,#54,#58,#101,#102,#201,#202,#301,#302,#401,#402,#501,#502,#601,#602,#701,#702,#801,#802,#901,#902,#1001,#1002,#1101,#1102,#1201,#1202,#1301,#1302,#1401,#1402,#1501,#1502,#1601,#1602,#1701,#1702,#1801,#1802,#1901,#1902,#2001,#2002,#2101,#2102,#2201,#2202,#2301,#2302,#2401,#2402,#2501,#2502,#2601,#2602,#2701,#2702,#2801,#2802,#2901,#2902,#3001,#3002,#3101,#3102,#3201,#3202,#3301,#3302,#3401,#3402,#3455,#3501,#3502,#3601,#3602,#3701,#3702,#3801,#3802,#3901,#3902,#4001,#4002,#4101,#4102,#4201,#4202,#4301,#4302,#4401,#4402,#4501,#4502,#4601,#4602,#4701,#4702,#4801,#4802
#10,1.0,0.1295575610829848,0.5065243231344926,0.5017191283292978,0.3902289236187541,0.09039401276689413,-0.14488003521901827,0.3608364516839093,0.025650451243671584,0.46840193704600486,0.37821043363416246,0.27588157605106756,0.10087167070217917,-0.14779440898084967,-0.4443055249834911,-0.17080783623156504,0.34485802333259963,0.41782522562183577,-0.10673123486682809,0.16495487563284172,-0.09654413383226942,0.20061853400836452,-0.17320052828527405,-0.03508254457407,-0.09217037200088048,-0.026700418225841956,0.04115562403697997,0.1857627118644068,-0.1250231124807396,-0.052623816861105,-0.05092670041822584,-0.17161127008584637,0.1636649790887079,-0.12040061633281972,-0.12887079022672243,-0.12854061193044244,-0.197079022672243,-0.1994937266123707,-0.08707902267224302,0.05939467312348668,-0.197541272287035,-0.23533127889060093,0.04545014307726172,-0.06859123926920536,-0.1932445520581114,0.2199867928681488,-0.07310367598503192,0.13159806295399515,-0.002795509575170592,0.27896103896103897,-0.012053709002861545,0.36644287915474355,0.21891701518820164,0.5662183579132731,-0.00802113141096192,0.5043957737178076,-0.1843979749064495,0.18715386308606646,-0.21617213295179397,-0.05646489104116223,-0.14617873651771957,-0.11650231124807396,-0.3101782962799912,-0.26786704820603124,0.16244111820383006,0.4131322914373762,-0.4788861985472155,-0.3522209993396434,-0.2048712304644508,-0.09807395993836672,0.053951133612150565,0.05450583314990095,0.0020140876073079465,0.4201518820162888,-0.14255337882456526,0.2092626018049747,-0.12086506713625357,-0.07101254677525864,-0.16132071318511995,-0.24066696015848557,0.3690138674884438,0.4132819722650231,0.13515958617653534,0.035447941888619855,0.025753907109839314,-0.21908430552498348,-0.1264076601364737,0.2741998679286815,-0.11373981950253137,0.14820162887959498,0.061201848998459166,-0.04813559322033898,0.05441778560422628,-0.14472375082544575,-0.05755668060752807,0.1355051727933084,0.2631300902487343,0.3099603786044464,0.42179176755447945,-0.006282192383887299,0.3209355051727933,0.2897578692493947,-0.017695355491965662,0.237937486242571,0.17911952454325336,0.13580453444860224,0.25034558661677303,-0.033609949372661235,-0.02397314549856923,-0.1620030816640986,-0.1567774598283073
#11,0.1295575610829848,1.0,0.2918798151001541,0.1009222980409421,0.03545674664318732,0.18284613691393353,0.1929716046665199,0.08072859344045785,0.0018401937046004842,0.205181598062954,-0.05718908210433634,-0.1982214395773718,-0.14383447061413163,-0.0475478758529606,-0.07071978868589038,0.21663438256658596,0.08794408980849659,0.1804028175214616,0.18435835351089588,0.16481620074840414,-0.057543473475676864,0.1256614571868809,-0.29671362535769313,-0.08563724411182039,-0.0040149680827646925,0.18905789126128109,0.014039181157825226,-0.23463790446841296,0.16726172132951794,-0.18589038080563505,-0.03810697776799472,-0.06099933964340744,-0.24160246533127888,-0.04712524763372221,-0.17820162887959498,0.07686770856262382,-0.11706581554039182,0.03860664758969844,0.10385868368919217,0.08334140435835351,-0.09894783182918776,-0.059535549196566145,-0.22120405018710104,-0.061184239489324235,-0.19614571868809158,-0.017369579572969404,-0.22580453444860224,-0.3589126128109179,-0.09986352630420427,-0.022425709883337003,-0.2395135373101475,0.02237508254457407,-0.02107638124587277,0.09303103675985032,0.05614571868809157,-0.0072022892361875415,0.019674224081003742,0.07062953995157385,0.10343825665859564,0.10774598283072859,0.009524543253356813,-0.05899845916795069,-0.2409090909090909,-0.06581113801452784,0.1645696676205151,0.08581554039181158,-0.0076997578692493945,0.10721989874532248,0.10077041602465331,0.036207351970063834,0.2641272287034999,0.1645674664318732,0.004404578472375083,0.17895663658375524,-0.08234866828087167,0.0020669161347127447,-0.13440457847237508,0.04265903587937486,-0.19712965001100594,0.15623816861104997,-0.011714725952014088,-0.09294519040281753,-0.089900946511116,-0.07036539731454985,-0.1636715826546335,-0.018109178956636583,0.03737178076161127,0.031010345586616774,-0.2256944750165089,-0.2584305524983491,-0.1292802113141096,-0.31035879374862424,-0.03045564604886639,0.05160906889720449,0.10040721989874532,0.052003081664098616,0.08224961479198767,0.14712965001100595,-0.030385208012326657,-0.18639445300462248,-0.21520581113801454,-0.030543693594541052,-0.18740699977988112,-0.06570988333700198,-0.03863306185340084,-0.10003742020691173,-0.22521901826986573,-0.026946951353731013,-0.21622055910191504,0.05220338983050848,0.06145718688091569
#12,0.5065243231344926,0.2918798151001541,1.0,0.5969733656174334,0.10235307065815541,0.3935791327316751,-0.011023552718467973,0.06449482720669161,-0.029658815760510677,0.48008144397974906,0.32259079903147697,0.069933964340744,0.00972705260840854,-0.17581774158045343,-0.2614990094651112,0.11954875632841734,0.6856328417345366,0.7175632841734537,-0.03194144838212635,0.03308386528725512,-0.15929341844596082,0.10547435615232226,-0.13394673123486683,-0.026090688972044904,0.14572529165749504,-0.07248954435395114,0.2537398195025314,0.18075280651551837,0.010473255558001321,-0.06255337882456527,0.17484041382346466,-0.0036869909751265683,0.08509134932863746,-0.03984591679506934,-0.09960598723310587,-0.1597556680607528,-0.3025687871450583,-0.29305304864626897,0.011723530706581555,-0.01955756108298481,-0.16165309267004183,-0.17087387189082104,-0.04627999119524543,-0.17710763812458727,-0.09928461369139335,0.16709443099273608,-0.20932423508694695,0.007576491305304865,0.010770416024653312,0.31010785824345144,-0.08843055249834911,0.48035659255998236,0.39519040281752144,0.577985912392692,-0.06451023552718468,0.24611270085846357,-0.0005172793308386529,0.1285494166850099,-0.07120845256438477,0.06675544794188862,-0.09087167070217918,-0.00951353731014748,-0.4175522782302443,-0.22108958837772397,0.09602905569007264,0.29140876073079464,-0.424818401937046,-0.2028329297820823,0.0952938586836892,0.107574290116663,0.3549702839533348,0.36917235307065815,-0.162095531587057,0.17952234206471496,-0.4065947611710324,0.16253356812678846,-0.2704600484261501,0.01147919876733436,-0.02591679506933744,0.01232225401716927,0.045621835791327316,0.3436781862205591,0.019289016068677084,-0.07476557340964121,-0.07374862425709883,-0.28338322694254897,-0.10091129209773278,0.19969623596742242,0.016839093110279552,0.1667444419986793,-0.028945630640545894,-0.0020977327756988772,0.08836231565045125,-0.17935064935064934,0.03743781642086727,0.5792648029936166,0.34500110059432093,0.5186044464010565,0.43894122826326215,-0.18449922958397535,0.248267664538851,0.3864230684569668,0.06813339203169712,0.21275148580233327,0.04541272287034999,-0.05459828307285934,0.09296720228923619,-0.1063350209112921,-0.1071252476337222,-0.15130750605326876,-0.09282852740479859
#13,0.5017191283292978,0.1009222980409421,0.5969733656174334,1.0,0.14409200968523003,0.14367598503191722,-0.014094210873871891,0.060127668941228264,-0.009559762271626679,0.48232445520581113,0.3810279550957517,0.2360576711424169,0.10893022232005282,-0.015174994497028395,-0.21874532247413603,-0.008175214615892582,0.42459828307285935,0.3210631741140216,-0.12059432093330398,-0.03345146379044684,-0.021866607968302882,0.10210873871890822,0.017299141536429672,-0.03621395553598943,0.00462689852520361,-0.1256372441118204,0.12970724191063174,0.20412942989214175,-0.030631741140215718,0.14842835130970725,-0.05938806955756108,0.05703279771076381,0.10539071098393132,0.1951287695355492,0.1793858683689192,0.07082984811798371,-0.007470834250495268,0.09265903587937487,-0.05728813559322034,0.20295619634602685,-0.07867928681488004,-0.06653092670041823,0.033689192163768436,-0.03698877393792648,-0.15373541712524763,0.1531917235307066,-0.03552498349108519,0.19403918115782523,0.05080783623156505,0.09854721549636804,-0.09454765573409642,0.17418445960818843,0.15342945190402818,0.26033458067356374,-0.15021351529826107,0.20185119964780981,-0.02319172353070658,0.13664098613251155,-0.22152982610609728,-0.12525863966541934,-0.044525643847677744,0.007539071098393133,0.02781862205591019,0.09948272066916135,0.17862425709883337,0.225808936825886,-0.1694585075941008,-0.1247655734096412,-0.020832049306625577,0.014695135373101475,-0.03363416244772177,0.1266453885097953,-0.0375148580233326,0.27145498569227383,-0.12162227602905569,0.07396434074400177,0.013180717587497249,-0.05274268104776579,0.033242350869469514,-0.04542813119084305,-0.013825665859564166,0.19404358353510895,-0.13787585296059873,-0.15357032797710765,-0.04012766894122826,-0.19154743561523221,-0.0034932863746423067,0.018472375082544575,0.1047589698437156,0.06387189082104336,-0.08646929341844596,-0.014519040281752146,0.09715386308606648,-0.1027955095751706,0.06153863086066476,0.0863284173453665,0.22099053488883996,0.3870019810697777,0.37960818842174776,-0.08023552718467973,0.2829804094210874,0.13234866828087166,-0.004378164208672684,0.18453664979088708,0.12260620735197006,0.0016685009905348888,0.2640964120625138,-0.06044464010565705,-0.0020184899845916795,-0.1114703940127669,-0.0551089588377724
#17,0.3902289236187541,0.03545674664318732,0.10235307065815541,0.14409200968523003,1.0,0.16145938806955756,-0.12052168170812239,0.21400616332819722,0.05529826106097292,0.22947171472595201,0.11517719568567027,0.507459828307286,0.09699757869249395,-0.06901166629980189,-0.11399955976227162,-0.25079903147699756,0.07932423508694696,0.11937266123706802,-0.07069997798811359,-0.0002971604666519921,-0.020807836231565045,0.31228263262161565,0.18694254897644727,0.061501210653753025,-0.06540391811578253,-0.029128329297820825,-0.04671142416905129,0.05688531807175875,-0.2954677525863967,-0.11067136253576931,-0.06380805635042923,0.07053929121725731,0.03284833810257539,0.0726172132951794,-0.10455866167730575,-0.04651992075720889,-0.005912392692053709,-0.02315430332379485,0.06233546114902047,0.10038300682368478,0.007466431873211534,-0.049900946511116005,0.3121813779440898,0.25231124807395994,0.29943209333039844,0.40417125247633723,1.100594320933304e-05,0.06747963900506274,-0.1668038740920097,0.06209553158705701,-0.20119744662117545,0.09679727052608408,-0.01847457627118644,0.21098393132291438,-0.11920096852300242,0.2512128549416685,-0.1869337442218798,-0.07004622496147919,-0.15867048206031256,-0.03860004402377284,0.01774818401937046,0.047442218798151005,-1.7609509134932863e-05,-0.05125467752586397,0.011133612150561302,0.1365133171912833,-0.26917455425930004,-0.31727272727272726,-0.37331939247193485,-0.2773805855161787,-0.25523002421307506,-0.03776579352850539,-0.00974025974025974,0.20716927140655955,-0.22024213075060534,-0.19164648910411622,-0.3308980849658816,-0.0765463350209113,0.09781421967862645,-0.17016729033678185,0.3441052168170812,0.5690821043363417,-0.0945674664318732,0.328168611049967,0.34032577591899627,-0.07072198987453225,-0.0513647369579573,0.4055580013207132,0.11792648029936166,0.5043209333039842,0.32895663658375524,0.18221219458507595,0.31254237288135595,-0.10192824125027515,0.06929121725731895,-0.05469073299581774,0.3118578032137354,0.05036979969183359,0.20817301342725072,0.11846797270526084,0.1126766453885098,0.04362755888179617,0.2883975346687211,0.16882236407660137,0.22959498128989655,0.21225401716927142,0.08854281311908431,-0.027506053268765134,0.0036077481840193705,-0.0007616112700858463,-0.00488663878494387
#18,0.09039401276689413,0.18284613691393353,0.3935791327316751,0.14367598503191722,0.16145938806955756,1.0,-0.1474884437596302,0.10406999779881136,0.00017829627999119526,0.18769535549196567,0.07912832929782082,0.15335901386748843,0.10951353731014749,-0.00891041162227603,-0.2018732115342285,-0.102656834690733,0.42211093990755005,0.33692493946731233,-0.05149240589918556,-0.13421527624917456,-0.16238828967642527,-0.038089368258859786,-0.10183799251595861,-0.10830728593440458,0.15887079022672243,0.1116222760290557,0.23845036319612592,0.21045564604886638,0.2564208672683249,0.09822143957737178,0.30360334580673565,0.20546775258639666,0.2158815760510676,0.18022011886418665,0.08058551617873652,0.03540391811578252,-0.021100594320933305,-0.011217257318952234,0.2009553158705701,0.15223860884877835,0.07828747523662778,0.09346246973365617,0.025260840854061193,0.10523002421307506,-0.0025709883337001983,-0.006447281532027295,0.07377503852080124,0.2554633502091129,0.23692714065595422,0.18003742020691174,0.07341844596081884,0.34030816640986133,0.3848206031256879,0.3710807836231565,0.02941008144397975,0.30008804754567464,-0.15911732335461148,-0.26333039841514416,-0.04200968523002421,-0.05122165969623597,-0.19418666079683028,-0.1358991855602025,-0.20619414483821263,-0.1534998899405679,0.02279771076381246,0.031082984811798373,-0.25313009024873434,-0.37109178956636585,0.058018930222320055,0.017541272287035,0.3383469073299582,0.159405679066696,-0.08222099933964341,0.06944530046224962,-0.3095927801012547,-0.027690953114681928,-0.3787387189082104,-0.16344926260180498,-0.013735417125247633,-0.0790380805635043,0.003526304204270306,0.3082940788025534,-0.07495487563284173,0.23426590358793747,0.06707021791767555,-0.2673475676865507,-0.26062953995157384,0.19560422628219237,0.24556900726392253,0.221699317631521,0.02796830288355712,-0.19813779440898086,0.13297160466651992,-0.1790512876953555,-0.19084085406119305,0.2674840413823465,0.12348007924279111,0.4599911952454325,0.23474796390050628,0.10840193704600484,0.1625709883337002,0.46947391591459386,0.09432093330398415,0.009594981289896545,0.13755668060752807,0.11174774378164208,0.15531366938146599,-0.2114637904468413,-0.22525203609949374,-0.14575610829848118,-0.14971164428791547
#26,-0.14488003521901827,0.1929716046665199,-0.011023552718467973,-0.014094210873871891,-0.12052168170812239,-0.1474884437596302,1.0,0.24634602685450144,0.21747963900506273,-0.008886198547215497,0.0633744221879815,-0.06694254897644727,-0.06808276469293419,0.4055712084525644,0.2575368699097513,0.18863746423068456,-0.2650099053488884,0.0007065815540391811,0.09740479859123927,-0.1655976227162668,0.0834470614131631,-0.0262161567246313,0.049561963460268546,-0.11884437596302003,-0.016491305304864628,-0.24828967642526964,-0.06476337222099934,-0.2920228923618754,0.08527184679727053,-0.22727933083865287,-0.13964780981730135,-0.07453885097952895,-0.36298701298701297,-0.027224301122606206,-0.20265903587937487,0.00724851419766674,-0.16278010125467754,-0.11462249614791988,0.12741360334580673,-0.07935945410521682,0.09679727052608408,-0.08511336121505612,-0.058956636583755224,-0.10421967862645828,-0.0137508254457407,0.17787365177195685,-0.21347787805414925,-0.1608694695135373,-0.08064274708342505,0.01765133171912833,-0.04772837332159366,-0.017343165309267005,0.005241030156284393,-0.12812678846577152,0.09321153422848338,-0.275379705040722,0.16331719128329297,0.052016288795949814,0.031472595201408764,0.08950033017829628,-0.16933964340744,-0.18935505172793307,0.004345146379044684,0.1269007263922518,0.02891041162227603,-0.029650011005943208,0.3985186000440238,0.4316817081223861,0.03492846136913934,-0.07687651331719128,0.038032137354171255,-0.1413515298261061,0.033706801672903366,-0.05164648910411622,-0.10991635483160907,-0.16937706361435176,-0.21324235086946952,-0.10621395553598943,0.20003521901826987,0.10330398415144178,-0.11047325555800132,-0.3336451683909311,-0.10429231785163988,-0.09598723310587717,-0.16318071758749725,-0.06407880255337882,-0.12388729914153643,-0.2054985692273828,-0.3340721989874532,-0.18554699537750385,-0.11674664318732116,-0.1459322033898305,0.07806515518379925,0.03739379264802994,0.16959938366718028,-0.2235197006383447,-0.16053048646268986,-0.18166629980189303,-0.36062733876293196,-0.18492185780321374,-0.22178076161127008,-0.26729253797050406,-0.13606647589698437,-0.3276271186440678,-0.13209993396434075,-0.23547435615232226,-0.15705040721989874,-0.21225841954655514,-0.20840854061193045,-0.043273167510455644,0.038032137354171255
#49,0.3608364516839093,0.08072859344045785,0.06449482720669161,0.060127668941228264,0.21400616332819722,0.10406999779881136,0.24634602685450144,1.0,0.38935064935064934,0.2543033237948492,0.22127008584635705,0.3405084745762712,0.19024213075060534,0.1697490644948272,0.05825225621835791,-0.18033237948492187,0.11099053488883998,0.09444640105657055,0.07202509355051728,-0.12800352190182698,0.29315210213515297,0.11405899185560202,0.024695135373101473,-0.30541272287035,-0.04093110279550957,-0.13087827426810478,-0.212491745542593,-0.11178076161127008,0.09806735637244111,-0.03155624036979969,-0.0811402157164869,-0.007479639005062734,0.023044243891701517,-0.061961259079903144,0.16656394453004622,0.010398415144177857,0.0539027074620295,-0.15018269865727493,0.1679440898084966,-0.0112987012987013,0.18558441558441557,0.049735857362976005,0.10290556900726393,-0.038802553378824566,-0.21999119524543254,-0.018853180717587497,0.1199867928681488,0.067211093990755,0.048012326656394454,-0.06412722870349989,-0.18502531366938146,-0.004202069117323354,-0.027083425049526745,0.1480233325996038,0.03396213955535989,0.1300858463570328,-0.347145058331499,-0.23811138014527844,-0.419603786044464,-0.297508254457407,-0.18160466651992077,-0.1606185340083645,0.01854061193044244,-0.19668060752806515,0.3764604886638785,0.08979528945630641,-0.030607528065155185,-0.1721153422848338,0.1488531807175875,-0.1440391811578252,0.16798151001540831,0.19386528725511776,0.38202729473915914,0.334983491085186,0.0748382126348228,0.1444375963020031,0.016266784063394234,-0.17086946951353732,0.056416464891041164,-0.2951793968743121,0.05769975786924939,0.11892361875412723,0.07846797270526085,0.2062557781201849,-0.12402377283733217,0.03162447721769756,-0.2484305524983491,0.08127448822364076,-0.13559322033898305,0.15813119084305524,-0.12699757869249395,-0.17507153863086067,-0.0413053048646269,-0.25458507594100815,-0.27896103896103897,-0.28296720228923616,-0.10861985472154964,0.13538630860664758,0.003414043583535109,0.15703499889940567,0.17195905789126129,0.17541492405899187,0.022744882236407662,-0.14193484481620075,0.16329958177415804,0.09049746863306185,0.16647589698437157,-0.04268765133171913,-0.08339643407440017,-0.23279991195245434,-0.41182038300682366
#50,0.025650451243671584,0.0018401937046004842,-0.029658815760510677,-0.009559762271626679,0.05529826106097292,0.00017829627999119526,0.21747963900506273,0.38935064935064934,1.0,0.35971164428791547,0.29245652652432313,0.31822584195465553,0.26640545894783185,0.3179969183359014,0.3528659476117103,-0.05145498569227383,0.06546114902047105,-0.11460488663878494,0.0573827867048206,-0.3033700198106978,0.3508936825885978,-0.03631961259079903,0.285313669381466,0.04325335681267885,0.055980629539951574,-0.11668280871670703,-0.1870526084085406,-0.22672683248954437,0.08836891921637684,0.13326216156724632,-0.032179176755447944,-0.07224301122606207,0.0375478758529606,-0.014706141316310808,0.2127030596522122,-0.09960158485582214,0.04422187981510015,0.02819502531366938,0.050867268324895444,0.12417785604226282,0.03780761611270086,0.11579572969403477,-0.04062953995157385,0.05590138674884437,-0.09200528285274048,-0.26526964560862865,0.19767774598283072,-0.0690777019590579,-0.022350869469513538,-0.28372661237068014,-0.06948932423508694,-0.29069337442218796,-0.05962359674224081,-0.24179837112040503,0.15128329297820822,-0.03111600264142637,-0.21598062953995156,-0.2973563724411182,-0.1793022232005283,-0.24134712744882236,-0.1944243891701519,-0.27304204270305965,0.23402157164869028,0.07960818842174774,0.19004842615012107,-0.1103565925599824,0.37370239929561966,0.08405679066696016,0.27560642747083425,0.10452564384767775,0.1924983491085186,0.18233766233766233,0.2383777239709443,0.13066035659255998,0.020182698657274928,-0.19799911952454324,-0.058465771516618976,-0.3773453664979089,0.27294739159145937,-0.0486352630420427,0.08927360774818402,-0.10268765133171913,-0.01852080123266564,0.06877173673783843,-0.18999779881135814,-0.02561303103675985,-0.3062733876293198,-0.12451243671582654,-0.0659255998239049,0.17322694254897644,-0.11976447281532027,-0.14978428351309708,-0.097640325775919,-0.2363350209112921,-0.22399735857362976,-0.31585075941008145,-0.1415628439357253,0.15894783182918776,-0.1713515298261061,0.16239709443099273,-0.22138014527845037,0.10590138674884438,-0.0899735857362976,-0.1944486022452124,-0.04974025974025974,0.04299801893022232,0.013849878934624697,-0.19513977547875852,-0.195445740699978,-0.20288575830948713,-0.13440457847237508
#51,0.46840193704600486,0.205181598062954,0.48008144397974906,0.48232445520581113,0.22947171472595201,0.18769535549196567,-0.008886198547215497,0.2543033237948492,0.35971164428791547,1.0,0.4543979749064495,0.1630574510235527,0.18017829627999118,0.21368258859784284,0.07587277129650011,-0.047259520140876074,0.5361479198767334,0.3030178296279991,0.06737178076161127,0.03407880255337883,0.14394673123486681,0.3668280871670702,0.11318952234206471,0.12782302443319393,0.28410961919436495,0.07334580673563725,-0.0633876293198327,-0.025967422408100373,0.058082764692934184,0.07372000880475457,-0.06226722430112261,-0.024492626018049746,0.03689412282632622,0.041846797270526086,0.026830288355712086,0.0476931543033238,-0.030114461809377064,0.038199427690953115,0.17844596081884218,0.1996896324014968,-0.02328857583094871,-0.08204050187101035,-0.13134932863746424,-0.11475016508914813,-0.11688751926040061,0.10589918556020252,-0.1364802993616553,-0.014481620074840414,-0.06332379484921857,-0.003962139555359894,-0.3373893902707462,0.059432093330398415,0.07949372661237068,0.2542042703059652,0.1782984811798371,0.37329958177415806,-0.15005723090468853,0.05566145718688092,-0.09802773497688752,-0.14733436055469953,-0.061769755668060755,-0.17849878934624697,-0.12072859344045785,-0.12583755227823024,0.0923200528285274,0.23252256218357914,-0.10042703059652212,-0.09225181598062954,0.12826986572749285,0.048648470173893905,0.16453664979088709,0.1530376403257759,-0.017054809597182478,0.17049966982170373,-0.17794849218578032,-0.03605546995377504,-0.2623134492626018,-0.16390050627338762,0.2829980189302223,0.11770856262381686,-0.03445300462249615,0.06720889280211315,0.10201408760730794,-0.11737838432753687,-0.1234998899405679,-0.2538146599163548,-0.1843429451904028,0.00046004842615012106,-0.018157605106757648,0.1013185119964781,-0.07742681047765794,-0.2046004842615012,0.10917235307065816,-0.14535549196566147,0.041124807395993834,0.13740479859123927,0.30334800792427913,0.3598943429451904,0.19804754567466432,-0.057904468412942986,-0.037693154303323796,0.3091437376183139,0.046271186440677965,0.09468192824125027,-0.07793748624257099,-0.021164428791547434,-0.1161699317631521,-0.1114175654853621,-0.1374290116662998,-0.1682192383887299,-0.092425709883337
#52,0.37821043363416246,-0.05718908210433634,0.32259079903147697,0.3810279550957517,0.11517719568567027,0.07912832929782082,0.0633744221879815,0.22127008584635705,0.29245652652432313,0.4543979749064495,1.0,0.19389390270746204,0.21378824565265242,0.3375941008144398,-0.02096852300242131,0.06314990094651111,0.37791327316751044,0.1344155844155844,-0.05409861325115562,-0.17010345586616774,0.005463350209112921,0.04074840413823465,0.0012436715826546335,-0.0035791327316751047,-0.047459828307285935,-0.26311688311688314,0.11042923178516399,0.05178516398855382,-0.06535989434294519,-0.021366938146599162,-0.09190622936385648,-0.0473365617433414,-0.0018622055910191503,-0.06401937046004842,-0.016799471714725952,-0.07095091349328637,-0.08787585296059873,-0.06895663658375523,-0.13252696456086285,-0.04082104336341624,-0.1487607307946291,-0.13600704380365397,-0.08227602905569008,-0.179537750385208,-0.05801672903367819,0.15071538630860665,-0.03909090909090909,0.06843495487563284,0.14254017169271407,0.15975786924939467,0.04213515298261061,0.2790688972044904,0.212359674224081,0.18894783182918776,0.12907770195905788,0.14335020911292098,-0.027052608408540613,-0.022463130090248733,-0.14398635263042042,-0.08033017829627999,-0.010378604446401056,-0.07328417345366497,-0.012075720889280212,0.045753907109839315,0.0787277129650011,0.12335901386748845,-0.06595641646489105,0.0023882896764252696,0.01322474136033458,-0.007873651771956857,-0.021923838872991416,0.029192163768434955,-0.04432533568126788,0.025564604886638784,-0.1580475456746643,-0.0010565705480959718,-0.10799251595861765,-0.17590358793748626,0.17559101915034117,-0.019678626458287475,-0.20759189962579794,0.0487673343605547,0.07149680827646929,-0.2875852960598723,-0.11058991855602025,-0.1532291437376183,-0.13593440457847236,0.011360334580673564,-0.2114373761831389,0.03728373321593661,-0.0050715386308606645,-0.015500770416024653,0.008342504952674443,-0.02201628879594981,-0.00424389170151882,0.06794629099713846,0.1570195905789126,0.29604226282192386,0.17670922298040942,-0.026290997138454765,0.09710983931322914,0.30111160026414263,0.019291217257318954,0.17479418886198547,-1.981069777679947e-05,-0.03946731234866828,0.08087607307946292,-0.056773057451023554,-0.028791547435615232,-0.026099493726612372,-0.06052608408540612
#53,0.27588157605106756,-0.1982214395773718,0.069933964340744,0.2360576711424169,0.507459828307286,0.15335901386748843,-0.06694254897644727,0.3405084745762712,0.31822584195465553,0.1630574510235527,0.19389390270746204,1.0,0.4359586176535329,0.08857362976007044,0.15393792648029936,-0.4358683689192164,0.13232445520581113,0.032989214175654855,-0.04735197006383447,-0.16104556460488664,0.23886858903808056,0.06925159586176535,0.3288597842835131,-0.003246753246753247,-0.027057010785824346,-0.18908870790226723,-0.152227602905569,0.09152542372881356,-0.14201848998459168,0.06508474576271187,0.043427250715386306,0.01728813559322034,0.25285053929121726,0.13610169491525423,0.2744816200748404,-0.15622716266784065,0.2387012987012987,-0.014818401937046005,0.04573409641206251,0.08119084305524983,0.03882236407660136,-0.07525203609949373,0.2767180277349769,0.19001100594320933,0.18449262601804975,0.10812678846577152,0.32942989214175655,0.2877503852080123,-0.022610609729253797,-0.12846797270526084,-0.24004182258419546,-0.014318732115342285,-0.1706053268765133,0.16799691833590139,-0.03054589478318292,0.057558881796169935,-0.3909817301342725,-0.31818842174774375,-0.4636253576931543,-0.29229583975346685,-0.3358023332599604,-0.1668302883557121,0.2709839313229144,0.048166409861325116,0.12180277349768875,0.10036759850319173,0.015230024213075061,-0.24607968302883557,-0.015628439357252916,-0.21769095311468192,0.022942989214175653,0.019060092449922957,0.33959718247853843,0.41726172132951794,0.005650451243671583,-0.09854501430772618,-0.22957296940347788,-0.295181598062954,0.24868368919216377,-0.39923178516398855,0.22543693594541053,0.41525203609949374,-0.04822143957737178,0.4506977767994717,0.25142857142857145,-0.10307285934404578,-0.262953995157385,0.2019040281752146,0.11608848778340304,0.4776051067576491,0.2193528505392912,0.12615232225401718,0.245214615892582,-0.35738058551617874,-0.20461589258199428,-0.28634162447721767,0.07316971164428791,0.14737178076161128,0.16102355271846797,0.22329297820823243,0.18076381245872772,0.15973805855161788,0.15948712304644508,0.12239049086506713,0.24997798811358132,0.3585009905348888,0.29985912392692055,-0.3041712524763372,-0.10316971164428791,-0.2692758089368259,-0.30157384987893465
#54,0.10087167070217917,-0.14383447061413163,0.00972705260840854,0.10893022232005282,0.09699757869249395,0.10951353731014749,-0.06808276469293419,0.19024213075060534,0.26640545894783185,0.18017829627999118,0.21378824565265242,0.4359586176535329,1.0,0.202425709883337,0.057290336781862204,-0.30722870349988995,0.18670041822584196,0.140132071318512,-0.20149240589918557,-0.2604358353510896,0.05101254677525864,0.1024785384107418,0.10716927140655955,0.06382786704820603,-0.07209773277569888,-0.20015848558221438,-0.09143957737178077,0.0714439797490645,0.12819282412502753,0.2573519700638345,-0.041560642747083425,0.12493286374642307,0.0513053048646269,-0.12066035659255998,0.12683248954435394,-0.0149768875192604,0.05093770636143517,0.03475016508914814,0.04591899625797931,0.08160246533127889,-0.012507153863086066,-0.08431653092670041,-0.06690512876953555,0.097178076161127,0.12244111820383007,0.1503499889940568,0.23272507153863087,0.25355712084525645,0.04350869469513537,0.12778780541492407,-0.054050187101034555,0.16260620735197007,-0.07304644508034339,0.23465111160026414,-0.0017037200088047546,0.09190402817521462,-0.18999559762271626,-0.05547655734096412,-0.23495487563284173,-0.05503411842394893,-0.04311248073959938,-0.16192383887299142,0.051303103675985035,0.009995597622716268,-0.018936825885978427,-0.1408166409861325,0.12873211534228485,0.02322033898305085,0.14725511776359235,-0.20927801012546776,0.3225467752586397,0.1704204270305965,0.4617697556680608,0.12523002421307505,-0.22780101254677526,0.09635703279771077,-0.04382126348228043,-0.09169711644287916,0.27638344706141316,-0.04940567906669602,-0.03668721109399076,0.10754347347567686,0.4445894783182919,-0.09214175654853621,-0.036286594761171034,-0.0008298481179837112,-0.15558441558441558,-0.06357693154303323,-0.055974025974025975,0.17095091349328637,-0.09436055469953775,0.020854061193044244,0.28858683689192166,-0.1771318511996478,-0.0678252256218358,-0.12191283292978208,0.21442218798151003,0.23181598062953995,-0.037090028615452346,0.06161127008584636,-0.048379925159586175,0.2704666519920757,-0.010387409200968523,0.006062073519700639,0.017290336781862207,0.03710983931322914,0.09279550957517059,-0.13760290556900726,-0.29566585956416463,-0.11952894563064055,-0.2741998679286815
#58,-0.14779440898084967,-0.0475478758529606,-0.17581774158045343,-0.015174994497028395,-0.06901166629980189,-0.00891041162227603,0.4055712084525644,0.1697490644948272,0.3179969183359014,0.21368258859784284,0.3375941008144398,0.08857362976007044,0.202425709883337,1.0,0.233482280431433,-0.01939687431212855,-0.13512656834690734,-0.21193704600484262,-0.09417125247633722,-0.21393792648029936,0.10391371340523883,0.06664318732115342,0.17464670922298042,0.02013647369579573,-0.005265243231344926,-0.17337882456526524,-0.19983050847457628,-0.16002861545234426,0.16995157384987894,0.1600924499229584,-0.1681554039181158,0.19960158485582213,0.029432093330398416,0.202920977327757,0.19275368699097511,0.1911666299801893,0.19658815760510676,0.27859344045784723,0.22281311908430554,0.20884437596302002,0.2726656394453005,0.06584855822143958,0.008395333480079243,0.028395333480079242,0.11178516398855382,-0.013372220999339643,0.06129650011005943,0.21756548536209552,0.18386088487783403,-0.1692692053709003,0.014036979969183358,-0.11342064714946071,-0.17222980409421088,-0.22674664318732116,0.06185340083645168,0.060255337882456524,-0.06837992515958617,-0.09065155183799252,-0.1566894122826326,-0.10102575390710984,-0.13186440677966102,-0.2834382566585956,0.326847897864847,0.4390446841294299,0.06407660136473696,-0.2573651771956857,0.5356636583755228,0.3360246533127889,0.13252916574950474,0.04553378824565265,0.061862205591019154,-0.09790666960158485,0.14470614131631082,-0.023847677745982832,0.11044243891701519,-0.20457186880915695,-0.15685450143077262,-0.2818842174774378,0.33842615012106536,0.16775698877393794,-0.16001540832049307,-0.28365397314549856,-0.03922738278670482,-0.14385428131190844,-0.06496808276469293,-0.1046797270526084,-0.2896191943649571,-0.25352850539291216,-0.05744662117543473,-0.035487563284173455,-0.05711424169051288,-0.22259960378604446,0.14114461809377063,-0.03140215716486903,-0.05962359674224081,-0.42458947831829186,0.010435835351089589,-0.053858683689192166,-0.14862865947611711,-0.0112987012987013,-0.0014681928241250274,-0.09054809597182478,-0.13721989874532248,-0.21055690072639224,0.024001760950913494,0.04763152102135153,0.058853180717587494,-0.2390821043363416,-0.04176975566806075,-0.05806075280651552,-0.12158045344486022
#101,-0.4443055249834911,-0.07071978868589038,-0.2614990094651112,-0.21874532247413603,-0.11399955976227162,-0.2018732115342285,0.2575368699097513,0.05825225621835791,0.3528659476117103,0.07587277129650011,-0.02096852300242131,0.15393792648029936,0.057290336781862204,0.233482280431433,1.0,0.23397314549856923,-0.0738895003301783,-0.42591019150341186,0.563746423068457,0.057006383447061416,0.7325225621835791,0.039134932863746426,0.5180541492405899,0.15950253136693815,0.3122694254897645,0.11873651771956857,-0.1949570768214836,-0.3733127889060092,-0.009267004182258419,0.06308166409861325,-0.026784063394232886,0.1128747523662778,-0.006374642306845697,0.1996456086286595,0.25544794188861986,-0.10317411402157164,0.4924653312788906,0.234653312788906,0.334058991855602,0.18306405458947833,0.19526524323134492,0.03500110059432093,0.1258463570327977,-0.07517719568567026,0.15910631741140216,-0.07460488663878495,0.07231565045124368,-0.15616552938586836,-0.16619854721549637,-0.4574158045344486,-0.21381465991635484,-0.4982786704820603,-0.3642064714946071,-0.4668170812238609,0.43685009905348887,-0.21923398635263042,-0.2550891481399956,-0.3981950253136694,-0.25699317631521024,-0.38935064935064934,-0.37412062513757427,-0.2990226722430112,0.46381906229363856,0.3537332159366058,-0.0677525863966542,-0.09075941008144398,0.4253686990975127,0.2626370239929562,0.5470239929561963,0.3571406559542153,-0.08707021791767554,0.09055469953775039,0.18563944530046225,-0.0587607307946291,0.276172132951794,-0.2650583314990095,-0.17775478758529606,-0.44772837332159365,0.5121901826986572,0.2322870349988994,-0.304950473255558,-0.302062513757429,-0.13158925819942768,-0.03837112040501871,-0.09163328197226503,-0.2572375082544574,-0.3420691173233546,-0.2635989434294519,-0.05302003081664099,0.0761831388950033,-0.011463790446841295,-0.10894122826326216,0.05723090468853181,-0.25592339863526303,-0.16972485141976668,-0.32501210653753027,-0.08055910191503411,-0.17998459167950692,-0.3590843055249835,0.2149768875192604,-0.36644287915474355,-0.1407043803653973,0.003136693814659916,-0.2053070658155404,-0.15542372881355931,0.0005282852740479859,-0.22476777459828307,-0.4343033237948492,-0.3249438696896324,-0.33934404578472377,-0.2709355051727933
#102,-0.17080783623156504,0.21663438256658596,0.11954875632841734,-0.008175214615892582,-0.25079903147699756,-0.102656834690733,0.18863746423068456,-0.18033237948492187,-0.05145498569227383,-0.047259520140876074,0.06314990094651111,-0.4358683689192164,-0.30722870349988995,-0.01939687431212855,0.23397314549856923,1.0,0.008879594981289896,-0.07083204930662558,0.3646731234866828,0.3732379484921858,0.04579132731675105,-0.006436275588817961,-0.010832049306625577,0.21362095531587058,-0.12602905569007264,0.027635923398635263,-0.016257979308826765,-0.24128329297820822,-0.11561303103675985,-0.14921637684349548,0.03178956636583755,-0.061362535769315434,-0.08051067576491305,-0.08448162007484042,-0.18543033237948492,-0.15712304644508035,-0.005540391811578252,0.08286814880035219,-0.13291877613911512,-0.08105877173673784,-0.14869029275808937,-0.17329077701959059,-0.03895663658375523,-0.06286374642306845,-0.07457406999779881,0.051138014527845034,-0.32958177415804535,-0.32669381465991637,-0.18542152762491745,-0.044494827206691616,0.14006383447061413,-0.09234866828087167,0.15119084305524982,-0.20470394012766893,0.05556240369799692,-0.18170372000880475,-0.08724191063174114,0.16122165969623597,0.023169711644287914,-0.060563504292317855,-0.20714725952014088,-0.11399955976227162,0.0512987012987013,0.3100242130750605,0.0439423288575831,0.04505392912172573,0.004946070878274268,0.3813779440898085,0.2912920977327757,0.5883931322914374,0.10733436055469954,0.20728153202729474,-0.12323794849218578,-0.09337222099933964,0.049504732555580015,0.16441998679286815,-0.02314109619194365,-0.18489324235086946,-0.07016288795949813,0.3219766674003962,-0.08034778780541492,-0.24074400176095093,-0.09352410301562844,-0.21017829627999118,-0.21993836671802774,-0.2929407880255338,-0.2292692053709003,-0.25167070217917675,-0.2012326656394453,-0.24257539071098394,-0.05358793748624257,-0.268910411622276,-0.07320713185119965,-0.11805855161787365,-0.06554259300022013,0.1294651111600264,0.19773717807616112,0.0035130970724191065,-0.14210433634162448,-0.16833590138674884,-0.22082544574069998,-0.046845696676205154,-0.2889896544133832,-0.05383447061413163,-0.2509443099273608,-0.15157384987893463,-0.28488663878494386,-0.15900066035659255,-0.06149020471054369,-0.09348888399735858,-0.011824785384107419
#201,0.34485802333259963,0.08794408980849659,0.6856328417345366,0.42459828307285935,0.07932423508694696,0.42211093990755005,-0.2650099053488884,0.11099053488883998,0.06546114902047105,0.5361479198767334,0.37791327316751044,0.13232445520581113,0.18670041822584196,-0.13512656834690734,-0.0738895003301783,0.008879594981289896,1.0,0.5143737618313889,0.023852080123266565,-0.04366718027734977,-0.01285494166850099,0.0641008144397975,-0.014593880695575611,-0.08676425269645609,0.3095531587057011,-0.041507814219678626,0.14209773277569887,0.06527624917455425,0.045093550517279334,-0.07697996918335902,0.09554699537750386,-0.033753026634382566,0.11198106977767995,-0.1408826766453885,-0.007030596522121946,-0.15717147259520142,-0.10760510675764913,-0.2999141536429672,0.05509355051727933,-0.02912392692053709,-0.2015034118423949,-0.16333920316971165,-0.16734316530926702,-0.3044970283953335,-0.1409685230024213,0.09254897644728154,-0.059938366718027734,-0.006299801893022232,0.0640347787805415,0.18404358353510897,-0.17940567906669602,0.28454545454545455,0.15176975566806075,0.48539951573849877,0.1621087387189082,0.23745762711864407,-0.06338542813119084,-0.03431432973805855,-0.13317411402157164,-0.10077922077922077,-0.12698657274928463,-0.002104336341624477,-0.30994937266123707,-0.23237728373321595,-0.04140876073079463,0.10932423508694696,-0.3488377723970944,-0.19544794188861986,0.3003697996918336,0.1358463570327977,0.3306075280651552,0.40784723750825447,-0.16489764472815321,0.11053929121725732,-0.28461149020471055,0.24328637464230685,-0.21332819722650231,-0.0074950473255558005,0.1392097732775699,0.002009685230024213,-0.09418886198547216,0.2576689412282633,0.10726832489544354,-0.061897424609289015,-0.0424323134492626,-0.23524983491085186,-0.09902927580893682,0.19494607087827426,0.028278670482060314,0.23293198327096631,-0.08333920316971165,0.005569007263922518,0.03368038740920097,-0.16007704160246533,0.04213295179396874,0.530858463570328,0.2945234426590359,0.4950605326876513,0.291089588377724,-0.11690072639225181,0.02822143957737178,0.5865925599823905,0.11322694254897644,0.2920184899845917,-0.014136033458067356,-0.004283513097072419,-0.017017389390270747,-0.10803874092009685,-0.13391151221659697,-0.14345586616773057,-0.10560862865947612
