,#10,#11,#12,#13,#17,#18,#26,#49,#50,#51,#52,#53,#54,#58,#101,#102,#201,#202,#301,#302,#401,#402,#501,#502,#601,#602,#701,#702,#801,#802,#901,#902,#1001,#1002,#1101,#1102,#1201,#1202,#1301,#1302,#1401,#1402,#1501,#1502,#1601,#1602,#1701,#1702,#1801,#1802,#1901,#1902,#2001,#2002,#2101,#2102,#2201,#2202,#2301,#2302,#2401,#2402,#2501,#2502,#2601,#2602,#2701,#2702,#2801,#2802,#2901,#2902,#3001,#3002,#3101,#3102,#3201,#3202,#3301,#3302,#3401,#3402,#3455,#3501,#3502,#3601,#3602,#3701,#3702,#3801,#3802,#3901,#3902,#4001,#4002,#4101,#4102,#4201,#4202,#4301,#4302,#4401,#4402,#4501,#4502,#4601,#4602,#4701,#4702,#4801,#4802
#10,1.0,0.39794629099713846,0.295775918996258,0.5472176975566806,0.10396213955535989,0.31557561082984814,0.3960576711424169,0.5391327316751046,-0.0033810257539071097,0.5665023112480739,0.34665419326436275,0.014983491085186,5.7230904688531804e-05,-0.15073739819502532,-0.10163108078362315,-0.0028549416685009904,0.40813779440898085,0.018523002421307506,0.10195465551397755,0.09441558441558441,-0.018910411622276028,0.19014307726172133,-0.03382566585956417,0.2845674664318732,-0.003268765133171913,0.14724191063174114,0.14716927140655955,0.3638762931983271,0.0449372661237068,0.0020691173233546114,-0.020464450803433853,0.01820823244552058,-0.007655734096412062,0.05783182918776139,0.120132071318512,0.12315650451243672,-0.028355712084525645,0.10699317631521021,-0.03703059652212195,0.0024961479198767336,0.24801232665639444,0.2151617873651772,0.032513757429011664,-0.020807836231565045,-0.17974466211754347,-0.029284613691393353,0.22586176535329078,0.2512656834690733,0.10325115562403699,-0.035987233105877175,0.13897644728153202,0.04796390050627339,0.07949812898965442,0.23627999119524543,0.22259300022011885,0.13834910851860005,-0.2360840854061193,-0.07867048206031257,-0.17123486682808717,-0.2874047985912393,-0.06293858683689192,-0.16069337442218798,0.03417125247633722,0.08639885538190623,0.2764054589478318,0.2505150781421968,-0.14649790887079023,0.051470394012766894,0.17052828527404798,0.04714065595421527,0.14101254677525865,0.2066718027734977,0.008668280871670701,0.07783843275368699,-0.28491965661457186,-0.0699141536429672,-0.013180717587497249,-0.10959057891261281,-0.021802773497688752,0.20300242130750606,-0.14176095091349328,0.1001584855822144,-0.035941008144397976,-0.054508034338542816,0.060167290336781865,-0.25810257539071096,-0.15639225181598063,0.2346885318071759,0.2435923398635263,0.13325115562403697,-0.04347127448822364,-0.3015914593880696,-0.1209487123046445,-0.25286594761171033,-0.17258199427690954,0.10960818842174774,0.1288465771516619,0.13192604006163328,0.31840633942328855,0.20982390490865066,0.10710543693594542,0.12217477437816421,0.07237728373321593,-0.022672243011226063,0.006070878274268105,0.016808276469293417,-0.03336561743341404,-0.13791987673343606,-0.06793528505392912,-0.09689412282632621,-0.32307506053268764
#11,0.39794629099713846,1.0,0.3100528285274048,0.47464010565705483,0.09202949592780102,0.06238168611049967,0.3051882016288796,0.13884217477437816,0.11227602905569008,0.16086726832489545,0.03478978648470174,-0.04993836671802773,0.007217697556680607,-0.24270085846357034,-0.09245432533568126,-0.02960598723310588,0.14759850319172352,0.2366101694915254,0.1389390270746203,0.24476777459828308,-0.011027955095751706,0.14556680607528066,-0.194818401937046,-0.1381267884657715,-0.10521901826986572,0.1872969403477878,-0.052412502751485804,-0.000865067136253577,0.044690732995817745,0.09566585956416465,0.16639665419326435,0.23309046885318072,0.1364340744001761,0.3153973145498569,0.040468853180717586,0.23572309046885317,0.2200066035659256,0.38119084305524986,0.07360334580673564,0.03470614131631081,0.03990314769975787,0.07246753246753247,0.17934184459608188,0.20714065595421527,-0.05941228263262162,0.048437156064274706,0.1449900946511116,0.1891019150341184,0.127541272287035,-0.05872991415364297,0.18055029716046664,0.19923398635263043,0.07634602685450143,0.2154567466431873,0.09748624257098833,0.12299581774158046,-0.16055029716046665,0.05773937926480299,-0.17238388729914153,-0.07674664318732115,-0.23629980189302224,-0.023695795729694036,-0.06326656394453005,0.12575830948712305,0.13659035879374862,0.12440898084965882,-0.04102355271846797,0.051683909311027953,0.24986572749284613,0.20356152322254017,0.2639533348007924,0.22073299581774158,-0.13012106537530266,0.08081664098613252,-0.1831917235307066,0.07588377723970945,-0.17580453444860225,-0.14545454545454545,-0.1942637023992956,0.2960466651992076,-0.19768214836011447,0.043306185340083646,-0.03434294519040282,0.09909090909090909,0.22820162887959497,-0.29752366277790004,-0.042071318511996476,0.05802553378824565,0.04459167950693375,0.14573189522342064,0.026310807836231565,-0.07276689412282633,0.05241470394012767,-0.16831609068897205,-0.149900946511116,0.08528285274047986,0.16786484701738938,0.15818842174774378,0.28900946511116005,-0.23059652212194584,0.031190843055249835,0.10477878054149241,0.2564891041162228,0.023636363636363636,0.06550517279330839,0.04055249834910852,0.05541932643627559,-0.11823684789786484,-0.0075368699097512655,-0.3489038080563504,-0.34058771736737836
#12,0.295775918996258,0.3100528285274048,1.0,0.22985252036099493,0.10052828527404799,0.47542152762491746,0.11406119304424389,0.024155844155844156,-0.0386748844375963,0.21211314109619195,0.15016949152542372,0.16279330838652872,0.20662337662337663,-0.5373211534228484,-0.17819502531366938,-0.23176975566806074,0.48931763152102137,0.6833920316971165,-0.36219898745322476,-0.32703059652212196,-0.15534448602245213,-0.1209817301342725,0.44674664318732116,0.13515298261060973,-0.021217257318952236,-0.1912722870349989,0.35941008144397973,0.15092229804094212,0.3506867708562624,-0.2226634382566586,0.5146731234866828,0.011226062073519701,0.40469733656174334,0.11199427690953115,-0.27897644728153204,-0.10192383887299142,-0.13343825665859566,-0.11360994937266124,-0.3545828747523663,-0.010618534008364516,0.009878934624697336,-0.15685670261941448,0.13891041162227602,0.058542813119084304,0.1425313669381466,-0.1448051948051948,0.22970504072198988,0.29829627999119523,0.08174774378164208,-0.12707902267224302,0.26855822143957736,0.16589478318291878,0.4093594541052168,0.36490644948272066,0.09641206251375743,-0.2630442438917015,-0.2874444199867929,-0.6323816861104997,-0.03814439797490645,-0.13791327316751045,-0.026095091349328636,0.023805855161787366,-0.37232885758309486,-0.25376623376623375,0.3710521681708122,0.2893594541052168,-0.34415144177856044,-0.3128527404798591,-0.26611270085846356,-0.20690732995817743,0.05444199867928681,0.46381906229363856,-0.178366718027735,0.11021571648690293,-0.5083116883116883,-0.11994937266123706,0.05107858243451464,0.029066696015848558,0.12280871670702179,-0.03631300902487343,-0.09557561082984811,0.11803653973145499,0.2592890160686771,0.21348448162007483,0.16341844596081884,0.09233105877173674,0.33567246313009025,0.25386528725511776,-0.16931543033237947,0.197277129650011,-0.21306185340083644,0.09873871890821044,0.04201848998459168,0.15934404578472375,-0.1261303103675985,0.6945168390931102,0.2999867928681488,0.6470878274268105,0.5680959718247854,0.3790997138454766,0.5535769315430332,0.6861963460268545,0.5417125247633722,0.442161567246313,0.43388729914153645,0.4369051287695355,0.38818842174774376,0.0974950473255558,-0.08850979528945631,-0.07317851639885538,-0.27819062293638563
#13,0.5472176975566806,0.47464010565705483,0.22985252036099493,1.0,0.06414483821263482,0.18320713185119966,0.23420867268324896,0.07458287475236627,-0.21506053268765132,0.49137134052388287,0.2532555580013207,-0.13449262601804976,-0.01427690953114682,-0.16151221659696235,0.004360554699537751,-0.016685009905348887,0.4081267884657715,0.19626678406339423,0.23637684349548757,0.12722430112260621,-0.007503852080123267,0.17192604006163328,-0.06764913053048646,0.0925841954655514,0.021472595201408762,0.2226832489544354,0.02407660136473696,0.1563878494386969,0.05223640766013647,0.0940215716486903,0.16595641646489104,0.030671362535769315,0.2465925599823905,0.2770636143517499,0.07292537970504072,0.14074840413823464,0.14170592119744663,0.23860664758969843,0.10242791107197886,0.18974025974025974,-0.021016949152542375,0.2544309927360775,-0.07603125687871451,0.039790887079022674,-0.1530706581554039,-0.0537904468412943,0.19243451463790448,0.21546335020911292,0.03345146379044684,-0.02729253797050407,0.2820316971164429,0.2863548316090689,0.10138234646709222,0.20877173673783844,0.19024653312788906,0.2487871450583315,-0.18596081884217477,0.026310807836231565,-0.007875852960598723,-0.09360334580673564,-0.09034118423948932,-0.0651551837992516,-0.02607528065155184,0.09471054369359454,0.13809156944750164,0.05420867268324896,-0.04476337222099934,-0.01629980189302223,0.24797490644948272,0.1112656834690733,0.10687871450583315,0.2013515298261061,-0.22530926700418225,-0.008373321593660577,-0.30075060532687653,-0.2337574290116663,-0.2112458727712965,-0.14780981730134274,-0.05189302223200528,0.2107836231565045,-0.24609289016068678,-0.0960642747083425,-0.07026634382566586,-0.06716266784063395,0.1357142857142857,-0.15290116662998018,-0.016024653312788906,-0.10768214836011446,-0.0026150121065375304,-0.006984371560642747,-0.13896984371560642,-0.0925379705040722,-0.029839313229143738,-0.042692053709002864,-0.06437596302003082,-0.02421747743781642,0.14576491305304864,0.15722650231124807,0.1835593220338983,0.135808936825886,-0.027867048206031256,0.1690292758089368,0.1986748844375963,0.16868589038080564,0.25297600704380363,0.19095971824785385,0.12945190402817522,-0.1831300902487343,-0.1586352630420427,-0.16840854061193045,-0.2057671142416905
#17,0.10396213955535989,0.09202949592780102,0.10052828527404799,0.06414483821263482,1.0,0.3872287034998899,0.04759630200308167,0.09169051287695355,0.16922738278670482,0.019218578032137355,-0.03171252476337222,0.37299581774158047,0.2694342945190403,0.1975016508914814,-0.2871164428791547,-0.2658133392031697,-0.014235086946951353,0.046999779881135816,-0.14331719128329298,-0.256649790887079,-0.4412392692053709,-0.5279022672243011,0.1603675985031917,0.09160686770856262,-0.12176095091349329,-0.1528285274047986,0.058368919216376845,0.06108298481179837,0.2964472815320273,0.03100594320933304,0.3191635483160907,-0.3192097732775699,0.10887079022672243,-0.09118203830068237,0.06215276249174554,-0.0026414263702399295,0.13117763592339862,-0.09135813339203169,-0.013581333920316971,0.03932863746423068,0.2781201848998459,0.13938146599163548,0.38634382566585956,0.03219238388729914,0.2163152102135153,0.12882456526524322,-0.008765133171912833,0.03954655513977548,0.06355051727933084,0.08269205370900286,-0.0016971164428791548,-0.11629319832709663,0.0025357693154303322,0.027171472595201408,-0.1956218357913273,-0.06099053488883997,-0.06329517939687432,-0.23352850539291217,0.07597622716266784,0.23620074840413824,-0.1712590799031477,-0.005025313669381466,0.16357693154303324,0.25730134272507155,-0.03135593220338983,-0.06164648910411622,0.21876293198327096,0.16874532247413604,-0.14353731014747964,-0.29775038520801234,-0.16922518159806296,-0.19834250495267444,0.004897644728153203,0.20790666960158485,-0.05009465111160026,0.06807836231565045,-0.18520360994937266,0.04991195245432534,0.3057825225621836,0.21324235086946952,0.020620735197006385,0.349603786044464,-0.0810939907550077,0.30502091129209774,0.38256658595641646,0.0322672243011226,0.1936055469953775,0.2542593000220119,0.22889060092449923,0.3119194364957077,0.45230244331939246,0.2399471714725952,0.451104996698217,-0.09213955535989435,-0.0449306625577812,0.029465111160026414,-0.09248954435395114,0.12555800132071318,-0.1513317191283293,0.09571868809156944,0.18594100814439798,0.32916574950473254,0.1837574290116663,0.08101694915254237,0.1565639445300462,0.04517719568567026,0.19669381465991637,-0.0450891481399956,-0.1177922077922078,-0.21330618534008364,-0.050664758969843716
#18,0.31557561082984814,0.06238168611049967,0.47542152762491746,0.18320713185119966,0.3872287034998899,1.0,0.16862425709883336,0.07084965881576051,-0.22747963900506274,0.2466519920757209,0.40765793528505395,0.325280651551838,0.34880475456746646,-0.03613911512216597,-0.28281091789566365,-0.15203830068236848,0.43489324235086946,0.39877613911512216,-0.318498789346247,-0.3319766674003962,-0.3691877613911512,-0.34823244552058114,0.1637244111820383,0.0852212194585076,-0.15101915034118424,-0.14622716266784064,0.09173893902707463,-0.0538564825005503,0.5389170151882017,-0.27658815760510674,0.5325863966541933,-0.3042064714946071,0.1879572969403478,-0.07350209112920977,-0.17712304644508034,-0.021043363416244774,-0.020724191063174115,-0.15540832049306624,-0.19704380365397314,0.05987673343605547,0.2255976227162668,0.02986352630420427,-0.04029275808936826,-0.031840193704600485,-0.011494607087827426,-0.16712304644508033,0.038613251155624036,0.15912172573189523,-0.06822143957737178,0.05353510895883777,0.011657495047325555,-0.06571208452564385,0.16430332379484922,0.1087211093990755,-0.15368258859784284,-0.18240149680827647,-0.3013185119964781,-0.44913933524103017,-0.08637023992956196,-0.144851419766674,0.04097072419106317,0.054261501210653755,0.17545674664318733,0.11300902487343166,0.2676271186440678,0.060495267444419985,0.11151221659696237,-0.008716707021791767,-0.10421527624917455,-0.13447061413163108,0.0052520360994937265,0.16290997138454766,-0.03302443319392472,0.2533215936605767,-0.2203169711644288,0.07696676205150782,-0.014525643847677745,-0.10667620515078143,0.2655646048866388,0.1125841954655514,-0.003852080123266564,0.39097952894563065,0.21875852960598724,0.42795289456306407,0.3249262601804975,0.058289676425269644,0.21749944970283952,0.25956196346026855,0.020400616332819723,0.36311027955095754,0.11118203830068236,0.07241250275148581,-0.0386946951353731,-0.08552718467972706,-0.14524763372221,0.42636583755227825,-0.03839753466872111,0.4565529385868369,0.21781642086726832,0.4043847677745983,0.38093110279550957,0.5035923398635263,0.30558441558441557,0.2694188861985472,0.14082764692934185,0.2886000440237728,0.28446621175434733,0.12967862645828748,-0.06517719568567026,-0.11753907109839314,-0.24063614351749946
#26,0.3960576711424169,0.3051882016288796,0.11406119304424389,0.23420867268324896,0.04759630200308167,0.16862425709883336,1.0,0.13100594320933304,-0.04941668500990535,0.4208892802113141,0.17899845916795068,-0.08195245432533568,0.09482720669161347,0.08848558221439577,0.01865067136253577,0.27773057451023553,0.27600924499229584,-0.0963878494386969,0.07437376183138895,0.22378604446401057,-0.1536253576931543,0.08662777900066036,-0.2312128549416685,-0.008040942108738718,-0.10215496368038741,0.052819722650231125,-0.11903808056350429,0.03966101694915254,-0.004457406999779881,-0.13179616993176316,0.05975346687211094,0.040832049306625574,0.012826326216156725,0.10419106317411402,-0.0014968082764692935,0.13704160246533129,0.020770416024653314,0.15147479639005063,0.16781421967862645,0.05786044464010566,-0.04607968302883557,-0.09700418225841954,-0.24855381906229365,0.107508254457407,-0.037688751926040064,0.3007043803653973,0.08635042923178517,0.035377503852080126,-0.03460708782742681,0.14566365837552278,-0.03816200748404138,-0.12456966762051508,-0.03906009244992296,0.0030134272507153863,-0.15301782962799912,-0.1474224081003742,-0.172656834690733,0.06198106977767995,-0.02532027294739159,-0.05471274488223641,0.09798811358133393,0.05429451904028175,-0.020992736077481842,-0.05657495047325556,0.006337222099933965,0.028699097512656833,-0.027156064274708343,0.025941008144397974,0.06238828967642527,0.32025313669381467,0.31176535329077704,0.35323794849218576,0.10307946290997139,0.19350429231785163,-0.06353731014747964,0.09605987233105877,-0.08752366277790007,-0.16558661677305744,0.06973585736297601,0.1359388069557561,-0.30788025533788244,-0.18171692714065596,-0.19755888179616993,-0.0526502311248074,0.11818181818181818,0.015254237288135594,0.014422187981510015,-0.03667620515078142,-0.11792427911071979,-0.013022232005282852,-0.0976007043803654,-0.04981069777679947,0.002729473915914594,-0.025797930882676644,0.09248954435395114,-0.11083204930662557,0.07484041382346467,-0.10511116002641427,-0.0054413383226942546,0.20682588597842835,-0.11,-0.024415584415584415,0.13782962799911952,-0.07039841514417786,-0.06148580233325996,0.09347787805414924,-0.028322694254897644,-0.05293418445960819,-0.1720911292097733,0.07358793748624257,-0.0913317191283293
#49,0.5391327316751046,0.13884217477437816,0.024155844155844156,0.07458287475236627,0.09169051287695355,0.07084965881576051,0.13100594320933304,1.0,0.25832049306625576,0.2848800352190183,0.27508254457407,0.3466916134712745,0.13177856042262823,0.14482500550297162,-0.19926260180497468,-0.030334580673563726,-0.08719788685890381,-0.1510213515298261,0.12301782962799912,0.0827360774818402,-0.16066696015848558,0.06665859564164649,-0.07661016949152542,0.05915914593880696,-0.046931543033237946,0.06046885318071759,0.10477878054149241,0.26168611049966983,0.1273959938366718,0.12029495927801012,-0.04877173673783843,-0.05410961919436496,-0.16016729033678187,-0.022454325335681268,0.06978428351309707,0.1934602685450143,-0.08148580233325996,0.12552938586836893,-0.04883777239709443,-0.13677525863966541,0.22457847237508255,0.24564384767774597,0.07947171472595202,0.11045564604886639,-0.14417565485362097,0.06300242130750605,0.1223860884877834,-0.029698437156064274,0.05950473255558001,-0.047087827426810475,-0.13937486242570987,-0.204950473255558,-0.16104336341624478,0.02687871450583315,-0.15401716927140657,0.0076821483601144614,-0.14139115122165968,0.01103896103896104,-0.17995597622716267,0.02387409200968523,0.0007506053268765133,-0.36047105436935944,0.17174334140435835,0.1699207572088928,0.14519260400616332,0.1676271186440678,0.05276689412282633,0.34108518600044024,0.07338542813119084,-0.07288575830948713,-0.059542152762491744,-0.12291437376183138,0.027589698437156064,-0.021631080783623156,-0.1750297160466652,-0.10414483821263482,-0.16682588597842835,-0.17084085406119304,0.10419546555139775,0.31412502751485805,-0.15578252256218358,0.27934624697336563,-0.03592339863526304,0.05634602685450143,0.14982610609729255,-0.031587057010785825,-0.14049086506713626,0.17574290116662997,0.43513097072419105,0.23387849438696898,0.28939467312348666,-0.15602685450143078,0.0028549416685009904,-0.19106977767994718,-0.10003521901826987,0.026823684789786483,-0.04113141096191943,-0.1777525863966542,0.12645608628659477,-0.016819282412502752,-0.05901386748844376,-0.11244331939247193,-0.1684701738939027,-0.28998239049086505,-0.11371560642747083,-0.1364076601364737,-0.04659035879374863,-0.21601584855822145,-0.050838652872551175,0.06219458507594101,-0.03600044023772837
#50,-0.0033810257539071097,0.11227602905569008,-0.0386748844375963,-0.21506053268765132,0.16922738278670482,-0.22747963900506274,-0.04941668500990535,0.25832049306625576,1.0,-0.18719568567026193,-0.14046445080343387,0.282491745542593,0.1547391591459388,0.09876953554919657,0.07774378164208673,-0.10519920757208893,-0.3825775918996258,-0.1635659255998239,-0.11791327316751045,-0.010211314109619195,0.22266563944530046,-0.11988773937926481,-0.024602685450143078,-0.12438696896324015,-0.008798151001540832,-0.16528285274047985,0.0796764252696456,-0.033064054589478316,-0.07546775258639665,0.09132731675104556,-0.18143517499449702,0.14261501210653754,-0.2854105216817081,-0.12627999119524544,0.004959278010125467,0.023416244772176974,-0.15126128109178957,-0.16527184679727053,-0.15662998018930221,-0.41535549196566146,0.15450363196125907,-0.06462909971384548,0.31220118864186663,0.1211071978868589,0.15610829848117982,-0.029751265683469072,0.09042703059652213,-0.05447721769755668,0.2997820823244552,-0.034149240589918556,0.02584635703279771,-0.12677966101694915,-0.1890380805635043,-0.06922738278670482,-0.052066916134712746,-0.1012987012987013,0.030873871890821043,-0.005980629539951574,-0.05232885758309487,-0.08418225841954656,-0.21844155844155844,-0.18479418886198548,0.015993836671802774,0.12836671802773497,-0.1014769975786925,0.0035659255998239047,-0.08771956856702619,0.05006383447061413,-0.05299581774158045,-0.1502113141096192,-0.08393792648029937,-0.05152982610609729,0.08540171692714066,0.28436495707682147,-0.015782522562183578,0.12296720228923619,-0.11474796390050628,0.0723398635263042,0.004125027514858023,0.17034338542813118,0.04861985472154964,0.1994937266123707,-0.2214637904468413,0.0016090688972044903,0.07643407440017609,-0.09214175654853621,-0.058122386088487785,0.10354391371340524,0.13304644508034338,0.00043583535108958837,0.2749878934624697,-0.04953775038520801,0.06534008364516838,-0.10682148360114462,-0.012663438256658596,-0.020121065375302664,-0.034006163328197225,-0.20254017169271407,-0.10487563284173454,-0.16488003521901826,-0.1137838432753687,-0.2444089808496588,-0.11316751045564605,-0.3760862865947612,-0.15875192604006164,-0.29482060312568786,-0.14256878714505833,-0.21123706801672903,-0.034063394232885756,0.01143517499449703,0.05703279771076381
#51,0.5665023112480739,0.16086726832489545,0.21211314109619195,0.49137134052388287,0.019218578032137355,0.2466519920757209,0.4208892802113141,0.2848800352190183,-0.18719568567026193,1.0,0.41317191283292976,0.02471714725952014,0.20069117323354613,-0.03323354611490205,-0.06451683909311028,-0.1884173453664979,0.5085163988553819,0.10469733656174335,-0.11777239709443099,-0.15605326876513317,-0.12223860884877834,0.06633502091129209,0.11626018049746863,0.0898745322474136,0.1443715606427471,-0.08492405899185561,0.1875941008144398,0.18895883777239708,0.20105436935945412,-0.17972044904248294,0.12630640545894783,0.011188641866607969,0.19531146819282413,-0.0237838432753687,-0.07814880035219018,0.07666740039621396,-0.1508364516839093,-0.08552938586836892,0.016150121065375302,0.04832049306625578,0.0022474136033458067,-0.04479198767334361,-0.190891481399956,-0.09099273607748185,-0.1294408980849659,-0.11580893682588597,0.26130750605326875,0.2040721989874532,0.05419766674003962,0.0789654413383227,0.20633722209993396,0.006324014968082764,0.12631080783623155,0.09521241470394012,0.03946070878274268,-0.11199867928681488,-0.09022232005282853,-0.20787365177195685,0.1225841954655514,0.048483381025753905,0.13755007704160246,0.0438498789346247,-0.0462161567246313,0.04089588377723971,0.2336781862205591,0.09581333920316971,-0.0813911512216597,0.0514571868809157,-0.04343605546995378,-0.035148580233325996,-0.000977327756988774,0.1662095531587057,-0.1705458947831829,-0.00824125027514858,-0.1856350429231785,-0.029848117983711203,0.010438036539731455,-0.023259960378604446,0.16137574290116663,-0.00338762931983271,-0.2183314990094651,0.024100814439797492,0.01262161567246313,-0.01847457627118644,-0.025163988553819062,0.03655293858683689,0.0852212194585076,-0.040814439797490644,-0.1303367818622056,0.0010455646048866387,-0.11870349988994057,0.025758309487123047,-0.00659916354831609,0.11604226282192384,0.04364076601364737,0.1614836011446181,-0.14031256878714507,0.12686550737398194,0.16427911071978868,0.3397556680607528,0.09285053929121725,0.12412722870349989,0.12872331058771735,0.13888399735857362,0.2230574510235527,0.22606207351970065,0.17124807395993838,0.07150341184239489,-0.06595641646489105,0.14969183359013868,-0.004468412942989214
#52,0.34665419326436275,0.03478978648470174,0.15016949152542372,0.2532555580013207,-0.03171252476337222,0.40765793528505395,0.17899845916795068,0.27508254457407,-0.14046445080343387,0.41317191283292976,1.0,0.05942328857583095,0.11940788025533788,0.14978428351309708,-0.022993616552938585,0.0037574290116663,0.26086726832489543,0.07485802333259961,-0.13130090248734316,-0.15612150561303104,-0.08823684789786485,0.02101254677525864,0.12609289016068678,0.025104556460488665,0.17577591899625797,0.08067796610169492,0.09915914593880695,0.044479418886198545,0.27256218357913276,-0.20829848117983712,0.14370900286154523,-0.3333237948492186,-0.0087409200968523,0.01918996257979309,0.0034998899405679065,0.10343385428131191,-0.09871230464450803,-0.12983931322914374,0.009542152762491745,0.0836913933524103,-0.05400396213955536,-0.07407219898745322,-0.11999119524543253,-0.0713251155624037,-0.21440677966101696,-0.16223200528285275,0.04054809597182479,0.0046423068456966764,-0.10864406779661016,0.0610081443979749,0.03687211093990755,-0.07629980189302223,0.022976007043803655,0.027213295179396874,0.011364736957957297,-0.09003081664098614,-0.17449482720669163,-0.19115782522562183,0.02484701738939027,-0.08967642526964562,0.18128989654413383,0.045668060752806515,0.21613911512216596,0.10539511336121506,0.2296235967422408,0.018133392031697115,0.0511930442438917,0.1459454105216817,0.03180497468633062,0.004459608188421748,-0.12197886858903809,0.1000264142637024,-0.09844375963020031,0.0837376183138895,-0.09451243671582654,0.031587057010785825,-0.1390777019590579,-0.1774224081003742,0.2767092229804094,0.11246313009024873,-0.1739357252916575,0.12772837332159365,0.03958837772397095,0.16211974466211754,0.013138895003301784,-0.03307285934404579,0.03806955756108298,-0.03432093330398415,0.016751045564604886,0.22387189082104336,0.12367818622055911,0.06270746202949593,-0.02079022672243011,0.030083645168390932,0.010777019590578913,0.21004402377283732,-0.15020030816640986,0.17782522562183578,0.034098613251155624,0.2781994276909531,0.07445300462249614,0.061919436495707685,-0.01134272507153863,0.05566145718688092,0.12809817301342724,0.23616773057451024,0.18824785384107418,0.006931543033237948,0.056951353731014745,0.04807395993836672,0.029680827646929343
#53,0.014983491085186,-0.04993836671802773,0.16279330838652872,-0.13449262601804976,0.37299581774158047,0.325280651551838,-0.08195245432533568,0.3466916134712745,0.282491745542593,0.02471714725952014,0.05942328857583095,1.0,0.44700418225841954,0.2499471714725952,-0.2632753686990975,-0.14356372441118204,0.028795949812898965,0.1737046004842615,-0.18510455646048865,-0.1802245212414704,-0.4169359454105217,-0.37358353510895886,0.037860444640105656,0.0599933964340744,-0.34149900946511114,0.02405018710103456,-0.07077701959057892,-0.12435395113361215,0.5428329297820823,0.04838212634822804,0.4286748844375963,-0.06388509795289456,-0.08196346026854501,-0.11254897644728153,-0.13145938806955756,0.0871582654633502,-0.04558441558441558,-0.014591679506933745,-0.30574510235527186,0.0019744662117543474,0.2712348668280872,0.2906845696676205,0.37071318511996476,0.2957803213735417,0.07038300682368479,0.03859123926920537,-0.23108518600044023,-0.33041162227602905,0.02320493066255778,-0.016504512436715826,-0.3746357032797711,-0.5222033898305085,-0.24166850099053488,-0.1657737178076161,-0.3288795949812899,-0.11481840193704601,-0.17941668500990535,-0.1638564825005503,-0.15160686770856263,0.06199647809817301,-0.17730574510235528,-0.3559278010125468,0.31469513537310145,0.32709002861545233,-0.2231499009465111,-0.06676425269645608,0.33552058111380145,0.29986352630420426,-0.16835571208452565,-0.31726172132951797,-0.2566035659255998,-0.304307726172133,-0.03047325555800132,0.17569667620515078,0.029126128109178955,-0.13863086066475896,-0.25924499229583975,-0.21174334140435835,0.28368258859784284,0.4428615452344266,0.06499889940567907,0.6561193044243891,0.12154303323794849,0.6091591459388069,0.6005194805194806,0.3046687211093991,0.22833149900946512,0.18466872110939908,0.2903345806735637,0.5029627999119525,0.3470261941448382,0.2545454545454545,0.12208452564384768,0.07879154743561523,0.02927360774818402,0.16545454545454547,0.00039181157825225624,0.026097292537970503,-0.03726832489544354,0.1273167510455646,-0.035058331499009464,0.1922672243011226,0.009826106097292538,-0.043645168390931105,-0.06390931102795509,-0.13681267884657716,0.08871010345586616,-0.18035439137134052,-0.22584855822143957,-0.055115562403698,-0.037486242570988336
#54,5.7230904688531804e-05,0.007217697556680607,0.20662337662337663,-0.01427690953114682,0.2694342945190403,0.34880475456746646,0.09482720669161347,0.13177856042262823,0.1547391591459388,0.20069117323354613,0.11940788025533788,0.44700418225841954,1.0,0.0475478758529606,-0.03464230684569668,-0.11453004622496148,0.2253863086066476,0.2960576711424169,-0.410132071318512,-0.3282324455205811,-0.2369821703720009,-0.3105679066696016,0.16467972705260842,-0.21762491745542592,-0.032672243011226065,-0.2172375082544574,-0.0773035439137134,-0.11804094210873872,0.6322408100374202,-0.2134338542813119,0.4602003081664099,-0.2485428131190843,-0.014825005502971604,-0.2477327756988774,-0.3512678846577152,-0.10632621615672463,-0.06805855161787365,-0.18608628659476117,-0.2456702619414484,-0.25090688972044906,0.0338366718027735,-0.04098393132291438,0.1554193264362756,0.07990534888839973,-0.16200748404138235,-0.15494827206691614,-0.08547875852960599,-0.04427690953114682,-0.1648316090688972,-0.024136033458067356,-0.11098173013427251,-0.22622716266784063,-0.18223860884877835,-0.07367378384327537,-0.2289456306405459,-0.18473695795729694,-0.10304424389170151,-0.3661831388950033,-0.022843935725291656,0.05012987012987013,0.11109178956636584,-0.08834030376403258,-0.046938146599163545,-0.014061193044243891,0.08384107418005723,-0.06184899845916795,0.0375941008144398,-0.07559542152762491,-0.20607968302883556,-0.18187761391151222,-0.05241030156284394,0.02957957296940348,0.05324895443539511,0.18784503631961258,-0.07405238828967642,0.09155183799251596,0.19068897204490426,0.16801452784503632,0.34955976227162666,0.2816288795949813,-0.20092890160686772,0.36598283072859344,0.2587079022672243,0.4588663878494387,0.2508342504952674,0.3035395113361215,0.3652652432313449,-0.05515958617653533,0.018276469293418446,0.471518820162888,0.12217037200088048,0.31950033017829627,0.14124367158265463,0.1209619194364957,0.1451617873651772,0.3966365837552278,-0.23024873431653092,0.0722474136033458,-0.016436275588817963,0.102161567246313,0.08370239929561964,0.1562359674224081,0.14953334800792428,-0.03919656614571869,-0.11978208232445521,-0.08878494386968963,0.09980409421087387,0.19604446401056572,-0.11601584855822145,0.2203411842394893,0.09250935505172793
#58,-0.15073739819502532,-0.24270085846357034,-0.5373211534228484,-0.16151221659696235,0.1975016508914814,-0.03613911512216597,0.08848558221439577,0.14482500550297162,0.09876953554919657,-0.03323354611490205,0.14978428351309708,0.2499471714725952,0.0475478758529606,1.0,-0.25621175434734755,0.11244111820383007,-0.23795289456306407,-0.3355624036979969,0.06449702839533349,0.19417565485362095,-0.35115562403698,-0.3065859564164649,-0.1613119084305525,0.018710103455866166,-0.18674003962139554,0.08064494827206692,-0.468168611049967,-0.31356152322254016,-0.017134052388289675,0.12025753907109839,-0.08502751485802333,-0.1026172132951794,-0.1213647369579573,-0.13548095971824786,0.05372881355932203,0.3045102355271847,0.16189522342064716,0.11348448162007484,0.15498128989654414,0.09206911732335461,-0.07658375522782303,0.08677085626238168,-0.07544574069997799,0.12899625797930883,0.11175874972485142,0.31604886638784946,-0.2893264362755888,-0.4046136913933524,-0.07298261060972926,0.2115870570107858,-0.337112040501871,-0.31675544794188865,-0.37219678626458286,-0.4367246313009025,-0.39935945410521684,-0.08101254677525864,0.05273607748184019,0.32506493506493506,0.08070438036539732,0.25797490644948273,0.04719788685890381,-0.018223640766013648,0.5508386528725512,0.45543473475676866,-0.45379925159586176,-0.21698877393792648,0.645527184679727,0.546715826546335,0.08478978648470174,0.11974906449482721,0.01548316090688972,-0.25275588817961697,-0.14220559101915034,0.05069117323354611,0.27530266343825666,0.003138895003301783,-0.37350869469513537,-0.34228923618754126,0.3895135373101475,0.4004710543693595,-0.0488531807175875,0.10154523442659036,-0.33597622716266784,0.22551397754787586,0.3343847677745983,0.30021351529826107,0.1110543693594541,-0.14033458067356372,0.11938146599163549,0.1309949372661237,0.45180497468633063,0.23808716707021793,0.2670063834470614,0.09188861985472155,0.20498789346246973,-0.37742901166629983,-0.12662117543473475,-0.37193044243891704,-0.6170658155403919,-0.019335241030156283,-0.3877966101694915,-0.20067576491305306,-0.3043165309267004,-0.14213295179396873,-0.14429892141756548,-0.13541712524763372,-0.10798811358133392,-0.1252872551177636,-0.19786264582874752,0.08577591899625799,0.1894122826326216
#101,-0.10163108078362315,-0.09245432533568126,-0.17819502531366938,0.004360554699537751,-0.2871164428791547,-0.28281091789566365,0.01865067136253577,-0.19926260180497468,0.07774378164208673,-0.06451683909311028,-0.022993616552938585,-0.2632753686990975,-0.03464230684569668,-0.25621175434734755,1.0,0.31914593880695574,0.07320493066255779,-0.1115430332379485,0.3512987012987013,0.08201408760730794,0.6830134272507153,0.34067796610169493,-0.1503764032577592,-0.18915254237288134,0.32041162227602904,0.06673563724411181,-0.05822804314329738,-0.20025093550517278,-0.14532467532467533,-0.03755888179616993,-0.2425313669381466,-0.03176535329077702,-0.22809817301342725,-0.05134272507153863,0.15081884217477437,-0.17259520140876072,0.05726172132951794,0.03953554919656615,0.37284613691393353,0.0016266784063394234,-0.0863086066475897,-0.04576271186440678,-0.12167950693374423,0.0300858463570328,-0.3214087607307946,-0.1384371560642747,-0.1352014087607308,-0.14383667180277349,-0.2754765573409641,-0.36397754787585296,-0.1511930442438917,0.022172573189522343,-0.3024499229583975,0.23199427690953114,0.2009443099273608,0.3993748624257099,-0.05592559982390491,0.025073739819502533,-0.30429451904028176,-0.3369447501650891,-0.13804534448602246,-0.13331058771736737,-0.15278010125467753,-0.25270746202949596,-0.18276469293418446,-0.1928461369139335,-0.25541492405899185,-0.2215496368038741,0.4102487343165309,0.22226502311248075,0.28073519700638344,0.14323354611490205,0.5017587497248515,0.16161787365177196,0.20466872110939907,0.030367598503191724,0.14049526744441998,0.1429804094210874,-0.08859784283513097,-0.2629253797050407,0.12589258199427691,-0.2259123926920537,-0.057219898745322476,-0.2489126128109179,-0.3086528725511776,-0.3496235967422408,-0.4150957517059212,-0.062326656394453006,-0.0647325555800132,-0.27738498789346244,-0.3481972265023113,-0.3006867708562624,-0.14370019810697776,-0.22932643627558882,-0.1607065815540392,-0.07440457847237508,-0.11186880915694475,-0.260033017829628,-0.04083865287255118,-0.24992295839753467,-0.3480783623156504,-0.2961897424609289,-0.17783623156504513,-0.20206691613471275,-0.2802839533348008,-0.22786264582874752,-0.20469733656174335,-0.05210873871890821,0.13091789566365838,-0.08527184679727053,0.0035174994497028395
#102,-0.0028549416685009904,-0.02960598723310588,-0.23176975566806074,-0.016685009905348887,-0.2658133392031697,-0.15203830068236848,0.27773057451023553,-0.030334580673563726,-0.10519920757208893,-0.1884173453664979,0.0037574290116663,-0.14356372441118204,-0.11453004622496148,0.11244111820383007,0.31914593880695574,1.0,-0.2829738058551618,-0.13428131190843054,0.42477437816420865,0.5371890821043364,0.0723134492626018,0.36064054589478317,-0.49070217917675546,0.04193704600484262,-0.03645828747523663,0.5353158705701079,-0.48585516178736515,-0.12384767774598283,-0.12996478098173014,0.13283953334800794,-0.13603565925599823,-0.20285053929121727,-0.051470394012766894,0.006821483601144618,0.03208452564384768,0.12429892141756549,0.1405392912172573,0.2451551837992516,0.2607682148360114,0.3521549636803874,-0.16311468192824125,0.17117103235747302,-0.24575170592119744,0.2829121725731895,-0.31412502751485805,0.2736561743341404,-0.08804754567466432,-0.08290556900726392,-0.19331058771736737,0.005203609949372661,-0.1886748844375963,-0.272491745542593,-0.343515298261061,-0.0959586176535329,-0.28447281532027296,0.20687211093990754,-0.5188972044904249,0.32607307946291,-0.4111446180937706,-0.3865397314549857,-0.2327955095751706,-0.2207704160246533,0.26979528945630643,0.10226282192383887,-0.0789456306405459,0.0050715386308606645,0.1460180497468633,0.15661677305745103,0.4166431873211534,0.552773497688752,0.36013427250715385,0.07923178516398856,0.40278670482060314,0.17033017829628,0.0704094210873872,-0.0575016508914814,-0.22276029055690072,-0.39588157605106755,-0.11679286814880036,0.1995905789126128,-0.09158485582214396,-0.23482280431432973,-0.08566806075280652,0.009903147699757869,0.12552938586836893,-0.2010477657935285,-0.4220603125687871,-0.15085626238168612,0.057783403037640325,-0.03202069117323355,-0.07621835791327317,-0.4191305304864627,-0.3174554259300022,-0.2886572749284614,-0.23024213075060532,-0.2124653312788906,0.16745102355271846,-0.17508034338542813,-0.017536869909751264,-0.17652432313449262,-0.22235086946951355,-0.31270526084085404,-0.21967422408100373,-0.18428571428571427,-0.24554039181157825,-0.17730574510235528,-0.12726612370680168,-0.275974025974026,-0.19700858463570328,-0.23679286814880035,-0.29110939907550076
#201,0.40813779440898085,0.14759850319172352,0.48931763152102137,0.4081267884657715,-0.014235086946951353,0.43489324235086946,0.27600924499229584,-0.08719788685890381,-0.3825775918996258,0.5085163988553819,0.26086726832489543,0.028795949812898965,0.2253863086066476,-0.23795289456306407,0.07320493066255779,-0.2829738058551618,1.0,0.41902487343165307,-0.13600264142637025,-0.24676425269645608,0.023590138674884437,-0.05319612590799031,0.3048448162007484,0.020200308166409862,0.16633722209993396,-0.07007484041382346,0.19960378604446402,-0.06863746423068456,0.2967840633942329,-0.30824345146379045,0.35176315210213516,0.00212194585075941,0.22177195685670262,0.08979969183359014,-0.02602025093550517,-0.07912392692053709,0.12218137794408981,0.06650671362535769,-0.013981950253136694,0.060178296279991196,0.00029275808936825884,-0.07909971384547655,-0.07714285714285714,-0.1740017609509135,-0.07695135373101475,-0.20609729253797052,0.04594100814439798,0.05885538190622936,-0.17850099053488885,-0.20321593660576712,0.023966541932643626,0.1323464670922298,0.18209112920977327,0.22770416024653312,0.23275368699097512,-0.013174114021571648,-0.02761171032357473,-0.37297820823244554,-0.016667400396213956,-0.13372000880475457,0.13228483381025755,0.07297600704380365,-0.2988377723970944,-0.29477657935285057,0.1731763152102135,-0.009691833590138674,-0.2587673343605547,-0.31952014087607306,-0.0062425709883337,-0.03328637464230685,0.19895663658375523,0.34610829848117985,-0.06698217037200088,0.0610939907550077,-0.13478318291877614,-0.006264582874752366,0.18356372441118204,0.09272066916134712,0.22480299361655293,-0.044950473255558,-0.12442659035879375,0.03895443539511336,0.20584635703279772,0.051688311688311686,0.04807175874972485,0.044226282192383885,0.19742681047765795,0.08456746643187321,-0.1788201628879595,0.15778340303764032,-0.3703609949372661,0.11160466651992075,-0.006423068456966762,0.09682808716707021,0.015425930002201188,0.3762843935725292,0.08542152762491746,0.3522143957737178,0.28710983931322914,0.3990490865067136,0.15781862205591018,0.45100374202069116,0.3079528945630641,0.3744816200748404,0.15967202289236188,0.3134074400176095,0.19212414703940128,0.18655513977547875,-0.11298261060972925,0.02307065815540392,-0.1410147479639005
