,#10,#11,#12,#13,#17,#18,#26,#49,#50,#51,#52,#53,#54,#58,#101,#102,#201,#202,#301,#302,#401,#402,#501,#502,#601,#602,#701,#702,#801,#802,#901,#902,#1001,#1002,#1101,#1102,#1201,#1202,#1301,#1302,#1401,#1402,#1501,#1502,#1601,#1602,#1701,#1702,#1801,#1802,#1901,#1902,#2001,#2002,#2101,#2102,#2201,#2202,#2301,#2302,#2401,#2402,#2501,#2502,#2601,#2602,#2701,#2702,#2801,#2802,#2901,#2902,#3001,#3002,#3101,#3102,#3201,#3202,#3301,#3302,#3401,#3402,#3455,#3501,#3502,#3601,#3602,#3701,#3702,#3801,#3802,#3901,#3902,#4001,#4002,#4101,#4102,#4201,#4202,#4301,#4302,#4401,#4402,#4501,#4502,#4601,#4602,#4701,#4702,#4801,#4802
#10,1.0,0.3881532027294739,0.17854721549636804,0.2369205370900286,0.05695795729694035,0.07142196786264583,0.10951793968743122,0.3803169711644288,-0.1011798371120405,0.09821043363416244,0.1308694695135373,0.08886858903808056,0.11843935725291657,0.06817521461589258,-0.3506141316310808,-0.04108738718908211,0.13593440457847236,0.12019590578912613,0.06271406559542153,0.1013515298261061,-0.35879815100154083,-0.07894783182918776,0.1364274708342505,0.06378604446401057,0.021679506933744222,0.16418445960818842,0.06671582654633502,0.20192824125027514,0.12907329958177416,-0.07527845036319612,0.0862557781201849,0.14284833810257538,0.05560862865947612,0.12114241690512877,0.1774356152322254,0.17417565485362096,0.15547435615232225,0.09864186660796831,-0.14986792868148802,-0.0950759410081444,-0.11890821043363416,-0.004644508034338543,0.015414924058991855,-0.1457340964120625,0.13022892361875413,-0.03366057671142417,0.070033017829628,0.10890821043363416,0.027708562623816862,-0.0026920537090028614,0.0018820162887959499,-0.10248073959938367,-0.08534888839973585,0.06787585296059873,-0.19928681488003522,-0.02352410301562844,-0.07990534888839973,0.05572309046885318,0.15957737178076162,0.007288135593220339,-0.0010543693594541052,-0.08733436055469954,0.07930882676645389,0.07051948051948052,0.2776667400396214,0.08437596302003082,-0.06258199427690952,0.009258199427690954,-0.06036979969183359,0.14524983491085186,-0.17578252256218357,0.10450803433854282,-0.13283072859344044,0.15900286154523444,-0.2523508694695135,-0.06503411842394893,-0.12459388069557562,-0.12358793748624257,-0.0023046445080343383,0.21722870349988993,-0.05171912832929782,0.0031873211534228485,-0.12261941448382126,0.12272066916134712,0.2975720889280211,-0.014552058111380146,-0.04249394673123487,-0.0611402157164869,-0.015069337442218798,0.20934404578472376,-0.13485582214395775,0.1733612150561303,-0.052584195465551396,0.004287915474356152,-0.08297380585516179,0.050066035659256,0.329900946511116,0.050895883777239706,0.10833590138674884,0.1079110719788686,-0.021320713185119966,0.040244331939247195,0.09588597842835131,0.11425269645608628,0.04720889280211314,0.046524323134492625,0.20047765793528505,-0.054032577591899625,0.0010675764913053048,-0.1926040061633282,-0.30910191503411844
#11,0.3881532027294739,1.0,0.2373299581774158,0.10704160246533127,0.029275808936825885,-0.08902047105436936,0.3478604446401057,0.36792648029936165,0.3029672022892362,0.20522562183579132,0.11953114681928241,-0.049832709663218136,-0.022813119084305524,-0.060713185119964784,-0.13942108738718909,-0.04512436715826546,0.22297600704380366,0.07819722650231124,0.14587057010785826,0.12691613471274488,-0.13434954875632843,-0.02482060312568787,0.03486022452124147,0.1729936165529386,-0.0187805414924059,0.11560202509355051,-0.15933964340744003,-0.03499229583975347,-0.15840854061193044,-0.03790226722430112,0.08737178076161127,-0.056141316310807834,0.22569227382786705,0.2857561082984812,-0.05595861765353291,0.07049306625577811,0.06414924058991855,0.026610169491525424,0.031071978868589038,0.00963680387409201,-0.00040721989874532247,0.06623816861104996,0.10844375963020031,0.14140215716486904,0.16991195245432533,0.0836649790887079,-0.10399295619634602,-0.07107858243451463,-0.11960818842174774,-0.14683028835571207,-0.018523002421307506,-0.06556900726392252,-0.1160180497468633,0.03981730134272507,-0.13165969623596743,0.08270526084085406,-0.20927580893682587,-0.0660840854061193,-0.0460774818401937,-0.042720669161347126,-0.07697116442879155,-0.001915034118423949,-0.061430772617213296,-0.12903587937486244,0.14293858683689192,-0.07323574730354392,0.08935725291657495,0.10589698437156064,0.13362755888179617,0.2291547435615232,0.14337001981069777,0.19016729033678187,0.12657715166189742,-0.004979088707902268,-0.07919436495707682,-0.06894122826326216,-0.09685890380805635,-0.08937046004842615,0.16186000440237727,0.3518710103455866,-0.18205370900286155,-0.06447941888619854,-0.11184679727052609,0.04035659255998239,0.18548756328417346,-0.17151441778560422,-0.2843297380585516,-0.08217257318952234,0.052458727712965,0.042727272727272725,0.040686770856262384,-0.22087607307946291,-0.12441998679286814,-0.2325511776359234,-0.1840810037420207,0.05186220559101915,0.21416685009905348,0.13349108518600045,0.0020669161347127447,0.08969843715606428,0.002639225181598063,-0.0275544794188862,0.17105436935945412,0.02027955095751706,-0.029969183359013867,0.13373541712524764,0.17900066035659257,4.402377283733216e-06,0.027697556680607527,-0.04964560862865948,-0.00761831388950033
#12,0.17854721549636804,0.2373299581774158,1.0,0.24642526964560862,0.08177415804534449,0.3245498569227383,0.07304424389170151,-0.017422408100374202,-0.10744001760950914,0.1804732555580013,0.2688685890380806,-0.09282412502751486,0.19382126348228043,0.016667400396213956,-0.5787981510015409,-0.2857230904688532,0.43254677525863966,0.5880299361655293,-0.23319172353070658,-0.04916134712744882,-0.0052696456086286595,0.10370019810697777,0.3312128549416685,0.4497160466651992,0.0676271186440678,0.08436275588817961,0.02097952894563064,0.06171472595201409,0.08826546335020911,0.18211974466211756,0.531023552718468,0.10425709883337002,0.3619040281752146,0.11732115342284834,0.018699097512656835,0.04335681267884658,-0.23247413603345807,-0.36003081664098613,-0.2182918776139115,-0.17329297820823245,0.13156504512436715,0.20789346246973367,0.07439577371780762,0.15798151001540833,0.07111820383006824,0.21819502531366938,-0.00598943429451904,-0.06376183138895003,0.20018710103455867,0.3959057891261281,0.34874532247413603,0.23077261721329517,0.24741800572309047,0.4250979528945631,-0.3545806735637244,0.3845894783182919,-0.2832775698877394,-0.1995245432533568,-0.14899625797930882,0.23112920977327758,-0.05001540832049307,-0.1787541272287035,-0.1591019150341184,0.08400836451683909,0.27380585516178735,0.05058111380145278,-0.17402157164869028,-0.292425709883337,-0.1212788906009245,-0.013416244772176976,0.4359255998239049,0.39523002421307507,-0.12198547215496368,0.08590358793748624,-0.30662117543473477,-0.1536583755227823,-0.12198767334360555,0.06215936605767114,0.17383887299141537,0.04491745542593,-0.1238696896324015,0.1493528505392912,-0.021223860884877835,0.05782742681047766,0.11811578252256219,0.09360774818401937,0.001430772617213295,-0.03079683028835571,0.33787145058331497,0.11092670041822585,0.035080343385428134,0.18088928021131412,0.1440391811578252,0.10864406779661016,-0.01880475456746643,0.6017257318952234,0.19949592780101255,0.379570768214836,0.3677239709443099,0.1389720449042483,0.410594320933304,0.6006779661016949,0.2451749944970284,0.36151882016288794,0.5423508694695135,0.2868038740920097,0.43816861104996696,-0.2063614351749945,-0.10924719348448161,-0.1472639225181598,-0.24697996918335902
#13,0.2369205370900286,0.10704160246533127,0.24642526964560862,1.0,0.17906889720449043,0.2087079022672243,0.012119744662117543,0.2278186220559102,0.008529605987233105,0.4090358793748624,0.2499141536429672,0.16348007924279112,0.15752366277790006,0.007404798591239269,-0.23497248514197666,-0.15904028175214616,0.3075808936825886,0.16729914153642966,0.13022232005282852,-0.0013493286374642306,-0.20449482720669163,-0.028122386088487782,0.1922342064714946,0.04402817521461589,0.17107197886858905,0.21246973365617433,0.3213911512216597,0.467211093990755,0.2552190182698657,0.09672463130090249,0.0213185119964781,-0.08886198547215496,-0.029667620515078142,0.05494166850099053,0.13880915694475016,0.24173893902707463,0.18990975126568346,0.0659586176535329,-0.0823134492626018,0.22880475456746643,0.011043363416244772,0.2097226502311248,-0.06480079242791108,0.04073079462909971,0.01197886858903808,0.09707021791767555,0.127706361435175,0.09226722430112261,0.132755888179617,0.14204930662557783,0.1826172132951794,0.11164869029275809,0.08929561963460268,0.2521549636803874,-0.14604226282192384,0.15744662117543473,-0.08547655734096413,-0.015111160026414263,-0.0038498789346246972,0.2194408980849659,-0.20893022232005282,-0.18266784063394234,0.07458507594100815,-0.10264802993616554,0.2691305304864627,0.03054589478318292,-0.04658595641646489,-0.03845476557340964,-0.16788906009244992,-0.08758309487123046,-0.16731014747963902,-0.06609949372661238,-0.16349548756328416,0.4394541052168171,-0.22397534668721109,-0.02971384547655734,-0.25041162227602903,-0.14474796390050626,0.1000528285274048,-0.006174334140435836,0.19358353510895884,0.13589698437156064,-0.129405679066696,-0.014144838212634823,0.0641140215716487,-0.1357164869029276,-0.13176755447941887,0.04275368699097513,0.08167070217917675,-0.02344486022452124,-0.07721109399075501,-0.030521681708122386,-0.0031961259079903146,-0.132524763372221,-0.06440017609509135,0.24955976227162668,0.17234426590358795,0.17880475456746645,0.2040677966101695,0.19253576931543034,0.2654259300022012,0.10714725952014087,0.008820162887959499,0.1870283953334801,0.1512524763372221,0.11785824345146378,0.3442637023992956,-0.2771076381245873,-0.06872331058771737,-0.2975016508914814,-0.38374202069117325
#17,0.05695795729694035,0.029275808936825885,0.08177415804534449,0.17906889720449043,1.0,0.0949966982170372,0.10777019590578912,0.046850099053488886,0.07302003081664099,0.07081443979749065,0.125148580233326,0.21931102795509574,0.1411666299801893,0.06956636583755228,-0.17261281091789565,-0.09846136913933524,0.11731895223420648,-0.17444860224521241,0.1361501210653753,-0.022687651331719128,-0.209768875192604,-0.13005062733876294,-0.015628439357252916,0.19979308826766454,-0.010202509355051728,0.2714241690512877,-0.00040721989874532247,0.02946731234866828,0.0003103675985031917,0.19034558661677306,-0.10447061413163108,-0.020677966101694915,-0.19422408100374203,-0.0037266123706801674,-0.12930222320052828,0.2039555359894343,0.1208100374202069,0.1586682808716707,0.17622716266784064,0.3882808716707022,0.07411842394893242,0.11478538410741801,0.0075368699097512655,0.10021351529826106,-0.07700638344706141,-0.006861104996698217,-0.05759850319172353,-0.06339203169711645,-0.13250275148580234,-0.12979308826766453,-0.2516156724631301,-0.17338983050847456,-0.1974686330618534,0.22650451243671582,-0.10327536869909751,0.05130970724191063,-0.009159145938806956,0.031776359233986355,-0.023187321153422848,0.0711204050187101,0.027420206911732335,-0.06761611270085846,0.1574950473255558,0.04672243011226062,-0.09304424389170152,-0.25264142637023995,0.03180277349768875,-0.06293638564825005,-0.2462689852520361,-0.05155183799251596,-0.25347127448822365,-0.2562755888179617,-0.13816861104996697,0.13103455866167732,0.06282192383887299,-0.12396874312128549,0.05464010565705481,-0.011804974686330618,0.16018710103455866,0.07874972485141976,0.08622055910191503,0.16731234866828087,-0.06415584415584416,0.10913933524103016,0.013299581774158045,0.22637684349548756,0.10361655293858683,0.030730794629099716,0.049275808936825885,0.23259520140876072,0.12729914153642968,0.05546995377503852,0.020977327756988774,0.08347127448822364,0.07483601144618093,0.011820383006823684,0.23066255778120184,-0.04710543693594541,0.02946731234866828,-0.030224521241470393,-0.08092449922958397,-0.24356812678846576,0.0987739379264803,-0.13484921857803214,-0.03577812018489985,-0.08705040721989875,-0.124719348448162,0.09589698437156065,0.035045124367158266,0.15825005502971604,0.0024565265243231345
#18,0.07142196786264583,-0.08902047105436936,0.3245498569227383,0.2087079022672243,0.0949966982170372,1.0,-0.10578032137354171,-0.1462293638564825,-0.10597622716266784,0.008569227382786706,0.05035219018269866,0.05322914373761831,0.3307175874972485,0.018950033017829628,-0.31224521241470393,-0.45489984591679505,0.16233105877173673,0.13762491745542593,-0.2587827426810478,-0.2531961259079903,-0.09354171252476337,-0.30396434074400175,0.08705701078582434,0.24321813779440898,-0.06155403918115782,0.07219678626458287,0.2503697996918336,0.33068677085626236,0.23199207572088928,0.26066035659256,0.3294783182918776,0.0016266784063394234,-0.033242350869469514,-0.03141316310807836,0.185544794188862,0.03416024653312789,-0.19105877173673783,-0.2290953114681928,-0.3228593440457847,-0.09345806735637244,0.045610829848117984,0.16546114902047104,0.2707880255337882,0.14595421527624916,0.10603125687871451,0.08819502531366938,0.2891635483160907,0.36321373541712526,0.3907836231565045,0.29552278230244333,0.3677812018489985,0.2714285714285714,0.2404424389170152,0.32705040721989875,-0.09532907770195906,-0.04048646268985252,0.1800462249614792,0.05819282412502751,-0.0066696015848558225,0.07909971384547655,0.0212326656394453,-0.06350869469513537,0.07002861545234426,-0.006198547215496368,0.343680387409201,0.14784063394232885,0.14619194364957078,-0.16551177635923398,-0.472854941668501,-0.23731454985692274,-0.02344486022452124,-0.12265463350209113,-0.107310147479639,0.20807836231565044,-0.13301782962799913,-0.17998459167950692,-0.31987893462469735,-0.14163548316090688,0.06190182698657275,-0.03036319612590799,-0.2728021131410962,0.34582874752366277,0.03988553819062294,-0.09316530926700418,0.13366057671142417,0.2565727492846137,0.27163108078362314,0.10394673123486683,0.12902927580893683,0.17589698437156065,0.06153202729473916,0.18852080123266565,0.07075500770416025,0.1963614351749945,0.1363746423068457,0.27977327756988773,-0.005232225401716927,0.169867928681488,0.17965001100594322,0.09251595861765353,0.29011005943209334,0.3630310367598503,0.3228285274047986,0.2084107418005723,0.3468214836011446,0.2641866607968303,0.2478692493946731,-0.14336341624477217,-0.15658155403918117,0.02587277129650011,-0.0664935064935065
#26,0.10951793968743122,0.3478604446401057,0.07304424389170151,0.012119744662117543,0.10777019590578912,-0.10578032137354171,1.0,0.26221219458507594,0.27998239049086504,0.25312568787145057,0.4150979528945631,0.18494827206691614,0.2442769095311468,0.10407660136473695,-0.1324125027514858,0.09357693154303323,0.09221219458507594,0.0026304204270305967,-0.1849042482940788,-0.08116662998018931,-0.02056350429231785,-0.06868589038080564,-0.03604226282192384,0.26300902487343164,-0.10448822364076601,0.08591239269205371,-0.14909090909090908,-0.1787277129650011,-0.13171252476337222,-0.03700198106977768,0.1372375082544574,-0.03493946731234867,0.19082104336341624,-0.1301386748844376,0.08922518159806296,-0.047349768875192606,0.09224081003742021,-0.018945630640545896,0.0512987012987013,0.026603565925599825,-0.09812898965441338,0.10473255558001321,0.14890600924499228,0.09252916574950473,0.14622716266784064,0.07456966762051508,-0.07768434954875633,-0.11841734536649791,-0.21089808496588158,-0.2087607307946291,-0.009881135813339203,-0.11388509795289456,-0.15691393352410302,-0.13548536209553158,-0.08526964560862867,-0.13492626018049747,-0.12239049086506713,-0.005641646489104116,0.007180277349768875,0.05614571868809157,-0.12903367818622055,0.1517939687431213,0.014519040281752146,-0.049148139995597626,-0.20986572749284613,-0.2022077922077922,0.03609949372661237,0.336286594761171,0.09931322914373762,0.39101694915254237,0.10554479418886198,0.0021417565485362094,0.25936385648250054,-0.06394453004622497,-0.013314990094651112,0.03190182698657275,-0.10176975566806075,0.0004820603125687871,0.3089984591679507,0.3561369139335241,-0.005368699097512657,0.0137112040501871,-0.03034338542813119,0.14460268545014307,0.13028175214615892,0.015324675324675324,-0.0739819502531367,0.08865067136253577,-0.09388729914153643,0.1221879815100154,-0.07928021131410962,0.010836451683909312,0.01187541272287035,0.11268545014307726,-0.17751265683469072,0.09192163768434955,0.19304204270305966,0.03708562623816861,0.003200528285274048,0.07543913713405238,0.01933964340744002,0.060224521241470395,-0.21906669601584855,0.21509575170592118,0.17699317631521022,0.054699537750385205,-0.13549636803874093,-0.04521901826986573,0.09625357693154303,0.0035064935064935067,-0.03717807616112701
#49,0.3803169711644288,0.36792648029936165,-0.017422408100374202,0.2278186220559102,0.046850099053488886,-0.1462293638564825,0.26221219458507594,1.0,0.23373981950253137,0.2371054369359454,0.412458727712965,0.26141976667400396,0.3294122826326216,0.18060092449922957,-0.12871890821043364,-0.18777679947171472,0.14380805635042923,-0.10405899185560202,0.17338542813119084,-0.042962799911952454,-0.41961259079903146,-0.14233546114902046,-0.029084305524983492,0.07254237288135593,0.17515958617653532,0.29791107197886857,0.021424169051287696,0.042703059652212196,0.1746335020911292,-0.0060004402377283736,-0.16620515078142198,0.1499933964340744,-0.04405679066696016,0.1613251155624037,0.1843099273607748,0.23971164428791547,0.21116883116883117,0.09290777019590579,0.2153268765133172,-0.02432313449262602,-0.03655954215276249,-0.008795949812898966,0.009594981289896545,-0.006396654193264363,0.14036979969183358,0.011780761611270086,-0.2045960818842175,-0.14131410961919436,-0.06539071098393132,-0.2617873651771957,0.011937046004842616,-0.21151441778560423,-0.21450803433854282,-0.13306405458947831,-0.12050407219898746,-0.16690512876953556,-0.29249394673123486,-0.1699933964340744,-0.07228483381025753,0.030477657935285053,-0.14892361875412724,-0.0801254677525864,0.23640766013647369,0.06263922518159806,-0.005058331499009465,-0.1720360994937266,0.07724631300902488,0.11172353070658156,0.11576051067576491,0.23580893682588597,-0.026733436055469954,0.009255998239049086,0.21395333480079243,-0.03169491525423729,-0.06745102355271847,0.028190622936385648,-0.15674664318732115,-0.23342945190402817,0.13632621615672463,0.20998459167950692,0.3211996478098173,0.06831829187761392,0.07130090248734317,0.47798151001540834,0.32787585296059873,-0.22086726832489545,-0.32640545894783185,0.006143517499449703,-0.1827360774818402,0.26517059211974464,0.040832049306625574,-0.17322033898305084,-0.10150121065375303,-0.3834228483381026,-0.09821483601144618,-0.14020250935505174,0.2089522342064715,-0.03568567026194145,-0.08005723090468853,-0.11381465991635484,-0.02161787365177196,-0.06565705480959719,0.0763944530046225,0.059271406559542154,-0.06513317191283292,-0.10535549196566146,0.03347787805414924,-0.014983491085186,0.11901606867708563,-0.17752366277790008,-0.037120845256438474
#50,-0.1011798371120405,0.3029672022892362,-0.10744001760950914,0.008529605987233105,0.07302003081664099,-0.10597622716266784,0.27998239049086504,0.23373981950253137,1.0,0.19902267224301123,0.2162029495927801,0.005425930002201189,0.15631961259079905,-0.22990314769975786,0.1939819502531367,-0.056381245872771296,0.11493946731234866,0.04441998679286815,0.06382786704820603,-0.22095311468192824,0.10800792427911073,-0.06928241250275148,0.05278450363196126,0.010385208012326657,0.1327360774818402,-0.1446555139775479,-0.21812458727712966,-0.2659586176535329,0.11596302003081664,-0.04265463350209113,0.04416685009905349,-0.053865287255117765,0.10053488883997358,-0.10302223200528285,0.18966982170372002,-0.10044684129429893,0.07843275368699097,-0.1876667400396214,0.031300902487343164,-0.05338762931983271,-0.014547655734096412,-0.0971978868589038,0.2325775918996258,0.14548756328417345,0.19522342064714945,-0.20560862865947613,-0.1311071978868589,-0.07210433634162448,-0.17859344045784722,-0.2854655513977548,0.0112326656394453,-0.08432093330398416,-0.07964120625137575,-0.11859784283513097,0.013755227823024433,-0.15998239049086507,-0.20970504072198987,-0.29227602905569006,-0.2186022452124147,-0.10255558001320714,0.16272507153863086,0.19478318291877614,0.03463570327977108,-0.015687871450583316,-0.1012194585075941,-0.07525643847677746,0.1932423508694695,0.29414263702399296,0.18694915254237288,0.1439753466872111,0.15929561963460268,-0.03264582874752366,0.30349548756328415,-0.04628659476117103,-0.001730134272507154,0.0537838432753687,-0.06106097292537971,-0.09075500770416024,0.29019590578912613,0.15394012766894122,-0.05698217037200088,-0.08732555580013207,0.02447281532027295,0.12251595861765353,-0.002976007043803654,0.12462029495927801,-0.036440677966101696,-0.09350869469513537,-0.19875852960598722,0.023123486682808718,-0.05444199867928681,-0.0713713405238829,-0.04832709663218138,-0.07508474576271186,-0.1573299581774158,-0.11147479639005063,0.010011005943209333,-0.0838168611049967,-0.033499889940567906,-0.024554259300022013,0.005135373101474797,-0.02622496147919877,-0.10705921197446622,-0.04712304644508034,0.03484261501210654,-0.04026414263702399,0.04655954215276249,0.21227823024433193,0.234851419766674,0.17503191723530706,0.1151683909311028
#51,0.09821043363416244,0.20522562183579132,0.1804732555580013,0.4090358793748624,0.07081443979749065,0.008569227382786706,0.25312568787145057,0.2371054369359454,0.19902267224301123,1.0,0.40979308826766453,0.17998899405679067,0.24659476117103235,0.32085186000440236,-0.06833149900946511,-0.2774466211754347,0.33059652212194585,0.05825665859564165,-0.08811578252256218,-0.3601122606207352,-0.11107418005723091,-0.24996918335901386,0.08718467972705261,0.04657495047325556,-0.13010785824345147,0.012282632621615672,0.21575390710983933,0.15999559762271626,-0.03580013207131851,-0.13693154303323796,-0.05657274928461369,0.017589698437156066,0.05225401716927141,-0.1736385648250055,-0.07879594981289896,-0.11526744441998679,0.14987673343605548,-0.06729473915914594,-0.12036979969183359,0.05664318732115342,0.18181818181818182,0.06837332159366058,0.05996257979308827,0.07422848338102575,0.3868214836011446,-0.02463350209112921,0.240297160466652,0.17322033898305084,0.23821703720008805,0.003189522342064715,0.08815320272947391,0.08337442218798151,0.14213955535989434,0.13440457847237508,-0.09652212194585076,0.08940567906669601,-0.09307506053268765,-0.2572507153863086,0.025014307726172132,0.15219678626458288,-0.10900726392251817,-0.1450363196125908,0.051399955976227166,-0.29267884657715165,0.16631961259079903,-0.12426590358793749,0.24679506933744222,0.16929121725731897,-0.10446401056570548,-0.012747083425049526,0.09386528725511777,-0.014298921417565485,0.0017543473475676865,0.1686154523442659,-0.0037442218798151,-0.05085846357032798,-0.17389830508474577,-0.26944970283953334,0.283779440898085,-0.031270085846357036,0.10890380805635043,-0.03854721549636804,-0.1257010785824345,-0.10644728153202729,0.061316310807836234,-0.1341074180057231,-0.08832269425489764,0.04963460268545014,0.05759850319172353,0.14325115562403698,-0.011463790446841295,-0.02952014087607308,-0.04112920977327757,-0.043130090248734314,-0.02384107418005723,0.15047105436935945,-0.040336781862205594,0.28773497688751926,0.11916354831609069,0.17340523882896763,0.3237640325775919,0.28162447721769757,-0.00889720449042483,0.304719348448162,0.1780277349768875,0.2055844155844156,0.23222320052828527,-0.2246929341844596,0.08478098173013428,-0.07101694915254238,-0.031386748844375964
#52,0.1308694695135373,0.11953114681928241,0.2688685890380806,0.2499141536429672,0.125148580233326,0.05035219018269866,0.4150979528945631,0.412458727712965,0.2162029495927801,0.40979308826766453,1.0,0.19295839753466873,0.24999559762271625,0.17812458727712965,-0.16993176315210212,0.022331058771736738,0.276997578692494,0.09311027955095752,0.0850759410081444,-0.13167730574510236,-0.13809156944750164,0.027552278230244334,0.05154083204930662,0.3375126568346907,0.05046885318071759,0.30078362315650453,-0.002313449262601805,0.013871890821043363,0.009319832709663219,0.06568346907329958,-0.018861985472154962,0.08290116662998019,0.10539951573849879,0.09082984811798371,0.049418886198547216,0.0965595421527625,0.07374862425709883,-0.013411842394893242,-0.049942769095311465,0.14454765573409642,-0.0012480739599383668,0.21485362095531588,-0.10810477657935286,0.2447457627118644,0.02620515078142197,0.2588817961699318,0.05611270085846357,0.032379484921857805,0.0536253576931543,0.00696896324014968,0.05132291437376183,-0.10306845696676205,-0.04422187981510015,-0.09673123486682808,-0.13461589258199427,0.06166189742460929,-0.2209487123046445,-0.12659035879374864,-0.31271406559542153,0.10180497468633062,-0.13998239049086506,0.054796390050627336,-0.021851199647809818,-0.03130750605326876,0.055214615892581996,-0.03310147479639005,0.003453664979088708,0.03710543693594541,-0.05276029055690073,0.37221219458507593,0.18598283072859345,0.05166409861325116,-0.0015958617653532908,0.08796169931763152,-0.1465397314549857,0.06764913053048646,-0.12053709002861546,-0.09766233766233766,0.200693374422188,0.1469733656174334,0.18439137134052389,0.1665265243231345,0.06276469293418446,0.13792207792207792,0.10015408320493066,-0.025428131190843056,-0.10760290556900727,-0.21092009685230023,0.007816420867268324,0.12079462909971385,-0.020981730134272507,-0.06606867708562623,-0.05306405458947832,-0.04264142637023993,-0.23696896324014968,0.15882456526524324,0.34622716266784065,0.12867708562623817,0.15094651111600263,0.002447721769755668,0.2745608628659476,0.21353731014747965,-0.0817147259520141,0.3084371560642747,0.32514637904468413,0.0923662777900066,0.03390710983931323,-0.10034338542813119,0.14489984591679506,-0.18403257759189962,-0.22236407660136473
#53,0.08886858903808056,-0.049832709663218136,-0.09282412502751486,0.16348007924279112,0.21931102795509574,0.05322914373761831,0.18494827206691614,0.26141976667400396,0.005425930002201189,0.17998899405679067,0.19295839753466873,1.0,0.37260840854061195,0.3264648910411622,0.013136693814659916,-0.18116662998018931,0.35512876953554917,-0.19116883116883118,-0.14896764252696457,-0.27200748404138236,-0.327211093990755,-0.2562139555359894,-0.07922518159806295,0.008738718908210433,-0.0641932643627559,0.14906009244992297,0.025945410521681707,0.028511996478098173,0.18079242791107197,-0.09534668721109399,-0.10061413163108078,-0.07163548316090688,-0.35936165529385866,-0.0362821923838873,-0.13809377063614353,0.09141976667400396,0.045300462249614794,0.1342328857583095,-0.03556460488663878,0.07578912612810917,-0.1510081443979749,0.053301782962799915,-0.13422408100374203,-0.001538630860664759,0.15964780981730134,-0.16523222540171692,0.06896544133832269,-0.1137640325775919,-0.032489544353951134,-0.24791767554479419,-0.07202509355051728,-0.28116222760290555,-0.20955756108298482,-0.10901826986572749,-0.21414924058991855,-0.32128769535549195,0.06438696896324014,0.028906009244992297,0.0874686330618534,0.1174025974025974,0.022865947611710322,-0.0022958397534668723,0.3373497688751926,-0.033878494386968966,-0.18017389390270747,-0.3712590799031477,0.30090028615452347,0.031943649570768215,-0.07940788025533788,-0.03044684129429892,-0.28290556900726394,-0.4253863086066476,-0.00850759410081444,-0.025480959718247854,0.07699317631521022,-0.05106537530266344,-0.14755007704160247,-0.26631080783623157,0.17089588377723972,0.209570768214836,0.5233039841514417,0.32091789566365836,0.15273167510455646,0.3655580013207132,0.3347611710323575,0.15856482500550298,0.06802553378824565,0.24534888839973587,0.05612590799031477,0.20703720008804755,0.2131653092670042,0.1657208892802113,0.09427911071978869,0.07736077481840194,0.006447281532027295,-0.20034338542813118,0.23211093990755008,-0.17722650231124806,-0.2609112920977328,-0.02181598062953995,-0.04685230024213075,-0.03273827867048206,-0.10421087387189082,0.0721417565485362,0.03294078802553379,-0.13182918776139116,-0.15405018710103455,-0.013444860224521241,0.1799867928681488,0.05787145058331499,-0.02077261721329518
#54,0.11843935725291657,-0.022813119084305524,0.19382126348228043,0.15752366277790006,0.1411666299801893,0.3307175874972485,0.2442769095311468,0.3294122826326216,0.15631961259079905,0.24659476117103235,0.24999559762271625,0.37260840854061195,1.0,0.2915562403697997,-0.18325996037860445,-0.5387893462469734,0.2046885318071759,0.08598943429451904,-0.28189522342064716,-0.5215980629539951,-0.30878934624697335,-0.4382940788025534,0.17316751045564605,0.15138895003301783,-0.0670856262381686,0.10578912612810917,0.18162447721769756,0.2403808056350429,0.3769623596742241,0.18267444419986792,0.15720669161347128,0.16562623816861105,-0.020484261501210653,0.001303103675985032,0.20244331939247193,0.22533788245652653,0.004930662557781202,-0.20109178956636584,0.03434294519040282,-0.1422143957737178,0.12542152762491746,0.16101254677525864,0.20788685890380806,0.006264582874752366,0.3965199207572089,0.045839753466872114,0.09711204050187101,0.12469953775038521,0.2698481179837112,0.06622055910191503,0.21861985472154963,0.10872551177635924,0.05142857142857143,0.14599823904908651,-0.2520493066255778,-0.07045344486022452,-0.10307726172132951,-0.17611930442438917,-0.053079462909971384,0.12111600264142637,0.04527624917455426,-0.12117543473475677,0.3360972925379705,0.1109751265683469,0.011598062953995158,-0.2536869909751266,0.2703367818622056,0.13960378604446402,-0.17285053929121727,-0.12901606867708562,0.05991195245432534,-0.11228923618754127,0.20259520140876072,0.04580673563724411,0.03739159145938807,-0.15737838432753687,-0.2712678846577152,-0.31383226942548975,0.38744882236407663,0.03785604226282192,0.17792427911071979,0.19258859784283514,0.13008364516839094,0.47462469733656176,0.5073035439137134,0.20973145498569226,0.054307726172132954,0.1903103675985032,0.06588817961699317,0.4914153642967202,0.11483381025753907,0.35035219018269864,0.22988994056790668,0.04550517279330839,-0.005987233105877174,0.049878934624697335,0.0973497688751926,0.12822143957737178,0.17445960818842174,0.14863746423068458,0.21664538850979528,0.25199427690953113,0.21482720669161348,0.16270085846357032,0.3956174334140436,0.023242350869469512,0.25672683248954437,-0.16808276469293418,0.1310477657935285,-0.050803433854281314,-0.07054809597182478
#58,0.06817521461589258,-0.060713185119964784,0.016667400396213956,0.007404798591239269,0.06956636583755228,0.018950033017829628,0.10407660136473695,0.18060092449922957,-0.22990314769975786,0.32085186000440236,0.17812458727712965,0.3264648910411622,0.2915562403697997,1.0,-0.1270195905789126,-0.2953158705701079,0.09244331939247194,-0.1345674664318732,-0.18311248073959938,-0.23196786264582875,-0.40883557120845254,-0.281963460268545,-0.16337882456526526,-0.19803213735417124,-0.24181598062953996,0.2476535329077702,-0.039784283513097075,0.0032819722650231126,0.007715166189742461,-0.1295267444419987,-0.182359674224081,0.025764913053048646,-0.16986572749284615,0.034391371340523884,-0.1816156724631301,-0.013814659916354832,0.0003455866167730574,0.04332159366057671,-0.06624697336561744,0.08670041822584196,0.06806295399515738,0.12973365617433413,-0.11029275808936825,-0.14659476117103235,0.0512062513757429,0.03355712084525644,0.014219678626458288,-0.08290777019590578,0.016612370680167292,-0.08112260620735197,-0.22869249394673125,-0.26583755227823025,-0.23506713625357692,-0.16039841514417785,-0.16603565925599825,-0.08765573409641206,0.18372220999339645,-0.045753907109839315,0.03535769315430332,0.02182918776139115,0.03794408980849659,0.13425489764472814,0.2011798371120405,-0.021727933083865288,-0.12924499229583974,-0.09901386748844376,0.47844155844155845,0.1633017829627999,-0.004827206691613471,0.010444640105657054,0.07764252696456087,0.06470834250495268,0.0811930442438917,0.033339203169711645,0.1879837112040502,0.04147039401276689,0.17189082104336342,0.03351529826106097,-0.011758749724851419,-0.11341184239489324,0.14368699097512658,0.10608848778340303,-0.028886198547215497,0.24364076601364737,0.372194585075941,0.06288135593220338,0.14834690732995817,0.1500792427911072,0.03823464670922298,0.2375478758529606,0.08948932423508695,0.18167730574510235,0.10027514858023333,0.05146599163548316,0.12267224301122606,-0.10928461369139335,-0.009539951573849879,-0.027915474356152322,-0.157574290116663,-0.09620074840413824,-0.10210213515298261,0.03834470614131631,-0.016962359674224083,-0.0040149680827646925,0.06261501210653753,-0.09533127889060092,-0.0874950473255558,0.06517499449702839,-0.024488223640766013,-0.010475456746643188,0.05023332599603786
#101,-0.3506141316310808,-0.13942108738718909,-0.5787981510015409,-0.23497248514197666,-0.17261281091789565,-0.31224521241470393,-0.1324125027514858,-0.12871890821043364,0.1939819502531367,-0.06833149900946511,-0.16993176315210212,0.013136693814659916,-0.18325996037860445,-0.1270195905789126,1.0,0.23271406559542152,-0.34434074400176096,-0.21189522342064715,0.2949790887079023,-0.07693814659916355,0.33003742020691174,0.08926700418225841,0.06688091569447502,-0.23222980409421087,0.26743341404358356,0.032460928901606866,-0.10753026634382566,-0.20538410741800572,-0.03378604446401057,-0.22873651771956857,-0.4748228043143297,-0.049029275808936824,-0.10147039401276689,-0.022507153863086066,-0.039302223200528286,-0.003026634382566586,0.10027294739159145,0.14031036759850318,0.3884415584415584,0.0925841954655514,0.1770988333700198,-0.114851419766674,-0.1788861985472155,0.08759189962579793,0.06869249394673123,-0.2059322033898305,-0.1786154523442659,-0.12354831609068898,-0.24061633281972264,-0.3336605767114242,-0.28296720228923616,-0.2210279550957517,-0.12992515958617654,-0.41400396213955537,0.40639885538190623,-0.13101694915254236,0.12742020691173234,-0.030374202069117322,-0.11574950473255557,-0.17425049526744443,0.13458507594100813,0.09279330838652873,0.23836011446180938,0.03430772617213295,-0.2569535549196566,-0.03093550517279331,0.16838872991415366,0.010413823464670922,0.269405679066696,-0.07221219458507594,-0.25108298481179836,-0.2983645168390931,0.006900726392251816,-0.34039841514417785,0.1609156944750165,-0.10044464010565705,0.07502091129209773,-0.19625357693154302,0.11748404138234647,0.047666740039621396,0.07558441558441559,-0.2837992515958618,0.031386748844375964,-0.22392031697116443,-0.2745146379044684,-0.1536451683909311,-0.15976447281532027,0.07248954435395114,-0.03520360994937266,-0.26148139995597625,0.07181598062953995,-0.24544794188861985,-0.08906669601584856,-0.15762931983270967,-0.03055910191503412,-0.28475236627779,-0.0348646268985252,-0.3826436275588818,-0.1642064714946071,-0.06368919216376843,-0.24649570768214837,-0.4481664098613251,-0.08019150341184239,-0.2892670041822584,-0.24821703720008806,-0.18523222540171694,-0.20605326876513316,0.09873871890821044,0.20074180057230906,0.0075544794188861985,0.2537926480299362
#102,-0.04108738718908211,-0.04512436715826546,-0.2857230904688532,-0.15904028175214616,-0.09846136913933524,-0.45489984591679505,0.09357693154303323,-0.18777679947171472,-0.056381245872771296,-0.2774466211754347,0.022331058771736738,-0.18116662998018931,-0.5387893462469734,-0.2953158705701079,0.23271406559542152,1.0,-0.14369359454105216,-0.15124807395993836,0.23425709883337,0.5277635923398635,0.2305194805194805,0.6329738058551618,-0.054681928241250274,0.0029782082324455207,0.1160642747083425,-0.06711644287915475,-0.3200594320933304,-0.31148580233325995,-0.22823464670922297,-0.22483821263482281,-0.25850539291217256,-0.24507153863086067,-0.009716046665199207,-0.08842394893242352,-0.1536385648250055,-0.1441646489104116,0.14251595861765354,0.27289016068677086,0.0474686330618534,0.23511336121505613,-0.24279110719788685,-0.13319612590799032,-0.31934844816200747,-0.016394453004622497,-0.3418600044023773,0.10562843935725291,-0.23084085406119303,-0.2898459167950693,-0.40186660796830287,-0.1843715606427471,-0.346979969183359,-0.16270526084085407,-0.17390710983931323,-0.31902267224301123,0.15629760070438037,0.12666519920757208,-0.06970063834470615,0.33426150121065373,-0.07446841294298921,-0.01801232665639445,-0.20778780541492406,0.09292537970504072,-0.2720449042482941,0.03731234866828087,-0.41143297380585514,-0.01423728813559322,-0.3551089588377724,0.06497468633061854,0.2793528505392912,0.36925379705040723,-0.23623156504512438,-0.04526744441998679,-0.10992956196346026,-0.11619194364957076,0.0784503631961259,0.24586396654193265,0.15246092890160687,0.3030178296279991,-0.21642526964560863,0.22865727492846136,0.018615452344265905,-0.09843275368699098,0.05218578032137354,-0.24308606647589698,-0.33644948272066916,-0.27415584415584415,-0.16950253136693816,-0.21055029716046667,-0.21516618974246093,-0.5000572309046886,-0.14651551837992516,-0.2517807616112701,-0.030732995817741582,-0.05277790006603566,-0.15142637023992955,-0.1140347787805415,0.08730794629099714,-0.26706361435174997,-0.17397314549856924,-0.2592559982390491,-0.39345806735637245,-0.3955425930002201,-0.37042482940788024,-0.22657715166189743,-0.3300154083204931,-0.22502531366938147,-0.3147765793528505,0.07862645828747523,0.06680387409200969,-0.07377283733215936,-0.0021527624917455426
#201,0.13593440457847236,0.22297600704380366,0.43254677525863966,0.3075808936825886,0.11731895223420648,0.16233105877173673,0.09221219458507594,0.14380805635042923,0.11493946731234866,0.33059652212194585,0.276997578692494,0.35512876953554917,0.2046885318071759,0.09244331939247194,-0.34434074400176096,-0.14369359454105216,1.0,0.20281972265023113,-0.10021571648690293,-0.12549196566145718,-0.182359674224081,-0.06811798371120405,0.24035219018269866,0.1529473915914594,-0.04183799251595862,0.0924191063174114,0.19947831829187762,0.0888729914153643,0.11593660576711425,0.12283072859344046,0.1685362095531587,-0.14346687211093992,-0.003986352630420427,-0.021107197886858903,-0.13657495047325555,-0.06531587057010786,0.040490865067136256,-0.25004182258419544,-0.07289016068677086,0.030041822584195466,-0.08432533568126789,0.01814439797490645,-0.04225181598062954,0.08066696015848558,0.1428615452344266,-0.11285714285714285,0.14215936605767115,-0.04853180717587497,0.23020250935505174,0.09588377723970944,0.17682588597842835,0.10551397754787585,0.175346687211094,0.10422848338102575,-0.2275808936825886,0.04193484481620075,-0.21912172573189523,-0.2551221659696236,-0.17227823024433195,0.021197446621175436,-0.11770856262381686,-0.10371560642747084,0.06776139115122166,0.010686770856262382,0.13367598503191724,-0.17161347127448823,0.019674224081003742,-0.04535989434294519,-0.03149240589918556,0.20064494827206691,0.12189962579793089,-0.04992295839753467,-0.11724411182038301,0.09207131851199647,-0.058606647589698434,-0.13665639445300462,-0.252062513757429,-0.21691613471274487,0.3373849878934625,0.1236649790887079,0.3157627118644068,0.18162667840633942,-0.05935505172793308,0.0998877393792648,0.049925159586176535,0.0537508254457407,-0.05949372661237068,-0.05953114681928241,0.242359674224081,0.2206801672903368,0.1103367818622056,0.06942548976447281,-0.06618754127228703,-0.07929782082324455,-0.23362095531587057,0.18698877393792648,0.12868148800352192,0.33598503191723533,0.19094651111600264,0.03326876513317191,0.24440677966101695,0.3756746643187321,0.021010345586616772,0.4004006163328197,0.33561082984811796,0.2142196786264583,0.30720669161347125,-0.17885097952894563,0.06083204930662558,-0.02912392692053709,-0.23947391591459388
