,#10,#11,#12,#13,#17,#18,#26,#49,#50,#51,#52,#53,#54,#58,#101,#102,#201,#202,#301,#302,#401,#402,#501,#502,#601,#602,#701,#702,#801,#802,#901,#902,#1001,#1002,#1101,#1102,#1201,#1202,#1301,#1302,#1401,#1402,#1501,#1502,#1601,#1602,#1701,#1702,#1801,#1802,#1901,#1902,#2001,#2002,#2101,#2102,#2201,#2202,#2301,#2302,#2401,#2402,#2501,#2502,#2601,#2602,#2701,#2702,#2801,#2802,#2901,#2902,#3001,#3002,#3101,#3102,#3201,#3202,#3301,#3302,#3401,#3402,#3455,#3501,#3502,#3601,#3602,#3701,#3702,#3801,#3802,#3901,#3902,#4001,#4002,#4101,#4102,#4201,#4202,#4301,#4302,#4401,#4402,#4501,#4502,#4601,#4602,#4701,#4702,#4801,#4802
#10,1.0,0.40975346687211095,0.25127668941228265,-0.015507373981950253,0.17092670041822583,0.15513097072419108,-0.10193264362755888,0.6847941888619855,0.5812634822804315,0.15085406119304423,0.4944441998679287,0.42050847457627116,0.28823244552058114,0.16139995597622717,0.19137354171252477,0.08663438256658595,0.11289016068677085,-0.23106977767994716,0.33530266343825665,0.23702839533348008,0.1415100154083205,0.17786704820603125,-0.12078802553378824,0.110462249614792,0.10544353951133612,0.07833810257539071,-0.1990512876953555,-0.17448382126348227,-0.041228263262161564,0.08147479639005063,-0.27525643847677744,-0.35198106977767996,-0.3706207351970064,-0.36510675764913053,-0.02043363416244772,-0.13992956196346026,-0.24073519700638343,-0.029995597622716266,-0.34141316310807834,-0.11196125907990315,-0.006409861325115562,0.006973365617433414,0.03339423288575831,0.06365397314549857,-0.15172132951793968,0.13293638564825005,-0.3063548316090689,-0.22488883997358575,-0.3227933083865287,-0.10705701078582434,-0.2180167290336782,0.08296940347787805,-0.22087387189082106,0.09961038961038961,0.08654633502091129,0.35674664318732113,-0.09714946070878275,0.08968302883557121,-0.1274620294959278,-0.11401056570548096,-0.3158925819942769,-0.3712062513757429,-0.025714285714285714,-0.10819502531366938,-0.08371560642747083,0.20411842394893243,-0.10410961919436496,-0.08476117103235747,0.297475236627779,0.2038895003301783,0.059742460928901606,0.31372220999339645,0.17038080563504293,0.24465771516618975,0.10491745542593,-0.04124147039401277,-0.20074400176095092,-0.3095597622716267,0.3047347567686551,0.3232049306625578,-0.2224785384107418,0.050004402377283735,0.08168170812238609,-0.23159366057671144,0.27034998899405677,-0.33012766894122825,-0.37596962359674224,0.1200396213955536,-0.07986792868148801,-0.10464230684569667,-0.03698877393792648,-0.27252036099493726,-0.019691833590138676,-0.12953995157384987,-0.16774598283072858,-0.08117543473475677,0.09125027514858024,-0.20544574069997798,-0.1763548316090689,-0.2565551397754788,-0.14469733656174333,-0.09293858683689192,-0.05577591899625798,-0.34432753686990974,-0.2747413603345807,-0.27479639005062734,-0.443119084305525,-0.054349548756328414,0.1316883116883117,-0.0551551837992516,0.07935945410521682
#11,0.40975346687211095,1.0,0.4469623596742241,0.37248073959938366,0.3527382786704821,0.017147259520140876,0.1960378604446401,0.1416222760290557,0.5550803433854281,0.49502531366938146,0.39441118203830067,0.11792868148800352,0.29697776799471715,0.18948712304644508,-0.03415804534448602,-0.09335241030156284,0.30213295179396876,0.18316751045564605,0.26686550737398196,0.04513537310147479,0.0762821923838873,0.14345586616773057,0.19320493066255778,0.40352410301562847,0.30269865727492845,0.4200550297160467,-0.060066035659256,-0.016863306185340085,-0.2485362095531587,0.08408320493066256,-0.16344706141316312,-0.18706801672903367,-0.16967422408100374,-0.07566806075280652,-0.07623156504512436,-0.1270922298040942,-0.1436913933524103,0.024169051287695354,-0.2518908210433634,-0.1424785384107418,-0.08009024873431653,-0.07666079683028836,0.025084745762711864,-0.006040061633281972,0.10041382346467093,0.16659916354831608,-0.3143605546995378,-0.3363746423068457,-0.41230464450803433,-0.16134932863746423,-0.13938806955756108,0.14505172793308385,-0.1406009244992296,0.3652322254017169,0.008126788465771516,0.08580893682588597,-0.3095729694034779,-0.25561963460268544,0.032190182698657276,0.055417125247633724,-0.032293638564825006,0.036522121945850756,-0.2650011005943209,-0.2045344486022452,0.07127668941228263,0.16764252696456086,0.01581554039181158,0.0899801893022232,0.31339203169711644,0.1448448162007484,0.3279815100154083,0.3630002201188642,0.03520801232665639,0.08484921857803214,-0.1309751265683469,-0.28764032577591897,-0.24563944530046225,-0.24933744221879814,0.3563636363636364,0.23269425489764473,-0.12169051287695355,-0.00710543693594541,0.03209112920977328,-0.1860048426150121,0.08917235307065816,-0.045093550517279334,-0.08937046004842615,-0.02728813559322034,-0.005833149900946511,0.06979969183359014,0.10290336781862205,-0.060541492405899185,-0.013565925599823905,-0.018322694254897645,-0.009024873431653093,0.17835130970724192,0.1936121505613031,0.1562029495927801,0.17083645168390932,-0.10540171692714066,-0.029502531366938145,0.18805635042923177,-0.2330244331939247,-0.06924499229583975,-0.08912832929782083,-0.04907329958177416,0.014941668500990535,0.15449262601804975,-0.0299273607748184,0.00028835571208452564,0.0783909311027955
#12,0.25127668941228265,0.4469623596742241,1.0,0.4884305524983491,0.02841074180057231,0.38888839973585737,0.046031256878714503,0.0824719348448162,0.15118203830068236,0.5407968302883557,0.33549416685009903,0.17770195905789127,0.4961369139335241,0.08697996918335901,-0.15690512876953555,-0.14138234646709222,0.6841976667400396,0.406139115122166,0.10945410521681709,-0.10171692714065596,-0.0726964560862866,0.30173673783843274,0.39855381906229365,0.374521241470394,0.22876513317191283,0.1987409200968523,0.02363416244772177,0.05409200968523002,0.047545674664318735,0.09327536869909751,0.054054589478318295,-0.008073959938366718,-0.10355712084525644,-0.15668721109399075,-0.07604886638784944,-0.2759211974466212,-0.3108518600044024,-0.25659035879374864,-0.19224521241470394,0.024375963020030818,0.09225621835791327,-0.18928461369139335,-0.0974554259300022,-0.237970504072199,-0.045071538630860664,-0.13587497248514196,-0.19710983931322915,-0.13981950253136693,-0.22926700418225843,-0.14807175874972486,-0.22218578032137354,0.14473035439137133,-0.014499229583975346,0.4621637684349549,0.04035659255998239,0.13740479859123927,-0.4659586176535329,-0.47709663218137793,-0.11167510455646049,-0.01515298261060973,-0.1502113141096192,-0.08851419766674004,-0.45302883557120843,-0.3659278010125468,0.4020691173233546,0.46405679066696015,-0.24217697556680606,-0.19171032357473036,0.07902047105436937,-0.10545014307726172,0.3876865507373982,0.4646929341844596,-0.10058551617873651,0.08976447281532027,-0.2798943429451904,-0.3922232005282853,-0.32802773497688753,-0.15846797270526083,0.20510015408320492,0.11983491085186,-0.12391811578252256,0.09863966541932644,0.16480519480519482,-0.11759850319172353,-0.12388069557561084,-0.167541272287035,-0.21885097952894564,-0.10428131190843055,-0.09329517939687432,-0.021406559542152762,0.1717741580453445,-0.11875632841734536,-0.11869689632401496,-0.11211754347347568,-0.09077041602465331,0.45628439357252915,0.278481179837112,0.44123486682808716,0.428102575390711,0.07269205370900286,0.23644948272066915,0.6122033898305085,-0.061937046004842615,0.21358353510895883,0.2205591019150341,0.18691833590138676,0.08131631080783623,-0.017453224741360334,0.02982390490865067,-0.06423508694695135,-0.045293858683689195
#13,-0.015507373981950253,0.37248073959938366,0.4884305524983491,1.0,-0.23033458067356372,-0.058518600044023775,-0.10581113801452785,-0.20293858683689192,0.007939687431212854,0.5535086946951354,-0.09262821923838872,-0.18821263482280431,0.16340523882896765,-0.19292097732775698,-0.023337001981069777,0.04818622055910191,0.36646489104116226,0.17739379264802993,0.30531587057010784,-0.013372220999339643,-0.04603345806735637,0.13600704380365397,0.19023332599603787,0.19758309487123046,0.1967708562623817,0.2560180497468633,0.20609509134932863,0.23826106097292538,-0.1141734536649791,0.20731895223420646,-0.08416464891041162,0.0006361435174994497,-0.0020691173233546114,0.10322474136033458,0.05605326876513317,-0.07950693374422188,0.01650231124807396,0.02947391591459388,0.03969403477878054,0.05486902927580894,-0.03090909090909091,-0.1362689852520361,-0.12725291657495047,-0.10877834030376403,-0.033420647149460705,-0.09488883997358574,-0.0010235527184679727,0.0029055690072639223,-0.18099713845476556,-0.28743121285494166,-0.08025313669381466,0.05046885318071759,-0.10273827867048206,0.25914593880695574,-0.03997138454765573,0.03881796169931763,-0.25350429231785165,-0.34284833810257537,0.16500110059432094,0.1746665199207572,0.12257539071098393,0.20757649130530487,-0.08563724411182039,-0.15670482060312568,0.33457186880915696,0.14853400836451683,-0.2039753466872111,-0.1316288795949813,0.13350649350649352,0.030838652872551178,0.0003940127668941228,0.08588597842835131,-0.1013449262601805,-0.08578032137354172,-0.24503631961259079,-0.41997138454765576,-0.11690953114681928,-0.006429672022892362,0.06028615452344266,0.14121065375302663,-0.33086726832489544,-0.12225181598062954,0.22986572749284614,-0.3399493726612371,-0.4324785384107418,-0.14751265683469073,0.013528505392912173,-0.20753246753246754,0.05839093110279551,-0.2013713405238829,-0.10550297160466653,-0.135313669381466,-0.13685009905348888,0.08050847457627118,0.16325555800132072,0.04605987233105877,0.23291877613911513,0.32586616773057453,0.40541272287034996,0.07848558221439578,-0.08194144838212634,0.22927360774818403,-0.13554259300022012,0.15901386748844376,0.19057010785824346,0.18762931983270967,0.09251595861765353,0.07791987673343606,0.044697336561743344,0.07839973585736297,0.12381906229363857
#17,0.17092670041822583,0.3527382786704821,0.02841074180057231,-0.23033458067356372,1.0,0.3016200748404138,0.1473827867048206,0.058542813119084304,0.28068236847897865,-0.036436275588817964,0.1644508034338543,0.3253268765133172,0.16202069117323353,0.3641118203830068,-0.19187101034558662,-0.16292978208232445,-0.01725952014087607,0.14576271186440679,-0.2433149900946511,-0.06981069777679948,-0.19819722650231125,-0.31411182038300683,0.13004402377283733,0.13320493066255779,0.06682808716707021,0.28767334360554697,-0.13291657495047327,-0.09769975786924939,-0.15996257979308826,0.19496147919876733,0.0011864406779661016,0.20028175214615893,0.1273167510455646,0.04679066696015849,-0.011543033237948492,0.10874972485141976,0.055141976667400394,0.10469733656174335,-0.13750605326876514,-0.17502751485802334,-0.06884217477437816,0.10326656394453004,-0.00941008144397975,0.060880475456746644,0.25465111160026416,0.2602377283733216,0.024666519920757208,-0.08267884657715166,-0.11504512436715826,-0.12420206911732336,-0.10283292978208232,-0.04736737838432754,-0.12611490204710543,-0.03561963460268545,-0.31985692273827865,-0.13762271626678407,-0.07061413163108078,0.054514637904468415,0.12300462249614792,0.1587012987012987,0.17646268985252037,0.1443165309267004,-0.017081223860884877,0.12879594981289896,-0.15160466651992074,-0.043209333039841515,0.30035219018269865,0.3139159145938807,0.04771516618974246,0.13264802993616553,0.25273827867048204,0.16179837112040502,0.16784723750825445,0.14333259960378605,0.13139335241030156,0.11185560202509355,0.03306625577812018,-0.130363196125908,0.14568567026194146,0.19499449702839533,0.19425489764472814,0.3443495487563284,-0.018261060972925378,0.20067576491305306,0.5168412942989214,0.28731895223420645,0.11140655954215277,0.20684569667620514,0.0575214615892582,0.4651529826106097,0.2566035659255998,0.1527294739159146,0.31418886198547213,-0.04972265023112481,-0.007103235747303544,0.13449922958397534,-0.07789566365837552,-0.019590578912612813,-0.08627779000660357,-0.052016288795949814,-0.02975346687211094,0.11005062733876293,0.05335241030156285,0.08809377063614351,-0.060944309927360774,-0.012738278670482061,0.16045124367158264,0.14246313009024875,-0.20687211093990754,-0.06188421747743782,0.010101254677525864
#18,0.15513097072419108,0.017147259520140876,0.38888839973585737,-0.058518600044023775,0.3016200748404138,1.0,0.2768567026194145,0.30874532247413605,-0.08638564825005503,0.054699537750385205,0.09964120625137575,0.3672463130090249,0.43483601144618095,0.2761699317631521,-0.34393352410301564,-0.3292802113141096,0.10160686770856263,0.28583755227823027,-0.3106405458947832,-0.14775478758529606,-0.2474884437596302,-0.005943209333039842,0.2659057891261281,0.27909971384547655,-0.1376535329077702,0.19607307946290997,-0.1812656834690733,-0.020165089148139994,0.3530068236847898,0.09855822143957738,0.24072198987453225,0.1211600264142637,-0.00112260620735197,-0.17713405238828966,0.01900066035659256,0.09847457627118644,-0.2721637684349549,-0.13919876733436057,-0.2540523882896764,0.050970724191063174,0.22329297820823243,-0.09073959938366719,0.258564825005503,-0.18531146819282412,0.06967642526964561,-0.027074620294959276,-0.09697776799471715,0.029557561082984813,-0.057646929341844594,0.14130750605326878,-0.07647809817301343,0.1564802993616553,0.09463130090248734,0.18834250495267443,-0.0966057671142417,-0.0028769535549196565,-0.15977988113581335,-0.07542152762491745,0.07565925599823906,0.06505172793308386,-0.16394012766894123,-0.21311248073959937,-0.1335263042042703,0.15472815320272948,-0.010455646048866387,0.2568677085626238,0.2771978868589038,0.12714946070878275,-0.0614241690512877,0.1391767554479419,0.4307660136473696,0.2664010565705481,0.11802333259960379,0.1265001100594321,0.004580673563724411,0.04591679506933744,-0.270396213955536,-0.18530486462689852,0.1828747523662778,0.2465133171912833,0.2657120845256438,0.578120184899846,-0.1269359454105217,0.37629099713845476,0.2708562623816861,0.019035879374862424,-0.1934998899405679,0.2548250055029716,-0.11692053709002861,0.3189522342064715,0.21690512876953555,0.09944970283953335,0.07189742460928901,-0.11780321373541712,-0.16253576931543035,0.3601122606207352,0.2611864406779661,0.17207792207792208,0.021490204710543692,-0.05892802113141096,0.10016508914814,0.3369931763152102,-0.07176975566806075,0.13991855602025094,-0.0033788245652652434,-0.005698877393792648,0.007966101694915254,-0.19616112700858462,0.0275808936825886,-0.1665265243231345,-0.07108298481179837
#26,-0.10193264362755888,0.1960378604446401,0.046031256878714503,-0.10581113801452785,0.1473827867048206,0.2768567026194145,1.0,-0.005390710983931323,0.04127008584635703,0.09298921417565485,0.1221681708122386,-0.10158485582214395,0.2623530706581554,0.49410301562843933,-0.1858221439577372,-0.35378824565265243,-0.005652652432313449,0.16022232005282852,-0.05794629099713845,-0.08931543033237949,-0.03482940788025534,-0.15661677305745103,0.18534228483381027,0.1552410301562844,-0.022141756548536208,0.20904908650671364,-0.03882456526524323,7.484041382346467e-05,0.13412722870349988,0.17024213075060532,0.21611710323574732,0.07501871010345587,0.1711270085846357,0.044725952014087605,0.1690292758089368,0.16043803653973146,-0.034281311908430555,-0.08552498349108519,0.18771736737838432,-0.001954655513977548,0.20946731234866828,0.222755888179617,0.2003367818622056,0.2201518820162888,0.12811138014527845,-0.03345366497908871,-0.04330838652872551,0.034798591239269205,-0.016205150781421967,0.009176755447941888,0.28000440237728375,0.13705921197446622,0.22345806735637244,0.14010785824345146,-0.09158045344486022,-0.15434514637904467,-0.22090028615452345,-0.15213295179396874,0.04797930882676645,0.037079022672243014,-0.07429011666299802,-0.012324455205811139,0.09408320493066256,0.1585494166850099,-0.18142857142857144,0.021791767554479417,0.3513317191283293,0.5077834030376404,-0.005668060752806516,0.14920757208892801,0.3191151221659696,0.14270085846357033,-0.13582434514637903,-0.1588597842835131,-0.12880255337882457,0.0510939907550077,-0.18329958177415803,-0.13395113361215055,0.2083909311027955,0.08688751926040061,-0.009053488883997358,0.14961259079903147,-0.4777195685670262,0.08243011226062073,0.002678846577151662,0.04680827646929342,-0.060132071318512,-0.22214836011446182,0.1646951353731015,0.0314703940127669,0.22558001320713186,0.1251287695355492,0.22571868809156945,-0.08296500110059432,-0.17848117983711204,0.17721549636803874,0.14132951793968743,0.2252542372881356,0.1211600264142637,0.14422848338102576,0.1350957517059212,0.260528285274048,-0.012170372000880475,0.09804754567466432,0.1252344265903588,0.19513757429011666,0.23065375302663438,-0.025238828967642526,-0.10458067356372441,-0.1786088487783403,-0.21092449922958398
#49,0.6847941888619855,0.1416222760290557,0.0824719348448162,-0.20293858683689192,0.058542813119084304,0.30874532247413605,-0.005390710983931323,1.0,0.3360488663878494,-0.054439797490644946,0.4906713625357693,0.6585009905348889,0.33576711424169053,0.215148580233326,0.08535108958837773,0.026176535329077703,-0.0646401056570548,-0.24334360554699538,0.0987277129650011,0.2156416464891041,0.08482060312568787,0.06439357252916575,-0.27629760070438036,-0.011338322694254898,-0.09806955756108299,-0.0387211093990755,-0.19904248294078802,-0.17181818181818181,0.18147479639005062,0.013951133612150562,-0.18954435395113362,-0.307739379264803,-0.43968082764692934,-0.43020030816640986,-0.11364736957957297,-0.11926480299361655,-0.2380563504292318,-0.044283513097072416,-0.44074840413823463,-0.14962359674224082,0.022262821923838872,-0.1026040061633282,0.22572969403477877,-0.033495487563284174,-0.14924719348448162,-0.10323574730354391,-0.24770856262381685,-0.11185780321373542,-0.08284833810257539,0.0006427470834250496,-0.1572639225181598,-0.05711204050187101,-0.11583094871230465,-0.20997578692493946,0.01425049526744442,0.17521241470394014,0.03064274708342505,0.17953554919656614,-0.19359454105216817,-0.23405018710103456,-0.19012987012987012,-0.4207616112700858,0.2391151221659696,0.058054149240589915,-0.17532467532467533,-0.014076601364736959,0.15821923838872992,-0.02850099053488884,0.23490204710543694,0.33925159586176534,0.051256878714505835,0.2952542372881356,0.3851860004402377,0.38484701738939026,0.2812150561303104,0.27619414483821264,0.06482720669161347,-0.192821923838873,0.20435615232225401,0.2916156724631301,0.022460928901606867,0.20381465991635483,-0.026867708562623816,0.004347347567686551,0.451171032357473,-0.15397754787585297,-0.36410081443979747,0.21484701738939027,-0.04583314990094651,0.08644067796610169,-0.1101584855822144,-0.006891921637684349,-0.11721329517939687,-0.15054589478318292,-0.3012722870349989,-0.2388994056790667,0.03640986132511556,-0.3075963020030817,-0.30858463570327976,-0.27329738058551617,-0.03430772617213295,-0.16974686330618535,-0.09397754787585295,-0.39454545454545453,-0.29273167510455644,-0.31202069117323356,-0.48158485582214394,-0.10404358353510895,0.2854853620955316,-0.117475236627779,-0.08334140435835351
#50,0.5812634822804315,0.5550803433854281,0.15118203830068236,0.007939687431212854,0.28068236847897865,-0.08638564825005503,0.04127008584635703,0.3360488663878494,1.0,0.2286286594761171,0.44043363416244774,0.2591151221659696,0.31142857142857144,0.19608628659476118,0.26655734096412065,0.03179616993176315,0.12760290556900727,-0.14871670702179177,0.4390006603565926,0.2433876293198327,0.34182478538410743,0.18422628219238388,0.017272727272727273,0.1435659255998239,0.3564054589478318,0.19631741140215717,-0.13081223860884877,-0.2213977547875853,-0.3711798371120405,-0.05254017169271406,-0.4728791547435615,-0.3904930662557781,-0.3154589478318292,-0.23640986132511557,-0.059271406559542154,-0.19380805635042922,-0.10534668721109398,-0.054400176095091346,-0.1689852520360995,-0.136616773057451,-0.23278010125467752,0.06630640545894784,-0.09410741800572309,0.14918776139115122,0.005575610829848118,0.2552850539291217,-0.35584855822143957,-0.36183138895003303,-0.39741140215716486,-0.24611710323574731,-0.14426370239929562,0.10366938146599164,-0.3607043803653973,0.1503367818622056,0.0885956416464891,0.15192824125027515,0.02951353731014748,0.041107197886858904,0.04284833810257539,0.09142857142857143,-0.18806955756108298,-0.14413603345806736,-0.010840854061193044,-0.21889940567906668,0.008813559322033898,0.1252872551177636,-0.11708782742681048,0.007499449702839533,0.40484261501210655,0.22110499669821704,0.1943517499449703,0.40441338322694254,0.17900726392251817,0.0913383226942549,0.11289676425269646,-0.1001518820162888,-0.10922077922077922,-0.25945630640545897,0.24200528285274048,0.08770416024653313,-0.30317411402157163,-0.1196962359674224,0.14544574069997798,-0.31279771076381246,0.11378604446401057,-0.2601474796390051,-0.2713141096191944,-0.04492846136913933,-0.06865947611710324,0.02656614571868809,0.1228483381025754,-0.2876051067576491,0.09195245432533568,-0.07830948712304645,-0.06813999559762271,-0.0950627338762932,0.017272727272727273,-0.2447083425049527,-0.15468192824125027,-0.31254677525863966,-0.19550737398195026,-0.17496808276469294,-0.17610609729253798,-0.32176975566806076,-0.2800682368478979,-0.28478318291877613,-0.23681047765793528,0.025987233105877174,-0.1613383226942549,-0.05747083425049527,0.11463570327977107
#51,0.15085406119304423,0.49502531366938146,0.5407968302883557,0.5535086946951354,-0.036436275588817964,0.054699537750385205,0.09298921417565485,-0.054439797490644946,0.2286286594761171,1.0,0.28593000220118864,0.08826546335020911,0.4449812898965441,0.0024081003742020693,-0.11063174114021572,-0.18987012987012988,0.5704358353510895,0.014155844155844156,0.1899471714725952,0.05111160026414264,0.15112480739599385,0.2797094430992736,0.35586836891921636,0.3896456086286595,0.4123442659035879,0.2022077922077922,0.269438696896324,0.1389654413383227,-0.3691657495047326,0.039733656174334143,-0.20393792648029938,-0.1435461149020471,-0.06701738939027074,-0.05255998239049087,-0.0049944970283953335,-0.3533634162447722,-0.08839533348007925,-0.1762755888179617,0.03018930222320053,0.06888399735857363,0.06473915914593881,-0.06653753026634382,-0.018179616993176315,-0.18728593440457847,0.20574290116663,-0.0910411622276029,-0.15894783182918776,-0.14818401937046005,-0.19922077922077921,-0.16841514417785605,-0.05600264142637024,0.26421527624917457,-0.015401716927140655,0.4605701078582434,0.16242791107197888,0.1723860884877834,-0.13145938806955756,-0.23695795729694036,0.0814505833149901,0.18275808936825885,0.04489324235086947,0.09148800352190183,-0.34312788906009245,-0.4198040942108739,0.17213955535989434,0.27607307946291,-0.2821175434734757,-0.044783182918776136,0.023009024873431653,-0.17302663438256657,0.10730354391371341,0.23681267884657714,-0.2062953995157385,-0.044714946070878274,-0.13814439797490646,-0.2768831168831169,-0.028809156944750166,-0.03151661897424609,0.2503081664098613,-0.11977327756988775,-0.25519700638344706,-0.0738036539731455,0.1907043803653973,-0.3487651331719128,-0.19118203830068237,-0.12062733876293198,-0.13799251595861764,-0.20105216817081223,-0.04250055029716047,-0.10671582654633502,0.16563724411182038,0.03728153202729474,0.13702619414483821,-0.06061633281972265,0.013783843275368699,0.10323354611490204,0.07733876293198327,0.25446180937706364,0.24273387629319831,0.14018049746863306,0.09070658155403918,0.3535285053929122,-0.2184899845916795,0.08227162667840635,0.050796830288355715,0.13653532907770197,0.11484261501210653,0.09141976667400396,-0.008489984591679507,-0.09755668060752806,0.010191503411842395
#52,0.4944441998679287,0.39441118203830067,0.33549416685009903,-0.09262821923838872,0.1644508034338543,0.09964120625137575,0.1221681708122386,0.4906713625357693,0.44043363416244774,0.28593000220118864,1.0,0.37936385648250054,0.38723090468853183,0.23402817521461589,0.05995817741580453,-0.07806075280651552,0.2840744001760951,-0.059867928681488006,0.08135152982610609,-0.029480519480519482,0.09736737838432753,0.21109839313229145,0.05428791547435615,0.20648910411622276,0.1838366718027735,0.07097072419106318,-0.1609156944750165,-0.09392692053709002,-0.08456746643187321,0.2021813779440898,-0.21712744882236407,-0.18190843055249836,-0.2124323134492626,-0.1011600264142637,-0.05101915034118424,-0.23481620074840415,-0.360561303103676,-0.09847017389390271,-0.23867048206031258,-0.087541272287035,-0.0055954215276249174,0.049982390490865065,0.1379771076381246,0.015828747523662777,-0.10729914153642967,-0.11770856262381686,-0.23758309487123047,-0.12734096412062515,-0.21572309046885318,-0.041468192824125026,-0.17251375742901168,0.1439225181598063,-0.0686154523442659,0.16145278450363196,-0.027613911512216597,0.187640325775919,-0.2387277129650011,-0.2042923178516399,-0.26022011886418667,-0.20832929782082324,-0.3221087387189082,-0.22147039401276689,-0.14614131631080785,-0.29664758969843713,0.05403697996918336,0.1795971824785384,-0.09007043803653973,-0.10407660136473695,0.1775148580233326,-0.04674884437596302,0.08651551837992516,0.3781488003521902,-0.07994497028395334,-0.04275808936825886,-0.15521901826986573,-0.11900286154523443,-0.20237068016729035,-0.190363196125908,0.40041822584195463,0.15732555580013208,-0.23104336341624476,-0.0336187541272287,0.1599735857362976,-0.22260180497468632,0.21534888839973584,-0.16023332599603787,-0.2411864406779661,-0.12932643627558882,-0.006570548095971825,-0.15142857142857144,0.23380145278450362,-0.13868589038080564,0.01012987012987013,-0.017827426810477658,-0.19777019590578912,-0.06263702399295619,0.13202289236187542,0.06765133171912834,0.17118203830068238,-0.04582654633502091,0.13373541712524764,0.07802113141096192,0.0249570768214836,-0.05691833590138675,0.06457627118644067,-0.01693814659916355,-0.053033237948492185,-0.08406119304424389,0.10422187981510016,-0.11447501650891481,-0.08497468633061854
#53,0.42050847457627116,0.11792868148800352,0.17770195905789127,-0.18821263482280431,0.3253268765133172,0.3672463130090249,-0.10158485582214395,0.6585009905348889,0.2591151221659696,0.08826546335020911,0.37936385648250054,1.0,0.5676139115122166,0.33425489764472816,0.0641008144397975,-0.1011864406779661,0.197937486242571,-0.16128769535549198,-0.04789346246973366,0.01895443539511336,0.057950693374422185,0.03088047545674664,-0.007101034558661678,0.08035879374862426,0.03058991855602025,-0.016319612590799032,-0.11303764032577591,-0.3298745322474136,-0.11205370900286155,-0.14815980629539952,-0.3756834690732996,-0.25283072859344047,-0.3860972925379705,-0.46472375082544576,-0.2162755888179617,-0.32577591899625796,-0.07337662337662337,-0.15896764252696455,-0.4188663878494387,-0.22436055469953775,-0.10543473475676865,-0.227640325775919,0.07762271626678406,-0.1961831388950033,-0.08052828527404798,-0.020946511116002643,-0.19459608188421748,-0.14506713625357692,-0.020312568787145057,-0.02804534448602245,-0.1752740479859124,-0.06976447281532028,-0.11550517279330838,-0.02425049526744442,0.027464230684569668,0.03163108078362316,0.0665595421527625,0.12075941008144397,-0.17780321373541713,-0.10135593220338983,-0.03067356372441118,-0.21011666299801893,0.0838696896324015,0.002879154743561523,-0.23958177415804535,-0.037246313009024874,0.17955756108298482,0.08173673783843276,0.16534448602245214,0.1718401937046005,0.2011732335461149,0.4035417125247634,0.3963658375522782,0.4937178076161127,0.30492185780321374,0.2423200528285274,0.12844155844155844,-0.12637904468412944,0.24066916134712746,0.06752366277790006,0.10377503852080124,0.24656394453004624,0.21164428791547435,0.04616552938586837,0.5284591679506934,0.05467972705260841,-0.23190843055249835,0.21627118644067797,-0.21091349328637465,0.41755668060752804,-0.16954435395113363,0.0686022452124147,-0.09191723530706582,-0.2032951793968743,-0.2592361875412723,-0.057616112700858466,-0.09375963020030817,-0.21907329958177416,-0.33065815540391813,-0.22443539511336122,0.03021351529826106,0.01240149680827647,-0.1861038961038961,-0.22675104556460488,-0.23408320493066256,-0.2975478758529606,-0.2777591899625798,-0.03191943649570768,0.04009685230024213,-0.14203169711644287,-0.060110059432093334
#54,0.28823244552058114,0.29697776799471715,0.4961369139335241,0.16340523882896765,0.16202069117323353,0.43483601144618095,0.2623530706581554,0.33576711424169053,0.31142857142857144,0.4449812898965441,0.38723090468853183,0.5676139115122166,1.0,0.33019810697776797,0.002443319392471935,-0.20470834250495268,0.4972881355932203,0.03919436495707682,0.14324895443539512,0.09173893902707463,0.22458507594100816,0.2785890380805635,0.29572088928021134,0.40126348228043146,0.3329165749504733,0.16032797710763813,0.00785163988553819,-0.17690072639225182,-0.2536715826546335,0.05683689192163768,-0.32830288355712084,-0.20576491305304864,-0.3851573849878935,-0.27191503411842394,-0.02079022672243011,-0.24803874092009684,-0.11389830508474576,-0.2763944530046225,-0.2114968082764693,-0.12764472815320274,-0.001730134272507154,-0.15782742681047765,-0.04711864406779661,-0.1098613251155624,0.04945410521681708,-0.03292758089368259,-0.35090688972044903,-0.28686770856262384,-0.20708562623816862,-0.20900946511116003,-0.090033017829628,0.2076205150781422,-0.16863306185340082,0.2668545014307726,0.06427470834250495,0.10045564604886639,-0.140132071318512,-0.16212634822804314,-0.03489324235086947,0.05894783182918776,-0.08762271626678407,-0.15137354171252476,-0.0987079022672243,-0.16593660576711425,-0.055318071758749726,0.32481399955976226,-0.007882456526524324,0.09116222760290557,0.17760290556900726,0.10528945630640546,0.3433193924719348,0.538432753686991,0.06588157605106758,0.23632401496808275,0.1098283072859344,0.0012524763372220998,0.05058991855602025,-0.15843055249834911,0.3188003521901827,-0.03630640545894783,-0.25669381465991636,0.0950759410081444,0.2854479418886198,-0.23847237508254457,0.07834250495267445,-0.1653995157384988,-0.2426040061633282,-0.1697820823244552,-0.140726392251816,0.1579837112040502,0.08828747523662778,-0.008117983711204051,0.12215276249174555,-0.21106537530266345,-0.20031036759850318,0.11486902927580894,0.16210653753026635,0.13007704160246533,0.00649570768214836,-0.10495927801012547,-0.0002465331278890601,0.36389830508474574,-0.21775038520801232,-0.17756988773937926,-0.07908650671362535,-0.15631961259079905,-0.17620515078142196,0.036836891921637686,-0.07679727052608408,-0.16191503411842395,-0.07486902927580893
#58,0.16139995597622717,0.18948712304644508,0.08697996918335901,-0.19292097732775698,0.3641118203830068,0.2761699317631521,0.49410301562843933,0.215148580233326,0.19608628659476118,0.0024081003742020693,0.23402817521461589,0.33425489764472816,0.33019810697776797,1.0,-0.11646268985252035,-0.26662777900066037,-0.06086946951353731,0.020475456746643188,-0.1524125027514858,-0.14206691613471276,-0.16294519040281752,-0.22640545894783182,0.09818842174774378,0.13316090688972046,-0.13190843055249835,0.21036759850319173,0.012819722650231125,-0.08339203169711644,0.02445300462249615,0.0663086066475897,-0.17885538190622938,0.0112524763372221,0.041899625797930884,-0.13257759189962579,0.021093990755007706,0.12558661677305746,0.03402377283733216,0.028498789346246972,-0.09736077481840194,-0.1913581333920317,0.025097952894563066,0.15048206031256878,0.18749064494827206,0.173416244772177,0.024598283072859346,0.15255778120184899,0.017459828307285933,0.10380805635042924,0.1063812458727713,0.04026414263702399,0.09465771516618975,0.0012678846577151661,0.20086946951353732,0.06763812458727712,-0.13959718247853842,0.025421527624917454,-0.23347787805414924,-0.03686330618534008,-0.1365727492846137,-0.1236385648250055,-0.09510675764913053,-0.1411336121505613,0.19977327756988775,0.24057451023552717,-0.15769315430332378,-0.0036121505613031036,0.3993990755007704,0.5688685890380806,0.1525841954655514,0.3127448822364077,0.29179176755447944,0.20259960378604447,0.22451904028175215,0.27383887299141535,0.1533436055469954,0.33734536649790886,-0.11416464891041163,-0.19275368699097511,0.27339203169711646,0.16701078582434514,-0.022722870349988995,0.18075941008144397,-0.29127668941228263,0.10481399955976227,0.30453664979088707,0.03812458727712965,-0.19364957076821485,-0.1728615452344266,0.14560422628219238,0.21134712744882236,-0.008892802113141095,0.011558441558441558,0.11228923618754127,-0.22912172573189524,-0.3182280431432974,0.16070878274268105,0.12212414703940128,-0.024585075941008144,-0.09064054589478318,0.05447281532027295,0.24419986792868148,0.09635923398635263,0.038980849658815764,0.03457847237508255,0.00659916354831609,0.05201408760730795,0.14095091349328637,-0.125016508914814,-0.10144838212634823,-0.24571868809156944,-0.1840281752146159
#101,0.19137354171252477,-0.03415804534448602,-0.15690512876953555,-0.023337001981069777,-0.19187101034558662,-0.34393352410301564,-0.1858221439577372,0.08535108958837773,0.26655734096412065,-0.11063174114021572,0.05995817741580453,0.0641008144397975,0.002443319392471935,-0.11646268985252035,1.0,0.4665529385868369,0.0063174114021571645,-0.07650451243671583,0.5247413603345806,0.24753907109839313,0.5204600484261501,0.1750693374422188,-0.2352784503631961,-0.07541052168170813,0.13158485582214396,0.2074620294959278,-0.31721109399075503,-0.382029495927801,-0.18766894122826328,-0.19021351529826105,-0.281666299801893,-0.13610609729253798,-0.2597116442879155,-0.1073497688751926,-0.18181818181818182,-0.030338983050847458,0.18782302443319393,0.2102575390710984,0.020066035659256,-0.11207131851199648,-0.4741360334580674,-0.21870349988994056,-0.2221681708122386,0.1386748844375963,-0.2473035439137134,0.22740039621395552,-0.32623156504512435,-0.3087607307946291,-0.28368258859784284,-0.08910631741140215,-0.21175654853620957,-0.122491745542593,-0.4430728593440458,-0.04712304644508034,0.20202069117323354,0.06624697336561744,0.07877173673783844,0.06814880035219019,-0.23287255117763592,-0.16181598062953995,-0.21369359454105216,-0.15300242130750605,-0.0810609729253797,-0.16545234426590358,-0.35952674444199867,-0.2193814659916355,-0.11534888839973585,-0.2017807616112701,0.5771054369359454,0.3288399735857363,0.14141536429672022,0.2626766453885098,0.17390710983931323,-0.01755227823024433,0.19931983270966322,-0.08229143737618314,0.0436649790887079,-0.13170812238608848,0.26450583314990095,0.1588135593220339,-0.17122826326216156,-0.24265243231344927,0.24600044023772838,-0.1606713625357693,-0.10737838432753687,-0.20372881355932204,-0.14302223200528286,-0.17513537310147478,-0.19220999339643408,-0.1696235967422408,-0.3324565265243231,-0.36270746202949594,-0.16049746863306186,-0.12423948932423509,0.037285934404578475,-0.2334800792427911,-0.034684129429892144,-0.4748470173893903,-0.24206471494607087,-0.333959938366718,-0.3435703279771076,-0.423794849218578,-0.1561435174994497,-0.3611138014527845,-0.14674884437596303,-0.26416905128769536,-0.2064406779661017,-0.015364296720228923,-0.29411842394893245,-0.07029275808936826,-0.0953070658155404
#102,0.08663438256658595,-0.09335241030156284,-0.14138234646709222,0.04818622055910191,-0.16292978208232445,-0.3292802113141096,-0.35378824565265243,0.026176535329077703,0.03179616993176315,-0.18987012987012988,-0.07806075280651552,-0.1011864406779661,-0.20470834250495268,-0.26662777900066037,0.4665529385868369,1.0,-0.18001540832049306,-0.15064274708342504,0.2790358793748624,0.3796962359674224,0.024486022452124147,0.25169931763152104,-0.4708034338542813,-0.1294408980849659,-0.2601893022232005,-0.013059652212194585,-0.15982830728593442,-0.14408980849658815,-0.06749944970283954,-0.16366277790006603,-0.08101474796390051,-0.07824125027514858,-0.17230244331939248,-0.17125027514858024,-0.15654413383226942,-0.13374862425709882,-0.10964560862865948,0.04678626458287475,-0.014375963020030816,-0.11553819062293638,-0.39235747303543916,-0.24895443539511336,-0.33297600704380365,0.08040061633281972,-0.23931983270966323,0.10440457847237508,0.07571868809156945,0.06946731234866828,-0.035804534448602245,0.004360554699537751,-0.19535549196566146,-0.3474290116662998,-0.2804468412942989,-0.12140435835351089,-0.04936385648250055,0.05433414043583535,0.03410741800572309,0.21072859344045786,-0.24398635263042043,-0.21665639445300464,-0.09198987453224741,-0.1236385648250055,0.05319612590799031,0.11559322033898305,0.057915474356152324,-0.018214836011446182,-0.2038102575390711,-0.3061171032357473,0.26099933964340744,0.32451023552718467,-0.152854941668501,-0.02759850319172353,0.2231565045124367,0.11931983270966322,0.0837244111820383,0.0029209773277569886,0.019035879374862424,0.02945630640545895,-0.13282632621615673,0.19805194805194806,-0.16740039621395553,-0.24389830508474578,-0.013429451904028175,-0.16167070217917676,-0.04047105436935945,-0.18541272287035,-0.10904248294078803,-0.039073299581774155,-0.1672903367818622,-0.3234272507153863,-0.30034778780541493,-0.29377944089808494,-0.1477129650011006,0.05406339423288576,0.005494166850099054,-0.303449262601805,-0.2291833590138675,-0.30332379484921856,-0.21733436055469954,-0.18279771076381246,-0.11595641646489104,-0.3746775258639665,-0.01972705260840854,-0.2644904248294079,-0.09310587717367379,-0.1903411842394893,-0.23067576491305306,0.065148580233326,-0.12999559762271626,0.1562623816861105,0.004514637904468413
#201,0.11289016068677085,0.30213295179396876,0.6841976667400396,0.36646489104116226,-0.01725952014087607,0.10160686770856263,-0.005652652432313449,-0.0646401056570548,0.12760290556900727,0.5704358353510895,0.2840744001760951,0.197937486242571,0.4972881355932203,-0.06086946951353731,0.0063174114021571645,-0.18001540832049306,1.0,0.24479418886198548,0.16405018710103456,-0.1541800572309047,0.06602905569007264,0.22914593880695575,0.2911358133392032,0.24662117543473475,0.4572617213295179,0.045454545454545456,0.25854721549636805,0.07119524543253357,-0.29329077701959055,0.16066255778120184,-0.17301122606207353,-0.026200748404138236,-0.06219898745322474,0.008139995597622716,0.05527184679727053,-0.3756020250935505,-0.09073959938366719,-0.13632621615672463,0.009757869249394674,0.024765573409641205,0.08092449922958397,-0.1058397534668721,-0.2633942328857583,-0.22277790006603565,-0.02047985912392692,-0.2090578912612811,-0.05741800572309047,-0.12627338762931983,-0.14903587937486243,-0.24974686330618534,0.006374642306845697,0.09508034338542813,-0.057616112700858466,0.3012304644508034,0.14711204050187102,0.09467092229804094,-0.28204270305965223,-0.45069557561082985,-0.12985692273827867,-0.05163988553819062,-0.08638564825005503,0.05856922738278671,-0.46789566365837554,-0.5710455646048866,0.24710983931322913,0.17927360774818402,-0.3338256658595642,-0.2373893902707462,-0.03997798811358133,-0.39407880255337885,0.17285934404578474,0.36063614351749945,-0.32679506933744223,0.062493946731234866,-0.3101452784503632,-0.40710323574730356,-0.12779661016949154,-0.0025952014087607307,0.21111820383006824,-0.0525643847677746,-0.2620559101915034,-0.13353731014747963,0.4243451463790447,-0.40788025533788247,-0.21627999119524544,-0.1693352410301563,-0.06023552718467973,-0.06341184239489324,-0.0985758309487123,-0.031961259079903145,0.10068016729033678,-0.1513053048646269,-0.13290997138454766,-0.07634382566585957,-0.07206251375742902,0.29672022892361877,0.13550077041602465,0.463020030816641,0.4357076821483601,0.21588377723970945,0.03910631741140216,0.5508166409861325,-0.03176535329077702,0.2923992956196346,0.27668060752806517,0.2614902047105437,0.09496808276469293,0.06844596081884217,-0.20839533348007924,-0.04578912612810918,-0.11053709002861545
