,#10,#11,#12,#13,#17,#18,#26,#49,#50,#51,#52,#53,#54,#58,#101,#102,#201,#202,#301,#302,#401,#402,#501,#502,#601,#602,#701,#702,#801,#802,#901,#902,#1001,#1002,#1101,#1102,#1201,#1202,#1301,#1302,#1401,#1402,#1501,#1502,#1601,#1602,#1701,#1702,#1801,#1802,#1901,#1902,#2001,#2002,#2101,#2102,#2201,#2202,#2301,#2302,#2401,#2402,#2501,#2502,#2601,#2602,#2701,#2702,#2801,#2802,#2901,#2902,#3001,#3002,#3101,#3102,#3201,#3202,#3301,#3302,#3401,#3402,#3455,#3501,#3502,#3601,#3602,#3701,#3702,#3801,#3802,#3901,#3902,#4001,#4002,#4101,#4102,#4201,#4202,#4301,#4302,#4401,#4402,#4501,#4502,#4601,#4602,#4701,#4702,#4801,#4802
#10,1.0,0.3836187541272287,0.17352190182698657,0.2637640325775919,0.28118423948932425,0.18121725731895225,0.18928021131410963,0.49039181157825223,-0.0005855161787365177,0.291386748844376,0.379735857362976,0.26806955756108297,0.18704820603125688,0.0858925819942769,-0.18393132291437375,-0.15936385648250054,0.3024389170151882,-0.010261941448382127,-0.062033898305084746,-0.006526524323134493,-0.17723310587717367,-0.018978648470173894,0.0962953995157385,0.09363196125907991,0.0776667400396214,0.02410741800572309,-0.12516618974246094,0.11132951793968743,0.012828527404798592,0.060827646929341846,0.02240149680827647,0.0012854941668500991,-0.07776359233986353,0.12939687431212854,-0.0740149680827647,0.006172132951793969,-0.1493528505392912,0.18406999779881136,-0.21981069777679949,0.1594739159145939,-0.06550957517059212,-0.022132951793968743,-0.23963240149680828,-0.16207131851199646,-0.004331939247193484,-0.2168412942989214,-0.10846357032797711,-0.05731675104556461,-0.08879815100154083,-0.2029583975346687,-0.37748624257098834,-0.11090468853180717,-0.41943649570768216,-0.0011930442438917014,-0.25717367378384326,0.1901122606207352,-0.11364296720228924,-0.022951793968743122,-0.12497688751926041,0.07024873431653093,0.03823244552058112,0.006086286594761171,-0.0400132071318512,-0.030600924499229583,0.08429672022892362,-0.12744441998679287,-0.06284613691393352,0.06209553158705701,-0.052648029936165526,-0.1806845696676205,-0.04739159145938807,-0.1426700418225842,-0.00212194585075941,-0.022995817741580455,0.03870349988994057,0.049079903147699756,-0.013191723530706582,-0.02590578912612811,0.01920757208892802,0.10235086946951354,-0.21705701078582434,0.11486462689852521,-0.09216376843495487,0.15469293418445962,0.12171472595201409,0.15104116222760292,-0.009594981289896545,0.09662117543473475,0.12565925599823904,-0.1351287695355492,-0.19939687431212855,0.02607307946290997,-0.07244992295839753,0.018100374202069117,-0.05255337882456527,-0.1249636803874092,0.0137508254457407,-0.13378384327536869,-0.04069337442218798,-0.3386176535329078,0.04272287034998899,0.15522342064714947,0.16365617433414043,-0.17419766674003961,0.05560422628219239,-0.09363636363636364,0.10841514417785604,0.020464450803433853,-0.10691393352410301,-0.030041822584195466,-0.0647787805414924
#11,0.3836187541272287,1.0,0.024527845036319613,0.1236583755227823,0.06375302663438256,-0.17012106537530267,0.3524675324675325,0.2961325115562404,0.1748316090688972,0.31850979528945633,0.19680607528065155,0.17259960378604447,0.07515958617653533,0.1125974025974026,-0.082689852520361,-0.04922518159806295,0.13627779000660356,-0.019951573849878935,0.07725071538630861,-0.11542813119084305,-0.22786924939467312,-0.013163108078362316,0.015309267004182258,-0.03473255558001321,0.14095311468192825,0.04582654633502091,0.002146158925819943,0.011681708122386088,-0.011182038300682368,0.19953775038520802,-0.3199603786044464,-0.24370900286154523,-0.2810301562843936,0.05894122826326216,0.0008034338542813119,0.08081003742020691,-0.06370239929561963,0.1655315870570108,-0.11039181157825226,0.0762953995157385,0.0388135593220339,0.24854501430772616,-0.08809156944750166,0.11771076381245872,-0.1465199207572089,-0.11026854501430773,0.008071758749724852,-0.11058991855602025,0.05591239269205371,0.013786044464010565,-0.19112700858463572,0.06602685450143077,-0.13433414043583536,-0.0787012987012987,-0.23966541932643629,0.0006317411402157164,-0.21782962799911953,-0.12383887299141537,-0.19069557561082984,-0.03819502531366938,-0.014268104776579353,-0.043587937486242574,0.04950913493286375,0.08509134932863746,0.046799471714725954,-0.1469733656174334,-0.0016795069337442218,0.13403477878054149,0.21583975346687212,0.11515958617653532,0.14500550297160467,-0.014111820383006823,0.002698657274928461,0.1501915034118424,0.10693594541052168,0.002328857583094871,-0.05663878494386969,0.034563064054589476,-0.06307285934404579,0.1554171252476337,0.07461589258199428,0.11771516618974247,-0.0833876293198327,-0.09406119304424389,-0.00224521241470394,0.19374862425709882,-0.15541272287035,0.11040942108738719,0.21809377063614352,0.07336121505613032,0.0709949372661237,-0.044840413823464674,0.015654853620955315,-0.1477988113581334,-0.2745432533568127,0.008025533788245652,0.020198106977767995,-0.05818842174774378,-0.0562293638564825,-0.08179837112040501,-0.02083645168390931,-0.19114241690512876,0.05964120625137574,-0.013220338983050847,-0.10953114681928242,-0.0926040061633282,-0.1074620294959278,0.025287255117763592,-0.08246973365617434,-0.18077041602465332,-0.3685560202509355
#12,0.17352190182698657,0.024527845036319613,1.0,0.1861435174994497,0.1698877393792648,0.12236187541272286,0.1161897424609289,-0.11641646489104117,0.0762887959498129,-0.1514043583535109,0.11278010125467752,-0.008498789346246973,-0.10902927580893683,-0.2238300682368479,-0.04908430552498349,0.005293858683689192,0.27789566365837554,0.7869513537310148,-0.33956856702619415,-0.16150121065375303,-0.16883557120845255,-0.12783623156504512,0.01908430552498349,0.010702179176755448,0.19839533348007923,-0.005045124367158265,0.12871670702179178,0.24676425269645608,-0.09826546335020911,-0.16502531366938147,0.14516618974246093,0.07148800352190182,0.1689126128109179,0.03021351529826106,-0.33331278890600924,-0.3117851639885538,-0.45145278450363197,-0.17854501430772618,-0.21904908650671362,0.17339643407440017,-0.1655580013207132,-0.1691173233546115,-0.12831388950033018,-0.3202135152982611,-0.26302663438256657,-0.4087805414924059,0.08325775918996257,0.04049306625577812,-0.008866387849438696,-0.08025313669381466,0.20200968523002422,0.1387805414924059,0.10293858683689192,0.4143869689632402,0.1329319832709663,0.3819238388729914,-0.18235747303543914,-0.44848778340303763,0.18987012987012988,0.21643847677745984,0.10204710543693594,0.10540391811578252,-0.5192868148800353,-0.432161567246313,0.09827646929341845,0.2272309046885318,-0.1694585075941008,-0.15234426590358793,0.11469513537310147,-0.22841294298921416,0.24279771076381246,0.20779881135813338,-0.3117719568567026,-0.010327977107638124,-0.5981664098613251,-0.24167290336781863,-0.23483601144618094,-0.1414175654853621,0.4230134272507154,0.17445080343385427,0.17792868148800353,0.011787365177195686,0.0663548316090689,0.0439423288575831,0.11393792648029936,0.09554919656614572,0.30414263702399297,0.04569887739379265,-0.04053048646268985,-0.333185119964781,-0.2797886858903808,-0.007902267224301122,-0.07348007924279111,0.3312590799031477,0.18308166409861326,0.7033722209993396,0.4534008364516839,0.4406823684789786,0.5020030816640986,0.04311248073959938,0.25485582214395774,0.425379705040722,0.3622782302443319,0.20109178956636584,0.13568567026194145,0.05642967202289236,0.03822143957737178,0.05675324675324675,-0.0627360774818402,0.18583314990094651,0.14615232225401717
#13,0.2637640325775919,0.1236583755227823,0.1861435174994497,1.0,0.30472154963680387,0.14238828967642528,-0.059264802993616555,-0.00112260620735197,-0.023158705701078582,0.282590799031477,-0.07498569227382787,0.22621835791327316,0.1763086066475897,-0.03476337222099934,-0.18470394012766894,-0.1580475456746643,0.34597182478538413,0.1718115782522562,-0.0673035439137134,0.04183359013867489,-0.16123706801672905,-0.06199647809817301,-0.032982610609729256,0.08885538190622937,-0.07755227823024433,0.00810477657935285,0.04861325115562404,0.27527624917455423,0.1677657935285054,0.15729253797050408,0.16310147479639006,0.07651111600264143,0.016020250935505173,-0.06258199427690952,0.01623816861104997,0.05287034998899406,-0.012555580013207132,0.09728593440457847,-0.20041382346467093,0.10191283292978208,-0.2099405679066696,0.06079903147699758,-0.019608188421747743,-0.04306185340083645,-0.06495927801012547,-0.13799911952454325,0.28714725952014086,0.2537684349548756,0.1418666079683029,0.12509355051727933,0.11863966541932644,0.2022540171692714,-0.01844375963020031,0.1590710983931323,-0.13832049306625577,0.08958837772397095,-0.20307065815540393,-0.3233942328857583,0.011551837992515959,0.2784239489324235,0.1505062733876293,0.028527404798591238,0.035936605767114244,0.06685009905348889,0.3887409200968523,0.22789786484701738,-0.04227823024433194,-0.17053048646268984,-0.04753907109839313,-0.14769535549196566,-0.18702179176755448,-0.07468853180717587,-0.2394585075941008,0.13049086506713625,-0.13636583755227824,-0.011780761611270086,-0.20515298261060974,-0.2349306625577812,-0.20230464450803434,0.04813999559762271,0.08663658375522783,0.16780101254677526,0.23399955976227163,0.11794629099713845,0.018095971824785385,0.279372661237068,0.10773497688751926,0.06852080123266564,0.174620294959278,-0.19497908870790226,0.02331499009465111,-0.06072859344045785,0.028199427690953113,0.13780541492405898,0.07576711424169051,-0.00586616773057451,0.17304424389170153,0.03332379484921858,0.11340964120625138,-0.059053488883997356,0.32240149680827646,0.27268545014307727,0.3080563504292318,0.0003852080123266564,0.07419106317411402,-0.03881576051067576,0.0838432753686991,-0.037217697556680605,-0.22029275808936827,0.019412282632621614,0.0161567246313009
#17,0.28118423948932425,0.06375302663438256,0.1698877393792648,0.30472154963680387,1.0,0.5132973805855162,0.23732115342284835,0.17199427690953115,0.1290446841294299,0.24942108738718907,0.053579132731675104,0.5160004402377284,0.43216596962359677,0.22944970283953334,-0.19198106977767995,-0.31873651771956857,0.31294959278010126,0.07536209553158706,-0.07729694034778781,-0.21655073739819503,-0.3839533348007924,-0.21668280871670703,-0.14761171032357473,-0.20054369359454105,-0.3132291437376183,-0.08411402157164868,-0.291188641866608,-0.17243011226062074,0.20186880915694475,0.3013053048646269,0.2133480079242791,0.39030596522121946,0.03666740039621395,0.06421527624917456,0.1394276909531147,0.28805855161787364,0.0899273607748184,0.46367598503191726,-0.3337596302003082,0.3005546995377504,0.07970724191063173,0.2803103675985032,-0.06287695355491965,0.16359674224081003,-0.034441998679286816,0.0030398415144177854,0.05841954655513978,0.004871230464450803,0.1741074180057231,-0.21339423288575832,-0.07047765793528506,-0.054439797490644946,-0.05929782082324455,-0.06619634602685451,-0.15666519920757208,0.03806955756108298,-0.10101915034118424,-0.15172353070658157,0.15100374202069117,0.18017829627999118,-0.06855381906229364,-0.11077481840193705,0.22575830948712305,0.32084745762711864,-0.029368258859784283,-0.09615452344265904,0.4127096632181378,0.1656944750165089,-0.10598283072859344,0.17760950913493287,-0.09734536649790887,-0.2209619194364957,0.05871010345586617,0.1186418666079683,0.058908210433634166,0.21844596081884218,-0.10239049086506713,-0.1920360994937266,-0.17828527404798591,0.2829605987233106,-0.023273167510455647,0.36384987893462467,0.16536429672022893,0.3255844155844156,0.6292339863526304,0.1654391371340524,0.12552278230244332,0.07223200528285274,0.39962579793088265,-0.04006823684789786,0.2679771076381246,0.10755007704160247,0.2821351529826106,-0.08703940127668941,-0.0026194144838212635,-0.15179176755447943,0.006656394453004623,0.0313317191283293,-0.08008364516839094,-0.11940127668941228,-0.1924653312788906,0.3744023772837332,0.21347567686550736,0.031001540832049305,-0.05667840633942329,0.11138014527845036,-0.2051882016288796,-0.1433810257539071,-0.030134272507153864,-0.14482060312568787,-0.12114461809377064
#18,0.18121725731895225,-0.17012106537530267,0.12236187541272286,0.14238828967642528,0.5132973805855162,1.0,0.09035219018269866,0.31992295839753465,0.17220118864186662,0.20647589698437155,-0.10081003742020692,0.39338762931983273,0.4326876513317191,0.3076909531146819,-0.28160686770856264,-0.3376557340964121,0.4109971384547656,-0.0650627338762932,-0.051899625797930886,-0.12325555800132071,-0.28801893022232006,-0.2111798371120405,-0.2523838872991415,-0.3230772617213295,-0.1637112040501871,-0.2248910411622276,-0.2971252476337222,-0.24261281091789566,0.5117675544794189,0.45404138234646707,0.67851419766674,0.5168324895443539,0.16853400836451685,0.08784063394232886,0.35112480739599383,0.2268897204490425,0.2624983491085186,0.23396213955535988,-0.2638014527845036,0.039238388729914156,-0.10507153863086066,0.04872551177635923,0.17012106537530267,-0.05973365617433414,0.056187541272287034,-0.041124807395993834,-0.10741800572309047,-0.12364736957957297,-0.026357032797710764,-0.11801672903367819,-0.05963680387409201,-0.15967862645828748,-0.23534448602245212,-0.10944309927360775,-0.14221219458507595,0.11946511116002641,-0.06548976447281532,-0.03356152322254017,0.02401056570548096,0.06006823684789787,-0.06469733656174334,-0.06343825665859563,0.1485956416464891,0.1695509575170592,-0.13225621835791326,0.0637442218798151,0.3213515298261061,0.03454765573409641,-0.051749944970283956,0.17508034338542813,-0.06857803213735417,-0.08360994937266124,0.2605458947831829,0.2548117983711204,0.17374422187981511,0.24446621175434735,0.09068897204490425,-0.15782302443319393,-0.06977988113581333,0.08848117983711204,-0.023396434074400178,0.5549196566145719,0.3137640325775919,0.6792053709002862,0.4049438696896324,0.051848998459167954,0.1592295839753467,-0.09937266123706802,0.1834206471494607,-0.10633942328857583,0.03508694695135373,0.4260752806515518,0.29701078582434515,-0.04685450143077262,0.0363878494386969,-0.14395993836671803,-0.23034338542813118,-0.13675324675324677,-0.22356372441118205,-0.19907550077041603,-0.20971384547655733,0.33042042703059654,0.14276029055690073,-0.4606647589698437,-0.18109619194364956,-0.22127008584635705,-0.1524191063174114,-0.08107638124587277,0.19429011666299803,-0.020880475456746643,-0.013882896764252696
#26,0.18928021131410963,0.3524675324675325,0.1161897424609289,-0.059264802993616555,0.23732115342284835,0.09035219018269866,1.0,0.2707065815540392,0.47337882456526525,0.4393748624257099,0.5506911732335461,0.1110081443979749,0.28437376183138896,0.4733215936605767,-0.027305745102355273,0.054446401056570545,0.10776579352850539,-0.012650231124807397,0.24568126788465772,-0.09916574950473256,-0.29661677305745104,0.16279771076381247,-0.07680167290336781,-0.07176755447941889,-0.07204270305965221,0.1286286594761171,-0.36509795289456304,-0.15437596302003082,0.010887079022672243,0.16718247853841073,-0.26835571208452563,-0.22468853180717588,-0.08476777459828307,0.14506493506493506,0.09470834250495268,0.24638344706141316,-0.02040281752146159,0.23036539731454986,-0.24910851860004402,0.08221439577371781,0.13474796390050628,0.16770416024653312,-0.22926040061633282,0.2234074400176095,-0.2811005943209333,0.11642306845696676,-0.13459167950693374,-0.16697556680607528,-0.1538168611049967,-0.30119084305524985,-0.2396103896103896,-0.21813339203169713,-0.19359454105216817,-0.14445740699977988,-0.2773475676865507,0.014492626018049747,-0.26092229804094214,0.1159850319172353,-0.4123134492626018,-0.28828087167070215,-0.19433414043583536,-0.09734756768655074,0.1385692273827867,0.21922518159806295,-0.22441338322694254,-0.3482258419546555,0.33732775698877393,0.507129650011006,0.39101254677525865,0.2749922958397535,0.29737178076161125,0.08712965001100595,0.13929341844596083,-0.032729473915914596,0.0921087387189082,-0.00311468192824125,-0.08820603125687872,0.03334140435835351,0.15464891041162226,0.3818710103455866,0.06228263262161567,-0.02517939687431213,-0.12515958617653533,0.11753907109839314,0.2938806955756108,0.04928681488003522,-0.1793880695575611,-0.17023332599603785,0.36232445520581114,0.1004094210873872,0.0386946951353731,-0.19162667840633943,0.005934404578472375,-0.30430112260620734,-0.3443341404358354,-0.1411930442438917,0.02795729694034779,-0.2413713405238829,-0.225214615892582,-0.1531653092670042,-0.4254501430772617,-0.1573563724411182,0.01736517719568567,-0.17717367378384327,0.08014968082764692,0.012515958617653533,-0.057226502311248074,-0.14675985031917235,0.13843935725291656,-0.33987233105877174,-0.41499229583975344
#49,0.49039181157825223,0.2961325115562404,-0.11641646489104117,-0.00112260620735197,0.17199427690953115,0.31992295839753465,0.2707065815540392,1.0,0.5421835791327316,0.3617015188201629,0.3187057010785824,0.4592802113141096,0.35294959278010124,0.43118203830068236,-0.23650231124807397,-0.2895575610829848,0.19471494607087828,-0.3268016729033678,0.2665419326436276,-0.08416464891041162,-0.13987012987012987,-0.051138014527845034,0.03411182038300682,-0.18079462909971383,-0.014677525863966543,-0.2626172132951794,-0.27691833590138676,-0.23558001320713184,0.2854677525863967,0.4316685009905349,0.07034338542813119,0.013968743121285494,-0.24469073299581773,-0.01471054369359454,0.2364208672683249,0.19326656394453004,0.12005943209333039,0.13573189522342063,-0.15211314109619195,-0.08229804094210874,0.13242350869469513,0.24406339423288576,0.08362315650451244,0.06985912392692054,0.20813779440898084,0.06209553158705701,-0.28866387849438696,-0.2775852960598723,-0.23680167290336782,-0.2971252476337222,-0.3749328637464231,-0.25362755888179617,-0.4503433854281312,-0.230198106977768,-0.30573629760070437,0.00425049526744442,-0.12244992295839753,0.07843495487563285,-0.2509993396434074,-0.18128109178956636,-0.12446621175434734,-0.087541272287035,0.34804754567466434,0.3805172793308387,-0.0964208672683249,-0.10313669381465991,0.23018930222320053,0.2495641646489104,0.08859123926920537,0.23330398415144177,0.16565925599823905,-0.018936825885978427,0.33491965661457185,0.14963460268545015,0.33882896764252696,0.06786924939467312,0.049504732555580015,-0.1674554259300022,0.07579572969403478,0.05282412502751486,-0.07635483160906889,0.36645608628659476,0.029561963460268546,0.29622496147919875,0.18004842615012107,0.21192824125027515,-0.2130442438917015,0.22106977767994718,0.08711864406779661,0.08738498789346247,0.07355712084525644,0.13903808056350428,-0.029922958397534668,-0.27465331278890603,-0.2245102355271847,-0.2986440677966102,-0.37313009024873434,-0.24698657274928462,-0.33958837772397094,-0.37166409861325117,-0.318465771516619,-0.08039841514417785,-0.16983050847457626,-0.47198106977767995,-0.0623530706581554,-0.30846136913933525,-0.14258199427690954,-0.1040281752146159,-0.04354391371340524,-0.14464450803433854,-0.26029275808936825
#50,-0.0005855161787365177,0.1748316090688972,0.0762887959498129,-0.023158705701078582,0.1290446841294299,0.17220118864186662,0.47337882456526525,0.5421835791327316,1.0,0.19983050847457628,0.42289236187541274,0.16459388069557562,0.27569227382786704,0.41907329958177414,0.013088267664538852,-0.10210873871890822,0.027356372441118205,-0.04317191283292978,0.3356042262821924,-0.25815100154083204,-0.13379925159586176,0.02715826546335021,-0.082161567246313,-0.19988994056790668,0.024166850099053488,-0.10325115562403699,-0.28648910411622275,-0.2893154303323795,0.20397094430992735,0.2377922077922078,-0.0112987012987013,-0.12544794188861985,-0.09661016949152543,0.0664076601364737,0.2252872551177636,0.2067246313009025,0.10515958617653533,0.10099713845476557,-0.07337001981069778,0.039729253797050404,0.0876007043803654,0.17962359674224082,0.14464450803433854,0.13680827646929342,-0.05677525863966542,0.07398635263042043,-0.13506053268765134,-0.27746423068456966,-0.30527184679727054,-0.3758023332599604,-0.1774290116662998,-0.20939907550077042,-0.24300462249614793,-0.2404358353510896,-0.2606207351970064,-0.13475016508914814,-0.26379484921857804,-0.13131410961919437,-0.27517939687431214,-0.2192559982390491,-0.18678846577151662,-0.08857362976007044,0.18315430332379484,0.3586572749284614,-0.20293638564825006,-0.22520581113801452,0.23016949152542374,0.2917477437816421,0.34221879815100154,0.30230024213075063,0.28835571208452565,0.12660136473695796,0.2820030816640986,0.15444199867928682,0.15619854721549636,-0.027270526084085405,0.0038366718027734977,-0.19235086946951355,0.08673783843275369,0.19412502751485802,-0.07346907329958177,0.21086506713625358,0.07411622276029056,0.13940347787805416,0.06738058551617873,0.10891481399955977,-0.14155183799251597,-0.14740699977988114,0.16383447061413164,0.06010785824345146,0.16403257759189963,-0.06695135373101475,0.09166629980189302,-0.27956856702619415,-0.23791987673343606,-0.10787585296059872,-0.22012987012987012,-0.25294519040281754,-0.24924279110719788,-0.24986352630420428,-0.37207351970063834,-0.16530486462689853,-0.0032203389830508474,-0.3319832709663218,-0.010680167290336781,-0.14415144177856043,-0.17070658155403917,-0.13322914373761832,0.08982610609729254,-0.23318732115342286,-0.3240876073079463
#51,0.291386748844376,0.31850979528945633,-0.1514043583535109,0.282590799031477,0.24942108738718907,0.20647589698437155,0.4393748624257099,0.3617015188201629,0.19983050847457628,1.0,0.357838432753687,0.3893550517279331,0.44014087607307945,0.4815914593880696,-0.20556900726392252,-0.2822540171692714,0.4209178956636584,-0.2981554039181158,0.16828307285934405,-0.034219678626458284,-0.28476337222099934,0.02833370019810698,-0.19041602465331278,-0.2825709883337002,-0.17187541272287035,-0.1586748844375963,-0.47241250275148583,-0.15664098613251157,0.22961259079903149,0.3746929341844596,-0.0779242791107198,-0.1461633281972265,-0.13115562403697997,0.025683469073299582,0.30778340303764035,0.10435615232225402,0.23175874972485142,0.16997578692493948,-0.11825445740699977,-0.09069997798811358,0.2768170812238609,0.18321153422848338,0.017195685670261942,0.06039621395553599,-0.053761831388950035,-0.07855161787365177,-0.1774818401937046,-0.05463790446841294,0.0473365617433414,-0.0875148580233326,-0.18717147259520142,-0.03569887739379265,-0.2208430552498349,-0.05831829187761391,-0.2200726392251816,-0.04269865727492846,-0.11548316090688972,0.05495267444419987,-0.20900726392251817,-0.17081003742020692,-0.10955756108298481,-0.17259520140876072,0.2980827646929342,0.2732753686990975,0.08854281311908431,-0.09208672683248954,0.1805657054809597,0.17380145278450362,0.13943649570768216,0.20109839313229144,0.15886858903808057,-0.05544794188861985,0.32832929782082326,0.21132291437376183,0.315478758529606,0.17810477657935286,0.06624477217697557,0.047373981950253136,-0.061454985692273825,0.0016751045564604888,0.02891701518820163,0.17203389830508475,0.006341624477217697,0.09076381245872771,0.2141140215716487,0.1804358353510896,-0.2293660576711424,0.0938036539731455,0.4137508254457407,0.2583931322914374,0.12951133612150562,-0.14661677305745102,-0.19234866828087166,-0.2948095971824785,-0.192326656394453,-0.2538806955756108,-0.1740677966101695,-0.16829848117983712,-0.3554193264362756,-0.04776579352850539,-0.12788685890380805,0.06468853180717588,-0.07327977107638124,-0.17615232225401717,-0.06561303103675985,-0.10093770636143518,0.0525379705040722,-0.13086066475896985,-0.18231565045124368,-0.16175214615892583,-0.20848117983711204
#52,0.379735857362976,0.19680607528065155,0.11278010125467752,-0.07498569227382787,0.053579132731675104,-0.10081003742020692,0.5506911732335461,0.3187057010785824,0.42289236187541274,0.357838432753687,1.0,0.11977767994717148,0.208366718027735,0.3178978648470174,0.08237068016729034,0.17929121725731895,0.07459167950693374,-0.06497908870790227,0.18016068677085625,0.01359454105216817,-0.05244992295839754,0.23952894563064053,-0.023460268545014307,-0.03845476557340964,-0.10533127889060093,-0.04311248073959938,-0.4226436275588818,-0.2639555359894343,-0.13911512216596963,-0.13543033237948493,-0.3042372881355932,-0.3956042262821924,-0.20442438917015188,-0.08576271186440677,0.03426150121065375,-0.04727272727272727,-0.09030156284393573,-0.025445740699977987,-0.08404358353510896,-0.06168831168831169,0.2978560422628219,0.05671802773497689,-0.09099053488883997,-0.01516618974246093,-0.19788025533788245,-0.08501871010345587,-0.2801386748844376,-0.23110939907550077,-0.30875632841734535,-0.39847457627118643,-0.43358133392031695,-0.28201408760730795,-0.4131168831168831,-0.11016508914814,-0.267805414924059,-0.0006823684789786484,-0.15389390270746203,0.10801012546775259,-0.23428131190843055,-0.3072595201408761,-0.061547435615232224,0.0019744662117543474,0.014061193044243891,0.04159586176535329,-0.20543693594541051,-0.43900946511116,0.0362821923838873,0.2809112920977328,0.2743099273607748,0.012192383887299141,0.3275941008144398,0.05574069997798811,0.2464406779661017,0.024492626018049746,0.1660378604446401,0.04154743561523223,0.14460488663878496,0.13274047985912393,0.19300462249614792,0.13155844155844157,0.10526084085406119,-0.07826326216156725,-0.124521241470394,-0.00848778340303764,0.0512392692053709,0.12865067136253577,-0.11507373981950253,0.07558001320713185,0.2446158925819943,0.017415804534448603,-0.04105216817081224,-0.24442438917015188,-0.2637640325775919,-0.20904028175214615,-0.2620713185119965,-0.10888839973585736,-0.06560642747083426,-0.2678912612810918,-0.2916134712744882,-0.24004842615012106,-0.2563482280431433,-0.1645080343385428,-0.1607329958177416,-0.21447281532027296,-0.03983050847457627,-0.058375522782302444,0.018467972705260842,-0.062000880475456745,-0.09955976227162668,-0.1317609509134933,-0.12491525423728814
#53,0.26806955756108297,0.17259960378604447,-0.008498789346246973,0.22621835791327316,0.5160004402377284,0.39338762931983273,0.1110081443979749,0.4592802113141096,0.16459388069557562,0.3893550517279331,0.11977767994717148,1.0,0.5524675324675324,0.43056130310367596,-0.2917279330838653,-0.3526612370680167,0.14035219018269865,-0.24765133171912834,-0.10276909531146819,-0.2980497468633062,-0.30551837992515957,-0.2400198106977768,0.04192604006163328,-0.3072903367818622,-0.25203609949372663,-0.2721571648690293,-0.3473717807616113,-0.38755227823024435,0.2572903367818622,0.4646224961479199,0.07074840413823465,0.05225401716927141,-0.14421527624917455,0.10990534888839974,0.22217037200088047,0.11044904248294078,0.12327536869909751,0.2739731454985692,-0.12642526964560863,0.044116222760290556,0.27501430772617214,0.31242791107197887,-0.05791767554479419,0.00828087167070218,0.16839973585736298,-0.04331499009465111,-0.10255558001320714,-0.10013427250715386,0.05944309927360775,-0.13062733876293198,0.022775698877393794,-0.02090248734316531,-0.042806515518379926,-0.23469513537310147,-0.0873893902707462,-0.15092449922958398,-0.03557781201848999,-0.12041382346467092,0.12126348228043143,-0.015227823024433195,0.034292317851639886,-0.06556240369799692,0.44933964340744004,0.41593440457847236,-0.15670702179176754,-0.20356152322254017,0.44477657935285053,0.3308694695135373,-0.1431058771736738,0.2810675764913053,-0.04444640105657055,-0.22113581333920318,0.3051992075720889,0.07987233105877174,0.455016508914814,0.28267884657715164,0.14399075500770417,-0.06776359233986352,-0.10439797490644949,0.04849658815760511,-0.027869249394673123,0.5489940567906669,0.04195905789126128,0.2444353951133612,0.4490204710543694,0.3571912832929782,-0.029341844596081884,0.39910411622276026,0.3166784063394233,0.24896764252696457,0.09243891701518821,0.19644508034338543,0.009815100154083205,-0.13525643847677746,-0.11182258419546555,-0.32644508034338543,-0.26666740039621395,-0.12614791987673343,-0.2819128329297821,-0.09472154963680388,-0.2155491965661457,0.09145498569227382,-0.004527845036319612,-0.1124983491085186,-0.1310873871890821,-0.14966762051507815,-0.04543913713405239,-0.05190182698657275,-0.06908210433634163,0.005042923178516399,-0.2398811358133392
#54,0.18704820603125688,0.07515958617653533,-0.10902927580893683,0.1763086066475897,0.43216596962359677,0.4326876513317191,0.28437376183138896,0.35294959278010124,0.27569227382786704,0.44014087607307945,0.208366718027735,0.5524675324675324,1.0,0.4241118203830068,-0.17181598062953995,-0.2666123706801673,0.32199427690953114,-0.1863614351749945,0.1376667400396214,-0.10836891921637684,-0.24641206251375744,0.08092670041822585,-0.2485230024213075,-0.3998173013427251,-0.20269645608628659,-0.1704160246533128,-0.46563944530046225,-0.36004402377283734,0.5899273607748184,0.4605745102355272,0.2827955095751706,0.18519920757208894,0.07709663218137794,0.1583843275368699,0.5214307726172133,0.3534910851860004,0.4802487343165309,0.48296940347787803,-0.18655513977547875,0.21813559322033899,0.09679727052608408,0.34373981950253135,0.020191503411842397,0.3057495047325556,0.059421087387189084,0.060920096852300244,-0.27341184239489325,-0.35199427690953117,-0.13867708562623818,-0.17156724631300901,-0.13929782082324454,-0.05804974686330618,-0.12769535549196567,-0.0021373541712524763,-0.15972044904248295,0.01800792427911072,-0.31277129650011004,0.08477437816420867,-0.11533568126788465,0.08860224521241471,-0.2278912612810918,-0.25745762711864406,0.2694981289896544,0.3201716927140656,-0.29994937266123706,-0.1732357473035439,0.3734140435835351,0.20813999559762272,0.20018930222320053,0.3768390931102796,0.18086066475896984,-0.013576931543033239,0.2688267664538851,0.028802553378824564,0.36354171252476336,0.20403037640325775,0.015698877393792648,-0.02079022672243011,-0.09899405679066696,0.1708166409861325,0.2399207572088928,0.38337662337662337,0.22345586616773058,0.47621835791327316,0.4298613251155624,-0.05677085626238169,-0.2778494386968963,0.22423508694695135,0.36084085406119304,0.21912612810917895,0.21218578032137353,-0.015441338322694256,0.054175654853620955,-0.2948338102575391,-0.20977767994717147,-0.3056394453004623,-0.3902047105436936,-0.03484041382346467,-0.35339423288575833,0.021910631741140215,-0.15311688311688312,0.22388509795289457,0.009810697776799472,-0.14226502311248074,-0.06028615452344266,0.07180717587497248,0.04225841954655514,-0.2836121505613031,0.025223420647149462,-0.25080343385428133,-0.3084877834030376
#58,0.0858925819942769,0.1125974025974026,-0.2238300682368479,-0.03476337222099934,0.22944970283953334,0.3076909531146819,0.4733215936605767,0.43118203830068236,0.41907329958177414,0.4815914593880696,0.3178978648470174,0.43056130310367596,0.4241118203830068,1.0,-0.36964120625137575,-0.27023552718467975,0.07881796169931764,-0.36820383006823687,0.06143957737178076,-0.12904908650671362,-0.39382786704820605,-0.16897644728153202,-0.14436715826546334,-0.321831388950033,-0.3321681708122386,-0.2016288795949813,-0.49902707462029494,-0.3320096852300242,0.08174114021571649,0.42710983931322916,-0.09038300682368479,-0.23037420206911732,-0.030440237728373322,0.03178516398855382,0.31664758969843715,0.20801893022232004,0.17657495047325555,0.09762491745542592,-0.06677085626238169,-0.04144177856042263,0.2746335020911292,0.16025753907109838,-0.04278010125467752,0.0060598723310587715,0.00223860884877834,0.06389830508474577,-0.1036913933524103,-0.1692361875412723,0.06844816200748405,-0.08256658595641647,-0.14503411842394892,-0.13624697336561745,-0.1512987012987013,-0.21644287915474356,-0.2651243671582655,-0.1580145278450363,-0.08722870349988994,0.1542725071538631,-0.08796830288355711,-0.21035879374862426,0.004329738058551618,-0.02963020030816641,0.5472088928021132,0.4769931763152102,-0.2468699097512657,-0.18148580233325995,0.5884569667620515,0.6177856042262821,0.12110939907550076,0.4138520801232666,0.2480827646929342,0.02168611049966982,0.4187541272287035,0.13442659035879376,0.4961369139335241,0.35480739599383665,0.24702179176755448,0.09224961479198768,-0.2680585516178737,0.013841074180057231,-0.06160686770856262,0.35188201628879595,-0.007726172132951794,0.09127008584635703,0.329867928681488,0.2511732335461149,-0.17034338542813118,0.07412282632621615,0.2121417565485362,0.36569227382786706,0.1381223860884878,0.09704820603125688,0.09673563724411183,-0.27548316090688973,-0.2591041162227603,-0.40593440457847235,-0.4541294298921418,-0.17297820823244553,-0.4859652212194585,0.008906009244992295,-0.29997138454765576,-0.14499449702839534,-0.18652432313449263,-0.13301342725071538,0.07946951353731015,0.08525863966541933,0.05397094430992736,-0.09343605546995377,0.13406999779881135,-0.1453004622496148,-0.2560994937266124
#101,-0.18393132291437375,-0.082689852520361,-0.04908430552498349,-0.18470394012766894,-0.19198106977767995,-0.28160686770856264,-0.027305745102355273,-0.23650231124807397,0.013088267664538852,-0.20556900726392252,0.08237068016729034,-0.2917279330838653,-0.17181598062953995,-0.36964120625137575,1.0,0.5317565485362096,-0.14203169711644287,0.11904248294078802,0.49954215276249175,0.14451904028175214,0.6162183579132732,0.5013383226942549,0.23936385648250055,0.22140655954215277,0.21930882676645388,0.10918335901386748,0.14143957737178076,-0.18797710763812459,0.043359013867488444,-0.30345586616773057,-0.2299933964340744,-0.020970724191063175,-0.2035395113361215,-0.006850099053488884,-0.007263922518159807,0.0013097072419106317,0.2479881135813339,0.05226062073519701,0.23578912612810918,0.12428351309707242,-0.041243671582654635,0.12983050847457628,-0.019205370900286154,0.2674796390050627,-0.0022320052828527404,0.29075941008144396,-0.1436781862205591,-0.23869909751265683,-0.2449570768214836,-0.367805414924059,-0.24986352630420428,-0.32279991195245433,-0.22703720008804754,-0.16675544794188862,-0.055610829848117986,-0.14053709002861545,-0.06482940788025533,-0.08790666960158486,-0.2767048206031257,-0.30366057671142416,-0.4445938806955756,-0.39072419106317413,-0.2164736957957297,-0.15753246753246752,-0.02592559982390491,-0.25076601364736956,-0.12432753686990976,-0.07332159366057671,0.33760510675764915,0.08820603125687872,0.19150121065375303,0.25184679727052606,-0.04801012546775259,-0.12866387849438696,-0.1290644948272067,-0.47024653312788905,-0.28288575830948715,-0.28292978208232444,0.3303764032577592,-0.004609289016068677,0.08213075060532687,-0.270429231785164,-0.24116442879154742,-0.02682808716707022,-0.2601232665639445,-0.5536759850319173,-0.3510037420206912,-0.26518820162887957,0.094719348448162,-0.10490204710543694,-0.004274708342504953,-0.5424785384107418,-0.20052388289676426,-0.4090975126568347,-0.3068941228263262,0.13401056570548095,0.032896764252696456,-0.052683248954435394,-0.11784283513097073,-0.10575610829848119,-0.28239709443099276,-0.2172837332159366,-0.05019590578912613,-0.003138895003301783,-0.24542813119084306,-0.052366277790006605,-0.29623816861104996,-0.42320052828527405,-0.2696764252696456,-0.43170812238608847,-0.16686550737398195
#102,-0.15936385648250054,-0.04922518159806295,0.005293858683689192,-0.1580475456746643,-0.31873651771956857,-0.3376557340964121,0.054446401056570545,-0.2895575610829848,-0.10210873871890822,-0.2822540171692714,0.17929121725731895,-0.3526612370680167,-0.2666123706801673,-0.27023552718467975,0.5317565485362096,1.0,-0.313119084305525,0.16573849878934624,0.12565925599823904,0.45419766674003964,0.36575170592119743,0.5932137354171253,0.23043363416244772,0.5607043803653973,0.09227823024433193,0.2561611270085846,0.22167950693374422,0.1198217037200088,-0.35560202509355054,-0.30499229583975346,-0.2362755888179617,-0.28432093330398417,-0.07500770416024653,-0.07437376183138895,-0.21964340744001762,-0.10645608628659477,-0.1034734756768655,-0.16280651551837994,0.18730574510235526,-0.056484701738939026,-0.039801893022232006,-0.07772397094430993,0.07062293638564825,0.1511204050187101,-0.2165925599823905,0.38093330398415143,0.06423948932423508,-0.06829627999119525,-0.11157164869029276,-0.22797490644948273,-0.28374862425709885,-0.30348007924279113,-0.21132071318511997,-0.15849218578032137,-0.18200968523002423,0.03790887079022672,-0.20209333039841515,0.07917895663658375,-0.36000220118864185,-0.40838872991415365,-0.2088333700198107,-0.13836891921637684,-0.20037420206911732,-0.21450803433854282,-0.06699097512656835,-0.11393572529165749,-0.18185560202509354,-0.0886484701738939,0.13587717367378385,0.006973365617433414,0.020455646048866388,0.1840083645168391,-0.06331278890600925,-0.09012987012987013,-0.12850539291217258,-0.3652036099493727,-0.14485802333259962,-0.14613471274488224,0.14647149460708783,0.10979088707902267,0.28711864406779664,-0.23928021131410962,-0.09997138454765574,-0.06690953114681929,-0.22309487123046445,-0.2912678846577152,-0.16799911952454324,-0.16413603345806735,0.017497248514197667,-0.20541272287034998,-0.11052168170812239,-0.3789676425269646,-0.2012854941668501,-0.20923178516398855,-0.358003521901827,0.01930442438917015,0.21460268545014308,-0.17483381025753908,0.014596081884217477,0.024816200748404137,-0.1237178076161127,-0.349933964340744,-0.009907550077041602,0.033099273607748184,-0.14090688972044904,0.04418225841954655,-0.14502751485802334,-0.16227162667840633,-0.1592295839753467,-0.27899405679066697,-0.15652432313449263
#201,0.3024389170151882,0.13627779000660356,0.27789566365837554,0.34597182478538413,0.31294959278010126,0.4109971384547656,0.10776579352850539,0.19471494607087828,0.027356372441118205,0.4209178956636584,0.07459167950693374,0.14035219018269865,0.32199427690953114,0.07881796169931764,-0.14203169711644287,-0.313119084305525,1.0,0.14995157384987892,0.032449922958397534,-0.11008364516839093,-0.20852520360994936,-0.02204270305965221,-0.08308606647589699,-0.22109178956636583,-0.012663438256658596,-0.11826986572749285,-0.2508958837772397,0.0639621395553599,0.42374642306845695,0.21598062953995156,0.29328637464230684,0.30342284833810257,-0.006390050627338763,-0.13895003301782963,0.19874312128549418,0.10326216156724631,0.18581774158045344,0.15539511336121506,-0.2235461149020471,0.009744662117543473,-0.06136913933524103,0.1739027074620295,-0.028459167950693375,-0.13329958177415804,0.018142196786264584,-0.28214615892581996,-0.03560642747083425,0.06998899405679067,-0.06372000880475456,0.07535769315430332,-0.046478098173013425,0.1791371340523883,-0.11696456086286595,0.3385384107418006,-0.07194805194805194,0.18935064935064935,-0.10343605546995377,-0.07147039401276689,0.09356812678846577,0.2038895003301783,-0.1012458727712965,-0.09993836671802774,-0.16598283072859343,-0.0762359674224081,0.020002201188641867,0.2560510675764913,-0.022652432313449263,-0.2101518820162888,0.19047545674664318,-0.0724785384107418,0.20394012766894123,0.1693088267664539,-0.10870790226722431,0.11317851639885539,-0.12121505613031036,-0.011930442438917015,-0.05592339863526304,-0.00674884437596302,0.1265199207572089,-0.06154303323794849,0.16402817521461588,0.17410521681708122,0.06868368919216376,0.3666960158485582,0.15510455646048865,0.019335241030156283,-0.011476997578692494,0.1614902047105437,0.10226282192383887,-0.12710763812458728,-0.015747303543913713,0.11307726172132952,0.060011005943209336,-0.040578912612810915,0.14188421747743782,0.23478098173013429,-0.01765573409641206,0.2652388289676425,-0.026610169491525424,-0.07196566145718689,0.1467950693374422,0.45522342064714943,0.09248954435395114,-0.12206691613471274,0.01861104996698217,-0.10623156504512436,-0.05788465771516619,-0.08306405458947831,-0.03887079022672243,-0.06453004622496147,0.0675280651551838
