,#10,#11,#12,#13,#17,#18,#26,#49,#50,#51,#52,#53,#54,#58,#101,#102,#201,#202,#301,#302,#401,#402,#501,#502,#601,#602,#701,#702,#801,#802,#901,#902,#1001,#1002,#1101,#1102,#1201,#1202,#1301,#1302,#1401,#1402,#1501,#1502,#1601,#1602,#1701,#1702,#1801,#1802,#1901,#1902,#2001,#2002,#2101,#2102,#2201,#2202,#2301,#2302,#2401,#2402,#2501,#2502,#2601,#2602,#2701,#2702,#2801,#2802,#2901,#2902,#3001,#3002,#3101,#3102,#3201,#3202,#3301,#3302,#3401,#3402,#3455,#3501,#3502,#3601,#3602,#3701,#3702,#3801,#3802,#3901,#3902,#4001,#4002,#4101,#4102,#4201,#4202,#4301,#4302,#4401,#4402,#4501,#4502,#4601,#4602,#4701,#4702,#4801,#4802
#10,1.0,0.4877239709443099,0.6309068897204491,0.5599823904908651,0.19678406339423288,0.1799537750385208,0.07119524543253357,0.6437596302003081,0.3663394232885758,0.5688443759630201,0.6469117323354612,0.07648470173893902,0.28460708782742683,0.0984965881576051,-0.1275941008144398,-0.3156680607528065,0.6368919216376844,0.3026018049746863,-0.24834910851860004,0.10101034558661677,0.13339203169711644,-0.23121505613031038,0.1561171032357473,-0.20876513317191284,0.0947391591459388,-0.0015144177856042263,0.17306625577812018,0.06966762051507815,0.3204732555580013,0.09720669161347127,0.10832709663218137,0.09054149240589919,0.10336781862205591,0.08054149240589918,0.12631961259079902,0.14727052608408542,-0.05457406999779881,0.014651111600264142,-0.10472375082544574,0.0837442218798151,0.1123002421307506,0.10760290556900727,-0.23315870570107858,-0.2373299581774158,-0.2483711204050187,-0.15504512436715825,0.06768434954875632,-0.060114461809377066,0.08633061853400836,-0.11930002201188641,0.13412722870349988,0.24801012546775258,0.20319612590799033,0.092458727712965,0.06446841294298922,0.09072198987453224,-0.23434294519040283,-0.3602685450143077,-0.09825885978428352,-0.31539071098393134,0.014541052168170813,-0.02820383006823685,-0.13198106977767995,-0.17044023772837333,0.1382786704820603,0.26236407660136474,-0.20946511116002642,-0.2220427030596522,0.08608628659476117,0.09951573849878935,0.3834096412062514,0.3511160026414264,-0.028265463350209113,0.14068897204490424,-0.19655073739819504,0.019938366718027734,-0.1439951573849879,-0.09585736297600704,0.14257318952234208,-0.03135593220338983,-0.3013053048646269,0.19053268765133172,-0.1694012766894123,0.17285934404578474,-0.03452124147039401,-0.04429011666299802,-0.02640545894783183,0.27307065815540393,0.2732379484921858,0.05584635703279771,0.029502531366938145,-0.06467092229804094,-0.08182478538410742,-0.15115122165969624,-0.23200088047545675,0.30190182698657275,0.1467840633942329,0.34334580673563725,0.2519326436275589,0.4153907109839313,0.2316949152542373,0.3324147039401277,0.033662777900066033,0.19966982170372,0.1164340744001761,0.07814880035219018,0.11432093330398416,0.00813119084305525,0.1393616552938587,-0.21025533788245654,-0.21647809817301342
#11,0.4877239709443099,1.0,0.47469733656174334,0.4301122606207352,0.20022672243011225,-0.02287034998899406,0.47457406999779883,0.46573409641206254,0.573482280431433,0.5754501430772617,0.44746643187321156,-0.09327536869909751,0.07635483160906889,0.14757208892802112,0.04151661897424609,0.026033458067356373,0.49374642306845695,0.22629319832709663,0.01881135813339203,0.4453642967202289,0.22811138014527846,0.0536781862205591,0.17697116442879154,-0.1124125027514858,0.09837772397094431,0.1565639445300462,0.04871010345586617,0.04347127448822364,0.22455866167730573,0.11996918335901387,-0.12252256218357914,0.08764692934184459,-0.0536847897864847,0.1255381906229364,0.059724851419766675,0.23189302223200528,0.0821021351529826,0.2612987012987013,0.10124367158265464,0.28604886638784943,0.008056350429231786,0.08817081223860884,0.06792427911071978,0.12682148360114462,-0.12145058331499009,-0.06158485582214396,-0.14914593880695576,-0.21755007704160245,-0.08452124147039401,0.039826106097292535,-0.17052168170812237,0.21756328417345366,0.07414924058991855,0.09106317411402157,0.04104116222760291,0.23363416244772178,-0.18332379484921857,-0.029995597622716266,-0.14763152102135152,-0.09681488003521901,-0.2770063834470614,-0.2353070658155404,0.10228483381025753,0.16476117103235746,0.0713515298261061,0.19400396213955537,-0.03840854061193044,0.08467532467532468,0.3323706801672903,0.19554699537750386,0.243350209112921,0.25834250495267447,-0.07774818401937046,-0.010468853180717587,-0.023469073299581773,0.06490644948272067,-0.3123310587717367,-0.2998040942108739,0.20311468192824125,0.24183579132731675,-0.42908650671362536,-0.08835571208452564,-0.26849658815760513,-0.03551397754787585,0.041003742020691174,-0.3627999119524543,-0.3119194364957077,-0.046931543033237946,0.04776579352850539,0.1698745322474136,0.14937926480299363,-0.11482280431432974,-0.10216376843495488,-0.29639005062733875,-0.3249922958397535,-0.014045784723750825,0.2629826106097293,0.050171692714065595,0.02268545014307726,0.15689632401496809,0.06454545454545454,0.06822804314329738,-0.0019216376843495487,0.0861237068016729,-0.07691173233546116,-0.10848998459167951,-0.06841294298921417,-0.24312348668280873,-0.09145278450363196,-0.3596852300242131,-0.2631102795509575
#12,0.6309068897204491,0.47469733656174334,1.0,0.7430596522121946,0.15165309267004182,0.205181598062954,0.08805635042923178,0.29005723090468855,0.08103675985031918,0.6457186880915694,0.3636385648250055,0.029502531366938145,0.35616112700858465,0.05303984151441778,-0.23548095971824787,-0.36310147479639004,0.7383182918776139,0.6662579793088268,-0.41262161567246314,0.021578252256218358,0.024882236407660137,-0.20445960818842174,0.22692493946731235,-0.277607307946291,0.08102355271846798,-0.053819062293638566,0.4207858243451464,0.3076601364736958,0.4152388289676425,0.1562359674224081,0.4634668721109399,0.3845696676205151,0.5093748624257098,0.39211754347347566,0.11353070658155404,0.3401584855822144,0.33925159586176534,0.09266123706801672,0.03273387629319833,0.12948712304644508,-0.13153863086066475,0.1305480959718248,-0.014569667620515078,-0.011065375302663438,-0.0747985912392692,-0.09957517059211975,0.2948051948051948,0.08751045564604887,0.18323354611490206,0.17594320933303984,0.31192604006163327,0.5451243671582655,0.47823244552058114,0.32225401716927143,0.1517147259520141,0.23511776359233985,-0.39157825225621834,-0.38819282412502754,-0.2953246753246753,-0.18012766894122825,-0.1803764032577592,-0.1896500110059432,-0.252194585075941,-0.24591019150341184,0.27740699977988115,0.1253929121725732,-0.21992515958617653,-0.3324058991855602,-0.11371340523882897,0.002718467972705261,0.4181730134272507,0.1499405679066696,-0.22087607307946291,0.06232005282852741,-0.3518137794408981,0.004169051287695355,-0.30581113801452786,-0.19226502311248073,0.18422848338102576,0.15926040061633281,-0.28439797490644947,0.14420206911732336,-0.180099053488884,0.16307946290997138,0.05041602465331279,-0.21002201188641867,-0.17008144397974906,0.27129429892141754,0.20408980849658817,0.044122826326216155,0.05697116442879155,-0.16978428351309707,-0.15136033458067355,-0.2763944530046225,-0.42953334800792425,0.5517565485362096,0.1560576711424169,0.6663724411182038,0.5024235086946951,0.5024829407880256,0.5205833149900947,0.5697776799471714,0.4031873211534229,0.39149240589918555,0.4442196786264583,0.3927118644067797,0.5148426150121065,-0.19457186880915694,-0.04558001320713185,-0.443284173453665,-0.41639885538190624
#13,0.5599823904908651,0.4301122606207352,0.7430596522121946,1.0,0.28805194805194806,0.34391811578252257,0.19944970283953334,0.1523992956196346,0.016773057451023553,0.7249702839533348,0.1531366938146599,0.18558221439577371,0.2896962359674224,0.00511996478098173,-0.34568567026194147,-0.3668765133171913,0.6391481399955976,0.38710323574730354,-0.4280101254677526,0.035786924939467314,-0.11668941228263262,-0.20325335681267884,0.17197446621175436,-0.2800220118864187,0.03689412282632622,-0.09471494607087827,0.33485362095531584,0.29569227382786706,0.22546775258639665,0.2752850539291217,0.3144353951133612,0.14346467092229803,0.34395773717807615,0.40370680167290335,0.2102245212414704,0.3334866828087167,0.2593000220118864,0.04934624697336562,-0.10428351309707241,0.11784283513097073,-0.0998217037200088,0.11241030156284394,-0.07144838212634823,-0.06171692714065596,0.02073959938366718,-0.05824125027514858,0.4599867928681488,0.2390777019590579,0.21882896764252696,0.19085846357032799,0.28709663218137793,0.4337728373321594,0.445544794188862,0.1311666299801893,0.04744441998679287,-0.031133612150561304,-0.1970195905789126,-0.3133568126788466,0.04855822143957737,-0.16049086506713625,-0.06734756768655074,-0.026960158485582215,-0.15494166850099053,-0.16882676645388509,0.2483381025753907,0.09904908650671362,-0.17573189522342064,-0.21450363196125907,-0.29180277349768874,0.05686110499669822,0.036026854501430776,0.027356372441118205,-0.37509795289456305,0.03182918776139115,-0.42235747303543913,-0.1411864406779661,-0.2650143077261721,-0.15594761171032356,0.01588597842835131,0.11077922077922078,-0.1981620074840414,0.1623992956196346,-0.33823684789786485,0.06549416685009905,0.11673343605546996,-0.0437442218798151,0.09189302223200528,0.4022342064714946,0.2129782082324455,0.18091129209773277,0.17515738498789346,0.12740479859123927,0.03791767554479419,-0.02676865507373982,-0.0600594320933304,0.29757869249394675,0.0852278230244332,0.4695003301782963,0.3265001100594321,0.32000880475456744,0.3468500990534889,0.3970438036539731,0.2783138895003302,0.1994937266123707,0.22214615892581993,0.17044023772837333,0.3148580233325996,-0.08842394893242352,0.008613251155624037,-0.18413603345806737,-0.14252916574950472
#17,0.19678406339423288,0.20022672243011225,0.15165309267004182,0.28805194805194806,1.0,0.33747743781642087,0.24501430772617214,0.13222980409421087,0.17327977107638123,0.19708342504952675,0.037895663658375524,0.17913053048646269,0.10747963900506273,0.32273827867048205,-0.1287871450583315,-0.07342064714946071,0.17198327096632182,0.11509575170592119,-0.17383226942548977,0.026946951353731013,-0.13406339423288577,-0.02845696676205151,0.20566365837552278,0.07569667620515078,0.27324675324675324,0.2038300682368479,0.025624036979969185,0.03159806295399516,-0.11730134272507153,0.36674664318732114,0.003869689632401497,-0.016363636363636365,-0.03654853620955316,0.29319392471934846,0.37243451463790445,0.3399361655293859,0.259522342064715,0.3927756988773938,0.1370482060312569,0.12661457186880914,0.09185119964780981,0.10874532247413603,-0.05845696676205151,0.19325555800132072,0.1945806735637244,0.2136649790887079,0.05579793088267664,0.19912612810917896,-0.1592890160686771,0.022698657274928462,0.013156504512436716,0.1308562623816861,0.074851419766674,-0.07019810697776799,-0.05848338102575391,-0.20120845256438477,-0.006900726392251816,-0.090297160466652,0.16179837112040502,-0.011166629980189302,-0.1479572969403478,-0.020416024653312787,0.14062293638564824,0.14363416244772176,-0.21872331058771738,0.01033017829627999,0.11224741360334581,0.07672022892361875,-0.0019788685890380804,0.22386088487783404,-0.19945190402817523,0.13024873431653092,-0.04946290997138455,0.18664318732115343,-0.21349548756328418,-0.039537750385208015,-0.1542460928901607,-0.16793528505392913,0.1061501210653753,0.10399735857362977,-0.15504512436715825,0.24790887079022672,-0.25614571868809155,0.0789126128109179,0.26614571868809156,-0.09959938366718028,-0.022227602905569008,0.3487937486242571,0.33777239709443097,0.2349108518600044,0.30599603786044466,0.14980629539951573,-0.08782962799911953,0.019962579793088266,0.05311027955095752,-0.08982610609729254,0.12558441558441558,0.03029275808936826,0.15843715606427472,0.20272727272727273,0.029771076381245872,0.034987893462469735,0.025745102355271846,0.08438917015188202,0.07858683689192164,-0.12004182258419546,0.09580893682588598,-0.14423728813559322,0.1306735637244112,-0.07019590578912613,0.07461149020471054
#18,0.1799537750385208,-0.02287034998899406,0.205181598062954,0.34391811578252257,0.33747743781642087,1.0,0.0300594320933304,0.11991195245432533,0.06685670261941448,0.2935439137134052,0.07790446841294299,0.13705040721989875,0.36467092229804093,-0.04798151001540832,-0.28177635923398636,-0.22597402597402597,0.18220559101915035,0.3129716046665199,-0.21165089148139996,-0.20138234646709224,-0.36697336561743343,-0.09805194805194806,0.2996632181377944,0.05579793088267664,0.21541712524763373,-0.002852740479859124,0.21466211754347347,0.17322033898305084,0.22007043803653972,0.43611490204710546,0.2872639225181598,0.015289456306405458,0.04900286154523443,0.21707902267224302,0.32144397974906447,0.14500550297160467,0.14278670482060313,0.16718688091569447,-0.048872991415364296,-0.00788465771516619,0.0662161567246313,0.06589478318291878,-0.05356812678846577,0.11826106097292538,0.0526634382566586,0.10470394012766894,0.2225181598062954,0.3982258419546555,0.07206031256878714,0.1770327977107638,0.19591679506933743,0.16118644067796611,0.18640986132511556,-0.04064494827206692,-0.03644508034338543,-0.25369579572969403,0.01474356152322254,-0.17029936165529386,0.1048976447281532,-0.1409222980409421,-0.1037178076161127,-0.04138014527845036,0.05340083645168391,-0.11176535329077703,-0.09585516178736518,0.0734404578472375,0.1625379705040722,0.041593660576711426,-0.21273167510455646,0.0808496588157605,-0.1998613251155624,-0.06211754347347568,-0.1735791327316751,0.07598062953995158,-0.26917015188201626,-0.1262029495927801,-0.24565925599823904,-0.21571428571428572,0.2285163988553819,0.07962139555359894,0.1683469073299582,0.4633634162447722,-0.15941888619854722,0.28609949372661236,0.37089368258859784,-0.01610609729253797,0.046128109178956635,0.36130090248734315,0.16902267224301123,0.37369359454105217,0.379108518600044,0.3006845696676205,0.03323134492626018,-0.06377503852080123,0.11086506713625358,0.021877613911512217,-0.024554259300022013,0.20689412282632622,0.2184767774598283,0.23849438696896325,0.09399955976227163,0.22081443979749066,-0.14781642086726832,-0.1075544794188862,-0.00045344486022452123,0.014314329738058552,0.19401276689412283,-0.16454985692273827,0.28255337882456527,-0.10631961259079903,0.008652872551177635
#26,0.07119524543253357,0.47457406999779883,0.08805635042923178,0.19944970283953334,0.24501430772617214,0.0300594320933304,1.0,0.1837838432753687,0.3849636803874092,0.3462733876293198,0.21563284173453665,0.14455866167730574,-0.006434074400176095,0.3274818401937046,0.09386528725511777,0.1509619194364957,0.09769755668060753,-0.09901166629980189,0.08025093550517279,0.22013647369579573,0.05041162227602906,0.0033986352630420427,-0.15221219458507593,-0.01516618974246093,-0.02163988553819062,0.019141536429672024,-0.22617433414043583,-0.20675104556460489,0.02793088267664539,0.15446621175434735,-0.16978868589038082,-0.2556636583755228,-0.36531807175874975,0.040354391371340524,0.16008364516839094,0.25553378824565265,0.03313009024873432,0.30906889720449043,0.032414703940127666,0.2214571868809157,0.03835351089588378,0.29926260180497466,0.2682852740479859,0.26108518600044023,-0.04852740479859124,0.023995157384987892,-0.1326106097292538,-0.12666740039621396,-0.08898084965881577,0.1238828967642527,-0.27497468633061856,-0.12905348888399737,-0.1904886638784944,-0.22227602905569008,-0.1681598062953995,-0.1864472815320273,0.10063834470614132,0.047834030376403255,-0.04010345586616773,-0.02423728813559322,-0.1598943429451904,-0.119966982170372,0.34661677305745103,0.46534888839973587,-0.01895443539511336,0.10306405458947832,0.24206471494607087,0.43632401496808276,0.22476117103235746,0.19162447721769757,-0.0800396213955536,0.16056570548095972,-0.041860004402377284,-0.050735197006383445,0.03647809817301343,-0.04192163768434955,-0.16612810917895662,-0.2087079022672243,0.19478758529605988,0.2306383447061413,-0.24531146819282412,-0.27524103015628437,-0.25568567026194144,-0.07308386528725512,0.24305084745762712,-0.14529826106097293,-0.0742130750605327,-0.14007484041382345,0.13158705701078582,0.1861104996698217,0.18934404578472375,0.0006097292537970504,-0.23736737838432753,-0.006634382566585956,0.00946731234866828,-0.3744838212634823,0.09835791327316751,-0.21792648029936165,-0.36471274488223643,-0.12230024213075061,-0.19654853620955315,-0.2345014307726172,-0.057908870790226726,-0.2682610609729254,-0.3378648470173894,-0.3103213735417125,-0.3162843935725292,-0.19235747303543912,-0.043330398415144175,0.041871010345586615,0.15780981730134272
#49,0.6437596302003081,0.46573409641206254,0.29005723090468855,0.1523992956196346,0.13222980409421087,0.11991195245432533,0.1837838432753687,1.0,0.6063922518159807,0.30532467532467533,0.6157517059211974,-0.026711424169051288,0.17010345586616774,0.23926480299361655,0.10740039621395554,-0.17181598062953995,0.19518379925159587,0.18892141756548536,0.03786484701738939,0.23734096412062514,0.2894012766894123,-0.1271582654633502,0.13162007484041383,-0.1424851419766674,0.09565705480959719,0.00986352630420427,0.004910851860004403,-0.21792207792207793,0.2960642747083425,0.08580013207131851,0.06699537750385208,0.026057671142416906,-0.11103235747303544,-0.0374950473255558,0.003761831388950033,-0.09280431432973806,-0.10298040942108738,0.04265903587937486,0.028527404798591238,-0.006117103235747303,0.1266321813779441,0.049643407440017606,-0.00961038961038961,-0.10605546995377504,-0.19858023332599603,-0.1946665199207572,-0.17095311468192825,-0.16208672683248954,-0.13358793748624256,-0.23376183138895004,-0.051899625797930886,-0.04197006383447061,-0.11173233546114902,-0.06321373541712524,0.04533348007924279,0.0649108518600044,-0.14587497248514197,-0.30157164869029274,-0.1624389170151882,-0.3882280431432974,-0.11294739159145939,-0.14423068456966762,0.10183579132731675,0.03891701518820163,-0.0036011446180937707,0.1913977547875853,0.0451948051948052,0.03391811578252256,0.36966982170372004,0.1513845476557341,0.4536319612590799,0.3308034338542813,0.2049042482940788,0.14528285274047986,0.05241470394012767,0.017063614351749946,-0.24305084745762712,-0.20086726832489543,0.17540832049306626,-0.15682588597842836,-0.0313383226942549,0.12873651771956857,-0.12549196566145718,0.3368016729033678,0.1941140215716487,-0.06273167510455646,-0.2165001100594321,-0.09581774158045345,0.13345806735637245,0.18123706801672904,0.10771736737838433,-0.05724851419766674,-0.222425709883337,-0.3,-0.2873255558001321,0.01898965441338323,0.07001100594320933,0.023863086066475896,-0.05062073519700638,0.17627338762931982,0.020662557781201848,0.10433854281311908,-0.1386220559101915,-0.009938366718027735,-0.0692031697116443,-0.03374862425709883,-0.04376843495487563,-0.1677327756988774,0.17639225181598062,-0.267145058331499,-0.2690116662998019
#50,0.3663394232885758,0.573482280431433,0.08103675985031918,0.016773057451023553,0.17327977107638123,0.06685670261941448,0.3849636803874092,0.6063922518159807,1.0,0.29542152762491747,0.6067862645828748,-0.16651551837992515,-0.017517059211974467,0.23659476117103237,0.3220493066255778,0.17289676425269646,0.17544353951133612,-0.035747303543913714,0.2990644948272067,0.3441492405899186,0.2973915914593881,0.025527184679727054,0.07051287695355492,-0.01985692273827867,0.147904468412943,0.1565859564164649,-0.1619700638344706,-0.4050099053488884,0.1471274488223641,-0.024686330618534008,-0.29523222540171695,-0.07697556680607529,-0.36109619194364956,-0.06709222980409421,0.01723530706581554,0.04766453885097953,-0.12019810697776799,0.24727492846136914,0.05418886198547215,0.1454325335681268,0.0822408100374202,0.1571186440677966,0.04574290116662998,0.04447721769755668,-0.19213295179396875,-0.08535769315430332,-0.24967862645828748,-0.24016068677085625,-0.17485802333259962,-0.1685758309487123,-0.3533722209993396,-0.16579352850539292,-0.35986352630420426,-0.22415804534448602,-0.08962799911952454,-0.08343605546995378,-0.06096191943649571,-0.2107792207792208,-0.13538190622936386,-0.3344772176975567,-0.3031697116442879,-0.3626062073519701,0.27111820383006824,0.2737442218798151,-0.08924939467312348,0.27220338983050846,0.14488883997358573,0.10300902487343165,0.5654633502091129,0.38546335020911293,0.26184679727052607,0.40648910411622274,0.3395245432533568,0.03927140655954215,0.019878934624697336,-0.10028615452344265,-0.30871670702179177,-0.3778450363196126,0.26204050187101036,-0.00791767554479419,-0.2572243011226062,-0.008265463350209112,0.023409641206251375,0.097211093990755,0.0550099053488884,-0.2673849878934625,-0.4038036539731455,-0.13883116883116883,0.10228923618754127,0.279603786044464,-0.0057847237508254455,-0.08444199867928681,-0.28726612370680166,-0.29731454985692274,-0.19770416024653312,-0.2080893682588598,0.14266563944530047,-0.16299581774158045,-0.2306647589698437,0.036390050627338764,-0.21543913713405238,-0.19068897204490426,-0.23509355051727934,-0.09016508914813999,-0.22599383667180278,-0.2540854061193044,-0.34253576931543034,-0.35475016508914814,-0.07375963020030817,-0.17473475676865508,-0.058600044023772835
#51,0.5688443759630201,0.5754501430772617,0.6457186880915694,0.7249702839533348,0.19708342504952675,0.2935439137134052,0.3462733876293198,0.30532467532467533,0.29542152762491747,1.0,0.4353224741360335,0.054411182038300684,0.4146423068456967,0.0766718027734977,-0.011250275148580234,-0.18268545014307727,0.7410983931322914,0.34213295179396874,-0.1978912612810918,0.09266563944530046,0.21075500770416025,-0.1543055249834911,0.2255712084525644,-0.2366651992075721,0.17428131190843055,-0.10968523002421307,0.3444331939247193,0.100363196125908,0.26463790446841295,0.14111820383006823,0.13719348448162008,0.24011886418666079,0.1472243011226062,0.18732555580013208,0.22139555359894342,0.254175654853621,0.2550011005943209,0.0450033017829628,-0.15173013427250714,0.10721109399075501,-0.0015452344265903589,0.1288267664538851,-0.07433634162447722,-0.018386528725511775,-0.14082764692934185,-0.11548976447281532,0.21611930442438917,0.048102575390710986,0.13244331939247195,0.12290556900726392,0.09404798591239269,0.2597292537970504,0.2833215936605767,0.003233546114902047,0.14655954215276248,0.04994497028395334,-0.15431653092670042,-0.32213075060532687,-0.07289016068677086,-0.34950913493286373,-0.2939137134052388,-0.1763548316090689,-0.029478318291877612,0.023715606427470833,0.11942989214175655,0.13370239929561964,-0.07405679066696016,-0.038963240149680826,0.06972485141976667,0.14448822364076602,0.14790666960158486,0.17853400836451683,-0.11721989874532247,0.2093616552938587,-0.2625885978428351,-0.11714285714285715,-0.33915254237288134,-0.21210213515298262,0.28241690512876955,0.07231565045124368,-0.3938102575390711,0.0674686330618534,-0.21759630200308167,0.005804534448602245,0.03197886858903808,-0.26898965441338324,-0.10071758749724852,0.3161303103675985,0.17841294298921417,0.17362755888179618,0.19199427690953114,0.01954655513977548,-0.14142637023992957,-0.18821263482280431,-0.2263284173453665,0.23780981730134274,0.15298921417565486,0.3004116222760291,0.13932643627558883,0.26552498349108516,0.19723970944309926,0.25790006603565924,0.1293418445960819,0.03781201848998459,0.08540611930442439,-0.03663878494386969,0.17563064054589478,-0.2302377283733216,-0.039722650231124805,-0.30496808276469295,-0.18450143077261721
#52,0.6469117323354612,0.44746643187321156,0.3636385648250055,0.1531366938146599,0.037895663658375524,0.07790446841294299,0.21563284173453665,0.6157517059211974,0.6067862645828748,0.4353224741360335,1.0,-0.03380805635042923,0.10000220118864186,0.19057451023552718,0.12930002201188642,0.012405899185560202,0.3593748624257099,0.1719106317411402,0.003414043583535109,0.17180497468633063,0.3641998679286815,0.048236847897864844,0.12187761391151222,0.0028219238388729915,0.17219018269865727,0.06568787145058332,0.11953114681928241,-0.10384107418005722,0.1366387849438697,-0.23202729473915915,-0.053746423068456964,0.01012987012987013,-0.20693154303323794,-0.11082324455205811,-0.01062953995157385,-0.1149900946511116,-0.24296500110059432,-0.01088928021131411,-0.09787805414924058,0.0028219238388729915,-0.07180497468633062,0.008256658595641647,-0.21424169051287695,-0.22330618534008365,-0.28248734316530927,-0.07922077922077922,-0.2846929341844596,-0.2785053929121726,0.045304864626898526,-0.002791107197886859,-0.17278010125467752,0.04380805635042923,-0.04808936825885978,-0.01649570768214836,0.12449262601804975,0.04987673343605547,-0.05929782082324455,-0.21533568126788466,-0.2075676865507374,-0.3862623816861105,-0.16669381465991637,-0.3127779000660357,-0.03596742240810037,0.07906009244992296,0.14508254457407,0.2905150781421968,-0.117343165309267,-0.09835351089588378,0.327508254457407,0.15919876733436056,0.32885538190622937,0.40030816640986133,0.0423200528285274,0.021637684349548755,-0.05883116883116883,-0.13409861325115563,-0.25796610169491524,-0.27964780981730136,0.2971406559542153,-0.07825445740699978,-0.29538850979528947,0.07981950253136694,-0.08727712965001101,0.0947061413163108,-0.15399735857362976,-0.20827646929341845,-0.24078142196786265,0.02358133392031697,0.17729914153642967,0.03898305084745763,0.0839423288575831,-0.11858463570327978,-0.18786924939467312,-0.1366057671142417,-0.2603037640325776,0.16972705260840854,0.16855822143957738,0.11472815320272947,-0.022243011226062072,0.19345806735637244,0.014596081884217477,0.08749064494827206,-0.1339159145938807,-0.03716486902927581,-0.14813999559762273,-0.18392031697116443,-0.12977988113581335,-0.17475676865507375,-0.10806955756108298,-0.20317851639885537,-0.13914153642967203
#53,0.07648470173893902,-0.09327536869909751,0.029502531366938145,0.18558221439577371,0.17913053048646269,0.13705040721989875,0.14455866167730574,-0.026711424169051288,-0.16651551837992515,0.054411182038300684,-0.03380805635042923,1.0,-0.008265463350209112,0.21612590799031478,-0.3124521241470394,-0.25436715826546336,0.06982830728593441,0.00475016508914814,-0.4072639225181598,-0.0783579132731675,-0.29002861545234426,-0.08696015848558221,-0.20490204710543694,-0.1316354831609069,-0.05759850319172353,-0.07808496588157605,-0.15306185340083645,0.09011666299801893,-0.04513757429011666,0.3981862205591019,0.13057230904688533,-0.2286682808716707,0.03210653753026634,0.22036099493726613,0.09730574510235528,0.22144177856042263,-0.008120184899845917,0.09822804314329737,-0.2232819722650231,0.04544133832269426,-0.24630640545894783,0.2026832489544354,0.094950473255558,0.2093924719348448,0.010180497468633061,0.19865067136253578,0.08652212194585077,0.138102575390711,-0.03955976227162668,-0.10703940127668941,-0.026874312128549415,-0.021173233546114903,-0.10527845036319612,-0.1352872551177636,-0.1318776139115122,-0.2247721769755668,0.012055910191503412,-0.006636583755227823,0.07593880695575611,0.03831829187761391,0.1862821923838873,0.2803015628439357,-0.010033017829628,-0.04154083204930663,-0.04332159366057671,-0.06789126128109178,0.14565265243231346,-0.030046224961479198,-0.32969183359013865,0.07030596522121946,-0.30519700638344704,-0.25898305084745765,-0.22395993836671801,-0.024747963900506275,0.06880475456746643,-0.1178252256218358,0.08811358133392032,0.06745322474136034,-0.18669601584855822,0.008423948932423509,0.2758639665419326,0.21320933303984152,-0.05637244111820383,0.3006251375742901,0.2990226722430112,0.29915254237288136,0.3527602905569007,0.2955293858683689,0.32670922298040944,0.16997138454765573,0.3479308826766454,0.15419326436275588,0.13125687871450584,0.1650033017829628,0.22714725952014087,-0.06869029275808937,-0.08424169051287696,0.062262821923838876,0.00011226062073519701,0.011036759850319173,0.0034294519040281753,-0.0013933524103015627,-0.033171912832929785,-0.009898745322474136,0.03356812678846577,-0.06303764032577591,0.04392471934844816,0.23600044023772837,-0.018056350429231784,0.1586088487783403,0.18008584635703279
#54,0.28460708782742683,0.07635483160906889,0.35616112700858465,0.2896962359674224,0.10747963900506273,0.36467092229804093,-0.006434074400176095,0.17010345586616774,-0.017517059211974467,0.4146423068456967,0.10000220118864186,-0.008265463350209112,1.0,-0.001589258199427691,0.07928021131410962,-0.2292493946731235,0.2639159145938807,0.05944750165089148,0.08019590578912612,-0.08534448602245212,-0.14007043803653974,-0.1981003742020691,0.18897424609289015,-0.0934404578472375,0.28966982170372,0.07976667400396215,0.16203169711644289,0.05024653312788906,0.4061963460268545,0.14745982830728593,0.19626458287475237,0.12071318511996477,0.28861104996698217,0.21438696896324014,0.09775478758529606,0.11718908210433635,0.2768963240149681,0.18336121505613032,0.14280651551837992,0.12159366057671142,0.08898084965881577,0.058511996478098176,-0.2055227823024433,0.15073959938366718,-0.21049526744442,0.008401937046004842,0.11490644948272066,0.2843341404358353,-0.06228043143297381,0.007732775698877394,0.23179176755447942,0.14870570107858244,0.17988994056790666,0.04067796610169491,-0.02587277129650011,0.10985252036099494,-0.24105216817081224,-0.14076821483601146,-0.07159366057671142,-0.12028175214615892,-0.18880915694475017,0.0018996257979308827,0.11022892361875412,-0.05520581113801453,0.005747303543913713,0.05568567026194145,-0.08703499889940568,0.01638344706141316,0.033039841514417786,0.09435615232225401,0.2010477657935285,0.026044464010565704,0.007565485362095532,0.13919656614571868,-0.14095971824785383,-0.011322914373761832,-0.13772837332159366,-0.07850759410081444,0.2121747743781642,-0.04327536869909751,-0.19238168611049966,0.29780761611270085,0.2457869249394673,0.06963900506273388,0.15345146379044683,-0.28047105436935943,-0.09133612150561303,0.38079462909971384,0.12175214615892582,-0.05175214615892582,0.0313053048646269,-0.07996918335901387,-0.19855822143957738,-0.29659476117103234,-0.13782082324455205,0.13211093990755007,-0.026051067576491307,0.17463790446841293,0.21262821923838873,0.06757649130530487,0.05546995377503852,0.25644948272066914,-0.018859784283513096,0.14781421967862646,0.243284173453665,0.16934624697336562,0.32696015848558224,-0.09459388069557562,0.14784943869689632,-0.18961919436495708,-0.20092009685230025
#58,0.0984965881576051,0.14757208892802112,0.05303984151441778,0.00511996478098173,0.32273827867048205,-0.04798151001540832,0.3274818401937046,0.23926480299361655,0.23659476117103237,0.0766718027734977,0.19057451023552718,0.21612590799031478,-0.001589258199427691,1.0,0.22568567026194145,0.06444419986792868,0.0813449262601805,0.06518379925159586,-0.010004402377283733,0.16882676645388509,-0.06253356812678847,-0.10860664758969844,-0.058795949812898964,-0.016511116002641428,0.29854721549636803,0.144950473255558,-0.23692714065595422,-0.4490182698657275,0.1322209993396434,0.1477591899625798,-0.07123706801672904,0.01614571868809157,-0.17948712304644507,0.24643627558881795,-0.014512436715826546,0.22456086286594762,0.12871890821043364,0.35577812018489985,0.16347567686550737,0.14008364516839092,0.09856482500550297,0.16971164428791546,0.08805855161787365,0.20250935505172793,0.020671362535769316,0.08079683028835571,-0.1458001320713185,-0.1587805414924059,-0.3850561303103676,-0.20333259960378605,-0.20789566365837553,-0.2537354171252476,-0.28649790887079024,-0.3098965441338323,-0.29288355712084524,-0.2297160466651992,-0.02288135593220339,-0.08927801012546775,0.09838652872551178,-0.14685890380805636,0.10687211093990755,0.11294519040281752,0.3642328857583095,0.2323200528285274,-0.3632225401716927,-0.011708122386088487,0.5165595421527625,0.09793308386528725,0.343893902707462,0.417937486242571,0.10192163768434954,0.11587717367378385,0.09023552718467973,0.045524983491085184,-0.06625357693154303,-0.1470680167290337,-0.030768214836011446,0.01961038961038961,0.3161567246313009,0.20848558221439578,-0.17698877393792647,-0.08794849218578032,0.061547435615232224,0.13771076381245873,0.24109178956636584,0.08271846797270527,0.15945410521681708,-0.029352850539291216,0.20816420867268326,-0.0538036539731455,0.1000066035659256,0.07436935945410522,-0.03946511116002641,0.17263262161567247,0.17656834690732995,-0.15896984371560643,-0.043565925599823904,-0.06286814880035219,-0.16001100594320933,-0.06360334580673564,-0.08285934404578472,-0.10756548536209554,0.033339203169711645,0.03336121505613031,-0.0009046885318071758,-0.05474356152322254,0.07992295839753467,0.01427690953114682,0.1152278230244332,0.21131410961919436,0.3878582434514638
#101,-0.1275941008144398,0.04151661897424609,-0.23548095971824787,-0.34568567026194147,-0.1287871450583315,-0.28177635923398636,0.09386528725511777,0.10740039621395554,0.3220493066255778,-0.011250275148580234,0.12930002201188642,-0.3124521241470394,0.07928021131410962,0.22568567026194145,1.0,0.523878494386969,-0.10804094210873871,-0.27434074400176095,0.7111336121505613,0.20182038300682367,0.60343165309267,0.12324455205811138,-0.004063394232885758,0.1255425930002201,0.30605546995377503,-0.02585296059872331,-0.14891041162227603,-0.5939973585736298,0.09745322474136034,-0.3472815320272947,-0.3349372661237068,-0.07402597402597402,-0.366781862205591,-0.3648007924279111,-0.3634734756768655,-0.2174356152322254,-0.009438696896324015,0.06300242130750605,0.2176997578692494,-0.17302663438256657,0.11521241470394013,0.046246973365617436,0.0749636803874092,0.1760840854061193,-0.16271186440677965,-0.09959718247853841,-0.4845146379044684,-0.4498547215496368,-0.5291723530706581,-0.4808320493066256,-0.478448162007484,-0.6202817521461589,-0.5934756768655074,-0.3944419986792868,0.023579132731675105,0.0664538850979529,-0.08918996257979309,0.02364736957957297,-0.11800352190182699,-0.20358353510895882,-0.3127162667840634,-0.20439577371780762,0.13371560642747082,0.20335241030156284,-0.1459784283513097,0.0037442218798151,0.12018930222320053,0.21893022232005283,0.6983777239709443,0.3284855822143958,0.30447941888619856,0.3183843275368699,0.6368280871670702,-0.03228703499889941,0.28215936605767117,-0.057255117763592336,0.01811798371120405,-0.0698217037200088,0.3925599823904909,-0.07471934844816201,-0.1733612150561303,-0.27454545454545454,0.4636363636363636,-0.224554259300022,-0.12184239489324235,-0.34892141756548534,-0.2905657054809597,-0.2825093550517279,-0.19329077701959058,-0.21553598943429453,-0.32659035879374865,-0.3266409861325116,-0.4106009244992296,-0.20028835571208453,-0.17239489324235088,-0.08376183138895003,0.08593220338983051,-0.5052850539291217,-0.38040501871010346,-0.552837332159366,-0.5574003962139555,-0.4192692053709003,-0.21902487343165308,-0.2547633722209993,-0.16329738058551618,-0.30519700638344704,-0.3122760290556901,-0.27253576931543033,-0.03417125247633722,-0.0684305524983491,0.06375963020030817
#102,-0.3156680607528065,0.026033458067356373,-0.36310147479639004,-0.3668765133171913,-0.07342064714946071,-0.22597402597402597,0.1509619194364957,-0.17181598062953995,0.17289676425269646,-0.18268545014307727,0.012405899185560202,-0.25436715826546336,-0.2292493946731235,0.06444419986792868,0.523878494386969,1.0,-0.253317191283293,-0.24908430552498348,0.5577745982830729,0.31661897424609287,0.24966101694915255,0.6055271846797271,0.024032577591899626,0.6070438036539731,0.14032137354171254,0.34928461369139335,-0.21990975126568346,-0.2069161347127449,-0.25424829407880256,-0.20935725291657495,-0.4490446841294299,-0.12614571868809157,-0.5344684129429892,-0.3721175434734757,-0.2527690953114682,-0.2150231124807396,-0.20965881576051068,0.08563944530046225,0.06482720669161347,-0.04546995377503852,0.01144618093770636,-0.017479639005062733,0.155148580233326,0.2506779661016949,-0.04465331278890601,0.36222540171692713,-0.48403037640325774,-0.3429407880255338,-0.28996257979308826,-0.07053929121725731,-0.46220779220779223,-0.3616729033678186,-0.480033017829628,-0.17703059652212194,-0.05554479418886198,0.07312788906009245,-0.0771384547655734,0.4456416464891041,-0.08199427690953115,0.12039841514417786,-0.30658815760510677,-0.25877613911512215,0.21278010125467753,0.517490644948272,0.00388069557561083,0.05729473915914594,0.14232885758309488,0.2393880695575611,0.4290953114681928,0.4150935505172793,-0.10441998679286815,0.16587717367378385,0.18215936605767113,-0.22638564825005503,0.11329077701959057,-0.07088047545674664,-0.13272947391591458,-0.19601144618093772,0.16488663878494386,0.3105260840854061,-0.1686022452124147,-0.256814880035219,0.23883777239709444,-0.3591503411842395,-0.10653973145498569,-0.372260620735197,-0.282326656394453,-0.2729782082324455,-0.3321307506053269,-0.1391437376183139,-0.10750385208012327,-0.22007704160246533,-0.21828087167070218,-0.07806515518379925,-0.11874312128549416,-0.19373541712524764,0.3962491745542593,-0.5467972705260841,-0.3233810257539071,-0.5027624917455426,-0.4231983270966322,-0.5247545674664319,-0.32884877834030374,-0.416946951353731,-0.4511160026414264,-0.3828923618754127,-0.4646621175434735,-0.27943649570768214,-0.1848646268985252,-0.005694475016508915,0.11272507153863086
#201,0.6368919216376844,0.49374642306845695,0.7383182918776139,0.6391481399955976,0.17198327096632182,0.18220559101915035,0.09769755668060753,0.19518379925159587,0.17544353951133612,0.7410983931322914,0.3593748624257099,0.06982830728593441,0.2639159145938807,0.0813449262601805,-0.10804094210873871,-0.253317191283293,1.0,0.41120405018710104,-0.32321153422848337,-0.01199867928681488,0.14794849218578032,-0.22301122606207352,0.2100594320933304,-0.21494607087827428,0.12358573629760071,-0.11363416244772177,0.4107307946290997,0.19854721549636803,0.3032423508694695,0.04222540171692714,0.14756988773937926,0.34076161127008586,0.2903147699757869,0.18803213735417126,0.09747963900506273,0.22838652872551177,0.15892141756548536,-0.05183359013867488,-0.10861545234426591,0.10972485141976668,-0.07687651331719128,0.10127668941228263,-0.06494607087827427,-0.06343165309267004,-0.053422848338102576,-0.13738718908210434,0.36467092229804093,0.10491305304864627,0.14709663218137795,0.014477217697556681,0.2961457186880916,0.37776139115122165,0.4049548756328417,0.18565265243231344,0.17607307946290998,0.13726612370680166,-0.23215716486902926,-0.4167246313009025,-0.13694254897644728,-0.29165089148139994,-0.21489984591679506,-0.1990578912612811,-0.23521681708122386,-0.2165925599823905,0.1975676865507374,0.039779881135813336,-0.20233546114902048,-0.3851287695355492,-0.013226942548976448,-0.0032159366057671144,0.29226502311248076,0.18149900946511116,-0.1671384547655734,0.14773057451023552,-0.30862425709883334,-0.0940677966101695,-0.2758881796169932,-0.14340303764032578,0.15892361875412722,0.13338542813119084,-0.4233436055469954,0.06892802113141096,-0.08952234206471495,-0.008879594981289896,-0.1386484701738939,-0.2364274708342505,-0.1416817081223861,0.450462249614792,0.20005502971604666,0.051837992515958616,0.04324455205811138,-0.0873893902707462,-0.01554259300022012,-0.2256834690732996,-0.2984899845916795,0.4992934184459608,0.22927360774818403,0.4580101254677526,0.41644508034338545,0.4800066035659256,0.39326876513317194,0.4724389170151882,0.22784943869689633,0.258300682368479,0.23229143737618313,0.09630640545894784,0.2768699097512657,-0.19523002421307506,-0.07195685670261942,-0.3654259300022012,-0.2780013207131851
