,#10,#11,#12,#13,#17,#18,#26,#49,#50,#51,#52,#53,#54,#58,#101,#102,#201,#202,#301,#302,#401,#402,#501,#502,#601,#602,#701,#702,#801,#802,#901,#902,#1001,#1002,#1101,#1102,#1201,#1202,#1301,#1302,#1401,#1402,#1501,#1502,#1601,#1602,#1701,#1702,#1801,#1802,#1901,#1902,#2001,#2002,#2101,#2102,#2201,#2202,#2301,#2302,#2401,#2402,#2501,#2502,#2601,#2602,#2701,#2702,#2801,#2802,#2901,#2902,#3001,#3002,#3101,#3102,#3201,#3202,#3301,#3302,#3401,#3402,#3455,#3501,#3502,#3601,#3602,#3701,#3702,#3801,#3802,#3901,#3902,#4001,#4002,#4101,#4102,#4201,#4202,#4301,#4302,#4401,#4402,#4501,#4502,#4601,#4602,#4701,#4702,#4801,#4802
#10,1.0,0.451171032357473,0.4274774378164209,0.47579132731675106,0.13852520360994938,0.43839973585736297,0.26662117543473474,0.6745036319612591,0.3515100154083205,0.4548734316530927,0.5913317191283293,0.33789566365837553,0.5480981730134272,0.15524543253356812,-0.4194188861985472,-0.1873563724411182,0.41637904468412945,0.35435615232225404,-0.1313317191283293,-0.2161038961038961,-0.46912832929782083,-0.12951573849878933,-0.05156064274708343,0.10270746202949593,0.17768214836011445,0.07970063834470614,0.035390710983931324,0.34761611270085846,0.059724851419766675,0.31033898305084745,0.04159586176535329,0.04408540611930442,0.06281972265023113,0.04919876733436056,-0.08337662337662338,-0.029881135813339205,-0.22852080123266563,-0.1843649570768215,-0.25919216376843496,0.12778780541492407,-0.15942989214175654,0.16064274708342505,-0.1213779440898085,-0.3493110279550958,-0.1758023332599604,-0.04132071318511996,0.24806515518379926,0.11945410521681708,0.05430992736077482,-0.012271626678406339,0.09234866828087167,-0.07929782082324455,-0.1320647149460709,-0.0037750385208012325,-0.33578472375082546,-0.026330618534008365,-0.39200308166409864,-0.3596390050627339,-0.23790006603565925,0.0725313669381466,0.08073519700638344,0.14860004402377283,-0.016803874092009684,0.06621395553598944,0.4123288575830949,-0.3049086506713625,0.04006383447061413,0.06872331058771737,0.011303103675985032,0.11374202069117323,0.3156812678846577,0.4054237288135593,0.24650451243671584,0.37250935505172794,-0.2583931322914374,-0.018762931983270965,-0.0036077481840193705,0.06119524543253357,0.18413383226942548,0.14371560642747083,0.12475676865507374,0.19282852740479858,-0.1319392471934845,-0.13042482940788025,-0.09129650011005944,0.3075786924939467,0.20431432973805855,-0.15716927140655954,-0.09311688311688311,-0.018998459167950694,0.014334140435835351,0.1089654413383227,0.05112920977327757,0.11800792427911072,0.20829187761391152,0.11425930002201189,0.3587761391151222,0.3381201848998459,0.299603786044464,0.22955976227162667,0.06828307285934404,0.15219018269865728,0.29176315210213516,0.13490204710543693,0.16561523222540173,0.08516398855381906,0.2182390490865067,0.11677305745102355,0.15987893462469735,0.10139995597622717,0.009506933744221879
#11,0.451171032357473,1.0,0.3086110499669822,0.43261941448382124,0.05644728153202729,0.1564406779661017,0.4598833370019811,0.593134492626018,0.5399207572088928,0.5373189522342064,0.4962425709883337,0.16178956636583755,0.3178626458287475,0.05974686330618534,-0.2143693594541052,-0.23152762491745543,0.3014307726172133,0.2411732335461149,0.13182918776139116,-0.0846665199207572,-0.28208672683248953,-0.20416244772176975,-0.17477657935285054,-0.2697270526084085,0.02431432973805855,-0.20059211974466212,0.11220338983050847,0.15470834250495266,0.0786220559101915,0.040475456746643185,-0.006603565925599824,0.18949372661237068,0.12810037420206913,-0.04030376403257759,0.013044243891701519,0.1177129650011006,-0.029940567906669602,-0.24223860884877835,-0.07393792648029936,0.0074598283072859345,-0.11647809817301343,0.09925599823904908,0.0015320272947391591,-0.36841954655513975,-0.1454655513977548,-0.23603345806735637,0.29238388729914155,-0.03165529385868369,0.09675764913053049,-0.21346246973365618,0.053143297380585514,-0.12777679947171472,-0.009627999119524543,-0.040451243671582655,-0.2989566365837552,-0.0019194364957076822,-0.24016949152542372,-0.38292317851639884,0.02928681488003522,0.04969183359013867,-0.1957473035439137,-0.03615892581994277,-0.09688531807175875,0.11202289236187542,0.16159806295399515,-0.11392031697116443,-0.0011380145278450363,0.36975126568346905,0.05898084965881576,0.03699537750385208,0.28954875632841737,0.3424785384107418,0.08723530706581555,0.26093770636143515,-0.2953686990975127,0.007779000660356593,-0.16624697336561745,-0.04427030596522122,-0.18386748844375964,-0.09775478758529606,-0.0021989874532247415,0.10484701738939027,-0.15849658815760512,-0.22507153863086066,-0.36296279991195246,0.11825885978428351,-0.026473695795729692,-0.21081884217477437,0.03669821703720009,-0.09319392471934845,-0.02823464670922298,0.05981950253136694,0.15231124807395993,0.18840193704600483,0.1691217257318952,-0.10193924719348448,0.1907968302883557,0.10813559322033899,-0.026409861325115563,0.19077922077922077,-0.033631961259079905,0.07840193704600484,0.16953554919656613,0.11855161787365177,0.14174994497028395,-0.0017169271406559542,0.1743517499449703,-0.2333876293198327,-0.10215056130310368,-0.046460488663878495,0.021910631741140215
#12,0.4274774378164209,0.3086110499669822,1.0,0.49661457186880914,-0.11055910191503412,0.30736737838432754,0.11716266784063394,0.34034558661677305,0.026147919876733434,0.25979088707902265,0.307046004842615,0.19543473475676865,0.22208232445520582,-0.01338102575390711,-0.14294078802553378,0.008423948932423509,0.6361413163108078,0.5039973585736297,0.10231124807395994,0.02024653312788906,-0.2824345146379045,0.1634074400176095,0.13882236407660137,0.21453885097952893,0.21421527624917455,0.015252036099493726,0.10249394673123487,0.12416905128769536,0.15817741580453445,0.1483381025753907,-0.005150781421967863,0.08062953995157385,0.19056570548095972,-0.10861765353290777,-0.15259300022011887,-0.0199537750385208,-0.06430332379484922,-0.39819062293638563,-0.1226172132951794,-0.017627118644067796,-0.1407572088928021,-0.13630420427030596,-0.20642967202289236,-0.33906669601584855,-0.33119744662117545,-0.17291657495047325,0.08022011886418666,-0.000325775918996258,-0.18393352410301564,-0.12187541272287035,-0.01283513097072419,-0.04939687431212855,-0.024618093770636142,0.32578472375082546,0.036257979308826765,0.21566145718688093,-0.2530288355712085,-0.40789126128109177,-0.2296235967422408,-0.01605987233105877,-0.026480299361655295,0.10408760730794629,-0.11769535549196566,0.01935064935064935,0.27145938806955755,-0.13604226282192383,0.1345696676205151,0.07265903587937486,0.17982390490865066,0.09762051507814219,0.4677327756988774,0.2843055249834911,0.17900726392251817,0.23709443099273608,-0.11105216817081223,-0.07898965441338322,-0.0847325555800132,-0.048958837772397096,0.110462249614792,0.08713185119964781,0.19654193264362757,0.14168390931102795,-0.13881135813339204,-0.10261281091789566,-0.0848712304644508,0.1332093330398415,0.04848778340303764,-0.13845256438476777,-0.14768434954875634,0.04369579572969404,-0.13696235967422407,-0.04774158045344486,-0.14212634822804315,0.07193484481620074,0.06523442659035879,0.18165749504732556,0.17534228483381026,0.37386528725511775,0.48693154303323793,0.14878494386968963,0.1256944750165089,0.2790358793748624,0.32777459828307287,0.18769535549196567,0.16297380585516177,0.21335901386748846,0.06800792427911072,-0.13367378384327536,0.07164208672683249,-0.03716707021791767,-0.1532489544353951
#13,0.47579132731675106,0.43261941448382124,0.49661457186880914,1.0,-0.22713405238828968,0.2660378604446401,0.2724125027514858,0.37722870349988996,0.25269425489764474,0.5336385648250055,0.32387409200968525,-0.0011864406779661016,0.24899405679066697,-0.06010125467752586,-0.0324653312788906,0.033695795729694035,0.5875941008144397,0.28658815760510675,0.1202179176755448,-0.1283777239709443,-0.10886198547215496,0.06928241250275148,0.22225181598062954,0.17652432313449262,0.33174334140435835,0.08843275368699098,0.17248954435395114,0.20767554479418887,0.03108518600044024,0.04287475236627779,-0.14731895223420646,0.08243451463790447,0.04511776359233986,0.01201188641866608,-0.16186220559101916,0.09329077701959058,-0.12430552498349108,-0.30084965881576053,0.004391371340523883,-0.07517279330838653,-0.08968082764692935,-0.15722209993396435,-0.3413317191283293,-0.35855161787365175,-0.07346907329958177,-0.2763350209112921,0.007602905569007264,-0.0017257318952234207,-0.16228923618754126,-0.07586616773057452,-0.18692273827867048,-0.06709443099273608,-0.007316751045564605,0.12087607307946291,-0.05375963020030817,0.0710873871890821,-0.0940545894783183,-0.3514109619194365,-0.06313449262601804,0.10294078802553379,-0.16084305524983492,-0.08666519920757208,-0.2988333700198107,0.11871670702179177,0.13867928681488004,-0.3347721769755668,-0.016733436055469952,0.014521241470394013,-0.00512656834690733,-0.01438036539731455,0.24817741580453445,0.1933083865287255,0.013966541932643628,0.08081223860884877,-0.14788245652652432,-0.13551617873651772,-0.035144177856042264,-0.07631741140215717,0.06298921417565485,0.16439797490644947,0.0339357252916575,-0.10230244331939248,-0.004180057230904689,-0.1525379705040722,-0.24608628659476117,0.0550033017829628,-0.04949592780101255,-0.18979749064494827,-0.028395333480079242,-0.20558001320713185,-0.09731454985692274,-0.15613251155624036,-0.014505833149900947,0.020125467752586397,0.09224081003742021,0.08307946290997138,0.3066519920757209,0.18677305745102354,0.23427470834250494,-0.02802553378824565,-0.08003521901826986,0.13085406119304424,0.15922518159806295,0.08561963460268544,0.21211974466211755,0.15834910851860004,0.07517059211974467,-0.20066916134712745,-0.19865067136253578,0.027387189082104337,-0.03791987673343605
#17,0.13852520360994938,0.05644728153202729,-0.11055910191503412,-0.22713405238828968,1.0,0.25140655954215274,0.3345366497908871,0.14216596962359673,0.11670702179176755,-0.06548756328417345,0.09324895443539512,0.49907329958177415,0.17145498569227383,0.38180277349768876,-0.4166651992075721,-0.3526964560862866,-0.051631080783623155,0.02105216817081224,-0.10679947171472595,-0.11932863746423068,-0.35393792648029937,-0.2910697776799472,-0.2310147479639005,-0.11250275148580233,-0.20953554919656614,0.1235725291657495,-0.18136253576931544,0.05513097072419106,0.10424169051287695,0.3075478758529606,0.2626964560862866,0.12171252476337222,0.197937486242571,0.21607528065155185,0.2735725291657495,0.10697116442879155,-0.07120845256438477,0.3599273607748184,-0.02947391591459388,0.2590006603565926,0.3117059211974466,0.28155403918115784,0.04801012546775259,0.10252696456086287,0.07364736957957296,0.06613911512216597,0.3651926040061633,0.027017389390270746,0.3249108518600044,0.06686990975126568,0.24447721769755668,0.045340083645168394,-0.05849878934624697,-0.2568346907329958,-0.34170151882016286,-0.1710279550957517,-0.35543253356812676,-0.09963240149680827,0.15445960818842175,0.08027955095751706,0.29911071978868586,0.20508474576271185,0.2378758529605987,0.08118423948932424,0.28422848338102574,0.29206251375742903,0.3333678186220559,0.06409200968523003,-0.12957737178076162,-0.014384767774598283,-0.07565925599823906,-0.22366277790006603,-0.042474136033458065,0.09409861325115562,-0.18815980629539952,0.03677305745102355,0.0011820383006823684,-0.008881796169931764,0.053066255778120186,0.01670261941448382,0.19795949812898966,0.39559982390490867,-0.08105216817081223,0.09333700198106978,0.4033303984151442,0.23345146379044684,0.2738102575390711,0.20635042923178518,0.1715562403697997,0.3351948051948052,0.2197622716266784,0.14388509795289456,0.09343165309267004,0.11837992515958617,0.049079903147699756,-0.024692934184459607,0.28059211974466214,0.2561809377063614,-0.042031697116442876,0.2383381025753907,0.14084745762711864,0.22252256218357913,0.315610829848118,0.27018930222320053,0.055296059872331056,0.1269953775038521,-0.01978428351309707,0.2567312348668281,0.13839093110279552,0.21899185560202508,0.12251375742901166
#18,0.43839973585736297,0.1564406779661017,0.30736737838432754,0.2660378604446401,0.25140655954215274,1.0,0.2781113801452785,0.23180277349768874,0.19095311468192824,0.27033017829628,0.25700858463570325,0.4567686550737398,0.43391811578252254,0.20418005723090468,-0.38670482060312567,-0.19417785604226281,0.47607307946291,0.45494607087827427,-0.20343825665859563,-0.1640545894783183,-0.2514791987673344,0.038135593220338986,0.025474356152322256,0.21698217037200088,0.10091349328637464,0.09627338762931983,0.1607660136473696,0.13316751045564604,0.4859123926920537,0.40871230464450803,0.5033964340744002,0.3080409421087387,0.1609839313229144,-0.027070217917675544,0.03867928681488004,0.0650297160466652,-0.018921417565485363,0.1190909090909091,-0.19025974025974027,0.12238168611049967,0.19130310367598502,-0.039601584855822144,-0.2668545014307726,-0.03668500990534889,0.1067048206031257,-0.15659035879374864,0.2700682368478979,-0.0677657935285054,-0.0027316751045564605,-0.02704600484261501,-0.10758529605987233,-0.1923134492626018,0.07112920977327757,-0.1149570768214836,-0.03363636363636364,-0.027123046445080342,-0.3768611049966982,-0.33994276909531146,-0.048390931102795506,-0.034780981730134275,-0.0399075500770416,-0.07698657274928461,-0.1612194585075941,-0.15521241470394012,0.21213735417125248,0.0988531807175875,0.17879154743561523,0.0473893902707462,-0.1588069557561083,0.08629319832709663,0.24042703059652212,0.19852740479859124,-0.11388729914153643,0.13781421967862645,-0.04726172132951794,-0.10701959057891261,-0.12065155183799252,-0.10202289236187541,0.18079022672243011,0.25013427250715387,0.12259520140876073,0.3784745762711864,-0.038027734976887516,0.20179396874312128,0.1521747743781642,0.11456526524323135,0.06347127448822364,0.03414483821263482,-0.050092449922958394,0.20397974906449481,0.1528483381025754,0.11727272727272728,0.19063834470614133,0.0848382126348228,0.01022672243011226,0.34069117323354614,0.3248580233325996,0.4176469293418446,0.2152674444199868,0.07256878714505834,-0.1860114461809377,0.46616112700858464,0.2995113361215056,0.10077922077922077,-0.01579572969403478,0.18226282192383889,-0.09464010565705482,-0.031223860884877833,0.25376183138895003,-0.054836011446180936,-0.11966541932643628
#26,0.26662117543473474,0.4598833370019811,0.11716266784063394,0.2724125027514858,0.3345366497908871,0.2781113801452785,1.0,0.5685934404578472,0.5583270966321814,0.5935945410521681,0.5898921417565486,0.411798371120405,0.4106009244992296,0.5091987673343605,-0.297046004842615,-0.3314329738058552,0.28839533348007923,0.16443539511336122,0.21285053929121725,-0.20236847897864846,-0.49068236847897867,-0.3578890600924499,-0.2166255778120185,-0.1348316090688972,-0.23381906229363855,0.02661897424609289,-0.019498128989654414,-0.019605987233105877,0.13624036979969184,0.2698305084745763,0.1412722870349989,0.16810477657935285,0.09154083204930663,0.10891041162227603,-0.0015122165969623596,0.2435857362976007,-0.008318291877613912,0.13840854061193045,-0.048804754567466434,0.022606207351970064,0.09025533788245653,0.12805414924058992,-0.21729253797050407,-0.1479969183359014,-0.0872507153863086,-0.3026062073519701,0.22770856262381686,0.0461369139335241,0.13505833149900948,-0.3000088047545675,0.12834690732995818,-0.14552058111380145,-0.15349768875192604,-0.2513933524103016,-0.4541008144397975,-0.08187541272287036,-0.46845916795069337,-0.3723750825445741,0.0664472815320273,0.05462029495927801,0.0586946951353731,0.14340303764032578,0.19010785824345147,0.162194585075941,0.18798591239269205,-0.03036979969183359,0.4065529385868369,0.34015628439357254,0.06293858683689192,0.011226062073519701,0.31316310807836234,0.12966541932643627,0.21250715386308608,0.3641800572309047,-0.1670261941448382,0.11580233325996038,-0.05277569887739379,-0.028978648470173896,-0.09033458067356373,0.17747963900506272,0.17002421307506052,0.13013207131851198,-0.15481620074840413,0.14114241690512877,0.022782302443319392,0.27570988333700197,0.3528021131410962,-0.14948272066916135,-0.08066475896984372,0.054336341624477216,-0.01833149900946511,0.10937046004842615,0.09474796390050627,0.29717587497248515,0.2506581554039181,-0.09481399955976227,0.3786110499669822,0.19248954435395113,-0.24847897864847018,0.27769535549196567,0.0936847897864847,0.26002201188641866,0.03937046004842615,0.17789346246973364,0.05953995157384988,0.01968082764692934,-0.011069777679947171,-0.0672573189522342,-0.010292758089368258,0.0939357252916575,0.18732775698877394
#49,0.6745036319612591,0.593134492626018,0.34034558661677305,0.37722870349988996,0.14216596962359673,0.23180277349768874,0.5685934404578472,1.0,0.5174246092890161,0.6157186880915695,0.7196588157605107,0.25090248734316534,0.48209112920977326,0.2427690953114682,-0.46670702179176754,-0.2895333480079243,0.34337882456526525,0.2447325555800132,-0.03905348888399736,-0.1209156944750165,-0.4490909090909091,-0.23811578252256219,-0.19877834030376404,-0.13880915694475016,-0.07083204930662558,-0.016161127008584637,0.16848558221439577,0.19478978648470174,-0.032828527404798594,0.1870922298040942,-0.1342372881355932,0.008600044023772837,-0.08615892581994276,0.1601584855822144,-0.10536209553158705,0.09486682808716707,-0.23334140435835352,-0.07068897204490425,-0.22879594981289897,0.14135373101474796,-0.22659476117103236,0.0813713405238829,-0.0987475236627779,-0.29495267444419987,-0.19625137574290116,-0.19381686110499668,0.30078142196786267,0.220429231785164,0.2715606427470834,-0.17852080123266564,0.15752366277790006,-0.08456746643187321,-0.05889720449042483,-0.09930002201188642,-0.3223398635263042,0.07510015408320493,-0.3320779220779221,-0.3183226942548976,-0.21129429892141757,-0.01598283072859344,0.13776139115122166,0.09702839533348008,0.07965441338322694,0.09406339423288576,0.3458947831829188,-0.20928241250275148,0.07021571648690293,0.19343825665859565,0.04812898965441338,0.06665639445300463,0.31163328197226503,0.4434932863746423,0.397310147479639,0.5386286594761172,-0.04902487343165309,0.20980849658815762,0.1158463570327977,0.13344706141316312,-0.11283072859344045,-0.039922958397534666,0.052240810037420204,0.1551221659696236,-0.25390710983931325,-0.11917235307065815,-0.13081664098613252,0.2606647589698437,0.14084745762711864,-0.3432863746423068,-0.11538850979528946,0.015474356152322254,0.017886858903808055,0.022359674224081003,0.006946951353731015,0.0863548316090689,0.09815760510675765,-0.12142196786264584,0.3492670041822584,0.20248294078802553,-0.013317191283292978,0.3813229143737618,0.17955976227162668,0.05437596302003082,0.13590799031476997,0.18266123706801674,0.12396434074400176,-0.05832489544353951,0.22318071758749725,0.08012326656394453,0.03092670041822584,-0.08525643847677745,-0.07725511776359234
#50,0.3515100154083205,0.5399207572088928,0.026147919876733434,0.25269425489764474,0.11670702179176755,0.19095311468192824,0.5583270966321814,0.5174246092890161,1.0,0.5919524543253357,0.5244155844155844,0.15458727712965,0.36424169051287697,0.4035659255998239,-0.11401496808276469,-0.19152982610609728,0.09678406339423289,0.19305524983491085,0.24366938146599162,-0.22296279991195245,-0.32223640766013645,-0.35197666740039624,-0.34206691613471274,-0.342359674224081,-0.30242350869469514,-0.2862095531587057,-0.13436495707682147,-0.04750385208012327,0.10678406339423288,0.049458507594100816,0.10096412062513757,0.2097952894563064,0.008203830068236847,0.16627118644067795,0.07411182038300683,0.3295003301782963,0.1412128549416685,-0.03068016729033678,-0.06460488663878494,-0.1222804314329738,-0.029561963460268546,0.0963548316090689,-0.1489522342064715,-0.0876667400396214,-0.22728593440457848,-0.29584415584415585,0.20618754127228703,-0.007708562623816861,-0.007398195025313669,-0.2716552938586837,-0.07381245872771297,-0.21138234646709222,-0.4004556460488664,-0.3317741580453445,-0.4204732555580013,-0.24396654193264364,-0.31583094871230466,-0.2957957296940348,0.07315650451243672,-0.08874312128549416,0.07844155844155844,0.011598062953995158,0.0677459828307286,0.0514571868809157,0.07044023772837332,-0.07697776799471714,0.0723134492626018,0.34897204490424827,0.1362293638564825,-0.019806295399515738,0.1446929341844596,0.12935725291657496,0.1386352630420427,0.21005723090468853,-0.16244772176975567,-0.007321153422848338,0.00950033017829628,-0.04162007484041382,-0.2222870349988994,-0.1162161567246313,-0.18169051287695356,0.04942769095311468,-0.00488003521901827,-0.08496808276469293,-0.1395905789126128,0.30945630640545896,0.20905569007263922,-0.24672903367818622,-0.0026876513317191284,-0.12561743341404358,-0.05515078142196786,0.2817147259520141,0.07178736517719568,0.31572309046885316,0.2485097952894563,-0.16544794188861986,0.09283733215936606,0.01769755668060753,-0.2846136913933524,0.08010125467752587,-0.03431212854941668,-0.029931763152102137,-0.0162095531587057,-0.05458067356372441,0.012069117323354611,-0.07214615892581994,0.08992956196346027,0.023913713405238828,0.13007043803653973,0.21476997578692494,0.21742460928901608
#51,0.4548734316530927,0.5373189522342064,0.25979088707902265,0.5336385648250055,-0.06548756328417345,0.27033017829628,0.5935945410521681,0.6157186880915695,0.5919524543253357,1.0,0.6510675764913053,0.1661765353290777,0.4140083645168391,0.2718864186660797,-0.07921637684349549,-0.162095531587057,0.4647457627118644,0.26057671142416905,0.40745982830728594,-0.23637023992956196,-0.26926920537090027,-0.2228483381025754,0.01195905789126128,-0.059203169711644285,0.04050187101034559,-0.013904908650671363,0.1658991855602025,0.10068897204490425,0.14152762491745544,0.2079088707902267,-0.06987233105877173,0.029768875192604006,-0.05888399735857363,-0.08429231785163989,-0.054204270305965224,0.042335461149020474,-0.030046224961479198,-0.22291877613911512,-0.06944530046224962,-0.02689632401496808,-0.06360114461809377,0.001234866828087167,-0.10805635042923178,-0.3362007484041382,-0.16447941888619855,-0.3804138234646709,0.10745762711864407,0.028197226502311247,-0.13198327096632181,-0.3625952014087607,-0.010948712304644509,-0.11085186000440238,-0.09651992075720889,-0.10812018489984591,-0.21669601584855822,0.0464076601364737,-0.2442130750605327,-0.436583755227823,-0.1601254677525864,0.0739159145938807,-0.10092449922958398,-0.1209949372661237,-0.034558661677305744,0.03435395113361215,0.220924499229584,-0.14435835351089588,0.09945850759410081,0.22193044243891702,0.15900726392251815,0.023799251595861767,0.35047105436935944,0.26030156284393574,0.1134932863746423,0.17526524323134493,-0.22495927801012547,-0.08375522782302443,-0.028677085626238167,-0.052791107197886857,-0.07067356372441118,0.11552938586836892,-0.005179396874312129,-0.05938366718027735,-0.15867048206031256,-0.1032885758309487,-0.2861457186880916,0.16446841294298922,0.05388069557561083,-0.25828307285934404,-0.07683689192163769,-0.12825225621835792,-0.19891701518820162,-0.09415804534448602,-0.023891701518820162,0.1491701518820163,0.2270151882016289,0.027473035439137133,0.29235527184679727,0.09464450803433855,-0.09376623376623376,0.014034778780541492,-0.10994937266123707,0.10735857362976008,-0.014094210873871891,0.059368258859784286,0.08460928901606868,-0.08451683909311028,0.02801452784503632,-0.13573409641206252,-0.08704820603125688,0.028615452344265904,0.09784283513097072
#52,0.5913317191283293,0.4962425709883337,0.307046004842615,0.32387409200968525,0.09324895443539512,0.25700858463570325,0.5898921417565486,0.7196588157605107,0.5244155844155844,0.6510675764913053,1.0,0.293614351749945,0.557409200968523,0.32535769315430335,-0.2999471714725952,-0.17631300902487343,0.3490182698657275,0.3211754347347568,0.13842174774378163,-0.15187981510015408,-0.4159520140876073,-0.20165309267004183,-0.07461369139335242,0.05334580673563724,-0.09255998239049086,-0.019826106097292538,-0.028208232445520582,0.051292097732775696,0.09637023992956197,0.117343165309267,0.028415144177856042,-0.10907550077041603,0.10076601364736958,-0.07979969183359013,-0.25066035659256,-0.012953995157384988,-0.24072198987453225,-0.2615364296720229,-0.32860664758969843,-0.09954435395113362,-0.18964560862865948,-0.049900946511116005,-0.12988553819062293,-0.32241470394012767,-0.16431653092670043,-0.19780541492405898,0.08804314329738058,0.006759850319172353,0.06010125467752586,-0.15717367378384328,0.053026634382566586,-0.15645828747523663,-0.03190843055249835,0.029599383667180276,-0.29883116883116884,0.04002421307506053,-0.33303543913713407,-0.38862425709883336,-0.20408100374202068,0.027435615232225402,0.046999779881135816,0.037343165309267005,0.06439357252916575,0.07955756108298481,0.1866321813779441,-0.10049966982170372,0.1838696896324015,0.1150231124807396,0.2840281752146159,0.19080563504292317,0.4335527184679727,0.42012766894122827,0.3168016729033678,0.40960158485582215,-0.17231565045124367,0.03570548095971825,0.06691393352410302,0.06077922077922078,0.1427162667840634,0.08632621615672463,0.007646929341844596,0.04521021351529826,-0.13603565925599823,-0.05026194144838213,-0.19205811138014528,0.2719590578912613,0.2449966982170372,-0.3351243671582655,-0.2490777019590579,-0.056007043803653976,-0.24642526964560862,0.036075280651551835,-0.05282852740479859,0.1633370019810698,0.2377129650011006,0.057655734096412066,0.23110939907550077,0.22727933083865287,0.0338300682368479,0.10810917895663659,0.08182478538410742,0.19862645828747524,0.05097292537970504,0.15290997138454765,0.05465331278890601,0.020858463570327977,0.11982390490865068,0.01532687651331719,0.09642306845696676,0.03557120845256438,0.025815540391811578
#53,0.33789566365837553,0.16178956636583755,0.19543473475676865,-0.0011864406779661016,0.49907329958177415,0.4567686550737398,0.411798371120405,0.25090248734316534,0.15458727712965,0.1661765353290777,0.293614351749945,1.0,0.3987607307946291,0.5205018710103456,-0.3760906889720449,-0.27948932423508693,0.2142769095311468,0.2230596522121946,-0.08074840413823464,-0.14705701078582434,-0.4771208452564385,-0.15144177856042262,-0.18670261941448382,0.10250935505172794,-0.09189962579793089,0.2681532027294739,-0.10672463130090248,-0.021899625797930884,0.3713317191283293,0.40625137574290116,0.35815760510675765,0.2595311468192824,0.10044904248294079,0.01075941008144398,0.12632401496808277,0.08761831388950032,-0.04068236847897865,0.2851309707241911,-0.07833590138674884,0.292689852520361,0.11056130310367598,0.26311248073959936,-0.2210741800572309,-0.08734536649790887,0.1213713405238829,-0.07114902047105437,0.2494981289896544,-0.004239489324235087,0.08843935725291657,-0.1362821923838873,0.06679506933744223,-0.23028175214615892,-0.14905569007263922,-0.1123200528285274,-0.33339203169711645,-0.06245652652432313,-0.5480629539951574,-0.28925159586176535,-0.12018269865727493,-0.044305524983491086,0.3356834690732996,0.20334360554699538,0.29513757429011667,0.2123728813559322,0.14971824785384108,0.06698437156064274,0.4788531807175875,0.1613779440898085,0.06099933964340744,0.07784503631961259,0.23183799251595863,0.09773717807616113,0.1066123706801673,0.20492185780321373,-0.21341844596081885,-0.05856922738278671,-0.24425709883337002,-0.24381465991635484,0.28175874972485143,0.3558595641646489,0.32503191723530706,0.4899471714725952,-0.09917895663658376,0.3517675544794189,0.3955359894342945,0.39241030156284396,0.3776909531146819,0.01818181818181818,0.020906889720449042,0.4303786044464011,0.26909311027955096,0.185214615892582,0.1594408980849659,0.2621439577371781,0.34793308386528726,0.13911512216596963,0.3940479859123927,0.4289654413383227,0.19434074400176096,0.3142460928901607,-0.033959938366718026,0.3769381465991635,0.19939027074620294,0.23754347347567686,0.03663878494386969,0.21081443979749065,-0.054008364516839096,0.24291657495047325,0.22337662337662337,0.02288135593220339,0.05444199867928681
#54,0.5480981730134272,0.3178626458287475,0.22208232445520582,0.24899405679066697,0.17145498569227383,0.43391811578252254,0.4106009244992296,0.48209112920977326,0.36424169051287697,0.4140083645168391,0.557409200968523,0.3987607307946291,1.0,0.2763240149680828,-0.29855161787365175,-0.3671186440677966,0.39926040061633283,0.3580827646929342,0.0003830068236847898,-0.40548756328417346,-0.35736517719568567,-0.23059652212194584,0.07064935064935066,-0.0027712965001100596,0.1827492846136914,0.056669601584855823,0.06676205150781422,0.2251617873651772,0.49669381465991636,0.218168611049967,0.19896324014968084,0.18976887519260402,-0.11409641206251375,-0.11351749944970284,-0.015031917235307066,0.07757869249394674,-0.09516398855381906,-0.10527184679727053,-0.2338961038961039,0.06405018710103456,-0.14906449482720668,0.18063614351749946,-0.1614769975786925,-0.2944574069997799,-0.11333039841514418,-0.3514813999559762,0.042859344045784724,0.12632621615672462,0.12229583975346688,-0.004197666740039622,-0.07450363196125907,-0.1266585956416465,-0.044679727052608406,-0.13743121285494167,-0.09954875632841735,-0.15987012987012986,-0.2517147259520141,-0.34401056570548094,-0.10030156284393572,0.011432973805855161,0.11403697996918336,0.1338168611049967,0.019385868368919215,0.08574290116662998,0.2056504512436716,-0.2316024653312789,0.13937046004842615,0.06894342945190403,0.040158485582214395,-0.1537970504072199,0.3834602685450143,0.2393220338983051,0.17420427030596522,0.311948051948052,-0.13687871450583314,0.11694254897644728,0.028492185780321373,0.17007043803653973,0.26173673783843276,0.08729033678186221,0.09907550077041602,0.29643627558881797,0.05379925159586176,0.11998239049086507,-0.058283072859344046,0.3167686550737398,0.3151573849878935,-0.05346026854501431,0.02146819282412503,0.04864626898525204,-0.06044464010565705,0.2575985031917235,0.02893682588597843,0.19084085406119305,0.14767554479418887,0.1794210873871891,0.3456240369799692,0.20515298261060974,0.07935285053929121,0.054538850979528944,0.06784723750825446,0.2037046004842615,0.08081223860884877,-0.03906009244992296,-0.06933524103015629,-0.09171692714065595,0.07012326656394453,0.11007043803653974,0.23256218357913272,0.1049768875192604,0.11657715166189743
#58,0.15524543253356812,0.05974686330618534,-0.01338102575390711,-0.06010125467752586,0.38180277349768876,0.20418005723090468,0.5091987673343605,0.2427690953114682,0.4035659255998239,0.2718864186660797,0.32535769315430335,0.5205018710103456,0.2763240149680828,1.0,-0.24426150121065376,-0.23049526744441998,0.02805414924058992,0.12758529605987234,0.1187937486242571,-0.1175478758529606,-0.35426810477657933,-0.3069711644287915,-0.2936583755227823,-0.09052608408540612,-0.25001540832049307,0.022249614791987674,-0.22305084745762713,-0.24522562183579133,0.17662998018930223,0.24489984591679506,0.21686550737398194,0.22427911071978868,-0.10197446621175435,0.07240149680827647,0.11891261281091789,0.18967642526964562,-0.05040501871010346,0.27052388289676427,-0.05350649350649351,0.1237046004842615,0.09257979308826766,0.29524763372220997,-0.17652432313449262,0.022047105436935947,0.020068236847897866,-0.09453444860224522,0.13690953114681928,-0.055531587057010785,0.0017961699317631521,-0.26832269425489763,0.1601386748844376,-0.20011446180937706,-0.26402597402597405,-0.31681267884657716,-0.39782742681047767,-0.1330310367598503,-0.3864230684569668,-0.1302707462029496,0.03103896103896104,-0.07016949152542373,0.3869205370900286,0.19952674444199867,0.4660180497468633,0.12637244111820384,0.024816200748404137,0.09846136913933524,0.412293638564825,0.22762491745542593,0.20992515958617652,0.11364736957957297,0.17170592119744663,0.12233546114902047,0.2481465991635483,0.2865243231344926,0.03456526524323134,0.09581113801452784,0.12319172353070658,-0.044232885758309484,0.08350429231785164,0.1275808936825886,0.185016508914814,0.21587277129650012,-0.11189742460928902,0.23942989214175656,0.22860004402377285,0.32586396654193267,0.39668060752806517,-0.03641206251375743,0.1321901826986573,0.24818401937046006,0.2818137794408981,0.16032357473035438,0.0008782742681047766,0.1886880915694475,0.19672683248954437,-0.02399075500770416,0.1536979969183359,0.12664318732115343,-0.17761611270085848,0.14135373101474796,-0.09234206471494608,0.17810477657935286,0.08110939907550077,0.07325996037860445,-0.0710741800572309,-0.10126128109178957,-0.21073959938366718,0.27180057230904686,0.04573629760070438,0.12680607528065155,0.07018930222320052
#101,-0.4194188861985472,-0.2143693594541052,-0.14294078802553378,-0.0324653312788906,-0.4166651992075721,-0.38670482060312567,-0.297046004842615,-0.46670702179176754,-0.11401496808276469,-0.07921637684349549,-0.2999471714725952,-0.3760906889720449,-0.29855161787365175,-0.24426150121065376,1.0,0.376682808716707,0.013308386528725511,-0.25484261501210653,0.45085626238168613,-0.004836011446180938,0.6138212634822804,0.026134712744882237,0.14925819942769095,-0.09333920316971164,0.17406339423288575,-0.20934404578472376,-0.1098283072859344,-0.3551948051948052,-0.017712965001100596,-0.5181135813339203,-0.1834734756768655,-0.2738366718027735,-0.1301188641866608,-0.25550957517059214,-0.11307065815540392,-0.12269425489764473,0.4090909090909091,-0.3061963460268545,0.46967422408100373,-0.4493660576711424,-0.13690512876953556,-0.09469513537310148,0.10069997798811359,0.16959938366718028,-0.06700418225841955,-0.07312128549416685,-0.4219084305524983,-0.1226172132951794,-0.49814439797490645,-0.21790226722430112,-0.25201188641866606,-0.016636583755227825,-0.07534668721109399,0.14478758529605987,0.38710323574730354,-0.08920316971164428,0.32037860444640104,-0.09502531366938147,-0.03533127889060093,-0.36524763372221,-0.21734756768655072,-0.22030156284393573,0.0052520360994937265,-0.09480519480519481,-0.5031587057010786,-0.06947611710323574,-0.10107638124587277,0.053565925599823906,0.4080871670702179,-0.05105436935945411,0.03157825225621836,-0.2741932643627559,-0.06178296279991195,-0.46071978868589036,0.07666960158485582,-0.2847083425049527,-0.07800132071318512,-0.3221659696235967,0.09950473255558001,-0.1417081223860885,-0.11167290336781863,-0.451996478098173,0.10332819722650231,0.01915034118423949,-0.0871714725952014,-0.2056218357913273,-0.10821923838872992,-0.14625357693154303,-0.06516398855381907,-0.2695927801012547,-0.3021703720008805,-0.20904908650671364,-0.2996566145718688,0.013557120845256438,-0.06904688531807177,0.0450429231785164,-0.48132291437376185,-0.3607770195905789,-0.03582434514637904,-0.22983491085186,-0.27244992295839754,-0.2339555359894343,-0.3125709883337002,-0.24711644287915474,0.07638784943869689,-0.06259300022011886,-0.03917235307065815,-0.16753026634382567,-0.32746643187321156,-0.1508826766453885,-0.013466872110939908
#102,-0.1873563724411182,-0.23152762491745543,0.008423948932423509,0.033695795729694035,-0.3526964560862866,-0.19417785604226281,-0.3314329738058552,-0.2895333480079243,-0.19152982610609728,-0.162095531587057,-0.17631300902487343,-0.27948932423508693,-0.3671186440677966,-0.23049526744441998,0.376682808716707,1.0,-0.03208012326656395,-0.015254237288135594,-0.1432049306625578,0.63966982170372,0.43710983931322916,0.5701078582434514,-0.06416685009905349,0.26312788906009243,-0.02447061413163108,-0.04642306845696676,-0.4301452784503632,-0.3542725071538631,-0.2998151001540832,-0.09192824125027514,-0.10439797490644949,-0.2834096412062514,0.023103675985031918,-0.12087607307946291,-0.1450033017829628,-0.21447501650891482,-0.10456746643187322,-0.12744662117543473,-0.09463130090248734,-0.22080783623156505,-0.12378164208672683,-0.2858551617873652,0.019962579793088266,0.039418886198547214,0.016830288355712084,0.44792207792207794,-0.29288355712084524,-0.21463130090248733,-0.42395773717807617,0.031926040061633285,-0.19754347347567686,-0.2708562623816861,-0.14532467532467533,0.4487673343605547,0.30056130310367596,0.0887607307946291,0.01784503631961259,0.26476997578692496,-0.21935505172793307,-0.3433149900946511,-0.08208012326656394,-0.16917455425930003,-0.16642967202289236,-0.09559762271626679,-0.326040061633282,-0.05143297380585516,-0.145544794188862,-0.10024653312788906,0.3746357032797711,0.2932115342284834,0.02861104996698217,0.01604226282192384,-0.16505392912172573,-0.2986484701738939,0.05923398635263042,-0.23138014527845036,-0.06195685670261941,-0.1676139115122166,-0.17250715386308607,0.03204490424829408,0.15814880035219017,-0.24188641866607968,0.04276249174554259,0.1363548316090689,0.09064274708342505,-0.037820823244552056,-0.15073519700638344,-0.20452344265903588,-0.22642306845696678,-0.26691393352410303,-0.15239709443099272,-0.25319172353070657,-0.3875038520801233,-0.11570548095971825,-0.26671362535769316,0.2333281972265023,-0.4696896324014968,-0.1383138895003302,0.3260334580673564,-0.22134272507153863,-0.21469293418445962,-0.22499229583975347,-0.11582434514637904,-0.23568567026194145,0.17159366057671144,-0.04251595861765353,0.07526964560862866,-0.09675764913053049,-0.13193484481620074,-0.1604028175214616,-0.21778340303764032
#201,0.41637904468412945,0.3014307726172133,0.6361413163108078,0.5875941008144397,-0.051631080783623155,0.47607307946291,0.28839533348007923,0.34337882456526525,0.09678406339423289,0.4647457627118644,0.3490182698657275,0.2142769095311468,0.39926040061633283,0.02805414924058992,0.013308386528725511,-0.03208012326656395,1.0,0.5412084525643848,0.11968963240149681,-0.2125049526744442,-0.09840413823464671,0.07807616112700859,0.29715606427470836,0.1993946731234867,0.37541272287035,0.10606427470834251,0.2303367818622056,0.07344706141316311,0.4064935064935065,0.12900066035659255,0.07129650011005943,0.018941228263262163,0.01447061413163108,0.0015980629539951573,-0.1633348007924279,-0.014556460488663879,0.046592559982390494,-0.2558925819942769,-0.01693594541052168,-0.08060972925379704,-0.1126436275588818,-0.06147259520140876,-0.3319590578912613,-0.2635549196566146,-0.01728813559322034,-0.3252278230244332,-0.12402157164869029,-0.11820162887959498,-0.22929561963460268,-0.16503191723530708,-0.17439137134052388,-0.11834910851860005,0.13665419326436276,0.20727272727272728,0.23358793748624257,0.2534734756768655,-0.10917015188201629,-0.5361523222540172,-0.20972044904248294,-0.04852080123266564,-0.22698437156064274,-0.04675104556460489,-0.1718445960818842,0.05107858243451464,0.18206471494607088,-0.10089588377723971,0.14072198987453224,0.033385428131190845,0.08707241910631741,0.03482940788025534,0.5649438696896324,0.23220338983050848,0.12189742460928901,0.21968082764692934,-0.021199647809817302,-0.03641206251375743,0.09587497248514197,0.03336781862205591,0.2792626018049747,0.1946929341844596,0.20662998018930223,-0.018613251155624035,-0.04463130090248734,0.14471054369359454,-0.08654633502091129,-0.03989874532247414,-0.0040149680827646925,-0.22103455866167732,-0.13525863966541932,0.0385758309487123,-0.20055690072639226,-0.18124367158265464,-0.19670702179176755,-0.00985692273827867,0.01900066035659256,0.49766453885097955,0.19706581554039182,0.37776139115122165,0.39014968082764695,0.032564384767774596,-0.00810477657935285,0.43345146379044686,0.19462689852520362,0.05960158485582214,0.18661677305745103,0.06445740699977988,0.040997138454765575,-0.1910609729253797,0.01944309927360775,-0.1598084965881576,-0.19771076381245872
