,#10,#11,#12,#13,#17,#18,#26,#49,#50,#51,#52,#53,#54,#58,#101,#102,#201,#202,#301,#302,#401,#402,#501,#502,#601,#602,#701,#702,#801,#802,#901,#902,#1001,#1002,#1101,#1102,#1201,#1202,#1301,#1302,#1401,#1402,#1501,#1502,#1601,#1602,#1701,#1702,#1801,#1802,#1901,#1902,#2001,#2002,#2101,#2102,#2201,#2202,#2301,#2302,#2401,#2402,#2501,#2502,#2601,#2602,#2701,#2702,#2801,#2802,#2901,#2902,#3001,#3002,#3101,#3102,#3201,#3202,#3301,#3302,#3401,#3402,#3455,#3501,#3502,#3601,#3602,#3701,#3702,#3801,#3802,#3901,#3902,#4001,#4002,#4101,#4102,#4201,#4202,#4301,#4302,#4401,#4402,#4501,#4502,#4601,#4602,#4701,#4702,#4801,#4802
#10,1.0,0.5509971384547656,0.5923420647149461,0.6234734756768655,0.4148580233325996,0.3150957517059212,0.1656878714505833,0.6864318732115342,0.2799031476997579,0.5611996478098173,0.39712744882236406,0.3612722870349989,0.18376623376623377,0.2412128549416685,-0.4166894122826326,-0.2305194805194805,0.5979242791107198,0.317937486242571,0.11738058551617873,0.027409200968523003,-0.3437706361435175,-0.0628615452344266,0.016328417345366497,0.02022672243011226,-0.029665419326436276,0.24445080343385428,-0.0162755888179617,0.24902927580893683,0.22274708342504954,0.3573629760070438,-0.06282852740479859,0.23805194805194804,0.1604886638784944,0.2011071978868589,0.3993088267664539,0.44688972044904246,0.20400396213955535,0.12095311468192824,0.07587277129650011,0.16066916134712744,0.3062931983270966,0.27075720889280214,0.09807395993836672,-0.16853841074180057,-0.174224081003742,-0.09307506053268765,0.14164208672683248,0.30137134052388287,0.0424058991855602,0.0426106097292538,0.2413053048646269,0.15570327977107637,0.20409861325115564,0.27790666960158483,-0.22932863746423068,0.23849878934624696,-0.5572309046885318,-0.43590799031476996,-0.22022672243011227,-0.22363416244772177,-0.024252696456086287,0.1669887739379265,0.2412656834690733,0.03820383006823685,0.3006405458947832,0.2670019810697777,0.12595421527624917,0.07750605326876513,0.05904028175214616,-0.05767114241690513,0.33484261501210655,0.35084745762711866,0.0348712304644508,0.14764913053048645,-0.2722298040942109,-0.2644023772837332,-0.02044904248294079,-0.09184239489324235,-0.09568126788465771,-0.024014968082764692,0.0963350209112921,0.2834624697336562,-0.007613911512216597,0.08929121725731895,0.1386748844375963,0.18203830068236848,0.10591239269205371,0.1411402157164869,0.27221219458507595,0.13526524323134492,0.08326436275588818,-0.29040721989874535,-0.15515738498789347,-0.020981730134272507,-0.04539951573849879,0.24289016068677086,0.41419986792868146,0.5188906009244992,0.4808892802113141,0.40268765133171913,0.39311688311688314,0.4704534448602245,0.2647413603345807,0.3486088487783403,0.20820603125687873,0.40921197446621177,0.29119084305524984,-0.10906669601584856,-0.15055029716046664,0.018071758749724852,0.04215496368038741
#11,0.5509971384547656,1.0,0.508087167070218,0.39771956856702617,0.25265243231344925,0.1197424609289016,0.18576931543033237,0.5358199427690953,0.19651551837992515,0.46704820603125685,0.35071098393132294,0.13891481399955977,0.127277129650011,0.0488663878494387,-0.28744001760950916,0.02765793528505393,0.47762271626678404,0.18576491305304865,-0.13933964340744,0.12082324455205812,-0.0871582654633502,0.18211754347347567,0.027376183138895005,0.30721989874532246,-0.10021351529826106,0.1676337222099934,-0.1285956416464891,0.039458507594100814,0.1372573189522342,0.04503411842394893,-0.031052168170812237,0.0640083645168391,0.2295839753466872,-0.07837772397094431,0.11908870790226722,0.1786814880035219,0.011756548536209553,-0.08747523662777901,0.08448382126348228,0.022555580013207132,0.1810015408320493,0.02120184899845917,-0.058800352190182696,-0.19298261060972927,-0.21093110279550958,0.08102575390710984,0.023072859344045786,0.11151001540832049,-0.07293418445960818,-0.003933524103015628,0.1425445740699978,0.018751926040061633,0.08840193704600484,0.27513097072419107,-0.036900726392251816,0.1560444640105657,-0.2235461149020471,-0.08546555139775479,-0.3352916574950473,-0.29219018269865726,-0.09594981289896544,0.11543253356812679,-0.05551177635923399,-0.08606647589698437,-0.05214395773717807,0.15206911732335462,-0.14572969403477878,-0.11384327536869909,-0.0008188421747743782,-0.0012524763372220998,0.2527404798591239,0.2780255337882456,-0.10496808276469294,-0.0017037200088047546,-0.29005723090468855,-0.057607307946291,-0.07549416685009905,-0.06864406779661017,-0.14274488223640766,0.0463218137794409,0.10737398195025313,0.38806515518379925,0.013779440898084966,0.024439797490644947,0.14125687871450585,0.007158265463350209,0.029165749504732556,0.32972705260840857,0.03155624036979969,-0.02201848998459168,-0.04834690732995818,-0.10887959498128989,-0.18608408540611932,-0.12957517059211973,-0.1712194585075941,0.22580013207131852,0.27360994937266125,0.3184569667620515,0.16541492405899186,0.23975346687211094,0.21670482060312568,0.2957869249394673,0.18166409861325117,0.16864626898525203,0.19296279991195245,0.2689346246973366,0.22836011446180937,-0.0488267664538851,0.09931983270966321,0.030061633281972266,0.1301386748844376
#12,0.5923420647149461,0.508087167070218,1.0,0.5675985031917236,0.35833590138674887,0.3102421307506053,0.1958727712965001,0.43237068016729036,0.1535395113361215,0.49233766233766235,0.5342835130970724,0.24940567906669603,0.13046445080343386,0.15782962799911954,-0.35009024873431654,-0.17117103235747302,0.7434074400176095,0.5633612150561303,-0.18134932863746422,-0.037193484481620076,-0.3401188641866608,0.07235747303543914,0.11760290556900727,0.2129473915914594,-0.10417345366497908,0.09357032797710764,-0.16438696896324015,0.15463350209112922,0.18559982390490865,0.35704820603125687,-0.16756988773937925,0.1780607528065155,0.16360774818401938,-0.04441778560422628,0.3133788245652652,0.26256218357913275,0.14612810917895663,-0.050165089148139996,0.03600704380365397,0.05189302223200528,0.197508254457407,0.024419986792868147,0.00010125467752586396,-0.19365617433414042,-0.18244992295839754,0.11228263262161567,-0.016803874092009684,0.22866387849438696,-0.08818842174774379,0.12642086726832488,0.21718908210433635,0.2822011886418666,0.1447149460708783,0.19662777900066036,-0.18933744221879814,0.07777900066035659,-0.43282192383887297,-0.24746423068456966,-0.24160026414263702,-0.19446401056570548,-0.016354831609068896,0.22963460268545013,0.046777459828307284,-0.07349548756328417,0.19188861985472155,0.16706801672903368,-0.11494827206691613,-0.10813999559762272,0.030821043363416244,-0.13415584415584417,0.5459828307285934,0.4631631080783623,-0.03499889940567907,0.1122143957737178,-0.28967862645828746,-0.1399405679066696,0.0012436715826546335,-0.03162447721769756,-0.02047985912392692,0.02709222980409421,0.08769315430332379,0.5670063834470614,-0.0786352630420427,0.16887079022672244,0.1879903147699758,0.0859057891261281,0.16512436715826545,0.38977988113581336,0.2012194585075941,-0.01438036539731455,0.054364957076821485,-0.1862161567246313,-0.10511116002641427,0.06838872991415364,-0.053858683689192166,0.3847457627118644,0.24808496588157605,0.5840898084965882,0.5453026634382566,0.4446026854501431,0.5150429231785164,0.6218996257979309,0.3029760070438037,0.5111358133392032,0.19700198106977768,0.3818005723090469,0.3217455425930002,-0.037756988773937926,-0.002914373761831389,0.1437508254457407,0.18331058771736738
#13,0.6234734756768655,0.39771956856702617,0.5675985031917236,1.0,0.3580937706361435,0.28886198547215497,0.20816640986132512,0.467376183138895,0.24130750605326876,0.6469491525423728,0.32764913053048644,0.14661897424609288,0.29172573189522344,0.2563812458727713,-0.3237838432753687,-0.16444199867928683,0.5659938366718028,0.3193946731234867,0.06966982170372,0.006779661016949152,-0.44703059652212196,0.004974686330618534,0.07931763152102135,0.04556020250935505,-0.0413119084305525,0.3369403477878054,0.06333480079242791,0.30261281091789566,0.36207792207792205,0.4676711424169051,0.11395333480079242,0.4532907770195906,0.283794849218578,0.295841954655514,0.4632445520581114,0.5067752586396654,0.2975720889280211,0.22871230464450804,0.1826436275588818,0.12577371780761612,0.3545388509795289,0.337277129650011,0.006847897864847017,-0.09623376623376623,-0.18176095091349329,-0.20093110279550958,0.038831168831168834,0.23916795069337443,0.0028285274047985913,0.030948712304644507,0.3186396654193264,0.19954655513977548,0.25458727712965,0.24433193924719349,-0.20895443539511335,0.29343605546995377,-0.6119832709663218,-0.36091569447501654,-0.13174114021571648,-0.25519260400616334,-0.056669601584855823,0.09946290997138454,0.23252036099493725,0.0913119084305525,0.31244331939247194,0.2016222760290557,0.16721329517939687,0.06046224961479199,0.1766982170372001,-0.001111600264142637,0.3612062513757429,0.35656394453004625,0.05043363416244772,0.14708122386088487,-0.2742967202289236,-0.1711798371120405,-0.10832489544353952,-0.025390710983931322,-0.06167950693374422,0.16787145058331499,-0.0963482280431433,0.1926502311248074,-0.0776139115122166,0.14423948932423508,0.17217917675544794,0.15554039181157825,0.10540171692714066,0.10846136913933524,0.3168633061853401,-0.07721329517939687,0.10869249394673124,-0.273086066475897,-0.14658595641646488,-0.09069997798811358,-0.09355271846797271,0.13677305745102356,0.40799471714725954,0.35736077481840195,0.3815650451243672,0.2791569447501651,0.2391701518820163,0.43096852300242133,0.36703499889940566,0.2899273607748184,0.15101034558661677,0.46066035659256,0.2393550517279331,-0.15338983050847457,-0.22279771076381247,-0.05705701078582435,0.027237508254457407
#17,0.4148580233325996,0.25265243231344925,0.35833590138674887,0.3580937706361435,1.0,0.6564891041162227,0.03930662557781202,0.1085890380805635,0.13055029716046665,0.3689896544133832,0.16324675324675325,0.3774818401937046,-0.0037464230684569667,0.32431432973805857,-0.31104996698217036,-0.49459828307285936,0.36017609509134935,0.2538300682368479,-0.2738542813119084,-0.2877856042262822,-0.3683777239709443,-0.3792956196346027,0.15035439137134052,0.0987079022672243,-0.016544133832269426,0.058511996478098176,0.018109178956636583,0.11387189082104336,0.25322033898305085,0.2125181598062954,0.16288795949812898,0.37725291657495047,0.19973145498569228,0.22903367818622056,0.45250055029716046,0.24617873651771957,0.4015298261060973,0.029445300462249614,0.3295113361215056,0.2452674444199868,0.2717917675544794,0.2433546114902047,0.3158287475236628,0.06408760730794628,0.11446621175434735,0.022687651331719128,-0.04546335020911292,0.04937046004842615,0.07068236847897864,0.05914373761831389,0.12010125467752586,0.23275808936825887,0.35775478758529605,0.2618930222320053,-0.01218578032137354,-0.024983491085186,-0.3137684349548756,-0.35581113801452785,0.10823024433193924,0.21969403477878055,0.04136913933524103,0.15840413823464672,0.41373541712524764,0.2948250055029716,0.2250957517059212,0.06387409200968523,0.10526304204270306,-0.0124851419766674,-0.272062513757429,-0.37896984371560644,0.15113361215056131,-0.019328637464230684,-0.14357693154303325,-0.11097952894563064,-0.2860642747083425,-0.38017829627999117,-0.10437816420867269,-0.3632027294739159,-0.14043363416244772,-0.2108166409861325,0.39780101254677525,0.28386748844375964,-0.1853202729473916,0.34765793528505395,0.4493880695575611,0.24833590138674885,0.09982610609729253,0.25894122826326216,0.3645058331499009,0.13771736737838433,0.5355690072639225,-0.1200264142637024,0.11833149900946512,-0.08455866167730575,0.020387409200968522,0.1937574290116663,0.053376623376623376,0.37876953554919657,0.11783623156504512,0.30482720669161345,0.40305524983491087,0.47941008144397973,0.36639005062733876,0.4492031697116443,0.23755007704160247,0.33863966541932644,0.2913779440898085,-0.05197446621175435,-0.07983491085186001,0.09191063174114021,0.12490204710543694
#18,0.3150957517059212,0.1197424609289016,0.3102421307506053,0.28886198547215497,0.6564891041162227,1.0,0.180462249614792,0.2021219458507594,0.27132071318511997,0.31491745542593,0.11695355491965662,0.4776513317191283,0.18993616552938586,0.39722209993396435,-0.46427911071978867,-0.5380167290336781,0.410807836231565,0.23384547655734098,-0.1889522342064715,-0.15504072198987454,-0.3555756108298481,-0.48539951573849877,0.29791327316751043,0.1782984811798371,-0.04977107638124587,0.08028615452344266,0.003790446841294299,0.12939467312348668,0.359027074620295,0.352722870349989,0.12630640545894783,0.2740347787805415,0.22033237948492185,0.06455646048866388,0.4927955095751706,0.30392692053709003,0.3980299361655294,-0.00436715826546335,0.2876843495487563,0.17051067576491305,0.33950693374422186,0.13654413383226943,0.3939225181598063,-0.03762491745542593,0.2361501210653753,0.13281091789566365,0.17129429892141756,0.19488663878494386,0.1597424609289016,0.08968523002421308,0.16804974686330618,0.2601893022232005,0.2046885318071759,0.17745542593000221,0.09043143297380586,-0.008846577151661898,-0.24979969183359013,-0.3326612370680167,0.14149460708782743,0.33488883997358576,-0.038716707021791766,0.19788025533788245,0.35528065155183797,0.159966982170372,0.16515298261060973,0.20354831609068896,0.09710763812458728,0.002654633502091129,-0.3023970944309927,-0.26926040061633283,0.2821417565485362,0.1048316090688972,-0.10887519260400616,-0.02610609729253797,-0.19665859564164648,-0.32670482060312567,-0.18190843055249836,-0.3580167290336782,-0.04606207351970064,-0.07793748624257099,0.39829407880255335,0.4086946951353731,-0.13480959718247854,0.2777261721329518,0.37961919436495706,0.16021571648690291,0.13220559101915033,0.1846731234866828,0.40607968302883557,0.31241470394012766,0.4760972925379705,0.052152762491745545,0.22438256658595643,-0.12466872110939907,-0.006361435174994497,0.01937046004842615,0.07795509575170592,0.2962095531587057,0.27074840413823464,0.23647589698437155,0.2941690512876954,0.45424169051287694,0.20175654853620956,0.34258199427690955,0.14093990755007704,0.2724323134492626,0.20817081223860884,-0.11703059652212194,-0.05319832709663218,-0.05500550297160467,0.07139995597622716
#26,0.1656878714505833,0.18576931543033237,0.1958727712965001,0.20816640986132512,0.03930662557781202,0.180462249614792,1.0,0.21035219018269866,0.29852740479859124,0.2542042703059652,0.013629760070438037,0.07798811358133392,0.29679727052608407,0.15501430772617214,-0.22121725731895223,0.05570768214836012,0.19762491745542593,0.05792868148800352,-0.1663680387409201,0.10586836891921637,-0.02739159145938807,0.056251375742901163,0.05764252696456086,0.07889720449042482,-0.16716266784063394,-0.07995817741580453,0.011296500110059431,-0.02298481179837112,-0.06662998018930222,0.04828087167070218,0.0763614351749945,0.03557561082984812,0.2262293638564825,-0.07134052388289676,-0.03257318952234207,-0.07436935945410522,0.04447721769755668,-0.09456526524323135,0.032489544353951134,-0.1581399955976227,-0.028342504952674444,-0.1432027294739159,0.15187541272287036,-0.2162887959498129,-0.06344926260180497,-0.01480299361655294,0.07802773497688752,0.13984811798371122,0.08999559762271626,0.17274708342504952,0.18869249394673124,0.20557120845256438,0.20952674444199867,0.2468104776579353,0.009432093330398416,0.035049526744442,-0.06288575830948712,-0.12825445740699978,-0.07668280871670702,-0.14337222099933963,0.030319172353070658,0.09809156944750165,-0.17405899185560203,-0.04938146599163548,-0.1527294739159146,0.20357693154303325,0.090066035659256,0.27566365837552276,-0.05108298481179837,0.13629319832709663,0.28854061193044245,-0.025287255117763592,0.07313889500330178,0.048333700198106976,-0.048016729033678186,0.18610829848117982,-0.09653753026634383,0.06152102135152983,0.14999559762271628,0.048166409861325116,-0.059075500770416026,0.17890160686770856,0.03288135593220339,-0.07964120625137575,0.16168170812238608,-0.041331719128329295,0.18734536649790887,0.08014087607307946,0.08068677085626239,-0.0029231785163988553,0.07317631521021352,-0.04234866828087167,-0.026484701738939027,-0.16176315210213515,-0.027274928461369138,-0.1291635483160907,0.04136693814659916,-0.0976535329077702,0.05490644948272067,0.09811578252256219,0.13934624697336562,0.10213075060532688,0.13594100814439797,9.465111160026414e-05,-0.1764869029275809,0.06270085846357033,0.009940567906669601,0.07258199427690953,-0.01070658155403918,-0.17582214395773718,-0.04906669601584856
#49,0.6864318732115342,0.5358199427690953,0.43237068016729036,0.467376183138895,0.1085890380805635,0.2021219458507594,0.21035219018269866,1.0,0.38114461809377065,0.42097292537970504,0.3681465991635483,0.23802553378824565,0.2371054369359454,0.2486616773057451,-0.16118203830068237,-0.2520184899845917,0.525130970724191,0.2366718027734977,0.2575456746643187,0.03403697996918336,0.010501871010345587,-0.05667840633942329,0.07731675104556461,0.03719788685890381,0.10583535108958837,0.2652652432313449,-0.00225841954655514,0.04247633722209993,0.29606647589698437,0.23679286814880035,-0.03560202509355052,0.12209333039841515,0.09488663878494387,0.05898084965881576,0.32769535549196566,0.44387409200968525,0.2352212194585076,0.06473035439137134,0.10443099273607748,0.15024653312788905,0.16121505613031037,0.1313449262601805,0.08760290556900727,-0.25201188641866606,-0.05981289896544134,-0.04049526744441999,0.11723090468853181,0.19206691613471275,0.03198106977767995,-0.1200858463570328,0.21747743781642087,-0.03294078802553379,-0.006524323134492626,0.10894342945190402,0.08492626018049747,0.24678626458287475,-0.17245652652432314,-0.2875346687211094,-0.130231124807396,-0.1438564825005503,-0.19581774158045345,-0.05490204710543694,0.07059872331058771,-0.27704160246533127,0.041989874532247416,0.30051727933083866,0.0539159145938807,0.0739225181598063,0.07564384767774598,-0.08095311468192824,0.22254677525863967,0.14923178516398855,-0.09003521901826987,0.03585296059872331,-0.1459652212194585,-0.22808276469293418,-0.05162887959498129,-0.21867928681488003,0.04175874972485142,-0.054014968082764694,0.014864626898525204,0.19010345586616773,-0.030352190182698656,0.09806295399515738,0.02836451683909311,0.015208012326656395,-0.008307285934404579,0.13960158485582214,0.18821043363416246,0.22409641206251377,0.08762271626678407,-0.15555359894342946,-0.033728813559322036,-0.1756152322254017,-0.1037442218798151,0.2500902487343165,0.3488223640766014,0.23171032357473034,0.30664098613251156,0.4045806735637244,0.11670702179176755,0.38655293858683687,0.10012546775258639,0.15554699537750385,0.003933524103015628,0.20093110279550958,0.017950693374422188,-0.1603675985031917,-0.14597622716266784,-0.17488223640766012,-0.06699097512656835
#50,0.2799031476997579,0.19651551837992515,0.1535395113361215,0.24130750605326876,0.13055029716046665,0.27132071318511997,0.29852740479859124,0.38114461809377065,1.0,0.45406559542152763,0.24473475676865508,0.204653312788906,0.41259300022011886,0.25511996478098176,-0.07387409200968523,-0.30389170151882017,0.30536209553158705,0.10081443979749065,0.05606867708562624,-0.18565705480959718,-0.012289236187541273,-0.37095091349328635,0.15233986352630421,-0.18941668500990536,0.13988553819062294,0.004514637904468413,-0.050561303103675986,-0.018214836011446182,0.2779749064494827,0.04193484481620075,0.08594981289896544,0.0713053048646269,0.12197666740039621,0.07410081443979749,0.1490843055249835,0.2647545674664319,0.15358133392031698,-0.0046687211093990755,0.060488663878494386,0.12411182038300682,-0.02048646268985252,0.055687871450583314,0.12308166409861325,-0.07894122826326216,0.10439577371780762,-0.026493506493506493,0.12272066916134712,0.04851419766674004,0.08197446621175435,-0.13885538190622937,0.1346621175434735,-0.010231124807395993,-0.13997798811358134,0.10980849658815761,-0.06463350209112921,0.055128769535549196,-0.07633061853400837,-0.2864869029275809,0.05193924719348448,0.03680167290336782,0.06932423508694695,0.04654193264362756,0.16790887079022673,-0.0835659255998239,-0.07300902487343165,0.05297820823244552,0.11550517279330838,0.052066916134712746,0.09893682588597842,0.1487937486242571,0.19000880475456747,0.0587145058331499,-0.0739555359894343,-0.017107638124587276,0.000977327756988774,-0.21327756988773938,-0.029203169711644286,-0.13361655293858685,0.03141316310807836,-0.08906009244992295,0.1318534008364517,0.0626436275588818,0.15769755668060753,0.00711204050187101,0.2174290116662998,0.07926480299361656,0.1688928021131411,0.05222099933964341,0.1875676865507374,0.14312128549416686,0.22548536209553158,0.12548095971824785,0.16234426590358794,0.12143957737178077,0.1548646268985252,0.03938586836891922,0.0017719568567026193,0.0549768875192604,0.09196786264582875,0.19311248073959938,0.003728813559322034,0.17899405679066696,0.13491965661457186,8.804754567466431e-05,0.021879815100154083,0.09650891481399956,-0.024714946070878274,-0.0036121505613031036,0.06429231785163989,-0.0888928021131411,0.038206031256878714
#51,0.5611996478098173,0.46704820603125685,0.49233766233766235,0.6469491525423728,0.3689896544133832,0.31491745542593,0.2542042703059652,0.42097292537970504,0.45406559542152763,1.0,0.47196786264582874,0.267772397094431,0.35629980189302224,0.13799471714725953,-0.06520360994937266,-0.16107858243451464,0.6147083425049527,0.3327756988773938,0.06406119304424389,-0.1683447061413163,-0.17199427690953115,-0.13639885538190624,0.23523442659035879,-0.13884217477437816,0.11421087387189083,0.2235659255998239,0.1331454985692274,0.13093770636143517,0.4573695795729694,0.24418225841954655,0.12775698877393793,0.3837706361435175,0.33136913933524104,0.19671362535769316,0.34291877613911514,0.4076425269645609,0.2560532687651332,0.016354831609068896,0.3441118203830068,0.09742460928901607,0.26709002861545234,0.15351529826106097,0.21486682808716706,-0.1187277129650011,-0.25586396654193266,-0.3860202509355052,-0.047937486242570986,0.09579132731675105,0.003898305084745763,-0.06559101915034118,0.2952828527404799,0.1379418886198547,0.19802333259960378,0.2850407219898745,-0.0008232445520581114,0.197970504072199,-0.4317609509134933,-0.4858331499009465,-0.23118203830068237,-0.3067202289236188,-2.8615452344265902e-05,0.027147259520140875,0.19603345806735636,0.0676469293418446,0.24076381245872772,0.058357913273167514,-0.06639665419326436,0.07335901386748844,0.04777239709443099,-0.17276469293418445,0.23092449922958397,0.24026854501430772,-0.14350429231785164,-0.03885097952894563,-0.34606647589698436,-0.2444287915474356,-0.13726612370680166,-0.08312348668280872,0.029861325115562404,-0.04849438696896324,0.23793528505392914,0.34398635263042043,0.03787805414924059,0.10734096412062513,0.0872176975566806,0.045329077701959056,-0.017486242570988332,0.02484921857803214,0.19604006163328197,-0.14804094210873872,-0.01392692053709003,-0.40427911071978867,-0.27722650231124807,-0.06935725291657495,-0.12660796830288357,0.0789324235086947,0.23433414043583536,0.17975346687211094,0.2954501430772617,0.13384767774598283,0.16970504072198989,0.49115562403698,0.434521241470394,0.22612150561303104,0.2504820603125688,0.18237508254457407,0.2299405679066696,-0.08009905348888399,-0.07688972044904248,0.08801012546775258,0.19924058991855603
#52,0.39712744882236406,0.35071098393132294,0.5342835130970724,0.32764913053048644,0.16324675324675325,0.11695355491965662,0.013629760070438037,0.3681465991635483,0.24473475676865508,0.47196786264582874,1.0,0.20852740479859125,0.12213075060532688,0.21584855822143958,-0.026031256878714507,-0.08161787365177196,0.4600352190182699,0.17030156284393572,0.156715826546335,-0.18215936605767113,-0.21226282192383888,-0.019744662117543475,-0.05422408100374202,-0.23382126348228044,0.012784503631961259,0.2315100154083205,-0.167145058331499,0.13197446621175435,0.24718688091569446,0.24063614351749946,-0.16152542372881357,0.14343165309267003,0.006114902047105437,0.2123068456966762,0.3095927801012547,0.5104974686330619,0.18232885758309486,0.20068016729033678,0.07032137354171253,0.14178956636583756,0.11220999339643407,0.3234140435835351,0.13583535108958839,-0.028329297820823246,-0.1423794849218578,-0.22906889720449042,-0.04521021351529826,0.17943209333039842,-0.10912612810917896,-0.04574069997798812,0.2143385428131191,0.08437156064274709,-0.09407440017609509,-0.0488663878494387,-0.12101034558661677,0.17846577151661897,-0.38206911732335463,-0.26544353951133615,-0.22813779440898085,-0.21593440457847238,-0.04161567246313009,0.03622055910191503,0.25952014087607306,0.13702179176755447,0.19384767774598283,-0.0016574950473255557,-0.03928241250275149,0.06531366938146599,0.13637023992956196,-0.08833810257539071,0.0861963460268545,0.15721329517939686,-0.01831168831168831,0.087541272287035,-0.045989434294519044,-0.18507153863086068,0.07853620955315871,0.005993836671802774,-0.14374202069117323,-0.04836011446180938,0.18200968523002423,0.2194188861985472,-0.006889720449042483,0.0003015628439357253,-0.015478758529605988,-0.011899625797930883,0.004640105657054809,0.1882654633502091,0.07148800352190182,-0.00863086066475897,0.06130310367598503,-0.3743979749064495,-0.18081884217477437,0.04584195465551398,-0.09999559762271627,0.12558441558441558,0.18854501430772616,0.2689588377723971,0.31579352850539294,0.2593990755007704,0.3280497468633062,0.26729253797050406,0.09422848338102575,0.13944309927360773,0.10598283072859344,0.16972044904248293,0.17845256438476778,-0.07429672022892361,0.031904028175214615,0.22624697336561744,0.20318291877613912
#53,0.3612722870349989,0.13891481399955977,0.24940567906669603,0.14661897424609288,0.3774818401937046,0.4776513317191283,0.07798811358133392,0.23802553378824565,0.204653312788906,0.267772397094431,0.20852740479859125,1.0,0.14185119964780982,0.23324455205811137,-0.36256878714505836,-0.3960444640105657,0.3102421307506053,-0.07963900506273387,-0.11168390931102795,-0.18137354171252476,-0.27401937046004843,-0.35041162227602907,0.14474796390050626,-0.03800132071318512,-0.02953334800792428,0.011701518820162888,-0.10244552058111381,0.06300682368478978,0.084983491085186,0.20581994276909532,-0.18536209553158706,0.08839973585736298,0.004822804314329738,0.03172573189522342,0.1879308826766454,0.20854061193044243,0.11980409421087387,0.15651992075720889,0.028978648470173896,0.1720581113801453,0.1804358353510896,0.05677525863966542,0.3302839533348008,-0.021373541712524764,0.19748404138234646,0.0789192163768435,-0.021906229363856482,-0.020391811578252258,0.10232005282852741,0.027030596522121947,1.100594320933304e-05,0.14378164208672684,0.08372661237068017,-0.00022672243011226062,-0.04853180717587497,-0.06927140655954216,-0.24996478098173014,-0.20943209333039842,0.1963482280431433,0.21109619194364956,0.12343385428131191,0.17241030156284393,0.094719348448162,-0.058853180717587494,0.12833590138674886,0.17368038740920097,-0.08683469073299582,-0.02770416024653313,-0.08816420867268325,-0.03488003521901827,0.1789522342064715,0.19450583314990094,0.1012590799031477,0.2795663658375523,-0.05187981510015408,-0.20849878934624697,-0.06775038520801233,-0.16869689632401497,0.015329077701959059,-0.017026194144838212,0.3212194585075941,0.2691371340523883,0.04425269645608629,0.1260576711424169,0.5039137134052388,0.30046445080343387,0.308943429451904,0.2513933524103016,0.14900946511116003,0.2911974466211754,0.32624036979969184,0.09937486242570988,0.15718688091569447,0.1291943649570768,0.0910279550957517,0.04114902047105437,-0.036326216156724635,0.3052322254017169,0.11938146599163549,0.22246092890160687,0.25241030156284394,0.4065199207572089,-0.030171692714065595,0.32317851639885536,0.1255646048866388,0.07968523002421307,0.12803874092009684,0.0013273167510455645,0.04447061413163108,0.10643847677745982,0.09385208012326657
#54,0.18376623376623377,0.127277129650011,0.13046445080343386,0.29172573189522344,-0.0037464230684569667,0.18993616552938586,0.29679727052608407,0.2371054369359454,0.41259300022011886,0.35629980189302224,0.12213075060532688,0.14185119964780982,1.0,0.1340083645168391,-0.16505392912172573,-0.087805414924059,0.19472154963680388,0.22902047105436935,-0.10323354611490204,0.09759850319172353,-0.24305745102355272,-0.006913933524103016,0.11454545454545455,0.0035835351089588377,0.02524763372220999,-0.009542152762491745,0.1447457627118644,0.21578472375082544,0.28607528065155186,0.200066035659256,0.11254677525863967,-0.07874312128549417,-0.022469733656174336,-0.18116883116883117,-0.0763218137794409,0.15196566145718687,-0.14866167730574512,-0.07451023552718468,-0.19392031697116444,-0.13075941008144398,-0.16851860004402378,0.033706801672903366,-0.018685890380805634,-0.10587717367378384,0.048736517719568564,0.027224301122606206,0.14795069337442218,0.17562403697996917,0.05300682368478979,0.025637244111820383,0.3887739379264803,0.22525203609949374,-0.014935064935064935,0.09949592780101255,-0.06677085626238169,0.029187761391151222,-0.2817147259520141,-0.1713779440898085,0.03022672243011226,0.05158045344486022,-0.011617873651771957,0.0536253576931543,0.013975346687211093,-0.030948712304644507,0.1067048206031257,0.18063834470614132,0.47010125467752584,0.18353510895883776,-0.07865727492846136,0.1370195905789126,0.31789346246973366,0.0637904468412943,-0.0013449262601804976,0.1460246533127889,-0.19583094871230464,0.0078032137354171255,-0.1282984811798371,0.013803653973145499,0.3487409200968523,0.10885097952894562,0.050607528065155186,0.1937442218798151,0.25846136913933526,-0.027279330838652874,0.2125709883337002,0.09260840854061193,-0.008062953995157385,0.015095751705921197,0.13702839533348007,0.11658155403918116,0.03553158705701079,0.005602025093550517,0.1344177856042263,-0.0512854941668501,0.06906229363856482,-0.08300022011886418,0.0287607307946291,-0.013189522342064715,-0.0022716266784063395,-0.029185560202509356,-0.015423728813559322,-0.01460048426150121,0.3176975566806075,-0.1910279550957517,-0.12153863086066476,0.06810037420206912,-0.027032797710763813,-0.10849438696896324,0.10206031256878714,-0.034125027514858026,-0.006704820603125688
#58,0.2412128549416685,0.0488663878494387,0.15782962799911954,0.2563812458727713,0.32431432973805857,0.39722209993396435,0.15501430772617214,0.2486616773057451,0.25511996478098176,0.13799471714725953,0.21584855822143958,0.23324455205811137,0.1340083645168391,1.0,-0.25571208452564387,-0.4580915694475017,0.2520823244552058,0.12819062293638564,-0.09516618974246092,-0.35664538850979527,-0.29365617433414043,-0.5432819722650231,-0.024512436715826546,-0.18005723090468853,0.07838212634822804,-0.01846136913933524,0.047607307946291,0.11727492846136914,0.19789346246973366,0.11952894563064055,0.15130970724191062,0.09977327756988774,0.2896896324014968,0.15982830728593442,0.37722650231124805,0.25508474576271184,0.286154523442659,0.051274488223640766,0.08679947171472595,-0.06300682368478978,-0.08186000440237728,0.14481620074840415,0.2573233546114902,-0.20454765573409642,0.19030596522121945,-0.04266123706801673,0.13656394453004622,0.2662557781201849,0.2263812458727713,0.0647655734096412,0.24061413163108078,0.09848338102575391,0.21624036979969183,-0.08484481620074841,-0.15895003301782962,-0.06867048206031257,-0.2676447281532027,-0.4299097512656835,0.22548976447281532,0.19349108518600044,-0.01637904468412943,0.22,0.28859344045784724,0.0737508254457407,0.1837112040501871,0.054499229583975344,0.42645608628659476,0.11773057451023552,-0.09512656834690733,-0.1229738058551618,0.2064142637023993,0.20177195685670263,0.03486682808716707,-0.039815100154083204,-0.15293638564825004,-0.288003521901827,-0.10426370239929562,0.02133612150561303,-0.021661897424609288,-0.27816420867268327,0.15157825225621835,-0.07952014087607308,-0.25087387189082105,0.26158485582214397,0.20453224741360335,0.36491525423728816,0.21352850539291218,0.09758969843715606,0.0678120184899846,0.2814968082764693,0.2990777019590579,0.05389830508474576,0.10160686770856263,0.04472154963680387,0.22720669161347126,0.19966321813779442,-0.1658397534668721,0.259570768214836,0.2449306625577812,0.20916134712744883,0.31447941888619857,0.13923838872991415,0.18569007263922518,0.23902047105436935,0.12037420206911732,0.5086000440237728,0.4375808936825886,0.017873651771956857,-0.19831609068897205,-0.01571648690292758,0.06277790006603566
#101,-0.4166894122826326,-0.28744001760950916,-0.35009024873431654,-0.3237838432753687,-0.31104996698217036,-0.46427911071978867,-0.22121725731895223,-0.16118203830068237,-0.07387409200968523,-0.06520360994937266,-0.026031256878714507,-0.36256878714505836,-0.16505392912172573,-0.25571208452564387,1.0,0.3184129429892142,-0.2383072859344046,-0.07505172793308386,0.37156504512436717,-0.26755007704160244,0.5801804974686331,0.049148139995597626,-0.0174290116662998,-0.3452916574950473,0.43966982170372,0.09705701078582435,-0.04971384547655734,-0.4765815540391812,-0.09731454985692274,-0.44640545894783185,0.016539731454985693,-0.06336121505613031,-0.0027580893682588596,0.10537090028615452,-0.22071538630860665,-0.15828527404798592,0.01903808056350429,0.052865947611710325,0.12134052388289676,0.08061193044243892,-0.2858859784283513,-0.08173233546114902,-0.09415804534448602,0.10933083865287255,-0.11736517719568568,-0.3293814659916355,-0.23625357693154303,-0.4655954215276249,-0.29932863746423066,-0.44728153202729476,-0.3473585736297601,-0.4418049746863306,-0.33084085406119307,-0.2866365837552278,0.2725335681267885,0.08596962359674223,0.43561963460268543,0.0886682808716707,-0.03511996478098173,-0.18639005062733877,0.06182258419546555,-0.2563944530046225,0.05042703059652212,-0.022537970504072198,-0.2718071758749725,-0.44985252036099493,-0.09452784503631961,0.08145278450363196,0.20962359674224082,-0.1048448162007484,-0.4237640325775919,-0.39070878274268106,-0.13796830288355713,-0.27762051507814217,0.1689588377723971,-0.09015408320493067,0.20513977547875853,0.03645608628659476,0.3525291657495047,-0.08530706581554039,-0.07776359233986353,-0.3415034118423949,0.11193704600484261,-0.06092670041822584,-0.3390975126568347,-0.21232885758309486,-0.25306405458947834,-0.2884723750825446,-0.24018710103455868,-0.24082544574069997,-0.24516618974246093,-0.0973167510455646,-0.16483821263482282,0.06781642086726833,0.07787145058331499,-0.12887739379264804,-0.006907329958177416,-0.5154039181157826,-0.3223508694695135,-0.2083116883116883,-0.4128329297820823,-0.28215716486902925,-0.09315870570107858,-0.16922958397534668,0.14366277790006604,-0.2826964560862866,-0.11047985912392692,0.1418666079683029,0.012088928021131411,0.17715386308606648,0.13711644287915475
#102,-0.2305194805194805,0.02765793528505393,-0.17117103235747302,-0.16444199867928683,-0.49459828307285936,-0.5380167290336781,0.05570768214836012,-0.2520184899845917,-0.30389170151882017,-0.16107858243451464,-0.08161787365177196,-0.3960444640105657,-0.087805414924059,-0.4580915694475017,0.3184129429892142,1.0,-0.2888465771516619,-0.07396654193264363,0.04401496808276469,0.39545454545454545,0.1253598943429452,0.6695927801012547,-0.2752388289676425,0.04070878274268105,-0.14220118864186662,0.13715826546335022,-0.2145806735637244,-0.11526524323134493,-0.39480299361655297,-0.21890380805635043,-0.06902707462029496,-0.08511776359233986,0.008820162887959499,0.017946290997138455,-0.41531366938146597,-0.1613515298261061,-0.2950363196125908,0.18701518820162888,-0.22523222540171692,-0.04833590138674884,-0.20403918115782524,-0.08228263262161567,-0.4156196346026855,0.1367378384327537,-0.3332577591899626,-0.22934404578472375,-0.015540391811578251,-0.13693814659916353,-0.3163152102135153,-0.19469513537310149,-0.22138014527845037,-0.26836891921637684,-0.253629760070438,-0.04292537970504072,-0.23150121065375304,0.20983491085186,-0.033792648029936166,0.39696456086286597,-0.45155403918115783,-0.5348250055029716,0.02489324235086947,-0.13440457847237508,-0.31409200968523004,0.0888861985472155,-0.31595641646489103,-0.25626458287475234,-0.15212634822804313,0.11187981510015409,0.3454479418886199,0.4364252696456086,-0.02323794849218578,-0.04519260400616333,0.24231785163988553,0.10896984371560643,0.2631322914373762,0.48229143737618313,0.20424829407880254,0.34083865287255116,0.15060752806515518,0.522674444199868,-0.39685230024213075,-0.2675280651551838,0.2615826546335021,-0.3269403477878054,-0.21092009685230023,-0.16299141536429673,-0.11799911952454326,-0.14722209993396435,-0.3308870790226722,-0.4307440017609509,-0.5393440457847237,-0.11688311688311688,-0.31949152542372883,0.0035857362976007045,-0.2887079022672243,-0.20642526964560862,0.32458507594100816,-0.36758969843715605,-0.21173233546114903,-0.34192383887299144,-0.25977107638124586,-0.41720889280211315,-0.2626832489544354,-0.27622716266784064,0.038256658595641646,-0.18172793308386528,-0.06025093550517279,-0.009154743561523222,0.1164208672683249,0.11442659035879375,0.0435857362976007
#201,0.5979242791107198,0.47762271626678404,0.7434074400176095,0.5659938366718028,0.36017609509134935,0.410807836231565,0.19762491745542593,0.525130970724191,0.30536209553158705,0.6147083425049527,0.4600352190182699,0.3102421307506053,0.19472154963680388,0.2520823244552058,-0.2383072859344046,-0.2888465771516619,1.0,0.4345586616773057,-0.014285714285714285,-0.18559542152762493,-0.2455822143957737,-0.20401056570548096,0.3327206691613471,0.16401276689412284,0.1109289016068677,0.11250055029716047,-0.09277349768875193,0.13483381025753907,0.42093990755007704,0.34690072639225183,-0.020983931322914373,0.2785186000440238,0.19205370900286153,0.0537310147479639,0.5003653973145499,0.34425049526744445,0.28211314109619196,0.020048426150121066,0.24534008364516838,0.023055249834910852,0.3194805194805195,0.017937486242570987,0.18347787805414925,-0.2500902487343165,-0.020561303103675984,0.024855822143957738,0.16202509355051728,0.34834910851860007,-0.008736517719568567,-0.009678626458287475,0.3190182698657275,0.2005679066696016,0.07720008804754568,0.1812722870349989,-0.024175654853620956,0.13230244331939248,-0.38397094430992734,-0.3356614571868809,-0.06017609509134933,-0.11965661457186881,-0.0725379705040722,0.26143957737178075,0.09871670702179176,-0.21429231785163988,0.15661677305745103,0.10271846797270526,-0.08675544794188862,-0.07392912172573189,0.055553598943429455,-0.15476337222099934,0.411468192824125,0.46413603345806737,-0.039911952454325335,0.02482940788025534,-0.24045784723750827,-0.29694915254237286,-0.01802113141096192,-0.16224301122606208,0.08725731895223421,-0.04454545454545455,0.047316751045564605,0.42036099493726614,-0.09849218578032137,0.217607307946291,0.18809597182478538,0.04984591679506934,0.17482940788025533,0.16804974686330618,0.12252696456086287,0.16441118203830069,0.08917675544794189,-0.16281091789566365,-0.06912172573189522,-0.055663658375522784,-0.05602685450143077,0.13188861985472156,0.24483601144618095,0.41689192163768435,0.46820823244552057,0.4436869909751266,0.3779110719788686,0.6236275588817962,0.2752718467972705,0.4586286594761171,0.30739379264802996,0.3842945190402818,0.32227162667840636,-0.04335461149020471,-0.07979749064494827,-0.08431653092670041,0.000785824345146379
