,#10,#11,#12,#13,#17,#18,#26,#49,#50,#51,#52,#53,#54,#58,#101,#102,#201,#202,#301,#302,#401,#402,#501,#502,#601,#602,#701,#702,#801,#802,#901,#902,#1001,#1002,#1101,#1102,#1201,#1202,#1301,#1302,#1401,#1402,#1501,#1502,#1601,#1602,#1701,#1702,#1801,#1802,#1901,#1902,#2001,#2002,#2101,#2102,#2201,#2202,#2301,#2302,#2401,#2402,#2501,#2502,#2601,#2602,#2701,#2702,#2801,#2802,#2901,#2902,#3001,#3002,#3101,#3102,#3201,#3202,#3301,#3302,#3401,#3402,#3455,#3501,#3502,#3601,#3602,#3701,#3702,#3801,#3802,#3901,#3902,#4001,#4002,#4101,#4102,#4201,#4202,#4301,#4302,#4401,#4402,#4501,#4502,#4601,#4602,#4701,#4702,#4801,#4802
#10,1.0,0.24824785384107417,0.1750363196125908,0.14148580233325997,0.07984371560642747,0.4672859344045785,0.18279771076381246,0.5972683248954436,0.20102135152982611,0.3478758529605987,0.5338674884437596,0.27577812018489983,0.20108298481179837,0.22262161567246314,-0.27226942548976446,-0.07795509575170592,0.2910873871890821,-0.10378824565265243,-0.18952454325335683,0.005009905348888399,-0.24729694034778782,0.09383006823684789,-0.17584415584415583,0.10471714725952014,-0.2675544794188862,0.22542593000220118,-0.12942328857583094,-0.045610829848117984,-0.056020250935505174,0.11981730134272507,0.1488267664538851,-0.00020911292097732775,0.15500770416024653,0.0008122386088487783,-0.10579572969403478,0.022168170812238607,-0.21783403037640325,0.05240149680827647,-0.2484503631961259,0.01708782742681048,0.12293858683689192,-0.060413823464670925,0.030781421967862647,0.04310147479639005,-0.18552058111380146,0.07603345806735637,-0.04513757429011666,-0.10896324014968083,-0.1350297160466652,-0.024052388289676426,0.1628681488003522,-0.05403697996918336,-0.03334360554699538,-0.08073519700638344,-0.20768214836011445,-0.02220118864186661,-0.04429231785163989,0.05467092229804094,-0.037263922518159805,0.16351749944970284,-0.06227382786704821,-0.13213955535989436,-0.09286594761171033,-0.15200748404138234,-0.03604226282192384,-0.0349042482940788,0.020854061193044244,-0.04219898745322474,-0.09157164869029276,-0.001926040061633282,0.024728153202729475,0.04419546555139776,0.21070658155403918,0.20747083425049526,0.15839313229143737,0.17027734976887518,0.1615364296720229,0.2178648470173894,-0.16982610609729254,0.13427250715386307,-0.06125027514858023,0.263332599603786,-0.12661016949152543,0.036803874092009685,0.17405458947831828,0.04780321373541713,-0.08050187101034559,0.20055910191503412,0.02844816200748404,0.3020030816640986,0.10479859123926921,-0.07419326436275589,-0.0043935725291657495,-0.07053488883997358,-0.10417565485362096,0.04789786484701739,0.0998283072859344,0.3108430552498349,0.04195905789126128,0.19815100154083204,0.13903808056350428,0.29618534008364517,-0.24582434514637905,0.16054149240589918,0.03970283953334801,0.14319392471934844,-0.10738718908210433,-0.11839533348007925,-0.06369359454105217,-0.10182038300682368,-0.08897204490424829
#11,0.24824785384107417,1.0,0.4864010565705481,0.34739379264802994,0.24105877173673784,0.2420823244552058,0.26141976667400396,0.2579969183359014,0.28648250055029717,0.34497248514197665,0.3019656614571869,0.23729914153642967,0.3163130090248734,0.05317191283292978,-0.3311820383006824,-0.07769095311468192,0.24688751926040062,0.2640854061193044,-0.28822364076601364,-0.016066475896984372,-0.16529826106097292,-0.09101034558661678,-0.19271846797270525,-0.09795069337442219,-0.1520162887959498,0.11185340083645168,-0.12837332159366058,0.07244111820383006,0.2602707462029496,-0.2304490424829408,0.23351089588377724,0.24710103455866167,0.12892802113141097,0.08091349328637465,0.2412854941668501,-0.0436187541272287,0.33875852960598724,-0.19768875192604007,0.21127448822364076,-0.17610169491525424,0.21131631080783622,-0.02219238388729914,0.25475676865507374,-0.019082104336341624,-0.39215936605767115,-0.28065375302663437,-0.14077701959057892,-0.1280431432973806,-0.06062293638564825,-0.12985252036099493,-0.039394673123486684,0.018776139115122166,-0.10737178076161127,0.047206691613471276,-0.3417543473475677,0.09528945630640547,-0.1185956416464891,-0.08753686990975126,-0.08724411182038301,-0.16626018049746863,0.061551837992515956,0.19731234866828087,-0.39130310367598503,-0.23028835571208453,0.05694034778780541,0.2312326656394453,-0.2154237288135593,-0.11370019810697776,-0.05614571868809157,0.0014351749944970283,0.2530728593440458,0.3359013867488444,-0.051292097732775696,0.30029055690072637,0.04382126348228043,0.3751001540832049,0.06018930222320053,0.2169095311468193,-0.286187541272287,-0.014688531807175874,0.2156042262821924,0.1414439797490645,0.11628659476117104,0.3528747523662778,0.15190182698657276,0.1465991635483161,0.01288135593220339,0.17147259520140876,-0.08822364076601365,0.24361655293858683,-0.06831168831168831,0.0005260840854061193,0.016368038740920098,-0.10656174334140436,-0.2596896324014968,0.31496808276469296,0.10468192824125028,0.3869205370900286,0.19168170812238608,0.1110675764913053,0.31426150121065377,0.1922804314329738,0.18329958177415803,0.38792207792207795,0.20644508034338543,0.3199141536429672,0.1615958617653533,0.11972485141976667,0.32472375082544574,-0.10618093770636143,-0.1199537750385208
#12,0.1750363196125908,0.4864010565705481,1.0,0.5161016949152543,0.2737112040501871,0.3088069557561083,0.27573849878934625,-0.021972265023112482,-0.01425709883337002,0.3900770416024653,0.2616596962359674,0.010605326876513317,0.2190380805635043,-0.1287079022672243,-0.14083865287255118,-0.015980629539951573,0.6346709222980409,0.6451177635923399,-0.2694893242350869,-0.1541206251375743,-0.2906999779881136,-0.33012326656394453,0.24973585736297602,-0.2675698877393793,0.08453664979088708,0.019977988113581334,0.015874972485141976,0.09596742240810037,0.5501782962799912,0.010066035659255998,0.4790358793748624,0.17713625357693155,0.2942174774378164,0.013618754127228704,0.28169711644287915,-0.1850561303103676,0.3528659476117103,-0.2159982390490865,0.18655734096412063,-0.20486242570988333,0.3224323134492626,-0.18049086506713624,0.1519524543253357,-0.18036539731454987,-0.19316971164428792,-0.2976293198327097,-0.11716046665199208,0.1201122606207352,-0.06623376623376623,-0.016777459828307285,0.24749284613691394,0.18608408540611932,0.21543033237948492,0.18939467312348668,-0.44903147699757867,0.03941668500990535,-0.2786572749284614,-0.33538190622936387,0.009484921857803214,0.043416244772176975,-0.05162227602905569,0.16573849878934624,-0.26578032137354174,-0.11665859564164649,0.3163284173453665,0.22585736297600703,-0.21822804314329738,-0.2606119304424389,-0.01832489544353951,-0.07958617653532908,0.43652872551177635,0.32625137574290114,-0.22452564384767776,0.055848558221439575,-0.28780101254677526,0.031490204710543694,-0.25198327096632184,0.12818401937046006,0.08162667840633943,0.06022672243011226,0.22507153863086066,0.21549196566145717,0.18360994937266123,0.4940854061193044,0.002075720889280211,-0.13244772176975567,-0.0450231124807396,0.2551221659696236,-0.2328989654413383,0.045971824785384106,-0.16710103455866168,0.007906669601584856,-0.014688531807175874,-0.09333039841514418,-0.027021791767554478,0.7007329958177416,0.45852080123266564,0.6064450803433854,0.49072198987453225,0.16650231124807396,0.4495179396874312,0.437112040501871,0.34696676205150784,0.3846797270526084,0.49099053488884,0.3373629760070438,0.5026326216156725,0.040066035659256,0.207376183138895,0.028509795289456307,-0.08407660136473696
#13,0.14148580233325997,0.34739379264802994,0.5161016949152543,1.0,0.26986572749284615,0.24790226722430111,0.11817961699317632,-0.21855822143957737,-0.04513317191283293,0.3093220338983051,0.137046004842615,0.1590116662998019,0.2066387849438697,-0.2861171032357473,-0.06435835351089589,-0.03622055910191503,0.42657495047325555,0.4469997798811358,-0.2601804974686331,-0.20068016729033678,-0.2296830288355712,-0.05767114241690513,0.2548910411622276,0.06569007263922517,0.028291877613911512,0.09577371780761611,0.11659255998239049,0.08294519040281752,0.2791107197886859,-0.16702839533348007,0.3865969623596742,0.05934844816200748,0.39736077481840193,0.14567246313009025,0.20254237288135593,-0.23503411842394895,0.28214615892581996,0.04541712524763372,0.23162667840633944,0.07897424609289017,0.1398084965881576,-0.18457627118644068,0.05414483821263482,-0.04142416905128769,0.05521241470394013,0.10246753246753247,0.13574510235527185,0.34328857583094874,0.048166409861325116,0.1283865287255118,0.04354391371340524,0.22631300902487342,0.07176095091349328,0.18592339863526305,-0.028073959938366717,0.1731719128329298,-0.11238388729914153,-0.04119084305524984,-0.13724851419766673,0.18344486022452125,-0.18685450143077262,0.0021329517939687433,-0.06665859564164649,-0.04642967202289236,0.12269205370900287,0.2043759630200308,-0.188267664538851,-0.26120184899845916,-0.1372375082544574,-0.3062821923838873,-0.014527845036319613,-0.027123046445080342,-0.18296720228923619,0.07452344265903588,-0.1737046004842615,-0.03587497248514197,-0.24458507594100815,-0.004794188861985472,0.18227823024433193,-0.08756548536209553,0.3647237508254457,0.28425489764472817,0.17615892581994277,0.3856504512436716,-0.025071538630860663,-0.29517059211974467,-0.13670702179176755,0.2821483601144618,-0.1002707462029496,0.07034338542813119,-0.02843055249834911,-0.13681267884657716,-0.006610169491525424,-0.21272507153863085,-0.056616773057451025,0.3336253576931543,0.22862425709883338,0.5106317411402157,0.4090578912612811,0.2545454545454545,0.31352850539291216,0.32308826766453885,0.3143275368699098,0.514902047105437,0.5718291877613911,0.572773497688752,0.4964604886638785,-0.03396213955535989,0.14143297380585515,-0.07215056130310367,-0.1037772397094431
#17,0.07984371560642747,0.24105877173673784,0.2737112040501871,0.26986572749284615,1.0,0.331798371120405,0.22536869909751267,-0.03276249174554259,-0.13112260620735197,-0.00860444640105657,-0.11867708562623817,-0.04722870349988994,0.1582588597842835,-0.029852520360994936,-0.2237376183138895,-0.1383733215936606,-0.0639159145938807,0.3338542813119084,-0.26098393132291436,-0.058553819062293636,-0.3216354831609069,-0.1372309046885318,-0.15319832709663217,-0.1253532907770196,-0.12405018710103456,-0.09919876733436056,-0.10115782522562183,0.1808430552498349,0.4495135373101475,0.052769095311468193,0.2565881576051068,0.13811138014527846,0.07382126348228044,0.056773057451023554,0.3157737178076161,-1.7609509134932863e-05,0.13029275808936827,-0.027294739159145938,0.05964340744001761,-0.10913713405238828,0.14051948051948052,0.01952674444199868,0.19299141536429673,0.06153863086066476,-0.19539291217257318,-0.024083204930662558,0.07826986572749285,0.20022892361875413,0.11540832049306625,-0.06399735857362976,-0.16180937706361434,0.07906449482720669,-0.14104336341624477,0.06213515298261061,-0.3675830948712305,0.023171912832929784,-0.1489654413383227,-0.11403918115782523,0.1748712304644508,0.2552894563064055,0.021190843055249833,0.22988994056790668,0.04172573189522342,0.17408760730794628,-0.17396654193264363,0.03657054809597182,-0.061904028175214613,0.0849768875192604,-0.13737178076161127,-0.08037860444640106,-0.02859123926920537,0.023055249834910852,-0.024362755888179616,0.2012524763372221,0.05572969403477878,0.13853180717587496,0.009966982170372,0.14581554039181158,-0.11926480299361655,0.053755227823024436,0.10952674444199868,0.2959145938806956,0.3065727492846137,0.3812920977327757,0.19877613911512215,0.02894122826326216,0.1099801893022232,0.17505392912172574,0.039434294519040285,0.15874532247413603,0.24058991855602024,0.12224521241470394,0.15621175434734758,-0.031639885538190624,-0.032914373761831386,0.02972044904248294,-0.01896103896103896,0.2998195025313669,0.24118864186660796,0.10096412062513757,0.3454479418886199,-0.0225709883337002,0.39460488663878496,0.11904248294078802,0.30331058771736735,0.2271054369359454,0.29426150121065375,0.06201848998459168,0.14236407660136474,0.018139995597622718,0.058886198547215496
#18,0.4672859344045785,0.2420823244552058,0.3088069557561083,0.24790226722430111,0.331798371120405,1.0,0.16161347127448822,0.35930442438917015,0.12995157384987893,0.27829407880255336,0.270792427911072,0.21756548536209552,0.45988553819062294,0.1847325555800132,-0.012047105436935945,-0.1090578912612811,0.27879154743561524,0.14499229583975345,-0.08070658155403918,0.04144838212634823,-0.08629980189302223,-0.05247413603345807,0.08055690072639225,-0.13513977547875852,-0.01077261721329518,-0.09339423288575831,-0.14950033017829628,-0.02154523442659036,0.22242791107197887,0.09025753907109839,0.0475941008144398,0.2087277129650011,0.10508474576271186,-0.042876953554919654,0.09446180937706361,-0.055381906229363856,0.0513185119964781,0.010717587497248514,-0.03198767334360555,-0.14415584415584415,0.2739423288575831,-0.05792207792207792,0.20952014087607307,0.08252916574950474,-0.0801056570548096,0.015058331499009465,-0.20413823464670922,-0.16490204710543693,-0.23847677745982832,0.11724411182038301,0.04874532247413604,0.11705701078582434,-0.027814219678626458,0.077277129650011,-0.1930970724191063,0.009385868368919217,-0.08976007043803653,0.08633061853400836,-0.12072419106317411,-0.09681267884657715,-0.10953334800792427,-0.12213735417125247,0.07517059211974467,0.12033678186220559,-0.0435329077701959,-0.18733876293198326,0.05535769315430333,-0.05538410741800572,0.10420647149460709,0.08968743121285494,0.16556680607528065,0.04097072419106317,0.2547545674664319,0.1041536429672023,0.19308166409861324,0.1449108518600044,0.08652212194585077,0.2587145058331499,0.07018710103455866,0.08730574510235527,0.10513757429011666,0.4625511776359234,0.18229583975346686,0.3207506053268765,0.13087607307946292,-0.11299361655293859,-0.1994342945190403,0.4112194585075941,-0.036229363856482504,0.20206691613471275,0.061052168170812236,-0.1539291217257319,0.010416024653312789,-0.1901386748844376,-0.2043451463790447,0.043359013867488444,-0.07500110059432093,0.17353070658155403,0.1329980189302223,-0.10238828967642527,0.29776799471714727,0.097244111820383,0.07300462249614792,-0.004025974025974026,0.07132071318511997,0.09785163988553819,0.021578252256218358,-0.18359013867488444,-0.11415144177856042,-0.2378450363196126,-0.17364957076821483
#26,0.18279771076381246,0.26141976667400396,0.27573849878934625,0.11817961699317632,0.22536869909751267,0.16161347127448822,1.0,0.22801893022232006,0.06806955756108299,0.15923838872991417,0.2664472815320273,0.08057451023552718,0.23077922077922078,0.13790006603565927,-0.17134932863746424,-0.18116222760290557,0.15883777239709443,0.1291899625797931,-0.09697776799471715,-0.08353290777019591,-0.3104974686330619,-0.30040501871010344,0.01676205150781422,-0.28532247413603345,0.04175434734756769,-0.1247721769755668,-0.09407219898745323,-0.19918115782522564,0.30133392031697115,-0.09335241030156284,0.2775896984371561,0.16544794188861986,-0.04262161567246313,0.12973585736297602,0.2807462029495928,0.1176667400396214,0.19912832929782082,0.0021153422848338103,0.09016508914813999,-0.0886946951353731,0.3385604226282192,0.13026854501430774,0.18245432533568126,-0.03239489324235087,-0.2578296279991195,-0.13743341404358353,-0.03327977107638125,-0.003317191283292978,-0.02278890600924499,-0.20593440457847237,-0.11453664979088708,-0.2000264142637024,-0.037508254457407,-0.1615364296720229,-0.31742020691173234,-0.060970724191063176,0.004155844155844156,-0.16014087607307947,0.19870570107858243,0.13350869469513538,0.015230024213075061,0.177772397094431,-0.20082104336341625,-0.18072859344045786,-0.1616420867268325,0.03462029495927801,-0.06532247413603345,0.1085163988553819,-0.10547875852960599,0.026883116883116884,0.04669161347127449,0.13424389170151882,-0.020490865067136252,0.13165749504732555,0.06075060532687651,0.12244331939247194,-0.0013119084305524983,0.2022672243011226,-0.013444860224521241,-0.055584415584415584,0.12145498569227382,0.2009487123046445,0.1615628439357253,0.32439137134052387,0.2182654633502091,0.0838366718027735,0.019121725731895224,0.20107638124587277,0.060651551837992514,0.19306845696676206,0.09800792427911072,0.09580233325996038,0.04650231124807396,-0.011316310807836232,0.004541052168170813,0.16384547655734097,-0.11832489544353951,0.12763812458727714,-0.13110499669821704,0.14166629980189302,0.024316530926700417,-0.046156724631300904,0.2092890160686771,0.1310147479639005,0.15045784723750824,0.07989874532247414,0.06771516618974247,-0.017462029495927803,0.040783623156504516,-0.03703720008804755,-0.017642526964560864
#49,0.5972683248954436,0.2579969183359014,-0.021972265023112482,-0.21855822143957737,-0.03276249174554259,0.35930442438917015,0.22801893022232006,1.0,0.6050451243671583,0.3088333700198107,0.44528725511776357,0.29244772176975564,0.2425049526744442,0.5302663438256658,-0.2646357032797711,-0.23528285274047986,0.22795509575170592,-0.4186572749284614,-0.03436715826546335,0.02506713625357693,-0.0563680387409201,-0.019291217257318954,-0.0678120184899846,-0.15830288355712085,-0.16292978208232445,-0.050946511116002645,-0.1295267444419987,-0.040721989874532245,-0.22394453004622497,0.00700858463570328,-0.1547457627118644,0.17832709663218138,0.10337662337662337,-0.06539511336121506,-0.21499229583975346,-0.10309267004182258,-0.2184437596302003,-0.16625137574290116,-0.1850891481399956,-0.2088069557561083,0.2041976667400396,-0.1463746423068457,-0.1563680387409201,-0.011177635923398635,-0.26212634822804315,-0.07754347347567686,-0.15917455425930002,-0.21641206251375744,-0.22377283733215936,-0.1061501210653753,0.021320713185119966,-0.19186880915694476,0.07913713405238829,-0.056348228043143295,-0.13821483601144618,-0.18982390490865067,0.03959278010125468,-0.08994937266123706,-0.16927801012546775,-0.18621395553598943,0.004076601364736958,-0.17417125247633722,-0.1240744001760951,-0.23985031917235308,0.10733436055469954,0.017266123706801674,0.09343605546995377,0.09000880475456746,0.09270746202949592,0.028718908210433634,0.3117631521021352,0.2304204270305965,0.47001540832049304,0.25217917675544793,0.3288399735857363,0.21981730134272506,0.2051617873651772,0.21008144397974907,-0.19633722209993396,-0.09825225621835791,-0.2481421967862646,0.03967862645828747,-0.3121043363416245,-0.15220999339643407,0.07258859784283513,0.20373541712524765,-0.092326656394453,0.11571428571428571,0.04520360994937266,0.24923398635263042,-0.07708562623816861,-0.17351749944970285,-0.12734756768655073,-0.05109619194364957,-0.252128549416685,0.009159145938806956,-0.03236847897864847,-0.03828307285934405,-0.12319172353070658,-0.0823134492626018,-0.028329297820823246,0.1572727272727273,-0.32892802113141095,-0.11738058551617873,-0.3167312348668281,-0.17618754127228703,-0.373251155624037,-0.14888179616993177,-0.13954875632841734,-0.14293198327096632,-0.12010565705480959
#50,0.20102135152982611,0.28648250055029717,-0.01425709883337002,-0.04513317191283293,-0.13112260620735197,0.12995157384987893,0.06806955756108299,0.6050451243671583,1.0,0.3060972925379705,0.3191811578252256,0.2616817081223861,0.32608408540611933,0.1917609509134933,-0.09427911071978869,-0.21204710543693595,0.20984371560642748,-0.32927801012546776,-0.008265463350209112,-0.16861765353290778,0.007272727272727273,-0.06359454105216818,0.09174994497028395,-0.13521021351529827,-0.02421087387189082,-0.19333039841514418,0.0069359454105216815,-0.05065815540391812,-0.17055469953775038,-0.11205370900286155,-0.08228923618754128,0.0864604886638785,0.0909156944750165,-0.09132511556240369,-0.16195905789126128,-0.271071978868589,0.1293154303323795,-0.22959278010125467,0.12181157825225622,-0.15467092229804094,0.2723618754127229,-0.28264582874752364,-0.2438564825005503,0.008923618754127229,-0.13838872991415363,-0.1612194585075941,-0.05543913713405239,-0.14668941228263263,-0.24641866607968302,-0.12187101034558662,0.045943209333039844,-0.1235725291657495,0.06836671802773497,-0.0323530706581554,0.06344045784723751,-0.2048646268985252,0.1040017609509135,-0.16922518159806296,-0.24098393132291437,-0.30804974686330616,0.14171692714065595,-0.04503191723530706,-0.1149306625577812,-0.2091173233546115,0.08904248294078802,0.01956416464891041,-0.0211600264142637,-0.040715386308606646,0.08030816640986133,-0.09545894783182919,0.2941448382126348,0.1514175654853621,0.4084701738939027,0.0030860664758969843,0.25776579352850537,0.005910191503411842,0.18007043803653974,0.17461589258199428,-0.11436935945410522,-0.2866806075280652,-0.1399141536429672,-0.222689852520361,-0.2669667620515078,-0.15587277129650012,-0.24838872991415364,0.2406845696676205,-0.03167730574510236,0.10731675104556461,-0.07705260840854061,-0.021719128329297822,-0.2842350869469514,-0.2546489104116223,-0.46253576931543033,0.06428351309707242,-0.16871670702179176,0.14105657054809598,-0.09474356152322254,-0.01659916354831609,0.051809377063614354,-0.015511776359233986,-0.03677745982830729,0.21585075941008144,-0.24334140435835352,0.08761831388950032,-0.17869029275808937,-0.025335681267884658,-0.22447281532027294,0.057237508254457406,0.050717587497248515,0.03692053709002861,0.06947171472595201
#51,0.3478758529605987,0.34497248514197665,0.3900770416024653,0.3093220338983051,-0.00860444640105657,0.27829407880255336,0.15923838872991417,0.3088333700198107,0.3060972925379705,1.0,0.46317411402157166,0.23769755668060752,0.32118864186660795,0.17209773277569887,-0.020708782742681047,-0.11668500990534889,0.6027646929341844,0.019132731675104556,-0.2072573189522342,-0.3264648910411622,-0.20321153422848337,-0.39474796390050626,0.1764538850979529,-0.37693594541052167,0.05911732335461149,-0.0412326656394453,0.11057230904688532,0.03232665639445301,0.12081884217477437,-0.036022452124147036,0.08044684129429892,-0.09686110499669821,0.2658067356372441,0.006306405458947832,-0.13053488883997358,-0.1573959938366718,0.08694695135373101,-0.15649790887079024,-0.1256042262821924,-0.30452784503631963,0.21211314109619195,-0.050039621395553596,-0.051349328637464234,-0.13265243231344925,-0.03314329738058552,-0.2595509575170592,0.04195905789126128,0.0512392692053709,0.112557781201849,0.07558881796169932,0.43017389390270744,0.0914373761831389,0.15361655293858684,0.035084745762711866,-0.2656460488663879,-0.23034558661677307,-0.06577371780761611,-0.3814791987673344,-0.16771516618974247,-0.24122826326216157,0.06650671362535769,0.015610829848117984,-0.32329297820823244,-0.35443319392471934,0.21682808716707022,-0.014428791547435616,-0.26840193704600485,-0.14409200968523003,-0.11041382346467092,-0.16753026634382567,0.25291657495047326,0.18676865507373983,-0.02075941008144398,0.11895443539511336,-0.31276469293418446,0.05057230904688532,-0.049839313229143735,0.13354171252476338,0.07300682368478979,-0.10467532467532467,0.015267444419986793,0.011943649570768215,-0.15141096191943648,0.011904028175214616,-0.258630860664759,0.047413603345806736,-0.05574950473255558,-0.006900726392251816,-0.11195905789126129,-0.11725511776359233,-0.22095091349328638,-0.037296940347787806,-0.1460114461809377,0.10955756108298481,0.013940127668941229,0.46306625577812016,0.20435835351089587,0.29558441558441556,0.10263042042703059,0.26660576711424167,0.19934844816200747,0.3214637904468413,-0.14922738278670483,0.2652762491745543,0.03867268324895443,0.14217917675544794,0.037475236627779,0.05174554259300022,0.12293418445960819,0.1267180277349769,0.10379264802993617
#52,0.5338674884437596,0.3019656614571869,0.2616596962359674,0.137046004842615,-0.11867708562623817,0.270792427911072,0.2664472815320273,0.44528725511776357,0.3191811578252256,0.46317411402157166,1.0,0.2917609509134933,0.37572749284613693,0.2484503631961259,0.08546555139775479,0.08777459828307287,0.4694607087827427,-0.010904688531807176,0.08955535989434295,0.12754347347567688,-0.041743341404358356,0.045643847677745986,0.02339203169711644,0.04223640766013648,-0.09163108078362316,0.22810477657935285,-0.15636143517499448,-0.2582852740479859,0.04306185340083645,0.08385208012326656,0.01957737178076161,0.11839093110279551,0.08445740699977988,0.06561082984811799,0.06645608628659476,-0.002291437376183139,0.017602905569007263,0.08537530266343826,-0.12566585956416465,0.07673783843275368,0.29209112920977326,-0.0012084525643847677,0.22703059652212196,0.1666123706801673,-0.04932423508694695,0.0016795069337442218,-0.2578824565265243,-0.2937574290116663,-0.3075170592119745,-0.17721989874532248,0.054624697336561744,-0.16405018710103456,-0.08587937486242571,-0.03839093110279551,-0.013629760070438037,0.09621835791327317,-0.10208892802113141,0.04933083865287255,-0.2199405679066696,-0.09808496588157604,-0.06871230464450803,-0.1279506933744222,-0.07548976447281532,-0.24169931763152103,0.20857362976007043,0.027699757869249393,-0.12549636803874092,-0.11637684349548756,0.1846467092229804,0.20388069557561084,0.17890160686770856,0.2853048646268985,0.08501650891481399,0.006376843495487563,-0.04878934624697336,-0.06416464891041163,0.03549856922738279,0.029029275808936827,-0.020728593440457847,0.04681267884657715,0.054836011446180936,0.1448051948051948,0.0038410741800572307,0.09321593660576712,0.038445960818842176,-0.03385428131190843,-0.1037574290116663,0.30216596962359676,0.07198987453224741,0.10313449262601805,0.005111160026414264,0.00663878494386969,-0.05427030596522122,-0.017988113581333922,-0.021014747963900505,0.22018930222320052,0.12513757429011665,0.19546775258639665,-0.08680387409200968,-0.011756548536209553,-0.17918556020250936,0.1260246533127889,-0.18958397534668722,0.12552278230244332,-0.04103015628439357,-0.01233546114902047,-0.12313009024873432,-0.07683689192163769,-0.015855161787365176,-0.11542813119084305,-0.10015408320493066
#53,0.27577812018489983,0.23729914153642967,0.010605326876513317,0.1590116662998019,-0.04722870349988994,0.21756548536209552,0.08057451023552718,0.29244772176975564,0.2616817081223861,0.23769755668060752,0.2917609509134933,1.0,0.4876469293418446,0.10262601804974686,-0.09918115782522562,-0.10036979969183359,0.26852080123266564,-0.3292295839753467,-0.17531146819282412,0.049535549196566143,-0.07221219458507594,0.06979969183359014,0.00811138014527845,0.02240149680827647,-0.05449042482940788,-0.12259300022011886,0.008357913273167511,-0.0010697776799471715,-0.16862425709883336,-0.06619194364957076,0.07015628439357253,-0.04767994717147259,0.09416905128769536,-0.17408980849658814,-0.32038520801232667,-0.2415562403697997,-0.09810697776799472,-0.16963900506273388,-0.15997798811358133,-0.07701078582434515,0.04482280431432974,-0.3067246313009025,-0.26097072419106315,-0.059817301342725074,0.04153422848338103,0.16207131851199646,-0.10651111600264143,-0.17570107858243453,-0.14638564825005504,0.08549856922738279,-0.021417565485362097,0.20526964560862865,0.016962359674224083,0.13738498789346246,-0.030933303984151443,-0.09981069777679948,-0.036414263702399294,0.12060752806515518,-0.33737398195025314,-0.1804754567466432,0.05643187321153423,-0.10437156064274708,-0.015241030156284394,-0.117871450583315,0.006253576931543033,0.08269645608628659,0.01583535108958838,-0.15018930222320054,-0.01210873871890821,-0.02254237288135593,0.1726766453885098,0.025128769535549197,0.06574950473255559,0.025778120184899847,0.04635263042042703,-0.07838872991415365,0.09642526964560863,0.01337442218798151,-0.051780761611270085,0.03030376403257759,0.20974466211754347,0.2768787145058331,-0.32439137134052387,-0.1764010565705481,0.04985692273827867,0.10534668721109398,-0.02459388069557561,0.2879352850539291,0.008802553378824565,0.3056636583755228,0.21366718027734977,-0.22776139115122165,-0.02417345366497909,-0.017004182258419546,-0.0021571648690292757,0.044525643847677744,0.011393352410301563,-0.00900726392251816,0.055016508914814,0.11773717807616113,0.06285714285714286,0.36695135373101473,-0.32489544353951133,0.28539511336121504,-0.03994276909531147,0.03688091569447502,-0.16848558221439577,0.09336561743341404,0.06056570548095972,-0.010118864186660796,-0.002075720889280211
#54,0.20108298481179837,0.3163130090248734,0.2190380805635043,0.2066387849438697,0.1582588597842835,0.45988553819062294,0.23077922077922078,0.2425049526744442,0.32608408540611933,0.32118864186660795,0.37572749284613693,0.4876469293418446,1.0,0.195214615892582,-0.06089588377723971,-0.0709817301342725,0.28276689412282635,0.06600704380365398,-0.07073959938366718,-0.04212194585075941,-0.11433414043583535,-0.06807836231565045,0.2639951573849879,-0.14592339863526305,0.2101452784503632,-0.05530486462689853,0.062016288795949816,0.12313669381465991,0.24203169711644287,0.012806515518379925,0.13320493066255779,0.1789456306405459,0.06090468853180717,-0.13786264582874752,0.04175214615892582,-0.1393286374642307,0.17950693374422189,-0.04025974025974026,0.012577591899625798,-0.13876513317191283,0.22195905789126127,-0.225016508914814,0.026667400396213955,-0.028516398855381906,0.06735857362976007,-0.061151221659696234,-0.22480079242791107,-0.1260114461809377,-0.14347787805414924,0.15000220118864185,0.17895443539511335,0.33541492405899187,0.12617433414043583,0.20253356812678847,-0.11802773497688752,0.04633722209993396,-0.25169491525423726,-0.019542152762491747,-0.24683248954435394,-0.14965001100594322,-0.1351221659696236,-0.12494166850099053,-0.06165969623596742,-0.05841074180057231,0.09621175434734756,0.017867048206031258,0.08970724191063174,-0.00885097952894563,0.11132951793968743,0.056152322254017166,0.2393352410301563,0.016896324014968083,-0.003984151441778561,0.009619194364957076,-0.07145278450363196,-0.05295399515738499,-0.11263922518159807,-0.008060752806515518,0.0737178076161127,0.03778120184899846,0.4255690072639225,0.22044023772837332,0.04823904908650671,0.21572088928021133,-0.11542372881355932,-0.10869689632401497,-0.18416685009905348,0.3735681267884658,0.020884877834030376,0.15721329517939686,-0.017563284173453667,-0.13945190402817523,-0.07283953334800793,-0.1774620294959278,-0.15653753026634382,0.25882236407660136,0.11639445300462249,0.13092670041822585,0.2133876293198327,0.11571428571428571,0.2685274047985912,0.3231719128329298,-0.004961479198767335,0.17927580893682588,0.052865947611710325,0.08642306845696676,0.02388729914153643,-0.13600044023772836,-0.062183579132731676,-0.21842835130970725,-0.19612590799031476
#58,0.22262161567246314,0.05317191283292978,-0.1287079022672243,-0.2861171032357473,-0.029852520360994936,0.1847325555800132,0.13790006603565927,0.5302663438256658,0.1917609509134933,0.17209773277569887,0.2484503631961259,0.10262601804974686,0.195214615892582,1.0,-0.13967862645828746,-0.11283292978208233,-0.062143957737178075,-0.4293308386528725,0.09921417565485362,0.14365617433414044,-0.09682588597842835,-0.060110059432093334,-0.107574290116663,-0.31529605987233106,-0.12233325996037861,0.041307506053268765,-0.2975632841734537,-0.04118423948932424,-0.17287915474356153,0.27236847897864847,-0.3116288795949813,0.1417785604226282,-0.11592339863526305,0.0637574290116663,-0.23596081884217476,0.1708298481179837,-0.13217257318952233,-0.061237068016729033,-0.12177195685670263,-0.12331719128329298,-0.0764142637023993,0.03059652212194585,0.019749064494827207,-0.12364296720228923,-0.28404358353510895,-0.046942548976447285,-0.21306845696676205,-0.22282632621615672,-0.13691833590138675,-0.05217257318952234,0.08267884657715166,-0.17633942328857583,0.060523882896764254,-0.09071098393132292,-0.19080123266563945,-0.10378164208672683,-0.14724191063174114,0.046081884217477435,-0.07865287255117763,0.008481179837112041,0.028316090688972045,0.012077922077922078,0.05223860884877834,-0.07873211534228483,-0.03665859564164649,0.00300462249614792,0.38619194364957077,0.5088487783403037,0.18162447721769756,0.33911952454325334,0.33476777459828305,0.3077305745102355,0.24533788245652652,0.3250627338762932,0.08521461589258199,0.23588377723970944,0.2440281752146159,0.23138014527845036,-0.08275808936825886,0.0413977547875853,-0.29697116442879157,0.12561963460268544,-0.3561743341404358,-0.3781554039181158,0.16746643187321153,0.14457627118644067,-0.029348448162007483,-0.2209222980409421,0.2571758749724851,0.05042703059652212,0.1808496588157605,-0.00031256878714505833,0.027550077041602464,-0.0475016508914814,-0.11968963240149681,-0.011679506933744222,0.009291217257318952,-0.2463614351749945,-0.1885956416464891,-0.11961479198767334,-0.07830948712304645,-0.047792207792207796,-0.34847897864847016,-0.26106537530266344,-0.43008804754567465,-0.3615210213515298,-0.4278956636583755,-0.07530706581554039,-0.09230024213075061,-0.18488663878494388,-0.029207572088928022
#101,-0.27226942548976446,-0.3311820383006824,-0.14083865287255118,-0.06435835351089589,-0.2237376183138895,-0.012047105436935945,-0.17134932863746424,-0.2646357032797711,-0.09427911071978869,-0.020708782742681047,0.08546555139775479,-0.09918115782522562,-0.06089588377723971,-0.13967862645828746,1.0,0.4840986132511556,0.0020184899845916795,0.060605326876513314,0.6173739819502532,0.3240193704600484,0.5768280871670702,0.17937926480299363,0.08629760070438036,0.20714065595421527,0.10893022232005282,-0.05387849438696896,-0.13493946731234868,-0.25254677525863967,0.03830728593440458,-0.031034558661677307,-0.28284833810257537,-0.28515738498789345,-0.14764472815320273,-0.10984591679506933,0.09698217037200088,0.06394453004622497,0.08121505613031037,0.3951397754787585,0.007530266343825666,0.17792868148800353,0.16765573409641207,0.2581421967862646,0.2559762271626678,0.40932203389830507,0.10596302003081665,0.24845916795069337,-0.12793528505392912,-0.08843275368699098,-0.13625137574290117,0.012623816861104996,-0.10797050407219899,-0.025223420647149462,-0.24368919216376844,0.10547435615232226,0.31228263262161565,0.22428791547435614,-0.19097952894563064,0.19055690072639225,-0.39076601364736957,-0.3096434074400176,-0.2644948272066916,-0.2890644948272067,0.3484107418005723,0.2186352630420427,0.27651551837992516,0.009418886198547215,-0.03592559982390491,-0.08958617653532908,0.49980629539951577,0.16005062733876294,-0.026726832489544355,-0.028804754567466433,0.05142637023992956,-0.24505392912172574,-0.030968523002421307,-0.16986352630420426,-0.14966762051507815,-0.26834910851860005,0.34511776359233987,0.20466431873211535,0.014318732115342285,-0.002139555359894343,0.06611490204710543,0.006966762051507814,-0.12877613911512217,-0.41389170151882015,-0.3100132071318512,0.05186880915694475,0.0586022452124147,-0.3828285274047986,-0.08515738498789346,-0.29667400396213955,-0.04703720008804754,-0.19035219018269867,-0.02467972705260841,-0.18770856262381685,-0.1586352630420427,-0.23580453444860225,-0.1039357252916575,-0.1849438696896324,-0.16446841294298922,-0.3810609729253797,-0.1188795949812899,-0.22976667400396214,-0.05740039621395553,-0.15474356152322255,0.028732115342284835,-0.23749064494827207,-0.187244111820383,-0.18489324235086946,-0.2734844816200748
#102,-0.07795509575170592,-0.07769095311468192,-0.015980629539951573,-0.03622055910191503,-0.1383733215936606,-0.1090578912612811,-0.18116222760290557,-0.23528285274047986,-0.21204710543693595,-0.11668500990534889,0.08777459828307287,-0.10036979969183359,-0.0709817301342725,-0.11283292978208233,0.4840986132511556,1.0,-0.023246753246753248,0.08627779000660357,0.4320471054369359,0.685463350209113,0.3728439357252917,0.5474334140435836,-0.1939027074620295,0.49474576271186443,-0.11431432973805855,0.3794276909531147,-0.11544133832269425,0.035597622716266784,-0.06676645388509796,0.030475456746643186,-0.20489324235086948,-0.2921351529826106,0.02059211974466212,-0.06663878494386968,0.054349548756328414,0.14377944089808498,-0.07763592339863526,0.5358815760510676,-0.1438762931983271,0.3378604446401057,0.10203830068236848,0.3952014087607308,0.39534448602245215,0.45265243231344926,-0.14270085846357033,0.2930398415144178,-0.11806735637244112,-0.12873651771956857,-0.027552278230244334,0.05442659035879375,-0.18878934624697336,0.0051661897424609285,-0.2877371780761611,0.2532291437376183,0.13217257318952233,0.4854875632841735,-0.45926040061633283,0.42308606647589697,-0.2555227823024433,-0.17147259520140876,-0.5534888839973586,-0.37998899405679065,0.11660136473695795,0.18463350209112922,0.4084371560642747,0.41869249394673125,-0.22548536209553158,-0.3253598943429452,0.26325335681267886,0.2512326656394453,-0.14532247413603347,-0.06792207792207793,-0.24999779881135814,-0.1432885758309487,-0.22335681267884658,-0.06978648470173894,-0.3521219458507594,-0.3463636363636364,-0.11784063394232885,0.5701562843935726,0.08844155844155845,0.23331278890600923,0.1120559101915034,-0.0056306405458947835,-0.04883777239709443,-0.5528923618754127,-0.49079462909971383,0.16598723310587718,0.12136033458067357,-0.05967642526964561,0.09541932643627558,-0.33555359894342945,-0.013882896764252696,-0.38867268324895443,-0.21534448602245213,-0.23533788245652654,0.22840633942328858,-0.08411182038300682,0.06467532467532468,-0.0387871450583315,-0.09415364296720229,-0.17190843055249835,-0.1286682808716707,-0.10506713625357693,-0.08776579352850539,-0.09456086286594761,-0.00811138014527845,-0.41958837772397095,-0.32480079242791104,-0.31351529826106095,-0.4409663218137794
#201,0.2910873871890821,0.24688751926040062,0.6346709222980409,0.42657495047325555,-0.0639159145938807,0.27879154743561524,0.15883777239709443,0.22795509575170592,0.20984371560642748,0.6027646929341844,0.4694607087827427,0.26852080123266564,0.28276689412282635,-0.062143957737178075,0.0020184899845916795,-0.023246753246753248,1.0,0.2500792427911072,-0.09171472595201409,-0.19298261060972927,-0.18584855822143959,-0.23461149020471053,0.42320052828527405,-0.1598481179837112,0.25012987012987015,0.12640325775918995,0.0488201628879595,-0.05571208452564385,0.24336341624477217,0.012203389830508475,0.3864230684569668,0.10820162887959499,0.47082104336341624,0.01992956196346027,0.05702839533348008,-0.18228923618754128,0.23253356812678846,-0.1431432973805855,0.04973365617433414,-0.11185340083645168,0.39256218357913275,-0.21930002201188642,-0.033631961259079905,-0.028434954875632842,-0.02475676865507374,-0.10682368478978649,-0.04047325555800132,0.03757208892802113,-0.18843935725291658,-0.023669381465991634,0.3254281311908431,0.10686110499669822,0.18919216376843495,0.2019326436275589,-0.2711204050187101,-0.016317411402157166,-0.2794805194805195,-0.36045124367158266,-0.1828153202729474,-0.10711864406779661,-0.1237376183138895,-0.13591019150341185,-0.19478318291877614,-0.2435130970724191,0.33588157605106755,0.14791767554479418,-0.3076205150781422,-0.3443429451904028,0.06915034118423949,-0.1162689852520361,0.39815760510675763,0.31384107418005724,-0.02330838652872551,-0.10565925599823905,-0.2597622716266784,-0.16662998018930222,-0.21215496368038742,-0.028650671362535768,0.12105216817081224,0.027246313009024872,0.11133612150561303,0.10235086946951354,-0.03276249174554259,0.20259960378604447,-0.256550737398195,-0.1361171032357473,-0.20547655734096412,0.3433017829627999,-0.11467752586396654,0.09297600704380365,-0.19428791547435614,-0.2494783182918776,-0.24012987012987014,-0.07462249614791988,-0.0688201628879595,0.6125203609949372,0.46135593220338983,0.4997204490424829,0.3836847897864847,0.26715606427470834,0.22988113581333922,0.577856042262822,0.08963900506273388,0.38483381025753904,0.2597160466651992,0.29547435615232226,0.27833590138674885,-0.07550297160466651,-0.08411402157164868,0.04526084085406119,-0.09650451243671583
