,#10,#11,#12,#13,#17,#18,#26,#49,#50,#51,#52,#53,#54,#58,#101,#102,#201,#202,#301,#302,#401,#402,#501,#502,#601,#602,#701,#702,#801,#802,#901,#902,#1001,#1002,#1101,#1102,#1201,#1202,#1301,#1302,#1401,#1402,#1501,#1502,#1601,#1602,#1701,#1702,#1801,#1802,#1901,#1902,#2001,#2002,#2101,#2102,#2201,#2202,#2301,#2302,#2401,#2402,#2501,#2502,#2601,#2602,#2701,#2702,#2801,#2802,#2901,#2902,#3001,#3002,#3101,#3102,#3201,#3202,#3301,#3302,#3401,#3402,#3455,#3501,#3502,#3601,#3602,#3701,#3702,#3801,#3802,#3901,#3902,#4001,#4002,#4101,#4102,#4201,#4202,#4301,#4302,#4401,#4402,#4501,#4502,#4601,#4602,#4701,#4702,#4801,#4802
#10,1.0,0.4624389170151882,0.4721835791327317,0.5976865507373982,0.1742460928901607,0.00047985912392692055,0.17318732115342284,0.5115584415584415,0.2623508694695135,0.5084349548756328,0.3295971824785384,-0.012449922958397535,0.18419326436275588,0.15464450803433855,-0.32150561303103675,-0.16237728373321594,0.48178296279991195,0.16677305745102355,-0.17217037200088048,-0.19177856042262822,-0.20795509575170593,-0.026486902927580894,-0.21594761171032356,-0.10630640545894783,-0.18867268324895445,0.07539731454985692,0.44834250495267447,0.42050847457627116,-0.27446841294298924,0.11739379264802993,-0.025031917235307066,-0.19103235747303543,0.21648690292758088,-0.06298040942108739,0.13635263042042703,-0.0449636803874092,-0.06915254237288136,-0.014397974906449482,0.3869953775038521,0.13851419766674003,-0.06354391371340525,0.24432093330398416,-0.061930442438917016,-0.06303323794849218,-0.2723574730354391,-0.18663658375522782,0.2342306845696676,0.4293638564825005,0.3731234866828087,0.2367246313009025,0.3361104996698217,0.21761611270085846,0.31837332159366055,-0.10519040281752146,-0.2191679506933744,-0.2784569667620515,-0.26421747743781643,-0.23132071318511996,-0.10328637464230685,0.09419546555139775,-0.2561193044243892,-0.11215276249174554,-0.2996720228923619,-0.19671362535769316,0.26975786924939466,0.03406119304424389,-0.19381906229363857,-0.36397314549856924,-0.3087012987012987,-0.08860004402377283,0.08323134492626018,0.32381906229363855,-0.049040281752146156,0.1620604017501906,-0.07567906669601585,0.08074400176095091,-0.06369139335241031,0.05196125907990315,-0.1901716927140656,-0.18775038520801232,0.23248734316530928,-0.0010059432093330399,-0.10385208012326656,-0.13911952454325335,-0.025648250055029714,0.028212634822804315,-0.2484899845916795,0.019632401496808276,0.16595421527624918,-0.1611138014527845,-0.006924939467312348,-0.27525643847677744,-0.37268545014307725,-0.34693814659916355,-0.42160686770856265,0.09098613251155624,-0.046660796830288356,0.40231785163988554,0.37381245872771296,0.2856944750165089,0.4567026194144838,0.2389258199427691,0.251369139335241,0.37129650011005944,0.46452124147039403,0.3140854061193044,0.2562799911952454,-0.13295179396874313,-0.012566585956416465,-0.20999119524543253,-0.3736341624477218
#11,0.4624389170151882,1.0,0.5085384107418006,0.4133612150561303,-0.010858463570327976,-0.2546224961479199,0.15700858463570327,0.3965331278890601,0.2907175874972485,0.5353885097952894,0.30340964120625136,-0.18524983491085187,0.04265903587937486,-0.07885978428351309,-0.29387849438696895,-0.029892141756548536,0.4583425049526744,0.1725775918996258,-0.219042482940788,-0.17847897864847018,-0.15122826326216157,-0.1880233325996038,-0.14302443319392472,-0.22303984151441777,-0.03231565045124367,-0.0224785384107418,0.3191855602025094,0.23963460268545014,0.04563284173453665,-0.14817081223860884,0.1772969403477878,-0.3122232005282853,0.32579793088267667,0.010352190182698657,0.1256944750165089,-0.20012546775258638,-0.06296940347787805,-0.24702179176755448,0.27343605546995375,0.11471054369359454,-0.15676205150781422,-0.05501871010345587,-0.3386682808716707,-0.3046489104116223,-0.12578472375082544,-0.359372661237068,0.2051419766674004,0.14423288575830948,0.35650891481399954,-0.012179176755447942,0.29128109178956635,0.1463878494386969,0.39380805635042926,-0.008016729033678185,-0.01956416464891041,-0.16345146379044684,-0.35209553158705703,-0.4278626458287475,-0.027475236627779,0.07856922738278671,-0.026610169491525424,0.12726612370680168,-0.3564384767774598,-0.3172176975566806,0.25782302443319394,0.16667400396213955,-0.1866850099053489,-0.31095091349328635,-0.1750363196125908,-0.13335681267884658,0.3773123486682809,0.4077371780761611,0.025991635483160906,0.11421533910156864,-0.10598943429451904,0.03292978208232446,0.21590578912612812,0.21812018489984591,-0.21896984371560643,-0.32534008364516837,0.09295619634602685,-0.16118423948932423,-0.00042703059652212196,-0.14894122826326217,-0.1734404578472375,0.12476997578692493,-0.05156504512436716,-0.058168611049966984,0.1382258419546555,-0.20454985692273828,-0.2900462249614792,-0.13975566806075282,-0.12626018049746862,-0.010691173233546115,-0.17551397754787584,0.36866607968302884,-0.07182918776139115,0.3675500770416025,0.12246753246753246,0.308910411622276,0.28485802333259963,0.27105216817081224,0.1273563724411182,0.24155403918115784,0.3653731014747964,0.2920933303984151,0.25502091129209775,0.08979528945630641,0.12238828967642527,-0.015199207572088928,-0.004468412942989214
#12,0.4721835791327317,0.5085384107418006,1.0,0.42462689852520363,0.009859123926920538,0.09804534448602245,0.1875808936825886,0.4040017609509135,0.04012766894122826,0.6214769975786925,0.3016685009905349,0.05670482060312569,-0.03316530926700418,-0.1818379925159586,-0.4829451904028175,-0.28863086066475896,0.6930552498349108,0.4198855381906229,-0.4576007043803654,-0.38958617653532907,-0.42579793088267665,-0.3100286154523443,-0.19293198327096633,0.09983050847457627,-0.07850099053488883,0.048580233325996036,0.5050891481399956,0.2766387849438697,0.053808056350429234,-0.034378164208672686,0.2889698437156064,-0.45789346246973367,0.46335020911292096,-0.04335681267884658,0.07860444640105657,-0.3283645168390931,-0.15728813559322033,-0.4094254897644728,0.4402883557120845,0.15374862425709884,-0.1513185119964781,0.07626458287475237,-0.1656284393572529,-0.29453224741360334,-0.018448162007484042,-0.36594981289896544,0.187607307946291,0.157772397094431,0.4963086066475897,0.09448602245212415,0.5997600704380366,0.43667400396213957,0.6474136033458068,0.06777239709443099,-0.21980629539951574,-0.4390556900726392,-0.34876953554919654,-0.6215012106537531,0.1492934184459608,0.18862205591019152,-0.2544023772837332,0.0174950473255558,-0.6050473255558001,-0.49587057010785823,0.15558661677305746,0.05427030596522122,-0.49377944089808495,-0.4670966321813779,-0.46162007484041384,-0.2642130750605327,0.1808386528725512,0.26710763812458727,-0.21153863086066477,0.07661021164991896,-0.2505150781421968,0.18681928241250276,0.2317477437816421,0.3600220118864187,-0.20490865067136255,-0.1815562403697997,0.008921417565485363,0.05140876073079463,0.0275544794188862,0.023046445080343387,-0.15108298481179838,0.022152762491745543,-0.11300242130750605,0.0708892802113141,0.03775038520801233,-0.02264802993616553,-0.23161127008584637,-0.04672683248954435,-0.22641646489104117,0.04758529605987233,-0.14829627999119524,0.5467092229804095,0.021741140215716485,0.5656086286594761,0.5724499229583976,0.5191767554479418,0.5808144397974907,0.5463152102135153,-0.07089148139995598,0.5158485582214396,0.5152190182698657,0.424488223640766,0.4242174774378164,-0.01579572969403478,0.10211534228483381,0.09392471934844816,-0.04161347127448822
#13,0.5976865507373982,0.4133612150561303,0.42462689852520363,1.0,0.027213295179396874,0.11838212634822805,0.2574686330618534,0.44222099933964343,0.27816420867268327,0.4495839753466872,0.34518600044023773,0.03020911292097733,0.3403279771076381,0.282987012987013,-0.3671560642747083,-0.14513977547875853,0.5247457627118645,0.1238564825005503,-0.17946731234866828,-0.16495927801012547,-0.39560642747083424,0.015362095531587057,-0.14285934404578474,0.01471054369359454,-0.09576271186440678,0.1258595641646489,0.40236407660136475,0.37649570768214835,-0.2591943649570768,0.03581994276909531,0.014525643847677745,-0.1810345586616773,0.3418027734976887,-0.05200528285274048,0.22885097952894562,-0.14807836231565044,0.06655073739819503,-0.014968082764692935,0.26147699757869247,0.12073079462909972,-0.1085428131190843,0.3165111160026414,0.10543253356812679,-0.020387409200968522,-0.20440677966101695,-0.06791547435615232,0.23976667400396215,0.34414263702399295,0.3219524543253357,-0.013048646268985251,0.2230310367598503,0.1222011886418666,0.11877613911512216,-0.19492846136913933,-0.4122298040942109,-0.2674158045344486,-0.42679727052608407,-0.29780101254677527,-0.05302003081664099,-0.07353070658155404,-0.19317191283292978,0.045778120184899844,-0.19526964560862867,-0.02116883116883117,0.21229804094210875,0.23780761611270085,-0.015436935945410521,-0.09989214175654854,-0.2986814880035219,0.0362359674224081,0.07123486682808716,0.24134712744882236,-0.15050847457627117,0.01221330190034408,-0.1714505833149901,-0.039291217257318954,-0.1399207572088928,0.032793308386528726,-0.04780761611270086,-0.06590799031476997,0.2771538630860665,0.18162447721769756,-0.13566585956416466,-0.02856482500550297,-0.10569447501650892,0.02267444419986793,-0.16662777900066036,0.13904468412942989,0.42601584855822144,-0.04394012766894123,-0.09886418666079683,-0.26394673123486684,-0.4255954215276249,-0.024761171032357473,-0.37832929782082325,0.11651111600264143,-0.01086286594761171,0.39573189522342067,0.4067180277349769,0.4411798371120405,0.4562469733656174,0.23530926700418225,0.35681267884657714,0.5030090248734317,0.558036539731455,0.458877393792648,0.28693814659916356,-0.2251948051948052,0.07207131851199648,-0.06455866167730574,-0.1775346687211094
#17,0.1742460928901607,-0.010858463570327976,0.009859123926920538,0.027213295179396874,1.0,0.02401056570548096,-0.14285934404578474,0.012359674224081003,-0.1677790006603566,-0.18857803213735416,0.03672022892361875,0.14620074840413824,-0.09406119304424389,0.05835130970724191,-0.14549636803874091,0.06253576931543033,-0.11178296279991196,0.09072859344045785,-0.059795289456306404,0.11634602685450143,0.03544574069997799,0.1653731014747964,-0.135181598062954,0.032782302443319394,-0.08351529826106097,0.011426370239929562,-0.19869029275808936,0.050561303103675986,-0.04587277129650011,0.19608188421747744,0.11294298921417566,0.18420206911732334,0.07956636583755228,0.19340303764032576,0.14519480519480518,0.3497226502311248,0.3314219678626458,0.1705480959718248,0.14557120845256438,0.17240369799691835,0.2246070878274268,-0.0023200528285274046,0.10033458067356373,0.12089148139995598,-0.12375963020030817,0.17350869469513538,-0.2113911512216597,-0.11583314990094651,-0.12528065155183798,0.062460928901606864,-0.1776997578692494,0.16594761171032357,-0.02898745322474136,0.19653532907770196,-0.06288795949812899,0.1987739379264803,-0.17906449482720668,0.057972705260840855,-0.032443319392471935,-0.10504512436715827,-0.025958617653532908,-0.1486946951353731,0.11087167070217918,0.04982610609729254,-0.06129650011005943,0.04916354831609069,0.030528285274047984,0.0018093770636143517,-0.09231344926260181,-0.048666079683028836,-0.10129650011005943,-0.03721989874532247,-0.11123046445080344,0.2390888394722129,-0.16027514858023334,-0.06537750385208012,-0.170396213955536,-0.34208012326656395,0.043986352630420424,0.12995817741580454,-0.09435395113361215,0.19986572749284615,-0.020644948272066917,0.02400396213955536,0.20983050847457627,-0.013935725291657495,-0.032018489984591676,0.2418379925159586,0.1557869249394673,0.26884437596302,0.24343825665859564,-0.07277129650011006,0.16259520140876074,-0.023273167510455647,-0.23234866828087167,-0.15588817961699317,0.15665419326436275,0.023440457847237507,0.09292758089368258,-0.2867906669601585,0.006500110059432094,0.009200968523002421,0.25842835130970726,0.019590578912612813,-0.04454325335681268,-0.04833149900946511,0.02327096632181378,-0.023090468853180716,-0.18816200748404138,-0.12867928681488003,-0.24084085406119304
#18,0.00047985912392692055,-0.2546224961479199,0.09804534448602245,0.11838212634822805,0.02401056570548096,1.0,0.29349768875192606,0.09156724631300903,-0.056313009024873434,0.0964076601364737,0.15643627558881795,0.08056130310367599,0.08716486902927581,0.16381465991635483,0.12738498789346248,-0.056174334140435836,0.041197446621175436,0.2505304864626898,-0.09956636583755228,-0.16551177635923398,-0.11128769535549196,-0.034441998679286816,-0.14022672243011225,-0.05821703720008805,-0.15,-0.04350869469513537,-0.12612150561303104,-0.04186660796830288,0.22954435395113362,0.3607175874972485,0.3004776579352851,-0.07784063394232886,0.15852520360994937,-0.13443319392471934,0.07043803653973145,0.07896103896103897,0.1490050627338763,-0.03850319172353071,0.09246753246753246,-0.2801298701298701,0.17055690072639226,0.045903587937486244,0.22335901386748844,0.12809156944750166,-0.09120184899845916,-0.04914593880695576,-0.07443979749064494,-0.0030090248734316533,-0.13943649570768216,-0.05996918335901387,-0.08413603345806736,0.09837992515958617,-0.13421527624917456,-0.04863966541932643,-0.03599823904908651,-0.012443319392471935,-0.141897424609289,-0.08127008584635703,0.024125027514858025,-0.11681928241250275,-0.4054633502091129,-0.39577812018489983,-0.17043143297380586,-0.20618754127228703,-0.20619414483821263,-0.32372220999339646,0.1064406779661017,-0.07360114461809376,0.033863086066475895,-0.09333920316971164,-0.04085626238168611,-0.04846797270526084,0.102458727712965,-0.045033042611190295,-0.06118203830068237,0.0425511776359234,-0.0804160246533128,-0.16555359894342944,0.1789324235086947,0.2170614131631081,-0.20660136473695795,0.19305084745762713,0.36859344045784725,0.3222077922077922,0.1015364296720229,-0.2718071758749725,-0.24782302443319393,0.17389170151882016,-0.16977107638124586,0.42223200528285276,0.03299361655293859,0.2540655954215276,0.0350957517059212,-0.10662998018930223,-0.03302443319392472,0.03860664758969844,-0.14224521241470395,0.04403697996918336,0.21444199867928682,-0.029984591679506935,0.023812458727712964,0.08974686330618534,0.2709487123046445,0.13579793088267664,0.15472815320272948,-0.09566365837552278,0.08455866167730575,-0.36060312568787145,-0.19601584855822143,-0.18710323574730353,-0.19506493506493505
#26,0.17318732115342284,0.15700858463570327,0.1875808936825886,0.2574686330618534,-0.14285934404578474,0.29349768875192606,1.0,0.32063394232885756,0.31010785824345144,0.49106317411402156,0.2915892581994277,0.07614131631080784,0.1618181818181818,0.3778252256218358,-0.1607770195905789,-0.2376271186440678,0.1268082764692934,0.11153863086066476,-0.22075280651551837,-0.45935505172793306,-0.38585736297600703,-0.3813845476557341,0.006405458947831829,-0.14106977767994716,0.1276667400396214,-0.02908650671362536,0.07365397314549857,0.08294298921417566,-0.037107638124587276,0.05789126128109179,0.16881576051067576,-0.21606207351970064,0.18740479859123926,0.06863086066475897,-0.09623156504512437,0.030180497468633063,-0.011683909311027954,-0.09205370900286154,0.30462249614791986,0.043495487563284176,-0.0023904908650671363,0.09403697996918337,-0.11239489324235087,-0.1508034338542813,-0.31542372881355935,-0.15713625357693153,0.14408760730794629,0.10204490424829409,0.002309046885318072,-0.36191063174114024,0.07891481399955977,-0.06900726392251816,0.01837772397094431,-0.1607043803653973,-0.05238828967642527,-0.17912612810917897,-0.35605767114241693,-0.38036319612590797,-0.26582434514637904,0.04414703940127669,0.049194364957076825,0.004785384107418006,-0.015606427470834251,-0.06758969843715606,0.02192163768434955,-0.07300022011886419,0.22384107418005722,0.129966982170372,-0.04668941228263262,-0.12020911292097733,0.15456526524323133,0.13694034778780542,0.04023112480739599,0.08317746157686796,-0.1125313669381466,-0.11698657274928462,0.0326766453885098,0.023178516398855382,-0.07001540832049306,-0.22163108078362315,-0.09610169491525423,0.07703720008804754,0.26459608188421746,0.2557495047325556,0.04957296940347788,0.28409200968523,0.10783403037640325,0.19375963020030817,0.05594981289896544,0.25559982390490865,-0.04189082104336342,0.04304424389170152,-0.10189082104336342,-0.03556240369799692,0.07560422628219238,0.2576799471714726,-0.059553158705701076,0.24425709883337002,0.04574069997798812,0.2859454105216817,0.08408980849658816,0.05911292097732776,0.13225841954655515,0.11394453004622496,0.2921175434734757,0.13608848778340304,0.27441118203830067,0.127343165309267,0.056198547215496365,-0.10908650671362535,0.02325775918996258
#49,0.5115584415584415,0.3965331278890601,0.4040017609509135,0.44222099933964343,0.012359674224081003,0.09156724631300903,0.32063394232885756,1.0,0.4599163548316091,0.46614791987673343,0.22124807395993837,0.28144618093770635,0.4644618093770636,0.3410411622276029,-0.1108034338542813,-0.17550737398195027,0.4142306845696676,-0.1127492846136914,0.09860664758969843,-0.10824125027514858,-0.1642064714946071,-0.08561303103675985,0.03316530926700418,0.1246599163548316,0.06775478758529606,0.2621087387189082,0.3450891481399956,0.293959938366718,-0.24757869249394673,0.2361038961038961,-0.22362315650451245,-0.10419546555139775,0.17087827426810479,0.09826546335020911,0.4027624917455426,-0.07461809377063615,0.21037200088047545,0.11443979749064495,0.23093110279550957,0.0150033017829628,-0.020691173233546113,0.08673343605546996,0.09977327756988774,-0.11351970063834471,-0.1284701738939027,-0.14772176975566806,0.37858023332599605,0.4787519260400616,0.24824785384107417,0.0662227602905569,0.30530046224961477,-0.04104776579352851,0.07600704380365397,-0.02338102575390711,-0.1464472815320273,-0.08042262821923839,-0.22688091569447502,-0.20243451463790446,-0.031054369359454104,0.0637178076161127,-0.015701078582434514,-0.053066255778120186,-0.3277635923398635,-0.1189390270746203,0.33775478758529603,0.041981069777679944,-0.3770680167290337,-0.19719348448162008,-0.132987012987013,0.04297160466651992,0.12178736517719568,0.2058727712965001,0.17104996698217037,0.15622724863927562,-0.08890160686770857,-0.08004402377283733,-0.17297160466651992,0.13258639665419328,0.19186880915694476,0.04952014087607308,0.41195245432533567,-0.07039841514417786,-0.2260708782742681,-0.3369931763152102,-0.022703059652212195,-0.038998459167950694,-0.30758969843715606,0.12427911071978869,0.18558881796169932,-0.3358529605987233,-0.0199141536429672,-0.5420471054369359,-0.4039423288575831,-0.3816795069337442,-0.357244111820383,-0.00525643847677746,0.09473475676865507,0.1536385648250055,0.22647149460708782,0.36089808496588155,0.21901606867708562,-0.09064935064935065,0.1479969183359014,0.1842460928901607,0.43082764692934183,0.11018930222320053,0.23136913933524103,-0.02545234426590359,-0.0017939687431212856,0.023786044464010565,-0.1196632181377944
#50,0.2623508694695135,0.2907175874972485,0.04012766894122826,0.27816420867268327,-0.1677790006603566,-0.056313009024873434,0.31010785824345144,0.4599163548316091,1.0,0.36163768434954874,0.2764957076821484,0.011307506053268765,0.16227823024433194,0.5144970283953335,0.051391151221659694,0.11470614131631081,0.12571868809156944,-0.09650231124807396,0.20400616332819724,0.03164208672683249,-0.07603345806735637,-0.013097072419106317,0.018456966762051507,-0.14407219898745321,0.014043583535108959,-0.12041602465331279,0.03284173453664979,0.007162667840633942,0.012863746423068458,-0.03429011666299802,-0.07655734096412063,-0.157508254457407,-0.013301782962799913,-0.15872991415364296,0.04244772176975567,-0.12375302663438256,-0.09679727052608408,0.03896103896103896,0.06476777459828308,-0.1761765353290777,-0.016977767994717147,-0.045914593880695576,-0.027935285053929122,-0.04302223200528285,-0.04641866607968303,-0.16579572969403478,0.09999119524543254,0.31455205811138015,0.18538190622936385,-0.041003742020691174,0.02983711204050187,-0.190528285274048,-0.1802773497688752,-0.2384569667620515,-0.19523222540171692,-0.13095971824785385,-0.14606427470834252,-0.10855161787365177,-0.17485362095531587,-0.03934624697336562,0.0375478758529606,0.1299603786044464,0.04724851419766674,-0.07995597622716266,0.15305304864626898,-0.06482280431432974,0.1655954215276249,0.04692493946731235,0.14393792648029935,0.2638212634822804,0.28980629539951575,0.28927140655954214,-0.03159586176535329,-0.08481294563777733,0.027935285053929122,-0.29921857803213736,-0.11593440457847237,0.03103896103896104,-0.00039621395553598944,-0.2949988994056791,0.06728593440457847,-0.059881135813339204,0.10280431432973806,0.022137354171252475,0.0912788906009245,0.22574510235527184,-0.06852960598723311,0.022214395773717806,0.1420030816640986,-0.20850099053488885,-0.17153202729473915,-0.06424389170151883,-0.2385758309487123,-0.17817301342725073,-0.2421483601144618,0.008505392912172572,-0.08721989874532247,-0.04053929121725732,-0.16814880035219018,0.11919436495707682,-0.0448646268985252,-0.16185560202509355,0.10570327977107638,-0.08941008144397974,0.12261501210653752,-0.047453224741360336,-0.07148139995597623,0.05617213295179397,0.07915914593880695,-0.04012326656394453,-0.0652740479859124
#51,0.5084349548756328,0.5353885097952894,0.6214769975786925,0.4495839753466872,-0.18857803213735416,0.0964076601364737,0.49106317411402156,0.46614791987673343,0.36163768434954874,1.0,0.42319392471934847,-0.205049526744442,0.1333964340744002,0.09740479859123927,-0.305544794188862,-0.18979528945630642,0.5113911512216597,0.29387409200968523,-0.369240589918556,-0.36984591679506934,-0.3219106317411402,-0.33777679947171474,-0.14451463790446842,-0.17332599603786045,-0.15531146819282413,-0.011078582434514638,0.36804974686330616,0.29161127008584636,-0.02404138234646709,-0.13952234206471495,0.23979088707902269,-0.3687145058331499,0.44696456086286596,0.02096632181377944,0.004144838212634823,-0.1692163768434955,-0.21342504952674443,-0.32012766894122824,0.4519678626458287,0.02064054589478318,-0.24159806295399516,0.056570548095971826,-0.26898965441338324,-0.31315430332379485,-0.07411622276029056,-0.3329275808936826,0.19808716707021792,0.23333259960378605,0.3845234426590359,-0.0044706141316310805,0.4515232225401717,0.15615232225401718,0.31814439797490646,-0.0777591899625798,-0.20045124367158265,-0.4031631080783623,-0.32511776359233985,-0.537244111820383,-0.013907109839313229,0.14395773717807617,-0.2458221439577372,0.024514637904468412,-0.42365617433414043,-0.32289456306405456,0.13217917675544794,-0.03057671142416905,-0.12670261941448382,-0.2647303543913713,-0.2507440017609509,-0.1214703940127669,0.20365617433414043,0.25331499009465114,-0.1480541492405899,-0.0399273827467498,-0.20851860004402378,-0.058472375082544575,0.03720228923618754,0.19314329738058553,-0.2472903367818622,-0.29064054589478316,-0.01781421967862646,-0.09881135813339204,0.14080343385428132,0.07126128109178957,-0.19784723750825445,0.09201188641866608,-0.06693594541052168,0.02538630860664759,0.02441338322694255,-0.11216817081223861,-0.3889918556020251,-0.03649570768214836,-0.1918269865727493,-0.08697116442879155,-0.16066696015848558,0.28690512876953556,-0.0373695795729694,0.3771648690292758,0.36447061413163107,0.49668500990534886,0.33936385648250056,0.2713295179396874,0.004133832269425489,0.3591217257318952,0.5740149680827646,0.45295179396874313,0.4589984591679507,-0.009793088267664538,0.1515760510675765,-0.09939907550077041,-0.09648470173893903
#52,0.3295971824785384,0.30340964120625136,0.3016685009905349,0.34518600044023773,0.03672022892361875,0.15643627558881795,0.2915892581994277,0.22124807395993837,0.2764957076821484,0.42319392471934847,1.0,-0.05947611710323575,0.062315650451243675,0.3102883557120845,-0.31952454325335683,-0.03769535549196566,0.10714505833149901,0.12027514858023333,-0.23364957076821483,-0.3682918776139115,-0.3713449262601805,-0.16048206031256879,-0.10466211754347347,-0.17314990094651111,-0.06121505613031037,-0.04665859564164649,0.21908870790226723,0.15707682148360114,-0.06169931763152102,-0.11864406779661017,0.14071098393132292,-0.30289236187541274,0.030178296279991194,-0.17052828527404798,0.0399801893022232,-0.033625357693154306,-0.07801672903367819,-0.15695135373101474,0.2473629760070438,-0.12288355712084525,-0.01571648690292758,0.027010785824345147,-0.18361435174994498,-0.15600044023772838,-0.28991195245432533,-0.2467224301122606,-0.02436055469953775,0.2095399515738499,0.2591041162227603,0.053411842394893244,0.0287607307946291,0.07687871450583315,0.02861765353290777,-0.08173233546114902,-0.28854061193044245,-0.28242791107197884,-0.22259520140876074,-0.31983270966321814,-0.10012106537530266,-0.03292978208232446,-0.006610169491525424,-0.06376843495487564,-0.0902839533348008,-0.13274708342504954,-0.03153202729473916,-0.11222540171692715,-0.050327977107638124,-0.0006185340083645169,-0.23491965661457187,-0.09753026634382567,0.055617433414043585,0.04985031917235307,-0.002401496808276469,0.1688422676878242,-0.1599867928681488,-0.020990534888839972,0.07064274708342505,0.08915474356152323,-0.13594541052168171,-0.08520581113801452,-0.1537442218798151,0.05412282632621616,0.17052828527404798,0.15590799031476998,-0.12245432533568126,0.3629341844596082,-0.1361567246313009,-0.028562623816861105,0.0611600264142637,0.18945850759410082,-0.18176975566806075,0.08427690953114682,-0.16815320272947393,-0.04955976227162668,-0.1687343165309267,0.1336715826546335,-0.19865727492846136,0.19947391591459387,0.2435461149020471,0.18779440898084965,0.32263922518159804,0.06740699977988114,0.15904248294078802,0.12128769535549197,0.206880915694475,0.026766453885097952,0.03552498349108519,0.08670041822584196,0.03451463790446841,-0.06901606867708562,-0.1969887739379265
#53,-0.012449922958397535,-0.18524983491085187,0.05670482060312569,0.03020911292097733,0.14620074840413824,0.08056130310367599,0.07614131631080784,0.28144618093770635,0.011307506053268765,-0.205049526744442,-0.05947611710323575,1.0,0.07340744001760952,0.20187981510015407,-0.28166409861325115,-0.30659916354831607,-0.10611930442438917,-0.2414043583535109,-0.1421417565485362,-0.05453004622496148,-0.29758309487123047,-0.16017609509134934,-0.07007043803653973,0.24746643187321155,0.13852080123266564,0.12893022232005283,0.011318511996478098,0.05923838872991415,-0.1562029495927801,0.15207131851199648,-0.08435395113361215,0.0863812458727713,0.18357473035439137,0.054050187101034555,0.40740699977988115,0.0903433854281312,0.2791107197886859,0.049489324235086944,0.1374950473255558,0.009652212194585076,0.054950473255558,-0.0765331278890601,0.22828307285934404,0.031021351529826106,-0.017796610169491526,0.23260840854061193,0.025551397754787587,0.26319392471934844,-0.03527845036319613,0.12003081664098614,0.06514637904468414,0.0035835351089588377,-0.05464010565705481,0.11055029716046665,-0.17881576051067577,-0.07047105436935945,-0.013444860224521241,0.08378164208672684,0.2585780321373542,0.13796830288355713,0.15127008584635704,0.006579352850539291,-0.05358133392031697,0.01143517499449703,0.04425269645608629,0.008379925159586176,-0.173449262601805,0.037653532907770196,-0.34047325555800134,-0.11437596302003082,-0.07731675104556461,-0.13885758309487123,0.09935285053929122,0.09690848388097653,0.23150781421967861,0.20366938146599164,0.04883777239709443,0.0789786484701739,0.06537310147479639,0.10090688972044905,0.16907990314769974,0.23750605326876514,-0.08280211314109619,-0.07393792648029936,0.18019370460048426,0.0687607307946291,0.027459828307285935,0.12100374202069117,0.11505392912172573,0.10866167730574511,0.3354567466431873,-0.13102355271846797,-0.03305524983491085,0.03280431432973806,-0.0846070878274268,-0.006722430112260621,0.0849570768214836,0.11839313229143737,0.12397314549856922,0.08768214836011447,0.15305084745762712,0.01795509575170592,-0.1288069557561083,0.17430112260620736,0.1502553378824565,0.08536649790887078,0.23115122165969623,0.13260840854061193,-0.1311138014527845,0.08058551617873652,-0.051510015408320495
#54,0.18419326436275588,0.04265903587937486,-0.03316530926700418,0.3403279771076381,-0.09406119304424389,0.08716486902927581,0.1618181818181818,0.4644618093770636,0.16227823024433194,0.1333964340744002,0.062315650451243675,0.07340744001760952,1.0,0.261023552718468,0.10581774158045344,0.1679506933744222,0.2593286374642307,-0.3860510675764913,0.3942372881355932,0.20344045784723752,0.05804534448602245,0.3304930662557781,0.05918115782522562,0.03075941008144398,0.08469073299581774,0.279159145938807,0.23005062733876294,0.27627338762931986,-0.40674003962139554,0.07628659476117103,-0.5343363416244772,0.17004402377283734,-0.06322033898305085,0.14360334580673564,0.29157825225621836,0.049379264802993615,0.28790666960158484,0.36764252696456085,-0.23424609289016068,-0.03479418886198547,-0.07043803653973145,0.10664979088707903,0.2037112040501871,0.07305745102355272,-0.09200968523002422,0.10773277569887739,0.4618203830068237,0.39532247413603344,0.05440677966101695,-0.0826106097292538,0.06677745982830728,-0.18675324675324675,-0.13466872110939906,0.023475676865507375,-0.10789346246973365,0.16584415584415585,-0.12097072419106318,0.1764869029275809,-0.17837332159366057,-0.17523662777900065,0.0462293638564825,-0.09481399955976227,0.22880255337882457,0.4799735857362976,0.3604930662557781,0.08810037420206912,0.00537310147479639,0.2907506053268765,0.054065595421527626,0.2829848117983711,0.07295179396874311,0.04061413163108078,0.28922518159806293,0.17218037210016482,-0.11459608188421748,-0.15501871010345586,-0.3256746643187321,-0.03526304204270306,0.28951573849878937,0.13329297820823244,0.6720757208892802,-0.23406559542152763,-0.43815760510675766,-0.5011248073959939,-0.023502091129209774,-0.062403697996918334,-0.2178252256218358,0.13012766894122826,0.026856702619414485,-0.3999493726612371,-0.041197446621175436,-0.5928395333480079,-0.45900066035659254,-0.3616574950473256,-0.27381465991635484,-0.31934844816200747,-0.04614791987673344,0.04774158045344486,-0.11229143737618313,0.05985692273827867,-0.11340523882896764,-0.17554699537750384,0.20352410301562843,0.18920977327756988,0.19544794188861986,-0.0137706361435175,0.10479639005062734,-0.08403257759189962,-0.07348448162007484,0.0685428131190843,-0.04740699977988114
#58,0.15464450803433855,-0.07885978428351309,-0.1818379925159586,0.282987012987013,0.05835130970724191,0.16381465991635483,0.3778252256218358,0.3410411622276029,0.5144970283953335,0.09740479859123927,0.3102883557120845,0.20187981510015407,0.261023552718468,1.0,-0.14780321373541713,0.03689192163768435,-0.22920096852300242,-0.3085736297600704,0.04154743561523223,0.029075500770416023,-0.2882918776139115,0.07731675104556461,-0.11476337222099935,-0.037435615232225404,-0.13254897644728153,-0.05236407660136474,-0.20138674884437596,0.04888839973585736,-0.3829297820823245,0.10747303543913714,-0.20077922077922078,0.011994276909531146,-0.07747083425049527,0.0749966982170372,0.14267884657715166,0.1459454105216817,0.15386088487783403,0.318003521901827,0.003898305084745763,-0.14843935725291657,0.19046665199207571,0.0739621395553599,0.1568412942989214,0.09826986572749284,-0.1806537530266344,0.12918776139115123,0.16883557120845255,0.3564450803433854,-0.10388729914153642,-0.15784063394232886,-0.22853841074180056,-0.29437376183138897,-0.37518379925159584,-0.20325115562403698,-0.36426150121065376,-0.055060532687651334,-0.16852520360994938,0.10296500110059432,-0.28077261721329516,-0.011926040061633282,0.29119524543253356,0.13975126568346907,0.32372220999339646,0.30917895663658373,0.0224125027514858,-0.005657054809597183,0.4109156944750165,0.2887321153422848,-0.07848778340303764,0.20757208892802112,-0.03653532907770196,-0.10689412282632621,0.07536209553158706,0.21111611881805906,0.11510895883777239,-0.32236407660136474,-0.18004842615012107,-0.229405679066696,0.036682808716707024,0.04144618093770636,0.14442438917015188,0.1678186220559102,0.0035923398635263042,0.008084965881576051,0.2692295839753467,0.3413053048646269,-0.010367598503191723,0.24138454765573408,0.1464076601364737,0.03935725291657495,0.1488267664538851,-0.182524763372221,-0.046174334140435834,-0.12721989874532247,-0.1960268545014308,-0.3594981289896544,-0.13570988333700199,-0.1162227602905569,-0.11682368478978648,-0.1347655734096412,-0.12434074400176096,-0.42458947831829186,0.2951287695355492,-0.05967642526964561,0.11084305524983491,-0.15729473915914594,0.004318732115342285,0.1122738278670482,0.029980189302223202,0.06927580893682589,-0.019262601804974685
#101,-0.32150561303103675,-0.29387849438696895,-0.4829451904028175,-0.3671560642747083,-0.14549636803874091,0.12738498789346248,-0.1607770195905789,-0.1108034338542813,0.051391151221659694,-0.305544794188862,-0.31952454325335683,-0.28166409861325115,0.10581774158045344,-0.14780321373541713,1.0,0.3367378384327537,-0.14192163768434954,-0.07749284613691393,0.5359476117103236,0.39674664318732117,0.7377812018489984,0.3061985472154964,0.34842835130970723,-0.09100374202069117,0.14738498789346247,-0.06685009905348889,-0.35030376403257757,-0.48812898965441337,0.34989654413383225,0.02885097952894563,-0.15836671802773497,0.10530926700418226,-0.3662755888179617,-0.29578252256218357,-0.19466872110939906,-0.017838432753686993,-0.09282632621615672,0.1624323134492626,-0.4271274488223641,-0.18634602685450144,0.05285494166850099,0.0300858463570328,0.2192273827867048,0.22784283513097073,0.1935461149020471,0.21538850979528945,-0.2651992075720889,-0.2971186440677966,-0.5518952234206471,-0.20313449262601804,-0.21339863526304204,-0.24008364516839092,-0.3803896103896104,0.19347787805414923,0.5489544353951133,0.5006317411402157,0.4609112920977328,0.42383887299141537,-0.01887079022672243,-0.17439577371780762,-0.16096412062513757,-0.31002201188641865,0.09972485141976667,0.07761611270085847,-0.27710323574730356,-0.3215892581994277,0.10349768875192604,0.1020823244552058,0.6552080123266564,0.38424169051287693,-0.026467092229804094,-0.08001100594320933,0.13707682148360115,-0.22409433419238162,-0.011140215716486903,-0.316337222099934,-0.3011732335461149,-0.24959278010125469,0.4584855822143958,0.15521021351529826,0.013356812678846577,-0.21015628439357253,-0.04206251375742901,-0.02454985692273828,-0.06571208452564385,-0.33524103015628437,-0.09945410521681708,-0.10272507153863086,-0.1770085846357033,-0.17760290556900726,0.037442218798151,0.0033325996037860445,-0.05843715606427471,-0.11795509575170592,0.12117103235747304,-0.1470327977107638,-0.006517719568567026,-0.3367972705260841,-0.42730794629099716,-0.34131410961919434,-0.49408320493066255,-0.25795289456306403,-0.03810917895663658,-0.35208672683248954,-0.3865463350209113,-0.4312987012987013,-0.5266123706801673,-0.23592119744662118,-0.1499141536429672,-0.13762931983270965,0.048040942108738716
#102,-0.16237728373321594,-0.029892141756548536,-0.28863086066475896,-0.14513977547875853,0.06253576931543033,-0.056174334140435836,-0.2376271186440678,-0.17550737398195027,0.11470614131631081,-0.18979528945630642,-0.03769535549196566,-0.30659916354831607,0.1679506933744222,0.03689192163768435,0.3367378384327537,1.0,-0.18428571428571427,-0.22310807836231564,0.47237508254457405,0.6444508034338543,0.336352630420427,0.6664780981730134,-0.027360774818401937,0.07435835351089588,0.03175214615892582,0.02107638124587277,-0.14556020250935506,-0.08267224301122607,-0.024109619194364957,-0.28148360114461807,-0.23034558661677307,0.007257318952234207,-0.19845916795069338,0.031300902487343164,-0.24687871450583315,-0.14803213735417126,-0.04435395113361215,0.3464098613251156,-0.29313889500330176,-0.27369139335241033,-0.1500264142637024,-0.009119524543253358,0.08392031697116444,0.17140215716486903,0.024875632841734538,0.24498128989654414,0.1556944750165089,-0.15046445080343385,-0.0199537750385208,-0.13455646048866388,-0.24354831609068897,-0.3924609289016069,-0.26111820383006823,-0.10266563944530047,0.082458727712965,0.13486902927580893,0.004998899405679067,0.3345938806955756,-0.3320867268324895,-0.5159806295399516,-0.1076667400396214,-0.23300902487343164,0.2095135373101475,0.27383887299141535,0.09684789786484702,0.052791107197886857,0.22709002861545236,0.1990644948272067,0.34887739379264804,0.6495663658375522,0.06311688311688311,0.24963900506273387,0.13473695795729693,0.021023564287678886,-0.1538762931983271,-0.26403037640325777,-0.15559542152762493,-0.2504732555580013,0.028208232445520582,0.04420647149460709,0.03257979308826767,-0.3283579132731675,-0.21444199867928682,-0.06409641206251376,-0.11861325115562403,-0.14160026414263702,-0.1323332599603786,-0.19517059211974466,-0.21704600484261502,-0.32336781862205594,-0.026295399515738498,-0.0738300682368479,-0.14419986792868147,-0.23050187101034558,-0.29944970283953337,-0.23220559101915034,0.03374862425709883,-0.19106317411402157,-0.38080783623156506,-0.16514637904468413,-0.4799647809817301,-0.2846753246753247,0.011593660576711424,-0.1704798591239269,-0.33318071758749723,-0.17856702619414483,-0.2190975126568347,-0.07997138454765573,-0.03462249614791987,-0.11718247853841074,-0.1885428131190843
#201,0.48178296279991195,0.4583425049526744,0.6930552498349108,0.5247457627118645,-0.11178296279991196,0.041197446621175436,0.1268082764692934,0.4142306845696676,0.12571868809156944,0.5113911512216597,0.10714505833149901,-0.10611930442438917,0.2593286374642307,-0.22920096852300242,-0.14192163768434954,-0.18428571428571427,1.0,0.3368831168831169,-0.164389170151882,-0.23020030816640985,-0.18952894563064054,-0.10918335901386748,-0.01613251155624037,0.0023552718467972707,0.03560642747083425,0.09978648470173894,0.5460774818401937,0.2667444419986793,0.060651551837992514,-0.07197886858903808,0.1134932863746423,-0.3237112040501871,0.4528307285934405,-0.10151661897424609,0.026623376623376622,-0.28453664979088705,-0.07781201848998459,-0.26425489764472815,0.1783116883116883,0.12292537970504072,-0.057312348668280874,0.2043451463790447,0.02169491525423729,-0.16501871010345587,-0.026702619414483823,-0.27514637904468414,0.26440677966101694,0.14398855381906228,0.3215562403697997,0.08973365617433414,0.566286594761171,0.26782082324455203,0.565133171912833,0.13059211974466212,-0.13195905789126128,-0.2586396654193264,-0.3386484701738939,-0.4652520360994937,0.07734756768655074,-0.00414043583535109,-0.3886880915694475,-0.08930222320052829,-0.5179925159586176,-0.3111754347347568,0.3137508254457407,0.022434514637904468,-0.4594981289896544,-0.3746489104116223,-0.18491965661457188,-0.06163108078362316,0.3050693374422188,0.36050407219898745,-0.1137706361435175,-0.021185351741887282,-0.28867928681488003,0.09643187321153422,0.0747985912392692,0.268267664538851,0.01086946951353731,-0.12448162007484041,0.22129429892141755,-0.014287915474356152,-0.09951353731014748,-0.07647809817301343,-0.1946599163548316,-0.1771912832929782,-0.17780981730134274,0.11810037420206912,0.12633061853400837,-0.16561082984811798,-0.36093330398415147,-0.19907109839313228,-0.4530640545894783,-0.10960818842174774,-0.2161303103675985,0.42884217477437814,-0.015621835791327317,0.6396764252696456,0.45036539731454983,0.48327096632181377,0.494818401937046,0.5978956636583755,0.08311248073959938,0.5683909311027955,0.42757869249394675,0.4988906009244992,0.29600044023772837,-0.14410961919436496,0.06219678626458287,-0.07351529826106097,-0.11407219898745323
