,#10,#11,#12,#13,#17,#18,#26,#49,#50,#51,#52,#53,#54,#58,#101,#102,#201,#202,#301,#302,#401,#402,#501,#502,#601,#602,#701,#702,#801,#802,#901,#902,#1001,#1002,#1101,#1102,#1201,#1202,#1301,#1302,#1401,#1402,#1501,#1502,#1601,#1602,#1701,#1702,#1801,#1802,#1901,#1902,#2001,#2002,#2101,#2102,#2201,#2202,#2301,#2302,#2401,#2402,#2501,#2502,#2601,#2602,#2701,#2702,#2801,#2802,#2901,#2902,#3001,#3002,#3101,#3102,#3201,#3202,#3301,#3302,#3401,#3402,#3455,#3501,#3502,#3601,#3602,#3701,#3702,#3801,#3802,#3901,#3902,#4001,#4002,#4101,#4102,#4201,#4202,#4301,#4302,#4401,#4402,#4501,#4502,#4601,#4602,#4701,#4702,#4801,#4802
#10,1.0,0.45064274708342505,0.5851485802333259,0.45337222099933966,0.012119744662117543,0.33462029495927803,0.23089368258859785,0.27119744662117545,-0.18178296279991196,0.4297116442879155,0.28574950473255556,-0.2250429231785164,-0.14180057230904689,-0.28623376623376623,-0.17867268324895444,0.2328285274047986,0.39877613911512216,0.5270504072198987,-0.011404358353510896,-0.05867708562623817,-0.34149900946511114,-0.032247413603345806,-0.04587717367378384,-0.0162887959498129,-0.07942548976447282,0.2763900506273388,0.32085626238168613,0.4710411622276029,0.04200968523002421,0.14006383447061413,0.4455602025093551,0.3913229143737618,0.27473695795729697,0.19658155403918115,0.20290997138454767,0.23309707241910632,-0.04373981950253137,0.05911071978868589,-0.06705480959718248,0.07585956416464891,-0.0613383226942549,-0.056513317191283295,-0.4261985472154964,-0.0003213735417125248,-0.2906515518379925,-0.18738498789346247,-0.0019392471934844815,0.01646929341844596,0.20465111160026414,0.4331785163988554,0.31224521241470393,0.30038080563504294,0.27423508694695137,0.2995333480079243,-0.23882896764252695,0.09063614351749945,-0.49375963020030816,-0.3376513317191283,-0.14364076601364736,0.00776139115122166,-0.41435615232225403,-0.3694122826326216,-0.3496103896103896,0.16314329738058553,0.4172022892361875,0.14934624697336563,-0.4127096632181378,-0.008106977767994718,-0.22162447721769757,0.10397974906449482,0.31755668060752806,0.1922232005282853,0.11670041822584196,0.18855381906229363,0.04721549636803874,0.46378164208672684,-0.3114307726172133,-0.4203213735417125,-0.3201386748844376,0.24287695355491964,-0.01911071978868589,-0.12104776579352851,-0.2024125027514858,-0.26123046445080345,-0.2380959718247854,-0.4934118423948932,-0.578300682368479,0.03546775258639665,-0.0721747743781642,-0.162062513757429,-0.08491525423728813,-0.24067796610169492,-0.04414043583535109,-0.5122121945850759,-0.36460928901606865,0.424851419766674,0.36482060312568787,0.4314109619194365,0.21943209333039843,0.4536165529385868,0.48929121725731894,0.40909531146819283,0.45252036099493725,0.2412788906009245,0.18252696456086287,0.14734756768655075,0.31361435174994495,-0.31172353070658154,0.1978318291877614,-0.16036539731454985,-0.15380805635042924
#11,0.45064274708342505,1.0,0.25825445740699976,0.1266189742460929,-0.022095531587057012,0.0560444640105657,0.39351089588377725,0.20616112700858463,0.1672705260840854,0.4075346687211094,0.37758529605987234,-0.152755888179617,-0.18876953554919657,-0.10162887959498129,-0.10488003521901827,0.1770085846357033,0.11153202729473916,0.22210653753026635,-0.15607968302883557,0.0760114461809377,-0.03400836451683909,0.08303323794849218,0.04782082324455206,0.07353951133612151,0.12749064494827206,0.1997380585516179,0.04095311468192824,0.12167290336781862,-0.12724851419766675,-0.13392692053709002,0.08976667400396214,0.17744662117543472,0.06937486242570988,0.16480079242791107,0.13629980189302224,0.04618093770636143,-0.06145058331499009,-0.10600484261501211,-0.0237970504072199,0.04821703720008805,-0.14161347127448823,-0.11964120625137574,-0.38456746643187323,-0.17285274047985913,-0.19735197006383448,-0.15742460928901608,-0.11892802113141096,-0.00561963460268545,-0.06606647589698438,0.12475896984371561,0.1386418666079683,0.10529605987233105,0.029368258859784283,0.2019040281752146,-0.06228263262161567,0.14670702179176756,-0.20727933083865288,-0.08829407880255338,-0.06964560862865947,-0.00954655513977548,0.0125181598062954,0.018756328417345366,-0.3113559322033898,0.022909971384547655,0.14244111820383007,0.052458727712965,-0.34449922958397533,-0.10226282192383887,-0.03766453885097953,0.2095729694034779,0.27053488883997356,0.1558221439577372,0.02150561303103676,-0.16624477217697556,-0.007140655954215276,0.1836385648250055,-0.09672683248954435,0.02720449042482941,-0.4036451683909311,0.17213295179396873,-0.07869909751265683,-0.12555359894342946,0.0137112040501871,-0.18782742681047765,-0.06350209112920978,-0.12466651992075721,-0.1304886638784944,-0.005020911292097733,-0.11328417345366498,-0.17753246753246754,-0.024142637023992955,0.030788025533788246,0.0575016508914814,-0.08483160906889721,0.05869249394673123,0.07832489544353952,0.25789346246973366,0.1492559982390491,0.19345806735637244,0.17826106097292538,0.22956636583755227,0.07489324235086947,0.10867928681488004,0.15067576491305304,0.28236407660136476,0.06069557561082985,0.13784943869689634,0.0626040061633282,0.035648250055029716,-0.05798371120405019,-0.07660356592559982
#12,0.5851485802333259,0.25825445740699976,1.0,0.5466431873211535,-0.04701298701298701,0.453977547875853,0.1415562403697997,-0.030697776799471714,-0.21092009685230023,0.503992956196346,0.234290116662998,-0.1573959938366718,-0.1355646048866388,-0.5016288795949813,-0.15083425049526744,0.32225401716927143,0.4749570768214836,0.8364604886638785,-0.0004688531807175875,-0.09774598283072859,-0.4681223860884878,0.01071978868589038,-0.20213955535989434,0.17810477657935286,-0.22073519700638344,0.21752366277790006,0.17278890600924499,0.4573475676865507,0.23931543033237948,0.3147787805414924,0.6167642526964561,0.45792648029936167,0.4598173013427251,0.14293638564825006,0.3568038740920097,0.15264802993616552,0.005894783182918776,-0.08413163108078363,0.062524763372221,0.20662557781201848,-0.059599383667180275,-0.06175654853620955,-0.42791987673343607,-0.04772617213295179,-0.37240149680827644,-0.12378824565265244,0.10542152762491745,-0.07861104996698218,0.21857362976007044,0.3431697116442879,0.4262073519700638,0.47808056350429234,0.352458727712965,0.5627382786704821,-0.4253400836451684,0.12939467312348668,-0.6820360994937266,-0.3649284613691393,-0.1961303103675985,0.04650451243671583,-0.31420206911732335,-0.21866607968302884,-0.4780981730134273,-0.03970724191063174,0.3662755888179617,0.2430134272507154,-0.5136275588817961,-0.3560048426150121,-0.2963306185340084,-0.067178076161127,0.3628153202729474,0.2509949372661237,0.03321593660576711,0.35609509134932865,-0.01227823024433194,0.36947611710323575,-0.27491525423728813,-0.23600924499229584,-0.35900066035659256,0.4303697996918336,-0.14408540611930443,-0.19566365837552277,-0.2235197006383447,-0.24543473475676866,-0.471452784503632,-0.3862337662337662,-0.3672220999339643,0.14576271186440679,-0.017919876733436056,-0.33099933964340744,-0.09371340523882897,-0.35205811138014526,-0.03914593880695576,-0.4073233546114902,-0.331996478098173,0.4260180497468633,0.5489830508474576,0.6537552278230244,0.4503367818622056,0.5736935945410522,0.5960576711424169,0.6268721109399076,0.516022452124147,0.5536341624477218,0.35843275368699096,0.30606207351970066,0.41709663218137794,-0.2878186220559102,0.2170327977107638,-0.22072639225181598,-0.3451926040061633
#13,0.45337222099933966,0.1266189742460929,0.5466431873211535,1.0,0.16723530706581555,0.46928021131410963,0.1748778340303764,0.07744662117543473,-0.1680299361655294,0.4293748624257099,0.24894122826326215,-0.10239489324235088,0.13733876293198327,-0.23846577151661896,-0.11128769535549196,-0.004604886638784944,0.6057605106757649,0.4262491745542593,-0.12246313009024873,-0.2158221439577372,-0.155974025974026,-0.2970988333700198,-0.06425049526744442,0.1063548316090689,-0.026022452124147038,0.2831763152102135,0.44362976007043803,0.5008650671362536,0.21308166409861326,0.36364957076821486,0.28435615232225403,0.23250275148580232,0.3846885318071759,0.16173013427250715,0.1265331278890601,0.02062953995157385,0.045839753466872114,-0.07069117323354611,0.2898151001540832,0.1729605987233106,-0.2029583975346687,-0.016108298481179836,-0.2410345586616773,0.07830068236847898,-0.2037772397094431,-0.2579683028835571,0.3261809377063614,0.07853841074180057,0.37434074400176093,0.3176249174554259,0.4129605987233106,0.3462447721769756,0.4838828967642527,0.3436561743341404,-0.13470173893902707,0.006658595641646489,-0.3802047105436936,-0.36738498789346247,-0.0525379705040722,0.011124807395993837,-0.3710939907550077,-0.34698217037200085,-0.3425291657495047,-0.008800352190182699,0.2359850319172353,0.19271186440677965,-0.30971824785384106,-0.07239049086506713,-0.20174334140435835,-0.10212194585075941,0.1696169931763152,0.23299801893022232,0.12901606867708562,0.12017389390270747,0.08011005943209333,0.41868809156944753,-0.20159366057671144,-0.302689852520361,-0.2699867928681488,0.2205480959718248,-0.19725511776359234,0.05279330838652872,-0.19063834470614133,-0.1598811358133392,-0.23356152322254017,-0.48090688972044904,-0.48312788906009246,0.3058045344486022,-0.031146819282412502,-0.34863966541932645,-0.3125071538630861,-0.24706801672903367,-0.11241910631741141,-0.4601122606207352,-0.275874972485142,0.3043451463790447,0.3037244111820383,0.5227162667840634,0.2704138234646709,0.4692097732775699,0.48579793088267664,0.4892868148800352,0.2650913493286375,0.43959057891261283,0.31544353951133614,0.40484921857803213,0.4831256878714506,-0.24219238388729913,0.16399735857362976,-0.22924058991855603,-0.19075060532687652
#17,0.012119744662117543,-0.022095531587057012,-0.04701298701298701,0.16723530706581555,1.0,0.2383447061413163,0.06116222760290557,0.25159145938806954,0.17797490644948272,0.1653731014747964,0.0840810037420207,0.45205591019150343,0.4155095751705921,0.186880915694475,-0.15879154743561524,-0.4792031697116443,0.040319172353070656,-0.1326304204270306,-0.009517939687431212,-0.2310741800572309,0.16217917675544793,-0.1711798371120405,-0.10934404578472375,-0.16734096412062513,0.13033017829628,-0.12468412942989214,0.1849966982170372,0.07582434514637905,0.20810917895663658,0.04594100814439798,-0.11319392471934844,-0.04392471934844816,0.07551397754787585,-0.021091789566365836,0.10698437156064275,0.016370239929561964,0.09917235307065815,-0.03858243451463791,0.011488003521901827,0.1719326436275589,0.1970482060312569,0.022104336341624477,0.12698657274928463,-0.01657935285053929,0.21869909751265684,0.16497468633061854,0.12036759850319172,0.07196566145718689,-0.03927801012546775,-0.157178076161127,-0.011023552718467973,-0.0274818401937046,-0.06898745322474135,0.02567906669601585,0.26439357252916573,0.04713625357693154,0.1549900946511116,-0.01830508474576271,0.2977107638124587,0.23673343605546995,-0.1411468192824125,-0.1716596962359674,0.22679286814880034,-0.004382566585956416,0.062359674224081,0.014862425709883336,0.3215034118423949,0.2669447501650892,-0.1027955095751706,-0.20250275148580232,-0.24350209112920979,-0.12866607968302884,-0.23186220559101914,-0.0711468192824125,-0.2718930222320053,-0.046238168611049964,-0.12234426590358793,-0.15609289016068678,0.05819942769095311,-0.30543473475676863,0.19998459167950694,0.4199207572088928,0.1153664979088708,0.19741800572309046,0.3425621835791327,-0.004155844155844156,-0.055214615892581996,0.10073739819502531,0.2209619194364957,0.2782786704820603,0.3134228483381026,0.21276689412282632,0.23747743781642086,0.012665639445300463,0.2039885538190623,-0.10700198106977768,-0.2588333700198107,-0.02915694475016509,-0.08875192604006163,-0.06277129650011005,0.015617433414043584,0.02794849218578032,-0.05992295839753467,-0.16558221439577372,0.06624697336561744,0.11387409200968523,0.025573409641206253,-0.07283072859344046,-0.004800792427911072,0.11589918556020251,0.199438696896324
#18,0.33462029495927803,0.0560444640105657,0.453977547875853,0.46928021131410963,0.2383447061413163,1.0,0.31574510235527187,0.14023332599603786,-0.13258639665419328,0.46575830948712305,0.19350209112920977,0.1594783182918776,0.3706009244992296,-0.10036979969183359,-0.3549086506713625,-0.20658815760510676,0.47653532907770196,0.47273387629319835,-0.07079022672243011,-0.3145344486022452,-0.2618578032137354,-0.27475676865507376,-0.3463218137794409,-0.09743781642086727,-0.13787585296059873,0.062482940788025534,0.05825445740699978,0.24292758089368258,0.28617433414043586,0.22722430112260622,0.40166409861325114,0.40150561303103677,0.48103015628439355,0.2572463130090249,0.22758309487123046,0.19999119524543255,0.10162007484041383,-0.1269953775038521,0.27871670702179174,0.28051727933083864,0.14970063834470615,-0.12797930882676645,0.05862645828747524,-0.008322694254897645,-0.16024653312788906,0.017142857142857144,0.20626458287475236,0.08836011446180937,0.19069997798811358,0.13631961259079903,0.2955535989434295,0.23913053048646268,0.2465265243231345,0.30245652652432314,-0.15973585736297602,0.18765573409641206,-0.3341822584195466,-0.2635791327316751,0.06936165529385868,0.24248294078802554,-0.3491635483160907,-0.27346907329958176,-0.24233766233766232,-0.23559982390490866,0.14624697336561743,0.04908210433634162,-0.10889280211314109,-0.141963460268545,-0.26407440017609507,-0.25043363416244774,0.26688091569447503,0.20346687211093992,0.06932863746423068,0.19032357473035438,-0.05889060092449923,0.1210741800572309,-0.26416905128769536,-0.3363218137794409,-0.2397820823244552,-0.010638344706141317,0.10777019590578912,0.2564076601364737,0.08832709663218138,-0.1821813779440898,-0.02945630640545895,-0.2947325555800132,-0.2795333480079243,0.2691063174114022,0.0997952894563064,-0.056790666960158484,0.12847457627118644,-0.05993616552938587,0.2599053488883997,-0.20089368258859785,-0.14004182258419545,0.22399075500770416,0.1779572969403478,0.4499537750385208,0.2620338983050847,0.20294519040281753,0.3087057010785824,0.5151948051948052,0.35126128109178956,0.39870570107858244,0.4218534008364517,0.4308386528725512,0.4772573189522342,-0.29337222099933963,0.3048007924279111,-0.10145938806955757,-0.04502751485802333
#26,0.23089368258859785,0.39351089588377725,0.1415562403697997,0.1748778340303764,0.06116222760290557,0.31574510235527187,1.0,0.20775478758529606,0.11831168831168831,0.27312128549416687,0.21073739819502532,0.14396213955535989,0.09172573189522341,0.06525863966541932,-0.14402597402597403,-0.06539071098393132,0.19337001981069776,0.2037376183138895,-0.05432313449262602,-0.2650869469513537,-0.00011005943209333039,-0.08060532687651331,-0.1086748844375963,-0.08577591899625799,0.11741140215716486,-0.0462425709883337,0.1186022452124147,0.13786264582874752,0.16262821923838874,0.12911952454325334,0.04029716046665199,0.2856240369799692,0.23350869469513538,0.33161127008584634,0.0424455205811138,0.19615452344265905,0.07167950693374422,0.03204490424829408,0.1865727492846137,0.1287739379264803,0.1312854941668501,-0.027752586396654195,-0.03261281091789566,0.055053929121725735,-0.07982390490865067,-0.0004754567466431873,0.0588135593220339,0.007092229804094211,-0.08298921417565486,-0.061151221659696234,0.09794849218578032,0.10016288795949813,0.110462249614792,0.19494607087827426,0.01116222760290557,0.23486022452124147,-0.11693374422187981,-0.1718710103455866,-0.020543693594541054,-0.06553819062293638,-0.271683909311028,-0.1498547215496368,-0.1937376183138895,-0.07905789126128109,0.1278516398855382,0.1297094430992736,-0.038831168831168834,0.13192604006163328,-0.03460488663878494,-0.014292317851639886,0.21480739599383666,-0.0587145058331499,-0.05459388069557561,-0.01311468192824125,-0.2018445960818842,-0.02559322033898305,-0.2843913713405239,-0.31470394012766895,-0.11317631521021351,-0.03324014968082765,0.03953995157384988,0.027622716266784062,-0.05775258639665419,-0.08681047765793529,0.07059211974466212,-0.1934074400176095,-0.18189522342064715,0.16671362535769316,0.19053929121725732,-0.0021813779440898085,0.025938806955756108,-0.028452564384767776,0.12191283292978208,-0.16044464010565707,-0.003929121725731895,0.286385648250055,0.07460928901606868,0.14714946070878274,0.21652432313449263,-0.07354831609068897,0.19453444860224522,0.2677591899625798,0.1606141316310808,0.23574510235527185,0.26099053488884,0.06028395333480079,0.21692273827867048,-0.19252696456086288,0.03797490644948272,-0.00787145058331499,-0.08815540391811579
#49,0.27119744662117545,0.20616112700858463,-0.030697776799471714,0.07744662117543473,0.25159145938806954,0.14023332599603786,0.20775478758529606,1.0,0.31843495487563284,0.26462909971384546,0.2746335020911292,0.0939621395553599,0.2072309046885318,0.06228263262161567,-0.06161787365177196,-0.1989126128109179,0.18182478538410743,-0.02892141756548536,0.14352410301562843,-0.07829407880255337,-0.17010125467752588,-0.13163108078362315,0.02828087167070218,-0.14852520360994936,0.1040611930442439,-0.09445960818842175,0.09945630640545895,0.037171472595201406,0.16384767774598283,-0.11715386308606647,0.05276469293418446,-0.03800572309046885,-0.044444199867928684,0.008250055029716047,0.2753048646268985,0.159471714725952,0.1012920977327757,-0.01608848778340304,0.18695575610829848,-0.04403918115782523,0.05572529165749505,-0.11589038080563505,-0.03921417565485362,-0.06090248734316531,0.04851419766674004,-0.2134932863746423,0.13980409421087386,0.05026634382566586,-0.043794849218578034,-0.03560642747083425,0.09938366718027734,-0.0015122165969623596,-0.0005238828967642527,-0.07105657054809597,0.0030310367598503194,-0.0736583755227823,-0.07068456966762052,-0.19487343165309268,0.0070394012766894125,-0.1635923398635263,-0.14390710983931324,-0.02289456306405459,0.04941448382126348,0.21933744221879814,0.28526524323134494,0.03235086946951354,0.06475456746643188,0.22412942989214177,0.09595641646489105,0.19537090028615453,0.2258463570327977,0.11520360994937266,-0.0013933524103015627,0.07705260840854061,-0.24673563724411182,0.09851860004402377,-0.2604358353510896,-0.13709002861545233,0.044422187981510014,-0.13590799031476997,0.18544133832269424,0.030264142637023993,0.4165485362095532,0.24527184679727052,0.1919106317411402,-0.051963460268545016,-0.16653532907770197,-0.11793968743121286,-0.10705040721989875,-0.08732775698877394,-0.1258155403918116,-0.057600704380365395,-0.09076601364736958,-0.253563724411182,-0.021756548536209553,0.10893462469733656,-0.16128769535549198,0.04155624036979969,-0.28122165969623597,0.053797050407219896,-0.04297820823244552,-0.05573189522342065,-0.19310807836231564,-0.13518600044023774,0.016513317191283294,0.07155844155844156,0.045903587937486244,-0.107541272287035,0.029198767334360554,-0.054089808496588156,0.036383447061413166
#50,-0.18178296279991196,0.1672705260840854,-0.21092009685230023,-0.1680299361655294,0.17797490644948272,-0.13258639665419328,0.11831168831168831,0.31843495487563284,1.0,0.028166409861325115,0.03919216376843496,0.08416905128769536,0.24279991195245432,0.2967444419986793,-0.20059872331058773,-0.3853048646268985,-0.06923398635263042,-0.22846136913933524,-0.22310807836231564,-0.1799867928681488,-0.014827206691613472,-0.03530266343825666,-0.11324235086946952,-0.08246092890160686,0.12596742240810038,-0.10220118864186661,0.059788685890380805,0.10611049966982171,0.058012326656394456,-0.2169733656174334,-0.07504512436715827,-0.20791327316751046,-0.05923618754127229,-0.12084305524983491,0.06999559762271626,-0.12109399075500771,0.08262821923838873,-0.16603345806735637,0.1659916354831609,0.09381245872771296,0.15717367378384328,-0.1898217037200088,-0.07101034558661677,-0.35996257979308827,0.15453444860224522,0.0827624917455426,0.06831609068897204,0.021100594320933305,-0.06588597842835131,-0.05070438036539732,0.06958177415804534,0.10204930662557782,0.0500792427911072,0.004419986792868149,0.06762491745542593,-0.026577151661897426,0.16278450363196126,0.040554699537750385,0.1757142857142857,0.08205150781421967,0.17556240369799692,0.16360334580673563,0.17256218357913272,-0.06044464010565705,0.1470724191063174,0.1332445520581114,0.2297424609289016,0.13526744441998678,-0.05755668060752807,-0.021565045124367157,-0.1075148580233326,-0.027321153422848337,-0.1797578692493947,-0.2289126128109179,-0.046288795949812896,-0.07439797490644948,0.0936715826546335,0.08256218357913273,0.06670702179176756,-0.2949768875192604,0.3656900726392252,0.12422408100374202,0.22697556680607528,0.27747743781642087,0.035441338322694256,0.18880475456746643,0.13575830948712306,0.017583094871230463,0.12408100374202069,-0.015225621835791327,0.14724631300902488,0.19187541272287034,0.10200748404138235,0.2039489324235087,0.33612150561303106,-0.04483381025753907,-0.30060972925379703,-0.03101254677525864,-0.08455866167730575,0.0006537530266343826,-0.031358133392031695,-0.12397754787585297,-0.21679286814880036,0.007644728153202729,-0.03231565045124367,-0.01832489544353951,-0.015038520801232665,0.1537574290116663,-0.0037508254457407,0.2832357473035439,0.3753664979088708
#51,0.4297116442879155,0.4075346687211094,0.503992956196346,0.4293748624257099,0.1653731014747964,0.46575830948712305,0.27312128549416687,0.26462909971384546,0.028166409861325115,1.0,0.46776799471714725,0.12295179396874312,0.10044904248294079,-0.09379484921857803,-0.237607307946291,-0.011910631741140217,0.5182588597842835,0.3592824125027515,0.06392251815980629,-0.12833810257539072,-0.09169051287695355,-0.16423508694695135,-0.07271406559542153,0.06351970063834471,0.03575610829848118,0.05787145058331499,0.2476205150781422,0.28521241470394015,0.12615452344265904,0.2509156944750165,0.256436275588818,0.1942659035879375,0.27984371560642746,0.2072044904248294,0.19316530926700418,0.20702399295619633,-0.14478758529605987,-0.20913273167510454,0.2500088047545675,0.20674224081003742,-0.12620735197006383,0.07619414483821263,-0.30121065375302664,-0.032491745542593,-0.2627360774818402,-0.11226282192383888,0.17739379264802993,0.05652212194585076,0.15863086066475898,0.20964780981730136,0.24629099713845476,0.14112480739599384,0.33726612370680165,0.3204424389170152,0.10578032137354171,0.15339423288575832,-0.251122606207352,-0.23911292097732775,0.058197226502311246,0.12797930882676645,-0.23290997138454766,-0.18906009244992295,-0.25504512436715826,0.012339863526304205,0.33375302663438255,0.21132731675104557,-0.2365199207572089,-0.12583755227823024,-0.06655073739819503,0.13010345586616773,0.2977900066035659,0.26487563284173454,-0.005368699097512657,0.11826326216156724,-0.17526304204270307,0.08266343825665859,-0.2450429231785164,-0.19551397754787586,-0.39735417125247635,0.042876953554919654,-0.1291283292978208,0.002493946731234867,0.06972705260840854,-0.20816420867268326,-0.10510015408320493,-0.32226502311248073,-0.25768214836011444,0.21376623376623377,0.1321813779440898,-0.21319392471934845,-0.14391151221659695,-0.10603345806735637,-0.03180937706361435,-0.24164648910411624,-0.12887079022672243,0.3131983270966322,0.2656042262821924,0.4207506053268765,0.28132291437376183,0.3373893902707462,0.28363416244772177,0.41870570107858246,0.302491745542593,0.2668038740920097,0.4533942328857583,0.36675985031917235,0.32501210653753027,-0.19290336781862205,0.08801012546775258,-0.0030134272507153863,-0.09777019590578913
#52,0.28574950473255556,0.37758529605987234,0.234290116662998,0.24894122826326215,0.0840810037420207,0.19350209112920977,0.21073739819502532,0.2746335020911292,0.03919216376843496,0.46776799471714725,1.0,-0.008049746863306185,-0.06154303323794849,0.006757649130530487,-0.11386748844375963,-0.042249614791987675,0.14896764252696457,0.09382566585956416,0.028718908210433634,-0.06445300462249615,-0.02779881135813339,-0.17239489324235088,-0.08648470173893903,0.04690072639225182,0.06917015188201629,0.06567686550737398,0.21489324235086946,0.17957957296940347,-0.02040281752146159,-0.03212194585075941,0.07274708342504953,-0.01733215936605767,0.20048426150121065,0.2521417565485362,0.19757649130530486,0.14073299581774157,0.07830068236847898,-0.21543693594541052,0.34637464230684567,-0.0068060752806515514,-0.08927801012546775,-0.11530266343825665,-0.09513977547875853,-0.007250715386308606,-0.12611490204710543,-0.23584635703279772,0.2701386748844376,0.18522562183579133,0.139768875192604,0.07688751926040062,0.02534008364516839,0.05790006603565925,0.07489544353951133,0.18258859784283513,0.13724631300902487,-0.047609509134932865,-0.11500110059432093,-0.23055910191503412,-0.09685230024213075,-0.02682808716707022,-0.08595641646489104,0.04409200968523003,-0.19097292537970503,0.10305084745762712,0.2715276249174554,0.11067136253576931,-0.12698437156064274,0.1511798371120405,0.03480739599383667,0.0851221659696236,0.2396984371560643,0.23818401937046005,0.07540832049306626,-0.02453004622496148,-0.006733436055469954,0.14729914153642967,-0.06839313229143737,0.005674664318732116,-0.1903169711644288,0.04393572529165749,-0.1771010345586617,-0.04729694034778781,-0.0027801012546775257,0.04540611930442439,-0.21822804314329738,-0.10023552718467972,-0.22241690512876955,-0.13570548095971824,0.0797820823244552,0.05589698437156064,-0.04089588377723971,0.026440677966101694,-0.1287739379264803,-0.1282940788025534,0.051923838872991415,0.028762931983270967,0.05160466651992076,0.09769095311468193,0.04642306845696676,0.20822804314329738,0.11159586176535329,0.09934844816200748,0.09346467092229804,0.08813339203169712,0.24414924058991855,0.21105877173673784,0.13136913933524103,-0.00011446180937706361,0.018641866607968304,0.120033017829628,0.048179616993176314
#53,-0.2250429231785164,-0.152755888179617,-0.1573959938366718,-0.10239489324235088,0.45205591019150343,0.1594783182918776,0.14396213955535989,0.0939621395553599,0.08416905128769536,0.12295179396874312,-0.008049746863306185,1.0,0.2506977767994717,0.338745322474136,-0.06891701518820163,-0.41716707021791766,0.020013207131851198,-0.2235923398635263,0.053147699757869246,-0.29527624917455425,0.13715606427470833,-0.1462887959498129,0.024074400176095093,-0.04719128329297821,0.1330926700418226,-0.06440677966101695,-0.016757649130530485,-0.10912172573189523,0.13306185340083646,0.16390710983931323,-0.20897644728153203,-0.21355712084525644,-0.08330618534008365,-0.04093110279550957,-0.005943209333039842,-0.21707241910631742,-0.027263922518159806,-0.012648029936165529,0.14276029055690073,0.0474686330618534,0.2815892581994277,-0.046517719568567026,0.08666299801893022,0.05327536869909751,0.2018776139115122,0.18302663438256658,0.0872375082544574,0.21290116662998018,-0.18347567686550736,-0.33581113801452783,-0.19124367158265462,-0.16830068236847898,-0.21526964560862866,-0.07561303103675986,0.11055910191503412,0.17448602245212413,0.27358133392031697,0.10503852080123266,0.2775985031917235,0.14447281532027295,-0.09899405679066696,-0.035322474136033455,0.3031983270966322,-0.04322474136033458,-0.21718027734976889,-0.16557120845256437,0.37996918335901386,0.12346467092229804,-0.10199647809817301,-0.275841954655514,-0.29567246313009027,-0.19727272727272727,-0.01583535108958838,-0.028412942989214176,-0.25077041602465333,-0.19963680387409202,0.11112480739599384,-0.05929121725731895,0.22302883557120845,-0.2031388950033018,0.08712304644508034,0.338646268985252,0.17040501871010347,0.23667400396213956,0.4086748844375963,0.1188729914153643,0.20391371340523884,0.3125511776359234,0.3659806295399516,0.3419700638344706,0.05841954655513978,0.1728021131410962,0.14855381906229365,0.19803213735417124,0.2483843275368699,-0.10607968302883557,-0.14882236407660138,-0.07267884657715167,-0.0914571868809157,-0.3480343385428131,-0.21315650451243673,0.046506713625357694,-0.1882654633502091,-0.1707638124587277,-0.020735197006383446,-0.09341404358353511,-0.11756988773937926,-0.095445740699978,-0.04521901826986573,0.19190182698657274,0.160396213955536
#54,-0.14180057230904689,-0.18876953554919657,-0.1355646048866388,0.13733876293198327,0.4155095751705921,0.3706009244992296,0.09172573189522341,0.2072309046885318,0.24279991195245432,0.10044904248294079,-0.06154303323794849,0.2506977767994717,1.0,0.47816200748404136,-0.05721109399075501,-0.48037200088047544,0.07803653973145498,-0.15401937046004843,0.09431653092670042,-0.25080783623156505,0.021364736957957296,-0.14251375742901168,-0.2640942108738719,-0.3111666299801893,0.05400396213955536,-0.22824345146379044,-0.04412062513757429,-0.05723970944309927,0.2611798371120405,0.08177415804534449,-0.13217037200088047,-0.14871010345586616,0.09049746863306185,0.09092890160686772,0.21845916795069337,-0.017926480299361655,0.3233898305084746,0.05779661016949152,0.27822364076601364,0.18834470614131632,0.3074444199867929,-0.035855161787365177,0.2838630860664759,0.08962359674224081,0.2496302003081664,0.09344265903587938,0.1039687431212855,0.1734932863746423,-0.06177415804534449,-0.09711424169051287,-0.04810477657935285,-0.005896984371560643,-0.03993616552938587,-0.16897864847017388,0.028692493946731235,0.02054589478318292,0.07465111160026414,0.035965221219458506,0.14617873651771957,0.07777459828307286,-0.02084525643847678,-0.012152762491745543,0.4139621395553599,-0.0012194585075941007,-0.018738718908210432,-0.10480079242791107,0.5473651771956857,0.12675544794188862,0.12908870790226723,-0.1688531807175875,-0.06342284833810258,-0.006559542152762492,-0.09231785163988554,-0.058564825005502974,-0.2250099053488884,-0.2165661457186881,-0.06509355051727933,-0.14403697996918335,0.1436781862205591,-0.2968082764692934,0.4007043803653973,0.362788906009245,0.151897424609289,0.3152674444199868,0.2966563944530046,0.06746423068456966,0.04701959057891261,0.11930662557781202,0.02688531807175875,0.25218357913273165,0.13564384767774598,0.05810477657935285,0.1701782962799912,0.05039401276689412,0.1412854941668501,-0.08757208892802112,-0.2909267004182258,-0.12229143737618314,-0.2885582214395774,-0.10309927360774819,-0.058679286814880036,-0.05330618534008365,-0.0561699317631521,-0.04330398415144178,-0.0033480079242791108,0.152458727712965,0.13624477217697556,-0.06992515958617654,0.16581554039181157,-0.004952674444199868,0.062425709883337004
#58,-0.28623376623376623,-0.10162887959498129,-0.5016288795949813,-0.23846577151661896,0.186880915694475,-0.10036979969183359,0.06525863966541932,0.06228263262161567,0.2967444419986793,-0.09379484921857803,0.006757649130530487,0.338745322474136,0.47816200748404136,1.0,-0.06302663438256659,-0.44352410301562845,-0.2399537750385208,-0.6029121725731895,0.13395993836671802,0.006530926700418225,0.23538190622936386,-0.07613251155624037,0.08853400836451684,-0.2388333700198107,0.23966541932643629,-0.1468765133171913,-0.04071978868589038,-0.2267092229804094,-0.18159586176535328,-0.2646313009024873,-0.5016288795949813,-0.28777459828307284,-0.27164428791547435,-0.07884437596302003,-0.13230904688531808,-0.14949152542372882,0.024862425709883337,0.1033810257539071,0.10311908430552498,-0.1663878494386969,0.05508474576271186,0.03625137574290117,0.1718467972705261,-0.022179176755447942,0.3295993836671803,0.06816420867268325,0.24091789566365837,0.34479639005062734,-0.1452014087607308,-0.2822628219238389,-0.2819656614571869,-0.26037860444640104,-0.18545454545454546,-0.4852080123266564,0.3180563504292318,-0.01883116883116883,0.5526436275588817,0.28602905569007264,0.28148800352190184,0.09307285934404579,0.17487563284173455,0.11465551397754788,0.5079771076381245,0.06648250055029715,-0.2825511776359234,-0.33585736297600705,0.6780079242791107,0.379108518600044,0.185379705040722,-0.009044684129429893,-0.23699537750385208,-0.13532247413603346,-0.14801672903367818,-0.33100374202069116,-0.034558661677305744,-0.17089808496588157,0.13422187981510014,0.13033898305084746,0.21031476997578694,-0.411287695355492,0.22527624917455427,0.2076271186440678,0.050917895663658376,0.2394783182918776,0.4209707241910632,0.2597402597402597,0.27200088047545673,-0.13062513757429012,0.1789918556020251,0.16894783182918777,0.02813119084305525,0.30969843715606427,-0.05072198987453225,0.31192604006163327,0.30366057671142416,-0.1361831388950033,-0.46801452784503633,-0.43103015628439356,-0.3032819722650231,-0.35606867708562623,-0.3626678406339423,-0.3725379705040722,-0.39023552718467974,-0.3401518820162888,-0.24590799031476998,-0.08983931322914374,-0.21127008584635704,0.16396434074400176,-0.1316288795949813,0.21040501871010345,0.370099053488884
#101,-0.17867268324895444,-0.10488003521901827,-0.15083425049526744,-0.11128769535549196,-0.15879154743561524,-0.3549086506713625,-0.14402597402597403,-0.06161787365177196,-0.20059872331058773,-0.237607307946291,-0.11386748844375963,-0.06891701518820163,-0.05721109399075501,-0.06302663438256659,1.0,0.6320228923618754,-0.10529385868368919,-0.12598283072859345,0.3628351309707242,0.13167070217917676,0.29740479859123925,0.3927030596522122,0.5354171252476337,0.2757979308826766,0.30077922077922076,0.17256658595641647,-0.18788025533788247,-0.44549416685009907,-0.22358353510895884,0.02913053048646269,-0.2857935285053929,-0.19477657935285053,-0.2960708782742681,-0.1732423508694695,0.0037926480299361656,0.026779661016949154,0.19963460268545014,0.46373541712524763,-0.10629760070438037,-0.06443319392471934,0.0042989214175654855,0.2032027294739159,0.0026876513317191284,0.4400264142637024,-0.2602575390710984,-0.06457627118644067,-0.22521901826986573,-0.11535329077701958,-0.414686330618534,-0.3723552718467973,-0.42876953554919656,-0.2927823024433194,-0.34913273167510456,-0.2786902927580894,0.06000440237728373,0.145280651551838,-0.05974686330618534,0.2663812458727713,-0.45095971824785386,-0.517310147479639,-0.059322033898305086,-0.07823684789786485,-0.015370900286154524,0.1578318291877614,-0.4327338762931983,-0.3878208232445521,-0.15010785824345146,-0.004301122606207352,0.4179639005062734,0.35850759410081445,-0.2479837112040502,0.024935064935064935,0.1632093330398415,-0.02651992075720889,-0.1151023552718468,-0.3072705260840854,0.18345586616773057,0.006183138895003302,0.3765925599823905,0.45124367158265466,-0.07252256218357914,-0.26049086506713626,0.019991195245432535,0.10939907550077041,0.015991635483160908,-0.1398811358133392,-0.011494607087827426,-0.1968633061853401,-0.22984591679506933,-0.06195025313669381,-0.2729650011005943,-0.38834910851860005,-0.3666101694915254,-0.15351970063834472,-0.3312788906009245,-0.02920977327756989,0.3422165969623597,-0.2736583755227823,-0.18559542152762493,-0.1954985692273828,-0.3674202069117323,-0.47103896103896103,-0.20934184459608188,-0.24904908650671362,-0.39482940788025533,-0.290363196125908,-0.48828967642526966,-0.11694034778780542,-0.17484701738939026,-0.3850473255558001,-0.4114043583535109
#102,0.2328285274047986,0.1770085846357033,0.32225401716927143,-0.004604886638784944,-0.4792031697116443,-0.20658815760510676,-0.06539071098393132,-0.1989126128109179,-0.3853048646268985,-0.011910631741140217,-0.042249614791987675,-0.41716707021791766,-0.48037200088047544,-0.44352410301562845,0.6320228923618754,1.0,0.03228703499889941,0.36415364296720226,0.2058067356372441,0.2588267664538851,0.06020691173233546,0.48715386308606645,0.3500418225841955,0.3880761611270086,0.02201628879594981,0.29912832929782085,-0.21584855822143958,-0.19532247413603346,-0.32562843935725294,0.10570548095971825,0.1748382126348228,0.25862425709883335,-0.021736737838432753,-0.03422628219238389,-0.038492185780321375,0.18679286814880036,-0.04539951573849879,0.29740039621395553,-0.26133392031697117,-0.06880475456746643,-0.18920977327756988,0.14738498789346247,-0.29743781642086725,0.33206471494607087,-0.5203279771076381,-0.08220559101915034,-0.2505018710103456,-0.2130376403257759,-0.19299141536429673,-0.04150121065375303,-0.12504512436715826,-0.05293198327096632,-0.11552498349108518,0.014820603125687871,-0.19088707902267224,0.2211732335461149,-0.4307858243451464,0.06896324014968083,-0.5970614131631081,-0.4700396213955536,-0.09925819942769096,-0.15397974906449483,-0.45448602245212416,0.06216376843495488,-0.1736715826546335,-0.09805635042923179,-0.6209487123046445,-0.2563482280431433,0.21692273827867048,0.4491437376183139,0.11710543693594541,0.16066255778120184,0.2477525863966542,0.19291877613911512,0.1175016508914814,0.027019590578912612,0.06725952014087608,-0.05347347567686551,-0.1027162667840634,0.6588707902267225,-0.24774158045344485,-0.48368258859784286,-0.14428131190843055,-0.29500110059432094,-0.29946951353731016,-0.2980475456746643,-0.18737838432753687,-0.28431432973805854,-0.31829627999119525,-0.3344706141316311,-0.29568787145058334,-0.496913933524103,-0.28441778560422626,-0.3288795949812899,-0.5192934184459608,0.15329517939687431,0.6232115342284834,0.08333920316971165,0.12763592339863528,0.1386484701738939,-0.009381465991635482,-0.08432973805855162,0.1974620294959278,0.08775038520801233,-0.09820162887959498,-0.1024191063174114,-0.20721329517939688,-0.1451683909311028,-0.0814968082764693,-0.4684723750825446,-0.5989698437156065
#201,0.39877613911512216,0.11153202729473916,0.4749570768214836,0.6057605106757649,0.040319172353070656,0.47653532907770196,0.19337001981069776,0.18182478538410743,-0.06923398635263042,0.5182588597842835,0.14896764252696457,0.020013207131851198,0.07803653973145498,-0.2399537750385208,-0.10529385868368919,0.03228703499889941,1.0,0.38261941448382125,-0.06645828747523663,-0.22685230024213074,-0.17955315870570107,-0.24691833590138676,0.035918996257979306,0.08196125907990315,0.02651551837992516,0.1669887739379265,0.38554039181157823,0.3424014968082765,0.23587497248514197,0.39679506933744224,0.17040281752146158,0.2307373981950253,0.2303235747303544,0.009531146819282412,0.16088487783403038,0.15438696896324014,-0.06432533568126789,-0.157838432753687,0.262656834690733,0.09699757869249395,0.029152542372881354,0.027057010785824346,-0.32492185780321375,0.14958397534668721,-0.38917455425930003,-0.20346246973365617,0.27197446621175436,-0.16874532247413604,0.21459167950693375,0.07799251595861766,0.308531807175875,0.2111468192824125,0.32788025533788245,0.30665639445300463,-0.08577812018489984,0.05420647149460709,-0.3078846577151662,-0.2383050847457627,-0.04761171032357473,0.0649768875192604,-0.4795179396874312,-0.39208012326656394,-0.3070085846357033,-0.0019524543253356813,0.1803235747303544,0.2003565925599824,-0.31266123706801674,-0.14838432753686992,-0.2439027074620295,0.11995817741580453,0.2199603786044464,0.35447061413163106,0.1998084965881576,0.17954875632841735,0.0013295179396874313,0.2002575390710984,-0.2916222760290557,-0.36435174994497027,-0.021976667400396215,0.2530046224961479,-0.03874972485141977,0.23482060312568787,0.05346467092229804,-0.2603764032577592,-0.06924058991855601,-0.49200748404138234,-0.4801188641866608,0.42640986132511555,0.15187761391151222,-0.30672683248954435,-0.16442218798151,-0.409636803874092,0.006700418225841955,-0.46876293198327096,-0.2897908870790227,0.5721637684349549,0.3104556460488664,0.5538806955756108,0.3257737178076161,0.37400396213955533,0.29725291657495045,0.3897622716266784,0.20750605326876514,0.36521021351529825,0.15900066035659255,0.28734756768655073,0.2615738498789346,-0.41512436715826545,0.2188795949812899,-0.19308386528725513,-0.15581113801452784
