,#10,#11,#12,#13,#17,#18,#26,#49,#50,#51,#52,#53,#54,#58,#101,#102,#201,#202,#301,#302,#401,#402,#501,#502,#601,#602,#701,#702,#801,#802,#901,#902,#1001,#1002,#1101,#1102,#1201,#1202,#1301,#1302,#1401,#1402,#1501,#1502,#1601,#1602,#1701,#1702,#1801,#1802,#1901,#1902,#2001,#2002,#2101,#2102,#2201,#2202,#2301,#2302,#2401,#2402,#2501,#2502,#2601,#2602,#2701,#2702,#2801,#2802,#2901,#2902,#3001,#3002,#3101,#3102,#3201,#3202,#3301,#3302,#3401,#3402,#3455,#3501,#3502,#3601,#3602,#3701,#3702,#3801,#3802,#3901,#3902,#4001,#4002,#4101,#4102,#4201,#4202,#4301,#4302,#4401,#4402,#4501,#4502,#4601,#4602,#4701,#4702,#4801,#4802
#10,1.0,0.22831609068897205,0.266781862205591,0.35979308826766454,0.15107197886858903,0.18067136253576932,0.16551837992515958,0.39322694254897644,0.19963460268545014,0.49349768875192607,0.2986242570988334,0.014884437596302003,-0.031404358353510894,-0.1812722870349989,-0.38800352190182696,-0.29446621175434734,0.30238168611049965,0.09775918996257979,-0.10874532247413603,0.1148580233325996,0.09522562183579132,0.026590358793748624,0.06788906009244992,-0.013301782962799913,0.002837332159366058,0.1439489324235087,0.17206031256878715,0.06964340744001761,0.05943649570768215,-0.06788025533788246,0.14894783182918775,0.15110939907550078,0.09685009905348889,-0.0035901386748844375,-0.01591239269205371,0.06153863086066476,-0.19186220559101916,-0.03433193924719349,-0.09566145718688092,0.17954875632841735,-0.089867928681488,0.01547655734096412,-0.0726106097292538,0.11340964120625138,0.15805194805194805,0.1782126348228043,0.06855822143957738,0.041204050187101035,0.107442218798151,0.1655029716046665,0.19757208892802114,0.23223860884877834,0.20273167510455645,0.03959057891261281,0.1039027074620295,0.11380145278450363,-0.0031543033237948492,0.0951683909311028,-0.018718908210433635,-0.314208672683249,0.06326436275588818,-0.01761171032357473,-0.12700198106977767,-0.08743341404358354,0.12618754127228704,0.22354391371340523,-0.07699537750385207,0.08238608848778341,0.07071318511996479,0.05814439797490645,-0.03227162667840634,0.15390490865067136,-0.29062953995157387,-0.0069271406559542155,-0.13676205150781423,-0.02014968082764693,-0.19458507594100816,-0.1187277129650011,-0.24136253576931543,-0.10327316751045565,-0.20789126128109178,0.13635703279771078,-0.06745762711864407,0.03591679506933744,0.36969843715606426,0.006053268765133172,0.07634162447721769,-0.16200088047545674,-0.05684569667620515,0.20969403477878054,0.1307373981950253,0.06922738278670482,0.07283733215936605,-0.04883557120845256,-0.0871714725952014,0.10948051948051948,0.04123706801672904,0.16063614351749944,0.1710081443979749,0.4136011446180938,0.3595399515738499,0.1134338542813119,0.04271846797270526,0.1408166409861325,0.12331278890600925,0.20578472375082543,0.22779000660356594,-0.0002575390710983931,-0.06482280431432974,-0.05660796830288356,-0.2667884657715166
#11,0.22831609068897205,1.0,0.12026854501430773,-0.044972485141976666,-0.23835130970724192,-0.09057891261281092,0.2927602905569007,0.07425489764472816,0.3758991855602025,0.2768016729033678,0.22395993836671801,-0.2779484921857803,-0.26557781201849,0.13222540171692715,-0.18163988553819063,-0.1734932863746423,0.016216156724631302,0.17826546335020912,0.010944309927360774,-0.053561523222540174,-0.2415034118423949,-0.10852740479859124,0.05482720669161347,-0.06104996698217037,-0.07400616332819723,0.05592559982390491,0.16516618974246092,0.16411842394893242,0.09755227823024433,0.28745102355271845,0.09930442438917016,-0.0936253576931543,0.11195685670261941,0.02804534448602245,-0.0300066035659256,0.0449702839533348,-0.06435615232225401,-0.08753686990975126,-0.13845696676205152,0.03236847897864847,0.14219238388729913,-0.03946070878274268,0.03393792648029936,-0.13282192383887298,0.22161787365177196,-0.015758309487123045,0.18992956196346028,0.19933303984151443,0.11812678846577152,0.0674620294959278,0.14344926260180496,-0.0363878494386969,0.07224301122606207,0.025628439357252918,-0.04552278230244332,0.04030376403257759,-0.18987012987012988,-0.1629605987233106,-0.11912832929782083,-0.19675104556460488,-0.006075280651551838,0.05170151882016289,-0.13157164869029275,-0.07407880255337883,0.14826766453885099,0.2044486022452124,-0.24688751926040062,0.04445740699977988,-0.19811798371120404,-0.05941888619854722,-0.08791987673343606,-0.044129429892141754,-0.06149020471054369,-0.06369139335241031,-0.12091789566365838,-0.06718247853841074,0.05143297380585516,-0.028991855602025093,-0.0576601364736958,-0.11479639005062733,-0.06646929341844596,-0.067409200968523,-0.08614131631080783,0.041853400836451685,0.055254237288135596,0.021747743781642088,0.12557340964120625,0.114719348448162,-0.06610389610389611,0.24664758969843717,0.06324014968082765,0.1112656834690733,-0.12823024433193925,0.08044023772837332,-0.020796830288355713,0.18182258419546554,-0.007693154303323795,0.1899537750385208,0.14694915254237287,0.2282654633502091,0.0474158045344486,0.17556020250935506,0.057006383447061416,0.1900066035659256,-0.11682148360114462,0.18575830948712305,0.09931322914373762,0.05327756988773938,0.05500110059432093,-0.0834008364516839,-0.3193748624257099
#12,0.266781862205591,0.12026854501430773,1.0,0.42863306185340083,-0.1278252256218358,0.45368038740920097,0.1524521241470394,0.10733876293198327,-0.07299801893022231,0.40094651111600266,0.23167950693374423,-0.22456966762051508,-0.05024873431653093,0.043733215936605764,0.08527624917455426,0.1323530706581554,0.6665397314549857,0.7908144397974907,0.20961699317631521,0.23937046004842616,0.07245872771296501,0.08697776799471715,0.13722650231124808,0.20562623816861106,-0.023396434074400178,0.33231124807395995,0.0850099053488884,0.04027734976887519,0.49359013867488444,0.1524785384107418,0.4488245652652432,0.18546335020911292,0.4124983491085186,0.2925841954655514,-0.06102795509575171,0.09797050407219898,0.0001606867708562624,-0.18054369359454106,-0.0401848998459168,0.21237068016729033,-0.11788906009244993,-0.13434294519040282,-0.08269645608628659,0.056709222980409424,-0.020988333700198106,0.05817741580453445,0.003715606427470834,-0.0960642747083425,0.029315430332379485,0.026194144838212634,0.16307726172132953,0.15039401276689413,0.30261941448382124,0.427805414924059,0.277607307946291,0.33961479198767336,-0.24413603345806736,-0.04421307506053269,-0.2025841954655514,-0.29686770856262384,-0.1606141316310808,-0.00474356152322254,-0.1850693374422188,-0.25954875632841734,0.03976007043803654,0.22830288355712083,-0.3485758309487123,0.018089368258859786,0.3050275148580233,0.3224983491085186,0.2315628439357253,0.5598965441338323,-0.20419106317411403,0.18654193264362756,-0.3586770856262382,-0.0636055469953775,-0.2584459608188422,-0.12330618534008364,0.22685890380805634,0.15314990094651112,-0.08865947611710323,0.06739819502531368,0.09019810697776799,-0.09478098173013427,-0.05322914373761831,-0.24138234646709222,-0.06073519700638345,-0.23126128109178956,-0.4984437596302003,0.12105216817081224,-0.2641866607968303,-0.11062733876293199,-0.28122165969623597,-0.22228483381025754,-0.2695267444419987,0.6237046004842615,0.4764714946070878,0.5980695575610829,0.5151595861765353,0.5181399955976227,0.48387849438696895,0.5595443539511337,0.37735857362976005,0.5077944089808497,0.5998657274928462,0.4202553378824565,0.4993836671802773,-0.0008804754567466431,-0.2694408980849659,-0.3460774818401937,-0.3824521241470394
#13,0.35979308826766454,-0.044972485141976666,0.42863306185340083,1.0,-0.27530266343825666,0.182425709883337,-0.005344486022452124,0.16947831829187762,-0.004631300902487343,0.5288025533788245,0.06692714065595422,-0.027653532907770197,0.003594541052168171,0.02237508254457407,0.16690953114681928,0.03723750825445741,0.41598723310587715,0.4003565925599824,0.17506493506493506,0.029372661237068016,0.01985692273827867,-0.046092890160686774,0.20895003301782963,0.06540611930442439,0.08295839753466872,0.33738718908210436,0.016396654193264363,0.00487343165309267,0.4535219018269866,0.0018027734976887519,0.4106713625357693,0.3409553158705701,0.38780981730134273,0.3329077701959058,0.24633942328857583,0.25695575610829846,0.2587937486242571,0.07276909531146819,-0.0012502751485802333,0.08902707462029497,-0.11393352410301563,-0.08899185560202509,0.033075060532687654,0.1089588377723971,0.02205150781421968,0.021085186000440237,0.22142857142857142,0.11829187761391151,-0.12588817961699317,-0.016953554919656614,0.2945300462249615,0.1548646268985252,0.27466211754347347,0.09390490865067136,-0.03889720449042483,0.07791767554479419,-0.17967202289236187,-0.11564604886638785,-0.14480079242791108,-0.3520779220779221,-0.1250363196125908,-0.1320360994937266,0.1979154743561523,-0.04547435615232225,0.11618093770636144,0.2647391591459388,-0.07768214836011446,-0.21223200528285274,0.15198106977767994,0.01010345586616773,-0.0765793528505393,0.20506053268765134,-0.2246401056570548,-0.15916574950473256,-0.25265243231344925,-0.19659035879374862,-0.3875280651551838,-0.3248073959938367,0.307145058331499,0.38233766233766237,-0.10217917675544794,0.18927801012546774,0.03429011666299802,-0.01458727712965001,-0.07042262821923839,-0.1760708782742681,-0.12894342945190404,-0.22519700638344706,-0.13746423068456967,0.1529473915914594,-0.2278912612810918,-0.11661677305745102,-0.0833546114902047,-0.1425709883337002,-0.12316751045564604,0.039262601804974685,0.33867708562623816,0.38755227823024435,0.380528285274048,0.3892890160686771,0.3562623816861105,0.36084525643847676,0.2791877613911512,0.2837508254457407,0.39761611270085845,0.2562931983270966,0.28321813779440896,-0.12480079242791108,-0.22657054809597182,-0.2663152102135153,-0.21043143297380584
#17,0.15107197886858903,-0.23835130970724192,-0.1278252256218358,-0.27530266343825666,1.0,0.20465771516618975,-0.1551287695355492,0.2956746643187321,-0.08610169491525424,-0.19093330398415145,0.16743121285494167,0.34518600044023773,0.13311468192824125,-0.1113251155624037,-0.2525775918996258,-0.10803874092009685,-0.2559674224081004,-0.19904248294078802,-0.26948712304644507,-0.10829627999119525,0.18672903367818622,-0.011450583314990095,-0.2504402377283733,-0.06527845036319613,-0.010178296279991195,-0.20545454545454545,-0.1038498789346247,-0.22155624036979968,-0.2122408100374202,-0.016009244992295838,-0.14988553819062295,-0.016317411402157166,-0.21000880475456746,-0.10219898745322474,-0.11583755227823024,0.018239049086506715,-0.13818401937046004,-0.01042262821923839,0.027380585516178738,0.0010675764913053048,-0.2641404358353511,0.14163988553819062,-0.013237948492185781,0.052648029936165526,0.14971384547655733,0.12038520801232666,-0.3322474136033458,-0.31800792427911073,-0.10797930882676646,-0.16059872331058772,-0.29315210213515297,0.07496588157605107,-0.17584855822143958,-0.05691393352410302,0.14016729033678185,-0.10425709883337002,0.28163548316090686,0.16680607528065156,0.13675324675324677,0.20427470834250494,0.13467532467532467,-0.072557781201849,-0.06036539731454986,0.03408760730794629,-0.17950693374422189,-0.3523816861104997,0.19505392912172573,0.027985912392692054,0.06405679066696016,0.10281311908430553,0.15602245212414703,0.03432093330398415,0.04843275368699097,0.20183359013867488,0.11123046445080344,0.09821263482280432,0.10031256878714506,0.14185780321373542,-0.36151221659696237,-0.22328857583094872,-0.14625797930882678,0.029211974466211755,0.11902707462029496,0.11746643187321154,0.29813339203169714,0.17511116002641428,0.026660796830288356,-0.10919876733436056,-0.04197886858903808,-0.08908650671362536,0.2085362095531587,-0.04672683248954435,0.26262821923838875,0.1297160466651992,0.08641206251375742,-0.07176755447941889,-0.15625797930882676,-0.2311270085846357,-0.24195465551397755,-0.11150781421967863,-0.14203609949372661,-0.2001122606207352,-0.1980959718247854,-0.2067290336781862,-0.08038080563504292,-0.13162007484041383,-0.1700132071318512,0.009002861545234426,0.08966101694915254,0.24186220559101915,0.2257605106757649
#18,0.18067136253576932,-0.09057891261281092,0.45368038740920097,0.182425709883337,0.20465771516618975,1.0,0.1967686550737398,0.30425269645608627,-0.14023552718467971,0.11361435174994497,0.12369359454105217,0.31248734316530924,0.4915870570107858,0.3003125687871451,-0.09737838432753687,0.06215936605767114,0.3601826986572749,0.34428351309707245,-0.13307946290997139,-0.07151441778560423,-0.03780101254677526,0.02170151882016289,0.14762271626678405,0.16803213735417125,0.0237574290116663,-0.06445080343385429,0.05050627338762932,-0.02204490424829408,0.3968941228263262,0.3704600484261501,0.09927140655954216,-0.09836231565045124,0.12876953554919657,0.0003103675985031917,-0.18496808276469293,-0.11283513097072419,-0.29064935064935066,-0.21045564604886638,-0.19116442879154744,0.09544794188861985,0.13520360994937267,0.004056790666960158,-0.15153642967202288,0.17285714285714285,0.06342945190402817,0.23169711644287916,-0.07162227602905569,-0.12465331278890601,0.012137354171252477,0.053469073299581775,-0.019605987233105877,0.037233105877173676,0.15932863746423068,0.30643847677745983,0.05204270305965221,0.1089060092449923,-0.12957737178076162,0.006975566806075281,-0.1949966982170372,-0.10348228043143297,-0.08064054589478319,-0.18448162007484042,-0.10659476117103235,-0.14188421747743782,-0.1406713625357693,0.0037772397094430993,-0.07548316090688972,0.16445300462249615,0.24067356372441118,0.14064494827206692,0.4022760290556901,0.3670746202949593,0.0737904468412943,0.37057010785824346,-0.18199207572088927,-0.05384547655734096,-0.14819062293638566,0.04714065595421527,0.2231895223420647,0.09744441998679287,0.14589698437156065,0.42677305745102356,0.19417785604226281,0.2947897864847017,0.22027514858023334,-0.01774818401937046,-0.07670702179176755,-0.011598062953995158,-0.22335020911292097,0.1555976227162668,0.12477657935285054,-0.03462029495927801,-0.06542152762491746,-0.17011005943209334,-0.30527184679727054,0.32178516398855384,0.12879154743561524,0.205643847677746,0.107310147479639,0.26806955756108297,0.2703367818622056,0.35641206251375745,-0.0018622055910191503,0.23765793528505394,0.2341646489104116,0.3012832929782082,0.2723948932423509,-0.05006383447061413,-0.157145058331499,-0.263185119964781,-0.3103609949372661
#26,0.16551837992515958,0.2927602905569007,0.1524521241470394,-0.005344486022452124,-0.1551287695355492,0.1967686550737398,1.0,-0.018798151001540832,-0.012190182698657275,0.33782082324455204,0.2245476557340964,-0.13413163108078363,0.009625797930882677,0.28473035439137134,-0.09942989214175654,0.07661897424609289,0.03307726172132952,0.00449042482940788,0.024534448602245212,0.1223068456966762,-0.13478758529605986,0.060121065375302665,0.13939027074620294,-0.013055249834910852,-0.11440457847237508,0.06813779440898085,0.0015870570107858243,0.09465331278890601,0.14777019590578913,-0.0287343165309267,-0.10443539511336121,-0.1158595641646489,0.06182258419546555,-0.10679286814880035,-0.17917895663658376,-0.1525379705040722,-0.28121725731895225,-0.015901386748844375,-0.16733215936605766,0.08294519040281752,0.03327316751045565,-0.120066035659256,-0.1128615452344266,-0.1531653092670042,0.10200308166409862,0.0032885758309487124,-0.012027294739159146,-0.05733876293198327,0.010019810697776799,0.10694034778780541,0.07361655293858684,0.2126370239929562,0.11047765793528505,0.36606207351970066,0.09942108738718908,0.2590821043363416,-0.037224301122606204,0.08313449262601805,-0.0775346687211094,-0.046350429231785166,-0.22707682148360114,-0.06245652652432313,-0.20456966762051507,-0.19976007043803654,-0.03222760290556901,0.08322474136033459,-0.08757208892802112,0.4339225181598063,0.16875852960598722,0.11536429672022892,0.271038961038961,0.23639225181598064,0.09039401276689413,-0.02434954875632842,-0.031961259079903145,-0.009077701959057891,0.0200066035659256,0.08530706581554039,-0.006473695795729694,0.006715826546335021,0.06672463130090249,0.08776799471714726,0.05028615452344266,0.06300902487343166,0.06806955756108299,-0.16620735197006384,-0.09635263042042704,0.12436055469953775,0.1269667620515078,0.04838212634822804,-0.12193044243891701,-0.042542372881355935,-0.06953995157384987,-0.08769315430332379,-0.16813999559762272,0.19968082764692935,-0.1088663878494387,0.15963680387409201,0.14807175874972486,-0.015335681267884657,0.08758309487123046,0.09976447281532028,-0.26569227382786703,0.007528065155183799,-0.10103675985031917,0.08739819502531367,0.09562843935725292,-0.15680167290336783,-0.10576711424169051,-0.20440677966101695,-0.3018203830068237
#49,0.39322694254897644,0.07425489764472816,0.10733876293198327,0.16947831829187762,0.2956746643187321,0.30425269645608627,-0.018798151001540832,1.0,0.25442218798151,0.26125027514858024,0.269405679066696,0.1768170812238609,0.15541272287035,0.0960642747083425,-0.24426370239929562,-0.34634602685450144,0.13851199647809817,0.22890821043363416,0.0683381025753907,-0.08793748624257099,-0.061305304864626896,-0.16625137574290116,0.08595641646489104,-0.0016751045564604888,0.24173013427250714,0.05763592339863526,0.17734536649790886,-0.1707858243451464,0.2980981730134272,0.16348888399735859,0.27041162227602905,0.1435791327316751,0.05590138674884437,0.07967202289236187,-0.07709883337001981,0.01173233546114902,-0.03040061633281972,-0.05945190402817521,-0.0875610829848118,-0.07468853180717587,-0.1520118864186661,0.07610609729253796,0.13471494607087828,0.054147039401276686,0.23881796169931763,0.06066475896984372,-0.02648250055029716,-0.0759652212194585,0.13097952894563064,-0.1329275808936826,0.08385868368919216,0.1745014307726172,0.19824345146379044,-0.013524103015628439,0.057840633942328856,-0.0975148580233326,-0.17291877613911513,-0.18964120625137573,0.122062513757429,-0.36747963900506275,0.12197666740039621,-0.030336781862205592,-0.08552938586836892,-0.13081664098613252,0.08685670261941449,0.05078802553378824,0.10299141536429672,-0.02462689852520361,0.1040149680827647,-0.009427690953114682,0.17981069777679948,0.048994056790666964,-0.020788025533788244,0.14238168611049967,-0.058828967642526965,-0.03419986792868149,-0.22048426150121064,-0.14972485141976669,-0.08091349328637465,0.007906669601584856,-0.1287541272287035,0.1857671142416905,-0.012656834690732996,0.12568126788465772,0.1235659255998239,0.10957296940347788,0.044345146379044686,-0.09458507594100815,-0.09401056570548096,0.1725511776359234,0.21740039621395554,-0.03416024653312789,0.13787365177195685,0.07421747743781643,-0.002256218357913273,-0.017545674664318733,0.12025974025974026,0.08334140435835351,0.0057671142416905125,0.18186220559101915,0.014776579352850538,0.19892141756548537,0.018950033017829628,0.1824719348448162,0.0049900946511116,0.17317851639885537,0.03226942548976447,-0.07319832709663218,-0.05480519480519481,0.07994497028395334,-0.15679066696015848
#50,0.19963460268545014,0.3758991855602025,-0.07299801893022231,-0.004631300902487343,-0.08610169491525424,-0.14023552718467971,-0.012190182698657275,0.25442218798151,1.0,0.13097292537970504,0.13059872331058772,-0.20806515518379926,-0.12293858683689192,-0.0012194585075941007,-0.13174554259300023,-0.07326876513317192,0.00798811358133392,0.14402597402597403,0.10357473035439137,0.07595421527624917,0.0360708782742681,0.18451463790446843,0.4526744441998679,0.5035703279771077,0.417178076161127,0.3987893462469734,-0.005844155844155844,0.01602245212414704,0.10772837332159366,0.26582874752366276,0.07820823244552058,-4.6224961479198765e-05,0.15205811138014527,0.01898965441338323,-0.03896544133832269,0.031747743781642086,-0.10451683909311028,-0.09570548095971824,-0.10735857362976008,-0.024992295839753466,0.16776799471714726,0.08421527624917455,-0.05379925159586176,0.05879815100154083,0.4706185340083645,0.24166629980189303,-0.08038520801232665,-0.08371340523882896,-0.18480739599383667,-0.0046687211093990755,0.08050187101034559,0.12503411842394893,0.14414043583535108,-0.07542372881355933,0.008789346246973365,-0.0026084085406119306,-0.014697336561743341,-0.1626964560862866,0.1816685009905349,-0.24805194805194805,-0.03452564384767775,-0.01852740479859124,0.0851353731014748,0.15054589478318292,-0.014433193924719348,0.08307726172132952,-0.04609509134932864,-0.2946401056570548,-0.011120405018710103,-0.12780761611270086,-0.03501871010345586,-0.10066696015848559,-0.22367378384327538,-0.03676645388509795,-0.2367356372441118,-0.2621703720008805,-0.23325335681267884,-0.11318511996478098,0.04253356812678846,0.28967862645828746,-0.00851419766674004,0.2085163988553819,-0.0740876073079463,-0.2604028175214616,-0.04548756328417345,-0.0737244111820383,0.1360972925379705,0.03186660796830288,-0.06383226942548977,0.1505921197446621,0.08094430992736078,0.12096852300242131,-0.023827867048206032,0.2845564604886639,0.25640325775919,0.13114902047105437,0.29357473035439136,0.010893682588597842,-0.05194585075941008,0.08941668500990535,-0.24558661677305746,0.09069557561082985,0.1159057891261281,0.01782082324455206,-0.0736451683909311,0.004433193924719348,-0.11285934404578472,-0.07063614351749944,0.0798877393792648,0.13359894342945192,-0.12576931543033237
#51,0.49349768875192607,0.2768016729033678,0.40094651111600266,0.5288025533788245,-0.19093330398415145,0.11361435174994497,0.33782082324455204,0.26125027514858024,0.13097292537970504,1.0,0.3649658815760511,0.00613911512216597,-0.005216817081223861,0.13930442438917015,-0.12099053488883997,-0.26790887079022674,0.3829143737618314,0.28822804314329736,0.06770416024653313,0.08065815540391812,-0.00637244111820383,-0.0684899845916795,0.1295333480079243,-0.13261281091789567,0.11538410741800573,0.16776139115122166,0.18459167950693375,0.062276029055690074,0.40229804094210875,0.04078802553378825,0.3194519040281752,0.2625775918996258,0.26379925159586176,0.17783623156504513,0.06958837772397095,0.10181157825225622,0.010818842174774378,-0.0004138234646709223,-0.174620294959278,-0.06363636363636363,-0.19227162667840633,-0.006709222980409421,-0.15620515078142197,-0.1824719348448162,0.06172573189522342,-0.09930882676645389,0.06834030376403258,-0.0003653973145498569,0.018534008364516838,0.016394453004622497,0.30946290997138454,0.22045124367158264,0.328267664538851,0.03597402597402597,0.10618093770636143,0.09623376623376623,-0.13147259520140875,-0.19051067576491304,0.009790887079022672,-0.4265925599823905,-0.0389390270746203,0.04716486902927581,0.012306845696676205,-0.06564384767774599,0.16779661016949152,0.16459167950693374,-0.08229363856482501,0.11970504072198987,0.24582434514637905,0.1379506933744222,0.12853400836451684,0.3397094430992736,-0.2242637023992956,-0.09978648470173894,-0.15257979308826766,-0.06535989434294519,-0.10948932423508695,-0.11904908650671363,0.07217257318952235,-0.04507373981950253,-0.14207792207792208,-0.01401716927140656,-0.1098943429451904,0.09976887519260401,0.14192824125027514,-0.04681488003521902,0.03241690512876953,-0.05955976227162668,-0.10930882676645388,0.08932863746423068,-0.18114461809377064,0.03874972485141977,0.028067356372441118,0.08972705260840855,0.004569667620515078,0.1826964560862866,0.09139995597622716,0.45328637464230687,0.2568170812238609,0.3594959278010125,0.2521813779440898,0.35260180497468635,0.023845476557340962,0.32828307285934405,0.16402817521461588,0.28718027734976886,0.2139357252916575,-0.03460048426150121,-0.1126766453885098,-0.06031476997578693,-0.2845146379044684
#52,0.2986242570988334,0.22395993836671801,0.23167950693374423,0.06692714065595422,0.16743121285494167,0.12369359454105217,0.2245476557340964,0.269405679066696,0.13059872331058772,0.3649658815760511,1.0,0.014525643847677745,-0.007237508254457407,0.16569667620515077,-0.26587057010785825,-0.23888399735857363,0.16225181598062954,0.12459828307285935,0.021003742020691173,0.20169931763152102,0.12368699097512657,0.05191503411842395,-0.08156064274708343,-0.1116685009905349,-0.0018511996478098173,0.07879815100154083,0.046977767994717146,0.09525423728813559,0.1310873871890821,0.00042703059652212196,0.08214615892581995,0.12416905128769536,0.08600044023772838,0.13337662337662337,-0.16053048646268986,-0.07715386308606648,-0.16591019150341185,-0.2142725071538631,-0.22157825225621836,-0.1584767774598283,-0.22559322033898305,0.10769755668060753,-0.23285274047985913,-0.21419546555139776,0.16291217257318952,0.05422628219238389,-0.21410961919436497,-0.1354985692273828,0.08650891481399955,-0.09723090468853181,0.03823464670922298,0.20584415584415586,0.1038102575390711,0.04052388289676425,0.15268765133171913,0.048815760510675765,0.09795509575170593,-0.03140215716486903,0.0162755888179617,-0.29776359233986355,-0.04852740479859124,0.1283248954435395,-0.17403697996918335,-0.13863086066475896,0.07530706581554039,-0.0020206911732335462,-0.034822804314329735,0.22964120625137574,0.11361655293858684,0.22327096632181379,0.18178516398855382,0.2761259079903148,-0.07237508254457407,0.04336121505613031,0.08756548536209553,0.2602949592780101,0.07921417565485363,0.1333942328857583,-0.21650231124807395,-0.2392956196346027,-0.10903587937486242,-0.05742020691173234,-0.0511666299801893,0.0785626238168611,0.16181598062953995,-0.007090028615452344,0.004021571648690293,-0.05596081884217478,-0.08539951573849879,-0.020926700418225842,-0.1346599163548316,-0.009068897204490424,-0.04469513537310148,0.11076821483601144,-0.003913713405238829,0.15638564825005502,0.05421307506053269,0.11836011446180937,-0.06819282412502752,0.19416024653312788,-0.04965661457186881,0.08895443539511336,0.030314769975786925,0.08362095531587058,-0.021276689412282633,0.016643187321153424,-0.03330838652872551,0.07285714285714286,-0.0137244111820383,0.0011600264142637023,-0.22479639005062735
#53,0.014884437596302003,-0.2779484921857803,-0.22456966762051508,-0.027653532907770197,0.34518600044023773,0.31248734316530924,-0.13413163108078363,0.1768170812238609,-0.20806515518379926,0.00613911512216597,0.014525643847677745,1.0,0.6727184679727053,0.11488663878494387,-0.20318732115342286,-0.27877173673783845,-0.028472375082544573,-0.23065155183799252,-0.2902069117323355,-0.30525643847677747,-0.057569887739379266,-0.25678626458287473,-0.0624785384107418,-0.19344486022452123,0.07449262601804975,-0.455280651551838,0.14881135813339202,0.08890160686770857,0.03097292537970504,-0.06344486022452124,-0.07907990314769976,0.08396213955535989,-0.12305084745762712,-0.0587871450583315,0.11800132071318511,-0.04007704160246533,0.024488223640766013,-0.023394232885758308,-0.12142637023992957,-0.19765573409641207,-0.10206911732335461,0.23521021351529825,-0.028340303764032578,0.05651771956856703,0.035390710983931324,-0.1025643847677746,0.08517719568567027,0.13495267444419987,0.07787365177195686,0.04579572969403478,-0.13320493066255779,-0.02792207792207792,-0.1212458727712965,-0.3163878494386969,-0.3664869029275809,-0.38356152322254017,0.09303103675985032,-0.1198811358133392,0.06709443099273608,0.07669161347127448,0.14637684349548757,-0.1868104776579353,0.20672683248954435,0.1958397534668721,0.03869029275808937,-0.22573189522342066,0.3829341844596082,0.08588157605106758,-0.0287343165309267,-0.19672243011226062,0.07797710763812458,-0.11906669601584856,0.25359454105216817,0.05518820162887959,-0.007017389390270746,-0.12241690512876953,-0.012670041822584195,-0.09812678846577151,-0.04042482940788025,-0.20411182038300682,0.2106845696676205,0.09885097952894563,-0.07500110059432093,0.4850737398195025,0.397541272287035,0.1856966762051508,-0.013739819502531368,-0.049097512656834694,0.16792648029936166,0.03270966321813779,0.3900066035659256,0.18495927801012546,0.35281752146158923,0.09030816640986132,0.06904248294078802,-0.11648910411622276,-0.26118423948932423,-0.10572529165749504,-0.1308694695135373,-0.13393572529165748,-0.10342284833810257,-0.049918556020250936,-0.25151441778560424,-0.08604666519920758,-0.07530486462689852,-0.11007484041382347,-0.1395179396874312,-0.01804094210873872,-0.03315430332379485,0.06840193704600485,0.13774598283072859
#54,-0.031404358353510894,-0.26557781201849,-0.05024873431653093,0.003594541052168171,0.13311468192824125,0.4915870570107858,0.009625797930882677,0.15541272287035,-0.12293858683689192,-0.005216817081223861,-0.007237508254457407,0.6727184679727053,1.0,0.21329297820823245,0.020994937266123708,0.12360774818401937,0.05665419326436275,-0.11510015408320493,-0.013226942548976448,-0.12191283292978208,-0.012742681047765794,0.06716927140655954,0.11202949592780101,0.1011996478098173,0.09819062293638565,-0.32066035659256,0.20154963680387408,0.19659476117103236,0.1646335020911292,0.03386748844375963,-0.08256218357913273,-0.1451419766674004,-0.05913713405238829,-0.1199471714725952,-0.040554699537750385,-0.24229583975346689,-0.04569447501650892,-0.03382566585956417,-0.16337222099933965,0.05064054589478318,0.020561303103675984,0.15951133612150561,0.07326876513317192,0.2607351970063834,0.0024631300902487343,0.13562623816861105,-0.047886858903808054,-0.07284613691393352,0.07549196566145719,0.15435395113361214,-0.14546114902047105,0.021963460268545013,0.0047193484481620075,0.05827426810477658,-0.18977767994717148,-0.14388509795289456,-0.06580013207131852,0.045340083645168394,-0.14534448602245212,0.07208672683248954,-0.09680827646929342,-0.3159674224081004,-0.00885097952894563,-0.07130750605326877,0.07061853400836451,-0.16833810257539072,0.2414703940127669,0.08343605546995378,0.12246973365617433,-0.15908430552498348,0.28043583535108957,-0.03084965881576051,0.3486044464010566,0.17779000660356592,-0.04185119964780982,-0.17993836671802774,-0.0625841954655514,-0.0030552498349108517,0.1279903147699758,0.11093110279550958,0.4560202509355052,0.40614791987673343,-0.034074400176095095,0.22829407880255337,0.29533788245652653,-0.05667180277349769,-0.16106097292537971,-0.06396434074400176,0.11944089808496589,-0.0015408320493066256,0.3152652432313449,0.02214836011446181,0.27938366718027735,-0.17105436935945412,-0.2341866607968303,0.017081223860884877,-0.08683469073299582,-0.1112326656394453,-0.1402377283733216,-0.14642526964560862,-0.01766453885097953,0.006544133832269426,-0.2607792207792208,0.03546775258639665,-0.010011005943209333,-0.03502091129209773,-0.09965881576051068,-0.1633678186220559,-0.09558881796169932,-0.195214615892582,-0.08149460708782742
#58,-0.1812722870349989,0.13222540171692715,0.043733215936605764,0.02237508254457407,-0.1113251155624037,0.3003125687871451,0.28473035439137134,0.0960642747083425,-0.0012194585075941007,0.13930442438917015,0.16569667620515077,0.11488663878494387,0.21329297820823245,1.0,0.19635483160906889,0.097475236627779,0.011708122386088487,0.08511996478098173,-0.06463350209112921,-0.05728153202729474,-0.0031234866828087167,-0.10592119744662118,0.11353510895883777,0.00475016508914814,0.14102135152982612,0.013576931543033239,0.033656174334140435,0.036986572749284616,0.3465397314549857,0.3222870349988994,0.14352850539291218,0.09860664758969843,-0.013924719348448161,0.10611490204710544,0.08821483601144618,0.122392692053709,-0.03505392912172573,0.09764252696456087,-0.20968302883557122,-0.2179550957517059,0.0848117983711204,-0.012920977327756988,-0.04382566585956416,-0.03488223640766014,-0.027153863086066477,-0.15459608188421747,-0.05551177635923399,-0.011851199647809818,0.14344926260180496,-0.016213955535989436,0.048718908210433634,0.003909311027955096,-0.06708122386088487,-0.047109839313229145,-0.0885163988553819,-0.10199647809817301,-0.05780761611270086,-0.10204270305965221,-0.09592339863526304,-0.1111270085846357,-0.06885538190622936,-0.020171692714065596,0.21248734316530926,0.006724631300902487,-0.07776139115122166,-0.04410301562843936,0.3330332379484922,0.31725511776359233,0.279240589918556,0.08361435174994497,0.26820823244552056,0.18854721549636805,0.2149900946511116,0.23950913493286374,0.2113383226942549,0.12661237068016729,0.014164648910411623,0.023006823684789787,0.23171692714065595,0.014902047105436935,0.09636803874092009,0.13165749504732555,0.03313449262601805,0.17265243231344926,0.09197226502311248,-0.023493286374642305,-0.085049526744442,0.16565925599823905,0.04115122165969624,0.13664979088707901,-0.006302003081664099,-0.06943869689632401,-0.01233546114902047,-0.12170151882016289,-0.05418666079683029,0.0841404358353511,-0.06301122606207352,-0.12129429892141756,-0.14921197446621176,-0.10334360554699537,-0.12217477437816421,0.10078582434514638,-0.05537750385208012,0.028872991415364296,0.039755668060752807,-0.08011666299801894,-0.0886616773057451,0.008443759630200309,-0.09002861545234427,-0.147046004842615,-0.17033898305084746
#101,-0.38800352190182696,-0.18163988553819063,0.08527624917455426,0.16690953114681928,-0.2525775918996258,-0.09737838432753687,-0.09942989214175654,-0.24426370239929562,-0.13174554259300023,-0.12099053488883997,-0.26587057010785825,-0.20318732115342286,0.020994937266123708,0.19635483160906889,1.0,0.6849042482940788,0.13025533788245652,0.09437816420867268,0.4550781421967863,0.16044684129429893,0.40070658155403915,0.2820559101915034,-0.012564384767774599,0.1287805414924059,0.11366938146599163,0.1555756108298481,-0.1074488223640766,-0.14021791767554478,0.11202289236187542,-0.013262161567246312,0.25004402377283735,-0.017006383447061412,0.1343825665859564,0.18816420867268324,0.12760510675764913,-0.03700858463570328,0.3533149900946511,0.37861985472154963,0.22618754127228705,0.18640325775918995,0.15800572309046884,-0.3517939687431213,0.3610169491525424,0.11863966541932644,-0.29088707902267225,-0.19363416244772177,0.07965221219458507,-0.04606207351970064,-0.2909619194364957,-0.2858221439577372,0.07171032357473035,-0.07120845256438477,-0.08312128549416685,0.026869909751265682,0.16805414924058992,0.14535329077701958,-0.31791767554479416,0.05143957737178076,-0.4585031917235307,-0.08277129650011006,-0.42934404578472374,-0.3755580013207132,0.3723024433193925,0.1900198106977768,-0.0708760730794629,2.6414263702399294e-05,0.09898745322474135,-0.10415144177856042,0.4572309046885318,0.2965969623596742,0.004699537750385208,0.10020030816640986,0.13150781421967864,-0.07534668721109399,0.01260840854061193,-0.16561963460268544,-0.3232247413603346,-0.41728153202729473,0.35729473915914595,0.33416244772176973,0.09884437596302004,0.01442659035879375,-0.12933744221879814,-0.17788025533788246,-0.47840854061193044,-0.4859476117103236,-0.4495443539511336,-0.054142637023992954,-0.0900858463570328,-0.03657715166189743,-0.26762931983270966,-0.45609509134932863,-0.23135373101474796,-0.4279000660356593,-0.36658155403918113,-0.05320272947391592,0.08927360774818402,0.04505392912172573,0.06167510455646049,-0.027043803653973145,0.00021351529826106098,0.17967862645828747,0.11563944530046225,0.2434404578472375,0.15871890821043363,0.13922738278670482,0.10138234646709222,-0.4109619194364957,-0.24677525863966543,-0.3896412062513757,-0.10272287034998899
#102,-0.29446621175434734,-0.1734932863746423,0.1323530706581554,0.03723750825445741,-0.10803874092009685,0.06215936605767114,0.07661897424609289,-0.34634602685450144,-0.07326876513317192,-0.26790887079022674,-0.23888399735857363,-0.27877173673783845,0.12360774818401937,0.097475236627779,0.6849042482940788,1.0,-0.053986352630420426,0.16938366718027734,0.41591459388069557,0.3669425489764473,0.31902267224301123,0.6264736957957296,-0.06089368258859784,0.37169711644287917,-0.08491305304864627,0.26353070658155403,-0.2349372661237068,0.10498789346246973,-0.06278450363196125,-0.04230024213075061,-0.011897424609289015,-0.18449922958397535,0.1663614351749945,0.0076997578692493945,-0.021723530706581555,-0.10820823244552058,0.15988994056790667,0.2653929121725732,0.2431322914373762,0.49213955535989434,0.08173013427250715,-0.31765133171912835,0.1846753246753247,0.2856944750165089,-0.1897754787585296,0.10197666740039621,-0.044283513097072416,-0.10961919436495708,-0.4046929341844596,-0.17324675324675326,-0.26517939687431213,-0.03927360774818402,-0.24648250055029716,0.29426810477657933,0.12728593440457847,0.3583116883116883,-0.20900286154523443,0.33863086066475895,-0.4550341184239489,0.18523882896764252,-0.5559520140876073,-0.4802025093550517,0.20600484261501212,0.15759850319172353,-0.05854061193044244,0.04782522562183579,-0.000774818401937046,-0.04078802553378825,0.37843495487563283,0.2664010565705481,0.08980629539951573,0.10144177856042262,0.2920933303984151,0.07852300242130751,0.10121065375302664,-0.07471714725952014,-0.1382786704820603,-0.14204050187101033,0.1778450363196126,0.5133414043583535,0.16954435395113363,0.14579132731675104,0.008934624697336562,-0.3509949372661237,-0.34524983491085187,-0.5831366938146599,-0.5319018269865727,-0.2531697116442879,-0.041606867708562624,-0.15639665419326437,-0.195181598062954,-0.45335020911292095,-0.18651111600264142,-0.5536869909751265,-0.5199801893022232,-0.00677525863966542,0.2448448162007484,-0.06830068236847898,0.08953995157384988,-0.14123706801672903,-0.06179837112040502,0.026097292537970503,0.09376623376623376,0.019051287695355492,0.1936583755227823,0.06652432313449262,0.07177635923398636,-0.47755007704160246,-0.2059057891261281,-0.4835329077701959,-0.1499075500770416
#201,0.30238168611049965,0.016216156724631302,0.6665397314549857,0.41598723310587715,-0.2559674224081004,0.3601826986572749,0.03307726172132952,0.13851199647809817,0.00798811358133392,0.3829143737618314,0.16225181598062954,-0.028472375082544573,0.05665419326436275,0.011708122386088487,0.13025533788245652,-0.053986352630420426,1.0,0.5306185340083646,0.19603565925599825,0.10167290336781862,0.0663548316090689,0.035591019150341185,0.23572529165749503,0.17952234206471496,0.1673299581774158,0.16891041162227602,0.19221879815100154,0.04381465991635483,0.4823860884877834,0.13718027734976887,0.44071318511996477,0.2953400836451684,0.4190644948272067,0.30424389170151883,0.12660576711424168,0.12307726172132952,0.07743341404358353,-0.14194585075941007,-0.07988553819062294,0.043651771956856704,0.02061853400836452,-0.11689632401496808,0.051820383006823685,-0.001201848998459168,-0.13105216817081225,-0.03226502311248074,0.26108518600044023,0.17254677525863968,0.04717147259520141,0.009687431212854942,0.35458727712965,0.07445520581113801,0.28226942548976447,0.10952454325335681,0.08487343165309268,0.07893022232005283,-0.3223090468853181,-0.1900528285274048,-0.22332819722650232,-0.5508452564384768,-0.13217697556680608,-0.08958177415804534,0.002423508694695135,-0.10629539951573849,0.07275808936825887,0.23366277790006604,-0.27638344706141316,-0.07688311688311689,0.17803213735417125,0.24009465111160028,0.023552718467972706,0.40314109619194366,-0.3877922077922078,0.026691613471274488,-0.45349108518600045,-0.14352410301562843,-0.42267444419986794,-0.31367598503191724,0.3010807836231565,0.08076381245872771,-0.018714505833149903,0.10758969843715606,-0.08203830068236848,0.06737838432753687,0.015828747523662777,-0.22434294519040282,-0.022755888179616993,-0.13243451463790445,-0.36009685230024213,0.20793308386528725,-0.1689324235086947,0.023805855161787366,-0.23683469073299582,-0.11360114461809377,-0.13001540832049308,0.39132731675104554,0.3358881796169932,0.5875632841734537,0.43578912612810916,0.6677701959057891,0.4689786484701739,0.6541932643627559,0.39616993176315213,0.5850033017829628,0.48265023112480737,0.432161567246313,0.5013625357693154,-0.06673783843275369,-0.2891437376183139,-0.3242857142857143,-0.3755513977547876
