,#10,#11,#12,#13,#17,#18,#26,#49,#50,#51,#52,#53,#54,#58,#101,#102,#201,#202,#301,#302,#401,#402,#501,#502,#601,#602,#701,#702,#801,#802,#901,#902,#1001,#1002,#1101,#1102,#1201,#1202,#1301,#1302,#1401,#1402,#1501,#1502,#1601,#1602,#1701,#1702,#1801,#1802,#1901,#1902,#2001,#2002,#2101,#2102,#2201,#2202,#2301,#2302,#2401,#2402,#2501,#2502,#2601,#2602,#2701,#2702,#2801,#2802,#2901,#2902,#3001,#3002,#3101,#3102,#3201,#3202,#3301,#3302,#3401,#3402,#3455,#3501,#3502,#3601,#3602,#3701,#3702,#3801,#3802,#3901,#3902,#4001,#4002,#4101,#4102,#4201,#4202,#4301,#4302,#4401,#4402,#4501,#4502,#4601,#4602,#4701,#4702,#4801,#4802
#10,1.0,0.5032027294739159,0.4701122606207352,0.6287805414924059,-0.13179837112040502,0.21372661237068016,0.23544574069997798,0.4552344265903588,0.1343297380585516,0.41419986792868146,0.5422496147919876,0.005773717807616113,0.09501871010345586,0.0874356152322254,-0.10695795729694035,0.14186220559101914,0.4871846797270526,0.38302663438256657,-0.05264142637023993,0.03955976227162668,-0.13787365177195685,-0.12737838432753687,0.13577151661897424,0.07171252476337223,-0.023306185340083645,0.020627338762931983,0.10071978868589038,0.12204490424829408,0.014116222760290557,-0.0400132071318512,0.16583314990094652,-0.0038586836891921637,0.3196588157605107,0.013145498569227382,-0.1697292537970504,-0.19248734316530927,-0.12066475896984372,-0.050171692714065595,-0.06301122606207352,0.05580893682588598,-0.24654193264362756,-0.11488883997358573,-0.17404578472375082,-0.0025753907109839313,-0.25134932863746423,-0.17001540832049306,-0.13332159366057672,0.002051507814219679,-0.15049746863306185,-0.21873871890821042,0.400939907550077,0.057462029495927804,0.03239489324235087,-0.0813119084305525,-0.16967862645828746,-0.12124807395993836,-0.4233414043583535,-0.4503235747303544,-0.1727360774818402,-0.20845916795069339,0.12378164208672683,0.08600044023772838,-0.005628439357252916,-0.07215276249174554,0.3691657495047326,0.22796830288355713,-0.023570327977107636,0.01704160246533128,0.03088267664538851,0.11330618534008365,0.27125027514858024,0.15471054369359455,-0.16677305745102355,-0.10573189522342065,-0.18130970724191064,-0.2088069557561083,0.008934624697336562,-0.014109619194364957,0.04793308386528725,0.08537530266343826,0.026687211093990755,-0.11625797930882677,-0.2830794629099714,0.002095531587057011,0.08360114461809377,0.1838498789346247,0.2158265463350209,-0.13260840854061193,-0.03193044243891702,-0.16622716266784063,-0.0187343165309267,-0.11334580673563724,-0.19690953114681928,0.1502113141096192,0.04035219018269866,0.11934624697336561,0.20271846797270526,0.45459167950693374,0.22960598723310588,0.22024873431653091,0.4416729033678186,0.37838212634822804,0.0475676865507374,0.46692934184459606,0.4021549636803874,0.292359674224081,0.3671714725952014,0.028791547435615232,-0.29302443319392474,0.11068456966762051,0.05587277129650011
#11,0.5032027294739159,1.0,0.5105591019150341,0.509702839533348,-0.16822804314329737,0.19304864626898524,0.4196588157605107,0.3777591899625798,0.546007043803654,0.6418908210433634,0.587772397094431,-0.11037420206911733,0.09864406779661017,0.23870349988994058,0.10390050627338764,0.17129650011005942,0.3265309267004182,0.2870063834470614,0.14853180717587497,0.14261281091789565,-0.061558441558441555,-0.06849218578032137,0.05307065815540392,0.13424389170151882,0.19041162227602906,-0.10558441558441559,-0.01413383226942549,0.015569007263922519,0.07181598062953995,-0.021899625797930884,0.004679727052608409,0.00738498789346247,-0.04314109619194365,-0.11202729473915915,-0.1351023552718468,-0.18213295179396874,-0.07117763592339864,-0.0712656834690733,-0.04151661897424609,0.06462249614791987,-0.16127668941228263,-0.041886418666079686,0.040939907550077044,-0.018983050847457626,-0.10715606427470835,-0.1015430332379485,-0.15697556680607527,-0.08890160686770857,-0.17354831609068896,-0.09633722209993396,0.22813779440898085,0.10122826326216157,0.06998459167950694,0.05318511996478098,-0.014563064054589478,-0.014114021571648691,-0.48673123486682807,-0.4504754567466432,-0.24469073299581773,-0.09708342504952674,-0.09988333700198107,-0.08039841514417785,-0.006982170372000881,-0.04446841294298921,0.32022672243011224,0.12768434954875632,0.011965661457186881,0.23170592119744662,0.2335659255998239,0.20941228263262163,0.4109487123046445,0.27480959718247855,-0.1499867928681488,-0.14234426590358792,-0.19384767774598283,-0.28282412502751486,-0.18402597402597404,-0.1053004622496148,0.0839291217257319,0.02324455205811138,-0.07320713185119965,-0.18392471934844817,-0.1346929341844596,0.018826766453885098,-0.07846577151661897,-0.06567246313009024,-0.13959278010125467,-0.08530266343825665,-0.0473299581774158,-0.19466872110939906,-0.04785824345146379,-0.13897864847017388,-0.1462029495927801,-0.15197446621175434,-0.0962887959498129,0.2628065155183799,0.10881796169931764,0.23714505833149901,0.08758969843715607,-0.10957076821483601,0.10965661457186882,0.12078362315650451,-0.0028989654413383225,0.1311600264142637,0.19855822143957738,-0.03522121945850759,0.04311248073959938,-0.1442196786264583,-0.26628439357252914,-0.10350209112920977,-0.07990975126568346
#12,0.4701122606207352,0.5105591019150341,1.0,0.6484679727052608,-0.06628439357252916,0.4557495047325556,0.14299141536429671,0.1704204270305965,0.12834910851860004,0.48989214175654855,0.4760378604446401,-0.38325996037860444,-0.2602333259960379,-0.1071714725952014,-0.1407902267224301,0.17716707021791767,0.5747501650891481,0.6104314329738059,-0.2656790666960159,-0.1364274708342505,0.023515298261060972,-0.015163988553819062,0.2650539291217257,0.4722738278670482,0.35572088928021134,-0.054554259300022015,0.020394012766894124,0.11815320272947391,0.1508716707021792,-0.3426854501430773,0.44664758969843715,0.02397094430992736,0.3609134932863746,-0.08106977767994718,-0.12574290116662998,-0.33190402817521464,-0.12010125467752586,-0.25418225841954656,0.1813581333920317,-0.10309267004182258,-0.1521813779440898,-0.13420206911732335,-0.1556350429231785,-0.17607968302883556,-0.08475016508914814,-0.09172793308386529,-0.27213295179396874,-0.04140876073079463,-0.12573629760070437,0.07751045564604887,0.374142637023993,0.21228263262161567,0.212425709883337,0.29350869469513535,-0.013110279550957516,0.28080123266563944,-0.3226502311248074,-0.5597248514197667,-0.2192626018049747,-0.0841404358353511,0.14213075060532687,0.07676205150781422,-0.30745762711864405,-0.24741360334580673,0.40549416685009904,0.24848778340303765,-0.2633612150561303,0.008531807175874973,-0.10600044023772838,-0.03837552278230244,0.38456526524323137,0.009975786924939467,-0.22142196786264584,-0.04649790887079023,-0.18515078142196786,-0.2616398855381906,0.0006911732335461149,0.0641470394012767,-0.009962579793088268,-0.007530266343825666,-0.19257318952234206,-0.0924719348448162,-0.21269865727492845,-0.16217477437816422,-0.03338762931983271,0.1339819502531367,0.10669161347127448,-0.044714946070878274,-0.2175280651551838,-0.19417785604226281,0.09325335681267885,-0.03190182698657275,-0.16184019370460048,0.03530926700418226,-0.05334580673563724,0.48964120625137575,0.39273387629319834,0.568168611049967,0.5095135373101475,0.11543913713405239,0.4443451463790447,0.5195597622716267,0.012007484041382346,0.43665199207572086,0.23193044243891703,0.2777790006603566,0.44318732115342285,0.15593440457847238,-0.017882456526524322,0.06694475016508915,0.012157164869029275
#13,0.6287805414924059,0.509702839533348,0.6484679727052608,1.0,-0.03854721549636804,0.29078802553378824,0.15239709443099272,0.1927756988773938,0.1674884437596302,0.6210169491525424,0.5106867708562624,-0.1741866607968303,-0.03297600704380366,0.06360994937266123,-0.14983270966321813,0.01510015408320493,0.5225952014087607,0.420297160466652,-0.017704160246533127,0.017732775698877393,-0.0890909090909091,-0.003317191283292978,0.21863306185340084,0.2285560202509355,0.2840545894783183,-0.011003742020691173,0.20617433414043584,0.27048426150121063,0.07849218578032137,-0.14389830508474577,0.27014087607307946,0.09300242130750605,0.2846665199207572,0.0011027955095751706,-0.023913713405238828,-0.2413185119964781,-0.0640215716486903,-0.05143737618313889,0.17277129650011006,0.1052080123266564,-0.0563086066475897,-0.04482720669161347,-0.0014615892581994277,-0.030856262381686112,0.04537750385208012,0.055927801012546775,-0.08065375302663438,-0.014499229583975346,0.022353070658155404,-0.007981510015408321,0.34327316751045567,0.14068236847897864,0.2506537530266344,0.21218578032137353,-0.07087387189082105,0.06586836891921638,-0.3572507153863086,-0.4171538630860665,-0.14586396654193265,0.08071758749724851,-0.12195025313669382,-0.11462029495927802,-0.16117543473475676,-0.17474136033458068,0.3812260620735197,0.13680827646929342,-0.07881576051067576,0.024006163328197227,-0.008998459167950694,0.0024587277129650012,0.2625599823904909,0.0023332599603786046,-0.36857362976007046,-0.0692493946731235,-0.26005502971604666,-0.3604116222760291,-0.22212414703940128,-0.24062073519700639,-0.02495267444419987,0.021287695355491965,-0.11803653973145499,-0.13795289456306406,-0.3337838432753687,-0.15046665199207573,0.05411402157164869,-0.11557120845256438,0.01635263042042703,-0.03717367378384327,-0.059817301342725074,-0.1916420867268325,0.14765133171912834,-0.02443319392471935,-0.0016156724631300903,-0.04943429451904028,-0.03344706141316311,0.18162447721769756,0.2987519260400616,0.5113647369579573,0.4226436275588818,0.16189742460928902,0.4603675985031917,0.3949878934624697,0.05745762711864407,0.4089984591679507,0.38999559762271624,0.2875016508914814,0.3237640325775919,-0.09044464010565706,-0.17136253576931543,-0.052905569007263925,0.0025731895223420646
#17,-0.13179837112040502,-0.16822804314329737,-0.06628439357252916,-0.03854721549636804,1.0,0.11164869029275809,-0.14942989214175656,-0.2595773717807616,0.09009465111160027,-0.025408320493066256,-0.029975786924939466,0.39306185340083644,0.10940788025533789,-0.07726172132951795,-0.1788003521901827,-0.18964780981730134,0.1799867928681488,0.0577129650011006,-0.24790226722430111,-0.2698811358133392,-0.31610829848117983,-0.23435835351089587,0.17813559322033898,0.12567686550737397,0.057208892802113144,0.07547215496368039,-0.06641426370239929,-0.22674664318732116,0.17596742240810037,0.20138674884437596,0.1766321813779441,0.22513097072419105,-0.0017499449702839532,-0.01730134272507154,0.2669931763152102,0.13784943869689634,0.051683909311027953,0.1789588377723971,-0.11718908210433635,0.052170372000880476,0.07764472815320272,0.17742460928901607,0.07097512656834691,-0.048283072859344044,0.01347127448822364,0.00787805414924059,0.01587937486242571,-0.2453268765133172,0.06829627999119525,-0.21045344486022452,-0.1713515298261061,-0.25232005282852743,-0.11442218798151002,0.022234206471494607,-0.20376843495487562,-0.0690512876953555,0.12189302223200528,0.042813119084305525,0.17227823024433195,0.17981730134272508,-0.06657715166189743,-0.030345586616773057,0.16620735197006384,0.2096059872331059,-0.3221857803213735,-0.08927360774818402,0.03648250055029716,-0.011371340523882896,-0.03852960598723311,-0.04242130750605327,-0.2163680387409201,-0.3352102135152983,-0.112557781201849,0.24588377723970944,0.0224323134492626,0.024083204930662558,-0.18348668280871672,-0.12441338322694255,0.22287695355491965,0.2523552718467973,0.06692934184459608,0.38316090688972043,-0.05498789346246973,0.2098151001540832,0.3113119084305525,0.18812458727712966,0.1882060312568787,0.19969403477878053,0.10787145058331499,0.4950275148580233,0.3528373321593661,0.37465771516618973,0.3064076601364737,0.13830728593440458,0.2315298261060973,0.08484261501210653,0.10069337442218798,-0.008527404798591239,-0.05190182698657275,-0.13577812018489985,-0.2179903147699758,0.13507153863086066,0.18011005943209332,0.00970724191063174,-0.08036759850319172,-0.08818622055910191,-0.10933964340744001,-0.054268104776579354,0.03986352630420427,0.016064274708342506,0.13815100154083204
#18,0.21372661237068016,0.19304864626898524,0.4557495047325556,0.29078802553378824,0.11164869029275809,1.0,0.14009685230024213,0.018523002421307506,0.035815540391811576,0.29729033678186223,0.14142196786264583,-0.12025533788245653,0.29581774158045343,-0.06867268324895444,-0.19178296279991194,0.1329650011005943,0.41728593440457845,0.48826766453885095,-0.27316530926700416,-0.23480739599383668,-0.18154083204930663,-0.1384041382346467,0.13766894122826326,0.24845916795069337,0.20176535329077702,0.07950253136693815,0.038723310587717365,0.014787585296059872,0.1670151882016289,-0.10874532247413603,0.5495817741580453,0.19131631080783623,0.36376183138895,0.08424609289016069,0.043955535989434295,-0.15946951353731015,0.16053709002861546,0.16032577591899627,0.08735197006383447,0.005674664318732116,-0.1736583755227823,-0.027690953114681928,-0.006376843495487563,0.09202949592780102,-0.3125159586176535,0.06915034118423949,0.049678626458287474,-0.1310081443979749,-0.13850099053488885,-0.21724191063174114,0.2646643187321153,-0.14692934184459608,0.12242130750605326,0.01921417565485362,-0.20626678406339424,0.15590138674884438,-0.29365617433414043,-0.34275368699097514,-0.17946290997138456,-0.12346907329958177,0.03785163988553819,0.05578032137354171,-0.016189742460928903,-0.03341404358353511,0.2174290116662998,0.05482720669161347,0.025758309487123047,-0.08337442218798151,-0.1560906889720449,-0.11059432093330399,0.10219238388729913,-0.12510015408320493,0.14111820383006823,0.022766894122826325,-0.04052388289676425,-0.09459388069557562,0.0909817301342725,0.10135593220338983,-0.06047985912392692,0.16420867268324896,-0.08320272947391591,0.26061633281972263,-0.22658815760510675,0.07643847677745982,0.10950253136693815,0.21121725731895225,0.013554919656614572,-0.050011005943209334,-0.13305524983491085,-0.0623860884877834,0.15491305304864628,-0.02182918776139115,-0.10372661237068016,0.10259300022011886,0.0422804314329738,0.1673299581774158,0.35032797710763813,0.5063174114021571,0.17197886858903808,0.1835395113361215,0.19567246313009024,0.5200044023772837,0.267145058331499,0.3828923618754127,0.2318401937046005,0.3767378384327537,0.31921637684349546,0.11299581774158045,-0.038652872551177636,0.02200528285274048,0.08805194805194805
#26,0.23544574069997798,0.4196588157605107,0.14299141536429671,0.15239709443099272,-0.14942989214175656,0.14009685230024213,1.0,0.3056394453004623,0.3816156724631301,0.26078802553378827,0.5330794629099714,0.014560862865947611,0.28961699317631523,0.5134998899405679,0.15945630640545894,0.21896103896103897,0.147244111820383,0.03569667620515078,0.24976887519260402,0.13057010785824344,-0.11957957296940348,-0.3291965661457187,-0.17154743561523222,-0.1847655734096412,-0.028650671362535768,-0.278580233325996,-0.1670482060312569,-0.21240149680827647,0.11788245652652432,0.011756548536209553,0.07980629539951574,-0.18466211754347348,-0.07669161347127448,-0.28826986572749286,-0.01859344045784724,0.11440457847237508,-0.08254677525863967,-0.01027294739159146,-0.20400616332819724,-0.1364274708342505,-0.18311248073959938,0.06369139335241031,-0.13701738939027075,0.06457406999779881,-0.2635747303543914,-0.189603786044464,-0.2618930222320053,-0.13783843275368698,-0.16817521461589258,-0.2799207572088928,0.03232665639445301,-0.1766696015848558,-0.1382544574069998,-0.31319172353070657,-0.11066035659255999,-0.087673343605547,-0.3112458727712965,-0.20859123926920536,-0.08617653532907771,-0.1125643847677746,0.2535505172793308,0.15633942328857584,0.07423508694695136,0.03215936605767114,0.15988333700198107,-0.09305745102355271,0.34060312568787143,0.41635703279771075,0.2776645388509795,0.20565925599823906,0.41468412942989213,0.2695509575170592,0.24336561743341403,0.19195685670261942,0.2076865507373982,0.1370746202949593,0.20034778780541493,0.15481840193704602,0.027574290116662997,0.07464450803433854,0.07824125027514858,-0.07192163768434955,-0.035630640545894786,0.15269865727492846,0.09316310807836231,0.13863966541932643,0.044690732995817745,-0.17712965001100595,-0.07399955976227163,-0.21800352190182698,-0.38399735857362977,-0.1161237068016729,-0.30782082324455207,0.04868589038080563,0.0361038961038961,-0.08000880475456747,-0.015734096412062512,-0.0639489324235087,-0.21623376623376622,0.04941008144397975,0.028529605987233107,-0.022410301562843935,-0.19193484481620074,0.0019106317411402157,0.14718908210433634,0.0687079022672243,-0.04406119304424389,0.14410521681708122,-0.052205591019150344,0.04861325115562404,0.13443099273607748
#49,0.4552344265903588,0.3777591899625798,0.1704204270305965,0.1927756988773938,-0.2595773717807616,0.018523002421307506,0.3056394453004623,1.0,0.3618005723090469,0.23373541712524765,0.46392471934844814,0.008789346246973365,-0.005247633722209993,0.23898084965881575,0.06988553819062293,0.12476117103235747,0.08906889720449042,-0.003262161567246313,0.15731234866828087,0.20931322914373762,-0.05328417345366498,-0.16715826546335022,-0.2419260400616333,-0.07887519260400616,-0.32069997798811356,-0.25982390490865065,-0.06966541932643627,-0.008776139115122166,-0.023321593660576713,0.1335725291657495,-0.13886198547215498,-0.24256658595641648,0.18138014527845037,0.011415364296720229,-0.3910631741140216,0.07670482060312568,-0.10489984591679508,-0.0022870349988994058,-0.18977988113581334,-0.2192604006163328,-0.09426150121065376,0.024631300902487344,-0.027340964120625137,0.2233370019810698,-0.3905370900286155,-0.38292758089368256,-0.06997798811358133,0.12099053488883997,-0.02521681708122386,-0.1403499889940568,0.2489786484701739,-0.12759189962579792,-0.12128109178956636,-0.14528945630640547,0.1703037640325776,-0.03484041382346467,-0.35020911292097734,-0.24118423948932424,-0.29930002201188644,-0.3670085846357033,0.12704160246533128,0.10129650011005943,0.156715826546335,0.15598943429451903,0.235346687211094,0.16266784063394232,-0.025965221219458507,0.139867928681488,0.19307946290997138,0.1626502311248074,0.11081664098613252,0.21930882676645388,0.14786704820603125,0.007552278230244332,0.14853841074180058,0.049561963460268546,0.04147919876733436,-0.0324653312788906,-0.10898305084745763,0.053922518159806296,-0.07010125467752587,-0.1538102575390711,-0.09558661677305745,0.2558859784283513,-0.2671802773497689,0.23699537750385208,-0.004701738939027074,-0.14712084525643848,-0.005296059872331059,-0.27147259520140876,-0.213284173453665,-0.2410939907550077,-0.3125027514858023,-0.05561963460268545,-0.14708562623816862,-0.10421747743781642,0.04315430332379485,0.05022672243011226,-0.015230024213075061,0.14061853400836452,0.2861633281972265,0.026539731454985692,-0.1607373981950253,0.057706361435175,4.842615012106537e-05,0.12771076381245872,0.17261941448382126,0.004987893462469734,0.10303323794849219,0.011021351529826105,-0.12745322474136034
#50,0.1343297380585516,0.546007043803654,0.12834910851860004,0.1674884437596302,0.09009465111160027,0.035815540391811576,0.3816156724631301,0.3618005723090469,1.0,0.3872044904248294,0.4696962359674224,0.17525643847677747,0.23242130750605328,0.3152982610609729,0.32517939687431213,0.19498789346246972,0.23371340523882897,0.1199735857362976,0.3379506933744222,0.21862645828747523,-0.00898084965881576,-0.17646268985252037,0.012707462029495927,0.030294959278010125,0.04713185119964781,-0.12360334580673564,-0.1298943429451904,-0.30088267664538854,0.07763812458727713,0.06946511116002642,-0.12622055910191504,-0.06532907770195906,-0.15113801452784503,-0.22694034778780542,-0.024105216817081224,0.10415804534448603,0.13570768214836013,0.10030156284393572,-0.03706581554039181,-0.08445520581113801,-0.01593880695575611,0.09704820603125688,0.27538410741800573,0.1968567026194145,-0.09425709883337002,-0.0861567246313009,-0.04936385648250055,-0.19329738058551618,-0.22209333039841514,-0.25338542813119086,-0.08935064935064935,-0.13906229363856482,-0.17365617433414043,-0.028699097512656833,0.16254017169271406,-0.002588597842835131,-0.459438696896324,-0.21976007043803655,-0.4041052168170812,-0.27966982170372,-0.22088707902267224,-0.20265903587937487,0.2360576711424169,0.14250935505172793,-0.05785163988553819,-0.11756328417345366,0.16011005943209333,0.31315430332379485,0.3906075280651552,0.2943253356812679,0.19659696235967422,0.2956196346026855,0.12165969623596742,-0.06030376403257759,0.13095311468192825,0.023486682808716706,-0.1402113141096192,-0.19248734316530927,0.17479639005062733,0.15558881796169932,0.06001540832049307,-0.10293418445960818,-0.04436715826546335,0.270363196125908,0.21586836891921637,-0.09576931543033237,-0.2635417125247634,-0.18501210653753028,-0.12911512216596963,-0.05158265463350209,0.049608188421747745,-0.08564384767774598,-0.08821043363416245,-0.2957891261281092,-0.15697776799471716,0.09683689192163769,0.2419832709663218,-0.02823464670922298,-0.034741360334580675,-0.16709883337001982,-0.06320052828527405,-0.029031476997578694,-0.03693814659916355,0.06169271406559542,0.03980409421087387,-0.11534668721109399,-0.16836231565045123,-0.18113801452784503,-0.2059057891261281,-0.31566145718688093,-0.2026700418225842
#51,0.41419986792868146,0.6418908210433634,0.48989214175654855,0.6210169491525424,-0.025408320493066256,0.29729033678186223,0.26078802553378827,0.23373541712524765,0.3872044904248294,1.0,0.5221241470394012,-0.05524103015628439,0.15166409861325117,0.18084745762711865,-0.0766255778120185,0.008901606867708562,0.46454545454545454,0.24401496808276468,0.04271846797270526,-0.01702839533348008,-0.14897644728153203,-0.07945850759410081,0.06306405458947832,0.10724191063174114,0.25871230464450806,-0.14050187101034559,0.3032819722650231,0.23814659916354833,0.014563064054589478,-0.037977107638124584,0.031138014527845037,-0.01476997578692494,0.1399405679066696,0.005687871450583315,-0.008476777459828307,-0.253563724411182,-0.12436935945410521,-0.03573189522342065,0.10438256658595642,0.07344706141316311,0.05147259520140876,0.01,0.00488663878494387,-0.050314769975786926,0.002082324455205811,-0.06502091129209774,0.12485582214395774,0.0947985912392692,0.2503169711644288,0.07290336781862206,0.2683270966321814,0.049401276689412285,0.38457186880915695,0.13403257759189963,-0.09817301342725071,-0.028113581333920317,-0.3739951573849879,-0.4410521681708122,-0.14406999779881136,-0.012463130090248735,-0.2164472815320273,-0.18216376843495488,-0.07440237728373321,-0.04675544794188862,0.3698899405679067,0.09333259960378605,-0.035049526744442,0.11110939907550077,0.12023332599603787,0.011325115562403698,0.24833590138674885,0.07392692053709003,-0.30618093770636146,-0.21254677525863966,-0.3275544794188862,-0.4546973365617433,-0.34043143297380585,-0.3021307506053269,-0.01262161567246313,-0.07977327756988774,-0.014375963020030816,-0.13275368699097512,-0.2657561082984812,-0.024118423948932422,-0.10339203169711644,-0.16727933083865287,-0.10130970724191063,-0.0022694254897644727,-0.002722870349988994,-0.18413823464670923,0.06829627999119525,-0.04909531146819283,-0.07526964560862866,-0.16563284173453666,-0.07592119744662118,0.2061963460268545,0.11199647809817301,0.32021131410961917,0.30174554259300024,0.015987233105877175,0.23372881355932204,0.20985252036099494,0.03081223860884878,0.17209993396434076,0.1688333700198107,0.09440677966101695,0.13875852960598722,-0.2625027514858023,-0.23228483381025755,-0.20256878714505833,-0.09790226722430112
#52,0.5422496147919876,0.587772397094431,0.4760378604446401,0.5106867708562624,-0.029975786924939466,0.14142196786264583,0.5330794629099714,0.46392471934844814,0.4696962359674224,0.5221241470394012,1.0,0.0076997578692493945,0.1173299581774158,0.24279771076381246,0.05331278890600925,0.21632401496808276,0.3506097292537971,0.31300682368478977,0.14550517279330838,0.15293418445960819,-0.14072198987453224,-0.12601364736957957,0.11183799251595862,0.047466431873211534,0.09030156284393573,-0.1617257318952234,-0.039031476997578696,0.013407440017609509,0.10693594541052168,-0.10567246313009025,0.1284569667620515,-0.10677966101694915,0.2059652212194585,-0.20513317191283292,-0.15480959718247853,-0.10765133171912833,-0.13462909971384548,-0.10740920096852301,-0.02263482280431433,-0.16823684789786486,-0.11088487783403038,0.04674224081003742,-0.040451243671582655,0.11720889280211313,-0.07548316090688972,-0.09124147039401277,-0.20050187101034558,-0.10094430992736078,-0.19604226282192383,-0.15380805635042924,0.14457627118644067,0.03065375302663438,-0.01920757208892802,0.029491525423728814,-0.07069557561082984,0.00023772837332159365,-0.46293638564825007,-0.36675544794188863,-0.2642769095311468,-0.11266784063394233,-0.017572088928021132,0.07443979749064494,-0.009903147699757869,-0.05514417785604226,0.23267444419986794,0.12782082324455205,0.16669601584855823,0.284719348448162,0.24627779000660358,0.16786484701738938,0.3823706801672903,0.15276469293418446,-0.0512392692053709,-0.0461699317631521,-0.054968082764692935,-0.11762271626678407,-0.08969843715606428,-0.07790006603565926,0.11545014307726172,0.18307946290997137,0.08300242130750606,-0.1365001100594321,-0.32431432973805857,0.08011446180937706,0.04486682808716707,0.021111600264142636,0.012203389830508475,-0.14272066916134712,-0.11386748844375963,-0.19412062513757428,-0.03410081443979749,-0.10491965661457187,-0.16923398635263043,-0.09047325555800131,-0.09025313669381466,0.11598723310587718,0.27193704600484264,0.16863746423068457,0.24144838212634823,0.00863746423068457,0.22108958837772397,0.2587343165309267,-0.03814659916354832,0.1806867708562624,0.19326216156724632,0.12552058111380146,0.14312128549416686,-0.04724411182038301,-0.1300462249614792,-0.099636803874092,-0.06275808936825886
#53,0.005773717807616113,-0.11037420206911733,-0.38325996037860444,-0.1741866607968303,0.39306185340083644,-0.12025533788245653,0.014560862865947611,0.008789346246973365,0.17525643847677747,-0.05524103015628439,0.0076997578692493945,1.0,0.46065375302663436,0.2212326656394453,0.15106537530266345,-0.07955976227162667,-0.0672243011226062,-0.15354831609068897,0.09689412282632621,0.015797930882676645,-0.19499889940567908,-0.15379925159586177,0.1449570768214836,-0.1856020250935505,-0.18919876733436056,0.20328197226502312,-0.032064714946070876,-0.2548250055029716,0.0750231124807396,0.38607968302883555,-0.12778120184899847,0.05716707021791768,-0.06704600484261501,0.06801012546775259,0.2965639445300462,0.07571208452564385,0.28597622716266785,0.3812524763372221,-0.04546555139775479,0.14415804534448604,0.16106097292537971,0.2715232225401717,0.22439797490644947,0.032703059652212194,0.1022672243011226,0.07198987453224741,0.24755007704160248,-0.1325643847677746,-0.016636583755227825,-0.2845938806955756,-0.059667620515078144,-0.3109333039841514,-0.1716266784063394,-0.11661016949152542,0.06718908210433634,-0.04210213515298261,-0.046834690732995815,0.2307043803653973,-0.10327316751045565,-0.10058991855602024,-0.2483381025753907,-0.22558001320713186,0.3990380805635043,0.33310367598503193,-0.3239005062733876,-0.22794188861985473,0.15258199427690952,0.050854061193044246,0.10974466211754347,0.061857803213735414,-0.24718247853841074,0.011844596081884217,0.1737574290116663,0.0896632181377944,0.15373981950253138,0.0901716927140656,-0.1475941008144398,-0.28977327756988774,0.28168390931102794,0.3767356372441118,0.3838828967642527,0.3632555580013207,-0.10902047105436936,0.3662557781201849,0.2920493066255778,-0.11811358133392032,-0.1479969183359014,0.22895443539511337,0.31946731234866826,0.48606207351970065,0.12447941888619855,0.05292537970504072,0.15539951573849878,-0.15490865067136253,-0.05212854941668501,-0.2523090468853181,0.09239269205370901,-0.08480299361655294,-0.2124191063174114,0.037142857142857144,-0.21475016508914813,-0.018813559322033897,0.09950913493286374,-0.004862425709883337,-0.039176755447941886,-0.0501584855822144,-0.24426810477657934,-0.22963900506273388,-0.225874972485142,-0.27914593880695576,-0.07591679506933745
#54,0.09501871010345586,0.09864406779661017,-0.2602333259960379,-0.03297600704380366,0.10940788025533789,0.29581774158045343,0.28961699317631523,-0.005247633722209993,0.23242130750605328,0.15166409861325117,0.1173299581774158,0.46065375302663436,1.0,0.3626436275588818,0.16153202729473917,0.001292097732775699,-0.040847457627118645,-0.0801518820162888,0.1570592119744662,0.09332159366057671,-0.22213735417125247,-0.2597490644948272,-0.039016068677085625,-0.22226942548976447,0.008443759630200309,0.07267884657715167,-0.04213295179396874,-0.15816420867268324,-0.01337442218798151,0.3257627118644068,-0.02862425709883337,0.13125467752586398,-0.09821483601144618,-0.16569227382786705,0.21502531366938146,0.04661237068016729,0.20078582434514639,0.339405679066696,-0.16312568787145057,0.12915254237288135,-0.03639225181598063,0.1224058991855602,0.14007484041382345,0.19096632181377943,-0.11023772837332159,0.08689852520360995,0.12595641646489103,-0.11466651992075722,-0.148300682368479,-0.3825687871450583,0.0337376183138895,-0.24339643407440018,-0.17556680607528066,-0.298168611049967,-0.12265903587937486,-0.10142637023992956,-0.2527756988773938,0.07438476777459828,-0.0950957517059212,-0.02543693594541052,-0.16850099053488884,-0.08456966762051508,0.4076843495487563,0.2588003521901827,-0.25944309927360776,-0.28911952454325335,0.41972044904248296,0.1662029495927801,0.1770327977107638,0.05997578692493947,0.0007770195905789126,0.12789346246973365,0.24134052388289676,-0.056198547215496365,0.07645608628659475,0.00801452784503632,-0.1583843275368699,-0.20018710103455867,0.2286418666079683,0.27450143077261724,0.3496808276469293,0.21824345146379046,0.06156724631300903,0.39979088707902266,0.3736825885978428,-0.1258485582214396,-0.12076821483601144,-0.2593132291437376,0.029289016068677086,0.23662117543473477,0.09285494166850099,0.03313669381465992,0.06782302443319392,-0.0999735857362976,0.07089808496588157,-0.24196786264582876,0.09278450363196127,0.04276909531146819,-0.25859123926920535,0.21952674444199868,-0.1715430332379485,0.007224301122606207,0.1238432753686991,0.1313119084305525,0.22244992295839752,0.09833149900946511,-0.14322474136033458,-0.11410081443979748,-0.3580475456746643,-0.20936825885978427,0.0864274708342505
#58,0.0874356152322254,0.23870349988994058,-0.1071714725952014,0.06360994937266123,-0.07726172132951795,-0.06867268324895444,0.5134998899405679,0.23898084965881575,0.3152982610609729,0.18084745762711865,0.24279771076381246,0.2212326656394453,0.3626436275588818,1.0,0.29574290116663,0.07421087387189082,-0.13923838872991415,-0.15368919216376845,0.448432753686991,0.3089368258859784,-0.08965441338322694,-0.23305965221219457,-0.30535769315430333,-0.41132071318512,0.01826766453885098,-0.19606867708562623,-0.27044023772837333,-0.3330486462689852,-0.03633942328857583,0.2173299581774158,-0.13054589478318293,-0.057616112700858466,-0.023819062293638563,-0.02331499009465111,0.14785163988553818,0.28966762051507816,0.2889830508474576,0.28176755447941887,-0.12744441998679287,0.007030596522121946,0.03720889280211314,0.12875852960598724,0.19429011666299803,0.17489324235086948,-0.2635086946951354,-0.249471714725952,-0.008551617873651772,-0.04546555139775479,-0.014921857803213735,-0.3346753246753247,0.028036539731454986,-0.27875852960598724,-0.32069997798811356,-0.3600264142637024,0.001201848998459168,0.10876293198327097,-0.362260620735197,0.044058991855602025,-0.1911798371120405,-0.20540171692714065,0.2409421087387189,0.04408100374202069,0.35195465551397753,0.2576865507373982,-0.18944970283953336,-0.1848448162007484,0.4789786484701739,0.47795289456306406,0.5083447061413163,0.3784833810257539,0.2797226502311248,0.4509112920977328,0.3645740699977988,0.13140876073079463,0.407970504072199,0.19941888619854722,0.18361655293858684,-0.0651353731014748,-0.10702839533348008,0.10195465551397755,0.17405458947831828,-0.17636363636363636,-0.060920096852300244,0.26057671142416905,0.0798415144177856,0.08126348228043143,-0.043552718467972706,-0.1725841954655514,0.0035835351089588377,-0.02560642747083425,-0.1888399735857363,-0.19945630640545894,-0.2466850099053489,-0.14826546335020913,-0.15732335461149022,-0.23304864626898525,0.030457847237508256,-0.14959057891261282,-0.2816861104996698,0.192062513757429,0.026429672022892363,-0.11943209333039842,-0.16801672903367817,0.0737574290116663,0.2164076601364737,0.16750385208012328,0.008298481179837112,0.2157076821483601,-0.07394012766894123,-0.11477657935285054,-0.08884217477437817
#101,-0.10695795729694035,0.10390050627338764,-0.1407902267224301,-0.14983270966321813,-0.1788003521901827,-0.19178296279991194,0.15945630640545894,0.06988553819062293,0.32517939687431213,-0.0766255778120185,0.05331278890600925,0.15106537530266345,0.16153202729473917,0.29574290116663,1.0,0.6161655293858683,-0.12941008144397975,-0.13628659476117103,0.6890248734316531,0.6010367598503191,0.5647083425049527,0.26413603345806735,-0.12574069997798812,-0.02972705260840854,0.12817081223860885,-0.1990578912612811,-0.44718247853841075,-0.546931543033238,0.03769535549196566,-0.21453444860224521,-0.1368677085626238,-0.3335659255998239,-0.4214175654853621,-0.38120184899845916,-0.08405238828967643,0.1333017829627999,0.302656834690733,0.02943649570768215,0.07377283733215936,-0.19081443979749063,-0.04568346907329958,-0.037785604226282195,0.2678824565265243,0.3466718027734977,-0.07436715826546335,-0.0336517719568567,-0.3512722870349989,-0.3048954435395113,-0.4783050847457627,-0.33321373541712523,-0.40318952234206473,-0.2577349768875193,-0.4754325335681268,-0.1733281972265023,0.6024345146379044,0.31859123926920535,-0.36435395113361213,0.18441338322694256,-0.5465221219458508,-0.5488839973585736,-0.20673783843275367,-0.2108122386088488,0.18248734316530926,0.00798811358133392,-0.20958177415804535,-0.03397754787585296,0.32514417785604227,0.5471076381245873,0.7168126788465772,0.616302003081664,0.4657649130530486,0.6535174994497028,0.469306625577812,-0.05370900286154524,0.44537310147479636,0.18160466651992077,0.2156944750165089,-0.008278670482060312,0.37934844816200747,0.05983270966321814,0.14012106537530267,-0.22947391591459387,0.1941668500990535,0.13411622276029056,0.12679727052608408,-0.33150121065375304,-0.5855822143957737,-0.31599603786044467,-0.297409200968523,-0.17325335681267884,-0.18991195245432532,-0.5148228043143297,-0.40033237948492184,-0.6290534888839974,-0.527556680607528,0.05042703059652212,0.12435395113361215,-0.32123486682808716,-0.2719590578912613,-0.09683248954435394,-0.28438476777459826,-0.29019590578912613,-0.3294453004622496,-0.08617433414043583,0.05671582654633502,-0.12476777459828307,-0.1544287915474356,0.08150561303103676,-0.21172353070658156,-0.5095795729694035,-0.39186220559101914
#102,0.14186220559101914,0.17129650011005942,0.17716707021791767,0.01510015408320493,-0.18964780981730134,0.1329650011005943,0.21896103896103897,0.12476117103235747,0.19498789346246972,0.008901606867708562,0.21632401496808276,-0.07955976227162667,0.001292097732775699,0.07421087387189082,0.6161655293858683,1.0,0.05307726172132952,0.27286594761171035,0.3719326436275589,0.444851419766674,0.371089588377724,0.3425974025974026,-0.10366057671142417,0.16989214175654854,0.09277349768875193,0.045863966541932644,-0.4194408980849659,-0.4053664979088708,0.10421307506053269,-0.2542328857583095,0.11646268985252035,-0.17029936165529386,-0.14396213955535989,-0.297244111820383,-0.1427360774818402,-0.08153642967202289,0.07320052828527404,0.08299581774158045,-0.10425049526744443,-0.05267444419986793,-0.24445520581113803,-0.18746643187321155,0.05791767554479419,0.46008804754567467,-0.403812458727713,0.03031697116442879,-0.38643847677745985,-0.2518666079683029,-0.5380827646929341,-0.2692890160686771,-0.18123486682808718,-0.19322914373761832,-0.43043803653973145,-0.13002861545234426,0.2909465111160026,0.37056570548095974,-0.4762227602905569,-0.08896103896103896,-0.5465221219458508,-0.5318688091569448,-0.1730178296279991,-0.1855491965661457,0.02277129650011006,-0.053055249834910855,0.08670482060312569,0.1461501210653753,0.18886198547215496,0.378465771516619,0.5078978648470174,0.6264979088707903,0.6144904248294079,0.568994056790667,0.46529385868368917,-0.020257539071098393,0.2353070658155404,0.16564384767774598,0.31037640325775917,0.17364076601364736,0.17129429892141756,0.19307726172132952,0.0064891041162227605,-0.24624697336561743,-0.03969403477878054,-0.14330398415144177,0.21188421747743783,-0.1982588597842835,-0.4747479639005063,-0.38049966982170375,-0.2832489544353951,-0.4321571648690293,-0.22372000880475457,-0.5426920537090029,-0.5998745322474136,-0.350675764913053,-0.3773277569887739,0.2581818181818182,0.3137728373321594,0.0436781862205591,0.04532027294739159,0.019451904028175215,-0.027406999779881137,-0.016678406339423288,-0.1163812458727713,0.2662909971384548,0.2787343165309267,0.2040611930442439,0.19220338983050847,0.10203169711644287,-0.10520581113801453,-0.2844375963020031,-0.23116222760290556
#201,0.4871846797270526,0.3265309267004182,0.5747501650891481,0.5225952014087607,0.1799867928681488,0.41728593440457845,0.147244111820383,0.08906889720449042,0.23371340523882897,0.46454545454545454,0.3506097292537971,-0.0672243011226062,-0.040847457627118645,-0.13923838872991415,-0.12941008144397975,0.05307726172132952,1.0,0.582722870349989,-0.30558881796169934,-0.30858463570327976,-0.14432753686990976,-0.24244772176975568,0.4110301562843936,0.2884239489324235,0.4541008144397975,0.09565485362095531,0.2451551837992516,-0.039229583975346684,0.20933964340744002,-0.18489544353951134,0.37445300462249614,0.2690534888839974,0.22337222099933965,-0.09021351529826106,0.06763812458727712,-0.20055690072639226,-0.0017081223860884879,-0.1397622716266784,0.16830508474576272,0.0025974025974025974,-0.20526304204270307,-0.1914439797490645,-0.1356548536209553,-0.19305084745762713,-0.03537310147479639,-0.03488003521901827,-0.08472154963680388,-0.20205370900286154,-0.11701518820162889,-0.19659916354831608,0.034512436715826544,-0.15120405018710104,0.2499207572088928,0.06528285274047986,-0.04092449922958397,-0.0016971164428791548,-0.11979969183359014,-0.6142482940788025,0.024891041162227602,-0.0224785384107418,-0.10368258859784284,-0.0009553158705701078,-0.10024873431653093,-0.10190622936385649,0.4226370239929562,0.09261941448382126,-0.20106317411402158,-0.1258265463350209,-0.09774598283072859,-0.07073079462909972,0.21419546555139776,-0.08558881796169931,-0.33589478318291877,-0.0774290116662998,-0.31328197226502313,-0.3477129650011006,-0.1318798151001541,0.059920757208892804,0.2599207572088928,0.06954655513977548,-0.06477217697556681,0.04208012326656394,-0.14365397314549858,0.07274708342504953,0.1484635703279771,0.080132071318512,0.11983711204050188,-0.05896984371560643,-0.14303543913713404,-0.05147479639005063,0.12784283513097072,0.06549856922738279,-0.02766453885097953,0.1045410521681708,0.13530926700418225,0.5648602245212415,0.35604226282192386,0.39703720008804755,0.2194122826326216,-0.09451463790446842,0.1301782962799912,0.5179881135813339,0.16241470394012766,0.2631388950033018,0.18271186440677967,0.11360774818401936,0.04094210873871891,-0.11772397094430993,-0.24036539731454987,-0.0112326656394453,0.0936583755227823
