,#10,#11,#12,#13,#17,#18,#26,#49,#50,#51,#52,#53,#54,#58,#101,#102,#201,#202,#301,#302,#401,#402,#501,#502,#601,#602,#701,#702,#801,#802,#901,#902,#1001,#1002,#1101,#1102,#1201,#1202,#1301,#1302,#1401,#1402,#1501,#1502,#1601,#1602,#1701,#1702,#1801,#1802,#1901,#1902,#2001,#2002,#2101,#2102,#2201,#2202,#2301,#2302,#2401,#2402,#2501,#2502,#2601,#2602,#2701,#2702,#2801,#2802,#2901,#2902,#3001,#3002,#3101,#3102,#3201,#3202,#3301,#3302,#3401,#3402,#3455,#3501,#3502,#3601,#3602,#3701,#3702,#3801,#3802,#3901,#3902,#4001,#4002,#4101,#4102,#4201,#4202,#4301,#4302,#4401,#4402,#4501,#4502,#4601,#4602,#4701,#4702,#4801,#4802
#10,1.0,0.41728813559322037,0.35211314109619196,0.343992956196346,0.06709222980409421,0.10303543913713405,0.10709663218137794,0.49813119084305524,0.4550583314990095,0.5209663218137794,0.2324719348448162,0.28208672683248953,0.3169403477878054,0.09308606647589698,-0.4055580013207132,-0.28537530266343825,0.49433414043583535,0.3517719568567026,-0.38118423948932423,-0.2544177856042263,-0.3956350429231785,-0.22944970283953334,0.17508034338542813,-0.1384899845916795,0.12860004402377284,-0.013101474796390051,0.3064582874752366,0.25439577371780764,0.051314109619194366,0.07043803653973145,0.12429672022892362,0.028978648470173896,0.12813779440898085,0.08924719348448162,-0.16776139115122166,-0.012047105436935945,-0.22863746423068457,-0.12102355271846797,0.041133612150561306,-0.026026854501430774,0.14194144838212636,-0.17198327096632182,-0.06070438036539731,-0.24721549636803875,0.20327977107638123,-0.3287981510015408,0.2643715606427471,0.12125027514858024,0.24419766674003962,0.10049306625577813,0.33508474576271186,0.059938366718027734,0.31773717807616114,0.14579132731675104,0.02421747743781642,-0.07168170812238608,-0.022414703940127668,-0.2705745102355272,-0.08677745982830729,-0.22687431212854942,-0.35195465551397753,-0.027924279110719787,-0.09526304204270306,-0.1977922077922078,0.2840501871010346,0.06125027514858023,-0.09205811138014527,0.1699933964340744,-0.23639225181598064,-0.23145718688091568,0.061569447501650894,0.21916574950473255,-0.28805855161787364,-0.27088487783403037,-0.38044464010565704,-0.24007484041382346,-0.3611798371120405,-0.17239709443099274,0.06279110719788686,-0.09049526744441999,-0.0002817521461589258,-0.13364296720228924,0.13472154963680388,0.13331719128329297,0.03383226942548977,0.11314769975786924,0.043955535989434295,-0.13331499009465111,0.0003345806735637244,-0.11710763812458727,-0.08180937706361435,0.11823684789786484,0.1687475236627779,-0.1309024873431653,0.01088928021131411,0.21833370019810697,0.17028395333480079,0.43449482720669164,0.2786572749284614,0.47540171692714067,0.31873211534228485,0.38487563284173454,0.040132071318512,0.3752652432313449,0.09217257318952234,0.14655293858683688,0.18007043803653974,-0.15771736737838432,-0.3881003742020691,-0.14310807836231565,-0.27905569007263925
#11,0.41728813559322037,1.0,0.15511776359233986,0.049044684129429895,0.19734756768655073,-0.2477790006603566,0.4555712084525644,0.3746687211093991,0.3522298040942109,0.2997710763812459,0.38825005502971605,0.18295839753466872,0.13109839313229144,0.18876293198327096,-0.23545014307726173,0.11407880255337882,0.15293198327096633,0.3241954655513978,-0.296187541272287,-0.14429451904028176,-0.27055910191503413,-0.024375963020030818,0.027699757869249393,-0.018421747743781643,0.04452344265903588,0.03256658595641646,-0.17266784063394233,0.0007770195905789126,0.03927140655954215,-0.0734866828087167,0.10130310367598504,0.20937486242570988,0.0711534228483381,0.163185119964781,0.1173563724411182,-0.023046445080343387,-0.14581113801452786,-0.03517939687431213,-0.06778780541492406,0.15488663878494388,0.11882236407660136,0.1024719348448162,-0.1908694695135373,-0.14442438917015188,0.053543913713405236,-0.04621835791327317,0.01802773497688752,-0.050510675764913054,-0.21335241030156285,-0.17631300902487343,-0.07658595641646489,0.014840413823464672,0.0022254017169271406,0.11036539731454986,0.08476117103235747,-0.010484261501210655,-0.1470680167290337,-0.03974686330618534,-0.32016288795949815,-0.1010015408320493,-0.06063614351749945,0.10921417565485363,-0.018393132291437377,-0.12113141096191944,0.08518820162887959,0.09243671582654633,0.04683248954435395,0.3093220338983051,0.05181157825225622,0.08046445080343385,0.25528725511776357,0.270726392251816,0.06573629760070437,0.0338300682368479,-0.09569887739379265,0.01636583755227823,-0.03424609289016069,0.003246753246753247,0.0887409200968523,0.12536429672022892,-0.037079022672243014,-0.107706361435175,0.09282632621615672,0.17372000880475458,0.13701078582434514,-0.007437816420867268,0.019674224081003742,-0.2668589038080563,-0.009062293638564825,-0.15206251375742902,-0.032126348228043146,-0.02539951573849879,-0.008313889500330178,0.031287695355491967,-0.21018269865727493,0.16615452344265905,0.17917235307065815,0.1251023552718468,0.11882896764252697,0.07455646048866388,-0.0698415144177856,0.1913977547875853,0.10938586836891921,0.18772397094430993,0.09433854281311908,0.1263152102135153,0.115049526744442,0.018265463350209114,0.10977988113581334,-0.05671142416905129,-0.23718247853841073
#12,0.35211314109619196,0.15511776359233986,1.0,0.44537310147479636,0.08160026414263702,0.13139555359894342,0.10455425930002202,0.1947919876733436,0.27615232225401715,0.49393572529165747,0.33839313229143736,0.035454545454545454,0.3697952894563064,0.19063614351749944,-0.21265903587937487,-0.41471714725952014,0.6244441998679287,0.6815408320493066,-0.3096764252696456,-0.546997578692494,-0.46126128109178954,-0.4879837112040502,0.35724191063174116,-0.3296412062513757,0.3884569667620515,-0.29650231124807397,0.3718115782522562,0.12139555359894343,0.3860004402377284,0.15798151001540833,0.4052630420427031,0.3430728593440458,0.4760444640105657,0.4353731014747964,-0.08821703720008804,-0.10849218578032137,-0.31708782742681046,-0.2292207792207792,0.1989786484701739,0.046552938586836894,0.2676975566806075,-0.12197666740039621,-0.11622716266784064,-0.33120405018710103,0.30593000220118866,-0.3612722870349989,0.23510675764913053,0.06939247193484481,0.408547215496368,0.26958177415804535,0.4922408100374202,0.1582984811798371,0.480363196125908,-0.023378824565265244,-0.06076821483601145,-0.03492626018049747,-0.11834470614131631,-0.42434074400176097,-0.08730574510235527,-0.4493748624257099,-0.5212678846577151,-0.15204710543693595,-0.2356174334140436,-0.2101584855822144,0.33401056570548093,0.12923618754127228,0.07018710103455866,0.20078802553378824,-0.18419986792868148,-0.3620162887959498,0.3511027955095752,0.2362557781201849,-0.19252916574950474,-0.024508034338542813,-0.5040523882896765,-0.21821703720008806,-0.29480739599383665,-0.37667620515078143,0.11764913053048646,-0.1857010785824345,0.11766453885097952,-0.13407660136473695,-0.11780761611270085,0.30456966762051507,-0.1582940788025534,-0.04388069557561083,-0.06324235086946951,0.08328417345366498,-0.055348888399735854,-0.0574356152322254,0.0400528285274048,0.12410301562843935,0.19707462029495929,-0.1386880915694475,-0.0009487123046445081,0.5375236627779001,-0.02083645168390931,0.667985912392692,0.4547017389390271,0.4185296059872331,0.555841954655514,0.5714703940127669,0.297574290116663,0.5605591019150341,0.46658815760510675,0.5054303323794849,0.4517059211974466,-0.2032951793968743,-0.11182918776139116,-0.1614373761831389,-0.05228923618754127
#13,0.343992956196346,0.049044684129429895,0.44537310147479636,1.0,0.0775148580233326,0.28314109619194366,0.0007528065155183799,0.146847897864847,0.14958177415804536,0.5719876733436056,0.10389170151882016,0.27295179396874314,0.3997314549856923,0.19666960158485583,-0.05305304864626899,-0.4358287475236628,0.5219348448162008,0.1544287915474356,-0.1336517719568567,-0.2707836231565045,-0.13520360994937267,-0.2798745322474136,0.026594761171032356,-0.1716949152542373,0.03472815320272948,-0.11550517279330838,0.25989874532247415,0.19790446841294299,0.23324675324675326,0.07396654193264363,0.27322254017169273,0.21199427690953115,0.27987673343605546,0.27792868148800354,-0.06285494166850099,-0.0003323794849218578,-0.030748404138234646,-0.06134272507153863,0.1294673123486683,0.13220338983050847,0.1606449482720669,-0.04097732775698877,0.08714946070878274,-0.18573849878934626,0.038355712084525644,-0.033966541932643625,0.2262161567246313,0.2477988113581334,0.264653312788906,0.12983491085186,0.12261281091789566,0.06908870790226722,0.2555183799251596,0.15402597402597404,0.16390710983931323,0.03911071978868589,0.05524983491085186,-0.31244331939247194,-0.08306405458947831,-0.03423728813559322,-0.2643187321153423,-0.30377503852080123,-0.02393792648029936,-0.10585956416464891,0.10396213955535989,0.15089808496588158,0.15441558441558442,0.0364802993616553,-0.2626216156724631,-0.45258199427690954,-0.12960818842174773,0.023486682808716706,-0.2201584855822144,-0.27484261501210655,-0.22925379705040722,-0.23463790446841296,-0.14111160026414263,-0.2091173233546115,0.09678626458287476,-0.21200748404138234,0.24252696456086287,0.06455646048866388,-0.03791987673343605,0.28219458507594103,-0.08966982170372001,-0.1764472815320273,0.010085846357032798,0.23716927140655955,0.0802905569007264,0.19088047545674663,-0.09407219898745323,0.16179616993176316,0.21553378824565264,-0.23702179176755447,0.13560862865947612,0.09745102355271847,-0.2159454105216817,0.27600044023772835,0.23464670922298042,0.30800572309046886,0.1782148360114462,0.4461501210653753,0.23399295619634602,0.3240083645168391,0.2746335020911292,0.22896103896103895,0.27141316310807834,-0.2559520140876073,-0.13976007043803654,0.09658815760510676,0.08211093990755007
#17,0.06709222980409421,0.19734756768655073,0.08160026414263702,0.0775148580233326,1.0,0.4402575390710984,0.19805194805194806,0.18067576491305304,0.13329077701959058,0.19528945630640546,0.1403279771076381,-0.022786704820603125,0.229801893022232,0.1037772397094431,-0.20246973365617432,0.13588817961699318,0.06248954435395113,0.24327536869909752,-0.25488883997358575,0.04606207351970064,-0.31179837112040504,0.01677525863966542,-0.030167290336781862,-0.11484701738939027,0.004609289016068677,-0.07400396213955536,-0.2803830068236848,-0.34747963900506273,0.47067356372441116,0.2176865507373982,0.38732555580013206,0.3184877834030376,0.16998459167950694,0.03345586616773057,0.22619854721549637,0.35937706361435173,0.14273827867048205,0.2793616552938587,-0.14765133171912834,0.0249570768214836,0.2110543693594541,0.14570548095971825,0.07569007263922518,0.2155756108298481,-0.04094871230464451,0.0763482280431433,-0.25297820823244555,-0.3711138014527845,-0.1447259520140876,-0.2688399735857363,-0.06360994937266123,-0.14111160026414263,-0.1542174774378164,-0.2245762711864407,-0.23945630640545895,-0.1250891481399956,-0.2593616552938587,-0.13983491085186,-0.05188641866607968,0.06494166850099053,0.16270085846357032,0.022967202289236186,0.27233105877173674,0.1952872551177636,-0.0524323134492626,-0.05781642086726833,0.07954655513977547,-9.905348888399736e-05,0.10624477217697556,0.2688003521901827,0.2146158925819943,0.20968743121285494,0.23099713845476558,0.009592780101254677,0.06489984591679507,0.08808716707021792,0.08543033237948493,-0.03385868368919216,0.22877834030376404,0.26448162007484044,0.3044684129429892,0.23199427690953114,0.20179837112040502,0.40928901606867707,0.41721989874532245,0.24602025093550517,0.4955161787365177,0.06450583314990095,0.30904468412942987,0.28145498569227384,0.1704820603125688,0.3957891261281092,0.5704710543693594,0.08771736737838433,0.37240369799691836,0.060788025533788245,-0.03599163548316091,0.10400836451683909,-0.2493814659916355,0.15220338983050846,-0.14439137134052388,0.26213075060532687,0.35657495047325555,0.15194805194805194,0.06509134932863747,0.0907770195905789,-0.0887475236627779,0.05449702839533348,-0.0735197006383447,0.048575830948712304,0.1967642526964561
#18,0.10303543913713405,-0.2477790006603566,0.13139555359894342,0.28314109619194366,0.4402575390710984,1.0,-0.0019172353070658155,0.08123486682808717,-0.06325996037860444,0.17918115782522562,-0.027849438696896323,0.2536319612590799,0.3524961479198767,0.1531895223420647,0.011424169051287696,-0.20102135152982611,0.2299603786044464,0.02834470614131631,0.01355051727933084,0.025588817961699317,-0.10762711864406779,-0.12029275808936826,0.0010015408320493066,-0.017849438696896324,0.009654413383226942,-0.011714725952014088,-0.043438256658595645,-0.20918335901386748,0.49843935725291655,0.24792207792207793,0.43306845696676205,0.3013603345806736,0.28138014527845034,0.19313669381465992,0.20275368699097512,0.3611270085846357,0.25874312128549415,0.23840854061193045,-0.13301782962799913,-0.008939027074620295,0.13408320493066256,0.037017389390270744,0.29433414043583533,0.17195685670261943,-0.12330398415144178,0.044279110719788684,0.04250055029716047,-0.033332599603786046,0.2549372661237068,-0.043053048646268986,0.07517939687431213,-0.062007484041382344,-0.04045564604886639,-0.18642747083425049,-0.18211754347347567,-0.13803874092009685,-0.03706141316310808,-0.24579793088267665,0.060178296279991196,0.02668941228263262,-0.16954215276249174,-0.18144618093770637,0.24047105436935945,0.29842835130970724,-0.1612920977327757,-0.10055690072639226,0.25717367378384326,-0.0325379705040722,0.05102575390710984,-0.18239049086506715,0.011906229363856482,0.09548756328417346,-0.0438036539731455,-0.1516420867268325,-0.058258859784283516,-0.12162447721769756,-0.10642967202289236,-0.15961259079903148,0.30195465551397754,0.09100154083204931,0.32066035659256,0.260759410081444,0.11670041822584196,0.4282280431432974,0.2183314990094651,0.01804094210873872,0.1914241690512877,0.26935505172793306,0.16010785824345147,0.4402993616552939,0.20618534008364517,0.37441338322694256,0.23449482720669163,-0.23065815540391812,0.2739687431212855,-0.01321153422848338,-0.12933303984151442,0.08782962799911953,-0.1913185119964781,0.20095751705921197,0.051003742020691176,0.36833810257539074,0.3900682368478979,0.13802553378824564,0.09191283292978208,0.1184437596302003,0.06735857362976007,-0.20155183799251597,-0.2656306405458948,-0.08617433414043583,0.17099933964340744
#26,0.10709663218137794,0.4555712084525644,0.10455425930002202,0.0007528065155183799,0.19805194805194806,-0.0019172353070658155,1.0,0.18562403697996918,0.18552718467972706,0.3054171252476337,0.29587277129650014,0.12821263482280432,-0.018892802113141097,0.5949988994056791,-0.4355315870570108,0.05391371340523883,0.03233105877173674,0.17558661677305745,-0.3303147699757869,0.00841074180057231,-0.4109817301342725,0.03208452564384768,-0.0997490644948272,-0.10041822584195466,-0.10908210433634162,0.06590138674884438,-0.28749284613691395,-0.03531807175874972,0.02392692053709003,-0.04903808056350429,0.171996478098173,0.10449042482940787,0.1074620294959278,0.13990314769975787,-0.012084525643847677,0.04933083865287255,-0.2402839533348008,-0.03349328637464231,-0.22080563504292317,0.11396874312128549,0.20506053268765134,-0.009040281752146159,-0.011644287915474356,-0.1044948272066916,-0.1543055249834911,-0.11473475676865508,0.14667620515078142,0.11447281532027295,-0.012075720889280212,0.06453885097952894,-0.005102355271846797,0.14363636363636365,-0.06559982390490865,0.0965133171912833,-0.09373321593660577,0.06400176095091349,-0.2567312348668281,0.13904908650671363,-0.0786484701738939,0.034719348448162005,-0.023583535108958838,0.07525863966541933,-0.02759189962579793,0.021085186000440237,-0.04681488003521902,0.18815980629539952,0.35784503631961256,0.5442637023992957,0.03346907329958177,0.08371560642747083,0.21302883557120844,0.24244111820383007,0.11525863966541933,0.14188201628879596,0.12449262601804975,0.16035659255998239,0.03236847897864847,-0.11005723090468854,-0.006143517499449703,0.03036319612590799,0.06530926700418226,0.08003742020691174,0.0910741800572309,0.10120405018710103,0.30614791987673345,-0.00199867928681488,0.23470394012766893,-0.11338542813119085,0.046092890160686774,-0.10560862865947612,-0.12002201188641867,0.08797490644948272,0.0112458727712965,0.1562887959498129,0.09084525643847678,0.057186880915694474,0.08549856922738279,0.06580453444860225,0.10314549856922739,0.1050099053488884,0.053222540171692714,0.1277657935285054,0.1933017829627999,0.20515298261060974,0.07055029716046665,0.26507373981950255,0.08093770636143517,0.028980849658815762,0.03800132071318512,0.024393572529165748,0.07357473035439137
#49,0.49813119084305524,0.3746687211093991,0.1947919876733436,0.146847897864847,0.18067576491305304,0.08123486682808717,0.18562403697996918,1.0,0.49395333480079245,0.40522342064714945,0.27162447721769756,0.438531807175875,0.3740611930442439,0.09985252036099494,-0.3407418005723091,-0.2648536209553159,0.18791987673343605,0.20754347347567687,-0.3574400176095091,-0.1945432533568127,-0.22941228263262162,-0.21737398195025315,0.2689962579793088,-0.12892581994276908,0.18211974466211756,-0.027616112700858463,0.1320977327756989,0.10267444419986793,0.1323200528285274,0.029557561082984813,0.0653532907770196,0.01066255778120185,0.09701518820162888,0.007990314769975786,0.009143737618313889,0.0015694475016508915,-0.1292758089368259,-0.07855822143957737,-0.06389830508474577,-0.0023178516398855383,0.12462469733656174,-0.10068016729033678,0.2369865727492846,-0.25347127448822365,0.1910279550957517,-0.19666519920757208,0.10739379264802994,0.06093330398415144,0.1835064935064935,0.072359674224081,0.18985031917235307,0.1785163988553819,0.20039401276689411,0.06976667400396214,0.08791107197886859,-0.3105304864626898,-0.013526304204270307,-0.25853400836451684,-0.15405018710103455,-0.16602905569007265,-0.25248734316530924,-0.008701298701298701,0.05388069557561083,-0.23847457627118643,0.12265243231344926,-0.1287211093990755,0.06264582874752367,0.06664318732115342,-0.07986352630420428,-0.028062953995157385,0.07595641646489104,-0.05081223860884878,-0.12037860444640106,-0.11503852080123267,-0.1936121505613031,-0.12512656834690733,-0.23937046004842616,-0.024600484261501212,0.14243011226062074,0.008542813119084305,0.12252696456086287,-0.08127668941228264,0.08895663658375523,0.2920074840413823,0.270297160466652,0.3709553158705701,0.06980189302223201,-0.06933744221879815,-0.11790446841294298,0.09858023332599604,0.08125027514858023,0.23399075500770417,0.2322408100374202,-0.07814439797490645,-0.049933964340744,0.23965441338322693,0.038567026194144836,0.25599823904908653,0.1406339423288576,0.35428571428571426,0.032839533348007925,0.24892361875412722,0.033356812678846576,0.1974158045344486,-0.0023728813559322033,0.07411842394893242,0.06706581554039182,-0.11645168390931103,-0.21893682588597843,-0.46876293198327096,-0.3713493286374642
#50,0.4550583314990095,0.3522298040942109,0.27615232225401715,0.14958177415804536,0.13329077701959058,-0.06325996037860444,0.18552718467972706,0.49395333480079245,1.0,0.5631895223420648,0.4816024653312789,0.1100066035659256,0.17962579793088268,0.10822143957737178,-0.19215276249174554,-0.2900132071318512,0.24930442438917017,0.24458287475236629,-0.23940127668941227,-0.32644287915474357,-0.20142196786264582,-0.25430772617213293,0.24037200088047544,-0.1939159145938807,0.2889060092449923,-0.12639225181598063,0.20985031917235308,0.2059542152762492,0.09436055469953775,0.007690953114681928,0.008481179837112041,0.032139555359894344,0.0949900946511116,0.031851199647809816,0.030911292097732777,-0.03603125687871451,-0.16368919216376843,-0.15387849438696896,0.13756548536209554,-0.08863306185340084,0.3410873871890821,0.005324675324675325,0.0475941008144398,-0.2360114461809377,0.25485582214395774,-0.2946621175434735,0.22443319392471936,0.12215936605767114,0.27610389610389613,0.1836517719568567,0.21168611049966982,0.06261941448382126,0.3027052608408541,0.10894783182918776,0.13201408760730796,-0.1346951353731015,-0.06947391591459388,-0.20918335901386748,-0.24709663218137795,-0.29038520801232665,-0.2900220118864187,-0.06179837112040502,-0.2673145498569227,-0.22572529165749505,0.28273387629319835,-0.06941668500990535,-0.13758749724851418,0.15218798151001542,-0.06300462249614792,-0.09615892581994277,0.09540391811578253,0.14403257759189964,-0.304274708342505,0.01971604666519921,-0.3329011666299802,-0.14277129650011006,-0.33282852740479857,-0.1354105216817081,0.1694981289896544,-0.1564076601364737,-0.0588399735857363,-0.13570327977107638,0.13735197006383448,0.04739819502531367,0.010882676645388509,0.041032357473035436,0.09625137574290117,-0.03188201628879595,0.04497468633061853,-0.16023992956196345,-0.0018864186660796831,0.04168390931102796,0.2153202729473916,-0.0012965001100594322,-0.02321153422848338,0.2480827646929342,0.09605987233105877,0.24591679506933745,0.25364736957957296,0.2628857583094871,0.13554479418886198,0.07649790887079022,-0.03285494166850099,0.1778450363196126,0.05385208012326657,0.07872331058771737,0.11443759630200308,-0.13131631080783623,-0.21541712524763373,-0.2997006383447061,-0.27048426150121063
#51,0.5209663218137794,0.2997710763812459,0.49393572529165747,0.5719876733436056,0.19528945630640546,0.17918115782522562,0.3054171252476337,0.40522342064714945,0.5631895223420648,1.0,0.407376183138895,0.3039797490644948,0.4765397314549857,0.2839753466872111,-0.30222540171692713,-0.5461567246313009,0.4801056570548096,0.3201254677525864,-0.41202729473915917,-0.513284173453665,-0.283053048646269,-0.4611820383006824,0.34674884437596304,-0.3341668500990535,0.25906449482720667,-0.18320713185119966,0.35784503631961256,0.2946004842615012,0.21375522782302445,-0.12225841954655514,0.19190402817521462,0.1728285274047986,0.2453664979088708,0.21518379925159586,-0.21191063174114022,-0.12588817961699317,-0.2504072198987453,-0.3058001320713185,0.22030596522121945,-0.07164428791547435,0.3192339863526304,-0.1837046004842615,0.013955535989434295,-0.29900946511116,0.3052124147039401,-0.2656746643187321,0.3073563724411182,0.26907550077041603,0.3080431432973806,0.23697776799471715,0.30085406119304425,0.21034778780541494,0.4494981289896544,0.23429892141756548,0.2138961038961039,-0.16045124367158264,0.07022892361875413,-0.32087387189082106,-0.011556240369799691,-0.3766387849438697,-0.3037860444640106,-0.24987012987012988,-0.34368699097512656,-0.3235086946951354,0.3619370460048426,0.062097732775698876,0.03219238388729914,0.08723970944309928,-0.4177613911512217,-0.3833237948492186,-0.07272727272727272,0.032817521461589255,-0.3203433854281312,-0.09434954875632842,-0.35480739599383665,-0.2693748624257099,-0.27390931102795507,-0.2225049526744442,0.12200748404138234,-0.3100418225841955,0.12962799911952455,-0.045208012326656395,0.15843055249834911,0.18233766233766233,0.03302443319392472,0.011721329517939687,0.19788025533788245,0.09331278890600925,0.061391151221659696,-0.12771076381245872,-0.0451551837992516,0.24104776579352852,0.3427470834250495,-0.06150341184239489,0.2769271406559542,0.3730574510235527,-0.09760950913493287,0.340759410081444,0.2965727492846137,0.320231124807396,0.25906449482720667,0.3596478098173013,0.048080563504292316,0.2474554259300022,0.14197886858903808,0.17766233766233766,0.2592273827867048,-0.11379484921857803,-0.12190843055249835,-0.02155183799251596,0.051223860884877834
#52,0.2324719348448162,0.38825005502971605,0.33839313229143736,0.10389170151882016,0.1403279771076381,-0.027849438696896323,0.29587277129650014,0.27162447721769756,0.4816024653312789,0.407376183138895,1.0,-0.08139555359894343,0.16297600704380366,0.33886198547215496,-0.02968963240149681,-0.14687431212854943,0.3755646048866388,0.4449768875192604,-0.10765793528505394,-0.28514417785604224,-0.18770416024653314,-0.19158925819942768,0.1436781862205591,-0.11285053929121726,0.24521901826986572,-0.012828527404798592,-0.02290777019590579,0.07274047985912392,0.19225841954655515,-0.1112062513757429,0.17970724191063175,0.32635042923178514,0.29393352410301565,0.28974025974025974,-0.013638564825005504,-0.0550297160466652,-0.11441998679286815,-0.010374202069117324,0.12061633281972264,0.08249614791987674,0.30529165749504733,0.10544574069997799,-0.20172573189522341,-0.12122386088487784,0.0974884437596302,0.047241910631741144,0.046103896103896105,-0.028567026194144838,0.07154303323794849,0.039341844596081886,0.06928241250275148,0.01135593220338983,0.19898745322474137,0.12450363196125908,0.04968082764692934,-0.13031697116442878,-0.16476777459828307,-0.2041932643627559,-0.4064582874752366,-0.24468192824125026,-0.2411270085846357,0.015580013207131852,-0.11793968743121286,-0.09365617433414043,0.214884437596302,0.018157605106757648,0.19808936825885978,0.137409200968523,0.03060972925379705,-0.07053488883997358,0.21392251815980629,0.08646268985252036,-0.045868368919216376,0.062722870349989,-0.2031124807395994,0.018379925159586176,-0.1282060312568787,-0.18475896984371562,0.1830442438917015,0.10025533788245652,0.09125467752586397,-0.15608628659476118,0.08245432533568127,0.19990534888839973,0.025467752586396653,0.03038961038961039,0.0997820823244552,0.04469953775038521,0.02223200528285274,-0.19347567686550737,-0.01796169931763152,-0.05922738278670482,0.1308364516839093,0.05179616993176315,-0.09827646929341845,0.4273453664979089,0.17900506273387629,0.17772397094430992,0.2511754347347568,0.08502091129209774,0.06343165309267004,0.22941008144397976,0.14895663658375521,0.19183579132731676,0.3070041822584195,0.21972705260840855,0.22709883337001982,-0.09127448822364076,-0.018868589038080565,-0.1626502311248074,-0.33491965661457185
#53,0.28208672683248953,0.18295839753466872,0.035454545454545454,0.27295179396874314,-0.022786704820603125,0.2536319612590799,0.12821263482280432,0.438531807175875,0.1100066035659256,0.3039797490644948,-0.08139555359894343,1.0,0.37938586836891924,0.17885758309487124,-0.04980849658815761,-0.25638564825005505,0.12836671802773497,-0.18278010125467753,-0.06205370900286154,-0.08534008364516839,0.058817961699317634,-0.08362315650451244,0.10214395773717808,0.0047457627118644066,0.0760510675764913,0.04703940127668941,0.04860004402377284,0.039330838652872555,0.0400858463570328,0.017475236627779,-0.034395773717807616,-0.06095091349328637,0.005637244111820383,0.0426964560862866,0.03752586396654193,-0.030578912612810916,0.008153202729473915,-0.18281091789566367,-0.18565045124367158,-0.01570327977107638,0.027182478538410743,-0.06372881355932203,0.25724851419766676,-0.010204710543693594,-0.22153202729473917,-0.09706801672903367,0.1337178076161127,0.11900946511116002,0.06540391811578253,-0.060605326876513314,-0.02344486022452124,0.2250429231785164,0.07276909531146819,0.16331058771736737,0.18874972485141978,-0.08289016068677085,0.15363416244772177,-0.09872551177635923,-0.08314769975786925,-0.10348448162007484,-0.10973805855161788,-0.06685450143077262,-0.016640986132511557,-0.038498789346246974,-0.0300066035659256,-0.09706141316310808,0.1787211093990755,-0.007103235747303544,-0.10311248073959939,-0.08362535769315431,-0.11289896544133832,0.04813999559762271,-0.16834250495267444,-0.01566585956416465,-0.07602685450143078,-0.10806295399515739,0.008210433634162448,-0.008606647589698438,0.278481179837112,-0.06985252036099494,0.15424829407880256,0.13851419766674003,-0.04025533788245653,0.12729914153642968,0.15291877613911511,0.014662117543473475,0.06601144618093771,0.050884877834030375,-0.14616552938586838,0.03905789126128109,0.2623530706581554,-0.03483160906889721,-0.11669381465991635,-0.32935064935064934,-0.02074180057230905,0.01891701518820163,-0.18706361435174995,-0.02220559101915034,-0.050625137574290116,0.1562359674224081,-0.05722870349988994,0.07793968743121285,-0.038969843715606425,0.022656834690732996,-0.12762931983270967,-0.03511116002641426,-0.06272066916134712,-0.03408980849658816,-0.04417345366497909,-0.14865727492846137,-0.174983491085186
#54,0.3169403477878054,0.13109839313229144,0.3697952894563064,0.3997314549856923,0.229801893022232,0.3524961479198767,-0.018892802113141097,0.3740611930442439,0.17962579793088268,0.4765397314549857,0.16297600704380366,0.37938586836891924,1.0,-0.003407440017609509,0.07300682368478979,-0.4804336341624477,0.4809289016068677,0.2422143957737178,-0.11060312568787145,-0.32092670041822585,-0.016715826546335022,-0.41589038080563506,0.3936385648250055,-0.11589038080563505,0.3258397534668721,-0.10799031476997578,0.32007484041382345,0.0820096852300242,0.40827426810477657,0.12414263702399296,0.2655690072639225,0.2378846577151662,0.24948492185780322,0.3050297160466652,0.05020250935505173,0.06905789126128109,0.012007484041382346,-0.033449262601804974,-0.12000880475456746,-0.0030112260620735196,-0.020354391371340524,0.0150429231785164,0.23218578032137355,-0.20583094871230465,0.15202509355051727,-0.10532247413603346,0.2547457627118644,0.1277459828307286,0.21134272507153862,0.06197886858903808,0.30892802113141093,0.3252278230244332,0.3281796169931763,-0.07881576051067576,0.1534734756768655,-0.24722650231124807,-0.024492626018049746,-0.4490490865067136,-0.132623816861105,-0.21626018049746865,-0.26609289016068677,-0.10079242791107199,0.07217697556680608,-0.05883777239709443,0.08230464450803433,-0.14985031917235306,0.012562183579132732,-0.03785163988553819,-0.13906009244992296,-0.23567246313009024,0.05929121725731895,0.10012326656394453,-0.2758463570327977,-0.26198106977767993,-0.3219238388729914,-0.3109663218137794,-0.1955029716046665,-0.2300396213955536,0.36728153202729474,-0.10618093770636143,0.13154743561523222,0.0027140655954215275,0.34169051287695357,0.24228263262161567,0.06423948932423508,-0.02175214615892582,-0.03452344265903588,0.02933303984151442,0.09591459388069558,0.0488003521901827,0.17653753026634383,0.17673783843275367,0.25186440677966104,-0.4314880035219018,-0.03482940788025534,0.32571428571428573,-0.0737046004842615,0.3498459167950693,0.13782082324455205,0.27178956636583756,0.16256658595641646,0.4056834690732996,0.19317631521021353,0.2921153422848338,0.23716927140655955,0.29652872551177634,0.23394673123486684,-0.11339643407440017,-0.1159520140876073,-0.1865067136253577,-0.07761171032357474
#58,0.09308606647589698,0.18876293198327096,0.19063614351749944,0.19666960158485583,0.1037772397094431,0.1531895223420647,0.5949988994056791,0.09985252036099494,0.10822143957737178,0.2839753466872111,0.33886198547215496,0.17885758309487124,-0.003407440017609509,1.0,-0.2970327977107638,-0.11989214175654854,0.1704820603125688,0.12497908870790227,-0.12971164428791548,0.05111820383006824,-0.30983711204050185,0.008694695135373102,-0.30749064494827205,-0.11816640986132512,-0.11765573409641206,-0.05391371340523883,-0.2295531587057011,0.11158485582214396,0.002859344045784724,-0.209570768214836,0.18600924499229585,0.2867576491305305,0.26045344486022454,0.2263284173453665,-0.08298921417565486,0.05427250715386309,-0.24940127668941228,0.015053929121725733,-0.14074840413823464,0.1347655734096412,0.044486022452124144,-0.1053268765133172,-0.07147479639005062,-0.10831388950033018,-0.23498128989654413,-0.08178296279991196,0.13594981289896543,0.20764252696456087,0.06544133832269425,0.23649130530486462,0.04970944309927361,0.22569667620515077,-0.0007506053268765133,0.15635923398635262,-0.12193924719348448,0.07093330398415144,-0.15846577151661898,0.07788906009244992,-0.16113801452784504,0.02151221659696236,-0.11273167510455646,0.023935725291657495,0.05687431212854942,0.08755007704160246,-0.0761765353290777,0.16105657054809597,0.5387761391151221,0.2629914153642967,0.04217917675544794,-0.14641866607968304,0.12733215936605768,0.1797292537970504,0.01202509355051728,-0.029112920977327757,0.12602685450143078,0.20330398415144177,0.05353510895883777,-0.10861104996698218,0.030431432973805857,-0.07782082324455206,0.2423992956196346,0.09706801672903367,-0.10597402597402597,0.20798811358133393,0.09372881355932203,-0.1050297160466652,0.10542813119084306,0.10252256218357914,-0.05073079462909971,0.03506493506493506,-0.009898745322474136,-0.015877173673783843,-0.0060004402377283736,-0.04017169271406559,0.09511556240369799,0.20799911952454325,-0.16439357252916575,0.10581774158045344,0.23914593880695575,0.18088928021131412,0.3013075060532688,0.22372881355932203,0.16872331058771736,0.2454567466431873,0.26095971824785386,0.2325445740699978,0.2851287695355492,-0.016348228043143297,-0.04517059211974466,-0.11582434514637904,-0.09110939907550077
#101,-0.4055580013207132,-0.23545014307726173,-0.21265903587937487,-0.05305304864626899,-0.20246973365617432,0.011424169051287696,-0.4355315870570108,-0.3407418005723091,-0.19215276249174554,-0.30222540171692713,-0.02968963240149681,-0.04980849658815761,0.07300682368478979,-0.2970327977107638,1.0,0.03969403477878054,0.025291657495047325,-0.2292692053709003,0.7525027514858024,0.012566585956416465,0.7311292097732776,0.11831168831168831,-0.14152542372881355,0.19649570768214836,0.14242130750605328,-0.09770856262381686,-0.082359674224081,-0.2949702839533348,0.10711644287915474,0.018173013427250716,-0.1438828967642527,0.02014968082764693,-0.04151001540832049,-0.03560202509355052,0.23847457627118643,0.10951573849878934,0.35519040281752146,0.10814659916354831,-0.05767114241690513,0.014217477437816421,-0.09448382126348229,0.33621835791327315,0.06121725731895224,0.3057010785824345,-0.1603367818622056,0.22554699537750386,-0.023792648029936164,-0.0975214615892582,-0.2371318511996478,-0.41099053488883996,-0.3662183579132732,-0.23409200968523003,-0.14823464670922298,-0.23964780981730135,0.2463482280431433,0.07510455646048866,-0.05316310807836232,-0.16956856702619413,-0.19120405018710104,0.04306185340083645,-0.0987673343605547,-0.18559322033898304,0.10671582654633502,0.17891481399955977,-0.2768633061853401,-0.1990050627338763,-0.1110345586616773,-0.32198106977767993,0.3748294078802553,-0.08850759410081444,-0.04808276469293418,-0.011950253136693815,0.0059652212194585075,0.0913119084305525,-0.07178516398855382,-0.2049702839533348,0.07481399955976227,-0.10160686770856263,0.15620735197006383,-0.01099273607748184,0.049005062733876295,-0.18854501430772616,-0.028511996478098173,0.010048426150121066,-0.36498128989654416,-0.20238168611049967,-0.19007484041382347,-0.0008716707021791767,-0.04492626018049747,0.06941228263262161,-0.22407219898745323,-0.11129429892141757,-0.3160576711424169,-0.04537970504072199,-0.19306845696676206,0.0015078142196786265,-0.14589698437156065,-0.2734074400176095,-0.12302443319392473,-0.43314769975786926,-0.3287805414924059,-0.2251551837992516,0.07037640325775919,-0.27933964340744,-0.011404358353510896,-0.1668897204490425,-0.10141316310807837,-0.25753246753246756,0.05324895443539511,0.08160246533127889,0.04197666740039621
#102,-0.28537530266343825,0.11407880255337882,-0.41471714725952014,-0.4358287475236628,0.13588817961699318,-0.20102135152982611,0.05391371340523883,-0.2648536209553159,-0.2900132071318512,-0.5461567246313009,-0.14687431212854943,-0.25638564825005505,-0.4804336341624477,-0.11989214175654854,0.03969403477878054,1.0,-0.48637023992956196,-0.2015034118423949,0.14950913493286375,0.6419304424389171,0.08054809597182479,0.7131388950033017,-0.543860884877834,0.23441338322694255,-0.4510939907550077,0.24592339863526305,-0.6961413163108079,-0.47018489984591677,-0.18400616332819722,0.1286946951353731,-0.19419766674003963,-0.257640325775919,-0.37527624917455427,-0.30530926700418226,0.07032357473035439,0.12781862205591019,0.15074840413823465,0.40100374202069117,-0.39027294739159146,-0.057547875852960596,-0.17847897864847018,0.33315430332379486,-0.14246973365617432,0.37346687211093993,-0.3596522121945851,0.26962799911952456,-0.5420427030596522,-0.5572859344045785,-0.6551573849878934,-0.3760444640105657,-0.4755998239049086,-0.2952080123266564,-0.6003345806735637,-0.21886858903808057,-0.3130904688531807,0.3513163108078362,-0.27500770416024656,0.4281091789566366,-0.10945630640545895,0.33425049526744444,0.5384547655734097,0.24790666960158486,0.3699207572088928,0.4126700418225842,-0.32694695135373103,0.049522342064714946,-0.03427911071978869,-0.019951573849878935,0.5231476997578692,0.7175786924939467,0.23174994497028395,0.1569073299581774,0.6489654413383227,0.2954831609068897,0.5480981730134272,0.4725181598062954,0.4817235307065815,0.3240061633281972,-0.16719128329297822,0.5187761391151222,-0.14185780321373542,0.11193704600484261,-0.16847897864847017,-0.16088707902267224,0.26383887299141534,0.08143957737178076,0.04307506053268765,-0.17476997578692494,0.13455646048866388,0.045535989434294516,0.0423728813559322,-0.174851419766674,-0.11061413163108079,0.2113449262601805,-0.19760950913493286,-0.33438696896324016,0.1445014307726172,-0.4180233325996038,-0.514010565705481,-0.3248492185780321,-0.4237640325775919,-0.4597842835130971,-0.12730574510235526,-0.4332687651331719,-0.30028615452344265,-0.2950429231785164,-0.4168038740920097,0.37522562183579133,0.24503631961259079,0.16969183359013867,-0.056037860444640104
#201,0.49433414043583535,0.15293198327096633,0.6244441998679287,0.5219348448162008,0.06248954435395113,0.2299603786044464,0.03233105877173674,0.18791987673343605,0.24930442438917017,0.4801056570548096,0.3755646048866388,0.12836671802773497,0.4809289016068677,0.1704820603125688,0.025291657495047325,-0.48637023992956196,1.0,0.5645476557340964,-0.06027955095751706,-0.42156504512436715,-0.18295179396874311,-0.4049570768214836,0.22932643627558882,-0.1711864406779661,0.3596566145718688,-0.3660004402377284,0.34035879374862427,0.06413603345806736,0.41128329297820826,0.1482984811798371,0.45817081223860884,0.3413515298261061,0.5975610829848118,0.4400528285274048,0.06692053709002861,0.1269337442218798,-0.16588817961699318,-0.0651551837992516,0.015368699097512657,-0.0015804534448602245,0.2840677966101695,0.06443319392471934,-0.1311005943209333,-0.15800572309046884,0.09380145278450364,-0.2225049526744442,0.3962689852520361,0.2055513977547876,0.3854655513977548,0.048965441338322695,0.35739819502531367,0.0006559542152762491,0.37714505833149903,-0.06774378164208672,-0.04080343385428131,-0.13068016729033677,-0.3007990314769976,-0.6165265243231345,-0.3152564384767775,-0.2859652212194585,-0.5806889720449042,-0.2737046004842615,-0.06311468192824125,0.01224521241470394,0.07453224741360334,0.016046665199207572,0.17104336341624476,0.22456086286594762,-0.10938366718027735,-0.39471054369359454,0.24749944970283955,0.2261633281972265,-0.21555139775478757,-0.18330618534008364,-0.5718049746863306,-0.3227206691613471,-0.39544794188861987,-0.46582874752366277,0.32485582214395775,-0.15639005062733877,0.3431499009465111,-0.09912612810917895,0.0951221659696236,0.4045476557340964,-0.23252036099493725,-0.0964869029275809,-0.05685230024213075,0.10866387849438697,0.015128769535549197,-0.06954655513977548,-0.1608628659476117,0.09237948492185781,0.06535989434294519,-0.1598151001540832,-0.05959498128989654,0.4820427030596522,-0.010942108738718908,0.6568831168831168,0.38386528725511776,0.48611930442438916,0.434884437596302,0.6922650231124807,0.41090028615452345,0.582458727712965,0.5497578692493946,0.49447941888619856,0.4975786924939467,-0.3821769755668061,-0.24767114241690513,-0.12799251595861766,-0.1327426810477658
