,#10,#11,#12,#13,#17,#18,#26,#49,#50,#51,#52,#53,#54,#58,#101,#102,#201,#202,#301,#302,#401,#402,#501,#502,#601,#602,#701,#702,#801,#802,#901,#902,#1001,#1002,#1101,#1102,#1201,#1202,#1301,#1302,#1401,#1402,#1501,#1502,#1601,#1602,#1701,#1702,#1801,#1802,#1901,#1902,#2001,#2002,#2101,#2102,#2201,#2202,#2301,#2302,#2401,#2402,#2501,#2502,#2601,#2602,#2701,#2702,#2801,#2802,#2901,#2902,#3001,#3002,#3101,#3102,#3201,#3202,#3301,#3302,#3401,#3402,#3455,#3501,#3502,#3601,#3602,#3701,#3702,#3801,#3802,#3901,#3902,#4001,#4002,#4101,#4102,#4201,#4202,#4301,#4302,#4401,#4402,#4501,#4502,#4601,#4602,#4701,#4702,#4801,#4802
#10,1.0,0.4746467092229804,0.24924499229583974,0.29966101694915254,0.20893902707462028,0.039733656174334143,0.185115562403698,0.675494166850099,0.40348228043143297,0.5152674444199868,0.5225555800132071,0.30005502971604664,0.1013713405238829,0.1387805414924059,0.23716707021791766,0.13386748844375962,0.5143121285494167,-0.17423508694695136,-0.020587717367378383,0.3677591899625798,0.3270724191063174,0.36314769975786926,0.02262161567246313,0.037640325775919,0.2374224081003742,0.32602685450143076,0.22348007924279112,0.24199867928681487,-0.006530926700418225,0.3703609949372661,-0.061212854941668504,0.10050847457627118,0.12443319392471935,0.10799471714725951,0.19080563504292317,0.1817147259520141,0.08202069117323355,0.05556460488663879,0.009757869249394674,0.07757208892802113,0.2906053268765133,0.1284459608188422,0.1360642747083425,-0.02339203169711644,0.09225401716927141,0.19891921637684348,0.22410081443979749,0.2723728813559322,0.048787145058331496,0.22842394893242352,0.15228483381025754,0.1647655734096412,0.053319392471934846,0.2107770195905789,0.13878934624697337,0.21047765793528506,-0.22737618313889502,0.030757208892802115,-0.2875676865507374,-0.34943649570768215,-0.38598062953995155,-0.2936847897864847,-0.017475236627779,0.03315210213515298,-0.06261941448382126,0.06246973365617434,-0.3142659035879375,-0.17593660576711423,0.1700132071318512,0.28879594981289897,0.017497248514197667,0.26651551837992515,0.142425709883337,-0.07679286814880035,0.1544287915474356,-0.009471714725952015,-0.4070878274268105,-0.3853422848338103,0.04346026854501431,0.35189522342064716,0.08349768875192604,0.2707440017609509,-0.21815320272947392,0.01480299361655294,0.006357032797710764,-0.46556020250935504,-0.43026194144838215,0.3433634162447722,0.26565705480959717,0.13486682808716707,0.08915914593880696,-0.5015540391811578,-0.1829187761391151,-0.3876689412282633,-0.43644948272066914,-0.02561963460268545,0.15454545454545454,-0.04057010785824345,0.14377503852080123,0.1500858463570328,0.09038300682368479,0.10030816640986133,-0.031932643627558883,-0.1200924499229584,-0.24663878494386968,-0.0363350209112921,0.11392692053709003,-0.39230684569667623,-0.3214417785604226,-0.3096918335901387,-0.3066189742460929
#11,0.4746467092229804,1.0,0.33522342064714944,0.18685890380805634,-0.1370195905789126,0.059749064494827205,0.36900946511116,0.4057362976007044,0.37187541272287034,0.49216376843495485,0.561419766674004,-0.09300022011886419,0.1346599163548316,0.21302883557120844,0.2530618534008365,0.3392956196346027,0.25546114902047107,-0.036447281532027295,-0.0462953995157385,0.2839027074620295,0.34192383887299144,0.4434690732995818,0.10944309927360775,-0.005885978428351309,0.06611930442438917,0.14753907109839312,0.08910631741140215,0.05973585736297601,-0.04062293638564825,-0.04484261501210654,-0.030865067136253577,0.013942328857583095,0.10146599163548316,-0.04204490424829408,0.13603565925599823,0.12566585956416465,-0.042885758309487126,-0.1432687651331719,-0.1944772176975567,-0.11070438036539731,0.09968963240149681,0.15930442438917014,-0.04068456966762052,0.009947171472595202,-0.2547105436935945,0.12360994937266123,0.05920977327756989,-0.037413603345806734,-0.04709883337001981,0.061644287915474355,-0.09184459608188422,0.13496147919876733,0.09307946290997138,0.2495905789126128,0.14075060532687653,0.12929561963460268,-0.0550363196125908,-0.016374642306845696,-0.2378846577151662,-0.3716552938586837,-0.2171516618974246,-0.17581333920316972,-0.037739379264802995,-0.13848778340303763,-0.07720449042482941,0.060074840413823466,-0.12782962799911954,-0.06956196346026855,0.3474774378164209,0.17465771516618975,0.14499449702839534,0.3879771076381246,-0.012590799031476998,0.01986352630420427,0.02254237288135593,0.10473695795729694,-0.20237068016729035,-0.05552278230244332,0.11971824785384108,-0.0019524543253356813,-0.004276909531146819,-0.17979088707902266,0.024424389170151883,-0.06145718688091569,-0.11791987673343605,-0.2504644508034339,-0.21253356812678847,0.14786264582874753,-0.12988994056790668,-0.10523002421307506,-0.12412062513757428,-0.26170372000880476,-0.22448602245212415,-0.1618247853841074,-0.2329936165529386,0.15387849438696896,-0.011179837112040502,-0.07735857362976008,0.1493594541052168,0.09545234426590359,0.09913713405238829,0.07884217477437816,0.11447281532027295,-0.060660356592559986,-0.13254237288135592,-0.04716266784063394,0.10756988773937927,-0.25154303323794847,-0.13776139115122166,-0.13627118644067795,-0.1774290116662998
#12,0.24924499229583974,0.33522342064714944,1.0,0.5718489984591679,0.13677966101694916,0.5083733215936606,0.3129936165529386,0.1196500110059432,-0.020620735197006385,0.4184635703279771,0.19918556020250935,0.16051727933083865,0.3008848778340304,0.07898745322474136,-0.1002575390710984,0.11187101034558662,0.2930794629099714,0.4894585075941008,-0.34180937706361436,-0.18424829407880255,-0.12089588377723971,0.0877129650011006,0.2877239709443099,0.07972485141976668,0.01822143957737178,0.13383226942548976,0.3517191283292978,0.2590534888839974,0.2462227602905569,-0.10252696456086287,0.3394761171032358,0.07354171252476337,0.378597842835131,-0.19721989874532247,-0.09637684349548756,0.03300902487343165,-0.08783182918776139,-0.16332159366057672,0.04614131631080784,-0.23424389170151882,0.17933083865287255,-0.052256218357913276,0.16956196346026856,-0.07488003521901827,-0.1709817301342725,-0.08551397754787585,0.010264142637023993,-0.022456526524323134,0.3453400836451684,0.2654523442659036,0.23109839313229144,0.10264802993616554,0.4288333700198107,0.11725731895223421,0.01471054369359454,-0.21849878934624697,0.07576271186440678,-0.28041822584195464,-0.17727052608408542,-0.24961038961038962,-0.2700528285274048,-0.24067576491305304,-0.32091789566365836,-0.2907902267224301,0.04474576271186441,-0.05329077701959058,0.10616773057451023,-0.257541272287035,0.18688972044904248,-0.08427690953114682,0.3798217037200088,0.4847347567686551,-0.2435461149020471,-0.009060092449922959,-0.2528615452344266,-0.10996478098173014,-0.41123706801672905,-0.10106977767994717,0.2871208452564385,-0.04536209553158706,0.24840413823464672,0.1498745322474136,0.2546797270526084,0.2593550517279331,0.20416244772176975,-0.11080783623156505,-0.014272507153863086,0.25103235747303543,0.13183799251595862,0.2158331499009465,0.1239027074620295,0.21432973805855163,-0.10290997138454766,-0.19635042923178517,-0.2386682808716707,0.6269909751265683,0.056387849438696895,0.5504094210873872,0.3175126568346907,0.22569667620515077,0.3937508254457407,0.5994166850099053,0.3431763152102135,0.3194937266123707,0.3700858463570328,0.35072639225181595,0.33336561743341403,-0.2930178296279991,-0.2661853400836452,-0.2953334800792428,-0.32664318732115344
#13,0.29966101694915254,0.18685890380805634,0.5718489984591679,1.0,0.07737618313889501,0.4038762931983271,0.0825115562403698,0.20573849878934625,0.05264362755888179,0.5710323574730355,0.09428131190843055,0.1575808936825886,0.3590710983931323,-0.026913933524103015,0.007510455646048866,0.09391811578252256,0.44216376843495486,0.16734536649790888,-0.06044464010565705,0.08335241030156285,-0.040633942328857586,0.1839885538190623,0.1509090909090909,0.010468853180717587,0.08465551397754788,0.1531256878714506,0.3970856262381686,0.3431124807395994,0.2081532027294739,0.17767774598283073,0.11039841514417785,0.04552058111380145,0.18965441338322694,-0.23197226502311247,-0.14674444199867928,-0.010070438036539732,-0.06563064054589478,-0.1296852300242131,-0.005472154963680387,-0.1326172132951794,0.2561281091789566,-0.042220999339643406,0.017550077041602465,0.026491305304864626,0.0003609949372661237,-0.0711071978868589,0.3119106317411402,0.1794541052168171,0.26356372441118203,0.16665419326436276,0.27567246313009025,0.03424829407880255,0.3486682808716707,0.06092670041822584,-0.08069117323354612,-0.20758089368258859,-0.05180497468633062,-0.13736517719568567,-0.1311930442438917,-0.16246092890160688,-0.18397974906449482,-0.25470834250495267,-0.021690512876953554,0.038784943869689635,0.2036055469953775,0.09156064274708342,-0.1487211093990755,-0.0772309046885318,0.065181598062954,-0.03423728813559322,0.12679286814880036,0.21603345806735638,-0.014580673563724411,0.09656614571868809,-0.16298261060972927,-0.13328417345366497,-0.3914990094651112,-0.2043825665859564,0.17814219678626458,0.1827030596522122,0.23144618093770636,0.24966982170372,0.09338322694254898,0.09231565045124367,0.13607087827426811,-0.20091349328637464,-0.11394453004622496,0.11862425709883337,0.2277525863966542,0.10227382786704821,0.1798151001540832,-0.08420867268324896,-0.09320713185119965,-0.16344926260180498,-0.20806515518379926,0.31638344706141314,-0.013101474796390051,0.3630662557781202,0.21727492846136914,0.2193528505392912,0.30167950693374423,0.2839731454985692,0.16774598283072858,0.09735197006383448,0.17188861985472154,0.19994056790666961,0.16595421527624918,-0.266418666079683,-0.3191701518820163,-0.19749064494827206,-0.22475236627779
#17,0.20893902707462028,-0.1370195905789126,0.13677966101694916,0.07737618313889501,1.0,0.35465111160026414,-0.09026634382566585,-0.1486418666079683,0.038084965881576054,-0.09438036539731455,0.1402113141096192,0.6555998239049087,0.3659388069557561,0.006458287475236628,-0.11573189522342064,-0.1618181818181818,0.06136913933524103,0.342062513757429,-0.2319326436275589,-0.06054369359454105,-0.12719348448162007,-0.26529165749504735,0.16985252036099494,0.14668721109399074,0.1387409200968523,0.005892581994276909,-0.04681267884657715,-0.1585097952894563,0.18254897644728152,0.15600704380365396,0.3270724191063174,0.2760686770856262,0.10537750385208013,-0.01152542372881356,0.06934844816200748,0.2522430112260621,0.006286594761171032,0.17009024873431652,0.08207351970063835,0.04720008804754568,0.16468633061853402,0.058340303764032576,0.19096852300242131,0.08079242791107198,0.24668280871670703,0.15508474576271186,0.01657274928461369,0.07796610169491526,0.029495927801012546,0.09770416024653313,-0.016973365617433414,-0.11826766453885099,0.005560202509355051,-0.15677305745102355,-0.1810279550957517,-0.09844375963020031,-0.05537750385208012,-0.16884877834030376,0.07120625137574291,0.0860642747083425,-0.05306185340083645,0.042249614791987675,-0.04801012546775259,-0.13406339423288577,-0.27020250935505175,-0.06538190622936385,0.1288267664538851,-0.22878934624697336,-0.15583314990094652,0.09651551837992516,-0.10529605987233105,-0.13205150781421968,-0.22286594761171033,-0.14449262601804974,-0.15456746643187322,-0.31802553378824566,-0.21375302663438256,-0.21453224741360336,-0.07341844596081884,0.2790116662998019,0.27842174774378164,0.4880233325996038,0.18397094430992736,0.3027008584635703,0.4836759850319172,0.07456966762051508,0.09973805855161787,0.16120184899845916,0.25061853400836454,0.26197006383447063,0.36750385208012326,0.07813559322033899,-0.023312788906009244,0.03658815760510676,0.06883116883116883,-0.03623156504512437,0.09428571428571429,0.1561699317631521,0.05308166409861325,-0.05918776139115122,0.0020581113801452786,0.2635835351089588,0.37115562403698,0.010444640105657054,0.20086506713625357,0.0585890380805635,0.06625357693154303,-0.029082104336341626,-0.03341624477217697,0.10519040281752146,0.14359454105216818
#18,0.039733656174334143,0.059749064494827205,0.5083733215936606,0.4038762931983271,0.35465111160026414,1.0,0.0462557781201849,-0.08628439357252916,0.006187541272287035,0.30370900286154523,0.05383447061413163,0.378910411622276,0.5631983270966322,-0.06822364076601364,-0.1929341844596082,-0.19165749504732554,0.12485362095531587,0.3531366938146599,-0.2861038961038961,-0.18202729473915916,-0.10700418225841955,-0.1306119304424389,0.05397094430992736,-0.08955756108298481,-0.06759630200308167,-0.08377503852080123,0.19575830948712306,0.072590799031477,0.5764076601364737,-0.0550363196125908,0.49710103455866167,-0.15967642526964562,-0.03942108738718908,-0.3986836891921638,-0.17237068016729035,-0.055016508914814,-0.23995817741580452,-0.24091349328637465,-0.1632687651331719,-0.3823992956196346,0.1724191063174114,-0.07550517279330839,0.2025974025974026,-0.10145498569227383,-0.00451683909311028,-0.08193264362755888,0.09866387849438697,0.022487343165309266,0.2256834690732996,0.1645476557340964,0.11865067136253576,-0.0885362095531587,0.24276469293418446,-0.1236847897864847,-0.03216376843495487,-0.3766211754347348,0.19542813119084307,-0.2481796169931763,-0.10312128549416685,-0.09061193044243891,-0.12421747743781641,-0.17652872551177637,-0.24166409861325117,-0.3228307285934405,-0.11539071098393132,0.06478098173013427,0.2263152102135153,-0.014433193924719348,-0.1531256878714506,-0.15866607968302884,-0.05460488663878495,0.1454523442659036,-0.21181157825225622,0.08097732775698878,-0.29410961919436496,-0.3054501430772617,-0.3252410301562844,-0.20608848778340302,0.1774356152322254,-0.0016883116883116883,0.5947721769755668,0.3827690953114682,0.4044331939247193,0.44970063834470614,0.38208012326656393,0.04515298261060973,0.08783623156504512,0.14865067136253576,-0.005753907109839313,0.2545124367158266,0.1533766233766234,0.3483865287255118,0.0014219678626458288,-0.02596962359674224,-0.035648250055029716,0.2758397534668721,-0.0677195685670262,0.22016288795949812,0.007103235747303544,0.04197006383447061,0.20250935505172793,0.4832401496808276,0.2493858683689192,-0.11794408980849659,0.08679286814880036,-0.06620515078142197,0.016861104996698215,-0.2151023552718468,0.002493946731234867,-0.04194585075941008,-0.04384767774598283
#26,0.185115562403698,0.36900946511116,0.3129936165529386,0.0825115562403698,-0.09026634382566585,0.0462557781201849,1.0,0.2216729033678186,0.122788906009245,0.2881598062953995,0.3332225401716927,-0.06209112920977328,0.22337662337662337,0.48531587057010783,-0.23033017829628,-0.10132071318511997,0.14648470173893902,-0.09922077922077922,-0.396205150781422,-0.15979528945630642,-0.1520779220779221,0.026541932643627558,-0.030083645168390932,-0.13275808936825886,-0.22236407660136473,-0.056088487783403036,0.14275588817961699,0.07055910191503412,0.157838432753687,-0.2896191943649571,0.0864472815320273,-0.09760950913493287,0.0735461149020471,0.06379264802993617,-0.20825445740699977,-0.19662777900066036,-0.02160246533127889,-0.2343495487563284,-0.24097072419106316,-0.1993990755007704,-0.008379925159586176,-0.18994276909531146,-0.005144177856042263,-0.28991195245432533,-0.11453004622496148,0.07597622716266784,0.050724191063174114,0.13334580673563726,0.19301342725071538,0.09031697116442879,0.061573849878934626,-0.029707241910631742,0.02490644948272067,-0.03835791327316751,-0.08474796390050628,-0.055324675324675325,0.02020691173233546,-0.10740039621395554,0.032518159806295396,-0.08273167510455647,-0.10956856702619415,-0.0562755888179617,-0.07083204930662558,-0.00027955095751705923,-0.11530706581554039,-0.1859145938806956,0.2872969403477878,0.31016729033678186,0.0017235307065815541,-0.07500770416024653,0.0637574290116663,0.18342945190402818,-0.1463284173453665,0.03837772397094431,-0.0888333700198107,0.14715386308606648,-0.18538410741800573,-0.006451683909311028,0.04634382566585957,-0.34438036539731454,0.03751265683469073,0.033616552938586834,-0.1266453885097953,0.1337508254457407,0.21911512216596962,-0.02359454105216817,-0.0024279110719788687,-0.011443979749064494,-0.017572088928021132,0.011133612150561302,-0.02190182698657275,0.20083204930662557,0.002038300682368479,-0.056744441998679285,-0.07674224081003742,0.2513185119964781,-0.2835130970724191,0.08266123706801673,-0.09442879154743561,0.2614549856922738,0.2604402377283733,0.1279881135813339,0.09715826546335021,0.027426810477657937,-0.05416244772176976,0.019905348888399736,0.07637244111820383,-0.11445960818842174,0.09860444640105658,-0.02090909090909091,-0.07319612590799031
#49,0.675494166850099,0.4057362976007044,0.1196500110059432,0.20573849878934625,-0.1486418666079683,-0.08628439357252916,0.2216729033678186,1.0,0.367640325775919,0.5156086286594761,0.3119040281752146,0.07018049746863306,-0.05411402157164869,0.30124807395993836,0.2597314549856923,0.27787585296059875,0.42637684349548755,-0.3224939467312349,0.1552410301562844,0.34979749064494825,0.2848602245212415,0.5041778560422628,-0.14712084525643848,0.09388069557561082,0.23451243671582656,0.41939027074620294,0.16177415804534448,0.18799471714725952,-0.27098613251155623,0.4160180497468633,-0.21438696896324014,0.18910851860004402,0.20515958617653532,0.3401122606207352,0.1174290116662998,0.04244111820383007,0.21848117983711204,0.07947611710323575,0.12709663218137796,0.2608496588157605,0.13700638344706143,0.061373541712524765,0.002229804094210874,-0.12686330618534009,-0.0438432753686991,0.1450297160466652,0.2088531807175875,0.1404226282192384,-0.0027977107638124587,0.20397754787585295,0.20720228923618755,0.30655073739819505,0.06398635263042042,0.33923618754127227,0.3318401937046005,0.36435174994497027,-0.3026304204270306,0.045558001320713186,-0.36624697336561746,-0.381897424609289,-0.45607307946291,-0.33278450363196127,-0.054657715166189745,0.19478318291877614,-0.030724191063174113,0.09657054809597182,-0.4461963460268545,-0.0660180497468633,0.32878934624697337,0.31458067356372443,0.1293154303323795,0.3735593220338983,0.41178296279991194,0.10128329297820823,0.2838080563504292,0.24132951793968743,-0.26290336781862206,-0.10281532027294739,-0.19699757869249396,0.1413779440898085,-0.17022892361875414,-0.03307726172132952,-0.36463130090248735,-0.14080343385428132,-0.15730794629099715,-0.594224081003742,-0.603350209112921,0.13427470834250496,0.10123706801672903,-0.02228923618754127,-0.0012854941668500991,-0.5563108078362315,-0.059667620515078144,-0.54049526744442,-0.5715892581994277,-0.1293484481620075,0.16910411622276028,-0.13798591239269206,0.13826766453885098,0.19147259520140877,0.13557120845256437,-0.09605326876513318,-0.11320933303984151,-0.1629672022892362,-0.27235527184679725,0.02043363416244772,0.14293858683689192,-0.4099735857362976,-0.25106977767994715,-0.4528351309707242,-0.46380585516178735
#50,0.40348228043143297,0.37187541272287034,-0.020620735197006385,0.05264362755888179,0.038084965881576054,0.006187541272287035,0.122788906009245,0.367640325775919,1.0,0.3303147699757869,0.24122165969623596,0.20171032357473034,0.07375963020030817,0.2785296059872331,0.3775302663438257,0.12395113361215056,0.2624036979969183,-0.10756548536209554,0.050757208892802115,0.28363416244772177,0.2773585736297601,0.20145278450363197,0.18073959938366718,0.12319612590799031,0.1049240589918556,0.1086352630420427,0.005564604886638785,-0.030838652872551178,-0.058058551617873655,0.2839731454985692,-0.027497248514197666,0.1840281752146159,-0.0763350209112921,-0.0004908650671362535,0.23841514417785603,0.2604358353510896,0.026557340964120626,0.037050407219898746,-0.13771076381245873,0.046174334140435834,0.19975566806075282,0.2797512656834691,-0.04452784503631961,0.08705701078582434,-0.04702179176755448,0.11321813779440898,0.033506493506493505,0.029975786924939466,-0.12763152102135153,0.04642306845696676,0.020653753026634383,0.00572969403477878,-0.0723728813559322,-0.07802993616552939,0.03872551177635923,0.07949372661237068,-0.15543253356812678,0.007068016729033678,-0.14565265243231346,-0.27466211754347347,-0.16336341624477219,-0.11189302223200528,0.24150121065375302,0.2186484701738939,-0.15437816420867267,0.04898745322474136,-0.15512656834690733,0.10300902487343165,0.21410741800572308,0.20149900946511115,0.025624036979969185,0.17115562403697998,-0.028547215496368038,0.08791547435615232,0.060305965221219456,0.0013295179396874313,-0.24404578472375082,-0.26752586396654193,0.03262161567246313,0.1694254897644728,0.13995597622716266,-0.014272507153863086,0.03232665639445301,-0.07708782742681047,-0.062656834690733,-0.2649482720669161,-0.26782302443319395,0.09561743341404358,0.0487211093990755,0.12085406119304425,0.19177195685670262,-0.3187211093990755,-0.033753026634382566,-0.13224081003742022,-0.23096632181377943,-0.17235307065815542,0.02768434954875633,-0.04160246533127889,-0.019381465991635483,-0.010961919436495708,-0.16998239049086505,0.05572969403477878,-0.047046004842615015,-0.11286814880035219,-0.21182038300682368,-0.04930222320052829,-0.11842394893242351,-0.19089368258859785,-0.06095971824785384,-0.09132291437376183,-0.14718027734976888
#51,0.5152674444199868,0.49216376843495485,0.4184635703279771,0.5710323574730355,-0.09438036539731455,0.30370900286154523,0.2881598062953995,0.5156086286594761,0.3303147699757869,1.0,0.387211093990755,0.20003742020691173,0.27882456526524324,0.12902267224301123,0.18463790446841294,0.2388531807175875,0.598036539731455,-0.09040281752146159,-0.061483601144618094,0.3280211314109619,0.23929341844596083,0.3435527184679727,0.05544353951133612,-0.1249636803874092,0.13475676865507374,0.1426700418225842,0.3242174774378164,0.26139555359894345,0.2038168611049967,0.13596302003081664,0.2009685230024213,0.02872991415364297,0.15992956196346028,-0.0850363196125908,0.013466872110939908,0.11669601584855822,0.01827426810477658,-0.09713845476557341,-0.00287475236627779,-0.1315760510675765,0.3294937266123707,0.10727933083865288,0.22209333039841514,0.010070438036539732,-0.02386748844375963,0.030605326876513315,0.2522804314329738,0.18987233105877174,0.2183645168390931,0.1946026854501431,0.2709839313229144,0.06045344486022452,0.3275478758529606,0.1929605987233106,0.2152982610609729,0.04077261721329518,-0.10856482500550298,-0.03678846577151662,-0.36306845696676204,-0.3978494386968963,-0.4416552938586837,-0.4953598943429452,-0.0008078362315650452,0.07790226722430112,0.10491965661457187,0.24559322033898304,-0.22442659035879375,-0.007200088047545674,0.11341184239489324,0.2109949372661237,0.03226502311248074,0.3656394453004623,0.18139995597622716,0.13746423068456967,0.11160246533127889,0.11679286814880036,-0.42826986572749287,-0.34771076381245875,0.19061633281972265,0.10082104336341624,0.2788135593220339,0.1088729914153643,0.0613251155624037,0.07922738278670483,0.02892141756548536,-0.47277349768875193,-0.4073057451023553,0.19234866828087166,0.08769315430332379,0.18063394232885757,0.14772837332159366,-0.2818511996478098,-0.10557340964120625,-0.44548095971824786,-0.49609509134932867,0.12230244331939247,-0.06541272287034999,0.13969183359013868,0.0850033017829628,0.10584855822143958,0.30473695795729694,0.3094541052168171,0.02429672022892362,-0.030664758969843716,-0.17065595421527624,0.0661897424609289,0.0876337222099934,-0.4993088267664539,-0.1938961038961039,-0.42407660136473696,-0.45935505172793306
#52,0.5225555800132071,0.561419766674004,0.19918556020250935,0.09428131190843055,0.1402113141096192,0.05383447061413163,0.3332225401716927,0.3119040281752146,0.24122165969623596,0.387211093990755,1.0,0.15079903147699758,0.09204930662557781,0.2902685450143077,0.031010345586616774,0.09225401716927141,0.32125467752586395,-0.022714065595421527,-0.09430992736077481,-0.041864406779661016,0.021047765793528506,0.09041602465331279,0.13728153202729473,-0.09275808936825886,0.10053929121725731,0.1061831388950033,0.010405018710103455,-0.0019898745322474137,0.021714725952014086,-0.1172969403477878,0.05812018489984592,0.11475676865507374,0.2939555359894343,0.09497908870790227,0.14612810917895663,0.23715606427470834,0.08914373761831389,0.02988994056790667,0.17373321593660576,0.0637574290116663,0.20548756328417345,0.1804402377283733,0.009713845476557341,0.07102135152982611,0.0029099713845476558,0.22675544794188862,0.12037420206911732,0.08297160466651993,-0.029432093330398416,0.06667840633942329,0.00938366718027735,0.11197886858903808,0.10171252476337223,0.13583094871230464,0.09355712084525644,0.11224521241470393,-0.18283072859344046,-0.18841514417785604,0.003526304204270306,-0.16893022232005284,-0.2243957737178076,-0.1441602465331279,-0.020457847237508254,-0.08805194805194805,-0.06084305524983491,-0.20120405018710102,0.11442218798151002,0.14567906669601585,0.06542372881355932,0.10702399295619634,-0.020737398195025313,0.27300242130750607,-0.11926480299361655,-0.12640545894783184,-0.0626964560862866,0.05163548316090689,-0.27995817741580453,-0.11990534888839974,0.21583094871230465,-0.01606867708562624,0.04858463570327977,0.01568567026194145,0.0237376183138895,0.034034778780541494,-0.00686550737398195,-0.19106537530266343,-0.19083865287255117,0.17820603125687873,0.021001540832049307,0.07950253136693815,-0.02609289016068677,-0.16598723310587718,-0.14229583975346688,-0.15440457847237507,-0.16555580013207133,0.17679947171472596,0.022791107197886858,0.03873651771956857,0.2649394673123487,0.16401716927140655,0.3664582874752366,0.27399075500770415,0.2479881135813339,-0.06529165749504733,-0.07607307946290998,0.1343847677745983,0.2909289016068677,-0.1992493946731235,-0.15411622276029055,-0.13069117323354612,-0.14877173673783844
#53,0.30005502971604664,-0.09300022011886419,0.16051727933083865,0.1575808936825886,0.6555998239049087,0.378910411622276,-0.06209112920977328,0.07018049746863306,0.20171032357473034,0.20003742020691173,0.15079903147699758,1.0,0.37134272507153865,0.10300902487343165,0.11793308386528725,-0.19249394673123488,0.1847391591459388,0.17406559542152764,-0.1704754567466432,0.04589258199427691,0.043059652212194585,-0.12347347567686551,0.14623156504512436,-0.033506493506493505,0.12546775258639664,-0.12553378824565264,0.09032137354171252,-0.08184899845916795,0.37446180937706364,0.16819062293638565,0.42359674224081006,0.2830068236847898,0.07179176755447941,0.02921417565485362,0.2436385648250055,0.2233942328857583,0.15969183359013867,0.18229143737618314,0.11724631300902487,-0.023810257539071098,0.20872991415364298,0.11615452344265903,0.3023662777900066,0.04445960818842175,0.2435263042042703,-0.009447501650891482,0.15853180717587498,0.18239049086506715,0.10768434954875633,0.03266563944530046,0.06399735857362976,-0.2108826766453885,0.002604006163328197,-0.15774378164208672,0.0487409200968523,-0.026568346907329957,-0.22604226282192383,-0.10539071098393132,-0.16231785163988555,-0.05389390270746203,-0.2087211093990755,-0.2013713405238829,0.16795289456306406,0.03687651331719128,-0.1266585956416465,0.03950473255558001,-0.047745982830728596,-0.24345806735637243,0.02615232225401717,0.24887079022672243,-0.015170592119744662,-0.003574730354391371,0.07131410961919436,-0.012927580893682589,0.0789324235086947,-0.16761831388950033,-0.2832203389830508,-0.38778120184899845,0.07920537090028615,0.237970504072199,0.5076139115122166,0.4811688311688312,0.16022011886418666,0.36964560862865947,0.5078318291877614,-0.16126788465771516,-0.14204930662557783,0.14223200528285274,0.29099933964340746,0.41200968523002424,0.37635703279771077,0.002559982390490865,-0.007468633061853401,-0.25581774158045345,-0.222590799031477,-0.07727272727272727,-0.10584855822143958,0.20103235747303544,-0.008065155183799251,0.09933744221879814,0.0003852080123266564,0.28123706801672904,0.23506713625357692,0.024142637023992955,0.07248734316530926,0.02887079022672243,-0.10793528505392912,-0.2272639225181598,-0.18475896984371562,-0.2040083645168391,-0.15302223200528287
#54,0.1013713405238829,0.1346599163548316,0.3008848778340304,0.3590710983931323,0.3659388069557561,0.5631983270966322,0.22337662337662337,-0.05411402157164869,0.07375963020030817,0.27882456526524324,0.09204930662557781,0.37134272507153865,1.0,0.060977327756988775,-0.24376843495487563,-0.3300132071318512,0.10521021351529826,0.18747743781642087,-0.3746489104116223,-0.11646929341844596,-0.1492361875412723,-0.13842394893242352,0.06715606427470834,-0.21653753026634381,-0.03599163548316091,-0.2726656394453005,0.21991195245432535,0.0400528285274048,0.4668302883557121,-0.2195333480079243,0.20810917895663658,-0.06645608628659476,-0.27403257759189964,-0.3912788906009245,-0.2292471934844816,-0.15480079242791106,-0.20915914593880697,-0.2833546114902047,-0.24159366057671142,-0.3795355491965661,0.03543473475676866,-0.31909311027955095,0.07850759410081444,-0.14992295839753467,0.13650231124807397,-0.052016288795949814,0.15366938146599163,0.20293638564825006,0.16289676425269645,0.09261941448382126,0.09057010785824345,-0.14693594541052168,0.1538102575390711,-0.21471714725952015,-0.09973365617433413,-0.3784173453664979,0.05227823024433194,-0.17148360114461808,0.055370900286154524,0.08487343165309268,-0.014807395993836672,-0.05906229363856483,0.038626458287475234,-0.00987673343605547,0.05030816640986133,0.13807836231565046,0.34634602685450144,0.04547435615232225,-0.06772837332159366,-0.0811600264142637,0.07989214175654853,0.07337662337662337,-0.2183975346687211,-0.067706361435175,-0.30735197006383447,-0.2825996037860445,-0.36694034778780543,-0.2777261721329518,0.12947831829187761,-0.06517279330838653,0.4714637904468413,0.2641206251375743,0.3741074180057231,0.3039885538190623,0.4086088487783403,0.06577151661897425,0.11550297160466652,0.129438696896324,-0.07534668721109399,0.19957517059211974,0.15575170592119744,0.2551793968743121,0.049700638344706144,0.11464891041162227,0.04130970724191063,0.1608298481179837,-0.3300198106977768,0.23718467972705262,-0.20762491745542594,0.16296940347787806,0.11956196346026854,0.2617257318952234,0.08338983050847458,-0.07257539071098393,-0.04173453664979089,-0.14186000440237728,-0.19832049306625577,-0.15729914153642968,-0.058272066916134714,0.09876513317191284,0.08656614571868809
#58,0.1387805414924059,0.21302883557120844,0.07898745322474136,-0.026913933524103015,0.006458287475236628,-0.06822364076601364,0.48531587057010783,0.30124807395993836,0.2785296059872331,0.12902267224301123,0.2902685450143077,0.10300902487343165,0.060977327756988775,1.0,-0.13564164648910412,-0.05176755447941889,0.13973365617433414,-0.21156064274708342,-0.16069337442218798,-0.11816200748404138,-0.19228483381025754,-0.04649570768214836,-0.22288795949812898,-0.026850099053488886,-0.11987012987012988,-0.05025974025974026,0.08972705260840855,0.1535130970724191,-0.15441118203830068,-0.03825225621835791,0.00687871450583315,0.05091349328637464,0.16468192824125027,0.284125027514858,0.05194805194805195,-0.21191943649570769,0.04655954215276249,-0.03703499889940568,-0.0686154523442659,0.16867268324895443,-0.030517279330838653,-0.08792427911071979,0.16395113361215055,-0.14365397314549858,0.033570327977107635,0.3556900726392252,0.1963416244772177,0.22576491305304863,0.10591239269205371,0.13271406559542154,-0.021314109619194364,0.016004842615012106,-0.06872331058771737,-0.03848998459167951,-0.004666519920757209,0.0033392031697116443,-0.1819238388729914,-0.10327536869909751,0.08399295619634603,0.16716046665199208,-0.23714505833149901,-0.1487343165309267,0.12393792648029936,0.3470416024653313,-0.0065485362095531584,-0.0400924499229584,0.16892141756548537,0.23327977107638126,-0.06931322914373762,0.026583755227823025,0.07499229583975346,0.03522562183579133,-0.023152102135152983,0.10453885097952895,0.03492626018049747,0.16412502751485802,-0.19880475456746644,0.05370900286154524,-0.16819722650231125,-0.2865243231344926,-0.0698745322474136,-0.14370239929561965,-0.07108958837772397,-0.058606647589698434,0.048115782522562184,-0.17041822584195465,-0.2734602685450143,-0.0412524763372221,0.03585296059872331,-0.03952014087607308,0.04947391591459388,-0.04120184899845917,0.28258859784283513,-0.1620647149460709,-0.18594981289896545,-0.022403697996918336,-0.1906515518379925,-0.06275808936825886,-0.046799471714725954,0.20234866828087167,0.0985362095531587,-0.10133171912832929,-0.007349768875192604,-0.03472595201408761,-0.14160686770856262,0.007429011666299802,0.0071164428791547435,-0.223185119964781,0.08573189522342065,-0.14789566365837553,-0.15392031697116443
#101,0.23716707021791766,0.2530618534008365,-0.1002575390710984,0.007510455646048866,-0.11573189522342064,-0.1929341844596082,-0.23033017829628,0.2597314549856923,0.3775302663438257,0.18463790446841294,0.031010345586616774,0.11793308386528725,-0.24376843495487563,-0.13564164648910412,1.0,0.6525863966541933,0.1836055469953775,0.007228703499889941,0.6055337882456526,0.6289610389610389,0.7490755007704161,0.6378956636583756,0.33264362755888177,0.30353070658155407,0.5762998018930222,0.37826766453885097,-0.13125687871450584,-0.22572529165749505,-0.182425709883337,0.510378604446401,0.04695795729694035,0.3509641206251376,0.12764913053048646,0.32957517059211977,0.6108738718908211,0.4408430552498349,0.46020691173233547,0.36917235307065815,0.2591173233546115,0.2772705260840854,0.2735263042042703,0.5564230684569668,0.1695509575170592,0.3014637904468413,-0.045507373981950254,-0.019286814880035218,-0.1541206251375743,-0.1781796169931763,-0.40395773717807615,-0.14867048206031258,-0.12385868368919216,0.10240810037420207,0.027382786704820604,0.27751705921197445,0.47647589698437154,0.4467730574510235,-0.38281311908430554,0.03765793528505393,-0.5431168831168831,-0.5588025533788246,-0.3913185119964781,-0.3693022232005283,0.22018269865727494,0.04782522562183579,-0.23719568567026195,-0.053772837332159366,-0.3221241470394013,-0.26552498349108516,0.573680387409201,0.5393198327096632,0.08784943869689632,0.07567466431873211,0.3003345806735637,-0.010812238608848779,0.4411292097732776,-0.03844816200748404,-0.06595641646489105,-0.3868346907329958,0.1694915254237288,0.5644772176975567,-0.13233546114902048,-0.040228923618754124,-0.13985692273827868,-0.32340523882896766,-0.13693154303323796,-0.5228021131410961,-0.47887739379264804,0.009172353070658156,0.058593440457847236,-0.01283513097072419,0.06056570548095972,-0.5257583094871231,-0.30042482940788023,-0.39511776359233985,-0.3788135593220339,-0.1720823244552058,0.3628285274047986,-0.28790006603565926,0.14213955535989434,-0.2728593440457847,-0.2682654633502091,-0.12418886198547216,0.05515958617653533,-0.034424389170151885,-0.018674884437596302,-0.024105216817081224,0.005476557340964121,-0.36465551397754786,-0.21716266784063396,-0.3695201408760731,-0.3566960158485582
#102,0.13386748844375962,0.3392956196346027,0.11187101034558662,0.09391811578252256,-0.1618181818181818,-0.19165749504732554,-0.10132071318511997,0.27787585296059875,0.12395113361215056,0.2388531807175875,0.09225401716927141,-0.19249394673123488,-0.3300132071318512,-0.05176755447941889,0.6525863966541933,1.0,0.28249614791987676,0.042938586836891925,0.4423794849218578,0.5738696896324015,0.45716927140655955,0.7088025533788246,0.2313251155624037,0.5406735637244112,0.5046885318071759,0.6366894122826326,-0.15274268104776578,-0.12320493066255778,-0.3386704820603126,0.3855491965661457,-0.07324014968082765,0.3443011226062074,0.34632401496808274,0.406187541272287,0.4499383667180277,0.3065793528505393,0.3995135373101475,0.385346687211094,0.36233325996037863,0.4131322914373762,0.18517059211974465,0.4207285934404578,0.12172353070658155,0.39932643627558884,-0.27076821483601143,0.07291657495047325,-0.2127955095751706,-0.36908210433634164,-0.27430112260620737,0.0021923838872991417,-0.11656394453004623,0.36075500770416025,0.09940127668941229,0.6152564384767775,0.4448624257098833,0.5790336781862205,-0.3143649570768215,0.03204270305965221,-0.46069557561082985,-0.515034118423949,-0.40086066475896986,-0.37400616332819725,-0.1027624917455426,-0.14198767334360554,-0.24097952894563063,-0.0238036539731455,-0.31443319392471936,-0.29129429892141756,0.5676337222099934,0.4576843495487563,0.2477437816420867,0.19815540391811579,0.28656834690732996,0.14381906229363856,0.3220383006823685,0.15873211534228485,-0.012579793088267665,-0.03287695355491966,-0.01516618974246093,0.3808760730794629,-0.3734030376403258,-0.1433480079242791,-0.15994276909531147,-0.4520096852300242,-0.21362095531587058,-0.5345828747523663,-0.3952542372881356,0.10274488223640767,-0.057583094871230464,-0.09327096632181378,-0.06319612590799031,-0.4796324014968083,-0.25441558441558443,-0.39095091349328637,-0.38475016508914817,0.023722209993396436,0.56132071318512,-0.18427470834250495,0.4548448162007484,-0.23525863966541932,-0.003233546114902047,-0.05343165309267004,0.16270746202949593,0.04906449482720669,0.11572088928021132,0.23931543033237948,0.2858991855602025,-0.31164648910411624,-0.14227823024433195,-0.3541404358353511,-0.3974290116662998
#201,0.5143121285494167,0.25546114902047107,0.2930794629099714,0.44216376843495486,0.06136913933524103,0.12485362095531587,0.14648470173893902,0.42637684349548755,0.2624036979969183,0.598036539731455,0.32125467752586395,0.1847391591459388,0.10521021351529826,0.13973365617433414,0.1836055469953775,0.28249614791987676,1.0,-0.09690732995817741,-0.029799691833590138,0.28385428131190843,0.14085846357032797,0.37332379484921857,0.060409421087387186,0.09051287695355492,0.2413185119964781,0.25686990975126567,0.34516618974246094,0.3231565045124367,0.09670702179176756,0.33148800352190183,-0.014144838212634823,0.16344706141316312,0.3210939907550077,0.03718688091569448,0.11874532247413604,0.160858463570328,0.06912172573189522,-0.031754347347567685,0.24697556680607527,0.12124147039401277,0.39763812458727715,0.1736583755227823,0.147244111820383,-0.04226282192383887,0.028952234206471493,0.021287695355491965,0.253383226942549,0.2674180057230905,0.2462557781201849,0.2451221659696236,0.3955888179616993,0.23195905789126128,0.33985692273827867,0.23925379705040722,0.09460708782742681,0.09231565045124367,-0.30765573409641206,-0.18546555139775478,-0.2896962359674224,-0.32261941448382125,-0.39345806735637245,-0.44149240589918554,-0.1532291437376183,0.03983270966321814,0.16021571648690291,0.04966321813779441,-0.25023332599603787,-0.08410081443979749,0.13334360554699537,0.05684349548756328,0.11710323574730354,0.24622496147919876,0.06771296500110059,-0.05941888619854722,-0.05010345586616773,-0.13681047765793528,-0.42045564604886637,-0.3246313009024873,0.12721989874532247,0.24011446180937707,0.1400264142637024,0.2691239269205371,-0.13560642747083426,-0.021364736957957296,-0.13376183138895004,-0.5453598943429452,-0.4267950693374422,0.38355271846797273,0.33324014968082766,0.32366718027734975,0.06684569667620516,-0.45610829848117984,-0.18425269645608627,-0.407409200968523,-0.40838212634822807,0.10535108958837773,0.02450363196125908,0.2759542152762492,0.332821923838873,0.20573189522342064,0.379108518600044,0.3150099053488884,0.028575830948712303,0.1163086066475897,-0.07496588157605107,0.25565265243231344,0.23704820603125687,-0.39521241470394014,-0.40140215716486904,-0.35729473915914595,-0.45817081223860884
