,#10,#11,#12,#13,#17,#18,#26,#49,#50,#51,#52,#53,#54,#58,#101,#102,#201,#202,#301,#302,#401,#402,#501,#502,#601,#602,#701,#702,#801,#802,#901,#902,#1001,#1002,#1101,#1102,#1201,#1202,#1301,#1302,#1401,#1402,#1501,#1502,#1601,#1602,#1701,#1702,#1801,#1802,#1901,#1902,#2001,#2002,#2101,#2102,#2201,#2202,#2301,#2302,#2401,#2402,#2501,#2502,#2601,#2602,#2701,#2702,#2801,#2802,#2901,#2902,#3001,#3002,#3101,#3102,#3201,#3202,#3301,#3302,#3401,#3402,#3455,#3501,#3502,#3601,#3602,#3701,#3702,#3801,#3802,#3901,#3902,#4001,#4002,#4101,#4102,#4201,#4202,#4301,#4302,#4401,#4402,#4501,#4502,#4601,#4602,#4701,#4702,#4801,#4802
#10,1.0,0.4193308386528726,0.4548073959938367,0.42195465551397754,0.32872991415364294,0.39213295179396873,0.17936825885978427,0.503944530046225,0.3793748624257099,0.21564604886638786,0.2860906889720449,0.3478758529605987,0.11801893022232006,0.24293418445960818,-0.3637200088047546,-0.1911402157164869,0.1787607307946291,0.18702179176755448,-0.12045124367158265,0.10023552718467972,-0.3758155403918116,0.008602245212414704,-0.1593132291437376,0.053376623376623376,-0.11635923398635263,0.12352850539291217,-0.0635130970724191,0.30549416685009906,-0.07007704160246533,0.30541492405899184,0.16141976667400396,0.12680607528065155,0.3254655513977548,0.3560312568787145,-0.07816200748404138,0.03702399295619634,-0.012320052828527404,-0.03906669601584856,-0.11327977107638125,-0.08214175654853621,0.10237508254457407,0.2488928021131411,0.11368258859784283,0.016147919876733436,-0.05312348668280872,-0.041014747963900505,0.027919876733436055,0.17654853620955316,-0.14259520140876072,0.06570988333700198,0.09384107418005723,0.2250363196125908,-0.07090028615452344,0.025478758529605988,-0.4205591019150341,-0.10496808276469294,-0.3837112040501871,-0.14652212194585076,-0.1024191063174114,-0.011558441558441558,-0.048379925159586175,-0.022366277790006602,0.07738058551617874,-0.016154523442659035,0.3299471714725952,0.20050187101034558,0.13752366277790007,-0.010114461809377064,-0.03664098613251156,0.01439357252916575,0.1895333480079243,0.3012854941668501,-0.002262821923838873,0.0436187541272287,0.019262601804974685,0.007431212854941668,-0.0886418666079683,-0.023988553819062293,-0.02105216817081224,0.1630640545894783,0.07885978428351309,0.3508848778340304,-0.04491305304864627,0.03031256878714506,0.37887519260400615,-0.02119524543253357,-0.1321813779440898,0.2897578692493947,0.016026854501430772,0.12881796169931764,0.2614043583535109,-0.1874224081003742,-0.024714946070878274,-0.12185119964780981,-0.19153202729473917,0.18302663438256658,0.08691393352410301,0.16827646929341844,0.40536209553158703,0.17418005723090468,0.25400396213955534,0.06278670482060313,0.0438895003301783,0.4142394893242351,0.38894122826326216,0.4154567466431873,0.3159322033898305,-0.0010873871890821043,0.04755888179616993,-0.11762271626678407,-0.09188641866607969
#11,0.4193308386528726,1.0,0.34316530926700417,0.23928241250275148,0.18035439137134052,0.2597446621175435,0.40821703720008806,0.5120735197006383,0.5894276909531146,0.22508034338542812,0.371369139335241,0.07865947611710324,0.023103675985031918,0.2000726392251816,-0.014191063174114022,0.04053929121725732,0.2131653092670042,0.18734096412062515,0.05321153422848338,0.16353070658155405,-0.09753246753246753,0.07554919656614571,-0.06145278450363196,-0.029867928681488003,-0.05745982830728594,0.02787805414924059,-0.14048426150121066,0.13857142857142857,0.0018622055910191503,0.13579793088267664,0.0937178076161127,0.12995597622716268,0.3175346687211094,0.2588575830948712,0.1308034338542813,-0.01668280871670702,0.20359233986352632,0.12311688311688311,-0.22320493066255778,-0.07169931763152101,-0.02360774818401937,0.1719920757208893,0.2318467972705261,0.05465991635483161,-0.1140215716486903,-0.0788003521901827,-0.14178516398855381,0.08225181598062954,-0.039548756328417346,-0.1709090909090909,0.0005172793308386529,0.03134932863746423,-0.07150341184239489,-0.020955315870570108,-0.2637904468412943,-0.07823024433193924,-0.31274047985912395,-0.12697556680607527,-0.15769535549196567,-0.22819722650231125,-0.23055249834910851,-0.16666740039621394,0.05352190182698657,0.0287145058331499,0.2582742681047766,0.16802773497688753,0.245016508914814,0.15090028615452344,0.2130662557781202,0.14489544353951134,0.25066255778120183,0.3067290336781862,0.06280431432973806,-0.04533348007924279,-0.023623156504512438,-0.09613911512216597,-0.15766233766233767,-0.12249614791987673,0.09244772176975567,0.13766233766233765,0.24244111820383007,0.05836451683909311,0.20846577151661896,0.15727492846136915,0.18242791107197887,-0.2377459828307286,-0.23306405458947832,0.21679947171472594,0.07426590358793748,0.11224301122606208,-0.04829187761391151,-0.09805635042923179,-0.267805414924059,-0.15238828967642526,-0.28856042262821924,0.030933303984151443,0.01581554039181158,0.06755227823024433,0.14998459167950692,0.14878934624697338,0.06103896103896104,-0.037578692493946735,0.11528285274047986,0.277673343605547,0.3369073299581774,0.37782302443319393,0.1950627338762932,-0.15552938586836892,-0.05079022672243011,-0.29891481399955977,-0.2814307726172133
#12,0.4548073959938367,0.34316530926700417,1.0,0.41310807836231567,0.3113405238828968,0.456682808716707,0.1892537970504072,0.27222320052828525,0.32393132291437376,0.41867268324895446,0.15996918335901386,-0.06062953995157385,0.25918776139115124,0.1999273607748184,-0.2626304204270306,-0.18059652212194585,0.5982610609729254,0.43482720669161345,-0.2435923398635263,-0.1922342064714946,-0.05278450363196126,-0.3122760290556901,0.09637244111820382,-0.40279110719788686,-0.03042042703059652,-0.32411622276029056,0.17655073739819502,0.2860114461809377,0.1362821923838873,-0.05274488223640766,0.5663658375522782,-0.07584415584415584,0.436847897864847,0.17136913933524103,0.15739379264802994,-0.27983491085186,-0.13477657935285053,-0.2387607307946291,-0.07410081443979749,-0.3017609509134933,-0.1626832489544354,-0.22591019150341185,0.22032357473035438,-0.046174334140435834,-0.17203389830508475,-0.4345036319612591,0.15939907550077043,0.021234866828087166,0.19003742020691172,0.16121505613031037,0.35383006823684787,0.19963020030816642,0.24661237068016728,0.028602245212414702,-0.2207968302883557,-0.17149900946511115,-0.2389390270746203,-0.3831807175874972,0.13998899405679066,-0.27337882456526524,-0.10953334800792427,0.039676425269645606,-0.29671362535769313,-0.21417345366497909,0.42681267884657714,0.17414483821263482,-0.050642747083425046,0.2916288795949813,-0.21515738498789347,-0.018115782522562185,0.4271318511996478,0.32651111600264143,-0.16732555580013206,0.27940347787805414,-0.22352190182698659,-0.017715166189742462,-0.12032137354171253,0.06784943869689633,-0.08658155403918116,-0.07957957296940348,0.11685670261941448,-0.06202729473915915,0.1083777239709443,0.22026854501430773,-0.07982170372000881,-0.06260180497468633,-0.06394453004622497,0.4086946951353731,-0.13206691613471275,0.21113801452784503,-0.02641646489104116,0.10677085626238168,-0.1294408980849659,0.01792868148800352,-0.009361655293858684,0.4947149460708783,-0.35225181598062955,0.5943583535108958,0.3604160246533128,0.35981950253136696,0.4712106537530266,0.5092471934844817,0.25995597622716266,0.3485230024213075,0.41348448162007484,0.4850693374422188,0.526286594761171,-0.018998459167950694,0.1622870349988994,-0.04012106537530266,0.03511996478098173
#13,0.42195465551397754,0.23928241250275148,0.41310807836231567,1.0,0.10360994937266124,0.3214637904468413,0.1393286374642307,0.3776601364736958,0.3390182698657275,0.5308782742681047,-0.015093550517279331,0.2007241910631741,0.25538630860664757,0.2101915034118424,-0.3013317191283293,-0.3685494166850099,0.5501342725071539,0.12358133392031698,-0.1941008144397975,-0.2258463570327977,-0.34751265683469074,-0.36374642306845695,0.30577812018489986,-0.12323354611490205,0.2755227823024433,-0.058886198547215496,0.2926964560862866,0.2777834030376403,-0.13729473915914595,0.06086946951353731,0.20115562403697998,-0.054904248294078806,0.19522342064714945,0.06323574730354391,-0.02404138234646709,-0.16904908650671363,-0.19316090688972046,-0.20389830508474577,0.0450891481399956,-0.20067576491305306,-0.24364957076821483,-0.21406999779881136,-0.10156064274708343,-0.05196566145718688,0.16211974466211754,-0.24694695135373101,0.300462249614792,0.20987893462469734,0.05262821923838873,0.06463570327977107,0.1367422408100374,0.059881135813339204,-0.019244992295839754,-0.21118423948932424,-0.05466651992075721,-0.24581554039181158,-0.0576271186440678,-0.27411842394893243,0.2746995377503852,0.06711204050187101,0.010715386308606648,0.051556240369799694,-0.022890160686770855,-0.08305084745762711,0.2770526084085406,0.008518600044023774,0.0997292537970504,0.1889456306405459,-0.19645168390931103,-0.13602245212414704,-0.04186220559101915,-0.11228483381025754,-0.17970724191063175,0.008820162887959499,-0.2165661457186881,-0.2624125027514858,0.007316751045564605,0.035883777239709445,0.14831388950033017,-0.07285934404578473,0.005434734756768655,0.06104996698217037,-0.11072639225181598,0.22198767334360556,0.012419106317411402,0.11588597842835131,0.08715606427470834,0.059460708782742684,-0.0486220559101915,0.013878494386968964,0.06685670261941448,0.17270085846357033,0.1012920977327757,0.14993836671802774,0.1224653312788906,0.41724631300902487,-0.050178296279991194,0.2401056570548096,0.2187079022672243,0.027171472595201408,-0.036418666079683026,0.14261501210653754,-0.12113581333920317,0.14874312128549416,0.2505084745762712,0.2183050847457627,0.2066585956416465,0.05714946070878274,0.046110499669821704,0.13467972705260842,0.20209333039841515
#17,0.32872991415364294,0.18035439137134052,0.3113405238828968,0.10360994937266124,1.0,0.47125027514858026,0.15926480299361656,0.2263350209112921,0.08088047545674665,0.12611490204710543,0.026836891921637684,0.1500858463570328,0.36319172353070656,0.24938806955756107,-0.3023684789786485,-0.10903587937486242,-0.009222980409421088,0.13230024213075062,-0.27824125027514857,0.003931322914373762,0.041600264142637025,0.17387189082104337,-0.1351089588377724,0.03677305745102355,-0.14235527184679728,0.0009421087387189082,-0.1574818401937046,0.29411622276029054,0.08085846357032797,0.07255998239049087,0.38832929782082326,-0.0423794849218578,0.47279771076381244,0.35438036539731455,0.09627118644067796,-0.08262601804974687,0.1271912832929782,-0.006418666079683029,0.10981730134272508,0.02316530926700418,-0.1071714725952014,0.08786704820603125,0.34967862645828746,0.01936385648250055,-0.10762711864406779,0.10675544794188863,-0.11617653532907771,0.11112040501871011,-0.09985252036099494,0.10993176315210214,0.09064714946070879,0.39479639005062733,0.2223200528285274,0.34049526744442,-0.11167950693374422,0.1706713625357693,-0.20239049086506714,0.010312568787145059,-0.29296279991195245,0.028173013427250714,-0.19608188421747744,-0.19728373321593662,-0.07826326216156725,-0.2144353951133612,0.0387607307946291,0.1607990314769976,-0.20240149680827646,0.10310367598503192,-0.07319832709663218,-0.25284173453664976,0.11443539511336122,-0.03427250715386308,0.11389830508474576,0.3380871670702179,0.08161347127448822,0.17916795069337443,-0.1487607307946291,-0.1734932863746423,0.05597842835130971,0.09684129429892142,0.2848316090688972,0.3145366497908871,0.11578252256218358,0.34105216817081224,0.312161567246313,-0.1198547215496368,-0.19646929341844596,0.3236319612590799,0.07296279991195245,0.43695795729694037,0.192689852520361,-0.1562425709883337,-0.13674884437596302,-0.26615892581994277,-0.29346467092229805,-0.002267224301122606,-0.05517939687431213,0.08453224741360335,0.4994408980849659,0.13469733656174335,0.38791327316751045,0.2986110499669822,0.1856680607528065,0.18679506933744222,0.27097952894563065,0.3334008364516839,0.35825665859564165,-0.06152762491745543,-0.08404138234646709,-0.32001100594320936,-0.2875808936825886
#18,0.39213295179396873,0.2597446621175435,0.456682808716707,0.3214637904468413,0.47125027514858026,1.0,0.08639445300462249,0.3185846357032798,0.2773563724411182,0.3248162007484041,0.08263482280431433,0.22786484701738938,0.5592714065595421,0.17642526964560862,-0.37208232445520584,-0.3523332599603786,0.22029495927801013,0.1842196786264583,-0.29897644728153205,-0.19594100814439797,-0.19252916574950474,-0.28803433854281313,-0.03314549856922738,-0.2815716486902928,0.06300022011886419,-0.11827867048206031,-0.02041382346467092,0.4399405679066696,0.16944970283953334,0.37805414924058994,0.5004600484261501,-0.07372881355932204,0.3127492846136914,0.1963614351749945,0.12744441998679287,-0.07097732775698877,0.047142857142857146,-0.06420206911732336,-0.07105657054809597,-0.12913493286374642,-0.019955976227162667,0.003570327977107638,0.17118864186660795,-0.06500550297160466,-0.042755888179616994,-0.2003609949372661,0.08509355051727933,0.07844155844155844,-0.04788906009244992,0.13228923618754126,0.1805018710103456,0.21135373101474797,0.030737398195025314,-0.15599603786044464,-0.06161347127448823,-0.27579572969403476,-0.20561303103675985,-0.3354061193044244,0.1435197006383447,0.03721329517939687,-0.06442879154743561,0.0005723090468853181,-0.05319612590799031,-0.1944243891701519,0.32110719788685893,0.18552938586836892,0.033306185340083644,0.2581488003521902,-0.27430112260620737,-0.2447061413163108,0.08513977547875853,-0.16916795069337442,-0.12458727712965001,0.20842835130970724,-0.177409200968523,-0.11221659696235968,-0.05710763812458728,0.06036979969183359,0.007101034558661678,-0.08476117103235747,0.2914813999559762,0.28352630420427033,-0.1867444419986793,0.6725555800132071,0.32698877393792647,0.07791327316751046,-0.0362029495927801,0.39204050187101036,0.02138895003301783,0.34658815760510675,0.04372220999339643,0.1615034118423949,0.09464450803433855,0.09699977988113581,0.12049746863306185,0.3461369139335241,-0.21851199647809819,0.18679066696015847,0.16275148580233326,0.09243671582654633,0.15005282852740479,0.34007484041382346,0.12481620074840413,0.0005591019150341185,0.1383513097072419,0.06160906889720449,0.27650231124807395,0.02275808936825886,0.1719326436275589,-0.00863086066475897,0.017596302003081665
#26,0.17936825885978427,0.40821703720008806,0.1892537970504072,0.1393286374642307,0.15926480299361656,0.08639445300462249,1.0,0.41223860884877833,0.3451926040061633,0.35533788245652653,0.1966718027734977,0.14268104776579352,0.013420647149460709,0.36015628439357256,0.122326656394453,-0.07081223860884878,0.2716134712744882,-0.10838212634822804,0.053372220999339644,-0.005956416464891041,0.1487409200968523,0.004851419766674004,-0.12400396213955536,-0.2598877393792648,0.02225181598062954,-0.15151441778560423,-0.1546401056570548,-0.19640986132511556,-0.02935725291657495,0.0067642526964560865,-0.002830728593440458,-0.1709685230024213,0.01013647369579573,0.16644728153202729,0.0586418666079683,-0.02521021351529826,0.144950473255558,0.03352190182698657,-0.12983050847457628,-0.19844155844155845,-0.026447281532027293,0.0922738278670482,0.24609949372661238,0.009482720669161348,-0.24819722650231124,-0.016057671142416904,-0.211930442438917,-0.1821483601144618,-0.028450363196125907,-0.26362315650451246,-0.15961479198767334,-0.15625137574290116,-0.18423508694695134,-0.1706383447061413,-0.07802113141096192,-0.33198106977767994,-0.008582434514637905,-0.015241030156284394,-0.23434734756768655,-0.3439885538190623,-0.05016288795949813,0.04119084305524984,0.07622716266784063,-0.11260620735197006,-0.16025533788245652,0.19346907329958177,0.17689192163768436,0.1968038740920097,0.18938806955756107,0.14723970944309928,0.2162029495927801,0.22089148139995599,0.21067576491305304,0.04411402157164869,0.14643187321153422,0.11291437376183139,-0.03427250715386308,0.03577371780761611,0.14675324675324675,-0.11444199867928681,0.2735615232225402,-0.08482060312568787,0.02103235747303544,0.13392031697116444,0.3190777019590579,-0.015280651551837993,-0.02772176975566806,0.23477437816420868,0.2522143957737178,0.11241470394012767,-0.025111160026414264,-0.09847017389390271,-0.2957957296940348,-0.09731454985692274,-0.17117763592339863,-0.06562623816861105,-0.11162887959498129,-0.0900528285274048,0.003638564825005503,-0.05575390710983932,-0.0461699317631521,-0.14240810037420207,0.11893682588597843,0.08825225621835792,0.1813911512216597,0.11404578472375082,0.08364076601364737,0.08564825005502971,-0.018122386088487784,-0.15931763152102135,-0.26196125907990314
#49,0.503944530046225,0.5120735197006383,0.27222320052828525,0.3776601364736958,0.2263350209112921,0.3185846357032798,0.41223860884877833,1.0,0.6534712744882236,0.5133414043583535,0.32092670041822585,0.48056350429231787,0.15351749944970283,0.3519898745322474,-0.18387849438696896,-0.3327977107638125,0.33995817741580453,0.09081443979749064,-0.009009465111160027,0.0016222760290556901,-0.13781642086726834,-0.1929077701959058,0.05375963020030817,-0.19286374642306844,0.10533788245652652,-0.17845476557340964,0.04309707241910632,0.022445520581113803,0.09479418886198547,0.15395993836671804,0.18099273607748184,0.1034602685450143,0.28964560862865946,0.16192824125027516,0.1528527404798591,-0.0724191063174114,0.24057891261281092,-0.02454105216817081,-0.07046665199207572,-0.11365617433414044,0.16246092890160688,0.10483381025753907,0.3190182698657275,0.022229804094210874,0.06920096852300242,-0.1417411402157165,0.0375610829848118,0.11209333039841514,-0.15295179396874312,-0.24151882016288795,-0.005522782302443319,-0.05487343165309267,-0.16224961479198768,-0.2805480959718248,-0.23745322474136032,-0.4113515298261061,-0.25216376843495486,-0.26623816861105,-0.12456306405458947,-0.12527845036319613,-0.16465331278890602,-0.0717081223860885,0.14158485582214395,-0.2516971164428792,0.2385890380805635,0.061540832049306625,0.26215496368038743,0.26084745762711864,0.07966101694915254,0.014635703279771076,0.2899977988113581,0.16946951353731016,0.09305965221219459,0.1261104996698217,0.12358353510895884,-0.02668500990534889,-0.2054853620955316,-0.05548095971824785,0.34677745982830727,-0.13657715166189743,0.21294959278010125,0.2722342064714946,-0.10689412282632621,0.22140215716486902,0.3101606867708563,-0.030530486462689854,-0.14118423948932424,0.2206845696676205,0.1831961259079903,0.21810037420206912,0.13888619854721548,-0.0336913933524103,-0.20010345586616773,-0.15571868809156944,-0.14088707902267225,0.15539731454985692,-0.18360334580673562,0.186880915694475,0.15193264362755887,0.04944970283953335,0.05795289456306405,0.055381906229363856,0.10162007484041383,0.244620294959278,0.35831829187761394,0.29209112920977326,0.20436715826546334,-0.10562183579132732,0.027296940347787804,-0.16111160026414265,-0.13891041162227602
#50,0.3793748624257099,0.5894276909531146,0.32393132291437376,0.3390182698657275,0.08088047545674665,0.2773563724411182,0.3451926040061633,0.6534712744882236,1.0,0.49530486462689854,0.4688333700198107,0.19876513317191283,0.005602025093550517,0.29866387849438697,0.03772176975566806,-0.11063834470614131,0.3111534228483381,0.13941008144397976,0.16241030156284395,0.020200308166409862,-0.06029936165529386,-0.19442879154743561,0.008961038961038961,-0.14961699317631522,0.025921197446621174,-0.12171692714065595,-0.06301122606207352,0.011109399075500771,0.21351970063834472,0.11326656394453005,0.1969227382786705,0.10123046445080343,0.2477525863966542,0.18284173453664979,0.275379705040722,0.038463570327977106,0.29585075941008143,0.02278450363196126,-0.08831609068897205,0.04955756108298481,0.06844816200748405,0.0351419766674004,0.2542703059652212,0.08706361435174995,-0.06486462689852521,-0.22350209112920977,0.024001760950913494,0.125511776359234,-0.1866784063394233,-0.31788906009244994,-0.13175654853620955,-0.15150341184239488,-0.2084569667620515,-0.2485692273827867,-0.24760950913493288,-0.2952212194585076,-0.2979088707902267,-0.3272243011226062,-0.089900946511116,-0.2063680387409201,-0.24018710103455868,-0.14720889280211313,0.04047765793528505,0.028696896324014967,0.2159982390490865,-0.057076821483601145,0.11899625797930882,0.16037200088047546,0.17797270526084086,0.18138454765573409,0.326385648250055,0.19405238828967641,0.10090248734316531,0.0027250715386308608,0.1135395113361215,-0.09268545014307726,-0.19159366057671143,-0.11830728593440458,0.16550077041602465,-0.13554039181157826,0.16987893462469733,0.07903367818622056,0.04986572749284614,0.24484921857803213,0.05476997578692494,-0.1658199427690953,-0.17608628659476117,0.1610675764913053,0.11361655293858684,0.15003081664098614,-0.02077261721329518,0.007781201848998459,-0.18806295399515738,-0.08683028835571209,0.0026084085406119306,0.15989214175654853,-0.0965925599823905,0.13459167950693374,-0.0013735417125247634,-0.028003521901826988,0.008489984591679507,0.0462425709883337,0.15030816640986133,0.2031388950033018,0.2895443539511336,0.2155712084525644,0.15208012326656395,-0.0977195685670262,-0.002104336341624477,-0.13414263702399296,-0.06050407219898745
#51,0.21564604886638786,0.22508034338542812,0.41867268324895446,0.5308782742681047,0.12611490204710543,0.3248162007484041,0.35533788245652653,0.5133414043583535,0.49530486462689854,1.0,0.29979749064494826,0.16457847237508255,0.3301144618093771,0.3354721549636804,-0.16341184239489323,-0.5064516839093111,0.6232555580013207,0.20383447061413162,-0.17402157164869028,-0.37417785604226284,0.04709883337001981,-0.5274532247413604,0.41557340964120626,-0.3513493286374642,0.3629760070438037,-0.38635923398635263,0.47489544353951135,0.2251353731014748,0.1393616552938587,-0.08840413823464671,0.4062579793088268,-0.04824125027514858,0.28873651771956854,0.06923838872991415,0.1564802993616553,-0.34846797270526086,-0.12003521901826987,-0.40020691173233547,0.07879154743561523,-0.2617015188201629,-0.17708562623816862,-0.3314571868809157,0.14956196346026854,-0.24448602245212414,0.26598062953995155,-0.36626678406339425,0.3431102795509575,0.10416024653312789,0.2633612150561303,0.0439885538190623,0.17704160246533127,-0.05596081884217478,0.17688972044904247,-0.25511116002641426,0.2200594320933304,-0.3748580233325996,0.1255646048866388,-0.5062403697996918,0.3065133171912833,-0.13128109178956637,-0.11698437156064274,0.08681267884657715,-0.09704380365397315,-0.24115782522562185,0.38252916574950474,-0.03673783843275369,-0.007415804534448602,0.27368258859784284,-0.26881796169931765,-0.15059652212194585,0.19767114241690512,-0.005163988553819062,-0.31493286374642304,0.09913713405238829,-0.25306405458947834,-0.2673805855161787,-0.13252916574950474,0.04516398855381906,0.20814219678626458,-0.4655712084525644,0.13058331499009465,-0.00021571648690292758,-0.16720889280211315,0.3416354831609069,-0.11492405899185561,0.039918556020250934,0.06998239049086506,0.1591635483160907,0.006055469953775039,0.2227162667840634,-0.1236451683909311,0.2591151221659696,0.08687651331719129,0.09202949592780102,0.2026106097292538,0.5281686110499669,-0.4208562623816861,0.40918996257979307,-0.024494827206691612,0.14887739379264803,0.051045564604886635,0.32587057010785825,0.15279991195245432,-0.05725291657495047,0.2522143957737178,0.21716927140655953,0.33594320933303984,0.014941668500990535,0.2003037640325776,0.08331939247193484,0.15847457627118644
#52,0.2860906889720449,0.371369139335241,0.15996918335901386,-0.015093550517279331,0.026836891921637684,0.08263482280431433,0.1966718027734977,0.32092670041822585,0.4688333700198107,0.29979749064494826,1.0,0.1425445740699978,-0.03072639225181598,0.18165969623596742,-0.11976447281532027,0.02268104776579353,0.14787365177195685,0.20707021791767555,0.13053488883997358,0.042093330398415146,-0.05478098173013427,0.031223860884877833,-0.03394673123486683,-0.005241030156284393,-0.10763812458727713,0.09326876513317191,-0.12775258639665418,0.14007704160246534,0.11548095971824786,0.14264802993616552,0.13682588597842835,0.24276029055690074,0.11428131190843055,0.090033017829628,0.07198547215496368,0.15235527184679726,0.056456086286594764,-0.06383006823684789,-0.24666960158485582,0.08552058111380145,0.11675324675324675,0.2650869469513537,0.12248954435395114,0.019654413383226942,-0.033805855161787364,-0.09027734976887519,-0.18387409200968524,-0.09570327977107639,-0.17179176755447942,-0.061173233546114904,-0.008934624697336562,0.009447501650891482,-0.15389390270746203,-0.05822143957737178,-0.23191943649570768,-0.1420823244552058,-0.1545608628659476,-0.13320493066255779,-0.1059454105216817,-0.1816156724631301,-0.0973233546114902,0.029139335241030156,0.1367356372441118,0.0786352630420427,0.2574290116662998,0.020728593440457847,0.22091789566365838,-0.043152102135152984,0.12891041162227604,0.2167510455646049,0.2643363416244772,0.2252014087607308,-0.005874972485141977,-0.13342284833810258,0.03421087387189082,-0.018430552498349108,-0.0028703499889940567,0.016480299361655293,0.048201628879594983,0.029132731675104558,0.09493946731234867,0.20684789786484703,0.02455646048866388,0.07818401937046005,0.1330002201188642,-0.046024653312788905,-0.05125467752586397,0.1961897424609289,0.20507153863086067,0.06719568567026195,-0.009969183359013867,-0.029647809817301342,-0.058012326656394456,-0.008434954875632842,-0.09098613251155624,0.22255998239049085,0.11820162887959498,0.08261941448382126,-0.09162667840633942,-0.018749724851419767,-0.019517939687431214,-0.0677327756988774,0.12261501210653752,0.036136913933524105,0.012857142857142857,0.11324455205811138,-0.03150341184239489,-0.023149900946511117,0.03934404578472375,-0.12531807175874973,-0.20786044464010567
#53,0.3478758529605987,0.07865947611710324,-0.06062953995157385,0.2007241910631741,0.1500858463570328,0.22786484701738938,0.14268104776579352,0.48056350429231787,0.19876513317191283,0.16457847237508255,0.1425445740699978,1.0,0.4426040061633282,0.24549856922738278,-0.3290953114681928,-0.433416244772177,0.025573409641206253,-0.014386968963240149,-0.17420206911732336,-0.09919876733436056,-0.22600264142637025,-0.11735417125247634,0.07071318511996479,-0.09838652872551178,0.14944970283953335,-0.02704600484261501,0.04316751045564605,0.052313449262601806,0.08352850539291218,0.11737838432753687,0.10046885318071759,0.06586176535329077,-0.0037970504072198986,-0.07739819502531367,-0.000387409200968523,-0.06917895663658376,0.03254897644728153,-0.06776799471714726,0.01327756988773938,-0.2680959718247854,0.2222672243011226,0.19710983931322915,0.2568104776579353,0.002051507814219679,0.357442218798151,-0.06149020471054369,0.16278670482060312,0.1375610829848118,-0.03289236187541272,-0.08919216376843496,0.15502751485802332,0.15383887299141535,-0.12534008364516838,-0.2649042482940788,-0.02386748844375963,-0.37728593440457847,-0.0034998899405679065,-0.1488795949812899,0.1337310147479639,0.03470614131631081,0.11179837112040501,0.07523222540171692,0.2219788685890381,-0.12320713185119965,0.06525863966541932,0.11028615452344266,0.2241074180057231,0.0663944530046225,-0.1796302003081664,-0.20767114241690512,-0.03685230024213075,-0.0662689852520361,-0.10097512656834691,0.09283733215936606,-0.1291283292978208,-0.2083909311027955,-0.08861765353290776,0.08356152322254017,0.4532819722650231,0.02532027294739159,-0.044305524983491086,0.2582478538410742,-0.07488003521901827,0.22122826326216158,0.2741338322694255,0.22604886638784943,0.0803235747303544,0.20432533568126787,0.08897424609289016,0.24549196566145717,0.2705546995377504,0.12826986572749285,0.0019964780981730134,0.12710763812458728,6.6035659255998236e-06,0.07539731454985692,-0.11144177856042263,-0.01223200528285274,0.09047985912392692,-0.07089368258859784,-0.04151882016288796,-0.01898745322474136,-0.046621175434734756,0.032760290556900724,-0.010840854061193044,0.020118864186660798,-0.019302223200528285,0.06221439577371781,0.09568787145058331,0.10313669381465991,-0.03867268324895443
#54,0.11801893022232006,0.023103675985031918,0.25918776139115124,0.25538630860664757,0.36319172353070656,0.5592714065595421,0.013420647149460709,0.15351749944970283,0.005602025093550517,0.3301144618093771,-0.03072639225181598,0.4426040061633282,1.0,0.23582214395773718,-0.3679661016949153,-0.464389170151882,0.3053312788906009,0.11125027514858023,-0.3733083865287255,-0.24764472815320274,-0.07213515298261061,-0.2787409200968523,0.21651551837992516,-0.34517719568567024,0.268910411622276,-0.1540942108738719,0.1774950473255558,0.3893000220118864,0.14766233766233766,0.2091767554479419,0.41125687871450584,-0.1434404578472375,0.21064935064935064,0.06192604006163328,0.11237508254457407,-0.10469073299581774,-0.0901254677525864,-0.15620735197006383,-0.017761391151221658,-0.30908650671362536,-0.06060092449922958,0.04162007484041382,0.24931763152102135,0.08107858243451464,0.27781421967862646,-0.07054149240589919,0.28485802333259963,0.21048206031256878,0.21731895223420647,0.26335241030156287,0.30225181598062956,0.29523002421307504,0.17463570327977107,-0.21325996037860445,0.17206031256878715,-0.3214836011446181,0.17004182258419548,-0.18858463570327977,0.26049746863306183,0.1459255998239049,-0.0017807616112700858,0.013042042703059652,-0.0810939907550077,-0.33398415144177857,0.20383226942548976,0.2912018489984592,-0.13266563944530047,0.17265243231344926,-0.3695201408760731,-0.4138102575390711,-0.0336187541272287,-0.20927580893682587,-0.2688597842835131,0.27039181157825226,-0.3032973805855162,-0.3319722650231125,-0.1272375082544574,0.0043077261721329516,0.3650473255558001,-0.02228483381025754,0.034734756768655076,0.12392031697116443,0.002907770195905789,0.4095663658375523,0.25553378824565265,0.12427030596522122,0.024778780541492407,0.38001100594320936,0.10323574730354391,0.2972881355932203,0.2801496808276469,0.19701738939027075,0.19415144177856042,0.06569447501650892,0.0473893902707462,0.25627779000660356,-0.3052344265903588,0.11805194805194805,0.07368258859784284,0.09324895443539512,0.07053488883997358,0.2597160466651992,0.08766233766233766,-0.07189522342064715,0.014785384107418005,0.10050407219898745,0.20473695795729693,0.045311468192824125,0.09462469733656174,-0.026136913933524103,-0.018087167070217916
#58,0.24293418445960818,0.2000726392251816,0.1999273607748184,0.2101915034118424,0.24938806955756107,0.17642526964560862,0.36015628439357256,0.3519898745322474,0.29866387849438697,0.3354721549636804,0.18165969623596742,0.24549856922738278,0.23582214395773718,1.0,-0.1538630860664759,-0.2318511996478098,0.2912634822804314,0.04448162007484041,0.011067576491305305,0.022595201408760732,-0.14227823024433195,-0.0016971164428791548,0.04339643407440018,-0.0513647369579573,0.07826766453885098,-0.06169491525423729,-0.04667620515078142,0.07737618313889501,0.09055249834910852,-0.02900066035659256,0.19455646048866387,-0.14862865947611711,0.3130046224961479,0.15366938146599163,0.07941228263262162,-0.027266123706801672,0.01448382126348228,-0.018214836011446182,-0.1113383226942549,-0.044415584415584415,0.11723970944309928,0.24097732775698877,0.1726964560862866,-0.003306185340083645,-0.033598943429451904,0.08429672022892362,-0.03664758969843716,0.14616773057451024,-0.1585494166850099,-0.08917455425930002,-0.07217257318952235,0.07069997798811359,0.0005921197446621176,-0.11530266343825665,-0.1653180717587497,-0.08658815760510676,-0.05965881576051068,-0.005324675324675325,-0.2352212194585076,-0.08148139995597622,-0.007587497248514197,-0.020365397314549855,0.24735197006383447,-0.02068016729033678,0.056559542152762494,-0.07621395553598943,0.09568126788465771,0.12249394673123487,0.11949372661237068,-0.039119524543253355,0.10412502751485803,0.01664538850979529,0.01878494386968963,-0.14160906889720448,0.08527184679727053,0.016526524323134492,-0.030790226722430113,-0.1381267884657715,0.2453004622496148,-0.11896103896103896,0.05787365177195686,0.12332599603786044,-0.0423662777900066,0.12494827206691614,0.30645168390931105,0.02940127668941228,-0.03368699097512657,0.2491701518820163,0.2434470614131631,0.19971384547655735,0.1678846577151662,-0.07874972485141976,-0.15057230904688532,-0.14603125687871452,-0.06923618754127228,0.11518379925159586,-0.08925599823904909,0.03037640325775919,0.12561082984811797,-0.16109399075500772,0.03280431432973806,-0.04094430992736078,0.19649130530486464,0.1636121505613031,0.20394012766894123,0.26477657935285054,0.24195465551397755,0.007950693374422188,-0.0613713405238829,-0.11074180057230905,-0.15196786264582876
#101,-0.3637200088047546,-0.014191063174114022,-0.2626304204270306,-0.3013317191283293,-0.3023684789786485,-0.37208232445520584,0.122326656394453,-0.18387849438696896,0.03772176975566806,-0.16341184239489323,-0.11976447281532027,-0.3290953114681928,-0.3679661016949153,-0.1538630860664759,1.0,0.45385208012326655,-0.04128769535549197,-0.17325335681267884,0.6600572309046885,0.14234866828087167,0.5625445740699978,0.12276029055690073,0.050257539071098395,0.05545454545454546,0.07867928681488004,0.0004226282192383887,-0.13700198106977768,-0.5290336781862206,0.2161038961038961,-0.2749636803874092,-0.2860114461809377,-0.06885097952894563,-0.2098151001540832,0.03180937706361435,0.10517279330838653,0.042502751485802334,0.3376865507373982,0.15851860004402377,0.27646929341844595,0.2823486682808717,-0.04033898305084746,-0.032678846577151664,0.12353951133612151,0.09360994937266123,-0.19819062293638565,-0.031657495047325554,-0.22080563504292317,-0.0015232225401716926,-0.2006669601584856,-0.43846136913933526,-0.3702751485802333,-0.4600770416024653,-0.00017609509134932863,0.10779661016949152,0.2157010785824345,0.19160466651992075,-0.03597842835130971,-0.0034272507153863085,-0.3533480079242791,-0.30333259960378606,-0.367409200968523,-0.4463988553819062,0.0837376183138895,0.21869029275808938,-0.28972705260840853,-0.04415584415584416,-0.13786704820603127,-0.32826326216156726,0.48075500770416024,0.34078142196786265,0.048190622936385645,0.16191943649570767,0.3284305524983491,-0.10523002421307506,0.26554919656614573,0.011452784503631961,-0.27225181598062953,-0.4574950473255558,0.05264582874752366,-0.0747721769755668,-0.06611270085846357,-0.3983777239709443,0.28662998018930225,-0.18242791107197887,-0.20021571648690292,-0.43065155183799253,-0.42829627999119524,-0.184455205811138,0.023193924719348447,-0.19493286374642307,-0.232029495927801,-0.32418886198547214,-0.2626832489544354,-0.3669271406559542,-0.09117763592339863,-0.29610609729253795,-0.024195465551397753,-0.12089808496588157,-0.22572529165749505,-0.17671362535769317,-0.1252608408540612,-0.07876513317191283,0.04995597622716267,-0.13566365837552277,-0.010374202069117324,-0.11922298040942109,-0.11406999779881136,-0.450099053488884,-0.3038674884437596,-0.22776139115122165,-0.12600704380365396
#102,-0.1911402157164869,0.04053929121725732,-0.18059652212194585,-0.3685494166850099,-0.10903587937486242,-0.3523332599603786,-0.07081223860884878,-0.3327977107638125,-0.11063834470614131,-0.5064516839093111,0.02268104776579353,-0.433416244772177,-0.464389170151882,-0.2318511996478098,0.45385208012326655,1.0,-0.3017609509134933,-0.06972485141976667,0.39098393132291437,0.7088465771516619,0.20532027294739158,0.7230112260620735,-0.42752366277790005,0.4549680827646929,-0.43729253797050405,0.39406999779881136,-0.5001452784503632,-0.3629341844596082,-0.14686330618534008,-0.010327977107638124,-0.33895223420647147,-0.03673783843275369,-0.10345806735637245,0.11714725952014088,-0.037653532907770196,0.29938586836891923,0.2213119084305525,0.47112260620735197,-0.06242130750605327,0.47104336341624475,0.09567686550737398,0.2526040061633282,-0.06586836891921638,0.27768214836011446,-0.5246401056570548,0.4332357473035439,-0.4424829407880255,-0.3651617873651772,-0.3388861985472155,-0.29420427030596524,-0.40365397314549856,-0.15054149240589917,-0.15797050407219898,0.46928021131410963,-0.2702421307506053,0.6059344045784724,-0.3001915034118424,0.5584701738939027,-0.6212634822804314,-0.25368919216376845,-0.31594981289896545,-0.43846136913933526,-0.015078142196786265,0.323218137794409,-0.23058771736737838,0.13488663878494386,-0.03305745102355272,-0.2850693374422188,0.5966519920757208,0.4960004402377284,0.01238828967642527,0.32926920537090026,0.5437882456526524,-0.005005502971604667,0.44148580233325996,0.4259322033898305,-0.15738498789346247,-0.3467906669601585,-0.2826700418225842,0.5452388289676425,0.0836517719568567,-0.05322694254897645,0.2357693154303324,-0.33447941888619853,-0.016018049746863307,-0.5980079242791108,-0.4893154303323795,-0.052740479859123925,0.11413823464670922,-0.17266343825665859,-0.07770416024653312,-0.6184525643847678,-0.27464450803433854,-0.48788685890380806,-0.5342196786264582,-0.414884437596302,0.45322033898305086,-0.2447655734096412,-0.004741360334580674,-0.22139995597622716,-0.04684129429892142,-0.2957274928461369,0.0009465111160026414,0.1667444419986793,-0.13134272507153863,-0.09282192383887299,-0.2345036319612591,-0.3316398855381906,-0.356814880035219,-0.4463658375522782,-0.4249438696896324
#201,0.1787607307946291,0.2131653092670042,0.5982610609729254,0.5501342725071539,-0.009222980409421088,0.22029495927801013,0.2716134712744882,0.33995817741580453,0.3111534228483381,0.6232555580013207,0.14787365177195685,0.025573409641206253,0.3053312788906009,0.2912634822804314,-0.04128769535549197,-0.3017609509134933,1.0,0.23595641646489104,-0.07487123046445081,-0.3054061193044244,-0.0030354391371340524,-0.514902047105437,0.27483381025753906,-0.486121505613031,0.21045564604886638,-0.44410301562843935,0.34421747743781644,0.0862029495927801,0.15354391371340523,-0.20650451243671583,0.36577812018489986,-0.08621175434734757,0.20603345806735637,0.03923618754127229,0.10049306625577813,-0.28986352630420426,-0.18038520801232666,-0.3282060312568787,-0.03618093770636144,-0.28458727712965,-0.29222320052828527,-0.285181598062954,0.08583755227823024,-0.050400616332819725,0.024351749944970285,-0.4466299801893022,0.27381465991635484,0.007140655954215276,0.34920537090028614,0.042584195465551394,0.26527845036319614,-0.10922958397534668,0.19965221219458507,-0.25936825885978426,0.043680387409200966,-0.3349878934624697,0.0030552498349108517,-0.48175874972485144,0.23712304644508034,-0.17087387189082104,0.015064935064935066,0.1480233325996038,-0.17675544794188863,-0.2652520360994937,0.3699383667180277,0.09384107418005723,0.10067136253576932,0.15027074620294958,-0.2032357473035439,-0.024655513977547876,0.16689192163768435,0.11946731234866828,-0.3162095531587057,0.04725511776359234,-0.3218005723090469,-0.2598503191723531,-0.09135813339203169,-0.037453224741360334,0.14723970944309928,-0.39073519700638343,-0.0413383226942549,-0.1666519920757209,-0.040405018710103456,0.2581950253136694,-0.12687651331719127,0.08826546335020911,0.0789324235086947,0.19775478758529605,0.015580013207131852,0.1652872551177636,-0.059139335241030155,0.13725291657495048,0.0025974025974025974,0.12074620294959278,0.20242130750605328,0.48461149020471056,-0.4437816420867268,0.47352630420427033,0.049729253797050406,0.10930882676645388,0.19427690953114682,0.31130090248734316,0.07838872991415365,-0.009421087387189083,0.242359674224081,0.23069337442218799,0.31762271626678407,0.04119084305524984,0.27828307285934406,0.14469953775038522,0.18336121505613032
