,#10,#11,#12,#13,#17,#18,#26,#49,#50,#51,#52,#53,#54,#58,#101,#102,#201,#202,#301,#302,#401,#402,#501,#502,#601,#602,#701,#702,#801,#802,#901,#902,#1001,#1002,#1101,#1102,#1201,#1202,#1301,#1302,#1401,#1402,#1501,#1502,#1601,#1602,#1701,#1702,#1801,#1802,#1901,#1902,#2001,#2002,#2101,#2102,#2201,#2202,#2301,#2302,#2401,#2402,#2501,#2502,#2601,#2602,#2701,#2702,#2801,#2802,#2901,#2902,#3001,#3002,#3101,#3102,#3201,#3202,#3301,#3302,#3401,#3402,#3455,#3501,#3502,#3601,#3602,#3701,#3702,#3801,#3802,#3901,#3902,#4001,#4002,#4101,#4102,#4201,#4202,#4301,#4302,#4401,#4402,#4501,#4502,#4601,#4602,#4701,#4702,#4801,#4802
#10,1.0,0.33864406779661016,0.2897468633061853,0.3634272507153863,-0.11467092229804095,0.0275016508914814,-0.032229804094210876,0.467706361435175,0.3028087167070218,0.4306119304424389,0.4464230684569668,0.03324895443539511,0.13767994717147258,0.00488003521901827,0.10484041382346466,-0.13770856262381687,0.26062953995157384,0.030411622276029057,0.25127668941228265,0.0016927140655954216,0.1176337222099934,0.018291877613911513,0.4415606427470834,-0.1815826546335021,0.3861193044243892,-0.012165969623596742,0.2568302883557121,0.2684899845916795,0.05743781642086727,-0.1825643847677746,-0.18265903587937488,-0.08705701078582434,-0.13822804314329737,0.004697336561743342,-0.1818600044023773,-0.06424389170151883,0.06768214836011446,0.02440677966101695,0.3078582434514638,-0.05513977547875853,0.11005062733876293,0.042174774378164206,0.1365595421527625,-0.048408540611930444,-0.010336781862205591,-0.12307946290997139,0.09651551837992516,0.11942108738718908,0.026244772176975566,0.05832489544353951,0.1662755888179617,0.043099273607748186,0.163053048646269,0.17679947171472596,0.02739159145938807,0.04275148580233326,-0.27195245432533566,-0.2983909311027955,-0.24339203169711646,-0.23291657495047324,-0.16930442438917015,-0.07409641206251376,-0.012003081664098613,-0.3005348888399736,0.41563504292317854,0.0787607307946291,-0.20511776359233985,-0.056266784063394235,0.31192604006163327,0.061087387189082104,0.39846357032797713,0.361666299801893,0.0913185119964781,0.15895663658375522,0.01773497688751926,0.1481862205591019,-0.10618754127228704,-0.08319832709663218,0.19933964340744,-0.03605326876513317,0.22362755888179617,-0.07218357913273167,0.13472154963680388,-0.30107197886858905,-0.10929782082324455,-0.20170592119744662,-0.17763592339863526,0.11693154303323795,0.18604886638784943,-0.3247325555800132,-0.1879639005062734,-0.37585075941008145,-0.21769095311468192,-0.08919876733436055,-0.051631080783623155,-0.034884437596302005,0.28064274708342507,-0.011010345586616774,-0.009892141756548536,0.047475236627779,-0.011945850759410081,-0.14031476997578693,-0.0032577591899625798,-0.1531565045124367,-0.15893462469733657,-0.159801893022232,-0.16149460708782742,-0.11825225621835792,0.10646268985252036,-0.06709883337001982,-0.14562623816861106
#11,0.33864406779661016,1.0,0.3287475236627779,0.35755888179616996,-0.07637244111820383,-0.05559762271626678,0.47270746202949593,0.2906141316310808,0.4823354611490205,0.5322826326216157,0.3503235747303544,0.08590138674884437,0.020567906669601586,0.26976227162667843,0.03947831829187761,0.0827624917455426,0.10452344265903588,-0.04463350209112921,0.13305084745762713,0.12629980189302223,0.02438036539731455,0.05544794188861985,0.09615232225401717,-0.08640986132511556,0.08457847237508255,-0.005064935064935065,-0.07220559101915035,0.0958793748624257,0.047886858903808054,-0.14584635703279772,-0.1771912832929782,-0.14163988553819062,-0.06449042482940788,0.010178296279991195,-0.2241998679286815,0.03387409200968523,0.08554479418886199,0.08325115562403698,0.04668280871670702,0.023187321153422848,0.023920316971164427,-0.08739159145938807,0.06635703279771077,0.1024389170151882,-0.14791987673343607,-0.08703499889940568,-0.13829627999119526,-0.039975786924939465,-0.12082324455205812,-0.12467752586396655,0.0018798151001540831,-0.14294519040281753,-0.0735197006383447,-0.1806251375742901,-0.08574290116662998,0.018861985472154962,-0.22981950253136693,-0.12260620735197006,-0.2673629760070438,-0.29080123266563945,-0.26589918556020253,-0.1316618974246093,0.10577151661897424,0.0883975346687211,0.2845432533568127,0.2770151882016289,0.10292097732775699,0.32481399955976226,0.27240810037420204,0.3110851860004402,0.3580607528065155,0.3213845476557341,-0.023235747303543913,-0.00965001100594321,0.08369579572969403,0.2670217917675545,0.10764472815320272,-0.11318291877613912,0.04521021351529826,0.21925819942769095,0.09897424609289016,-0.0923398635263042,-0.003988553819062293,-0.05598723310587717,-0.0025753907109839313,-0.17167950693374423,-0.16530046224961478,-0.14617433414043585,-0.19982610609729254,-0.2824345146379045,-0.2096302003081664,-0.23619194364957077,-0.2539357252916575,-0.07103455866167731,0.01899405679066696,0.0336187541272287,0.3695443539511336,-0.014439797490644949,0.03278010125467753,-0.1550099053488884,-0.08284613691393353,-0.08265243231344926,-0.00637904468412943,-0.07329958177415805,-0.20113581333920316,-0.09090909090909091,-0.22308386528725513,-0.15890380805635043,-0.04298701298701299,-0.17070878274268106,-0.21620735197006383
#12,0.2897468633061853,0.3287475236627779,1.0,0.4900066035659256,0.2232423508694695,0.27070217917675543,0.10527184679727053,0.20538850979528947,0.24494386968963242,0.38066255778120184,0.4009024873431653,0.4060268545014308,0.36394012766894124,0.15878934624697336,-0.16084965881576052,-0.15583094871230466,0.3966189742460929,0.3618379925159586,-0.18966101694915255,-0.15753026634382566,0.02270526084085406,-0.17869909751265683,0.18545894783182917,-0.17534228483381026,0.08939247193484481,-0.20221659696235966,0.3409443099273608,0.058076161127008585,0.2691481399955976,-0.034391371340523884,0.1743825665859564,0.04749284613691394,0.1938498789346247,-0.05305745102355272,-0.1355051727933084,-0.4701540832049307,-0.31102575390710985,-0.25534888839973585,0.03534888839973586,-0.1769755668060753,-0.08898745322474136,-0.2348382126348228,0.22324675324675325,-0.0386748844375963,0.31736737838432755,0.01521021351529826,-0.023992956196346026,0.07580673563724412,0.05300682368478979,0.0762689852520361,0.13730574510235527,0.3332577591899626,0.33170592119744663,0.03566585956416465,-0.2572793308386529,-0.16902267224301123,-0.16027955095751706,-0.3488509795289456,-0.10287475236627779,-0.023337001981069777,-0.13152542372881357,-0.1108958837772397,-0.3104314329738059,-0.33521241470394014,0.16415804534448603,0.3063218137794409,0.13130310367598502,-0.05019590578912613,-0.11366057671142417,0.035344486022452125,0.20513757429011667,0.22373321593660578,-0.00311468192824125,-0.03837112040501871,-0.26561963460268545,0.029555359894342947,-0.20684129429892142,-0.031212854941668502,0.36459828307285935,-0.040237728373321596,0.048395333480079246,0.15883557120845257,0.12102575390710985,0.28602025093550515,0.388465771516619,-0.022419106317411404,0.004758969843715606,0.18788245652652433,0.08449922958397535,0.21362976007043805,0.15741360334580673,0.15166629980189303,0.1716596962359674,-0.1515892581994277,-0.06033237948492186,0.05827646929341845,0.0032401496808276468,0.3157296940347788,0.19019370460048426,0.06218137794408981,0.15438476777459828,0.4244353951133612,0.30368919216376844,0.3183050847457627,0.03735417125247634,0.07277129650011006,0.043123486682808715,-0.1529738058551618,-0.08865287255117764,-0.2483270966321814,-0.21654193264362756
#13,0.3634272507153863,0.35755888179616996,0.4900066035659256,1.0,0.043845476557340966,0.05706801672903368,0.10221659696235967,0.19992295839753466,0.21825885978428353,0.6369491525423728,0.38219238388729915,0.29686550737398193,0.24476777459828308,0.13068897204490426,-0.1462293638564825,-0.12639005062733877,0.24728813559322033,0.08447501650891481,0.01627999119524543,-0.09949152542372881,0.036700418225841955,-0.12176975566806075,0.08232665639445301,-0.2947919876733436,-0.004435395113361215,-0.1298613251155624,0.1643297380585516,0.07710323574730354,0.1262293638564825,-0.12896984371560644,0.01935725291657495,0.10713405238828967,-0.011204050187101034,-0.008809156944750166,-0.09233546114902047,-0.1685560202509355,-0.013418445960818842,-0.020182698657274928,-0.05684569667620515,-0.12395113361215056,-0.07422628219238389,-0.1381664098613251,0.0537772397094431,-0.1606119304424389,-0.09175654853620956,-0.2401386748844376,-0.24278670482060313,-0.14470614131631082,-0.10693374422187982,-0.018322694254897645,0.10826106097292539,0.20386088487783402,0.2338300682368479,0.007006383447061413,-0.06395993836671802,-0.014428791547435616,-0.12545454545454546,-0.14993616552938588,-0.08187761391151221,-0.11508474576271187,-0.11685230024213075,0.000836451683909311,-0.20028175214615893,-0.28613251155624037,0.2614615892581994,0.22750605326876513,-0.0722540171692714,-0.07974025974025974,0.0411204050187101,-0.018615452344265905,0.05177856042262822,0.17124367158265463,-0.025423728813559324,-0.16196125907990314,-0.05647149460708783,0.20488223640766012,0.052976007043803654,0.08083204930662558,0.1790710983931323,0.021727933083865288,0.15864406779661017,0.022546775258639667,-0.026187541272287035,0.026552938586836893,-0.03683469073299582,-0.011358133392031696,0.04372220999339643,-0.09196566145718688,0.04974466211754348,-0.10363416244772176,-0.04731895223420647,-0.0486616773057451,-0.24861765353290777,0.036493506493506495,0.10820823244552058,0.09690072639225182,0.039062293638564824,0.00047985912392692055,0.023163108078362315,-0.29927801012546773,-0.10491305304864627,0.055474356152322254,0.12088267664538851,-0.02801452784503632,-0.10941448382126348,-0.12617433414043583,-0.13471494607087828,-0.06681267884657716,-0.021424169051287696,-0.12555139775478757,-0.19956196346026855
#17,-0.11467092229804095,-0.07637244111820383,0.2232423508694695,0.043845476557340966,1.0,0.5620427030596522,-0.0575214615892582,0.06167070217917676,0.15212854941668502,-0.11176755447941888,0.07175654853620955,0.5003081664098613,0.43700198106977767,0.059995597622716265,-0.22679506933744223,-0.5391679506933744,0.2401915034118424,0.37974025974025977,-0.4304160246533128,-0.5012634822804314,-0.28043583535108957,-0.482359674224081,0.18354391371340523,0.18091129209773277,0.012634822804314329,-0.30367378384327537,-0.02076381245872771,-0.32563284173453666,0.11117763592339863,0.0363086066475897,0.26900726392251817,0.2725885978428351,0.44529605987233106,-0.019313229143737617,0.05942769095311468,-0.15976667400396213,0.061930442438917016,-0.4071978868589038,-0.07705260840854061,-0.1981069777679947,-0.014659916354831609,-0.2562887959498129,0.37276469293418446,-0.06391811578252256,0.34922518159806293,0.2839225181598063,-0.01306185340083645,-0.18545894783182917,0.029335241030156285,-0.16632401496808277,0.04802113141096192,-0.08207572088928021,-0.002324455205811138,-0.23801232665639446,-0.3061237068016729,-0.45543473475676866,0.016863306185340085,-0.444488223640766,0.19701738939027075,0.1578252256218358,0.20705260840854062,0.1364472815320273,-0.0752674444199868,-0.1690578912612811,-0.17480959718247854,-0.1049966982170372,0.03498569227382787,-0.28680167290336783,-0.18162007484041381,-0.28907990314769977,-0.13167730574510236,-0.27395113361215057,-0.05534668721109399,0.05615452344265904,-0.18660356592559982,0.03240149680827647,-0.13412282632621617,0.06694034778780542,0.36395113361215053,-0.11168170812238609,0.10710323574730354,0.49264582874752366,0.23900066035659256,0.4621681708122386,0.5683909311027955,0.2681399955976227,0.22217917675544793,0.3491217257318952,0.02051287695355492,0.5315474356152322,0.44862865947611713,0.4192692053709003,0.4908056350429232,0.06453664979088708,0.12446401056570548,-0.19536429672022892,-0.2907373981950253,0.20798811358133393,0.09857362976007043,0.13432753686990975,0.018776139115122166,0.4599911952454325,0.46309487123046444,0.12004842615012107,0.13679066696015849,0.21677966101694915,-0.044076601364736956,0.102854941668501,0.2117411402157165,0.10097072419106318,0.20071978868589038
#18,0.0275016508914814,-0.05559762271626678,0.27070217917675543,0.05706801672903368,0.5620427030596522,1.0,0.011496808276469293,0.23090028615452343,0.3566894122826326,0.018991855602025095,0.061677305745102357,0.4045278450363196,0.6621593660576711,-0.15774378164208672,-0.3830662557781202,-0.5793308386528726,0.26125467752586395,0.6132577591899626,-0.48993176315210213,-0.3337706361435175,-0.19639885538190624,-0.4710587717367378,0.19014747963900505,-0.013700198106977767,0.02201848998459168,-0.3974818401937046,-0.009955976227162667,-0.24629980189302222,0.2699207572088928,0.20908870790226722,0.6145036319612591,0.20999559762271627,0.37980849658815763,-0.18406999779881136,-0.038349108518600045,-0.3845454545454545,-0.15812018489984592,-0.5705062733876293,-0.1982852740479859,-0.4079308826766454,-0.06641206251375743,-0.34390490865067136,0.22081884217477438,-0.14987893462469734,0.29375963020030815,0.2338564825005503,0.03193044243891702,-0.09272727272727273,0.1512788906009245,-0.027783403037640327,-0.06680827646929342,-0.008133392031697117,-0.051756548536209555,-0.10564604886638784,-0.31794629099713845,-0.42303543913713404,0.1923728813559322,-0.4130992736077482,0.15107418005723092,0.15621835791327315,0.2078978648470174,0.22261281091789567,-0.0897094430992736,-0.1447391591459388,-0.08029275808936825,-0.030360994937266125,0.004155844155844156,-0.11607528065155184,-0.2658639665419326,-0.09258199427690954,-0.030563504292317852,-0.15444640105657054,-0.03532467532467533,-0.03774818401937046,-0.21299141536429672,0.08400396213955535,-0.09193044243891701,0.23918996257979308,0.39937706361435177,0.09503852080123266,0.167211093990755,0.4376249174554259,0.2709883337001981,0.4860642747083425,0.5287321153422848,0.249570768214836,0.21537310147479638,0.17845476557340964,0.044345146379044686,0.39945410521681707,0.3731983270966322,0.4728813559322034,0.41510015408320494,0.05306845696676205,0.03954655513977548,-0.1714175654853621,-0.085148580233326,0.3046951353731015,-0.08642967202289237,0.1835527184679727,0.08755668060752807,0.44825005502971604,0.4259520140876073,0.04716486902927581,0.13424169051287696,0.23812458727712965,0.11778340303764033,0.1469205370900286,0.11370900286154523,0.08231785163988554,0.15433414043583535
#26,-0.032229804094210876,0.47270746202949593,0.10527184679727053,0.10221659696235967,-0.0575214615892582,0.011496808276469293,1.0,0.21754347347567687,0.3784899845916795,0.35266784063394235,0.29010125467752584,0.04981069777679947,-0.0035064935064935067,0.5602047105436936,0.06088267664538851,0.21325335681267885,-0.022526964560862867,0.11838872991415364,0.021210653753026634,0.2454193264362756,0.04920316971164429,0.18577371780761612,-0.03682368478978648,-0.002711864406779661,-0.322095531587057,-0.07674444199867929,-0.17296940347787806,-0.07914813999559762,0.09089148139995598,-0.20281532027294738,-0.01138234646709223,-0.09136913933524103,-0.1362953995157385,-0.09980189302223201,-0.3612965001100594,-0.04944970283953335,-0.11685890380805634,-0.024818401937046004,-0.09661016949152543,-0.05896324014968083,-0.10510675764913054,-0.089768875192604,-0.07549856922738278,0.1427690953114682,-0.2338234646709223,-0.10345366497908871,-0.36395773717807617,-0.3718291877613912,-0.0686682808716707,-0.238399735857363,-0.23050187101034558,-0.04700198106977768,-0.06158485582214396,-0.02981730134272507,-0.2091701518820163,0.08559101915034119,-0.10526084085406119,-0.032047105436935945,-0.23254017169271407,-0.36771296500110057,-0.1470988333700198,-0.08598943429451904,0.19188861985472155,0.3034206471494607,0.11223200528285274,0.19863746423068457,0.1763284173453665,0.7974730354391372,0.028677085626238167,0.22524103015628438,0.26380585516178734,0.237277129650011,-0.26027294739159146,-0.13326216156724632,-0.09605326876513318,0.17963900506273386,0.10162447721769756,0.06107638124587277,-0.056445080343385426,0.2661237068016729,0.0861831388950033,-0.12883777239709443,0.05828747523662778,0.05415584415584416,-0.1128615452344266,-0.10248073959938367,-0.032414703940127666,-0.15353731014747965,-0.07501210653753027,-0.11825665859564165,-0.270594320933304,-0.13180717587497248,-0.16824125027514858,-0.10468192824125028,-0.041743341404358356,0.19278450363196126,0.1710477657935285,-0.16276029055690072,-0.021133612150561303,-0.24146599163548316,-0.23936825885978427,0.06564164648910412,0.1381598062953995,-0.13557781201848998,-0.2531719128329298,-0.16504072198987454,-0.23692934184459608,-0.09822804314329737,-0.2765287255117764,-0.09535549196566145,-0.23329077701959058
#49,0.467706361435175,0.2906141316310808,0.20538850979528947,0.19992295839753466,0.06167070217917676,0.23090028615452343,0.21754347347567687,1.0,0.624538850979529,0.4879572969403478,0.42546775258639663,0.12633942328857584,0.3472727272727273,0.3177966101694915,0.037763592339863525,-0.12302443319392473,0.1891701518820163,0.19593660576711425,0.15165969623596742,-0.07871010345586617,-0.02195245432533568,-0.1847457627118644,0.28685230024213076,0.010970724191063173,0.06784063394232885,-0.22032137354171252,0.07571648690292758,-0.04174774378164209,0.15854501430772616,-0.053772837332159366,0.11291437376183139,-0.01040942108738719,-0.09374862425709883,-0.03233766233766234,-0.12158045344486022,0.0017543473475676865,0.11397314549856923,-0.07825225621835791,0.15590138674884438,-0.008705701078582434,0.05071978868589038,-0.06336121505613031,0.31995597622716265,0.02681267884657715,0.05388069557561083,-0.03961479198767334,0.14167510455646048,0.0838630860664759,0.07522782302443319,-0.01935725291657495,-0.16013427250715387,-0.03113581333920317,-0.060755007704160244,0.022040501871010344,-0.178333700198107,-0.17905569007263922,-0.40558661677305746,-0.35638564825005503,-0.2820030816640986,-0.2554655513977548,-0.30195465551397754,-0.22937926480299362,0.18475456746643187,-0.015234426590358794,0.1439159145938807,-0.12651331719128328,-0.20484701738939026,0.10154523442659036,0.05771076381245873,-0.05957076821483601,0.17263262161567247,-0.06238168611049967,0.13257539071098393,0.15683469073299583,0.006649790887079022,0.12443319392471935,-0.3900594320933304,-0.20684789786484703,0.027776799471714728,0.05475676865507374,0.19278670482060312,0.18121505613031036,0.41536209553158704,0.0753598943429452,0.08832049306625578,-0.11920096852300242,-0.3118071758749725,0.030325775918996257,0.14803653973145497,-0.06796390050627339,0.00011666299801893022,0.003268765133171913,-0.03895003301782963,-0.1873365617433414,-0.2935923398635263,-0.23366057671142418,0.02756548536209553,-0.11080123266563945,-0.11966101694915254,-0.117838432753687,-0.22409861325115563,-0.0563746423068457,0.07401716927140656,-0.13393132291437376,-0.33786704820603125,-0.20325115562403698,-0.3122540171692714,-0.29204710543693596,-0.12234646709222981,-0.24114021571648692,-0.17856482500550297
#50,0.3028087167070218,0.4823354611490205,0.24494386968963242,0.21825885978428353,0.15212854941668502,0.3566894122826326,0.3784899845916795,0.624538850979529,1.0,0.40900946511116004,0.39941228263262163,0.2105326876513317,0.25437376183138893,0.1961104996698217,-0.0774686330618534,-0.13218357913273168,0.15267224301122606,0.24605767114241692,-0.03863966541932644,-0.04791107197886859,0.0017037200088047546,-0.10492626018049747,0.23065155183799252,-0.056037860444640104,-0.0965463350209113,-0.1559388069557561,-0.14297160466651992,-0.1740281752146159,0.2548294078802553,-0.11476117103235747,0.2939885538190623,0.08364736957957297,0.1077129650011006,-0.043398635263042044,-0.1712656834690733,-0.10189742460928902,-0.06855381906229364,-0.15813119084305524,-0.08089808496588158,-0.18534888839973584,-0.1643517499449703,-0.1053004622496148,0.18469733656174334,0.020671362535769316,0.05179616993176315,-0.023766233766233765,-0.07949592780101254,-0.07721109399075501,0.030658155403918117,-0.19248734316530927,-0.17909971384547654,-0.1457032797710764,-0.152227602905569,-0.07678626458287476,-0.33298040942108736,-0.12793308386528726,-0.21127008584635704,-0.2705370900286155,-0.21897424609289015,-0.17737398195025314,-0.15023992956196347,-0.12065595421527625,-0.018225841954655514,-0.02936385648250055,0.1542769095311468,0.07445520581113801,0.027629319832709665,0.16187761391151223,0.04317191283292978,0.0701584855822144,0.25053268765133174,0.08863526304204271,0.09647149460708783,0.1256614571868809,0.02907109839313229,0.3329605987233106,-0.12116222760290557,-0.03211974466211754,0.12313669381465991,0.13625797930882677,0.06961259079903148,0.08145718688091569,0.18801452784503633,0.062476337222099936,0.19202949592780102,-0.052716266784063395,-0.17570548095971825,0.10668060752806516,0.022295839753466874,-0.17264802993616554,0.0011358133392031697,0.025324675324675326,-0.0849372661237068,-0.08125687871450583,-0.1660774818401937,-0.07566806075280652,0.2001122606207352,0.06156504512436716,-0.06970283953334801,0.025687871450583315,0.006905128769535549,0.11662337662337663,0.12273167510455646,-0.024461809377063614,-0.1609222980409421,-0.03414043583535109,-0.06686990975126568,-0.09980409421087387,-0.07620074840413824,-0.12329517939687432,-0.03324014968082765
#51,0.4306119304424389,0.5322826326216157,0.38066255778120184,0.6369491525423728,-0.11176755447941888,0.018991855602025095,0.35266784063394235,0.4879572969403478,0.40900946511116004,1.0,0.48904908650671364,0.09034998899405679,0.22747083425049527,0.3647919876733436,-0.034125027514858026,0.10796610169491526,0.237772397094431,-0.0010851860004402378,0.1415100154083205,0.01828087167070218,0.0766123706801673,0.06422848338102576,0.23144618093770636,-0.18169051287695356,0.07447501650891482,-0.1088597842835131,0.18166409861325117,0.09472815320272947,0.019854721549636804,-0.21627118644067797,-0.07243451463790447,0.02840193704600484,-0.18959498128989655,-0.11364957076821483,-0.3108628659476117,-0.07128109178956636,-0.07812238608848779,0.004765573409641206,0.10278450363196126,-0.025694475016508914,-0.04957737178076161,-0.1422672243011226,-0.027983711204050188,-0.0724323134492626,-0.21106537530266345,-0.27230244331939246,-0.16639665419326435,-0.16569227382786705,0.03785824345146379,-0.10878934624697337,-0.042559982390490865,0.0016552938586836892,0.13751705921197446,0.04363416244772177,-0.08043143297380585,0.09906009244992296,-0.40113141096191945,-0.20043143297380586,-0.22301782962799913,-0.2611820383006824,-0.25762931983270965,-0.05731675104556461,-0.1221417565485362,-0.12740039621395555,0.28024213075060533,0.19470394012766895,-0.19391811578252255,0.18423068456966762,0.03409641206251376,0.025564604886638784,0.19684349548756327,0.18955535989434294,-0.07156504512436716,-0.199372661237068,-0.13526744441998678,0.13306185340083646,-0.08765793528505393,-0.022317851639885537,0.018038740920096854,0.1076337222099934,0.10900066035659256,-0.015227823024433195,0.2719106317411402,-0.1172639225181598,-0.16687871450583314,-0.12363636363636364,-0.1266189742460929,-0.01138895003301783,0.10869249394673124,-0.2998569227382787,-0.3072463130090249,-0.22576491305304863,-0.3707307946290997,-0.040033017829628,0.02210213515298261,-0.004052388289676425,0.11559762271626678,-0.19850539291217256,0.049251595861765356,-0.29942769095311467,-0.27896764252696454,-0.07425049526744441,0.07518379925159586,-0.21046665199207573,-0.3716618974246093,-0.33356812678846576,-0.3548756328417345,-0.10275148580233326,-0.04798151001540832,-0.10281311908430553,-0.16294959278010127
#52,0.4464230684569668,0.3503235747303544,0.4009024873431653,0.38219238388729915,0.07175654853620955,0.061677305745102357,0.29010125467752584,0.42546775258639663,0.39941228263262163,0.48904908650671364,1.0,0.04832489544353951,0.07852520360994937,0.17233766233766235,0.18332819722650232,0.11963020030816642,0.010664758969843716,0.16706141316310807,0.2102047105436936,0.06957737178076161,0.2550143077261721,0.13184019370460048,0.13351529826106098,-0.10621835791327316,0.07860004402377284,-0.10884217477437816,0.06556240369799692,0.0048492185780321375,0.17191943649570768,-0.16570988333700198,0.01838432753686991,-0.10521461589258199,-0.04531587057010786,-0.040283953334800796,-0.19826326216156726,-0.05929782082324455,-0.10528285274047985,0.03975786924939467,0.05599603786044464,-0.05786704820603126,-0.11431653092670042,0.06414263702399296,0.054232885758309486,0.10940127668941228,-0.05275808936825886,-0.008406339423288577,-0.17843935725291657,-0.1610411622276029,-0.03168611049966982,-0.028718908210433634,-0.02663878494386969,0.06797710763812459,0.20010785824345145,-0.06368699097512656,-0.16650451243671582,-0.04841074180057231,-0.2621857803213735,-0.14239709443099274,-0.3485340083645168,-0.2524983491085186,-0.3149856922738279,-0.25423948932423507,-0.1213911512216597,-0.07893682588597843,0.13403037640325777,0.12206691613471274,0.03777239709443099,0.10268104776579352,0.23764913053048647,0.14338983050847456,0.43423508694695134,0.30675544794188864,0.09742681047765793,0.03739159145938807,0.09723090468853181,0.3183469073299582,-0.18865287255117763,-0.19944530046224962,0.21717587497248514,0.012027294739159146,7.043803653973145e-05,0.017263922518159808,0.3061413163108078,-0.0589654413383227,-0.057043803653973144,-0.2567444419986793,-0.24714065595421528,0.01809377063614352,0.2230904688531807,-0.16033017829628,-0.19419326436275589,-0.18875852960598724,-0.2827074620294959,-0.2400066035659256,-0.175346687211094,0.01717587497248514,0.16733436055469955,0.07374202069117324,0.1316618974246093,-0.21208672683248955,0.011948051948051949,-0.001521021351529826,0.11193044243891702,0.09569667620515078,-0.18187761391151222,-0.17743121285494168,-0.05728153202729474,-0.27822804314329735,-0.08010125467752587,-0.22795729694034778,-0.2119854721549637
#53,0.03324895443539511,0.08590138674884437,0.4060268545014308,0.29686550737398193,0.5003081664098613,0.4045278450363196,0.04981069777679947,0.12633942328857584,0.2105326876513317,0.09034998899405679,0.04832489544353951,1.0,0.5941492405899186,0.13033898305084746,-0.3911248073959938,-0.5383425049526744,0.33190402817521464,0.07192383887299142,-0.5589412282632622,-0.5662601804974686,-0.3745300462249615,-0.6330640545894783,0.1663878494386969,-0.1195113361215056,-0.12006383447061413,-0.6106383447061413,-0.019947171472595202,-0.2666916134712745,0.04560642747083425,-0.036368038740920094,0.10811578252256218,0.11200088047545674,0.060937706361435175,-0.2891965661457187,-0.20914593880695576,-0.40419546555139774,-0.24064494827206692,-0.5672793308386529,-0.2726942548976447,-0.46931102795509577,0.05528065155183799,-0.4638410741800572,0.5700792427911072,-0.27558221439577374,0.4460994937266124,0.11111160026414264,0.07830948712304645,-0.003977547875852961,0.05650231124807396,-0.12027514858023333,-0.021120405018710105,0.01686550737398195,-0.020880475456746643,-0.40711864406779663,-0.43575610829848116,-0.5159167950693374,0.15939247193484482,-0.44951573849878934,0.18227602905569007,0.18298481179837112,0.3840810037420207,0.2625930002201189,-0.1631785163988554,-0.2242372881355932,0.058421747743781643,0.05899405679066696,0.028285274047985913,-0.09180277349768876,-0.4304644508034339,-0.26652212194585073,-0.12667620515078143,-0.0862887959498129,-0.014741360334580674,0.082359674224081,-0.24210213515298262,-0.03492185780321373,-0.018307285934404578,0.17187981510015407,0.3203808056350429,-0.20677525863966542,0.43958617653532905,0.5662491745542593,-0.049372661237068016,0.22757869249394674,0.4418071758749725,0.47523662777900066,0.40556900726392253,0.36627118644067796,-0.10403918115782522,0.3902619414483821,0.3467378384327537,0.48190622936385646,0.4329187761391151,0.20350209112920978,0.3003874092009685,-0.30568567026194143,-0.3617015188201629,0.20384547655734098,-0.18330398415144178,0.06476997578692494,-0.07008144397974907,0.36548536209553156,0.2300066035659256,-0.14118423948932424,-0.024129429892141757,-0.07248734316530926,-0.15502751485802332,0.22587057010785824,0.22575610829848117,0.21855822143957737,0.2788751926040062
#54,0.13767994717147258,0.020567906669601586,0.36394012766894124,0.24476777459828308,0.43700198106977767,0.6621593660576711,-0.0035064935064935067,0.3472727272727273,0.25437376183138893,0.22747083425049527,0.07852520360994937,0.5941492405899186,1.0,0.05150121065375303,-0.42759410081443977,-0.6376183138895003,0.462491745542593,0.3721131410961919,-0.4538300682368479,-0.4633039841514418,-0.34436935945410524,-0.5544155844155844,0.32081443979749064,-0.05513977547875853,0.03166629980189302,-0.5313273167510456,0.1369931763152102,-0.13403257759189963,0.14073739819502532,0.0700858463570328,0.2627492846136914,0.07711424169051288,0.197442218798151,-0.1738828967642527,-0.22795729694034778,-0.3729429892141757,-0.12459388069557562,-0.5203852080123267,-0.17250275148580232,-0.3748206031256879,0.04627338762931983,-0.4359255998239049,0.3309971384547656,-0.2591745542593,0.2098943429451904,0.08035219018269865,0.09872331058771737,-0.05917235307065816,0.24099053488883998,0.011034558661677307,-0.05518820162887959,0.1051287695355492,0.053579132731675104,-0.1032885758309487,-0.26674224081003745,-0.4959520140876073,0.13378604446401057,-0.46773497688751925,0.03484921857803214,0.198102575390711,0.2333215936605767,0.26513757429011664,-0.10458947831829188,-0.21583535108958837,0.13685450143077263,-0.008738718908210433,-0.24486242570988334,-0.09425930002201188,-0.3464913053048646,-0.22724631300902487,-0.030578912612810916,-0.01871670702179177,-0.1398217037200088,0.006046665199207572,-0.26640325775918994,0.0663482280431433,-0.059685230024213075,0.31455205811138015,0.4087739379264803,-0.06332599603786045,0.4491481399955976,0.49393132291437375,0.3413999559762272,0.32285053929121726,0.3754061193044244,0.3253268765133172,0.260726392251816,0.22348888399735858,-0.04170812238608849,0.24911512216596962,0.16399735857362976,0.2875764913053049,0.32013647369579573,0.09539731454985692,0.11243451463790446,-0.2373497688751926,-0.24664538850979528,0.1277790006603566,-0.11194805194805195,0.09042042703059652,-0.10069997798811359,0.252953995157385,0.1503499889940568,-0.12488003521901828,-0.024637904468412943,-0.039918556020250934,-0.15428351309707242,0.21148800352190184,0.1322870349988994,0.13317191283292978,0.10077481840193704
#58,0.00488003521901827,0.26976227162667843,0.15878934624697336,0.13068897204490426,0.059995597622716265,-0.15774378164208672,0.5602047105436936,0.3177966101694915,0.1961104996698217,0.3647919876733436,0.17233766233766235,0.13033898305084746,0.05150121065375303,1.0,0.05408760730794629,0.18655073739819503,0.11240369799691834,-0.0374158045344486,0.023513097072419106,0.012826326216156725,-0.04878934624697336,0.09140655954215277,0.06257539071098393,-0.04716486902927581,-0.2508958837772397,-0.20608188421747745,-0.012634822804314329,-0.05548976447281532,0.06883777239709443,-0.1772529165749505,-0.13579793088267664,-0.11191063174114022,-0.1858221439577372,-0.0536385648250055,-0.25974686330618535,-0.044701738939027076,-0.04456966762051508,-0.018243451463790448,-0.05690732995817742,0.024364957076821483,-0.046396654193264365,-0.14536869909751265,0.16900946511116002,0.1302047105436936,-0.005956416464891041,-0.01665199207572089,-0.2332951793968743,-0.25049086506713625,-0.022852740479859125,-0.07335241030156284,-0.14575830948712304,0.07622496147919877,-0.04094871230464451,-0.12802333259960377,-0.26463350209112924,-0.0735197006383447,-0.2942835130970724,-0.07349328637464231,-0.31532467532467534,-0.32478098173013425,-0.20349108518600045,-0.1775610829848118,0.22649790887079022,0.19422187981510014,-0.010532687651331718,0.0649702839533348,0.11273387629319832,0.42904468412942987,-0.04938806955756108,0.12352850539291217,0.10931763152102135,0.024435395113361215,-0.20998239049086506,-0.09328857583094871,-0.25479418886198546,0.0018181818181818182,-0.13328857583094872,-0.08929782082324456,0.01299141536429672,0.08725511776359234,0.060777019590578914,0.1445410521681708,-0.02227162667840634,0.24033017829627998,-0.011404358353510896,-0.03405458947831829,-0.07667840633942329,-0.054164648910411624,-0.19841294298921416,0.12272727272727273,-0.15617433414043583,0.0376469293418446,0.033000220118864186,-0.17110279550957516,-0.08838872991415364,0.06401056570548096,-0.17541492405899187,-0.18688972044904248,-0.07493506493506494,-0.2926854501430773,-0.21705040721989874,0.03879594981289897,0.037492846136913935,-0.07084965881576051,-0.3840854061193044,-0.3129143737618314,-0.3228483381025754,-0.13668721109399076,-0.24142857142857144,-0.1820449042482941,-0.2008298481179837
#101,0.10484041382346466,0.03947831829187761,-0.16084965881576052,-0.1462293638564825,-0.22679506933744223,-0.3830662557781202,0.06088267664538851,0.037763592339863525,-0.0774686330618534,-0.034125027514858026,0.18332819722650232,-0.3911248073959938,-0.42759410081443977,0.05408760730794629,1.0,0.5564296720228924,-0.03793308386528726,-0.4115166189742461,0.6637640325775919,0.35119964780981733,0.5942526964560862,0.42939467312348667,0.16464670922298041,0.016231565045124366,0.1733017829627999,0.14250275148580233,0.046546335020911295,-0.031565045124367155,-0.13570327977107638,-0.22632621615672463,-0.2853709002861545,-0.3780607528065155,-0.1530706581554039,0.17100374202069119,0.05600484261501211,0.22838212634822805,0.278646268985252,0.5138718908210433,0.36331278890600927,0.3068434954875633,0.14392912172573188,0.4336913933524103,0.12494827206691614,0.6025489764472816,0.0023266563944530044,0.06215496368038741,-0.12046224961479199,0.06619194364957076,-0.2196302003081664,-0.08062293638564826,-0.08445520581113801,-0.17822364076601366,0.14983931322914373,0.10187981510015408,0.4043341404358354,0.3157142857142857,-0.47208012326656396,0.07040281752146159,-0.46315650451243673,-0.6176931543033238,-0.5840215716486903,-0.606649790887079,0.2855051727933084,0.29381465991635486,-0.08790006603565925,-0.16655734096412061,0.06537750385208012,-0.023898305084745764,0.5859476117103236,0.2600198106977768,0.205148580233326,0.1569029275808937,0.36804974686330616,0.012113141096191944,0.20667620515078142,-0.1716883116883117,-0.3912128549416685,-0.6433898305084745,0.11314769975786924,-0.23712744882236408,-0.127145058331499,-0.07765793528505392,0.23093110279550957,-0.2176799471714726,-0.1800462249614792,-0.6322033898305085,-0.6193968743121285,-0.04330398415144178,0.22434954875632843,-0.1947325555800132,-0.028395333480079242,-0.37530486462689855,-0.34242130750605326,-0.48910631741140215,-0.49961479198767333,0.11059652212194584,-0.03863966541932644,-0.25358573629760073,0.032524763372221,-0.2637838432753687,-0.20690732995817743,-0.3765771516618974,-0.3598283072859344,0.05209553158705701,0.020147479639005064,-0.13635263042042703,0.0349372661237068,-0.5272198987453225,-0.21005062733876292,-0.40978208232445523,-0.3367884657715166
#102,-0.13770856262381687,0.0827624917455426,-0.15583094871230466,-0.12639005062733877,-0.5391679506933744,-0.5793308386528726,0.21325335681267885,-0.12302443319392473,-0.13218357913273168,0.10796610169491526,0.11963020030816642,-0.5383425049526744,-0.6376183138895003,0.18655073739819503,0.5564296720228924,1.0,-0.21901386748844376,-0.3373519700638345,0.5018357913273167,0.6099273607748184,0.5263372220999339,0.6855425930002201,-0.18216376843495488,0.0916288795949813,-0.17637684349548757,0.36403037640325775,0.029854721549636806,0.11802993616552938,-0.23903147699757868,-0.21366277790006605,-0.21515738498789347,-0.2608166409861325,-0.26836231565045127,0.06627999119524543,-0.09530486462689852,0.20478318291877615,-0.05806295399515739,0.5308320493066255,0.07315650451243672,0.2879132731675105,-0.1647259520140876,0.20604666519920758,-0.26558661677305745,0.42204050187101033,-0.22140215716486902,-0.1438300682368479,-0.15577591899625798,0.030002201188641865,-0.2899735857362976,0.02207131851199648,-0.07590358793748624,0.015674664318732115,0.12549856922738278,0.061063174114021575,0.2466585956416465,0.432128549416685,-0.2663482280431433,0.46075280651551836,-0.3138961038961039,-0.46204050187101037,-0.48633281972265024,-0.5202421307506053,0.10812898965441338,0.3145366497908871,-0.09478978648470174,-0.0799735857362976,0.12475676865507374,0.28407219898745323,0.3016024653312789,0.34960818842174773,0.13992515958617655,0.19824785384107418,0.15622055910191504,-0.1409685230024213,0.127244111820383,-0.16699097512656835,-0.1679176755447942,-0.44200308166409863,-0.1988861985472155,-0.019401276689412283,-0.35691613471274486,-0.3182038300682368,-0.04418445960818842,-0.24780761611270086,-0.3677657935285054,-0.5500814439797491,-0.48497248514197666,-0.2431036759850319,0.022445520581113803,-0.21256878714505834,-0.2526634382566586,-0.26805194805194804,-0.4184569667620515,-0.39448602245212416,-0.38550957517059214,0.24584415584415584,0.09253356812678847,-0.19087167070217917,0.07659255998239049,-0.3065133171912833,-0.1718732115342285,-0.3458727712965001,-0.28920537090028614,0.09301342725071539,-0.04088267664538851,-0.12065155183799252,0.060178296279991196,-0.4166233766233766,-0.2761016949152542,-0.3701716927140656,-0.3053070658155404
#201,0.26062953995157384,0.10452344265903588,0.3966189742460929,0.24728813559322033,0.2401915034118424,0.26125467752586395,-0.022526964560862867,0.1891701518820163,0.15267224301122606,0.237772397094431,0.010664758969843716,0.33190402817521464,0.462491745542593,0.11240369799691834,-0.03793308386528726,-0.21901386748844376,1.0,0.13362755888179617,-0.15510675764913054,-0.25507373981950254,-0.13774158045344487,-0.31567026194144837,0.35535108958837774,-0.032846136913933524,0.09627338762931983,-0.16977988113581333,0.2927272727272727,0.010849658815760511,0.08912612810917896,-0.14848117983711204,-0.02138895003301783,0.061430772617213296,0.2461963460268545,0.0019018269865727492,-0.1902839533348008,-0.22414263702399295,-0.010169491525423728,-0.21047985912392692,0.09550957517059212,-0.16136913933524102,0.045593220338983054,-0.3168875192604006,0.35312348668280874,0.010671362535769316,0.2213053048646269,-0.011454985692273828,0.20399515738498789,0.18182258419546554,0.10464891041162228,0.028423948932423507,0.039676425269645606,0.06477657935285054,0.13267004182258418,-0.13180057230904688,-0.09077261721329517,-0.2912678846577152,-0.0766718027734977,-0.4263482280431433,-0.036194144838212636,-0.07555139775478759,0.018256658595641646,0.032736077481840195,-0.12420206911732336,-0.25477657935285053,0.18456746643187322,-0.05189302223200528,-0.1858859784283513,-0.19563944530046226,-0.16586396654193264,-0.13617433414043584,0.09558441558441559,0.06302443319392471,0.036425269645608625,-0.035337882456526526,-0.2560004402377284,-0.19400396213955537,-0.14009465111160027,-0.03987673343605547,0.39559322033898303,-0.11128329297820823,0.14074620294959278,0.20018049746863306,0.2926766453885098,0.08069997798811358,0.09265243231344926,0.0720493066255778,0.07616552938586837,0.21760950913493288,0.05728153202729474,0.2160378604446401,0.26915254237288133,0.07077701959057892,0.08487783403037641,0.028309487123046446,0.024657715166189743,-0.011023552718467973,-0.10775478758529607,0.22876293198327097,0.06888399735857363,0.06919216376843496,-0.18853180717587498,0.27699537750385206,0.13829848117983712,0.13283733215936605,0.09269425489764473,0.061047765793528504,-0.08044023772837332,-0.08426150121065375,0.15419766674003962,-0.07459608188421747,-0.08321373541712525
