,#10,#11,#12,#13,#17,#18,#26,#49,#50,#51,#52,#53,#54,#58,#101,#102,#201,#202,#301,#302,#401,#402,#501,#502,#601,#602,#701,#702,#801,#802,#901,#902,#1001,#1002,#1101,#1102,#1201,#1202,#1301,#1302,#1401,#1402,#1501,#1502,#1601,#1602,#1701,#1702,#1801,#1802,#1901,#1902,#2001,#2002,#2101,#2102,#2201,#2202,#2301,#2302,#2401,#2402,#2501,#2502,#2601,#2602,#2701,#2702,#2801,#2802,#2901,#2902,#3001,#3002,#3101,#3102,#3201,#3202,#3301,#3302,#3401,#3402,#3455,#3501,#3502,#3601,#3602,#3701,#3702,#3801,#3802,#3901,#3902,#4001,#4002,#4101,#4102,#4201,#4202,#4301,#4302,#4401,#4402,#4501,#4502,#4601,#4602,#4701,#4702,#4801,#4802
#10,1.0,0.13835351089588377,0.3378824565265243,0.5635725291657495,0.016416464891041163,-0.14176975566806074,0.036803874092009685,0.36209112920977327,0.1978318291877614,0.36647589698437155,0.08404358353510896,0.04447501650891481,-0.17031917235307065,-0.1573893902707462,-0.13383887299141536,0.05977547875852961,0.4462029495927801,-0.09310587717367379,-0.20772837332159366,0.02872991415364297,0.15338322694254897,0.03410081443979749,-0.062040501871010345,-0.18112480739599385,0.11380805635042923,-0.2358925819942769,0.3005965221219459,0.21876513317191285,-0.32735857362976006,-0.22484921857803214,-0.30529605987233105,-0.17535549196566147,-0.09917455425930002,-0.19993176315210215,-0.19464230684569667,-0.21272066916134713,-0.3520977327756989,-0.18950473255558,-0.05240369799691834,-0.06315650451243672,0.10012546775258639,-0.19939027074620294,-0.0774554259300022,-0.12390050627338763,0.06154963680387409,-0.03383226942548977,0.13374862425709882,0.1728945630640546,0.21548976447281531,0.31913493286374645,0.2402245212414704,0.29729914153642967,0.22739379264802995,0.25056350429231783,0.18863746423068456,0.19828967642526965,0.06331719128329298,-0.0030112260620735196,-0.03747963900506274,0.08830508474576271,-0.15348228043143297,-0.23341624477217698,-0.2506735637244112,-0.21481840193704602,0.30302883557120847,0.2963394232885758,-0.1866255778120185,-0.06615012106537531,-0.23144618093770636,0.0035967422408100373,-0.031937046004842616,0.15265243231344927,-0.08788025533788246,0.01363416244772177,-0.14765133171912834,-0.04942108738718908,-0.2136187541272287,-0.1435725291657495,-0.1153664979088708,-0.17298921417565485,-0.043359013867488444,-0.15898745322474137,-0.007613911512216597,-0.057272727272727274,-0.16842394893242352,-0.1792339863526304,-0.2432225401716927,0.27108958837772396,-0.20968302883557122,-0.08502751485802333,-0.15378604446401056,-0.2290314769975787,-0.1723332599603786,-0.1342042703059652,-0.17498128989654413,0.043145498569227385,-0.05024873431653093,0.08237728373321594,0.2463218137794409,0.07817081223860885,0.17925159586176537,-0.041393352410301565,-0.09310587717367379,0.049297820823244555,0.16690953114681928,-0.0030178296279991194,0.22155624036979968,-0.2009817301342725,-0.030788025533788246,-0.029300022011886417,0.05210873871890821
#11,0.13835351089588377,1.0,0.18514417785604226,0.19823684789786486,-0.052872551177635924,0.050607528065155186,0.40561963460268546,0.050228923618754126,0.21199867928681487,0.40611490204710543,0.37966982170372,-0.08674224081003742,-0.09526964560862866,0.08021571648690293,-0.10184899845916795,0.16559982390490866,0.07664098613251155,0.07311688311688312,-0.2617081223860885,-0.16230024213075062,-0.24189082104336343,-0.11472815320272947,0.15420206911732334,0.007946290997138455,0.060777019590578914,-0.18462469733656175,0.17266784063394233,0.14188421747743782,-0.1325709883337002,-0.20389390270746202,-0.017101034558661677,0.01921637684349549,0.14075060532687653,-0.021578252256218358,-0.11635923398635263,-0.25799911952454324,-0.28493506493506493,-0.5086198547215497,-0.22712524763372222,-0.37319172353070657,-0.17364736957957297,-0.39901386748844375,-0.22338542813119083,-0.26368038740920097,0.1893220338983051,0.12611270085846357,0.043352410301562845,-0.015993836671802774,-0.18364736957957298,0.04223200528285274,-0.05274268104776579,0.08696456086286594,0.023002421307506054,0.2299801893022232,-0.0704094210873872,0.018199427690953115,-0.13303764032577592,-0.2136781862205591,0.07143737618313889,-0.024798591239269207,0.050792427911071976,-0.1171912832929782,-0.18458727712965,-0.11875192604006163,0.2716464891041162,-0.040847457627118645,-0.190924499229584,0.1324983491085186,-0.025734096412062514,-0.08270085846357032,0.2084569667620515,0.419141536429672,-0.1086352630420427,-0.045161787365177196,-0.34315210213515296,-0.2879572969403478,-0.2857473035439137,0.014719348448162008,0.04679066696015849,-0.29828967642526966,-0.08996257979308826,-0.13350209112920977,0.0600594320933304,-0.1258485582214396,-0.22928461369139336,0.12371340523882897,0.02517939687431213,0.14169931763152102,-0.10752366277790007,-0.10012326656394453,-0.167541272287035,0.07176315210213516,-0.10567466431873211,0.172062513757429,0.16411622276029056,0.18266784063394234,0.17609729253797052,0.19957517059211974,0.056497908870790224,-0.31051727933083867,0.0010917895663658376,0.06661016949152543,-0.035062733876293196,0.02637244111820383,0.13976447281532028,0.005542593000220119,0.19093110279550957,-0.12838212634822804,0.020416024653312787,0.2587255117763592,0.3310147479639005
#12,0.3378824565265243,0.18514417785604226,1.0,0.4262095531587057,0.12732115342284833,0.3810301562843936,0.27633942328857586,0.11292758089368259,-0.0051243671582654636,0.3564010565705481,0.31050407219898746,-0.013992956196346027,0.10543033237948492,-0.1802245212414704,-0.32049746863306183,-0.09024213075060533,0.552887959498129,0.4729275808936826,-0.36392471934844817,-0.3142703059652212,-0.20856922738278671,-0.34869689632401496,-0.03881796169931763,0.0963284173453665,-0.09219238388729914,-0.15564604886638786,0.062260620735197,0.23722650231124806,0.05437376183138895,-0.18989874532247414,0.2873365617433414,0.10865947611710323,0.4400704380365397,0.09854721549636804,-0.15774378164208672,-0.21308166409861326,-0.24876953554919656,-0.3037112040501871,-0.001151221659696236,-0.030724191063174113,-0.09530926700418225,-0.27229804094210874,-0.20970504072198987,-0.19978868589038082,0.0015650451243671582,0.051091789566365835,0.09237068016729033,0.08451243671582655,-0.016086286594761173,-0.02050627338762932,0.09644287915474356,0.2899933964340744,0.30751926040061633,0.36247633722209993,0.002095531587057011,0.024950473255558003,-0.44507373981950255,-0.16916354831609068,-0.015491965661457188,0.125445740699978,-0.054111820383006826,0.17584415584415583,-0.39953554919656614,-0.20989214175654852,0.19860444640105657,0.05475236627779001,-0.032931983270966324,-0.12169051287695355,-0.2017873651771957,-0.002586396654193264,0.40049746863306185,0.2439159145938807,0.018437156064274707,-0.10032577591899626,-0.16948051948051948,0.0699471714725952,-0.011248073959938367,0.19406779661016949,-0.011325115562403698,-0.08936825885978428,-0.20776359233986352,0.014043583535108959,0.2994298921417565,0.1261765353290777,0.017334360554699536,-0.039826106097292535,0.20730794629099714,0.042256218357913274,-0.28960818842174774,-0.018798151001540832,-0.10147039401276689,0.10430552498349109,-0.12197446621175435,0.07844155844155844,-0.043312788906009245,0.31832929782082325,0.07465111160026414,0.4883535108958838,0.5232401496808277,0.1682588597842835,0.5335901386748845,0.5854897644728153,0.3466850099053489,0.5188179616993176,0.3055359894342945,0.39229143737618316,0.46722209993396435,-0.10835130970724191,-0.002788906009244992,0.09528065155183799,0.06111600264142637
#13,0.5635725291657495,0.19823684789786486,0.4262095531587057,1.0,0.04307506053268765,0.10319172353070657,-0.009724851419766674,0.1851749944970284,0.011716927140655954,0.5314836011446181,0.11764692934184459,0.17836231565045124,-0.05279550957517059,-0.010515078142196786,-0.19713405238828968,-0.09104556460488664,0.5905436935945411,0.001162227602905569,-0.3206075280651552,-0.14451904028175214,-0.09568787145058331,-0.08751926040061633,-0.08062733876293199,-0.14541712524763373,0.018060752806515517,-0.1211138014527845,0.35773497688751926,0.19384107418005722,-0.13185560202509355,-0.052769095311468193,-0.013411842394893242,0.1133414043583535,0.18051067576491306,0.10367598503191723,0.031287695355491967,0.006946951353731015,-0.006702619414483821,-0.09763592339863526,0.1338432753686991,0.11591459388069558,0.13066035659255998,-0.019579572969403478,0.06823684789786484,-0.03913053048646269,0.006698217037200088,-0.041243671582654635,0.348234646709223,0.28215716486902925,0.0698877393792648,0.1480233325996038,0.19625357693154302,0.26200748404138235,0.36610609729253796,0.2700022011886419,0.09598723310587717,0.20762491745542594,-0.17904028175214615,-0.14519480519480518,0.08257539071098394,0.1840876073079463,-0.12053488883997358,-0.03947391591459388,-0.08912832929782083,7.263922518159807e-05,0.2335989434294519,0.026691613471274488,-0.18371560642747084,-0.11215716486902928,-0.444818401937046,0.010825445740699978,-0.10593660576711424,0.1691767554479419,-0.06883777239709443,0.07958177415804535,-0.11355051727933084,-0.024435395113361215,-0.09888839973585736,-0.1033810257539071,-0.12962139555359894,-0.14266784063394233,0.120033017829628,0.10434734756768656,0.05502751485802333,-0.11395113361215056,-0.038003521901826987,-0.18767554479418885,-0.1307660136473696,0.13256878714505832,-0.0008914813999559762,0.024287915474356152,0.2607307946290997,-0.1996764252696456,0.0262623816861105,-0.149537750385208,0.009771076381245873,-0.1025313669381466,-0.18425930002201188,0.2546467092229804,0.2658111380145278,0.15305745102355273,0.28874532247413603,0.17430772617213294,0.16744441998679288,0.2819062293638565,0.33349768875192604,0.2744816200748404,0.41692493946731235,-0.117640325775919,0.047607307946291,0.03292978208232446,0.08988773937926481
#17,0.016416464891041163,-0.052872551177635924,0.12732115342284833,0.04307506053268765,1.0,0.21241690512876954,-0.09690072639225182,0.059599383667180275,0.11325115562403698,-0.05278890600924499,-0.22437596302003082,0.4160466651992076,0.10534228483381025,-0.0018423948932423508,-0.3424345146379045,-0.24701738939027074,0.10173893902707462,0.02817521461589258,-0.08860224521241471,-0.09179176755447942,-0.2781598062953995,-0.17012766894122827,-0.24397754787585296,0.004776579352850539,-0.1266563944530046,0.04323794849218578,-0.30688531807175873,-0.12399955976227163,0.10034338542813119,0.1312128549416685,0.03887739379264803,0.19836011446180937,0.010730794629099713,0.18286594761171032,0.2416486902927581,0.33225181598062953,0.21260180497468634,0.19688311688311688,0.011047765793528506,0.17798151001540832,0.0448646268985252,0.29801232665639443,0.19684349548756327,0.3041272287034999,-0.22430112260620735,0.001510015408320493,-0.038562623816861104,-0.04224741360334581,0.0324455205811138,-0.06937486242570988,-0.01822804314329738,0.06848117983711204,-0.09474136033458068,-0.03097952894563064,-0.22853400836451684,0.04977988113581334,-0.26554699537750387,0.04923178516398855,0.17689632401496808,-0.030044023772837332,0.09805855161787365,0.25855381906229363,-0.0038608848778340305,-0.03662337662337662,-0.0939621395553599,-0.12774158045344486,0.0422804314329738,0.031800572309046884,-0.19472375082544574,-0.0071340523882896766,-0.1062557781201849,-0.05916574950473256,0.10908210433634162,0.1569601584855822,0.18320272947391592,0.18898084965881576,0.21661457186880917,0.17481620074840415,-0.15165309267004182,0.061173233546114904,0.11407440017609509,0.24822143957737178,-0.03857803213735417,0.40442218798151003,0.29002421307506054,0.08554479418886199,0.3420889280211314,0.21413823464670922,-0.1434536649790887,0.24755668060752806,0.022287034998899405,0.1246929341844596,0.20175654853620956,-0.11472154963680388,0.12770416024653314,-0.15423068456966763,-0.009381465991635482,0.007503852080123267,-0.07268104776579352,0.08429892141756548,0.06646489104116222,0.10150121065375303,0.13192163768434956,0.13974686330618535,0.053951133612150565,0.10154743561523223,-0.030715386308606648,0.2953907109839313,0.1483447061413163,-0.10112920977327756,-0.11223860884877834
#18,-0.14176975566806074,0.050607528065155186,0.3810301562843936,0.10319172353070657,0.21241690512876954,1.0,0.20462909971384546,-0.0900264142637024,0.024054589478318292,-0.07107638124587277,0.18362755888179616,0.019112920977327755,0.010061633281972265,0.04824345146379045,-0.28319392471934846,-0.043053048646268986,0.17061853400836452,0.7103433854281311,-0.2292097732775699,0.007034998899405679,-0.031140215716486903,-0.1704424389170152,-0.07070217917675545,0.1863152102135153,-0.08439357252916575,0.09147919876733436,-0.07049306625577811,0.026993176315210213,0.3868743121285494,0.2699361655293859,0.7875985031917235,0.2439621395553599,0.32160026414263704,0.08840633942328857,0.0785890380805635,0.07768875192604006,0.0037442218798151,0.016539731454985693,0.17762491745542594,0.20424389170151883,-0.009159145938806956,-0.09664538850979529,-0.005216817081223861,0.26795949812898967,0.28651771956856703,0.1520493066255778,-0.11416464891041163,-0.20188861985472156,-0.12552498349108518,-0.13965221219458507,-0.2021549636803874,-0.10729914153642967,0.03629099713845477,0.006572749284613691,-0.08756328417345366,-0.20953554919656614,-0.338003521901827,-0.05410521681708123,0.03498569227382787,0.16549416685009904,-0.10577151661897424,0.27308826766453886,-0.13117763592339862,-0.004761171032357473,0.07833370019810698,0.06285494166850099,0.4572529165749505,-0.20043583535108958,-0.08060312568787145,0.05252916574950473,0.14067796610169492,-0.08541932643627559,-0.22886198547215497,-0.3400968523002421,-0.08898084965881577,-0.014836011446180937,-0.14139555359894343,0.014001760950913494,0.2059255998239049,0.37801232665639445,-0.27474796390050626,0.3334932863746423,0.28490865067136256,0.4526304204270306,0.34011446180937704,-0.2691635483160907,0.49421967862645827,0.10744441998679287,0.13977767994717147,0.22443979749064494,0.174191063174114,0.4405216817081224,0.28362976007043805,0.0007351970063834471,0.06700638344706142,0.3811600264142637,0.15541492405899185,0.27608628659476114,0.25915474356152324,-0.07704820603125688,0.1212458727712965,0.7361809377063614,0.5954897644728153,0.4425049526744442,0.08280211314109619,0.3197446621175435,0.16859344045784724,-0.05757869249394673,0.12556020250935504,-0.1650099053488884,-0.09590358793748624
#26,0.036803874092009685,0.40561963460268546,0.27633942328857586,-0.009724851419766674,-0.09690072639225182,0.20462909971384546,1.0,-0.058043143297380584,0.09305524983491086,0.24315650451243673,0.33091349328637465,-0.07356372441118204,0.319108518600044,0.21635042923178516,-0.1514043583535109,0.02209773277569888,0.18644948272066916,0.3707704160246533,-0.18995157384987893,-0.2211005943209333,-0.38066035659256,-0.33827867048206034,0.09312348668280872,0.009894342945190402,0.011873211534228484,-0.09530486462689852,-0.19132731675104556,-0.04393132291437376,0.10792868148800353,-0.10524323134492626,0.22205150781421967,0.028146599163548315,0.31490865067136253,-0.024208672683248954,-0.16265463350209114,-0.16298261060972927,-0.1486484701738939,-0.34665419326436275,-0.2613801452784504,-0.18371340523882898,-0.12682148360114462,-0.29202949592780103,-0.21788906009244993,-0.32835351089588377,0.10503852080123266,0.12851419766674005,-0.08055029716046665,-0.08585516178736517,-0.23229143737618313,-0.13791987673343606,-0.37588817961699317,-0.017807616112700857,-0.12052608408540612,0.06313009024873431,-0.30706361435174995,-0.17541712524763373,-0.22153422848338103,-0.14086726832489543,0.023612150561303103,0.10749064494827207,-0.09259300022011886,-0.0137508254457407,0.014681928241250275,-0.038269865727492844,-0.031131410961919438,-0.1992824125027515,0.20141316310807836,0.16943869689632401,0.22049086506713625,0.1592868148800352,0.437871450583315,0.3688861985472155,0.08509355051727933,-0.11613031036759851,-0.16662117543473476,-0.020220118864186662,-0.06807395993836672,0.2992361875412723,0.2726128109178957,0.07805194805194805,-0.16547875852960597,-0.12725291657495047,0.39729914153642965,0.19161347127448822,-0.11857142857142858,-0.010002201188641867,0.1634932863746423,0.18219018269865728,-0.1364670922298041,0.08445300462249615,-0.14030596522121946,0.20940127668941227,-0.13084745762711864,0.19385428131190843,0.025551397754787587,0.15852080123266563,0.23015848558221438,0.1910081443979749,0.18822584195465553,-0.2615034118423949,0.1392031697116443,0.31965661457186884,0.1360510675764913,0.1937046004842615,0.12595641646489103,0.18592119744662117,0.2885956416464891,-0.1468545014307726,0.09982610609729253,0.17026194144838214,0.21729033678186221
#49,0.36209112920977327,0.050228923618754126,0.11292758089368259,0.1851749944970284,0.059599383667180275,-0.0900264142637024,-0.058043143297380584,1.0,0.3390116662998019,0.29984591679506933,0.42078142196786267,0.35219458507594104,0.1874025974025974,0.18055910191503413,-0.09148360114461809,-0.25264142637023995,0.28112920977327754,-0.3483204930662558,0.00388069557561083,-0.13103235747303543,0.0912524763372221,-0.17415804534448603,-0.12943649570768215,-0.16078362315650452,-0.06722870349988994,-0.20414703940127668,0.20594761171032358,0.13224301122606208,-0.15987673343605546,-0.0375808936825886,-0.31504512436715826,-0.02182918776139115,-0.33765793528505395,-0.1893792648029936,0.041417565485362094,-0.06446401056570548,-0.10099933964340745,-0.01399075500770416,-0.1200462249614792,-0.09377503852080123,0.1852740479859124,0.08290777019590578,-0.0550561303103676,-0.27938366718027735,-0.09670041822584195,-0.2895949812898965,0.13789566365837552,0.09446621175434734,0.2128747523662778,0.15104996698217038,0.25665639445300464,0.3074730354391371,0.06591019150341185,-0.026350429231785166,-0.007336561743341404,-0.0676535329077702,-0.002280431432973806,-0.09307285934404579,-0.10790006603565926,-0.10570768214836011,-0.02014968082764693,-0.06408980849658816,-0.159471714725952,0.006346026854501431,0.1754303323794849,0.1211336121505613,-0.15768875192604007,0.17418886198547215,-0.2150693374422188,-0.41952234206471495,-0.036211754347347566,-0.0020360994937266125,0.002207792207792208,0.37347567686550737,0.15053929121725731,0.17373321593660576,0.023598943429451905,0.02545674664318732,-0.14766894122826327,-0.3014395773717808,-0.12918556020250935,0.07473695795729694,-0.3724983491085186,0.14469513537310147,-0.0250363196125908,0.2727426810477658,-0.15243011226062073,0.16919216376843496,0.013339203169711645,0.004860224521241471,0.03706581554039181,-0.2169623596742241,-0.21128769535549197,-0.3375346687211094,-0.26659476117103237,-0.117838432753687,-0.380957517059212,0.059002861545234424,0.005042923178516399,-0.1832555580013207,0.065049526744442,-0.20501430772617213,-0.10335901386748844,-0.24003742020691174,-0.16062733876293198,-0.3751023552718468,-0.08051067576491305,0.07428571428571429,0.10065155183799251,-0.09864186660796831,-0.1064076601364737
#50,0.1978318291877614,0.21199867928681487,-0.0051243671582654636,0.011716927140655954,0.11325115562403698,0.024054589478318292,0.09305524983491086,0.3390116662998019,1.0,0.05030596522121946,0.3167444419986793,0.07652652432313449,0.26961038961038963,0.0039467312348668284,0.15920977327756988,0.02786484701738939,0.09263482280431433,-0.042386088487783406,0.15489544353951135,-0.015139775478758529,0.1150693374422188,-0.15821923838872992,-0.0412260620735197,-0.26031256878714504,0.04023992956196346,-0.2845410521681708,-0.11206471494607088,-0.049401276689412285,-0.06729473915914594,-0.0813449262601805,-0.22754347347567686,-0.13144618093770635,-0.35961259079903146,-0.35416244772176975,-0.22928901606867708,-0.13488883997358572,-0.05375302663438257,-0.12766453885097953,-0.07491965661457187,-0.21633942328857583,-0.038177415804534445,-0.0738036539731455,0.06824125027514857,-0.09624697336561744,0.009421087387189083,0.048602245212414706,-0.3545564604886639,-0.327442218798151,-0.2228813559322034,-0.13825005502971605,-0.2848800352190183,0.0737244111820383,-0.26476777459828305,-0.05921197446621176,-0.06182478538410742,-0.07272727272727272,0.08648470173893903,0.05100814439797491,-0.024428791547435616,-0.14481620074840415,-0.19866607968302882,-0.21169271406559542,-0.06784283513097072,-0.01933083865287255,-0.001049966982170372,0.11562623816861105,0.13722209993396434,0.19671802773497687,0.16492185780321372,0.10244772176975567,0.14059652212194584,0.2838564825005503,-0.04717147259520141,0.031027955095751705,-0.002795509575170592,-0.0024543253356812678,-0.10824125027514858,-0.033235747303543915,0.21213295179396874,-0.07781642086726832,-0.12697116442879156,-0.2088531807175875,0.07295399515738499,0.22732555580013208,-0.30008144397974906,0.08083645168390931,-0.10477878054149241,0.17947391591459388,-0.04311468192824125,-0.01987673343605547,-0.10149240589918557,-0.17034338542813118,-0.0005172793308386529,-0.21581554039181158,-0.05869029275808937,0.20582434514637904,-0.06601584855822144,-0.23558221439577373,-0.1078648470173894,-0.33587717367378384,-0.18035879374862426,-0.0827492846136914,-0.22294739159145938,-0.2999933964340744,-0.2766894122826326,-0.32882456526524323,-0.17774378164208673,-0.020497468633061854,0.16056130310367597,-0.1175280651551838,0.09943429451904028
#51,0.36647589698437155,0.40611490204710543,0.3564010565705481,0.5314836011446181,-0.05278890600924499,-0.07107638124587277,0.24315650451243673,0.29984591679506933,0.05030596522121946,1.0,0.39812678846577154,0.1296764252696456,-0.06457627118644067,0.20035219018269865,-0.1508056350429232,0.014673123486682808,0.45850539291217257,-0.06886858903808056,-0.19908210433634163,-0.17517059211974467,-0.32915034118423947,-0.19533788245652653,-0.16319612590799032,-0.205181598062954,-0.1278318291877614,-0.3527272727272727,0.25374202069117324,0.0711798371120405,-0.28093990755007703,-0.2368897204490425,-0.15655513977547875,0.004492626018049747,0.13442218798151,0.08291657495047326,-0.05515078142196786,-0.18357473035439137,-0.16714725952014087,-0.34826546335020914,-0.10631300902487344,-0.1154259300022012,-0.0922474136033458,-0.21578032137354172,-0.24324675324675324,-0.4685560202509355,0.036557340964120624,-0.10456306405458948,0.22710103455866168,0.23284833810257538,0.14601364736957959,0.24503852080123267,0.13623156504512438,0.2902355271846797,0.2771736737838433,0.29305745102355274,-0.034149240589918556,0.06542813119084305,-0.21501210653753028,-0.19463130090248734,0.18235086946951354,0.1972243011226062,-0.09105216817081224,-0.1355051727933084,-0.24184459608188422,-0.19434734756768654,0.343779440898085,0.0473695795729694,-0.3031939247193485,0.10050627338762932,-0.21003742020691174,-0.05925599823904908,0.2845146379044684,0.4396346026854501,0.02451023552718468,0.15556240369799693,-0.16834250495267444,-0.09979308826766455,-0.15903587937486244,0.04573409641206251,-0.152524763372221,-0.36137574290116664,-0.030290556900726393,-0.014131631080783623,-0.10778780541492405,-0.06729914153642967,-0.23734536649790888,0.1384767774598283,-0.21607968302883557,0.039744662117543475,-0.12438036539731455,-0.05810257539071098,0.03426810477657935,-0.22009024873431654,-0.22504732555580012,-0.1176205150781422,0.07575170592119744,-0.04552718467972705,-0.2611952454325336,0.17696235967422408,0.1973365617433414,-0.009826106097292538,0.2777459828307286,-0.032672243011226065,-0.07303543913713405,-0.01026634382566586,0.14921857803213737,0.007239709443099274,0.3331300902487343,-0.13977988113581333,0.004666519920757209,0.16846136913933524,0.1864208672683249
#52,0.08404358353510896,0.37966982170372,0.31050407219898746,0.11764692934184459,-0.22437596302003082,0.18362755888179616,0.33091349328637465,0.42078142196786267,0.3167444419986793,0.39812678846577154,1.0,0.09509795289456306,0.19393132291437376,0.24618754127228704,-0.13052828527404797,0.011168831168831168,0.17817081223860884,0.12727272727272726,-0.1508760730794629,-0.09813119084305524,-0.13968743121285493,-0.16574510235527184,0.08643627558881796,0.09094651111600265,-0.014965881576051068,-0.17825885978428352,0.07453444860224522,0.03654633502091129,-0.15633281972265023,-0.18566145718688093,0.05434514637904468,0.009473915914593881,0.13362315650451242,-0.10335681267884658,-0.29283072859344045,-0.18739819502531366,-0.29861325115562404,-0.34260620735197006,-0.22013867488443759,-0.07896764252696456,-0.1635923398635263,-0.29058331499009465,-0.36844816200748404,-0.5215826546335021,0.09384547655734096,0.03545674664318732,-0.1747479639005063,-0.07627779000660356,-0.04680607528065155,0.05214836011446181,0.018809156944750164,0.171963460268545,0.05647809817301343,0.23483160906889722,-0.057574290116663,-0.09678626458287476,-0.1955029716046665,-0.07329517939687431,0.03164869029275809,0.18098613251155624,-0.13107197886858904,-0.037717367378384326,-0.1966189742460929,-0.04619194364957077,0.10726832489544354,-0.0005392912172573189,0.03462029495927801,0.14385868368919216,0.030167290336781862,-0.10983050847457627,0.3177679947171473,0.22162227602905568,0.008382126348228044,0.1539093110279551,-0.07412942989214176,0.07269425489764472,-0.1294981289896544,0.1263416244772177,0.08650011005943209,-0.14783623156504513,-0.2749262601804975,-0.09289236187541272,-0.05322914373761831,0.07050847457627119,-0.27049746863306184,0.040354391371340524,-0.1808496588157605,-0.03605546995377504,-0.15049306625577813,-0.10994276909531146,-0.08022232005282853,-0.10202069117323355,-0.2318467972705261,-0.09583975346687211,-0.028056350429231786,0.24030376403257758,-0.01823464670922298,0.21639225181598062,0.19883557120845258,-0.1765397314549857,0.24163548316090688,0.16124367158265462,0.07318071758749725,0.03846797270526084,-0.03542372881355932,-0.05480519480519481,0.21901606867708562,-0.18129650011005943,0.149636803874092,0.0988069557561083,0.11740039621395554
#53,0.04447501650891481,-0.08674224081003742,-0.013992956196346027,0.17836231565045124,0.4160466651992076,0.019112920977327755,-0.07356372441118204,0.35219458507594104,0.07652652432313449,0.1296764252696456,0.09509795289456306,1.0,0.2155491965661457,0.2937178076161127,-0.31021571648690294,-0.3895333480079243,0.082722870349989,-0.2327624917455426,-0.060748404138234645,-0.2583314990094651,-0.30787365177195686,-0.18362315650451244,-0.17553819062293638,-0.14810037420206912,-0.14546114902047105,-0.07436935945410522,0.004331939247193484,-0.02238828967642527,0.07243451463790447,0.24250715386308608,-0.10979969183359013,0.21465991635483161,-0.15333700198106978,0.1683447061413163,0.39443319392471937,0.38373321593660575,0.33333039841514417,0.1525313669381466,-0.007829627999119524,0.14919436495707683,0.30558001320713185,0.3575478758529606,0.1302443319392472,-0.07779440898084966,-0.288267664538851,-0.18260180497468634,0.12200528285274048,0.1759850319172353,0.04264802993616553,0.0349438696896324,0.15927580893682589,0.06433854281311908,0.009867928681488003,-0.0634074400176095,-0.24676425269645608,-0.03940788025533788,-0.023226942548976448,-0.009280211314109619,0.21499229583975346,0.020471054369359455,0.03822143957737178,0.17448382126348227,0.008857583094871231,0.008947831829187762,0.008197226502311248,-0.25805194805194803,-0.10563724411182038,0.0020140876073079465,-0.3042923178516399,-0.38027294739159145,-0.13627999119524542,-0.08953114681928241,0.012047105436935945,0.19861325115562403,0.20877834030376402,0.17561963460268545,0.16871890821043364,0.09230244331939247,-0.014549856922738278,-0.03944970283953335,0.01667180277349769,0.4062491745542593,-0.10343165309267004,0.35236187541272285,0.14889060092449924,0.2596125907990315,0.10541712524763372,0.2477437816420867,0.09850539291217257,0.21230464450803435,0.24480079242791108,0.07167950693374422,-0.03206031256878714,-0.21589038080563505,0.0662095531587057,-0.378663878494387,-0.2983270966321814,-0.05081003742020691,-0.12310587717367379,0.08071978868589039,0.027343165309267004,-0.1761237068016729,0.054624697336561744,-0.10109619194364958,-0.05383447061413163,-0.10224081003742021,-0.04285714285714286,0.264488223640766,0.0997820823244552,0.0313845476557341,-0.05577591899625798
#54,-0.17031917235307065,-0.09526964560862866,0.10543033237948492,-0.05279550957517059,0.10534228483381025,0.010061633281972265,0.319108518600044,0.1874025974025974,0.26961038961038963,-0.06457627118644067,0.19393132291437376,0.2155491965661457,1.0,0.2797754787585296,0.07237068016729034,-0.04032797710763812,0.177541272287035,0.06092670041822584,0.21977327756988774,-0.1579881135813339,-0.37188861985472155,-0.20242791107197886,-0.09648470173893903,-0.09014307726172133,-0.17817081223860884,0.02258199427690953,-0.4257869249394673,-0.12741800572309048,0.39077481840193706,0.2946907329958177,0.049075500770416024,0.06938586836891922,-0.0810609729253797,-0.0486616773057451,0.12778560422628218,0.051349328637464234,0.3469029275808937,0.2850539291217257,-0.07452564384767775,-0.015307065815540392,0.14461809377063614,0.3036649790887079,0.23176975566806074,-0.04607307946290997,-0.29662777900066034,-0.14652212194585076,-0.30668060752806514,-0.19203389830508474,-0.32450583314990095,-0.303383226942549,-0.4221967862645829,-0.11496147919876734,-0.4842394893242351,-0.3055161787365177,-0.5139423288575831,-0.1733348007924279,-0.1835725291657495,0.0711864406779661,-0.047719568567026194,-0.1561435174994497,-0.1282588597842835,0.08729033678186221,0.291287695355492,0.257904468412943,-0.3069887739379265,-0.17445520581113802,0.26976667400396215,0.11708342504952675,0.20681488003521903,0.05595861765353291,0.07196786264582875,0.07413383226942549,0.24784063394232886,0.14369579572969404,0.21167070217917675,0.18704160246533127,0.24834910851860004,0.27466211754347347,0.18961919436495708,0.10468192824125028,0.013568126788465772,-0.04451023552718468,0.26772837332159366,0.3149724851419767,0.06096191943649571,0.204884437596302,0.06088267664538851,0.13100594320933304,0.003979749064494827,0.19173893902707462,0.07457406999779881,0.033656174334140435,-0.06818401937046005,-0.11554039181157826,-0.021943649570768217,-0.27725952014087607,0.09943869689632401,-0.11353731014747964,-0.18906229363856483,-0.1175610829848118,-0.2074356152322254,0.02146599163548316,0.09666079683028836,-0.13916795069337443,-0.15539951573849878,-0.11927801012546775,-0.18661237068016728,0.12380585516178737,0.24940567906669603,-0.045679066696015846,0.03307946290997139
#58,-0.1573893902707462,0.08021571648690293,-0.1802245212414704,-0.010515078142196786,-0.0018423948932423508,0.04824345146379045,0.21635042923178516,0.18055910191503413,0.0039467312348668284,0.20035219018269865,0.24618754127228704,0.2937178076161127,0.2797754787585296,1.0,-0.04114241690512877,-0.1432049306625578,0.03217697556680608,-0.03215496368038741,0.15519040281752147,0.06291877613911512,-0.29944750165089146,-0.13718247853841073,-0.22488883997358575,-0.09987012987012987,-0.25973365617433414,0.03947831829187761,-0.24721329517939689,-0.18411842394893244,0.18027955095751705,0.2421153422848338,0.10743341404358353,0.3372529165749505,-0.019306625577812018,0.07052168170812238,0.29731895223420646,0.2670261941448382,0.35506713625357694,0.17185119964780982,-0.010383006823684789,0.00677525863966542,0.06177195685670262,0.15481399955976227,-0.005894783182918776,-0.13298481179837113,-0.2112590799031477,-0.1943319392471935,-0.11280431432973806,0.01116222760290557,-0.26939687431212855,-0.13361435174994496,-0.10631080783623156,-0.2335527184679727,-0.2542989214175655,-0.28214615892581996,-0.3741382346467092,-0.26280871670702177,-0.23779000660356592,0.02193924719348448,-0.12006383447061413,-0.0848250055029716,0.15704820603125688,0.12430112260620735,0.4234206471494607,0.38687211093990753,-0.09439357252916575,-0.18408980849658815,0.26145278450363196,0.027406999779881137,-0.010449042482940788,-0.061961259079903144,-0.026335020911292098,0.1537046004842615,0.18509134932863747,0.08240810037420207,0.24351970063834472,0.08814439797490645,0.19694475016508914,0.1209355051727933,-0.034919656614571866,0.04288355712084525,-0.1264076601364737,0.13477217697556682,-0.12388509795289457,0.28047765793528506,0.13430112260620736,0.22802113141096192,0.05252036099493727,-0.03438256658595642,0.14794849218578032,0.03767334360554699,0.1646004842615012,-0.027955095751705922,0.039198767334360556,-0.21754567466431873,-0.10466872110939908,-0.2661699317631521,-0.19243451463790448,-0.07206471494607088,-0.2791239269205371,0.0059476117103235745,-0.17,-0.11898305084745762,0.13200088047545674,-0.22469733656174334,-0.22091129209773278,-0.031730134272507156,-0.13732555580013206,0.21428131190843056,0.12948272066916136,0.037913273167510454,-0.05345366497908871
#101,-0.13383887299141536,-0.10184899845916795,-0.32049746863306183,-0.19713405238828968,-0.3424345146379045,-0.28319392471934846,-0.1514043583535109,-0.09148360114461809,0.15920977327756988,-0.1508056350429232,-0.13052828527404797,-0.31021571648690294,0.07237068016729034,-0.04114241690512877,1.0,0.46011666299801895,-0.16756548536209553,-0.021199647809817302,0.7287012987012987,0.24937266123706803,0.31968082764692934,0.23285714285714285,0.2614329738058552,-0.2381884217477438,0.4040391811578252,0.09124807395993836,-0.053693594541052166,-0.29384547655734095,0.24360994937266123,0.31777459828307286,-0.1544574069997799,-0.2248051948051948,-0.3863658375522782,-0.23575610829848118,0.11613031036759851,-0.03190182698657275,0.24634382566585955,0.3127911071978869,0.22402597402597402,0.007160466651992076,0.05704160246533128,0.2807307946290997,0.2520845256438477,0.18735417125247633,0.037596302003081665,-0.27854061193044244,-0.37900726392251816,-0.3403037640325776,-0.3024455205811138,-0.23916134712744883,-0.3928637464230685,-0.46010345586616774,-0.482491745542593,-0.3686814880035219,0.04823464670922298,-0.010983931322914373,0.11319392471934844,-0.1503477878054149,-0.11077041602465332,-0.4400374202069117,-0.33289896544133835,-0.4973497688751926,0.3347787805414924,0.24890160686770857,-0.1304006163328197,0.005978428351309707,0.2376535329077702,-0.06300462249614792,0.6545300462249615,0.20022011886418667,-0.1153334800792428,0.0099801893022232,0.005452344265903588,-0.23802553378824565,-0.1025115562403698,-0.2717873651771957,-0.11258859784283513,-0.34675324675324676,0.45030596522121946,0.21870349988994056,-0.013966541932643628,-0.18548976447281532,-0.05829627999119524,-0.17873211534228484,-0.21211754347347567,-0.10118864186660796,-0.3352872551177636,-0.00928681488003522,0.32648250055029715,-0.1440744001760951,-0.2163812458727713,-0.14471054369359454,-0.21304204270305965,-0.15151441778560423,0.03065375302663438,0.13908210433634163,0.15534448602245213,-0.4838630860664759,-0.4149702839533348,-0.3990292758089368,-0.5075500770416025,-0.30996478098173014,-0.13355491965661456,-0.3524147039401277,-0.41378164208672685,-0.3436319612590799,-0.4116552938586837,-0.372987012987013,-0.15790666960158486,-0.22714946070878275,-0.06605767114241691
#102,0.05977547875852961,0.16559982390490866,-0.09024213075060533,-0.09104556460488664,-0.24701738939027074,-0.043053048646268986,0.02209773277569888,-0.25264142637023995,0.02786484701738939,0.014673123486682808,0.011168831168831168,-0.3895333480079243,-0.04032797710763812,-0.1432049306625578,0.46011666299801895,1.0,-0.16011666299801894,0.15375302663438256,0.16063394232885758,0.5425269645608629,0.1579903147699758,0.6018049746863307,0.03846797270526084,0.1515562403697997,0.08054589478318291,-0.016960158485582213,0.00438036539731455,-0.05138014527845036,-0.043733215936605764,0.12226942548976447,0.04639885538190623,-0.3008188421747744,-0.04305084745762712,-0.2665375302663438,-0.21682368478978647,-0.21911952454325337,-0.31535769315430334,0.024116222760290556,-0.26159586176535327,-0.20362095531587057,-0.08438917015188202,-0.06962799911952454,0.05131631080783623,0.18246753246753247,0.2411798371120405,0.20937706361435174,-0.24844596081884218,-0.17397754787585296,-0.24106977767994717,0.16275368699097512,-0.35712965001100594,-0.23332379484921859,-0.3196456086286595,0.054928461369139335,0.001408760730794629,0.017930882676645388,-0.009696235967422409,0.18682368478978648,-0.0813251155624037,-0.06081884217477438,-0.43934404578472375,-0.44472815320272946,0.05482060312568787,-0.11291877613911512,0.058811358133392035,0.09949152542372881,0.1325709883337002,-0.08412282632621616,0.37960818842174776,0.17446180937706363,-0.11633281972265024,0.06731014747963901,-0.2430442438917015,-0.2815364296720229,-0.3397424609289016,-0.4039093110279551,-0.46204710543693595,-0.4100528285274048,0.07759630200308167,0.33311468192824123,-0.16239269205370901,-0.29165529385868366,0.048901606867708565,-0.33337222099933966,-0.06885097952894563,-0.32673783843275367,-0.24503411842394893,-0.0714307726172133,0.07668721109399075,-0.0137244111820383,-0.1542791107197887,0.08922298040942109,0.014930662557781202,0.03445080343385428,0.1288069557561083,0.07470614131631081,0.24569227382786704,-0.23132291437376182,-0.07444199867928682,-0.3976755447941889,-0.3403808056350429,-0.08875192604006163,-0.06963020030816641,-0.1446929341844596,-0.09252916574950473,-0.14492626018049748,-0.10840633942328858,-0.4708826766453885,-0.09237948492185781,-0.055624036979969184,0.006200748404138235
#201,0.4462029495927801,0.07664098613251155,0.552887959498129,0.5905436935945411,0.10173893902707462,0.17061853400836452,0.18644948272066916,0.28112920977327754,0.09263482280431433,0.45850539291217257,0.17817081223860884,0.082722870349989,0.177541272287035,0.03217697556680608,-0.16756548536209553,-0.16011666299801894,1.0,0.2258397534668721,-0.2217587497248514,-0.29773057451023555,-0.08575830948712304,-0.3628615452344266,-0.00362095531587057,-0.13437816420867268,-0.05698217037200088,-0.12403477878054149,0.23937706361435174,0.09843715606427471,0.03530266343825666,-0.06897864847017389,0.09041382346467092,0.19600044023772836,0.22156504512436717,0.1521483601144618,-0.007508254457407,-0.1545476557340964,-0.044979088707902265,-0.16463790446841295,0.17565705480959717,0.1355954215276249,0.021923838872991416,-0.09687211093990755,0.08521021351529826,-0.1697424609289016,0.05352850539291217,-0.140363196125908,0.17108298481179837,0.19090028615452345,0.04010345586616773,0.0713185119964781,-0.01166189742460929,0.2942306845696676,0.2941646489104116,0.2734096412062514,0.17553819062293638,0.14825005502971605,-0.21785384107418004,-0.2581201848998459,0.053119084305524984,0.04688751926040061,-0.19364957076821485,0.08575610829848118,-0.11800132071318511,-0.002099933964340744,0.14689632401496808,0.051877613911512216,-0.017895663658375523,-0.03760950913493286,-0.19804534448602246,0.036068677085626236,0.30725291657495046,0.202920977327757,0.011485802333259961,0.07588817961699318,-0.10906229363856483,0.07288355712084525,-0.0008804754567466431,0.03673123486682809,0.07563064054589479,-0.11349768875192603,-0.03295839753466872,0.045571208452564384,0.0912656834690733,0.13273167510455647,0.009233986352630421,-0.09513977547875853,-0.07568126788465772,0.18686770856262383,-0.04397534668721109,0.13484701738939028,0.022806515518379925,-0.11012766894122826,-0.21490204710543695,-0.23588597842835132,-0.1682214395773718,0.0820096852300242,-0.11555580013207131,0.33376183138895005,0.34030816640986133,0.06786044464010565,0.3761611270085846,0.3202707462029496,0.2665639445300462,0.22193484481620074,0.29408980849658817,0.34160686770856263,0.40711424169051286,-0.15937046004842614,0.048597842835130974,-0.19075280651551837,-0.11152762491745542
