,#10,#11,#12,#13,#17,#18,#26,#49,#50,#51,#52,#53,#54,#58,#101,#102,#201,#202,#301,#302,#401,#402,#501,#502,#601,#602,#701,#702,#801,#802,#901,#902,#1001,#1002,#1101,#1102,#1201,#1202,#1301,#1302,#1401,#1402,#1501,#1502,#1601,#1602,#1701,#1702,#1801,#1802,#1901,#1902,#2001,#2002,#2101,#2102,#2201,#2202,#2301,#2302,#2401,#2402,#2501,#2502,#2601,#2602,#2701,#2702,#2801,#2802,#2901,#2902,#3001,#3002,#3101,#3102,#3201,#3202,#3301,#3302,#3401,#3402,#3455,#3501,#3502,#3601,#3602,#3701,#3702,#3801,#3802,#3901,#3902,#4001,#4002,#4101,#4102,#4201,#4202,#4301,#4302,#4401,#4402,#4501,#4502,#4601,#4602,#4701,#4702,#4801,#4802
#10,1.0,0.3861853400836452,0.2825181598062954,0.33236847897864846,0.30467752586396657,0.06806515518379926,-0.05438476777459828,0.23921417565485362,0.11689412282632622,0.3083843275368699,0.03013647369579573,0.11919216376843496,-0.06815540391811578,-0.1574554259300022,-0.3319502531366938,-0.25532467532467534,0.346121505613031,0.15032797710763812,-0.261897424609289,-0.33254897644728154,-0.2624609289016069,-0.14339643407440017,0.20499449702839534,0.043858683689192164,0.06366057671142417,0.19546114902047104,0.12206031256878715,0.24647589698437156,0.12136033458067357,0.09723310587717367,0.1251882016288796,0.32759189962579793,0.15273167510455646,-0.0087145058331499,0.2912458727712965,0.04564825005502972,-0.18662777900066035,-0.0659388069557561,0.0022033898305084745,0.02356812678846577,0.2407572088928021,0.1170988333700198,-0.08703059652212194,-0.16824345146379044,-0.16246753246753246,-0.08130970724191063,0.27554919656614574,0.3214549856922738,0.021613471274488223,0.09022892361875413,0.05609949372661237,-0.011688311688311689,0.19942108738718908,-0.19716266784063394,-0.11064054589478318,-0.04101034558661677,-0.08099933964340744,-0.2537244111820383,0.06023772837332159,0.022157164869029276,0.12213955535989435,0.14553598943429452,0.034219678626458284,-0.07319612590799031,0.20994276909531145,-0.02143957737178076,0.03599823904908651,-0.3035395113361215,-0.10043363416244772,-0.22535989434294518,-0.038153202729473916,0.10799691833590139,-0.06017389390270746,-0.08944970283953335,-0.23913053048646268,-0.07707241910631742,-0.11018049746863307,-0.020215716486902926,0.06670482060312569,0.16679066696015848,0.07565045124367158,0.10457406999779881,-0.13216596962359675,0.09508474576271186,0.17901606867708564,0.13134052388289677,0.1714505833149901,0.32939247193484483,0.10628439357252917,-0.017446621175434735,-0.07033237948492185,0.24370680167290337,0.10622716266784063,-0.007420206911732336,-0.05563944530046225,0.22654853620955315,-0.06854501430772617,0.24076381245872772,0.1654391371340524,0.2117125247633722,0.020594320933303985,0.1624653312788906,0.37301562843935726,0.1268082764692934,0.2341602465331279,0.2137838432753687,0.33465771516618975,0.1148051948051948,-0.14712965001100595,0.1281135813339203,0.007783403037640326
#11,0.3861853400836452,1.0,0.30130090248734315,0.4458441558441558,0.35230904688531806,-0.08109178956636584,0.09873211534228483,0.5875236627779,0.20476557340964122,0.4569931763152102,0.372194585075941,-0.07450803433854282,-0.3164010565705481,0.120297160466652,-0.25240149680827645,-0.29657054809597183,0.12036539731454986,0.2360906889720449,0.01896984371560643,-0.1378516398855382,-0.04829407880255338,-0.16031256878714506,0.03562623816861105,-0.06808276469293419,0.03454765573409641,0.08506713625357692,-0.3094651111600264,0.09153422848338102,0.11487783403037641,0.13547435615232226,-0.03208012326656395,0.10706801672903368,0.15559982390490865,0.14049746863306187,0.30475676865507373,0.1899801893022232,0.10716707021791767,0.18414263702399294,0.2126964560862866,0.19053709002861546,0.06074400176095091,0.1368346907329958,0.16517059211974466,-0.17997578692493946,-0.26838212634822806,-0.0576205150781422,0.13424829407880257,0.17975346687211094,-0.27339863526304203,-0.183284173453665,-0.24044023772837333,-0.260561303103676,-0.1063086066475897,-0.10576491305304865,-0.2211204050187101,-0.026251375742901168,-0.24347567686550736,-0.3412260620735197,-0.2455381906229364,-0.21141316310807837,0.35119524543253355,0.26161127008584634,0.187244111820383,-0.12646268985252035,-0.07899845916795069,-0.060471054369359456,0.262293638564825,-0.13605326876513318,0.10307946290997139,0.0649108518600044,0.07163108078362315,0.17670922298040942,0.06421527624917456,0.1326304204270306,0.0636385648250055,0.16138234646709224,0.20370900286154522,0.0875544794188862,0.11915694475016508,0.15784943869689633,0.07340744001760952,-0.039152542372881356,-0.3665463350209113,0.2932621615672463,0.3802377283733216,0.15567686550737397,0.31766233766233765,-0.0612062513757429,-0.13202509355051728,-0.11911952454325336,0.07536869909751266,0.2904688531807176,-0.01602905569007264,-0.07274047985912392,-0.27500550297160464,-0.017519260400616334,0.053389830508474574,0.11527184679727052,0.08930222320052829,0.12720228923618754,-0.031386748844375964,-0.10316751045564605,0.16726832489544355,0.19453664979088708,0.11847237508254457,0.29420867268324896,0.1295245432533568,0.3395311468192824,0.2032621615672463,-0.26660576711424167,-0.2656130310367599
#12,0.2825181598062954,0.30130090248734315,1.0,0.4003367818622056,0.2778912612810918,0.09058111380145278,0.30842835130970725,0.09488443759630201,0.08270526084085406,0.45822143957737177,0.03297820823244552,-0.1163878494386969,-0.19417785604226281,-0.04744441998679287,-0.12970504072198988,0.07424609289016068,0.38109839313229144,0.6362667840633942,-0.44412282632621614,-0.4399295619634603,-0.2334140435835351,-0.14545674664318733,0.20036979969183358,0.1383138895003302,0.0050231124807396,0.040365397314549856,-0.021054369359454105,0.02227162667840634,-0.007583094871230465,-0.11895883777239709,0.2985362095531587,0.19390931102795508,0.5205679066696016,0.2912634822804314,0.012846136913933524,-0.13729253797050409,-0.22148139995597624,-0.20072859344045785,0.024327536869909752,0.04288355712084525,-0.2932489544353951,-0.18700418225841955,0.06267004182258419,-0.20711424169051287,-0.06768875192604006,-0.08280211314109619,0.15558221439577372,0.07159366057671142,0.05560862865947612,0.2456746643187321,0.2945476557340964,0.0004336341624477218,0.21812238608848777,0.16024213075060534,-0.021930442438917015,0.36066916134712745,-0.12205370900286154,-0.3438961038961039,0.18167070217917675,0.37967422408100376,-0.0627426810477658,0.16570327977107638,-0.13554039181157826,-0.21244992295839754,0.13659476117103236,0.06686990975126568,0.15243671582654633,0.004125027514858023,-0.3520515078142197,-0.2257164869029276,0.033625357693154306,0.16975126568346907,-0.3612590799031477,-0.17848558221439578,-0.39286154523442657,-0.1866321813779441,-0.32617433414043584,0.062080123266563945,-0.017750385208012327,0.03064274708342505,-0.2754479418886199,0.19431432973805854,-0.4067840633942329,0.0018842174774378164,0.19218357913273168,0.023365617433414042,0.3270680167290337,0.021578252256218358,-0.010895883777239709,-0.3414505833149901,-0.011043363416244772,0.3225115562403698,0.1198547215496368,0.4289698437156064,0.3201716927140656,0.4103764032577592,0.03218578032137354,0.46650671362535767,0.37282192383887297,0.24424169051287695,0.20463790446841296,0.27467092229804096,0.16084965881576052,0.5248470173893903,0.477508254457407,0.6162491745542593,0.42344486022452127,0.051613471274488225,0.020814439797490644,0.0951353731014748,0.22508034338542812
#13,0.33236847897864846,0.4458441558441558,0.4003367818622056,1.0,0.21055029716046667,0.2713449262601805,0.19460928901606867,0.3603499889940568,0.23671582654633502,0.5748910411622276,0.01823464670922298,0.1508364516839093,-0.09964560862865948,-0.11899405679066696,-0.12926260180497468,-0.3032929782082324,0.48419546555139775,0.31132071318511995,-0.026070878274268103,-0.35191503411842395,-0.08664098613251156,-0.2943165309267004,0.1900132071318512,-0.061184239489324235,0.08582214395773718,-0.09283953334800793,0.07052388289676426,0.06847897864847018,0.21828087167070218,0.06330618534008364,0.17640325775918997,0.31680387409200966,0.20449922958397534,0.25416905128769535,0.1421483601144618,0.07162667840633942,-0.05019150341184239,0.008456966762051508,0.1449372661237068,0.06392471934844816,0.07254237288135593,0.2503543913713405,0.01931983270966322,-0.15321373541712524,-0.09797270526084086,-0.08070217917675544,0.16087387189082103,0.2019392471934845,-0.1292802113141096,-0.1389522342064715,-0.005610829848117983,-0.13526524323134492,0.16649790887079022,-0.0751617873651772,0.07871010345586617,-0.002846136913933524,-0.030534888839973587,-0.4036715826546335,0.032753686990975125,-0.03899405679066696,0.011941448382126348,0.07023552718467972,0.02173233546114902,-0.15264142637023992,0.21345146379044685,-0.1288333700198107,0.12229143737618314,-0.14559101915034117,-0.0004754567466431873,-0.22394453004622497,0.07910411622276028,0.05767774598283073,0.021723530706581555,0.06270526084085407,-0.21877173673783842,-0.2185031917235307,-0.016335020911292096,-0.043944530046224964,0.07757208892802113,-0.035844155844155845,0.02915694475016509,0.053325996037860444,-0.18708122386088488,0.21761171032357474,0.1635923398635263,-0.024422187981510017,0.07275148580233326,0.21860444640105656,0.05058111380145278,-0.1657825225621836,-0.08778340303764033,0.1789918556020251,-0.12593000220118863,0.16301342725071538,0.03879815100154083,0.09071098393132292,-0.09599603786044464,0.22610609729253797,0.06414263702399296,0.30770416024653313,-0.004166850099053489,0.20092009685230025,0.24339863526304203,0.20402377283733217,0.19623376623376623,0.29519040281752146,0.25698877393792646,0.021679506933744222,-0.14248294078802554,0.14442218798151002,-0.0028703499889940567
#17,0.30467752586396657,0.35230904688531806,0.2778912612810918,0.21055029716046667,1.0,-0.027506053268765134,0.12314549856922738,0.3592890160686771,0.24884217477437817,0.45254237288135596,0.22657054809597182,0.30582654633502093,-0.014794188861985472,0.1960246533127889,-0.23655954215276248,-0.44499449702839533,0.22521241470394013,0.3965463350209113,-0.026539731454985692,-0.32031256878714504,-0.17378604446401055,-0.5101430772617214,0.157673343605547,-0.3022033898305085,-0.05275808936825886,-0.09508254457406999,-0.09825005502971605,-0.010083645168390932,0.291353731014748,0.15038740920096852,0.34349108518600047,0.21179837112040503,0.2708540611930442,0.29208012326656396,0.5177591899625797,0.1800462249614792,0.23243451463790446,0.23784723750825446,0.45520360994937265,0.1520118864186661,0.013392031697116443,0.10449922958397535,0.17310367598503193,-0.1842989214175655,0.003572529165749505,-0.19930002201188643,0.12774378164208672,0.06588377723970944,-0.2846555139775479,-0.22882456526524322,-0.10443979749064494,-0.29465991635483163,-0.07531587057010786,-0.2201452784503632,-0.26803213735417125,-0.08072639225181598,-0.29169711644287916,-0.529982390490865,0.10277349768875192,0.015333480079242791,0.13431432973805854,0.24612150561303103,0.4642262821923839,0.03451683909311028,0.04562623816861105,-0.13511776359233987,0.49162447721769753,-0.014719348448162008,0.06404578472375083,-0.09052608408540612,0.12501871010345586,-0.03919656614571869,-0.02066916134712745,0.056191943649570766,0.0017829627999119523,-0.023013427250715385,0.013992956196346027,-0.0075192604006163325,0.07346246973365618,0.18893462469733657,-0.10517059211974467,0.08721989874532247,-0.4273959938366718,0.2660180497468633,0.5888443759630201,0.23044243891701519,0.39182258419546556,0.0664010565705481,0.18894783182918776,-0.19177856042262822,0.16622055910191502,0.5299053488883997,0.08227602905569008,0.15410741800572308,-0.0022209993396434076,-0.010596522121945852,-0.03680607528065155,0.41355491965661456,0.11904028175214616,0.40337001981069776,0.11506493506493506,0.17584195465551397,0.36329517939687433,0.4092758089368259,0.2041074180057231,0.40201408760730795,0.10316530926700418,0.22187541272287034,-0.02618534008364517,-0.1236847897864847,-0.23386748844375962
#18,0.06806515518379926,-0.08109178956636584,0.09058111380145278,0.2713449262601805,-0.027506053268765134,1.0,0.21246973365617433,-0.20409200968523003,-0.013671582654633502,0.07143297380585516,0.051195245432533565,0.14773717807616113,0.2650583314990095,-0.07634382566585957,-0.023440457847237507,0.030444640105657055,0.22155403918115782,0.04252916574950473,0.021041162227602904,0.04836451683909311,0.021241470394012765,0.040211314109619194,-0.027114241690512877,0.19022892361875413,0.20107197886858905,0.07065155183799252,0.07708342504952674,0.07850099053488883,0.02410741800572309,0.26750605326876514,-0.05523662777900066,0.2040677966101695,-0.02043363416244772,0.09299141536429673,-0.16787145058331499,-0.018771736737838433,-0.1212722870349989,-0.014952674444199869,-0.05954875632841734,0.09278450363196127,0.14294519040281753,0.2941404358353511,-0.005914593880695576,0.1416552938586837,-0.16804974686330618,0.26348668280871673,0.2690578912612811,0.10613471274488223,-0.18461809377063615,-0.12072639225181599,0.30166409861325116,0.12072419106317411,0.17270526084085405,0.10875192604006163,0.09863306185340083,0.04941448382126348,-0.0200462249614792,0.08467312348668281,-0.1418335901386749,-0.08332379484921858,-0.15150341184239488,-0.14160906889720448,-0.04795289456306406,-0.08158485582214396,0.0752014087607308,-0.179768875192604,-0.18879594981289896,0.03972044904248294,0.030052828527404797,-0.0912128549416685,0.06073959938366718,0.1365133171912833,0.001476997578692494,-0.043306185340083646,-0.18250275148580233,-0.14430772617213294,-0.03644508034338543,-0.025450143077261723,-0.1633348007924279,0.03920316971164429,-0.219471714725952,0.14285714285714285,0.3462887959498129,-0.29850759410081446,-0.29783623156504513,-0.3053400836451684,-0.26284613691393355,0.09038080563504293,-0.04316090688972045,-0.2179176755447942,-0.15458727712965,-0.27145278450363197,-0.06796610169491525,-0.11516618974246093,0.11613031036759851,-0.04059652212194585,0.026161127008584636,-0.04734316530926701,0.3407506053268765,0.17099933964340744,0.2498481179837112,0.3453929121725732,0.21299141536429672,0.06368038740920097,0.1905216817081224,-0.014213075060532687,0.1447127448822364,-0.14401276689412282,-0.23680167290336782,0.11159366057671143,0.023748624257098835
#26,-0.05438476777459828,0.09873211534228483,0.30842835130970725,0.19460928901606867,0.12314549856922738,0.21246973365617433,1.0,0.01971384547655734,0.05333480079242791,0.20322254017169272,0.10178516398855382,-0.015637244111820384,-0.13854501430772617,0.07928681488003522,0.011008144397974906,-0.02504732555580013,0.3217785604226282,0.21153422848338102,-0.17796169931763153,-0.29037860444640107,-0.09976667400396214,-0.20877834030376402,0.18171912832929782,-0.017519260400616334,0.12821483601144618,0.019955976227162667,0.02358133392031697,-0.08706361435174995,-0.0062579793088267666,0.07956636583755228,0.11410741800572309,0.07168390931102796,0.15069777679947172,0.03587277129650011,-0.12644508034338542,-0.11571208452564385,-0.09475236627779,-0.22626678406339423,-0.037717367378384326,0.08850539291217258,-0.10208892802113141,-0.08632621615672463,-0.19119524543253358,-0.10593880695575611,0.012526964560862866,-0.04503411842394893,0.24946290997138454,0.12635703279771077,0.053922518159806296,0.052091129209773275,0.3285075941008144,0.049861325115562405,0.26061853400836454,0.2642460928901607,0.1579837112040502,0.31970063834470613,-0.11205811138014528,-0.2314968082764693,0.11968523002421308,0.1771318511996478,-0.2658595641646489,-0.05809817301342725,-0.14224521241470395,0.09272507153863085,-0.04095311468192824,-0.08213295179396875,0.32936385648250055,0.27826986572749285,-0.1940876073079463,-0.22116002641426372,0.052747083425049524,0.03685230024213075,-0.1867554479418886,0.0175148580233326,-0.3182148360114462,-0.17794629099713846,-0.26591459388069555,-0.02977327756988774,0.053152102135152986,0.13230464450803434,0.016566145718688093,0.1900858463570328,-0.2986770856262382,0.054968082764692935,-0.07870349988994056,-0.15716486902927582,0.01965001100594321,0.14394673123486681,-0.06440457847237509,-0.1763614351749945,-0.14086286594761172,0.10513977547875852,0.1165859564164649,0.22283733215936605,0.23119744662117545,0.27234426590358796,-0.018298481179837112,0.18029716046665198,0.19907550077041603,0.16844155844155845,0.21172353070658156,0.23362755888179618,0.07434294519040281,0.16839313229143738,0.20546775258639666,0.22875632841734536,0.2732775698877394,-0.2243913713405239,0.02694915254237288,-0.01802113141096192,0.14159806295399516
#49,0.23921417565485362,0.5875236627779,0.09488443759630201,0.3603499889940568,0.3592890160686771,-0.20409200968523003,0.01971384547655734,1.0,0.3257164869029276,0.45317851639885537,0.33646268985252037,0.19731234866828087,-0.2228813559322034,0.2930970724191063,-0.3490446841294299,-0.3614439797490645,0.13051067576491304,0.059782082324455206,-0.06191063174114021,-0.2291767554479419,-0.2726986572749285,-0.2551948051948052,-0.07259300022011886,-0.14815540391811577,-0.16579132731675106,0.06258639665419326,-0.11272507153863086,0.10549196566145719,0.12761611270085846,0.21336121505613032,-0.112194585075941,-0.009042482940788025,0.0412260620735197,0.14705701078582434,0.3676051067576491,0.041681708122386085,0.19928461369139336,0.1246929341844596,0.15287695355491965,0.17808056350429233,0.08084085406119304,0.2290843055249835,0.06744441998679286,-0.11487783403037641,-0.029564164648910412,-0.21206031256878716,0.06676865507373982,0.09230024213075061,-0.2172705260840854,-0.1516156724631301,-0.3617191283292978,-0.4854171252476337,-0.1990050627338763,-0.16780101254677526,-0.30906889720449043,-0.008718908210433635,-0.2720427030596522,-0.3198613251155624,-0.07116222760290557,-0.07104336341624477,0.19911952454325335,0.06701298701298701,0.24144177856042262,-0.06692273827867048,0.15051067576491306,-0.1347655734096412,0.25762271626678407,-0.12617873651771958,0.09177415804534449,-0.025692273827867047,0.15573189522342065,0.13016068677085627,0.09394673123486683,0.13572309046885317,0.11439797490644948,0.22418225841954656,0.057343165309267,0.06027514858023333,0.32875632841734537,0.14474356152322254,0.19938806955756108,-0.1501518820162888,-0.473860884877834,0.4767422408100374,0.5146026854501431,0.3899581774158045,0.21981069777679949,0.16360774818401938,-0.04737838432753687,0.20667400396213956,0.2823992956196346,0.3505480959718248,0.1998877393792648,-0.003431653092670042,-0.1362161567246313,-0.053682588597842834,0.16224521241470394,-0.028368919216376843,-0.09673123486682808,0.1746797270526084,-0.1150363196125908,-0.3243803653973146,0.03042703059652212,0.028269865727492845,-0.1260774818401937,0.14828967642526963,-0.1458661677305745,0.21757649130530488,0.13102355271846797,-0.09872991415364296,-0.2709949372661237
#50,0.11689412282632622,0.20476557340964122,0.08270526084085406,0.23671582654633502,0.24884217477437817,-0.013671582654633502,0.05333480079242791,0.3257164869029276,1.0,0.31665639445300464,0.3022033898305085,0.13095091349328639,-0.1074488223640766,0.180462249614792,-0.15996257979308826,-0.2927162667840634,0.061351529826106095,0.05111820383006824,0.033845476557340964,-0.2587937486242571,-0.12433854281311908,-0.3573585736297601,0.09285053929121725,-0.10723970944309927,0.08269425489764473,0.05274268104776579,-0.11136693814659916,-0.06183579132731675,0.039911952454325335,0.09808496588157604,-0.05308166409861325,-0.10808936825885979,-0.0650231124807396,0.2944640105657055,0.22066255778120186,-0.11235967422408101,0.13301782962799913,0.08526524323134492,0.24643627558881795,0.07030156284393572,0.09287475236627779,0.2968853180717588,0.1400528285274048,0.009271406559542153,0.06462469733656175,-0.04250715386308607,-0.01539291217257319,-0.08747083425049526,-0.1756504512436716,-0.13616773057451023,-0.20061853400836452,-0.24043363416244773,-0.1536979969183359,-0.11147259520140876,-0.11708562623816861,0.01575610829848118,-0.16021571648690291,-0.2750539291217257,0.0978912612810918,0.014558661677305745,0.228135593220339,0.12818401937046006,0.1935197006383447,-0.12085186000440237,-0.07296720228923619,-0.27069997798811357,0.1852608408540612,-0.034648910411622276,0.21830728593440457,-0.0834338542813119,0.1549900946511116,0.04364076601364737,0.027226502311248076,0.11053929121725732,0.19561743341404358,0.10269865727492847,0.11086946951353731,0.05414043583535109,0.053255558001320716,-0.16252696456086285,-0.021285494166850098,-0.28492846136913935,-0.17831388950033017,0.1843319392471935,0.062722870349989,0.20776359233986352,0.013660576711424169,0.27801232665639447,0.08133392031697116,0.01135593220338983,-0.17660796830288356,0.1400858463570328,0.10531807175874973,-0.06843275368699098,0.007462029495927801,-0.13770195905789126,0.13050847457627118,0.10797490644948272,0.06605326876513318,-0.008346907329958178,-0.10743341404358353,-0.10242791107197886,0.054514637904468415,0.057679947171472595,0.0275544794188862,0.027897864847017388,0.030288355712084526,0.11444419986792868,-0.060655954215276246,-0.03562623816861105,-0.10844816200748404
#51,0.3083843275368699,0.4569931763152102,0.45822143957737177,0.5748910411622276,0.45254237288135596,0.07143297380585516,0.20322254017169272,0.45317851639885537,0.31665639445300464,1.0,0.09212414703940128,0.13325335681267886,-0.16163768434954875,0.10447501650891482,-0.413614351749945,-0.4593748624257099,0.4902685450143077,0.390528285274048,-0.08312128549416685,-0.3976601364736958,-0.31417345366497906,-0.45649130530486465,0.15298261060972926,-0.2676601364736958,-0.17433193924719348,-0.07501430772617214,-0.10825005502971605,0.08799471714725952,0.3380431432973806,0.2627492846136914,0.2798745322474136,0.19351749944970284,0.35095311468192825,0.3197402597402597,0.4047325555800132,0.14470173893902707,0.17004182258419548,0.05053268765133172,0.30117763592339863,0.034965881576051065,0.09532467532467533,0.3013603345806736,-0.022161567246313008,-0.26270966321813777,-0.084950473255558,-0.261005943209333,0.23661457186880916,0.18908210433634162,-0.19318071758749725,-0.23935725291657495,0.038980849658815764,-0.3048910411622276,0.036286594761171034,-0.22082104336341624,-0.24996257979308828,-0.033046445080343385,-0.21657715166189742,-0.6462139555359895,-0.025241030156284393,-0.09598062953995157,0.19508034338542812,0.28834690732995816,0.20207572088928022,-0.0016200748404138234,0.1783777239709443,-0.19787365177195684,0.28145498569227384,-0.23307285934404579,0.099867928681488,-0.08471934844816201,0.31593660576711424,0.1813317191283293,0.07974246092890161,0.0713845476557341,0.031063174114021572,0.05767774598283073,0.11052168170812239,0.07866167730574511,0.2247391591459388,0.15610169491525425,-0.1255690072639225,0.11077922077922078,-0.32351529826106096,0.43637244111820384,0.451204050187101,0.29107197886858904,0.35314769975786925,0.2213581333920317,-0.006447281532027295,-0.21023992956196347,0.10115562403697997,0.4986022452124147,0.003458067356372441,0.22134712744882237,-0.08066475896984372,0.0073145498569227385,0.04741800572309047,0.385659255998239,0.028100374202069116,0.3758331499009465,0.13421307506053268,0.16608188421747744,0.2608540611930442,0.3518666079683029,0.235346687211094,0.41658375522782304,0.21167070217917675,0.23718247853841073,-0.11824565265243231,0.002491745542593,-0.11839093110279551
#52,0.03013647369579573,0.372194585075941,0.03297820823244552,0.01823464670922298,0.22657054809597182,0.051195245432533565,0.10178516398855382,0.33646268985252037,0.3022033898305085,0.09212414703940128,1.0,0.19954435395113362,-0.2887431212854942,0.25955756108298483,-0.05179616993176315,-0.0798283072859344,-0.047880255337882455,-0.03607748184019371,0.012548976447281533,0.004560862865947612,-0.01629980189302223,-0.1975214615892582,-0.08083425049526745,-0.021987673343605546,0.0674686330618534,0.13548095971824786,-0.3223090468853181,0.007908870790226723,0.022989214175654853,0.24181598062953996,-0.2810169491525424,-0.11885318071758749,-0.046643187321153426,0.02162887959498129,0.2811005943209333,0.09077261721329517,0.2138432753686991,0.12434074400176096,0.12095311468192824,0.08353731014747964,0.12075060532687651,0.3011182038300682,0.1645102355271847,0.01073299581774158,-0.11124147039401276,-0.06755888179616994,0.03806515518379925,0.04301122606207352,-0.15246092890160687,-0.13589258199427692,-0.20209773277569887,-0.150198106977768,-0.04687871450583315,0.052348668280871674,-0.041589258199427694,0.08075720889280211,-0.19858023332599603,-0.05532907770195906,-0.07466211754347347,-0.19802333259960378,0.09087827426810478,-0.06299141536429673,0.06722209993396434,-0.24955976227162668,-0.07812458727712965,-0.043526304204270304,0.14864626898525204,-0.12784283513097072,0.15654633502091128,0.037193484481620076,0.05629319832709663,0.12170372000880475,0.18069777679947172,0.13419106317411403,0.010030816640986132,0.13260180497468632,0.03559542152762492,0.050011005943209334,0.09844816200748405,0.04084965881576051,0.04229363856482501,0.025439137134052388,-0.27786704820603125,0.17541712524763373,0.2156636583755228,0.10710763812458728,0.008666079683028835,0.006246973365617433,0.056530926700418226,0.06180717587497248,0.02175874972485142,0.14192824125027514,0.04952014087607308,-0.07075060532687652,-0.10904688531807176,-0.10827867048206032,0.08727272727272728,-0.06142857142857143,0.0337178076161127,-0.03602905569007264,-0.050096852300242134,-0.20476557340964122,0.06700858463570328,-0.016343825665859565,-0.07780101254677525,0.06463790446841294,-0.06918335901386749,0.03139995597622716,0.16810697776799471,-0.23300462249614792,-0.23894342945190403
#53,0.11919216376843496,-0.07450803433854282,-0.1163878494386969,0.1508364516839093,0.30582654633502093,0.14773717807616113,-0.015637244111820384,0.19731234866828087,0.13095091349328639,0.13325335681267886,0.19954435395113362,1.0,0.23080783623156503,0.11114902047105436,-0.01488003521901827,-0.3236363636363636,0.25044464010565703,-0.11023772837332159,0.1290248734316531,-0.18256658595641648,-0.1124389170151882,-0.3725974025974026,-0.014371560642747083,-0.3424389170151882,0.0634998899405679,-0.06350869469513537,0.09082764692934185,-0.13202509355051728,0.22279771076381247,0.21999779881135814,-0.19888179616993176,0.17098393132291437,-0.26690512876953554,0.046031256878714503,0.245016508914814,0.0974158045344486,0.06588157605106758,0.10704160246533127,0.1303697996918336,-0.00425709883337002,0.3026392251815981,0.2885670261941448,0.14100594320933305,0.11057230904688532,0.14661016949152542,-0.17318071758749726,0.05490644948272067,0.06257979308826767,-0.10251375742901167,-0.2170658155403918,-0.179768875192604,-0.272161567246313,-0.09466651992075721,-0.28300462249614794,-0.056651992075720886,-0.23188861985472156,0.10847237508254458,-0.19756328417345367,0.12870349988994056,-0.3041976667400396,-0.1039027074620295,-0.24323574730354391,0.2873365617433414,0.17927360774818402,-0.03324455205811138,-0.5240435835351089,0.011421967862645828,-0.020004402377283733,0.18627118644067797,-0.17637684349548757,0.06827206691613472,-0.21779000660356593,0.19763152102135154,0.12796830288355712,-0.0825181598062954,-0.19235747303543912,0.0387805414924059,-0.16678626458287477,0.2012128549416685,-0.12093110279550957,0.14537750385208012,0.2554985692273828,0.031369139335241034,0.22169271406559543,0.13821263482280433,0.1786352630420427,-0.1160576711424169,0.22867928681488003,0.25036759850319174,0.39701738939027076,0.1590380805635043,0.08783403037640326,-0.005676865507373982,0.0030310367598503194,0.1025643847677746,-0.029154743561523224,0.029546555139775478,0.03437376183138895,-0.17685230024213075,0.04331058771736738,-0.04113581333920317,0.08888839973585737,0.2754369359454105,-0.1112854941668501,-0.12737838432753687,-0.16471714725952014,-0.09627118644067796,-0.12170151882016289,-0.20229804094210874,0.14137354171252475,-0.006390050627338763
#54,-0.06815540391811578,-0.3164010565705481,-0.19417785604226281,-0.09964560862865948,-0.014794188861985472,0.2650583314990095,-0.13854501430772617,-0.2228813559322034,-0.1074488223640766,-0.16163768434954875,-0.2887431212854942,0.23080783623156503,1.0,0.035130970724191066,0.08685230024213075,-0.03801232665639445,0.08479418886198548,-0.3503543913713405,0.11238168611049967,0.12435174994497028,-0.04186880915694475,0.17102135152982612,-0.1290710983931323,0.0740744001760951,-0.1235130970724191,0.1458529605987233,0.15838212634822804,0.12000880475456746,0.09016288795949813,-0.1321901826986573,-0.08047765793528505,0.051877613911512216,-0.3140854061193044,-0.17488223640766012,-0.12877613911512217,-0.16678186220559102,-0.14617433414043585,-0.029185560202509356,-0.12103675985031917,-0.170132071318512,0.1269337442218798,-0.12742681047765794,0.04551397754787585,0.2172837332159366,-0.03402377283733216,0.21522121945850758,0.16029936165529385,0.1639951573849879,0.06314769975786926,-0.023255558001320713,0.04806075280651552,0.11743121285494167,-0.19033898305084745,-0.03908210433634163,-0.002515958617653533,-0.25767114241690514,0.0934206471494607,0.16996918335901387,0.01011666299801893,-0.03841514417785604,-0.21489984591679506,-0.20296279991195246,0.1987211093990755,-0.003453664979088708,-0.036022452124147036,-0.17732995817741581,0.013292978208232446,0.07994937266123707,-0.018978648470173894,-0.08438256658595641,-0.18190182698657276,-0.21001540832049306,-0.07815100154083204,-0.3820052828527405,-0.056777459828307286,-0.25324014968082764,-0.04558001320713185,-0.23077701959057892,0.04763812458727713,0.005296059872331059,0.0487211093990755,-0.028388729914153643,0.38265683469073297,-0.17809156944750165,-0.2516971164428792,-0.12821043363416246,-0.24099713845476559,-0.023385428131190843,-0.14990534888839974,0.06848778340303764,-0.03631741140215716,-0.21780981730134272,-0.005381906229363857,0.002051507814219679,0.09859784283513097,-0.19699097512656835,0.07442879154743562,-0.03860664758969844,-0.014648910411622276,-0.011690512876953555,-0.10582214395773717,0.0961699317631521,-0.02218137794408981,-0.20546775258639666,-0.09662777900066036,-0.33034998899405676,-0.09725291657495047,-0.3318688091569448,-0.12701078582434513,0.33927140655954213,0.197508254457407
#58,-0.1574554259300022,0.120297160466652,-0.04744441998679287,-0.11899405679066696,0.1960246533127889,-0.07634382566585957,0.07928681488003522,0.2930970724191063,0.180462249614792,0.10447501650891482,0.25955756108298483,0.11114902047105436,0.035130970724191066,1.0,-0.10663878494386969,-0.26116442879154744,0.02715166189742461,-0.15466872110939908,0.09999779881135813,0.007534668721109399,-0.058232445520581114,-0.18187541272287036,-0.14060312568787145,-0.20115122165969623,-0.27165309267004184,0.12183579132731676,-0.30641866607968304,-0.12969183359013867,0.014494827206691614,0.3055315870570108,-0.22376183138895003,-0.11454545454545455,-0.21072859344045786,0.1013977547875853,0.23675324675324674,0.12756548536209553,0.28424169051287695,0.14496588157605106,0.08945630640545894,0.1344486022452124,-0.06259520140876074,0.15274047985912392,0.10638564825005503,-0.019029275808936826,-0.1436451683909311,-0.12771516618974246,0.02697776799471715,-0.2157891261281092,-0.21397754787585296,-0.230264142637024,-0.05655073739819502,-0.3791855602025094,-0.3358067356372441,-0.04028835571208453,-0.13594761171032357,-0.008032137354171253,-0.23257539071098393,-0.107508254457407,-0.32963900506273386,-0.29255998239049086,0.07905348888399735,-0.07066916134712745,0.3601408760730795,0.29816420867268323,-0.20569667620515078,-0.11646489104116223,0.3428659476117103,0.28073959938366716,0.2816486902927581,0.2642372881355932,0.3144706141316311,0.16509355051727934,0.15020250935505172,0.10676865507373982,0.3254589478318292,0.2924301122606207,0.1558859784283513,0.11693154303323795,0.1991767554479419,0.10195465551397755,-0.0006449482720669161,-0.04156944750165089,-0.2741734536649791,0.23233546114902048,0.3409751265683469,0.299768875192604,0.10356152322254017,0.048597842835130974,0.03444640105657055,0.09736737838432753,0.09413823464670923,0.17855381906229364,0.12909971384547655,0.05358133392031697,-0.08082764692934184,-0.19235527184679727,0.08817961699317632,-0.036522121945850756,-0.14107197886858905,0.014670922298040942,-0.19558661677305744,-0.32379484921857804,0.082623816861105,-0.1906801672903368,-0.18273387629319832,-0.09610169491525423,-0.2763570327977108,0.1404798591239269,0.0005591019150341185,-0.14325115562403698,-0.2111732335461149
#101,-0.3319502531366938,-0.25240149680827645,-0.12970504072198988,-0.12926260180497468,-0.23655954215276248,-0.023440457847237507,0.011008144397974906,-0.3490446841294299,-0.15996257979308826,-0.413614351749945,-0.05179616993176315,-0.01488003521901827,0.08685230024213075,-0.10663878494386969,1.0,0.5759960378604446,-0.02296500110059432,-0.17219018269865727,0.1286220559101915,0.1289060092449923,0.6825489764472815,0.32918776139115125,0.21354171252476337,0.191666299801893,0.4943297380585516,-0.17041822584195465,0.28587717367378385,-0.44010125467752587,-0.10959278010125467,-0.41992515958617654,-0.06327756988773937,-0.22869909751265682,-0.16868368919216375,-0.25780321373541715,-0.4411468192824125,-0.24725952014087607,-0.187409200968523,-0.23494607087827427,-0.267343165309267,-0.26387189082104334,-0.1282654633502091,-0.09019590578912613,0.20287475236627778,0.11355712084525643,0.15433414043583535,0.08371780761611271,-0.4848228043143297,-0.38672022892361874,-0.05041382346467092,0.1481532027294739,0.010092449922958397,0.33631741140215715,0.22460488663878495,0.36160466651992074,0.6856812678846577,0.2084899845916795,0.4036319612590799,0.28364957076821484,0.09250055029716046,-0.07685009905348889,-0.5570878274268105,-0.5227492846136914,-0.31134932863746423,-0.16166409861325115,-0.24132291437376183,0.017499449702839533,-0.08055029716046665,-0.023658375522782302,-0.14679286814880035,-0.0822870349988994,-0.2849966982170372,-0.10144177856042262,-0.04436275588817962,-0.22354831609068898,-0.3382808716707022,-0.4822738278670482,-0.286913933524103,-0.40703279771076384,-0.010744001760950913,-0.34831388950033015,-0.04760510675764913,-0.04026414263702399,0.21027955095751705,-0.14723530706581553,-0.38110279550957515,-0.4577129650011006,-0.5162227602905569,-0.25329738058551615,-0.09673563724411183,-0.14625357693154303,-0.18474356152322255,-0.2843627558881796,-0.21430112260620734,-0.15601584855822143,0.05575170592119744,0.19125467752586398,-0.301270085846357,-0.2204556460488664,-0.007076821483601145,-0.29842835130970724,0.04056570548095972,-0.004981289896544134,-0.2960774818401937,-0.193020030816641,-0.21068236847897864,-0.28718908210433636,-0.11560862865947612,-0.5873563724411182,0.10186660796830288,-0.06292537970504072,0.08736737838432754
#102,-0.25532467532467534,-0.29657054809597183,0.07424609289016068,-0.3032929782082324,-0.44499449702839533,0.030444640105657055,-0.02504732555580013,-0.3614439797490645,-0.2927162667840634,-0.4593748624257099,-0.0798283072859344,-0.3236363636363636,-0.03801232665639445,-0.26116442879154744,0.5759960378604446,1.0,-0.21051287695355492,-0.05050187101034559,-0.2935263042042703,0.2648492185780321,0.3220515078142197,0.753893902707462,0.13714065595421526,0.5939709443099274,0.2444618093770636,0.08345806735637244,0.21680607528065154,-0.11250275148580233,-0.44273167510455647,-0.44478978648470174,-0.08694915254237288,-0.19774378164208672,0.02183579132731675,-0.3526524323134493,-0.6586990975126569,-0.3466519920757209,-0.4721923838872991,-0.4011996478098173,-0.5339115122165969,-0.07677305745102356,-0.29819722650231123,-0.24611710323574731,0.048344706141316314,0.06812678846577151,0.018122386088487784,0.3233766233766234,-0.17526084085406118,-0.2730244331939247,0.07224521241470394,0.4986550737398195,0.18858023332599605,0.4734294519040282,0.27524983491085186,0.45416024653312786,0.4166321813779441,0.40366277790006605,0.278234646709223,0.5753907109839314,-0.05461589258199428,0.27515958617653535,-0.41936165529385866,-0.3391305304864627,-0.5857539071098393,-0.19282412502751486,-0.09845916795069337,0.20135593220338982,-0.40049306625577813,-0.031093990755007704,-0.4739621395553599,-0.009735857362976007,-0.4440810037420207,0.04154083204930663,-0.34282412502751486,-0.3271516618974246,-0.3473387629319833,-0.23146819282412504,-0.33416905128769536,-0.08083425049526745,-0.2844199867928682,-0.2320250935505173,-0.1185956416464891,0.04183359013867489,0.10788025533788245,-0.38327756988773937,-0.4837332159366058,-0.35909311027955093,-0.3939555359894343,-0.26372220999339646,-0.20064274708342505,-0.08068677085626239,-0.09520801232665639,-0.39772397094430995,0.10673343605546995,-0.16937046004842615,0.09790226722430112,0.30950253136693817,-0.10207572088928021,-0.2620184899845917,0.3639049086506714,-0.2850407219898745,0.07123486682808716,-0.031201848998459167,-0.46935725291657493,-0.03626018049746863,0.013189522342064715,-0.12911292097732777,-0.0336715826546335,-0.3627580893682589,0.17860004402377283,-0.06141096191943649,0.21104996698217038
#201,0.346121505613031,0.12036539731454986,0.38109839313229144,0.48419546555139775,0.22521241470394013,0.22155403918115782,0.3217785604226282,0.13051067576491304,0.061351529826106095,0.4902685450143077,-0.047880255337882455,0.25044464010565703,0.08479418886198548,0.02715166189742461,-0.02296500110059432,-0.21051287695355492,1.0,0.25322474136033457,-0.3051221659696236,-0.6131631080783623,-0.15316971164428791,-0.3285428131190843,0.23441778560422627,-0.07084745762711864,0.11083865287255118,-0.06149020471054369,0.2244177856042263,-0.12806075280651552,0.11071098393132292,0.013495487563284173,0.2616266784063394,0.36933744221879816,0.2558991855602025,0.020587717367378383,0.12113801452784503,0.024787585296059872,-0.2113647369579573,-0.312326656394453,-0.028699097512656833,-0.19301562843935724,0.10557120845256439,0.1343297380585516,-0.04775038520801233,-0.14417565485362097,-0.04240149680827647,-0.1392163768434955,0.22689192163768435,0.18247413603345808,0.10212634822804315,0.10492626018049747,0.22771076381245872,0.12782742681047765,0.3500924499229584,-0.04470394012766894,0.21274488223640767,0.03901826986572749,0.06827646929341845,-0.44693154303323795,0.3177459828307286,0.032467532467532464,-0.25221659696235965,0.0035064935064935067,-0.10804754567466432,-0.0005392912172573189,0.01662557781201849,-0.2941030156284394,0.2152344265903588,-0.15973145498569227,-0.21941668500990535,-0.42912612810917894,0.04644508034338543,-0.03998899405679067,-0.08747083425049526,0.005910191503411842,-0.38703720008804754,-0.2950187101034559,-0.2667246313009025,-0.062590799031477,0.22305084745762713,-0.07158925819942769,-0.11223640766013647,0.054884437596302,-0.23637464230684568,0.21498789346246974,0.05941228263262162,-0.022982610609729254,0.11515518379925159,0.3859189962579793,0.13753246753246753,-0.13442879154743562,-0.06797490644948272,0.2264340744001761,0.06945410521681708,0.27017389390270746,0.25039621395553596,0.4135725291657495,-0.2876183138895003,0.43164208672683246,0.0585494166850099,0.4726326216156725,0.09580453444860225,0.35154083204930664,0.22033237948492185,0.277376183138895,0.28603345806735636,0.3135527184679727,0.28706141316310807,-0.214554259300022,-0.08029275808936825,0.23852080123266564,0.20049306625577812
