,#10,#11,#12,#13,#17,#18,#26,#49,#50,#51,#52,#53,#54,#58,#101,#102,#201,#202,#301,#302,#401,#402,#501,#502,#601,#602,#701,#702,#801,#802,#901,#902,#1001,#1002,#1101,#1102,#1201,#1202,#1301,#1302,#1401,#1402,#1501,#1502,#1601,#1602,#1701,#1702,#1801,#1802,#1901,#1902,#2001,#2002,#2101,#2102,#2201,#2202,#2301,#2302,#2401,#2402,#2501,#2502,#2601,#2602,#2701,#2702,#2801,#2802,#2901,#2902,#3001,#3002,#3101,#3102,#3201,#3202,#3301,#3302,#3401,#3402,#3455,#3501,#3502,#3601,#3602,#3701,#3702,#3801,#3802,#3901,#3902,#4001,#4002,#4101,#4102,#4201,#4202,#4301,#4302,#4401,#4402,#4501,#4502,#4601,#4602,#4701,#4702,#4801,#4802
#10,1.0,0.1790380805635043,0.26829627999119526,0.41187541272287037,0.2780541492405899,0.186781862205591,0.1533546114902047,0.43059872331058774,-0.07303984151441778,0.18444419986792868,0.1401518820162888,0.259075500770416,0.03256218357913273,-0.07941228263262162,-0.20441998679286816,-0.29959938366718025,0.39173013427250714,0.2051221659696236,-0.244686330618534,-0.262260620735197,-0.24927360774818402,-0.2686220559101915,-0.12094430992736077,-0.3050099053488884,-0.17233546114902046,-0.2622738278670482,0.05313229143737618,0.07569007263922518,0.07561743341404359,0.0589192163768435,0.0815166189742461,0.37967422408100376,0.05910191503411842,0.3299867928681488,-0.19169051287695354,0.045232225401716925,0.0876271186440678,-0.20184239489324235,0.03405458947831829,0.1349702839533348,-0.16716046665199208,0.013407440017609509,-0.1737838432753687,-0.23457627118644067,-0.14895003301782964,-0.2835659255998239,0.1701915034118424,0.20996918335901388,-0.014822804314329738,-0.07823684789786485,0.03322694254897645,-0.2533215936605767,-0.1296566145718688,-0.05212194585075941,-0.14822584195465552,-0.22630640545894784,-0.0960510675764913,-0.29115122165969626,0.21580453444860226,-0.06409421087387189,0.20195465551397754,0.2858507594100814,-0.024563064054589478,-0.1611996478098173,0.17533127889060093,-0.08499889940567906,-0.2821813779440898,0.0039731454985692275,-0.05577371780761611,-0.17377944089808497,0.00563284173453665,0.0776139115122166,-0.24285934404578471,-0.1937508254457407,-0.19465331278890602,-0.09487343165309267,-0.05375302663438257,-0.00212854941668501,-0.274719348448162,-0.2231895223420647,0.20883777239709442,0.12620515078142197,0.2211402157164869,0.36197226502311247,0.14971824785384108,0.32499889940567905,0.2851265683469073,0.04324455205811138,-0.08317411402157165,-0.015447941888619855,-0.1677988113581334,0.28693814659916356,-0.09937046004842615,0.28531807175874974,0.049282412502751484,0.12875852960598724,-0.11138454765573409,0.27434514637904467,0.10232225401716927,-0.003992956196346027,0.10712744882236408,0.23534228483381026,0.2903015628439357,0.15053929121725731,0.2624279110719789,0.09778560422628219,0.2391503411842395,0.15229583975346686,0.3150099053488884,0.12011005943209332,0.07327536869909751
#11,0.1790380805635043,1.0,0.29190622936385646,0.34746423068456966,0.35367378384327536,0.19206691613471275,0.36287695355491967,0.13187321153422848,0.0057671142416905125,0.3223398635263042,0.07316971164428791,-0.038291877613911514,0.30883116883116885,-0.01989654413383227,-0.01898745322474136,0.0822408100374202,0.052676645388509795,0.10302663438256658,0.021820383006823686,0.02032577591899626,-0.043330398415144175,0.30978428351309706,-0.03153642967202289,0.10625137574290117,-0.03520360994937266,0.15602905569007264,-0.08398415144177857,0.08886858903808056,0.04700418225841955,0.15311248073959938,-0.1059784283513097,0.16825005502971604,-0.12026854501430773,0.17476557340964122,-0.15160466651992074,-0.2479506933744222,0.07574510235527185,-0.0336847897864847,0.044318732115342284,0.11483601144618094,-0.028661677305745103,0.060541492405899185,-0.09398855381906229,-0.03701518820162888,0.010627338762931983,-0.0837046004842615,-0.06527845036319613,0.11280211314109619,-0.06000440237728373,0.13173013427250715,0.1337640325775919,-0.021943649570768217,-0.1210081443979749,0.2022672243011226,-0.1166784063394233,0.09236187541272287,-0.13966762051507814,0.0035791327316751047,0.10945190402817521,0.1502839533348008,0.06037200088047546,0.10299361655293858,-0.015307065815540392,0.13155844155844157,-0.12134052388289676,0.1537706361435175,-0.1574158045344486,0.16322694254897643,0.1985758309487123,0.20494166850099055,0.19663438256658597,0.22313229143737617,-0.252524763372221,0.07283953334800793,-0.2018776139115122,-0.06494607087827427,-0.2941360334580674,-0.15650891481399956,-0.014475016508914813,0.12238828967642527,0.03206691613471274,0.1289060092449923,0.24987012987012988,0.17858463570327976,-0.09154303323794849,0.010268545014307726,0.04405238828967643,-0.0674620294959278,-0.08506493506493507,-0.234851419766674,-0.04073079462909971,0.01772176975566806,0.08299581774158045,0.04651331719128329,-0.041325115562403696,-0.099933964340744,0.05885538190622936,-0.04594761171032358,0.03561963460268545,-0.13947611710323574,-0.06550077041602466,0.08715606427470834,0.2247721769755668,0.07945630640545895,-0.23266123706801672,-0.08751926040061633,-0.04468853180717588,0.06287034998899406,0.12529826106097292,0.05025313669381466,0.09698877393792649
#12,0.26829627999119526,0.29190622936385646,1.0,0.368135593220339,0.29722870349988995,0.144950473255558,0.29869909751265683,0.07202949592780102,-0.025157384987893463,0.4622760290556901,0.34103675985031917,0.06655734096412062,0.16823024433193925,-0.05329077701959058,-0.2324719348448162,-0.06641426370239929,0.5321527624917456,0.5093814659916355,-0.1764208672683249,0.06604226282192384,0.07953775038520801,0.16411842394893242,0.4130552498349109,0.2591569447501651,0.1291613471274488,0.16304864626898524,0.0636979969183359,0.17738498789346246,0.08788906009244993,0.028547215496368038,-0.013911512216596962,-0.016537530266343827,0.2803279771076381,0.34157384987893463,-0.2414439797490645,-0.12350869469513537,0.07834690732995818,-0.027745982830728592,0.019528945630640546,0.12621835791327315,-0.00010345586616773058,-0.00598943429451904,-0.05232885758309487,0.10022232005282852,-0.1483645168390931,0.03877613911512216,0.024741360334580673,0.06751045564604886,0.1164472815320273,0.14192604006163329,0.10816420867268325,0.28202069117323353,0.15929341844596082,0.3644397974906449,-0.05748404138234647,0.12963460268545016,-0.29817741580453444,-0.1678780541492406,-0.06143957737178076,0.09786704820603126,-0.09725511776359234,0.042060312568787145,-0.20084305524983492,0.04316751045564605,0.18417125247633723,-0.033499889940567906,-0.2741052168170812,-0.1589456306405459,0.2389588377723971,0.12366718027734977,0.32249614791987674,0.41169271406559543,-0.2805194805194805,-0.07847237508254458,-0.36149900946511115,-0.13339863526304205,-0.36004842615012106,-0.36915914593880694,0.12517719568567026,0.2894210873871891,0.0837244111820383,0.045811138014527845,0.05368919216376843,0.19262161567246314,-0.20705260840854062,-0.23877173673783844,-0.07422187981510016,0.2594453004622496,0.07198547215496368,-0.33966982170372,-0.1443385428131191,-0.06696896324014968,0.020416024653312787,-0.044340744001760954,-0.03965661457186881,0.520741800572309,0.34381465991635485,0.5038146599163549,0.4442042703059652,0.34034118423948934,0.21281311908430553,0.5336187541272287,0.2907792207792208,0.4917719568567026,0.16254237288135592,0.2240215716486903,0.1857296940347788,-0.08815100154083205,0.022348668280871672,-0.02726832489544354,-0.015500770416024653
#13,0.41187541272287037,0.34746423068456966,0.368135593220339,1.0,0.3901628879594981,0.24392251815980628,0.3430024213075061,0.06912832929782083,-0.08131631080783623,0.5405040721989874,0.1896302003081664,0.14601584855822144,0.32064714946070877,0.2138300682368479,-0.09933744221879814,0.032590799031477,0.3211996478098173,0.05814439797490645,-0.07790666960158485,-0.018355712084525643,-0.2687739379264803,-0.0399273607748184,0.08531587057010785,0.07496588157605107,-0.020666960158485584,0.22709883337001982,-0.05236187541272287,0.0986814880035219,-0.031910631741140214,0.01917675544794189,-0.09853400836451684,0.382095531587057,0.049005062733876295,0.374241690512877,0.03526084085406119,0.2469689632401497,0.2921703720008805,0.1211996478098173,0.2772727272727273,0.3849922958397535,0.126814880035219,0.1945806735637244,0.08733876293198327,-0.06619854721549637,-0.06878274268104777,-0.044444199867928684,0.2145278450363196,0.395941008144398,0.2888751926040062,0.17974686330618533,0.15622496147919876,-0.2098415144177856,-0.13322033898305086,0.0426106097292538,-0.29971164428791547,0.08515738498789346,-0.22583314990094652,0.13351089588377724,-0.019289016068677084,0.12743121285494166,-0.09794188861985473,0.1563218137794409,0.2774047985912393,0.13739819502531367,-0.10264582874752366,0.05008144397974906,-0.21909971384547655,0.039088707902267227,-0.06433634162447721,-0.015751705921197446,-0.17041162227602905,0.15035879374862426,-0.23569227382786706,-0.2314703940127669,0.04962799911952454,-0.12921417565485363,-0.23966982170372,-0.20618534008364517,-0.0773497688751926,0.11937706361435176,0.09621175434734756,0.1738234646709223,0.1801584855822144,0.13125027514858023,0.01782522562183579,-0.09854501430772618,-0.03846797270526084,0.06533568126788465,-0.058529605987233106,-0.06668500990534888,-0.006434074400176095,-0.034459608188421746,0.07898525203609949,-0.09625797930882676,-0.19484701738939028,-0.0789324235086947,0.1364274708342505,0.019447501650891482,-0.0684767774598283,0.01778560422628219,-0.00677525863966542,0.03249394673123487,0.2107792207792208,0.14264802993616552,0.02350429231785164,0.24670482060312568,0.1336517719568567,0.015621835791327317,0.12131410961919437,-0.22527845036319613,-0.18027074620294958
#17,0.2780541492405899,0.35367378384327536,0.29722870349988995,0.3901628879594981,1.0,0.3035108958837772,0.3229407880255338,0.25124807395993837,0.11550077041602465,0.5402685450143078,0.42558001320713185,0.20696456086286594,0.5412788906009245,0.15596742240810038,-0.1840215716486903,0.011144618093770636,0.268498789346247,0.12455205811138015,-0.05877613911512217,0.045971824785384106,-0.32887519260400616,-0.19829407880255337,-0.12760950913493285,-0.031340523882896765,0.01599603786044464,0.03716927140655954,-0.16579352850539292,0.13167070217917676,0.15521021351529826,0.2339489324235087,-0.1315694475016509,0.4313845476557341,-0.08773937926480299,0.28016068677085626,-0.08856042262821924,0.21537090028615452,0.10095311468192825,0.21640545894783184,0.06142857142857143,0.11582874752366278,0.16066035659255998,0.21797930882676644,-0.02215496368038741,0.1429275808936826,-0.031604666519920756,0.01398415144177856,0.19171032357473036,0.03895443539511336,0.2393616552938587,-0.23325335681267884,0.09491965661457187,-0.1730464450803434,-0.15007704160246532,0.05173013427250715,-0.30395993836671803,-0.014891041162227604,-0.39184899845916793,-0.16063174114021572,0.10660796830288356,0.09654193264362756,0.26194585075941007,0.13033017829628,0.12281311908430552,0.215016508914814,0.016724631300902487,0.2224851419766674,-0.3310873871890821,0.2810631741140216,-0.0062403697996918335,0.1671406559542153,-0.015302663438256658,0.14977767994717148,-0.2895003301782963,-0.1331454985692274,-0.1401915034118424,-0.10553819062293639,-0.319867928681488,-0.2394805194805195,0.12526304204270305,0.16596962359674225,0.240561303103676,0.5324389170151882,0.2742526964560863,0.18368699097512656,0.030572309046885317,0.13720228923618755,0.07463130090248735,0.30495927801012546,0.2697160466651992,0.04702839533348008,0.21062953995157385,0.20433854281311908,0.14264802993616552,0.07792207792207792,-0.03757208892802113,-0.06869029275808937,0.25296500110059433,0.1687607307946291,0.05662557781201849,0.11579132731675104,-0.16650671362535768,0.1151749944970284,0.3271538630860665,0.11550297160466652,-0.025954215276249176,0.1175346687211094,0.11182698657274928,0.1347919876733436,-0.013821263482280431,0.05629980189302223,0.08788906009244993
#18,0.186781862205591,0.19206691613471275,0.144950473255558,0.24392251815980628,0.3035108958837772,1.0,0.14274047985912391,0.03732775698877394,0.06572749284613691,-0.0187012987012987,-0.011904028175214616,0.3744970283953335,0.5197270526084086,-0.13443319392471934,-0.17946731234866828,-0.2831983270966322,-0.0314703940127669,0.19273167510455647,-0.15430772617213295,-0.1292163768434955,-0.07607968302883557,-0.11719568567026194,0.09789786484701739,0.013748624257098833,0.05930222320052828,0.04118423948932424,0.009060092449922959,0.2314836011446181,0.2546819282412503,0.5515430332379485,0.39033017829628,0.14315210213515298,0.025958617653532908,0.24931102795509574,0.036143517499449704,0.06087167070217918,0.35163988553819064,-0.054596081884217475,0.23457627118644067,0.08420867268324896,0.18114461809377064,0.06748624257098833,0.04725071538630861,0.12849658815760512,0.23081884217477439,0.07352850539291217,0.06290336781862206,0.1939159145938807,0.17007043803653973,0.11829187761391151,0.47458287475236627,0.04712965001100594,0.13792427911071978,0.18025974025974026,0.11395333480079242,-0.03022672243011226,0.013233546114902047,-0.008558221439577372,0.21296500110059433,0.2678978648470174,-0.1195113361215056,-0.2222474136033458,0.022733876293198327,-0.026453885097952896,-0.3513449262601805,-0.08100814439797491,0.3263130090248734,0.0710147479639005,-0.16517279330838652,-0.19851639885538191,-0.1276535329077702,-0.17211314109619194,-0.3714791987673344,-0.3806449482720669,-0.37028615452344266,-0.2547017389390271,-0.26979528945630643,-0.2753004622496148,0.13415584415584417,0.29567246313009027,0.20891261281091789,0.46339203169711646,0.11817081223860885,0.3345036319612591,0.27672903367818624,-0.07182698657274929,-0.18104996698217038,0.14113801452784502,0.026077481840193706,0.03775038520801233,0.219801893022232,0.24596302003081663,0.2749636803874092,-0.09556900726392252,-0.048051948051948054,0.08650231124807396,0.11651551837992516,0.10696676205150782,-0.1998415144177856,-0.112260620735197,0.003755227823024433,0.32421087387189085,0.14494827206691613,-0.045989434294519044,-0.27513317191283293,-0.18863746423068456,-0.10077261721329518,-0.27532687651331716,-0.13259300022011886,-0.0015364296720228924,0.07493286374642306
#26,0.1533546114902047,0.36287695355491967,0.29869909751265683,0.3430024213075061,0.3229407880255338,0.14274047985912391,1.0,0.002588597842835131,0.15508474576271186,0.4707197886858904,0.37629760070438034,0.0774620294959278,0.19406779661016949,0.406106097292538,0.2991701518820163,0.027655734096412064,0.16305524983491085,0.16111160026414265,0.34092449922958395,0.18788685890380805,0.12171692714065595,-0.04515298261060973,0.027415804534448602,0.06480959718247854,0.3343319392471935,0.06887739379264803,-0.25961919436495706,-0.31255558001320716,0.17675544794188863,-0.06727933083865287,-0.25169491525423726,0.018972044904248295,-0.035672463130090246,0.03502091129209773,0.18570327977107637,-0.17617873651771956,0.212656834690733,0.11086726832489545,0.03789346246973366,0.13350429231785163,0.19752366277790007,0.030336781862205592,0.3356020250935505,-0.05833810257539071,-0.07935285053929121,-0.03027734976887519,-0.134785384107418,-0.08759630200308166,0.25276029055690075,-0.11943209333039842,-0.1188729914153643,-0.23648910411622276,-0.18383226942548977,-0.1163086066475897,-0.10832049306625578,0.21654633502091128,-0.2683381025753907,-0.10649790887079022,-0.28436495707682147,-0.0023772837332159368,0.01942328857583095,0.1774950473255558,0.03651551837992516,0.12939027074620296,-0.1073959938366718,0.027719568567026193,0.09331058771736737,0.3824851419766674,0.39296940347787807,0.18283953334800793,0.2887211093990755,0.23936825885978427,0.05735857362976007,0.1024851419766674,0.2247061413163108,0.16859784283513096,-0.25835351089588376,-0.3476381245872771,0.18831388950033018,0.05628659476117103,-0.20758089368258859,-0.11040942108738719,0.08055910191503411,0.005910191503411842,-0.05105877173673784,-0.13684569667620516,-0.19755007704160246,-0.08118203830068237,-0.02039621395553599,-0.0562689852520361,-0.04966982170372001,-0.11051948051948052,0.025967422408100373,-0.22546995377503853,-0.11155844155844157,0.045016508914814,0.11142196786264583,-0.21053709002861545,0.08545454545454545,-0.09049966982170372,-0.1016156724631301,-0.18320713185119966,0.13418005723090468,0.0010367598503191724,0.021347127448822365,0.08041382346467092,0.04865287255117764,0.025687871450583315,0.021208452564384767,-0.2173959938366718,-0.1884305524983491
#49,0.43059872331058774,0.13187321153422848,0.07202949592780102,0.06912832929782083,0.25124807395993837,0.03732775698877394,0.002588597842835131,1.0,0.18117543473475678,0.25012106537530265,0.24346246973365618,0.3769711644287915,0.12836011446180937,0.12201848998459168,-0.18191283292978208,-0.2777790006603566,0.20962139555359893,-0.19468633061853402,-0.1516795069337442,-0.20684349548756328,-0.12295619634602685,-0.07721989874532248,-0.09664979088707902,-0.16916354831609068,-0.2510939907550077,-0.23149900946511115,0.14924939467312348,0.14950473255558,0.05981510015408321,0.20325335681267884,0.129438696896324,0.33016068677085625,-0.0798547215496368,0.1535923398635263,-0.2592273827867048,0.007506053268765133,0.07393132291437376,-0.29107638124587276,-0.07123046445080343,-0.03275588817961699,-0.08815980629539952,-0.054899845916795066,-0.03353731014747964,-0.4124058991855602,-0.020600924499229584,-0.09132291437376183,0.12179396874312129,0.19975786924939468,0.044644508034338545,0.038159806295399515,-0.062000880475456745,-0.10627338762931983,-0.20511336121505613,-0.023821263482280433,-0.08713845476557341,-0.33917015188201627,0.06288795949812899,-0.13531807175874971,0.10224301122606207,-0.2703852080123267,0.0924785384107418,0.1387673343605547,-0.08652212194585077,-0.14369359454105216,0.3122562183579133,0.07718027734976887,-0.2365771516618974,0.0036627779000660355,-0.1779903147699758,-0.22258639665419327,-0.21848558221439576,-0.11939907550077042,-0.022967202289236186,0.07394453004622496,0.04159145938806956,-0.06611930442438917,0.09321593660576712,0.13573409641206252,-0.16021571648690291,-0.4395135373101475,0.22283292978208233,0.1619392471934845,0.3539687431212855,0.49352410301562843,0.18790226722430112,0.22913493286374642,0.08324675324675325,0.20275808936825887,-0.023389830508474575,0.2201848998459168,0.1083909311027955,0.3832709663218138,-0.03969183359013868,0.11528945630640546,-0.2250033017829628,-0.15329077701959057,-0.3165639445300462,0.128069557561083,-0.0017213295179396874,-0.05228263262161567,0.07502751485802334,0.004356152322254017,0.0038432753686990975,0.031043363416244772,0.11053488883997359,-0.00700858463570328,0.13957296940347788,0.09506713625357693,0.025954215276249176,0.004028175214615893,-0.07319172353070658
#50,-0.07303984151441778,0.0057671142416905125,-0.025157384987893463,-0.08131631080783623,0.11550077041602465,0.06572749284613691,0.15508474576271186,0.18117543473475678,1.0,0.1589192163768435,0.22791987673343606,0.1798283072859344,0.0464472815320273,0.25389390270746204,0.16396874312128548,0.2508298481179837,-0.013242350869469514,-0.06901166629980189,0.2783953334800792,0.18945850759410082,0.033116883116883114,0.022733876293198327,0.10866167730574511,0.16363636363636364,0.2756130310367598,0.1516751045564605,-0.04610829848117984,-0.12987893462469732,-0.04973145498569227,-0.12176095091349329,-0.06696456086286595,0.0862095531587057,-0.19417565485362095,-0.2100792427911072,0.1001188641866608,0.08286594761171032,-0.04831168831168831,0.008179616993176314,-0.03278450363196126,-0.08066475896984372,0.0599273607748184,-0.06226722430112261,0.10454765573409641,-0.018318291877613913,-0.0998084965881576,0.025531587057010786,-0.3599933964340744,0.00299801893022232,0.03604886638784944,0.018914813999559764,0.021930442438917015,-0.09603565925599825,-0.09158485582214396,-0.2516640986132512,0.07003081664098613,0.031063174114021572,0.03431212854941668,0.22916574950473256,-0.17827646929341845,-0.24027294739159147,0.05853400836451684,-0.0036759850319172355,0.10879815100154083,0.2709553158705701,-0.1868743121285494,0.11186880915694475,0.12901826986572748,0.17180057230904688,0.14854501430772618,0.06641206251375743,0.09499229583975347,-0.07873651771956856,0.17470394012766893,0.2489786484701739,0.2618864186660797,0.2161963460268545,0.1692141756548536,0.122293638564825,0.1435791327316751,-0.11945850759410082,0.06548536209553159,-0.006478098173013427,0.08018269865727493,-0.026629980189302224,0.3246753246753247,-0.15428351309707242,-0.10954655513977547,-0.021580453444860224,0.1404556460488664,0.27418005723090466,0.31903587937486244,-0.0675610829848118,0.02366057671142417,-0.2017543473475677,-0.24411622276029055,-0.08364076601364737,-0.05101915034118424,-0.10916574950473255,-0.22212634822804314,-0.14340303764032578,-0.07021351529826106,-0.1297094430992736,0.019522342064714947,-0.13864406779661018,-0.24445960818842175,-0.09076381245872771,-0.33462029495927803,0.003924719348448162,-0.07468853180717587,-0.1482984811798371,-0.1965529385868369
#51,0.18444419986792868,0.3223398635263042,0.4622760290556901,0.5405040721989874,0.5402685450143078,-0.0187012987012987,0.4707197886858904,0.25012106537530265,0.1589192163768435,1.0,0.47591019150341185,0.13797270526084085,0.40888179616993175,0.23786044464010567,0.05341844596081884,0.11976447281532027,0.5768941228263262,0.13026854501430774,0.14950253136693814,0.035465551397754785,-0.11084525643847677,-0.045168390931102795,0.2618049746863306,0.21533788245652652,0.16736517719568567,0.09015188201628879,0.011703720008804755,-0.12060092449922959,0.0311534228483381,-0.09707682148360114,-0.29410961919436496,0.11921417565485362,-0.09228483381025754,0.06367598503191724,-0.06792648029936166,0.12867708562623817,0.12381245872771296,0.19772397094430993,0.13053268765133172,0.03380145278450363,0.1513449262601805,-0.06828087167070218,0.11921637684349548,-0.054008364516839096,-0.215478758529606,-0.05196786264582875,0.16223640766013647,0.06069777679947171,0.45565925599823903,0.0112656834690733,-0.12405679066696015,-0.23418886198547215,-0.16316751045564604,-0.09860004402377284,-0.32140655954215275,-0.07226282192383887,-0.3378076161127009,-0.17524323134492625,-0.1201584855822144,-0.20761611270085847,0.17991855602025095,0.28263922518159806,0.08839973585736298,0.28709663218137793,0.22302883557120845,0.14874972485141977,-0.26,0.2593528505392912,0.11767114241690513,0.05023332599603786,-0.03443539511336122,0.18422628219238388,-0.13242130750605327,-0.07158485582214395,0.042859344045784724,-0.14220559101915034,-0.1995575610829848,-0.22341404358353512,0.1726964560862866,0.012837332159366058,0.09922518159806296,0.02474356152322254,0.170132071318512,0.05909751265683469,-0.20667840633942328,-0.08694254897644728,0.07335241030156284,0.35315650451243674,0.09383226942548976,-0.13097292537970504,-0.04989874532247414,-0.031450583314990094,0.13241470394012766,-0.019982390490865067,-0.009121725731895224,0.08825445740699978,0.2012987012987013,0.14314549856922737,0.040658155403918116,0.18354831609068897,-0.2688267664538851,0.008177415804534448,0.2647215496368039,0.07549196566145719,0.020807836231565045,0.2802685450143077,-0.04680167290336782,0.2308628659476117,0.059564164648910414,0.0046423068456966764,-0.03679506933744222
#52,0.1401518820162888,0.07316971164428791,0.34103675985031917,0.1896302003081664,0.42558001320713185,-0.011904028175214616,0.37629760070438034,0.24346246973365618,0.22791987673343606,0.47591019150341185,1.0,0.14312348668280872,0.16201408760730795,0.3046158925819943,0.20260180497468633,-0.15175654853620954,0.33101254677525865,0.1073233546114902,0.21428571428571427,0.02698217037200088,0.07408320493066256,-0.17532027294739158,0.2486616773057451,0.07176095091349328,0.31647149460708784,0.015577812018489984,-0.023992956196346026,-0.18717367378384328,0.21265463350209113,0.039049086506713626,-0.18604666519920757,0.06705480959718248,0.057858243451463794,0.1833766233766234,-0.14804534448602244,0.00961038961038961,0.23799471714725953,0.1187211093990755,0.01953995157384988,0.06537970504072199,0.20831609068897206,-0.05611270085846357,0.19427911071978868,-0.08959498128989654,-0.058718908210433636,0.03244111820383007,0.033720008804754564,-0.13743121285494167,0.09601364736957957,-0.19830508474576272,0.04699097512656835,-0.09658595641646489,0.06285274047985913,0.0835263042042703,-0.02554919656614572,0.08713405238828968,-0.3317213295179397,-0.23642967202289236,-0.1211930442438917,-0.07380585516178736,0.20900506273387628,0.2061171032357473,0.05042262821923839,0.13654193264362757,0.11173673783843276,0.09552718467972705,-0.14489324235086948,0.09317411402157165,0.2411270085846357,-0.0020118864186660797,0.08447501650891481,0.08696896324014967,-0.16951133612150562,-0.05267224301122606,-0.08881135813339203,-0.17210653753026633,-0.2633039841514418,-0.34348888399735855,0.31047765793528503,0.011576051067576492,-0.05401276689412283,0.006557340964120625,0.061976667400396215,0.09327536869909751,-0.15724631300902486,-0.062465331278890604,0.008751926040061633,0.29601584855822144,0.03224961479198767,0.01611930442438917,-0.11282192383887299,-0.03826546335020911,0.006101694915254237,-0.057451023552718465,-0.025701078582434516,0.20712744882236409,0.19887079022672244,0.23927801012546776,0.19889500330178297,0.2399273607748184,-0.119603786044464,-0.05189742460928901,0.15800132071318512,0.12299361655293858,0.11187761391151221,0.26682808716707024,0.11562183579132732,0.15234426590358793,0.06324235086946951,0.013548316090688971,-0.019955976227162667
#53,0.259075500770416,-0.038291877613911514,0.06655734096412062,0.14601584855822144,0.20696456086286594,0.3744970283953335,0.0774620294959278,0.3769711644287915,0.1798283072859344,0.13797270526084085,0.14312348668280872,1.0,0.31733436055469955,0.142788906009245,-0.05668280871670702,-0.28741360334580673,0.17905569007263922,-0.019843715606427472,-0.11107638124587277,-0.1454897644728153,0.043909311027955096,-0.13887079022672244,0.07695575610829848,-0.1038102575390711,0.05050627338762932,-0.12004182258419546,0.10779440898084966,0.04179837112040502,-0.07317851639885538,0.22546335020911293,0.20263042042703058,0.21119744662117543,-0.08337222099933965,0.04587277129650011,-0.08335241030156285,0.2493154303323795,0.2563328197226502,-0.20848778340303764,0.11755007704160246,-0.026383447061413164,-0.08944089808496589,-0.15053048646268985,0.0926172132951794,-0.13516398855381906,0.107046004842615,0.1293132291437376,0.07935945410521682,0.17294959278010125,0.1845476557340964,0.0886418666079683,0.1264736957957297,-0.09344926260180497,-0.07609289016068677,-0.15422848338102577,-0.028943429451904028,-0.37621175434734755,0.1367642526964561,-0.01011666299801893,0.06431653092670042,-0.13347127448822363,-0.006933744221879815,-0.02835791327316751,-0.006634382566585956,-0.1469095311468193,-0.09029936165529386,0.026997578692493945,0.10427911071978868,-0.007096632181377944,-0.17221659696235966,-0.17103675985031916,-0.22400176095091348,-0.24495927801012546,-0.24769535549196567,-0.1370724191063174,0.036121505613031034,-0.20086506713625357,-0.1065331278890601,-0.008586836891921638,-0.08977767994717148,-0.23810477657935286,0.4148139995597623,0.37540171692714064,0.04569887739379265,0.4937816420867268,0.4846092890160687,0.0890777019590579,0.07869909751265683,0.16869909751265683,-0.01761831388950033,0.4109597182478538,0.3237068016729034,0.4651199647809817,0.2737552278230244,-0.06235527184679727,-0.24362095531587058,0.006198547215496368,-0.23523222540171693,-0.09479418886198547,-0.25778120184899844,-0.2720383006823685,-0.03659476117103236,0.07324014968082765,0.18513757429011665,-0.03796169931763152,-0.2268038740920097,-0.08938806955756108,-0.18182258419546554,-0.019361655293858682,-0.19225621835791326,-0.2190909090909091,-0.23507153863086067
#54,0.03256218357913273,0.30883116883116885,0.16823024433193925,0.32064714946070877,0.5412788906009245,0.5197270526084086,0.19406779661016949,0.12836011446180937,0.0464472815320273,0.40888179616993175,0.16201408760730795,0.31733436055469955,1.0,0.08166409861325115,-0.20956636583755228,-0.03950033017829628,0.07330398415144178,0.03941448382126348,-0.15807175874972484,-0.10938586836891921,-0.21187541272287036,-0.06357693154303323,0.10419766674003962,0.16432753686990975,0.03780761611270086,-0.009799691833590139,-0.014353951133612151,0.208399735857363,0.12343605546995377,0.3818203830068237,0.14496808276469295,0.09287695355491965,0.030561303103675986,0.1805062733876293,-0.12567466431873212,0.0672705260840854,0.14607968302883556,0.12000220118864187,0.06841074180057231,0.08981069777679947,0.004206471494607088,-0.03845476557340964,0.07835571208452564,0.08223860884877834,0.17074400176095092,0.17074840413823464,0.3148448162007484,0.21475896984371562,0.3619282412502752,0.12167290336781862,0.2996059872331059,-0.019685230024213074,0.08425709883337001,0.07721989874532248,-0.14015628439357253,-0.15121065375302664,-0.17643627558881797,-0.025148580233325998,0.14087387189082104,0.11894563064054589,0.04541712524763372,-0.00042923178516398854,0.09324235086946951,0.13392692053709002,-0.2601782962799912,0.019099713845476558,0.1722540171692714,0.19316751045564604,-0.25772837332159365,-0.05996478098173014,-0.25593000220118867,-0.13108518600044025,-0.3826040061633282,-0.10957076821483601,-0.2713669381465992,-0.2761699317631521,-0.3270768214836011,-0.2212524763372221,0.12675764913053048,0.17460928901606868,0.07186880915694475,0.4758661677305745,0.14644287915474355,0.18944750165089147,0.038573629760070435,0.015544794188861986,-0.05286374642306846,0.21279991195245432,0.14266123706801673,0.04399955976227163,0.25525863966541934,0.23582434514637904,0.316814880035219,0.03434734756768655,0.014871230464450803,-0.038881796169931766,0.10792427911071979,0.05806295399515739,-0.15698217037200088,0.0057671142416905125,-0.1763284173453665,0.08576051067576491,0.21819282412502752,0.06176755447941889,-0.23912392692053708,0.08658815760510676,-0.13547655734096412,0.06449042482940788,-0.15112260620735196,0.021204050187101035,0.04985031917235307
#58,-0.07941228263262162,-0.01989654413383227,-0.05329077701959058,0.2138300682368479,0.15596742240810038,-0.13443319392471934,0.406106097292538,0.12201848998459168,0.25389390270746204,0.23786044464010567,0.3046158925819943,0.142788906009245,0.08166409861325115,1.0,0.23228263262161566,0.14005502971604666,-0.11551397754787586,-0.28918115782522563,0.3478450363196126,0.1719898745322474,0.025146379044684128,-0.056933744221879815,-0.018789346246973367,0.12155624036979969,0.33783403037640325,0.10527845036319612,-0.0006449482720669161,-0.26760510675764915,-0.040457847237508254,-0.1411071978868589,-0.2583226942548976,0.22106977767994718,-0.13170812238608848,-0.03672243011226062,0.22230244331939247,0.20964560862865947,0.06604006163328197,0.05558221439577372,0.20565265243231345,0.15316751045564606,0.2762777900066036,-0.05745322474136033,0.3790909090909091,-0.1574950473255558,-0.02199427690953115,0.14411182038300682,0.018166409861325117,0.14044684129429894,0.11602465331278891,0.04065375302663438,-0.15809597182478538,-0.4393550517279331,-0.31014087607307944,-0.40195685670261944,-0.2883050847457627,0.002639225181598063,-0.1645696676205151,0.12459388069557562,-0.26103675985031916,-0.22860664758969843,0.05948272066916135,0.15240369799691833,0.46931322914373763,0.14572749284613692,-0.15735857362976008,0.05820603125687871,0.22782962799911952,0.2867466431873211,0.09525863966541932,0.1671318511996478,-0.13211534228483382,0.010457847237508254,0.15396434074400175,0.09417345366497909,0.47959278010125467,0.08613911512216597,-0.014041382346467093,-0.054050187101034555,0.017737178076161125,-0.08673563724411182,0.0438036539731455,0.06145938806955756,0.1361303103675985,0.05906229363856483,0.20606647589698437,-0.07677745982830729,-0.1339885538190623,0.03375522782302443,-0.08940567906669601,0.3719700638344706,0.275148580233326,-0.017539071098393134,0.03533568126788466,-0.2140347787805415,-0.2788509795289456,-0.36241690512876956,-0.06763592339863526,-0.28995817741580454,-0.12322474136033458,-0.05089368258859784,-0.20861104996698218,-0.49966541932643627,0.02384107418005723,-0.11982610609729254,-0.014875632841734536,0.16913713405238828,-0.023187321153422848,0.22025753907109838,-0.04290777019590579,-0.2692868148800352,-0.32266123706801675
#101,-0.20441998679286816,-0.01898745322474136,-0.2324719348448162,-0.09933744221879814,-0.1840215716486903,-0.17946731234866828,0.2991701518820163,-0.18191283292978208,0.16396874312128548,0.05341844596081884,0.20260180497468633,-0.05668280871670702,-0.20956636583755228,0.23228263262161566,1.0,0.16742681047765792,-0.12152762491745543,-0.05333920316971164,0.7891327316751046,0.18531807175874973,0.46439357252916574,-0.023618754127228702,0.10368699097512657,-0.04700418225841955,0.42812898965441337,0.09366718027734977,-0.2187012987012987,-0.6884745762711865,-0.07071758749724852,-0.4235681267884658,-0.25511776359233984,-0.3081465991635483,-0.08396654193264362,-0.37700418225841953,0.17160466651992076,-0.1988861985472155,0.10535108958837773,-0.008732115342284835,-0.11079462909971384,-0.24557781201849,-0.00824125027514858,-0.2763482280431433,0.27476337222099934,-0.2711820383006824,-0.2577503852080123,-0.15580233325996037,-0.41438036539731454,-0.21776139115122167,-0.15373321593660577,-0.20096632181377944,-0.1461171032357473,-0.27195245432533566,-0.20495927801012548,-0.2741492405899186,0.14706141316310808,0.10801672903367819,-0.11645608628659476,-0.13428351309707243,-0.242293638564825,-0.3890292758089368,0.03430112260620735,0.028699097512656833,0.21585075941008144,0.24623156504512436,-0.09451904028175215,0.12113581333920317,0.2866718027734977,0.17464891041162228,0.511518820162888,0.20906009244992296,0.2937508254457407,0.09636803874092009,0.3763504292317852,0.18061193044243892,0.35141756548536207,0.1040611930442439,0.07612150561303103,-0.11794188861985472,0.26684789786484703,-0.018516398855381908,-0.1991547435615232,-0.47011005943209333,-0.3173167510455646,-0.11254017169271406,0.029911952454325336,-0.1587607307946291,-0.0611996478098173,-0.34358793748624256,-0.3373145498569227,-0.01524323134492626,-0.258399735857363,-0.20014968082764692,-0.22269865727492846,-0.13532247413603346,-0.0112458727712965,-0.152260620735197,-0.007745982830728594,-0.3983777239709443,-0.23878274268104777,-0.30622055910191504,-0.3478604446401057,-0.2870504072198987,-0.034972485141976664,-0.2869887739379265,-0.2100396213955536,-0.17924939467312348,-0.27479639005062734,0.02924719348448162,-0.07599823904908651,-0.11804754567466431,-0.15806955756108299
#102,-0.29959938366718025,0.0822408100374202,-0.06641426370239929,0.032590799031477,0.011144618093770636,-0.2831983270966322,0.027655734096412064,-0.2777790006603566,0.2508298481179837,0.11976447281532027,-0.15175654853620954,-0.28741360334580673,-0.03950033017829628,0.14005502971604666,0.16742681047765792,1.0,-0.22721769755668061,-0.031840193704600485,0.37094651111600263,0.6970173893902707,-0.11503411842394894,0.35363636363636364,-0.15314549856922738,0.28469073299581776,0.08843715606427471,0.44260840854061195,-0.4668875192604006,-0.17927140655954216,-0.15691833590138674,-0.27346907329958176,-0.2591965661457187,-0.12100374202069117,-0.1461104996698217,-0.32843935725291656,0.2908518600044024,0.1249240589918556,-0.24423068456966762,0.3572375082544574,-0.2781201848998459,0.007983711204050187,-0.03151221659696236,0.15772837332159367,-0.17521681708122386,0.07575170592119744,-0.36018049746863307,-0.1645410521681708,-0.24108958837772398,-0.2529517939687431,-0.03178076161127009,-0.13448382126348227,-0.17182698657274928,-0.2712106537530266,-0.41768214836011447,-0.2734844816200748,-0.4306669601584856,0.26200748404138235,-0.31880255337882457,0.34379484921857806,-0.16225841954655515,-0.10276029055690072,0.11308386528725511,0.22146158925819942,0.30016288795949814,0.5566035659255998,-0.11583975346687211,0.3197578692493947,0.05073959938366718,0.33503191723530706,0.41731454985692273,0.6153004622496148,0.30885097952894563,0.4046136913933524,0.23405899185560203,0.3636099493726612,0.31672022892361873,0.3692758089368259,0.298961038961039,0.18395773717807617,-0.06606647589698438,0.26029275808936825,-0.09528285274047986,-0.07351309707241911,-0.09106977767994717,-0.35439357252916576,-0.032322254017169275,-0.1393946731234867,0.057869249394673125,-0.22197446621175435,0.22267224301122607,-0.13140435835351089,0.014615892581994278,-0.393845476557341,-0.10811578252256218,-0.0009971384547655733,0.07006823684789787,-0.2614747963900506,0.1262953995157385,-0.23423508694695136,-0.23632621615672464,-0.03493506493506494,-0.4019106317411402,-0.2659454105216817,0.006797270526084085,-0.018421747743781643,-0.1530992736077482,-0.009427690953114682,-0.26004182258419545,0.22826106097292537,-0.05711204050187101,-0.05936385648250055,-0.03522562183579133
#201,0.39173013427250714,0.052676645388509795,0.5321527624917456,0.3211996478098173,0.268498789346247,-0.0314703940127669,0.16305524983491085,0.20962139555359893,-0.013242350869469514,0.5768941228263262,0.33101254677525865,0.17905569007263922,0.07330398415144178,-0.11551397754787586,-0.12152762491745543,-0.22721769755668061,1.0,0.2338961038961039,-0.079933964340744,-0.22896103896103895,-0.022419106317411404,-0.15364736957957298,0.3402047105436936,0.13201848998459167,0.09517059211974466,-0.048545014307726175,0.23543033237948494,0.07718908210433634,0.11510895883777239,-0.13140655954215277,-0.10148800352190182,0.06568346907329958,0.0686616773057451,0.24339203169711646,-0.15925819942769096,0.00972705260840854,0.2927272727272727,-0.03998239049086507,0.09800132071318512,0.05576271186440678,-0.03358793748624257,-0.02568567026194145,-0.0682918776139115,-0.09634382566585957,-0.24846797270526083,-0.12345586616773058,0.19817961699317632,0.14615452344265903,0.33833590138674885,0.0623464670922298,-0.028846577151661897,0.10656394453004622,0.14806735637244112,0.14999779881135814,0.019705040721989874,-0.12318511996478099,-0.25025974025974024,-0.3793352410301563,-0.008569227382786706,-0.1038895003301783,0.042386088487783406,0.08633942328857583,-0.2110873871890821,-0.03265243231344926,0.3224719348448162,0.01726172132951794,-0.49523442659035877,-0.11968523002421308,0.07085626238168612,-0.16289236187541273,0.02003742020691173,0.11273167510455646,-0.207739379264803,-0.24460708782742682,-0.21458727712965,-0.2631961259079903,-0.2186616773057451,-0.26742020691173235,0.13105216817081225,-0.08076381245872771,0.19808056350429232,-0.08380145278450363,0.09177195685670261,0.2142791107197887,-0.22555580013207133,-0.09138234646709223,0.0037090028615452343,0.36816420867268324,0.1088267664538851,-0.240693374422188,-0.26550077041602466,-0.013596742240810037,0.03655954215276249,-0.03145278450363196,0.0387343165309267,0.48442659035879376,0.2185362095531587,0.49467092229804094,0.27969183359013866,0.35074840413823466,0.10711644287915474,0.42933744221879816,0.15116662998018932,0.2878362315650451,0.24650231124807395,0.2768280871670702,0.22880915694475015,0.010715386308606648,-0.059042482940788024,0.03154963680387409,0.02972705260840854
