,#10,#11,#12,#13,#17,#18,#26,#49,#50,#51,#52,#53,#54,#58,#101,#102,#201,#202,#301,#302,#401,#402,#501,#502,#601,#602,#701,#702,#801,#802,#901,#902,#1001,#1002,#1101,#1102,#1201,#1202,#1301,#1302,#1401,#1402,#1501,#1502,#1601,#1602,#1701,#1702,#1801,#1802,#1901,#1902,#2001,#2002,#2101,#2102,#2201,#2202,#2301,#2302,#2401,#2402,#2501,#2502,#2601,#2602,#2701,#2702,#2801,#2802,#2901,#2902,#3001,#3002,#3101,#3102,#3201,#3202,#3301,#3302,#3401,#3402,#3455,#3501,#3502,#3601,#3602,#3701,#3702,#3801,#3802,#3901,#3902,#4001,#4002,#4101,#4102,#4201,#4202,#4301,#4302,#4401,#4402,#4501,#4502,#4601,#4602,#4701,#4702,#4801,#4802
#10,1.0,0.4302905569007264,0.22196346026854502,0.5610917895663659,0.1023398635263042,0.06374862425709883,0.17225841954655513,0.5425885978428351,0.35778780541492405,0.46581554039181156,0.4680959718247854,0.033603345806735636,-0.13998459167950694,0.12780761611270086,-0.08204270305965221,0.09985692273827868,0.17215276249174555,-0.0026458287475236626,0.21159145938806956,0.050160686770856264,0.05142637023992956,0.017140655954215277,0.022159366057671142,0.018445960818842175,0.1809641206251376,0.17018710103455867,-0.07819282412502751,-0.13678406339423288,-0.07657715166189742,-0.07551617873651773,-0.11863306185340083,-0.2130332379484922,0.15184459608188422,-0.03886198547215496,-0.11332599603786045,-0.2237772397094431,-0.006671802773497689,0.09470173893902707,-0.17351529826106096,0.14709002861545234,-0.1772507153863086,-0.05204710543693594,0.09954875632841735,0.06753026634382567,0.03207792207792208,-0.010312568787145059,-0.003966541932643628,0.11046445080343385,0.04322254017169271,0.0176139115122166,-0.0033039841514417786,-0.05627118644067797,0.023436055469953775,0.06882236407660136,-0.05160466651992076,-0.001107197886858904,-0.05560422628219239,0.05973365617433414,-0.1611402157164869,-0.08605546995377504,-0.19002421307506054,-0.2639687431212855,-0.12955095751705922,-0.04144838212634823,0.18806075280651552,-0.0486352630420427,0.021679506933744222,0.1253863086066476,0.2643759630200308,0.08723970944309928,0.18942328857583096,0.17068456966762052,-0.03170372000880475,-0.07317631521021352,-0.08370680167290337,-0.152656834690733,-0.14778120184899846,-0.11845036319612591,-0.10686550737398195,-0.06809597182478538,-0.08049306625577812,-0.05825665859564165,-0.24171912832929782,0.014464010565705482,0.026946951353731013,-0.1852278230244332,-0.27792868148800354,-0.0032709663218137793,0.24906669601584855,-0.09569227382786705,-0.17182698657274928,-0.24757649130530487,-0.25289676425269647,-0.1340788025533788,-0.19697116442879153,0.12029495927801012,0.14030596522121946,-0.02101915034118424,0.10652212194585076,-0.09090688972044904,-0.14084085406119304,-0.013242350869469514,-0.27051067576491306,0.024569667620515077,0.022119744662117545,0.0036011446180937707,-0.02359454105216817,-0.14467532467532468,-0.1338498789346247,-0.01649570768214836,-0.3573541712524763
#11,0.4302905569007264,1.0,0.1787409200968523,0.3947875852960599,-0.0938366718027735,-0.24190622936385647,0.40180497468633064,0.3775258639665419,0.4232643627558882,0.5136517719568567,0.2858507594100814,-0.34886198547215497,-0.0860312568787145,-0.3137684349548756,0.03896764252696456,0.4502663438256659,0.33231565045124367,-0.04832049306625578,0.30297380585516176,0.2915430332379485,0.06563724411182038,0.25622055910191505,-0.04124807395993837,0.1764406779661017,0.08434074400176095,0.2089654413383227,-0.16295399515738498,-0.15076821483601144,0.13992956196346026,0.11962359674224081,-0.04392471934844816,-0.0625841954655514,-0.045293858683689195,0.09156944750165089,-0.20364296720228925,-0.26739819502531365,-0.14475456746643187,0.2976997578692494,-0.2759542152762492,0.12802553378824566,-0.1673299581774158,-0.02920096852300242,-0.02353731014747964,0.1787211093990755,0.04805414924058992,0.04916354831609069,-0.28961259079903146,-0.1959057891261281,-0.012168170812238609,-0.007197886858903808,-0.035351089588377724,0.015300462249614791,0.1265661457186881,0.017065815540391813,0.0162491745542593,0.15165309267004182,-0.05559322033898305,0.045001100594320935,0.027367378384327536,0.14898305084745764,-0.11265243231344926,-0.3283755227823024,-0.37249614791987673,-0.19478318291877614,-0.05286814880035219,-0.0677790006603566,-0.20679286814880035,-0.07747963900506273,0.4669271406559542,0.26830728593440456,0.11963460268545015,0.12914153642967202,0.05824565265243231,-0.40368258859784284,-0.07071098393132291,-0.3264604886638785,-0.05155844155844156,-0.11184899845916794,-0.050068236847897865,0.17756988773937926,-0.18985692273827867,-0.3212854941668501,-0.1610741800572309,-0.034028175214615895,-0.2116486902927581,-0.15741140215716487,-0.21532467532467534,0.017206691613471273,0.4529011666299802,-0.45666740039621395,-0.3871472595201409,-0.27430112260620737,-0.014807395993836672,-0.10327316751045565,-0.0314307726172133,0.15559542152762493,0.0036847897864847015,-0.30491525423728816,-0.23843935725291657,-0.13215276249174554,-0.2502949592780101,-0.09196346026854502,-0.0031256878714505834,-0.19335020911292097,-0.23462249614791988,-0.014556460488663879,-0.22646929341844596,-0.31786704820603123,-0.06312788906009245,-0.06072859344045785,-0.2160972925379705
#12,0.22196346026854502,0.1787409200968523,1.0,0.06818401937046005,0.03463350209112921,0.17081003742020692,0.13584415584415585,0.18821263482280431,-0.003132291437376183,0.23796610169491525,0.10347127448822364,-0.08401716927140655,0.21492626018049746,-0.04214395773717808,-0.19874972485141976,-0.07741140215716487,0.391963460268545,0.6021329517939688,0.1540545894783183,-0.10799471714725951,0.18043363416244773,0.15132731675104558,0.1687541272287035,0.3009355051727933,0.33757649130530487,0.21212854941668502,0.08765793528505393,0.0026348228043143298,0.11379264802993616,-0.08710543693594541,0.26273827867048205,-0.095214615892582,0.4653709002861545,0.07693374422187982,-0.10201408760730794,-0.3982544574069998,0.06731014747963901,-0.22076821483601144,0.0002971604666519921,-0.10464670922298042,-0.3327823024433194,-0.40544133832269424,-0.047776799471714725,-0.06290116662998019,-0.15129650011005943,0.14201408760730794,0.05235307065815541,0.033035439137134054,0.023843275368699096,-0.08448162007484042,0.2264274708342505,0.03022672243011226,0.18854501430772616,0.45416905128769536,0.0985230024213075,0.05346687211093991,-0.27841514417785607,-0.29139995597622714,-0.2750429231785164,-0.025331278890600925,0.10199427690953115,0.13207792207792207,-0.19833370019810698,-0.03913713405238829,0.43139555359894344,0.3000858463570328,-0.381071978868589,-0.21677525863966543,0.07324895443539511,-0.1513581333920317,0.30699757869249394,0.4000968523002421,-0.20850099053488885,-0.06431653092670042,-0.2679110719788686,-0.30486022452124145,-0.24001540832049306,-0.23117543473475677,0.010275148580233326,0.20515078142196785,-0.20037640325775918,0.028236847897864847,0.02084965881576051,-0.0641602465331279,-0.10710983931322915,0.037977107638124584,0.052709663218137796,0.05072198987453225,0.05104336341624477,-0.0973497688751926,-0.032857142857142856,-0.0028901606867708565,-0.12089148139995598,0.04085186000440238,0.02480959718247854,0.64933964340744,0.42405238828967645,0.46920537090028613,0.3929253797050407,0.3677767994717147,0.24283072859344046,0.4776007043803654,0.1770085846357033,0.33271186440677963,0.36925159586176537,0.41579793088267664,0.2904248294078803,0.08286154523442658,-0.09024873431653092,0.011653092670041823,-0.17315430332379486
#13,0.5610917895663659,0.3947875852960599,0.06818401937046005,1.0,0.0162095531587057,-0.10070878274268105,0.03687211093990755,0.1596566145718688,0.1666453885097953,0.4996962359674224,0.12923398635263042,-0.03609509134932864,-0.07568126788465772,0.10596962359674224,-0.28258199427690955,0.09656614571868809,0.17205150781421968,-0.10875632841734537,-0.028668280871670702,0.10321373541712525,-0.05508474576271186,0.04966321813779441,-0.1683513097072419,0.015773717807616112,0.00311468192824125,0.06300462249614792,-0.028012326656394453,-0.04300462249614792,-0.009834910851860005,-0.044008364516839094,0.010827646929341845,-0.14059211974466213,0.03695575610829848,-0.21802773497688752,-0.2187541272287035,-0.08972485141976667,-0.19852520360994938,-0.007486242570988334,-0.14764472815320273,0.036315210213515296,-0.1708496588157605,-0.06562403697996919,-0.13221219458507594,-0.04321153422848338,-0.029126128109178955,0.0536913933524103,0.02759850319172353,0.028776139115122164,0.10681047765793529,0.023689192163768434,0.14014747963900506,-0.06842615012106537,0.09573849878934625,-0.0611798371120405,-0.1103565925599824,-0.022799911952454326,0.21393352410301564,0.21577591899625798,0.2948051948051948,0.21849878934624697,0.07232225401716927,-0.024585075941008144,0.038692493946731236,-0.034741360334580675,0.17213075060532687,-0.0864935064935065,-0.009108518600044024,-0.015020911292097733,0.008335901386748844,0.060501871010345584,-0.05468633061853401,-0.046189742460928905,-0.055998239049086504,-0.05322033898305085,0.09932863746423068,0.09740699977988114,0.020391811578252258,-0.06445520581113802,-0.26595641646489104,0.012843935725291657,0.042526964560862864,-0.07709663218137794,-0.05582214395773718,0.016486902927580895,-0.08171252476337222,0.08576931543033238,0.15090688972044905,0.06451463790446842,0.24842174774378165,-0.10686550737398195,-0.15814880035219017,0.03283733215936606,-0.142557781201849,0.04687651331719128,-0.05780981730134273,-0.1185956416464891,-0.11782082324455206,-0.163185119964781,-0.030475456746643186,0.08652212194585077,-0.16188861985472155,0.024666519920757208,-0.21003742020691174,0.11646268985252035,-0.04814439797490645,-0.0010411622276029055,-0.03912172573189522,0.031144618093770636,0.047156064274708344,-0.141996478098173,-0.11297820823244552
#17,0.1023398635263042,-0.0938366718027735,0.03463350209112921,0.0162095531587057,1.0,0.34388729914153643,-0.13629760070438038,0.05327096632181378,-0.1520162887959498,-0.0835659255998239,0.15739819502531366,0.34411402157164866,0.2651243671582655,0.05844816200748404,0.03597842835130971,-0.23622716266784063,-0.10862645828747523,0.08345366497908871,-0.07611049966982171,0.021483601144618093,-0.2588795949812899,0.023072859344045786,0.2791239269205371,0.34502531366938144,0.2688641866607968,0.19834910851860005,-0.05079022672243011,0.1978318291877614,-0.15004842615012107,-0.05335020911292098,0.08645828747523662,0.029575170592119743,-0.056324014968082765,-0.0661831388950033,-0.18179176755447943,-0.13178956636583755,-0.1886154523442659,-0.11845916795069338,-0.10101254677525864,0.05703279771076381,-0.07686990975126569,-0.13180277349768876,0.027285934404578473,0.2689170151882016,0.4177041602465331,0.5141316310807836,0.013182918776139115,-0.002139555359894343,-0.1604028175214616,0.11394453004622496,-0.18713625357693153,0.10701959057891261,0.12593220338983052,0.21775258639665418,-0.16660356592559983,-0.12416685009905348,-0.01757869249394673,0.10429231785163988,0.06887519260400617,0.27388069557561084,0.032458727712965,-0.018065155183799253,0.09719348448162007,0.0802443319392472,0.008162007484041382,-0.06006163328197227,0.007827426810477657,0.09200748404138234,-0.3653114681928241,-0.3208254457407,-0.2093264362755888,-0.3339885538190623,-0.0711534228483381,0.011439577371780762,-0.20822584195465552,-0.1785031917235307,-0.33676645388509796,-0.22935064935064936,-0.08448382126348228,-0.05544133832269425,0.022295839753466874,0.4954259300022012,-0.07290556900726393,-0.022960598723310587,0.43417785604226283,0.047327756988773936,-0.024043583535108957,0.1099207572088928,-0.018569227382786706,0.257904468412943,0.38093990755007706,0.07970504072198988,0.4281620074840414,-0.14732775698877393,-0.05300682368478979,0.0337376183138895,0.22277790006603565,0.13940567906669601,0.08053268765133172,-0.33720228923618756,-0.04526304204270306,0.32263262161567247,-0.11163988553819063,0.14593000220118865,-0.1635130970724191,-0.20874312128549416,-0.025804534448602246,-0.10127668941228263,-0.1343187321153423,0.09745762711864407,0.056456086286594764
#18,0.06374862425709883,-0.24190622936385647,0.17081003742020692,-0.10070878274268105,0.34388729914153643,1.0,0.034862425709883335,-0.14412942989214175,-0.3586330618534008,-0.06060972925379705,-0.09351529826106098,0.5472705260840854,0.3695861765353291,0.286106097292538,-0.06709443099273608,-0.46503191723530707,0.046524323134492625,0.12455866167730574,-0.04839313229143738,-0.35709663218137794,-0.1972375082544574,-0.240693374422188,0.1733281972265023,0.1247391591459388,0.22486682808716707,-0.0896169931763152,0.1615738498789346,0.054703940127668944,0.029845916795069337,0.13186440677966102,-0.02523662777900066,-0.01548976447281532,0.17468192824125028,0.06893462469733656,0.3017147259520141,0.09664758969843716,0.2111336121505613,-0.3728813559322034,0.2596786264582875,-0.19167070217917676,-0.02497248514197667,-0.24238388729914154,-0.08147699757869249,-0.0713317191283293,0.1788663878494387,-0.0012062513757429012,0.22330618534008365,0.1468500990534889,0.2620338983050847,0.15874972485141978,0.031569447501650895,0.14674664318732114,0.18525203609949373,0.23832709663218138,0.10787145058331499,-0.15864406779661017,-0.18584195465551398,-0.2647457627118644,-0.13564384767774598,0.026832489544353952,0.07645608628659475,0.08891261281091789,0.257772397094431,0.15600044023772838,0.09965881576051068,-0.06922518159806296,0.13308166409861324,0.1137046004842615,-0.13222980409421087,-0.13492846136913933,0.07302883557120846,0.016803874092009684,-0.1009817301342725,0.18961259079903148,-0.11128109178956637,0.008547215496368039,-0.10554919656614573,0.0018027734976887519,0.26938806955756106,0.13273387629319833,0.17721989874532248,0.3157737178076161,-0.08580893682588597,0.21573189522342065,0.1823398635263042,0.13557120845256437,-0.02529385868368919,0.1260906889720449,-0.16146599163548317,0.2390777019590579,0.30720008804754567,-0.03697996918335902,0.10931322914373762,-0.1162095531587057,-0.13489764472815322,0.12659035879374864,0.3872463130090249,0.1964538850979529,0.09913493286374642,0.13583094871230464,0.212194585075941,0.3492361875412723,-0.1399273607748184,0.2812436715826546,0.11649130530486462,0.08668941228263262,0.3347061413163108,0.058415144177856045,0.08316751045564605,0.07802113141096192,0.03305745102355272
#26,0.17225841954655513,0.40180497468633064,0.13584415584415585,0.03687211093990755,-0.13629760070438038,0.034862425709883335,1.0,0.2981421967862646,0.28815760510675764,0.48199427690953117,0.24778560422628218,0.057347567686550735,0.14011666299801892,-0.017867048206031258,-0.06929121725731895,0.09383887299141537,0.4818798151001541,0.10220999339643408,-0.014006163328197227,-0.1887541272287035,-0.08429231785163989,-0.16663438256658597,0.002700858463570328,-0.04915914593880696,0.024928461369139336,0.02178516398855382,-0.07197666740039621,-0.22026414263702399,0.14123706801672903,0.10710763812458728,0.0029958177415804533,-0.14894342945190403,0.09664758969843716,0.1740347787805415,0.022333259960378604,-0.11128109178956637,0.09786484701738939,0.2261501210653753,0.10330398415144178,0.09115562403697997,-0.27059652212194585,-0.055709883337001984,0.2283843275368699,0.09559762271626679,0.14280651551837992,-0.21014087607307946,-0.22010125467752586,-0.25412282632621613,-0.023226942548976448,-0.26083425049526743,-0.2144353951133612,-0.10002861545234426,-0.08765793528505393,-0.03388729914153643,-0.0006185340083645169,-0.07943649570768214,0.023709002861545234,-0.23453004622496149,0.08464230684569668,0.011771956856702619,-0.11221659696235968,-0.2122672243011226,-0.46053048646268985,-0.30479418886198545,-0.08301122606207352,0.0537178076161127,-0.08294739159145939,0.09720669161347127,0.33569887739379267,0.30357473035439136,0.39153863086066476,0.3696500110059432,0.2327360774818402,-0.07852080123266564,0.017686550737398193,-0.137607307946291,-0.006136913933524103,0.016335020911292096,0.014959278010125468,0.0007682148360114462,0.024122826326216158,-0.15169271406559542,-0.10272727272727272,0.2285758309487123,-0.03645608628659476,-0.13093550517279332,-0.16726172132951794,0.28840193704600486,0.4980893682588598,-0.10453224741360334,-0.17194585075941007,-0.21358793748624258,-0.04843055249834911,-0.007937486242570988,0.06171472595201409,0.12335901386748845,-0.026511116002641427,-0.05913713405238829,-0.07787365177195686,0.02122165969623597,-0.19498789346246972,0.11423948932423508,0.05450583314990095,-0.014864626898525204,0.03034998899405679,-0.022282632621615672,-0.1655359894342945,-0.17448822364076602,0.050154083204930665,0.051791767554479416,-0.015595421527624918
#49,0.5425885978428351,0.3775258639665419,0.18821263482280431,0.1596566145718688,0.05327096632181378,-0.14412942989214175,0.2981421967862646,1.0,0.5057362976007044,0.4822408100374202,0.4247061413163108,0.010917895663658375,-0.04750385208012327,0.0037420206911732336,0.0362161567246313,0.07410301562843935,0.2982918776139115,-0.0985890380805635,0.1238498789346247,-0.09034558661677305,0.08368699097512657,-0.10718908210433634,0.24028835571208454,0.01692493946731235,0.23326656394453005,0.10586836891921637,0.03921197446621175,-0.23894342945190403,-0.05068236847897865,-0.008489984591679507,-0.03998899405679067,-0.10669381465991636,0.019768875192604007,-0.014787585296059872,-0.07500110059432093,-0.33607528065155184,-0.17859784283513097,0.13375302663438257,-0.07592559982390491,0.0937904468412943,-0.2559432093330398,-0.020854061193044244,0.22054369359454104,0.11464450803433854,0.1695839753466872,0.1325049526744442,-0.11054589478318291,-0.03235086946951354,-0.215115562403698,-0.10828747523662778,-0.21574510235527183,-0.22566365837552277,-0.0016971164428791548,-0.07498789346246973,0.002335461149020471,-0.22355051727933084,0.049315430332379485,-0.05667840633942329,-0.04941448382126348,-0.19707021791767554,-0.24417565485362094,-0.2776513317191283,-0.23658155403918116,-0.15218798151001542,-0.030127668941228262,-0.08553378824565265,-0.1442791107197887,0.02106317411402157,0.15159366057671142,0.11096412062513758,0.22310587717367378,0.23590138674884437,0.29528945630640546,-0.048972044904248294,-0.05187541272287035,-0.31561303103675986,-0.11545014307726172,-0.14071538630860664,-0.06959498128989654,-0.17957517059211975,-0.06084745762711864,-0.030151882016288795,-0.1712656834690733,0.18527184679727052,0.11830288355712085,-0.1316288795949813,-0.31171032357473033,0.2187145058331499,0.17777679947171474,-0.06579352850539291,-0.07745102355271846,-0.15153642967202288,-0.044058991855602025,-0.0997490644948272,-0.010699977988113582,0.13076821483601145,-0.03854501430772617,-0.0010873871890821043,0.032575390710983934,-0.26032137354171253,-0.27619854721549636,-0.06565265243231345,-0.13563944530046224,0.007983711204050187,-0.16612590799031476,-0.15001760950913492,-0.22675544794188862,-0.2614373761831389,-0.17816640986132512,-0.03664098613251156,-0.1903169711644288
#50,0.35778780541492405,0.4232643627558882,-0.003132291437376183,0.1666453885097953,-0.1520162887959498,-0.3586330618534008,0.28815760510675764,0.5057362976007044,1.0,0.521848998459168,0.3209112920977328,-0.2535263042042703,0.01275808936825886,-0.08951133612150561,0.0937574290116663,0.1174686330618534,0.19545014307726172,0.06736517719568567,0.04783843275368699,-0.06802773497688752,0.07357252916574951,-0.11046885318071759,0.04059211974466212,-0.19372441118203831,0.09899405679066696,-0.031454985692273826,-0.058139995597622715,-0.007010785824345146,0.16923178516398854,0.07545894783182919,-0.01770856262381686,-0.1418776139115122,0.022604006163328198,0.045271846797270525,-0.29907329958177414,-0.15635042923178516,-0.05478758529605987,0.23395993836671802,-0.07143737618313889,0.17609949372661238,-0.053359013867488446,0.07946731234866829,-0.08121505613031037,0.04169931763152102,0.034298921417565485,-0.05578032137354171,0.0100132071318512,0.14018489984591678,-0.0827162667840634,0.004829407880255338,-0.04886418666079683,-0.040165089148139994,-0.08417125247633722,-0.14318511996478098,0.07574510235527185,0.04844375963020031,-0.0287805414924059,-0.17633281972265022,-0.011945850759410081,-0.2589346246973366,-0.19562623816861105,-0.16345146379044684,-0.27744001760950915,-0.3026766453885098,-0.19006383447061412,0.09593000220118864,0.020515078142196785,0.10399075500770416,0.34429892141756546,0.1942703059652212,0.21422628219238388,0.242590799031477,0.17390050627338763,-0.0463482280431433,-0.09734096412062514,-0.16233105877173673,0.13710323574730354,0.07984591679506933,-0.06281972265023113,-0.07409861325115562,-0.1599801893022232,-0.18826326216156725,0.057054809597182475,-0.10681047765793529,-0.14933964340744002,-0.23975346687211094,-0.24508254457407,0.08255337882456526,0.2810411622276029,-0.3469755668060753,-0.3933678186220559,-0.2999097512656835,-0.17040061633281972,0.09660796830288355,0.15033017829627998,0.10462689852520361,-0.03881135813339203,-0.03933744221879815,0.022066916134712743,-0.1575346687211094,-0.08489984591679507,-0.0713119084305525,0.07666079683028836,-0.058346907329958175,-0.06767994717147259,0.02058991855602025,-0.2560994937266124,-0.2520030816640986,-0.15677525863966543,-0.10087167070217917,-0.289735857362976
#51,0.46581554039181156,0.5136517719568567,0.23796610169491525,0.4996962359674224,-0.0835659255998239,-0.06060972925379705,0.48199427690953117,0.4822408100374202,0.521848998459168,1.0,0.39303543913713407,-0.0019722650231124806,0.22283072859344047,0.11060752806515518,-0.05979088707902267,0.02967422408100374,0.5495729694034779,-0.011296500110059431,0.010686770856262382,-0.16599603786044465,-0.0029011666299801893,-0.07955756108298481,0.14046004842615012,0.09420647149460709,0.3242284833810258,0.1564340744001761,0.06219238388729914,-0.04926040061633282,0.13035219018269867,0.05330618534008365,0.07303323794849219,-0.20593880695575612,0.14645608628659476,-0.07303103675985032,-0.15658155403918117,-0.18685670261941448,-0.017120845256438477,0.017629319832709663,-0.00012106537530266344,0.057109839313229147,-0.30298701298701297,-0.16359454105216817,-0.039619194364957075,-0.04822584195465551,0.023532907770195906,-0.11342064714946071,-0.10101254677525864,-0.06318952234206472,0.0827162667840634,-0.09551837992515959,-0.10175214615892582,-0.21003081664098613,0.11689412282632622,-0.06851419766674004,0.05737838432753687,-0.055956416464891044,-0.0001672903367818622,-0.18309046885318073,0.06151001540832049,-0.08071098393132291,0.015771516618974246,-0.12978428351309707,-0.22563724411182037,-0.1856680607528065,0.09629760070438037,0.06779220779220779,-0.12690512876953555,0.0610939907550077,0.1610477657935285,0.15210653753026634,0.18344486022452125,0.18851199647809816,0.15874972485141978,0.006720228923618754,0.0009289016068677085,-0.23582434514637904,0.08301122606207352,0.07745322474136034,0.019663218137794407,0.02443759630200308,-0.12064274708342505,-0.1860906889720449,-0.0510873871890821,0.19073299581774159,-0.09613251155624036,-0.01579572969403478,-0.07025313669381467,0.17795289456306407,0.2786022452124147,-0.26769535549196566,-0.2617411402157165,-0.20492626018049748,-0.10754567466431873,0.13374202069117325,0.12605546995377503,0.22808276469293418,0.02140215716486903,0.012753686990975127,-0.048597842835130974,0.07323354611490204,-0.20337882456526524,0.3042637023992956,-0.02210873871890821,0.16981289896544133,-0.009511336121505613,0.15461589258199426,-0.1295905789126128,-0.12917015188201628,-0.024345146379044683,-0.08900066035659256,-0.23220999339643408
#52,0.4680959718247854,0.2858507594100814,0.10347127448822364,0.12923398635263042,0.15739819502531366,-0.09351529826106098,0.24778560422628218,0.4247061413163108,0.3209112920977328,0.39303543913713407,1.0,0.07802553378824566,0.1337178076161127,-0.055784723750825445,-0.011373541712524764,0.12845476557340965,0.13611930442438916,-0.029319832709663218,-0.018868589038080565,0.05991855602025094,-0.001582654633502091,0.13132071318511995,0.18574069997798812,0.26397094430992735,0.254208672683249,0.35073079462909973,-0.09395333480079243,0.09763372220999339,-0.046960158485582215,0.047834030376403255,-0.08058551617873652,-0.1438432753686991,-0.1485163988553819,-0.019722650231124808,-0.20145498569227382,-0.14819062293638566,-0.2859322033898305,0.15970063834470613,-0.2493198327096632,0.23152322254017169,-0.03328417345366498,-0.12275148580233326,0.23737178076161128,0.06600044023772837,0.18491085186000442,0.17594981289896544,-0.21754347347567687,0.04569227382786705,-0.007215496368038741,0.1010939907550077,-0.33262601804974684,-0.15213295179396874,0.0001672903367818622,0.04594981289896544,-0.10319392471934845,0.09452564384767774,-0.09354391371340524,0.1323860884877834,0.019749064494827207,-0.01894342945190403,-0.3215320272947392,-0.34755007704160246,-0.10840413823464672,0.08581113801452785,0.08618534008364517,0.020041822584195467,-0.23796610169491525,0.05585736297600705,0.019515738498789348,-0.14860664758969844,-0.039894342945190404,-0.062524763372221,0.09496808276469293,0.020961919436495707,-0.22906889720449042,-0.31672243011226064,-0.2033942328857583,-0.0039379264802993615,0.06382566585956416,0.04183799251595862,-0.024525643847677747,0.037913273167510454,-0.17580893682588597,-0.012203389830508475,-0.04114461809377064,-0.21210433634162448,-0.3834888839973586,0.19502531366938147,-0.003995157384987893,-0.12469073299581775,-0.05828527404798591,-0.2505745102355272,0.017952894563064054,0.023279771076381246,-0.07032577591899626,0.2502883557120845,0.16004842615012108,-0.04594100814439798,0.03618754127228704,-0.2286682808716707,-0.2612722870349989,0.06219238388729914,-0.05002421307506053,-0.12568126788465772,-0.25852740479859126,-0.16546335020911293,-0.2118269865727493,-0.3186022452124147,-0.27138234646709225,0.23506493506493506,-0.052452124147039404
#53,0.033603345806735636,-0.34886198547215497,-0.08401716927140655,-0.03609509134932864,0.34411402157164866,0.5472705260840854,0.057347567686550735,0.010917895663658375,-0.2535263042042703,-0.0019722650231124806,0.07802553378824566,1.0,0.4490336781862206,0.34830288355712086,-0.042042703059652214,-0.4467400396213956,0.045478758529605985,-0.20971164428791547,-0.27974466211754345,-0.39764913053048645,-0.2552674444199868,-0.38663438256658594,0.3024631300902487,0.11338542813119085,0.1585692273827867,-0.15473695795729694,0.16530046224961478,0.03539731454985692,-0.003059652212194585,0.04708562623816861,0.010416024653312789,0.05062953995157385,0.0019062293638564824,0.13922077922077922,0.19676205150781423,0.03278670482060313,0.015141976667400397,-0.3100858463570328,0.1999537750385208,-0.16068897204490426,-0.060281752146158926,-0.23585736297600704,0.11939907550077042,0.04378164208672683,0.2875522782302443,0.10635923398635264,0.19350429231785163,0.06722650231124808,0.12353510895883778,0.027316751045564604,-0.16469733656174335,0.03329077701959058,0.07625797930882677,-0.007466431873211534,-0.030268545014307726,-0.4658881796169932,0.16155183799251596,-0.10331058771736738,0.14130750605326878,-0.04212854941668501,0.0683381025753907,0.06281752146158925,0.27723530706581556,0.22875852960598722,0.06824345146379045,-0.0985890380805635,0.12193924719348448,0.20337222099933963,-0.4243363416244772,-0.2313053048646269,-0.24067796610169492,-0.14902927580893682,0.042795509575170594,0.3130134272507154,-0.053101474796390054,-0.1411864406779661,-0.10642086726832489,-0.03430332379484922,0.15714285714285714,-0.08300682368478979,0.5162535769315431,0.4025423728813559,0.002885758309487123,0.3828483381025754,0.43286374642306846,0.26528285274047986,0.05629319832709663,0.47617213295179395,-0.06413163108078362,0.4174620294959278,0.3603367818622056,0.13277129650011005,0.11914373761831389,-0.024571868809156943,-0.011910631741140217,-0.10197006383447062,0.12452564384767775,0.006434074400176095,-0.014298921417565485,-0.043598943429451906,-0.11904688531807175,0.23745102355271847,-0.3213603345806736,0.13718247853841073,-0.013951133612150562,-0.09322914373761831,0.15391151221659696,0.028186220559101915,-0.04806735637244112,0.08827646929341845,0.23013427250715388
#54,-0.13998459167950694,-0.0860312568787145,0.21492626018049746,-0.07568126788465772,0.2651243671582655,0.3695861765353291,0.14011666299801892,-0.04750385208012327,0.01275808936825886,0.22283072859344047,0.1337178076161127,0.4490336781862206,1.0,0.1962425709883337,0.10520360994937267,-0.28899625797930883,0.266451683909311,0.09473475676865507,-0.14527624917455426,-0.21765133171912832,-0.154554259300022,-0.09174334140435836,0.2600154083204931,0.3235857362976007,0.39942548976447284,0.09772837332159366,0.024338542813119084,0.03429451904028175,0.43697776799471716,0.04816200748404138,-0.1407043803653973,-0.09458507594100815,-0.12372000880475456,-0.14318511996478098,-0.10767554479418887,-0.02527624917455426,-0.09204710543693595,-0.22143737618313888,0.007310147479639005,-0.10349108518600043,-0.028426150121065374,-0.2969667620515078,-0.035558001320713184,0.13206031256878714,0.1037706361435175,0.15948712304644508,-0.06149240589918556,-0.1442835130970724,-0.04658595641646489,-0.0551221659696236,-0.22185560202509355,-0.1714307726172133,-0.016839093110279552,-0.05039841514417786,0.03455646048866388,-0.1398613251155624,-0.0387277129650011,-0.11811358133392032,-0.051534228483381024,0.06527845036319613,0.11653753026634382,0.0788135593220339,0.17420427030596522,0.030488663878494388,-0.06518820162887959,0.10965001100594321,0.13140435835351089,0.33218357913273167,-0.09338542813119084,-0.11837772397094432,-0.08558661677305746,-0.06145938806955756,0.16817521461589258,0.16567686550737398,0.049982390490865065,-0.11929782082324455,0.01363416244772177,-0.07023332599603786,0.36772176975566806,0.30306185340083647,0.44319172353070657,0.3914175654853621,0.41337001981069776,0.3409487123046445,0.2037442218798151,0.0576139115122166,0.02022672243011226,0.590231124807396,-0.046535329077701956,0.17119084305524984,0.21683248954435394,0.07660356592559982,0.15479418886198548,-0.07209112920977327,0.08230464450803433,0.194785384107418,0.27535989434294517,0.06663218137794409,0.0002575390710983931,-0.012467532467532468,-0.1603081664098613,0.39817521461589256,-0.016526524323134492,0.18335681267884657,-0.2050957517059212,-0.03467532467532468,-0.1348250055029716,0.0017059211974466211,0.05077922077922078,0.04621835791327317,0.10607528065155183
#58,0.12780761611270086,-0.3137684349548756,-0.04214395773717808,0.10596962359674224,0.05844816200748404,0.286106097292538,-0.017867048206031258,0.0037420206911732336,-0.08951133612150561,0.11060752806515518,-0.055784723750825445,0.34830288355712086,0.1962425709883337,1.0,-0.049601584855822146,-0.4515430332379485,0.04049306625577812,-0.03666740039621395,-0.28081443979749066,-0.42593000220118865,-0.13799251595861764,-0.4080563504292318,-0.09576491305304864,-0.17624697336561743,0.017913273167510457,-0.2797710763812459,0.003830068236847898,-0.06815100154083205,0.08864626898525203,0.015569007263922519,0.07314549856922738,-0.04897424609289016,0.1741602465331279,-0.03515738498789346,0.30475676865507373,0.1641932643627559,0.1996830288355712,-0.17449042482940788,0.28392471934844815,-0.13354831609068898,-0.07069117323354611,-0.12418225841954655,0.03841074180057231,-0.19645828747523664,-0.21915474356152323,-0.17449262601804974,0.18274047985912392,0.1650957517059212,0.013537310147479638,-0.04213735417125248,-0.09651111600264142,-0.12852520360994937,-0.029614791987673344,-0.10666079683028835,-0.039423288575830946,-0.2485824345146379,-0.017809817301342724,-0.18166409861325117,0.05558001320713185,-0.32882456526524323,0.28052168170812236,0.189966982170372,0.17838872991415364,-0.005701078582434515,-0.024072198987453226,-0.0824653312788906,0.3776271186440678,0.2213713405238829,-0.10053048646268985,0.22685009905348888,0.03941008144397975,0.21669381465991636,-0.014415584415584416,0.10563724411182038,0.1820757208892802,0.1937772397094431,0.19678406339423288,0.010292758089368258,-0.026324014968082763,-0.19517719568567027,0.14439357252916574,0.1811270085846357,0.09517939687431212,0.07557561082984812,0.10972925379705041,0.2509663218137794,0.25772397094430993,0.18518379925159587,-0.09679506933744222,0.2733634162447722,0.018525203609949373,0.20635263042042704,-0.16942989214175655,0.12902707462029495,0.12926260180497468,-0.2038895003301783,0.047252916574950475,0.13007263922518159,0.24442218798151003,0.13740039621395553,0.13859123926920536,0.16472375082544574,0.03889060092449923,0.15447721769755668,0.1708496588157605,0.1108958837772397,0.20467092229804093,0.3621043363416245,-0.04020250935505173,0.06818842174774378,0.01651551837992516
#101,-0.08204270305965221,0.03896764252696456,-0.19874972485141976,-0.28258199427690955,0.03597842835130971,-0.06709443099273608,-0.06929121725731895,0.0362161567246313,0.0937574290116663,-0.05979088707902267,-0.011373541712524764,-0.042042703059652214,0.10520360994937267,-0.049601584855822146,1.0,0.2824147039401277,0.03658595641646489,-0.1073695795729694,0.37993616552938586,0.2062029495927801,0.3182786704820603,0.011646489104116222,0.16193484481620074,-0.024611490204710543,0.01959718247853841,0.07727933083865288,0.10741140215716487,-0.059495927801012545,0.1987409200968523,0.2448976447281532,-0.3636715826546335,0.03475676865507374,-0.3696434074400176,0.15591019150341184,-0.055421527624917456,0.2011005943209333,0.16256218357913274,0.2916486902927581,-0.09294298921417565,0.2656548536209553,0.33284393572529164,0.45217917675544794,-0.0005282852740479859,0.3187541272287035,0.018203830068236847,-0.18674664318732115,-0.25060312568787146,-0.1223398635263042,-0.341699317631521,-0.10420206911732335,-0.2434426590358794,-0.16751705921197446,-0.3894937266123707,-0.24690072639225183,0.09707902267224301,0.08504072198987453,0.005461149020471055,-0.09116442879154743,-0.2338895003301783,-0.23477437816420868,-0.10244331939247193,-0.15945410521681708,0.1531631080783623,0.1335130970724191,-0.10387849438696896,-0.12561303103675986,0.215511776359234,0.5657649130530487,0.29136033458067356,0.07830728593440457,-0.22436715826546336,-0.0840810037420207,0.11637244111820383,0.08295619634602686,0.010851860004402377,-0.14658375522782302,0.2663284173453665,0.10304424389170151,0.375016508914814,0.1715364296720229,-0.0049768875192604005,-0.05043363416244772,-0.02161567246313009,-0.0413185119964781,0.004248294078802554,-0.35690512876953556,-0.24230464450803435,-0.1615100154083205,-0.040490865067136256,-0.2122474136033458,-0.07943649570768214,-0.2672573189522342,-0.1323662777900066,-0.4703808056350429,-0.3260642747083425,-0.11775698877393792,0.09032357473035439,-0.15019590578912612,-0.20112480739599384,-0.11027514858023332,-0.06162447721769756,-0.11395773717807615,-0.07884877834030377,0.021741140215716485,-0.23715386308606648,-0.19620515078142198,-0.2831388950033018,-0.22821703720008804,-0.03979749064494827,-0.22942548976447283,-0.22745762711864406
#102,0.09985692273827868,0.4502663438256659,-0.07741140215716487,0.09656614571868809,-0.23622716266784063,-0.46503191723530707,0.09383887299141537,0.07410301562843935,0.1174686330618534,0.02967422408100374,0.12845476557340965,-0.4467400396213956,-0.28899625797930883,-0.4515430332379485,0.2824147039401277,1.0,0.05718247853841074,-0.005782522562183579,0.3543869689632401,0.6047655734096412,0.19761831388950032,0.39872551177635923,-0.15200528285274048,0.11419986792868149,-0.27192163768434957,0.3592273827867048,-0.26329738058551616,-0.31349548756328416,0.04032137354171252,0.17057010785824345,-0.18995597622716268,0.12788025533788247,-0.22582214395773717,0.09025313669381466,-0.16130090248734316,0.08467312348668281,-0.02972044904248294,0.6503169711644288,-0.469306625577812,0.4250693374422188,-0.03668500990534889,0.49533788245652655,-0.04722870349988994,0.34951573849878936,-0.13583535108958839,-0.1541470394012767,-0.43757208892802113,-0.44028175214615894,-0.1733612150561303,-0.25837772397094433,-0.057801012546775256,-0.08514637904468413,-0.2423002421307506,-0.3117851639885538,-0.11264802993616553,0.22867048206031257,-0.13761171032357472,0.2423992956196346,-0.059167950693374424,0.18341184239489325,-0.21147479639005062,-0.3039555359894343,-0.3789786484701739,-0.09615452344265904,0.04165309267004182,-0.09443099273607748,-0.21119524543253357,0.08244331939247193,0.36554699537750385,0.25210213515298263,-0.02026634382566586,0.003301782962799912,0.12198987453224741,-0.2138564825005503,0.022564384767774597,-0.21066035659256,-0.07688311688311689,-0.12828307285934404,0.16549196566145719,0.38594100814439797,-0.23665639445300463,-0.3692890160686771,-0.22035219018269867,-0.14063614351749945,-0.11373321593660576,-0.2698305084745763,-0.17513097072419107,-0.3404996698217037,0.3293286374642307,-0.41903367818622056,-0.3396610169491525,-0.18307726172132952,-0.2022804314329738,-0.25275148580233325,-0.3328813559322034,0.050442438917015185,-0.1304556460488664,-0.21213295179396874,-0.20492626018049748,-0.12253356812678846,-0.19735197006383448,-0.33060092449922956,0.0017345366497908872,-0.20092449922958397,-0.16248294078802553,-0.07811578252256218,-0.3192890160686771,-0.3870592119744662,-0.18627118644067797,-0.1292207792207792,-0.16772176975566805
#201,0.17215276249174555,0.33231565045124367,0.391963460268545,0.17205150781421968,-0.10862645828747523,0.046524323134492625,0.4818798151001541,0.2982918776139115,0.19545014307726172,0.5495729694034779,0.13611930442438916,0.045478758529605985,0.266451683909311,0.04049306625577812,0.03658595641646489,0.05718247853841074,1.0,0.2689786484701739,-0.039922958397534666,-0.32960158485582214,0.05963680387409201,-0.0924521241470394,0.1900198106977768,0.2422077922077922,0.3136209553158706,0.10768434954875633,0.11103015628439357,-0.18265463350209113,0.13536429672022893,0.05359454105216817,0.05632621615672463,-0.13080563504292317,0.16969183359013867,-0.04187541272287035,-0.17883116883116884,-0.03766233766233766,0.02219238388729914,-0.09072639225181597,0.1148117983711204,-0.08764692934184459,-0.35603345806735637,-0.28300462249614794,-0.12609949372661236,-0.028426150121065374,-0.07539291217257318,-0.08519260400616332,-0.050165089148139996,-0.22975566806075282,-0.04332159366057671,-0.3135351089588378,-0.20764472815320273,-0.393911512216597,-0.1618467972705261,-0.0025930002201188644,0.21142857142857144,-0.12712084525643846,0.10884877834030376,-0.26241470394012767,-0.003926920537090028,-0.0966519920757209,0.05312568787145058,0.024648910411622277,-0.1346401056570548,-0.07916134712744882,0.16903587937486242,0.12988553819062293,-0.06651992075720889,0.166649790887079,0.28157384987893463,0.09042262821923838,0.23351749944970285,0.29485362095531586,0.05231124807395994,0.007026194144838213,-0.08296500110059432,-0.25221219458507593,-0.015560202509355052,0.04213515298261061,0.21956196346026854,0.2612128549416685,-0.12183579132731676,-0.08834470614131631,-0.07693374422187982,0.2526766453885098,-0.020231124807395993,0.015901386748844375,0.07949372661237068,0.16694695135373103,0.20358133392031696,-0.07872331058771737,-0.2136715826546335,0.061776359233986354,-0.1434734756768655,0.1555051727933084,0.24818842174774378,0.4195641646489104,0.06922738278670482,0.08175434734756769,0.12495267444419987,0.08298040942108739,-0.24114021571648692,0.38334360554699537,0.08894563064054589,0.1528813559322034,0.019909751265683468,0.06510015408320494,-0.07929561963460269,-0.061976667400396215,-0.006161127008584635,-0.15462249614791987,-0.08164648910411622
