,#10,#11,#12,#13,#17,#18,#26,#49,#50,#51,#52,#53,#54,#58,#101,#102,#201,#202,#301,#302,#401,#402,#501,#502,#601,#602,#701,#702,#801,#802,#901,#902,#1001,#1002,#1101,#1102,#1201,#1202,#1301,#1302,#1401,#1402,#1501,#1502,#1601,#1602,#1701,#1702,#1801,#1802,#1901,#1902,#2001,#2002,#2101,#2102,#2201,#2202,#2301,#2302,#2401,#2402,#2501,#2502,#2601,#2602,#2701,#2702,#2801,#2802,#2901,#2902,#3001,#3002,#3101,#3102,#3201,#3202,#3301,#3302,#3401,#3402,#3455,#3501,#3502,#3601,#3602,#3701,#3702,#3801,#3802,#3901,#3902,#4001,#4002,#4101,#4102,#4201,#4202,#4301,#4302,#4401,#4402,#4501,#4502,#4601,#4602,#4701,#4702,#4801,#4802
#10,1.0,0.5336231565045124,0.4039555359894343,0.4584525643847678,-0.1907065815540392,0.13032797710763813,0.1202839533348008,0.38285714285714284,-0.03598503191723531,0.5205106757649131,0.40967862645828745,0.13149460708782743,0.03570988333700198,-0.05160466651992076,-0.3657539071098393,0.15856042262821923,0.4372639225181598,0.23213735417125247,0.08804534448602246,0.323119084305525,-0.2440215716486903,0.34780981730134275,-0.04167950693374422,0.20108518600044023,-0.06370239929561963,0.2694783182918776,0.27536429672022894,0.3680519480519481,-0.06084965881576051,0.009848117983711204,0.19347347567686551,0.1237904468412943,0.01704160246533128,0.02863746423068457,-0.11733656174334141,-0.217739379264803,-0.2462755888179617,-0.08337222099933965,-0.0948646268985252,0.17043583535108958,0.0059740259740259745,-0.2008496588157605,-0.15754347347567688,0.02863746423068457,-0.04405679066696016,0.1519502531366938,0.1279771076381246,0.18839533348007925,0.11181598062953996,0.11273167510455646,0.17264582874752366,-0.020028615452344266,0.13896324014968084,0.1250297160466652,-0.19501871010345587,-0.06449702839533349,-0.4218578032137354,-0.009438696896324015,-0.05996257979308827,0.07086946951353731,-0.01990314769975787,0.13266123706801672,-0.09257539071098393,-0.07739819502531367,0.3905745102355272,0.2931653092670042,-0.11298040942108739,-0.20283733215936606,0.12364736957957297,0.105280651551838,0.25003521901826986,0.21311908430552498,-0.33362095531587055,-0.17070878274268106,-0.24042482940788026,-0.15958397534668722,-0.30525643847677747,-0.14219018269865727,-0.27134932863746425,0.26863306185340086,0.23424829407880254,0.036940347787805417,0.1565859564164649,-0.2907946290997138,0.18777459828307286,0.0721879815100154,-0.08289896544133832,-0.02991635483160907,0.04977767994717147,-0.22706581554039182,0.18906009244992295,-0.30012326656394456,-0.04093770636143518,-0.11289676425269646,0.04376843495487563,0.09811358133392031,0.33963900506273387,0.22266563944530046,0.22384547655734097,0.27711644287915477,0.09772617213295179,-0.06814439797490644,0.09671142416905129,0.2218908210433634,0.23699317631521022,0.17869249394673123,0.08327536869909752,0.009044684129429893,-0.054578472375082544,-0.12117103235747304,-0.06211314109619195
#11,0.5336231565045124,1.0,0.36124807395993835,0.3516090688972045,-0.29811138014527844,0.07191943649570769,0.39254017169271405,0.3870019810697777,0.12184459608188422,0.5786462689852521,0.4828461369139335,0.22648470173893903,0.0010851860004402378,0.025454545454545455,-0.12118203830068237,0.13504512436715826,0.33669601584855824,0.16437596302003082,0.17511336121505613,0.23325775918996258,0.03340744001760951,0.2308254457407,0.24061193044243892,0.23147259520140875,0.027351970063834472,0.2553995157384988,0.03532467532467533,0.3280541492405899,-0.08863966541932644,0.06312128549416685,0.034965881576051065,0.01564604886638785,-0.1211204050187101,0.015263042042703059,-0.18880475456746643,-0.34793968743121284,-0.08761611270085846,-0.08769755668060752,0.055214615892581996,0.13074840413823466,0.05491525423728814,-0.30567466431873214,-0.1872176975566806,-0.1299141536429672,-0.04402817521461589,0.1076667400396214,-0.004356152322254017,-0.036861104996698216,-0.1299207572088928,-0.028983050847457628,-0.01593880695575611,-0.28843495487563287,-0.04686550737398195,0.13895663658375523,-0.04405679066696016,-0.011274488223640767,-0.33476337222099933,-0.11289456306405458,-0.12899625797930883,-0.051860004402377285,-0.07319832709663218,-0.092557781201849,-0.12177635923398636,0.00362095531587057,0.40395333480079243,0.19983711204050186,0.010807836231565044,-0.13285274047985912,0.2557957296940348,0.22492846136913933,0.33522342064714944,0.13478758529605986,-0.08646489104116223,-0.18638344706141316,-0.2326172132951794,-0.3304556460488664,-0.27559322033898304,-0.16881576051067576,-0.17572529165749504,0.2026700418225842,0.3162227602905569,0.005542593000220119,0.1549438696896324,-0.27826546335020913,-0.0031939247193484483,-0.03276469293418446,-0.13718908210433634,0.029055690072639227,0.0003697996918335901,-0.28312348668280873,0.0600132071318512,-0.26283292978208234,-0.03363416244772177,-0.09251595861765353,0.12578472375082544,0.16132071318511995,0.31569887739379265,0.12681928241250276,0.13763812458727712,0.0125379705040722,-0.12258199427690954,-0.2558199427690953,-0.19787365177195684,0.0734602685450143,0.08909311027955095,0.0237310147479639,-0.04767994717147259,-0.02394673123486683,-0.0739687431212855,-0.0653532907770196,0.11152762491745542
#12,0.4039555359894343,0.36124807395993835,1.0,0.4211534228483381,-0.14697116442879155,0.21366277790006605,0.2110873871890821,0.2852630420427031,0.05763152102135153,0.5464714946070879,0.4091767554479419,-0.004825005502971605,0.28556900726392254,0.006352630420427031,-0.38330178296279993,-0.2487409200968523,0.5251661897424609,0.5928967642526964,-0.2233149900946511,-0.2361831388950033,-0.2970173893902707,-0.0212987012987013,0.1457076821483601,0.08613911512216597,-0.038256658595641646,0.19875632841734536,0.22230464450803433,0.44801232665639446,0.1281399955976227,-0.05365617433414044,0.47118423948932425,0.23787365177195685,0.38859564164648913,0.15191283292978208,-0.1625841954655514,-0.2358595641646489,-0.1341470394012767,-0.1770988333700198,0.1273563724411182,0.31953334800792427,-0.03192383887299142,-0.06879374862425709,-0.2716288795949813,-0.09944089808496588,-0.21947611710323575,-0.06860004402377284,0.3021461589258199,0.295610829848118,0.032168170812238606,0.016751045564604886,0.031776359233986355,-0.028181818181818183,0.43505833149900947,0.3371010345586617,-0.09399955976227163,0.08218578032137354,-0.4034536649790887,-0.4870548095971825,-0.1486814880035219,0.043059652212194585,0.11518820162887959,0.09697996918335901,-0.23536429672022893,-0.2328417345366498,0.42600264142637023,0.3264274708342505,-0.17938146599163549,-0.1782456526524323,-0.10215496368038741,-0.044065595421527624,0.42893462469733656,0.17854501430772618,-0.3103697996918336,-0.050994937266123704,-0.3600924499229584,-0.24316751045564605,-0.29680607528065156,0.002357473035439137,-0.09699977988113581,0.15205811138014527,-0.1407638124587277,-0.020744001760950915,-0.18778780541492407,-0.2384239489324235,-0.14379925159586177,0.08353731014747964,0.03784063394232886,-0.02726172132951794,0.07463570327977108,-0.28074400176095093,0.016885318071758748,-0.298861985472155,-0.19419326436275589,0.023396434074400178,-0.15528505392912173,0.4752256218357913,0.32352850539291217,0.575775918996258,0.5978098173013427,0.2855249834910852,0.3056240369799692,0.25757649130530486,0.28217037200088047,0.4794585075941008,0.5711732335461149,0.44447281532027294,0.3488531807175875,0.18341624477217697,0.05070438036539732,0.06562843935725292,0.04048426150121066
#13,0.4584525643847678,0.3516090688972045,0.4211534228483381,1.0,-0.1594342945190403,0.09779000660356593,-0.10229143737618314,0.20480299361655294,-0.07319392471934845,0.5538520801232666,0.3948360114461809,0.3923420647149461,0.2169007263922518,0.12231785163988554,-0.2448646268985252,0.07222540171692714,0.4617279330838653,0.1410081443979749,0.0029672022892361875,0.28159145938806956,-0.12217037200088048,0.27999559762271625,0.14680827646929343,0.40854061193044244,0.2518534008364517,0.3269689632401497,0.14131631080783624,0.370099053488884,-0.06709663218137794,0.047620515078142196,0.2418930222320053,0.2977900066035659,0.23866387849438697,0.3706911732335461,-0.026724631300902486,-0.1486154523442659,-0.018551617873651772,0.03695795729694035,0.3726964560862866,0.24640325775918998,-0.06457847237508255,-0.12869029275808938,-0.20792868148800353,-0.10982170372000881,-0.050942108738718905,0.11300242130750605,0.2215694475016509,0.10680827646929342,-0.0007484041382346468,-0.17604226282192384,-0.16039181157825225,-0.36524763372221,0.04846357032797711,0.14140655954215275,-0.1724323134492626,0.07535549196566145,-0.43690732995817744,-0.05777019590578913,-0.09423508694695136,-0.03981069777679947,-0.08035659255998238,-0.03,0.12165749504732555,0.10090468853180717,0.16349108518600045,0.419702839533348,-0.043035439137134056,-0.36856042262821925,-0.015793528505392913,0.24173893902707463,0.07690292758089368,0.1299603786044464,-0.30774598283072857,-0.028685890380805636,-0.25765133171912835,-0.386040061633282,-0.43495487563284174,-0.2518996257979309,-0.02539731454985692,0.2807462029495928,0.16234206471494608,0.18751926040061634,0.047499449702839536,-0.141534228483381,0.16332159366057672,0.03199207572088928,-0.18770416024653314,-0.040354391371340524,-0.16486022452124147,-0.1871582654633502,0.17256658595641647,-0.22139335241030156,0.016491305304864628,-0.27048426150121063,-0.19065595421527626,-0.006031256878714506,0.30659476117103235,0.16949592780101255,0.2815298261060973,-0.09876513317191284,-0.14373541712524762,-0.10674003962139555,0.2673233546114902,0.4026304204270306,0.2923530706581554,0.23061413163108077,0.2591569447501651,-0.1152740479859124,-0.0600594320933304,-0.19536649790887078,-0.1413053048646269
#17,-0.1907065815540392,-0.29811138014527844,-0.14697116442879155,-0.1594342945190403,1.0,0.12189082104336342,-0.10759850319172352,-0.008133392031697117,0.004673123486682809,-0.18954875632841733,-0.18772837332159367,0.07613251155624037,0.16392692053709002,-0.05702399295619635,-0.10110939907550077,-0.1606141316310808,-0.07370239929561963,-0.21053709002861545,-0.4152542372881356,-0.2853004622496148,0.1078318291877614,0.08338322694254897,0.2582742681047766,-0.012500550297160467,0.1353731014747964,0.02289236187541272,0.30056570548095973,0.029788685890380806,-0.11175434734756769,-0.23481620074840415,-0.08932203389830508,0.09568787145058331,0.17687871450583315,0.11913933524103015,0.013310587717367378,0.12964120625137573,-0.11242791107197887,-0.12648690292758089,0.06545014307726173,0.18120405018710103,-0.08904028175214616,-0.022106537530266344,0.22624036979969184,-0.0043583535108958835,0.22453004622496148,0.11529165749504733,-0.0737640325775919,0.02698877393792648,0.08612150561303104,0.2322540171692714,0.10494827206691613,0.28090468853180717,0.27918556020250934,0.1718467972705261,0.006662998018930223,-0.0463548316090689,0.276139115122166,0.11687211093990756,-0.11009465111160026,0.026863306185340084,0.05578692493946731,0.00714505833149901,-0.08505833149900946,-0.23657495047325555,-0.11464450803433854,-0.07127668941228263,-0.022146158925819944,0.04215936605767114,-0.3836121505613031,-0.237970504072199,-0.24609289016068678,-0.17495047325555801,-0.04753686990975126,0.18106977767994717,-0.05393792648029936,0.275280651551838,0.04583314990094651,-0.06017389390270746,-0.03638564825005503,-0.13016288795949812,-0.09419986792868149,0.3677591899625798,-0.21975126568346906,0.34724191063174115,0.027770195905789125,0.016823684789786485,-0.0036099493726612373,0.22393352410301562,-0.006130310367598503,0.07382126348228044,0.18561523222540172,0.02208892802113141,0.13457186880915695,-0.29435615232225404,-0.27399075500770415,0.049561963460268546,-0.003975346687211094,0.07119524543253357,-0.008991855602025093,-0.02939687431212855,0.18577812018489984,0.028784943869689633,0.07536869909751266,0.07946070878274268,0.06307506053268765,0.19874312128549418,0.23965221219458507,-0.0021857803213735415,-0.04903587937486242,-0.14324675324675323,-0.27433634162447723
#18,0.13032797710763813,0.07191943649570769,0.21366277790006605,0.09779000660356593,0.12189082104336342,1.0,0.21311248073959937,0.012480739599383667,-0.017565485362095533,0.24974025974025973,0.1541866607968303,0.16301782962799913,0.4419370460048426,-0.11848117983711204,-0.15910851860004402,-0.02318511996478098,0.10127668941228263,0.22199207572088928,-0.07716486902927581,0.037688751926040064,-0.29046004842615014,0.13176755447941887,0.12797490644948273,0.28042703059652213,-0.005703279771076381,0.3022738278670482,0.1012392692053709,0.19962579793088267,0.36530046224961477,0.2471186440677966,0.4898811358133392,0.2680211314109619,0.22972485141976667,0.2786418666079683,0.17848558221439578,0.0461303103675985,0.07784943869689633,0.16513757429011666,0.14399735857362975,0.24571428571428572,0.20113141096191944,0.15802993616552938,-0.030387409200968524,0.15497248514197667,-0.012630420427030596,0.22832269425489765,0.1224983491085186,0.1774950473255558,-0.08193924719348449,-0.09590799031476997,0.14141976667400397,0.04200748404138235,0.18523002421307505,0.4264869029275809,-0.15110939907550078,0.25670922298040943,-0.3578582434514638,-0.07539071098393132,-0.10043143297380586,-0.23445740699977988,-0.2865529385868369,-0.19867268324895443,0.043691393352410304,0.1713977547875853,0.10738058551617874,-0.0162689852520361,0.1259388069557561,0.10860444640105657,-0.09561082984811799,-0.06083865287255118,0.09737398195025314,0.10560642747083425,-0.1310807836231565,0.2036121505613031,-0.3032929782082324,-0.20825885978428352,-0.2852168170812239,-0.18912172573189523,0.09163328197226503,0.44508694695135376,0.05309267004182258,0.29472154963680386,0.15639225181598063,0.15659476117103235,0.03127448822364077,-0.3091437376183139,-0.2947655734096412,0.27919876733436055,0.10796610169491526,0.17049526744441998,0.3083359013867488,-0.08656174334140436,-0.07942108738718909,-0.2677547875852961,-0.2475478758529606,0.018941228263262163,0.24554699537750385,0.15481620074840413,0.24550297160466653,0.10920757208892802,0.17341184239489324,0.2830596522121946,0.09917235307065815,0.15336121505613032,0.14263042042703059,0.19969843715606428,0.15134932863746423,-0.2779176755447942,0.033167510455646046,-0.292194585075941,-0.2972881355932203
#26,0.1202839533348008,0.39254017169271405,0.2110873871890821,-0.10229143737618314,-0.10759850319172352,0.21311248073959937,1.0,0.05156504512436716,0.025608628659476117,0.2551661897424609,0.09897644728153203,0.0548976447281532,0.12514637904468412,-0.06313229143737618,0.06276469293418446,0.08814880035219018,0.15818401937046006,0.23382786704820605,0.2713229143737618,-0.027752586396654195,-0.07248073959938367,-0.14388729914153642,-0.2876909531146819,-0.28169271406559543,-0.26390490865067134,-0.13384547655734097,-0.2886418666079683,-0.0689126128109179,0.20817741580453444,0.24999779881135814,0.05598723310587717,-0.21515958617653533,-0.15275148580233325,-0.07935064935064935,0.14066035659256,0.09330178296279991,0.11872551177635923,0.07842174774378165,-0.1939225181598063,-0.03250275148580233,0.2023662777900066,0.00337442218798151,-0.2717411402157165,0.10691833590138675,-0.44995597622716266,-0.31008804754567465,-0.10664979088707903,-0.08177856042262822,0.13192824125027514,-0.03447501650891482,-0.03476337222099934,-0.15072198987453225,-0.17697116442879154,-0.010563504292317852,0.09150121065375302,0.05624697336561743,-0.13042042703059653,-0.30256658595641645,-0.13958617653532907,-0.20410521681708121,0.13342504952674444,0.0551221659696236,-0.045247633722209996,-0.04344706141316311,0.1660840854061193,-0.09455646048866388,0.2331388950033018,0.13604666519920758,0.3951948051948052,0.1577459828307286,0.5323882896764253,0.3323090468853181,0.3803764032577592,-0.11612150561303104,0.24554039181157825,0.10055249834910852,0.2531807175874973,0.2696632181377944,-0.2813097072419106,-0.06392471934844816,0.12342945190402818,-0.12231124807395993,0.11384107418005723,-0.152425709883337,-0.05226722430112261,0.07600264142637024,0.046088487783403034,0.13385208012326658,0.36162667840633944,-0.10584635703279771,-0.31457186880915694,-0.19565045124367159,-0.33208012326656394,0.0625841954655514,0.021023552718467974,0.19357252916574952,-0.12301122606207351,0.06026854501430773,-0.12239049086506713,0.14233546114902046,0.03962799911952454,-0.05844155844155844,-0.25740699977988113,-0.10853620955315871,0.033781642086726835,0.0485824345146379,-0.14011005943209334,0.13830728593440458,-0.1237508254457407,0.1306449482720669,0.13813559322033897
#49,0.38285714285714284,0.3870019810697777,0.2852630420427031,0.20480299361655294,-0.008133392031697117,0.012480739599383667,0.05156504512436716,1.0,0.3415232225401717,0.36265903587937487,0.4985163988553819,-0.013352410301562844,0.102821923838873,0.10044684129429893,-0.2548316090688972,-0.11607087827426811,0.33795729694034776,0.08964560862865947,-0.13152762491745543,-0.01305084745762712,-0.06972265023112481,0.18432093330398416,0.15762491745542592,0.1478780541492406,-0.06412062513757429,0.2539819502531367,0.09306185340083645,0.10153863086066475,-0.21853841074180058,-0.15540832049306624,0.010462249614791988,-0.004730354391371341,0.046368038740920096,-0.11717587497248515,-0.03701959057891261,-0.25497908870790226,-0.0750759410081444,-0.09808716707021792,-0.08780101254677526,0.2981135813339203,-0.24540171692714066,-0.3027756988773938,0.04788465771516619,0.09518379925159587,-0.11356812678846577,0.07516618974246093,0.008558221439577372,0.021091789566365836,-0.009810697776799472,0.09749944970283954,0.013125687871450584,0.15860444640105656,0.18900946511116,0.2948976447281532,0.06835351089588378,0.217244111820383,-0.09591899625797931,0.042331058771736735,-0.16599603786044465,0.06834910851860004,-0.047431212854941666,0.027629319832709665,-0.2413317191283293,-0.21645168390931102,0.08264802993616553,0.02667840633942329,-0.16086506713625356,-0.08657935285053929,-0.031204050187101033,-0.1340810037420207,0.22862425709883338,0.11048646268985252,-0.0020405018710103456,-0.09463350209112921,0.0375148580233326,0.119966982170372,-0.018043143297380587,-0.09915254237288136,-0.14073959938366717,0.00674224081003742,0.048972044904248294,0.1009222980409421,-0.11640766013647369,-0.03696896324014968,-0.03397754787585296,0.03451463790446841,-0.09529605987233106,-0.03877613911512216,0.041989874532247416,-0.2892361875412723,0.13463790446841295,-0.25080783623156505,-0.033403037640325775,-0.13161567246313008,0.05172573189522342,0.25507373981950254,0.3388531807175875,0.27376843495487563,0.23469513537310147,0.15498128989654414,0.25248073959938366,0.04454985692273828,-0.2579947171472595,0.3236385648250055,0.20454765573409642,0.1319392471934845,0.11348668280871671,0.099702839533348,-0.16138234646709224,-0.19458287475236627,-0.10705480959718248
#50,-0.03598503191723531,0.12184459608188422,0.05763152102135153,-0.07319392471934845,0.004673123486682809,-0.017565485362095533,0.025608628659476117,0.3415232225401717,1.0,-0.092557781201849,0.22599603786044464,-0.1834690732995818,-0.14313009024873433,-0.11211093990755008,0.16165969623596743,-0.09272066916134712,-0.05774158045344486,-0.12583094871230466,-0.008307285934404579,-0.27871010345586616,0.1507572088928021,-0.01288135593220339,0.05808496588157605,-0.09146599163548316,-0.08330398415144177,0.029348448162007483,-0.025073739819502533,-0.06448382126348227,0.01654193264362756,-0.11187981510015409,-0.0263020030816641,-0.01940347787805415,0.13546775258639665,0.05379925159586176,-0.03370019810697777,-0.15338322694254897,0.13411842394893242,0.008393132291437377,0.04939027074620295,0.157145058331499,0.015115562403697998,-0.25505833149900947,-0.07310367598503192,0.13970063834470614,-0.06180277349768875,-0.26811138014527847,0.08176755447941889,-0.06206031256878714,0.11055249834910852,-0.0019172353070658155,0.03799471714725952,0.06808496588157605,0.0023640766013647368,0.062254017169271404,0.20024653312788906,0.09209993396434074,0.13714946070878276,-0.11059652212194584,-0.018496588157605107,0.07275148580233326,-0.12406119304424389,-0.13869249394673122,-0.05917015188201629,-0.04864406779661017,-0.03367598503191724,-0.20729253797050406,0.1074158045344486,0.05777900066035659,0.0734272507153863,-0.11405238828967643,0.0006339423288575831,-0.033299581774158045,0.0646731234866828,-0.045535989434294516,0.07224961479198767,0.09615012106537531,0.06333920316971164,-0.07244992295839753,0.07691173233546116,-0.19204490424829407,-0.012570988333700198,-0.22643627558881796,-0.09966541932643627,0.11273827867048206,-0.17940347787805416,-0.11325996037860445,-0.07159366057671142,-0.18263262161567245,-0.022612810917895663,-0.13672903367818623,-0.14006383447061413,0.06328857583094871,-0.1704424389170152,0.022656834690732996,0.038269865727492844,0.09580673563724411,-0.0438168611049967,-0.027314549856922738,-0.0021791767554479417,-0.06228263262161567,0.13077481840193705,-0.06384107418005723,-0.1915166189742461,-0.03320493066255778,-0.05405899185560203,-0.03178956636583755,0.030827646929341843,-0.06515298261060973,-0.08082104336341625,-0.11246973365617434,0.015216817081223862
#51,0.5205106757649131,0.5786462689852521,0.5464714946070879,0.5538520801232666,-0.18954875632841733,0.24974025974025973,0.2551661897424609,0.36265903587937487,-0.092557781201849,1.0,0.5095597622716267,0.43068897204490425,0.11521241470394013,0.11217697556680607,-0.2538234646709223,0.02316530926700418,0.4315738498789346,0.23432973805855162,-0.021133612150561303,0.09660136473695796,-0.16381245872771297,0.12958837772397094,0.2117015188201629,0.2037244111820383,0.084851419766674,0.2684613691393352,0.18992956196346028,0.36311027955095754,-0.09942108738718908,-0.003898305084745763,0.23805194805194804,0.1450891481399956,0.050488663878494384,0.21179616993176315,-0.07010785824345146,-0.15593660576711424,-0.1075148580233326,-0.06070438036539731,0.2417015188201629,0.19894342945190402,-0.07562183579132732,-0.13402817521461588,-0.10666299801893023,-0.008921417565485363,-0.06706141316310808,-0.102557781201849,0.0665727492846137,0.03431212854941668,-0.06672463130090249,-0.08318732115342285,-0.039922958397534666,-0.2613273167510456,0.125115562403698,0.251237068016729,-0.08297600704380366,0.0848580233325996,-0.4011732335461149,-0.19048426150121064,-0.07549636803874092,0.0759652212194585,-0.019035879374862424,0.003275368699097513,-0.032359674224081,-0.034930662557781204,0.3265375302663438,0.3226348228043143,-0.0022760290556900725,-0.19414263702399295,-0.08677525863966543,-0.024118423948932422,0.23446621175434734,0.18232225401716928,-0.27944089808496586,-0.18174334140435836,-0.29220999339643405,-0.29079683028835573,-0.4379286814880035,-0.19092009685230024,-0.1566784063394233,0.16209112920977328,0.2704094210873872,0.09606207351970064,0.13196566145718688,-0.24758529605987234,0.07063614351749944,0.15419766674003962,-0.023451463790446842,0.03285934404578472,0.06745762711864407,-0.21204490424829409,0.24326656394453006,-0.3052124147039401,-0.10868589038080563,-0.0634800792427911,0.07558221439577371,0.22545234426590358,0.3076491305304865,0.3053775038520801,0.2103764032577592,0.051573849878934624,0.008958837772397095,-0.14988994056790667,-0.006975566806075281,0.3713911512216597,0.30033017829628,0.21476337222099934,0.19229583975346687,-0.018421747743781643,-0.05467312348668281,-0.10015408320493066,0.09797050407219898
#52,0.40967862645828745,0.4828461369139335,0.4091767554479419,0.3948360114461809,-0.18772837332159367,0.1541866607968303,0.09897644728153203,0.4985163988553819,0.22599603786044464,0.5095597622716267,1.0,0.15844816200748404,0.1648778340303764,-0.06858683689192163,-0.14749724851419765,-0.13162447721769754,0.3639489324235087,0.11158705701078582,-0.019205370900286154,0.05170812238608849,-0.04876293198327097,0.11810917895663658,0.27935064935064935,0.3217015188201629,0.2006999779881136,0.38631741140215714,0.26171912832929783,0.3297490644948272,-0.06905789126128109,-0.02962359674224081,0.24244992295839754,0.1736649790887079,-0.014974686330618533,0.1824455205811138,-0.19937046004842615,-0.16106977767994718,-0.049097512656834694,-0.003132291437376183,0.17074620294959278,0.2305723090468853,-0.14896103896103896,-0.20630420427030596,-0.03767554479418886,0.22038300682368478,-0.03714505833149901,0.04175654853620955,0.09772617213295179,-0.016187541272287036,0.02360774818401937,-0.08198327096632181,0.08289896544133832,-0.048373321593660576,0.2028945630640546,0.18670922298040943,0.030290556900726393,0.1819568567026194,-0.22044023772837332,-0.03456526524323134,-0.05664538850979529,0.19288575830948712,-0.11760290556900727,-0.021030156284393572,-0.08454765573409641,-0.0963284173453665,0.3625203609949373,0.1916949152542373,-0.25749724851419764,-0.35078802553378824,-0.038331499009465114,-0.07294739159145938,0.11242130750605327,0.1077129650011006,-0.3142791107197887,0.013431653092670042,-0.20260840854061193,-0.21690512876953555,-0.29509575170592117,-0.23419546555139775,0.059035879374862425,0.23989214175654855,0.07348228043143297,0.11878274268104777,0.1293088267664539,-0.23451683909311027,-0.04406339423288576,-0.08120184899845917,-0.11623816861104996,-0.10998899405679066,-0.024252696456086287,-0.07831168831168832,0.21092009685230023,-0.21842835130970725,-0.12409641206251376,-0.10933744221879815,0.031276689412282635,0.2258199427690953,0.36652212194585077,0.28063614351749944,0.25580453444860224,0.07222540171692714,0.1302179176755448,0.10399735857362977,-0.034552058111380145,0.4416883116883117,0.24203169711644287,0.1570592119744662,0.11181818181818182,-0.021188641866607967,-0.03589698437156064,-0.2091371340523883,-0.04843275368699097
#53,0.13149460708782743,0.22648470173893903,-0.004825005502971605,0.3923420647149461,0.07613251155624037,0.16301782962799913,0.0548976447281532,-0.013352410301562844,-0.1834690732995818,0.43068897204490425,0.15844816200748404,1.0,-0.01992956196346027,0.1445036319612591,-0.19377944089808496,0.059874532247413605,0.139900946511116,-0.1439555359894343,-0.11020030816640985,0.27019370460048425,0.018153202729473916,0.20524763372221,0.12689192163768434,0.20101254677525865,0.1975346687211094,0.17863966541932644,0.19260840854061193,0.19419106317411403,-0.1254171252476337,0.27138234646709225,-0.08232225401716928,-0.03376183138895003,-0.2894783182918776,0.1672837332159366,-0.0475214615892582,0.11580893682588597,-0.16979308826766454,-0.03884437596302003,0.18180277349768875,-0.13629099713845477,0.07773497688751926,0.04244772176975567,0.21786924939467311,-0.014979088707902268,0.21917675544794188,0.11887079022672244,0.046128109178956635,0.020510675764913052,0.0067290336781862204,0.013204930662557781,-0.1108496588157605,-0.23342504952674445,-0.18640325775918995,0.011421967862645828,-0.1317345366497909,-0.07422187981510016,-0.03666740039621395,0.2861347127448822,0.040825445740699975,-0.037756988773937926,-0.03735417125247634,0.15265023112480738,0.18376623376623377,0.09509355051727933,0.04479198767334361,0.1252014087607308,0.17140215716486903,-0.1414902047105437,-0.19923618754127229,0.08025533788245652,-0.2547391591459388,-0.035868368919216374,-0.11047325555800132,0.14432313449262602,-0.10224301122606207,-0.12244111820383007,-0.24644508034338544,-0.2308496588157605,0.010044023772837331,0.15924279110719788,0.629885538190623,0.1326832489544354,0.32894783182918774,-0.04173673783843276,0.44806955756108297,0.18558881796169932,-0.01711864406779661,0.22169051287695354,0.1277657935285054,0.04140876073079463,0.22585736297600703,0.05403477878054149,0.05469073299581774,-0.15134052388289676,-0.2076271186440678,-0.13877613911512215,0.06797270526084086,0.0016046665199207573,-0.0664935064935065,-0.28627118644067795,-0.375115562403698,-0.3586198547215496,-0.0778318291877614,-0.08006163328197226,-0.14391151221659695,-0.1843715606427471,-0.11183579132731675,0.0013801452784503632,0.22446841294298922,-0.1259520140876073,-0.034987893462469735
#54,0.03570988333700198,0.0010851860004402378,0.28556900726392254,0.2169007263922518,0.16392692053709002,0.4419370460048426,0.12514637904468412,0.102821923838873,-0.14313009024873433,0.11521241470394013,0.1648778340303764,-0.01992956196346027,1.0,0.017561082984811797,-0.43150561303103674,-0.16002421307506054,0.19081664098613252,0.330132071318512,-0.3567554479418886,-0.15644948272066916,-0.4371648690292758,-0.07201848998459168,0.09066916134712745,0.3243363416244772,0.05561963460268545,0.24318071758749724,0.21162887959498128,0.15456746643187322,0.2483601144618094,-0.02523002421307506,0.5098613251155624,0.08834690732995817,0.4528351309707242,0.22626678406339423,0.1197292537970504,-0.07905348888399735,-0.01152542372881356,-0.006788465771516619,0.13710983931322915,0.29745762711864404,0.14068897204490424,0.013755227823024433,-0.03088928021131411,0.0475544794188862,-0.07317851639885538,0.169933964340744,0.20161787365177194,0.190297160466652,0.03918556020250936,-0.13137134052388288,0.12790887079022673,0.01442659035879375,0.37458947831829187,0.21207351970063834,-0.27466872110939905,0.010543693594541052,-0.297739379264803,-0.2543495487563284,-0.010451243671582655,-0.09657054809597182,-0.09023552718467973,0.08652432313449263,0.01968743121285494,0.00587277129650011,0.09674003962139556,0.16276249174554258,0.013709002861545234,-0.009768875192604005,-0.22352410301562844,0.0058529605987233104,0.12790887079022673,0.11982610609729254,-0.2657561082984812,0.1654985692273828,-0.29773497688751926,-0.1269007263922518,-0.23223420647149462,-0.023519700638344705,-0.08634602685450143,0.20710983931322915,-0.41731895223420645,0.3871648690292758,-0.15875852960598724,0.33966762051507815,0.01834030376403258,-0.11469073299581774,-0.05296720228923619,0.3116552938586837,-0.019601584855822144,0.17384107418005723,0.1213251155624037,-0.0003015628439357253,0.1062293638564825,-0.14362755888179618,-0.25385208012326654,0.26755888179616993,0.33491525423728813,0.22885758309487123,0.31721109399075503,0.24269425489764473,0.09301342725071539,0.5653246753246753,0.202161567246313,0.351600264142637,0.2848976447281532,0.3516795069337442,0.307508254457407,0.07212414703940127,0.005223420647149461,-0.0839555359894343,-0.1913713405238829
#58,-0.05160466651992076,0.025454545454545455,0.006352630420427031,0.12231785163988554,-0.05702399295619635,-0.11848117983711204,-0.06313229143737618,0.10044684129429893,-0.11211093990755008,0.11217697556680607,-0.06858683689192163,0.1445036319612591,0.017561082984811797,1.0,-0.0043077261721329516,0.19373321593660578,-0.004776579352850539,0.03113581333920317,-0.04317411402157165,0.1257340964120625,-0.012014087607307947,-0.14083204930662557,-0.13460488663878495,-0.11048206031256878,-0.2183975346687211,-0.19931102795509575,-0.048390931102795506,0.04852520360994937,-0.23742460928901607,-0.0025181598062953997,-0.052476337222099934,-0.01658815760510676,-0.022119744662117545,0.14305745102355272,-0.06939027074620295,0.01108298481179837,0.17591239269205372,0.16016729033678187,0.08289676425269646,-0.06258639665419326,-0.07695795729694035,0.06833370019810697,0.04136693814659916,-0.0032247413603345805,-0.08778120184899846,0.015786924939467314,0.13480079242791107,0.08780101254677526,-0.0737706361435175,-0.13454985692273827,-0.3170658155403918,-0.21301782962799912,-0.21861765353290777,-0.034063394232885756,0.007952894563064054,0.13635042923178517,-0.10258639665419327,0.03546775258639665,0.004069997798811358,0.007697556680607528,-0.033116883116883114,-0.011866607968302884,0.21403918115782522,0.20677085626238167,-0.10338542813119084,-0.053882896764252695,0.2979749064494827,0.09958837772397094,0.061873211534228485,0.25113141096191943,-0.015254237288135594,0.21006163328197228,0.13757208892802114,-0.043559322033898305,0.21664758969843714,0.21620074840413822,0.05714946070878274,0.021157825225621835,-0.026004842615012107,-0.19546335020911293,0.22250935505172792,-0.18163768434954874,0.10123046445080343,0.057996918335901385,0.1705679066696016,0.07774598283072859,-0.05046665199207572,-0.0864935064935065,-0.08791327316751045,0.06014747963900506,-0.057479639005062734,0.12024653312788906,-0.05776359233986353,-0.06801012546775259,-0.13871890821043364,-0.06215496368038741,-0.11139555359894343,-0.05259300022011886,0.04354391371340524,-0.09096632181377944,-0.05464891041162227,-0.13739159145938806,0.05437376183138895,0.049592780101254674,0.014798591239269205,-0.0587871450583315,0.0006427470834250496,0.010997138454765574,-0.0388465771516619,-0.03923398635263042,-0.0325775918996258
#101,-0.3657539071098393,-0.12118203830068237,-0.38330178296279993,-0.2448646268985252,-0.10110939907550077,-0.15910851860004402,0.06276469293418446,-0.2548316090688972,0.16165969623596743,-0.2538234646709223,-0.14749724851419765,-0.19377944089808496,-0.43150561303103674,-0.0043077261721329516,1.0,0.24641206251375744,-0.192095531587057,-0.4479484921857803,0.5187607307946291,-0.014875632841734536,0.6402531366938147,-0.11062073519700638,-0.07446180937706362,-0.22828307285934404,0.19906889720449042,-0.39962799911952457,-0.3985274047985912,-0.41136033458067356,0.23753026634382565,0.13913933524103014,-0.33491525423728813,-0.04621175434734757,-0.30980409421087385,-0.05258199427690953,0.22701738939027075,0.20711864406779662,0.4474488223640766,0.2661699317631521,0.0985824345146379,-0.2765859564164649,0.08239709443099273,0.2945938806955756,-0.02682808716707022,0.1376139115122166,0.008210433634162448,-0.2556218357913273,-0.18947611710323575,-0.3805326876513317,-0.3245806735637244,-0.3971384547655734,-0.20494607087827427,-0.17585516178736518,-0.46672683248954433,-0.23521241470394014,0.5937200088047546,0.20575830948712304,0.20772837332159366,0.00563284173453665,-0.21141316310807837,-0.32261501210653754,-0.20410961919436496,-0.48812018489984593,0.18440898084965882,0.2157627118644068,-0.251056570548096,-0.41254017169271406,0.15718688091569447,0.21573629760070437,0.6077085626238169,0.1260048426150121,0.045575610829848116,-0.05106977767994717,0.43629980189302225,-0.15160466651992074,0.3615298261060973,-0.08280211314109619,0.3030596522121946,-0.10974466211754347,0.41517719568567024,-0.20275588817961698,0.09816200748404139,-0.04111600264142637,0.19446621175434733,0.04383226942548976,-0.22699537750385207,-0.3336451683909311,-0.2371934844816201,-0.03267004182258419,0.19604886638784944,0.2694893242350869,-0.26344486022452124,-0.04455425930002201,-0.2846929341844596,-0.0775016508914814,0.06998459167950694,-0.2754721549636804,-0.49422187981510013,-0.3947787805414924,-0.36081443979749067,-0.22591459388069557,-0.1669557561082985,-0.29066035659256,-0.19029495927801013,-0.3422628219238389,-0.33206471494607087,-0.26625137574290114,-0.2874774378164209,-0.3435064935064935,-0.37908210433634165,-0.10193704600484262,0.015980629539951573
#102,0.15856042262821923,0.13504512436715826,-0.2487409200968523,0.07222540171692714,-0.1606141316310808,-0.02318511996478098,0.08814880035219018,-0.11607087827426811,-0.09272066916134712,0.02316530926700418,-0.13162447721769754,0.059874532247413605,-0.16002421307506054,0.19373321593660578,0.24641206251375744,1.0,-0.1100462249614792,-0.2133480079242791,0.2929407880255338,0.6583535108958838,0.12205811138014527,0.35672683248954434,-0.1252278230244332,-0.001415364296720229,-0.16913713405238828,-0.1731388950033018,0.007594100814439797,-0.16237508254457406,0.035058331499009464,0.26495487563284176,-0.1862227602905569,-0.2012524763372221,-0.25509795289456305,-0.13010785824345147,0.2031388950033018,-0.000836451683909311,0.09903587937486243,0.2641668500990535,-0.2399273607748184,-0.4176271186440678,0.24217697556680606,0.05911292097732776,0.049242791107197884,0.09563064054589478,-0.0312920977327757,-0.026330618534008365,-0.08428791547435616,-0.07218578032137354,0.06388509795289456,-0.03657274928461369,-0.0910675764913053,-0.2537904468412943,-0.2940611930442439,-0.18599383667180278,-0.17688972044904247,-0.07484701738939027,-0.18501871010345586,0.24138014527845036,-0.0702113141096192,-0.3676997578692494,-0.3311798371120405,-0.2747611710323575,0.4332885758309487,0.4867664538850979,0.005280651551837993,0.1444419986792868,0.32565705480959717,0.3073739819502531,0.4654765573409641,0.5309597182478538,0.1256306405458948,0.2251749944970284,0.2322672243011226,-0.11846136913933523,0.2558001320713185,0.007985912392692054,0.02467972705260841,-0.099702839533348,0.08125467752586396,0.03690292758089368,0.37047105436935945,0.07952234206471495,0.28743781642086724,-0.1526634382566586,-0.031507814219678625,-0.1984393572529166,-0.35694915254237286,-0.07897424609289017,0.060310367598503195,0.12416685009905348,0.11551397754787586,0.08631080783623156,-0.29511116002641424,-0.2561699317631521,-0.13083865287255117,-0.22302003081664099,-0.2441844596081884,-0.25095531587057013,-0.2143385428131191,0.10982610609729254,-0.08085626238168611,-0.40795289456306405,-0.10780101254677527,-0.23696676205150782,-0.21599383667180277,-0.2162623816861105,-0.23846136913933524,-0.3480893682588598,-0.12831388950033018,-0.27806075280651554,-0.32712304644508033
#201,0.4372639225181598,0.33669601584855824,0.5251661897424609,0.4617279330838653,-0.07370239929561963,0.10127668941228263,0.15818401937046006,0.33795729694034776,-0.05774158045344486,0.4315738498789346,0.3639489324235087,0.139900946511116,0.19081664098613252,-0.004776579352850539,-0.192095531587057,-0.1100462249614792,1.0,0.35769755668060754,-0.11224301122606208,-0.048586836891921635,-0.13265463350209114,-0.02264802993616553,-0.06810697776799472,0.07888179616993177,-0.048769535549196566,-0.02961699317631521,0.07183359013867488,0.33201408760730794,0.013233546114902047,-0.0017895663658375523,0.1475214615892582,0.12692273827867048,0.10992515958617653,-0.0362029495927801,-0.072326656394453,-0.15433414043583535,-0.08617653532907771,-0.2775038520801233,0.042645828747523665,0.1124058991855602,-0.14220338983050848,-0.10532467532467532,-0.22156064274708342,-0.22536429672022892,-0.24214615892581995,-0.04847237508254457,0.2689962579793088,0.12729473915914594,0.08392031697116444,-0.06845916795069337,0.13254017169271406,-0.07101034558661677,0.0887079022672243,0.08412942989214175,0.0400198106977768,-0.006304204270305965,-0.3642703059652212,-0.2983248954435395,-0.07648250055029716,-0.01938806955756108,0.2310477657935285,0.09472815320272947,-0.2866365837552278,-0.2881399955976227,0.33857362976007044,0.21546995377503853,-0.2701628879594981,-0.4140083645168391,0.06264582874752367,0.009568567026194144,0.44413603345806735,0.37837552278230246,-0.08198767334360554,-0.12651771956856703,-0.1727624917455426,-0.1712920977327757,-0.037400396213955536,-0.0035923398635263042,-0.19145498569227382,-0.08044464010565705,0.010407219898745322,0.05085846357032798,-0.15055469953775039,-0.20906009244992296,0.15255337882456527,0.19307946290997138,0.03362755888179617,-0.08463130090248734,0.14902707462029496,-0.2881201848998459,-0.14818842174774377,-0.2636407660136474,-0.07528285274047986,-0.018243451463790448,-0.007369579572969403,0.41501430772617215,0.17060312568787145,0.45854721549636807,0.3349592780101255,0.20740479859123928,0.09325555800132071,0.08534448602245212,0.02047325555800132,0.35741800572309046,0.30057451023552717,0.27547435615232224,0.09710763812458728,0.33729473915914593,-0.07066035659255998,0.06584195465551397,0.07433414043583535
