,#10,#11,#12,#13,#17,#18,#26,#49,#50,#51,#52,#53,#54,#58,#101,#102,#201,#202,#301,#302,#401,#402,#501,#502,#601,#602,#701,#702,#801,#802,#901,#902,#1001,#1002,#1101,#1102,#1201,#1202,#1301,#1302,#1401,#1402,#1501,#1502,#1601,#1602,#1701,#1702,#1801,#1802,#1901,#1902,#2001,#2002,#2101,#2102,#2201,#2202,#2301,#2302,#2401,#2402,#2501,#2502,#2601,#2602,#2701,#2702,#2801,#2802,#2901,#2902,#3001,#3002,#3101,#3102,#3201,#3202,#3301,#3302,#3401,#3402,#3455,#3501,#3502,#3601,#3602,#3701,#3702,#3801,#3802,#3901,#3902,#4001,#4002,#4101,#4102,#4201,#4202,#4301,#4302,#4401,#4402,#4501,#4502,#4601,#4602,#4701,#4702,#4801,#4802
#10,1.0,0.4870988333700198,0.16195465551397756,0.38202069117323356,0.16363196125907992,0.18914593880695577,0.05439357252916575,0.4896390050627339,0.4505348888399736,0.42430772617213297,0.46545454545454545,0.1053598943429452,0.16761611270085847,0.09601144618093771,-0.20955535989434296,0.0712590799031477,0.02896103896103896,-0.05780321373541712,0.21222099933964342,0.36292097732775697,-0.061879815100154084,0.222128549416685,0.030592119744662118,-0.11069337442218798,-0.0005370900286154524,0.04816200748404138,-0.15491965661457188,0.04356152322254017,0.023394232885758308,0.07220118864186661,0.016854501430772616,-0.31833590138674883,-0.041186440677966105,-0.1088333700198107,-0.043742020691173236,-0.03521681708122386,0.011175434734756769,-0.02327756988773938,0.006581554039181158,0.03010345586616773,0.08757649130530487,0.08742020691173233,0.42191063174114024,0.14676645388509796,0.25777459828307286,0.22214615892581993,-0.08487563284173454,-0.11819502531366938,-0.09313449262601806,-0.1774488223640766,-0.14115562403697998,-0.3682874752366278,-0.27871890821043366,-0.27327977107638124,-0.2869557561082985,-0.3025687871450583,-0.427904468412943,-0.16827646929341844,0.09844816200748405,-0.13322033898305086,0.22120184899845916,0.004435395113361215,0.14193924719348447,-0.006902927580893683,0.17705701078582434,0.22208232445520582,0.08793528505392913,0.15097732775698877,0.013020030816640986,0.20160466651992076,-0.09066916134712745,-0.060017609509134935,-0.22369359454105217,-0.2536077481840194,-0.25933083865287254,-0.3035219018269866,-0.23038740920096853,-0.23261281091789565,-0.10863746423068457,-0.059852520360994935,0.07003081664098613,0.13874532247413604,-0.04300462249614792,0.1297424609289016,0.2848888399735857,0.30657054809597184,0.18570327977107637,0.24986572749284613,0.05560862865947612,0.2637552278230244,0.24969183359013866,0.038866387849438695,-0.03668721109399076,0.06824785384107418,0.3822738278670482,-0.03800132071318512,0.012434514637904468,-0.027640325775918996,-0.24067356372441118,0.09273607748184019,-0.15475456746643187,-0.061448382126348226,0.02042262821923839,0.10110499669821704,0.12636363636363637,0.03707682148360114,0.06812238608848778,0.03894783182918776,0.09390050627338763,0.1547457627118644,0.08288355712084526
#11,0.4870988333700198,1.0,0.34319392471934845,0.2909949372661237,-0.1312458727712965,0.14055910191503412,0.17633061853400836,0.2475874972485142,0.39056350429231784,0.3758859784283513,0.2409090909090909,0.1588531807175875,0.23691173233546114,0.055921197446621176,0.015978428351309706,0.30093110279550955,0.011201848998459168,0.0961699317631521,0.23524323134492625,0.29446621175434734,-0.010477657935285054,0.27210433634162445,-0.04183359013867489,-0.10873211534228483,-0.0337376183138895,-0.10797490644948272,-0.1511071978868589,-0.15040501871010345,-0.008256658595641647,-0.0751221659696236,0.05,-0.2701584855822144,0.00474356152322254,-0.24408320493066255,-0.12889500330178297,-0.07653973145498569,-0.12934404578472375,-0.0821483601144618,-0.14820383006823684,-0.10590358793748625,-0.13747963900506274,-0.017239709443099275,0.17857142857142858,0.05346467092229804,0.09000880475456746,0.06237068016729034,-0.16877613911512215,-0.23266784063394233,-0.12362755888179618,-0.14060972925379706,-0.14473035439137133,-0.2251287695355492,-0.19044684129429892,-0.0976469293418446,-0.08438476777459829,-0.07876293198327097,-0.3633083865287255,-0.132987012987013,-0.05342504952674444,-0.20474356152322254,-0.16276249174554258,-0.22233766233766233,0.22865947611710324,0.32203169711644286,0.06481840193704601,0.05463130090248734,0.0036847897864847015,-0.020420427030596523,0.21720449042482942,0.3226678406339423,0.10393792648029936,-0.002280431432973806,-0.012073519700638346,-0.20784943869689632,-0.07348228043143297,-0.11531366938146599,-0.12397754787585297,-0.24526304204270305,-0.003706801672903368,0.020488663878494386,-0.06135373101474796,-0.18967202289236187,0.0773959938366718,-0.030948712304644507,0.29245652652432313,0.13091129209773278,0.0875148580233326,-0.05779440898084966,-0.09574510235527185,0.07877834030376403,0.04007704160246533,0.03951793968743121,-0.012243011226062073,0.044232885758309484,0.28215936605767117,0.12602905569007264,-0.02693154303323795,-0.019251595861765353,-0.12268765133171913,-0.20242130750605328,-0.30393132291437375,-0.031840193704600485,-0.1251617873651772,-0.04528945630640546,-0.09898084965881576,-0.02405018710103456,-0.06932643627558882,-0.12818401937046006,-0.009852520360994937,-0.11253576931543033,-0.019141536429672024
#12,0.16195465551397756,0.34319392471934845,1.0,0.20660356592559984,-0.013977547875852961,0.4465309267004182,0.2737552278230244,-0.006288795949812899,0.027323354611490203,0.35149240589918557,0.07080563504292318,0.11965441338322694,0.3901915034118424,0.26139995597622717,0.025025313669381467,0.2572507153863086,0.48271186440677966,0.5094805194805195,-0.05537970504072199,-0.03804094210873872,-0.16022672243011227,-0.17744001760950914,-0.1934866828087167,-0.0660312568787145,-0.1405723090468853,-0.28458287475236627,-0.21709443099273606,-0.2929936165529386,0.18448602245212414,0.01642526964560863,0.20835351089588378,-0.15596302003081663,0.16615452344265905,-0.13343165309267005,0.09551837992515959,-0.035907990314769975,0.06988553819062293,0.06455866167730574,-0.1460906889720449,-0.14359454105216818,-0.2890380805635043,0.033396434074400176,0.10985031917235306,0.09367378384327536,-0.32071318511996477,-0.30657495047325556,-0.39749284613691394,-0.2691239269205371,0.05132291437376183,-0.23207572088928022,-0.04642967202289236,-0.11591899625797931,-0.04456306405458948,-0.004778780541492406,-0.06730134272507154,0.09958617653532907,-0.1489192163768435,-0.1499933964340744,-0.25711644287915475,-0.2687739379264803,-0.20265243231344926,-0.2184767774598283,0.277574290116663,0.06996478098173013,0.04953334800792428,0.03863746423068457,0.18781642086726832,0.19996478098173012,0.5258947831829188,0.39212634822804315,0.5601848998459168,0.39169051287695356,0.1500132071318512,0.21362976007043805,0.3462249614791988,0.14339643407440017,0.29493506493506494,0.03974246092890161,0.03329077701959058,0.16883777239709444,0.16373541712524764,-0.13648910411622275,0.19642306845696675,0.13144177856042263,0.30810477657935287,0.07851860004402378,0.06670041822584195,0.06280871670702179,0.09587717367378384,0.17031036759850318,-0.06607307946290997,0.06010125467752586,-0.10471494607087828,0.05582214395773718,-0.17791547435615232,0.39182258419546556,0.1460378604446401,0.28794408980849656,0.11152322254017169,-0.31849438696896326,-0.07661457186880916,0.2503742020691173,-0.004587277129650011,-0.023735417125247633,-0.00036759850319172355,-0.07590138674884438,0.15716707021791768,-0.18884437596302003,-0.25886198547215494,-0.28306185340083645,-0.29012766894122827
#13,0.38202069117323356,0.2909949372661237,0.20660356592559984,1.0,-0.058340303764032576,0.13958177415804535,0.041417565485362094,0.27978208232445523,-0.0008496588157605107,0.46237728373321596,0.34021791767554477,-0.12996918335901386,0.13157164869029275,0.04543693594541052,-0.38440677966101694,0.24861104996698216,0.10486242570988334,0.11107858243451464,0.21316751045564605,0.2427624917455426,-0.2620779220779221,0.21456526524323136,0.013163108078362316,0.29943649570768216,0.001027955095751706,0.3256636583755228,0.11991635483160906,0.2892361875412723,-0.07737838432753687,0.15356372441118205,0.17631080783623157,0.0011644287915474356,-0.08503852080123267,-0.059128329297820824,-0.025927801012546776,0.1453004622496148,-0.05504072198987453,0.09673123486682808,-0.016894122826326217,0.22736737838432752,-0.014657715166189743,0.11946070878274268,0.1569073299581774,0.2731763152102135,0.13000440237728372,0.23535108958837772,0.18753246753246752,0.1897886858903808,0.04920977327756989,0.06967202289236188,0.0885692273827867,-0.13813119084305525,-0.05694695135373101,-0.028914813999559762,-0.2242703059652212,-0.010316971164428791,-0.15235747303543914,0.010574510235527185,-0.024103015628439358,0.022496147919876735,0.028331499009465112,-0.30358353510895886,0.020004402377283733,-0.07706581554039181,0.23184899845916795,-0.020860664758969843,-0.0050891481399955975,-0.12300022011886419,-0.15965441338322695,-0.05336121505613031,-0.002302443319392472,0.03239489324235087,-0.10595861765353291,-0.09709443099273608,-0.22017609509134933,-0.22362976007043803,-0.3231058771736738,-0.3058463570327977,-0.38946731234866827,0.1798745322474136,-0.24048206031256877,-0.07929121725731895,-0.15622055910191504,-0.01707902267224301,0.10932423508694696,-0.03345586616773057,-0.09720228923618754,-0.07348448162007484,0.2756548536209553,-0.09808496588157604,0.160528285274048,-0.14412942989214175,0.06309267004182259,-0.09528285274047986,0.11587277129650012,-0.03961038961038961,0.2235527184679727,-0.059524543253356814,0.04522121945850759,-0.17296720228923618,-0.23684129429892142,0.026471494607087826,-0.00774158045344486,-0.015348888399735857,0.09605546995377504,-0.07904028175214615,-0.019471714725952015,-0.3596918335901387,0.01737178076161127,0.04361435174994497,-0.057726172132951795
#17,0.16363196125907992,-0.1312458727712965,-0.013977547875852961,-0.058340303764032576,1.0,0.43648470173893905,-0.010055029716046665,0.04261501210653753,0.19036759850319174,-0.00612590799031477,-0.11356372441118204,0.2847369579572969,0.3191767554479419,0.29393792648029937,-0.33398415144177857,-0.1705789126128109,0.1585163988553819,0.3196654193264363,-0.3067774598283073,-0.15014527845036318,-0.3440061633281972,-0.3420030816640986,-0.0336847897864847,0.1834998899405679,-0.1745344486022452,0.1551089588377724,0.07761611270085847,0.1671384547655734,0.32566145718688094,0.21862205591019152,0.3292339863526304,0.07912172573189523,0.18450143077261721,0.29200968523002424,0.3002685450143077,0.2752300242130751,0.08900286154523443,0.12369359454105217,0.10533568126788466,0.3795179396874312,0.1768280871670702,-0.03305965221219458,0.2268038740920097,0.214686330618534,0.11014307726172133,0.11703940127668941,-0.09923618754127228,-0.04318952234206472,0.07564164648910411,-0.07647809817301343,-0.11356592559982391,-0.2146731234866828,-0.09823464670922298,-0.30384107418005724,-0.24279110719788685,-0.044818401937046004,-0.1550561303103676,-0.06216817081223861,0.1798811358133392,0.1608562623816861,0.2559520140876073,0.2412788906009245,0.18989654413383228,-0.21881135813339203,-0.02146819282412503,0.0923068456966762,0.11609949372661237,0.13956856702619413,-0.17065815540391813,-0.08207792207792208,0.04801012546775259,0.09966762051507815,-0.11169931763152102,0.08755888179616993,-0.1047457627118644,-0.10101034558661677,0.10672243011226062,0.0387343165309267,-0.1763812458727713,0.147046004842615,0.024408980849658816,0.29094871230464453,-0.1971648690292758,0.06547215496368039,0.2570856262381686,0.29067356372441117,0.29547435615232226,0.3551419766674004,0.1654985692273828,0.24921197446621177,0.1868699097512657,0.33744001760950915,0.2698635263042043,0.1000528285274048,0.05229583975346687,-0.11220999339643407,0.2529187761391151,0.13601144618093772,0.05296059872331059,0.15388729914153643,0.05830728593440458,0.2581862205591019,0.4612480739599384,0.05884437596302003,0.31516839093110277,0.17506493506493506,0.1635263042042703,0.23961919436495707,-0.009267004182258419,0.025712084525643848,0.15167730574510235
#18,0.18914593880695577,0.14055910191503412,0.4465309267004182,0.13958177415804535,0.43648470173893905,1.0,0.31215276249174556,0.12208012326656395,0.14440237728373323,0.19468853180717588,-0.005436935945410522,0.2620427030596522,0.6716574950473255,0.4323684789786485,-0.2540567906669602,0.13010345586616773,0.34042482940788027,0.699108518600044,-0.260759410081444,-0.2314109619194365,-0.42417565485362096,-0.3919172353070658,-0.2545498569227383,-0.024466211754347347,-0.27600044023772835,-0.20285934404578473,-0.0637640325775919,-0.04785384107418006,0.5930310367598504,0.328300682368479,0.3985626238168611,0.00961038961038961,0.11797050407219899,0.06873211534228484,0.15631080783623155,0.31018269865727494,-0.052124147039401277,0.07908870790226723,-0.2661104996698217,-0.014657715166189743,0.06309927360774818,-0.054318732115342286,0.256715826546335,0.25308166409861327,-0.10165309267004183,-0.031093990755007704,-0.22647589698437157,-0.17433854281311909,-0.04194585075941008,-0.20794188861985471,-0.08739379264802993,-0.2734470614131631,-0.1449636803874092,-0.2818115782522562,-0.3045080343385428,-0.1479947171472595,-0.17834250495267445,-0.11334580673563724,0.06943869689632401,0.017895663658375523,0.06988994056790666,-0.10578912612810917,0.4896764252696456,0.16080783623156505,-0.009255998239049086,0.03955315870570108,0.32446621175434737,0.20983711204050187,0.22672463130090248,0.1949702839533348,0.43537530266343827,0.2773189522342065,0.05858023332599604,0.19424609289016068,0.14179616993176314,0.016819282412502752,0.21534448602245213,0.10915914593880696,-0.12411622276029055,0.35549856922738277,0.14201188641866608,0.3241338322694255,-0.1962425709883337,0.033616552938586834,0.3628461369139335,0.28357032797710763,0.1798151001540832,0.40882016288795947,0.05995157384987893,0.23344486022452124,0.18664098613251157,0.2548580233325996,0.23996918335901388,-0.037382786704820606,-0.0548778340303764,0.11844596081884218,0.21582874752366277,0.14393792648029935,0.02355051727933084,-0.1987541272287035,-0.07902927580893683,0.11869689632401496,0.33985252036099495,-0.3100572309046885,0.10439357252916574,-0.07178076161127009,0.3967026194144838,-0.13670702179176755,-0.2232115342284834,-0.12496147919876734,-0.08451243671582655
#26,0.05439357252916575,0.17633061853400836,0.2737552278230244,0.041417565485362094,-0.010055029716046665,0.31215276249174556,1.0,-0.057255117763592336,0.21057230904688531,0.22427690953114682,0.2955293858683689,0.11966982170372001,0.4641778560422628,0.3110939907550077,0.1864208672683249,0.12721549636803875,0.1625181598062954,0.32317851639885536,-0.1287739379264803,-0.19823024433193925,-0.004270305965221219,-0.04500550297160467,-0.0951882016288796,-0.043852080123266565,-0.18011446180937707,-0.26001760950913494,-0.3380013207131851,-0.36111820383006826,0.4387915474356152,0.13517059211974466,0.31748624257098834,-0.01730134272507154,-0.015588817961699317,-0.10156504512436716,-0.09801012546775259,0.09049526744441999,0.07422408100374202,0.026834690732995818,-0.10628439357252917,-0.08570548095971825,-0.24998239049086507,0.1873167510455646,0.0262095531587057,-0.00019590578912612812,-0.08730794629099714,-0.1498481179837112,-0.18124807395993836,-0.2504424389170152,-0.1592273827867048,-0.24584415584415584,-0.0629077701959058,-0.21650891481399956,-0.10177856042262821,-0.0811930442438917,-0.05783843275368699,-0.09370680167290336,-0.08388509795289456,-0.06293858683689192,-0.184653312788906,-0.33841294298921415,-0.21900066035659255,-0.23765573409641205,0.10681267884657715,0.18006163328197228,-0.2622738278670482,-0.18171032357473035,0.2418401937046005,0.27951573849878936,0.23494607087827427,0.18560642747083425,0.29078802553378824,0.1479242791107198,0.1779110719788686,0.007739379264802994,0.24223200528285274,0.1517345366497909,0.18240589918556022,0.10797270526084085,0.057565485362095534,0.05023112480739599,0.07980629539951574,-0.17101694915254237,0.02140876073079463,0.20303764032577593,0.30376623376623374,-0.09210433634162447,0.039911952454325335,-0.3134866828087167,0.0024807395993836673,0.04962139555359894,-0.030046224961479198,0.01360774818401937,0.0814836011446181,-0.22521681708122387,0.10706801672903368,0.14878274268104777,-0.045500770416024655,-0.0005789126128109179,-0.14674664318732114,-0.3236715826546335,-0.2725423728813559,0.09677305745102355,0.10343825665859564,-0.20191943649570768,-0.12333920316971164,-0.185379705040722,0.07955976227162667,-0.2657274928461369,-0.17462469733656175,-0.12035219018269866,-0.087442218798151
#49,0.4896390050627339,0.2475874972485142,-0.006288795949812899,0.27978208232445523,0.04261501210653753,0.12208012326656395,-0.057255117763592336,1.0,0.381402157164869,0.31033017829628,0.37143957737178074,0.16472815320272946,0.0661831388950033,0.020178296279991195,0.0018181818181818182,-0.10265243231344927,0.19856482500550296,-0.05523662777900066,0.1603764032577592,0.14714946070878274,0.110066035659256,0.06202069117323355,0.1788135593220339,0.022471934844816202,0.20059652212194584,0.12591679506933745,0.11973145498569228,0.06652212194585076,0.08047545674664319,0.05322694254897645,-0.11349768875192603,-0.22468633061853402,0.03295179396874312,-0.09696456086286595,-0.010693374422187981,-0.032157164869029274,-0.08508254457407,-0.21409641206251376,0.08395993836671803,-0.01919656614571869,0.015095751705921197,-0.11642967202289237,0.21600924499229585,0.0911005943209333,0.23508474576271188,0.26788025533788246,-0.04849658815760511,-0.10817301342725072,-0.179702839533348,-0.13162227602905568,-0.21748404138234648,-0.19527404798591239,-0.1530728593440458,-0.2276799471714726,-0.06081003742020691,-0.4352850539291217,-0.19693154303323795,-0.21559762271626678,0.015403918115782523,-0.14092009685230025,0.2136583755227823,-0.0068589038080563505,0.2206845696676205,0.0725181598062954,0.12434954875632842,0.122524763372221,-0.14540171692714066,-0.13358353510895885,-0.11408320493066255,-0.10371560642747084,-0.17930442438917016,-0.1999603786044464,-0.27946290997138457,-0.15169271406559542,-0.3286704820603126,-0.2662095531587057,-0.2913251155624037,-0.31689412282632623,0.0006757649130530487,0.12968743121285495,-0.05923838872991415,0.21014087607307946,-0.3115694475016509,0.17705921197446622,0.08267884657715166,0.17220118864186662,0.06933303984151441,0.2659652212194585,-0.22267224301122607,0.19326216156724632,0.10162887959498129,-0.012934184459608188,-0.04113581333920317,-0.09559542152762492,0.19449922958397534,0.1692758089368259,0.0074884437596302,-0.10832489544353952,-0.14392471934844817,-0.02631961259079903,-0.1581465991635483,-0.13202729473915914,-0.07556900726392252,-0.00011226062073519701,-0.02142196786264583,-0.1084965881576051,-0.07179616993176315,-0.07085186000440238,-0.03238388729914154,0.04513757429011666,0.02175874972485142
#50,0.4505348888399736,0.39056350429231784,0.027323354611490203,-0.0008496588157605107,0.19036759850319174,0.14440237728373323,0.21057230904688531,0.381402157164869,1.0,0.3519656614571869,0.3290116662998019,0.09919436495707683,0.3398283072859344,0.19164869029275808,0.20537530266343826,0.04075941008144398,0.12026854501430773,-0.021360334580673563,0.16967862645828746,-0.07644948272066916,0.06169271406559542,0.03506053268765133,0.2271406559542153,-0.12987012987012986,0.057600704380365395,-0.04634382566585957,-0.1551948051948052,-0.20241030156284393,0.2318071758749725,0.10304864626898526,-0.005344486022452124,-0.2313251155624037,-0.19984811798371122,-0.09009465111160027,-0.1664274708342505,0.02207792207792208,0.030959718247853842,-0.10753686990975127,-0.13174114021571648,-0.06951353731014748,-0.061208452564384765,-0.053832269425489764,0.3882896764252696,0.006810477657935285,0.13043363416244771,0.13561523222540173,-0.2652322254017169,-0.23965661457186882,-0.2257495047325556,-0.20766453885097952,-0.15300902487343165,-0.30317631521021354,-0.256172132951794,-0.25608188421747746,-0.12667180277349768,-0.3323992956196346,-0.32325996037860444,-0.24289236187541272,0.09484701738939028,-0.23272507153863087,0.0161831388950033,0.03777239709443099,0.1749636803874092,0.20893682588597842,-0.08315210213515298,0.04360994937266124,0.06321593660576712,0.022126348228043144,0.057362976007043806,-0.02112920977327757,-0.0887012987012987,-0.09953775038520801,-0.22648910411622275,-0.2341646489104116,-0.224455205811138,-0.16803213735417125,-0.18911952454325337,-0.24734756768655075,0.17925599823904909,0.058628659476117104,0.017180277349768874,0.10009685230024214,-0.18830288355712085,0.16797270526084085,0.30536869909751263,0.2544419986792868,0.16651771956856704,0.056751045564604884,-0.1652014087607308,0.12987012987012986,0.02741140215716487,0.12626018049746862,-0.05352850539291217,0.08188421747743782,0.34753686990975124,0.17303543913713404,-0.0575346687211094,-0.2147127448822364,-0.28831609068897207,-0.06477437816420867,-0.23393792648029937,-0.15246313009024873,0.028489984591679507,-0.09302003081664098,-0.15339863526304204,-0.09940788025533788,-0.1618578032137354,-0.08609949372661237,-0.04327536869909751,-0.05751705921197447,0.11738278670482061
#51,0.42430772617213297,0.3758859784283513,0.35149240589918557,0.46237728373321596,-0.00612590799031477,0.19468853180717588,0.22427690953114682,0.31033017829628,0.3519656614571869,1.0,0.450561303103676,0.02242130750605327,0.3630134272507154,0.2261897424609289,0.008406339423288577,0.1547985912392692,0.3926634382566586,0.23089808496588157,0.1543319392471935,-0.06627999119524543,-0.041721329517939686,0.004186660796830288,0.150264142637024,0.04479198767334361,0.07287255117763593,0.02534668721109399,0.09233546114902047,0.03572529165749505,0.06419106317411402,-4.6224961479198765e-05,0.3096302003081664,-0.06883997358573629,-0.040204710543693595,-0.08834030376403258,0.03969183359013868,0.0536847897864847,-0.0034932863746423067,-0.05590578912612811,0.019933964340744,-0.030779220779220778,-0.07694034778780541,0.023110279550957517,0.22008364516839093,0.11964120625137574,0.008498789346246973,-0.01878494386968963,-0.08530266343825665,-0.0872044904248294,-0.07535108958837772,-0.16084965881576052,-0.12171912832929782,-0.26193704600484263,-0.09826326216156725,-0.23449042482940788,-0.026526524323134494,-0.22781421967862645,-0.15680607528065155,-0.29609509134932865,-0.09998459167950693,-0.158135593220339,-0.1152410301562844,-0.21948051948051947,0.13929341844596083,-0.04552058111380145,0.19802553378824564,-0.07376843495487563,0.07331278890600924,-0.004714946070878274,0.11699317631521021,0.0817147259520141,0.15716266784063393,-0.040594320933303986,-0.15798591239269205,-0.25309267004182256,-0.10889720449042482,-0.2139093110279551,-0.18857142857142858,-0.272095531587057,-0.08790006603565925,0.056110499669821706,-0.10839313229143738,0.01926040061633282,0.05291657495047326,0.2595795729694035,0.2282258419546555,0.11476337222099935,0.029330838652872553,-0.15169051287695356,0.09923178516398855,0.05633281972265023,0.28209112920977325,0.10106317411402158,0.0300858463570328,0.02312128549416685,0.06961038961038961,0.15296940347787805,0.026368038740920096,0.0027492846136913936,-0.0361237068016729,-0.2055293858683689,-0.4021549636803874,0.2000594320933304,0.16264142637023993,0.042617213295179396,-0.10942548976447282,-0.04583755227823024,-0.12341624477217697,-0.2439885538190623,-0.06635923398635263,-0.1728681488003522,-0.10572088928021131
#52,0.46545454545454545,0.2409090909090909,0.07080563504292318,0.34021791767554477,-0.11356372441118204,-0.005436935945410522,0.2955293858683689,0.37143957737178074,0.3290116662998019,0.450561303103676,1.0,-0.23642967202289236,0.06250715386308607,0.16721989874532248,0.0901716927140656,0.13898965441338323,0.15283953334800793,-0.05386088487783403,0.2498481179837112,0.12972485141976667,0.03187101034558662,0.1405414924058992,0.12533568126788466,-0.07594100814439797,0.09495487563284173,-0.042692053709002864,-0.06412062513757429,-0.07412502751485803,0.11508034338542814,0.13075941008144398,-0.052080123266563944,-0.2017741580453445,-0.06865067136253578,-0.13978208232445521,-0.11907109839313229,-0.1127030596522122,-0.00037640325775918995,-0.11794629099713845,-0.01558661677305745,-0.22425709883337003,-0.06174994497028395,0.25167730574510233,0.09199647809817302,0.027259520140876074,0.2533215936605767,0.06372000880475456,0.025401716927140657,-0.04863746423068457,0.001404358353510896,-0.13547875852960597,-0.09362315650451243,-0.1444640105657055,-0.12377944089808497,-0.16801452784503632,-0.11399515738498789,-0.31507373981950254,-0.14270085846357033,-0.18406999779881136,-0.10700638344706141,-0.28817741580453443,-0.07668280871670702,-0.1543429451904028,-0.02307065815540392,-0.044943869689632404,0.2790843055249835,-0.06208232445520581,0.02600264142637024,0.08266563944530046,0.1479110719788686,0.08189742460928902,0.027785604226282193,0.12088267664538851,-0.03227382786704821,-0.17814219678626458,-0.07066696015848559,-0.04796830288355712,-0.15079462909971383,-0.1820779220779221,0.15546775258639667,0.010935505172793309,-0.08540832049306625,-0.015053929121725733,0.03562623816861105,0.07102135152982611,0.06067136253576932,0.0058529605987233104,-0.040887079022672246,-0.18453885097952893,0.04642306845696676,-0.07364076601364737,0.05722209993396434,-0.12755668060752806,-0.09403477878054149,-0.0901254677525864,0.14600704380365398,0.190891481399956,-0.2063086066475897,-0.10136033458067356,-0.26843495487563285,-0.10536429672022893,-0.16437816420867268,-0.10487343165309267,-0.10790226722430113,0.0840215716486903,-0.10044684129429893,-0.18006383447061414,-0.0336979969183359,-0.15530706581554038,-0.05349548756328417,-0.07448162007484041,-0.0747985912392692
#53,0.1053598943429452,0.1588531807175875,0.11965441338322694,-0.12996918335901386,0.2847369579572969,0.2620427030596522,0.11966982170372001,0.16472815320272946,0.09919436495707683,0.02242130750605327,-0.23642967202289236,1.0,0.3388003521901827,0.011547435615232226,-0.047666740039621396,-0.14316751045564605,-0.001397754787585296,0.2610279550957517,-0.05303543913713405,-0.10847237508254458,-0.10670702179176755,-0.1270548095971825,0.011547435615232226,0.16522562183579131,-0.040865067136253576,-0.05639665419326436,-0.06215496368038741,-0.1338630860664759,0.3115298261060973,-0.17551397754787584,0.14303543913713404,-0.1618578032137354,0.20992515958617652,-0.16545014307726172,-0.026143517499449702,-0.07679506933744222,-0.1484041382346467,-0.25438036539731457,-0.07894122826326216,-0.012060312568787144,-0.07919216376843495,-0.29426590358793747,0.3342967202289236,-0.10692714065595421,0.1970151882016289,0.19641206251375742,-0.20078582434514639,-0.1738432753686991,-0.035005502971604666,-0.008289676425269645,-0.10545454545454545,-0.23508474576271188,-0.08772176975566806,-0.2076865507373982,-0.05166189742460929,-0.18386528725511778,-0.07983711204050187,-0.1429253797050407,0.04011666299801893,0.015434734756768655,0.061248073959938365,-0.06881576051067577,0.26640545894783185,0.10930662557781202,-0.2853664979088708,0.1603675985031917,-0.07738498789346247,-0.10867048206031257,-0.04201848998459168,0.11500770416024653,0.09438696896324016,-0.01822143957737178,-0.05077922077922078,0.04601364736957957,-0.08074620294959278,-0.05701738939027075,0.02957737178076161,-0.09674884437596303,0.2005414924058992,0.12716486902927582,0.17590578912612811,-0.04246092890160687,-0.29709002861545236,0.3563482280431433,0.4686044464010566,0.22545894783182918,0.15323354611490206,0.11313009024873431,-0.3093264362755888,0.4345938806955756,0.14547435615232227,0.2988201628879595,0.20762491745542594,-0.06203830068236848,-0.06216376843495488,-0.1087145058331499,0.17726172132951795,-0.0771978868589038,-0.0100132071318512,0.04467752586396654,-0.11005282852740479,0.17224961479198767,0.10163108078362315,-0.04659476117103236,0.03505392912172573,0.05127668941228263,0.09277129650011005,0.05397754787585296,-0.16729914153642966,-0.03180497468633062,-0.01985692273827867
#54,0.16761611270085847,0.23691173233546114,0.3901915034118424,0.13157164869029275,0.3191767554479419,0.6716574950473255,0.4641778560422628,0.0661831388950033,0.3398283072859344,0.3630134272507154,0.06250715386308607,0.3388003521901827,1.0,0.5788972044904248,-0.04064274708342505,0.03602905569007264,0.2882544574069998,0.5297776799471715,-0.22064274708342504,-0.3081664098613251,-0.21770195905789125,-0.3426502311248074,-0.19455646048866387,0.058496588157605105,-0.27664758969843717,-0.22060092449922958,-0.06489764472815321,-0.16839753466872112,0.5002773497688752,0.10183138895003302,0.3699273607748184,-0.1496566145718688,-0.07107197886858904,-0.135148580233326,-0.052883557120845255,0.10084965881576051,-0.17345146379044685,-0.17355491965661457,-0.3903499889940568,-0.1564076601364737,-0.2263614351749945,-0.1187871450583315,0.2975478758529606,0.11385648250055029,-0.015991635483160908,-0.03619854721549637,-0.24219678626458288,-0.13618754127228702,0.009751265683469073,-0.05719348448162007,0.08236407660136473,-0.13297380585516178,0.07701738939027075,-0.27581774158045347,-0.1805877173673784,-0.35512436715826545,-0.026013647369579573,-0.13128329297820823,0.11946731234866828,-0.005652652432313449,-0.1498547215496368,-0.3617059211974466,0.34970063834470616,0.08501430772617213,-0.16337001981069776,-0.08542813119084305,0.2684745762711864,0.19352410301562845,0.21480299361655295,0.11993836671802774,0.3647809817301343,0.17013427250715385,-0.02292758089368259,0.05300462249614792,0.05466651992075721,-0.008393132291437377,-0.011906229363856482,-0.033356812678846576,0.015020911292097733,0.15139335241030155,0.2574224081003742,0.17556240369799692,-0.1795773717807616,0.25653753026634385,0.5313251155624037,0.08330178296279991,-0.00783843275368699,-0.005771516618974246,-0.02645828747523663,0.2068897204490425,0.19190843055249834,0.16498569227382787,0.17244772176975567,-0.04186220559101915,0.009969183359013867,0.11155403918115782,0.05667840633942329,-0.03195245432533568,-0.0287409200968523,-0.2916795069337442,-0.24721329517939689,0.14846577151661897,0.2220162887959498,-0.2963922518159806,-0.054475016508914814,-0.17857803213735418,0.2314175654853621,-0.2660378604446401,-0.2624785384107418,-0.3623464670922298,-0.1162821923838873
#58,0.09601144618093771,0.055921197446621176,0.26139995597622717,0.04543693594541052,0.29393792648029937,0.4323684789786485,0.3110939907550077,0.020178296279991195,0.19164869029275808,0.2261897424609289,0.16721989874532248,0.011547435615232226,0.5788972044904248,1.0,-0.07677745982830729,0.04328197226502311,0.18099053488883998,0.3684921857803214,-0.21673123486682808,-0.04440237728373322,-0.23629980189302224,-0.3479220779220779,-0.235610829848118,-0.048173013427250715,-0.17508254457407,-0.21492626018049746,0.16192824125027516,0.06340083645168391,0.35007704160246533,0.21558881796169932,0.20126128109178956,0.02988333700198107,-0.11721989874532247,-0.045896984371560645,-0.060160686770856266,0.10949592780101254,-0.15295839753466872,-0.08061193044243892,-0.2701760950913493,-0.018723310587717368,-0.018912612810917894,-0.005465551397754787,0.10946290997138455,0.21240810037420207,-0.1345432533568127,-0.12337442218798152,0.023735417125247633,0.011397754787585297,0.03291657495047325,-0.04439357252916575,0.10810697776799472,-0.10827426810477658,0.1314439797490645,-0.18407219898745322,-0.11592780101254678,-0.04559982390490865,-0.07432753686990975,-0.06136913933524103,0.07424169051287695,0.05105877173673784,-0.0020427030596522123,-0.01843495487563284,0.2862447721769756,-0.03743121285494167,0.1367312348668281,0.14408760730794629,0.3770482060312569,0.31771516618974244,0.3495201408760731,0.14887739379264803,0.41593880695575614,0.24562623816861104,-0.1445014307726172,0.10283733215936605,-0.11972265023112481,-0.10505172793308387,-0.09973585736297601,-0.029289016068677086,-0.03215496368038741,0.24819282412502752,0.10718908210433634,0.12189522342064715,-0.00474356152322254,0.0561765353290777,0.16131410961919437,-0.014677525863966543,-0.1199801893022232,0.1866299801893022,0.0789918556020251,0.12918556020250935,0.17006163328197227,-0.06774818401937047,-0.08462689852520361,-0.06218137794408981,-0.08052828527404798,0.020697776799471716,0.08772397094430993,0.1885626238168611,0.12269865727492846,-0.1047721769755668,-0.10725952014087607,0.09372000880475456,0.16002421307506054,-0.22745762711864406,-0.024342945190402816,-0.2693616552938587,0.24800572309046887,-0.19632181377944088,0.04844596081884218,-0.14355051727933082,-0.00537310147479639
#101,-0.20955535989434296,0.015978428351309706,0.025025313669381467,-0.38440677966101694,-0.33398415144177857,-0.2540567906669602,0.1864208672683249,0.0018181818181818182,0.20537530266343826,0.008406339423288577,0.0901716927140656,-0.047666740039621396,-0.04064274708342505,-0.07677745982830729,1.0,-0.18510015408320493,0.20454325335681267,-0.0911336121505613,0.3122209993396434,-0.24073519700638343,0.7862403697996918,0.29972705260840854,0.4032753686990975,-0.3450231124807396,0.30655073739819505,-0.35109178956636583,-0.19371340523882896,-0.4630112260620735,-0.07240149680827647,-0.4389852520360995,-0.1484635703279771,-0.28799251595861763,0.027882456526524324,-0.3337640325775919,-0.3014439797490645,-0.4542108738718908,0.04929121725731895,-0.2113779440898085,-0.13440017609509136,-0.3098723310587717,-0.3244089808496588,-0.17906229363856482,-0.3315804534448602,-0.1516222760290557,-0.21618534008364518,-0.04909090909090909,-0.17220338983050848,-0.34379484921857806,-0.13339203169711644,-0.07028835571208453,-0.21183579132731675,0.08872991415364297,0.11850759410081443,0.29175874972485144,0.41220999339643405,-0.0015012106537530265,0.13853841074180057,-0.016993176315210214,-0.3972661237068017,-0.4546268985252036,-0.5088839973585736,-0.300363196125908,-0.36129429892141757,0.07418005723090469,-0.3950869469513537,-0.2360312568787145,-0.3324455205811138,-0.24118203830068236,0.122722870349989,-0.09770195905789127,-0.28230904688531805,-0.3558793748624257,0.007911071978868589,-0.24842835130970725,0.10788025533788245,0.012819722650231125,-0.015097952894563064,-0.08613911512216597,0.4767246313009025,-0.2588333700198107,0.17981730134272508,-0.3453378824565265,0.19832709663218137,0.112260620735197,-0.00048426150121065375,-0.37235747303543915,-0.1898084965881576,-0.27063614351749943,-0.4418996257979309,-0.1186484701738939,-0.41237068016729034,-0.18920316971164428,-0.17302883557120846,-0.06078582434514638,-0.05084085406119304,0.40960158485582215,-0.5812084525643848,-0.15822584195465553,-0.23968963240149682,-0.20315650451243672,0.09338983050847458,-0.07692053709002862,-0.18330838652872553,-0.0638366718027735,-0.2344419986792868,0.05667180277349769,-0.03401937046004842,-0.2336979969183359,-0.10255337882456526,-0.28577151661897426,-0.2823662777900066
#102,0.0712590799031477,0.30093110279550955,0.2572507153863086,0.24861104996698216,-0.1705789126128109,0.13010345586616773,0.12721549636803875,-0.10265243231344927,0.04075941008144398,0.1547985912392692,0.13898965441338323,-0.14316751045564605,0.03602905569007264,0.04328197226502311,-0.18510015408320493,1.0,0.03435174994497028,0.08048426150121066,0.2945476557340964,0.4632159366057671,-0.4509024873431653,0.07487343165309267,-0.19596302003081664,0.1529804094210874,-0.20461809377063614,0.0587012987012987,-0.33010345586616774,-0.24822364076601364,0.15055029716046664,0.4162359674224081,0.12842615012106537,0.25661016949152543,-0.14845476557340964,0.29048426150121065,0.17080563504292318,0.24590138674884437,0.2615694475016509,0.41684569667620514,-0.07036539731454985,0.1965265243231345,0.17833590138674885,0.22723970944309926,0.16709222980409422,0.25765573409641207,0.04811798371120405,-0.06126128109178957,-0.37011005943209335,-0.2534272507153863,-0.34313669381465994,-0.2688465771516619,0.030534888839973587,-0.27899405679066697,-0.2211138014527845,-0.266517719568567,-0.4928571428571429,0.33032577591899626,-0.45932203389830506,0.09969183359013868,0.023325996037860446,0.13267884657715165,0.01535989434294519,0.004413383226942549,0.38651111600264143,0.36319172353070656,0.2711798371120405,0.044358353510895884,0.35250715386308606,0.21985031917235306,0.5098657274928461,0.49520581113801454,0.45275148580233326,0.2955051727933084,0.18692053709002862,-0.03443979749064495,0.17693594541052168,-0.02521021351529826,0.14711204050187102,-0.07699537750385207,-0.2814109619194365,0.4750539291217257,-0.2400396213955536,0.08062073519700638,0.05945850759410082,-0.16605326876513318,-0.04953114681928241,0.07954215276249174,0.038751926040061634,0.04319392471934845,0.3688399735857363,-0.07085406119304424,-0.01807836231565045,-0.08223860884877834,-0.08103675985031918,-0.07703279771076381,0.04538850979528945,-0.15211754347347567,0.4459454105216817,0.10969183359013868,-0.14113801452784502,-0.0899141536429672,-0.12066916134712745,0.02981730134272507,0.015718688091569448,-0.13793308386528724,-0.0006339423288575831,-0.23992515958617652,0.007406999779881135,-0.15781201848998458,-0.07189522342064715,0.019462909971384546,0.2040677966101695
#201,0.02896103896103896,0.011201848998459168,0.48271186440677966,0.10486242570988334,0.1585163988553819,0.34042482940788027,0.1625181598062954,0.19856482500550296,0.12026854501430773,0.3926634382566586,0.15283953334800793,-0.001397754787585296,0.2882544574069998,0.18099053488883998,0.20454325335681267,0.03435174994497028,1.0,0.4624455205811138,0.04398195025313669,-0.35891481399955977,0.01462689852520361,-0.17509134932863746,0.14705701078582434,-0.20681928241250275,0.13888619854721548,-0.2683535108958838,0.00401716927140656,-0.18273827867048206,0.2114571868809157,0.04812898965441338,0.2965485362095532,0.06392471934844816,0.013935725291657495,-0.01700198106977768,0.14293198327096632,0.10208012326656395,0.12228483381025754,0.024389170151882016,0.027897864847017388,-0.10470394012766894,-0.08049086506713625,-0.10539291217257318,0.008809156944750166,-0.023403037640325777,-0.16347787805414923,-0.18206031256878716,-0.22373541712524764,-0.18078142196786265,-0.10366277790006603,-0.2678582434514638,-0.1771978868589038,-0.20183138895003302,0.04281532027294739,-0.19358133392031698,0.02484041382346467,-0.09301782962799912,-0.07462469733656174,-0.25784063394232887,-0.15889720449042483,-0.25184239489324234,-0.06897424609289016,-0.07917235307065816,0.09364076601364738,-0.08629760070438036,0.0673695795729694,-0.04338102575390711,0.12595641646489103,0.014305524983491085,0.25663438256658594,0.022372881355932205,0.2872309046885318,0.09793308386528725,-0.05294959278010126,-0.055507373981950256,0.13301782962799913,-0.07108298481179837,0.11731895223420648,-0.08210433634162448,0.004028175214615893,0.05456746643187321,0.09845696676205151,0.06115782522562183,0.10064274708342505,0.1725181598062954,0.19292978208232445,0.04475676865507374,0.12190182698657274,0.10041822584195466,0.21602685450143078,0.07108518600044024,-0.1415562403697997,0.23502091129209773,0.02529385868368919,0.20130970724191063,-0.10222320052828528,0.40539291217257317,-0.04534668721109399,0.18192163768434955,0.11373541712524764,-0.11902047105436936,-0.09412722870349989,0.22703720008804754,0.3534580673563724,-0.11940127668941228,-0.08280651551837992,0.04323134492626018,-0.07764913053048646,-0.13262601804974686,-0.2601959057891261,-0.09838652872551178,-0.13629319832709663
