,#10,#11,#12,#13,#17,#18,#26,#49,#50,#51,#52,#53,#54,#58,#101,#102,#201,#202,#301,#302,#401,#402,#501,#502,#601,#602,#701,#702,#801,#802,#901,#902,#1001,#1002,#1101,#1102,#1201,#1202,#1301,#1302,#1401,#1402,#1501,#1502,#1601,#1602,#1701,#1702,#1801,#1802,#1901,#1902,#2001,#2002,#2101,#2102,#2201,#2202,#2301,#2302,#2401,#2402,#2501,#2502,#2601,#2602,#2701,#2702,#2801,#2802,#2901,#2902,#3001,#3002,#3101,#3102,#3201,#3202,#3301,#3302,#3401,#3402,#3455,#3501,#3502,#3601,#3602,#3701,#3702,#3801,#3802,#3901,#3902,#4001,#4002,#4101,#4102,#4201,#4202,#4301,#4302,#4401,#4402,#4501,#4502,#4601,#4602,#4701,#4702,#4801,#4802
#10,1.0,0.3469359454105217,0.4657693154303324,0.5120537090028615,0.15267224301122606,0.061763152102135156,0.1685560202509355,0.611963460268545,0.12579572969403477,0.37169051287695354,0.3633414043583535,0.14611270085846356,0.23947171472595202,-0.04261941448382126,-0.19096412062513757,0.09686990975126568,0.4076425269645609,0.2820735197006383,0.3062227602905569,0.29865067136253576,-0.12167730574510235,0.2309751265683469,-0.30030596522121944,-0.06570988333700198,-0.14038080563504293,-0.020255337882456526,0.031910631741140214,0.11928241250275148,0.2622342064714946,0.020783623156504512,0.15307506053268766,-0.14660796830288356,0.010081443979749064,-0.14976667400396215,0.07635263042042703,0.12123046445080343,0.07182698657274929,0.15894783182918776,-0.14132071318511996,0.05748404138234647,-0.26431653092670043,-0.02840413823464671,0.0525511776359234,0.1353731014747964,0.020022011886418667,-0.03533127889060093,0.05098613251155624,0.0077173673783843275,-0.2361104996698217,-0.1629077701959058,-0.10861104996698218,-0.0673497688751926,-0.27040721989874533,0.008956636583755229,-0.1286286594761171,0.16993616552938587,-0.5642548976447281,-0.14180277349768874,-0.24154303323794848,-0.12082764692934185,-0.1671978868589038,-0.04305524983491085,-0.04564164648910412,0.09449922958397534,0.2796125907990315,0.19713625357693154,-0.11431653092670042,0.03989874532247414,0.31362315650451245,0.22709443099273607,0.09609949372661238,0.3313669381465992,0.08422628219238389,0.17315650451243672,-0.002370680167290337,-0.03880475456746643,-0.19462029495927802,-0.21165089148139996,-0.19369359454105217,0.2782786704820603,-0.187145058331499,-0.07238828967642527,0.025861765353290777,0.03053268765133172,0.10650451243671583,0.22682148360114462,-0.044358353510895884,-0.08929341844596082,-0.013253356812678847,-0.07931983270966322,-0.06083204930662558,0.022467532467532466,-0.122458727712965,-0.2185956416464891,-0.1896566145718688,0.06879594981289897,0.22777019590578912,0.2219766674003962,0.18678846577151662,0.07669601584855822,-0.11411182038300682,0.07698217037200088,-0.0998283072859344,0.13438696896324015,0.14880255337882456,0.15858023332599605,-0.007415804534448602,-0.07730794629099713,0.02266123706801673,-0.3390512876953555,-0.32132951793968745
#11,0.3469359454105217,1.0,0.35505392912172573,0.16325775918996258,0.17317851639885537,-0.0724653312788906,0.1065001100594321,0.2337640325775919,-0.13531146819282414,0.20087827426810478,0.24639005062733876,0.11504732555580013,0.12039621395553599,-0.07502531366938146,-0.12855602025093552,0.13378164208672683,0.25441338322694257,0.24060752806515517,0.245148580233326,0.2942637023992956,-0.05089368258859784,0.154686330618534,-0.2175676865507374,-0.06364516839093111,-0.16794629099713845,-0.03772176975566806,-0.0019326436275588818,-0.005716486902927581,0.09179616993176315,-0.020834250495267444,0.01941448382126348,-0.09781421967862645,-0.17052828527404798,0.04584855822143958,0.04328197226502311,0.2268963240149681,-0.0005392912172573189,0.20714285714285716,-0.0811864406779661,0.09234206471494608,-0.127475236627779,0.14340523882896763,0.07519480519480519,0.07206031256878714,-0.025203609949372662,-0.0687541272287035,-0.028166409861325115,-0.1012524763372221,-0.010931102795509575,-0.172920977327757,-0.004662117543473476,-0.03139335241030156,-0.05205150781421968,-0.054675324675324675,-0.05246092890160687,0.10773717807616112,-0.3412260620735197,0.0011534228483381025,-0.12303103675985032,-0.08331939247193484,-0.26088487783403036,-0.09188201628879596,-0.13203389830508475,-0.07177635923398636,0.15048866387849438,0.39520360994937265,-0.20039401276689411,0.08960158485582215,0.2698921417565485,0.20591019150341183,0.03563504292317852,0.4133348007924279,-0.057512656834690735,-0.03271186440677966,-0.02656614571868809,-0.047666740039621396,-0.24894783182918775,-0.24435174994497028,-0.22422848338102574,0.17742020691173233,-0.06099933964340744,-0.09282412502751486,0.04539951573849879,0.1301584855822144,0.13881796169931762,-0.061294298921417564,-0.26836231565045127,-0.010400616332819723,0.024895443539511335,-0.026154523442659037,0.2159850319172353,-0.22978868589038082,-0.17591679506933744,-0.20922298040942108,-0.2571318511996478,0.08487343165309268,0.1308958837772397,0.08644508034338542,0.029423288575830948,0.2159718247853841,-0.11060092449922958,0.13272727272727272,0.022055910191503412,-0.04396654193264363,0.23420206911732336,-0.014501430772617212,-0.056209553158705704,-0.07575830948712305,-0.15435174994497028,-0.2825049526744442,-0.17693814659916354
#12,0.4657693154303324,0.35505392912172573,1.0,0.6703874092009685,0.11826986572749285,0.2207990314769976,-0.037739379264802995,0.08510455646048866,-0.1430398415144178,0.5797314549856922,0.27799911952454326,0.04158485582214396,0.02355051727933084,-0.10765793528505394,-0.04649130530486463,0.263251155624037,0.6843297380585516,0.7318908210433634,0.17418005723090468,0.05687431212854942,-0.24051948051948052,0.22572529165749505,-0.12485582214395774,0.0016971164428791548,0.3269403477878054,0.19934844816200747,0.1389918556020251,0.35914373761831386,0.13978428351309707,0.10909090909090909,0.13647589698437157,-0.053480079242791106,0.06798151001540832,0.127772397094431,0.08796390050627338,0.016290997138454767,0.1581421967862646,0.010904688531807176,-0.007420206911732336,0.17553598943429452,-0.15983491085186,-0.1059784283513097,0.14406999779881136,-0.08788685890380805,-0.10902707462029496,-0.23559762271626677,0.019079903147699757,0.13426810477657936,-0.12789346246973365,-0.016720228923618755,-0.13287695355491966,0.058225841954655515,-0.06408980849658816,0.17228263262161567,-0.025117763592339862,0.09470394012766895,-0.6128285274047985,-0.337079022672243,-0.19231565045124366,-0.08508254457407,-0.20461809377063614,-0.1572243011226062,-0.33416244772176973,-0.1642262821923839,0.3855491965661457,0.37700418225841953,-0.24338983050847457,0.03756548536209553,0.12106977767994717,0.09053929121725732,0.05587497248514198,0.19368919216376843,-0.2779506933744222,0.11774378164208672,-0.12714285714285714,0.04709663218137795,-0.26766894122826324,-0.10946070878274268,-0.3510697776799472,0.20294519040281753,-0.043869689632401496,-0.2489522342064715,-0.225445740699978,-0.08545894783182918,-0.11217697556680607,-0.07113581333920317,-0.1915232225401717,-0.02328417345366498,-0.1966057671142417,-0.15821483601144617,-0.06327096632181378,-0.10638344706141316,-0.26648690292758087,-0.09218137794408982,-0.11890160686770856,0.05951573849878935,0.46625137574290115,0.4191371340523883,0.5582258419546555,0.2499867928681488,0.12644948272066917,0.2528329297820823,0.32889940567906667,0.34223640766013647,0.499108518600044,0.1110807836231565,0.20921637684349548,-0.08518820162887959,0.04139555359894343,-0.16270085846357032,-0.1965859564164649
#13,0.5120537090028615,0.16325775918996258,0.6703874092009685,1.0,0.055403918115782526,0.24140876073079462,-0.016117103235747304,0.11893022232005283,-0.1160774818401937,0.602920977327757,0.234356152322254,0.05241470394012767,0.1427756988773938,-0.1705150781421968,-0.0624389170151882,0.17293638564825006,0.560939907550077,0.47429451904028175,0.178366718027735,0.05004842615012107,-0.25861325115562406,0.13911952454325335,-0.21599383667180277,-0.05736077481840194,0.19626678406339423,0.035155183799251595,0.08568126788465771,0.300066035659256,0.19911071978868589,0.17229804094210874,0.12015628439357252,0.01705260840854061,0.017519260400616334,0.058128989654413384,0.2552124147039401,0.17942989214175656,0.25922077922077924,0.11091569447501651,0.05298921417565485,0.15222980409421089,0.0035174994497028395,0.05590799031476998,0.12508034338542814,0.026777459828307287,-0.19436055469953775,-0.2887321153422848,0.06930662557781202,0.20894342945190403,-0.1252652432313449,-0.031347127448822364,-0.10273607748184019,0.17866607968302883,-0.07037200088047546,0.14421087387189083,0.045414924058991855,0.16468412942989213,-0.43573189522342065,-0.24841514417785604,-0.1654105216817081,-0.09631080783623157,-0.11334800792427911,-0.06277790006603566,-0.1655646048866388,-0.042590799031477,0.3209200968523002,0.2124719348448162,-0.25807395993836674,-0.24759189962579792,0.06987893462469734,0.06383006823684789,-0.028483381025753908,0.12237508254457408,-0.16722870349988994,0.16208452564384768,-0.06903808056350429,0.0325379705040722,-0.1302179176755448,0.007085626238168611,-0.3832247413603346,0.11212414703940128,-0.06077922077922078,-0.15900726392251815,-0.2723046445080343,-0.12600924499229585,-0.13300682368478978,0.09146819282412502,-0.06884437596302002,0.0010741800572309048,-0.13146599163548317,-0.1399405679066696,-0.056610169491525426,0.018333700198106977,-0.20650231124807397,0.04520360994937266,-0.10079903147699758,-0.002117543473475677,0.28309046885318073,0.2603367818622056,0.4085186000440238,0.18865727492846138,0.1720228923618754,0.14858463570327976,0.11258639665419326,0.2180563504292318,0.3496191943649571,0.1348580233325996,0.23183579132731674,-0.04785384107418006,0.11132731675104557,-0.11522562183579133,-0.1996434074400176
#17,0.15267224301122606,0.17317851639885537,0.11826986572749285,0.055403918115782526,1.0,0.1412987012987013,0.06331499009465111,-0.018139995597622718,0.16084525643847677,-0.044083204930662555,-0.08210433634162448,0.5450561303103676,0.1868082764692934,-0.011708122386088487,-0.40018049746863305,-0.300957517059212,0.07724191063174114,0.0287145058331499,-0.052412502751485804,0.11145278450363195,-0.2869359454105217,-0.1356218357913273,-0.0664010565705481,0.2383711204050187,-0.2423794849218578,0.0015320272947391591,0.08565045124367159,0.1798415144177856,0.09035219018269866,0.2760510675764913,0.19979088707902268,0.16304424389170152,0.11195685670261941,0.1413845476557341,0.22033458067356373,0.2384107418005723,0.44164648910411625,0.27851199647809816,0.34510015408320494,0.46007043803653974,0.08113361215056131,0.22319392471934846,0.39256878714505833,0.3012194585075941,0.09054149240589919,0.238399735857363,0.38777679947171473,0.2787321153422848,0.2643055249834911,0.1224191063174114,0.02225841954655514,-0.1386946951353731,0.010297160466651993,-0.3048668280871671,-0.06540391811578253,-0.0940545894783183,-0.29122826326216156,0.11382126348228043,0.052463130090248736,0.19712744882236408,-0.23880475456746644,-0.20125467752586396,0.16300682368478978,0.27287034998899407,-0.12118864186660797,-0.1061303103675985,-0.21582874752366277,-0.04713625357693154,-0.0814637904468413,0.19079022672243012,-0.30650891481399956,0.2654941668500991,0.008756328417345367,0.29172132951793966,0.02703499889940568,0.28764032577591897,-0.16028175214615892,-0.0575346687211094,-0.18099053488883998,0.20986352630420427,0.17925159586176537,0.39674003962139553,0.00711864406779661,0.3871648690292758,0.4609178956636584,0.031212854941668502,0.092755888179617,-0.058989654413383226,0.30222540171692713,0.4155007704160247,0.44160466651992075,0.1768500990534889,0.07455866167730575,-0.20156504512436715,-0.037946290997138456,-0.24818181818181817,0.12701078582434513,0.05692273827867048,0.05757208892802113,0.3166453885097953,0.09912612810917895,-0.031943649570768215,0.32007484041382345,0.04950693374422188,0.031063174114021572,0.149966982170372,0.06729914153642967,-0.08527845036319613,0.0026150121065375304,-0.4212744882236408,-0.20540171692714065
#18,0.061763152102135156,-0.0724653312788906,0.2207990314769976,0.24140876073079462,0.1412987012987013,1.0,0.13421527624917456,-0.05500110059432093,0.049535549196566143,0.0486814880035219,0.01844375963020031,0.04767994717147259,0.2920405018710103,0.1803169711644288,-0.045535989434294516,-0.029581774158045346,0.19462029495927802,0.378762931983271,-0.11510015408320493,-0.22756328417345367,-0.24892802113141096,-0.02192163768434955,0.2720052828527405,0.09281972265023113,0.07279550957517059,0.1704754567466432,-0.06971164428791547,0.14985912392692052,0.23707682148360115,0.377673343605547,-0.09654853620955316,0.15400396213955536,0.11430332379484921,0.09649350649350649,-0.12158705701078583,0.3677679947171473,0.2914571868809157,0.20835130970724192,0.1672375082544574,0.23884217477437816,-0.018399735857362976,0.08061413163108079,0.26582434514637904,0.21160466651992077,-0.013671582654633502,-0.22849438696896324,0.06308606647589698,0.06432093330398415,0.09974466211754347,0.011076381245872772,-0.17854721549636804,-0.16642967202289236,-0.02120184899845917,0.0762227602905569,0.21559542152762493,0.012269425489764473,-0.12326436275588817,-0.048839973585736295,-0.09282632621615672,-0.04165309267004182,0.08725952014087607,0.15123046445080343,0.08702399295619635,0.16998239049086505,-0.20190843055249835,-0.17219018269865727,0.20454545454545456,-0.037499449702839534,0.028600044023772836,0.03118203830068237,0.014552058111380146,-0.02679947171472595,0.025441338322694254,0.10014307726172134,-0.04638564825005503,0.000977327756988774,-0.026240369799691833,0.11472595201408761,-0.022969403477878052,0.2354039181157825,0.07461369139335242,0.3623530706581554,0.09995157384987893,0.09806955756108299,0.14977327756988773,0.11187761391151221,0.10113581333920317,-0.09620074840413824,-0.009575170592119745,0.3557274928461369,0.07962579793088267,0.3970394012766894,-0.10321813779440898,0.049550957517059215,-0.07182038300682368,0.11938146599163549,0.12908430552498348,0.18398635263042043,0.15915034118423949,0.311435174994497,0.09765573409641207,0.21614131631080782,-0.02315430332379485,0.00886418666079683,0.1763218137794409,0.2019062293638565,0.2579242791107198,0.0959586176535329,0.15745762711864406,-0.032639225181598064,-0.05588597842835131
#26,0.1685560202509355,0.1065001100594321,-0.037739379264802995,-0.016117103235747304,0.06331499009465111,0.13421527624917456,1.0,0.15423288575830948,0.003603345806735637,0.13109399075500772,0.06262381686110499,0.04310367598503192,0.18666740039621396,0.4101915034118424,-0.03283072859344046,0.0027206691613471273,0.09986132511556241,0.0237640325775919,0.048890600924499227,0.059614791987673346,-0.08116662998018931,-0.07275148580233326,-0.13728153202729473,-0.2076271186440678,-0.12294739159145938,-0.24840633942328857,-0.03740479859123927,-0.11511116002641426,0.12918556020250935,0.13414263702399296,0.11802113141096192,-0.08305745102355272,0.20063614351749945,0.1273629760070438,-0.006975566806075281,0.18720669161347128,0.14182918776139114,0.21057230904688531,0.052425709883337,0.0487805414924059,-0.1251948051948052,0.12136693814659916,0.06620074840413824,0.09202949592780102,0.025665859564164648,-0.18448602245212414,0.09584415584415584,-0.15868368919216377,-0.12180717587497249,-0.25945410521681705,-0.2215430332379485,-0.3783072859344046,-0.19348448162007484,-0.10570107858243452,0.05061633281972265,-0.017880255337882456,-0.08802553378824565,-0.2075148580233326,-0.04731454985692274,0.008269865727492847,0.08605106757649131,0.14046004842615012,0.2858221439577372,0.14475236627779,-0.006143517499449703,-0.05863086066475897,0.38448162007484044,0.5113009024873432,0.21780761611270086,0.08060972925379704,0.38211314109619193,0.20686330618534007,0.3127668941228263,0.048545014307726175,0.14521901826986572,-0.04675104556460489,0.16062073519700637,0.16641646489104117,0.03303103675985032,0.08252696456086286,-0.1217213295179397,0.1495443539511336,0.32056350429231784,-0.1224323134492626,0.2026832489544354,0.13523002421307506,0.022322254017169273,-0.3330596522121946,0.11555800132071319,0.032817521461589255,-0.20360774818401936,0.03160906889720449,-0.0899867928681488,-0.07524983491085185,-0.04573409641206251,0.03488003521901827,-0.18487563284173453,0.06138234646709223,0.05137574290116663,-0.01846357032797711,-0.2777195685670262,0.06506713625357693,0.06500110059432093,0.12037200088047546,0.034384767774598285,0.1150627338762932,-0.022033898305084745,0.12159145938806956,0.1459652212194585,0.04045564604886639,0.08043143297380585
#49,0.611963460268545,0.2337640325775919,0.08510455646048866,0.11893022232005283,-0.018139995597622718,-0.05500110059432093,0.15423288575830948,1.0,0.3636781862205591,0.2491943649570768,0.19928901606867708,0.0663746423068457,0.2365727492846137,0.2048448162007484,0.001976667400396214,0.10502531366938146,0.17629980189302225,0.04175214615892582,0.23124807395993838,0.1791437376183139,0.20022232005282853,0.05880475456746643,-0.1737046004842615,-0.34720228923618757,-0.21573189522342065,-0.23327756988773937,-0.007473035439137134,-0.17859344045784722,0.06127448822364077,-0.2745432533568127,0.014941668500990535,-0.36410081443979747,-0.04629099713845477,-0.3273717807616113,-0.2239225181598063,-0.04950253136693815,-0.24033017829627998,-0.06352410301562844,-0.31990314769975786,-0.2752608408540612,-0.21203169711644287,-0.15305745102355273,-0.09316971164428792,-0.15898305084745762,-0.15364957076821484,-0.15775038520801232,-0.09215716486902928,-0.19751265683469074,-0.33245432533568126,-0.3483777239709443,0.04789346246973366,-0.15053709002861546,-0.23835571208452563,-0.21110279550957517,-0.024752366277790008,-0.08407660136473696,-0.15291657495047326,-0.22453885097952894,-0.08963020030816642,-0.18869909751265684,0.004512436715826546,0.22080123266563945,-0.07766894122826326,0.030101254677525863,0.13183579132731676,0.06654413383226943,0.003515298261060973,0.14925379705040723,0.4039401276689412,0.18471054369359455,0.36793088267664537,0.41144618093770635,0.21382566585956417,-0.0005194805194805195,0.02569887739379265,-0.09113801452784503,-0.04585296059872331,-0.2858067356372441,-0.14388069557561084,-0.11449702839533347,-0.16026194144838213,-0.10162447721769756,0.13093110279550957,0.16694034778780542,0.16913493286374642,0.318465771516619,-0.0563218137794409,0.08985031917235307,-0.10781642086726832,-0.13659476117103236,-0.2517213295179397,-0.047684349548756326,-0.08576931543033238,-0.21710543693594542,-0.1969205370900286,0.18214395773717806,-0.1629936165529386,0.08630640545894783,-0.18639225181598063,0.13573629760070438,-0.2694320933303984,-0.06407880255337882,-0.24404798591239268,-0.013253356812678847,0.027935285053929122,0.036326216156724635,-0.09632401496808277,0.1127360774818402,0.0846070878274268,-0.13892141756548537,-0.1269029275808937
#50,0.12579572969403477,-0.13531146819282414,-0.1430398415144178,-0.1160774818401937,0.16084525643847677,0.049535549196566143,0.003603345806735637,0.3636781862205591,1.0,-0.051534228483381024,0.015558001320713185,0.013618754127228704,0.030083645168390932,0.38497468633061854,0.04175434734756769,-0.08729473915914594,-0.07091789566365837,-0.09672903367818622,-0.039330838652872555,0.1050627338762932,0.2730002201188642,-0.12181818181818181,-0.013561523222540171,0.07243011226062074,-0.10070658155403918,0.08901826986572749,-0.16990975126568347,-0.21105657054809598,-0.04417785604226282,-0.27654853620955316,-0.2498745322474136,-0.3129716046665199,-0.1012458727712965,-0.4523992956196346,-0.3404468412942989,0.09608628659476118,-0.217178076161127,-0.0752674444199868,-0.21914813999559762,-0.1509289016068677,-0.21211314109619195,0.08517059211974466,-0.04009685230024213,-0.0004754567466431873,0.0023156504512436716,0.1653202729473916,-0.05033678186220559,-0.14046004842615012,-0.0387673343605547,-0.14425489764472815,-0.07633942328857583,-0.12636363636363637,-0.1148580233325996,-0.15176315210213515,-0.09132731675104556,-0.21020691173233547,0.024862425709883337,-0.017499449702839533,-0.044083204930662555,-0.14135593220338982,0.10792207792207792,0.15926700418225842,-0.03174554259300022,0.0945806735637244,-0.3882720669161347,-0.07631741140215717,0.14661016949152542,-0.007059211974466212,0.32768214836011444,0.23943209333039842,0.12587497248514198,0.1688597842835131,0.20494166850099055,0.15209112920977327,0.1633942328857583,0.2534932863746423,-0.0007395993836671802,-0.1790182698657275,0.14068677085626238,0.023092670041822583,0.1259718247853841,0.1297490644948272,0.07218137794408981,0.21184459608188422,0.24738718908210433,0.19418225841954656,0.13189082104336342,0.04246092890160687,0.25022892361875415,0.1662689852520361,-0.10800132071318512,0.08801672903367819,0.016416464891041163,-0.11799251595861765,-0.06114241690512877,0.09092229804094211,-0.1524851419766674,-0.03146379044684129,-0.19451683909311027,0.1076469293418446,-0.20406559542152763,-0.32279991195245433,-0.31895443539511337,-0.12508694695135372,-0.25486022452124146,-0.07930662557781201,-0.23918996257979308,0.23327756988773937,-0.07654853620955315,-0.009451904028175214,-0.06543033237948492
#51,0.37169051287695354,0.20087827426810478,0.5797314549856922,0.602920977327757,-0.044083204930662555,0.0486814880035219,0.13109399075500772,0.2491943649570768,-0.051534228483381024,1.0,0.29487783403037643,0.05608628659476117,0.13237508254457406,0.07160906889720449,0.009667620515078142,0.020970724191063175,0.701468192824125,0.5311622276029055,0.004844816200748404,-0.15606867708562625,-0.1421175434734757,-0.05498789346246973,-0.22742681047765795,-0.19902707462029495,0.2905524983491085,-0.09166189742460928,0.31086066475896984,0.2687497248514198,0.2890028615452344,0.03895443539511336,0.26881796169931765,-0.0653995157384988,0.12063394232885759,0.053451463790446845,0.08560202509355051,0.017140655954215277,0.0750561303103676,-0.13634382566585956,0.015348888399735857,-0.11579572969403477,-0.12767774598283071,0.10881576051067576,0.03380805635042923,-0.2536913933524103,-0.1249570768214836,-0.25557781201849,0.08101254677525864,0.049011666299801894,-0.20449482720669163,-0.15106537530266345,0.1460246533127889,0.07221879815100155,0.09840854061193044,0.0473893902707462,-0.05934844816200748,-0.06082104336341625,-0.2734844816200748,-0.5769755668060753,0.06371560642747083,0.06137574290116663,-0.12552938586836893,-0.08983050847457627,-0.22360994937266124,-0.1853863086066476,0.48282412502751487,0.32370019810697775,-0.06960158485582214,0.020178296279991195,0.07093330398415144,-0.17060972925379705,0.17956416464891042,0.16613691393352412,-0.4139753466872111,-0.11857803213735417,-0.28005062733876296,-0.177079022672243,-0.29358793748624257,-0.13674664318732116,-0.18156944750165088,-0.13912612810917896,0.02413383226942549,-0.23486682808716708,-0.176946951353731,-0.08863746423068457,-0.2801452784503632,0.005300462249614792,-0.15786924939467312,0.007052608408540612,-0.14434734756768655,-0.17057671142416905,-0.2397556680607528,-0.052791107197886857,-0.205214615892582,0.11020691173233546,0.0754655513977548,0.10290556900726393,0.1386352630420427,0.5003257759189963,0.4955954215276249,0.2515738498789346,0.07148580233325996,0.23154083204930662,0.2760246533127889,0.39522562183579135,0.44589038080563503,0.10620294959278011,0.16816861104996697,-0.10276469293418446,-0.010854061193044244,-0.06457406999779881,-0.007299141536429672
#52,0.3633414043583535,0.24639005062733876,0.27799911952454326,0.234356152322254,-0.08210433634162448,0.01844375963020031,0.06262381686110499,0.19928901606867708,0.015558001320713185,0.29487783403037643,1.0,0.02341844596081884,0.02799471714725952,0.12895883777239708,-0.019735857362976006,0.15739379264802994,0.35496808276469294,0.10895003301782963,0.020360994937266123,0.03843275368699098,-0.037963900506273386,0.07491745542593001,-0.1277459828307286,-0.10289896544133832,0.016128109178956636,0.06329297820823244,0.024941668500990534,0.05970944309927361,-0.024235086946951354,-0.07351749944970284,0.11497908870790227,-0.11726832489544355,0.007103235747303544,-0.11695355491965662,-0.08323574730354391,0.012491745542593,-0.06323574730354391,-0.02906009244992296,-0.09348888399735858,-0.014798591239269205,-0.2916090688972045,-0.07409200968523003,-0.028159806295399516,-0.04980189302223201,-0.049654413383226945,-0.14409200968523003,-0.06744001760950913,-0.036764252696456085,-0.15611490204710543,-0.06109619194364957,-0.09810037420206912,-0.017530266343825665,-0.0611071978868589,0.1479110719788686,-0.020904688531807176,-0.03161347127448822,-0.27378604446401056,-0.1931168831168831,-0.3822672243011226,-0.22927140655954215,-0.07439357252916574,0.05942328857583095,-0.24861104996698216,-0.08205150781421967,-0.0262887959498129,0.1858859784283513,0.010790226722430112,0.11524543253356813,0.22552718467972704,0.16971824785384107,0.13934404578472376,0.11075280651551837,0.037660136473695795,-0.04392912172573189,0.13319172353070657,0.044968082764692933,0.045811138014527845,-0.02240149680827647,0.022949592780101256,0.11085406119304424,-0.12411182038300682,-0.2533039841514418,-0.015091349328637465,-0.142920977327757,0.0035615232225401717,0.10576051067576492,-0.048879594981289895,-0.22528945630640546,-0.012227602905569008,-0.06769755668060753,-0.15951133612150561,-0.11142196786264583,-0.2900748404138235,-0.08959498128989654,-0.12482500550297161,0.15619854721549636,0.08073519700638344,0.15712744882236407,0.11085406119304424,0.14413603345806736,0.15675544794188861,0.04338102575390711,-0.1222672243011226,0.03577812018489985,0.14496147919876734,0.014364957076821484,0.01755227823024433,0.05627338762931983,0.020898084965881577,-0.22442218798151,-0.2764428791547436
#53,0.14611270085846356,0.11504732555580013,0.04158485582214396,0.05241470394012767,0.5450561303103676,0.04767994717147259,0.04310367598503192,0.0663746423068457,0.013618754127228704,0.05608628659476117,0.02341844596081884,1.0,0.36250055029716044,0.12198106977767995,-0.46909531146819283,-0.4322892361875413,0.05228263262161567,-0.02724191063174114,-0.3264406779661017,-0.045225621835791326,-0.39432093330398416,-0.47918115782522563,-0.11163768434954875,0.016227162667840633,-0.24474356152322255,-0.20606207351970063,0.22396654193264362,0.2143363416244772,0.2153907109839313,0.2869029275808937,0.45021351529826104,0.14265903587937487,0.2302707462029496,0.022617213295179395,0.3661082984811798,0.38217917675544794,0.3087277129650011,0.1901716927140656,0.3099427690953115,0.22409421087387188,0.07270746202949593,0.06541932643627558,0.33439797490644946,0.05191503411842395,-0.05022011886418666,0.05411402157164869,0.3709222980409421,0.3647105436935945,0.07117763592339864,0.028925819942769094,0.12886858903808057,-0.19264802993616553,-0.027435615232225402,-0.5138102575390711,-0.37470394012766894,-0.3200154083204931,-0.13228483381025755,-0.2272375082544574,-0.04043583535108959,0.07372220999339643,0.11927140655954216,0.1462161567246313,0.4355954215276249,0.40635923398635265,0.07215276249174554,-0.21456306405458947,-0.014221879815100154,-0.1449636803874092,-0.1711534228483381,-0.04660136473695796,-0.14382126348228044,0.20534448602245212,-0.016401056570548096,0.18040721989874534,-0.054175654853620955,0.18871450583314991,0.01399075500770416,0.03430332379484922,-0.14138234646709222,-0.05491965661457187,0.33591899625797933,0.3717873651771957,-0.10225841954655514,0.5986506713625358,0.6500088047545675,0.42832269425489766,0.3565199207572089,0.021296500110059433,0.36167950693374423,0.4106977767994717,0.3817059211974466,0.3312810917895664,0.11529165749504733,0.013700198106977767,-0.03488223640766014,-0.2750869469513537,-0.09588597842835131,0.19979969183359014,0.0031939247193484483,0.42050847457627116,0.15618754127228704,0.1509421087387189,0.2691481399955976,0.16610609729253797,0.0726964560862866,0.28983491085186003,0.17785604226282192,0.10852300242130751,0.21317631521021352,-0.15745102355271848,-0.03462909971384548
#54,0.23947171472595202,0.12039621395553599,0.02355051727933084,0.1427756988773938,0.1868082764692934,0.2920405018710103,0.18666740039621396,0.2365727492846137,0.030083645168390932,0.13237508254457406,0.02799471714725952,0.36250055029716044,1.0,0.20782302443319392,-0.25430112260620735,-0.18517279330838654,0.01705260840854061,0.14430772617213294,-0.1830728593440458,-0.161699317631521,-0.37026194144838215,-0.18613251155624036,0.023570327977107636,0.012865947611710324,-0.07486022452124147,-0.007807616112700858,-0.07978868589038081,-0.012172573189522341,0.41486242570988335,0.30849878934624697,0.021613471274488223,0.17508474576271185,0.15993176315210214,0.013689192163768436,-0.015837552278230246,0.4196566145718688,0.10696456086286595,0.23304424389170153,0.15079242791107197,0.11532467532467533,-0.03243011226062074,0.10876953554919656,0.2643099273607748,0.19180057230904687,0.06691393352410302,-0.002053709002861545,0.12432533568126788,0.019418886198547217,-0.044437596302003085,-0.08583755227823024,-0.036004842615012106,-0.15495927801012546,-0.1716883116883117,-0.14047325555800133,-0.11566365837552278,-0.05174334140435835,-0.16530926700418225,-0.08074840413823464,-0.18426370239929563,-0.0935791327316751,0.17445520581113802,0.24698877393792648,0.2706449482720669,0.16130970724191063,-0.024279110719788687,-0.07648470173893902,0.3489412282632622,0.03225621835791327,-0.06384547655734096,-0.13956196346026856,0.2152872551177636,0.0865397314549857,0.20987673343605548,0.14351529826106096,-0.043284173453664976,0.010209112920977328,0.15406559542152762,0.07805414924058991,-0.060741800572309046,0.21819062293638564,0.13670702179176755,0.38065595421527626,0.47130310367598505,0.302623816861105,0.3635681267884658,0.2598415144177856,0.3360972925379705,0.1050297160466652,0.18254237288135594,0.3920911292097733,0.2626084085406119,0.37159366057671145,0.027686550737398195,0.10091349328637464,-0.04768875192604006,-0.049115122165969624,-0.033189522342064716,0.2866960158485582,-0.01780541492405899,0.312623816861105,-0.0725445740699978,0.32691173233546117,-0.15635042923178516,0.1924851419766674,0.03607307946290997,0.27901386748844376,0.12211314109619194,0.17046665199207572,0.20860664758969844,-0.06686110499669821,-0.050264142637023994
#58,-0.04261941448382126,-0.07502531366938146,-0.10765793528505394,-0.1705150781421968,-0.011708122386088487,0.1803169711644288,0.4101915034118424,0.2048448162007484,0.38497468633061854,0.07160906889720449,0.12895883777239708,0.12198106977767995,0.20782302443319392,1.0,-0.08387409200968524,-0.13400176095091348,0.107376183138895,0.009181157825225621,-0.29513757429011667,-0.276583755227823,-0.07697556680607529,-0.39709883337001983,0.0012590799031476998,-0.23909751265683468,0.061815980629539954,-0.26078582434514636,0.1586022452124147,0.04046224961479199,-0.03663878494386969,-0.0410675764913053,0.03724191063174114,-0.00853400836451684,0.14862645828747523,-0.12249394673123487,-0.22655073739819503,0.27213735417125245,-0.13577151661897424,-0.16224301122606208,-0.03195245432533568,-0.10745762711864407,-0.313497688751926,0.08559762271626678,-0.017433414043583534,-0.13179616993176316,0.08775478758529606,-0.04693374422187981,0.15721329517939686,-0.09270305965221219,0.08301342725071538,-0.14376623376623376,0.10425930002201189,-0.17110939907550077,0.046535329077701956,-0.1368236847897865,-0.05282412502751486,-0.31788025533788244,0.12591679506933745,-0.375643847677746,0.09157605106757649,0.10321813779440898,0.29046445080343386,0.27409421087387187,0.20780981730134274,0.10276029055690072,-0.12978428351309707,-0.15135373101474797,0.4315210213515298,0.2627030596522122,0.021188641866607967,-0.04286594761171032,0.5036341624477217,0.14656174334140437,0.1462359674224081,-0.20937706361435174,-0.09432973805855162,-0.08920316971164428,0.08318291877613912,0.09193704600484262,0.17092670041822583,-0.17563724411182038,0.09749724851419767,-0.02856042262821924,0.12619414483821265,0.1661567246313009,0.2624719348448162,0.2711160026414264,0.13061633281972265,-0.03342725071538631,0.15956636583755227,0.2605591019150341,-0.1705414924058992,0.10963900506273387,0.006238168611049967,0.06725952014087608,0.012533568126788465,0.03790887079022672,-0.41360774818401935,0.3071274488223641,0.011270085846357032,0.2562425709883337,0.07907550077041603,0.14924939467312348,0.0063174114021571645,0.1421879815100154,0.10309707241910632,0.18305745102355273,0.10274488223640767,0.3469931763152102,-0.029445300462249614,0.11910851860004402,0.11607307946290997
#101,-0.19096412062513757,-0.12855602025093552,-0.04649130530486463,-0.0624389170151882,-0.40018049746863305,-0.045535989434294516,-0.03283072859344046,0.001976667400396214,0.04175434734756769,0.009667620515078142,-0.019735857362976006,-0.46909531146819283,-0.25430112260620735,-0.08387409200968524,1.0,0.6393440457847237,-0.23392692053709002,-0.11585736297600704,0.4563988553819062,0.24029495927801012,0.6194651111600264,0.3533480079242791,0.18289676425269646,-0.03421087387189082,0.08211534228483382,-0.028012326656394453,-0.4157561082984812,-0.39658155403918116,-0.3014769975786925,-0.28169711644287915,-0.42609509134932866,-0.20529385868368918,-0.31601584855822146,-0.12173893902707462,-0.2594739159145939,-0.3056812678846577,-0.12025753907109839,-0.10999779881135813,-0.0938234646709223,-0.33256658595641647,0.016266784063394234,-0.19947611710323573,0.06506493506493506,-0.16595641646489104,-0.3014505833149901,-0.16053268765133172,-0.5358089368258859,-0.47176975566806073,-0.3352278230244332,-0.2839423288575831,-0.38561963460268545,-0.0010345586616773057,-0.13079462909971384,0.21138454765573408,0.3994849218578032,0.1163878494386969,0.10570327977107638,0.12688751926040062,-0.2593792648029936,-0.40665859564164647,-0.10812898965441338,-0.15223640766013646,-0.12924719348448163,-0.011716927140655954,-0.1439489324235087,0.2110609729253797,0.04132071318511996,0.05202949592780101,0.4725005502971605,0.24039621395553598,0.23979969183359015,0.05859123926920537,0.02610169491525424,-0.25542152762491743,0.19660136473695797,-0.22037420206911731,-0.02502091129209773,-0.33495267444419985,0.13756548536209554,-0.06433414043583535,-0.10946290997138455,-0.22800572309046885,-0.0639291217257319,-0.3560928901606868,-0.4756174334140436,-0.5147303543913714,-0.552557781201849,0.16603565925599825,-0.23586396654193265,-0.37061853400836453,-0.4645366497908871,-0.42557340964120627,-0.2863680387409201,-0.3209355051727933,-0.25863306185340085,0.17052828527404798,-0.10909971384547655,-0.38791987673343603,-0.2729650011005943,-0.385313669381466,-0.33223640766013646,-0.3300594320933304,-0.19862645828747524,-0.40826106097292536,-0.15385208012326657,-0.5584877834030376,-0.3125115562403698,-0.03886418666079683,0.04571648690292758,0.1212194585075941,-0.04191503411842395
#102,0.09686990975126568,0.13378164208672683,0.263251155624037,0.17293638564825006,-0.300957517059212,-0.029581774158045346,0.0027206691613471273,0.10502531366938146,-0.08729473915914594,0.020970724191063175,0.15739379264802994,-0.4322892361875413,-0.18517279330838654,-0.13400176095091348,0.6393440457847237,1.0,-0.06606867708562623,0.08364736957957297,0.5218996257979309,0.445049526744442,0.29334580673563726,0.6045740699977988,-0.08579793088267665,-0.22012326656394454,-0.058661677305745105,-0.004052388289676425,-0.46730794629099714,-0.33023552718467974,-0.267772397094431,-0.09828087167070218,-0.4348206031256879,-0.2084635703279771,-0.2776799471714726,0.0161831388950033,-0.18714946070878274,-0.2455491965661457,-0.12343165309267004,0.05105436935945411,-0.2819216376843495,-0.25058111380145276,-0.10392471934844816,-0.1423728813559322,0.018415144177856044,-0.20402377283733217,-0.37880475456746643,-0.22389390270746204,-0.5040193704600484,-0.4609024873431653,-0.4121175434734757,-0.27484921857803213,-0.49060972925379703,-0.03226502311248074,-0.39983931322914373,0.1714175654853621,0.19697776799471714,0.18741140215716487,-0.22373541712524764,0.15325775918996257,-0.36634382566585955,-0.46045124367158263,-0.13682148360114463,-0.13056350429231786,-0.26762491745542594,-0.040072639225181596,0.07056570548095972,0.3421769755668061,-0.051452784503631964,0.2139357252916575,0.5131983270966322,0.5538542813119084,0.3926216156724631,0.2506207351970064,0.31650011005943207,0.00785824345146379,0.30927801012546774,-0.006621175434734757,0.18413823464670923,-0.1583182918776139,-0.17385868368919216,0.140726392251816,-0.30165529385868367,-0.33970504072198987,-0.14141316310807836,-0.286880915694475,-0.2096302003081664,-0.3156504512436716,-0.5248756328417346,0.10223200528285274,-0.37590799031476996,-0.4615298261060973,-0.40244111820383005,-0.46464450803433854,-0.27196786264582873,-0.33196125907990315,-0.32236847897864845,0.1334008364516839,0.05351089588377724,-0.33656834690732995,-0.2157891261281092,-0.32429672022892364,-0.31810697776799474,-0.24958617653532908,-0.07710103455866167,-0.31051067576491304,0.0687541272287035,-0.45812678846577154,-0.20452344265903588,0.015819942769095312,0.0926832489544354,-0.00972705260840854,-0.18684569667620515
#201,0.4076425269645609,0.25441338322694257,0.6843297380585516,0.560939907550077,0.07724191063174114,0.19462029495927802,0.09986132511556241,0.17629980189302225,-0.07091789566365837,0.701468192824125,0.35496808276469294,0.05228263262161567,0.01705260840854061,0.107376183138895,-0.23392692053709002,-0.06606867708562623,1.0,0.5956328417345367,-0.0937310147479639,-0.2002377283733216,-0.2652652432313449,-0.115115562403698,-0.0550231124807396,-0.08072419106317412,0.35353070658155406,0.15852740479859123,0.30430992736077483,0.31850979528945633,0.27281972265023113,0.03823464670922298,0.35306845696676203,-0.03899405679066696,0.18923618754127228,-0.0174290116662998,0.11597622716266784,0.05838872991415364,0.13105216817081225,-0.21163768434954874,0.033775038520801236,0.0747259520140876,-0.11796610169491525,-0.06637244111820383,0.09399075500770417,-0.18422187981510016,0.08613251155624037,-0.17176315210213516,0.15223200528285274,0.08690512876953554,-0.053779440898084965,-0.10683248954435395,0.05337442218798151,-0.03348448162007484,0.0662755888179617,0.092425709883337,-0.06096191943649571,-0.12047765793528506,-0.3156922738278671,-0.49751265683469076,0.09816420867268325,0.11458727712965001,-0.14053268765133173,-0.1125379705040722,-0.316304204270306,-0.1786880915694475,0.36808716707021794,0.2531058771736738,-0.15950473255558,-0.012284833810257538,0.03864626898525204,-0.11181598062953996,0.0936649790887079,0.1286946951353731,-0.3487739379264803,-0.040354391371340524,-0.27138234646709225,-0.10528285274047985,-0.27430332379484923,-0.08449042482940788,-0.16292978208232445,0.009918556020250935,0.04095311468192824,-0.2157935285053929,-0.23415804534448603,-0.06348228043143297,-0.20266563944530047,0.17011446180937706,-0.04424389170151882,0.003642967202289236,-0.09933083865287255,-0.07397094430992736,-0.021956856702619414,0.025034118423948933,-0.15424169051287695,0.082623816861105,0.00572969403477878,0.177475236627779,0.30751045564604884,0.4948778340303764,0.5190644948272067,0.32723530706581555,0.1808826766453885,0.3495179396874312,0.2475346687211094,0.3913581333920317,0.3693990755007704,0.2763218137794409,0.20201848998459168,-0.07097732775698877,-0.05451683909311028,-0.14531587057010786,-0.04698657274928461
