,#10,#11,#12,#13,#17,#18,#26,#49,#50,#51,#52,#53,#54,#58,#101,#102,#201,#202,#301,#302,#401,#402,#501,#502,#601,#602,#701,#702,#801,#802,#901,#902,#1001,#1002,#1101,#1102,#1201,#1202,#1301,#1302,#1401,#1402,#1501,#1502,#1601,#1602,#1701,#1702,#1801,#1802,#1901,#1902,#2001,#2002,#2101,#2102,#2201,#2202,#2301,#2302,#2401,#2402,#2501,#2502,#2601,#2602,#2701,#2702,#2801,#2802,#2901,#2902,#3001,#3002,#3101,#3102,#3201,#3202,#3301,#3302,#3401,#3402,#3455,#3501,#3502,#3601,#3602,#3701,#3702,#3801,#3802,#3901,#3902,#4001,#4002,#4101,#4102,#4201,#4202,#4301,#4302,#4401,#4402,#4501,#4502,#4601,#4602,#4701,#4702,#4801,#4802
#10,1.0,0.4682632621615673,0.6311446180937706,0.40030816640986133,0.48061193044243894,0.23320052828527404,0.419603786044464,0.5990248734316531,0.31472815320272945,0.4750759410081444,0.5341206251375743,0.3213141096191944,0.33598062953995156,0.19776359233986351,-0.43303543913713405,-0.30025313669381465,0.20513537310147478,0.48583975346687214,-0.215610829848118,-0.251963460268545,-0.2673563724411182,-0.13796610169491524,-0.02412722870349989,-0.03697996918335902,-0.0028263262161567246,-0.11090688972044904,0.03976667400396214,0.10841514417785604,-0.03011005943209333,0.04954215276249174,0.20138674884437596,0.30558441558441557,0.48750385208012326,0.03069337442218798,-0.07441118203830069,0.2315694475016509,-0.14458067356372442,0.15398415144177857,-0.1252542372881356,0.17580893682588597,0.0726634382566586,0.18937046004842614,-0.1853202729473916,0.17185119964780982,0.012500550297160467,0.2361831388950033,0.10279771076381246,0.14441998679286816,0.0021351529826106096,0.02856042262821924,0.010983931322914373,-0.09427030596522122,0.14036539731454986,0.2035197006383447,-0.15994937266123707,-0.05987012987012987,-0.272722870349989,-0.43204050187101034,0.029476117103235746,-0.02733876293198327,-0.3708760730794629,-0.014428791547435616,-0.26467092229804096,-0.27506493506493507,0.2690578912612811,0.041060972925379705,-0.08356812678846577,-0.11065375302663438,-0.08892361875412723,-0.1781201848998459,0.05463130090248734,0.07020691173233547,-0.12114902047105437,0.09727492846136913,-0.4696103896103896,-0.18506493506493507,-0.2037640325775919,-0.061362535769315434,-0.165049526744442,0.11432313449262602,0.25430112260620735,0.24218578032137353,0.031237068016729035,0.03645828747523663,0.20668500990534888,-0.06709883337001982,0.07861765353290777,0.2264935064935065,0.10000220118864186,0.077574290116663,0.1649966982170372,0.1355580013207132,0.16544794188861986,-0.029517939687431213,0.035130970724191066,0.15255337882456527,0.1392163768434955,0.24923618754127227,0.25445740699977987,0.15181598062953996,0.2483645168390931,0.1447391591459388,0.30974025974025976,0.17558001320713185,0.2224191063174114,0.28959278010125467,0.24726612370680168,-0.29945630640545895,-0.327409200968523,-0.05929341844596082,-0.049498128989654416
#11,0.4682632621615673,1.0,0.5056636583755227,0.2660444640105657,0.28424169051287695,0.0287541272287035,0.3620427030596522,0.3731278890600925,0.18185119964780982,0.3278406339423289,0.3231763152102135,0.08197006383447061,0.09414924058991855,0.1249900946511116,-0.2836451683909311,-0.18856702619414484,0.10867048206031257,0.36160686770856265,-0.2980211314109619,0.02132951793968743,-0.23506493506493506,0.11173453664979088,-0.06550957517059212,0.016900726392251816,-0.07139995597622716,-0.2191239269205371,0.044921857803213734,0.1403874092009685,0.03609949372661237,0.025522782302443318,0.16704380365397314,0.10452124147039402,0.3167730574510236,-0.030605326876513315,-0.09113581333920318,0.27472375082544576,-0.01722870349988994,0.03735857362976007,0.049975786924939467,0.20012546775258638,-0.008725511776359234,0.1894122826326216,-0.07623816861104997,0.1010609729253797,-0.001857803213735417,0.13289676425269645,0.1397050407219899,0.06385868368919216,0.04524323134492626,-0.05646268985252036,0.11317631521021351,0.06847897864847018,0.13617873651771956,0.04815980629539952,-0.04502751485802333,-0.03864626898525204,-0.3288311688311688,-0.29019590578912613,0.016077481840193704,0.06497248514197666,-0.3475764913053049,-0.12627779000660358,-0.17303764032577593,-0.22242130750605327,0.26666079683028837,0.17460708782742682,-0.0337904468412943,-0.04430772617213295,0.04242130750605327,-0.12586176535329077,0.21320052828527405,0.058899405679066694,-0.011807175874972485,0.47183579132731673,-0.3039423288575831,0.052648029936165526,-0.1763614351749945,-0.1430398415144178,-0.08283513097072419,0.1535329077701959,0.009515738498789346,0.22536209553158706,0.05164648910411622,-0.1617279330838653,0.09402597402597403,-0.18055249834910853,0.0137706361435175,0.2175214615892582,-0.03096632181377944,0.30752366277790005,0.10503852080123266,0.11678186220559102,-0.048666079683028836,-0.1187277129650011,-0.037607307946290996,0.23047105436935944,0.0749966982170372,0.13971384547655735,0.0827823024433194,0.03801232665639445,0.19440898084965882,0.1434206471494607,0.2820823244552058,0.2793770636143518,0.08058991855602025,0.19041162227602906,-0.08993616552938587,-0.3199207572088928,-0.0813713405238829,-0.07111600264142637,-0.1573959938366718
#12,0.6311446180937706,0.5056636583755227,1.0,0.5241844596081884,0.21283953334800793,0.19667620515078144,0.5546246973365617,0.41318952234206474,0.1687277129650011,0.614389170151882,0.6560532687651331,0.16536649790887079,0.22817301342725071,0.33206691613471273,-0.5489258199427691,-0.3441404358353511,0.3866057671142417,0.6542438917015189,-0.30287034998899404,-0.36815320272947394,-0.2974950473255558,-0.1560378604446401,-0.06893462469733656,-0.050096852300242134,-0.01163548316090689,-0.034734756768655076,0.05765353290777019,0.06035659255998239,0.17868368919216376,0.2122011886418666,0.5010741800572309,0.1995245432533568,0.5373079462909971,-0.04169491525423729,-0.0012810917895663659,0.28955976227162666,-0.048886198547215494,0.17142857142857143,-0.05709883337001981,0.17686330618534007,0.1016949152542373,0.27186660796830286,-0.11057891261281091,0.1891041162227603,-0.03787145058331499,-0.013519700638344706,0.3118732115342285,0.12051948051948053,-0.009172353070658156,-0.08529605987233106,0.14655293858683688,0.09917015188201629,0.2746929341844596,0.23484701738939026,0.003913713405238829,0.0009046885318071758,-0.2242593000220119,-0.28240369799691833,-0.03197006383447062,-0.05800132071318512,-0.23028615452344267,-0.020250935505172794,-0.3879969183359014,-0.44475236627779,0.2303896103896104,0.19853841074180056,-0.150033017829628,-0.27246973365617433,0.004301122606207352,-0.1121813779440898,0.22782082324455205,0.20129650011005942,-0.05500110059432093,0.25185560202509355,-0.3041448382126348,-0.008155403918115783,-0.10472154963680387,0.02982390490865067,-0.13505833149900948,0.12299581774158046,0.17491305304864627,0.1385824345146379,0.018426150121065375,-0.09300242130750605,0.07594320933303984,0.09309707241910632,0.097244111820383,0.18320052828527406,0.0949966982170372,0.11347787805414924,0.13167730574510236,0.1223068456966762,0.005694475016508915,-0.025296059872331057,-0.06491965661457187,0.33832709663218136,0.1274025974025974,0.4635417125247634,0.34099493726612373,0.24604006163328196,0.35641206251375745,0.3370966321813779,0.4453378824565265,0.2973585736297601,0.17646268985252037,0.4011996478098173,0.21584415584415584,-0.12213295179396874,-0.23069337442218799,-0.12149460708782743,-0.08921857803213736
#13,0.40030816640986133,0.2660444640105657,0.5241844596081884,1.0,0.34032137354171255,0.34632621615672465,0.19491305304864626,0.3324653312788906,0.19291877613911512,0.42857362976007046,0.36327316751045563,0.2728725511776359,0.3156922738278671,0.36602025093550516,-0.15819722650231124,-0.14154963680387408,0.3654963680387409,0.3794871230464451,-0.12455646048866388,-0.4569623596742241,-0.3860708782742681,-0.23481399955976226,-0.0863218137794409,0.05325775918996258,0.26895663658375524,0.11146599163548317,0.075115562403698,-0.047345366497908874,0.3053026634382567,0.27494166850099055,0.19269425489764472,0.20795069337442218,0.3493110279550958,0.24612810917895664,0.06790887079022673,0.349570768214836,0.2572088928021131,0.4190182698657275,0.2319040281752146,0.3034294519040282,0.10593880695575611,0.19474796390050628,0.001661897424609289,0.0839687431212855,0.2521043363416245,0.1062425709883337,0.025954215276249176,0.1851353731014748,-0.005912392692053709,-0.21223860884877835,0.07964780981730134,-0.17302883557120846,-0.016504512436715826,-0.045329077701959056,0.1812194585075941,-0.0074818401937046,-0.24262161567246313,-0.30324675324675326,-0.09293858683689192,-0.023182918776139115,-0.3030904688531807,-0.09689192163768436,-0.048476777459828306,-0.10880035219018269,-0.03108518600044024,-0.08592780101254678,0.006335020911292098,-0.025542593000220118,-0.10495047325555801,-0.13059432093330398,0.018855381906229363,-0.058771736737838434,-0.15058991855602025,0.08184679727052609,-0.26625357693154306,-0.2881201848998459,-0.2453312788906009,-0.29393352410301565,0.1547919876733436,0.2216685009905349,0.11889940567906669,0.36142196786264585,-0.1898217037200088,0.04964120625137574,0.11239049086506714,-0.05494827206691613,-0.10799031476997578,0.20957957296940347,0.29553378824565263,0.03415144177856042,0.2522430112260621,0.20782522562183578,0.04556900726392252,-0.2554369359454105,-0.14006823684789788,-0.03668500990534889,-0.04675544794188862,0.2741712524763372,0.13861325115562403,0.19180057230904687,0.2140611930442439,0.23801452784503632,0.41978648470173896,0.13152762491745543,0.1837904468412943,0.1799273607748184,0.12033017829628,-0.1756416464891041,0.012786704820603127,-0.21406339423288576,-0.18530926700418227
#17,0.48061193044243894,0.28424169051287695,0.21283953334800793,0.34032137354171255,1.0,0.4498437156064275,0.13851199647809817,0.4138080563504292,0.07327536869909751,0.18532247413603345,0.17544353951133612,0.4960136473695796,0.3594629099713845,0.4057142857142857,-0.26854061193044243,-0.28749284613691395,0.14275588817961699,0.1700792427911072,-0.24633281972265023,-0.24655734096412063,-0.3159762271626678,-0.21635263042042702,0.18401937046004843,-0.0014858023332599605,0.015390710983931324,-0.14692493946731236,-0.17629980189302225,0.19417565485362095,0.09604446401056571,0.13591019150341185,0.03020911292097733,0.26333039841514416,0.32510455646048864,0.14912612810917897,0.028219238388729913,0.3807506053268765,0.015905789126128108,0.1441338322694255,0.12824125027514857,0.19384767774598283,0.25731454985692276,0.20245432533568128,-0.06542813119084305,0.2613801452784504,0.2586418666079683,0.34676645388509797,-0.13631961259079903,0.18409641206251376,-0.10807616112700859,-0.1176535329077702,-0.26108298481179837,-0.3225775918996258,-0.18022672243011226,-0.09671142416905129,-0.2569755668060753,-0.1116685009905349,-0.299570768214836,-0.3717279330838653,-0.12152982610609729,-0.10618754127228704,-0.42074840413823467,-0.2929848117983711,0.002425709883337002,-0.05690292758089368,0.10787585296059872,0.12800352190182698,0.23835791327316752,0.07786704820603126,-0.3161435174994497,-0.10447281532027294,-0.10381245872771297,-0.258366718027735,-0.13557781201848998,-0.013167510455646049,-0.2465397314549857,-0.24167290336781863,-0.24845916795069337,-0.20509134932863746,0.06463130090248734,0.1784965881576051,0.44422187981510014,0.6331212854941668,-0.10220559101915035,0.3035130970724191,0.4041976667400396,-0.11053929121725732,-0.004820603125687871,0.2877591899625798,0.3090556900726392,0.25369359454105217,0.5334866828087167,0.300198106977768,0.4017213295179397,-0.12795949812898966,-0.13134272507153863,0.023988553819062293,0.05081003742020691,0.17436715826546334,0.05475676865507374,-0.022509355051727933,0.09975126568346908,0.13335020911292098,0.24259520140876073,0.025188201628879595,0.14564604886638785,0.0212788906009245,0.08888399735857364,-0.4355580013207132,-0.22348448162007484,-0.1860708782742681,-0.183284173453665
#18,0.23320052828527404,0.0287541272287035,0.19667620515078144,0.34632621615672465,0.4498437156064275,1.0,-0.00974686330618534,0.164818401937046,-0.00224521241470394,0.15311027955095752,0.18327536869909752,0.5190799031476998,0.5591987673343606,0.5369843715606427,-0.38137354171252474,-0.41613471274488223,0.3464208672683249,0.18342945190402818,-0.17354391371340525,-0.23080783623156503,-0.3201562843935725,-0.48188201628879596,0.100132071318512,-0.01652872551177636,-0.01744441998679287,0.06528725511776359,-0.16039181157825225,0.07627779000660356,0.35281752146158923,0.4347985912392692,0.15905569007263923,0.26507373981950255,0.3316927140655954,0.22598943429451904,0.035091349328637465,0.3847061413163108,0.18863086066475898,0.14869029275808937,0.2498151001540832,0.016863306185340085,0.300510675764913,0.34751705921197446,-0.02018710103455866,0.2374686330618534,0.2968236847897865,0.08803433854281312,-0.00137574290116663,0.19013647369579573,-0.14952894563064054,-0.14674003962139556,-0.166979969183359,-0.11453444860224521,-0.29538850979528947,-0.11793308386528725,-0.08722650231124808,-0.16145498569227382,-0.10872991415364297,-0.07669821703720009,-0.10165089148139995,-0.2092692053709003,-0.11334360554699538,-0.2639247193484482,-0.06434294519040282,-0.14237508254457407,-0.1097094430992736,0.09206031256878715,0.32641206251375743,-0.15467092229804094,-0.2909619194364957,-0.14921197446621176,0.044162447721769756,-0.05965441338322694,-0.20134052388289678,-0.011536429672022893,0.0936253576931543,-0.19948272066916134,-0.01774818401937046,-0.07562183579132732,-0.06715826546335021,0.29657935285053927,0.30896764252696457,0.508084965881576,-0.3182280431432974,0.14637023992956197,0.4087563284173454,0.031672903367818625,0.014096412062513757,0.282095531587057,0.37438036539731456,0.1638696896324015,0.355841954655514,0.30803433854281315,0.4389808496588158,-0.11322914373761832,-0.09532907770195906,0.004959278010125467,0.11881576051067576,0.19453664979088708,0.06214175654853621,-0.0916090688972045,0.10054149240589919,0.42089368258859783,0.3195443539511336,-0.05683909311027955,-0.09708782742681048,-0.04820823244552058,0.14378164208672684,-0.0907770195905789,0.11350209112920977,-0.2784503631961259,-0.24947611710323575
#26,0.419603786044464,0.3620427030596522,0.5546246973365617,0.19491305304864626,0.13851199647809817,-0.00974686330618534,1.0,0.3826260180497469,-0.01197886858903808,0.4829187761391151,0.4299603786044464,0.17955976227162668,0.13049086506713625,0.15577812018489984,-0.34288135593220337,-0.15648470173893902,0.22337662337662337,0.5084437596302003,-0.2977481840193705,-0.20939027074620295,-0.11815980629539952,-0.2041646489104116,-0.08402377283733216,-0.10994937266123707,0.11309487123046445,-0.1477195685670262,0.035315870570107856,-0.013618754127228704,-0.11139555359894343,-0.07604006163328197,0.25829627999119525,0.038895003301782964,0.2669447501650892,-0.19882236407660137,-0.14299801893022232,0.03734536649790887,-0.10016729033678186,-0.059845916795069336,-0.08337882456526524,0.09122386088487783,-0.14722209993396435,-0.0723398635263042,-0.13518600044023774,0.004981289896544134,0.007913273167510455,0.05450143077261722,0.21510455646048868,0.025500770416024655,-0.11186220559101916,-0.20397314549856924,0.004505833149900947,0.0725775918996258,0.17877834030376402,0.17080343385428132,-0.06085626238168611,0.09642747083425049,-0.11578472375082545,-0.09850099053488884,0.12129650011005944,0.0958331499009465,-0.18153642967202288,0.2246599163548316,-0.4797710763812459,-0.3836187541272287,0.09250715386308607,0.145148580233326,-0.2646973365617433,-0.2298151001540832,0.07894783182918776,0.09956856702619414,0.2684613691393352,0.24710763812458728,0.22679286814880034,0.1188928021131411,-0.06558661677305745,0.27970724191063173,0.20364076601364736,0.2857935285053929,-0.06951133612150562,-0.036315210213515296,0.06357473035439137,0.003345806735637244,0.035850759410081444,0.1338564825005503,0.18383447061413163,0.05741800572309047,0.07043583535108959,-0.05076601364736958,-0.1555095751705921,0.04124807395993837,-0.14664318732115342,0.1253004622496148,-0.045047325555800134,0.003226942548976447,-0.05863086066475897,0.3584107418005723,0.0010015408320493066,0.34517939687431215,0.20248954435395114,0.06798591239269205,0.06738498789346246,0.26437376183138894,0.1065001100594321,0.21201188641866608,0.03545014307726172,0.12719348448162007,-0.014268104776579353,-0.07155844155844156,-0.04933524103015628,-0.06926920537090028,-0.024186660796830288
#49,0.5990248734316531,0.3731278890600925,0.41318952234206474,0.3324653312788906,0.4138080563504292,0.164818401937046,0.3826260180497469,1.0,0.3955800132071319,0.3132973805855162,0.22344926260180498,0.2987519260400616,0.35503411842394894,0.13331719128329297,-0.22949592780101255,-0.28119084305524983,0.12383226942548976,0.2550231124807396,-0.2532137354171253,-0.28292978208232444,-0.08109619194364957,-0.21543253356812678,0.016962359674224083,-0.056037860444640104,0.08351970063834471,-0.28002861545234425,0.28747963900506274,0.10304864626898526,-0.22166409861325115,-0.2177327756988774,0.07540171692714065,0.1650759410081444,0.44465111160026416,0.058600044023772835,-0.1269667620515078,0.07296940347787806,-0.06562843935725292,0.06980629539951574,0.09101694915254237,0.19053048646268986,-0.02464450803433854,-0.13703720008804754,-0.15264142637023992,-0.11568126788465771,0.14979749064494827,0.14607968302883556,0.14349328637464231,0.067178076161127,0.1641140215716487,0.13442438917015187,0.21224301122606207,-0.20368038740920097,0.304274708342505,-0.09152762491745542,-0.003462469733656174,-0.09702179176755447,-0.14173453664979088,-0.297277129650011,0.023130090248734317,0.2112590799031477,-0.34344926260180497,-0.14949812898965442,-0.17354391371340525,-0.16861325115562403,0.12815320272947392,0.04832489544353951,0.04397094430992736,-0.05649570768214836,-0.03909971384547656,-0.2525159586176535,0.1099801893022232,-0.08914153642967203,0.06188641866607968,0.11670922298040942,-0.10178296279991195,-0.027726172132951792,-0.06449482720669161,-0.09619414483821263,-0.053579132731675104,-0.03442879154743562,0.18983050847457628,0.1196830288355712,0.20442438917015188,0.13391151221659697,0.25156724631300903,-0.12779000660356593,-0.07291877613911513,0.0024961479198767336,-0.1282610609729254,0.0017235307065815541,0.095181598062954,0.18451243671582654,0.23036539731454986,-0.26554039181157824,-0.11600924499229584,0.08300682368478979,-0.03843935725291658,0.26890380805635045,0.2374025974025974,0.1737244111820383,0.11513757429011666,0.05784283513097072,0.163053048646269,0.24730794629099714,0.36397754787585296,0.33111820383006824,0.2659542152762492,-0.30190843055249833,-0.22471274488223641,-0.24204710543693594,-0.18486682808716706
#50,0.31472815320272945,0.18185119964780982,0.1687277129650011,0.19291877613911512,0.07327536869909751,-0.00224521241470394,-0.01197886858903808,0.3955800132071319,1.0,0.23166850099053488,0.007413603345806736,-0.18577371780761612,-0.13901606867708563,-0.09676645388509796,0.04090248734316531,0.05845476557340964,-0.012066916134712745,0.052619414483821264,0.13211093990755007,-0.05071318511996478,-0.04375963020030817,0.13124147039401277,0.13204930662557782,0.18161127008584635,0.0872639225181598,0.12981950253136693,0.2535417125247634,-0.0950429231785164,-0.297475236627779,-0.3218335901386749,0.01759850319172353,-0.06090468853180717,0.18486242570988334,0.12200088047545675,-0.13828967642526965,0.013292978208232446,-0.11070878274268105,0.12391811578252256,-0.06096191943649571,0.08486022452124146,-0.026944750165089147,-0.1826436275588818,-0.0024103015628439356,-0.03297600704380366,-0.1412062513757429,0.20012326656394452,-0.10390710983931323,-0.03653532907770196,0.03633942328857583,0.15202949592780102,0.10452124147039402,-0.23496588157605106,0.3187937486242571,-0.17670922298040942,0.01740479859123927,-0.21146819282412502,-0.027955095751705922,-0.04744001760950913,0.11020691173233546,0.27538190622936387,-0.1257935285053929,-0.10265903587937486,-0.12152762491745543,0.0015518379925159587,0.15810037420206913,-0.04286814880035219,-0.11639005062733876,0.1837376183138895,0.15485362095531588,-0.08645388509795289,-0.024800792427911073,0.13904908650671363,-0.025296059872331057,-0.22242350869469513,-0.08269205370900286,0.06459388069557562,-0.2036055469953775,-0.0575280651551838,-0.029887739379264804,0.0007660136473695796,-0.17566365837552278,-0.16613251155624037,0.13160466651992075,-0.10779220779220779,-0.19190622936385648,-0.19186000440237727,-0.16266784063394232,-0.18942548976447282,-0.2478582434514638,-0.225808936825886,-0.08906009244992295,-0.1755249834910852,0.07106317411402158,-0.27401276689412285,-0.09923618754127228,0.0437904468412943,0.022058111380145278,0.00737838432753687,0.10513757429011666,0.15955315870570108,-0.04999559762271627,-0.11444860224521242,-0.048815760510675765,0.11357473035439138,0.10343605546995377,0.16220999339643408,0.07707241910631742,-0.2660576711424169,-0.20694475016508915,-0.1509641206251376,0.007561082984811798
#51,0.4750759410081444,0.3278406339423289,0.614389170151882,0.42857362976007046,0.18532247413603345,0.15311027955095752,0.4829187761391151,0.3132973805855162,0.23166850099053488,1.0,0.48461149020471056,0.13792427911071978,0.17654193264362755,0.1337706361435175,-0.3014836011446181,-0.12848558221439577,0.6460026414263702,0.44160026414263703,-0.1351221659696236,-0.2562557781201849,-0.12290116662998019,-0.030647149460708782,0.20767114241690512,-0.06221879815100154,0.26876293198327095,-0.027765793528505393,0.21762931983270967,0.006504512436715826,0.20377944089808497,0.1533480079242791,0.30273167510455645,-0.016784063394232884,0.4654567466431873,-0.05044904248294079,-0.15459167950693375,0.3508166409861325,0.04528725511776359,0.224983491085186,-0.13926480299361654,0.21405018710103457,0.04447501650891481,0.15631300902487344,-0.05391811578252256,0.21669601584855822,0.014615892581994278,0.18576931543033237,0.20127448822364077,0.11227823024433194,-0.11546335020911293,-0.14606427470834252,0.17285934404578474,0.005918996257979309,0.35228483381025755,0.19090909090909092,0.024325335681267886,0.11987893462469734,-0.10792427911071979,-0.04489984591679507,-0.14048646268985251,1.981069777679947e-05,-0.1823662777900066,-0.0174356152322254,-0.2920360994937266,-0.24535769315430334,0.27826986572749285,0.23622055910191503,-0.28007484041382347,-0.17428131190843055,0.03826106097292538,-0.07677966101694915,0.11523002421307506,0.2201254677525864,0.08378164208672684,-0.03144838212634823,-0.18429231785163988,-0.00674224081003742,-0.009810697776799472,0.04009685230024213,0.2307968302883557,0.13029275808936827,0.05155844155844156,0.14519700638344707,0.00539951573849879,-0.09658155403918116,0.025135373101474796,-0.09811578252256219,-0.03313449262601805,0.2064142637023993,0.09673563724411183,-0.028736517719568568,0.09323794849218578,0.09152542372881356,-0.010847457627118645,-0.11699537750385208,-0.14289676425269646,0.4440083645168391,-0.022533568126788465,0.38257539071098395,-0.019944970283953336,0.48540391811578254,0.2619106317411402,0.33546114902047103,0.1607704160246533,0.13637023992956196,0.08356812678846577,0.27304644508034337,0.1833744221879815,-0.1516354831609069,-0.026456086286594762,-0.21314109619194366,-0.1274488223640766
#52,0.5341206251375743,0.3231763152102135,0.6560532687651331,0.36327316751045563,0.17544353951133612,0.18327536869909752,0.4299603786044464,0.22344926260180498,0.007413603345806736,0.48461149020471056,1.0,0.22367378384327538,0.1765441338322694,0.19211974466211754,-0.3542725071538631,-0.29948492185780323,0.20935064935064934,0.45794188861985474,-0.2169095311468193,-0.3760950913493286,-0.0987409200968523,-0.23189302223200528,-0.08503191723530706,-0.18489984591679506,0.01928461369139335,-0.16991635483160908,-0.10354611490204711,0.02666519920757209,0.051016949152542374,0.06493286374642307,0.29294298921417566,0.18999119524543254,0.30914593880695573,-0.1489852520360995,-0.12805635042923177,0.2421109399075501,-0.17961919436495707,0.024475016508914815,-0.36570768214836014,-0.18494166850099053,0.023273167510455647,0.19167070217917676,-0.14817081223860884,0.14314769975786926,-0.14458287475236628,-0.0699933964340744,0.2225511776359234,0.14092009685230025,0.03293418445960819,0.022254017169271407,0.16394012766894123,-0.04303764032577592,0.12195685670261941,0.0985890380805635,-0.24007704160246532,-0.14586836891921637,-0.16677745982830727,-0.3732379484921858,-0.052256218357913276,-0.20142416905128768,-0.07564825005502972,0.13155183799251596,-0.31917895663658374,-0.344851419766674,0.1352740479859124,-0.02778780541492406,-0.13873211534228483,-0.2305084745762712,-0.1859388069557561,-0.23734096412062514,0.12890160686770857,0.0913383226942549,-0.0899207572088928,-0.013193924719348448,-0.3632225401716927,-0.06275148580233327,0.020268545014307728,0.14508254457407,-0.13158485582214396,-0.1026832489544354,0.1686880915694475,0.16161567246313008,-0.011523222540171693,-0.20968743121285494,0.08449482720669162,0.26064714946070877,0.3531961259079903,0.17550297160466652,-0.04311908430552498,-0.09614791987673343,0.12073519700638345,0.10474356152322253,-0.04337882456526524,0.15843275368699097,0.14350209112920978,0.11676645388509796,0.045012106537530266,0.29377944089808494,0.06445300462249615,0.2295509575170592,0.20954215276249175,0.11662337662337663,0.3358639665419326,0.22527845036319613,0.0736319612590799,0.35986352630420426,0.14191943649570768,0.03687871450583315,-0.2260510675764913,0.028153202729473917,0.023143297380585515
#53,0.3213141096191944,0.08197006383447061,0.16536649790887079,0.2728725511776359,0.4960136473695796,0.5190799031476998,0.17955976227162668,0.2987519260400616,-0.18577371780761612,0.13792427911071978,0.22367378384327538,1.0,0.4966387849438697,0.4525687871450583,-0.2560334580673564,-0.3786836891921638,0.14405458947831828,0.22174774378164208,-0.21781421967862646,-0.32607307946291,-0.10259300022011886,-0.3526700418225842,0.023046445080343387,-0.11910411622276029,0.062339863526304204,-0.11906229363856483,-0.13130090248734316,0.10128769535549197,0.20473695795729693,0.26900066035659254,-0.00600924499229584,0.15222540171692714,0.3400440237728373,0.1739225181598063,0.17436275588817962,0.2636209553158706,0.14066916134712745,0.19174994497028394,0.1741206251375743,0.16599603786044465,0.2494188861985472,0.3556746643187321,-0.05907770195905789,0.2813713405238829,0.2711798371120405,0.2095443539511336,-0.11186660796830289,0.13699757869249396,-0.21692493946731234,-0.1840611930442439,-0.25301122606207355,-0.1500924499229584,-0.20955535989434296,-0.09112480739599384,-0.03365397314549857,-0.0029782082324455207,-0.1382544574069998,-0.36579132731675107,-0.08205150781421967,-0.24373321593660577,-0.2103235747303544,-0.2786660796830288,0.032491745542593,-0.03955756108298481,-0.10510015408320493,-0.02258859784283513,0.19687431212854942,0.028839973585736298,-0.3914439797490645,-0.266205150781422,0.08521901826986572,-0.1008760730794629,-0.0909024873431653,-0.07040061633281973,-0.11143517499449702,-0.3513119084305525,-0.033948932423508695,-0.17523882896764253,-0.06653753026634382,-0.05098613251155624,0.52966982170372,0.5094629099713845,-0.04477657935285054,0.2794254897644728,0.5795487563284173,0.03303323794849219,0.002951793968743121,0.34429451904028174,0.30770195905789127,0.23717587497248513,0.29515298261060974,0.29710103455866166,0.3058947831829188,-0.04563064054589478,-0.10502751485802334,0.03685230024213075,-0.10588817961699318,0.3088663878494387,0.0762095531587057,-0.13945630640545895,0.1357539071098393,0.21475896984371562,0.26299801893022234,0.06557781201848999,0.24714065595421528,0.10804534448602245,0.3882060312568787,-0.17729253797050407,0.023869689632401495,-0.35454545454545455,-0.44929782082324454
#54,0.33598062953995156,0.09414924058991855,0.22817301342725071,0.3156922738278671,0.3594629099713845,0.5591987673343606,0.13049086506713625,0.35503411842394894,-0.13901606867708563,0.17654193264362755,0.1765441338322694,0.4966387849438697,1.0,0.37152762491745545,-0.28272507153863086,-0.49346246973365615,0.26528945630640544,0.11489984591679507,-0.32025313669381467,-0.3756020250935505,-0.27648910411622274,-0.3911292097732776,0.019517939687431214,-0.26438696896324015,-0.13953114681928241,-0.2736605767114242,0.0008122386088487783,0.12960818842174773,0.23382566585956416,0.11048646268985252,0.21239049086506714,0.13164869029275808,0.48119084305524984,-0.028914813999559762,0.04476337222099934,0.05964340744001761,0.0835064935064935,0.09414924058991855,0.17296279991195246,0.06325335681267885,0.188168611049967,0.17327977107638123,-0.08281311908430553,0.04656174334140436,0.2588399735857363,0.013488883997358574,0.04494827206691614,0.1843429451904028,0.012044904248294078,0.022817521461589257,-0.11786264582874752,-0.07139335241030156,-0.007464230684569668,0.042526964560862864,0.008197226502311248,0.00041602465331278893,-0.018062953995157387,-0.12819722650231125,-0.07198327096632182,-0.23344926260180499,-0.05290997138454766,-0.06757869249394673,-0.06368258859784283,-0.12997138454765572,-0.059399075500770414,0.018562623816861103,0.27034118423948933,-0.04568126788465771,-0.1261104996698217,-0.2707065815540392,0.22659696235967422,-0.10527404798591239,0.14582434514637904,0.25441558441558443,0.017459828307285933,-0.027039401276689412,0.13141976667400396,-0.01850099053488884,0.08635923398635263,0.03993176315210214,0.4030112260620735,0.515974025974026,-0.040072639225181596,0.05368038740920097,0.40429451904028174,0.097706361435175,0.06448822364076601,0.419933964340744,0.20455646048866388,0.2073365617433414,0.2941800572309047,0.27225181598062953,0.24675324675324675,-0.0513581333920317,-0.12492626018049748,0.17519040281752146,-0.21375522782302445,0.14011005943209334,0.10768434954875633,-0.018045344486022453,0.21809817301342724,0.2667312348668281,0.15386088487783403,0.034695135373101475,0.07218578032137354,0.1594342945190403,0.15406999779881136,-0.019379264802993616,0.08034998899405679,-0.19569227382786705,-0.2404358353510896
#58,0.19776359233986351,0.1249900946511116,0.33206691613471273,0.36602025093550516,0.4057142857142857,0.5369843715606427,0.15577812018489984,0.13331719128329297,-0.09676645388509796,0.1337706361435175,0.19211974466211754,0.4525687871450583,0.37152762491745545,1.0,-0.4222452124147039,-0.37213955535989435,0.23362095531587057,0.34939687431212857,-0.22761611270085846,-0.36147479639005065,-0.46508254457407,-0.3691833590138675,-0.020002201188641867,-0.002925379705040722,-0.11170151882016288,0.17240810037420207,-0.3438630860664759,0.15618093770636143,0.3956834690732996,0.5216574950473255,0.2046665199207572,0.42414924058991854,0.381204050187101,0.3228197226502311,0.28762491745542595,0.4164384767774598,0.3863482280431433,0.28829407880255337,0.28796169931763155,0.18822584195465553,0.416700418225842,0.44194585075941006,0.1700462249614792,0.16215716486902929,0.3548139995597623,-0.019821703720008806,-0.006689412282632622,0.16325775918996258,0.02800792427911072,-0.10223200528285274,-0.13697556680607528,-0.04061633281972265,-0.2185230024213075,-0.037442218798151,0.026271186440677965,-0.1987475236627779,-0.2651860004402377,-0.16600264142637025,-0.07566585956416465,-0.24831168831168832,-0.2867466431873211,-0.31674224081003743,0.1435857362976007,-0.08299141536429672,0.05646268985252036,0.028208232445520582,0.4942967202289236,-0.12305745102355271,-0.10224301122606207,-0.04340523882896764,0.13057451023552719,-0.16807175874972485,-0.33178076161127007,-0.02433414043583535,-0.03250275148580233,-0.2439489324235087,-0.17711204050187102,-0.1924058991855602,-0.2007572088928021,0.29830068236847895,0.3170988333700198,0.4181598062953995,-0.21615892581994278,0.14219238388729913,0.32425930002201186,-0.0350429231785164,-0.10310587717367378,0.3091701518820163,0.43462249614791987,0.33614571868809157,0.31535329077701957,0.28040281752146157,0.25970504072198985,-0.021613471274488223,-0.16712965001100594,0.0951683909311028,0.30057671142416903,0.41632401496808275,0.3577481840193705,-0.21639225181598062,0.07192163768434955,0.2922584195465551,0.43406339423288576,0.17430552498349108,0.03937486242570988,0.15033458067356373,0.01706141316310808,-0.23781421967862645,-0.08599163548316091,-0.22485362095531586,-0.3113559322033898
#101,-0.43303543913713405,-0.2836451683909311,-0.5489258199427691,-0.15819722650231124,-0.26854061193044243,-0.38137354171252474,-0.34288135593220337,-0.22949592780101255,0.04090248734316531,-0.3014836011446181,-0.3542725071538631,-0.2560334580673564,-0.28272507153863086,-0.4222452124147039,1.0,0.5518225841954656,-0.3299141536429672,-0.5985758309487123,0.3758155403918116,0.2376799471714726,0.531782962799912,0.404323134492626,0.018128989654413383,0.1989918556020251,0.08598943429451904,0.015668060752806516,0.10943209333039841,-0.13631741140215717,-0.2436649790887079,-0.43780761611270086,-0.2441140215716487,-0.30968082764692934,-0.35223860884877833,-0.046724631300902486,-0.1021417565485362,-0.2365397314549857,-0.012925379705040723,-0.05147699757869249,-0.03940347787805415,0.005214615892581994,-0.2392295839753467,-0.3289346246973366,0.06640986132511556,-0.1354699537750385,-0.08276469293418445,-0.09045784723750826,-0.2128747523662778,-0.2452872551177636,-0.10790446841294299,0.20685230024213075,-0.0017785604226282193,-0.09270526084085406,0.07999119524543254,-0.13874532247413604,0.11885758309487122,0.08014527845036319,0.07866167730574511,0.09056570548095971,-0.0300132071318512,0.07780541492405899,0.11159366057671143,0.006293198327096633,0.4603037640325776,0.5159300022011887,-0.11830068236847897,-0.17206471494607087,0.036574950473255555,0.3019106317411402,0.3462777900066036,0.22265903587937486,-0.14414703940127668,-0.07506493506493507,0.20563724411182038,-0.22904248294078802,0.1541866607968303,-0.08530926700418226,0.11885318071758749,-0.138069557561083,0.3270151882016289,-0.2800924499229584,-0.09886858903808056,-0.19582434514637906,0.08885097952894563,0.019515738498789348,-0.21259960378604448,-0.3382478538410742,-0.2184195465551398,-0.21426590358793748,-0.14536429672022894,-0.16755007704160246,-0.14668060752806517,-0.34634602685450144,-0.32114461809377065,-0.2891789566365838,-0.147310147479639,-0.25752366277790006,-0.3535593220338983,-0.4288663878494387,-0.3066916134712745,0.05066255778120185,-0.19305084745762713,-0.32583755227823025,-0.43826326216156725,-0.2416090688972045,-0.09116222760290557,-0.1963614351749945,-0.08839973585736298,0.04821483601144618,-0.0001672903367818622,-0.06580453444860225,-0.04758529605987233
#102,-0.30025313669381465,-0.18856702619414484,-0.3441404358353511,-0.14154963680387408,-0.28749284613691395,-0.41613471274488223,-0.15648470173893902,-0.28119084305524983,0.05845476557340964,-0.12848558221439577,-0.29948492185780323,-0.3786836891921638,-0.49346246973365615,-0.37213955535989435,0.5518225841954656,1.0,-0.08081003742020691,-0.31281311908430554,0.28675324675324676,0.5147743781642087,0.36609509134932866,0.6122209993396434,0.27009024873431653,0.5819546555139775,0.3166651992075721,0.2934338542813119,0.22517939687431213,-0.11457627118644068,-0.1806867708562624,-0.23406999779881135,-0.24462249614791987,-0.40223200528285274,-0.4903874092009685,-0.11815100154083205,-0.097409200968523,-0.2428615452344266,-0.16756328417345367,-0.021974466211754348,-0.08967202289236187,0.06564825005502972,-0.20910191503411843,-0.23451463790446841,-0.04322914373761831,-0.08602905569007264,-0.12465771516618974,0.19354171252476338,-0.09165309267004182,-0.18185119964780982,-0.21384767774598282,0.1431102795509575,-0.11154083204930662,0.031369139335241034,0.10913273167510455,0.13053709002861547,0.09762491745542592,0.1735395113361215,-0.08876513317191283,0.1361303103675985,-0.29823024433193923,0.07281972265023112,-0.10089368258859785,-0.07010125467752587,0.19323354611490204,0.3123508694695135,-0.09685009905348889,0.07277790006603566,-0.22780321373541712,0.24254017169271408,0.39619414483821264,0.6317367378384328,0.026057671142416906,0.2788135593220339,0.16276469293418447,-0.07263922518159806,0.0287012987012987,0.1460576711424169,-0.15848778340303765,-0.18040721989874534,0.18798151001540833,0.11900946511116002,-0.25916795069337445,-0.3306801672903368,0.17105877173673784,-0.04229143737618314,-0.2359255998239049,-0.40611270085846357,-0.39223640766013645,-0.3629848117983711,-0.11977327756988775,-0.1815298261060973,-0.30517279330838654,-0.41807616112700857,-0.34443979749064496,-0.3706075280651552,-0.23965221219458507,-0.0007638124587277129,-0.07295399515738499,-0.34383887299141536,-0.287046004842615,-0.07576271186440678,-0.11155624036979969,-0.2782962799911953,-0.3833149900946511,-0.23233766233766234,-0.09664538850979529,-0.3284239489324235,-0.18041162227602905,-0.08898745322474136,0.15020250935505172,-0.09782302443319392,-0.12141536429672023
#201,0.20513537310147478,0.10867048206031257,0.3866057671142417,0.3654963680387409,0.14275588817961699,0.3464208672683249,0.22337662337662337,0.12383226942548976,-0.012066916134712745,0.6460026414263702,0.20935064935064934,0.14405458947831828,0.26528945630640544,0.23362095531587057,-0.3299141536429672,-0.08081003742020691,1.0,0.3899581774158045,-0.13077922077922077,-0.10802773497688752,-0.15697556680607527,-0.08297600704380366,0.38482720669161347,0.09784723750825446,0.39451023552718467,0.1832291437376183,0.13375963020030818,0.1010279550957517,0.6114285714285714,0.47421747743781645,0.1307638124587277,0.002165969623596742,0.2576007043803654,0.07439577371780762,-0.005980629539951574,0.3266035659255998,0.3150363196125908,0.2911864406779661,0.21583094871230465,0.234818401937046,0.22513317191283294,0.355016508914814,0.18185780321373543,0.21200968523002423,0.28961479198767337,0.1395905789126128,0.22350429231785163,0.05108958837772397,-0.11911952454325336,-0.2236913933524103,0.08659696235967422,0.08272727272727273,0.28707021791767556,0.28843495487563287,0.30793088267664537,0.2411468192824125,-0.07502091129209773,0.1237574290116663,-0.13344045784723751,-0.0738564825005503,-0.3377459828307286,-0.2158331499009465,-0.22205370900286153,-0.24359674224081004,0.04878934624697336,0.3524763372220999,-0.10016729033678186,-0.20308826766453886,0.03904248294078803,0.10057891261281092,0.20185780321373542,0.1748976447281532,0.025166189742460928,0.13408760730794628,-0.03571648690292758,-0.018600044023772837,-0.22027294739159145,-0.1379771076381246,0.348415144177856,0.3460268545014308,0.005494166850099054,0.2337970504072199,-0.06827206691613472,-0.029687431212854942,0.009044684129429893,-0.18171692714065596,-0.2653378824565265,0.1844684129429892,0.20012326656394452,0.10944089808496588,0.11323794849218578,0.11512436715826546,0.0599405679066696,-0.22474356152322253,-0.182359674224081,0.45467092229804096,0.1252608408540612,0.3749636803874092,-0.11667620515078142,0.34807616112700857,0.18031917235307066,0.4201034558661677,0.15108298481179838,0.06742460928901607,-0.149108518600044,-0.04479639005062734,0.06643847677745983,-0.1859850319172353,0.16576711424169052,-0.3090512876953555,-0.17368038740920097
