,#10,#11,#12,#13,#17,#18,#26,#49,#50,#51,#52,#53,#54,#58,#101,#102,#201,#202,#301,#302,#401,#402,#501,#502,#601,#602,#701,#702,#801,#802,#901,#902,#1001,#1002,#1101,#1102,#1201,#1202,#1301,#1302,#1401,#1402,#1501,#1502,#1601,#1602,#1701,#1702,#1801,#1802,#1901,#1902,#2001,#2002,#2101,#2102,#2201,#2202,#2301,#2302,#2401,#2402,#2501,#2502,#2601,#2602,#2701,#2702,#2801,#2802,#2901,#2902,#3001,#3002,#3101,#3102,#3201,#3202,#3301,#3302,#3401,#3402,#3455,#3501,#3502,#3601,#3602,#3701,#3702,#3801,#3802,#3901,#3902,#4001,#4002,#4101,#4102,#4201,#4202,#4301,#4302,#4401,#4402,#4501,#4502,#4601,#4602,#4701,#4702,#4801,#4802
#10,1.0,0.2273893902707462,0.4481796169931763,0.4174488223640766,0.12755007704160246,0.21573629760070437,0.1848910411622276,0.4855381906229364,0.25451023552718466,0.38967642526964563,0.3950099053488884,-0.024001760950913494,0.14101034558661676,0.043059652212194585,-0.2918423948932424,-0.028934624697336563,0.36710983931322916,0.32001760950913494,0.055115562403698,0.25535549196566143,-0.06144177856042263,0.15154083204930663,-0.25588817961699317,-0.07949152542372881,-0.12462029495927801,-0.01889060092449923,0.09465331278890601,0.23136253576931542,0.12291877613911512,0.2582148360114462,0.20011005943209334,0.0008496588157605107,0.1776535329077702,0.036246973365617434,0.030191503411842395,0.008943429451904027,0.1063086066475897,0.09903587937486243,0.03821483601144618,0.1465001100594321,0.3716486902927581,-0.04270746202949593,0.06808936825885978,0.04079462909971385,-0.06553819062293638,0.06187761391151222,-0.02936385648250055,0.014092009685230025,0.04227162667840634,-0.010849658815760511,0.0736583755227823,0.04521021351529826,0.16772837332159365,0.07463130090248735,-0.20226942548976448,-0.027257318952234207,-0.34491525423728814,0.0029121725731895225,-0.11911952454325336,-0.10744441998679287,0.04757649130530486,0.059885538190622936,0.19125687871450583,0.011598062953995158,0.2143385428131191,0.17329077701959059,0.005388509795289456,0.1301122606207352,0.18225181598062953,0.17153202729473915,0.27471054369359454,0.17594320933303984,0.04163768434954876,0.38511776359233985,-0.09670922298040942,0.1296235967422408,0.014582874752366278,-0.01653312788906009,-0.10119524543253357,0.142623816861105,-0.04825005502971605,0.26247633722209995,-0.09880255337882457,0.03018930222320053,0.18185119964780982,-0.19539291217257318,-0.02885097952894563,-0.07332159366057671,-0.01728593440457847,-0.16489764472815321,-0.10872551177635924,-0.15473475676865509,-0.14017389390270746,-0.2306713625357693,-0.20578472375082543,-0.049165749504732556,0.09301782962799912,0.1343297380585516,0.16721549636803873,0.26090688972044906,0.10820603125687872,0.2541074180057231,0.12158045344486022,0.16022892361875413,0.21166629980189303,0.17302883557120846,0.13379925159586176,0.04718688091569447,0.005716486902927581,0.009005062733876293,-0.08900946511116002
#11,0.2273893902707462,1.0,0.24902927580893683,0.33353070658155404,0.07318511996478098,-0.041182038300682365,0.3651133612150561,0.14792207792207793,0.21281752146158925,0.3737200088047546,0.2180233325996038,0.005009905348888399,0.14305965221219458,0.14853400836451683,0.04584855822143958,0.15862425709883338,0.27291877613911514,0.061430772617213296,0.0021989874532247415,0.04233766233766234,0.3591503411842395,0.09323574730354392,0.12164869029275809,-0.2255712084525644,-0.07073739819502531,-0.19032357473035438,0.3305128769535549,0.2434140435835351,0.057019590578912614,-0.2005458947831829,0.047453224741360336,-0.07770416024653312,0.033420647149460705,0.0060510675764913055,0.035811138014527844,-0.15885538190622936,-0.006779661016949152,-0.18561523222540172,0.16124807395993837,0.06428351309707242,0.15413823464670923,-0.30211974466211755,-0.23352850539291217,0.042973805855161785,0.09401496808276469,0.1496302003081664,0.03838652872551178,0.14238388729914153,-0.008939027074620295,0.1141734536649791,-0.013385428131190842,0.047823024433193924,0.07582434514637905,0.13552058111380144,0.11566585956416466,-0.00687211093990755,0.013819062293638565,-0.13463790446841295,-0.13906229363856482,-0.18776799471714725,-0.1435197006383447,-0.31199427690953113,0.17997798811358134,0.14414483821263482,0.22895223420647148,0.20372661237068015,0.13703499889940568,0.23937486242570988,0.061104996698217035,0.053169711644287916,0.16772397094430994,0.07290336781862206,-0.2130728593440458,0.06393132291437376,-0.09840193704600485,0.07237068016729034,-0.22650891481399957,-0.1054985692273828,-0.01898084965881576,-0.13260840854061193,-0.04115122165969624,0.04130310367598503,0.0487541272287035,-0.050281752146158924,0.025395113361215055,-0.24215056130310367,-0.3035064935064935,-0.13331278890600926,0.022322254017169273,-0.2676997578692494,-0.2829936165529386,-0.22193044243891702,-0.1438168611049967,-0.11721549636803874,-0.17552058111380145,-0.014844816200748404,-0.167277129650011,0.13378384327536869,-0.01830508474576271,0.012324455205811139,-0.0003323794849218578,0.001650891481399956,-0.07090028615452344,0.1502179176755448,-0.05578692493946731,0.010900286154523443,0.01922077922077922,-0.17913053048646269,-0.0749702839533348,-0.105148580233326,-0.1987475236627779
#12,0.4481796169931763,0.24902927580893683,1.0,0.494653312788906,0.1274158045344486,0.39322033898305087,0.15618754127228704,0.2632951793968743,0.09004402377283734,0.37923398635263045,0.036310807836231564,-0.13080783623156506,0.3336935945410522,-0.036964560862865946,-0.27399075500770415,-0.061904028175214613,0.5524477217697557,0.7317037200088048,-0.058236847897864846,-0.10123046445080343,-0.20231785163988553,0.003482280431432974,0.034006163328197225,-0.2055513977547876,0.20301562843935725,-0.05290116662998019,0.3886946951353731,0.29387849438696895,0.3813229143737618,0.21244772176975568,0.4243363416244772,0.2693198327096632,0.4962557781201849,0.34995817741580454,0.1215034118423949,-0.12836671802773497,0.2324191063174114,0.08869909751265684,0.45650231124807394,0.4771538630860665,0.25077041602465333,-0.12501871010345586,-0.03478538410741801,0.011879815100154083,-0.038538410741800574,0.044351749944970285,0.17626678406339424,0.23785384107418006,0.292194585075941,0.04315430332379485,0.3418600044023773,0.12745762711864406,0.5078120184899846,0.4270812238608849,-0.05243451463790447,0.21454545454545454,-0.3350363196125908,-0.31887079022672243,-0.03595641646489104,0.10679286814880035,-0.2121681708122386,-0.23445960818842174,-0.052601804974686334,-0.07230244331939248,0.45198106977767993,0.11818622055910191,-0.08566585956416464,-0.07501871010345587,0.13333259960378605,0.054164648910411624,0.525841954655514,0.2135923398635263,-0.08194585075941008,0.14683248954435396,-0.17384107418005723,0.15028835571208451,-0.15134932863746423,0.0313449262601805,0.04641646489104116,0.224488223640766,-0.062247413603345805,0.10664979088707903,-0.1113317191283293,-0.04978428351309707,0.11824565265243231,-0.35950913493286374,-0.20391371340523884,-0.18948712304644508,0.03909311027955096,-0.2852630420427031,-0.31983711204050186,-0.2569535549196566,-0.20168611049966984,-0.36129429892141757,-0.18730574510235526,0.2911314109619194,0.2957230904688532,0.5038058551617873,0.45491745542593,0.3867026194144838,0.31898305084745765,0.4712854941668501,0.25300242130750605,0.3990160686770856,0.3838564825005503,0.3606537530266344,0.4928395333480079,-0.17779220779220778,-0.12131190843055249,-0.1599537750385208,-0.22542372881355932
#13,0.4174488223640766,0.33353070658155404,0.494653312788906,1.0,0.07296720228923619,0.16135593220338984,0.1469403477878054,0.0007902267224301123,0.041646489104116224,0.5709465111160026,0.3082280431432974,-0.04558001320713185,0.17737178076161128,-0.12784283513097072,0.004164648910411622,0.056841294298921416,0.5845894783182919,0.43029275808936823,0.05926260180497469,0.16301562843935724,-0.08053709002861545,0.235313669381466,0.14661897424609288,-0.0726502311248074,0.1764802993616553,-0.11811798371120405,0.2962557781201849,0.2391965661457187,0.22199867928681488,0.18759189962579792,0.3804072198987453,0.16317191283292978,0.3822848338102575,0.20555359894342945,0.13693374422187982,-0.127574290116663,0.22727492846136915,0.11680607528065155,0.23353510895883778,0.21548756328417346,0.1687607307946291,-0.19724631300902487,-0.17118423948932424,0.10164428791547436,-0.01656174334140436,0.12340523882896764,0.21594320933303984,0.05284613691393352,0.16786704820603127,0.026940347787805415,0.18759189962579792,0.09012326656394452,0.24977988113581334,0.041950253136693816,-0.12019370460048426,0.13047765793528504,-0.14779440898084967,-0.20965881576051068,0.14382566585956416,-0.01800132071318512,-0.1446467092229804,-0.10669381465991636,-0.06452784503631961,-0.17691833590138675,0.3026832489544354,0.19100154083204932,7.263922518159807e-05,-0.016055469953775037,0.152194585075941,0.16099273607748185,0.39280431432973806,0.2821483601144618,-0.024461809377063614,0.13778780541492405,-0.2837706361435175,0.006407660136473696,-0.06799471714725952,0.13242350869469513,0.1640479859123927,0.34854061193044245,-0.26015408320493066,0.12428571428571429,-0.11985031917235307,-0.19627999119524545,0.01215496368038741,-0.29411842394893245,-0.13902707462029495,-0.16639885538190624,0.13651551837992515,-0.15410741800572308,-0.26985252036099494,-0.24133392031697115,-0.09183579132731676,-0.13693374422187982,-0.14027514858023332,0.08532687651331719,0.27086726832489544,0.3612194585075941,0.2912458727712965,0.30384107418005724,0.050033017829628,0.3442306845696676,0.23368919216376843,0.3545806735637244,0.41668280871670704,0.25240369799691836,0.2641008144397975,-0.1589324235086947,-0.1455183799251596,0.11944309927360774,-0.06681267884657716
#17,0.12755007704160246,0.07318511996478098,0.1274158045344486,0.07296720228923619,1.0,0.41007704160246533,0.05348448162007484,-0.11121065375302663,-0.029887739379264804,0.07180717587497248,0.1556042262821924,0.16130310367598502,0.3263460268545014,0.1003037640325776,-0.20902047105436936,-0.21826326216156725,0.02504072198987453,0.06601144618093771,-0.28346467092229805,-0.1604226282192384,-0.17378604446401055,-0.2238036539731455,-0.10892581994276909,-0.060827646929341846,-0.031166629980189303,0.029531146819282414,-0.09379264802993617,-0.0873695795729694,0.14432313449262602,0.0799801893022232,0.20163988553819062,0.08184459608188421,0.1777525863966542,0.3145608628659476,0.09553598943429452,0.28764032577591897,0.2907990314769976,0.11506053268765133,-0.05797710763812459,0.0473893902707462,-0.16449262601804976,0.03449702839533348,0.22264142637023993,0.13788906009244992,0.03373321593660577,0.187673343605547,-0.009821703720008805,0.14982610609729255,-0.04156504512436716,0.05555800132071319,0.007486242570988334,0.1050957517059212,0.028142196786264582,-0.048029936165529384,-0.12067356372441118,-0.037349768875192604,-0.06338983050847458,0.08281311908430553,0.12594981289896545,0.15456746643187322,-0.07518600044023772,0.01022672243011226,0.10020911292097733,-0.032995817741580453,-0.11249394673123486,-0.03040061633281972,-0.0585890380805635,-0.007114241690512877,-0.2035130970724191,0.14404578472375082,0.005445740699977988,-0.222392692053709,0.13771296500110058,0.12470173893902707,0.21213955535989434,0.19458727712965002,0.08294298921417566,0.1629055690072639,-0.22536869909751267,-0.01641866607968303,0.15869909751265684,0.10237068016729034,-0.052187981510015406,0.16060972925379705,0.39116442879154745,-0.02155624036979969,0.04567246313009025,0.195280651551838,0.1557935285053929,0.11014747963900506,0.14615232225401717,0.006451683909311028,0.004780981730134273,0.018930222320052828,0.019410081443979748,-0.1253202729473916,-0.023075060532687652,0.18928021131410963,0.08981730134272507,-0.08471494607087827,0.019482720669161346,0.16631300902487342,0.19572309046885317,0.26821263482280433,0.11101254677525864,0.1346268985252036,0.11625137574290116,-0.0623530706581554,0.004970283953334801,-0.13467752586396653,0.018089368258859786
#18,0.21573629760070437,-0.041182038300682365,0.39322033898305087,0.16135593220338984,0.41007704160246533,1.0,-0.011811578252256219,0.19319172353070657,0.024543253356812678,0.29203389830508475,0.20653532907770195,0.14191063174114021,0.5340237728373322,-0.031926040061633285,-0.33093770636143516,-0.14623816861104996,0.2515738498789346,0.4577635923398635,-0.0663944530046225,-0.27430332379484923,-0.25632401496808277,-0.1771318511996478,-0.016277790006603565,-0.14518600044023772,0.15470834250495266,-0.07598283072859344,0.145709883337002,0.08056350429231786,0.43595641646489103,0.10340964120625137,0.2765991635483161,0.23490865067136255,0.17390050627338763,0.2296434074400176,-0.0461171032357473,0.1186484701738939,0.18339423288575832,0.18727933083865286,0.3078296279991195,0.1435725291657495,-0.07749724851419766,0.07232225401716927,-0.022837332159366057,-0.04072639225181598,-0.2306977767994717,0.057743781642086725,0.0351023552718468,0.02828747523662778,-0.07285934404578473,-0.11520360994937266,0.08325996037860445,0.11038961038961038,0.3557869249394673,0.08378824565265243,-0.18417125247633723,-0.0388135593220339,-0.22336341624477218,-0.17480959718247854,0.018003521901826986,0.01349768875192604,-0.12845916795069337,-0.08678846577151662,-0.04009685230024213,-0.09007263922518159,0.11370900286154523,0.1603675985031917,-0.16217037200088047,-0.3216156724631301,-0.04589918556020251,0.08904908650671363,0.2850891481399956,0.18448602245212414,0.10314769975786925,0.21491965661457188,0.027809817301342726,0.09602905569007264,0.0006053268765133172,0.17800572309046886,-0.009625797930882677,0.2048778340303764,0.08842394893242352,0.18574730354391372,-0.025315870570107857,-0.06963460268545014,0.15375302663438256,-0.00018489984591679506,0.11671582654633503,0.03932423508694695,0.319042482940788,-0.01920096852300242,0.021510015408320492,0.0750033017829628,-0.20068236847897866,0.10332599603786044,-0.0072110939907550076,0.2631917235307066,0.14565705480959718,0.28392471934844815,0.19038740920096853,0.23164869029275809,0.15188861985472155,0.3348492185780321,0.17454765573409642,0.18898084965881576,0.2112194585075941,0.1533414043583535,0.22235747303543912,-0.16612810917895662,-0.15305304864626898,-0.1012920977327757,-0.17057671142416905
#26,0.1848910411622276,0.3651133612150561,0.15618754127228704,0.1469403477878054,0.05348448162007484,-0.011811578252256219,1.0,0.2541184239489324,0.36283953334800795,0.02579352850539291,0.27842174774378164,0.011144618093770636,0.1377525863966542,0.20347787805414924,0.0861237068016729,0.26476117103235747,0.12374202069117324,0.07703940127668941,0.07125027514858023,0.033869689632401494,0.19651551837992515,0.19397754787585297,0.09341624477217697,-0.21610829848117985,0.013832269425489764,-0.09544133832269426,0.1509024873431653,0.04851860004402377,0.04904248294078802,-0.012049306625577813,0.09152542372881356,0.09844155844155844,0.07761831388950033,-0.015018710103455866,0.018492185780321375,-0.10078582434514638,0.22049746863306185,0.14586396654193265,0.16507153863086066,0.18147479639005062,0.18608188421747743,-0.2351948051948052,-0.0055095751705921195,-0.061465991635483164,-0.020235527184679726,0.16103015628439357,-0.015987233105877175,0.012687651331719129,-0.05985031917235307,0.0011160026414263702,-0.09829407880255338,0.13128329297820823,0.00029055690072639226,0.1303675985031917,0.22178516398855383,0.058258859784283516,-0.2609200968523002,-0.22885097952894562,-0.3255844155844156,-0.24848117983711204,-0.3207197886858904,-0.29299141536429674,-0.013136693814659916,0.1938961038961039,0.17720669161347127,0.18447281532027296,0.18611270085846357,0.2537684349548756,0.144851419766674,0.07033898305084746,0.18972044904248295,0.19836451683909312,-0.06791767554479419,0.07690292758089368,-0.03983491085186001,-0.09926480299361655,-0.10487563284173454,-0.20000440237728373,0.07858023332599604,-0.14553819062293638,-0.11640545894783183,-0.016539731454985693,0.08872771296500111,-0.046546335020911295,-0.0638102575390711,-0.2767554479418886,-0.20281532027294738,-0.06475016508914815,-0.1666784063394233,-0.08501210653753026,-0.18834470614131632,-0.18109178956636585,-0.20180937706361435,-0.24488883997358574,-0.20039841514417786,0.15257539071098394,-0.08832489544353951,0.03433414043583535,0.11293198327096632,0.11213955535989434,0.04732555580013207,-0.028450363196125907,0.04718027734976887,-0.013303984151441779,-0.06331278890600925,-0.07195025313669381,-0.0537904468412943,-0.2219436495707682,0.01218578032137354,-0.32720669161347127,-0.3189126128109179
#49,0.4855381906229364,0.14792207792207793,0.2632951793968743,0.0007902267224301123,-0.11121065375302663,0.19319172353070657,0.2541184239489324,1.0,0.5652960598723311,0.2205877173673784,0.3303808056350429,0.20755007704160247,0.26634382566585957,0.11620074840413823,-0.0676997578692494,-0.005844155844155844,0.2937706361435175,0.2330244331939247,0.1508056350429232,-0.031426370239929564,0.11934184459608188,-0.05412502751485802,-0.04368699097512657,-0.18599603786044464,-0.07103896103896104,-0.072425709883337,0.025069337442218797,-0.0797820823244552,0.17115122165969623,0.1308628659476117,0.10417785604226282,-0.0611996478098173,0.04377944089808496,-0.029509134932863747,-0.09422628219238388,-0.007814219678626458,0.2166894122826326,0.06000880475456746,0.18362095531587058,0.09284393572529166,0.2143385428131191,0.043345806735637246,-0.023343605546995376,0.0028021131410961918,-0.12603565925599824,-0.12336561743341404,-0.12173453664979089,-0.08908650671362536,-0.03174994497028395,-0.17839973585736296,-0.03224521241470394,-0.16561303103675984,0.039388069557561085,-0.0034954875632841735,0.07030596522121946,-0.03758309487123047,-0.44352850539291216,-0.19389390270746204,-0.4057362976007044,-0.270759410081444,-0.21252916574950473,-0.23602905569007263,-0.039016068677085625,0.17472375082544575,0.1546665199207572,0.06819282412502752,-0.055595421527624915,-0.06567026194144839,0.21305524983491086,0.14254237288135593,0.24364516839093112,0.2547985912392692,0.12306185340083645,0.2587541272287035,-0.11138895003301783,0.02970944309927361,-0.15938366718027736,-0.3636209553158706,0.17931983270966323,0.003088267664538851,0.18553158705701078,0.19985912392692054,0.09045124367158265,0.08556900726392251,0.011540832049306626,-0.20170151882016288,-0.26775258639665417,0.026640986132511556,-0.017200088047545675,-0.056491305304864625,0.1138168611049967,-0.2943957737178076,-0.15409641206251376,-0.33899405679066696,-0.2758925819942769,0.279126128109179,-0.0451419766674004,0.0524719348448162,0.06983491085186,0.242293638564825,-0.025166189742460928,0.08215496368038741,-0.07423948932423509,-0.05494827206691613,-0.06977767994717148,-0.0773893902707462,0.017957296940347787,-0.21425709883337002,-0.03111600264142637,-0.19225841954655515,-0.1695201408760731
#50,0.25451023552718466,0.21281752146158925,0.09004402377283734,0.041646489104116224,-0.029887739379264804,0.024543253356812678,0.36283953334800795,0.5652960598723311,1.0,0.21845476557340965,0.4194871230464451,-0.05578692493946731,0.030931102795509577,0.2709156944750165,0.3094651111600264,0.41713405238828966,0.1349306625577812,-0.046260180497468634,0.373662777900066,0.10097512656834691,0.20371560642747083,0.18670041822584196,0.2392295839753467,-0.10103235747303543,-0.11802113141096192,-0.12799911952454326,-0.009194364957076822,-0.2145564604886639,-0.05546995377503852,-0.1361501210653753,0.0510411622276029,-0.07352630420427031,-0.04807395993836672,-0.06209112920977328,-0.3018269865727493,-0.12793308386528726,0.16454985692273827,0.023242350869469512,0.12069777679947172,-0.06105657054809597,0.054422187981510016,-0.08578912612810918,-0.12846136913933523,0.14535769315430333,-0.0475544794188862,0.021138014527845035,0.04399295619634603,0.053935725291657494,-0.16180717587497248,-0.20823244552058112,-0.025265243231344926,-0.02184239489324235,-0.10125027514858023,0.05647149460708783,0.23391371340523884,0.11810917895663658,-0.5146577151661897,-0.1530728593440458,-0.3881906229363856,-0.39894342945190403,-0.4022099933964341,-0.35550737398195026,0.0796434074400176,0.34466872110939906,-0.0754193264362756,0.1318247853841074,-0.07403477878054149,0.1613581333920317,0.31848558221439577,0.2574466211754347,0.1487937486242571,0.24392471934844817,0.14082764692934185,-0.01289456306405459,-0.16675544794188862,-0.08014527845036319,-0.11547215496368039,-0.25780761611270087,0.3799537750385208,0.007726172132951794,0.1610081443979749,-0.029645608628659476,-0.018137794408980848,-0.011419766674003962,-0.12393792648029936,-0.25859123926920535,-0.3751551837992516,-0.10208892802113141,-0.25505833149900947,-0.1609024873431653,-0.09290336781862206,-0.3294519040281752,-0.25092009685230027,-0.3932951793968743,-0.46761611270085846,0.13589038080563504,-0.1897292537970504,-0.058058551617873655,0.08449482720669162,0.023112480739599383,-0.12826326216156725,-0.1682214395773718,-0.1492692053709003,-0.06924279110719789,-0.05074840413823465,-0.1822672243011226,-0.0986748844375963,-0.38572309046885317,-0.24454105216817082,-0.29897424609289014,-0.40602905569007264
#51,0.38967642526964563,0.3737200088047546,0.37923398635263045,0.5709465111160026,0.07180717587497248,0.29203389830508475,0.02579352850539291,0.2205877173673784,0.21845476557340965,1.0,0.4904072198987453,0.054296720228923616,0.24354171252476337,-0.015617433414043584,-0.07084525643847678,0.05907109839313229,0.6178692493946731,0.360396213955536,0.10500550297160467,-0.04140655954215276,-0.041021351529826104,0.1516090688972045,0.2661237068016729,-0.10482940788025534,0.07672683248954436,-0.17520360994937267,0.30497248514197667,0.22196346026854502,0.34718908210433636,0.05687211093990755,0.3947787805414924,-0.007915474356152322,0.3970680167290337,0.25122386088487786,0.15259520140876073,-0.21566145718688093,0.310033017829628,0.008375522782302443,0.27542593000220117,-0.07144838212634823,0.06415804534448602,-0.16032577591899627,0.05198327096632181,0.18508474576271186,0.013819062293638565,0.08484041382346467,0.14971604666519922,0.29329077701959055,0.11801893022232006,0.08238168611049967,0.25421527624917456,0.07079242791107197,0.2711160026414264,0.10043803653973145,0.05671142416905129,-0.10184459608188422,-0.2924983491085186,-0.2937046004842615,-0.06599383667180278,-0.1075808936825886,-0.18044464010565706,-0.19491965661457186,0.11946070878274268,0.04896324014968083,0.19827426810477658,0.2156350429231785,-0.016834690732995816,-0.04968302883557121,0.22703499889940568,0.09058991855602025,0.45889060092449924,0.3192427911071979,-0.02325775918996258,0.1073827867048206,-0.41505833149900945,-0.02604666519920757,-0.18890380805635043,-0.09020691173233546,0.21157164869029277,0.2600792427911072,-0.11999779881135814,0.052262821923838874,-0.058496588157605105,-0.1990909090909091,-0.008692493946731234,-0.27402377283733215,-0.11290116662998019,0.07122386088487784,0.07160906889720449,-0.04513097072419106,-0.11561963460268546,-0.23693594541052168,-0.14002421307506052,-0.17372661237068016,-0.13329297820823244,0.09535549196566145,-0.03265903587937486,0.39005062733876295,0.3061633281972265,0.3653114681928241,0.09090028615452345,0.49762931983270964,0.14600044023772837,0.42695355491965664,0.48586396654193265,0.31128769535549194,0.3959784283513097,-0.33484701738939027,-0.35422848338102575,0.04508694695135373,-0.1362689852520361
#52,0.3950099053488884,0.2180233325996038,0.036310807836231564,0.3082280431432974,0.1556042262821924,0.20653532907770195,0.27842174774378164,0.3303808056350429,0.4194871230464451,0.4904072198987453,1.0,0.2859454105216817,0.18098613251155624,-0.02153642967202289,0.13620735197006384,0.20831829187761391,0.22789786484701738,0.022762491745542592,0.252887959498129,0.02542593000220119,0.08834910851860005,0.08125687871450583,0.1398943429451904,-0.21757649130530488,-0.09264142637023993,-0.4169667620515078,0.034481620074840416,-0.2453202729473916,0.06553598943429452,0.043444860224521244,0.11149020471054369,-0.14164648910411623,0.0538564825005503,0.014419986792868149,-0.029330838652872553,-0.11946070878274268,0.2771626678406339,0.02465991635483161,0.12580013207131852,-0.1463878494386969,0.11079903147699757,0.012124147039401277,-0.03363636363636364,0.10066696015848559,-0.08801012546775258,0.006946951353731015,0.056713625357693156,0.04826766453885098,0.09334800792427911,-0.2589126128109179,-0.11635703279771076,-0.08828527404798592,0.04739819502531367,-0.16644508034338543,-0.06952454325335682,-0.16540832049306625,-0.3480827646929342,-0.3525313669381466,-0.09445300462249615,-0.24669381465991636,-0.1997754787585296,-0.18074840413823465,0.08565705480959718,0.17011666299801892,-0.030055029716046667,0.12580893682588598,-0.03397754787585296,0.05600264142637024,0.2815364296720229,0.20364957076821483,0.33062953995157385,0.29729473915914595,0.18064935064935064,0.19188201628879595,-0.17033678186220558,-0.058168611049966984,-0.009947171472595202,-0.20895663658375524,0.17679947171472596,0.04055690072639225,-0.06976887519260401,0.07759410081443979,-0.017457627118644067,-0.03836231565045124,-0.08347787805414925,-0.2033876293198327,-0.060983931322914374,0.08446621175434735,-0.022742681047765792,-0.12493946731234867,-0.019042482940788027,-0.2481730134272507,-0.18080123266563944,-0.04674003962139555,-0.14021351529826107,0.04463130090248734,-0.17616773057451024,0.16941668500990534,0.0325313669381466,0.12357473035439137,0.02188201628879595,0.18481840193704602,-0.04503191723530706,0.09398855381906229,0.16783843275368698,-0.005161787365177196,0.013579132731675105,-0.21715606427470835,-0.22997138454765573,0.03705921197446621,-0.20254237288135593
#53,-0.024001760950913494,0.005009905348888399,-0.13080783623156506,-0.04558001320713185,0.16130310367598502,0.14191063174114021,0.011144618093770636,0.20755007704160247,-0.05578692493946731,0.054296720228923616,0.2859454105216817,1.0,0.3400770416024653,0.0613251155624037,-0.08144618093770636,-0.09528725511776359,0.06604886638784944,-0.05560642747083425,-0.07680387409200969,-0.267541272287035,-0.05294959278010126,-0.3523662777900066,-0.2936715826546335,-0.4436253576931543,-0.10950033017829627,-0.36467752586396657,-0.10804974686330618,-0.08371560642747083,0.09275148580233326,0.09577591899625798,0.06761611270085846,-0.2133480079242791,-0.12883557120845257,-0.09838212634822804,0.008705701078582434,0.03175214615892582,0.11072419106317412,-0.12404798591239269,0.07808056350429232,-0.05629760070438036,-0.11051727933083866,-0.04928901606867708,0.17961259079903147,-0.2689830508474576,-0.029359454105216818,-0.0472837332159366,-0.18503852080123268,-0.1643913713405239,0.07861765353290777,-0.14398635263042042,-0.1799207572088928,-0.24716927140655953,-0.06401056570548096,-0.34510015408320494,-0.1656240369799692,-0.4565925599823905,0.029249394673123486,-0.19374862425709882,0.07714505833149901,-0.141963460268545,0.05507373981950253,0.018395333480079244,0.11804754567466431,0.22565265243231344,0.1705084745762712,-0.15028835571208451,0.3362293638564825,-0.0349702839533348,-0.009566365837552278,0.11883557120845256,0.17467532467532468,0.06575170592119745,0.2747281532027295,0.16093330398415145,0.13129429892141756,0.05701738939027075,0.054404578472375086,-0.05641866607968303,-0.13934624697336562,-0.28882896764252697,0.06181818181818182,0.170231124807396,0.11303323794849218,0.059731454985692274,0.040347787805414925,0.22220559101915033,0.20477437816420868,0.37642306845696677,0.020013207131851198,0.14414924058991854,0.18707902267224302,0.2195663658375523,0.17037860444640104,0.2091041162227603,0.07496588157605107,-0.059075500770416026,-0.32097292537970507,0.03382566585956417,-0.24744662117543473,-0.04809377063614352,-0.1960246533127889,-0.0124851419766674,-0.06915034118423949,-0.18214615892581995,-0.20549416685009905,-0.26437816420867266,-0.22149460708782742,-0.06948932423508694,-0.10408100374202069,0.036233766233766236,0.052912172573189524
#54,0.14101034558661676,0.14305965221219458,0.3336935945410522,0.17737178076161128,0.3263460268545014,0.5340237728373322,0.1377525863966542,0.26634382566585957,0.030931102795509577,0.24354171252476337,0.18098613251155624,0.3400770416024653,1.0,0.06152762491745543,-0.20050187101034558,-0.12441998679286814,0.24116442879154742,0.3596478098173013,-0.194785384107418,-0.41323794849218576,-0.14513537310147478,-0.2942548976447282,-0.03221879815100154,-0.14494166850099052,0.05547875852960599,-0.08908210433634163,0.03454325335681268,-0.054596081884217475,0.533119084305525,0.12273827867048206,0.4228681488003522,0.20172573189522341,0.15629319832709662,0.21552718467972706,0.02679947171472595,0.05755668060752807,0.09038740920096852,0.0050715386308606645,0.1936253576931543,0.2259586176535329,-0.0674620294959278,-0.10739819502531367,0.05716046665199208,-0.11434074400176095,-0.03541712524763372,0.373284173453665,-0.12950253136693815,-0.1334602685450143,-0.12213515298261061,-0.0026634382566585956,-0.06780541492405899,0.07855822143957737,0.13975566806075282,0.046960158485582215,-0.0698811358133392,-0.1601915034118424,-0.12939247193484482,-0.21547655734096413,-0.06296940347787805,-0.09209993396434074,-0.149735857362976,-0.11132951793968743,0.06502091129209774,0.08292978208232446,0.12003521901826987,0.0037244111820383006,0.12388509795289457,-0.16215936605767114,-0.07904248294078803,0.05068677085626238,0.2848382126348228,0.0018181818181818182,0.19799251595861767,0.1309487123046445,0.038738718908210436,0.01792868148800352,-0.0028219238388729915,0.10722209993396434,-0.05008144397974906,0.11026634382566586,0.31790006603565923,0.15866387849438696,0.217541272287035,-0.10739159145938806,0.1583865287255118,0.04429672022892362,0.008824565265243231,0.22434734756768654,0.20581113801452786,-0.1504358353510896,0.030215716486902928,-0.08075060532687652,-0.17304864626898525,0.062062513757429015,-0.03270085846357033,0.17016288795949813,-0.005718688091569448,0.25949592780101255,0.13813559322033897,-0.00021791767554479418,-0.0887343165309267,0.2784767774598283,-0.021879815100154083,0.15187101034558662,0.08850759410081444,0.019843715606427472,0.142788906009245,-0.27452564384767775,-0.026409861325115563,-0.01928021131410962,-0.07941228263262162
#58,0.043059652212194585,0.14853400836451683,-0.036964560862865946,-0.12784283513097072,0.1003037640325776,-0.031926040061633285,0.20347787805414924,0.11620074840413823,0.2709156944750165,-0.015617433414043584,-0.02153642967202289,0.0613251155624037,0.06152762491745543,1.0,-0.020677966101694915,0.11906449482720668,-0.02601584855822144,-0.18103235747303545,-0.022218798151001543,-0.03335020911292098,0.15873871890821042,-0.07925819942769095,-0.12552278230244332,-0.07847677745982831,-0.20705480959718248,0.04314769975786925,-0.07784723750825445,-0.1349108518600044,-0.11536429672022892,-0.06672243011226062,0.013816861104996699,-0.08579132731675104,-0.24819942769095313,-0.009366057671142416,0.1432313449262602,0.016685009905348887,0.00589918556020251,-0.09749284613691393,-0.09636803874092009,-0.15117103235747303,0.21685450143077262,-0.22699097512656835,0.17122386088487784,0.0062909971384547654,0.06380145278450364,0.06612590799031477,-0.4110741800572309,-0.2857561082984812,-0.3000374202069117,-0.24155844155844156,-0.28911512216596963,-0.20124147039401277,-0.19350649350649352,-0.14944970283953335,0.1379440898084966,-0.1673563724411182,-0.07447281532027294,0.10974686330618534,-0.4189456306405459,-0.2721571648690293,0.08838652872551178,-0.03554259300022012,0.2036781862205591,0.1917015188201629,0.015947611710323575,0.007646929341844596,0.10273827867048206,0.39126788465771517,0.04051727933083865,0.04125687871450583,-0.03190622936385648,0.034345146379044685,0.16229583975346687,0.17427690953114683,0.26000220118864187,0.2533546114902047,0.14443099273607748,0.008701298701298701,-0.2380893682588598,-0.3021373541712525,0.1492626018049747,-0.18841294298921418,-0.11914593880695576,0.15683469073299583,0.08586616773057451,0.13043143297380586,-0.08343605546995378,-0.08149240589918556,-0.2813625357693154,0.19970724191063174,-0.07109839313229144,0.02238168611049967,-0.037629319832709666,-0.21269205370900285,-0.060845256438476776,-0.17997138454765574,-0.28414263702399295,-0.25591239269205374,-0.29283072859344045,-0.14050187101034559,-0.1459850319172353,-0.13866607968302883,-0.09313889500330179,-0.17020691173233546,-0.28744662117543474,-0.3212194585075941,-0.2328615452344266,-0.008109178956636584,0.007090028615452344,-0.12640986132511556,-0.11334580673563724
#101,-0.2918423948932424,0.04584855822143958,-0.27399075500770415,0.004164648910411622,-0.20902047105436936,-0.33093770636143516,0.0861237068016729,-0.0676997578692494,0.3094651111600264,-0.07084525643847678,0.13620735197006384,-0.08144618093770636,-0.20050187101034558,-0.020677966101694915,1.0,0.4847589698437156,0.09054809597182478,-0.4104490424829408,0.3870658155403918,0.19536429672022892,0.41191943649570767,0.2702377283733216,0.37304864626898526,0.06460928901606867,0.09301342725071539,-0.13076821483601145,-0.26363416244772175,-0.4687343165309267,-0.2067290336781862,-0.18924499229583974,-0.1924785384107418,-0.23025093550517278,-0.29352190182698656,-0.3470305965221219,-0.06019810697776799,-0.06045124367158265,0.11107858243451464,-0.04141976667400396,-0.13709222980409422,-0.16579132731675106,-0.07191063174114022,-0.12290777019590579,-0.08417125247633722,0.17780101254677527,-0.2679396874312129,-0.10068016729033678,0.03556020250935505,-0.1277922077922078,-0.22107638124587278,-0.20183579132731674,-0.16474576271186442,-0.24492626018049746,-0.3665859564164649,-0.18451463790446843,0.3551265683469073,0.24159366057671142,-0.04786044464010566,-0.10369579572969403,-0.1967378384327537,-0.32329738058551616,-0.3771978868589038,-0.4113625357693154,-0.029119524543253356,0.17340523882896763,-0.3441206251375743,-0.22880915694475015,0.09350209112920978,0.06417345366497909,0.38568567026194145,0.4082720669161347,0.0015056130310367598,0.24289236187541272,0.23308166409861325,-0.1862095531587057,0.01928461369139335,-0.07172573189522342,0.11150121065375303,-0.14021791767554478,0.5638300682368479,0.11496588157605107,-0.10988333700198107,-0.3010323574730354,0.21919876733436056,-0.19109619194364957,-0.24325115562403699,-0.2843583535108959,-0.47036539731454985,0.03898745322474136,-0.15827867048206032,0.011705921197446621,-0.15732115342284833,-0.2444618093770636,-0.22991635483160908,-0.2887321153422848,-0.44702179176755447,0.08651111600264143,-0.1503433854281312,-0.29486242570988336,-0.24698217037200088,-0.22085406119304424,-0.42538190622936384,-0.4521087387189082,-0.3220228923618754,-0.3245168390931103,-0.2943495487563284,-0.40379484921857806,-0.38681928241250274,-0.26993176315210216,-0.1465661457186881,-0.4272925379705041,-0.3089566365837552
#102,-0.028934624697336563,0.15862425709883338,-0.061904028175214613,0.056841294298921416,-0.21826326216156725,-0.14623816861104996,0.26476117103235747,-0.005844155844155844,0.41713405238828966,0.05907109839313229,0.20831829187761391,-0.09528725511776359,-0.12441998679286814,0.11906449482720668,0.4847589698437156,1.0,0.09500770416024654,-0.11329517939687431,0.4790688972044904,0.4309134932863746,0.18722870349988993,0.5310653753026634,0.10683469073299581,-0.1467246313009025,-0.020288355712084524,-0.1941668500990535,-0.009720449042482942,0.010427030596522122,-0.004948272066916135,-0.183251155624037,0.05031256878714506,-0.20134712744882236,-0.2601959057891261,-0.2350693374422188,-0.25324895443539513,-0.3550407219898745,-0.05114902047105437,-0.07612150561303103,-0.022703059652212195,-0.19147919876733435,-0.0017565485362095532,-0.2622672243011226,-0.15287695355491965,0.01534668721109399,-0.1681267884657715,-0.03592780101254678,-0.08833590138674885,-0.1985362095531587,-0.27790006603565925,-0.0760576711424169,-0.12982610609729253,-0.05892361875412723,-0.2324389170151882,0.054825005502971605,0.18641866607968302,0.1037640325775919,-0.29559322033898305,-0.18016508914814,-0.2470063834470614,-0.45667180277349767,-0.30694034778780543,-0.31890821043363415,0.21042482940788027,0.42963240149680826,0.0866321813779441,0.2681664098613251,0.16481399955976228,0.3223068456966762,0.5822099933964341,0.44927801012546775,0.32178076161127006,0.45289016068677085,-0.08305084745762711,-0.0587871450583315,-0.2498415144177856,-0.11261941448382126,-0.04844596081884218,-0.06163108078362316,0.3971010345586617,0.06727272727272728,-0.10323354611490204,-0.08966762051507814,0.11327756988773938,-0.2124851419766674,-0.19678186220559102,-0.20268765133171912,-0.2713053048646269,-0.18801232665639445,-0.18593000220118863,-0.10439137134052388,-0.3118732115342285,-0.26338762931983273,-0.3155249834910852,-0.22717587497248515,-0.3786836891921638,0.18961479198767334,-0.03949372661237068,-0.18633722209993397,-0.03761171032357473,-0.2544111820383007,-0.2570283953334801,-0.20878714505833149,-0.2886044464010566,-0.23546114902047105,-0.24493506493506492,-0.38852080123266564,-0.3432291437376183,-0.20970504072198987,-0.26976227162667843,-0.2014043583535109,-0.3488531807175875
#201,0.36710983931322916,0.27291877613911514,0.5524477217697557,0.5845894783182919,0.02504072198987453,0.2515738498789346,0.12374202069117324,0.2937706361435175,0.1349306625577812,0.6178692493946731,0.22789786484701738,0.06604886638784944,0.24116442879154742,-0.02601584855822144,0.09054809597182478,0.09500770416024654,1.0,0.5335373101474796,0.1286880915694475,-0.03142857142857143,0.04034558661677306,0.13334580673563726,0.23559322033898306,-0.03602905569007264,0.20548976447281533,-0.022914373761831388,0.21193704600484262,0.1856746643187321,0.3521593660576711,0.1482192383887299,0.39154523442659034,0.09503191723530706,0.3070702179176755,0.13592119744662118,0.1868082764692934,0.059581774158045345,0.26895663658375524,0.12467092229804094,0.31515298261060976,0.2304556460488664,0.09949592780101255,-0.10543033237948492,-0.02924058991855602,0.09743781642086727,-0.21333480079242792,-0.10404578472375083,0.12372661237068017,0.13480519480519482,0.061833590138674885,-0.024798591239269207,0.20684349548756328,-0.04828527404798591,0.16935285053929122,0.18722650231124807,0.09072198987453224,0.03324014968082765,-0.3541800572309047,-0.3669997798811358,-0.1970526084085406,-0.16265463350209114,-0.2487805414924059,-0.26652212194585073,-0.07653753026634383,-0.043191723530706584,0.30137134052388287,0.03784723750825446,-0.04859564164648911,0.001578252256218358,0.33543033237948494,0.22090468853180717,0.5715958617653533,0.4487827426810478,0.00312788906009245,0.1742460928901607,-0.25153202729473917,0.0863878494386969,-0.16495927801012547,-0.09134712744882237,0.37381906229363854,0.4302773497688752,-0.1588729914153643,0.017215496368038742,-0.012533568126788465,-0.17220118864186662,-0.011644287915474356,-0.4211402157164869,-0.3356306405458948,0.045082544574069995,0.179537750385208,-0.184554259300022,-0.2485494166850099,-0.27803874092009684,-0.21133612150561304,-0.37617433414043583,-0.2890050627338763,0.3255161787365177,0.189933964340744,0.3299801893022232,0.4112854941668501,0.3763174114021572,-0.0473365617433414,0.3669183359013867,0.12062953995157386,0.18352410301562844,0.30508694695135374,0.15154743561523223,0.2292471934844816,-0.2640193704600484,-0.1782148360114462,-0.2432291437376183,-0.12261281091789566
