,#10,#11,#12,#13,#17,#18,#26,#49,#50,#51,#52,#53,#54,#58,#101,#102,#201,#202,#301,#302,#401,#402,#501,#502,#601,#602,#701,#702,#801,#802,#901,#902,#1001,#1002,#1101,#1102,#1201,#1202,#1301,#1302,#1401,#1402,#1501,#1502,#1601,#1602,#1701,#1702,#1801,#1802,#1901,#1902,#2001,#2002,#2101,#2102,#2201,#2202,#2301,#2302,#2401,#2402,#2501,#2502,#2601,#2602,#2701,#2702,#2801,#2802,#2901,#2902,#3001,#3002,#3101,#3102,#3201,#3202,#3301,#3302,#3401,#3402,#3455,#3501,#3502,#3601,#3602,#3701,#3702,#3801,#3802,#3901,#3902,#4001,#4002,#4101,#4102,#4201,#4202,#4301,#4302,#4401,#4402,#4501,#4502,#4601,#4602,#4701,#4702,#4801,#4802
#10,1.0,0.4665587576979982,0.41842967159422856,0.34063404949480897,-0.027908800060698794,-0.15610971307173838,0.6387915881586768,0.5223763578193958,0.2172131665802552,0.7032334753853742,0.1472578054856536,-0.1218148939667927,-0.3923544809620759,0.4126632860810076,-0.18504280529596986,-0.2085888794749554,0.3685049128087103,0.08810177164607544,-0.5645873114227544,-0.010811972837289293,-0.0023900150482428963,-0.005956069247208488,0.046219603181628495,-0.06951276571529737,0.03362460324485641,-0.22108271475360083,-0.015490838275648402,0.15651437170424512,-0.04907750477370731,-0.3302140897077606,0.024469201684391557,-0.10082322740550588,0.3859558163355632,-0.14895231350927554,0.008029944738805498,-0.4535338079641877,-0.3015339091288458,-0.5370452332477649,-0.03488916147143995,-0.22755725287370857,0.3300117603915072,-0.010053237901339168,-0.017893498906157133,-0.1982953755105654,0.006993006993006993,-0.2483718812832737,0.07930044638905398,0.2335259677031829,-0.26544341734215154,0.28261611805915604,0.1587147030185005,0.12287712287712288,0.49508719128972295,0.3567445213014833,0.17669672100051848,0.21587273486007663,0.19796659037165365,0.16999456239962568,0.0404026353393442,-0.20618621884444668,-0.30899480266568874,-0.09156666118691435,0.0781623439851288,0.3436436980740778,-0.005399663627511729,-0.00453976403343492,0.4337814084649528,0.49612412903552144,-0.06741359905916867,-0.20856358831042376,0.07656900061963354,0.07710011507479862,-0.14060622921382415,0.03486387030690828,-0.15481986368062317,0.45393846659669446,-0.2947052947052947,-0.27664740322968173,0.3448829651361297,-0.020245577207602523,-0.12578560679826503,0.014909141491419973,-0.18205844788123268,0.08562323752197169,0.09103554673174927,-0.06124255491344099,-0.2304910279593824,0.15967576727070398,0.1917702550613943,0.010862555166352634,-0.19371767473033297,-0.03562260524285841,-0.048192314015098825,-0.21554394972116492,-0.33372956157766287,0.11733835784468696,-0.2811745216808508,0.4421780750894675,0.5269793497641599,-0.04186952288218111,0.14910406049646557,-0.11829942209689046,0.2572490800338902,0.27841778474689866,0.41028591661503055,0.5533327432061609,0.432997382364471,-0.14912935166099722,0.075380315886645,-0.3189848126556987,-0.35952654939996714
#11,0.4665587576979982,1.0,0.5113999924126507,0.1544404962126481,-0.32765968209006185,-0.06579496452914174,0.4433920509869877,0.1315267011469543,0.2989795015111471,0.4630179946635643,0.26422944144463134,-0.41655812541888493,-0.45583530393656974,0.18607974304176836,-0.31400245324295956,-0.19073331731559579,0.2190341304265355,0.3315039390988758,-0.4175697720001518,0.10269477358084952,0.3486007663222853,0.21584744369554495,-0.004767384514219957,-0.05231477383376117,-0.2736883369794762,-0.07515269540585996,0.02194008523122447,0.5328974822645709,-0.20813363851338534,-0.312434401041996,-0.19058157032840578,-0.11926048634909395,0.04305820761516964,-0.08645784595151684,-0.24786605799264028,-0.38031588664500054,-0.45560768345578473,-0.37558643887757814,-0.08352407086584301,-0.11731306668015529,0.12662021522781017,-0.17801186155616536,-0.02219299687654118,-0.21119386942171753,0.056968348107588614,-0.09548679168932334,0.22297955209347614,0.42546061533403307,-0.17495163064783317,0.46746923962113834,0.1844105261826781,0.40714981221310337,0.4661540990654915,0.45659403887251987,0.38413485248928286,0.06480860911240659,0.08069146043829588,-0.02808583821242049,0.27090630888099243,0.0824112596264495,-0.24786605799264028,0.015819623414560124,-0.2527978350763161,-0.06936101872810733,0.16488574716422819,0.31713855764488674,0.07988214317328242,0.20550335740209158,0.0463966413333502,-0.10355467317492634,0.3535831257350245,0.37503003325788137,-0.2678207868081286,-0.23544809620758989,-0.32687565598958,0.3599059168679422,-0.22644444163431504,-0.0747733279378849,0.1553256869712566,0.1902022028604307,-0.19103681128997585,-0.31220678056121093,-0.25681913023685177,-0.2309209777564208,-0.07970510502156072,-0.2249269717624148,-0.11503686187230491,0.13924050632911392,-0.09336233386866298,-0.11637729359248347,-0.2113961987379709,0.002617635529027934,0.10413636995915478,0.06417632999911481,0.025834924569101785,0.37202038467861254,0.07669545644229188,0.43820736225799517,0.3342100937037646,-0.2907345818738224,0.20734961241290356,0.11602321728904007,0.11731306668015529,0.20211434135484768,0.4183032157715702,0.06903223358919562,0.19882648996573046,0.012582354354506253,-0.05469214329973824,-0.3618027542078175,-0.2955904854639032
#12,0.41842967159422856,0.5113999924126507,1.0,0.6306478331794787,-0.2975631962973735,0.12204251444757774,0.31802374840349523,0.05605786618444846,0.19627208234803173,0.8232147599236207,0.4017375030033258,-0.3946812680989896,-0.04677600880132526,0.017868207741625463,-0.4142819206110345,-0.5430898215708342,0.8533871192099041,0.732293023432264,-0.2768244413814034,-0.18903880929197384,0.3611704750945257,0.11124318719255429,0.1782394820369504,-0.01690714348942197,0.09164253468050937,-0.09493038606962657,0.19171967273233095,0.4687337978477219,-0.01726121979286536,-0.3788489991021637,0.13160257464054934,0.07573439219008839,0.3122573628902743,-0.10476864907244654,-0.24720848771481682,-0.463346779802476,-0.3529508466217327,-0.4818852034041907,0.05843523565042552,0.05610844851351181,-0.3412410374435691,-0.6093273814792802,-0.15929639980272892,-0.4709088379974456,-0.013265215796861367,-0.07887049659201557,0.203935305201128,0.1439446629320047,-0.08200660099394276,0.09667547642231186,0.35735150925024345,0.6475929134156982,0.6965818991135447,0.46843030387334184,0.6917512866879956,0.28504406985419645,-0.07044853880296918,-0.4080602941362435,0.17565978325471995,0.02548084826565839,0.021156059130742675,0.34030526435589725,-0.5501966388042338,-0.3293036077846204,0.35950125823543544,0.48952313509275536,-0.06539030589663501,-0.1382288597478471,0.13372703246120968,0.11850175141314381,0.724983876882611,0.6383616383616384,-0.34910658961291874,-0.36567230238116316,-0.31020877856320894,0.12386347829385803,-0.00190948292214115,0.15390938175748303,0.002465888541837909,-0.04892575778651728,0.07838996446591383,-0.2990553750047421,-0.3587425232994853,-0.21506341759506317,-0.16865413067944712,-0.13183019512133437,-0.01716005513473868,0.01602195273081349,-0.3265721620152,-0.2208550942728158,-0.2975126139683102,-0.057651209549943724,-0.015617294098306757,0.0098509085850858,-0.014428609365318226,0.7175482745102998,0.020928438649957637,0.8065225913327179,0.642231186534984,0.08875934192389888,0.45575943044297473,0.4401041995978705,0.39349258336600107,0.6391962467911835,0.47113645847823066,0.4110446515509807,0.3966033966033966,0.23754726286371855,0.08334703271412132,-0.08096966324814427,-0.11845116908408047
#13,0.34063404949480897,0.1544404962126481,0.6306478331794787,1.0,-0.16167376926870597,0.1210308678663109,0.16415230339280973,-0.16632734354253342,-0.11185017514131439,0.6621353330214089,0.05299763527611629,-0.39275913959458264,-0.24607038531089165,-0.20034395983763073,-0.29455354771810466,-0.1593216909672606,0.5945826325573161,0.4258905651310715,-0.13253834772822115,-0.0683493721468405,0.030640245830119248,0.21926175090732053,0.24961114834532555,0.022597655509047913,0.13410639992918474,0.009522123446174079,0.248118969637957,0.35426598717737956,0.002617635529027934,-0.40940072585642207,0.009471541117110738,0.03304290646062798,0.46263862719558924,0.016704814173168603,-0.045536741739273384,-0.2836277646404229,-0.18802716271070702,-0.342859671973596,0.4099065491470555,0.2637994916475929,-0.1511526448235309,-0.3697188887062305,-0.16180022509136432,-0.38858609744685696,0.12135965300522263,0.010938428659947647,0.36000708152606886,0.3099811580824239,0.09270476359083954,-0.08630609896432681,0.22940350788452055,0.4061381656318365,0.5059118097092781,0.3682772923279252,0.3369668306377167,0.4873733861075633,-0.06480860911240659,-0.26455822658354305,0.25681913023685177,0.19139088759341924,-0.09235068728739615,0.29665271437423335,-0.14738426130831195,-0.13825415091237875,0.37348727222144945,0.4738931954121828,-0.013922786074684808,-0.12358527548400966,-0.03898633012557063,-0.019436259942589056,0.44776742245096673,0.3164051138734683,-0.35805966185713023,-0.21655559630243174,-0.17662084750692345,0.1853462992703499,-0.10911872937189393,0.05830877982776717,0.15059623920383414,0.006082525069866842,0.0092439206363257,-0.2315026745406492,-0.13132437183070095,-0.441292884330859,-0.08486450258602157,-0.3131678448134144,-0.0707014504482859,-0.13893701235473388,-0.07386284601474474,-0.2162521023280517,-0.0989010989010989,0.048495807989478876,0.1812744217807509,-0.18312067679156288,-0.15947343795445063,0.366759822456025,-0.04090845862997762,0.4839084965667244,0.571845875643344,0.03461095866159157,0.4301647719369238,0.3417468607342025,0.43292150887087594,0.5043943398373778,0.473488536779676,0.4552536071523413,0.5240455746784861,0.09960925150798569,0.26617686111357,-0.15160788578510098,-0.15224016489839276
#17,-0.027908800060698794,-0.32765968209006185,-0.2975631962973735,-0.16167376926870597,1.0,0.5784468695861101,-0.3050999633278114,-0.12300357869978124,0.14321121916058624,-0.25618685112356,0.09814236396514878,0.82956284222107,0.31385070625576955,-0.15702019499487854,0.08099495441267593,-0.006107816234398513,-0.12722720317657027,-0.06576967336461008,-0.11721190202202861,-0.036811289975846935,-0.11187546630584605,-0.030134422539485832,-0.01250648086091124,-0.10064618925378419,0.21726374890931852,0.02338168160952971,0.09035268528939415,-0.11126847835708595,0.007271209802855372,-0.007549412612703752,0.17940287560540724,0.15244249421464612,0.20059687148294744,0.24596922065276497,0.33319844712249774,0.047484161408212044,0.3397741499007322,0.24794193148623528,0.3051252544923431,0.06781825769167542,0.004716802185156616,0.20482049595973648,0.28471528471528473,0.34230326635389924,0.18666143982599678,0.17409173105375636,-0.04308349877970131,0.023229934622339684,-0.02631545669520353,-0.05360462322487639,-0.38026530431593725,-0.2949329151860797,-0.47093412916197724,-0.23302014441254948,-0.3907105552675173,0.043462866247676375,-0.1546428255289015,-0.03314407111875466,-0.26412827678650463,-0.0329417418025013,0.06334172156956967,-0.0892651652145323,0.34779144905727183,0.04874871963479559,-0.04670013530773025,-0.02100431214355265,0.0025670531999645923,-0.2200457770078023,-0.1903033675185574,-0.22748137938011356,-0.33724503344756507,-0.36387662969941453,-0.06260827779815122,-0.036710125317720256,-0.1221689702702361,-0.1153909381757483,0.0025164708709012507,-0.38034117780953225,-0.1797063695797873,-0.3625867803082993,0.5205806851376472,0.5522452231312991,0.6558884153820863,0.40679573590965995,0.47174344642699073,0.034383338180806536,0.0840551853210081,0.1627107070145045,0.5444049621264812,0.4898266290671354,0.5393214380556153,0.1454115504748416,0.14235131956650943,0.059295135244502334,-0.028237585199610515,-0.2149622529369365,-0.06463157096068488,-0.20100153011545416,-0.14988808659694736,-0.02077669166276761,-0.007726450764425448,0.11693369921218022,0.3271032764703651,-0.0038569025910798064,0.11761656065453534,0.20246841765829107,0.2925049633910393,-0.14348942197043463,-0.03964390040339407,0.02838933218680054,-0.1439446629320047
#18,-0.15610971307173838,-0.06579496452914174,0.12204251444757774,0.1210308678663109,0.5784468695861101,1.0,-0.4891437676247803,-0.44733747265392837,-0.07489978376054325,-0.11329177151961962,0.11905815703284058,0.42288091655180265,0.30881776451396703,-0.4154200230149597,-0.24789134915717195,-0.17608973305175837,0.214152935671923,0.5187850124558986,0.0365836694950619,-0.07717598856839362,0.0952591712085383,0.21769369870635694,0.400953476902844,0.12333236383869295,0.3854752842094614,0.37252620796924596,0.47361499260233436,0.37035116781952226,0.04194539637577612,0.022294161534667865,0.12608910077264507,0.4745254745254745,0.3776856055337068,0.4441760770874695,0.15570505443923166,-0.0194868422716524,0.21701083726400183,0.22009635933686567,0.5845167490737111,0.32442241303000796,-0.3258134270792499,-0.20074861847013745,0.16812301622428205,0.01829815753866387,0.26003110813237396,0.29665271437423335,0.2978161079426902,0.20836125899417038,0.29215088708759596,0.024924442645961633,-0.10234069727740613,0.24475524475524477,-0.1333476649932346,0.08306882990427294,0.016123117388940175,0.23957055602625224,-0.4696189886063304,-0.4389408060294136,-0.11614967311169842,0.12791006461892537,0.10744951251280366,0.15229074722745609,-0.03951744458073572,-0.41529356719230137,0.2730813490307161,0.4915717194198207,-0.24842246361233702,-0.5299637071788971,-0.09460160093071486,0.11609909078263508,0.15613500423627005,0.12257362890274283,-0.29237850756838096,-0.29660213204517,-0.3260663387245666,-0.06245653081096119,-0.03863225382212724,-0.23903944157108714,-0.2851705256768548,-0.08203189215847444,0.5840109257830777,0.24493228290696645,0.2540118109738363,0.07510211307679662,0.28866070638222535,-0.2994853248017805,-0.009977364407744155,0.014656229846103264,0.08031209297032083,0.2801375839350523,0.43699338636047497,0.13147611881789098,0.3262939592053516,0.08134903071611932,0.00633543671518355,0.2537588993285196,0.34232855751843094,0.19601917070271502,0.14804183158613538,0.1414155464788376,0.4405088582303772,0.5404595404595405,0.622706407516534,0.30560578661844484,0.4688096713413169,0.18456227316986812,0.4807976833293289,0.10977629964971737,0.03969448273245742,-0.022547073179984573,-0.1841323233728297
#26,0.6387915881586768,0.4433920509869877,0.31802374840349523,0.16415230339280973,-0.3050999633278114,-0.4891437676247803,1.0,0.5803942892550488,0.38565232236118313,0.5659530343074647,0.20906941160105716,-0.202089050190316,-0.3866892601069816,0.7829765171537324,0.1642534680509364,0.014605647517039922,0.214001188684733,-0.10985217314331239,-0.4336296614777627,-0.20623680117351004,-0.0385816714930639,-0.35239444100203593,-0.3739172220184878,-0.3431125836189127,-0.29771494328456355,-0.6142844497274877,-0.4139531354721228,-0.09012506480860911,-0.055906119197258436,-0.2613715398525525,-0.032385336182804536,-0.47217339622402915,0.20957523489169058,-0.24612096763995497,-0.016502484856915238,-0.37510590675147637,-0.3410892904563791,-0.40955247284361207,-0.5216429140479774,-0.4488549425258286,0.26921180085737045,0.09341291619772632,-0.045486159410210045,-0.002997002997002997,-0.2615738691688059,-0.5030286169526675,-0.05737300674009535,0.1930853956170412,-0.4512323119918057,0.4152682760277697,0.29761377862643684,0.14768775528269198,0.3830726235789527,0.08590144033182008,0.1423007372374461,-0.05805586818245046,0.3549488486197347,0.20315127910064618,0.12871938188393883,-0.16974165075430897,-0.39968891867626044,-0.2970320818422084,0.09546150052479166,0.3476397020700818,-0.018222284045068857,-0.21857888946496543,0.6439509857231376,0.6957978730130628,0.08845584794951883,-0.13749541597642864,0.22515459224319984,0.27963176064441886,0.1214608176633493,0.057246550917436995,-0.129553990313484,0.1953110180958282,-0.14126379949164758,-0.007574703777235423,0.3562386980108499,-0.024747404494239938,-0.2285688994549754,-0.18992400005058233,-0.2691865096928388,0.206009180692725,0.01248118969637957,0.04667484414319857,-0.22846773479684873,-0.004084523071864844,0.073382313888643,-0.1524677853791778,-0.46870850668319025,-0.08628080779979515,-0.3163039492153416,-0.232134953653941,-0.11566914098559668,-0.05838465332136218,-0.45634112722720316,0.278392493582367,0.23119918056626917,-0.18028806636401573,-0.01898101898101898,-0.2887365798758204,-0.13688842802766854,0.15517393998406656,0.12313003452243959,0.31577283476017654,0.2131412890906562,-0.27158917032334756,0.024469201684391557,-0.34594519404645985,-0.19217491369390102
#49,0.5223763578193958,0.1315267011469543,0.05605786618444846,-0.16632734354253342,-0.12300357869978124,-0.44733747265392837,0.5803942892550488,1.0,0.49465724149268453,0.2764450739134283,0.3107651841829057,-0.022243579205604522,-0.03701361929210031,0.7321918587741373,0.23468936127163975,-0.1563626247170551,0.005020296159536666,-0.3391418707874404,-0.3638007562058195,-0.2526207969245944,-0.10664019524779018,-0.4525221613829209,-0.26599982296184826,-0.37242504331111925,-0.14662552637236181,-0.5613500423627006,-0.3818333565169008,-0.3952123825541547,-0.10163254467051935,-0.10041856877299915,0.016401320198788552,-0.32247499336106933,-0.0480405670279088,-0.29215088708759596,-0.10608378962809342,-0.3585149028187003,-0.1530747733279379,-0.35828728233791524,-0.4711617496427623,-0.4968069904778766,0.3806193806193806,0.18719255428116188,0.07290178176254125,0.027554723757255404,-0.09816765512968044,-0.3715904348815741,-0.40558176001213975,-0.2767738590523401,-0.5586944700868751,-0.046169020852565155,0.05699363927212028,-0.18807774503977034,0.1736364900921863,-0.047534743737275384,-0.040478508832939214,-0.12211838794117275,0.15537626930031995,0.13208310676665108,-0.19563980323473995,-0.2523173029502143,0.034105135370958155,0.019663880423374094,0.1683253455405354,0.5516635263470706,-0.28608100759999494,-0.3610946016009307,0.572149369617724,0.6297120600918069,0.07224421148471781,-0.17462284550892146,-0.03701361929210031,-0.047509452572743714,0.41617875795090986,0.4785214785214785,0.08888579774655724,0.28711794534579343,0.14346413080590295,0.2612197928653625,0.24553927085572655,-0.2555545720102682,-0.4308729245438106,0.21521516458225318,-0.13650906055969347,0.27060281490661237,0.2121802248384527,0.47892613715398524,0.10259360892272285,0.24467937126164974,0.14371704245121966,0.07421692231818815,-0.2095499437271589,0.09735833786466698,-0.2674920016692169,-0.03456037633252823,0.07219362915565447,-0.0333716915995397,-0.47063063518759723,0.045132083106766654,-0.00954741461070575,0.03567318757192175,-0.1204238799175508,-0.4376762478028301,-0.09642256477699515,-0.05504621960318163,-0.08056500461563752,0.31749263394833016,-0.0731294022433263,0.08827880979779713,0.1302368517558391,-0.06662957295868688,0.20659087747695343
#50,0.2172131665802552,0.2989795015111471,0.19627208234803173,-0.11185017514131439,0.14321121916058624,-0.07489978376054325,0.38565232236118313,0.49465724149268453,1.0,0.2026201646454811,0.7494910153138001,0.15021687173585907,0.06728714323651032,0.4859317897292581,0.40565763350573475,-0.3021156059130743,0.047812946547123765,0.08607847848354178,-0.23544809620758989,-0.5444555444555444,0.08056500461563752,-0.4804436070258855,-0.5210106349346856,-0.5687603535704802,-0.25196322664677095,-0.5530039580672492,-0.2828943208690044,-0.19250369883281276,-0.1967273233096018,-0.09897697239469391,0.2481695519670203,-0.19614562652537337,0.007701159599893777,0.021130767966211005,-0.1053250546921433,-0.2700464092869156,0.03132310727247436,-0.0180958282224105,-0.30697150950315505,-0.543570353696936,-0.00957270577523742,0.0393656975935457,0.08795002465888542,0.15719723314660022,-0.1093210586881473,-0.286687995548755,-0.20631267466710504,-0.03387751489017312,-0.5045460868245678,0.04829347867322551,0.03524323777488334,-0.17803715272069703,0.009092173649135674,-0.15550272512297827,0.18516926111862822,0.0651373942513183,0.06528914123850833,-0.36096814577827235,-0.3367392101569317,-0.26382478281212457,0.039062203619165646,-0.01248118969637957,-0.07712540623933029,0.04826818750869384,-0.2360297929918183,-0.15873999418303217,0.5121840185131324,0.20560452206021826,0.44316443050620263,-0.003351079300446389,0.3755105653839831,0.3381808065352369,0.4233614486779044,0.26751729283374853,-0.048546390318542215,0.0818042716776894,0.24634858812074,0.13251305656368947,-0.0020359387447995043,-0.32346134877780447,-0.03491445263597162,0.0036545732748264393,0.024039251887353154,0.34918246310651374,0.24518519455228316,0.21708671075759683,0.06776767536261206,0.09998861897596074,-0.027908800060698794,-0.11230541610288446,-0.18516926111862822,-0.15712135965300522,-0.3374979450928818,-0.0142768623781282,0.09778828766170539,0.034029261877363146,-0.2892676943309855,0.06116668141984598,-0.24197321665676097,-0.17904879930196385,-0.16238192187559275,-0.14832003439598376,0.10767713299358869,0.05742358906915869,0.14366646012215634,0.16002984357414737,0.12785948228986205,0.04303291645063797,-8.851907586084801e-05,-0.1745722631798581,0.10186016515130439
#51,0.7032334753853742,0.4630179946635643,0.8232147599236207,0.6621353330214089,-0.25618685112356,-0.11329177151961962,0.5659530343074647,0.2764450739134283,0.2026201646454811,1.0,0.288306630078782,-0.39172220184878415,-0.280390495580369,0.1770002149748985,-0.228138949657937,-0.38051821596125396,0.7613019891500904,0.4539637577612261,-0.45297740234449096,-0.21296425093893448,0.2840324232729296,-0.014985014985014986,0.020523780017450904,-0.15967576727070398,0.046472514826945206,-0.29794256376534856,-0.016173699718003514,0.2973355758165885,-0.06255769546908788,-0.45340735214152933,0.015060888478609997,-0.09224952262926947,0.37146397905891576,-0.18807774503977034,-0.19629737351256338,-0.49136939010356734,-0.4383338180806535,-0.6216694697707356,-0.01452977402344491,-0.11248245425460615,-0.11308944220336625,-0.4835797114278127,-0.22477522477522477,-0.48137938011355735,-0.02077669166276761,-0.26640448159435504,0.23719318656027516,0.276546238571555,-0.10906814704283059,0.1882042008624287,0.40803500297171186,0.47563828576486805,0.7391216378558151,0.39544000303493976,0.5795090984964403,0.24217554597301433,0.18423348803095638,-0.1501157070777324,0.11293769521617623,-0.07406517533099811,-0.07897166125014227,0.2643558972672897,-0.24822013429608367,0.023406972774061383,0.21013164051138736,0.31938947128820544,0.20724844775477688,0.16498691182235486,0.05813174167604547,-0.06475802678334323,0.5364888276280682,0.42720570568671834,-0.30666801552877504,-0.2953881561476498,-0.24394592749023128,0.3075784974519152,-0.11670607873139519,0.10198662097396274,0.21387473286207465,-0.12287712287712288,0.015465547111116732,-0.32224737288028427,-0.36749326622744344,-0.2011279859381125,-0.07955335803437069,-0.07108081791626096,0.016780687666763616,-0.0932611692105363,-0.2165808874669634,-0.2692876743509655,-0.42303266353899266,-0.028869864312902286,-0.11584617913731837,-0.18989870888605065,-0.20808305618432202,0.4727550930082576,-0.3155452142793915,0.7144121701083727,0.6429393391418707,0.036406631343340205,0.30965237294351217,0.2532024937088228,0.31645569620253167,0.5412182753954906,0.49126822544544063,0.545568355694938,0.4610705749946256,0.13903817701286056,0.2983219312333236,-0.2292770520618622,-0.22315659024519785
#52,0.1472578054856536,0.26422944144463134,0.4017375030033258,0.05299763527611629,0.09814236396514878,0.11905815703284058,0.20906941160105716,0.3107651841829057,0.7494910153138001,0.288306630078782,1.0,0.07849112912404052,0.35550525423943147,0.22646973279884672,0.11048445225660415,-0.48016540421603715,0.3479937783735252,0.36931423007372377,-0.22932763439092552,-0.5532821608770976,0.11837529559048546,-0.5245513979691195,-0.43689222170234826,-0.3648882762806813,-0.3436689892386095,-0.31407832673655456,-0.21053629914389407,0.03367518557391975,-0.37927894889920205,-0.13372703246120968,0.44038240240771886,-0.07917399056639562,0.20173497388687262,0.16048508453571744,-0.29890362801755205,-0.29179681078415254,-0.1305150545656875,0.013265215796861367,-0.2978413991072219,-0.4863364483617648,-0.35300142895079606,-0.21493696177240482,-0.07603788616446844,0.023255225786871357,-0.09520858887947496,-0.1102821229403508,-0.10208778563208942,0.04912808710277065,-0.29326369832698945,0.08514270539586995,0.1364078959015668,0.06212774567204947,0.17985811656697734,-0.07497565725413827,0.2569202948949784,0.0015806977832294288,-0.23385475284209462,-0.5870711566914099,-0.298296640068792,-0.35029527434590724,0.2870926541812618,0.2661262787845066,-0.4469328140214216,-0.41713982220311335,-0.1109649843827059,0.05952275572528737,0.15545214279391495,-0.20398588753019134,0.47288154883091593,0.16632734354253342,0.5443543797974177,0.5222751931612691,0.3377002744091352,0.10406049646555976,-0.09960925150798569,-0.03987152088417911,0.43663931005703155,0.2677449133145336,-0.21534162040491153,-0.2877502244590852,-0.006866551170348639,-0.075380315886645,-0.012531772025442912,0.27631861809076996,0.11948810682987898,0.322652031512791,0.292530254555571,0.13028743408490243,-0.21430468265911304,-0.15643849821065012,-0.1896205060762023,-0.0884811391140505,-0.3798859368479622,0.26698617837858346,0.22297955209347614,0.2614727045106792,-0.0719912998394011,0.26991995346425723,-0.09935633986266898,0.05479330795786492,0.08231009496832281,0.06015503483857914,0.12287712287712288,0.31949063594633215,0.1732065402951479,0.15580621909735834,0.2041882168464447,0.28661212205516,-0.018702816171170603,0.09181957283223106,0.1784165201886721
#53,-0.1218148939667927,-0.41655812541888493,-0.3946812680989896,-0.39275913959458264,0.82956284222107,0.42288091655180265,-0.202089050190316,-0.022243579205604522,0.15021687173585907,-0.39172220184878415,0.07849112912404052,1.0,0.5316329240379873,0.031196651449816006,0.2116491103832876,0.04738299675008536,-0.22965641952983726,-0.19278190164266112,0.09318529571694129,-0.10266948241631786,-0.11397463296197473,-0.23919118855827717,-0.13360057663855132,-0.06882990427294225,0.09652372943512184,-0.10863819724579218,0.023179352293276344,-0.2357768813465016,-0.01574374992096511,0.08423222347272981,0.1848151848151848,0.0930841310588146,0.1157450144791917,0.24154326685972255,0.24518519455228316,0.1065390305896635,0.4177468101518734,0.35960242289356215,0.05651310714601854,-0.07360993436942805,-0.061596631216884384,0.34708329645038505,0.22391532518114796,0.3622327040048559,-0.09328646037506796,-0.05451510514801654,-0.1431859279960546,-0.12333236383869295,-0.04156602890780106,0.023508137432188065,-0.3197688387561805,-0.33830726235789527,-0.5420528838250357,-0.2735365899922862,-0.37379076619582946,-0.08929045637906398,-0.052567685479077884,0.01844990452585389,-0.3925315191137976,-0.21046042565029907,0.024368037026264874,-0.260258728613159,0.3136230857749845,0.04394339837377812,-0.20127973292530255,-0.25181147965958095,0.10287181173257122,-0.12333236383869295,-0.08564852868650337,-0.1884824036722771,-0.4062140391254315,-0.38863667977592026,0.14336296614777627,0.1455127151329683,0.01248118969637957,-0.18661085749693346,0.045587324068336724,-0.3959205351610415,-0.2879778449398703,-0.3979944106526385,0.5312788477345439,0.5825693294047725,0.5823417089239874,0.6295603131046169,0.34743737275382847,0.19751134941008358,-0.016805978831295285,0.11384817713931639,0.41367493266227445,0.463574400283261,0.39761504318466345,0.059295135244502334,-0.08400460299194476,-0.020953729814489307,-0.14710605849846356,-0.3314786479343441,-0.1441975745773214,-0.33499411980424637,-0.3075279151228518,-0.07838996446591383,-0.15269540585996283,-0.031120777956220994,0.14356529546402963,-0.19313597794610451,-0.1002921129503408,-0.018803980829297285,0.12388876945838971,-0.31134688096713414,-0.22270134928362775,0.007397665625513727,-0.21283779511627612
#54,-0.3923544809620759,-0.45583530393656974,-0.04677600880132526,-0.24607038531089165,0.31385070625576955,0.30881776451396703,-0.3866892601069816,-0.03701361929210031,0.06728714323651032,-0.280390495580369,0.35550525423943147,0.5316329240379873,1.0,-0.16622617888440674,-0.002111812238394517,-0.26367303582493457,0.09217364913567445,0.18112267479356087,0.4354253341595114,-0.2824896622364977,-0.07988214317328242,-0.2918726842777476,0.02856637033852224,0.22563512436930158,0.008535768029438916,0.13170373929867601,0.04472742447425992,-0.08840526562045549,-0.07644254479697518,0.20006575702778234,0.4150659467115163,0.25952528484174053,0.05443923165442153,0.26721379885936847,-0.16369706243123966,0.06389812718926643,0.2992324131564638,0.3694406858963821,-0.10148079768332934,0.09346349852678966,-0.5264988176380582,0.0038569025910798064,0.03278999481531127,0.08332174154958966,-0.19427408035002972,0.11081323739551588,-0.2697429153125356,-0.40196512348411084,0.01807053705787883,-0.276394491584365,-0.13903817701286056,-0.10995333780143907,-0.26526637919042984,-0.10886581772657722,-0.019739753916969107,-0.014555065187976581,-0.4142819206110345,-0.3796836075317088,-0.2697176241480039,-0.21448172081083475,0.4605900428685239,0.1846634378279948,-0.33180743307325583,-0.4223245109321059,-0.08539561704118666,-0.10942222334627398,-0.3211598528054224,-0.47288154883091593,0.15112735365899924,0.1454368416393733,-0.01716005513473868,0.0023141415546478836,0.21776957219995194,0.16754131944005363,0.024115125380948167,-0.47586590624565306,0.37955715170905047,0.11220425144475778,-0.3881055653207552,-0.2410627347336208,0.3075784974519152,0.38041705130312725,0.2753069715095032,0.3421262282021776,0.001732444770419454,0.44483364736529296,0.2215379557151709,0.1330188798543229,-0.09677664108043856,0.2567685479077884,0.24338952187053453,0.02598667155629181,-0.21582215253101328,0.33451358767814465,0.20459287547895144,0.16043450220665412,0.2005209979893524,-0.10484452256604156,-0.1450827653359299,0.15282186168262119,-0.08104553674173927,0.13628144007890844,0.051252544923431,0.019992665562285815,-0.31974354759164886,-0.21521516458225318,-0.12816297626424208,0.16918524513461222,-0.22151266455063923,0.4368669305378166,0.24303544556709114
#58,0.4126632860810076,0.18607974304176836,0.017868207741625463,-0.20034395983763073,-0.15702019499487854,-0.4154200230149597,0.7829765171537324,0.7321918587741373,0.4859317897292581,0.1770002149748985,0.22646973279884672,0.031196651449816006,-0.16622617888440674,1.0,0.4012063885481607,0.07214304682659113,-0.10112672137988593,-0.358691940970422,-0.3218680054123092,-0.20651500398335843,-0.19371767473033297,-0.4483238280706635,-0.3421262282021776,-0.4253341595113747,-0.12603851844358174,-0.5908395402066288,-0.4747783861707912,-0.4429621011899493,0.12335765500322463,0.10082322740550588,-0.008459894535843903,-0.4141301736238445,-0.055501460564751706,-0.22201848784127265,0.18524513461222322,-0.14791537576347702,0.039188659441824,-0.14622086773985507,-0.5350725224142946,-0.5119563980323474,0.4014340090289457,0.3070473829967501,0.18575095790285664,0.34250559567015265,-0.14308476333792788,-0.3546453546453546,-0.3993095512082854,-0.16402584757015137,-0.6251090681470428,0.0966501852577802,0.024747404494239938,-0.1304897634011558,-0.04723124976289533,-0.16488574716422819,-0.09730775553560364,-0.1692105362991439,0.1837023735757913,0.16736428128833192,-0.12755598831548198,-0.3710846115909407,-0.1985482871558821,-0.34065934065934067,0.2647605558997964,0.39316379822708936,-0.33130160978262246,-0.48418669937657277,0.800907952806687,0.7389698908686251,0.28590396944827323,0.009800326256022458,0.03129781610794269,0.12826414092236876,0.4532556051543393,0.38188393884596417,0.05868814729574223,0.06382225369567142,0.05405986418644646,0.10459161092072485,0.39177278417784744,-0.0136698744293681,-0.37495415976428637,0.055476169400220036,-0.1547186990224965,0.40682102707419165,0.2946294212116997,0.2756104654838832,-0.12087912087912088,0.16822418088240873,0.18107209246449754,-0.06673073761681357,-0.24703144956309514,-0.03534440243301003,-0.26640448159435504,-0.045207956600361664,0.08094437208361259,-0.2752563891804398,-0.3832496617306744,-0.023609302090314747,-0.12555798631748,-0.10623553661528345,-0.1605356668647808,-0.5707330644039504,-0.22313129908066617,-0.1455127151329683,-0.11516331769496327,0.17095562665182917,-0.0683493721468405,-0.14354000429949798,0.008510476864907244,-0.1270248738603169,0.10340292618773632
#101,-0.18504280529596986,-0.31400245324295956,-0.4142819206110345,-0.29455354771810466,0.08099495441267593,-0.24789134915717195,0.1642534680509364,0.23468936127163975,0.40565763350573475,-0.228138949657937,0.11048445225660415,0.2116491103832876,-0.002111812238394517,0.4012063885481607,1.0,0.24743610819560186,-0.48163229175887406,-0.40340671986241605,0.14556329746203164,-0.42288091655180265,-0.09042855878298917,-0.48727222144943666,-0.5160029843574148,-0.5812794800136573,-0.06361992437941805,-0.451282894320869,-0.40856611742687693,-0.6590245197840134,0.05577966337460008,0.32055286485666235,-0.007220627473792031,-0.129705737300674,-0.18749604825554192,0.15962518494164063,0.16531569696126658,0.25259550576006273,0.4325674325674326,0.3488283868030703,-0.1467266910304885,-0.4337055349713578,0.17540687160940324,0.34154453141794916,0.06673073761681357,0.32894953148117706,-0.15264482353089948,-0.312662021522781,-0.21888238343934546,-0.09826881978780713,-0.16974165075430897,-0.10368112899758469,-0.05772708304353874,-0.5472122813894966,-0.4004476536122106,-0.5119058157032841,-0.06455569746708988,-0.06081260511640259,0.31402774440749126,-0.0373676955955437,-0.4788249724958586,-0.33327432061609275,0.04963391039340406,-0.26898418037658545,0.43125229201178567,0.30246968221651765,-0.5912441988391356,-0.5657507049912113,0.6300408452307187,0.33944536476182047,0.46956840627726704,0.07930044638905398,-0.031373689601537705,-0.010634934685567596,0.6667889072952364,0.48605824555191646,0.3735378545505128,-0.03101961329809431,0.2354228050430582,0.12227013492836278,0.16491103832875983,-0.19799188153618533,-0.13790007460893536,-0.002288850390116213,0.04103491445263597,0.256414471604345,0.2664297727588867,0.15067211269742917,-0.022319452699199535,-0.2773555558365685,-0.006841260005816968,-0.33823138886430026,-0.14720722315659024,-0.31949063594633215,-0.3486766398158803,-0.3248270716625147,-0.10863819724579218,-0.5760947912846647,-0.4112975631962974,-0.5159271108638197,-0.6785998811315267,-0.2073749035774352,-0.5808242390520871,-0.5226545606292442,-0.17189139973950102,-0.46676108701425156,-0.19773896989086862,-0.24804309614436196,-0.15573034560376334,-0.11050974342113583,0.15229074722745609,-0.18504280529596986,0.11195133979944107
#102,-0.2085888794749554,-0.19073331731559579,-0.5430898215708342,-0.1593216909672606,-0.006107816234398513,-0.17608973305175837,0.014605647517039922,-0.1563626247170551,-0.3021156059130743,-0.38051821596125396,-0.48016540421603715,0.04738299675008536,-0.26367303582493457,0.07214304682659113,0.24743610819560186,1.0,-0.5047231249762896,-0.6526511463220324,0.3331478647934344,0.4725527636920042,-0.3443012683519013,0.17222018487841273,-0.039795647390584096,0.16809772505975037,-0.31959180060445885,-0.12118261485350093,-0.25004109814236397,-0.16073799618103415,0.04692775578851528,0.14088443202367254,-0.45689753284689993,-0.3803664689740639,-0.2931372425043311,-0.19887707229479382,0.15616029540080173,0.14735897014378027,-0.019006310145550653,0.1521137090757344,-0.121561982321476,0.18731901010382024,0.4482226634125368,0.5510565383983106,0.4030526435589727,0.46557240228126306,0.1504444922166441,0.09700426156122359,0.008459894535843903,0.12555798631748,0.05041793649388586,0.1455127151329683,0.06281060711440459,-0.07138431189064101,-0.29624805574172663,-0.1515067211269743,-0.5009041591320073,-0.24685441141137343,-0.007296500967387044,0.38337611755333273,0.35049760366216065,0.24865008409312206,-0.43883964137128695,-0.5341367493266227,0.4717181552624591,0.2600563992969056,0.036103137368960155,-0.20838655015870206,0.16870471300851048,0.3352470314495631,-0.13210839793118273,0.09809178163608544,-0.3636995915476928,-0.24991464231970562,-0.02803525588335715,0.08504154073774327,-0.0647074444542799,-0.3111445516508808,-0.3862846014744749,-0.23304543557708116,0.34086166997559403,0.43901667952300866,-0.2532024937088228,0.1349157171941982,0.10125317720254429,-0.23458819661351307,0.16394997407655634,-0.24326306604787618,-0.3101834873986773,0.10894169122017223,0.34645101733709327,0.23696556607949013,0.2657974936455949,0.30386069626575957,0.25679383907232006,-0.22480051593975645,0.06007916134498413,-0.42300737237446095,-0.02859166150305391,-0.3958699528319781,-0.28795255377533857,-0.16020688172586905,-0.08000859899594077,-0.388965464914832,-0.44559238230124304,-0.4221980551094475,-0.358995434944802,-0.4141301736238445,-0.25181147965958095,-0.5078086470491534,-0.2256098332047699,-0.21147207223156592,0.0699174243478041
#201,0.3685049128087103,0.2190341304265355,0.8533871192099041,0.5945826325573161,-0.12722720317657027,0.214152935671923,0.214001188684733,0.005020296159536666,0.047812946547123765,0.7613019891500904,0.3479937783735252,-0.22965641952983726,0.09217364913567445,-0.10112672137988593,-0.48163229175887406,-0.5047231249762896,1.0,0.6900061963353102,-0.22421881915552802,-0.26842777475688867,0.25831130894422033,-0.05598199269085345,0.13691371919220022,0.025253227784873353,0.10246715310006449,-0.08236067729738616,0.28704207185219843,0.4329720911999393,-0.10638728360247347,-0.4598565990971054,0.23084510426282578,0.0295527257552574,0.47146524361714237,-0.15694432150128354,-0.20962581722075393,-0.4747025126771962,-0.4340343201102695,-0.5070752032777349,-0.004489181704371578,-0.013771039087494785,-0.4630938681571593,-0.714386878943841,-0.3219438789059042,-0.547642231186535,-0.05583024570366343,-0.15547743395844663,0.3351205756269047,0.15052036571023913,0.16028275521946408,0.15805713274067704,0.5147890084598945,0.6412448311182488,0.7327229732293024,0.2751805156868448,0.4820369503913808,0.07183955285221108,-0.05636136015882851,-0.390963466912834,0.14250306655369946,0.09045384994752083,-0.022066541053882827,0.3643318706609846,-0.5078845205427484,-0.3524450233310993,0.4773580849530217,0.5524475524475524,-0.14586679143641168,-0.24551397969119487,-0.013998659568279821,0.10317530570695127,0.6594291784165202,0.531202974240949,-0.4275091996610984,-0.5268023116124382,-0.35322904943158107,0.043513448576739715,-0.029476852261662388,0.10686781572857522,-0.14146612880790096,-0.17651968284879677,0.29465471237623136,-0.28666270438422337,-0.328646037506797,-0.04189481404671278,-0.19313597794610451,-0.10712072737389193,0.040883167465445944,-0.10110143021535427,-0.3694659770609138,-0.11384817713931639,-0.35082638880107236,0.05340229390862302,-0.10355467317492634,-0.09212306680661111,-0.13332237382870293,0.680951959432972,-0.05901693243465395,0.8710909343820736,0.6422058953704524,0.37702803525588335,0.6119829537551057,0.599590283134587,0.3038101139366962,0.8135029527434591,0.4790525929766436,0.5841879639347993,0.4681773922280251,0.15449107854171146,0.13575032562374334,-0.045258538929425,-0.13463751438434982
