,#10,#11,#12,#13,#17,#18,#26,#49,#50,#51,#52,#53,#54,#58,#101,#102,#201,#202,#301,#302,#401,#402,#501,#502,#601,#602,#701,#702,#801,#802,#901,#902,#1001,#1002,#1101,#1102,#1201,#1202,#1301,#1302,#1401,#1402,#1501,#1502,#1601,#1602,#1701,#1702,#1801,#1802,#1901,#1902,#2001,#2002,#2101,#2102,#2201,#2202,#2301,#2302,#2401,#2402,#2501,#2502,#2601,#2602,#2701,#2702,#2801,#2802,#2901,#2902,#3001,#3002,#3101,#3102,#3201,#3202,#3301,#3302,#3401,#3402,#3455,#3501,#3502,#3601,#3602,#3701,#3702,#3801,#3802,#3901,#3902,#4001,#4002,#4101,#4102,#4201,#4202,#4301,#4302,#4401,#4402,#4501,#4502,#4601,#4602,#4701,#4702,#4801,#4802
#10,1.0,0.7331276318618091,0.6836075317087975,0.45725160915034335,0.09164253468050937,0.12725249434110195,-0.16943815677992893,0.41332085635883103,0.3352723226140948,0.46805093640536677,0.5321134561640891,-0.26825073660516696,-0.1234588196613513,-0.22075392961468912,-0.22497755409147815,0.2971838288293984,0.6096814577827236,0.6808255036103137,-0.05443923165442153,0.20621151000897836,-0.3568962682886734,0.3130160978262244,-0.15320122915059625,0.157753638766297,0.18643381934521175,0.14867411069942715,0.21212964250938934,0.28122510400991413,0.008839262003818966,-0.026694824163178595,0.30107866816727574,0.2823379152493077,0.4018386676614525,0.3023432263938593,-0.24976289533251558,-0.26205440129490765,-0.09657431176418518,0.024443910519859887,-0.23974759417797392,0.12348411082588298,-0.013012304151544658,0.10970042615612235,-0.6999962063253202,-0.023229934622339684,-0.20605976302178833,-0.23228670064113102,-0.1201709682722341,-0.03931511526448235,-0.006057233905335171,0.15552801628750995,0.11779359880625703,0.04912808710277065,0.07813705282059713,0.39533883837681305,-0.3729561577662843,0.09462689209524652,-0.4258652739665398,-0.3583378646669786,0.3902047319768839,0.13481455253607152,-0.38001239267062054,-0.39718509338762503,-0.46304328582809595,-0.23785075683809861,0.5791550221929969,0.427003376370465,-0.40565763350573475,-0.36273852729548933,0.07770710302355872,0.05337700274409135,0.4540396312548211,0.5730851427053959,0.009370376458984054,0.3059092805928249,-0.5099583960343455,-0.28643508390343836,-0.59781990161737,-0.37895016376029034,-0.07758064720090037,0.290228758583189,-0.15492102833874985,-0.24371830700944624,,-0.28319781484338447,-0.34465534465534464,-0.3397741499007322,-0.3885102239532619,-0.022344743863731205,0.08251242428457618,-0.5547237572554028,-0.4415710871407074,-0.41246095676475425,-0.34933421009370375,0.32287965199357604,-0.04298233412157463,0.45844029388333185,0.5992867891602068,0.4257894004729448,0.29910595733380546,0.3574779650729018,0.4785214785214785,0.18645911050974343,0.21931233323638388,0.5435197713678727,0.42295679004539766,0.5477686870091933,0.2671885076948368,-0.43206160927679915,-0.32224737288028427,0.05112608910077265,0.08236067729738616
#11,0.7331276318618091,1.0,0.7649186256781193,0.43094879803740566,-0.1298827754523957,0.06212774567204947,-0.2949834975151431,0.053579332060344716,-0.09503155072775325,0.49829916918524514,0.25917120853829717,-0.39718509338762503,-0.28721911000392014,-0.38881371792764197,-0.40469656925353126,0.473336789792486,0.6354531544404962,0.6889945497540434,-0.15820887972786707,0.37533352723226143,-0.5984774718951934,0.5472375725540283,-0.44812149875441015,0.21845243364230707,0.06614904083258513,0.3253581861176798,0.16830005437600373,0.010609643521035926,-0.20631267466710504,-0.17158790576512095,0.15031803639398575,-0.14495630951327154,0.21594860835367163,0.005374372462980058,-0.5239697011848911,-0.38959774402812375,-0.48335209094702763,-0.016376029034256882,-0.4624110067148042,0.3030513790007461,-0.1647845825061015,0.15353001428950797,-0.8228859747847089,-0.050594974645607554,-0.25219084712755596,-0.23992463232969563,-0.1776324940881903,-0.46835443037974683,0.1607885785100975,0.031727765904981095,0.272474361081956,0.10279593823897622,0.03622959319161851,0.6877805738565232,-0.6142085762338927,0.3841095613247512,-0.24736023470200685,-0.10385816714930639,0.5028262876364142,0.1571466508175369,-0.07522856889945498,-0.14154200230149597,-0.6444821001783028,-0.3389142503066554,0.6521200318668673,0.7545239570556026,-0.6064947710517331,-0.46215809506948746,-0.14771304644722366,-0.055602625222878385,0.525588335714918,0.45254745254745254,-0.027984673554293807,0.20246841765829107,-0.6312548211282388,-0.20120385943170754,-0.5335550525423943,-0.14417228341278973,-0.39098875807736566,0.3073761681356618,-0.1288458377065972,-0.238128959647947,,-0.46481366734531293,-0.49255807483655584,-0.04568848872646341,-0.10555267517292834,-0.011747745924961115,0.34007764387511225,-0.6830258349245691,-0.5959230642774946,-0.42697808520593333,-0.42763565548375676,0.28304606785619446,0.005045587324068337,0.6165100722062747,0.7508567381985104,0.33426067603282794,0.09323587804600462,0.4454659264785847,0.2502940097876807,0.2587665499057904,-0.04136369959154769,0.3482466900188419,0.021434261940591056,0.27158917032334756,-0.1640005564056197,-0.1871672631166302,-0.4678738982536451,0.36888428027668535,0.41122168970270234
#12,0.6836075317087975,0.7649186256781193,1.0,0.2993588689791221,0.02715006512474867,0.2372690600538702,-0.16359589777311295,0.18104680129996586,-0.04657367948507189,0.3453887884267631,0.23608037532088166,-0.4315304948216341,-0.03567318757192175,-0.2873455658265785,-0.4126632860810076,0.48734809494303166,0.7564207943954779,0.9027048900466622,-0.26888301571845874,0.2050481164405215,-0.6930411360791108,0.4567710770242416,-0.2556304455038632,0.19781484338446365,0.020549071181982573,0.20363181122674792,0.39334083637881107,0.21470934129161978,0.05451510514801654,-0.2617509073205276,0.38451421995725793,0.08992273549235574,0.43631052491811984,0.19005045587324068,-0.4264722619152999,-0.4268263382187433,-0.29811960191707026,-0.10851174142313383,-0.31680977250597503,0.06104022559718762,0.10041856877299915,-0.02570846874644343,-0.7635276116288775,-0.24526106804587816,-0.09328646037506796,-0.4568469505178366,-0.04965920155793573,-0.24467937126164974,0.2787212787212787,0.3298600134043172,0.2724996522464877,0.36349726223143947,0.012683519012632937,0.6104907750477371,-0.698402862959825,0.2297828753524956,-0.3608669811201457,-0.3462486880208399,0.5841120904412044,0.29050696139303733,-0.280542242567559,-0.344554179997218,-0.6293074014593002,-0.22201848784127265,0.6899809051707786,0.6900820698289053,-0.5457959761757231,-0.3730826135889427,-0.022749402496237938,-0.03898633012557063,0.6550285157880095,0.6230857749845091,-0.22748137938011356,0.05244122965641953,-0.6428128833192124,-0.2953881561476498,-0.6572035559377332,-0.15244249421464612,-0.24237787528926769,0.19075860848012746,0.04624489434616017,-0.18238723302014442,,-0.5495390685264103,-0.44802033409628345,-0.20006575702778234,-0.24794193148623528,0.23400649982928465,0.2083359678296387,-0.6353519897823695,-0.5269034762705649,-0.39483301508617963,-0.39953717168907044,0.34065934065934067,0.061318428407036,0.7884394086925732,0.6986304834406101,0.5518152733342607,0.45239570556026254,0.5086179643141668,0.5262206148282098,0.5787756547250218,0.23714260423121183,0.43954779397817373,0.28989997344427726,0.519670203214507,0.2009762389509225,-0.4095777640081438,-0.465193034813288,0.15570505443923166,0.2168590902768118
#13,0.45725160915034335,0.43094879803740566,0.2993588689791221,1.0,0.3167086078478484,0.3819092300104958,0.11111673136989593,0.1204238799175508,0.11197663096397274,0.6481999013644584,0.21862947179402875,0.1426548135408895,0.12730307667016527,0.1717902350813743,-0.07742890021371034,-0.14988808659694736,0.5452648617205579,0.31094222233462737,-0.028490496844927226,0.0993310486981373,-0.1674654459464586,0.13643318706609847,0.00453976403343492,-0.04242592850187787,0.15648908053971344,0.31878248333944537,0.2937189392885595,0.4706559263521289,0.1460185384236017,0.2919232666068109,0.1439446629320047,0.2505469214329974,0.2360297929918183,0.24306073673162282,-0.09348878969132134,-0.0020106475802678333,-0.04695304695304695,0.10105084788629093,-0.12851705256768547,0.2891918208373905,-0.17573565674831498,0.15884115884115885,-0.3053275838085965,0.04455038632253822,-0.238204833141542,-0.023482846267656395,0.3914187078744041,0.13931637982270895,-0.2484477547768687,-0.09546150052479166,0.04733241442102202,-0.14814299624426205,-0.17439522502813642,0.20029337750856738,0.015617294098306757,0.16081386967462916,-0.3621568305112609,-0.22411765449740134,-0.05062026581013923,0.0005184688728992527,-0.16137027529432593,0.05921926175090732,0.006664221854095272,0.03256237433452623,0.40783267365545844,0.2929096220235461,0.01961329809431075,-0.1282388497578371,0.1200698036141074,0.1399486589360007,-0.0811972837289293,0.10911872937189393,-0.14753600829550198,-0.05570378988100507,-0.2782154554306453,-0.2526966704181894,-0.16665612868144514,-0.2745988189026164,-0.05620961317163849,0.25090099773644076,-0.04369048672846141,-0.03286586830890628,,-0.16936228328633393,0.016249573211598527,-0.2513056563689475,0.0005943423664942653,-0.14470339786795483,0.046472514826945206,-0.282312624084776,-0.05277001479533125,-0.21420351800098636,-0.017008308147548654,-0.019689171587905764,-0.290380505570379,-0.07854171145310386,0.33544936076581644,0.5099836871988771,0.31749263394833016,0.29933357781459047,0.3061369010736099,0.1355227051429583,0.38127695089720404,0.4460729144273448,0.4254859064985647,0.4318592799605458,0.10320059687148295,-0.024342745861733205,0.11625083776982512,0.010710808179162609,0.004008649578269832
#17,0.09164253468050937,-0.1298827754523957,0.02715006512474867,0.3167086078478484,1.0,0.5663324017754398,0.16177493392683265,-0.043538739741271384,0.2039100140365963,0.17469871900251646,0.2732836783469695,0.358767814464017,0.4924569101784292,0.30239380872292265,0.36137280441077907,-0.099508086849859,0.1797822430733823,0.034737414484249926,0.006183689727993526,-0.2867132867132867,0.1339040706129314,-0.2627119715727311,0.25454292542900137,0.06430278582177316,0.05653839831055021,-0.08177898051315773,0.37027529432592726,0.41435779410462953,0.4555318099621897,0.278544240569557,0.03746886025367038,0.41615346678637816,0.1998381365469973,0.242276710631141,0.2269249737604168,0.25560515433933156,0.23886240341936543,-0.09776299649717371,0.21215493367392102,-0.10502156071776325,0.1439446629320047,0.07682191226495023,0.24885241340937544,0.09791474348436374,0.11440458275901313,0.03714007511475866,0.24963643950985723,0.43135345666991237,-0.11726248435109195,0.14930638981271893,0.1157450144791917,0.06240594848189785,-0.06308880992425296,-0.2665309374170134,0.13054034573021914,-0.3906852641029856,-0.3087924733494354,-0.4363611072471832,-0.22629269464712504,0.14303418100886456,-0.3685807863023053,-0.2359539194982233,0.3582619911733836,0.3076543709455102,-0.025809633404570112,-0.33484237281705637,0.48418669937657277,0.326799782495985,0.19240253417468609,0.07343289621770635,-0.1310967513499159,-0.05345287623768637,0.022951731812491306,-0.09988745431783407,0.01683126999582696,-0.39953717168907044,-0.10742422134827198,-0.3266227443442633,0.543266859722556,0.028743408490243934,-0.09151607885785101,0.5830245703663425,,-0.01726121979286536,0.5066958358097599,-0.5166858457997698,-0.24667737325965175,0.5436209360259994,0.038455215670405545,0.24217554597301433,0.5134738679042476,0.10944751451080564,0.4079591294781168,-0.25613626879449664,-0.3309981158082424,-0.1621037190657444,-0.1580065504116137,0.19209904020030602,0.26268668040819937,0.10535034585667497,0.38856080628232526,0.1869143514713135,0.44716043450220666,0.27601512411638995,0.45846558504786356,0.22672264444416343,0.3511045916109207,-0.2662021522781016,-0.042805295969852934,-0.43246626790930587,-0.31820078655521694
#18,0.12725249434110195,0.06212774567204947,0.2372690600538702,0.3819092300104958,0.5663324017754398,1.0,0.4479191694381568,0.32826667003882193,0.2802134574286473,0.5103377635023205,0.4404329847367822,0.4265228442443632,0.5488056247549918,0.38638576613260156,-0.006234272057056867,-0.3072750034775351,0.44890552485489194,0.12401522528104807,-0.11518860885949493,-0.3549488486197347,-0.06533972356757167,-0.3298600134043172,0.3262433768762883,-0.10201191213849442,0.04766119955993374,-0.11865349840033385,0.3564157361625716,0.377053326420415,0.549564359690942,0.32991059573338055,0.017590004931777085,0.37462537462537465,0.24068336726564574,0.2988024633594254,0.20059687148294744,0.03974506506152076,0.1568684480076885,-0.24902945156109713,0.29058283488663234,-0.10519859886948495,0.17968107841525563,-0.020220286043070853,0.13043918107209246,-0.22925176089733051,0.2824137887429027,-0.19475461247613146,0.2713615498425625,0.08175368934862606,-0.10269477358084952,0.1504444922166441,0.28939415015364384,0.43689222170234826,-0.054970346109586614,-0.00039201305024089833,-0.02950214342619406,-0.3019132765968209,-0.25446705193540636,-0.4484755750578535,-0.07924986405999064,0.4123092097775642,-0.3843877641345996,-0.12062620923380417,0.28375422046308124,0.25750199167920684,0.002845256009812972,-0.05395869952831978,0.304670013530773,0.20686908028680182,0.10244186193553283,-0.2547958370743181,-0.12087912087912088,-0.02985621972963745,-0.07409046649552979,-0.0727753259398829,0.08478862909242656,-0.07189013518127442,-0.09692838806762857,-0.2171120019221285,0.3278367202417835,-0.1581077150697404,0.10163254467051935,0.6019423614360323,,0.05583024570366343,0.2888883268630104,-0.5183044803297968,-0.25616155995902834,0.3246247423462613,0.11996863895598073,0.13516862883951491,0.42070587640207896,-0.013720456758431442,0.34048230250761896,-0.35983004337434715,-0.3443518506809646,-0.05595670152632178,-0.09543620936026,0.18843182134321373,0.3625867803082993,0.12199193211851439,0.24773960216998192,0.3489042602966654,0.5180768598490118,0.10079793624097422,0.3195159271108638,0.1782394820369504,0.2389888592420238,-0.19139088759341924,0.02419099887454318,-0.43995245261068044,-0.16473400017703815
#26,-0.16943815677992893,-0.2949834975151431,-0.16359589777311295,0.11111673136989593,0.16177493392683265,0.4479191694381568,1.0,0.4174938985065567,0.4637261472704511,0.21921116857825718,0.21508870875959485,0.4859064985647264,0.7423589069158689,0.7995422299219768,0.08592673149635174,-0.3926326837719243,-0.0463966413333502,-0.06187483402673276,0.0831952857269313,-0.46200634808229746,0.008459894535843903,-0.4054805953540131,0.4154200230149597,-0.05876402078933725,-0.14748542596643863,-0.03418100886455317,-0.12978161079426903,0.09106083789628093,0.4970599021231933,0.44248156906384756,-0.057322424411032004,0.3377002744091352,0.1933383072623579,0.48944726159916035,0.35942538474184044,0.06432807698630484,0.30767966211004183,-0.019562715765247412,0.3001934774086673,0.09758595834545201,0.10003920130502408,-0.22338421072598288,0.3513322120917058,-0.20889237344933548,0.6023976023976024,-0.019436259942589056,0.22184144968955097,0.2002680863440357,-0.2347399436007031,-0.06579496452914174,-0.3137242504331112,0.10006449246955576,-0.4640549324093628,-0.18757192174913695,0.2686806864022054,-0.3066933066933067,-0.16379822708936634,-0.29303607784620445,0.03193009522123446,0.24508402989415648,-0.32277848733544934,-0.121637855815071,0.5150925024342746,0.3854499930449298,-0.2529748732280378,-0.22103213242453748,0.5293567192301369,0.5650678435488562,0.3244477041945396,0.06718597857838364,-0.10570442216011837,-0.010533770027440914,-0.3215392202733975,-0.4484755750578535,0.10474335790791486,-0.07884520542748391,-0.019385677613525713,-0.14986279543241568,0.3614233867398424,0.13069209271740917,0.25310132905069616,0.2726766903982094,,0.3931385070625577,0.21516458225318985,-0.28130097750350913,-0.2870926541812618,0.09892639006563057,-0.03628017552068185,0.24935823670000884,0.3284689993550753,0.006284854386120209,0.34119045511450574,-0.5937227329632393,-0.1762414800389484,-0.3844636376281946,-0.07019562715765247,0.08385285600475474,0.13317062684151293,0.08453571744710985,0.14450106855170147,0.14680256452408352,0.3244729953590713,0.03129781610794269,0.24950998368719887,0.2824896622364977,0.38233917980753424,-0.11230541610288446,0.17765778525272197,-0.2705775237420807,-0.031702474740449425
#49,0.41332085635883103,0.053579332060344716,0.18104680129996586,0.1204238799175508,-0.043538739741271384,0.32826667003882193,0.4174938985065567,1.0,0.7149685757280694,0.30117983282540245,0.649995574046207,0.17265013467545112,0.31288964200356606,0.2051492810986482,0.07755535603636869,-0.32207033472856256,0.3408869611401257,0.17689905031677183,0.3292530254555571,-0.23871065643217543,0.11432870926541813,-0.29108865817726576,0.5013341089290456,-0.18471402015705812,0.2412397728853425,-0.2122560983320477,-0.2232830460678562,0.1265949240632785,0.5043943398373778,0.13984749427787402,0.03731711326648036,0.418935494884862,0.2771785176848468,0.42310853703258766,0.27755788515282187,-0.05403457302191479,0.3993854247018804,0.019335095284462374,0.3865122219552599,-0.20150735340608758,0.23476523476523475,-0.09101025556721759,-0.025607304088316747,-0.24521048571681484,0.4115251836770824,-0.24925707204188216,-0.043816942551119765,0.2073749035774352,-0.45014479191694384,-0.14414699224825808,-0.16969106842524564,0.17854297601133043,0.05436335816082651,-0.028768699654775604,0.1734594519404646,-0.13104616902085256,-0.3660769610136699,-0.42998773378520216,0.20024279517950405,0.15633733355252344,-0.593823897621366,-0.3860063986646265,0.09166782584504103,-0.04662426181413523,-0.05335171157955968,-0.08693837807761859,0.026264874366140188,0.01898101898101898,0.40818674995890186,-0.026138418543481836,0.0727753259398829,0.3210839793118274,0.09111142022534427,0.12836530558049544,0.1730042109788945,0.10051973343112583,-0.27227203176570264,-0.37991122801249383,0.23408237332287965,-0.07707482391026695,0.05481859912239659,-0.08182956284222107,,0.282312624084776,-0.10830941210688046,-0.4104882459312839,-0.5077833558846218,-0.09738362902919864,-0.17409173105375636,0.061596631216884384,-0.04940628991261903,-0.1463726147270451,-0.08053971345110586,-0.16835063670506709,-0.16918524513461222,0.0024153062127745674,0.04801527586337713,0.1508997331782142,0.25633859811075,-0.1710315001454242,0.16900820698289054,0.06038265531936418,0.28357718231135953,0.18054097800933244,0.38969890868625046,0.25206439130489766,0.4500942095878805,-0.42050354708582555,-0.01513676197220501,-0.4130426535489827,-0.27867069639221537
#50,0.3352723226140948,-0.09503155072775325,-0.04657367948507189,0.11197663096397274,0.2039100140365963,0.2802134574286473,0.4637261472704511,0.7149685757280694,1.0,0.2863592104098433,0.7402850314242719,0.2659492406327849,0.3770027440913517,0.3634213887378444,0.3016350737869725,-0.24829600778967867,0.16073799618103415,0.03278999481531127,0.40671986241606495,-0.30254555571011266,0.3001934774086673,-0.34629927034990327,0.5676475423310866,0.033700476738451425,0.30497350750515306,-0.13349941198042464,-0.21116857825718585,0.13906346817739224,0.5192655445820002,0.24824542546061534,0.11407579762010142,0.4335790791486994,0.23618153997900834,0.5438485565067843,0.42978540446894875,0.12244717308008447,0.5307477332793789,0.033725767902983095,0.4135990591686794,-0.10112672137988593,0.13949341797443063,-0.07006917133499412,0.1745722631798581,-0.08992273549235574,0.425157121359653,-0.07967981385702905,-0.038177012860557163,0.30950062595632216,-0.5652954640296413,-0.15512335765500324,-0.2956410677929665,-0.026770697656773607,-0.07201659100393278,-0.14371704245121966,0.28648566623250166,-0.2386347829385804,-0.41931486235283705,-0.47796507290178175,0.003705155603889781,-0.05105021560717763,-0.5551284158879095,-0.3243212483718813,0.33547465193034814,0.19065744382200078,-0.09885051657203556,-0.41213217162584254,0.318504280529597,0.2943512184018513,0.5063923418353798,0.14687843801767853,0.010887846330884306,0.2224990199673744,0.03453508516799656,-0.014580356352508251,0.1621795925593394,-0.15014099824226407,-0.20648971281882675,-0.5706066085812921,0.5550019600652512,0.1572225243111319,-0.021813629408566116,0.10658961291872684,,0.35977946104528385,0.1088911088911089,-0.5568735062405948,-0.5791803133575285,-0.048217605179630495,-0.1571466508175369,0.15560388978110498,0.16690904032676185,-0.09399461298195476,0.1640764298992147,-0.37341139872785445,-0.28648566623250166,-0.18261485350092946,-0.04060496465559757,0.09740892019373032,0.14493101834873987,-0.1206009180692725,0.16506278531594987,-0.061950707520327775,0.24892828690297045,0.10175900049317771,0.4255617799921597,0.3281402142161636,0.4532556051543393,-0.310739893018374,0.039795647390584096,-0.3519644912049975,-0.20841184132323373
#51,0.46805093640536677,0.49829916918524514,0.3453887884267631,0.6481999013644584,0.17469871900251646,0.5103377635023205,0.21921116857825718,0.30117983282540245,0.2863592104098433,1.0,0.46253746253746253,0.0226988201671746,0.1930853956170412,0.12717662084750692,-0.16579622908736832,-0.15707077732394187,0.5641067792966528,0.2872444011684518,-0.05421161117363649,-0.23006107816234397,-0.29988998343428724,-0.14710605849846356,0.019942083233222475,0.04677600880132526,0.1358767814464017,0.10787946230984205,0.06925985406998066,0.062355366152834504,0.4069221917323183,0.18018690170588905,0.11845116908408047,0.17272600816904615,0.41777210131640513,0.3018121119386942,-0.06260827779815122,-0.23175558618596592,-0.10815766511969044,-0.19778955221993197,-0.03701361929210031,0.15681786567862518,-0.05201127985938112,-0.089442203366254,-0.232134953653941,-0.314584150027188,0.028768699654775604,-0.19285777513625615,0.2161762288344567,-0.24971231300345226,-0.26941413017362387,-0.2325649034509794,0.20588272487006665,0.13597794610452837,-0.15026745406492242,0.409021358388447,-0.1895952149116706,0.07651841829057018,-0.19080919080919082,-0.37470124811896965,0.17123382946167756,0.16561919093564664,-0.0922242314647378,0.0824112596264495,-0.07672074760682356,0.09379228366570139,0.3146094411917197,0.22287838743534946,-0.012734101341696278,-0.03863225382212724,0.13089442203366253,-0.10234069727740613,0.08878463308843056,0.13696430152126354,-0.09260359893271286,-0.09366582784304303,-0.15704548615941022,-0.22902414041654548,-0.10347879968133132,-0.07232008497831283,-0.00982561742055413,0.10355467317492634,-0.14232602840197778,0.021712464750439434,,-0.12358527548400966,-0.2650387587096448,-0.18210903021029604,0.024418619355328217,0.030210296033080845,0.048217605179630495,-0.3773062380657317,-0.1228518317125912,-0.316658025518785,0.005956069247208488,-0.13833002440597378,0.006993006993006993,0.1534288496313813,0.34055817600121396,0.25785606798265026,0.11283653055804954,0.12826414092236876,0.1838541205629813,0.4539890489257578,0.4236143603232211,0.3113721721316658,0.23883711225483378,0.36003237269060057,0.031753057069512765,0.09417165113367645,-0.1540358375801414,0.13585149028187002,0.318731901010382
#52,0.5321134561640891,0.25917120853829717,0.23608037532088166,0.21862947179402875,0.2732836783469695,0.4404329847367822,0.21508870875959485,0.649995574046207,0.7402850314242719,0.46253746253746253,1.0,0.09336233386866298,0.22950467254264723,0.006841260005816968,0.1575766006145753,-0.03769648073445542,0.3459199028819282,0.24270666042817943,0.3918992400005058,-0.0679194223498021,0.07661958294869688,-0.21089037544733746,0.46572414926845307,0.021763047079502777,0.3394706559263521,-0.10315001454241961,-0.2187559276166871,0.14088443202367254,0.48886556481493193,0.20810834734885367,0.10970042615612235,0.3935684568595961,0.4165834165834166,0.4328962177063443,0.33514586679143643,0.08610376964807344,0.42518241252418465,0.021054894472615993,0.40373550500132777,-0.10719660086748695,0.21776957219995194,0.06382225369567142,-0.06900694242466394,-0.09123787604800263,0.2851705256768548,-0.35047231249762895,-0.1909862289609125,0.13243718307009447,-0.4708329645038506,-0.18076859849011748,-0.1707785885001075,0.16180022509136432,-0.05337700274409135,0.04336170158954969,0.027858217731635455,-0.16008042590321073,-0.5490332452357769,-0.4842878640346995,0.16195197207855436,0.11620025544076178,-0.6562677828500614,-0.45740335613753336,0.0625324043045562,-0.18081918081918083,0.10299826755522958,-0.12879525537753386,-0.02368517558390976,-0.06359463321488638,0.3109675134991591,0.0283387498577372,0.06427749465724149,0.32085635883104235,0.24650033510793004,0.19260486349093944,0.14662552637236181,0.039163368277292325,-0.39341670987240607,-0.5992614979956752,0.28383009395667624,0.08762123951997369,-0.005551410614701754,0.1454368416393733,,0.32353722227139947,0.09695367923216025,-0.6282704637135017,-0.6371223712995865,0.10082322740550588,-0.02401396072282148,0.024064543051884824,0.09715600854841361,-0.173965275231098,0.031348398437006035,-0.11554268516293832,-0.31230794521933763,0.08913870939187395,0.0946521832597782,0.0993310486981373,0.22320717257426118,-0.07232008497831283,0.27133625867803085,0.062330074988302835,0.3477661578927402,0.19278190164266112,0.44336675982245605,0.3079831560844219,0.3710846115909407,-0.5001201330315255,-0.26799782495985025,-0.3338307262357895,-0.20874062646214545
#53,-0.26825073660516696,-0.39718509338762503,-0.4315304948216341,0.1426548135408895,0.358767814464017,0.4265228442443632,0.4859064985647264,0.17265013467545112,0.2659492406327849,0.0226988201671746,0.09336233386866298,1.0,0.594430885570126,0.5670152632177948,0.43926959116832537,-0.48441431985735783,-0.040807293971850934,-0.38762503319465347,0.12879525537753386,-0.4567710770242416,0.3869168805877667,-0.4589966995030286,0.2674667105046852,-0.10906814704283059,-0.06989213318327242,-0.12811239393517876,0.03311877995422299,0.13286713286713286,0.3323638386929526,0.4884356150178935,-0.22252431113190607,0.18600386954817336,-0.11425283577182312,0.04245121966640954,0.28216087709758597,0.30689563600956005,0.181881409729511,-0.06556734404835671,0.2428836985799011,-0.13420756458731142,-0.005121460817663349,0.15469340785796482,0.5381580444871584,0.28309665018525776,0.3687325332894953,0.4228303342227393,0.264406479596353,0.2847405758798164,-0.22525575690132651,-0.12429342809089644,-0.0838022736756914,-0.12143552649881764,-0.06402458301192479,-0.4381567799289318,0.36976947103529384,-0.40871786441406693,0.03230946268920953,0.017109472805675336,-0.45320502282527597,-0.05975037620607241,-0.1519366709240127,0.08731774554559364,0.7416507543089822,0.5206818497957738,-0.34569228240114314,-0.4168363282287333,0.7064201621163646,0.6603396603396603,0.2150381264305315,0.14366646012215634,-0.38863667977592026,-0.39604699098369983,0.05709480393024697,-0.18658556633240178,0.2224990199673744,-0.06857699262762554,0.20638854816070007,-0.06341759506316469,0.5089467494530786,0.01571845875643344,0.20699553610946017,0.6407390078276154,,0.3442253948583063,0.6094285461374069,-0.16258425119184614,-0.04735770558555369,0.13261422122181615,0.0767713299358869,0.47682697049785655,0.5327204441128491,0.1924784076682811,0.459123155325687,-0.5633480443607026,-0.3181502042261536,-0.5663071106109081,-0.36698744293681,-0.048546390318542215,-0.02067552700464093,-0.2017602650514043,-0.08711541622934028,-0.1345869320552865,0.09740892019373032,-0.1448298536906132,-8.851907586084801e-05,-0.1612185283071359,0.05684189228493026,0.04131311726248435,0.31688564599957003,-0.5525992994347425,-0.41117110737363904
#54,-0.1234588196613513,-0.28721911000392014,-0.03567318757192175,0.12730307667016527,0.4924569101784292,0.5488056247549918,0.7423589069158689,0.31288964200356606,0.3770027440913517,0.1930853956170412,0.22950467254264723,0.594430885570126,1.0,0.7749592179971927,0.32121043513448577,-0.3003199332313256,0.16706078731395188,0.021687173585907764,-0.029805637400574108,-0.6048508453571745,0.10024153062127746,-0.44900668951301864,0.4057840893283931,-0.00545024595657507,-0.053882826034724766,-0.22361183120676792,0.12176431163772936,0.17844181135320375,0.6206831143540005,0.23769900985090858,-0.007220627473792031,0.3655205553939731,0.22229669065112104,0.28995055577334056,0.22846773479684873,-0.031449563095132714,0.1689323334892955,-0.3376749832446035,0.2715385879942842,-0.28957118830536555,-0.01801995472881549,-0.33152923026340747,0.3706546617939023,-0.20231667067110104,0.6170664778259715,-0.008687515016628941,0.4104123724376889,0.33691624830865335,-0.16852767485678877,0.038708127315722256,-0.07611375965806345,0.26888301571845874,-0.2719179554622593,-0.3202493708822823,0.08663488410323854,-0.5564182652790248,-0.12646846824062014,-0.4695431151127354,0.0004173042147725692,0.34005235271058054,-0.35186332654687086,-0.11273536589992286,0.5045966691536312,0.5226039783001808,-0.30393656975935457,-0.29963707178897053,0.6798391481935786,0.6941286561539726,0.3809481657582923,0.12522920117856826,-0.015086179643141668,-0.04922925176089733,-0.33476649932346136,-0.3784443404696569,0.012582354354506253,-0.25107803588816247,-0.04052909116200255,-0.09960925150798569,0.5878551827918916,-0.008308147548653878,0.3595518405644988,0.4528256553573009,,0.25778019448905526,0.41670987240607493,-0.3221462082221576,-0.19434995384362472,0.35831257350244694,-0.20838655015870206,0.3096270817789805,0.4544442898873279,0.10057031576018918,0.3957182058447881,-0.5410665284083006,-0.2526207969245944,-0.2091452850946522,-0.18792599805258034,0.0878741511652904,0.20848771481682873,-0.06609845850352179,0.27712793535578345,0.30497350750515306,0.4585920408705219,0.005020296159536666,0.31878248333944537,0.24093627891096245,0.44584529394655975,-0.12393935178745305,0.16152202228151596,-0.37113519392000405,-0.15866412068943714
#58,-0.22075392961468912,-0.38881371792764197,-0.2873455658265785,0.1717902350813743,0.30239380872292265,0.38638576613260156,0.7995422299219768,0.2051492810986482,0.3634213887378444,0.12717662084750692,0.006841260005816968,0.5670152632177948,0.7749592179971927,1.0,0.19875061647213546,-0.38858609744685696,-0.0747733279378849,-0.1883812390141504,-0.06637666131337018,-0.41296678005538767,0.22244843763831107,-0.3148623528370364,0.38742270387840005,0.07636667130338017,-0.14973633960975732,-0.018146410551473844,0.02631545669520353,0.1541875845673314,0.338636047496807,0.2246487689525664,-0.10575500448918171,0.2849176140315381,0.004337434717181552,0.28754789514283186,0.1635706066085813,-0.038809291973848935,0.14877527535755383,-0.25257021459553103,0.14187078744040768,-0.04164190240139607,-0.201937303203126,-0.4113734366898924,0.35593520403646983,-0.24007637931688564,0.4038619608239861,0.06397400068286144,0.3587425232994853,0.28810430076252863,-0.2286700641131021,0.013442253948583062,-0.173889401737503,0.09897697239469391,-0.3258387182437815,-0.3197182564271172,0.27108334703271414,-0.3995877540181338,-0.02775705307350877,-0.2535818611767979,-0.20385943170753298,0.19824479318150204,-0.151759632772291,0.06455569746708988,0.5753360563487145,0.6162065782318947,-0.42826793459704854,-0.2944270918954463,0.7340886961140126,0.625867803082993,0.30206502358401094,0.1524677853791778,-0.2126860481290861,-0.21703612842853348,-0.4036090491786694,-0.43405961127480114,0.0010748744925960115,-0.24708203189215847,0.12368644014213634,-0.053149382263306316,0.5967323815425081,0.1262408477598351,0.2331718913997395,0.34344136875782444,,0.2573249535274852,0.3926073926073926,-0.15767776527270197,-0.012253569215594532,0.040124432529495824,-0.29351660997230616,0.3816563183651791,0.4177468101518734,0.16015629939680573,0.4537108461159094,-0.6750085357680294,-0.2519126443177076,-0.5492355745520302,-0.18018690170588905,-0.05365520555393973,0.04358932207033473,0.016527776021446908,0.08400460299194476,0.04209714336296615,0.26698617837858346,0.013214633467798024,0.2514068210270742,0.21086508428280581,0.30939946129819546,0.1209549943727159,0.42639638842170485,-0.22325775490332453,-0.025607304088316747
#101,-0.22497755409147815,-0.40469656925353126,-0.4126632860810076,-0.07742890021371034,0.36137280441077907,-0.006234272057056867,0.08592673149635174,0.07755535603636869,0.3016350737869725,-0.16579622908736832,0.1575766006145753,0.43926959116832537,0.32121043513448577,0.19875061647213546,1.0,-0.059295135244502334,-0.07267416128175622,-0.22768370869636692,0.3883584769660719,-0.18658556633240178,0.6443556443556444,-0.19804246386524868,0.3676955955436968,-0.011798328254024456,0.22915059623920384,-0.12626613892436678,-0.2214620822215759,-0.05158133006234272,0.4026732760909976,0.0902262294667358,-0.11953868915894232,0.09976099849517571,-0.08977098850516572,-0.04371577789299308,0.39202569582316416,0.2157209878728866,0.35426598717737956,-0.02487386031689829,0.45239570556026254,-0.3622074128403242,0.015010306149546656,0.04073142047825592,0.4938985065567344,0.31981942108524386,0.19073331731559579,0.08858230377217718,0.051252544923431,0.32320843713248776,-0.49096473147106057,-0.3233601841196778,-0.3058334070992299,-0.19025278518949404,0.262332604104756,-0.4153441495213647,0.499462562753702,-0.2289988492520138,-0.26453293541901135,-0.24650033510793004,-0.4750565889806396,-0.4127391595746026,-0.28850895939503535,-0.15937227329632392,0.5005500828285638,0.37614284449727486,-0.42601702095372984,-0.5447843295944562,0.44837441039972686,0.4033561375333527,0.549716106678132,0.33570227241113315,-0.1633176949632646,-0.03362460324485641,0.24963643950985723,-0.04907750477370731,0.1984471224977554,-0.15370705244122965,-0.03266353899265292,-0.3866133866133866,0.5065440888225698,0.05140429191062103,0.14285714285714285,0.2880284272689336,,0.384741840438043,0.45735277380847,-0.27148800566522086,-0.11382288597478471,0.16774364875630698,-0.14182020511134436,0.42462600690448793,0.3704017501485856,-0.04009914136496415,0.01693243465395364,-0.3290506961393037,-0.28696619835860343,-0.2634454153441495,-0.3562639891753816,-0.24700615839856346,-0.09156666118691435,-0.3321362182121676,-0.06182425169766942,-0.27373891930853955,0.08941691220172233,-0.3445288888326863,0.14465281553889148,-0.12396464295198473,0.11673136989592686,-0.10664019524779018,-0.08167781585503105,-0.44053414939490887,-0.3738413485248928
#102,0.2971838288293984,0.473336789792486,0.48734809494303166,-0.14988808659694736,-0.099508086849859,-0.3072750034775351,-0.3926326837719243,-0.32207033472856256,-0.24829600778967867,-0.15707077732394187,-0.03769648073445542,-0.48441431985735783,-0.3003199332313256,-0.38858609744685696,-0.059295135244502334,1.0,0.10691839805763856,0.6042944397374778,-0.2726513992336777,0.4723757255402825,-0.4669634163305049,0.7341139872785443,-0.30853956170411867,0.642686427496554,0.20747606823556192,0.46119703081728397,0.05600728385538512,-0.0988252254075039,-0.22062747379203076,-0.455278898316873,0.2311738894017375,-0.2906334172156957,0.2317808773504976,-0.18640852818068007,-0.5097054843890287,-0.4940755447084561,-0.38077112760657067,-0.22368770470036292,-0.23810366848341533,-0.07077732394188091,-0.08134903071611932,-0.15320122915059625,-0.4746266391836012,0.1495087191289723,-0.24252962227645772,-0.23901415040655546,-0.5243996509819294,-0.45070119753664056,0.272170867107576,0.3625867803082993,0.021383679611527713,0.20621151000897836,0.11650374941514181,0.49306389812718926,-0.5312788477345439,0.28486703170247474,-0.16220488372387107,0.09806649047155376,0.22512930107866816,0.010483187698377572,-0.06571909103554673,-0.2646846824062014,-0.6034092489788693,-0.11468278556886152,0.36498944093880803,0.41271386841007096,-0.49966489206995535,-0.2374208070410602,-0.15674199218503015,0.11179959281225103,0.49281098648187255,0.28562576663842487,-0.039138077112760655,-0.006436601373310234,-0.6139050822595127,-0.2003692510021624,-0.5654725021813629,-0.039087494783697316,-0.12115732368896925,0.4493860569809937,0.13764716296361865,-0.20537690157943322,,-0.42363965148775273,-0.2725755257400827,0.033776350232046434,-0.09113671138987595,0.15317593798606458,0.1139999241265064,-0.4167351635706066,-0.44422665941653283,-0.3053275838085965,-0.3315039390988758,0.2246487689525664,0.15909407048647556,0.5384615384615384,0.5804195804195804,-0.029653890413384083,0.10277064707444454,0.3383325535224269,0.3802147219868739,0.22515459224319984,-0.0838022736756914,0.0345856674970599,0.019714462752437437,0.2440218009838263,0.05719596858837365,-0.27573692130654154,-0.6852008750742928,0.2811492305163191,0.2673402546820268
#201,0.6096814577827236,0.6354531544404962,0.7564207943954779,0.5452648617205579,0.1797822430733823,0.44890552485489194,-0.0463966413333502,0.3408869611401257,0.16073799618103415,0.5641067792966528,0.3459199028819282,-0.040807293971850934,0.16706078731395188,-0.0747733279378849,-0.07267416128175622,0.10691839805763856,1.0,0.6537892487259576,-0.12694900036672188,-0.014909141491419973,-0.30287434084902437,0.22002048584327066,-0.15229074722745609,-0.036684834153188586,0.043488157412208045,0.02629016553067186,0.4315304948216341,0.3153428849631381,0.27576221247107324,-0.1093969321817423,0.32287965199357604,0.1871672631166302,0.25315191137975945,0.13678726336954186,-0.2758127948001366,-0.3221209170576259,-0.2246740601170981,-0.18711668078756685,-0.212079060180326,-0.07783355884621708,-0.014352735871723213,0.04073142047825592,-0.5553054540396313,-0.22963112836530558,-0.0365836694950619,-0.3258893005728449,0.2712856763489675,-0.07960394036343403,-0.018247575209600526,0.06490977377053327,0.3643824529900479,0.288534250559567,0.23342480304505622,0.4067704447451283,-0.4055311776830764,0.09809178163608544,-0.3532037582670494,-0.5003477535123104,0.2796064694798872,0.10823353861328545,-0.3259651740664399,-0.2147599236206831,-0.30264672036823936,0.036760707646783596,0.4851983459578396,0.4839843700603194,-0.23362713236130958,-0.14437461272904312,0.24397121865476296,0.04996269553231578,0.4639537677512361,0.5195690385563804,-0.0904791411120525,0.1153909381757483,-0.44931018348739865,-0.31127100747353914,-0.483478546769686,-0.280466369073964,-0.027124773960216998,0.02715006512474867,-0.04027617951668585,0.0365836694950619,,-0.3906093906093906,-0.2620038189658443,-0.31238381871293264,-0.1763932270261384,0.1488764400156805,0.16185080742042768,-0.4540396312548211,-0.29746203163924684,-0.4201494707823822,-0.32796317606444186,0.062279492659239495,-0.19918056626917385,0.5617547009952073,0.4272562880157817,0.535654219198523,0.39923367771469037,0.304442393049988,0.31546934078579647,0.44716043450220666,0.3198700034143072,0.2602334374486273,0.26584807597465826,0.37105932042640905,0.08314470339786796,-0.2506986684201874,-0.20423879917550802,-0.061672504710479394,0.07232008497831283
