,#10,#11,#12,#13,#17,#18,#26,#49,#50,#51,#52,#53,#54,#58,#101,#102,#201,#202,#301,#302,#401,#402,#501,#502,#601,#602,#701,#702,#801,#802,#901,#902,#1001,#1002,#1101,#1102,#1201,#1202,#1301,#1302,#1401,#1402,#1501,#1502,#1601,#1602,#1701,#1702,#1801,#1802,#1901,#1902,#2001,#2002,#2101,#2102,#2201,#2202,#2301,#2302,#2401,#2402,#2501,#2502,#2601,#2602,#2701,#2702,#2801,#2802,#2901,#2902,#3001,#3002,#3101,#3102,#3201,#3202,#3301,#3302,#3401,#3402,#3455,#3501,#3502,#3601,#3602,#3701,#3702,#3801,#3802,#3901,#3902,#4001,#4002,#4101,#4102,#4201,#4202,#4301,#4302,#4401,#4402,#4501,#4502,#4601,#4602,#4701,#4702,#4801,#4802
#10,1.0,0.07024620948671581,0.6992880537184335,0.5137773618786277,0.2579825238053086,0.24996522464876894,-0.35644102732710325,0.6826717586211257,0.39076113759658065,0.5577586969992033,0.543418606709746,0.28931827666004883,0.04675071763679359,-0.5003477535123104,0.11933635984268896,0.11913403052643559,0.7735934951124824,0.3037089492785695,-0.11645316708607847,-0.44587058511109146,-0.039163368277292325,0.09667547642231186,0.1593216909672606,-0.05676601879133525,0.23777488334450358,-0.09396932181742308,-0.1514055564688476,0.10959926149799568,-0.3746506657899063,-0.07894637008561059,0.21948937138810556,-0.3348170816525247,0.27808899960798694,0.1338787794483997,-0.25717320654029513,-0.27558517431935153,0.13901288584832888,-0.10051973343112583,0.14953401029350397,-0.013062886480607999,0.025506139430190065,0.26835190126329367,0.28719381883938844,0.07649312712603852,-0.4382326534225268,-0.6063430240645431,0.04437334817081653,-0.1334488296513613,-0.2479166403217036,-0.23987405000063228,0.33974885873620053,0.14561387979109497,0.19404645986924468,0.2867638690423501,0.27366304581494455,0.550095474146107,-0.4382326534225268,-0.234132955651943,-0.4452635971623313,0.03041262534933421,-0.29086103769648075,-0.4440749124293428,-0.4776868700919334,0.14885114885114886,0.2397728853425056,0.09697897039669191,-0.6750085357680294,-0.2888883268630104,0.20110269477358084,-0.2770014795331251,0.2715385879942842,0.07823821747872381,-0.1343087292454381,-0.087368327874657,-0.5060888478609997,-0.2639259474702513,0.04566319756193174,-0.2551246222132298,-0.10583087798277671,-0.2840324232729296,0.22090567660187913,0.23436057613272804,0.014099824226406505,0.33491824631065137,-0.06298764526612628,-0.017716460754435438,-0.19171967273233095,0.12919991401004058,0.29860013404317204,0.15944814678991895,0.05155603889781105,-0.37042704131311727,-0.3176190897709885,-0.033700476738451425,-0.181957283223106,0.40092818573831235,0.055248548919434995,0.513903817701286,0.40975480215986543,0.5308236067729739,0.6041426927502876,0.36696215177227837,0.29743674047471513,0.40864199092047193,0.34015351736870725,0.3083119412233336,0.3405075936721506,-0.45297740234449096,-0.36589992286194817,0.029400978768067375,-0.2363079958016667
#11,0.07024620948671581,1.0,0.23066806611110408,0.038480506834937214,-0.1210308678663109,-0.11781888997078871,0.4123092097775642,0.02300231414155465,0.29432592723731965,0.326648035508795,0.125633859811075,-0.20542748390849658,0.2992071219919321,0.29811960191707026,0.2719179554622593,0.06455569746708988,0.32346134877780447,0.3869168805877667,-0.009041591320072333,-0.2582860177796887,0.15666611869143515,0.5372475625640183,0.1059320426409034,-0.01953742460071574,0.28681445137141337,0.033396982764071374,-0.18742017476194692,0.12932636983269893,-0.04442393049987987,-0.5761200824491963,0.47184461108511744,-0.16847709252772544,0.5007524121448172,0.46215809506948746,-0.4302659365950505,-0.5330745204162926,-0.08772240417810039,0.028237585199610515,0.10808179162609542,0.17029805637400575,0.10249244426459617,-0.24030399979767067,-0.4064163684416849,-0.40269856725552927,-0.20588272487006665,-0.33739678043475513,-0.28737085699111015,-0.23901415040655546,-0.6595303430746469,-0.5056588980639614,-0.15742485362738529,-0.3459199028819282,-0.2326407769445744,-0.1521895825693294,-0.20732432124837188,0.24149268453065922,-0.2196411183752956,-0.10223953261927946,-0.3064656862125217,-0.04657367948507189,-0.17282717282717283,-0.18392999405657634,-0.3132943006360728,-0.318656027516787,0.3694153947318504,0.33762440091554013,-0.05337700274409135,-0.055223257754903325,0.0004173042147725692,-0.32836783469694864,0.18719255428116188,-0.060205617167642486,-0.22325775490332453,-0.45828854689614185,-0.3309222423146474,-0.08499095840867993,0.16410172106374638,-0.3248270716625147,0.31177683076417256,0.2995864894599072,-0.05132841841702601,-0.22937821671998887,0.05362991438940806,-0.35120575626904743,0.08886050658202557,-0.05805586818245046,0.004059231907333173,0.025329101278468366,0.04020030602309083,-0.2710327647036508,-0.04444922166441154,-0.2310980159081425,-0.0851932877249333,0.04541028591661503,0.16984281541243568,0.43631052491811984,0.3780396818371502,0.459350775806472,0.25520049570682485,0.22684910026682178,0.1380265304315937,0.4358047016274864,0.39187394883597415,0.4336549526422944,0.5391949822329569,0.43481834621075127,0.5104136369959155,-0.11169842815412435,0.017741751918967107,-0.05206186218844447,-0.22669735327963175
#12,0.6992880537184335,0.23066806611110408,1.0,0.6445579736718977,0.08213305681660112,0.15310006449246955,-0.040883167465445944,0.5204795204795205,0.30793257375535854,0.5550019600652512,0.533428596719736,0.07133372956157766,0.10180958282224105,-0.28476586704434803,0.15530039580672492,0.0647074444542799,0.8056121094095777,0.5810518595328722,0.02396337839375814,-0.3934672922014694,-0.07323056690145298,0.05653839831055021,0.270400485590359,0.08929045637906398,0.19938289558542724,-0.1883053655205554,-0.18238723302014442,-0.09753537601638868,-0.21683379911228012,-0.21961582721076392,0.38051821596125396,-0.3704523324776489,0.40067527409299564,0.13440989390356478,-0.38084700110016567,-0.5008282856384122,-0.06379696253113974,-0.20750135940009357,0.16448108853172144,-0.19632266467709505,-0.03195538638576613,-0.0263407478597352,-0.10302355871976125,-0.14874998419302216,-0.2566168009205984,-0.6498691182235486,-0.02750414142819206,-0.27189266429772757,-0.409173105375637,-0.33982473222979553,0.3921015693167592,0.13453634972622314,0.13360057663855132,0.254112975631963,-0.0007966716827476321,0.31410361790108626,-0.5429633657481758,-0.3476649932346135,-0.3531025936089227,0.11412637994916476,-0.2916197726324309,-0.44941134814552536,-0.41430721177556623,-0.14371704245121966,0.37662337662337664,0.0518595328721911,-0.523590333716916,-0.20368239355581128,0.16051037570024912,-0.23132563638892753,0.41243566560022255,0.26991995346425723,-0.09219894030020612,-0.2638500739766563,-0.5693420503547085,-0.4671657456467583,-0.2593482466900188,-0.4255870711566914,-0.027048900466621985,-0.005247916640321704,0.18721784544569356,0.017640587260840425,-0.023482846267656395,0.16602384956815336,-0.0807673339318909,-0.028541079173990565,-0.21802248384526865,-0.014327444707191543,0.09381757483023306,0.015263217794863365,-0.01832344870319554,-0.4432403039997977,-0.21592331718913998,0.07697365925214027,-0.09518329771494329,0.2562880157816867,0.39516180022509134,0.6507037266530937,0.513524450233311,0.4651677436487563,0.5235397513878527,0.5277127935355783,0.39455481227633127,0.6999456239962569,0.6145879437018678,0.4435690891387094,0.42998773378520216,-0.4536349726223144,-0.3230061078162344,0.005121460817663349,-0.272170867107576
#13,0.5137773618786277,0.038480506834937214,0.6445579736718977,1.0,0.2593482466900188,0.23939351787453053,-0.16142085762338926,0.3852223725641447,0.38800440066262853,0.4748795508289179,0.5288256047749719,0.11736364900921863,0.07967981385702905,-0.2893435678245805,0.1843852350181464,0.1694887391089923,0.5174192895711883,0.3781914288243402,-0.08481392025695823,-0.2872696923329835,-0.017286510957397035,0.057246550917436995,0.22090567660187913,0.22029868865311902,0.1821343213748277,-0.27181679080413257,-0.3248523628270464,-0.23914060622921382,-0.07421692231818815,0.004919131501409982,0.34151924025341746,-0.060610275800149216,0.4038366696594545,0.06101493443265595,-0.11905815703284058,-0.1883812390141504,0.10158196234145601,-0.24154326685972255,0.21951466255263724,-0.1981942108524387,0.3338813085648529,0.2616244514978692,0.031778348234044435,-0.08590144033182008,-0.3176949632645835,-0.6802438068260853,-0.1081070827906271,-0.2928337485299511,-0.2741182867765146,-0.18754663058460527,0.29986469226975554,0.12533036583669496,0.11273536589992286,0.20272132930360778,-0.05433806699629484,0.33216150937669925,-0.47859735201507353,-0.1706774238419808,-0.2765968209006184,-0.0009484186699376572,-0.09235068728739615,-0.08956865918891235,-0.14503218300686654,-0.1890135181274422,0.07801059699793877,-0.04606785619443847,-0.4045701134308729,-0.05127783608796267,0.24230200179567268,-0.009496832281642408,0.4075544708456101,0.2891159473437954,0.014099824226406505,-0.2718420819686643,-0.37566231237117315,-0.23554926086571656,-0.1259879361145184,-0.22652031512791007,-0.24447704194539638,0.10970042615612235,0.14647377938517178,0.2165303051379001,0.3184789893650653,0.18296892980437285,-0.027858217731635455,-0.002465888541837909,-0.07517798657039164,0.0727753259398829,0.1380518215961254,0.09503155072775325,0.05330112925049634,-0.2639512386347829,-0.25042046561033904,-0.15481986368062317,-0.13425814691637478,0.13625614891437676,0.25085041540737746,0.42695279404140163,0.3862593103099432,0.4372715891703233,0.3492077542710454,0.5608948014011305,0.2648364293933914,0.46271450068918424,0.4055564688476081,0.4763717295362865,0.36291556544721104,-0.18147675109700426,-0.06650311713602852,-0.030210296033080845,-0.24232729296020436
#17,0.2579825238053086,-0.1210308678663109,0.08213305681660112,0.2593482466900188,1.0,0.7557379329531229,-0.42214747278038417,0.44144463131804906,0.05249181198548287,-0.1299080666169274,0.2712856763489675,0.7697239469391368,0.2546946724161914,-0.26089100772645074,0.08309412106880461,0.24999051581330062,0.03281528597984294,-0.02016970371400751,-0.32877249332945535,0.05830877982776717,-0.28028933092224234,-0.11534035584668496,-0.2514068210270742,0.038429924505873875,0.0301597137040175,0.14179491394681268,-0.5107171309702955,-0.22115858824719584,0.0900491913150141,0.3507505153074773,0.12267479356086951,0.18081918081918083,0.19268073698453445,0.212003186686731,0.42293149888086595,0.031373689601537705,0.7162584251191846,-0.2925808368846344,0.3456669912366115,0.05383224370566143,0.47303329581810594,0.4712376231363573,0.6005260562222587,0.39291088658177264,-0.23279252393176444,-0.1482947432314521,-0.3145335676981247,-0.015263217794863365,-0.041515446578737715,-0.012329442709189545,-0.27366304581494455,-0.048192314015098825,-0.17543216277393492,0.04027617951668585,-0.1775566205945953,-0.04184423171764944,-0.1609403254972875,-0.045258538929425,-0.2378760480026303,-0.2972597023229935,0.20170968272234094,0.21855359830043375,0.27905006386019043,0.3931385070625577,-0.22260018462550107,0.0607114404582759,-0.11331706268415129,0.26984407997066223,0.14285714285714285,0.06920927174091732,0.11991805662691739,0.01726121979286536,0.32611692105362994,0.3055804954539132,0.04768649072446541,0.2947811681988897,0.22002048584327066,0.10676665107044854,0.07264887011722455,-0.07262357895269288,0.02889515547743396,0.8014896495909154,0.3784696316341886,0.09771241416811037,0.6201519998988353,0.258260726615157,0.3075784974519152,0.6150178934989061,0.6995662565282819,0.7617319389471289,0.6582404936835317,0.2887871622048837,0.12178960280226103,-0.03246120967639955,0.16010571706774238,0.0725224142945662,-0.4540649224193528,-0.07479861910241657,-0.145765626778285,0.1342328557518431,0.06516268541584998,0.19460286548894143,0.25770432099546026,0.19624679118350005,0.2047952047952048,0.23097156008548414,0.30092692118008574,0.21326774491331454,0.2734354253341595,-0.10795533580343707,-0.12204251444757774
#18,0.24996522464876894,-0.11781888997078871,0.15310006449246955,0.23939351787453053,0.7557379329531229,1.0,-0.3894712882054654,0.4495378039681837,-0.034079844206426485,-0.11786947229985205,0.29736086698112013,0.6402584757015137,0.4417481252924291,-0.37773618786277013,-0.2017602650514043,0.1349157171941982,0.01334108929045638,0.1382288597478471,-0.17168907042324763,0.14374233361575134,-0.32920244312649377,-0.09513271538587995,-0.0831952857269313,0.18390470289204466,-0.03463624982612325,0.3406087583302773,-0.2153669115694432,0.0013783684669760618,-0.02631545669520353,0.3480949430316519,0.17098091781636085,0.2126860481290861,0.22611565649540333,0.25034459211674404,0.27409299561198297,-0.005627284108296766,0.49473311498627953,-0.20535161041490155,0.21663146979602677,0.14505747417139822,0.2645835177480747,0.4449348120234196,0.4847936873253329,0.2627878450663261,0.024620948671581582,-0.1290987493519139,-0.08046383995751084,0.2690853450347121,0.06531443240304,0.07788414117528042,-0.13764716296361865,0.01662894067957359,-0.03483857914237661,-0.010483187698377572,-0.0741663399891248,0.039188659441824,-0.18554862858660326,-0.045486159410210045,0.0014542419605710745,-0.11205250445756774,-0.018576360348512247,-0.007170045144728689,0.22186674085408262,0.2119020220286043,0.023533428596719735,0.23076923076923078,-0.15659024519784012,0.06923456290544898,0.024747404494239938,0.02429216353266986,0.02183892057309779,0.12856763489674883,0.22841715246778538,0.2895206059763022,-0.0570695127657153,0.1565396628687768,-0.012127113392936179,0.07022091832218415,-0.1091440205364256,0.00426156122358654,-0.09270476359083954,0.7496427623009901,0.45393846659669446,-0.023204643457808014,0.3119791600804259,0.1085370325876655,0.1278847734543937,0.47295742232451093,0.5135497413978427,0.5449107854171146,0.5157247815475664,0.12818826742877376,0.14771304644722366,0.15267011469543115,0.08724187205199864,0.13069209271740917,-0.3030007966716827,-0.02720064745381201,0.006714804183158614,0.12515332768497325,-0.030817283981840943,0.2500663893068956,0.18327242377875289,0.14007511475865905,0.12836530558049544,0.1855233374220716,0.3173661781256718,-0.0520365710239128,0.03567318757192175,-0.02249649085092123,-0.10051973343112583
#26,-0.35644102732710325,0.4123092097775642,-0.040883167465445944,-0.16142085762338926,-0.42214747278038417,-0.3894712882054654,1.0,-0.5100342695279404,-0.14988808659694736,0.3135472122813895,0.13564916096561666,-0.5044449221664411,0.28162976264242084,0.7463296197473412,0.16040921104212244,0.3619039188659442,-0.13408110876465307,0.20960052605622226,0.1664285082006601,0.3400270615460489,0.11445516508807647,0.4766246411816032,0.0038063202620164647,0.09948279568532734,0.06612374966805347,-0.014934432655951643,-0.0006955070246209487,-0.047256540927427,0.2289988492520138,-0.22922646973279884,-0.17214431138481773,0.1488005665220855,0.1374448336473653,0.3132437183070094,-0.1941982068564347,-0.03504090845862998,-0.334867663981588,0.29255554572010267,-0.16890704232476383,0.40204099697770584,-0.03569847873645342,-0.22945409021358387,-0.4336549526422944,-0.06981625968967742,-0.08903754473374727,-0.15092502434274585,0.006664221854095272,-0.03069082815918259,-0.2741182867765146,-0.26066338724566573,-0.09495567723415825,-0.23443644962632304,-0.10494568722416824,-0.11607379961810342,-0.11647845825061015,0.20573097788287661,0.05641194248789185,0.20312598793611453,-0.11369643015212635,-0.0008725451763426447,-0.12558327748201165,-0.1303127252494341,0.19042982334121575,-0.043235245766891334,0.07125785606798266,0.023280516951403027,0.32272790500638604,0.3260410475600349,0.35636515383350825,0.36410425018019954,0.202089050190316,0.24478053591977642,-0.14869940186395883,-0.22821482315153202,0.10886581772657722,-0.027782344238040442,-0.15823417089239875,-0.3305175836821406,0.41493949088885795,0.6358072307439396,-0.11544152050481164,-0.5486538777678018,0.04232476384375119,-0.5818105944688223,-0.23342480304505622,-0.22358654004223624,-0.21764311637729358,-0.39751387852653675,-0.4950366089606596,-0.5281680344971484,-0.4026479849264659,-0.2459439294882333,-0.21132032524437588,-0.16248308653371946,-0.2242441103200597,0.1403027352394441,0.4531797316607443,0.0516824947204694,0.12611439193717675,-0.2082600943360437,-0.18764779524273195,-0.0009737098344693282,0.12257362890274283,0.06420162116364649,0.05013973368403748,0.009269211800857371,-0.015541420604711744,-0.03387751489017312,-0.012228278051062861,-0.165897393745495,-0.3077555356036369
#49,0.6826717586211257,0.02300231414155465,0.5204795204795205,0.3852223725641447,0.44144463131804906,0.4495378039681837,-0.5100342695279404,1.0,0.386739842436045,-0.004919131501409982,0.3282160877097586,0.46731749263394834,-0.069310436399044,-0.598047522098155,0.18936759443088558,0.0011254568216593533,0.46375143843498273,0.3965275231098016,0.027908800060698794,-0.3178467102517735,0.16195197207855436,0.026113127378950163,-0.00749883028364041,-0.24928236320641384,0.3978173725009168,-0.12239659075102113,-0.17366178125671797,-0.07484920143147991,-0.07105552675172928,0.26559516432934155,0.31842840703600195,-0.03893574779650729,0.21283779511627612,0.09333704270413132,-0.0860531873190101,-0.18511867878956487,0.3091971319819421,-0.09442456277899317,0.16159789577511097,-0.1512538094816576,0.24399650981929463,0.2693382566800288,0.2601575639550323,0.06528914123850833,-0.4494619304745887,-0.32449828652360296,-0.11685782571858522,-0.12414168110370642,-0.318504280529597,-0.3552017602650514,0.06842524564043552,0.0092439206363257,-0.2051492810986482,-0.006107816234398513,-0.055197966590371655,0.1403027352394441,-0.3486007663222853,-0.25623743345262334,-0.3030007966716827,-0.03511678195222499,-0.2680736984534453,-0.2644317707608847,-0.3189089391621037,-0.06541559706116667,0.38608227215822155,0.24677853791777843,-0.38413485248928286,-0.33355252342594116,0.04627018551069184,-0.37437246298005794,0.09189544632582607,0.04897634011558062,0.16830005437600373,0.05813174167604547,-0.3028996320135561,-0.14821886973785708,-0.004691511020624945,-0.27786137912720194,-0.22315659024519785,-0.27113392936177744,0.16688374916223017,0.47950783393821367,-0.010230276053060863,0.4803677335322905,0.16733899012380024,0.09983687198877073,-0.04399398070284146,0.3935684568595961,0.6545985659909711,0.4013581355353507,0.3922533163039492,-0.1556544721101683,-0.27409299561198297,0.031120777956220994,-0.11518860885949493,0.3594506759063721,-0.11746481366734532,0.41117110737363904,0.3326167503382693,0.28051695140302735,0.38904133840842703,0.36696215177227837,0.4055564688476081,0.33175685074419253,0.42245096675476423,0.20484578712426812,0.34402306554205286,-0.3674679750629118,-0.2880031361044019,-0.19139088759341924,-0.3694406858963821
#50,0.39076113759658065,0.29432592723731965,0.30793257375535854,0.38800440066262853,0.05249181198548287,-0.034079844206426485,-0.14988808659694736,0.386739842436045,1.0,0.28633391924531165,0.31030994322133565,-0.054919763780523274,-0.15438991388358478,-0.3018121119386942,0.39688159941324497,0.1803892310221424,0.3795065693799871,0.39349258336600107,0.07158664120689437,-0.3662287080008599,0.3199458769079022,0.29392126860481294,0.07715069740386196,0.039138077112760655,0.5731104338699275,0.034712123319718256,-0.32247499336106933,-0.055248548919434995,-0.09536033586666498,-0.12300357869978124,0.5619823214759924,-0.2928337485299511,0.4595531051227254,0.23572629901743825,-0.25517520454229314,-0.23294427091895448,0.2971838288293984,-0.020043247891349158,0.031778348234044435,-0.006082525069866842,0.30507467216327977,0.1660744318972167,-0.029628599248852413,-0.31448298536906133,-0.5958218996193679,-0.4020915793067692,-0.21607506417633,-0.3362080957017666,-0.4927098218237459,-0.5044449221664411,-0.0671353962493203,-0.2330707267416128,-0.21594860835367163,0.007018298157538664,-0.07138431189064101,0.3323638386929526,-0.4396742498008321,-0.14295830751526953,-0.6231616484781042,-0.30006702158600895,-0.16192668091402268,-0.2184271424777754,-0.400877603409249,-0.14166845812415432,0.2132171625842512,0.19778955221993197,-0.3616510072206275,-0.24988935115517394,0.2355239697011849,-0.23565042552384324,0.37573818586476815,-0.03564789640739008,-0.04095904095904096,-0.27915122851831714,-0.38638576613260156,-0.09487980374056323,0.2953375738185865,-0.2580836884634353,-0.04922925176089733,0.18205844788123268,0.26390065630571957,-0.027858217731635455,-0.022901149483427963,0.10547680167933332,-0.02388750490016313,-0.19371767473033297,-0.049912113203252444,0.11040857876300915,0.28380480279214454,-0.07221892032018615,-0.11716131969296527,-0.4116263483352091,-0.4346160168944979,-0.1837023735757913,-0.14407111875466305,0.3400270615460489,0.1872431366102252,0.3733355252342594,0.40171221183879413,0.4782685668761618,0.5050772012797329,0.5107171309702955,0.4476409666283084,0.22689968259588514,0.3470327141213217,0.45924961114834534,0.5031044904462626,-0.09659960292871685,-0.1760644418872267,-0.01513676197220501,-0.23061748378204075
#51,0.5577586969992033,0.326648035508795,0.5550019600652512,0.4748795508289179,-0.1299080666169274,-0.11786947229985205,0.3135472122813895,-0.004919131501409982,0.28633391924531165,1.0,0.5985280542242568,-0.22879651993576045,0.3179225837453686,0.12361056664854134,0.08855701260764552,0.23124976289533253,0.6008548413611705,0.32920244312649377,-0.014630938681571592,-0.2539106463157096,-0.06427749465724149,0.34991590687793217,0.2139000240266063,0.12270008472540118,0.10535034585667497,-0.003351079300446389,-0.09111142022534427,0.1546175343643698,-0.2683771924278253,-0.3531784671025177,0.09475334791790488,-0.21020751400498236,0.36825200116339357,0.23102214241454747,-0.46800035407630347,-0.2875226039783002,-0.2087912087912088,-0.018475195690385565,0.08941691220172233,0.21933762440091553,-0.11116731369895927,0.025961380391760137,-0.10567913099558669,-0.09427281579180313,-0.3170373929867601,-0.6591003932776085,0.15580621909735834,-0.03731711326648036,-0.24283311625083778,-0.16040921104212244,0.36450890881270626,0.04252709316000455,0.35120575626904743,0.34918246310651374,0.3416456960760758,0.7124394592749023,-0.3306693306693307,-0.07583555684821508,-0.39298676007536765,0.13408110876465307,-0.23188204200862428,-0.3918233665069108,-0.27715322652031515,0.18762250407820028,0.17001985356415736,0.09138962303519266,-0.4219198522995991,0.05196069753031778,0.33352723226140946,0.06415103883458313,0.465268908306883,0.27626803576170667,-0.4132955651942994,-0.39576878817385147,-0.3752323625741347,-0.2537588993285196,-0.03688716346944195,-0.278468367075962,0.17270071700451448,0.1902274940249624,0.08413105881460312,-0.26688501372045675,0.1287446730484705,-0.12993335778145904,-0.31660744318972167,-0.1909862289609125,-0.3064656862125217,-0.219995194678739,-0.25944941134814553,-0.3538866197094045,-0.39394782432757114,-0.5149913377761479,-0.26496288521604977,-0.17156261460058927,-0.23064277494657243,0.3190353949847621,0.441141137343669,0.4303671012531772,0.3903817701286056,0.4604130047168022,0.4268010470542116,0.3674426838983801,0.26213027478850265,0.39220273397488586,0.24700615839856346,0.38299675008535766,0.26663210207514004,-0.2954134473121815,-0.2745988189026164,0.07474803677335323,-0.23284310626082777
#52,0.543418606709746,0.125633859811075,0.533428596719736,0.5288256047749719,0.2712856763489675,0.29736086698112013,0.13564916096561666,0.3282160877097586,0.31030994322133565,0.5985280542242568,1.0,0.1870913896230352,0.18312067679156288,-0.07813705282059713,0.2205768914629674,0.45487423968436624,0.49852678966603015,0.32998646922697555,-0.05373107904753474,-0.004388017046244894,0.2193629155654472,0.4484249927287902,0.17386411057297133,0.054869181451459935,0.42432251293010786,0.03716536627929033,-0.2525449234309994,-0.0007207981891526195,-0.048849884292922266,0.09867347842031386,0.04834406100228885,-0.07037266530937417,0.330568166011204,0.34126632860810074,-0.0798062696796874,-0.008485185700375574,0.149685757280694,0.017387675615523717,-0.015566711769243414,0.23001049583328065,0.3157475435956449,0.46061533403305555,0.23623212230807167,0.1790993816310272,-0.5333527232261409,-0.6407895901566788,-0.14925580748365558,-0.25461879892259637,-0.4051518102151013,-0.28997584693787226,-0.023735757912973103,-0.10813237395515876,-0.027959382389762137,0.04965920155793573,0.13820356858331542,0.6303696303696303,-0.32270261384185434,0.15628675122346009,-0.5395237673718687,-0.1654674439484566,-0.1769243414813035,-0.3630167301053377,-0.04634605900428685,0.1572225243111319,0.2156451143792916,0.1203480064239558,-0.2794294313281655,-0.02952743459072573,0.5021940085231225,0.28448766423449967,0.4486273220450436,0.4101594607923722,-0.03896103896103896,-0.06683190227494025,-0.22166441153782926,0.020321450701197535,0.08382756484022306,-0.2708051442228657,-0.001732444770419454,0.28003641927692563,-0.10461690208525652,0.16230604838199775,0.17980753423791399,-0.19283248397172448,-0.029603308084320743,-0.10451573742712983,-0.22133562639891755,0.08774769534263205,0.0950821330568166,0.03400397071283147,-0.05067084813920257,-0.2992324131564638,-0.42728157918031334,-0.23097156008548414,-0.34614752336271326,0.6177240481037949,0.12836530558049544,0.2898493911152139,0.3132184271424778,0.26979349764159893,0.2959951440964099,0.3204011178694723,0.19594329720912,0.23661148977604674,0.24129035521440584,0.23044044563031904,0.260486349093944,-0.20163380922874594,-0.1574754359564486,-0.10899227354923557,-0.43924430000379366
#53,0.28931827666004883,-0.20542748390849658,0.07133372956157766,0.11736364900921863,0.7697239469391368,0.6402584757015137,-0.5044449221664411,0.46731749263394834,-0.054919763780523274,-0.22879651993576045,0.1870913896230352,1.0,0.055273840083966665,-0.27330896951150113,0.2346387789425764,0.2690853450347121,0.05982624969966742,-0.14146612880790096,-0.21152265456062924,0.19295893979438283,-0.041490155414206045,-0.12115732368896925,-0.16248308653371946,-0.13494100835872988,0.08357465319490635,-0.05674072762680358,-0.24055691144298738,-0.26205440129490765,0.10494568722416824,0.47513246247423463,-0.017842916577093793,-0.0027693825162179594,-0.012658227848101266,0.13749541597642864,0.4638778942576411,0.019967374397754145,0.6209360259993172,-0.11144551650880764,0.30021876857319896,0.005500828285638412,0.2355239697011849,0.31749263394833016,0.576372994094513,0.4827956853273309,-0.0745962897861632,0.0008472540118109738,-0.20160851806421426,-0.03425688235814818,0.0018841917576094792,-0.11233070726741613,-0.18046510451573744,-0.06925985406998066,-0.16326711263420124,-0.1776324940881903,0.04829347867322551,-0.14136496414977429,0.11081323739551588,0.2744217807508947,-0.12396464295198473,-0.22143679105704422,-0.1141769622782281,-0.06544088822569835,0.3714133967298524,0.392885595417241,-0.25203910014036596,-0.16878058650210548,0.009446249952579066,0.25257021459553103,0.14596795609453836,0.109498096839869,-0.021687173585907764,0.04032676184574919,0.4893713881055653,0.5060888478609997,0.25370831699945623,0.4530026935090226,0.0038316114265481353,-0.061318428407036,0.0373676955955437,-0.2299599135042173,0.07189013518127442,0.7593545694811518,0.016983016983016984,0.09632140011886847,0.4979703840463334,-0.03248650084093122,-0.04836935216682052,0.6785492988024634,0.6389939174749302,0.7844939870256326,0.5997167389572453,0.133701741296678,-0.025455557101126722,-0.21582215253101328,-0.046093147358970146,0.04836935216682052,-0.5249813477661579,-0.17543216277393492,-0.26976820647706723,0.11931106867815729,-0.026264874366140188,-0.03091844863996763,0.1645316708607848,0.042476510830941214,0.11855233374220717,-0.02919864945181401,0.08807648048154378,-0.09088379974455923,0.15881586767662717,-0.3781914288243402,-0.18329771494328456
#54,0.04675071763679359,0.2992071219919321,0.10180958282224105,0.07967981385702905,0.2546946724161914,0.4417481252924291,0.28162976264242084,-0.069310436399044,-0.15438991388358478,0.3179225837453686,0.18312067679156288,0.055273840083966665,1.0,0.2985495517141087,-0.22619152998899833,0.1888111888111888,-0.05099963327811429,0.22277722277722278,-0.09214835797114278,0.11167313698959269,-0.4452635971623313,0.3077555356036369,0.012961721822481316,0.3180743307325586,-0.1515067211269743,0.45560768345578473,-0.21175027504141428,0.042830587134384604,-0.1420225344275977,-0.2625096422564777,0.032410627347336206,0.1930601044525095,0.17330770495327458,0.33519644912049973,-0.08478862909242656,-0.11733835784468696,-0.05545087823568836,-0.03787351888617711,0.11114202253442759,0.4012822620417557,-0.0023394327191795547,0.15952402028351395,0.08817764513967045,0.05094905094905095,0.19323714260423122,-0.25649034509794005,-0.09885051657203556,0.2950087886796748,-0.07386284601474474,0.05211244451750781,-0.03493974380050329,-0.007827615422552132,0.06035736415483251,0.041186661439825994,0.087444201368252,0.28130097750350913,0.038480506834937214,0.06379696253113974,0.043488157412208045,0.08481392025695823,-0.06865286612122055,-0.09128845837706598,0.16913466280554887,0.20616092767991503,0.03511678195222499,0.26794724263078695,-0.038531089164000554,0.32733089695115014,0.16620088771987507,0.14199724326306604,0.13349941198042464,0.21769369870635694,-0.23605508415635,-0.04020030602309083,-0.07024620948671581,0.0906561792637742,-0.07785885001074874,-0.048141731686035485,0.31496351749516305,0.37277911961456267,-0.031171360285284336,0.08817764513967045,0.5284715284715285,-0.418935494884862,0.062355366152834504,-0.01915805713274068,0.013315798125924708,0.09776299649717371,-0.02386221373563146,0.00805523590333717,0.03633075784974519,0.007574703777235423,0.16931170095727058,0.16566977326470997,0.14695431151127353,0.17358590776312297,0.09596732381542508,0.007675868435362106,-0.007296500967387044,0.04303291645063797,-0.1717902350813743,0.1923772430101544,0.23253961228644773,0.21412764450739133,0.061975998684859444,0.18178024507138432,0.18997458237964568,-0.06989213318327242,0.022673529002642925,0.019891500904159132,-0.12275066705446452
#58,-0.5003477535123104,0.29811960191707026,-0.28476586704434803,-0.2893435678245805,-0.26089100772645074,-0.37773618786277013,0.7463296197473412,-0.598047522098155,-0.3018121119386942,0.12361056664854134,-0.07813705282059713,-0.27330896951150113,0.2985495517141087,1.0,0.12919991401004058,0.20191201203859432,-0.29336486298511616,-0.19579155022192996,0.07247183196550284,0.3665574931397716,0.09141491419972432,0.38648693079072827,-0.0032246234777880346,0.042147725692029486,-0.08506683190227494,0.06655369946509188,-0.07927515522452232,-0.12522920117856826,0.3039112785948229,-0.1734594519404646,-0.31706268415129174,0.22133562639891755,-0.1810215101354342,0.20719786542571353,0.1552498134776616,0.14346413080590295,-0.27791196145626523,0.21101683126999582,-0.21273663045814944,0.264330606102758,0.007574703777235423,-0.24027870863313902,-0.20724844775477688,0.006411310208778563,0.10342821735226798,0.1482947432314521,-0.2799099634542673,-0.10565383983105502,-0.11652904057967349,-0.07204188216846445,-0.32829196120335363,-0.30196385892588423,-0.23678852792776844,-0.29359248346590117,-0.06334172156956967,-0.03620430202708684,0.330416419024014,0.3164051138734683,-0.01981562741056412,-0.11903286586830891,0.14434932156451144,0.10388345831383806,0.4318339887960141,0.119639853817069,-0.21425410033004968,-0.14103617901086254,0.5858571807938897,0.5907636667130338,0.25618685112356,0.38284500309816766,0.0025417620354329217,0.15456695203530646,-0.11604850845357174,0.015592002933775086,0.34718446110851175,0.18327242377875289,-0.08607847848354178,-0.11875466305846052,0.5735909659960293,0.4589714083384969,0.040503799997470884,-0.3998912479925138,0.0009231275054059864,-0.42973482213988545,0.13317062684151293,0.01361929210030476,0.03504090845862998,-0.10813237395515876,-0.3635984268895661,-0.17750603826553193,-0.18590270489004665,0.13590207261093337,0.08481392025695823,-0.06812175166605547,0.03311877995422299,-0.053528749731281376,0.07601259499993678,-0.3373209069411601,-0.39915780422109537,-0.45462132803904953,-0.553787984167731,-0.3133195918006045,-0.07525386006398664,-0.16541686161939326,-0.14305947217339623,-0.28714323651032514,-0.30537816613765983,0.1946281566534731,0.3147611881789097,-0.12057562690474083,-0.06445453280896318
#101,0.11933635984268896,0.2719179554622593,0.15530039580672492,0.1843852350181464,0.08309412106880461,-0.2017602650514043,0.16040921104212244,0.18936759443088558,0.39688159941324497,0.08855701260764552,0.2205768914629674,0.2346387789425764,-0.22619152998899833,0.12919991401004058,1.0,0.5343643698074078,0.20413763451738134,0.11622554660529344,0.07755535603636869,0.059269844079970664,0.5660289078010597,0.4271804145221867,0.033447565093134714,-0.14938226330631393,0.5188861771140252,-0.48335209094702763,-0.262256730611161,-0.3290759873038354,0.4282932257615802,0.07527915122851832,0.181881409729511,-0.21192731319313599,0.2092211585882472,0.29035521440584733,-0.02431745469720153,-0.23582746367556495,0.2718420819686643,0.3081601942361436,0.12879525537753386,0.1008991008991009,0.32368896925858953,-0.12836530558049544,-0.1769496326458352,-0.06263356896268289,-0.4909394403065289,-0.22558454204023826,-0.24270666042817943,-0.551789982169729,-0.616408907548148,-0.7889452319832067,-0.12474866905246652,-0.49766689007195336,-0.45014479191694384,-0.4346160168944979,-0.17555861859659327,0.025961380391760137,-0.034358047016274866,0.3797594810253038,-0.6256654737667396,-0.3097535376016389,-0.4749807154870446,-0.38937012354733874,0.11776830764172537,-0.04594140037178012,-0.07624021548072181,-0.23914060622921382,0.18524513461222322,0.2750034775351231,0.3820103946686225,-0.0015048242896344162,0.10661490408325851,-0.10100026555722759,0.4111963985381707,-0.06412574767005147,0.019082183639145666,0.08974569734063405,-0.011646581266834431,-0.6353014074533062,0.33901541496478205,0.3528749731281377,0.24450233310992806,-0.01834873986772721,-0.21751666055463523,-0.07575968335462006,0.06139430190063101,-0.449436639310057,-0.4240190189557278,0.1242428457618331,0.19149205225154592,0.06865286612122055,0.011292504963391039,-0.40105464156097065,-0.5490838275648402,-0.6929905537500474,-0.45821267340254684,0.1373689601537703,0.17196727323309602,0.20335360841689956,0.06804587817246045,0.17318124913061622,0.09836998444593381,0.08567381985103505,0.4372462980057917,0.0858761491672884,0.3443518506809646,0.08299295641067793,0.15395996408654636,-0.3638260473703512,-0.10251773542912783,-0.6494897507555736,-0.5774858053339066
#102,0.11913403052643559,0.06455569746708988,0.0647074444542799,0.1694887391089923,0.24999051581330062,0.1349157171941982,0.3619039188659442,0.0011254568216593533,0.1803892310221424,0.23124976289533253,0.45487423968436624,0.2690853450347121,0.1888111888111888,0.20191201203859432,0.5343643698074078,1.0,0.019562715765247412,0.11351939200040466,-0.119563980323474,0.41463599691447794,0.11908344819737225,0.35057347715575565,-0.11437929159448147,0.1109649843827059,0.12879525537753386,-0.18620619886442671,-0.38302204124988937,-0.32674920016692166,0.019714462752437437,0.1755333274320616,-0.22300484325800782,0.015920788072686806,0.17065213267744914,0.32330960179061446,0.11865349840033385,0.18843182134321373,0.3016350737869725,0.2839565497793346,-0.23640916045979338,0.31288964200356606,0.3132690094715411,0.41713982220311335,0.31036052555039895,0.4474892196411184,-0.48532480178049797,-0.41835379810063356,-0.21056159030842575,-0.24285840741536943,-0.3884343504596669,-0.4681015187344301,-0.18893764463384716,-0.18114796595809254,-0.1995852249016806,-0.16083916083916083,-0.12343352849681964,0.2910633670127341,-0.11536564701121663,0.44498539435248297,-0.5677234158246817,-0.39010356731875717,-0.2383818712932637,-0.22791132917715196,0.3463245615144349,0.38686629825870333,-0.25874125874125875,-0.17925112861821724,0.02077669166276761,0.34500942095878806,0.6687869092932384,0.545568355694938,0.33883837681306034,0.22358654004223624,0.19508339761504317,0.05216302684657115,0.01951213343618407,0.28562576663842487,0.13319591800604458,-0.3245488688526663,0.21673263445415344,0.40841437043968687,-0.1358767814464017,0.15385879942841968,0.1333729561577663,-0.41397842663665446,-0.01726121979286536,-0.3029755055071511,-0.23099685125001582,0.08395402066288142,0.1013290506961393,0.08152606886784101,-0.002465888541837909,-0.1735353254340596,-0.5965806345553181,-0.4943284563537728,-0.44544063531405304,0.3027731761908977,-0.07833938213685049,-0.059876832028730766,0.041439573085142706,-0.0022129768965212003,0.11900757470377724,0.029578016919789073,0.28600513410639994,0.016856561160358628,0.04369048672846141,0.149761630774289,0.1689323334892955,-0.12307945219337624,-0.05600728385538512,-0.4450865590106096,-0.5192655445820002
#201,0.7735934951124824,0.32346134877780447,0.8056121094095777,0.5174192895711883,0.03281528597984294,0.01334108929045638,-0.13408110876465307,0.46375143843498273,0.3795065693799871,0.6008548413611705,0.49852678966603015,0.05982624969966742,-0.05099963327811429,-0.29336486298511616,0.20413763451738134,0.019562715765247412,1.0,0.3406846318238723,-0.17100620898089253,-0.5632215885380443,0.005526119450170083,0.10077264507644254,0.3033801641396578,-0.00954741461070575,0.26865539523767373,-0.3028996320135561,-0.1804903956802691,0.06824820748871382,-0.342707924986406,-0.3763198826489966,0.38977478217984546,-0.5939250622794927,0.42930487234284703,0.14558858862656332,-0.3970839287294983,-0.5159524020283514,0.0003414307211775566,-0.19050569683481075,0.12993335778145904,-0.14088443202367254,0.009016300155540662,0.021459553105122726,-0.01743825794458706,-0.15729839780472693,-0.3959205351610415,-0.5897014378027037,-0.07037266530937417,-0.38767561552371677,-0.4692396211383553,-0.37379076619582946,0.2711845116908408,0.007650577270830436,0.1286687995548755,0.202089050190316,0.1850680964605015,0.4621328039049558,-0.531961709176899,-0.3481961076897786,-0.41478774390166795,0.10585616914730839,-0.19131501409982424,-0.36385133853488283,-0.569772000151747,-0.09776299649717371,0.2502940097876807,-0.013872203745621467,-0.6484022306807117,-0.29789198143628526,0.04771178188899708,-0.39230389863301257,0.31167566610604586,0.0741663399891248,-0.19434995384362472,-0.3253581861176798,-0.6919536160042489,-0.41956777399815376,0.07077732394188091,-0.2586906764121954,-0.011039593318074331,-0.21852830713590207,0.1208538297145892,0.03714007511475866,-0.13435931157450146,0.18939288559541725,-0.08157665119690437,0.02603725388535515,-0.125633859811075,0.026517786011456896,0.17090504432276585,0.010837264001820964,0.03248650084093122,-0.32998646922697555,-0.23597921066275496,0.06733772556557367,-0.002971711832471326,0.44230453091212585,0.2985495517141087,0.6520947407023356,0.45158638829524905,0.46562298461032636,0.5486538777678018,0.4955930145803564,0.21432997382364471,0.5175457453938467,0.5942285562538727,0.3980702841462335,0.4745254745254745,-0.3677967602018235,-0.22998520466874897,0.14118792599805258,-0.14710605849846356
