,#10,#11,#12,#13,#17,#18,#26,#49,#50,#51,#52,#53,#54,#58,#101,#102,#201,#202,#301,#302,#401,#402,#501,#502,#601,#602,#701,#702,#801,#802,#901,#902,#1001,#1002,#1101,#1102,#1201,#1202,#1301,#1302,#1401,#1402,#1501,#1502,#1601,#1602,#1701,#1702,#1801,#1802,#1901,#1902,#2001,#2002,#2101,#2102,#2201,#2202,#2301,#2302,#2401,#2402,#2501,#2502,#2601,#2602,#2701,#2702,#2801,#2802,#2901,#2902,#3001,#3002,#3101,#3102,#3201,#3202,#3301,#3302,#3401,#3402,#3455,#3501,#3502,#3601,#3602,#3701,#3702,#3801,#3802,#3901,#3902,#4001,#4002,#4101,#4102,#4201,#4202,#4301,#4302,#4401,#4402,#4501,#4502,#4601,#4602,#4701,#4702,#4801,#4802
#10,1.0,0.40993184031158714,0.5307224421148472,0.43901667952300866,0.107500094841867,0.4307970510502156,0.03278999481531127,0.40575879816386146,-0.2865615397260967,0.4166845812415433,0.40993184031158714,0.21266075696455444,0.12550740398841664,-0.14816828740879373,0.2166820521250901,0.11503686187230491,0.38120107740360903,0.6130704738299675,0.276546238571555,-0.27720380884937845,-0.12414168110370642,0.12477396021699819,0.34829727234790525,0.2573249535274852,0.3716663083751691,0.45505127783608795,0.264102985621973,0.6499449917171436,0.2570973330467001,-0.17287775515623616,0.5069993297841399,-0.4378279947900201,0.48762629775288,0.2556304455038632,-0.2552257868713565,-0.33876250331946534,0.06966451270248739,-0.3692383565801287,0.25057221259752904,-0.007144753980197018,0.07201659100393278,-0.13203252443758773,-0.22930234322639387,-0.4265228442443632,-0.2725755257400827,-0.5520428938150457,0.31893423032663537,0.5597314078326736,0.1750275041414282,0.1081070827906271,0.2595758671708039,0.4280403141162635,0.3745495011317796,0.5301407453306187,-0.05370578788300307,-0.4054553041894814,-0.42060471174395225,-0.4570239886695583,-0.17168907042324763,-0.13564916096561666,0.04298233412157463,0.3017362384450992,-0.15502219299687653,-0.14563917095562665,0.5772328936885899,0.31643040503799996,-0.1328418417026012,-0.2576537386663969,0.09748479368732534,-0.17826477320148207,0.2625855157500727,0.13218427142477776,-0.2158980260246083,0.17879588765664714,-0.3194400536172688,-0.2896976441280239,0.033068197625159654,-0.015592002933775086,0.09715600854841361,-0.06086318744546593,0.012304151544657874,-0.1488764400156805,0.31521642914047976,-0.05127783608796267,-0.11584617913731837,0.06450511513802654,0.1201709682722341,-0.15605913074267505,-0.2235359577131729,-0.17186610857496934,-0.10208778563208942,-0.4187837478976719,-0.3265721620152,-0.10686781572857522,-0.0037557379329531226,0.640612552004957,0.3855511577030564,0.6022458554104124,0.6595809254037102,0.2130401244325295,0.5893979438283236,0.48747455076569,0.30793257375535854,0.5239444100203594,0.5761706647782597,0.43077175988568395,0.48856207084055187,0.25001580697783227,0.10479394023697822,-0.048546390318542215,-0.00026555722758254404
#11,0.40993184031158714,1.0,0.624476789033751,0.35297613778626435,0.3009775035091491,0.18415761453736137,0.00866222385209727,0.14746013480190695,-0.03984622971964744,0.6478711162255466,0.2939465597693446,0.18681318681318682,-0.07656900061963354,-0.4463511172371932,-0.34184802539232917,0.36003237269060057,0.31344604762326284,0.4580609264153568,0.13610440192718673,0.10514801654042161,-0.08633139012885849,0.38734683038480505,-0.2333489295514612,0.346628055488815,-0.005652575272828438,0.4337055349713578,0.10064618925378419,0.33762440091554013,-0.011520125444176077,-0.3530267201153277,0.24086040541736745,-0.14303418100886456,0.17995928122510402,0.1268478357085952,-0.1719925643976277,-0.21561982321475992,0.1679206869080287,-0.21761782521276193,0.5889932851958168,0.43729688033485503,-0.20760252405822027,-0.1636464801021763,-0.21840185131324372,-0.1728524639917045,-0.053199964592369656,-0.22029868865311902,-0.21637855815071005,-0.035749061065516764,0.16779423108537034,0.018551069183980577,0.4546972015326446,0.4349700931979413,0.3111445516508808,0.4039125431530495,0.02421629003907485,-0.014099824226406505,-0.1654927351129883,-0.020877856320894294,-0.15545214279391495,3.793674679750629e-05,0.04224889035015617,-0.06781825769167542,-0.3745747922963113,-0.3939225331630395,0.2922520517457226,0.5685833154187585,-0.441141137343669,-0.6788022104477801,-0.2002680863440357,-0.037089492785695316,-0.05719596858837365,0.1561855865653334,-0.4616269806143224,0.0014036596315077329,-0.16197726324308603,-0.02011912138494417,-0.16480987367063316,-0.08506683190227494,-0.45191517343416077,-0.11422754460729144,0.13567445213014834,-0.38980007334437716,0.14184549627587603,-0.03162660124685441,-0.22381416052302128,-0.10825882977781712,-0.22082980310828412,-0.05699363927212028,-0.17725312662021522,0.01951213343618407,0.1620784279012127,-0.40929956119829536,-0.2347399436007031,-0.19349005424954793,-0.05886518544746393,0.5104136369959155,0.5669393897241999,0.17115795596808256,0.30287434084902437,-0.24622213229808165,0.15742485362738529,0.09940692219173232,0.19533630926035989,0.06119197258437765,0.07406517533099811,-0.14407111875466305,0.07267416128175622,0.17914996396009053,0.04715537626930032,-0.1757862390773783,-0.15724781547566358
#12,0.5307224421148472,0.624476789033751,1.0,0.7388687262104984,0.0576765007144754,0.6352508251242428,0.04063025582012924,0.3255858065984648,-0.09131374954159764,0.7620101417569772,0.5382592091452851,0.09758595834545201,0.11528977351762162,-0.4214393201734974,-0.27720380884937845,0.3800376838351522,0.7975189367594431,0.8137305732242441,0.06754005488182703,-0.21078921078921078,-0.3752829449031981,0.2390900239001505,0.13678726336954186,0.36235915982751427,0.19379354822392797,0.491318807774504,0.29657684088063835,0.4478432959445618,0.29189797544227924,-0.1540358375801414,0.694634479444606,-0.18537159043488158,0.583606267150571,0.37252620796924596,-0.18653498400333843,-0.2151139999241265,0.31152391911885585,-0.1220678056121094,0.45697340634049494,0.09652372943512184,-0.27244906991742435,-0.19756193173914693,-0.42389256313306944,-0.41574880815387144,-0.15282186168262119,-0.5298119601917071,0.09614436196714678,0.21162381921875592,-0.08638197245792183,-0.3008004653574274,0.29503407984420643,0.40105464156097065,0.2576537386663969,0.6014871204744623,-0.006714804183158614,-0.1781383173788237,-0.4856788780839414,-0.42877375788768196,0.0711314002453243,0.015617294098306757,0.2171120019221285,0.027301812111938693,-0.5496655243490687,-0.39455481227633127,0.6632481442608025,0.5035091490787693,-0.5134232855751844,-0.6654990579041212,0.05067084813920257,-0.021788338244034446,0.36412954134473124,0.4692396211383553,-0.2752310980159081,0.08124786605799264,-0.28780080678814857,-0.2554534073521415,0.06842524564043552,-0.08873405075936722,-0.3288230756585187,0.09907813705282059,0.12037329758848746,-0.4483997015642585,0.3171132664803551,-0.17209372905575437,-0.35967829638715715,0.133701741296678,-0.07305352874973128,-0.2119778955221993,-0.30846368821052367,-0.3283931258614803,-0.11726248435109195,-0.36137280441077907,-0.07661958294869688,-0.052542394314546215,0.04938099874808736,0.7733658746316974,0.5527763375864642,0.6349220399853311,0.5703031146069121,0.19495694179238482,0.5007271209802855,0.6422058953704524,0.5568735062405948,0.42788856712907347,0.47756041426927504,0.3449588386297247,0.4314293301635074,0.1822354860329544,-0.11013037595316076,0.02047319768838756,0.05835936215683051
#13,0.43901667952300866,0.35297613778626435,0.7388687262104984,1.0,-0.12919991401004058,0.46028654889414383,0.12173902047319769,0.1453356769812466,-0.2814527244906992,0.6380328532227266,0.25340482302507616,-0.09662489409324852,-0.06943689222170235,-0.3130160978262244,-0.05438864932535819,0.45983130793257376,0.6382098913744484,0.6892980437284235,0.011798328254024456,-0.3399258968879222,-0.23033928097219236,0.25181147965958095,0.3357528547401965,0.336486298511615,0.4688096713413169,0.511678195222499,0.4053794306958864,0.415242984863238,0.018045245893347158,-0.2017602650514043,0.6691156944321501,-0.1729283374852995,0.649995574046207,0.6132980943107526,-0.31488764400156805,-0.21582215253101328,0.24652562627246172,0.022015958724819484,0.20102682127998583,-0.0016565712768244413,-0.2475625640182602,0.006537766031436918,-0.5166352634707065,-0.32148863794433413,-0.34779144905727183,-0.481556418265279,0.20641383932523172,0.38962303519265545,-0.17801186155616536,-0.2473096523729435,0.09045384994752083,0.1862314900289584,0.2690347627056488,0.590283134586932,0.17740487360740526,-0.059269844079970664,-0.5589726728967235,-0.5204795204795205,0.07952806686983903,-0.12965515497161068,0.39379607734038113,0.22123446174079087,-0.3780396818371502,-0.20803247385525866,0.6344415078592294,0.32940477244274713,-0.29551461197030815,-0.3671644810885317,-0.10909343820736225,0.03622959319161851,0.1161749642762301,0.20102682127998583,-0.18142616876794093,-0.1534035584668496,-0.1909103554673175,-0.41286561539726097,0.1924531165037494,-0.1201709682722341,-0.22080451194375245,0.1264178859115568,-0.17507808647049153,-0.4681015187344301,0.15135497413978427,-0.17019689171587907,-0.2035812288976846,0.2696923329834722,0.0804132576284475,-0.4841614082120411,-0.24882712224484377,-0.595897773112963,-0.3553787984167731,-0.45942664930006705,-0.14331238381871295,0.19222549602296438,0.1702474740449424,0.47991249257072044,0.47781332591459175,0.40712452104857166,0.5227304341228391,-0.03782293655711377,0.3942766094664829,0.46304328582809595,0.6153972609668812,0.36567230238116316,0.5983004337434717,0.43962366747176873,0.573768004147751,0.29857484287864033,0.0645304063025582,0.21152265456062924,0.20251899998735443
#17,0.107500094841867,0.3009775035091491,0.0576765007144754,-0.12919991401004058,1.0,-0.008586350358502257,0.00749883028364041,-0.014378027036254884,0.013543418606709746,0.2641535679510363,0.254340596112748,0.6627170298056374,0.0830182475752096,0.004059231907333173,-0.2063632569961684,-0.07484920143147991,-0.08023621947672581,0.057246550917436995,-0.24237787528926769,0.0804132576284475,0.040453217668407544,0.11389875946837973,6.322791132917716e-05,-0.019739753916969107,-0.10775300648718371,-0.036760707646783596,0.14154200230149597,0.15767776527270197,0.22930234322639387,-0.1460185384236017,0.041793649388586096,-0.11824883976782712,-0.021484844269654396,-0.2571479153757635,-0.22712730307667017,-0.22834127897419038,-0.041186661439825994,-0.4013581355353507,0.44819737224800515,0.555710112672138,-0.14045448222663412,-0.2979931460944119,-0.1622554660529344,-0.05044322765841753,-0.07656900061963354,0.1488005665220855,-0.11759126949000366,-0.028793990819307273,0.22454760429443973,0.4267251735606166,0.3329202443126494,0.3531784671025177,0.13575032562374334,0.14275597819901617,0.038708127315722256,-0.13595265493999673,0.11382288597478471,0.29629863807079,-0.4860835367164481,-0.318504280529597,-0.12500158069778322,0.19409704219830803,0.06789413118527042,0.3382566800288319,0.04806585819244047,0.3163292403798733,0.07909811707280062,-0.02194008523122447,-0.21524045574678485,0.24564043551385323,0.07151076771329935,-0.055602625222878385,-0.11958927148800566,0.4648389585098446,0.06182425169766942,0.3458187382238015,0.07487449259601159,0.3535831257350245,0.08716599855840362,-0.18792599805258034,0.3312510274535591,0.344705926984408,-0.11002921129503408,0.5867423715524981,0.33754852742194513,-0.041490155414206045,-0.019916792068690802,0.4086925732495353,0.09341291619772632,0.4059864186446465,0.5390938175748302,0.04657367948507189,-0.2638500739766563,-0.4917487575715424,-0.42181868764147246,-0.023179352293276344,0.14149141997243264,0.20469404013707812,0.2069702449449285,0.11473336789792486,0.11910873936190391,0.08792473349435374,-0.11086381972457922,0.3189089391621037,-0.060003287851389114,0.05180895054312776,-0.054565687477079884,0.18810303620430202,0.1358009079528067,-0.5581380644671784,-0.5948861265316961
#18,0.4307970510502156,0.18415761453736137,0.6352508251242428,0.46028654889414383,-0.008586350358502257,1.0,0.038151721696025494,0.28597984294186823,-0.12355998431947798,0.45077707103023557,0.4250559567015263,0.1161749642762301,0.48492014314799126,-0.22730434122839185,-0.10547680167933332,-0.03430746468721152,0.6118564979324473,0.5612488777045739,0.007094171651133676,-0.3230061078162344,-0.15990338775148902,-0.012734101341696278,0.17596327722910002,0.061647213545947724,0.17791069689803868,0.15373234360576132,0.17419289571188307,0.4480962075898785,0.29551461197030815,-0.06316468341784798,0.6842903931511527,-0.11415167111369642,0.7018677525006639,0.40462069575993626,-0.22315659024519785,-0.10378229365571137,0.18145145993247258,-0.07532973355758166,0.12464750439433983,-0.0950821330568166,-0.18678789564865514,-0.17439522502813642,-0.15578092793282666,-0.29425005374372465,-0.2368138190923001,-0.4166845812415433,0.22947938137811555,0.4481720810834735,-0.005121460817663349,-0.24713261422122182,0.1479406669280087,0.2285941906195071,0.2696923329834722,0.5305201127985938,-0.018601651513043917,-0.2510527447236308,-0.49539068526410296,-0.5422805043058208,-0.1654674439484566,-0.290304632076784,0.19222549602296438,0.29197384893587425,-0.2680484072889136,-0.2860304252709316,0.42581469163747643,0.26309133904070614,-0.34872722214494367,-0.35499943094879804,0.022673529002642925,0.057853538866197096,0.27234790525929764,0.3720456758431442,0.010963719824479318,0.20535161041490155,-0.2332730560578662,-0.33372956157766287,0.19434995384362472,-0.06415103883458313,0.06721126974291532,0.19010103820230403,0.3203252443758773,-0.07479861910241657,0.4717940287560541,-0.027807635402572112,-0.05985154086419909,0.13056563689475081,0.07965452269249737,-0.026947735808495302,-0.11121789602802261,-0.039466862251672376,-0.046826591130388596,-0.19852299599135043,-0.31410361790108626,-0.06291177177253127,-0.11986747429785405,0.4294060370009737,0.08696366924215025,0.6453672909369111,0.7033093488789691,0.4221727639449158,0.6844421401383427,0.6104907750477371,0.7121865476295856,0.3722227139948659,0.6391203732975885,0.5751843093615245,0.6420288572187306,0.3074520416292568,0.06779296652714374,0.08304353873974127,-0.13901288584832888
#26,0.03278999481531127,0.00866222385209727,0.04063025582012924,0.12173902047319769,0.00749883028364041,0.038151721696025494,1.0,0.3169362283286334,0.014934432655951643,0.2834760176532328,0.4741966893865628,0.10858761491672884,0.3951365090605597,0.3074520416292568,-0.14885114885114886,-0.05512209309677664,0.08703954273574527,-0.15815829739880372,-0.2028983674553295,-0.005197334311258362,0.11331706268415129,0.027782344238040442,-0.1822354860329544,-0.1748504659897065,-0.0029464206679396554,-0.08752007486184701,-0.08863288610124054,-0.1886594418239988,-0.08529445238305998,-0.08906283589827893,0.149837504267884,-0.04007385020043248,0.18114796595809254,0.2771026441912518,-0.05800528585338712,0.17965578725072395,-0.11865349840033385,0.14391937176747302,-0.1259879361145184,0.14735897014378027,-0.24139151987253252,-0.0667054464522819,0.024696822165176595,0.1759885683936317,0.1358767814464017,0.2924290898974443,0.12978161079426903,-0.26592394946825326,-0.13236130957649944,-0.07032208298031083,-0.1667067110105085,-0.14953401029350397,0.033093488789691324,0.25646505393340835,0.11814767510970042,0.1633176949632646,0.13165315696961266,0.07753006487183703,0.03334640043500803,-0.13650906055969347,-0.14902818700287054,-0.044474512828943207,-0.01576904108549678,0.14032802640397576,0.061950707520327775,0.10188545631583606,0.030311460691207527,0.16769306642724363,-0.3139518709138962,-0.1469037291822102,-0.0032752058068513763,-0.22034927098218238,0.3986772720949936,0.10256831775819118,0.4579850529217618,0.2664297727588867,0.30358249345591115,0.2505469214329974,0.04406985419643648,0.14199724326306604,-0.029653890413384083,0.1652145323031399,0.05413573768004148,-0.18704080729397185,0.041490155414206045,-0.19103681128997585,-0.29518582683139644,0.007701159599893777,0.15573034560376334,0.14356529546402963,0.14925580748365558,-0.11346880967134132,0.029932093223232464,-0.25871596757672705,-0.37953186054451876,-0.10122788603801262,-0.18140087760340926,-0.032081842208424485,0.026366039024266874,0.0798062696796874,-0.019082183639145666,0.1917702550613943,0.0027188001871546177,-0.0004425953793042401,0.1838541205629813,0.17308008447248954,0.20699553610946017,0.07950277570530735,0.18180553623591597,-0.26721379885936847,-0.2867132867132867
#49,0.40575879816386146,0.14746013480190695,0.3255858065984648,0.1453356769812466,-0.014378027036254884,0.28597984294186823,0.3169362283286334,1.0,-0.25922179086736047,0.24624742346261333,0.4967564081488132,0.24796722265076696,0.386739842436045,0.0036545732748264393,-0.047863528876187104,-0.198093046194312,0.270400485590359,0.1506215303683658,0.22297955209347614,-0.022370035028262878,0.0741663399891248,-0.2647605558997964,0.11900757470377724,-0.09558795634745001,0.4604888782103972,0.1459426649300067,0.2388876945838971,0.0608884786099976,0.1905562791638741,-0.16819888971787705,0.35178745305327586,-0.5585680142642168,0.2996876541180339,0.27002111812238394,-0.33319844712249774,-0.14354000429949798,-0.20932232324637387,-0.34058346716574567,0.10572971332465003,-0.005323790133916716,-0.07808647049153378,-0.15489573717421817,-0.286384501574375,-0.44116642850820065,-0.11915932169096725,-0.12783419112533037,0.2394946825326572,-0.14245248422463613,0.14801654042160373,-0.13319591800604458,0.04250180199547288,0.2627878450663261,0.45836442038973685,0.5448096207589879,0.17963049608619228,-0.44222865741853085,-0.014504482858913238,-0.2792776843409755,0.08906283589827893,0.06382225369567142,-0.06865286612122055,0.08043854879297917,-0.3209069411601057,-0.2005462891538841,0.248194843131552,0.45004362725881714,-0.19278190164266112,-0.1061090807926251,-0.1662514700489384,-0.4704535970358755,0.17576094791284666,-0.10340292618773632,0.16827476321147208,0.15327710264419125,0.035749061065516764,0.045865526878185105,0.03524323777488334,0.17158790576512095,0.016755396502231946,-0.00954741461070575,0.07747948254277368,-0.07684720342948191,0.10456631975619317,-0.05534971357756168,-0.2645835177480747,0.06928514523451232,-0.05719596858837365,0.07077732394188091,-0.2577296121599919,-0.08160194236143603,-0.20906941160105716,-0.2779878349498603,0.09955866917892234,-0.234208829145538,-0.15304948216340622,0.3449588386297247,-0.09346349852678966,0.2717662084750692,0.3258134270792499,0.2191100039201305,0.30393656975935457,0.45990718142616877,-0.034105135370958155,0.1801363193768257,0.3260663387245666,0.2729801843725894,0.39440306528914126,0.06743889022370035,-0.03703891045663198,-0.12682254454406353,-0.22603978300180833
#50,-0.2865615397260967,-0.03984622971964744,-0.09131374954159764,-0.2814527244906992,0.013543418606709746,-0.12355998431947798,0.014934432655951643,-0.25922179086736047,1.0,-0.046826591130388596,0.08640726362245349,0.03301761529609631,-0.1677183575917753,0.2001163393568457,0.11948810682987898,-0.029400978768067375,-0.01511147080767334,-0.2159738995182033,-0.45472249269717624,-0.10183487398677273,0.04133840842701602,-0.11776830764172537,-0.294452383059978,-0.29571694128656156,-0.5338585465167743,-0.45464661920358124,-0.3920762781522275,-0.36620341683632823,0.06417632999911481,0.11286182172258122,-0.34255617799921595,0.26066338724566573,-0.4325674325674326,-0.5474146107057499,0.5246778537917779,0.04606785619443847,-0.11440458275901313,0.0847633379278949,-0.21003047585326065,0.049254542925429,-0.15795596808255036,-0.041818940553117766,0.2557063189974582,0.3040377344174813,0.3665069108107083,0.2570973330467001,-0.3102340697277406,-0.2907092907092907,-0.23658619861151506,-0.22194261434767765,-0.1521137090757344,-0.24495757407149812,-0.49708519328772494,-0.4028250230781876,-0.08261358894270286,0.34215151936670923,0.441292884330859,0.44915843650020865,-0.05309879993424297,-0.024115125380948167,-0.3019385677613526,-0.44392316544215277,0.17540687160940324,-0.006512474866905246,-0.19101152012544417,-0.32765968209006185,0.0017577359349511248,-0.004059231907333173,0.23453761428444972,-0.09412106880461311,0.2310980159081425,0.22088038543734748,0.15719723314660022,0.20960052605622226,0.4047724427471263,0.4950366089606596,0.12110674135990591,0.10583087798277671,-0.08916400055640562,-0.1701716005513474,-0.12560856864654332,0.025303810113936696,-0.4836555849214077,-0.13810240392518874,-0.03182893056310778,-0.2771026441912518,-0.4417734164569608,0.07545618938024001,0.023128769964213,0.22533163039492154,0.23408237332287965,0.3952376737186864,0.013518127442178075,-0.28157918031335755,-0.2580583972989036,-0.055501460564751706,-0.0480405670279088,-0.13782420111534036,-0.3921774428103542,-0.010913137495415977,-0.07054970346109586,-0.055577334058346715,-0.2912151139999241,-0.06827349865324549,-0.2955904854639032,-0.3120550335740209,-0.4676715689373917,-0.18238723302014442,0.048799301963858926,-0.2961974734126633,-0.12123319718256427
#51,0.4166845812415433,0.6478711162255466,0.7620101417569772,0.6380328532227266,0.2641535679510363,0.45077707103023557,0.2834760176532328,0.24624742346261333,-0.046826591130388596,1.0,0.6332275319617092,0.24677853791777843,0.15575563676829499,-0.30889363800756203,-0.20345477307502624,0.15041920105211246,0.7590763666713034,0.5087950024658885,-0.009800326256022458,-0.1928071928071928,-0.01867752500663893,0.16362118893764463,-0.06662957295868688,0.21539220273397489,0.1512538094816576,0.3810746215809507,0.24308602789615447,0.2875984774718952,0.07707482391026695,-0.3870686275749567,0.5086179643141668,-0.1373436689892386,0.5281680344971484,0.33676450132146335,-0.21235726299017438,-0.3302140897077606,0.2728284373853994,-0.2472337788793485,0.47118704080729396,0.17310537563702122,-0.4386120208905019,-0.48570416924847304,-0.4650159966615663,-0.3613980955753108,-0.23939351787453053,-0.449436639310057,-0.03253708316999456,0.10499626955323157,0.1320578156021194,-0.09391873948835974,0.26880714222486374,0.36605166984913823,0.2855751843093615,0.5810265683683405,0.10502156071776325,-0.13537095815576827,-0.23587804600462828,-0.24075924075924077,-0.3110686781572857,-0.3708569911101557,0.30836252355239696,0.1643546327090631,-0.4630179946635643,-0.41835379810063356,0.5334033055552043,0.5245513979691195,-0.5232109662489409,-0.6533592989289192,-0.2072231565902452,-0.07654370945510186,0.13097029552725756,0.29569165012202986,-0.20191201203859432,0.1527965705180895,0.0136698744293681,0.0030728764905980097,0.19414762452737136,0.09230010495833281,-0.41218275395490583,-0.20841184132323373,0.17985811656697734,-0.3554546719103681,0.19010103820230403,-0.04467684214519658,-0.25282312624084774,0.09735833786466698,-0.05565320755194173,-0.18635794585161675,-0.398955474904842,-0.21895825693294046,-0.08150077770330935,-0.495694179238483,-0.3431884571125077,-0.17325712262421122,-0.15102618900087256,0.5520934761441091,0.36627929032992323,0.4467810670342316,0.49099002263559227,-0.03501561729409831,0.4452383059977997,0.4059864186446465,0.4303923924177089,0.250268718623149,0.3941754448083562,0.24306073673162282,0.40133284437081906,0.39437777412460956,0.11475865906245653,-0.09369111900757471,-0.2350940199041465
#52,0.40993184031158714,0.2939465597693446,0.5382592091452851,0.25340482302507616,0.254340596112748,0.4250559567015263,0.4741966893865628,0.4967564081488132,0.08640726362245349,0.6332275319617092,1.0,0.46223396856308246,0.43810619759986846,-0.021914794066692802,-0.1429835986798012,-0.09556266518291835,0.5672934660276432,0.3021661882421376,-0.10578029565371337,-0.193945295211118,-0.1422248637438511,-0.06898165126013227,-0.0738122636856814,-0.11824883976782712,-0.09493038606962657,-0.020093830220412497,-0.03271412132171626,0.06905752475372728,0.2661515699490383,-0.18086976314824416,0.45087823568836227,-0.21126974291531253,0.35654219198522996,0.10443986393353481,-0.09897697239469391,-0.0964731471060585,-0.014428609365318226,-0.24495757407149812,0.15059623920383414,-0.018374031032258882,-0.4354000429949797,-0.48517305479330797,-0.17927641978274889,-0.23370300585490458,-0.01278468367075962,-0.29882775452395705,0.11979160080425903,-0.06248182197549286,-0.006765386512221955,-0.19632266467709505,0.05130312725249434,0.19265544582000277,-0.05208715335297614,0.3564157361625716,-0.11827413093235878,-0.2825655357300927,-0.09462689209524652,-0.15793067691801868,-0.22877122877122877,-0.19495694179238482,0.05739829790462702,0.05426219350269983,-0.29503407984420643,-0.17874530532758381,0.44197574577321413,0.3191871419719521,-0.3921521516458225,-0.3562639891753816,0.00395806724920649,-0.21524045574678485,0.3189848126556987,0.26713792536577347,0.11169842815412435,0.45818738223801514,0.12037329758848746,0.20909470276558884,0.34918246310651374,0.35489826629067134,-0.10952338800440066,-0.06705952275572528,0.20403646985925467,-0.09232539612286447,0.1421236990857244,0.013897494910153138,-0.2929854955171411,0.04333641042501802,-0.07753006487183703,0.05279530595986292,-0.3155199231148598,0.04217301685656116,0.05618432200710682,-0.13850706255769546,-0.14682785568861517,-0.2870926541812618,-0.26809898961797696,0.46311915932169095,0.05476801679333325,0.5248548919434995,0.4391937176747303,0.3361575133727032,0.4027491495845926,0.6013100823227405,0.10603320729903008,0.39680572591964997,0.3316303949215342,0.3123332363838693,0.2922520517457226,0.20191201203859432,-0.15294831750527954,-0.2115732368896926,-0.23772430101544026
#53,0.21266075696455444,0.18681318681318682,0.09758595834545201,-0.09662489409324852,0.6627170298056374,0.1161749642762301,0.10858761491672884,0.24796722265076696,0.03301761529609631,0.24677853791777843,0.46223396856308246,1.0,0.20353064656862124,0.109573970333464,0.12330707267416129,-0.30264672036823936,0.02484856915236662,0.03228417152467786,-0.009876199749617471,-0.1667825845041035,0.02419099887454318,-0.22639385930525172,0.034079844206426485,-0.021257223788869357,0.06038265531936418,-0.10661490408325851,0.07828879980778715,0.06718597857838364,0.39065997293845395,-0.042855878298916274,0.18903880929197384,-0.14900289583833887,0.13936696215177227,-0.17087975315823417,-0.09166782584504103,-0.2824137887429027,0.12378760480026303,-0.45027124773960214,0.4242719306010445,0.21013164051138736,0.04055438232653422,-0.3415698225824808,-0.21802248384526865,-0.2333489295514612,-0.3098294110952339,-0.09824352862327546,0.010660225850099268,-0.043462866247676375,0.15294831750527954,0.10937164101721064,0.14045448222663412,0.11377230364572137,0.014327444707191543,0.10325117920054629,0.12515332768497325,-0.36152455139796913,0.07899695241467393,-0.013290506961393037,-0.4518140087760341,-0.3402546820268339,-0.0631393922533163,0.1794534579344706,0.06951276571529737,0.10636199243794181,0.19624679118350005,0.3092224231464738,0.006790677676753626,-0.08415634997913479,-0.045460868245678375,-0.0752032777349233,0.15302419099887454,0.0010748744925960115,0.0034016616295097306,0.49038303468683214,0.0025164708709012507,0.2695911683253455,0.16255896002731446,0.43165695064429244,0.0443986393353482,-0.19278190164266112,0.292530254555571,0.12411638993917475,0.0038569025910798064,0.5018146410551474,0.15795596808255036,0.15155730345603763,0.1169589903767119,0.26455822658354305,-0.13124849833710595,0.31101809582822243,0.2913668609871142,-0.06619962316164847,-0.2283159878096587,-0.4308223422147473,-0.3536589992286195,0.0880511893170121,-0.01867752500663893,0.2124331364837694,0.3299358868979122,0.06432807698630484,0.26721379885936847,0.2731572225243111,-0.09042855878298917,0.37035116781952226,0.1824883976782711,0.09295767523615625,0.1306668015528775,0.1999140100405923,0.031803639398576104,-0.3696430152126355,-0.4860076632228531
#54,0.12550740398841664,-0.07656900061963354,0.11528977351762162,-0.06943689222170235,0.0830182475752096,0.48492014314799126,0.3951365090605597,0.386739842436045,-0.1677183575917753,0.15575563676829499,0.43810619759986846,0.20353064656862124,1.0,0.24849833710593205,-0.26696088721405176,-0.26916121852830716,0.24108802589815248,0.02128251495340103,-0.005930778082676817,0.3132437183070094,-0.045460868245678375,-0.20249370882282275,-0.13041388990756078,-0.12831472325143212,-0.05502092843864996,-0.1747745924961115,-0.12189076746038771,0.039441571087140706,0.336486298511615,0.2993841601436538,0.08701425157121359,0.21615093766992502,0.16599855840362168,0.03982093855511577,0.09052972344111584,0.4160270109637198,-0.004033940742801502,0.1220678056121094,0.07006917133499412,-0.05097434211358262,0.06101493443265595,0.05679130995586692,0.2494846925226672,-0.002263559225584542,0.025961380391760137,0.11786947229985205,-0.11005450245956575,0.029375687603535705,0.06111609909078264,-0.11326648035508795,0.14174433161774935,0.15117793598806256,0.07183955285221108,0.17419289571188307,-0.030286169526675857,-0.09930575753360564,-0.03799997470883547,-0.07247183196550284,-0.18296892980437285,-0.22722846773479685,-0.17677259449411348,0.13969574729068399,0.054919763780523274,-0.07135902072610933,-0.0530735087697113,0.012936430657949645,0.04933041641902401,0.027580014921787074,0.07697365925214027,0.06478331794787491,0.3041388990756079,0.272474361081956,0.13129908066616927,0.26430531493822634,0.0544645228189532,0.08511741423133828,0.04371577789299308,0.04778765538259209,0.12919991401004058,0.4135231856750844,0.5407377432693888,0.531354721228139,0.4506000328785139,0.028262876364142188,0.282236750591181,-0.1642534680509364,-0.027934091225230467,0.3939984066566345,0.36299143894080604,0.4478432959445618,0.39786795482998016,0.06336701273410134,-0.09121258488347096,-0.3525208968246943,-0.47781332591459175,-0.15388409059295136,-0.4695431151127354,0.22609036533087165,0.19824479318150204,0.5274092995611983,0.3009775035091491,0.26228202177569265,0.25067337725565575,0.03559731407832674,0.09331175153959964,0.22973229302343226,0.14687843801767853,-0.003705155603889781,0.15737427129832193,-0.22624211231806168,-0.3693901035673188
#58,-0.14816828740879373,-0.4463511172371932,-0.4214393201734974,-0.3130160978262244,0.004059231907333173,-0.22730434122839185,0.3074520416292568,0.0036545732748264393,0.2001163393568457,-0.30889363800756203,-0.021914794066692802,0.109573970333464,0.24849833710593205,1.0,0.13929108865817727,-0.342707924986406,-0.23800250382528865,-0.26263609807913607,-0.2212850440698542,-0.03807584820243048,0.036406631343340205,-0.5005753739930955,-0.00600665157627183,-0.292530254555571,-0.022673529002642925,-0.2648364293933914,-0.06751476371729537,-0.10170841816411437,0.18296892980437285,0.3624856156501726,-0.32829196120335363,0.198093046194312,-0.28858483288863035,-0.3765727942943133,0.2045170019853564,0.10100026555722759,-0.25552928084573656,-0.07553206287383503,-0.21023280516951404,0.057297133246500334,0.43413548476839614,0.19283248397172448,0.17383881940843965,-0.025430265936595052,-0.12328178150962961,0.2768497325459351,-0.07922457289545898,0.05876402078933725,-0.09439927161446149,0.14738426130831195,-0.04654838832054022,0.03395338838376813,-0.1441975745773214,-0.20777956220994195,0.09945750452079566,-0.07621492431619013,0.26149799567521087,0.10067148041831586,-0.1282388497578371,-0.20517457226317987,-0.4219198522995991,-0.03367518557391975,0.439143135345667,0.36445832648364296,-0.13592736377546505,-0.3171891399739501,0.5945826325573161,0.7002744091351686,0.002465888541837909,-0.18051568684480077,0.1625083776982511,-0.2528989997344428,0.07983156084421907,0.34038113784949225,0.3491318807774504,0.3104111078794623,0.05431277583176317,0.12290241404165454,0.47685226166238825,0.055602625222878385,0.15674199218503015,0.48803095638538674,-0.23962113835531557,0.2519379354822393,0.49177404873607405,-0.007170045144728689,-0.08026151064125747,0.017691169589903768,0.40826262345249686,0.2662780257716967,0.16847709252772544,0.328721911000392,-0.03329581810594469,-0.41949190050455876,-0.5692408856965819,-0.3935178745305328,-0.6144361967146778,-0.09844585793952883,-0.08949278569531734,0.3625614891437676,0.15876528534756382,0.09487980374056323,-0.3887631355985786,0.10595733380543507,-0.07543089821570834,0.004286852388118211,-0.15416229340279974,-0.14184549627587603,0.10666548641232186,-0.4016616295097308,-0.29361777463043287
#101,0.2166820521250901,-0.34184802539232917,-0.27720380884937845,-0.05438864932535819,-0.2063632569961684,-0.10547680167933332,-0.14885114885114886,-0.047863528876187104,0.11948810682987898,-0.20345477307502624,-0.1429835986798012,0.12330707267416129,-0.26696088721405176,0.13929108865817727,1.0,-0.08218363914566446,-0.04773707305352875,-0.07636667130338017,0.20476991363067312,-0.5308994802665689,0.23678852792776844,-0.16915995397008055,0.40419074596289783,-3.793674679750629e-05,0.28858483288863035,-0.12621555659530342,-0.013897494910153138,0.04798998469884546,0.13696430152126354,-0.04159132007233273,-0.028465205680395553,-0.17098091781636085,0.08274004476536122,-0.04369048672846141,0.09154137002238268,-0.3183019512133436,0.052592976643609554,-0.1597263495997673,-0.20287307629079782,-0.3652170614195931,0.31949063594633215,-0.08172839818409439,0.008586350358502257,-0.10312472337788793,-0.14462752437435983,-0.28623275458718495,0.4877780447400701,0.4213634466799024,-0.006815968841285297,0.07887049659201557,-0.31756850744192516,-0.33547465193034814,-0.06220361916564448,-0.15148142996244263,0.007827615422552132,-0.22993462233968562,0.031120777956220994,-0.2076531063872836,-0.06141959306516268,-0.19513397994410653,-0.08703954273574527,0.1484717813831738,0.4075544708456101,0.08494037607961659,0.11233070726741613,-0.2542394314546213,0.2676437486564069,0.24672795558871508,0.2650134675451131,-0.22272664044815943,0.17095562665182917,-0.04452509515800655,0.29576752361562486,-0.06473273561881157,0.00747353911910874,-0.13534566699123662,0.11048445225660415,0.020599653511045916,0.29736086698112013,-0.35204036469859257,-0.4263710972571732,-0.007321792131918714,-0.1911632671126342,-0.08016034598313079,0.013138759974203012,-0.03071611932371426,0.09629610895433681,-0.14404582759013138,-0.15975164076429899,-0.21144678106703424,-0.3396729852426055,-0.1555785986165733,-0.2595505760062722,0.009345085294452384,0.07292707292707293,-0.0005690512019625943,-0.04687717345945194,0.05919397058637565,0.052921761782521275,-0.08567381985103505,0.1414408376433693,0.013113468809671342,-0.04836935216682052,0.23279252393176444,0.3505987683202873,0.26359716233133956,0.1930853956170412,0.00689184233488031,-0.035445567091136714,0.02899632013556064,0.09356466318491635
#102,0.11503686187230491,0.36003237269060057,0.3800376838351522,0.45983130793257376,-0.07484920143147991,-0.03430746468721152,-0.05512209309677664,-0.198093046194312,-0.029400978768067375,0.15041920105211246,-0.09556266518291835,-0.30264672036823936,-0.26916121852830716,-0.342707924986406,-0.08218363914566446,1.0,0.1501157070777324,0.45765626778285007,0.07588613917727842,0.1407326850364825,-0.3905335171157956,0.7555861859659329,0.22877122877122877,0.6027516787010457,-0.039795647390584096,0.38251621795925594,-0.06845053680496718,0.12173902047319769,0.09973570733064403,0.1308438397045992,0.10605849846356176,0.19164379923873595,0.06440395047989984,0.2486247929285904,0.10954867916893234,0.2790247726956588,0.2235359577131729,0.4917993399006057,0.16736428128833192,0.2679725337953186,-0.07135902072610933,0.31804903956802694,0.09695367923216025,0.3259145917373765,0.38985065567344046,0.08721658088746696,0.10972571732065403,0.12353469315494632,-0.47556241227127305,-0.21518987341772153,-0.03951744458073572,-0.12411638993917475,-0.06754005488182703,0.09328646037506796,-0.11475865906245653,0.4079085471490535,-0.3190353949847621,0.06627549665524349,0.4264469707507682,0.37685099710416164,-0.10492039605963657,-0.2895206059763022,0.11230541610288446,0.16020688172586905,0.19880119880119881,0.0399726855423058,0.05980095853513575,-0.1093210586881473,0.16291303633075785,0.3114480456252608,0.14331238381871295,0.23792663033169362,-0.12479925138152986,-0.4616269806143224,-0.244198839135548,-0.330416419024014,-0.1772784177847469,-0.44392316544215277,-0.045132083106766654,0.4321880650994575,-0.4193654446819004,-0.12490041603965654,-0.07548148054477169,-0.38502004324789135,-0.016198990882535187,-0.24693028490496846,-0.34751324624742347,-0.15742485362738529,0.24414825680648466,-0.2395199736971889,0.11131906068614929,-0.039112785948228986,0.13352470314495632,0.13972103845521566,0.26721379885936847,0.16422817688640473,0.6479216985546099,0.06407516534098813,-0.03923924177088734,-0.008586350358502257,-0.23011166049140733,-0.047534743737275384,0.31820078655521694,0.0562854866652335,-0.01683126999582696,0.07424221348271981,-0.03531911126847836,-0.2711086381972458,-0.1835253354240696,0.010887846330884306,0.36597579635554317
#201,0.38120107740360903,0.31344604762326284,0.7975189367594431,0.6382098913744484,-0.08023621947672581,0.6118564979324473,0.08703954273574527,0.270400485590359,-0.01511147080767334,0.7590763666713034,0.5672934660276432,0.02484856915236662,0.24108802589815248,-0.23800250382528865,-0.04773707305352875,0.1501157070777324,1.0,0.646606557998963,0.0683493721468405,-0.3196170917689905,-0.26584807597465826,0.05196069753031778,0.1749263394833015,0.254112975631963,0.11797063695797873,0.4013581355353507,0.30198915009041594,0.3559099128719382,0.3416456960760758,-0.1408338496946092,0.5423816689639475,-0.021484844269654396,0.5509047914111205,0.26728967235296347,-0.03008384021042249,-0.22963112836530558,0.3207551941729157,-0.11040857876300915,0.3068450536804967,-0.15224016489839276,-0.27996054578333057,-0.415091237876048,-0.36734151924025343,-0.44498539435248297,-0.13372703246120968,-0.6053566686478079,0.17280188166264115,0.28511994334779145,0.004742093349688286,-0.24882712224484377,0.19827008434603371,0.3375232362574135,0.15734898013379026,0.4453141794913947,-0.06356934205035471,-0.22947938137811555,-0.4123092097775642,-0.4670392898240999,-0.059244552915438994,-0.22103213242453748,0.2425549134409894,0.036406631343340205,-0.4471857256667383,-0.43102467153100066,0.6684581241543267,0.28405771443746125,-0.4974392695911683,-0.5875769799820433,0.15919523514460224,-0.013214633467798024,0.4140543001302495,0.5900302229416153,-0.14225015490838275,0.09199661098395276,-0.1756344920901883,-0.22538221272398487,0.12267479356086951,-0.10269477358084952,-0.26028401977769067,-0.043766360222056426,0.23226140947659935,-0.31230794521933763,0.29503407984420643,-0.18081918081918083,-0.32201975239949926,0.11923519518456227,-0.02047319768838756,-0.18489105830877983,-0.3675438485565068,-0.39179807534237915,-0.23709202190214848,-0.38122636856814074,-0.16099090782635087,-0.05183424170765943,-0.030260878362144184,0.6588474816322918,0.29553990313483985,0.7033093488789691,0.49776805473008007,0.29275787503635603,0.5165088076480482,0.6348461664917361,0.5481227633126368,0.40568292467026645,0.451358767814464,0.4302406454305189,0.3984243604496769,0.13610440192718673,-0.1763932270261384,0.04968449272246741,0.04480329796785493
