,#10,#11,#12,#13,#17,#18,#26,#49,#50,#51,#52,#53,#54,#58,#101,#102,#201,#202,#301,#302,#401,#402,#501,#502,#601,#602,#701,#702,#801,#802,#901,#902,#1001,#1002,#1101,#1102,#1201,#1202,#1301,#1302,#1401,#1402,#1501,#1502,#1601,#1602,#1701,#1702,#1801,#1802,#1901,#1902,#2001,#2002,#2101,#2102,#2201,#2202,#2301,#2302,#2401,#2402,#2501,#2502,#2601,#2602,#2701,#2702,#2801,#2802,#2901,#2902,#3001,#3002,#3101,#3102,#3201,#3202,#3301,#3302,#3401,#3402,#3455,#3501,#3502,#3601,#3602,#3701,#3702,#3801,#3802,#3901,#3902,#4001,#4002,#4101,#4102,#4201,#4202,#4301,#4302,#4401,#4402,#4501,#4502,#4601,#4602,#4701,#4702,#4801,#4802
#10,1.0,0.14938226330631393,0.6324435058612273,0.6499702828816752,0.3109928046636907,0.44255744255744256,0.06824820748871382,0.18362650008219628,-0.3921521516458225,0.18633265468708507,0.45924961114834534,0.31870660984585036,0.10416166112368644,-0.4042666194564929,-0.23896356807749214,-0.2197169918688906,0.6394997407655636,0.4906106551676172,-0.06971509503155073,-0.15393467292201468,-0.26066338724566573,-0.054945054945054944,-0.314508276533593,-0.11220425144475778,-0.23807837731888365,-0.21377356820394794,-0.26541812617761984,0.12583618912732836,-0.3290001138102404,-0.2819585477813326,0.2765209474070234,-0.1404797733911658,0.338711920990402,-0.01951213343618407,-0.19118855827716588,-0.01073609934369428,0.0739134283438081,-0.008232274055058865,0.017918790070688806,0.30846368821052367,-0.11063619924379418,-0.1521137090757344,0.004514472868903248,-0.015263217794863365,-0.2431619013897495,0.3754346918903881,-0.1763173535325434,-0.24521048571681484,-0.4885114885114885,-0.39010356731875717,-0.17176494391684266,0.11802121928704207,-0.10583087798277671,0.27469998356074304,-0.1342328557518431,0.08582556683822506,-0.12254833773821115,-0.19586742371552499,0.004236270059054869,0.15954931144804563,0.07406517533099811,0.1328418417026012,-0.28995055577334056,0.04219830802109283,0.20348006423955792,0.11152139000240266,-0.24427471262914302,-0.1673136989592686,-0.07917399056639562,-0.3283172523678853,-0.019765045081500777,0.010609643521035926,-0.4583391292252052,-0.2811492305163191,-0.41172751299333576,-0.2899252646088089,-0.1768484679877085,-0.10760125949999368,-0.11177430164771937,-0.2517608973305176,0.16387410058296134,0.20413763451738134,0.45151051480165405,0.3222979552093476,0.198017172700717,0.2611186282072358,0.14495630951327154,0.32836783469694864,0.02866753499664892,0.3158234170892399,-0.00631014555065188,0.3244729953590713,0.11169842815412435,0.24700615839856346,0.3391418707874404,0.2683771924278253,0.15127910064618924,0.49936139809557534,0.370679952958434,0.013391671619519721,0.2570973330467001,0.38218743282034423,0.12158727348600766,0.5231098015908142,0.5771317290304632,0.27819016426611365,0.288534250559567,-0.22834127897419038,0.13107146018538424,0.17689905031677183,0.09551208285385501
#11,0.14938226330631393,1.0,-0.034459211674401545,0.18521984344769155,0.1568937391722202,-0.3098041199307022,0.1371666308375169,0.2056551043892816,0.2354986785366532,0.39758975202013175,0.34321374827703943,-0.2573249535274852,-0.19902881928198385,-0.12439459274902313,0.1679206869080287,0.12310474335790791,-0.028793990819307273,-0.30874189102037203,0.4284449727487702,0.19791600804259032,0.22548337738211155,0.18762250407820028,0.18129971294528258,0.3179731660744319,0.28552460198029816,0.23157854803424424,-0.2581342707924986,-1.2645582265835431e-05,-0.07793472350434376,-0.20876591762667712,-0.29849896938504533,0.19773896989086862,-0.29382010394668623,-0.30724971231300346,0.04839464333135219,0.011520125444176077,0.3316556860860658,-0.08365052668850137,0.19351534541407958,0.0731294022433263,0.17211902022028605,-0.09571441217010837,0.1611426548135409,0.017008308147548654,0.1489017311802122,0.3752070714096031,-0.16248308653371946,-0.11888111888111888,-0.05013973368403748,-0.23385475284209462,-0.3855511577030564,-0.18681318681318682,0.004337434717181552,0.11501157070777324,0.35714917993399004,0.09632140011886847,-0.1656444821001783,-0.04275471364078959,0.1422248637438511,0.23028869864312904,-0.22631798581165669,-0.21622681116352002,0.06650311713602852,0.16559389977111497,-0.09123787604800263,-0.30168565611603587,0.1695393214380556,0.30664272436424334,0.06301293643065795,0.10196132980943108,-0.020549071181982573,-0.09571441217010837,-0.431151127353659,-0.38428659947647287,-0.07942690221171234,-0.13731837782470693,-0.37788793484996014,-0.4158752639765298,0.2501422628004906,0.23893827691296046,-0.276394491584365,-0.33039112785948227,-0.1067160687413852,0.2163279758216467,-0.28284373853994105,-0.20059687148294744,-0.35775616788275016,0.4860835367164481,-0.3748782862706913,-0.15732368896925858,0.045890818042716774,-0.22548337738211155,0.11207779562209942,-0.10737363901920864,-0.1461197030817284,-0.012101822228404507,0.14240190189557278,-0.02016970371400751,-0.05800528585338712,0.015617294098306757,-0.1649363294932915,-0.08640726362245349,-0.43577941046295476,-0.2295299637071789,-0.262180857117566,-0.15562918094563663,-0.2585389294250054,-0.3531784671025177,-0.03663425182412524,-0.15168375927869598,-0.1754574539384666
#12,0.6324435058612273,-0.034459211674401545,1.0,0.5228568899454975,0.19778955221993197,0.6849732545935078,0.1726754258399828,0.099508086849859,-0.15249307654370944,0.49013012304151543,0.4821886973785708,0.3040377344174813,0.3500170715360589,-0.16073799618103415,-0.28815488309159193,-0.3630926035989327,0.8698263761554901,0.6491609656166618,-0.053199964592369656,-0.3326167503382693,-0.3089695115011571,-0.298296640068792,-0.0016818624413561121,0.015035597314078327,-0.16759190176911695,-0.21723845774478687,-0.04591610920724845,0.06703423159119362,-0.12601322727905007,-0.13653435172422515,0.3079831560844219,-0.22391532518114796,0.5019410968778057,0.1189569923747139,-0.2277848733544936,-0.05034206300029085,-0.06463157096068488,-0.18294363863984117,-0.26630331693622833,-0.22260018462550107,-0.06657899062962354,-0.12037329758848746,0.0032246234777880346,-0.24536223270400487,0.07765652069449538,0.36825200116339357,-0.01278468367075962,0.02393808722922647,-0.20633796583163672,0.015288508959395035,0.1701716005513474,0.4096789286662704,0.18825478319149205,0.5432162773934925,-0.33916716195197205,-0.32239911986747427,-0.2425549134409894,-0.5849466988707495,0.24857421059952706,0.16083916083916083,0.0872671632165303,-0.08175368934862606,-0.3873974127138684,-0.18119854828715587,0.33661275433427335,0.3389901238002504,-0.23926706205187218,-0.14007511475865905,-0.2625096422564777,-0.5305706951276572,0.06716068741385198,0.01844990452585389,-0.28982409995068226,-0.1491546428255289,-0.4584908762123952,-0.43987657911708544,-0.4463764084017249,-0.3047711781888997,-0.03896103896103896,-0.13347412081589297,0.2335259677031829,0.21518987341772153,0.1566155363623718,0.13820356858331542,-0.013821621416558126,0.3063392303898633,0.15312535565700122,0.26170032499146423,0.11751539599640866,0.2445276242744597,0.06091376977452927,0.34829727234790525,0.2968044613614234,0.23623212230807167,0.2650893410387081,0.6322158853804424,0.12517861884950493,0.7459755434438978,0.5942032650893411,0.45262332604104755,0.6326205440129491,0.6680281743572882,0.3871697922330834,0.7131476118817891,0.6491356744521302,0.5305959862921888,0.5623616889439674,-0.1330947533479179,-0.21020751400498236,0.2233589195614512,0.1366608075468835
#13,0.6499702828816752,0.18521984344769155,0.5228568899454975,1.0,0.6051037570024912,0.46076708102024555,-0.1365596428887568,-0.06144488422969436,-0.4547730750262396,0.42171752298334575,0.20274662046813946,0.4859823720583214,0.22034927098218238,-0.5553560363686946,-0.15755130945004361,-0.2202481063240557,0.48256806484654585,0.447286890324865,-0.1760644418872267,-0.30515054565687477,-0.31584870825377154,-0.03984622971964744,0.04950745457074571,-0.010660225850099268,-0.15512335765500324,-0.034737414484249926,-0.1328418417026012,0.30077517419289573,-0.27897419036659543,-0.07325585806598464,0.2942753449082563,-0.10355467317492634,0.2892424031664538,-0.09839527561046549,-0.20294894978439282,0.008788679674755624,0.006284854386120209,-0.1427306870344845,0.11177430164771937,0.32029995321134563,0.060635566964680886,0.08792473349435374,0.3406846318238723,-0.012835265999822962,-0.0724212496364395,0.29053225255756904,0.23119918056626917,0.2695405859962822,-0.21544278506303824,0.043791651386588096,-0.02186421173762946,0.20654029514789007,0.10805650046156376,0.28157918031335755,-0.16741486361739527,0.07634138013884849,0.1286687995548755,-0.15934698213179227,0.23322247372880284,0.3717927641978275,-0.04599198270084346,0.041414281920611036,-0.33378014390672617,-0.10239127960646947,0.1441217010837264,0.00026555722758254404,-0.4209840792119273,-0.17277659049810948,-0.29268200154276103,-0.3573768004147751,-0.332642041502801,-0.15704548615941022,-0.549260865716562,-0.2124331364837694,-0.5297107955335804,-0.39913251305656366,-0.42389256313306944,-0.16587210258096335,-0.2298840400106223,-0.26228202177569265,0.1953110180958282,0.3673921015693168,0.2910380758482024,0.22426940148459135,0.08167781585503105,0.16931170095727058,0.13033801641396578,0.5031044904462626,0.1613955664588576,0.5508036267529939,0.12543153049482164,0.3938466596694445,0.1117490104831877,0.2555545720102682,0.3863351838035382,0.3722985874884609,-0.038429924505873875,0.5455936468594696,0.5731104338699275,0.1149609883787099,0.4125621214228809,0.15006512474866907,0.14981221310335235,0.3761934268263382,0.3986772720949936,0.22012165050139734,0.2831725236788528,-0.18600386954817336,0.17887176115024217,0.10970042615612235,0.08218363914566446
#17,0.3109928046636907,0.1568937391722202,0.19778955221993197,0.6051037570024912,1.0,0.24953527485173055,-0.0024911797063695796,-0.011418960786049393,-0.28762376863642686,0.17540687160940324,0.14139025531430593,0.6178252127619216,0.2778107967981386,-0.26825073660516696,0.01073609934369428,-0.17237193186560276,0.15823417089239875,0.23522047572680485,-0.07323056690145298,-0.18511867878956487,-0.2815285979842942,-0.17730370894927858,0.07907282590826895,-0.033725767902983095,-0.06308880992425296,-0.05345287623768637,-0.03534440243301003,0.16680787566863517,-0.05074672163279758,0.011848910583087797,0.15332768497325458,0.000999000999000999,-0.023710466748441433,-0.2931625336688628,-0.04654838832054022,-0.13645847823063012,0.004438599375308236,-0.34465534465534464,0.1990541104465155,0.06948747455076569,0.328494290519607,0.09333704270413132,0.5064429241644431,-0.1028971028971029,0.16293832749528953,0.27970763413801386,0.21417822683645468,0.27158917032334756,0.014656229846103264,0.22566041553383326,0.2972597023229935,0.2292770520618622,0.1448045625260815,0.044095145360968147,0.0737363901920864,-0.03218300686655117,0.19882648996573046,-0.09629610895433681,0.03531911126847836,0.5186079743041768,-0.10175900049317771,-0.004210978894523198,-0.029628599248852413,-0.01657835835051025,0.08048913112204252,0.0687034484502839,-0.15451636970624313,0.05269414130173624,-0.2206527649565624,-0.2360297929918183,-0.16776893992083866,-0.06789413118527042,-0.312434401041996,0.0450056272841083,-0.17778424107538032,-0.04958332806434072,-0.14912935166099722,0.005652575272828438,-0.09548679168932334,-0.23329834722239787,0.32262674034825933,0.4891437676247803,0.17191669090403267,0.22469935128162977,0.30853956170411867,0.05201127985938112,-0.007852906587083801,0.41582468164746644,0.02065023584010926,0.575386638677778,0.3103352343858673,0.05815703284057715,-0.10742422134827198,-0.03099432213356264,0.13946812680989895,0.09885051657203556,-0.2078301445390053,0.29698149951314506,0.4649148320034396,0.0805902957801692,0.30932358780460045,-0.13549741397842663,0.13324650033510793,0.17072800617104414,0.14877527535755383,-0.05813174167604547,0.11614967311169842,-0.1513296829752526,0.20686908028680182,-0.11802121928704207,-0.07651841829057018
#18,0.44255744255744256,-0.3098041199307022,0.6849732545935078,0.46076708102024555,0.24953527485173055,1.0,0.2389888592420238,-0.09895168123016224,-0.161825516255896,0.27727968234297345,0.2714374233361575,0.4646366291935912,0.5543949721164911,-0.04442393049987987,-0.052592976643609554,-0.09462689209524652,0.6852261662388245,0.5378545505127783,0.00891513549741398,-0.1435147131349663,-0.2133942007359729,-0.10395933180743307,-0.012860557164354632,0.09568912100557671,-0.22052630913390406,-0.06943689222170235,0.054590978641611554,-0.08992273549235574,0.10542621935026998,0.13446047623262813,0.45846558504786356,-0.17854297601133043,0.6353519897823695,0.3784443404696569,-0.063316430405038,0.11690840804764856,-0.1048951048951049,0.04472742447425992,-0.13868410070941717,0.05709480393024697,0.07355935204036469,0.1281376850997104,0.04055438232653422,0.07166251470048939,0.11513802653043159,0.23355125886771455,0.16379822708936634,0.06675602878134523,-0.052921761782521275,-0.012632936683569594,0.19477990364066314,0.17583682140644166,0.2696417506544089,0.47121233197182566,-0.19880119880119881,-0.12785948228986205,-0.30987999342429723,-0.5420781749895673,0.13385348828386803,0.06490977377053327,0.006841260005816968,-0.08633139012885849,-0.1904804056702791,0.18731901010382024,0.03865754498665891,0.378899581431227,-0.03220829803108284,0.048546390318542215,-0.09556266518291835,-0.29650096738704335,0.035824934559111773,0.023558719761251408,-0.07869345844029388,-0.09753537601638868,-0.44723630799580166,-0.35014352735871723,-0.4488802336903603,-0.11569443215012835,0.08923987405000063,0.11101556671176924,0.4107664487411323,0.3883584769660719,0.13582619911733837,-0.24510932105868816,0.15681786567862518,0.17644380935520176,0.026189000872545175,0.15954931144804563,0.16106678131994587,0.3075279151228518,0.19867474297854046,0.1566155363623718,0.06506152075772328,-0.029628599248852413,0.08552207286384501,0.4209082057183323,0.23441115846179136,0.40075114758659064,0.479482542773682,0.4176456454937468,0.5547743395844662,0.39490888857977463,0.6881093589954349,0.5630951327153859,0.6992121802248384,0.5268781851060332,0.6261965882219047,-0.25325307603788616,-0.06918398057638564,-0.0323347538537412,-0.03830346868321552
#26,0.06824820748871382,0.1371666308375169,0.1726754258399828,-0.1365596428887568,-0.0024911797063695796,0.2389888592420238,1.0,0.2165050139733684,0.4762199825490965,0.08714070739387195,0.44422665941653283,0.009597996939769092,0.12932636983269893,0.48790450056272844,0.13440989390356478,0.2098281465370073,0.1719925643976277,-0.09121258488347096,0.21923645974278885,0.30100279467368074,0.06450511513802654,-0.034130426535489825,0.00426156122358654,0.336638045498805,0.14513334766499322,-0.027327103276470366,-0.21144678106703424,-0.43729688033485503,0.18238723302014442,0.1083599944359438,-0.16652967285878678,-0.05102492444264596,0.06966451270248739,-0.02216770571200951,0.05777766537260208,0.14283185169261117,0.08607847848354178,0.06903223358919562,0.11250774541913783,-0.14407111875466305,0.026189000872545175,-0.07262357895269288,-0.2109662489409325,-0.02507618963315166,0.1137470124811897,0.30818548540067525,-0.39422602713741955,-0.3262939592053516,0.005981360411740158,-0.22381416052302128,0.023482846267656395,0.03665954298865691,-0.08784886000075874,0.3147611881789097,0.2172890400738502,0.0029211295034079843,-0.611881789096979,-0.2532024937088228,0.009673870433364104,0.06394870951832977,-0.1787705964921155,-0.3811504950745457,0.054565687477079884,0.4413940489889857,-0.17464813667345314,0.010559061191972585,0.5832521908471275,0.4268010470542116,0.32487765399157803,0.2137229858748846,0.5402319199787554,0.3581608265152569,0.21352065655863126,-0.07505153074773328,0.016527776021446908,-0.1275306971509503,-0.15901819699288053,-0.16640321703612843,0.517520454229315,0.5062153036836581,0.018222284045068857,-0.1673895724528636,0.006638930689563601,-0.31999645923696557,0.1546175343643698,-0.23259019461551106,-0.4805447716840122,-0.09417165113367645,-0.2769256060395301,-0.3332490294515611,-0.01073609934369428,-0.46043829588133384,-0.09965983383704903,-0.36306731243440105,-0.4089201937303203,0.03956802690979906,0.2861062987645266,-0.17090504432276585,-0.14341354847683963,0.3798353545188988,0.40406429014023953,0.2767738590523401,-0.16612501422628004,0.002288850390116213,0.06508681192225496,0.22113329708266416,0.06705952275572528,-0.3435931157450145,-0.37252620796924596,-0.2946294212116997,-0.20292365861986114
#49,0.18362650008219628,0.2056551043892816,0.099508086849859,-0.06144488422969436,-0.011418960786049393,-0.09895168123016224,0.2165050139733684,1.0,0.19789071687805865,-0.17444580735719975,0.4118539688159941,0.07209246449752779,0.010179693723997522,-0.20327773492330453,-0.13003452243958574,-0.19938289558542724,0.0778082676816854,0.23954526486172056,0.4218692699705358,-0.09907813705282059,-0.022547073179984573,-0.35886897912214366,-0.3616510072206275,-0.36896015377028035,-0.07166251470048939,-0.2917715196196209,0.13360057663855132,0.15638791588158676,0.2965515497161067,0.2446287889325864,-0.18721784544569356,-0.0959420326508934,-0.33135219211168576,-0.1107879462309842,0.0892651652145323,0.08190543633581608,0.12717662084750692,0.14902818700287054,-0.03321994461234967,-0.11053503458566749,0.30168565611603587,0.004868549172346641,-0.11440458275901313,-0.08048913112204252,-0.28069398955474906,-0.0960431973090201,-0.008181691725995524,-0.0715613500423627,0.13506746418138824,-0.10967513499159069,-0.0888352154174939,-0.012152404557467848,-0.26890830688299044,0.0012519126443177077,0.1801363193768257,0.23539751387852653,-0.24925707204188216,0.12603851844358174,-0.22940350788452055,-0.328570164013202,-0.06283589827893625,-0.17899821697290053,-0.12500158069778322,-0.24354126885772456,0.4669128340014416,0.28390596745027125,-0.2311738894017375,-0.32530760378861645,0.290456379063974,0.07935102871811732,0.3159751640764299,0.5408894902565788,0.14422286574185308,0.43360437031323107,0.28643508390343836,0.1760644418872267,0.023280516951403027,-0.2615485780042742,-0.31228265405480593,-0.23651032511792006,0.030817283981840943,-0.012127113392936179,0.07543089821570834,0.005526119450170083,-0.21023280516951404,0.015465547111116732,-0.17297891981436286,0.1716384880941843,0.09515800655041161,-0.19563980323473995,-0.21764311637729358,-0.14981221310335235,-0.426851629383275,-0.031677183575917756,-0.17072800617104414,-0.054945054945054944,0.3379278948899202,0.09955866917892234,0.03334640043500803,-0.08590144033182008,0.09230010495833281,0.06301293643065795,-0.16427875921546808,0.12603851844358174,-0.17775894991084865,-0.10426282578181312,-0.2700464092869156,-0.07970510502156072,-0.0902262294667358,-0.13820356858331542,-0.32151392910886584
#50,-0.3921521516458225,0.2354986785366532,-0.15249307654370944,-0.4547730750262396,-0.28762376863642686,-0.161825516255896,0.4762199825490965,0.19789071687805865,1.0,0.23173029502143427,0.23873594759670708,-0.39637577612261155,-0.2858786782837416,0.44465660921357125,0.2046181666434831,0.2572490800338902,-0.026745406492241934,-0.35161041490155415,0.441065263850074,0.23208437132487766,0.3336536880840678,0.13175432162773934,0.07305352874973128,0.30133157981259245,0.2509768712300358,0.09928046636907396,-0.1575766006145753,-0.5061900125191264,0.17651968284879677,0.185877413725515,-0.23780017450903526,0.278468367075962,-0.2228278051062861,-0.12474866905246652,0.04675071763679359,0.18764779524273195,-0.12444517507808647,-0.008510476864907244,-0.01571845875643344,-0.21706141959306516,-0.1590434881574122,-0.0008725451763426447,-0.40368492267226447,-0.13473867904247652,0.22308071675160282,0.1728524639917045,-0.21420351800098636,-0.23774959217997194,0.034712123319718256,-0.05744888023369036,-0.11091440205364256,-0.17464813667345314,0.06619962316164847,0.08567381985103505,0.32513056563689474,-0.06111609909078264,-0.34184802539232917,-0.12436930158449146,0.06981625968967742,-0.1571466508175369,0.1844611085117414,-0.10426282578181312,0.016123117388940175,0.3162280757217466,-0.1822354860329544,-0.23441115846179136,0.5321893296576841,0.382895585427231,0.3153428849631381,0.34457947116174964,0.4670898721531633,0.27034990326129565,0.2963492203998533,-0.019891500904159132,0.04498033611957663,-0.2007992007992008,-0.02656836834052024,-0.04801527586337713,0.37695216176228835,0.5020675527004641,-0.060939060939060936,-0.5833786466697859,-0.42417076594291786,-0.4000682861442355,-0.09207248447754778,0.002845256009812972,-0.13635731357250344,-0.29296020435260944,-0.4320363181122675,-0.7159802223093362,-0.13064151038834584,-0.32121043513448577,-0.13754599830549197,-0.04996269553231578,-0.2749023128769964,0.07747948254277368,0.1505456568747708,-0.2368138190923001,-0.30166036495150417,0.09384286599476473,-0.08724187205199864,0.2428078250863061,-0.1413396729852426,-0.07287649059800959,-0.423083245868056,-0.15393467292201468,-0.3340583467165746,0.04063025582012924,-0.37669925011697164,-0.00982561742055413,-0.011368378456986052
#51,0.18633265468708507,0.39758975202013175,0.49013012304151543,0.42171752298334575,0.17540687160940324,0.27727968234297345,0.08714070739387195,-0.17444580735719975,0.23173029502143427,1.0,0.3854499930449298,0.011520125444176077,0.026973026973026972,-0.060205617167642486,0.11723719318656027,-0.1305909280592825,0.5500448918170437,0.1199939301205124,0.2291758874037355,-0.22163912037329758,0.17376294591484465,0.06544088822569835,0.35047231249762895,0.4138519708139961,0.22340950189051456,0.19581684138646163,-0.17249838768826112,-0.04900163128011229,-0.1869902249649085,-0.21794661035167365,0.14113734366898925,0.14159258463055932,0.3144576942045296,-0.16397526524108802,-0.11412637994916476,-0.16976694191884065,-0.04035205301028086,-0.3380290595480469,0.07586084801274674,-0.05208715335297614,-0.006942424663943651,-0.03729182210194868,0.12808710277064708,-0.25284841740537944,0.2962733469062583,0.5031803639398577,0.14639790589157678,0.23322247372880284,-0.17130970295527256,0.04189481404671278,0.0006702158600892778,0.2309209777564208,0.364913567445213,0.5519417291569191,0.20459287547895144,-0.02100431214355265,-0.1391899240000506,-0.46600235207830143,0.5158006550411613,0.3902300231414155,-0.06260827779815122,-0.2572490800338902,-0.2986254252077037,0.10656432175419517,-0.06311410108878464,-0.28689032486500843,0.011393669621517723,0.23694027491495845,-0.226140947659935,-0.3152670114695431,-0.05838465332136218,-0.19321185143969954,-0.3971345110585617,-0.3715904348815741,-0.48289684998545757,-0.7038151721696025,-0.6664854133208563,-0.4664828842044032,0.2516850238369226,0.12887112887112886,-0.006158398563461854,-0.2004704156602891,-0.23532164038493153,-0.015516129440180073,-0.1757862390773783,0.040782002807319265,-0.0683493721468405,0.1573995624628536,-0.24424942146461134,-0.10385816714930639,0.13392936177746304,0.1346628055488815,0.28122510400991413,0.1875213394200736,0.13256363889275283,0.585680142642168,-0.05180895054312776,0.4666599223561249,0.47604294439737477,0.4144083764336929,0.2403798732912657,0.4128150330681976,0.17399056639562968,0.3246753246753247,0.1027200647453812,0.32867132867132864,0.18539688159941325,-0.29303607784620445,-0.3665574931397716,0.14917993399006058,0.06999329784139911
#52,0.45924961114834534,0.34321374827703943,0.4821886973785708,0.20274662046813946,0.14139025531430593,0.2714374233361575,0.44422665941653283,0.4118539688159941,0.23873594759670708,0.3854499930449298,1.0,0.18089505431277583,0.11781888997078871,-0.0034016616295097306,0.09353937202038468,-0.10492039605963657,0.4868928539814616,0.3095512082853855,0.47224926971762415,0.14617028541079174,0.12335765500322463,-0.1547186990224965,-0.2799858369478623,-0.14422286574185308,-0.12662021522781017,-0.262484351091946,-0.11508744420136825,-0.0007966716827476321,0.16615030539081171,-0.027807635402572112,-0.07849112912404052,-0.01865223384210726,0.13238660074103112,-0.23704143957308516,0.1571466508175369,0.1500145424196057,0.3316303949215342,0.053250546921432995,0.09101025556721759,-0.11923519518456227,0.1745722631798581,-0.1652904057967349,0.15110206249446756,-0.05534971357756168,0.1258108979627967,0.32829196120335363,-0.24172030501144426,-0.1605356668647808,-0.11142022534427598,-0.29078516420288575,0.03228417152467786,0.3070979653258134,0.0034775351231047433,0.2335259677031829,0.13946812680989895,0.033826932561109774,-0.6005260562222587,-0.5122851831712592,0.10449044626259817,0.045460868245678375,-0.10846115909407049,-0.3515851237370225,0.04485388029691827,0.2329948532480178,0.23714260423121183,0.14225015490838275,0.12409109877464308,0.0007713805182159612,0.28309665018525776,0.07631608897431683,0.5297107955335804,0.4600336372488271,-0.19892765462385714,-0.014656229846103264,-0.06748947255276369,-0.29020346741865727,-0.280390495580369,-0.5410159460792372,0.28355189114682783,0.028187002870547175,0.055906119197258436,-0.11463220323979818,-0.04680129996585693,-0.12186547629585605,-0.0373676955955437,0.02752943259272373,-0.23479052592976643,0.18251368884280278,-0.17108208247448753,-0.19053098799934243,-0.0034269527940414017,-0.20378355821393795,-0.004716802185156616,-0.13974632961974734,-0.11349410083587298,0.1621795925593394,0.26134624868802087,0.1370148838503269,0.10674135990591686,0.17697492381036684,0.242276710631141,0.3674426838983801,-0.013012304151544658,0.4020662881422375,0.0865843017741752,0.24693028490496846,-0.1187799542229922,-0.46774744243098676,-0.2659745317973166,-0.10064618925378419,-0.2520896824694293
#53,0.31870660984585036,-0.2573249535274852,0.3040377344174813,0.4859823720583214,0.6178252127619216,0.4646366291935912,0.009597996939769092,0.07209246449752779,-0.39637577612261155,0.011520125444176077,0.18089505431277583,1.0,0.6479469897191417,-0.3292277342910254,0.004337434717181552,-0.31230794521933763,0.34265734265734266,0.5041920105211245,-0.03127252494341102,-0.3289748226457087,-0.21521516458225318,-0.3591977642610554,-0.16984281541243568,-0.23964642951984724,-0.2665056462524817,-0.13420756458731142,0.22912530507467216,0.27244906991742435,0.22416823682646467,0.06748947255276369,0.2340317909938163,-0.32674920016692166,0.1864844016742751,-0.07487449259601159,-0.10952338800440066,-0.1872431366102252,-0.0393656975935457,-0.25848834709594204,0.047509452572743714,-0.07221892032018615,0.3284689993550753,-0.007852906587083801,0.35499943094879804,-0.1387346830384805,0.013391671619519721,0.06523855890944498,0.22507871874960483,0.3481708165252469,0.018829271993828955,0.17907409046649553,0.2779625437853286,0.3754346918903881,0.11883053655205554,0.16015629939680573,-0.046851882294920266,-0.09156666118691435,-0.02102960330808432,-0.2875984774718952,0.13104616902085256,0.25380948165758294,-0.06154604888782104,-0.1019360386448994,-0.1771013796330252,-0.057550044891817045,0.2109662489409325,0.2166061786314951,-0.3581861176797886,-0.21384944169754297,-0.17060155034838578,-0.30102808583821244,-0.11263420124179618,0.1568684480076885,-0.12801122927705205,0.13537095815576827,-0.13028743408490243,-0.017564713767245412,-0.05613373967804348,0.041161370275294325,-0.12586148029186003,-0.4189102037203303,0.5582898114543684,0.6835063670506708,0.40090289457378064,0.006158398563461854,0.234284702639133,0.1361296930917184,0.009749743926959117,0.21273663045814944,0.21078921078921078,0.609959660592572,0.149761630774289,0.08853172144311384,-0.05340229390862302,-0.024595657507049912,0.10631141010887846,0.2091199939301205,-0.1349157171941982,0.16334298612779624,0.4064922419352799,0.19735960242289355,0.4723504343757508,-0.01723592862833369,0.38066996294844396,0.35596049520100154,0.26081513423285574,0.20906941160105716,0.18903880929197384,-0.20274662046813946,0.1673136989592686,-0.11336764501321463,-0.1301609782622441
#54,0.10416166112368644,-0.19902881928198385,0.3500170715360589,0.22034927098218238,0.2778107967981386,0.5543949721164911,0.12932636983269893,0.010179693723997522,-0.2858786782837416,0.026973026973026972,0.11781888997078871,0.6479469897191417,1.0,-0.036077846204428485,0.19925643976276888,-0.12887112887112886,0.290304632076784,0.3413169109371641,0.09472805675337322,-0.15026745406492242,-0.1188558277165872,-0.24675324675324675,0.10246715310006449,0.0335487297512614,-0.01040731420478256,0.03425688235814818,0.34030526435589725,0.1674654459464586,0.39728625804575174,0.10742422134827198,0.17032334753853742,-0.3262180857117566,0.26584807597465826,0.2041882168464447,-0.052238900340166164,-0.09758595834545201,0.11741423133828197,-0.0758102656836834,-0.04305820761516964,-0.22662147978603675,0.33651158967614664,0.026770697656773607,0.33345135876781445,0.03038733418480254,0.04632076783975518,-0.014504482858913238,0.30446768421451964,0.35201507353406086,0.17373765475031297,0.060610275800149216,0.099508086849859,0.20388472287206463,0.13200723327305605,0.3020903147485426,-0.15742485362738529,-0.25664209208513006,-0.3484996016641586,-0.43876376787769195,0.13577561678827502,0.04662426181413523,-0.3235625134359312,-0.47821798454709846,-0.004438599375308236,0.06683190227494025,0.07092907092907093,0.21420351800098636,-0.1584365002086521,0.07097965325813427,-0.11589676146638173,-0.2348916905878931,-0.1850933876250332,-0.00749883028364041,0.020751400498235942,0.08531974354759164,-0.06033207299030084,-0.032107133372956155,-0.38605698099368985,-0.286384501574375,0.15304948216340622,-0.05921926175090732,0.3913428343808091,0.5367670304379165,0.3325408768446743,-0.05484389028692826,-0.12826414092236876,-0.03590080805270679,-0.219995194678739,0.2819585477813326,0.1984471224977554,0.4229062077163343,0.08494037607961659,-0.16913466280554887,0.0657443822000784,-0.2641535679510363,-0.12828943208690044,0.25750199167920684,0.07383755485021308,0.07942690221171234,0.3505228948266923,0.34612223219818156,0.40707393871950837,0.015187344301268352,0.44212749276040414,0.21675792561868512,0.2587665499057904,0.31071460185384236,0.38694217175229834,-0.42755978199016176,-0.08617964314166845,-0.2866374132196917,-0.24875124875124874
#58,-0.4042666194564929,-0.12439459274902313,-0.16073799618103415,-0.5553560363686946,-0.26825073660516696,-0.04442393049987987,0.48790450056272844,-0.20327773492330453,0.44465660921357125,-0.060205617167642486,-0.0034016616295097306,-0.3292277342910254,-0.036077846204428485,1.0,0.12022155060129744,0.1393416709872406,-0.2002680863440357,-0.3111445516508808,0.11951339799441066,0.3722985874884609,0.051884824036722774,-0.02803525588335715,0.15881586767662717,0.27616687110357996,0.23124976289533253,0.07087848860000759,-0.021358388446996043,-0.2968803348550184,0.10327647036507796,-0.13183019512133437,-0.10820824744875378,0.10608378962809342,0.105502092843865,0.02568317758191176,0.1242428457618331,0.02338168160952971,0.08706483390027694,0.07990743433781408,0.05062026581013923,-0.25203910014036596,-0.3236383869295262,-0.09761124950998369,-0.10342821735226798,0.04217301685656116,0.3631178947634644,-0.007599994941767094,-0.24528635921040984,-0.2366620721051101,0.0744192516344415,-0.057929412359792105,0.280390495580369,0.04204656103390281,0.0805902957801692,-0.09730775553560364,-0.0379746835443038,-0.2456657266783849,-0.3970839287294983,-0.27270198156274106,0.043741069057524756,-0.03731711326648036,-0.009775035091490789,-0.04798998469884546,0.5148901731180212,0.3902806054704789,-0.19343947192048458,-0.055476169400220036,0.8113026214292037,0.47563828576486805,0.12932636983269893,0.1838541205629813,0.3143818207109346,-0.07813705282059713,0.38646163962619656,0.06263356896268289,0.26195323663678094,0.08714070739387195,0.08572440218009839,-0.007701159599893777,0.5246525626272461,0.5124116389939175,-0.2196411183752956,-0.2918473931132159,-0.3616257160560958,-0.21410235334285968,0.2750034775351231,-0.11351939200040466,-0.10001391014049242,-0.4763211472072232,-0.3430114189607861,-0.42781269363547847,0.1481935785733254,-0.3725514991337776,0.1634694419504546,-0.3410892904563791,-0.23286839742535945,-0.16837592786959876,-0.16002984357414737,-0.26986937113519394,-0.20408705218831802,0.24705674072762682,0.032107133372956155,0.17315595796608454,0.0023394327191795547,-0.15616029540080173,-0.013037595316076329,0.10744951251280366,0.08901225356921559,0.02684657115036862,-0.16943815677992893,-0.1643546327090631,0.048521099154010545
#101,-0.23896356807749214,0.1679206869080287,-0.28815488309159193,-0.15755130945004361,0.01073609934369428,-0.052592976643609554,0.13440989390356478,-0.13003452243958574,0.2046181666434831,0.11723719318656027,0.09353937202038468,0.004337434717181552,0.19925643976276888,0.12022155060129744,1.0,0.6127922710201191,-0.23357655003224623,-0.4211105350345857,0.47707988214317326,0.5366911569443215,0.7878071295792815,0.4627397918537159,-0.05112608910077265,0.19207374903577434,0.42146461133802904,0.02214241454747784,-0.29068399954475904,-0.37955715170905047,0.24637387928527169,0.13969574729068399,-0.19508339761504317,0.41923898885924205,0.22151266455063923,0.2390900239001505,0.49645291417443316,0.22882181110029212,0.523590333716916,0.3146853146853147,0.5343643698074078,0.2877502244590852,0.449057271842082,0.4570239886695583,0.3235119311068678,0.41868258323954527,-0.08213305681660112,-0.12560856864654332,0.12796064694798873,0.19078389964465914,-0.13170373929867601,-0.4044183664436829,-0.22072863845015744,-0.3377002744091352,-0.36425599716738954,-0.1756344920901883,0.34498412979425636,0.14146612880790096,-0.3642307060028579,-0.04970978388699908,-0.3710087380973457,-0.25535224269401485,-0.49099002263559227,-0.574450865590106,0.41324498286523603,0.575917753132943,-0.5809759860392771,-0.26721379885936847,0.28815488309159193,0.501157070777324,0.5971876225040782,0.5548502130780611,0.14657494404329846,0.20869004413308212,0.28866070638222535,0.028971028971028972,0.34240443101202594,0.012101822228404507,-0.11857762490673883,-0.2699958269578523,0.5898531847898937,0.39690689057777667,0.057550044891817045,0.12401522528104807,-0.11569443215012835,-0.20846242365229706,0.0034522439585730723,-0.447286890324865,-0.4761946913845648,-0.10972571732065403,0.10284652056803956,-0.06602258500992678,0.24040516445579738,-0.4198459768080021,-0.320729903008384,-0.539422602713742,-0.4614499424626007,-0.2798593811252039,0.13147611881789098,-0.6015377028035256,-0.4307211775566206,-0.0402255971876225,-0.41478774390166795,-0.4772822114594267,0.1355227051429583,-0.32700211181223837,-0.4085408262623452,0.14452635971623312,-0.24326306604787618,-0.6049267188507694,-0.3242200837137546,-0.5717447109852173,-0.6161307047382997
#102,-0.2197169918688906,0.12310474335790791,-0.3630926035989327,-0.2202481063240557,-0.17237193186560276,-0.09462689209524652,0.2098281465370073,-0.19938289558542724,0.2572490800338902,-0.1305909280592825,-0.10492039605963657,-0.31230794521933763,-0.12887112887112886,0.1393416709872406,0.6127922710201191,1.0,-0.28441179074090467,-0.5196954943790387,0.07280061710441457,0.7782723605508416,0.4316822418088241,0.8022230933623339,-0.11711073736390192,0.24632329695620836,0.025506139430190065,0.010887846330884306,-0.5229074722745609,-0.6736933952123826,0.1419719520985344,0.4262952237635782,-0.13435931157450146,0.4836808760859394,0.09963454267251735,0.41000771380518214,0.3707052441229656,0.6457213672403546,0.181881409729511,0.5040655546984661,0.21938820672997889,0.48337738211155934,0.11268478357085952,0.5473134460476232,-0.09498096839868991,0.6725300016439257,-0.2308198130982941,-0.05833407099229884,-0.2575525740082702,-0.23322247372880284,-0.18218490370389104,-0.33370427041313117,-0.4476409666283084,-0.662514700489384,-0.5346425726172561,-0.3391418707874404,0.08531974354759164,0.06946218338623401,-0.24690499374043678,0.2501675539650223,-0.41688691055779664,-0.3819092300104958,-0.18456227316986812,-0.21518987341772153,0.22646973279884672,0.5557606950012013,-0.6844674313028744,-0.23198320666675096,0.4701248118969638,0.5552042893815046,0.6825453027984674,0.813047711781889,0.3178972925808369,0.2400257969878223,0.5110459161092072,0.02775705307350877,0.14346413080590295,0.05041793649388586,0.10858761491672884,0.14381820710934634,0.4805447716840122,0.5873240683367266,0.019866209739627463,-0.016805978831295285,-0.22163912037329758,-0.28008700160598893,0.06743889022370035,-0.2559339394782433,-0.35360841689955613,-0.13564916096561666,0.20342948191049456,-0.07548148054477169,0.16840121903413044,-0.37902603725388534,-0.21797190151620532,-0.44318972167073434,-0.43165695064429244,-0.30889363800756203,0.4319351534541408,-0.5466558757697998,-0.6875782445402698,-0.1339546529419947,-0.4175191896710884,-0.376901579433225,-0.06518797658038164,-0.34614752336271326,-0.20745077707103024,0.10026682178580913,-0.17601385955816334,-0.31455885886265633,-0.22748137938011356,-0.41301736238445097,-0.3147611881789097
#201,0.6394997407655636,-0.028793990819307273,0.8698263761554901,0.48256806484654585,0.15823417089239875,0.6852261662388245,0.1719925643976277,0.0778082676816854,-0.026745406492241934,0.5500448918170437,0.4868928539814616,0.34265734265734266,0.290304632076784,-0.2002680863440357,-0.23357655003224623,-0.28441179074090467,1.0,0.630319048040567,0.006284854386120209,-0.4199471414661288,-0.21908471275559882,-0.15474399018702817,-0.06012974367404747,0.10562854866652335,-0.21607506417633,-0.03767118956992375,-0.07689778575854525,-0.045587324068336724,-0.0969030969030969,-0.11432870926541813,0.4357288281338914,-0.1415167111369643,0.5164835164835165,0.04295704295704296,-0.3163292403798733,-0.14346413080590295,-0.25042046561033904,-0.2913162786580508,-0.22808836732887366,-0.07135902072610933,-0.0910861290608126,-0.16177493392683265,-0.14199724326306604,-0.2758633771291999,0.10578029565371337,0.5261700324991464,0.00808052706786884,-0.03731711326648036,-0.32052757369213064,-0.06822291632418215,0.016123117388940175,0.248194843131552,0.23339951188052455,0.5748555242226129,-0.13696430152126354,-0.22351066654864124,-0.1928071928071928,-0.5527510464219325,0.31916185080742043,0.14589208260094336,0.21481050594974646,-0.0446515509806649,-0.5546984660908711,0.012835265999822962,0.23709202190214848,0.17252367885279277,-0.181957283223106,-0.0016818624413561121,-0.20820951200698037,-0.4713893701235473,0.07586084801274674,0.044474512828943207,-0.2537588993285196,-0.2517608973305176,-0.5845926225673062,-0.5914465281553889,-0.42503066553699465,-0.23069335727563575,0.06900694242466394,-0.10418695228821812,0.3775338585465168,0.09546150052479166,0.13385348828386803,0.04174306705952276,-0.013062886480607999,0.3780396818371502,0.1528724440116845,0.17186610857496934,-0.016805978831295285,0.13317062684151293,-0.009016300155540662,0.36096814577827235,0.2112950340798442,0.3661781256717966,0.29215088708759596,0.7581153024190999,0.1894181767599489,0.6837086963669242,0.5706318997458238,0.48798037405632344,0.5429127834191125,0.7030058549045891,0.4520163380922875,0.8121878121878122,0.5870458655268782,0.47821798454709846,0.4708329645038506,-0.19789071687805865,-0.20810834734885367,0.2971079553358034,0.15487044600968652
