,#10,#11,#12,#13,#17,#18,#26,#49,#50,#51,#52,#53,#54,#58,#101,#102,#201,#202,#301,#302,#401,#402,#501,#502,#601,#602,#701,#702,#801,#802,#901,#902,#1001,#1002,#1101,#1102,#1201,#1202,#1301,#1302,#1401,#1402,#1501,#1502,#1601,#1602,#1701,#1702,#1801,#1802,#1901,#1902,#2001,#2002,#2101,#2102,#2201,#2202,#2301,#2302,#2401,#2402,#2501,#2502,#2601,#2602,#2701,#2702,#2801,#2802,#2901,#2902,#3001,#3002,#3101,#3102,#3201,#3202,#3301,#3302,#3401,#3402,#3455,#3501,#3502,#3601,#3602,#3701,#3702,#3801,#3802,#3901,#3902,#4001,#4002,#4101,#4102,#4201,#4202,#4301,#4302,#4401,#4402,#4501,#4502,#4601,#4602,#4701,#4702,#4801,#4802
#10,1.0,0.4624110067148042,0.5721240784531924,0.4528509465218326,-0.14776362877628701,0.052542394314546215,-0.05911809709278064,0.5423563777994158,0.32672390900239,0.6410677929665272,0.3274573527738085,0.021434261940591056,0.1535047231249763,0.3742460071573996,-0.11465749440432985,0.2050481164405215,0.4406353140530356,0.24189734316316594,0.08668546643230188,-0.09778828766170539,-0.40373550500132777,-0.1395187091389623,-0.36443303531911125,-0.07553206287383503,-0.43681634820875326,-0.2736124634858812,0.043867524880183105,0.13147611881789098,-0.08215834798113279,-0.019689171587905764,0.23041515446578736,-0.33286966198358603,0.3637501738767562,-0.2986254252077037,-0.32320843713248776,-0.26382478281212457,-0.4839843700603194,-0.5304442393049988,-0.43254214140290087,-0.22732963239292353,-0.023786340242036446,-0.1505456568747708,-0.15519923114859824,-0.30891892917209374,-0.4604130047168022,-0.26185207197865423,0.4043172017855562,0.37895016376029034,0.06152075772328937,0.1929842309589145,0.2372690600538702,0.2834001441596378,0.012607645519037924,0.19058157032840578,-0.2792018108473805,-0.14574033561375332,-0.3614233867398424,-0.36509060559693474,-0.25671796557872506,-0.4889667294730586,-0.24225141946660933,-0.13575032562374334,-0.17662084750692345,-0.07469745444428989,0.4513081854854007,0.133701741296678,0.08081791626095423,0.34361840690954615,-0.027984673554293807,-0.014504482858913238,0.42462600690448793,0.4365381453989049,0.06711010508478862,-0.07403988416646644,-0.3403558466849606,-0.14859823720583215,-0.08923987405000063,0.38461538461538464,-0.1989782369529205,-0.004236270059054869,-0.20970169071434894,-0.03820230402508883,0.17525512462221324,-0.05099963327811429,-0.06812175166605547,0.009168047142730687,-0.32022407971775063,-0.3073761681356618,-0.1662514700489384,-0.22884710226482377,-0.42181868764147246,-0.3302646720368239,-0.5247284361208412,0.13595265493999673,-0.4146612880790096,0.2637742004830612,-0.20277191163267114,0.6345932548464194,0.4516369706243124,0.44723630799580166,0.39010356731875717,0.19933231325636389,-0.05201127985938112,0.4435690891387094,0.4784708961924152,0.45312914933168097,0.3619797923595392,-0.3414939490888858,-0.32303139898076605,-0.11920990402003061,-0.31159979261245085
#11,0.4624110067148042,1.0,0.240051088152354,0.3098547022597655,0.14647377938517178,0.14844649021864212,0.2890653650147321,0.4700995207324321,0.2391658973937455,0.4395983763072371,0.29404772442747124,0.10001391014049242,0.05878931195386892,0.49784392822367507,0.22652031512791007,0.463270906308881,0.048546390318542215,0.03362460324485641,0.16475929134156983,0.17839122902414042,-0.19520985343770153,0.13772303645721368,-0.173889401737503,0.05934571757356567,-0.1975872229036786,0.07039795647390584,-0.5147384261308312,-0.33529761377862644,0.3259651740664399,0.20226608834203771,0.16645379936519178,0.007018298157538664,0.18582683139645165,0.19968638955980728,-0.01895572781648731,0.08311941223333628,-0.052213609175634494,0.07985685200875074,-0.515674199218503,0.09224952262926947,0.005096169653131678,0.03160131008232274,0.01958800692977908,0.21544278506303824,-0.5392455645620202,-0.19746076708102026,-0.1566155363623718,-0.13165315696961266,-0.5152948317505279,-0.17930171094728056,-0.1264178859115568,-0.1748504659897065,-0.390887593419239,-0.15395996408654636,-0.24804309614436196,0.009117464813667346,-0.44005361726880715,-0.11850175141314381,-0.05835936215683051,-0.1729283374852995,-0.01984091857509579,-0.12558327748201165,0.2914680256452408,0.4819357857332541,-0.010786681672757622,-0.08585085800275674,0.402799731913656,0.4208070410602056,0.5048495807989479,0.2825655357300927,0.20264545581001278,0.07517798657039164,0.3455911177430165,-0.07401459300193478,0.0430076252861063,-0.08837997445592383,0.02568317758191176,0.026795988821305277,0.360917563449209,0.5272069702449449,-0.3337548527421945,0.12854234373221715,0.007878197751615473,-0.035824934559111773,0.28719381883938844,0.04672542647226192,-0.16422817688640473,-0.40072585642205893,0.1019360386448994,-0.047484161408212044,-0.036735416482251926,-0.12409109877464308,-0.30077517419289573,0.007675868435362106,-0.3431884571125077,0.04872342847026391,0.1441217010837264,0.3120803247385526,0.10067148041831586,-0.04123724376888934,-0.11238128959647947,-0.0966501852577802,0.1544404962126481,0.2155692408856966,0.09548679168932334,0.12796064694798873,0.10813237395515876,-0.22229669065112104,-0.36273852729548933,-0.0645304063025582,-0.009901490914149142
#12,0.5721240784531924,0.240051088152354,1.0,0.569772000151747,-0.31610161989908825,0.34475650931347135,0.07854171145310386,0.3755105653839831,0.1607885785100975,0.6259689677411197,0.3302140897077606,-0.03620430202708684,0.1399486589360007,0.5038126430531494,-0.5179504040263534,-0.26541812617761984,0.8171701716005514,0.4958206350611414,-0.24404709214835796,-0.24773960216998192,-0.06523855890944498,-0.19569038556380328,0.08911341822734228,0.41956777399815376,-0.013922786074684808,0.15390938175748303,0.37783735252089684,0.473185042805296,-0.1287446730484705,-0.31094222233462737,0.5988821305277001,-0.3541395313547212,0.7751868384779778,-0.3000164392569456,-0.4624362978793359,-0.6012342088291456,-0.4909394403065289,-0.6628940679573591,-0.08036267529938416,-0.014807976833293289,-0.16693433149129352,-0.4247271715626146,-0.08929045637906398,-0.6161559959028313,-0.42171752298334575,-0.0016059889477610997,0.3960216998191682,0.5002465888541838,0.274320616092768,0.2653928350130882,0.16316594797607456,0.38944599704093374,0.2323878652992577,0.6049014276862378,-0.13200723327305605,-0.191947293213116,-0.3252823126240848,-0.5091743699338636,-0.4454912176431164,-0.5299131248498337,-0.12495099836871988,0.02386221373563146,-0.34179744306326587,-0.2200457770078023,0.5598325724908003,-0.12887112887112886,0.16847709252772544,0.28026403975771064,0.07892107892107893,0.12166314697960268,0.6714424815690638,0.7736693686060775,0.2900770115959989,0.44966425979084207,-0.2206527649565624,0.1723213495365394,-0.19571567672833495,0.46311915932169095,0.06766651070448539,0.02856637033852224,-0.23575159018196992,-0.2909874935191391,0.24321248371881282,-0.05464156097067489,0.010761390508225952,0.10808179162609542,0.0018841917576094792,-0.31592458174736654,-0.2315279657051809,-0.310436399043994,-0.5082385968461918,-0.18549804625753993,-0.4191125330365837,0.23284310626082777,-0.19538689158942324,0.7531835253354241,-0.08167781585503105,0.6921306541559706,0.585907763122953,0.6472894194413181,0.7554850213078061,0.6846950517836594,0.18532100810581822,0.6211889376446339,0.6773100317404115,0.8081918081918081,0.8323701614840855,-0.02742826793459705,0.025202645455810014,-0.3774579850529218,-0.5579104439863933
#13,0.4528509465218326,0.3098547022597655,0.569772000151747,1.0,0.18183082740044765,0.5407377432693888,0.13967045612615234,0.27841778474689866,-0.07535502472211333,0.7842663665448476,0.4215404848316241,0.2119020220286043,0.38770090668824847,0.38534882838680307,-0.20082449196373248,0.059649211547945724,0.4210346615409907,0.18046510451573744,0.1580824239052087,0.09644785594152683,-0.5074292795811783,-0.2324637387928527,-0.12368644014213634,0.177961279227102,-0.17464813667345314,-0.08005918132500411,0.18190670089404268,0.2810480658581924,0.16888175116023219,0.17894763464383717,0.053528749731281376,0.11511273536589993,0.40664398892246995,0.19725843776476687,0.09973570733064403,-0.009648579268832433,-0.08858230377217718,-0.10479394023697822,-0.11013037595316076,-0.020245577207602523,0.14361587779309298,0.07565851869649338,-0.11430341810088646,-0.09442456277899317,-0.26149799567521087,-0.3954652941994714,0.3501941096877806,0.39622402913542154,0.27325838718243783,0.2267479356086951,0.39559175002212976,0.2844370819054363,0.23064277494657243,0.11369643015212635,-0.3926326837719243,-0.2685289394150154,-0.41261270375194425,-0.4201241796178505,0.017514131438182073,-0.08870875959483554,-0.047509452572743714,-0.0001643925694558606,0.17750603826553193,0.028793990819307273,0.35492355745520304,0.05421161117363649,0.18337358843687956,0.093438207362258,0.018247575209600526,0.16675729333957182,0.32295552548717105,0.49880499247587856,0.07290178176254125,0.2850693610187281,-0.13056563689475081,0.09300825756521959,-0.46896141832850696,-0.08807648048154378,-0.05679130995586692,0.13618027542078176,-0.14285714285714285,0.10557796633746001,0.21405177101379633,-0.05747417139822203,0.19725843776476687,-0.09055501460564752,-0.14085914085914086,-0.21455759430442975,0.23974759417797392,0.014555065187976581,0.009420958788047395,0.01571845875643344,-0.1736364900921863,-0.09052972344111584,-0.16448108853172144,0.35064935064935066,0.32573755358565487,0.30029464206679396,0.2460956764754233,0.19728372892929855,0.1983712490041604,0.17323183145967955,0.26139683101708416,0.3763198826489966,0.33443771418454965,0.3710087380973457,0.5240202835139544,-0.19606975303177834,-0.03686187230491028,-0.5071257856067982,-0.38926895888921204
#17,-0.14776362877628701,0.14647377938517178,-0.31610161989908825,0.18183082740044765,1.0,0.3964263584516749,0.29232792523931767,-0.3221967905512209,-0.07515269540585996,0.09834469328140215,0.28190796545226926,0.5278898316873001,0.35032056551043894,0.009041591320072333,0.16627676121347007,0.14776362877628701,-0.45290152885089596,-0.2515079856852009,0.23248902995738438,0.306516268541585,-0.240051088152354,0.021459553105122726,0.19728372892929855,0.02742826793459705,0.1861303253708317,0.22082980310828412,-0.596049520100153,-0.4098812579825238,0.2481695519670203,0.6197473412663286,-0.5491849922229669,0.6108195601866488,-0.3683784569860519,0.8400333843371818,0.6311789476346439,0.6427117186610858,0.6759190176911696,0.5960748112646846,-0.05180895054312776,0.14796595809254037,0.10408578763009142,0.3725767902983093,0.48170816525246907,0.5615776628434856,0.2916703549614942,-0.05279530595986292,-0.4326685972255592,-0.3926326837719243,-0.42953249282363204,-0.2536071523413296,0.0038063202620164647,-0.09151607885785101,-0.19589271488005666,-0.3918486576714425,-0.1620025544076177,-0.0020359387447995043,-0.006664221854095272,0.1869143514713135,0.37824201115340356,0.4515610971307174,0.41721569569670836,0.25671796557872506,0.7719748605824556,0.5106412574767005,-0.5832268996825959,-0.10163254467051935,0.16465812668344315,-0.06083789628093426,0.14235131956650943,0.09917930171094728,-0.5793573515092503,-0.41974481214987547,-0.05770179187900707,-0.07323056690145298,0.4739437777412461,0.02601196272082348,-0.03746886025367038,-0.48706989213318325,0.260562222587539,0.3294300636072788,0.059244552915438994,0.7053579332060345,-0.14414699224825808,0.05663956296867689,0.5746784860708911,-0.0359766815463018,0.06619962316164847,0.42328557518430937,0.724376888933851,0.8088240873050999,0.8391481935785733,0.47424727171562614,0.44802033409628345,-0.14748542596643863,0.17603915072269502,-0.264330606102758,0.7255908648313711,-0.5506012974367405,-0.525360715234133,-0.612109409577764,-0.5777134258146917,-0.5946837972154427,0.19811833735884368,-0.3794306958863921,-0.5807736567230238,-0.5566205945952781,-0.26235789526928766,0.13577561678827502,0.07573439219008839,-0.020194994878539183,0.20972698187888061
#18,0.052542394314546215,0.14844649021864212,0.34475650931347135,0.5407377432693888,0.3964263584516749,1.0,0.5671923013695166,-0.026441912517861883,-0.03193009522123446,0.4766246411816032,0.45583530393656974,0.5644102732710328,0.7235169893397742,0.2867891602068817,-0.28334956183057447,-0.12811239393517876,0.26949000366721887,0.2082600943360437,0.21716258425119184,0.1628624540016945,-0.2590953350447021,-0.019233930626335688,0.10494568722416824,0.25616155995902834,0.09133904070612932,0.20727373891930853,-0.04728183209195867,-0.02183892057309779,0.22955525487171058,0.2615991603333375,0.2008750742927958,0.3853235372222714,0.2880031361044019,0.42788856712907347,0.23107272474361082,0.10481923140150988,0.27012228278051065,0.1220678056121094,-0.02752943259272373,0.019056892474613993,-0.16197726324308603,0.07828879980778715,-0.00896571782647732,0.07846583795950884,0.02042261535932422,-0.11888111888111888,0.06215303683658114,0.11311473336789793,-0.008611641523033928,0.09960925150798569,0.26374890931852957,0.23216024481847267,0.11271007473539119,0.004438599375308236,-0.29882775452395705,-0.2650134675451131,-0.3735125633859811,-0.3063392303898633,0.13663551638235183,0.10337763502320464,0.23974759417797392,0.26331895952149115,0.3761934268263382,0.16931170095727058,-0.0329417418025013,-0.12899758469378722,0.2546693812516597,-0.12826414092236876,0.29333957182058445,0.2501422628004906,0.1575766006145753,0.24321248371881282,0.06807116933699212,0.2079060180326003,0.11571972331466002,-0.015339091288458378,-0.33104869813730575,-0.392809721923646,0.09973570733064403,0.31020877856320894,0.17748074710100026,0.1470554761694002,0.1800604458832307,0.20259487348094943,0.35983004337434715,0.296526258551575,0.20398588753019134,0.2512803652044158,0.3181502042261536,0.27583808596466824,0.20707140960305517,0.3116250837769825,0.17034863870306907,0.17462284550892146,0.13099558669178923,0.2627372627372627,0.35886897912214366,0.060610275800149216,-0.04358932207033473,0.10527447236307996,0.06124255491344099,0.2596517406643989,0.3175179251128618,0.1647845825061015,0.1048951048951049,0.18061685150292744,0.34038113784949225,0.153833508263888,0.08491508491508491,-0.32601575639550323,-0.33241442102201596
#26,-0.05911809709278064,0.2890653650147321,0.07854171145310386,0.13967045612615234,0.29232792523931767,0.5671923013695166,1.0,0.1502927452294541,0.37260208146284096,0.37495415976428637,0.2962733469062583,0.21749136939010358,0.2287459376066971,0.1203480064239558,0.19596858837365166,0.13653435172422515,0.03493974380050329,0.22912530507467216,0.29771494328456355,0.08342290620771634,0.012582354354506253,0.18537159043488158,0.07742890021371034,-0.041085496781699316,0.2525449234309994,0.14806712275066705,-0.43196044461867245,-0.27495289520605976,0.3292277342910254,0.24432529495820635,0.09591674148636174,0.43337674983244606,0.03633075784974519,0.33127631861809076,0.19106210245450753,0.09619494429621012,0.32674920016692166,0.27060281490661237,-0.07143489421970435,0.1996610983952756,-0.2777349233045436,0.20155793573515093,0.13324650033510793,0.2733595518405645,-0.17234664070107109,-0.10196132980943108,-0.13881055653207552,-0.06953805687982903,-0.4602612577296122,-0.06475802678334323,0.041439573085142706,-0.03182893056310778,-0.0906561792637742,-0.05833407099229884,0.015187344301268352,0.12264950239633785,-0.3892436677246804,-0.12110674135990591,0.15481986368062317,0.10380758482024305,0.008181691725995524,0.02247119968638956,0.43350320565510436,0.32798846722897357,-0.2665056462524817,-0.12791006461892537,0.2210068412600058,0.13291771519619622,0.4802665688741638,0.20226608834203771,0.049836239709657434,0.0027188001871546177,0.20403646985925467,-0.02080198282729928,0.09427281579180313,-0.1508997331782142,-0.0859773138254151,-0.2569961683885735,0.2002680863440357,0.3472097522730434,0.0739893018374031,-0.025101480797683328,-0.16040921104212244,0.10203720330302608,0.2186800541230921,0.022091832218414497,0.10097497439269591,0.05163191239140606,0.1825642711718661,0.09543620936026,0.15034332755851743,0.07103023558719761,0.21169969271235095,0.10024153062127746,0.1485476548767688,0.05413573768004148,0.18876060648212548,0.03420630002908484,-0.0032752058068513763,-0.09184486399676273,-0.12550740398841664,0.10034269527940413,0.23486639942336146,-0.07214304682659113,-0.3275838085964668,-0.09348878969132134,-0.09336233386866298,-0.07917399056639562,-0.0725982877881612,-0.25871596757672705,0.038784000809317265
#49,0.5423563777994158,0.4700995207324321,0.3755105653839831,0.27841778474689866,-0.3221967905512209,-0.026441912517861883,0.1502927452294541,1.0,0.47121233197182566,0.5179504040263534,0.280390495580369,-0.10107613905082259,0.010634934685567596,0.40689690056778666,0.023305808115934697,0.10747480367733532,0.4003211977895522,0.2126860481290861,-0.010457896533845901,-0.3711604850845357,-0.16797126923709202,-0.2650640498741765,-0.3235878046004628,-0.16744015478192695,-0.23405708215834797,-0.4559111774301648,0.03782293655711377,-0.10102555672175925,0.22426940148459135,-0.17515395996408656,0.4058093804929248,-0.15203783558213937,0.401181097383629,-0.32287965199357604,-0.08122257489346096,-0.3274573527738085,-0.2336777146903729,-0.3988543102467153,-0.1667825845041035,-0.09806649047155376,0.16223017488840275,-0.18307009446249953,-0.3149382263306314,-0.31739146929020345,-0.4934179744306327,-0.29212559592306425,0.27287901971446277,0.29771494328456355,-0.10148079768332934,0.036153719698023494,0.10656432175419517,0.19434995384362472,0.12914933168097725,0.24379418050304127,-0.0033004969713830473,-0.08104553674173927,-0.2469808672340318,-0.4286978843940869,-0.2702993209322323,-0.45626525373360816,-0.40833849694609187,-0.3425308868346843,-0.1880524538752387,-0.09462689209524652,0.24432529495820635,-0.31473589701437804,0.0787693319338889,0.31691093716410174,0.029906802058700794,-0.16716195197207856,0.5232362574134726,0.2689335980475221,0.3740183866766145,-0.06561792637742005,-0.18628207235802172,-0.01716005513473868,0.04219830802109283,0.391191087393619,-0.09487980374056323,-0.09485451257603156,-0.3501688185232489,-0.34700742295679005,0.06415103883458313,-0.03296703296703297,-0.32611692105362994,-0.08757065719091035,-0.42535945067590636,-0.43059472173396224,-0.3630167301053377,-0.4415457959761757,-0.5335550525423943,-0.5587197612514068,-0.6579117085446199,0.03124723377887935,-0.5269793497641599,0.18554862858660326,-0.33635984268895663,0.5831004438599375,0.4509288180174256,0.41096877805738563,0.34483238280706635,0.3237901339167162,-0.02393808722922647,0.443063265848076,0.3439219008839262,0.42867259322955525,0.2603851844358174,-0.3524450233310993,-0.3695418505545088,-0.1949822329569165,-0.2826414092236877
#50,0.32672390900239,0.2391658973937455,0.1607885785100975,-0.07535502472211333,-0.07515269540585996,-0.03193009522123446,0.37260208146284096,0.47121233197182566,1.0,0.18590270489004665,0.09971041616611237,0.08585085800275674,-0.045764362220058426,0.2568444214013834,0.30689563600956005,0.014706812175166605,0.15145613879791095,0.16716195197207856,0.06994271551233576,-0.27573692130654154,0.26916121852830716,-0.1883812390141504,0.055906119197258436,-0.2860557164354633,0.14867411069942715,-0.13564916096561666,-0.17664613867145512,-0.17530570695127656,-0.08051442228657418,-0.129553990313484,0.09095967323815425,-0.040453217668407544,0.18810303620430202,-0.19470403014706814,-0.2314268010470542,-0.39389724199850784,-0.12851705256768547,-0.3050999633278114,-0.23929235321640385,-0.06769180186901706,-0.14713134966299524,-0.09199661098395276,0.256414471604345,-0.12189076746038771,-0.42955778398816374,0.06078731395187091,0.2918473931132159,0.29617218224813163,-0.28929298549551713,-0.25117920054628917,-0.1620784279012127,0.043741069057524756,-0.20598388952819333,0.04245121966640954,0.07851642028857218,-0.0691333982473223,-0.3197182564271172,-0.3814286978843941,-0.37434717181552624,-0.5051783659378596,-0.11126847835708595,-0.011039593318074331,0.08590144033182008,0.10441457276900315,0.055526751729283376,-0.07072674161281756,0.11038328759847747,0.38226330631393923,0.27720380884937845,-0.06478331794787491,0.14614499424626007,0.09477863908243656,0.34847431049962696,0.015237926630331694,-0.06361992437941805,-0.1530747733279379,0.23322247372880284,0.3142047825592129,0.14477927136154983,-0.073382313888643,-0.04836935216682052,-0.15274598818902616,0.011166049140732685,0.16943815677992893,-0.051252544923431,0.01599666156628182,-0.09101025556721759,-0.1201709682722341,-0.2052251545922432,-0.0868372134194919,-0.25917120853829717,-0.40558176001213975,-0.31417949139468127,-0.02100431214355265,-0.28471528471528473,0.18410703220829802,-0.22358654004223624,0.290456379063974,0.2836277646404229,0.137773618786277,0.3033801641396578,0.07446983396350484,0.07818763514966047,0.020953729814489307,-0.03665954298865691,0.16559389977111497,0.04829347867322551,-0.07962923152796571,-0.03949215341620405,-0.12366114897760468,-0.10866348841032385
#51,0.6410677929665272,0.4395983763072371,0.6259689677411197,0.7842663665448476,0.09834469328140215,0.4766246411816032,0.37495415976428637,0.5179504040263534,0.18590270489004665,1.0,0.6288521604977301,0.2485236282704637,0.38416014365381457,0.38863667977592026,-0.22836657013872202,0.06976567736061406,0.4966552434906865,0.3244477041945396,0.15785480342442368,-0.07348347854676969,-0.4509541091819573,-0.17758191175912694,-0.1643293415445314,0.1674654459464586,-0.20153264457061926,-0.1397969119488107,0.060230908332174156,0.21465875896255643,0.2796064694798872,0.18357591775313295,0.1986241606494771,0.05403457302191479,0.4062393302899632,0.02047319768838756,0.012860557164354632,-0.10231540611287447,-0.13582619911733837,-0.23777488334450358,-0.15249307654370944,0.038859874302912274,0.0035028262876364144,0.02838933218680054,-0.10226482378381113,-0.14445048622263812,-0.3625867803082993,-0.3897241998507821,0.2599046523097156,0.342632051492811,0.05332642041502801,0.32184271424777755,0.41349789451055274,0.3936696215177228,0.2857269312965515,0.26003110813237396,-0.2252051745722632,-0.10555267517292834,-0.4502459565750705,-0.46812680989896177,-0.03129781610794269,-0.17894763464383717,-0.23140150988252253,-0.13218427142477776,0.07788414117528042,-0.016173699718003514,0.28719381883938844,-0.02042261535932422,0.1339040706129314,0.1951592711086382,0.03868283615119058,0.036406631343340205,0.3982726134624869,0.4741208158929678,0.10537563702120664,0.08096966324814427,-0.24015225281048067,-0.06083789628093426,-0.3684796216441786,0.08612906081260512,-0.10322588803601462,0.09214835797114278,-0.17447109852173143,0.05297234411158462,0.06136901073609934,-0.07128314723251432,0.08354936203037469,-0.058232906334172156,-0.2495858571807939,-0.19235195184562273,0.1349915906877932,-0.09700426156122359,-0.12196664095398273,-0.17611502421629005,-0.29351660997230616,0.0245197840134549,-0.24435058612273802,0.33256616800920596,0.18425877919548805,0.5074039884166467,0.41058941058941056,0.34151924025341746,0.2637742004830612,0.27619216226811166,0.17975695190885063,0.4233614486779044,0.33084636882105234,0.3954652941994714,0.46488954083890793,-0.32765968209006185,-0.21584744369554495,-0.4681521010634935,-0.3515598325724908
#52,0.3274573527738085,0.29404772442747124,0.3302140897077606,0.4215404848316241,0.28190796545226926,0.45583530393656974,0.2962733469062583,0.280390495580369,0.09971041616611237,0.6288521604977301,1.0,0.33562639891753815,0.5366911569443215,0.14187078744040768,-0.30932358780460045,-0.04199597870483946,0.3126114391937177,0.48985192023166707,0.2916703549614942,-0.002642926693559605,-0.48927022344743865,-0.1772784177847469,-0.19422349802096636,0.15282186168262119,-0.1027200647453812,-0.22730434122839185,0.020245577207602523,0.012734101341696278,0.3371185776249067,0.4715411171107374,0.08752007486184701,0.31200445124495757,0.22798720267074699,0.27131096751349915,0.27626803576170667,0.11561855865653334,0.25866538524766375,-0.007068880486602006,-0.1200698036141074,0.13747012481189697,0.19548805624754992,0.2532277848733545,0.033826932561109774,0.030893157475435955,-0.0953350447021333,-0.39801970181717017,0.07267416128175622,0.1149609883787099,-0.04670013530773025,0.08228480380379115,0.4051265190505697,0.2993588689791221,0.23476523476523475,0.11607379961810342,-0.3121309070676159,-0.10077264507644254,-0.3620556658531342,-0.4739184865767144,0.09280592824896622,0.03223358919561451,-0.17611502421629005,-0.18461285549893144,0.21670734328962177,0.013594000935773088,0.13061621922381417,-0.030817283981840943,0.12070208272739918,0.10805650046156376,-0.18936759443088558,-0.16167376926870597,0.02922394061634568,0.18471402015705812,-0.069310436399044,-0.22738021472198688,-0.05603257501991679,-0.17098091781636085,-0.2853475638285765,-0.10919460286548895,-0.18286776514624617,0.05835936215683051,-0.10077264507644254,0.1087140707393872,0.1815526245905993,-0.09685251457403356,0.014049241897343164,0.1278088999607987,-0.2745988189026164,0.1606874138519708,0.3621568305112609,0.0988252254075039,0.03291645063796963,-0.09472805675337322,-0.1876983775717953,0.017058890476611997,-0.24285840741536943,0.1506468215328975,0.3510287181173257,0.25977819648705724,0.30785670026176354,0.21741549589650855,0.058258197498703826,0.20813363851338534,0.3680243806826085,0.3790007460893537,0.10309943221335627,0.1478647934344137,0.21582215253101328,-0.278468367075962,-0.33605634871457657,-0.37442304530912124,-0.4050506455569747
#53,0.021434261940591056,0.10001391014049242,-0.03620430202708684,0.2119020220286043,0.5278898316873001,0.5644102732710328,0.21749136939010358,-0.10107613905082259,0.08585085800275674,0.2485236282704637,0.33562639891753815,1.0,0.7154743990187028,0.1633176949632646,-0.1714614499424626,-0.17113266480355088,-0.07826350864325547,-0.06751476371729537,0.16812301622428205,-0.04713008510476865,-0.13246247423462612,-0.13767245412815032,0.22204377900580433,0.04338699275408136,0.03992210321324245,0.11114202253442759,-0.19665144981600677,-0.09756066718092035,0.1828424739817145,0.3687325332894953,-0.145765626778285,0.45583530393656974,-0.06217832800111281,0.4188343302267353,0.31620278455721496,0.33815551537070526,0.282312624084776,0.24121448172081084,-0.07947748454077568,-0.13251305656368947,6.322791132917716e-05,0.19096093779638085,0.17308008447248954,0.2292011785682672,0.17136028528433592,0.020068539055880828,-0.16878058650210548,-0.03628017552068185,-0.1303127252494341,0.14768775528269198,0.22550866854664323,0.2944270918954463,0.07618963315165847,-0.18585212256098332,-0.0758102656836834,-0.2165050139733684,-0.08660959293870686,-0.1639246829120247,0.19242782533921773,0.1286687995548755,0.4243730952591712,0.4216922318188141,0.3373209069411601,0.16293832749528953,-0.23423412031006968,-0.16809772505975037,0.0004425953793042401,-0.23281781509629612,0.1382288597478471,-0.09364053667851137,-0.2940983067565346,-0.1368125545340735,-0.12831472325143212,0.03428217352267985,0.03984622971964744,-0.20638854816070007,-0.08157665119690437,-0.3807205452775073,0.14978692193882068,0.06286118944346793,0.35525234259411476,0.5875516888175116,-0.10208778563208942,0.447438637312055,0.47943196044461867,0.3971598022230934,0.29849896938504533,0.5305706951276572,0.45973014327444706,0.6213406846318239,0.48828386803070345,0.38347728221145944,0.22502813642054148,0.21273663045814944,0.1449057271842082,-0.004084523071864844,0.3822127239848759,-0.13582619911733837,-0.12419226343276976,-0.12219426143476776,-0.15790538575348703,-0.15924581747366556,0.14685314685314685,-0.15922052630913391,-0.04806585819244047,-0.0964731471060585,0.14783950226988202,0.2707039795647391,0.12490041603965654,0.024772695658771608,-0.04541028591661503
#54,0.1535047231249763,0.05878931195386892,0.1399486589360007,0.38770090668824847,0.35032056551043894,0.7235169893397742,0.2287459376066971,0.010634934685567596,-0.045764362220058426,0.38416014365381457,0.5366911569443215,0.7154743990187028,1.0,0.13185548628586602,-0.15664082752690348,0.0031234588196613513,0.18478989365065315,0.20691966261586514,0.39518709138962305,0.17315595796608454,-0.33790260372538855,0.08499095840867993,-0.12586148029186003,0.06015503483857914,-0.06311410108878464,-0.055602625222878385,-0.017665878425372095,-0.13754599830549197,0.3331478647934344,0.46385260309310944,0.05362991438940806,0.3881055653207552,0.047939402369782114,0.38919308539561703,0.3370679952958434,0.2428836985799011,0.3192124331364838,0.16491103832875983,-0.1218148939667927,-0.07211775566205945,0.1621795925593394,0.24068336726564574,-0.07110610908079262,0.08375169134662805,0.025253227784873353,-0.21961582721076392,0.07467216327975822,0.07092907092907093,0.030614954665587578,0.08795002465888542,0.27922710201191214,0.17707608846849354,0.08051442228657418,-0.16248308653371946,-0.3092982966400688,-0.22429469264912302,-0.3052517103150015,-0.34111458162091074,0.08413105881460312,-0.0396186092388624,0.043462866247676375,0.049532745735277384,0.26291430088898443,0.06394870951832977,-0.01844990452585389,-0.015592002933775086,0.10499626955323157,-0.18129971294528258,0.08481392025695823,0.08056500461563752,-0.028971028971028972,0.13150140998242263,-0.09885051657203556,-0.08231009496832281,0.005981360411740158,-0.258184853121562,-0.26187736314318594,-0.41625463144450486,-0.15320122915059625,0.12318061685150293,0.37680041477509835,0.20820951200698037,0.2434906865286612,0.26058751375207073,0.07611375965806345,0.24283311625083778,-0.08997331782141908,0.4165834165834166,0.3489801337902604,0.280162875099584,0.1689323334892955,0.07550677170930335,-0.026189000872545175,-0.02368517558390976,-0.14462752437435983,-0.043513448576739715,0.2996876541180339,-0.01483326799782496,-0.012152404557467848,0.06412574767005147,-0.07813705282059713,0.07727715322652032,0.334791790487993,0.15244249421464612,0.09781357882623705,0.02077669166276761,0.16002984357414737,-0.05777766537260208,-0.1999140100405923,-0.24690499374043678,-0.4081361676298385
#58,0.3742460071573996,0.49784392822367507,0.5038126430531494,0.38534882838680307,0.009041591320072333,0.2867891602068817,0.1203480064239558,0.40689690056778666,0.2568444214013834,0.38863667977592026,0.14187078744040768,0.1633176949632646,0.13185548628586602,1.0,-0.1613955664588576,-0.07366051669849139,0.2526207969245944,-0.1117490104831877,-0.270248738603169,0.07257299662362954,0.1166049140732685,-0.03696303696303696,-0.02247119968638956,0.22163912037329758,-0.22646973279884672,0.2918473931132159,-0.14075797620101418,-0.21506341759506317,-0.034383338180806536,-0.30077517419289573,0.4485514485514486,-0.29232792523931767,0.5800149217870737,-0.011823619418556128,-0.24857421059952706,-0.4866146511716132,-0.26035989327128567,-0.33294553547718103,-0.12613968310170842,0.03835405101227886,-0.07985685200875074,-0.6494391684265102,0.061975998684859444,-0.32667332667332666,-0.43588057512108147,0.29303607784620445,0.18183082740044765,0.1658215202519,-0.2267479356086951,-0.3302646720368239,-0.36329493291518605,-0.057322424411032004,-0.30125570631899745,0.11215366911569444,-0.27277785505633606,-0.3031525436588728,-0.3108916400055641,-0.19293364862985116,-0.5634997913478926,-0.503306819762516,0.08929045637906398,0.044499803993474876,0.13117262484351092,0.3436436980740778,0.0818042716776894,-0.350699932978414,0.7040427926503876,0.4347677638816879,0.43448956107183956,0.4440243301002795,0.5429380745836442,0.377053326420415,0.7838869990768725,0.6436222005842259,0.3933155452142794,0.4241960571074495,0.14768775528269198,0.2131159979261245,0.5039643900403394,0.41069057524753727,-0.1529736086698112,-0.053275838085964665,0.2292011785682672,0.33613222220817157,0.48393378773125606,0.059699793877009064,-0.07505153074773328,-0.332717914996396,-0.2673655458465585,-0.059548046889819045,-0.14816828740879373,-0.22191732318314597,-0.38856080628232526,-0.05770179187900707,-0.4704283058713438,0.3143059472173396,-0.09862289609125052,0.28236320641383933,-0.07522856889945498,0.2289988492520138,0.42922899884925203,0.21091566661186914,0.16374764476030298,0.35201507353406086,0.36913719192200206,0.4639790589157678,0.42384198080400615,0.22525575690132651,0.022218288041072853,-0.2259639095082133,-0.4047471515825946
#101,-0.11465749440432985,0.22652031512791007,-0.5179504040263534,-0.20082449196373248,0.16627676121347007,-0.28334956183057447,0.19596858837365166,0.023305808115934697,0.30689563600956005,-0.22836657013872202,-0.30932358780460045,-0.1714614499424626,-0.15664082752690348,-0.1613955664588576,1.0,0.7378064973001682,-0.5203783558213938,-0.20932232324637387,0.5300142895079604,0.37184334652689083,0.10400991413649642,0.45973014327444706,-0.2598287788161206,-0.43691751286687996,-0.023811631406568116,-0.07940161104718067,-0.5097813578826237,-0.5888921205376901,0.2971079553358034,0.3112204251444758,-0.35353254340596113,0.18456227316986812,-0.4334779144905727,0.24867537525765374,0.12464750439433983,0.31521642914047976,0.20815892967791702,0.49587121739020473,-0.3562386980108499,0.16566977326470997,0.20494695178239483,0.3784696316341886,0.2454128150330682,0.5931916185080742,-0.25436588727727966,-0.1279859381125204,-0.0745962897861632,-0.20775427104541028,-0.3694912682254454,-0.4192642800237737,-0.3021914794066693,-0.5566458857598098,-0.6068994296842398,-0.623642180604206,-0.04867284614120057,0.15320122915059625,-0.28504406985419645,0.12846647023862215,0.030640245830119248,-0.03939098875807737,-0.278392493582367,-0.4075544708456101,0.4075544708456101,0.4721986873885608,-0.23704143957308516,0.1961203353608417,0.19050569683481075,0.2980184372589436,0.3792283665701387,0.29058283488663234,-0.31817549539068524,-0.3993095512082854,0.1342328557518431,-0.32771026441912515,0.09197131981942108,-0.37477712161256466,0.13997395010053237,-0.28787668028174357,0.16450637969625312,0.32530760378861645,0.014150406555469846,0.08706483390027694,-0.009522123446174079,-0.06516268541584998,-0.13134966299523262,-0.40874315557859864,-0.34561640890754813,-0.1757862390773783,0.1662514700489384,-0.007296500967387044,0.19235195184562273,-0.31020877856320894,-0.01576904108549678,-0.49814742219805513,-0.2545176342644697,-0.612185283071359,0.07828879980778715,-0.32556051543393316,-0.2872444011684518,-0.5039896812048711,-0.49958901857636034,-0.5660289078010597,0.08395402066288142,-0.3233348929551461,-0.4827956853273309,-0.4925074925074925,-0.5990085863503585,-0.4148383262307313,-0.3889401737503003,-0.10686781572857522,0.19313597794610451
#102,0.2050481164405215,0.463270906308881,-0.26541812617761984,0.059649211547945724,0.14776362877628701,-0.12811239393517876,0.13653435172422515,0.10747480367733532,0.014706812175166605,0.06976567736061406,-0.04199597870483946,-0.17113266480355088,0.0031234588196613513,-0.07366051669849139,0.7378064973001682,1.0,-0.2880284272689336,0.031221942614347676,0.6852767485678878,0.5195437473918486,-0.38641105729713326,0.5297107955335804,-0.5645367290936911,-0.38888959142123697,-0.3696430152126355,-0.14252835771823114,-0.4597807256035104,-0.4888149824858686,0.40315380821709934,0.5266505646252482,-0.12388876945838971,0.15168375927869598,-0.21941349789451056,0.28689032486500843,0.034737414484249926,0.3871445010685517,0.019360386448994044,0.455506518797658,-0.6381846002099166,-0.00896571782647732,0.07396401067287144,0.4562399625690765,-0.003199332313256364,0.5856548514776363,-0.42884963138127696,-0.4300888984433288,-0.017691169589903768,-0.1258108979627967,-0.22138620872798087,-0.22163912037329758,-0.03132310727247436,-0.49056007283855385,-0.5249054742725628,-0.6581140378608733,-0.4252582860177797,0.013037595316076329,-0.5132209562589309,-0.0017071536058877832,0.10517330770495327,-0.03289115947343795,-0.41713982220311335,-0.5508036267529939,0.42199572579319417,0.5829992792018108,0.04265354898266291,0.32859545517773364,0.3142047825592129,0.4087684467431303,0.3492330454355771,0.4454153441495214,-0.11923519518456227,-0.1085370325876655,0.027655888415382086,-0.4076556355037368,-0.0862302254707318,-0.46610351673642814,-0.11506215303683658,-0.3413927844307591,0.12770773530267202,0.5541926428002377,0.06521326774491332,0.042830587134384604,0.07722657089745698,-0.03387751489017312,-0.1251027453559099,-0.3276849732545935,-0.47214810505949745,-0.35209094702765587,0.20608505418632,-0.10851174142313383,0.050215607177632494,-0.3104869813730573,-0.23484110825882978,-0.4301647719369238,-0.38345199104692773,-0.5191643799238735,0.1923772430101544,-0.005804322260018462,-0.08951807685984901,-0.21923645974278885,-0.43537475183044805,-0.37250091680471425,0.29536286498311815,0.02166188242137609,-0.21185143969954096,-0.23891298574842879,-0.40687160940325495,-0.659985584036217,-0.7013366380454988,-0.17032334753853742,0.026366039024266874
#201,0.4406353140530356,0.048546390318542215,0.8171701716005514,0.4210346615409907,-0.45290152885089596,0.26949000366721887,0.03493974380050329,0.4003211977895522,0.15145613879791095,0.4966552434906865,0.3126114391937177,-0.07826350864325547,0.18478989365065315,0.2526207969245944,-0.5203783558213938,-0.2880284272689336,1.0,0.6100102429216353,-0.23393062633568962,-0.3275079351028718,-0.06918398057638564,-0.181881409729511,0.022901149483427963,0.24526106804587816,0.08789944232982208,-0.07247183196550284,0.5320122915059624,0.47611881789096977,0.006208980892525196,-0.2759645417873266,0.6342644697075077,-0.2979172726008169,0.7104920396059636,-0.407023356390445,-0.41678574589966993,-0.5886897912214368,-0.39829790462701853,-0.6369200419833331,-0.022420617357326218,-0.12543153049482164,-0.12282654054805954,-0.2910380758482024,-0.23281781509629612,-0.622402913542154,-0.28850895939503535,-0.08552207286384501,0.43977541445895874,0.46036242238773883,0.3076543709455102,0.24971231300345226,0.2612197928653625,0.3780396818371502,0.4002453242959572,0.6669406542824264,0.010179693723997522,-0.045587324068336724,-0.2479166403217036,-0.6210877729865072,-0.35135750325623744,-0.4911164784582506,-0.3157222524311132,-0.10441457276900315,-0.5198219502016971,-0.40631520378355823,0.6095802931245969,-0.052592976643609554,-0.07793472350434376,0.19627208234803173,0.005374372462980058,-0.015339091288458378,0.7004008649578269,0.8347981132791259,0.11890641004565056,0.22555925087570658,-0.4083890792751552,-0.0008472540118109738,-0.40722568570669837,0.34500942095878806,-0.117565978325472,-0.18023748403495238,-0.029122775958218997,-0.42503066553699465,0.2557063189974582,0.005374372462980058,-0.27576221247107324,-0.0399726855423058,-0.1348398437006032,-0.22687439143135346,-0.35421540484831626,-0.39136812554534073,-0.611730042109789,-0.2792523931764438,-0.4080602941362435,0.14063152037835583,-0.17758191175912694,0.7803715272069702,-0.21506341759506317,0.7265519290835747,0.734366898923861,0.7054085155350979,0.7205579230895687,0.817195462765083,0.24571630900744826,0.5995649919700553,0.6049773011798328,0.7823442380404406,0.7219489371388106,-0.17715196196208854,-0.10474335790791486,-0.35977946104528385,-0.47839502269882017
