,#10,#11,#12,#13,#17,#18,#26,#49,#50,#51,#52,#53,#54,#58,#101,#102,#201,#202,#301,#302,#401,#402,#501,#502,#601,#602,#701,#702,#801,#802,#901,#902,#1001,#1002,#1101,#1102,#1201,#1202,#1301,#1302,#1401,#1402,#1501,#1502,#1601,#1602,#1701,#1702,#1801,#1802,#1901,#1902,#2001,#2002,#2101,#2102,#2201,#2202,#2301,#2302,#2401,#2402,#2501,#2502,#2601,#2602,#2701,#2702,#2801,#2802,#2901,#2902,#3001,#3002,#3101,#3102,#3201,#3202,#3301,#3302,#3401,#3402,#3455,#3501,#3502,#3601,#3602,#3701,#3702,#3801,#3802,#3901,#3902,#4001,#4002,#4101,#4102,#4201,#4202,#4301,#4302,#4401,#4402,#4501,#4502,#4601,#4602,#4701,#4702,#4801,#4802
#10,1.0,0.37356314571504445,0.5824175824175825,0.49877970131134686,-0.0647074444542799,0.36203037468860255,0.13263951238634783,0.575234891690588,-0.08951807685984901,0.44301268351901263,0.5774352230048433,-0.007852906587083801,-0.08172839818409439,-0.12353469315494632,-0.14649907054970346,0.14768775528269198,0.35257147915375764,0.4362852337535882,-0.06688248460400359,-0.0402255971876225,-0.30482176051796306,0.22454760429443973,-0.09971041616611237,-0.19761251406821026,-0.06607316733899013,-0.3250294009787681,0.25251963226646773,0.503762060724086,-0.4256629446502864,-0.5374498918802716,0.13843118906410046,-0.5214658758962556,0.1466508175368935,-0.5182538980007334,-0.5029021611300092,-0.4452635971623313,-0.3357528547401965,-0.5073281149230516,-0.5253101329050696,-0.4531038581671493,-0.47063063518759723,-0.4382326534225268,-0.27401712211838797,0.011697163595897774,-0.19050569683481075,-0.07626550664525349,0.15848708253771546,0.41276445073913426,0.10798062696796874,0.469340785796482,0.30044638905398396,0.5254618798922597,0.28835721240784534,0.33016350737869726,-0.28276786504634605,0.03526852893941502,-0.5352495605660162,0.07909811707280062,0.00891513549741398,0.20674262446414346,-0.14121321716258425,-0.20095094778639083,-0.3418227342277975,-0.03129781610794269,0.46392847658670444,0.45454545454545453,-0.27454823657355304,-0.21134561640890756,-0.22019752399499234,-0.1107879462309842,0.16544215278392493,0.18418290570189305,-0.2626613892436677,0.17682317682317683,-0.5271816790804132,-0.06979096852514574,-0.2736377546504129,-0.019689171587905764,-0.2682254454406353,-0.18726842777475688,-0.013062886480607999,0.1795293314280656,,-0.15542685162938327,-0.31488764400156805,0.018196992880537183,0.027934091225230467,-0.043816942551119765,-0.3465015996661566,-0.46845559503787354,-0.3844130552991312,-0.15901819699288053,-0.47189519341418074,0.050240898342164164,-0.0787693319338889,0.3463498526789666,-0.40105464156097065,0.5665600222562248,0.5804195804195804,0.2983978047269186,0.5504242592850188,0.3971345110585617,-0.3816057360361158,0.22082980310828412,0.17034863870306907,0.16142085762338926,0.1927313193135978,-0.222144943663931,-0.1454874239684366,-0.03688716346944195,-0.041110787946230985
#11,0.37356314571504445,1.0,0.4449348120234196,0.598047522098155,0.1299586489459907,0.24569101784291658,0.752880031361044,-0.008409312206780562,0.2987012987012987,0.6635516382351825,0.4324156855802425,-0.28987468227974555,0.38638576613260156,0.1645316708607848,-0.09902755472375725,0.29632392923532164,0.393113215898026,0.26825073660516696,0.15077327735555585,0.29971294528256553,-0.34162040491154416,-0.006942424663943651,-0.45383730193856775,-0.07489978376054325,-0.5629939680572592,-0.03289115947343795,-0.13013568709771242,0.1753815804448716,0.010710808179162609,0.10863819724579218,0.10982688197878071,0.07355935204036469,0.49202696038139077,0.20355593773315292,-0.05570378988100507,0.14452635971623312,0.050594974645607554,0.18289305631077782,-0.22042514447577738,-0.2323878652992577,-0.3111192604863491,-0.057524753727285376,-0.3087924733494354,0.1913403052643559,-0.4753600829550197,0.004160396565459856,0.3958952439965098,0.38203568583315417,0.23774959217997194,0.12500158069778322,0.07649312712603852,0.08372640018209639,-0.2953881561476498,-0.2846647023862214,-0.5635503736769559,-0.1744205161926681,-0.31402774440749126,0.1787705964921155,0.36296614777627434,0.2152910380758482,-0.1949063594633215,-0.18853298600134044,0.2397728853425056,0.2194640802235739,0.35507530444239305,0.29708266417127177,0.11693369921218022,0.044828589132386604,0.0697403861960824,0.3400270615460489,-0.07011975366405745,0.2344870319553864,-0.4179491394681268,-0.14644848822064013,-0.47745924961114833,0.031753057069512765,-0.33845900934508527,-0.08567381985103505,-0.07224421148471781,0.13415698225824807,-0.2074001947419669,-0.10509743421135827,,-0.08878463308843056,-0.22877122877122877,-0.2769256060395301,0.0027693825162179594,-0.08486450258602157,-0.14498160067780322,-0.1271260385184436,-0.3396224029135422,-0.2005209979893524,-0.129629863807079,0.0542874846672315,0.1701716005513474,0.1765955563423918,0.10742422134827198,0.43851085623237523,0.2090441204365255,0.39979008333438715,0.24953527485173055,0.517672201216505,0.24154326685972255,0.5067717093033549,0.2768497325459351,0.5017134763970207,0.21405177101379633,-0.24938352786454052,-0.24197321665676097,-0.019942083233222475,0.2569961683885735
#12,0.5824175824175825,0.4449348120234196,1.0,0.6835822405442659,0.0486475549766689,0.35558112773302647,0.21412764450739133,0.16066212268743915,-0.14338825731230795,0.5993120803247386,0.6004501827286638,-0.40709922988404,-0.19594329720912,-0.15734898013379026,-0.4004729447767422,-0.03683658114037861,0.6469606343024065,0.6107183955285221,-0.05266885013720457,0.12416697226823808,-0.634087431555786,0.19505810645051153,0.14422286574185308,-0.05034206300029085,-0.27626803576170667,-0.2674161281756218,0.3431631659479761,0.7221765576195956,-0.46658404886252985,-0.40285031424271933,0.09080792625096422,-0.14748542596643863,0.34086166997559403,-0.2438447628321046,-0.5656748314976163,-0.29842309589145033,-0.6019929437650957,-0.39308792473349435,-0.6120082449196373,-0.33016350737869726,-0.3314280656052808,-0.35249560566016264,-0.4679497717472401,-0.2245981866235031,-0.2380277949898203,-0.2355239697011849,-0.10481923140150988,0.40072585642205893,0.5282691991552751,0.7626677120348007,0.646227190530988,0.6324435058612273,0.43762566547376675,0.1717143615877793,-0.5206565586312422,-0.23188204200862428,-0.22234727298018436,0.03782293655711377,0.2206021826274991,0.38587994284196814,0.028187002870547175,0.0008472540118109738,-0.49976605672808205,-0.09629610895433681,0.6727070397956474,0.7043462866247676,-0.4676209866083284,-0.41946660934002705,-0.3248523628270464,-0.03223358919561451,0.29005172043146726,0.3682014188343302,-0.5305454039631254,0.008459894535843903,-0.6000202329316253,0.3672150634175951,-0.2720697024494493,0.13220956258930944,-0.5363623718054098,-0.18635794585161675,-0.27373891930853955,-0.09505684189228493,,-0.4303165189241139,-0.4987544101468152,0.09487980374056323,0.288230756585187,-0.1645316708607848,-0.3481708165252469,-0.623490433617016,-0.4612476131463473,0.017918790070688806,-0.284386499576373,0.38608227215822155,-0.09718129971294528,0.738666396894245,-0.35219211168578257,0.7315342884963139,0.6449879234689361,0.6056601626221879,0.788919940818675,0.6287257046750717,-0.07067615928375422,0.3573768004147751,0.4038872519885178,0.31989529457883886,0.24637387928527169,-0.08572440218009839,-0.1488764400156805,0.2116491103832876,0.08949278569531734
#13,0.49877970131134686,0.598047522098155,0.6835822405442659,1.0,0.07360993436942805,0.6596567988973052,0.29553990313483985,0.007827615422552132,-0.06576967336461008,0.7882876617053832,0.37879841677310033,-0.25049633910393404,0.010027946736807496,0.11091440205364256,-0.21364711238128958,0.0959420326508934,0.6574058852539865,0.16367177126670798,0.3528749731281377,0.3412157462790374,-0.5391949822329569,-0.04890046662198561,-0.061975998684859444,-0.025657886417380087,-0.3236636780940578,0.0036039909457630977,0.3083119412233336,0.4676715689373917,-0.3166327343542533,-0.0007966716827476321,0.023432263938593052,0.11116731369895927,0.6838351521895826,0.08936632987265898,-0.23033928097219236,0.1230288698643129,-0.133625867803083,-0.006360727879715222,-0.18236194185561275,-0.1299080666169274,-0.2992829954855271,0.041464864249674376,-0.392961468910836,0.12699958269578523,-0.40783267365545844,-0.2425549134409894,0.4578838882636351,0.4459717497692181,0.43519771367872634,0.38904133840842703,0.2719432466267909,0.16701020498488853,-0.07763122952996371,-0.0838022736756914,-0.7123382946167757,-0.20519986342771152,-0.3475385374119551,0.07449512512803652,0.40836378811062357,0.43464130805902956,-0.26331895952149115,-0.28350130881776453,0.04358932207033473,0.07140960305517267,0.6453167086078478,0.5291543899138836,-0.08246184195551284,-0.1623566307110611,-0.07135902072610933,0.29270729270729273,0.07474803677335323,0.4853753841095613,-0.5223257754903324,-0.05838465332136218,-0.5377786770191834,0.23575159018196992,-0.5403836669659454,-0.02806054704788882,-0.29865071637223534,0.10737363901920864,-0.1603333375485274,-0.01799466356428382,,-0.4432403039997977,-0.25917120853829717,-0.2086141706394871,0.030007966716827476,0.008358729877717219,-0.014453900529849897,-0.47710517330770497,-0.31539346729220147,-0.04960861922887239,-0.1744205161926681,0.11556797632747,0.09452572743711984,0.25874125874125875,0.08612906081260512,0.6938757445086559,0.45173813528243906,0.4571757356567483,0.5167870104578965,0.4871963479558416,0.07143489421970435,0.531809962189709,0.48466723150267454,0.5655736668394896,0.36509060559693474,-0.33724503344756507,-0.06936101872810733,-0.08322057689146296,0.14303418100886456
#17,-0.0647074444542799,0.1299586489459907,0.0486475549766689,0.07360993436942805,1.0,0.07823821747872381,0.18026277519948405,0.04796469353431379,0.10492039605963657,0.049886822038720774,-0.198093046194312,0.014403318200786556,0.5306465686212521,0.31463473235625133,-0.08795002465888542,-0.13038859874302913,0.3570480152758634,-0.17472401016704814,0.06766651070448539,0.07672074760682356,-0.1587147030185005,-0.24705674072762682,-0.15813300623427207,-0.11387346830384805,-0.3955664588575981,0.08051442228657418,-0.3899012380025038,-0.3035572022913795,0.012051239899341166,0.2893435678245805,-0.021788338244034446,0.25236788527927767,0.16979223308337232,0.310815766511969,0.1757103655837833,0.47085825566838224,0.05148016540421604,0.175887403735505,0.018247575209600526,0.013973368403748151,0.09922988404001062,-0.018778689664765615,0.1383806067350371,0.4347930550462196,-0.19154263458060927,0.1841323233728297,0.1053250546921433,0.10464219324978818,-0.16228075721746607,-0.06321526574691132,-0.0838022736756914,-0.1005450245956575,-0.2403798732912657,-0.22232198181565271,-0.2910380758482024,-0.20836125899417038,-0.016426611363320225,0.037064201621163646,0.29819547541066527,0.1441975745773214,-0.19386942171752297,-0.12634201241796178,0.3092730054755371,0.1355985786365533,-0.22437056614271805,-0.29361777463043287,0.2559592306427749,0.29510995333780143,0.2838553851212079,0.3117262484351092,0.09849644026859217,0.00456505519796659,0.08635668129339015,0.3921774428103542,0.02722593861834368,0.21119386942171753,-0.30335487297512614,-0.3945042299472679,-0.002617635529027934,0.12644317707608846,-0.19875061647213546,0.3411398727854424,,0.33830726235789527,0.4807976833293289,-0.14328709265418127,-0.17270071700451448,0.2337788793484996,0.17980753423791399,0.22781016451902528,0.36984534452888884,0.21680850794774845,0.18736959243288356,-0.1729283374852995,0.08628080779979515,-0.10863819724579218,0.17383881940843965,-0.005070878488600008,-0.27477585705433805,-0.0018589005930778084,-0.14589208260094336,-0.12464750439433983,0.28623275458718495,0.06544088822569835,0.04998798669684745,0.11862820723580217,-0.041464864249674376,-0.1048951048951049,0.1656444821001783,-0.3617268807142225,-0.09528446237306996
#18,0.36203037468860255,0.24569101784291658,0.35558112773302647,0.6596567988973052,0.07823821747872381,1.0,0.053225255756901325,0.00780232425802046,-0.2901781762541256,0.38147928021345745,-0.024089834216416493,0.1120019221285044,0.021459553105122726,-0.05039264532935419,-0.13339824732229796,0.01599666156628182,0.33079578649198904,0.19010103820230403,0.33719445111850177,0.1349915906877932,-0.4246007157399562,-0.03660896065959357,0.17029805637400575,0.0018083182640144665,-0.0988252254075039,0.09809178163608544,0.520049570682482,0.3584390293251053,-0.12315532568697125,0.033396982764071374,0.27512993335778146,0.04523324776489333,0.48780333590460173,-0.06367050670848139,-0.04492975379051328,0.05433806699629484,-0.08428280580179315,-0.060281490661237495,-0.03488916147143995,0.04981094854512576,-0.21893296576840882,-0.005349081298448387,-0.30666801552877504,0.11625083776982512,-0.33294553547718103,-0.2990553750047421,0.46104528383009397,0.37088228227468734,0.15355530545403964,0.1768484679877085,0.07548148054477169,0.051176671429835986,-0.11698428154124357,0.06958863920889237,-0.5242226128302078,-0.11392405063291139,-0.37475183044803295,0.024469201684391557,0.3206793206793207,0.3123332363838693,-0.17115795596808256,-0.17927641978274889,0.09606848847355176,0.18415761453736137,0.5220728638450157,0.29682975252595506,-0.07272474361081956,-0.1629636186598212,-0.1285929260612805,0.08949278569531734,-0.04958332806434072,0.23605508415635,-0.37156514371704247,0.052896470617989605,-0.31228265405480593,0.24113860822721583,-0.3894207058764021,-0.07444454279897318,-0.0576765007144754,0.2072990300838402,0.20598388952819333,0.2132171625842512,,-0.2354228050430582,0.12783419112533037,-0.24733494353747518,-0.06728714323651032,-0.05474272562880158,0.16883116883116883,-0.2542394314546213,-0.08284120942348791,-0.23974759417797392,-0.10370642016211637,0.01564258526283843,0.08124786605799264,0.09275534591990288,0.15638791588158676,0.4958206350611414,0.3699718003515472,0.240051088152354,0.42664930006702156,0.42237509326116923,0.11470807673339319,0.23236257413472602,0.38684100709417163,0.455278898316873,0.24068336726564574,-0.19311068678157287,0.25259550576006273,-0.16258425119184614,0.09523388004400662
#26,0.13263951238634783,0.752880031361044,0.21412764450739133,0.29553990313483985,0.18026277519948405,0.053225255756901325,1.0,-0.10590675147637173,0.4153947318504281,0.31079047534743737,0.3101834873986773,-0.3280896318871002,0.5568987974051265,0.22712730307667017,0.14740955247284362,0.2501675539650223,0.2856763489674882,0.2659745317973166,0.06050911114202254,0.2587918410703221,-0.15251836770824112,-0.055577334058346715,-0.3629408566117427,0.08800060698794876,-0.5949620000252912,0.18767308640726363,-0.15712135965300522,0.07097965325813427,0.294452383059978,0.24245374878286272,0.27381479280213455,0.2959698529318783,0.43997774377521215,0.41827792460703855,0.10633670127341013,0.3099052845888289,0.1701716005513474,0.36428128833192125,-0.02952743459072573,0.10982688197878071,0.07123256490345098,-0.045486159410210045,-0.035774352230048434,0.2001922128504407,-0.3712616497426624,0.09667547642231186,0.38883900909217367,0.3903564789640739,0.17133499411980424,-0.12012038594317076,-0.007119462815665347,-0.12550740398841664,-0.3367139189924,-0.270248738603169,-0.4042413282919612,-0.10502156071776325,-0.16857825718585212,0.031702474740449425,0.2030501144425195,-0.0018336094285461373,-0.26268668040819937,-0.24301015440255946,0.41582468164746644,0.35517646910051975,0.15294831750527954,0.045814944549121765,0.362612071472831,0.17608973305175837,0.26946471250268716,0.38269325611097765,-0.02219299687654118,0.24258020460552107,-0.1518607974304177,-0.06723656090744698,-0.2870673630167301,-0.013164051138734683,-0.23886240341936543,-0.22037456214671405,0.17573565674831498,0.2973355758165885,-0.23620683114354,-0.17444580735719975,,0.045587324068336724,-0.1707785885001075,-0.3393947824327571,-0.187951289217112,-0.05150545656874771,-0.005172043146726691,0.09133904070612932,-0.043816942551119765,-0.11632671126342012,0.006487183702373576,-0.11984218313332237,-0.024064543051884824,0.049178669431833986,0.3192124331364838,0.2147599236206831,0.013518127442178075,0.30239380872292265,0.07449512512803652,0.5111217896028023,0.6415989074216922,0.34910658961291874,0.2280377849998103,0.4901048318769838,0.1304897634011558,-0.262180857117566,-0.2580836884634353,-0.15656495403330847,0.004767384514219957
#49,0.575234891690588,-0.008409312206780562,0.16066212268743915,0.007827615422552132,0.04796469353431379,0.00780232425802046,-0.10590675147637173,1.0,0.1448045625260815,0.12763186180907699,0.3763957561425916,0.43881435020675524,0.11020624944675578,-0.13504217301685656,0.12459692206527649,-0.2286447729485704,0.34670392898241,0.18929172093729055,-0.025657886417380087,-0.4618798922596391,-0.005576701779233425,-0.25307603788616445,0.03592609921723846,-0.4693660769610137,0.1902274940249624,-0.501536438245299,-0.1499386689260107,0.050165024848569155,0.057271842081968664,-0.3478420313863352,0.2529748732280378,-0.38147928021345745,-0.13729308666017526,-0.5587956347450018,-0.02449449284892323,-0.27098218237458743,-0.03195538638576613,-0.5322652031512791,-0.25727437119842184,-0.5076316088974316,-0.21948937138810556,-0.4307970510502156,0.23878652992577043,-0.020726109333704272,0.2388118210903021,-0.12707545618938024,-0.02985621972963745,0.1964491204997534,-0.08544619937025,0.1420225344275977,0.09242656078099117,0.2345629054489814,0.14796595809254037,0.0859773138254151,-0.038834583138380604,-0.22738021472198688,-0.47528420946142463,-0.4034573021914794,-0.13018626942677575,-0.15087444201368252,-0.18420819686642473,-0.19730902009383022,-0.2581595619570303,-0.30552991312484984,0.09958396034345401,0.23476523476523475,-0.3096270817789805,-0.15567976327469998,-0.06961393037342405,-0.2856510578029565,0.2187559276166871,-0.006133107398930184,0.08220893031019613,0.004919131501409982,-0.2490547427256288,-0.395035344402433,-0.057297133246500334,-0.17920054628915388,-0.20092565662185916,-0.44119171967273235,0.10765184182905702,0.20476991363067312,,0.3369668306377167,-0.002819964845281301,0.20813363851338534,-0.037089492785695316,0.30160978262244087,-0.3146853146853147,-0.04154073774326939,-0.11349410083587298,0.02133309728246437,-0.3138254150912379,-0.11751539599640866,-0.2111179959281225,0.14536096814577829,-0.5224016489839275,0.21073862846014746,0.19998988353418734,0.033801641396578104,0.2332730560578662,0.017311802121928704,-0.3595518405644988,0.012228278051062861,-0.015237926630331694,-0.15995397008055237,-0.021687173585907764,-0.21696025493493848,0.004767384514219957,-0.1079300446389054,-0.22434527497818638
#50,-0.08951807685984901,0.2987012987012987,-0.14338825731230795,-0.06576967336461008,0.10492039605963657,-0.2901781762541256,0.4153947318504281,0.1448045625260815,1.0,0.06104022559718762,0.391115213900024,-0.06675602878134523,0.2335259677031829,0.1065390305896635,0.4537867196095044,0.2520138089758343,0.07945219337624401,-0.022749402496237938,0.26238318643381936,0.22872064644216544,0.3806446717839123,-0.25962644949986724,-0.2468038290823101,-0.24832129895421035,-0.21979286536248563,-0.14354000429949798,-0.2811745216808508,-0.15831004438599375,0.40247094677474426,0.31101809582822243,0.033725767902983095,0.42439838642370287,0.018829271993828955,0.3755105653839831,0.31466002352078304,0.4194413181754954,0.4264469707507682,0.36152455139796913,0.055552042893815046,0.06597200268086344,0.1388358476966072,0.14781421110535034,0.2745735277380847,0.3538107462158095,-0.26544341734215154,0.07328114923051632,0.173889401737503,0.22075392961468912,-0.017918790070688806,-0.22490168059788312,-0.13534566699123662,-0.1671113696430152,-0.20206375902578433,-0.21680850794774845,0.01799466356428382,-0.014428609365318226,-0.28408300560199296,-0.3565169008206983,-0.04654838832054022,-0.2807445718838124,-0.42981069563348046,-0.4441760770874695,0.4105641194248789,0.22985874884609062,-0.1002921129503408,-0.1107879462309842,0.3470327141213217,0.22983345768155894,0.5062911771772531,0.38952187053452875,0.1734594519404646,0.20100153011545416,-0.08428280580179315,-0.0683493721468405,-0.27148800566522086,-0.48297272347905257,-0.3872203745621467,-0.5664841487626298,0.18984812655698732,0.06617433199711681,0.03521794661035167,-0.12287712287712288,,0.30965237294351217,-0.09740892019373032,-0.4142060471174395,-0.3664057461525816,0.3450600032878514,0.019410968778057387,0.2788730257084687,-0.1243440104199598,-0.2408098230883041,-0.2041123433528497,-0.29455354771810466,-0.15059623920383414,-0.11111673136989593,0.10575500448918171,-0.1626095423563778,-0.1772784177847469,-0.01275939250622795,-0.1314508276533593,0.12482454254606154,0.3169615194931651,-0.005854904589081804,-0.008434603371312232,-0.07813705282059713,-0.05813174167604547,-0.49506190012519125,-0.4440749124293428,-0.29885304568848875,-0.2533795318605445
#51,0.44301268351901263,0.6635516382351825,0.5993120803247386,0.7882876617053832,0.049886822038720774,0.38147928021345745,0.31079047534743737,0.12763186180907699,0.06104022559718762,1.0,0.5264735264735265,-0.03248650084093122,0.028768699654775604,0.2445276242744597,-0.14424815690638476,0.16258425119184614,0.6450890881270628,0.16506278531594987,0.14159258463055932,0.23430999380366468,-0.4117022218288041,-0.11379759481025303,-0.21106741359905917,-0.18132500410981423,-0.4165075430898216,-0.23580217251103328,0.015592002933775086,0.2899252646088089,-0.14068210270741915,-0.09412106880461311,0.15476928135155985,0.06576967336461008,0.5282691991552751,0.012455898531847899,-0.12232071725742612,0.04735770558555369,-0.13628144007890844,-0.141769622782281,-0.2848923228670064,-0.395035344402433,-0.3806446717839123,-0.1281376850997104,-0.25229201178568267,0.0038316114265481353,-0.17558390976112495,-0.2394946825326572,0.2956663589574982,0.28744673048470515,0.258260726615157,0.3311751539599641,0.1373689601537703,0.24682912024684175,-0.04336170158954969,-0.13215898026024608,-0.6028275521946408,-0.3182260777197486,-0.20656558631242175,0.0010242921635326698,0.49136939010356734,0.34475650931347135,-0.13461222321981817,-0.15628675122346009,-0.05904222359918562,0.07393871950833976,0.35482239279707634,0.4878539182336651,-0.1662514700489384,-0.0902262294667358,-0.06430278582177316,0.2358527548400966,0.15127910064618924,0.3724756256401826,-0.282236750591181,-0.022091832218414497,-0.42561236232122307,0.22712730307667017,-0.3106893106893107,0.1085370325876655,-0.33787731256085685,-0.09035268528939415,-0.0864831371160485,-0.17277659049810948,,-0.31020877856320894,-0.2243958573072497,-0.05603257501991679,0.10916931170095727,-0.05274472363079958,-0.2933142806560528,-0.3030513790007461,-0.40709922988404,-0.0277317619089771,-0.2143552649881764,0.04070612931372425,0.07588613917727842,0.31539346729220147,-0.1512538094816576,0.37879841677310033,0.18137558643887758,0.19609504419631002,0.23628270463713502,0.41147460134801905,-0.03564789640739008,0.41832850693610185,0.19452699199534643,0.2894447324827072,0.06420162116364649,-0.2479166403217036,-0.11185017514131439,0.027883508896167124,0.28026403975771064
#52,0.5774352230048433,0.4324156855802425,0.6004501827286638,0.37879841677310033,-0.198093046194312,-0.024089834216416493,0.3101834873986773,0.3763957561425916,0.391115213900024,0.5264735264735265,1.0,-0.21706141959306516,-0.17644380935520176,-0.05239064732735619,0.019866209739627463,0.20810834734885367,0.35128162976264243,0.5166858457997698,-0.09407048647554976,0.20499753411145816,-0.06255769546908788,0.18860885949493544,-0.06837466331137217,-0.1268478357085952,-0.16293832749528953,-0.3778626436854285,0.19232666068109106,0.5630192592217909,-0.2200457770078023,-0.3730826135889427,0.20284778512626614,-0.11245716309007449,0.1461197030817284,-0.1755333274320616,-0.39655281427433325,-0.25100216239456746,-0.3344630053490813,-0.3191112684783571,-0.5842638374283944,-0.31273789501637606,-0.2755345919902882,-0.31852957169412865,-0.1328418417026012,-0.01984091857509579,-0.1840564498792347,-0.06642724364243352,-0.010179693723997522,0.48949784392822365,0.2556304455038632,0.497692181236485,0.3826426737819143,0.595746026125773,0.35699743294680003,0.2776337586464169,-0.20856358831042376,-0.002642926693559605,-0.41026062545049885,-0.17634264469707508,-0.15664082752690348,0.06523855890944498,-0.2131159979261245,-0.2932384071624578,-0.32626866804081994,0.011090175647137672,0.3272550234575551,0.4722745608821558,-0.19068273498653246,-0.1695646126025873,-0.0025164708709012507,0.10426282578181312,0.38362902919864944,0.35330492292517607,-0.32513056563689474,-0.09070676159283754,-0.6359589777311296,-0.1299080666169274,-0.32174154958965084,-0.15881586767662717,-0.2533795318605445,-0.1333729561577663,-0.06678131994587691,-0.24736023470200685,,-0.15547743395844663,-0.6030045903463624,-0.10873936190391886,-0.07768181185902705,0.0825882977781712,-0.37910191074748034,-0.3337548527421945,-0.4898772113961987,-0.214001188684733,-0.5686844800768851,-0.04427218351268984,-0.21969170070435892,0.4510299826755523,-0.39905663956296866,0.35143337674983244,0.41261270375194425,0.2754081361676298,0.5088455847949519,0.5650425523843245,-0.1505456568747708,0.1562614600589284,0.22351066654864124,-0.027099482795685328,0.18400586755017134,-0.35684568595961,-0.5793067691801869,-0.010786681672757622,-0.10927047635908395
#53,-0.007852906587083801,-0.28987468227974555,-0.40709922988404,-0.25049633910393404,0.014403318200786556,0.1120019221285044,-0.3280896318871002,0.43881435020675524,-0.06675602878134523,-0.03248650084093122,-0.21706141959306516,1.0,0.05605786618444846,0.05833407099229884,0.16766777526271198,-0.04892575778651728,-0.12421755459730144,-0.26013227279050066,0.04606785619443847,-0.1822354860329544,0.2074001947419669,-0.23223611831206767,-0.08633139012885849,-0.36132222208171577,0.2177189898708886,-0.23797721266075697,-0.20064745381201077,-0.4084902439332819,0.2716144614878792,0.06872873961481557,0.3893954147118704,-0.06885519543747391,-0.1210308678663109,-0.22523046573679484,0.32634454153441494,0.025784342240038442,0.2612703751944258,-0.17062684151291746,0.20421350801097637,-0.18021219287042073,-0.15304948216340622,0.0460425650299068,0.26703676070764676,0.14323651032511792,0.3497135775616788,0.050822595126392596,0.19343947192048458,-0.17411702221828804,-0.5369946509187016,-0.4476662577928401,-0.5241467393366127,-0.24336423070600285,-0.28319781484338447,0.045764362220058426,0.1646834178479748,0.0004931777083675817,-0.14407111875466305,-0.254112975631963,0.12846647023862215,-0.06690777576853527,-0.020270868372134196,0.03392809721923646,0.039163368277292325,0.023432263938593052,-0.3807205452775073,-0.10036798644393581,-0.10504685188229491,0.14050506455569747,-0.07644254479697518,-0.2004704156602891,-0.11354468316493634,-0.2709568912100558,0.3038859874302912,0.06716068741385198,0.1506215303683658,-0.2968044613614234,0.13471338787794485,0.013720456758431442,-0.08999860898595076,-0.33345135876781445,0.6577346703928982,0.4441002035938745,,0.4783444403697568,0.5677234158246817,0.2638500739766563,0.0024911797063695796,0.14123850832711593,0.05072143046826591,0.29174622845508924,0.22224610832205768,-0.041490155414206045,0.15909407048647556,-0.2116491103832876,0.1566155363623718,-0.2787971522148737,-0.22591332717914997,-0.3383325535224269,-0.22629269464712504,-0.5636009560060193,-0.3810999127454824,-0.29078516420288575,-0.15567976327469998,-0.2658986583037216,-0.276546238571555,-0.3147611881789097,-0.16779423108537034,-0.0629623541015946,0.17995928122510402,-0.14874998419302216,0.02869282616118059
#54,-0.08172839818409439,0.38638576613260156,-0.19594329720912,0.010027946736807496,0.5306465686212521,0.021459553105122726,0.5568987974051265,0.11020624944675578,0.2335259677031829,0.028768699654775604,-0.17644380935520176,0.05605786618444846,1.0,0.2928843308590144,0.16465812668344315,-0.18635794585161675,0.15269540585996283,-0.20762781522275192,0.19632266467709505,-0.13539624932029995,0.03999797670683747,-0.47460134801906956,-0.2554786985166732,-0.16091503433275586,-0.41316910937164103,0.12199193211851439,-0.425308868346843,-0.4107411575766006,0.4542166694065428,0.4108170310701956,0.01961329809431075,0.17229605837200773,0.14242719306010446,0.2894953148117705,0.4138013884849328,0.4880056652208551,0.326799782495985,0.24733494353747518,0.19880119880119881,-0.07017033599312081,0.12876996421300219,0.04533441242302002,0.3300370515560389,0.36425599716738954,-0.009901490914149142,0.05074672163279758,0.3540889490256579,0.12957928147801565,-0.10787946230984205,-0.3544177341645696,-0.258184853121562,-0.3906093906093906,-0.5781939579407934,-0.5285474019651235,-0.32991059573338055,-0.38694217175229834,-0.10815766511969044,-0.0824871331200445,0.18059156033839577,0.010053237901339168,-0.13529508466217327,-0.09470276558884154,0.5142831851692611,0.0944751451080565,-0.15196196208854437,-0.264178859115568,0.39010356731875717,0.2762933269262383,0.3755358565485148,0.1837782470693863,-0.1445516508807648,-0.09300825756521959,-0.0060319427408035,-0.0848392114214899,0.06238065731736618,-0.14771304644722366,-0.08918929172093729,-0.22854360829044373,0.32948064593634213,0.1989023634593255,-0.29182210194868424,0.15229074722745609,,0.5540408958130477,0.4233361575133727,-0.1354468316493633,-0.10830941210688046,0.23188204200862428,0.24556456202025823,0.4755877034358047,0.44447957106184954,-0.03519265544582,0.4062646214544949,-0.3004210978894523,0.2953375738185865,-0.23233728297019438,0.2754081361676298,-0.02601196272082348,-0.38815614764981854,0.04293175179251128,-0.24976289533251558,-0.021257223788869357,0.48603295438738475,0.11162255466052934,-0.07510211307679662,0.28833192124331364,-0.11589676146638173,-0.03820230402508883,0.2286447729485704,-0.17277659049810948,0.18175495390685265
#58,-0.12353469315494632,0.1645316708607848,-0.15734898013379026,0.11091440205364256,0.31463473235625133,-0.05039264532935419,0.22712730307667017,-0.13504217301685656,0.1065390305896635,0.2445276242744597,-0.05239064732735619,0.05833407099229884,0.2928843308590144,1.0,-0.2359539194982233,0.04657367948507189,0.1668584579976985,-0.23729435121840184,-0.240126961645949,0.17062684151291746,-0.13071738388194085,0.007245918638323702,-0.2628131362308577,0.3169615194931651,-0.014782685668761618,0.4762199825490965,-0.17965578725072395,-0.12950340798442064,-0.12191605862491939,0.14235131956650943,0.09548679168932334,0.3406087583302773,0.5201507353406087,0.2286447729485704,0.024722113329708268,0.31812491306162194,0.015162053136736681,0.08256300661363952,-0.01779233424803045,0.18140087760340926,-0.005703157601891779,-0.08142490420971434,-0.12522920117856826,0.37078111761656063,-0.09149078769331934,0.45358439029325104,0.27889831687300043,0.016805978831295285,-0.17158790576512095,-0.16640321703612843,-0.2929096220235461,-0.11147080767333932,-0.45446958105185953,-0.10322588803601462,-0.42543532416950136,0.018753398500233942,0.09753537601638868,0.43851085623237523,0.3718180553623592,0.3646606557998963,-0.07232008497831283,0.06716068741385198,0.4160523021282515,0.32894953148117706,-0.32113456164089077,-0.26577220248106326,0.6530810961190708,0.7194198206856435,0.29308666017526774,0.45530418948140466,-0.1801363193768257,0.18876060648212548,0.2929096220235461,0.19510868877957485,0.08026151064125747,0.2631925036988328,-0.040832585136382604,0.06645253480696518,0.45626525373360816,0.3187571921749137,-0.005349081298448387,0.04573907105552675,,0.10469277557885152,0.41051353709581556,0.03868283615119058,-0.010938428659947647,0.12500158069778322,0.18056626917386412,0.02277469366076961,0.3393189089391621,0.1373436689892386,0.23436057613272804,-0.1469796026758052,0.25977819648705724,-0.18241252418467607,0.1775566205945953,-0.08992273549235574,-0.29546402964124485,-0.11996863895598073,-0.308666017526777,-0.03923924177088734,0.24589334715916994,0.3483478546769686,0.2321096624894093,0.3230061078162344,-0.011039593318074331,0.047939402369782114,-0.06377167136660808,-0.23964642951984724,0.11179959281225103
#101,-0.14649907054970346,-0.09902755472375725,-0.4004729447767422,-0.21364711238128958,-0.08795002465888542,-0.13339824732229796,0.14740955247284362,0.12459692206527649,0.4537867196095044,-0.14424815690638476,0.019866209739627463,0.16766777526271198,0.16465812668344315,-0.2359539194982233,1.0,0.2725755257400827,-0.09652372943512184,-0.2696417506544089,0.3927844307591143,-0.020093830220412497,0.7806750211813503,-0.36992121802248384,-0.23337422071599287,-0.36620341683632823,-0.12135965300522263,-0.2789236080375321,-0.24824542546061534,-0.40540472186041804,0.6205060762022787,0.15876528534756382,-0.030665536994650917,0.19139088759341924,-0.24040516445579738,0.32272790500638604,0.5834039378343175,0.22305542558707114,0.7246550917436994,0.360614069474829,0.4766499323461349,0.10188545631583606,0.38557644886758813,0.2683771924278253,0.6305466685213521,0.057929412359792105,-0.06346817739222803,-0.2755598831548199,0.12922520517457226,0.036457213672403545,-0.1614967311169843,-0.41053882826034727,-0.3720456758431442,-0.5067970004678866,-0.14235131956650943,-0.18327242377875289,0.5092755345919903,0.02924923178087735,-0.23107272474361082,-0.6156501726121979,-0.2510527447236308,-0.6907649312712604,-0.5573034560376332,-0.6008042590321071,0.3503458566749706,0.05001327786137913,-0.29091162002554405,-0.33820609769976856,0.11918461285549893,-0.021990667560287815,0.46215809506948746,0.15355530545403964,0.14128909065617926,0.12371173130666802,0.288230756585187,0.05160662122687439,0.17899821697290053,-0.5814818093299106,-0.23830599779966868,-0.5586438877578118,0.1649363294932915,-0.0567154364622719,0.10977629964971737,-0.3000164392569456,,0.2258121625210233,-0.07717598856839362,-0.44898139834848694,-0.6189633151658468,0.25332894953148116,0.03453508516799656,0.5894232349928552,-0.14518392999405658,-0.06539030589663501,-0.3408110876465307,-0.5725793194147625,-0.47313446047623264,-0.4558100127720381,0.17148674110699427,-0.511374701248119,-0.3852223725641447,-0.33613222220817157,-0.40075114758659064,-0.19832066667509707,0.13413169109371642,-0.47181931992058573,-0.17227076720747606,-0.3405328848366823,-0.01513676197220501,-0.5485780042742068,-0.026973026973026972,-0.39662868776792826,-0.5124875124875125
#102,0.14768775528269198,0.29632392923532164,-0.03683658114037861,0.0959420326508934,-0.13038859874302913,0.01599666156628182,0.2501675539650223,-0.2286447729485704,0.2520138089758343,0.16258425119184614,0.20810834734885367,-0.04892575778651728,-0.18635794585161675,0.04657367948507189,0.2725755257400827,1.0,-0.22533163039492154,-0.0985470225976555,-0.0886581772657722,0.6279669697391216,0.23522047572680485,0.49162230174888405,-0.6473905840994448,0.04202126986937114,-0.20942348790450055,0.026720115327710264,-0.10519859886948495,0.0685264102985622,-0.11248245425460615,-0.07454570745709986,0.06012974367404747,0.17543216277393492,0.16850238369225712,0.3060610275800149,-0.12512803652044158,-0.011039593318074331,0.1854221727639449,0.3115492102833875,-0.017716460754435438,0.2763692004198333,-0.13281655053806954,0.2106121726374891,-0.33173155957966083,0.43770153896736175,-0.645771949569418,0.38466596694444793,0.1843093615245514,0.05813174167604547,-0.44083764336928893,-0.12037329758848746,-0.44996775376522213,-0.0510755067717093,-0.13999924126506405,0.4308729245438106,0.2307439396046991,0.6728082044537741,-0.20332831725236789,0.2603093109422223,0.2232830460678562,0.10284652056803956,-0.41853083625235526,-0.3525967703182893,0.20648971281882675,0.6436222005842259,-0.2576537386663969,-0.24273195159271108,0.16769306642724363,0.34447830650362293,0.011545416608707748,0.4132702740297677,-0.2659745317973166,0.1734594519404646,0.025759051075506773,0.37073053528749733,-0.23094626892095246,-0.13572503445921166,-0.3515598325724908,-0.223991198674743,0.05873872962480557,0.04035205301028086,0.19182083739045763,-0.17732900011381025,,-0.1963732470061584,-0.11384817713931639,-0.344781800478003,-0.272322614094766,-0.20772897988087863,-0.015414964782053389,-0.004033940742801502,-0.46339736213153937,-0.10782887998077871,-0.3365368808406783,-0.012329442709189545,-0.05039264532935419,-0.26124508402989416,0.11205250445756774,-0.1305150545656875,0.21465875896255643,-0.24440116845180138,-0.14591737376547503,0.07421692231818815,-0.07621492431619013,-0.25937353785455053,0.15669140985596683,0.06647782597149686,0.34402306554205286,-0.4358299927920181,-0.4249800832079313,-0.27017286510957395,-0.16673200217504014
#201,0.35257147915375764,0.393113215898026,0.6469606343024065,0.6574058852539865,0.3570480152758634,0.33079578649198904,0.2856763489674882,0.34670392898241,0.07945219337624401,0.6450890881270628,0.35128162976264243,-0.12421755459730144,0.15269540585996283,0.1668584579976985,-0.09652372943512184,-0.22533163039492154,1.0,0.2425549134409894,0.15292302634074786,-0.03977035622605243,-0.4764476030298815,-0.37363901920863946,0.043209954602359664,-0.23241315646378938,-0.2758127948001366,-0.2050734076050532,-0.0026682178580912756,0.3052770014795331,-0.06506152075772328,-0.060939060939060936,0.2327419416027011,0.07196600867486944,0.5107171309702955,0.0032752058068513763,-0.04707950277570531,0.15390938175748303,-0.09730775553560364,-0.14622086773985507,-0.2058321425410033,-0.30535287497312813,-0.12472337788793485,-0.29457883888263636,-0.09796532581342708,-0.08653371944511185,-0.15856295603131046,-0.3099052845888289,0.15178492393682266,0.48727222144943666,0.49177404873607405,0.3945295211117996,0.42520770368871635,0.2007233273056058,0.07143489421970435,-0.27576221247107324,-0.6105666485413321,-0.501308817764514,-0.2609415900555141,-0.2193629155654472,0.3496377040680838,0.1390887593419239,-0.28147801565523084,-0.2835265999822962,-0.032410627347336206,-0.13157728347601766,0.4535590991287194,0.40090289457378064,-0.1479406669280087,-0.14584150027188003,0.05906751476371729,0.17386411057297133,0.254264722619153,0.45305327583808597,-0.1806674338319908,-0.04981094854512576,-0.38696746291683,0.2012291505962392,-0.3693395212382554,-0.16309007448247956,-0.30221677057120094,-0.11187546630584605,-0.3316303949215342,-0.04912808710277065,,-0.23380417051303126,-0.20196259436765765,-0.06920927174091732,-0.031120777956220994,0.08408047648553978,-0.23127505405986418,-0.29890362801755205,-0.19227607835202773,0.2639512386347829,-0.21101683126999582,-0.019056892474613993,-0.23936822670999885,0.3830726235789527,-0.13615498425625008,0.5316076328734557,0.20431467266910305,0.4982738780207135,0.42326028401977767,0.4034573021914794,0.15562918094563663,0.5186079743041768,0.463270906308881,0.4327444707191543,0.1529736086698112,-0.346628055488815,0.0309437398044993,-0.1639246829120247,-0.06832408098230883
