,#10,#11,#12,#13,#17,#18,#26,#49,#50,#51,#52,#53,#54,#58,#101,#102,#201,#202,#301,#302,#401,#402,#501,#502,#601,#602,#701,#702,#801,#802,#901,#902,#1001,#1002,#1101,#1102,#1201,#1202,#1301,#1302,#1401,#1402,#1501,#1502,#1601,#1602,#1701,#1702,#1801,#1802,#1901,#1902,#2001,#2002,#2101,#2102,#2201,#2202,#2301,#2302,#2401,#2402,#2501,#2502,#2601,#2602,#2701,#2702,#2801,#2802,#2901,#2902,#3001,#3002,#3101,#3102,#3201,#3202,#3301,#3302,#3401,#3402,#3455,#3501,#3502,#3601,#3602,#3701,#3702,#3801,#3802,#3901,#3902,#4001,#4002,#4101,#4102,#4201,#4202,#4301,#4302,#4401,#4402,#4501,#4502,#4601,#4602,#4701,#4702,#4801,#4802
#10,1.0,0.5553813275332262,0.7381099912745482,0.6762983851591446,-0.08686250458402357,0.37839375814059356,0.2716144614878792,0.6850491280871027,0.4750565889806396,0.5001201330315255,0.6749579534389661,0.14050506455569747,0.13433402040996978,-0.34136749326622745,0.20702082727399182,0.09778828766170539,0.7237193186560276,0.4859064985647264,0.06599729384539511,0.12828943208690044,0.05674072762680358,-0.17376294591484465,-0.21288837744533948,-0.44344263331605105,-0.15944814678991895,-0.4667357958497199,-0.03359931208032474,0.173889401737503,-0.17576094791284666,-0.11531506468215329,0.39541471187040805,-0.252494341101936,0.3477155755636768,-0.021156059130742675,-0.4048230250761896,-0.2224990199673744,-0.5486285866032702,-0.20679320679320679,-0.3381808065352369,-0.17234664070107109,-0.2678207868081286,-0.2617256161559959,-0.5337573818586476,-0.054616269806143224,-0.5411676930664272,-0.5143590586628561,-0.16721253430114189,-0.07317998457238964,0.2118261485350093,-0.032107133372956155,0.3947571415925846,0.3498906157134005,0.1625083776982511,-0.0741663399891248,-0.35090226229466737,0.0422235991856245,-0.4883344503597668,-0.1850680964605015,-0.10747480367733532,-0.4522439585730725,0.07993272550234576,-0.060256199496705826,-0.1509756066718092,-0.2795053048217605,0.2488777045739071,0.1391899240000506,-0.34943537475183045,-0.09288180174256123,0.2797835076316089,0.33319844712249774,0.49324093627891097,0.5578851528218617,0.38008826616421554,0.5730851427053959,-0.3142047825592129,-0.3701235473387372,-0.19295893979438283,-0.10385816714930639,-0.10236598844193781,-0.13074267504647252,-0.30128099748352916,-0.15970105843523566,-0.20608505418632,0.06637666131337018,-0.03949215341620405,0.11718661085749693,0.06488448260600159,-0.09953337801439067,-0.42060471174395225,-0.097510084851857,-0.4518645911050974,0.24647504394339836,-0.2585895117540687,0.14462752437435983,-0.040149723694027493,0.7632241176544974,0.0373676955955437,0.550398968120487,0.47523362713236134,0.4520416292568191,0.4146612880790096,0.44533947065592633,-0.1732065402951479,0.3801135573287472,0.3294300636072788,0.455506518797658,0.4394972116491104,-0.13984749427787402,-0.07917399056639562,0.07201659100393278,-0.2486247929285904
#11,0.5553813275332262,1.0,0.5290532252557569,0.6348967488207995,0.0859773138254151,0.5211623819218756,0.42988656912707546,0.3330719912998394,0.6599097105426219,0.6812554534073522,0.5045966691536312,0.21013164051138736,0.4096536375017388,-0.024620948671581582,-0.003553408616699756,0.07037266530937417,0.5850984458579396,0.4963264583517748,0.016047243895345162,-0.2286700641131021,0.10858761491672884,-0.02540497477206338,0.11291240405164456,-0.4038113784949228,0.09652372943512184,-0.2208550942728158,0.16051037570024912,0.3733355252342594,0.34065934065934067,-0.24182146966957094,0.3084131058814603,0.20216492368391104,0.3155957966084548,0.1388358476966072,-0.1832471326142212,-0.16043450220665412,-0.16215430139480771,-0.14305947217339623,-0.07768181185902705,-0.09224952262926947,-0.23044044563031904,-0.3819345211750275,-0.13150140998242263,-0.0665284083005602,-0.30770495327457353,-0.38613285448728485,-0.10588146031184006,-0.18190670089404268,0.26888301571845874,-0.018803980829297285,0.3811757862390774,0.36273852729548933,0.26663210207514004,-0.057322424411032004,-0.1601815905613374,-0.23479052592976643,-0.44334146865792434,-0.4698719002516471,-0.1992311485982372,-0.2865615397260967,0.06465686212521655,-0.10368112899758469,-0.09379228366570139,-0.1475865906245653,0.3396729852426055,0.04288116946344794,0.011722454760429444,0.09192073749035774,0.14488043601967654,0.2129389597744028,0.3889401737503003,0.44023065542052886,-0.11470807673339319,0.11718661085749693,-0.5691397210384552,-0.5866917892234348,-0.45707457099862164,-0.3361069310436399,0.22075392961468912,0.08468746443429988,-0.018728107335702272,-0.3413169109371641,0.03230946268920953,0.3619039188659442,0.013973368403748151,0.2550487487196348,0.10777829765171537,-0.09245185194552283,-0.4820116592268491,0.05742358906915869,-0.18276660048811946,0.26888301571845874,-0.12168843814413435,0.059573338054350715,-0.0023647238837112253,0.6435716182551625,0.12282654054805954,0.4518140087760341,0.3573768004147751,0.48666523350067653,0.39230389863301257,0.535047231249763,0.14966046611616232,0.23989934116516395,0.37146397905891576,0.2753828450030982,0.590207261093337,-0.03893574779650729,-0.1732824137887429,-0.26283842739538943,-0.2810480658581924
#12,0.7381099912745482,0.5290532252557569,1.0,0.7804726918650969,-0.2458427648301066,0.4713134966299523,0.47902730181211195,0.42915312535565703,0.34250559567015265,0.6279163874100583,0.4776868700919334,-0.08231009496832281,0.20320186142970953,-0.1332717914996396,0.16726311663020524,0.22386474285208463,0.7153985255251079,0.6659037165366279,-0.13200723327305605,0.0982941109523388,-0.017691169589903768,0.10325117920054629,-0.06012974367404747,-0.302672011532771,-0.11792005462891539,-0.3367392101569317,-0.051252544923431,0.2578813591471819,-0.13299358868979122,-0.15542685162938327,0.5418252633442507,-0.2712856763489675,0.7142604231211827,0.014302153542659872,-0.26577220248106326,-0.14311005450245956,-0.39614815564182654,-0.17644380935520176,-0.2607139695747291,-0.11652904057967349,-0.2587665499057904,-0.08832939212686049,-0.35297613778626435,0.20927174091731054,-0.27748201165922687,-0.27573692130654154,-0.1765955563423918,0.10175900049317771,0.07664487411322854,-0.0329417418025013,0.5447843295944562,0.5246019802981828,0.1768484679877085,-0.004008649578269832,-0.3431631659479761,0.0323347538537412,-0.5527763375864642,-0.2587918410703221,-0.087444201368252,-0.3086407263622454,-0.20403646985925467,-0.32515585680142645,-0.22125975290532252,-0.2089429557783988,0.33319844712249774,0.33034054553041897,-0.22677322677322678,-0.02689715347943196,0.30907067615928374,0.401181097383629,0.5595290785164203,0.6658278430430329,0.25494758406150814,0.3287472021649237,-0.579610263154567,-0.5055577334058347,-0.48628586603270146,-0.308666017526777,0.05309879993424297,0.08139961304518266,-0.2106121726374891,-0.322576158019196,-0.1694634479444606,0.19351534541407958,-0.0649603560995966,-0.23557455203024824,-0.1884571125077454,-0.09027681179579913,-0.324650033510793,-0.06789413118527042,-0.3295312282654055,0.4280656052807952,-0.08038796646391583,-0.11243187192554281,0.1695393214380556,0.8725831130894423,0.2445276242744597,0.789223434793055,0.7052820597124395,0.4739184865767144,0.4945813679990895,0.5390432352457669,-0.1933383072623579,0.647997572048205,0.5921546807622757,0.6508554736402837,0.7322171499386689,-0.42809089644532683,-0.2041123433528497,-0.26713792536577347,-0.38937012354733874
#13,0.6762983851591446,0.6348967488207995,0.7804726918650969,1.0,-0.23777488334450358,0.4286978843940869,0.4778639082436551,0.3547212281389497,0.34718446110851175,0.7209372905575437,0.37080640878109233,0.029072193629155654,0.22659618862150507,-0.19442582733721975,0.10535034585667497,-0.02570846874644343,0.7085699111015566,0.3453634972622314,-0.2161762288344567,0.14536096814577829,0.15537626930031995,0.1210308678663109,-0.1896963795697973,-0.3523185675084409,-0.25464409008712807,-0.22045043564030906,0.008206982890527193,0.3899771114960988,-0.13403052643558971,-0.07854171145310386,0.40469656925353126,-0.20745077707103024,0.6100102429216353,0.20406176102378634,-0.31756850744192516,-0.19323714260423122,-0.24725907004388017,-0.08238596846191783,-0.33256616800920596,-0.07290178176254125,-0.3024190998874543,-0.009269211800857371,-0.3523438586729726,0.14283185169261117,-0.46165227177885404,-0.39258210144286093,-0.06518797658038164,0.23382946167756294,0.18625678119349007,0.12254833773821115,0.6637539675514359,0.4087684467431303,0.12487512487512488,-0.07694836808760859,-0.1785682671758621,-0.023305808115934697,-0.3976403343491951,-0.12765715297360866,-0.10942222334627398,-0.2348916905878931,-0.030235587197612514,-0.23375358818396794,-0.25970232299346224,-0.260486349093944,0.4891184764602486,0.4283943904197069,-0.15651437170424512,-0.015465547111116732,0.18119854828715587,0.22454760429443973,0.3511298827754524,0.5553813275332262,0.2780637084434553,0.39139341670987243,-0.34789261371539854,-0.3792536577346704,-0.28954589714083384,-0.1889882269629105,-0.15828475322146207,-0.11187546630584605,-0.18726842777475688,-0.3452117502750414,-0.054590978641611554,0.08542090820571833,-0.11007979362409742,-0.23537222271399486,-0.18807774503977034,-0.19432466267909307,-0.40358375801413776,-0.18828007435602373,-0.2933901541496478,0.3618786277014125,-0.32523173029502145,-0.0747733279378849,-0.027453559099128718,0.654522692497376,-0.03865754498665891,0.7008308147548654,0.4619557657532341,0.47821798454709846,0.39526296488321805,0.36516647909052974,-0.18921584744369555,0.5877034358047016,0.39002769382516217,0.5893473614992603,0.5208588879474956,-0.22330833723238785,-0.16319123914060624,-0.22904943158107716,-0.19536160042489156
#17,-0.08686250458402357,0.0859773138254151,-0.2458427648301066,-0.23777488334450358,1.0,0.3484490193350953,0.014656229846103264,-0.27844307591143036,-0.007928780080678814,-0.41438308526916123,0.27619216226811166,0.5274598818902616,0.16693433149129352,0.2632936683569595,-0.10264419125178618,0.05833407099229884,-0.4624615890438675,0.13385348828386803,-0.08306882990427294,-0.0965490205996535,-0.005576701779233425,-0.28511994334779145,0.04677600880132526,-0.051176671429835986,0.015237926630331694,-0.2854993108157665,-0.10259360892272285,-0.20841184132323373,0.31658215202519,-0.05939629990262902,-0.15530039580672492,0.32530760378861645,-0.2903299232413156,-0.3009522123446174,-0.12300357869978124,-0.346628055488815,0.34447830650362293,-0.06685719343947193,-0.09700426156122359,-0.1482947432314521,0.050519101152012545,-0.2428078250863061,0.24804309614436196,0.03683658114037861,0.12889642003566054,-0.09538562703119666,0.16197726324308603,-0.10959926149799568,-0.3377761479027302,-0.47796507290178175,-0.2191100039201305,-0.17866943183398878,-0.1723972230301344,-0.16152202228151596,0.03524323777488334,-0.3866892601069816,-0.05127783608796267,-0.28982409995068226,-0.35671923013695167,-0.13468809671341317,0.1420225344275977,0.4164822519252899,0.18167908041325762,0.14738426130831195,-0.41332085635883103,-0.45512715132968296,0.17419289571188307,0.30504938099874807,-0.052213609175634494,-0.054565687477079884,-0.005956069247208488,-0.2578307768181186,-0.10906814704283059,-0.09809178163608544,0.11789476346438371,-0.21809835733886368,0.1419466609340027,-0.07360993436942805,0.30254555571011266,0.15916994398007056,0.2517608973305176,0.5101607253505988,0.5009294502965389,0.441217010837264,0.7856826717586212,0.3716915995397008,0.3844383464636629,0.10297297639069791,0.04563790639740007,0.47611881789096977,0.32513056563689474,-0.026998318137558645,0.330492292517609,0.3369668306377167,0.11458162091073483,-0.23087039542735746,0.06035736415483251,-0.37467595695443795,-0.10676665107044854,-0.2149622529369365,-0.31177683076417256,-0.02100431214355265,0.8016666877426372,-0.1982953755105654,-0.00572844876642345,-0.431075253860064,-0.09323587804600462,0.2560856864654333,0.35128162976264243,-0.031727765904981095,-0.03284057714437461
#18,0.37839375814059356,0.5211623819218756,0.4713134966299523,0.4286978843940869,0.3484490193350953,1.0,0.32209562589309426,-0.014352735871723213,0.4078832559845218,0.22045043564030906,0.39364433035319113,0.5933180743307326,0.6255390179440813,0.07803588816247044,-0.041211952604357664,0.06369579787301306,0.29086103769648075,0.4475903842992451,-0.019916792068690802,-0.016173699718003514,0.0827653359298929,0.06379696253113974,-0.1232059080160346,-0.33813022420617356,0.0009484186699376572,-0.2782154554306453,-0.2627625539017944,-0.06531443240304,0.2993082866500588,-0.053528749731281376,0.05112608910077265,-0.005500828285638412,0.4469581051859533,-0.3076543709455102,0.0035028262876364144,-0.38494416975429635,0.20585743370553497,-0.06764121953995372,-0.15947343795445063,-0.3179731660744319,0.007094171651133676,-0.09293238407162457,0.0711314002453243,0.21192731319313599,-0.06321526574691132,-0.16936228328633393,-0.01248118969637957,-0.08478862909242656,-0.27105805586818243,-0.38340140871786443,0.1755333274320616,0.21797190151620532,-0.14182020511134436,-0.2435918511867879,-0.24354126885772456,-0.4589461171739653,-0.30846368821052367,-0.43416077593292784,0.1373436689892386,-0.07828879980778715,-0.09090909090909091,0.059674502712477394,-0.18807774503977034,-0.2514321121916059,-0.081374321880651,-0.123635857813073,-0.007448247954577068,0.11857762490673883,0.15962518494164063,0.16878058650210548,0.3902047319768839,0.3001681862441356,0.11382288597478471,0.19738489358742523,-0.2974873228037785,-0.47902730181211195,-0.25196322664677095,-0.24369301584491457,0.2054021927439649,0.1933383072623579,0.03291645063796963,0.07866816727576222,0.3176949632645835,0.28405771443746125,0.21177556620594595,0.17596327722910002,0.081374321880651,0.1022901149483428,0.017691169589903768,0.04594140037178012,0.0450056272841083,0.3684796216441786,-0.13757128947002364,0.33701741296678006,0.4724515990338775,0.43577941046295476,0.23438586729725971,0.2932384071624578,0.35985533453887886,0.16523982346767158,0.10684252456404356,0.423159119361651,0.32239911986747427,0.3610187281073357,0.40575879816386146,0.254112975631963,0.36774617787276015,-0.21149736339609757,0.04571377989099508,-0.42970953097535375,-0.14063152037835583
#26,0.2716144614878792,0.42988656912707546,0.47902730181211195,0.4778639082436551,0.014656229846103264,0.32209562589309426,1.0,0.14336296614777627,0.5739703334640044,0.43388257312307943,0.5209347614410905,0.039112785948228986,0.23208437132487766,0.6038644899404393,0.30479646935343135,0.06769180186901706,0.334715916994398,0.42649755307983156,-0.24048103794939238,0.08218363914566446,0.032385336182804536,0.004792675678751628,-0.06402458301192479,-0.29204972242946925,-0.028465205680395553,-0.15719723314660022,-0.2748517305479331,-0.03418100886455317,0.1333729561577663,-0.0679194223498021,0.2693635478445605,-0.09070676159283754,0.4910658961291873,0.17257426118185612,-0.0677423841980804,-0.008535768029438916,0.12361056664854134,0.25552928084573656,-0.4144083764336929,-0.3033042906460628,-0.4166592900770116,-0.20719786542571353,0.026821279985836947,0.0594974645607557,-0.10125317720254429,-0.4545960368745179,-0.47118704080729396,0.04154073774326939,-0.2978413991072219,-0.3959964086546365,0.5080615586944701,0.21602448184726666,-0.20130502408983422,-0.26825073660516696,-0.25398651980930465,-0.2605116402584757,-0.41106994271551234,-0.41686161939326494,-0.304366519556393,-0.4144336675982246,0.08671075759683354,-0.13792536577346703,0.1584365002086521,0.05175836821406442,0.32601575639550323,0.18554862858660326,0.4710100026555723,0.5514106147017539,0.5982751425789401,0.6392721202847785,0.531734088696114,0.5924581747366557,0.1242428457618331,0.010027946736807496,-0.33570227241113315,-0.5391696910684253,-0.31448298536906133,-0.3531278847734544,0.38494416975429635,0.18307009446249953,-0.09450043627258817,-0.3947065592635213,0.338636047496807,0.368985444934812,0.22836657013872202,-0.1567925745140935,0.044828589132386604,-0.5479710163254468,-0.48787920939819673,0.21966640953982727,-0.08256300661363952,0.7384640675779917,0.010887846330884306,0.07421692231818815,0.06594671151633177,0.3163292403798733,0.31923772430101544,0.3121056159030843,0.13989807660693737,0.18658556633240178,0.014049241897343164,0.21430468265911304,0.06286118944346793,0.3603358666649806,0.3832749528952061,0.2928337485299511,0.4218692699705358,0.012632936683569594,0.20681849795773846,-0.30967766410804387,-0.22247372880284272
#49,0.6850491280871027,0.3330719912998394,0.42915312535565703,0.3547212281389497,-0.27844307591143036,-0.014352735871723213,0.14336296614777627,1.0,0.44812149875441015,0.43623465142452483,0.5237926630331694,0.00018968373398753146,-0.07679662110041857,-0.1757103655837833,0.5447084561008612,0.055501460564751706,0.5954425321513929,0.2932131159979261,0.2168590902768118,-0.034459211674401545,0.23155325686971256,-0.1222448437638311,-0.0035028262876364144,-0.5291038075848202,0.09505684189228493,-0.417165113367645,0.12732836783469695,-0.12191605862491939,-0.08359994435943803,-0.1294528256553573,0.1797063695797873,-0.3560616598591282,0.18678789564865514,-0.09928046636907396,-0.1005450245956575,-0.05469214329973824,-0.5370452332477649,-0.2345629054489814,-0.017590004931777085,-0.2748264393834014,-0.028743408490243934,-0.1494075544708456,-0.26390065630571957,-0.2205768914629674,-0.25775490332452355,-0.3489042602966654,-0.36531822607771974,-0.3250041098142364,0.3289748226457087,-0.009673870433364104,0.27649565624249167,0.1339799441065264,0.3097535376016389,-0.07545618938024001,-0.045764362220058426,-0.06417632999911481,-0.2993588689791221,-0.22993462233968562,-0.05365520555393973,-0.4778639082436551,-0.09295767523615625,-0.2412650640498742,-0.01951213343618407,-0.07507682191226495,0.06098964326812428,0.16164847810417432,-0.13081854854006753,-0.06364521554394972,0.3573768004147751,0.36992121802248384,0.4315304948216341,0.5321893296576841,0.36281440078908433,0.48094943031651893,-0.22426940148459135,-0.15777892993082868,-0.2634707065086812,-0.06627549665524349,-0.018222284045068857,-0.28780080678814857,-0.17057625918385413,-0.011823619418556128,-0.30618748340267327,-0.20406176102378634,-0.199939301205124,-0.02128251495340103,-0.060610275800149216,-0.04032676184574919,-0.26238318643381936,0.02368517558390976,-0.1253809481657583,0.26883243338939544,-0.2333489295514612,-0.09695367923216025,0.007245918638323702,0.5398525525107803,-0.12479925138152986,0.4248283362207413,0.18554862858660326,0.4489561071839553,0.23797721266075697,0.2475625640182602,-0.28764905980095856,0.3786972521149736,0.25267137925365774,0.49491015313800124,0.18858356833040377,-0.2202481063240557,-0.07965452269249737,0.05099963327811429,-0.34779144905727183
#50,0.4750565889806396,0.6599097105426219,0.34250559567015265,0.34718446110851175,-0.007928780080678814,0.4078832559845218,0.5739703334640044,0.44812149875441015,1.0,0.5286232754587185,0.6243756243756243,0.3341089290456379,0.5009547414610706,0.30914654965287874,0.23868536526764375,-0.019082183639145666,0.5267770204479065,0.43588057512108147,0.10406049646555976,-0.20312598793611453,0.10542621935026998,-0.16726311663020524,0.021358388446996043,-0.370604079464839,0.23608037532088166,-0.12682254454406353,-0.11101556671176924,-0.15755130945004361,0.39265797493645593,-0.09199661098395276,0.16779423108537034,-0.030564372336524235,0.23936822670999885,0.08210776565206945,0.15074798619102417,0.039036912454633976,-0.00484325800781497,0.1688564599957005,0.031171360285284336,-0.23122447173080085,-0.20267074697454443,-0.39968891867626044,-0.031196651449816006,-0.2510527447236308,-0.14771304644722366,-0.3602852843359172,-0.46339736213153937,-0.46668521352065656,-0.047863528876187104,-0.3411398727854424,0.12386347829385803,0.21799719268073697,-0.0054249547920434,-0.14037860873303912,-0.1742434780409464,-0.2279619115062153,-0.33529761377862644,-0.45697340634049494,-0.012557063189974583,-0.33565169008206985,0.13714133967298525,-0.06890577776653727,-0.02183892057309779,-0.17679788565864515,0.11979160080425903,0.02067552700464093,0.252266720621151,0.1854221727639449,0.4459211674401548,0.48289684998545757,0.5422552131412891,0.5086432554786985,0.1429835986798012,0.15170905044322766,-0.4072003945421667,-0.4219198522995991,-0.3316556860860658,-0.1651386588095449,0.25970232299346224,-0.010609643521035926,-0.12679725337953185,-0.23790133916716194,0.11412637994916476,0.25881713223485375,-0.0005184688728992527,0.23423412031006968,0.24050632911392406,-0.20889237344933548,-0.3702247119968639,0.08089378975454925,-0.1519366709240127,0.5104642193249789,-0.13190606861492937,0.19460286548894143,0.046523097156008546,0.47829385804069346,0.24131564637893752,0.22679851793775843,0.1201709682722341,0.1772784177847469,0.048521099154010545,0.3968563082487133,0.019410968778057387,0.15092502434274585,0.3059851540864199,0.2992071219919321,0.32672390900239,0.07403988416646644,0.13193135977946105,-0.13463751438434982,-0.13961987379708898
#51,0.5001201330315255,0.6812554534073522,0.6279163874100583,0.7209372905575437,-0.41438308526916123,0.22045043564030906,0.43388257312307943,0.43623465142452483,0.5286232754587185,1.0,0.3118021219287042,-0.06260827779815122,0.20178555621593597,-0.057575336056348715,0.19832066667509707,0.09556266518291835,0.8098863162154302,0.31433123838187127,-0.19187141971952099,-0.006234272057056867,-0.02183892057309779,0.12548211282388497,-0.04594140037178012,-0.354771810468013,-0.11364584782306301,-0.020093830220412497,0.28365305580495453,0.3154946319503282,0.2112950340798442,-0.02249649085092123,0.31134688096713414,-0.17333299611780625,0.3708569911101557,0.2987012987012987,-0.007170045144728689,0.2016843915578093,-0.22313129908066617,0.04219830802109283,-0.06877932194387891,-0.05097434211358262,-0.22234727298018436,-0.09566382984104503,-0.11164784582506102,0.02950214342619406,-0.224142945661933,-0.38790323600450183,-0.25833660010875203,-0.07897166125014227,0.3881308564852869,0.2050734076050532,0.5438485565067843,0.32601575639550323,0.29149331680977253,-0.06716068741385198,-0.09113671138987595,0.09017564713767245,-0.2879778449398703,-0.07168780586502105,-0.10112672137988593,-0.21627739349258338,-0.07153605887783103,-0.45522831598780966,-0.017387675615523717,0.0424006373373462,0.5064682153289748,0.3112204251444758,0.012582354354506253,0.0892651652145323,0.11470807673339319,0.3111951339799441,0.3104111078794623,0.5710871407073939,0.16736428128833192,0.22330833723238785,-0.44594645860468646,-0.31223207172574263,-0.4234626133360311,-0.20059687148294744,0.06038265531936418,-0.04503091844863997,-0.3453887884267631,-0.5272322614094767,-0.1101809582822241,-0.06172308703954273,-0.31273789501637606,-0.25115390938175747,-0.23782546567356694,-0.20772897988087863,-0.4261940591054515,-0.13218427142477776,-0.25454292542900137,0.35757912973102846,-0.2848417405379431,-0.28448766423449967,-0.0953350447021333,0.6394238672719685,0.13782420111534036,0.6104907750477371,0.24182146966957094,0.5026239583201608,0.38800440066262853,0.35585933054287483,-0.3690866095929387,0.4266240089024899,0.2270261384185435,0.49005424954792043,0.410943486892854,-0.24647504394339836,-0.3928603042527093,-0.30107866816727574,-0.25219084712755596
#52,0.6749579534389661,0.5045966691536312,0.4776868700919334,0.37080640878109233,0.27619216226811166,0.39364433035319113,0.5209347614410905,0.5237926630331694,0.6243756243756243,0.3118021219287042,1.0,0.36081639879108235,0.28059282489662235,0.18400586755017134,0.384969460918828,0.28964706179896055,0.47022597655509046,0.6440268592167326,-0.018576360348512247,0.003730446768421452,-0.07990743433781408,-0.3088683468430304,-0.17490104831876985,-0.3212610174635491,-0.06394870951832977,-0.4342619405910545,-0.19933231325636389,-0.07611375965806345,0.11872937189392886,-0.04637135016881852,0.2724996522464877,-0.024140416545479836,0.27851894940502536,-0.012253569215594532,-0.35714917993399004,-0.24614625880448665,-0.28893890919207377,-0.021257223788869357,-0.308514270539587,-0.19918056626917385,-0.4159511374701248,-0.583833887631356,-0.23294427091895448,-0.02747885026366039,-0.2415938491887859,-0.3968563082487133,-0.30107866816727574,-0.2018361385449993,-0.07828879980778715,-0.2932384071624578,0.1970561084485135,0.11303885987430291,0.05373107904753474,-0.1608897431682242,-0.28183209195867426,-0.1716384880941843,-0.5937986064568344,-0.4369680951959433,-0.4047724427471263,-0.6120082449196373,0.12333236383869295,0.06862757495668888,0.020397324194792548,-0.1450827653359299,-0.019006310145550653,-0.1936923835658013,0.03683658114037861,0.22861948178403874,0.5226292694647126,0.579458516167377,0.7089239874050001,0.622099419567774,0.34918246310651374,0.39533883837681305,-0.3565674831497616,-0.5876275623111066,-0.23418353798100633,-0.2489788692320338,0.20808305618432202,0.10522389003401661,-0.2050734076050532,-0.059699793877009064,0.17586211257097334,0.3559857863655332,0.36726564574665843,0.312434401041996,0.30004173042147725,-0.3018626942677576,-0.45011950075241214,0.2546693812516597,-0.2490547427256288,0.45360968145778274,0.024696822165176595,0.1812744217807509,-0.16354531544404963,0.551182994220969,0.2708051442228657,0.2994600336372488,0.25760315633733355,0.2752310980159081,0.11470807673339319,0.44941134814552536,0.26187736314318594,0.2915438991388358,0.37146397905891576,0.27811429077251865,0.3339824732229795,-0.02666953299864692,0.0424006373373462,-0.020877856320894294,-0.4057840893283931
#53,0.14050506455569747,0.21013164051138736,-0.08231009496832281,0.029072193629155654,0.5274598818902616,0.5933180743307326,0.039112785948228986,0.00018968373398753146,0.3341089290456379,-0.06260827779815122,0.36081639879108235,1.0,0.7115542685162939,0.08445984395351484,0.1380265304315937,0.10542621935026998,0.031171360285284336,0.13162786580508098,0.05856169147308388,0.08929045637906398,0.06033207299030084,-0.089442203366254,-0.24217554597301433,-0.1005450245956575,-0.11541622934027998,-0.10173370932864603,-0.2359539194982233,-0.2676437486564069,0.46772215126645506,0.16852767485678877,-0.2992071219919321,0.18456227316986812,-0.036128428533491824,-0.21235726299017438,0.2367379455987051,-0.3121814893966793,0.31220678056121093,0.11432870926541813,0.004286852388118211,-0.13686313686313686,0.06187483402673276,-0.2129389597744028,0.2658733671391899,0.08825351863326547,0.07560793636743003,-0.07601259499993678,-0.04915337826730232,-0.3426826338218743,-0.294680003540763,-0.34230326635389924,-0.2564397627688767,-0.12110674135990591,-0.26028401977769067,-0.1864844016742751,-0.19743547591648858,-0.3296829752525955,-0.10264419125178618,-0.230212825149534,0.2231818814097295,0.0013024949733810493,0.035824934559111773,0.13645847823063012,-0.055223257754903325,-0.11344351850680964,-0.25421414029008965,-0.25962644949986724,0.10937164101721064,0.11622554660529344,0.034358047016274866,0.10707014504482859,0.2282401143160637,0.0866601752677702,0.3835784468695861,0.39144399903893573,0.06728714323651032,-0.19690436146132348,0.08023621947672581,0.04419631001909483,0.17540687160940324,0.11465749440432985,-0.05362991438940806,0.34103870812731574,0.5791550221929969,0.12404051644557974,0.427003376370465,0.2446287889325864,0.11984218313332237,0.07788414117528042,0.09090909090909091,0.17748074710100026,0.12049975341114581,0.13061621922381417,-0.11445516508807647,0.22758254403824024,0.2515838591787959,0.06152075772328937,0.05583024570366343,-0.2366620721051101,-0.18835594784961873,-0.2378760480026303,-0.3711099027554724,0.15143084763337927,0.4466040288825099,-0.12130907067615929,0.013872203745621467,-0.1812744217807509,-0.18989870888605065,0.054945054945054944,0.19146676108701424,-0.004944422665941653,0.03898633012557063
#54,0.13433402040996978,0.4096536375017388,0.20320186142970953,0.22659618862150507,0.16693433149129352,0.6255390179440813,0.23208437132487766,-0.07679662110041857,0.5009547414610706,0.20178555621593597,0.28059282489662235,0.7115542685162939,1.0,0.16045979337118577,-0.016350737869725213,0.15173434160775934,0.1965502851578801,0.38929425005374374,-0.03418100886455317,-0.013594000935773088,-0.020751400498235942,0.14991337776147903,-0.010356731875719217,0.019714462752437437,-0.05484389028692826,0.1289470023647239,-0.27624274459717496,-0.020220286043070853,0.4174180250129617,0.10669077757685352,-0.10143021535426598,0.10019094829221412,0.2857522224610832,-0.050822595126392596,0.2808204453774074,-0.12694900036672188,0.21491167060787314,0.23618153997900834,0.11058561691473084,0.04970978388699908,-0.1060079161344984,-0.32738147928021344,0.21081450195374246,0.15107677132993588,0.2447046624261814,0.14189607860493936,-0.1512538094816576,-0.214001188684733,-0.3210839793118274,-0.21986873885608063,-0.19379354822392797,0.08754536602637869,-0.24799251381529863,-0.0036545732748264393,-0.29867600753676704,-0.1997622630534023,-0.17490104831876985,-0.22338421072598288,0.3362586780308299,0.18084447198371248,-0.005323790133916716,-0.059598629218882385,-0.15327710264419125,-0.2119020220286043,0.0006702158600892778,-0.0339786795482998,0.13304417101885457,0.028111129376952163,0.11286182172258122,0.20219021484844268,0.30206502358401094,0.25315191137975945,0.24728436120841185,0.185877413725515,-0.3028996320135561,-0.31835253354240695,-0.18992400005058233,0.0010242921635326698,0.2481695519670203,0.30128099748352916,-0.03731711326648036,-0.026138418543481836,0.5389420705876402,0.30345603763325285,0.16223017488840275,0.028414623351332213,0.03949215341620405,-0.016249573211598527,-0.06404987417645645,0.09101025556721759,-0.02163659125684442,0.3369921218022484,0.12495099836871988,-0.0018083182640144665,0.2696923329834722,0.3101581962341456,0.35924834659011873,0.03162660124685441,0.1300598136041174,-0.20160851806421426,-0.19270602814906612,0.34199977237951923,0.17401585756016136,0.04905221360917564,0.32133689095714413,0.11050974342113583,0.16579622908736832,-0.048445225660415536,0.08038796646391583,-0.1933383072623579,0.06430278582177316
#58,-0.34136749326622745,-0.024620948671581582,-0.1332717914996396,-0.19442582733721975,0.2632936683569595,0.07803588816247044,0.6038644899404393,-0.1757103655837833,0.30914654965287874,-0.057575336056348715,0.18400586755017134,0.08445984395351484,0.16045979337118577,1.0,0.15163317694963266,-0.09207248447754778,-0.24336423070600285,0.17305479330795787,-0.1742434780409464,-0.08542090820571833,-0.17778424107538032,-0.1099280466369074,-0.0339786795482998,-0.06860228379215721,0.1613955664588576,0.10342821735226798,-0.3021661882421376,-0.3845648022863213,0.46835443037974683,-0.005045587324068337,-0.19538689158942324,0.08147548653877767,-0.015010306149546656,-0.04657367948507189,0.33668862782786835,0.18008573704776237,0.5159018196992881,0.44048356706584557,-0.13372703246120968,-0.2348158170942981,-0.11561855865653334,-0.21081450195374246,0.451358767814464,-0.07204188216846445,0.3296071017590005,-0.07611375965806345,-0.4027744407491243,-0.2041882168464447,-0.4037102138367961,-0.5264988176380582,-0.013012304151544658,-0.13306946218338622,-0.41721569569670836,-0.32148863794433413,-0.07146018538423601,-0.3743218806509946,0.01895572781648731,-0.32424537487828625,-0.15373234360576132,-0.1586135383603738,0.21569569670835492,0.14252835771823114,0.4533820609769977,0.3725514991337776,-0.0737363901920864,-0.12487512487512488,0.8525019284512956,0.60780991160738,0.4096789286662704,0.5126898418037659,0.25178618849504925,0.2192870420718522,-0.07378697252114974,-0.34483238280706635,0.031753057069512765,-0.14837061672504712,0.023609302090314747,-0.05299763527611629,0.5344402433010028,0.2899252646088089,0.17983282540244566,-0.1451586388295249,0.49549184992222967,0.4184043804296969,0.3611704750945257,-0.015895496908155136,0.2943512184018513,-0.36906131842840706,-0.25778019448905526,0.4867916893233349,0.27148800566522086,0.5096549020599653,0.34086166997559403,0.14925580748365558,0.16693433149129352,-0.2414168110370642,0.40403899897570783,-0.19713198194210851,-0.30082575652195903,-0.22725375889932853,-0.3979691194881068,-0.0804132576284475,0.30375953160763286,0.04098433212357263,0.12550740398841664,-0.12947811681988897,-0.07247183196550284,0.2791006461892538,0.4851983459578396,-0.25181147965958095,0.018702816171170603
#101,0.20702082727399182,-0.003553408616699756,0.16726311663020524,0.10535034585667497,-0.10264419125178618,-0.041211952604357664,0.30479646935343135,0.5447084561008612,0.23868536526764375,0.19832066667509707,0.384969460918828,0.1380265304315937,-0.016350737869725213,0.15163317694963266,1.0,0.31741676045473516,0.3293541901136838,0.10231540611287447,0.01597137040175015,0.22568570669836494,0.36453419997723796,0.087444201368252,-0.08028680180578915,-0.3150899733178214,-0.03506619962316165,-0.350624059484819,-0.14070739387195083,-0.3965275231098016,0.06576967336461008,-0.07062557695469088,0.031398980766069375,-0.2832483971724478,0.2088670822848038,-0.18618090769989504,0.060256199496705826,0.06662957295868688,-0.12578560679826503,-0.028515788009458896,-0.2330707267416128,-0.3979691194881068,0.020624944675577586,-0.011343087292454382,0.20249370882282275,0.15709606848847354,0.10148079768332934,-0.29890362801755205,-0.5813047711781889,-0.28719381883938844,-0.005273207804853374,-0.05747417139822203,0.08913870939187395,0.035749061065516764,0.11187546630584605,-0.10947280567533732,0.14295830751526953,-0.07871874960482556,-0.1781636085433554,-0.169817524247904,-0.19786542571352697,-0.5030033257881359,-0.23618153997900834,-0.35775616788275016,0.19179554622592598,0.21453230313989807,-0.18347475309500627,-0.09366582784304303,0.1937682570593963,0.3130160978262244,0.4915717194198207,0.40350788452054276,0.37050291480671227,0.4566446212015832,0.42477775389167793,0.2890653650147321,-0.06427749465724149,-0.19690436146132348,-0.2557821924910533,-0.2546693812516597,0.30140745330618746,-0.07869345844029388,-0.3111445516508808,0.09652372943512184,0.19536160042489156,-0.14902818700287054,-0.019891500904159132,-0.2844370819054363,-0.3231831459679561,-0.2359539194982233,-0.033068197625159654,0.1435147131349663,0.1664285082006601,0.3441748125292429,-0.1880524538752387,-0.21723845774478687,-0.04976036621606242,0.2415938491887859,-0.11025683177581912,0.1405556468847608,-0.1364078959015668,0.09075734392190088,-0.13941754448083563,0.11212837795116276,-0.08324586805599464,0.21647972280883673,0.09862289609125052,0.3136230857749845,-0.10213836796115278,-0.32980943107525384,-0.14556329746203164,-0.03526852893941502,-0.37743269388839007
#102,0.09778828766170539,0.07037266530937417,0.22386474285208463,-0.02570846874644343,0.05833407099229884,0.06369579787301306,0.06769180186901706,0.055501460564751706,-0.019082183639145666,0.09556266518291835,0.28964706179896055,0.10542621935026998,0.15173434160775934,-0.09207248447754778,0.31741676045473516,1.0,0.1534794319604446,0.4754359564486147,0.1689323334892955,0.4212116996927123,-0.2395958471907839,0.4599324725907004,0.06382225369567142,0.37955715170905047,-0.09520858887947496,0.1656444821001783,0.08043854879297917,0.18686376914225014,-0.028187002870547175,0.20674262446414346,0.07333173155957966,0.020928438649957637,0.08860759493670886,0.046826591130388596,-0.20987872886607065,0.21248371881283273,-0.2845129553990314,0.14280656052807952,-0.011140757976201014,0.14192136976947103,-0.24918119854828716,0.026922444643963633,-0.04460096865160156,0.6196208854436702,0.24569101784291658,0.19192200204858434,0.11602321728904007,-0.036103137368960155,-0.07930044638905398,0.2251040099141365,0.075380315886645,0.09052972344111584,0.1810215101354342,0.3024949733810493,-0.2607139695747291,0.3624856156501726,-0.5842638374283944,-0.1147839502269882,-0.16516394997407655,0.031753057069512765,-0.4225015490838276,-0.5043437575083145,-0.04740828791461703,0.04695304695304695,0.04202126986937114,0.05909280592824897,-0.24301015440255946,-0.04538499475208336,0.26235789526928766,0.27624274459717496,0.418859621391267,0.29910595733380546,0.20527573692130655,0.23668736326964174,-0.5369440685896382,-0.3867651336005766,-0.5709606848847355,-0.44837441039972686,0.14336296614777627,0.491318807774504,-0.39662868776792826,-0.025303810113936696,0.13231072724743612,0.060610275800149216,0.19955993373714892,-0.14710605849846356,-0.29012759392506227,0.028971028971028972,0.11346880967134132,0.11162255466052934,0.03334640043500803,0.02717535628928034,0.16915995397008055,-0.3878779448399702,0.01341696278405139,0.32295552548717105,0.46382731192857773,0.055931410361790106,0.10067148041831586,-0.029704472742447426,-0.028793990819307273,0.19085977313825414,0.08402989415647644,-0.1210308678663109,-0.048799301963858926,-0.015693167591901768,0.11918461285549893,-0.55770811467014,-0.4383085269161219,-0.1794534579344706,-0.5579104439863933
#201,0.7237193186560276,0.5850984458579396,0.7153985255251079,0.7085699111015566,-0.4624615890438675,0.29086103769648075,0.334715916994398,0.5954425321513929,0.5267770204479065,0.8098863162154302,0.47022597655509046,0.031171360285284336,0.1965502851578801,-0.24336423070600285,0.3293541901136838,0.1534794319604446,1.0,0.4112975631962974,0.1100039201305024,0.04070612931372425,0.022218288041072853,-0.042122434527497817,-0.21516458225318985,-0.3814286978843941,-0.11577030564372337,-0.1975872229036786,0.05775237420807041,0.23147738337611756,0.06083789628093426,0.038455215670405545,0.49091414914199727,-0.18243781534920775,0.5247284361208412,0.17717725312662022,-0.06480860911240659,0.0880511893170121,-0.4079844206426485,-0.023128769964213,-0.1473336789792486,-0.10140492418973432,-0.2006221626474791,-0.09260359893271286,-0.3269768206477067,0.06688248460400359,-0.36815083650526687,-0.41678574589966993,-0.3274573527738085,-0.14338825731230795,0.31592458174736654,0.11480924139151988,0.43608290443733483,0.4261181856118565,0.29771494328456355,-0.0506455569746709,-0.18461285549893144,0.17082917082917082,-0.4788755548249219,-0.19920585743370553,0.037772354228050434,-0.4346160168944979,-0.1444757773871698,-0.4537361372804411,-0.1481177050797304,-0.19045511450574742,0.44675577586969994,0.2317050038569026,-0.19485577713425814,-0.03311877995422299,0.3063139392253316,0.3419238988859242,0.5356036368694597,0.7120095094778639,0.3277608467481885,0.4004476536122106,-0.463422653296071,-0.45070119753664056,-0.4301141896078605,-0.32659745317973166,-0.027327103276470366,-0.06215303683658114,-0.4301647719369238,-0.4315052036571024,-0.23251432112191606,-0.08681192225496023,-0.298524260549577,-0.11099027554723757,-0.2327419416027011,-0.1568684480076885,-0.31311726248435107,-0.1807433073255858,-0.4614752336271324,0.30117983282540245,-0.5199989883534187,-0.09619494429621012,-0.13347412081589297,0.8005538765032436,0.03127252494341102,0.7161825516255896,0.4144083764336929,0.5973140783267366,0.5164076429899215,0.5388409059295135,-0.354620063480823,0.386739842436045,0.3136230857749845,0.5814818093299106,0.4722998520466875,-0.3682267099988619,-0.427003376370465,-0.08003389016047244,-0.3645847823063013
