,#10,#11,#12,#13,#17,#18,#26,#49,#50,#51,#52,#53,#54,#58,#101,#102,#201,#202,#301,#302,#401,#402,#501,#502,#601,#602,#701,#702,#801,#802,#901,#902,#1001,#1002,#1101,#1102,#1201,#1202,#1301,#1302,#1401,#1402,#1501,#1502,#1601,#1602,#1701,#1702,#1801,#1802,#1901,#1902,#2001,#2002,#2101,#2102,#2201,#2202,#2301,#2302,#2401,#2402,#2501,#2502,#2601,#2602,#2701,#2702,#2801,#2802,#2901,#2902,#3001,#3002,#3101,#3102,#3201,#3202,#3301,#3302,#3401,#3402,#3455,#3501,#3502,#3601,#3602,#3701,#3702,#3801,#3802,#3901,#3902,#4001,#4002,#4101,#4102,#4201,#4202,#4301,#4302,#4401,#4402,#4501,#4502,#4601,#4602,#4701,#4702,#4801,#4802
#10,1.0,0.7142857142857143,0.4399271614461488,0.5411424019018956,-0.02770647074444543,0.264102985621973,0.449436639310057,0.36132222208171577,0.5738185864768143,0.6046738072054528,0.5209347614410905,0.0872671632165303,0.19470403014706814,-0.13354999430948797,-0.4246512980690196,-0.14121321716258425,0.5883862972470567,0.036785998811315265,-0.18484047597971648,0.03787351888617711,-0.3698959268579522,0.03663425182412524,-0.06410045650551979,0.030007966716827476,0.059699793877009064,-0.02515206312674667,0.1122801249383528,0.25138152986254253,-0.37080640878109233,-0.2815285979842942,0.007119462815665347,-0.3111445516508808,0.21180085737047763,-0.043842233715651435,-0.36468594696442796,-0.01275939250622795,-0.4401041995978705,-0.09589145032183007,-0.05433806699629484,-0.011191340305264356,-0.24925707204188216,-0.03714007511475866,-0.41061470175394227,-0.3167086078478484,-0.15014099824226407,0.019360386448994044,0.050240898342164164,0.1514055564688476,0.21620151999898835,-0.03129781610794269,-0.043867524880183105,0.07646783596150684,0.1909862289609125,0.04508150077770331,-0.06250711314002454,0.07280061710441457,0.02783292656710378,-0.010382023040250888,0.3899265291670355,0.27849365824049366,-0.12978161079426903,-0.048799301963858926,-0.1327406770444745,-0.04002326787136914,0.1952351446022332,-0.02838933218680054,-0.041439573085142706,-0.2505469214329974,-0.22095625893094248,-0.026366039024266874,0.22571099786289658,0.05856169147308388,-0.08767182184903703,0.2900264292669356,0.06928514523451232,0.09146549652878767,0.04495504495504495,0.13481455253607152,-0.26132095752348916,-0.31863073635225536,-0.12391406062292139,-0.2010521124445175,-0.38001239267062054,0.11597263495997673,0.3774832762174534,0.2880284272689336,0.16202784557214936,0.017868207741625463,-0.09303354872975127,0.3222979552093476,-0.12029742409489246,0.09538562703119666,-0.08339761504318466,-0.03865754498665891,0.10259360892272285,0.0964731471060585,0.12070208272739918,0.1240658076101114,0.11136964301521264,0.17811302621429204,0.2041882168464447,0.1658215202519,-0.3851464990705497,0.07285119943347791,0.09616965313167845,0.13094500436272588,0.33701741296678006,-0.18605445187723668,-0.006234272057056867,-0.09589145032183007,-0.005804322260018462
#11,0.7142857142857143,1.0,0.5750072712098029,0.43317442051619265,-0.023710466748441433,0.28590396944827323,0.37599109751008486,0.326799782495985,0.5838844699604193,0.7122877122877123,0.5904601727386537,-0.1803133575285474,-0.10148079768332934,-0.0032752058068513763,-0.7559149711048445,-0.12487512487512488,0.5864641687426497,0.3315545214279392,-0.39379607734038113,-0.14708076733393188,-0.35497413978426634,-0.1690334981474222,0.009775035091490789,-0.1355985786365533,-0.28041578674490064,-0.22386474285208463,0.1920484578712427,0.31428065605280797,-0.20972698187888061,-0.13203252443758773,0.39761504318466345,-0.05595670152632178,0.16212901023027607,0.03693774579850529,-0.16941286561539726,0.0034775351231047433,-0.36906131842840706,-0.23514460223320982,-0.40148459135800907,-0.07011975366405745,-0.1864844016742751,-0.03466154099065492,-0.45707457099862164,-0.3238660074103112,-0.2832989795015112,-0.16268541584997281,-0.03418100886455317,0.28173092730054755,0.28590396944827323,0.20310069677158285,0.23276723276723277,0.30671859785783834,0.3879285271690335,0.153757634770293,-0.045157374271298324,0.20598388952819333,-0.26703676070764676,-0.1351939200040466,0.41218275395490583,0.07785885001074874,-0.009648579268832433,0.18097092780637083,-0.3695418505545088,-0.33919245311650376,0.3884343504596669,0.3477408667282085,-0.37057878830030727,-0.40262269376193427,-0.3282160877097586,-0.06268415129174623,0.2732078048533745,0.26541812617761984,-0.2225748934609694,-0.04490446262598161,-0.1973343112583619,-0.05656368947508188,0.17902350813743217,0.25492229289697643,-0.5943297209119994,-0.2731825136888428,-0.234284702639133,-0.45811150874442014,-0.26230731294022436,0.18946875908901226,0.026391330188798544,0.32459945118172967,0.23597921066275496,-0.09477863908243656,-0.08701425157121359,0.1218148939667927,-0.42538474184043806,-0.023305808115934697,-0.35669393897241997,0.22002048584327066,0.13177961279227102,0.09677664108043856,0.25492229289697643,0.4437208361258994,0.3350952844623731,0.34546466192035813,0.3907864287611123,0.2951605356668648,-0.3664057461525816,0.2944270918954463,0.20980285537247562,0.00896571782647732,0.4290519606975303,0.046194312017096825,0.2748517305479331,0.1720684378912227,0.1764943916842651
#12,0.4399271614461488,0.5750072712098029,1.0,0.549791980171727,0.1522654560629244,0.5915729839780473,0.5297613778626437,0.08531974354759164,0.22224610832205768,0.6594038872519885,0.3408363788110624,0.3464257261725616,0.18828007435602373,-0.09715600854841361,-0.38266796494644595,0.07211775566205945,0.7840134548995309,0.6283463372070967,-0.43206160927679915,0.09230010495833281,-0.0677423841980804,-0.10967513499159069,-0.08294237408161459,-0.2576537386663969,-0.3319338888959142,-0.2634707065086812,0.1101809582822241,0.07715069740386196,-0.32490294515610973,-0.360841689955614,0.2914680256452408,-0.2974873228037785,0.4602612577296122,-0.20937290557543722,-0.17669672100051848,-0.362687944966426,-0.3672150634175951,-0.4308982157083423,-0.5099836871988771,-0.21432997382364471,-0.36096814577827235,-0.3705534971357756,-0.4034573021914794,-0.44437840640372284,-0.3533555052542394,-0.18511867878956487,0.22644444163431504,0.2708557265519291,0.14768775528269198,0.20120385943170754,0.4843637375282945,0.5342884963138128,0.5603636869459654,0.3232590194615511,0.047888820040718774,0.24055691144298738,-0.46607822557189643,-0.48016540421603715,0.24222612830207768,-0.038758709644785595,-0.27325838718243783,-0.025556721759253404,-0.5651437170424513,-0.5495137773618787,0.3695418505545088,0.2308198130982941,-0.5569746708987215,-0.10180958282224105,-0.25477054590978643,-0.19594329720912,0.3460716498691182,0.3034813287977845,-0.26349599767321286,0.06797000467886544,-0.3343871318554863,-0.21956524488170057,0.041515446578737715,0.09925517520454229,-0.47634643837175483,-0.45538006297499967,0.20219021484844268,0.0060319427408035,0.037797645392582103,0.30785670026176354,0.173889401737503,0.1447286890324865,0.2522414294566193,0.26299017438257943,0.16847709252772544,0.16804714273068702,-0.556013606646518,-0.009193338307262358,-0.3620556658531342,0.24569101784291658,0.24053162027845573,0.16159789577511097,-0.1193869421717523,0.7473665574931397,0.6905626019550071,0.542331086634884,0.5968335462006348,0.7244274712629143,-0.12545682165935332,0.6313306946218339,0.22619152998899833,0.5792814780156552,0.4727803841727892,-0.09713071738388195,0.005096169653131678,0.06278531594987291,-0.1473336789792486
#13,0.5411424019018956,0.43317442051619265,0.549791980171727,1.0,-0.14465281553889148,0.4729827134890426,0.338408427016022,-0.14844649021864212,0.17265013467545112,0.7766790171853463,0.36966830637716713,0.0798062696796874,0.05099963327811429,0.021257223788869357,-0.13314533567698125,-0.24685441141137343,0.5579104439863933,-0.0986481872557822,-0.03966919156792575,0.13661022521782015,-0.41390255314305946,-0.1565396628687768,-0.13413169109371642,-0.32022407971775063,-0.2797582164670772,0.1163520024279518,0.165745646758305,0.25300016439256945,-0.13585149028187002,-0.0001643925694558606,0.09702955272575525,-0.17669672100051848,0.2214620822215759,0.062304783823771165,-0.006866551170348639,0.046472514826945206,-0.13074267504647252,0.04288116946344794,-0.1321336890957144,0.1293516609972306,0.09758595834545201,0.1743193515345414,-0.27444707191542633,0.0514295830751527,-0.3385854651677436,-0.2646593912416697,0.376901579433225,0.30424006373373463,0.31127100747353914,0.16384880941842966,0.20312598793611453,0.18822949202696038,0.47753512310474333,-0.03774706306351876,0.024393328190796544,-0.06630078781977516,-0.18319655028515788,-0.0645304063025582,0.5437473918486577,0.10223953261927946,-0.3073761681356618,-0.41132285436082905,-0.22593861834368165,-0.27712793535578345,0.4336549526422944,-0.05843523565042552,-0.10514801654042161,-0.17082917082917082,-0.36071523413295564,-0.09505684189228493,-0.18607974304176836,-0.137697745292682,-0.20709670076758685,0.17902350813743217,-0.025582012923785077,0.0574994625627537,-0.2570214595531051,-0.15691903033675186,-0.12505216302684657,-0.3701488385032689,-0.04594140037178012,-0.0818042716776894,-0.1981942108524387,0.06286118944346793,0.268326610098762,-0.08703954273574527,-0.06541559706116667,0.16465812668344315,0.18868473298853045,0.20449171082082473,-0.16941286561539726,0.23620683114354,-0.2718673731331959,-0.035799643394580104,-0.02659365950505191,-0.18888706230478383,-0.17421818687641472,0.248118969637957,0.2678966603017236,0.28835721240784534,0.23200849783128263,0.26888301571845874,-0.4747783861707912,0.2251798834077315,0.1807433073255858,0.3861834368163482,0.26405240329290963,-0.5058865185447464,-0.2999911480924139,-0.06850111913403052,-0.08499095840867993
#17,-0.02770647074444543,-0.023710466748441433,0.1522654560629244,-0.14465281553889148,1.0,0.16847709252772544,-0.1193869421717523,0.06116668141984598,-0.026973026973026972,0.04910279593823898,0.14164316695962265,0.4630938681571593,0.27583808596466824,0.2758886682937316,0.2171120019221285,-0.2471579053857535,0.12105615903084258,0.09376699250116971,0.1460438295881334,0.2797582164670772,-0.01159599893777109,0.015263217794863365,-0.08752007486184701,0.18800187154617534,0.13256363889275283,0.31053756370212066,-0.30644039504799,0.11920990402003061,0.32232324637387927,0.24508402989415648,0.20125444176077087,0.2975884874619052,0.2367379455987051,0.12932636983269893,0.3469821317922584,0.15433933155452143,0.23491698175242479,0.07957864919890237,-0.05137900074608935,0.28719381883938844,0.23491698175242479,0.15244249421464612,0.4893713881055653,0.07801059699793877,0.21893296576840882,0.1101809582822241,0.029400978768067375,-0.15803184157614536,-0.36152455139796913,-0.24313661022521782,-0.13592736377546505,-0.0213078061179327,-0.18731901010382024,-0.04245121966640954,-0.25343011418960787,-0.250116971635959,-0.43504596669153633,-0.4559870509237598,-0.0691333982473223,-0.2480936784734253,-0.025607304088316747,0.018196992880537183,0.26205440129490765,-0.011747745924961115,-0.1595746026125773,0.0036545732748264393,0.03187951289217112,0.40125697087722406,0.26827602776969867,0.008864553168350636,0.030260878362144184,-0.06807116933699212,-0.246272714627145,-0.18084447198371248,-0.378823707937632,-0.47313446047623264,-0.4144336675982246,-0.3862087279808799,0.040857876300914274,0.13663551638235183,0.2331718913997395,0.4351724225141947,0.4115251836770824,0.3341342202101696,0.5024216290039075,0.2022913795065694,0.17333299611780625,0.46142465129806903,0.2611945017008308,0.4698719002516471,0.13939225331630395,0.39637577612261155,0.1568684480076885,0.4084902439332819,0.24030399979767067,-0.12525449234309993,-0.025506139430190065,0.3689348626057487,0.26640448159435504,-0.026922444643963633,0.030210296033080845,0.022344743863731205,0.39394782432757114,0.3748782862706913,0.23891298574842879,0.06867815728575222,0.20681849795773846,-0.25871596757672705,-0.052921761782521275,0.10476864907244654,-0.15057094803930246
#18,0.264102985621973,0.28590396944827323,0.5915729839780473,0.4729827134890426,0.16847709252772544,1.0,0.2523173029502143,-0.21028338749857736,0.046851882294920266,0.501157070777324,0.18286776514624617,0.41610288445731486,0.5138785265367544,0.30788199142629524,-0.17383881940843965,0.05815703284057715,0.43777741246095675,0.21405177101379633,-0.21880650994575046,0.2514068210270742,-0.18544746392847658,0.013467545113114734,-0.1398727854424057,0.13800123926706206,-0.15330239380872293,0.24235258412473604,0.018778689664765615,0.2809974835291291,-0.005096169653131678,0.06422691232817815,0.4827703941627992,-0.02037203303026088,0.1809203454773075,0.13843118906410046,0.0860531873190101,0.121637855815071,-0.09399461298195476,0.12917462284550893,-0.2677954956435969,0.26268668040819937,-0.041768358224054426,0.11091440205364256,-0.013239924632329696,-0.13757128947002364,-0.15562918094563663,0.08172839818409439,0.3584137381605736,0.054236902338168164,0.10148079768332934,-0.07930044638905398,0.25300016439256945,0.3710846115909407,0.1812744217807509,-0.0024153062127745674,-0.25542811618760985,-0.032410627347336206,-0.40687160940325495,-0.3953135472122814,0.04922925176089733,-0.06111609909078264,-0.20762781522275192,-0.11111673136989593,0.018702816171170603,-0.35082638880107236,0.14596795609453836,0.10547680167933332,0.026138418543481836,0.16999456239962568,-0.09563853867651335,0.20342948191049456,0.16845180136319376,0.08908812706281061,-0.31959180060445885,-0.02484856915236662,-0.2937695216176229,-0.24136622870800087,-0.2336018411967779,-0.20618621884444668,-0.10266948241631786,-0.017084181641143666,0.21010634934685568,0.2457416001719799,-0.07014504482858913,0.3154946319503282,0.3696177240481038,0.0858002756736934,0.21481050594974646,0.32022407971775063,0.33474120815892966,0.2906334172156957,-0.016477193692383565,-0.01599666156628182,0.00395806724920649,-0.020549071181982573,0.10026682178580913,-0.2526460880891261,-0.10972571732065403,0.5586438877578118,0.4812276331263673,0.5427610364319225,0.42214747278038417,0.41339672985242604,-0.13921521516458224,0.25403710213836794,-0.05231477383376117,0.5781939579407934,0.12578560679826503,-0.26352128883774456,-0.05818232400510882,-0.1212079060180326,-0.2640776944574413
#26,0.449436639310057,0.37599109751008486,0.5297613778626437,0.338408427016022,-0.1193869421717523,0.2523173029502143,1.0,0.26261080691460437,0.3409122523046574,0.5318605445187724,0.43828323575159017,0.27209499361398093,0.26185207197865423,-0.06893106893106893,-0.33661275433427335,0.20654029514789007,0.5338585465167743,0.3431884571125077,-0.49791980171727007,-0.06349346855675969,0.20712199193211853,0.18215961253935936,0.28787668028174357,0.016123117388940175,-0.1373689601537703,-0.24551397969119487,0.08031209297032083,-0.23405708215834797,-0.26713792536577347,-0.28623275458718495,0.14002453242959573,-0.288230756585187,0.25899417038657546,-0.37548527421945144,-0.31723972230301345,-0.32862074634226535,-0.4579091794281668,-0.41324498286523603,-0.4256629446502864,-0.26349599767321286,-0.49872911898228356,-0.4122333362839692,-0.4560629244173548,-0.47303329581810594,-0.28069398955474906,-0.04429747467722151,-0.1658215202519,-0.11382288597478471,-0.06076202278733924,-0.12239659075102113,0.10934634985267896,0.09427281579180313,0.4855018399322197,0.1751033776350232,0.2827172827172827,0.3194653447818005,-0.07755535603636869,-0.13420756458731142,0.2841841702601196,0.16377293592483466,0.057651209549943724,0.23312130907067616,-0.4402559465850605,-0.4385614385614386,0.1482694520669204,0.12644317707608846,-0.302368517558391,0.1379506569379987,-0.3219438789059042,-0.18365179124672795,0.42002301495972383,0.2672643811884318,-0.11372172131665803,0.08868346843030388,-0.186029160712705,-0.07864287611123054,0.2963492203998533,0.31132158980260244,-0.3350699932978414,-0.2451346122232198,0.13286713286713286,-0.10297297639069791,0.05886518544746393,0.15580621909735834,-0.02838933218680054,0.21271133929361777,0.21921116857825718,-0.016704814173168603,0.0980411993070221,-0.09245185194552283,-0.4838073319085977,-0.05980095853513575,-0.2810986481872558,0.25856422058953704,0.2348158170942981,0.2130401244325295,-0.12297828753524956,0.2240417810038063,0.20198788553218933,0.25623743345262334,0.26916121852830716,0.5395490585364003,-0.14336296614777627,0.07899695241467393,-0.21880650994575046,0.22434527497818638,0.13097029552725756,0.19126443177076088,0.29693091718408177,0.20203846786125268,0.13375232362574135
#49,0.36132222208171577,0.326799782495985,0.08531974354759164,-0.14844649021864212,0.06116668141984598,-0.21028338749857736,0.26261080691460437,1.0,0.3866892601069816,0.1840564498792347,0.4033814286978844,-0.07186484401674276,-0.099508086849859,-0.11561855865653334,-0.21635326698617838,0.10249244426459617,0.1822354860329544,0.16594797607455836,-0.08344819737224801,-0.03521794661035167,0.1745722631798581,0.17737958244287358,-0.07444454279897318,0.20578156021193997,0.10309943221335627,-0.18661085749693346,-0.057600627220880385,-0.11781888997078871,-0.30375953160763286,-0.3802147219868739,0.01695772581848531,-0.15856295603131046,0.2206780561210941,-0.10572971332465003,-0.3701235473387372,-0.25952528484174053,-0.3063139392253316,-0.2206021826274991,-0.048824593128390596,-0.09305883989428293,-0.463346779802476,-0.23992463232969563,-0.2004704156602891,-0.2700464092869156,0.05686718344946193,0.24483111824883977,-0.36195450119500755,-0.2355998431947799,-0.3389901238002504,-0.16040921104212244,-0.2777349233045436,-0.0859773138254151,-0.04670013530773025,0.07047382996750086,-0.05380695254112976,0.314356529546403,-0.09976099849517571,0.1476624641181603,-0.022850567154364624,-0.010027946736807496,-0.05130312725249434,0.048849884292922266,-0.1801363193768257,-0.04429747467722151,0.16126911063619925,0.20628738350257336,-0.1508997331782142,0.032410627347336206,0.25874125874125875,0.11612438194716676,0.44053414939490887,0.34144336675982245,0.21832597781964871,0.06910810708279062,-0.0006955070246209487,0.01829815753866387,0.13850706255769546,0.08721658088746696,-0.29303607784620445,-0.02684657115036862,-0.020726109333704272,-0.09025152063126747,-0.05856169147308388,0.34412423020017957,-0.032031259879361146,0.45722631798581165,-0.0382275951896205,-0.030336751855739197,-0.10615966312168844,0.03759531607632873,-0.13691371919220022,-0.09761124950998369,0.059952705522325775,0.11528977351762162,0.06081260511640259,0.26883243338939544,0.30168565611603587,0.06541559706116667,0.05173307704953275,-0.1433376749832446,0.012101822228404507,0.05775237420807041,-0.12338294616775629,-0.04303291645063797,-0.1278088999607987,-0.18428407036001973,0.06349346855675969,-0.008839262003818966,0.16233133954652942,-0.10959926149799568,-0.15987809658695734
#50,0.5738185864768143,0.5838844699604193,0.22224610832205768,0.17265013467545112,-0.026973026973026972,0.046851882294920266,0.3409122523046574,0.3866892601069816,1.0,0.3974632961974734,0.5071763679358616,-0.06045852881295919,0.15717194198206857,-0.29698149951314506,-0.4457188381239014,-0.1355227051429583,0.3819851035040909,0.03187951289217112,-0.340785796481999,-0.4199218503015971,-0.08539561704118666,-0.15122851831712592,0.1759885683936317,0.11647845825061015,-0.02065023584010926,-0.27945472249269715,0.09336233386866298,-0.0718142616876794,-0.1949063594633215,-0.28754789514283186,0.062254201494707825,-0.062355366152834504,-0.013796330252026454,0.0098509085850858,-0.3565927743142933,-0.19356592774314293,-0.3822127239848759,-0.2544417607708747,-0.14528509465218326,-0.2269249737604168,-0.32884836682305035,-0.21847772480683872,-0.3918233665069108,-0.36498944093880803,-0.15922052630913391,0.0032499146423197057,-0.30135687097712416,0.08284120942348791,0.22758254403824024,0.1587905765120955,0.10312472337788793,0.0007966716827476321,0.24773960216998192,0.06187483402673276,0.11789476346438371,0.0174888402736504,0.24030399979767067,-0.017640587260840425,0.537500474209335,0.3382819711933636,0.039441571087140706,0.2912909874935191,-0.15828475322146207,0.037089492785695316,-0.0008725451763426447,0.0007207981891526195,-0.26205440129490765,-0.23511931106867814,-0.23792663033169362,-0.1547186990224965,0.2172131665802552,0.09763654067451535,0.12993335778145904,0.1470554761694002,-0.030134422539485832,-0.007296500967387044,0.2097522730434123,0.3209322323246374,-0.22103213242453748,-0.15889174117022217,-0.2824137887429027,-0.42381668963947444,-0.11890641004565056,0.10815766511969044,-0.017539422602713742,0.21905942159106717,0.21073862846014746,-0.20482049595973648,-0.465420655294073,0.04948216340621404,-0.2647605558997964,-0.053199964592369656,-0.1060079161344984,0.11061090807926251,0.4420769104313408,0.32958181059446884,0.08602789615447844,-0.02037203303026088,-0.15927110863819724,0.03625488435615018,0.02188950290216113,0.0964731471060585,-0.3333501941096878,-0.08860759493670886,-0.0657443822000784,-0.33651158967614664,0.18461285549893144,0.1695393214380556,0.20681849795773846,0.09616965313167845,0.27535755383856647
#51,0.6046738072054528,0.7122877122877123,0.6594038872519885,0.7766790171853463,0.04910279593823898,0.501157070777324,0.5318605445187724,0.1840564498792347,0.3974632961974734,1.0,0.7054338066996295,0.14154200230149597,0.13691371919220022,0.189949291215114,-0.4337308261358894,-0.2852463991704498,0.7194451118501751,0.16228075721746607,-0.18585212256098332,0.11855233374220717,-0.22239785530924772,-0.14695431151127353,-0.030134422539485832,-0.23350067653865123,-0.32659745317973166,-0.03101961329809431,0.11288711288711288,0.1587147030185005,-0.0514295830751527,-0.034762705648781596,0.3392430354455671,-0.04841993449588386,0.2361056664854133,0.024266872368138192,-0.029679181577915756,0.04007385020043248,-0.1936670924012696,-0.11045916109207249,-0.34847431049962696,0.04030147068121752,-0.11837529559048546,0.0804132576284475,-0.30082575652195903,-0.133625867803083,-0.4224762579192959,-0.2912909874935191,0.14505747417139822,0.1732065402951479,0.06880461310841057,0.008206982890527193,0.09609377963808344,0.1427306870344845,0.4514599324725907,-0.06582025569367342,0.0028705471743446427,0.029653890413384083,-0.3818586476814325,-0.16865413067944712,0.5306718597857838,-0.06819762515965047,-0.10704485388029691,-0.06508681192225496,-0.3878273625109068,-0.5595796608454836,0.45697340634049494,0.20987872886607065,-0.2616750338269326,-0.07249712313003452,-0.25004109814236397,-0.013872203745621467,0.17490104831876985,0.1915173434160776,-0.17429406037000975,0.015187344301268352,-0.18028806636401573,-0.06857699262762554,-0.02598667155629181,0.06367050670848139,-0.432997382364471,-0.32078048533744735,0.0005437600374309235,-0.10340292618773632,-0.10077264507644254,0.3979691194881068,0.2275319617091769,0.2535565700122662,0.1423007372374461,0.12452104857168149,0.15588209259095334,0.26938883900909216,-0.34255617799921595,0.2514826945206692,-0.37267795495643596,0.24326306604787618,0.16142085762338926,-0.15244249421464612,-0.11440458275901313,0.5158765285347564,0.43180869763148244,0.2732836783469695,0.23696556607949013,0.46473779385171793,-0.42245096675476423,0.23031398980766069,0.07001858900593078,0.27019815627410565,0.2224990199673744,-0.2628637185599211,0.07029679181577916,0.0868372134194919,-0.0295527257552574
#52,0.5209347614410905,0.5904601727386537,0.3408363788110624,0.36966830637716713,0.14164316695962265,0.18286776514624617,0.43828323575159017,0.4033814286978844,0.5071763679358616,0.7054338066996295,1.0,0.04710479394023698,0.04533441242302002,0.08789944232982208,-0.37806497300168185,-0.25590864831371163,0.561628245172549,0.08316999456239962,-0.15330239380872293,-0.005197334311258362,-0.054970346109586614,-0.13190606861492937,0.1676424840981803,-0.030210296033080845,-0.1494075544708456,-0.16627676121347007,0.2363079958016667,0.12287712287712288,0.056968348107588614,-0.009471541117110738,0.12930107866816729,0.06121726374890932,0.10547680167933332,-0.00954741461070575,-0.161901389749491,0.1214608176633493,-0.27444707191542633,-0.26534225268402484,-0.2237129958648946,-0.09151607885785101,-0.23398120866475297,-0.07262357895269288,-0.27303076670165277,-0.26551929083574655,-0.16830005437600373,-0.22469935128162977,-0.05504621960318163,0.04563790639740007,-0.06647782597149686,-0.1380518215961254,-0.1405556468847608,-0.018803980829297285,0.23190733317315596,-0.008358729877717219,0.013846912581089795,0.1102821229403508,-0.2169349637704068,-0.058941058941058944,0.45505127783608795,0.07667016527776022,-0.0852691612185283,-0.003553408616699756,-0.3522932763439093,-0.3752576537386664,0.2620796924594393,0.2050481164405215,-0.3069462183386234,-0.03625488435615018,-0.22082980310828412,-0.0454355770811467,0.2507745419137824,0.27722910001391016,0.07201659100393278,0.09948279568532734,-0.09862289609125052,-0.06321526574691132,0.06678131994587691,0.10861290608126051,-0.35497413978426634,-0.07484920143147991,-0.22082980310828412,-0.0323347538537412,-0.19720785543570354,0.29768965212003184,0.1729283374852995,0.2907092907092907,0.14278126936354785,0.10125317720254429,-0.07758064720090037,0.24394592749023128,-0.26142212218161587,0.1804903956802691,-0.17821419087241872,0.20674262446414346,0.24950998368719887,0.14371704245121966,-0.023735757912973103,0.214152935671923,0.09816765512968044,0.06425220349270983,0.01779233424803045,0.3340583467165746,-0.2590447527156388,-0.042780004805321264,-0.17889705231477385,-0.07206717333299612,0.052213609175634494,-0.16766777526271198,0.09027681179579913,0.06445453280896318,0.22265076695456443
#53,0.0872671632165303,-0.1803133575285474,0.3464257261725616,0.0798062696796874,0.4630938681571593,0.41610288445731486,0.27209499361398093,-0.07186484401674276,-0.06045852881295919,0.14154200230149597,0.04710479394023698,1.0,0.7891728524639917,0.18704080729397185,0.20992931119513397,0.03547085825566838,0.3786466697859103,0.17560920092565663,-0.0522894826692295,0.3884596416241986,0.1689576246538272,0.24703144956309514,-0.1505456568747708,-0.016148408553471844,0.05241593849188786,0.0787693319338889,-0.2748264393834014,-0.11564384982106501,-0.024949733810493303,-0.1290987493519139,0.041818940553117766,-0.12098028553724756,0.2502181362940857,-0.13501688185232488,0.0750262395832016,-0.17318124913061622,0.04723124976289533,0.0013277861379127202,-0.15856295603131046,-0.07823821747872381,-0.11556797632747,-0.23686440142136345,0.1547186990224965,-0.09470276558884154,-0.10565383983105502,0.037190657443822,0.08562323752197169,-0.2292011785682672,-0.3395718205844788,-0.36764501321463344,0.055476169400220036,-0.021914794066692802,0.027276520947407023,-0.11556797632747,-0.08347348853677967,-0.2671632165303051,-0.1664285082006601,-0.3345388788426763,-0.18532100810581822,-0.0961190708026151,-0.15982751425789402,-0.0584605268149572,0.01726121979286536,-0.15762718294363864,-0.18258956233639778,-0.20977756420794397,0.04288116946344794,0.5495137773618787,0.16996927123509403,0.1402015705813174,0.20178555621593597,0.1278088999607987,-0.02037203303026088,0.22662147978603675,-0.009471541117110738,-0.17057625918385413,-0.07838996446591383,-0.07153605887783103,-0.015010306149546656,-0.1334235384868296,0.6079363674300383,0.6772594494113482,0.4228303342227393,0.4593001934774087,0.5974405341493949,-0.01984091857509579,0.09298296640068791,0.4739690689057778,0.29182210194868424,0.531885835683304,0.11703486387030691,0.2553775338585465,0.14584150027188003,-0.002971711832471326,0.17151203227152595,-0.08585085800275674,-0.4899783760543254,0.3178720014163052,0.25995523463877895,0.12912404051644558,0.006284854386120209,0.43969954096536373,0.42406960128479115,0.1002921129503408,-0.22234727298018436,0.5319870003414308,-0.033194653447818,-0.15788009458895536,-0.20282249396173446,-0.23304543557708116,-0.4096030551726754
#54,0.19470403014706814,-0.10148079768332934,0.18828007435602373,0.05099963327811429,0.27583808596466824,0.5138785265367544,0.26185207197865423,-0.099508086849859,0.15717194198206857,0.13691371919220022,0.04533441242302002,0.7891728524639917,1.0,0.23554926086571656,0.1469037291822102,-0.0436146132348664,0.3004210978894523,0.09169311700957271,-0.017665878425372095,0.11536564701121663,0.2605369314230074,0.17075329733557582,-0.036710125317720256,0.22227139948658936,0.23883711225483378,0.14032802640397576,-0.29093691119007575,-0.254492343099938,-0.03954273574526739,-0.12211838794117275,0.10712072737389193,0.019132765968209006,0.19328772493329455,0.045789653384590095,0.05502092843864996,-0.06184954286220109,0.06306351875972128,0.07305352874973128,0.08208247448753778,-0.030134422539485832,-0.16387410058296134,-0.14746013480190695,0.11865349840033385,-0.2050734076050532,-0.09637198244793181,0.03865754498665891,0.06351875972129137,-0.14859823720583215,-0.2252051745722632,-0.34371957156767285,-0.0940451953110181,-0.12254833773821115,-0.15398525525107803,-0.23165442152783924,-0.08891108891108891,-0.23279252393176444,0.10820824744875378,-0.3166327343542533,-0.20681849795773846,-0.08959395035344403,-0.17469871900251646,0.071308438397046,0.1287446730484705,-0.09214835797114278,-0.45497540434249295,-0.40201570581317414,0.26728967235296347,0.3673921015693168,0.18547275509300826,0.2369908572440218,0.34554053541395313,0.08671075759683354,0.1324118919055628,0.18544746392847658,0.0962202354607418,-0.05815703284057715,0.057575336056348715,0.06819762515965047,0.09490509490509491,-0.07138431189064101,0.5773593495112482,0.4676715689373917,0.25717320654029513,0.41407959129478117,0.45530418948140466,-0.01812111938694217,0.027301812111938693,0.21531632924037988,0.10051973343112583,0.4315052036571024,0.1677183575917753,0.009926782078680812,0.11571972331466002,-0.23461348777804475,0.09885051657203556,-0.08175368934862606,-0.4188090390622036,0.15451636970624313,0.11334235384868296,0.043184663437827994,-0.03746886025367038,0.2959698529318783,0.2816803449714842,-0.12358527548400966,-0.23934293554546718,0.4079591294781168,-0.09166782584504103,-0.03504090845862998,-0.08875934192389888,-0.3410639992918474,-0.3682267099988619
#58,-0.13354999430948797,-0.0032752058068513763,-0.09715600854841361,0.021257223788869357,0.2758886682937316,0.30788199142629524,-0.06893106893106893,-0.11561855865653334,-0.29698149951314506,0.189949291215114,0.08789944232982208,0.18704080729397185,0.23554926086571656,1.0,-0.021434261940591056,-0.38292087659176266,-0.11862820723580217,-0.08261358894270286,0.32330960179061446,0.23547338737212156,-0.06946218338623401,-0.10431340811087647,0.11364584782306301,0.2428836985799011,0.16066212268743915,0.4900795407124521,-0.13074267504647252,0.13137495415976427,0.5964288875681281,0.6477952427319515,0.3869927540813617,0.5846684960609011,-0.14617028541079174,0.4941767093665828,0.5992362068311435,0.6662325016755396,0.5388661970940452,0.4952136471123813,0.12682254454406353,0.5767523615624881,0.4212116996927123,0.5762718294363864,0.5299384160143654,0.30649097737705333,-0.031753057069512765,-0.1624325042046561,0.046826591130388596,-0.07363522553395971,-0.41091819572832233,-0.366759822456025,-0.3945295211117996,-0.1508997331782142,-0.2984736782205137,-0.38701804524589334,-0.12264950239633785,-0.0705244122965642,-0.4685820508605319,-0.28673857787781837,-0.23147738337611756,-0.5685074419251634,0.294604130047168,0.15181021510135434,0.3293794812782155,-0.3315545214279392,-0.026391330188798544,0.06769180186901706,0.4828462676563942,0.3111951339799441,0.27932826667003885,0.30456884887264635,0.015566711769243414,0.0621024545075178,-0.41567293466027644,-0.5235397513878527,-0.3163292403798733,-0.34736149926023346,-0.24399650981929463,-0.2724237787528927,-0.1252039100140366,0.40247094677474426,0.22629269464712504,0.23370300585490458,0.26913592736377545,0.5100848518570038,0.1593216909672606,0.22090567660187913,0.010002655572275825,0.16215430139480771,0.3404570113430873,0.33484237281705637,0.35547996307489976,0.37363901920863946,-0.17057625918385413,0.21559453205022824,-0.12482454254606154,-0.3725767902983093,0.03132310727247436,0.23476523476523475,0.28891361802754206,-0.10284652056803956,-0.05669014529774023,-0.046447223662413537,0.11245716309007449,-0.09341291619772632,-0.15803184157614536,-0.026138418543481836,-0.22270134928362775,-0.020093830220412497,0.3420250635440509,0.13936696215177227,-0.1880524538752387
#101,-0.4246512980690196,-0.7559149711048445,-0.38266796494644595,-0.13314533567698125,0.2171120019221285,-0.17383881940843965,-0.33661275433427335,-0.21635326698617838,-0.4457188381239014,-0.4337308261358894,-0.37806497300168185,0.20992931119513397,0.1469037291822102,-0.021434261940591056,1.0,-0.08188014517128442,-0.3510287181173257,-0.3819345211750275,0.5811530241909989,0.24842246361233702,0.3099305757533606,0.1552498134776616,0.005981360411740158,0.07168780586502105,0.4487790690322336,0.31870660984585036,-0.12292770520618622,-0.22548337738211155,0.23281781509629612,0.09121258488347096,-0.4321121916058625,0.06882990427294225,-0.10742422134827198,-0.08549678169931335,0.2875226039783002,-0.00749883028364041,0.4137760973204011,0.21847772480683872,0.49394908888579775,0.17201785556215937,0.26728967235296347,0.07596201267087344,0.5604901427686237,0.39205098698769586,0.2829954855271311,0.1525436588727728,0.10808179162609542,-0.2609668812200458,-0.27745672049469516,-0.3505987683202873,-0.24364243351585124,-0.3411398727854424,-0.3778626436854285,-0.3380796418771102,-0.05067084813920257,-0.32401775439750125,0.1469796026758052,-0.0379746835443038,-0.33782673023179355,-0.2348158170942981,-0.05074672163279758,-0.30360778462044286,0.37599109751008486,0.3359298928919182,-0.336789792485995,-0.5236914983750427,0.3922533163039492,0.41367493266227445,0.4355517899821697,-0.061975998684859444,-0.36726564574665843,-0.5156994903830346,0.1615473134460476,0.06862757495668888,0.09472805675337322,-0.06746418138823203,-0.4481720810834735,-0.5407630344339205,0.682722340950189,0.0446515509806649,0.21516458225318985,0.3763198826489966,0.2453369415394732,-0.09928046636907396,0.14667610870142517,-0.27244906991742435,-0.290304632076784,0.2603851844358174,0.05651310714601854,0.08931574754359564,0.39017944081235223,0.09098496440268593,0.22138620872798087,-0.24093627891096245,-0.19857357832041375,-0.19371767473033297,-0.23835658012873204,-0.26359716233133956,-0.26979349764159893,-0.22619152998899833,-0.36476182045802297,-0.28471528471528473,0.29546402964124485,-0.1747745924961115,-0.012405316202784558,0.07376168135661806,-0.33772556557366684,-0.33990060572339054,-0.4348689285398146,-0.11450574741713983,-0.22566041553383326
#102,-0.14121321716258425,-0.12487512487512488,0.07211775566205945,-0.24685441141137343,-0.2471579053857535,0.05815703284057715,0.20654029514789007,0.10249244426459617,-0.1355227051429583,-0.2852463991704498,-0.25590864831371163,0.03547085825566838,-0.0436146132348664,-0.38292087659176266,-0.08188014517128442,1.0,-0.11852704257767549,0.346628055488815,-0.51759632772291,0.11172371931865603,0.10590675147637173,0.4907876933193389,-0.07186484401674276,0.15795596808255036,-0.16787010457896534,-0.13137495415976427,-0.0226988201671746,-0.02950214342619406,-0.5295337573818586,-0.4474639284765867,0.04429747467722151,-0.5848202430480911,0.07978097851515573,-0.5013341089290456,-0.4764728941944132,-0.5287750224459086,-0.47804094639537675,-0.21058688147295743,-0.43302267352900264,-0.17957991375712895,-0.46966957093539374,-0.44098939035647894,-0.3999671214861088,-0.24113860822721583,-0.018601651513043917,0.5384868296260701,-0.16223017488840275,-0.3314280656052808,0.042476510830941214,0.08124786605799264,0.3773062380657317,0.2637236181539979,0.13997395010053237,0.3233348929551461,-0.26291430088898443,0.2654687085066832,0.046447223662413537,0.1866361486614651,-0.28380480279214454,0.27444707191542633,-0.05613373967804348,0.03450979400346489,-0.06589612918726843,0.13635731357250344,0.09146549652878767,0.34561640890754813,-0.16212901023027607,0.27745672049469516,-0.03091844863996763,0.31706268415129174,0.18380353823391798,0.2078301445390053,0.02752943259272373,0.03934040642901403,-0.03493974380050329,0.09267947242630786,0.18210903021029604,0.08299295641067793,0.07006917133499412,0.1686794218439788,0.10456631975619317,0.06900694242466394,-0.005753739930955121,-0.1660997230617484,-0.10929576752361563,-0.0819813098294111,0.07431808697631483,-0.048571681483073885,0.2434906865286612,-0.25856422058953704,-0.30542874846672313,-0.5132209562589309,0.25907004388017046,-0.21516458225318985,-0.0744192516344415,0.13921521516458224,0.26632860810076,0.02080198282729928,-0.060256199496705826,0.2684530659214204,0.1971572731066402,0.1395187091389623,-0.005576701779233425,0.07790943233981208,-0.03868283615119058,0.17366178125671797,-0.007422956790045398,0.1620025544076177,0.016730105337700276,-0.13385348828386803,-0.119563980323474
#201,0.5883862972470567,0.5864641687426497,0.7840134548995309,0.5579104439863933,0.12105615903084258,0.43777741246095675,0.5338585465167743,0.1822354860329544,0.3819851035040909,0.7194451118501751,0.561628245172549,0.3786466697859103,0.3004210978894523,-0.11862820723580217,-0.3510287181173257,-0.11852704257767549,1.0,0.37282970194362597,-0.24925707204188216,0.09427281579180313,-0.08668546643230188,0.004615637527029932,-0.09809178163608544,-0.32940477244274713,-0.37427129832193123,-0.29956119829537553,0.0032246234777880346,0.0944751451080565,-0.24101215240455748,-0.32376484275218453,0.23835658012873204,-0.22755725287370857,0.41357376800414775,-0.167819522249902,-0.14374233361575134,-0.20702082727399182,-0.27052694141301736,-0.3782673023179352,-0.3614233867398424,-0.3108410576765007,-0.28130097750350913,-0.3145335676981247,-0.3940742801502295,-0.38524766372867636,-0.40707393871950837,-0.2664297727588867,0.06966451270248739,0.19328772493329455,0.06468215328974823,0.0576765007144754,0.2652157968613665,0.2245728954589714,0.48337738211155934,0.13440989390356478,-0.00805523590333717,-0.03420630002908484,-0.3175937986064568,-0.31288964200356606,0.32262674034825933,0.04166719356592774,-0.26109333704270415,-0.08304353873974127,-0.509528446237307,-0.3735125633859811,0.24604509414635997,0.028187002870547175,-0.48330150861796434,-0.10590675147637173,-0.26003110813237396,-0.1508997331782142,0.3151658468114164,0.23337422071599287,-0.05411044651550981,0.24475524475524477,-0.1107879462309842,-0.09834469328140215,0.10608378962809342,0.2056551043892816,-0.4011305150545657,-0.4871204744622466,0.05944688223169236,0.020599653511045916,-0.10790475347437373,0.20287307629079782,0.2603093109422223,0.17075329733557582,0.23484110825882978,0.2515079856852009,0.029148067122750667,0.26678384906233005,-0.4195930651626854,0.11582088797278671,-0.3132184271424778,0.1507985685200875,0.31938947128820544,0.12808710277064708,-0.2961974734126633,0.5226798517937759,0.41928957118830534,0.3776350232046435,0.2948823328570164,0.7354291278341911,-0.04508150077770331,0.33175685074419253,0.030539081171992565,0.4822645708721658,0.38024001315140554,-0.17682317682317683,-0.0972571732065403,0.009623288104300763,0.025253227784873353
