,#10,#11,#12,#13,#17,#18,#26,#49,#50,#51,#52,#53,#54,#58,#101,#102,#201,#202,#301,#302,#401,#402,#501,#502,#601,#602,#701,#702,#801,#802,#901,#902,#1001,#1002,#1101,#1102,#1201,#1202,#1301,#1302,#1401,#1402,#1501,#1502,#1601,#1602,#1701,#1702,#1801,#1802,#1901,#1902,#2001,#2002,#2101,#2102,#2201,#2202,#2301,#2302,#2401,#2402,#2501,#2502,#2601,#2602,#2701,#2702,#2801,#2802,#2901,#2902,#3001,#3002,#3101,#3102,#3201,#3202,#3301,#3302,#3401,#3402,#3455,#3501,#3502,#3601,#3602,#3701,#3702,#3801,#3802,#3901,#3902,#4001,#4002,#4101,#4102,#4201,#4202,#4301,#4302,#4401,#4402,#4501,#4502,#4601,#4602,#4701,#4702,#4801,#4802
#10,1.0,0.270400485590359,0.3661022521782015,0.6109207248447754,0.040832585136382604,0.3191112684783571,0.11546681166934332,0.5368429039315116,-0.1441975745773214,0.5454418998722796,0.5359577131729031,0.1403027352394441,0.4649401231679713,-0.24882712224484377,0.23777488334450358,-0.0027440913516862883,0.3795824428735821,-0.05206186218844447,0.5376775123610567,0.22760783520277192,-0.2218161585250193,-0.1494834279644406,0.027807635402572112,-0.12378760480026303,0.19692965262585516,0.08028680180578915,0.3039112785948229,0.19634795584162673,0.465496528787668,0.14460223320982815,0.14364116895762466,-0.32513056563689474,0.40211687047130085,0.07221892032018615,0.24404709214835796,0.1951592711086382,-0.024975024975024976,0.0988252254075039,0.1711832471326142,-0.007954071245210486,-0.15934698213179227,0.15691903033675186,-0.05304821760517963,0.37783735252089684,-0.27930297550550715,-0.1008991008991009,0.4229062077163343,0.4207311675666106,0.014378027036254884,-0.05094905094905095,-0.12882054654206554,0.09705484389028693,0.2566926744141934,-0.14546213280390496,0.09439927161446149,0.3424550133410893,-0.37872254327950533,-0.08663488410323854,-0.41096877805738563,-0.5687097712414169,-0.40193983231957914,-0.2338800440066263,-0.16223017488840275,0.15621087772986508,0.21417822683645468,0.1984471224977554,0.01832344870319554,-0.17826477320148207,0.31602574640549325,0.0860531873190101,0.14488043601967654,0.47627056487815983,0.24113860822721583,0.21187673086407263,-0.18286776514624617,-0.19981284538246563,-0.21647972280883673,-0.2761415799390483,-0.0966501852577802,0.37879841677310033,-0.24867537525765374,-0.08038796646391583,,-0.07515269540585996,-0.3250799833078314,-0.5170905044322766,-0.3901541496478205,-0.06711010508478862,0.018551069183980577,-0.10701956271576525,0.1640764298992147,-0.27859482289862036,-0.2611945017008308,-0.39733684037481504,-0.3512310474335791,-0.011368378456986052,-0.04890046662198561,0.5008029944738805,0.310815766511969,0.5083144703397868,0.4757394504229947,0.23355125886771455,-0.23729435121840184,0.5019158057132741,0.3363092603598933,0.7153732343605761,0.3204011178694723,-0.3557581658847482,0.0752032777349233,-0.5204795204795205,-0.515598325724908
#11,0.270400485590359,1.0,0.4200483061242555,0.5623869801084991,-0.14531038581671493,0.0685264102985622,0.17287775515623616,0.2730813490307161,0.4945307856700262,0.6660807546883496,0.4820116592268491,-0.23044044563031904,0.09948279568532734,-0.34779144905727183,0.22877122877122877,0.010280858382124204,0.3766486677879083,0.32669861783785836,0.01925922179086736,-0.29351660997230616,-0.07588613917727842,-0.3735884368795761,0.035824934559111773,0.23415824681647465,-0.3903058966350106,-0.4837567495795344,0.2655698731648099,0.3083372323878653,-0.06665486412321855,-0.23051631912391407,0.040782002807319265,-0.17601385955816334,0.02153542659871774,-0.03496503496503497,-0.109573970333464,-0.2574767005146752,-0.38431189064100457,-0.3036330757849745,0.06657899062962354,0.003199332313256364,-0.27811429077251865,-0.2922773429102543,0.0450056272841083,-0.029400978768067375,0.3562386980108499,-0.054236902338168164,0.06427749465724149,0.2557316101619899,0.08347348853677967,0.14973633960975732,0.290228758583189,0.2780384172789236,0.4605900428685239,0.19973697188887063,0.08304353873974127,-0.047939402369782114,-0.25735024469201684,-0.58752639765298,0.13764716296361865,0.0950821330568166,-0.36243503332110927,-0.18157791575513094,-0.29667800553876505,-0.14675198219502017,0.3392177442810354,0.2079818915261953,-0.40100405923190735,-0.32548464194033816,0.0054249547920434,-0.2691865096928388,0.3255099331048698,0.16918524513461222,-0.04293175179251128,0.025834924569101785,-0.2677954956435969,-0.19730902009383022,-0.06354405088582304,0.06356934205035471,0.15709606848847354,0.03400397071283147,-0.2802134574286473,-0.3375232362574135,,-0.29642509389344834,-0.39640106728714325,-0.22088038543734748,-0.3374220715992868,-0.12763186180907699,0.05537500474209335,-0.34892955146119703,-0.06361992437941805,-0.24781547566357692,0.2007233273056058,-0.1232059080160346,-0.03104490446262598,0.07869345844029388,-0.32611692105362994,0.34958712173902046,0.41342202101695774,0.01632544670519354,0.23322247372880284,0.5255377533858546,-0.1420478255921294,0.39541471187040805,0.3056563689475082,0.20246841765829107,0.32424537487828625,-0.3684796216441786,0.048495807989478876,-0.22361183120676792,-0.1827413093235878
#12,0.3661022521782015,0.4200483061242555,1.0,0.6684581241543267,-0.24075924075924077,0.48830915919523515,-0.3695418505545088,0.3015592002933775,0.04336170158954969,0.5449107854171146,0.24938352786454052,-0.48041831586135386,0.029325105274472362,-0.33603105755004486,-0.10413636995915478,-0.020017956726817485,0.8173977920813363,0.710770242415812,0.058283488663235496,-0.2264191504697834,-0.31577283476017654,-0.37341139872785445,0.08966982384703903,0.5300142895079604,-0.2046181666434831,-0.07575968335462006,0.4895737174218187,0.6137533352723226,-0.25292429089897445,-0.3062886480608,0.18463814666346312,-0.40358375801413776,0.16273599817903614,-0.22773429102543027,-0.2493329455354772,-0.3913428343808091,-0.3763198826489966,-0.35482239279707634,-0.2298840400106223,0.1855992109156666,-0.30767966211004183,-0.4385614385614386,-0.4096789286662704,-0.2678966603017236,-0.16066212268743915,0.1535805966185713,0.2092211585882472,0.31587399941830324,-0.08481392025695823,0.47965958092540373,0.2661262787845066,0.2513056563689475,0.4255870711566914,0.41898607721392533,0.2397728853425056,0.2329189797544228,-0.5688615182286069,-0.5661806547882497,-0.18241252418467607,-0.02214241454747784,-0.17012101822228404,-0.20775427104541028,-0.370528205971244,-0.4450865590106096,0.6748314976163078,0.4771557556367683,-0.46400435008029944,-0.5904854639031855,-0.14068210270741915,-0.17803715272069703,0.42480304505620964,0.4456682557948381,-0.008813970839287295,0.2121802248384527,-0.18653498400333843,-0.268554230579547,-0.05803057701791879,-0.017944081235220476,-0.20535161041490155,0.09298296640068791,-0.21921116857825718,-0.20666675097054843,,-0.00633543671518355,-0.48552713109675133,-0.018272866374132196,-0.19432466267909307,-0.2365609074469834,0.04905221360917564,-0.45636641839173486,-0.1757862390773783,-0.24806838730889363,-0.28987468227974555,0.21283779511627612,-0.16809772505975037,0.5228315987809659,-0.19414762452737136,0.6479216985546099,0.6826464674565941,0.20428938150457138,0.3955411676930664,0.4442772417455962,-0.2113961987379709,0.4249800832079313,0.41139872785442405,0.3844889287927263,0.3248523628270464,-0.22512930107866816,-0.2954893208057765,-0.04968449272246741,-0.12558327748201165
#13,0.6109207248447754,0.5623869801084991,0.6684581241543267,1.0,-0.24230200179567268,0.3810999127454824,-0.1982953755105654,0.23425941147460136,-0.032739412486247926,0.8560679826502612,0.32166567609605584,-0.32894953148117706,0.16051037570024912,-0.302444391051986,0.28529698149951316,-0.07927515522452232,0.5807483655584922,0.3638007562058195,0.18266543582999278,-0.15476928135155985,-0.09563853867651335,-0.40510122788603803,0.12856763489674883,0.19563980323473995,0.08096966324814427,-0.2751805156868448,0.3857029046902465,0.475486538777678,-0.0034775351231047433,-0.19040453217668407,0.27138684100709415,-0.4054805953540131,0.3656217200520998,0.026795988821305277,-0.006689513018626943,-0.11875466305846052,-0.20170968272234094,-0.08109611907080262,-0.0036292821102947687,0.12763186180907699,-0.18218490370389104,-0.11498627954324157,-0.4240190189557278,0.12057562690474083,-0.21159852805422424,-0.18840653017868209,0.4537108461159094,0.5728575222246108,-0.03529382010394669,0.03934040642901403,0.1872431366102252,0.5156994903830346,0.3727032461209676,0.05542558707115669,0.023482846267656395,0.16784481341443366,-0.5668635162306048,-0.5317846710251773,-0.24252962227645772,-0.3014833267997825,-0.26857952174407873,-0.2658986583037216,-0.3500929450296539,-0.19988871887606066,0.5661300724591863,0.4324156855802425,-0.294452383059978,-0.3597035875516888,-0.04809114935697214,-0.20775427104541028,0.1311979160080426,0.23840716245779536,0.1729536286498312,0.013037595316076329,-0.19080919080919082,-0.4372462980057917,-0.053149382263306316,-0.21020751400498236,-0.0851932877249333,0.15752601828551197,-0.36385133853488283,-0.15014099824226407,,-0.10218895029021612,-0.5288003136104402,-0.2373449335474652,-0.30006702158600895,-0.23140150988252253,-0.015541420604711744,-0.4315304948216341,-0.14434932156451144,-0.27037519442582736,-0.2956663589574982,0.0824112596264495,-0.23532164038493153,0.13711604850845358,-0.38944599704093374,0.6286751223460084,0.7111749010483188,0.3862087279808799,0.6895509553737402,0.4153441495213647,-0.23529634922039985,0.5160788578510097,0.6873759152240165,0.6292062368011735,0.6415483250926289,-0.4084902439332819,-0.13878526536754385,-0.2403798732912657,-0.32950593710087384
#17,0.040832585136382604,-0.14531038581671493,-0.24075924075924077,-0.24230200179567268,1.0,0.36306731243440105,0.10365583783305302,0.12811239393517876,0.04973507505153075,-0.320654029514789,0.3727032461209676,0.7938011355732875,0.5262206148282098,0.20325244375877288,-0.312434401041996,-0.553636237180541,-0.1906321526574691,-0.16728840779473692,-0.10767713299358869,-0.3170373929867601,-0.2509768712300358,-0.4023950732811492,-0.08236067729738616,-0.44776742245096673,-0.010356731875719217,0.23302014441254948,-0.1986241606494771,-0.40011886847329886,0.25681913023685177,0.7747568886809393,-0.02715006512474867,0.5328721911000392,0.18800187154617534,0.3903817701286056,0.368833697947622,0.6371982447931815,0.25178618849504925,0.4379291594481468,-0.027554723757255404,-0.366759822456025,0.15514864881953488,0.6017906144488423,0.4221727639449158,0.4078073824909268,0.08352407086584301,-0.4245754245754246,0.304442393049988,0.1864844016742751,0.4709088379974456,-0.25464409008712807,0.045587324068336724,-0.15474399018702817,-0.3031525436588728,-0.5762465382718547,-0.4673680749630117,-0.40196512348411084,0.31030994322133565,0.12447046624261814,0.4279644406226685,0.2326407769445744,0.046219603181628495,0.11928577751362561,0.43980070562349044,0.20385943170753298,-0.443215012835266,-0.20836125899417038,0.5311018095828223,0.2680736984534453,-0.23496756408148814,0.1408338496946092,-0.17378823707937632,-0.2106121726374891,-0.19070802615106414,-0.017590004931777085,-0.23160383919877592,0.2773302646720368,-0.4162799226090365,-0.26794724263078695,0.02484856915236662,-0.12027213293036078,0.3860316898291582,0.5065440888225698,,0.34758911974101847,0.6964301521263546,-0.0480405670279088,0.059952705522325775,0.23962113835531557,0.4631697416507543,0.503230946268921,0.5945573413927844,0.11523919118855827,0.30987999342429723,0.08731774554559364,0.2768244413814034,-0.1637223535957713,0.5569746708987215,0.009699161597895776,-0.47280567533732093,0.4131944005361727,-0.1340558176001214,-0.35305201127985936,0.4379797417772101,0.08701425157121359,-0.2870673630167301,-0.04687717345945194,-0.2953122826540548,0.05737300674009535,0.23458819661351307,-0.05438864932535819,0.06642724364243352
#18,0.3191112684783571,0.0685264102985622,0.48830915919523515,0.3810999127454824,0.36306731243440105,1.0,-0.45793447059269843,0.27472527472527475,-0.06437865931536818,0.17211902022028605,0.30421477256920293,0.14799124925707205,0.38719508339761505,-0.15466811669343314,-0.13939225331630395,-0.3823138886430026,0.5448096207589879,0.34685567596960004,-0.1048951048951049,-0.41799972179719014,-0.16599855840362168,-0.5026239583201608,0.091440205364256,0.0023394327191795547,0.02305289647061799,-0.029173358287282337,0.13569974329468001,-0.07583555684821508,-0.08089378975454925,0.3353229049431581,0.21918587741372553,-0.009901490914149142,0.5259171208538297,0.14093501435273587,0.10302355871976125,0.26632860810076,0.14700489384033688,0.35370958155768284,-0.08830410096232881,-0.03762060724086041,-0.02803525588335715,0.17459755434438978,-0.23479052592976643,0.22636856814072004,-0.4380809064353368,-0.26235789526928766,0.4223498020966375,0.3605129048167023,0.06111609909078264,-0.03691245463397362,0.07844054679497718,0.08496566724414825,0.11513802653043159,-0.15699490383034687,-0.03069082815918259,-0.025506139430190065,-0.024949733810493303,-0.1290987493519139,-0.0339786795482998,0.06794471351433377,-0.08367581785303305,-0.16938757445086558,0.08091908091908091,-0.19263015465547112,0.02338168160952971,-0.023432263938593052,0.2431619013897495,-0.18069272499652247,-0.26820015427610366,-0.0396186092388624,0.07464687211522654,-0.04133840842701602,0.075380315886645,0.26696088721405176,0.06321526574691132,0.07775768535262206,-0.3240430455620329,-0.39298676007536765,-0.0365836694950619,-0.034358047016274866,0.25284841740537944,0.3176949632645835,,0.18145145993247258,0.23466407010710807,-0.1679206869080287,-0.16101619899088254,0.015541420604711744,0.4163052137735682,-0.0510755067717093,0.3374979450928818,-0.4367151835506266,-0.4097295109953338,0.2553016603649515,-0.26422944144463134,0.3082613588942703,0.0034016616295097306,0.5135497413978427,0.13468809671341317,0.47520833596782963,0.3154187584567331,-0.16797126923709202,0.05626019550070183,0.1748504659897065,0.19998988353418734,0.29078516420288575,0.1100039201305024,-0.21913529508466217,0.041110787946230985,-0.22722846773479685,-0.24192263432769762
#26,0.11546681166934332,0.17287775515623616,-0.3695418505545088,-0.1982953755105654,0.10365583783305302,-0.45793447059269843,1.0,0.09133904070612932,0.2016843915578093,0.022673529002642925,0.20135560641889755,0.3920762781522275,0.22791132917715196,0.40472186041806296,0.34432655951643293,0.3135472122813895,-0.3504217301685656,-0.4116263483352091,0.29275787503635603,0.21627739349258338,0.009522123446174079,0.09917930171094728,-0.18028806636401573,-0.4043424929500879,-0.10603320729903008,-0.017868207741625463,-0.19746076708102026,-0.27325838718243783,0.4212875731863074,0.29093691119007575,-0.11233070726741613,0.26946471250268716,-0.22634327697618836,0.14652436171423514,0.34700742295679005,0.2545935077580647,0.01159599893777109,0.08170310701956271,0.21703612842853348,-0.20439054616269806,0.1889882269629105,0.2817815096296109,0.3912163785581507,0.17027276520947407,0.33694153947318506,-0.0912631672125343,-0.045865526878185105,-0.045840235713653435,0.20846242365229706,-0.2845888288926264,-0.20421350801097637,-0.20241783532922775,-0.03359931208032474,-0.2836024734758912,-0.04432276584175318,0.014099824226406505,-0.005020296159536666,0.09452572743711984,-0.014909141491419973,-0.23436057613272804,-0.22254960229643775,-0.15229074722745609,0.17497692181236485,0.4947078238217479,-0.2839565497793346,-0.06174837820407441,0.11741423133828197,0.36959243288357213,0.5212382554154706,0.3029249231780877,-0.009597996939769092,0.11640258475701513,0.15274598818902616,-0.0663513701488385,0.013518127442178075,0.1794534579344706,0.04707950277570531,0.026973026973026972,0.20459287547895144,0.2813515598325725,-0.12904816702285057,-0.005880195753613475,,-0.12057562690474083,0.04670013530773025,-0.2816803449714842,-0.2652157968613665,0.0845862997761732,0.21847772480683872,0.14442519505810644,0.12444517507808647,-0.026189000872545175,0.21799719268073697,-0.4318339887960141,-0.030640245830119248,-0.4812276331263673,0.1812744217807509,-0.33458946117173965,-0.2989542103466154,-0.13190606861492937,-0.2765715297360867,0.07558264520289837,0.043867524880183105,0.10094968322816424,-0.1804145221866741,-0.10322588803601462,-0.1258867714563917,-0.14695431151127353,0.21453230313989807,-0.31417949139468127,-0.25325307603788616
#49,0.5368429039315116,0.2730813490307161,0.3015592002933775,0.23425941147460136,0.12811239393517876,0.27472527472527475,0.09133904070612932,1.0,0.08552207286384501,0.2293529255554572,0.6825200116339357,0.09991274548236574,0.19556392974114492,-0.3876503243591851,-0.043437575083144706,0.14470339786795483,0.2264191504697834,-0.05896635010559061,0.3494859570808938,0.1022901149483428,-0.2565156362624717,-0.041793649388586096,-0.0908332174154959,0.12553269515294832,-0.28522110800591816,0.1694887391089923,0.26906005387018045,0.0729523640916046,0.15100089783634088,0.12257362890274283,-0.10155667117692434,-0.27252494341101935,0.0967260587513752,-0.13440989390356478,0.019461551107120726,0.026618950669583582,-0.44834911923519516,-0.12249775540914781,0.0704232476384375,-0.18742017476194692,-0.18577624906738832,0.020397324194792548,0.0976871230035787,0.030969030969030968,-0.1419719520985344,0.1367366810404785,0.034079844206426485,0.08372640018209639,0.051530747733279376,0.17783482340444365,-0.32791259373537857,-0.39632519379354825,0.20029337750856738,0.036179010862555164,0.4697707355935204,0.2363838692952617,-0.041085496781699316,0.22930234322639387,-0.20277191163267114,-0.3037342404431012,-0.39116579622908737,-0.1740664398892247,-0.17012101822228404,-0.12237129958648946,0.08521857888946496,0.19265544582000277,-0.18084447198371248,-0.38137811555533074,0.3280896318871002,0.0390116212901023,0.4079844206426485,0.4122586274485009,0.3884596416241986,0.6400308552207287,0.1974101847519569,0.3365368808406783,-0.01574374992096511,0.0732052757369213,-0.17560920092565663,0.19427408035002972,-0.2097522730434123,-0.25203910014036596,,-0.40075114758659064,-0.10335234385867298,-0.46602764324283313,-0.41468657924354124,-0.13820356858331542,0.07608846849353179,-0.09518329771494329,0.08870875959483554,-0.4498160067780321,-0.2971332465003351,-0.4617281452724491,-0.23891298574842879,-0.009901490914149142,0.034383338180806536,0.20216492368391104,0.025025607304088315,0.12280124938352786,0.017590004931777085,0.1201709682722341,-0.32892424031664536,0.465268908306883,0.050923759784519275,0.34344136875782444,-0.1240658076101114,-0.1874454659264786,0.2907345818738224,-0.40097876806737565,-0.2943512184018513
#50,-0.1441975745773214,0.4945307856700262,0.04336170158954969,-0.032739412486247926,0.04973507505153075,-0.06437865931536818,0.2016843915578093,0.08552207286384501,1.0,0.1492305163191239,0.44377141845496276,0.087444201368252,-0.15380821709935635,-0.12770773530267202,0.14644848822064013,0.14032802640397576,0.053149382263306316,0.2919232666068109,-0.2469555760695001,-0.33337548527421945,-0.14558858862656332,-0.10279593823897622,-0.2661262787845066,0.09396932181742308,-0.5012329442709189,-0.20342948191049456,-0.1750275041414282,-0.06650311713602852,0.06344288622769635,0.07684720342948191,0.1330188798543229,0.08463688210523654,-0.012278860380126202,0.05901693243465395,-0.21187673086407263,-0.05704422160118363,-0.3246753246753247,-0.21516458225318985,-0.28964706179896055,-0.286687995548755,-0.3777108966982385,-0.09667547642231186,0.41739273384843006,0.007625286106298764,0.4904336170158955,-0.07540560705117667,-0.021560717763249408,0.02216770571200951,-0.14842119905411044,-0.009597996939769092,0.10631141010887846,0.11754068716094032,-0.041793649388586096,0.0979400346488954,-0.19609504419631002,-0.0510755067717093,-0.25310132905069616,-0.1401256970877224,0.20727373891930853,0.0587134384602739,-0.2434148130350662,-0.3651917702550614,0.053174673427837986,-0.18726842777475688,-0.08716599855840362,0.18205844788123268,-0.14566446212015832,-0.27260081690461435,0.15163317694963266,-0.278240746595177,0.23193262433768763,0.030842575146372616,-0.03764589840539208,-0.024570366342518243,-0.11379759481025303,0.12892171120019222,-0.0007207981891526195,0.05165720355593773,0.09305883989428293,0.03989681204871078,-0.1651386588095449,-0.2874973128137685,,0.018551069183980577,-0.12889642003566054,0.019714462752437437,-0.2400257969878223,-0.11308944220336625,0.09973570733064403,-0.015364382452990048,-0.24503344756509313,0.00484325800781497,0.18312067679156288,-0.01043260536931423,0.19465344781800478,0.03865754498665891,0.22490168059788312,0.09338762503319466,-0.06334172156956967,-0.06367050670848139,-0.18241252418467607,0.25838718243781533,0.07280061710441457,0.17060155034838578,0.18296892980437285,0.11306415103883459,0.20702082727399182,-0.34526233260410477,0.08635668129339015,-0.13575032562374334,-0.11890641004565056
#51,0.5454418998722796,0.6660807546883496,0.5449107854171146,0.8560679826502612,-0.320654029514789,0.17211902022028605,0.022673529002642925,0.2293529255554572,0.1492305163191239,1.0,0.3938213685049128,-0.31190328658683086,0.23868536526764375,-0.17098091781636085,0.46729220146941663,0.022648237838111256,0.5860089277810797,0.2467026644241834,0.3001681862441356,-0.079376319882649,-0.18451169084080477,-0.37209625817220754,0.12775831763173534,0.1330188798543229,-0.030969030969030968,-0.25100216239456746,0.42609289444732484,0.5340861669975594,0.07869345844029388,-0.20525044575677487,0.28342543532416953,-0.2793535578345705,0.32748264393834015,0.13177961279227102,-0.0162748643761302,-0.1521137090757344,-0.23294427091895448,-0.1593975644608556,0.04432276584175318,0.03321994461234967,-0.32346134877780447,-0.16440521503812644,-0.3308210776565207,0.038126430531493824,-0.04667484414319857,-0.2034041907459629,0.35889427028667537,0.5779663374600084,0.017058890476611997,0.06311410108878464,0.20590801603459832,0.4805447716840122,0.4121574627903742,0.07118198257438764,0.06900694242466394,0.17758191175912694,-0.5653713375232362,-0.4773833761175533,-0.17874530532758381,-0.31400245324295956,-0.46903729182210196,-0.44119171967273235,-0.2900264292669356,0.03630546668521352,0.57783988163735,0.47475309500625956,-0.3611957662590574,-0.2477648933345136,0.08762123951997369,-0.22533163039492154,0.11536564701121663,0.27912593735378544,0.17012101822228404,-0.0020359387447995043,-0.15560388978110498,-0.37556114771304644,-0.02396337839375814,-0.10100026555722759,0.15856295603131046,0.3717927641978275,-0.4621328039049558,-0.2719179554622593,,-0.17859355834039378,-0.6500208652107387,-0.3753588183967931,-0.5038126430531494,-0.3755105653839831,-0.05405986418644646,-0.4627397918537159,-0.2839565497793346,-0.3475385374119551,-0.15188608859494934,-0.08251242428457618,-0.2448058270843081,0.04432276584175318,-0.3523185675084409,0.5265493999671215,0.6234651424524842,0.2891918208373905,0.5402825023078187,0.5957713172903046,-0.20980285537247562,0.5522705142958307,0.553636237180541,0.5211117995928123,0.6173699718003516,-0.5638032853222726,-0.17834064669507707,-0.3918233665069108,-0.4402559465850605
#52,0.5359577131729031,0.4820116592268491,0.24938352786454052,0.32166567609605584,0.3727032461209676,0.30421477256920293,0.20135560641889755,0.6825200116339357,0.44377141845496276,0.3938213685049128,1.0,0.3791777842410754,0.3226014491837277,-0.26478584706432806,-0.02664424183411525,-0.17136028528433592,0.2483718812832737,0.01867752500663893,0.15916994398007056,-0.24930765437094551,-0.418935494884862,-0.3994865893600071,-0.2695911683253455,-0.13972103845521566,-0.400953476902844,-0.0450056272841083,0.04730712325649034,-0.0037557379329531226,0.26544341734215154,0.3915957460261258,0.020903147485425967,0.008358729877717219,0.24804309614436196,0.12340823733228796,0.10294768522616624,0.3080843207425486,-0.25221613829208767,0.005677866437360108,-0.1382288597478471,-0.47589119741018476,-0.34872722214494367,0.288458377065972,0.35219211168578257,0.32346134877780447,0.06518797658038164,-0.23436057613272804,0.23099685125001582,0.3617268807142225,0.1293769521617623,0.03693774579850529,-0.06498564726412828,-0.05775237420807041,0.048495807989478876,-0.2011532771026442,-0.04303291645063797,-0.024595657507049912,-0.20828538550057538,-0.009724452762427446,0.07826350864325547,-0.18726842777475688,-0.3600576638551322,-0.23694027491495845,0.1285929260612805,-0.028009964718825477,0.008738097345692282,0.19928173092730056,0.06154604888782104,-0.25864009408313204,0.2102580963340457,-0.0012266214797860366,0.3557075835556848,0.39880372791765195,0.12171372930866602,0.33013821621416556,-0.12447046624261814,0.20719786542571353,-0.18774895990085863,-0.09897697239469391,-0.1293769521617623,0.10782887998077871,-0.14022686174584909,-0.17148674110699427,,-0.015844914579091793,-0.03150014542419606,-0.33820609769976856,-0.3844889287927263,-0.1454368416393733,0.1809962189709025,0.07345818738223801,0.18956992374713894,-0.23137621871799088,-0.04940628991261903,-0.23982346767156892,-0.004135105400928186,-0.08036267529938416,0.2585136382604737,0.318656027516787,-0.04475271563879159,0.3771544910785417,0.0852691612185283,0.14126379949164758,-0.05448981398348487,0.4881827033725768,0.09551208285385501,0.415318858356833,0.04910279593823898,-0.29414888908559794,0.18774895990085863,-0.3961987379708899,-0.3054034573021915
#53,0.1403027352394441,-0.23044044563031904,-0.48041831586135386,-0.32894953148117706,0.7938011355732875,0.14799124925707205,0.3920762781522275,0.09991274548236574,0.087444201368252,-0.31190328658683086,0.3791777842410754,1.0,0.5516129440180073,0.3509528446237307,-0.0584605268149572,-0.38542470188039807,-0.33952123825541547,-0.4294313281655054,0.005576701779233425,-0.052947052947052944,-0.11726248435109195,-0.17879588765664714,-0.13886113886113885,-0.7100367986443936,0.06781825769167542,0.1269237092021902,-0.33423538486829624,-0.5724528635921041,0.47032714121321717,0.8840653017868207,-0.048521099154010545,0.6085180642142668,0.23104743357907914,0.4900036672188571,0.5307730244439105,0.8336094285461374,0.4599577637552321,0.610035534086167,0.07368580786302305,-0.48092413915198723,0.21352065655863126,0.7663855132209563,0.5288003136104402,0.543797974177721,0.08820293630420213,-0.48701930980411995,0.28658683089062836,0.17313066680155287,0.3544936076581646,-0.4927856953173409,-0.13208310676665108,-0.1403027352394441,-0.40444365760821455,-0.7056361360158828,-0.45077707103023557,-0.30570695127657155,0.3052517103150015,0.3283172523678853,0.28689032486500843,-0.03807584820243048,-0.07292707292707293,-0.0758102656836834,0.6256401826022079,0.41987126797253377,-0.6123623212230808,-0.29404772442747124,0.7474424309867348,0.42093349688286397,0.12227013492836278,0.3647365292934913,-0.23008636932687565,-0.06098964326812428,-0.04993740436778411,-0.018272866374132196,-0.1181729662742321,0.29108865817726576,-0.4192642800237737,-0.4064416596062166,0.14442519505810644,0.01594607923721848,0.3968563082487133,0.4505747417139822,,0.35014352735871723,0.6194691384564802,-0.19293364862985116,-0.059598629218882385,0.33190859773138254,0.4189102037203303,0.6036874517887176,0.533428596719736,0.08615435197713679,0.21116857825718585,-0.14184549627587603,0.10770242415812036,-0.38082170993563397,0.5767270703979565,-0.12353469315494632,-0.6063177329000113,0.3897241998507821,-0.16384880941842966,-0.42922899884925203,0.40841437043968687,0.02975505507151077,-0.2516850238369226,0.003199332313256364,-0.2165303051379001,-0.03299232413156464,0.23003578699781232,-0.27181679080413257,-0.18150204226153593
#54,0.4649401231679713,0.09948279568532734,0.029325105274472362,0.16051037570024912,0.5262206148282098,0.38719508339761505,0.22791132917715196,0.19556392974114492,-0.15380821709935635,0.23868536526764375,0.3226014491837277,0.5516129440180073,1.0,0.24283311625083778,0.12778360879626702,-0.48924493228290694,0.20150735340608758,-0.19614562652537337,0.27649565624249167,-0.038733418480253926,-0.17444580735719975,-0.4895737174218187,0.36228328633391926,-0.40558176001213975,0.2687818510603321,0.19933231325636389,0.3244729953590713,0.018829271993828955,0.4053035572022914,0.5634492090188292,-0.02950214342619406,0.29407301559200294,0.447286890324865,0.48985192023166707,0.4466293200470416,0.5045713779890995,0.2891159473437954,0.43577941046295476,0.33362839691953616,-0.05641194248789185,0.1163520024279518,0.4836555849214077,0.1822354860329544,0.3977414990073218,-0.03321994461234967,-0.37935482239279705,0.44318972167073434,0.513600323726906,0.5064429241644431,-0.12348411082588298,0.24278253392177443,0.09260359893271286,0.18018690170588905,-0.44908256300661364,-0.1224218819155528,-0.11253303658366949,0.15021687173585907,-0.05208715335297614,0.09912871938188395,-0.04503091844863997,-0.2669103048849884,-0.17745545593646858,0.19053098799934243,0.46367556494138773,-0.08671075759683354,-0.1139999241265064,0.35080109763654066,0.32763439092553015,-0.06546617939023003,0.011115466811669344,-0.23501814641055147,0.04133840842701602,-0.14783950226988202,-0.11683253455405354,-0.24551397969119487,-0.05165720355593773,-0.5400548818270338,-0.4293554546719104,0.3315039390988758,0.28334956183057447,0.14002453242959573,0.4915717194198207,,0.21223080716751602,0.2149622529369365,-0.4598565990971054,-0.3318580154023192,0.02856637033852224,0.5162053136736681,0.2234347930550462,0.5119311068678157,-0.2761162887745166,0.11215366911569444,-0.30474588702436806,-0.32674920016692166,-0.07942690221171234,0.2286700641131021,0.30221677057120094,-0.06877932194387891,0.5158512373702248,0.26880714222486374,-0.03554673174926339,0.21162381921875592,0.30168565611603587,-0.050797303961860926,0.19981284538246563,0.09030210296033081,-0.29632392923532164,-0.006133107398930184,-0.49733810493304165,-0.40444365760821455
#58,-0.24882712224484377,-0.34779144905727183,-0.33603105755004486,-0.302444391051986,0.20325244375877288,-0.15466811669343314,0.40472186041806296,-0.3876503243591851,-0.12770773530267202,-0.17098091781636085,-0.26478584706432806,0.3509528446237307,0.24283311625083778,1.0,0.09920459287547895,-0.05299763527611629,-0.230212825149534,-0.2513056563689475,-0.1581077150697404,-0.017008308147548654,-0.041793649388586096,-0.0466495529786669,0.018728107335702272,-0.45019537424600714,0.18003515471869902,0.1193869421717523,-0.3297841399107222,-0.26180148964959093,0.07955335803437069,0.3839325231730295,0.05980095853513575,0.6024734758911974,-0.020827273991830954,0.4360323221082715,0.2444517507808647,0.35241973216656763,0.3519644912049975,0.44399903893574777,-0.08170310701956271,-0.3322879651993576,0.2545935077580647,0.39872785442405695,0.11470807673339319,0.07624021548072181,0.11814767510970042,-0.40092818573831235,0.02952743459072573,0.048217605179630495,0.004615637527029932,-0.4733114986279543,-0.01895572781648731,0.034358047016274866,-0.3664057461525816,-0.5172675425839983,-0.3430367101253177,-0.3052770014795331,0.14288243402167453,0.091440205364256,0.12247246424461615,-0.15891703233475385,0.1742434780409464,-0.13076796621100417,0.6069500120133031,0.4378279947900201,-0.4016616295097308,-0.22487638943335145,0.4727550930082576,0.6143856143856143,0.19457757432440978,0.3454899530848898,-0.2977402344490952,-0.17826477320148207,0.11359526549399968,-0.2789488992020638,0.1660997230617484,0.15299889983434287,0.17358590776312297,-0.004716802185156616,0.2912404051644558,0.17629206236801173,0.09212306680661111,0.4818093299105957,,0.536185333653688,0.382895585427231,0.17032334753853742,0.11645316708607847,-0.16936228328633393,0.27189266429772757,0.43051884824036724,-0.08086849859001757,0.24184676083410261,0.08281591825895623,0.18142616876794093,-0.0986481872557822,-0.1996610983952756,0.41964364749174876,-0.25446705193540636,-0.407023356390445,-0.028288167528673858,-0.25067337725565575,-0.23362713236130958,0.33782673023179355,-0.22234727298018436,-0.2369149837504268,-0.26084042539738744,-0.09773770533264205,0.0832711592205263,0.05901693243465395,0.05911809709278064,-0.06311410108878464
#101,0.23777488334450358,0.22877122877122877,-0.10413636995915478,0.28529698149951316,-0.312434401041996,-0.13939225331630395,0.34432655951643293,-0.043437575083144706,0.14644848822064013,0.46729220146941663,-0.02664424183411525,-0.0584605268149572,0.12778360879626702,0.09920459287547895,1.0,0.4971104844522566,0.034737414484249926,-0.1345869320552865,0.45080236219476727,0.318731901010382,0.29116453167086076,0.2069702449449285,0.1073989301837403,-0.06445453280896318,0.28861012405316205,0.025759051075506773,0.031171360285284336,0.0430076252861063,0.3201734973886873,-0.03483857914237661,0.3086154351977137,-0.10767713299358869,0.2900011381024039,0.29728499348752513,0.007549412612703752,-0.029375687603535705,0.137621871799087,0.07742890021371034,0.4055564688476081,0.28519581684138645,-0.13827944207691042,0.028212294035078845,-0.23099685125001582,0.23987405000063228,-0.017387675615523717,-0.11607379961810342,0.21610035534086167,0.15555330745204163,-0.017590004931777085,-0.28964706179896055,-0.17153732343605763,0.24488170057790312,0.0845862997761732,0.012734101341696278,0.14106147017539422,0.43777741246095675,-0.28850895939503535,-0.05747417139822203,-0.4085155350978136,-0.423386739842436,-0.5002212976896521,-0.5545720102682128,-0.2455898531847899,0.45538006297499967,0.04485388029691827,0.11976630963972736,-0.2363838692952617,0.16726311663020524,0.3191112684783571,-0.09452572743711984,-0.2641535679510363,-0.15426345806092642,0.16384880941842966,-0.14240190189557278,0.13739425131830196,-0.2775831763173535,-0.07014504482858913,-0.284614120057158,0.5259677031828931,0.6209107348347854,-0.15616029540080173,-0.1591193616510072,,-0.2853475638285765,-0.4958206350611414,-0.45446958105185953,-0.5573793295312283,-0.15170905044322766,0.0737363901920864,-0.4221727639449158,-0.262484351091946,-0.3425308868346843,-0.17715196196208854,-0.2975884874619052,-0.30196385892588423,-0.3164051138734683,-0.2468797025759051,0.04705421161117364,0.20952465256262726,0.057271842081968664,0.21680850794774845,0.3709328646037507,-0.09396932181742308,0.26820015427610366,0.4209082057183323,0.27105805586818243,0.5525992994347425,-0.5995397008055235,0.08031209297032083,-0.5453913175432162,-0.5775869699920333
#102,-0.0027440913516862883,0.010280858382124204,-0.020017956726817485,-0.07927515522452232,-0.553636237180541,-0.3823138886430026,0.3135472122813895,0.14470339786795483,0.14032802640397576,0.022648237838111256,-0.17136028528433592,-0.38542470188039807,-0.48924493228290694,-0.05299763527611629,0.4971104844522566,1.0,-0.07186484401674276,-0.018272866374132196,0.27905006386019043,0.43964895863630044,0.18924113860822722,0.6553573009269211,-0.2556304455038632,0.3164051138734683,-0.08175368934862606,0.1393416709872406,-0.16463283551891147,-0.05876402078933725,0.013492836277646404,-0.3981967399688919,0.14336296614777627,-0.3388130856485287,-0.2894953148117705,-0.2351698933977415,-0.2591964997028288,-0.44655344655344653,-0.3017109472805675,-0.29753790513284184,-0.00190948292214115,0.23066806611110408,-0.10261890008725452,-0.3857534870193098,-0.24182146966957094,-0.25502345755510314,-0.06521326774491332,0.4315304948216341,-0.3101581962341456,-0.44769154895737173,-0.34951124824542545,0.010306149546655876,-0.5122851831712592,-0.2860557164354633,-0.0032752058068513763,0.38459009345085293,0.42363965148775273,0.5287750224459086,-0.2932384071624578,0.18860885949493544,-0.5412688577245539,-0.4051265190505697,-0.1998381365469973,-0.28625804575171665,-0.2649375940515181,0.06632607898430683,0.0520365710239128,0.1502927452294541,-0.4713134966299523,-0.14523451232311993,0.5499184359943854,0.12467279555887151,0.16180022509136432,0.07525386006398664,0.4284449727487702,0.2573249535274852,0.4600336372488271,0.07532973355758166,0.45409021358388446,0.2788224433794054,0.08185485400675274,0.4534579344705927,-0.3298600134043172,-0.47022597655509046,,-0.4853500929450297,-0.43069588639208894,-0.08521857888946496,-0.2486247929285904,-0.21862947179402875,-0.23891298574842879,-0.447286890324865,-0.5136761972205011,-0.20881649995574048,-0.2753069715095032,-0.2003692510021624,-0.08840526562045549,-0.09862289609125052,-0.13633202240797176,-0.2857016401320199,0.08362523552396971,-0.4773580849530217,-0.27113392936177744,0.34000177038151724,-0.3489801337902604,0.01726121979286536,0.13888643002567053,-0.006765386512221955,0.07851642028857218,-0.1328418417026012,0.20135560641889755,-0.14085914085914086,-0.22138620872798087
#201,0.3795824428735821,0.3766486677879083,0.8173977920813363,0.5807483655584922,-0.1906321526574691,0.5448096207589879,-0.3504217301685656,0.2264191504697834,0.053149382263306316,0.5860089277810797,0.2483718812832737,-0.33952123825541547,0.20150735340608758,-0.230212825149534,0.034737414484249926,-0.07186484401674276,1.0,0.6439004033940743,0.030488498842929222,-0.18504280529596986,-0.3084131058814603,-0.3046194312017097,0.21602448184726666,0.40778209132639515,-0.13104616902085256,-0.051176671429835986,0.4438978742776211,0.495694179238483,-0.23845774478685872,-0.17748074710100026,0.2854993108157665,-0.3009016300155541,0.3130919713198194,-0.09303354872975127,-0.09351408085585301,-0.2753322626740348,-0.1022901149483428,-0.13177961279227102,-0.24718319655028514,0.20034395983763073,-0.3522426940148459,-0.36122105742358906,-0.4623857155502725,-0.17576094791284666,-0.3214380556152708,0.07909811707280062,0.22376357819395795,0.2892171120019221,-0.09697897039669191,0.38856080628232526,0.36314318592799605,0.27105805586818243,0.510995333780144,0.3407605053174673,0.1889123534693155,0.21432997382364471,-0.4846925226672062,-0.4098053844889288,-0.28729498349751514,-0.005500828285638412,-0.3100064492469556,-0.391191087393619,-0.14930638981271893,-0.17158790576512095,0.5851490281870029,0.30449297537905134,-0.2565915097560667,-0.3718180553623592,-0.10712072737389193,-0.11308944220336625,0.4183790892651652,0.41640637843169487,0.036381340178808536,0.24867537525765374,-0.06238065731736618,-0.24968702183892058,-0.13332237382870293,-0.14624615890438675,0.10694368922217024,0.31643040503799996,-0.15681786567862518,-0.10160725350598768,,-0.009395667623515725,-0.41600171979918815,-0.1711832471326142,-0.36079110762655064,-0.2460198029818283,0.05899164127012228,-0.46653346653346656,-0.10701956271576525,-0.48709518329771495,-0.28130097750350913,0.09591674148636174,-0.342783798480001,0.5413700223826806,-0.1846634378279948,0.6648667787908294,0.5721240784531924,0.2762933269262383,0.4105641194248789,0.4108423222347273,-0.165897393745495,0.2729801843725894,0.3308969511501157,0.3752829449031981,0.3619039188659442,-0.40343201102694776,-0.35150925024342744,-0.30585869826376155,-0.344705926984408
