,#10,#11,#12,#13,#17,#18,#26,#49,#50,#51,#52,#53,#54,#58,#101,#102,#201,#202,#301,#302,#401,#402,#501,#502,#601,#602,#701,#702,#801,#802,#901,#902,#1001,#1002,#1101,#1102,#1201,#1202,#1301,#1302,#1401,#1402,#1501,#1502,#1601,#1602,#1701,#1702,#1801,#1802,#1901,#1902,#2001,#2002,#2101,#2102,#2201,#2202,#2301,#2302,#2401,#2402,#2501,#2502,#2601,#2602,#2701,#2702,#2801,#2802,#2901,#2902,#3001,#3002,#3101,#3102,#3201,#3202,#3301,#3302,#3401,#3402,#3455,#3501,#3502,#3601,#3602,#3701,#3702,#3801,#3802,#3901,#3902,#4001,#4002,#4101,#4102,#4201,#4202,#4301,#4302,#4401,#4402,#4501,#4502,#4601,#4602,#4701,#4702,#4801,#4802
#10,1.0,0.6026505140429191,0.6229087368327875,0.7101126721379886,0.7640587260840426,0.4740449423993728,0.22497755409147815,0.7260461057929413,0.14488043601967654,0.6337080640878109,0.6142844497274877,0.35507530444239305,0.49442962101189947,0.3438966097193945,-0.795065693799871,-0.7454697201532644,0.6528028933092225,0.4843890286928262,-0.38519708139961306,-0.6255137267795495,-0.7324953527485173,-0.7460767081020245,-0.27626803576170667,-0.029476852261662388,0.08777298650716372,0.1809203454773075,-0.42093349688286397,0.47399436007030943,-0.03261295666358958,0.12449575740714981,0.3191871419719521,0.4840855347184461,0.5624881447666258,0.26331895952149115,-0.09262889009724452,-0.21018222284045068,-0.11561855865653334,-0.7110484452256605,-0.6071017590004931,-0.37080640878109233,0.21779486336448362,-0.1729536286498312,-0.003174041148724693,-0.2671126342012418,-0.5432921508870876,-0.6673200217504015,0.6275370199420832,0.4398512879525538,-0.13977162078427902,-0.2282401143160637,0.42485362738527294,0.35532821608770976,0.05901693243465395,0.07285119943347791,-0.6631469796026758,-0.511981689196879,-0.4855777134258147,-0.5954931144804563,0.6512348411082588,0.48871381782774187,0.31620278455721496,0.42242567559023253,-0.09910342821735227,0.1633176949632646,0.427003376370465,0.46617939023002314,-0.4546972015326446,0.011621290102302761,-0.2673655458465585,-0.36726564574665843,0.384893587425233,0.12851705256768547,-0.6290544898139835,-0.2908863288610124,-0.6505519796659037,-0.20259487348094943,-0.0010748744925960115,0.37857079629231527,-0.40196512348411084,-0.19118855827716588,-0.06298764526612628,0.48142996244262065,-0.04728183209195867,0.09609377963808344,0.543646227190531,0.24677853791777843,0.5091237876048003,-0.21453230313989807,0.46347323562513437,0.18350004425953792,0.6176734657747316,0.5934445301533909,0.4898266290671354,0.6761719293364863,0.5207071409603056,0.3704017501485856,0.06483390027693825,0.7914490572718421,0.7040680838149193,0.6688880739513651,0.4381567799289318,0.4832256351243693,0.4060370009737098,0.5669899720532632,0.6129440180073091,0.7354544189987228,0.6551802627751995,0.3592230554255871,0.16996927123509403,0.491546428255289,0.4813035066199623
#11,0.6026505140429191,1.0,0.49784392822367507,0.5957966084548363,0.6284980841942868,0.2714374233361575,0.32442241303000796,0.44048356706584557,0.5280668698390217,0.5839350522894826,0.28673857787781837,0.19275661047812948,0.36048761365217064,0.27108334703271414,-0.46529419947141465,-0.36572288471022646,0.5572528737085699,0.4327444707191543,0.1280618116061154,-0.2778866702917336,-0.6051796304960861,-0.45457074570998623,-0.04563790639740007,0.004944422665941653,0.42761036431922506,0.25153327684973253,-0.31635453154440496,0.36524235258412474,0.3343618406909546,0.15284715284715283,0.3425308868346843,0.3557834570492798,0.463422653296071,0.19313597794610451,0.22277722277722278,-0.077378317884647,0.11792005462891539,-0.5079856852008751,-0.33853488283868033,-0.30732558580659847,0.5068475827969499,0.11068678157285752,0.21926175090732053,-0.06238065731736618,-0.3578067502118135,-0.49564359690941967,0.37614284449727486,0.42295679004539766,-0.3752576537386664,-0.13585149028187002,0.39657810543886496,0.44430253291012783,0.23668736326964174,0.1991552751046422,-0.21132032524437588,-0.3643065794964529,-0.481480544771684,-0.5786744900668951,0.6630205237800174,0.45118172966274234,-0.153757634770293,-0.01189949291215114,0.15535097813578827,0.3089695115011571,0.4293554546719104,0.48666523350067653,-0.24672795558871508,0.1552498134776616,0.14450106855170147,-0.016654231844105263,0.2112950340798442,0.10352938201039467,-0.7033346400435008,-0.4303923924177089,-0.5732368896925859,-0.380973456922824,-0.39220273397488586,-0.06326584807597466,-0.04305820761516964,0.13038859874302913,-0.18451169084080477,0.28982409995068226,-0.060610275800149216,0.1146069120752665,0.18398057638563967,-0.2621555659530343,-0.004008649578269832,-0.046851882294920266,0.4802665688741638,-0.045258538929425,0.4221727639449158,0.22219552599299436,0.36137280441077907,0.23501814641055147,0.15853766486677878,0.38701804524589334,0.19596858837365166,0.6717965578725072,0.6394744496010318,0.49958901857636034,0.36792321602448186,0.5142326028401978,0.5061647213545948,0.40924897886923206,0.3420250635440509,0.45538006297499967,0.47523362713236134,-0.09589145032183007,-0.23896356807749214,-0.03622959319161851,0.09381757483023306
#12,0.6229087368327875,0.49784392822367507,1.0,0.7276394491584365,0.4901048318769838,0.33666333666333664,0.29255554572010267,0.31949063594633215,0.046118438523501816,0.8057385652322361,0.5352748517305479,0.292530254555571,0.7045739071055527,0.22229669065112104,-0.5420023014959724,-0.423310866348841,0.9016426611363321,0.7089492785695317,-0.10843586792953881,-0.3800376838351522,-0.5914465281553889,-0.6278152227519316,0.05373107904753474,-0.32323372829701946,0.060635566964680886,0.03387751489017312,0.06286118944346793,0.606115403583758,0.01043260536931423,-0.1923772430101544,0.23286839742535945,0.09477863908243656,0.5165846811416431,-0.06425220349270983,-0.22760783520277192,-0.44490952085888796,-0.386891589423235,-0.8277671695393214,-0.5814059358363156,-0.48514776362877626,0.16673200217504014,-0.3313269009471541,0.21607506417633,-0.2326660681091061,-0.47093412916197724,-0.4729068399954476,0.6058624919384413,0.6206578231894687,0.2002680863440357,0.26481113822885977,0.69817524247904,0.7065213267744913,0.5870458655268782,0.495618305744888,-0.23006107816234397,-0.5636768294996143,-0.20876591762667712,-0.5500448918170437,0.595746026125773,0.41708923987405,0.08921458288546896,0.28286902970447275,-0.1547945725160915,0.13607911076265505,0.678878083941375,0.5628169299055376,-0.5555330745204163,0.09986216315330239,-0.21827539549058536,-0.1342328557518431,0.3370427041313117,0.36572288471022646,-0.7024494492848923,-0.4939237977212661,-0.6886910557796634,-0.05975037620607241,-0.24025341746860734,0.27009699161597894,-0.12396464295198473,-0.1393416709872406,-0.0019347740866728208,0.5412941488890856,-0.0542874846672315,0.1527965705180895,0.5017893498906157,0.11516331769496327,0.3899265291670355,-0.04912808710277065,0.2739665397893246,0.025885506898165125,0.6381340178808533,0.39379607734038113,0.2715385879942842,0.4049241897343163,0.1322348537538411,0.8677272094993614,-0.1087140707393872,0.8650210548944726,0.7813578826237054,0.6531316784481341,0.5756142591585629,0.6158272107639197,0.15302419099887454,0.8403368783115619,0.5488814982485869,0.6196967589372653,0.6145120702082727,0.1611426548135409,0.14037860873303912,0.149761630774289,0.12740424132829195
#13,0.7101126721379886,0.5957966084548363,0.7276394491584365,1.0,0.7315848708253772,0.2610174635491091,0.18208373904576436,0.3967804347551183,0.04538499475208336,0.7200268086344036,0.3794054047218604,0.21003047585326065,0.33926832661009876,0.08066616927376422,-0.541344731218149,-0.48674110699427153,0.6439004033940743,0.46764627777286005,-0.38866197094045196,-0.4198965591370655,-0.5490332452357769,-0.5922558454204023,-0.2601575639550323,-0.20406176102378634,0.101506088847861,0.01098901098901099,-0.1399486589360007,0.3779638083435552,-0.11265949240632785,-0.091440205364256,0.1360538195981234,0.2773302646720368,0.3014580356352508,0.06541559706116667,-0.1091440205364256,-0.111571972331466,-0.20327773492330453,-0.624249168552966,-0.4296083663172271,-0.39655281427433325,0.08117199256439762,-0.16974165075430897,-0.10226482378381113,-0.03074141048824593,-0.544101468152101,-0.5263976529799315,0.4967311169842815,0.38469125810897964,0.021105476801679332,-0.03268883015718459,0.5503230946268921,0.4851983459578396,0.26382478281212457,0.12004451244957574,-0.330568166011204,-0.5330239380872293,-0.25568102783292657,-0.42874846672315026,0.47910317530570695,0.378671960950442,0.22705142958307514,0.3933661275433427,0.057524753727285376,-0.010609643521035926,0.39657810543886496,0.4773833761175533,-0.5669646808887315,-0.12576031563373335,-0.17459755434438978,-0.23342480304505622,0.3384337181805536,0.20224079717750604,-0.5664082752690348,-0.4302659365950505,-0.5603131046169021,-0.11501157070777324,-0.09257830776818118,0.3519139088759342,-0.19665144981600677,-0.14978692193882068,-0.38112520391001403,0.3424550133410893,0.13165315696961266,0.2112191605862492,0.34675451131147333,0.24103744356908913,0.4921534162040491,-0.27229732293023434,0.3233601841196778,0.022547073179984573,0.546023596656508,0.4016110471806674,0.29116453167086076,0.489472552763692,0.20924644975277887,0.6127163975265241,-0.08339761504318466,0.7571542381668964,0.694330985470226,0.6158019195993879,0.4191125330365837,0.40803500297171186,0.28405771443746125,0.5248043096144362,0.56769812466015,0.48120234196183564,0.5031044904462626,0.2440218009838263,0.13279125937353786,0.24381947166757292,0.15924581747366556
#17,0.7640587260840426,0.6284980841942868,0.4901048318769838,0.7315848708253772,1.0,0.5049507454570745,0.13069209271740917,0.5248548919434995,0.2511033270526941,0.5948355442026328,0.4649401231679713,0.2880031361044019,0.39202569582316416,0.3633455152442494,-0.6581140378608733,-0.5559124419883914,0.5293820103946686,0.5062658860127215,-0.40871786441406693,-0.5016376029034257,-0.5643091086129061,-0.6824441381403407,-0.15853766486677878,-0.04809114935697214,0.21908471275559882,0.17371236358578132,-0.3269768206477067,0.4222739286030425,0.09310942222334627,0.2102580963340457,0.3462739791853716,0.6075569999620632,0.5025480848265659,0.40601170980917817,0.10904285587829891,0.04204656103390281,0.2157209878728866,-0.4664070107108082,-0.4564928742143932,-0.2830713590207261,0.320426409034004,-0.11164784582506102,0.016527776021446908,-0.013290506961393037,-0.4256882358148181,-0.5063670506708481,0.5159524020283514,0.3978932459945118,-0.19508339761504317,-0.15949872911898227,0.3568203947950783,0.35864135864135865,0.014428609365318226,-0.009496832281642408,-0.473564410273271,-0.5089467494530786,-0.46514245248422464,-0.5064682153289748,0.513448576739716,0.3625867803082993,0.15274598818902616,0.3408363788110624,0.27083043538739743,0.0767713299358869,0.37930424006373376,0.483402673276091,-0.37614284449727486,-0.03731711326648036,-0.11281123939351788,-0.2650640498741765,0.2480936784734253,0.10001391014049242,-0.6124381947166757,-0.3511298827754524,-0.5514106147017539,-0.22872064644216544,-0.05137900074608935,0.28615688109358994,-0.12560856864654332,0.101506088847861,-0.18322184144968956,0.3666586577978983,-0.09128845837706598,0.06344288622769635,0.4200735972887872,0.15102618900087256,0.38251621795925594,-0.19156792574514092,0.49652878766802816,0.11549210283387498,0.5783457049279834,0.5433427332161509,0.4440243301002795,0.4790525929766436,0.2559592306427749,0.298448387055982,0.07747948254277368,0.7324194792549223,0.622251166554964,0.5650678435488562,0.39055880828032724,0.42657342657342656,0.6361865982119147,0.46754511311473335,0.5389926529167035,0.5182791891652652,0.6070005943423665,0.3531278847734544,0.1252797835076316,0.19723314660023522,0.22052630913390406
#18,0.4740449423993728,0.2714374233361575,0.33666333666333664,0.2610174635491091,0.5049507454570745,1.0,0.01334108929045638,0.4293554546719104,0.10765184182905702,0.2916703549614942,0.624173295059371,-0.0520365710239128,0.45052415938491885,0.5186585566332402,-0.44238040440572085,-0.44612349675640817,0.3786972521149736,0.2915944814678992,-0.16511336764501322,-0.4021674528003642,-0.2650134675451131,-0.5317087975315823,0.22113329708266416,-0.26013227279050066,0.17560920092565663,0.13704017501485857,-0.34991590687793217,0.27295489320805777,0.14700489384033688,0.13208310676665108,0.3435931157450145,0.40922368770470036,0.40671986241606495,0.2797835076316089,0.016704814173168603,-0.022066541053882827,0.11577030564372337,-0.2946294212116997,-0.13554799630748998,-0.022117123382946167,0.12836530558049544,-0.18828007435602373,0.3748024127770963,0.15148142996244263,0.03301761529609631,-0.15170905044322766,0.33537348727222144,0.31524172030501146,-0.22277722277722278,-0.1426548135408895,0.1087140707393872,0.1824883976782711,-0.06182425169766942,-0.08650842828058018,-0.38840905929513525,-0.3121814893966793,-0.27391595746026126,-0.3425308868346843,0.28643508390343836,0.1362055665853134,0.11263420124179618,0.25219084712755596,0.19887707229479382,0.00805523590333717,0.3933155452142794,0.20929703208184222,-0.2696417506544089,-0.03296703296703297,-0.38373019385677615,-0.37128694090719405,0.07975568735062406,-0.18382882939844966,-0.3852982460577397,-0.12669608872140517,-0.24197321665676097,-0.1726754258399828,-0.04533441242302002,0.14179491394681268,-0.1540105464156097,0.15249307654370944,0.2457416001719799,0.37156514371704247,-0.10340292618773632,-0.26599982296184826,0.6370464978059914,0.19118855827716588,0.3446047623262813,0.11657962290873683,0.42841968158423854,0.22219552599299436,0.439143135345667,0.5973140783267366,0.45376142844497275,0.2844370819054363,0.1358009079528067,0.05011444251950581,-0.15929639980272892,0.5412435665600223,0.3359298928919182,0.3035572022913795,0.41147460134801905,0.3476649932346135,0.501005323790134,0.43069588639208894,0.3007245918638324,0.32973355758165884,0.5567470504179365,0.4266998823960849,0.3694406858963821,0.03488916147143995,0.15317593798606458
#26,0.22497755409147815,0.32442241303000796,0.29255554572010267,0.18208373904576436,0.13069209271740917,0.01334108929045638,1.0,0.08835468329139215,0.4497654244489688,0.6066212268743915,0.17533099811580824,0.34493354746519306,0.43246626790930587,0.3760416798391482,-0.1544404962126481,-0.28764905980095856,0.2939465597693446,0.38719508339761505,0.15555330745204163,-0.18585212256098332,-0.2810986481872558,-0.3231072724743611,-0.09179428166769939,0.310436399043994,0.013846912581089795,0.310512272537589,-0.05504621960318163,0.3256616800920598,0.10239127960646947,-0.08463688210523654,0.28312194134978946,-0.025455557101126722,0.27568633897747824,0.08117199256439762,-0.18486576714424816,-0.32148863794433413,-0.22444643963631306,-0.4242719306010445,-0.2514826945206692,-0.2817815096296109,0.2524437587728727,0.14341354847683963,0.09566382984104503,-0.049886822038720774,-0.21744078706104022,-0.4440243301002795,0.1976883875618053,0.2609415900555141,-0.11655433174420517,-0.0011001656571276825,0.2277089998608986,0.1469037291822102,0.21089037544733746,0.3052517103150015,-0.1627107070145045,-0.32862074634226535,-0.3649641497742764,-0.5037367695595544,0.2572996623629535,0.41180338648693077,-0.30441710188545634,-0.2597276141579939,-0.21341949190050455,0.5321893296576841,0.36364900921862947,0.015794332250028454,-0.24736023470200685,0.24338952187053453,-0.05441394048988986,0.09538562703119666,0.14174433161774935,0.14824416090238876,-0.36000708152606886,-0.1449057271842082,-0.4695431151127354,-0.24637387928527169,-0.4297601133044171,-0.07355935204036469,-0.09513271538587995,-0.1435147131349663,0.04192010521124445,0.09116200255440762,-0.035799643394580104,0.17576094791284666,-0.137773618786277,-0.12315532568697125,-0.043741069057524756,-0.01718534629927035,0.16779423108537034,-0.20752665056462524,0.19875061647213546,-0.1339040706129314,-0.19214962252936937,-0.07760593836543203,0.16104149015541422,0.3522426940148459,0.10307414104882459,0.24399650981929463,0.26430531493822634,0.04333641042501802,0.3842613083119412,0.3993095512082854,0.1370907573439219,0.37788793484996014,0.2598287788161206,0.338711920990402,0.23688969258589512,-0.29645038505798,-0.28987468227974555,0.013492836277646404,0.24908003389016048
#49,0.7260461057929413,0.44048356706584557,0.31949063594633215,0.3967804347551183,0.5248548919434995,0.4293554546719104,0.08835468329139215,1.0,0.1606115403583758,0.38926895888921204,0.4540396312548211,0.02601196272082348,0.41488890855979466,0.4881068298789818,-0.553787984167731,-0.46734278379848,0.3964516496162066,0.2355239697011849,-0.1274548236573553,-0.39561704118666147,-0.6109713071738389,-0.5408641990920472,-0.051176671429835986,0.08600260498994676,0.24538752386853652,0.26020814628409566,-0.3475385374119551,0.36546997306490975,0.2679725337953186,0.4620316392468291,0.32854487284867034,0.6138292087659176,0.4442013682520012,0.3543165695064429,0.14505747417139822,-0.062228910330176156,0.07411575766006145,-0.42649755307983156,-0.4341860670974595,-0.1071460185384236,0.3146094411917197,-0.024140416545479836,-0.05709480393024697,-0.21344478306503623,-0.4609947015010306,-0.5079351028718118,0.40697277406138166,0.2364597427888567,-0.23382946167756294,-0.26617686111357,0.25679383907232006,0.33372956157766287,-0.024165707710011506,0.05433806699629484,-0.5684062772670367,-0.4565434565434565,-0.6441280238748593,-0.5970611666814198,0.39205098698769586,0.2246487689525664,0.3066933066933067,0.41792384830359514,0.14427344807091644,0.27988467228973557,0.4702006853905588,0.4961747113645848,-0.13600323726906005,0.00719533630926036,-0.035420275926605044,-0.1983712490041604,0.28527169033498145,-0.04591610920724845,-0.4941514182020511,-0.19834595783962872,-0.4858306250711314,-0.21764311637729358,-0.007068880486602006,0.3209828146537007,-0.29594456176734657,0.06412574767005147,0.07345818738223801,0.32616750338269324,0.1123559984319478,-0.24753727285372856,0.41018475195690385,0.2801375839350523,0.4395225028136421,-0.22586274485008662,0.4245754245754246,-0.010382023040250888,0.3677967602018235,0.467115163317695,0.38929425005374374,0.5847443695544962,0.35760442089556016,0.10656432175419517,0.11534035584668496,0.5163317694963264,0.38370490269224444,0.3865375131197916,0.20871533529761377,0.28646037506797,0.37442304530912124,0.32095752348916906,0.2447299535907131,0.45773214127644507,0.4175191896710884,0.3996383363471971,0.26946471250268716,0.4664070107108082,0.513524450233311
#50,0.14488043601967654,0.5280668698390217,0.046118438523501816,0.04538499475208336,0.2511033270526941,0.10765184182905702,0.4497654244489688,0.1606115403583758,1.0,0.20024279517950405,0.25456821659353307,0.033093488789691324,0.17333299611780625,0.5006006651576271,-0.05099963327811429,-0.06766651070448539,0.009496832281642408,0.2668597225559251,0.2737136281440079,0.03620430202708684,-0.13218427142477776,-0.1546428255289015,0.1710315001454242,0.10373171132664803,0.31916185080742043,0.30924771431100545,-0.22826540548059535,0.057550044891817045,0.3473867904247651,0.03129781610794269,0.31433123838187127,0.045536741739273384,0.310664019524779,0.027807635402572112,0.09437398044992981,-0.05433806699629484,0.2111179959281225,-0.17705079730396187,-0.12634201241796178,-0.21185143969954096,0.48691814514599324,0.20985343770153897,0.41678574589966993,0.10790475347437373,0.0012266214797860366,-0.2395199736971889,-0.07715069740386196,0.11675666106045852,-0.5651690082069829,-0.07138431189064101,0.04599198270084346,0.09495567723415825,0.20985343770153897,0.08979627966969739,0.11458162091073483,0.0036039909457630977,-0.2927325838718244,-0.20213963251937936,0.38491887858976465,0.294528256553573,-0.4911417696227823,-0.3959458263255732,0.08018563714766247,0.2612956663589575,0.09500625956322159,0.073306440395048,0.15985280542242566,0.28866070638222535,0.24278253392177443,0.1206009180692725,0.01925922179086736,0.002111812238394517,-0.32748264393834015,-0.1501915805713274,-0.17960520492166063,-0.29318782483339445,-0.3763451738135282,-0.4757394504229947,0.17715196196208854,0.21266075696455444,0.05398399069285145,-0.03195538638576613,-0.33208563588310425,-0.10502156071776325,0.06559263521288838,-0.5648402230680711,-0.5251330947533479,0.10256831775819118,0.21167440154781927,0.0035028262876364144,0.14348942197043463,0.005349081298448387,0.19988871887606066,-0.20226608834203771,0.08870875959483554,-0.02163659125684442,0.34134220210169575,0.17836593785960875,0.15527510464219324,0.13972103845521566,0.1263167212534301,0.3304670013530773,0.2629648832180478,0.1903792410121524,0.14574033561375332,0.2791765196828488,0.30368365811403786,-0.3003199332313256,-0.41827792460703855,-0.30343074646872115,0.06885519543747391
#51,0.6337080640878109,0.5839350522894826,0.8057385652322361,0.7200268086344036,0.5948355442026328,0.2916703549614942,0.6066212268743915,0.38926895888921204,0.20024279517950405,1.0,0.5043437575083145,0.3141289090656179,0.6378305239064733,0.38919308539561703,-0.5075810265683683,-0.49531481177050796,0.7845192781901643,0.6885393087924734,-0.1087140707393872,-0.4867916893233349,-0.6145373613728045,-0.7018677525006639,-0.12039858875301913,0.001176039150722695,0.1875213394200736,0.11847646024861215,-0.06478331794787491,0.5281680344971484,0.1163520024279518,-0.025278518949405027,0.3610946016009307,0.2810480658581924,0.38926895888921204,0.17257426118185612,-0.054236902338168164,-0.3302646720368239,-0.2519379354822393,-0.7347209752273044,-0.5091237876048003,-0.4275850731546934,0.29736086698112013,-0.167819522249902,-0.01220298688653119,-0.18762250407820028,-0.5540661869775794,-0.6714677727335955,0.48046889819041716,0.46610351673642814,0.1333476649932346,0.029932093223232464,0.5177227835455683,0.5344655344655345,0.3710087380973457,0.383047332414421,-0.2880537184334653,-0.6262218793864364,-0.39761504318466345,-0.7113519392000405,0.5659783254719963,0.4577827236055084,0.08678663109042856,0.24495757407149812,-0.03923924177088734,0.2736883369794762,0.6555343390786429,0.5650172612197929,-0.5755889679940313,-0.09303354872975127,-0.08499095840867993,-0.026795988821305277,0.34250559567015265,0.423159119361651,-0.648301066022585,-0.3586666498058903,-0.6752108650842829,-0.14586679143641168,-0.3213874732862075,0.29204972242946925,-0.2323878652992577,-0.18979754422792397,-0.13160257464054934,0.32644570619254165,0.030260878362144184,0.08069146043829588,0.21422880916551804,0.2370667307376168,0.38980007334437716,-0.16804714273068702,0.35532821608770976,-0.20315127910064618,0.4858306250711314,0.19407175103377636,0.06187483402673276,0.34779144905727183,0.14164316695962265,0.7455708848113911,-0.07229479381378115,0.7621618887441672,0.6577346703928982,0.4802918600386955,0.5217187875415723,0.5278645405227683,0.2799858369478623,0.6393732849429052,0.5214152935671923,0.4730838781471693,0.5034332755851744,0.13195665094399273,0.09452572743711984,0.21880650994575046,0.2810986481872558
#52,0.6142844497274877,0.28673857787781837,0.5352748517305479,0.3794054047218604,0.4649401231679713,0.624173295059371,0.17533099811580824,0.4540396312548211,0.25456821659353307,0.5043437575083145,1.0,0.03754473374726539,0.5871217390204732,0.6261965882219047,-0.4902565788641738,-0.4944043298473678,0.45237041439573084,0.49152113709075734,-0.21220551600298435,-0.39116579622908737,-0.49088885797746556,-0.5270805144222865,-0.05408515535097814,-0.14063152037835583,0.02537968360753171,0.09288180174256123,-0.4218692699705358,0.22186674085408262,-1.2645582265835431e-05,-0.013315798125924708,0.22017223283046067,0.25236788527927767,0.42017476194691383,0.0785922937821672,-0.19877590763666714,-0.3175179251128618,-0.24093627891096245,-0.5154465787377179,-0.3839325231730295,-0.15014099824226407,0.2247499336106931,-0.16531569696126658,0.30135687097712416,-0.07272474361081956,-0.23668736326964174,-0.3567445213014833,0.2894953148117705,0.2804916602384957,-0.06698364926213027,-0.19500752412144817,0.14417228341278973,0.26630331693622833,0.11531506468215329,0.004995004995004995,-0.32730560578661844,-0.3866133866133866,-0.16627676121347007,-0.3592989289191821,0.5772076025240582,0.3553787984167731,0.16660554635238178,0.24222612830207768,0.029653890413384083,0.2044411284917614,0.3321362182121676,0.26630331693622833,-0.30881776451396703,-0.06040794648389585,-0.29629863807079,-0.15363117894763464,0.2875731863073635,0.11640258475701513,-0.4394719204845787,-0.19371767473033297,-0.3061369010736099,-0.07348347854676969,-0.0724212496364395,0.20029337750856738,-0.3540889490256579,-0.14864881953489548,0.11288711288711288,0.5021940085231225,-0.16847709252772544,-0.35193920004046586,0.702550613943019,0.22037456214671405,0.3432390394415711,0.0466495529786669,0.5139291088658178,0.05380695254112976,0.6208601525057221,0.5063164683417848,0.48137938011355735,0.33016350737869726,0.21283779511627612,0.2245728954589714,-0.10734834785467696,0.5768029438915515,0.4123092097775642,0.3642307060028579,0.40469656925353126,0.43405961127480114,0.17401585756016136,0.5384615384615384,0.4901807053705788,0.5573034560376332,0.5910418695228822,0.3452876237686364,0.26949000366721887,0.22940350788452055,0.33598047522098157
#53,0.35507530444239305,0.19275661047812948,0.292530254555571,0.21003047585326065,0.2880031361044019,-0.0520365710239128,0.34493354746519306,0.02601196272082348,0.033093488789691324,0.3141289090656179,0.03754473374726539,1.0,0.4172662780257717,-0.05383224370566143,-0.3026973026973027,-0.12487512487512488,0.25679383907232006,0.30821077656520696,0.00805523590333717,-0.12361056664854134,-0.4166845812415433,-0.1642534680509364,-0.22133562639891755,0.09171840817410437,-0.2274560882155819,0.08392872949834976,-0.04776236421806042,0.48838503268883016,-0.101506088847861,0.12634201241796178,0.14586679143641168,-0.07097965325813427,0.2777096321400119,0.02194008523122447,-0.09260359893271286,-0.1273789501637603,-0.1957662590573983,-0.30393656975935457,-0.49192579572326406,-0.19189671088405266,0.2655698731648099,0.24075924075924077,0.16066212268743915,-0.07328114923051632,-0.3559099128719382,-0.29629863807079,0.3847924227671063,0.4176709366582784,-0.2576537386663969,0.09644785594152683,0.4939743800503294,0.3087671821849037,0.1513296829752526,0.35732621808571174,-0.41149989251255076,-0.10092439206363257,-0.43448956107183956,-0.4274080350029717,0.26519050569683483,0.4191884065301787,-0.26132095752348916,-0.21559453205022824,-0.16761719293364863,0.3221209170576259,0.21604977301179834,0.012683519012632937,-0.12783419112533037,0.12262421123180617,-0.03888516546744395,-0.0011507479861910242,0.15454166087077478,0.2659745317973166,-0.19912998394011053,0.06923456290544898,-0.5348449019335095,-0.25163444150785924,-0.25340482302507616,-0.12621555659530342,-0.10590675147637173,-0.03395338838376813,0.16071270501650248,0.4382326534225268,0.0831952857269313,0.6185586565333401,0.22533163039492154,-0.16131969296526258,-0.02421629003907485,0.025329101278468366,-0.006841260005816968,0.4662046813945548,0.5278645405227683,0.2364597427888567,0.017109472805675336,0.1277330264672037,0.4147624527371363,0.26116921053629916,0.2661515699490383,0.2882813389142503,0.33337548527421945,0.26359716233133956,0.2647605558997964,0.27196853779132263,0.119639853817069,0.40601170980917817,0.1931612691106362,0.45975543443897876,0.1714614499424626,-0.28003641927692563,-0.37877312560856863,0.05911809709278064,0.1772784177847469
#54,0.49442962101189947,0.36048761365217064,0.7045739071055527,0.33926832661009876,0.39202569582316416,0.45052415938491885,0.43246626790930587,0.41488890855979466,0.17333299611780625,0.6378305239064733,0.5871217390204732,0.4172662780257717,1.0,0.5328721911000392,-0.42277975189367595,-0.37363901920863946,0.7028793990819308,0.6402584757015137,0.10340292618773632,-0.2013303152543659,-0.5767017792334248,-0.45044828589132385,0.1875972129136686,-0.0838781471692864,0.01925922179086736,0.20441583732722973,0.04963391039340406,0.7035622605242858,0.32480178049798303,0.1389875946837972,0.4649148320034396,0.2523931764438094,0.5718711668078756,0.09748479368732534,-0.07871874960482556,-0.36597579635554317,-0.2538347728221146,-0.6212142288091655,-0.6197726324308602,-0.2558074836555849,0.43562766347576476,-0.06721126974291532,0.4438220007840261,-0.05484389028692826,-0.30939946129819546,-0.3229302343226394,0.5199484060243554,0.6764754233108663,-0.09874935191390888,0.29086103769648075,0.5535097813578826,0.6799403128517053,0.4550006955070246,0.5250319300952212,-0.4243730952591712,-0.5933939478243275,-0.5203783558213938,-0.6108195601866488,0.46038771355227054,0.5145108056500461,-0.21822481316152204,0.008864553168350636,0.06354405088582304,0.45603763325282315,0.7637299409451308,0.3632696417506544,-0.31660744318972167,0.23777488334450358,-0.1974101847519569,0.04217301685656116,0.14146612880790096,0.20742548590649856,-0.6216947609352672,-0.35421540484831626,-0.7397286258045752,-0.31190328658683086,-0.4947078238217479,0.020624944675577586,-0.0027693825162179594,0.15573034560376334,0.350624059484819,0.5909912871938189,-0.0207008181691726,0.007827615422552132,0.5884115884115884,0.01812111938694217,0.23119918056626917,0.20150735340608758,0.30239380872292265,0.1277330264672037,0.6852008750742928,0.443215012835266,0.31304138899075606,0.19257957232640777,0.1856245020801983,0.5387144501068551,-0.03789881005070878,0.6498438270590169,0.5012329442709189,0.46908787415116526,0.6434451624325042,0.724376888933851,0.3636995915476928,0.8220007840261004,0.2900264292669356,0.5952654939996712,0.5497666890071954,-0.01953742460071574,0.03099432213356264,0.010204984888529191,0.23939351787453053
#58,0.3438966097193945,0.27108334703271414,0.22229669065112104,0.08066616927376422,0.3633455152442494,0.5186585566332402,0.3760416798391482,0.4881068298789818,0.5006006651576271,0.38919308539561703,0.6261965882219047,-0.05383224370566143,0.5328721911000392,1.0,-0.3574779650729018,-0.3392936177746304,0.24225141946660933,0.3353481961076898,0.04442393049987987,-0.3142300737237446,-0.3611704750945257,-0.45998305491976377,0.15365647011216632,0.03418100886455317,0.18000986355416734,0.27662211206515,-0.3032284171524678,0.19323714260423122,0.27783608796267023,0.25864009408313204,0.41724098686124,0.40760505317467344,0.39483301508617963,0.3000923127505406,0.014757394504229948,-0.14642319705610846,0.08886050658202557,-0.3031525436588728,-0.32667332667332666,-0.059623920383414054,0.32740677044474514,-0.10790475347437373,0.30150861796431416,-0.10570442216011837,-0.07123256490345098,-0.25155856801426424,0.15633733355252344,0.16349473311498627,-0.23415824681647465,-0.14123850832711593,0.062026581013922784,0.16640321703612843,0.009370376458984054,-0.06172308703954273,-0.3237142604231212,-0.4302406454305189,-0.34718446110851175,-0.3713375232362574,0.39334083637881107,0.24007637931688564,-0.046194312017096825,0.031474854259664384,0.26921180085737045,0.3942766094664829,0.41367493266227445,0.22697555608948014,0.1265949240632785,0.17444580735719975,-0.05833407099229884,0.06516268541584998,0.20836125899417038,0.03923924177088734,-0.4558100127720381,-0.1815526245905993,-0.2624337687628827,-0.21845243364230707,-0.24311131906068614,0.05148016540421604,-0.07904753474373727,0.12568444214013835,0.2610174635491091,0.23314660023520783,-0.21513929108865817,-0.3680496718471402,0.44263331605103756,0.07563322753196171,0.09763654067451535,0.20398588753019134,0.4488802336903603,-0.10507214304682659,0.27437119842183133,0.38790323600450183,0.4365381453989049,0.16023217289040073,0.11862820723580217,0.04037734417481253,-0.05583024570366343,0.3581861176797886,0.21776957219995194,0.14667610870142517,0.19875061647213546,0.33815551537070526,0.3851464990705497,0.3486007663222853,0.16230604838199775,0.30644039504799,0.42035180009863554,0.20348006423955792,0.15431404038998975,0.06372108903754474,0.39913251305656366
#101,-0.795065693799871,-0.46529419947141465,-0.5420023014959724,-0.541344731218149,-0.6581140378608733,-0.44238040440572085,-0.1544404962126481,-0.553787984167731,-0.05099963327811429,-0.5075810265683683,-0.4902565788641738,-0.3026973026973027,-0.42277975189367595,-0.3574779650729018,1.0,0.7928147801565523,-0.5879310562854867,-0.5351736870724213,0.3313269009471541,0.7789805131577283,0.7790563866513234,0.7646910051973344,-0.02183892057309779,-0.08610376964807344,-0.2511286182172258,-0.467266910304885,0.3018374031032259,-0.535198978236953,0.02975505507151077,-0.1481935785733254,-0.2056803955538133,-0.4234373221714994,-0.6909925517520454,-0.549867853665322,0.061647213545947724,0.23962113835531557,0.01602195273081349,0.6097067489472553,0.46941665929007703,0.10858761491672884,-0.10699427155123357,0.35565700122662147,-0.11837529559048546,0.46797506291177177,0.2460956764754233,0.4843637375282945,-0.7940793383831358,-0.5662818194463765,0.05006386019044247,0.17930171094728056,-0.35097813578826237,-0.3195412182753955,-0.054919763780523274,-0.10016565712768244,0.6496920800718269,0.4053035572022914,0.37427129832193123,0.5347943196044462,-0.5562159359627714,-0.2692623831864338,-0.31038581671493065,-0.3454140795912948,-0.001353077302444391,-0.2286447729485704,-0.41122168970270234,-0.49359501258235433,0.22849302596138038,-0.18016161054135738,0.19520985343770153,0.19928173092730056,-0.5063670506708481,-0.2051492810986482,0.6110977629964972,0.38719508339761505,0.5456189380240013,0.12323119918056627,-0.11364584782306301,-0.3799618103415572,0.15385879942841968,0.0019853564157361627,-0.010002655572275825,-0.6029540080172991,0.2133942007359729,-0.23967172068437892,-0.47814211105350346,-0.2237888693584896,-0.3730067400953477,0.06804587817246045,-0.6277393492583366,-0.1930853956170412,-0.4942272916956461,-0.6159030842575146,-0.5267517292833749,-0.6588980639613551,-0.2683771924278253,-0.402799731913656,-0.23620683114354,-0.7210131640511387,-0.7545239570556026,-0.5781939579407934,-0.4457188381239014,-0.3529508466217327,-0.37477712161256466,-0.5473640283766866,-0.6617306743889022,-0.6636275117287775,-0.6350737869725211,-0.3716663083751691,-0.21483579711427814,-0.33974885873620053,-0.27497818637059146
#102,-0.7454697201532644,-0.36572288471022646,-0.423310866348841,-0.48674110699427153,-0.5559124419883914,-0.44612349675640817,-0.28764905980095856,-0.46734278379848,-0.06766651070448539,-0.49531481177050796,-0.4944043298473678,-0.12487512487512488,-0.37363901920863946,-0.3392936177746304,0.7928147801565523,1.0,-0.5036861872304911,-0.3851464990705497,0.5075810265683683,0.6777905638665133,0.49791980171727007,0.6825453027984674,0.13226014491837276,-0.15873999418303217,-0.08471275559883155,-0.32346134877780447,0.25039517444580733,-0.3620809570176659,0.02424158120360652,0.06829878981777716,-0.33130160978262246,-0.431151127353659,-0.5435956448614676,-0.479710163254467,0.17211902022028605,0.18243781534920775,0.07722657089745698,0.55785986165733,0.4098306756534605,0.2250028452560098,-0.014175697720001518,0.33079578649198904,0.01452977402344491,0.1941982068564347,0.08729245438106198,0.42599172978919814,-0.6126658151974608,-0.4181261776198485,0.0026682178580912756,0.129629863807079,-0.10972571732065403,-0.1108891108891109,0.04677600880132526,0.01308817764513967,0.614486779043741,0.4712376231363573,0.26013227279050066,0.32399246323296954,-0.3725767902983093,-0.33598047522098157,-0.32148863794433413,-0.37614284449727486,0.1224218819155528,-0.09336233386866298,-0.2619026543077176,-0.26301546554711114,0.48588120740019475,-0.13724250433111193,0.4522692497376042,0.3581608265152569,-0.18721784544569356,0.03660896065959357,0.4614499424626007,0.3938213685049128,0.47460134801906956,0.1970561084485135,-0.10891640005564056,-0.37831788464699856,0.17920054628915388,0.15393467292201468,0.05340229390862302,-0.29657684088063835,0.15173434160775934,-0.06847582796949886,-0.3619797923595392,-0.3584137381605736,-0.47439901870281614,0.06905752475372728,-0.5049254542925429,-0.09467747442430986,-0.2950087886796748,-0.4661288079009598,-0.3869927540813617,-0.5119058157032841,-0.31296551549716106,-0.2847405758798164,0.04432276584175318,-0.5605407250976872,-0.541572351698934,-0.533276849732546,-0.5675463776729599,-0.42485362738527294,-0.44680635819876324,-0.4561640890754815,-0.6596315077327736,-0.6037633252823126,-0.6317606444188723,-0.3240683367265646,-0.24177088734050758,-0.3691624830865337,-0.2669355960495201
#201,0.6528028933092225,0.5572528737085699,0.9016426611363321,0.6439004033940743,0.5293820103946686,0.3786972521149736,0.2939465597693446,0.3964516496162066,0.009496832281642408,0.7845192781901643,0.45237041439573084,0.25679383907232006,0.7028793990819308,0.24225141946660933,-0.5879310562854867,-0.5036861872304911,1.0,0.7301179832825403,-0.11741423133828197,-0.4868675628169299,-0.6447097206590877,-0.6423070600285791,0.08256300661363952,-0.1810215101354342,0.13403052643558971,0.14546213280390496,0.043134081108764655,0.6093020903147486,0.1848151848151848,-0.055476169400220036,0.3430872924543811,0.31999645923696557,0.565927743142933,0.10747480367733532,-0.10641257476700515,-0.32593988290190823,-0.23248902995738438,-0.7571289470023648,-0.559250875706572,-0.43995245261068044,0.18661085749693346,-0.36428128833192125,0.10937164101721064,-0.3163039492153416,-0.4161281756218465,-0.47756041426927504,0.6606937366431037,0.6153466786378179,0.16875529533757383,0.1838541205629813,0.6167376926870598,0.5988062570341052,0.4911417696227823,0.4095271816790804,-0.3798353545188988,-0.6402584757015137,-0.3226014491837277,-0.6240721304012443,0.5957207349612413,0.4600842195778905,0.08678663109042856,0.2689335980475221,-0.109498096839869,0.1278847734543937,0.7438257944587059,0.5897773112962986,-0.5332009762389509,0.16480987367063316,-0.2211838794117275,-0.15828475322146207,0.3200976238950923,0.3624856156501726,-0.7059649211547946,-0.4719710669077758,-0.7297639069790969,-0.137773618786277,-0.32376484275218453,0.27174091731053757,-0.04877401079932726,-0.02279998482530128,0.01915805713274068,0.49384792422767104,-0.10605849846356176,0.1407326850364825,0.4078073824909268,0.13989807660693737,0.3957182058447881,0.043184663437827994,0.29397185093387623,-0.0594974645607557,0.5145866791436412,0.346779802476005,0.32965768408806384,0.4147624527371363,0.1630394921534162,0.8113784949227987,-0.08263888010723454,0.8733418480253923,0.7605938365432037,0.6573300117603915,0.5949872911898229,0.6995662565282819,0.33838313585149027,0.79928931827666,0.4865387776780182,0.541192984230959,0.5936468594696442,0.15777892993082868,0.1642534680509364,0.19730902009383022,0.2057562690474083
