,#10,#11,#12,#13,#17,#18,#26,#49,#50,#51,#52,#53,#54,#58,#101,#102,#201,#202,#301,#302,#401,#402,#501,#502,#601,#602,#701,#702,#801,#802,#901,#902,#1001,#1002,#1101,#1102,#1201,#1202,#1301,#1302,#1401,#1402,#1501,#1502,#1601,#1602,#1701,#1702,#1801,#1802,#1901,#1902,#2001,#2002,#2101,#2102,#2201,#2202,#2301,#2302,#2401,#2402,#2501,#2502,#2601,#2602,#2701,#2702,#2801,#2802,#2901,#2902,#3001,#3002,#3101,#3102,#3201,#3202,#3301,#3302,#3401,#3402,#3455,#3501,#3502,#3601,#3602,#3701,#3702,#3801,#3802,#3901,#3902,#4001,#4002,#4101,#4102,#4201,#4202,#4301,#4302,#4401,#4402,#4501,#4502,#4601,#4602,#4701,#4702,#4801,#4802
#10,1.0,0.30525795591429955,0.4524820942595243,0.46669549430825674,0.19139563535778878,0.11567777560426512,0.049301444470755386,0.6863483957760641,0.00045506491367150903,0.5331775267942633,0.47245278615724107,0.0590451873281924,0.05536623116336693,-0.30165587346038086,-0.08974388013192078,-0.07745644109037123,0.313582280609636,0.123684996242111,0.14503804219131258,0.2836784070668904,0.023381276446787263,0.18275695209463702,-0.20510111981660128,-0.16071341549211188,0.25375668784125577,0.26716703215997967,0.1821652990696222,0.1032585530583039,0.22824010679954837,0.013192764261960897,-0.14884329088119924,-0.2615964336089119,-0.2866531451300161,-0.22012718480920562,-0.0690758338566923,0.02802527223246061,0.10596697862293102,-0.241506312910322,-0.07852306382920309,-0.3559534227676595,0.14165559891141336,-0.2229358207469791,-0.17648350818670702,-0.2341621280290473,-0.16330653049037877,-0.27679820994073173,-0.25446090594295556,-0.224285228922361,-0.32877856596210536,-0.2999344514340036,-0.2543908959562369,-0.33522772120925093,-0.0744913122411089,-0.10451049635021466,0.16275605981049257,0.06642094534073242,-0.07481390727794994,-0.00377161644136492,-0.41187355647300666,-0.2162834992638656,0.02405392141722177,-0.020720896951476903,-0.34401191542519055,-0.08236812211938076,0.10006143033148356,0.006723017842251027,-0.39642331332557734,-0.21654157529333842,0.21631369965029326,0.12094911578073146,0.19513911052998245,0.2641662119449392,-0.054122524340481905,0.19417132541945933,0.012385590297439488,0.08038176033934252,0.12662816117397138,0.06409963382031457,-0.11575602206000954,-0.05059182461811954,-0.04556208753307457,0.1693383713068874,-0.09008294810681328,0.13572808670256395,0.17583008164399921,0.11172015223740249,0.16051024925614388,-0.04790536297089438,0.05182866771681647,-0.0623480114075096,0.2266230133808303,0.21325522415207268,0.1751135088387608,0.10134220126498437,-0.04178292099510273,0.29958028326589725,0.1734346419023498,-0.14959143681770293,0.01985606770377539,-0.0012334112366028684,0.03164931860378123,0.08759690720588084,-0.1316208341484006,-0.1832044669117016,-0.46598715797204404,-0.12356007646188745,-0.13008061444058933,0.14795512497125815,0.17073170731707318,0.05911794280458634,-0.04510770899182187
#11,0.30525795591429955,1.0,0.09981021802619884,0.2652026342973434,0.030409730015409062,0.0029081599385010312,0.5471177506203091,0.34421782715083377,0.44780652534258564,0.5152659521529787,0.20038848678904686,-0.07270399846252579,-0.08289937437154025,0.048329541125719404,0.03316208341484006,0.25567990335876345,-0.08112441529649572,-0.17925782550353997,0.12535699945433393,-0.058622381918205,-0.17462343893172996,0.06706750815925212,-0.09177005151225003,0.03178384759786813,0.12018175141650107,0.25849814851040026,-0.10611660781023176,-0.05568608071053273,-0.2980277088545474,-0.1406425132212487,-0.2673097976230923,-0.21518255790409319,-0.17226094506618347,-0.11408127335811137,-0.09800368581988901,-0.055883755967150214,-0.02671430091253213,0.011078737212023872,-0.11635728429888774,-0.06111528654332554,0.09776070998363001,-0.05577530912497812,0.0836324201148301,-0.047390583656786334,-0.09561648254726532,0.0636095639132837,-0.2175011239348358,-0.2267891155061825,-0.29839148623651707,-0.24457027938789308,-0.3499764917446557,-0.3537515400481147,-0.14209487725945222,-0.25227686890629986,-0.1088332698438846,-0.13556747555656223,-0.06250587706383606,-0.040672370421466986,0.009056684066207483,-0.15214199672600356,0.06425063575245292,0.005782687628480337,0.030776252887053986,0.14115729253535675,-0.18234375589851298,-0.20635169036367443,-0.019499154045993814,0.24854437569280716,0.027914079900613273,0.1703940120870183,0.08352809150717087,0.0104404108625299,-0.0341696781256542,-0.13008885090961506,-0.005366745942681039,0.03439206278934887,0.19098518465133998,-0.03861325316503482,0.19264757864969953,-0.08411150806315999,-0.14066447713865066,-0.14222391527418862,-0.2647729651631679,-0.10141358399654068,-0.00045094667915864466,0.027522847621891163,0.05971234131927643,-0.01794795237948158,-0.0853922789966608,-0.10508018545782756,0.09639208338052144,-0.03899350348505596,0.213032839488378,0.09275156407114936,-0.02579181638165052,0.11440661388462767,-0.1393727242464489,-0.19657225614045926,-0.008503467896646041,-0.15937910750994383,-0.1956209439679876,-0.2816083078517573,-0.26342630247746124,-0.13942900678479137,-0.13725869719651185,-0.07712423683966683,-0.13196676584748118,0.1415814706901818,0.1987837480738674,0.24285846657537913,0.13101133544049665
#12,0.4524820942595243,0.09981021802619884,1.0,0.631671968893602,0.33562444446732353,0.014889476881261004,-0.11138657524186048,0.1888437027046505,0.08575605637863049,0.48836564431494883,0.4409771197754189,0.05705196182396607,-0.012153596419881464,-0.33124813392498637,-0.3458335478247142,-0.28693043958721565,0.6898832137329394,0.6812129573385223,-0.10221663972654922,0.20258762401891642,-0.2392838390182129,-0.0713037987281519,0.22455977788988526,-0.1854379227625117,0.10999323923167471,0.1371708415269041,0.4064470961298891,0.3190773781946346,0.15491494129799888,0.006131364817236184,0.27900009266027653,0.010743787471644239,0.2386770857999842,0.2799239499359958,0.13487012117905053,0.13767463888231116,0.2830798903176875,0.048056364903032736,0.10678925278066626,0.1311939105039003,0.04803714647530603,-0.09573179311362552,-0.2045012303225607,-0.14872386208032617,-0.1193512407897401,-0.2811607930346927,0.20821725059800197,0.1933353238133479,0.0412173501220027,-0.10316383366450803,0.07180073235937087,-0.00815067247337733,0.34993942763403996,-0.0961532257787753,0.05474025951741155,0.2578364854986667,-0.45690370538150293,-0.3151321095313106,-0.032446883354439286,0.07423872719098656,0.06335011513897326,0.06885070370332239,-0.2752360263155185,-0.32572832693291054,0.24156808642801497,0.14200153061049395,-0.30031607449886233,-0.35678256064958286,0.2891117311341961,0.24487777423152027,0.497488906505781,0.545025687487774,0.06575104585997316,0.3865258230463267,-0.11329331782131667,0.2557101037451911,-0.1066382508485279,-0.4545906303301108,-0.24546393627718463,0.023481486819933627,-0.2737562073805626,0.1421895966532481,0.1251771698806055,-0.23792482162896766,0.13433749618205343,-0.12386757130551466,0.15536657434957635,-0.2791703130201416,-0.1687563274957359,-0.0402893746117706,0.2018504600411137,0.27861023312639205,-0.11966285386788017,0.04617021349614087,0.06121000593712142,0.32818828568192815,0.5757586989124429,0.473983396651189,0.4256174777872726,0.44215493484609814,0.3586330206906966,0.5109143510177186,0.40812733581113775,0.43892898447768774,0.2290349260605312,0.41859863343251413,0.28947825400584104,0.13226739696692028,0.11320271666203366,-0.2621455315439604,-0.42813097358495744
#13,0.46669549430825674,0.2652026342973434,0.631671968893602,1.0,0.26377635241105474,0.1261875100810949,0.023944101830212054,0.1799894985019922,0.10794098569943066,0.7493697385264271,0.4951319036195849,0.05317944863703597,-0.07936867464917789,-0.304839268738825,-0.20256291461183923,-0.25646923164039576,0.5589425746515801,0.38767206498574064,-0.039943442912689996,0.2413896295991242,-0.22334489870859028,-0.05033237584380909,0.24317831612254492,-0.09606399736432991,0.059694495636387346,0.10607679820994073,0.3879054316081363,0.19335728773074984,0.011047164080758579,-0.09110564301084126,0.1628219515626984,-0.05443139192894673,0.1450778517916036,0.2345011960039398,0.03235353670548103,0.005480683764203619,0.1747085491116625,0.04622512328964573,0.10139162007913874,0.11294464063256082,0.10327365325151774,-0.11865800464674127,-0.1342276765950437,-0.06426573594566676,-0.13141629516759498,-0.19728059247667193,0.040120526996743164,-0.042870134906498915,-0.19881943943964556,-0.326988506693847,0.00015443379423241257,-0.1243507774883574,0.1936181092498979,0.020171799016428325,0.044529783415183245,0.17546081328267904,-0.33001129082628944,-0.29393555649359787,0.1661371303455542,0.2145428588097616,0.10811257880413333,0.05983039737531187,-0.1396925737936147,-0.2627316935896248,0.07072312766183804,-0.1099795117832985,-0.25311424325724896,-0.32105824899532237,0.18509336380826874,0.273653251517741,0.2680551980699208,0.2937804363269466,-0.08374635793635268,0.33958481332386137,-0.18814772107197644,0.13623325680280862,-0.08168998616959576,-0.2704067099767663,-0.05980431522339706,0.14649040622951606,-0.2589992003761321,0.05206340708404973,0.07213156386523764,-0.2476122819480622,0.1317114353076836,-0.04068747061468082,0.1406425132212487,-0.09366855762268049,-0.09223129377769083,-0.06682590506783076,0.2558624784221671,0.17037891189380447,0.034176541849842305,0.13482619334424664,0.057089025934581844,0.36807613242869447,0.37960993455438985,0.30313294690566156,0.2745482811518702,0.24707004773720173,0.20806762141070123,0.3119377322941655,0.24958903451423708,0.2631174348889964,0.010760260409695696,0.2037517116412194,0.18176033934252386,0.17321774821800562,0.08532913273413022,-0.015319146015436515,-0.09936956693332236
#17,0.19139563535778878,0.030409730015409062,0.33562444446732353,0.26377635241105474,1.0,0.3581045139282123,0.030416593739597167,-0.020149835099026382,0.2602607528819062,0.2599601217624671,0.31912542426395135,0.6856784962953049,0.45193025083480043,-0.02682000226502898,-0.47131889892136575,-0.4808553573083219,0.372026892071369,0.17595225593454752,-0.3024136286107479,-0.15723488007357914,-0.21366430211368387,-0.21786901955131835,0.16705686938676056,-0.09679841585245738,-0.0973049586975397,-0.1283001643861943,-0.003598650591824618,-0.0987257496044779,0.3219903427400673,0.00041800080305573,0.2927824508299958,0.16139155144189685,0.13552217497692073,0.2059412396572256,0.501586549846081,0.383166716428667,0.3552945052456012,0.11545676368540807,0.18770020625491185,-0.03905115876823606,0.342965883858923,0.2729627608644174,0.27636991355139384,0.21775919996430865,0.28164399921753547,0.06551767923757752,0.11237083329043505,-0.019381097989958372,-0.05752830428262071,-0.1692024695679629,0.14900664751687617,0.06869970177118402,0.1869410783597072,-0.11435582232563567,-0.17711085257750003,-0.09878615037733324,-0.4752600493501769,-0.45848648017928045,0.058334105502304494,-0.07105670465738005,0.18141303489860564,-0.0909738595064296,-0.14073860535988222,-0.011125410536503,0.021587098944016034,-0.15002110595187843,-0.0668863058406861,-0.09381406857546837,-0.17959689347843247,-0.16958409263282165,-0.016760528094939033,0.18040406744295387,-0.042951126851918583,0.09408587205331741,-0.4421865079773634,-0.13412334798738448,-0.2616046700779376,-0.16867670829515385,0.03615741265053005,-0.04744412070545357,0.22724623953711043,0.43947259143338585,-0.04474118612017695,0.15103968262139353,0.5066492328072288,0.2441996382817353,0.3732184345904244,0.12848823042894844,0.25692361018164844,0.32512981018370757,0.5819003593159613,0.3741450373558189,0.19524206639280406,0.23970389893852506,0.35076993826080094,0.03866129923435157,0.14146890561349681,0.3224090299155419,0.221239108127679,0.2279545758733231,0.11168583361646195,0.4487180279147663,0.3625755438643454,0.1688771290414466,0.11707934808347661,0.1845923119425369,0.05208537100145168,-0.009939358996798073,-0.0005291931349030671,-0.053717564613383575,-0.15321685593386114
#18,0.11567777560426512,0.0029081599385010312,0.014889476881261004,0.1261875100810949,0.3581045139282123,1.0,0.20156630185972607,-0.02682000226502898,0.021031137284779348,0.09620813557228017,0.10242941517638056,0.3783895643937444,0.6185430372665904,0.45728807393603693,-0.31827157697495084,-0.313672881768919,0.0944249400282099,0.06481757937039058,-0.18641806257657342,-0.1231345255622248,-0.22434562969521632,-0.19559486181607277,-0.042321036971450336,0.018492932080017295,-0.2936074704774063,-0.1514666062658938,0.0763857001170265,0.04709544351669773,0.5185536760390821,0.37194590012594936,0.35681413378084814,0.2859049991935124,0.043971076266271315,0.13315419013202373,0.49984865488165225,0.3155164780858446,0.2788202630865481,0.1389265821742219,-0.09865024863840871,-0.1305157745541153,0.09529800574493714,0.2023185660307426,0.29406322176349664,0.28277925919824837,0.15928576086098556,-0.001041226959335866,0.2399894298647503,0.10717362133520027,-0.054023686712173155,-0.06075700014070635,-0.10010947640080031,0.10298263134594199,-0.20115447840843964,0.07344390793000374,-0.4063317855635289,-0.20476479733138403,-0.4692487997062326,-0.42140040564609954,-0.14344703092450933,-0.25681241784980113,-0.2496027619626133,-0.0912813543500568,0.39019928823180167,0.021799874393847358,0.08166664950735619,-0.2000192184277267,0.3756372109943134,0.22624139031597154,-0.10004221190375685,-0.14233236211636072,0.12723491439220005,0.1428883237755974,0.17451361934472026,0.16092481819710558,-0.35050225301746474,-0.14848774996825528,-0.2757755150367038,-0.05338124212816632,0.4931208324324695,0.18337880550607955,0.057867372257513205,0.5373932261905987,0.164038203488831,0.3858380778826784,0.5475721291615617,0.07947986698102523,0.028666344071629827,0.2795395813814618,0.21866795704681402,0.3652743602151091,0.30691623167814625,0.18453053842484393,0.17503938061752927,0.019176559009152775,0.3152227106905936,-0.11956950721892191,-0.15164780858445984,0.10343014616300658,0.20495423611897579,0.11055469187026189,0.030571713906248393,0.37581154958869134,0.20954744034565714,-0.10697869156825802,-0.01700487667603565,0.00477783840734144,-0.028711644651271333,-0.2680318614076812,-0.2172526571192263,-0.052487585238874764,-0.003101716960605655
#26,0.049301444470755386,0.5471177506203091,-0.11138657524186048,0.023944101830212054,0.030416593739597167,0.20156630185972607,1.0,0.06975671529615254,0.18478586896464153,0.39877070699791,-0.08468943363979863,-0.14867718875584704,0.1262575200678136,0.34337496182053423,-0.10451049635021466,-0.06128276141351536,-0.19086712859530452,-0.1550055424572819,0.040290747356608224,-0.05067418930837683,-0.13946195266089428,-0.031992504813186586,-0.09314142360503386,0.11368455010003878,0.0542886264658341,0.193675764533078,-0.0670661354144145,-0.07424696366001228,0.03055386822335931,-0.0974394876916266,-0.01304450781949778,-0.11597017025467848,-0.07172660413813932,-0.1079629496168326,0.11511632296567795,0.11329057233164143,0.18628765181699938,0.08407032571803134,0.12612161832888907,-0.020572640509013786,-0.07768431673341639,-0.028714390140946577,0.26100478058389703,0.09106446066571261,0.19960739497644026,0.026354641765075314,-0.09087914011263372,-0.15656498059281987,-0.2405838283794404,-0.11148541287016922,-0.16652424438976343,-0.1636785443413742,-0.20312711274010165,-0.07804260313603559,-0.20906697965248963,-0.09513053087474733,-0.05555429720612107,-0.08284583732287301,0.09663231372710519,-0.16157138101562526,0.11411010099970142,0.06668588509439337,0.16635951500924887,0.2832624653810911,-0.13552766595627122,-0.1484644133060157,0.23459316990806042,0.45959291251840334,0.008771153139982222,-0.03461719294271879,0.04711466194442442,0.03286007955056334,-0.05054789678331566,-0.11295013161191131,-0.03482722290287487,-0.102739655509683,0.02116703902370387,-0.049705031453016094,0.33260989680390685,0.025510403689938125,-0.24608990792314,-0.06475168761818476,-0.19813443976567247,0.0409167190025636,0.09418608242646377,0.15592528149848828,0.16426607913187616,-0.024460253889157717,-0.0852838321544887,0.002790103882465587,0.21188797029380171,-0.022317399197630643,0.27846334942876655,0.23253542539646588,0.12856098590534237,-0.11229945055887874,-0.17414160549372484,-0.2265392759457354,-0.06744501298959803,-0.17564064285640746,-0.21751073314869915,-0.1683321493409109,-0.03983087783600504,-0.1181734257190609,-0.08812129573385223,0.02533469235072258,-0.14178600967098737,0.10424006561720324,0.15196216715227515,0.2537251147099905,0.2037256294893046
#49,0.6863483957760641,0.34421782715083377,0.1888437027046505,0.1799894985019922,-0.020149835099026382,-0.02682000226502898,0.06975671529615254,1.0,0.1316359343416144,0.40646631455761584,0.38657112362596824,-0.020514985225833685,0.024226887266762073,-0.2281838242612059,0.10963632557389313,0.2015800293081023,0.13081091469420392,-0.06282709935583948,0.34496597308733745,0.32906958786768115,0.17186834004262372,0.3713624835699602,-0.20849317231036388,0.00939437929626236,0.20521917587263674,0.330277603324788,0.05906166026624386,0.06508389186888915,0.05314101178158257,-0.11439151369141383,-0.3803361165734916,-0.47591073040320947,-0.4387724915661989,-0.41720529742232837,-0.4292072055376527,-0.1253679814130349,-0.23304745922089867,-0.26281954925923257,-0.27430393257077357,-0.34396524210071144,-0.08041470621544544,-0.29635982387683735,-0.311841640155532,-0.3583461170196337,-0.25360980414363027,-0.21233273962119106,-0.28107980108927305,-0.2546997635447017,-0.2974841018988493,-0.2367181789166984,-0.35506113862320554,-0.37621376382611443,-0.24482423718285304,-0.12081184129696933,0.1930292017145583,0.09149687528956336,0.13518859798137872,0.2247135253116989,-0.39754484585791405,-0.32517648350818673,-0.12276388445606702,-0.19354398102866635,-0.3459749405429892,-0.03741896515630416,0.008867245278615724,0.17031439288643624,-0.444476246366516,-0.21691633463400906,0.3644109037122452,0.1496545830802335,0.17635309742713298,0.10262709043299804,0.15068825994296245,0.21122356179239293,0.2260670517215936,0.1273145335927821,0.20372288399962935,0.13701572136025286,-0.19154663728992713,-0.06733382065775069,-0.05054103305912755,-0.11314094314434069,-0.1615603990569243,0.08090752161215153,-0.022196597651919954,-0.04679755788693387,-0.08698878124281453,-0.252193131471205,-0.026862557354995247,-0.24983750132984656,-0.0525219038598153,-0.0845219587696088,0.006699681180011462,-0.10033597929900785,-0.3471513828688308,0.1716610555721429,-0.006359240460281344,-0.3955584840778758,-0.03823163010017606,-0.2795162447192222,-0.12824525459268946,-0.18660612861932757,-0.43154087176160916,-0.3738444062363798,-0.5810108206611826,-0.33976052466307693,-0.28164262647269783,-0.017532010693682286,-0.0391692148242715,0.04721761780724603,0.002294542996084245
#50,0.00045506491367150903,0.44780652534258564,0.08575605637863049,0.10794098569943066,0.2602607528819062,0.021031137284779348,0.18478586896464153,0.1316359343416144,1.0,0.19819072230401494,0.060139264963776695,0.2445592974291921,0.06733519340258831,0.19431271813773435,-0.14682810145957095,-0.054694958937770044,0.022381918204998852,-0.13203128485484938,0.04400127665269899,-0.1571058420588427,-0.07277400844924448,-0.03371392683956388,0.2243895575300202,-0.02107094688507037,0.1040012080154571,0.11797025948309293,-0.008042225631205236,0.08878433149042339,-0.08237498584356887,-0.1344761434106532,0.022044222974943975,0.008647606104596292,0.1695813471431464,0.16861905301197377,0.19041412279888945,0.049155933517967515,0.09450318648395432,0.06823983225058085,-0.1495255450654971,0.06819041343642647,-0.07547145205517061,0.20040633247193596,-0.029006784791359944,0.03334877671275657,0.05052044188656323,0.09209539203876631,0.21541729727132644,0.03885760174613143,-0.10288928469698373,-0.1716226187166895,-0.010702605126515595,0.11785083068221987,0.08350612758976893,-0.17898602202569092,-0.13986279415347974,0.023036717492544278,-0.1919282603547859,-0.2207517837103234,0.06077896405810829,-0.19552897006386696,-0.15381125444855123,-0.37491926544423737,-0.04013150895544414,0.15232731727908247,0.08547876192143095,-0.09016256730739532,0.010897534893457841,0.14065349517994968,0.07909687117132885,-0.054782814607377814,0.15603921932001086,0.07575423749172064,0.18713738087148707,0.007777285877544297,-0.1682895942509446,-0.020770315765631275,-0.1631294464063256,-0.2196892792060044,0.07019187540967854,-0.20108035018720807,0.0832933521399376,-0.0024180900314701753,-0.09147491137216142,-0.02356110602051567,0.10378568707595054,-0.22156170316452004,-0.12309059772742093,-0.14461523678132518,-0.08788381087694372,-0.056093785927306294,-0.08344298132723835,-0.14491861339043952,-0.03907998640982611,-0.16811662840140432,-0.09054007213774122,-0.0198629314279635,-0.03980205019441499,0.1435211591457409,0.2912683132740994,-0.01617711153894992,-0.10448578694313748,-0.07976951614176336,-0.002710484681883543,0.03506333501494576,0.17175302947626353,0.13824981896927455,0.05809250241088312,-0.24141845724071423,-0.08901769811281904,-0.16059124120156357,-0.14870464365259947
#51,0.5331775267942633,0.5152659521529787,0.48836564431494883,0.7493697385264271,0.2599601217624671,0.09620813557228017,0.39877070699791,0.40646631455761584,0.19819072230401494,1.0,0.4422771091366465,-0.09248113333813794,-0.05841921568223703,-0.24182478971265017,-0.18147892665081147,-0.12106854458160453,0.43611897579507664,0.22984347276989023,0.07792866531451301,0.36125084509604066,-0.20422119037568595,0.0282998211999849,0.06963454100560423,-0.08135229093954088,0.13301279741374872,0.3107997268237773,0.3237666745599495,0.16625518640158965,-0.0001832614358224629,-0.20007412822123155,-0.004791565855717654,-0.25033031672655265,0.0021957053677755015,0.016949966882530792,-0.05182729497197885,-0.023012008085467092,0.15150916135586007,-0.07980108927302865,0.04696091452261082,0.003591786867636511,0.012705439844605284,-0.21236568549729398,-0.11792495890345142,-0.1054865179297635,-0.14864287013490649,-0.1300668869922131,-0.08248068719606572,-0.17834357744168408,-0.29738663701537815,-0.39337307429638246,-0.19112657736961497,-0.23724531293434506,0.07442404774406546,0.005369491432356282,0.01582706160535645,0.2408336679398875,-0.31381152899751874,-0.21539807884359974,0.0692995912652246,0.012914097059923744,0.12680112702351168,0.0695549218050222,-0.19241283928246627,-0.024966796734240033,0.023679162076551116,-0.003064652849989876,-0.2947454759477945,-0.11491315672970998,0.2802383085038111,0.21239039490437117,0.3289240769148932,0.37482866428495437,-0.1407688057463099,0.20844649898588474,-0.1488034812809082,0.0462553236760734,-0.009870721754917001,-0.2217058413724703,0.05268800598516749,0.07292775587105808,-0.3156386523763929,-0.10033186106449499,-0.08433526547169229,-0.2204264431838071,0.0718089688283966,-0.01994941435273365,0.18328134062260842,-0.17373252753211366,-0.16333535813196884,-0.16044847573845092,0.2937625906440576,0.13721202387203274,0.14718638786219015,0.1807911814871631,-0.05305727434648766,0.3262499699712067,0.20986179891347245,0.10586539550494703,0.24533901649696108,0.1706507153716535,0.059418573924025435,0.16364422572043366,0.015173635062648643,0.12849921238764941,-0.11163366931263234,0.15989388682405187,0.04425935268217182,0.1916139017869706,0.1763654521306716,0.13481932962005855,-0.08686248871775337
#52,0.47245278615724107,0.20038848678904686,0.4409771197754189,0.4951319036195849,0.31912542426395135,0.10242941517638056,-0.08468943363979863,0.38657112362596824,0.060139264963776695,0.4422771091366465,1.0,0.18504943597346485,0.13205462151708897,-0.3301073829649229,-0.2613699307107043,-0.296299423103982,0.26002738625951055,0.3731237151966285,0.0603314492410437,0.12575921369175702,-0.032106442634709166,0.012223606406600158,-0.04441859108333591,-0.03111257537227124,0.013201000730986626,0.11537714448482603,0.146704554424185,0.028367085697028352,0.17881305617615062,-0.14780275029428216,-0.07529024973660459,-0.16181435685188425,-0.19632378932484976,-0.09979786332266025,-0.12424919437037342,-0.09198694519659421,-0.11340588289800163,-0.04177056629156414,-0.019680356364559847,-0.1524206639280407,-0.15190313912425743,-0.34001036422352404,-0.24644956707059684,-0.14917000415255313,-0.309089286756101,0.10863010360791663,-0.03530631085120475,-0.025509030945100503,-0.10538630755661714,-0.15326352925834028,-0.1968756327495736,-0.2739140730368891,-0.06811765796003254,-0.2776149931191165,0.034849186820276816,-0.011671762981876336,-0.22908297212984793,-0.20066989948075928,-0.24243291567571648,-0.1467100454035355,0.07765137085731347,-0.04295936332094431,-0.2515822600184634,-0.17149907168130357,0.0872935305967665,-0.037693514123828445,-0.404315223397063,-0.3925521728834849,0.20441337465295295,0.21251256919491948,0.18445641020361236,0.17596872887259898,0.03883289233905425,0.3075353395999135,-0.11680479911595232,0.06633171692628703,0.06817531324321263,-0.09597888718439739,-0.32186542295984377,0.035138835981014936,0.12620398301914637,0.027064350846125598,-0.1285239217947266,-0.06078170954778353,0.06466932292792746,0.13478363825428039,0.17652743602151091,-0.08539639723117366,-0.03806964620933673,-0.04398617645948515,0.16571020670105394,0.11856191250810777,-0.05543075017073514,0.12663227940848426,-0.028605943298774483,0.2764769876487283,0.23797973142247253,0.07758685184994527,0.19529560344147132,0.035752452923431724,0.07452425811721182,0.17467560323555958,-0.05924560807448513,-0.06321695888972398,-0.10175814295078367,-0.017085868621455315,-0.03486703250316589,0.041861167450847156,-0.031790711322056235,0.09799544935086328,-0.07320505032825761
#53,0.0590451873281924,-0.07270399846252579,0.05705196182396607,0.05317944863703597,0.6856784962953049,0.3783895643937444,-0.14867718875584704,-0.020514985225833685,0.2445592974291921,-0.09248113333813794,0.18504943597346485,1.0,0.5816697381832409,0.08657970328120335,-0.34797502977140365,-0.3133736233943175,0.14065486792478732,0.006267266556160707,-0.2767130997607992,-0.3419761348309979,-0.13925604093525107,-0.20728103861874414,0.1570674052033893,0.028938147549478873,-0.22846386420808065,-0.1883769694598592,-0.21571655564592793,-0.272833722849681,0.38136979343622057,0.10740149697824543,0.20651230150967614,0.08373125774313885,-0.00824539186717321,-0.016291049360472497,0.4023247433825119,0.2965753448163439,0.060519515283797835,-0.08461255992889181,-0.0620597349916091,-0.3196909951370514,0.24684079934931893,0.28107980108927305,0.2896745565176209,0.2509974707176367,0.32882798477625974,0.11837110097567839,0.034847814075439194,-0.15703308658244877,-0.14228843428155682,-0.17770525109219013,-0.024811676567588807,0.028501614691115253,-0.12151331390899388,-0.26165408889209196,-0.22587761293400185,-0.3559520500228219,-0.2955540226571535,-0.37501261209319564,-0.028188628868137562,-0.1716226187166895,0.06675314959143681,-0.06630700751920984,-0.05041474053406638,-0.07370884768366467,-0.004600754323288273,-0.22117047088579792,0.05712746279003524,-0.06607638638648944,-0.3462687079382402,-0.3144004365328584,-0.2989172475093261,-0.19282878096826558,0.06489994406064786,0.04175272060867506,-0.4043687604457302,-0.23984391891196244,-0.13494013116576922,0.11382594281831379,0.10350701987391339,-0.01894181964191951,0.5344528067484137,0.6127953546314695,0.22880979590716127,0.4825932522727507,0.63487046436526,0.3173792928304969,0.26118461015762545,0.2930089537282034,0.45570392639342183,0.5362332568028086,0.4252468366811148,0.2827600407705217,0.14378884438907708,0.14054642108261522,0.3345976313287827,-0.031524398823557676,-0.0018374189651563042,0.060899765603818976,0.0675012955279405,-0.06630563477437222,-0.18091610126738666,0.26922477667157424,0.16546173988544444,-0.016100237828043117,-0.05901224145208949,-0.09849101023724463,-0.16445002694011743,-0.07987247200458497,-0.1473950450775086,0.11987974755222436,0.11811851592555604
#54,0.05536623116336693,-0.08289937437154025,-0.012153596419881464,-0.07936867464917789,0.45193025083480043,0.6185430372665904,0.1262575200678136,0.024226887266762073,0.06733519340258831,-0.05841921568223703,0.13205462151708897,0.5816697381832409,1.0,0.2382529076451592,-0.2735187225236541,-0.4055314753231956,0.08635045489332056,0.0372679632241658,-0.2501710783253886,-0.4041724579339504,-0.27161472543387316,-0.2924186734480262,-0.10528884267314602,0.022833551256576306,-0.23398778943466936,-0.16072302470597521,-0.11856603074262063,-0.11873213286797284,0.5985984275207885,0.3647609536458387,0.182575749776071,0.036740829206519166,-0.1395649085237159,-0.05193574181415094,0.28389804624090986,0.2825280468929637,0.10235665969998661,0.053377123893653455,-0.07643374618634324,-0.20468929636531485,-0.0560745674995796,0.32131357953511996,0.2050379735540707,0.22544657105498872,0.10940295895149749,-0.07523533994309972,0.1324856633961021,0.024493199765260633,0.001219683788226654,-0.031118066351621728,-0.16096188230772135,0.08758867073685511,-0.2572105138527113,-0.20020042074629274,-0.3535579830260101,-0.28753444731576905,-0.43128691396664914,-0.4154399475611472,-0.2479060493433132,-0.3934362205589131,-0.06240017571133922,-0.01922597782330715,0.20388898612498155,-0.16382817352867493,-0.03808611914738818,-0.25451993397097333,0.20698452573381793,0.012400690490653324,-0.20233229347911882,-0.24351875684227506,-0.056136341017272565,-0.06072679975427867,0.19465178611262685,0.15688208465031042,-0.22815774210929107,-0.0755277345935131,-0.07316112249345372,-0.021974212988225283,0.23538249818969276,0.04029761108079633,0.45863748211141886,0.6618956919835133,0.18403772302813784,0.4695288396531074,0.442220826598304,0.24820530771791466,0.171040574905538,0.12260601879974055,0.3589446337688366,0.3473243487183711,0.29501727942564354,0.1859417201179188,-0.04322155758493001,0.17843692409064235,0.2825225559136132,-0.17124923212085646,-0.09595005954280733,-0.0015463970595805579,0.07673437730578235,0.04461077536060291,-0.05576432716627715,0.21619838908393305,-0.0014283410035451135,-0.18076235384557307,-0.06973612412358822,-0.08312038629039731,-0.1649853974267898,-0.21031068647537468,-0.22527497795028606,0.12768654744377753,0.15268972191621452
#58,-0.30165587346038086,0.048329541125719404,-0.33124813392498637,-0.304839268738825,-0.02682000226502898,0.45728807393603693,0.34337496182053423,-0.2281838242612059,0.19431271813773435,-0.24182478971265017,-0.3301073829649229,0.08657970328120335,0.2382529076451592,1.0,-0.171424943460072,0.09628775477286221,-0.43096569167464577,-0.3655818550587363,-0.2232556702941449,-0.07408223427949771,-0.11507651336538692,0.09107544262441358,-0.12233696081156675,0.2092042541362518,-0.3463181267523946,-0.12510441440421158,-0.2513955667205469,-0.005469701805502648,0.10919979271552951,0.21520726731117037,0.10237862361738856,0.3757868401816141,0.2800941702958608,0.23610044373976877,0.48210455511055744,0.4247897126501869,0.33580701953072717,0.3964864595881079,0.2371396115818482,0.1405574030413162,0.03832909498364718,0.31373602803144957,0.34373050273347816,0.3108491456379317,0.24095858772011106,0.2695254077910133,0.2835823149282569,0.22724212130259758,0.2003253405265163,0.2518581817308253,-0.05118347764313439,0.37912947386122237,-0.18225178199439235,0.1589617930793069,-0.5846664401637685,-0.2063379629152982,-0.11959696211567435,0.02466204738028807,-0.000593712142271275,-0.2803495008356584,-0.13835414757693376,-0.0302587280832707,0.5686121892877857,0.29484980455545373,-0.2236771029592947,-0.14156637049696796,0.6431865525915706,0.44561974281625466,-0.21310834045444718,0.014098775854791051,-0.13443084283101167,0.04437054501401916,0.2048389255526156,-0.04897473119940148,0.0282806027722582,-0.006491023964693003,-0.271245457072553,-0.014432352850333062,0.4086517243391092,-0.03831948576978383,-0.0037125884133471982,0.12336514669494521,0.04735763778068342,0.1952448118824793,0.24824237182853046,0.048531334616849754,-0.018115427249671398,0.17797705457003915,0.01904889373925398,0.19182255900228906,-0.006875392519227007,-0.24359013957383135,0.0344963913970081,-0.08933617491514721,0.1885609172681005,-0.4980736958066077,-0.40328703751368455,0.006519851606283053,0.09006372967908657,0.09291629345166394,-0.07952516756066674,-0.11102417060472843,0.1377171939722774,0.007519209848071465,0.2407636579531688,0.1303414359597374,0.09544763493223789,-0.19247735828983448,-0.023403240364189205,-0.2234862914268653,-0.11267970087889988
#101,-0.08974388013192078,0.03316208341484006,-0.3458335478247142,-0.20256291461183923,-0.47131889892136575,-0.31827157697495084,-0.10451049635021466,0.10963632557389313,-0.14682810145957095,-0.18147892665081147,-0.2613699307107043,-0.34797502977140365,-0.2735187225236541,-0.171424943460072,1.0,0.4976014715824659,-0.18897274071938694,-0.29380789122369905,0.6227065723590963,-0.03868738138626637,0.5039531619461404,0.25515688757562965,0.13772954867581602,0.2592806130678445,0.44245007498618677,0.23700782807743653,-0.13972963790423046,-0.2360908345259054,-0.12489850267856836,-0.014897713350286732,-0.3893811323085793,-0.27738574473123373,-0.46430554554595777,-0.44760198636178006,-0.5598705501618123,-0.1396500187036484,-0.30772889662201813,-0.10866030399434429,-0.31240309279411915,0.01817445527768912,-0.05702725241688888,0.030043207143764135,-0.12235755198413106,0.15469530212397944,-0.006975602892373373,-0.07524494915696307,-0.45315336648512117,-0.36757096232844977,-0.25199545621458747,-0.12209398497530775,-0.06783349977864489,-0.27516601632879983,-0.25220548617474353,-0.11216629430962946,0.43751368455010003,-0.0419215682237025,0.5041261277956807,0.32880876634853307,-0.008968828396599711,0.06963316826076661,-0.4625250954915628,-0.22138873731497974,-0.024380634688575674,0.17822414864081101,-0.14025265368736423,-0.09330203475103556,-0.05236541094832645,0.07127222559688662,0.2931050458668369,-0.06682453232299314,-0.17342503268848644,-0.23696664573230788,-0.09518544066825219,-0.3308019918527594,0.14106531863123611,-0.1523561449206725,0.06429868182176968,0.15615590263120865,0.285199408346975,0.3802633610970977,-0.076673976532927,-0.3993403961055229,0.03218194360077835,-0.21732266710594503,-0.39429281333758887,-0.40223688771290417,-0.49107269713473833,0.13928075034232823,-0.07172660413813932,-0.2524264980936006,-0.3207974274761743,-0.30380696462093365,-0.07329290599786538,-0.45423920765167974,-0.30724294494950016,0.10248569771472303,0.14239413563405368,-0.37619042716387485,-0.2578007941328886,-0.5496285009283187,-0.43299049031013737,-0.4669549430825672,-0.4604604872557801,-0.4287377268031861,-0.39428594961340074,-0.5532731384722036,-0.433851201323326,-0.29234866346130745,-0.01123797561318796,-0.08907672614083675,0.26490612141241715
#102,-0.07745644109037123,0.25567990335876345,-0.28693043958721565,-0.25646923164039576,-0.4808553573083219,-0.313672881768919,-0.06128276141351536,0.2015800293081023,-0.054694958937770044,-0.12106854458160453,-0.296299423103982,-0.3133736233943175,-0.4055314753231956,0.09628775477286221,0.4976014715824659,1.0,-0.33862114644785113,-0.4210146643467279,0.21992950955258814,0.261643106933391,0.323507225785639,0.5872197455617444,-0.09306592263896468,0.35208502781524226,0.014371952077477719,0.15766317646291703,-0.3431621863707029,-0.08254108796892105,-0.4765669024355925,-0.11747058036219872,-0.40451427139851814,-0.1721044521546946,-0.24522782416511374,-0.2510372803179277,-0.3924876538761166,-0.23249424305133723,-0.2777810952444687,-0.039991488982006745,-0.15845525023422458,-0.013730880238308504,0.015762542597988243,-0.07169228551719878,-0.09341734531739576,-0.02394135634053681,-0.06651154650001544,0.285522003383816,-0.38686077278670633,-0.28118412969693224,-0.11590427850247266,0.12590335189970725,-0.31968001317835043,-0.12901810993627033,-0.17110097567839333,0.16394622958471036,0.2513214384993153,0.05656189191693521,0.49787190231547734,0.6279957582184518,0.08458235954246414,0.017094105090481045,-0.19067906255255038,-0.046082357826533096,-0.029262115331157534,0.21545985236129273,-0.31647190849282913,0.12615730969466724,-0.1080398233277394,0.15370280760637914,-0.0001983616290362988,0.24186322656810358,-0.3001280084561082,-0.24071012090450158,-0.08651381152899752,-0.3130125915020231,0.3367761773860879,-0.004208149299728539,0.19718038210352556,0.34110856009362117,0.03342290493398813,0.09848140102338128,-0.19093027485783512,-0.37175508859351997,-0.1294148331943429,-0.15550384883333848,-0.32601797609364863,-0.22125558106573046,-0.3104730135524234,-0.038486960639973644,-0.019582891481088723,-0.37659813238064843,-0.34077361035324155,-0.3638412146046323,0.010058787797671139,-0.3334596258583945,-0.31382937468040784,-0.05463318542007708,-0.09140627413028035,-0.4723004114802651,-0.31683294038512355,-0.3817363163078655,-0.3388998136498883,-0.5432219007711394,-0.3837460147501433,-0.27930621475906614,-0.27338693901924244,-0.407412135750737,-0.2789959744257637,-0.054734768538061064,0.04622649603448335,-0.08487749968255276,0.05696547889919591
#201,0.313582280609636,-0.08112441529649572,0.6898832137329394,0.5589425746515801,0.372026892071369,0.0944249400282099,-0.19086712859530452,0.13081091469420392,0.022381918204998852,0.43611897579507664,0.26002738625951055,0.14065486792478732,0.08635045489332056,-0.43096569167464577,-0.18897274071938694,-0.33862114644785113,1.0,0.5756392701115698,-0.08100635924046028,0.033446241596227694,-0.2868412111727702,-0.27141430468758043,0.40271185742672116,-0.05178199439233734,0.2372617858723965,0.0611894147645571,0.41691427551675264,0.1570028861960211,0.16532858363619515,-0.00697285740269813,0.388207435472413,0.015213444662939665,0.15698778600280727,0.20042555089966266,0.058117211817960306,0.12238226139120825,0.26091967040396447,-0.020391438190447756,-0.03801748190550711,0.17456029266919937,0.004574672171373466,-0.029927896577403933,-0.2054099874050661,-0.026233840219364625,-0.14444638916629773,-0.33201412554437915,0.13771856671711505,0.04291406274130281,-0.08946521292988363,-0.34287940093415287,0.2694814799562094,-0.04464646672638107,0.2526777103988853,-0.09245230569654789,0.055349758225315474,0.14811024513790938,-0.4530847292432401,-0.4854430705556528,0.19160291982826963,0.2382982082248007,0.0059172166225672385,0.06554787962400518,-0.25592287919502243,-0.2650104500200764,0.36053152680112704,0.0797846163349772,-0.25105238051114154,-0.29953635543109336,0.28442929849306936,0.0512548603746907,0.46820139539512745,0.35254489733584543,-0.02516584473569514,0.3024232378246113,-0.3357026909230679,0.1212648470933844,-0.1588011819333052,-0.3312138153040458,-0.05520012903801474,0.2156643913420983,-0.19409307896371492,0.15902082110732463,0.14016891625226932,-0.23632557389313869,0.16441845380885214,-0.18029424785594417,0.11831619118217354,-0.1896110670688809,0.02935683472495341,-0.05757085937258697,0.27238071705326594,0.25219450421604256,0.019829985551860583,0.047390583656786334,0.13254057318960694,0.392881631644514,0.5323676073400666,0.532670983949181,0.3576748447940368,0.3470017536815301,0.31107702128097686,0.6195190588461393,0.3542512191690089,0.3382065775068895,0.15693424895414002,0.2668018820331724,0.21134710882777885,0.018329575444340343,0.07979422554884054,-0.16574177983231922,-0.18966048588303527
