,#10,#11,#12,#13,#17,#18,#26,#49,#50,#51,#52,#53,#54,#58,#101,#102,#201,#202,#301,#302,#401,#402,#501,#502,#601,#602,#701,#702,#801,#802,#901,#902,#1001,#1002,#1101,#1102,#1201,#1202,#1301,#1302,#1401,#1402,#1501,#1502,#1601,#1602,#1701,#1702,#1801,#1802,#1901,#1902,#2001,#2002,#2101,#2102,#2201,#2202,#2301,#2302,#2401,#2402,#2501,#2502,#2601,#2602,#2701,#2702,#2801,#2802,#2901,#2902,#3001,#3002,#3101,#3102,#3201,#3202,#3301,#3302,#3401,#3402,#3455,#3501,#3502,#3601,#3602,#3701,#3702,#3801,#3802,#3901,#3902,#4001,#4002,#4101,#4102,#4201,#4202,#4301,#4302,#4401,#4402,#4501,#4502,#4601,#4602,#4701,#4702,#4801,#4802
#10,1.0,0.4015148239283153,0.6043845470113629,0.5774018744830758,0.14508746100546696,0.17065483360616637,0.2482972816220353,0.3448410533071139,-0.18562049782591536,0.4812726717389588,0.33115616002086573,0.05513423728580891,0.09643326572565009,-0.03701400542920583,-0.04262304083572706,-0.10168264198471448,0.5582616932121199,0.41208907741251327,-0.03142556119524893,-0.1261875100810949,-0.34801895760620755,-0.017610257149426708,0.20348951737723373,0.16599161939276633,0.3223486291426865,0.15531578279058433,0.13122136540065274,0.2349432198416539,0.15110282888392412,-0.07309934897576076,-0.04662459203739357,0.026939431065902048,0.4348766417170292,0.29338508581371164,0.19305116563196026,-0.05947348371753029,-0.04090161880934977,0.09243034177914594,0.30723608122531204,0.09875045901155508,-0.07665613085003792,-0.027071214570313706,-0.3452103216684341,0.030590932333975092,-0.21912782656741722,-0.03222175320106937,0.3477746090251109,0.18997484445085058,-0.20518622999653383,-0.12150782292964339,0.06736951202352885,0.09951095965159736,0.0758997484445085,0.19222751872938737,0.05069066224642829,0.21588540326095537,-0.38681135397255195,-0.37198982796075325,-0.2358080490893554,-0.18438640021689368,-0.18079392697683835,0.033179929097729134,-0.06462402234828596,-0.20715337334884534,0.04483178727945996,0.12058122016424892,-0.0039541915047685726,-0.037299536355431095,0.17936215411119918,-0.015641741052277554,0.2399304018367326,0.2899587146990085,-0.167508502438338,0.1882342039967466,-0.35002453781397247,-0.34035080494325415,-0.22720231170230656,-0.26984113910366625,-0.08085673005315955,0.02971649387241023,0.2864760610459629,-0.11170093380967579,-0.1482283011939448,-0.18796651875341042,-0.016564225583159165,-0.15864057078730348,-0.12617790086723155,0.09197321774821801,-0.06671471273598342,-0.13026730773850584,-0.3131732026480248,-0.13180615470147947,-0.12798855130805423,-0.2347963361440284,-0.17862361738855886,0.2686770514813633,0.24324969885410125,0.3953580633315831,0.4471572170343907,0.01009036092893643,0.2650488868755298,0.16851746989398977,0.042094534073242804,0.39585636970763965,0.43660630021243224,0.37463648000768734,0.4550738365129536,-0.2229728848575949,0.26504065040650404,-0.2711932927687234,-0.2732277006180784
#11,0.4015148239283153,1.0,0.549761657177568,0.5682552756300041,0.06403648755778397,0.17940196371149023,0.5110008339424889,-0.1434127123035688,-0.014200358972775037,0.40161091606694876,0.31758108632162724,-0.20584789300826736,0.1842408892641058,-0.09977864489493354,0.03326641202249929,0.15290936109023395,0.5240844649898588,0.46128825239286586,0.0033007649620607647,0.07877839436900068,0.018707080274686243,0.1836190358526633,0.1915631102279786,0.1928932999756338,0.15196079440743754,0.0017509360403861532,-0.021129974913088094,0.33716329143029716,0.04805361941335749,-0.0892785196319671,0.3784664381046512,-0.06973612412358822,0.4510516941387227,0.3138431021287841,0.12249757195756845,0.026272277074818027,0.07344665341967899,0.06783349977864489,0.33326469609145226,0.06600500365493313,-0.0457240714239139,-0.2778373777828112,0.0007186319224948265,0.056710148359398325,-0.250825877612934,0.05349380720485128,0.06070483583687673,0.07563892692536044,-0.044433691276549746,-0.06870519275053451,0.025778088933274306,-0.009541262993887854,0.01146722400107074,0.2508903966203022,0.05446433780504964,0.09405155343237687,-0.27981962132833654,-0.2108186020652946,-0.1748307234022108,-0.09708531952352027,-0.13951823519923676,-0.055124628071945556,-0.1233775013984838,0.09323202476431687,-0.013054117033361132,0.38332046385048063,-0.1390089468644792,0.07535888697848565,0.22093161328405178,0.16233325440050517,0.3754107080961059,0.46562063510039914,-0.09406939911526595,0.09286001091332145,-0.264293877214838,-0.1886885825379993,-0.11822559002289051,-0.23660012286066295,-0.0526056412949102,0.0933363533719761,0.1780813831776984,-0.07281793628404837,0.04185430372665905,-0.3299865814192123,-0.22506632073496757,-0.44394911234886936,-0.2590280280177221,-0.12289841345015391,-0.21892054209693637,-0.08613767944348924,-0.33887235875313587,-0.21737208592009938,-0.4150981340965795,-0.2632890279936991,-0.31867104572269866,0.41249129164993636,0.15849780532419086,0.3249980266792959,0.20728241136358178,0.1077844927879418,0.22787358392790344,0.22174976920727418,0.12220517730715509,0.27315631788652206,0.3991276206556916,0.10275612844773446,0.4065582884617365,-0.15544482080532077,0.29438718954517534,-0.2171620559599433,-0.18933926359103187
#12,0.6043845470113629,0.549761657177568,1.0,0.8118131557001513,0.3210321668434076,0.514902174771009,0.38258741810719077,0.2138647228599766,-0.3294512109325399,0.505423371667233,0.38698431982209225,-0.07370472944915181,0.4814799562094397,-0.18339253295445576,-0.18300541891024652,-0.2377230281378373,0.8322615628013604,0.7485392278996661,-0.13719555093398128,-0.3464059824220024,-0.22879057747943457,-0.10635821090165312,0.3211529683891183,0.24317694337770732,0.24539941726981643,0.07563343594600995,0.12669130743650198,0.17397962160288552,0.28462560100484924,-0.03128691396664916,0.43936689008088897,0.1672504264088652,0.6265584943734621,0.44370476376777274,0.05625988805265849,-0.11012227724641113,-0.31948371066657055,-0.1882465587002852,0.2597034184778319,-0.08927989237680473,0.19188295977514438,-0.14787550577067612,-0.12423821241167245,-0.15724586203228008,-0.16299629015707634,-0.22869311259596345,0.050118227649140146,0.09077481150497449,-0.08024723134525562,-0.1313462851808763,0.1838620116889223,0.15395127442198864,0.3390988616513434,0.5120139196326535,0.0799383637567908,0.032372755133207726,-0.1839965406830092,-0.5723268368183893,-0.03350938785875828,-0.14315600901893358,-0.13732321620388005,0.12383050719489888,-0.3441629173573289,-0.3119734236599436,0.04093319194061506,0.1702855652448462,-0.2149080089365689,-0.3064536166678678,0.015254627008068308,-0.1996911324115352,0.38935642290150213,0.44101418388603475,-0.28578557039263935,0.15175213719211908,-0.4143005693459214,-0.21535277826395824,-0.16012999893612276,-0.10073682079159331,-0.20306808471208393,-0.10359213005384592,0.3791637924821629,0.16116779403336456,-0.017537501673032772,-0.2762106751502298,-0.11409911904100045,-0.22319526952128957,-0.07883193141766791,0.10298125860110437,-0.025721806394931827,0.04040193968845556,-0.30430389825215265,0.03470504861232656,-0.06440163768459128,-0.053167093933497375,-0.05552272407485578,0.6887712904144659,0.21856225569431717,0.697260344490317,0.5683170491476971,0.2816096805965949,0.42876243621026333,0.6364312752456355,0.4428907260790632,0.5570948601001418,0.6763808955100948,0.3849252025656601,0.6547615370623947,-0.12667346175361288,0.5351089787807967,-0.3053622845219588,-0.1578992885749879
#13,0.5774018744830758,0.5682552756300041,0.8118131557001513,1.0,0.35631582740479156,0.5436460789259644,0.4663042620295346,0.09631109143510178,-0.3383383610113011,0.5510698830078212,0.23580530359968016,-0.027421264503907174,0.5387343978969549,-0.18899195914711364,-0.06548336061663698,-0.043858511189586356,0.8249818969274538,0.6497043450805973,0.08374361244667744,-0.20351697227398613,-0.27708648635663224,-0.0210984017818228,0.29320937447449613,0.2631997995792537,0.4248926685130085,0.20252722324606107,0.06294927364638779,0.13484678451681098,0.4917727970019253,0.2375047617086555,0.31590359213005387,0.18618057771966492,0.5409143166990977,0.4544080552667072,0.27481459365036875,0.03945200026082152,-0.04597116549468576,0.08195629866809433,0.32665218420862974,0.1790491682882215,0.17584380909237543,0.055690198945045594,-0.055075209257791184,0.09827686204257569,-0.13671234475113853,-0.05807328398315642,0.21351055469187027,0.0636603554722757,-0.22309094091363033,-0.21825338810585235,0.09406253539107784,0.12163411545470457,0.1804521135122706,0.36416792787598623,0.1140057723920422,0.2200050105186573,-0.3430358938456417,-0.36826008023693574,-0.1372367332791099,-0.1964912641950396,-0.19106205836224677,-0.12219556809329174,-0.09456770549132254,-0.15258539330855528,-0.18160796466554788,0.2502287336085687,-0.08977545326318608,-0.16064752373990604,0.19315549423961947,0.01871668948854959,0.27587435266501253,0.3543459385628048,-0.3374405858874967,0.10015340423560419,-0.42875694523091284,-0.40296718796651876,-0.2242673832394719,-0.2745359264483316,0.004504662184654772,0.18957812119277798,0.2405124456478841,0.2419799098793014,-0.08822425159667384,-0.2975966669755343,-0.10531355208022321,-0.2992082694149018,-0.215107056938024,0.13993554962987367,0.09447847707687715,0.005033168947139028,-0.20610459629290256,-0.11536204429161219,-0.07143420948772594,-0.18084883677034322,-0.11408813708229948,0.4742730458119271,0.4455703240021003,0.5032818897205434,0.4788333041625055,0.12326081808728598,0.28086290740492886,0.512472416408419,0.3562114987971323,0.5567379464423602,0.5696911667301561,0.2641717029242897,0.5815008905682134,-0.25085333250968644,0.36926218396839944,-0.37696602799713097,-0.32527394839165785
#17,0.14508746100546696,0.06403648755778397,0.3210321668434076,0.35631582740479156,1.0,0.37406541815523686,0.2061526423622193,0.11313682490982782,0.05278272537896337,0.07501570076908029,0.20899010594158285,0.47724641113021515,0.38950605208880285,0.15195393068324942,-0.5230549063616428,-0.32911077021280977,0.26980956597240097,0.17311753784485925,-0.2767007450572606,-0.2448407101209045,-0.4198437130002368,-0.33462096799102226,-0.20190948806913142,-0.10306499603619929,-0.08934990236352343,-0.09810801442754824,-0.25003654933130165,-0.42615010278426974,0.2584610843997845,0.20868810207730612,0.2507435129226767,0.4820894549173436,0.18111926750335464,0.10922312937776908,0.16732730011977198,0.19381303901684016,-0.14221979703967574,0.024217278052898722,-0.029538037043519445,-0.19641576322897042,0.36973715368221644,0.1735636799170862,0.04618394094451708,0.05378620185526465,-0.10550848184716545,-0.23752260739154457,-0.12279820307700755,-0.17615130393600265,-0.02483364048499075,-0.2812706126217024,-0.052130671581093184,-0.03442775415512703,0.02073736988952836,-0.007107386396785031,-0.05874592895359093,0.05108464001482564,0.03272417781163882,-0.20720691039751257,0.1901368283416899,-0.21039716940014483,0.23222655780800106,0.20900795162447192,0.03304677284847986,-0.14710402317193286,-0.17925096177935185,0.05967664995349827,0.13403823780745194,-0.12316198045897724,0.026964140472979233,-0.047796916128722285,0.10986282847210067,0.12540504552365067,-0.13893481864324764,0.1426124020632355,0.10286457528990656,0.007289961460188683,0.2165594209762275,0.0694602024112263,-0.03863658982727438,-0.12450589765500863,0.16108954757762015,0.42501896103806963,0.11610744473844063,0.26739353505818725,0.3584490728824553,0.300741625398525,0.2825829566864685,0.2147940711150463,0.2015814020529399,0.4423251552059632,0.20056419812826243,0.32957063973341294,0.11780964833709122,0.11763256425303806,0.06423141732472622,0.1529505434353626,0.1126549914718227,0.05319729431992505,-0.01940031641768507,0.12224773239712135,0.0013240123958858838,0.2868631750901722,0.27520445318425324,0.28505389739418713,0.19676032218321338,0.21345839038804065,0.11585211419864304,0.06730773850583588,-0.018833372799747415,-0.13557983026010081,-0.12336651943978283
#18,0.17065483360616637,0.17940196371149023,0.514902174771009,0.5436460789259644,0.37406541815523686,1.0,0.27883399053492436,-0.025557077014417253,-0.3136907274518081,0.30013487218029633,0.20877870323658915,0.09686842583917608,0.7023093000030887,-0.13542059185893673,-0.4262750225644933,-0.25004066756581456,0.4759944678383044,0.46933390988616513,-0.1924787310346721,-0.45566274404829316,-0.3466324853202099,-0.30449196429490677,0.16816330172588345,0.2968691122115949,0.09135548257128835,0.16682762099887777,-0.006595352572352233,-0.07294697429878477,0.3789070891975277,0.23302137706898385,0.33854015450243147,0.1772247903990226,0.4412626507016442,0.28529275499593326,0.04243634753781054,-0.10485917353897051,-0.12246325333662791,-0.20965039620847875,0.25372374196515285,-0.15268697642653928,0.21148163782186577,-0.021950876325985715,0.00637434065349518,-0.1351995799400797,0.1517219368056914,0.09843472769890214,0.10436361265258917,0.06439751945007842,0.06719929166366378,0.08307645845559342,0.14826811079423585,0.17235703720481696,0.21787039229615598,0.3212971065970685,-0.16173611039613983,-0.16028923733728684,-0.02684882990661903,-0.3460943693438623,0.14464543716775285,0.12507146852810866,0.025768479719410955,0.07471232415996595,-0.34465710549887263,-0.25324877225133585,-0.06806686640104054,0.1960121762467097,-0.2100553559355771,-0.12951778905716452,-0.32532062171613696,-0.24461695271237222,-0.0849955557385882,-0.022755304800831884,-0.30028999234694753,-0.07753880578062851,-0.28718302463733797,-0.3134422606361986,-0.12960289923709706,-0.029767285431402224,0.11173937066512919,0.0812314893938302,0.13196539310264357,0.3044027358804614,0.18588681032441393,0.015599185962311291,0.09227796710216997,-0.07086452038011305,0.03942454536406909,0.26074670455442417,0.1029126213592233,0.23773401009653827,0.010948326452449834,0.12747789022845907,0.2198183172207408,0.10308970544327646,0.07404242467920669,0.36691341755122914,0.3065950093861428,0.3259589480656309,0.23946092310226605,0.11529477979456873,0.37261717235154623,0.5264469588554054,0.5010621613181095,0.4001091332145909,0.41318315504809755,0.18493000717259178,0.4365390357153888,-0.07181308706290947,0.38903657335433633,0.007773167643031432,0.06132257101380638
#26,0.2482972816220353,0.5110008339424889,0.38258741810719077,0.4663042620295346,0.2061526423622193,0.27883399053492436,1.0,0.0193701160312574,0.18260045918314818,0.6362418364580438,0.2880286354573128,0.09193203540308936,0.3026044401431773,0.22613706170831233,-0.11388908908084437,0.08517263982264137,0.3605328995459646,0.2653577544639946,0.01083987961027774,0.033624698425118484,-0.08078260183192798,-0.04874411006668108,0.013529086747178152,0.14753231956127075,-0.006102537175646134,0.08052178031277991,0.038852110766780946,0.18750664923280722,0.2487640148668266,0.41210280486088946,0.35264785319866704,0.1296880094170296,0.3034651511563659,0.29252025656601016,0.10916821958426423,0.2029514014008861,0.013916200791387398,0.2177839093713858,0.018339184658203694,0.15368221643381483,0.13843376677751582,0.22683578883066163,0.1498385308884748,0.278954792080635,0.016028855096486803,-0.05160491030828417,0.21091194871425287,0.1083665365990933,0.0975424435544482,-0.0322299896700951,0.24208972946631113,0.1696074292950612,0.007252897349572905,0.006960502699159537,-0.09334596258583945,0.08992782794016205,-0.35699945433392705,-0.16220284364093113,-0.058972431851798464,-0.12317296241767821,-0.269018864945931,-0.24399784479060493,0.11032269799270386,0.009652455325735191,-0.07633628130287212,0.340547107455034,0.2412303911979601,0.2228205101806189,0.1940985699430654,0.2002635670088233,0.3099239156173748,0.4245577187726288,-0.11095004238349686,0.08758043426782938,-0.30544876744672894,-0.35309536801573166,-0.259303949730084,-0.46494936287480226,0.23462748852900095,0.19642537244283376,0.034743485467779965,0.25533534440452044,0.011368386372761998,-0.005483429253878862,0.014166040351834502,-0.3237570653460861,-0.2701500066921311,0.15603921932001086,0.28269963999766634,0.20285668200709023,0.002818931524055637,-0.04520380113045537,-0.08248068719606572,-0.23852745661268349,-0.26760768325285617,0.056410889984796854,0.091831825029943,0.15477903955907435,0.10614955368633466,0.28156026178244054,0.1077007553528469,0.1262396743849245,0.36178209734820016,0.34787756488793253,0.3735877029517446,0.33374241129494453,0.32512294645951945,-0.3734669014060339,0.03590894583492057,-0.220945340732428,-0.33871174760713413
#49,0.3448410533071139,-0.1434127123035688,0.2138647228599766,0.09631109143510178,0.11313682490982782,-0.025557077014417253,0.0193701160312574,1.0,0.07716130095028262,0.37468452607700414,0.412329307759097,0.24976062761893977,-0.022375054480810744,0.07382415825002488,-0.07619214309492188,-0.26943343388689267,0.1627766509830569,0.05614595023113591,-0.03596660111810067,-0.18069783483820487,-0.04687031336332781,-0.13206560347578994,0.021587098944016034,-0.05750496762038114,-0.0370373420914454,-0.027205743564400607,0.16495107880584928,-0.09415725478487373,-0.011890029411058146,0.03592953700748489,0.056954496940494946,0.15258539330855528,0.10343426439751945,0.00785553233328872,0.10601777018192302,-0.12063063897840329,-0.13932467817713212,-0.0363015508584803,-0.2365067762117047,-0.17794685418361147,-0.019537590901447216,0.04209727956291805,-0.11694619183422733,-0.04583526375576124,-0.1863590345485557,-0.20141667267242533,0.3336202370043962,0.26809226218053656,-0.0802842954558714,-0.009144539735815256,0.1533156935621699,0.11736762449937711,0.18123595081455246,0.09649641198818067,0.11074413065785364,0.05971371406411405,-0.27092423478054956,-0.3199078888213956,-0.1071379299694221,-0.3215208640056008,-0.0767700686715605,0.05328514998953282,0.042256517964082134,-0.20920288139141416,0.1740551225689547,-0.19380068431330155,0.07011774718844697,-0.12323885416988403,0.038066900719661484,-0.07012186542295984,0.044131687412273024,0.03150518039583097,0.12066907583385669,0.2539639723117366,-0.12308098851355757,-0.13599302645622488,-0.05043670445146832,-0.08604845102904385,-0.05914951593585163,-0.15149543390748385,0.1720591515750531,0.02128784056941456,-0.16481517706692475,0.22593252272750672,0.047238208979810355,0.23316963351144698,0.08327962469156139,0.1450531423845264,0.07312543112767557,0.05473202304838582,-0.23305844117959965,-0.040703943552732276,-0.0010728000906011592,0.04117479503203643,-0.06222171888244843,0.06304262029534605,-0.10240745125897861,0.27629990356467515,0.34344085357274,0.05271957911643278,0.1585266329657809,0.13531489050643988,0.06858164571514858,0.20376818457927087,0.1539059738423471,0.23294999433742755,0.0876971175790272,-0.1395841269514426,0.09728711301465062,-0.08923596454200085,-0.20550882503337486
#50,-0.18562049782591536,-0.014200358972775037,-0.3294512109325399,-0.3383383610113011,0.05278272537896337,-0.3136907274518081,0.18260045918314818,0.07716130095028262,1.0,0.0957427750723265,0.11035152563429391,-0.03474623095745521,-0.2625120544156054,0.46801058386269806,0.014161922117321637,0.03434950769938261,-0.31296729092238157,-0.032202534773342666,-0.02760383956731083,0.23358008421789578,0.08201944493062491,-0.11662908777673678,-0.3565615487307258,-0.33583310168264197,-0.20275235339943098,-0.16018079049511474,-0.2707965695106508,-0.15838798573718113,0.012152223675043842,0.23023745053828756,0.16273135040341538,-0.17811707454347656,0.07941946620816989,0.004355032997354034,0.08405110729030464,0.11539773565739034,0.26781771321301223,0.31767855120509836,-0.3111621314609094,0.11062332911214295,-0.2136341017272562,0.09266782663605445,0.015501721078840168,0.2803234186837436,-0.088644311516986,-0.10203269191830795,-0.0074327269233013145,0.006232947935220171,0.15662812685535044,0.1096212253806793,0.10195993644191402,-0.059960808134885905,-0.20422805409987405,-0.25561812984107046,-0.19128307028110383,0.020285736837950905,-0.23538249818969276,0.001291066519782969,-0.19033724908798264,-0.2243319022468401,0.11332214546290671,0.07411518015560063,0.49195674481016655,0.3683561723755693,0.0835994742387272,0.13627443914793727,0.5505633401627389,0.5246541540974717,0.27390446382302575,0.3071523437902171,0.19857646360338657,0.1094098226756856,0.2949115780731467,0.23774636480007688,0.09972785333594154,0.030549749988846447,0.15576604309732417,-0.07255711476490029,0.4145490361615309,0.01628281289144677,-0.17927704393126667,-0.22797104881137456,0.1360012629252506,0.18996660798182485,-0.10817984330117679,0.044148160350324483,0.05677329462192891,-0.24456067017402972,0.07384612216742682,-0.13000511347452015,-0.04880451083953642,-0.08097890434370786,-0.13516663406397678,-0.05872808327070185,-0.24290925813437114,-0.10221389423687399,-0.1535023868600864,-0.30043824878941067,-0.3070342877341817,0.09046594391650965,-0.07891155061824996,-0.2286134933953814,0.004819020752470083,-0.06550944276855179,-0.02933624355238909,0.05281567125506629,-0.07310072172059838,0.05454944798498217,-0.1335042400656172,0.1474211272294234,-0.06733519340258831
#51,0.4812726717389588,0.40161091606694876,0.505423371667233,0.5510698830078212,0.07501570076908029,0.30013487218029633,0.6362418364580438,0.37468452607700414,0.0957427750723265,1.0,0.3190389413391812,-0.09254153411099328,0.2318723896398947,0.23683760771757148,-0.0905839999725451,-0.2570842213276502,0.5658859180402694,0.400166788497771,-0.016072782931290688,-0.30479945913853396,-0.09082560306396648,-0.2526035821776538,0.12700978423883014,0.03798316328456657,0.005195152837978358,-0.06656782903835792,0.28175930978389563,0.09248936980716367,0.2198183172207408,0.2744700346961258,0.33757786037125886,0.0008243332749916778,0.49821646126972036,0.19381441176167777,0.029603928795725272,0.0704774063359038,-0.1225511090062357,-0.03966614845549046,0.026744501298959802,0.027367727455239937,0.01902006609766393,0.0894761948885846,-0.028710271906433712,0.048881384550443226,0.018017962366200277,-0.18804888344366769,0.4985280743478604,0.33348433526547167,0.2281646058334792,0.16889497472433568,0.40927220500571404,0.32922470803433235,0.26947736172169656,0.25598465271271537,0.011178947585170237,-0.009815811961412143,-0.31651858181730824,-0.4269888498800564,-0.04317762975012612,-0.1075730900829481,-0.25727091462556667,-0.07261477004808038,-0.04749491226444556,-0.11732918764392372,0.15540775669470497,0.19761691496188918,0.20164180282579525,0.14502294199809876,0.09211872870100588,-0.013391812263416007,0.3756221108010996,0.38372542357757894,-0.1406864410560526,0.21740915003071518,-0.4556133252341388,-0.3549815194226235,-0.27775226760287863,-0.19874668396325162,0.19455569397399336,-0.0416525102355287,0.09337753571710475,-0.047967136488587345,-0.0797846163349772,-0.07499785508619122,-0.28901975723007545,-0.27498755949990905,-0.17617738608791744,0.030092625957918506,0.21683122445407654,-0.057890708919752766,-0.24236427843383543,-0.10720382172162794,-0.1805344782025279,-0.1867941946620817,-0.2208176754625292,0.2918874211958667,0.02526056412949102,0.4805258985472928,0.2505705470731364,0.38800015100193214,0.3835304938106367,0.34456924982926485,0.3862059734991609,0.5106576477330835,0.42117939372724245,0.48336610761633153,0.41345084029143375,-0.3324286944853408,0.2944709269802702,-0.17984398754920433,-0.2181092498979021
#52,0.33115616002086573,0.31758108632162724,0.38698431982209225,0.23580530359968016,0.20899010594158285,0.20877870323658915,0.2880286354573128,0.412329307759097,0.11035152563429391,0.3190389413391812,1.0,0.4066996811800115,0.11233239643498166,-0.06006239125286989,-0.13236760734006664,-0.08323020587740702,0.26683208241960005,0.32154831890235325,-0.14909450318648396,-0.011586652801943806,-0.13516388857430153,-5.971440043653286e-05,-0.10345348282524615,0.1307697323490753,0.008051834845068585,0.07590935765837185,-0.007486263971968551,0.05023491096033797,0.14585619811453496,0.09593907758410636,0.24608029870927667,0.20607988688582538,0.3671728663255396,0.2449230748111618,0.029555882726408522,0.0742222542529351,-0.12209123948563251,0.04641868031175035,-0.14901762947557715,-0.07592308510674807,0.23109404331696334,0.18127850590451874,0.10559908300644846,0.11319310744817031,-0.31179222134137763,-0.06859125492901193,0.22819343347506924,0.3232052219213623,-0.14214155058393133,-0.09683685270791079,-0.014019156654209008,-0.15957403727688607,-0.0036672878337056904,0.048567025982627916,-0.16921070603698862,0.0572716009979855,-0.4301296900685343,-0.48040235151190686,-0.3029284079248559,-0.29697069532957887,-0.14308737177705252,0.005685222745009214,-0.17932646274542105,-0.28439086163761595,0.2569194919471356,0.17523705587414676,-0.20298160178731378,-0.20655348385480476,-0.07646394657277092,-0.07806868528795038,0.04186254019568478,-0.0068891199676032215,0.13682216433814823,0.2938628010172039,-0.14979323030883326,-0.188414033570475,-0.14404966590822516,-0.2218540978149334,-0.21620937104263402,-0.033148355966463844,0.17327677624602333,0.35724243017018603,0.016004145689409617,0.38969686362123224,-0.009970932128063366,-0.00980345725787355,-0.10313912425743084,0.3846369261497596,0.2029637561044247,0.2891433042654614,-0.08385892301303764,-0.13387350842693738,-0.16436491676018491,-0.036101130112187574,-0.29827480292531927,0.18261144114184916,0.11643003977528167,0.4062535391077845,0.4723923853843857,0.22268872667620723,0.2930940639081359,0.1874215390528747,0.30384951971089996,0.43128554122181156,0.42880224581055437,0.39518235199236756,0.29773119596962117,-0.2574315257715684,0.15148857018329576,-0.09213245614938209,-0.330125228647812
#53,0.05513423728580891,-0.20584789300826736,-0.07370472944915181,-0.027421264503907174,0.47724641113021515,0.09686842583917608,0.09193203540308936,0.24976062761893977,-0.03474623095745521,-0.09254153411099328,0.4066996811800115,1.0,0.14027599034960378,0.16989982394547457,-0.29796181710234154,-0.12584706936136478,-0.07599172234862914,-0.22260224375143708,-0.17600030200386427,0.06502074560635855,-0.17346484228877745,-0.14988108597844105,-0.3820767570275956,-0.20822411432219007,-0.11587682360572023,-0.05941308294467495,-0.19181432253326333,-0.38077539492153045,0.13760874713010532,0.25093020622059325,-0.1652036638559716,0.5330855528901427,-0.1668797853027074,0.0009341528620013934,0.2787406438859661,0.3292274535240076,0.026185794150047875,0.20735379409513807,-0.26040900932436933,-0.08407581669738183,0.33981131622206895,0.3812586011043732,0.0799644459087056,0.18352019822435456,-0.19070239921478996,-0.13687981962132834,0.022777268718233826,-0.023202819617896473,-0.3044700003775048,-0.44304584624571447,-0.1573817637712046,-0.15723488007357914,-0.3042503612034854,-0.31375661920401393,-0.04332176795807637,0.12312079811384859,-0.11372710519000505,-0.029207205537652676,-0.010533757511488159,-0.2782656741721491,0.16859708909457183,0.04595057432212144,0.14156087951761748,-0.34863532003829956,-0.10483720962156856,0.08725372099647548,0.06294927364638779,-0.20684587850521816,-0.0009835716761557654,0.02554472231087866,-0.14358293266343386,-0.149750675218867,0.1226664195725959,0.27210479534090404,0.3640292806473865,0.07684419689279207,0.2414733670342191,-0.04844073345756674,-0.251808762916671,-0.03246610178216599,0.18294364539255353,0.6377477375449145,-0.004177948913300868,0.6217127050966584,0.6545364069090248,0.5140222453300937,0.22266539001396768,0.5677652057229732,0.3564599656127418,0.6905544859585362,0.3497197884600205,0.2526365280537567,0.1351556521052758,-0.018284274864698837,-0.07289755548463041,-0.3038522652005752,-0.0158174523914931,-0.011198166012896938,0.020248672727335125,0.029951233239643497,-0.1277167478302052,-0.18658004646741275,0.04912024215218936,0.13687981962132834,0.002614392543250042,0.16072714294048807,-0.18063880681018715,-0.027981344397656725,-0.34187455171301395,-0.1736076077518901,-0.3553562787632942
#54,0.09643326572565009,0.1842408892641058,0.4814799562094397,0.5387343978969549,0.38950605208880285,0.7023093000030887,0.3026044401431773,-0.022375054480810744,-0.2625120544156054,0.2318723896398947,0.11233239643498166,0.14027599034960378,1.0,-0.1582946390882229,-0.31757284985260154,-0.18970853195235202,0.4571906090525658,0.4345732651079149,-0.04889373925398182,-0.37667775158123046,-0.24423532964751343,-0.295700906354779,0.08820091493443427,0.12295744147817164,0.101727942564356,0.0633789427805633,0.035519086301036076,-0.1183010909889597,0.45905342379721814,0.20279490848939727,0.4416785923874435,0.14395631925926688,0.3337657479571841,0.1822119723941013,0.11105437099115609,-0.10448578694313748,-0.037613894923246405,-0.1940134597631329,0.24454968821532874,-0.16251308397423359,0.2892339054247444,-0.013387694028903142,0.21895486071787693,-0.027307326682384597,0.2582386997360898,-0.058277822963962014,-0.02933487080755147,-0.05198104239379245,-0.01485790374999571,-0.08024860409009324,0.13385978097856116,0.16046632142134,0.16433059813924436,0.31097543816299283,-0.0503776764234506,-0.18761097784046646,-0.01480162121165323,-0.3608678492863443,0.14065761341446256,0.07198330742277452,-0.0159904182410334,0.02325361117688847,-0.24210482965952496,-0.17261785872396504,0.0010700546009259164,0.030449539615700082,-0.20414706215445438,-0.21824240614715137,-0.23540720759676992,-0.23338515445095354,-0.03532003829958097,-0.02319732863854599,-0.20900795162447192,-0.08990311853308487,-0.11279226595558484,-0.24764934605867797,-0.03291773483374344,-0.12181119953875773,-0.03475584017131855,0.02337990370194964,0.17156633617834702,0.36033385154450953,0.40314564479540954,0.0701191199332846,0.10441028597706829,-0.034280870457501535,0.06531039476709669,0.25813986210778106,0.05741848469561099,0.269939976731975,0.060034936356117466,0.08154172972713264,0.1015234035835504,0.07122280678273224,0.16309512778538507,0.304534519384873,0.14414026706750815,0.24904680030337661,0.2060098768991067,0.18068548013466626,0.21408985301334651,0.5486360064107184,0.5432644558611057,0.3621431292404946,0.3978797955982937,0.15143228764495328,0.4002505259328659,-0.027638158188251362,0.3083850686544012,-0.1257647046711075,0.015923153743989952
#58,-0.03701400542920583,-0.09977864489493354,-0.18339253295445576,-0.18899195914711364,0.15195393068324942,-0.13542059185893673,0.22613706170831233,0.07382415825002488,0.46801058386269806,0.23683760771757148,-0.06006239125286989,0.16989982394547457,-0.1582946390882229,1.0,-0.26619238332526846,-0.26058197517390963,-0.1507294422880911,-0.2288496055074523,-0.26915751217453077,0.08855371035770299,-0.17761053169839422,-0.342247938308847,-0.4829336929924808,-0.4667339311637101,-0.42461125582129605,-0.4447288314166383,-0.20126841622996222,-0.2938353461204515,-0.08900808889895569,0.27905088421926855,0.13723124229975942,0.07531358639884415,0.08323432411191989,-0.014186631524398823,0.13990672198828363,0.3364618188182726,0.030908036391465644,0.1499881600757755,-0.16929444347208353,-0.12355321273769934,0.02794016205252808,0.21391276892929334,0.018494304824854917,0.07878800358286403,-0.08948168586793508,-0.39435870508979465,0.07211920916169905,0.1547625666210229,0.23476064477825023,0.18468016761214467,0.3085580345039415,0.3030670551534557,-0.061021939894367286,-0.10819768898406587,0.09062106408316088,-0.030951964226269533,-0.016211430159890454,0.06362054587198468,0.12173020759333807,-0.14904782986200482,0.28244980043721923,0.3448973358454564,0.4639815777642791,0.12317708065219107,-0.0288502918798711,0.17448890993764307,0.7693596488518706,0.5094002134618223,0.2905311492962967,0.3013826972376942,0.37652812239392974,0.35847652777920774,0.12636184867547282,0.38961312618613736,0.1885087529642709,0.18856915373712624,0.33201961652372963,0.17211268862372034,0.3743248669295473,-0.2902840552255248,-0.1348412935374605,-0.014355479139426261,0.007826704691698669,0.3204281591148541,0.2864444879146976,0.27769735780937377,0.18661711057802854,-0.1921465267839677,0.2993496621331768,0.17774643343731875,0.1290359556191594,0.2551143324856634,0.008813708229948487,-0.2057037548003171,-0.23743475172193682,-0.19658049260948499,-0.425666896601427,-0.036390779272925694,-0.2889689656710835,0.3879397502290768,0.1561723755692601,-0.17630642410265385,0.00221355105066458,-0.04862605401064564,0.08415818138763911,0.330215829807095,0.04462862104349199,0.2700099867186937,-0.16779677885423852,-0.06943549300414913,-0.109448259531139
#101,-0.04262304083572706,0.03326641202249929,-0.18300541891024652,-0.06548336061663698,-0.5230549063616428,-0.4262750225644933,-0.11388908908084437,-0.07619214309492188,0.014161922117321637,-0.0905839999725451,-0.13236760734006664,-0.29796181710234154,-0.31757284985260154,-0.26619238332526846,1.0,0.545290627241435,-0.03457875608726539,-0.006879510753739872,0.45827370472944917,0.3591876096050956,0.4923342496405124,0.5681317285946181,0.10188443547584485,0.20836413429562747,0.3667075058255859,0.17583145438883685,-0.032419428457686854,0.24291063087920875,0.037736069213794715,-0.04681677631466057,-0.23596042376633136,-0.23345790992734747,-0.20747459564084877,-0.04276992453335255,0.22138187359079162,0.008566614159176627,0.1986121549691647,0.18866387313092212,-0.026262667860954676,0.36346370977428644,-0.0710470954435167,0.137152995844015,-0.06876422077855224,0.16976392220655004,-0.31773483374344086,0.13063245786531313,0.13548099263179209,0.11707660259380137,-0.25894017234811434,-0.09763167196889361,-0.21800492129024288,-0.17633662448908152,-0.2470494565646374,-0.14548830249805242,-0.02092818142195774,0.1861792049748273,-0.3816415969140696,0.10440067676320494,-0.5310758544478649,-0.058821429919660106,-0.37493024740293834,-0.5048934921599111,0.1327409939358997,0.15513595321685594,0.10848459265512875,-0.05883515736803632,-0.10911193704592174,-0.03458012883210301,0.29854935189284354,0.16429902500797908,0.009456152813955324,-0.08586038498628971,0.13968433732458896,-0.13094132545377796,-0.13864654222734712,-0.23727825881044795,-0.36525239629770717,-0.4095385175042126,-0.07542340598585387,0.34247032297254165,0.03007615301986705,-0.15632063201172325,-0.2867313915857605,-0.30215967081578793,-0.3656491195557798,-0.4378774619320697,-0.47295795625748577,0.03521845518159698,-0.02277177773888334,-0.5221941953484541,-0.3117496662514114,-0.6429037671550206,-0.37550542748990173,-0.2579051227405478,-0.25980362885097824,-0.020784043214007487,0.10160988650832055,-0.07995483669484225,0.15772769547028523,-0.2622251507445425,-0.1623552183179071,-0.28814806425818584,-0.36362843915480103,-0.19943442912689996,-0.07087275684913877,-0.3433090700683284,-0.11116144508849056,-0.2702145256994993,-0.1448980222178752,0.02894775676334222,-0.20254095069443728
#102,-0.10168264198471448,0.15290936109023395,-0.2377230281378373,-0.043858511189586356,-0.32911077021280977,-0.25004066756581456,0.08517263982264137,-0.26943343388689267,0.03434950769938261,-0.2570842213276502,-0.08323020587740702,-0.12584706936136478,-0.18970853195235202,-0.26058197517390963,0.545290627241435,1.0,-0.27333752020508806,-0.186006239125287,0.4930151310799727,0.7287456200860024,0.2371396115818482,0.8237066169733035,0.1472934619595246,0.4065404427788474,0.49504267520513956,0.4334846784516811,-0.19160429257310724,0.42215678805162893,0.07181171431807185,0.142505327965901,-0.19096459347877565,-0.17172420183467346,-0.2845363725904038,0.136576443012214,0.26933322351374633,-0.015917662764639465,0.3865052318737624,0.586582791957088,0.12601866246606747,0.5037966690346515,-0.0857313469715533,0.11140853915926242,-0.0006870587912295332,0.49621362655163065,-0.20678959596687566,0.5881367391132755,0.009866603520404136,0.0014530504106222996,-0.48081005672868043,-0.2643817328844458,-0.41779283221283037,-0.3882733272246188,-0.45639716253642065,-0.321302597576419,0.03972243099383294,0.48878982246977387,-0.41681269239876867,0.5022468401129769,-0.49279686465079087,-0.1477643134388288,-0.3416398123457807,-0.546574143664611,0.35925899233665193,0.48545405251435375,-0.13920387663142145,0.19238675713055148,-0.05527151176957105,0.2811539293105046,0.35867008480131235,0.5420907590249393,-0.0823008576223373,0.07178837765583228,0.12957681708518226,-0.14413065785364482,-0.14719462433121588,-0.3184939616386455,-0.3387144930968094,-0.5310868364065658,0.15647849766804972,0.6641456207723749,-0.15534186494249916,0.020601468150603836,-0.01755534735592185,-0.18213235319351928,-0.14267966656027894,-0.45234619252059977,-0.45011685490430253,-0.07744957736618312,-0.029058949095189558,-0.22770610905771363,-0.13646113244585378,-0.4593389547234434,-0.23497479297291918,-0.20371602027544125,-0.18455524783192112,-0.13164828904515302,0.1659188639163724,-0.39232841547495256,0.055456832322649946,-0.47553459831770123,-0.48639300998328683,-0.4063702224189823,-0.3031960931681921,-0.36321112472416406,-0.26722331469832217,-0.41157155260872996,-0.30686955835366714,-0.3406871274284714,-0.3642297013936792,-0.09410371773620649,-0.2508849056409517
#201,0.5582616932121199,0.5240844649898588,0.8322615628013604,0.8249818969274538,0.26980956597240097,0.4759944678383044,0.3605328995459646,0.1627766509830569,-0.31296729092238157,0.5658859180402694,0.26683208241960005,-0.07599172234862914,0.4571906090525658,-0.1507294422880911,-0.03457875608726539,-0.27333752020508806,1.0,0.7218736594288695,0.03235765493999389,-0.4171009688146691,-0.2220215726851232,-0.2292792746416278,0.3316160295414689,0.18540085865189593,0.340224512418193,0.03749034788786047,0.1333573563679917,0.051742184792046314,0.4547498687312749,0.12715117695710515,0.3255004512898654,0.16985040513132021,0.6159142309025454,0.3353155768788587,0.10934530366831739,-0.01717509703590071,-0.2840421844488601,-0.2138894322670538,0.22223983911430503,0.028853037369546343,0.16200928661882652,-0.022705885986677513,-0.13758266497819052,-0.1935920270979831,-0.17452871953793408,-0.2840627756214244,0.23362263930786206,0.10182678019266474,-0.06818080422256312,-0.09418059144711328,0.25250886278385787,0.18835912377697014,0.3480930858274391,0.4939815434456582,0.11100907041151459,0.08329747037445047,-0.23656168600520958,-0.6099551455624307,-0.07409458898303631,-0.1366340982953941,-0.13179379999794089,0.1186017221083988,-0.350211231111889,-0.3450881473778858,-0.06302340186761936,0.1667329016050819,-0.1572842988877335,-0.2796741103755487,0.08969995229711689,-0.2673413707543576,0.33615844220915825,0.3334417801755054,-0.3398662260155738,0.10735894188827916,-0.44065727022825313,-0.22305250405817692,-0.13731635247969196,-0.08287329221962544,-0.09063890976604996,0.01721490663619173,0.32069309886851505,0.1599268327001548,-0.12854725845696616,-0.2768943020793652,-0.16080127116171963,-0.174267898018786,-0.04305133722506495,0.15505496127143628,0.07528750424692934,-0.008570732393689492,-0.29779434223215173,-0.012802904728076407,-0.10341641871463036,-0.08922498258329987,-0.07418793563199456,0.6112963172687869,0.3166119284662665,0.6931338735084269,0.503943552732277,0.2735324499720303,0.41649833383095336,0.5728649527947369,0.41370067985188086,0.5308218966529049,0.6705549664192294,0.3424469863103021,0.6413347198056193,-0.12551761060033564,0.5747895410570821,-0.3590997539354879,-0.2529687323044611
