,#10,#11,#12,#13,#17,#18,#26,#49,#50,#51,#52,#53,#54,#58,#101,#102,#201,#202,#301,#302,#401,#402,#501,#502,#601,#602,#701,#702,#801,#802,#901,#902,#1001,#1002,#1101,#1102,#1201,#1202,#1301,#1302,#1401,#1402,#1501,#1502,#1601,#1602,#1701,#1702,#1801,#1802,#1901,#1902,#2001,#2002,#2101,#2102,#2201,#2202,#2301,#2302,#2401,#2402,#2501,#2502,#2601,#2602,#2701,#2702,#2801,#2802,#2901,#2902,#3001,#3002,#3101,#3102,#3201,#3202,#3301,#3302,#3401,#3402,#3455,#3501,#3502,#3601,#3602,#3701,#3702,#3801,#3802,#3901,#3902,#4001,#4002,#4101,#4102,#4201,#4202,#4301,#4302,#4401,#4402,#4501,#4502,#4601,#4602,#4701,#4702,#4801,#4802
#10,1.0,0.17766406874706148,0.5080535507761156,0.6076104973797732,0.1340986385803073,0.07288657352592944,-0.11996073949764402,0.6201436577472571,-0.162065569157169,0.3273413021171157,0.2747336017049491,0.04826914035286406,-0.1760208931764286,-0.5106178381327925,-0.2003267132713539,-0.08274562694972665,0.3454519247598555,0.3349751361591286,-0.1573350904467255,-0.14234059858538645,-0.04904748667579542,-0.06957139474307364,0.12789932289360884,0.1316345615967768,0.13342873909954803,0.09676958821086734,0.11290894926678266,0.2643323140702914,-0.013868154722070649,0.10487015549767148,0.16383503725286302,-0.21180560560354442,0.46732558418872494,0.3921678043289508,0.016341840919464494,0.24712221204103135,0.004657036861630752,-0.010160370915655125,0.09127998160521918,0.2618421549348461,-0.13175536314248748,-0.010422565179640821,-0.15499044226406805,-0.18783748073867398,-0.08601413240810331,-0.0819480621990686,0.1323126975465618,0.2161942708494202,0.13687844687649073,0.15847995964130177,0.2036089461781068,0.08596334084911132,0.24605147106768663,0.034725639784890884,0.05452885681241785,0.10103882465587002,0.0091088483700371,0.048297967994454113,-0.05698332458208499,0.3147065586316479,0.09437552121405554,0.05361872698507483,-0.3010806933734175,-0.38604810784283444,0.00986111254105365,0.06862831903962771,-0.30461139309577984,-0.5295960355129089,-0.0759189668722352,0.1040712180021758,0.038270066955629456,0.13186930096401006,0.004061265602103045,0.25728876030845577,-0.12779499428594962,0.006005072292175011,-0.043210575626229035,0.08712880121625192,-0.30493261538778327,-0.09763853569308172,-0.038438914570656894,0.12437685964027222,-0.13972277418004234,-0.1534433588320687,-0.004798429579905761,0.026758228747336018,0.18184544952245638,0.278722798203077,0.09049888979261257,-0.2123217576624901,-0.19295095525881387,0.20886244067168405,0.03625075929948831,-0.05684193186380999,0.05395642221512971,0.15070747837068915,0.2723656168600521,0.29913414119367027,0.35426357387254753,0.41076986962355905,0.4100176054525425,0.20645052799198316,0.08025821330395659,0.45164334716373755,0.455587243082224,0.37472570842213276,0.3364151454937935,0.045404221876748106,-0.143375648192953,-0.26817599961563143,-0.14987147676457768
#11,0.17766406874706148,1.0,0.22211491933408148,0.20338518876957448,-0.07053917985359676,-0.07330526070140397,0.11478137322529831,0.12843332063544358,0.29115712094225205,0.4387917099939256,0.35917113666704414,-0.12369597820081198,0.13476716531622893,-0.0917686787674124,-0.15385655502819276,0.019747620861603296,0.2667373630258042,0.2640124645231256,-0.0054038100532968186,-0.027713659154320544,-0.3329228826268845,-0.02948861822936507,0.04257636751124793,-0.019022811587339174,-0.06261157841633291,-0.09483127250014585,-0.12378795210493261,-0.10249942516309925,0.2722818794249572,0.039781459021850665,0.14667160854808212,0.14698733986073503,0.07316524072796658,-0.0014242227690322493,0.1144985877887483,-0.05407722376084039,0.06691650622711377,-0.02527154608819199,0.13185420077079624,-0.024885804788820368,0.3236252818416745,0.13459694495636387,0.07071900942732517,-0.0932526159368812,0.32857677247097505,-0.11960108035018721,-0.0679748924969199,-0.09238641394434206,-0.0030783802983660904,-0.043136447404997474,0.06280513543843755,0.17365428107636924,-0.1484891227130929,-0.12525541633634993,-0.22600939643841353,-0.05606084005120338,-0.057334747260516086,-0.06292593698414822,0.07598211313476579,0.3514467014657483,-0.12314413477608815,-0.1585966429524996,-0.13116920109682312,-0.19779674453561757,0.07163737572369391,0.10677964356680292,-0.17835318665554745,-0.12635910318579757,-0.0666103841283242,-0.08710958278852522,-0.029436453925535455,0.02504092495547159,-0.14165422616657572,-0.1657719802187469,-0.1695442830325306,-0.09907579953807136,-0.13860261439254326,-0.12000329458761029,-0.061045276556606846,-0.020221217830582696,0.1958584288248961,-0.20796054731336677,0.03630978732750603,0.13263666532824045,-0.009799339023360686,-0.0295352915538442,-0.020748351848229332,0.14034325484664725,0.06486287995003209,0.0476376777275582,0.11033505269624246,0.05275938871672381,0.12420389379073192,-0.03980479568409023,0.1195434250670071,0.2510825808975692,0.23542779876933426,0.1293105045866837,0.05967253171898541,-0.09111799771437984,-0.06437418278783885,0.1535010141152488,-0.09302199480416079,0.008944118989522526,0.06921722657496732,-0.15501926990565812,-0.177404619972751,-0.2114775195873529,-0.04811676567588808,-0.08365438403223205,0.06023947533692306
#12,0.5080535507761156,0.22211491933408148,1.0,0.6399427565402712,0.2444824237182853,0.01930147878937633,-0.03844440555000738,0.14436951545539095,-0.21167382209913277,0.4163500773884902,0.43899350348505595,0.12544348237910408,-0.11486785615006846,-0.37778692941002856,-0.04321743935041714,-0.09177828798127576,0.7546602971306201,0.6392206927556823,-0.2552310157968612,-0.2397903818632952,0.001790745640677175,-0.03374138173631631,0.2431838071018954,0.2890595668303665,0.11356649404400333,0.18563697076396682,-0.10832398150912703,-0.025624341511460702,0.10613308074828322,-0.05270173343354371,0.4242145325632235,-0.048645272438372335,0.39329070960612517,0.44844896992659244,0.15404324832610927,0.17412513255567338,0.2823084077189442,0.06147357294594474,0.0956727650856078,0.4095000806487592,0.09798858562667517,0.22711582877753642,-0.19644184538088522,-0.28983379491878497,-0.0730952307412479,-0.1957678276656131,-0.09370973996780914,-0.10544533558463487,0.07671515887805565,-0.05241894799699369,0.010894789403782598,0.08842329959812895,0.16882221924794175,0.11629688352603239,0.1308973976189741,0.1776777961954377,-0.09419980987483999,-0.07806044881892465,-0.03994756114720286,0.028767927189613813,-0.21282967325241003,-0.025135644349267468,-0.10979556397505723,-0.306721301911204,-0.1116624969542224,0.04983818770226537,-0.1722115262520291,-0.3260619039284525,0.028988939108470866,0.06757954198368493,0.21268553504445978,0.41169784513379115,0.0011112369460545598,0.34132270828829014,-0.05968076818801113,0.10749896186171655,0.003671406068218555,0.09348049157992636,-0.18876682899374372,-0.19656539241627113,0.1393040870045678,-0.10381588746237821,-0.26361985949956585,0.03876974607652366,-0.027480292531924896,0.029352716490440547,0.17458500207627656,0.45505187259555163,0.2115475295740716,-0.2548356652836262,-0.24521135122706228,0.11825716315415581,-0.1446166095261628,-0.12414761125238943,-0.004092838733368338,0.4456664161407338,0.320827627862602,0.2772608249510102,0.25927924032300687,0.1496916471908493,0.2156767460456369,0.4773850583588149,0.18518396496755174,0.35697886316136274,0.3083219223918706,0.11452741543033834,0.10393119802873842,-0.14085666141591766,-0.19033999457765788,-0.41784774200633523,-0.05667994797297066
#13,0.6076104973797732,0.20338518876957448,0.6399427565402712,1.0,0.25909391976992796,-0.0015656154873072581,-0.11121910037167067,0.26894610946953706,-0.1933943518413656,0.4664497729823225,0.2593506230545632,-0.005494411212579833,-0.22735056814476967,-0.4728975554846304,0.04765552341044727,0.17967376718933925,0.5882932320247644,0.2788930185629421,-0.12898653680500502,-0.06253745019510136,0.07414812603170354,0.17698318730760124,0.30444529097042766,0.36393181576391537,0.09236582277177774,0.18874211958666653,0.08044902483638597,0.056361471170642476,0.00968951943635097,0.07973657026566044,0.16325985716589964,-0.1641013497513616,0.2733183017773614,0.33537185941720116,0.1692930707272459,0.26492671258498146,0.2680442161112198,0.060453623531592005,0.18580032739964378,0.45758184133128793,0.23209614704842702,0.35031144148503535,-0.1337348611983376,-0.13448437987967893,-0.07377611218070813,-0.05008802726271248,0.0811106878481195,0.06172890348574233,0.08996077381626497,0.09733927731848023,0.04959521186600638,-0.03208036048279436,0.21622447123584787,0.170260855837769,0.28863264318586623,0.276061045962929,-0.08820366042410951,-0.1498193124607481,-0.07995483669484225,0.021245285479448293,-0.19812208506213386,-0.19827445973910984,-0.13164279806580254,-0.36432991176682555,0.016878584150974478,0.15858840648347386,-0.33294484654428647,-0.40073922309505916,0.04479197767916894,-0.017330217202551932,-0.07505001939002083,0.1502819274710265,0.0656576992110149,0.25300579641507687,-0.033215620463507296,0.06075974563038159,-0.11235161486270835,-0.01770909477773545,-0.30461825681996796,-0.08910418103758919,0.02728124453046979,-0.027857797362270793,-0.29919042373201277,-0.1879267091531194,-0.14997031439288644,-0.005410673777484926,-0.02328381156331614,0.44349336106277903,0.26535500897431935,-0.2530620789534193,-0.22573759296056448,0.03761801315775927,-0.2138400134528994,-0.12533915377144486,-0.1298609752665699,0.3277503800787269,0.3243061632811347,0.12992412152910046,0.14308737177705252,0.23718903039600256,0.1894312374951525,0.2694842254458847,0.06376742956961018,0.21898368835946697,0.2127431903276399,0.07686066983084351,0.1268134817270503,-0.22746999694564274,-0.3308788655636662,-0.2741968584734391,-0.21553123509284902
#17,0.1340986385803073,-0.07053917985359676,0.2444824237182853,0.25909391976992796,1.0,0.4103182365719816,-0.1846760493776318,0.08194257121971811,-0.07733701228949816,-0.033427023168501,0.053861702821333825,0.4400546352445373,-0.006124501093048077,-0.017685758115495886,-0.0878440012766527,-0.07820184153719967,0.18174523914931,0.12029157100351079,0.14010302450006348,0.10313912425743084,-0.07937828386304124,-0.3270598894254033,-0.0860964970983606,-0.06620405165638824,-0.3014279978173357,0.023707989718141167,-0.14339212113100447,0.01164705357479915,0.10222075796106209,0.39188639163723843,0.06746972239667522,-0.09437552121405554,0.2193117743756585,0.19325433186792823,0.1896234217724195,0.3093102986749581,0.09297120324516879,0.24889168013672539,-0.06760836962527497,0.18341861510637056,0.23237344150562653,0.3790979007299571,0.23662895050225302,0.1784918338841472,-0.020825225559136133,0.13042242790515707,0.05697234262338402,0.2094993942763404,-0.09221893907415224,-0.07455308575880187,-0.04119401345976313,-0.26289505022530174,-0.18602957578752655,-0.15936400731672998,-0.18874211958666653,0.009423206937852409,-0.44194490488594207,-0.5270619485426598,-0.28401198406243244,-0.032419428457686854,-0.11930044923074812,-0.10016438619430516,0.1418697471060823,0.06685198721974556,0.02315202805890448,-0.19255972298009177,0.1647794857011466,0.013472804208835672,-0.1764066344758002,-0.05363108168861343,-0.09856239296880094,-0.07822243270976399,0.12778538507208625,-0.26221416878584153,-0.11837384646535364,-0.29025934581844764,-0.34304962129401795,-0.3596790522569641,-0.13363739631486649,0.1262204559571978,0.06948353907346587,0.33546657881099706,-0.029236033179242726,0.27969332880327535,0.4455263961672964,0.02465243816642472,-0.013630669865162138,0.2953920387663142,0.3468699701771184,0.23870042246222378,0.12451687961370961,-0.034677593715574134,-0.0992254287253721,-0.1653052469739556,-0.07678516886477434,-0.08487749968255276,0.17120942252056542,-0.028038999680836826,0.11808694279429076,-0.00923514089509827,0.008859008809589996,0.2580465154588228,0.15028055472618887,0.21323875121402122,0.22314310521745995,0.09343930923479771,0.3359319393109507,-0.1944431288973084,-0.27772069447161335,-0.30976467721621076,-0.2468105989628913
#18,0.07288657352592944,-0.07330526070140397,0.01930147878937633,-0.0015656154873072581,0.4103182365719816,1.0,-0.014938895695415375,0.08924420101102658,-0.10128591872664189,-0.07632118110965828,-0.11408127335811137,0.5352517442439093,0.36963694330907004,-0.02638072391699012,0.07249671399204495,0.0869928994773274,0.12931599556603418,0.1137943696870485,0.16320220188271956,-0.028305312179335386,-0.23211673822099133,-0.1818330948189178,0.011045791335920957,0.1868916595455528,-0.10835143640587946,-0.00281206779986753,-0.11041055366231163,-0.10789568511978914,0.3251504013562719,0.5186140768119374,0.058287432177825366,0.02499150614131722,0.16658189967294354,-0.04900630433066678,0.25949064302800057,0.15230535336168052,0.04362239907751547,0.12201162028505047,-0.01573096946672295,0.09069519230439244,0.1414222322890177,-0.010997745266604207,0.39400590966652593,0.1823382649191625,-0.03705930600884734,0.3090906595009386,0.05016764646329452,0.09097248676159198,-0.29549087639462296,-0.08380126772985755,-0.08906574418213578,-0.07782433670685378,-0.13427297717468523,-0.08316156863552596,-0.22310604110684415,-0.1379395786359721,-0.4371965804926095,-0.2987017265698195,-0.3315775926860155,0.024040193968845557,0.07849560893245065,-0.10634448345327692,0.007991434072213243,0.2130397032125661,-0.14012361567262782,-0.2935278512768243,0.2099414181140545,0.25405320072618204,-0.018147000380936692,-0.05325906783761801,0.0882475882589134,-0.2281659785783168,0.07927807348989488,-0.3559012584638299,0.00034249983698655056,-0.2283567901107462,-0.33487629853081985,-0.3575842436347538,0.12676818114740876,0.2687099973574662,0.2893807891223699,0.6396544801243707,0.20425276350695123,0.2573862251919269,0.31014355479139427,-0.05617477787272596,-0.2797262746793783,0.255550865344027,0.18738722043193418,0.34330769732349076,0.24974552742572592,-0.3006331785563529,0.07700480803879377,-0.2309114682535597,-0.3155672696448366,0.009852876072027922,0.061424154131790365,0.1140126361162303,0.13845298520524252,0.017278052898722317,0.07453661282075041,0.24808450617220398,0.3202730389482029,0.24482286443801543,0.08431467429912796,0.19419054384718604,0.24671999780360826,-0.07774197201659648,-0.04880176534986118,-0.20276058986845671,-0.3574895242409579
#26,-0.11996073949764402,0.11478137322529831,-0.03844440555000738,-0.11121910037167067,-0.1846760493776318,-0.014938895695415375,1.0,-0.2690971114016754,0.1241833026181676,0.3892795491905953,0.32785333594154853,0.15808598187290443,0.26426093133873507,0.527358461427586,0.0819810080751715,0.2027399986958924,0.020508121501645576,-0.20338244327989924,0.01776537731607793,0.1356223853500671,-0.04463273927800485,0.2679041961377824,-0.2105426803529327,0.08505046553209306,0.060527751752823565,-0.078313033869047,-0.05880907521612152,-0.17764622306417238,0.22417129110083842,-0.11511495022084033,0.050878728289182426,-0.06588420210922244,-0.28185677466736675,-0.41502675136502315,0.08007152000604008,-0.048031655495955554,0.2485265300099181,0.13152336926492947,0.003265073596282607,-0.25101531640052577,0.3166050647420784,-0.05111484040125332,0.3006620061979429,0.2629938878536105,0.06491367150902408,0.1543466249352236,-0.1692738522995192,-0.17068503399259405,0.024154131790368134,-0.00599409033347404,0.07957595911965873,0.06338443375991379,-0.0744336569579288,0.1841695065325495,-0.04627866033831297,-0.039799304704739746,0.1314753231956127,0.21169166778202184,0.005048269140352864,-0.11221022214443335,-0.08312038629039731,-0.16622224052548673,-0.052332465072223534,0.430431693932811,-0.3035502613362985,0.05237776565186505,0.2735475501652442,0.5753578574198575,-0.10284535686217985,0.0005978303767841393,-0.06914447109857337,0.0818780522123499,-0.33286110910919153,-0.3016764646329452,-0.12389228071259184,-0.14770391266597344,0.08753376094335025,-0.00029994474702028576,0.4581295665214989,0.2177372360469067,0.11084571377583763,0.0415632818210833,0.16361677082368123,-0.07754017852546613,-0.03330073064343982,-0.2528863676142038,-0.13084797880481971,-0.2303239334630577,-0.1834268515753963,0.2733334019705752,0.21478446190118297,-0.04991231592349693,0.08500379220761393,-0.10749209813752844,-0.10049521770017193,0.09554647256054663,-0.006808128022183556,-0.1682113477952002,-0.010833015886089634,-0.11720289511886255,-0.2166362946871343,-0.05542251370170941,-0.13074776843167335,-0.24141845724071423,-0.2767776187681674,-0.2872283252169795,-0.3764416394691596,-0.03831262204559572,-0.2114459464560876,-0.000405646099517137,0.19772948003857413
#49,0.6201436577472571,0.12843332063544358,0.14436951545539095,0.26894610946953706,0.08194257121971811,0.08924420101102658,-0.2690971114016754,1.0,0.04259284044929938,0.1302069069656505,0.15117970259483093,0.06115235065394132,-0.11282109359717489,-0.5123104325175797,0.014122112517030615,0.11068647537467355,0.1271086218671389,0.2641071839169215,0.045530514401809274,0.010787715306448125,0.031212785745417606,0.0741838173974817,0.1859623112904831,0.0820757274689674,0.17711085257750003,0.12642224944832817,0.12625340183330072,0.3301060102200853,-0.06629465281567125,0.12778538507208625,-0.024979151437778624,-0.23455885128711987,0.3472090381520109,0.1484575495818276,-0.16107032914989344,0.10264630886072475,-0.12009115025721806,-0.09949997769289638,-0.006401795550247609,0.09447435884236428,-0.21315775926860156,-0.004258940858720533,-0.16021510911605527,-0.1591471136323858,-0.1293489414421371,-0.00907315700425894,0.2102818588337846,0.21515373026250312,0.03130338690470062,0.09313455988084575,0.15449076314317386,0.01122012993029888,0.15054961271436268,0.024192568645821536,-0.04319135719850233,0.1113234289793299,-0.07445699362016837,-0.05767656072508382,-0.10689083589865025,0.21532257787753056,0.06672294920500915,-0.002166877726185451,-0.27015275218180634,-0.4046034998129635,0.18034092118042327,0.12864060510592443,-0.32952533915377147,-0.42387409184349334,0.21339524412551006,0.04758414067889096,0.155063197740462,-0.05150469993513781,0.07512689310092763,0.0003713274785766009,-0.06409688833063933,-0.078363825428039,-0.15800224443780952,-0.07862876518169994,-0.21707969126968601,0.031329469056615426,-0.04389420255536452,0.17304890060297817,0.07388181353320498,0.015869616695322716,0.08400717945550076,0.03739425574922697,-0.0209638727877359,0.12655128746306457,0.20702021709959606,-0.1519525579384118,-0.1705807053849348,-0.010955190176637942,-0.10371018610988136,-0.13776386729675655,-0.032582785093363806,0.03488350544121735,0.14848088624406716,0.3452309128409984,0.2477783840734144,0.36884761502743774,0.21205132692947867,0.12967840020316623,0.12185100913904875,0.4020611763736886,0.4015065874592895,0.3849773668694897,0.3703617525833342,0.00065548565996424,-0.22108124247135252,-0.13292631448897857,-0.14834361176030503
#50,-0.162065569157169,0.29115712094225205,-0.21167382209913277,-0.1933943518413656,-0.07733701228949816,-0.10128591872664189,0.1241833026181676,0.04259284044929938,1.0,0.25545340046055587,0.22330097087378642,0.11136323857962091,0.055544687992257716,0.3303915411463106,-0.09542704375967356,-0.03203643264799047,-0.10054463651432631,-0.10863971282177996,-0.1639997666333776,-0.15111930182197558,-0.23060122792025725,-0.07436639246088535,-0.16034140164111646,0.03593777347651062,-0.17684865831351432,-0.19854900870663414,-0.1600490069907031,-0.054380600369954735,-0.12739552553820177,-0.3011575670843243,-0.03697419582891481,0.16847766029369876,-0.02199068592627674,-0.1058448043323827,-0.18600212089077411,-0.20032122229200341,-0.12032726236928895,0.03501391620079139,-0.21292164715653067,-0.3027705422685295,0.019556809329173915,-0.183779646998665,-0.07352627262026103,-0.11868957777800657,0.23548957228702722,-0.047715924183302616,-1.3041075957403728e-05,-0.13050891082992722,0.13460243593571436,0.03712382501621555,0.11067412067113495,0.11985915637966003,-0.1730132092372,0.04926712584981485,-0.2913973512888358,-0.22982699983183877,0.14458640913973514,0.07219745561744347,0.09794053955735843,0.14300637983163283,-0.010058787797671139,-0.004662527840981238,-0.023953711044075406,0.10000240230346584,0.03317443811837865,-0.07209038152010899,0.21087763009331234,0.2596910637742933,-0.024099221996863276,-0.22299622151983445,0.018337811913366073,-0.30359007093658946,-0.13248429065126446,-0.2593300318819989,-0.10663687810369028,-0.06644977298232248,0.01597806353749481,0.023828791263851852,0.11254379913997536,-0.08434624743039326,0.25089451485481506,-0.1988921949160395,0.006091555216945163,0.15430406984525732,0.19053629708943776,-0.03231372710519,-0.0954874445325289,-0.20773129892548398,-0.09114819810080751,0.09567413783044543,0.06387450366694465,0.037694886868666067,0.1513197225682683,0.056863895781211926,-0.0234155950677278,-0.08172293204569868,-0.16914755977445803,0.09185927992669543,-0.018053653731978436,0.14902449319976527,-0.09071029249760627,-0.001518942162828129,0.07801240274960791,0.05644932684025025,-0.14168991753235388,0.08247656896155285,-0.00542440122586114,-0.025655914642725996,0.1774609025110935,0.22876998630687023,-0.012734267486195334
#51,0.3273413021171157,0.4387917099939256,0.4163500773884902,0.4664497729823225,-0.033427023168501,-0.07632118110965828,0.3892795491905953,0.1302069069656505,0.25545340046055587,1.0,0.4866908956130507,0.0702344304996448,0.019967260035622728,0.08391108731686726,-0.06255529587799044,0.08092948552955348,0.4506920349912659,0.14654394327818332,-0.2954744034565715,-0.178416332918078,-0.14288420554108452,0.2109215579281162,-0.00022718927062634914,0.37747257084221325,-0.027126124363818564,0.03902233112664601,-0.11501199435801872,-0.14748839172646686,0.08006465628185197,-0.25096177935185854,0.25411497424387497,-0.0353543569205215,0.188758592524718,-0.06534471338803721,0.052795080082501965,-0.04861919028645753,0.17399472179609934,0.04473294965115122,0.052003006311194394,0.13233740695363896,0.13665468946795842,-0.06347778040887204,-0.07145205517061502,-0.10928902112997492,0.1896247945172571,-0.05126172409887881,-0.00786514154715207,-0.14881034500509632,0.0727753811940821,0.02458517366938127,0.19224399166743883,0.1517658646404953,0.04299780017639771,0.2041168617680267,-0.017864214944386676,-0.03324307536025972,0.05372854657208455,0.050917165144635824,0.08905476222343481,0.22213139227213294,-0.027050623397749385,-0.02605538339047384,-0.22147796572942513,-0.0811930525383768,-0.11004540353550434,0.13654212439127347,-0.06715124559434704,0.06650331003098972,0.023315384694581432,-0.24843592885063506,-0.01107736446718625,0.019150476857237968,-0.26617865587689227,0.019355015838043565,-0.11154855913269981,0.020009815125588994,0.0676673976532927,0.05053416933493945,-0.04892393964040949,-0.13960746361368215,0.08629417235497809,-0.02722496199212731,-0.047327437394255746,-0.14162951675949853,-0.06693160642032761,-0.0562859702045733,0.005315954383689046,-0.023173991976306423,-0.01518187153167437,-0.06620267891155061,-0.03321699320834492,-0.0339774938483872,-0.08657833053636572,-0.06726106518135676,-0.028568879188158702,0.29023600915620806,0.1290936109023395,0.1626160398370552,0.2868727843040355,0.1158754508608826,0.13437181480299396,0.296208821944699,0.0703373863624664,0.21678729661927265,0.05815290318373847,0.129432678877232,-0.05104483041453462,0.008860381554427617,-0.16893615706946433,-0.1134305923050788,-0.02176555577290682
#52,0.2747336017049491,0.35917113666704414,0.43899350348505595,0.2593506230545632,0.053861702821333825,-0.11408127335811137,0.32785333594154853,0.15117970259483093,0.22330097087378642,0.4866908956130507,1.0,0.11983581971742048,0.018451749734888653,0.12740513475206514,-0.11604292573107242,-0.013881882170446863,0.4103182365719816,0.2007110818258879,-0.13195029290942972,-0.10491957431182586,-0.2808546709359031,0.03701949640855632,-0.12467199978036082,0.07193114311894491,-0.1812634057113049,-0.11506004042733547,-0.17116412194092392,-0.07999739178480852,0.1927862258782993,-0.03027657376615978,0.32254630439930404,0.13951274421988627,0.14502843297744925,0.04649967225717002,0.026689591505454944,0.15395951089101437,0.2072728021497184,0.10235803244482423,-0.08636830057620964,0.011578416332918078,0.2203303510451736,0.020081197857145308,-0.05719747277675394,-0.12357380391026367,0.0878508650008408,-0.09290393874812534,-0.18684086798656083,-0.11608136258652582,0.13048694691252527,-0.0902641504253793,0.0018291824961305756,0.11728114157460696,-0.11918925689890078,-0.08956267781335475,-0.09701393679196395,0.03315110145613909,0.030412475505084302,0.18113711318624373,0.0988094870395728,0.29260399400110504,-0.15250165587346037,-0.05437785488027949,-0.20099386726243793,-0.08680483343457326,-0.05971371406411405,0.18820125812064367,0.09699471836423725,0.026269531585142784,-0.08812266847868985,0.00645945083342771,0.018170337043176256,0.36500255673726006,-0.09693431759138191,0.024808931077913564,-0.14828046549777443,0.15848545062065225,0.10992597473463127,0.053878175759385284,-0.009377906358210902,-0.10889229787190231,0.11076472183041797,-0.13754560086757472,-0.12092028813914142,0.06290397306674629,0.10890602532027853,0.06424789026277768,0.18027091119370459,0.15737215455734127,-0.03691516780089709,0.013522223022990044,-0.20917542649466173,0.17837926880746224,0.0673475481061269,-0.02051223973615844,0.19194473329283737,0.396007371639778,0.13018906128276142,0.23240776012656708,-0.014485889899000298,0.13782289532477426,-0.00016953398744624847,0.3566645045935474,0.11510945924148984,0.09222580279834035,-0.045426185794150045,-0.070157556788738,-0.10920802918455524,-0.10659569575856163,-0.07530809541949367,-0.24028457000483894,0.08553504445977343
#53,0.04826914035286406,-0.12369597820081198,0.12544348237910408,-0.005494411212579833,0.4400546352445373,0.5352517442439093,0.15808598187290443,0.06115235065394132,0.11136323857962091,0.0702344304996448,0.11983581971742048,1.0,0.4055342208128709,0.1964088995047823,-0.010330591275520185,-0.06834278811340246,0.21742699571360424,0.005830733697797088,-0.055438986639760865,-0.08927577414229186,-0.03039051158768236,-0.22981876336281304,-0.1775762130774537,-0.008765662160631738,-0.18891645818104447,0.024107458465889006,-0.16625381365675201,-0.08483219910291125,0.11107496216372041,0.149123330828074,-0.046785203183395276,0.09049888979261257,0.14190818396153568,0.07730269366855762,0.1992834271947616,0.20994416360372975,0.1536684889854386,0.2213420639905006,-0.0394314090882572,-0.027259280613067843,0.1061770085830871,-0.09244132373784691,0.2494943151204412,0.01574332417026154,0.02690373970012389,0.22069001019263043,0.0673791212373922,0.04829247701510363,-0.07999190080545804,-0.08346494524464029,-0.02737733666910329,-0.12701115698366777,-0.15916221382559964,-0.24877362408068995,-0.009409479489476194,-0.1928232899889151,-0.2127184809205627,-0.369122163994962,-0.254550134357401,-0.11025680624049804,0.05396328593931782,-0.06434947338076166,0.10491133784280013,0.2100306465284999,-0.25794905057535167,-0.31636620714033226,0.30854842529007814,0.3371262273196814,-0.01121875718546126,-0.031638336645080256,0.04432249894470241,-0.16779266061972567,0.0427410968917625,-0.31534763047081715,0.1290565467917237,-0.19641164499445754,-0.15618747576247397,-0.1805331054576903,0.14182444652644077,-0.007738849022090897,0.3044027358804614,0.39678159972819654,0.24411315535696512,0.5307175680452457,0.5339133180272284,-0.027886625003860844,-0.08211279157958316,0.23779029263488077,-0.08397972455874833,0.41467395594175444,0.12532130808855577,-0.13323106384293054,-0.016021991372298695,-0.17316970214868885,-0.2502259881188934,-0.12390600816096806,-0.05243816642472039,0.11474293636984491,0.09733515908396737,0.15956580080786034,0.009734820015992478,0.2141200533997742,0.24973454546702495,0.2213859918253045,0.007889850954229255,0.230649273989574,0.1983293695326147,0.024848740678204587,-0.028443959407935152,-0.25906097389382504,-0.27683115581683465
#54,-0.1760208931764286,0.13476716531622893,-0.11486785615006846,-0.22735056814476967,-0.006124501093048077,0.36963694330907004,0.26426093133873507,-0.11282109359717489,0.055544687992257716,0.019967260035622728,0.018451749734888653,0.4055342208128709,1.0,0.27004567808447183,0.14870464365259947,0.16044161201426282,-0.04188450411308672,-0.10442675891511975,0.13149042338882655,0.20557746227525592,-0.005432637694886868,0.08588372164852928,-0.11532909841550927,-0.038868583704832406,-0.07004361896721542,-0.11419109294512109,0.05421724373427778,0.036562372377628376,0.27772755819580147,0.23621575430612896,0.12489987542340598,0.015308164056735544,-0.0777241263337074,-0.2678328134062261,0.23548270856283912,-0.03562753314320817,0.09688215328755229,0.05301197376684615,0.00028484455380644984,-0.20372013850995413,0.2624557718772629,-0.06318126752394582,0.530161606386009,0.23200280039946874,0.2028292271103378,0.3245230569654789,0.08945560371602028,0.14158696166953227,-0.05401270475347219,0.14934571549176867,0.09813958755881354,0.11635728429888774,-0.13998359569919042,-0.18561088861205202,-0.125617820973482,-0.31728731892637624,-0.1012035540363846,-0.055666862282806026,-0.21044109723494872,-0.004386606128619327,-0.10259414455689513,-0.20422942684471168,0.20334263367960823,0.28791607038062783,-0.11442445956751673,0.03286831601958907,0.2176109435218455,0.47114867856150067,-0.006893238202116086,-0.08778085501412211,-0.12301097852683887,-0.13225916049789455,-0.2013123440647661,-0.26208513077110507,-0.03229725416713855,-0.2534615477011672,-0.12999413151581918,-0.19100852131357954,0.41850940501806877,0.2531060067882232,0.34131447181926444,0.11765590091527763,0.5307079588313823,0.21928294673406845,0.13258450102441083,-0.20651916523386424,-0.23129858229776895,-0.16017392677092665,-0.10094959624142463,0.3220397615542217,0.37075573035173154,-0.3460778964058108,0.1632502479520363,-0.18222844533215277,-0.03912116875495475,-0.026309341185433804,-0.19655441045757016,-0.09665427764450714,-0.20745812270279732,-0.05664151111751725,-0.061424154131790365,0.048702927721552436,-0.08141269171239623,-0.2489891450201965,-0.3398264164152828,-0.14385610888612052,-0.15874901762947558,-0.1657596255152083,-0.019260296444247683,-0.11076609457525559,-0.15887942838904962
#58,-0.5106178381327925,-0.0917686787674124,-0.37778692941002856,-0.4728975554846304,-0.017685758115495886,-0.02638072391699012,0.527358461427586,-0.5123104325175797,0.3303915411463106,0.08391108731686726,0.12740513475206514,0.1964088995047823,0.27004567808447183,1.0,-0.1041604464166212,-0.0330495183381551,-0.24556826488484387,-0.37984467392162313,-0.04144659850988548,0.07722170172313796,-0.1190121728148476,-0.05969724112606259,-0.3658605222607735,-0.11268381911341274,-0.21749288746581008,-0.2997312851980356,-0.25130222007158864,-0.2846709015844907,0.07991502709455123,-0.15070747837068915,-0.07490588118207057,0.14847402251987907,-0.32048718714287183,-0.4937728862303397,-0.034223215174321434,-0.10549749988846448,0.02874596327221187,0.10721205819065367,-0.11137147504864664,-0.42742400999358243,0.08656185759831427,-0.27413096672123327,0.2617460627962126,0.16806583684241233,0.1729102533743784,0.1320189301513108,-0.2922209981914087,-0.24319067082608353,-0.06337345180121282,-0.11463448952767281,-0.10883189709904698,-0.0439765672456218,-0.29679635673520094,-0.07775158123045983,-0.2004996791208942,-0.22854073791898746,0.12049061900496591,0.12408171950018361,0.15899885718992268,-0.017843623771822352,0.13956902675822874,0.07915315370967133,0.18287363540583484,0.6068019506704143,-0.21660883979038187,-0.08200434473741107,0.5352462532645588,0.7119143956319259,-0.15260186624660674,-0.1256233119528325,-0.1899432713195853,-0.17748286642849545,-0.2694210791833541,-0.29267812222233663,-0.03436872612710931,-0.0963193279041275,0.20136588111343334,0.02339912212967634,0.40281755877921804,0.031734428783713756,0.09126488141200534,0.05321925823732699,0.20815959531482187,0.1552485182935409,0.22836777206944717,-0.000630776252887054,0.07808378548116422,-0.35884030516117743,-0.3654033982298455,0.4025416370668561,0.1798426148043667,0.10580636747692931,0.22901433488796685,0.12767693822991416,0.15346532274947064,-0.16737397344425112,-0.21232999413151582,-0.3056972342623384,-0.15656635333765748,-0.22086297604217073,-0.23154842185821606,-0.14308188079770204,-0.023231647259486524,-0.29710796981334103,-0.43412025931149983,-0.23739494212164577,-0.3201467464231417,0.1637622817764691,0.20187928768270375,0.22276560038711404,0.2196659425437648
#101,-0.2003267132713539,-0.15385655502819276,-0.04321743935041714,0.04765552341044727,-0.0878440012766527,0.07249671399204495,0.0819810080751715,0.014122112517030615,-0.09542704375967356,-0.06255529587799044,-0.11604292573107242,-0.010330591275520185,0.14870464365259947,-0.1041604464166212,1.0,0.6130561761506176,0.1236520503660081,0.06546276944407266,0.4583464602058431,0.16204497798460465,0.38894185396054043,0.5851002275324568,0.5295026888639507,0.33998428207160925,0.24466362603685132,0.22058979981948407,0.4263422870615367,0.043678681615857945,0.20257526931537784,-0.0259249726308998,-0.1329276872338162,-0.298119682758668,-0.2100704561287909,-0.18785532642156308,-0.1583275849643258,-0.23748417053609117,0.16987923277291025,0.060566188608276963,0.1729747723817466,0.11265224598214746,0.14309011726672777,0.2341882101809621,0.2373647417352181,0.2597473463126358,-0.005515002385144155,0.3310339857303174,0.30155840857690974,0.05072772635704407,-0.18903039600256702,-0.09625480889675929,-0.033626071169956105,-0.05817898533565327,0.3225833685099198,0.385879260227807,0.18324290376715502,0.1384392577568663,-0.3065812819377666,-0.25326936342390016,-0.36889428835191684,-0.21074584658890066,-0.4812836536976598,-0.44312683819113413,0.002490845507864112,0.17823101236499914,0.1576686674422675,-0.0034737308116010667,0.037863734483693505,0.22117047088579792,0.49846492808532983,0.08025409506944373,0.08941167588121639,-0.001466777858998514,0.017873824158250024,-0.055551551716445824,-0.1266995439055277,-0.30289683479359064,-0.41434037894621245,-0.322749470635272,0.37964562592016804,0.36757096232844977,-0.008353838709345304,0.176788257540659,0.11102966158407891,-0.08816247807898088,-0.329690068534286,-0.47687302453438213,-0.6289223609838462,0.1164698493755727,0.1569328762093024,0.021157429809840523,0.12615181871531675,-0.5750901721765213,-0.31271058763774634,-0.4712022156101679,-0.4378417705662916,0.14862090621750457,0.03708401541592453,-0.06651154650001544,-0.0570478435894532,-0.08673894168236744,-0.21645509236856827,0.04165388298036632,0.050326884864458604,-0.16397505722630043,-0.05884202109222443,-0.14168305380816576,-0.0785807191123832,-0.4176555577290682,-0.3491336264143562,-0.18980874232549838,-0.11857426721164636
#102,-0.08274562694972665,0.019747620861603296,-0.09177828798127576,0.17967376718933925,-0.07820184153719967,0.0869928994773274,0.2027399986958924,0.11068647537467355,-0.03203643264799047,0.08092948552955348,-0.013881882170446863,-0.06834278811340246,0.16044161201426282,-0.0330495183381551,0.6130561761506176,1.0,-0.02912484084739539,-0.05553096054388151,0.37693308212102805,0.3519202984347277,0.06351759000916307,0.757474424047744,0.2966659459756269,0.39858126821031825,0.09091208598873662,0.13438416950653254,0.2523221694859414,0.035324156534093834,0.18885056642883863,0.10334915421758692,-0.14401260179760936,-0.27472948347043624,-0.2997120667703089,-0.3044288180323762,-0.035867763489791926,-0.145308472924324,0.17052854108110518,0.18852110766780947,0.05203732493213493,-0.06005552752868179,0.26086613335529724,0.14961202799026724,0.20724260176329073,0.2803440098563079,0.06792959191727839,0.5342029671879666,0.14862639719685505,-0.04170055630484545,-0.1571634973420228,0.07579267434717403,0.047722787907490724,0.03790354408398453,0.09705100090257973,0.2769039112932286,-0.04842975149886577,0.17018123663718698,-0.22440053948872118,-0.017762631826402687,-0.166264795615453,0.012491291649936339,-0.4185684330460865,-0.5270633212874973,0.059057542031731,0.22141481946689454,0.020081197857145308,0.26675520870869324,0.03412163205633745,0.2952547642825521,0.22542735262726202,0.1871909179201543,-0.22548500791044213,-0.04013699993479462,-0.17961062092680868,-0.2509755068002347,-0.21314952279957583,-0.34823585129055173,-0.293586879304842,-0.34579373822442316,0.2830181167999945,0.6001441382079502,-0.05034061231283482,0.1527075675991036,0.1747799318432188,-0.28360702433533413,-0.29947183642372516,-0.47783531866555473,-0.5364062226523489,0.06895228682130637,-0.014157803882808774,-0.029653347609879643,0.0895022770404994,-0.4419490231204549,-0.019593873439789695,-0.30763280448338465,-0.2347386808608483,0.02580828931970198,0.2094170295860831,-0.0502692295812785,-0.07618527937073377,-0.0746834965183759,-0.2799061042531067,-0.02966844780309348,0.026310713930271425,-0.2344064766101439,-0.19563741690603906,-0.2287933229691098,-0.2485910490172863,-0.4002889627883193,-0.48278543655001765,0.029141313785446845,0.03337211337499614
#201,0.3454519247598555,0.2667373630258042,0.7546602971306201,0.5882932320247644,0.18174523914931,0.12931599556603418,0.020508121501645576,0.1271086218671389,-0.10054463651432631,0.4506920349912659,0.4103182365719816,0.21742699571360424,-0.04188450411308672,-0.24556826488484387,0.1236520503660081,-0.02912484084739539,1.0,0.6332904350571577,-0.14950907212744563,-0.2314097746296163,-0.008550141221125171,-0.027934671073177597,0.3035681070191875,0.23885416988403738,0.14745132761585109,0.08712880121625192,-0.10493055627052683,-0.17582459066464873,0.3000827078764667,-0.07037582321791981,0.3706115921437813,0.029120722612882524,0.4034970674738406,0.3952688349171377,0.14406064786692613,0.20972315168487268,0.33885176758057156,0.15952599120756933,0.0781785048749601,0.32218801799668484,0.23114346213111772,0.203673465185475,-0.13243624458194772,-0.17199600531252252,-0.07464780515259775,-0.16484537745335243,0.051171122939595796,-0.17793175399039765,-0.08603060534615477,-0.1954287596907206,-0.12116600946507565,-0.020608331874791944,0.12741337122109087,0.15082690717156222,0.06742716730670895,0.09939702183007477,-0.2222521938178436,-0.2259187952791305,-0.07530946816433129,-0.13106761797883915,-0.16590925470250903,-0.045847618459299834,-0.17798254554938964,-0.2628291584730959,0.019838222020886313,-0.0379145260426855,-0.07253515084749834,-0.17764759580901002,0.1912748338120781,0.044901797266178656,0.3501522030838713,0.31774856119181705,0.016974676289607978,0.2564390312539681,-0.08910555378242681,0.04013150895544414,-0.11473058166630633,-0.02662644524292436,0.0011084914563793168,-0.1481308363104737,0.23163627752782381,-0.05256445894978156,-0.1739713851338598,0.20879929440915346,0.09922405598053448,-0.039523382992377835,0.060317721792667485,0.4466259647822312,0.10710086585880634,-0.14447247131821256,-0.21322090553113213,-0.007033258175553473,-0.19594902998417912,-0.2156190907624568,-0.1494761262513427,0.6812349212559242,0.2275756982981396,0.4095179263316483,0.2700374416154461,0.12153527782639582,0.09887537879177863,0.6012176246709702,0.27634932237882953,0.38877849732486347,0.2992508245048681,0.17138376111494336,0.12599120756931503,-0.1463256768490015,-0.18693146914584385,-0.43556164139100234,-0.09602281501920126
