,#10,#11,#12,#13,#17,#18,#26,#49,#50,#51,#52,#53,#54,#58,#101,#102,#201,#202,#301,#302,#401,#402,#501,#502,#601,#602,#701,#702,#801,#802,#901,#902,#1001,#1002,#1101,#1102,#1201,#1202,#1301,#1302,#1401,#1402,#1501,#1502,#1601,#1602,#1701,#1702,#1801,#1802,#1901,#1902,#2001,#2002,#2101,#2102,#2201,#2202,#2301,#2302,#2401,#2402,#2501,#2502,#2601,#2602,#2701,#2702,#2801,#2802,#2901,#2902,#3001,#3002,#3101,#3102,#3201,#3202,#3301,#3302,#3401,#3402,#3455,#3501,#3502,#3601,#3602,#3701,#3702,#3801,#3802,#3901,#3902,#4001,#4002,#4101,#4102,#4201,#4202,#4301,#4302,#4401,#4402,#4501,#4502,#4601,#4602,#4701,#4702,#4801,#4802
#10,1.0,0.14668945423097118,0.06985967115897415,0.22855309262252604,0.08034332348388912,0.12032863511412657,0.2908523715883001,0.3810320982061657,0.16534642931908425,0.2007055908465374,0.4070044305339634,0.08645203801130455,0.229202400930721,-0.019250687230384336,-0.020241809003147017,0.04270403278114672,0.12423409417715958,0.03983636881535552,-0.05051769639688799,-0.016048073524213502,-0.2931956470261199,0.06281062641778802,-0.15074042424679207,0.056070449265066734,-0.07717777388833408,0.0081039991488982,-0.012187915040821999,0.009684028457000483,0.039530246716565944,-0.017192942718789787,0.06640447240268096,-0.023470504861232658,-0.01621554839440332,-0.2048197071248889,-0.06583478329506808,-0.36494490145408,-0.14444501642146013,-0.05965880427060919,-0.11604567122074766,-0.13052675651281628,-0.15203080439415623,-0.27956429078853895,0.15838249475783064,-0.04443780951106261,-0.03228627220843758,-0.21447147607820527,0.16199967740496315,0.12620947399849686,0.21228881178638717,0.14148400580671067,0.09053732664806598,0.0028161860343803944,0.1358090786479836,-0.11640533036820448,-0.11139755720056145,-0.20217991880214287,-0.13145198653337314,-0.21819436007783463,-0.03859815297182098,-0.061326689248319244,-0.18119614121426145,-0.04270403278114672,-0.11954479781184472,-0.1703679299351035,0.06769622529488276,-0.08517950354682947,0.0628408268042157,0.20273450771654192,0.16802465449728368,0.23520266861596434,0.22048958944633767,-0.013268265228030077,-0.1059532511745548,-0.13258724651408607,-0.3431937595019682,-0.16292353468068238,-0.1781912027647081,-0.18527593887167237,-0.16244719222202775,0.07271909865573961,-0.14040228287466497,0.022587829930642067,,0.022313280963117778,0.017790086723155116,-0.14216214175649566,-0.025034061231283482,-0.05653306427534516,-0.18978677840809646,-0.06652939218290452,-0.1395415718614763,-0.11667713384605354,-0.12573450428467983,-0.011410941462728261,-0.11964363544015347,0.003591786867636511,0.07928905544859585,0.21940100279010388,0.06096291186634956,0.15031075511261655,0.015962963344280972,0.07105533191254243,-0.06689042407519896,0.08860724740637023,0.15570152408995597,0.18066626170693956,0.11101318864602745,-0.055075209257791184,0.11699561064838171,-0.04547972284281728,-0.06567142665939112
#11,0.14668945423097118,1.0,0.2342458654641422,0.11257125403672778,0.0381767203066712,-0.08112441529649572,0.3667679065984413,0.43196504991643414,0.4068602923260132,0.23104050626829611,0.2684546668176686,-0.08067140950008064,-0.01814562763609907,0.08790852028402091,-0.12539818179946258,0.14743485467779963,-0.07204508094046749,0.1250357771623305,-0.24243154293087887,-0.04413443290194827,-0.2967812565419871,-0.12752868178745105,-0.23218262997319716,-0.2163040904364299,-0.35159770339788665,-0.2529097042764434,-0.08266463500430699,-0.2567904539323992,-0.39680219090076085,-0.4402605469701806,-0.13221523266309065,-0.20319163174746985,-0.11363101305137155,-0.393955118107534,-0.38060792005134064,-0.2169437895307615,-0.34124720732222097,-0.3122644455655194,-0.4898921365743839,-0.25197761053169837,-0.23577784870292773,-0.4465820369474273,-0.23383816024736861,-0.36314660571679586,-0.1326078376866504,-0.2425358715385381,-0.07251044144042115,-0.16919286035409953,0.11205098374326926,-0.05356793542608284,-0.0011949743811494678,0.07115005130633831,0.04433622639307862,0.09160394938689784,-0.18188114088823454,-0.15265814878494924,0.021276858610713587,-0.15125657630573772,0.11068922086434879,0.03243590139573831,0.0246895022770405,0.2391246006170488,-0.3135493347335331,-0.10194346350386256,0.305285410811052,-0.19399149584573094,-0.07364158318662123,0.2901042256517964,0.009942104486473315,0.026178930425859767,0.3606001640430081,0.44848603403720827,0.09581003956936994,0.1268285819202641,-0.04599038392241246,0.211303180992975,0.25271202901982587,0.3209896117534413,-0.35988633672744497,-0.3104208492485938,-0.24593066952197593,-0.21544887040259175,,0.1810204298750459,-0.07766098007117682,0.10523942385899165,0.2364038203488831,-0.08724548452744975,-0.31185124936939534,-0.014555899885718992,-0.34306060325271887,0.10909271861819504,0.13042242790515707,0.08986193618795622,0.07023992147899528,-0.005423028481023519,-0.021466297398305346,0.044786486699818454,-0.13597929900784866,-0.05223088195423955,-0.15599529148520697,0.13276433059813925,-0.18720876360304337,0.061466709221756635,-0.027176915922810557,-0.034613074708205925,0.025779461678111928,0.15785947897469688,0.2406222652348938,0.12380717053265931,0.22874527689979307
#12,0.06985967115897415,0.2342458654641422,1.0,0.3057288073936037,0.025509030945100503,0.1871263989127861,0.2810962740273245,0.07582012924392646,0.0019019379725245121,0.2962747136969048,0.005114160892558693,0.042069824666165614,0.1285294127740771,-0.0266868460157797,-0.1611115114950221,-0.13902267431285542,0.3636407938583396,0.4904824168545611,-0.3608294124308909,-0.3668228163919461,-0.2081170402248556,-0.2524017886865234,0.008529550048560848,-0.1584360318064979,-0.05620086002464077,-0.1065160765579796,0.2483357184774887,0.006994821320100073,0.15157779859774115,-0.04081101765006675,0.19066258961449892,0.004279532031284855,0.29186820276813996,-0.07089472076654071,0.003376265928129944,0.04734528307714483,-0.006998939554612937,-0.14909999416583444,-0.17197129590544533,-0.08081005672868041,0.09113721614210654,-0.1020546558357099,-0.06844437123138644,-0.2549084207600202,-0.1027012186542296,-0.15914985912206103,0.11549245505118623,0.08735530411445946,0.10635271992230264,0.278389221207535,0.25908705604573984,0.26447507953340404,0.4312827957321363,0.29728917213190703,0.2768215466029713,-0.07250357771623304,-0.04141639812345781,-0.3566397951864702,0.16332574891810547,0.1570413230514745,-0.2131865869101916,0.033416041209800025,-0.28461324630131063,-0.006712035883550055,0.3479832662404294,0.161336641648392,-0.3384124892325327,0.061021939894367286,0.026718419147044994,0.1910442126793577,0.3576789630285497,0.4434329602899237,-0.17681159420289855,0.06422867183505097,-0.046737157114078526,0.1909810664168271,-0.032131152041786355,0.008476012999893612,-0.22634297343395554,-0.17283475240830923,-0.06145984549756853,-0.021691427551675264,,-0.04609333978523407,-0.21160243936757644,-0.3088916114994835,-0.10311029661584079,0.08545130702467853,0.03676416586875873,-0.058431570385775615,-0.16534780206392186,-0.18662260155737903,-0.021529443660835933,-0.2234354998678733,0.04042115811618226,0.29625686801401574,-0.149456907823616,0.41901045688380056,0.14089372552653345,0.11625158294639089,0.17484856908509988,0.5215682237024988,0.21164911269205558,0.4684814353420022,0.08296801161342132,0.16962252948827505,0.10225782207167787,-0.13027554420753157,0.3275966326569133,-0.1659257276405605,-0.05797856458936054
#13,0.22855309262252604,0.11257125403672778,0.3057288073936037,1.0,-0.18422853456056723,0.038344195176861016,0.20469341459982773,0.15273776798553126,0.07160854808210387,0.3112101775302261,0.13488384862742675,-0.15114950220840326,0.22305524954785216,-0.051267215078229296,-0.1427208489054076,-0.011697845133791143,0.09862004825198105,-0.018225246836681114,-0.205301540562894,0.021872629870241293,-0.011119919557152516,0.2382529076451592,0.06260883292665767,-0.07023168500996955,-0.07987933572877308,-0.03887819291869576,0.2714197956669309,0.2364930487633285,0.030821553466695493,-0.005635803930854843,0.3367061673993692,0.030726834072899615,0.40916924914289243,0.07277400844924448,-0.03397612110354958,0.06143788158016658,-0.023558360530840428,-0.21738718611331323,-0.0709317848771565,-0.16717217995312075,-0.06352857196786404,-0.06596519405464212,0.16844608716243348,-0.014919677267688676,-0.025414311551304622,0.009280441474739779,0.031049429109740654,0.11911650142250683,0.1571511426384842,0.220600781778185,0.06751502297631672,-0.022557629544214395,0.1513952235343375,0.09369601251943292,0.17974514992089557,-0.013976601564242743,0.1242986131845278,-0.022506837985222402,0.02817490141976135,0.0665019372861521,0.01139995950402729,0.0234540319231812,-0.17524254685349724,-0.15896316582414452,0.2894535445987638,0.12165196113759365,-0.17356505266192385,0.1147223451972806,-0.20223071036113485,0.01838311249300758,-0.04772827888684121,0.19943992010625045,-0.18007049044741186,-0.11643553075463216,0.05867180073235937,-0.011461733021720256,0.08427486469883694,0.042101397797430905,-0.18768236057202278,-0.18990757995380714,0.06281199916262564,0.0845150950454207,,-0.2859365723247777,-0.2835370143486154,-0.1792152704135737,-0.06082151914807456,0.2944764179596207,-0.20193007924169576,-0.16631833266412022,0.06579909192928991,-0.17377096438756706,-0.08613630669865162,-0.2220449093473628,-0.08056296265790855,0.03418203282919279,-0.3236266545865121,0.17152515383321837,0.039950306636878104,0.11168308812678672,-0.13192832899202778,0.18497942598674616,0.12483261092636254,0.1840802781181041,0.1543397612110355,0.38390525315130736,0.3452762134206399,0.050164900973619274,0.1212648470933844,-0.06445380198842089,-0.10131474636823194
#17,0.08034332348388912,0.0381767203066712,0.025509030945100503,-0.18422853456056723,1.0,0.3500629746694259,0.059190698280980274,0.06612305971096857,0.16406565838558343,-0.13016023364117135,0.04245419322069962,0.4335148788381088,0.10455716967469379,0.12506460480392056,-0.0003328906231232004,-0.08636692783137202,-0.1787361824652438,-0.10010810365596269,0.16746045636902127,-0.050156664504593544,-0.2154708343199937,-0.0014159863000065204,-0.0002738625951054783,0.13283296784002033,-0.09327457985428314,0.11449996053358592,-0.2574699626270218,-0.22034545123838745,0.12448256099276907,0.22534498793700475,-0.18673791212373922,-0.07789297394873484,-0.1828269620813557,-0.02692295812785059,-0.12582098720944998,-0.21258120643680053,0.07712972781901732,0.27481459365036875,0.10795471314780687,0.3028927165590778,0.040647661014389797,0.19817974034531396,0.29639139700810263,0.27544880176534986,0.2424397793999046,0.24726635024898158,0.07102787701579,0.0038059350623054562,-0.2526049549224914,-0.20529055860419304,-0.15985682271343607,-0.17339071406754591,-0.22600665094873829,-0.2888879737256638,-0.1874270300322252,-0.01659717145926208,-0.26802225219381787,0.11982621050355713,0.07417558092845597,0.31004608990792315,-0.22233867674261376,-0.06640721789235621,0.3163414977332551,0.2613946401177815,-0.3728203385875142,-0.08637516430039775,0.10136141969271106,0.12696585640402627,0.11551441896858816,0.44894315806813617,-0.13863418752380854,-0.18285578972294578,-0.09166984113910366,-0.2833201206642712,-0.29666869146530217,-0.2936445345880221,-0.14380669007196614,-0.03498097032468847,0.09583474897644713,0.3108175725066664,0.1850974820427816,0.3082121028048609,,0.324399509930093,0.5977583076801641,-0.16151921671179564,-0.08992645519532443,-0.03542848514175306,0.11591114222666077,0.3059910016575894,0.37229183182502995,0.01780106868185609,0.3660595702622286,-0.19404915112891102,0.037379155556013136,-0.30466493014444707,0.21691084365465857,-0.18977991468390834,-0.19570330865824487,0.08723312982391115,-0.1678846345238463,-0.044698631030210684,-0.1918719778164434,-0.026099311225277724,-0.14509844296416793,-0.23349222854828802,-0.30145545271408813,-0.23875121402121577,-0.056500118399242245,-0.007937897023546006,0.17251764835081868
#18,0.12032863511412657,-0.08112441529649572,0.1871263989127861,0.038344195176861016,0.3500629746694259,1.0,0.09804349542018004,-0.14196858473439103,-0.060906629328007084,0.041973732527532115,-0.07413714407300256,0.43569617038508923,0.49029160532213173,0.11505180395830975,-0.19146427259966986,-0.19891415883344143,0.31368249098278234,0.21300675733646318,-0.005446365143263083,-0.23444903170011017,-0.16205184170879278,-0.1786140081746955,0.18335958707835284,0.00871075236712688,-0.19147525455837083,-0.09065263721442618,0.06929272754103649,-0.00022307103611348482,0.4085309227933985,0.5731930388109284,0.19188707800965726,0.04166211944939205,0.1476956761969477,-0.05296804593204227,0.1424723820897981,0.017857351220198568,-0.0066790900074471405,0.1025090343769626,-0.023676416586875873,0.14046954737170841,0.2540847738574473,0.2719881120297062,0.02006197942941861,0.16302374505382874,0.18392515795145287,0.06420121693829856,0.350352623830164,0.22191998956713924,0.032899889150854365,0.030735070541925345,0.3390055150023851,0.09146804764797331,0.17736481037246,-0.12304941538229228,0.0019197836554135908,-0.08127953546314695,-0.08941991235024212,-0.0444309457868745,0.22461743317306537,0.3047047397447381,-0.3537007484891227,-0.1888244842769238,0.21593482207510972,0.11402910905428176,0.06568378136292971,-0.02868968073386939,-0.008069680527957665,0.03260886724527862,-0.18182485834989207,0.11857563995648399,-0.15910593128725714,-0.055035399657500164,-0.33643299117668257,-0.20139608149986102,-0.11894902655231702,-0.08691877125609584,-0.3500643474142635,-0.10812630625250955,-0.007281724991162955,0.12106991732644215,0.19953326675520872,0.5255835023525415,,0.24067031130421054,0.33324685040856317,-0.12426841279810012,-0.07405203389307004,0.1481637821865766,0.263989127860886,0.17323696664573232,0.15303153538078226,0.04440898186947256,0.2921592246737157,-0.3020292600562139,-0.04233339167498893,0.164959315274875,-0.12355870371704983,0.05954349370424899,0.07712698232934208,0.025492558007049044,0.055255038831519596,0.273319674522199,0.10115138973255498,0.36352548329197937,-0.11825304491964295,0.07142460027386259,-0.09482440877595774,-0.20430355506594322,-0.00018875241517294868,-0.16647345283077145,-0.1370816131124587
#26,0.2908523715883001,0.3667679065984413,0.2810962740273245,0.20469341459982773,0.059190698280980274,0.09804349542018004,1.0,0.4127054398446053,0.1793950999873021,0.4381204377683287,0.6716998356138056,0.14251768266943962,0.36705755575917937,0.47368276553174987,0.18398830421398346,0.36696558185505873,0.21510293870351113,0.2653948185746104,-0.016256730739531964,0.11179702594830929,-0.05628734294941092,-0.047942427081510156,-0.2927344047606791,-0.1906598441248237,-0.06121137868195904,-0.2455970925264339,-0.07424696366001228,-0.4239523382992378,0.03656511786730362,0.01372813474863326,0.06974436059261395,-0.17012907233335736,0.08139210053983191,-0.14547594779451384,-0.16363736199624554,-0.17701750592854176,-0.18204724301358674,-0.04699935137806422,-0.14164324420787475,-0.2096847148294193,-0.1731079286309959,-0.1364940783219567,-0.11229807781404112,-0.04384341099637252,-0.13217405031796203,-0.016391259733618865,-0.1506457048529962,-0.2572393414943014,0.18120437768328718,-0.010617494946583067,-0.06451969374062673,-0.07594504902415002,0.11895314478682989,-0.01602748235164918,-0.03598581954582737,-0.18405831420070215,-0.1601711812812514,-0.2727884222700395,-0.1583358214333515,-0.21530198670496625,-0.014474907940299327,0.1592061416604035,-0.29029778267390105,0.11550892798923768,0.26512301509676134,0.10104019740070765,0.035438094355616415,0.4982205795042332,0.2289017698112819,0.34490969054899495,0.4685432088596952,0.37566741138074106,-0.0014859962867252142,0.004254822624207669,-0.1200417314430637,-0.0704581879081771,0.03397612110354958,0.12233833355640437,-0.047552567547625664,-0.11428855782859222,0.03472152155037802,0.057171390624839134,,-0.02586594460288208,-0.2452442971031652,-0.14639980507023306,0.04095241036834176,0.1592294783226431,-0.04248713909680253,-0.15159289879095497,0.005637176675692464,-0.2794572166912045,-0.20946919388991272,-0.2100690833839533,-0.1700947537124168,0.31138451612460405,0.04166349219422967,-0.004508780419167636,-0.16734651854749868,0.0580719112383188,-0.12879023429322517,0.18656494627419892,-0.009493216924571102,-0.0011634012498841747,0.08127953546314695,0.27283646833935626,0.04741529306386352,0.20121762467097024,0.1256493941047473,0.005694831958872565,-0.10968848987772276
#49,0.3810320982061657,0.43196504991643414,0.07582012924392646,0.15273776798553126,0.06612305971096857,-0.14196858473439103,0.4127054398446053,1.0,0.4420780611351913,-0.013268265228030077,0.39163106109744084,0.1918115770435881,0.17049834069467754,0.11859623112904831,-0.215875794047092,0.10841595541324768,-0.14010714273457636,0.10456815163339477,-0.22579387549890695,-0.02470048423574147,-0.45157745541153177,-0.20550882503337486,-0.31433729027032775,-0.010979899583715128,-0.11156503207075127,-0.10183501666169047,-0.19950443911361865,-0.3594470583794061,-0.08538129703795982,-0.2655362112928854,-0.12399111834090058,-0.3596955251950156,0.07458603163490478,-0.2456918119202298,-0.19120756931503463,-0.2427980658025238,-0.1744147817164115,-0.19286721782371896,-0.3713624835699602,-0.17630779684749148,-0.13880578062851123,-0.3278341175138218,-0.0669439611238662,-0.19171136667044172,-0.23736748722489334,-0.33100378534388974,-0.16232364518664183,-0.04367730887102033,-0.03434950769938261,-0.054259798824244046,-0.15682854760164316,-0.02932663433852574,-0.08431467429912796,-0.08285956477124923,-0.18867760057929833,-0.2398809830225782,-0.08193296200585476,-0.2517648350818671,0.052707224412894195,-0.0397773407873378,0.1910318579758191,0.3299687357363232,-0.2530744336569579,-0.03879033724908798,0.14463857344356473,-0.29536458386956177,-0.012846832562880293,0.21432321963574216,0.13608088212583266,0.047659641644960136,0.3834728385274566,0.13165515276934112,0.09685332564596225,0.1025859080878694,-0.1866198560677038,0.028571624677833946,0.16296334428097342,0.14887074577795165,-0.1608946178106779,-0.12393071756804525,-0.17073857104126128,-0.13434024167172867,,0.1677253961226822,-0.020455957197815962,0.193585163373795,0.24683393562513084,0.1060232611612735,-0.11063431107084393,-0.0493728272023117,-0.22825246150308695,0.06650880101034021,-0.09007059340327468,0.2013233260234671,0.016904666302889285,0.06644153651329675,0.06603383129652318,0.1089746625621596,-0.1415759797108313,0.013115890551054096,0.09175632406387382,0.04569112554781099,-0.3847975372957613,-0.1268972191621452,0.16140253340059782,0.14292813337588842,0.07361961926921928,0.1914217175097036,0.3376780707444052,0.22270931784877157,0.2104712976213764
#50,0.16534642931908425,0.4068602923260132,0.0019019379725245121,0.07160854808210387,0.16406565838558343,-0.060906629328007084,0.1793950999873021,0.4420780611351913,1.0,0.04862605401064564,0.32400141392718274,0.049164169986993245,0.05080185457827563,0.10814827016991149,-0.1463435225318906,0.12140349432198416,-0.22028230497585685,0.18701657932577637,-0.06875598430952651,0.01840782190008477,-0.2505815290318374,-0.08104067786140082,-0.0985472927755871,0.08048608894700175,-0.177799970485986,0.13718594172011792,-0.1300792416957517,0.022948861822936508,-0.14069879575959118,-0.16915442349864612,-0.15999546994203584,-0.09978276312944641,-0.07350842693737195,-0.08098988630240882,-0.26710800413196195,-0.16849413323175022,-0.10195169997288829,-0.03708676090559977,-0.1800471537851723,-0.08014427548243401,-0.17789194439010664,-0.24529097042764433,-0.20196714335231153,-0.22419874599759082,-0.13252135476188026,-0.18303424655183656,-0.20772718069097112,-0.14372295263687124,-0.14122867526691307,-0.07242258577081338,-0.08607316043612104,0.09370287624362103,-0.17671001108491458,0.04321332111590428,-0.24587026874912057,-0.10648587617155192,-0.05318631236122408,-0.19201611602439367,0.038195938734397895,0.08072906478326075,0.009681282967325242,0.16850786068012644,-0.22735743186895777,0.04679618514209625,0.09942035849231434,-0.10537120736340332,-0.13588732510372803,-0.06833729713405197,0.0675205139556672,-0.07094551232553271,0.19610277740599272,0.15838798573718113,-0.27036964586615053,-0.029204460047977433,-0.169209333292151,-0.0065816251239760185,0.03101648323363774,0.11112987195722528,-0.1949935995771946,-0.10537669834275379,-0.14313404510153163,-0.10901584490728825,,0.10164145963958585,-0.04972287713590517,0.029474890780988857,0.25573206766259304,-0.10962259812551692,-0.06149416411850906,-0.16888124727595946,-0.14561459502311358,-0.0500193900208314,0.13038536379454127,0.031137284779348427,-0.010356673427434992,-0.18473645015048715,0.09836334496734583,0.0874664964463068,0.13427709540919808,-0.012428145387405753,0.052834889682792985,0.059767251112781285,-0.34006115578251606,-0.06774015312968663,0.13036202713230172,-0.022527429157786723,0.10463953436495108,0.09823842518712228,0.04906807784835974,0.10166342355698779,0.21949984041841264
#51,0.2007055908465374,0.23104050626829611,0.2962747136969048,0.3112101775302261,-0.13016023364117135,0.041973732527532115,0.4381204377683287,-0.013268265228030077,0.04862605401064564,1.0,0.44844073345756674,-0.17090192767693824,0.18395673108271818,0.20208931764285984,0.1393933154190132,0.10167303277085113,0.32818004921290245,0.05349243446001366,0.05866493700817126,-0.10682631689128204,0.10561692868933754,-0.011784328058561295,-0.03830575832140761,-0.14108590980380045,-0.026781565409575582,-0.12134721178364169,0.2436766224986015,0.04218513523252582,0.05797444635484768,-0.07994934571549177,0.27783463229313593,0.08186157927429843,0.1112342005648845,0.02311221845861346,-0.14540731055263276,-0.169774904165251,-0.13753873714338663,-0.07655042949754107,-0.15348042294268446,-0.09850885592013371,-0.07618527937073377,-0.18683812249688558,0.03257317587950046,-0.01204514957770937,-0.07116377875471452,0.0033584202452408654,0.0332609210431488,-0.08290486535089074,0.33003737297820424,0.20852199995195392,0.1810643577098498,0.06484915250165588,0.14234197133022405,0.1704200942389331,0.06718556421528757,-0.08058080834079763,-0.055311321369862075,-0.22562777337355475,-0.06656508354868268,-0.06907171562217944,0.028088418494991198,0.0073476167433687845,-0.2768421377755356,-0.014285469152707567,0.3498762813715094,0.12541740022718928,-0.1123282782004688,0.1879322001324699,-0.04988760651641974,0.005223980479568409,0.11404283650265798,0.2120087718395124,-0.1340807928974182,-0.08524951353354816,-0.27019668001661024,-0.13152199652009183,0.07058448043323827,0.040201518942162826,-0.08295702965472035,-0.17291437160889128,-0.05657561936531143,-0.10472739003455885,,-0.28354799630731636,-0.34423567283372286,-0.20468792362047725,-0.025261936874328643,0.03478466781290861,-0.15415718614763185,-0.19961151321095313,-0.018037180793926976,-0.3232546407355167,-0.05375188323432411,-0.17849732486349768,-0.007906323892280713,0.20237759405876035,-0.2014853099143064,0.2258982041065662,0.06189088737658166,0.20133293523733042,-0.04793144512280918,0.17336875015014397,0.15921300538459163,0.33197843417860096,0.0864808656528946,0.3380212569538106,0.1423762899511646,0.2556579394413615,-0.005180052644764523,0.020479293860055526,-0.08952973193725183
#52,0.4070044305339634,0.2684546668176686,0.005114160892558693,0.13488384862742675,0.04245419322069962,-0.07413714407300256,0.6716998356138056,0.39163106109744084,0.32400141392718274,0.44844073345756674,1.0,0.06861733708092674,0.3447147607820527,0.3971783229862691,0.3228084986632897,0.4176432030255296,0.2024393675764533,-0.08983036305669093,0.11561462934173453,0.08029665015941,0.042157680335773384,0.11041055366231163,-0.17165693733763002,-0.08267973519752082,-0.0032335004650173135,-0.16944819089389712,-0.04496082529419638,-0.23554997305988257,0.013487904402049508,-0.029377425897517732,-0.08952561370273897,-0.20006040077285533,-0.037605658454220675,-0.18457583900448543,-0.3578931112232186,-0.32763369676752907,-0.2424589978276313,-0.15703445932728638,-0.15474472093813382,-0.33836032492870305,-0.2556167570962328,-0.19341768850360516,0.07879624005188976,-0.019087330594707384,-0.08206200002059118,0.01083027039641439,-0.2616499706575791,-0.19502379996362226,0.09070480151825579,0.02895462048753033,-0.2316225500794476,-0.023937238106023946,-0.002367298472478182,-0.048921194150734246,-0.030849008363447922,-0.26911907531907736,0.002772258199576508,-0.2328950845439227,-0.15542148414308118,-0.2733361474602505,0.006055863851167005,0.08407032571803134,-0.15626572221821838,0.11318487097914458,0.09125939043265485,-0.06459107647218304,0.11197960101171295,0.37089025934581843,0.20822136883251482,0.1416199075456352,0.3236513639935893,0.18620116889222924,0.12732826104115832,0.04167721964260588,-0.14249434600720004,-0.12567273076698687,0.16683723021274113,0.1279542326871137,0.005203389307004087,-0.03514432696036542,0.14326857409561855,0.05835057844035595,,-0.014949877654116346,-0.1921451540391301,-0.15945186298633776,0.01140956871789064,0.08295977514439559,-0.06793782838630412,-0.08527422294062535,0.00898667407948879,-0.22315408717616092,-0.0670977085456798,-0.19515832895770915,-0.18779355290387012,0.2929828715762886,-0.00027523533994309974,-0.0678719366340983,-0.1581861922460508,-0.11601684357915762,-0.11944596018353598,-0.006532206309821646,-0.1803038570698075,-0.15325941102382742,-0.05274017028899711,0.14802925319248972,-0.038860347235806676,0.20008099194541967,0.14941984371300024,-0.020712660482451174,-0.13991084022279648
#53,0.08645203801130455,-0.08067140950008064,0.042069824666165614,-0.15114950220840326,0.4335148788381088,0.43569617038508923,0.14251768266943962,0.1918115770435881,0.049164169986993245,-0.17090192767693824,0.06861733708092674,1.0,0.5007409390261062,0.2894205987226609,-0.05483772440088267,-0.21253178762264618,-0.004523880612381472,0.11132068348965465,0.0015024692247766717,-0.20940192939286928,-0.1964926369398772,-0.3249513533548168,-0.0641916077244352,0.051065421587098946,-0.06222995535147416,-0.025220754529199998,-0.42635875999958817,-0.24917721106295065,0.44304584624571447,0.39207308493515497,-0.1358351607998984,-0.17157594539221036,0.14931139687082814,-0.00868329747037445,-0.005498529447092698,-0.03676691135843397,0.03589521838654435,0.2410958622038732,0.09523623222724419,0.13533410893416659,0.2310912978272881,0.24503014890849625,0.18749429452926863,0.26340708404973456,0.28515410776733346,0.08308057669010628,0.08940206666735304,0.1572087979216643,-0.16868219927450434,-0.13703493978797956,-0.14656590719558527,-0.3573028309430414,-0.1665407173278149,-0.39490231204549275,-0.21656491195557798,-0.3039058022492424,-0.15708936912079124,-0.1692299244647153,0.12180433581456963,0.07809339469502757,-0.07073548236537663,-0.3134230422084719,0.28071465096246573,0.10273553727517014,-0.1760263841557791,-0.2857430153026731,0.16512267191055194,0.030308146897425073,0.06151887352558625,0.06570299979065641,-0.0681409946222721,-0.1223726521773449,0.1035784026054697,-0.060964284611187185,-0.20685960595359437,-0.3326579428732236,-0.18392515795145287,-0.1777189785405663,0.3168027399986959,0.3174740122242928,0.42602930123855903,0.5141238284480777,,0.37282582956686466,0.5551428169410441,0.04904474118612018,-0.041472680661800286,0.24946411473401353,0.24894109895087976,0.09498227443228421,0.28239351789887673,0.14379982634777805,0.3412925079018625,0.017114696263045365,0.08305174904851624,0.05947211097269267,0.033141492242275736,-0.13493052195190589,-0.17113529429933388,-0.05992786225878299,0.11354727561627663,-0.0706503721854441,-0.027002577328432635,0.022156788051628934,0.06581831035701662,-0.03068153349325811,0.04025231050115482,-0.2577472570842213,-0.17894346693572466,0.10441852244609402,0.04025917422534293
#54,0.229202400930721,-0.01814562763609907,0.1285294127740771,0.22305524954785216,0.10455716967469379,0.49029160532213173,0.36705755575917937,0.17049834069467754,0.05080185457827563,0.18395673108271818,0.3447147607820527,0.5007409390261062,1.0,0.4109908815424161,0.01951288149437003,-0.03785137978015492,0.2860642375946765,0.03350115138973255,-0.024608510331620835,-0.19940560148530992,-0.15938597123413192,-0.06730636576099826,0.03865580825500108,0.021742219110667257,-0.21509607497932304,-0.1452892544965973,-0.013332784235398285,-0.050174510187482625,0.33443290194826814,0.48991547323662343,0.278429030807826,-0.25084235055098547,0.38304179664844346,-0.09803525895115431,-0.12110560869222031,-0.1269370287624362,-0.31126920555824383,-0.07632804483384639,-0.17588773692717932,-0.16575825277037068,0.10505822154042561,0.15541187492921785,0.039505537309488754,0.15636867808104,0.19207788954208663,0.18478998719915438,0.13222346913211638,0.15532127376993482,0.23265485419733895,0.05703548888591461,0.10604797056835068,-0.1655935233898561,0.1533802125695381,-0.2142230092625958,-0.1447580022444378,-0.40179486387519003,-0.1196903087646326,-0.26385597161163676,0.20552117973691345,0.07667946751227749,0.024128049638453327,-0.18147069018178574,0.14188072906478327,-0.026526234869777992,0.04818128468325629,-0.2285228922360984,0.016413223651020808,0.22266813550364292,-0.18610095851908287,0.00039054590630330113,-0.07930278289697207,-0.07125712540367278,-0.0870505547605075,-0.27478302051910347,-0.2859475542834787,-0.3535923016469506,-0.18591975620051684,-0.12265131937938206,0.13477952001976753,0.16255701180903748,0.28291653368201053,0.5225799366478258,,-0.0672967565471349,0.14978636658464517,0.015578594789746969,-0.010757514920020453,0.3190499232978822,0.27157354308874454,0.004059892857265423,0.21937903887270194,0.06665568470796569,0.22785985647952722,-0.07167855806882256,0.057671069745733335,0.29197390412063684,-0.1901601650039295,0.020771688510468896,0.09662819549259233,-0.06654449237611836,0.021666718144598078,0.31900187722856543,-0.05143057171390625,0.2740046741961721,0.09662956823742995,0.265396191319448,0.1580008716929719,0.03579088977888512,-0.038971539567654014,0.15780594192602965,-0.1186538864122284
#58,-0.019250687230384336,0.08790852028402091,-0.0266868460157797,-0.051267215078229296,0.12506460480392056,0.11505180395830975,0.47368276553174987,0.11859623112904831,0.10814827016991149,0.20208931764285984,0.3971783229862691,0.2894205987226609,0.4109908815424161,1.0,0.055124628071945556,0.18238905647815448,0.2560546626994341,-0.13194480193007924,-0.0031415265608966767,0.0053145816388514245,-0.017825778088933274,-0.04891021219203327,-0.03217645262142786,0.0965691674645746,-0.17523156489479627,-0.19796010117129453,-0.15472138427589427,-0.2857690974545879,0.09855141101009997,0.0987065311767512,-0.03194994972322032,-0.1280379701222086,0.02020337214769362,-0.2747308562152738,-0.28536551047232717,-0.0706119353299907,-0.20261370617083124,-0.023506196227010813,-0.09555882726408522,-0.13553452968045931,-0.07430873717770525,0.11382457007347617,-0.010485711442171407,0.1118231081002241,0.2806611139137985,0.07799318432188121,-0.15151877056972343,-0.24882716112935718,0.055198756293177116,-0.21242883175982458,-0.011813155700151345,-0.05029805722286856,0.030660942320693784,-0.040703943552732276,-0.2868645478350098,-0.1851620010501498,-0.09349010079378971,0.016790728481366705,0.05728944668087457,0.01079183354096099,0.19484397038989384,0.026898248720773406,0.10741385168178402,0.03043718491216149,-0.03214899772467543,-0.18567266212974498,0.12628085673005315,0.2552818073558532,-0.07364432867629647,0.11440112290527718,0.007881614485203527,0.04722722702110938,-0.08751454251562356,0.021129974913088094,-0.1349634678280088,-0.13646113244585378,0.0398089139186031,0.10900898118310014,0.11303386904700621,0.11938693215551827,0.3209456839186374,0.32129573385223087,,0.18339939667864386,0.03843616908098165,0.01006016054250876,0.14432009664123657,0.18250985802386516,0.2564884500681225,-0.000942389331027122,0.33774121700693577,0.1041604464166212,0.11546362740959618,0.07496628195492593,0.1740111947341508,0.13137099458795348,-0.1365572245844873,0.01509538860690422,-0.19573900002402303,-0.01916008607110132,-0.14214978705295706,0.1084942018689921,-0.1121306029438513,-0.04535343031775611,-0.07811947684694238,0.00662143472426704,-0.10142456595524166,0.2466966611413687,-0.10858480302827511,0.22177447861435137,0.07741251325556733
#101,-0.020241809003147017,-0.12539818179946258,-0.1611115114950221,-0.1427208489054076,-0.0003328906231232004,-0.19146427259966986,0.18398830421398346,-0.215875794047092,-0.1463435225318906,0.1393933154190132,0.3228084986632897,-0.05483772440088267,0.01951288149437003,0.055124628071945556,1.0,0.6265049573247948,0.2583169461918342,-0.08732373098319417,0.6502946253607745,0.40152168765250335,0.5740400223757408,0.3621747023717599,-0.1707660259380137,-0.013239437586440026,0.49417921870227566,-0.00889332743053053,-0.09695490876394623,-0.23897908966426093,0.21564242742469636,0.24528685219313148,-0.21770703566047903,0.07430187345351714,-0.30450843723295823,0.04467803985764636,0.15508516165786393,0.1723597826944922,0.03732424576250828,0.2158126477845614,0.36349665565038936,-0.024777357946648274,-0.06164516605064742,0.2814710333679951,0.20779581793285218,0.3135493347335331,-0.11849190252138908,0.29235552718549557,-0.26430348642870133,-0.35150023851441553,-0.1547817850487496,-0.32051738752929954,-0.3844090505067144,-0.24875577839780086,-0.3378359364007317,-0.1615549080775738,0.22313212325875897,0.0937399403542368,-0.1840940055664803,-0.1214570313706514,-0.47399300586505233,-0.5067027698558961,-0.22799026723910126,-0.3317121216801024,0.2658148784949226,0.30525795591429955,-0.08841918136361608,0.2165278478449622,0.29867289892822946,0.2604007728553436,0.46778133547481526,0.28681238353118016,0.12121268278955478,0.13403137408326385,0.2864705700666124,-0.20709846355534048,-0.020475175625542665,-0.43949043711627495,-0.009251613833149729,-0.33083356498402466,0.40201313030437186,0.444487228325217,0.23420468311901355,0.21391139618445573,,-0.05229540096160776,-0.024447899185619126,-0.3723453688736972,-0.40451427139851814,-0.08392481476524348,-0.04456272929128616,-0.07828146073778171,0.18704952520187929,-0.3541208084094349,-0.23090597727420922,-0.32647098189006374,-0.28587617155192235,0.16178003823094372,0.1450009780806968,-0.27085697028350614,-0.1700480803879377,-0.11485550144652987,-0.21227508433801096,-0.03695360465635049,0.16749340224512418,-0.2674827634726326,-0.189436728474503,-0.21016654826742442,-0.32052562399832524,-0.11783161225449316,-0.28252118316877556,-0.1785481164224897,-0.353986279415348
#102,0.04270403278114672,0.14743485467779963,-0.13902267431285542,-0.011697845133791143,-0.08636692783137202,-0.19891415883344143,0.36696558185505873,0.10841595541324768,0.12140349432198416,0.10167303277085113,0.4176432030255296,-0.21253178762264618,-0.03785137978015492,0.18238905647815448,0.6265049573247948,1.0,0.21748053276227147,-0.05248483974919952,0.2901371715278993,0.6123533307937554,0.3458362933143895,0.5161582362974326,-0.47037170498340697,0.0700230277946511,0.1355908122188018,-0.075419287751341,-0.16970352143369472,-0.24298475910044032,-0.09884380566051333,0.11346628367085697,-0.2706263491507857,0.07150421947444464,-0.289590819082526,-0.03567832470220016,-0.04517222799919008,0.09462398802966501,0.004411315535696514,0.13369916983255944,0.12234107904607962,-0.07274929904216729,-0.27117132885132145,0.07202998074725366,0.025395093123577923,0.1300078589641954,-0.25713226739696693,0.2672301784225103,-0.2953508564211856,-0.34761674336878445,-0.15391558305621048,-0.09973883529464252,-0.4195224907082334,-0.10144378438296836,-0.3594484311242437,-0.015640368307439933,0.05803072889319016,0.25465583570989786,-0.1954685692910116,0.037046951305308745,-0.456316170591001,-0.4327337870255022,-0.15919653244654017,-0.07754704224965424,0.03997776153363053,0.20258350578440357,-0.06623562478765353,0.26004111370788674,0.1879596550292223,0.3482797791253556,0.3821852038697677,0.3095162104006013,0.27085147930415565,0.30420094238933104,0.25872739689828306,0.11628315607765617,0.14076606025663466,-0.16196673152886024,0.0881130592648265,-0.1599680150452834,-0.022479383088469973,0.2839776654414919,0.03140359727784699,0.13088641566027312,,-0.015024005875347905,-0.1117462343893173,-0.31729692814023963,-0.23499126591097064,-0.06931743694811368,-0.03550535885265987,-0.051370170941050904,0.08722077512037256,-0.3716768421377755,-0.3254331867928219,-0.22088356721473504,-0.3407173278148991,0.09803937718566717,0.12879709801741326,-0.24572201230665747,-0.214287528269964,-0.12747239924910858,-0.28948099949551626,-0.007851414098775855,0.03930923479770889,-0.3869541194356646,-0.20490069907030856,-0.143861599865471,-0.26514223352448807,0.04678245769372003,-0.046413189332399865,-0.20505993747147264,-0.28670393668900807
#201,0.12423409417715958,-0.07204508094046749,0.3636407938583396,0.09862004825198105,-0.1787361824652438,0.31368249098278234,0.21510293870351113,-0.14010714273457636,-0.22028230497585685,0.32818004921290245,0.2024393675764533,-0.004523880612381472,0.2860642375946765,0.2560546626994341,0.2583169461918342,0.21748053276227147,1.0,0.1483106658842021,0.22198313582966983,0.020733251655015494,0.29255869342146357,-0.05657699211014905,0.03576892586148318,-0.17369546342149786,0.15965640196714334,-0.2365561950258591,0.2737026703318954,-0.13270118433560865,0.2633659017046059,0.2656652493076218,0.05753654075164644,0.14254788305586727,0.08295016593053224,-0.12795697817678894,0.12234245179091724,0.10506096703010086,-0.04185430372665905,0.11315055235820404,-0.03430146163006586,-0.03535847515503437,-0.07853816402241692,0.22395851565100708,-0.14779039559074358,0.08450136759704448,-0.1062154454385405,-0.08748846036370875,0.10529570639733413,-0.04433622639307862,0.10862323988372852,-0.05020196508423506,0.3805337918301091,0.12655128746306457,0.34466946020241124,0.021017409836403135,0.3289460408322952,0.044385645207232996,-0.12007742280884184,-0.23739768761132102,-0.2061265602103045,-0.31604361210349124,-0.2551651240446554,-0.08541424291406274,-0.10941256816536084,-0.053053156111974795,0.20955155858017002,0.015378174043454238,-0.0008325697440174064,0.027580502905071264,0.1848998067861641,0.17531804781956642,0.2965945632440706,0.2971381701997687,-0.08890513303613408,0.0004935017691249095,-0.007009921513313909,0.019449735231839443,-0.09017080377642105,-0.19645008184991095,-0.008831553912837567,0.09050300802712544,0.07229492050091459,0.1071626393764993,,-0.008090271700521985,-0.19940011050595943,-0.30706586086544696,-0.19638144460802986,-0.021989313181439117,0.1026696455229643,-0.2729668790989303,0.07042936026658705,-0.24590046913554825,-0.25968969102945566,-0.301368969789318,-0.22064059137847605,0.5275328000219639,-0.184356199830466,0.3146008572791511,0.03263632214203104,0.22024935909975393,-0.048330913870557025,0.30081575361975654,0.16979000435846486,0.30387148362830185,-0.06590891151629963,0.12620947399849686,-0.08782066461441314,-0.12408309224502123,-0.03391434758585661,-0.19629633442809735,-0.3591038721700007
