,#10,#11,#12,#13,#17,#18,#26,#49,#50,#51,#52,#53,#54,#58,#101,#102,#201,#202,#301,#302,#401,#402,#501,#502,#601,#602,#701,#702,#801,#802,#901,#902,#1001,#1002,#1101,#1102,#1201,#1202,#1301,#1302,#1401,#1402,#1501,#1502,#1601,#1602,#1701,#1702,#1801,#1802,#1901,#1902,#2001,#2002,#2101,#2102,#2201,#2202,#2301,#2302,#2401,#2402,#2501,#2502,#2601,#2602,#2701,#2702,#2801,#2802,#2901,#2902,#3001,#3002,#3101,#3102,#3201,#3202,#3301,#3302,#3401,#3402,#3455,#3501,#3502,#3601,#3602,#3701,#3702,#3801,#3802,#3901,#3902,#4001,#4002,#4101,#4102,#4201,#4202,#4301,#4302,#4401,#4402,#4501,#4502,#4601,#4602,#4701,#4702,#4801,#4802
#10,1.0,0.2753444731576906,0.41656834381767205,0.4671690912772361,-0.14555968522960874,-0.16834999502379996,0.22478628078809282,0.6400745400446829,-0.09644836591886391,0.4037345523307491,0.42011551647808587,-0.03663238236434707,-0.20715200060400774,-0.39908918380023817,-0.13927663210781538,0.033385840823372356,0.26755414620418894,0.313661899810218,-0.3175508859351996,-0.09970588941853961,-0.2430671237906976,0.14204134021078496,0.25200094719393795,0.2339205249376259,0.13756207380562618,0.09999279308960249,0.32686358691362344,0.4344744274796062,-0.4704334785010999,-0.36417753708984957,0.1449172406456019,0.18356549880399606,0.3005315954383689,0.058588063297264466,-0.41309529937848977,-0.31470793137648556,-0.11875272404053716,-0.1377034665239012,0.16200928661882652,0.12018724239585156,0.0032513461479063924,-0.26262050125777747,-0.37461451609028545,-0.4416346645526396,-0.23022235034507374,-0.3477649998112476,-0.0077594401946552176,0.055320930583725426,0.1563494596533133,0.19957170361066212,0.039449254771146275,0.19005446365143264,0.23141801109864202,0.20995102732791784,0.01886494593101271,0.1763091695923291,-0.016785237502016218,-0.029208578282490297,0.1588643281958358,0.4830860676694568,0.0906540099592638,0.22994642863271184,-0.09538174318003205,0.1436241150085625,0.02854828801559438,0.13680157316558392,-0.2967798837971495,-0.1781719843369814,-0.3953072717725911,-0.018466849928102488,-0.10141907497589117,-0.11937732294165491,-0.3904065727022825,-0.1581669738183241,-0.16173199216162698,0.041262650701644206,0.003947327780580465,0.10817709781150155,-0.18521553809881705,-0.3308418014530504,-0.05399760456025835,-0.05809662064539599,-0.0007364776053839053,-0.4416978108151702,-0.34470789705786464,0.27565196800131786,0.12191552814641697,-0.015115979779468542,-0.2343035207473223,-0.31945213753530527,-0.41434312443588767,-0.16108954757762015,-0.31114977675737077,0.08021291272431509,0.012400690490653324,0.1730379186442772,0.2746443732905037,0.2894260897020114,0.3842264754433108,0.11831619118217354,0.1440345657150113,0.09150236626891385,0.235051666683826,0.3177375792331161,0.3585918383455679,0.2157920566119971,0.20552667071626393,0.020911708483906284,-0.16414527758616548,0.10635821090165312,0.21463620545871984
#11,0.2753444731576906,1.0,0.025730042863957556,0.22622217188824484,0.06595009386142828,0.02649191624883746,0.43344898708590296,0.08973152542838218,0.2150741110619211,0.274269613949833,0.2185759831426934,-0.19258443238716896,-0.13490306705515345,-0.02829158473095917,0.08791538400820902,-0.0816158579483642,-0.1417681639880983,-0.011733536499569302,-0.10371979532374472,-0.22873292219625446,-0.035936400731673,-0.04389420255536452,0.07092766664264363,-0.17397001238902216,-0.11964912641950395,-0.1160346892620467,0.21333072511814186,0.2452566518067038,-0.2102873498131351,-0.4115399794774647,0.3592946837024301,-0.12137192119071888,0.0598001969888842,0.0085775961178776,-0.2114006458764461,-0.08983997227055428,-0.06707162639376499,-0.13438554225137017,0.11054508265639854,-0.08922360983846225,-0.15502887911952146,-0.351273735616208,-0.422863751643004,-0.3581676601907429,-0.11135088387608233,-0.11247516189809428,0.19260776904940852,0.21775233624012053,0.006153328734638128,-0.029179750640900247,-0.0364099977006524,-0.12771125685085472,-0.21859931980493297,-0.12713333127421608,-0.27526348121227096,-0.20709022708631478,0.03363156214930659,-0.15658831725505942,0.14548281151870193,0.033075600490069905,0.15028055472618887,0.19972819652215096,-0.23325199820170425,-0.2781833094818918,0.11615411806291975,0.026393078620528712,-0.06035615864812088,0.09949860494805876,-0.19692505156372797,0.2853600194929767,-0.09201440009334665,0.022545274840675804,-0.09555882726408522,-0.2780899628329335,0.06974573333745157,0.04689502277040499,0.19688112372892408,0.1850974820427816,-0.053790320089777514,-0.23366931263234117,-0.33151170093380966,-0.3595225593454753,-0.07566500907727523,-0.21820808752621085,-0.11855916701843253,0.10437734010096539,-0.11276069282431955,-0.37820698933034075,-0.2752854451296729,-0.37486572839557014,-0.3355914985912206,-0.16313356464083847,-0.292332190523256,0.2644791977679169,0.03486840524800351,0.01863020656377944,-0.10924097506065816,-0.16480144961854853,0.22209981914086765,-0.00017777045647197713,0.19448431124243704,0.039677130414191436,-0.22372377628377382,-0.15622453987308973,0.05596337516773226,0.05270173343354371,0.0983866816295854,0.2191333175467677,0.1425506285455425,0.036950859166675246,-0.02502170652774489
#12,0.41656834381767205,0.025730042863957556,1.0,0.5741100323624595,0.17321362998349274,-0.006431995936675281,0.36907960890499575,0.008830181167999945,0.15817383754251219,0.7033745499970829,0.5543164245487959,-0.15436035238359982,-0.030789980335430202,-0.019640546764268824,-0.29917120530428604,-0.13217816855247488,0.6566820070902271,0.7438018854650345,-0.5904223592679152,-0.33445623861050766,-0.2981842017660362,-0.07804809411538607,0.20337695230054875,0.18615724105742534,0.1437078524436574,0.18002656261260797,0.2492046659597031,0.16011901697742179,-0.24325656257828934,-0.19176353097427132,0.25350410279113345,0.3300785553233329,0.5293873782975905,0.4767316318161071,-0.19823465013881883,-0.2093978111583564,0.13241839889905865,0.2108886120520133,0.18791572719441843,0.20180241397179696,-0.03196230442675892,-0.2862179850164901,-0.020910335739068663,-0.12043982744597391,0.08707389142274707,0.11043800855906406,0.20079619200582044,0.09692608112235618,0.23485948240655896,0.1381441176167777,0.3451375661920401,0.3518516611928466,0.3214124171634287,0.13226739696692028,0.009979168597089095,0.027905843431587547,-0.25569363080713964,-0.2611626462402235,0.3734353282747686,0.3000250525932866,0.05176277596461064,0.3141574606965994,-0.07467114181483732,0.13032633576652355,-0.17637231585485968,0.18332389571257468,-0.25196251033848455,-0.12370558741467533,-0.38412901055983967,-0.08338807153373348,0.13410962053900827,0.16630872345025688,-0.3482715426563299,0.10669316064203276,-0.1328947413577133,0.21823554242296328,-0.09808330502047105,0.20659192071025817,-0.12140761255649703,-0.12157920566119972,-0.20467694166177627,0.042257890708919756,-0.03595699190423732,-0.11600586162045665,0.05932522727506718,0.06506879167567531,0.303787746193207,-0.014948504909278725,0.04984505142645348,0.001867619351583976,0.028439841173422287,0.05770950660118674,0.24864733155562876,0.32494723512030393,0.22795045763881025,0.5724119469983219,0.325824419071544,0.6582071266048245,0.46674903135692397,0.368404218444886,0.4684416257417112,0.5652489644356131,0.3127751066451146,0.5902027200938957,0.5350609327114799,0.33360239132150715,0.3067034562283149,0.09046182568199679,0.07575286474688302,-0.1751958735290181,-0.003681015282081905
#13,0.4671690912772361,0.22622217188824484,0.5741100323624595,1.0,0.13407118368355486,-0.12477495564318243,0.26045019166949795,0.24426003905459062,0.10030028793322969,0.5479908163370363,0.3944342060558639,-0.11815832552584707,-0.384059000573121,-0.03158617234125064,-0.23974645402849132,-0.1755541599316373,0.5950649823087509,0.22245398730897398,-0.4391499963965448,-0.21783881916489067,-0.20059988949404056,-0.007946133492571734,0.10743581559918597,0.13640073167299846,-0.08856881055091682,0.022939252609073157,0.13220836893890256,0.16666975534255132,-0.47120358835500553,-0.2190372254081342,0.14063702224189822,0.30880101034020047,0.28576497922007504,0.3269898794386846,-0.3857323765301815,-0.12082007776599506,-0.0757583557262335,-0.040217991880214285,0.20622677058345087,0.046954050798422714,0.038278303424655186,-0.0957496387965146,-0.1592871336058232,-0.39176696283636536,-0.18658141921225038,-0.25026030673983396,0.16160981787107867,0.20101720392467748,0.23121621760751165,0.15772220449093474,0.2536413772748956,0.4190351662908778,0.25021500616019243,0.1438808182931977,-0.087581807012667,-0.019061248442792576,0.08836152608043599,-0.09873810430801648,0.18735290181099362,0.0830627310072172,0.12276525720090464,0.2826021751141952,-0.07239375812922333,0.16064889648474365,-0.28125825791816383,-0.030973928143671475,-0.14610054669563158,-0.19603688565378688,-0.33146777309900577,0.022300926259579187,0.09057027252416888,0.08171881381118581,-0.20869771129116949,-0.08542522487276372,0.02251370170941051,0.262078267046917,0.14229667075058255,0.32748955855957884,-0.4775003689251751,-0.45957918507002715,-0.1908767378091679,-0.13860810537189375,-0.056791140304817994,0.023470504861232658,-0.27004979631898474,0.29865230775566515,0.23979999107715855,0.1062923191494473,0.10884562454742319,0.020929554166795362,-0.20219639174019433,0.1388634359116913,0.0006664676186652115,0.21298753890873648,0.11435582232563567,0.22909669957822415,0.14649726995370418,0.2529536321112472,0.23402759903496037,0.2962582407588533,0.3638920061636243,0.5240240642170035,0.33817225888594893,0.3433063245786531,0.3026826865989217,0.2605957026222858,0.23665228716449258,0.032729668790989305,0.11636552076791347,-0.05742397567496148,0.002909532683338653
#17,-0.14555968522960874,0.06595009386142828,0.17321362998349274,0.13407118368355486,1.0,0.4062151022523311,0.10741934266113451,-0.09056203605514317,0.21999265581511873,0.15006915202119517,-0.04381321060994485,0.2915812990970771,0.29142755167526346,0.10896642609313387,-0.15937910750994383,-0.32521766585331535,0.1264044037654391,0.19265444237388765,-0.2650488868755298,-0.3285314718913335,-0.2830181167999945,-0.3930010604453871,-0.057115108086496655,-0.20997024575564455,-0.11308466060599821,-0.21298616616389887,-0.3019716047730338,-0.23725766763788364,0.04263402279442803,0.04708171606832151,0.030866854046337003,0.08107636922717898,-0.01528482739449598,0.1357500506199659,0.1402197078112613,0.12504264088651862,0.00595702622285826,0.07658062988396874,0.15993918740369337,-0.0338306101507617,-0.17807040121899742,-0.04677422122469431,0.1306036302237231,0.15491219580832363,0.20095268491730928,0.07980658025237913,-0.13667253515084749,-0.04907082333803498,-0.01295802489472763,-0.061400817469550804,-0.03783078860759059,0.0036576786198423404,-0.18433698140273932,-0.1960890499576165,-0.4760699688043736,-0.1821598080902717,-0.21900427953203128,-0.20366248322677402,0.1439494555350788,0.011207775226760287,0.1448801765349861,0.19554681574675603,0.07707069979099959,-0.035657733529635846,-0.20476067909687118,0.016922511985778363,0.23006173919907202,0.3353100858995082,-0.07904745235717447,0.05076753595733509,0.08073730125228648,0.07928905544859585,-0.10290850312471043,0.15402814813289542,0.01045002007639325,0.11047919090419271,-0.07034562283149214,-0.026890012251747676,0.24280081129219905,0.17643271662771504,0.020543812867423735,0.2202150404788134,0.19391324938998653,0.28732990833496347,0.31817136660180445,0.002694011743832086,0.16744535617580744,-0.09548058080834079,0.01896103806964621,0.21153105663602015,0.2806926870450638,0.13657232477770112,0.2742201951356787,0.11425012097313882,-0.0006280307632118111,0.2604419552004722,-0.11901629104936047,0.07501707351391791,0.00962362768414514,-0.05727846472217361,-0.01698565824830895,0.1364487777423152,-0.10036480694059789,0.16635402402989838,-0.10572125729699677,-0.1839457491240172,0.010730060023268024,0.14459327286392323,0.02747205606289917,-0.021880866339267023,0.06470775978338086
#18,-0.16834999502379996,0.02649191624883746,-0.006431995936675281,-0.12477495564318243,0.4062151022523311,1.0,0.17952551074687614,-0.06286553621129289,0.10788882139560103,0.05065771637032537,-0.12866394176816398,0.47096061251874655,0.735165947691558,0.019592500694952074,-0.017159996842686872,-0.39028577115657187,0.011443887338831176,-0.08453156798347215,0.09377974995452783,-0.047312337201041915,0.005858188594549517,-0.36232707704873585,-0.3031878566991664,-0.2101130112187572,0.021205475879157273,-0.021500616019245883,-0.1981426762346982,-0.2616568343817672,0.39279514871974386,0.4985198378788347,-0.16148764358053036,-0.30395247557372157,-0.21452775861654774,-0.003932227587366629,0.44628277857282583,0.3251874654668877,0.21657040293492846,0.1363389581553055,-0.14453012660139264,-0.1755418052280987,0.2396036885653787,0.1571250604865694,0.3807273488522137,0.3334911989896598,0.1763036786129786,-0.0023357253412128885,0.039361399101538505,0.10687710845027404,-0.1192867217823719,-0.11550755524440005,0.13483305706843476,-0.20441474739779056,-0.2345478693284189,-0.3005796415076857,-0.22377044960825293,-0.12878337056903705,-0.03201035049607567,-0.05527013902473343,-0.25195427386945884,-0.20102681313854084,0.03448815492798237,0.03308932793844612,0.33327018707080275,0.25325700872036155,0.1915329098415509,0.23998393888539982,0.3036326260265558,0.32063407084049733,0.117795920888715,0.10968162615353465,-0.036596690998568916,0.20786170968505802,0.2465168315676403,0.3028817346003768,0.2716751262067285,0.1630594364196069,-1.0295586282160837e-05,0.040568041813807756,0.45684055911897237,0.28890581940855287,0.3765775412080841,0.5937444017749591,-0.0600884734047847,0.41224968855851496,0.570594432833311,-0.30466493014444707,-0.18345018823763587,0.07643237344150562,0.22146835651556177,0.4292662335656704,0.5453537735039655,0.18624509672703313,0.09912384560738811,-0.3235195804891776,-0.2773720172828575,-0.18870505547605074,-0.17408257746570713,-0.0452436107307464,0.09565080116820586,-0.025797307361001005,-0.019129885684673647,-0.28582400724809276,-0.27955193608500034,-0.16641579754759134,-0.21164911269205558,-0.22268460844169438,-0.025178199439233735,0.1265526602079022,0.19256109572492938,-0.3364247547076568,-0.20211814528444988
#26,0.22478628078809282,0.43344898708590296,0.36907960890499575,0.26045019166949795,0.10741934266113451,0.17952551074687614,1.0,-0.05847000724122902,0.14049013854427272,0.5546609835030389,0.40939987027561286,-0.0377223417654185,0.06530078555323333,0.15268423093686403,0.023676416586875873,-0.1456283224714898,0.15196628538678802,0.1711696129202744,-0.10403140840188478,-0.27346930370949973,-0.08157330285839794,-0.19838977030547003,0.10049521770017193,0.024163741004231486,-0.017648694004880106,0.05897105910696085,0.019956278076921758,0.07422637248744797,0.047545703823437556,-0.19692505156372797,0.13172241726638456,-0.07713933703288067,0.15365064330254952,0.19095772975458755,-0.08684738852453953,-0.07571442789142961,0.1952887397172832,0.17945000978080697,0.2147748526873196,0.14635724998026678,0.07518180289443249,-0.2716874809102671,-0.11551304622375054,-0.05454944798498217,-0.114416223098491,0.018378994258494718,0.27480910267101827,0.30185903969634886,-0.049834069467752505,-0.05471005913098388,-0.023223410790460797,-0.06811216698068205,-0.19843095265059868,-0.2764769876487283,-0.28682473823471877,-0.10250628888728736,-0.07843932639410818,-0.3599371282864369,0.20132058053379184,0.04637749796662171,0.13415492111864977,0.05062614323906008,0.05427215352778264,0.05232011036868495,0.05137840741007663,0.14815417297271327,0.053795811069128,0.1774471750627173,-0.12294508677463305,0.197338247759852,0.01951288149437003,0.11504631297895926,-0.05574510873855045,-0.016186720752813268,0.04350434302148003,-0.10020419579459619,0.17903818632952054,0.11038858974490968,-0.07918609958577424,-0.1516642815225113,-0.22564699180128145,-0.11243397955296565,0.025325083136859227,0.12630556613713034,0.1356800406332472,-0.06967160511622,-0.12639754004125098,-0.17126845054858317,-0.056483645461190786,-0.15757120255879636,-0.1573858820057175,-0.0909738595064296,-0.07205880838884371,0.25670671649730425,-0.014535308713154671,0.13646113244585378,0.10898701726569819,-0.02344716819899309,0.14608407375758012,0.008968828396599711,0.3269624245419322,0.1443283331102623,0.0372295263687124,3.225950368410396e-05,0.05038179465796346,0.01829525682339981,0.07920806350317619,0.10952925147655866,0.23453551462488031,-0.07248435928850636,-0.13504308702859083
#49,0.6400745400446829,0.08973152542838218,0.008830181167999945,0.24426003905459062,-0.09056203605514317,-0.06286553621129289,-0.05847000724122902,1.0,0.01780930515088182,0.024261205887702607,0.23817466118941477,0.15274188622004414,-0.0506467344116244,-0.3592850744885667,-0.0033323380933260576,0.015231290345828744,0.05474575049676204,0.024250223929001637,-0.032172334386915,-0.0287157628857842,-0.21724991162955107,0.05241757525215607,0.16092893643161843,0.29670575557591794,0.10372803179277044,0.1671941438705227,0.02724555316469163,0.09996945642736292,-0.23692958162169211,-0.073051302906444,-0.06119353299906997,-0.08889552382227073,-0.05829704139168872,-0.09998318387573914,-0.16648168929979718,0.005696204703710186,-0.215643800169534,-0.07900215177753298,-0.017566329314622823,0.10469581690329356,-0.005972126416072096,-0.001241647705628597,-0.12589511543068152,-0.312175217151074,-0.3143661179119178,-0.4811614794071115,-0.27775364034771627,-0.16146156142861556,-0.017843623771822352,-0.06472560546626994,-0.1820705796758263,-0.09811350540689873,-0.005337918301090989,0.05824899532237197,-0.05696547889919591,-0.017275307409047074,-0.021116247464711878,-0.01670150006692131,-0.028820091493443428,0.2553339716596828,0.07814281350918195,0.18391554873758953,0.019994714932375156,0.14223215174321435,0.0076235384557306945,-0.022490365047170946,-0.05308472924324009,-0.04586958237670177,-0.19317745815702142,-0.06678609546753973,-0.05079224536441228,-0.16820173858133686,-0.27702471283893926,-0.13293866919251718,-0.09711277442027269,-0.0869160257664206,-0.09228483082635808,-0.12585667857522814,-0.027352627262026103,-0.09597202346020928,0.18076784482492356,0.10168950570890259,0.09361364782917564,-0.14005086019623386,-0.2938490735688277,0.4127960410038883,0.11293777690837271,0.031105711648083133,-0.19906104253106693,-0.17035420248672728,-0.302663468171195,-0.12573999526403032,-0.372958985816114,-0.05001801727599378,-0.16634441481603504,-0.10845851050321394,0.18487509737908692,0.05274428852350997,0.16392701115698366,-0.08684327029002667,-0.13425650423663377,-0.21144731920092524,0.051135431573817634,0.04831169544283032,0.017768122805753173,-0.016109847041906468,0.09112760692824319,0.020214354106394588,-0.18656220078452368,0.12245638961243982,0.1953477677453009
#50,-0.09644836591886391,0.2150741110619211,0.15817383754251219,0.10030028793322969,0.21999265581511873,0.10788882139560103,0.14049013854427272,0.01780930515088182,1.0,0.17957904779554337,0.17375723693919085,-0.10051443612789863,-0.03728031792770439,0.28194463033697453,-0.03592679151780965,-0.20965588718782924,0.07520513955667206,0.12777989409273577,-0.09026826865989217,-0.33850446313665333,-0.17561456070449266,-0.2774118268831485,0.0930933775357171,0.14133574936424756,0.011807664720800859,0.21980458977236458,-0.22244575083994825,-0.29331507582699295,-0.007988688582538,-0.14397965592150644,-0.03455267393535058,-0.15009935240762284,-0.0727945996218088,0.13470951003304882,-0.014571000078932828,0.09301101284545982,0.1845030835280915,0.26761317423220665,0.1640134940817538,0.210432860765923,-0.053934458297727764,-0.0887911952146115,0.11609371729006442,0.18663907449543046,0.07773922652692124,0.23458081520452181,-0.11772591090199631,-0.1619392766321078,-0.06246469471870742,-0.3275527048221094,-0.1990075054823997,-0.26970661010957936,-0.373869115643457,-0.3239396404094898,-0.3240178868652342,-0.12845803004252077,-0.1264249949380034,-0.2537168782409648,0.3473861222360641,-0.04010268131385408,0.04559366066433986,0.23921794726600706,-0.040138372679632245,-0.1030718597603874,-0.18278440699138945,0.00835109321967006,0.22624139031597154,0.13697728450479946,0.07288931901560468,0.1593077247783875,0.19232635635769613,0.08455215915603648,0.0031579994989481344,0.009741683740180584,-0.015013023916646934,-0.14273594909862142,-0.07466839632516208,0.12034236256250279,-0.14650276093305467,0.15634671416363805,-0.2402241692319836,-0.07110886896120966,-0.08055472618888282,0.08623926256147323,0.12062240250937756,0.06872441117826121,0.26930439587215627,-0.20480597967651268,-0.17855909838119066,0.08205376355156545,0.03996403408525432,0.127064694032335,0.28405042091788585,0.47540556030296477,0.14948573546520608,0.2097313881538984,0.1830822926211533,0.005277517528235645,-0.0009382710965142577,0.046275914848637724,-0.0035876686331236464,0.10459148829563433,0.06510448304145346,0.0295352915538442,-0.060785827782296395,-0.18730348299683924,-0.05137703466523901,0.16251994769842168,0.1508831897099047,0.05347184328744934,0.07730132092372
#51,0.4037345523307491,0.274269613949833,0.7033745499970829,0.5479908163370363,0.15006915202119517,0.05065771637032537,0.5546609835030389,0.024261205887702607,0.17957904779554337,1.0,0.5524138002038526,-0.21166009465075655,-0.040946919388991275,0.09711002893059745,-0.03714853442329273,-0.17400295826512507,0.6905242855721085,0.56021236362638,-0.43623977734078734,-0.36439992175354424,-0.05509854592003075,-0.14518218039926284,0.08284446457803539,0.11928946727204714,0.16348910555378243,0.07052682515005818,0.1818907501020979,0.05174081204720869,-0.29454230971182654,-0.2166747315425877,0.24360386702220757,0.034376962596135034,0.33763002467508846,0.41220301523403585,-0.15556424960619383,-0.10086174057181686,0.3108161997618288,0.3149028611434278,0.3980664888962102,0.21812023185660306,-0.06669274881858148,-0.3458253113556885,-0.12290939540885489,-0.12991725780491237,0.08492966398638237,0.0769485255004513,0.2443931953038399,0.16580080786033694,0.24801037795097242,0.14965183759055825,0.23244345149234524,0.24135256548850842,0.1280379701222086,-0.06166987545772461,-0.0210407464986427,0.018853963972311736,-0.21971810684759444,-0.32827888684121115,0.3512490262091308,0.1895726302134275,0.1290606650262366,0.1988276759086713,0.0026075288190619346,0.04328744933713584,-0.14536338271782887,0.25668612532473994,-0.05937739157889679,-0.06315655811686863,-0.2047304787104435,0.1444559983801611,0.1105876377463648,0.32439813718525534,-0.1661494850490928,-0.004915112891103584,0.019101058043083596,0.16888673825530995,-0.0025073184459155694,0.20287040945546644,-0.19839114305030767,-0.2643817328844458,-0.3978454769773531,-0.1221488947688126,-0.23112561644822865,-0.12151331390899388,0.12667071626393764,0.04198059625172022,0.1533541304176233,-0.27405134752065125,-0.12343241119198867,-0.14074272359439507,-0.12415447497657754,0.15330608434830656,0.1832923225813094,0.3366677305439158,0.18405694145586454,0.5448184030172931,0.26685679182667726,0.5164739676100856,0.3242787083843823,0.43345722355492866,0.4475745314650276,0.4875117970259483,0.09608321579205661,0.3710810708782478,0.23665777814384306,0.15924732400553215,0.17388078397457676,0.10915037390137515,0.1656635333765748,-0.2020618627461074,-0.11752274466602834
#52,0.42011551647808587,0.2185759831426934,0.5543164245487959,0.3944342060558639,-0.04381321060994485,-0.12866394176816398,0.40939987027561286,0.23817466118941477,0.17375723693919085,0.5524138002038526,1.0,-0.023249492942375605,-0.098591220610391,-0.049648748914673614,-0.069965372511471,-0.15243027314190408,0.3785844941606866,0.44417149701256403,-0.26212905860590896,-0.2759992724452361,-0.16066811491247035,-0.10734109620539008,0.3218352225734161,0.2044614207222697,-0.013835208845967733,0.15049058468634496,0.12177276268330434,0.0391499963965448,-0.18041779489133009,-0.32194092392591295,0.16529151952557938,0.18133067020834834,0.36907137243597005,0.33699581656010735,-0.20821725059800197,-0.03910606856174092,-0.0438612566792616,0.28732990833496347,0.24937763180924338,0.2605105924423533,0.01301430743307011,-0.09619166263422871,-0.12398974559606296,-0.11448623308520971,0.057889336174915144,0.0431762570052885,0.009758156678232042,-0.015700769080295277,0.01009859739796216,0.010682013953951274,0.09399389814919677,0.1059532511745548,0.07596838568638958,-0.04573230789293963,-0.02826412983420674,-0.18605840342911661,0.06954531259115884,-0.1813663615741265,0.2861164018985061,0.27767951212648473,0.00793240604419552,0.11218688548219378,-0.10854087519347122,0.24239722430993832,-0.14268103930511655,-0.11789338577218612,-0.1354247100934496,-0.02768894974724336,-0.29874290891494815,0.04069707982854417,-0.03504274384238144,-0.05536348567369169,-0.21740228630652705,-0.014266250724980868,0.07577345591944733,0.0019527295315165056,0.09915953697316628,0.13568278612292245,-0.05458513935076033,-0.14173384536715777,-0.06769073431553227,-0.003569822950234568,0.1838180838541184,-0.14980283952269663,-0.09811075991722348,0.1406617316489754,0.229394585207988,-0.06175773112733238,-0.08226516625655915,-0.09373856760939918,-0.11843973821755946,-0.037548003171040574,0.08390147810300391,0.372512843743887,0.3030396002567033,0.3248991890509872,0.2759223987343293,0.20684725125005576,0.2013837267963224,0.03801885465034473,0.16370050825877613,0.2977284504799459,0.3279878649356354,0.30533482962520636,0.38759244578515856,0.11902178202871096,0.12561644822864437,0.05569431717955846,0.009328487544056529,0.013361611876988335,0.10887582493385085
#53,-0.03663238236434707,-0.19258443238716896,-0.15436035238359982,-0.11815832552584707,0.2915812990970771,0.47096061251874655,-0.0377223417654185,0.15274188622004414,-0.10051443612789863,-0.21166009465075655,-0.023249492942375605,1.0,0.5198783748073867,-0.09982669096425029,-0.08280465497774438,-0.22444721281320032,-0.13286179548161037,-0.12269387446934832,0.10165244159828682,0.2293245752212693,-0.10557849183388415,-0.1976375061344535,-0.28550003946641406,-0.47431422815705576,-0.2938751557207425,-0.36361745719610006,-0.5263659669099857,-0.22609450661834604,0.3385415272472691,0.3134175512291214,-0.08415818138763911,-0.14310384471510396,-0.15902493934183748,-0.05661542896560245,0.24457988860175642,0.192421075751492,-0.06626857066375645,-0.12377147916688115,-0.18620940536125496,-0.15808872736257967,0.266560278941751,0.46624248851184164,0.4383030128317324,0.30650852646137267,-0.043707509257448,-0.00829343793648996,-0.15690542131254998,-0.09856102022396332,-0.3560797152927207,-0.15232731727908247,-0.04387910236215068,-0.1135774760027043,-0.17311616510002162,-0.14938003411270923,-0.29951576425852905,-0.04332588619258924,0.03968948511773003,0.2326795636044161,-0.25369079608904993,-0.029757676217538876,0.10172656981951837,-0.041825476085069,0.28664216317131513,0.28932862481854027,0.0802074217449646,-0.09993101957190952,0.12109325398868172,0.26114891879184726,0.004014592277623916,0.06804764797331384,-0.11199744669460203,-0.04026329245985579,0.1596907205880839,0.32326562269421766,0.18211588025546782,-0.017087241366292936,0.08912751769982875,-0.09027375963924265,0.29766804970709054,0.07309797623092314,0.7656038189761383,0.6445565519395169,0.31588849193684,0.4482650221183512,0.19701016174366048,0.04732331915974289,-0.0926321352702763,0.3689931259802256,0.22642808361388805,0.546353131745754,0.27551881175206855,0.17812256552282704,-0.12191003716706648,-0.27120290198258673,-0.14944867135459028,-0.33903846087848805,-0.43398573031741294,-0.17919742473068462,-0.025333319605884957,-0.292473583241531,-0.3647293805145734,-0.3654033982298455,0.019375607010607886,-0.15214199672600356,-0.23737023271456859,-0.30328532158263755,-0.17512723628713703,0.05057672442490571,-0.002453781397248333,-0.059023223410790464,0.0039157546493151715
#54,-0.20715200060400774,-0.13490306705515345,-0.030789980335430202,-0.384059000573121,0.29142755167526346,0.735165947691558,0.06530078555323333,-0.0506467344116244,-0.03728031792770439,-0.040946919388991275,-0.098591220610391,0.5198783748073867,1.0,-0.06235624787653533,0.007167787169640375,-0.2577445115945461,-0.05768616993894717,0.09816429696589073,0.12305353361680514,0.15822874733601705,0.04942773699581656,-0.2209590681808042,-0.29842031387810714,-0.2462107094688507,0.06426436320082914,-0.09219422966707506,-0.08894082440191223,-0.16809878271851525,0.586339816120829,0.5509380995034096,-0.037833534097265836,-0.3248936980716367,-0.13668077161987321,-0.03991324252626233,0.5642454879593118,0.3171925995325804,0.19121306029438512,0.10589285040169946,-0.283255601656903,-0.16388857430153025,0.21287497383205153,0.18345018823763587,0.48946109469537075,0.5838949575650252,0.2752593629777581,0.23286625690233265,-0.059848243058200946,-0.07020972109256762,-0.15804205403810054,-0.10501429370562174,0.11440798662946527,-0.15269795838524025,-0.07281656353921075,-0.14270986694670662,-0.11807458809075216,0.019361879562231673,-0.23269603654246757,0.004021456001812023,-0.37378537820836205,-0.023088881796373896,-0.03171521035598705,0.009132185032276663,0.30989234248610953,0.18678321270338072,0.3076231952695213,0.37367967685586523,0.14082920651916522,0.48602099613229144,0.09948213201000732,0.014016411164533765,-0.09104936047249877,0.11367494088617543,0.15502201539533336,0.3516512404465539,0.17521783744642005,0.06642094534073242,-0.03037815688414377,-0.12021057905809113,0.5895369388476493,0.4214113876048005,0.5141210829584024,0.6778675781692388,0.04141639812345781,0.31516642815225115,0.5722307446797558,-0.27514267966656025,-0.2138647228599766,0.09508111206059296,0.160364738303356,0.3230185286234458,0.5373520438454701,0.06291495502544726,0.006644771386506604,-0.4954805808083408,-0.3691990377058688,-0.06502074560635855,-0.16815506525685772,0.10778586553277943,0.07410557094173728,-0.12720471400577238,-0.10774193769797555,-0.3203993314732641,-0.29691441279123637,-0.12151605939866912,-0.2465744868508204,-0.16272174118955204,-0.0769553892246394,0.10432517579713577,0.0036206145092265614,-0.32994677181892124,-0.24397999910771587
#58,-0.39908918380023817,-0.02829158473095917,-0.019640546764268824,-0.03158617234125064,0.10896642609313387,0.019592500694952074,0.15268423093686403,-0.3592850744885667,0.28194463033697453,0.09711002893059745,-0.049648748914673614,-0.09982669096425029,-0.06235624787653533,1.0,0.2925614389111388,-0.24878186054971568,0.14551713013964246,-0.10930961230253923,0.1580598997209896,-0.06531588574644716,0.17886796596965548,-0.3122630728206818,-0.033723536053427226,-0.11731134196103464,-0.32576950927803916,0.06188265090755593,-0.24301770497654324,-0.37366869489716426,0.10435812167323869,0.04488806981780244,0.016789355736529083,-0.14685281086664814,-0.18700147913256254,0.15871058077402217,0.2461722726133973,0.2385041199504439,0.37326922614941643,0.3849554029520878,0.10054463651432631,-0.17752267602878646,-0.19659010182334832,-0.1738011647739947,-0.0655286611962785,0.17309145569294443,0.22469156139429694,0.34849804555453745,-0.004694100972246531,-0.05415135198207195,-0.07385984961580304,-0.12098480714650962,-0.14751447387838168,-0.04174997511899982,-0.20443808406003014,-0.4272633988475807,-0.04325175797135768,-0.24395940793515153,0.06509899206210297,-0.06640035416816811,0.20406195197452184,-0.27932955142130567,0.255155514830792,0.17425691606008503,0.4321489977246754,-0.045862718652513665,-0.3050273347815791,-0.2430410416387828,0.6579861146859675,0.1537769358276107,0.5392176040797977,0.2799006132737562,0.3447394701891299,0.2989323477025399,0.5470834319993685,0.2691520211951803,0.38308023350389686,0.04758139518921572,-0.10377882335176243,-0.07065311767511934,-0.11489942928133376,0.12679700878899883,-0.3742672116463672,-0.21328405179366272,-0.12949857062943781,0.25852697615199033,0.3077371330910439,0.09949997769289638,0.1321465954212096,-0.22519261326002876,-0.14592071712190316,0.021628281289144676,0.004842357414709647,0.4780371121566851,0.45884202109222444,0.28799568958120986,0.14427479606159507,0.08313411373877352,0.009948968210661423,-0.12923363087577688,-0.38829391839718314,0.009191213060294386,-0.05256583169461918,0.13382683510245824,0.03234667298129292,-0.21957945961899467,-0.25302501484280354,-0.254075164643584,-0.28773761355173705,0.1741580784317763,0.1091407646875118,-0.06409826107547695,-0.15085985304766514
#101,-0.13927663210781538,0.08791538400820902,-0.29917120530428604,-0.23974645402849132,-0.15937910750994383,-0.017159996842686872,0.023676416586875873,-0.0033323380933260576,-0.03592679151780965,-0.03714853442329273,-0.069965372511471,-0.08280465497774438,0.007167787169640375,0.2925614389111388,1.0,0.2683654384032232,-0.07438972912312491,-0.24089544145758046,0.6704204374251425,0.2474901076575139,0.6700937241537887,-0.021463551908630103,0.2938216186720753,0.1301163058063675,0.04307741937697976,0.19426879030293046,-0.02857574291234681,-0.2999934794620213,0.12145154039130092,0.17702711514240513,-0.1749638796514601,-0.10337660911433935,-0.47194624331215873,0.04491277922487963,0.34625223500018876,0.41127778521347896,0.4960777248127061,0.3627869465693391,0.3050067436090148,0.14923040492540848,-0.13177869980472703,-0.06679570468140308,0.029065812819377666,0.15068963268780008,0.27636442257204336,0.08679659696554753,-0.2261686348395776,-0.31149845394612663,-0.4086599608081349,-0.39626544766925087,-0.32380922964991576,-0.36766430897740804,-0.3323531935192716,-0.3567537330079928,0.26508869647582084,-0.16723395347081374,0.007434099668138935,-0.12541465473751404,-0.037557612384903925,-0.13776386729675655,-0.05603338515445095,-0.2121295733852231,0.48632986372075626,0.03062525095491563,0.26434878700834286,0.07797122040447926,0.36768627289481,0.4017413268265228,0.6781654637990027,0.27081578793837746,0.23098422372995364,0.2688911996760322,0.3956724218993984,0.008775271374495087,0.13155494239619475,-0.3855978475360946,-0.37654871356649405,-0.49594594130829445,0.20127253446447507,0.3248429065126447,-0.16010254403937033,-0.13838572070819907,-0.32738797544159487,0.049640512445647884,-0.03057995037527412,-0.07890331414922423,-0.27861846959541775,-0.332990147123928,-0.20435160113526,-0.23190808100567287,-0.1496353646525068,-0.0012951847542958335,-0.05440942801154478,-0.06778819919900339,-0.16263388551994426,-0.05466750404101762,0.10397924409805516,-0.26300349706747383,-0.4465518365609996,-0.14169403576686673,-0.2511333724565612,-0.28128434007007863,-0.3120612793295514,-0.4428207160923445,-0.5436268604982377,-0.4907171562217944,-0.40003500499335937,-0.08199885375806058,0.07055839828132346,-0.07683321493409109,-0.23480869084756698
#102,0.033385840823372356,-0.0816158579483642,-0.13217816855247488,-0.1755541599316373,-0.32521766585331535,-0.39028577115657187,-0.1456283224714898,0.015231290345828744,-0.20965588718782924,-0.17400295826512507,-0.15243027314190408,-0.22444721281320032,-0.2577445115945461,-0.24878186054971568,0.2683654384032232,1.0,-0.14675534598317702,0.0008737520891460498,0.26204120293630123,0.39590029754244355,0.06419435321411045,0.7318535143983774,0.22111418834745544,0.430584068609787,0.481076369227179,0.34220126498436787,0.07322564150082193,0.27873927114112845,0.056701911890372596,-0.05182729497197885,0.10233332303774705,0.06854320885969518,0.08563662757775742,-0.023145164334716375,-0.17354720697903475,-0.2671684049048173,0.12413113831433797,0.09739693260166034,0.033019317951727425,0.29724387155226556,-0.0010851547941397523,-0.03260200352109051,-0.00937653361337328,0.014284096407869946,-0.030225782207167786,0.09971961686691581,-0.25908019232155177,-0.3039387481253453,-0.10724225857708133,-0.193251586378253,-0.47601094077635586,-0.3248621249403714,-0.012035540363846018,0.3972757878697402,0.38770638360668114,0.4334064319959367,-0.23467828008799294,0.14813907277949942,-0.16417135973808028,-0.06948628456314111,-0.3244846201100255,-0.32775998929259026,-0.22816048759896632,-0.001642489198214059,0.23101167862670607,0.03554791394262613,-0.389846492808533,0.051897304958697536,0.1197548277720008,0.15334863943827282,0.058578454083401114,-0.07891566885276283,-0.09142000157865657,-0.3236843098696922,-0.4108371341206025,-0.41262582064402326,-0.19200238857601745,-0.3674021147134224,0.06364937351357473,0.2532899545964645,-0.06724733773298054,-0.1317443811837865,-0.1424861095381743,-0.31059518784297174,-0.1758547910510764,0.003700233709808605,-0.22821951562698403,0.0012773390714067546,-0.1406164310693339,-0.21696712619300107,-0.23372971340519652,-0.4116250896573972,-0.15607902892030187,0.004059892857265423,-0.21122905277174342,-0.09842786397471404,0.32406593293455094,-0.12339122884686002,-0.018136018422235722,-0.20940055664803164,-0.1464931517191913,-0.1446687738299924,0.0931249506669824,-0.17410179589343383,0.04346178793151376,0.09586769485255005,0.11098298825959978,-0.2578268762848034,-0.10049659044500955,0.0809692951298445,-0.12114816378218658
#201,0.26755414620418894,-0.1417681639880983,0.6566820070902271,0.5950649823087509,0.1264044037654391,0.011443887338831176,0.15196628538678802,0.05474575049676204,0.07520513955667206,0.6905242855721085,0.3785844941606866,-0.13286179548161037,-0.05768616993894717,0.14551713013964246,-0.07438972912312491,-0.14675534598317702,1.0,0.5251373602803145,-0.3596845432363146,-0.1806676344517772,-0.002181977919399287,-0.04243497479297292,0.12594590698967353,0.19817287662112584,0.12156822370249874,0.11423227529024974,0.13503210506988989,0.013043135074660159,-0.1852841753406981,-0.04187352215438575,0.2958999543562342,0.19790107314327682,0.32243373932261904,0.45347321603228696,-0.06067600819528668,-0.08612669748478827,0.308320549647033,0.300215864125716,0.28131179496683106,0.12078164091054165,0.007559019448362487,-0.14572304186528567,0.03391160209618137,-0.13907621136152265,0.18366570917714242,0.07561696300795849,0.11560364738303357,0.015774897301526834,0.36348155545717553,0.2547684007865828,0.29869898108014425,0.39216368609443797,0.39133042997800177,0.12791167759714744,0.22897452528767584,0.1035468294742044,-0.07421813601842224,-0.12596787090707548,0.1747799318432188,-0.019916468476630735,-0.15654713490993077,0.0361862402921201,0.12456629842786397,0.14084705220205432,-0.25124456478840856,0.20235837563103365,-0.09738869613263461,-0.089514631744038,-0.1353862732379962,-0.06386626719791892,0.20286629122095357,0.2675651281628899,-0.07409184349336106,0.10587500471881038,0.05121367802956206,0.3058180358080491,-0.17049284971532705,0.030733697797087723,-0.2037585753654075,-0.13528057188549936,-0.2120664271226925,-0.01119953875773456,-0.15606118323741278,0.0638456760253546,0.07393123234735935,0.055172674141262305,0.10110608915291348,-0.0573292562811656,0.07592994883093618,0.03626036851335166,-0.0018140823029167395,0.3307965008734089,0.36048897171116073,0.16088500859681454,0.1677816786610247,0.5127799112520462,0.26638594034737306,0.502823392944778,0.09421628281289145,0.4209075902493934,0.2697107283440922,0.6319533815853143,0.2776259750778175,0.3992758770981547,0.22315134168648568,0.17612522178408782,0.13422904933988133,-0.19394207703157657,0.026739010319609315,-0.3584628003308315,-0.186006239125287
