,#10,#11,#12,#13,#17,#18,#26,#49,#50,#51,#52,#53,#54,#58,#101,#102,#201,#202,#301,#302,#401,#402,#501,#502,#601,#602,#701,#702,#801,#802,#901,#902,#1001,#1002,#1101,#1102,#1201,#1202,#1301,#1302,#1401,#1402,#1501,#1502,#1601,#1602,#1701,#1702,#1801,#1802,#1901,#1902,#2001,#2002,#2101,#2102,#2201,#2202,#2301,#2302,#2401,#2402,#2501,#2502,#2601,#2602,#2701,#2702,#2801,#2802,#2901,#2902,#3001,#3002,#3101,#3102,#3201,#3202,#3301,#3302,#3401,#3402,#3455,#3501,#3502,#3601,#3602,#3701,#3702,#3801,#3802,#3901,#3902,#4001,#4002,#4101,#4102,#4201,#4202,#4301,#4302,#4401,#4402,#4501,#4502,#4601,#4602,#4701,#4702,#4801,#4802
#10,1.0,0.26633240329870583,0.1377034665239012,0.2686646967778247,-0.05992511676910775,0.19539581381461768,-0.015501721078840168,0.7261428958738722,-0.013073335461087831,0.44426347091668467,0.36304914083332473,0.1658172807983884,0.09240014139271828,-0.022108741982312184,0.006331785563528915,-0.08108323295136709,-0.014815348660029445,-0.07513512956995336,0.20796741103755487,0.16768970475690406,0.1925501137662284,0.08646576545968077,0.06803803875945048,0.019916468476630735,0.14711775062030907,0.0324990476582689,-0.15808186363839155,0.07120907933435602,0.01636929581621692,0.36281302872125387,-0.15372751701345633,-0.10458050633693336,-0.336115887119192,-0.0793878930769046,-0.010908516852158812,0.10594776019520431,-0.014717883776558322,0.04733841935295672,0.09061282761413515,0.02980846777653087,0.22550010810365595,0.36794434892428285,-0.003155254009272891,-0.2323967781678661,-0.18158462800330832,-0.27636991355139384,-0.26381204377683287,-0.25784884020220533,-0.15287504246929343,-0.19788322746038772,-0.29101710096881467,-0.13644328676296472,-0.36829302611303866,-0.10910644606657126,0.279016565598328,0.1774938483871964,-0.2150741110619211,0.16159471767786485,-0.15755061138623205,-0.013286110910919156,-0.021160175299515763,-0.10427163874846854,-0.2104465882142992,-0.0027242121302597576,0.18490941600002744,0.4187235532127377,-0.007541173765473409,-0.08550072583883289,0.09098209597545533,-0.10507332173363945,-0.05476496892448874,-0.16917226918153522,-0.03863658982727438,-0.06401315089554441,0.06848143534200221,-0.10112118934612732,-0.00696324818883478,-0.11856465799778301,-0.09241661433076974,-0.16265996767185908,0.15202805890448098,0.0020694128427143285,,0.05177101243363637,-0.026163830232645933,-0.1029126213592233,-0.19464492238843875,0.0070250217065277445,0.3224035389361914,-0.0029397330697663246,-0.25397358152559996,-0.019118903725972674,0.15469667486881708,-0.184022622834924,0.032979508351436405,0.2000453005796415,-0.06477776977009955,-0.09934211203656992,0.007041494644579202,-0.19211907188721528,-0.16706922409029915,-0.34109895087975783,-0.21195523479084516,-0.3081091469420393,-0.2519295644623816,-0.29322447466770996,-0.30990195169997287,-0.2450123032256072,-0.08096654964016926,-0.03241668296801161,-0.07072587315151328
#11,0.26633240329870583,1.0,0.18290109030258728,0.12855824041566713,0.052269318809692954,-0.022085405320072617,0.28525980911983034,0.32333014170158586,0.11218413999251854,0.16095227309385798,0.2312628909319908,0.11763942797722617,0.07900901550172108,-0.0888557142219797,0.28479307587503905,0.12546819178618127,-0.25182523585472244,-0.0009657259932666865,0.09364247547076568,0.26108989076382955,0.19326394108179157,0.21876954016479802,0.30348162409441737,-0.14830654764968926,-0.03876150960749793,-0.14506961532257787,-0.10961024342197834,-0.0876394622958471,0.12037668118344333,0.1731079286309959,-0.01988352260052782,0.027325172365273674,-0.10526001503155598,0.1735238703167952,0.07721895623346271,0.11164465127133331,0.09297943971419452,0.29995916084108076,0.055091682195842644,0.17015927271978504,0.32228136464564305,0.20174475868861685,0.29696383160539075,0.08410464433897188,-0.14456169973265795,-0.04523674700655829,0.10724225857708133,0.10759368125551243,-0.1969730976330447,-0.13318027228393856,-0.23382580554383003,-0.20410725255416337,-0.07649002872468573,-0.11136598406929615,0.05597298438159561,0.08197826258549626,-0.23851922014365776,-0.03403652187640492,-0.15045077508605395,-0.1332544005051701,-0.19089183800238171,-0.08881315913201344,0.10027969676066537,0.2292216193584477,-0.16932327111367357,0.019556809329173915,0.04736450150487153,0.2599916948937324,0.22408480817606824,0.1505372580108241,0.13784623198701385,0.1148253010601022,0.022984553188714663,0.0157021418251329,0.15831248477111196,0.18534594885839106,-0.09228894906087094,-0.19897867784080964,0.2066372212898997,0.052213036271350474,0.2364861850391404,0.21232450315216533,,-0.04988623377158212,0.10401218997415808,-0.34752065123015097,-0.24448379646312293,0.2011325144910377,0.12880396174160139,0.2522343138163336,-0.031863466798450174,0.15454018195732822,0.1501789716082049,-0.43646490749415723,-0.036371560845199,0.1605116220009815,-0.042612058877026085,-0.28105646442703347,-0.12902360091562082,-0.028135091819470326,-0.041235195804891774,-0.07415910799040451,0.07388730451255547,-0.13679608218623343,0.0659844124823688,0.13354130417623297,-2.1277544983132397e-05,-0.10217271189174534,-0.014547663416693264,-0.28182382879126383,-0.1417626730087478
#12,0.1377034665239012,0.18290109030258728,1.0,0.5270825397152241,0.10658196831018542,0.22203667287833706,0.23813347884428612,0.10778586553277943,-0.03082018072185787,0.30659638213098045,0.19430173617903337,-0.01306235350238686,0.14126985761204172,0.06589381132308579,0.1282548638065528,0.3666429868182177,0.37080103093137307,0.49614361656491196,0.03984460528438125,0.03496449738663702,-0.12885200781091813,0.1492441323737847,-0.03455130119051296,0.012281261689780257,0.10955945186298634,0.06560416216234767,0.09496442874939513,0.07428265502579044,0.3451279569781768,0.2690627927807349,0.027259280613067843,-0.1328906231232004,0.19915164369034993,0.028542797036243895,0.05003586295888286,0.026806274816652768,0.019077721380844032,0.20533997741834742,0.04563484300946851,-0.05566823502764365,0.19340258831039134,0.2977710055699122,0.033950038951634766,0.18481057837171871,-0.001179874187935632,-0.1803615123529876,0.06007062772189562,0.15453194548830249,-0.00731467086726587,0.12425331260488628,-0.06232055651075717,0.2958395535833788,0.1699972888289457,0.2843675249753764,0.17518763705999238,0.22438543929550736,-0.22168525019990595,-0.03451423707989718,-0.28953041830967063,-0.005605603544427171,0.1117270159615906,0.10346995576329761,-0.1544234986461304,0.06605579521392513,0.1383308109146942,0.27132370352829743,0.09584161270063524,0.003203300078589642,0.29997837926880744,-0.11296935003963801,0.5401140064587645,0.318640845336271,-0.09546959884963982,0.13071482255557043,-0.211970334984059,-0.17904505005370863,-0.1617086554993874,0.07645159186923232,0.2070476719963485,0.20059714400436532,0.14761056601701517,0.04654634558164915,,-0.11087042318291482,-0.09199380892078232,-0.011828255893365182,0.2094156568412455,0.03442363592061417,0.11302837806765573,-0.056281851970060436,-0.34612594247512757,-0.10593540549166572,0.0051018061890201,-0.15949579082114165,-0.17022653721682848,0.35100467762803417,0.3485433461341789,0.36085412183796806,0.20874163912597335,0.08825719747277676,-0.024382007433413296,0.23550329973540343,0.16213832463356292,0.09410097224653124,0.28517195345022256,0.23835449076314316,0.1552869551489943,0.11673341638439601,-0.004526626102056715,-0.17965317601677494,-0.31749323065201945
#13,0.2686646967778247,0.12855824041566713,0.5270825397152241,1.0,-0.017423563851510192,-0.023535023868600864,0.03588149093816814,0.21423673671097201,0.08889826931194597,0.3014389797760367,0.13125293853191802,-0.04725330917302419,0.06539413220219159,-0.1450915792399798,0.06009259163929757,0.27489695834062605,0.11956401623957143,0.10407396349185104,-0.05249170347338763,0.09822195224907082,-0.13843239403267818,0.04881961103275026,-0.03173031054920089,-0.15610099283770382,-0.03181679347397104,0.0031415265608966767,0.23730983194171326,0.25877681571243744,0.030803707783806415,-0.04552776891213404,-0.2733183017773614,-0.2590335189970726,-0.11422952980057449,-0.0689797417180588,-0.1254585825723179,-0.05886535775446399,-0.09316613301211105,0.06115235065394132,0.19298939211426727,-0.08468394266044814,0.1790930961230254,0.09212147419068112,0.07921629997220192,0.10591344157426379,0.08773829992415584,-0.019396198183172206,-0.006397677315734745,-0.05274017028899711,0.2240559805344782,0.17081819024184333,0.0671938006843133,0.3375613874332074,0.18306719242793948,0.3266686571466812,0.18604193049106516,0.3025550213290229,-0.23891731614656797,0.07878663083802641,-0.19625789757264395,0.08606355122225769,0.21143633724222427,0.06719929166366378,-0.02312320041731443,0.09840452731247448,0.20710944551404145,0.33762453369573797,0.11834913705827645,-0.09746831533321665,0.10073407530191807,-0.14044758345430647,0.2304255165810417,0.2709077618424981,-0.18899745012646413,0.1117846712447707,-0.20170769457800108,-0.1917498035258951,-0.2932670297576762,0.0015450243147429365,-0.11832168216152403,0.026717046402207373,-0.032759869177416974,-0.07696088020398988,,-0.13408628387676869,0.141210829584024,0.1526320666330344,0.2992878886154839,0.009159639929029092,-0.12250580842659418,0.038268694210791834,-0.21073211914052445,0.023477368585420762,0.23694880004941882,-0.01882788182039693,0.10512548603746907,0.08438193879617141,0.1558058526976152,0.028943638528829356,-0.009578327104503633,-0.14130966721233273,-0.22469156139429694,-0.1820005696891076,-0.18097650204024202,-0.21483250797049971,-0.12427115828777537,-0.25329956381032787,-0.2312175903523493,0.036246641064975445,-0.0050043413055489774,-0.025083480045437853,-0.12220105907264223
#17,-0.05992511676910775,0.052269318809692954,0.10658196831018542,-0.017423563851510192,1.0,0.4239139014437844,0.1146399805070233,-0.1577826052637901,0.03738876476987649,-0.144398343096981,-0.09074323837370919,0.6165772666591166,0.3129878820949459,0.04747020285736838,-0.018685116357284298,-0.06661587510767468,0.02272373166956659,0.41883062731007215,-0.2821491693177801,0.09585534014901145,0.07822105996492637,-0.06123608808903623,0.030364429435767552,0.1729926180646357,-0.09110427026600364,-0.04496357078387162,-0.008305792640028554,0.023231647259486524,0.22560169122163995,0.10330522638278303,0.3409479489476195,0.08988939108470866,0.43622604989241115,0.07462035025584532,0.14976028443273035,0.060850346789664604,0.12927618596574314,0.029833177183608055,-0.07944966659459757,-0.15317155535421964,0.006396304570897123,0.22612470700477372,0.27409527535545514,0.11559815640368308,-0.011018336439168528,0.04021112815602618,0.18300130067573364,0.3539299968770055,-0.24746814374011195,0.033948666206797144,-0.12670091665036531,-0.10560320124096133,-0.1317759543150518,-0.1420495766798107,-0.01863157930861706,-0.16305669092993166,-0.1485083411408196,-0.1505441217350122,-0.17056423244688335,-0.4552687662798958,-0.16598201017890296,-0.02653447133880372,0.11422815705573687,0.3059978653817775,-0.20938133822030497,0.12005820438111516,0.2890307391887764,0.14262887500128696,-0.011415059697241126,0.17048049501178844,0.05768479719410955,0.018612360880890362,0.26298427863974716,0.2983873680020042,0.08167488597638192,-0.14357744168408337,-0.10685377178803447,-0.053651672861177745,0.23297058550999186,0.1215846966405502,0.42362837051755914,0.6554616369295816,,0.2408268042156994,0.6708734432215576,0.01946346268021566,0.19149035475158466,0.09744223318130184,0.22849681008418357,0.4755414620418893,0.24833297298781346,0.2332533709465419,0.13290160508190138,-0.22701424565955242,-0.13314183542848515,0.096799788597295,0.07580228356103738,0.12060318408165087,0.13436083284429298,0.18370414603259583,0.11264538225795935,0.3532106785820919,0.4904879078339116,0.36982775484149943,0.40167543507431697,0.34105365030011636,0.1837535648467502,-0.13593262568336953,0.037283063417379636,-0.3082821127915796,-0.2448407101209045
#18,0.19539581381461768,-0.022085405320072617,0.22203667287833706,-0.023535023868600864,0.4239139014437844,1.0,0.18318113024946206,-0.004489561991440936,-0.13668351710954846,0.15886707368551103,0.009644218856709462,0.6314440932505568,0.5833499778644895,0.29341803168981456,-0.18589641953827726,-0.14994423224097164,0.3387350842693737,0.5648659686259168,-0.28769368571693316,-0.09721298479341905,-0.17247646600569003,-0.2466142964511114,0.018834745544585037,0.18219961769056273,-0.15042606567897676,-0.0761811611362209,-0.10748660715817795,-0.08990860951243536,0.4501154821594649,0.5912720883224029,0.49919934657345727,0.16070655176792376,0.32855892678808596,0.18275008837044893,0.19713096328937119,0.3566576408693593,0.2095570495595205,0.14435990624152759,-0.09973197157045441,-0.13590105255210425,0.1646477021967349,0.42432984312958366,0.09447847707687715,-0.09877242292895702,0.09985002762648985,-0.25135301163058066,-0.005450483377775948,0.048111274696537594,0.07123104325175797,0.018623342839591335,-0.22298249407145823,-0.1324925271202902,-0.08675816011009413,-0.12097107969813341,-0.00829206519165234,-0.09997494740671341,0.18940927357775056,0.05078400889538655,-0.025102698473164556,-0.1834199878512082,0.0964730753259411,0.19160291982826963,0.04151798124144179,0.11684049048173048,-0.027715031899158166,0.03128554122181154,0.4219618582846867,0.11658653268677051,0.12951367082265167,0.1995195393068325,0.16545075792674346,-0.03816024736861974,0.06872166568858597,0.17205777883021547,0.05911794280458634,-0.2550388315195942,0.013789908266326227,0.15121951219512195,0.3099747071763668,0.2526516282469705,0.5724490111089376,0.4991622824628415,,0.1661755672010076,0.1619571223149969,0.17987556068046961,0.331481500547382,0.1638391554873759,0.38862886813756276,0.18463486703250317,-0.027400673331342853,0.20867162913925466,-0.08486651772385179,-0.12266092859324541,-0.09739967809133558,0.1622838355863508,0.20413745294059105,0.10947708717272905,0.1110612347153442,0.018177200767364364,-0.12258817311685147,0.33303819319324474,0.37027801514823927,0.19492633508015114,0.29940045369216883,0.25868896004282965,0.2096078411185125,0.05063849794259868,0.14529474547594778,-0.24133609255045696,-0.11192331847337046
#26,-0.015501721078840168,0.28525980911983034,0.23813347884428612,0.03588149093816814,0.1146399805070233,0.18318113024946206,1.0,0.07318171366601804,0.18025169276597788,0.21828633398195527,0.3778185025412939,0.13237721655393,0.13538490049315857,0.41255718340214215,0.08268522617687131,0.15388400992494516,-0.08915359985174355,0.2641181658756225,-0.16673015611540665,-0.016238885056642883,-0.05806504751413069,0.16531348344298133,0.1341247207322221,-0.14634214978705296,-0.1835421621417565,-0.2925422204834121,0.013538695961041501,-0.13544392852117632,0.1784863429047967,-0.08215122843503657,0.2190948806913143,0.09315789654308532,0.21599110461345222,0.09502345677741286,-0.0474523571744793,-0.05351165288774036,-0.10178697059237371,-0.07807143077762563,-0.1827294971978846,-0.2161517157594539,-0.09454711431875822,0.05127133331274216,0.10652156753733008,0.049341254071046406,0.11166386969906002,0.10905565450757927,0.07111024170604728,0.013485158912374265,0.053022955725547126,0.1763476064477825,-0.07055702553648584,0.0065116151372573245,0.15017622611852965,0.07104984093319194,-0.1737160545940622,-0.05903420536949143,-0.12316884418316534,-0.016564225583159165,-0.08020467625528936,-0.08245872327866377,-0.06393490443979999,-0.1067782708219653,0.10403140840188478,0.30586608187736586,-0.1508571075579899,-0.0598194154166109,0.1923181198886704,0.4318854307158521,0.042831698051045516,-0.009546753973238339,0.3138019197836554,0.04340962362768414,0.269707982854417,0.07838029836609045,0.13861634184091948,0.09881772350859853,0.2086290740492884,-0.16430177049765432,0.2423629056889978,0.1490464571171672,0.17120667703089018,0.11004814902517958,,0.1159838977030547,0.06909093404990614,-0.024549482303603112,0.08607453318095866,0.08731549451416844,-0.08155682992034648,0.10350427438423815,-0.11536204429161219,0.15373987171699494,0.13620580190605622,-0.32952671189860905,0.06103978557725637,0.20484167104229084,-0.17052854108110518,0.00025464416737877804,-0.06231094729689382,0.11235298760754597,0.03133907827047878,0.4107355510026185,0.211636757988517,0.22996152882592566,0.1284031202490159,0.20084423807513718,0.15550659432301372,0.0027269576199350004,-0.2093456468545268,-0.30811463792138977,-0.11485961968104273
#49,0.7261428958738722,0.32333014170158586,0.10778586553277943,0.21423673671097201,-0.1577826052637901,-0.004489561991440936,0.07318171366601804,1.0,-0.00559599433056382,0.5062223091627286,0.44531087522778984,0.009478116731357266,-0.004680373523870317,0.0496542398940241,0.24068952973193725,0.05019647410488457,-0.1641658687587298,-0.08406895297319372,0.15880392742298044,0.19100303033422905,0.2503673808371684,0.28118275695209466,0.31576769039112934,0.1590002299347603,0.13395450037235704,0.12822466342012512,-0.16548233105800877,0.04385302021023587,-0.0005744937145445747,0.18989110701575568,-0.2626424651751794,0.022889833794918785,-0.39586872441117826,-0.03591992779362154,0.016523043238030524,0.17366114480055733,0.05460435777848703,0.1866857478199096,0.1855395058804957,0.27135939489407557,0.18530613925810005,0.31047164080758577,-0.015280709159983115,-0.1409486353200383,-0.08622828060277225,-0.044893560797152926,-0.3125252670846675,-0.2875879843644363,-0.10546043577784871,-0.2159828681444265,-0.3381681406514361,-0.09502345677741286,-0.27832195671049154,-0.0655808255001081,0.1567077460559325,0.17303517315460196,-0.37776496549262667,0.18994601680926054,-0.24094486027173484,0.13960609086884454,-0.18208567986904015,-0.1349689588073593,-0.18473645015048715,-0.07709815468775202,-0.029855141101009997,0.35964747912569883,-0.12409132871404696,-0.09132802767453593,0.23292391218551273,0.010784969816772882,-0.004175203423625625,-0.10612896251377035,0.05211145315336649,0.007034630920391095,0.17589185516169217,0.06779643566802912,0.04957050245892919,-0.26344552090518797,-0.053062765325838146,-0.2210716332574892,-0.023230274514648902,-0.24755050843036924,,-0.0015216876525033717,-0.09454025059457011,-0.19808776644119333,-0.261157155260873,-0.0501154821594649,0.2431234063290401,-0.10991636552076792,-0.11654123210712901,-0.14409633923270426,0.22469293413913455,-0.36527710570478433,0.028297075710309656,0.1893420090807071,-0.1034823104668362,-0.18764255097173174,-0.07981207123172962,-0.2112990627584621,-0.1854955780456918,-0.16287960684587852,-0.11211001177128699,-0.2200105014980078,-0.24830826358073627,-0.3637368859969731,-0.26377360692137947,-0.3399774183474211,-0.2007097090810503,-0.1771094798326624,-0.16210949699197288
#50,-0.013073335461087831,0.11218413999251854,-0.03082018072185787,0.08889826931194597,0.03738876476987649,-0.13668351710954846,0.18025169276597788,-0.00559599433056382,1.0,0.21891779660726113,0.16562372377628376,-0.17273591478000047,-0.1373136069900167,0.05253014032884103,-0.09576748447940368,0.11845621115561092,-0.316537800245035,-0.04621825956545762,-0.12706057579782215,-0.11505592219282261,0.014071320958038622,-0.06093682971443475,0.06945608417671344,-0.32798923768047306,-0.16789287099287203,-0.5257729411401332,-0.07603015920408254,-0.0429456358725681,-0.20147432795560544,-0.3109919111010443,-0.08664284954373394,-0.22548638065527976,-0.03432754378198066,0.13468342788113402,-0.233441436989296,-0.15506457048529962,-0.23448884130040118,-0.210280486088947,0.016030227841324424,-0.2988623377158212,0.049850542405803965,-0.3179942825177513,0.2258364305888732,0.035357102410196746,-0.08125208056639452,0.2486679227281931,0.08203591786867637,0.07128869853493808,-0.13958824518595545,0.042362219316578985,0.03478054957839574,0.22194058073970355,0.02207579610620927,0.1593969531928329,-0.08440939369292384,-0.11395772632272545,-0.05702999790656412,-0.0690250422977003,-0.03448540943830713,-0.013317684042184448,-0.0073517349778816484,0.11102828883924129,0.14647805152597748,0.0632828506419298,-0.09766461784499651,-0.07832127033807273,0.1638638648944531,0.09917189167670486,-0.032113306358897274,0.028515342139491466,0.18916629774149155,0.11662359679738629,0.04982857848840202,0.07444875715114264,0.17022653721682848,0.34292332876895676,0.10236764165868759,-0.05270447892321895,-0.0793110193659978,-0.045126927419548574,-0.12153115959188296,0.04063393356601358,,0.09440160336597034,0.2844059618308298,-0.017796950447343224,0.007520582592909087,0.06849516279037843,-0.19353986279415347,0.3201879287682704,0.035114126573937754,0.20326301447902617,0.24766719174156707,-0.24018847786620542,0.08707663691242232,-0.021323531935192715,-0.4215953354130418,-0.024288660784455036,-0.02625031315741608,0.05340457879040589,0.04034153891560022,0.021057219436694155,-0.10739875148857018,0.004022828746649645,-0.015146180165896214,-0.03498783404887658,-0.05071399890866785,0.06832082419600051,0.08273189950135043,-0.14142085954418007,-0.04841602405048955
#51,0.44426347091668467,0.16095227309385798,0.30659638213098045,0.3014389797760367,-0.144398343096981,0.15886707368551103,0.21828633398195527,0.5062223091627286,0.21891779660726113,1.0,0.4253937203787403,0.03508667167718532,0.09874908626671745,0.23049827205743564,0.07640217305507796,0.08184373359140937,0.13004904130932401,0.10468758043426783,-0.12338573786750953,0.017645948515204866,0.24837140984326686,0.11720838609821303,0.07060644435064022,-0.1272376598818753,-0.037785488027949087,-0.053136893547069707,0.16667250083222657,0.2432030255296221,0.12569744017406403,0.08698191751862643,0.07954438598839345,-0.04320371190204093,-0.06261295116117054,0.018494304824854917,-0.1913517075229849,-0.04635004306986928,-0.12859255903660768,-0.010084869949585946,0.21608856949692334,0.0055712849234866345,0.2631256713580222,0.15056883114208938,0.1409225531681235,-0.07904470686749923,0.04104163878278715,-0.005293990466287103,-0.04712289841345015,-0.06887404036556195,0.02160357188206749,0.046411816587562243,-0.21510156595867352,0.21820122380202273,-0.058342341971330224,0.09160257664206022,0.11276892929334528,0.07770353516114309,-0.37619591814322534,0.14090470748523443,-0.44786280788092814,0.09642365651178673,-0.19729431992504814,-0.22076962939321246,0.0008257060198292992,-0.11331116350420575,0.08151839306489309,0.2527339929372278,0.010138406998253182,0.07012872914714795,0.13461341789441533,-0.1654274212645039,0.13583104256538556,-0.08211004608990792,-0.11052586422867183,-0.10490035588409916,0.11386712516344243,-0.0035670774605593247,-0.005211625776029816,-0.32605641294910204,0.15364240683352381,-0.054009959263796946,-0.06855830905290902,-0.07181857804225995,,0.11925652139594423,0.05087323730983194,-0.1458191340039192,-0.11332900918709482,0.0856421185571079,0.07064213571641838,0.018300747802750296,-0.12580725976107376,-0.10271082786809295,0.24776877485955104,-0.5059024596155628,-0.16488655979848105,-0.06258549626441812,-0.1752974566470021,-0.11598664319272994,0.2961456756821684,-0.16606437486916026,-0.1803738670565262,0.08738413175604952,-0.009464389282981052,-0.06835377007210343,0.08202630865481302,-0.03325954829831118,0.017050177255677156,-0.2536345135507075,-0.26687601025440394,-0.3520356090010879,-0.3951562698404527
#52,0.36304914083332473,0.2312628909319908,0.19430173617903337,0.13125293853191802,-0.09074323837370919,0.009644218856709462,0.3778185025412939,0.44531087522778984,0.16562372377628376,0.4253937203787403,1.0,0.02871850837545944,0.029892205211625777,0.20304612079468198,0.415850398267596,0.2814422057264051,-0.1253281718127439,0.1765150813179723,0.16143822476637598,0.02141276034963811,0.18600486638044936,0.45760929622804036,0.42643288822081976,0.050628888728735326,0.2133348433526547,-0.03793511721524982,-0.11412520119291526,0.09574552056200174,0.1482585015803725,-0.04406167742555433,0.0023316071067000245,-0.08748434212919588,-0.07588190276161942,-0.06755895081112061,-0.14863463366588078,-0.07161403906145436,-0.11243260680812803,-0.04720938133822031,0.27254819192345575,0.04851348893396068,0.13043340986385804,0.08201944493062491,0.11222806782732243,-0.011170711116144509,0.2219309715258402,-0.010250972074938141,-0.3645632783892212,-0.40623706616973304,-0.0418899950924372,0.025918108906711694,-0.30570684347620175,0.010327845785844942,-0.15770435880804565,0.1270399846252578,0.23383541475769337,0.18564932546750543,-0.2632080360482794,0.2027001890956014,-0.330469787602055,0.15504535205757292,-0.19935755541599318,-0.2228012917528922,-0.0993860398713738,-0.07663416693263599,0.09434532082762787,0.2112537621788206,-0.16951957362545345,0.0040008648292477016,0.274857148740335,-0.194839852155381,0.33719486456156245,-0.032534739024047056,0.21887935975180772,0.043905184514065485,0.2335691022591948,0.20256840559118972,0.2774406545247386,-0.1622906993105389,0.1719301135603167,-0.05242718446601942,-0.0426065678976756,-0.07644747363471946,,0.11317251627560598,-0.061100186350111704,-0.29315309193615363,-0.14772313109370014,-0.19472042335450793,0.0367174925442796,0.13216444110409867,-0.0365253082670126,-0.18502198107671242,0.36847148294192944,-0.40713484129353744,-0.1366533167231208,0.3982380820009129,-0.03332955828502988,-0.09956312395542698,0.019191659202366613,-0.1135129569953361,-0.1808927646051471,0.16698411391036663,0.09658426765778844,-0.1557083878141441,0.060656789767559983,-0.033538215500348335,-0.07088648429751498,-0.23615947176778648,-0.445165364275002,-0.2724054264603431,-0.2690051374975548
#53,0.1658172807983884,0.11763942797722617,-0.01306235350238686,-0.04725330917302419,0.6165772666591166,0.6314440932505568,0.13237721655393,0.009478116731357266,-0.17273591478000047,0.03508667167718532,0.02871850837545944,1.0,0.7260852405906921,0.2527339929372278,-0.031830520922347255,-0.2559009152776205,0.04374182787838853,0.37498103896193036,-0.31140510729716836,-0.013535950471366258,0.07853541853274168,-0.12366989604889717,0.1843932639410818,0.26032664463411204,-0.11580818636383916,-0.07924924584830483,-0.1287806250793618,-0.09371248545748438,0.44433897188275384,0.25325700872036155,0.4991224728625505,0.2429957410591413,0.18296698205479311,0.0575790958416127,0.28946589930230243,0.36196055417709094,0.24526077004121666,0.11697090124130452,0.0680517662078267,-0.007707275890825603,0.021712018724239585,0.24936115887119192,0.2586546414218891,0.006600843551702719,0.059030087134978565,-0.2454556998081589,-0.04768709654171257,0.07706520881164912,-0.05197555141444196,-0.04491415196971725,-0.31836904185842196,-0.2942265783991736,-0.3151376005106611,-0.2553875087083501,0.07656827518043015,-0.11686657263364529,0.185034335780251,0.058522171545058635,0.02562022327694784,-0.36471290757652197,-0.23118464447624637,-0.003255464382419257,0.14163638048368665,0.13512133348433528,-0.20365836499226114,0.11945694214223695,0.4681080487461692,0.16433471637375724,0.037985908774241815,0.29859602521732265,-0.04516399153016435,-0.08190962534361519,0.29229649915747785,0.3282253497925439,0.2827600407705217,-0.08814600514092942,0.0030701438293403616,0.016381650519755514,0.36514257671069744,0.13564572201230665,0.7054734768538061,0.5705230501017547,,0.3838215157162125,0.44644201697398994,-0.010414328710615093,0.14720423354507922,0.16724356268467708,0.216220353001335,0.5192524031614314,0.08780419167636168,0.3856005930257699,0.04114322190077114,-0.21751485138321203,-0.09557392745729906,0.0628408268042157,0.037767642345060005,-0.06507702814470104,-0.01815523684996242,-0.11175447085834303,-0.15977171253350356,0.23951308740609567,0.3766146053186999,0.17014554527140882,0.24576319465178612,0.095211522820167,0.06443870179520707,-0.24661704194078665,-0.00698246661656148,-0.21852930981821425,-0.022226798038347626
#54,0.09240014139271828,0.07900901550172108,0.14126985761204172,0.06539413220219159,0.3129878820949459,0.5833499778644895,0.13538490049315857,-0.004680373523870317,-0.1373136069900167,0.09874908626671745,0.029892205211625777,0.7260852405906921,1.0,0.307834597974515,-0.014341751691050047,-0.04962541225243405,0.18170817503869424,0.5184040468517813,-0.2940769492118729,-0.07674261377480808,-0.017995998448798334,-0.05654404623404613,0.17810609258477558,0.29975599460511276,-0.055651762089592195,0.023346957825846726,-0.07209999073397234,0.02358993366210572,0.5762213139227214,0.3725142164887246,0.5390762113615226,0.08289937437154025,0.21487094482595312,0.19700878899882288,0.2481380432208712,0.3007320161846616,0.32099235724311653,0.17368997244214737,0.09251957019359135,-0.025128780625079363,0.22377594058760342,0.15582369838050428,0.12677916310610973,0.006055863851167005,0.0478175073012866,-0.35146866538315025,-0.036959095635700975,-0.04151798124144179,0.1552169451622756,0.013419267160168436,-0.1279103048523098,-0.09072401994598249,-0.05658385583433715,-0.13350835830013008,0.052083998256614056,0.1104407540487393,0.30522775552787185,0.16368403532072467,0.004080484029829745,-0.1623222724418042,-0.07750311441485036,0.046267678379611994,-0.028971093425581785,-0.025075243576412127,-0.05765871504219475,0.07484822589889048,0.5270674395220103,0.23302549530349673,0.20475793360719594,0.29910119531756735,0.010266072268151977,-0.00031916317474698594,0.09841001829182495,0.3517638055232389,0.062493522360297475,-0.022734713628267563,-0.1292652040070422,0.23558703717049834,0.4182046556641168,0.2645505804994732,0.7580235219827927,0.5506264864252695,,0.1504109654857629,0.17090467316661348,0.06985967115897415,0.23775734675877785,0.23534268858940172,0.15606667421676326,0.4063111943909646,-0.05911794280458634,0.31189517720419924,0.05548565996424,-0.10492369254633872,0.00881645371962373,0.056482272716353164,0.18938319142583573,0.007878868995528284,0.10766780947674398,-0.22747274243531798,-0.44092220998191406,0.21763153469440985,0.25362627708168173,0.03316208341484006,0.2742201951356787,0.11392615319146016,0.03921726089358825,0.00705796758263066,0.15631651377721037,-0.2229673938782444,-0.06462951332763645
#58,-0.022108741982312184,-0.0888557142219797,0.06589381132308579,-0.1450915792399798,0.04747020285736838,0.29341803168981456,0.41255718340214215,0.0496542398940241,0.05253014032884103,0.23049827205743564,0.20304612079468198,0.2527339929372278,0.307834597974515,1.0,0.055521351330018155,-0.05664974758654298,0.059904525596543426,0.13655310634997445,0.010132916018902696,-0.22276697313195168,0.030814689742507388,0.06915819854694959,0.06642643632008291,0.07539183285458857,-0.11945831488707458,-0.04473569514082646,-0.2678959596687567,-0.327485440325066,0.27003881436028376,0.07565402711857427,0.308218966529049,0.05382463871071805,0.10063661041844695,0.10975163614025334,0.20828451509504542,0.0228651243878416,0.09084344874685556,0.009221413446722056,0.034630920391095006,-0.07818536859914821,-0.10520510523805111,-0.07116377875471452,-0.0944949500149286,-0.1596083558978266,0.08696544458057498,-0.10913390096332369,0.01593139021301568,-0.033545079224536443,-0.12354223077899838,-0.04111027602466823,-0.14969027444601166,-0.07647081029695903,-0.09794053955735843,0.019101058043083596,0.019860185938288255,0.05221029078167523,0.15260735722595722,0.07954987696774393,0.09423001026126766,0.11575739480484716,-0.16220284364093113,0.0443925089314211,-0.11421442960736065,0.07336154323974646,-0.3091428238047682,-0.06554101589981708,0.39054796542055753,0.33697247989786777,0.18449896529357865,0.1900723093343217,0.215785192887809,-0.03932296224608511,0.1943744916554273,0.12781558545851393,0.3140641140476411,0.1688208465031041,0.3192544622786878,0.012831732369666457,0.2948552955348042,0.0299704516673702,0.17604148434899292,0.04549619578086874,,0.18272126072885886,0.14756938367188652,-0.0815458479616455,-0.006852055856987443,-0.0367106288200915,-0.05664288386235487,0.15999821543171108,-0.13491267626901682,0.08868549386211465,0.03932296224608511,-0.22656261260797497,-0.03564263333642201,0.11815008905682134,-0.1572335073287415,-0.0712777165762371,-0.015725478487372463,0.07734524875852389,-0.03643058887321672,0.33450016644531155,0.0407053162975699,0.2619643292253944,0.08357064659713714,0.12461571724201835,0.15616688458990963,-0.03037129315995566,-0.03868463589659113,-0.26359103185797583,-0.03760291296454543
#101,0.006331785563528915,0.28479307587503905,0.1282548638065528,0.06009259163929757,-0.018685116357284298,-0.18589641953827726,0.08268522617687131,0.24068952973193725,-0.09576748447940368,0.07640217305507796,0.415850398267596,-0.031830520922347255,-0.014341751691050047,0.055521351330018155,1.0,0.5973423659943649,0.06061835291210658,0.08193158926101714,0.4462361052483467,0.3426597617601334,0.37947815104997823,0.6425125348762986,0.4318936671848778,0.22027544125166873,0.36076352067868506,0.26929753214796814,-0.18872701939345268,-0.11963677171596536,0.185034335780251,-0.026813138540840876,-0.07285500039466414,-0.11057665578766383,-0.21754367902480207,-0.04595194706695906,0.15170134563312707,-0.008786253333196058,0.1263851853377124,0.17658920953920387,0.376124535411669,0.3797211268862372,0.09331027122006129,0.1279926695425671,-0.06204326205355764,0.001315775926860155,0.19189119624417011,-0.11000010295586282,-0.3372758565069821,-0.2838294089990288,-0.1670019595932557,-0.2549029297806697,-0.3411332695006984,0.0067024266696867054,-0.1475474197544846,0.0831327409939359,0.3881950807688744,0.4304989584298545,-0.32040894068712744,0.193817157251353,-0.18695755129775865,0.1298939211426728,-0.4697553425513149,-0.21334719805619332,-0.1424270815101566,0.0029507150284672963,-0.07380356707746057,0.18082275461842842,-0.08965876995198825,0.12720059577125953,0.6243099383294382,0.1997501604395529,0.39724833297298784,0.39467031816793474,0.09215030183227117,0.11000284844553807,0.3233726967915521,0.25740818910932883,0.08837662627364982,-0.10401905369834619,0.2471647671309976,0.08557759954973969,0.012259297772378315,-0.15267462172300067,,0.059548984683599475,-0.13712004996791208,-0.5993369642434289,-0.4111624746471188,-0.24065932934550957,-0.028966975191068924,-0.009674419243137134,-0.027584621139584126,-0.23145232971958254,0.0731789681763428,-0.45303531042908574,-0.1764066344758002,0.3961075820129244,0.23417997371193636,-0.17253412128887013,-0.11558854718981973,-0.2780679989155316,-0.28367977981172804,0.0408398452916568,0.016630117335364996,-0.27405958398967695,-0.08940481215702828,-0.13097976230923136,-0.20676763204947374,-0.3229800917679924,-0.3556074910685789,-0.3594854952348595,-0.1745863748211142
#102,-0.08108323295136709,0.12546819178618127,0.3666429868182177,0.27489695834062605,-0.06661587510767468,-0.14994423224097164,0.15388400992494516,0.05019647410488457,0.11845621115561092,0.08184373359140937,0.2814422057264051,-0.2559009152776205,-0.04962541225243405,-0.05664974758654298,0.5973423659943649,1.0,0.17196031394674435,0.20795780182369153,0.23275369182564767,0.29883762830874405,0.07778315436172513,0.6117383411065009,0.30132092372000124,0.24793762247457848,0.29426364250978937,0.27170807208283143,-0.0968121433008336,-0.019069484911818303,-0.016291049360472497,-0.15790477955433838,-0.14017852546613266,-0.2957681708518225,-0.12510853263872446,-0.1638007186319225,-0.1387083157450401,-0.06600912188944599,-0.1811494678897823,0.10105117935940862,-0.010331964020357806,0.03850892455737558,0.061126268502026515,0.021382559963210437,-0.1621040060126224,0.1489627196820723,-0.04936459073328597,0.056878995974425764,-0.13351247653464293,-0.235961796511169,-0.01472474750074643,-0.024160995514556242,-0.19787361824652439,0.2588605531475323,0.03398161208290006,0.33206628984820874,0.0636603554722757,0.2436491676018491,-0.2151139206622121,0.3471568738481813,-0.30780577033292494,0.017795577702505602,-0.03876700058684842,-0.04933164485718306,0.034184778318868035,0.20282510887582494,0.13701709410509047,0.14011400645876446,-0.03202956892380237,0.23433509387858759,0.5338762539166126,0.2205156715982525,0.5773593193931095,0.5118684086798656,0.006902847415979436,0.15764670352486557,0.04259970417348749,0.2030406298153315,0.11362414932718344,0.21150634722894296,0.10795745863748211,0.3336765195427387,-0.00975678393339442,-0.10178422510269847,,-0.09357383822888461,-0.03066506055520665,-0.17420749724593068,0.07602604096956968,-0.11147305816663063,-0.2670832947248848,-0.08097753159887024,0.0877424181586687,-0.13503896879407798,0.1934588708487338,-0.20048595167251798,-0.025769852464248576,0.2143136104218788,0.37906495485385416,0.03677652057229732,0.030667806044881892,0.044691767306022576,-0.27656758880801136,0.013449467546596108,-0.0597617601334308,-0.11728114157460696,-0.049784650653598134,0.023276947839128034,-0.15885609172681006,0.05923599886062179,-0.18977854193907073,-0.2539571085875485,-0.22905826272277074
#201,-0.014815348660029445,-0.25182523585472244,0.37080103093137307,0.11956401623957143,0.02272373166956659,0.3387350842693737,-0.08915359985174355,-0.1641658687587298,-0.316537800245035,0.13004904130932401,-0.1253281718127439,0.04374182787838853,0.18170817503869424,0.059904525596543426,0.06061835291210658,0.17196031394674435,1.0,0.3971591045585424,0.11061646538795485,-0.252798511944596,-0.14160618009725898,0.042581858490598416,-0.15867763489791925,0.2813543500567973,0.310140809301719,0.2475422719613435,0.12643185866219153,0.013310820317996342,0.3674240786308243,0.3059072642224945,0.1964349816566971,-0.0745036669446475,0.21203897222594006,-0.05975626915408031,0.19367988276759088,-0.13658879771575258,0.16619753111840954,-0.011740400223757408,-0.042102770542268526,-0.0808347661357576,0.16316239228242851,0.4136540065274017,-0.3442974463514158,-0.010789088051285747,0.04512143644019809,-0.3379910565673829,-0.04084945450552015,-0.13910092076859984,0.18736937474904508,0.0562859702045733,0.008964710162086846,0.08741295939763956,0.18440150041010753,0.10746189775110077,0.04616197702711514,0.12378795210493261,0.21507685655159633,-0.10476308140033701,0.06786507290991019,0.019317951727427785,0.1409431443406878,0.1272939424202178,-0.10456815163339477,-0.12605435383184563,0.3011726672775381,-0.14082508828465237,0.06331991475254559,-0.10625800052850676,0.23042002560169123,0.050383167402801084,0.2073990946747796,0.2580121968378823,-0.10384746059364351,-0.0021380500845954004,-0.2126814168099469,-0.29417853232985686,-0.05493381653951618,0.34241815866871206,0.119152192788285,0.20662074835184824,0.1857056080058479,0.05643834488154928,,0.04730959171136667,-0.08002759217123619,0.038688754131103995,0.1393933154190132,0.026802156582139903,0.2805197211955235,-0.2752140623981166,-0.1875752864746883,-0.15658145353087133,-0.23115993506916918,0.056984697326922615,-0.08220888371821666,0.1606832151056842,0.5279006956384464,0.2558075686286622,0.24887657994351156,0.04547972284281728,-0.039151369141382425,0.2090903163147292,0.16214244286807578,0.05968076818801113,0.11907806456705344,0.2500736134419175,0.06615188735255863,0.18975383253199354,0.10560457398579895,-0.04563896124398137,-0.015378174043454238
