,#10,#11,#12,#13,#17,#18,#26,#49,#50,#51,#52,#53,#54,#58,#101,#102,#201,#202,#301,#302,#401,#402,#501,#502,#601,#602,#701,#702,#801,#802,#901,#902,#1001,#1002,#1101,#1102,#1201,#1202,#1301,#1302,#1401,#1402,#1501,#1502,#1601,#1602,#1701,#1702,#1801,#1802,#1901,#1902,#2001,#2002,#2101,#2102,#2201,#2202,#2301,#2302,#2401,#2402,#2501,#2502,#2601,#2602,#2701,#2702,#2801,#2802,#2901,#2902,#3001,#3002,#3101,#3102,#3201,#3202,#3301,#3302,#3401,#3402,#3455,#3501,#3502,#3601,#3602,#3701,#3702,#3801,#3802,#3901,#3902,#4001,#4002,#4101,#4102,#4201,#4202,#4301,#4302,#4401,#4402,#4501,#4502,#4601,#4602,#4701,#4702,#4801,#4802
#10,1.0,0.2572722873704043,0.46082151914807457,0.4911330979075937,0.23986451008452675,0.1727880790838301,-0.04183783078860759,0.6957269885066939,0.027820733251655017,0.40744645437167754,0.48689543459385626,0.24377271463723502,-0.252193131471205,-0.13553178419078407,-0.17728656391671557,-0.09151472097245245,0.49714709304121324,0.3637876775559651,-0.19216162697718156,-0.13159337925164816,-0.42476225775343446,-0.1363389581553055,-0.009605782001256061,0.15765356724905366,0.14275516752634812,-0.055988084574809444,0.03092039109500424,0.024840504209178858,0.13982573004286394,-0.016123574490282684,-0.15006915202119517,0.10356192966741824,0.4308023350389688,0.47873995751354725,-0.125770195650458,0.011971021356477811,-0.2107087824782849,0.10684553531900874,0.13764032026137063,0.32919862588241755,-0.11598801593756757,0.026268158840305162,-0.6188766142621325,-0.16607810231753647,-0.34661601238215844,-0.19716116367579886,0.14268653028446704,0.0028134405447051516,-0.07708717272905105,-0.2219117530981135,0.06160810194003164,-0.01259699300243319,0.03703047836725729,-0.15108635594587266,-0.19806854801346663,0.02277177773888334,-0.3021006427877702,-0.4048643213321116,-0.003779852910390649,-0.1791836972823084,0.14149773325508688,0.20535645035639888,-0.0674752133760257,-0.21949572218389976,0.30685994913980374,0.07522298523956113,-0.09831941713254194,-0.39099548023762215,0.14055603029647856,-0.21827397927841669,0.150327228050668,0.06565495372133966,0.04289347156873848,0.17598108357613756,-0.13450634379708085,0.04661086458901736,-0.06647997336875015,-0.27575492386413947,-0.03640450672130191,-0.20198910726971347,0.4073627169365826,-0.18878879291114567,-0.39245058976550085,0.30239852841753406,0.15519498124487366,0.14940611626462402,0.29369944438152695,0.1500114967380151,-0.2125921883955015,-0.24183439892651354,-0.1645433735890757,0.012278516200105016,0.12678465408546022,0.029775521900427954,0.11350060229179751,0.30796089049957615,-0.11709033004217759,0.548213201000731,0.4046982192067594,0.4373132638038073,0.42093916338065873,0.38980531046340433,0.165434284988692,0.605533534440452,0.4900074471407441,0.6263402279442802,0.5089650533482962,0.06285867248710478,0.1766029369875801,0.12419703006654381,0.06845398044524979
#11,0.2572722873704043,1.0,0.39795529656436285,0.2888893464705014,0.060261439254325005,0.08473610696427775,0.08212377353828414,0.16251994769842168,0.12423272143232196,0.18118241376588523,0.3205475879157272,-0.061895005611094525,-0.21552848960317378,0.07322152326630907,-0.15473236623459524,-0.24000041182345128,0.18853208962651044,0.27062223091627285,-0.18338978746478052,-0.37946305085676435,-0.33345825311355687,-0.4383345859629977,-0.030459148829563434,0.03220665300785553,-0.005311836149176181,-0.13021514343467622,0.019087330594707384,-0.15902493934183748,-0.13382683510245824,-0.07722856544732606,0.011358777158898646,0.013982092543593228,0.05424469863103021,0.0416525102355287,-0.28324873793271493,-0.19526814854471888,-0.13432651422335246,-0.07524494915696307,-0.05365716384052823,-0.21874894899223368,-0.0627131615343169,-0.28777055942783997,-0.09038083373657713,-0.2868988664559503,0.21935570221046238,-0.15890276505128917,-0.0023357253412128885,-0.13098525328858185,0.03585266329657809,-0.062022670880993315,0.06964964119881807,-0.03934767165316229,0.0340612312834821,-0.058885948927028316,-0.09525133242045801,-0.3086527538977374,0.10089880468243265,-0.2154708343199937,0.4079735883893242,0.277337698661917,0.17870872756849138,0.16864788065356381,-0.1660877115313998,0.062371348069749165,0.18082412736326603,-0.08997175577496594,-0.12879572527257566,0.11772728364683394,0.06035615864812088,0.06777309900578955,0.23189847179180953,0.15624650379049168,-0.19608630446794126,-0.012916842549598987,-0.2010940776355843,-0.20640248192266641,0.04335745932385453,0.13807548037489661,-0.015464656968224388,0.07331212442559208,0.05650149114407987,-0.0401548456176837,-0.2767474183817398,-0.1172770233400941,-0.11971089993719693,0.2732222096387279,0.24499857577723097,0.1214831135225662,-0.17670314736072645,-0.04377340100965383,0.06203365283969429,0.19407523328082585,0.12411878361079938,0.29295678942437375,0.20330007858964194,0.180541341926716,0.03672023803395484,0.29541400268371615,0.20706277218956234,0.07676457769221001,0.296056447267723,0.2541575293338412,0.18735564730066886,0.24198128262413904,0.14385748163095813,0.12942856064271913,0.192319492633508,0.08415269040828863,0.12960152649225942,0.19046491435788143,0.3269281059209917
#12,0.46082151914807457,0.39795529656436285,1.0,0.7572959672188533,-0.04101418388603472,0.3752075418601379,0.08083888437027047,0.15362593389547236,0.20385329475920339,0.34778696372864953,0.3307388455902288,-0.1345790992734748,-0.434043385600593,0.08272503577716234,-0.31565512531444434,-0.13445967047260174,0.2380181682779259,0.8058142607597456,-0.09817802441426694,-0.10184599862039144,-0.22039212456286655,-0.1451409980541342,-0.02813921005398319,0.10322423443736337,0.07682909669957823,-0.033044027358804615,-0.07416734445943024,-0.012392454021627594,-0.09916914618702961,-0.08784537402149033,0.1425423920765168,-0.20409215236094952,0.20195616139361056,0.12490399365791885,-0.11834364607892596,-0.22376907686341532,-0.06732695693356258,-0.17790704458332046,0.04383242903767155,-0.04502946253607745,0.08493103673121999,-0.17840809644905228,-0.02526742785367913,-0.34560567218166904,-0.02115880255467814,-0.2720773404441516,-0.0531876851060617,-0.13009571463380315,-0.16078479822366817,-0.20235013916200792,-0.04744686619512881,0.020008442380751373,0.0846811971707729,0.029804349542018004,0.03903605857502222,-0.06043440510386531,-0.03040012080154571,-0.30427095237604973,0.2092248453088161,0.026025183004046167,0.23780127459358172,0.22875763160333165,-0.17510664511457272,-0.007278979501487712,0.2772882798477626,0.30410759574037277,-0.06611756873161809,0.08527010470611249,0.15400206598098062,0.20556648031655497,0.5755514144419621,0.3686801401572479,-0.04534793933840563,0.2421007114250121,-0.1905637519861902,-0.05629969765294952,-0.09090522226454852,-0.014760438866524587,-0.2732716284528823,-0.039541228675266916,0.1261367185221029,0.10549749988846448,-0.10843517384097437,0.016678163404681746,-0.16252406593293456,0.2320261370617083,0.28062679529285794,0.34378266703730775,-0.13569514082646103,0.1031679518990209,-0.17742795663499059,0.1652997559946051,0.022710004221190374,0.20129587112671465,-0.08022526742785369,0.24650173137442646,0.15035468294742044,0.5533513849279481,0.6547121182482403,0.1552032177138994,0.4302999104283993,0.34776362706640995,0.357021418251329,0.5191165014225069,0.46385665798405556,0.227461760476617,0.26124912916499365,0.16785992511676912,0.18570286251617266,-0.11579583166030057,0.008544650241774684
#13,0.4911330979075937,0.2888893464705014,0.7572959672188533,1.0,0.020906217504555798,0.33532244060304683,0.18614625909872437,0.20868261109795563,0.3530610493947911,0.6263965104826228,0.3884572750328601,-0.0258096620645396,-0.27313160847944484,0.013966992350379393,-0.1405766214690429,0.02893677480464125,0.43289851640601673,0.6218019335111038,-0.129867838990758,-0.015658213990329014,-0.18649630903231784,-0.014245659552416546,0.18274597013593605,0.16491813292974636,0.18871878292442695,0.016860738468085397,-0.02737047294491518,0.08525363176806103,0.04323116679879336,0.0350468620768943,0.13816059055482915,-0.08142641916077244,0.24599244303966888,0.27325790100450603,-0.031531262547745784,-0.025854962644181106,-0.11468116285215195,-0.03684103957966553,0.0514593993554963,0.06731734771969923,0.07243905870886484,0.0003081812160460144,-0.09703040973001541,-0.10072034785354185,-0.22662713161534317,-0.233503210506989,0.08127267173895884,-0.12630556613713034,-0.304353317066307,-0.33697797087721826,-0.11169956106483817,-0.06877794822692845,-0.04857663519649127,-0.07095786702907131,-0.009019619955591704,0.06833729713405197,-0.16548644929252163,-0.30299704516673703,0.07898979707399438,-0.13313771719397227,0.11182448084506172,0.21109040554314365,-0.07054604357778486,0.04913534234540319,0.44101967486538524,0.4344304996448023,-0.005288499486936617,-0.01802894432490125,0.16388308332217977,0.13257351906570986,0.4174290548308607,0.25208880286354574,-0.002621256267438149,0.16013686266031085,-0.17399334905126174,-0.06067600819528668,-0.32306520194792493,-0.1324293808577596,-0.09600634208114982,0.08093223101922872,0.22153150277809236,0.16795327176572736,-0.10973104496768901,0.11773552011585967,-0.05524405687281862,0.07068057257187177,0.16955389224639397,0.29500629746694257,-0.11000147570070044,0.042572249276735065,-0.11895314478682989,0.03347781472749299,0.07070253648927372,0.1292734404760679,-0.0036151235298760753,0.22933281169029504,0.13373211570866236,0.6061924519625104,0.6780872173432583,0.35411669017492203,0.48045177032606123,0.2712509480519035,0.442351237357878,0.5356251308397423,0.4816158579483642,0.38892263553281375,0.3686197393843926,-0.008850772340564268,0.01451609028542797,-0.13350561281045484,-0.0012265475124147612
#17,0.23986451008452675,0.060261439254325005,-0.04101418388603472,0.020906217504555798,1.0,0.13085758801868305,-0.02385624616060428,0.18534320336871582,-0.1392656501491144,0.36369570365184445,0.2083970801717304,0.35673039634575326,0.11043800855906406,-0.07937004739401551,0.019032420801202526,-0.2747473291533253,0.40872859805001593,-0.20369817459255218,-0.2882221924794174,-0.14511217041254415,-0.06519371145589886,-0.24489012893505888,0.30508087183024635,-0.35381194082097006,0.14087999807815724,-0.43636332437617326,0.11913571985023354,0.09131841846067258,0.18048780487804877,-0.02272373166956659,0.10803570509322653,0.5565032070751269,0.05654541897888375,0.0433684412825555,0.07158932965437717,0.1057610668972878,0.1421278231355551,0.07371845689752803,-0.025017588293232026,-0.03123749515249479,-0.07881957671412931,-0.03993246095398902,-0.19100440307906666,0.2180378671663458,0.02480618558823832,0.2478882036604241,0.25440050517010027,0.16132016871034055,0.26261089204391413,0.2092893643161843,0.08713429219560241,0.017298644071286638,0.056830949905109014,0.05083617319921616,0.06123746083387385,-0.035744216454405994,-0.20090738433766778,-0.2989707845579933,-0.16279586941078358,0.191844522919691,-0.005764841945591259,-0.0026747933161053858,-0.15692326699543904,-0.13756481929530143,0.07395731449927416,0.03273653251517741,-0.02704650516323652,-0.04566778888557142,-0.19275053451252114,-0.24450850587020012,-0.3250694094108522,-0.20806075768651314,-0.134056083490341,0.0008449244475559994,-0.130302999104284,-0.0547883055867283,-0.0959102499425163,-0.26501182276491403,0.4787948673070521,-0.2109201851832786,0.07434580128832104,0.1416006891179085,-0.1007176023638666,0.4033282198588132,0.6750259963553624,0.013220219158713326,0.17253549403370774,0.08554053543912392,0.041004574672171376,-0.06261569665084578,0.4578371718710855,-0.028080182025965468,0.35822256998424773,-0.3011726672775381,0.21474053406637908,0.2839598197586028,-0.3569514082646103,0.0996674525630862,-0.07701716274233236,0.12443726041312755,0.17300909100268716,0.2513379114373668,0.18021325591052448,0.014866140219021438,0.1204137452940591,0.08798951222944057,0.11775473854358637,0.06363564606519852,-0.0898097718841266,-0.1574256916060085,-0.18421068887767814
#18,0.1727880790838301,0.08473610696427775,0.3752075418601379,0.33532244060304683,0.13085758801868305,1.0,0.14935532470563204,0.12577843211948372,0.17357878011030003,0.27379601698085365,0.10566222926897906,0.4231547735485797,0.1949675174252798,0.18884507544948814,-0.3000195616139361,-0.1741594511766139,0.013526341257502909,0.24268138249132598,-0.21984851760716848,-0.1409033347403968,-0.10798628627907216,-0.23353066540374143,-0.12266230133808304,0.10804531430708988,-0.09834138104994389,-0.10406298153315008,-0.09178926993997673,-0.1250028312862276,-0.10413985524405688,0.10555378242680696,0.009110221114874719,-0.05250543092176384,0.028788518362178134,-0.02352129642022465,0.062080326164173416,0.0832480515602961,0.01822250134700587,-0.07929042819343347,-0.11709033004217759,-0.06581007388799089,0.21605013264146994,0.014321160518485726,0.08940755764670352,-0.025557077014417253,0.1120468655087564,-0.05990178010686818,-0.003175845181837213,-0.1201254688781586,-0.05893811323085793,-0.07603427743859541,-0.061658893499023634,-0.11555834680339205,-0.1095251332420458,-0.17364055362799302,-0.03989951507788611,-0.19343553418649426,-0.02420766883903537,-0.17468109421491007,0.05888320343735307,-0.058173494356302785,0.04385576569991111,0.049600702845356864,0.021581607964665548,0.18537065826546825,0.15136090491339696,0.17113529429933388,0.09775247351460428,0.2075926516968842,-0.12249482646789321,0.06803392052493763,0.17919879747552225,0.123978763637362,-0.0006527401702889971,0.002357689258614832,0.02483226774015313,0.006518478861445432,-0.12900438248789411,-0.09880811429473518,-0.029586083112836194,0.06804078424912573,0.39798000597144007,0.2520558569874428,-0.00020934358773727036,0.39988400306122096,0.22747823341466847,0.08538541527247269,0.024066276120760365,0.2779073877695299,0.09785817486710115,0.2407307120770659,0.03647863494253347,0.10327228050668012,0.16074910685789,0.053394969576542536,-0.006217847742006335,-0.06974710608228919,-0.06273787094139409,0.10715303016263594,0.1158246593018906,-0.07773785378208362,0.06500015443379423,0.2272627124751619,-0.01575156063928727,0.1810849488824141,0.13586398844148848,-0.06886168566202336,0.05150881816965067,0.03135829669820548,0.08437782056165855,-0.10997813903846088,0.022361327032434528
#26,-0.04183783078860759,0.08212377353828414,0.08083888437027047,0.18614625909872437,-0.02385624616060428,0.14935532470563204,1.0,-0.0072776067566500905,0.13021239794500097,0.16381307333546108,0.09544351669772502,-0.2927344047606791,0.08027331349717043,0.36377806834210175,0.2647990473150827,0.1751505729493766,-0.09832765360156767,0.04893903983362333,0.28054443060260065,0.153525723522326,0.13726967915521282,0.018092090587431834,0.1387138067243906,0.16959370184668499,-0.24942430513372252,0.08835328961141026,-0.36593053224749217,-0.36240806899415556,0.3192009252300206,0.47637609090316313,0.09146392941346045,0.24861850391403872,0.05948995665558175,0.1727496422283767,0.23818701589295335,0.29462055616757094,0.31447593749892755,0.3490718528966632,0.05331535037596049,0.2581357438732682,0.19467924100937928,0.3714297480670037,0.18484764248233448,0.15684090230518177,-0.16011215325323366,-0.00908276621812229,-0.19495790821141643,-0.32747857660087787,-0.21946277630779684,-0.34123759810835763,-0.33889157718086255,-0.3543267201350781,-0.3588663873130922,-0.2590568556593122,-0.020855425945563805,0.13284257705388366,0.0008874795375222642,-0.041900977051138176,-0.13492777646223064,-0.20912600768050738,-0.22761138966391775,-0.35666175910387216,0.23869767697254854,0.24013768630721344,0.011910620583622468,0.1516821272054004,0.45213616256044364,0.341671385477046,0.3145775206169115,0.2320124096133321,0.16377463648000767,0.2633206011249644,0.2548466472423272,0.131456104767886,0.19120619657019702,-0.17569280716023708,0.019869795152151606,-0.10873168672590061,0.05215538098817037,0.5153194892016459,-0.14471544715447154,0.2165992305765185,0.034183405574030414,-0.02963824741666581,0.1683582314928257,-0.16669858298414136,-0.20395350513234975,-0.19191865114092255,0.0944180763040218,0.10100862426944236,-0.17716438962616726,-0.22665870474660846,-0.2364546119078751,-0.021863020656377945,-0.16826625758870506,-0.04073002570464709,0.37481905507109103,-0.1264757864969954,0.03285870680572572,-0.1634369412499528,0.010141152487928426,-0.06483954328779253,-0.03690418584219612,-0.045273811117174066,-0.031115320861946485,-0.09863240295551963,-0.07674673200932093,-0.26528499898760066,-0.23236245954692555,-0.048177166448743425,-0.0717252313933017
#49,0.6957269885066939,0.16251994769842168,0.15362593389547236,0.20868261109795563,0.18534320336871582,0.12577843211948372,-0.0072776067566500905,1.0,0.09293002090004016,0.3106061698016727,0.45091853788947345,0.3721312206790282,-0.1243823506196227,0.013902473343011184,-0.0986173027623058,-0.1059532511745548,0.4281886288681376,0.12581137799558662,-0.29975324911543755,-0.2408542591124518,-0.4123622536351999,-0.2200420746292731,0.12047963704626494,0.1224879627437051,0.16913245958124418,-0.08780007344184881,0.05102973022132078,-0.0448468874726738,0.04163191906296437,-0.09186202541637067,-0.22189390741522444,0.07776668142367367,0.283114208938628,0.37909103700576896,-0.2895331637993459,0.009101984645848991,-0.35558140891666407,0.022226798038347626,-0.17681983067192428,0.17396452140967167,-0.10428399345200712,-0.028896965204350228,-0.5840487049868388,-0.15775103213252478,-0.2681732541259562,-0.19009427325172365,0.09637423769763236,0.13795605157402355,-0.019935686904357434,-0.11463586227251044,0.14804847162021642,0.0001256061526423622,0.05028295702965472,-0.1629180437013319,-0.3240412235274738,-0.2759429899068936,-0.3269363423900174,-0.4389042750706106,0.09215716555645928,-0.13848181284683256,0.2227834460700031,0.27480223894683015,0.05180258556490166,-0.05994021696232159,0.24966041724579338,-0.12310707066547238,-0.050807345557626116,-0.5011568807119055,-0.038447151039682624,-0.3219519058846139,0.004871185056299698,-0.08537717880344696,0.19268876099482818,0.21315913201343917,-0.026290122757707104,0.05766283327670761,0.04520380113045537,-0.20059439851469008,0.14309560824607823,-0.2747541928775134,0.5273378702550217,-0.16942348148681993,-0.5560968746031909,0.3175769680871144,0.2163040904364299,0.2587122967050692,0.2979769172955554,0.2135201639057336,-0.16853668832171648,-0.2591158836873299,-0.0774989961803375,-0.03361508921125513,0.14696812143300833,-0.048532707361687376,0.1986176459485152,0.3723453688736972,-0.25868209631864153,0.3046402207373699,0.09346264589703727,0.32863168226447986,0.38744968032204596,0.39378627049250653,0.04066825218695412,0.605533534440452,0.4055493210060847,0.567146097801206,0.5339599913517076,0.19976114239825388,0.2126621983822202,0.20756382405529417,0.1010882434700244
#50,0.027820733251655017,0.12423272143232196,0.20385329475920339,0.3530610493947911,-0.1392656501491144,0.17357878011030003,0.13021239794500097,0.09293002090004016,1.0,0.294801758486137,0.2715145150607268,-0.10825808975692121,-0.1936702735537275,0.25227686890629986,-0.1307958145009901,0.0654202143541064,0.06437143729816361,0.27676389131979123,-0.08558858150844066,0.10872207751203726,-0.16673152886024428,-0.04283581628555838,0.12249482646789321,0.23805111415402883,0.28026576340056353,0.21380569483195888,-0.12081321404180695,-0.1831207294766067,-0.11264950049247222,-0.08580410244794723,-0.1397516018216324,-0.2818114740877253,0.014053475275149543,-0.014292332876895675,-0.27092835301506246,-0.06454165765802868,-0.22452683201378235,-0.08197688984065864,-0.3602391321507137,-0.05508207298197929,0.000840806213043135,0.009122575818413314,-0.027106905936091864,-0.07226609285932455,-0.17365565382120685,-0.04868233654898812,-0.07533966855075895,-0.15066355053588526,-0.08049157992635224,-0.1768088487132233,-0.02701081379745836,0.03173991976306424,-0.05630793412197524,-0.01594099942687903,-0.15423955083788912,-0.011507033601361762,-0.050344730547347685,-0.08485416302031319,0.1450723608122531,-0.053449879370047394,0.08313548648361115,0.27891772797001924,0.05788109970588942,0.11080041319619613,0.031057665578766384,0.1236204772347428,0.2274425420488903,0.010760260409695696,0.19094537505104894,0.219600050791559,0.3244859928548631,0.16357284298887734,0.00014207909069381957,0.09159845840754735,-0.009178858356755791,0.07693891628658794,-0.07970911536890801,0.07820458702687491,-0.08941167588121639,0.07684145140311682,0.07951967658131626,0.03217507987659024,-0.17281004300123204,-0.0086544698287844,-0.1497245930669522,0.14171874517394392,0.19878786630838027,0.09341734531739576,0.1202723525757841,0.01882925456523455,-0.10864383105629283,0.058369796868082656,-0.08564623679162077,0.11987425657287387,0.12553133804871186,0.11560227463819595,0.06384018504600411,0.15158603506676688,0.15412835850604178,0.2337585410467866,0.35827061605356453,0.03184150288104823,0.2363145919344377,0.14531670939334973,0.021075065119583236,0.1192798580581838,0.012484427925748231,0.10958141578038828,0.036188985781795344,0.046285524062501075,0.09628912751769983
#51,0.40744645437167754,0.18118241376588523,0.34778696372864953,0.6263965104826228,0.36369570365184445,0.27379601698085365,0.16381307333546108,0.3106061698016727,0.294801758486137,1.0,0.6310652156753733,0.10456815163339477,0.018735907916276294,0.01335749364247547,-0.025139762583780333,0.0010535816628744591,0.7062586869009255,0.20912738042534498,-0.36733347747154127,-0.19345200712454572,-0.3264751001245766,-0.12548191923455748,0.4224409462330166,-0.10104568838005813,0.17628446018525193,-0.3055640780130891,0.23024843249698854,0.29275774142291866,0.15217356985726885,-0.024184332176795807,0.18654435510163458,0.32990284398411734,0.20311063980205019,0.2686688150123375,-0.13543294656247534,-0.02734164530332513,-0.118038896724974,-0.05367089128890445,-0.06821512284350366,0.07302933898904207,0.1179043677308871,0.08781105540054979,-0.19301410152134446,0.10437871284580301,-0.23963800718631922,-0.12301235127167649,0.3293290366419916,0.15410502184380223,0.04495396157000827,0.01591217178528898,0.23754045307443367,0.1341823760154022,0.21367116583787196,0.06233016572462052,0.012032794874170777,-0.04095103762350414,-0.30783185248483974,-0.5012062995260599,-0.008668197277160615,0.02734164530332513,0.09090796775422376,0.11343882877410454,-0.19754553223033286,-0.1480855357308322,0.5323593708710409,0.2033728340660359,-0.1143324856633961,-0.1877235429171514,-0.1332681279535463,-0.28177166448743424,-0.019138122153699377,-0.25776647551194803,-0.13773778514484175,0.10019595932557046,-0.3324602676166061,-0.28270650372185446,-0.4566950481661845,-0.3430413848249922,0.2852268632437274,-0.08642595585938975,0.21714695576672946,0.1561504116518582,-0.15030251864359082,0.13722575132040893,0.23892280712591846,-0.006357867715443722,0.1789475851702375,0.325146283121759,0.14302971649387242,-0.2247409802084513,0.1958268556936308,-0.07428265502579044,0.20714239139014437,-0.09619303537906633,0.10684004433965825,0.5755720056145264,-0.17198365060898393,0.5721977988036528,0.4438269380583211,0.46059776173954226,0.4958018031003442,0.5030649960361993,0.3642297013936792,0.4465641912645382,0.41909831255340835,0.4227045132418399,0.43918156952781007,-0.023260474901076574,-0.030331483559664637,-0.09811487815173635,-0.04465333045056918
#52,0.48689543459385626,0.3205475879157272,0.3307388455902288,0.3884572750328601,0.2083970801717304,0.10566222926897906,0.09544351669772502,0.45091853788947345,0.2715145150607268,0.6310652156753733,1.0,0.024048430437871283,-0.09336655375840378,0.2441557104469314,-0.008657215318459643,-0.013140599958131282,0.5242437033910229,0.24059892857265425,-0.23683760771757148,-0.13493875842093161,-0.34032197730166414,-0.13731086150034147,0.19756063242354668,-0.08280465497774438,0.0984951284717575,-0.10011771286982604,0.18306444693826424,0.11126577369614979,0.0514017440723162,-0.10687299021576117,0.015611540665849884,0.17779859774114837,0.2789849924670627,0.3107475625199477,-0.300215864125716,-0.1230192149958646,-0.0778133547481528,0.003450394149361502,-0.15249204665959704,0.1368070641449344,-0.10795745863748211,-0.03152165333388243,-0.2691053478707012,-0.046728920645052796,-0.18811752068554877,-0.10951003304883196,0.2973056450699585,0.1111834090058925,0.11307642413697248,0.04232240971628796,0.16459965612741817,0.06522116635265128,0.18830833221797816,0.04433210815856575,-0.04483178727945996,-0.08421171843630636,-0.30345416919766494,-0.4713998908667854,0.05220342705748712,0.0868775889109672,0.12219556809329174,0.22169623215860693,-0.18796240051889754,-0.17385607456749957,0.3855264648045383,0.14447384406305017,-0.13250213633415356,-0.07999327355029566,0.031840130136210607,-0.16802190900760844,0.06034517668941991,-0.12766458352637558,-0.1420042761001692,0.12375912446334257,-0.3118443856452072,-0.24997614855844633,-0.3237049010422565,-0.20182300514436127,0.09360952959466277,-0.14872798031483903,0.15609962009286618,-0.13132843949798723,-0.21112746965375942,0.009844639603002192,-0.04424150699928274,0.1440208382666351,0.25919550288791193,0.11375456008675747,-0.16015470834319995,-0.3274360215109116,-0.05986883423076527,-0.12276388445606702,-0.005790924097506066,-0.07042798752174943,0.06054147920119978,0.574996825527563,-0.003042688932587933,0.46037949531036043,0.3293262911523163,0.2736559970074163,0.4252537004053029,0.47625666210229006,0.20456574932992894,0.3936888056090354,0.2881494370030235,0.3773654967448788,0.34122661614965666,0.021198612154969165,0.1521323875121402,-0.011589398291619049,0.10466424377202826
#53,0.24377271463723502,-0.061895005611094525,-0.1345790992734748,-0.0258096620645396,0.35673039634575326,0.4231547735485797,-0.2927344047606791,0.3721312206790282,-0.10825808975692121,0.10456815163339477,0.024048430437871283,1.0,0.21494370030234705,-0.08596471359394894,-0.23958996111700248,-0.30406641339524415,0.2230250491614245,-0.15667754566950481,-0.5108745414174277,-0.34689742507387084,-0.24858281254826056,-0.3962860388418152,-0.14807729926180646,-0.13875773455919446,0.03739700123890222,-0.3528551376691479,0.01629242210531012,-0.13194342918524163,-0.13928349583200347,-0.17207699725794218,-0.33232299313284397,0.031646573114105986,-0.12066083936483096,-0.016857992978410157,-0.09844159142309025,-0.022641366979309303,-0.16873985455768445,-0.040786308242989566,0.0037729891862025417,-0.10957729754587542,-0.04169369258065734,-0.10891151629962902,-0.1758616547752645,0.045459131670252964,0.17468795793909817,0.03320738399448157,0.014651992024352493,0.04944420993386802,0.084445085058702,0.13025632577980487,0.08176411439082731,-0.050417486023741624,-0.010362164406785477,-0.10484956432510716,-0.10526962424541932,-0.35647506580595567,-0.0003109267057212573,-0.1204453184253244,0.05994982617618494,0.07017814796130233,0.17741148369693913,0.2730643439824014,0.0216680908894357,0.06180989543116199,-0.01143839635948069,-0.0910768153692512,-0.0581680033769523,-0.19050197846849723,-0.3738636246641065,-0.4106065129878821,-0.2665849883488282,-0.29020031779042993,0.13162907061742632,-0.0624633219738698,0.14588502575612503,0.25329956381032787,0.11784533970286938,0.05583845538750871,0.15199374028354046,-0.3684303005968008,0.6597679374852001,0.06975534255131492,-0.1731600929348255,0.7073843376677752,0.4452216468133445,0.1548147309248525,0.13035104517360074,0.28085329819106547,0.03029304670421124,0.1540720759676993,0.29051193086856997,0.19172646686365555,0.39904800145510955,-0.06658979295575987,0.1540267753880578,-0.01860000617735177,-0.4587582836571295,0.09431786593087543,-0.17764759580901002,0.07780923651363994,0.0282421659168048,0.20994965458308024,-0.24768778291413138,0.2457096576031189,0.13357974103168638,0.08192747102650427,0.24232995981289487,0.23311746920761736,0.21343779921547631,0.03388689268910418,0.10191326311743489
#54,-0.252193131471205,-0.21552848960317378,-0.434043385600593,-0.27313160847944484,0.11043800855906406,0.1949675174252798,0.08027331349717043,-0.1243823506196227,-0.1936702735537275,0.018735907916276294,-0.09336655375840378,0.21494370030234705,1.0,0.28275866802568406,0.29720543469681215,0.11037760778620873,-0.031934849530006484,-0.4493055627052682,0.11917827494019981,0.05537995861174315,0.14955299996224952,0.02604851966628573,-0.03576480762697032,-0.133530322217532,-0.31496051642660794,-0.1568107019187541,0.07955811343676966,0.04188724960276196,0.3185639716253642,0.22732174050317963,0.09251133372456562,0.23362813028721255,-0.17109136646453,-0.18206097046196296,0.24893698071636688,0.1922604646054903,0.24274315600901894,0.0476953330107383,0.05725512805993404,0.004440143177286564,0.2334386914996208,0.1223465700254301,0.18148167214048672,0.44059137847604735,0.08880629540782534,0.25581443235285034,0.21827260653357905,0.17930312608318147,0.10051306338306101,0.18216941730413505,0.09152982116566628,0.08067003675524302,0.017268443684858966,0.04047332242001187,0.129483470436224,0.009902294886182293,-0.13954980833050204,-0.060107691832511405,-0.35474128907603975,-0.06564397176263868,-0.24997614855844633,-0.43245649256830265,0.2032767419274024,-0.10052953632111247,0.07918609958577424,-0.1540144206845192,0.18022835610373833,-0.029616283499263867,-0.21028323157862225,-0.2844883265210871,-0.24520860573738704,-0.2926794949671742,0.13861908733059472,-0.1820197881168343,0.154000693236143,-0.2384190097705114,-0.33891491384310213,-0.2999921067171837,0.4707121457031371,0.13891010923617045,-0.10450363262602655,0.23604141571175105,0.25699362016836713,0.020950145339359683,0.2431439975016044,-0.26958580856386866,-0.41985881319345064,-0.2518938730966035,0.14855775995497397,0.12416682968011614,0.24993222072364243,-0.2298819096253436,0.056517964082131326,-0.3768836633068737,-0.27107111847817505,-0.024740293836032493,-0.17029105622419669,-0.2689667006421014,-0.36861013017052924,-0.043030746052500624,-0.17987830617014486,-0.021798501649009736,-0.35331775267942633,-0.3798927199909399,-0.3861785186024085,-0.23385463318542007,-0.2174626870793824,-0.24437672236578845,-0.13026318950399296,-0.18660612861932757,-0.23865786737225753
#58,-0.13553178419078407,0.07322152326630907,0.08272503577716234,0.013966992350379393,-0.07937004739401551,0.18884507544948814,0.36377806834210175,0.013902473343011184,0.25227686890629986,0.01335749364247547,0.2441557104469314,-0.08596471359394894,0.28275866802568406,1.0,0.12210496693400873,0.21067171836766913,-0.1687302453438211,0.09092855892678808,0.09200204538980805,0.04534793933840563,0.04030310206014682,0.18992130740218335,-0.09056615428965603,0.15991035976210333,-0.26203022097760026,0.2275111792907714,-0.21528139553240191,-0.1917621582294337,0.08403737984192843,0.13575279610964114,0.008913918603094853,-0.08757631603331652,-0.09689725348076612,-0.04837209621568567,-0.10219055757463442,0.1294395426014201,0.17353485227549617,0.13959648165498117,-0.34842940831265634,0.09196223578951704,0.12161901526149073,-0.006733999800951998,0.2513557571202559,0.05991001657589391,0.030250491614244972,0.11582328655705298,-0.11336195506319774,-0.14582599772810728,-0.12496027619626134,-0.059824906395961386,-0.07844756286313391,-0.051912405151911374,-0.0913650917851517,-0.04800420059920312,-0.04873999183216822,-0.12930775909700845,-0.10862049439405327,-0.07336840696393457,-0.042506357524529234,-0.01699252197249706,-0.008907054878906745,-0.0653186312361224,0.23347438286539893,0.2676145469770443,-0.007810231753647211,-0.13725046072748612,0.4268529481411319,0.23672229715121126,0.1488474091157121,0.17498721631369965,0.2981951837247372,0.1404050283643402,0.20669350382824217,-0.03894408467090158,0.050410622299553516,-0.1555615041165186,-0.15139659627917512,-0.0003452453266617934,0.140391300915964,0.4016919080123684,-0.18901666855419083,0.09309063204604186,0.07589151197548277,-0.07455308575880187,-0.11786181264092084,0.0506659528393511,-0.1370816131124587,-0.2185499009907786,0.08473885245395299,0.011165220136794022,-0.14992638655808255,-0.14167481733914006,-0.22897452528767584,-0.054782814607377814,-0.2836454611907875,0.01695545786188128,0.23096500530222694,-0.22070648313068186,-0.0472025176140322,-0.2202026857752748,-0.0020529399046628712,-0.035542422963275644,-0.062017179901642835,-0.1578855611266117,-0.236193790388727,-0.1724037105292961,-0.19402444172183386,0.017096850580156288,0.12913067501295528,-0.16891144766238714,-0.12650873237309831
#101,-0.17728656391671557,-0.15473236623459524,-0.31565512531444434,-0.1405766214690429,0.019032420801202526,-0.3000195616139361,0.2647990473150827,-0.0986173027623058,-0.1307958145009901,-0.025139762583780333,-0.008657215318459643,-0.23958996111700248,0.29720543469681215,0.12210496693400873,1.0,0.6954455758149815,-0.0753163318885194,-0.274958731858319,0.5247639736844815,0.42996907892253255,0.2706387038543243,0.46198011579102705,0.14909313044164632,0.05705196182396607,-0.23465768891542862,0.15755061138623205,-0.2597061639675071,0.1264236221931658,0.42912209535772017,0.4718336782354738,0.17634486095810725,0.3412883896673496,0.225003174472437,0.35619228036940564,0.31729143716088914,0.37396795327176574,0.44894041257846096,0.5790079859430929,0.04378987394770528,0.4124446183254572,0.042418501854921464,0.5073259960121762,0.05592356556744124,0.5780031367219539,-0.37079965818653543,-0.15187842971718024,0.06587459289535909,0.17793861771458575,-0.3945344164290102,-0.37699485563872104,-0.22230984910102372,-0.14671416363804837,-0.3814823585129055,-0.1782804311791535,-0.3026813138540841,0.13640622265234895,-0.5163696390024263,-0.14762154797571614,-0.6395817246479767,-0.45704509809977795,-0.49175906955354903,-0.5054549447984982,0.47162776650983057,0.1466194442442525,0.18721837281690673,0.06942039281093529,0.3537803676897048,0.08617611629894265,0.5129569953360994,0.24967826292868248,-0.04056117808961965,0.09353951960794407,0.2813529773119597,-0.12947386122236065,0.35251881518393063,-0.2061910792176727,-0.2511663183326641,-0.4402523105011548,0.29469468438880253,0.33462096799102226,-0.11668948854959213,-0.027071214570313706,-0.0014695233486737569,-0.3366361574126505,-0.09141039236479322,-0.36462367916207655,-0.5164286670304441,-0.2265145665386582,0.08775065462769444,-0.27287353244997203,-0.1745685291382251,-0.7020086688836495,-0.5104132991519869,-0.554124240271529,-0.42486658636109365,-0.1852649569129714,0.24937763180924338,-0.219164890678033,-0.02037633799723392,0.02770954091980768,0.06639349044398,-0.26291975963237896,0.09152707567599104,-0.23091421374323495,0.044271707385710415,0.13828825582472795,0.1293681598698638,-0.5872856373139502,-0.3728326932910528,-0.4161565203663856,-0.5121374666680394
#102,-0.09151472097245245,-0.24000041182345128,-0.13445967047260174,0.02893677480464125,-0.2747473291533253,-0.1741594511766139,0.1751505729493766,-0.1059532511745548,0.0654202143541064,0.0010535816628744591,-0.013140599958131282,-0.30406641339524415,0.11037760778620873,0.21067171836766913,0.6954455758149815,1.0,-0.17793038124556002,0.02652486212494037,0.5345516443767223,0.5091009550872208,0.030148908496260986,0.6087320299121101,-0.0719695799743983,0.40793377878903314,-0.2490907281381805,0.44104850250697525,-0.3495413316311297,0.1987576659219526,0.26781908595784987,0.48867176641373844,0.06861321884641387,-0.02565042366337551,0.1990720244897679,0.34538054202829915,0.25592425193986007,0.4275928576086099,0.31006668108048746,0.5874187935631995,-0.008633878656220078,0.571294532700498,0.17530706586086545,0.6129161561771802,0.18650042726683072,0.41655598911413344,-0.5210410896848521,-0.3287277744031134,0.017275307409047074,0.10543160813625865,-0.5750283986588283,-0.5535833788055061,-0.244461832545721,-0.17664000109819586,-0.4292923157175852,-0.22986406394245454,-0.4042479589000196,0.20891323223067604,-0.5613819422280335,-0.10207936524278709,-0.5424160995514556,-0.6067717502839866,-0.4621462179163792,-0.33454958525946593,0.5082388713291945,0.31624266010494634,0.23582040379289398,0.09014472162450624,0.4112599395305899,0.1272115777299605,0.5511371475048646,0.44170742002903357,0.2202534773342668,0.21727873927114114,0.31545058633363876,-0.11127126467550028,0.2727019393452694,-0.19903770586882738,-0.27898224697738744,-0.36917432829879165,-0.0736649198488608,0.4639609865917148,0.01871531674371197,-0.028170783185248485,0.0017385813368475602,-0.3757387941122974,-0.37244557924684357,-0.34950152203083873,-0.514082646102949,-0.1497053746392255,0.0044552433705004,-0.23204123725492215,-0.4951483765576364,-0.680593849416755,-0.7367624499377117,-0.348390971457203,-0.4815705573687227,-0.2510111981660129,0.4739888876305395,-0.14690909340499061,0.069236445002694,0.012904487846060395,0.04586958237670177,-0.3500643474142635,0.13733282541774341,-0.07850796363598925,0.05676368540806556,0.17569006167056184,0.14037757346758778,-0.6004337873686884,-0.2626232467474527,-0.38531368935470695,-0.49545038042191314
#201,0.49714709304121324,0.18853208962651044,0.2380181682779259,0.43289851640601673,0.40872859805001593,0.013526341257502909,-0.09832765360156767,0.4281886288681376,0.06437143729816361,0.7062586869009255,0.5242437033910229,0.2230250491614245,-0.031934849530006484,-0.1687302453438211,-0.0753163318885194,-0.17793038124556002,1.0,0.14072350516666837,-0.32103765782275806,-0.27409527535545514,-0.441542690648519,-0.2014084362033996,0.3693061118032033,-0.2705865395504947,0.29853562444446735,-0.3690947090982096,0.3346168497565094,0.40164935292240217,0.26346199384323943,-0.12120581906536668,0.27553940292463286,0.23722609450661836,0.1647108484592655,0.24008003102403333,-0.18991307093315762,-0.10084938586827827,-0.3004025574236325,-0.14925923256699852,0.026255804136766567,-0.02506837985222402,-0.0713161534316905,-0.029653347609879643,-0.3276199693191529,0.028855782859221586,-0.19500869977040844,-0.07144793693610216,0.3464059824220024,0.23094715961933784,0.12853902198794043,0.09225600318476802,0.3145473202304839,0.2251830040461654,0.29855209738251876,0.225579727304238,0.0018346734754810612,-0.0013789221893907415,-0.31468184922457076,-0.4889394516570746,-0.04010679954836695,-0.0019527295315165056,0.06690964250292566,0.10896779883797149,-0.23325062545686664,-0.27871867996856414,0.48004406510928765,0.06543119631280736,-0.2745922089866741,-0.3524680236249387,-0.2531815077542924,-0.519598334860512,-0.10041148026507703,-0.3496923335632681,-0.1132946905661543,0.21676945093638358,-0.34176610487084186,-0.13848730382618304,-0.3712828643693782,-0.33437112843057515,0.41788892435146385,-0.32881974830723404,0.2007055908465374,0.14975891168789274,-0.15766317646291703,0.12201299302988809,0.2288248961003751,-0.013040389584984918,0.21771801761918,0.3209800025395779,0.09216952025999788,-0.17666333776043544,0.2764179596207106,-0.04491140648004201,0.32348526186823706,-0.10972555398833854,0.19736021167725395,0.7102231739919763,-0.35630072721157774,0.7364467186250587,0.3976189740791456,0.5643937444017749,0.559827995071846,0.6465127133331274,0.31532292106374,0.5241503567420647,0.456316170591001,0.528210935971749,0.47692656158304936,0.00842522144090162,0.057089025934581844,0.0008641428752826997,0.019946668863058407
