,#10,#11,#12,#13,#17,#18,#26,#49,#50,#51,#52,#53,#54,#58,#101,#102,#201,#202,#301,#302,#401,#402,#501,#502,#601,#602,#701,#702,#801,#802,#901,#902,#1001,#1002,#1101,#1102,#1201,#1202,#1301,#1302,#1401,#1402,#1501,#1502,#1601,#1602,#1701,#1702,#1801,#1802,#1901,#1902,#2001,#2002,#2101,#2102,#2201,#2202,#2301,#2302,#2401,#2402,#2501,#2502,#2601,#2602,#2701,#2702,#2801,#2802,#2901,#2902,#3001,#3002,#3101,#3102,#3201,#3202,#3301,#3302,#3401,#3402,#3455,#3501,#3502,#3601,#3602,#3701,#3702,#3801,#3802,#3901,#3902,#4001,#4002,#4101,#4102,#4201,#4202,#4301,#4302,#4401,#4402,#4501,#4502,#4601,#4602,#4701,#4702,#4801,#4802
#10,1.0,0.017416700127322084,0.4311565032070751,0.3107214803680329,0.003535504329294032,0.01656971656250965,-0.33049861524364504,0.3332482231534008,-0.05261936874328642,0.25681241784980113,0.35872224910514194,0.12011174142978238,-0.223646902572867,-0.24424219337170155,0.050628888728735326,-0.06296986481895211,0.2830936177660637,0.1574009821989313,-0.01627320367758342,-0.24630954709715944,-0.0201319894161373,0.1154526454508952,0.09097935048578008,-0.008930391541146311,0.10733835071571483,0.11653299563810328,-0.009441052620741488,-0.22426875598430954,-0.050587706383606684,-0.11330979075936813,-0.08804442202294543,-0.09851022866497133,-0.001028872255797273,0.08100361375078503,-0.12603788089379417,-0.1068427898293335,0.1429844159142309,0.13912288468600179,-0.06574830037029793,0.19190629643738397,0.10660118673791212,-0.006274130280348815,0.23790697594607857,0.001078291069951645,0.167508502438338,0.015002041957945961,0.09977040842590781,0.054734768538061064,-0.11967383582658114,0.06034243119974467,-0.21597188618572552,0.06216543634410595,-0.053061392581000524,0.27153785172296635,0.10809336037640664,-2.0591172564321675e-06,-0.19042647750242805,-0.30145545271408813,-0.2715598156403683,-0.24600891597772034,0.0527909618479891,0.031021974212988225,-0.16427157011122664,-0.22585015803724942,-0.21055091682195842,0.01017409836403134,-0.17891738478380984,-0.11109280784660949,0.09815194226235213,-0.3035090789911698,-0.06595009386142828,0.13873714338663015,0.0006294035080494326,-0.10944414129662614,-0.2008332561164362,-0.17584655458205067,-0.26189157374900046,-0.2593863144203413,-0.02294337084358602,0.04881961103275026,-0.14651923387110613,0.15349552313589832,-0.10590108687072519,0.007331143805317327,0.07441032029568924,0.01118169307484548,0.020711287737613552,0.19197767916894026,0.030367174925442796,0.005685222745009214,0.032799678777707994,-0.06381547563892692,0.013221591903550947,-0.03747662043948426,-0.06489033484678451,0.14584109792132113,0.07318445915569328,0.024173350218094837,0.3089053389478597,0.0007035317292809906,-0.08915222710690594,0.09199106343110708,-0.008006534265427079,-0.03902782210599649,0.12760967373287072,-0.04259009495962414,0.12788834093490786,-0.0906155731038104,-0.11418697471060824,0.05160902854279704,-0.20641483662620502
#11,0.017416700127322084,1.0,0.27767676663680946,0.22452820475861998,0.10272455531646917,-0.02986886854938621,0.2884637955708388,-0.02787976127967274,0.15193745774519796,0.24686001777704564,0.0916080676214107,-0.05847549822057951,-0.07992463630841458,0.19589549293551187,-0.21264435269933113,-0.028387676869592673,0.13523389856102022,0.036765538613596355,0.28224114322190075,-0.026596244856496688,-0.3949352579215957,-0.13226053324273218,0.1420042761001692,0.14270986694670662,-0.12111659065092129,0.09027925061859314,0.05516169218256134,0.12617652812239394,0.19244166692405631,0.18710992597473464,-0.10127081853342805,0.24635072944228809,-0.12155586899896015,-0.26547306503035484,0.05905891477656862,0.018575296770274582,-0.014542172437342777,-0.10750582558590466,-0.32673454889888703,-0.18628353358248653,0.1440084835630965,0.14997992360674978,0.07037856870759505,-0.0758997484445085,-0.1289329997563378,-0.08787145617340512,-0.07718875584703504,-0.046745393583104256,0.08535796037572026,0.173306976632451,0.009093748176823263,0.3323463297950835,0.15395127442198864,0.08822562434151146,-0.34488909937643064,-0.2643529052428557,-0.2800996612752113,-0.14250807345557626,0.11611293571779112,0.1354700106730911,0.1876521601855951,0.2663873130922107,-0.013258656014166727,0.15076238816419402,0.20452182149512504,0.14689811144628964,-0.008541904752099441,-0.015497602844327303,-0.0576751879802462,-0.11690775497877394,0.14540731055263276,0.07801240274960791,-0.21811474087725258,-0.22038388809384082,-0.335720536605957,-0.2606217847742006,-0.09851022866497133,-0.0025622282394204272,0.36199624554286913,0.21266357112705783,-0.004470343563714236,0.18276656130850039,-0.028754199741237597,-0.12213242183076116,-0.022432709763990845,0.21338426216680909,0.16388857430153025,0.05991825304491964,0.2830002711171054,0.1571634973420228,0.1832085851462145,0.2017667226060188,0.1971515544619355,0.27771245800258765,0.20290198258673173,0.012038285853521262,0.24757521783744643,0.21563419095567063,0.09264174448413964,-0.05159530109442082,0.01251051007766304,-0.07850384540147638,-0.05225833685099198,-0.07124065246562132,-0.24580986797626525,-0.2698425118485039,-0.28020398988287054,0.17939647273213974,0.005343409280441475,0.27993493189469676,0.2655828846173645
#12,0.4311565032070751,0.27767676663680946,1.0,0.4078706325265026,0.10412338230600542,0.20514504765140518,-0.22366749374543132,0.03650746258412352,-0.20557334404074307,0.20694334338868928,0.38059693809263967,0.19474238727190987,-0.11507102238603643,0.027990953611520073,0.016895057089025934,-0.16589827274380806,0.5239485632509343,0.47134223558360533,0.028563388208808216,-0.11481569184623885,-0.319623730640008,0.0134233853946813,0.27765892095392036,0.08418563628439155,0.2540600644503701,0.005302226935312832,0.12436999591608411,0.006007817781850254,0.28224526145641365,-0.19710213564778112,0.27688881110001473,-0.13994653158857465,0.388134679996019,-0.031085120475518813,0.13784074100766336,-0.053125911588368734,0.3922062411844042,-0.04928359878786631,0.06250724980867368,-0.03973753118704678,0.2814888790508842,-0.08212926451763462,0.3903145987981619,-0.184943734620968,0.18354628037626936,-0.22840346343522533,-0.21800217580056763,0.005736014304001208,0.05943092862756403,0.1636277527823822,-0.004434652197936078,0.3939290359556192,0.3183086410855666,0.2977215867557578,0.09994200153061049,0.04867272733512477,-0.2716778716964037,-0.3092114610466493,-0.019908232007605005,-0.14316561823279694,0.055609206999625925,0.15596783658845453,-0.18799534639500046,-0.14457679992587177,0.04005051701002447,0.19972270554280047,-0.014697292603994001,-0.08524814078871054,0.05733612000535371,0.03087509051536273,0.2869578944839681,0.4596711589741478,-0.20402214237423083,-0.02081561634527278,-0.365753448163439,-0.1675922398734329,-0.1947945515757395,-0.20077971906776898,0.23926324784564856,-0.05822703140497002,-0.049243789187575285,0.22605469701805503,-0.1547762940693991,0.10290163940052233,0.27461142741440075,0.08951325899920037,0.1514144419620642,0.31867379121237394,0.12092989735300477,0.31602302093092693,-0.05811309358344744,0.24426827552361635,0.1776723052160872,0.20653289268224045,0.07032503165892781,0.373869115643457,0.22629904559915165,0.2425166531108114,0.30630261473572945,0.1201762604371506,0.17439007230933432,0.48700799967054126,0.27849354981519425,0.22743842381437746,0.15690404856771237,0.20863319228380126,0.07732877582047243,0.0006637221289899687,0.02704650516323652,-0.005720914110787372,-0.04896237649586289
#13,0.3107214803680329,0.22452820475861998,0.4078706325265026,1.0,0.20692137947128733,0.17153064481256886,0.057647733083493774,0.09120448063915,-0.03450188237635859,0.45033649407832194,0.16415625954486646,-0.04563484300946851,-0.21680651504699935,-0.09743399671227611,0.12358478586896464,-0.061433763345653716,0.3206121069230954,-0.21293400186006925,-0.06582517408120472,-0.11969991797849595,-0.08611297003641205,0.34240580396517345,0.3789455260529811,0.4740918434933611,0.1917676492087842,0.4188471002481236,-0.11327135390391473,0.18999543562341492,0.12886024427994386,0.14723031569699402,-0.09231365846794812,0.1964981279192277,0.101100598173563,0.4456389612439814,0.18551067823890566,0.2981169372689928,0.3768905270310618,0.4453602940419442,0.2691657486435565,0.47384337667775156,0.43034246551836564,0.30469101229636186,0.3367157766132326,0.48241891367837275,0.1488281906879854,0.3172379001122219,-0.18844286121206505,0.09974844450850587,-0.1762762237162262,-0.1025090343769626,-0.3783428910692653,-0.09838942711926064,-0.13146571398174936,0.08262482540401596,-0.3548195355317842,0.09519367713727792,-0.24539804452497882,0.030268337297134053,-0.12159705134408878,0.04143012557183402,-0.1269301650382481,0.02683647520308044,0.3817637712046179,0.20312573999526404,-0.24725536829028064,-0.15372751701345633,-0.12715117695710515,0.10077800313672196,-0.10677552533229005,-0.20999770065239698,-0.35568985575883616,-0.22750294282174566,-0.15161486270835692,-0.1810657304546874,-0.21074310109922542,-0.24527449748959287,-0.2411933270873443,-0.20823921451540392,0.2711932927687234,0.4229049339881326,-0.10613308074828322,0.2543222587143558,0.1784204511525909,-0.32548809658632677,-0.04841465130565193,-0.1112081184129697,0.008466403786030263,0.35477972593149315,0.20833667939887504,0.23180512514285126,0.31016963694330907,0.08858116525445542,0.30990195169997287,-0.029518818615792742,0.09630422771091367,-0.1361481466228761,0.21976203468239833,0.0030207250151859898,-0.04961854852824594,0.011707454347654495,-0.061182551040368995,-0.15341315844564102,0.11318212548946933,-0.045920373935693766,-0.18584837346896052,-0.22222748441076645,6.795086946226153e-05,-0.15067041426007338,0.06778819919900339,0.027705422685294814,0.20930034627488528
#17,0.003535504329294032,0.10272455531646917,0.10412338230600542,0.20692137947128733,1.0,0.5295905445335585,0.24522919690995137,-0.019959023566597,0.30626143239060083,0.319895534117857,0.38646267678379614,0.6099716185004822,0.37925576638628355,0.4073654624262579,0.051685902253703835,-0.2606121755603373,0.1251167691077502,0.10173206079886886,0.16227971735183794,-0.026721164636720238,-0.24417904710917096,-0.10440891323223067,0.43108100224100593,0.3771046752257307,0.24608716243346476,0.2147419068112167,-0.22409853562444446,-0.0956988472375226,0.3432500420403107,0.4136128241822731,0.17534550271631885,0.16178141097578136,0.19327766853016778,0.26963522737802303,0.3421189002941106,0.3123811288767172,0.5425808289319702,0.4573992662678843,0.4004619286378596,0.4295366642986818,0.3070233057754807,0.29821714764213914,0.43019283633106487,0.45881593894030964,0.1420234945278959,0.37758788140857347,-0.18257163154155814,-0.12695350170048766,-0.30476102228308055,-0.301278368630035,-0.3288032753691826,-0.02858260663653492,-0.3185873082876038,0.11572582167358186,-0.38368149574277505,0.16158785395367672,-0.49345990040736204,-0.31634012498841746,0.043299804040674426,0.14480055733440408,-0.2512157371468185,-0.11850013899041481,0.41557035832072126,0.25251160827353314,-0.09448396805622764,-0.24487091050733217,0.3743193759501968,0.2272572214958114,-0.2729490334160412,-0.03051405862306829,-0.19551524261549075,-0.13479187472330612,-0.25832380991602233,-0.16807270056660042,-0.2813063039874806,-0.21110413299151987,-0.33275952599120756,-0.31566748001798295,0.37950560594673066,0.4848925998757666,0.24037654390895957,0.5665105169413872,0.03152988980290816,0.41436234286361434,0.45709588965876996,-0.03777038783473525,-0.00834148400580671,0.3692992480790152,0.38905716452690065,0.36696695459989637,0.41235813540068705,0.35547296207449197,0.24609951713700337,-0.02256998424775299,-0.015040478813399363,-0.0774674230490722,0.5446207277606757,0.10578440355952737,-0.1082320076050064,-0.19743571264332313,-0.1949881085978441,0.22286855624993565,0.278106435770985,-0.26312429861318454,0.04818265742809391,-0.2777659950512549,-0.4248212857814522,-0.019486799342455223,0.04270677827082196,-0.08582332087567393,0.013190018772285655
#18,0.01656971656250965,-0.02986886854938621,0.20514504765140518,0.17153064481256886,0.5295905445335585,1.0,0.21503979244098057,-0.06536667730543916,0.15147758822459478,0.17457539286241322,0.3130180824813736,0.4308929361982518,0.3534866002944538,0.4023631802379653,0.022070305126858782,-0.329740860093278,0.060719936030090564,0.26326706407629713,0.10785724826433575,-0.03659806374340654,-0.26234457954541557,-0.049946634544437464,0.35357033772954866,0.33295033752363695,0.30853607058653953,0.1657527617910202,-0.12202397498858907,0.11978502815842848,0.595202256792513,0.49294237560357873,0.29704070531629756,0.2334798738447494,0.20859200993867263,0.35104860546283806,0.33513437456029266,0.2805279576645492,0.6592490399365792,0.4748303802160014,0.4858466575379135,0.3389382505053417,0.3465432569057645,0.24669117016201822,0.40135558552715117,0.35504054745064123,0.13358523201103686,0.10703222861692525,-0.17305439158232866,0.20408666138159903,-0.28793666155319214,-0.19432644558611056,-0.3237049010422565,-0.005807397035557523,-0.15482845837322873,0.16864238967421333,-0.2967812565419871,0.18049741409191214,-0.28844183165343684,-0.274704774063359,0.10434439422486247,0.1761348309979512,-0.006094300706620405,0.10235528695514899,0.32868110107863424,0.08142779190561006,-0.047538840099249455,-0.23349909227247612,0.40149423275575097,0.310666570574528,-0.11808557004945314,0.14024990819768898,-0.11424600273862595,-0.14351841365606566,-0.3958453877489387,-0.18937770044648525,-0.21690947090982096,-0.09641816553243625,-0.2259119315549424,-0.1333628473473422,0.26574349576336626,0.30214182513289883,-0.008423848696063998,0.4939252609073157,-0.16023020930926912,0.15408717616091314,0.4023631802379653,0.13534509089286756,0.21732266710594503,0.4905963546760837,0.35577633868360636,0.43396239365517336,0.43777176057957284,0.5170656206351004,0.4188951463174404,0.15100124576594015,0.0895407138959528,0.036246641064975445,0.39128512939836024,0.1526622670194621,-0.012116532309265685,-0.07152618339184658,0.1273200245721326,0.3462796898969412,0.5192469121820809,-0.12572352232597886,0.13735204384547012,-0.15168761818475088,-0.11766001914979049,0.1559458726710526,0.08960935113783387,-0.11584387772961731,0.0935916839117737
#26,-0.33049861524364504,0.2884637955708388,-0.22366749374543132,0.057647733083493774,0.24522919690995137,0.21503979244098057,1.0,-0.0937522950577754,0.3391784808519254,0.253324273217405,0.2213544186940392,-0.07410145270722442,0.40553833904738373,0.5055373094887555,-0.06911015247763284,-0.16484675019819003,0.006819109980884528,-0.10126944578859043,0.26192177413542816,-0.0034023480800447516,-0.2779403336456328,-0.20647523739906035,-0.029417235497808756,-0.012439127346106724,-0.17359250755867625,-0.1762322958814223,-0.015847652777920773,0.1620202685775275,0.2742435317979182,0.317821316668211,0.10898976275537343,0.24609128066797764,-0.06020241122630728,-0.11037074406202062,-0.04376379179579048,0.06299594697086693,0.025484321538023318,0.07260516083421704,-0.025161726501182275,-0.1168926547855601,0.07937279288369076,0.26571878635628904,-0.03748622965334761,0.2645821536307385,-0.27696980304543445,0.012889387652846558,-0.25725032345300236,0.004394842597645056,0.03588835466235625,-0.1732301029215442,0.04423052504058177,-0.06771956195712231,-0.0015230603973409933,-0.14903547515846624,-0.43242354669219973,-0.15945049024150013,0.023743681083919325,0.003569822950234568,0.20968746031909455,0.20427884565886603,0.02496542398940241,-0.03180169328075721,0.2554135908602649,0.4589024218650798,0.18866661862059736,-0.27828214711020055,0.406197256569442,0.5704804950117884,-0.1292473583241531,-0.06618071499414868,-0.042143952887397175,-0.07439933833698827,-0.13567866788840957,-0.14276203125053624,-0.06713477265629558,-0.05632303431518908,0.13455164437672237,0.2668224732057367,0.33122754275242206,0.2953796840627756,0.14513687981962134,0.12765634705734985,0.1839059395237262,-0.05528935745246013,0.107424833640485,0.06510585578629108,0.06886031291718574,0.04554424185018549,0.14631194940062528,0.09170690524971944,0.3468809521358194,0.18533771238936533,0.16863003497067475,0.26110361821220573,0.1387796984765964,0.024439662716593397,0.08895592459512607,0.23777244695199168,-0.379594834361176,-0.06619032420801202,0.05436687292157852,-0.03480937721998579,0.05142233524488052,-0.19425506285455424,-0.1544550717773957,-0.16321455658625814,-0.35846417307566913,0.13960746361368215,0.18751900393634582,0.18764529646140699,0.41153586124295183
#49,0.3332482231534008,-0.02787976127967274,0.03650746258412352,0.09120448063915,-0.019959023566597,-0.06536667730543916,-0.0937522950577754,1.0,0.17632015155103006,0.07851482736017736,0.29401654843901753,0.21362586525823046,0.009427325172365273,-0.11141814837312577,-0.09204597322461194,0.06205287126742099,0.0570478435894532,-0.14141811405450483,-0.1840487049868388,-0.09570296547203547,-0.06003768184579271,-0.12972370078280773,-0.06127452494448963,0.14347311307642413,-0.0662273883186278,0.013592233009708738,-0.1969579974398309,-0.39964926369398773,-0.03748211141883474,-0.0019609660005422344,-0.09302474029383603,0.029742576024325038,-0.07810300390889093,0.009697755905376698,0.06535981358125105,0.1453661282075041,-0.00474077429672566,0.12117150044442614,-0.1222243957348818,0.08928675610099283,-0.14883230892249827,0.016620508121501645,-0.1525153833218366,-0.11962716250210202,-0.08423093686403306,-0.027041014183886034,-0.08718233826491917,-0.2710354271123969,-0.15447840843963526,-0.19351103515256343,-0.18463212154282793,-0.28887287353244995,-0.27932680593163045,-0.3580852955004856,-0.14506686983290262,-0.10568968416573149,-0.19639242656673084,-0.03678612978616067,-0.3642351923730297,-0.5385243679367988,0.14609780120595633,-0.13239506223681907,-0.11886666186205974,-0.02586594460288208,-0.1021383932708048,-0.06587871112987195,-0.13154258769265617,0.019162831560776562,0.07246514086077965,-0.23729610449333705,0.025465103110296615,-0.010160370915655125,0.31270509665839585,0.253871998407616,0.3086884452635155,0.10496899312598022,0.2928414788580136,-0.19052943336524966,-0.15517576281714696,-0.024438289971755775,-0.03402142168319108,-0.22137775535627877,-0.11827638158188251,0.1602425640128077,0.19880571199126934,0.24289553068599493,0.13488247588258914,-0.13667528064052273,-0.07991090886003836,-0.07432246462608147,-0.2018957606207552,-0.11953244310830613,-0.18051251428512596,-0.11691736419263728,-0.19277798940927357,-0.11579583166030057,0.13520918915394303,-0.242043056141832,-0.14040228287466497,0.0868322883313257,-0.11649318603781225,-0.0819810080751715,-0.15376869935858498,0.03481898643384914,-0.12604474461798226,0.03239060081609681,0.19934382796761696,0.03145713432651422,0.018993983945749124,0.02689275774142292,-0.3302240662761208
#50,-0.05261936874328642,0.15193745774519796,-0.20557334404074307,-0.03450188237635859,0.30626143239060083,0.15147758822459478,0.3391784808519254,0.17632015155103006,1.0,0.2893025426666255,0.25258161826025183,0.2561535003277428,0.26119010113697594,0.5672668993469167,-0.15827267517082094,-0.1777560426511821,0.0011757559534227677,0.15604471029936132,0.11264538225795935,-0.06655547433481933,-0.32005751800869636,-0.34005566480316557,0.14641078702893404,0.10146986653488316,-0.005130633830610151,0.020771688510468896,-0.09077069327046162,-0.01696643982058225,0.11721387707756352,0.18584288248961003,0.054532975046930714,0.04096613781671797,0.21582774797777526,-0.007049731113604931,-0.14976165717756798,0.1333697110715303,0.1864880725632921,0.044812568851733264,-0.03619447676114583,-0.06714438187015893,-0.22252262455085506,0.0488607933778789,-0.09798584013699993,0.06709221756632931,-0.16644874342369426,-0.025852217154505863,-0.07589013923064515,-0.21450854018882104,-0.08757082505396603,-0.04019190972829948,0.005803278801044659,0.03698243229794054,-0.08918791847268409,0.07825126035135405,-0.3466064031682951,-0.20245721325934238,-0.32964202246496926,-0.30930618044044517,-0.042855034713285084,0.057624396421254206,-0.012529728505389739,-0.10148222123842175,0.09417921870227566,0.14447247131821256,0.06851712670778037,-0.00022444378095110625,0.33785240933878313,0.31229739144162233,-0.1915576192486281,-0.012196151509847729,0.03870110883464259,-0.14974243874984128,-0.18013500945478006,-0.25687968234684455,-0.3425156235521832,-0.2165992305765185,-0.09762755373438074,0.010337454999708291,0.15466921997206465,0.11711778493893002,-0.05565999855861792,-0.004709201165460367,-0.0008970887513856143,0.24310693339098863,0.14339212113100447,0.0633789427805633,0.15765905822840415,-0.048274631332214546,0.11572993990809473,0.001630134494675466,0.14539632859393178,0.062452340015168833,-0.17204267863700165,0.185621870570753,0.07108690504380771,0.12343241119198867,0.15383184562111557,0.34730101205613156,-0.08694073517349779,-0.002943851304279189,-0.07980246201786627,0.03937238106023948,0.20367209244063736,-0.0634750349191968,0.1917552945052456,-0.12279820307700755,-0.1625981941541661,0.027246925909529252,-0.036765538613596355,0.1331898814978019,0.16595730077182577
#51,0.25681241784980113,0.24686001777704564,0.20694334338868928,0.45033649407832194,0.319895534117857,0.17457539286241322,0.253324273217405,0.07851482736017736,0.2893025426666255,1.0,0.5192496576717561,0.2779018967901794,0.28538884713456675,0.4296698205479311,0.17748149368365781,-0.3011644308085124,0.5738354833949353,0.010843997844790605,-0.010982645073390371,-0.4588557485406006,-0.3556980922278619,-0.1474664278090649,0.25162893334294256,0.27255642839248145,0.1536094609574209,0.3009475371241682,-0.1596014921736385,-0.1285047033669999,0.3840164454831547,0.21952180433581456,0.26796459691063773,0.1686972994677182,0.20716023707303347,0.18114123142075658,0.12369460545597435,0.17855360740184018,0.4069701119130229,0.41852862344579544,0.0740245789963176,0.28601481878052215,0.2828300507572404,0.2736903156283568,0.11595781555113989,0.31846513399705545,0.06973886961326346,0.1766152916911187,0.003244482423718285,-0.12501793147944143,-0.31944527381111715,-0.39114785491459814,-0.2968814669151335,-0.23838331840473323,-0.06538040475381537,-0.10013967678722799,-0.4954668533599646,-0.17519724627385574,-0.2635841681337877,-0.31121704125441424,0.14585619811453496,0.039279034411281215,-0.13467930964662117,-0.2172114747740977,0.40244829041789787,0.33119459687631914,-0.13726281543102473,-0.3224364848122943,0.31962510338484557,0.38894322670537806,-0.11369004107938926,-0.10789568511978914,-0.12022018827195448,-0.06910191600860711,-0.08464138757048187,-0.1526814854471888,-0.49026689591505457,-0.456791140304818,-0.25774862982905894,-0.260964970983606,0.5262232014468731,0.3367185221029078,0.03432479829230542,0.12940247849080433,0.06944510221801248,0.0617206670167166,0.24908935539334287,-0.07428951874997855,0.020523221694859414,0.33557502565316916,0.27672270897466256,0.05676231266322794,0.26721095999478356,0.24080484029829746,0.16339575890482416,0.21199092615662332,0.3297930243971076,0.06774289861936188,0.381691015728224,0.18893842209844638,0.0035876686331236464,-0.01606454646226496,0.008287946957139474,0.21929941967211988,0.145410056042308,-0.03469681214330084,0.03860501669600909,-0.06824257774025609,-0.01908458510503214,-0.1642935340286286,-0.28919272307961574,0.1448856675143366,0.226218053653732
#52,0.35872224910514194,0.0916080676214107,0.38059693809263967,0.16415625954486646,0.38646267678379614,0.3130180824813736,0.2213544186940392,0.29401654843901753,0.25258161826025183,0.5192496576717561,1.0,0.3984055568711027,0.45533465803210166,0.33715642770610904,0.07877290338965019,-0.31435239046354163,0.3674748701898163,0.3420296718796652,-0.02315202805890448,-0.32181874963536466,-0.3556322004756561,-0.2514847951349923,0.2110670688809041,0.15135541393404647,0.22152326630906663,0.07484822589889048,-0.16736848246490063,-0.3130839742335794,0.44715447154471544,0.17791253556267095,0.4539646586841554,-0.009637355132521355,0.3497348886532344,0.0696070861088518,0.2798100121144732,0.13304437054501403,0.3839011349167945,0.22430856558460055,0.24447144175958432,0.2031943772371451,0.247485989423001,0.1722774180042349,0.23770655519978584,-0.026852948141131896,0.07023168500996955,0.018245838009245438,-0.2671629139254668,-0.2167076774186906,-0.15104791909041926,-0.21435479276700745,-0.08343062662369975,0.024808931077913564,-0.05280880753087818,-0.007807486263971968,-0.15004856084863086,0.03405574030413162,-0.30520716435530754,-0.3181535209189154,0.0369865505324534,-0.1945268663324033,-0.04301976409379966,-0.15068963268780008,0.1298994121220233,0.20959960464948676,-0.05311355688483014,-0.2882661203142213,0.3436824566641614,0.230943041384825,0.04009856307934122,-0.008184991094317865,0.11639023017499064,0.16339575890482416,-0.1072848136670476,0.014996550978595476,-0.2836550704046509,-0.16417547797259316,-0.083241187836108,-0.21074172835438781,0.37541619907545637,0.11114771764011434,0.2056845363725904,0.15580447995277757,0.024874822830119395,0.3475659518097925,0.43250591138245703,0.10177049765432226,0.06344346178793152,0.31406685953731633,0.19625789757264395,0.14380119909261566,0.13443496106552455,0.2961374392131427,0.10588186844299849,0.13115821913812215,-0.06463088607247407,0.3245820849934966,0.4410004564376585,0.2771084502740342,-0.051274078802417404,0.16535192029843473,0.04108007563824055,0.566558563010704,0.1621287154196996,0.09096425029256625,0.27927052339328795,0.15918692323267683,-0.012296361882994093,-0.01797266178655877,-0.11262067285088216,-0.019094194318895488,-0.04873999183216822
#53,0.12011174142978238,-0.05847549822057951,0.19474238727190987,-0.04563484300946851,0.6099716185004822,0.4308929361982518,-0.07410145270722442,0.21362586525823046,0.2561535003277428,0.2779018967901794,0.3984055568711027,1.0,0.48976172581480987,0.2874740465429137,0.04868233654898812,-0.29228277170910166,0.23567901107461897,0.2816261535346464,-0.10295380370435195,-0.20411411627835147,-0.2845597092526434,-0.3078812712989941,0.39760936486528226,0.2852639273543432,0.21059072642224944,0.12386894405035229,-0.16176219254805466,-0.2374223970183982,0.2627577757415396,0.11538538095385176,0.3284134158352981,-0.20127253446447507,0.255997007416254,0.10229488618229365,0.3961830829789936,0.1946682590506783,0.4914680476479733,0.24440692275221612,0.2923692546338718,0.32625683369539477,0.1509669271449996,0.06307968440596183,0.46279278073489893,0.023335975867145753,0.37602569778336026,0.21806669480793583,-0.10590657785007568,-0.3275732959946738,-0.3960512994745819,-0.37306605991344843,-0.32375157436673563,-0.13887167238071704,-0.2421020841698497,-0.11293228592902223,-0.1826086956521739,0.023470504861232658,-0.4024524086524107,-0.3655585183964968,0.11542656329898039,0.04086730018840923,-0.12257444566847525,-0.13294004193735479,0.12485182935408924,0.01018370757789469,-0.03427537947815105,-0.07615919721881896,0.27415430338347285,0.11335234584933439,-0.18773589762069,0.10143829340361787,0.0331263920490619,0.10317069738869614,0.042443211261998647,-0.12112208163027177,-0.20681842360846572,-0.22016013068530854,-0.18912236990668768,-0.3227027973107929,0.20019630251177986,0.0438612566792616,0.3448561535003277,0.4176212391081277,-0.07653121106981436,0.6542755853898767,0.6747487018981629,0.08891611499483505,0.07729720268920713,0.22364278433835416,0.18286677168164675,0.3718621626908544,0.11276481105883242,0.5037252863030952,0.09099719616866916,0.11521516059398669,0.10358938456417068,0.05181494026844025,0.37841152831114633,0.08185471555011034,0.09588004955608864,-0.24215973945302982,-0.22576916609182976,0.4633377604354347,0.2728900053880235,-0.07623744367456338,0.203865649462742,-0.10771036456671025,-0.1975935782996496,-0.014656110258865358,-0.17704907905980707,-0.13389272685466408,-0.2312834821045551
#54,-0.223646902572867,-0.07992463630841458,-0.11507102238603643,-0.21680651504699935,0.37925576638628355,0.3534866002944538,0.40553833904738373,0.009427325172365273,0.26119010113697594,0.28538884713456675,0.45533465803210166,0.48976172581480987,1.0,0.5510081094901282,0.1007738849022091,-0.3123138643796738,0.12759869177416974,0.25363863178522034,-0.13394900939300655,-0.26305566137130343,-0.2617721449481274,-0.40217099596069833,0.187978873456949,0.21953965001870365,0.22963344280973413,-0.0363399877139337,-0.007969470154811299,-0.19953326675520872,0.3782934722551109,0.20607165041679965,0.548586587596564,-0.034136732249551285,0.15074728797098016,0.031798947791081965,0.328627564029967,0.2934248954140027,0.2483357184774887,0.09341185433804527,0.30874884603637087,0.14448757151142638,-0.06197599755651419,0.11642043056141832,0.15264853957108587,-0.035600078246455745,0.043228421309118116,-0.06966199590235667,-0.19458040338107052,-0.304302525507315,-0.2919231125616448,-0.3449673458321751,-0.06403648755778397,-0.156945230912841,-0.10214525699499291,-0.041983341741395466,-0.15447291746028477,0.10340406401109178,-0.15531852828025958,-0.18199645145459475,0.26196158373571915,0.10193248154516159,-0.1316537800245035,-0.2926355671323704,0.281282967325241,0.2817497005700323,0.07651748362143816,-0.3251504013562719,0.6011462419394139,0.37704701994255063,-0.04392440294179219,0.15291073383507156,0.11402910905428176,0.007093658948408817,0.013730880238308504,-0.010708096105866082,-0.17479365929159502,-0.19047726906142004,0.05561607072381403,-0.08764220778552234,0.31603125739995264,0.0005291931349030671,0.4318236571981591,0.1569644493405677,0.23079203945268664,0.5430722715838386,0.42741851901423195,0.12468023624938655,-0.02285688791881587,0.04896512198553813,0.006525342585633539,0.15248792842508416,0.07091393919426742,0.3849718758901392,0.1184287562588585,0.0766547581052003,0.025503539965750017,0.13378702550216723,0.20465223225469908,0.30650028999234696,-0.14404142943919943,-0.026206385322612196,0.0787674124102997,0.4568680140157248,0.17150730815032927,0.14796885241963437,0.3312687250975507,0.24253449879370048,-0.11637375723693918,0.03129103220116203,-0.0181538641051248,-0.15722252537004053,-0.042812479623318814
#58,-0.24424219337170155,0.19589549293551187,0.027990953611520073,-0.09743399671227611,0.4073654624262579,0.4023631802379653,0.5055373094887555,-0.11141814837312577,0.5672668993469167,0.4296698205479311,0.33715642770610904,0.2874740465429137,0.5510081094901282,1.0,-0.06749305905891477,-0.3472845391180801,0.1460758372885544,0.40491923112561645,0.24129353746049068,-0.060939575204109996,-0.448048128434007,-0.3652729874702715,0.08632162725173052,0.20770247128389394,0.10612347153441987,-0.03367274449443523,0.0708878570423526,0.013126872509755068,0.423491096033797,0.3645577874098707,0.35930978389564394,0.14524532666179343,0.25451718848129806,-0.08412935374604907,0.05778912580176878,0.1890976604996105,0.38333556404369445,0.17387392025038867,0.0935669745046965,-0.0875172880052988,0.055294848431810616,0.1677569692539475,-0.0314365431539499,0.10834594542652898,-0.272014194181621,-0.12347633902679254,-0.11772865639167156,-0.08976172581480986,-0.01879219045461877,-0.06790900074471408,-0.06019417475728155,0.1596014921736385,-0.011261312275427524,0.166931949606537,-0.3456290088439086,-0.0627639530933089,-0.34801621211653233,-0.3827041014183886,0.03642784338354148,0.043314904233888264,-0.02871850837545944,-0.0928490289546205,0.3230514744995487,0.373089396575688,0.23084420375651624,-0.025002488100018188,0.7723055592734062,0.5587998091884676,-0.10897191707248435,0.011990239784204512,0.26573663203917813,0.005506765916118427,-0.34044689708188763,-0.08570389207480086,-0.4106765229746008,-0.1979134278468154,-0.07008342856750645,-0.0952883965310738,0.49733515908396736,0.11915768376763548,-0.03075840720416491,0.1013641651823863,-0.1645694557409905,0.37857351220198565,0.45990452559654343,0.10123787265732513,0.17353897051000902,0.22348354593719005,0.22358375631033642,0.07760332478799672,0.2422997594264672,0.22916121858559235,0.015858634736621743,0.18643865374913773,0.03056073194754742,0.1404942567787856,0.3806545933758198,0.36404575358543795,-0.021217830582695864,0.08387951418560197,0.12361086802087945,0.29766804970709054,0.543753153023299,0.009056684066207483,0.2764509054968135,0.13829923778342892,-0.24809136989639208,0.13054872043021823,-0.06820688637447793,-0.004492307481116179,0.13185557351563384
#101,0.050628888728735326,-0.21264435269933113,0.016895057089025934,0.12358478586896464,0.051685902253703835,0.022070305126858782,-0.06911015247763284,-0.09204597322461194,-0.15827267517082094,0.17748149368365781,0.07877290338965019,0.04868233654898812,0.1007738849022091,-0.06749305905891477,1.0,0.3590640625697097,0.2379920861260111,-0.3196058849571189,0.0006582311496394829,-0.09575650252070271,0.5136612134377992,0.263768115942029,0.3067158109318535,0.16849550597658783,0.37305782344442273,0.2692055582438475,-0.1718861857255128,-0.2103051954960242,0.06395000463301383,-0.012297734627831715,-0.05348419799098793,-0.047109170965073936,-0.11585897792283115,0.3113803978900912,0.1952187297305645,0.018936328662569023,0.09640581082889765,0.35862341147683324,0.25656532377902924,0.3578080010432861,0.22984621825956547,0.2641264023446482,0.1782104211924348,0.32920686235144325,0.23730296821752514,0.3290503694399544,-0.09906756306904563,-0.10997402080394801,-0.38887870769800986,-0.45108601275966326,-0.2504991643415801,-0.4154646569682244,-0.14003713274785767,0.025358029012962142,0.23460964284611188,0.2355458548253697,0.13218915051117586,0.19232223812318325,0.06580321016380278,0.22504435681756566,-0.4652664669322928,-0.43620134048533393,0.32553202442113066,0.2962047037101861,-0.56021236362638,-0.42685569363080716,0.08523029510582147,0.0767055496641923,0.3968392550113766,0.08222261116659288,-0.1568244293671303,-0.26341257502908505,0.15264716682624827,0.07147813732252983,-0.05856335389018728,-0.2511567091188008,-0.19926832700154776,-0.05664837484170536,0.35494445531200775,0.30428330707958834,0.03177012014949191,0.14888310048149025,0.0512548603746907,-0.16163178178848062,-0.03304265461396699,-0.5538798916904323,-0.3632687800073442,0.015691159866431926,0.06537903200897775,0.013747353176359962,0.02560237759405876,-0.18199645145459475,-0.0839714880897226,-0.23659051364679962,0.04696091452261082,-0.10595599666423004,0.08691190753190774,-0.03732424576250828,-0.13754560086757472,-0.15031212785745418,-0.282537656106827,-0.026644290925813437,-0.025255073150140535,-0.2232309608870677,-0.1848037146475306,-0.15189627540006934,0.01170333611314163,-0.42608283828722626,-0.08746786919114442,-0.28276415900503454,0.0940337077494878
#102,-0.06296986481895211,-0.028387676869592673,-0.16589827274380806,-0.061433763345653716,-0.2606121755603373,-0.329740860093278,-0.16484675019819003,0.06205287126742099,-0.1777560426511821,-0.3011644308085124,-0.31435239046354163,-0.29228277170910166,-0.3123138643796738,-0.3472845391180801,0.3590640625697097,1.0,-0.25036600809233084,-0.2816618449004245,0.16104973797732913,0.49180437013319056,0.6157810746532961,0.44508025409506946,-0.11323703528297419,-0.02704787790807414,-0.15729390810159685,-0.06123746083387385,-0.19998215431711092,-0.0672322375397667,-0.36829851709238914,0.01042942890382893,-0.36755311664556073,-0.09951919612062309,-0.38024826090388386,-0.08305998551754196,-0.16000919739041206,-0.11608822631071393,-0.42350756897184844,-0.011850219810767124,-0.20989062655506252,-0.04936733622296122,-0.09781150154262201,0.11031583426851575,-0.15800773541715998,0.1156764028594275,-0.12746279003524522,0.22115811618225933,-0.009173367377405307,-0.13819353643093205,-0.12640165827576386,-0.03748622965334761,-0.06653076492774214,-0.2113045537378126,-0.17208111549245506,-0.04367593612618271,0.26114891879184726,0.16209439679875903,0.17336875015014397,0.4884274178326418,-0.12399660932025107,0.08345121779626408,-0.19802324743382513,-0.16952506460480393,-0.16693469509621225,-0.008926273306633446,-0.26947461623202135,-0.06835651556177867,-0.17714379845360295,-0.3392347633902679,0.4224642828952561,0.29397262060421364,-0.07888409572149753,-0.23376677751581232,0.1856410889984797,0.15953422767659503,0.31358639884414885,0.03221214398720602,0.050830682219865676,0.1533747215901876,-0.11430503076664367,0.24499033930820524,-0.06671059450147056,-0.08042980640865928,-0.007791013325920511,-0.35868381224968854,-0.2554369275225044,-0.39595932557046126,-0.32922608077917,-0.18255378585866905,-0.07748801422163652,-0.08883786853909062,-0.0410320295689238,-0.4816680222521938,-0.22889765157676903,-0.3590887719767869,-0.2242413010875571,-0.22418501854921463,-0.13650231479098243,-0.26722880567767265,-0.16239640066303576,-0.26341806600843554,-0.38040887204988555,-0.4279538895009043,-0.34475182489266853,-0.28202699502723183,-0.4582119312117562,-0.299011966903122,-0.2159636497166998,-0.3144649555402266,-0.010386873813862664,-0.15415718614763185,-0.10509254016136615
#201,0.2830936177660637,0.13523389856102022,0.5239485632509343,0.3206121069230954,0.1251167691077502,0.060719936030090564,0.006819109980884528,0.0570478435894532,0.0011757559534227677,0.5738354833949353,0.3674748701898163,0.23567901107461897,0.12759869177416974,0.1460758372885544,0.2379920861260111,-0.25036600809233084,1.0,0.23996060222316026,-0.16039768417945893,-0.4370373420914454,-0.2872859805001596,-0.14811299062758462,0.19061728903485742,-0.019486799342455223,0.09205009145912481,0.06510448304145346,0.1288876991766963,-0.004555453743646765,0.3035530068259737,-0.25198859249039934,0.3352071300366866,-0.0683455336030777,0.3111689951850975,-0.1496037915212415,0.1802146286553621,-0.10609601663766743,0.2902222817078319,0.01134367696568481,0.002253360650955602,-0.009920140569071373,0.2064587644610089,-0.06573594566675933,0.259891484520586,-0.029568237429947113,0.31729967362991485,-0.09537487945584394,0.1374906910740699,0.015960217854605732,-0.04247341164842632,-0.1511536204429161,0.08845761821906949,0.006120382858535212,0.44284268000974647,-0.07178151393164417,-0.05081695477148946,-0.21680788779183696,-0.016590307735073972,-0.34650070181579823,0.28703476819487483,-0.09649092100883018,-0.16610692995912651,-0.23256013480354307,-0.008195973053018838,-0.008503467896646041,0.031384378850120284,-0.02721672552310158,0.0854952348594824,0.242235240419099,0.05652757329599467,-0.13566905867454623,0.1024252969418677,0.36070174716099207,-0.06143513609049134,-0.038114946788978234,-0.3936970420780611,-0.4027324485992855,-0.23680878007598144,-0.1561504116518582,0.35121333484335265,0.01287154196995748,0.15448801765349862,0.032227244180419855,0.019062621187630198,0.10913939194267418,0.20090875708250538,-0.02620089434326171,-0.06493563542642602,0.21178638717581771,-0.050611043045846245,0.17133434230078898,-0.08377793106761798,0.25657767848256785,0.13247605418223873,0.20947056663475036,0.3181356752360263,0.4900788298723004,0.07932611955921164,0.4320638875447429,0.17400982198931317,0.17047363128760035,0.1645049367336223,0.4947475350650509,0.13801507960204126,0.1725135301163058,0.02030907350019047,0.26276738495540297,0.05233795605157402,-0.21358468291310181,-0.2679467512277487,-0.03236589140901962,0.0331071736213352
