,#10,#11,#12,#13,#17,#18,#26,#49,#50,#51,#52,#53,#54,#58,#101,#102,#201,#202,#301,#302,#401,#402,#501,#502,#601,#602,#701,#702,#801,#802,#901,#902,#1001,#1002,#1101,#1102,#1201,#1202,#1301,#1302,#1401,#1402,#1501,#1502,#1601,#1602,#1701,#1702,#1801,#1802,#1901,#1902,#2001,#2002,#2101,#2102,#2201,#2202,#2301,#2302,#2401,#2402,#2501,#2502,#2601,#2602,#2701,#2702,#2801,#2802,#2901,#2902,#3001,#3002,#3101,#3102,#3201,#3202,#3301,#3302,#3401,#3402,#3455,#3501,#3502,#3601,#3602,#3701,#3702,#3801,#3802,#3901,#3902,#4001,#4002,#4101,#4102,#4201,#4202,#4301,#4302,#4401,#4402,#4501,#4502,#4601,#4602,#4701,#4702,#4801,#4802
#10,1.0,0.1247790738776953,0.495918486411542,0.5978338086462334,0.2530469787602055,0.1574888378685391,0.1251963883083322,0.6550813866095605,0.3043903811769228,0.22918867348234478,0.3628075377419034,-0.19048001455109528,-0.2499816395377968,-0.21408024379948315,0.02349109603379698,0.10182540744782712,0.2994965458308023,0.2485265300099181,0.1784396695803176,0.08094184023309207,-0.00339136612134378,0.2257266110018635,-0.0058513248703614094,0.06218740026150789,-0.005075724037105293,-0.16533819285005852,0.172781215359642,0.23482653653045607,0.23426782938154414,0.020078452367470065,0.37996135723282093,-0.14351017718703993,0.5252595345708628,0.2617995998448798,-0.05686664127088717,-0.20411411627835147,0.07457367693136618,-0.10618249956243758,0.0849571188831348,-0.23111463448952768,0.15178782855789724,0.26873470676454336,-0.06302340186761936,0.038414205163579705,-0.4148647674741838,-0.19536424068335237,-0.19637458088384177,0.08022114919334082,-0.0347077941020018,0.1298417568388432,-0.016761900839776654,0.18070469856239296,0.2515108772869071,0.19896632313727106,0.169582719887984,0.14010439724490112,-0.4103429459790588,-0.4083236383229176,-0.17626661450236283,0.0678074176267301,-0.22914200015786565,-0.13650506028065768,-0.1840555687110269,-0.11305308747473292,0.212162519261326,0.06299594697086693,-0.2178717650409936,-0.14729620744919986,0.22434288420554108,-0.12316060771413961,0.4261034294597906,0.2035279542326871,-0.044109723494871085,-0.014166040351834502,-0.3743866404472403,-0.22000775600833256,-0.37515400481147065,-0.18507963635989252,-0.011472714980421227,0.022327008411493994,-0.2113690727451808,0.13935899679807268,-0.3766914790296067,-0.06932841890681465,-0.08573683795090378,0.013435740098219894,-0.020031779042990937,0.13994241335406177,0.28140788710546455,0.03204329637217858,-0.024769121477622544,-0.21585108464001482,-0.11088415063129103,-0.18539948590705832,0.037954335642976525,0.04638573443564744,0.13459557221152627,0.30591000971216975,0.26921379471287327,0.28868618023453346,0.4007021589844434,0.4835212277829828,0.0673791212373922,0.44862605401064565,0.4986516213832463,0.4912717451361934,0.6274699969456428,-0.2890801580029308,-0.19436076420705112,-0.24352424782162554,-0.24209659319049923
#11,0.1247790738776953,1.0,0.23750064347414263,0.11858662191518496,-0.034821731923524384,-0.06917878971951391,0.14818025512462807,0.3717262609519299,0.3794452051738753,0.21715107400124234,0.3472131563865238,0.08903966203022098,-0.011899638624921495,0.027375963924265667,0.05034610329218531,0.19164410217339825,0.19848586244410354,0.29740173720859203,0.08193570749553,-0.23628576429284764,-0.26330687367658817,0.25402300033975433,0.32786843613476235,0.1984199706918977,0.2588330982507799,0.2705288842673146,-0.07884154063153126,0.060908002072844705,0.20534684114253554,0.023429322516104013,0.022269353128313893,-0.06253745019510136,0.17781095244468698,0.024080003569136577,0.02820784729586426,-0.14859619681042738,0.2675390460109751,0.11072491223012694,0.08596608633878657,0.07427716404643996,-0.04611804919231126,0.030174990648175793,-0.10778861102245467,0.047772206721645095,-0.18927337183882603,-0.08261933442466549,-0.13713926839563878,-0.13748794558439464,-0.24585654130074436,-0.1431244358876683,-0.2526241733502181,0.018656288715694247,0.0479836094266388,0.15469392937914184,-0.08584391204823826,-0.006367476929307073,-0.3307443365695793,-0.1228078122908709,-0.12723354164736245,-0.0006211670390237039,-0.07263947945515757,-0.030224409462330164,0.1236328319382814,0.22337235360534272,-0.03342015944431289,0.012186542295984377,0.32696379728676983,0.1735060246339061,0.25698538369934143,0.2280630227154952,0.2354881995421896,0.07593406706544904,-0.029627265457964836,0.07198330742277452,-0.30242872880396177,-0.27150902408137634,-0.09516896773020073,0.011983376060016404,0.2538431707660259,0.19313215757737992,-0.30771105093912904,-0.05999924499033931,-0.07474389729123125,0.05753928624132168,-0.16985177787615782,-0.11028151564757521,0.022995535147415636,0.02445339016496961,-0.019993342187537535,0.12038629039730668,-0.17486916025766422,-0.18488745208262553,0.05922776239159606,-0.004481325522415207,-0.13019317951727427,0.24990888406140288,0.32116669583749446,0.0511587682360572,0.16823880269195263,-0.020295346051814253,0.15631102279785988,0.10823749858435688,0.011767855120509837,0.09313044164633288,0.1644994457542718,-0.05546781428135092,0.15980328566476884,-0.082998211999849,0.17802098240484304,-0.13283296784002033,-0.19209985345948857
#12,0.495918486411542,0.23750064347414263,1.0,0.6468325628802932,0.20842041683396995,0.314006458764461,-0.0247279391324939,0.2875921025989492,-0.03634822418295943,0.2104973797732912,0.3144210277054227,-0.07705285410811052,-0.18213921691770737,-0.17633525174424391,-0.07617567015687042,-0.0035135404118920885,0.5549396507050761,0.5376142381094559,0.14815554571755088,0.0247087207047672,-0.21334307982168044,0.027524220366728785,0.058844766581899674,0.17076739868285132,-0.006462196323102952,0.12218321338975315,0.21335131629070617,0.45108601275966326,0.27275959462844945,0.07231551167347891,0.5437627622371622,0.07689087021727119,0.465178611262685,0.3220013246987683,-0.053038055918760964,-0.06381822112860217,0.23258621695545786,-0.07935494720080169,0.1272500145854139,0.04816481174520483,0.23508461255992888,0.26308037077838065,-0.09971549863240295,0.028799500320879107,-0.26381067103199524,-0.3134120602497709,-0.24818059831083747,0.21829594319581863,0.11786455813059608,0.1837027732877582,0.04968718577012701,0.3468891886048451,0.09538997964905778,0.29921513313908993,0.11961755328823867,0.04565817967170807,-0.3710220428502301,-0.21031480470988753,-0.07663691242231122,0.04971601341171707,-0.26245439913242524,-0.15700974992020922,-0.12718000459869522,-0.17394530298194497,0.4411885224804126,0.3303627135047205,-0.15264716682624827,-0.2869784856565324,0.2555302741714627,0.23813622433396137,0.5605994776705893,0.35965571559472453,0.011052655060109065,0.07020011187870427,-0.38284274864698836,-0.04062020611763737,-0.2618956919835133,-0.04480982336205802,-0.001926647379601698,0.06522665733200177,-0.28508272503577714,-0.05946936548301743,-0.18627255162378556,0.09670095096898626,-0.2610349809703247,-0.07405340663790766,-0.032987744820462135,-0.01749769207274175,0.2843510520373249,0.06458558549283255,-0.13003943209546068,-0.13182537312920617,-0.11185193574181415,-0.08140720073304575,-0.18018991924828492,0.3974707176366825,0.3331837041460326,0.626207071695031,0.5441649764745854,0.3072909910188169,0.6120856455504192,0.58414616987031,0.313440887891361,0.46631387124339796,0.48399482475196215,0.470400532624997,0.513212325875897,-0.27117132885132145,0.03159715429995161,-0.2835727057143936,-0.35933037506820825
#13,0.5978338086462334,0.11858662191518496,0.6468325628802932,1.0,0.30511107221667405,0.4041079389265822,-0.06492465346772505,0.38904892805787494,0.06634544437466325,0.3192228891474225,0.4224368279985037,0.00046467412753485913,-0.21263337074063016,-0.2560244623130064,0.08304213983465289,-0.058741810719078066,0.5567393191871978,0.2808052521217487,0.27763009331233035,-0.043179002494963745,-0.12525541633634993,0.040624324352150236,0.10731364130863766,0.1309825077989066,0.08445881250707822,-0.007257015584085769,0.2985397426789802,0.4233400941016586,0.49559451862986337,0.2754529199998627,0.5102046419366684,0.044385645207232996,0.5137394598935436,0.30927186181950467,0.1854571411902384,-0.030623878210078007,0.21124827119947012,0.01395601039167842,0.0273141904065727,-0.15308644517428713,0.26128344778593415,0.394237903544084,0.035438094355616415,0.1066506055520665,-0.22662987710501842,-0.32253394969576543,0.010852234313816333,0.2679494967174239,0.004357778487029277,0.13697042078061136,0.1097681090783048,0.25469289982051363,0.31581161822593323,0.2476946466383195,0.26383812592874767,0.10855460264184744,-0.46470501429370564,-0.41467532868659207,-0.31452261082340666,-0.15658968999989703,-0.16849550597658783,-0.06793782838630412,0.01563899556260231,-0.22134892771468873,0.4928504016994581,0.1879143544495808,-0.17904093181919578,-0.19486867979697103,0.3514206193138335,-0.05254935875656773,0.5398092571048125,0.34506618346048384,0.02215404256195369,-0.020221217830582696,-0.3810197435026271,-0.2547738917659333,-0.41312138153040456,-0.2709818900637297,0.10177736137851037,0.1604910308284172,-0.16614536681457992,0.1375044185224461,-0.14179973711936358,0.0018264370064553326,-0.024317488426045086,-0.0991938555941068,0.029170141427036896,0.3541359086026487,0.2947468486926321,0.20815959531482187,0.0026432201848400924,-0.03697145033923957,0.03342015944431289,-0.15398010206357868,0.05920579847419411,0.2680126429799545,0.252657119226321,0.43240021002996015,0.4108947894037826,0.35825551586035065,0.5186209405361255,0.6725866287789092,0.2585489400693923,0.4990538356206694,0.5531948920164592,0.5113344109380309,0.5141787382415824,-0.23131917347033326,-0.0627008068307783,-0.3191858250368067,-0.3950327228050668
#17,0.2530469787602055,-0.034821731923524384,0.20842041683396995,0.30511107221667405,1.0,0.5758396908578626,-0.17489661515441662,0.14288283279624692,-0.1015234035835504,-0.08415818138763911,0.21437812942924703,0.35316263251277513,-0.02271412245570324,-0.3630697320058891,0.1193128039342867,-0.050053708641771937,0.09089424030584756,0.11068098439532306,0.2306424102653859,-0.13004217758513592,0.06312773047527859,-0.11315741608239215,0.18086393696355704,-0.10140534752751496,0.06804215699396335,-0.057783634822418294,0.05215400824333275,-0.02545823938610851,0.26564877636957035,0.45779324403628163,0.3811528997518764,0.04570759848586244,0.1675977308527834,0.2564458949781562,0.15399794774646774,0.10925332976419676,0.22986406394245454,-0.002718721150909272,0.15011033436632382,-0.09278313720241466,0.21010202926005622,0.15607079245127614,0.08946384018504601,0.0954750898289903,-0.1840541959661893,0.09536801573165583,-0.025794561871325762,0.02761756701568704,-0.12020371533390302,0.0014461866864341924,-0.09017492201093391,-0.15690953954706285,-0.0972020028347181,0.038043564057421916,0.2110039226183735,-0.0986365211900325,-0.26221416878584153,-0.266944647496285,-0.26034723580667635,-0.10875639613297779,-0.11581642283286489,-0.1383115924869675,0.18432599944403835,-0.17758033131196657,0.061440627069841824,-0.14369961597463168,-0.14646157858792602,-0.22639651048262277,0.12420389379073192,-0.05134271604429848,0.11502709455123256,-0.016525788727705767,0.187928081897957,0.03577716233050891,0.008119099342112036,-0.14135496779197423,-0.22392968800941704,-0.2024325038522652,-0.1321273769934829,0.20141118169307484,0.10062837394942122,0.28748228301193945,-0.10993695669333224,0.1287161060719936,0.2550196130918675,-0.11572307618390662,-0.006740863525140106,0.18775923428292957,0.03911567777560426,0.13162495238291344,0.14523571744793007,0.01781067789571944,0.09304670421123798,-0.07257770593746461,0.11166112420938477,0.01910380353275884,0.04860409009324369,0.02142099681866384,0.0036398329369532615,0.14446148935951159,0.2439690171490149,0.2805705127545155,0.26399050060572365,0.10270533688874246,0.21873933977837035,0.18435894532014124,0.2059412396572256,-0.12500145854138997,-0.35101977782124805,-0.26566936754213466,-0.22781867413439857
#18,0.1574888378685391,-0.06917878971951391,0.314006458764461,0.4041079389265822,0.5758396908578626,1.0,-0.10507057624396421,0.03549849512847176,-0.269414215459166,-0.0865893124950667,0.07623744367456338,0.39741580784317765,0.25034267143009126,-0.292756368678081,-0.013268265228030077,-0.0434961065524543,0.19033724908798264,0.27822586457185805,0.3603324787996719,-0.008298928915840446,-0.06207071695031007,-0.1659833829237406,-0.03708538816076215,0.15889727407193868,-0.01400268371615755,0.08141955543658434,0.1524247821625536,0.387913668077162,0.5453620099729912,0.5598430952650598,0.3559328315950952,0.06073091798879154,0.11764491895657665,0.29657122658183105,0.33865134683427883,0.19089321074721932,0.28372508039136957,0.1697282308407719,0.08851252801257434,-0.08436272036844472,0.20169259438478723,0.2791044212679358,0.38917796607261135,0.23776283773812834,-0.12800090601159284,0.08586175773112734,0.1477025399211358,0.2639328453225436,0.008694279429075422,0.00011736968361663355,0.048531334616849754,0.07944692110492232,-0.0014461866864341924,0.009767765892095392,0.05566411679313078,-0.15134168648567026,-0.3483086067669457,-0.24387292501038138,-0.22415481816278696,0.07650924715241243,-0.2046151681440833,-0.20803055730008546,0.1770394698459437,-0.22770885454738887,0.3693308212102805,0.2708857979250962,-0.21614759752494106,-0.23807170532659316,0.04543167677350053,0.08178333281855402,0.031808557004945316,0.06672981292919725,-0.02987024129422383,-0.2569140009677851,-0.24188656323034316,-0.23972860834560225,-0.44359631692560064,-0.3182907954026775,0.046621846547718324,0.42676646521636175,0.21984989035200608,0.4193110880032397,0.03915548737589529,0.039151369141382425,0.19918321682161524,-0.36249180642925044,-0.11036525308267013,0.22173329626922272,0.03918431501748534,0.18894665856747211,0.20975747030581324,-0.10055424572818966,0.2728460775532196,-0.0901364851554805,0.11849876624557719,-0.04286464392714843,0.09654857629201029,0.08449724936253161,0.22598743252101158,0.12695761993500054,0.13972277418004234,0.42273608637310517,0.5110790803982332,0.06689866054422469,0.30365458994395766,0.14359391462213483,0.11500924886834347,-0.27635206786850475,-0.24303829614910755,-0.14773685854207635,-0.1253432720059577
#26,0.1251963883083322,0.14818025512462807,-0.0247279391324939,-0.06492465346772505,-0.17489661515441662,-0.10507057624396421,1.0,0.061822250134700586,0.310485368255962,0.42795663499057957,0.10404376310542338,-0.16682762099887777,0.42070991499277594,0.4104651202696071,-0.0103443187238964,0.21909213520163906,-0.17441066348189865,0.01123797561318796,0.08474022519879061,0.17466324853202098,-0.1974206124501093,0.335437751169407,-0.06665156647345283,-0.043962839797245586,0.014881240412235274,0.1926063963045709,0.07161953004080485,0.09091208598873662,-0.10710635683815682,-0.05295431848366605,-0.07936867464917789,-0.15840308593039498,-0.046770102990181445,-0.13963354576559694,-0.16211910620583622,0.03452659178343578,-0.2017461314334545,-0.002943851304279189,-0.005326936342390017,0.030747425245463936,-0.1472152155037802,0.15724037105292962,0.036666700985287605,-0.04273697865724964,0.052795080082501965,-0.0663166167330732,0.10581460394595503,-0.0841183717873481,0.018374876023981853,-0.044214052102530314,0.13861908733059472,0.1618102386173714,0.18872290115893983,0.21466228761063466,-0.11727153236074361,0.10727520445318425,-0.0838946143788158,0.08246284151317664,0.014454316767735006,0.055480168984889514,-0.20689667006421014,-0.22655437613894924,-0.07573227357431869,0.35081112060592956,0.0011441828221574744,0.11358845796140528,0.40806968052795767,0.5311266460068569,0.17330285839793813,0.24881343368098097,0.3331123214144763,-0.038454014763870725,0.18193330519206416,0.2283760085384729,0.0659006750472739,-0.019687220088747955,0.008918036837607718,-0.1382470734795993,0.41635968660235356,0.07077391922083003,0.10189404468970818,-0.20277431731683293,0.17205503334054023,-0.29632962349040964,-0.0810969603997433,-0.14648216976049033,-0.2753348639438273,-0.15679834721521552,-0.05103796669034651,-0.20436258309396096,-0.004983750132984656,-0.10132298283725767,-0.031157875951912748,-0.2620288482327626,-0.18949987473703356,0.030195581820740114,0.3419473071894079,0.19033999457765788,0.12318119888670394,0.058659446028820776,-0.13813725389258957,0.09392800639699095,-0.1335879775007121,0.03740661045276557,-0.06485464348100636,-0.190499232978822,-0.10303891388428447,-0.15828365712952192,-0.03137751512593218,-0.15717173381104854,-0.1344967345832175
#49,0.6550813866095605,0.3717262609519299,0.2875921025989492,0.38904892805787494,0.14288283279624692,0.03549849512847176,0.061822250134700586,1.0,0.6240285256377258,0.2715488336816673,0.4722770748180255,-0.0349699883659875,-0.22266264452429244,-0.16055966807029826,0.31491109761245356,0.05404427788473748,0.1102293513437456,0.024409462330165724,0.3178858356755792,-0.0018978197380116477,0.12677229938192164,0.17205777883021547,0.24112606259030087,-0.07702814470103334,0.15226554376138948,-0.0733574250052336,0.0246510654215871,0.01663423556987786,0.3478995288053345,0.14849186820276813,0.3589446337688366,0.03532690202376908,0.5648028223633862,0.2686592057984742,0.07076019177245381,-0.09352579215956786,0.27284195931870675,0.1286392323610868,0.13560728515685325,-0.07727798426148044,0.13398744624845996,0.30171901972291143,-0.12181531777327059,0.03714716167845511,-0.397363643539348,-0.2938655465068792,-0.0469911149090385,0.02707533280482657,-0.28465991962578974,-0.11278814772107197,-0.1448650763417723,-0.06513056519336827,0.07187623332544005,0.03537906632759869,0.21632468160899423,0.10633761972908881,-0.552441255100605,-0.44086318195389634,-0.21758211588025547,-0.07466839632516208,-0.27054535720536604,-0.21453874057524872,0.08488710889641611,0.14665513561003066,0.06539138671251635,-0.0752078850463473,0.0380490550367724,-0.015305418567060301,0.33882156719414386,-0.10812905174218479,0.29300620823852813,0.18296286382028024,0.07283852745661268,0.0039116364148023075,-0.3835455940038506,-0.39323168157810745,-0.47613036957722893,-0.3311753784485924,0.07721483799894985,0.011520761049737977,-0.38182966295682375,0.12281879424957187,-0.3517432143506745,0.04982171476421392,-0.14563381345084028,-0.06379762995603784,-0.1535669058674546,0.20099524000727556,0.21600757755150368,0.15066766877039814,0.06962355904690326,-0.34057456235178646,-0.18103141183374688,-0.33589762069001017,0.06467618665211557,-0.05840274274418557,0.02608832926657675,0.20421981763084832,0.16971999437174617,0.035171781857117855,0.35626503584579955,0.4391335234584933,-0.0799452274809789,0.5074728797098017,0.44243497479297295,0.32001359017389247,0.5436749065675545,-0.3532079330924166,-0.12709763990843792,-0.32326562269421766,-0.3480217030958828
#50,0.3043903811769228,0.3794452051738753,-0.03634822418295943,0.06634544437466325,-0.1015234035835504,-0.269414215459166,0.310485368255962,0.6240285256377258,1.0,0.3959099067563069,0.3726157996067086,0.07141499105999924,0.06586772917117098,0.23637499270729306,0.17016888193364837,0.06037125884133472,0.010701232381677975,-0.04003129858229777,0.05930189061282761,-0.08545130702467853,0.02106957414023275,0.24613795399245678,0.20580533791830108,-0.018100327056457564,0.17900524045341762,0.07107043210575627,-0.043678681615857945,-0.23699684611873556,0.029393898835569192,-0.17033910229351343,-0.01011781582568886,-0.22384869606399738,0.23393562513083974,-0.060137892218939074,0.09043986176459486,-0.08966563367617636,0.10524491483834214,0.038908393305123426,0.14536750095234174,0.01568429614224382,-0.15533911945282391,0.04889511199881944,-0.1374659816669927,-0.14307638981835155,-0.019166949795289427,-0.14725227961439596,-0.19577880962431404,-0.2985479791480059,-0.30203337829072674,-0.21600757755150368,0.07394221430606032,0.02822432023391572,0.21164087622302985,-8.030557300085454e-05,0.2168861342475814,0.13001060445387064,-0.16343419576027757,-0.13829649229375368,-0.003335083583001301,-0.005773078414616987,-0.2419799098793014,-0.20449573934321022,0.007414881240412235,0.200921111786044,-0.2305408271474019,-0.1398422029809154,0.34211752754927294,0.27751615549080777,0.24035320724672,0.01949366306664333,0.21412554437912468,0.07382415825002488,0.09023944101830213,0.3564970297233576,-0.21145692841478858,-0.23932502136334152,-0.28566202335725344,-0.1614711706424789,0.3487890674601132,0.05810348436958409,-0.22457350533826148,-0.224132854245385,-0.10629643738396016,0.1309619166263423,-0.0402509377563172,-0.06179479523794816,-0.1398792670915312,-0.023470504861232658,0.15705779598952596,0.06338168827023855,-0.03988990586402276,-0.03411614107698696,-0.02207579610620927,-0.13879479866981026,0.04448722832521698,0.01697742177928322,0.10842556462711102,0.11880351559952915,-0.035067453249458626,0.07872623006517106,0.0582572317913977,0.08045451581573645,-0.28309636325573895,0.11704228397286083,0.10669453338687038,-0.027127497108656185,0.08327962469156139,-0.20687607889164583,0.07800004804606932,-0.2552996530387423,-0.20785621870570753
#51,0.22918867348234478,0.21715107400124234,0.2104973797732912,0.3192228891474225,-0.08415818138763911,-0.0865893124950667,0.42795663499057957,0.2715488336816673,0.3959099067563069,1.0,0.17326579428732236,-0.13076286862488717,0.15817246479767458,0.2634606210984018,0.28180872859805,-0.2039699780704012,0.3138334929149207,-0.11965461739885444,0.1940917062188773,-0.06468991410049178,0.04682226729401106,0.03302206344140267,0.2245364412276457,-0.11098298825959978,0.31409980541341925,0.2307838029836609,0.33172310363880336,0.2351175584360318,0.1622385350067093,-0.0940790083291293,0.2296499157477856,0.07075881902761619,0.27183848284240547,0.25570049453132776,0.09415450929519849,-0.03786510722853113,0.13360307769392596,0.1573158720189988,0.40537360966686914,0.16800131783504413,-0.005302226935312832,0.283215792056612,0.0026953844886697075,-0.00830304715035331,0.18595819305597025,-0.08565310051580888,0.1039490437116275,-0.14699283084008552,-0.16095501858353323,-0.2372233490169431,0.1940354236805348,0.06936136478291756,0.47085765665592494,0.08903005281635763,0.27817507301286604,0.18668300233023435,-0.048646645183209956,-0.03042620295346052,-0.1066506055520665,-0.04455723831193567,-0.22368396668348278,-0.21299028439841172,0.20601948611297002,0.23129171857358083,0.12005134065692705,0.1405450483377776,0.31469557667294695,0.31105093912906207,0.2951037623504137,0.056273615501034706,0.4244218170337043,0.17672099304361555,0.10751680754460563,0.1340739291732301,-0.21479132562537107,-0.2363022372308991,-0.24866380449368022,-0.2707032228616925,0.5534076674662906,-0.060339685710069424,-0.07213980033426337,-0.21403906145435453,0.12183865443551016,-0.24086661381599042,-0.328293987034425,-0.22441701242677264,-0.26004111370788674,0.15236712687937348,0.1315782790584343,-0.04864115420385947,-0.05515345571353561,-0.037313263803807305,-0.007034630920391095,-0.312458002587624,-0.11063842930535679,0.23462886127383858,0.11981111031034329,0.29704619629564805,0.1498591220610391,0.13379663471603057,0.09050163528228782,0.3242594899566556,-0.045072017626043716,0.2693496964517978,0.12892339054247445,0.016172993304437056,0.15150367037650958,-0.26321489977246754,0.003995373849897216,-0.2941428409640787,-0.31899638624921495
#52,0.3628075377419034,0.3472131563865238,0.3144210277054227,0.4224368279985037,0.21437812942924703,0.07623744367456338,0.10404376310542338,0.4722770748180255,0.3726157996067086,0.17326579428732236,1.0,0.052843126151818715,-0.04378026473384194,-0.2057943559596001,-0.00568110451049635,0.08310528609718347,0.10914488292202466,0.12506323205908293,0.06464461352085028,0.06635368084368898,-0.08981389011863947,0.20228836564431496,0.06879579390981753,-0.05494891673273001,-0.04001894387875918,-0.1674439834309698,0.0403470298949507,-0.10141907497589117,0.10028930597452872,0.10216310267788199,0.13708984958148443,-0.12274192053866508,0.27177945481438776,-0.20599477670589286,-0.08920027317622269,-0.034758585660993796,0.0058554431048742734,-0.2192802012443932,-0.001442068451921328,-0.1359367439178824,0.04848191580269538,0.21186326088672452,-0.025234481977576214,0.0002285620154639706,-0.1357637780683421,-0.0539687769186683,-0.04732881013909337,-0.04855467127908932,-0.019551318349823432,0.17735382841375902,0.04039370321942983,0.1903852951572994,0.020086688836495795,-0.031183958103827555,0.13428121364371093,-0.047667878113985866,-0.20666055795213925,-0.032541602748235164,-0.2313658467948124,-0.051809449289089766,-0.10089468644791978,-0.1118546812314894,-0.037976299560378464,-0.06573594566675933,0.04906121412417164,0.02246977387460662,0.06494249915061413,0.002028230497585685,0.11255066286416347,-0.01557035832072124,0.18160796466554788,-0.0032678190859578497,0.08189589789523898,0.22211491933408148,-0.12849234866346132,0.020773061255306518,-0.1865704372535494,-0.1681660472155587,-0.05550625113680432,-0.10087409527535546,-0.04022348285956477,-0.026413669793093033,-0.3568223702498739,0.06606540442778848,0.08291447456475409,0.013713034555419425,0.001078291069951645,0.18282421659168047,0.34985431745410744,-0.0394959280956254,0.1274421988626809,0.059816669926935656,0.021644754227196136,-0.2229111113399019,-0.10259414455689513,0.16900753980102062,0.05967802269833589,0.1729747723817466,0.13236074361587855,0.06429181809758157,0.12376461544269306,0.18928160830785176,-0.08115187019324815,0.1850466904837896,0.2356419469640032,0.19055002453781397,0.23768047304787104,-0.10845713775837632,-0.08864019328247313,-0.27881614485203526,-0.26743471740331587
#53,-0.19048001455109528,0.08903966203022098,-0.07705285410811052,0.00046467412753485913,0.35316263251277513,0.39741580784317765,-0.16682762099887777,-0.0349699883659875,0.07141499105999924,-0.13076286862488717,0.052843126151818715,1.0,0.42263862148963405,-0.07174307707619076,0.16971724888207093,-0.12454982548981251,0.05084852790275476,0.03862148963406054,0.16423725149028612,-0.25527219814198987,-0.01575156063928727,-0.36221039373753805,0.045612879092066565,-0.08165017656930473,-0.06642506357524529,-0.08632299999656813,0.0186466795018309,-0.18030660255948275,0.4260457741766105,0.4188265090755593,0.13731635247969196,-0.13448987085902941,-0.18636040729339332,-0.01162646240223483,0.5091091915562465,0.15901670287281175,0.3101174726394795,0.12894123622536352,-0.12220105907264223,-0.015396019726343317,0.2566572976831499,0.04293190842419188,0.3515235751766551,0.17159928205444994,0.1599666423004458,-0.039417681639880985,0.15548051217109893,-0.1632900575523273,-0.1151643690349947,-0.31474636823193897,-0.0015601245079567723,-0.3018713943998874,-0.2657338865495029,-0.2808862440671684,-0.009118457583900449,-0.2619835476531211,-0.13067638570011703,-0.27686135620326235,-0.21293949283941974,0.04589429178377896,-0.14846029507150285,-0.17603599336964243,0.3825915363417036,0.0697663245100159,0.10001612975184206,-0.11718230394629822,-0.06671883097049629,-0.05588238322231259,-0.017931479441430125,-0.06055383390473837,-0.19258580513200657,-0.15260049350176913,0.060001990480014554,-0.090283368853106,-0.044860614921050014,-0.21654294803817603,-0.339727578786974,-0.2920809782179713,0.18033954843558567,0.41432802424267384,0.2928675610099284,0.33306427534515953,0.1575986574555488,0.40078315092986305,0.35664803165549597,-0.28235508104342333,-0.10221114874719875,0.28969652043502286,0.22143952887397172,0.42075109733790456,0.11081688613424757,0.09025042297700309,0.36459073328597363,0.014966350592167804,0.01448726264383792,-0.11180526241733502,-0.09815880598654024,-0.17747325721463209,-0.17673472049199174,-0.15366025251641288,-0.12947523396719826,0.24482835541736592,0.30324139374783365,-0.09773737332139046,0.12239873432925971,-0.07436639246088535,-0.23396308002759217,-0.1362620844443987,-0.14882544519831015,-0.19186374134741768,-0.06705789894538877
#54,-0.2499816395377968,-0.011899638624921495,-0.18213921691770737,-0.21263337074063016,-0.02271412245570324,0.25034267143009126,0.42070991499277594,-0.22266264452429244,0.06586772917117098,0.15817246479767458,-0.04378026473384194,0.42263862148963405,1.0,0.3599989018041299,-0.0664387910236215,-0.18197174204751757,-0.26754865522483845,0.003455885128711988,0.05729493766022506,0.06693572465484048,-0.08195218043358146,-0.04125166874294323,-0.23122582682137502,-0.1796943583619036,-0.15506868871981247,0.03115101222772464,0.08420348196728063,0.05444923761183581,0.08612944297446351,0.2270060091905267,-0.09592123190121728,-0.09400488010789775,-0.3969037740187448,-0.07068469080638463,0.24186185382326597,0.3044082268598119,-0.10706105625851531,0.17025536485841852,-0.14058623068290624,-0.038810928421652305,0.06612168696613095,0.07961988695446262,0.32259572321345836,0.07726013857859136,0.2361800629403508,0.18562049782591536,0.11341411936702736,-0.05678015834611702,0.032332945532916706,-0.10010398542144983,0.11914395631925927,-0.1176476644462519,-0.1779358722249105,-0.25041817239616043,-0.20072069103975126,-0.12698370208691534,0.03235490945031865,0.016571089307347273,0.035826581144663285,0.1278581405484802,-0.09800643130956425,-0.13723947876878514,0.2563250934324455,0.13072168627975853,0.12640028553092622,0.13980376612546203,0.16960331106054835,0.2228713017396109,-0.09771403665915089,0.10079035784026055,-0.045249101710096884,-0.12863785961624918,0.18166973818324084,-0.05667994797297066,0.06824806871960658,-0.021445706225741025,-0.12074457679992587,-0.18943535572966536,0.30208142436004354,0.1842669714160206,0.557007004430534,0.22754687065654955,0.4343151890784421,-0.10027969676066537,0.4597123413192764,-0.24455792468435447,-0.12498361285850089,-0.12920617597902445,0.14941023449913687,-0.034088686180234536,0.036588454529543186,0.19900613273756207,0.3971961686691582,-0.04034977538462595,0.06415591635865704,-0.16060908688445263,-0.017559465590434715,0.00033700885763606473,-0.1784026054697018,-0.09824528891131039,-0.3131622206893238,0.012883896673496072,0.14141674130966722,-0.23007821213712348,-0.04377065551997859,-0.2751179702594831,-0.36471290757652197,-0.10609601663766743,0.02556256799376774,-0.039627711600037065,0.07132988088006671
#58,-0.21408024379948315,0.027375963924265667,-0.17633525174424391,-0.2560244623130064,-0.3630697320058891,-0.292756368678081,0.4104651202696071,-0.16055966807029826,0.23637499270729306,0.2634606210984018,-0.2057943559596001,-0.07174307707619076,0.3599989018041299,1.0,-0.02020749038220648,-0.1467237728519117,0.005027677967788542,0.06749580454859001,0.040143863658982724,0.061118032033000785,0.016505197555141446,0.17607305748025823,0.08424191882273403,0.06294240992219968,0.16988060551774786,0.20190536983461857,0.24001139378215225,0.049974089441189896,-0.07104023171932859,-0.19214103580461722,-0.09201989107269713,-0.05710275338295806,-0.11379162419737325,-0.021845174973488864,0.06017358358471723,0.0907116652424439,0.05923737160545941,0.20812664943871895,0.0890218163473319,0.1324733086925635,-0.20382309437277574,-0.06849516279037843,-0.09639894710470955,-0.09267469036024256,0.2336308757768878,0.0017124991849327526,0.09649366649850542,-0.1268532913273413,0.04386262942409922,-0.26138640364875576,0.295954864149739,-0.03363979861833232,0.15535833788055062,0.15955344610432173,-0.013435740098219894,0.16886889257242088,0.10041422575475227,0.08007014726120246,-0.021326277424867958,0.016081019400316417,-0.093713858202322,-0.05114092255316812,0.16908029527741458,0.18726916437589872,0.012174187592445785,0.17104881137456374,0.5210479534090402,0.4996482341353595,0.1250934324455106,0.2755998036974882,0.06601873110330934,0.2131165769234729,0.006567897675599804,0.3053828756945231,-0.039668893945165706,0.10410416387827871,0.062032280094856666,0.0454165765802867,0.43353272452099784,0.02130843174197888,-0.026710182678019268,-0.4296862934859826,0.41044452909704277,0.05100364806940598,0.02669508248480543,-0.17587126398912786,-0.07417420818361835,-0.3649037191089513,-0.19221928226036164,-0.08916732730011977,-0.011185811309358345,0.05007979079368675,0.15907984913534234,-0.14514237079897183,-0.2599738492108433,0.12035197177636614,0.09619989910325444,0.09777718292168147,-0.06009259163929757,0.13961707282754549,-0.1314039404640564,-0.09457731470518589,-0.016230648587617157,-0.024038821224007936,-0.039692230607405274,0.010406092241589364,-0.27466084622855513,0.041423261847645915,0.27933229691098094,-0.11836423725149028,-0.23183944376379179
#101,0.02349109603379698,0.05034610329218531,-0.07617567015687042,0.08304213983465289,0.1193128039342867,-0.013268265228030077,-0.0103443187238964,0.31491109761245356,0.17016888193364837,0.28180872859805,-0.00568110451049635,0.16971724888207093,-0.0664387910236215,-0.02020749038220648,1.0,0.1328192403916441,-0.08830661628693112,-0.3710714616643845,0.5953628679385148,-0.022725104414404212,0.6289319701977095,0.061131759481377,0.4864945931012708,-0.1675332118454152,0.2886106792684643,0.05801562869997632,-0.19118423265279508,-0.12210908516852159,0.46905524268412796,0.1559609728642664,0.13937821522579938,0.1616427637471816,0.09813409657946305,0.31967452219899994,0.3473119940148325,0.17633799723391916,0.5146056618860828,0.41313236348910554,0.39523451629619716,0.17294457199531893,0.23633655585183966,0.11124518252358548,0.13857653224062844,0.37998881212957336,-0.10002985720021827,-0.21520040358698225,0.08947756763342223,-0.06388685837048325,-0.5654178120506406,-0.572374882887706,-0.3771788034469623,-0.5941342613088436,0.06029713062010316,0.0625841235195805,0.438525397495427,0.2568494819604169,-0.32640646288269554,-0.2562866565769921,-0.21777155466784723,-0.21606523283468376,-0.472322375397667,-0.5953326675520871,0.7248991890509872,0.43544770356947976,-0.11967383582658114,-0.03226568103587325,0.3471129460133774,0.1864098261075477,0.5952873669724456,0.04633768836633069,0.10661628693112596,0.13339853871312035,0.17402492218252702,-0.20009197390412065,-0.11042702660036309,-0.5695703651844455,-0.5350252413457017,-0.7228812541396836,0.4571054988726333,0.30425447943799827,-0.11990720244897679,0.16845569637629682,0.042183762487688195,0.036246641064975445,-0.14523434470309246,-0.3904299093645221,-0.5475515379889975,0.09921170127699588,-0.2979645625920168,0.3220589799819484,0.07839402581446667,-0.19298115564524154,0.14211135019750365,-0.4748166527676252,-0.008602305524954786,-0.2626616836029061,-0.07440620206117637,-0.05214302628463178,-0.23621987254064183,-0.31602302093092693,-0.139713164966179,0.22013404853339374,-0.24291612185855924,0.16705686938676056,0.25018343302892715,-0.11642729428560643,-0.0544108007563824,-0.5353409726583547,-0.3081091469420393,-0.4172560889813204,-0.21832339809257104
#102,0.10182540744782712,0.19164410217339825,-0.0035135404118920885,-0.058741810719078066,-0.050053708641771937,-0.0434961065524543,0.21909213520163906,0.05404427788473748,0.06037125884133472,-0.2039699780704012,0.08310528609718347,-0.12454982548981251,-0.18197174204751757,-0.1467237728519117,0.1328192403916441,1.0,-0.1389307004087348,0.16290843448746856,0.20277431731683293,0.39673904463823023,-0.204199226458284,0.6027660808478073,0.03696184112537622,0.21798570286251617,-0.10679611650485436,0.09018178573512202,-0.4251974178669604,-0.10522157817610257,0.0411020395556425,0.07004910994656591,-0.12221341377618082,-0.1567269644836592,0.010728687278430404,-0.13086582448770878,-0.19688112372892408,0.03388689268910418,0.02148963406054491,-0.0399310882091514,0.03529121065799092,0.0012498841746543257,0.10511862231328097,-0.008020261713803293,-0.07009578327104504,0.17969984934125408,-0.4467069567276509,-0.013567523602631552,-0.13031672655266022,-0.1347781472749299,-0.11812675239458177,0.05898615930017468,-0.4281447010333337,0.08538678801731031,-0.12802561541867002,0.3813382203049553,-0.08642321036971451,0.3342640543332407,-0.32544005051701,0.1801116727925405,-0.04081101765006675,-0.044389763441745854,-0.2784825678564933,-0.35268354456444523,-0.1999025351165289,0.23839018212892132,-0.14174482732585875,0.17173106555886158,0.32052013301897475,0.1691214776225432,0.288466541060514,0.3198639609865917,0.1627821419624074,-0.0995329235689993,-0.0421329709286962,0.022100505513286454,-0.029056203605514315,-0.13660389790896643,-0.10874678691911444,-0.06066914447109857,0.08943089430894309,0.42994025128094254,-0.07197918918826166,-0.03669690137171528,-0.013476922443348537,0.039571429061694585,-0.17523431038447151,-0.18323054906361644,-0.2668224732057367,-0.15601450991293367,-0.356637049696795,0.049600702845356864,-0.004118920885283146,-0.2199020546558357,-0.03316757439419055,-0.11189586357661804,-0.1846046666460755,-0.009744429229855828,0.340122929300209,-0.022121096685850775,0.18637962572112002,-0.08292271103377982,-0.13218915051117586,-0.09543253473902405,-0.1448801765349861,-0.20158414754261514,-0.0023316071067000245,-0.23518619567791288,0.01394640117781507,-0.30813797458362935,-0.36092962280403723,-0.13785584120087718,0.018888282593252273
#201,0.2994965458308023,0.19848586244410354,0.5549396507050761,0.5567393191871978,0.09089424030584756,0.19033724908798264,-0.17441066348189865,0.1102293513437456,0.010701232381677975,0.3138334929149207,0.10914488292202466,0.05084852790275476,-0.26754865522483845,0.005027677967788542,-0.08830661628693112,-0.1389307004087348,1.0,0.3402258851630306,0.1364927055771191,-0.12182904522164681,-0.29999073397234605,-0.14362274226372487,0.14992501381324494,0.27909755754374765,0.14428715076513365,0.07797533863899213,0.4320954606760082,0.3846369261497596,0.3305974528719538,-0.03180581151527007,0.4255584497592549,-0.07787375552100814,0.48908908084437536,0.2613644397313538,0.1009729329036642,-0.08606766945677055,0.2192294096854012,-0.1244400059028028,0.09872163136996503,0.0741453805420283,0.13696904803577373,0.36681046168840753,-0.0938291687686822,0.05444923761183581,-0.10318167934739711,-0.22316369639002426,0.04225377247440689,0.06727616537457058,0.0468057943559596,-0.05789208166459039,0.22700875468020193,0.37787203958996113,0.3203842312800502,0.25052112825898204,0.1621506793371015,0.05712746279003524,-0.16368952630007516,-0.26478943810121935,-0.2266367408292065,0.04095790134769224,-0.0146012004653605,0.11177643477574498,-0.0829213382889422,-0.0239852841753407,0.43440853572740035,0.1925034404417493,-0.08738824999056238,-0.06381547563892692,0.2390106627955262,0.10900760843826252,0.4366584645162619,0.3735588753101545,-0.13258175553473558,0.1600490069907031,-0.3817747531633189,-0.03883151959421663,-0.11048056364903033,0.10735756914344154,0.19070102646995232,0.10712969350039638,-0.19767868847958214,-0.1780168641703302,0.05821604944626905,0.10656137713762111,-0.22360022924838788,-0.07881683122445407,0.13246232673386252,0.2390738090580568,0.15809421834193016,0.061538091953312946,-0.028637516430039776,-0.09613949833039909,0.0442387615096075,-0.04254067614546977,-0.14370922518849502,0.5945049024150013,0.2542440122586114,0.39594422537724744,0.45335790546592675,0.4372295263687124,0.5126769553892246,0.5254077910133259,0.19298115564524154,0.42645210664854644,0.35079739315755337,0.5479345337986938,0.38257918163816507,-0.004608990792314002,0.12036707196957998,-0.2621565135026614,-0.39630937550405476
