,#10,#11,#12,#13,#17,#18,#26,#49,#50,#51,#52,#53,#54,#58,#101,#102,#201,#202,#301,#302,#401,#402,#501,#502,#601,#602,#701,#702,#801,#802,#901,#902,#1001,#1002,#1101,#1102,#1201,#1202,#1301,#1302,#1401,#1402,#1501,#1502,#1601,#1602,#1701,#1702,#1801,#1802,#1901,#1902,#2001,#2002,#2101,#2102,#2201,#2202,#2301,#2302,#2401,#2402,#2501,#2502,#2601,#2602,#2701,#2702,#2801,#2802,#2901,#2902,#3001,#3002,#3101,#3102,#3201,#3202,#3301,#3302,#3401,#3402,#3455,#3501,#3502,#3601,#3602,#3701,#3702,#3801,#3802,#3901,#3902,#4001,#4002,#4101,#4102,#4201,#4202,#4301,#4302,#4401,#4402,#4501,#4502,#4601,#4602,#4701,#4702,#4801,#4802
#10,1.0,0.13297710604797056,0.29462192891240857,0.45538682233593125,-0.2592051121017753,0.05493656202919142,0.06971827844069914,0.46081465542388644,-0.211868751866075,0.24285983932021676,0.18624921496154598,-0.21249884174654327,-0.2691726123677446,-0.43725286303095195,0.17065483360616637,0.09060733663478467,0.2808272160391507,0.2140253340059783,0.16891419315206238,0.10925195701935914,0.126295956923267,0.32689378730005114,0.3161246040489109,0.3819037911780553,0.21740091356168945,0.32424301701860414,0.304008758112064,0.20032945876102914,0.03533102025828194,-0.08410052610445902,0.05875828365712952,0.058788484043557195,0.003252718892744014,-0.04614275859938844,-0.13178693627375276,-0.012459718518671045,0.04732469190458051,0.08821464238281049,0.012734267486195334,0.0458201635625474,-0.13048557416768763,0.015087152137878491,-0.1072340221080556,0.02092818142195774,0.0959102499425163,0.18993503485055957,0.05782069893303408,0.1040643542779877,-0.052148517263982265,0.12096284322910768,0.12629321143359176,0.18900294110581461,0.2844979357349504,0.24570004838925552,0.3613963560488285,0.12379069759460785,-0.024769121477622544,0.0003507363060122792,-0.053191803340574564,-0.008175381880454516,-0.12982665664562934,-0.09203910950042384,-0.27028179019654275,-0.1702663468171195,0.016517552258680037,0.059218153177732706,-0.20209069038769745,-0.060696599367851004,0.28132003143585677,-0.1004032437960513,0.2164701925617821,0.11155816834656317,-0.313814274487194,-0.15127167649895157,-0.3474973145679114,-0.22304564033398883,-0.3268278955478453,-0.2910637742932938,0.0581103480937722,0.10958141578038828,-0.17593303750682082,-0.0771475735019064,0.09810938717238586,-0.0777103988853312,-0.3501082752490674,-0.12750809061488674,-0.05663739288300439,-0.12749848140102338,-0.14558576738152354,-0.27926777790361274,-0.23424998369865505,-0.05307374728453912,-0.12325258161826025,-0.13743303579088978,-0.06357799078201841,0.15174527346793096,0.39018967901793833,0.09361364782917564,0.33219258237326993,-0.11665928816316445,0.10306087780168642,0.19318432188120951,0.07144107321191405,0.06515115636593259,0.1714688712948759,0.13722300583073369,0.27423117709437966,-0.17963533033388587,-0.07157422946116333,-0.038186329520534544,0.01060102200853161
#11,0.13297710604797056,1.0,0.3459159125149715,0.18110279456530318,0.04917652469053183,0.03647726219769585,0.1261106363701881,0.23559527363952407,0.17229389094228637,0.4056632588276073,0.15808598187290443,0.06575653683932364,-0.13172241726638456,-0.23349634678280087,0.25836361951631337,0.20605655022358582,0.07903235216396064,0.24109174396936034,0.2676488655979848,0.0703167951899021,0.4549942173123715,0.3144224004502603,0.19729981090439863,0.1971007629029435,0.2930803364597597,0.25929845875073354,0.20755009660691795,-0.10944963227597662,0.019194404692041856,-0.09354501058729456,-0.17762975012612092,-0.18296149107544263,-0.029387035111381084,-0.0074368451578141785,-0.17204267863700165,-0.05262074148812404,0.04887452082625512,0.0777433447614341,-0.043430214800248466,0.05894772244472128,-0.036957722890863354,-0.055423886446547034,0.17021967349264036,0.08636006410718391,0.09477087172729051,0.06542570533345687,-0.39567791287874887,-0.37692072741748944,-0.36696009087570824,-0.153717907799593,-0.15086534402701562,-0.10977771829216815,-0.040977119775418944,0.18935710927392094,0.20710120904501572,0.07418244465264408,-0.23790285771156572,-0.24135256548850842,-0.2685686046391912,-0.13190087409527534,-0.10537944383242903,-0.04555247831921122,-0.16464221121738445,0.028835191686657262,0.2273656683379835,0.07853267304306644,-0.0492382982082248,-0.12180021758005677,0.38726435976896706,0.005070233057754807,0.25862581378029903,0.1673204363955839,-0.032809287991571345,-0.20274823516491813,-0.40129655749913345,-0.3319866706476267,-0.24151592212418535,-0.23795502201539534,0.20491854475319765,0.14360215109116056,0.009931122527772344,-0.1399890866785409,0.09009667555518949,-0.131699080604145,-0.28343131299611857,-0.15456077312989255,-0.06623013380830305,-0.09544626218740027,-0.09176593327773716,-0.14752133760256977,-0.010246853840425276,-0.19530933088984753,-0.2577953031535381,-0.00784729586426299,-0.023467759371557415,0.38421274799493454,0.32849989876006824,0.21219546513742893,0.1307326682384595,-0.14330701095107196,-0.11088140514161579,0.10095096898626225,-0.21372607563137683,-0.16708844251802585,-0.1973176565872877,-0.14799905280606204,-0.01843664954167482,-0.0981244873655997,-0.32121611465164884,0.04031682950852303,0.21164636720238034
#12,0.29462192891240857,0.3459159125149715,1.0,0.4482609038838383,-0.18092708322608764,0.2628662225837117,0.23563371049497747,0.111330292703518,-0.1055812373235594,0.4696331682607666,0.31909385113268607,-0.2591474568185952,-0.07474527003606887,-0.3541592452648883,0.3003984391891196,0.1263426302477461,0.5066615875107675,0.5878457172076997,0.11220610390992049,-0.07746055932488409,0.3802784612903115,0.24349542018003548,0.4585070713518448,0.11151973149110976,0.5605582953254606,0.1364103408868618,0.23214968409709424,-0.00848424946891934,0.13448712536935417,-0.3212737699348289,-0.11223904978602339,-0.2654744377751924,0.14247512757947334,-0.0557162810969604,-0.32049405086705995,-0.21562183625213205,0.029871614039061453,-0.07663965791198646,-0.08196041690260719,-0.21003201927333753,0.10015340423560419,-0.15758493000717258,0.025028570251932995,-0.05706980750685514,0.1999437174616575,0.019000847669937232,-0.3152872296979618,-0.16596690998568914,-0.3137483827349882,-0.13819353643093205,-0.18118515925556047,-0.13131059381509813,0.017961679827857797,0.26980819322756333,0.33322351374632364,0.12552447432452374,-0.22372103079409858,-0.3401490114521238,-0.06907720660152993,-0.16007234365294265,-0.06340502493247811,-0.01995078709757127,-0.34100972246531247,-0.11860034936356117,0.28789959744257637,-0.07503903743131986,-0.15187705697234263,0.03946023672984725,0.3530871315467059,0.01763084832199103,0.39814061711744175,0.383816024736862,-0.3633483992079262,-0.3510499782076757,-0.5386739971240996,-0.456548164468559,-0.31023278320583964,-0.2333302446574487,0.43104942910974064,0.01380226296986482,-0.2168106332815122,-0.25884957118883134,-0.12315237124511388,-0.10732599601217625,-0.3920126841622996,-0.18539811316222068,-0.11395086259853734,-0.24026672432194984,-0.11601547083432,-0.23777244695199168,-0.1237042146698377,-0.14154166108989077,-0.13466146396373208,0.0381451471754059,0.1088785704235261,0.4595695758561638,0.35531509641816555,0.5137984879215614,0.31739027478919785,-0.13684138276587493,-0.017883433372113375,0.3306084348306548,-0.13401627389005,0.09840315456763686,-0.094533386870382,0.040363502833002156,0.11364199501007252,-0.0803735238703168,-0.2777632495615796,0.16744123794129456,0.2607480772992618
#13,0.45538682233593125,0.18110279456530318,0.4482609038838383,1.0,-0.10201484623541887,0.2093978111583564,-0.04026878343920628,0.14074546908407032,-0.23485810966172135,0.5216560793721066,0.02950509116741653,0.03516079989841688,0.061255306516762933,-0.3799064474393161,0.035494376893958894,0.15801734463102335,0.26344552090518797,0.13186792821917245,0.1311486099242588,0.014868885708696681,0.047278018580101375,0.26909848414651305,0.05160216481860893,0.3300332547436914,0.10192973605548634,0.3372937021898712,0.2564445222333186,0.22187057075298486,0.09390741522442662,-0.07018775717516568,0.1660932025107503,0.008543277496937063,0.08284995555738588,0.01566507771451712,-0.10550024537813972,-9.128753170182609e-05,-0.04042115811618226,0.06054010645636216,0.04402049508042569,-0.03971007629029435,-0.015207953683589178,0.011004608990792314,-0.09344891844866106,0.1394386159986547,0.21006771063911567,0.07227295658351265,0.07757724263608191,0.0874349233150415,-0.058037592617378266,0.033473696492980126,0.2224169231983582,0.12770164763699135,0.3600098837628309,0.17135493347335332,0.09648268453980445,0.1880420197194796,-0.18363688153555238,-0.053053156111974795,0.11751588094184023,-0.03447854571411903,-0.11156777756042652,-0.09735849574620693,0.02445339016496961,0.11926613060980758,0.1477080309004863,-0.06684512349555745,0.050465532093058374,0.029389780601056327,0.01633085896076352,-0.10479053629708944,-0.019374234265770264,-0.04340413264833366,-0.15235751766551012,-0.19332708734432216,-0.34352733649751016,-0.39036676310199153,-0.22352198279264346,-0.1510108549798035,0.03366999900475999,-0.0975094976783453,0.17724675431642456,0.04358396222206207,0.11196587356333673,-0.23798934063633587,-0.345384660262812,-0.10617975407276234,-0.11779317539903976,-0.04727390034558851,-0.16296334428097342,-0.23594669631795515,-0.07709540919807678,-0.04925477114627626,-0.045784472196769246,-0.03094921873659429,-0.0553964315497946,0.09640169259438479,0.27168198993091663,0.10139985654816447,0.5295013161191131,0.1357953511996074,0.33932124631503807,0.3081750386942451,-0.022810214594336742,0.09862691197616914,0.24305751457683425,0.2605874661532601,0.37983094647324694,-0.11889960773816265,-0.20508464687854983,-0.052082625511776434,-0.054712804620659125
#17,-0.2592051121017753,0.04917652469053183,-0.18092708322608764,-0.10201484623541887,1.0,0.1896673496072234,-0.3298740163425273,0.07441992950955259,0.3167643031432425,-0.2037819120276471,0.1650732530963976,0.6329733309996671,0.22399695250646048,0.11623511000833943,-0.029657465844392508,-0.23884730615984928,-0.21491899089526986,0.0415632818210833,-0.008183618349480245,-0.021075065119583236,-0.27229835236300864,-0.19175941273975847,-0.043695154553909404,0.2201065936366413,-0.2159005034541692,0.13483992079262286,-0.3228702721809827,-0.15925418772972028,0.23732905036943996,0.41298547979148004,0.251311829285452,0.2962747136969048,0.2097739432438647,0.2533421189002941,0.5626352582647819,0.3290942972747583,0.25157265080460006,0.15980191291993123,0.2194147302384801,0.1928040715611884,0.37079142171750973,0.29468919340945204,0.3098127232855275,0.37017231379574245,-0.16761145830115962,-0.06510036480694059,-0.07913668077161988,-0.14190818396153568,0.0668094321297793,-0.23631184644476247,-0.1652860285462289,-0.11709444827669045,-0.11808831553912838,-0.11731271470587226,-0.27011706081602815,0.07024403971350815,-0.17712458002587625,-0.15990761427242808,0.08647125643903125,0.2693318507689087,-0.11685696341978194,0.07999739178480852,-0.12624928359878787,-0.19881806669480795,-0.05056711521104236,0.15327451121704125,-0.20173240398507827,-0.28609855621561703,-0.23267544536990326,0.08071671007972216,-0.14539632859393178,-0.07403418821018096,0.34043316963351145,0.36283224714898055,0.13898286471256438,0.06897150524903307,-0.0012855755404324832,0.032098206165683436,-0.23828448077642447,0.09188124384409736,0.32400004118234516,0.49238504119950444,0.22331744381183785,0.31903482310466835,0.5496628195492592,-0.12420663928040715,-0.07594779451382526,0.5046889531791054,0.49434669357246547,0.5026449361158871,0.6375967356127762,0.11127126467550028,0.29270145888457616,-0.17205503334054023,-0.20163905733612,-0.11372161421065456,0.10926019348838487,-0.12188670050482692,-0.15131011335440497,0.13509387858758284,-0.12081733227631981,0.15171370033666567,0.4647118780178937,-0.05311630237450538,-0.054049768864087966,-0.02569572424301702,-0.1747524769464664,-0.14594954476349323,-0.013426130884356543,-0.26697347513787506,-0.12974429195537207
#18,0.05493656202919142,0.03647726219769585,0.2628662225837117,0.2093978111583564,0.1896673496072234,1.0,0.09449357727009097,0.18670908448214918,0.18608723107070665,0.11859211289453545,0.3082821127915796,0.21781822799232636,0.3506505094599279,-0.19786126354298578,0.22062960941977508,-0.2581563350458325,0.09654583080233504,0.3411593516526132,0.18970578646267677,0.09203636401074859,0.18043014959486867,0.014953995888629211,0.11391242574308394,0.1181857804225995,0.0561006496514944,0.09384975994124652,-0.10956219735266158,-0.119344377065552,0.3635515654438942,0.3161273495385861,0.21368214779657294,0.19502517270845987,-0.047538840099249455,0.10137240165141204,0.20604145003037197,0.11058901049120243,0.15283660561384002,-0.004887657994351155,-0.03693987720797427,-0.061952660894274626,0.358457309351481,0.21933648378273568,0.316244032849784,0.16028786459244923,-0.1710268474571618,-0.03448540943830713,-0.014043866061286193,0.13581182413765885,-0.12516206968739169,-0.20281824515163682,-0.0985788659068524,-0.12197867440894755,-0.12955622591261792,-0.06227662867595329,-0.018689234591797162,-0.12746004454556997,-0.37696465525229333,-0.42550079447607475,-0.12310569792063476,-0.16715707975990693,-0.21988558171778425,-0.161963986039185,-0.22992171922563465,-0.221380500845954,0.003616496274713697,-0.017910888268865804,-0.1834007694234815,-0.039369635570564235,0.11211962098515034,0.11623099177382656,0.23253267990679063,-0.05441354624605765,0.1600490069907031,-0.024788339905349243,-0.02681725677535374,-0.26952128955650045,-0.21370273896913727,-0.2190111432562194,0.09889596996434295,0.24109998043838607,0.051072285311287054,0.3494040571473676,0.18267046916986687,0.01039373753805077,0.01753475618335753,-0.20320398645100846,-0.27053437524666507,0.2853092279339847,0.37602295229368504,0.3348090340337764,0.31818372130534306,-0.11210040255742364,-0.1400714513687982,-0.22555227240748557,-0.23106247018569806,0.30538013020484783,0.17842456938710374,0.2074389042750706,0.19024802067353724,0.07868092948552956,0.03584579957238998,0.4669439611238662,0.11924279394756801,-0.09445376766979996,-0.08774790913801919,-0.013397303242766492,0.07768843496792925,-0.2602017248538885,-0.1687618184750864,-0.15865567098051733,-0.14081959730530189
#26,0.06971827844069914,0.1261106363701881,0.23563371049497747,-0.04026878343920628,-0.3298740163425273,0.09449357727009097,1.0,-0.09112897967308081,0.12410368341758554,0.5425108189452515,0.26915476668485555,-0.2988788106538727,0.19253775906268983,0.40016267026325814,0.05886123951995113,0.14432558762058706,0.5310964456204292,0.3125719404091466,0.20233915720330695,0.0002656261260797496,0.2601193601636312,-0.1291196930542543,0.19495516272174118,-0.19369086472629185,0.3201138005470388,-0.0437459461129014,-0.10520235974837587,-0.2821491693177801,0.25230706929272756,-0.2702474715756022,-0.05747339448911585,-0.02789211598321133,-0.13881950807688745,-0.11762981876336281,-0.15937498927543095,-0.08713703768527765,0.03429459790587775,-0.1583275849643258,-0.08442037565162482,-0.10784489356079716,0.026736264829934075,-0.17748286642849545,-0.17802372789451829,-0.23288410258522171,-0.1542189596653248,-0.4144845171541627,-0.23053670891288905,-0.1582960118330605,-0.2830304715035331,-0.2776342115468432,-0.12840449299385354,-0.33511378338772835,-0.08396325162069687,-0.11955852526022094,0.1545841097921321,-0.15384420032465415,-0.243975880873203,-0.26308723450256877,-0.08763671680617185,-0.11862917700515123,0.03921314265907539,-0.04090848253353787,0.24760816371354932,0.29960087443846156,0.06673804939822298,-0.32418124350091115,0.48577939304087003,0.6265708490770007,0.4597686238576189,0.2222563120523565,0.5658790543160813,0.36666083250110676,0.18753273138472204,0.007416253985249857,-0.12656776040111603,-0.1203807994179562,0.04043076733004561,0.07199154389180025,0.6093511378338773,0.18830558672830292,-0.25485762920102817,-0.40829755617100283,-0.05796209165130908,-0.255906406256971,-0.20751989622049027,0.08612944297446351,0.04547285911862918,-0.43302206344140265,-0.321839340807929,-0.4013775494445531,-0.3342599360987278,-0.009148657970328121,-0.30095714633803156,0.1708758455250234,0.2151262753657507,0.33074845480409215,0.08532089626510449,0.4887005940553285,-0.11911238318799397,0.03585129055174047,-0.18612154969164718,0.20069323614299883,-0.2776959850645362,-0.13719555093398128,-0.1381056807613243,-0.10621681818337812,-0.1905582610068397,0.07827322426875598,0.08053276227148089,0.29522730938579966,0.3430482485491803
#49,0.46081465542388644,0.23559527363952407,0.111330292703518,0.14074546908407032,0.07441992950955259,0.18670908448214918,-0.09112897967308081,1.0,0.1983540789396919,0.050466904837895996,0.4449374886319568,0.010852234313816333,-0.16061457786380312,-0.2571816862111213,0.4202747548792499,0.03995854310590383,-0.04406167742555433,0.2130850037922076,0.4680888303184425,0.3717495976141695,0.3731745067556205,0.281910311716034,0.062380957283612516,0.21106020515671597,0.15192510304165938,0.10833359072299038,0.1507308150329287,0.06789527329633786,0.11966010837820493,0.1144477962297563,0.19505949132940043,-0.09693157210170666,-0.006238438914570657,0.014592963996334772,0.08740472292861384,0.0008902250271975071,0.25089314210997743,0.14832164784290308,0.11582603204672823,0.09325124319204357,-0.03786647997336875,-0.043730845919687567,0.1414867512963859,0.1655413590860265,-0.20782601831927985,0.017312371519662854,0.03221626222171888,0.09448534080106526,-0.03830713106624523,-0.002938360324928703,-0.019628192060730233,-0.02871850837545944,0.015688414376756686,0.17542924015141376,0.18919375263824398,0.1315384694581433,-0.19778988081142948,-0.21308912202672048,-0.31178673036202714,-0.13411373877352112,-0.31552059632035745,-0.14778078637688022,-0.2866229447435884,-0.33112458688960045,0.0692680181339593,0.234373530734041,-0.2925820300837031,-0.1857769907374042,0.2762655849437346,-0.047286255049127104,0.16361814356851884,0.004772347427990954,-0.04390930274857835,-0.007059340327468281,-0.1812386963042277,-0.24497798460466666,-0.4695741402327489,-0.5199456393044302,0.012763095127785385,0.11930868569977383,-0.1411971021356478,0.1327423666807373,0.2922031525085196,-0.010229008157536197,-0.06343110708439292,-0.31039751258635423,-0.30351182448084507,0.08019369429658839,0.12902222817078318,0.05839038804064697,0.061627320367758344,-0.3188769574483419,-0.12627948398521555,-0.45648501820602844,-0.3392992823976361,0.340173720859201,0.17442439093027487,-0.019333051920641622,0.10429360266587047,-0.10610288036185554,0.026898248720773406,0.14479094812054072,0.07286735509820273,-0.014190749758911688,0.05436687292157852,0.08418975451890441,0.1358090786479836,-0.37360417588979605,-0.14426244135805646,-0.39520980688911994,-0.2613726762003796
#50,-0.211868751866075,0.17229389094228637,-0.1055812373235594,-0.23485810966172135,0.3167643031432425,0.18608723107070665,0.12410368341758554,0.1983540789396919,1.0,0.038504806322862725,0.15465823801336367,0.08110931510328188,0.07907902548843977,0.22542323439274917,-0.006083318747919434,-0.3032276662994574,-0.005086705995806264,0.11298856846736471,0.16715845250474454,-0.07270399846252579,0.12677504487159688,-0.2572269867907628,0.022311908218280156,0.019021438842501553,0.05054240580396517,-0.046517517940059094,-0.29874702714946105,-0.2556387210136348,0.003119562643494734,0.07085628391108732,0.09012001221742906,-0.013673224955128403,-0.14054367559293998,-0.05334280527271292,0.11275382910013144,-0.08022389468301606,0.04110615779015536,-0.1252210977154094,-0.020622059323168157,-0.01166489925768823,0.04260931338735084,-0.017932852186267747,0.1326270561143771,-0.02045458445297834,-0.35388195080768875,-0.18162718309327458,-0.0766163212497469,-0.18095041988832722,-0.026811765796003254,-0.2872173432582785,-0.34029314966007407,-0.29987679615082347,-0.25156029610106145,-0.1441237941294567,-0.05393994927707825,-0.09244956020687264,-0.09385387817575938,-0.25089176936513985,-0.023819182049988504,0.0022094328161517155,0.10634036521876405,0.14879799030155771,-0.10939472248247177,-0.13296337859959437,0.027841324424219337,-0.07938377484239173,0.010596903774018744,0.10981752789245917,0.04715447154471545,0.04743451149159022,0.12784990407945448,0.1222957784664381,0.21336916197359526,0.14717266041381394,0.14728385274566128,-0.010444529097042764,0.08329197939509998,-0.008025752693153778,-0.033560179417750274,0.26376399770751613,-0.13910641174795033,0.05738416607467046,0.04708995253734724,-0.01661227165247592,0.05239149310024126,0.17227879074907254,0.08136876387759234,0.02630522295092094,0.17209758843050652,0.1065160765579796,0.3730248775683198,0.12167804328950846,0.01759515695621287,0.07390926842995742,0.049415382292277966,0.2774488909937643,0.09272960015374743,0.07217549170004152,-0.07703363568038382,-0.06163967507129693,-0.2589662545000292,0.07119947012049267,0.013449467546596108,-0.017121559987233474,-0.14758585660993798,-0.08861548387539595,-0.27542271961343506,0.036172512843743884,0.07582562022327695,0.03274614172904076,0.10451049635021466
#51,0.24285983932021676,0.4056632588276073,0.4696331682607666,0.5216560793721066,-0.2037819120276471,0.11859211289453545,0.5425108189452515,0.050466904837895996,0.038504806322862725,1.0,0.27257976505472103,-0.16099620092866188,0.132134240717671,0.11342235583605309,0.2350722578563903,0.29908884061402874,0.5531550824161682,0.25925453091592965,0.2224169231983582,-0.09567001959593256,0.2576182190694849,0.1500320879105794,0.18220648141475082,0.019022811587339174,0.41546877520273723,0.09758362589957685,0.08458922326665225,-0.17819806648889622,0.19014918304522851,-0.3280825843294313,-0.11858799466002258,-0.2171236191044899,-0.2194394396455573,-0.05957781232518952,-0.2813035584978053,-0.09229169455054619,0.00423697694131859,-0.04333961364096545,0.020628923047356265,-0.027382827648453775,-0.05522209295541668,-0.1914985912206104,-0.18716758125791474,-0.08728941236225364,0.00026699887091737105,-0.29081942571219715,-0.3754189445651316,-0.2831389183457052,-0.3228730176706579,-0.21923078243023883,-0.11011129528771016,-0.25321719912007057,0.05977274209213177,0.03478741330258385,0.25155755061138624,0.08722077512037256,-0.2641826848829907,-0.30132366920967646,-0.02414040434199192,-0.16038395673108272,-0.03584305408271474,-0.08572311050252757,0.15656498059281987,0.3735561298204793,0.10746601598561363,-0.2112153253233672,0.2935511879390639,0.49131979120551017,0.4131845277929352,0.16496343350938786,0.40034524532666177,0.30512479966505024,0.07439933833698827,-0.09197733598273088,-0.34678623274202347,-0.3213355434525219,-0.15226279827171424,-0.04886628435722939,0.535162515829464,0.16522974600788642,-0.11220747665475811,-0.334618222501347,0.08088418494991197,-0.3860137892218939,-0.3961666100409421,0.04304310075603922,-0.0025690919636085345,-0.4335162515829464,-0.4586855281807356,-0.4760081952866806,-0.333018974765518,-0.024752648539571084,-0.1562849406459451,0.11831619118217354,0.22904453527439453,0.5041426007337321,0.23649579425300374,0.3510939060424796,0.15346669549430825,-0.012307343841695066,-0.07069567276508561,0.2818979570124954,-0.2977380596938093,-0.20195478864877295,-0.10722304014935463,-0.051728457343670105,0.013951892157165557,-0.03990637880207422,-0.12756574589806682,0.21153105663602015,0.3059868834230765
#52,0.18624921496154598,0.15808598187290443,0.31909385113268607,0.02950509116741653,0.1650732530963976,0.3082821127915796,0.26915476668485555,0.4449374886319568,0.15465823801336367,0.27257976505472103,1.0,-0.01603434607583729,0.07571305514659199,-0.016716600260135148,0.24827669044947098,-0.059863343251414784,0.1753866850614475,0.33206354435853347,0.3247138684979083,0.13817843623771822,0.20969295129844504,0.04162917357328913,0.22783102883793718,0.07388044078836736,0.30988685150675904,-0.07475762473960747,-0.13925604093525107,-0.2209123948563251,0.2769478391280325,0.03650746258412352,0.03302206344140267,0.011877674707519553,-0.017525146969494178,0.025245463936277183,0.18672143918568776,0.17944726429113173,0.21918822734027255,0.018568433046086477,0.19484946136924433,0.12958368080937036,0.17308596471359394,0.06884795821364714,0.1902823392944778,0.10077937588155958,-0.09091483147841187,-0.14431735115156133,-0.22860388418151806,-0.08519323099520569,-0.14821731923524384,-0.27930621475906614,-0.27482832109874494,-0.36233119528324875,-0.22052802630179108,-0.1429706884658547,0.07493745431333587,-0.06969356903362195,-0.23089362257067061,-0.3626551630649274,-0.1866981025234482,-0.03268299546651018,-0.2299848654881652,-0.08171057734216008,-0.294993942763404,-0.3145514384649967,-0.04684560395625062,-0.08682542460713759,-0.22563463709774287,0.09580592133485707,0.34543270633212875,0.43497822483501325,0.29828029390466976,0.19362634571892362,0.16124466774427137,0.07867406576134145,-0.080104465882143,-0.13317203581491283,-0.2618682370867609,-0.1820884253587154,0.36373139501762264,0.20611832374127878,-0.039200787955536796,0.013373966580526928,0.1337417249225257,-0.11990994793865203,-0.02804449066018731,-0.2984450232851843,-0.2725729013305329,-0.03183738464653536,0.15332393003119563,0.04472745867180073,0.19060767982099408,-0.06560965314169816,0.08919615494170982,-0.2907192153390508,-0.13310339857303174,0.41731923524385095,0.28233860810537187,0.0986873127490245,-0.10183364391685285,0.010132916018902696,-0.23094715961933784,0.1798549695079053,-0.08608414239482201,-0.2881700281755878,-0.20599614945073047,-0.17712458002587625,-0.037921389766873606,-0.20267273419884896,-0.025289391771081072,-0.1768019849890352,0.0564012807709335
#53,-0.21249884174654327,0.06575653683932364,-0.2591474568185952,0.03516079989841688,0.6329733309996671,0.21781822799232636,-0.2988788106538727,0.010852234313816333,0.08110931510328188,-0.16099620092866188,-0.01603434607583729,1.0,0.31760030474935397,0.03441677219642606,0.07139028165292206,-0.006979721126886237,-0.32839282466273373,-0.21482427150147398,-0.03305775480718083,0.0058472066358485454,-0.24176438893979485,-0.04877842868762162,-0.34028628593588595,0.21830280692000673,-0.35471246143444973,0.14620350255845319,-0.24150082193097153,-0.08824484276923816,0.05678839481514275,0.48617062531959215,0.17250941188179295,0.33952303980616844,0.27471438327722236,0.3698497187589014,0.5068606355122226,0.4096593190499233,0.2182108330158861,0.2738893636298119,0.20999358241788413,0.22957029654720354,0.16249112005683164,0.22190214388425014,0.33824089612783,0.38081932275633434,-0.0971319928479994,0.01938796171414648,0.14983029441944906,0.0012361567262781112,0.06579085546026418,-0.10891563453414188,0.033996712276113894,-0.008968828396599711,-0.015375428553778995,-0.2525733817912261,-0.35920408254314706,-0.08268522617687131,-0.18423951651926818,-0.0460315662675411,-0.0256751330704527,0.02799644459087056,-0.047474321091881246,0.029015021260385673,0.1421525325426323,-0.0648573889706816,-0.15695484012670435,0.026520743890427505,-0.01083987961027774,-0.2814010233812764,-0.29170347338762537,0.030972555398833854,-0.3162714877465364,-0.331198715110832,0.3507164012121337,0.33379594834361176,0.20938545645481782,0.137870941394091,0.10049521770017193,-0.010747905706157104,-0.3399829093267716,-0.03850755181253797,0.6564582496816947,0.6886395069100544,0.33948185746103976,0.5128663941768165,0.5502215266981711,-0.02506837985222402,-0.03629331438945457,0.6850031058351951,0.2496082529419638,0.6774090813934733,0.5666807373012522,0.0965115121813945,0.13192421075751493,-0.184356199830466,-0.36826694396112386,-0.20896402378966802,-0.07162776650983056,-0.22334489870859028,-0.19365791885018893,0.29664947303757544,0.1016071410186453,0.18657318274322465,0.42950509116741653,-0.05171335715045627,0.10613445349312083,0.15290112462120822,0.09356971999437175,-0.10349054693586193,0.029396644325244435,-0.3399499634506687,-0.33920044476932737
#54,-0.2691726123677446,-0.13172241726638456,-0.07474527003606887,0.061255306516762933,0.22399695250646048,0.3506505094599279,0.19253775906268983,-0.16061457786380312,0.07907902548843977,0.132134240717671,0.07571305514659199,0.31760030474935397,1.0,0.28933137030821554,-0.25176620782670467,-0.3926441467876055,-0.06046872372480584,0.01823760154021971,-0.11004677628034196,-0.12203907518180289,-0.1947190506096703,-0.37356024805499216,-0.3169304052685947,-0.19282603547859034,-0.19618376935141238,-0.18947516532995637,-0.292089214686997,-0.1582328655705299,0.24113704454900184,0.14563381345084028,0.2611448005573344,0.14134261308843565,-0.04871665516992865,0.009383397337561387,0.28816865543075015,0.1480031710405749,0.09326085240590692,-0.10335052696242454,-0.012737012975870578,-0.009920140569071373,0.24610500811635386,0.11386437967376718,0.16932327111367357,0.0629369189428492,-0.026526234869777992,-0.3542237642722565,0.05441629173573289,0.16072302470597521,0.06270767055496641,-0.14244492719304566,-0.05579864578721769,-0.1581930559702389,-0.04342197833122274,-0.280836825253014,-0.2680400978767069,-0.2917172008360016,-0.2068678424226201,-0.37692621839683993,0.07100179486387519,-0.26396990943315934,0.03799826347778041,-0.06440438317426653,0.14953789976903567,0.044698631030210684,-0.14182307378160317,-0.1765576364079386,0.11382868830798903,0.06286965444580575,-0.1961274868130699,-0.009829539409788358,-0.13763071104750726,-0.1839704585310944,0.35560474557890365,0.29974089441189894,0.3207919364968238,0.026140493570406365,0.25483017430427574,0.2154584796164551,-0.05203732493213493,-0.061564174105227756,0.32347702539921136,0.2530208966082907,0.43944925477114627,0.034120259311499826,0.2883526032389914,0.14606760081952866,-0.062629424099222,0.22970619828612807,0.020911708483906284,0.3899494486713546,0.282831423502078,0.10831025406075083,-0.01807836313905562,-0.026471325076273134,-0.05047651405175935,-0.017198433698140274,-0.2686358691362346,0.04025642873566768,-0.010602394753369231,0.2629499600188066,0.08406895297319372,0.3024671656594151,0.09665565038934476,-0.1043594944180763,-0.14042424679206691,0.039482200647249194,0.13095917113666705,0.11785357617189511,0.26071238593348367,-0.026244822178065598,-0.15037664686482238
#58,-0.43725286303095195,-0.23349634678280087,-0.3541592452648883,-0.3799064474393161,0.11623511000833943,-0.19786126354298578,0.40016267026325814,-0.2571816862111213,0.22542323439274917,0.11342235583605309,-0.016716600260135148,0.03441677219642606,0.28933137030821554,1.0,-0.13232779773977563,0.07864386537491377,0.10971457202963757,-0.11540322663674082,-0.04967483106658842,-0.06426985418017962,-0.20074402770199082,-0.43165069134861883,-0.16781737002680283,-0.3801755054274899,-0.07403830644469382,-0.27491068578900224,-0.5106425475398697,-0.24520448750287419,0.18380984738509268,-0.020122380202273953,-0.01449687185770127,-0.0025251641288046483,-0.16714747054604356,-0.061410426683414156,0.23394111611019022,0.10568007495186814,0.03269946840456163,-0.027691695236918598,0.10230312265131938,0.0930480769560756,0.12735159770339788,-0.003336456327838922,-0.19254462278687792,-0.13124744755256754,-0.4356014509912934,-0.5341343299460855,-0.021519834446972582,-0.09239602315820541,-0.10382412393140394,-0.28443478947241985,-0.1492056955183313,-0.36158304934674507,-0.21869541194356645,-0.35259294340516223,-0.24722242241417772,-0.16963076595730078,-0.059614876435805306,-0.07693891628658794,0.1154457817267071,0.05901086870725187,0.09653484884363407,0.0035286406051059246,0.6034661807149941,0.39197836554135906,-0.192421075751492,-0.35692395336785787,0.626602422208266,0.6183879170999392,0.03788295291142021,0.2929650258933995,0.12261150977909104,0.15727331692903251,0.4650180001166833,0.4121659511234201,0.3854358636452553,0.3300799280681705,0.32448736559970076,0.3209566658773384,0.21193052538376797,0.13454478065253425,-0.058586690552426844,-0.17631466057167958,0.04805361941335749,-0.041269514425832314,0.37496044778936605,0.18744899394962714,0.14868679796971038,-0.21393061461218243,-0.16933562581721215,-0.06767426137748081,-0.03154087176160913,0.13688393785584121,0.09013511241064288,0.15884922800262194,0.20215383665022804,-0.033432514147851485,-0.16309100955087222,-0.03178384759786813,-0.43522120067127223,0.1627189956998768,-0.2210661422781387,-0.07362648299340739,-0.06994340859406906,-0.16853668832171648,-0.00883429940251281,-0.13458321750798766,-0.41154547045681517,0.18765078744075747,0.3602624688129532,0.16420842384869605,0.16596965547536438
#101,0.17065483360616637,0.25836361951631337,0.3003984391891196,0.035494376893958894,-0.029657465844392508,0.22062960941977508,0.05886123951995113,0.4202747548792499,-0.006083318747919434,0.2350722578563903,0.24827669044947098,0.07139028165292206,-0.25176620782670467,-0.13232779773977563,1.0,0.4949754107080961,0.29307759097008446,0.28947550851616577,0.532609210431488,0.3041405416164757,0.6872461708998686,0.5547488391726467,0.2820462134549585,0.25139282123087164,0.42611441141849155,0.26386695357033774,0.16946740932162382,-0.06883423076527093,0.18643453551462488,0.09613538009588622,-0.061803031706973884,-0.10114315326352925,0.08565859149515936,0.31168102900953026,0.1278581405484802,0.08440939369292384,0.5082690717156222,0.44898708590294006,0.3242086983976636,0.32832281467601504,0.26095810725941787,0.08554328092879916,0.3216814751516025,0.3061667129968049,-0.2475861997961474,0.10388727019393452,-0.13811666272002526,-0.11425835744216455,-0.3623970870354546,-0.029727475831111204,-0.08565035502613363,-0.10615367192084753,-0.11543205427833088,0.14058897617258148,0.465189593221386,0.368212034167619,-0.35325048818238286,-0.07447483930305744,-0.5419205386650743,-0.3465624753334912,-0.46850889023875464,-0.3248662431748843,-0.11266185519601081,-0.0289271655907779,-0.0031003442157680338,0.10774193769797555,-0.09801466777858998,-0.08451921327993356,0.6205472447295178,0.28238253594017576,0.2988417465432569,0.3525421518461702,0.14045307443365695,-0.09977178117074544,-0.3480175848613699,-0.3178089619646724,-0.6024338765971028,-0.6594014146135552,0.4199631418011099,0.20643405505393173,-0.07009578327104504,0.04129147834323425,0.2313397646428976,-0.000430355506594323,-0.2186926664538912,-0.5012516001057014,-0.4111940477783841,0.0013500945478006911,0.056119868079221105,-0.035914436814271054,-0.16447748183686986,-0.5483998942986475,-0.2756382405529416,-0.4375823217919811,-0.3305260701403975,0.4738337674638882,0.21187698833510074,0.17841907840775326,-0.004430533963423214,-0.12759869177416974,-0.16450219124394705,0.05816113965276419,0.07876603966546208,-0.039305116563196026,0.0652925490842076,0.036901440352520874,0.04065040650406504,-0.4876449532751976,-0.36342664566367067,-0.37035214336947087,-0.1521241510431145
#102,0.09060733663478467,0.20605655022358582,0.1263426302477461,0.15801734463102335,-0.23884730615984928,-0.2581563350458325,0.14432558762058706,0.03995854310590383,-0.3032276662994574,0.29908884061402874,-0.059863343251414784,-0.006979721126886237,-0.3926441467876055,0.07864386537491377,0.4949754107080961,1.0,0.26884589909639073,0.0657730097773751,0.3783634822418296,0.35791507514062054,0.2962101946895366,0.5507376787571169,0.04574191710680298,0.1360836276155079,0.22919141897202003,0.35663567695195736,0.05781383520884597,0.15372477152378108,0.12168765250337181,-0.026375232937639635,-0.22539577949599673,-0.0378568707595054,0.1724476383641,0.3117716301688133,0.00942457968269003,0.11799634163500775,0.23460277912192376,0.44502122606705175,0.301035392793776,0.3015433083836959,0.1067988619945296,-0.038876820173858136,0.015312282291248409,0.222685981186532,-0.10793961295459303,0.025530994862502446,0.0383689045839382,-0.06617110578028533,-0.4078939691887421,0.01116247464711878,0.0947955811343677,-0.0022670880993318166,0.02128921331425218,0.1054659267571992,0.13780916787639805,0.31967452219899994,-0.3062106408316088,0.2342664566367065,-0.3512147075881903,-0.03497959757985085,-0.40272970310961026,-0.3480024846681561,0.4345828743217783,0.5265114778627735,0.04773788810070456,-0.0206248048128434,0.3839148623651707,0.21971124312340634,0.39698339321932685,0.3277874441893427,0.0579758190996853,0.2440966824189137,0.004054401877914938,-0.2450328943981715,-0.3987075607353794,-0.19318020364669666,-0.4267911746234389,-0.4074656727994042,0.3735629935446674,0.1004416806515047,-0.037587812771331594,-0.21390178697059237,-0.21180286011386917,-0.04327372188875962,-0.1914079900613274,-0.4166520812527669,-0.30045746721713734,-0.171809312014606,-0.17846712447707003,-0.359226046460549,-0.406643398641669,-0.3999306763857001,-0.2153115959188296,-0.19940834697498516,-0.18877643820760706,0.06752875042469293,0.28041539258786424,-0.0061972565694420135,0.0398665692017832,-0.02282119655303771,0.026811765796003254,-0.1778274253827384,-0.04147542615147553,-0.0006911770257423975,0.2839694289724662,0.020893862801017203,-0.04029623833595871,-0.36879819621328336,-0.31932584501024414,-0.1723213458390388,-0.041567400055596164
#201,0.2808272160391507,0.07903235216396064,0.5066615875107675,0.26344552090518797,-0.21491899089526986,0.09654583080233504,0.5310964456204292,-0.04406167742555433,-0.005086705995806264,0.5531550824161682,0.1753866850614475,-0.32839282466273373,-0.06046872372480584,0.10971457202963757,0.29307759097008446,0.26884589909639073,1.0,0.4386050166960091,0.15784026054697017,0.015330127974137487,0.2698631030210682,0.1436954977401188,0.3976546654449238,-0.009436934386228623,0.583293695326147,0.18861445431676774,0.03305089108299272,-0.12883690761770428,0.3372607563137683,-0.2873710906800921,0.044367799524343915,-0.09591985915637966,-0.004729792338024689,-0.01662599910085213,-0.12433430455030595,-0.14370373420914453,0.2373839601629448,0.023364803508735803,0.15105890104912023,0.03174815623208997,0.1770133876940289,-0.03910057758239043,-0.1791136872955897,-0.08237498584356887,-0.0400463987755116,-0.2214244286807579,-0.22258302532371038,-0.24450438763568724,-0.3802427699245334,-0.2598173562993545,-0.10757034459327286,-0.3161040128763466,-0.07835284346933803,0.0037565162481510844,0.38821841743111396,0.2354936905215401,-0.3403617869019551,-0.19747003126426368,0.06853497239066945,0.056410889984796854,-0.1451547255025104,-0.15159015330127973,0.045548360084698356,0.1968317049147697,0.06683551428169411,-0.32259572321345836,0.2592998314955712,0.36499432026823436,0.5391242574308394,0.28057600373386593,0.40554657551640944,0.48774516364834397,-0.033764718398555875,-0.12835370143486155,-0.3699883659875012,-0.3353100858995082,-0.1858401369999348,-0.0969150991636552,0.5830644469382642,0.11647534035492317,-0.29250103813828343,-0.38339459207171217,-0.15826855693630806,-0.15669401860755627,-0.3154148949678606,-0.1525346017495633,-0.07601368626603108,-0.4024400539488721,-0.3039414936150206,-0.46804215699396334,-0.29131910483309137,-0.06859262767384955,-0.07620587054329808,0.04016720032122229,0.23586844986221073,0.48238596780226983,0.23416761900839778,0.5611142569846973,0.04974758654298236,-0.015641741052277554,-0.28891542862241626,0.39456461681543786,-0.20636679055688825,0.008130081300813009,-0.00693442054724473,0.015245017794204958,-0.1373891079560859,-0.11865525915706603,-0.1260090532522041,0.13723124229975942,0.31160140980894824
