,#10,#11,#12,#13,#17,#18,#26,#49,#50,#51,#52,#53,#54,#58,#101,#102,#201,#202,#301,#302,#401,#402,#501,#502,#601,#602,#701,#702,#801,#802,#901,#902,#1001,#1002,#1101,#1102,#1201,#1202,#1301,#1302,#1401,#1402,#1501,#1502,#1601,#1602,#1701,#1702,#1801,#1802,#1901,#1902,#2001,#2002,#2101,#2102,#2201,#2202,#2301,#2302,#2401,#2402,#2501,#2502,#2601,#2602,#2701,#2702,#2801,#2802,#2901,#2902,#3001,#3002,#3101,#3102,#3201,#3202,#3301,#3302,#3401,#3402,#3455,#3501,#3502,#3601,#3602,#3701,#3702,#3801,#3802,#3901,#3902,#4001,#4002,#4101,#4102,#4201,#4202,#4301,#4302,#4401,#4402,#4501,#4502,#4601,#4602,#4701,#4702,#4801,#4802
#10,1.0,0.21407200733045742,0.23583138575159496,0.21469386074189994,-0.0023192524031614313,0.17076190770350083,0.09196498127919228,0.6595949716356598,0.14385748163095813,0.42019376293383026,0.5391091572376255,0.2817208729284422,0.022346226839220693,0.34122249791514375,-0.10559359202709798,-0.14710402317193286,0.4112709214892909,0.3914306403511481,-0.03950279181981351,-0.30234499136886683,-0.18808594755428348,-0.3904354003438726,0.15290249736604583,0.19097694818231425,0.0799644459087056,-0.05117661391894628,-0.005678359020821107,0.0024276992453335254,0.036117603050239026,-0.06380312093538833,0.12014194181621006,-0.030991773826560553,0.22323919735609343,0.15256342939115333,-0.031030210682013955,-0.06987477135218799,-0.05323573117537845,-0.06673667665338535,0.03720069872712235,0.15988153212051326,-0.1357308321922392,-0.3393953745362696,-0.11534145311904787,-0.2404369446818149,-0.17326579428732236,-0.2729421696918531,-0.010036823880269195,0.21548181627869464,-0.13722437857557132,-0.12115090927186183,0.11402636356460652,0.11261243638185643,0.16187750311441484,-0.016910157282239772,0.09442219453853466,0.2602813440544705,-0.18656082803968604,-0.40050173823815066,-0.0833564984024682,-0.3504624434171737,0.3066512919244853,0.1644980730094342,0.034346762209707365,-0.09237817747531633,0.008716243346477364,0.11075511261655462,0.16494421508166116,-0.06731322948518637,0.30816954771489463,0.04312409270145889,0.2978739614327338,0.32380922964991576,0.14326857409561855,0.33906454303040284,-0.07456955869685332,0.12311942536901097,0.11907120084286534,0.18925415341109933,-0.05767656072508382,0.06339267022893952,-0.03348330570684348,-0.07121319756886889,0.1424215905308061,0.3631781788480612,0.06065953525723523,0.26027722581995766,0.23864276717904367,-0.05239972956926699,-0.21007320161846615,-0.057657342297357125,-0.3344383929276186,0.19102362150679336,-0.03714441618877987,0.09056066331030554,-0.20642444584006836,0.14326171037143043,0.15746275571662427,0.2721212682789555,0.3968708281426419,0.4102235171781857,0.37951384241575636,0.2317447243699959,0.014860649239670953,0.3969655475364378,0.20677449577366183,0.31422609793848044,0.30201141437332485,0.24499857577723097,0.15525263652805377,-0.3707584758414068,-0.35458342341971333
#11,0.21407200733045742,1.0,0.005704441172735915,-0.06674903135692395,0.20526584919711585,0.060007481459365034,0.18559578841883817,0.30500537086417717,0.32073565395848136,0.24373015954726876,0.06972651490972487,0.17604422983866816,-0.00996406840387526,-0.10038951634767508,0.16681114806082634,0.05929228139896427,0.05474849598643728,0.2580259242862585,-0.14477996616183975,-0.1632049473723948,-0.024059412396572256,-0.3073747284539118,0.014907322564150081,0.1562094396798759,-0.11134539289673184,-0.04358533496689969,-0.23662345952290254,-0.3151499552141997,0.2963323689800849,0.027381454903616154,0.43203917813766574,0.37485749192654444,0.11163504205746996,0.0018099640684038753,0.34715275561366843,0.08213338275214749,0.06180852268632437,-0.13496072233833356,0.22580760294728316,-0.08167214048670668,-0.12911420207490382,-0.12935992340083807,-0.09924601989793642,-0.37236458730142385,0.20798113848593108,0.02360503385531956,-0.18724033673430868,-0.183446070003123,-0.1826979240666193,-0.23439686739628054,-0.1618555391970129,-0.14712049610998432,-0.12650049590407259,-0.11224728625504912,-0.26962424541932206,-0.17072896182739794,0.037655077268375046,-0.17070287967548312,0.10360723024705976,0.0966844780309348,0.17425966154976028,-0.09008706634132614,0.09356285627018364,-0.025323710392021605,0.051987906117980556,-0.01877297202689207,-0.10343838263203231,-0.09277764622306417,0.07748252324228604,-0.2031490766575036,0.14041875581271643,-0.1064652849989876,-0.13525311698874692,-0.11061783813279247,-0.20577925576638628,-0.30777419720165966,0.015595067727798426,0.2516907068606355,-0.07838578934544094,0.03536122064470961,0.0287734181689643,-0.1564524155161349,0.26085515139659626,0.26617179215270415,0.13268608414239483,0.23743063348742394,0.16042376633137373,0.12999413151581918,-0.10909271861819504,-0.14053543912391425,-0.27559568546297536,0.1551524261549074,0.021566507771451714,0.2803481280908208,0.0053887098600829825,0.2067854777323628,-0.02715220651573337,0.11283344830071348,0.14926609629118665,0.10851479304155642,0.11562149306592263,0.016811319653931026,-0.02338676742613775,0.025761615995222847,-0.0809116398466644,0.18442346432750947,0.04652026342973434,0.055519978585180534,0.0761550789843061,0.11073452144399029,0.2741144937831818
#12,0.23583138575159496,0.005704441172735915,1.0,0.602893746117706,0.3554592346261158,0.3085031247104366,0.24100251555491495,-0.09284216523043239,0.0248624681265808,0.5021795756159334,0.276993139707674,0.14617467491686315,0.27944898022217873,0.2293245752212693,-0.30607336634784665,-0.25126103772646,0.7667637883639283,0.7314375727125781,-0.4406531519937403,-0.41475357514233646,-0.5873240741694036,-0.5132946905661543,-0.30732530963975746,0.18620665987157972,-0.12809150717087583,-0.0104404108625299,-0.20775600833256117,-0.048797647115348314,0.055876892242962106,0.053319468610473354,0.14696674868817072,0.11351844797468659,0.5484520586024771,0.37345180121282007,0.2296046151681441,0.10691691805056505,0.29253261126954877,0.3226725969243652,0.1420495766798107,0.19157134669700432,0.002149032043296372,-0.01598630000652054,-0.05713569925906097,0.0009149344342746931,0.08723450256874878,-0.22191449858778875,-0.1661494850490928,-0.11517397824885804,-0.12853215826375233,-0.16934523503107551,0.2426525548497359,0.2803467553459832,0.22726408521999952,0.20714650962465725,-0.21255100605037286,0.3024589291903894,-0.40849248593794507,-0.36652904899669514,0.15939283495832005,-0.20291571003510794,0.2409613332097863,0.3416851129254222,0.091639640752676,-0.04047332242001187,-0.3508454392268701,0.12239873432925971,0.1561531571415334,0.10595736940906766,0.04874685555635632,0.16792169863446207,0.23463709774286431,0.47146029163964076,-0.1718546125942475,0.2653810911262342,-0.35801803100344215,0.11094455140414637,0.08813914141674131,0.2985067968028773,0.3193684001002104,-0.023309893715230946,-0.17136454268721665,0.1556781874277164,-0.057752061691153,-0.08807324966453547,0.2659590167028728,0.12622182870203544,0.18905235991996897,0.014348615415238153,0.14087450709880675,0.1381633360445044,0.17106940254712805,0.14520277157182715,0.2698521210623672,0.15027231825716317,0.13770621201357644,0.6027880447652092,0.418218383112493,0.5688318284618051,0.5703747936592916,0.40681499174637165,0.7650615847652777,0.5631994563930443,0.33172035814912815,0.6429257310724226,0.5334658032101638,0.47676457769221003,0.5795502201539533,0.28202974051690705,0.2632876552488615,-0.1895026202267088,-0.12910871109555333
#13,0.21469386074189994,-0.06674903135692395,0.602893746117706,1.0,0.07386259510547828,0.21610229694529956,0.053628336198938184,-0.08662500386084486,0.032494929423756036,0.5685655159633065,0.3275952599120757,0.26410443842724624,0.35532058739751604,0.0634613074708206,-0.2314427205057192,-0.21000044614207222,0.5908437919330649,0.3505722630041834,-0.33474314228157054,-0.32014125544379124,-0.46807235738039105,-0.344271364199501,-0.05811858456279793,0.20487049868388088,0.049129851366052704,0.20553490718528966,-0.022778641463071448,0.0253937203787403,0.01742219110667257,0.10891288904446664,0.058439806854801345,0.07329976972205349,0.37651851318006635,0.28798196213283367,0.06082975561710028,0.12423683966683483,0.06630288928469698,0.19949208441008007,0.10700477372017284,0.13176497235635085,-0.00426580458290864,0.09975256274301873,0.10356055692258062,0.1158040681293263,0.11059450147055291,-0.13059539375469736,-0.11882410677209347,-0.07795062923191494,-0.14964634661120776,0.023546005827301836,0.22616451660506473,0.3197733598273087,0.22543009811693726,0.12131289316270115,-0.10806178724514134,0.3365826203639833,-0.2001592384011641,-0.131891264881412,-0.013777553562787632,-0.12085714187661083,-0.009620882194469898,0.13379663471603057,-0.10880032396778168,-0.20883086754041877,-0.1335289494726944,0.01369930710704321,-0.13340952067182132,-0.1392848685768411,-0.17260413127558882,-0.20326713271353905,-0.04936459073328597,0.18176171208736147,-0.014042493316448572,0.3342873909954802,-0.12700978423883014,0.16330103951102828,0.035131972256826835,0.04210688877678139,0.11269617381695134,0.00219433262293788,-0.21538709688489877,0.16070655176792376,-0.2047318514552811,-0.010152134446629397,0.10957317931136255,-0.01199847625323024,0.0817366594940749,-0.053109438650317274,0.16798347215215503,0.09552999962249517,0.10472876277939647,0.02198244945725101,0.3669298904892806,0.07935220171112645,0.07408909800368582,0.432404328264473,0.19326805931630445,0.3450346103292185,0.308117383411065,0.2811772659727442,0.458571590359213,0.2968951943635097,0.1530658540017228,0.42480069460888786,0.16690449470978458,0.3518777433447614,0.3695216327427099,0.06431790024949638,0.2551088415063129,-0.12174256229687666,-0.20516838431364473
#17,-0.0023192524031614313,0.20526584919711585,0.3554592346261158,0.07386259510547828,1.0,0.6220792279683033,0.17538256682693462,-0.10409867289892823,0.013058235267873995,0.03527473771993946,0.019733893413227083,0.43126083181473435,0.2380415049401655,0.015382292277967103,-0.34933816539516177,-0.19764025162412874,0.23393699787567737,0.35998517435575367,-0.1574051004334442,-0.19308960248741364,-0.27026119902397844,-0.5144999605335859,-0.40880547176092275,-0.03995442487139097,-0.21569870996303883,-0.12973056450699585,-0.38855611266116885,-0.33107379533060843,0.3617189510856696,0.48492005477251904,0.24256195369045291,0.35316263251277513,0.06519233871106124,0.0126999488652548,0.5478260869565217,0.28619053011973766,0.38992885749879025,0.3734902380682735,0.4179959984487983,0.34647599240872107,0.344090161880935,0.14410594844656763,0.3181974487537193,0.1297923380246888,0.28213818735907914,0.1542066049617862,-0.3129357177911163,-0.2625065634362549,-0.08536619684474599,-0.34148469217912947,-0.37819875286131505,-0.15626160398370553,-0.1424462999378833,-0.18656631901903653,-0.2230250491614245,-0.08192609828166665,-0.32126141523129037,-0.24640426649095531,0.2544279600668527,0.3525627430187345,0.21326757885561126,0.40415598499589894,-0.17236252818416745,-0.19277249842992308,-0.40145579590029756,-0.11478823694948642,-0.11507376787571168,0.1898663976086785,-0.20584514751859212,-0.19191727839608494,-0.10874953240878968,-0.0420753156455161,-0.24351052037324933,0.022984553188714663,-0.23701331905678702,-0.014281350918194703,-0.1094359048276004,0.12357654939993891,0.14951593585163372,0.23841077330148566,0.29516416312326904,0.4639664775710653,0.42478147618116113,0.2943995442487139,0.5471301053238476,0.12994333995682716,0.34803954877877186,0.360118330605003,0.4027530397718498,0.38106229859259333,0.32298283725766763,0.26116676447473636,0.2510894446217573,0.2743286419778508,0.2802849818282902,0.23607298884301633,0.15330059336895607,0.05503265416782492,0.18302189184829798,0.06082701012742504,0.12288743149145295,0.20953371289728093,0.39975496504648456,0.07967205125829224,0.08021153997947747,-0.019079094125681654,0.05737043862629424,0.19662991142363936,0.3196649129851366,-0.17590832809974363,0.16476438550793274
#18,0.17076190770350083,0.060007481459365034,0.3085031247104366,0.21610229694529956,0.6220792279683033,1.0,0.2083023607779345,-0.24580025876240189,-0.1983540789396919,0.17948158291207225,0.1485536417204611,0.6287109582788525,0.34619869795152153,0.014312924049459996,-0.44527243837233643,-0.30559839663402966,0.23759948110245138,0.5234228019781253,0.12334867375689375,-0.00822754618428413,-0.17374076400113939,-0.4255762954421439,-0.33018562942066737,-0.02523173648790097,-0.17979456873504995,-0.045962929025660036,0.07550714342094877,-0.043987549204322775,0.32804689296365314,0.6392454021627595,0.3396067772412633,0.5298294021353046,0.052221272740376204,0.018170337043176256,0.4370016507256672,0.49557392745729906,0.2338820880821725,0.34746436869180847,0.08726882118968932,0.22845562773905492,0.30880101034020047,0.004151866761386061,0.3900524045341762,0.019335797410316862,0.1048715282425091,0.017172351546225467,0.009454780069117702,0.030441303146674353,0.08684052480035143,-0.08633260921043148,-0.1464464783947122,0.04068335238016796,0.01197925782550354,-0.17055462323302,-0.22448839515832897,0.06151750078074863,-0.3796442531753304,-0.23570234773685855,-0.00982267568560025,0.11268931009276323,0.08939245745348968,0.34268584391204826,-0.15493141423605034,-0.23168844183165344,-0.06871205647472262,0.06655272884514409,0.0009849444209933868,0.19187472330611866,-0.17993733419816257,-0.05949407489009462,-0.1808804099016085,-0.056604447006901475,-0.23063280105152253,0.061603983705518776,-0.3654116346988713,-0.011689608664765415,-0.36836029061008213,0.003109953429631384,0.2002869036710629,0.23332612642293582,0.3149879713233603,0.5471740331586515,0.11234886937303311,0.25703617525833344,0.47787512826584577,-0.08492417300703188,0.27339380274343056,0.203136721953965,0.23895712574685898,0.28500722406970797,0.2865241071152797,0.09892891584044587,0.21982792643460417,0.16048142161455384,0.12361361351055469,0.16920796054731338,-0.06048656940769492,-0.0025512462807194556,0.07862739243686231,-0.0508320549647033,0.1837412101432116,0.21349133626414357,0.43825633950725323,-0.13569514082646103,-0.09616008950296341,-0.15475158466232192,0.111036525308267,-0.01658618950056111,0.1837604285709383,-0.37388009760215796,0.06387313092210703
#26,0.09196498127919228,0.18559578841883817,0.24100251555491495,0.053628336198938184,0.17538256682693462,0.2083023607779345,1.0,-0.013864036487557784,0.03335564043694468,0.3829841413652634,0.4023549437689396,0.09568923802365925,0.3163538524367937,0.05420763452041443,-0.018005607662661682,0.12701115698366777,0.22743842381437746,0.3148712880121625,-0.09502482952225048,-0.3017986389234935,-0.269403233500465,-0.2571226581831036,-0.04635965228373263,-0.3144855467127909,-0.06467069567276508,-0.2973042723251209,-0.27044377408738207,-0.29773943243864687,0.1674371197067817,0.027417146269394312,0.14100217236870555,0.24556826488484387,0.09593084111508063,0.3096603486085515,0.22997388352946424,0.1952173569857269,0.36005655708731,0.2786294515541187,0.2032698782032143,0.14498038690813247,0.07692656158304935,-0.12992137603942522,-0.11398655396431549,-0.13456399908026095,0.16355225181631303,0.012327935014259387,-0.26476472869414214,0.05391661261483868,-0.3372442833757168,-0.3150360173926771,-0.008165772666591166,-0.19625240659329346,-0.05749810389619304,-0.16914481428478279,-0.1861531228229125,-0.08685287950389002,-0.24408981869472557,-0.06820551362964031,0.30989371523094716,0.018740026150789155,0.19045805063369334,0.1934135702690923,-0.044586065953525725,-0.04967071283207555,-0.23990706517449303,-0.12581137799558662,0.09393898835569192,0.3345427215352778,0.11347726562955794,0.12171785288979947,0.0521443990294694,0.019282260361649626,-0.005331054576902881,0.09339400865515621,-0.016503824810303824,-0.07579816532652452,0.048547807554901214,0.10453108752277898,0.293405676986276,0.12318394437637918,0.01377480807311239,-0.21892328758661161,0.05560508876511306,-0.01009036092893643,0.1068743629605988,0.09287236561686005,0.0945018137391167,-0.23672916087539939,-0.14080586985692567,-0.27135802214923793,-0.154000693236143,0.15714702440397135,-0.0835679011074619,0.186724184675363,0.2153623874778216,0.2295414689056135,0.010509048104410973,0.02334283959133386,0.06227937416562853,-0.08695034438736114,0.17186422180811087,0.2905846863449639,-0.04740705659483779,0.004376996914755978,0.06022574788854684,0.027375963924265667,0.18778806192451963,0.10930000308867588,0.28635114126573935,0.1124888893464705,0.2232433155906063
#49,0.6595949716356598,0.30500537086417717,-0.09284216523043239,-0.08662500386084486,-0.10409867289892823,-0.24580025876240189,-0.013864036487557784,1.0,0.19569919042373202,0.15486277699416925,0.41396699235037937,0.08375596715021603,-0.06703044404863635,0.1555875862684334,0.201062504504319,0.043881847851825924,0.09548195355317841,0.01946346268021566,0.024290033529292657,-0.2775779290085007,0.027332036089461782,-0.22324606108028155,0.009909158610370401,0.05750634036521876,0.08094595846760494,-0.13944959795735568,-0.13293729644767954,-0.2338614969096082,0.07792317433516252,-0.2019341974762086,0.16832116738220992,-0.24197441889995092,0.13664919848860793,0.02927172454502088,-0.05299824631846994,-0.2517744442957304,0.02696963145232972,-0.20470576930336631,0.02056028580547519,0.125668612532474,-0.06613541441450717,-0.20944448448283554,-0.12660757000140707,-0.1423762899511646,-0.11682676303335426,-0.12058808388843703,-0.04824031271127401,0.061116659288163164,-0.20241603091421376,-0.29614842117184365,-0.022740204607618046,-0.14948710821004368,0.017796950447343224,-0.052939218290452214,0.1632516206968739,0.05113405882898002,-0.04604803920559256,-0.236487557783978,-0.05800601948611297,-0.1873185831900531,0.3175522586800372,0.0390154674024579,0.08005779255766386,0.02679941109246466,0.10214113876048005,-0.038688754131103995,0.052552104246242966,-0.17483209614704842,0.3783085724483247,-0.010968917625014157,0.3719321726775731,0.16746457460353414,0.25862581378029903,0.09303709499737463,0.03143928864362514,-0.07925610957249293,0.19928479993959922,0.19359339984282073,-0.1279926695425671,-0.07907216176425166,0.005111415402883451,-0.32985205242512533,0.29508042568817416,0.29970657579095844,-0.03352723354164736,0.288963474691733,0.17407983197603188,0.09521015007532938,-0.20790838300953715,-0.12589099719616867,-0.38747576247396076,0.07661083027039642,-0.10055287298335204,0.1140057723920422,-0.09459241489839973,-0.008500722406970798,0.16403957623366863,0.12133211159042785,0.25253906317028557,0.21980870800687746,0.07741800423491782,0.11488158359844468,-0.13015886089633374,0.20510935628562701,0.18791023621506794,0.19621946071719054,0.17558710580774023,0.229202400930721,0.08186981574332416,-0.13210404033124332,-0.2507421401778391
#50,0.14385748163095813,0.32073565395848136,0.0248624681265808,0.032494929423756036,0.013058235267873995,-0.1983540789396919,0.03335564043694468,0.19569919042373202,1.0,0.23262190832123603,0.3287771932172678,-0.01684289278519632,0.19457216691204482,0.4182046556641168,0.24687237248058425,-0.23698723690487222,0.30440685411497426,0.11140579366958718,-0.056119868079221105,-0.30523461925205997,0.04642005305658797,-0.15309468164331286,0.1764052617309626,-0.0032238912511539635,0.30963014822212387,-0.11176270732736876,-0.29871682676303335,-0.24176027070528197,0.3674350605895253,-0.145834234197133,0.14382179026518,0.11906159162900198,-0.15588821738787248,0.1393493875842093,0.05853864448311009,-0.10545769028817346,0.17949256487077322,-0.0061231283482104555,0.3910311716034003,0.05271957911643278,0.13859437792351753,0.17380253751883235,0.032582785093363806,0.043800855906406255,0.37740256085549456,0.16442394478820263,-0.38524917034733874,-0.09529114202074904,-0.3180176191799909,-0.38163061495536865,-0.06660763863864895,-0.1494431803752398,-0.24523194239962662,-0.2428296389337891,0.14593719005995462,-0.15275012268906987,-0.15608314715481472,-0.21976889840658642,-0.029385662366543462,-0.21952729531516504,-0.0698953625247523,-0.23694880004941882,0.25020951518084195,0.14254513756619205,-0.3659195502887912,-0.18948752003349498,0.14104198196899656,0.16687703981303215,0.3075984858624441,0.17356093442741097,0.2922992446471531,0.23934698528074347,-0.08412660825637383,-0.10725598602545755,-0.19223987343292598,-0.2812239392972233,-0.10314049700226846,-0.04878666515664735,0.44455586556709803,0.14891467361275554,-0.1292871679244441,-0.04357160751852347,0.39231331528173874,0.07994385473614128,-0.04974758654298236,-0.0753932055994262,-0.29056821340691247,0.15824796576374375,0.24615579967534584,0.11044761777292741,-0.09275156407114936,0.08759827995071846,0.14986186755071434,-0.15044940234121632,-0.1114963948288702,0.4016822987985051,0.334052651628247,0.08158428481709891,0.20628168037695574,0.13808508958875995,-0.020642650495732478,0.2966632004859517,0.06111940477783841,0.19707330800619108,0.14168168106332815,-0.07308424878254692,-0.06955904003953504,-0.035705779598952596,-0.06523352105618987,-0.1593914622134824,-0.12914577520616913
#51,0.42019376293383026,0.24373015954726876,0.5021795756159334,0.5685655159633065,0.03527473771993946,0.17948158291207225,0.3829841413652634,0.15486277699416925,0.23262190832123603,1.0,0.5461019194404692,0.25360705865395505,0.4670578989453888,0.319561957122315,0.08213063726247224,-0.23021685936572325,0.5374824546050442,0.5036346851438122,-0.16586807235738038,-0.44589841001829184,-0.35413728134748634,-0.4134055397117922,0.16541781205064054,0.15417228634084568,0.253001678180564,-0.051444299162282464,-0.05677192187709129,-0.12745180807654424,0.30819013888745894,0.07291128293300662,0.32864266422318084,0.22312937776908373,0.2535150847498344,0.5139234077017849,0.17532216605407927,0.19560447102993614,0.1794198093943793,0.2726140836756616,0.26025663464739335,0.1752782382192754,0.08138660956048142,-0.06187166894885496,-0.138266291907326,-0.1351103515256343,0.17241194699832182,-0.14585070713518447,-0.20836825253014032,-0.08760514367490657,-0.22238946830160577,-0.2030214113876048,0.37119363595493277,0.20388761338014394,0.23621026332677847,-0.07172248590362645,0.025940072824113636,0.14545672936678714,-0.2431439975016044,-0.2548699839045668,0.06283396308002759,-0.011491933408147926,0.017295898581611395,-0.037337973210884494,0.20186006925497707,-0.08010172039246775,-0.23088126786713203,-0.1546527470340132,0.07903097941912302,0.03821103892761173,0.14207016785237503,0.041405416164756834,0.21800080305573,0.19492084410080066,0.06089564736930611,0.23400151688304557,-0.2609594800042555,-0.12101638027777492,-0.030312265131937938,-0.04397244901110894,0.3383507157148397,-0.0146396373208139,-0.23574627557166242,-0.04330117678551205,-0.017854605730523325,0.0340996681389355,-0.07774746299594697,-0.02541980253065511,-0.06689454230971183,-0.11861544955677501,-0.01565546850065377,-0.19595314821869197,-0.15443173511515612,0.028474159794362824,0.35441869403919873,0.017952070613994446,0.10139711105848923,0.4296190289889391,0.28257334747260515,0.306964277747463,0.3132390944002306,0.26201786627406165,0.46868322883313257,0.42994574226029303,0.23549231777670246,0.38311729761451263,0.18653611863260885,0.2174448413964933,0.36306835926105147,0.015612913410687506,0.09510582146767015,-0.0849571188831348,-0.02337853095711202
#52,0.5391091572376255,0.06972651490972487,0.276993139707674,0.3275952599120757,0.019733893413227083,0.1485536417204611,0.4023549437689396,0.41396699235037937,0.3287771932172678,0.5461019194404692,1.0,0.28390902819961084,0.3572849852601523,0.4684429984865488,-0.037913153297847876,-0.06559867118299718,0.4163404681746269,0.27994316836372246,-0.051419589755205275,-0.340326095536177,-0.31124998713051716,-0.2699715498632403,0.00220394183680123,0.05637245312934345,0.06982947077254648,-0.09508523029510582,-0.2137631397419926,-0.17167203753084387,0.19160291982826963,-0.030007515777985976,0.08194394396455573,0.05252327660465292,0.07008205582266883,0.28551102142511503,-0.014115248792842509,0.035884236427843386,0.14656727994042287,0.1049799750846812,0.15620394870052542,0.17856458936054115,0.10253374378403979,-0.24497935734950427,0.041124003473044436,0.026082838287226268,0.1063568381568155,0.1204768915565897,-0.27973451114840403,-0.045032208025752696,-0.46481620662555295,-0.33881607621479337,0.10080408528863675,-0.04240065617203238,-0.03405711304896924,-0.1701318178230326,0.000989062655506251,0.20394526866332402,-0.2435736666357799,-0.028751454251562353,0.02567787856012794,-0.2132703243452865,0.19010113697591177,0.17664686482238398,0.12927755871058078,0.07790121041776057,-0.23250797049971345,-0.1273406157446969,0.14317110921214743,0.14105982765188563,0.24753403549231778,0.1837549375915878,0.21658687587297992,0.23019352270348367,0.1640189850611043,0.2854053200726182,-0.00876840765030698,0.1159331061440627,0.11046820894549174,0.2136148832995295,0.29639963347712833,0.0565097276131056,0.0533029956724219,-0.15838249475783064,0.09222168456382748,0.2452442971031652,-0.007132095803862218,0.1173401696026247,0.08664422228857156,-0.025256445894978156,-0.06043303235902769,-0.055561160930309175,-0.09058262722770748,0.0376839049099651,0.032468847271841225,0.026100683970115345,-0.13889912727746948,0.2977737510595874,0.3612782999927931,0.03077213465254112,0.299011966903122,0.16324887520719866,0.28235919927793623,0.4507345900812322,-0.03243590139573831,0.29537556582826274,0.15860076118701247,-0.06459931294120877,0.12266916506227114,0.17000277980829617,0.08229124840847396,-0.20471400577239204,-0.21593756756478497
#53,0.2817208729284422,0.17604422983866816,0.14617467491686315,0.26410443842724624,0.43126083181473435,0.6287109582788525,0.09568923802365925,0.08375596715021603,-0.01684289278519632,0.25360705865395505,0.28390902819961084,1.0,0.4322039075181803,0.0521251806017427,-0.24132922882626884,-0.18629314279634987,0.24134707450915793,0.16025903695085916,-0.031474980009403304,-0.15729939908094734,-0.17458362933143895,-0.33672813131677115,-0.38353323930031197,-0.04661223733385498,0.035866390744954305,-0.14515747099218565,-0.20326164173418856,-0.3585520287452769,0.41964466499878167,0.6012890074025266,0.33276501697055805,0.26251068167076774,-0.014636891831138657,0.06455538510640488,0.4303754113944685,0.22067765548909182,0.24980867368825652,0.23806621434724268,0.18863916372384493,0.22002148345670877,0.3664384478374121,-0.07083157450401013,0.3444100114281008,0.1043718491216149,0.0992830840085522,0.3430949218736594,-0.24842631963677173,-0.27307944417561525,-0.13059402100985973,-0.3267016030227841,-0.31909110564301085,-0.2467996170041903,-0.15055922192822604,-0.4078157227329977,-0.2687772618545096,-0.048735873597655355,-0.3473504308702859,-0.1541736590856833,0.08913575416885448,0.15029153668488984,0.27293256047798975,0.3094613006070964,-0.1308726882118969,-0.23708058355383047,-0.15298348931146552,-0.25996561274181756,-0.08833818941819642,-0.0017948638751900394,-0.11363650403072204,-0.13122685638000323,-0.13762796555783202,-0.11088277788645341,-0.018403703665571904,0.1640821313236349,-0.1431505180395831,-0.028342376289951166,-0.034072213242183076,0.11551853720310103,0.0830366488553024,0.2044353385703549,0.4249832696722915,0.4622134824134227,0.15863645255279063,0.6031971227268204,0.43993383369882666,0.1611705395230398,0.4706764543373589,0.45069889871545404,0.1249520397272356,0.3797705457003916,0.08219378352500283,0.25269967431628726,0.17963944856839872,0.27371914326994684,0.1811302494620556,0.1500718975108704,-0.021256267438149266,-0.08175999615631445,-0.04413717839162351,-0.053661282075041096,-0.037468383970458534,0.15753139295850535,0.17650547210410897,-0.09611890715783478,-0.24779622975630347,-0.2320577101929736,-0.026519371145589887,0.17366663577990782,0.2588550621681818,-0.2595126069454025,0.047876535329304325
#54,0.022346226839220693,-0.00996406840387526,0.27944898022217873,0.35532058739751604,0.2380415049401655,0.34619869795152153,0.3163538524367937,-0.06703044404863635,0.19457216691204482,0.4670578989453888,0.3572849852601523,0.4322039075181803,1.0,0.3170841526904083,0.07144519144642691,-0.24486816501765693,0.41720255193265315,0.21452775861654774,-0.012881151183820829,-0.4292470151379437,-0.26877039813032155,-0.3743880131920779,-0.16003390679748924,-0.34196240738262174,0.19931225483635165,-0.36462917014142704,-0.16216577953031536,-0.20667153991084022,0.47310483995511127,0.32238981148781515,0.2269497266521842,0.24536098041436302,-0.1333189195125383,0.27443297058550997,0.24979769172955554,0.1845730935148102,0.27298884301633225,0.2512418192987333,0.125374845137223,0.11973835483394936,0.36676378836392837,0.12326356357696122,0.11252458071224866,0.18323329455329168,0.3587799043883221,0.1195434250670071,-0.21466915133482276,-0.024589291903894132,-0.1485014774166315,-0.2541245834577383,0.026110293183978697,-0.05419665256171346,-0.15049470292085781,-0.36233943175227445,-0.05654404623404613,-0.19974466946020242,-0.3766914790296067,-0.136141282898688,-0.016642472038903587,-0.042249654239894026,-0.11470587225922914,0.014076811937389107,0.21177540521711677,-0.014452944022897384,-0.2866256902332637,-0.3014870258453534,0.10513784074100767,0.3756221108010996,-0.0633597243528366,0.01978056673770621,-0.1029894950701301,0.06969768726813481,0.15405011205029737,0.16141900633864928,-0.2195437682532165,-0.2370503831674028,-0.23403309001431086,-0.22239084104644338,0.6490248363859746,0.1215778329163621,0.10581734943563027,0.14422125901292782,0.14529886371046066,0.10872894123622537,0.1008136945025001,-0.1796943583619036,-0.015185989766187236,0.07210273622364759,0.07436639246088535,0.03826732146595421,0.19948933892040482,0.04690051374975548,0.14764763012763096,0.1306036302237231,0.23881161479407112,0.21980596251720222,0.024513790937824954,0.02477461245697303,-0.010182334833057069,-0.1297086005895939,0.05849883488281907,0.34892634194387534,0.36142106545590574,-0.05972469602281502,-0.11992230264219063,-0.28136395927066066,-0.029161904958011166,-0.22022464969267674,0.26547581052003005,-0.07226197462481168,0.05833822373681736
#58,0.34122249791514375,-0.10038951634767508,0.2293245752212693,0.0634613074708206,0.015382292277967103,0.014312924049459996,0.05420763452041443,0.1555875862684334,0.4182046556641168,0.319561957122315,0.4684429984865488,0.0521251806017427,0.3170841526904083,1.0,0.1422609793848044,-0.21282967325241003,0.28368664353591616,0.16277253274854403,0.14870464365259947,-0.1040904364299025,0.046059021164293536,-0.05999649950066407,-0.028325903351899707,-0.018955547090295722,0.26993174026294925,-0.09579905761066897,-0.012470700477372018,0.06957139474307364,0.17802098240484304,-0.028634770940364533,-0.042846798244259354,-0.04613177664068747,-0.1728525980911983,0.1262575200678136,-0.13028927165590778,0.003407839059395237,0.08281563693644535,0.04442682755236164,0.016403614437157456,0.013496140871075236,0.08910555378242681,-0.015785879260227807,-0.20087443846156486,0.12450315216533339,-0.10019458658073284,0.0947955811343677,-0.15253871998407617,0.09518406792341456,-0.12588550621681818,-0.24053166407561077,0.08775202737253206,0.05095422925525161,-0.05344713388037215,-0.19105656738289628,0.17606344826639486,0.04802616451660507,-0.20619794294186083,-0.13741930834251356,-0.1705024589291904,-0.34414644441927744,-0.04819089389711964,-0.13263803807307809,0.43813416521670495,0.30834937728862305,-0.25687693685716934,-0.01771733124676118,0.47154814730924854,0.43480800447514817,0.35147552910733837,0.46527058516680564,0.35203149076657503,0.468507517493917,0.2431645886741687,0.22711308328786117,0.014130348986056345,-0.08869235758630276,-0.04730959171136667,-0.11400302690236695,0.4867883604965218,0.17448341895829259,0.014181140545048338,-0.07645433735890757,-0.021522579936647825,0.09693294484654429,-0.2012986166163899,-0.15626297672854314,-0.1705216773569171,-0.06370840154159245,0.02913582280609636,-0.09446063139398807,-0.060721308774928186,-0.07368276553174988,-0.022633130510283574,-0.31133372456561204,-0.2999536698617303,0.17298438159560997,0.32484565200231996,-0.05868964641524845,0.2429916228246284,0.055180910610288035,0.170028861960211,0.2336500942046145,0.0928243195475433,0.23353615638309191,0.20288139141416742,-0.1140249908197689,-0.04802753726144269,-0.007954369961597462,-0.19859980026562613,-0.29250790186247155,-0.3078016520984121
#101,-0.10559359202709798,0.16681114806082634,-0.30607336634784665,-0.2314427205057192,-0.34933816539516177,-0.44527243837233643,-0.018005607662661682,0.201062504504319,0.24687237248058425,0.08213063726247224,-0.037913153297847876,-0.24132922882626884,0.07144519144642691,0.1422609793848044,1.0,0.18811065696136067,-0.1111641905781658,-0.2706057579782214,0.11998819439439645,-0.048856675143366037,0.4146780741762673,0.26694739298596026,0.3145569294443472,-0.22391184232652794,0.3341610984704191,-0.04098810173411992,0.05808014770734453,-0.1407880241740366,0.26923987686478806,-0.2753211364954511,0.2490728824552914,-0.11890372597267551,-0.11225964095858772,0.2129751842051979,0.017699485563872103,-0.3025207027080824,0.05551036937131718,-0.20467556891693864,-0.02789211598321133,0.01595060864074238,-0.11959284388116148,-0.025396465868415544,-0.41705566823502765,-0.3267688675198276,-0.06356289058880459,-0.029086403991941987,-0.01488673139158576,0.08491593653800615,-0.12357380391026367,-0.051370170941050904,0.19772948003857413,-0.12442353296475134,0.019440126017976095,-0.041390315971543,0.36814614241541316,-0.17003160744988624,0.08681032441392375,0.021843802228651243,-0.025220754529199998,-0.06658704746608463,-0.23767910030303344,-0.49766736333467176,0.6309842237299537,0.4356755792125249,0.00991739507939613,-0.23286076592298216,0.29970383030128317,0.08803755829875733,0.38293609529594663,0.21612700635237675,0.21606248734500852,-0.0835294642520085,0.274675946421769,-0.3054803405779942,0.07684282414795444,-0.44501161685318835,-0.18622313280963118,-0.2828273052675651,0.2631984268344161,-0.10474523571744793,-0.09654171256782218,-0.4461757044754914,0.0024249537556582826,-0.21644685589954255,-0.5156654209007265,-0.24277335639544662,-0.5189188261658894,-0.01395601039167842,-0.26362397773407875,-0.5017238243298431,-0.4513454615339737,-0.24851005707186663,-0.16191593996986825,-0.2941551956676173,-0.2840408117040225,-0.14180934633322695,-0.18323878553264217,-0.05744868508203866,-0.13565395848133238,-0.048199130366145364,-0.1771479166881158,-0.05511364611324458,-0.09667075058255858,-0.06763033354267692,-0.017729685950299775,-0.00023268024997683494,-0.09347911883508873,-0.2803096912353674,-0.13992594041601034,0.18024345629695215,-0.017644575770367245
#102,-0.14710402317193286,0.05929228139896427,-0.25126103772646,-0.21000044614207222,-0.19764025162412874,-0.30559839663402966,0.12701115698366777,0.043881847851825924,-0.23698723690487222,-0.23021685936572325,-0.06559867118299718,-0.18629314279634987,-0.24486816501765693,-0.21282967325241003,0.18811065696136067,1.0,-0.2974786109194988,-0.34579648371409843,0.012680730437528098,0.25711442171407783,0.16801641802825795,0.4799246363084146,0.06103292185306826,0.1463256768490015,-0.1579816532652452,0.032503165892781766,-0.04884294769498983,-0.14021147134223558,-0.35457518695068757,-0.22950852302951058,-0.23302824079317197,-0.24676392563841215,-0.09609557049559521,-0.11206333844680785,-0.1909934211203657,-0.21846479081084605,-0.12416133870076565,-0.20492540847738575,-0.24454968821532874,-0.03733385497637163,-0.2407307120770659,-0.17194658649836814,-0.1770655519978585,-0.004497798460466665,-0.4041985400858652,0.07469859671158974,-0.08527285019578773,-0.083868532226901,-0.0884329088119923,-0.01880866339267023,-0.2199459824906396,-0.2741762673008748,-0.16804250018017275,-0.07352215438574816,-0.20717671001108492,-0.010860470782842063,0.23723707646531933,0.4644743931609852,-0.07223314698322163,0.1822366818011785,0.09149138431021288,-0.06540648690573019,-0.053249458623754665,0.03542848514175306,0.2126168978025787,0.1719369772845048,-0.15826581144663282,-0.03230960887067714,0.06754934159725726,-0.08391520555138013,-0.13592850744885668,-0.3180958656357353,0.16911598664319272,-0.06128138866867774,0.5144766238713464,0.24653330450569175,0.42117115725821674,0.22135167320436397,-0.3391757353622502,0.12659384255303086,-0.11938006843133016,-0.29771060479705685,-0.07573639180883156,-0.22569641061543583,-0.17529608390216447,0.10684416257417112,0.06303438382632032,-0.3969737840054635,-0.19630457089712308,-0.2975994124652095,-0.1682552756300041,-0.16192280369405634,-0.455960629678057,-0.11093768767995826,-0.3127421607690117,-0.22284933782220895,-0.1324870361409397,-0.29810320982061655,-0.2151331390899388,-0.25402437308459197,-0.16062144158799121,-0.37734078733780163,-0.42889147422499974,-0.2531293434504628,-0.050917165144635824,0.04707897057864627,-0.06717183676691135,0.1782735674549654,0.053223376471839855,0.43090254541211515,0.16777069670232372
#201,0.4112709214892909,0.05474849598643728,0.7667637883639283,0.5908437919330649,0.23393699787567737,0.23759948110245138,0.22743842381437746,0.09548195355317841,0.30440685411497426,0.5374824546050442,0.4163404681746269,0.24134707450915793,0.41720255193265315,0.28368664353591616,-0.1111641905781658,-0.2974786109194988,1.0,0.6532638724445496,-0.3617148328511567,-0.5615205894566333,-0.5151726055040204,-0.5261957465501206,-0.025185063163421843,0.07243082223983911,0.150044442614118,-0.12479005583639627,-0.25473133667596703,-0.1572527257564682,0.27917443125465446,0.1056773294621929,0.2721789235621356,0.032663777038783474,0.3448767446728921,0.2978561157498447,0.28385960938545646,0.06265001527178632,0.3175975592596787,0.2816947907765274,0.23472083517795922,0.23063554654119778,0.13169633511446976,0.07308150329287168,0.04742352953288925,-0.03838537752198966,0.17170910164145964,-0.21047678860072686,-0.25347939338405623,-0.05148959974192397,-0.29320662898482086,-0.2523688428104205,0.16078342547883057,0.20488010789774425,0.10641723892967085,-0.05721806394931826,0.019069484911818303,0.20717671001108492,-0.4680613754216901,-0.5010745160216482,0.09178926993997673,-0.34899635193059403,0.09815194226235213,0.1650046158545165,0.1288245529141657,-0.0743307010951072,-0.4751008109490128,-0.062444103546143104,0.11678832617790087,0.04814010233812765,0.14572166912044807,0.06401589638521965,0.24183439892651354,0.4881624780789809,-0.019650155978132175,0.334821388737315,-0.3547701167176298,-0.013405539711792222,-0.06842103456914687,0.08567369168837319,0.4365198172876621,0.15183312913753874,-0.13444594302422552,0.20972589717454793,0.12828918242749332,0.034678966460411756,0.27379876247052887,-0.025823389512915813,0.05828194119847488,0.13330519206416208,0.18143362607116995,0.21035598705501618,0.022830805766901063,0.18993503485055957,0.3072662816117397,0.08404149807644129,0.14792492458483048,0.6709695353601911,0.33824089612783,0.5835668715488337,0.46448125688517333,0.44399853116302374,0.6069817802441426,0.601831241613387,0.2935168693181233,0.6083009880330968,0.4389070205602858,0.3562993544667401,0.4517188481298067,0.10466149828235302,0.35507074783706893,-0.3060115928301537,-0.2722914886388205
