,#10,#11,#12,#13,#17,#18,#26,#49,#50,#51,#52,#53,#54,#58,#101,#102,#201,#202,#301,#302,#401,#402,#501,#502,#601,#602,#701,#702,#801,#802,#901,#902,#1001,#1002,#1101,#1102,#1201,#1202,#1301,#1302,#1401,#1402,#1501,#1502,#1601,#1602,#1701,#1702,#1801,#1802,#1901,#1902,#2001,#2002,#2101,#2102,#2201,#2202,#2301,#2302,#2401,#2402,#2501,#2502,#2601,#2602,#2701,#2702,#2801,#2802,#2901,#2902,#3001,#3002,#3101,#3102,#3201,#3202,#3301,#3302,#3401,#3402,#3455,#3501,#3502,#3601,#3602,#3701,#3702,#3801,#3802,#3901,#3902,#4001,#4002,#4101,#4102,#4201,#4202,#4301,#4302,#4401,#4402,#4501,#4502,#4601,#4602,#4701,#4702,#4801,#4802
#10,1.0,0.09115780731467087,0.44301564585928677,0.5022893952029431,0.07089883900105358,0.18355177135561984,-0.038204175203423625,0.25528592559036606,-0.4181030725461328,0.3961542553374035,0.23586295888286024,0.0015216876525033717,-0.05945014705529073,-0.14748152800227876,-0.049074941572547846,0.08424878254692214,0.32112002251301536,0.23683486222789624,0.10898564452086057,0.2647482557560907,-0.09484774543819731,0.20855494582805684,0.12091067892527807,-0.16556332300342844,-0.04928359878786631,0.10898427177602295,0.08796205733268814,0.24586889600428297,0.186390607679821,0.13272040276333535,0.04234162814401466,0.0890341710508705,0.3784280012491978,0.3542951470038128,0.27672545446433783,0.2993167162570739,0.36446855899542535,0.396696489548264,0.21219821062710417,0.4061258738378857,0.26125462014434414,0.2696640550196131,-0.14304618943192388,-0.03007615301986705,-0.1289535909289021,-0.3723906694533387,0.22600665094873829,0.34406957070837063,0.11624197373252754,0.16163040904364298,0.2535466578810997,0.22355355592390874,0.37884668842467234,0.18612017694680957,0.0007598142676234699,0.3278382357483347,-0.2606190392845254,-0.19255285925590365,-0.09963038845247042,-0.1958268556936308,-0.18645375394235159,0.012970379598266224,0.09320731535723968,-0.09887263330210339,0.36070723814034256,0.3450442195430819,-0.07210136347880997,-0.17504624434171737,0.16708295153867536,-0.11933339510685102,0.41000113251449105,0.17933195372477154,0.07719973780573601,0.21987185426940803,-0.27608575537000624,0.052480721514686655,-0.22492767350636783,-0.1551277167478302,-0.1165659415142062,0.2613438485587895,-0.07564716339438617,0.0049727681742836845,-0.21038206920693098,-0.18017344631023346,-0.04378850120286766,-0.1811933957245862,-0.13410138406998254,0.00838815733028584,0.14623233020004325,-0.04524635622042164,-0.1299886405364687,0.0011963471259870894,-0.21518255790409319,-0.1605555498357854,-0.30149388956954154,-0.2584679481239726,0.29583680809370355,0.16605888388980977,0.2792334592826722,0.5062689824872078,0.28378273567454965,0.17082093573151858,0.19442802870409456,0.4104417836073675,0.3840095817589666,0.4871315467059272,0.39129199312254836,-0.21615857948364203,0.12840998397320402,-0.3634541005604231,-0.23576823948906436
#11,0.09115780731467087,1.0,0.12914714795100674,-0.02109016531279707,-0.07128046206591235,0.07275890825603064,0.2777948226928449,0.02321654706627269,0.23606887060850346,0.18967558607624913,0.1198179740345314,-0.04243634753781054,0.22287953820863662,0.1868271405381846,0.08237498584356887,0.12909223815750187,0.19737393912563017,0.09207068263168913,0.1766811834433245,0.2297075710309657,0.11346628367085697,0.3033855319557839,-0.07730955739274573,-0.0984512006369536,-0.03516629087776737,0.037744305682820445,-0.03572774351635454,-0.06871617470923548,0.02309437277572438,-0.14480330282407933,-0.17122864094829213,-0.1097365359470395,-0.02739792784166761,0.07269301650382481,0.14341820328291927,-0.00232748887218716,0.1296687909893029,0.2893505887359422,-0.054041532395062236,-0.19694976097080516,0.032073496758606254,0.041981968996557845,0.10006005758664593,0.11006599470806865,-0.06040008648292477,0.031484589223266655,0.06413257969641747,0.025570804462793466,-0.0647873789839629,-0.1675771396802191,0.1308603335083583,-0.08316568687003881,0.004517016888193365,-0.29270694986392665,-0.11055469187026189,0.0050153232642499495,-0.1723721373980308,-0.15811206402481923,-0.10216447542271961,-0.17563103364254412,0.051388016623939985,0.04272736944338629,0.12584569661652717,0.18960145785501756,-0.005071605802592429,0.243145370246442,0.24276374718158325,0.23562135579143886,0.12371107839402581,0.25003380384162643,0.11930731295493621,0.23897222594007284,-0.1829971824412208,-0.0942135373232162,-0.08984683599474239,0.12328003651501268,0.018527250700957832,-0.01717509703590071,0.16096325505255896,0.07651199264208768,0.09615871675812579,-0.041641528276827725,-0.05524405687281862,-0.008782135098683195,-0.11506004042733547,-0.05847137998606664,-0.060008854204202655,-0.08162409441738994,-0.13665194397828317,-0.07850384540147638,0.1467608369625275,0.05679388579449324,-0.1916468476630735,-0.08865529347568697,-0.16212185169551147,-0.11639297566466589,-0.09104798772766115,0.054655149337479024,0.13625110248569772,0.06780879037156771,0.09020374965252397,-0.15418875927889714,-0.02938291687686822,-0.0340735859870207,-0.0282037290613514,-0.003064652849989876,-0.046462608146554236,0.06607364089681421,-0.027360863731051833,-0.1480223894683016,-0.056700539145534974
#12,0.44301564585928677,0.12914714795100674,1.0,0.6866792272819309,-0.05983039737531187,0.26960365424675775,-0.0958773040664134,-0.2038464310350153,-0.3320772718069097,0.4412640234464818,-0.1165343683829409,-0.15059354054916657,0.024387498412763782,-0.16702941449000813,-0.04985740612999207,0.12754103649098963,0.5232539543630979,0.6130644126196433,0.23006997566809775,0.25413144718192643,-0.10302518643590826,0.3127572609622255,0.22383085038110828,0.13747009990150555,-0.01234989893166133,0.17338796857787067,0.2623418340557403,0.2998026679295919,0.4480096915785536,0.32019479249245847,-0.02862378898166356,0.2685123221008487,0.25110591755980877,0.3773668694897164,0.23384639671639434,0.443627890056866,0.33957383136516045,0.4468689406184902,0.2785951329331782,0.14560635855408785,0.27136488587342605,0.3736343762762237,-0.04052823221351673,0.011689608664765415,-0.0695549218050222,-0.16532721089135755,0.2760981100735448,0.26502692295812785,0.041642901021665346,0.05718923630772821,0.12014331456104768,0.10930823955770161,0.304172114747741,0.18818615792742985,0.06251411353286179,0.3311726329589172,-0.20511896549949038,-0.21224076571707043,0.04663694674093216,-0.17996616183975264,-0.18503021754573815,0.03584579957238998,0.2206817737236047,0.12454982548981251,0.4657400639012722,0.3462426257863254,0.07620312505362284,-0.04838994189857475,0.24657723234049564,0.10065033786682316,0.4720189987885527,0.32497469001705637,-0.25637313950176227,0.16320082913788192,-0.49472145291313613,0.016884075130324964,-0.5160621441587991,-0.13130373009091004,0.0717513135452165,0.3894991883646148,0.016108474297068846,0.18398830421398346,-0.4090951209216609,-0.27299021576116983,-0.2905984137933401,-0.3409918767824234,-0.03652393552217498,0.12538582709592397,0.2922539440675116,0.027080823784177057,-0.09656504923006173,0.21281869129370906,-0.1088016967126193,-0.21373431210040256,-0.3170965073939469,-0.08965739720715063,0.44111713974885636,0.4569531241956573,0.3644465950780234,0.5446070003122995,0.24809136989639208,0.27221324218307613,0.36476507188035157,0.25615487307258045,0.33769179819278144,0.4459464560876086,0.21363272898241856,-0.14960653701091675,0.05491871634630234,-0.3303531042908572,-0.168045245669848
#13,0.5022893952029431,-0.02109016531279707,0.6866792272819309,1.0,-0.05429137195550934,0.08338807153373348,-0.19525442109634267,-0.17999087124682983,-0.38810859784410423,0.4217133914690772,-0.16094952760418274,-0.23662620501257778,-0.30745297490965623,-0.3402505945701078,-0.11783298499933079,0.20120252447775638,0.3639853528125826,0.46459107647218306,0.14013322488649116,0.2994059446715193,-0.11730036000233367,0.3238902215953354,0.2120403449707777,0.08659068523990432,-0.0941297998881213,0.14994697773064689,0.13113762796555783,0.3705786462676784,0.37358633020690696,0.2306424102653859,-0.10519412327935014,0.23752809837089506,0.3415890207867887,0.4469265959016703,0.10559221928226036,0.3642351923730297,0.3184459155693288,0.34973077041872147,0.14520963529601527,0.2900575523273173,0.17365016284185636,0.24236016019932255,-0.10531217933538559,-0.126680325477801,-0.17486916025766422,-0.392598846207964,0.4106133767120702,0.408141063259514,-0.06797626524175752,0.10060641003201927,0.25340801065249996,0.14934022451241818,0.255692258062302,0.16998081589089423,-0.060008854204202655,0.3905328652273437,-0.28976653042174155,-0.10360723024705976,0.1074316973646731,-0.1262588928126512,-0.1185124936939534,0.11852347565265438,0.16250347476037022,-0.08117520685548772,0.45346635230809884,0.42570670620171797,0.010311372847793484,-0.15389499188364614,0.24867615919721883,0.08350200935525606,0.47918609958577424,0.3172282908983585,-0.22229200341813465,0.115964679275328,-0.5249547852169109,-0.028446704897610395,-0.4344099084722379,-0.1439453373005659,-0.11990582970413917,0.3148699152673249,-0.03826457597627897,0.14695576672946975,-0.4165422616657572,-0.4203626105488577,-0.42329616626685473,-0.2737232615044597,-0.007991434072213243,0.22026308654813015,0.26367339654823313,-0.030129690068534287,-0.13958000871692972,0.10018223187719424,-0.21872423958515652,-0.1017348062885441,-0.18169170210064278,-0.25521866109332264,0.5142418845041131,0.3426062247114662,0.45023353821550033,0.5118629177005152,0.2239145878162032,0.1353272452099785,0.1945598122085062,0.37949874222254254,0.4086462333597587,0.5382374642657359,0.23885005164952453,-0.06367682841032717,0.12307275204453184,-0.15977171253350356,-0.10501154821594649
#17,0.07089883900105358,-0.07128046206591235,-0.05983039737531187,-0.05429137195550934,1.0,0.4818011785014431,-0.26148661402190215,0.4392076516797249,0.2050901378579003,-0.14624880313809469,0.10430733011424669,0.5226252372274672,0.27944898022217873,-0.11213609392320179,-0.23576137576487627,-0.19275328000219638,-0.1534831684323597,0.1746714850010467,-0.23561037383273792,-0.26067944005738075,-0.3250282270657236,-0.28164399921753547,-0.13768836633068737,-0.004657036861630752,-0.14082371553981474,-0.042533812421281667,-0.3272507009578327,-0.316515836327633,0.2514806769004794,0.4304673852985892,0.18412969693225847,0.3522003383816025,0.0928819748307234,0.3169523691859966,0.27091874380119907,0.24240408803412644,0.153565533122617,-0.01961858284686688,-0.03456914687340204,0.334669014060339,0.16687154883368166,0.22325292480446965,0.4027393123234736,0.11114909038495197,0.05319043059573694,0.06138709002117459,-0.062420766883903536,0.04620590486191903,-0.21873110330934462,-0.18853895335069856,-0.09446474962850093,-0.18811340245103592,-0.1175652997559946,-0.07957046814030826,-0.3405374982411707,-0.19599570330865823,-0.27218990552083655,-0.2989364659370528,-0.16740142834100355,-0.06869283804699591,0.020983091215462598,0.020373592507558675,0.20997848222467028,-0.02933624355238909,-0.26037331795859114,-0.2816728268591255,-0.023238510983674632,-0.20120664271226926,-0.10734521443990294,-0.19149035475158466,-0.05377110166205081,-0.05949819312460748,0.11703130201415986,0.05929914512315237,0.185034335780251,-0.05316434844382213,0.3128794352527738,0.007963979175460814,-0.2775106645114573,0.10188992645519532,0.32298146451283,0.6231595781555114,-0.13426336796082186,0.46405845147518593,0.4666350935354014,0.16826763033354267,0.03823849382436416,0.4721452913136139,0.4807290647832608,0.4465985098854788,0.4937317038852111,0.2263855285239218,0.21121807081304245,-0.026445242924358327,0.053167093933497375,0.050763417722822224,0.12304529714777941,0.002127068125894429,-0.10111432562193921,0.004282277520960098,-0.05247385779049855,0.03385120132332602,0.3300785553233329,-0.11762432778401233,0.08506968395981976,-0.10183364391685285,0.11712190317344288,0.023747799318432187,-0.008651724339109157,-0.21144320096641236,-0.18519631967109035
#18,0.18355177135561984,0.07275890825603064,0.26960365424675775,0.08338807153373348,0.4818011785014431,1.0,-0.21213506436457358,0.013135108978780797,-0.13475069237817747,-0.07119672463081743,-0.09383054151351983,0.3409163758163542,0.5428745963272212,-0.3052826653213767,-0.15098202733821345,-0.1350073956628127,0.2934111679656265,0.4567664308977408,-0.004803920559256247,-0.1709184006149897,-0.1723213458390388,-0.15989525956888948,0.14112297391441622,0.3155494239619475,-0.07348920850964524,0.05628322471489806,0.11777670246098831,-0.002364552982802939,0.2806460137205847,0.47753056931160276,0.5254160274823516,0.2616252612505019,0.09991317388902045,0.2567643717804844,0.22587761293400185,0.35250508773555445,0.2161311245868896,0.14136045877132472,0.2731041535826924,0.10607817095477835,0.027887997748698466,0.11659339641095862,0.3843610044373977,0.20783150929863034,0.12871198783748075,0.16512129916571433,0.02591399067219883,0.06356838156815507,0.12216674045170169,0.06958237670177461,0.13766091143393494,-0.033214247718669675,0.204391410735551,0.027698558961106706,-0.1957678276656131,-0.14969027444601166,-0.04392714843146743,-0.22905826272277074,-0.07068057257187177,-0.08182726065335791,-0.1938926582174222,-0.0694341202593115,0.10223311266460068,0.04653810911262342,0.13990672198828363,-0.15403501185708354,-0.02917288691671214,-0.2156877280043379,-0.07572952808464345,-0.2747981207123173,0.002302779465109974,-0.05210458942917838,-0.11391242574308394,-0.0015148239283152645,-0.09506052088802863,0.0223723089911355,-0.09055517233095506,-0.034733876253916614,-0.16050338553195578,0.2710546455401236,0.2678492863442775,0.7153146845947143,-0.40939987027561286,0.07317759543150518,0.3734682741508715,-0.2606506124157907,-0.057842662850436016,0.3118745860316349,0.5283358557519725,0.3480670036755243,0.5066258961449893,0.2463644568906643,0.28284652369529184,-0.2049020718151462,-0.17724263608191168,-0.08309979511783298,0.13957726322725447,0.030461894319238677,-0.03144340687813801,0.23536190701712842,0.15163408113608362,0.5605473133667597,0.48797029380171386,-0.12749848140102338,0.14630783116611243,0.11767923757751718,0.22935203011802174,-0.059467992738179806,-0.013877763935933998,-0.40645670534375244,-0.2852268632437274
#26,-0.038204175203423625,0.2777948226928449,-0.0958773040664134,-0.19525442109634267,-0.26148661402190215,-0.21213506436457358,1.0,-0.029123468102557767,0.15584703504274383,0.48322059666354367,0.34677662352816013,-0.1946668863058407,0.06933665537584038,0.6791771767443298,0.30520716435530754,-0.044004022142374234,0.15255931115664048,-0.2505952564802136,0.12279957582184517,0.2111384516124604,0.48463864208080665,0.20591103927079793,0.012859187266418886,-0.11648494956878652,0.2087636030433753,0.09312632341182002,-0.14186288338189418,-0.045072017626043716,-0.06540236867121732,-0.25077783154361727,-0.1571442789142961,-0.1541352222302299,-0.046609491844179736,0.04458057497417524,0.1883948151427483,-0.06636603554722757,0.04214258014255955,0.2737301252286478,-0.19746179479523795,-0.1682552756300041,-0.17133434230078898,-0.11761060033563611,-0.19357829964960688,-0.2836811525565657,-0.3296131948233792,-0.23512579490505753,-0.04726154564204992,-0.04814559331747813,-0.0849379004554081,-0.24328127198536653,-0.09417647321260042,-0.06743128554122181,-0.12602552619025556,-0.13513231544303625,0.29203293214865456,0.17858518053310546,0.11015385037767643,-0.0034613761080624734,0.002485354528513626,-0.05929365414380189,0.17628583293008954,0.26516694293156523,0.4317550199562781,0.2603170354202487,-0.28061444058931934,0.15330745709314417,0.647123584785869,0.6086139738560745,0.400025395779496,0.23218262997319716,0.29404949431512045,0.4221732609896804,0.1939571772247904,0.2535343031775611,0.1579555711133304,0.3740173720859201,0.21370822994848776,0.2836578158943261,0.6446910809336037,0.0863133907827048,-0.2423629056889978,-0.3412540710464091,0.09756989845120063,-0.04782299828063709,-0.00039191865114092254,-0.13152474200976708,0.17986869695628152,-0.42821333827521474,-0.3381887318240004,-0.25322543558909627,-0.3140435228750768,0.15702347736858543,-0.06467481390727794,0.08301605768273808,-0.05629969765294952,0.1551208530236421,-0.07666848555357651,-0.2753623188405797,-0.05134271604429848,-0.06193756070106079,-0.2723024705975215,-0.2679357692690477,-0.14949534467906941,-0.20420883567214734,0.024220023542573965,0.014035629592260464,-0.16342458654641423,0.2450136759704448,0.2290294350811807,0.1894381012193406,0.21675572348800737
#49,0.25528592559036606,0.02321654706627269,-0.2038464310350153,-0.17999087124682983,0.4392076516797249,0.013135108978780797,-0.029123468102557767,1.0,0.15542148414308118,-0.18822596752772086,0.2551610058101425,0.46281062641778803,-0.02946116333261264,0.09085992168490702,0.10938923150312128,0.0521251806017427,-0.26019760661937563,-0.11404695473717084,0.11438464996722572,0.06327735966257932,0.014841430811944252,0.0835555464039233,-0.0876778991513005,-0.1826787056388926,-0.05489400693922515,-0.16159059944335197,-0.23222518506316342,-0.334194044346522,0.12331160964627798,0.07460799555230672,-0.13576652355801735,0.002518300404616541,0.12393483580255811,0.05851530782087053,0.1691846238850738,0.07519141210829584,0.11546362740959618,0.09489716425235169,-0.18015285513766915,0.17959414798875722,0.250401699458109,0.09205970067298816,0.21054405309777033,0.175624169918356,-0.23849176524690532,-0.09002941105814603,-0.14184915593351796,-0.060131028494750965,-0.11456036130644126,-0.17548003171040574,-0.06840867986560828,-0.05025001115355181,-0.043953230583382234,0.13177458157021418,-0.10931922151640258,0.07400810605826616,-0.1664501161685319,-0.09186202541637067,-0.430805080528644,-0.16886202884823276,-0.24055500073785036,-0.24605970753671236,0.16205184170879278,0.02193440338793426,-0.20492540847738575,-0.05355969895705711,-0.08561466366035547,-0.18446190118296285,0.090526344689365,-0.08914536338271783,0.07147264634317935,-0.1379340876566216,0.35548119854351773,0.05337163291430297,0.2530030509254016,-0.16095227309385798,0.22079982977964013,-0.22018484009238573,-0.09815880598654024,0.040128763465768894,0.06655684707965695,0.029958096963831605,0.16201889583268986,0.4446698033886206,0.3007828077436536,0.13606852742229406,-0.2043145370246442,0.10074643000545666,0.024067648865597986,0.21671179565320348,0.1200485951672518,-0.3289199586803804,-0.16753046635573995,-0.16256113004355033,-0.0747219333738293,-0.12148036803289097,-0.04915867900764276,-0.08959974192397052,-0.12614220950145338,-0.03610662109153806,-0.050981684152004034,-0.12290939540885489,0.05078400889538655,0.02543352997903132,0.007359971446907377,0.02130019527295315,0.16280547862464695,-0.3098799877825709,-0.053756001468836974,-0.2192856922237437,-0.1749199518166562
#50,-0.4181030725461328,0.23606887060850346,-0.3320772718069097,-0.38810859784410423,0.2050901378579003,-0.13475069237817747,0.15584703504274383,0.15542148414308118,1.0,-0.11920984807146509,0.18302463733797322,0.04988074279223164,-0.06799685641432185,0.40162189802564974,0.07591484863772234,-0.14606760081952866,-0.26330961916626344,-0.1681152556565667,-0.15031761883680467,-0.14759546582380134,0.014984196275056883,-0.19659284731302357,-0.02140177839093714,-0.00635512222576848,0.03136790591206883,-0.05070301694996688,-0.3798433011767855,-0.394865247934877,-0.11300504140541616,-0.10065445610133603,-0.2217827150833771,-0.09522387752370559,-0.20192733375202052,-0.171961686691582,-0.09894127054398447,-0.2616746800646563,-0.11536204429161219,-0.04369927278842227,-0.22107026051265155,-0.18173288444577143,-0.08614728865735259,-0.17654116346988713,0.0836447748183687,0.052608386784585445,-0.03730502733478158,0.023327739398120027,-0.07839402581446667,-0.12216674045170169,-0.3116508286231026,-0.3289391771081071,-0.2144344119675895,-0.24587987796298394,-0.38271371063225196,-0.24772896525926003,-0.08018683057240028,-0.18818753067226746,-0.10760740870388864,-0.14390827318995014,-0.15587174444982102,0.02705474163226225,0.06874362960598791,0.03325954829831118,0.22006678403635027,0.20506268296114788,-0.39815983554516843,-0.21925686458215363,0.25689203705038316,0.200050791558992,0.01778459574380463,0.21251119645008185,-0.11379711517672374,-0.020363983293695327,0.04273697865724964,-0.08218417431113949,0.28372508039136957,0.028684189754518905,0.3325700872036158,0.06924468147171974,0.1478247142116841,-0.11392752593629778,0.1273213973169702,-0.050200592339397436,0.18279676169492806,0.2455188460706895,0.18839618788758591,0.07355921849636395,-0.017100968814669153,0.03912803247914286,-0.2264294563587257,0.03587188172430479,0.2069378524093388,-0.06557396177592,-0.12747926297329668,-0.000868261109795564,-0.025378620185526463,-0.001479132562537107,-0.0901996314180111,-0.07106356838156816,-0.05729631040506268,-0.39112451825235856,-0.3271546088191992,-0.2992974978293472,-0.17728381842704033,-0.2108954757762014,-0.2800159238401164,-0.347651061989725,-0.27386602696757234,0.13385154450953543,0.04747020285736838,0.035955619159399696,0.008657215318459643
#51,0.3961542553374035,0.18967558607624913,0.4412640234464818,0.4217133914690772,-0.14624880313809469,-0.07119672463081743,0.48322059666354367,-0.18822596752772086,-0.11920984807146509,1.0,0.3619578086874157,-0.3009351824206296,0.006436114171188145,0.23722197627210548,0.12466239056649747,-0.04607000312299451,0.4400601262238878,0.10905977274209214,0.15840857690974547,0.11053547344253518,0.2706620405165639,0.19412602483981783,0.257150113079856,-0.09141313785446846,0.3962050468963955,0.19728745620086002,0.034194387532731386,0.18669672977861057,0.1796957311067412,-0.10654902243408251,-0.17320676625930465,0.1815969827068469,0.24169300620823853,0.42593320909992555,0.1800032259503684,0.09846218259565458,0.22707327368757013,0.2682364003884868,0.0009972991245319799,-0.02158298070950317,-0.044329362668890517,0.09538860690422016,-0.24266902778778737,-0.40449642571562905,-0.30957386568378137,-0.45659071955852526,0.19785302707396005,0.11353354816790043,0.0004880107897744237,-0.1201254688781586,-0.056538555254695644,-0.012080840943487527,0.14629135822806097,0.0398349960705179,0.18814772107197644,0.21822181497458706,-0.10851204755188118,-0.31291100838403907,0.1397200286903671,-0.16736299148555014,0.15936812555124286,0.3116741652853422,0.32687319612748683,0.002790103882465587,0.13741656285283832,0.3235840994965458,0.40783219567104917,0.2683860295757875,0.43066506055520665,0.09081050287075264,0.551491315672971,0.5145301609200136,0.019672119895534117,0.35985339085134205,-0.30162979130846607,0.18672555742020064,-0.09413529086747179,0.1290345828743218,0.3910668629691784,0.12519227007381936,-0.13244036281646057,-0.17997988928812886,-0.22282462841513176,-0.3269514425832312,-0.45032825760929623,-0.19811110310343288,0.10643783010223518,-0.15995291485206958,-0.08771084502740342,-0.25884408020948085,-0.4292346604344051,0.24680922621805365,-0.23615809902294888,0.10493879273955255,-0.18357236252818418,0.18117966827621,0.27183161911821735,0.11755569054213126,0.22016973989917188,0.35609206999625925,-0.030850381108285543,-0.07300737507164012,-0.02977140366591509,0.20487598966323137,0.2922484530881611,0.3843143311129186,0.16225088971024787,0.25178954448894425,0.3909817527892459,0.060665026236585706,0.08038313308418014
#52,0.23586295888286024,0.1198179740345314,-0.1165343683829409,-0.16094952760418274,0.10430733011424669,-0.09383054151351983,0.34677662352816013,0.2551610058101425,0.18302463733797322,0.3619578086874157,1.0,0.16711315192510304,0.1348220751097338,0.3581168686317509,0.2507572403710529,0.0345279645282734,-0.10054326376948869,-0.29541400268371615,0.15009248868343475,0.011209147971597909,0.2037119020409284,-0.055242684127981,0.09162179506978692,-0.18281048914330428,0.23408937255265336,0.03231235436035238,-0.24061265602103046,-0.21298479341906124,0.030923136584679482,-0.1721236705824213,-0.30234636411370447,-0.10650646734411624,0.0055946215857261995,0.04202589683136173,0.1338872358753136,-0.021002309643189297,0.09352167392505499,0.0985665112033138,-0.33752706881226685,-0.03946160947468487,0.04584624571446221,-0.10470405337231929,-0.0665788109970589,-0.2197551709582102,-0.41210280486088946,-0.3579562574857492,-0.11065352949857063,-0.0784091260076805,-0.13469166435015975,-0.16515012680730437,-0.03394729346195952,-0.10603287037513684,-0.1490917576968087,-0.09490540072137742,0.09435630278632884,0.05423371667232924,-0.10474111748293506,-0.19340396105522895,-0.47669731319516656,-0.2714760782052734,0.04729723700782808,0.1360465635048921,0.2301358674203036,-0.0420753156455161,-0.1837920017022036,-0.02649740722818794,0.2061457786380312,0.06569339057679306,0.3320909992552859,0.09210500125262966,0.21908938971196382,0.22069412842714328,0.43111394811710885,0.29614842117184365,0.3709053595390323,0.16606986584851074,0.31934094520345796,0.16295236232227245,0.14813632728982418,0.008558377690150899,-0.031734428783713756,-0.10554005497843075,0.0971072834409222,0.15048783919666972,0.046704211237975614,-0.04453527439453373,-0.020582249722877137,-0.0983235353670548,-0.18972225940072823,-0.1331514446423485,-0.29042132970928697,-0.17224721761780726,-0.26547306503035484,-0.10478504531773895,-0.23025117798666378,-0.008585832586903328,-0.06530902202225906,-0.3432582785093364,-0.147150696496412,0.017238243298431297,-0.2664724232721432,-0.439638693558738,-0.17677864832679563,-0.12106717183676691,-0.09636874671828187,-0.0014214772793570063,-0.0898921365743839,0.03108374773068119,0.20231444779622976,-0.14070154124926643,-0.19664775710652843
#53,0.0015216876525033717,-0.04243634753781054,-0.15059354054916657,-0.23662620501257778,0.5226252372274672,0.3409163758163542,-0.1946668863058407,0.46281062641778803,0.04988074279223164,-0.3009351824206296,0.16711315192510304,1.0,0.3052414829762481,0.004316596141900634,0.06057167958762745,0.00029170827799455707,-0.2519583921039717,0.023782117939372724,0.16401074859207856,-0.04792183590894584,-0.05885712128543827,-0.18115221337945756,-0.0858274391101868,-0.03159989978962685,-0.15328823866541746,-0.1562739586872441,-0.18240552941620594,-0.41981488535864675,0.2905064398892195,0.480245858600418,0.13580084217895788,0.23585060417932166,-0.101970918400615,0.005306345169825696,0.3392608455421827,0.28959356457220126,0.16042376633137373,-0.036577472570842214,-0.19410817915692877,0.10579401277339072,0.3554798257986801,0.2970805149165886,0.6640138372679633,0.3605617271875547,-0.06038635903454856,0.04796576374374972,-0.18542556805897312,-0.1258223599542876,-0.1370431762570053,-0.3118169307484548,-0.0473947018912992,-0.29636256936651256,-0.21342132627742486,-0.10591344157426379,-0.24614207222696963,-0.14011812469327733,-0.13546177420406538,-0.24723203162804105,-0.39830534649795635,-0.2986481895211523,-0.15936263457189237,-0.2540449642571563,0.17625425979882425,-0.07773236280273313,-0.1965763743749721,-0.1837357191638611,-0.13141904065727023,-0.19524755737215455,0.01212202328861617,-0.10724912230126944,-0.10381314197270297,-0.2303239334630577,0.3428821464238281,0.13304986152436452,0.3277503800787269,-0.16025354597150868,0.21340073510486054,-0.2470824024407403,-0.141352222302299,0.12627399300586506,0.5444463891662977,0.5811673135726714,0.06048656940769492,0.6334743828653989,0.46441673787780513,0.15152151605939868,-0.12030941668639987,0.46011043732218665,0.37684248096174505,0.6334730101205613,0.3930957798391829,-0.13919014918304523,-0.10115138973255498,-0.04059549671056018,-0.1125973361886426,-0.02355973327567805,0.017150387628823524,-0.16679467512277488,-0.30829309475028055,0.001479132562537107,-0.16779815159907616,0.05064536166678678,0.33523733042311427,-0.28634015930703843,-0.2169753626620268,-0.2103051954960242,-0.11431738547018226,-0.2007055908465374,-0.11761334582531136,-0.2289786435221887,-0.1850782636150549
#54,-0.05945014705529073,0.22287953820863662,0.024387498412763782,-0.30745297490965623,0.27944898022217873,0.5428745963272212,0.06933665537584038,-0.02946116333261264,-0.06799685641432185,0.006436114171188145,0.1348220751097338,0.3052414829762481,1.0,0.09860632080360483,0.10639115677775604,0.03490958759313216,0.3039085477389177,0.12412839282466273,0.18531712121680102,-0.156702255076582,0.04602882077786586,-0.15580310720793997,-0.16965959359889082,0.13074090470748523,0.16794640804153926,-0.08519048550553045,0.08954483213046567,-0.11242986131845278,0.17105567509875183,0.2223606406600157,0.3143263083116268,0.0726985074831753,0.05388229399389815,0.045766626513880165,0.3206807441649765,0.07231551167347891,0.14601269102602382,0.0761550789843061,-0.017381008761543925,-0.1930154742661821,-0.015789997494740672,0.06326500495904072,0.3108779732795217,0.24467186250587705,-0.08299958474468662,0.27481733914004397,-0.19538895009042956,-0.16292765291519526,0.05126172409887881,-0.07449268498594652,-0.11343333779475405,-0.24528410670345624,0.012025931149982669,-0.23499126591097064,-0.07240611283276192,-0.24416394691595714,-0.017085868621455315,-0.18766039665462084,-0.2734034119572939,-0.2969034308325354,-0.025834371471616786,-0.037823924883402485,0.11887489833108546,0.17381214673269568,-0.07586542982356798,-0.15566034174482732,0.14122181154272498,0.12097107969813341,0.0316795189902089,-0.07138067243905871,-0.14171462693943107,-0.06349837158143637,-0.06855968179774664,-0.017051550000514778,0.0013500945478006911,-0.023740935594244082,-0.09738457789812174,-0.017142151159797794,0.1694207359971447,0.18680517662078266,0.10998774825232423,0.4149979237234331,-0.19261600551843425,0.3057905809112967,0.41470964730753257,-0.06472560546626994,0.007955742706435084,-0.016262221718882447,0.15231496257554386,0.22366474825575608,0.3811611362209021,0.19307862052871266,0.19746728577458844,-0.10643233912288469,-0.20687058791229535,0.2055500073785035,-0.16274919608630448,-0.19650087340890293,-0.19885650355026133,-0.033910229351343746,-0.06610521402807949,0.1626297672854314,0.37017780477509293,-0.4252591913846534,-0.008709379622289258,-0.11367219539650018,-0.0044909347362785575,-0.011935329990699654,0.0039541915047685726,-0.27902480206735375,-0.3419967260035623
#58,-0.14748152800227876,0.1868271405381846,-0.16702941449000813,-0.3402505945701078,-0.11213609392320179,-0.3052826653213767,0.6791771767443298,0.09085992168490702,0.40162189802564974,0.23722197627210548,0.3581168686317509,0.004316596141900634,0.09860632080360483,1.0,0.3167835215709692,0.01829525682339981,0.0638141028940893,-0.2663694674093216,0.16628126855350445,0.24598420657064315,0.3401613661556624,0.12656913314595367,-0.020771688510468896,-0.07455720399331474,0.3078977442370456,0.10442538617028213,-0.3013250419545141,-0.24843043787128458,-0.11344020151894216,-0.14266319362222749,-0.24433828551033504,-0.050514950907212745,0.04736724699454677,0.043574353008198716,0.31561806120382857,-0.03027657376615978,0.15775103213252478,0.3355846348670325,-0.20546352445373336,-0.020296718796651875,-0.17436536290225713,-0.0037908348690916206,-0.098348244774132,-0.19962112242481647,-0.3865821055846692,-0.21542004276100168,0.01570351456997052,-0.043478260869565216,-0.18108357613757647,-0.3677809922886059,-0.19954973969326018,-0.21166695837494467,-0.3142919896906863,-0.07685655159633065,0.22536557910956906,0.2695734538603301,-0.027966244204442887,0.06644016376845913,-0.1373259616935553,-0.15220514298853416,0.07833911602096182,0.11264126402344649,0.6572791510945925,0.48746786919114443,-0.4125887565334075,0.041270887170669936,0.7459872952465278,0.6843785069340773,0.4724623953711044,0.48547464368691806,0.32030323933463056,0.3725306894267761,0.3677494191573406,0.3749769207274175,0.3301046374752477,0.333911258909972,0.2758853346237135,0.1569768040441063,0.6677490759711312,0.2111521790608366,-0.22468057943559597,-0.29687323044610775,0.30905359539032284,0.23113248017241675,0.2631613627238003,-0.03089293619825181,0.037976299560378464,-0.3509223129377769,-0.30334572235549284,-0.14875680795642907,-0.23815407001685043,0.05846039802736567,-0.13638151324527176,0.012153596419881464,-0.1555807225442453,0.09811899638624921,-0.13039634575324224,-0.12327591828049982,0.0488031380946988,-0.0833057068434762,-0.39143750407533623,-0.39959023566597,-0.15905925796277803,-0.12802561541867002,-0.03632351477588225,-0.05165844735695141,-0.16682213001952728,0.06181950464502534,0.16690861294429746,0.026539962318154208,0.10871246829817391
#101,-0.049074941572547846,0.08237498584356887,-0.04985740612999207,-0.11783298499933079,-0.23576137576487627,-0.15098202733821345,0.30520716435530754,0.10938923150312128,0.07591484863772234,0.12466239056649747,0.2507572403710529,0.06057167958762745,0.10639115677775604,0.3167835215709692,1.0,0.5355372751701346,0.13142178614694547,-0.07372120238720327,0.6363502833002158,0.34092049405086705,0.7010299018144255,0.3631342510132573,0.16690586745462221,-0.0873827590112119,0.4190818396153569,0.16045122122812616,-0.21030245000634895,-0.40659535257235224,0.16931640738948547,-0.06762072432881357,-0.16578021668777262,0.11502023082704445,0.10165518708796206,0.1099602933555718,0.2770645224392303,0.14196721198955342,0.46690689701325044,0.2943967987590387,-0.23414016411164534,0.015327382484462245,0.13844886697072964,0.038495197108999374,0.021473161122493454,0.10544670832947249,-0.39631761197308046,-0.07498824587232787,-0.34633734518012127,-0.19749611341617848,-0.42401548456176835,-0.4092804414747398,-0.13657507026737636,-0.25391455349758224,-0.3377082711308329,-0.018256819967946408,0.5052613877763936,0.4033282198588132,0.027260653357905465,0.08479925322680833,-0.4268117657960033,-0.4940542989220521,-0.4358004989927485,-0.4476939602659007,0.239675071296935,0.3124868302292141,-0.36424754707656826,0.08667991365434971,0.2833256116436217,0.26852055856987445,0.7170814072007331,0.4554266319362223,0.42597439144505417,0.350838575502682,0.4749690274446012,0.033367995140483275,0.1697598039720372,-0.22325292480446965,0.1157793587222491,-0.4448468874726738,0.6051381839272171,0.39038460878488057,-0.14468112853353102,-0.26462470872070476,0.008272846763925638,0.11502572180639493,0.0019101744415502408,-0.5615823629743263,-0.5457312783343115,-0.23599062415275904,-0.28451166318332666,-0.0487386190873306,-0.14724404314537023,-0.5012529728505389,-0.4291838688754131,-0.39125081077741974,-0.43002536146087506,0.002490845507864112,0.1417283543878073,-0.2545940621922049,-0.10248157948021017,-0.26852879503890015,-0.5070692927275411,-0.21103961398415166,-0.07045406967366423,-0.21239314039404641,-0.18076647208008592,-0.011866692748818582,-0.2056007989374955,-0.3566521498900088,-0.28131042222199343,-0.2325560165690302,-0.33593880303513884
#102,0.08424878254692214,0.12909223815750187,0.12754103649098963,0.20120252447775638,-0.19275328000219638,-0.1350073956628127,-0.044004022142374234,0.0521251806017427,-0.14606760081952866,-0.04607000312299451,0.0345279645282734,0.00029170827799455707,0.03490958759313216,0.01829525682339981,0.5355372751701346,1.0,-0.10108275249067392,0.20207696293932126,0.5878498354422126,0.6856249592466377,0.17986320597693103,0.7125129123811289,-0.02000569689107613,0.13616324681608993,-0.024697738746066226,0.28133787711874586,-0.2926451763462337,-0.1831907394633254,0.12982665664562934,0.11787142185478419,-0.16434981656697106,0.17014966350592167,0.06234252042815912,0.12548878295874558,0.16431549794603054,0.25035090789911696,0.44062569709698785,0.4482773768218898,-0.21668983173580153,0.16216166129580248,0.2347139714537711,0.1300792416957517,-0.02878577287250289,0.30345279645282736,-0.3514535651899364,-0.005999581312824525,-0.2526049549224914,-0.12986509350108275,-0.5190588461393267,-0.352415859321109,-0.10817847055633917,-0.375519154938278,-0.3939029538037043,-0.10364017612316266,-0.004957667981069848,0.5647822311908218,-0.3457882472450727,0.2509988434624743,-0.48775065462769446,-0.3926208101253659,-0.46584027427441854,-0.4588406483473868,0.09787327506031497,0.23980822754618428,-0.02471695717379293,0.342581515304389,0.06409414284096408,0.07907216176425166,0.5036154667160855,0.5849437346209679,0.3261964329225394,0.2190564438358609,0.07747291402842268,-0.17744442957304205,-0.11624060098768992,-0.3199229890146094,-0.184356199830466,-0.4933500808203523,0.11237769701462316,0.6137700034661807,-0.009049820342019376,-0.14521375353052812,-0.041350506371251976,0.04132854245385004,-0.0668423780058822,-0.3169441327169709,-0.4628682817009681,-0.08693798968382255,-0.019735266158064705,-0.06351072628497496,-0.08878295874558577,-0.46317577654459535,-0.36026658704746606,-0.2563292116669584,-0.2873120626520744,-0.4261679484671588,0.34156568412454913,-0.1809559108676777,0.0029740516907068608,-0.3186957551297759,-0.3265258916835686,-0.22540401596502246,-0.017315117009338098,-0.06213111772316541,-0.13511858799466003,-0.08845761821906949,-0.24517154162677127,-0.46046872372480585,-0.4053955735842711,-0.2412180364944215,-0.3036175258333419
#201,0.32112002251301536,0.19737393912563017,0.5232539543630979,0.3639853528125826,-0.1534831684323597,0.2934111679656265,0.15255931115664048,-0.26019760661937563,-0.26330961916626344,0.4400601262238878,-0.10054326376948869,-0.2519583921039717,0.3039085477389177,0.0638141028940893,0.13142178614694547,-0.10108275249067392,1.0,0.40155463352860626,0.24697121010889297,-0.00818910932883073,0.1492317776702461,0.10860813969051468,0.11683637224721762,0.023904292229921034,0.24520174201319894,0.03984048704986839,0.21414201731717614,0.18099709321280633,0.37572643940875877,0.10306087780168642,0.12067319406836956,0.12340358355039861,0.4714108728254864,0.40126361162303054,0.3660156424274247,0.20048869716219322,0.4388864293877215,0.3952674621723001,0.37520616911530025,0.06826454165765802,0.029746694258837903,0.19576645492077546,-0.05394818574610398,-0.1308150329287168,-0.14885015460538734,-0.10193797252451207,0.3819985105718512,0.2794393710083154,0.10978046378184339,0.004143630292360332,0.09694118131557002,0.03220390751818029,0.29901059415828435,0.10694025471280462,0.36217882060627277,0.23112424370339102,-0.01639400522329411,-0.30001681612426084,0.1548010034764763,-0.23382855103350528,-0.0547237865793601,0.15423543260337627,0.2636418234169678,0.17803608259805687,0.1604402392694252,0.1383308109146942,0.3304093868291997,0.23199593667528065,0.30743650197160477,0.04906258686900926,0.44200256016912215,0.3797087721826986,-0.1609838462251233,0.19525579384118028,-0.42603891045242237,0.04350846125599289,-0.2818471654535034,-0.060665026236585706,0.37004876676035653,0.3020416147597525,-0.20069460888783644,0.09429452926863587,-0.4787468212377354,-0.33392361361351053,-0.11523987000106388,-0.4657098635148445,0.026717046402207373,-0.06589106583341055,0.01687172042678637,-0.05531818509405018,-0.09234248610953817,0.2841712224635965,0.11012227724641113,-0.18515101909144882,-0.23656031326037194,0.1798371238250162,0.166264795615453,0.3903777450606925,0.45008528177303725,0.4824436230854499,0.04818128468325629,0.38131213815304044,0.31364542687216657,0.1940395419150477,0.38719434978224837,0.5219347465741436,0.23502009355256068,0.04432112619986479,0.18357510801785942,-0.2160734693037095,-0.10008064875921026
