,#10,#11,#12,#13,#17,#18,#26,#49,#50,#51,#52,#53,#54,#58,#101,#102,#201,#202,#301,#302,#401,#402,#501,#502,#601,#602,#701,#702,#801,#802,#901,#902,#1001,#1002,#1101,#1102,#1201,#1202,#1301,#1302,#1401,#1402,#1501,#1502,#1601,#1602,#1701,#1702,#1801,#1802,#1901,#1902,#2001,#2002,#2101,#2102,#2201,#2202,#2301,#2302,#2401,#2402,#2501,#2502,#2601,#2602,#2701,#2702,#2801,#2802,#2901,#2902,#3001,#3002,#3101,#3102,#3201,#3202,#3301,#3302,#3401,#3402,#3455,#3501,#3502,#3601,#3602,#3701,#3702,#3801,#3802,#3901,#3902,#4001,#4002,#4101,#4102,#4201,#4202,#4301,#4302,#4401,#4402,#4501,#4502,#4601,#4602,#4701,#4702,#4801,#4802
#10,1.0,0.11093082395577016,0.3782316987374179,0.5304938106367134,0.5150188580822068,0.1279610964113018,0.11841228332080704,0.27062772189562334,0.05662366543462818,0.4045389808055953,0.47608095076307455,0.09681351604567122,0.12565351233926017,-0.17832298626911977,0.06036302237230899,0.09652661237460834,0.38919855724517566,0.19035646751570934,0.20184771455143846,0.07331898814978019,-0.22132696379728678,0.09144608373057136,-0.024221396287411587,-0.012925079018624715,-0.28791332489095256,0.04500887136351313,0.00971834707794102,0.1468692838046996,-0.14569558696853327,0.06165340251967315,-0.06923919049236925,-0.010073887990884975,-0.09952468709997357,-0.005460092591639297,-0.1594861816072783,0.004172457933950382,-0.22260224375143708,0.06556984354140713,-0.2714184229220933,-0.009272205005714051,-0.2581494713216444,0.26477433790800553,-0.222058636795739,0.11445328720910679,-0.15444683530836997,-0.12564527587023444,0.08127678997347171,0.057171390624839134,-0.06490818052967359,0.20030337660911435,-0.09947664103065683,0.21816278694656935,0.017492201093391262,0.05899714125887565,-0.21622309849101023,-0.16866435359161527,-0.3214755634259593,-0.14555282150542062,-0.002114713422355836,0.01480162121165323,-0.3560701060788573,-0.22326116127349538,-0.00976639314725777,0.03336113141629517,0.29853013346511686,0.022397018398212686,-0.10837751855779428,0.0838877506546277,0.2548535109665153,-0.1285815770779067,0.2428117932509,0.2345602240319575,-0.08597020457329943,0.04817030272455532,-0.1130009231709033,-0.20219364625051908,-0.04765552341044727,-0.3182290218849846,0.1740372768860656,0.11605253494493577,-0.16131330498615243,0.1319804932958574,,-0.09352991039408072,0.10805355077611561,-0.21847165453503417,-0.18442209158267184,-0.1646010288722558,0.1688455559101813,-0.28134611358777156,0.02930741591079904,-0.2492705577119089,0.08639163723844921,-0.20053399774183475,0.05209772570499027,0.21832477083740867,-0.011947684694238247,0.09583200348677189,0.2665108601275966,0.21344740842933968,0.10379804177948913,0.06402001461973252,0.07129968049363905,0.15366574349576337,0.16289607978392998,0.24716888536551046,0.15606530147192565,-0.3381187218372817,-0.06308792087498756,-0.02804311791534969,0.051193086856997735
#11,0.11093082395577016,1.0,0.40280794956535465,0.3738663701537817,0.10830613582623796,0.18860347235806676,0.36201134573608296,0.05280057106185245,0.09711689265478556,0.37194040914659887,0.09377425897517734,0.24979906447439315,-0.12938463280791523,0.21630683592610514,-0.05316297569898451,0.18927749007333888,0.10804805979676513,0.186825767793347,0.09742438749841277,-0.055076582002628806,-0.29561854166452173,0.08437919330649617,-0.10184188038587857,0.0037139611581848194,-0.24865694076949213,0.0053887098600829825,0.014684937900455408,0.02478696716051162,-0.04356474379433537,0.14345526739353506,0.1143956319259267,-0.0724678863504549,-0.053069629050026254,0.11603194377237146,0.1062799644459087,0.04651202696070861,-0.02454673681392787,0.10175814295078367,-0.011648426319636772,-0.019272651147786278,0.2505581923695978,0.17706143376334565,0.25777883021548664,0.030290301214535995,-0.12401857323765302,0.018830627310072172,0.17383273790526002,0.21096823125259534,-0.03250728412729463,-0.16535329304327234,0.130161606386009,-0.09273783662277316,-0.11226101370342534,-0.10375685943436048,-0.14869915267324899,-0.15462391939242315,-0.36301070397787133,-0.24550649136715091,-0.08617062531959216,-0.08869784856565324,0.016933493944479336,0.01630203131917347,0.16262427630608092,0.33097770319197495,0.08853311918513866,0.0012608661333552973,0.3597559259678709,0.21269651700316075,0.1569575856163796,0.35771877262884066,0.40409421147820596,0.297836897322118,0.03278457858449416,-0.03710735207816409,-0.20855631857289447,-0.2783837302281845,-0.13277668530167783,-0.257636064752374,0.028836564431494884,0.2714637235017348,-0.07345900812321758,0.17589185516169217,,0.10725186779094469,0.1712588413347198,-0.018729044192088186,-0.02080326164173419,0.1897757964493955,-0.040283883632420116,0.28291653368201053,-0.3063630155085848,-0.054016822987985054,-0.19514871974384582,-0.1412424027152893,-0.09668585077577242,0.11422266607638638,0.18705913441574265,0.14269476675349277,0.09529388751042428,0.04091946449223884,0.059841379334012845,-0.04742764776740212,-0.15317018260938203,-0.08702035437407983,0.13082738763225538,-0.024770494222460165,0.034604838239180195,-0.08604707828420623,-0.31809312014606006,0.018664525184719977,0.13726281543102473
#12,0.3782316987374179,0.40280794956535465,1.0,0.5413275128952219,0.08145524680236249,0.16905146763582451,0.2525431814047984,-0.04199432370009643,0.054509638384691146,0.3850981684152004,0.10581460394595503,0.00627001204583595,-0.21285850089400007,-0.0914804023515119,-0.4766053392910459,-0.16664779142514938,0.43583207212401376,0.40103299049031016,-0.18543517727283645,-0.12169451622755992,-0.3780353962256381,-0.1282740822342795,-0.360248741364577,-0.12165333388243127,-0.3821920675939558,-0.23223753976670203,0.44320920288139143,0.4349109603379698,-0.10997264805911039,-0.16978588612395198,0.145268663324033,-0.021644754227196136,0.1577016133183704,-0.04299642743156009,-0.2787680987827185,-0.2423560419648097,-0.3328144357847124,-0.1941493615020574,-0.11959009839148624,0.014090539385765322,-0.2000054909793505,0.009722465312453884,-0.055901601650039295,-0.20663035756571158,0.17583694536818734,0.04639534364951079,0.44002992583746015,0.3084331147237179,0.1749583886721096,0.21878326761317424,0.39250961779351856,0.3797732911900668,0.284046302683373,0.2379536492705577,-0.3429507836657092,-0.19940011050595943,-0.226257863254023,-0.2546421082615216,0.2061704880451084,0.17166929204116863,0.26344414816035033,0.08446293074159109,-0.23325748918105474,0.11420207490382206,0.5104297720900384,0.16045533946263904,0.048484661292370626,0.07369923846980132,-0.1349703315521969,-0.024213159818385857,0.27372600699413496,0.24897404482698268,-0.24913053773847152,-0.20660152992412154,-0.33243693095436655,-0.24609951713700337,-0.33090906595009384,-0.23429391153345894,-0.14712461434449717,0.00972795629180437,-0.2663488762367573,0.09064989172475094,,0.10276299217192256,0.1395456900959892,0.26914241198131694,0.19325707735760347,0.15566308723450256,-0.13913935762405324,-0.013457704015621836,0.03961535689649847,0.19100989405841715,0.04265461396699235,0.090961504802891,0.04428268934441138,0.3415835298074382,0.10850381108285545,0.4565275732959947,0.3770003466180715,0.2824044998575777,0.37283543878072806,0.2608510331620834,-0.010675150229763166,0.1778960626246195,0.3061571037829416,0.22672871473332715,0.29674693792104656,0.11319997117235842,-0.2864554698733986,0.3098333144580918,0.15337060335567476
#13,0.5304938106367134,0.3738663701537817,0.5413275128952219,1.0,0.3587771588986468,0.08076201065936367,0.18748193982573005,0.04330392227518729,0.332453403892418,0.48818444199638283,0.20288001866932978,0.0877424181586687,-0.14103649098964607,-0.15975798508512734,-0.1759632378932485,-0.1007931033299358,0.500393634582188,0.2576950927803917,0.046260814655423886,-0.13929859602521732,-0.38394643549643603,-0.016798964950392434,-0.22625511776434776,-0.07874956672741062,-0.4079063238922807,-0.02135785055613325,0.13318576326328901,0.26993036751811167,-0.1953724771523781,-0.085456798004029,0.1789709218324771,-0.029190732599601216,0.07863562890588804,0.07094551232553271,-0.18317426652527394,-0.05856747212470014,-0.21947513101133545,0.05331397763112287,-0.145986608874109,0.053863075566171446,-0.08422956411919544,0.15843328631682266,0.14124102997045165,0.15887942838904962,0.0025938013706857206,0.2320261370617083,0.21044521546946157,0.28171950018360464,0.13018768853792378,0.17722067216450973,0.241364920192047,0.21985949956586945,0.12029980747253652,0.024819913036614537,-0.4862118076647208,-0.2762573484747089,-0.375446399461884,-0.2914083332475368,0.09666800509288334,0.1331253624904337,0.07584072041649079,-0.036228795382086364,-0.10100176054525425,0.22850779204288454,0.3815523684996242,0.18254005841029283,0.08977133502867321,0.1334658032101638,0.09652523962977072,0.13186930096401006,0.28807530878179194,0.26624866586361096,-0.12648539571085876,-0.06362603685133517,-0.36073057480258214,-0.33838640708061785,-0.23586982260704836,-0.18969617724881344,-0.06087231070706655,0.16016569030190092,-0.12884926232124289,0.1759824563209752,,-0.18438640021689368,0.05742809390947434,-0.0195815187362511,-0.12804757933607197,0.13672744494435235,0.0213290229145432,0.07025913990672199,0.050466904837895996,-0.10008613973856074,0.05848373468960523,-0.15616551184507202,0.09747929729191762,0.23783422046968464,-0.09762755373438074,0.17421985194946926,0.13855731381290173,0.2177125266398295,0.2713278217628103,0.25383218880732494,-0.0597233232779774,0.3461588883512305,0.3417208042912004,0.2480350873580496,0.2763081400337009,-0.08458373228730176,0.06533647691901148,0.06210915380576347,0.14842872194023754
#17,0.5150188580822068,0.10830613582623796,0.08145524680236249,0.3587771588986468,1.0,0.33446172958985815,0.23656854972939767,0.19858881830692515,0.04511319997117236,0.2394581776125908,0.3212325875897003,0.3890022547333958,0.4463967163943484,0.17906564122627297,0.15730214457062258,0.22384869606399738,0.07596426745187672,0.02465243816642472,0.3086609903667631,0.2495643251071599,-0.15873254469142412,0.12620810125365922,0.032549839217260894,0.03467210273622365,-0.08038313308418014,0.16537251147099905,-0.10943178659308754,-0.025119171411216012,-0.04672068417602707,0.2817648007632461,0.10132847381660816,-0.08390285084784153,-0.13178419078407752,0.1254709372758565,0.24109448945903558,0.16030296478566305,0.05690919636085343,0.2706647860062391,-0.36515493141423605,-0.11681989930916616,-0.11971227268203455,0.27950663550535887,0.07516258446670579,0.2718096552008154,-0.15647987041288733,0.07091805742878028,0.07112259640958588,0.02366680737301252,0.11720564060853779,-0.02027200938957469,-0.142222542529351,-0.0915051117585891,-0.21084468421720942,-0.1600503797355407,-0.3389464869743674,-0.17685552203770244,-0.4594226921585383,-0.16141763359381167,-0.25124456478840856,-0.138610850861569,-0.40651847886144543,-0.1581175550041697,0.16313219189600084,0.1368770741316531,0.16253779338131077,0.312621359223301,0.035836190358526636,0.18923630772821026,0.24254410800756382,0.15633024122558659,0.041535826924330874,0.2694169609488412,-0.029058949095189558,0.0932402612333426,-0.13543294656247534,-0.052899408690161194,-0.0958265125074214,-0.32350310755112616,0.2335745932385453,0.24382487894106464,-0.017924615717242017,0.3646346611207775,,-0.050077045304011504,0.32132181600414567,-0.33479942481991304,-0.03257180313466284,-0.08373674872248933,0.05181494026844025,0.002909532683338653,0.08944599450215693,-0.3201110550573636,0.07108141406445724,-0.2884226132257101,-0.007641384138619774,0.0021037314636548647,0.07864661086458902,-0.016543634410594844,0.038713463538181184,0.07835421621417565,0.03796669034651511,-0.20000411823451286,0.36095433221111445,-0.02937330766300487,0.12985822977689465,0.1691393233054323,0.07330388795656635,-0.29343587737270366,-0.12714294048807942,-0.18999131738890204,-0.05799641027224962
#18,0.1279610964113018,0.18860347235806676,0.16905146763582451,0.08076201065936367,0.33446172958985815,1.0,0.340315113577476,0.2529385319180334,0.0811738341106501,0.0019184109105759694,0.10640488422613226,0.37875883275506456,0.628020467625529,0.5096418165532436,0.061223733385497636,0.15038213784417287,0.10032362459546926,0.010481593207658544,-0.023507568971848435,0.05446571054988726,-0.28853929653690796,-0.018416058369110495,0.11822696276772814,-0.0028010858411665587,-0.1361289281951494,0.1326654929698305,-0.22312388678973324,-0.11504082199960877,0.10991087454141743,0.41633223170560113,-0.2894302079365243,-0.006533579054659268,0.08162683990706518,0.33941184747432107,0.34204751756255425,0.375508172979577,0.3865066046186,0.368183206526029,-0.2894151077433104,-0.02106133767120702,0.1087824782848926,0.2176287892047346,-0.0519714331799291,0.28724617089986854,-0.20772718069097112,-0.08205650904124069,-0.0891563453414188,-0.09244132373784691,-0.028592215850398266,-0.2787996719139838,0.004709201165460367,-0.09218324770837409,-0.2859091174280253,-0.27271566679364556,-0.1456269497266522,-0.002074903822064814,-0.45186435908259465,-0.14232275290249738,-0.35926585606084005,-0.3648748914673613,-0.0986241664864939,0.07273557159379107,0.3405429892205212,0.05583433715299584,-0.14760370229282707,-0.05004409942790859,0.3995572897898671,0.4536159814953996,0.2816234080449711,0.18309052909017903,0.2935100055939352,0.19377597490622436,0.17635447017197062,0.13611931898128607,0.14836694842254458,0.03243590139573831,0.23024294151763805,-0.1893543637842457,0.32215232663090665,0.3809030601914293,-0.12452786157241058,0.1554544300191841,,-0.034508746100546696,0.09747243356772951,0.030575832140761254,0.09647856630529159,-0.11376416930062082,0.02686530284467049,0.13495660410382068,-0.059360918640845334,-0.047732397121354075,-0.14468250127836862,-0.3224419757916448,-0.339789352304667,-0.1789915130050414,0.3451293297230144,-0.12883278938319143,-0.08077299261806463,0.12719510479190904,0.0774989961803375,-0.26855350444597736,0.28918174112091477,-0.03588149093816814,0.11758177269404606,0.147676457769221,0.06600774914460837,-0.040760226091074755,-0.22331744381183785,-0.27950800825019645,-0.29816223784863427
#26,0.11841228332080704,0.36201134573608296,0.2525431814047984,0.18748193982573005,0.23656854972939767,0.340315113577476,1.0,0.16870279044706868,0.01978880320673194,0.23679642537244283,0.2820887685449248,0.3638384691149571,0.2263731738203832,0.25286989467615234,0.04646535363622948,0.08625299000984944,0.060898392858981354,0.32978890616259476,0.13134903067055154,0.050742826550257907,-0.10097156015882658,-0.0469211049223198,0.028883237755974015,-0.10568556593121863,-0.2894302079365243,-0.02277177773888334,-0.20804291200362404,-0.13896776451935056,0.14677044617639085,0.14897370164077325,0.06022574788854684,-0.11903550947708717,0.07107455034026913,0.15799949894813428,0.20339754347311306,0.07251867790944688,0.08216358313857516,0.1766798106984869,-0.07048976103944239,-0.09438787591759412,-0.15895081112060594,-0.07290167371914327,-0.02719613435053726,0.16745771087934602,-0.22920651916523385,-0.08936637530157489,0.03716638010618181,0.09385799641027225,-0.1046601255375154,-0.26433094132545376,-0.024058039651734635,-0.21856774667366766,-0.25303187856699166,-0.09202400930721,-0.22016150343014615,-0.1326847113975572,-0.34180316898145763,-0.3377604354346625,-0.20709434532082763,-0.2867053094338457,0.010892043914107356,0.1749254427960067,0.13925054995590058,0.035299447127016645,0.07596564019671434,0.01666306321146791,0.2755476393936586,0.3983026010082811,0.2660551088415063,0.18052624173350218,0.3216787296619273,0.3672497400364464,0.1576110121590874,0.20371464753060364,0.10911742802527223,-0.0010110265729081943,0.09325536142655644,-0.14189171102348425,0.09241249609625687,0.24101075202394068,0.0497695504603843,0.06149965509785955,,0.26059982085679867,0.17608403943895917,0.18585111895863576,0.09113172516275606,-0.10087821350986832,-0.286120520133019,0.174946033968571,-0.2744082611784328,-0.14775333148012781,-0.2826337482454605,-0.0976055898169788,-0.21475975249410578,0.06452243923030197,0.18415577908417327,0.05327828626534471,-0.010760260409695696,0.05363931815763915,0.14599347259829712,-0.1043018391348962,0.19362085473957313,0.04463960300219296,0.19394070428673893,0.1266171792152704,0.30904810441097236,0.14691046614982822,-0.06525823046326706,0.006200002059117257,0.004165594209762275
#49,0.27062772189562334,0.05280057106185245,-0.04199432370009643,0.04330392227518729,0.19858881830692515,0.2529385319180334,0.16870279044706868,1.0,0.0814744652300892,0.17669216540202548,0.3369683616633549,0.2513310477131787,0.4185807877496251,0.16082186233428397,0.526194373805283,-0.002558110004907563,0.06737500300287934,0.005269281059209916,0.42194675809147286,0.05634499823259102,-0.04842426051951528,-0.23510383098765558,0.4728783370569037,-0.32675514007145134,0.09047692587521063,0.13870968848987772,-0.4209611272980607,-0.5463105766557876,0.364792526777104,0.40070902270863146,-0.25779255766386283,-0.045662297906220936,-0.0035478590328326246,0.10982164612697204,0.3785844941606866,0.35094564960001645,0.45306413807067575,0.379069073088367,-0.28884679138053515,-0.16386935587380358,0.31448142847827804,0.37063355606118326,-0.1370431762570053,0.3468782066461441,-0.46775388057806283,-0.5419123021960486,-0.13273413021171157,-0.08142916465044768,-0.08182314241884504,-0.2550813866095605,-0.20008648292477016,-0.3111442857780203,-0.2961937217514851,-0.41027019050266483,0.13090700683283743,-0.022895324774269272,-0.32465484046989057,-0.4328628250402386,-0.29817184706249766,-0.4775525332290047,-0.27143489586014474,-0.24166143307697324,0.37937794067683184,-0.12004310418790132,-0.29423618761303694,-0.028988939108470866,0.1658502266744913,0.12736807064144934,0.513534920912738,0.10510626760974237,0.376712070202171,0.24156396819350212,0.3485639373067433,0.3072196082872606,0.40808752621084676,-0.04477275925144224,0.42555433152474204,-0.19935892816083078,0.5688373194411556,0.29551146756718727,0.10753739871716995,-0.04478099572046797,,0.11835188254795169,0.01976821203416762,-0.10990126532755408,-0.1732287301767066,-0.04985603338515445,0.15045077508605395,-0.26773397577791735,-0.3293496278145559,-0.39820513612480996,-0.3743880131920779,-0.3190416868288565,-0.24860065823114963,-0.1283564469245368,0.08677600579298321,-0.2925504569524378,-0.202317193285905,-0.08774516364834395,-0.13907209312700977,-0.3900977051138177,0.1283372284968101,-0.011041673101408094,0.0787289755548463,0.13871106123471535,0.026544080552667073,-0.12378246112558212,-0.011633326126422936,-0.35545237090192766,-0.22708562839110874
#50,0.05662366543462818,0.09711689265478556,0.054509638384691146,0.332453403892418,0.04511319997117236,0.0811738341106501,0.01978880320673194,0.0814744652300892,1.0,0.057735588753101544,0.034669357246548405,0.15253871998407617,-0.23900517181617573,-0.2092879915713467,-0.037727832744768985,-0.05539368606011936,-0.15667480017982957,-0.04046371320614853,0.029746694258837903,-0.006209611272980606,-0.20184771455143846,-0.1964226269531585,-0.022369563501460257,-0.08692700772512157,-0.10030577891258018,-0.03918706050716058,-0.16210675150229764,-0.009950340955499045,-0.31120605929571327,-0.11653985936229139,-0.2663996677957493,0.051048948649047486,-0.11195489160463576,0.12142134000487324,-0.019717420475175624,0.053993486325745486,0.04280424315429309,0.023554242296327563,0.010557094173727723,0.029851022866497132,0.027402046076180474,0.06582929231571759,0.2590458737006112,0.18631098847923894,-0.12568645821536306,0.022052459443969705,-0.07290853744333138,0.11052037324932135,0.0013638219961769056,-0.07839951679381715,-0.03081743523218263,0.024726566387656277,-0.2383311541009036,-0.193777347651062,-0.2806487592102599,-0.174521855813746,-0.14642039624279737,-0.13912974841018988,-0.029951233239643497,0.07877564887932544,-0.018956919835133344,-0.1688455559101813,0.10824298956370737,0.1590070936589484,0.045629352030118024,0.2094595846760494,0.14454797228428173,0.023595424641456208,0.16430451598732956,0.06244959452549359,0.13563611279844331,-0.021566507771451714,0.02770130445078195,-0.04191195900983915,-0.05400584102928408,-0.18761784156465455,0.11045173600744028,0.11516574177983233,0.03735444614893595,0.11056430108412524,0.10750719833074228,0.07861091949881086,,-0.29459859225016904,-0.06302752010213221,0.10316932464385851,-0.09567551057528305,-0.05727846472217361,-0.11622000981512559,0.15583330759436761,0.05737592960564473,-0.07994248199130366,0.02858397938137254,-0.1607079245127614,0.09928171126371457,-0.024199432370009644,-0.2025080048183344,-0.15231496257554386,-0.17073170731707318,0.11695168281357782,0.08340317172694732,0.12327042730114933,-0.2445002694011744,0.3591615274531808,0.13866438791023622,-0.0812054072419154,0.0882928888385549,-0.14426244135805646,0.07092080291845552,0.001269102602381026,0.04776671574229461
#51,0.4045389808055953,0.37194040914659887,0.3850981684152004,0.48818444199638283,0.2394581776125908,0.0019184109105759694,0.23679642537244283,0.17669216540202548,0.057735588753101544,1.0,0.22207648247862807,0.23610593471911925,0.019895877304066414,0.08704506378115702,0.004684491758383181,-0.17306125530651675,0.581897613826286,0.22509652112139525,0.13672058122016426,-0.1332489095258196,-0.15726508046000678,-0.1578292785882692,-0.05232285585836019,-0.2525019990596698,-0.17387529299522628,-0.20620480666604893,0.16705275115224769,0.14810749964823414,0.056500118399242245,-0.058960077148259876,0.22864094829213383,-0.05229677370644538,0.033619207445768,-0.04667538359638556,-0.03221214398720602,-0.079183354096099,-0.18270890602532028,-0.051361934472025174,-0.11913846533990878,-0.1352846901200122,-0.14708480474420615,0.14915215846966406,-0.0709002117458912,0.07663691242231122,0.04240751989622049,-0.05713158102454811,0.12451825235854723,0.3174506755620532,0.25092334249640513,0.24429573042036878,0.20930034627488528,0.14455620875330746,0.06615188735255863,-0.06148318215980809,-0.30465532093058373,-0.48938284823962636,-0.20899559692093334,-0.3465528661196278,0.14096648100292739,0.1696458661505146,0.025071125341899262,-0.035778535075346535,-0.11948439703898939,-0.003299392217223143,0.23239403267819086,0.2070353172928099,-0.1291773483374344,-0.006677717262609519,0.08071808282455978,-0.0146396373208139,0.15716761557653566,0.17465501206299527,-0.27588396187887587,-0.24648800392605025,-0.31892088528314577,-0.29898588475120713,-0.18060723367892184,-0.3951233239643498,0.041825476085069,-0.06831533321665002,-0.050935010827524906,0.08688857086966817,,0.18630961573440133,0.22861486614021903,-0.06701808934509776,0.05678976755998037,0.08383009537144759,-0.13428395913338617,-0.02763266720890088,-0.1351350609327115,0.03658021806051746,-0.06480797015652723,-0.015088524882716113,0.05891340382378075,0.22948244087759578,-0.10298812232529247,0.17616503138437886,0.16095776407320847,0.10636507462584123,0.22428797441203624,0.06344483453276914,0.06721301911204,0.03688084917995655,0.1421511597977947,0.2107527103130888,0.2241452089489236,0.047544331078599934,-0.06582791957087997,0.09297943971419452,0.1717063561517844
#52,0.47608095076307455,0.09377425897517734,0.10581460394595503,0.20288001866932978,0.3212325875897003,0.10640488422613226,0.2820887685449248,0.3369683616633549,0.034669357246548405,0.22207648247862807,1.0,0.12137603942523173,0.14511354315738176,0.11208392961937218,0.38031415265608964,0.3113474520139883,0.16810015546335286,0.01573920593574868,0.42448770878591013,0.2029115918005951,-0.09426570162704583,0.1876974607652366,0.23345516443767222,-0.06416278008284515,-0.19455157573948048,-0.040178182279923265,-0.23946504133677893,-0.24126333707406303,-0.040208382666350934,0.14777529539752973,-0.03278183309481892,-0.16174297412032795,0.04256126731803409,0.05997179009358688,0.22168250471023074,0.12907851070912565,0.06852810866648135,0.1768143396925738,-0.20665506697278876,-0.1384461214810544,-0.0033941116110190227,0.28124727595946286,-0.07480017982957372,0.3036422352404191,-0.320918229021885,-0.186684375075072,-0.012599738492108433,0.017818914364745166,-0.12967840020316623,-0.19947972970654146,-0.20431865525915707,-0.22246085103316207,-0.26650399640340855,-0.15953971865594552,-0.020847189476538075,-0.022310535473442535,-0.33363121896309716,-0.23584648594480878,-0.2503975812235961,-0.2876305394544026,-0.3137703466523901,-0.24813392498635836,0.2485457484376448,0.19245676711727017,0.03738876476987649,0.11383555203217714,0.17885149303160403,0.3911753098113505,0.3754010988822425,0.039751258635423,0.3033539588245186,0.38116525445541494,0.1979518647022688,0.21324836042788456,0.16296608977064866,-0.14661807149941486,0.10809336037640664,-0.2955636318710169,0.26861939619818315,0.20344147130791695,-0.10847086520675253,0.013235319351927162,,-0.20651230150967614,-0.010432174393504171,-0.19574723649304876,-0.3435520459045874,-0.12270485642804929,0.1293489414421371,-0.1587119535188598,-0.10543984460528438,-0.3038934475457038,-0.181321060994485,-0.3806051745616654,-0.15324705632028882,-0.03326915751217453,0.08549660760432003,-0.0006005758664593822,0.05562979817219025,-0.02023494527895891,-0.0641600345931699,-0.25375394235158055,0.08757906152299176,0.09909639071063568,0.14389454574157393,0.17604972081801865,0.19148211828255893,-0.32589031082374986,0.02562296876662308,-0.15196628538678802,-0.06520057518008697
#53,0.09681351604567122,0.24979906447439315,0.00627001204583595,0.0877424181586687,0.3890022547333958,0.37875883275506456,0.3638384691149571,0.2513310477131787,0.15253871998407617,0.23610593471911925,0.12137603942523173,1.0,0.35599323236795055,0.2432716627715032,0.22956480556785305,0.018587651473813176,-0.10630741934266114,0.00019973437387392026,0.2221039373753805,0.10046501731374427,-0.17896268536345136,-0.16352754240923584,0.14332760212363627,-0.12382638896038602,-0.005578148647674742,0.06628916183632078,-0.18110142182046557,-0.2096668691465302,0.09157512174530778,0.4666378390250766,-0.169390535610717,-0.06005552752868179,0.054962644181106225,0.3157896543085313,0.5295315165055408,0.39957376272791856,0.34407643443255875,0.3645948515204865,-0.30150898976275536,-0.14261514755291074,-0.06413257969641747,0.3176744329705855,0.17513547275616276,0.3786517586577301,-0.2934894144213709,-0.05663464739332914,-0.002710484681883543,-0.07002028230497585,0.15377144484826022,-0.2280053674323151,-0.14163226224917377,-0.18141715313311849,-0.3617422877479091,-0.4057154231314369,-0.3269816429696589,-0.309201851832786,-0.39954356234149085,-0.3432500420403107,-0.3569280716023707,-0.3167821488261316,-0.16338752243579843,-0.08608551513965963,0.4784187352215439,0.17447106425475398,-0.017974034531396392,0.13497444978670978,0.373038605016696,0.2637543884936528,0.3560234327543782,0.26064786692611547,0.22183076115269384,0.2750630604659782,0.17996067086040216,0.20792073771307573,0.018148373125774313,0.046080985081695475,0.16730533620237004,-0.18492314344840366,0.22876861356203262,0.2616554616369296,0.36579463050856764,0.38234032403641893,,0.18374395563288684,0.4513015336991698,-0.06319224948264679,0.06840181614142017,-0.047426275022564496,-0.114031854543957,0.31723240913287143,-0.19541228675266914,-0.14854540525143536,-0.26753080954194935,-0.36857443880475105,-0.34290411034123003,-0.1665915088868069,0.21416123574490284,-0.01732747171287669,-0.18817243047905363,-0.08384107733014856,0.10259689004657037,-0.31901148644242877,0.0640694334338869,-0.025749261291684256,0.06517586577300978,0.10125571834021421,0.1659847556685782,-0.13481109315103282,-0.24366152230538768,-0.36693400872379345,-0.22244025986059776
#54,0.12565351233926017,-0.12938463280791523,-0.21285850089400007,-0.14103649098964607,0.4463967163943484,0.628020467625529,0.2263731738203832,0.4185807877496251,-0.23900517181617573,0.019895877304066414,0.14511354315738176,0.35599323236795055,1.0,0.5100961950944963,0.36400319849547164,0.09086678540909512,0.10253786201855265,-0.12786363152783067,0.14041601032304118,0.17337012289498158,0.03545319454883025,0.035527322770061806,0.25596406154015106,-0.07123104325175797,0.05259740482588448,0.1490972486761592,-0.26410581117208387,-0.2872242069824666,0.4062645210664855,0.5806346885756742,-0.1501734806288544,0.12792403230068602,-0.0829858572963104,0.05855099918664868,0.4228692426223545,0.3598465271271539,0.3817404345423783,0.41208907741251327,-0.46435496436011214,-0.277185323984941,0.08868823935178989,0.1810465120269607,-0.2680606890492712,0.28116353852436793,-0.2583224371711847,-0.25911725643216754,-0.1683774499205524,-0.24313987926709152,-0.0020803948014152997,-0.1989237680473048,-0.1711764766444625,-0.2726868391520555,-0.2827751409637355,-0.42901227577071044,-0.012172814847608163,-0.12356694018607556,-0.2804085288636761,-0.21027636785443413,-0.35029771403665916,-0.4045238806123815,-0.16421940580739702,0.12378246112558212,0.3364865282253498,-0.17408944118989522,-0.2407444395254421,-0.020735997144690738,0.1328892503783628,0.3283241874208527,0.340083119699918,0.13844886697072964,0.15667342743499196,0.1719561957122315,0.19796284666096978,0.30326747589974845,0.1865896556812761,0.1263481212270966,0.2510359075730901,-0.1466002258165258,0.49660485883035277,0.3138389838942712,0.0014475594312718138,0.1292212761722383,,0.2284666096977559,0.2420114830105667,-0.021637890503008027,0.21555731724476385,-0.23879239636634442,0.17347582424747843,-0.13662586182636838,-0.08618709825764362,-0.09226561239863137,-0.16864788065356381,-0.18425461671248203,-0.16366344414816036,-0.25355626709496304,0.22293170251246625,-0.3210802129127243,-0.19624554286910534,-0.17185598533908514,-0.18536516728611777,-0.5034397553768699,0.5428540051546569,-0.28583498920679373,-0.1631033642544108,0.08713017396108955,-0.10508155820266518,-0.03883701057356711,-0.14936905215400825,-0.3470758819027616,-0.1947561147202861
#58,-0.17832298626911977,0.21630683592610514,-0.0914804023515119,-0.15975798508512734,0.17906564122627297,0.5096418165532436,0.25286989467615234,0.16082186233428397,-0.2092879915713467,0.08704506378115702,0.11208392961937218,0.2432716627715032,0.5100961950944963,1.0,0.19949757538943055,0.2038478037798529,0.0024400539488721187,0.08938010274995109,0.06269668859626545,0.1517658646404953,-0.12029294374834841,0.057001170264974074,0.1753098113505407,0.03821790265179984,-0.020626177557681022,0.01969545655777368,-0.12542426395137737,-0.1703679299351035,0.34867924787310345,0.24306575104585998,0.1911979601011713,-0.11274147439659285,0.028179019654274214,0.09140490138544273,0.384754982205795,0.18327035866390745,0.2522754961614622,0.18948614728865734,-0.15983074056152127,0.04582840003157313,0.22725173051646091,0.04803714647530603,0.10445833204638505,0.14993462302710828,-0.022073050616534026,-0.02165985442040997,-0.22240182300514436,-0.2468243264112675,0.06925703617525833,-0.19990528060620413,-0.0742414726806618,-0.2854890575077131,-0.22698679076279998,-0.1675277208660647,0.0151708895729734,-0.1411408195973053,-0.24236565117867304,-0.10822514388081829,-0.17227192702488442,-0.2339136612134378,0.11436131330498615,0.15624650379049168,0.1576110121590874,0.030813316997669767,-0.19478631510671376,0.045030835280915074,0.2053701778047751,0.19171823039462982,0.10828829014334888,0.19959229478322643,0.07129144402461332,0.19978447906049343,-0.11288835809421834,-0.12217223143105217,-0.05157745541153174,-0.013568896347469174,-0.11639297566466589,-0.2814271055331913,0.28267630333542676,0.20305023902919486,-0.27544605627567464,0.06783349977864489,,-0.015552512637832161,-0.01860961539121512,-0.06473109644562043,0.17846849722190763,-0.056832322649946636,0.0381575018789445,0.09287648385137291,-0.3488865323435843,-0.047310964456204294,-0.11160895990555515,-0.05630793412197524,-0.1929276185965743,-0.14542515623552182,0.3016339095429789,-0.1152988980290816,-0.04361004437397688,-0.18303150106216132,-0.07810025841921568,-0.3283804699591952,0.44760198636178006,-0.35120098013981405,-0.1255203560900109,-0.05909735163202202,-0.07495392725138733,0.14448345327691353,-0.18827813183155048,0.028306684924173008,0.020114143733248224
#101,0.06036302237230899,-0.05316297569898451,-0.4766053392910459,-0.1759632378932485,0.15730214457062258,0.061223733385497636,0.04646535363622948,0.526194373805283,-0.037727832744768985,0.004684491758383181,0.38031415265608964,0.22956480556785305,0.36400319849547164,0.19949757538943055,1.0,0.4255378585866906,-0.16595730077182577,-0.31757422259743917,0.6901467807417627,0.2860573738704884,0.17307361001005536,0.20605655022358582,0.7152350653941322,-0.01421271367631363,0.33004560944723,0.3520918915394304,-0.6236043474829007,-0.6952561370273896,0.38003685819889016,0.5213842758942575,-0.24229152295744147,-0.12641675846897768,-0.21621074378747165,0.19019036539035716,0.5254009272891378,0.48210730060023266,0.6171277373390027,0.6383242903767155,-0.17266590479328178,-0.08612532473995065,0.42977003092107746,0.48561878189486835,-0.05039826759601492,0.4674889408244019,-0.5768047304787104,-0.44501573508770126,-0.35806195883824604,-0.37829484499994853,-0.3130331826745874,-0.5024953069285863,-0.4878453740214903,-0.6801833987103062,-0.5979628466609698,-0.5883646147563206,0.2523894339829848,0.06990634448345327,-0.27527446317097193,-0.18119065023491096,-0.49333909886165134,-0.5237783428910693,-0.3906591577524049,-0.3560563786304811,0.5971268450548584,0.24211855710790117,-0.43433166201649354,0.13703356704314193,0.2811429473518036,0.29949517308596474,0.6571432493556679,0.2717959277524392,0.29869898108014425,0.2977915967424765,0.5093878587582836,0.4024757453146503,0.4355588959013271,-0.036530799246363085,0.4255282493728272,-0.22813577819188913,0.6381019057130208,0.4032389914443678,0.11416912902771915,-0.10419613778239935,,0.0044950529707914215,0.01563899556260231,-0.31108388500516493,-0.3140078315092986,-0.14192602964442477,0.42502307927258254,-0.2852309814782403,-0.3560852062720712,-0.48047922522281367,-0.45471417736549674,-0.4329204803234187,-0.30949699197287456,-0.3038536379454128,0.20176260437150595,-0.5430887445218902,-0.4462868968073387,-0.33599096733896844,-0.3729617313057892,-0.7311685147244044,-0.015188735255862479,-0.27080755146935176,-0.2353605342722908,-0.1883563782872949,-0.20133293523733042,-0.2347318171366602,0.013594978499383981,-0.47121045207919365,-0.2864211512524581
#102,0.09652661237460834,0.18927749007333888,-0.16664779142514938,-0.1007931033299358,0.22384869606399738,0.15038213784417287,0.08625299000984944,-0.002558110004907563,-0.05539368606011936,-0.17306125530651675,0.3113474520139883,0.018587651473813176,0.09086678540909512,0.2038478037798529,0.4255378585866906,1.0,-0.33337863391297484,-0.047601986361780035,0.5094262956137371,0.43767566844093936,-0.3050630261473573,0.6968883306393215,0.3396424686070415,0.6066248665863611,0.0362178134233854,0.5374234265770265,-0.6115008562495925,-0.38077264943185524,0.04919299762858329,0.31232484633837476,-0.15377281759309783,-0.07960478676124878,-0.2854231657555073,0.29100886449978897,0.261044590184188,0.29296228040372424,0.2551321781685525,0.41567468692838044,-0.09347500060057587,0.16142998829735025,0.1618486754728248,0.3871778768441969,-0.040750616877211404,0.34237423083390817,-0.4906018456554342,0.06137885355214886,-0.3431896412674553,-0.42475813951892155,-0.4947324348718371,-0.5132274260691109,-0.5260035622728536,-0.5287861160587123,-0.598241513863007,-0.21082134755496984,-0.0878893018562942,0.3095299378489775,-0.48958189624108145,0.17165831008246765,-0.41665894497695505,-0.3948734844039027,-0.4653502043673877,-0.4459148829563433,0.5101538503776765,0.5544234986461304,-0.1609399183903194,-0.02621736728131317,0.462477049422246,0.4293609529594663,0.5059944335196834,0.49548881727736654,0.2466966611413687,0.3517583145438884,0.31597634760644777,0.04685246768043873,0.11747469859671159,-0.13276570334297685,0.13041693692580658,-0.26752257307292365,0.36966988918517296,0.6310020694128428,-0.10799315000326026,-0.10757171733811048,,-0.13313359895945942,-0.05050259620367415,-0.32878405694145585,-0.3848236194476761,-0.11018267801926647,0.20297885629763854,-0.06065404427788474,-0.19202023425890655,-0.564585928679042,-0.14740877252588483,-0.32991657143249353,-0.03767704118577699,-0.39219937746021616,0.47168404904817307,-0.2377038097101106,-0.2742023494527896,-0.19360712729119692,-0.2890691760442298,-0.40009815125588993,-0.01876061732335348,-0.05828468668815012,-0.06286965444580575,-0.15001012399317745,-0.1706493426268159,-0.4522212727403762,-0.0340159307038406,-0.17845751526320666,-0.07504590115550797
#201,0.38919855724517566,0.10804805979676513,0.43583207212401376,0.500393634582188,0.07596426745187672,0.10032362459546926,0.060898392858981354,0.06737500300287934,-0.15667480017982957,0.581897613826286,0.16810015546335286,-0.10630741934266114,0.10253786201855265,0.0024400539488721187,-0.16595730077182577,-0.33337863391297484,1.0,0.234464131893324,-0.009106102880361856,-0.35704063667905567,-0.24301358674203036,-0.12908262894363853,-0.13443496106552455,-0.30472670366214005,-0.25441423261847645,-0.09293825736906589,0.366917535785742,0.4149924327440826,0.10403140840188478,-0.06810942149100681,0.1746701122562091,-0.05399485907058311,0.2570279387893077,-0.04083023607779345,-0.21671728663255396,-0.14710951415128334,-0.2204978259153634,-0.040073853672264036,-0.16382268254932444,-0.10323796188573958,-0.13962805478624646,0.056814476967057555,-0.27654974312512226,-0.042458311455212484,0.16392152017763317,-0.10438557656999112,0.31807527446317096,0.45705058907912843,0.1531248820297405,0.28688102077306127,0.41672346398432325,0.28590088095899957,0.33843719863960986,0.07684419689279207,-0.1588643281958358,-0.3223005830733698,-0.1375552100814381,-0.384381595609962,0.22333666223956455,0.1436556881398278,0.14523434470309246,0.06657606550738365,-0.2417877256020344,-0.07910098940584172,0.38549900990778585,0.11701894731062128,-0.15196628538678802,0.060995857742452475,0.019821749082834857,-0.016848383764546806,0.25578835020093554,0.17117098566511205,-0.23403995373849898,-0.14183405574030414,-0.3341899261120091,-0.36370256737603257,-0.19648302772601386,-0.15721977988036528,-0.04573917161712774,-0.1093205942612402,-0.31788720842041684,-0.08169959538345911,,0.0369796868082653,-0.052414829762480825,-0.021493752295057775,0.07065311767511934,-0.0011785014430980105,0.03594189171102349,-0.21672277761190445,-0.055157573948048474,0.10938236777893318,-0.12049061900496591,0.11666477914251494,0.11896138125585562,0.38217559465590434,-0.1282109359717489,0.24519487828901085,0.38066694807935836,0.306246332197387,0.2831073452144399,0.1740743409966814,0.050797736343762764,0.04261892260121419,0.18409537831131795,0.38531918033405743,0.25529553480422945,0.022944743588423643,0.027392436862317123,0.12798855130805423,0.14951181761712087
