,#10,#11,#12,#13,#17,#18,#26,#49,#50,#51,#52,#53,#54,#58,#101,#102,#201,#202,#301,#302,#401,#402,#501,#502,#601,#602,#701,#702,#801,#802,#901,#902,#1001,#1002,#1101,#1102,#1201,#1202,#1301,#1302,#1401,#1402,#1501,#1502,#1601,#1602,#1701,#1702,#1801,#1802,#1901,#1902,#2001,#2002,#2101,#2102,#2201,#2202,#2301,#2302,#2401,#2402,#2501,#2502,#2601,#2602,#2701,#2702,#2801,#2802,#2901,#2902,#3001,#3002,#3101,#3102,#3201,#3202,#3301,#3302,#3401,#3402,#3455,#3501,#3502,#3601,#3602,#3701,#3702,#3801,#3802,#3901,#3902,#4001,#4002,#4101,#4102,#4201,#4202,#4301,#4302,#4401,#4402,#4501,#4502,#4601,#4602,#4701,#4702,#4801,#4802
#10,1.0,0.4406649188375077,0.4853780012590745,0.3676864107611026,0.23372407143255583,0.13959789304241807,0.2399254117890811,0.42474479834885925,0.06950569372614333,0.33010064627178476,0.4633585413860976,0.18327024679453977,0.10116424547171465,0.00036975352421327767,-0.09866681541808445,0.06860043509789703,0.42458860936018294,0.30417327415151924,-0.04121795535863701,-0.035367243344038124,-0.1426738598602268,0.08138083816111372,-0.0752830925419758,0.12372239797910574,-0.059138251161456386,0.15174716509016725,0.09625226115436412,0.3393827347416905,-0.08966363585652926,0.12411605798117763,0.11138665540405931,-0.00200973790531441,0.22006231621895145,0.4187171783981066,-0.18068834718580912,-0.15429400186470527,-0.12084565181011882,0.03479508164062189,-0.29191721983600155,-0.19620205755086104,-0.3940743810214441,-0.06783224027604014,-0.21096669827634296,-0.23699129007323352,-0.24657778769453897,0.003665659938321287,0.26153686777327095,0.2955286917578433,0.07494202679119286,0.07734383093338858,-0.05934384687104049,-0.09747308529034418,-0.12434077887304863,0.15834375921395502,-0.26426539377953445,-0.11606116870801425,-0.370520125269944,-0.2151965510921276,-0.22640231414705672,-0.17781797607758448,0.17411247200949884,0.21066228912494323,-0.2848791527544247,-0.2691088461936903,0.4221820239224155,0.398513017077194,-0.03976762903521424,-0.14524141558224227,0.0035971280351265846,-0.0890994429790659,0.3790419877439457,0.437611264732367,-0.0036337846345097977,0.12875232092055877,-0.23614500075703845,-0.015449959757428938,-0.006591812828216019,-0.08543856433631633,-0.14257504641841118,0.11784140442588593,0.22675772378455483,-0.03533536804022663,0.12407780761660385,0.09099921108623067,-0.1863844639769223,0.05441273737140307,0.07258803560471436,0.023959072109906047,0.019026368845078055,0.03151989417399135,-0.1411677517551339,-0.14597773510028766,-0.2033660320824933,0.051951963917156084,-0.05606387810883823,0.28400098813441815,0.1461689869231566,0.17538110910119611,0.23505486536668552,0.09633354317908342,0.07501055869438755,0.04424292169034736,0.19973384121317406,-0.002016112966076708,0.07541059375722174,0.2090972117077991,0.37436269314441906,0.17098391094040116,-0.283720485460877,-0.020734885129373888,-0.22540142960737594
#11,0.4406649188375077,1.0,0.40239383531624284,0.24300934743284272,-0.036589661245208745,-0.015355927611185044,0.2440022631465706,0.26210743571149664,0.1211835300305206,0.3063073257416985,0.3070053948951701,-0.11143287459458598,-0.010313254548207413,-0.051612491931563725,0.0492043127286057,0.05443983137964284,0.1510586585278391,0.15504466526946584,-0.003550908844599925,0.07845627903640956,0.05757157997912168,0.046557068747061496,-0.08344476408290767,0.043592665492592976,-0.04399270055542717,0.15137422403557285,0.051606116870801425,0.2508570472312314,-0.0794906326450924,0.02781120257552455,-0.0691263776107866,-0.1549777271314617,-0.1535736199985656,0.07554447003323,-0.16635402306178232,-0.15557379531273657,-0.0910661492242348,-0.10874419271808684,-0.25914303245702813,-0.2408864521989975,-0.22691550653842169,-0.15517376024990237,-0.021727800843101785,-0.21071488337623218,0.0448150833937636,-0.12355824016447657,-0.03309772171266007,0.031089577572536237,0.007666010566663214,0.1614165385013826,0.05437767453721043,0.08592147518906039,-0.029954816756847212,0.12312314226744973,-0.11593526125795886,-0.10700061359959837,-0.16532126321829005,-0.08367267250515982,-0.10123755867048108,-0.05597143972778491,0.03148642510498928,0.0609790499565699,-0.24261568743077083,-0.25693566766808246,0.285462470814175,0.20420435257273545,-0.15425097020455977,-0.03467873678170995,-0.09063742638797026,-0.14295595629895846,0.3743085051279395,0.185040919921268,-0.13587804508761725,-0.05537059025093833,-0.23807505040282415,-0.1708436596036306,-0.16979974340380433,-0.20532795703209047,-0.1000932352636486,0.09479077847460733,0.26693176294336557,-0.13284192239957288,0.2567284781933078,0.15304767748567605,-0.26718995290423864,-0.18746503677613177,-0.11896182135485979,-0.09761971168787703,-0.04780976818685303,-0.07652622939062388,-0.009776155678983815,-0.20137701312465633,-0.029478280964865447,0.0726422236211939,0.08521224967925475,0.26159583708532225,0.15434340858561307,0.1069735195913586,0.09828749930272773,0.014251448334116935,0.08162309047008104,-0.21702141223533536,-0.03712994764481349,-0.07945875734128091,0.02428420020878324,0.021667237765859954,0.13346827211946863,-0.03681597590227032,-0.16986668154180845,-0.06346532365386608,-0.0529002542055479
#12,0.4853780012590745,0.40239383531624284,1.0,0.3575389077927149,-0.13638167488783878,0.06526946584959638,0.21168070508172032,0.01512642542374232,-0.20398600674162676,0.4324793408187172,0.25614356636836694,-0.12182422363713154,0.02975400234283483,-0.21393110153081146,-0.20884380304249775,-0.0012463243790292377,0.5335798356828089,0.6094095896851517,0.019971471603088715,-0.13557841723178923,-0.2791655045462152,-0.030939763644622236,-0.005839555658264868,-0.06869287347895035,-0.1389205428364239,0.041731147750001994,0.4615400553036521,0.475181091569779,-0.1580887567834631,-0.04840583636812788,-0.10581166476742981,-0.2166883153105053,0.06051526428611273,0.2992708524253122,-0.2677780522595606,-0.3518953852528907,-0.11438134019714875,-0.019421622612340525,-0.10735283570671533,-0.012264023141470567,-0.14235829435249306,-0.031532644295515944,0.042751157471969656,-0.33815075424937646,0.09243359975774769,-0.3601271824622078,0.3396441122329447,0.17023165377045,0.4341639506251544,0.2662751316848489,0.20835770465937253,0.3117070022073648,0.28666576353305867,0.3596681780873224,-0.02728844759301612,0.004486449011467141,-0.2435352899457323,-0.3486775733331208,0.0199539401859924,0.1526317047709361,-0.09618851054674114,0.01216520969965495,-0.37535560885814695,-0.22603574815322458,0.4499470073074134,0.5061766369960714,-0.23185139733363083,0.07623616412593932,-0.35024265075026495,-0.15002749244953742,0.3187434755237511,0.41278359059359787,-0.27422483245543433,-0.03014606857971615,-0.5224728860696953,-0.12869016407812636,-0.32311039214592513,-0.23036441441082486,-0.25234721768441853,-0.012931810756321271,0.06348126130577182,-0.2757707846902916,0.1256157910255082,-0.013107124927284464,-0.38390615910557896,-0.26989297866745293,-0.022129429671126553,-0.10436293220919762,-0.1801528420817761,-0.299705950322339,-0.20919921267999586,-0.27095442628437555,0.05807361601415263,0.21984078285746161,0.26509733920901435,0.5071615838838464,0.09615026018216737,0.35903226577628317,0.5308991226322626,0.4513686458574058,0.5080397485038529,0.2669987010813697,0.040942233980667625,0.1533122425073114,0.3229526093920583,0.3744694754121875,0.44157974005689743,-0.12947270278669842,-0.28935125787917665,-0.0008478830813856195,0.028748336507582337
#13,0.3676864107611026,0.24300934743284272,0.3575389077927149,1.0,0.21223852289842138,0.1628142705735164,0.10259385284765996,0.35868163743435677,0.09805002828933214,0.578995768553419,0.5042880252452406,0.04936050171728199,0.17378893767581222,-0.07723704866562009,-0.018605614834766394,-0.03631872116281108,0.4520125269943979,0.07671588744830224,-0.07276972483643984,-0.15721218592864714,-0.04493620954824726,0.08367107873996923,0.0732159790898007,0.03684466367570066,0.17805863462136123,0.03622468901656719,0.04270015698587127,0.13161312943763995,-0.04951987823633944,-0.09872419096494514,-0.04082270159137454,-0.10708667691988939,-0.03531624285793974,0.2091035867685614,-0.1475125309788109,-0.10974667102295818,-0.10595669739977209,0.0921212217803951,-0.04351775852863598,-0.09774880666831355,-0.2740415494585183,-0.24665906971925827,-0.24579206145558574,-0.18414681764935573,-0.09158571667636208,0.05867605925618979,0.1205651491365777,0.1475173122743826,0.22375985146108424,0.22807258006677877,0.12780084310178583,0.08442652344030153,-0.04618731522284822,0.060610890197547194,-0.02152539266389883,0.03915402943684307,-0.06070173481340994,-0.053666855262214215,0.2550996501685407,0.06878531186000367,0.11639426563284432,0.10315804572512331,-0.07532931173250244,-0.05849915132003602,0.14486050570169498,0.08346229550000399,-0.13049430627385666,-0.20661890683645578,-0.08063654981711545,-0.03681119460669859,0.12721274374646382,0.07808015045143399,-0.2587748726980054,-0.04211843269131159,-0.38477794866482323,-0.23851014829985098,-0.29859828351488976,-0.15266995513550988,-0.16427415948808263,-0.05039485532596483,-0.0023284909434293046,-0.1208089952107356,-0.07647044760895377,0.0629457562017388,-0.1997306536827929,-0.14658336587270598,0.11110137143494649,-0.013574098128122783,-0.10089649291969814,-0.16397134410187347,0.08852728127564966,-0.21612730996342308,0.15811744455689344,0.07750639498282719,0.08066364382535521,0.22442763907593494,0.024011666361195005,0.08554534660408482,0.10808915522476073,0.13097721712660074,-0.033129597016471564,-0.1226944194311852,-0.13691558622668124,0.03525567978069791,0.15556423272159312,0.16447338013690443,0.0858959749460112,-0.016592689399070836,-0.19005171768043413,-0.08951860322418698,0.01465626469252285
#17,0.23372407143255583,-0.036589661245208745,-0.13638167488783878,0.21223852289842138,1.0,0.4426921881599184,0.12061296209229494,0.4215827682107595,0.31312864075735725,0.22514642717688402,0.30585310266238475,0.49136896461044394,0.2621281546589741,0.2865047932488107,0.14901704531871318,-0.15741459410785008,-0.0010056658352524922,-0.11475109372136204,-0.24983225621369204,-0.34292089346476584,-0.13093418546645522,-0.21750432308807943,0.05874299739419391,0.04034935332977392,-0.005884181083600953,-0.0200288471499494,-0.5073018352206169,-0.2198662831005108,0.48673588920144395,0.34664233518475723,0.2712986795655396,0.3764122751794978,0.0912032130306242,0.24039557252030058,0.35218066922200353,0.31866378726422234,0.37004358947796223,0.21068619560280183,-0.022582058985249703,-0.26267003482376944,-0.0857334108965726,0.01431360517654934,-0.13771246882196847,-0.06485668066523759,-0.14929276669668257,0.2515073034289858,-0.04964578568639482,0.15836447816143248,-0.2701097307333711,-0.1579819745156946,-0.0892365067854553,-0.34506291388089794,-0.48114814844328985,-0.3269402098988756,-0.3514826000685319,-0.2174326036545036,-0.32897704181242976,-0.31017220632884157,-0.03537839970037215,-0.23516005386926345,0.3273259010749946,0.2230633760728032,0.4662002247208919,-0.019172995242610905,-0.0571332945517137,-0.07616763222274463,0.27241272143375117,-0.014968642669875448,0.24370104152555205,-0.11476862513845836,0.10327439058403526,-0.07652304186024272,0.06132011570735284,-0.026376813904007524,-0.08286782108391971,-0.36949055295683286,-0.008018232673780172,-0.037603295906414105,0.367834630923826,0.1647427264541115,0.0358868107961654,0.19519001665484625,-0.23912534166341273,0.3150156587429974,0.5297532054602395,0.48065089370383063,0.17624652359967807,0.23037078947158715,0.133882651069018,0.2499390384814605,0.16031524675469563,0.05309788108917913,-0.16889926607112973,-0.008572862960100089,-0.1472495597223661,-0.04229693439265593,0.04959319143510586,-0.0835547338810573,-0.027764983384997888,-0.169182956275052,-0.189160802938903,-0.04210090127421527,0.25545027851046703,0.44109045414339104,0.17365187386942282,0.05725282694100678,0.07552853238132426,0.1498473969830025,-0.01748519790579254,0.24862099466885543,0.00382344269218816
#18,0.13959789304241807,-0.015355927611185044,0.06526946584959638,0.1628142705735164,0.4426921881599184,1.0,0.15131844225390273,0.4205372582457427,0.3421925427726733,0.2405517615089769,0.2272884475930161,0.4991019133151113,0.5812557275936536,0.10408083577046594,0.14402856027221508,-0.19602036831913555,0.1644383173027118,-0.0869143909027883,0.10312617042131182,-0.4678115213285627,-0.10286798046043877,-0.29866840918327503,0.28097920933308895,-0.07703304672122656,0.3186605997338412,-0.13149040951796573,-0.19004534261967185,-0.2277267330204241,0.36310433583820095,0.4310624835642965,0.18164301253496323,0.3610786602809808,0.18042378216417376,0.4528333160675438,0.28368861015706553,0.22015156706962363,0.4513319892580226,0.15995664958681638,0.3036903632987752,-0.04488520906214887,0.15574273442293746,0.14936926742583015,0.16655802500617584,-0.29921028934807037,0.22826064435926655,0.025375929364326755,0.0404194789981592,-0.06556749994023381,-0.13231757365187388,-0.2812708683629641,-0.23698969630804292,-0.3795599614308824,-0.24860027572137797,-0.2832423559037047,-0.2658687215612524,-0.18886276884826558,-0.22242905752695455,-0.4692204097570305,0.06820836886101571,0.05168580513033015,0.28263194383571466,0.04697782275737316,0.23693391452637283,-0.11970610969885807,0.1493405796523998,0.005318394440947016,0.11694570838878308,-0.20687550303213828,0.08190359314362215,-0.20391109977766975,0.08688889065973911,-0.029521312625010957,0.0367171624604547,0.11845022272868538,-0.07291794499916328,-0.23204902421726206,0.014935173600873384,-0.09101674250332699,0.08057439297468304,-0.05789192678242715,0.09344723441895306,0.39249814724796595,0.016820597821322985,0.3678967877662584,0.34860585389954496,0.26768083258293557,0.11887416426937819,0.40803735785606704,0.384055973033493,0.41380041278518437,0.4947859971790356,0.07696610858322243,0.09476368446636757,0.04459514379746432,0.17738128441536707,0.009196025149614708,-0.17841882555443106,-0.0029819346715648383,0.012173178525607823,-0.14916845301181778,-0.10424818111547626,0.051403708691598465,0.1165823299253321,0.25188661954434255,-0.07745061320115708,-0.03326187952728924,0.1785287953525807,0.14008717895592443,-0.37655412028145896,0.1895974946011204,-0.11350636310752336
#26,0.2399254117890811,0.2440022631465706,0.21168070508172032,0.10259385284765996,0.12061296209229494,0.15131844225390273,1.0,0.07903003450501637,0.08924925690697989,0.5646455067774865,0.2402266334100997,0.02007187881009491,0.25813577285658507,0.4165130011395421,0.05877327893281483,0.12177003562065201,0.10123915243567165,0.08703392329208137,-0.009608810333973495,-0.08536843866793105,-0.0960912908701161,-0.025559212361242818,-0.18004287228362645,0.017454916367171624,-0.13539194670449203,-0.0605232331120656,-0.1343512180350469,-0.11224888237216012,-0.04023619600124314,-0.06956625680338516,-0.05001872674098925,-0.018631115077815584,-0.1729984301412873,-0.09302329287826025,0.01288877909617576,-0.17913123859461785,0.10257154013499191,-0.13681358525448445,-0.07652463562543331,-0.173066962044482,-0.1677039421781989,-0.2756655961877137,0.06815099331415503,0.01154204751014033,-0.23958593980348875,0.005794930232928782,-0.07238084612993968,-0.0471435743371929,-0.07627282072532254,0.08127724342372639,-0.1472001530014583,-0.04268262556877495,-0.24419510873463013,-0.10599176023396473,-0.10378758297540024,-0.24455051837212824,-0.1366669588569516,-0.06175521360437967,-0.08381292384193037,-0.05002350803656097,0.0720923746304457,0.09197459538286225,0.03123301643968794,0.15944026966507024,0.08247734861222895,-0.08321526189546494,0.4195985305484943,0.4662544127373714,0.11560057056793822,0.13329136418331486,0.3094836997665134,0.1757062372000733,0.1143526524237184,0.048383523655459844,-0.06630222569308863,-0.03463411135637386,-0.06562806301747563,-0.14178294511869566,0.3470694642558312,0.3870395014702484,0.21957781160101683,-0.36170660376606717,0.10367283188167888,0.2241184486289635,0.13307461211739674,-0.08730964467005076,-0.06317685215437209,-0.23858027396823625,-0.059045812780403065,-0.03123301643968794,-0.1506028416833348,-0.09261528898947317,-0.007254819147495,-0.06890962554486847,-0.19957127716373546,0.14060196511247997,-0.03864402457585924,-0.20842464279737666,0.005852305779789463,-0.22287849931069656,-0.06053757699878077,0.018980149654551394,-0.05801624046729195,0.052514563029428876,-0.029200965821705487,-0.17101578624421265,-0.048182709241447456,0.12096677796460248,-0.05046816852473125,0.09892181784857637,0.08714070555984987
#49,0.42474479834885925,0.26210743571149664,0.01512642542374232,0.35868163743435677,0.4215827682107595,0.4205372582457427,0.07903003450501637,1.0,0.3512562854114703,0.3931515909761015,0.5212807497071457,0.45377363752998273,0.4496091290870116,0.2638765150730343,0.06434189450868204,-0.336268517559308,0.16812310242331996,-0.09024217262070779,0.22644693957239279,-0.40947493405796526,-0.00953549713520707,-0.34918439066372353,0.1366063957797098,-0.11398768019507687,0.3211197794228976,-0.13044489955294886,-0.1611344420626509,-0.1507590306720111,0.20473667014638733,0.3036106750392465,-0.02549227422323869,0.06823705663444604,-0.02912287132736734,0.26228753117803155,0.08086923953493931,0.17176166835340148,0.04740176429806597,-0.11515431631457737,0.07101658312680793,-0.14599686028257458,-0.059068125493071104,-0.07673501263058914,-0.1933938432850688,-0.3036457378734391,-0.0763190399158492,0.014662639753285148,0.14568448230522196,0.06596594123787743,-0.17315143159958243,-0.27531815537616844,-0.23355672608754552,-0.40977296814860265,-0.3107778371012599,-0.17443600634318546,-0.22484998685143717,-0.19986612372399173,-0.15464622397182223,-0.463656575476735,-0.010165034385483987,-0.15927929938082222,0.39068922375666393,0.28039270374295755,0.08715345568137446,-0.23145773733155894,0.0415685837005634,0.04145223884165146,0.1611726924272247,-0.38248452055558657,0.08876315852385468,-0.20781104319900548,0.24890787240315884,0.04930312617042131,0.06289156818525926,0.05523033891416777,0.028227175290264486,-0.16407972013483255,0.16668711998661237,0.09968363760967097,0.03212871247679079,-0.1387085720660775,0.3099697981496386,0.29253081943437276,0.06435305086501605,0.266641697678681,0.06700029484656025,0.32592976276805136,0.10812740558933452,0.2022982094048084,0.37714540716716205,0.28238012893560394,0.2982588115292974,0.13369299301133963,-0.044952147200153,-0.006062682784945294,0.13173744312250477,0.144422220274287,-0.03187530381148945,0.13277657802675932,0.09781574480631769,-0.11310314051430803,-0.2155519607296257,-0.1965160292934042,-0.07531496784578728,0.09150602841683335,-0.07843396632374153,0.08346388926519456,0.12803512658480026,0.38831451362270797,-0.021007418976962126,0.11169106455545905,-0.023801289356039174
#50,0.06950569372614333,0.1211835300305206,-0.20398600674162676,0.09805002828933214,0.31312864075735725,0.3421925427726733,0.08924925690697989,0.3512562854114703,1.0,0.21367769286551014,0.33244985616269157,0.15121006622094366,0.16954155344293126,0.16567189156021644,0.33878029149965333,0.01266405820430476,-0.0979209333088956,-0.17769047486233852,-0.09976332586919968,-0.20605152642861127,0.1235438962777614,0.00432229119683797,0.36091928376192334,0.2696826016622971,0.1887257050418762,0.1498473969830025,-0.3338380256436819,-0.2069615663524293,0.3454023858664903,0.10930997936074079,-0.1336388049948601,0.08364079720134833,-0.18188685860912113,0.14747906190980883,0.1560471435743372,0.18468232275338875,0.22164173752281077,-0.11528659882539505,0.0476742981456542,-0.18270286638669525,-0.09952744862099466,-0.068139836957821,0.006983879065097339,-0.13700005578178168,0.04069201284574744,0.465154714755875,-0.20837045478089714,-0.1305357441688116,-0.5223884165145949,-0.22385228984213756,-0.2403684785120608,-0.32366661619743564,-0.41287602897465114,-0.21341153407868418,-0.112342914518404,-0.2546581772107515,-0.06445983313278454,-0.14573388902612977,0.037987393317342556,-0.027360167026591973,0.2566886340635434,0.027812796340715124,0.22364510036736288,0.1433591788921738,-0.2107579150363777,-0.34765278231558144,0.2508076405103236,-0.02491054992867901,0.3441640303134139,-0.174565101323622,0.06068898469188534,-0.22081297962371205,-0.10153240523073735,-0.10368398823801289,-0.18910183362685176,-0.5178924049119843,-0.2127166524555937,-0.15935261257958866,0.44519918080469206,0.2971352070699424,0.12316139263202353,0.24042266652854036,-0.09368629919753922,-0.043538477476113446,0.16543282678163027,0.21555514826000685,-0.09310776243336069,0.1975344452501813,0.3939054419112432,0.14010311660783017,0.3266453633386193,-0.1110758711918973,0.0913147765939644,-0.01673294073584139,-0.05329710173800094,-0.09801815298552065,0.021477579708181593,-0.41934512188319295,-0.13573938751603726,-0.3501645562559268,-0.2932177322315103,-0.3218305986978938,-0.1491047024041948,-0.03857549267266454,-0.3733394958920702,-0.4242427623138283,-0.25225477930336526,0.0031875303811489454,-0.15427647044760895,0.1501023994134944,-0.24815402146801713
#51,0.33010064627178476,0.3063073257416985,0.4324793408187172,0.578995768553419,0.22514642717688402,0.2405517615089769,0.5646455067774865,0.3931515909761015,0.21367769286551014,1.0,0.563662153654902,0.047714142275418564,0.35161807010973073,0.2044816677158954,0.07291953876435385,-0.13116846894946968,0.4352939301452717,0.11035389556056706,0.10620851229988286,-0.3787774227223103,-0.1390209500434301,-0.2211349201922081,-0.01724294559682522,-0.03689088286622732,0.11654567332594888,-0.18564814445887687,0.08796627592856744,-0.07131621098263592,0.12405868243431695,-0.02965678266620979,-0.14966889528165817,-0.10072755380949724,-0.2072101937221589,0.010188940863342605,-0.008512299882858258,-0.07088270685079967,-0.0038967558909545857,-0.08799177617161663,0.1195913586051367,-0.06488377467347736,-0.1710110049486409,-0.23933253113818742,-0.13276223414004415,-0.24784483102104568,0.03648925403820255,-0.10066380320187426,0.09100717991218354,-0.1479189411024074,0.12836025468367745,-0.009906844424610923,-0.07294025771183131,-0.016887535959327113,-0.069038720525305,-0.03329694236148188,-0.034787112814669015,-0.16716206201340356,-0.053383165058291965,-0.32752830925419757,0.1534493063137008,0.07079664353050864,0.02112376383587406,0.040393978755110006,-0.006032401246324379,0.06882993728533975,0.1304990875694284,0.013491222338212911,0.16731984476727044,0.15052315342380607,-0.10813218688490625,-0.19844289140880875,0.2844934615783057,0.06618109953860497,-0.1938624102510977,-0.14501031962960897,-0.2653555291698874,-0.27616603845755405,-0.36035509088446,-0.28304632278526404,0.08198328140315088,0.05295284845683686,0.2657268764592913,-0.21727163337025557,0.019847157918223907,0.25642406904190806,-0.10106065073432731,-0.20829873534732127,-0.13431456143566367,-0.11376136553801529,-0.0603048872809569,0.04462383157089466,0.0927762592737212,-0.28835993593063936,0.24426045310744368,0.0005131923913649802,0.05621209827156165,0.3183434404609169,-0.06399604746232737,-0.007556040768513575,0.2353879622915156,-0.036092406505749505,0.055584154786475305,0.009537090900397645,-0.25186749436205563,0.18271242897783868,0.14414171760074587,0.054224673078915285,0.021227358573261402,-0.07410689383133183,-0.13619361059535098,0.011964395285642566,-0.014037883798579955
#52,0.4633585413860976,0.3070053948951701,0.25614356636836694,0.5042880252452406,0.30585310266238475,0.2272884475930161,0.2402266334100997,0.5212807497071457,0.33244985616269157,0.563662153654902,1.0,0.18383125214162196,0.18571986389245274,0.07732311198591112,0.25387245097179834,-0.08932735140131805,0.37728565850393264,0.1257974802572337,-0.016178310449521473,-0.39503382766616996,0.09004295197188598,-0.2541131095155751,0.056083003291125116,-0.0955605670616548,0.0835117022209118,-0.12885432189275553,-0.01051566272741037,-0.15711656001721266,0.13104415526460486,0.030205037891767407,-0.020548414602076678,0.017209476527823155,-0.10429440030600291,0.11694570838878308,0.04358150913625895,0.03640637824829268,-0.05139095857007387,-0.10025739307827777,-0.12590107499462105,-0.35749109483699765,-0.33511781909171323,-0.39268461777526315,-0.295275283092542,-0.3225701057463204,-0.10381467698364,-0.004089601479014097,0.04176780434938521,-0.14765915737634375,0.027382479739260016,-0.13189363211118105,-0.15950880156826494,-0.21806054713958992,-0.2114575779550399,-0.24094223398066764,-0.050876172413518314,-0.3821848926997585,-0.0037947549187578194,-0.3570097777494442,0.10304488839659252,-0.1663843046004032,0.17894954936289237,0.1096892954760975,0.03895799631840241,-0.06213612348492697,0.22197802197802197,0.036882914040274446,0.08339376359680928,-0.17935914701687,0.1703129357951693,-0.025791902079066693,0.4869446724414092,0.4009355401668672,0.08118799257305422,-0.02934440468885719,-0.12131421877614772,-0.1292623257815426,-0.03960665875096622,-0.09961032441090455,0.09801815298552065,-0.025669182159392456,0.2180111404186821,0.006810158659324722,-0.002667962929021667,0.1168883328419224,-0.06382392082174533,-0.001190542597359131,0.04763126648550869,-0.024440389197459538,0.017584011347608158,0.04404370104152555,-0.07484321334937724,-0.27878140713528676,-0.08864521989975217,0.0033293754831100735,0.03640797201348325,0.26025229302966796,-0.1311987504880906,0.036704412338930105,0.17321836973758656,0.007414195666552447,-0.06001322825108177,-0.20872427065320467,-0.09626819880626987,0.11436859007562415,0.05243009347432843,-0.013685661691462996,-0.012160428404083226,0.09135780825410993,-0.11979854807991139,0.019037525201412078,-0.04799464494895967
#53,0.18327024679453977,-0.11143287459458598,-0.12182422363713154,0.04936050171728199,0.49136896461044394,0.4991019133151113,0.02007187881009491,0.45377363752998273,0.15121006622094366,0.047714142275418564,0.18383125214162196,1.0,0.6174931667317454,0.2488855596904908,0.17325821386735094,-0.1183306903393923,0.021517423837945956,-0.15497453960108057,-0.07170030839356438,-0.3726462080341703,-0.0009100399238180239,-0.22409613591629546,0.14797950417964922,-0.06729514140681653,0.1233940823498474,-0.17025556024830862,-0.28510706117667683,-0.21350556622492808,0.38883408107483525,0.35409637498107405,0.16351074596179746,0.2540892030377164,0.11057064762648519,0.10000876570854816,0.24814924017244538,0.17994246507662026,0.26388448389898717,0.053094693558797985,-0.034063543418148205,-0.24220768354198377,-0.0636629505374973,-0.08517240554949039,0.025170333654742645,-0.1000868602028863,-0.12835387962291517,0.09261688275466376,0.12509462980819036,0.11801034353608683,-0.12894676027380886,-0.2999529839268781,-0.1637705296878611,-0.47283825673963453,-0.345021475985943,-0.3747133214863454,-0.15962674019236747,-0.17403756504554185,-0.18762760082557037,-0.31044155264604867,-0.30492553132147043,-0.3709552231669708,0.2726023794914295,0.17981177633099316,0.15727274900588897,-0.08770489843731323,0.08561706603766067,0.11511447218481301,0.1871207834949677,-0.22372956992246332,0.2950872188000542,0.05128417630230538,0.1425160771063599,0.08221756488616531,0.33235741778163824,0.31508259688100154,0.12487787774227223,-0.017566479930511837,0.29938400975384294,0.23298137685374815,0.153186335057256,-0.04920590649379627,0.23074054299580044,0.4427559387675414,0.15963470901832033,0.3884452023683351,0.49454693240044945,0.40888045964188097,0.31586194805919243,0.21998422172461332,0.4026902756416897,0.6197961574321256,0.1720166707838934,0.38481141773382527,-0.1660990206312904,-0.11459012343711401,-0.03610196909689296,0.005391707639713441,-0.2539569205268988,0.15370112121381158,-0.05709185665675876,-0.1190733849182,-0.24723920024862736,0.06791670983114058,0.1612364430348477,0.20923746304456964,0.0076596355059009155,0.11244172796021962,0.141661818964212,0.3328817665293372,0.05188502577915196,0.007323351050689702,-0.08987241909649452
#54,0.10116424547171465,-0.010313254548207413,0.02975400234283483,0.17378893767581222,0.2621281546589741,0.5812557275936536,0.25813577285658507,0.4496091290870116,0.16954155344293126,0.35161807010973073,0.18571986389245274,0.6174931667317454,1.0,0.2369976651339958,0.1429432061774339,-0.14343249209094025,0.24789264397676292,-0.053872450971798325,0.24029038401772268,-0.3932838734869192,0.0327901250308792,-0.22246730789152835,0.15327717967311877,-0.09352373514810063,0.2949740614715234,-0.1574703758895202,-0.13847269481787247,-0.3214576576432994,0.1703511861597431,0.23462933006080214,-0.028804118289252445,0.03451617273227135,-0.10294926248515807,0.12485875255998534,0.10988373482934759,0.01001681422276056,0.11351592569866681,-0.014925611009729936,0.030354851819681405,-0.06880284327709998,0.03777542254699615,0.044864490114671404,-0.05613719130760465,-0.24026647753986405,0.08874881463713952,-0.1689088286622732,0.045130648901497344,-0.20791304417120227,-0.062010216034871585,-0.2500219142713704,-0.17742112854513145,-0.3469961510570648,-0.11629704595621927,-0.13394958920702213,0.02759763803998757,0.036356971527384874,-0.0288630876013037,-0.42191905266597074,-0.14075815410115627,-0.1372789646901322,0.20606587031532644,-0.050737514841938336,0.05889121755691734,-0.06003554096374981,-0.010858322243383883,0.006593406593406593,0.08095052155965861,-0.05766879965574672,0.13387149471268397,-0.11043039628971464,0.17372040577261752,-0.03532261791870204,0.03471539338109316,0.07880690737833596,-0.004115101722063288,-0.06976866498258812,0.11010526819083745,0.10954107531337408,0.01888133621273578,-0.1132736733896995,0.3638518117125804,0.2185976460088135,0.30395492832041054,0.545493230482353,0.217131382033485,0.13456797010096502,0.1334778347106121,-0.00022312712668042618,0.2918805632366184,0.37357856067065637,0.19857198638924528,0.16900445457370766,-0.05147861565555547,-0.012665651969495335,-0.007098630158818701,0.2244929834487485,-0.07712548510227989,0.022209117930655276,0.051008454924336,-0.20067575644080357,-0.24516411797049942,0.05059248220959606,-0.1856959574145941,0.07714779781494792,-0.10590091561810198,-0.09021826614284917,-0.09141677756616118,0.1406003713472894,-0.12221947740439401,-0.05476017818294831,-0.12880491517184772
#58,0.00036975352421327767,-0.051612491931563725,-0.21393110153081146,-0.07723704866562009,0.2865047932488107,0.10408083577046594,0.4165130011395421,0.2638765150730343,0.16567189156021644,0.2044816677158954,0.07732311198591112,0.2488855596904908,0.2369976651339958,1.0,-0.05075664002422523,-0.27065320466335696,-0.24105857883957957,-0.206655563435839,0.021571611854425486,-0.09708898787941572,-0.20439719816079496,-0.3292894197897824,-0.26738598602267927,-0.08260484982747492,-0.22691710030361226,-0.3254866960450717,-0.364025532118353,-0.22987194096693733,0.24413295189219772,0.11954513941461005,0.10791862234936926,0.25481914749499956,-0.027341041844305077,-0.12667883240762137,0.3117006271466025,-0.007581541011562766,0.1632812437743547,-0.029927722748607447,0.18349496768641077,-0.14496091290870117,0.06869287347895035,-0.15993911816972006,-0.21538620914980597,0.16883073416793504,-0.206655563435839,0.21539099044537768,0.00554470909800859,0.10189737745937891,-0.12558869701726844,-0.015857963646216004,-0.15318314752687487,-0.2030648104614747,-0.3358621074357115,-0.33634661205364613,-0.33101227996079335,-0.14511869566256802,-0.15606786252181465,0.035257273545888486,-0.020669540756560335,-0.20725641291268557,0.24552909019914096,0.2017786419526811,0.4790842225214959,0.37594848950904064,-0.2500904461745651,-0.15916454828710086,0.7949541394066412,0.3649929475890317,0.2535058849779662,0.15022511933316865,0.08606332029102153,-0.09621082325940919,0.2737913283235981,0.2879120879120879,0.25223406035588775,0.12275498250842704,0.1959040234602236,0.03535449322251353,0.41220824135980044,0.15277354987289724,0.20026615878682594,-0.0618157766816215,-0.1303428985807521,0.2572958586011523,0.4679326474830463,0.24449473659045812,-0.07975360390153718,-0.17459378909705234,0.2699806357529345,0.10411589860465857,-0.00043987919259855446,0.19066691104399588,-0.1488927316338484,-0.21611455984189848,-0.3844225390273251,-0.22484361179067489,-0.20620771541728758,-0.03936600020718947,-0.12227844671644526,-0.25054785678425995,-0.09176581214289699,0.12777534285873662,0.07734064340300743,0.18890261297802996,-0.039085497533648365,-0.10795527894875248,-0.013001936424706548,0.46796771031723894,0.23718572942648358,0.051759118329096576,0.0931507940935062
#101,-0.09866681541808445,0.0492043127286057,-0.20884380304249775,-0.018605614834766394,0.14901704531871318,0.14402856027221508,0.05877327893281483,0.06434189450868204,0.33878029149965333,0.07291953876435385,0.25387245097179834,0.17325821386735094,0.1429432061774339,-0.05075664002422523,1.0,0.5362956115675478,-0.046695726318641474,-0.17940536620739667,0.048619400903664865,-0.24685988413327065,0.6638302958825076,0.15078453091506028,0.5591103602706213,0.20458526245328276,0.3811202575524548,0.06903393922973328,-0.1885551721664847,-0.28832646686163727,0.2542039541314378,-0.1958848982779367,-0.2535011036823945,-0.1332897704181243,-0.31605001235168023,-0.27583134776753343,0.049393970786284054,0.08500027890890835,0.2192797775103794,-0.2993266342069823,-0.09319860704922343,-0.5324833252316936,-0.31029333248332525,-0.3634948083098917,0.1410051877056953,-0.1389524181402354,-0.15824653953732998,0.11686602012925436,-0.36195044984022506,-0.44546693335670856,-0.3529042386185243,-0.45994629011307764,-0.369943182270956,-0.42247846424786234,-0.3026815099331415,-0.3521519814485732,0.38704906406139183,-0.3742989425367961,-0.016815816525751263,-0.23466917419056652,-0.2885097498585533,-0.47104845843061943,-0.019050275322936672,-0.19612396305652288,0.04881384025691495,0.10668504809186463,0.09591916422953406,-0.36603845755404857,-0.04653953732996518,-0.08296025946497303,0.5291666998701081,0.07779646024751173,0.19024934456406536,-0.036502004159727146,-0.004489636541848289,-0.33019627218321923,-0.1125182286893672,-0.37358015443584697,-0.10996501685406689,-0.073372168078477,0.46485030560447527,0.3968363760967097,0.08030982795304768,0.2061551211659986,0.10308632629154747,0.17645211930926216,0.09449274438396991,0.05171768043414164,-0.10034664392894994,0.08457633736821554,0.05395213923132705,0.19629290216672377,0.07723864243081068,-0.17940536620739667,-0.276068818780929,0.03088398186295213,0.0692140346962682,0.06850640295165314,-0.00846289316195045,-0.3921937380965662,-0.1659986134242842,-0.2825729745236634,-0.37124847596203653,-0.32323629959598055,-0.27936791272541817,-0.07559706428451896,-0.15650136665365091,-0.34208416673971426,-0.29857915833260285,-0.11701105276159664,-0.08163902812198678,0.02496792547553969,-0.2028289332132697
#102,0.06860043509789703,0.05443983137964284,-0.0012463243790292377,-0.03631872116281108,-0.15741459410785008,-0.19602036831913555,0.12177003562065201,-0.336268517559308,0.01266405820430476,-0.13116846894946968,-0.08932735140131805,-0.1183306903393923,-0.14343249209094025,-0.27065320466335696,0.5362956115675478,1.0,0.14894054458956563,0.04474814525575947,-0.15352580704284838,0.29788746423989354,0.5120895058531026,0.7599598371171975,0.32367617878857907,0.5704962187920853,-0.025920997059503223,0.4475818597646009,-0.18837667046514037,-0.07591581732263386,-0.16586314338308536,-0.3719242324028401,-0.20736957024121636,-0.202760401310075,-0.1073416793503813,-0.229618532301636,-0.28189721808285984,-0.13583023213190001,-0.14119643952856425,-0.09045892468662592,-0.4350819593749253,-0.28440899202320524,-0.39872817537792155,-0.2780992756337209,0.21356134800659818,0.16852473125134473,-0.2450716795894461,0.21663731482440693,-0.38818223111189026,-0.31939851301707717,-0.24860983831252143,-0.25535465259903256,-0.3627441449051311,-0.18386472121062403,-0.25086182852680317,0.0542549546175362,0.3247535640574074,0.08529353170397405,-0.10584672760162245,0.20132441887336738,-0.43215740025022115,-0.38845157742909736,-0.08174581038975527,-0.18178645140211494,-0.2831499175226514,0.14916845301181778,0.14034696268198807,-0.1267473643108161,-0.16743778339137294,0.168883328419224,0.404483261481086,0.40074110081361713,0.14303245702810605,0.21563483651953558,-0.04421264015172645,-0.13255504466526946,-0.1618914805281738,-0.0564400066938138,-0.09932185291141056,-0.06077186048179522,0.22629393811409765,0.641217955358637,-0.015056299755357043,0.03066244850146228,0.18649124624469077,-0.061664368988516925,-0.09754161719353888,-0.13038433647570705,0.018627927547434437,-0.01335893982739523,-0.2339201045509965,-0.005160611687080143,-0.20006056307724182,-0.14735952952051573,-0.2954107531337408,0.052069902541258595,-0.1749651363864562,0.13136290830271977,0.20751300910836806,-0.38509510793774754,-0.3085593159559802,-0.20927571340914344,-0.38830335726637394,-0.19626421439329345,-0.25358876076787606,-0.23778179760775844,-0.12503247296575795,-0.2635689183912534,-0.2741722382041454,-0.11840240977296815,-0.1823123939150045,-0.03854999242961534,-0.1776681621496705
#201,0.42458860936018294,0.1510586585278391,0.5335798356828089,0.4520125269943979,-0.0010056658352524922,0.1644383173027118,0.10123915243567165,0.16812310242331996,-0.0979209333088956,0.4352939301452717,0.37728565850393264,0.021517423837945956,0.24789264397676292,-0.24105857883957957,-0.046695726318641474,0.14894054458956563,1.0,0.4679326474830463,0.13591310792180988,-0.2204017882045438,-0.07861246802508587,0.1149216265967535,0.03992381802389054,-0.060908924288184625,0.01184486289634948,-0.08875040840233009,0.08400895696037103,-0.023495286439448877,-0.1635585589175147,0.03195499207101818,-0.003378782204017882,-0.15072556160300904,0.06711504594028161,0.27642582218361766,-0.2125174318067719,-0.10639657659237065,-0.29676385978053854,-0.03613703193108559,-0.27162062013403565,-0.007207006191777766,-0.13408505924822095,-0.044808708333001296,-0.1265640813139,-0.26246603287937587,0.1446405661053957,-0.3268158962140108,0.2211333264270175,-0.06715010877447426,0.1963662153654902,-0.1439409031867335,-0.09180406250747078,-0.03151511287841962,0.07837499701169026,0.15833897791838328,0.00941755851110456,0.09011945270103355,-0.12331917538589039,-0.39791535513072857,0.056957980380750506,-0.09662042091338684,0.05121723816430125,-0.08092820884699058,-0.20997378256261506,-0.1423742320043988,0.32997792635211054,0.2546008016638909,-0.1472639036090813,-0.179134426124999,-0.013896038696618826,0.052222903999553746,0.44439114185307077,0.46970491437496514,-0.10820231255329152,-0.08287100861430086,-0.1998438110113237,-0.016549657738925323,-0.054076452916191856,-0.09295954227063727,-0.3252922566918216,-0.12085521440126226,0.2873208010263848,0.16171297882682945,0.11836575317358494,0.08685542159073703,-0.26939891145837486,-0.1637386543840496,0.05117898779972747,0.14312170787877823,-0.09189809465371467,-0.03478233151909729,-0.14596020368319135,-0.24242762313828303,0.02434157575564392,0.10725561603009029,0.2336890085983632,0.5457992333989433,-0.021817051693773955,0.3129517328212035,0.3156961964793727,0.21498298655659062,0.10728589756871121,0.1912024161480289,-0.14323167767692785,0.0895616348843325,0.15574114065774688,0.29779343209364967,0.17179035612683183,-0.0812883997800604,-0.3853357664815243,-0.024339981990453348,-0.13674505335128975
