,#10,#11,#12,#13,#17,#18,#26,#49,#50,#51,#52,#53,#54,#58,#101,#102,#201,#202,#301,#302,#401,#402,#501,#502,#601,#602,#701,#702,#801,#802,#901,#902,#1001,#1002,#1101,#1102,#1201,#1202,#1301,#1302,#1401,#1402,#1501,#1502,#1601,#1602,#1701,#1702,#1801,#1802,#1901,#1902,#2001,#2002,#2101,#2102,#2201,#2202,#2301,#2302,#2401,#2402,#2501,#2502,#2601,#2602,#2701,#2702,#2801,#2802,#2901,#2902,#3001,#3002,#3101,#3102,#3201,#3202,#3301,#3302,#3401,#3402,#3455,#3501,#3502,#3601,#3602,#3701,#3702,#3801,#3802,#3901,#3902,#4001,#4002,#4101,#4102,#4201,#4202,#4301,#4302,#4401,#4402,#4501,#4502,#4601,#4602,#4701,#4702,#4801,#4802
#10,1.0,0.35912311039214595,0.24950553434962428,0.598812644933022,0.013137406465905378,0.3065192965120449,0.41311987504880904,0.35407884356397773,-0.09700451832431528,0.45488130433743196,0.3358700762616644,-0.07374989042864315,0.3410577819569843,-0.16287961494632996,-0.16975830550884938,-0.11128943572743427,0.03372885272812756,0.14569882619193714,0.2518085250500044,-0.022339806676282385,-0.14260851548741324,-0.13273673389699495,-0.07407023723194861,-0.23664384926168827,0.021460048291085273,-0.04357354031030608,0.08633585413860975,0.21143367147718126,0.060953549713520704,0.052646845540246553,-0.12662942568671356,-0.011404983703750926,-0.12274382615209302,0.060614077727928345,-0.11609623154220688,-0.0978205261018894,-0.048174740415494584,-0.10672011092605727,-0.23414323167767692,0.18096088103339736,0.10075624158292759,0.25404457761238036,0.10618460582202424,0.18126050888922535,0.16543920184239255,-0.309099602355585,0.011977145407167163,0.1045015897807776,-0.1272143375116544,0.0065981878889783165,0.06282303628206456,0.032606842033963135,0.13757699878076962,0.1348691917219836,-0.04197977511973161,0.10891631935866888,-0.38759572552175886,-0.4430013786068899,0.07164612037708484,0.0078078556686243415,-0.04156539617018225,-0.17637083728454286,-0.1997370287435552,-0.12566838527679716,0.4021850520762776,0.4646813664942744,-0.4144777629911785,-0.12768768577325504,-0.04899234195825929,-0.03226896381356135,0.08052498625377523,-0.0023555849516690708,-0.16695009124305715,-0.1236060531201938,-0.2758281602371523,-0.31855062993569155,-0.22424116854863774,-0.14403334156778683,-0.19707703464048643,0.03918271721027341,-0.07477468144618253,-0.02806461124082589,0.08129158731044155,-0.0955605670616548,-0.2723330331742224,0.022711153965686237,-0.06696363824717705,0.15000199220648822,-0.0173003211436859,-0.12564447879893856,0.06827530699901983,0.10772737052650033,-0.01378288136808804,0.22198120950840314,0.16141494473619203,0.05346444708301126,0.19499557730159617,0.09673198447672704,0.2848169959119923,0.07535321821036106,0.09962626206281029,-0.12717289961669948,0.024931268876156477,-0.18971543322522294,0.05196790156906183,0.08096805297675494,0.1316720987496912,-0.2425312178756704,-0.21301149901584998,0.027841484114145464,-0.09811218513176453
#11,0.35912311039214595,1.0,0.193943692275817,0.17144610284566775,-0.017533010861509775,0.27416905067376424,0.5418849460908924,0.34398074731649786,0.203595534269936,0.5783566687119986,0.3577636286845859,0.09042067432205213,0.17865789033301724,-0.010190534628533178,-0.09751771071568026,-0.03412251273019946,0.056231223453848546,0.1658997999824686,0.445989688339217,0.03320769151080971,-0.19442182183298934,-0.17476910326801554,0.028783399341774978,-0.1784236068500028,-0.13941939134107373,-0.12416705846727602,-0.13912135725043628,-0.12433281004709576,0.17501613687255457,0.15223326347329247,-0.10092039939755676,-0.10233885041716805,-0.07939341296846736,-0.002757213779693838,-0.07020535664480552,0.08780689940951,-0.006505749507924997,-0.13317501932440293,-0.2462319406481843,-0.09006367091936344,0.12699439791535513,0.17881886061726526,0.011094199491588904,0.12566201021603488,0.18717178398106607,-0.05627106758361291,0.14096215604554982,-0.11798006199746591,-0.18769772649395564,-0.18251002079863574,0.008725864418395238,-0.09023261002956434,-0.02293746862274781,0.021332547075839318,-0.16949214672202345,-0.17444556893432892,-0.44701288559156577,-0.4338818541864227,0.20992278207651666,0.1193172309923579,0.011849644191921204,-0.03523814836360159,-0.06620341225127302,0.13306186199587214,0.1437337137119588,0.49970913785272014,-0.3075934942504921,0.013422690435018208,0.16790156906183012,0.03211277482488505,0.18639721409844687,0.07435711496625202,-0.17852720158739013,-0.2650351823665819,-0.25421511048777184,-0.323942337575405,-0.1971471603088717,-0.3140737435153679,0.023523974212879217,0.12745499605543115,-0.14164269378192512,0.048388304951031566,-0.009259775757237685,0.01231502362756895,-0.035625433304911185,0.01735610292535601,0.08914088087402083,0.1156212895154157,-0.03509789702683104,-0.1513821928615257,-0.059597255536341834,-0.12087274581835858,0.026458095928726822,0.21258277617958546,0.13534253998358423,0.3001681422276056,0.19302887105642727,0.1459761413350971,0.07891209588091387,0.01775295045780905,-0.03613862569627617,-0.14607973607248445,-0.21116591892516476,0.05881312306257919,0.01539736550613998,-0.05134155184916606,-0.000933946401676641,0.011298201435982437,-0.3190542597359131,0.06648391492481413,0.05475858441775773
#12,0.24950553434962428,0.193943692275817,1.0,0.3408649363689248,-0.09366079895449003,0.09691526747364311,0.2519200886133446,0.08278175776362869,-0.3085099092350724,0.40016575157981976,0.03085210655914064,-0.34355043071504276,-0.13820016097028426,-0.24559921586752623,-0.32745180852505,0.20279865167464878,0.5075058371650105,0.5700627146602492,0.20992596960689783,0.2335455697312115,-0.44507486711982724,-0.05351863509949079,-0.25402704619528405,-0.21813386033835636,-0.29789862059622757,0.016197435631808366,0.23271203053654105,0.18789057208201515,0.02042888221278359,-0.14082987353473214,0.3284590681254931,-0.06631656957980381,0.30982954681286806,-0.06550056180222968,0.0012080740144554502,-0.3817115444381579,-0.19370303373204026,-0.3916662018184861,-0.4686992485397126,-0.4341639506251544,0.04570281060491358,0.1606419686187634,-0.13668449027404792,0.21314378152666769,-0.07663619918877351,-0.47617241351831635,0.13715305724007681,0.22049263282040657,0.17401206480249265,0.4118894883216856,0.43054450987735976,0.4179139207420571,0.38926439767629034,0.3774673477356581,-0.08595175672768131,-0.06312266413789257,-0.2403764473380137,-0.2800771382352238,0.14683518077281674,0.2123931181219071,-0.23181792826462877,-0.2863980109810422,-0.4532413199563308,-0.37475954067687206,0.5290328235940999,0.40592083768298415,-0.6874419271808685,-0.20212448899903576,-0.1983823283315669,-0.04124664313206735,0.15624477045796842,0.3265226434189451,-0.3004311134840504,0.01082166564400067,-0.4397102534883536,-0.22080660456294973,-0.17632302432882563,-0.062246093283076606,-0.21383706938456756,-0.01154204751014033,-0.005664241487301676,-0.06557387500099611,-0.22747810565069448,-0.016956067862521816,-0.20706675485500722,-0.3534811816175123,-0.19677103172389612,0.10224322450573357,-0.2912653698730566,-0.21468176493557203,-0.10406011682298846,-0.2783303715863542,0.03450820390631848,-0.16662177561379882,0.022779685868880937,0.5297324865127621,-0.30600291659029877,0.7063583262277968,0.5946529177856227,0.4656424069041908,0.6600355409637498,0.36415462709878954,0.2881495589254835,0.33200838320490245,0.46979257146044673,0.5194893576329399,0.543759213955008,-0.15594036130656871,-0.13585095107937747,-0.2921084716588705,-0.20705081720310148
#13,0.598812644933022,0.17144610284566775,0.3408649363689248,1.0,0.048901497342396544,0.4044338547601782,0.285057654455769,0.11176437775422547,-0.12986955031915148,0.3623154220688666,0.14966092645570528,-0.022596402871964873,0.21737044681207118,-0.15233207691510808,-0.006717720278271402,-0.030246475786722342,0.3749683239168373,0.12417821482361004,0.1805767836224689,-0.043603821848927,-0.08044848552462766,-0.08943732119946768,-0.10153718652630908,-0.22736335455697312,0.019134744878037117,-0.027215134394249694,-0.05829993067121421,0.22102654415924902,0.08298097841245049,0.05348516603048873,-0.18866036066906264,-0.07163337025556024,-0.2653220601008853,-0.051438771525791106,-0.05441911243216537,-0.07157280717831842,-0.15949764521193094,-0.20015140769310458,-0.3866522165289388,-0.040631449768505606,0.05979169488959191,0.2372654176860123,0.15661133645180056,0.2960275402624931,-0.014071352867582019,-0.3510714086493637,-0.1318346627991298,0.32875710221613047,-0.1925905856290193,0.0890484424929675,0.02238602586680904,0.06318960227589669,-0.035979249177218724,0.037018384081473274,-0.19999681246961884,-0.014004414729577891,-0.37418737897345583,-0.363190399158492,0.09860306481046148,0.004274478241120735,-0.038301365059885725,-0.06271784777948665,-0.0904477683302919,-0.16028974651164643,0.4215461116113763,0.3177234658017834,-0.32833634820581886,-0.026121811473515607,0.02809011148387508,-0.07904278462654098,0.0629887878618843,0.030627385667269642,-0.2408242953565651,-0.09341057781956984,-0.25951756727681313,-0.218168923172549,-0.1675413781287603,-0.08452055558654543,0.04464136298799098,0.1386591653451697,0.09729139605861868,0.01854345799233399,0.052629314123150236,-0.0324219652718565,-0.2017419853532979,-0.14846560256277444,-0.05010638382647085,0.25670775924583034,-0.029417717887623616,-0.039224155105228344,0.13371052442843595,0.09079839667221828,-0.008115452350405214,0.1421240108694786,0.1874554741849883,0.1154396002836902,0.06966666401039134,0.05205874618492457,0.27967550940719904,0.13501581811951646,0.2193180278749532,-0.11665564312409853,0.09679732884954059,-0.1966467180390313,0.10723649084780339,0.010467849771693136,0.12220513351767884,-0.18297221270390232,-0.013744631003514252,0.06027938703790771,-0.023366191459012343
#17,0.013137406465905378,-0.017533010861509775,-0.09366079895449003,0.048901497342396544,1.0,0.17409812812278366,0.020271099458916718,0.06522962171983201,0.045506777486472916,-0.06954235032552654,-0.027009538684665588,0.41067344548127727,0.1137167401126792,0.00011315732853078756,-0.06115914542310481,-0.24881384025691494,-0.08294910310863901,-0.19500832742312074,0.017128194503103857,-0.23214305636350596,-0.06572209516371953,-0.10637745141008376,-0.13293914207619792,0.04287387739164389,-0.017741794101475028,-0.11943995091203213,-0.09778068197212504,-0.043468351807728164,0.026544159249017842,0.047019260652328095,-0.01275330905497693,0.12017467666488696,-0.1483428826431002,0.0011315732853078755,0.10567141343065926,0.15168978954330659,0.12603335750543873,-0.0434476328602507,-0.15932870610173003,0.011765174636820757,-0.002680713050546263,0.11802149989242085,0.057303827427105165,0.2338149160484186,0.00764688538437632,0.031854584864011985,0.11370717752153575,0.07620428882212783,-0.09859350221931802,-0.05011435265242372,-0.13142028384958043,-0.03106567109467762,-0.030668823562224577,-0.053152069105658666,-0.03549315079409351,-0.06962363235024584,-0.08064292487787775,-0.12656248754870944,0.14289220569133548,0.036817569667460893,0.25769270613360534,0.26854146578584576,0.07870171887575804,0.17530460837204856,-0.1662169592553929,-0.09616779159926368,0.040919921267999586,0.13719608890022233,-0.06508140155710859,-0.056192973089274754,-0.28329016885942193,-0.3605176549338986,0.08699248539712644,-0.25723688928910105,0.11178190917132179,0.09065017650949486,0.16488297779088207,0.003759692084565181,-0.02072372877303987,0.03620078253870857,0.04578090509925173,0.2854895648224147,-0.056957980380750506,0.15440237789766434,0.09542031572488426,0.2547984285475221,0.28913928710883025,-0.08109396042681032,0.10786602809808031,0.13269210847165888,0.15443903449704754,0.172692427224697,0.15080365609734717,0.34951111252779127,0.1105387723226737,-0.1352995083234387,-0.05213524691407215,-0.09833849978882611,-0.09799424650766203,-0.07372120265521281,-0.12510100486895265,-0.22982253424602953,0.018350612404274477,-0.18855198463610356,-0.16744256468694468,-0.11111252779128052,-0.05528771446102845,0.16561451601335575,0.09978245105148659,0.19540995625114552,0.22290878084931748
#18,0.3065192965120449,0.27416905067376424,0.09691526747364311,0.4044338547601782,0.17409812812278366,1.0,0.3920088613344596,0.3208042139151639,0.18253233351130377,0.41057303827427105,0.3810899760138339,0.2989823809258182,0.32547713345392826,0.20503311047183417,-0.26623847508546566,-0.3420937293308577,0.01959853054849429,-0.026684410585788396,0.2747125246037501,-0.15539529361139223,-0.20289268382089268,-0.37449019435966496,-0.06626875662408657,-0.040021037700515585,-0.1275824972706771,-0.24939397078628406,-0.08227334666783542,0.0803958912733387,0.20340428244706707,0.42565005697710556,0.038706181418291644,0.006571093880738551,-0.025791902079066693,0.13727737092494163,0.19203436157750878,0.43916040449760535,0.12344827036632693,0.042282590505940756,-0.20446254253360852,0.07703623425160772,0.22908621472798413,0.34134625345647823,0.40811863988078634,0.36143725744886007,0.2313732677764585,-0.1042449935850951,0.015419678218808023,0.17200073313198766,-0.13155734765596985,0.10604594825044426,0.06089458040146945,0.15847444795958213,-0.016202216927380088,0.03686219509279698,-0.07656926105076939,-0.08173943532899298,-0.32273107603056844,-0.46503040107101024,-0.018275705440317477,0.18785550924782252,0.12900572958586012,0.061280271577588474,0.10767158874483022,-0.12715536819960316,0.23220680697112894,0.34339264796117586,-0.07205731179625306,-0.01151654726709114,-0.10786124680250858,-0.20941277721553284,-0.052326498736941084,-0.12599510714086493,-0.1850648263991266,0.02068547840846608,-0.1370797440413104,-0.20888683470264327,-0.12542453920263927,-0.23648925403820256,-0.06735889201443951,-0.05351226003872849,-0.034761612571619825,0.38623943134458,0.11303460861111332,0.2746551490568894,0.060239542908143345,-0.06035907529743643,-0.007489102630509447,0.34419909314760655,0.014332730358836233,-0.02415191769796556,0.35485181968140633,0.13113021858489587,0.3141231502362757,0.11479093785112639,0.22139151638789056,-0.04226346532365387,0.028813680880395893,0.03921140498370375,0.1832734343249209,0.06283100510801744,0.1721107029301373,-0.11014351855541123,0.13300767397939262,0.1220266318163345,0.12816262780004622,0.12841125516977583,0.16582808054889273,0.052246810477412364,-0.1088780689940951,0.04284359585302298,-0.05014782172142578
#26,0.41311987504880904,0.5418849460908924,0.2519200886133446,0.285057654455769,0.020271099458916718,0.3920088613344596,1.0,0.46510212050458605,0.018718772163297183,0.6074476647355546,0.39240092757134093,0.2868490465299747,0.41678553498713033,0.0470001354700412,-0.24495692849572473,-0.21845101961128066,0.11483237574608134,0.26526787208440583,0.2933898588720924,-0.10222569308863726,-0.22521495908007874,-0.2680904302369132,-0.04513702396225964,-0.12949182796898534,-0.18747778689765637,-0.17478822845030242,-0.08070030042473843,-0.24929675110965901,0.2703201077385269,0.18167010654320298,-0.056083003291125116,0.09197778291324339,-0.020961199786435465,0.21952521734972785,0.22269999760935222,0.1100080485142124,0.07257050418761804,-0.03367785224202918,-0.07370526500330707,0.09915132003601909,0.1743786307963248,0.18458829060714485,0.06665604156539617,0.23267378017196727,0.22348572384830542,-0.29352373514810065,0.2306927300400832,-0.1572711552406984,-0.09757030496696921,-0.0371044474017643,0.05992557116560017,0.0027699639012184335,0.07468224306512922,0.1426292344348907,0.021796332746296488,0.10539250452230872,-0.20283212074365084,-0.43881136992086955,0.3256906979894652,0.2282319565858362,0.11503637769047487,-0.13067440174039158,0.01808764114782969,-0.1484990716317765,0.18021181139382736,0.43168405198862053,-0.2520826526627832,-0.06856218473332323,-0.013057718206376655,-0.1821450485699942,0.07159511989098646,-0.049048123739929395,-0.03628684585899959,-0.1410944385563675,-0.07261512961295412,-0.12690036576911123,-0.08164859071313023,-0.08429424092948386,-0.1898493095012312,-0.011083043135254883,-0.11999458119835205,0.23405876212257648,0.07871287523209206,0.08424324044338548,-0.03323000422347776,-0.10506578265824096,-0.07670791862234937,0.10911075871191897,-0.029432061774338786,-0.10223366191459013,0.044810302098191875,-0.0026153686777327097,0.050853859700850275,-0.001217636605598897,0.15442628437552294,0.15174716509016725,0.07934241248236898,0.03924487405270582,0.12841444270015698,-0.07079186223493693,-0.0682338691040649,-0.16314258620277475,0.09386639466407415,0.00035222210711695844,0.11971567229000152,-0.00549848990748193,0.07832718405597304,0.08692076596355058,-0.18197132816422157,-0.09650726358485605,-0.08992023205221175
#49,0.35407884356397773,0.34398074731649786,0.08278175776362869,0.11176437775422547,0.06522962171983201,0.3208042139151639,0.46510212050458605,1.0,0.060985425017332194,0.5086119102072691,0.383789814246667,0.2522643418945087,0.5668528715664322,0.27312513447393794,-0.256090972117078,-0.330373180119373,0.11642932846703695,-0.05902828136330674,0.11688036401596953,-0.290342579827714,-0.2150148618604021,-0.4542836423909665,-0.09700292455912471,-0.26349082389691525,0.15441353425399837,-0.43761445226274814,-0.05334491469371817,-0.21182255018368143,0.15910876650543077,0.07984922981297166,-0.12062252468343838,-0.0019348309413574098,0.07543928153065209,0.13754512347695813,0.14729577891289275,0.13812525400632725,0.1936615958370853,-0.035749746989775996,0.06264134705033908,0.0735777637880611,0.14283483014447482,-0.03546924431623489,-0.11617751356692618,-0.22798970427686888,0.11732980579971153,-0.3090422268087243,0.22139470391827173,-0.11271266804261729,-0.15095187626007062,-0.06036226282781758,0.17541617193538875,0.08823084095020281,0.19932105602881528,-0.13341727163337025,0.24784323725585508,-0.22321319000071718,-0.199925093036043,-0.5109021507861247,0.13381252540063274,0.019195307955278948,0.1768298416594283,0.1862697128832009,0.09422180430157225,-0.08493174700571365,0.07407501852752034,0.2617679637259043,0.02527074086174884,-0.0315788634860426,0.02709241447457546,-0.03777542254699615,0.15967933444365642,-0.02327215931276845,0.0017387978229167498,-0.05997179035612683,-0.0018121110216831754,-0.04659691287682586,0.02749085577221908,-0.05356644805520803,-0.04424451545553794,-0.036621536549020235,0.2451258676059256,0.0688394998764832,-0.026705129533265863,0.2562551299317072,0.06204368510387365,0.1281642215652368,0.00965343575930958,0.253502697447585,0.12589310616866817,-0.00043828542740798,-0.024696985393142027,0.16334977567754944,-0.033915323255424776,0.04678975846488537,0.0051382989744121,0.06178708890819116,0.06918215939245671,0.042402122895233846,0.03288734470750424,-0.11326889209412777,-0.04718501223214784,0.059597255536341834,-0.17278805313613146,-0.04060913705583756,0.01632334308186375,-0.03181155320386647,-0.0902102973168963,0.13641992525241256,-0.03125373538716541,-0.03240124632437903,-0.06270669142315263
#50,-0.09700451832431528,0.203595534269936,-0.3085099092350724,-0.12986955031915148,0.045506777486472916,0.18253233351130377,0.018718772163297183,0.060985425017332194,1.0,0.13343639681565714,0.3357489501071807,0.2792292551538382,0.13046243097004517,0.0367171624604547,0.08311644845364932,-0.14770856409725155,-0.07841324737626405,-0.1551721664847118,-0.029175465578656298,-0.1151590976101491,-0.038443210161846854,-0.11856975511797847,0.12420690259704038,0.1943246021563643,0.12208719489357633,0.003742160667468862,-0.2840057694299899,-0.053437353074771494,-0.13099634230888763,-0.09271569619647937,-0.278979034018918,-0.09340101522842639,-0.1671732183697376,0.004556574679852417,-0.24612037708484408,0.17638358740606747,-0.22088788658766903,0.06223015563117086,0.08627210353098679,-0.028279769541553444,-0.10760146307644494,-0.32216847691829564,0.025457211389046053,-0.2291324339185108,0.30833140753372806,0.4387890572082015,-0.19873614420387445,-0.07342635609495653,-0.31431918335471637,-0.12232307214178136,-0.06409007960857127,-0.05700419957127716,-0.23271840559730336,-0.232240276040131,-0.34704077648240084,-0.4145526699551355,-0.15973989752089823,-0.016919411263138603,0.21912677605208425,0.0018742678641155799,0.2993505406848409,0.2883679047565922,-0.001517264461426898,0.2196543123301644,-0.09761652415749587,-0.02445154555379356,0.31750352620548417,0.2556845619934815,0.2030042473842329,0.09014335917889217,0.1655682968228291,0.02743826152093012,0.0026950569372614333,-0.1552040417885233,-0.1407820605790149,-0.032933563898030906,-0.02531855381746607,-0.13862569627616764,0.4384400226314657,0.2687709679732885,0.05292894197897824,-0.010338754791256604,0.13175178700921994,0.3393460781423073,0.10722852202185051,0.3534811816175123,0.2884507805465021,0.03344197499382416,-0.1211086230665636,-0.1869327192024799,-0.0403509470949645,-0.09275713409143431,0.0791910047892644,0.4830574791415981,0.18219764282128315,0.048061583086963795,0.2397899417478823,-0.15925061160739187,-0.22509064539521392,-0.09497246770633283,-0.16516507422961374,-0.043387069783008866,-0.26811274294958126,0.15003067997991856,0.01996190901194527,-0.034790300345050165,-0.13972380049247343,0.20762138514132714,-0.07933922495198782,0.5418610396130338,0.4867884834527329
#51,0.45488130433743196,0.5783566687119986,0.40016575157981976,0.3623154220688666,-0.06954235032552654,0.41057303827427105,0.6074476647355546,0.5086119102072691,0.13343639681565714,1.0,0.4862577596442716,0.057536517144929036,0.5282534724159089,-0.05882746694929436,-0.3865964347472687,-0.27567834630923826,0.40442429216903475,0.24374566695088812,0.3149407517790404,-0.05920040800388879,-0.3942608515487413,-0.37093131668911217,-0.14398871614245073,-0.30627863796826815,-0.11046864665428842,-0.30690339392297333,-0.024846799321056028,0.012887185330985186,0.3996812469618851,0.20137223182908462,0.03363482058188367,0.015413303158045726,0.09247025635713091,0.2264533146331551,0.19132991736327487,0.12906469889791136,0.06290113077640272,-0.03653706699391979,-0.09548087880212608,0.04064101235964905,0.2844456486225884,0.1942879455569811,-0.01583086963797624,0.015332021133326428,0.22959143829339623,-0.2344317031771709,0.25093195419518843,0.0864521989975217,0.005632366183490186,0.10751539975615393,0.23006000525942513,0.1618771366414586,0.1605112798731363,0.012896747922128632,-0.10747236809600841,-0.10891472559347831,-0.3641259393253592,-0.5381236602411367,0.38587764664631957,0.32866147630469605,-0.017520260739985177,-0.12414793328498912,-0.016763222274462305,-0.14380065184996293,0.41353266023316787,0.36479213317501935,-0.3139303046482162,-0.07813274470272295,-0.08696061009331495,-0.18428388145574512,0.1529377076875264,0.07951453912295102,-0.32358374040752574,-0.1535114631561332,-0.4009658217054881,-0.28822127835905936,-0.2702005753492338,-0.20505542318450223,-0.06571890763333837,-0.04322450573357027,-0.008306704173274152,0.04978763078835595,-0.15655555467013044,0.06843627728326786,-0.22088151152690674,-0.12253982420769947,-0.021050450637107636,0.28638047956394586,0.01112448103020982,-0.18867470455577778,0.10847006510530803,-0.08780849317470057,0.06934472344189531,0.1381459729538047,0.21312465634438077,0.2924080995146985,-0.03730526181577668,0.22269202878339933,0.2217517073209604,0.2427431886460168,0.23163942656328443,0.15801863111507783,0.03523017953764872,0.11610101283777861,0.15053749731052124,0.1623648287897744,0.16532604451386176,-0.05504864968244229,-0.26424148730167585,-0.027846265409717186,0.03817545760983034
#52,0.3358700762616644,0.3577636286845859,0.03085210655914064,0.14966092645570528,-0.027009538684665588,0.3810899760138339,0.39240092757134093,0.383789814246667,0.3357489501071807,0.4862577596442716,1.0,0.2967670473109197,0.43647331638629683,-0.012568432292870291,-0.28264628772242983,-0.2521766848090271,0.05606228434364765,0.14098925005378957,0.07358573261401398,-0.29830503071982406,-0.11618388862768848,-0.1736534676346134,0.07513009108368064,-0.2370661970371905,0.06011044792770681,-0.19987090501956348,-0.24411223294472026,-0.11308879662759286,0.102990700380113,0.0021802707807058786,-0.16888173465403342,0.10705639538126847,-0.01873949111077465,0.22059782132298447,-0.05350269744758505,0.1070548016160779,0.02295181250946298,-0.10672011092605727,0.06827530699901983,0.2122608356110894,0.06669907322554168,0.09282885352501016,0.04191443074691806,0.05132242666687917,0.2556208113858585,-0.06002119707703464,-0.1029843253193507,-0.04217899576855342,-0.36886260947174654,-0.05659778944768067,-0.07290838240801982,-0.030990764130720622,0.011809800062156843,0.018669365442389372,0.09073942736016703,0.04441345456573883,-0.1777924758345353,-0.3449625066738917,0.27966754058124615,0.20625074707743307,0.26769995776522243,0.09357951692977073,-0.024948800293252794,-0.10617026193530907,-0.03957478344715473,0.21599821498298655,0.025589493899863733,0.057716612611463956,-0.15674361896261824,-0.14814684952465954,-0.12180828598522579,-0.16073121946943555,-0.08570950441871399,-0.10172684458398744,-0.0627146602491055,-0.13916279514539123,0.047455952314545496,0.037523607646885386,-0.1017603136529895,0.07649116655643125,0.18046043876355697,0.16793185060045104,-0.02564208815115269,0.34638573898907477,-0.045333057080700304,0.16338165098136093,0.02973647092573851,0.03416554439034497,-0.01506586234650049,-0.12644773645498808,0.22506514515216472,-0.08682195252173497,0.028455083712516635,0.24884571556072643,0.2568751045908406,0.11881678872251751,0.2675947692626445,-0.03657053606292185,0.029036808007076316,-0.22069504099960952,-0.08322004319103667,-0.03749970116902677,-0.11384105379754401,0.06699232602060738,0.2174565101323622,-0.013457753269210847,0.12222903999553746,0.2097203738973137,-0.22215971120974748,0.203809098805473,0.30671532963048553
#53,-0.07374989042864315,0.09042067432205213,-0.34355043071504276,-0.022596402871964873,0.41067344548127727,0.2989823809258182,0.2868490465299747,0.2522643418945087,0.2792292551538382,0.057536517144929036,0.2967670473109197,1.0,0.424311294217023,0.268439464813649,-0.07233303317422245,-0.45319031947023247,-0.0330897528867072,-0.09054498800691695,-0.06450923985369235,-0.5025205396488935,-0.08244866083879862,-0.3481803185936616,0.008709926766489493,-0.024716110575428923,-0.13037318011937302,-0.42186964594506293,-0.48933372646208034,-0.45209699654949836,0.21987584569165425,0.23083776267242548,-0.06562009419152276,0.28314672999227025,0.1464319581796014,0.40634477922367696,0.3653802325303413,0.42782395269704915,0.2703679206942441,0.34308186374901384,0.19190367283188167,0.2705320785088733,0.18372765740423463,0.0013100749866522166,0.11190144156061488,0.037783391372949025,-0.06256803385157265,0.012560463466917419,-0.13287379770338437,-0.32615607742511293,-0.34491150618779337,-0.2517638996246683,-0.1342524045932313,-0.08285347719720454,-0.1820143598243671,-0.13220601008853367,-0.017639793129278263,0.029755596108025403,-0.07272988070667548,-0.15819553905123157,0.09494696746328364,0.08466240068850656,0.5366366773183306,0.42500776960530406,0.48750886531887255,0.07781399166460805,-0.35760425216552844,-0.20391109977766975,0.3958864920431273,0.04996135119412857,0.021278359059359785,-0.08916638111707002,-0.17193379499398354,-0.34714915251535994,0.1329216106591016,-0.18350771780793534,0.27268047398576767,0.23623743913809178,0.2047255137900533,0.0716365577859414,0.09196184526133765,-0.04839468001179386,0.3249591597669915,0.42250555825610214,0.021933396552685894,0.4024336794460072,0.2286064914056212,0.303739770019683,0.32840009881344184,0.1576201898174342,0.2498912255257433,0.19498920224083385,0.13533297739244077,0.15381905983791408,0.12343870777518348,0.17913123859461785,0.07857421766051208,-0.3322394791575357,0.18008590394377197,-0.3751308879662759,-0.28076086350198026,-0.2739889552072293,-0.2836790475659221,-0.16454828710086142,0.012914279339224953,0.06425583118839101,0.08308297938464726,-0.07190431033795791,-0.09528643944887599,0.5024392576241742,0.058204304759779744,0.21113882491692498,0.29608172827897267
#54,0.3410577819569843,0.17865789033301724,-0.13820016097028426,0.21737044681207118,0.1137167401126792,0.32547713345392826,0.41678553498713033,0.5668528715664322,0.13046243097004517,0.5282534724159089,0.43647331638629683,0.424311294217023,1.0,0.3448652869972667,-0.1877885711098184,-0.4107069145502793,0.15881073241479332,-0.07498187092095722,0.1507590306720111,-0.23659603630597104,-0.15546063798420579,-0.23666297444397516,-0.1702444038919746,-0.14816438094175585,0.02952928145096383,-0.335519447919738,-0.21666440883264668,-0.15520563555371386,0.4140633840416291,0.25771661261146395,-0.1505900915618102,0.03210639976412275,0.01876499135382384,0.3023213190000717,0.31513678489748104,0.41240427447824113,0.2528492537194495,0.3440652168715983,0.09158571667636208,0.3916646080532955,0.19884292647164292,0.09984460789391898,-0.009710811306170263,-0.0001976268836312346,0.023181314696905705,-0.010748352445234243,0.10185593956442397,-0.1275824972706771,-0.19214433137565842,-0.1254611958020225,0.047229637657483926,0.020881511526906742,-0.046580975224920114,-0.23995569332770203,-0.004958203507877184,0.08437233542382201,-0.18491501247121261,-0.2672999227023883,0.1276589979998247,0.08411733299333009,0.27092095721537346,0.22190311501406498,0.2785726238953215,-0.07139430547697408,0.004057726175202607,-0.05274725274725275,0.24108567284781934,-0.004425885934225311,0.10558535011036824,-0.11474471866059974,0.09203675222529464,-0.10909482106001323,-0.10295085625034864,-0.051730430555666236,-0.09126696363824718,-0.10048689526572051,-0.007415789431743021,-0.13500306799799186,-0.009905250659420347,-0.08463371291507622,0.3479906605359832,0.10639976412275179,0.20007809449433814,0.25766879965574674,0.04770617344946569,0.21488098558439386,0.17285180374375445,0.3198527360963909,0.2266286288041183,0.18668409183275028,0.13950067336579303,0.21037859892102095,-0.017697168676138946,0.14118209564184908,0.09407358413884882,-0.20135151288160716,0.08302560383778658,-0.23307222146961087,-0.15693168325510604,-0.04203236937102057,-0.10641888930503869,-0.01588824518483692,-0.08619879033222036,-0.08737498904286431,-0.2105826008654145,-0.12461012519025572,-0.2392209675748472,0.22294224991831954,-0.036097187801321234,0.08366470367920695,0.04183155495700818
#58,-0.16287961494632996,-0.010190534628533178,-0.24559921586752623,-0.15233207691510808,0.00011315732853078756,0.20503311047183417,0.0470001354700412,0.27312513447393794,0.0367171624604547,-0.05882746694929436,-0.012568432292870291,0.268439464813649,0.3448652869972667,1.0,0.1224633234785519,-0.17500338675102997,-0.045216712221788365,-0.2948067161265131,0.02681350556622493,-0.13884244834208576,0.060148698292280596,-0.16211460765485422,0.059039437719640764,0.16546948338101347,0.048093458390775286,-0.33783040744607096,-0.05164755476575636,-0.22814111196997347,0.23301165839236906,0.23075169935213444,0.08286782108391971,-0.08858625058770091,0.06937500498051621,0.03669325598259608,0.24183474248738934,0.4068547840846608,0.29309182478145496,0.15283251918494847,0.11920566742901768,0.14235191929173074,0.026716285889599886,-0.06567587597319287,-0.06499852576719872,-0.09144227780921037,-0.13826072404752607,0.06059335878045088,0.10751539975615393,-0.1528883009666186,0.07265019244714677,-0.0847659954258939,0.08087402083051104,0.035837404075257595,-0.040801982643897075,-0.15092796978221198,0.07433639601877455,-0.23525886731107906,-0.0875375530923029,-0.1351496943955247,-0.285398720206552,-0.004731888850815609,0.10716317764903696,0.19510235956936464,0.39300974587414034,0.12150706436420722,-0.18188367107873996,-0.06064754679693041,0.5749300735522636,-0.008461299396759875,0.28190996820438446,0.11333901776251305,0.1826295531879288,0.05854218298018153,0.09960235558495167,0.09225669182159392,0.2601104479277068,0.12931651379802214,0.05685438564336316,-0.011677517551339162,0.11386974157097435,-0.05619137932408418,0.08895122281634246,0.136129859987728,0.1880866052004558,0.1380344093904645,0.34903935803138125,0.01019850345448605,-0.0776052084246428,0.38257695893663984,0.10271179147176246,0.1821817051693774,0.05635553713871335,0.0879503382766617,0.028818462175967615,-0.21681741029094184,-0.25766879965574674,-0.2028847149949398,-0.05201412075958849,-0.24514180525783136,-0.20905418004765358,0.06134880348078318,-0.0639880786363745,0.12121699909952267,-0.24422060897767933,-0.08397548789136897,-0.2593916598267577,-0.24573627967391565,-0.26332188478671437,0.17548789136896462,0.24044657300639896,-0.1538302161942481,-0.20192686211540453
#101,-0.16975830550884938,-0.09751771071568026,-0.32745180852505,-0.006717720278271402,-0.06115914542310481,-0.26623847508546566,-0.24495692849572473,-0.256090972117078,0.08311644845364932,-0.3865964347472687,-0.28264628772242983,-0.07233303317422245,-0.1877885711098184,0.1224633234785519,1.0,0.5400266158786826,-0.05511240029006526,-0.312107037270199,-0.11043039628971464,0.17739562830208225,0.6863900421550893,0.535433384599447,0.16883710922869732,0.257386703217015,0.3843269131158906,0.2890309110758712,-0.3780044466048817,-0.342410888603782,-0.11699511510969089,-0.317822279243599,-0.424236387253066,-0.4295946258237774,-0.49259935133756744,-0.5656017658918312,-0.273083696578983,-0.16411797049940632,-0.17433241160579813,-0.11561969575022511,-0.12957151622851407,-0.30055861469929634,-0.2894197897823714,-0.35666074317270835,-0.08653029349185984,-0.03462295500003985,-0.20581564918040626,0.2107132896110416,-0.4663851014829985,-0.36645124273840735,-0.3769143112145288,-0.5280972834272326,-0.5033078596530374,-0.5105786164524381,-0.5497167082373754,-0.34697224457920617,-0.18475722971734573,-0.30662129748424166,-0.06760433185378797,0.21616237279761571,-0.2521495908007873,-0.6171011004948641,0.21373984970794252,0.2868235462869255,-0.05955263011100575,0.284136458175617,-0.5070548016160779,-0.14422937468622749,0.28585134952067515,0.10080883583421654,0.6240515104909594,0.42620309349823493,0.31846297285020997,0.2880698706659548,0.31379642837220795,-0.007388695423503255,0.3151399724278622,0.23977400409597655,0.27316975989927406,0.0903170795846648,0.548167568472137,0.4457458422650591,-0.04842018025484306,-0.32220035222210713,0.23173186494433776,-0.11734893098199842,0.2756321271187116,0.27152180669222004,0.2520507773589717,-0.14559841898493095,-0.24098367187562256,0.0045629497406147156,-0.3677214735952952,-0.001399325837324387,-0.39938958793200996,0.1329152355983393,-0.24224115261098583,-0.07576440962952928,0.20369275394656106,-0.35206751189347274,-0.5689024536015109,-0.4163456557945318,-0.4901672656567508,-0.2514339902302194,-0.522335822263306,-0.24122114288901816,-0.4069743164739539,-0.5875893504609966,-0.6025850871391117,0.18443688291404028,0.17132975798675582,0.38561786292025596,-0.04782092454318705
#102,-0.11128943572743427,-0.03412251273019946,0.20279865167464878,-0.030246475786722342,-0.24881384025691494,-0.3420937293308577,-0.21845101961128066,-0.330373180119373,-0.14770856409725155,-0.27567834630923826,-0.2521766848090271,-0.45319031947023247,-0.4107069145502793,-0.17500338675102997,0.5400266158786826,1.0,0.1614595701615281,0.1811887894556495,-0.14654033421256046,0.5306791830359633,0.43753954529879113,0.8281012678402091,-0.0011586672935476416,0.1437289324163871,0.07164930790746599,0.5800954665349154,-0.16915586226681223,-0.1798898708253313,-0.41308959351018815,-0.5142984644072389,-0.19295874538804197,-0.5665867127796061,-0.2419239933380615,-0.5689821418610396,-0.4799384806636438,-0.5403533377427504,-0.4188622110304489,-0.38711759596458656,-0.4692698164779383,-0.5479683478233152,-0.4275259186064117,-0.26199427838296585,-0.23119476607511416,-0.04342850767796381,-0.3119890986460965,0.08055367402720558,-0.3996206838846433,-0.2685637784985138,-0.22666847293388265,-0.3510586585278391,-0.415194957326937,-0.40971878013212315,-0.39737985002669557,-0.08275306999019834,-0.258798779175864,-0.0776673652670752,-0.058201117229398594,0.3376662496314418,-0.20621568424324044,-0.6178708890819116,0.027194415446772226,0.03768935922670513,-0.5235885217030974,0.19616221342109666,-0.2875391468574935,0.020299787232347058,-0.14029914972627083,0.1550303213827507,0.4604562949740615,0.5350142243543259,0.3318585692769884,0.5174668696061009,0.3228633585413861,0.12623895321502282,0.16613248970029246,0.16811991489293882,0.32851166237678203,0.06405820430475978,0.28970347998629364,0.486619544342532,-0.09190606347966754,-0.47134171122568513,0.14216385499924297,-0.05874937245495621,0.2643817386384464,0.02597040378041103,0.062214217979265116,-0.43984891105993357,-0.49812334148809856,-0.13153662870849236,-0.5434675549251329,-0.2599176023396473,-0.48824040354134624,-0.03585493549235391,-0.3730366805058611,0.32770681095554194,0.09840225039644909,0.07412601901361872,-0.22149829865565906,-0.1389396680187108,-0.23259887320801026,-0.17473882172939462,-0.3788108917913124,0.036736287642741595,-0.11945748232912845,-0.24388751205284925,-0.21772426268437872,0.10941835539369985,0.14732924798189484,0.20205117580026935,-0.17245017491572967
#201,0.03372885272812756,0.056231223453848546,0.5075058371650105,0.3749683239168373,-0.08294910310863901,0.01959853054849429,0.11483237574608134,0.11642932846703695,-0.07841324737626405,0.40442429216903475,0.05606228434364765,-0.0330897528867072,0.15881073241479332,-0.045216712221788365,-0.05511240029006526,0.1614595701615281,1.0,0.4470367920694244,0.04753882810445537,0.10063830295882507,-0.19018240642606124,0.04788467515081003,-0.08125652447624891,-0.09759421144482783,0.006140777279283443,-0.09845325088254747,-0.08422092773071743,-0.10819912502291038,0.16778044290734645,-0.04275753253273195,0.21201380200655037,-0.1882380128935604,0.17522173258213866,0.03974372255735562,0.19064300456613728,-0.19995856210504506,-0.12207125724167059,-0.1339320577899258,-0.31498537720437647,-0.2858401931643411,0.0748639322968547,-0.03834120918965009,-0.05355369793368343,0.017886826733817307,-0.17707050020320506,-0.259237064603272,-0.01854345799233399,0.03919387356660743,-0.04278781407135287,0.06340316681143367,0.1477563770529688,0.10577978946361832,0.0612723027516356,-0.028294113428268614,-0.29055614436325095,-0.18186454589645307,-0.24121476782825585,-0.23627728326785616,0.19788029229653595,0.008987241909649451,0.04749101514873814,0.07044601518858226,-0.14258142147917346,-0.2611224888237216,0.14064340300743491,-0.06553721840161289,-0.11856975511797847,-0.10326482799289181,0.07844352891488497,0.12467706332825984,0.3033237973049431,0.3162922646606475,-0.1880499486010726,-0.13781287602897466,-0.263495605192487,-0.09476049693598643,-0.03886077664177737,-0.038734869191721984,0.2266605041079298,0.14972945835889998,0.2749802771557666,-0.005428364239096654,-0.19101753938592228,0.06110017611105356,-0.02651069018001578,-0.2601646359441863,0.03933731243375913,0.15925220537258244,-0.10527456589820622,-0.08259050594075974,-0.0997250755046259,-0.26477699240570884,-0.11381555355449481,-0.07634772768927954,-0.07240315884260771,0.42382678959908837,-0.062435751340754964,0.2810461474710931,0.17964443098598284,0.24906565515702572,0.23445879718541068,0.36708874881463716,0.06234809425527337,0.3061670744049279,0.2436835101084557,0.1655682968228291,0.09158571667636208,0.11000326721864068,0.05935022193180279,-0.08568081664528365,0.00862705097657962
