,#10,#11,#12,#13,#17,#18,#26,#49,#50,#51,#52,#53,#54,#58,#101,#102,#201,#202,#301,#302,#401,#402,#501,#502,#601,#602,#701,#702,#801,#802,#901,#902,#1001,#1002,#1101,#1102,#1201,#1202,#1301,#1302,#1401,#1402,#1501,#1502,#1601,#1602,#1701,#1702,#1801,#1802,#1901,#1902,#2001,#2002,#2101,#2102,#2201,#2202,#2301,#2302,#2401,#2402,#2501,#2502,#2601,#2602,#2701,#2702,#2801,#2802,#2901,#2902,#3001,#3002,#3101,#3102,#3201,#3202,#3301,#3302,#3401,#3402,#3455,#3501,#3502,#3601,#3602,#3701,#3702,#3801,#3802,#3901,#3902,#4001,#4002,#4101,#4102,#4201,#4202,#4301,#4302,#4401,#4402,#4501,#4502,#4601,#4602,#4701,#4702,#4801,#4802
#10,1.0,0.30545147383436,0.33788140793216936,0.40480360828439144,0.13630358039350063,0.11374383412091897,0.04252803034528923,0.537714062587159,0.19308465283809736,0.1995441831554957,0.33204982109985737,0.3458327024679454,0.09014654670927333,-0.1389587932009977,-0.30941357409812814,-0.12838575492672666,0.22229039995537458,0.1953924248340492,-0.17917108272438223,-0.12490815928089315,-0.32688602188239607,-0.18714787750320747,-0.15616826972882086,0.051669867478424406,-0.15468925563196775,0.01940568496043478,0.07629672720318116,0.08248212990780068,0.22860967893600237,0.13048952497828495,-0.17491732343073896,0.12460056259911227,0.21552008542581422,0.21526348923013172,0.03929268700842305,0.22210392942807736,-0.15149853772043764,0.06384145223884165,-0.0978269011626517,0.17537951533600554,-0.05719226386376495,0.11759277705615631,-0.004897640430635355,0.13956601773860658,-0.06015985464861462,-0.028126768083258293,0.3254229454374487,0.24180446094876842,0.06587828415239583,-0.2230187506474671,0.11509375323733555,-0.09583310090924305,-0.15662408657332516,-0.12321398688331248,-0.39426722660950364,-0.2604897640430635,-0.3744136936305174,-0.24083385794770856,-0.12950457809050991,-0.012791559419550718,0.11668273713233829,0.17106359919992986,0.20110447927706812,-0.029755596108025403,0.08522021850520763,0.18388544015810152,0.06956466303819459,-0.12161862792754743,-0.039142873080509046,0.11318282877383674,0.07080939365203325,0.06841396457059981,0.10517734622158117,0.22359091235088335,0.2570472312314227,0.0680027731514316,-0.11942401326012639,-0.1744838192989027,-0.10427846265409717,0.2279450788515328,0.001961924949597176,0.13982420769947965,,0.24664153830216196,0.25063870140012273,0.14571635760903345,-0.02896668233869104,-0.03912215413303158,-0.00010837603295906414,0.03951740790029405,0.16617074006486623,-0.34064021547705375,0.2332714421184327,-0.20731538222473683,-0.2445154555379356,0.04470670736080453,0.15698746503677613,0.1389077927148993,0.1578321605877806,-0.05191849484815402,-0.13953095490441395,0.20166229709376918,0.09200009562591144,0.13408824677860212,0.13822406744814286,0.135980046059814,-0.05767676848169959,0.04744479595821147,0.02084485492752353,-0.11020726916303421,-0.10296201260668265
#11,0.30545147383436,1.0,0.5541553442931253,0.34398074731649786,0.2520954027843078,0.11929013698411813,0.47967550940719905,0.26751508100311583,0.3618627927547434,0.3059885727035836,0.4464694116615799,0.2997983887033923,0.2774633633226817,0.1151080971240507,-0.21830598697893838,-0.020972356142769485,0.46606953597526474,0.42449617097912967,-0.20829395405174955,-0.12100980962474799,-0.3243391851078581,-0.23723194861701025,-0.16712699917921092,0.07920216114559842,-0.1923387707289085,-0.2686705607662823,0.17916948895919163,0.10601088541625163,0.11199387994166819,0.16781869327192026,0.15877407581541012,0.37612220991481327,0.163126648550869,0.10005817242945597,0.0100518770569532,-0.1589493899863733,-0.4624102510977058,-0.21857852082652662,-0.2995704802811402,-0.11455824813330252,0.42672584848074335,0.20207348851293738,0.13815553554494817,0.051089736949055296,-0.058087959900867805,-0.32661348803480783,0.23367307094645745,0.266042441967025,0.21724135183163465,-0.04608053295507973,-0.007968825952872363,0.0690578457075919,0.19459235470838082,0.057971615041955867,-0.31432396465028806,-0.3623457036074875,-0.4453808700364175,-0.48790093155575387,0.05333375833738415,0.05656432037867861,-0.009148212193897474,0.2005307238084613,-0.022840248946122767,-0.2021914271370399,0.34369546334738504,0.24915649977288845,0.2477189235709903,0.18824120042394155,-0.23444923459426723,0.15179338428069392,0.33326108264469395,0.2979018081266087,-0.17498426156874308,0.29905410035939406,-0.21662297093769176,-0.08382248643307381,-0.36854545019882223,-0.2171999139366797,-0.08841731147750002,-0.21795217110663087,-0.16637792953964092,0.1780681972125047,,0.09207181505948729,0.28140952593454405,0.04386998063575293,0.04120998653268414,0.11740949405924025,0.40124473061383864,0.16123325550446652,0.2109077289642917,0.1377921570814972,0.2621855302058348,0.06796771031723896,-0.07472846225565588,0.43331128624819704,-0.12874116456422474,0.3483349138171473,0.43614659452222904,-0.11655682968228291,0.2498976005865056,0.5602514961470727,0.23695782100423143,0.30418443050785327,0.22443242037150665,0.21746607272350565,0.26393070308951383,0.0682466192255895,0.22156204926328205,-0.08863884483898987,-0.11818565770705002
#12,0.33788140793216936,0.5541553442931253,1.0,0.5806883471858091,0.4212273585732614,0.4104200368159759,0.34617058068834716,0.08159918399222242,0.41097785463267694,0.4825187865071839,0.19923339894333367,0.23893249607535322,0.38530548494290334,0.13595135828638366,-0.5739578767860131,-0.14689096255448686,0.630004223477755,0.6399716309796077,-0.47294503900740303,-0.15033190160093712,-0.6359537489341696,-0.3480480360828439,-0.283986644247703,0.3223597287411646,-0.426258875279905,-0.2594968483293356,0.34076612292710917,0.24858274430428165,-0.11198431735052475,-0.018039828192112455,0.02189036489254038,0.20600849476846575,0.2953852528906916,-0.02688203746941963,-0.10025420554789663,-0.1831985273609639,-0.46079576695965385,-0.31331989258022613,-0.31680067575644083,-0.2195905617225414,0.202771557666409,-0.12169034736112329,0.005667429017682825,-0.14345799233398943,-0.1309357792316458,-0.15696196479372693,0.3907513805990963,0.27872562535361667,0.49803090310704523,0.11069018001577828,0.20535186350994908,0.23252556000924385,0.3350652248404243,0.11531369283363482,-0.3616428531584442,-0.3106710548334914,-0.5600299627855828,-0.34467244140920716,0.272248563619122,0.2430412227366542,0.023616412593932535,0.44270334451625243,-0.09718780132123134,-0.043707416586314336,0.5209046211221701,0.31333901776251305,0.1630947732470575,0.1417494760496936,-0.5164054219891784,0.12245376088740846,0.46515312099068445,0.18973455840750983,-0.14108328220003347,0.49221684769182955,-0.14195188422889657,0.2879806198152826,-0.44089760855533155,-0.06949134983942816,-0.17439138091784936,-0.1407246850321542,-0.32924798189482746,0.16375299827076475,,0.019412060021197077,0.3225764808070827,0.02020097379053144,0.17056475069528007,0.1679159129485453,0.26738598602267927,0.05927212743746464,0.2388081823904884,-0.010122002725338477,0.2462622221868052,0.07940616308999195,0.11174047127636685,0.26553562463642233,-0.17352118512379572,0.568924766314179,0.4423240284008957,0.09706348763636653,0.33169600522754983,0.7373873407230913,0.038855995346205645,0.4135980046059814,0.546957900692491,0.3813019467841803,0.3982325144036529,0.04162595924742408,0.29190128218409583,-0.053120193801847175,-0.059012343711401
#13,0.40480360828439144,0.34398074731649786,0.5806883471858091,1.0,0.6014327949063264,0.38696140697591025,-0.009943501023994135,0.24491230307038864,0.04174230410633601,0.5283825673963455,0.22715935261257958,0.3185793177091219,0.08445361744854131,-0.13075249623472973,-0.5901473435918686,-0.3788443608603145,0.33645180055622403,0.26753739371578383,-0.2156029612157241,-0.03627090820709385,-0.6362709082070939,-0.2662002247208919,-0.49717664496489733,0.050178103260046694,-0.4438492616882755,-0.1283825673963455,0.1008486799639809,0.2915155910079768,0.11144403095092,0.058699965734048405,0.09503462454876523,0.37634055574592196,0.3899863733076206,0.4808102702228881,0.07321757285499128,0.006049932663420699,0.04464455051837213,0.23053494728621632,0.04914215588617329,0.3106646797727291,0.12976595558176413,0.13721840161289037,-0.2474384208974492,-0.2569308863725107,-0.2950872188000542,-0.05167783630437728,0.5613846631975711,0.5030847325263569,0.12701033556726088,-0.2592785024982269,0.17777016312186725,-0.21293340452151185,-0.06325335288351967,-0.3151176597151942,-0.7106025229302967,-0.30886850640295166,-0.5761461163926719,-0.13087680991959455,0.3000438285427408,0.43369857118950667,0.3985385173202432,0.5476368446636757,0.273896516826176,-0.22236690068452214,0.13462215811744455,0.10893544454095579,0.1692881447776299,-0.1274836838288615,-0.4288614938361131,0.1221955709265354,0.06401039134904254,-0.0207093848863247,-0.14254635864498083,0.10481078022774905,0.010523631553363243,0.0012351680226952164,-0.15813656973918033,-0.03748057598673987,-0.4748894325399039,0.0616659627537075,-0.10963829498999912,0.08384479914574186,,0.1804460948768418,0.39195626708317066,0.4956338802604212,0.5065926097108113,0.060878642749563706,0.23009028679804605,-0.14782012766059177,0.09507287491333902,0.2292057471172772,0.31264572990461315,0.2719808110671055,0.06083242355903705,-0.16573245463745825,0.20502195411550017,0.36756050331104717,0.44718979352771954,0.1626214249854569,0.22083847986676122,0.458637808891616,0.20838161113723117,0.4509080477173298,0.48649363689247666,0.37492847978707294,0.30946138705384535,0.20466813824319263,0.41704053741762226,0.2577070500203205,0.1858138960386966
#17,0.13630358039350063,0.2520954027843078,0.4212273585732614,0.6014327949063264,1.0,0.5228107642900971,0.06474033580632566,0.07067232984564384,0.08858943811808206,0.26785614675389874,-0.00874498960068213,0.3579676306289794,0.24287865868721562,-0.11194606698595096,-0.5295603598721801,-0.3590306720110926,0.20020081441401238,0.08379061112926232,-0.38852329686267323,0.08152108949788428,-0.6164890946616834,-0.20657746894150084,-0.48443927356182614,0.23347385029763565,-0.4543394241726366,0.02892365067854553,-0.12093330889560042,0.14629170684283085,0.013505566224928081,0.017099506729673516,-0.09839428157049622,0.10763493214544702,0.26903075169935214,0.28831052920973155,0.05312178756703775,-0.172179234833332,0.028369020392225615,0.05804492824072229,-0.04391460606108902,0.2009992907744902,0.18878786188430857,-0.03299731450565388,-0.14793966004988485,-0.26759795679302567,-0.19337153057240078,0.08853206257122138,0.4459195626708317,0.42638797026034153,-0.051982245455777,-0.0701320434460391,-0.13136768959829148,-0.12029261528898948,-0.14878276183569875,-0.19544342532014758,-0.6143885121405064,-0.3786913594020193,-0.47622022647403356,0.09829228059829945,0.3865071838965965,0.5357346062204655,0.35201173011180265,0.5461610180972037,0.3470391827172103,0.04654750615591805,-0.1064555459044219,-0.1763054929117293,0.15293611392233583,-0.03454007921012997,-0.4701814501669469,0.30948529353170395,0.03814039477563771,-0.004513543019706906,-0.043764792133175016,0.33777303189921026,0.08395317517870092,0.16614523982181706,0.0788850018726741,0.27616444469236345,-0.33564535536979334,0.0581819920471117,-0.11156675087059424,0.24289459633912136,,-0.02354309939516611,0.4192351520850433,0.37819569842775064,0.5722095163719529,0.20175632924001308,0.26193849660129576,0.11505072157719003,0.34118528317223024,0.35882667006669905,0.46538740447369886,0.4078221995553395,0.358954171281945,-0.3125756042362279,0.03187052251591773,0.3244379985496737,0.37712150068930345,-0.20000159376519058,0.1955231135796763,0.3495477691271745,0.1980651690586426,0.34444293922176444,0.3841802867183578,0.1364486130258429,0.40759110360270623,0.3069735195913586,0.5283315669102471,0.3325391070133637,0.37032727968188445
#18,0.11374383412091897,0.11929013698411813,0.4104200368159759,0.38696140697591025,0.5228107642900971,1.0,0.2818079672321877,-0.07043007753667652,0.10435655714843532,0.2950744686785296,-0.16288758377228282,0.5132816422156524,0.6382567396345497,0.2393580313812366,-0.26750711217716294,-0.20256914948720606,0.39942146323582145,0.2932814828391333,-0.1429033620476695,-0.0695758193945286,-0.3001410482193658,-0.36035987218003174,-0.06268437871048459,0.05900278112025755,-0.11299157695096781,-0.047306138386631495,0.1520133238769932,0.0869510475021715,0.3212217803950944,0.3961988700204799,0.12085999569683399,0.08773039868036242,0.015704962187920855,-0.03780411032042649,0.3185060045103555,0.09288463530668027,0.05066898293874363,0.11360995784491071,0.02606284216146435,-0.12748209006367092,0.17813354158531824,0.07321438532461012,0.25779789463618324,0.15742734422937468,0.1981448573181713,0.060059447441608425,0.34491150618779337,0.17761875542876268,0.03193427312354071,-0.17158316665205714,0.07536596833188566,-0.08524412498306624,0.05989210209659811,-0.1493788300169736,-0.23312162819051868,-0.2320840870514547,-0.35273529950832344,-0.13967439377156562,0.032987751914510435,-0.022146961088222873,-0.013539035293930145,0.12334148809855844,0.42924080995146985,0.28076883232793315,0.11383308497159114,-0.2630652885910319,0.4343775151606914,0.18331487221987586,-0.3147686251384583,-0.019938002534086653,0.2587445911593845,0.06787845946656679,-0.029667939022543808,0.34995099172038985,0.09257225732932767,0.13622548589916247,-0.17378893767581222,-0.05632844313047359,0.1619329184231287,0.2461570336842273,-0.047105323972619115,0.4110240738232036,,0.2259974977886508,0.5561363944250094,-0.002758807544884412,0.12302592259082469,0.20429360342340763,0.24132314386121492,0.33093259170126466,0.5373857469579006,0.2568017913920742,0.3870442827658201,-0.02993569157456032,0.02183617687606085,-0.04735873263792045,-0.02401326012638558,0.3075616189466806,0.14365083792204894,0.002602618556208114,0.2960546342707329,0.5544039716628549,0.16477778928830417,0.16300392863119476,0.21410163440620295,0.24694754121875223,0.09360023587724821,0.06249790818318737,0.1652431687239519,-0.2077170110527616,-0.18653109037445514
#26,0.04252803034528923,0.47967550940719905,0.34617058068834716,-0.009943501023994135,0.06474033580632566,0.2818079672321877,1.0,0.022065679063503575,0.45516340077616363,0.27059742288168687,0.4531106312107037,0.0737785782020735,0.6185147702189037,0.7230067974085378,0.010118815194957326,0.0948864043860418,0.48231319079759977,0.406067464080517,-0.11442915315286599,-0.14503741363784872,-0.29535497135207067,-0.30267672863756984,-0.048667213859382094,0.01379722525480321,-0.05755564232721593,-0.21061288240403542,0.2362613456159504,-0.05873662233343162,0.18827148196256246,0.17035756122050538,0.04682960259464973,0.264555459044219,-0.10476774856760354,-0.2359059359784523,0.02842798970427687,-0.053697136800835134,-0.4040386009929157,-0.3015977496035509,-0.20203364438317303,-0.3052235654121078,0.22706691423152628,-0.006716126513080828,0.1184613790850194,0.0343010144315438,0.0383093338858386,-0.2844918678131151,-0.039198654862179154,-0.09167177999665309,0.3697869932822797,0.13948154818350614,0.02113013889663636,0.0938504570121684,0.3392392958745388,0.25683844799145744,-0.02981775295045781,-0.04703201077385269,-0.3887384551634008,-0.47114567810724445,-0.044226984038441615,-0.05487811680705082,-0.35643124098526563,-0.09394608292360286,-0.0037804110320426494,0.17679796635561681,0.3678585374016846,0.25200774569882617,0.3859270533672274,0.5191801671859685,-0.04058523057797895,0.11052920973153026,0.5100447051135956,0.26892556319677424,-0.0966028894962905,0.33707018145016693,-0.18958155694921466,0.15515463506761548,-0.4679342412482369,-0.1814262604690451,0.3240443385476018,-0.024709735514666625,-0.07534524938440819,0.0894803528596132,,0.34666783542780644,0.23147208121827412,-0.19202320522117478,-0.11878650718389659,0.20207667604331853,0.14482225533712118,0.20066938138004128,0.11028376989218179,0.07354748224944019,0.29524978284949277,-0.09017842201308482,0.039931786849843415,0.4602204177258564,-0.2543808620675916,0.20214998924208497,0.0013005123955087696,-0.014653077162141702,0.1965479045972157,0.45905218784116536,0.1580568814796516,0.0014168572544207062,0.10962235733809338,0.10740064866243257,0.15064906087386146,0.008276422634653237,0.048321366813027435,-0.2904955812860091,-0.2003936600020719
#49,0.537714062587159,0.26751508100311583,0.08159918399222242,0.24491230307038864,0.07067232984564384,-0.07043007753667652,0.022065679063503575,1.0,0.20550964626381596,0.21989815840432228,0.41838248770808595,0.14062109029476688,-0.15359433894604307,-0.07498665221652893,-0.11994995577301597,-0.2903234546454271,0.11797368693670361,-0.16018137047868738,-0.09583788220481476,-0.26923475364374566,-0.12213182031891241,-0.29646423192471055,-0.1585079170285842,-0.3100128298097841,0.0717544964100439,-0.2890149734239654,-0.06553243710604116,-0.23254946648710245,0.23272478065806565,0.06590856569101675,-0.18727219118807226,0.24906246762664458,0.22847102136442238,0.22355903704707186,0.14064180924224434,0.23888627688482655,0.09697264302050379,0.16557148435321023,0.04452342436388847,-0.0006885065623281722,-0.14524141558224227,0.019165026416658033,-0.07330204241009172,-0.03643187849134187,-0.025251615679461947,-0.22111738877511175,0.2866020129254357,0.1973846313222673,-0.011899050912829013,-0.3656989855684562,0.06050251416458813,-0.36489572791240665,-0.294526213452972,-0.33146172174453536,-0.3003291125118536,-0.3449146937181745,-0.1552598235701934,-0.2918821570018089,-0.11956745212727808,-0.03370972754584067,0.20909880547298967,0.1403453689167975,0.330073552263545,-0.2322721513439425,-0.0038792244738582666,0.04226187155846329,0.06503358860139136,-0.08440102319725235,0.07639713441018735,0.04385404298384719,0.06669269816477938,0.0831371674011268,0.3755771422196368,0.1553921060810111,0.3285419439154029,0.02520061519336356,0.2615464303644144,-0.04015491397652384,-0.031569300894899156,-0.048616213373283715,0.2833921698316187,-0.09440508729848832,,0.29339942146323583,0.13793718971383945,0.215183800970603,0.030265600969009238,-0.06790395970961598,-0.057656049534222126,-0.05565268668967001,0.10001035947373874,0.028912494322211508,0.1953302679916168,0.011030448883965925,-0.07588712954920351,0.1574082190470878,0.036502004159727146,-0.001486982922805983,-0.10853222194774044,-0.02348253631792428,-0.25225159177298406,-0.061487461052363156,0.08141111969973464,0.027736295611567548,0.04235271617432604,0.010082158595574113,-0.15110647148355633,0.12108471658870498,-0.009554622317493964,0.01060491357808254,-0.018677334268342245
#50,0.19308465283809736,0.3618627927547434,0.41097785463267694,0.04174230410633601,0.08858943811808206,0.10435655714843532,0.45516340077616363,0.20550964626381596,1.0,0.3103076763700404,0.1465259903258453,0.13136928336348205,0.4958410697351959,0.4121253655698906,-0.15807919419231964,-0.12392161862792754,0.3610324410904541,0.3730860872267689,-0.47745858202710995,-0.23508514690530644,-0.31704611559578927,-0.4453649323845118,-0.2550900875773972,0.16720190614316793,-0.3137039899911546,-0.38080469204472106,0.294526213452972,-0.037808891615998215,-0.1647506952800644,-0.07504243399819904,-0.039198654862179154,0.07162858895998853,0.05732135884420148,-0.2535983233590195,-0.10693526922678481,0.1498171154443816,-0.4524014057008981,-0.41420044784801857,-0.3825323335113038,-0.4039270374295755,0.05453386352588673,-0.07193459187657883,0.21459888914566216,0.0018168923172548989,0.10814653077162141,-0.31756568304791655,0.14118209564184908,0.09232362995959806,0.5488512937388934,0.1778116010168222,0.1852975161169505,0.23552024480233327,0.4223939946927619,0.11841037859892102,-0.138451975870395,-0.33805194080756085,-0.3246324379029238,-0.5214544701129182,0.20389834965614517,0.049435408681238996,-0.14943939309421542,0.14665189777590068,-0.08210281379244395,0.06258397150347839,0.5192630429758783,0.4855835969686586,0.32545641450645074,0.1933508116249233,-0.18995290423861852,0.0036433472256532447,0.5306919331574879,0.14066730948529352,-0.003118998477954243,0.3262931412315024,-0.1634693080668425,0.11901600937133933,-0.31109659013937474,-0.048496680983990625,0.20004781295571725,-0.2708508315469882,-0.3668066523759055,0.16735172007108193,,-0.06343504211524516,0.3356596992565085,-0.24058363681278838,0.03022894436962602,0.13985608300329114,0.14805281737841564,0.3109563388026042,0.12659276908733036,0.15764728382567397,0.1792045517933843,0.08517878061025269,0.21371913076046506,0.3026990413502379,-0.43089354445409556,0.5978229167496752,0.12281076429009714,0.0609790499565699,0.19048203428188926,0.42893958833045126,-0.11657117356899808,0.2673222354150563,0.42933962339328546,0.415333614898517,0.15903864083704547,-0.11676880045262931,0.14917482807258006,-0.11669548725386289,-0.0862083529233638
#51,0.1995441831554957,0.3059885727035836,0.4825187865071839,0.5283825673963455,0.26785614675389874,0.2950744686785296,0.27059742288168687,0.21989815840432228,0.3103076763700404,1.0,0.24313844241327925,0.14445090804771732,0.2516459610005658,0.26438970746439927,-0.25587422005115984,-0.4963287618835117,0.5677071297085801,0.07868259369347114,-0.24370582282112377,-0.35367083967519064,-0.28705782976994,-0.4118496441919212,-0.1311780315406131,-0.12897226051685806,-0.060118416753659684,-0.47689757668002775,0.45015738431256924,0.12527791280510642,0.005912868857031294,-0.13664623990947414,0.09327829530875216,-0.07896309636701225,0.2870498609439871,0.013370096183729252,-0.12091258994812294,0.000175314170963192,-0.052249998007793515,-0.13510188143980748,0.04284997091378527,-0.16476025787120782,0.0688650001195324,-0.0630270382264581,-0.08086286447417702,-0.2726740989250054,0.07002207364788945,-0.27486074476647354,0.37687127955438326,0.3140354931507941,0.34705990166468775,-0.0851038736462957,0.1778291324339185,-0.18249248938153942,0.24018997681071647,-0.21937699718700443,-0.2699949796396497,-0.4368446636757007,-0.21043756823307222,-0.4157464000828758,0.18576608308297937,0.11520053550510403,0.14235351305692132,0.34247145168102383,0.13842647562734584,-0.3477802835308274,0.4219541155001634,0.023608443767979662,0.29774243160755126,-0.031213891257401045,-0.41608746583365874,-0.12116918614380544,0.2944050872984883,-0.016382312393915004,0.005404457761238037,0.25233287379770336,-0.1349249735036537,-0.05263728294910311,-0.08859581317884437,-0.05002032050617983,-0.1082851883432014,-0.31719114822813155,-0.11806612531775694,0.02357178716859645,,0.23403644940990845,0.23500227111539657,0.2973774593789097,0.19714237901329998,0.22176923873805673,0.050098415000517975,0.0917833435599933,0.07465674282208003,0.31308879662759287,0.25867924678657095,0.1845787280160014,0.12969901744376,0.1489979201364263,-0.20959287268206775,0.39209173712436945,0.0909099602355585,0.24028560272215094,0.3454342611703018,0.4344428595335049,-0.0043908231000326725,0.2394456884667182,0.4636438253552104,0.4394281570496219,0.30060164635944187,0.11843747260716078,0.12799528245503589,-0.013588442014837955,-0.01490170453187132
#52,0.33204982109985737,0.4464694116615799,0.19923339894333367,0.22715935261257958,-0.00874498960068213,-0.16288758377228282,0.4531106312107037,0.41838248770808595,0.1465259903258453,0.24313844241327925,1.0,0.06398648487118393,0.00442907346460646,0.1749523862649316,-0.15863701200902072,-0.10069567850568575,0.27808971304257746,0.10296838766744495,-0.052277092016033276,-0.18031221860083355,-0.21667397142379013,-0.17684577931133405,-0.22155726796771033,-0.2677238642430811,-0.09579325677947868,-0.25678107244459675,0.06129939675987537,-0.0938440819514061,0.23614818828741962,0.0793089434133669,-0.07492608913928711,0.3865725282694101,0.08526803146092486,0.15053271601494952,-0.034210169815681056,0.12148156412115803,-0.21996509654232643,0.0033166253615854774,0.006464311612970061,-0.02576321430563635,0.0038361928137127556,0.02023284909434293,-0.15925220537258244,-0.022457745300384895,-0.20244802333272238,-0.21144004653794357,0.15923467395548613,0.06492840009881344,0.17764266190662129,-0.1649371658073616,0.11661739275952474,-0.15815888245184836,-0.03674266270350389,-0.08403764473380138,-0.24452820565946018,-0.08890978492138753,-0.2914502466351632,-0.27739642518467755,-0.11641498458032178,0.028190518690881274,0.007651666679948043,0.10185593956442397,0.02993887910494147,-0.1631457737331559,0.16727521934193434,0.26321669628413646,0.06042601343544056,0.09982070141606038,0.09197937667843396,0.1615599773685343,0.11220266318163345,0.15483269449911943,0.08562503486361354,0.10480759269736789,0.09087330363617528,0.09873375355608859,-0.13797065878284154,-0.18389659651443552,-0.02562774426443752,-0.03087920056738041,0.128350692092534,-0.12069583788220481,,0.48320091800874976,0.07550303213827507,0.2899584824167855,0.06094876841794898,0.1258596370996661,0.04512268007554447,-0.18213070468327902,-0.06641378925642885,-0.029127652622939062,0.2828821649706349,-0.059982946712460856,-0.09927882125126505,0.3453338539632956,-0.019107650869797353,-0.10752655611248794,-0.09200965821705488,0.023989353648526963,-0.21393907035676435,0.13686139821020168,0.08491580935380791,-0.06280709863015882,0.062241311987504884,-0.07858059272127438,-0.06929372295579692,0.02482926790395971,-0.1527321119779423,-0.06672457346859087,-0.06251065830471196
#53,0.3458327024679454,0.2997983887033923,0.23893249607535322,0.3185793177091219,0.3579676306289794,0.5132816422156524,0.0737785782020735,0.14062109029476688,0.13136928336348205,0.14445090804771732,0.06398648487118393,1.0,0.35360708906756766,-0.05920518929946051,-0.07617081975312577,-0.16440325446851917,0.27721632971814264,0.08932735140131805,-0.27436667755739547,-0.26201180980006217,-0.008007076317446151,-0.3198352046792946,-0.06382392082174533,0.08036560973471778,-0.017048506243575134,-0.10652567157280718,0.15188422889655667,0.2057375546860681,0.5138091784937325,0.3435838997840448,0.22490895616348844,0.12955079728103658,-0.03762560861908215,0.00023587724820502194,0.30716317764903694,0.20521639346875026,-0.1711432874594586,-0.049489596697718526,-0.08883169042704939,-0.25723051422833876,0.33899385603519033,0.29346635960123996,0.48416355218385676,0.3442596562248484,0.3223326347329248,0.03720963590434221,0.3877200392066237,0.3642008462893162,-0.11638310927651029,-0.14767350126305892,0.08174581038975527,-0.011757205810867885,-0.02161623727976157,-0.3061320115707353,-0.17877742272231031,-0.4818430300663803,-0.14031668114336715,-0.27685135748950107,-0.08378423606850002,-0.20301699750575747,0.0038059112750918407,0.012880810270222889,0.32588832487309644,-0.014874610523631553,0.013374877479300974,-0.175624955175354,0.17961893074293364,-0.2073743515367881,-0.25444301891002397,-0.2151343942496952,-0.044784801855142685,0.04049597972730678,0.015724087370207748,0.3710811306170262,-0.06248197053128163,-0.25881790435815094,-0.11028376989218179,-0.1815999808748177,0.03478870657985959,0.07907625369554304,-0.06339679175067138,0.7116161575915021,,0.1549490393580314,0.7068603622628278,0.07289563228649523,0.02095641849086374,0.21592012048864842,0.3762863677294424,0.6030982795304768,0.5897297771119381,0.24022503964490913,0.489743324116058,-0.03160276996390122,-0.1251918494848154,-0.004690450955860673,-0.1819442341559818,0.17509423136689273,0.07693263951422037,-0.16543442054682084,0.22149511112527792,0.3514347871128147,-0.1313660958331009,0.07719401700547458,0.0399700372144172,0.3318410378598921,0.04244993585095108,-0.10732414793328499,0.04092470256357131,-0.19781016662815068,-0.1957223342284981
#54,0.09014654670927333,0.2774633633226817,0.38530548494290334,0.08445361744854131,0.24287865868721562,0.6382567396345497,0.6185147702189037,-0.15359433894604307,0.4958410697351959,0.2516459610005658,0.00442907346460646,0.35360708906756766,1.0,0.5765158699168852,-0.11523081704372495,-0.06731426658910343,0.4319820860792579,0.3737650311979536,-0.24462542533608522,-0.22241790117062052,-0.25742495358158884,-0.4213835475619377,-0.11324657938145972,0.09524978284949279,-0.2093203388344795,-0.21344500314768625,0.41088382248643307,0.07480655674999402,0.14907442086557388,0.28024926487580587,0.0256102128473412,0.1251360677031453,-0.08035285961319319,-0.17414115978292918,0.19007243662791162,0.17034640486417135,-0.3777685693566767,-0.2272390408721083,-0.2056674290176828,-0.33823044250890516,0.22765023229127654,0.023463411135637387,0.45194877638677494,0.28676935827044603,0.26639147654376083,-0.14400624755954705,0.19308465283809736,0.11637514045055741,0.3648016957661628,0.18132266573165776,0.12968467355704483,0.28617010255879,0.4691550653842169,0.21003593940504744,-0.06443273912454478,-0.16646877415550368,-0.314665030401071,-0.3789654870147981,0.09998964052626126,-0.05928487755898924,-0.4406155121165999,-0.06586712779606181,0.05429320498210999,0.3389826996788563,0.4759572552175888,0.1886858609121118,0.40290702770760783,0.36363346588147166,-0.3289403852130466,-0.14925611009729936,0.2981376853748137,0.051571054036608784,-0.20791782546677398,0.39068125493071104,-0.16191698077122296,0.11424905768633108,-0.4128106846018376,-0.1271027739483142,0.2948943732119947,-0.01033397349568488,-0.29097530460837207,0.45804174071034115,,0.17082931571691543,0.5008948991545076,-0.3970722533449147,-0.027062132935954546,0.23075329311732504,0.2445839874411303,0.5357346062204655,0.48867390767318253,0.22294543744870068,0.3329773924407717,-0.04167695973352246,0.1654615145550606,0.23615615711337248,-0.3613782881368088,0.4875455219182558,0.09641801273418388,0.0612914279339225,0.38043493852050775,0.6621201858330212,0.0366358804357354,0.21581811951645163,0.30640932671389526,0.3343018113141391,0.0823753476400322,-0.259225908246938,0.11104877718365753,-0.3236188032417184,-0.142485795567739
#58,-0.1389587932009977,0.1151080971240507,0.13595135828638366,-0.13075249623472973,-0.11194606698595096,0.2393580313812366,0.7230067974085378,-0.07498665221652893,0.4121253655698906,0.26438970746439927,0.1749523862649316,-0.05920518929946051,0.5765158699168852,1.0,0.22186008335391946,0.180332937548311,0.33317342555921237,0.2124186183649563,-0.0853222194774044,-0.18004127851843588,-0.019544342532014758,-0.16083640797201348,0.08685542159073703,-0.0347504562152858,0.013299970515343974,-0.16863629481468495,0.33628923650678544,-0.10656710946776211,0.17847620110129175,0.22162579987090503,0.02878499310696555,0.0859836320314928,-0.223101626437377,-0.29622676091131495,-0.031998023731163686,0.13521982006390998,-0.26588944050872987,-0.12965917331399565,-0.16638908589597495,-0.27993529313326265,0.04977009937125963,-0.14513144578409262,0.10939444891584123,0.07671588744830224,0.17218879742447546,-0.1376598745706795,-0.17414753484369147,-0.24193833722477667,0.34077249798787146,0.14501350715999012,-0.011833706540015459,0.11581891639904693,0.32637123572584054,0.24814127134649253,0.16595398799894812,0.12935795169297706,-0.10650335886013913,-0.33834200607224535,-0.08941182095641849,-0.1205157424156699,-0.4949326235765685,-0.229918160157464,0.02905593318936321,0.2005928806508937,0.35475778753516246,0.19252842878658688,0.37359449832256214,0.4113077640271259,0.01830439321374782,-0.1297245176868092,0.315264286112727,0.0041852273904485655,-0.043061941684131674,0.17991218353799934,-0.2123947118870977,0.050766202615368676,-0.3170142402919778,-0.06351313660958331,0.4770394217819889,0.017161663572105922,-0.02664297269083346,0.06910087736773741,,0.3607726573643905,0.2313923929587454,-0.36248595494425806,-0.19442660312856108,0.07828733992620868,-0.05350907250834735,0.19341456223254627,0.05504864968244229,0.18944130561244413,0.17423200439879194,-0.05444939397078628,0.08686498418188049,0.39683956362709083,-0.2122433041939931,0.09558128600913228,-0.24198296265011277,0.09649770099371259,0.1350939126138546,0.28287738367506315,0.1332642701750751,-0.23905999729059918,-0.033188566328522816,0.02450095227470137,-0.0716732143853246,-0.20612802715775885,-0.06699391978579795,-0.34395684083863926,-0.2653698730566026
#101,-0.30941357409812814,-0.21830598697893838,-0.5739578767860131,-0.5901473435918686,-0.5295603598721801,-0.26750711217716294,0.010118815194957326,-0.11994995577301597,-0.15807919419231964,-0.25587422005115984,-0.15863701200902072,-0.07617081975312577,-0.11523081704372495,0.22186008335391946,1.0,0.5025364773007993,-0.10588975926176797,-0.23220680697112894,0.4898532939142076,0.059135063631075235,0.7410896572607958,0.3502394632198838,0.42620149973304433,-0.10148937357059185,0.5502044003856912,0.013902413757381125,-0.13129915769509679,-0.49461387053845357,0.2509399230211413,0.035955342699360106,0.17580186311150778,-0.13082580943349617,-0.24987688163902813,-0.22866705448286304,-0.0422427463761764,0.16769437958705544,0.030614635545745044,0.028096486544637377,-0.05142442763907593,-0.10689064380144873,-0.041990931476065634,0.04586059335878045,0.24725832543091425,0.21086150977376503,0.10700061359959837,-0.0644996772625489,-0.5860465857565205,-0.45445895656192975,-0.26147152340045743,-0.06884587493724549,-0.25950322339009796,-0.010805727992094925,-0.10023667413080031,0.13962498705065782,0.4651371833387787,0.2143789495493629,0.3973910063830296,-0.12258763716341671,-0.27418658209086055,-0.34740256118066126,-0.364452661189427,-0.5019149088764753,-0.09492784228099674,0.04392576241742304,-0.20687550303213828,-0.20801504514339902,-0.0924144745754608,0.10094908717098709,0.5811393827347416,-0.18608642988628485,-0.061949652957629754,-0.06798524173433527,0.030554072468503217,-0.21009331495190814,-0.17888898628565053,-0.2981265290184797,0.03128720445616747,-0.08466399445369714,0.48720923746304456,0.023815633242754344,0.06937181745013507,0.040335009443058754,,0.014225948091067742,-0.20818557801879048,-0.37025556024830863,-0.4169369426802349,-0.12039939755675796,-0.2958490385611488,0.1704436245407964,-0.11326889209412777,-0.002248802683900581,-0.20488010901353904,-0.11930766840121444,-0.14249535815888245,0.10564113189203835,-0.09812015395771741,-0.4282080501079776,-0.49179290615113674,-0.20716875582720398,-0.10577500816804661,-0.3241176517463682,-0.04548605853899545,-0.45562559268143027,-0.4477683302918981,-0.2902979544023779,-0.233277817179195,-0.29636382471770434,-0.31951963917156084,-0.29588250763015084,-0.30413502378694546
#102,-0.12838575492672666,-0.020972356142769485,-0.14689096255448686,-0.3788443608603145,-0.3590306720110926,-0.20256914948720606,0.0948864043860418,-0.2903234546454271,-0.12392161862792754,-0.4963287618835117,-0.10069567850568575,-0.16440325446851917,-0.06731426658910343,0.180332937548311,0.5025364773007993,1.0,-0.10073233510506897,0.3592378614858673,0.4154324283403326,0.5060889799105898,0.3562033325630135,0.6834304201961925,0.2708827068507997,0.2536652614970236,0.07565603359657022,0.3987680195076859,-0.23460861111332468,-0.14146737961096192,0.13100271736964994,0.2904876124600563,0.0386153368024289,0.09410545944266031,-0.3645690060483389,-0.2275769190925101,-0.1674664711648033,-0.1244300297237208,-0.30093314951908134,0.09852975161169505,-0.33699049319063823,0.09536612770840472,0.04970316123325551,-0.015355927611185044,0.0872953007833356,0.3779183832845907,-0.08111467937428779,0.3194750137462248,-0.5646056626477222,-0.4786746248675183,-0.16000446254253362,0.07248922216289874,-0.2082349847396983,0.26288200559411584,-0.08259528723633147,0.3725346444708301,0.3034975177107157,0.6024575859238659,0.0638765150730343,0.1748344476408291,-0.34805759867398733,-0.24542868299213477,-0.42687884993903846,-0.398352046792946,-0.3053032536716366,0.3133788618922774,-0.12902963606371873,0.11833387786977345,-0.15905776601933236,0.234476328602507,0.5323016359999682,0.07553968873765828,-0.014308823880977616,-0.06339201045509965,-0.17438819338746822,-0.03667094326992804,-0.20952274701368248,-0.13362286734295437,-0.3369618054172079,-0.24652041214767828,0.4152762393516563,0.41532245854218297,-0.10416849285594754,-0.01734335280383141,,-0.06056626477221111,-0.24727107555243885,-0.4765485421032919,-0.496432356620899,-0.13046243097004517,-0.06553562463642232,-0.02085601128385755,-0.20675278311246403,-0.3986692060658703,-0.2699296352668361,-0.2637187323191674,-0.31490090764927603,0.06749754958601949,0.18866673572982492,-0.38025484305397284,-0.07629832096837173,-0.2565786642653938,-0.19972268485684005,-0.11220744447720517,0.247862362438142,-0.268750249025811,-0.42236849444971275,-0.41742144729816955,-0.24476886420323693,-0.28538756385021796,-0.28018073297261115,-0.355957892723665,-0.4094510275801066
#201,0.22229039995537458,0.46606953597526474,0.630004223477755,0.33645180055622403,0.20020081441401238,0.39942146323582145,0.48231319079759977,0.11797368693670361,0.3610324410904541,0.5677071297085801,0.27808971304257746,0.27721632971814264,0.4319820860792579,0.33317342555921237,-0.10588975926176797,-0.10073233510506897,1.0,0.3830678386153368,-0.20932352636486065,-0.25020838479866764,-0.2795846647913363,-0.2805919243917794,-0.05020679103347704,0.09688817346540335,-0.06494752528110033,-0.3417622261712182,0.4092964323566209,-0.07673660639577971,0.07584409788905801,-0.024701766688713753,0.12158834638892652,0.040884858433806945,0.3233191753858904,-0.12907904278462654,-0.23927515559132673,-0.13960586186837093,-0.46148905481755376,-0.3114392496553483,-0.2722740638621712,-0.2285379595024265,0.19336037421606675,-0.047279044378391734,0.1727609591278917,-0.030437727609591278,-0.08067320641649865,-0.22426029373092463,0.2232689717823873,0.2309493262357657,0.41314696905704884,-0.0002916590298751285,0.1111635282773789,0.06841237080540924,0.298207811043199,0.10580369594147694,-0.19662759285674442,-0.3537680593518157,-0.40892030377164534,-0.47606722501573845,0.12504681685247312,0.03283156292583414,-0.1311413749412299,0.2254428675023309,-0.03364916446859884,-0.06683294950154994,0.4177991696483357,0.11724693000980166,0.2965853580791942,0.1788284232084087,-0.23560790188781486,-0.07220393819378591,0.5280558455322777,0.24827674138769135,0.020970762377578913,0.47892484600243845,-0.15397046753101865,0.1563021460048291,-0.27804668138243194,-0.01345137820844855,0.22651706524077808,-0.19863573699686826,-0.33738096566232895,0.24582393675939723,,0.13520706994238538,0.30464024735235756,-0.05090964148252038,0.01740391588107324,0.1275777159751054,0.017614292886229073,0.1918016718596849,0.13051980651690587,0.04348269569444334,0.23467395548613823,-0.0071336929930113395,0.010381786451402114,0.4567284781933078,-0.337702906230825,0.38747300560208464,0.1410131565316482,0.11848369179768745,0.3359131079218099,0.6918678131150937,-0.012530181928296504,0.24280693925363975,0.33961542445951437,0.3984731729474297,0.28209643873168166,-0.09172278048275148,0.05860115229223278,-0.23266103005044267,-0.177037031134203
