,#10,#11,#12,#13,#17,#18,#26,#49,#50,#51,#52,#53,#54,#58,#101,#102,#201,#202,#301,#302,#401,#402,#501,#502,#601,#602,#701,#702,#801,#802,#901,#902,#1001,#1002,#1101,#1102,#1201,#1202,#1301,#1302,#1401,#1402,#1501,#1502,#1601,#1602,#1701,#1702,#1801,#1802,#1901,#1902,#2001,#2002,#2101,#2102,#2201,#2202,#2301,#2302,#2401,#2402,#2501,#2502,#2601,#2602,#2701,#2702,#2801,#2802,#2901,#2902,#3001,#3002,#3101,#3102,#3201,#3202,#3301,#3302,#3401,#3402,#3455,#3501,#3502,#3601,#3602,#3701,#3702,#3801,#3802,#3901,#3902,#4001,#4002,#4101,#4102,#4201,#4202,#4301,#4302,#4401,#4402,#4501,#4502,#4601,#4602,#4701,#4702,#4801,#4802
#10,1.0,0.5287555084509399,0.5865725282694101,0.5645849437002446,0.3206273059790101,0.22453442134370344,0.12924638812963687,0.5126505112001849,0.13826869287347895,0.5156882276534198,0.41664050235478806,0.17299205508052498,0.046585756520491836,-0.2944943381491605,-0.24791973798500266,-0.09266310194519041,0.660712891169744,0.31302823355035103,-0.10243607009379307,-0.016685127780124154,-0.029465530843340852,-0.02377738287818056,0.03405238706181418,-0.031825897090581645,-0.14916367171624603,-0.25054785678425995,0.41989815840432226,0.3520388241200424,-0.09989560838001738,-0.11072046155439919,0.38560830032911253,-0.03137645530683964,0.39126138546008016,0.045796842751157474,-0.09206065870315326,-0.26948656854385644,-0.3109164946728398,-0.1630087099267665,-0.026572847022448182,-0.2231940648184303,-0.11927579309740297,-0.1309054976930249,-0.010356286208352923,0.0275705440317478,0.060239542908143345,-0.24509239853692355,0.29563388026042126,0.2880810270222888,0.022558152507391085,0.2716365577859414,0.33082580943349615,0.31819522029819347,0.3800524348747699,0.42156045549809146,-0.11669229972348175,0.08285666472758568,-0.1570209341057782,-0.16356652774346755,0.046934791097227646,0.057479141598068356,0.10876172413518316,0.010440755763453371,-0.2514419590561723,-0.24091992126799958,0.36136394425009366,0.3372343392647961,-0.09159527926750552,-0.2596928814477763,-0.07063567324626063,-0.057330921435344934,0.34399668496840363,0.2597885073592108,-0.2637984205786961,0.06627035038927714,-0.46450127102773947,-0.1349377236251783,-0.3527129867956554,-0.13662233343161553,-0.04537768250603639,0.027576919092510102,-0.011296607670791861,0.30172365705360626,-0.08627847859174907,-0.011038417709918797,0.0341512005036298,-0.1588059511192216,-0.015492991417574448,-0.03050307198240483,-0.010391349042545562,0.2291005586146993,0.1868402808214266,0.05607662823036282,-0.23554574504538248,0.05449720692650352,-0.03411295013905601,0.34155344293125295,0.045739467204296794,0.44364844727426306,0.35369793368343044,0.44451226800755445,0.27167640191570575,0.39754400784132476,0.2638127644654113,0.2304807592697368,0.15934145622325463,0.4326578425200615,0.31002557993130875,-0.014434731331032999,-0.05078692156284614,-0.15143478711281466,-0.15475938130035302
#11,0.5287555084509399,1.0,0.5910478209245432,0.5679780697909776,0.5053494728621633,0.30135709105977415,0.3253815075424938,0.33114296870642046,0.31268716779956807,0.6017611105355848,0.41204567731036185,0.3474360302496633,0.22588115292973887,-0.018616771191100414,-0.11748599478838782,0.032319964299659734,0.48262238124457124,0.3528197690634239,-0.22784148411414545,-0.04598809457402641,-0.21176198710643962,-0.1303875240060882,0.0016734534501031963,0.27566081489214195,-0.10989967248125333,-0.20496457856863948,0.05301181776888811,0.19942624453139318,0.18394440947015275,0.13690761740072835,0.27241112766856057,0.12441727960219622,0.2878196495310346,0.18570552000573756,0.048788340013865755,-0.0014280136107547275,-0.0859900070922551,0.0944305875415375,0.14630126943397428,-0.34332570982317173,0.23040903983616093,0.24052944879630883,0.1876387571819044,0.25635553713871334,-0.07074404927921969,-0.2921100654240611,-0.011073480544111437,0.20908924288184622,-0.052485875255998536,0.11375180294687184,0.17749444174389786,0.28648726183171436,0.1638948433727259,0.1657866426539378,-0.2976149303923053,-0.0507773589717027,-0.23794754918757818,-0.32076755731578066,0.13753077959024296,-0.05083314075337281,-0.055356246364223156,0.033827666169943184,0.006937659874570679,-0.2283068635497932,0.05595390831068859,0.1661930527775343,0.014809266150818,-0.17892404911984316,-0.0012032927188837268,-0.09053223788539234,0.06828805712054443,0.16001561889886762,-0.26169305676194726,0.06731267282391286,-0.3468017117038147,-0.004049757349249735,-0.25117898779972747,-0.13707018145016694,-0.0436851038736463,0.16968977360565468,0.1968220322099945,0.45686713576488774,-0.015078612468025086,0.10215556742025197,-0.0037628796149463298,-0.10849397158316665,-0.0016511407374351537,0.2819848751683415,0.2701830439321375,0.26963478870657986,0.15810947573094056,-0.058258492776259274,-0.3245989688339217,-0.011444827833515287,-0.018170516937739564,0.3018750647467109,0.37385587581381635,0.28519949955773016,0.21344022185211453,0.20896174166660025,0.19245989688339216,0.22299165663922735,0.2897162301078182,0.2952991895704006,0.15283251918494847,0.32921610659101597,0.18411494234554424,-0.08476758919108447,-0.07329885487971058,-0.09395245798436516,-0.06507662026153686
#12,0.5865725282694101,0.5910478209245432,1.0,0.5568519949955772,0.31913076046506067,0.4075385093514173,0.2869271410243129,0.4001131573285308,0.17167560503311047,0.5948935763293994,0.401894986811593,0.3443409382495677,0.10981839045653403,-0.057593892691789716,-0.2417933045924344,0.041672178437950735,0.8371777606005307,0.6584306194168413,-0.2986827530699902,-0.22106638828901337,-0.24132633139159607,-0.17237686171696323,0.19061750432308808,0.172553769653117,-0.20983671875622564,-0.4079465132402043,0.4518260564671007,0.2335344133748775,0.08408864521989975,-0.07828415239582752,0.6618635896373387,0.16617552136043798,0.6083768298416594,0.08822605965463108,0.08578759891305214,-0.20809473340292775,-0.195366924591,-0.2378025165552359,0.16094478400497256,-0.45149933460303293,0.055585748551665884,-0.04785279984699854,-0.010659101594562074,0.23324116057981178,0.04408992023205221,-0.3474615304927125,0.3036106750392465,0.1102391444668457,0.1549538206536031,0.24271450087258645,0.49098646096470605,0.5711321311031246,0.4535999171242101,0.5245272494003459,-0.20792579429272684,0.016479532070540048,-0.29641482520380275,-0.4604674513303955,0.09920232052211747,0.08640438604180446,-0.0537178557483126,-0.07463124257903084,-0.29454055733968715,-0.2014806078620437,0.3284208177609193,0.3204934297030019,-0.17635808716301826,-0.1906716923395676,-0.07257847301357091,-0.23972937867064045,0.3627011132449856,0.22249599566495867,-0.2942249918319534,0.1577014718421535,-0.6076962921052841,-0.2931683255106025,-0.4212480775207389,-0.21969096892954762,0.052275498250842704,0.0823817227007945,0.02604371697917746,0.28400895696037104,0.022186805217987233,0.10270541641100017,-0.19105100845492434,-0.1039581158507917,0.011718955446294097,0.0284072707567994,-0.04894612276773263,0.17540660934424532,0.06867534206185402,-0.038797026034154386,-0.2535855732374949,0.07798930583557125,-0.019098088278653905,0.5586816374343568,0.18704747029620125,0.6767111061527306,0.5135366446461442,0.41973559435488367,0.3763437432763031,0.7000502036035031,0.5241272143375116,0.573741124720095,0.42903043294631404,0.6504633872291595,0.44027922766138866,-0.1469626819880627,-0.18898867629832097,-0.16013196375777958,-0.17381921921443313
#13,0.5645849437002446,0.5679780697909776,0.5568519949955772,1.0,0.18369737586561372,0.22765660735203883,0.22133095331064875,0.24266828168205978,0.13460940799591997,0.7749715114472184,0.28818621552486673,0.06823068157368375,0.0010263847827299605,-0.20682609631123047,-0.007658041740710341,0.06594203476001881,0.5848831371674011,0.3035708309094821,-0.10706436420722135,-0.03986325494664871,0.1632270557578752,0.04729657579548805,0.14381340197148754,0.13947995441831554,0.05157264780179936,0.01871080333734431,0.1475444062826224,0.25605431551769475,0.02575524547968348,0.07326857334108966,0.38229486249790817,0.034882738726103486,0.34024177417941015,0.2719505295284846,0.048469586975750864,-0.17955039883973894,-0.0944369626022998,0.19945971360039524,0.38174501350716,-0.0806078620436851,-0.12891647873518794,0.024282606443592664,0.007801480607862044,0.15411231263297978,0.025570368717576838,-0.12410968292041534,0.21297006112089506,0.17164691725968012,-0.22355106822111898,-0.01370478687374989,0.10272454159328706,0.04553227772952211,0.018097203738973135,0.07379929714955095,-0.004078445122680075,0.04601837611264732,-0.03511702220911793,-0.03602387460255481,0.03492258285586784,-0.13900023109595264,0.08535728231159703,0.03791089258819498,-0.10624676266445665,-0.18495166907059582,0.12306736048577963,0.16667436986508777,0.0386902437663859,-0.2838814557451251,0.043272318689287506,-0.04113667333391771,0.04212958904764561,0.09613272876507105,-0.17700356206520093,-0.06737323590115468,-0.2431607551259473,-0.23211436859007561,0.05127461371116193,-0.03346110017611106,-0.05354254157734941,0.15288989473180917,-0.12756815338396194,0.044027763389619806,0.051260269824446765,-0.059858633027596045,-0.0502338850417168,-0.22061854027046196,0.009761811792268645,0.05012550900875774,-0.0374789822215493,0.05435058052897067,0.033158284789901904,-0.00527376901561093,-0.46344938600196034,0.07040776482400848,0.023135095506379044,0.37252826941006784,0.22062332156603368,0.36564639131716725,0.41985193921379566,-0.0489732167759724,-0.03892930854497207,0.19496370199778468,0.34998127325901074,0.1421415422865749,0.19163910781024632,0.32041692897385426,0.11601654328267816,0.034175106981488415,-0.1381156914151838,-0.15121962881208711,-0.0618030265600969
#17,0.3206273059790101,0.5053494728621633,0.31913076046506067,0.18369737586561372,1.0,0.5637354668536685,0.11536788085011435,0.24526930647307732,0.25439361218911616,0.31085274406521685,0.275020121285531,0.6213500784929357,0.4883041541489692,0.0367171624604547,-0.2390153718652631,-0.1506649985257672,0.3004996453872451,0.3723991744296313,-0.3128800133876276,-0.3543481898811848,-0.41474392177800445,-0.5082820008128203,-0.2645873343480305,0.11833387786977345,-0.35590689223756666,-0.4219812095084031,0.0244866083879862,0.028628804118289254,0.3149040951796572,0.36925308194343726,0.21942002884714995,0.22859374128409662,0.32024639609846284,0.2431735052474719,0.03205221174764322,0.238820932512013,0.26080692331598787,0.2165002510180175,0.20784451226800754,-0.4172509144227781,0.14526691582529147,0.32079146379363926,0.17973049430627386,0.2316218951461881,-0.06223493692674258,-0.13333598960865095,0.06886818764991354,0.13647411326889208,0.19563945843858824,-0.19230530165990645,0.12336539457641706,0.13190000717194336,0.03295428284550837,-0.07889615822900813,-0.5289451665086183,-0.36058778060228386,-0.35617305102439256,-0.4310130768433887,0.12027667763708373,-0.08510546741148627,-0.1202033644383173,0.07457386703217014,0.23164580162404672,-0.03473770609376121,0.0643004566137271,0.23400457410609696,0.12969742367856943,-0.15407087473802486,-0.18832885750942313,-0.13572982492489383,-0.03462933006080214,-0.04838033612507869,-0.20730900716397452,0.1916948895919164,-0.25382145048569993,-0.009796874626461283,-0.3327909219134745,-0.1922272071655683,-0.204258540589215,0.13573779375084669,0.2594665667907147,0.5747563531464909,-0.006011682298846911,0.3394225788714549,0.28867868896875426,0.08966363585652926,0.060728828821649705,0.30945501199308306,0.3508100311581095,0.5065846408848584,0.39375244045294805,0.007839730972435831,-0.060148698292280596,0.0174501350715999,0.004091195244204671,0.021055231932679358,0.26852552813394004,0.299994421821833,0.14125859637099666,0.4497525679541633,0.36328443130473587,0.372542613296783,0.4936942680234921,0.4790985664082111,0.36824263481261305,0.4374487006829284,0.25488289810262255,-0.13990548972419894,-0.1385029763564934,-0.16904270493828144,-0.18227095602004956
#18,0.22453442134370344,0.30135709105977415,0.4075385093514173,0.22765660735203883,0.5637354668536685,1.0,0.34938839260811705,0.0993441656240786,0.4005928806508937,0.36476503916677955,0.18793997880292296,0.6110097299364885,0.47103889583947595,0.14079799823092065,-0.05403342125604635,0.003490345767358095,0.430966857652862,0.4623767820287037,-0.2016973599279618,-0.3373857469579007,-0.24464933181394385,-0.362838177051375,0.006445186430683167,0.041527145805608456,-0.22886149383611312,-0.47758130194678416,0.06575875176310274,-0.15324211683892613,0.5375228107642901,0.3541728757102216,0.19922702388257138,0.33441018734709815,0.32857063168883327,0.20176429806596594,0.14010311660783017,0.19963502777135844,0.24701607312194696,0.10832184494258461,0.1853341727163337,-0.40932671389524183,0.25611328482974605,0.33721999537808095,0.268716779956809,0.3305469005251456,0.10843659603630597,-0.14185466455227153,0.055120369116018135,-0.16588067480018168,0.025226115436412754,-0.12144809505215597,0.14973105212409055,0.1486409167337376,0.17083409701248714,-0.011518141032281715,-0.3145104351775853,-0.1794770856409725,-0.25292097315302536,-0.3611870363139399,0.04468120711775534,-0.14981870920957216,-0.19385284765995425,-0.060376606714532745,0.15332339886364543,0.038798619799344965,-0.06668791686920766,-0.0038202551618070108,-0.07970579094581995,-0.023426754536254174,-0.05749189171959295,-0.12935317039740535,-0.09237144291531528,-0.1701376216242061,-0.09493740487214018,0.01706763142586203,-0.3226370438843245,-0.2108025404617138,-0.24728860696953517,-0.24945134633314472,0.0695821944552909,0.22264899712325384,0.09373570591844703,0.4713066483914925,0.12344508283594578,0.19967168437074165,0.14832056993043216,0.008242953565651173,0.030493509391261386,0.3093848863246978,0.12915235598339297,0.4953884404210728,0.31418849460908926,0.006620500601646359,-0.06195762178358263,0.049633035564870226,0.009090836647036792,0.18350293651236363,0.18906677079265913,0.343673150634717,0.26859246627194416,0.24775717393556407,0.07353951342348732,0.4620930918247815,0.5175879957605846,0.376737403278375,0.25628381770513753,0.45735004661763184,0.07753667652144809,-0.22592737212026553,-0.11743977559786117,-0.19726828646335534,-0.17804429073464606
#26,0.12924638812963687,0.3253815075424938,0.2869271410243129,0.22133095331064875,0.11536788085011435,0.34938839260811705,1.0,0.02296137510060643,0.3411661579899433,0.46769995776522244,0.1353186335057256,0.27136083640797204,0.235311461562368,0.3876562885990007,0.16755412825028487,0.1734972786459371,0.2505940759747866,0.15742893799456525,-0.03228012016989537,0.0557594689574385,-0.06582568990110688,0.05682410410474225,0.1732024320856808,0.18971224569484177,0.02697447585047295,0.1063742638797026,-0.0899855764250253,-0.21221621018575335,0.26573962658081585,0.15095028249488002,0.1479603789973623,-0.1838105331941445,0.16959096016383907,0.2559539083106886,0.2600052594251289,0.2898596689749699,0.21804460948768417,0.17618596052243624,0.05910796962283547,-0.0727792874275833,0.1498410219222402,0.1936137828813681,-0.03865836846257441,0.31205284925371946,0.01744216624564703,-0.07083170636470129,0.029795440237789766,-0.15307636525910637,-0.11302823355035102,-0.05269625226115436,0.2078046681382432,0.1577875351624445,0.025049207500258987,0.06974635226992007,-0.1627712389133709,0.13792443959231487,-0.17880132920016895,-0.00850592482209596,-0.17175369952744862,-0.19652559188454766,-0.316387890572082,-0.2811465546780993,0.26835658902373916,0.21906940050522355,-0.3616651658711122,-0.2760241933555929,0.2508777661787089,0.39212998748894323,0.2816820597821323,0.06758520667150109,0.015987058626652534,0.01581811951645164,0.17547832877782116,0.17526635800747475,-0.0026488377467347736,-0.060845173680561644,-0.1090964148252038,-0.24719138729291013,0.4142530420993075,0.3832734343249209,0.10748511821753301,0.11073799297149552,0.05771501884627338,0.0728159440269665,0.06511646439130123,-0.4034090637426388,-0.2710787399692403,0.22939221764457443,0.049258500745085226,0.00994828231956586,-0.13780809473340294,-0.21698634940114273,-0.18195857804269697,-0.17047709360979846,-0.16432197244379987,-0.02185052076277602,0.21802548430539728,0.14951748758855357,0.13555769828431177,0.0016511407374351537,-0.1628525209380902,0.06452677127078868,0.11987664257424954,0.015634836519535577,0.020631290391986547,0.15632286495230657,-0.028365832861844464,-0.3506060292137159,-0.04413295189219772,-0.25691973001617674,-0.1728852728127565
#49,0.5126505112001849,0.33114296870642046,0.4001131573285308,0.24266828168205978,0.24526930647307732,0.0993441656240786,0.02296137510060643,1.0,0.4070348795511957,0.21542286574918917,0.39522189195865776,0.02748129318107563,0.029524500155392108,0.06904350182087673,-0.12453521822629872,-0.08354676505510443,0.39634390265282216,0.29173074930870435,-0.013080030919044697,-0.2815210894978843,-0.09477005952712987,-0.25901553124178217,0.004542230793137247,-0.11399405525583915,-0.1490600769788587,-0.23246340316681144,0.17568551825259585,0.054592832837937984,-0.2392894994780419,-0.20383619281371276,0.21480129732486514,-0.054194391540294366,0.303526205484146,-0.2851596554279658,-0.20434938520507773,-0.27069145502793074,-0.39808748177131065,-0.301867095920758,-0.1248428149080796,-0.23082660631609145,-0.21858967718286065,-0.27878937596123965,-0.17268127086836296,-0.057938145972953804,0.03927834312170788,-0.15972874116456423,0.06430842543967998,0.16026265250340668,-0.2870004542230793,-0.00995943867589988,0.07213221876021006,0.059621162014200445,0.15759787710476617,0.3357983568280885,-0.10745005538334038,0.006212496712859295,-0.154737068587685,-0.19403294312648917,0.00421550892906948,0.021896739953302678,0.2908063654981712,0.3785654519519639,-0.19719497326458893,-0.006794221007418977,0.3189219772250954,0.175389077927149,0.21367450533512897,-0.04262843755229542,-0.10938488632469778,-0.21442357497469897,0.42281634246826416,0.08562981615918527,-0.11360198901895784,0.0858338181035788,-0.47895831507144054,-0.17653977639474377,-0.1314298464407239,0.11455665436811195,0.015043549633832448,-0.11156356334021308,0.05183561905824415,0.05041398050825172,-0.058226617472447784,0.20287037110822462,0.018830335726637396,0.14347711751627631,0.1278024368669764,-0.13421893552422923,-0.08820374694196303,-0.06914869032345465,-0.04841858648965248,0.07578990987257847,-0.06586075273529951,0.11762305859477723,-0.01936424706547984,0.30159456207316976,0.060821267202703026,0.340710341145439,0.4170692251910526,0.12424355919642359,0.24615862744941788,0.42844233359099204,0.19190048530150053,0.23469626819880626,0.3011259951071409,0.2704603590752974,0.3181139382734742,0.28374598570392623,0.07629513343799058,0.044614268979751216,-0.01183051900963431
#50,0.13826869287347895,0.31268716779956807,0.17167560503311047,0.13460940799591997,0.25439361218911616,0.4005928806508937,0.3411661579899433,0.4070348795511957,1.0,0.22658559714397278,0.26137589748902296,0.3345121883192949,0.3980587939978803,0.27360007650072915,0.27487986994876046,0.1982962650112759,0.20325765604953422,0.05877009140243368,0.16273776984436883,-0.16596355059009157,-0.027068507996716843,-0.0487293707018145,0.006180621409047805,-0.12428977838695025,-0.10172206328841572,-0.09393652033245942,-0.21459410785009045,-0.38140394775637704,0.3492146722023444,0.1882252627720358,-0.21414944736192018,0.012566838527679716,0.06926662894755715,0.07501374622476871,0.053961701822470495,0.22697288208528238,0.09988445202368335,0.14610204878515248,-0.10023986166118146,-0.24782251830837762,0.17290758552542454,0.2628756305333535,0.1380360031556551,0.323728773039868,-0.13204982109985736,0.0016192654336236643,-0.10058889623791727,-0.19831539019356278,-0.2307166365179418,-0.22151901760313653,-0.07006829283841612,-0.0767684816995912,0.016610220816167153,-0.13968395636270908,-0.189449274438397,-0.04441026703535768,-0.2398074731649786,-0.10513590832662624,-0.2688968754233439,-0.4231526269234754,-0.1808254109921985,-0.04915012471212616,0.323481739435329,0.04008638207332914,-0.1686841077704022,-0.364752289045255,0.2076229789065177,0.17586561371913076,0.3114631561332069,0.11946385738989075,0.2571093880738551,0.12889575978771048,0.3386225087457865,0.06825140052116122,-0.09243997481850999,-0.1319972268485684,0.013851413271282743,-0.15620652009339464,0.288481062085123,0.21558064850305605,0.1848289491509216,0.3815649180406251,-0.14953820653603106,0.280990365689423,0.2188112105443505,-0.067016232498466,-0.08558678449903975,0.21842551936823149,0.30029883097323273,0.14620883105292098,-0.08237853517041334,-0.15511797846823228,-0.16181976109459792,-0.18065328435161648,-0.16333543179083426,-0.06616675565188981,0.12376542963925125,-0.0533433209285276,-0.038296583764314,0.018927555403262436,-0.0922455354652599,0.07166205802899059,0.052889097849213876,-0.014527169712086318,-0.11501087744742568,0.05362541736725928,-0.09550000398441298,-0.18885001872674098,-0.032353433368661796,-0.18867629832096838,-0.15036696443512979
#51,0.5156882276534198,0.6017611105355848,0.5948935763293994,0.7749715114472184,0.31085274406521685,0.36476503916677955,0.46769995776522244,0.21542286574918917,0.22658559714397278,1.0,0.35639299062069185,0.3224186980532158,0.2654909992110862,-0.02812198678768657,0.02464439114185307,0.043532102415351145,0.5617464478958315,0.43928631194766077,-0.17874554741849882,-0.09348070348795512,0.04035572839053622,-0.01713616332905673,0.1601542764704476,0.1617831044952147,-0.08718533098518595,-0.05078214026727442,0.07530381148945325,0.15144913099952984,0.16621855302058347,0.1291571372789647,0.3888675501438373,0.11536947461530493,0.43473929985895177,0.21706603766067145,0.06217437384950075,0.015696993361967983,0.0865143558399541,0.17189076333383801,0.2887551896979018,-0.12799209492465474,0.017521854505175752,0.12304186024273044,0.08024926487580585,0.3065320466335695,0.0549291172931492,-0.13454246985791582,0.1896229948441696,0.10313892054283642,-0.150253807106599,-0.005117580026934632,0.2292264660647547,0.1809704436245408,0.10275163560152682,0.17876945389635746,-0.15102200192845588,0.04728223190877288,-0.11600379316115357,-0.10497812557275936,-0.0014088884284678338,-0.15168978954330659,-0.06953119396919252,-0.10823578162229358,0.02003681597590227,-0.06306369482584132,-0.023042657125325727,0.062821442516874,0.11053399102710197,-0.06261106551171816,0.03968953454087609,-0.051666679948043255,0.039844129764361816,0.046933197332037074,-0.12465475061559181,0.03558877670552797,-0.28723473770609376,-0.1830311820159536,-0.13790850194040913,-0.16265648781964953,0.048587525599853375,0.2342069822852999,0.054215110487771834,0.2161767166843309,0.00436532285698348,0.06985950959845086,0.02164492505319191,-0.29291651061049173,-0.056283817705137504,0.29133230801106075,0.11429687064204831,0.1798149638613743,0.11178987799727466,-0.08760130369992589,-0.38888348779574305,-0.005202049582035078,-0.06394504697622899,0.25424061073082105,0.2617775263170477,0.43746941963040586,0.42791160978253073,0.07039182717210274,0.06687279363131429,0.284608212672027,0.477566958060069,0.3260030759668178,0.3337392122018663,0.45701216839723,0.1603423407629354,-0.15114153431774896,-0.16351871478775032,-0.26895743850058573,-0.14922423479348787
#52,0.41664050235478806,0.41204567731036185,0.401894986811593,0.28818621552486673,0.275020121285531,0.18793997880292296,0.1353186335057256,0.39522189195865776,0.26137589748902296,0.35639299062069185,1.0,0.28608085170811787,0.29589366398648487,-0.02630509447043167,-0.060118416753659684,0.10166309397636446,0.40545864577771756,0.21962084326116232,-0.10061120895058531,-0.08783558718294034,-0.09627138633665103,-0.03765589015770306,-0.07621544517846186,0.03463570512156444,-0.1923451457896708,-0.12607001410482194,0.15536819960315246,0.03579437241511208,0.16433631633051501,0.07796858688809377,-0.0011825737714062587,0.11790196750312776,0.10362980022153336,-0.06351791790515503,-0.14034377515160693,0.043132067352516956,-0.19393253591948298,0.021788363920343615,-0.005227549825084271,-0.18074731649786038,0.1610738789854091,0.25800986540652965,0.16854385643363162,0.2356557148435321,0.06285491158587606,0.01806532843516165,0.013892851166237678,-0.010447130824215669,0.07331160500123517,0.10725880356047143,0.017564886165321262,0.1270836487660273,0.15111922160508093,0.12421646518818383,-0.19809863812764467,-0.11443712197881886,-0.26399604746232735,-0.1017603136529895,-0.05192486990891632,-0.05932950298432532,0.019706906581453354,-0.017258883248730966,0.03590752974364287,-0.029398592705336724,0.10731458534214154,0.17504323088079432,-0.03989034895488847,-0.07936153766465587,0.006394185944584785,0.08216656440006694,0.22784785917490777,0.2005307238084613,0.04892221628987401,0.06357848098239686,-0.3094757309405605,-0.020212130146865463,-0.2094334961630103,-0.14956211301388966,0.0804835483588203,0.20659340659340658,0.2770346404864171,0.3894891185681614,-0.15089928200878164,0.36829841659428314,0.23556008893209762,0.03991903672831882,-0.009619966690307517,0.3322968547043964,0.387160627624732,0.2685223406035589,0.15991043039628972,-0.18994015411709392,-0.10043748854481269,-0.12981058100710022,-0.12125046816852474,0.24389388711361154,0.24766314178932017,0.18076962921052842,0.06783224027604014,0.13317342555921236,0.14164747507749684,0.18046681382431926,0.10325048410617664,0.22935556104519123,0.005139892739602674,0.23678728812883998,0.04154786475308593,-0.0625265959566177,-0.11256604164508444,-0.16294336555395295,-0.1798771207038067
#53,0.17299205508052498,0.3474360302496633,0.3443409382495677,0.06823068157368375,0.6213500784929357,0.6110097299364885,0.27136083640797204,0.02748129318107563,0.3345121883192949,0.3224186980532158,0.28608085170811787,1.0,0.633854760178183,0.06439767629035215,-0.07190271657276734,-0.014955892548350851,0.37735259664193677,0.2858083178605296,-0.2777837101259871,-0.14696905704882499,-0.2643323319175386,-0.29831140578058635,-0.14237582576958938,0.0306736048577963,-0.33080827801639984,-0.3068013929507766,-0.039668815593398625,0.001756329240013069,0.6630302257568392,0.5147335623042657,0.09041748679167098,0.1903545330666433,0.3569906525671573,0.25665835252492253,0.2050203603503096,0.38723712835387963,0.3856784259974978,0.23989672401565076,0.05766561212536557,-0.4345129852018902,0.4194471228553897,0.3691638310927651,0.41571293101387374,0.4915474663117883,-0.024230012192303706,-0.20175154794444133,0.1350190056498976,0.01308799974499757,0.2752958426635004,-0.09300257393078278,0.23833483412888778,0.21293499828670243,0.14226426220624916,-0.12263704388432452,-0.4658735028568241,-0.37039581158507917,-0.38059112750918406,-0.38625536899648577,-0.10376527026273219,-0.2963526683613703,-0.36511726127389654,-0.2038760369434771,0.4012048864840743,0.07125086660982237,-0.1205970244403892,-0.06756926901959534,-0.09254038202551618,-0.12317254898835754,-0.03308337782594491,0.10145431073639921,-0.062160029962785586,0.02277331080811864,-0.0016097028424802175,0.16590298751284974,-0.19767469658695183,-0.06950409996095275,-0.3486616356812151,-0.3487094486369323,0.038647212106240385,0.3128720445616747,0.27506634047605766,0.6937643936918774,0.015448365992238363,0.4481078022774905,0.33814916048418586,-0.015434022105523193,-0.09146140299149726,0.4730295085625035,0.43356628867868896,0.6712668042617281,0.31245925937731595,-0.07873359417956953,-0.10924782251830838,-0.2393261560774251,-0.2440293571548104,-0.006255528373004805,0.2727713186016304,0.2767700754647818,-0.06120695837882205,0.3507128114814844,0.15725999888436437,0.3375833738415319,0.3906605359832336,0.4017658918311565,0.14371777606005307,0.5023436317127398,0.09877837898142466,-0.42638318896476984,-0.032782156204926326,-0.4353943373522779,-0.4913641833148722
#54,0.046585756520491836,0.22588115292973887,0.10981839045653403,0.0010263847827299605,0.4883041541489692,0.47103889583947595,0.235311461562368,0.029524500155392108,0.3980587939978803,0.2654909992110862,0.29589366398648487,0.633854760178183,1.0,0.1592936432675374,-0.06702738885480002,-0.15665436811194608,0.10766521368406792,0.12077074484616182,-0.06886978141510411,-0.157808254109922,-0.26066348444883614,-0.27648479149566896,-0.09100399238180239,-0.15026815099331414,-0.3487174174628852,-0.32619910908525845,-0.00668106367888819,-0.039118966602650435,0.539958083975488,0.4967032967032967,-0.15024743204583668,0.184966012957311,0.15166747683063855,0.13423487317613497,0.10793137247089386,0.351216441281706,0.30578935205476176,0.29169728023970226,-0.16305971041286488,-0.3285562878021181,0.2566057582736335,0.37336658990030996,0.33219325996700905,0.36809760218027077,-0.07112814669014814,-0.03835555307636526,0.04168014726390361,0.03320291021523799,0.2451338364318785,-0.0758759731928695,0.1565412107834153,0.11947501374622477,0.09802930934185466,-0.10680936177672944,-0.40776163647809766,-0.33048314991752265,-0.2565212887185331,-0.2299866920606587,-0.08688889065973911,-0.2731793224904175,-0.3548725386288838,-0.1867382798492298,0.45818677334268343,0.09224234793487876,-0.03543896277761397,-0.07687048267178796,0.17528867072014281,0.02709878953533776,-0.056481444588768734,0.07024041947899816,-0.06373466997107316,-0.07874315677071297,0.1391468574934855,0.14694674433615695,0.057911051964714036,-0.01654806397373475,-0.15797719322012288,-0.21253177569348708,-0.09283841611615361,0.1230944544940194,0.2376479213317502,0.5417972890054108,-0.0439592314864251,0.3682394472822319,0.3924152714580561,-0.009258181992047112,-0.050597263505167786,0.42134051590179217,0.40524348747699,0.5354349783646375,0.325332100821586,-0.08411255169775837,0.004999641402832121,-0.20086063320291023,-0.15994708699567292,-0.11703974053502697,0.07606563125054785,0.11819043900262174,-0.07522252946473396,0.23870140012271993,0.21463713951023597,0.16215604554980914,0.25029922941453037,0.3122504761373507,0.05810867884834527,0.3228984213755787,0.08604100757835348,-0.38774235191929174,-0.005098454844647738,-0.34607973607248443,-0.3176358087163018
#58,-0.2944943381491605,-0.018616771191100414,-0.057593892691789716,-0.20682609631123047,0.0367171624604547,0.14079799823092065,0.3876562885990007,0.06904350182087673,0.27360007650072915,-0.02812198678768657,-0.02630509447043167,0.06439767629035215,0.1592936432675374,1.0,0.3783247934081872,0.3344468439464814,-0.11709870984707824,-0.03012853716261983,0.15161488257934957,-0.0069185346922837855,-0.07614213197969544,0.009757030496696921,0.004669732008383205,0.10435655714843532,0.08214425168739889,0.05051120018487676,-0.30824853174381817,-0.35760584593071904,0.25452589469993386,0.19800619974659134,-0.17646486943078676,-0.14689733761524915,-0.13208966522962173,0.018049390783255903,0.31191578544733006,0.42684378710484583,0.364078126369642,0.22029819346715648,-0.061889089880387924,0.032839531751787006,0.09452621345297198,0.18942218043015724,0.008853365633641195,0.18923411613766944,-0.21341153407868418,-0.07135127381682857,-0.1787359848273554,-0.17518507598275546,-0.18839579564742726,-0.31805337519623234,-0.16898532939142077,-0.13837388137605686,-0.28900381706763145,-0.21344340938249567,-0.017897983090151327,0.1326028576209867,-0.22048466399445368,0.018103578799735436,-0.27632700874180205,-0.342422044960116,-0.3147351560694563,-0.16928017595167705,0.4607670791862235,0.39714237901329996,-0.2561276287164612,-0.34185466455227154,0.545182446270191,0.530395492832041,0.3894556494991593,0.21848448868028272,0.12152300201611296,0.10678386153368025,0.42327215931276846,0.10956179426085155,0.17481850998892334,0.1406944034935333,0.020384256787447506,-0.10211412952529704,0.4981424666703855,0.34585501518061346,0.08946282144251687,-0.13586688873128322,-0.03136848648088677,0.1830359633115253,0.20057216170341624,-0.22558311883910143,-0.272398377547036,0.08209165743610994,0.03737857501454311,-0.2749404330260023,-0.2188988676298321,-0.1828000860633203,-0.15591964235909123,-0.3439409031867335,-0.24920112519822454,-0.1549665707751277,0.1276637792953964,-0.20117619871064396,-0.22412004239415406,-0.15664799305118376,-0.1801576233773478,-0.03709647857581143,-0.00761819761094598,-0.13291045430276757,-0.10717114647498983,-0.12163137804907204,-0.12439018559395644,-0.2520252771159225,-0.1524882659037844,-0.2716254014296074,-0.14500713209922783
#101,-0.24791973798500266,-0.11748599478838782,-0.2417933045924344,-0.007658041740710341,-0.2390153718652631,-0.05403342125604635,0.16755412825028487,-0.12453521822629872,0.27487986994876046,0.02464439114185307,-0.060118416753659684,-0.07190271657276734,-0.06702738885480002,0.3783247934081872,1.0,0.7775852863597607,-0.04122592418458988,-0.2779622118273315,0.5116894707902685,0.2940401150698468,0.5448541306409327,0.5252412562057233,0.26146992963526683,0.18535967295938288,0.42474479834885925,0.39006924909753043,-0.49748105411629706,-0.46169943182270956,0.2884268740686435,-0.010225597462725817,-0.35787519224792613,-0.1866697479460351,-0.15780984787511257,0.14046012001051886,0.16381196758281602,0.26645682091657436,0.2794651324020432,0.22508905163002335,0.07674298145654201,0.2682211189825403,0.24766632931970134,0.2552303389141678,0.2273091665404936,0.22630031317485994,-0.03836670943269928,0.13667174015252334,-0.20106304138211317,-0.3832814031508738,-0.5156037580983194,-0.4285459283283794,-0.3630501478217214,-0.3818693271920248,-0.25634119325199817,-0.23045685279187816,0.3907848496680984,0.5630549291172932,-0.1965734048402649,0.14534341655443903,-0.462233343161552,-0.5492401724453936,-0.39489517009458996,-0.4028847149949398,0.273319573827188,0.3267585206671501,-0.5297229239216187,-0.49211006542406105,0.3059471348086286,0.40625871590338597,0.6854640645793655,0.5344771254851023,0.1550287276175601,0.03332403636972165,0.6048992341958259,-0.13140753372805586,0.06953597526476424,-0.006512124568687295,0.046035907529743646,-0.3008678051462678,0.6772944242124808,0.43140195554988886,0.13605335925858042,-0.1551163847030417,-0.06567746973838344,0.12528906916144045,0.1979536054953024,-0.48897672305939166,-0.5081529058323837,0.08589278741563006,0.11218353799934655,-0.3143112145287635,-0.41645403182749086,-0.4353688371092287,-0.37062212624214075,-0.5437193698252436,-0.4465124433217254,-0.19588649204312727,0.10724764720413742,-0.39442819689375164,-0.26954235032552654,-0.43515049127812,-0.6286176477619553,-0.29368629919753925,-0.26235128178565453,-0.46330275960442746,-0.30956657555642325,-0.3667030576385181,-0.35855413621911086,-0.33746543521742944,-0.4931938257536517,-0.35887926431798806,-0.2693702236849445
#102,-0.09266310194519041,0.032319964299659734,0.041672178437950735,0.06594203476001881,-0.1506649985257672,0.003490345767358095,0.1734972786459371,-0.08354676505510443,0.1982962650112759,0.043532102415351145,0.10166309397636446,-0.014955892548350851,-0.15665436811194608,0.3344468439464814,0.7775852863597607,1.0,0.10655276558104694,-0.1475938130035302,0.45571803106248354,0.39766354023061784,0.33015802181864545,0.6351775852863598,0.06864665428842369,0.31323382925993515,0.21407613416315374,0.34533226019810503,-0.3075122122257728,-0.30489206225246834,0.3067727051773462,0.011237638358740606,-0.1351751946385739,-0.0684458398744113,0.04611081449370064,0.3265624875487094,0.20342340762935396,0.23833005283331607,0.12723186892875074,0.1832559029078246,-0.06470208544175186,0.1905585350110368,0.3298759253799138,0.35665596187713666,0.21862633378224386,0.3783056682259003,-0.1346763461339241,0.07726573643905044,0.013819537967471252,-0.27188199762528986,-0.36690068452214936,-0.21480607862043685,-0.20593996286527105,-0.09796077743865997,-0.14463100351425223,-0.07413717536995275,0.23279490632645092,0.6408944210249504,-0.48071783184183475,0.05270900238267896,-0.5988572703583581,-0.561673134697065,-0.5432476153288336,-0.5660304887280957,0.15416012558869702,0.3153375993114934,-0.3514953501900565,-0.4369434771175163,0.14750296838766744,0.3974276629824128,0.7525918606411718,0.5731354939476767,0.2804867358892014,0.26703695144594347,0.5737666249631442,0.030801106073042258,-0.06342866705448286,0.04395445019085338,-0.26352429296591734,-0.44162755301261464,0.6437823235502713,0.6284375522954203,0.23651794181163288,0.05705041876180382,-0.21556152332076914,0.21342747173058993,0.04732048227334667,-0.581775295045781,-0.688128839978006,0.0557594689574385,0.19675828160237152,-0.3332754265314091,-0.4259719975456016,-0.7055757875192248,-0.4662735379196583,-0.6582441488895441,-0.6359872180031716,-0.11943676338165098,0.31960251496147074,-0.2861716963239806,-0.2232195650614795,-0.20121285531002717,-0.42216130497493803,-0.11662376782028704,-0.20388878706500171,-0.3248667213859382,-0.29264238299771295,-0.23444764082907665,-0.19795201173011182,-0.48992182581740235,-0.63603821848927,-0.48384479914574186,-0.47602419335559293
#201,0.660712891169744,0.48262238124457124,0.8371777606005307,0.5848831371674011,0.3004996453872451,0.430966857652862,0.2505940759747866,0.39634390265282216,0.20325765604953422,0.5617464478958315,0.40545864577771756,0.37735259664193677,0.10766521368406792,-0.11709870984707824,-0.04122592418458988,0.10655276558104694,1.0,0.5577907226928257,-0.21768919985018606,-0.2884874371458853,-0.07552375108575253,-0.17772394393134058,0.2282255815250739,0.15762656487819648,-0.10182087673023134,-0.33888866753261243,0.28993776346930805,0.03508514690530644,0.17399453338539633,-0.06817011849644192,0.5229892659914415,0.05088892253504291,0.4968977360565468,0.1552104168492856,0.04480073950704842,-0.18812166803464844,-0.13087043485883224,-0.13939070356764338,0.2259974977886508,-0.32588832487309644,0.08716620580289906,-0.11044792770681096,0.09967885631409924,0.18869701726844584,0.07399214273761047,-0.31528500506020446,0.2733928870259545,-0.010069408474049519,-0.007063567324626063,0.03932774984261569,0.30972913960586185,0.29210528412848935,0.32123931181219073,0.3291619185745364,-0.13727577715975106,0.03721601096510451,-0.3022543808620676,-0.4443273912454478,0.10265760345528294,-0.046871040489604665,-0.012373992939620207,-0.06004350978970268,-0.2131676880045263,-0.18097841245049368,0.16856935667668083,0.1932185291141056,-0.1577062531377252,-0.18747778689765637,0.06040529448796309,-0.11029333248332523,0.40220098972818336,0.2332650670576704,-0.18068515965542797,0.1026464470989489,-0.5796428372207922,-0.4160205276956546,-0.32634414171760073,-0.2888428467833834,0.17951374224035574,0.1461275490282017,-0.005096861079457163,0.26201818486082445,0.08983098120153958,0.07852640470479484,-0.08165974706946426,-0.09758624261887495,0.03650678545529887,-0.016497063487636368,-0.10536381674887839,0.2562870052355187,0.013547004119883018,0.03794754918757819,-0.2435225398242077,0.09200168939110201,0.013873725983950785,0.5868068117524246,0.14228816868410776,0.6462239718222315,0.4708412689558447,0.3297500179298584,0.10536222298368782,0.5634645267712708,0.40521479970355967,0.3791057383515687,0.3238753994374009,0.5734446843946481,0.26445345807202225,-0.14823450661014112,-0.27676051287363834,-0.14363011897457148,-0.17039262405469802
