,#10,#11,#12,#13,#17,#18,#26,#49,#50,#51,#52,#53,#54,#58,#101,#102,#201,#202,#301,#302,#401,#402,#501,#502,#601,#602,#701,#702,#801,#802,#901,#902,#1001,#1002,#1101,#1102,#1201,#1202,#1301,#1302,#1401,#1402,#1501,#1502,#1601,#1602,#1701,#1702,#1801,#1802,#1901,#1902,#2001,#2002,#2101,#2102,#2201,#2202,#2301,#2302,#2401,#2402,#2501,#2502,#2601,#2602,#2701,#2702,#2801,#2802,#2901,#2902,#3001,#3002,#3101,#3102,#3201,#3202,#3301,#3302,#3401,#3402,#3455,#3501,#3502,#3601,#3602,#3701,#3702,#3801,#3802,#3901,#3902,#4001,#4002,#4101,#4102,#4201,#4202,#4301,#4302,#4401,#4402,#4501,#4502,#4601,#4602,#4701,#4702,#4801,#4802
#10,1.0,0.3393588282638319,0.4252293029667939,0.4536796053837388,-0.12933085768473732,0.024446764258221836,0.30213803600315564,0.31567547753189523,0.06999179210926854,0.387801321231343,0.3724836439847317,0.06575715799791217,-0.039144466845699624,0.1449401939612237,-0.4117747372279642,-0.3687510459084063,0.2123803680003825,0.09541872195969368,-0.16352190231813146,-0.027457386703217016,-0.24901465467092734,-0.21653053255663843,-0.1255982596084119,-0.23139558048912653,-0.11463156133206895,-0.15669102471132929,0.4344269218815992,0.3733410896572608,-0.05168739889552072,-0.07046035907529744,-0.0404258540589215,0.04177099187976636,0.13544772848616213,0.12217963327462965,-0.16191857453641356,0.11293898269967885,-0.2526627831921523,-0.03763995250579732,0.0005976619464654273,0.019137932408418268,0.16738200160970285,-0.11137390528253473,-0.23092701352309764,-0.30160890595988493,0.1080971240507136,-0.20790507534524938,0.17260158260883424,0.25602403397907386,0.3644430985982835,0.2632214775797082,0.35372821522205133,0.2342882643100192,0.19868036242220433,-0.02131979695431472,-0.07710954745037414,0.16952720955621609,-0.11322107913841054,-0.22266652854035016,0.1417128194503104,-0.028128361848448868,0.10295404378072978,0.2226203093498235,-0.020691853469228378,0.055706874706149545,0.12647642422841843,0.4492585007450852,0.2356939652081059,-0.11203372407143256,-0.17137757094247305,0.07716692299723482,-0.08222553371211819,0.40040003506283417,-0.41710269426005464,0.16740590808756145,-0.22320203364438318,-0.08971304257743706,-0.039931786849843415,-0.08289650885735005,-0.04961869167815506,-0.11919610483787424,-0.24913896835579213,0.014429950035461275,-0.13163225461992684,-0.1773430340507933,-0.04200686912797138,0.19396441122329447,0.143834120918965,0.4117572058108679,0.07904597215692212,0.03485405095267314,-0.08094892779446804,0.256776291149025,0.0621711863191196,0.15245957813035405,-0.13258691996908095,0.022207524165464704,-0.049982070141606036,0.13774275036058936,-0.023809258181992046,0.23848942935237352,0.3048474368271323,0.11050849078405278,0.14792690992836025,0.12534006964753883,0.32739921427376106,-0.08107802277490457,0.14597136003952538,0.007036473316386297,-0.023398066762823834,-0.09371020567539784,-0.14084899871701903
#11,0.3393588282638319,1.0,0.4474495772537832,0.47047310919682206,0.11314935970483468,0.07350445058929468,0.36886101570655594,0.2103961303381173,0.5811361952043606,0.58979034018918,0.38413406752783114,0.13172469300098016,0.23421016981568105,0.24991353823841134,-0.036009530715839635,0.07471889966451242,0.32347855190494784,0.09452621345297198,0.11856656758759732,0.08519471826215844,0.027706014072946632,-0.02865589812652902,0.016493875957255218,0.11280032512809887,0.05550606029213716,0.245390432627561,0.027325104192399335,-0.21679191004789264,0.16913195578895363,0.23347863159320736,0.09417717887623617,0.11356214488919347,0.08506084198615019,0.3017364071751309,0.25377523129517326,0.259611599423057,0.03523974212879216,0.206281028616054,0.07847381045350589,0.1919467044920272,0.22397979105738353,0.32620707791121134,0.07347416905067376,0.10603319812891966,0.1863589637338731,0.02699997609352214,0.04865286997266693,-0.10745164914853095,-0.13159081672497192,-0.19758066444070796,-0.06777008343360773,-0.07519384169130362,0.13277498426156875,0.06254731490409518,-0.1404760576624246,0.07785861708994414,-0.253469228378583,-0.2727569747149153,-0.1884738901417654,-0.2942042728844759,-0.27714142275418563,-0.22232227525918608,-0.15342221230546105,-0.203146092486194,0.19511989098646096,0.13222035397524884,-0.022336619145901234,-0.30999211086230666,0.20513989273960268,0.16941564599287587,0.17572854991274137,0.3065097339209014,-0.08692554725912231,-0.023605256237598515,-0.2599064459833133,-0.21610659101594562,-0.29298504251368646,-0.27089705073751486,0.04522786857812239,0.22730597901011243,0.038475085465658344,0.06515949605144675,-0.018224704954219094,0.27920375491078897,0.0883934049996414,-0.2210090127421527,-0.18041900086860202,0.27151543163145775,0.1741395660177386,0.07080142482608037,0.2123739929396202,0.00010359473738734072,0.01761748041661022,-0.23666456820916573,-0.22696172572894835,0.04311294217023006,0.358119038322084,0.006182215174238379,0.08464327550621967,0.237098072341002,0.015905776601933236,0.03537999346556272,0.1618962618237455,-0.03183545968172509,0.09785080764051032,-0.03987759883336388,-0.061890683645578495,-0.26437058228211235,-0.20142641984556414,-0.3197459538286224,-0.26739395484863215
#12,0.4252293029667939,0.4474495772537832,1.0,0.538912574010471,0.21224649172437424,0.3796189307429336,0.38904445807999105,0.03126011044792771,0.26043079473101227,0.47456749197140785,0.4172716333702556,0.27709520356365896,0.2650192447146762,0.19425766401836017,0.000670975145231853,0.046404067288766344,0.6702930137302872,0.6985042513686459,-0.006763939468798062,0.13677533488991067,-0.06264134705033908,-0.0994318227095602,0.1670345607981576,0.42721354062905914,0.29023101626437375,0.44055973033492973,0.09560200495660974,0.026646160221214608,0.15517535401509297,0.04592593773159401,0.47950338276661697,0.3434356796213214,0.6652997473882173,0.3405206830877607,0.11812668839499876,0.12687645929125263,0.040328634382296454,0.24912462446907696,0.17053446915665915,0.3372550582122736,0.2773980189498681,0.021883989831778083,-0.17271473993736502,-0.014531951007658042,-0.04567093530110209,0.15583836033437193,0.0685207468383683,-0.03133661117707528,0.054686864984181884,0.10612563650997299,0.20551761508976882,0.29885487971057223,0.46280550486496824,0.4073743515367881,-0.08081345775326922,0.36270589454055735,-0.5385746957900692,-0.17723465801783422,-0.321856098940943,-0.0923268174899792,-0.04829108527440652,-0.055243089035692375,-0.13977798850895298,0.0074444772051733615,-0.09118727537871846,0.40386806811752424,-0.022201149104702403,-0.25555865454342613,0.31013554972945834,0.37667205890556144,0.5966785933428428,0.5594482384910231,-0.3169425208584019,-0.1788794236945071,-0.44601200105188504,-0.32633776665683845,-0.34752049980476374,-0.30327279681884467,0.14214791734733723,0.2934010152284264,0.07198877989305835,0.17484241646678195,0.06019332371761668,0.08319613671317805,0.08205340707153615,-0.24831499175226515,-0.19020312537353873,0.15032074524460312,0.22419016806253936,-0.049864131517503525,-0.00021197077034640488,-0.2330833778259449,-0.15073990548972419,-0.34444453298695504,-0.5743005363019866,0.3507446867852959,0.47959422738247975,0.6622174055096463,0.554396002836902,0.6703966084676745,0.4901592968307979,0.6570456374662321,0.4150897688243591,0.4739841739116576,0.7023547880690738,0.5495190813537442,0.4974603351688196,-0.044051669867478424,-0.3307429336435863,-0.4722660950362183,-0.5429814565420077
#13,0.4536796053837388,0.47047310919682206,0.538912574010471,1.0,0.3054674114862657,0.22375188263513138,0.21615281020647228,0.010268629122871327,0.14952705017969703,0.6370151965510922,0.21955071759277706,0.2628835993593064,0.12567794786794062,0.04267465674282208,-0.11934432500059766,-0.03662791160978253,0.4223621193889504,0.291563403963694,-0.029304560559092828,-0.06851596554279658,-0.058903967678441936,-0.060470638860776645,0.14244595143797464,0.004829108527440652,0.14714437121978818,0.18984452820565947,-0.0691646279753604,-0.0015873901298121748,0.11905266597072253,0.050098415000517975,0.1327462964881384,0.18910342739204233,0.274859151001283,0.3428746742742392,0.17164054219891783,0.03935006255528373,0.05414020352381484,0.15611886300791306,0.2769836400003188,0.20628580991162573,0.3424842018025484,0.22059144626222218,-0.06344301094119803,-0.06634047605766243,0.005707273147447187,-0.011664767429814565,-0.07459936727521935,0.04203715066659229,-0.13112543728932416,-0.08430220975543673,-0.033861135238945246,-0.08508315469881822,0.1029094183553937,-0.13070946457458424,0.018745866171536948,0.09786674529241607,-0.10848759652240435,-0.11382989744120998,-0.03910302895074469,-0.04695072874913339,0.21999219055056618,0.20555267792396145,-0.18413884882340284,-0.056403350094430586,-0.03964650288073058,0.2251783024806955,-0.12716014949517487,-0.4040704762967272,0.05374494975655237,0.1349807552853238,0.03743276303102264,0.1837611264732367,-0.3345600012750122,-0.01606674688618126,-0.3674505335128975,-0.28902772354549006,-0.03796348683948394,0.0364111595438644,0.11120337240714326,0.040712731793224904,-0.06884268740686435,0.09543465961159943,-0.013132625170333655,-0.0021531767724661125,0.03908071623807664,0.10909003976444151,0.16567029779502587,0.12834591079696228,0.09983026400720382,-0.027382479739260016,0.026180780785566862,0.10971638948433728,-0.11749077608395955,0.06395939086294417,-0.1654121078341528,0.19308943413366908,0.2417486791670983,0.24145383260684203,0.10109730733371053,0.3491716405421989,0.14524619687781398,0.19810023189283524,0.2341575755643921,0.2314099243758417,0.3627250197228442,0.2872251751149503,0.24510674242363872,0.19031309517168835,-0.0777677724740814,-0.10291419965096542,-0.06524874690211892
#17,-0.12933085768473732,0.11314935970483468,0.21224649172437424,0.3054674114862657,1.0,0.5705663444604706,-0.04305716038855995,-0.26271625401429605,0.3568870578297699,0.13466200224720892,0.0669349504737467,0.5977559786116712,0.5131366095833101,0.2251735211851238,-0.008474049518284472,0.024150323932774984,0.30409199212679994,0.41230705480161606,-0.09706030010598539,-0.1985082357816223,-0.24297269083345951,-0.15870873144259656,0.023028313238610557,0.19173154619129965,0.0728972260516858,0.2968833921698316,-0.5407087473802484,-0.39530954904413934,0.39900389675589093,0.3144897162301078,0.43903449704755,0.46337447903800333,0.3969527209556216,0.45455617623855477,0.45470758393165933,0.21354541035469243,0.5161265130808278,0.44486289634948084,0.48374757946911684,0.3626278000462192,0.37336658990030996,0.4458048115771103,0.43070069886603607,0.44118926758520666,0.0012797934480313015,0.16821235327399214,-0.25507096239511035,-0.12302592259082469,-0.5594530197865949,-0.3433591788921738,-0.40871789559244237,-0.3645674122831483,-0.14735952952051573,-0.1626708317063647,-0.08307501055869439,-0.06576672058905561,-0.24777789288304153,-0.09910350708030186,-0.08181115476256882,0.07866984357194655,0.15774290973710844,0.034610204878515245,-0.09309819984221725,0.04927762592737212,-0.2882228721242499,-0.13251998183107683,-0.22184095817163257,-0.29221047263106725,0.31905744726629426,0.2244117014240292,0.30731299157695097,0.222075241654647,0.14069121596315215,0.10433743196614843,-0.26671979217301917,-0.18797026034154388,0.010552319326793583,0.07870809393652033,0.21121213811569142,0.26967303907115364,-0.02370725720979528,0.5997545601606515,0.0786539059200408,0.12613057718206377,0.5253352883519671,0.016125716198232515,0.17520738869542352,-0.09716867613894445,0.25854058921499096,0.3236443034847676,0.5044043701041525,0.019866283100510803,0.1891113962179952,-0.01950609216744097,-0.14959398831770115,0.10680139295077656,0.33599598371171974,0.16614045852624532,0.1664050235478807,0.08652869972666927,-0.1096526388767143,0.3205747117277212,0.31698555251854743,-0.07093530110208864,0.12111818565770704,0.25230099849389187,0.23104017085162842,0.13788300169735992,0.1205842743188646,-0.09904931906382233,-0.07191068539872021
#18,0.024446764258221836,0.07350445058929468,0.3796189307429336,0.22375188263513138,0.5705663444604706,1.0,0.3447282231908773,-0.3577731912757294,0.34557929380264407,0.21423232315183005,0.07240794013817944,0.6160444341735132,0.7299747388217294,0.3352548828981026,-0.06485986819561874,-0.007524165464702085,0.42375985146108425,0.629682282909259,-0.04923140673684546,-0.12238044768864204,-0.21992365864737148,-0.3702938106128824,0.14389787152658798,0.28720923746304455,0.16350915219660686,0.14285873662233342,-0.3469897759963025,-0.21123604459355003,0.6528890978492139,0.4967782036672537,0.5777032249838632,0.6491804062507471,0.4940640215477054,0.2898596689749699,0.46309238259927166,0.2933372646208034,0.350864219174589,0.4284327709998486,0.38275864816836536,0.4215461116113763,0.3392329208137765,0.1289706667516675,0.17811122887265018,0.19588171074755556,-0.1273466200224721,0.15287236331471285,-0.1298185498330531,0.0531871319398513,-0.2292870291419965,-0.0548669604507168,-0.1491349839428157,-0.12585007450852265,-0.02804389229334842,-0.058582027109945894,-0.08407748886356572,0.031822709560200495,-0.4767493565173043,-0.3361872355345887,-0.07456908573659843,0.10624038760369435,0.10081999219055057,-0.03221955709265354,-0.12399174429631282,0.16412753309054978,-0.3162827020695041,0.14526054076452916,-0.061804620325287475,-0.28386870562360045,0.2649539003418626,0.2913084015332021,0.4068675342061854,0.2947047151543163,0.0921642534405406,-0.07253384758823482,-0.23006956785056856,-0.2196845938687853,-0.09348548478352685,-0.09383451936026266,0.2027476511885504,0.40941755851110456,-0.15543991903672832,0.541287284144427,-0.020135629417717887,-0.0043334475531719915,0.6037931611535673,0.02159392456709353,0.0892620070285045,0.08668170118496442,0.09032186088023651,-0.01651937620030441,0.4316537704499996,-0.11631935866888732,0.25064826399126616,-0.14196941564599289,-0.21012359649052906,0.11800396847532453,0.2964275753253273,0.27878778219604905,0.3272127437464638,0.045530683964331534,0.08760289746511646,0.5338157129310138,0.503140514308027,0.0012463243790292377,0.36572607957669595,0.1885057654455769,0.2288312122974922,0.03668528715664321,-0.14871422993250405,-0.178096884985935,-0.22328969072986476
#26,0.30213803600315564,0.36886101570655594,0.38904445807999105,0.21615281020647228,-0.04305716038855995,0.3447282231908773,1.0,-0.01468813999633434,0.3215261895464941,0.17635808716301826,0.30613838663149756,0.182568990110687,0.22748448071145677,0.2703057638518117,-0.29540119054259734,-0.237472607160787,0.1342316856457538,0.2520842464279738,-0.04177896070571922,-0.0515136784897481,-0.25789192678242717,-0.3706093761206162,-0.13815712931013874,0.13542860330387524,-0.04165145949047327,0.05135430197069066,0.023761445226274814,0.056083003291125116,0.1240618699646981,0.07737251870681892,0.0828375395452988,0.21400760225995905,0.14585342141542287,0.1322474479834886,0.03151351911322905,0.2108886037820048,0.0021053638167488785,0.20594155663046163,-0.09025811027261353,0.14472981695606787,-0.11492481412713465,0.03666297444397517,-0.12322195570926535,-0.05589972029420905,-0.2389277147797815,-0.14756034393452813,-0.039554064499677265,0.1800890914741531,0.09848193865597782,0.06502402601024791,0.09819187339129326,0.09009076492760322,0.005845930719027166,0.06164524380623003,-0.17256492600945103,0.12690514706468295,-0.4201324418873367,-0.26941325534509003,-0.0925324131995633,-0.07252587876228195,-0.0912844950553435,-0.08030504665747595,-0.020881511526906742,0.12380846129939677,0.05890715520882309,0.4400210377005156,0.13241798085888007,-0.09017204695232252,0.167460096104041,0.3073910860712891,0.29666823386910407,0.47822518308377626,0.013547004119883018,-0.03084732526356892,-0.04058682434316952,0.019984221724613314,-0.08126449330220178,-0.17670393420937294,-0.1383037557076716,0.07651507303428985,-0.10069089721011404,-0.0652551219628812,-0.14117890811146794,0.14037883798579956,0.028708492377817977,0.08611272701192933,-0.006504155742734423,0.21593127684498242,-0.09415964745913985,-0.12306417295539848,0.02597359131079218,0.06925228506084198,-0.039348468790093155,0.022835467650551045,-0.11430005817242946,-0.07684498242873877,0.13783837627202383,0.10891791312385946,0.19759182079704196,0.03677453800731538,0.2725609415964746,0.19078963096367013,0.2697495398003012,-0.007117755341105595,0.18541226721067186,-0.06798842926471643,0.0032225932153415837,-0.1803903130951717,-0.13197650790109094,-0.11571691542685016,-0.18737578592545961
#49,0.31567547753189523,0.2103961303381173,0.03126011044792771,0.010268629122871327,-0.26271625401429605,-0.3577731912757294,-0.01468813999633434,1.0,0.01204727107555244,0.09987010813696819,0.5368406792627243,-0.22166086270509766,-0.3219756313302361,-0.0827929141199627,-0.07939500673365793,-0.24053263632669,0.0015873901298121748,-0.17599630246475786,-0.10153559276111851,-0.2348317382400051,-0.020612165209699655,-0.033657133294551715,0.13470184637697327,-0.32256054315517696,0.13241479332849893,-0.09213397190191969,0.3262198280327359,0.0298368781327447,-0.25749826678035526,-0.2789965654360143,-0.26821793145215916,-0.33267457705456255,-0.13974770697033206,-0.11741586912000256,-0.2545370510562679,0.17202304584465572,-0.21167751755133915,-0.22156204926328205,-0.14150244244515456,-0.327066117348931,0.02677206767126999,-0.15637227167321438,-0.3381156914151838,-0.26267162858896,-0.02904477683302919,-0.28247097355146666,0.3101498936161735,0.16859804445011117,0.25980125748073535,0.12050458605933588,0.22939062387938386,0.24020750822781278,0.2782777773350652,0.17780203842567874,0.26788802205771023,-0.03695303970865972,0.015827682107595088,-0.07278725625353617,-0.15859238658368463,-0.36482241471364024,-0.028423208408705145,-0.03474567491971408,0.08931300751460287,0.0246364223159002,0.22702069504099961,-0.09406561531289595,0.05526380798316984,0.1261656400162564,0.03821689550478528,-0.21908215062674816,-0.09626979257146044,-0.0894739777988509,-0.15702252787096876,0.20468566966028895,-0.05929125261975153,0.10279944855724406,-0.03152467546956307,-0.09478121588346389,0.14328267816302623,-0.21315175035262054,0.3356931683255106,-0.39956012080740144,0.39225589493899865,0.04470351983042339,-0.3762226171218194,-0.12666130099052506,-0.19269258660121605,-0.2094095896851517,-0.015188582266174724,0.14988564734757628,-0.28356429647220077,0.07536437456669509,-0.2287371801512483,-0.015768712795543833,-0.2252484281490808,0.32448103020981917,-0.0491166556431241,-0.008246141096032321,-0.08725386288838065,0.2950346245487652,0.25484305397285817,-0.17776060053072382,-0.20713209922782078,0.12588035604714357,-0.0007171943357585127,0.0021563643028472616,0.06711345217509104,-0.08082461410960323,0.08785471236522722,-0.16579939277546238,-0.16192973089274756
#50,0.06999179210926854,0.5811361952043606,0.26043079473101227,0.14952705017969703,0.3568870578297699,0.34557929380264407,0.3215261895464941,0.01204727107555244,1.0,0.35251535991202415,0.1958227414355043,0.3234132075321343,0.6541115157503845,0.28204543824558326,0.029215309708420657,0.031245766561212536,0.46991051008454926,0.23878746344301094,-0.05749189171959295,-0.08834718580911474,-0.08127883718891696,-0.29762449298344873,-0.08851453115412507,0.13633386193212155,-0.02728844759301612,0.24153511463156133,-0.3090278829220091,-0.3951852353592745,0.33357346062204657,0.38552542453920263,0.3259217939420985,0.38057518985727834,0.2593183466279913,0.421817051693774,0.44947365904581277,0.3102263943453211,0.41248715026815097,0.4585023388504172,0.17788650798077918,0.25099889233319256,0.18755906892237567,0.3560885814692921,0.3601781829483062,0.3873869422817936,-0.006112089505853103,0.020436851038736464,-0.18578361450007572,-0.17728406473874203,-0.30738471101052683,-0.20712253663667732,-0.2944449314282527,-0.2038027237447107,-0.12304664153830216,0.03803520627305979,-0.15910239144466845,-0.0859023500067735,-0.3029922941453036,-0.3720660775048012,0.04854290017451729,-0.11534716190263689,-0.13960904939875207,-0.17610467849771694,-0.21882077313549395,-0.08651754337033525,-0.13192550741499254,-0.14912701511686283,-0.1225318553817466,-0.5141550255400872,0.2223892133971902,0.02729482265377842,0.22540780466813826,0.1906525671572807,0.2015045143399023,-0.02707488305747914,-0.1929635266836137,-0.21551371036505193,-0.14384208974491788,-0.11582369769461866,0.0821187514443497,0.19628652710596148,0.010734008558519073,0.3484990716317765,0.0009498840535823857,0.30735761700228703,0.4771940170054746,-0.11834822175648861,0.0028910900557020934,0.22644215827682107,0.2469507287491334,0.14940751779040393,0.46921562846145876,0.011604204352572735,0.028762680394297507,-0.11200344253281164,0.04323406832471372,0.13734430906294576,0.2434348827387261,0.048118958633824475,0.2020910199300337,0.11972045358557323,-0.0324841221142889,0.1734287467427424,0.33512897544804726,-0.09819984221724613,0.13922973328339536,0.04959478520029644,0.1273450262572815,-0.13857310202487869,-0.011433671477181266,-0.11396377371721825,-0.11214847516515392
#51,0.387801321231343,0.58979034018918,0.47456749197140785,0.6370151965510922,0.13466200224720892,0.21423232315183005,0.17635808716301826,0.09987010813696819,0.35251535991202415,1.0,0.33037796141494474,0.341512005036298,0.1719800141845102,0.29758624261887495,-0.020130848122146165,0.04519918080469205,0.5364788945644638,0.2638207332913642,0.16097028424802173,0.050187665851190146,-0.035219023181314695,-0.030622604371697917,0.195217110663086,0.06352429296591733,0.2580560845970563,0.1380599096335137,0.16526388767142935,-0.001109260572639833,0.20928686976547745,0.14530675995505582,0.17777653818262956,0.2676489572791241,0.20753054052546438,0.3083330012989186,0.11137231151734416,0.15832304026647753,0.035545745045382465,0.1846361035628621,0.30258907155208825,0.2105459442660313,0.34460072197563135,0.14656742822080024,-0.000232689717823873,-0.01483795392424834,0.10254922742232386,-0.0017356102925356006,0.15767915912948546,-0.015405334332092853,0.03828383364278941,-0.06889368789296273,0.05049366876778044,-0.05580887567834631,0.29376758122225854,0.08772880491517185,-0.04009435089928201,0.14386280869239534,-0.2648566806652376,-0.2163695622723904,-0.17797735259664194,-0.23355035102678323,-0.107260397325662,-0.07884197021252859,-0.08239447282231908,0.019702125285881632,0.19229414530357242,0.16821872833475443,0.08140474463897233,-0.375538891855063,0.16593486281666123,0.2847723704866562,0.03671556869526413,0.1964474973902095,-0.3564200846289316,-0.19558208289172757,-0.3645243806230028,-0.2953007833355912,-0.2946680585549331,-0.17398018949868116,0.09863812764465411,0.18796069775040045,-0.04605343894683996,-0.0008367267250515982,-0.12131103124576656,0.004693638486241822,-0.0029851222019459875,-0.2054809584903856,-0.10690658145335448,0.29569763086804424,0.12781040569292926,-0.0826749754958602,-0.06981010287754305,-0.12435034146419208,-0.06921722222664935,-0.2602793870379077,-0.3216170341623569,0.07939341296846736,0.32193100590490004,0.20820310943588682,0.18683549952585485,0.41372709958641796,0.10493031261704214,0.22990222250555825,0.38968833921698315,0.2600865414498482,0.3230689542509702,0.15726637394512666,0.18337702906230824,-0.08621632174931668,-0.2781725888324873,-0.3028711679908199,-0.2948864043860418
#52,0.3724836439847317,0.38413406752783114,0.4172716333702556,0.21955071759277706,0.0669349504737467,0.07240794013817944,0.30613838663149756,0.5368406792627243,0.1958227414355043,0.33037796141494474,1.0,0.19842217246133126,-0.0006104120679900231,0.2853015005299269,-0.1790101124401342,-0.13533297739244077,0.2159822773310808,0.24342691391277324,-0.1445640653762481,-0.11239710253488354,-0.21139701487779805,-0.13252476312664854,-0.004344603909506013,0.09232203619440747,0.08571109818390457,0.2061073082102814,-0.015762337734781535,-0.22516555235917093,-0.07778371012598714,-0.05648303835395931,-0.09056251942401326,0.03965606547187403,0.13737618436675725,0.21841914430746917,-0.0857525360788595,0.3461642056275849,-0.11798803082341879,0.09763883687016392,-0.007482727569747149,0.0639259217939421,0.04120679900230299,0.09196822032209995,-0.15803297500179297,-0.10617663699607137,-0.046353066802667965,-0.04705432348652073,0.12441887336738679,-0.06254093984333288,0.008815115269067409,-0.006572687645929125,0.11128465443186256,0.1560407685135749,0.2638143582306019,0.15461753619839189,0.09997051534397437,0.1402322115882667,-0.20211333264270176,-0.03454326674051112,-0.21320115707352835,-0.2686833108878069,-0.0002518149001107667,0.048759652240435415,0.023637131541410002,-0.017526635800747477,-0.05900437488544813,0.10302257568392449,0.17157201029572314,-0.02826861318521942,0.222738247973926,0.10838400178501702,0.27847699798388703,0.2440835451712899,-0.28042298528157844,0.025600650256197753,-0.22238283833642788,-0.010587382160986222,-0.02694260054666146,-0.05582959462582378,0.04119564264596897,0.04513383643187849,0.1459012343711401,-0.156984277506395,0.1507383117245336,0.03346747523687335,-0.2146403270406171,-0.11160500123516802,-0.099705950322339,-0.05534190247750799,0.12714421184326913,0.07007944919475013,-0.1169202081457339,0.05415932870610173,-0.159916805457052,-0.06304297587836384,-0.37614611639267187,0.11757524563906,0.25826168030664043,0.1482616006183809,0.16015108894006647,0.48491899688418905,0.3378351887416427,0.1066372351361474,0.2485731817131382,0.2632135087537553,0.22109188853206257,0.17368693670361546,0.17481532245854217,-0.004449792412083928,-0.046985791583326025,-0.23602228083736423,-0.2537927627122696
#53,0.06575715799791217,0.13172469300098016,0.27709520356365896,0.2628835993593064,0.5977559786116712,0.6160444341735132,0.182568990110687,-0.22166086270509766,0.3234132075321343,0.341512005036298,0.19842217246133126,1.0,0.5487174174628852,0.5446676601136354,0.01482361003753317,0.015626867693582704,0.393569157456032,0.3898652471531369,0.16724334403812285,-0.15264286112727013,-0.13958673668608404,-0.2533560710500522,0.07270438046362629,0.17437225573556248,0.04865286997266693,0.23067201109260574,-0.24913896835579213,-0.2870769549522269,0.402374710133956,0.3018734709815203,0.3408426236562567,0.5404027444636582,0.28368861015706553,0.4649379626899569,0.23597765541202814,0.27294025771183134,0.41177792475834535,0.42739204233040345,0.4381531448971623,0.37341280909083663,0.2911155559451426,0.27189634151200504,0.23752360764688538,0.1373666217756138,-0.022856186598028513,-0.10967973288495406,-0.21883989831778083,-0.21685247312513448,-0.2654097171863669,-0.2618285268031461,-0.2523392488584657,-0.3116560017212664,0.03442054682083689,-0.21765413701599343,0.007001410482193659,0.00442907346460646,-0.3269545537855908,-0.326242140745404,-0.16216879567133374,-0.1579070675517376,-0.05301341153407869,-0.09400345847046354,0.09622676091131493,0.160654718740288,-0.18805472989664432,-0.15445337838376272,0.2373849500753054,-0.17386703217015037,0.33492975479922543,0.2851229988285826,0.26472280438922935,0.34727027866984356,-0.03146729992270239,0.06482161783104495,-0.3103140514308027,-0.2666735729824925,-0.18761485070404577,-0.2161512164412817,0.20336921961287444,0.1653419821657675,-0.013658567683223231,0.37930495900039046,0.180482751476225,-0.07479061909808828,0.4207508227812796,-0.012541338284630525,0.03971184725354414,0.15302377100781742,0.19436125875574753,0.21307206209309182,0.21146873431137392,-0.09820940480838958,0.036320314928001654,-0.20274605742335983,-0.2205850712014599,-0.07829212122178039,0.2784977169313645,0.06785455298870817,0.20290384017722668,0.11025030082317971,-0.09729936488457155,0.34400624755954706,0.5936058140554152,-0.11291507622182025,0.16864745117101898,0.07902525320944465,0.08735905139095856,-0.11750990126624644,-0.15526460486576513,-0.2144793567563691,-0.24230968451418053
#54,-0.039144466845699624,0.23421016981568105,0.2650192447146762,0.12567794786794062,0.5131366095833101,0.7299747388217294,0.22748448071145677,-0.3219756313302361,0.6541115157503845,0.1719800141845102,-0.0006104120679900231,0.5487174174628852,1.0,0.33923132704858594,0.14033899385603518,0.15820510164237503,0.5293898269967886,0.45868402808214265,0.04261568743077082,-0.026395939086294416,-0.012037708484408991,-0.2979910589772809,0.11732980579971153,0.2980085903943772,0.03434245232649874,0.2531998820613759,-0.4132059383691001,-0.446600100407207,0.670278669843572,0.6281172054921148,0.5731721505470599,0.552306576672059,0.38955127541059376,0.30167743786307966,0.6037756297364709,0.22594330977217125,0.5019786594840983,0.5094789184709416,0.3832686530293492,0.4306353544932225,0.37401206480249266,0.3442389372773709,0.41883352325701856,0.36045071679589447,-0.016296249073623984,0.18279530476774858,-0.2642924877877742,-0.303664863055726,-0.40168779733681836,-0.26517065240778076,-0.44317509901266244,-0.35288351967104686,-0.2345193602626525,-0.16040131007498665,-0.08357226529815362,-0.03733235582401645,-0.31328164221565236,-0.47437464638334836,0.03273753077959024,0.0345384854449394,0.051961526508299535,-0.08121189905091283,-0.151987823633944,0.04738901417654137,-0.4271944154467722,-0.11407852481093961,-0.12203141311190623,-0.3710365051916901,0.22919618452613377,0.13915323255424777,0.20326243734510593,0.17587198877989305,0.23768617169632397,-0.0126178390137781,-0.2502115723290488,-0.290042951971886,-0.11431440205914463,-0.11147271872435034,0.30199459713600396,0.457439297468304,-0.13733793400218347,0.6574584226505908,0.02280199858154898,0.21891002398616613,0.8020814573388902,-0.0043334475531719915,0.12415749587613258,0.222588434046012,0.24208177609192838,0.13822884874371458,0.5992015236395222,-0.12893241638709368,0.1595916773581748,-0.13846153846153847,0.04224752767174812,0.1550797281036585,0.2954235032552654,0.09877837898142466,0.2149845803217812,0.018884523743116926,-0.1624142355106822,0.37954243001378607,0.4481348962857302,-0.19751372630270383,0.1574831260110448,0.07739801894986811,0.10668186056148347,0.01756010486974954,-0.10099690012670433,-0.10646670226075593,-0.10138896636358566
#58,0.1449401939612237,0.24991353823841134,0.19425766401836017,0.04267465674282208,0.2251735211851238,0.3352548828981026,0.2703057638518117,-0.0827929141199627,0.28204543824558326,0.29758624261887495,0.2853015005299269,0.5446676601136354,0.33923132704858594,1.0,-0.15795647427264542,-0.06547028026360877,0.16282223939946927,0.24931906382232705,0.10001195323892931,-0.1942879455569811,-0.20208942616484313,-0.24364047844831022,0.10620851229988286,-0.013099156101331591,0.10863262915474663,0.1726796771031724,0.04401023197252349,-0.15111603407469978,0.38450063352166325,0.3670504984500634,0.14344524221246482,0.4263290009482903,0.04749579644430986,0.4035907529743643,0.24882499661324897,0.4872698005402864,0.1919020790666911,0.3573954689255632,0.3336244611081449,0.44380623002812997,0.2604419510873463,0.23444923459426723,0.09190128218409582,0.0320410553913092,0.08850974985855334,-0.07566081489214194,0.02957231311110934,-0.06485668066523759,-0.09013857788332046,-0.21090294766871998,-0.008289172756177833,-0.1438038393803441,0.12420052753627808,-0.04751651539178733,0.03825195833897792,0.15018527520340427,-0.3735084350022711,-0.3607391882953884,-0.21005347082214376,-0.10597263505167784,-0.22012287929619329,-0.15978930424180607,0.10838718931539816,0.024225230896731984,0.07138793041621178,-0.031092765102917388,0.5515973511622533,0.04198136888492218,0.3486409167337376,0.3558160476217039,0.22414076134163155,0.3401557108591191,-0.01078979034018918,-0.016165560327996875,-0.26838527679716945,-0.12795065702969982,-0.23332881766529337,-0.21547227247009698,0.19048044051669868,0.298454844647738,-0.2462813473690921,0.18872889257225733,0.08424961550414778,-0.051669867478424406,0.17804588449983663,-0.1099889233319255,-0.05219740375650456,0.2232370964785758,0.18106128824040355,-0.12681111491843908,0.07639235311461562,-0.013435440556542805,0.1868450621169983,-0.18735506697798213,-0.2611511765971519,-0.09709217540979688,0.2551554319502108,-0.029385842583812126,0.019781813545410355,0.0400321940568496,-0.04131676880045263,0.12585326203890382,0.43378463450979765,-0.12537672624692203,0.02437345105945541,-0.16470925738510944,-0.0543298615814932,-0.24757548470383858,-0.26206759158173226,-0.1989640526261266,-0.19914255432747094
#101,-0.4117747372279642,-0.036009530715839635,0.000670975145231853,-0.11934432500059766,-0.008474049518284472,-0.06485986819561874,-0.29540119054259734,-0.07939500673365793,0.029215309708420657,-0.020130848122146165,-0.1790101124401342,0.01482361003753317,0.14033899385603518,-0.15795647427264542,1.0,0.7696196479372694,0.18337065400154595,0.09279060316043637,0.6243925762417423,0.4401565077417144,0.8150658623465005,0.4812023364597694,0.4385723051422834,0.4676489572791241,0.472023842727251,0.3886667357298249,-0.11759596458653747,-0.38385037732390886,0.16391874985058452,0.10190215875495064,0.3131302345225478,-0.04413295189219772,0.19608411892675853,0.010420036815975902,0.21139860864298862,-0.22910533991027102,0.27989544900349833,0.09832574966730151,0.1711990692411287,0.07743786307963248,0.1699144944975257,0.1775677549426643,0.34063384041629147,0.3905888165496577,0.02974603351688196,0.20339950115149535,-0.0006151933635617465,-0.5512865669500913,-0.21309437480575988,-0.2977280877208361,-0.33347305341504035,-0.22320840870514547,0.11822868936719554,0.05816446063001538,0.3047645610372224,0.13044489955294886,-0.10017292352317733,0.062438938871136114,-0.3996541529536453,-0.22249599566495867,-0.46269872259719974,-0.4924272246969854,0.18530229741252222,0.00572958586011523,-0.3373602467148515,-0.3931260907330523,-0.030727792874275833,0.13117962530580368,0.3481930687151862,0.05883384201005666,0.08215222051335176,-0.215633242754345,0.009734717784028879,-0.45016375937333153,-0.26761230067974084,-0.46423511224091357,-0.5346492521256844,-0.434326514674593,0.3566910247113293,0.3092382599271649,0.3448318179282646,0.26025866809043025,0.2365561921762067,-0.04573309214353449,0.11096590139374767,-0.5838073456637634,-0.5665532437106041,-0.04052307373554654,0.1788539234514579,-0.011156356334021308,0.15274326833427632,-0.6320171489134506,-0.24948322163695622,-0.5864593709408793,-0.22545721138904606,0.2874020830511041,0.2878738375475141,0.13598801488576687,0.34995896054634273,0.16882117157679158,-0.25339113388424483,0.13185060045103555,-0.07629832096837173,0.1137231151734415,0.033830853700324334,0.28502577915195754,0.10000398441297643,-0.31235885217030973,-0.42040497573492497,-0.39284718182470174,-0.34206504155742734
#102,-0.3687510459084063,0.07471889966451242,0.046404067288766344,-0.03662791160978253,0.024150323932774984,-0.007524165464702085,-0.237472607160787,-0.24053263632669,0.031245766561212536,0.04519918080469205,-0.13533297739244077,0.015626867693582704,0.15820510164237503,-0.06547028026360877,0.7696196479372694,1.0,0.2314609248619401,0.16025787120783494,0.5923371769637179,0.5773207213381253,0.6167950975782738,0.6673493294232961,0.22633856353943374,0.4754360940002709,0.30666911043995887,0.5341488098558439,-0.21512164412817059,-0.4275657627361761,0.21462917068428308,0.25636669349504737,0.2754934695471316,0.15253289132912048,0.16314896126353703,0.14279339224951987,0.2472184813011499,0.007595884898277937,0.24824486608387986,0.335594354883695,0.17790244563268492,0.24772051733618086,0.20273330730183522,0.26031604363729094,0.336654208735427,0.5456382631146953,-0.07172899616699471,0.2993186653810294,-0.07893600235877248,-0.5738750009961032,-0.28193228091705247,-0.29633991823984573,-0.35623042657125326,-0.26619703719051074,0.07714461028456678,-0.0001514076931045749,0.17107794308664503,0.2981839045653404,-0.23603503095888884,0.20796245089211007,-0.49707305022750997,-0.30287276175601047,-0.4041278518435879,-0.46158786825936937,0.18747938066284695,-0.03962100263768139,-0.2812358055287714,-0.3123572584051192,-0.1233064252643658,0.14712205850712015,0.409352214138291,0.23723832367777256,0.14546294894373213,-0.09766911840878484,0.05910956338802604,-0.41440763732279323,-0.1412570026058061,-0.33918032656248753,-0.45774848791527545,-0.37653499509917204,0.19661803026560096,0.4670592641586115,0.22900333893807426,0.20884380304249775,0.001831236203970069,0.05703607487508865,0.116451641179705,-0.569590960163839,-0.5480958490385611,-0.015185394735793575,0.007627760202089426,-0.1637498107403836,0.13100112360445937,-0.6337766656838448,-0.25945222290399955,-0.5540310306082605,-0.24435607901887815,0.10294288742439577,0.41619265433623664,0.11955310824056292,0.2790619098088279,0.1271394305476974,-0.15156069456287005,0.1558782044641363,0.05225956059893696,0.061042800564192874,-0.014061790276438573,0.23761763979312928,0.083248730964467,-0.26797408537800127,-0.41444429392217647,-0.40131166875184276,-0.3256349162077951
#201,0.2123803680003825,0.32347855190494784,0.6702930137302872,0.4223621193889504,0.30409199212679994,0.42375985146108425,0.1342316856457538,0.0015873901298121748,0.46991051008454926,0.5364788945644638,0.2159822773310808,0.393569157456032,0.5293898269967886,0.16282223939946927,0.18337065400154595,0.2314609248619401,1.0,0.6884714994939796,0.0989696308042936,0.06476583604937484,0.09183753157647284,-0.004824327231868928,0.26567746973838346,0.2604754201563484,0.3127732311198591,0.44089123349456927,-0.08601391357011372,-0.19586258556526867,0.35967774067846586,0.2964403254468519,0.6300584114942346,0.4994254476487979,0.6403589159209174,0.38214026727442246,0.33317342555921237,0.09750336682896509,0.3701360278590155,0.37416666002597837,0.3878029149965336,0.329399389587932,0.2839101435185554,0.10246794539760457,0.14813250563794436,0.12672505159814804,-0.15142522452167123,0.07202224896206041,0.03620237630389914,-0.2697431647395389,-0.1661930527775343,-0.17085800349034577,-0.15144913099952984,-0.1005873024727267,0.19213795631489614,0.10135230976420244,-0.00017053287539146858,0.17130585150889718,-0.44159089641323146,-0.3683446357848098,-0.15690937054243798,-0.2578903330172366,0.046635163241399644,-0.08184143630118974,-0.10589772808772084,0.15454422299962547,-0.1812828216018934,0.04445329869550319,-0.15302058347743627,-0.4233072221469611,0.34480472392002487,0.2681031803584378,0.30354373690124237,0.23108320251177394,-0.259686506387014,-0.15585589175146825,-0.5315955980205437,-0.46855740343775154,-0.305002032050618,-0.17428141111969975,0.4092151503319016,0.3996445903625019,0.10640135788794237,0.2355632764624788,0.18710325207787137,0.2836041406019651,0.3176453713074453,-0.2717289961669947,-0.07686410761102566,0.07229637657483923,0.1401764298065966,0.05265959566177115,0.08839818629521312,-0.29088286622731874,-0.30401071010208064,-0.2733179800619975,-0.31997545601606514,0.4752703424204512,0.4365912550103993,0.5435918686099976,0.4793966004988485,0.5767023404441823,0.1633880260421232,0.6601263855796126,0.41740710341145437,0.30884938122066474,0.5165647985082358,0.49119205667429017,0.41896421200264566,0.03235662089904295,-0.23697853995170892,-0.3138490226234969,-0.309432699280415
