,#10,#11,#12,#13,#17,#18,#26,#49,#50,#51,#52,#53,#54,#58,#101,#102,#201,#202,#301,#302,#401,#402,#501,#502,#601,#602,#701,#702,#801,#802,#901,#902,#1001,#1002,#1101,#1102,#1201,#1202,#1301,#1302,#1401,#1402,#1501,#1502,#1601,#1602,#1701,#1702,#1801,#1802,#1901,#1902,#2001,#2002,#2101,#2102,#2201,#2202,#2301,#2302,#2401,#2402,#2501,#2502,#2601,#2602,#2701,#2702,#2801,#2802,#2901,#2902,#3001,#3002,#3101,#3102,#3201,#3202,#3301,#3302,#3401,#3402,#3455,#3501,#3502,#3601,#3602,#3701,#3702,#3801,#3802,#3901,#3902,#4001,#4002,#4101,#4102,#4201,#4202,#4301,#4302,#4401,#4402,#4501,#4502,#4601,#4602,#4701,#4702,#4801,#4802
#10,1.0,0.5485325407007785,0.28334116934552034,0.36389165584234473,0.3089657260795767,0.193269529600204,0.37844113826709913,0.7101132370167903,0.558138163504371,0.42682944321813066,0.45764329941269755,0.4981520292615289,0.43180836567348535,0.24862736972961774,-0.4950362183139558,-0.2329973145056539,0.2457697487429177,0.34718899664512426,-0.24008000701256685,0.058872092374630446,-0.3253560072994446,-0.14528763477276893,-0.20133716899489199,0.09761652415749587,-0.24669253878826033,0.006158308696379762,-0.35308592785024984,-0.019233558319852736,0.00766122927109149,0.06289475571564042,0.038771525791105196,-0.17552932926391954,0.2981121851317645,-0.12099227820765167,-0.033134378312043286,0.0850289666823387,-0.08227494043302601,-0.09935054068484091,0.054970555188104134,0.17063009506809362,0.20022153336148985,-0.2380846129939676,-0.171804700013547,-0.14790300345050164,-0.17424634828550709,-0.03909346635960124,-0.16179904214712046,-0.1322219477404394,-0.18479548008191954,-0.17521535752137637,-0.10957613814756671,-0.010303691957063967,-0.10908525846886978,0.016439687940775684,-0.38815354333845997,-0.2917578433169441,-0.18518276502322914,-0.16649586816374343,0.10570488249966133,0.07540262493126888,0.5027261353584777,0.5064077329487047,-0.1875192247926113,-0.29951629226466064,-0.3524866721385938,0.04122911171497103,0.16848169959119924,-0.07423758257695894,-0.11187275378718453,0.03913809178493732,0.2095530285523034,0.18962777613974133,0.07443839699097132,0.3231502362756895,0.02127676529416921,0.17698762441329519,0.10302576321430564,0.23861055550685717,-0.231865741220346,-0.056345974547569906,-0.18222154929914175,0.22864155423981386,0.0218329893456797,0.1279442819689375,0.2751524037963487,0.4267672863756983,0.44657141263377664,0.03191674170644439,-0.04382535521041685,0.16141494473619203,0.1667429017682825,0.423348660041916,-0.03794436165719704,0.44405485739785955,0.09435408681238994,-0.12859931946226363,-0.03558877670552797,0.17394990796006024,0.16976149303923052,0.05807202224896206,-0.0626270031636239,0.17995202766776372,0.1110758711918973,0.30504665747595405,0.21181617512291914,0.24197818135454102,0.09663795233048315,0.48369020392225615,0.2852728127564966,0.20986221899927485,0.3732789328148284
#11,0.5485325407007785,1.0,0.21475189060395733,0.3678728812883998,0.09738383443967201,0.30223206814939957,0.38514292089346475,0.6279466726167234,0.4676330196272183,0.5598068356589023,0.49708898787941574,0.29169090517894,0.5038545211134043,0.406281028616054,-0.33542700953868465,-0.2968993298217374,0.3069926447736455,0.24861461960809314,-0.1525057973208807,0.012342117635808716,-0.002849652160747157,-0.18619799344962507,-0.23037238323677772,0.09788108917913124,-0.051317645371307445,-0.09078086525512197,-0.13949270453984014,-0.07376742184573946,0.13567085561284256,0.08895919164229533,0.04624150323932775,-0.015515304130242491,0.2330212209835125,0.12919538764353847,0.07962610268629122,0.17042609312370008,0.09918957040059288,-0.007481133804556575,-0.0562089107411805,0.07476830638542023,0.11165440795607583,-0.021901521248874404,-0.2568081664528365,-0.08641076110256676,-0.27825865215277834,-0.10802699838232833,0.05322219477404394,0.03503095888882691,-0.07075361187036314,-0.14868394839388313,-0.23654662958506323,-0.14378790172843836,-0.11488496999737029,-0.1868004366916622,-0.15861469929635266,-0.29528803321406655,-0.1212393118121907,-0.2957550064149049,-0.10293651236363346,-0.03589956091769,0.1778482576162054,0.22618874961151975,-0.1208584019316434,-0.24183314872219877,-0.1958482416785535,0.21425622962968865,0.26384782729960393,0.06894150084867996,0.021391516387890573,-0.061302584290256514,0.297361521727004,0.14649889631760551,0.21411916582329926,0.25613081624684236,0.09393811409764999,0.05429001745172884,0.016812628995370112,-0.05975185075982756,0.07340244961709791,-0.05649897600586506,0.02623018750647467,0.20868761405382144,0.017945796045868562,0.10998414203635379,0.11448174740415494,0.15709105977416346,0.16707599869311254,-0.08617010255879001,0.24632437902923762,0.07482886946266207,0.17994884013738255,0.1509773765031198,-0.18395556582648678,0.19680131326251704,-0.0026966507024520077,-0.07749045733092144,0.011035230179537649,0.06926662894755715,0.1139414610045502,0.05737395309549044,-0.1321725410195316,0.0562089107411805,-0.006736845460558296,0.1851349520675119,0.08607607041254611,0.3587103252077871,0.1408250922391604,0.17859095219501311,-0.06082604849827475,-0.036380878005243485,-0.01583086963797624
#12,0.28334116934552034,0.21475189060395733,1.0,0.7480050044226983,0.0615655555467013,0.32848934966411397,0.38263433448350054,0.11496943955247073,0.026270031636239033,0.6578759891305214,0.37939420985106265,0.048558837826423035,0.3036202376303899,-0.22631784459195628,-0.08705464223955885,-0.18317302711791472,0.7950720780307438,0.6679756791431918,-0.49695829913378864,-0.4033150315963949,0.16970571125756043,-0.00020559570958410698,0.28229884691088464,-0.10587063407948107,-0.10114990158499948,0.011875144434970395,0.2670528890978492,0.3876817888420499,0.01885424220449601,-0.27043485883224827,0.04468280088294591,-0.08342882643100193,0.4511534875566783,0.021927021491923594,-0.3197539226545753,-0.2861398210201691,-0.27115842822876907,-0.30371745730701494,0.5044155264604866,0.3466965232012368,0.027007944919475012,-0.20670975145231854,-0.26159424332013165,-0.38706022041772586,-0.1462263624700173,-0.33494728621632175,0.11503319016009371,0.22338053534572752,0.3849452940098335,0.43494170803815474,0.42440373259807634,0.44147614531951007,0.49356039174748384,0.4272996039493501,0.17664177736694053,-0.19591996111212934,0.17499860545545826,-0.5426372032608435,0.3480496298480345,0.30788993457593894,-0.2071671620620134,-0.07825387085720661,-0.5081752185450518,-0.48950744686785297,-0.38317302711791473,-0.13717536995274487,-0.21380997537632782,-0.28605535146506866,-0.39224792611304576,-0.3853214225948091,-0.07438580273968236,-0.009336276486385261,-0.24684554024655547,0.2291069336754616,-0.2547713345392823,0.00352062730597901,-0.06854624708141749,0.12137318808819897,-0.045795248985966895,-0.3376534995099172,0.07913203547721315,0.2018041421957303,0.3160723250643483,-0.050943110551522446,-0.23386751029970754,-0.04999322649794006,0.06857652862003841,0.2572703583581031,0.053062818254986495,0.002698244467642582,0.03557921411438453,-0.0853907513805991,-0.3574815322458542,0.16790635035740184,-0.06685844974459913,0.4705623600474942,-0.21351194128569037,0.6280837364231128,0.41089179131238596,0.34385643363163304,0.4936878929627298,0.6082381722700795,0.34995099172038985,0.7018846273378543,0.28441377331877693,0.37256970730502276,0.1880005418801648,-0.12018105172564926,0.03651953557682347,-0.194018599239774,-0.04218696459450629
#13,0.36389165584234473,0.3678728812883998,0.7480050044226983,1.0,0.10699423853883608,0.30193881535433387,0.3933205300863024,0.1717552932926392,0.10490003107842122,0.6799336993680721,0.31837053446915664,0.11247997832479341,0.29790340189179926,-0.057852082652662784,-0.28091705249065657,-0.25259584505414817,0.7456398568798859,0.420213723912056,-0.21707400648662434,-0.1525998294671246,-0.032670592641586116,-0.11568185259265752,-0.00045900437488544815,-0.004572512331758162,-0.14293364358629043,-0.04076054474894214,0.04168652232466591,0.13115731259313565,0.021491923594896763,-0.17903720644837395,0.07410689383133183,-0.002463960984628135,0.4400561005347082,0.08564894134147216,-0.15895417128194503,-0.052101777845070085,-0.10592163456557946,-0.07661548024129605,0.33972858178804516,0.3264317988030823,0.12224179011706206,-0.17431169265832064,-0.26424786236243814,-0.16935508291563403,-0.3434101793782722,-0.1039772410330786,0.3033142347137996,0.4281506745611169,0.24183155495700817,0.16585358079194193,0.20907011769955933,0.127676529416921,0.17665293372327456,0.13333758337384152,-0.10959366956466304,-0.20955462231749397,-0.11257560423622788,-0.3556981089976014,0.06394823450661014,0.007909856640821108,-0.12399174429631282,0.0835993593063934,-0.14853891576154085,-0.40452151184565976,-0.2503151670664361,-0.10242491373745906,0.09948282319565858,-0.03779932902485477,-0.1608730645713967,-0.08622269681007898,0.09637338730884779,0.12997473882172939,0.06428292519663079,0.2680394297508148,0.05304209930750903,0.06399604746232737,-0.051902557196248277,-0.08251081768123103,0.1396010805727992,-0.16387412442524843,-0.04460948768417949,0.2307740120648025,0.14253998358421854,-0.024865924503342924,-0.10270063511542844,-0.006714532747890254,0.046471005426770476,0.11152371921044872,0.19605861868370933,0.04455848719808111,0.12176366055988971,-0.1036090812740559,-0.22014200447848017,0.11872116281108304,-0.2917259680131326,0.17538589039676786,-0.14007124130401868,0.4385228984213756,0.4989823809258182,0.2552414952705018,0.3262612659276909,0.410101283777861,0.2383093338858386,0.5355194479197379,0.36199188773518,0.39988524890627863,0.19154348189881185,-0.1418801647953207,-0.05150730342898581,-0.3553857310202488,-0.20265680657268764
#17,0.3089657260795767,0.09738383443967201,0.0615655555467013,0.10699423853883608,1.0,0.3290376048896716,0.36887217206288997,0.3033477037828017,0.293338858385994,0.01847173855875814,0.32158994015411707,0.6238714150244244,0.4716620580289906,0.27045557777972573,-0.2700029484656026,-0.29999760935221415,0.03653547322872921,0.004582074922901609,0.06864027922766139,-0.09674154706787048,-0.5264461426897975,-0.4735697949621082,-0.1925905856290193,0.03168883328419224,-0.20519886205165394,-0.11366892715696196,-0.5652112934201404,-0.3555243885918288,0.24527886906422078,0.24622715935261258,0.00046378567045717153,0.19710731617910734,0.21735769669054658,0.1711990692411287,0.3576600339471986,0.30844775239264,0.21106073042258683,0.21790754568129478,-0.11078739969240332,0.21992684617775263,0.4529735674043143,0.028172987273784953,0.2798986365338795,0.04908956163488433,0.040132601263855795,0.04386838687056236,-0.06404226665285404,0.10268947875909443,-0.17906908175218544,-0.15277833116846895,-0.2484042426029373,-0.06213134218935524,-0.3687622022647403,-0.17438819338746822,-0.5309995298392688,-0.3213476878451498,-0.17220792260676235,-0.02187123971025349,-0.01892118034250014,-0.05171768043414164,0.21423710444740177,0.3550861031644208,0.22430491915626072,0.2274334802253584,-0.43968475324530437,-0.22936352987114408,0.41468654623114376,0.21802707807058785,0.00024065854377674538,0.18483213668130274,0.05115348755667828,0.059852257966833744,0.18953852528906917,0.09258022615528054,0.04178374200129095,0.22882324347153934,-0.016073121946943558,0.06930009801655922,0.26343504211524515,0.1702938106128824,0.16570057933364676,0.38728016001402515,0.04470511359561396,0.2352748049629848,0.4649921507064364,0.36641139860864297,0.3609734717784029,0.29134983942815706,0.31123684147614533,0.6050841109579326,0.3723210799352931,0.46630860075385094,0.3691144243718573,0.042835627027070104,0.06848568400417566,-0.35191132290479643,-0.0256851198112982,0.0820071878810095,-0.1763007116161576,0.005511240029006526,-0.08257775581923515,0.15583676656918136,0.00527376901561093,0.17480894739777988,0.09450230697511336,0.07217525042035557,0.19051550335089132,0.2723107204615544,0.3290567300719585,0.0017961733697774308,0.1267346141892915
#18,0.193269529600204,0.30223206814939957,0.32848934966411397,0.30193881535433387,0.3290376048896716,1.0,0.1645626309875766,0.048759652240435415,0.25602562774426446,0.2837300480520205,0.31548741323940743,0.44428754711568347,0.44017244539362016,-0.01805895337439935,0.1031532644295516,-0.08322004319103667,0.41376056865542,0.40874817713106326,-0.05630613041780554,-0.21869486568543856,0.0711743658806748,-0.31516228514053024,0.13102024878674626,0.07082055000836726,0.022590027811202576,-0.0643626134561595,-0.15751818884523744,-0.21780076341352628,0.3478440341384504,0.20479882698881974,-0.1319223198846114,0.20961199786435464,0.18345671732183697,0.16887376582808056,0.3589047645610372,0.13960904939875207,0.18604499199132993,0.04437998549673677,0.2272342595765366,0.4395158141351035,0.15863701200902072,0.14771812668839499,0.0009323526364860666,0.05765923706460327,-0.11678951940010678,-0.06907537712468823,-0.054742646765851985,-0.03939787551100096,-0.24180286718357785,-0.06478177370128059,-0.027094008239766036,0.05077257767613098,-0.0710181768919985,-0.03144339344484377,-0.03161392632023524,-0.1082294065615313,-0.08336666958856952,-0.291776968499231,-0.0526627831921523,0.04236546629585063,-0.04944018997681072,0.07141024312887982,0.022480058013052938,-0.02548908669285754,-0.3037573014367793,-0.35413781287602897,0.2517320243208568,0.1023595693646455,-0.10698148841731148,-0.06432276932639515,-0.03701200902071098,-0.21854983305309628,-0.10105108814318386,0.05539449672879695,-0.13533297739244077,-0.003490345767358095,-0.11009411183450342,-0.255480560049088,0.2666082286096789,-0.028094892779446805,-0.16769278582186486,0.30782618396831596,0.10938010502912605,0.041522364510036734,0.09130362023763039,0.1162827020695041,0.13638326865302935,-0.004056132410012033,0.10840950202806621,0.1461944871662058,0.31195244204671324,-0.06037023165377045,0.06419686187633976,-0.0026217437384950075,-0.10971160818876555,0.10274526054076454,-0.0491166556431241,0.19497645211930925,0.05613719130760465,-0.15388759174110878,0.08182868617966516,0.3659300815210895,0.21499573667811522,0.4469029157934162,0.21475029683876676,0.19221286327885312,0.3222688841253018,-0.017811919769860306,0.09787949541394067,-0.09966132489700293,-0.043591071727402404
#26,0.37844113826709913,0.38514292089346475,0.38263433448350054,0.3933205300863024,0.36887217206288997,0.1645626309875766,1.0,0.43593621751707323,0.22186964594506292,0.5347528468630717,0.4981998422172461,0.45629338029628097,0.48414442700156984,0.4109842296934393,-0.311968379698619,-0.35538891855062993,0.2791097227645451,0.11088780689940951,-0.290814334324124,-0.2096534357593096,-0.15736996868251402,-0.24058363681278838,-0.07052251591772984,-0.018317143335272415,-0.1260413263313916,0.04134226904350182,-0.2751938416913036,-0.10161687478583781,-0.10602841683334795,-0.049515096940767715,0.04945612762871646,-0.24226824661922558,0.22412163615934463,-0.12813553379180645,0.05754767350126306,0.015448365992238363,-0.033859541473754674,-0.11861438054331455,0.05833658727059742,0.10202806620500601,-0.007140068053773638,-0.08693829738064691,-0.09337870251575835,-0.2545274884651244,-0.07014319980237312,-0.2636199188773518,0.09505693726143327,0.13867669676226602,0.21683016041246644,-0.004680888364717226,-0.10520284646463036,-0.0012558869701726845,-0.07626803942975081,-0.07222465714126337,-0.1607360007650073,-0.31776012240116663,0.009152993489469196,-0.3574799384806636,0.14796516029293405,0.14634908238969152,0.07542493764393692,0.32592976276805136,-0.18780769629210528,-0.15110965901393747,-0.2526006263497199,0.055179338428069394,0.1971917857342078,0.1376088740845811,-0.13434803050466576,-0.0729912581979297,0.12548191474949996,0.19422260118416754,0.147268684904653,0.31939054419112434,0.08983895002749245,0.2810828040704763,0.1657802675931755,0.06880443704229056,0.009776155678983815,-0.07571500290862147,0.09014973423965447,0.23093020105347878,0.11492959542270638,0.14056212098271562,0.18282877383675064,0.14639689534540876,0.2550980564033501,0.08274669492943605,0.15669421224171043,0.3594992389771215,0.12968945485261657,0.18914486528699725,-0.10183362685175593,0.023699288383842408,0.04856361912199476,-0.08810971479571915,0.03901696563045366,0.07613894444931428,-0.016098622189992747,0.2274717305899322,-0.1619775438484648,0.1797145566543681,-0.04625425336085234,0.24752926551331192,0.059361378288136805,0.2357991537106838,-0.09487365426451722,0.19811935707512213,0.19750735124194152,0.0011443234068324714,-0.0034951270629298187
#49,0.7101132370167903,0.6279466726167234,0.11496943955247073,0.1717552932926392,0.3033477037828017,0.048759652240435415,0.43593621751707323,1.0,0.6101315653164819,0.36653889982388893,0.4387476193132466,0.48581628668648247,0.44451226800755445,0.47940616308999195,-0.38845317119428796,-0.1941126313860179,0.1795535863701201,0.18284152395827521,-0.15655714843532104,0.052767971694730215,-0.15114312808293953,-0.1567149311891879,-0.24908159280893147,-0.07005394895170095,-0.16006661938496602,-0.18498673190478845,-0.2657252826941007,-0.10610173003211437,-0.015421271983998598,0.021082325940919123,-0.02766616994318227,-0.21004709576138147,0.15394177975758833,-0.11243375913426674,0.04516730550088056,0.12000414378949549,0.011962801520451993,-0.05725442070619736,-0.14173831969335957,0.004091195244204671,0.11455665436811195,-0.19877280080325765,-0.08463211914988565,-0.12573054211922957,-0.03372088390217469,0.014809266150818,-0.020572321079935292,-0.08390058092741197,-0.09528962697925715,-0.20730900716397452,-0.20508411095793258,-0.16844344922662544,-0.17809847875112558,-0.20791941923196455,-0.25225318553817466,-0.3053287539146857,-0.004553387149471269,-0.1383706938456757,0.051873869422817936,0.06135199101116433,0.3240554949039358,0.3651252300998494,-0.19823570193403406,-0.17236889289101037,-0.3436779319302887,0.09948122943046801,0.18168285666472758,0.036065312497509744,-0.10367601941206002,-0.03909027882922009,0.1511144403095092,0.07446708476440166,0.25295284845683685,0.3057702268724749,0.16439528564256628,0.18487038704587652,0.22772354549004295,0.15686952641267363,-0.09546812868060149,-0.11158268852249997,-0.10487931213094374,0.04537768250603639,-0.08024767111061527,0.17743228490146545,0.2680091482121939,0.34901385778833205,0.2956912558072819,0.03468511184247225,0.11746686960610093,0.1627712389133709,0.09191721983600157,0.39588808580831786,0.026222218680521797,0.309271728996167,0.17048665620094192,-0.20906852393436876,-0.0600674162675613,-0.0005992557116560017,-0.07248603463251758,0.05804174071034115,-0.33710524428435956,0.03337663062101061,-0.10172046952322514,0.06451561491445465,0.011404983703750926,0.10650973392090143,-0.08974332411605798,0.3859844289140881,0.11975870395014702,0.07897106519296512,0.2497716931364502
#50,0.558138163504371,0.4676330196272183,0.026270031636239033,0.10490003107842122,0.293338858385994,0.25602562774426446,0.22186964594506292,0.6101315653164819,1.0,0.2265537218401613,0.3925937731594004,0.48522021850520763,0.48229087808493176,0.29862218999274837,-0.018686896859485692,-0.046314816438094174,0.09861103363641435,0.18796707281116273,0.056580258030584356,0.03872052530500681,-0.10526819083744392,-0.17445513152547235,-0.2531839444094702,-0.2456326849365283,-0.14353927435870872,-0.40298990349751773,-0.40048291085274407,-0.41682219158651357,0.3328913291204807,0.34503103857708645,-0.010265441592490179,-0.010349911147590625,0.12131262501095713,0.08481858967718287,0.2964769820462351,0.13691239869630006,0.32009339464016767,0.0072819131557347655,-0.11292782634334483,-0.14891185681613528,0.1972969742367857,-0.019923658647371483,0.1482982572177641,0.09904931906382233,0.05565906175043231,-0.09392058268055367,-0.26474830463227855,-0.29610722852202187,-0.28907713026639786,-0.4433775071918654,-0.36596514435528216,-0.216071528181753,-0.2617297133613305,-0.31674170644438954,-0.23780889161599822,-0.4052928941978978,-0.17749762927427903,-0.15482631943835715,-0.1909410386567747,-0.18518754631880086,0.16611973957876786,0.23167130186709592,-0.06872474878276183,-0.08868187649913538,-0.4399158491979377,-0.11017220632884157,0.2815465897409335,0.1690761740072835,0.13491700467770085,0.08074333208488393,0.2643339256827292,0.005783773876594761,0.05510443146411239,-0.020935699543386272,0.028055048649682442,-0.10935619855126744,-0.012976436181657357,-0.13842647562734584,0.14027683701360277,0.028737180151248317,-0.21863908390376846,0.26773502059941506,-0.21808923491302026,0.034004574106096946,0.250922391604045,0.3258532620389038,0.21255090087577397,0.05072635848560431,0.12511534875566782,0.23005363019866282,0.0992820087816462,0.2952354389627776,0.18762919459076094,0.25451473834359983,0.04607415789431743,-0.14949517487588554,-0.13002733307301836,-0.16521766848090272,-0.1983090151328005,-0.1530811465546781,-0.2151025189458837,-0.03131429846440724,-0.014643514570998255,0.19085497533648368,0.12913482456629666,0.08730805090486018,0.19943102582696492,0.3516212576401119,0.12219078963096366,0.1488162309047008,0.2879965574671884
#51,0.42682944321813066,0.5598068356589023,0.6578759891305214,0.6799336993680721,0.01847173855875814,0.2837300480520205,0.5347528468630717,0.36653889982388893,0.2265537218401613,1.0,0.5190558535011037,0.1929332451449928,0.3960952752830925,0.10001832829969161,-0.26549418674146735,-0.3036728318816789,0.7190144156061488,0.44618253392727647,-0.34344205468208366,-0.254229454374487,0.13994692761915387,-0.14512985201890205,-0.059195626708317066,-0.07985719863892453,-0.060258668090430234,-0.13162428579397398,0.07602259959040235,0.04418713990867725,0.0326275609814406,-0.14808309891703655,0.10134434093824957,-0.18023253034130482,0.3583581031006702,0.05545505980603878,-0.07486711982723586,0.024867518268533496,-0.003112623417191945,-0.13428746742742392,0.3493533297739244,0.2988867550143837,0.058260086541449846,-0.10213803600315566,-0.3869741570974348,-0.34989361617352915,-0.2918725944106655,-0.24667819490154516,0.22051335176788403,0.27861884308584817,0.23548518196814064,0.14428834399827872,0.0929133230801106,0.11624604547012089,0.1710317238961184,0.07530540525464384,0.07403676816294655,-0.2659165345169696,0.10587700914024337,-0.4949166859246627,0.030707073926798365,0.10069727227087633,-0.15713727896469012,0.032461809401620856,-0.3661548024129605,-0.4911968379698619,-0.23527639872817538,0.02187920853620636,0.05038051143924965,-0.09079839667221828,-0.18472376064834367,-0.26666241662615847,0.2052881129023261,0.12149909553825435,0.11614245073273355,0.3848703870458765,0.12423240284008957,0.20101044713082422,0.09013060905736758,0.0555219979440429,-0.02911968379698619,-0.28729051948776385,0.04295675318155376,0.1013363721122967,0.08449983663906796,0.1387213221876021,-0.13128162627800047,-0.10888763158523855,-0.02603415438803401,0.025358397947230434,0.15613001936424706,0.043995888085808316,-0.0425296241104798,-0.08259847476671262,-0.36165560327996876,0.06216162372797616,-0.0636326689988764,0.30007251631617116,-0.1156021643331288,0.37056475069528005,0.3039262405469802,0.2506769517646965,0.17912964482942728,0.3205428364239097,0.16523998119357075,0.5215277833116847,0.38375793894285554,0.4965614516013356,0.22407222943843683,-0.010941198033293754,-0.06616516188669923,-0.28926200702850446,-0.26052801440763734
#52,0.45764329941269755,0.49708898787941574,0.37939420985106265,0.31837053446915664,0.32158994015411707,0.31548741323940743,0.4981998422172461,0.4387476193132466,0.3925937731594004,0.5190558535011037,1.0,0.45101164245471714,0.4546549896803704,0.41408410298910664,-0.09025651650742296,-0.3647698204623513,0.3746097267489581,0.4321095872945039,-0.10168381292384193,-0.33007833355911675,-0.033400537098869226,-0.3613735068412371,-0.08177131063280448,-0.019236745850233886,0.01673294073584139,-0.10263210321223375,-0.1730478368621951,-0.24176461681900405,0.395666552446828,0.1215022830686355,0.025382304425089052,0.0272023842727251,0.4076357290280423,0.29972826303500705,0.2331407533728056,0.07892165847205732,0.24805839555658266,0.1854282048625776,0.07838455960283372,0.23441098422969345,0.21180820629696626,0.09028361051566272,0.05959406800596068,0.027983329216106592,-0.07959900867805146,-0.36493557204217103,-0.1054195985305485,0.060607702667166044,-0.06809680529767549,-0.05710620054347393,-0.0888428467833834,0.03939787551100096,-0.04854608770489844,-0.12716333702555602,-0.013044968084852058,-0.37746575397046755,-0.044147295778912896,-0.5343894683996206,-0.03241240268071305,0.08247256731665724,-0.02571380758472854,0.145171289913857,-0.1384918200001594,-0.05223724788626891,-0.3214560638781088,-0.06835499525854856,0.31415343177489663,0.24201324418873368,0.011962801520451993,0.00996262620628103,0.31715130409836717,0.21872833475444062,0.2215269864290894,0.11923913649801975,-0.006480249264875806,0.04454892460693766,0.0013435440556542803,-0.013245782498864442,0.22161623727976157,-0.10143199802373117,-0.06419208058076803,0.43305309628732397,-0.009597653977639474,0.08098080309827953,0.25060523233112064,0.07634454015889838,0.15166110176987624,0.07358413884882341,0.08034648455243089,0.2972069265035182,0.20097697806182216,0.20002390647785862,-0.1908231000326722,-0.001861517742590984,0.06314497685056061,0.21760951159065736,-0.04623990947413718,0.17860051478615654,0.034962426985632206,0.09437321199467683,0.04524061869964698,0.38085250500043827,0.2425599056491007,0.4435846966666401,0.2836487660273012,0.41775773175338077,0.1814645108336189,0.16528301285371627,0.015762337734781535,-0.13884722963765747,-0.025194240132601263
#53,0.4981520292615289,0.29169090517894,0.048558837826423035,0.11247997832479341,0.6238714150244244,0.44428754711568347,0.45629338029628097,0.48581628668648247,0.48522021850520763,0.1929332451449928,0.45101164245471714,1.0,0.5483938831291986,0.3911115715321662,-0.23414801297324866,-0.24987050657826582,0.15561842073807267,0.10602682306815737,-0.13099952983926877,-0.11993242435591964,-0.234476328602507,-0.45748551665883064,-0.10468327901250309,-0.007199037365824893,-0.09772171266007379,-0.21742622859374128,-0.4144028560272215,-0.38476838607367975,0.15673724390185595,0.2559650646670226,-0.14884969997370287,0.10727792874275834,0.1629146777805226,0.05194399509120321,0.34197579070675516,0.37379371897138397,0.1542924080995147,0.12344667660113635,-0.015929683079791854,0.22854752209356996,0.20664759460988613,-0.05996063399979281,0.11113324673875798,0.022245774530038488,0.10076261664368988,-0.012855310027173697,-0.118099594386759,-0.05209540278430779,-0.28271641339081516,-0.3250404417917108,-0.24664631959773367,-0.15537776219429592,-0.2849588410139534,-0.2660280980803098,-0.3707990341782945,-0.3893807425352023,-0.08377626724254715,-0.21467698364000032,0.0036736287642741595,-0.033449943819777034,0.2964275753253273,0.5083186574122035,0.030781980890755366,-0.03727657404234634,-0.3769445927531497,-0.2598538517320243,0.35401509295635475,0.17780203842567874,-0.19935293133262677,0.005826805536740272,-0.050272135406290594,-0.08231000326721864,0.2439289499478042,0.19192439177935916,0.10148777980540127,0.2579556773900501,0.19608890022233025,0.04801695766162771,0.07400648662432564,-0.054111515750384497,-0.006563125054785678,0.4063081226242938,0.11600857445672529,0.35639299062069185,0.5069400505223566,0.522166883153105,0.43354875726159264,0.20314449872100343,0.1875495063312322,0.6128489349664114,0.3104351775852864,0.42865589812652904,0.2741084875965224,0.2010678226776849,0.10911394624230013,-0.27713982898899503,-0.18219923658647372,-0.054771334539282325,-0.13868625935340947,-0.10887488146371395,-0.1878953533775869,0.08353560869877041,0.0848536525113755,0.12892126003075965,0.14968005163799217,0.0398074731649786,0.10847165887049862,0.34249535815888243,0.3403613065687032,0.1272143375116544,0.2693941301628031
#54,0.43180836567348535,0.5038545211134043,0.3036202376303899,0.29790340189179926,0.4716620580289906,0.44017244539362016,0.48414442700156984,0.44451226800755445,0.48229087808493176,0.3960952752830925,0.4546549896803704,0.5483938831291986,1.0,0.35661771151256283,-0.30182087673023134,-0.1410992198519392,0.25413382846305255,0.19744838192989028,-0.1971152850050602,0.025724963941062565,-0.02502848855278152,-0.22771717042928066,-0.07525918606411718,-0.07239359625146427,-0.1823888946441521,-0.11277960618062141,-0.345171289913857,-0.10712652104965376,0.19927483683828862,0.1182557833754353,0.0013706380638940465,-0.1218640677668959,0.28370932910454305,-0.08687454677302393,0.24346516427734702,-0.039601877455394494,0.02208958554136219,-0.2268517559307987,-0.03999394369227582,0.1636015905776602,0.10631848209803249,-0.1876499135382384,0.011561172692427225,-0.19808588800612006,0.05778036321908693,-0.06241184486289635,-0.16756369084142833,-0.013123062579190208,-0.21970690658145337,0.04956450366167552,-0.2005482552255576,0.09069002063925921,-0.0840854576895186,0.02586999657340484,-0.18623465004900827,-0.3896293699049319,0.04723601271824622,-0.16163647809768186,-0.02105841946306051,0.1566336491644686,-0.02576958936639865,0.18536764178533577,-0.17816222935874856,-0.05598100231892835,-0.5411470328076564,-0.14351218035046898,0.209341057781957,0.10574632039461626,-0.25610690976898376,-0.08155296480169577,0.0933133581429448,-0.1537553092302911,0.13437990580847722,0.2595287236331471,0.13523575771581572,0.18700443863605576,0.02178995768553419,0.002623337503685582,0.00812820247192981,-0.21653053255663843,-0.1563340213086406,0.22150626748161192,-0.07628238331646599,0.03483651953557682,0.2393516563204743,0.18894723840336602,0.20849158093538078,0.11063599199929874,0.18772163297181427,0.42844073982580144,0.2523950306401358,0.35883623265784254,0.16255608061264334,0.07773908470065105,-0.005555865454342611,-0.2208289172756178,-0.2465443186255369,0.04720573117962531,0.054772928304472904,-0.1726605519208855,-0.1701949971710668,0.25367163655778596,0.013197969543147208,0.31203531783662314,0.20525464383332404,0.14652917785622643,0.08478193307779965,0.1010112440134195,0.27809449433814915,-0.11163528277378894,-0.013712755699702763
#58,0.24862736972961774,0.406281028616054,-0.22631784459195628,-0.057852082652662784,0.27045557777972573,-0.01805895337439935,0.4109842296934393,0.47940616308999195,0.29862218999274837,0.10001832829969161,0.41408410298910664,0.3911115715321662,0.35661771151256283,1.0,-0.25902031253735386,-0.07260237949142953,-0.13163066085473626,-0.24360063431854584,0.1408139358828264,0.18177210751539977,-0.19827235853341726,-0.14572751396536748,-0.33337423997322474,0.045623122345384855,0.03445401588983895,-0.09642279402975559,-0.5108352126481206,-0.43299572074046333,0.10451433990230219,0.15120369116018137,-0.08815434022105523,-0.020620134035652528,-0.09361776729434453,0.020169098486719952,0.4241455426372033,0.31939851301707717,0.2876188351170222,0.28201515670696237,-0.446086908015842,-0.0761628509271729,0.02200352222107117,-0.0038298177529504577,0.06702738885480002,0.1272462128154659,-0.014347074245551403,0.08451736805616429,-0.03988078636374503,-0.1464749898397469,-0.2759333487397302,-0.3503908709129884,-0.4345751420443226,-0.418854242204496,-0.5377698443688291,-0.4686833108878069,-0.33376152491453437,-0.2185673644701926,-0.21834264357832162,0.06620500601646359,-0.25956378646733974,-0.09576456900604834,0.13018511582688522,0.344122592418459,0.20241774179410146,0.26653013411534077,-0.03458948593103778,0.188636454191204,0.5617384790698786,0.5654025452430094,0.22517511495031436,0.29041270549609927,0.3635378399700372,0.22918024687422803,0.44326913115890637,0.15257114169369426,0.29274119643952856,0.1795408362485955,0.06251065830471196,-0.11663651794181164,0.20612324586218714,0.19683956362709082,-0.06266684729338827,0.18542661109738703,-0.22250874578648328,0.28946600897289804,0.5336515551163847,0.1905346285331782,0.2377547035995187,-0.2510642367060061,0.16600658225023707,0.3364980197467507,0.14974539601080572,0.38989393492656726,0.21318681318681318,0.003193905441911243,0.13174222441807648,-0.43897552773549875,0.14649730255241494,-0.33157487907306615,-0.2482289284319741,-0.14714755875016933,-0.459911227278885,-0.1661930527775343,-0.35444540955780984,-0.19559323924806157,-0.17419694156459928,-0.044807114567810724,-0.2280263608762521,0.2567603534971193,0.1342826861318522,0.01508020623321566,-0.023847508546565834
#101,-0.4950362183139558,-0.33542700953868465,-0.08705464223955885,-0.28091705249065657,-0.2700029484656026,0.1031532644295516,-0.311968379698619,-0.38845317119428796,-0.018686896859485692,-0.26549418674146735,-0.09025651650742296,-0.23414801297324866,-0.30182087673023134,-0.25902031253735386,1.0,0.4052913004327072,-0.01431360517654934,0.18805313613145375,0.3483683828861494,-0.2623704069679414,0.5361585477611583,0.18867470455577778,0.40987178159041826,-0.20054188016479532,0.5191992923682553,-0.07309485293531703,0.355871829403374,-0.20394616261186238,0.44416163966562805,0.22899058881654966,-0.12390886850640295,0.2611511765971519,-0.10250778952736893,0.2521878411653611,0.06487739961271506,-0.13338220879917762,0.2983560312059224,0.21358844201483795,0.019386559778147884,-0.10904222680872427,0.027227884515774292,0.41622452964004814,0.4205276956545992,0.434562391922798,0.1608539393891098,-0.05005219580999131,0.03069432380527377,-0.15436572129828113,-0.09549362892365068,-0.14581038975527735,0.12326658113460144,-0.040795607583134774,0.14631242579030831,-0.16769916088262715,0.5445975344452502,0.24735873263792046,-0.013860975862426189,-0.17731275251217238,-0.12079943261959215,-0.21919371419008837,-0.5402848058395556,-0.5588649204312729,0.09455649499159288,0.22998987959103986,0.15923148642510498,-0.2783542780642128,-0.06103961303381173,0.0455705280940959,0.30507215771900326,-0.08138880698706659,0.04184111754815163,-0.2069121596315215,-0.34088406155121165,-0.4185020200973791,-0.4878690562519424,-0.6688920941277722,-0.4009084461586275,-0.546306050729546,0.3886603606690626,0.11227597638039988,-0.2587493724549562,-0.08203109435886811,-0.05722413916757644,-0.3544804723920025,-0.3487221987584569,-0.4282765820111723,-0.44173274151519254,-0.09997370287435552,0.040303134139247264,-0.2721704691247838,-0.3422977312752512,-0.5170014901704532,-0.11678155057415392,-0.31933316864426364,-0.2181497979902621,0.3614308823880978,0.24408673270167106,-0.11076189944935412,-0.14417359290455736,-0.2846815258707935,0.08971782387300879,-0.07386942281793624,0.24642638000143438,0.06750870594235352,-0.057064762648518993,-0.09312370008526644,0.1194734199810342,-0.35252173497278644,-0.4529863175258389,-0.05633322442604531,-0.06423670600610412
#102,-0.2329973145056539,-0.2968993298217374,-0.18317302711791472,-0.25259584505414817,-0.29999760935221415,-0.08322004319103667,-0.35538891855062993,-0.1941126313860179,-0.046314816438094174,-0.3036728318816789,-0.3647698204623513,-0.24987050657826582,-0.1410992198519392,-0.07260237949142953,0.4052913004327072,1.0,-0.2869319223198846,-0.10791065352341639,0.2887535959327112,0.5259472941851477,0.26417933045924347,0.7311605001235169,0.27562256452756817,0.0709687701710907,0.26956785056857574,0.1788092980261218,0.0166261584680729,-0.004720732494481588,0.06077504801217637,0.01130617026193531,-0.43222433838822527,-0.23912056036784102,-0.41690825490680455,-0.27876228195299985,-0.10293651236363346,-0.2894373211994677,-0.11899688418905242,0.007699479635665278,-0.15192885432189276,-0.1258341368566169,-0.11793384280693925,-0.040100725960044305,0.42929659173313994,0.25370988692235974,0.09801337168994892,0.5548311007339288,0.13623345472511536,-0.31507462805504866,-0.24500155392106082,-0.18132904079242004,-0.11667795583676657,-0.25810867884834526,-0.05079967168437074,-0.005955900517176804,0.1488241997306537,0.5585174796197276,-0.22111579500992118,0.520646431161297,-0.19085656910167426,-0.19472941851477021,-0.13408665301341152,-0.23116767206687439,0.2795655396090494,0.33847428858306305,0.18112822637840767,0.06381913952617362,0.05031994836200782,0.0708747380248468,0.16793663189602276,0.2062379969559085,-0.058436994477603615,-0.19619727625528932,-0.16789997529663955,-0.3277578114416403,-0.19073544294719058,-0.28172987273784955,-0.2760449123030704,-0.3014367793193029,0.09963741841914431,0.26130736558582823,-0.2645634278701719,-0.24010869478599717,-0.02486433073815235,-0.18642430810668664,-0.11487700117141741,-0.2781359322331041,-0.24736351393349218,-0.1861963996844345,0.07037748328538757,-0.23550271338523696,-0.2459450629138809,-0.2536094797153535,0.22376782028703712,-0.12647004916765614,-0.3637593733315271,-0.07705854696427575,0.24753404680888363,-0.37148594697543214,-0.01671222178836392,-0.315541601255887,-0.22433520069488164,-0.37978786985313456,-0.07567515877885711,-0.2855851907338492,-0.34263720326084357,-0.3312529385045701,-0.3829483062260437,-0.1147781877296018,-0.17558192351520852,0.0396704093585892,-0.04695391627951454
#201,0.2457697487429177,0.3069926447736455,0.7950720780307438,0.7456398568798859,0.03653547322872921,0.41376056865542,0.2791097227645451,0.1795535863701201,0.09861103363641435,0.7190144156061488,0.3746097267489581,0.15561842073807267,0.25413382846305255,-0.13163066085473626,-0.01431360517654934,-0.2869319223198846,1.0,0.695660974268661,-0.3889743324116058,-0.5063041382113174,0.29854250173321967,-0.15905935978452296,0.2228498115372662,-0.13288814159009954,0.0615225238865558,-0.054803209843093816,0.28271641339081516,0.1243678728812884,0.12169990995226673,-0.22696969455490124,0.04780976818685303,0.06355935580010998,0.4486034632517591,0.1743085051279395,-0.12684777151782228,-0.07182621584361976,-0.11328323598084294,-0.14281411119699736,0.4940305524787033,0.4572464518802445,0.006397373474965933,-0.14371936982524364,-0.3379148770011714,-0.26429089402258366,-0.12770521719035136,-0.24751014033102503,0.18813441815617304,0.27853596729593827,0.2021914271370399,0.19056172254141798,0.3493278295308752,0.2130099052506594,0.3540501557905474,0.16628389739339702,0.17931292782634334,-0.22957071934591877,0.1354748224944019,-0.6107834152794269,0.22540621090294766,0.14699615105706476,-0.21723497677087233,-0.02822239399469276,-0.39248061583086963,-0.4208464486927141,-0.3352006948816231,-0.19456526070014105,-0.06545115508132186,-0.21983759532708047,-0.33336786491246245,-0.36242857939739737,-0.09347592219238339,-0.1455777000374535,-0.10041517583214465,0.25710620054347394,-0.14432500059766196,-0.039147654376080775,-0.0005689741730350868,-0.038910183362685175,0.16077743865996222,-0.3477563770529688,-0.05144674035174398,0.17048984373132306,0.13766784339663238,0.07466311788284231,-0.20587780602283864,-0.02336778522420292,0.040052913004327076,0.1320036019093307,0.08933691399246149,-0.05798914645905219,0.01577827538668728,-0.21279155941955072,-0.3393731721505471,0.1540804373291683,-0.07748726980054028,0.4919761891480528,-0.20750025898684346,0.6447752392639993,0.45621687956713336,0.24759142235574433,0.4467801958737419,0.5617846982604053,0.388786268119118,0.6617711512562854,0.3627074883057479,0.3962243702635291,0.32800803257656047,-0.09931388408545769,-0.024242762313828305,-0.21148945325885138,-0.03640797201348325
