,#10,#11,#12,#13,#17,#18,#26,#49,#50,#51,#52,#53,#54,#58,#101,#102,#201,#202,#301,#302,#401,#402,#501,#502,#601,#602,#701,#702,#801,#802,#901,#902,#1001,#1002,#1101,#1102,#1201,#1202,#1301,#1302,#1401,#1402,#1501,#1502,#1601,#1602,#1701,#1702,#1801,#1802,#1901,#1902,#2001,#2002,#2101,#2102,#2201,#2202,#2301,#2302,#2401,#2402,#2501,#2502,#2601,#2602,#2701,#2702,#2801,#2802,#2901,#2902,#3001,#3002,#3101,#3102,#3201,#3202,#3301,#3302,#3401,#3402,#3455,#3501,#3502,#3601,#3602,#3701,#3702,#3801,#3802,#3901,#3902,#4001,#4002,#4101,#4102,#4201,#4202,#4301,#4302,#4401,#4402,#4501,#4502,#4601,#4602,#4701,#4702,#4801,#4802
#10,1.0,0.5924742407701074,0.5564726788802206,0.3896612452087434,0.0037023165377045,0.15116703456079816,0.39575580329750015,0.5042131182812836,0.30649060873861456,0.5206304935093913,0.47326379204551794,-0.19693359577333472,0.019180964068563778,-0.09717823873008789,0.09405127142618078,0.20699503542143136,0.5965128417630231,0.4085266437695734,-0.020012909498043654,-0.1828128361848449,0.010544350500840712,0.005088892253504292,-0.11240347759564584,-0.04479277068109556,-0.02567396345496418,-0.019338746822430652,0.2568719170604595,0.35167703942178197,0.14520635274804963,0.11166397054721929,0.0741833945604794,0.24400385691176119,0.1703559674553148,-0.08345273290886054,0.06149383611312546,0.1304002741276128,0.06874706149542988,-0.028362645331463314,0.09213875319749142,-0.034581517105084905,0.1400760225995904,0.2635752934520157,0.2026663691638311,0.18043175099012662,-0.07806899409509997,-0.12450653045286839,0.1577700037453482,0.3782801679828511,0.15431631457737333,0.1274773087680992,0.10104152555204042,0.08151790196750312,0.21807648479149566,0.1609973782562615,-0.2638557961255568,-0.07159511989098646,-0.3966546868649842,-0.404558168445043,-0.24501111651220425,-0.38941261783901376,-0.42131820318912416,-0.3456398568798859,-0.12922248165177824,-0.12787734383093338,0.3682904477683303,0.13134378312043288,-0.1978898548876794,-0.34981392791400046,-0.23842567874475054,-0.019775438484648057,0.1870028448708652,0.3123492895791663,-0.03411295013905601,0.004768545450198823,-0.29414849110280583,-0.052854035015021235,-0.2586330275960443,-0.25419120400991324,-0.1525695479285037,-0.043100192048705466,0.15736518738694227,0.18200957852879535,7.650072914757469e-05,0.057941333503334955,-0.09482265377841882,-0.3599072428659086,-0.3976651339958084,-0.07222146961088223,0.2854975336483676,0.12270398202232866,0.13548916638111708,-0.42741116751269037,-0.3807983169839588,-0.3475619376997187,-0.37405987775820987,0.1773924407717011,0.0014949517487588553,0.4712795543832527,0.3177409972188797,0.425262772035796,0.28754392815306523,0.28448071145678105,0.481600777757413,0.2929898238092582,0.38871295492035157,0.364999322649794,0.3309485293531704,-0.3839412219397716,-0.2379156738837667,-0.4670034823769414,-0.41003753317023806
#11,0.5924742407701074,1.0,0.4132314386121493,0.31123046641538304,-0.12871088302560385,0.08628804118289253,0.6015395771740949,0.3662058028990589,0.27483683828861494,0.5992971495509567,0.42629393811409766,-0.05542955956298958,0.09431583644781615,-0.1632206806971129,0.19393412968467355,0.2005195674521273,0.4250906453952139,0.23831889647698204,-0.20472232625967215,-0.2853015005299269,0.13132784546852713,-0.07625210177784507,-0.1914414809266151,-0.13025683526046108,-0.21222896030727792,-0.24605184518164938,0.2274765118855039,0.19877758209882937,-0.13332642701750752,-0.1397508945007132,0.12555841547864752,0.22227127477308767,0.21966228115611727,-0.008671676401915705,-0.19069559881742623,0.06565037573014368,0.03434085856130816,-0.08143502617759325,0.06285331782068548,-0.14922423479348787,-0.010643163942656329,0.13446756289395884,0.11910366645682091,0.13728055845532278,-0.06778602108551347,-0.1466742104885687,0.06694451306489015,0.11480050044226985,0.16441600459004374,-0.009189650088852409,0.06398010981042163,-0.04740335806325654,0.23363482058188367,0.04101235964905291,-0.19064300456613728,-0.14444931428252675,-0.2589055614436325,-0.4790045342619672,-0.10136027859015531,-0.19600283690203923,-0.3397158316665206,-0.34273442293746864,-0.0704874530835372,-0.16799081991250228,0.3758815513710365,0.22140107897903402,-0.09091792906151137,-0.13051980651690587,-0.2416881160898565,0.0033803759692084567,0.405404457761238,0.4715170253966483,0.2077170110527616,-0.06137749125421352,-0.10186231462518627,0.02157958068037836,-0.13027755420793855,-0.25923387707289086,-0.1126744176780435,-0.234112950139056,0.04258221836176876,-0.04341894508682036,0.13259329502984327,-0.07020535664480552,-0.22085122998828582,-0.3120385053670043,-0.291027898859661,-0.2546533959151798,0.08735586386057742,0.007705854696427575,-0.10640932671389525,-0.3627186446620819,-0.27395548613822723,-0.3151447537234339,-0.2508076405103236,0.12667564487724023,-0.19373012774028003,0.4367777255376965,0.29191881360119215,0.3011164325159974,0.25794611479890667,0.23431695208344955,0.3141231502362757,0.24032225932153417,0.287507271553682,0.26174086971766447,0.32827737889376757,-0.3662042091338683,-0.3657149232203619,-0.3550271338523695,-0.2650431511925348
#12,0.5564726788802206,0.4132314386121493,1.0,0.510309270135231,-0.18932017945796045,0.28336507582337894,0.06594362852520938,0.3220202567555722,0.022250555825610214,0.4825936934711409,0.5006813346189706,-0.18276183569874652,0.1205906493796269,-0.16102765979488243,-0.11425543274709338,0.2284327709998486,0.7734877160547936,0.7552709799265275,-0.13007833355911674,-0.19533983058276025,0.03215899401541171,0.02623656256723697,0.046784977169313645,0.0931635442150308,0.11795456175441672,0.11260269824446764,0.45615153519431983,0.37910095705599695,0.11608029389030114,-0.1083664703679207,0.13652192622460932,0.03244905928009626,0.36490529050355014,-0.08931938257536517,-0.10528094095896852,-0.23407948107005394,-0.06742264262206249,-0.13884404210727633,-0.07489580760066619,-0.020532476950170932,-0.053295507972810366,0.08887950338276662,0.1559212361242818,0.09465371466821793,0.015617305102439258,0.05296719234355202,0.20915458725465977,0.13196216401437577,0.18046043876355697,0.1034528922853796,0.39314043461976744,0.28109077289642914,0.476068818780929,0.2883870299388791,-0.13193666377132657,0.013260126385579612,-0.3695941476942202,-0.26956625680338514,-0.39773685342938425,-0.4107212584369945,-0.14835882029500594,-0.030727792874275833,-0.24786554996852314,-0.0271274773087681,0.19185107858059272,0.05993513375674362,-0.17187801321231344,-0.32448899903577205,-0.16631417893201794,-0.11373267776458494,0.29389030114193276,0.3290376048896716,-0.35500641490489204,-0.10360589374367475,-0.45044107451649146,0.02571380758472854,-0.24241965431233017,-0.03211277482488505,0.06883631234610205,0.22803114217182383,0.21526667676051287,0.21825179896245886,0.022111898254030232,-0.1290631051327208,0.0694196304058523,-0.34989999123429144,-0.18919745953828623,0.14737546717242148,0.208689207819012,0.2721114998127326,0.1275075903067201,-0.22355584951669072,-0.3377794069599726,-0.32198678768657013,-0.4840424260293731,0.38937436747444,0.07240475260779829,0.6268230681573683,0.4926057263983297,0.477578114416403,0.4836184844886803,0.5000741100813617,0.619700531520691,0.4351664289300257,0.5517423837945955,0.466053598323359,0.30727633497756773,-0.08974969917682028,-0.024346357051215645,-0.41052363155336324,-0.4430603479189411
#13,0.3896612452087434,0.31123046641538304,0.510309270135231,1.0,-0.0528938791447856,0.4131119062228562,0.38858226617472447,0.012055239901505312,0.09343607806261904,0.7620747635250898,0.2504777311158747,-0.17165329232044244,0.16240786044991992,-0.30479803010622447,-0.05022113492019221,-0.07855190494784403,0.5350110368239447,0.2116185482392879,0.0007713823522380448,-0.15654917960936815,0.011645642247527671,-0.2678768657013762,-0.0711616157591502,-0.24276868888906597,0.02150786124680251,-0.28405198862051656,0.40101044713082423,0.15624955175354016,-0.018855835969686586,0.036529098167966914,-0.1558399540995625,0.30240738232036274,-0.005069767071217398,-0.11164165783455124,-0.1924885846568225,0.34445250181290793,-0.1324211683892612,0.09077608395955024,0.14420865573875,0.02694578807704261,-0.2402266334100997,0.19185426611097386,0.006151933635617464,0.0020894261648431336,0.07334826160061839,-0.3250229103746145,0.25780586346213613,0.3258851373427153,0.23661516148825792,-0.05583118839101435,0.175763612746934,-0.08225740901592968,0.24782251830837762,-0.09667142139948522,0.024225230896731984,-0.18866036066906264,0.010537975440078413,-0.26899887639554065,0.04365960363059711,-0.17674218457394672,-0.0028879025253209446,-0.02301237558670481,-0.08592944401501326,-0.11488656376256086,0.29008279610165033,0.3424539202639275,-0.061689869231566115,-0.4182055797719322,-0.14319502107754464,-0.24733960745563355,-0.12467228203268813,-0.015163082023125532,-0.2521926224609328,-0.11866378726422236,-0.13572982492489383,-0.2753229366717401,-0.09335160850751859,-0.04974141159782929,-0.20526101889408632,-0.17412044083545172,0.024617297133613304,0.13810134752846864,-0.18208448549275236,-0.21027341041844305,-0.13736821554080436,-0.12802237646327566,0.012399493182669398,-0.006242778251480209,0.14804484855246278,-0.08123739929396202,0.038820932512013004,-0.10444421423391692,-0.16965949206703376,0.049688817346540334,-0.08616372749802771,0.23406513718333877,-0.13676736606395778,0.1642183777064125,-0.04966809839906287,0.20814414012383556,0.19532070540047336,0.08831849803568441,0.21795854616739316,0.02966475149216266,0.11791631138984293,0.11720389834965615,-0.00678465841627553,-0.11088461936902837,-0.060677828335551326,0.0027604013100749865,-0.047280638143582306
#17,0.0037023165377045,-0.12871088302560385,-0.18932017945796045,-0.0528938791447856,1.0,0.49688498593502217,0.3042194933420459,-0.1958609918000781,0.045776123803680006,0.09237303668050587,0.13245463745826327,0.5129788268294432,0.42913562144889195,0.3391627951453912,0.07296257042449936,-0.13323239487126362,-0.040574074221644926,-0.16093840894421024,-0.07735179975934145,0.040245758592386584,-0.13106487421208232,-0.05841786929531672,0.005598897114488122,0.0017276414665827284,-0.2855341902477508,-0.11132609232681749,-0.3960713688052339,-0.10172843834917801,0.21871399086772547,0.3249480034106575,0.06245647028823244,0.35428284550837125,0.09498681159304799,0.1838105331941445,0.09843571946545115,0.38450700858242554,0.30045183243152784,0.1858218648646495,0.14513144578409262,0.09779343209364964,0.2941947102933325,0.03930065583437592,0.18083656734853254,0.09558287977432285,0.09831778084134865,0.13522778888986287,-0.24031747802596243,-0.08093617767294345,-0.21800157782753868,-0.14763365713329454,-0.23198686737482965,-0.1749268860218824,-0.13882332315979887,0.005946337926033357,-0.08513734271529776,-0.09539481548183507,-0.11791153009427122,-0.06272262907505838,0.2992134768784515,0.2630381945827921,-0.060963112304664155,-0.01911402593055965,0.1152834112950139,0.05382782554646224,-0.24292169034736114,-0.038542023603662476,0.2405565428045486,0.10632326339360422,0.04421423391691702,0.2710548334913817,-0.06044513861772745,-0.30210616069934415,0.06245647028823244,0.34974539601080573,-0.09943819777032249,-0.160879439632159,-0.21188789455649498,-0.09208297141582131,0.04856361912199476,0.03867430611448015,0.053183944409470156,0.45198065169058643,0.1375164357035278,0.15084987528787383,0.40494545338635257,0.058526245328275786,0.036154563348181915,0.24577453003848942,0.2685303094295117,0.2290750583716501,0.15720421710269425,0.028152268326307486,0.06498896317605528,0.023893727737092495,0.14414331136593644,-0.22896349480830988,-0.18407509821577986,-0.04904015491397652,-0.13064412020177069,-0.089604666544478,-0.08845078054650209,0.3506777486472918,0.11872913163703591,0.08955844735395134,-0.16250508012654497,-0.09510315645195994,0.09334842097713744,0.001305293691080493,-0.10581803982819211,-0.005708866912637761,0.150115149535019
#18,0.15116703456079816,0.08628804118289253,0.28336507582337894,0.4131119062228562,0.49688498593502217,1.0,0.21516945708388782,-0.04189849309501231,-0.10130768433886636,0.412797934480313,0.2765134792690993,0.4699774482225534,0.7380471595119891,0.463259727944282,0.020542039541314377,-0.010273410418443051,0.30140012271991967,0.17115444381579262,-0.06059654631083203,-0.1639888755189698,-0.3128353879622915,-0.4014407637322793,0.09671445305963072,-0.03328100470957614,-0.10942154292408099,-0.052863597606164686,0.07007466789917842,0.0961040409916407,0.3336898054809585,0.37275777159751056,0.050587700914024335,0.3385428204862578,0.16565117261273896,0.02229996254651802,-0.1360246714851501,0.39899752169512864,0.18809616779159927,0.180632565404139,0.2501876658511901,0.061772745021475985,0.18455004024257107,0.07132577357377938,0.39986134242842003,0.03348500665396967,0.24860983831252143,-0.0971160818876555,0.02437663858983656,0.08456199348150037,-0.06879168692076597,0.002519742766298241,-0.011497422084804245,-0.02756257520579493,0.06777008343360773,-0.056017658918311564,-0.04229534062746536,-0.24730295085625034,-0.1779789463618325,-0.20690100327518746,0.026321032122337416,-0.12828375395452987,-0.005329550797281037,0.0584067129389827,0.340762935396728,0.19341774976292742,-0.07290838240801982,0.04189849309501231,0.49766593087840366,0.09914335121006622,0.22185370829315718,0.10854497206926504,0.07942050697670712,-0.10268947875909443,-0.20580449282407223,0.16685446533162268,-0.18355234323327144,-0.2924080995146985,-0.3545171289913857,-0.022535839794723043,0.386891281307525,0.21155798516204607,-0.06213931101530811,0.45799233398943334,-0.05007132099227821,-0.00741897696212417,0.37187801321231345,-0.052567157280717834,0.046090095546223175,0.2219015212488744,0.3923467395548614,0.33637051853150474,0.4189339304640247,-0.09528803321406658,-0.014493700643084254,-0.20168939110200895,-0.15204201165042355,-0.03457036074875089,-0.1638884683119636,0.22289124943222116,0.09166221740550964,0.13734590282813633,0.24612834591079696,0.45131286407573573,0.24906406139183515,0.13542860330387524,0.0562152858019428,0.17128194503103858,0.14130162803114218,0.10823896915267474,-0.022298368781327446,-0.21165361107348055,-0.07973926001482201
#26,0.39575580329750015,0.6015395771740949,0.06594362852520938,0.38858226617472447,0.3042194933420459,0.21516945708388782,1.0,-0.02782554646223972,0.43483492577038624,0.6424196543123302,0.3362143295428285,0.18455800906852393,0.18585533393365156,-0.020620134035652528,0.14203476001880644,-0.05031197953605495,0.18749691207994326,-0.11027420730103833,-0.31385221015387804,-0.3143781526667676,0.032670592641586116,-0.16562248483930864,-0.14312489540915938,-0.30898166373148245,-0.3658790810349911,-0.5336674927682904,-0.04871343304990876,0.05697232426746567,-0.2597901011244013,-0.050943110551522446,0.002849652160747157,0.4388480265202528,0.12582616803066404,-0.0004558168445042992,-0.2904716748081505,0.347493405796524,-0.04229374686227478,-0.08275466375538892,0.10389436524316872,-0.1717807935356884,-0.13554813569316831,0.011145199977687287,0.14564304441026704,0.0506147949222641,0.192745180852505,-0.012844153670839676,-0.12503087920056738,0.01975471953717059,0.16910486178071385,-0.03348819418435082,-0.03326666082286097,-0.11919132354230251,0.10956338802604212,-0.0627704420307756,-0.1536804022663341,-0.2988373482934759,0.020318912414633954,-0.35543832527153774,0.3132226729036011,0.1444094701527624,-0.1941381316290671,-0.35684880746519615,0.04447879893855238,-0.25641291268557403,0.19026209468558997,0.1499478041900087,0.06607591103602706,-0.10678386153368025,-0.30074667899178414,-0.2309604825920997,0.09156021643331289,-0.028069392536397612,0.048182709241447456,-0.10193084652838097,-0.08268772561738479,-0.19747866346851117,-0.1874076612292711,-0.2958474447959582,-0.2311979536054953,-0.4218345831108703,-0.045718748256819326,0.10930519806516906,-0.13874841619584186,-0.11380120966777965,-0.17076715887448302,0.02768370136027859,-0.08995210735602324,-0.04253281164086095,0.09723242674656743,0.0140538214504857,0.06091529934894692,-0.08045326682019938,-0.016613408346548304,0.012852122496792547,0.10904541433910542,-0.06228274988245982,-0.466289475571564,0.08595016296249074,-0.107934560001275,0.04263800014343887,-0.03581987265816127,0.16154563348181913,0.13720724525655636,0.08024926487580585,-0.02896190104311932,0.02082413598004606,0.1440158101506905,-0.2853636573723593,-0.3693949270453984,-0.03460223605256237,0.06938616133685024
#49,0.5042131182812836,0.3662058028990589,0.3220202567555722,0.012055239901505312,-0.1958609918000781,-0.04189849309501231,-0.02782554646223972,1.0,0.1065368279291412,0.13251041923993337,0.28117524245152964,0.05156308521065591,-0.04928081345775327,0.15335846169783807,-0.12419893377108751,-0.09942863517917905,0.35208504331056906,0.3996621217795982,-0.034587892165847206,-0.21055231932679358,-0.14800659818788897,-0.2665827283666297,0.03963056522882484,0.14420706197355943,0.1909968204384448,0.19668178087322394,0.010316442078588561,-0.01961924949597176,0.1526763301962722,-0.004723920024862737,0.12250476137350684,-0.017800763413526287,0.3038863964172159,-0.030903107045239023,-0.0021531767724661125,-0.07416905067376424,0.1527066117348931,-0.09887878618843086,-0.02286256165879081,-0.05761939293483891,0.11755771422196368,0.13899226226999975,0.11123206018057359,-0.041386894468837906,-0.2989186303181952,-0.23839539720612962,0.11848209803249687,0.1073416793503813,-0.2190534628533178,-0.04994381977703225,-0.0938377068906438,-0.09947963566527744,0.038245583278215624,0.010493350014742327,-0.2746774617695575,0.06158786825936935,-0.38157926192734026,-0.3078277777335065,-0.2748974013658568,-0.4854369705711258,-0.025334491469371816,0.020822542214855487,-0.0008781646200065345,0.05283969112830607,0.0353560869877041,-0.014511232060180573,0.04223477755022353,-0.1274709337073369,-0.03222433838822526,0.16713178047478264,0.28195459362972053,0.3284622556558742,0.11268398026918694,-0.06007060379794245,-0.15311780315406132,0.0633266660822861,0.04829746033516882,0.005638741244252485,0.07179434053980827,0.05101482998509829,0.281525870793456,0.03683828861493836,0.10434221326172015,0.2666241662615847,0.2111196997346381,0.07366382710835212,-0.11249591597669915,-0.24870705798914647,0.16585358079194193,0.032955876610698945,0.025482711632095242,-0.17143972778490546,-0.17778769453896356,-0.1877200392066237,-0.24573149837834393,0.2432595685677629,0.3228378582983369,0.4311118902852043,0.35627027070101763,0.24797711353186336,0.16889767230593916,0.1959343049988445,0.2520938090191172,0.39229414530357243,0.4557546876618668,0.40901911721346096,0.35872945039007403,0.04087051454709178,-0.036176876060849954,-0.20401150698467596,-0.24576018615177425
#50,0.30649060873861456,0.27483683828861494,0.022250555825610214,0.09343607806261904,0.045776123803680006,-0.10130768433886636,0.43483492577038624,0.1065368279291412,1.0,0.3595980524189371,0.33238929308544973,0.025484305397285818,0.058056084597056315,0.026018216736128266,0.19293802644056451,-0.036444628612866466,0.16891839125341662,-0.08837906111292623,-0.26221103044888394,-0.4752065918128282,0.28404083226418253,-0.16472041374144347,-0.1729043979950434,-0.24482464598490705,0.08363442214058603,-0.35348277538270284,0.006035588776705528,-0.12056674290176828,-0.2645729904613153,-0.17610308473252637,-0.10201531608348142,0.2672839850504825,-0.17881407932169355,-0.4256548382726773,-0.12616723378144698,0.07673341886539856,-0.15199897999027803,-0.45297834869988607,-0.08061583086963797,-0.3947294185147702,-0.12450334292248723,0.01600618380893943,0.09543944090717114,-0.18732797296974238,0.01414625983153902,-0.10749149327829531,0.06986588465921316,0.15668783718094814,-0.027768170915379038,-0.075619376997187,-0.18718612786778124,-0.1731721505470599,-0.07607997513726303,-0.14635545745045384,-0.082874196144682,-0.27838934089840545,0.040631449768505606,-0.40036497222864154,0.042633218847867145,-0.14891345058132585,0.0071575994708699565,0.0032289682761038815,-0.10893066324538406,-0.33713074452740877,0.08495724724876284,0.0740399556933277,0.027610388161512164,-0.1335511479093785,-0.14053024567890413,-0.18249408314673,0.24649809943501025,0.188924925690698,-0.042018025484305395,-0.07424395763772124,-0.06272103530986779,-0.033212472806381434,-0.06381117070022074,-0.04923618803241719,-0.1217270039605065,-0.3273370574313286,-0.04702882324347154,0.04249934257185889,-0.19506092167440972,0.07541218752241233,-0.14800819195307954,0.18820295005936774,0.0893177888101746,-0.14784084660806923,-0.04734917004677701,-0.10831706364701288,0.00816326530612245,0.015116862832598874,-0.07119827235853342,-0.06637872642223622,0.09003179561555195,0.05961319318824757,-0.3310106861956028,0.06086748639322968,-0.06031604363729092,-0.017509104383651157,-0.10318513973336309,-0.1546541927977751,0.10501956346771431,0.05462630190694005,0.02262668441058579,0.02375666393070309,0.055995346205643524,0.04201324418873367,0.055322777295221094,-0.014560638781088382,0.022472089187100065
#51,0.5206304935093913,0.5992971495509567,0.4825936934711409,0.7620747635250898,0.09237303668050587,0.412797934480313,0.6424196543123302,0.13251041923993337,0.3595980524189371,1.0,0.5307732151822072,-0.022033803759692085,0.24305237909298824,-0.09372773709249416,0.12109587294503901,-0.0010662289124943223,0.5707352835706715,0.20847404951828447,-0.23417351321629784,-0.39311174684633715,0.10652726533799775,-0.2944975256795416,-0.029505374973105212,-0.2566456024033979,0.00867645769748743,-0.3649371658073616,0.36493397827698043,0.13818900461395023,-0.05487811680705082,-0.07195212329367515,-0.05828239925411789,0.4009004773326746,0.12749962148076724,-0.01612412243304194,-0.25305963072460536,0.273319573827188,0.0434476328602507,-0.021898333718493253,0.2482177720756401,-0.03618803241718398,-0.13790531441002796,0.014742328012813872,0.1061304178055447,-0.02103451298520189,0.10009642279402975,-0.19009634310577023,0.08353879622915156,0.20397325662010216,0.18556208113858585,-0.06854943461179865,0.08760767876068819,-0.0918710006454749,0.26832152618954647,-0.013709568169321614,0.04320059925571166,-0.1974451943995091,-0.02446270191012758,-0.453768856234411,0.0579508960944784,-0.13817306696204448,-0.11383467873678171,-0.15618101985034544,-0.0029149965335607104,-0.17026512283945205,0.2786236243814199,0.34280136107547277,0.10341623568599638,-0.2883854361736885,-0.1977145407167162,-0.21386735092318848,0.05856927698842129,0.11420124473061384,-0.15401509295635474,-0.06083561108941819,-0.15874060674640805,-0.19387834790300346,-0.2033532819609687,-0.14773247057511016,-0.10804612356461522,-0.28176174804166104,0.04751332786140618,0.1267282391285292,-0.18292918104375683,-0.18044928240722294,-0.13544613472097156,-0.19440907171146474,-0.09952904238618525,-0.06678991784140442,0.15881073241479332,0.011290232610029564,0.010214441106391796,-0.21913633864322768,-0.21086469730414617,-0.17778291324339185,-0.1730223366191459,0.20403700722772514,-0.25879240411510174,0.31214050633920104,0.07058307899497167,0.24345082039063184,0.25177346221581176,0.24180127341838728,0.35274645586465747,0.14470112918263753,0.1793224904174868,0.1886938297380647,0.1816685127780124,-0.16621217795982118,-0.18250523950306402,-0.19245352182262987,-0.1541425941716007
#52,0.47326379204551794,0.42629393811409766,0.5006813346189706,0.2504777311158747,0.13245463745826327,0.2765134792690993,0.3362143295428285,0.28117524245152964,0.33238929308544973,0.5307732151822072,1.0,0.09196184526133765,0.158418666177912,0.15357202623337504,0.0043334475531719915,0.12739283921299874,0.4775844894771653,0.43907274741212377,-0.2803895162125764,-0.28691917219836,0.03587406067464081,-0.09110121205842743,0.10545466136474113,0.16763541027500417,0.088256341193252,0.08443927356182614,0.1642821283140355,-0.02367378814079322,-0.010297316896301667,-0.12119149885647347,0.08699407916231701,0.10656551570257154,0.2545673325948888,-0.03384838511742065,-0.25802739682362597,-0.09404649013060906,0.06279434850863422,-0.14388193387468223,-0.026131374064659055,0.06798205420395413,0.08454446206440405,0.04062029341217158,0.37332515200535504,-0.036533879463538636,0.03066244850146228,0.03826152093012136,-0.12194056849604348,0.05307078708093937,0.02160029962785583,-0.061020487851524835,-0.00435097897026831,-0.012769246706882675,0.17642183777064124,0.23746304456964357,-0.1956936464550678,0.0325717791997705,-0.329013698411813,-0.36306289794324603,-0.1336021483954769,-0.15319111635282773,-0.056338005721617034,-0.12094446525193443,-7.490696395700022e-05,-0.029202559586896062,-0.028847149949397955,-0.0792659117532214,0.10855453466040849,-0.07467746176955749,-0.03390894819466248,-0.0612101459092032,0.3019149088764752,0.2549020232849094,-0.09545378479388632,0.051311270310545144,-0.21708994413853008,0.01632812437743547,-0.2159583708532222,-0.20674003299093943,0.041380519408075606,0.15352261951246723,0.21778482576162053,0.14379268302401008,-0.04247702985919084,-0.006228434364765039,0.14038680681175242,-0.04897002924559125,-0.07703782801679829,-0.01810836009530716,0.24869430786762187,0.297234020511758,0.21924949597175847,0.010966698276342947,-0.16401756329240014,-0.3276637792953964,-0.35195435456494195,0.19398353640558136,-0.01339081513120672,0.39121835379993464,0.38591749077608395,0.25086820358756545,0.33131509534700254,0.3453083537202464,0.49922144570440435,0.3151511287841962,0.24068085648941343,0.1917219836001562,0.30327439058403527,-0.14929276669668257,-0.15003864880587142,-0.28629122871327367,-0.3169696148666417
#53,-0.19693359577333472,-0.05542955956298958,-0.18276183569874652,-0.17165329232044244,0.5129788268294432,0.4699774482225534,0.18455800906852393,0.05156308521065591,0.025484305397285818,-0.022033803759692085,0.09196184526133765,1.0,0.5277960618062141,0.6312346102048785,-0.012362836583286185,-0.3248858465682251,-0.07376742184573946,-0.1935930639338906,-0.18348221756488617,-0.18798301046306848,-0.09963901218433488,-0.4544924256309318,-0.007380726597550383,-0.17275617783231997,-0.2076357290280423,-0.12881607152818175,-0.2692012845747436,-0.19090597582258206,0.06760592561897856,0.07808652551219629,0.02907665213684068,0.11612970061120895,0.21969893775550048,0.10083592984245632,-0.12652583094932623,0.10198184701447936,0.12797296974236785,-0.04978763078835595,-0.006708157687127955,-0.035338555570607784,0.1984014535138538,-0.06897337615249145,0.39864211205763056,-0.15150491278119996,0.1318282877383675,-0.009043023691319558,-0.14578807704260932,-0.12361083441576552,-0.17957589908278812,-0.10509606419686188,-0.14963223868227493,-0.15626708317063648,-0.041292862322594014,-0.23223071344898755,-0.034473141072125846,-0.29005251456302944,-0.1022225055582561,-0.19518204782889337,0.19348946919650328,-0.030050442668281684,0.17588633266660822,0.13969351895385254,0.33849819506092166,0.033282598474766716,-0.2923220361944075,-0.057664018360175,0.48223350253807107,0.20751938416913035,0.30577978946361833,0.2202408179202958,0.05170811784299819,-0.1458884842496155,0.01689391102008941,0.20702053566448056,-0.03719210448724589,-0.17283267856146753,-0.20695040999609526,-0.045858999593589876,0.22191108384001784,-0.056522882483723676,0.19522826701942003,0.3240220258349337,0.08398983177808414,0.4475707034082669,0.5034608611113325,0.3625879559164548,0.21229908597566322,0.2860171011004949,0.23230083911737284,0.4729912581979297,0.20221373984970795,0.18646096470606985,0.1407071536150579,0.04119723641115954,0.12213182031891241,-0.15993593063933892,-0.2519153073177729,-0.07260716078700125,-0.0997505757476751,-0.09992907744901944,-0.06205962275577939,0.2224896206041964,0.06115277036234252,0.031052920973153025,-0.09990517097116082,-0.003294312648917435,0.1352134450031477,0.2078476997983887,0.09939038481460527,0.034403015403740564,0.10588019667062451
#54,0.019180964068563778,0.09431583644781615,0.1205906493796269,0.16240786044991992,0.42913562144889195,0.7380471595119891,0.18585533393365156,-0.04928081345775327,0.058056084597056315,0.24305237909298824,0.158418666177912,0.5277960618062141,1.0,0.4490034983145933,0.2085298312999546,-0.07197443600634318,0.17218082859852257,0.013110312457665613,-0.02281634246826415,-0.2220258349337392,-0.16692140346962683,-0.34962586362151266,-0.05084270334451625,-0.24300615990246158,-0.21872514722405947,-0.2607591103602706,-0.012249679254755397,0.020532476950170932,0.3498298655659062,0.2224944018997681,0.039354843850855456,0.30227828733992623,0.018643865199340182,-0.17552773549872897,0.0041852273904485655,0.2848775589892341,0.07899178414044258,-0.004671325773573779,0.07278088119277387,-0.30047892643976765,0.16271864466208194,0.05692769884212959,0.32807178318418345,-0.08877272111499812,0.01204727107555244,-0.19324243559196425,0.0999497963964969,0.17474360302496633,-0.04325797480257234,0.11807090661332865,-0.052251591772984086,-0.007023723194861701,-0.025140052116121733,-0.15946576990811945,-0.10333017236570537,-0.37741634724955975,-0.20421072763349776,-0.41991250229103744,-0.09949079202161146,-0.21406975910239145,-0.081450963829499,0.024510514865844817,0.18013052936910806,0.08877112734980755,-0.029462343312959702,0.16454669333567085,0.4370534469156659,0.19189251647554767,0.1892420849636223,0.07274900588896238,0.21926862115404538,-0.0049884850464981,-0.08482177720756401,0.120196989377555,-0.07221350078492936,-0.2077807616603846,-0.3056522882483724,-0.09311891878969471,0.34920670337639154,0.017662105841946305,0.20954824725673166,0.42353991186478496,0.1725043629322092,0.21092366661619744,0.3185171608666895,0.027991298042059465,0.07351401318043813,0.11480050044226985,0.24110798556048738,0.27324147933284987,0.22749085577221909,-0.10384655228745149,-0.13255663843046003,-0.19640127819968284,-0.012009020710978651,-0.10005976619464654,-0.33855557060778235,0.16458972499581637,0.055361027659794886,0.1980460438763557,0.30966857652862007,0.36404784483102104,0.12364430348476758,0.1957542095323096,0.04528843165536422,0.11408489987170191,0.1585366048020145,0.12619432778968676,-0.07582656647196169,-0.2586170899441385,-0.13348739730175554
#58,-0.09717823873008789,-0.1632206806971129,-0.16102765979488243,-0.30479803010622447,0.3391627951453912,0.463259727944282,-0.020620134035652528,0.15335846169783807,0.026018216736128266,-0.09372773709249416,0.15357202623337504,0.6312346102048785,0.4490034983145933,1.0,-0.052736096390918724,-0.17548629760377404,-0.1313660958331009,-0.12860569452302592,-0.1073480544111436,-0.2518404003538159,-0.24811577110344332,-0.40098494688777503,0.15124034775956458,0.09528325191849485,0.09151877853835795,0.04023460223605256,-0.18968355792141145,-0.12129987488943254,0.21735291539497487,0.2797456350755843,0.11226641378925643,0.12369211644048482,0.19767310282176126,0.005667429017682825,-0.015371865263090789,0.10700698866036067,0.2007187881009491,-0.010180972037389732,0.1319526014232323,-0.014903298297061893,0.25618022296775017,-0.123556646399286,0.4244324203715067,-0.11870681892436788,0.1655364215190176,0.10000079688259529,-0.12275976380399875,-0.06646160221214609,-0.2244244515455538,0.12475834535297915,-0.11280988771924233,-0.02265537218401613,-0.13385077576520651,-0.13062658878467434,-0.09388392608117047,-0.2546757086278479,-0.09143909027882922,-0.026472439815441992,0.07966116552048387,-0.0974523663428667,0.13508913131828287,0.0980643721760473,0.44105379754400786,0.2511136434269139,-0.2693590673286105,-0.23879383850377323,0.7416044434173513,0.5144705910478209,0.4118225501836814,0.26573325152005356,0.0323406832471372,-0.07766099020631291,-0.0800771382352238,0.09465371466821793,-0.08708811130856091,-0.20863183227215135,-0.2798922614731172,-0.0800898883567484,0.5074388990270063,0.22966475149216267,-0.05969606897815745,0.16603367625847684,-0.1138171473196854,0.23710125987138314,0.3637354668536685,0.2693335670855613,0.09562909896484952,0.1857214576576433,0.26421758082381724,0.35101722063288415,0.3409541872195969,0.1251057861645244,0.2136171297882683,-0.1206910565866331,-0.014149447361920168,-0.17422403557283905,-0.09565300544270812,-0.01711544438157926,0.037896548701479814,-0.1333073018352206,-0.04222840248946123,0.22564846321191498,0.12049342970300185,0.07662185530205835,0.006258715903385954,0.09697264302050379,0.11466981169664274,0.23637928424005292,0.039088685064029516,-0.08152268326307485,0.04984660010040721
#101,0.09405127142618078,0.19393412968467355,-0.11425543274709338,-0.05022113492019221,0.07296257042449936,0.020542039541314377,0.14203476001880644,-0.12419893377108751,0.19293802644056451,0.12109587294503901,0.0043334475531719915,-0.012362836583286185,0.2085298312999546,-0.052736096390918724,1.0,0.45929444015013265,-0.1133358302321319,-0.21705169377395628,0.222502370725721,0.1721983600156189,0.36896939173951504,0.23835077178079353,-0.2128680601486983,-0.2107085083154699,-0.11828606491405622,-0.14283961144004653,-0.10105905696913674,-0.2209341057781957,-0.10556622492808135,-0.0642382997712947,-0.2850050602044801,0.10795846647913362,-0.43628365832861843,-0.10490162484361179,0.038122863358541384,0.20680856489413416,0.11673692514881782,0.19434532110384178,0.38294033740009087,-0.08407908262875631,0.208142546358645,0.1645801624046729,0.15451234769581398,0.32712827419136337,-0.03483333200519567,-0.09679414131915945,-0.35640095944664474,-0.017960139932583732,-0.18280646112408258,-0.0030568416355218385,-0.20849636223095253,-0.13391293260763892,-0.2858385993991505,-0.19747228840774889,0.17365506139980397,-0.011232857063168884,0.024371857294264835,-0.039813848225740904,-0.2993999474057487,-0.14563666934950473,-0.5582290081202337,-0.5662998350453028,0.30983751563882095,0.1672784068723155,-0.1947692626445346,0.04981791232697687,0.21271824622078428,0.14801934830941357,0.2913259329502984,0.17071456462319406,0.0605232331120656,-0.14335280383141152,0.5472097155926018,0.10985982835148897,0.5956569898556846,0.16292902166723777,0.019389747308529034,-0.3295762975240858,0.12768131071249272,-0.0858529432858657,0.09940313493612986,-0.09815362302671947,0.027674138769135142,0.0761692259879352,-0.3316370359154986,-0.3583453529791456,-0.5264222362119388,-0.11965989050833141,0.002444835802341241,-0.07920534867597957,-0.12626764098845317,-0.41473595295205157,-0.47042210871072365,-0.5728613663348979,-0.3160563874124425,-0.3776633808540988,-0.21049813131031406,-0.17200710819274997,-0.25222290399955377,-0.1134728940385213,0.10881431838647213,-0.22608037357856067,-0.1672401565077417,-0.23931021842551936,-0.279353568838703,-0.2803656097347178,-0.10959048203428189,-0.39324881065272654,-0.3935213445003148,-0.3933651555116385,-0.36078859501629623
#102,0.20699503542143136,0.2005195674521273,0.2284327709998486,-0.07855190494784403,-0.13323239487126362,-0.010273410418443051,-0.05031197953605495,-0.09942863517917905,-0.036444628612866466,-0.0010662289124943223,0.12739283921299874,-0.3248858465682251,-0.07197443600634318,-0.17548629760377404,0.45929444015013265,1.0,0.0927141024312888,0.24052785503111826,0.3054004733482616,0.4578393325311382,0.09437002446429568,0.6367665691813625,-0.22607718604817953,0.09274757150029087,-0.11722939859270534,0.1780426969694555,0.021756488616532125,0.0943365553952936,0.0960482592099706,0.16241104798030107,-0.0506084198615018,0.01541170939285515,-0.17954243001378606,0.0425359991712421,0.0021802707807058786,-0.014646702101379404,-0.08156252739283922,0.3364342691391277,0.02744144905131127,0.014707265178621233,0.2606969535178382,0.27671110615273053,0.15236395221891957,0.6257536517144929,-0.07752870769549522,0.17006112089505854,-0.08310847962769645,-0.08544175186669747,-0.18946839962068387,-0.02157958068037836,0.06841715210098097,0.21040888045964187,-0.12460056259911227,0.18890261297802996,-0.14782809648654463,0.3215596586154962,-0.38543139239295876,0.23442851564678976,-0.5213747818533896,-0.2898102622540621,-0.4317701153089115,-0.35109850265760345,0.12322036194407478,0.25917809529122077,-0.11449449752567954,-0.020079847636047782,-0.06636119500513989,0.12764784164349066,0.218105172564926,0.19442022806779877,0.3606897815744806,0.1220330068770968,0.28902772354549006,0.18116807050817202,0.17077990899600762,0.36829841659428314,-0.04476089537728407,-0.13296782984962827,0.08664026329000948,0.39785957334905847,0.01730988373482935,-0.031966148427352195,-0.013137406465905378,-0.11211022480058012,-0.13171831794021788,-0.49396042681031804,-0.5211197794228977,-0.02061057144450908,0.09911147590625473,0.075919004853015,-0.032696092884635305,-0.46336810397724104,-0.45829196184526133,-0.6019953940185993,-0.6223079313724709,-0.22842639593908629,0.08277060140729467,0.19639490313892055,0.21026066029691845,0.10531600379316115,0.15925220537258244,0.027122696013196376,0.1147654376080772,-0.023465004900827962,0.01614962267609113,-0.006359123110392146,0.04743842089744918,-0.3165504546215206,-0.1567213062499502,-0.5124465092557914,-0.5195817960139932
#201,0.5965128417630231,0.4250906453952139,0.7734877160547936,0.5350110368239447,-0.040574074221644926,0.30140012271991967,0.18749691207994326,0.35208504331056906,0.16891839125341662,0.5707352835706715,0.4775844894771653,-0.07376742184573946,0.17218082859852257,-0.1313660958331009,-0.1133358302321319,0.0927141024312888,1.0,0.551014033102503,-0.12341639506251544,-0.20569611679111316,0.05557140466495071,-0.12089346476583605,-0.10496537545123477,-0.07965638422491214,0.1331782068547841,-0.04476567667285579,0.42098191873391294,0.23882252627720357,0.0859963821530174,-0.11846934791097227,0.23342763110710898,0.06450764608850178,0.37122456948417787,-0.09178493732518388,-0.032664217580823815,-0.13913410737196089,0.008329016885942194,-0.130522994047287,-0.08377467347735658,-0.13097084206583845,-0.09590003904724717,-0.024916924989441307,0.13511622532652265,-0.07344866880762457,-0.0385404298384719,-0.05129852018902055,0.3175369952744862,0.23445879718541068,0.1621847333232395,-0.09201603327781718,0.20057853676417853,0.07271713058515089,0.2410936416737722,-0.01812748527759405,-0.18498035684402617,-0.15351624445170492,-0.3612970061120895,-0.4747826502721354,-0.26094398712237726,-0.3975758831451362,-0.0117125803855318,0.059659412378774236,-0.2502657603455283,-0.184527727529903,0.2275641689709855,0.19202320522117478,-0.1622086398010981,-0.4488728095689662,-0.1519639171560854,-0.09612635370430875,0.22182342675453626,0.3854712365227231,-0.2080660456294974,0.08876634605423583,-0.3847891050211572,-0.06669747946035111,-0.1165329232044243,0.01399325837324387,-0.01666919012821841,-0.009349026607909856,0.13593542063447792,0.1888739252045996,-0.03862011809800062,0.017077194017005474,0.07410051877056953,-0.19584983544374407,-0.035260461076269636,0.0710930838559555,0.09235869279379069,0.2156396178151073,0.08284710213644224,-0.08290925897887465,-0.23134936129859987,-0.1480544111436062,-0.3148355632764625,0.3993927754623911,-0.07371960889002223,0.6024894612276773,0.34584864011985117,0.5219453497916152,0.3598578361450008,0.4972882085282375,0.4791989736152173,0.5125867605925619,0.5602722150945502,0.5268206775095825,0.3702029659970197,0.03797145566543681,0.008591988142386982,-0.2564176939811458,-0.34296233135972076
