,#10,#11,#12,#13,#17,#18,#26,#49,#50,#51,#52,#53,#54,#58,#101,#102,#201,#202,#301,#302,#401,#402,#501,#502,#601,#602,#701,#702,#801,#802,#901,#902,#1001,#1002,#1101,#1102,#1201,#1202,#1301,#1302,#1401,#1402,#1501,#1502,#1601,#1602,#1701,#1702,#1801,#1802,#1901,#1902,#2001,#2002,#2101,#2102,#2201,#2202,#2301,#2302,#2401,#2402,#2501,#2502,#2601,#2602,#2701,#2702,#2801,#2802,#2901,#2902,#3001,#3002,#3101,#3102,#3201,#3202,#3301,#3302,#3401,#3402,#3455,#3501,#3502,#3601,#3602,#3701,#3702,#3801,#3802,#3901,#3902,#4001,#4002,#4101,#4102,#4201,#4202,#4301,#4302,#4401,#4402,#4501,#4502,#4601,#4602,#4701,#4702,#4801,#4802
#10,1.0,0.34272007905075347,0.5222258524651563,0.6501000087657085,-0.10532397261911403,0.33567882443879543,0.20587939978802922,0.5097753587963886,0.043734510594554105,0.6801647953207054,0.6832296057821801,0.05418164141876977,0.14337033524850784,0.046263815951995794,-0.24586537465435218,-0.06316569579803807,0.4060626827849453,0.32292551538381853,-0.07743786307963248,-0.03152945676513479,-0.17861167114249057,-0.1438835276398728,0.05684641681741029,-0.12030855294089522,-0.052704221087107234,-0.06144921068778937,0.09924057088669126,0.21654328267816303,0.02466192255894939,-0.0654176860123198,0.05940600371347289,0.28105252253185536,0.024271450087258645,0.1728916478735188,0.03443329694236148,0.1613097562336141,0.044113826709910826,-0.005018766585119014,0.23517121022559745,0.08746902118910821,0.1827108352126481,-0.14784084660806923,-0.23817386384463976,-0.06454589645307557,-0.313455362621425,-0.2234554423096845,0.1966722182820805,0.13588920144395125,-0.080027731514316,0.03002494242523249,0.03274231207516197,-0.058931061686681704,-0.12358214664233519,0.2635784809823969,-0.24373769812493526,0.07148833762321798,-0.5035230179537649,-0.28750249025811025,-0.032235494744559286,0.18096725609415965,0.12417662105841946,0.015601367450533513,-0.19043900262174374,-0.041785335766481524,0.2716110575428922,0.14027843077879337,-0.19808110671054832,-0.1889679573508435,-0.05283969112830607,-0.031013076843388665,0.2433169441146236,0.3195578895361346,-0.18666018535489165,0.31464431145359356,-0.2815019643155974,0.11971407852481095,-0.20561483476639386,0.020272693224107293,-0.13252316936145797,0.031889647698204626,0.009537090900397645,-0.03293675142841205,-0.28101905346285333,-0.17697009299619887,-0.0022105523193267935,0.04412498306624485,0.10302895074468678,0.027329885487971058,0.03666775573954689,-0.014268979751213254,-0.27205093673549074,0.13308258094334963,-0.04979400584911825,-0.07082692506912956,-0.16916861238833683,0.23177011530891153,0.06697160707312992,0.29691845500402425,0.2611591454231048,0.17165169855525186,0.19820542039541314,0.4756257520579493,0.14749021826614284,0.13384758823482537,0.36791113165297357,0.11451362270796643,0.2970714564623194,0.04503821052044402,-0.2368048195459363,-0.165512515041159,0.030394695949445768
#11,0.34272007905075347,1.0,0.08517559307987155,0.2660934424531234,-0.2942170230060005,0.03393444843771167,0.5259632318370534,0.43969750336682895,0.2692076596355059,0.3507271553681996,0.29105499286790076,-0.012954123468989314,0.10201372231829085,0.04612993967598754,0.33262676409884534,0.15771740949405924,0.2934376718278096,0.23881455745125071,0.3127301994597136,0.1313724708938632,0.253330570807003,-0.09683876674449553,0.025637306855580966,-0.25623759851461086,0.06605359832335903,-0.3638677493644861,-0.03282040656950012,-0.12143853246101252,0.06016782347456749,-0.24509080477173298,-0.11814581357728565,-0.21940727872562535,0.034552829331654565,-0.02331040967734224,0.039786754217501136,-0.10526659707225335,0.1013921538939668,-0.09817274820900637,0.10113715146347489,-0.14443178286543043,0.033183785032951094,-0.059417160069806914,0.03396632374152316,0.18328459068125494,-0.15226195124672282,-0.1771932201228793,-0.11106790236594442,-0.12735937014399668,-0.16815019643155973,-0.19757588314513622,-0.024317669277785305,-0.11561172692427224,-0.08557084684713401,-0.08493334077090423,0.09018001577827539,-0.07119030353258055,-0.2794651324020432,-0.2039334124903378,-0.08081823904884093,-0.03456398568798859,-0.03488433249129406,0.10449202718963416,-0.14574345161727323,-0.33904485652128874,0.22151104877718367,0.2182310800149814,-0.1951724852377499,-0.23533218050984547,0.30095227470136826,0.09994660886611575,0.5014638733275426,0.2871502681509933,-0.09273960267433799,0.022094366836933915,-0.11937460653921858,-0.19845404776514275,-0.15887129549203516,0.055706874706149545,0.08280407047629673,-0.2196606873909267,-0.20804532668201994,-0.35748631354142596,0.053402290240578854,-0.003711879128847947,0.0072484440867327015,-0.04552112137318809,-0.02379650806046745,-0.18097203738973136,-0.21988859581317885,-0.26301906940050523,-0.2304186024273044,-0.03979472304345401,-0.0478177370128059,-0.0028719648734152,-0.22970459562192702,0.3171863669325598,-0.08549115858760528,0.2574600164157815,-0.11005426770473906,-0.013515128816071528,-0.17720278271402273,0.12881129023261004,0.000607224537608874,0.1404872140187586,0.1407804668138243,-0.0448836152969583,0.07455155431950211,-0.08762361641259393,-0.047688642032369374,-0.2163520308552941,-0.12948385914303245
#12,0.5222258524651563,0.08517559307987155,1.0,0.6795288830096662,0.16572607957669597,0.5772330642526436,0.16754297189395087,0.144721848130115,-0.14208894803528596,0.5024281012678402,0.3731291188869144,-0.023452254779303364,0.11784777948664824,-0.07008582425551244,-0.3536756209707624,-0.15216632533528834,0.3910271019770657,0.40688187809290055,-0.11503637769047487,-0.1650806046745133,-0.34166660025978374,-0.15312099068444246,0.000290065264684554,-0.11684530118177688,-0.18315390193562783,0.035948967638597805,0.08755508450939924,0.2659627537074963,-0.05413064093267139,-0.056980293093418545,0.07538987480974428,0.27807218162548114,0.26868809218337864,0.37939420985106265,0.08004366916622174,0.1300050203603503,0.19389269178971863,0.1472814350261776,0.3918781725888325,0.2540429838471898,0.16236961008534612,0.029977129469515255,-0.23624540796404467,0.02484361179067488,-0.4207077911211341,-0.41656878292121224,0.34948561228474206,0.17188279450788516,0.08927475715002908,0.14832535122600388,0.16213213907195054,0.0387779008518675,0.09374048721401876,0.5078596530373181,-0.28996963877311954,0.10328873447075042,-0.3092589788746424,-0.26836774538007313,0.25839077528707693,0.41913315111284655,0.21144323406832471,0.22578393325311383,-0.12344667660113635,0.06595956617711513,0.29739180326562487,0.15642486592450333,-0.32529703798739334,-0.10072914757468782,-0.07843715385412267,-0.022360525623759852,0.06527902844073982,0.38294511869566256,-0.25953509869390945,0.4466686323104017,-0.1242116838926121,0.2300376925467571,0.03143383085370032,0.3341137470216513,-0.047280638143582306,0.17276892795384455,-0.1809066930169178,-0.05946019172995243,-0.5530476774856761,-0.3658535807919419,-0.1112001848767621,0.11755930798715425,0.12011411358764514,0.08328538756385022,0.11592569866681542,0.05193602626525034,-0.15785287953525806,0.24623512817856547,0.08877112734980755,-0.02120185833021221,0.14084740495182846,0.31584122911171497,0.2856393787503287,0.352501016025309,0.5719003259249815,0.23880021356453554,0.3129549203515846,0.3671046864665429,0.11701583405716835,0.2444851739993147,0.6290511518937915,0.22991497262708285,0.3917952967989226,0.23422132617201508,-0.0015061081050928766,0.02845348994732606,0.2780546502083848
#13,0.6501000087657085,0.2660934424531234,0.6795288830096662,1.0,0.1008486799639809,0.44795798834957645,0.3035644558487198,0.20323215580648504,-0.021770832503247295,0.6583365872705974,0.4305429161121692,-0.006024432420371506,0.1450151009251807,0.11829403374000909,-0.1991074914932783,0.0018200798476360478,0.4669142315262692,0.369932025914622,0.05913984492664696,-0.01649865725282694,-0.18810254285236155,-0.15414737546717242,0.021154045374494976,-0.1692068627529106,-0.17649515096940768,-0.20916414984580323,0.09026289156818526,0.21553761684291053,-0.10878244308266063,-0.006097745619137933,-0.08333320051956745,0.1226322625887528,0.13260604515136784,0.20184558009068523,-0.002575524547968348,0.10620054347392999,0.10595669739977209,0.04769661085832224,0.3754719537170589,0.18989234116137668,0.2724414092071815,0.08669445130648902,-0.20955143478711283,0.020500601646359442,-0.3667604331853788,-0.2733737618436676,0.22350644279578288,0.11282104407557635,-0.04339025731339002,0.05592840806763939,0.04302528508474846,-0.11957701471842154,-0.0499406322466511,0.36273139478360655,-0.2781901202495836,-0.0070524109682920414,-0.4252675533313677,-0.2619480591924392,0.15168660201292544,0.18525129692642384,0.1326028576209867,0.19059359784522947,-0.027411167512690356,0.08945644638175458,0.4417120225677151,0.08913769334363968,-0.0909848671995155,-0.02234936926742583,0.0253918670162325,0.003756504554184032,0.15665277434675548,0.3146777805225956,-0.19753285148499072,0.31828287738367506,-0.3032648279928918,-0.030730980404656983,-0.14283323637928425,0.15848560431591613,0.004150164556255927,0.047130824215668304,-0.03894683996206839,0.031706364701288556,-0.41292702946074955,-0.2536572926710708,-0.0271211022480058,0.0728350692092534,0.11430005817242946,0.08621632174931668,0.13176294336555394,0.05355369793368343,-0.20966777964602476,0.17625927372120265,-0.017580823817227007,0.008507518587286536,-0.0425296241104798,0.201412075958849,0.14215588617329009,0.41465626469252287,0.30376208273235106,0.17581461323303238,0.19228298894723841,0.4378598921020966,0.0349002701431998,0.2138976324618094,0.5097068268931938,0.12583254309142633,0.3734542469857916,0.13649483221636957,-0.22272868538278257,-0.07389332929579485,0.21495111125277913
#17,-0.10532397261911403,-0.2942170230060005,0.16572607957669597,0.1008486799639809,1.0,0.4812087115205317,0.16745212727808811,-0.3546286925547259,-0.15480400672568911,0.04412020177067313,-0.15351305692132378,0.35746878212432964,0.42790523472176845,0.08479149566894309,-0.1738654384049598,-0.08859581317884437,-0.0983209683717298,0.2507008582425551,-0.014181322665731657,-0.44532827578512857,-0.28612547713345393,-0.25306600578536764,-0.208827865390592,-0.15392902963606372,0.05693885519846361,0.016065153120990685,-0.30909482106001324,0.01690825490680458,0.15493947676688793,0.5857804269696946,-0.1440030600291659,0.0758823482536318,-0.004362135326602332,0.2711122090382424,0.19958562105045063,0.4668855437528389,0.4004765357919818,0.43350891313182827,0.2618173704468121,0.3208950585310266,0.1493405796523998,0.590831068858625,0.17968586888093777,0.16758919108447753,0.0733163862968069,-0.029580281937062212,0.07009379308146531,-0.04485492752352796,-0.27826980850911237,-0.11825259584505415,-0.22797217285977256,-0.17748806668313558,-0.5307987154252564,-0.16658990030998733,-0.22787973447871926,-0.10483468670560767,-0.13692514881782467,-0.2990572878897752,0.08154977727131461,0.1858346149861741,0.1667715895417128,0.2674895807600666,0.1997625289866044,0.45352979145582484,0.06312744543346428,-0.5004629887878619,0.20621409047804987,0.5026926662894756,-0.01804142195730303,-0.22789248460024383,-0.4910788993457594,-0.09530715839635347,-0.2537816063559356,0.07167002685494346,-0.10149893616173529,-0.01783901377810007,0.10362501892596164,-0.016814222760560688,0.4453713074452741,0.5259361378288137,0.07483683828861494,0.4899329821737363,0.015169457083887831,-0.08004207540103117,0.31071089896325577,0.26538899823888945,0.31251504115898604,0.25126026982444677,0.4616707440492792,0.19496529576297525,0.45758433010064625,0.3232936751428412,0.08766186677716772,0.0829746033516882,0.2937787375785925,0.046496505669819665,0.3587597319286949,-0.008649363689247663,0.2415574273442294,-0.03364597693821769,0.06299675668783718,-0.25215277833116845,0.248697495398003,-0.06803305469005251,0.08604419510873464,0.12017308289969639,0.10840790826287564,0.2687024360700938,0.2913833084971591,0.27447186605997337,0.3009921188311326
#18,0.33567882443879543,0.03393444843771167,0.5772330642526436,0.44795798834957645,0.4812087115205317,1.0,0.2043398226139343,0.030393102184255193,0.006465905378160636,0.2060371825418961,0.14064818430300663,0.27662823036282064,0.6071846934791097,0.21867733426834224,-0.39420347600188066,-0.3292001689391102,0.2954920351584601,0.4511726127389652,-0.10306720110926057,-0.40043350413183626,-0.4120424897799807,-0.43167448939747705,-0.22834670767955756,-0.27311875941317565,-0.06992166644088327,-0.08257297452366343,-0.05908246937978628,0.2276518260564671,0.26300313174859946,0.329451983839221,-0.11470806206121652,0.1254356955589733,0.06054713958992421,0.3879256349162078,0.16806094558088758,0.2905051438771526,0.3653882013562942,0.3320609774561914,0.3087808493174701,0.19552630111005745,0.25339113388424483,0.3500211173887751,0.05963231837053447,0.24236227876546948,-0.264555459044219,-0.25357122935077975,0.2769995776522245,0.07622660153479588,0.018015921714253837,0.04943700244642957,0.01865024026010248,-0.07786658591589701,-0.24533146331550973,0.15503829020870355,-0.42521814661045987,-0.18950664998525768,-0.4551379005331145,-0.5005554271689152,0.21242658719090915,0.39012024958362884,0.23606212496712858,0.23267059264158613,0.0316601455107619,0.16504554184032066,0.13357505438723713,-0.04522149351736009,-0.15250898485126185,0.10215237988987083,-0.015161488257934959,-0.005959088047557954,-0.16926105076939016,0.14655945939484735,-0.3427774545976141,0.2878084931747006,-0.18832726374423256,0.03459586099180008,0.023409223119157854,0.08932097634055575,0.14412577994884013,0.2552287451489772,-0.09163512339726988,0.19233558319852737,-0.07925475539688738,0.05258946999338587,0.2535839794723043,0.3348436914789344,0.4034393452812597,0.11306489014973424,0.28727298807066753,0.14177178876236163,0.12295739068763,0.45448923810055064,0.18406553562463643,0.11152531297563929,0.30716317764903694,0.24859708819099682,0.14058762122576482,0.2605057016949693,0.42362916271545714,0.1913283235980843,0.18631274454334643,0.07880212608276423,0.4884252803034529,0.29883575452828537,0.507324147933285,0.2396512841763023,0.42242905752695453,0.2650622763748217,0.04557371562447705,0.1990692411287045,0.2946505271378368
#26,0.20587939978802922,0.5259632318370534,0.16754297189395087,0.3035644558487198,0.16745212727808811,0.2043398226139343,1.0,0.11829562750519966,-0.005117580026934632,0.4396305652288248,0.31937620030440916,0.006105714445090804,0.3181808764114783,0.13006398967240157,0.25914303245702813,0.07496912079943262,0.3152897863557762,0.21656081409525935,0.336118703631394,-0.19458916717799968,0.06696204448198646,0.055184119723641116,-0.029135621448891934,-0.26633410099690014,0.11825100207986357,-0.5698810254285236,-0.02598793519750735,0.14319661484273521,0.19655906095354972,0.14223876196319996,-0.20701256683852767,-0.13003211436859008,-0.031006701782626364,-0.07370207747292591,0.14842257090262892,0.15180932193259966,0.36462956912558075,0.14317430213006718,0.31465546780992754,0.005581365697391804,-0.0993824159886524,0.27725936137828816,0.10777837101259871,0.18052418937117995,0.0463881296368606,-0.019200089250850674,-0.04552112137318809,0.033512100662209436,-0.3263106726485987,0.03784873574576258,0.044840583636812786,0.053488353560869874,-0.20007171943357585,0.04363888468311963,0.15128019188932895,0.15523751085752535,-0.42540461713775707,-0.2614045852624533,-0.17869295316720987,0.16103244109045414,-0.24497605367801162,-0.12350086461761589,0.11336770553594339,0.029795440237789766,0.4073998517798373,0.14735156069456287,0.11587469818071704,0.28050426730629774,0.4668170118496442,0.15713568519949955,0.19230370789471588,0.2271402274302927,-0.17640430635354493,-0.027218321924630844,-0.4191283698172748,-0.31079218098797506,-0.2836710787399692,-0.20456135597542413,0.4606857971615042,0.13156372271673214,-0.06469730414618015,0.05833977480097857,-0.03387069783008869,-0.2299675668783718,-0.07886109539481548,-0.3084732526356892,-0.27483683828861494,0.10627545043788698,0.1807887543928153,-0.17819729219294123,0.005798117763309932,-0.024990238188207732,-0.04163392807337695,-0.2267210671851716,-0.09078245902031254,0.2803783598562424,0.13228888587844354,0.23802086238634462,0.031679270693048794,-0.0211588266700667,0.03785032951095315,0.1982261393428906,-0.0814637139510236,0.02171823825195834,0.13690921116591892,-0.0022519902142817297,0.0008462893161950449,-0.31318442253902734,-0.19136976149303922,-0.4138673509231885,-0.18533257895114313
#49,0.5097753587963886,0.43969750336682895,0.144721848130115,0.20323215580648504,-0.3546286925547259,0.030393102184255193,0.11829562750519966,1.0,0.3720740463307541,0.3165950800468567,0.4520029644032545,0.1324657938145973,0.16846894946967464,0.09248460024384607,0.264855086900047,0.031084796276964515,0.2667771677198798,0.1702619353090709,0.07825387085720661,0.0641506426858131,0.2726167233781447,-0.11948935763293994,-0.0944497127238244,-0.18468232275338875,0.08403126967303907,-0.10745164914853095,-0.12741355816047623,-0.2090956179426085,0.0713799615902589,-0.14274557929380263,0.10382902087035517,0.15040202726932242,-0.21132210791384107,0.1713361330475181,-0.056020846448692714,-0.15859716787925635,-0.027997673102821762,-0.031029014495294407,-0.14197897823713632,-0.17570304966969216,0.07356023237096479,-0.25260381388010106,-0.06849365283012854,-0.008650957454438238,-0.2514164588131231,-0.2909338667134171,-0.131796412434556,-0.27643379100957055,-0.20501398528954728,-0.4082541099219852,-0.10526181577668162,-0.3124879471507463,-0.0710803337344309,-0.08132186884906246,0.17268923969431585,-0.07765302138036004,-0.2767126999179211,-0.29151877853835795,-0.29400983353122584,-0.24597375068731123,-0.23196136713178048,-0.0715919323606053,-0.09890906772705177,-0.3634007761636478,-0.03773239088685064,0.0916654049358908,-0.22619512467228203,-0.5280351265848002,0.2211349201922081,0.12322036194407478,0.4784467164452661,0.0327088430061599,0.26147471093083857,0.22713225860433983,0.04941309596857095,-0.08595335049287188,-0.23281881280430955,-0.11545713170078652,-0.21189267585206673,-0.17209476527823156,0.011514953501900564,-0.4701942002884715,-0.05488608563300369,0.17384950075305405,0.04583509311573126,-0.07538987480974428,-0.10107977591661421,-0.1850042633218848,-0.2726772864553865,-0.14045693248013771,-0.4191602451210863,-0.2002805026735411,-0.2014726390360908,-0.11720867964522787,-0.40567061654806397,0.2269904135023787,-0.08330770027651827,0.09735514666624166,-0.015223645100367363,-0.07295141406816534,-0.21617193538875917,0.2379284240052913,0.329773924407717,0.029098964849508722,0.21408091545872546,-0.1470487453083537,0.09328148283913332,-0.26685526221421796,-0.2558487198081107,-0.31017220632884157,-0.32844631800396845
#50,0.043734510594554105,0.2692076596355059,-0.14208894803528596,-0.021770832503247295,-0.15480400672568911,0.006465905378160636,-0.005117580026934632,0.3720740463307541,1.0,-0.09120161926543362,0.030088693032855468,0.2092836822350963,0.13837547514124743,0.08650479324881065,0.19195786084836122,0.044784801855142685,-0.094762090701177,-0.02251671461243615,-0.07256253536166517,0.28669923260206076,0.25999091553841375,0.015370271497900214,-0.06664010391349043,0.053700324331216284,0.16470925738510944,0.28856553164022347,-0.21969415645992876,-0.3572823115970324,-0.10404258540589215,-0.14900748272756975,-0.004888077839491908,-0.08288854003139717,-0.35119731609941907,-0.06523918431097546,0.05974706946425583,-0.15144913099952984,-0.16257520579493023,0.0033676258476838606,-0.41607949700770586,-0.3030162006231622,0.1954290814334324,-0.1569332770202966,0.12506275450437887,0.1906796611655205,0.013803600315565507,-0.09008279610165035,-0.3452222903999554,-0.4491756249551754,-0.20135788794236945,-0.298421375578736,-0.2137972252548032,-0.13321964474973902,-0.21714253838981903,-0.23239646502880731,0.005525583915721697,-0.2514594904732686,0.03216218154579286,0.05293053574416881,-0.31907179115300943,-0.30408561706603765,-0.09188693829738065,-0.021794738981105913,-0.08552462765660736,-0.0850162165608141,-0.3013921538939668,0.03293515766322148,-0.17114009992907744,-0.20722135007849293,0.0912350883344357,0.24242762313828303,0.18641474551554318,0.02257409015929683,0.18049390783255903,0.04234315358318259,0.2730103833802166,0.23149917522651386,-0.07299444572831085,-0.1355800109969798,-0.2252675533313677,-0.12243463570512156,-0.05835889998326547,-0.20588418108360096,0.33828781805576585,0.4427718764194471,0.2559602833714509,0.17871367211468733,0.04183633625257991,-0.1385842583812127,-0.3468001179386241,0.17428619241527146,-0.20763413526285174,-0.03032775781144164,0.025148020942074602,-0.09790977695256158,-0.21116591892516476,-0.21556949214672202,-0.15805369394927046,-0.20939524579843652,-0.29550797281036584,-0.34397437225573557,-0.3917028584178693,-0.26197037190510725,0.11149343767182782,-0.1236124281809561,-0.22903043294631403,-0.2248117364868634,-0.24157655252651627,-0.07295460159854648,-0.18821570018089234,-0.1853532978986206,-0.3034799862936194
#51,0.6801647953207054,0.3507271553681996,0.5024281012678402,0.6583365872705974,0.04412020177067313,0.2060371825418961,0.4396305652288248,0.3165950800468567,-0.09120161926543362,1.0,0.664200049406721,-0.019187339129326075,0.0723107204615544,-0.08712795543832527,0.02977153375993115,0.14210169815681056,0.5040856170660376,0.35222210711695845,0.24381260508889224,-0.09477165329232044,-0.026378407669198096,0.04227940297555961,-0.051311270310545144,-0.21392791400043032,-0.01806532843516165,-0.29783008869303285,-0.0317478025962435,0.060792579429272686,-0.05520483867111858,-0.06817968108758536,-0.09816637314824407,0.22883599359306395,-0.004507167958944609,0.006622094366836934,0.02655053430978014,0.13086405979806995,0.08257138075847285,0.12184016128903728,0.39609049398752083,0.19658296743140832,0.2069249097530461,-0.01610659101594562,-0.16372909179290615,-0.07492449537409654,-0.40357640908764914,-0.281514714437122,0.15415693805831587,0.04632916032480935,-0.20712572416705846,-0.07180230936576114,0.036441441082485315,-0.18153144897162302,-0.11022161304974938,0.20398760050681733,-0.039756472678880224,0.2172445393620158,-0.4881798404641044,-0.3287013204344604,-0.021689550478527997,0.18734709815202927,0.03084095020280662,-0.032399652559188453,-0.007533728055845532,0.12973886157352438,0.4869749539800301,0.03169839587533569,-0.05164436723537521,-0.04107451649148531,0.2704874530835372,0.04348428945963391,0.15235279586258557,0.3364757070340827,-0.2590330626588785,0.44000828757899096,-0.32229916566392275,-0.03144020591446262,-0.25540724685032157,-0.07809927563372088,0.09499318665381029,0.13439743722557357,-0.0038553179959996495,0.03389460430794731,-0.4092087752711393,-0.3950226713098359,-0.09470949644988803,-0.13359736709990516,-0.06361195005139893,0.029363529871144083,0.15519447919737986,-0.12558232195650615,-0.23990628660679422,-0.09627138633665103,-0.16767366063957798,-0.05057495079249974,-0.1624955175354015,0.30508650160571843,0.24755476575636112,0.2880061200583318,0.28729211325295445,0.17528867072014281,0.18326227796858688,0.34102271912279164,-0.057707050020320505,-0.00803895162125764,0.2678864282925197,0.024669891384902262,0.1746766648869622,-0.08445680497892245,-0.20755125947294184,-0.1343703432173338,0.135980046059814
#52,0.6832296057821801,0.29105499286790076,0.3731291188869144,0.4305429161121692,-0.15351305692132378,0.14064818430300663,0.31937620030440916,0.4520029644032545,0.030088693032855468,0.664200049406721,1.0,0.03178764672600786,0.01009490871709871,-0.16985871271585556,0.08409023898509033,0.10741180501876658,0.22698881973718812,0.033016439687940775,0.10770346404864171,0.15188104136617553,0.15545107539306233,0.17084206583844003,0.0890548175537298,-0.040719106853987205,0.1452334467562894,-0.059680131326251704,-0.03741841914430747,0.02405151049095937,-0.10565388201356295,-0.2074540397963168,-0.06895903226577628,0.07411326889209413,-0.16430284726151295,-0.14534819785001077,-0.1740025022113492,-0.05148020942074604,-0.16986668154180845,-0.19880945740264086,0.042975878363840654,-0.19778944768067322,0.09518762600706038,-0.20302656009690093,-0.20554311533281802,-0.12198200639099842,-0.15157981974515694,-0.11325295444222203,-0.03462136123484927,-0.15905298472376064,-0.2723904087210831,-0.09615504147773908,-0.12880491517184772,-0.11246563443807824,-0.05083314075337281,0.1229318904445808,0.07522890452549626,0.19994262445313932,-0.2668201993800253,-0.031676083162667644,-0.22326100295643442,0.06693176294336556,-0.09570559969399708,-0.2658655340308712,-0.2597359131079218,0.04383173027117915,0.1843858824279419,0.21824861143207772,-0.2665173839938162,-0.17052968786108744,0.07492608913928711,-0.0042330403461657996,0.2521591533919308,0.18791766609025493,-0.09559084860027572,0.10141127907625369,-0.11642773470184638,0.11098662034122513,-0.3484464773804875,-0.20462670034823768,-0.04679453976045709,-0.1779869151877854,0.17562973647092575,-0.14308026998382328,-0.4558375634517767,-0.2123134298623784,-0.21574161878730408,-0.1638024049916726,-0.2762122576480807,0.07669038720525305,0.055587342316856456,0.05086182852680315,-0.32540860155073353,-0.16600658225023707,0.027917984843293036,-0.12309923578959112,-0.12405071360836407,0.20180095466534914,-0.038275864816836536,-0.038710962713863366,0.07961016503438548,-0.08277060140729467,-0.03437910892588195,0.3627903640956578,-0.10322657762831802,-0.07025157583533218,0.16236164125939326,-0.17288049151718476,-0.024556734056371474,-0.2181242977472129,-0.3166094239335719,-0.2721975631330236,-0.06952960020400195
#53,0.05418164141876977,-0.012954123468989314,-0.023452254779303364,-0.006024432420371506,0.35746878212432964,0.27662823036282064,0.006105714445090804,0.1324657938145973,0.2092836822350963,-0.019187339129326075,0.03178764672600786,1.0,0.4848536525113755,0.14530038489429353,-0.06835499525854856,-0.11301229589844528,-0.09279697822119867,0.15865773095649818,-0.04305875415375053,-0.08946919650327917,-0.06668154180844536,-0.14152156762744145,-0.15091521966068738,-0.05340069647538828,-0.11376774059877758,0.05150730342898581,-0.3025970403780411,-0.07905394098287499,0.12574010471037303,0.24960753532182103,-0.09734080277952649,0.01245049366876778,-0.06893831331829882,0.015808556925308196,0.034495453784793885,0.10877447425670776,0.11961367131780475,0.026228593741284098,-0.20284965216074716,-0.0846783383404123,0.21853548916638113,0.28967001091729155,0.1592681430244882,0.17187163815155113,0.045388838862370405,-0.046295691255807285,-0.08565372263704388,-0.20194439353250085,-0.18821570018089234,-0.23998756863151352,-0.1165759548645698,-0.14393930942154293,-0.4218266142849174,-0.2761373506841237,-0.29413414721609066,-0.362527392839213,-0.23711879128847946,-0.31461881121054436,-0.06367888818940305,0.07590147343591869,0.2743714588529672,0.12723824398951303,-0.08811768362167202,0.3567324626062842,-0.06838846432755062,-0.2436835101084557,-0.13963614340699185,0.11502362756895027,-0.0773741124720095,-0.06765851987026751,-0.22115404537449498,-0.15693805831586832,-0.22342675453625419,-0.07080939365203325,-0.05896612452087434,-0.006097745619137933,-0.05139255233526444,0.06300791304417121,0.1635569651523241,0.031067264859868195,0.23538955605670617,0.3044633394162038,0.2478942377419535,0.34120281458932655,0.5050243447632861,0.45371626198312204,0.35668783718094815,0.2638637649515097,0.07844990397564727,0.3772235016615002,0.2461952840488011,0.2416626158468073,0.14730852903441735,0.14430587541537504,0.22429695033030783,-0.015623680163201556,0.06905465817721075,-0.11877216329718143,0.03349775677549427,-0.17853357664815242,-0.18663787264222362,-0.24910549928679007,0.37508466877574925,0.04988485046498099,-0.016436500410394538,0.12404593231279236,0.08287738367506316,0.21573046243097005,0.011451202894277587,0.06386535871670027,0.08389739339703081
#54,0.14337033524850784,0.10201372231829085,0.11784777948664824,0.1450151009251807,0.42790523472176845,0.6071846934791097,0.3181808764114783,0.16846894946967464,0.13837547514124743,0.0723107204615544,0.01009490871709871,0.4848536525113755,1.0,0.46394823450661016,-0.15100447051135957,-0.337017587198878,0.2758743794276789,0.4285873662233343,-0.08619082150626749,-0.4809839906286607,-0.40869877041015545,-0.441581333822088,-0.3388472296376575,-0.4888890659739101,-0.038420897449178815,-0.3147351560694563,-0.22219158651355897,-0.02228561865980285,0.5814581357728565,0.626569659492067,-0.11981767326219828,0.07881806373466997,-0.010797759166142052,0.40940799591996113,0.39729856800197627,0.24515614914454653,0.6045183243152786,0.40632087274581835,0.19412697527273307,0.10052833316067544,0.2891679748822606,0.3290376048896716,0.15559929555578578,0.22666847293388265,-0.12333511303779614,-0.19795041796492122,0.14724796595717554,-0.03668050586107149,-0.12878897751994198,-0.25512036911601815,-0.12206010088533656,-0.20024065854377673,-0.4949326235765685,-0.03177967790005499,-0.34306751986229866,-0.24421901521248873,-0.4993011339639331,-0.6189259616380719,-0.03451139143669963,0.20596068181274851,0.022051335176788405,0.15710062236530692,0.26405501677437865,0.16053199882061375,0.11073639920630493,-0.2307373554654193,0.04352732111977942,0.15395771740949407,0.07384711010526819,-0.00493907832559029,-0.1533074612117397,0.022524683438389023,-0.24735076381196758,0.00889799105897728,-0.11239232123931181,-0.11991967423439505,-0.0023348660041916025,-0.10380670815768712,0.2781152132856266,0.3210799352931333,0.1052570344811099,0.2705017969702524,0.2167074404927922,0.2765310106861956,0.4599096335136944,0.37777335065224843,0.45520802620149975,0.1495238626493159,0.08337304464933182,0.2865541999697185,0.2166197834073106,0.38313477675334096,0.1480050044226984,0.05482552255576186,0.24016766409804843,0.2438412928623226,0.12429615344771255,0.21960649937444715,0.24512268007554447,0.14087768649044935,0.024625265959566177,-0.018627927547434437,0.6761596633967918,0.30994270414139885,0.23545968172509144,0.25227709201603327,0.32636167313469705,0.13504450589294678,0.12288726501924471,0.04346516427734702,0.060677828335551326
#58,0.046263815951995794,0.04612993967598754,-0.07008582425551244,0.11829403374000909,0.08479149566894309,0.21867733426834224,0.13006398967240157,0.09248460024384607,0.08650479324881065,-0.08712795543832527,-0.16985871271585556,0.14530038489429353,0.46394823450661016,1.0,-0.10079767947788253,-0.1894986811593048,0.046984197818135454,0.010998573580154436,-0.11547147558750169,-0.23789495493628923,-0.39854967367657723,-0.3596713656177035,-0.21215405334332094,-0.3591310792180988,-0.05737554686068102,-0.34681446182533926,0.006502561977543848,0.07956872713943054,0.26247400170532875,0.3762752113731084,0.0318163344994382,0.009419152276295133,0.0076213851413271284,0.1955868641872993,0.20064706866737322,0.10791224728860697,0.38190917132178914,0.36194885607503446,0.0594681605559053,0.22545880515423664,-0.18618524332810046,0.14353927435870872,-0.15950880156826494,0.17535879638852808,-0.0254603989194272,0.10067017826263656,0.2720063113101547,0.23706460327199994,0.12118671756090175,0.03953812684777152,0.11294535776044115,-0.16684490274047925,-0.22472567316657238,-0.13605335925858042,-0.3342077791678952,-0.2603590752974364,-0.17215054705990165,-0.21338125254006327,-0.08118799257305422,0.08306226043716979,-0.07822677684896684,0.009753842966315773,0.61409366558025,0.06927459777351003,0.03977878539154826,-0.20285443345631887,0.45375132481731467,0.14739777988508954,0.13000980165592202,0.2944433376630621,-0.13763437432763032,-0.10831387611663174,0.10054427081258119,-0.11347448780371187,0.012466431320673526,-0.25618022296775017,0.07912566041645085,-0.011500609615185394,0.10560766282303628,0.2237694140522277,0.006306528859103188,0.04670847644016607,0.1942927268525528,0.14076452916191856,0.3110073392887026,0.24725991919610485,0.3060108854162516,-0.10003267218640678,-0.04740813935882826,0.07626007060379794,0.05763054929117293,0.32074205707273146,-0.1218704428276582,-0.07416905067376424,-0.012260835611089418,0.03027038226458096,0.011900644678019587,0.016026902756416897,0.02061375897489023,0.19819107650869797,0.014847516515391788,0.0408003888787065,0.2704571715449163,0.14896763859780537,0.0722166883153105,0.18905720820151567,0.2586170899441385,0.058562901927659,0.010286160539967646,-0.06672138593820973,-0.02042569468240244
#101,-0.24586537465435218,0.33262676409884534,-0.3536756209707624,-0.1991074914932783,-0.1738654384049598,-0.39420347600188066,0.25914303245702813,0.264855086900047,0.19195786084836122,0.02977153375993115,0.08409023898509033,-0.06835499525854856,-0.15100447051135957,-0.10079767947788253,1.0,0.49191562607081096,-0.016492282192064642,-0.1818804835483588,0.5896915267473644,0.16449250531919132,0.7606674688618126,0.13036521129342013,-0.012520619337153057,-0.08256181816732941,0.3694698340093554,-0.2657858457713425,-0.19788029229653595,-0.4303293515766322,-0.10492553132147041,-0.17093450421949336,-0.22404035413462534,-0.30590410314848315,-0.26283100510801743,-0.30803815473866236,-0.18970587063407948,-0.2390695598817426,-0.11244013419502905,-0.10414936767366063,-0.18736622333431616,-0.15360390153718653,-0.018296424387794948,0.07568790890038171,0.18968355792141145,0.18727059742288168,0.11334379905808477,-0.009575341264971431,-0.38484329303763676,-0.4728844759301612,-0.40292615288989475,-0.4465522874514898,-0.23714588529671923,-0.33355592920495025,-0.08982141861039614,-0.39723959868992503,0.7438771525791105,0.08517081178429982,0.1213652192622461,0.013613942257887146,-0.3453577604411542,-0.3298281124241965,-0.4588561547227247,-0.342860330387524,0.14022264899712325,-0.1420793854441425,-0.06268437871048459,-0.14840822701591375,0.16777566161177473,-0.14519997768728732,0.6180254843053973,0.21843986325494666,0.2504649809943501,-0.2798603861693057,0.2749627457386703,-0.08825474742806143,0.0010152284263959391,-0.3916008574456725,-0.2670417327415152,-0.22862242905752694,0.20797041971806293,-0.19026846974635228,-0.03491461402991497,-0.28088198965646394,0.08949150921594722,0.03359178892173816,-0.16844982428738775,-0.4554980914661843,-0.5059311971567229,-0.22152539266389884,-0.1113308736223892,-0.30343536086828327,-0.14100837523607646,-0.5625018925961638,-0.3038863964172159,-0.19642040338196973,-0.3363450182884556,0.04751970292216848,-0.036154563348181915,-0.2747284622556559,-0.37232426746567426,-0.370006932878579,-0.5503478392528429,-0.22716732143853247,-0.2136984118129876,-0.35818438269489755,-0.33293754831100736,-0.46274175425734526,-0.37860051478615653,-0.5229972348173944,-0.1962976834622955,-0.3285817880451673,-0.4218664584146818
#102,-0.06316569579803807,0.15771740949405924,-0.15216632533528834,0.0018200798476360478,-0.08859581317884437,-0.3292001689391102,0.07496912079943262,0.031084796276964515,0.044784801855142685,0.14210169815681056,0.10741180501876658,-0.11301229589844528,-0.337017587198878,-0.1894986811593048,0.49191562607081096,1.0,-0.14633792603335752,-0.19259377315940043,0.42194295914382934,0.5820781104319901,0.436820757197842,0.5131844225390273,0.05097657962052451,0.27220712572416705,-0.0077839491907657245,0.10832503247296575,-0.09036967383595375,-0.161253974451944,-0.3326474830463228,-0.10437886986110337,-0.30203125373538714,-0.03418307580744129,-0.320122082413598,-0.31219628812087113,-0.43147526874865527,-0.04142514483341169,-0.3935564073345074,-0.03302600227908422,-0.1099076413072062,0.05942831642614094,0.03318219126776052,0.06403429782690116,0.09326554518722757,0.15549570081839842,0.14053502697447584,0.3129166699870108,-0.34894054458956564,-0.35126744176780433,-0.29036329877519146,-0.2546597709759421,-0.3389731370877129,-0.4713544613472097,-0.20946218393644064,-0.3786467339766832,0.41533042736813586,0.3510459084063145,0.10289348070348796,0.3150300026297126,-0.25011754018280485,-0.22075719784204192,-0.2638255145869359,-0.2114990158499948,-0.03881296368606013,0.08427670951238754,0.11515431631457737,-0.015462709878953533,0.05985703926240547,0.008410298910661492,0.2870132043446039,0.179273083696579,0.18868426714692124,-0.13880419797751198,0.07880850114352653,-0.14869669851540773,-0.19989003020185037,-0.2960100088453968,-0.3054195985305485,-0.14113587645132242,-0.04288822127835906,0.05858999593589877,-0.11979695431472082,-0.1261847651985433,0.008692395349393174,-0.19116735331383627,-0.14609407995919962,-0.32009020710978653,-0.24968722358134976,-0.08193546844743364,0.07208759333487397,-0.2624405326363267,-0.0179059519161042,-0.31209109961829323,-0.066941325534509,-0.06718995290423861,-0.27869056251942403,-0.01830439321374782,0.17416347249559722,-0.28637888579875526,-0.24279418913211517,-0.3915147941253815,-0.4475388281044554,-0.29247981894827435,-0.4191793703033732,-0.4538102941293659,-0.40647546796930406,-0.42618078078556687,-0.44405485739785955,-0.343437273386512,-0.2885065623281722,-0.1458024209293245,-0.18213389221366016
#201,0.4060626827849453,0.2934376718278096,0.3910271019770657,0.4669142315262692,-0.0983209683717298,0.2954920351584601,0.3152897863557762,0.2667771677198798,-0.094762090701177,0.5040856170660376,0.22698881973718812,-0.09279697822119867,0.2758743794276789,0.046984197818135454,-0.016492282192064642,-0.14633792603335752,1.0,0.4172461331272064,0.03288575094231367,-0.21491923594896764,-0.14458159679334442,-0.21333343958434603,-0.0296998143263553,-0.32981536230267194,-0.1179991871797528,-0.41539736550614,0.20375012949342172,0.08245184836917976,0.1395261736088422,-0.02782554646223972,0.11871956904589247,0.219292527631904,0.47724023619600126,0.3269338348381133,0.21521567627441449,-0.09251966307803872,0.2937229557969224,0.029086214727984127,0.4186677716771988,0.09366398648487119,0.06901481404744639,-0.08526803146092486,-0.20549370861191021,-0.116376734215748,-0.3999394369227582,-0.33791328323598085,0.4627943485086342,0.2871008614300855,0.1493214544701129,0.0005912868857031293,0.3488927316338484,0.03381172851803744,0.12296695327877344,0.22077313549394767,-0.11532325542477827,-0.04340460120010519,-0.60360669062627,-0.4796516029293404,0.1905920040800389,0.07793511781909171,0.08547362717050896,0.14977567754942664,0.052243622947031214,-0.14448756464710055,0.28247256731665726,0.053381571293101386,-0.03433288973535529,-0.15443265943628526,0.14500075703846552,-0.04524061869964698,0.13292957948505446,0.11457418578520827,-0.1552709799265274,0.3375483110073393,-0.3127365745204759,-0.11313023452254779,-0.07417701949971711,0.11914988564734758,0.1697439616221342,-0.00394456884667182,-0.09434133669086534,0.002052769565459921,-0.26657157201029574,-0.18367506315294568,-0.026156874307708244,-0.009843093816987943,0.014407637322793232,0.08215381427854235,0.041385300703647335,-0.14088406155121166,-0.29085099092350725,0.035776840998015765,-0.1096956705368598,0.12282670194200289,0.0545482074126019,0.38462494720652807,0.040043350413183625,0.7048044051669867,0.3353122584449633,0.5120815370271498,0.39296671421399487,0.5246627194415446,0.17251870681892437,0.44192080580768034,0.5885472033405318,0.4569404489636542,0.5355545107539306,0.004701607312194695,-0.10145271697120863,-0.0499470073074134,0.142036353783997
