,#10,#11,#12,#13,#17,#18,#26,#49,#50,#51,#52,#53,#54,#58,#101,#102,#201,#202,#301,#302,#401,#402,#501,#502,#601,#602,#701,#702,#801,#802,#901,#902,#1001,#1002,#1101,#1102,#1201,#1202,#1301,#1302,#1401,#1402,#1501,#1502,#1601,#1602,#1701,#1702,#1801,#1802,#1901,#1902,#2001,#2002,#2101,#2102,#2201,#2202,#2301,#2302,#2401,#2402,#2501,#2502,#2601,#2602,#2701,#2702,#2801,#2802,#2901,#2902,#3001,#3002,#3101,#3102,#3201,#3202,#3301,#3302,#3401,#3402,#3455,#3501,#3502,#3601,#3602,#3701,#3702,#3801,#3802,#3901,#3902,#4001,#4002,#4101,#4102,#4201,#4202,#4301,#4302,#4401,#4402,#4501,#4502,#4601,#4602,#4701,#4702,#4801,#4802
#10,1.0,0.450356604961391,0.47977272908382407,0.5158109475730941,-0.0653061224489796,0.1949987648319773,0.06152730518212752,-0.12340523870618142,0.10296838766744495,0.4519838392209676,0.40876252101777844,-0.1110009642279403,-0.06361513758178007,-0.09673198447672704,-0.2802827339448079,0.17370128059033063,0.43971662854911586,0.25271537744344125,-0.2097522492011252,-0.1066181099538605,-0.12220991481325057,-0.022613934289061194,0.27519702922168476,0.16694052865191372,0.3481213492816103,0.19149407517790404,0.5546015985464862,0.4843930543712995,0.3405939962865271,0.10589613432253026,0.13571548103817865,0.009452621345297197,0.3200599255711656,0.28490465299747386,0.252420530883185,-0.040110288551187756,-0.08939428953932217,-0.07932328730008208,0.42890930679183037,0.05475858441775773,0.12407302632103212,0.06370916972802397,-0.10834893895082437,-0.24470670736080452,-0.08584816199029396,0.030216194248101427,0.29874969120799433,0.3839842535999171,0.47156324458717497,0.3110073392887026,0.2687661866777168,0.3185665675875973,0.4092980261218115,0.31668751842791004,-0.04903377985321423,0.13633864322769326,-0.15254882898102623,-0.18340571683573859,-0.14448597088190998,0.08363442214058603,0.03320291021523799,0.03481739435328993,-0.3235263648606651,-0.07158077600427129,0.5027309166540493,0.258562901927659,-0.2464120361147192,-0.16286686482480536,-0.10161209349026608,0.13424124823689726,0.1791153009427121,0.3181904390026217,-0.29696148666416977,0.052627720357959665,-0.2394759700053391,-0.05124592593773159,-0.20160810907728965,-0.04801217636605599,0.13942257887145487,0.060579014893735704,-0.08246459849070437,-0.09660767079186224,,-0.3303428985807521,-0.08018073297261115,-0.2670624516889927,-0.2161384663197571,-0.32615767119030353,0.1678712875232092,-0.033829259935133756,0.20638462335344135,0.12798731362908303,-0.032149431424268266,-0.040446573006398964,-0.16973599279618135,0.13435599933061862,0.3010351504912781,0.00029484656025627744,0.2234187857103013,0.10299229414530357,0.20550167743786307,0.2119500513989274,0.3097817338571508,0.30061439648096644,0.1774498163185618,0.3277912805106424,0.1141598068356589,0.027199196742343952,-0.3353186335057256,-0.31592410490162487,0.05981878889783168
#11,0.450356604961391,1.0,0.23316147232028306,0.21207755261417335,-0.22632421965271857,0.1793145215915339,0.29897759963024645,0.061603805911275095,0.287720836089219,0.5276510291738719,0.17823394879232443,-0.17441688116089857,0.14219573030305446,0.08962060419638375,-0.1767804349385205,0.39784363569715275,0.10342420451194925,0.0692761915387006,-0.32950776562089107,0.06472121062403877,0.1427551418849461,-0.030452071496306448,0.15212488744033342,0.24446764258221837,0.2949278422809967,0.32566201021603486,0.4250173321964475,0.3255934783128402,0.01361234849269657,-0.04659850664201643,0.04950075305405255,0.0785789989560838,0.08484568368542263,-0.03221636956227239,-0.08572066077504802,-0.12194375602642463,-0.08999992031174048,-0.32197403756504556,0.1882698881973719,0.08642669875447251,-0.05979647618516364,-0.11790196750312776,-0.060728828821649705,-0.20134673158603542,0.05522555761859605,-0.20030440915139971,0.07976954155344293,0.0898915442787814,0.37852082652662783,0.4317940217867702,0.07565603359657022,0.16153766465586625,0.24503821052044403,0.3473053415040362,0.04746073361011722,0.0495597223661038,-0.041412394711887096,-0.09606419686187634,-0.0799958562105045,-0.132459418753835,-0.22778570233247536,-0.09152674736431081,-0.25247950019523624,0.0794029755596108,0.32865191371355257,0.1271139303046482,-0.2563523496083322,-0.053459665787439534,-0.355946736367331,0.008188765549171641,-0.15434818988118482,0.041522364510036734,-0.6151567069623632,-0.3167209874969121,-0.20799432619592156,-0.24318147407342477,-0.42199874092549944,-0.026376813904007524,0.2917211867175609,0.07070898644502706,-0.06480089888356748,-0.0092964323566209,,-0.24182517989624588,0.06822590027811203,-0.18224067448142864,-0.26205165392982654,-0.3248364398473173,-0.14077727928344316,0.18007793511781908,0.22707328929228857,-0.0007984763604778108,-0.2634461984715792,0.0360429997848417,-0.1998310608897991,0.06730629776315056,0.0007506634047605767,-0.14689733761524915,0.190722692825666,0.03526524237184136,0.1439982787335942,0.09524818908430221,0.07018463769732805,-0.04898277936711584,0.0257664018360175,0.0809011148387508,-0.07223262596721625,-0.1880451673055009,-0.27226450127102775,0.12808931460127979,-0.039751691383308495
#12,0.47977272908382407,0.23316147232028306,1.0,0.6190518690881273,0.2549546175361984,0.5194192319645546,0.0356684649650567,-0.036847851206081805,0.1499972109109165,0.3167895194001068,0.28427830327757814,0.10431193172309923,0.34703280765644795,-0.06404067288766346,-0.20316203013809975,0.018478113619520436,0.5630836168907235,0.6297922527074086,-0.5011945270103356,-0.32104327869375004,-0.290342579827714,-0.058199523464208015,0.3334348030504666,0.18053375196232338,0.28191634326514675,0.2971830200256596,0.2819211245607185,0.38599080397485036,0.4096470606985473,0.31253894763684464,0.5231837053446916,0.42738407350445057,0.5891464590521879,0.28339057606642815,0.3079170285841787,-0.009401620859198814,0.15235438962777614,-0.04621919052665971,0.18220401788204543,0.23580393500625552,-0.026424626859724756,0.00623959072109906,-0.163201555514826,0.0383969909713202,0.060147104527090024,0.21890843022097553,0.4062443720166708,0.3929938082222346,0.4104375682330722,0.3411167512690355,0.35118137844751335,0.5156802588274669,0.4816023715226036,0.5729123668209962,-0.11117946592928464,0.20963590434221327,-0.35165313294392336,-0.22335822263305946,-0.0895616348843325,0.015696993361967983,-0.05380232530341305,-0.0470622923124736,-0.3743881933874682,0.01316609423933572,0.1599741810039127,-0.26308441377331876,-0.10216672377658599,-0.009435089928200878,-0.1945859796476185,0.011224888237216011,0.14600801663890858,0.145396010805728,-0.06081170461155958,0.08993138840854577,-0.3006940847404952,-0.07111858409900469,-0.1368358979671525,0.018653427790483627,0.18617886826733818,0.037310043111348404,-0.11073480544111436,0.16924192558710324,,-0.1640749388392608,0.0005339113388424483,-0.15848879184629727,-0.12745180852505,-0.03966084676744575,0.17253145694044897,0.09686426698754473,0.15502075879160723,0.11591613607567197,0.24203077560583,-0.15868004366916622,-0.08591988142386982,0.14014136697240395,0.4814270573516404,0.4009913219485373,0.3759867398736144,0.3638804994860107,0.3904788467515081,0.6016352030855294,0.45470917769684993,0.5156356334021308,0.5166173927595248,0.3698587127158556,0.3890572082015157,-0.1248045645435058,-0.19513742240355728,-0.3970340029803409,-0.1693518953852529
#13,0.5158109475730941,0.21207755261417335,0.6190518690881273,1.0,0.36521607471571216,0.39161042003681595,0.1717489182318769,0.05252253185538175,-0.062360844376797966,0.5744710691773781,0.24963941062563252,0.08009945094789185,0.12523488114496092,-0.22980819035931435,-0.2888189403055248,-0.20893942895393222,0.7085322219477405,0.3495844257265577,-0.31948298257217767,-0.3402465554749819,-0.25323016359999684,-0.34286351791790515,0.3402019300496458,-0.15871351273816828,0.33851253894763683,0.00979528086127071,0.38063256540413903,0.4629808190359314,0.4574090159296831,0.32405868243431696,0.5057319765079011,0.3949142952768769,0.49725633322442603,0.22514005211612173,0.3358127007148037,0.10625951278598124,0.28255066181099536,-0.2344189530556463,0.4357258405119174,0.03726860521639347,0.11040967734223717,0.20432388496202855,-0.11635601526827052,-0.24027444636581693,-0.08082461410960323,0.07385029763564933,0.3506777486472918,0.4002629712564448,0.524058682434317,0.1920965184199412,0.3012248085489565,0.3946369801337169,0.42638000143438864,0.48205181330634556,-0.07688163902812199,0.017872482847102137,-0.30537816063559353,-0.49830981201539576,-0.06663691638310927,0.1223262596721625,-0.04073026321032122,0.06915028408864522,-0.22575524547968348,-0.0877064922025038,0.14934695471316212,-0.14789822215492993,-0.31902557196248277,-0.27412920654399986,-0.20101841595677708,-0.16416737722031413,0.04319103666456821,0.09099442979065894,-0.07805146267800366,0.14346277362956117,-0.15940680059606818,-0.2141542286574919,-0.1972905991760234,0.12578951143128084,0.017942608515487412,-0.13589238897433242,-0.16637155447887864,0.12952051574241566,,-0.22362119388950427,-0.040250539887958306,-0.052012526994397915,0.030479165504546216,-0.050853859700850275,0.34336396018774556,-0.07419136338643227,0.09396361434069918,0.18596689749699177,0.28697336021483955,-0.1898413406752783,-0.029948441696084915,0.28762202264740333,0.27201906143167925,0.11576791591294855,0.06230825012550901,0.23664863055726,0.3830614635545745,0.45296719234355204,0.46416658033771885,0.3754225469961511,0.4754504378869861,0.4403573221557268,0.37441688116089855,-0.05873821609862219,-0.2988453171194288,-0.3835666871199866,-0.10962873239885568
#17,-0.0653061224489796,-0.22632421965271857,0.2549546175361984,0.36521607471571216,1.0,0.3310011236044594,-0.009643873168166135,0.3534572751396537,-0.24137095681693216,-0.023659444254078045,-0.19560917689996732,0.459600443066723,0.13755149853772045,-0.3118265345966579,-0.3192646367410689,-0.4012256054315518,0.4962156045549809,0.17841882555443106,-0.10162803114217182,-0.4144140123835555,-0.38723553458868903,-0.3970164715632446,0.06566790714724,-0.21217158476041725,-0.041029891066149224,-0.15551801353106648,-0.20020081441401238,-0.0068946282144251685,0.44696507263584856,0.40658862529783485,0.4062826223812446,0.3504179649212282,0.311369123986963,0.2230203444126577,0.2902453601510889,0.029553187928822448,0.14556335615073832,0.21658472057311795,0.1977145407167162,0.01819442341559818,0.1820016097028425,0.18853923451457896,0.14563348181912358,-0.07281435026177593,0.07936472519503701,0.15801544358469666,0.34832056993043214,0.34109125102598636,0.04124823689725793,-0.15054227860609296,0.03396154244595144,0.11836256564320378,0.047860768672951415,0.06808564894134148,-0.28604419510873463,-0.028131549378830018,-0.5143128082939541,-0.3576281586433871,0.16247957988349576,0.2810748352445234,0.2673349855365809,0.23749013857788331,-0.0411000167345345,0.09737745937890971,-0.16627114727187242,-0.12483165855174558,-0.08910581803982819,-0.05541999697184614,0.059775757237686175,-0.1974276629824128,0.2642781439010591,-0.14796516029293405,0.38714150244244516,0.31776968499231006,-0.1799456526070014,-0.16739156420084628,0.09690411111730908,0.17108431814740735,-0.21342747173058993,-0.14098606252340842,0.058322243383882255,0.17022368494449713,,0.09376758122225852,0.2141669787790165,0.26717401525233286,0.4140888842846783,0.3106232418777741,0.3772888460343138,-0.15737474997808573,-0.03177489660448326,0.12906151136753022,0.5618898867629832,-0.07413398783957159,0.28005163799217464,0.08401851955151447,0.14615464303644143,0.24127692467068826,-0.12269760696156636,0.2986413151750353,0.2837794547729283,0.350126305891353,0.21453673230322975,0.5175465578656296,0.33729330857684736,0.3733379021268797,0.28091227119508483,0.044803927037429574,0.013292001689391103,-0.15382543489867637,-0.04607097036393628
#18,0.1949987648319773,0.1793145215915339,0.5194192319645546,0.39161042003681595,0.3310011236044594,1.0,0.12168875359593272,-0.16352349608332203,0.2671612651308083,0.17244698738534853,0.09033301723657054,0.29140402744463656,0.5433384599446963,-0.008097920933308895,-0.14552829331654568,-0.15784331694411463,0.35473228729211326,0.2733100112360446,-0.23946003235343336,-0.19067806740032991,-0.33090231016264376,-0.18634940114272963,0.17110822462526595,0.13785590768912015,0.19775119731609941,0.006222059304002742,0.12234538485444939,0.3207659635505901,0.4125238068675342,0.34625186271306646,0.4240307915434819,0.4060308074811338,0.35183163464526773,0.14316792706930487,0.23973097243583102,-0.06985154077249799,-0.014892141940727872,-0.06204368510387365,0.2036401596952721,0.2303181952202982,0.1831491206400561,0.08217931452159154,0.1718365753173585,-0.19696387731195564,0.05994629011307764,0.22837858298336905,0.4425359991712421,0.48054729896644327,0.1074293364358629,0.07832240276040131,0.28997760759907243,0.4270382264580959,0.268675342061854,0.269199690809553,-0.3728677413956602,0.059166938934886726,-0.35440556542804547,-0.21796810875853662,0.0004733482616006184,0.0011267919897361522,0.1258596370996661,0.17056634446047064,0.09717345743451618,0.05703129357951693,0.0652678720844058,-0.0008701957940536621,0.10019045494027365,0.15515941636318722,-0.06488218090828678,-0.0494099084381898,0.18931539816238874,0.126189546494115,-0.06275291061367928,0.09981432635529808,-0.325268350213963,-0.21497023643506602,-0.012628995370112122,0.11695208344954539,0.2844838989871622,0.0006885065623281722,-0.1282582537114807,0.3547689438914965,,-0.02645012710277395,0.10379395803616254,-0.1015164675788316,-0.10124712126162452,0.16922439417000693,0.19198176732621983,0.05272175250420356,0.022411526109858235,-0.09553028552303389,0.1959470551203691,-0.029054339424172636,-0.06173608842209277,0.3010941198033294,0.19607455633561507,0.3526827052570345,0.4261154364127533,0.3820765166667995,0.3333726462080342,0.4615336802428898,0.31651539178732796,0.35885695160532,0.354010311660783,0.51743658806748,0.3728103658487995,0.0415430834575142,-0.09121118185657708,-0.1732215572679677,-0.094462462845349
#26,0.06152730518212752,0.29897759963024645,0.0356684649650567,0.1717489182318769,-0.009643873168166135,0.12168875359593272,1.0,0.18470782299643793,0.1205157424156699,0.580460438763557,0.2133430021754895,-0.12604292009658216,0.2599781654168891,0.44076054474894216,-0.16010965104511152,0.30830750105586946,0.02453282757851286,-0.06523599678059432,-0.20669540756560337,-0.03316625361585478,0.030628979432460214,-0.10897369490552956,0.016061965590609534,0.08464646303660081,-0.05211134043621353,0.05984747667126202,0.24363091585716676,0.18673190478846752,0.036184844886802826,0.21415741618787304,-0.06755173760249902,0.21298759253799138,0.004344603909506013,-0.23549474455928407,-0.008517081178429982,0.013605973431934273,-0.021681581652575128,-0.3221716644486768,0.029602594649730255,0.27484640087975837,0.09823490505143877,-0.12658958155694922,-0.15971439727784906,-0.0574329224075417,0.2795480081919531,-0.04040991640701575,-0.08027157758847389,-0.04572352955239105,0.21123445082835945,0.24559762210233566,-0.02215014861860402,0.2628086923953494,0.1220330068770968,0.15368358979671526,-0.16132569388551984,-0.30156906183012056,-0.05230896731984477,-0.10340826686004351,-0.15887129549203516,-0.0482863039788348,-0.2593916598267577,-0.12777534285873662,0.1798532142259481,0.24598968833921697,0.05270103355672609,-0.03462933006080214,0.29428874243957637,0.28506243575134077,-0.4622715935261258,-0.16174007283506922,-0.41410163440620296,-0.1749444174389787,-0.4916606236403191,-0.26012797934480314,-0.2251288957597877,-0.38823163783279807,-0.2559539083106886,-0.14893576329399388,0.30361386256962763,0.13732040258508713,0.007395070484265553,0.16091450246635164,,-0.07377379690650177,0.1315844416642096,0.0829682282909259,0.005829993067121421,-0.14625345647825705,-0.07090980085903943,-0.18599558527042212,-0.04932543888308936,0.26111451999776875,-0.00284008956960371,0.31109180884380305,-0.11510969088924129,0.005119173792125206,0.01565714923220362,-0.10524587812477587,0.12828853525010162,-0.06370438843245224,-0.23148323757460812,-0.08355314011586673,0.013521503876833827,-0.08103658487994964,-0.13811409764999322,0.06543999872498785,-0.14629648813840257,-0.067016232498466,0.047854393612189114,0.1422435432587717,-0.006963160117619871
#49,-0.12340523870618142,0.061603805911275095,-0.036847851206081805,0.05252253185538175,0.3534572751396537,-0.16352349608332203,0.18470782299643793,1.0,0.0023348660041916025,0.040631449768505606,-0.29599885248906277,0.2186789280335328,-0.056110097299364885,-0.18262636565754767,-0.3826614284917403,-0.10881431838647213,0.12369371020567539,0.3106057104606778,-0.15026336969774243,-0.40000956259114345,-0.31923435520244803,-0.4598379140801186,0.2415749587613257,-0.15177425909840703,-0.14860266636916383,0.031618707615806964,-0.10240897608555331,-0.21427535481197554,0.15855254245392025,0.3312433759134267,0.10397564726788802,0.2999880467610707,0.15194797950417965,0.0570520125269944,-0.1460877048984373,0.09232362995959806,-0.04331694411462359,-0.09252285060841986,0.07333391771390321,-0.005472989664432739,0.02972850209978564,-0.07433798978396512,-0.08876315852385468,0.025112958107881965,0.20276358884045614,-0.05063073257416985,0.0602172301954753,-0.029468718373722,0.04946728398505048,-0.001227199196742344,-0.031911960410872665,-0.04929196981408729,-0.019660687390926693,0.024653953732996517,-0.18190439002621744,-0.2012479181442198,-0.4286574918917196,-0.4523631553363243,-0.08752002167520659,0.06307963247774705,-0.13721521408250922,-0.012370805409239056,-0.09426802349209891,0.174565101323622,-0.07962291515591008,-0.24868633904166898,-0.08375076699949796,-0.04791973798500267,-0.20480201451920088,-0.16846098064372175,-0.027924359904055337,-0.42112057630549293,0.16748878387747132,0.0544669253878826,-0.2005482552255576,-0.2571014192479022,-0.1920407366382711,0.00037612858497557556,-0.21414466606634844,0.09428874243957638,0.3964219971471603,0.18330371586354183,,0.35780187904915967,0.3986867374829666,0.5017411884707026,0.42790364095657785,-0.03925762417423041,0.19310855931595597,-0.17376662496314418,-0.17875192247926114,0.07850249822693622,0.20361944074779462,0.18635736996868252,0.1605925618978556,-0.018776147710157863,0.013613942257887146,0.1603805911275092,-0.1096271386336651,0.16865063870140012,0.06281347369092112,0.12230554072468504,0.21733538397787855,0.3877391643889106,-0.04323725585509487,0.15873582545083634,-0.009387276972483644,-0.18560351903354078,-0.0034823769414052226,0.08428308457314984,-0.028668648248053614
#50,0.10296838766744495,0.287720836089219,0.1499972109109165,-0.062360844376797966,-0.24137095681693216,0.2671612651308083,0.1205157424156699,0.0023348660041916025,1.0,0.03741682537911689,0.09382017547354748,0.13428746742742392,0.3145805608459706,0.42935237351481004,0.003185936615958371,0.10447768330291898,-0.014243479508164063,0.15486297603774035,-0.22495358158882453,-0.06715010877447426,-0.1378224386201181,0.002197802197802198,0.109121915068253,0.05614994142912925,0.1044075576345337,0.004687263425479524,0.09076492760321622,0.12525241256205724,0.12979145582481333,0.2761389444493143,0.10242013244188734,0.31734733721680786,0.2654352174294161,0.014536732303229764,-0.02260596546310832,0.30750743093020105,-0.014372574488600595,-0.08951541569380583,0.0925770386248994,0.2793790690817522,0.05613081624684235,-0.15706237200073314,0.34478559873773795,0.21020647228043893,0.2232753468431496,0.03772760959127892,0.11856497382240674,0.05394417040537418,0.06099339384328507,0.24635784809823968,0.13824956769119207,0.20535345727513965,0.10013307939341297,0.1372741833945605,-0.05146905306441202,0.04261568743077082,-0.1073608045326682,0.002699838232833157,-0.1594737387340723,-0.1602674337989784,-0.15960920877527113,0.013473690921116593,-0.0394393134059559,-0.03875080684362773,-0.02200670975145232,-0.07498824598171952,0.13496800516379923,0.14976930248866435,-0.1696706484233678,0.07347416905067376,-0.022572496394106255,0.08016320155551483,-0.17624811736486864,-0.12085043310569053,-0.09591119540358119,-0.021310234363171275,-0.012181147351560695,-0.08304154148969232,0.25831586832312,0.0941373347464718,0.19020312537353873,0.19156101331590816,,0.16749834646861478,0.22347934878754314,-0.049607535321821036,-0.11044952147200153,-0.15420953230960482,-0.09529440827482887,0.19992987433161472,-0.030600291659029874,-0.009666185880834177,-0.1599295555785766,0.042687406864346675,-0.033708133780650094,0.0199539401859924,0.03925443664384926,0.1652734502625728,0.2808453330570807,0.1838471897935277,0.05533233988636454,0.21214767828255862,0.16924830064786556,0.09674154706787048,0.01036903632987752,-0.014855485341344659,0.12577198001418452,-0.09802771557666409,-0.1752010136346612,-0.19364565818517956,-0.0533369458677653
#51,0.4519838392209676,0.5276510291738719,0.3167895194001068,0.5744710691773781,-0.023659444254078045,0.17244698738534853,0.580460438763557,0.040631449768505606,0.03741682537911689,1.0,0.4188765549171641,-0.1521631378049072,0.1685900756241583,0.21039772410330787,-0.2061933715305724,0.20458526245328276,0.446985791583326,0.02589868434683518,-0.26411717361681103,-0.024000510004860982,0.08695264126736207,-0.140912749324642,0.3866522165289388,0.14403334156778683,0.3726972085202687,0.19355959486488855,0.6091338683071823,0.40046378567045715,0.2346309238259927,0.13981305134314562,0.026472439815441992,0.23873168166134084,0.13417271633370256,-0.008180796723218768,0.03350253807106599,0.10265282215971121,0.12833475444062825,-0.23073894923060986,0.396127150586904,0.18709209572153734,-0.11061049175624955,-0.08096645921156435,-0.25497214895329473,-0.19012821840958172,0.23720166707838933,-0.02995003546127549,0.019818470144793567,0.118024687422802,0.5913665739626581,0.3741634724955972,0.18632549466487103,0.2904955812860091,0.438360334371937,0.37902605009203993,0.0714803687972651,0.04453936201579421,0.014275354811975552,-0.22494083146729993,-0.30261935309070914,-0.1700945899640606,-0.26587031532644295,-0.1283889424571078,-0.14084262365625672,0.15105706476264852,0.3578146291706843,0.11215644399110679,-0.139628174581039,-0.016363187211628112,-0.3806947222465714,-0.13584138848823402,-0.23439026528221596,0.041090454143391054,-0.5694060834017324,-0.31609782530739744,-0.21185283172230235,-0.2844185546143487,-0.36286686482480535,0.02483723672991258,0.40660615671493117,0.04735554510753931,-0.15097418897273865,-0.08512459259377315,,-0.32719999362493923,0.031005108017435792,-0.1838981902796261,-0.19622915155910078,-0.17154651005267393,0.0352939301452717,-0.17223820414538327,0.1649052905035501,0.11699033381411916,-0.0550789312210632,-0.04247224856361912,-0.2392831244172796,0.24712923045047774,0.13656973918032655,-0.2217772075640096,0.11868769374208098,-0.012160428404083226,0.03767979663556168,0.0613599598371172,0.10603797942449139,-0.02643737698124935,0.22559905649100717,0.09563069273004009,-0.024645984907043644,-0.14795400393660002,-0.09880866052004558,-0.1428667054482863,-0.2262222186805218
#52,0.40876252101777844,0.17823394879232443,0.28427830327757814,0.24963941062563252,-0.19560917689996732,0.09033301723657054,0.2133430021754895,-0.29599885248906277,0.09382017547354748,0.4188765549171641,1.0,-0.19363450182884556,0.0505526380798317,0.1397269880228546,-0.0035907529743642867,0.2555395293611392,0.2608993616970412,-0.005315206910565866,-0.058728653507478745,0.09139446485349313,0.09836718756225646,0.38210839197061097,0.2357369968682514,0.293777143813402,0.2183235183960347,0.24488839659253003,0.42540780466813827,0.417752950457809,0.10879200567380408,-0.06015826088342405,0.025023707257209794,-0.007082692506912957,0.2609041429926129,0.1907290678864283,0.16131613129437639,0.15878523217174415,0.17938783479030035,0.015132800484504619,0.17020455976221024,0.43282518786507185,-0.14107212584369944,-0.09136258954968164,-0.04766951685008248,-0.03506442795782897,0.06540812342117636,0.06455545904421901,0.237611264732367,0.2451083361888293,0.2597327255775407,0.14502466351632415,0.16235526619863094,0.2232370964785758,0.29803727816780756,0.30245041398050826,0.09803249687223581,0.36699471666839323,0.11320832901688595,0.21574799384806637,-0.10896094478400498,-0.10466256006502563,-0.08381451760712094,-0.09624429232841125,-0.139564423973416,-0.040942233980667625,0.2126927459777351,0.1556279833292161,-0.07479061909808828,0.04688697814151041,-0.014892141940727872,0.08848903091107588,-0.027511574719696546,0.37020934105778197,-0.3090980085903944,-0.1997944042904159,-0.30489046848727774,-0.14398871614245073,-0.0642191745890078,-0.1730303054450988,0.2642064244674832,0.22794826638191396,-0.2106638828901338,-0.22038266302225692,,-0.38700284487086517,-0.23641594083943612,-0.36116312983608123,-0.24212958904764562,-0.0032146243893887115,-0.02812517431806772,-0.09813609160962315,0.008821490329829706,0.15332818015921715,-0.17031771709074103,-0.05639697503366829,-0.14385165233606134,0.022921530970842065,0.3089466008972898,-0.12383396154244596,0.0997569508084374,0.06920287833993417,0.050355011196200464,-0.03825992716493079,-0.0618094016208592,-0.034143231677676925,0.19163273274948403,0.09106136792866307,0.07873678170995067,0.16367331001123606,0.03782482926790396,-0.20815689024536016,-0.12776896779797434
#53,-0.1110009642279403,-0.17441688116089857,0.10431193172309923,0.08009945094789185,0.459600443066723,0.29140402744463656,-0.12604292009658216,0.2186789280335328,0.13428746742742392,-0.1521631378049072,-0.19363450182884556,1.0,0.2047143574337193,-0.1617974483819299,-0.26897975121325374,-0.36603686378885797,0.21582449457721395,0.11835937811282264,0.08570631688833284,-0.3830678386153368,-0.4466670385452111,-0.30114671405461835,0.04055176150897688,-0.04383651156675087,-0.1310967495158938,-0.09597653977639474,-0.27025157583533216,-0.14472344189530556,0.5039134904254556,0.5032186088023651,0.2409677342237168,0.20672887663460543,0.14154388034010948,-0.06421439329343608,0.3581955390512316,0.10271497900214362,-0.037318011937301276,0.3038322084007363,0.04723441895305565,0.0007984763604778108,0.2483914924814127,0.22178039509439074,0.36986668154180846,0.08885240937452685,0.08775749268860218,0.17619711687877024,0.2890548175537298,0.2739363609559404,-0.032638717337774625,-0.08050426730629777,0.17797257130107022,0.029927722748607447,-0.11185681613527879,-0.24375522954203158,-0.4128553100271737,-0.03207293069512069,-0.5054881304337432,-0.2351122409135462,0.22811561172692427,0.2263911577907227,0.029634469953541746,0.18373881376056866,0.18415000517973687,0.1924328028751524,-0.18454047765142761,-0.03881136992086956,0.14310736399206306,0.0022743029269497723,0.19424013260126385,-0.13412968467355704,0.2061869964698101,-0.16383428029548405,0.3908246937978628,0.3183051900963431,-0.11295332658639402,-0.025995904023460224,0.17936870960801346,0.12099387197284224,-0.056020846448692714,-0.04101235964905291,0.18748575572360923,0.20168620357162778,,0.31498537720437647,0.231491206400561,0.2531759755835173,0.38968833921698315,0.42692825665994627,0.28905959884930155,0.034559204392416866,0.08989473180916256,0.09107730558056881,0.4213357346062205,0.01259233877072891,0.2551777446628788,0.12332076915108098,0.07949860147104527,0.24897481054116297,0.027301197714540718,0.21159464176142928,0.2029787471411837,0.4514499278821251,0.07185330985185953,0.3650391667795584,0.059335878045087616,0.22955318792882246,0.028657491891719594,0.03756663930703089,-0.02945437448700683,-0.21008056483038354,-0.10142721672815944
#54,-0.06361513758178007,0.14219573030305446,0.34703280765644795,0.12523488114496092,0.13755149853772045,0.5433384599446963,0.2599781654168891,-0.056110097299364885,0.3145805608459706,0.1685900756241583,0.0505526380798317,0.2047143574337193,1.0,0.378396512841763,-0.16151535194319822,0.017912326976866497,0.03486680107419774,0.1845851030767637,-0.21090294766871998,-0.18630636948258414,-0.31051167831443394,-0.14808947397779884,-0.03592984245631091,0.0917339368390855,-0.06167074404927922,0.048638526085951754,-0.032959064141080095,0.11237797735259664,0.1211022480058013,0.15958370853222195,0.23619759500832743,0.2885065623281722,0.12494322211508578,-0.16712381164882978,0.02791957860848361,-0.04898437313230642,-0.02460135948170756,-0.09681804779701807,-0.00826686004350979,0.056046346691741904,-0.0069520037612858495,-0.2343249209094024,0.0035732215572679676,0.0547665532437106,0.26860043509789705,-0.029028839181123443,0.15973352246013595,0.04830383539593112,-0.02948624979081832,0.07740120648024927,0.05995425893903051,0.2697495398003012,0.04619528404880109,0.11352708205500084,-0.2583732438699806,-0.14742487389332928,-0.14531791631138985,-0.1368231478456279,0.12440771701105276,0.051375020918168125,-0.06670385452111341,0.028185737395309548,0.059884133270645235,-0.06525352819769063,-0.12851006861159145,-0.11223294472025437,0.23397748009785718,0.04538724509717983,-0.2509590482034282,-0.08957597877104766,-0.1355497294583589,-0.26785774051908934,-0.11405621209827156,-0.1746957900692491,-0.2267784427320323,-0.11160659500035859,0.03524611718955446,0.09990676473635139,0.2427304385244922,-0.12155009602435274,-0.1228697336021484,0.1948999513901617,,0.2263672513128641,0.131935070006136,0.22326100295643442,-0.15172803990788036,0.27838137207245256,-0.02450892110065424,0.07335623042657126,-0.12753468431495987,-0.009377714381340198,0.12576719871861278,0.08498115372662146,0.055031118265345964,0.09974898198248452,-0.05769429989879591,0.23132545482074127,0.3554702005753492,0.19396122369291333,0.20348237694140522,0.38792244738582665,0.1686841077704022,0.23360294527807218,0.1740535026974476,0.17418737897345585,0.0662544127373714,0.08784833730446494,0.004508761724135183,0.13469865884659213,-0.1555100447051136
#58,-0.09673198447672704,0.08962060419638375,-0.06404067288766346,-0.22980819035931435,-0.3118265345966579,-0.008097920933308895,0.44076054474894216,-0.18262636565754767,0.42935237351481004,0.21039772410330787,0.1397269880228546,-0.1617974483819299,0.378396512841763,1.0,0.16383268653029348,0.3031054514738344,-0.21321231342986238,-0.16550135868482496,-0.21160420435257274,0.12237088509749859,0.0741531130218585,0.044838989871622215,-0.1890603957318968,0.07569109643076286,-0.031049733442771878,-0.0882627162540143,0.07646566631338204,0.007321757285499128,-0.13473531544597533,-0.08747858378025165,-0.1568838702993888,0.17727290838240803,-0.14823769414052226,-0.2726501924471468,-0.04160045900437489,0.020634477922367698,-0.0067798771207038065,-0.18287180549689613,-0.15911514156619305,0.168220322099945,-0.034178294511869566,-0.3153965686235447,-0.01624843611790675,0.051894588370295404,0.41216999099522666,-0.11747005713648208,-0.2411191419168214,-0.18983815314489716,0.008037357856067066,0.23507239678378183,0.020640852983129995,0.2077361362350485,0.10818159360581406,0.04968722358134976,0.018396831594801138,-0.2764624787830009,0.262918662193499,0.21747085401907737,-0.03930384336475707,-0.06219509279697822,-0.13578560670656392,-0.13864800898883567,0.12448421774020034,-0.13992461490648583,-0.06700348237694141,-0.08593422531058499,0.3529297388615735,0.17596602092613695,-0.4363314712843357,-0.08911378686578106,-0.3567882443879543,-0.2507152021292703,-0.38430778793360376,-0.2664376957342875,0.003699129007323351,-0.061917777653818264,-0.016297842838814556,-0.04398154419909315,0.2117444556893433,-0.09508403126967303,0.11296926423829977,-0.11961207755261417,,-0.0643753635776841,-0.011843269131158907,0.1814692921291906,-0.2599048522181227,-0.02952928145096383,-0.18974730852903443,-0.05164755476575636,-0.10133318458191555,0.0948433727258963,-0.09131637035915499,0.221315015658743,0.01855461434866801,0.015427647044760896,-0.12917307493087044,0.07748726980054028,0.2586314338308537,-0.2002055957095841,-0.2556463116289077,-0.1742080979209333,-0.15525663603981227,-0.1694140522276853,-0.18187888978316824,-0.24762329765955582,-0.22882483723672992,0.00810270222888062,0.09280972834272326,0.19094741371753698,0.053085130967654534
#101,-0.2802827339448079,-0.1767804349385205,-0.20316203013809975,-0.2888189403055248,-0.3192646367410689,-0.14552829331654568,-0.16010965104511152,-0.3826614284917403,0.003185936615958371,-0.2061933715305724,-0.0035907529743642867,-0.26897975121325374,-0.16151535194319822,0.16383268653029348,1.0,0.16171297882682945,-0.2051510490959367,-0.33678967877662586,0.20167185968491264,0.49734239654471707,0.7046992166644088,0.3435934623751883,-0.09642279402975559,-0.012345305166189865,0.09878634780737754,-0.1073544294719059,-0.18499470073074134,-0.31318282877383674,-0.2979496210823259,-0.40981599980874817,-0.30163440620293414,-0.24054857397859572,-0.31655682968228294,-0.19869151877853836,-0.05108017435791185,0.13804397198160795,0.04493780331343783,-0.029688657970021275,-0.416693096606077,-0.04121317406306529,0.15289626979257145,0.08694307867621863,-0.06322944640566106,0.15378559076891202,-0.1763819936408769,-0.04354485253687574,-0.4594187538349975,-0.5048793121309437,-0.32599670090605554,-0.16591892516475548,-0.24387316816613408,-0.1860386169305676,-0.22667644175983553,-0.15909761014909674,0.48006757564408037,0.21445704404370103,0.5820701416060372,0.5230004223477756,-0.3272637442325622,-0.47921969256269475,-0.2977886507980779,-0.26142371044474016,0.32180987975041636,0.1287443520946059,-0.11451521647315702,0.021075950880156825,0.2185370829315717,0.2696443512977233,0.2054140203523815,0.3178382168955048,-0.06736845460558295,0.16580258030584355,0.05551721664847118,-0.03816748878387747,0.467005076142132,0.22829730095864975,0.17963805592522053,-0.13361808604738265,0.2239941349440987,-0.055002430491915624,-0.11470646829602595,0.08126449330220178,,-0.08756624086573325,-0.05835411868769374,-0.2660934424531234,-0.33558957358812325,0.09717505119970675,-0.02366103801926862,-0.0008558519073384918,0.0012989186303181952,-0.1145215915339193,-0.3760759907242866,-0.1617336977743069,-0.292814509638295,-0.02694260054666146,-0.22157639314999722,-0.270323295268908,-0.12601582608834241,-0.1361872355345887,-0.2576942998987959,-0.36487022766935745,-0.3492943604618732,-0.5333216457219357,-0.08934647658360494,-0.420202567555722,-0.14333367864912464,0.12070221294296711,0.2227509980954506,-0.1279522507948904,-0.09926447736454988
#102,0.17370128059033063,0.39784363569715275,0.018478113619520436,-0.20893942895393222,-0.4012256054315518,-0.15784331694411463,0.30830750105586946,-0.10881431838647213,0.10447768330291898,0.20458526245328276,0.2555395293611392,-0.36603686378885797,0.017912326976866497,0.3031054514738344,0.16171297882682945,1.0,-0.2288933691399246,-0.03809098805472989,-0.17522332634732926,0.557669596538342,0.3206400561005347,0.4327470933707337,-0.07914319183354716,0.31800715600570567,0.07915912948545291,0.4869351098502658,0.3025587900134673,0.17703543736901242,-0.21914908876475228,-0.24776195523113578,-0.2778984612197085,-0.21956506147949223,-0.2795097578273793,-0.24443257974802574,-0.1110439958880858,-0.19392934838910184,-0.25362860489764044,-0.17007068348620197,-0.03215899401541171,0.1503462454876523,-0.06762664456645602,-0.24405804492824074,-0.0244866083879862,0.1330395492832041,-0.12817059662599908,-0.05985385173202432,-0.24930471993561187,-0.3106375857644893,0.12274701368247416,0.33409940313493613,-0.10931316689112193,-0.002403397907386305,0.22068866593884723,0.19531911163528276,0.07591741108782443,0.08985010638382647,0.16897257926989617,0.3515654758584418,-0.2958171632573373,-0.4114894532588514,-0.2429057526954554,-0.3527161743260365,-0.15015021236921164,0.06466064754679693,0.22966315772697207,0.1371610260660297,0.051692180191092445,0.10684442461092207,-0.13133103299890828,0.4463992859931946,-0.13364836758600354,0.15389556056706166,-0.49219294121397095,-0.18748416195841866,-0.11099937046274973,-0.12014598889145663,-0.27680991959454615,-0.12393596251464271,0.21877614771015785,0.14317430213006718,0.009412777215532835,-0.1223262596721625,,-0.388400576942999,0.05751898572783272,-0.26478017993609004,-0.4853907513805991,-0.07599709934735316,-0.35759947086995675,0.15622245774530039,0.08191793703033733,0.09500753054052546,-0.4693765987457068,0.047454358549354925,-0.477877742272231,-0.056977105563037395,0.019139526173608843,-0.18090031795615552,0.11087346301269434,-0.032178119197698606,-0.24152236451003672,-0.18218011140418683,-0.09803249687223581,-0.11365617703543737,-0.2852919379387835,-0.21177154969758305,-0.22570902628915682,-0.054487644335360075,-0.0848664026329001,0.16231701583405717,-0.1718620755604077
#201,0.43971662854911586,0.10342420451194925,0.5630836168907235,0.7085322219477405,0.4962156045549809,0.35473228729211326,0.02453282757851286,0.12369371020567539,-0.014243479508164063,0.446985791583326,0.2608993616970412,0.21582449457721395,0.03486680107419774,-0.21321231342986238,-0.2051510490959367,-0.2288933691399246,1.0,0.27628716461203773,-0.2431607551259473,-0.29305038688650004,-0.13102503008231797,-0.25326203890380833,0.3459442660312856,-0.10234841300831149,0.3508036560973472,0.004307947310122799,0.37190829475093434,0.3037222386025867,0.538152348014567,0.341672975320546,0.44944018997681073,0.3310967495158938,0.5195371705886572,0.3710508490784053,0.3540597183816908,0.16904907999904373,0.2804054538644821,0.02153654902023285,0.4088963972937867,0.19723641115954385,0.04576177991696483,0.01759198017356103,0.036935508291563404,-0.3457211389046052,-0.05897409334682721,0.17213779693837708,0.4059766194646543,0.43920502992294147,0.49899353728215223,0.097608555331543,0.4271099458916718,0.33773956283020823,0.4651180581564918,0.3961590258907155,0.016777566161177475,0.2775542079385444,-0.28545609575341263,-0.38213070468327903,-0.22777135844576019,-0.01928774633633227,0.008475643283475045,0.08457633736821554,-0.25934065934065936,0.00862705097657962,0.07843237255855094,-0.03016678752719362,-0.28362645331463315,-0.14607654854210328,-0.08085330188303358,-0.16552845269306474,0.20715281817529824,0.13620795448206616,0.010765883862330563,0.17195929523703274,-0.17955518013531066,-0.13281004709576139,-0.17095841069735196,0.03517917905155034,0.06734614189291492,-0.11384105379754401,-0.006646000844695551,-0.02566758839420188,,-0.20329112511853628,-0.06629585063232633,-0.06920606587031533,0.16140060084947686,-0.027486074476647356,0.29705073751484196,-0.265881471682777,0.030617823076126194,0.10231972523488114,0.2933484209771374,-0.15458247336419925,-0.007677166922997235,0.2794906326450924,0.26841874586617154,0.19611599423057002,0.16910964307628557,0.319447919737985,0.3732104009116337,0.4309875766003395,0.38021818645458966,0.45739148451258677,0.5850504825124114,0.4295946258237774,0.42051813306345576,-0.12069424411701424,-0.24290256516507422,-0.5455777000374534,-0.23031500768991706
