,#10,#11,#12,#13,#17,#18,#26,#49,#50,#51,#52,#53,#54,#58,#101,#102,#201,#202,#301,#302,#401,#402,#501,#502,#601,#602,#701,#702,#801,#802,#901,#902,#1001,#1002,#1101,#1102,#1201,#1202,#1301,#1302,#1401,#1402,#1501,#1502,#1601,#1602,#1701,#1702,#1801,#1802,#1901,#1902,#2001,#2002,#2101,#2102,#2201,#2202,#2301,#2302,#2401,#2402,#2501,#2502,#2601,#2602,#2701,#2702,#2801,#2802,#2901,#2902,#3001,#3002,#3101,#3102,#3201,#3202,#3301,#3302,#3401,#3402,#3455,#3501,#3502,#3601,#3602,#3701,#3702,#3801,#3802,#3901,#3902,#4001,#4002,#4101,#4102,#4201,#4202,#4301,#4302,#4401,#4402,#4501,#4502,#4601,#4602,#4701,#4702,#4801,#4802
#10,1.0,0.23353600714006806,0.32359011546828803,0.5667939022543809,0.21912677605208425,0.31156356334021307,0.019493342045916375,0.23457992333989433,0.24051829243997483,0.4571412633776666,0.4304488839659253,0.07103411454390425,0.13011020886292823,0.2665827283666297,-0.18223270565547578,-0.2593103778020384,0.31164484536493237,0.04572990461315334,-0.08897034799862936,-0.17721553283554733,0.02874196144682004,-0.2622668122305541,0.0877511176278399,-0.2552367139749301,0.0017690793615376646,-0.1380152842081776,0.094387555881392,0.381156914151838,-0.16257998709050195,0.18941580536939492,0.3599295555785766,0.27931691223931976,0.21109260572639832,0.2827371323382926,0.16240467291953875,0.31881360119213636,-0.006794221007418977,-0.03749651363864562,0.18621711863191195,0.201573046243097,0.09605782180111404,-0.17147638438428867,0.19492863916359202,0.12071655682968228,-0.041785335766481524,0.052300998493891894,0.20318912414633952,0.2532094446525193,-0.07482886946266207,0.0429105339910271,0.17960139932583732,0.12183537999346557,0.17787694538963575,0.19645546621616236,-0.08131230625791902,0.04301253496322387,-0.0910215237988987,-0.23203946162611863,-0.05769270613360534,-0.016771191100415177,0.006373466997107316,-0.04393213747818534,0.15083712516634923,-0.06540015459522348,0.18059272127437465,0.13570432468184462,0.21404904015491397,-0.005806086589262804,-0.22079226067623456,-0.19747866346851117,-0.05795248985966898,0.11107746495708787,-0.3487237925236475,0.16240307915434818,-0.13164819227183258,-0.000293252795065703,-0.08177290439799505,0.02488345592043924,-0.09022464120361147,-0.3139032106399764,-0.11178031540613122,0.18911298998318576,-0.0733976683215262,-0.05519527607997514,-0.08691598466797887,0.01326650144634191,0.06694451306489015,0.05166508618285268,-0.10151487381364104,-0.5356740431432238,0.0494848154021468,0.1650487293707018,0.1543609400027094,-0.2019906127230275,-0.06753739371578385,-0.017472447784267944,-0.2892843197411725,0.2676473635139335,0.08132186884906246,0.21956984277506394,0.20247511734096216,0.2211397014877798,0.028346707679557572,0.28691120337240716,0.2070603797942449,0.20635434181482043,0.19510235956936464,-0.10579732088071464,-0.17460972674895808,-0.18499948202631306,-0.07543609400027095
#11,0.23353600714006806,1.0,0.17676290352142418,0.2416626158468073,-0.24981472479659572,0.04845683685422627,0.22753707496274575,0.044228577803632194,-0.028053454884491867,0.36273139478360655,0.28929388233231595,-0.007815824494577213,-0.09244475611408172,0.11749874490991243,0.14083943612587557,-0.16709831140578058,0.29036967383595375,0.0737339527767374,-0.3199897999027803,-0.3144785598737738,-0.0763190399158492,-0.25311541250627545,0.006069057845707592,-0.14683518077281674,0.09063583262277969,-0.16542645172086795,-0.05495621130138897,0.1172883679047566,-0.01281705966259991,-0.053818262955318795,0.09610244722645013,-0.004054538644821458,0.03933731243375913,0.06153527400808039,-0.2012287929619329,0.06558821888771127,-0.06073679764760258,-0.0793408187171784,-0.13062658878467434,-0.07365585828239925,-0.20093872769724835,0.03084732526356892,0.1528691757843317,0.26793902254380864,-0.034178294511869566,-0.2961566352429297,0.036704412338930105,0.0512268007554447,-0.046961885105467414,0.0019077369331176439,0.11247679079441227,0.10986779717744184,0.046432755062196684,0.2124425248428149,-0.21825658025803057,-0.06359760616468375,-0.12362995959805242,-0.32027667763708373,0.045101961128067004,-0.18283355513232236,0.01332706452358374,-0.1697567117436588,0.026848568400417567,-0.011674330020958011,0.0425487492927667,-0.15765047135605512,0.18797982293268733,-0.15528054251767087,0.09499796794938202,-0.11534556813744631,-0.06594362852520938,-0.09608969710492553,-0.10803337344309064,-0.07850090446174565,-0.1000310784212162,-0.2457633736821554,0.0068372526675644875,-0.052600626349719896,-0.021428172987273786,-0.2375092637601702,-0.21186398807863638,0.07987951135159257,0.162666050410793,-0.2651802149989242,0.10258747778689765,0.041643490664520395,-0.03488433249129406,-0.008568081664528365,-0.07845627903640956,-0.09320338834479516,-0.08580034903457674,0.025704244993585094,0.11265210496537545,0.1105387723226737,0.06046107626963319,0.3326140139773207,0.14785200296440326,0.2272023842727251,0.17885073592107675,0.09584903856114879,0.03732438699806358,-0.08756464710054268,-0.023962259640287198,0.2512650511200185,0.38582027109945893,0.19320896652296218,0.39058562901927657,0.1199292368255385,0.03408107483524452,0.038385834614986174,-0.035225398242076995
#12,0.32359011546828803,0.17676290352142418,1.0,0.36769756711743656,0.19851142331200344,-0.03448907872403159,0.19652399811935709,-0.13145534668377307,0.04938122066475946,0.4531504753404681,-0.06837412044083545,-0.17836304377276097,0.008547362717050897,-0.007105005219580999,-0.4795097578273793,-0.1199850186072086,0.5117819091713218,0.33598323359019516,-0.3419008837427982,-0.535058849779662,-0.44976850560606907,-0.04262525002191427,0.04839468001179386,-0.2288567125405414,0.27851206081807967,0.10038648805871431,0.12120584274318864,0.3361155161010128,-0.04333766306210106,0.13393365155511638,0.5237112416227717,0.336878929627298,0.522230633760728,0.42223461817370445,0.22669078564655068,0.08183346747523687,-0.1992939620205755,-0.20006056307724182,0.17728884603431377,0.19386719154666943,-0.08408864521989975,-0.16142610109252603,-0.030423383722876108,-0.22721672815944027,0.08044211046386536,-0.10581803982819211,0.29648654463737856,0.1193538875917411,0.25014463419104466,0.05799711528500506,0.21494951748758856,0.12566201021603488,0.32573851094518247,0.18710484584306195,-0.01695447409733124,0.25829674314083306,-0.18883248730964466,-0.2568161352787894,0.04251049892819291,0.10494943779932903,-0.17678521623409224,-0.027022288806190183,-0.15495222688841254,-0.0903664863055726,0.4008271641339082,0.03983775470359952,0.0006821315015658743,0.14993186653810295,-0.41966387492130786,-0.159531114280933,0.04451067424236387,0.1400632724780658,-0.3141343065926097,0.1475491875781941,-0.33678330371586357,-0.11003673628764274,-0.08948832168556607,0.1383531624285794,-0.0486544637378575,-0.08929388233231599,-0.18109794483978675,-0.04157655252651627,-0.016143247615328832,-0.11242100901274216,-0.33473531544597535,-0.098282718007156,-0.132822797217286,-0.0008558519073384918,0.194243320131645,-0.23634422140586028,0.1268079273880579,-0.016411000167345344,0.1296559857836145,-0.20392225613400378,-0.12339248858465682,0.38483213668130273,0.09412139709456606,0.5905282534724159,0.5435281180023747,0.3152276295133438,0.309271728996167,0.3844878834001387,6.534437281355337e-05,0.4978396512841763,0.3015818119516452,0.3399772091577748,0.3015658742997394,-0.2772768927953845,-0.23134458000302816,-0.13180756879089003,0.04914215588617329
#13,0.5667939022543809,0.2416626158468073,0.36769756711743656,1.0,0.04711169903338141,-0.003774035971280351,-0.04740495182844712,0.08060467451330396,-0.0033038752400608817,0.4978093697455554,0.2762680394297508,0.11759755835172804,0.09161121691941126,0.03809576935030162,-0.12421965271856497,-0.22197164691725968,0.31888532062571223,-0.050390074030393105,-0.1576201898174342,-0.11342667484799465,0.09307748089473977,-0.009282088469905728,0.22942249918319535,-0.14396799719497327,0.02905274565898206,-0.1484369147893441,0.11337567436189626,0.33921538939668017,-0.0026297125644478797,-0.01104638653587167,0.3919897361521727,0.019952346420801823,0.0344508283594578,0.13622707966435305,0.10204719138729292,0.06537943564774602,0.043273912454478085,-0.17616364780976818,0.09168931141374942,0.07936153766465587,0.04014535138538039,-0.009868594060037135,0.16716046824821298,0.11323861055550685,-0.23660719266230507,0.05341504036210345,0.22274940433026003,0.2443401413669724,0.009309182478145495,0.049572472487628395,0.2276342946393708,0.08607607041254611,0.17064284518961823,0.18414203635378398,-0.04416801472639036,-0.011524516093044012,-0.06254412737371404,-0.19988206137589748,-0.18436994477603616,-0.08991226322625888,-0.13424762329765955,-0.0754950633123222,-0.03396154244595144,-0.3697328052658002,0.12202981934671565,0.20351743977559786,0.022609152993489468,-0.16663771326570456,-0.14355202448023333,-0.07571659667381204,-0.0885495939883177,0.1703511861597431,-0.05230896731984477,0.11196519216823786,0.051225206990254124,-0.06281506745611169,0.05828239925411789,-0.042049900788116885,-0.23256221660862705,-0.31781112288726504,0.01584680728988198,0.042454717146522804,0.04124664313206735,0.018975368358979672,-0.08520746838368304,-0.09312529385045701,-0.17953286742264263,0.09096255448684745,-0.18611352389452462,-0.32989664432739124,0.013813162906708955,-0.10143518555411231,-0.07652622939062388,-0.20348556447178637,-0.22184095817163257,0.07411167512690356,-0.06902597040378042,0.1506155918048594,0.11281307524962347,0.06839483938831292,0.13862410251097707,0.15716915426850162,-0.1569157456032003,0.19205348675979567,0.20657587517631026,0.06832471371992764,0.1952744862099467,-0.11801512483165855,-0.07902525320944465,-0.10562997553570433,-0.129099761732104
#17,0.21912677605208425,-0.24981472479659572,0.19851142331200344,0.04711169903338141,1.0,0.533163862968069,0.13016280311421718,-0.0642510498928193,0.21979615743212552,0.17321518220720541,-0.014034696268198806,0.4295245001553921,0.5276478416434907,0.04873893329295795,-0.28473412012208243,-0.12646367410689383,0.32800803257656047,0.28218409581716325,-0.1431918335471635,-0.05999410306879487,-0.2937707687526397,-0.16529735674043144,-0.06782427145008726,0.05005857087075361,-0.04189689932982174,0.06275769190925101,-0.2357864035891592,-0.1707257209795281,0.19427997673102823,0.3606993441656241,0.15480719425607026,0.3097594211444828,0.0846783383404123,0.36877335862107435,0.10326801552327296,0.12138593820972356,0.3293707018145017,0.15724724876283977,0.37275777159751056,0.4525735323414801,0.13285786005147862,-0.18820135629417717,0.06711823347066277,-0.10208384798667612,0.010875853660480201,0.21016503438548398,-0.07341998103419423,-0.19011865581843826,-0.22774267067232984,-0.2424419670249982,-0.23163783279809386,-0.24986094398712239,-0.1142474639211405,-0.07165727673341886,-0.22299165663922735,-0.054481269274597774,-0.3528133940026616,-0.1568950266557228,0.15758193945286042,0.3987249878475404,0.19101116432515997,0.18804197977511974,0.2301875064746711,0.1513646614444294,-0.06578743953653308,-0.13552901051088143,0.24082748288694628,0.23933731243375914,-0.40222489620604196,-0.09372614332730358,-0.16717959343049987,-0.04134386280869239,-0.16738200160970285,0.25265162683581827,-0.25811027261353586,-0.05093036042999785,-0.13278773438309333,-0.0383093338858386,0.27402561180661256,0.298829379467523,0.23248252834909833,0.3223756663930703,0.03190558535011037,0.40684044019794563,0.3432842719282168,0.23471698714628375,0.3425814214791735,0.0827180071560057,0.14877160547936472,0.018596052243622947,0.28799177617161664,0.2535616667596363,0.2500394456884667,-0.0956482241471364,-0.051755930798715426,-0.14184191443074692,-0.019381778482576162,0.08504649809943501,-0.05453705105626788,-0.08023810851947183,-0.14516491485309468,0.3436221501486186,0.53433209285276,0.15810310067017827,-0.10857684737307652,0.01400760225995904,-0.0918965008885241,-0.0478368621950928,0.017596761469132752,-0.14535297914558248,0.07234418953055646
#18,0.31156356334021307,0.04845683685422627,-0.03448907872403159,-0.003774035971280351,0.533163862968069,1.0,0.1765445576903155,0.2137924439592315,0.4099881264493302,0.1268095211532485,0.21089657260795766,0.49668098399062866,0.5393827347416905,0.24162755301261465,-0.1949366079895449,-0.09613432253026162,0.1127238243989513,0.33445003147686253,-0.18476838607367976,0.10251097705775009,-0.1782801679828511,-0.16876220226474034,-0.07047310919682204,0.09846600100407207,-0.06826415064268582,0.09394289539322172,-0.34358230601885426,-0.1754082031094359,0.2998207014160604,0.6127931531847413,-0.011309357792316458,0.30762855708468473,-0.03555052634095419,0.32668201993800255,0.06986429089402259,0.3273195260142323,0.3948983576249711,0.4017085162842958,0.31490090764927603,0.5000438285427408,0.18594139725394257,-0.12086796452278686,0.15711337248683152,0.15935898764035095,-0.08019188932894517,0.34494338149160486,-0.11065671094677622,-0.17194495135031757,-0.3032026711504594,-0.3568137446310035,-0.24051669867478426,-0.30218903648925405,-0.28331248157209,-0.21827889297069863,-0.3727290838240802,-0.020210536381674887,-0.3272780881192774,-0.043468351807728164,-0.013486441042641188,0.30877766178708893,0.054275673565013664,-0.07257528548318976,0.27190749786833907,0.33724549562113015,-0.28456199348150035,-0.2699646981010288,0.2756640024225231,0.17659077688084215,-0.20352381483636017,-0.025308991226322627,-0.03727657404234634,-0.0989887559865805,-0.10140809154587255,0.246075751659508,0.02713863366510212,0.1212839372375268,-0.07743945684482305,-0.12406505749507925,0.19004374885448128,0.22682466192255896,0.05939006606156715,0.33248013770131246,0.3027898859661006,0.2203348500665397,0.4635019802532493,0.13451218831929493,0.20449601160261058,0.10489365601765892,0.16053199882061375,-0.14227223103220202,0.1636446222378057,0.23117085959725553,0.2354692443162349,-0.05832383714907283,-0.09990198344077968,-0.08292679039597096,-0.12141143845277275,-0.20930599494776433,-0.2088772721114998,-0.19328068595653802,-0.3751213253751325,0.22616324936847054,0.48286622731872914,0.06584959637896548,-0.21248555650296042,-0.08304791655045463,-0.31860003665659936,-0.10961279474694993,0.015794213038593023,-0.12283945206352748,-0.07211787487349489
#26,0.019493342045916375,0.22753707496274575,0.19652399811935709,-0.04740495182844712,0.13016280311421718,0.1765445576903155,1.0,-0.06248834559204392,0.1559148610635195,0.419966690307517,0.17999824685829036,-0.00194917482807258,0.13510985026576033,0.14350261775932552,-0.12163934687502491,0.12451609304401183,0.3039326156077425,0.10795209141837134,-0.11509853453290726,-0.05460877048984373,-0.17335702730916655,0.10479962387141502,-0.16836216720190614,-0.05355051040330228,-0.01630262413438628,0.056285411470328076,-0.03305469005251456,-0.16125875574751572,0.052581501167433,0.06839802691869407,0.08213468909625544,0.029918160157464,0.022044960116026104,0.03428029548406633,-0.09756392990620692,0.2040959765397764,-0.06026982444676426,-0.03351528819259059,0.07295460159854648,0.11320195395612365,-0.27399851779837275,0.041380519408075606,-0.06277362956115676,-0.05277594052068309,-0.07953525807042848,-0.14872379252364748,0.0006693813800412785,-0.19503860896174166,0.009937125963231838,-0.2785853740168461,-0.20545705201252698,-0.2460135948170756,-0.13939229733283395,-0.20063909984142037,-0.19130122958984452,0.10409517965718111,-0.25808317860529606,-0.11564360222808373,0.16312983608125015,0.20572161703416236,0.11517981655762656,0.18972977711193809,0.03802723744710692,0.16426140936655803,-0.08219365840830671,-0.13868785311860005,0.18214664233518477,0.2400513192391365,0.03343559993306186,0.1380726597550383,0.21375738112503884,0.23954768943891497,-0.046083720485460875,0.003374000908446159,-0.10141127907625369,-0.22408976085553314,-0.06048498274749181,0.110620054347393,0.0759317549745396,0.17528548318976164,-0.031016264373769812,-0.14410665476655324,0.10178103260046698,-0.07217046912478385,-0.00648503056044753,0.12227685295125469,0.10742614890548176,0.1553156053518635,0.07064842336778522,-0.05512515041158986,-0.21086629106933674,0.056373068555809674,0.09945572918741882,0.18227892484600244,0.10054108328220003,0.24467483205699303,0.12767493565173044,0.0913960586186837,-0.05034544860505702,-0.015027611981926703,-0.27080779988684267,0.2657189076333384,-0.09126218234267545,0.08844440548573979,-0.19169967088748815,-0.028115611726924273,-0.1972029420905418,-0.010405692929260732,-0.00621090294766872,0.08648088677095203,0.1959980556064675
#49,0.23457992333989433,0.044228577803632194,-0.13145534668377307,0.08060467451330396,-0.0642510498928193,0.2137924439592315,-0.06248834559204392,1.0,0.2586091211181857,0.03578162229358749,0.05452908223031501,0.377947071058021,0.19568727139430547,0.42322275259186065,0.09301851158268852,-0.2076054474894214,-0.1999505932790922,-0.12417662105841946,-0.1084286272103531,0.03346588147168278,0.2975256795416331,-0.08608563300368957,0.15110009642279404,-0.07553650120727713,0.20018487676210664,0.018135454103546923,0.04448198646893353,-0.09223437910892589,0.0797775103793958,0.4023651475428125,0.05790786443433289,0.24117651746368207,-0.14552829331654568,-0.002749244953740965,0.41596474591398447,0.34218935524229216,0.2960610093314952,0.2179171082724382,0.2470320107738527,-0.07092095721537346,0.019746750711217717,0.036211938895042595,0.23434245232649872,0.4229390623879384,0.028883806548781168,0.12894197897823714,0.03622468901656719,-0.135605511240029,-0.07961335256476663,-0.0861206958378822,-0.12173178525607822,-0.12197722509542669,-0.09106933675461594,-0.045506777486472916,-0.07193140434619767,-0.28260963112304666,0.11904469714476966,-0.07118870976738997,-0.09096255448684745,0.07449417877264143,0.013633067440174038,-0.1722477667365267,0.4046203252874754,0.08231319079759979,-0.21708038154738662,-0.0900668584497446,0.3391213572504363,0.022414713640239385,0.043269131158906356,0.0179808588800612,-0.09105499286790077,-0.09178174979480273,0.003307062770442031,-0.1359370143996685,0.2020543633306505,-0.007933763118679726,-0.09226944194311852,-0.207254819147495,0.13918032656248755,-0.21097785463267696,-0.06791511606595001,0.10579253958514293,0.06894628214425169,0.23656575476735012,0.20040162882802476,0.026874068643466757,-0.025286678513654584,0.04133270645235838,-0.01657356421678394,-0.06369004454573708,0.1799329024854768,0.07861565555546701,0.10938329255950721,-0.16557626564878197,-0.11901282184095817,-0.1193985130170772,-0.34129206543999874,-0.08203268812405869,-0.0641633928073377,-0.13160356684649652,-0.13751165440795607,0.01722860171011005,0.020108535409478122,-0.016286686482480536,-0.07192662305062596,-0.19617655730781183,-0.18047478265027214,0.08400098813441816,-0.045450995704802814,-0.24627337854313924,-0.28141111969973465
#50,0.24051829243997483,-0.028053454884491867,0.04938122066475946,-0.0033038752400608817,0.21979615743212552,0.4099881264493302,0.1559148610635195,0.2586091211181857,1.0,0.2070731299157695,0.10616388687454677,0.28566966028894963,0.14099721887974245,0.22227764983384998,-0.39600124313684865,-0.27961813386033835,-0.17874554741849882,0.22934759221923834,-0.2613392408896397,-0.17651108862131343,-0.2460948768417949,-0.19079919355481356,0.023619600124313685,-0.2051255488528875,-0.07348691917219836,0.024711329279857197,-0.14661842870689862,-0.03366510212050459,0.13451696961486664,0.4937452685095905,-0.07188518515567101,0.20204001944393532,0.0921706285013029,0.11066467977272908,0.2252595845054148,0.4058554933101706,0.0922519105260222,0.057906270669142314,0.2522452167122218,0.21760791782546676,0.24050235478806908,-0.01897218082859852,0.16577867382798492,0.09306313700802461,0.2581070850831547,0.12040417885232968,0.0138291005586147,-0.25429639251249114,-0.050850672170469124,-0.2124425248428149,-0.2910836806413311,-0.25509486887296895,0.04654909992110862,0.19593749252922568,0.045654997649196345,0.1623393285467252,-0.022639434532110383,-0.1440030600291659,0.032021930209022303,0.3007498665221653,0.12693224107292272,-0.05781701981847014,0.15564392098112184,0.07523368582106799,-0.12029580281937062,-0.10447290200734725,0.15076221820239225,0.15981480448485524,-0.24700332300042235,-0.13739052825347242,0.004833889823012375,-0.11288479468319933,-0.16782825586306369,0.17041653053255665,0.03756345177664975,0.06230187506474671,-0.034552829331654565,-0.03049829068683311,0.07192024798986366,0.008003888787065002,0.14419909314760657,0.27875750065742816,0.13836910008048514,0.09695989289897919,0.07014798109794484,0.10622604371697918,0.10916016543282678,0.30921754097968746,-0.08067480018168924,-0.04105379754400784,0.21231980492314068,0.2720812182741117,0.217655730781184,-0.08955844735395134,0.1471555275761222,-0.03591231103921459,-0.26512762074763524,-0.15936536270111323,-0.004853015005299269,-0.16510291738718136,-0.07031851397333631,0.10596944752129668,0.1737969065017651,0.0319788985488768,-0.14791256604164507,-0.1243869980635753,-0.09680529767549347,-0.04700810429599407,0.06904031429049558,0.04149527050179697,0.06988341607630948
#51,0.4571412633776666,0.36273139478360655,0.4531504753404681,0.4978093697455554,0.17321518220720541,0.1268095211532485,0.419966690307517,0.03578162229358749,0.2070731299157695,1.0,0.4784403413845038,0.1229318904445808,0.2502721354062906,0.11855859876164444,-0.13324833252316937,-0.047455952314545496,0.4925818199204711,0.024891424746392114,-0.1798516204607575,-0.12911410561881917,-0.06381595199579246,-0.13809975376327804,0.17803313437831203,-0.15640733450740701,0.15162763270087418,0.0670975145231853,0.08457314983783439,0.22938424881862154,0.1289993545250978,0.15392424834049198,0.16247001729235233,0.036669349504737464,0.011264732366980373,0.07104686466542884,0.07841324737626405,0.3048139677581302,0.09541075313374081,-0.10643163942656328,0.1835794372415112,0.12433121628190519,0.008545768951860322,0.12035477213142187,0.08998238889464415,0.12475037652702628,0.008788021260827642,0.028547522093569953,-0.05438723712835388,0.03394082349847397,-0.06698913849022624,0.007369570241216362,0.17621624206105715,0.10466574759540677,0.16308839818629522,0.1895863382447864,-0.0782235893185857,0.038132425949684835,-0.2657348452852441,-0.15802341241064954,0.0017977671349680051,0.11219788188606172,-0.1653053255663843,-0.019051869088127248,0.12006948816230904,-0.1746830399477245,0.06430523790929882,0.1160834814206823,0.19026846974635228,-0.03352485078373403,-0.05821227358573262,-0.0850225916215764,0.12250794890388798,0.2609854250173322,-0.2914343089832575,-0.10855134713002733,-0.19385284765995425,-0.19926368048195459,-0.051838806588625296,-0.17329965176230586,0.09725314569404489,-0.07019898158404322,-0.2664520396210026,0.16892476631417894,0.12258444963303557,-0.17663699607136882,0.12109268541465786,-0.12501812907904278,-0.08939110200894103,0.18834001386575716,0.0845540246555475,-0.408367267250516,0.0654686864984182,0.02794667261672338,0.1589191084477524,-0.06896381356134801,-0.050267354110718865,0.2864904493620955,0.12145925140848998,0.16821075950880157,0.04757389093864801,0.19516929770736877,0.12322195570926535,0.09376439369187738,0.01744216624564703,0.16984118129875925,-0.003206655563435839,0.08357226529815362,0.1114249057686331,-0.18397469100877367,-0.23725744886005945,-0.2339009793687096,-0.07505359035453307
#52,0.4304488839659253,0.28929388233231595,-0.06837412044083545,0.2762680394297508,-0.014034696268198806,0.21089657260795766,0.17999824685829036,0.05452908223031501,0.10616388687454677,0.4784403413845038,1.0,0.18197132816422157,0.19753603901537187,0.22919937205651492,0.2930758871295492,0.01991250229103746,0.1743387866665604,-0.1787917666090255,0.17343193427312353,0.17858776466463197,0.3672911569938401,-0.2604817952171107,0.0691200025500243,0.08831531050530325,-0.00036497222864155423,0.05617703543736901,-0.06523121548502259,0.051083361888292995,0.19853692355505265,0.1049574066252819,-0.1665420873542701,-0.13967280000637505,-0.2044211046386536,-0.044397516913833084,-0.003488752002167521,0.19558845795248986,0.20188223669006844,0.13415199738622507,0.1472304345400792,0.2199156898214186,0.0561531289595104,0.29493421734175906,0.2571332945517137,0.2521894349305517,-0.04128808102702229,0.1146474989839747,-0.2604754201563484,-0.09609607216568783,-0.31913872929101356,-0.2119500513989274,-0.1156579461147989,-0.1345249384408195,-0.2679438038393803,-0.10718867789208616,-0.31604841858648963,-0.18133700961837293,0.011398608642988629,0.05046019969877838,0.1123365394576417,0.08759492863916359,0.08111308560909722,0.18352046792945995,0.1888356748400258,0.07731992445552997,-0.19748822605965463,0.06878690562519424,0.07008741802070301,-0.09407199037365825,0.12171266007379133,0.035827841484114144,-0.05542637203260844,0.1698953693152388,-0.20638621711863192,-0.09257863239008997,0.051837212823434724,-0.05824893018511583,0.136118703631394,-0.11042561499414291,-0.06742742391763422,-0.12407780761660385,-0.33014208416673974,0.26743379897839653,0.13544135342539984,-0.11641817211070293,0.21534158372446988,0.14605901712500696,0.20695837882204815,0.1736901242339966,-0.04557212185928647,-0.46969853931420286,0.015923308019029556,0.21796013993258373,0.16562885990007092,0.21993162747332434,0.14520954027843078,0.024204511949254517,0.007006191777765382,-0.27880531361314537,-0.36101331590816726,-0.17293946082923603,-0.26948656854385644,-0.19913617926670862,-0.05913028233550351,-0.16798444485174,-0.14949039358031382,-0.19031309517168835,-0.13472734662002248,0.03244587174971512,-0.040712731793224904,0.0515949605144674,0.11483556327646248
#53,0.07103411454390425,-0.007815824494577213,-0.17836304377276097,0.11759755835172804,0.4295245001553921,0.49668098399062866,-0.00194917482807258,0.377947071058021,0.28566966028894963,0.1229318904445808,0.18197132816422157,1.0,0.6296265011275889,0.4731346970650814,0.08234825363179243,-0.3345839077528708,-0.057155607264381736,0.08883328419223996,-0.18718612786778124,0.01095394815481835,0.22838177051375022,-0.30441074516491484,0.005283331606754377,-0.08866912637761079,-0.19413335033349535,-0.27907465993035246,-0.3945732295260939,-0.3740327837499701,0.41295731099937044,0.5669963104335838,-0.20939524579843652,0.2379539242483405,-0.1855700499645387,0.12597916948895918,0.3499302727729124,0.3904517527432683,0.70708827068508,0.44809027086039416,0.5742367856943636,0.31640223445879717,0.1752822956593805,0.32005036298002215,0.5252030058411494,0.5728613663348979,-0.04542549546175362,-0.004966172333830057,-0.19759341456223253,-0.29502028066205005,-0.4988692235972874,-0.4079146379363928,-0.39450310385770865,-0.3860768672951414,-0.2769995776522245,-0.08848743714588529,-0.36858529432858655,-0.4361944074779463,-0.22622062491533124,-0.3633529632079306,0.17991855859876166,0.3659284877558989,0.15010558694387555,0.09604347791439888,0.5926208671676402,0.02380766441680147,-0.42160029962785583,-0.12631864147455155,0.46582090860553516,-0.002224896206041964,-0.06083401732422762,0.12975798675581127,-0.23900421550892906,-0.07221509455011993,0.019456685446533162,0.05903306265887847,0.13293754831100735,-0.06570137621624206,0.009109961829323686,-0.31101052681908375,0.33924885846568226,-0.02592737212026552,0.13514650686514357,0.5566862434157576,0.3147463124257903,0.39140004303166015,0.7061351991011164,0.19044537768250602,0.25382304425089053,0.3127859812413837,-0.05694363649403533,0.04608531425065145,0.41849086374104505,0.30021595518332284,0.34832694499119443,0.01805098454844648,0.1401891799281212,-0.24792451928057438,-0.08099355321980413,-0.2838910183362685,-0.3085593159559802,-0.3360740782060579,-0.33379977527910815,0.08841412394711887,0.5861501804939079,-0.08190518690881272,-0.2211843269131159,-0.22493126887615647,-0.18977440253727418,0.13332164572193578,-0.02075719784204193,-0.09371179944058841,0.007152818175298233
#54,0.13011020886292823,-0.09244475611408172,0.008547362717050897,0.09161121691941126,0.5276478416434907,0.5393827347416905,0.13510985026576033,0.19568727139430547,0.14099721887974245,0.2502721354062906,0.19753603901537187,0.6296265011275889,1.0,0.271574400943509,-0.056369881025428524,-0.14320777119906924,0.09700770585469642,-0.009173712436946665,0.017705137502091815,0.17089625385491955,0.10267991616795098,-0.10365689422977313,0.1148658448150834,0.08036242220433663,0.01039772410330786,-0.007916231701583405,-0.14804484855246278,-0.20209261369522427,0.2650861828526803,0.4398026918694069,0.08606332029102153,0.3185171608666895,0.019139526173608843,0.2806572687645929,0.28509431105515226,0.41580536939492707,0.5136418331487222,0.3681470089011786,0.403082341878571,0.3749667301516468,0.06689988763955407,0.09800859039437719,0.056310911713377265,0.21240268071305055,-0.07870012511056745,0.14868394839388313,0.049400345847046355,-0.10210934822972531,-0.3763421495111125,-0.29403533377427504,-0.14420706197355943,-0.26842033963136214,-0.20401788204543825,-0.11353664464614428,-0.2882977790882069,-0.2835101084557212,-0.3596729593828941,-0.13868466558821888,0.05775964427160946,0.2950059367753349,-0.07294982030297477,-0.07577715975105388,0.382591302823355,0.039547689438914964,-0.320635274804963,-0.23238052737690157,0.27537234339264793,0.11517025396648312,-0.12519503701519655,0.011443234068324714,-0.21129660767079186,-0.09039517407900294,-0.014635545745045383,0.05740104710373021,-0.021708675660814893,-0.10370311342029978,-0.12809250213166093,-0.37347337216807847,0.3235662089904294,0.15591167353313837,0.09781096351074596,0.39258899186382873,0.03280446891759437,0.4126672457346859,0.5184581915546382,0.04694594745356167,0.09699654949836241,0.3209667779646025,0.19521073560232372,-0.004398791925985544,0.18200001593765192,0.11267760520842464,0.22556877495238625,-0.0910533991027102,-0.10591366573962659,-0.2167823474567492,-0.18104375682330723,-0.1964474973902095,-0.18636533879463538,-0.1757269561475508,-0.2628023173345871,0.2669907322554168,0.382194455290902,0.02165767517471651,-0.14846560256277444,-0.056049534222123054,-0.2312107037270199,-0.202546836774538,-0.15064268581309917,-0.22160986221899928,-0.17229557969224393
#58,0.2665827283666297,0.11749874490991243,-0.007105005219580999,0.03809576935030162,0.04873893329295795,0.24162755301261465,0.14350261775932552,0.42322275259186065,0.22227764983384998,0.11855859876164444,0.22919937205651492,0.4731346970650814,0.271574400943509,1.0,0.026384782729960397,-0.4673971423790133,-0.11541250627545044,-0.19467682426348126,0.05017969702523727,-0.12598395078453092,0.20131166875184278,-0.4302241630740543,-0.06884268740686435,-0.5013060905736758,-0.24028879025253208,-0.43523336706802984,-0.16614523982181706,-0.1420427288447593,0.003544533783837627,0.2454637458263274,0.10130609057367577,0.3487731992445553,-0.06784020910199301,0.09649291969814087,0.33909266947700595,0.40251814900110766,0.246600100407207,0.25897090581644605,0.3099076413072062,0.06325813417909139,-0.0523759054578489,0.16381515511319716,0.225573556247958,0.4517702746854306,0.038739650487293706,-0.03743913809178494,0.02916590298751285,-0.1829180246874228,-0.22573930782777774,-0.14929436046187317,-0.17060459482504442,-0.16247001729235233,0.08355314011586673,0.06872634254795242,-0.11022320681493995,-0.26183808939428954,-0.01514076931045749,-0.43266103005044265,0.16622014678577404,0.1753077959024297,0.28690004701607313,0.2645140211492641,0.6371347289403853,0.04950234681924312,-0.04409948282319566,0.0758010662289125,0.6216513001139542,0.11702858417869295,0.1273147447186606,0.1620970762377579,0.12602698244467642,0.1310792180987975,-0.007771199069241129,0.15524866721385938,0.15468288057120544,0.019703719051072207,-0.003732598076325415,-0.08328060626827849,0.24273203228968276,-0.32729880706675485,-0.1242610906135199,0.37917586401995396,0.0299245352182263,0.18928989791933953,0.24733004486449012,0.2730183522061695,0.24983225621369204,0.1643761604602794,-0.16762584768386074,-0.17100462988787862,0.1569269019595343,0.34221326172015076,0.19544023778976644,0.042429216903473614,0.23705025938528476,-0.28031939054419114,-0.2672505159814805,-0.03509630326164046,-0.205842743188646,-0.16083640797201348,-0.10819593749252923,0.15749268860218824,0.1027341041844305,-0.03350253807106599,-0.16995433862729004,-0.17014877798054012,-0.040221852114527966,0.17007865231215485,-0.048327741873789735,-0.1201539577174095,0.0915841229111715
#101,-0.18223270565547578,0.14083943612587557,-0.4795097578273793,-0.12421965271856497,-0.28473412012208243,-0.1949366079895449,-0.12163934687502491,0.09301851158268852,-0.39600124313684865,-0.13324833252316937,0.2930758871295492,0.08234825363179243,-0.056369881025428524,0.026384782729960397,1.0,0.18259449035373618,-0.18988755986580497,-0.43191355417606325,0.28053136131453754,0.2457888739252046,0.6773980189498681,-0.03684466367570066,0.10142084166739715,0.20281937062212624,-0.05958609918000781,-0.16877335862107437,-0.06306847612141303,-0.3839109404011507,0.15945301978659485,-0.23323000422347775,-0.29463777701631216,-0.3300177704818749,-0.3664082110782618,-0.2704858593183466,-0.18517479619727625,0.08652551219628812,0.3429798627768171,0.21610659101594562,-0.04532508825474743,-0.2788834081074835,-0.13499031787646726,0.2899170445218306,0.2740925499446167,0.3066133286582888,-0.1715369474615305,-0.13683430420196194,-0.28719329981113884,0.0027619950752655613,-0.2841922399572871,0.11735530604276072,0.0009259775757237686,0.1760935221413829,-0.2401389763246181,-0.09368948672792038,-0.06823865039963663,-0.31102646447098947,0.09673039071153647,0.016785534987130347,0.0644183952378296,-0.22630668823562225,-0.10204241009172119,-0.0745276478416435,0.17861804620325286,0.16231701583405717,-0.49359226705129533,-0.10131246563443808,-0.12343711400999291,-0.3319366637713266,0.6123516802269522,0.22641825179896247,-0.2584704635466057,-0.1520005737554686,0.24645825530524587,-0.40367362876427415,0.1250165353138522,-0.28710564272565725,0.13990230219381777,-0.3637099666106193,0.1257735737793751,0.03259090438205739,-0.13037318011937302,0.06091370558375635,0.06731267282391286,-0.06619544342532015,0.2744017403915881,-0.03509470949644989,-0.07036154563348182,-0.1275203404282447,-0.1642821283140355,-0.08694626620659979,-0.1551928854321893,-0.10280741738319693,-0.12187522412322993,0.09072030217788013,0.04917084365960363,-0.16466781949015452,0.16761150379714557,-0.39853532978986206,-0.3331893632111181,-0.1621289515415694,-0.09618691678155057,-0.436337846345098,-0.12048864840743014,-0.2890388799018241,-0.004679294599526652,-0.24760895377284065,-0.016286686482480536,0.0870450796484154,0.13976045709185667,-0.059509598450860235,-0.1526317047709361
#102,-0.2593103778020384,-0.16709831140578058,-0.1199850186072086,-0.22197164691725968,-0.12646367410689383,-0.09613432253026162,0.12451609304401183,-0.2076054474894214,-0.27961813386033835,-0.047455952314545496,0.01991250229103746,-0.3345839077528708,-0.14320777119906924,-0.4673971423790133,0.18259449035373618,1.0,0.08512778012415431,-0.005892149909553826,0.14923379738463133,0.5204376479213317,-0.05403820255161807,0.6087354270095386,-0.20405613241001203,0.6875104590840632,0.19081353744152874,0.5642789407836544,-0.1103698332124728,-0.06027301197714541,0.0080851708117843,-0.10282973009586498,-0.17015515304130244,-0.23600953071583963,-0.010499725075504627,0.026027779327271714,-0.38572305142283386,-0.12108471658870498,-0.008051701742782236,0.2763301962721832,-0.3012295898445282,0.22650431511925348,0.023221158826670068,0.06539377953446118,-0.2786060929643236,-0.24732366980372783,-0.38715425256396974,0.23625018925961638,-0.32481572089983984,0.05859796476185164,0.01402194614667421,-0.11269354286033038,-0.032498466001004075,-0.03320291021523799,-0.3791551450724765,-0.46643928949947805,-0.18633186972563331,0.036704412338930105,-0.26592769087330365,0.608719489357633,-0.26740989250053787,-0.10713448987560663,-0.4244324203715067,-0.14108487596522404,-0.31334698658846594,0.24354963383244746,-0.1253862888380655,-0.03690522675294249,-0.30373020742853957,0.21553602307771996,0.3894795559770179,0.39879830104630687,0.0977838695025062,0.09036170501000088,0.16491007179912184,-0.17080062794348508,0.004484855246276566,-0.023334316155200853,0.23016519376200303,-0.023814039477563772,-0.22997872323470583,0.4706388607766418,-0.05777558192351521,-0.3578002852839691,-0.04777789288304154,-0.28405039485532596,-0.1672274063862171,-0.33369936807210193,-0.2705814852297811,-0.20531042561499413,-0.014192479022065678,-0.027798452453999953,-0.38977599630246473,-0.3879096972643021,-0.3066818605614835,-0.06364223159001985,-0.30598379140801185,0.228644741770195,0.43224665110089333,-0.09017523448270366,0.0009371339320577899,0.10365530046458256,-0.3362940178023572,-0.2273282917227805,-0.1395468925563197,-0.0574329224075417,-0.06986269712883202,-0.011412952529703799,-0.24482942728047877,-0.22858895998852488,0.007978388544015811,0.04566137270995864,-0.132983767501534
#201,0.31164484536493237,0.29036967383595375,0.5117819091713218,0.31888532062571223,0.32800803257656047,0.1127238243989513,0.3039326156077425,-0.1999505932790922,-0.17874554741849882,0.4925818199204711,0.1743387866665604,-0.057155607264381736,0.09700770585469642,-0.11541250627545044,-0.18988755986580497,0.08512778012415431,1.0,0.26439130122958987,-0.21772904397995044,-0.09586816374343568,-0.2586505590131406,0.13513056921323782,0.1316912239319781,-0.0009546653491541091,0.26715807760042715,0.2687343113739053,0.00947493405796524,0.1427041413988477,0.23428348301444749,-0.07891050211572329,0.15333296145478886,-0.05072954601598546,0.03456398568798859,0.1239614627576919,-0.2648232115962355,-0.12524922503167607,-0.008074014455450279,-0.1746192893401015,0.008910741180501877,0.21281546589740932,-0.12278048275147622,-0.2294942186167712,-0.035603120592243145,-0.16028974651164643,-0.023013969351895387,0.10544191124321654,-0.09066930169178175,0.10460518451816495,0.11911482281315494,0.014434731331032999,0.1095267314266589,0.12660551920885496,0.11752105762258047,0.007173537122775702,-0.10575907051614086,0.14191363386432276,-0.26523599678059434,-0.09940154117093929,-0.18646893353202273,-0.06030807481133805,-0.11761508976882436,0.056887854712365224,-0.18193945286041008,0.03256699790419877,0.10244244515455538,0.11587788571109818,0.037177760600530727,0.15737474997808573,-0.11949254516332108,0.002599431025826965,0.12759205986182057,0.30881113085609097,-0.22337575405015578,0.05556662336937899,-0.35370271497900213,-0.10449202718963416,-0.145545824733642,-0.09168771764855883,0.1819824845205556,0.25546143486680106,-0.24229055933189364,0.024791017539385923,0.14878276183569875,-0.16045868562184734,0.12948385914303245,-0.1520260739985178,-0.03138601789798309,-0.06909450230697511,0.17929858393962816,-0.1940313493612986,0.10142721672815944,-0.15671652495437846,0.07107714620404976,-0.020309349823490506,-0.2672106718517161,0.444203077560583,0.3005490521081529,0.4005562240515105,0.2415685837005634,0.17935117819091714,0.00417247726892397,0.24998047637641546,0.12372877303986804,0.3062929818549833,0.12727330682370566,0.15169935213445004,0.15393381093163544,-0.0902230474384209,-0.16596673812047272,-0.162987990979289,-0.07844990397564727
