,#10,#11,#12,#13,#17,#18,#26,#49,#50,#51,#52,#53,#54,#58,#101,#102,#201,#202,#301,#302,#401,#402,#501,#502,#601,#602,#701,#702,#801,#802,#901,#902,#1001,#1002,#1101,#1102,#1201,#1202,#1301,#1302,#1401,#1402,#1501,#1502,#1601,#1602,#1701,#1702,#1801,#1802,#1901,#1902,#2001,#2002,#2101,#2102,#2201,#2202,#2301,#2302,#2401,#2402,#2501,#2502,#2601,#2602,#2701,#2702,#2801,#2802,#2901,#2902,#3001,#3002,#3101,#3102,#3201,#3202,#3301,#3302,#3401,#3402,#3455,#3501,#3502,#3601,#3602,#3701,#3702,#3801,#3802,#3901,#3902,#4001,#4002,#4101,#4102,#4201,#4202,#4301,#4302,#4401,#4402,#4501,#4502,#4601,#4602,#4701,#4702,#4801,#4802
#10,1.0,0.18826510690180015,0.38758456916542483,0.2742136760991003,0.19133151112846544,0.28648726183171436,0.08704826717879655,0.6243208568081664,0.13310967495158937,0.40057853676417854,0.5862792754743443,-0.06353066802667963,0.10352301795376487,-0.18767222625090646,-0.3137725218943493,-0.07892643976762903,0.2003442532811641,0.22489461227677326,-0.12038345990485222,-0.1321231342986238,-0.016753659683318857,-0.09545537855907689,-0.13486122289603072,0.139639330937373,0.009830343695463347,0.04532986955031915,0.13370096183729252,0.18474288583063056,0.11726127389651683,0.04903856114878595,0.1530428961901043,0.040189976810716475,0.15850154196782187,0.12952848456836855,-0.12625170333654742,0.14553944967287968,-0.19371259632318372,0.014527169712086318,-0.32218600833539196,-0.05473627170508969,-0.17515001314856282,-0.12362199077209955,-0.4032480934583908,-0.24384448039270373,-0.15644877240236196,0.180846129939676,0.19843173505247472,0.1645801624046729,0.23230562041294456,0.149216265967535,0.06623210002470337,0.1445847843237256,0.24402776338961982,0.05270900238267896,-0.2730183522061695,-0.3112320601805736,-0.29569603710285364,-0.16415303333359896,-0.25536262142498545,-0.1746192893401015,0.16170501000087656,0.15624955175354016,-0.0702005753492338,-0.0933691399246149,0.21666759636302785,-0.10047255137900533,0.09092589788746425,0.05533233988636454,-0.04447242387779009,-0.27277769366239274,0.10905657069543945,0.12435352899457323,-0.11348883169042705,0.16327168118321128,-0.27857740519089325,-0.03178286543043613,-0.06708317063647012,0.0008829459155782578,-0.23119157854473302,0.1380041278518436,0.010941198033293754,0.30410474224832457,0.10666273537919659,0.005986182055797719,0.11204009913219486,-0.17304464933181393,-0.28299850982954683,0.08455721218592865,-0.015026018216736128,-0.0018886117508307501,0.09665229621719831,-0.09108049311094997,-0.06039732566201022,-0.19439791535513073,-0.2806014869829228,0.13991186478496123,0.3405955900517177,0.17992333989433337,0.25029922941453037,0.2797089784762011,0.26085314250651453,0.3159145423104814,0.17301755532357418,0.2817553729808987,0.08883169042704939,0.198288296185323,0.1799153710683805,0.1492481412713465,-0.12493047199356119,-0.06291228713273674,-0.07031213891257401
#11,0.18826510690180015,1.0,0.3236570536062922,0.2891121931005905,-0.06377929539640925,0.13734430906294576,0.3012391524356717,0.10185912709480512,0.4982157798691519,0.44619847157918224,0.18360174995417924,-0.0915283411295014,0.14584864011985113,0.0991385699144945,-0.22847739642518466,-0.04152395827522731,0.050763015084987526,0.12043924168652233,-0.22400210377005156,-0.19600761819761095,-0.25640175632924,-0.38869701726844585,0.038336427894078366,0.1722860171011005,-0.15793097402959622,0.014458637808891617,0.17636446222378058,0.3557124528843166,-0.005614834766393868,0.03160276996390122,-0.00824932862641347,-0.09289260413263314,-0.06989935372821522,0.23005044266828167,-0.06030807481133805,-0.02659356596992565,-0.44787033126409487,-0.11938257536517145,-0.32116599861342426,-0.05116942520858402,-0.2592673461418929,-0.15042274621679988,-0.2680521798723394,-0.22008144140123836,0.4564527568153384,0.25523830774012063,0.11335654917960937,0.3663189602275897,0.20291977782913243,0.2605296081728279,0.3203723035485182,0.15761222099148134,0.13192710118018314,-0.018274111675126905,-0.35636270908207096,-0.4207763230243288,-0.11333104893656018,-0.06313222672903601,-0.243154380065185,0.11241622771717043,0.21756488616532127,0.10917132178916081,0.3255121962881209,-0.06015826088342405,0.39423375754050155,-0.1640191570575907,0.1473133103299891,0.23823761445226274,-0.33301723657053606,-0.181520292615289,0.02893002573930783,0.22921052841284895,-0.005202049582035078,-0.006387810883822486,-0.011959613990070842,-0.021906302544446126,-0.0528747539624987,-0.06077345424698579,-0.021318203189124148,0.16814541513598802,-0.09604666544478002,0.1944186343026082,0.001871080333734431,0.20955143478711283,0.11428571428571428,-0.01963837467825865,-0.24534261967184376,-0.005782180111404187,0.042886627513168483,-0.0359617177601224,0.08353401493357984,-0.13912135725043628,0.5255823219565061,-0.38532461012519026,0.028622429057526953,0.04846002438460741,0.16997027627919578,-0.04838989871622214,-0.02560543155176948,0.18898867629832097,0.14679693040824296,0.0757755659858633,-0.06860999768904047,0.014806078620436851,-0.1577381284415367,0.09402098988755987,-0.200449441783742,0.05307716214170166,0.10188462733785432,-0.017287571022161306,-0.014170166309397636
#12,0.38758456916542483,0.3236570536062922,1.0,0.40974109284479115,0.12777374909354605,0.403456876698356,0.12912207444477206,0.18513176453713073,0.1565953987998948,0.5254213516722581,0.43233749571675606,0.07521137310839994,0.31228872650192446,0.07182621584361976,-0.44287547115683445,0.028856712540541403,0.4368366948497478,0.7884276709512388,-0.41858808341767006,-0.348927794468041,-0.27824430826606317,-0.31452796659468163,-0.14503422610746758,0.1664098048434524,-0.1622580465220059,-0.1718987321597909,0.2515885854537051,0.3969033142347138,0.15558017037349886,0.08981344978444326,0.2678338340412307,-0.045277275299030195,0.36453872450971797,0.28386392432802876,-0.1449146937181745,-0.24167217843795075,-0.3147192184175505,-0.12889575978771048,-0.44605184518164936,-0.11963439026528222,-0.1776490369673836,-0.3862904318306784,-0.37385746957900695,-0.4217692387380567,0.1108384001785017,0.14110240738232036,-0.07485277594052069,0.1763246180940162,0.4374232004398792,0.37409812812278365,0.14643355194479196,0.28138721322187604,0.4343137645530684,-0.05996382153017396,-0.3934145622325463,-0.42761038816151214,-0.302338850417168,-0.245101961128067,-0.08261600618380895,-0.040542198917833436,0.3320785088732877,0.19427838296583763,-0.05951437974643196,0.006324060276199507,0.3718748256819323,-0.18933452334467563,-0.007183099713919149,0.26521049653754514,-0.3724230809074899,-0.34149606738439225,0.3201714891345058,0.3458327024679454,-0.010745164914853094,0.2499151320036019,-0.28385276797169473,0.04377276095912789,0.12683183386591654,0.119522826701942,-0.11958657730956498,0.3656177035437369,-0.056840041756647995,0.21820079847636048,-0.04144586378088916,0.21978181354541035,-0.035338555570607784,-0.016901879846042283,-0.2718867789208616,0.04278143901059057,0.1759070516140857,0.030423383722876108,-0.059570161528102065,-0.16122050538294194,0.22496473794515853,-0.21256365099729857,-0.3064427957828973,0.5672704380463627,0.6038266302225693,0.37647124449154906,0.22373275745284446,0.30612244897959184,0.4233964729976333,0.5506825299428635,0.3974085378001259,0.44126417454916367,0.3984078285746161,0.33240682450254605,0.4187538349974898,0.08446477380487533,-0.06488855596904908,-0.04740017053287539,0.0034441265768314355
#13,0.2742136760991003,0.2891121931005905,0.40974109284479115,1.0,-0.026937819251089738,0.3253400696475388,0.19905649100717993,0.041785335766481524,0.1901553124178215,0.7350827562575206,0.22934281092366662,0.1317151304098367,0.2265218465363498,0.12131740630652886,-0.1553411055949127,-0.16430444102670352,0.29972188797424476,0.14925611009729936,-0.10377642661906622,-0.003091904469714477,-0.02514323964650288,-0.1834726549737427,0.01966546868649842,0.06870881113085608,0.048179521711066306,0.05182924399748185,0.09975216951286567,0.20381069257066356,0.03368422730279148,-0.08759333487397301,0.1901792188956801,0.0647132417980859,0.23659444254078046,0.2647084605025142,0.05857405828399302,-0.10228784993106965,-0.10206472280438923,0.06955510044705114,0.03264987369410865,0.048962060419638374,-0.11426340157304625,-0.3031102327694061,-0.31750830750105585,-0.1523304831499175,-0.14940911155559453,0.11175322139789144,-0.014758265664719617,0.17029859190845412,0.1652112934201404,0.17490457330921436,0.20947971535353696,0.28997760759907243,0.1856720509367355,0.0786347807377539,-0.01056506944831818,-0.2431097546398489,0.01746447895831507,0.0472248563619122,0.08405198862051654,-0.026893193825753652,0.3688004526293141,0.3222449776474432,-0.010372223860258668,-0.1356294177178876,-0.031475268748655263,0.08267019420028847,-0.043830136505988576,0.08729370701814501,0.007900294049677662,-0.07643538477476114,0.18771844544143312,0.04474495772537832,0.04744160842783033,0.13167688004526293,-0.08741483317262867,-0.10666273537919659,-0.00012590745005538334,0.08001976268836312,0.06933197332037071,0.1517328212034521,-0.1798962458860936,-0.06253775231295174,-0.13353361649228218,-0.20324331216281905,-0.16530373180119373,-0.01877933524053901,-0.07768489668417151,0.1823315190972914,0.18018471738558758,-0.22774904573309215,-0.22922805982994526,-0.2714931189187897,0.007120942871486744,-0.28365035979249176,-0.234112950139056,-0.006822908780849317,0.17622102335662887,0.033859541473754674,0.2208910741180502,-0.027578512857700674,0.14626780036497222,0.39332212385149296,0.22443242037150665,0.2745467730239304,0.1914143869183753,0.17927945875734128,0.1152403796348684,0.3008901178589358,0.11139462423001219,-0.15354493222513527,-0.06111451999776873
#17,0.19133151112846544,-0.06377929539640925,0.12777374909354605,-0.026937819251089738,1.0,0.531163687653898,0.022202742869892978,0.37683621672019063,-0.045879718541067344,0.1070548016160779,0.2677238642430811,0.31673692514881785,0.37785782020734887,-0.1529058323837149,-0.2433536007140068,-0.08395158141351035,0.35335368040226633,0.10038330052833316,-0.2854895648224147,-0.0470065105308035,-0.27403676816294653,-0.2673716421359641,-0.07788092980261219,-0.1662791160978253,-0.23063694825841308,-0.4470877925555228,-0.1608985648144459,-0.24006885065623282,0.07166524555937173,0.2911569938400975,0.12812118990509128,0.10801265449561316,0.0689510634398234,-0.10148140474463897,-0.08059511192216051,0.14855007211787488,-0.0395891273338699,-0.09095299189570401,-0.3330841747085402,-0.191535513072859,0.18597486632294463,0.055098056403350096,0.11827331479253161,-0.03319812891966627,-0.14637139510235958,0.16618667771677198,0.2637745141008375,-0.24634828550709623,0.16831754177657005,-0.07336260548733355,-0.18219604905609257,-0.19014893735705918,0.107473961861199,-0.31878810094908716,-0.33752121699909954,-0.25014304042585406,-0.21755213604379667,-0.06619703719051072,-0.21092366661619744,0.029543625337679,0.20835770465937253,0.1947931691223932,0.05624716110575429,-0.07355704484058363,-0.17424953581588826,0.14724477842679437,-0.021142889018160953,-0.12519663078038712,-0.13686458574058283,0.006618906836455785,0.15421431360517654,0.0035317836623130314,0.42498226936225486,0.4366725370351186,0.10867087951932042,0.3110328395317518,0.2015857963646216,0.10533353521025747,-0.07910175393859223,0.17589748902294225,-0.10259225908246938,0.5894572432643499,0.03866952481890843,0.21615599773685343,0.4522452167122218,0.2574042346341114,0.17741315971917856,-0.03654981711544438,0.3418817585605113,0.4878578998956084,0.2863007913044171,0.14331455346683772,0.1345265322060101,-0.08974651164643913,-0.0475866410601726,0.1267967710317239,-0.05906334419749938,0.24526771270788675,-0.06459211564360223,0.3384854449393971,-0.1718413566129302,0.23695941476942203,0.2323534333686618,0.2378519232761437,0.15200535505104032,0.22294543744870068,0.11548900700459801,0.27856784259974976,0.0689016567189156,-0.21462120185833022,-0.11978898548876794
#18,0.28648726183171436,0.13734430906294576,0.403456876698356,0.3253400696475388,0.531163687653898,1.0,0.07613894444931428,0.05906175043230881,0.07978707297053925,0.25267712707886747,0.19654631083202512,0.4984532508825475,0.5330522994047286,0.03293675142841205,-0.4129381858170836,-0.09929157137278964,0.4775765206512125,0.4784228099674075,-0.3708181593605814,-0.25858840217070816,-0.42166723776585996,-0.3154348189881185,-0.005155830391508419,0.019421622612340525,-0.1989560838001737,-0.16547107714620404,-0.1810692570663564,-0.006719314043461977,0.1980842942409295,0.29804843452414154,0.04536493238451179,-0.03169202081457339,0.26656200941915226,0.22241630740542995,-0.24593071902716573,-0.05748392289364008,-0.2761389444493143,0.2394026568065727,-0.3100574552351202,0.10518372128234348,-0.05021157232904876,-0.1882443879543227,-0.2177864195268111,-0.10304329463140195,-0.05934703440142164,0.24313047358732637,0.18811688673907673,-0.010840790826287564,0.19427041413988477,0.014783765907768809,0.0634701049494378,0.14846879009315558,0.37423041063360135,-0.08998238889464415,-0.3475619376997187,-0.36536110734805444,-0.31759596458653744,-0.10639976412275179,-0.05130648901497342,0.12930376367649754,0.39906445983313277,0.2408752958426635,0.11475746878212433,0.02415191769796556,-0.05487811680705082,-0.16195044984022505,0.057504641841117546,0.1869948760449123,-0.16307564806477062,-0.09557331718317941,0.275705440317478,0.12266732542294544,0.1649801974675071,0.34847516515391785,-0.1315047534046809,0.045651810118815195,0.08832168556606555,0.1295938289411821,-0.0722358134975974,0.4957087872243782,0.11214210010439161,0.5524340778873048,-0.19820860792579428,0.3076811513359737,0.25600809632716814,0.23328100470957613,0.06922678481779279,0.0680840551761509,0.2838989871622214,0.22568671357648878,0.21363784873574576,-0.09642279402975559,0.22176126991210385,-0.13244507486711982,-0.17488066683135572,0.3570273091665405,0.33958195539051234,0.31497422084804244,0.1865518093219326,0.2983655937970659,0.05224202918184064,0.4849142155886173,0.43268653029349186,0.24017244539362015,0.1702746854305955,0.2450892110065424,0.23957478344715474,0.3304002741276128,0.08474846400879758,-0.14411462359250612,-0.060556702181067665
#26,0.08704826717879655,0.3012391524356717,0.12912207444477206,0.19905649100717993,0.022202742869892978,0.07613894444931428,1.0,0.012353273992142737,0.2402377897664337,0.4918646255847126,0.17245814374168253,-0.27215931276844985,0.023890540206711344,0.5129214512825825,-0.24454095578098478,-0.08573659842695376,0.036647036792069425,0.045360151088940065,-0.1759309580919443,0.02466192255894939,-0.15658424244356078,-0.1496035509088446,-0.0925834136856617,0.02360366247240794,-0.15283570671532962,-0.10043908231000327,-0.13532819609686905,0.20165751579819746,-0.28885240937452683,-0.3050434699455729,0.02633218847867144,-0.20979528086127072,-0.08700364175346047,0.11332467387579788,-0.005127142618078079,-0.13608364079720134,-0.02475117340962156,-0.057649674473459825,-0.257461610180972,0.05120767557315781,-0.16140060084947686,-0.1833547163496402,-0.1895672130624995,-0.054809584903856116,0.22663181633449944,0.06083082979384647,-0.026456502163536247,0.19287268206775096,0.20906214887360644,0.09622357338093379,0.013682474161081848,0.04793726940209899,-0.010424818111547626,0.04047047948425758,-0.15399437400887728,-0.17726972085202686,0.0807895512754106,0.1396887376582808,0.14128887790961758,0.13843285068810812,0.25961638071862875,0.19985815489803888,0.22845827124289778,0.19216823785351705,0.10606826096311231,0.10217947389811059,0.29889791137071775,0.29714795719146697,-0.0818191235885217,-0.043938512538947636,-0.005496896142291356,0.03578799735434978,0.06867056076628231,0.056224848393086245,0.23046322785264048,0.27873200041437896,0.10961916980771223,0.062067591581732265,0.17684418554614348,0.06702420132441887,-0.32509941110376206,-0.2764066970013308,-0.21472957789128927,-0.03296384543665182,0.3412809090836647,0.012169990995226674,0.178984612197085,-0.26018535489166383,-0.13562304265712533,-0.18237455075743692,0.23879224473858265,0.07097673899704357,0.2097761556789838,0.15057574767509502,0.3472256532445075,0.03235821466423352,0.10197069065814533,-0.17309883734829348,-0.10465937253464447,-0.20730581963359337,-0.19413653786387652,-0.03704229055933189,-0.13260604515136784,-0.24201643171911483,-0.3807409414370981,-0.15164357035277992,-0.2653507478743157,0.30992517272430253,0.3567770880316203,-0.09552709799265274,0.10150690498768816
#49,0.6243208568081664,0.10185912709480512,0.18513176453713073,0.041785335766481524,0.37683621672019063,0.05906175043230881,0.012353273992142737,1.0,-0.01322028225581525,0.18288933691399245,0.48139358828263834,-0.004438636055749907,0.048730964467005075,-0.22587318410378598,-0.12656089378351887,0.008815115269067409,0.007065161089816637,0.06457617799169649,0.016128903728613662,0.01735291539497486,0.03286821952521735,-0.041785335766481524,-0.14603511064714836,-0.046697320083832046,-0.08243431695208345,-0.15499207101817689,0.14159009953063614,-0.029400186470527296,0.14348030504665749,-0.012815465897409334,0.16109619169807712,-0.08139518204782889,-0.016943317740997218,-0.14181003912693543,-0.010120408960147901,0.12372877303986804,-0.05387723226737005,-0.28542422044960114,-0.19019037525201413,-0.31925029285435375,0.042920096582170546,-0.03680322578074572,-0.0941309596857095,-0.22390966538899823,-0.12789965654360144,0.0339264796117588,0.17515320067894397,-0.08866115755165792,0.12632501653531386,0.04684075895098375,-0.13662233343161553,-0.10562838177051374,-0.03297818932336699,-0.13843763198367984,-0.13908629441624365,-0.1663237415231614,-0.1595677708803162,-0.25262931412315026,-0.4565467889615823,-0.3007482727569747,0.018812804309541076,0.06205962275577939,-0.14588689048442494,0.06355776203491939,0.1856911761190224,-0.005248268772561738,-0.17637880611049575,-0.27688323279331256,-0.054662958506323266,-0.3038385834614986,0.049048123739929395,-0.09853134537688563,0.1253097881089179,0.2161018097203739,0.06459849070436452,0.15932551857134888,0.08395158141351035,-0.01089338507757652,-0.11387452286654608,-0.09643235662089904,0.017391165759548646,0.3956729275075903,0.13747659157376343,0.11498059590880476,0.2331901600937134,-0.11630660854736272,-0.24359425925778355,-0.03524930471993561,-0.016022121460845175,0.22051175800269346,0.07817577636286846,-0.012173178525607823,-0.05188183824877081,-0.1661723338300568,-0.2741594880826208,0.0007395070484265553,0.09641641896899329,0.005649897600586506,0.08642032369371021,0.12938504570121684,0.12932767015435617,0.14202041613209127,0.06484871183928471,0.1493485484783527,0.05493389858872092,0.08991863828702118,0.03244268421933397,0.06316091450246634,-0.0947557156404147,-0.117799966530931,-0.26057582736335455
#50,0.13310967495158937,0.4982157798691519,0.1565953987998948,0.1901553124178215,-0.045879718541067344,0.07978707297053925,0.2402377897664337,-0.01322028225581525,1.0,0.3871191897297771,0.141298440500761,0.0216082684538087,0.1485102279881105,0.208303516642893,-0.16702181067663302,0.00613599598371172,0.22664616022121462,0.08176812310242332,-0.004656981886858609,-0.06565834455609655,-0.2779462741754257,-0.2317541776570058,0.0844663675700659,0.1592617679637259,0.008929866362788771,0.0986636278877033,-0.2246172971336133,0.04286750233088159,-0.10895138219286153,-0.051457896708078,-0.06759955055821626,0.008051701742782236,0.001904549402736495,0.15423822008303517,-0.036240626668472935,0.05551562288328061,-0.10849397158316665,0.25814692921291904,-0.07130983592187363,0.06522324665906971,-0.14271529775518174,-0.12009817593573939,-0.10393739690331423,-0.06126114639530158,0.028110830431352547,0.06105076939014575,-0.2049072030217788,-0.029973941939134108,-0.04576496744734598,-0.12087274581835858,-0.07218481301149901,-0.12304982906868331,-0.09618054172078827,0.1428045486058539,-0.21756010486974953,-0.0356620899042944,-0.06869924853971264,0.039703878427591266,0.13692993011339638,0.1145534668377308,0.24445489246069377,0.3011594641761429,0.39676943795870556,0.03805911275091841,0.07340723091266964,-0.07335782419176183,0.3108192749962148,0.20507932966236084,0.09791774577851445,0.18363203149280016,0.06259034656424069,0.14599048522181227,-0.11077943086645045,0.09000151407693105,0.06923475364374566,0.039437719640765326,-0.045596028337145086,0.11914510435177585,0.06687438739650488,0.23850217947389812,-0.05334013339814645,0.07394432978189323,-0.09388233231597988,0.07977272908382409,0.18764513224266668,0.1738973137087713,0.27364948322163696,-0.11749715114472185,0.15157344468439465,-0.1541059375722175,-0.014587732789328149,-0.06398010981042163,0.037520420116504236,-0.059893695861788686,-0.009433496163010304,0.03126489174349943,0.24478161432476153,-0.03241399644590363,0.03231358923889743,-0.14966730151646757,-0.118174501350716,-0.005246675007371164,-0.019090119452701032,-0.16849285594753324,-0.203434563985688,-0.0841667397142379,-0.1910796962283547,0.2279147973129119,0.23094613870538452,-0.1426372032608436,0.22257887145486854
#51,0.40057853676417854,0.44619847157918224,0.5254213516722581,0.7350827562575206,0.1070548016160779,0.25267712707886747,0.4918646255847126,0.18288933691399245,0.3871191897297771,1.0,0.41467538987480973,0.021791551450724766,0.2618349018639084,0.23949509518762602,-0.26156396178151076,-0.08255066181099538,0.4010136346612054,0.2518149001107667,-0.19834726549737428,-0.09865087776617872,-0.11090215078612468,-0.2899855764250253,-0.13605973431934273,0.11459171720230459,-0.058693590673286104,-0.1619775438484648,0.08718214345480481,0.24070157543689089,0.015067456111691064,-0.1534939317390369,0.1503462454876523,-0.040389197459538284,0.16821872833475443,0.2008941022719123,0.010523631553363243,-0.15793416155997736,-0.09043023691319559,-0.02679916167950976,-0.22353353680402266,-0.07122536636677318,-0.07754464534740096,-0.34290814334324127,-0.3165026416658034,-0.20830829793846473,-0.09956410522037788,0.01770991879766354,-0.051116830957295065,0.16112647323669804,0.2684155583357904,0.1474806556749994,0.1298679565539609,0.18538676696762266,0.12596163807186286,-0.05412585963709966,-0.18757181904390027,-0.27486074476647354,-0.09993385874459115,-0.10162803114217182,0.006711345217509104,-0.0757883161073879,0.3638502179473898,0.3901473435918686,0.05348357226529815,0.00859836320314928,0.11765493389858872,0.1009618372925117,0.14560320028050266,0.1389205428364239,-0.11685645753811091,-0.15128975448047238,0.1992206488218091,0.136878929627298,0.028117205492114848,0.20995625114551872,-0.024234793487875432,0.022750998095450597,0.05382463801608109,0.037286136633489786,0.02443082660631609,0.19218736303580394,-0.23564774601757923,-0.041004390823100034,-0.015515304130242491,-0.038161113723115175,0.10356923714429153,0.0015029205747117277,0.022867342954362532,-0.04021388328857509,0.11516069137533967,-0.14597136003952538,-0.11776649746192894,-0.20137541935946576,0.10528412848934966,-0.16366693495047374,-0.22536317924280216,0.0887185330985186,0.23749491987345506,0.08152746455864658,0.12697686649825882,0.004537449497565523,0.059740694403493534,0.38797185410673446,0.17710078174182597,0.17245017491572967,0.0734534501031963,0.14104184430507855,0.03041700866211381,0.3518778538357944,0.11121612252866785,-0.1645929125261975,-0.012322992453521822
#52,0.5862792754743443,0.18360174995417924,0.43233749571675606,0.22934281092366662,0.2677238642430811,0.19654631083202512,0.17245814374168253,0.48139358828263834,0.141298440500761,0.41467538987480973,1.0,-0.1475619376997187,0.10344811098980787,-0.1922080819832814,-0.2168062539346078,0.010847165887049861,0.2704874530835372,0.26591015945620733,-0.06585915897010894,0.005506458733434803,0.1073113978117604,-0.061420522914359024,-0.10966060770266717,0.19899433416474752,0.12714899313884084,0.008805552677923961,0.057131700786523125,0.033188566328522816,0.16041565396170182,0.10134115340786842,0.2601869486568544,0.05714285714285714,0.14447481452557595,0.08085330188303358,0.1691765812142897,0.2221326172015077,0.16324618094016208,0.008770489843731324,-0.1925268350213963,-0.03115492194534979,-0.17376981249352533,-0.16789360023587724,-0.017921889568009945,-0.11861916183888628,-0.10578457075919005,0.2855533154300377,-0.025868402808214265,0.009412777215532835,0.22910852744065216,0.1495732693702237,-0.05246356254333049,-0.0017117038146769836,0.07526396735968889,-0.06200065344372813,-0.1392090143359179,-0.28986285650535104,-0.16709353011020886,-0.10624198136888492,-0.15169775836925944,-0.14203794754918758,0.11865900596865064,0.22821601893393045,0.08538278255464622,-0.04822414713640239,0.15025540087178957,0.02942568671357649,0.06821315015658742,-0.022432245057335702,-0.045452589469993386,-0.09468877750241057,0.19296830797918543,0.15508132186884907,0.08001179386241025,0.2734646064595303,-0.13211835300305205,0.10290463705982197,0.007415789431743021,-0.08988676298320969,-0.01511208153702715,0.2468503215421272,-0.16394265632844313,0.19070038011299795,0.07202703025763214,0.08155137103650519,0.10600451035548933,-0.23959231486425106,-0.32546438333240363,-0.023723194861701026,0.014764640725481915,0.061600618380893944,0.06271147271872435,-0.025739307827777735,-0.10986142211667956,-0.2987130346086111,-0.2831658551745571,0.1480910677429894,0.27888659563786466,0.09056251942401326,0.005445895656192973,0.25396967064842335,0.03120114113587645,0.2274589804684076,0.21708356907776777,0.3724406123245862,0.03729729298982381,0.18245264525177507,0.10688108121030529,0.25411629704595623,-0.019055056618508395,-0.2472997633258692,-0.07135764887759087
#53,-0.06353066802667963,-0.0915283411295014,0.07521137310839994,0.1317151304098367,0.31673692514881785,0.4984532508825475,-0.27215931276844985,-0.004438636055749907,0.0216082684538087,0.021791551450724766,-0.1475619376997187,1.0,0.6667118233470662,0.05214959080078732,0.023562224577453005,-0.12343870777518348,0.26160061838089393,0.17934799066053597,0.06661619743563181,-0.18114257026512284,-0.2625680338515726,-0.1650566981966547,0.10704205149455331,0.06720748432133494,-0.13921060810110847,-0.08514849907163177,-0.15744009435089928,-0.1614165385013826,0.3784666385101483,0.1732789328148284,0.13117165647985082,-0.012745340229024057,0.16397453163225462,-0.11133406115277036,-0.033276223414004415,-0.006194965295762975,-0.07069304879312131,0.035716277920773934,0.13699527448620993,0.07611344420626509,0.37795982117954563,0.059480910677429895,0.117125803855318,0.044729020073472577,-0.12580066778761484,-0.07536278080150452,-0.0631641020328475,-0.1681406338404163,-0.1375164357035278,-0.20602921371594324,0.09570081839842536,0.11014351855541123,-0.015448365992238363,-0.20964706069854727,-0.02428420020878324,-0.0579317709121915,-0.11298679565539609,-0.14196622811561171,-0.09913378861892277,-0.08090270860394139,0.17928742758329416,0.24313206735251697,-0.05867924678657094,-0.10518690881272462,-0.14172078827626325,-0.1413924726470049,-0.026754536254173674,-0.12812915873104416,-0.0680218983337185,-0.13601670265919721,0.014802891090055703,-0.18947636844663676,0.17691749874490992,0.0947684657619393,-0.030909482106001324,-0.15317995999649373,0.13572026233375037,0.050012351680226955,0.031857772394393136,0.16794300695678505,0.29843412570026057,0.3914335121006622,-0.23796348683948393,0.3331590816724972,0.12842400529130044,0.2882499661324897,0.1197539226545753,0.09450390074030393,0.09497565523671397,0.29404170883503733,-0.07119827235853342,-0.2487229956410522,-0.017638199364087687,0.03651475428125174,-0.2393213747818534,0.06750073711640064,-0.023441098422969344,0.28785311860003665,0.114065774689415,0.17597398975208983,0.10186231462518627,0.2820645634278702,0.24353050865016057,0.1554462940974906,0.1721298281124242,0.17462088310529209,0.15777159751053876,0.10808756145957016,0.009427121102248005,0.027866984357194653,-0.04558487198081107
#54,0.10352301795376487,0.14584864011985113,0.31228872650192446,0.2265218465363498,0.37785782020734887,0.5330522994047286,0.023890540206711344,0.048730964467005075,0.1485102279881105,0.2618349018639084,0.10344811098980787,0.6667118233470662,1.0,0.0008446955510044705,0.05109133071424587,0.04638653587167003,0.4660982237486951,0.314653874044737,-0.04906565515702572,-0.16879726509893297,-0.32940895217907545,-0.300368956641618,-0.06758361290631051,0.10097936870960801,-0.1875813816350437,-0.23444285953350494,-0.1285132561419726,-0.09335001474232801,0.4304345400792101,0.1485676035349712,0.13241319956330833,-0.13542700953868467,0.1324530436930727,-0.01642693781925109,0.06330594713480862,-0.03729410545944266,-0.19404091195244205,0.010082158595574113,-0.24232243463570513,-0.04857636924351935,0.21707719401700548,-0.030303851333583022,-0.11632095243407789,-0.0715425256396975,-0.1430420196192495,0.036938695821944555,-0.00920080644518643,-0.14498481938655977,0.11622532652264342,-0.013218688490624676,0.18729291013554972,0.14348030504665749,0.1470933707336898,-0.21296687359051392,-0.15435137741156596,-0.3214528763477277,-0.28054889273163386,-0.191247041573365,-0.15050562200670975,-0.23137167401126793,0.28172987273784955,0.1681278837188917,0.08498593502219318,-0.03607487508865319,-0.07205093673549076,-0.16403987600506817,0.05827124289778387,0.10342739204233041,-0.019318027874953184,-0.24883774673477357,0.1994374008877272,0.08290447768330292,0.3426627035038928,0.10918247814549482,-0.1266708635816685,-0.18859820382663023,0.005745523512020974,-0.09162715457131701,0.18186135836607192,0.2705416411000167,0.015105706476264852,0.45493708611910205,-0.16492122815545585,0.5681677278486561,0.136268517559308,0.18443688291404028,0.008239766035270024,0.05483667891209588,0.06002279084222521,0.20123994931826694,-0.09944935412665652,-0.36170501000087657,-0.00024703360453904325,-0.02252787096877017,-0.1828447114886564,0.22410410474224832,0.08544175186669747,0.34660249105499286,0.08952179075456813,0.2879726509893297,0.12884794683199324,0.37154172875710223,0.11774896604483262,0.03440142163854999,0.006465905378160636,0.1380232530341305,0.11393827347416904,0.0808389579963184,0.07449099124226027,0.04776514276151694,-0.011266326132170948
#58,-0.18767222625090646,0.0991385699144945,0.07182621584361976,0.12131740630652886,-0.1529058323837149,0.03293675142841205,0.5129214512825825,-0.22587318410378598,0.208303516642893,0.23949509518762602,-0.1922080819832814,0.05214959080078732,0.0008446955510044705,1.0,-0.18646893353202273,-0.25509327510777835,0.08967479221286329,0.1220011315732853,-0.16977105563037398,-0.05097339209014336,-0.3124975097418897,-0.18800691694092708,-0.1265911753221398,-0.03678888189403055,-0.24153352086637075,-0.10174915729665548,-0.14938042378216418,0.271510650335886,-0.08908350532716015,-0.09525297037987393,0.05708866912637761,-0.049016248436117904,0.06844424610922073,0.10951398130513432,-0.03572265298153623,-0.18577564567412283,0.0014758265664719617,0.13770768752639673,-0.010000876570854815,0.19731291188869143,0.07622660153479588,-0.17766338085409877,-0.08156571492322036,-0.07558431416299437,0.07037110822462526,-0.09844050076102288,-0.13896676202695057,0.23247455952314547,0.10769071392711711,0.1178812485556503,0.0960546342707329,0.07802118113938274,-0.015281020647228043,0.0478368621950928,-0.11689152037230355,-0.06002597837260636,0.07996398090669302,0.07091617591980173,0.18369100080485143,0.11812668839499876,0.22152858019427998,0.26985472830287915,0.2063113101546749,0.09308544972069265,0.041842711313342204,-0.12247129230450478,0.36808007076317445,0.19512945357760442,-0.06357210592163456,0.055327558590792816,-0.016401437576201897,-0.044754520316521766,0.07573731562128952,0.026987225971997545,0.23127286056945232,0.21896261823745508,0.2151280191889329,0.14315836447816144,0.2511263935484385,0.08404083226418252,-0.17998868426714693,-0.3039836160938409,-0.5035867685613878,-0.1329327670154356,0.21355656671102646,0.3204727107555244,0.2933069830821825,-0.21128385754926726,0.05091920407366383,-0.1660496139103826,0.033682633537600905,0.04973025524149527,0.13714668217931453,0.24920271896341512,0.2104949437799329,0.056197754384846484,0.05382623178127167,-0.01169504896843548,-0.13300129891863033,-0.19427200790507534,-0.05711576313461738,-0.020768354198375954,0.11500131485628222,-0.24107770402186646,-0.162452485875256,-0.12326179983902971,-0.057941333503334955,0.20299627855828,0.25835252492250316,-0.08630557259998885,0.11877694459275315
#101,-0.3137725218943493,-0.22847739642518466,-0.44287547115683445,-0.1553411055949127,-0.2433536007140068,-0.4129381858170836,-0.24454095578098478,-0.12656089378351887,-0.16702181067663302,-0.26156396178151076,-0.2168062539346078,0.023562224577453005,0.05109133071424587,-0.18646893353202273,1.0,0.5211468734311374,-0.08319773047836862,-0.37021571611854426,0.7125214162197483,0.48917753747340403,0.613280845333057,0.5029444811895863,-0.08777024281012678,-0.26464152236451005,0.41164723601271824,0.01237558670481078,-0.04292647164293285,-0.515039565220856,0.33813162906708955,-0.14753962498705067,-0.22333272239001029,-0.2423845914781375,-0.32627401604921547,-0.5009777749444174,0.3588824518483692,-0.02201786610778634,0.4017738606571094,-0.012021770832503248,0.3585397923323957,-0.3316848488712158,0.25291937938783476,0.37504163711560373,0.32586441839523783,0.3344516252420531,-0.2929085417845389,-0.3882109188853206,-0.29419630405852304,-0.36268198806269875,-0.45948250444262045,-0.3969351895385253,-0.14985058451338365,-0.31938098159998085,-0.5872291595279268,-0.18268852249998008,0.6568575731737443,0.21208552144012624,0.03934687502490258,-0.2450318354596817,-0.20313015483428826,-0.5959215548773199,-0.38816629345998455,-0.42851564678975845,-0.15877885711098183,0.06356094956530055,-0.26184765198543297,0.3042147120464742,-0.13011020886292823,-0.39141598068356587,0.5483349138171473,0.05200615193363562,0.05798117763309932,-0.060378200479723323,0.07405589334523345,-0.39495095187626006,-0.010756321271187115,-0.434251607710636,-0.3040473667014639,-0.3845213524691407,0.24771254851022798,-0.41133963933093737,-0.029154746631178827,-0.1950625154396003,0.17583373841531927,0.11789399867717489,-0.28570472312314227,-0.17516116950489685,-0.051948776386774934,-0.07755420793854441,-0.2012479181442198,-0.052304186024273044,-0.35745443823761447,-0.31977304783686217,-0.5417351321629784,0.0887121580377563,-0.05844496330355649,-0.3504275275123716,-0.5400377722350166,-0.16423272159312768,-0.18832248244866084,-0.3425559212361243,-0.1931882475754847,-0.39714397277849056,-0.39107332116759236,-0.24818908430220976,-0.16174007283506922,-0.25683526046107624,-0.20190773693311764,-0.35836607192662306,-0.18683709329104542,0.15887607678760687,-0.05609575341264971
#102,-0.07892643976762903,-0.04152395827522731,0.028856712540541403,-0.16430444102670352,-0.08395158141351035,-0.09929157137278964,-0.08573659842695376,0.008815115269067409,0.00613599598371172,-0.08255066181099538,0.010847165887049861,-0.12343870777518348,0.04638653587167003,-0.25509327510777835,0.5211468734311374,1.0,0.055064587334348034,0.059798069950354214,0.25095586067304704,0.33609479715353535,0.3972093171513041,0.48489349664113984,-0.17889376758122225,-0.0565961956824901,0.2212082333909745,0.02681031803584378,-0.2562646925228506,-0.3920391428730805,0.19456685446533162,-0.06821633768696858,-0.2602475117340962,-0.32153097084206583,-0.22457107794308664,-0.20284327709998487,-0.009940313493612987,-0.18006837252667565,-0.061946465427248604,0.0182119548326945,-0.11972045358557323,-0.3392695774131597,-0.06347807377539068,0.06588944050872984,-0.06923156611336452,0.04446923634740894,-0.22520858401931643,-0.15181091569779023,-0.32171744136936303,-0.5101243933731243,-0.312856106909769,-0.24714198057200232,-0.21857533329614548,-0.27608475643283475,-0.32906788642829254,-0.11468574934854849,0.1514268182868618,0.21915227629513342,-0.28535090725083473,-0.2462128154658974,-0.19140482432723188,-0.4188446796133526,-0.162238921339719,-0.3126122608356111,-0.09398273952298608,0.3754576098303437,0.030781980890755366,0.23235662089904294,-0.12971654886085632,-0.16349958960546343,0.23515846010407288,-0.01925587103252078,0.32120743650837924,0.21337647124449155,-0.012909498043653229,-0.23738973137087713,-0.030920638462335344,-0.2773007992732431,-0.08280247671110615,-0.06335694762090702,0.2217899576855342,0.00856967542971894,-0.052505000438285425,0.050068133461897056,0.23679047565922112,0.24239893536485269,-0.09287507271553681,-0.02514642717688403,-0.11474790619098088,-0.15315127222306338,-0.091102805823618,-0.004786076867295141,-0.1501597749603551,-0.3880053231757365,-0.2398520985903147,0.08067798771207038,-0.16059096813266502,0.11772187203659285,-0.06219987409254994,-0.10998573580154436,-0.1952250794890389,-0.22715616508219844,-0.15854138609758625,-0.2975463984891106,-0.1620221692738009,-0.20483548358820294,-0.0980643721760473,-0.20714803687972652,-0.20927252587876227,-0.2365243168723952,-0.18655977814788546,0.1691447059104782,-0.014712046474192957
#201,0.2003442532811641,0.050763015084987526,0.4368366948497478,0.29972188797424476,0.35335368040226633,0.4775765206512125,0.036647036792069425,0.007065161089816637,0.22664616022121462,0.4010136346612054,0.2704874530835372,0.26160061838089393,0.4660982237486951,0.08967479221286329,-0.08319773047836862,0.055064587334348034,1.0,0.5182047828893369,-0.2395508769692961,0.1429607375945302,-0.17855588936082048,-0.1724916128106846,-0.25263409541872195,-0.3564694913498394,-0.1794770856409725,-0.3973224744798349,-0.20252452406186996,0.02294703121389126,0.09234434890707552,-0.051749555737953125,0.08921897536835897,-0.05222449776474432,0.3703416235685996,0.22390807162380766,-0.27886109539481546,-0.20263130632963847,-0.08315151128784196,0.23566687119986612,-0.3577652224497765,-0.2911793065527656,0.05570209341057782,-0.260521639346875,-0.11731705567818693,-0.12831562925834136,-0.2016925786323901,-0.0005849118249408315,-0.18668568559794085,-0.13851253894763685,0.16886898453250881,-0.04409310776243336,0.014198854082827977,-0.017155288511343625,0.1415375052793472,-0.2507741714413215,-0.20251177394034536,-0.19837276574042345,-0.29357951692977075,0.02849970913785272,-0.006763939468798062,-0.2783845596028337,0.3676354102750042,0.32121540533433207,0.1107762433360693,0.09932344667660113,-0.26221899927483683,0.014879391819203277,0.2366231303142108,0.07664894931029811,0.09825403023372567,0.16390281219867878,0.5164436723537521,0.38661077863398385,0.32927985719863895,0.4978476201101292,0.07480655674999402,0.24423176533401333,0.21656559539083106,0.11183290965742017,-0.014182916430922232,0.04498721003434564,-0.2605535146506865,0.18979034018917992,-0.16396018774553944,0.2381085194718262,0.35551323223549475,0.2092836822350963,0.19088047557953286,0.053241319956330836,0.04915968730326961,0.03829020870355171,-0.1006430842543968,-0.1524818908430221,-0.22530261616556033,-0.14959239455251058,-0.3523894524619688,0.39151160659500034,0.026631816334499438,0.5108878068994095,0.11578704109523544,0.14568129477484082,-0.07119667859334285,0.3807026910725243,0.27368932735140133,0.18699806357529344,0.16628230362820645,0.19842535999171243,0.3275872785662488,0.3000247033604539,0.17107634932145446,-0.3526827052570345,-0.16405421989178334
