,#10,#11,#12,#13,#17,#18,#26,#49,#50,#51,#52,#53,#54,#58,#101,#102,#201,#202,#301,#302,#401,#402,#501,#502,#601,#602,#701,#702,#801,#802,#901,#902,#1001,#1002,#1101,#1102,#1201,#1202,#1301,#1302,#1401,#1402,#1501,#1502,#1601,#1602,#1701,#1702,#1801,#1802,#1901,#1902,#2001,#2002,#2101,#2102,#2201,#2202,#2301,#2302,#2401,#2402,#2501,#2502,#2601,#2602,#2701,#2702,#2801,#2802,#2901,#2902,#3001,#3002,#3101,#3102,#3201,#3202,#3301,#3302,#3401,#3402,#3455,#3501,#3502,#3601,#3602,#3701,#3702,#3801,#3802,#3901,#3902,#4001,#4002,#4101,#4102,#4201,#4202,#4301,#4302,#4401,#4402,#4501,#4502,#4601,#4602,#4701,#4702,#4801,#4802
#10,1.0,0.27633657133294554,0.3453466040848202,0.46452198997521693,-0.04093904645028648,0.14917004677700835,0.11566113364518006,0.4630063192789806,0.13341727163337025,0.3737219995378081,0.5587565443983138,-0.08723314394090319,0.10609216744097093,0.09470312138912575,-0.05554909195228267,-0.030012192303707896,0.20928686976547745,0.15017411884707027,0.08265425654838272,0.100593677533489,0.016881160898564816,0.1317230992357896,-0.023202033644383172,0.1254229454374487,0.19773207213381253,0.18586489652479501,0.09023898509032664,0.19173313995649022,-0.04837555482950697,-0.18698053215819713,-0.10166468774155504,-0.1388026042123214,-0.10924144745754608,-0.09766911840878484,-0.03495127062929818,-0.045830311820159536,0.017295539848114178,0.006551968698451657,-0.10131246563443808,0.09133549554144188,-0.13563260524826878,-0.128938791447856,-0.16200463785670458,-0.16408450143040426,-0.10316442078588561,0.044813489628573025,0.050633920104551,0.011188231637832799,-0.14967686410761102,-0.12018902055160213,-0.13199882061375898,0.08140474463897233,-0.11345058132585326,0.1464574584226506,0.060966299835045305,0.2646255847126043,-0.329077449019436,-0.22611703017794388,-0.33419184151598946,-0.31281626278000463,0.14326992804150165,0.03645100367362877,-0.10855453466040849,-0.12134450031476862,0.05766083082979385,0.017137757094247304,-0.014437918861414148,-0.032402840089569604,0.26701145120289427,0.019628812087115206,0.2138530070364733,0.30667070420514947,-0.006465905378160636,-0.05214959080078732,-0.10419080556861558,-0.3068810812103053,-0.3230275163560153,-0.40513511144403097,0.09115858760528811,0.05328275785128577,-0.16587748726980053,-0.11287841962243703,-0.03770210934822973,0.17232426746567428,0.09952266732542295,-0.12720477492051097,-0.17529185825052396,0.19127732311198592,-0.026193530907091457,-0.1912087912087912,-0.09902222505558256,-0.16492919698140873,-0.15591326729832894,-0.03102263943453211,-0.21772266891918812,0.027973766624963144,0.24593550032273745,0.014426762505080126,-0.02976834622955,-0.1631521487939182,0.07879256349162078,0.16463913171672417,-0.02632900094829029,0.041960649937444715,-0.025076301508498752,0.011419327590466096,-0.2664855086900047,-0.09195068890500363,-0.4149176421837771,0.2472312314226745,0.2205643522539824
#11,0.27633657133294554,1.0,0.03954290814334324,0.21982006390998415,-0.09931707161583885,-0.0029452780721816257,0.2817426228593741,0.16536907617400728,0.43037238323677773,0.302466351632414,0.23452732908860538,-0.16399046928416036,-0.03712197881886062,0.3142219636780913,0.07518109156977902,-0.12600785726238953,-0.17460653921857694,0.04564702882324347,0.025793495844257264,0.007987951135159257,0.1823888946441521,-0.0508395158141351,-0.041586115117659715,-0.03606053120193802,0.05208424642797377,-0.017278008431017858,-0.18115691415183802,-0.09298185498330531,0.11572329048761246,-0.011236044593550033,-0.15121962881208711,-0.020020878323996526,-0.11933476240945422,-0.023570193403405878,0.26276725450039445,0.08298257217764107,0.09494537369809306,0.026459689693917394,0.032178119197698606,-0.027768170915379038,0.1377347815346365,0.020773135493947676,-0.10742136760991003,0.002707807058786029,-0.13333598960865095,-0.13942257887145487,-0.22913562144889194,-0.0346882993728534,-0.06441998900302018,0.07164452661189427,-0.14173991345855017,0.18861095394815483,0.10881909968204384,-0.12689399070834895,0.19583071026145718,0.13565491796093682,0.14918279689853295,0.14008717895592443,-0.01766369960713688,0.0170819753125772,-0.1746702898261999,-0.03607487508865319,0.07739005012391524,-0.03576090334611002,-0.1228012016989537,-0.0613535847763549,0.17075281498776784,-0.036500410394536574,0.24870865175433704,0.14706627672545003,0.29441624365482233,0.17714221963678092,0.15798356828088517,0.10421152451609304,0.20832104805998933,0.08306863549793209,0.08110192925276319,0.1219389747308529,0.1493788300169736,-0.18010024783048714,-0.25555706077823553,-0.12789965654360144,-0.12730996342308887,-0.07558590792818494,0.1071297085800349,-0.004848233709727546,-0.04779223676975671,-0.14213357346062205,-0.11307923403644941,-0.07991776171616635,-0.10673126728239128,-0.03369060236355378,-0.21163926718676537,-0.028027954641442678,-0.10484903059232284,0.18099753763278056,-0.14889113786865782,-0.1494154866163568,-0.16925308194343727,-0.09030114193275905,-0.09935850951079378,0.000964227940297556,-0.023943134458000302,0.05060682609631123,-0.18783638406553563,-0.12985839396281745,-0.0890181609543466,-0.00965662328969073,-0.2539170763971344,-0.03343081863749014,0.05036616755253449
#12,0.3453466040848202,0.03954290814334324,1.0,0.6017467666488696,0.13713393205778993,0.31003036122688044,-0.23737060618859024,0.19347671907497868,-0.2892986636278877,0.39093785112639357,0.3883097323271362,0.15227151383786627,0.32183697375865616,-0.37133772681270866,-0.14130800309190447,-0.19734159966212178,0.6579333646773821,0.6298384718979353,-0.09669532787734383,-0.32073568201196917,-0.2934536094797153,-0.29156818525926576,0.22949740614715233,0.05374973105212409,-0.02672903601112448,-0.0485046498099435,-0.10489206225246835,-0.20123198049231406,-0.12297970340029804,-0.27304544621440924,0.3842185370829316,0.06948178724828472,0.1640749388392608,0.05987138314912064,-0.22565643203786787,-0.24178852329686268,-0.025664400863820734,-0.16575476735012631,-0.04244993585095108,-0.13005283331606754,-0.2715345568137446,-0.4285299906764736,-0.17010893385077577,-0.11274454334642878,0.210239941349441,-0.020573914845125867,-0.028486959016328126,0.10059527129867957,0.07821402672744225,-0.028241519176979656,0.22252149590800788,0.17170110527615967,0.1362732988548797,0.048823402848058396,-0.08005482552255576,-0.1304608372048546,-0.24860027572137797,-0.41000247033604537,0.030519009634310576,-0.02567396345496418,0.2718118719569046,0.1841229111714971,-0.1716246045470121,-0.23190080405453864,0.014135103475204998,-0.2576656121253656,-0.4474575460797361,-0.284574743603025,-0.19719497326458893,-0.13402449617097914,0.16609742686609982,0.14498641315175034,-0.00265840033787822,-0.009796874626461283,-0.2592434396640343,-0.09536612770840472,-0.14172716333702556,-0.0395891273338699,0.06876778044290735,-0.16973439903099077,0.1009235869279379,-0.026214249854568928,-0.2856824104104742,0.118923570990286,-0.2738487038704588,0.11509534700252612,0.017038943652431686,0.20495501597749605,0.13151750352620548,-0.45747117277211546,-0.14331933476240946,-0.12933404521511846,0.05309947485436971,0.043074691805656276,0.015905776601933236,0.4132856266286288,0.19921746129142792,0.41842711313342207,0.20150770187028344,0.2165703766864028,0.34140841029891067,0.6811274294958124,0.26346691741905665,0.5597255536341831,0.5472989664432739,0.27110105268190837,0.2263959390862944,0.04963781686044195,-0.251982245455777,-0.05137980221373985,-0.024121636159344644
#13,0.46452198997521693,0.21982006390998415,0.6017467666488696,1.0,-0.002110145112320602,0.3702173098837348,0.08748974013658568,0.13400696475388282,-0.1849468877750241,0.6735203882412004,0.44021228952338454,-0.20744128967479222,0.3310744368032258,-0.029830503071982404,-0.024760736000765008,-0.022548589916247638,0.5887241112766856,0.3127238243989513,0.12604292009658216,0.01668672154531473,-0.12401405700898087,-0.0735650136665365,-0.06527265337997752,-0.030621010606507345,0.03105132720796245,0.0568272916351234,0.003933412490337799,0.10453346508458909,0.04514977408378423,-0.10289985576425026,0.1315047534046809,-0.03132067352516954,0.06292184972388018,-0.1369490552956833,-0.07346938775510205,-0.0364047844831021,0.02633218847867144,0.05144195905617226,-0.16022758966921402,-0.11274135581604762,-0.16307883559515177,-0.0998254827116321,-0.24264437520420115,0.045796842751157474,-0.05310425614994143,-0.12091737124369467,-0.07325422945437449,0.07331957382718804,-0.0005386926344141717,-0.03832367777255377,0.25172405549490395,0.30680776801153886,0.04792292551538382,0.17318011937301278,-0.10548972419893377,-0.01899608730645714,-0.3753587963885281,-0.24201643171911483,-0.15401509295635474,-0.08483771485946975,0.10943269928041502,-0.05373857469579007,-0.14013021061606992,-0.0957980380750504,-0.033449943819777034,-0.07432523966244053,-0.06396576592370647,-0.11037939580361625,0.05527815186988501,0.008129796237120386,0.22594171600698068,0.15866091848687933,-0.02065679063503574,0.05017969702523727,-0.20393660002071895,-0.1774545976141335,-0.30636629505374974,-0.20058491182494084,0.20832742312075161,-0.0236498816629346,-0.16881639028121986,-0.04681207117755341,-0.07977432284901466,-0.1491859844289141,-0.15438484648056802,-0.0873255823219565,-0.19527129867956555,0.11553841372550581,0.08473571388727298,-0.3487716054793647,-0.08278972658958156,-0.19473419981034193,-0.07785383579437241,-0.12664855086900048,-0.1560901752344827,0.30226234968802046,0.06737801719672641,0.31442118432691313,0.23786626716285889,0.1619090119452701,0.37016630939763645,0.5135047693423328,0.20042712907107396,0.3487046673413606,0.25023707257209793,0.21762066794699136,0.02995322299165664,-0.28495405971838167,-0.31588107324147935,-0.05806086589262804,-0.1479045972156922
#17,-0.04093904645028648,-0.09931707161583885,0.13713393205778993,-0.002110145112320602,1.0,0.47847699798388704,0.05308353720246396,0.153624620484664,0.1564886165321263,0.11097227645450995,0.08015045143399023,0.6242045119492545,0.21377650630732575,0.03721282343472336,-0.06281666122130226,-0.08346548303038513,0.18187092095721538,0.12449537409653436,-0.14477762991178508,-0.2103626612691152,-0.055705280940958966,0.0018248611432077713,0.1565093354796038,-0.055992158675262374,0.04662400688506562,-0.11106790236594442,-0.15371227757014558,-0.29865247153136926,0.07521774816916224,0.10094749340579652,0.1916837332355824,0.10055064587334347,0.06209149805959088,0.03737538748416196,0.05144355282136283,0.18680203045685279,0.18182151423630757,0.10366805058610715,-0.002315740821904709,-0.07838455960283372,0.137167401126792,-0.039758066444070796,0.14256229629688658,0.3055231932679358,-0.24434811019292527,-0.016632533528835196,-0.008902772354549005,-0.14493700643084254,-0.15399118647849613,-0.18237455075743692,-0.028464646303660083,-0.051698555251854746,-0.21259712006630063,-0.22769326395142203,-0.058232992533210085,0.05459442660312856,-0.09099761732104009,-0.10574472662942569,-0.1140227430292695,0.0008813521503876834,0.07092573851094518,0.2366055988971145,0.07107714620404976,-0.1310855931595598,-0.28142705735164036,-0.3441162173576967,0.014761453195100766,0.04810620851229988,-0.21843348819418434,-0.24305237909298824,-0.25654200766601054,-0.14520635274804963,-0.09415805369394926,-0.07129389826996789,0.05868084055176151,0.11839762847739642,0.12874594585979648,0.10155153041302425,0.11054355361824543,0.09199531433033971,0.22482767413876914,0.5046689351257879,-0.29914335121006624,0.42826701942002887,0.2395142203699129,0.047710954745037414,-0.05643522539824208,-0.0030058411494234554,0.15607583134776754,0.3228633585413861,0.43678410059845885,-0.13283714110400116,0.11482281315493788,-0.11958657730956498,-0.09117452525719386,0.22542533608523457,-0.2717289961669947,0.04372016670783893,-0.25242849970913783,-0.1515081003115811,0.032841125516977585,0.2209596060212449,0.12523009984938918,0.2001243136848648,0.044255671811871955,0.024461108144937006,-0.04601040728669445,0.21974993824159886,-0.08171712261632494,0.06453633386193212,-0.07105005219581
#18,0.14917004677700835,-0.0029452780721816257,0.31003036122688044,0.3702173098837348,0.47847699798388704,1.0,-0.0006295372502769167,0.21194048880778396,0.15960761501008056,0.3481739435328993,0.20919283761923355,0.5234259576536588,0.6279562352078668,-0.10520125269943979,-0.21559817992015237,0.013253751324817315,0.4821761269912104,0.39548964451067425,-0.268825155989768,-0.08118161751229191,-0.3278996565436014,-0.07882922009100399,0.019628812087115206,-0.10475499844607894,-0.14999402338053536,-0.15676593167528627,-0.19938958793200998,-0.3045717154491629,0.3547737251870682,0.3914542310481397,0.44101076588386234,0.20706516108981662,0.2755030321382751,0.12483484608212672,-0.09850584513383644,0.24975416171935388,0.10902310162643737,0.033771884388273075,-0.1758066444070795,-0.13803759692084566,-0.036497222864155424,0.06423989353648527,-0.030960482592099707,0.13761843667572457,-0.2586330275960443,0.02379650806046745,0.16425344054060514,-0.07669835603120592,-0.07658997999824686,-0.18794954139406642,0.10007092255098056,0.11566910247113293,-0.19428953932217166,-0.10858481619902939,-0.3413048155615233,-0.22391604044976054,-0.3940201930049646,-0.28679167098311403,-0.16486704013897632,-0.024177417941014752,0.2532094446525193,0.16158069631601177,0.1693566766808246,-0.09765796205245081,-0.10604435448525369,-0.26634525735323417,0.048442492967511096,-0.014477762991178509,-0.14406521687159832,-0.04810620851229988,-0.0001928455880595112,0.08306704173274151,0.08379539242483405,0.05975344452501813,-0.10268947875909443,-0.08905641131892038,-0.14175106981488417,-0.12466909450230698,0.15751181378447512,0.331871319398513,0.07470933707336898,0.5925650853859701,-0.36702021691144243,0.36437456669508883,-0.034965614516013356,0.2503916677955837,-0.0377786100773773,0.2603367625847684,0.13060108854162517,-0.010308473252635689,0.3853772043764792,-0.1860083353919467,0.1756823307222147,-0.07379770338436038,-0.0442094526213453,0.2666815418084454,-0.10175075106184606,0.3062419813688849,-0.09220887886587668,0.10536381674887839,0.1745459761413351,0.6047382639115779,0.2986715967136562,0.3259042625250022,0.17305261815776682,0.23085688785471237,-0.021141295252970378,-0.04437998549673677,-0.3158268852249998,0.1820063909984142,-0.10377005155830392
#26,0.11566113364518006,0.2817426228593741,-0.23737060618859024,0.08748974013658568,0.05308353720246396,-0.0006295372502769167,1.0,-0.15827203978037915,0.10300982556239989,0.2615033987042689,0.27637641546270986,-0.2819067806740033,-0.00897608555331543,0.36527185649738225,-0.3034720174676665,-0.22276534198216577,0.012648120552399014,-0.2380097060300106,-0.06994716668393246,-0.03183386591653452,-0.019023181314696904,0.057589111396217994,-0.09313326267640988,-0.04706069854728303,-0.061331272063686854,-0.0737339527767374,0.11449927882125127,0.14559204392416866,0.039761253974451946,0.19746750711217717,-0.025482711632095242,-0.015142363075648065,0.0884746870243607,-0.23308656535632605,-0.30126943397429257,-0.00175314170963192,-0.2935492353911498,-0.2116934552032449,-0.3341519973862251,-0.2961470726517862,-0.10581325853262039,0.00435097897026831,-0.3078851532803672,-0.3125437289324164,-0.006773502059941509,0.02156842432404434,0.0036879726509893296,-0.07313629083027198,0.10735921076747763,0.27833196535154475,0.13998039668815593,0.43248252834909834,0.40388559953462055,0.27584728541943915,-0.20626349719895767,-0.11004948640916734,-0.08815593398624581,0.030802699838232833,0.07991138665540407,0.37418100391269354,-0.11088461936902837,-0.08274828869462662,0.15391627951453912,0.5906860362262828,-0.03887671429368311,0.08914725593478313,0.6372606363904406,0.6727968188446796,0.06336810397724103,0.2961343225302616,0.03300528333160675,0.12114049837037509,-0.2296998143263553,-0.01790913944648535,-0.14500553833403726,0.1873008789615026,-0.06341751069814884,0.055732374949198735,0.21123604459355003,-0.04748145255759469,-0.0018694865685438564,0.0626206281028616,-0.05606069057845708,-0.06875343655619218,0.10053789575181889,-0.12597120066300632,-0.08517718684506212,-0.013918351409286869,0.1383292559507208,0.0956864745117102,-0.03793798659643475,-0.04514021149264079,0.11408489987170191,0.05029285435376806,0.04985616269155065,0.06515471475587502,-0.20138816948099036,0.19817513885679222,0.13424124823689726,0.17005155830391508,0.3460765485421033,0.10634876363665341,-0.11157471969654711,0.11654407956075831,-0.1175816206998223,0.20483070229263123,-0.007001410482193659,-0.09512546916462798,-0.0070189418992899774,0.0666544478002056,0.17092175409796875
#49,0.4630063192789806,0.16536907617400728,0.19347671907497868,0.13400696475388282,0.153624620484664,0.21194048880778396,-0.15827203978037915,1.0,0.40247511734096214,0.18092581819920472,0.47648319773047837,0.380643721760473,0.28224784642478623,0.26340954187219595,0.19015371865263092,-0.14940114272964164,0.08425280303452892,0.14132872203938193,-0.01667715895417128,-0.09496290511518939,0.15471475587501693,-0.23594418634302608,-0.09753842966315773,-0.047455952314545496,0.10612244897959183,0.04249934257185889,-0.11542844392735618,-0.08381451760712094,0.1814262604690451,-0.16954792850369355,-0.01137788969551116,-0.0599239774004096,-0.41769716867613893,-0.23230562041294456,0.21523798898708255,-0.07292113252954442,0.052222903999553746,0.020173879782291675,-0.17646486943078676,-0.1449274438396991,0.022607559228298896,-0.12932129509359386,-0.07097355146666241,-0.11616316968021101,-0.43098279530476774,-0.18188367107873996,-0.037172979304959,-0.02388894644152077,-0.2287005235518651,-0.2375044824645985,-0.21232299245352182,-0.04110957932567795,-0.34443656416100216,-0.26511487062611067,0.2188048354835882,0.03131111093402609,-0.08876315852385468,-0.3026241343862809,-0.3604044976053678,-0.4528412848934966,0.21585636988102544,0.08089952107356023,-0.1565332419574624,-0.3910478209245432,0.08125652447624891,-0.18977440253727418,-0.027785702332475355,-0.20595749428236737,0.25065463905202845,-0.20723728773039868,0.40335487572615925,0.31165440795607585,0.48552303389141677,0.1319589764839946,0.23304512746137113,-0.1473180916255608,-0.016243654822335026,-0.29661723338300566,0.05717154491628748,-0.05180533751962323,0.2546422395588458,0.08425917809529122,-0.0003442532811640861,0.40114910470240417,0.14536094797153534,-0.15100925180693128,-0.053152069105658666,0.09609607216568783,-0.08746742742391764,-0.016339280733769494,-0.11955788953613464,-0.2883296543920184,-0.3178732797296974,-0.06496027540262493,-0.24351775852863597,0.10407446070970364,-0.04302687884993904,-0.1790101124401342,-0.07361920168301604,-0.4353433368661795,-0.21837133135175193,0.15043549633832448,-0.010780227749045733,-0.0423240284008957,-0.12455115587820446,-0.29219294121397094,-0.36615002111738876,0.08143183864721211,-0.2427352198200639,0.25479524101714096,0.08891934751253099
#50,0.13341727163337025,0.43037238323677773,-0.2892986636278877,-0.1849468877750241,0.1564886165321263,0.15960761501008056,0.10300982556239989,0.40247511734096214,1.0,-0.0010582600865414499,0.10264325956856776,0.29227422323869023,0.038529273482137874,0.30767158874483025,0.12490975304608372,-0.020503789176740592,-0.25737554686068104,0.05202049582035079,-0.10907728964291691,-0.018277299205508052,0.19283761923355833,-0.03726382392082175,-0.21637115603758098,-0.11623807664416802,-0.04762011012917467,-0.029017682824789424,-0.2734024496170979,-0.1930639338906199,0.46434826956944436,0.2705496099259696,0.03892452724940035,0.06569340739028919,-0.10084549243359976,-0.0590936257361203,0.46021563643028474,0.2723601271824622,0.22770601407294663,0.10111005745523512,-0.029867159671365617,-0.0883248730964467,0.23665181808764116,0.20356684649650567,-0.0797408537800126,-0.0389213397190192,-0.4597056315693009,-0.15946576990811945,-0.0645506777486473,-0.04883455920439242,-0.1314792531616317,-0.13517997593414563,-0.34186263337822437,-0.1497645211930926,-0.3368550231494394,-0.42294703121389127,0.0343759213955008,0.09255950720780308,0.06494274398552861,0.03467714301651938,-0.11669229972348175,-0.12391683733235583,-0.05644797551976667,-0.06228274988245982,0.11665564312409853,-0.2206583844002263,-0.12789965654360144,-0.13589557650471357,0.15172803990788036,-0.15053749731052124,0.20534230091880562,0.007401445545027851,0.0722166883153105,0.13195100765804174,0.2836726725051598,0.04706388607766418,0.2889735355290105,-0.07791121134123309,-0.01870761580696316,-0.1473738734072309,-0.0015985464861461962,0.050815609336276484,0.029830503071982404,0.3228394520635275,-0.3061622931093562,0.1930017770481875,0.13106965550765406,0.14689255631967743,-0.07280638143582306,-0.06799480432547873,-0.1900421550892907,0.16867613894444933,0.0970650814015571,-0.024129604985297516,-0.1421925427726733,0.06712620229661564,0.0023986166118145813,0.04951987823633944,-0.19917283586609186,-0.28656535632605246,-0.31373745906015665,-0.4204081632653061,-0.3312848138083816,-0.12997952011730113,0.08598522579668337,-0.0694578807704261,-0.1413558160476217,-0.1725617384790699,-0.13411215325646073,0.07915753572026234,-0.06061248396273777,0.2512570822940656,0.1335272414315199
#51,0.3737219995378081,0.302466351632414,0.39093785112639357,0.6735203882412004,0.11097227645450995,0.3481739435328993,0.2615033987042689,0.18092581819920472,-0.0010582600865414499,1.0,0.5626676441759836,0.0002789089083505327,0.43514092868697657,0.017797575883145136,-0.01641578146291707,-0.28699248539712646,0.5794675230498291,0.1966913434643674,0.09325279506570297,-0.21977065718907635,-0.05372263704388432,-0.2976579620524508,0.01822311118902852,-0.13651555116384703,0.16349480830989171,-0.06635800747475874,0.18821091888532063,0.038765150730342895,0.11921363625497056,-0.007562415829275873,0.03715066659229096,0.02916590298751285,0.06966507024520077,-0.11723736741865821,-0.011353983217652543,0.08903728613663349,0.07539624987050658,-0.0504028241519177,0.011444827833515287,-0.20396847532453044,-0.1633258691996908,-0.19648256022440214,-0.21090294766871998,-0.05109929954019874,-0.07149630644917085,-0.201273418387269,-0.06123564615225239,0.05035182366581931,0.10485540565308513,-0.042488186215524866,0.13320370709783327,0.10927013523097642,0.15536660583796189,-0.0323343081863749,0.104488839659253,-0.005975025699463698,-0.10347998629361936,-0.28611272701192936,-0.11907179115300942,-0.090728271003833,0.11121452876347727,0.1624094542151105,-0.011538859979759182,0.04410426411876738,0.06309397636446222,-0.25926415861151175,0.09826518659005969,0.022272868538278257,-0.04625425336085234,-0.03235662089904295,0.068289650885735,0.049339782769804524,-0.07536437456669509,0.04348588322482449,-0.1505773414402856,-0.159081672497191,-0.21768919985018606,-0.10867406704970156,0.42083529233638006,-0.08968435480400673,-0.1208966522962172,0.0553785590768912,-0.21567627441449053,0.023962259640287198,0.09398592705336722,0.011945270103355672,0.08170596625999091,0.31105993353999156,-0.005210018407987951,-0.1665420873542701,-0.11734574345161727,0.044022982094048084,-0.1115444381579262,-0.07750001992206489,-0.09958323040266477,0.41078341527942686,-0.1401126791989736,0.34438556367490375,0.15214879391819203,0.11136434269139128,0.2178565451951964,0.47731992445552995,0.263933890619895,0.2641394863294791,0.10673764234315358,0.22568193228091704,0.02561977543848465,-0.06995194797950419,-0.10424818111547626,-0.14266429726908333,-0.18908430220975544
#52,0.5587565443983138,0.23452732908860538,0.3883097323271362,0.44021228952338454,0.08015045143399023,0.20919283761923355,0.27637641546270986,0.47648319773047837,0.10264325956856776,0.5626676441759836,1.0,0.08639801098104216,0.2912605885774849,0.12670114512028943,-0.06680266796292902,-0.27835746559459396,0.3785017013443409,0.08015045143399023,-0.018388862768848265,-0.1319398513017077,0.009012742152698643,-0.18621074357114967,0.09599885248906279,-0.016752065918128282,-0.05140848998717019,-0.11473993736502801,0.035222210711695845,-0.07000772976117428,-0.1246866259194033,-0.19290933866713417,-0.0005896931205125549,-0.029481468495246594,-0.24694116615798994,-0.3306744017403916,-0.07635250898485126,-0.00685956538023253,-0.31423152626923473,-0.2980898724190965,-0.33809178493732517,-0.39708500346643927,-0.2035461275490282,-0.339864051829244,-0.2709799265274247,-0.3080652487469021,-0.2043206974316474,-0.0789662838973934,-0.09968204384448039,-0.07775183482217565,-0.09891544278781407,-0.1121739754082031,-0.053319414450668984,0.16888651594960513,-0.02593055965064667,0.08282478942377419,0.05097976715090566,0.007127317932249042,-0.19982946712460853,-0.2774872698005403,-0.26472917944999164,-0.09585063232633936,0.20844217421447298,0.08277378893767581,-0.10942951175003386,-0.0782235893185857,0.17540501557905475,-0.2116504235430994,0.07229637657483923,0.01867892803353282,0.10852425312178757,-0.09027564168970985,0.3220170692251911,0.3268892094127772,0.2045756998621393,0.19093944489158413,0.10947254341017938,0.03075169935213445,-0.07647204137414434,-0.19546255050243447,0.2348062379969559,-0.2410936416737722,0.18087322394791575,-0.03401732422762154,-0.1320912589948123,0.2401134760815689,0.2169688179840464,-0.17465594593948475,-0.16579620524508124,0.2919395325486696,-0.013204344603909506,-0.1279825323335113,-0.1493485484783527,-0.21423710444740177,-0.014359824367075998,-0.02635131366095833,-0.21317725059566975,0.2497971933794994,-0.07792236769756712,0.1462996756687837,0.09024536015108894,-0.09004932703264829,0.1857453641355019,0.3575787519224793,0.05640653762481174,0.11521487939181921,0.033190160093713394,-0.061627712389133706,-0.1664368988516922,-0.06699073225541681,-0.04959637896548701,0.09834487484958841,0.21077704021866459
#53,-0.08723314394090319,-0.16399046928416036,0.15227151383786627,-0.20744128967479222,0.6242045119492545,0.5234259576536588,-0.2819067806740033,0.380643721760473,0.29227422323869023,0.0002789089083505327,0.08639801098104216,1.0,0.44351775852863595,-0.07264381738638447,0.11482281315493788,-0.1134107371960889,0.20894261648431336,0.2704699216664409,-0.2870323295268908,-0.27237765859955854,-0.05303891177712788,-0.2264039079122473,0.1480305046657476,0.051467459299221446,-0.004534261967184375,-0.049602754026249314,-0.15094709496449887,-0.3629848034489079,0.2520523711241623,0.06555156228832806,0.3091458215461116,0.12951414068165337,0.05408123421176358,0.10001514076931045,0.09316832551060253,0.13951023595693646,0.2693861613368502,0.04002422523089673,0.0960912908701161,-0.18870817362477987,0.024132792515678667,-0.1335144913099953,0.2688873128322004,0.2232195650614795,-0.1610977854632677,0.03514570998254827,-0.011999458119835205,-0.19517726653332165,-0.22541896102447226,-0.394093506203731,-0.1735960920877527,-0.27464080517017425,-0.376149303923053,-0.45558256102128475,0.028375395452987912,-0.1364358629043183,-0.0015156706962363236,-0.24632119149885648,-0.17961893074293364,-0.21366334897879496,0.199475651252301,0.2879471507462806,0.20137223182908462,-0.3057256014471388,-0.14697702587477787,-0.458574058283993,-0.19506410920479086,-0.19338268692873478,-0.18651674648773997,-0.31911960410872664,-0.15787041095235438,-0.13775071918654225,0.16375937333152707,0.009109961829323686,0.15881710747555564,-0.0029994660886611575,0.15284845683685422,0.05664719616858848,0.1270836487660273,0.11529297388615735,0.2895345408760927,0.6149542987831603,-0.4015124831658552,0.6425041238674306,0.1818996087306457,0.2500649459315159,0.07008263672513129,0.2226123405238706,0.10039126935428604,0.2730597901011244,0.42758648168365354,-0.12407940138179442,0.15620970762377578,-0.03192630429758784,-0.04860505701694969,0.15040680856489413,-0.17430372383236778,0.051231582051016425,-0.2537066993919786,-0.15424618890898803,-0.17425591087665054,0.2455450278510467,0.17974324442779846,0.18969471427774545,0.0921148467196328,-0.026183968315948013,-0.0070524109682920414,0.2780020559570958,-0.03128242316059575,0.10325207787136721,-0.10607144849349345
#54,0.10609216744097093,-0.03712197881886062,0.32183697375865616,0.3310744368032258,0.21377650630732575,0.6279562352078668,-0.00897608555331543,0.28224784642478623,0.038529273482137874,0.43514092868697657,0.2912605885774849,0.44351775852863595,1.0,0.025804652200591287,-0.05917968905641132,-0.20696316011761987,0.522249758943015,0.294601120416929,-0.19568727139430547,-0.12810047095761382,-0.23833005283331607,-0.22386344619847157,0.023684944497127238,0.14656583445560967,-0.18584895887288927,-0.030182725179099364,-0.09729139605861868,-0.17439297468303994,0.2971846137908502,0.10041995712771637,0.26038776307086675,0.265817721075154,0.04049597972730678,-0.057421766051207676,-0.07479380662846943,0.15490760146307644,0.022076835419837595,-0.06323422770123278,-0.17855588936082048,-0.2544063623106408,-0.14794444134545656,-0.16347408936241423,-0.04113826709910829,0.029841659428316427,-0.16728637569826837,0.12040417885232968,0.013817944202280679,-0.07864593709408793,-0.02672584848074333,-0.13608204703201077,0.001514076931045749,0.08118480504267306,-0.13597685852943286,-0.06322307134489875,-0.11847891050211572,-0.1353361649228219,-0.3249097530460837,-0.3339256827291635,-0.220865573875001,-0.1368056164285316,0.4304409151399724,0.2934950473746703,0.2693574735634199,0.09373251838806589,-0.09307429336435863,-0.3825562399891624,0.09373729968363761,0.0015985464861461962,0.05014304042585406,0.05773095649817912,0.18674784244037326,0.14634270732892923,0.01539736550613998,0.050527137836782504,0.012627401604921547,-0.06557546876618668,-0.13782403238530866,-0.1254675708627848,0.3706364701288559,0.08904206743220522,0.04943859621162014,0.38169082549068045,-0.24982269362254858,0.31239550876969296,0.07843715385412267,0.14058443369538365,0.050885735004661765,0.4413390815131207,0.08307660432388496,-0.09778865079807791,0.20430316601455106,-0.16708396751906543,0.21274534022902405,-0.0034106575078293715,-0.027739483141948698,0.21595518332284105,-0.07382639115779072,0.2744830224163074,0.13308576847373077,0.07964522786857813,0.12356461522523887,0.47150268150993313,0.3137502091816813,0.269091314776594,0.15859557411406577,0.11049892819290934,0.06163727498027716,0.151613288814159,-0.22159392456709354,0.1073608045326682,-0.052278685781223855
#58,0.09470312138912575,0.3142219636780913,-0.37133772681270866,-0.029830503071982404,0.03721282343472336,-0.10520125269943979,0.36527185649738225,0.26340954187219595,0.30767158874483025,0.017797575883145136,0.12670114512028943,-0.07264381738638447,0.025804652200591287,1.0,0.1697519304480871,-0.0526627831921523,-0.2159822773310808,-0.23997959980556063,0.09804046569818868,0.2531871319398513,0.33368024288981507,0.2984389069958323,0.039201842392560304,0.23199802373116368,0.11829562750519966,0.16944911506187793,-0.1246738757978787,0.20380112997952013,-0.06558343759213955,-0.18835276398728176,-0.3220425694682402,-0.06843627728326786,-0.2775797081815936,-0.12523966244053264,0.16931045749029797,0.07398895520722931,-0.052041214767828255,0.031996429965973114,-0.19314680968052977,0.016635721059216346,0.13457753269210848,-0.03171273976205086,-0.04577931133406115,-0.0907346460645953,-0.33805194080756085,0.007941731944632597,-0.3246228753117803,-0.2779239614627577,-0.3745443823761445,-0.06154643036441441,-0.20763254149766114,0.2026281187992573,-0.1084031269673039,0.07312035317836624,0.07611822550183682,0.148766824183793,0.008059670568735109,-0.013499191164165784,-0.16610539569205268,-0.09820462351281786,-0.13828144299500356,0.0005546302863199165,0.3271569619647937,0.19581477260955144,-0.06607591103602706,-0.033247535640574075,0.6909290854178454,0.34701846376973283,0.5104303962897146,0.1476623449067249,0.3108941819601718,0.3209189650088852,0.09288941660225199,0.040072038186613965,0.24301731625879558,0.1464813649005092,0.143834120918965,0.06635960123994931,0.34542310481396776,0.14049040154913978,-0.030424977488066683,0.04349863334634908,0.2827610388161512,0.07431089577572536,0.33445003147686253,-0.14835085146905305,-0.11517184773167369,-0.15114790937851127,0.004223477755022353,0.23936121891161774,-0.026387970260341544,-0.046791352230075946,-0.013213907195052953,-0.0356557148435321,-0.17612699121038497,-0.00939683956362709,-0.05987138314912064,-0.3346683773079712,-0.12577516754456566,-0.19027643857230514,-0.050327917187960695,-0.20169098486719952,-0.18935842982253426,-0.1383786626716286,-0.4706691423152627,-0.3329534859629131,-0.35299030193881537,-0.016372749802771557,-0.0803146092486194,0.06214090478049869,-0.030868044211046386
#101,-0.05554909195228267,0.07518109156977902,-0.14130800309190447,-0.024760736000765008,-0.06281666122130226,-0.21559817992015237,-0.3034720174676665,0.19015371865263092,0.12490975304608372,-0.01641578146291707,-0.06680266796292902,0.11482281315493788,-0.05917968905641132,0.1697519304480871,1.0,0.43480464423176535,-0.11712739762050857,-0.29061511367530224,0.4873988955207229,0.27611025667588396,0.6739650487293707,0.18850098415000519,-0.07925634916207795,0.08307819808907553,0.35749268860218825,0.35232092055877406,-0.23753635776840998,-0.14577373315589415,0.12583094932623576,-0.18656615320864778,-0.40000318753038117,-0.3822247368295229,-0.4439799504339026,-0.04630525384695073,0.4538421694331774,0.06318482098032496,0.4192415271458056,0.41045031835459683,0.33548597885073594,0.07735658105491318,0.33705105626788007,0.08162468423527161,0.21388328857509423,0.34074540397963166,-0.10913944648534932,-0.1097897026831037,-0.5786483277418738,-0.39327909219134743,-0.59911227278885,-0.5117643777542255,-0.4463339416203811,-0.42274143550430715,-0.5083871893153982,-0.4770633282598475,0.47175768394042505,0.18804835483588203,0.09451665086182853,-0.043563977719162636,-0.262469220409757,-0.5097450772577676,0.08306226043716979,-0.04650128696539139,-0.07203659284877559,-0.289218975368359,-0.021632174931667317,-0.08315948011379483,-0.06594203476001881,-0.18674784244037326,0.4602475117340962,-0.06401676640980485,0.11114759062547315,-0.09169249894413056,0.2275577939102232,-0.422299962546518,0.2238315708946601,-0.36792547553968874,0.028710086143008552,-0.22160029962785582,0.1300863023850696,0.11439887161424507,-0.0004605981400760226,-0.06031763740248149,0.08131708755349075,0.024104104742248323,0.0364302847261513,-0.27241272143375117,-0.16924670688267499,-0.12527153774434413,-0.14786953438149958,0.11511606595000358,-0.06565515702571541,-0.16447816143247615,-0.29817274820900636,-0.04488202153176772,0.07161424507327335,-0.20024543983934848,-0.11620460757516594,-0.45783614500075703,-0.1998804676107069,-0.525834136856617,-0.515294567651348,-0.35875335686793264,-0.24471945748232912,-0.25033907354429474,-0.36486385260859516,-0.5094836997665134,-0.3615137581780076,0.028284550837125166,-0.17207723386113524,0.184303006638032,0.033080190295563756
#102,-0.030012192303707896,-0.12600785726238953,-0.19734159966212178,-0.022548589916247638,-0.08346548303038513,0.013253751324817315,-0.22276534198216577,-0.14940114272964164,-0.020503789176740592,-0.28699248539712646,-0.27835746559459396,-0.1134107371960889,-0.20696316011761987,-0.0526627831921523,0.43480464423176535,1.0,-0.21251105674600962,-0.17019659093625736,0.1820063909984142,0.577763788061105,0.1298504251368646,0.4451258676059256,-0.2896349480830989,-0.13029030432946315,-0.027458980468407588,0.08217293946082924,-0.3422180430157225,-0.07455792938026441,0.04035254086015507,0.24936209548247257,-0.05185793177091219,-0.1441783742001291,0.010018407987951136,0.26566471961685884,0.186025866809043,0.23430420196192495,0.15340468088836473,0.4630700698866036,0.006931284813808382,0.3325901074994621,0.2922072851006861,0.35346046267003484,-0.031939054419112434,0.28965407326538584,-0.18151869885009841,-0.05650694483181793,-0.10941038656774697,-0.14539282327534683,-0.3773207213381253,-0.3351210066220944,-0.15975583517280398,-0.272784068723155,-0.49904772529863173,-0.1117564089282726,-0.24770936097984683,0.14775318952258765,-0.31737124369466646,0.11598466797886667,0.014608451736805616,-0.19641880961677916,-0.2304186024273044,-0.37442644375204204,-0.025485899162476393,-0.16289395883304514,-0.0002916590298751285,0.24674035174397757,-0.08576847373076525,-0.07305660257074326,0.190722692825666,0.169418833523257,-0.18168285666472758,-0.10536381674887839,-0.04459514379746432,-0.37549745396010803,-0.05126505112001849,-0.295810788196575,-0.15799153710683805,-0.2784116536110735,-0.3494425806245966,0.5187131939851302,-0.08769374208097921,0.0920399397556758,-0.0005817242945596826,-0.20463148164380943,-0.15837882204814765,-0.10720142801361075,-0.25824096135916297,-0.2846289316195045,0.03468351807728167,0.05399517089147256,0.1994820263130633,-0.11066786730311023,-0.08480583955565826,0.0950920000956259,0.182943524930472,-0.3792985839396282,0.07614053821450485,-0.2939253639761254,-0.1457211389046052,-0.25107858059272126,-0.31359083266262383,-0.25539449672879694,-0.14535616667596363,-0.24493620954824727,-0.16494672839850505,-0.20947971535353696,-0.168433886635482,-0.28310369833212473,-0.1504657778769454,0.19418435081959376,0.07929619329184232
#201,0.20928686976547745,-0.17460653921857694,0.6579333646773821,0.5887241112766856,0.18187092095721538,0.4821761269912104,0.012648120552399014,0.08425280303452892,-0.25737554686068104,0.5794675230498291,0.3785017013443409,0.20894261648431336,0.522249758943015,-0.2159822773310808,-0.11712739762050857,-0.21251105674600962,1.0,0.4466016941723976,-0.030531759755835174,-0.26520252771159225,-0.2530707870809394,-0.28603622628278175,0.0405629178653109,-0.11035708309094822,-0.021781988859581318,-0.09151240347759565,0.0837922048944529,-0.11028695742256293,0.09643713791647077,-0.007688323279331256,0.4082238283833643,0.11614245073273355,0.31779677900054987,-0.039058403525408604,-0.30414936767366063,-0.06003872849413096,-0.08048514212401087,-0.19276908733036363,-0.2544462064404051,-0.3796826813505566,-0.2636741068938313,-0.31988939269577416,-0.10469284160364653,-0.12107037270198981,0.17358174820103753,-0.1304002741276128,-0.02535680418203986,-0.04421264015172645,0.04499836639067966,-0.13726940209898875,0.33634661205364613,0.10836806413311127,0.15330108615097737,0.005536740272055718,-0.23918749850584514,-0.21930368398823802,-0.2673302042410092,-0.4815449959757429,0.1085099092350724,0.014769422021053639,0.34323805273769015,0.2365800986540653,0.009412777215532835,-0.010432786937500499,0.13979711369123987,-0.2595733490584832,-0.09542190949007483,0.018463769732805266,-0.1559658615496179,-0.03106885862505877,0.12054602395429082,0.18960386966188272,-0.134556813744631,-0.009992907744901943,-0.3685024185386767,-0.09842296934392655,-0.18429663157726972,-0.058612308648566806,0.2406952003761286,-0.049342970300185675,0.0964036688474687,0.26198630955701296,-0.2569324801377013,0.05554271689152037,-0.12264023141470567,0.17778928830415414,0.20186311150778155,0.5184438476679231,0.2049821099857358,-0.1807265975503829,-0.05155671014989362,0.13241001203292718,0.11056267880053232,0.23691957063965766,0.2201611296607671,0.4583812126959335,0.020835292336380082,0.6367968507199834,0.2129604985297516,0.33663348978794955,0.4407270756799401,0.7669421224171042,0.2858465682251034,0.5295507972810366,0.4879869948760449,0.47404473698889943,0.2575747675095028,0.015786244212640153,-0.08254109921985193,0.02935556104519121,0.043186255368996486
