,#10,#11,#12,#13,#17,#18,#26,#49,#50,#51,#52,#53,#54,#58,#101,#102,#201,#202,#301,#302,#401,#402,#501,#502,#601,#602,#701,#702,#801,#802,#901,#902,#1001,#1002,#1101,#1102,#1201,#1202,#1301,#1302,#1401,#1402,#1501,#1502,#1601,#1602,#1701,#1702,#1801,#1802,#1901,#1902,#2001,#2002,#2101,#2102,#2201,#2202,#2301,#2302,#2401,#2402,#2501,#2502,#2601,#2602,#2701,#2702,#2801,#2802,#2901,#2902,#3001,#3002,#3101,#3102,#3201,#3202,#3301,#3302,#3401,#3402,#3455,#3501,#3502,#3601,#3602,#3701,#3702,#3801,#3802,#3901,#3902,#4001,#4002,#4101,#4102,#4201,#4202,#4301,#4302,#4401,#4402,#4501,#4502,#4601,#4602,#4701,#4702,#4801,#4802
#10,1.0,0.4381228633585414,0.5055231932679358,0.5970467531018655,0.05800827164133908,0.2522754982508427,-0.35270183043932135,0.6628230362820645,0.18820135629417717,0.35658902373913254,0.49443377507191866,0.17770322498386312,0.08884444054857397,-0.2646447098948912,-0.272911569938401,-0.13745906015666712,0.15686793264748305,0.09020392225613401,-0.028509271728996168,0.1360039525376726,-0.10593438468710405,0.01560774251129581,-0.020390631848209804,0.16149144546533958,0.05996700906055511,0.11243535289945732,0.33607885950162963,0.4356875901473436,0.1165695798038075,0.11295970164715632,-0.13276701543561586,-0.04596259433097722,-0.033304911187434755,-0.0673222354150563,0.039354843850855456,0.22770123277737492,-0.3321470407764824,-0.1570958410697352,-0.08580672409533903,0.10954107531337408,-0.05906334419749938,0.2826048498274749,0.0470001354700412,-0.20433663508355315,-0.07468064929993865,0.16949055295683288,0.3312433759134267,0.45937572217485195,0.3978563858186773,0.3909569763086804,0.25206512124568686,0.30215556742025196,0.342047510140331,0.20423622787654694,-0.23290487612460056,-0.038243989513025045,-0.3436508379220489,-0.249446565037573,-0.22814270573516404,-0.2299229414530357,-0.18232355027133854,-0.2598411016104997,-0.11916104200368159,-0.3785590768912016,0.3515096940767717,0.2628931619504498,-0.06569659492067034,-0.6082477348612229,-0.038653587167002686,-0.1518635099490792,0.0749515893823363,0.16752384671166398,0.019558686418729928,0.15177425909840703,-0.128350692092534,-0.12170309748264788,-0.10871709870984708,-0.3088143183864721,-0.45852783909346634,-0.1172692427224697,0.11893153981623887,0.21510411271107427,,-0.13932376542963926,0.13806787845946655,-0.20418044609487684,-0.3296480169576616,0.056631258516682735,0.30333654742646765,0.12479181442198121,0.2226378407669198,-0.42916112169194115,-0.13303636175282296,-0.25785367641785334,-0.13004805202049582,-0.17094566057582736,0.23189921028934807,0.009449433814916048,0.32730518212751714,0.13774912542135168,0.21689709855047057,0.07324785439361219,0.11986389245272494,-0.027503605893743673,0.08898469188534454,0.25834774362693147,-0.030759668178087323,-0.26846177752631706,-0.2747826502721354,-0.242929659173314,-0.1279203754910789
#11,0.4381228633585414,1.0,0.56709671764059,0.37545282853477197,-0.26132649076811515,-0.04593550032273745,0.07127955438325272,0.2405804492824072,0.1085656910167425,0.48667851365458326,0.29502028066205005,-0.16320474304520716,-0.11028058236180063,0.09847078229964379,-0.6420897449178813,-0.2737482966634526,0.199101116432516,0.23838583461498616,0.07186287244300298,-0.04909593669564663,-0.22452804628294112,0.10573516403828224,0.1407071536150579,0.14549482424754362,-0.13474647180230936,0.1487349488799815,0.2096948736542645,0.28869462662066,0.14882101220027252,-0.10572241391675764,0.023857071137709282,-0.37172819928439943,0.14742009259775757,0.09949557331718319,-0.09282088469905729,-0.304766154802413,-0.3003004247384233,-0.26543840495979726,-0.16317924280215795,0.018954649411502204,-0.007442883439982787,-0.07120942871486743,-0.0955239104622716,-0.5909729139605862,-0.07603216218154579,-0.22802317334587097,0.3436827132258604,0.14754121875224124,0.41259393253591947,0.1322155726796771,0.2255974627258166,0.37751516069137536,0.4587557475157185,0.5366462399094741,0.0853030942951175,0.34764003219405687,-0.1443281881280431,-0.30335407884356397,-0.28506084198615017,-0.07474439990756161,0.02033166253615855,0.11400361784698261,-0.5070229263122664,-0.4618269330379555,0.4574568288854003,0.48096167791599265,-0.21629784283881456,-0.29066452039621005,-0.12099387197284224,-0.09819346715648383,0.4141271346492521,0.4725657228920463,-0.07426786411557985,0.21677915992636804,-0.15139653674824088,-0.03011738080628581,0.1092844791176916,-0.02940815529648017,-0.5099187976635402,-0.3627505199658934,-5.100048609838312e-05,-0.1593621751707321,,-0.19637418419144306,-0.10858162866864825,-0.01272462128154659,-0.07280478767063249,-0.1454454175266358,0.029017682824789424,0.11972204735076382,0.08691757843316944,-0.13189522587637165,0.031970929722923924,-0.15033190160093712,-0.2902915793416156,-0.06978619639968443,0.3683781048538119,0.1167943006956785,0.30814493700643086,0.08982141861039614,0.2667357298249249,0.3539943740088773,0.01512642542374232,-0.08087880212608277,0.018822366900684524,0.26845380870036417,-0.05590131405939963,0.05844815083393764,-0.10856409725155193,-0.07515399756153926,-0.1886683294950155
#12,0.5055231932679358,0.56709671764059,1.0,0.5855796125556821,0.04225709026289157,0.19647777892883042,-0.05152961614165385,0.32861206958378825,-0.0003155655077337456,0.4807082692506913,0.42373594498322564,0.13063296384543666,0.10054745834296233,-0.046286128664663834,-0.6145287634772769,-0.2392273426356095,0.39160404497605367,0.4188924925690698,-0.0666544478002056,-0.006792627242228402,-0.42848377148594696,-0.1156898214186104,-0.062415032393277496,-0.05846727601622453,-0.30713289611041605,-0.10699742606921722,0.019574624070635673,0.1373729968363761,-0.1442022806779877,0.05245559371737762,0.12454796834782332,-0.31940010678226777,0.25977575723768614,-0.0767493565173043,-0.020371506665922908,0.002403397907386305,-0.2618094016208592,-0.12040417885232968,-0.30509606419686186,-0.20060403700722773,-0.022967750161368726,0.18152985520643244,0.01892914916845301,-0.3070293013730287,-0.20893783518874165,-0.15633720883902175,0.2708173624779861,0.038012893560391746,0.4493238451178988,0.06543362366422555,0.2883121229749221,0.4593996286527106,0.4217134569563866,0.28106208512299885,-0.19139844926646957,-0.016552845269306473,-0.3299683637609671,-0.336279673915642,0.008225422148554854,-0.03951103283953175,0.02964722007506634,0.044808708333001296,-0.28137924439592316,-0.21234371140099928,0.2396512841763023,0.2838097363115492,-0.19865326841396458,-0.24399270055542716,-0.18084772370486657,-0.2255161807010973,0.5506347169871463,0.5507207803074373,0.004897640430635355,0.16442237965080606,-0.042687406864346675,0.15336483675860035,0.052565563515527255,-0.07353154459753444,-0.4999179210926854,-0.23381332228322801,0.018502020097379054,0.10536381674887839,,-0.05348994732606045,0.1649260094510276,0.0010805727992094926,0.04493939707862841,0.19461626118623943,-0.07650072914757469,0.33358302321319,0.14007124130401868,-0.10709623951103284,0.03933253113818741,0.034293045605590926,-0.09358907952091418,-0.05726079576695965,0.01965112479978325,0.3486982922805983,0.1739275952473922,0.32492090940241775,0.5127732311198591,0.4906820518133063,-0.07654057327733906,0.24416163966562807,0.27225812621026546,0.3629051151893791,0.25555865454342613,0.006614125540884062,0.06883790611129262,-0.037545920359553425,-0.0804452979942465
#13,0.5970467531018655,0.37545282853477197,0.5855796125556821,1.0,0.12587398098638128,0.2376399525057973,-0.22086876140538214,0.40327359370143995,0.337916470766362,0.646727601622453,0.3462183936440644,0.2354995258548558,0.1806580656471882,-0.08721720628899744,-0.29538684665588216,-0.471136115516101,0.4285188343201396,0.16714453059630724,-0.06605678585374017,-0.02302990700380113,-0.15432747093370733,-0.29559881742622857,-0.08117842998191077,-0.205981400760226,-0.03700244642956753,0.09957685534190248,0.04885368438667931,0.17102534883535608,0.28475802659994104,0.37417303508674066,0.2793344436564161,0.057799488401373826,0.19719975456016064,0.09728820852823754,0.28035126584800263,0.29589525775167547,-0.06376335774450351,-0.03231358923889743,-0.022841842711313343,0.025162364828789776,0.10795687271394305,0.34027364948322164,0.0940815529648017,0.052626126592769086,-0.14180366406617312,0.04287865868721561,0.1389460430794731,0.3015164675788316,0.14025452430093474,-0.021987584569165424,0.01916024512108631,0.16247320482273347,0.00531680067575644,0.002411366733339177,-0.31791631138984294,-0.11738877511176278,-0.22705735164038282,-0.25578815673086885,0.027728326785614675,0.0620468726342548,-0.0784785917490776,0.07391882953884404,0.02327215931276845,-0.31550494465650375,0.1346811274294958,0.06106511327686092,-0.00630334132872204,-0.42407860449919915,-0.16035987218003173,-0.31308720286240227,0.05487811680705082,0.14309620763572903,-0.07884675150810032,0.1402146801711704,0.1114567810724446,0.03645897249958164,-0.034033261879527286,0.017974483819298902,-0.3424539202639275,-0.3362860489764043,-0.06326929053542542,0.17274024018041423,,0.06545912390727474,0.1564216783941222,-0.043065129214512825,-0.10336842273027914,0.3778243511383468,0.20570249185187547,0.29291013554972944,0.319447919737985,-0.15501597749603552,-0.01969096892954761,-0.14557929380264406,-0.059337471810278195,-0.012974842416466782,0.06306688235622246,0.13551466662416625,0.22005753492337973,0.10004860983831253,0.30356764337910097,0.23725266756448773,0.24675628939588332,0.28386392432802876,0.19638055925220538,0.11184247224856361,0.2539170763971344,-0.0967654535457291,0.0007666010566663214,-0.12626285969288145,-0.003984412976436182
#17,0.05800827164133908,-0.26132649076811515,0.04225709026289157,0.12587398098638128,1.0,0.6565165074229614,-0.43007275538094974,0.35274167456908573,0.33544613472097157,-0.02005115986261744,0.4095004343010144,0.8076038537242308,0.5377714381340197,-0.13569157456032002,0.06551012439337313,-0.2822685653722637,0.21476942202105365,0.08646654288423687,-0.13421893552422923,0.016173529153949748,-0.22153814278542341,-0.4938201754735475,-0.11379642837220792,-0.37639633752759205,0.09409589685151687,-0.25838599399150525,-0.057099825482711634,-0.07437942767892007,0.12064324363091586,0.46237359449832255,-0.02861446023157408,0.4158085569253082,-0.04316553642151902,-0.13148244069201284,0.20552399015053113,0.5835077178079353,0.2635211054355362,0.37225732932767014,0.34376718278096086,0.07808174421662456,0.0522882483723673,0.3929826518659006,0.4291308401533202,0.5806166277522332,0.10294607495477691,0.4018376112647324,-0.1699511510969089,0.1088844440548574,0.04064101235964905,0.16385818677334268,0.17710237550701655,0.17549267266453633,-0.09308704348588323,-0.40576624245949844,-0.31807887543928154,-0.538141191658233,-0.21497501773063774,-0.12927826343344834,0.20868123899305915,-0.00454701208870897,-0.31017380009403217,-0.2649539003418626,0.44403254468519154,0.20643243630915858,-0.3653882013562942,-0.34567970100965023,0.37322793232873,-0.07333073018352206,-0.03184661603805911,-0.07372439018559396,-0.21862792754743443,-0.07187402879933699,0.11098343281084398,0.012264023141470567,0.01892118034250014,0.14219732406824503,-0.26916781550574154,-0.24671963279650008,0.1387771039692722,0.3732661826933038,0.288106527265338,0.7303110232769406,,0.5805401270230857,0.7565746798524173,-0.07820446413629879,-0.24991194447322077,0.38089075536501205,0.3410450318354597,0.47676529416921004,0.5916773581748201,0.03688450780546502,0.25613081624684236,-0.22529464733960747,0.07347416905067376,0.06797567914319183,-0.20549689614229136,-0.18631752583891814,-0.3009937125963232,-0.008061264333925683,0.0199539401859924,0.08401851955151447,0.1928264628772243,0.27128592944401503,-0.1008741802070301,-0.2239622596402872,-0.058350931157312595,-0.3780952912207444,0.05313294392337177,-0.3036409565778674,-0.15765047135605512
#18,0.2522754982508427,-0.04593550032273745,0.19647777892883042,0.2376399525057973,0.6565165074229614,1.0,-0.26745770545625513,0.2864649491190463,0.39422578871454866,0.16078381372072453,0.4376925467570863,0.6656089378351887,0.8008032576560495,0.01669150284088645,-0.1967088748814637,-0.3448875997099347,0.3724932065758752,0.30679661165520483,-0.28523137486154165,-0.15805847524484218,-0.3330953310648742,-0.5270230856887854,-0.22977950258588403,-0.4061471523400457,-0.19140323056204128,-0.39447760361465944,-0.020491039055215994,0.0647562734582314,0.15050721577190032,0.6121094279179848,0.04232721593127684,0.31551291348245664,0.12258126210265441,-0.24144108248531743,0.2030536541051407,0.5715114472184813,0.1357425750464184,0.08747380248467994,0.21552327295619536,-0.05290503550111962,0.07377698443688291,0.4521161217317853,0.4708380814254636,0.41555036696443515,0.0757755659858633,0.20831945429479876,-0.07785224202918184,0.20087816462000654,0.23599199929874332,0.2715919323606053,0.3392377021093482,0.33662711472718726,0.11832272151343942,-0.19417000693287859,-0.3919594546135518,-0.5432523966244053,-0.30818159360581404,-0.40456932480137703,0.28737180151248315,-0.032692905354254155,-0.30829634469953543,-0.30479324881065273,0.38319693359577334,0.16665205715241974,-0.15889838950027493,-0.12563332244260453,0.40773135493947676,-0.14177657005793337,-0.16620261536867773,-0.13657770800627944,-0.07432842719282168,0.15654439831379643,-0.04872140187586163,0.11181378447513328,-0.09483540389994342,-0.03291762624612516,-0.30479165504546213,-0.28977041812429777,0.16739156420084628,0.35301580218186457,0.10311342029978723,0.601400919602515,,0.6932432324745595,0.5345520324490592,0.13044330578775828,-0.1449274438396991,0.16858848185896771,0.27702189036489255,0.5655443903449705,0.5774163472495597,0.07145486855421591,0.35381109101196123,-0.14805759867398735,0.0650559013140594,-0.16776131772505956,-0.22611703017794388,-0.09615185394735794,-0.10670736080453266,0.25239184310975465,0.2740670497015675,0.2634876363665341,0.3911434468359777,0.18360812501494156,0.08189721808285985,0.0071910685398720205,-0.07111061527305182,-0.3972778490544988,-0.1951485787598913,-0.20179298583939628,-0.15411868769374207
#26,-0.35270183043932135,0.07127955438325272,-0.05152961614165385,-0.22086876140538214,-0.43007275538094974,-0.26745770545625513,1.0,-0.4694307867621863,-0.11159065734845285,0.15919164229534064,-0.28202790682848694,-0.45931356533241957,-0.11665404935890795,0.6775350827562575,-0.048651276207476356,0.21949493581110696,-0.05601287762273984,-0.02940178023571787,-0.10242810126784022,-0.11257401047103731,-0.009715592601741985,0.1343257177919977,-0.16333065049526252,0.03730207428539553,-0.2751364661444429,-0.07338810573038275,-0.292687008423049,-0.2119436763381651,-0.12155647108511503,-0.3124544780817442,0.041034672361720946,-0.29882459817195134,0.14110081361712978,0.07036632692905355,0.019969877837898144,-0.28393564376160463,0.1259982946712461,0.05075982755460638,-0.23077560582999307,0.0010630413821131732,0.06321350875375531,-0.37591661420522915,-0.3886938297380647,-0.17355784172317892,-0.028080548892731635,-0.12707408617488386,-0.021206639625783934,-0.27202862402282274,-0.18094813091187276,-0.26134880348078315,-0.15817322633856354,-0.2538294193116528,-0.11622851405302456,-0.011820956418490864,0.12754902820167505,0.27577397222067274,0.11615998214982987,0.14208257297452367,0.01803026560096901,0.2197340005896931,0.04224115261098582,0.18656296567826663,-0.01222258524651563,0.3009124305716039,-0.09205428364239096,-0.011873550669779822,0.11372152140825093,0.6555172166484712,0.005292894197897823,0.18088119277386863,0.19640127819968284,0.1753014208416674,-0.09102949262485158,-0.035891592091737125,0.0682769007642104,0.06955988174262286,0.07527034242045119,0.1428794555698109,0.30340986062523406,0.11597510538772322,-0.3131541410004064,-0.5838344396720031,,-0.051577429097371084,-0.3725394257664018,0.16156953995967774,0.23616412593932537,-0.2488234028480584,-0.4688203746941963,-0.2704938281442995,-0.3961845261337647,0.27764824008478833,0.19091872594410667,0.219453497916152,0.07063248571587948,-0.2209101993003371,-0.11622692028783399,-0.04854768147008901,-0.0682769007642104,-0.11670026854943462,-0.12816581533042737,-0.0012160428404083227,-0.12407302632103212,-0.142111260747954,-0.009742686609981751,-0.01628828024767111,0.014829985098295468,0.11555913267298329,-0.00847723704866562,0.29954657380328154,0.29329263919546733
#49,0.6628230362820645,0.2405804492824072,0.32861206958378825,0.40327359370143995,0.35274167456908573,0.2864649491190463,-0.4694307867621863,1.0,0.37518348221756487,0.1923833961542446,0.5553076365259106,0.42417741794101477,0.17285658503932616,-0.22268724748782762,-0.05042513686458574,-0.2012287929619329,0.16461522523886557,0.0961980731378846,0.01786292025595869,0.20842942409294837,-0.09476527823155814,-0.19794882419973064,0.008466080692331599,-0.09758146132330324,0.19402975559610802,0.025049207500258987,0.07409892500537896,-0.031276048099833455,0.14499278821251266,0.2149160484185865,-0.06080373578560671,0.1212026552128075,0.020843261162332954,0.1701806532843516,0.18145813577285658,0.40535345727513966,-0.03713154141000406,0.2616085872068468,0.09677501613687256,0.19160085744567254,-0.1320291021523799,0.3070946457458423,0.018573739530954904,-0.07701073400855851,-0.14832216369562273,0.047607360007650076,0.09157934161559977,0.3736805616428532,0.24203077560583,0.28926519455888566,0.33173744312250475,0.17851923276143725,0.16284136458175616,-0.09983504530277554,-0.37274980277155767,-0.23970228466240068,-0.4852393436874945,-0.3619902939699894,-0.24533146331550973,-0.40098335312258443,-0.09332929579485054,-0.178524014057009,0.11332148634541674,-0.30194997171066784,-0.06796292902166724,-0.03342444357672784,0.15500003984412977,-0.4030169975057575,0.28873925204599604,0.15851429208934648,0.15337599311493438,0.24956769119205668,0.3137996159025891,0.12703742957550065,0.06102526914709656,-0.04400704444214234,-0.024885049685629816,-0.2853222194774044,-0.3757556439209811,0.023925603040903985,0.31978261042800565,0.3942226011841675,,0.07164452661189427,0.28816549657738927,-0.15772856585039327,-0.3193538875917411,0.20369912900732334,0.34296233135972076,0.19448397867542175,0.138002534086653,-0.4025388679485851,-0.3115380630971639,-0.2610093314951908,-0.15188741642693782,-0.03253034130481556,0.08367586003554096,0.028866275131684847,0.0004605981400760226,0.10127421526986428,0.18225342460295324,0.1774928479787073,0.20412944560877846,0.3209109961829324,0.20349512706292983,0.20448644901146715,0.13559913617926672,-0.1355752297014081,-0.05207787136721147,-0.37391962642143933,-0.20974268660998174
#50,0.18820135629417717,0.1085656910167425,-0.0003155655077337456,0.337916470766362,0.33544613472097157,0.39422578871454866,-0.11159065734845285,0.37518348221756487,1.0,0.4259959040234602,0.33133900182486115,0.3414434731331033,0.393408187171784,0.1573763437432763,0.05684960434779144,-0.2633633226816693,0.3695128656695009,0.2943110551522444,-0.16572607957669597,0.037203260843579916,-0.008169640366884747,-0.2811688673907673,-0.07321757285499128,-0.3573030305445099,0.045597622102335665,-0.014414012383555531,-0.1202033644383173,-0.2644996772625489,0.23599199929874332,0.305912071974436,0.3358732637920455,0.31093402608993614,0.2863023850696077,0.09802293428109236,0.17264620803417033,0.24689016567189156,0.3218529114105619,0.2510180175154794,0.28234825363179245,0.224172636645443,-0.06459211564360223,0.039440907171146476,0.13914526372829492,0.19357234498641315,0.043481101929252766,0.0684522149351736,-0.24940193961223692,-0.018014327949063266,-0.07185012232147837,-0.11358445760186152,-0.05866330913466519,-0.06904828311644845,-0.14598729769143112,-0.10158340571683575,-0.13228251081768122,-0.11400839914255433,-0.2312856106909769,-0.20516379921746128,0.014578170198184701,-0.039576377212345304,-0.22087194893576328,-0.13957717409494058,0.3100128298097841,0.022290399955374574,-0.3223135095506379,-0.10282335503510268,0.33641992525241254,-0.03358382009578529,0.17222545402385867,0.18728175377921571,-0.017223820414538325,0.08168843484289459,0.1343512180350469,0.15020121285531002,0.19424810142721674,0.040392384989919435,-0.06742901768282479,-0.11623648287897743,0.220266318163345,0.16929770736877336,-0.05002032050617983,0.14663436635880436,,0.41878411653611075,0.14112312632979784,-0.048585931834662796,-0.28032895313533457,0.07413558160476218,0.06516108981663732,0.14471069177378096,0.2843882730757277,-0.14716827769764682,0.013550191650264167,-0.3034465172246173,-0.19667381204727108,0.2928655101243934,-0.06613169281769717,-0.12349130202647245,-0.20214680171170382,-0.15197029221684769,-0.029498999912342914,0.21556152332076914,0.49484656025627743,0.31258197929699016,-0.04990556941245846,-0.22939221764457443,0.007607041254611958,-0.2574998605455458,-0.02413757381125039,-0.22570902628915682,-0.18182470176668872
#51,0.35658902373913254,0.48667851365458326,0.4807082692506913,0.646727601622453,-0.02005115986261744,0.16078381372072453,0.15919164229534064,0.1923833961542446,0.4259959040234602,1.0,0.3640462510658305,-0.0974778665859159,0.09217540979687462,0.14150244244515456,-0.2871757683940425,-0.3325725760823658,0.6110702930137303,0.26867215453147286,-0.09139127732311199,-0.07023563818342643,-0.18420578696140696,-0.17126919490951398,0.054162516236482876,-0.24490433424443578,-0.13199882061375898,0.0007618197610945979,-0.04897640430635355,-0.03710922869733602,0.07100383300528333,0.17868179681087584,0.3570575907051614,-0.057738925324131996,0.3476671262022966,0.2673397668321526,0.07349648176334181,0.0752512172381643,-0.02482129907800684,0.023740726278797347,0.022575683924487406,0.03600156188988676,-0.07141024312887982,-0.06557387500099611,-0.04721529377076875,-0.0777295221095076,-0.172553769653117,-0.008375236076468853,0.24405645116305014,-0.010284566774777073,0.10572719521232937,-0.29403533377427504,-0.10792499741013156,-0.01935627823952697,0.026571253257257607,0.10627066914231527,-0.18476360477810805,0.046528380973631156,-0.16713018670959207,-0.19651762305859477,-0.047626485189936965,0.06498258811529298,0.04244037325980763,0.21802867183577843,0.036444628612866466,-0.26797408537800127,0.20770585469642758,0.21664209611997864,0.006974316473953892,-0.08045964188096168,-0.035536182454239014,-0.11510012829809785,0.30672648598681956,0.35881073241479333,-0.07757014559045015,0.22449138968355792,0.029862378375793894,0.045017491572966556,0.1401206480249265,0.21293181075632128,-0.18449425846090095,-0.2636517941811633,-0.29134983942815706,-0.14264517208679645,,0.016385499924296155,-0.035161647634454014,0.048327741873789735,0.04784961231661739,0.07429973941939134,-0.03140195554988884,0.046112408258891215,0.06411398608642989,-0.13666536509176103,0.09466327725936138,-0.14729737267808335,-0.21841276924670688,0.07641785335766481,0.010439161998262796,0.22664456645602404,0.19468319932424355,-0.001698953693152388,0.1038704587653101,0.35326602331678475,0.31179784682322753,0.260124791814422,0.05696754297189395,0.06175840113476082,0.15609814406043557,0.053872450971798325,-0.06872315501757126,-0.0880124951190941,-0.09068205181330635
#52,0.49443377507191866,0.29502028066205005,0.42373594498322564,0.3462183936440644,0.4095004343010144,0.4376925467570863,-0.28202790682848694,0.5553076365259106,0.33133900182486115,0.3640462510658305,1.0,0.348017754544223,0.3111252779128051,-0.18540111085433783,-0.2464757867223422,-0.15457769206862754,0.3354891663811171,0.39892580226155283,-0.08707854871741746,0.03172548988357545,-0.3678250683326825,-0.2899728263035007,0.04697144769661086,-0.023103220202567557,0.06716126513080828,-0.010482193658408306,-0.027420730103833803,-0.040456135597542416,0.044022982094048084,0.30271816653252476,0.12538310130768435,0.16605120767557316,0.22020734885129373,0.20110766680744926,0.02669237941174127,0.2549466487102455,0.047197762353672436,0.27878140713528676,0.08071783184183474,0.16478257058387588,-0.1039150841906462,0.380685159655428,0.3379005331144562,0.118549036170501,-0.2658049709536294,0.05158699168851453,0.16285411470328076,0.07872403158842607,0.2665492592976277,0.06469411661579899,0.3044314641123923,0.218704428276582,0.2519806516905864,-0.07804508761724135,-0.3314346277362956,-0.185276797169473,-0.4870387045876531,-0.25351385380391905,-0.1396648311804222,-0.1697391803265625,-0.10415255520404179,-0.08890340986062524,0.10188143980747316,-0.09629051151893792,-0.10627226290750584,-0.06177115125628541,0.1614165385013826,-0.37412362836583285,-0.005139892739602674,0.04345082039063185,0.19543545649419472,0.22274143550430714,0.10944066810636789,0.2900238267895991,-0.09735036537066993,-0.033222035397524885,0.06838049550159775,-0.10089649291969814,-0.19744200686912797,0.26915347161902636,0.25033907354429474,0.3744710691773781,,0.15576504713560552,0.2815067456111691,-0.0381658950186869,-0.2493732518388066,0.35439759660209263,0.2891791312385946,0.2731968539075138,0.3367115842822877,-0.2666815418084454,-0.15825928965885455,-0.271136115516101,-0.28574934854847833,0.016450844297109708,0.14757150029086213,0.15320227270916176,0.04868793280685957,0.2010550725561603,0.17378734391062164,0.25822183617687605,0.1852034839707066,0.38916877176485587,0.1581254133828463,0.19114663436635881,0.1544804723920025,-0.10684123708054093,-0.04026169624429233,-0.2045262931412315,-0.25843380694722246
#53,0.17770322498386312,-0.16320474304520716,0.13063296384543666,0.2354995258548558,0.8076038537242308,0.6656089378351887,-0.45931356533241957,0.42417741794101477,0.3414434731331033,-0.0974778665859159,0.348017754544223,1.0,0.6001051885025779,-0.16575954864569803,-0.024236387253066007,-0.33454087609272526,0.19449513503175578,0.1253050068133462,-0.026284375522954203,-0.020244005450676953,-0.200760225995904,-0.4244324203715067,-0.07755102040816327,-0.29879909792890214,0.1754831100733929,-0.19456526070014105,-0.012939779582274144,-0.033077002765182606,0.1966594681605559,0.47207643697853996,-0.105762258046522,0.3187530381148945,-0.024564702882324346,-0.21119938799416682,0.2375921395500801,0.5848958872889257,0.218479707384711,0.2333957558032975,0.2939173951501725,0.02088469905728789,0.14503103857708644,0.45748073536325895,0.4297189395086422,0.49891225525743294,0.1299619887002048,0.2950585310266238,-0.19263521105435535,0.2561642853158444,0.10194678418028671,0.24608372048546087,0.3144721848130115,0.30208066045629495,0.004107132896110416,-0.3004916765612922,-0.34993346030329353,-0.5137406465905379,-0.33452493844081954,-0.2991321948537322,0.13885519846361036,-0.13429543625337678,-0.3524771095474504,-0.39414450668982937,0.32153256460725643,0.10804134226904351,-0.33249448158802763,-0.27073448668807626,0.36970411749236987,-0.1123492895791663,-0.020720541242658718,-0.0412562057232108,-0.14683836830319788,0.07085242531217875,0.05633003689566416,0.0013021061606993442,-0.00583318059750257,0.028922056913354956,-0.3497756775494266,-0.40165114073743513,0.04688379061112926,0.28652391843109754,0.4434412577994884,0.7758401134760816,,0.5665022432245057,0.6612914279339225,-0.06453314633155097,-0.3253480384734917,0.3105196471403868,0.44720732494481585,0.5959741491286089,0.5965494983624062,0.02540621090294767,0.2078285746161018,-0.21872195969367833,0.10758074412896748,0.07373235901154683,-0.10563475683127604,-0.15357202623337504,-0.3114790937851126,0.13092143534493064,0.21418291643092224,0.08400736319518046,0.21159145423104814,0.2907968029070277,0.08931460127979345,-0.03653547322872921,0.002067113452175091,-0.38620596227557796,-0.02961534477125485,-0.2953980030122162,-0.21182733147925317
#54,0.08884444054857397,-0.11028058236180063,0.10054745834296233,0.1806580656471882,0.5377714381340197,0.8008032576560495,-0.11665404935890795,0.17285658503932616,0.393408187171784,0.09217540979687462,0.3111252779128051,0.6001051885025779,1.0,0.026673254229454376,-0.09134824566296648,-0.2353624620484664,0.34469953541744697,0.36312346102048787,-0.22474798587924041,-0.24337750719186543,-0.3547275059965415,-0.43866474352333673,-0.24928718851851556,-0.3378989393492657,-0.21587071376774059,-0.33144419032743905,-0.18537242308090748,-0.07747611344420627,0.19036409565778672,0.5005538334037246,0.2701926065232809,0.24551155878204464,0.296237917267649,-0.11051008454924335,0.20094988405358238,0.41065272653379975,0.21518539473579357,0.13322920734088248,0.1663030225756839,-0.16551092127596842,0.1507654057327734,0.3342842798970428,0.4153670839675191,0.45568934328905325,-0.08671995154953821,0.05091920407366383,-0.05135430197069066,0.16294495931914352,0.1489102630509447,0.17615886651419646,0.35319271011801834,0.24671963279650008,0.10056020846448693,-0.16296567826662098,-0.3474232801281387,-0.4538246380160811,-0.4295452191028696,-0.4614906485827443,0.1507829371498697,-0.15238148363601592,-0.16124441186080055,-0.1666488696220386,0.26258556526866894,0.19823251440365292,-0.2771222975718987,-0.2392831244172796,0.24495692849572473,0.012821840958171633,-0.14032464996932,-0.11332467387579788,-0.09816956067862521,0.13245463745826327,-0.1373666217756138,-0.07821880802301397,-0.187052251591773,-0.14933420459163751,-0.19223039469594944,-0.17566161177473721,0.2600674162675613,0.27114727187243504,0.06258397150347839,0.5180167185968492,,0.6573835156866339,0.28015682649475254,0.25127461371116194,-0.07775661611774737,0.26826574440787637,0.1894428993776347,0.42180430157224935,0.48280247671110615,0.04575859238658368,0.218479707384711,-0.03751085752536079,0.08202631306329639,-0.01104638653587167,-0.2852218122703982,0.06873112384352413,-0.05467570862784786,0.3218321924630844,0.37345105945541046,0.3551673851891401,0.3436492441568584,0.31867653738574697,0.22137557873598482,0.103515049127812,0.19939118169720055,-0.20473507638119676,-0.09297547992254301,-0.07592378614858673,-0.08365673485325407
#58,-0.2646447098948912,0.09847078229964379,-0.046286128664663834,-0.08721720628899744,-0.13569157456032002,0.01669150284088645,0.6775350827562575,-0.22268724748782762,0.1573763437432763,0.14150244244515456,-0.18540111085433783,-0.16575954864569803,0.026673254229454376,1.0,-0.14898995131047343,-0.15315764728382567,0.008026201499733045,-0.1813258532620389,-0.21770991879766355,-0.06587509662201468,-0.026499533823681757,-0.15086740670497015,-0.32386264931587627,-0.30196272183219247,-0.30681095554192,-0.15850472949820302,-0.3632398058793998,-0.27513168484887124,-0.06613488034807832,-0.0822191586513559,-0.0446461442835627,-0.04921706285013029,0.04084820183442373,0.043737698124935255,0.2818557801879049,0.01765254325080286,0.365812142896987,0.18667931053717857,-0.016724971909888517,0.14689893138043972,0.18129875925379912,-0.11138984293444047,-0.1743387866665604,-0.04362932209197619,0.1646630381945828,-0.021949334204591636,-0.3547976316649268,-0.22917227804827514,-0.13144419032743906,-0.11832112774824885,-0.016133685024185388,-0.07054642239558846,-0.157295061718557,-0.08613822725497852,0.006223653069193316,0.08794077568551825,0.044346516427734704,-0.013991664608053296,0.1367657722987672,0.2860585389954498,-0.20570408561706605,-0.03993656814541514,0.25344213437034324,0.33852528906916146,-0.2865047932488107,-0.19333328020782697,0.524219652718565,0.5363083616890724,0.038967558909545855,0.28954569723242674,0.11984954856600977,0.19440429041589302,0.1568950266557228,0.12662623815633242,0.34388830893544453,0.16011283857549266,-0.13724708938632071,-0.05232331120655994,0.3796763062897943,0.18832407621385142,-0.11275410593757222,-0.3362175170732096,,0.18929786674529242,-0.032637123572584054,0.10117221429766753,0.10074349146140299,-0.15738750009961033,-0.37654137015993433,0.08152746455864658,-0.13429065495780507,0.3940170054745834,0.3600124313684865,0.04691566591494075,0.15149375642486593,-0.29427758608324234,-0.34589326554518723,-0.3550351026783224,-0.32272948226537784,-0.10783734032464996,0.014429950035461275,-0.14131597191785733,-0.04536811991489294,-0.13499828670242014,0.008561706603766067,-0.13336627114727187,0.03324275434500235,-0.14301970690658145,-0.00024225230896731984,0.17209635904342213,0.24750217150507217
#101,-0.272911569938401,-0.6420897449178813,-0.6145287634772769,-0.29538684665588216,0.06551012439337313,-0.1967088748814637,-0.048651276207476356,-0.05042513686458574,0.05684960434779144,-0.2871757683940425,-0.2464757867223422,-0.024236387253066007,-0.09134824566296648,-0.14898995131047343,1.0,0.37426228593741284,-0.2647259919196105,-0.27411167512690354,0.24844727426308283,0.21007578353481182,0.5442660312856107,0.10904541433910542,0.08191634326514674,0.12002805026735411,0.4342372638239208,0.16782825586306369,-0.14650049008279611,-0.4081903593143622,0.10320426491564998,-0.0787288128839978,0.052015714524779065,0.16053199882061375,-0.19971471603088717,0.15234004574106097,0.2090844615862745,0.10234522547793033,0.42369450708827067,0.426547346779399,0.39814326355298074,0.22557674377833914,0.012630589135302695,-0.10731936663771327,-0.01444588768736702,0.29736630302257566,-0.049339782769804524,0.002100582521177155,-0.36467578831610736,-0.15924104901624844,-0.561725728948354,-0.29766114958283196,-0.3967885631409924,-0.6139311015308114,-0.5377762194295914,-0.4384097410928448,0.07966594681605559,0.03183386591653452,0.05316163169680211,0.2872443002972372,-0.1276717481213493,-0.17835826247718922,0.09475890317079584,-0.0138291005586147,0.47505518411972364,0.179647618516364,-0.40632724780658064,-0.3285881631059296,0.2136282861446023,0.23463251759118328,0.5669596538342007,0.3235423025125708,-0.23969750336682896,-0.40778713672114686,0.22524364685350906,-0.18491820000159376,0.21585636988102544,-0.09595263329853612,0.08310847962769645,-0.014732765421670426,0.44610443943293837,0.23214783765907768,0.11047661548024129,-0.0021452079465132403,,-0.0007363195180454064,-0.12780721816254811,-0.16932958267258486,-0.1271585557299843,0.10482034281889249,0.023794914295276876,-0.3575468766186678,-0.21327765780267594,-0.17487747930097458,-0.28764752289045253,-0.11790196750312776,-0.08251081768123103,0.21377810007251632,-0.11790993632908063,-0.16117587995760585,-0.2690929085417845,-0.3220027253384759,-0.5086740670497015,-0.3356501366653651,0.0502338850417168,0.048150833937635966,-0.15790866131692818,-0.3812621026544159,-0.011100574552351201,0.09125899481229431,0.0011236044593550033,-0.10896094478400498,-0.028735586386057742
#102,-0.13745906015666712,-0.2737482966634526,-0.2392273426356095,-0.471136115516101,-0.2822685653722637,-0.3448875997099347,0.21949493581110696,-0.2012287929619329,-0.2633633226816693,-0.3325725760823658,-0.15457769206862754,-0.33454087609272526,-0.2353624620484664,-0.15315764728382567,0.37426228593741284,1.0,-0.2880268390058093,-0.0115563913968555,-0.05660735203882412,0.4711424905768633,0.148680760863502,0.5689805480958491,-0.12795543832527154,0.4301811314139088,-0.04578568639482345,0.0028751524037963485,-0.07488783877471332,-0.12890532237885394,-0.42182342675453627,-0.3579516929770737,-0.09972029420905418,-0.371055630373977,-0.19325518571348882,-0.19876005068173305,-0.4331232219557093,-0.3454454175266358,-0.2402760401310075,0.128564256628071,-0.36792388177449814,-0.016122528667851365,-0.32721114998127326,-0.40691534716190264,-0.2733912932607639,-0.08390854975336484,-0.19791057383515687,0.06699232602060738,0.05995744646941166,-0.3517391962642144,-0.060763891655842346,0.05545187227565763,-0.13524532030695918,-0.13287857899895608,-0.015626867693582704,-0.029314123150236276,0.061112926232578156,0.22491373745906015,0.03433288973535529,0.4111627313947836,-0.26591015945620733,-0.23872849413095967,0.1749013857788332,-0.04325159974181004,-0.04775717393556407,0.2881575277514364,-0.08609838312521416,-0.05946337926033358,-0.07657882364191283,0.29308544972069267,0.3024838830495103,0.3576265648781965,0.12435831029014495,-0.10879359943899465,0.2268772561738479,-0.17952489859668974,-0.0381595199579246,0.026303500705241095,0.2877112734980755,0.04548605853899545,0.14870147981097945,0.3219756313302361,-0.12282351441162173,-0.30453346508458906,,-0.3438213707974404,-0.3742160667468862,-0.16201260668265743,-0.05646550693686299,-0.24711010526819083,-0.18090350548653666,-0.4792212863278853,-0.42937309246228755,-0.32548828981026223,-0.3611471921841755,0.1336324299340978,-0.04165624078604499,0.006587031532644295,0.09453896357449657,0.08885400313971742,-0.0931571691542685,-0.0625775964427161,-0.3588744830224163,-0.1694060834017324,-0.35862266812230553,-0.2017164851102487,-0.18535648542900174,0.046638350771780794,-0.2274223238690244,0.12990939444891583,-0.11835140928686977,0.13859541473754672,0.1235996780594315
#201,0.15686793264748305,0.199101116432516,0.39160404497605367,0.4285188343201396,0.21476942202105365,0.3724932065758752,-0.05601287762273984,0.16461522523886557,0.3695128656695009,0.6110702930137303,0.3354891663811171,0.19449513503175578,0.34469953541744697,0.008026201499733045,-0.2647259919196105,-0.2880268390058093,1.0,0.28716620580289903,-0.2024543983934847,-0.16222935874857558,-0.3663747420092598,-0.38797185410673446,-0.12577676130975624,-0.3934065934065934,-0.23760648343679525,-0.25447648797902606,-0.3033732040258509,-0.23014766234490672,-0.0971973639123748,0.2817808732239479,0.26497302552414953,0.006375060762297891,0.3041382113173266,0.003125373538716541,-0.08610475818597646,0.09447999426244531,0.03318537879814167,0.06805696116791113,0.003069591757046434,-0.2673286104758186,-0.061716963239805876,0.043328100470957615,0.030032911251185363,0.2370614157416188,-0.27109627138633663,-0.04522946234331296,0.20772976117428618,-0.11179147176246523,0.1488608563300369,-0.24107132896110417,-0.0727792874275833,-0.011644048482337098,-0.08254906804580481,-0.08830256038377866,-0.38280805488927316,-0.261484273521982,-0.1622102335662887,-0.19137613655380153,0.2799145741857852,-0.0864888555969049,0.08614778984612197,0.26213931101530813,0.1536676521448095,-0.03277099984859231,-0.01895783694188335,-0.06328044689175943,0.037697328052658005,-0.07009219931627474,-0.05710620054347393,-0.1774370661970372,0.29315557538907794,0.4338706978300887,0.011419327590466096,0.31985592362677207,0.04918678131150937,0.16925308194343727,0.2113762959303206,0.33248173146650306,-0.061920965184199414,-0.12505478567842598,-0.17927467746176956,0.009984938918949072,,0.24097251551928855,0.11991489293882332,0.3460271418211955,0.30722214696108824,0.1424985456892636,0.011707799089960075,0.17992493365952394,0.16639864848711838,0.05998454047765143,0.12224657141263377,-0.0727537871845341,0.05484624150323933,0.18213389221366016,-0.1801576233773478,0.2672027030257632,-0.18565770705002033,0.07132896110416052,0.17893679924136777,0.4576289555259824,0.175624955175354,0.3620173879782292,0.029667939022543808,0.09144865286997267,0.15831188391014353,0.14371777606005307,0.038586649028998554,0.006209309182478145,-0.022489620604196382
