,#10,#11,#12,#13,#17,#18,#26,#49,#50,#51,#52,#53,#54,#58,#101,#102,#201,#202,#301,#302,#401,#402,#501,#502,#601,#602,#701,#702,#801,#802,#901,#902,#1001,#1002,#1101,#1102,#1201,#1202,#1301,#1302,#1401,#1402,#1501,#1502,#1601,#1602,#1701,#1702,#1801,#1802,#1901,#1902,#2001,#2002,#2101,#2102,#2201,#2202,#2301,#2302,#2401,#2402,#2501,#2502,#2601,#2602,#2701,#2702,#2801,#2802,#2901,#2902,#3001,#3002,#3101,#3102,#3201,#3202,#3301,#3302,#3401,#3402,#3455,#3501,#3502,#3601,#3602,#3701,#3702,#3801,#3802,#3901,#3902,#4001,#4002,#4101,#4102,#4201,#4202,#4301,#4302,#4401,#4402,#4501,#4502,#4601,#4602,#4701,#4702,#4801,#4802
#10,1.0,0.44431782865430436,0.34871901122807575,0.35075743690682054,0.049397158316665205,0.31194606698595095,0.22029500593677534,0.578546326769677,0.08533815712931014,0.3192566679151161,0.479140004303166,0.04001306887456271,0.07636685287156643,-0.1062993569157456,-0.44926168827546636,-0.4865701376216242,0.3084142833236379,0.3501231183609719,-0.300432707249241,-0.15631011483078197,-0.12799368868984531,-0.06529815362302673,-0.06356573086087226,-0.2585501518061344,0.02798651674648774,0.059766194646542724,0.13462215811744455,0.26186996469810103,0.2379459554223876,0.25530843340850595,0.31054674114862657,0.10166787527193619,0.1867510299707544,0.29043820573914847,0.05621847333232395,0.10311182653459666,-0.2776912717449338,-0.20354294001864706,-0.16368446636757006,-0.07936631896022758,-0.14291451840400354,-0.0760002868777343,-0.14019236745850233,-0.24854449393970787,-0.07388854800022313,-0.16620261536867773,0.19315318474129206,0.3386464152236451,0.01592808931460128,0.11991489293882332,0.14949836240626668,0.257064762648519,0.1742272231032202,-0.12562057232107993,-0.06961885105467411,-0.15096781391197636,-0.25458167648160396,-0.268503215421272,-0.20382981775295045,0.06086908015842026,0.3462183936440644,0.3215755962674019,-0.08472137000055782,-0.054227860609296435,0.23825673963454963,0.07743467554925133,-0.00809951469849947,-0.02673859860226793,-0.030554072468503217,-0.048391492481412716,0.2733514491309995,0.45740423463411134,0.019257464797711354,-0.11507303428985807,-0.12736255767437785,-0.022087991776171618,-0.021480767238562744,-0.23834599048522181,-0.10509287666648073,-0.1691957063965766,-0.09512706292981855,0.22354309939516612,0.04188574297348772,-0.0631083202511774,0.0377100781741826,0.01950927969782212,-0.00015937651905744728,0.39606818127485277,-0.15582242268246618,-0.0018392050299229415,0.08432611623329535,-0.05470599016646877,-0.04645984907043645,-0.00028847149949397954,-0.11654567332594888,0.21782785742176605,-0.09970754408752959,0.16663771326570456,0.11171656479850824,0.1343018113141391,0.15285323813242596,0.37447585047294984,0.2397453163225462,0.07641785335766481,0.37230195475300626,0.28576687996557465,0.3829164309222322,0.20427607200631132,-0.006956785056857573,-0.005307238084612994,0.16226442158276821
#11,0.44431782865430436,1.0,0.4774378630796325,0.5303413048155615,-0.05589334523344676,0.17518348221756488,0.4984134067527831,0.3126361673134697,0.17115125628541147,0.5949557331718318,0.4742630828200081,-0.14414171760074587,-0.07130346086111133,-0.1640940640215477,-0.17362637362637362,-0.05149774083784236,0.3369490552956833,0.23431217078787783,-0.21565874299739418,0.03241877774147535,-0.00364175346046267,0.1940568496043478,0.10259225908246938,0.1766991529138012,-0.09449115061877933,0.08164540318274909,0.0544924256309318,0.16564957884754838,0.26467817896389323,-0.06306210106065073,-0.04415367083967519,0.08626891600060563,-0.21250149415486616,0.12752671548900701,0.10497334427718764,-0.03756982683741204,-0.32131900007171943,-0.3564694913498394,-0.20235877248205023,0.07298966443273912,-0.10063989672401565,-0.15725362382360206,-0.20181529855206432,-0.21180183123620397,0.015534429312529385,-0.1208647769924057,0.06080373578560671,0.23165855174557132,-0.10653364039876005,0.20457251233175816,0.1077544645347401,0.26297922527074086,0.15488210122002724,0.21467060857923803,0.12793153184741293,0.12395986899250133,-0.2688793440062476,-0.24687900931555753,-0.014914454653395914,0.06211221700706835,0.15461594243320131,0.14801137948346071,-0.12280279546414427,-0.20474145144195904,0.10172206328841572,0.14737865470280265,-0.07907784746073361,0.10816406218871774,0.06394823450661014,-0.05653563260524827,0.24142833236379285,0.44626381595199577,-0.08005163799217462,0.05268987720039207,-0.29447840049725477,-0.13656017658918312,0.06633888229247185,-0.05654997649196344,0.05148499071631776,-0.07060539170763971,-0.023184502227286855,0.07445433464287707,-0.09613910382583334,-0.14823769414052226,-0.23702794667261673,-0.01491604841858649,0.04764082907665214,0.0726422236211939,-0.2389962466829762,-0.10935619855126744,-0.0355935580010997,-0.01082166564400067,0.023450661014112792,0.14136059734319342,0.0012096677796460248,0.3257464797711353,-0.07837977830726199,0.1306106511327686,0.13192391364980197,0.03738495007530541,-0.04511789877997275,0.2607192662305063,0.07853277976555714,-0.06460486576512682,0.21078341527942687,-0.000994509478918471,0.06993122903202671,0.0677350205994151,0.0577198001418451,-0.06214249854568926,-0.08686817171226163
#12,0.34871901122807575,0.4774378630796325,1.0,0.6987608475643283,-0.21889408633426038,0.18591111571532165,0.559425925778355,0.2902437663858984,0.07566878371809481,0.6440166070332858,0.5757444875646471,-0.020079847636047782,0.09101355497294583,-0.12191188072261314,-0.2843229287029142,-0.2622158117444557,0.672634254795241,0.655536341830758,-0.4475691096430763,-0.1998804676107069,-0.02823195658583621,-0.09484018519551514,0.29610563475683127,-0.05040601168229885,0.12001530014582952,-0.040274446365816924,0.2216592689399071,0.1722158914327152,0.24523743116926583,-0.10273888548000223,0.21165839236905226,0.055847126042920095,0.1468813999633434,0.2863677294424212,0.13847747611344421,0.071424587015595,-0.30050920797838854,-0.47428220800229504,0.17150825968810016,-0.24323884962028544,-0.0809202400210377,-0.2062874036768163,-0.04093426515471476,-0.41506904987688165,0.11024392576241743,-0.33544613472097157,-0.005098454844647738,0.06505749507924997,-0.00828439146060611,0.26478017993609004,0.20391906860362263,0.380685159655428,0.330950123118361,0.30822621903115016,0.33080190295563755,0.17099187976635402,-0.003200280502673541,-0.3902381882077314,-0.20760863501980253,0.1889297069862697,0.0783479030034505,0.1774482225533712,-0.2500219142713704,-0.05797639633752759,0.20109013539035295,0.38726103483173824,-0.2803831411518141,-0.16937898939349266,-0.08218887711273498,-0.15383977878539154,0.2936002358772482,0.5547338810573038,-0.2874275832941533,-0.15229223278534373,-0.38595095984508604,-0.06540334212560464,0.10311342029978723,0.013575691893313358,0.1462582377738288,-0.23496561451601336,0.03813401971487541,-0.09631123046641538,0.03982500458207492,0.11840081600777758,-0.18594777231470488,-0.03155495700818398,0.058837029540437805,0.1393715783853565,-0.012053646136314737,0.02409454215110488,-0.035279586258556525,-0.05261018894086334,0.08447752392639993,-0.01808445361744854,0.03886077664177737,0.574609726748958,-0.1374415287395708,0.469765477452207,0.37663540230617826,0.10991561013315908,0.22090701176995592,0.5632429934097809,0.3778849142155886,0.20583477436269315,0.2756990652567157,0.1900102797854792,0.1638263114695312,0.13590195156547585,0.05891193650439481,-0.24970634876363665,-0.09284000988134418
#13,0.35075743690682054,0.5303413048155615,0.6987608475643283,1.0,-0.0576448931778881,0.22989106614922422,0.5879304162117795,0.17217604730295086,-0.05106264294081553,0.6500203205061799,0.5673007195849835,-0.1906605359832336,0.1287746336332268,-0.09260891392871089,-0.4513527082055001,-0.16631417893201794,0.5139924614906486,0.33396871438930903,-0.37314505653882013,0.080252452406187,-0.3229956410522038,-0.03323637928424005,-0.06675963630278352,0.006727282869414849,-0.18802763588840457,0.23429782690116266,-0.0028687773430340507,0.26078142307293867,0.08178724828471022,-0.011365139573986565,0.09569444333766307,0.17579070675517375,-0.004476886420323694,0.2050442668281682,0.21094597932886547,-0.02854592832837938,-0.31711624126417454,-0.24556734056371474,-0.15551801353106648,0.10558694387555881,-0.0605917650152603,-0.11055949127015118,-0.2558981265290185,-0.33723912056036787,-0.028800930758871295,-0.02257090262891568,0.2965168261759995,0.28531903194702324,-0.026958538198567205,0.1999808748177131,0.1804142195730303,0.26843627728326785,0.20175951677039422,0.15092318848664027,-0.020309349823490506,0.14000430316601456,-0.1764632756655962,-0.12279960793376311,-0.0809951469849947,0.0993569157456032,0.14541832351839604,0.10457171544916287,-0.008996804500792897,-0.13179481866936543,0.18449585222609152,0.22236211938895042,0.040078413247376266,0.18903170795846647,-0.011146793742877862,-0.01149901584999482,0.15777319127572934,0.30190056498976003,-0.06680904302369133,0.09132752671548901,-0.24262525002191426,0.06752623735944983,0.196190901194527,0.06412354867757333,-0.014799703559674552,0.03858824279418913,0.2180238905402067,-0.05627903640956578,-0.16547267091139461,-0.03942815704962188,-0.013121468813999634,0.1263521105435536,0.1474121237718047,0.00959924774283005,-0.06345894859310378,-0.0762441329518922,-0.0029181840639418595,-0.08036720349990836,0.07609113149359704,0.10656870323295269,0.1415932870610173,0.25840193164341096,-0.0023284909434293046,0.08119118010343536,0.21729075855254246,-0.003544533783837627,0.10634716987146284,0.3074436803225781,0.3474471866059973,-0.02941134282686132,0.11107108989632558,-0.002723744710691774,0.08320888683470265,0.13679127254181642,0.1082294065615313,-0.12414474575460797,-0.011573922813951821
#17,0.049397158316665205,-0.05589334523344676,-0.21889408633426038,-0.0576448931778881,1.0,0.6168126289953701,-0.0791160978253074,0.12646208034170325,0.19520754807194257,-0.06123245862187124,-0.02924080995146985,0.35390990445377685,0.5334029277466551,0.41999537808094733,-0.47827618356987467,-0.24805042673062977,-0.09254835085146905,-0.2627784108567285,0.01969415645992876,0.12102415351146316,-0.5328323598084295,-0.15268908031779677,-0.6928208846990573,-0.2507279522507949,-0.3235662089904294,-0.023025125708229406,-0.43868227494043305,-0.154373690124234,-0.17901329997051535,0.41753460462670033,0.04584624947206528,0.3756918933133581,-0.04753245304369307,0.2384958044131358,0.25244603112623415,0.3514873813641036,0.16187873040664919,0.3995139016168748,-0.1087776617870889,0.23504849030592323,0.28852090621488735,0.2579508960944784,-0.19223676975671175,0.009812812278367028,-0.08060945580887569,0.10070205356644805,0.17535879638852808,0.1307301835220617,-0.1934623751882635,-0.29585700738710163,-0.22556718118719568,-0.19462901130776403,-0.5678585374016846,-0.6311836097187802,-0.6698770410155471,-0.48225900278112027,-0.2057008980866849,0.20569292926073202,0.2181290790427846,0.12698005402863996,0.44458717497151146,0.3631585238546805,0.5394321414625983,0.18101028775430517,-0.21502761198192671,-0.1857405828399302,0.5571309039039278,0.4082557036871758,0.03418307580744129,0.1835124991035071,-0.28354676505510445,-0.07520977934320937,0.2526643769573429,0.32178597327255776,0.21108941819601718,0.10455737156244771,0.12975958052100184,-0.15790228625616587,-0.12570822940656154,0.2030090286798046,0.10726358485604316,0.23310569053861294,0.20193323717616685,0.28883169042704937,0.5162842958346947,0.48430061599024615,0.20742057072731473,-0.029435249304719937,0.35070803018591273,0.020828917275617784,0.09727386464152236,-0.12590266875981163,0.29137215214082507,-0.08111467937428779,-0.07317772872522692,-0.47161105754289223,0.09393811409764999,-0.42120185833021223,-0.6438030424977488,-0.013239407438102145,-0.19162954521910286,0.0472248563619122,0.04204511949254516,-0.01169504896843548,-0.019985815489803885,0.13583501342747173,-0.08413008311485469,0.27470614954298783,0.1741523161392632,0.4988134418156173,0.17426069217222226
#18,0.31194606698595095,0.17518348221756488,0.18591111571532165,0.22989106614922422,0.6168126289953701,1.0,0.07470455577779726,0.3183848783558718,0.2851676242539187,0.2826797567914319,0.3939851301707719,0.5019483779454773,0.4772513925523353,0.3674266270350389,-0.6000446254253361,-0.5169473021539737,0.31559260174198533,0.22533927276494353,-0.28967797974324444,-0.03261799839029716,-0.52337336340237,-0.24200846289316194,-0.4360796563842249,-0.29936010327598434,-0.2769756711743659,-0.11465546780992757,-0.2174565101323622,0.01728916478735188,0.19466407414195666,0.6343727338651196,0.37516116950489686,0.3112671230147662,0.1444094701527624,0.2621281546589741,0.6199156898214186,0.41287602897465114,0.045219899752169515,0.10777996477778928,-0.02888061901840002,0.23360294527807218,0.43361569539959677,0.05761301787407661,-0.053199882061375894,-0.09674792212863279,0.1397381443791886,-0.15794372415112082,0.1613591629545219,0.19653356071050052,0.0959287268206775,-0.05563834280295484,0.09237463044569644,0.1285068810812103,-0.07097195770147184,-0.36683374638414523,-0.4542039541314378,-0.33326108264469395,-0.1946561053160038,-0.12872203938193785,0.23860577421128545,0.25505343097801403,0.2376845779311334,0.37608555331543003,0.3530428961901043,0.10165193762003044,0.05369235550526341,0.004613950226713098,0.3186940688028433,0.25365251137549905,-0.1179561555196073,0.07795743053175976,-0.06769836400003187,0.250506418889305,-0.10583397748009786,0.080776801153886,-0.1420108535409478,0.036701224808548955,0.051551928854321895,-0.11464112392321239,0.007318569755117978,0.059163751404505575,-0.20612324586218714,0.4512459259377316,0.519414450668983,0.5077034640486418,0.33073815234801457,0.39016965630453665,0.3512020973949908,0.20905577381284415,0.42181067663301164,0.30552159950274527,0.2111754815163082,0.20185195515144755,0.40147742033166256,0.10426411876738201,0.05517136960211652,0.003966881559339863,-0.0306736048577963,0.03334156778681797,-0.23106248356429648,0.1610165034385484,0.12789965654360144,0.4725609415964746,0.16092406505749507,0.07742830048848903,0.07818852648439305,0.2414363011897457,0.1987951135159257,0.16497700993712597,0.09780936974555539,0.06490768115133598,0.06978619639968443
#26,0.22029500593677534,0.4984134067527831,0.559425925778355,0.5879304162117795,-0.0791160978253074,0.07470455577779726,1.0,0.28889065973910066,-0.09645307556837651,0.62874196144682,0.5302887105642725,-0.06964435129772331,0.20048450461793463,-0.13306026823068157,-0.11932201228792962,-0.012189116177513566,0.41568583700563394,0.15317995999649373,-0.2766122927109149,-0.047221668831531054,0.1049510315645196,0.02930774808947398,0.03582624771892357,0.001459888914566217,0.003923849899194352,-0.08888269091314777,0.18437631983679845,-0.02240993234466766,0.007469977448222554,-0.1962913084015332,-0.06996788563140992,0.04929356357927787,-0.1829865565906175,0.11168628325988732,-0.007367976476025787,-0.0028544334563188807,-0.18931061686681702,-0.32576719871861276,-0.14865526062045278,-0.07048267178796548,-0.21663412729402576,-0.2526372829491031,-0.21468176493557203,-0.3771804700013547,-0.3054690052514563,-0.08533815712931014,0.2178374200129095,0.21044713082421568,-0.07750798874801776,0.0073297261114519995,-0.01878571030130131,0.12591860641171737,0.10828837587358255,0.11039692722071258,0.2493923770210935,0.08261919371419009,-0.19334284279897043,-0.3148642510498928,-0.16446859884133272,-0.07680991959454614,0.07181665325247631,0.007584728541943916,-0.138227254978524,-0.10869797352756018,-0.06545753014208416,0.2852983129995458,-0.198576767684817,0.16753659683318856,0.07876865701376216,-0.00420116504235431,0.26792308489190286,0.3124305716038856,0.12409533903370017,-0.11889966451242738,-0.3303078357465595,-0.09224872299564105,-0.10633441974993824,-0.11771549697583054,0.0040609137055837565,-0.07730079927324307,0.2409804843452414,-0.2268724748782762,-0.14830941357409813,0.0897608555331543,-0.10051398927396027,-0.02424594984420945,-0.08985807520977934,-0.13778100072516317,0.008105889759261768,-0.13862569627616764,-0.2463195977336659,-0.05257990740224243,0.030321382750679342,0.02550661810995386,0.02453760887408458,0.24062666847293387,-0.23775151606913753,0.07217525042035557,0.07958307102614572,-0.06228912494322211,-0.07614531951007658,0.09925332100821586,0.06311947660751141,-0.1165392982651866,0.11552566360398123,-0.025683526046107626,0.12034361577508786,-0.017260477013921537,0.01249990038967559,-0.1392902963606372,-0.08322004319103667
#49,0.578546326769677,0.3126361673134697,0.2902437663858984,0.17217604730295086,0.12646208034170325,0.3183848783558718,0.28889065973910066,1.0,0.03389938560351903,0.3635075584314163,0.5873215979089801,0.23438548398664424,0.2379092988230044,-0.07851206081807967,-0.3057016949692802,-0.3783375435297118,0.29415964745913986,0.23437432763031021,-0.3014240291977783,-0.0903919865486218,0.10123118360971878,0.051410083752360766,-0.06949772490019046,-0.1855206432436309,0.20343615775087856,-0.19632796500091643,0.18174023221158828,0.023833164659850664,0.1580760066619385,0.13141550255400872,0.11327686092008064,0.09861740869717664,0.004017882045438246,0.3250802859214752,0.02156842432404434,0.26564240690419083,-0.21206480249264875,-0.10853222194774044,-0.26661141614006006,-0.23858027396823625,0.011687080142482608,-0.10173800094032147,-0.10001354700411988,-0.21558224226824663,-0.07144530596307246,-0.2668584497445991,0.08219206464311613,0.21144801536389643,-0.06599622277649835,-0.1767868099992828,-0.04165145949047327,-0.025034863613543817,-0.02273506044354485,-0.36038855995346203,0.04473698889942545,-0.2777406784658416,-0.08681079616540095,-0.2317350524747189,-0.2669604507167959,-0.21082325940919125,0.34102271912279164,0.19011387452286654,-0.037494919873455046,-0.28857031293579516,0.16831913554176064,0.14756034393452813,-0.17217604730295086,-0.1374287786180462,0.1456892636007937,-0.06019013618723554,0.1660798954490035,0.4690658145335448,0.1018113141390879,-0.09087808493174701,-0.09164787351879447,-0.0681525870793456,-0.12115484225709026,-0.3538413725505821,-0.3054833491381715,-0.26459211564360224,-0.10783255902907825,0.043481101929252766,0.13133581429448,0.29239853692355505,0.05264047047948426,0.15043071504275274,-0.12521894349305518,0.23193586688873127,0.06731267282391286,0.1592569866681542,-0.19504817155288512,-0.14405087298488314,-0.17745937890970523,-0.0830048848903091,-0.1404872140187586,0.10255400871789559,-0.11439568408386393,0.027108352126481206,0.07356820119691766,0.028445521121373187,-0.12406027619950753,0.24029835284367554,0.0316601455107619,-0.014101634406202934,0.28284550837125166,0.19839667221828208,0.23398385515861947,0.12277251392552335,-0.04817633418068516,0.06886818764991354,-0.002097394990796006
#50,0.08533815712931014,0.17115125628541147,0.07566878371809481,-0.05106264294081553,0.19520754807194257,0.2851676242539187,-0.09645307556837651,0.03389938560351903,1.0,0.1997625289866044,0.12409852656408131,0.08283913331048937,-0.01279952824550359,0.1429033620476695,-0.04523743116926583,-0.0642255496497701,0.13518475722971734,0.10766999497963965,-0.09369108049311095,-0.12196606873909267,0.02877383675063153,0.280274765118855,0.05944744160842783,0.015035580807879576,0.1182988150355808,-0.015038768338260724,-0.05925937731594004,0.13907991935548136,0.24619687781399166,0.03448270366326929,0.03134458000302815,-0.09688498593502219,0.09000310784212162,-0.042459498442094526,0.24606778283355513,0.04115261098582346,0.08633426037341918,-0.07798293077480895,0.2547394592354708,-0.08982460614077728,0.32565722892046317,-0.10636310752336858,0.08285507096239511,-0.10935779231645802,0.08657970021276765,-0.23355353855716438,-0.3607965638422491,-0.3366446461442836,-0.04946250268947876,0.04253440540605152,-0.14705512036911603,-0.04540318274908558,-0.10694483181792827,-0.02215333614898517,-0.04328028751524038,-0.03251918494848154,0.13671795934304998,0.08350213962976835,0.088031620301381,0.14059559005171768,0.06124680250858641,0.10359951868291245,0.08118799257305422,0.16677796460247513,-0.12717608714708062,-0.025305803695941476,0.06896540732653858,0.0326339360422029,-0.03737538748416196,-0.07491652654814367,-0.1344691566591494,0.016033277817179194,-0.15335846169783807,-0.08181274852775941,0.08358979671524994,0.28227175290264483,0.145781701981847,0.10055383340372463,0.1776809122711951,-0.03781367291156994,-0.197977511973161,0.020637665452748845,0.27434914614029915,0.1269657101419248,0.0230506259512786,0.0402696650702452,-0.011916582329925332,0.0015411709392855152,0.18699009474934059,0.02610587382160986,-0.07300400831945429,0.11427615169457084,0.1344691566591494,0.06283738016877974,-0.2196160619655906,0.15485341344659692,-0.08047398576767685,0.06901959534301812,-0.2739140482432723,-0.15165632047430452,-0.06193052777534286,0.1433591788921738,-0.12869175784331693,0.067240953390337,-0.18246698913849022,0.03732757452844472,-0.16884189052426907,0.19504657778769455,0.11882475754847038,-0.04493780331343783,-0.07906190980882787
#51,0.3192566679151161,0.5949557331718318,0.6440166070332858,0.6500203205061799,-0.06123245862187124,0.2826797567914319,0.62874196144682,0.3635075584314163,0.1997625289866044,1.0,0.6587095283251918,-0.05425814214791735,0.06225724963941062,-0.18553498713034608,-0.2272884475930161,-0.19516451641179705,0.5888850815609337,0.24665906971925827,-0.2694068802843277,-0.005740742216449251,-0.08083736423112783,-0.00497095362940178,0.17574767509502826,0.1331399564902103,0.046877415550366966,0.031996429965973114,0.22603574815322458,0.1523017953764872,0.14137653499509917,-0.13880738550789312,0.03381650981360916,0.07460892986636279,-0.1728964291690905,0.11529775518172908,0.20662528189721807,-0.00509207978388544,-0.28192271832590904,-0.33698411812987594,0.10711695845851031,-0.018047797018065328,0.00979209333088956,-0.3304560559092829,-0.29852178278574215,-0.28194821856895824,0.051110455896532764,-0.2382838336427894,0.21458295149375642,0.1541553442931253,0.05261497023643506,0.1029715751978261,-0.022264899712325384,0.160804532668202,0.21025428523615616,0.30482990541003596,0.2136729115699384,0.1412617839013778,-0.049172437424794206,-0.3051072205531959,-0.034323327144211845,0.19317230992357895,-0.11636079656384225,0.001305293691080493,-0.007630947732470575,-0.02661109738702197,0.25603040903983615,0.3558782044641363,-0.09139924614906486,0.08136011921363626,-0.024135980046059814,-0.16430125349632238,0.223187689757668,0.41222577277689676,-0.0677350205994151,0.02288009307588713,-0.3495095187626007,-0.002768370136027859,-0.06183171433352724,-0.029210528412848935,0.12265298153623026,-0.19827395229860784,0.12203460064228737,-0.20341225127301996,-0.019902939699894016,0.07783949190765725,-0.332320761182255,-0.015500960243527321,0.000556224051510491,-0.034441265768314355,-0.11208153702714979,-0.11879766354023062,-0.16425981560136746,0.08568241041047422,0.028738773916438892,0.08611591454231048,0.058113460143916995,0.3556662336937899,-0.21425463586449808,0.11923276143725745,0.1697439616221342,-0.2241487301675844,-0.14510594554104345,0.35949764521193095,0.08109236666161974,-0.23856752384671168,0.008137765063073257,-0.22769645148180317,-0.019329184231287204,-0.07735179975934145,0.0538867948585135,-0.3675063152945677,-0.17240076819482186
#52,0.479140004303166,0.4742630828200081,0.5757444875646471,0.5673007195849835,-0.02924080995146985,0.3939851301707719,0.5302887105642725,0.5873215979089801,0.12409852656408131,0.6587095283251918,1.0,0.21945031038577087,0.18872251751149502,-0.1993433687414833,-0.296986986907219,-0.3754560160651531,0.5932519981831077,0.3875893504609966,-0.31262182342675454,-0.18317302711791472,-0.06937181745013507,-0.123331925507415,0.13556726087545523,-0.14262445313931899,0.22307293866394665,-0.15134075496657076,0.269252285060842,0.13576010646351472,0.26830558853764075,0.021954115500163362,0.12321398688331248,0.1699639012184335,-0.04139008199921906,0.22657444078763875,0.1476240945421511,0.19056491007179913,-0.27951932041852273,-0.24382376144522627,-0.13939707862840567,-0.2468503215421272,0.04845046179346397,-0.2645729904613153,-0.19730813059311972,-0.2354740256118066,-0.10708667691988939,-0.35179975934145624,0.11392552335264446,0.23605256237598515,0.05022591621576393,-0.08498752878738375,0.007270756799400744,0.0887121580377563,0.235461275490282,-0.1007307413398784,0.184441664209612,-0.12740877686490448,-0.10966857652862004,-0.3754209532309605,-0.2119309262166405,-0.07536278080150452,0.10458127804030633,0.08927156961964794,-0.02027428698929787,-0.11094836997665133,0.22907983966722184,0.19760457091856656,-0.254004733482616,-0.08432133493772362,0.09038401772266892,-0.1286566950091243,0.08596928814477763,0.41335734606220464,-0.06153527400808039,-0.1018479707384711,-0.2749484018519551,-0.11043517758528636,-0.09863175258389181,-0.11786052960817282,-0.02661428491740312,-0.22868458589995935,-0.013849819506092167,0.10449043342444357,0.16085553315430037,0.268364557849692,-0.12179075456812948,0.0500840711138028,-0.02464439114185307,0.055879001346731585,0.0143534493063137,0.009753842966315773,-0.1468128680601487,-0.021906302544446126,-0.00982396863470105,-0.06059495254564145,-0.117874873494888,0.3381204727107555,-0.15644558487198082,0.24086732701671063,0.14977408378423607,-0.044236546629585066,-0.05662807098630159,0.3745906015666712,0.03584696666640104,0.05769111236841476,0.18069950354214315,0.12054283642390967,0.20605790148937356,0.14287148674385802,0.07940616308999195,-0.1936631896022759,-0.12117556120456772
#53,0.04001306887456271,-0.14414171760074587,-0.020079847636047782,-0.1906605359832336,0.35390990445377685,0.5019483779454773,-0.06964435129772331,0.23438548398664424,0.08283913331048937,-0.05425814214791735,0.21945031038577087,1.0,0.4843914606061089,0.25538971543322525,-0.1254277267330204,-0.31559419550717593,0.07347576281586433,0.05552518547442405,-0.15060921674409708,-0.2051064236706006,-0.04468280088294591,-0.30328873447075044,-0.262372000733132,-0.41963996844344925,0.010765883862330563,-0.47203499908358504,-0.10606347966754058,-0.4370725720979528,0.02169751930448087,0.39488401373825593,0.34133350333495366,0.15428922056913355,0.14906485827443042,0.2106575078293715,0.22303946959494458,0.3461642056275849,0.23276462478783,0.24980516220545226,0.18465682251033955,-0.041237080540923905,0.1971407852481094,0.04255193682314785,0.30456534038840055,0.08860537576998781,0.18545370510562678,-0.15428125174318066,-0.16707121739754083,-0.03395516738518914,0.14788228450302418,-0.2725689104224275,-0.06444070795049765,-0.08668648248053615,-0.18082381722700794,-0.4222489620604196,-0.1545171289913857,-0.4806222059304003,-0.029597813354158533,-0.1902605009203994,0.06985950959845086,0.08055845532277729,0.14263879702603416,0.2948864043860418,0.20301699750575747,0.11774896604483262,-0.17095841069735196,0.01104638653587167,0.08323119954737068,0.03633784634509798,0.016404625106583047,0.040913546207237285,-0.08510068611591454,0.052860410075783536,-0.10066699073225542,-0.2676091131493597,-0.08119596139900709,-0.24303803520627307,-0.1365251137549905,-0.2855357840129414,-0.04226187155846329,-0.08960785407485915,-0.45400313971742545,0.3444843771167194,0.7003721441719991,0.6929659173313996,0.33521025747276656,0.3497995840272853,0.1699750575747675,0.21950609216744096,0.397763947437624,0.5074803369219613,0.036184844886802826,0.1994198694706309,0.18803401094916686,-0.1082724382216768,-0.018925961638071864,-0.15503988397389412,-0.13630198662831006,0.16946186518340253,-0.23947437624014853,0.14585501518061345,0.06684091832750282,0.16570695439440908,-0.01173808062858099,0.3729713361330475,0.1379961590258907,0.3965989050833141,0.2670465140370869,0.18003171592729242,0.1542557515001315,0.07573412809090836,0.016074715712134133
#54,0.07636685287156643,-0.07130346086111133,0.09101355497294583,0.1287746336332268,0.5334029277466551,0.4772513925523353,0.20048450461793463,0.2379092988230044,-0.01279952824550359,0.06225724963941062,0.18872251751149502,0.4843914606061089,1.0,0.317447744423814,-0.3072428659085657,-0.32254141797289004,0.1890364892540382,0.03674903776426619,-0.3334507407023723,-0.22817776856935668,-0.14072787256253536,-0.26546390520284646,-0.3904421901521249,-0.39508801568264945,-0.09277944680410236,-0.3987520818557802,-0.06825299428635179,-0.056317286774139566,-0.1599662121779598,0.07345185633800572,0.008711520531680068,-0.03291125118536286,0.01815936058140554,0.052038027237447104,0.012185928647132417,-0.04421901521248874,-0.08471658870498609,0.012126959335081162,0.13674505335128975,0.14109762608674864,0.027393636095594035,-0.13726302703822646,-0.20605949525456416,-0.33128322004319105,-0.049252125684322925,-0.013731880881989657,0.26478017993609004,0.22103132545482074,0.1441592490178422,-0.13910382583333997,-0.1889663635856529,-0.10397564726788802,-0.14319661484273521,-0.436959414769422,-0.20810110846369004,-0.313155734765597,0.10401708516284296,-0.06294734996692937,-0.007312194694355681,0.1435472431846616,0.19337790563316307,0.056951605319988205,0.008411892675852066,-0.03570034026886819,-0.03459745475699065,0.08331088780689941,0.11170540844217422,0.1411310951557507,-0.2550358995609177,-0.13612826622253743,-0.24401979456366693,-0.0567587597319287,0.06128983416873192,-0.19571277163735468,-0.020696634764800104,-0.06118942696172573,-0.05344691566591494,-0.2494417837420013,-0.28308138561945667,-0.0725226912319008,0.3300161767166843,-0.08721880005418801,0.190134593470344,0.5900102797854792,0.3400074906963957,0.4350835531401159,0.09952585485580409,0.10175712612260836,0.2689590322657763,0.09674951589382336,-0.2377658599558527,-0.10272613535847763,0.0744017403915881,-0.09649610722852202,-0.21337647124449155,-0.1053383165058292,-0.21958737419216026,-0.1190606347966754,-0.3155718827945079,-0.03480305046657476,-0.20430316601455106,0.10030839356437617,0.25443345631888054,0.031217078787782196,0.021193889504259336,0.25636191219947563,0.0632884157177123,0.0968467355704484,0.29852337655093275,0.0978460263449386,-0.08545609575341265
#58,-0.1062993569157456,-0.1640940640215477,-0.12191188072261314,-0.09260891392871089,0.41999537808094733,0.3674266270350389,-0.13306026823068157,-0.07851206081807967,0.1429033620476695,-0.18553498713034608,-0.1993433687414833,0.25538971543322525,0.317447744423814,1.0,-0.23461657993927754,-0.24238777900851868,-0.29598291483715705,-0.17992015236395223,0.22815545585668864,0.05276637792953964,-0.22827817577636286,-0.21762544924256308,-0.5007403039310219,-0.2233056283817705,-0.24776514276151695,-0.14838113300767397,-0.35820828917275616,-0.2943907434117731,-0.031940648184303005,0.3821179545617544,0.024888237216010967,0.025863621512642543,0.2137844751332786,0.08434524141558224,0.24483898987162223,0.19925093036042998,0.32625807839730975,0.29640048131708757,0.010238347584250412,0.07023723194861702,0.3939803488752002,0.2147152340045741,0.14646702101379402,0.18154419909314762,-0.00986700029484656,0.11781749794802732,-0.16361115316880365,0.04853811887894557,-0.12351839603471221,-0.11930607463602387,-0.019716469172596802,0.003927037429575501,-0.3644940990843819,-0.3442915315286599,-0.4596992565085386,-0.3761652415749588,-0.14020352381483636,0.05800349034576736,0.11983042338372288,0.18516363984094222,0.061810995386049776,0.16629027245415934,0.3461753619839189,0.12548988357545282,-0.15572042171026942,-0.12454318705225159,0.645764967447346,0.28542103291922,-0.027326697957589907,0.045474902182661425,-0.0657173138681478,-0.03874921307843716,0.04085138936480488,0.18876554917164054,0.07279363131429846,-0.08961582290081202,-0.016098622189992747,-0.13183306903393924,-0.1499780857286296,0.06972882085282375,0.01865024026010248,0.1988461140020241,0.22814748703073576,0.40146467021013793,0.46076389165584236,0.21465785845771343,0.11813146969057049,0.0880443704229056,0.39900708428627213,0.30059049000310784,0.22871008614300856,-0.0036911601813704787,0.1875638502179474,-0.059976571651698556,-0.07440652168715983,-0.41972762552893084,0.04555299667699958,-0.07812636964196065,-0.20000478129557173,0.19474535616667596,0.12564447879893856,-0.0746137111619345,0.16382949899991234,0.12959701647156324,0.08032576560495343,0.1451904150961439,0.01952362358453729,-0.012823434723362207,-0.023351847572297173,0.1891289276350915,0.13861135238945246
#101,-0.44926168827546636,-0.17362637362637362,-0.2843229287029142,-0.4513527082055001,-0.47827618356987467,-0.6000446254253361,-0.11932201228792962,-0.3057016949692802,-0.04523743116926583,-0.2272884475930161,-0.296986986907219,-0.1254277267330204,-0.3072428659085657,-0.23461657993927754,1.0,0.6148650479324881,-0.19174270254763365,-0.23855796125556822,0.25505661850839517,-0.07760680218983337,0.722507948903888,0.18241120735682012,0.5137374590601567,0.37929539640924703,0.31370717752153576,-0.24208336985711895,0.23201555514826,-0.1921331750193244,-0.06560734406999817,-0.6096215604554981,-0.45844018200798475,-0.5240539011387453,-0.29584425726557706,-0.500380112997952,-0.5111475906254731,-0.4749085577221908,0.21257002605806086,-0.09389826996788563,0.21371913076046506,-0.12506434826956944,-0.2710787399692403,-0.2196240307915435,0.18846273378543138,0.1648734151997386,-0.01744216624564703,0.09393652033245942,-0.18279052347217684,-0.40614237104447404,0.10147184215349553,-0.16088422092773072,-0.25173043055566624,-0.3169090517893999,0.04085457689518603,0.34487644335360074,0.5662870849237782,0.3406704970156747,0.2366167552534485,-0.014288104933500148,-0.19353728215222052,-0.21565396170182247,-0.5062738566726964,-0.44699694793966005,-0.34884173114775,0.026904350182087672,-0.25545187227565763,-0.04082110782618397,-0.41735929045573716,-0.1312226569659492,0.03029588250763015,-0.007986357369968682,0.17040537417622262,-0.16643849261688276,0.1242865908565691,-0.22961375100606427,-0.020471913872929102,-0.17549107889934576,-0.332931173250245,0.14069759102391444,0.35721696722421886,-0.06475308592785024,-0.044341735132162975,-0.23094454494019395,-0.14338786666560416,-0.1702746854305955,-0.4446158627449418,-0.4270844456486226,-0.38717975280701894,-0.09880069169409271,-0.2353066802667963,-0.1438835276398728,-0.16439687940775685,-0.02313987680195077,-0.26188749611519735,-0.2627560981440604,-0.23450182884555618,0.07631425862027748,-0.21863589637338732,0.011191419168213947,0.15233526444548925,-0.19426403907912249,-0.2967527034242045,-0.3991568982141861,-0.4354102750041836,-0.0908972101140339,-0.27150905657069546,-0.33622548589916246,-0.2687582178517639,-0.2937468622747811,-0.08794555698108998,-0.34430428165018445,-0.2670656392193738
#102,-0.4865701376216242,-0.05149774083784236,-0.2622158117444557,-0.16631417893201794,-0.24805042673062977,-0.5169473021539737,-0.012189116177513566,-0.3783375435297118,-0.0642255496497701,-0.19516451641179705,-0.3754560160651531,-0.31559419550717593,-0.32254141797289004,-0.24238777900851868,0.6148650479324881,1.0,-0.33637051853150474,-0.4050060164635944,0.1400951477818773,0.27443042816501845,0.3011610579413335,0.5559021109419949,0.21622134210966698,0.6415972714739937,0.07183418466957263,0.16184844886802827,-0.19636302783510906,-0.06870084230490321,-0.2815115269067408,-0.3722063288415718,-0.4282096438731682,-0.2725035660496139,-0.3511287841962244,-0.3532198041262581,-0.20629059120719745,-0.3208902772354549,0.2033835634995896,0.19041828367426628,0.012761277880929803,0.29832734343249206,-0.135519447919738,0.08821171576791591,0.004253759293643268,0.2551634007761637,-0.1932822797217286,0.47338810573038276,-0.07731036186438651,-0.363040585230578,-0.3143223708850975,-0.10240100725960044,-0.2585581206320873,-0.321822629871941,-0.2288136808803959,0.1954992071018177,0.20614237104447403,0.5080907489899513,-0.07983807345663764,0.5200710819274996,-0.024228418427113135,-0.32716811832112774,-0.26911681501964313,-0.32863597606164685,-0.17427822358931858,-0.18453410259066533,-0.43489070755205633,-0.07971854106734455,-0.10866928575412985,0.15983392966714213,0.2297874714118369,0.3556232020336444,-0.002403397907386305,-0.27628875837722827,0.20400035062834193,0.06032082493286264,0.033045127461371115,0.05619456685446533,0.03052060339950115,0.34947604969359863,0.21027341041844305,0.4692682227127477,0.05181808764114783,-0.2526006263497199,-0.3274103706300951,-0.3098964849508722,-0.1706763142586203,-0.32005036298002215,-0.21078341527942687,-0.3939500673365793,-0.10799831060889799,-0.19135382384113347,-0.05516499454135422,-0.10661970371905108,-0.13633226816693098,-0.16813744631003513,0.11367530221772426,-0.0939126138546008,0.16712540541402035,-0.4099387197284224,-0.006311310154674911,-0.19769063423885758,-0.2721927818374519,-0.5176660902549227,-0.4047510140331025,-0.2668584497445991,-0.3259217939420985,-0.4036401596952721,-0.4287642741594881,-0.1817386384463977,-0.0156396178151073,-0.023535130569213237,-0.16363346588147168
#201,0.3084142833236379,0.3369490552956833,0.672634254795241,0.5139924614906486,-0.09254835085146905,0.31559260174198533,0.41568583700563394,0.29415964745913986,0.13518475722971734,0.5888850815609337,0.5932519981831077,0.07347576281586433,0.1890364892540382,-0.29598291483715705,-0.19174270254763365,-0.33637051853150474,1.0,0.648236897257927,-0.6090175234482703,-0.3438596211620142,-0.040888045964188095,-0.1745204758982859,0.2586075273529951,-0.11761349600363379,0.16400481317087554,-0.11471603088716939,0.4239734159966212,0.35355927611185045,0.3540007490696396,-0.11452637282949103,0.27750001992206486,0.07822837061415741,0.11319557889536135,0.2793886316728956,0.26089617416666,-0.09587772633457912,-0.3109977766975591,-0.4337591342667485,0.2127612778809298,-0.178235542557515,-0.01818007952888301,-0.3681199148929388,-0.16724175027293228,-0.3118026281187993,0.0924144745754608,-0.46569500115547974,0.15408840615512118,0.20623321566033676,0.3105164596100057,0.23287459458597964,0.15785447330044863,0.2932272948226538,0.4196160619655906,0.2155089290694802,0.208303516642893,0.05896771828606492,0.16287483365075822,-0.48690004701607315,-0.12627242228402488,0.1733235582401645,0.024966331710349114,0.07884675150810032,-0.17015196551092127,0.05133677055359434,0.290439799504339,0.39337949939835365,-0.4008606332029102,-0.15934145622325463,-0.31310314051430804,-0.29772330642526434,0.04333606929691049,0.3398465204121477,-0.3039836160938409,-0.3089115380630972,-0.2633394162038107,0.06364701288559156,-0.048177927945875734,0.00754010311660783,0.21602530899122632,-0.22518308377626725,0.05543115332818016,-0.0976962124170246,0.11092446349879272,0.15350349433018035,-0.2677334268342245,-0.0178374200129095,0.06279912980420595,0.2737148275944505,0.05763533058674466,0.010029564344285157,-0.08264310019204871,0.02965040760544749,0.13150953470025262,0.06286288041182893,-0.038910183362685175,0.6034712205850712,-0.19934815003705503,0.38177370128059035,0.2289252444437361,-0.040773294870466735,0.11662058028990589,0.6907378335949764,0.3559148610635195,0.16294974061471523,0.1880563236618349,0.17534126497143177,0.26435464463020664,0.16196160619655905,0.06559459394847357,-0.32558232195650616,-0.11672736255767438
