,#10,#11,#12,#13,#17,#18,#26,#49,#50,#51,#52,#53,#54,#58,#101,#102,#201,#202,#301,#302,#401,#402,#501,#502,#601,#602,#701,#702,#801,#802,#901,#902,#1001,#1002,#1101,#1102,#1201,#1202,#1301,#1302,#1401,#1402,#1501,#1502,#1601,#1602,#1701,#1702,#1801,#1802,#1901,#1902,#2001,#2002,#2101,#2102,#2201,#2202,#2301,#2302,#2401,#2402,#2501,#2502,#2601,#2602,#2701,#2702,#2801,#2802,#2901,#2902,#3001,#3002,#3101,#3102,#3201,#3202,#3301,#3302,#3401,#3402,#3455,#3501,#3502,#3601,#3602,#3701,#3702,#3801,#3802,#3901,#3902,#4001,#4002,#4101,#4102,#4201,#4202,#4301,#4302,#4401,#4402,#4501,#4502,#4601,#4602,#4701,#4702,#4801,#4802
#10,1.0,0.3716182294862498,0.4176254492425631,0.3567452127278088,-0.2409502028066205,0.022218680521798723,-0.043240443385476016,0.38700284487086517,0.04263800014343887,0.17077672146562647,0.2981775295045781,0.015124831658551746,-0.05528293316545673,0.018855835969686586,-0.00925021316609424,-0.036390440596386936,0.180482751476225,0.23978516045231055,0.09041908055686156,0.03017156882276534,-0.04542549546175362,-0.08965407326538581,0.024290575269545537,-0.015473866235287554,-0.009764999322649794,0.004832296057821801,0.009925969606897816,0.012526202506277444,-0.06955669421224171,0.026134561595040202,-0.0095211532484919,-0.04492027189634151,0.056027221509455015,0.23527639872817538,-0.08490624676266445,0.13803122186008335,0.09760058650559013,0.06409007960857127,0.24640406728876635,0.2254795241017141,0.14971989576775654,0.1392201706922519,0.08038154738662352,0.0877941492879854,0.03459904852218123,-0.039463219883814515,0.06674847994644949,-0.06632931970132841,0.04634191044633394,0.07285260062634973,0.03933412490337799,-0.04044816677158954,0.2032480934583908,0.07540581246165003,0.24034297826901163,0.10911713377268127,-0.03715226035748153,-0.09582353831809959,-0.08821809082867821,-0.1746957900692491,-0.2765549171640542,-0.22198599080397485,-0.025964028719648733,-0.12946632772593614,0.1560838001737204,0.12258923092860728,-0.20537098869223597,-0.13780171967264063,-0.0351313660958331,-0.18774235191929173,0.0805457052012527,0.0470877925555228,-0.05941556630461634,-0.0216082684538087,-0.05781861358366072,-0.20675597064284518,-0.18656137191307604,-0.15846169783805752,-0.07913522300759429,0.044955334730534154,0.11998661237239917,-0.2517081178429982,0.00575827363354557,-0.05931994039318187,0.01812589151240348,-0.24461267521456065,-0.17449178812485555,-0.08670560766282304,-0.1264588928113221,0.07529106136792867,-0.21030369195706397,-0.18631593207372757,-0.35569970276279195,-0.25769270613360534,-0.11595279267505518,-0.08302401007259601,0.1877072890850991,0.13166094239335718,0.027157758847389014,0.20871311429687064,0.2522754982508427,0.19681884467961336,-0.04512586760592562,0.1836543442054682,0.062241311987504884,0.013406752783112465,0.1294440150132681,-0.0032146243893887115,-0.2922327853437353,-0.27945716357609035,-0.3281913155734766
#11,0.3716182294862498,1.0,0.14074221644925053,0.2072054124265872,-0.08056004908796786,-0.041240268071305056,0.4411781112288726,0.13937317215054706,0.24329303763676496,0.31464909274916525,0.29697583055088494,-0.09650088852409375,-0.07776299117850967,0.17576520651212457,0.1372741833945605,0.24466208193546846,-0.20645953031739833,-0.08158324634031668,0.2375905457848895,0.1121309437480576,0.2336953836591255,-0.08718054968961422,-0.018994493541266564,-0.06452039621002638,-0.07975838519710891,-0.03451139143669963,-0.2376925467570863,-0.18573348490047809,-0.10509606419686188,0.08645538652790284,-0.15254086015507334,-0.10569213237813672,-0.0923268174899792,0.028383364278940785,-0.21257161982325143,-0.044671644526611896,-0.15370112121381158,0.0763254149766115,-0.08860378200479724,0.06898453250882547,0.23780729785080765,-0.03869343129676705,0.09815362302671947,0.10557419375403422,0.01627712389133709,-0.03992381802389054,0.018062140904780498,-0.16562089107411804,-0.057592298926599145,-0.04325956856776291,0.11979536054953024,-0.07282550661810995,0.015596586154961789,-0.17859095219501311,0.010687789367992414,0.06565037573014368,-0.09560678625218147,-0.21644925053191913,0.039809066930169175,0.0576576432994127,0.0401134760815689,0.22573930782777774,0.009350620373100431,0.01817689199850186,0.13510506897018862,0.17179832495278471,0.006182215174238379,0.03554733881057304,0.05113436237439138,0.09312370008526644,0.16316649268063335,0.16183091745093195,-0.26208193546844744,-0.2514738343599837,-0.14446206440405135,-0.24530277554207938,-0.22049741411597829,-0.18109953860497732,0.0719361856417694,-0.005257831363705185,0.2687199674871901,0.03708054092390568,0.08250763015084987,0.12272948226537785,-0.11632413996445903,-0.19151957542095324,-0.11386496027540262,0.057914239495095186,0.13351927260556704,-0.04909115540007491,0.0847038385834615,-0.05839715034783925,-0.028644741770194996,-0.30330626588784676,0.07553331367689599,-0.09829865565906175,-0.13921857692706133,-0.08365035979249177,-0.13806150339870427,0.22573452653220602,0.09663317103491142,-0.0432165369076174,-0.36149303923053017,-0.11203053654105141,-0.15318474129206544,-0.17908661316928176,-0.1302934918598443,0.07828574616101809,0.06995991680545705,0.12254779303365235,0.08861175083075011
#12,0.4176254492425631,0.14074221644925053,1.0,0.39602514961470725,0.057514204432261,0.31342826861318523,0.09119524420467133,0.10520603399501151,-0.06480568017913921,0.22963287618835118,0.07027388854800022,0.26599303524611717,0.26838687056236005,0.0021213014686546233,-0.28611750830750105,-0.10614157416187874,0.39613830694323804,0.5443074691805656,-0.19554064499677262,-0.19205348675979567,-0.1950051398927396,0.025140052116121733,0.05298791129102949,0.12159950274526055,-0.09499318665381029,-0.04659691287682586,-0.048791527544246906,-0.152422185379681,0.18850417168038633,-0.0036066906262700316,0.2664791336292424,-0.18838145176071208,0.17008024607734543,0.20105666632135089,-0.025658025803058437,-0.20510801743579118,-0.08052339248858466,-0.15657308608722678,0.161928137127557,0.0805775805050642,-0.09520037612858498,-0.08765389795121485,-0.15497453960108057,0.00810270222888062,0.17278008431017858,-0.06092008064451864,0.16163807186287243,0.015563117085959725,0.025361585477611585,0.13616014152634892,0.06307485118217533,0.07632222744623035,0.3417446947541219,0.16218313955804892,0.07968507199834249,0.02749404330260023,-0.19359784522946236,-0.29775040043350415,0.045559371737761874,-0.156085393938911,-0.007331319876642574,-0.054919554702005755,-0.27177521535752136,-0.2009227900453426,0.25053191913235423,-0.10349751771071568,-0.08021898333718493,0.00031715927292432004,-0.18203986006741626,-0.21717919498920224,0.2702436070093793,-0.05423423567005873,-0.07904756592211269,0.18191714014774205,-0.2616882754663755,-0.09808190359314362,-0.01672975320546024,-0.08899266071129741,0.050441074516491484,0.007999107491493278,0.1996063399979281,0.06524077807616604,0.06489174349943024,0.060908924288184625,0.14019555498888348,0.18773757062372,0.08744830224163073,-0.08087880212608277,0.1840990046936385,0.2770617344946569,-0.1338762760082557,-0.09267903959709616,-0.016901879846042283,-0.13708930663245383,0.08816549657738926,-0.04613631473674983,0.16843548040067258,0.22936990493190637,0.3390974507725777,0.2098829379467523,0.32822797217285976,0.5265927690873303,0.24143948872012685,0.08370136027859015,0.2738710165831268,0.022870530484743683,0.080626987225972,0.17432763031022638,-0.14429790658942218,-0.3138665540405932,-0.12997155129134824
#13,0.3567452127278088,0.2072054124265872,0.39602514961470725,1.0,-0.013784475133278615,0.3342332794109444,0.20008446955510045,0.10428483771485947,-0.011546828805712055,0.5721059216345655,0.14509797671509056,0.12538310130768435,0.19738303755707673,-0.038624899393572346,-0.12951732821203452,-0.08962219796157432,0.08073376949374049,0.05261656400162564,-0.04589246866259194,-0.18264708460502513,-0.22760082557036873,0.11354620723728773,0.1352819769063424,0.10285841786929531,0.05487811680705082,0.044496330355648706,0.09901106869924854,0.09254280954618652,-0.03930543712994764,-0.11547944441345456,-0.02810445537059025,0.01106073042258684,0.11617751356692618,0.13016439687940776,0.13135175194638574,-0.11069496131135,0.013990070842862721,-0.1685390751380599,0.19863573699686826,0.12311995473706859,-0.061890683645578495,0.07977591661420523,-0.25279506570297,-0.07532293667174016,0.13415518491660625,0.04898596689749699,0.2582808054889273,0.07787296097665931,0.21060969487365427,0.2549546175361984,0.10483628047079824,0.11868291244650926,0.2223079313724709,0.1913155734765597,-0.01769238738056722,-0.132309604825921,-0.2952689080317797,-0.2770983910940401,0.02978906517702747,0.05411310951557507,0.04569324801377013,0.12750280901114838,0.16192654336236642,0.016522563730685558,0.2493350014742328,-0.03913649801974675,-0.09342492170628501,0.36460885017810324,-0.22652822159711208,-0.26552924957566004,-0.26950409996095276,-0.23798898708253313,-0.1398082700475739,0.06013913570113715,-0.1428172987273785,-0.0853030942951175,-0.1419996971846138,-0.24454892460693767,0.2572097952808613,-0.05019563467714302,-0.008349735833419662,0.07240794013817944,-0.05153120990684443,-0.15068571747324466,0.0019029556375459204,-0.06177115125628541,0.04796914470591048,-0.15765047135605512,0.0994445728310848,0.09430786762186327,-0.040776482400847885,-0.27690713927117117,0.16321589940154116,-0.12290798396672219,0.11546669429192997,-0.2426985632206807,0.19229733283395356,0.03984572352955239,0.15109053383165058,0.15226513877710396,0.28288375873582544,0.1190861350397246,-0.015386209149805959,0.3042051494553307,0.08216497063487636,0.1306919331574879,0.2806206121652097,0.0359617177601224,0.006741626756130019,-0.03593143622150149,-0.08011220106941644
#17,-0.2409502028066205,-0.08056004908796786,0.057514204432261,-0.013784475133278615,1.0,0.5621225764808071,0.29322888858784435,-0.14426284375522955,0.08709289260413264,0.11171497103331766,-0.19240570886691263,0.5479444413454566,0.47223740726278796,0.26888412530181927,-0.13219804126258078,-0.07603694347711752,0.030788355951517663,-0.12031811553203867,0.06498736941086469,-0.211524516093044,-0.4418203986006742,-0.28465124433217254,0.060550327120305364,-0.107260397325662,-0.20987496912079942,-0.32918104375682333,-0.2774075815410116,-0.2832496407054392,0.2885798755269386,0.31114599686028255,0.10575907051614086,-0.0162388735267633,0.3018862211030449,0.10741339878395716,0.216296249073624,-0.04674672680473986,0.1634772768927954,0.08346388926519456,-0.15270342420451194,-0.21715369474615304,-0.27888818940305526,0.1350126305891353,0.030511040808357703,-0.14587892165847205,0.05246356254333049,-0.2036337846345098,0.23202193020902231,0.2353927435870873,-0.19636462160029963,-0.007900294049677662,0.03169680211014511,0.04262525002191427,-0.03356310114830782,-0.15975264764242283,-0.5935532198041262,-0.4778936799241368,-0.20613121468814,-0.3870793456000127,0.173902095004343,-0.1279155941955072,0.17842679438038395,0.13720565149136577,0.36791750671373585,0.41369203675222527,-0.23073098040465698,0.10949166859246627,0.32734980755285326,0.35219820063909985,0.22179155145072477,0.21196598905083314,0.0992820087816462,0.29419152276295135,-0.0016543282678163026,0.16977424316075512,-0.02500139454454175,-0.1467379610961917,0.01311668751842791,-0.11541728757102217,0.3987138314912064,0.20366247240794014,0.06533959151798166,0.6059447441608428,0.0939317390368877,0.1716373546685367,0.40036019093306985,0.13326267640988454,0.12307054801616078,0.20773773000023907,0.2825570368717577,0.4328028751524038,0.3483572265298154,0.009822374869510476,0.17164372972929898,-0.0828375395452988,0.14087290519487763,-0.2076468853843763,0.004848233709727546,0.15541282502848855,-0.009545059726350516,0.33933014049040156,0.155197666727761,0.19303524611718956,0.20346962681988062,0.1835172803990788,0.08003729410545944,0.28782921212217805,0.28330770027651825,0.13845516340077615,0.10161209349026608,0.14212082333909745,0.18973137087712869
#18,0.022218680521798723,-0.041240268071305056,0.31342826861318523,0.3342332794109444,0.5621225764808071,1.0,0.1522890452549626,-0.013014686546231143,-0.06543362366422555,0.058633027596044274,-0.09698858067240954,0.6602459179689056,0.621292702946075,0.24666225724963942,-0.2689399070834894,-0.27268844281172055,0.20550645873343482,-0.009886125477133453,-0.10225119333168645,-0.3543370335248508,-0.6143837308449346,-0.35470678704906405,0.18686737482966634,-0.03683031978898549,-0.09590003904724717,-0.21307524962347296,-0.10342579827713982,-0.21713943737677432,0.4899313884085458,0.22051653929826517,0.3617544167217844,0.026953756902995483,0.32581979296990177,0.23973415996621217,0.3383722876108663,-0.12619114025930558,0.19363609559403613,-0.062121779598211795,0.19178573420777917,-0.2842320840870515,-0.023614818828741963,0.031049733442771878,0.04654272486034632,8.606332029102152e-05,0.375314170963192,0.018001577827538667,0.3777032249838631,0.2967431408330611,0.03670281857373953,0.2489046848727777,0.10453187131939852,0.09086692857541298,0.19176660902549228,0.05405254643833324,-0.4599303524611719,-0.519373012774028,-0.2557483126011045,-0.4449154906007698,0.16509654232641904,-0.1546605678585374,0.23439823410816885,0.3181314696905705,0.19811935707512213,0.11214847516515392,0.011565953987998949,-0.03911099777669756,0.3828813680880396,0.2988835674840026,-0.0844791176915905,-0.14638573898907473,0.09942226011841675,0.0745770545625513,-0.021295890476456105,0.056575476735012634,-0.3465339591517982,-0.43379260333575054,-0.1801783423248253,-0.2177051375020918,0.4632645092398537,0.1624955175354015,0.07147080620612165,0.6269314441903274,0.02136601614484138,0.3114264995338237,0.5060666671979217,0.16658671277960618,0.16028177768569357,0.2947174652758409,0.21430723011578703,0.6604132633139159,0.27410370630095066,-0.03069432380527377,0.29259457004199574,-0.1125995107140865,0.19637418419144306,-0.1892739602674338,-0.002789089083505327,0.17227167321438533,0.27011451202894277,0.3939197857979584,0.36037740359712805,0.44032863438229647,0.2836216720190614,0.36329240013068875,0.2408258891217557,0.2832885750942314,0.32229757189873215,0.18654224673078915,0.09171640542198918,-0.03767342157479939,0.1067551737602499
#26,-0.043240443385476016,0.4411781112288726,0.09119524420467133,0.20008446955510045,0.29322888858784435,0.1522890452549626,1.0,0.0003617846982604053,0.10945023069751134,0.5010638382647085,0.21638071862872443,0.29083345950641093,0.20036019093306984,0.3888229247185012,-0.024800580130529368,0.04941787726414267,-0.2616850879359944,-0.20564671007020535,-0.024819705312816263,-0.20416928973854281,-0.05829514937564249,-0.022505558256102128,0.019557092653539353,0.06011363545808796,-0.08403764473380138,-0.18498991943516963,-0.178460263449386,-0.272164999388414,0.10210297316896301,0.05145311541250627,-0.03772920335646949,-0.05291937938783479,0.025179896245886093,-0.05478408466080692,0.07945397604570918,-0.12874116456422474,0.04589724995816366,-0.04962666050410793,-0.07445592840806764,-0.11397971136912399,0.02445154555379356,-0.005262612659276909,-0.07640829076652136,0.0847038385834615,0.00494226585597144,-0.03198846114002024,-0.013700005578178166,-0.15305883384201005,-0.16452916191857453,-0.046698913849022625,-0.11482281315493788,0.009761811792268645,-0.17115125628541147,-0.14168253791168947,-0.15038130832184493,-0.1726031763740248,-0.04761054753803122,-0.2305668225900278,0.0677716771987983,0.20114113587645133,0.5141311190622285,0.42089904294400304,0.05728470224481827,0.04916128106846018,0.05366048020145192,-0.0849779661962403,0.20682290878084933,0.37581620699822293,-0.17711512562854115,-0.14813888069870665,0.08433727258962936,-0.006400561005347082,-0.011822550183681437,-0.1390576066428133,-0.09545697232426746,-0.17940695997258724,0.17658440182007984,0.05741220346006423,0.22479579883495765,-0.08617488385436174,0.2201595358955765,0.30589613432253027,0.15602004956609744,0.0035222210711695844,0.11051486584481508,0.220865573875001,0.16382153017395948,0.13193028871056428,0.20294846560256277,0.10739586736686084,0.4176955749109484,-0.11625720182645491,0.06505749507924997,-0.11876578823641913,0.14084581118663786,-0.20390950601247917,-0.2823865039963662,-0.134545657388297,-0.1521695128656695,0.21738638446397693,-0.14443497039581157,0.05333853963295588,-0.23032616404625106,-0.04605662647722111,-0.12103052857222546,-0.026555315605351862,-0.015669899353728214,0.538152348014567,0.3478201276605918,0.38474447959582114,0.22101698156810556
#49,0.38700284487086517,0.13937317215054706,0.10520603399501151,0.10428483771485947,-0.14426284375522955,-0.013014686546231143,0.0003617846982604053,1.0,0.31096590139374763,0.05941556630461634,0.3943915402943684,0.12296057821801114,0.2187729601797767,0.05654997649196344,-0.0030090286798046045,-0.07505199658934249,-0.03436157750878563,-0.08433408505924822,0.04272725099411104,0.0022615528054251766,-0.05128098877192423,-0.17558511104558966,0.13521503876833826,-0.014865047932488107,-0.03364278940783654,0.01883511702220912,0.015260301699750576,0.034979972340196876,0.014723202830526978,-0.10876809919594546,-0.11530413024249138,-0.119597733665899,-0.15784331694411463,-0.21271505869040314,-0.2862354469316036,0.14308823880977617,-0.07920056738040784,-0.07383435998374359,0.06139024137573811,-0.062005434739299856,0.08001976268836312,-0.03878586967782037,0.009953063615137581,0.07891368964610444,-0.12084246427973766,-0.1289818231080015,0.19237861485867286,0.1354254157734941,-0.0280327359370144,0.10407286694451306,0.05503589956091769,0.0552351202097395,-0.10862944162436548,-0.036092406505749505,-0.01018415956777088,-0.1238371490728271,-0.23118679724916127,-0.07047310919682204,-0.23833961542445953,-0.17986915187785382,-0.13994692761915387,-0.19438516523360613,-0.058924686625919404,-0.06755651889807075,0.05650535106662735,-0.2196973439903099,-0.17691749874490992,-0.1381650981360916,0.009043023691319558,-0.2514738343599837,-0.09408474049518284,-0.11855062993569157,0.06298400656631259,-0.007576759715991043,-0.09555578576608308,-0.21639984381101132,-0.268278494529401,-0.34199172835866093,-0.12451928057439297,-0.07516196638749213,0.12686052163934688,-0.20080166389085896,-0.07296735172007109,0.16500091641498457,0.17420172286017102,-0.083847986676123,-0.1751563882093251,0.07001410482193658,0.01209030273569795,0.08312601104479277,-0.13423806070651612,-0.2298305030719824,-0.21391357011371515,-0.25753651714492903,-0.08209643873168167,-0.11018176891998502,0.024749579644430985,-0.0021770832503247295,0.029505374973105212,0.03709966610619257,0.170006932878579,0.1905856290192766,-0.06139980396688156,-0.005774211285451314,-0.08662910693367547,0.02215333614898517,-0.05165074229613751,-0.0666480727394433,-0.03323159798866833,-0.026566471961685885,-0.12373833563101148
#50,0.04263800014343887,0.24329303763676496,-0.06480568017913921,-0.011546828805712055,0.08709289260413264,-0.06543362366422555,0.10945023069751134,0.31096590139374763,1.0,0.1719226386376495,0.16107069145502792,0.004456167472846225,0.06977504004335042,0.11310154674911745,-0.12711233653945764,-0.04502705416411,-0.08953135334571158,-0.04656185004263322,-0.020744447720517336,0.10035301898971224,-0.12357417781638232,-0.036734693877551024,-0.08693032855469404,-0.04060435576026584,-0.27469339942146326,-0.10534947286216322,-0.1845356963558559,-0.0755795629814478,-0.05522396385340548,0.3259409191243854,0.15260779829307747,-0.00403381969734399,0.19000549848990747,-0.15094709496449887,-0.18589199053303476,-0.00824932862641347,-0.018822366900684524,-0.02465235996780594,-0.21223533536804023,-0.1542286574918917,-0.0008367267250515982,0.14589007801480608,0.042834033261879526,-0.021456860760704126,-0.2530293491859844,-0.16916064356238394,0.09499159288861972,0.21113882491692498,-0.17791519575420953,0.015435615870713768,0.015324052307373555,0.06765851987026751,-0.13107124927284464,-0.11985592362677207,-0.2299309102789886,-0.1847906987863478,-0.2820167504721529,-0.1684960434779144,0.01241861836495629,0.07872084405804493,-0.014504856999418276,0.11688355154635068,0.09484815402146801,0.05176230585947773,-0.150628341926384,0.0077982930774808945,0.026188749611519735,0.2016112966076708,0.02495039405844337,-0.053700324331216284,0.043410976260867484,-0.038624899393572346,0.13919945174477444,0.14797631664926805,-0.027094008239766036,0.0475308592785025,0.003224186980532158,-0.18450860234761612,-0.11566750870594235,-0.022604371697917746,0.2470925738510945,-0.04640247352357577,0.06550215556742026,0.36508538597008505,-0.15530763652591065,-0.04222202742869893,0.030868044211046386,0.004892859135063631,0.30164556255926817,0.23006000525942513,0.06644407079504977,-0.15667508705942354,-0.051900963431057705,-0.1902238443210162,-0.007336101172214298,-0.22579349584425726,0.02523886555793735,0.11883113260923268,0.044515455537935594,0.0816262780004622,0.028671835778434764,0.2096135916295452,0.03910621648112583,-0.0161703416235686,-0.06118942696172573,0.0983831252141622,-0.09477005952712987,0.0810078971065193,0.1422913562144889,0.07599550558216259,0.04119564264596897
#51,0.17077672146562647,0.31464909274916525,0.22963287618835118,0.5721059216345655,0.11171497103331766,0.058633027596044274,0.5010638382647085,0.05941556630461634,0.1719226386376495,1.0,0.3658854560957534,0.178524014057009,0.08990907569587772,0.0075831347767533405,-0.2510419239933381,0.09193475125309788,-0.016798285108654942,-0.1355561045191212,-0.22211349201922082,-0.04779383053494728,-0.08568241041047422,0.17598355234323326,0.06210743571149663,0.16810078971065193,-0.09416124122433042,9.721967662504284e-05,-0.049521472001530016,0.09039202256454373,-0.19927324307309804,-0.08919347512530978,-0.02559268143024488,-0.050358198726581614,0.17723943931340597,-0.005151049095936696,-0.10562200670975146,-0.18888986285650536,-0.21856577070500202,-0.2105634756831276,-0.19422578871454868,0.05121723816430125,-0.18318896476982047,0.02216768003570034,-0.2862944162436548,-0.08252675533313678,0.009033461100176112,0.16487660273011978,-0.0581070850831547,-0.06536509176103085,0.04163392807337695,0.04111117309086852,-0.08864521989975217,-0.015296958299133788,0.04325797480257234,0.03950147024838831,-0.16875742096916863,-0.055584154786475305,-0.12177162938584259,-0.1261098582345863,0.1756632055399278,0.3200041437894955,0.31437496513638646,0.18940305524787032,0.0445839874411303,0.08214265792220832,0.13135015818119516,-0.026231781271665245,-0.07694060834017324,0.3012391524356717,-0.2847930894341337,-0.2277394831419487,-0.10059208376829841,-0.1555275761222099,-0.08653029349185984,0.0592306895425097,-0.10031158109475731,0.11428093299014257,0.11017220632884157,-0.031940648184303005,0.01845739467204297,-0.1497358334196623,0.006791033477037828,0.0821315015658743,-0.03955884579524899,-0.13550829156340397,-0.007930575588298575,0.1035341743100989,0.16548542103291922,0.08426236562567237,0.19098247655172965,0.013338220879917762,0.09433336786491246,-0.24821936584083068,0.16645124273840736,-0.05676035349711927,0.15088015682649475,-0.1021603487158237,-0.03961622134210967,0.05671254054140203,0.049118249408314676,0.1205906493796269,0.17527910812899936,0.07519224792611305,-0.1109260572639833,0.2134418156173051,0.08356589023739132,0.13040664918837508,0.29951629226466064,0.24707663619918876,0.2919969080955303,0.3362557674377834,0.16950649060873862
#52,0.2981775295045781,0.29697583055088494,0.07027388854800022,0.14509797671509056,-0.19240570886691263,-0.09698858067240954,0.21638071862872443,0.3943915402943684,0.16107069145502792,0.3658854560957534,1.0,0.10035142522452167,-0.02178677015515304,0.15643124098526565,-0.09120002550024305,0.24132633139159607,-0.002937309246228753,0.028867868896875423,-0.1424491389683558,0.13165137980221375,0.11333423646694132,0.02099148132505638,0.1772490019045494,0.20137701312465633,-0.029530875216154405,0.20283690203922256,0.08563937875032872,-0.0017890021392323215,-0.2618189642120026,-0.21593127684498242,0.004271290710739587,0.002279084222521496,0.05278869064220768,-0.14325877168516762,-0.28363282837539544,-0.05392504522308728,-0.2601327606403748,-0.13264588928113222,-0.07721951724852377,0.009231087983807345,-0.03643506602172302,-0.1473563419901346,-0.22561977543848466,0.08785471236522722,0.06743220521320593,0.21075632127118712,-0.09322410729227262,-0.15813975726956148,0.17015515304130244,0.06545753014208416,0.10988851612491932,-0.10330307835746559,0.06345416729753206,-0.03347385029763565,0.020486257759644272,-0.0322657762831802,0.08604419510873464,0.13237335543354398,-0.05789670807799887,0.01961924949597176,0.06064754679693041,-0.03160914502466352,-0.21446182533927277,0.07281753779215708,0.14908398345671733,-0.02714979002143614,-0.0636199188773518,-0.17490616707440493,-0.1426228593741284,-0.18505207627760203,0.024658735028568243,-0.01340515901792189,-0.20533114456247162,-0.35051199706747205,-0.20439401063041382,-0.219741969415646,-0.2220258349337392,-0.18589358429822533,-0.16350437090103515,0.015848401055072556,0.06691104399588808,-0.1343065926097108,-0.006814939954896445,0.06440405135111445,-0.013896038696618826,-0.21084557212185928,-0.12953485962913083,0.04352732111977942,-0.06424148730167585,-0.02695694443337663,0.04569643554415128,-0.09851859525536102,-0.07668241837930018,-0.2444899552948864,-0.021560455498091467,0.14063702794667263,-0.07065161089816638,0.03352963207930575,0.04430985982835149,0.08617329008917116,0.19101435185554114,0.09810581007100223,-0.14761612571619823,-0.014707265178621233,0.01100335487572616,0.013784475133278615,-0.07025795089609448,0.048391492481412716,0.0630206631656958,0.06816374343567962,-0.0205531958976484
#53,0.015124831658551746,-0.09650088852409375,0.26599303524611717,0.12538310130768435,0.5479444413454566,0.6602459179689056,0.29083345950641093,0.12296057821801114,0.004456167472846225,0.178524014057009,0.10035142522452167,1.0,0.7129453577604411,0.48615735243726543,-0.22682625568774953,-0.2621711863191196,0.25805927212743746,-0.09427121102248005,-0.1710747555562639,-0.38324474655149054,-0.49464415207707446,-0.34850066539696706,0.28660520045581683,0.14844328985010638,0.005095267314266589,-0.16526548143661995,-0.12632661030050443,-0.2007682748162448,0.49694395524707347,0.23605893743674744,0.2317350524747189,-0.0005992557116560017,0.164474973902095,0.07698364000031875,0.19030353258054492,-0.2641952681111492,0.28006916940927096,-0.19495892070221293,0.10212687964682163,-0.22736335455697312,-0.13206257122138196,-0.1245559371737762,-0.02425232490497175,-0.1435089928200878,0.2837603295906414,0.12644295515941636,0.25917650152603017,0.1936950649060874,-0.09606260309668577,0.11790196750312776,0.029806596594123786,0.022881686841077702,0.014669014814047447,-0.055557060778235544,-0.4976866498258812,-0.6050442668281683,-0.05553952936113922,-0.41012359649052904,0.13149678457872802,-0.08517240554949039,0.2017372040577262,0.1766130895935102,0.12192303707894715,0.2937564248659245,-0.14686068101586594,-0.2018168923172549,0.45421351672258126,0.3671461243614978,-0.09322251352708205,-0.0818318737100463,0.10938488632469778,0.09872897226051686,0.11088143183864721,0.11366095833100909,-0.08187012407462009,-0.2991576950967814,-0.03983297340802779,-0.13449943819777033,0.47108192749962147,0.07015435615870713,0.01825498649284001,0.6028289332132697,0.2927762592737212,0.2728414442700157,0.5659284877558989,0.22176764497286613,0.11726446142689798,0.46103005044266826,0.14889432539903896,0.6287738367506315,0.23899465291778563,0.03500386488058714,0.2548048036082844,-0.23444923459426723,-0.020041597271473994,-0.06744973663030225,-0.20401310074986653,0.12512650511200185,0.13291364183314872,0.35521201061447616,0.22594649730255242,0.3417749762927428,0.23316944114623592,0.12573213588442014,0.13118440660137543,0.24661125676354104,0.15029365123636335,0.21105435536182454,0.12668201993800254,0.10504187618038234,0.1504402776338962
#54,-0.05528293316545673,-0.07776299117850967,0.26838687056236005,0.19738303755707673,0.47223740726278796,0.621292702946075,0.20036019093306984,0.2187729601797767,0.06977504004335042,0.08990907569587772,-0.02178677015515304,0.7129453577604411,1.0,0.37046593725346444,-0.1825307397461132,-0.17926352110543553,0.20223924009275712,-0.12427702826542565,-0.1723800492473444,-0.3296639546095674,-0.5554622317493964,-0.400771382352238,0.36596992565085384,0.19516611017698762,-0.05124273840735045,-0.11010686195602802,-0.11001761110535585,-0.12092777890006415,0.3965526858927874,0.06928575412984404,0.1524324841221143,-0.22991019133151114,0.028223987759883336,-0.1691016742503327,0.0791033477037828,-0.37105881790435813,0.0771748918231877,-0.26756448772402364,-0.07544406282622382,-0.3883065447967551,0.0457824988644423,-0.17647921331750194,-0.17091537903720644,-0.22031891241463394,0.24386041804460948,0.08522340603558878,0.4431065671094678,0.36623289690729866,-0.13902254380862067,0.2106065073432731,0.10308154499597574,0.11550335089131318,0.03968794077568552,0.016524157495876133,-0.5523798898708253,-0.6044641362987991,-0.2158085569253082,-0.37107953685183565,-0.010303691957063967,-0.1841850680139295,0.030925419757907066,0.18238251958338977,0.1437544326594363,0.292387380567221,-0.11413111906222856,-0.21234530516618985,0.4142721672815944,0.37809050992517274,-0.10967017029381061,-0.15271139303046483,0.09012264023141471,-0.05511399405525584,0.1729601797767135,0.16828088517718684,-0.21233255504466528,-0.3537919658296743,-0.09034098606252342,-0.25852305779789464,0.40965343575930957,0.0367171624604547,0.2102080660456295,0.5500641490489206,0.16800675756440803,0.41380041278518437,0.5542414076134163,0.08966682338691041,-0.01059375722174852,0.3654137015993434,0.15126744176780435,0.5590338595414738,0.05112958107881966,-0.1292926073201635,0.2743443648447274,-0.237772235016615,0.1107889934575939,-0.2208910741180502,-0.17708484408992023,0.2645474902182661,0.1772872522691232,0.2822542214855485,0.2366231303142108,0.23315509725952074,0.16056387412442524,0.08306226043716979,-0.06929691048617807,0.07343273115571883,0.05773414402856027,0.12071655682968228,0.11745890078014806,-0.019792969901744378,0.16034393452812598
#58,0.018855835969686586,0.17576520651212457,0.0021213014686546233,-0.038624899393572346,0.26888412530181927,0.24666225724963942,0.3888229247185012,0.05654997649196344,0.11310154674911745,0.0075831347767533405,0.15643124098526565,0.48615735243726543,0.37046593725346444,1.0,0.03533058674465491,-0.26045151367848973,0.06229231247360326,-0.11908772880491517,-0.11524356716524954,-0.4003888787065002,-0.16684012144490754,-0.11894907123333519,0.36450366167552534,0.13552582298050028,0.18274111675126903,-0.030233725665197747,0.012294304680091482,-0.2722725785816418,0.36438412928623226,0.13015802181864547,-0.022044960116026104,0.14624708141749476,-0.050060164635944183,-0.07149630644917085,-0.13028392926870083,-0.21873949111077465,0.28995529488640437,-0.2144474814525576,0.16706962363235026,-0.3274390584035254,-0.07330522994047287,-0.23733873088477875,0.07089386320713369,-0.18860776641777366,0.32539585142920896,0.0811577110344333,0.24699535417446947,0.16093044011825738,-0.08020463945046977,0.11167990819912502,0.06607431727083649,0.09492146722023444,0.1079855604873734,-0.014076134163153743,-0.22131820318912415,-0.4441520770744846,0.05368916797488226,-0.34997649196343905,0.0043238849620285446,0.04775717393556407,0.019772250954266907,0.17412362836583287,0.1164070157543689,0.21928296504076056,-0.29937125963231837,-0.40146467021013793,0.6823227533887433,0.3865008088358342,-0.05724167058467276,0.02337894158053694,0.07962929021667238,0.15346524396560654,-0.09247822518308378,0.022076835419837595,-0.011534078684187458,-0.18243670759986932,-0.1278327184055973,0.03375754050155791,0.46739395484863216,-0.07266453633386193,-0.016104997250755045,0.35349393173903687,0.37583373841531925,0.15192247926113045,0.35984667978866675,-0.026819880626987227,0.0284821777207564,0.20425375929364326,-0.14613073655858283,0.47531656161097785,0.3104447401764298,0.15210257472766536,0.1498537720437648,-0.2591685327000773,-0.04340778873048634,0.054307548868825155,-0.41634724955972235,-0.08262397500976182,-0.021012200272533848,0.16738359537489342,0.11415821307046833,0.16610061439648097,0.04374885448126927,-0.087956713337424,-0.2740782060579015,-0.08235940998812645,-0.25837961893074296,0.11849644191921205,0.15491557028902933,-0.07425033269848354,0.17928105252253185
#101,-0.00925021316609424,0.1372741833945605,-0.28611750830750105,-0.12951732821203452,-0.13219804126258078,-0.2689399070834894,-0.024800580130529368,-0.0030090286798046045,-0.12711233653945764,-0.2510419239933381,-0.09120002550024305,-0.22682625568774953,-0.1825307397461132,0.03533058674465491,1.0,0.3023340691215963,-0.09546175361983919,0.017537792157081497,0.6804915171847732,0.09693439265593,0.4876778044290735,-0.18406394185944586,-0.00572639832973408,-0.03712835387962291,0.30119612077552615,-0.08620357162779207,0.0961040409916407,-0.3964627961267024,0.022594809106774298,-0.12751874666305413,-0.3282949103108639,-0.022829092589788748,-0.3993306186199587,0.15079249974101316,-0.08358501541967822,0.2534182278924846,0.006620500601646359,0.39321056028815277,0.29554303564455847,0.10620532476950172,0.18330371586354183,0.04889671604682482,-0.013802006550374933,0.11915147941253815,-0.37365984269537567,-0.2346388926519456,-0.3443265943628525,-0.35938448788340016,-0.08456518101188151,-0.44896843548040066,-0.23693232076118226,-0.4366565993832129,-0.27316816613408346,-0.4674704555777797,0.3823363003928631,0.05899799982468583,0.25385810708508316,-0.13986245806405342,-0.6259002781120258,-0.4163631872116281,-0.09446565037573014,-0.02337894158053694,-0.03242993409780937,0.10072755380949724,0.2854768147008901,-0.04209771374383412,0.021099857358015443,-0.25140530245678905,0.39956012080740144,0.22599909155384137,0.1312178756703775,0.15474025611806613,0.10602841683334795,-0.34987767852162344,0.25666791511606596,-0.15251217238164302,0.07249878475404219,-0.10166787527193619,0.18939030512634575,0.19746750711217717,-0.09048442492967511,-0.20040322259321533,0.05505024344763286,-0.032238682274940436,-0.2196399684434492,-0.3516324139964459,-0.33113340611527703,-0.22066954075656034,-0.15586386057742113,-0.28213628286144604,-0.171718636693256,-0.19631840240977297,-0.44830064786554996,-0.16751428412052052,-0.41554877319924455,0.18122863358541386,0.016681940249743007,-0.12807178318418347,-0.4352891488497,-0.28838224864330736,-0.3849118249408315,-0.41844623831570893,-0.2863406354341815,0.0008558519073384918,-0.3272621504673716,-0.3947023245065305,-0.19072428659085658,-0.16995911992286175,-0.05548534134465969,-0.15364055813656974,-0.3176915904979719
#102,-0.036390440596386936,0.24466208193546846,-0.10614157416187874,-0.08962219796157432,-0.07603694347711752,-0.27268844281172055,0.04941787726414267,-0.07505199658934249,-0.04502705416411,0.09193475125309788,0.24132633139159607,-0.2621711863191196,-0.17926352110543553,-0.26045151367848973,0.3023340691215963,1.0,-0.19178573420777917,-0.03477276892795384,0.20744447720517337,0.7314362215014862,0.35094868872968943,0.13500466176318243,-0.012667245734685908,0.2471435743371929,-0.011616954474097331,0.24695869757508626,-0.06775892707727371,-0.04286831629398785,-0.306275450437887,-0.04959478520029644,-0.016377531098343282,-0.41599821498298656,-0.17367418658209086,-0.17889536134641285,-0.1968347823315191,-0.08576369243519352,-0.500050203603503,0.18703790770505782,-0.30169178174979483,0.28583700563396,0.0918965008885241,0.033916917020615354,-0.14393771565635236,0.11263138601789799,-0.08819737188120075,0.2252165528452693,-0.18269011626517065,-0.3029476687199675,-0.08624182199236587,-0.28759174110878244,-0.17898939349265672,-0.43455442309684517,-0.24836917976874467,-0.29043820573914847,0.08406792627242228,0.3342444357672784,-0.02116360796563842,0.3415677868179681,-0.08495565348357227,-0.38651674648774,-0.13872291595279268,-0.18572942648359617,-0.2665986660185355,0.12501494154866163,0.2151073002414554,0.21701663093976364,-0.20387763070866768,-0.1568711201778642,0.07522093569954338,0.18969471427774545,0.13407549665707752,0.11960889002223303,-0.10346404864171362,-0.4937070181450167,-0.1850281697997434,-0.19786913594020192,-0.2346755492513288,-0.23539752488265903,-0.2000318753038115,0.5368900859836321,0.04678338340412307,-0.02525002191427137,0.10045023866633729,-0.04459992509303604,-0.21043756823307222,-0.3834359983743595,-0.3837914080118576,-0.21180661253177568,0.15452828534771973,-0.29350301620062313,-0.25986022679278664,-0.1716182294862498,-0.1948298257217764,-0.14967367657722988,-0.2077170110527616,0.18688331248157208,0.034846082126720274,-0.14997967949382018,-0.14711727721154844,0.07988429264716429,-0.23428985807520977,-0.14790140968531107,-0.34762090701176995,0.0001290949804365323,-0.2481747404154946,-0.11693295826725848,-0.18549833053096287,-0.19661962403079156,-0.10681573683749174,0.030871231741427536,-0.1463267696770235
#201,0.180482751476225,-0.20645953031739833,0.39613830694323804,0.08073376949374049,0.030788355951517663,0.20550645873343482,-0.2616850879359944,-0.03436157750878563,-0.08953135334571158,-0.016798285108654942,-0.002937309246228753,0.25805927212743746,0.20223924009275712,0.06229231247360326,-0.09546175361983919,-0.19178573420777917,1.0,0.3594514260214043,-0.32585166827371326,-0.24323088079433258,-0.14879551195722335,-0.07820446413629879,0.19975615392584212,0.19475173122743827,0.12153575213763756,-0.03476798763238212,0.16543282678163027,-0.00117699606220318,0.3217254101953159,-0.061897058706340796,0.36561292224816516,-0.08626094717465276,0.1411502203380376,0.0013036999258899187,-0.1035341743100989,-0.20180573596092088,-0.057444078763875715,-0.24695232251432397,0.1733522460135948,-0.02979384647259919,-0.03209364964259816,-0.18872889257225733,-0.06823865039963663,-0.20275083871893154,0.1159017921889568,0.20087497708962537,0.09740614715234004,0.027817577636286846,0.16782825586306369,0.04973981783263872,0.2020591446262222,-0.025528930822621903,0.4236801632015555,0.16057821801114042,0.14174628851931245,-0.1700945899640606,0.2231064077329487,-0.07888340810748352,0.01354381658950187,-0.15008327423120751,-0.1874698180717035,-0.08053614261010925,-0.2755173760249902,-0.009910031954992071,-0.11380599096335137,-0.030635354493222515,0.07673182510020798,-0.06300791304417121,-0.09440827482886946,-0.03413048155615233,0.2907744901943597,0.012174772290798396,0.1253783200121126,0.08363760967096717,-0.04915331224250731,0.03107204615543992,0.015783056682259003,0.08437392918901258,0.03857389890747396,-0.040706356732462604,-0.02845348994732606,0.049803568440261695,-0.02983528436755413,0.20991162572018265,0.14808788021260827,-0.04030472790443784,-0.015822900812023366,0.06743539274358709,-0.1366605837961893,0.27011451202894277,-0.1757253623823602,0.10956020049566098,-0.01559339862458064,-0.035397524882659036,-0.19534939317390368,0.29884053582385706,-0.12188638047956395,0.26094239335718666,0.28393564376160463,0.08581628668648247,0.28705782976994,0.436884507805465,0.21747722907983966,0.14710452709002383,0.07829052745658982,0.21943756026424627,-0.011460765485421033,-0.19639171560853938,-0.22228561865980284,-0.5228522021850521,-0.2907234897082613
