,#10,#11,#12,#13,#17,#18,#26,#49,#50,#51,#52,#53,#54,#58,#101,#102,#201,#202,#301,#302,#401,#402,#501,#502,#601,#602,#701,#702,#801,#802,#901,#902,#1001,#1002,#1101,#1102,#1201,#1202,#1301,#1302,#1401,#1402,#1501,#1502,#1601,#1602,#1701,#1702,#1801,#1802,#1901,#1902,#2001,#2002,#2101,#2102,#2201,#2202,#2301,#2302,#2401,#2402,#2501,#2502,#2601,#2602,#2701,#2702,#2801,#2802,#2901,#2902,#3001,#3002,#3101,#3102,#3201,#3202,#3301,#3302,#3401,#3402,#3455,#3501,#3502,#3601,#3602,#3701,#3702,#3801,#3802,#3901,#3902,#4001,#4002,#4101,#4102,#4201,#4202,#4301,#4302,#4401,#4402,#4501,#4502,#4601,#4602,#4701,#4702,#4801,#4802
#10,1.0,0.45741698475563597,0.7122935077974962,0.5997179035612683,0.0732717608714708,0.2657842520061519,0.13956283020822544,0.49502028066205006,0.40527217525042036,0.5994214632358215,0.6373068555809672,0.19538764353847748,0.3075201810517256,-0.04476408290766521,-0.09021507861246802,-0.2188303357266374,0.5148993138840855,0.4795814772609551,0.039233717696371795,-0.19853532978986205,0.04952625329710174,0.03706460327199994,0.13780490720302177,-0.07425192646367411,0.1350747874315677,-0.13517838216895506,-0.2497525679541633,-0.11365777080062794,0.0429918160157464,0.012042489779980715,-0.030103036919570638,0.11651539178732798,-0.0857525360788595,-0.31131174844010234,-0.0594426603128561,-0.08816549657738926,0.04976372431049733,-0.13678489748105413,3.187530381148945e-05,-0.26903712676011443,-0.13070149574863135,-0.14077409175306202,-0.17042290559331894,-0.10779749619488561,0.08082939540517496,0.0672664536333862,-0.3477723147048745,0.07349170046777008,-0.08074811338045566,0.08821012200272534,0.2228322801201699,0.26449330220178663,0.015328833602945279,0.005031516706643611,0.07101977065718908,-0.21661022081616715,0.0576576432994127,0.006567906350357402,-0.30151168628325986,-0.011921363625497056,-0.3756568304791655,-0.3601128385754927,-0.16305333535210256,-0.2786778123978994,0.08643785511080652,-0.08677095203563659,-0.0415685837005634,-0.2507709839109404,0.16747603375594675,-0.2020479882698882,0.3546286925547259,0.09520834495453785,0.08909147415311303,0.19048203428188926,0.13005761461163926,0.19559323924806157,-0.14737865470280265,-0.2305492911729315,0.12094287148674386,-0.1800635912311039,0.43448748495884104,0.135013481266688,0.10241694491150619,-0.10874897401365857,0.013902413757381125,-0.35869916885145314,-0.47856784259974977,0.21598865239184312,0.22976993999474057,0.0741148626572847,0.15999489995139016,-0.09126058857748488,-0.06448373961064316,-0.42300440676075196,-0.4604897640430635,0.29730095864976214,0.13119556295770943,0.33386193212154053,0.33470981520292614,0.010174596976627433,0.23078994971670824,0.23977241033078597,0.0018248611432077713,0.28556287802118113,0.22447067073608046,0.0025818996087306457,0.08208050107977592,-0.25294487963088397,0.07850249822693622,-0.5867924678657094,-0.5108527440652169
#11,0.45741698475563597,1.0,0.527762592737212,0.33045127461371115,0.026891600060563077,0.2957597877104766,0.37402640868920783,0.06745292416068341,0.4365354732287292,0.5182637522013882,0.3542302512570823,0.0826558503135733,0.11929332451449928,0.08307819808907553,-0.012589151240347759,-0.0868267338173067,0.32956514116775176,0.24128329973145057,-0.03162827020695041,-0.02910852744065217,0.044639769222800406,0.006410123596490529,-0.07360804532668203,0.1077544645347401,-0.025925778355074945,-0.15518013531066469,-0.3219453497916152,-0.1638135613480066,0.006850002789089083,0.06799161679509758,0.03367147718126688,0.08821809082867821,-0.13232554247782674,-0.15454581676481605,-0.15423822008303517,-0.09007163974531632,0.04337750719186542,-0.01063997641227518,0.06688235622245775,-0.24418554614348667,-0.07135764887759087,-0.056542007666010564,-0.14415128019188933,-0.1973527560184558,0.11318442253902733,0.042658719090916335,-0.2936990493190638,-0.08908988038792244,-0.23681438213707975,-0.045218305986978936,0.008242953565651173,0.0618094016208592,-0.088331248157209,0.03569077767772474,0.0868952657205014,-0.08111786690466893,-0.07107873996924033,-0.015384615384615385,-0.027991298042059465,0.272997633258692,-0.26464630366008174,-0.2529480671612651,-0.11640382822398776,0.16738837667046513,0.19914892938823323,0.0678593342842799,0.0729721330156428,-0.14056052721752504,-0.025234084262365626,0.0021866458414681765,0.38954330658464087,0.07284622556558742,0.1171194287945557,-0.0018790491596873034,0.17245336244611081,0.12002167520659181,-0.07567515877885711,-0.2837762672425472,-0.2531265688626095,-0.1025285084748464,0.1699144944975257,-0.008650164018426214,0.19831220266318164,-0.14975814613233032,-0.24732366980372783,-0.3378272199156898,-0.36078859501629623,0.15704802811401797,0.12214138291005586,-0.12304186024273044,-0.0379347990660536,-0.2651738399381619,0.10132043446039095,-0.21463554574504537,-0.17320721338125253,0.10868522340603559,-0.009188056323661835,0.010421630581166477,0.0745834296233136,-0.021208233390974506,0.013239407438102145,0.2736223892133972,-0.16704252962411048,0.021485548534134466,-0.038973933970308156,-0.2543856433631633,-0.01849086374104503,-0.31996270589454057,-0.026292344348907076,-0.366220146785774,-0.2846050251416459
#12,0.7122935077974962,0.527762592737212,1.0,0.6660822860967893,-0.008270047573890939,0.26030648104614745,0.1541298440500761,0.31605001235168023,0.40183442373435124,0.6978603702316538,0.5933412490337798,0.07715257911051965,0.13683111667158077,-0.10114352652423718,-0.09467602738088597,-0.2002055957095841,0.6695025061957621,0.5704547808971304,0.032871407055598496,-0.05775008168046602,0.11153487556678275,0.08633107284303804,0.26839483938831293,0.09283682235096304,0.21159782929181042,-0.2084405804492824,-0.14863772920335647,-0.04048322960578218,0.16092406505749507,0.06824343169520834,-0.04648534931348564,0.01982962650112759,0.028114017961733698,-0.303268015523273,-0.02464439114185307,-0.21877455394496728,-0.05679063503574019,-0.17439934974380225,0.0028369020392225615,-0.3466327725936138,-0.10072596004430667,-0.1291619185745364,-0.26286766170740067,-0.18210520444022982,0.10098415000517974,0.11739833770290622,-0.3432253026161656,-0.053843763198367985,-0.16677477707209395,0.06654925929762769,0.30713448987560665,0.3285658503932616,0.15740503151670665,0.1515893823363004,0.20012909498043654,-0.11702380288312123,-0.06911840878483373,-0.0401947581062882,-0.2464327550621967,0.19688897034799863,-0.3764871821434548,-0.4234060355887767,-0.2583875877566958,-0.29803409063742636,0.13391133884244835,0.027422323869024375,-0.12427543450023508,-0.32462765660735204,0.1562654894054459,-0.1264094860904143,0.527804030632167,0.2940225836527504,-0.02165448764433536,0.09888197371881201,0.1188056323661835,0.12443481101929253,-0.27859971790356125,-0.47374510913307144,0.20226474033580633,-0.08584497445991282,0.24958362884396243,0.06140939102606733,0.057122138195379674,-0.151527225493868,-0.050162165608140956,-0.48687454677302394,-0.5621162014200448,0.14739777988508954,0.19027962610268628,0.026153686777327097,0.1248109396042681,-0.20874817713106328,0.049521472001530016,-0.37791360198901897,-0.41592490178422015,0.3930240897608555,0.1799408713114297,0.4350054586457777,0.48056323661834904,0.21752344827036632,0.285057654455769,0.2977838695025062,-0.009710811306170263,0.4392958745388042,0.20834017324227622,0.07649435408681239,0.09516531329439233,-0.4432627560981441,0.08335870076261664,-0.606303341328722,-0.5349775677549427
#13,0.5997179035612683,0.33045127461371115,0.6660822860967893,1.0,-0.09224394170006933,0.1618101985034545,-0.02140745403979632,0.16266764417598356,0.06369960713688053,0.6177370128059033,0.4748320569930432,-0.0636071687558272,0.12906469889791136,-0.18118400816007776,-0.06426698754472504,-0.10204400385691176,0.6206089776793186,0.43253671636557783,0.07590147343591869,-0.2006614125540884,-0.05295922351759915,-0.01257161982325144,0.140837842360685,-0.007597478663468511,0.05943309772171266,-0.10387205253050068,-0.10537019180964069,0.18045565746798525,0.2302608196734375,0.10377164532349449,0.11898254030233725,0.21648431336611176,0.21137310839993945,0.09502028066205007,-0.026258875279905013,-0.05397763947437624,0.07696292105284129,-0.10304010710102081,0.10160731219469435,-0.06453314633155097,0.17503685582003203,-0.043538477476113446,-0.0688394998764832,-0.07375626548940545,-0.019193714190088373,-0.2788340013865757,-0.02721991568982142,0.21989337710875057,0.020918168126289955,0.10048530150052992,0.4155647108511503,0.2438906995832304,0.24585421829801815,0.17827060539170764,0.06946106830080724,0.08830256038377866,-0.1394401102885512,-0.20159376519057448,-0.007892325223724789,0.06900365769111237,-0.2634971989576776,-0.1676226601534796,-0.1525822980500283,-0.1722668919188136,0.11751627632700874,-0.17524245152961615,-0.14456725290662928,-0.3303795551801353,0.02642940815529648,-0.22528667851365458,0.24866243256381038,-0.01814023539911865,-0.10012032927188837,0.15198144857318172,-0.14984899074819308,-0.11032361402194614,-0.1601367450533513,-0.10501159464176144,0.1712931013873726,-0.035634995896054636,0.03925762417423041,-0.09097534085671213,-0.04513702396225964,-0.17815904182836742,-0.19397397381443793,-0.22140904780498688,-0.18568161352787893,0.1194415446772227,0.004784483102104567,0.044963303556487026,-0.01932759046609663,-0.042924877877742275,-0.08968276103881614,0.02094207460414857,-0.21153407868418747,0.3668560590968133,0.13686139821020168,0.464821617831045,0.531507940935062,0.19611440046537942,0.4189482743507399,0.23970706595797242,0.2322849014654671,0.3041206799002303,0.26216162372797613,0.24600403222593215,0.2433217254101953,-0.22064085298313,-0.09545059726350517,-0.3848974810541163,-0.25429479874730054
#17,0.0732717608714708,0.026891600060563077,-0.008270047573890939,-0.09224394170006933,1.0,0.4300918805632366,0.20295165313294392,0.2662097873120353,0.3826869287347895,0.027143414960673844,-0.027629513343799057,0.6546964275753253,0.40821267202703027,0.3137996159025891,-0.18817107475555625,-0.4052881129023261,0.011526109858234585,-0.0177625130489525,-0.42650590888444406,-0.4812023364597694,-0.10530644120201771,-0.47044760895377286,-0.2935189538525289,-0.2002741276127788,-0.1944935412665652,-0.1391277323111986,-0.323792523647491,-0.1676401915705759,-0.07001888611750831,0.19342731235407087,0.2604339822613934,-0.03091585716676362,0.3866155599295556,0.26987863478073776,0.4543712994764481,0.16513319892580225,0.47895034624548766,0.23654503581987266,-0.16198232514403652,-0.051840400353815874,0.15859557411406577,0.27847062292312474,0.18180238905402066,0.1335766481524277,-0.015971120974746792,-0.017313071265210495,0.036355377762194295,0.06193212154053343,-0.13084652838097363,-0.29317948186693654,-0.29390305126345734,-0.19331096749515894,-0.44114942345544234,-0.28017435791184886,-0.3735769669054658,-0.31588585453705104,-0.006883471858091147,-0.2547665532437106,-0.08268772561738479,0.020811385858521464,0.1745953828622429,0.33670680298671596,0.1419550717592777,0.024923300050203604,-0.3871207834949677,-0.1155336324299341,0.27076476822669715,0.23545330666432915,0.037923642709719575,0.07054642239558846,-0.23425798277139828,-0.13528516443672353,0.053846950728749135,0.05270900238267896,0.1764186502402601,0.2783287778211636,0.2741642693781925,0.14200447848018552,0.11669867478424403,-0.041433113659364564,0.06577150188462734,0.47379390775048097,0.03693072699599168,0.6328698132904079,0.5348835356086987,0.4068850656232817,0.2651260269824447,0.11819362653300289,0.43150555028727616,0.38144060435576027,0.44552271513837866,0.37512291914032303,0.14008558519073386,0.06770952035636589,0.08810652726533799,-0.1918702037628796,-0.2088342404513543,-0.10909800859039438,-0.1268398026918694,0.27289403852130467,-0.0016702659197220474,0.08793440062475595,0.2283642390966539,0.30884459992509306,0.3517615089768824,0.09892819290933867,0.4067750958251321,0.339864051829244,0.4757883161073879,0.08312282351441162,-0.04581118663787264
#18,0.2657842520061519,0.2957597877104766,0.26030648104614745,0.1618101985034545,0.4300918805632366,1.0,0.16874785837802517,0.2598793519750735,0.49937763469308066,0.2110431990054905,0.22653619042306497,0.49916725768792486,0.45560806126433395,0.44303962897146365,-0.12676011443234067,-0.2838607367976476,0.0651993401812111,0.19403931818725148,-0.1776044115420475,-0.28245184836917975,-0.16438731681661342,-0.2808867709520356,-0.3314155025540087,-0.12280598299452541,-0.22559268143024488,-0.11164484536493238,-0.3561778323199643,-0.21688116089856482,0.3283459107969623,0.29176103084732524,-0.0019348309413574098,0.16575954864569803,0.012353273992142737,0.0884252803034529,0.4518722756576274,0.3234578329574704,0.5942911330873623,0.33494569245113115,0.02926949772490019,-0.029597813354158533,0.07071536150578935,-0.06468933532022728,0.2560782219955534,0.0023268971782387303,0.001157073528357067,-0.03140514308026998,-0.05414339105419599,-0.08872331439409031,-0.34014296073759454,-0.387662663659763,-0.22422682466192256,-0.1476750950282495,-0.48585453705105625,-0.3007610228784993,-0.04109842296934393,-0.26096789360023587,-0.042832439496688954,-0.06778761485070404,-0.27892643976762904,-0.06908493971583167,-0.13573779375084669,-0.005750304807592697,0.15386687279363132,0.012291117149710333,-0.07015276239351656,0.09333567085561284,0.4730326960928846,0.23543418148204226,0.15109690889241287,0.15644080357640908,0.1443903449704755,0.22694260054666146,0.2491612810684602,0.2845014304042585,0.3771740949405924,0.4878977440253727,0.24360063431854584,0.06558981265290184,-0.04000828757899099,0.10926057263983298,0.10880634956051925,0.2601591614241939,0.4694467244140921,0.40454701208870897,0.3253799137773032,0.0075305405254643834,-0.11704930312617041,0.07143255584154787,0.39804923140673687,0.28365832861844464,0.29139446485349313,0.13831013076843388,0.2690339392297333,-0.24362932209197619,-0.32900413582066956,-0.28267178796547904,-0.017754544222999626,-0.07503765270262733,-0.15580648503056044,0.18233948792324428,-0.10896731984476728,0.1581126632613217,0.02714500872586442,0.18691518778538357,0.09236825538493414,-0.08781008693989115,0.12537035118615975,0.05644478798938552,0.46985154077249797,-0.30493509391261386,-0.3574480631768522
#26,0.13956283020822544,0.37402640868920783,0.1541298440500761,-0.02140745403979632,0.20295165313294392,0.16874785837802517,1.0,0.24545577700037455,0.44924575062356065,0.3388217293946083,0.2379411741268159,-0.03364278940783654,0.2016846098064372,0.5176517463682075,-0.03768935922670513,-0.03315350349433018,0.17591183290965742,0.07609750655435935,-0.18160954346596117,-0.07666010566663213,-0.23747579469116814,-0.22365785048888748,-0.24829586656997824,-0.07634772768927954,-0.2054809584903856,-0.10945341822789248,-0.39653993577126284,-0.49697583055088496,-0.23582943524930472,-0.043673947517312274,-0.015759150204400385,0.04589087489740137,0.043509789702683106,-0.09192996995752616,-0.2624389388711361,0.21262262030934984,-0.15419518842288965,0.2733737618436676,-0.2732159790898007,0.06094717465275841,-0.3408426236562567,0.06993919785797958,-0.3061686681701185,0.16469491349839427,-0.03083776267242547,0.031113484050394855,-0.17171226163249367,-0.07440652168715983,-0.2651499334603033,-0.2613790850194041,-0.11149662520220896,-0.12454318705225159,-0.22705735164038282,-0.19042625250021913,-0.23073416793503812,-0.17322793232873002,-0.057271952123293675,0.09981910765086979,-0.12513925523352645,-0.01089338507757652,-0.14562551299317072,-0.08965726079576695,0.21348484727745062,0.05755404856202535,0.03935643761604603,-0.007490696395700021,0.4293507797496195,0.5284829746033517,0.344261249990039,0.2918327502809011,0.49978404481667715,0.2526819083744392,0.5220967574847197,0.2541784538883886,0.3575787519224793,0.33013411534078685,0.24817155288511344,0.011672736255767438,-0.03782801679828511,0.1259600443066723,-0.19656862354469315,-0.1708062741779392,0.023506442795782897,0.045596028337145086,-0.010314848313397988,-0.0918582505239503,-0.25198543298615816,-0.12649873694108646,-0.11749077608395955,-0.23528596131931884,-0.10125190255719625,-0.14638414522388415,0.03139239295874539,-0.27169552709799266,-0.08146849524659532,-0.016098622189992747,-0.18709209572153734,-0.10578457075919005,-0.206355935580011,0.15842025994310258,0.04180924224434014,0.36482082094844964,-0.24935890795209142,0.1318984134067528,0.11427774545976141,0.051579022862561656,-0.05372263704388432,0.033400537098869226,0.03222274462303469,-0.27382798492298127,-0.2776737403278375
#49,0.49502028066205006,0.06745292416068341,0.31605001235168023,0.16266764417598356,0.2662097873120353,0.2598793519750735,0.24545577700037455,1.0,0.6101108463690045,0.41078341527942686,0.439270374295755,0.2023284909434293,0.35614117572058107,0.10360429997848417,0.20568017913920741,-0.1318537879814167,0.3112575604236228,0.13804875327717966,0.11104877718365753,-0.19301771470009324,0.24039238498991944,-0.19526014232323152,0.02414554263720326,-0.3291316370359155,0.12755062196686562,-0.3252524125620572,-0.2221150857844114,-0.3813146969057049,-0.011094199491588904,-0.03403963694028959,-0.1257034481109898,-0.025946497302552416,-0.1506028416833348,-0.47475396249870505,-0.08781327447027229,0.08620994668855438,-0.12079305755882985,-0.1648367586003554,-0.20741260190136188,-0.30028289332132696,-0.28350213962976833,-0.036154563348181915,-0.2907218959430707,0.00717672465315685,-0.05364613631473675,-0.11380120966777965,-0.34968164540318275,-0.23124895409159368,-0.42894118209564186,-0.284885527815187,0.06636119500513989,0.1259409191243854,-0.07448461618149799,-0.2604610762696332,0.08742280199858155,-0.4022551777446629,0.0012080740144554502,-0.20575508610316443,-0.48919666265569095,-0.2120934902660791,-0.2940146148267976,-0.1375849676067225,-0.0231940648184303,-0.05803855317996,0.1487986994876045,-0.0600737913283236,0.07577715975105388,0.07623138283036761,0.37117835029365126,-0.133422052928942,0.36246364223159,0.07679079441225924,0.23331606754376877,0.22407222943843683,0.25324450748671196,0.19563308337782595,-0.06499693200200815,-0.08465761939293484,0.28587525599853375,-0.28062379969559087,0.26251384583509313,0.019027173308886477,0.03329534859629131,0.254379268302401,0.13306823705663445,-0.18626333782243862,-0.406292184972388,0.03788061104957407,0.25656272661348806,0.05820908605535147,0.02419494935811107,-0.2235319430388321,-0.16292583413685663,-0.427584887918463,-0.3565220856011284,0.26152093012136524,-0.26503836989696306,0.23424523264987368,0.15357202623337504,-0.05669660288949629,0.029127652622939062,0.044228577803632194,-0.15524069838790652,0.23835874060674642,-0.08856871917060459,-0.03213508753755309,-0.1819123588521703,-0.12085680816645283,0.24288184621759676,-0.37077034640486417,-0.41747244778426795
#50,0.40527217525042036,0.4365354732287292,0.40183442373435124,0.06369960713688053,0.3826869287347895,0.49937763469308066,0.44924575062356065,0.6101108463690045,1.0,0.5068492059064938,0.42631784459195626,0.4002310959526333,0.4358342165448764,0.3335814294479994,0.054427081258118244,-0.3136928336348206,0.3141359003578003,0.14154866163568122,-0.0978269011626517,-0.2778873048633745,0.10303213827506794,-0.33527241431519894,-0.111294217023006,-0.21057144450908047,0.033622070460359074,-0.3360820470320108,-0.3246244690769709,-0.5000661412554088,0.057361202973965845,0.021093482297253146,-0.08900381706763143,-0.09726111451999776,-0.15343974372255736,-0.3387324785439361,0.018930742933643586,0.09336595239423376,0.11409924375841707,0.004467323829180247,-0.18208289172756179,-0.28814796516029295,-0.20976021802707806,-0.002036831913554176,-0.14353130553275587,-0.14965614516013356,0.09087967869693758,0.05533393365155512,-0.24538565133198925,-0.20768194821856895,-0.39536533082580944,-0.37476910326801555,-0.11499334603032935,0.007675573157806661,-0.30685876849763727,-0.25480958490385613,-0.03191674170644439,-0.4767366063957797,0.04298862848536525,-0.26533481022240996,-0.30461793463968956,0.021995553395118297,-0.2735395134234873,-0.22967909537887782,0.09397477069703321,0.011526109858234585,0.05057016949692802,0.007084286272103531,0.3508721880005419,0.19920630493509392,0.27741236283658327,-0.06828646335535385,0.3449386001960331,0.06852234060355888,0.2830001035947374,0.17869614069759102,0.35368358979671527,0.271072364908478,0.028298894723840336,-0.16562567236968978,0.12150865812939779,-0.20138976324618094,0.1835045302775542,0.17855356985616486,0.24172796021962084,0.37759644271609466,0.19909633513694427,-0.1823761445226275,-0.40238905402067116,0.04290097139988366,0.3734096215604555,0.08251081768123103,0.15268270525703448,-0.110170612563651,0.11618070109730734,-0.4578488951222816,-0.32739921427376106,0.10594075974786635,-0.24351775852863597,0.024531233813322284,-0.0760751938416913,0.07983488592625648,-0.01878571030130131,0.17198160794970077,-0.25762736176079176,0.12207444477205173,-0.11871478775032075,-0.18495804413135813,-0.09937922845827124,-0.1813513535050881,0.2023842727250994,-0.3708372845428683,-0.39198017356102927
#51,0.5994214632358215,0.5182637522013882,0.6978603702316538,0.6177370128059033,0.027143414960673844,0.2110431990054905,0.3388217293946083,0.41078341527942686,0.5068492059064938,1.0,0.7170014901704532,0.06210106065073433,0.13955645514746312,-0.05168739889552072,0.09438436835101084,-0.21663093976364461,0.6589406242778252,0.3883384201005666,-0.00572639832973408,-0.22448979591836735,0.22152220513351767,-0.2117125803855318,0.15298392687805307,-0.2134179091394465,0.22054522707169552,-0.3594992389771215,-0.12202981934671565,-0.2516061168708014,-0.02517511495031437,-0.08215700180892349,-0.14082190470877926,-0.009648654463737857,0.055673405637147476,-0.31297085800349034,-0.27863159320737274,-0.2275083871893154,-0.12801918893289452,-0.20358597167879255,0.05775964427160946,-0.3034863613543817,-0.12256851198112982,-0.20851229988285827,-0.2196240307915435,-0.1904039397875511,0.1400313971742543,-0.18207173537122776,-0.18918311565157106,-0.003091904469714477,-0.1502283068635498,-0.04867199515495382,0.27203659284877557,0.24754998446078938,0.2283132386105555,0.06808883647172262,0.2097841245049367,-0.22809967407501852,0.07953207054004734,-0.2758265664719617,-0.1332578951143128,0.0519949955773016,-0.2781231821115795,-0.2957040059288065,-0.2615671493118919,-0.2108136968180478,0.2105459442660313,-0.15045143399023023,-0.10186231462518627,-0.27792555522794826,0.12815944026966508,-0.2655802500617584,0.4382710835212648,0.008123421176358087,0.1542860330387524,0.11261385460080166,0.0906724892221629,-0.0011618548239287906,-0.14973105212409055,-0.24662878818063735,0.24316872395190017,-0.2792483803361251,0.18250045820749228,0.07920856776633153,-0.10150052992692586,-0.0900110766680745,-0.16265967535003067,-0.3387659476129382,-0.43200280502673544,0.2620452788690642,0.16841954274876683,-0.05385810708508316,-0.05176071209428715,-0.22776179585461673,-0.04376160460279387,-0.30209022304743843,-0.2956545992078987,0.5190797599789623,-0.12114846719632796,0.4226888412530182,0.39018878148682357,0.2089649291969814,0.3014527169712086,0.1272079624508921,0.03738654384049598,0.3450166946903713,0.09598769613272877,0.15574910948369977,0.019286152571141694,-0.26618747459936726,-0.037427981735450915,-0.4970714564623194,-0.39321534158372445
#52,0.6373068555809672,0.3542302512570823,0.5933412490337798,0.4748320569930432,-0.027629513343799057,0.22653619042306497,0.2379411741268159,0.439270374295755,0.42631784459195626,0.7170014901704532,1.0,0.14335121006622095,0.20195554988883488,0.017765700579333646,0.24183314872219877,-0.07054482863039788,0.4388703392329208,0.2777980540127023,0.13195578895361346,-0.02817936233454725,0.24167058467276017,0.002865589812652902,-0.025087457864832775,-0.1777175688705783,0.11336770553594339,-0.1664735554510754,-0.31772984086254574,-0.37966196240307915,-0.06635641370956817,0.030992357895911194,-0.22613774912542134,-0.00137541935946577,-0.16256883073416795,-0.28139199451744773,-0.22796739156420084,-0.11616795097578274,0.034291451840400354,-0.03086645044585581,-0.09338348381133008,-0.05211293420140411,-0.3251695367721474,-0.2395891273338699,-0.26643291443871575,-0.03287459458597965,-0.07746336332268167,-0.10640932671389525,-0.3244762489142475,-0.18054650208384798,-0.3219899752169513,-0.15152881925905856,0.04673716421359641,0.035481994437759484,-0.12928623225940122,-0.16904748623385316,0.11020408163265306,-0.2755125947294185,0.07016232498466,-0.09224872299564105,-0.24957566001800954,-0.33810772258923094,-0.1339958083975488,-0.1967598753675621,-0.08651594960514468,-0.21095554192000893,0.06228274988245982,-0.05932472168875359,0.014694515057096638,-0.17926670863581667,0.35292814509638293,0.010944385563674905,0.354287626803943,0.05098295468128681,0.2746647116480329,0.36733737618436674,0.18020065503749333,0.20415494585182764,0.06106351951167035,-0.0816565595390831,0.22297412522213103,-0.04066970013307939,0.4464200049406721,0.0853031282834134,0.03973415996621218,-0.03177330283929269,0.006856377849851381,-0.16729912581979298,-0.3675334093028074,0.2669732008383205,0.13293754831100735,0.059047406545593636,-0.027917984843293036,-0.1611965989050833,-0.13933810931635443,-0.2997314505653882,-0.44804564543505804,0.4037931611535672,0.03455123556646399,0.2259656224848393,0.19228617647761956,0.0228944369626023,-0.049923100829554784,0.03364438317302712,0.015105706476264852,0.27399851779837275,-0.015051518459785319,-0.07931850600451036,-0.13545091601654327,-0.13999792810525225,0.07511255966658432,-0.3354301970690658,-0.5026193530907092
#53,0.19538764353847748,0.0826558503135733,0.07715257911051965,-0.0636071687558272,0.6546964275753253,0.49916725768792486,-0.03364278940783654,0.2023284909434293,0.4002310959526333,0.06210106065073433,0.14335121006622095,1.0,0.46280391109977764,0.3459633912135725,-0.1230753293117325,-0.5427137039899912,-0.10195475300623959,-0.16059893695861788,-0.4797185410673446,-0.5210448724589406,0.206580656471882,-0.40542358294352493,-0.3400202408179203,-0.31250229103746147,-0.19477723147048745,-0.258626652535282,-0.2755189697901808,-0.1807329726111452,-0.031197953605495304,0.22570265122839453,-0.03217652543250803,0.04976053678011619,-0.02109507606244372,0.08896078540748592,0.40173720405772617,0.05748711042402123,0.5337344309062946,0.1232251432396465,0.10848122146164206,-0.21838886276884825,0.06998063575293452,-0.055616030090286796,0.2522005912868857,-0.08457793113340611,0.21789798309015132,0.1660862705097658,-0.07931213094374806,0.014764640725481915,-0.17574130003426594,-0.16914311214528763,-0.3482504442620469,-0.16489572791240667,-0.4582266174724478,-0.41098741722382043,-0.09435568057758051,-0.5448748495884101,0.3193554813569317,-0.20396688155933987,-0.03824877080859677,-0.0290814334324124,0.16474750774968325,0.23029428874243957,-0.0716795894460869,-0.17103491142649954,-0.2813202750838719,-0.0655802500617584,0.13303636175282296,-0.073596888970348,-0.15850951079377476,-0.0529624110479803,-0.3542685016216561,-0.23805592522053726,-0.0271211022480058,-0.022011491047024042,0.3028361051566273,0.2949278422809967,0.3078548717417463,0.0993696658671278,0.014023539911864785,-0.26055032712030535,0.46983560312059225,0.7305328477129442,0.3940807560822064,0.6680904302369132,0.5901218433488195,0.3149232203619441,0.15711815378240324,0.3979265114870626,0.5958338977918384,0.6337941971009411,0.6331678473810454,0.4404210727633498,0.348594697543211,-0.03664863055726,0.05390592004080039,-0.26343663588043575,-0.24451704930312618,-0.29438596211620144,-0.22064882180908288,0.04372176047302951,-0.2698148841731148,-0.13318139438516524,0.17714221963678092,0.10779271489931389,0.12127915594195507,-0.17091378527201587,0.1584505414817235,0.3694618651834025,0.5269083345950641,0.16272820725322537,0.06049135780825411
#54,0.3075201810517256,0.11929332451449928,0.13683111667158077,0.12906469889791136,0.40821267202703027,0.45560806126433395,0.2016846098064372,0.35614117572058107,0.4358342165448764,0.13955645514746312,0.20195554988883488,0.46280391109977764,1.0,0.2429854409549841,0.09587294503900741,-0.20599574464694118,0.10511678314433935,0.1081034991114759,-0.06535074787431568,-0.3494218616771191,-0.00958490385611488,-0.2812836184844887,-0.13321645721935788,-0.04223796508060467,-0.1038210520444023,-0.11413430659260972,-0.3287762273984174,-0.2794539760457092,0.22838495804413136,0.2492170628501303,0.08572384830542916,0.03855317995999649,0.05392345145789671,-0.01920646431161297,0.16249233000502036,0.14857079106535234,0.28322163695622726,0.18518595255361028,-0.08254906804580481,-0.05548693510985027,-0.011981926702738885,0.08835993593063934,-0.02669556694212242,0.07461211739674393,0.022312712668042616,-0.04558009068523934,-0.11079696228354677,-0.07164930790746599,-0.275158778857111,-0.28877272111499813,-0.10279147973129119,-0.09159846679788666,-0.3306265887846744,-0.33098040465698186,-0.20016415781462918,-0.36233135972077235,-0.08920781901202496,-0.21192136362549704,-0.17405669022782874,-0.11259791694889591,0.0627146602491055,0.1128114814844329,-0.011471921841755054,-0.04841539895927133,-0.08976882435910717,-0.11734733721680785,0.18170198184701447,0.20304887280956896,0.2174118847070261,0.14419431185203485,0.07206846815258708,0.09146459052187841,0.04761373506841237,-0.026921881599183992,0.128714070555985,0.11213413127843874,0.13064093267138951,-0.0071575994708699565,0.07125086660982237,0.10642845189618214,0.19443457195451394,0.27371732730254517,0.3495477691271745,0.37188279450788514,0.2625281897218083,0.09579963184024098,-0.031177234658017833,0.21970690658145337,0.3343161552008543,0.2556654368111946,0.3574767509502825,0.2975830550884938,0.2268405995744647,-0.1131429846440724,-0.07846584162755302,-0.11647395389237304,-0.05017013443409382,-0.1442915315286599,-0.15535066818605614,-0.0253042099307509,-0.1516085075185873,0.24344444532986956,0.1239933380615034,0.12648279928918071,0.05443664384926169,-0.055498091466184285,0.02531377252189435,0.12189275554032625,0.2581198352046793,-0.012730996342308887,-0.1271824622078429
#58,-0.04476408290766521,0.08307819808907553,-0.10114352652423718,-0.18118400816007776,0.3137996159025891,0.44303962897146365,0.5176517463682075,0.10360429997848417,0.3335814294479994,-0.05168739889552072,0.017765700579333646,0.3459633912135725,0.2429854409549841,1.0,-0.1618516363984094,-0.42099945015100926,-0.23655937970658783,-0.3202240833857948,-0.5141869008438986,-0.41148467196327965,-0.1779231645801624,-0.5236283658328619,-0.5780028528396911,-0.3105833977480098,-0.5528022376463275,-0.10402824151917699,-0.5082963446995354,-0.5003785192327614,-0.10708986445027054,0.16479053940982874,-0.2891504434651643,-0.018634302608196734,-0.2325654041390082,0.1306170261935309,0.16767525440476855,0.514837157041653,0.4086637075759628,0.4362501892596164,-0.09714955095665756,0.0689510634398234,-0.29691207994326196,0.008419861501804939,0.16763700404019477,0.05619456685446533,0.02598793519750735,0.06038457554048562,0.06501924471467618,0.05436173688530469,-0.21951406099339385,-0.4066730948529353,-0.48558837826423035,-0.46777486472917945,-0.6417614292886229,-0.6120982715616509,-0.18754313127046993,-0.4227047789049239,0.2993664783367466,0.003847349170046777,0.06437217604730296,-0.2560590968132665,0.20427288447593017,0.2273282917227805,0.2169688179840464,-0.15388918550629935,-0.34980436532285697,-0.15364533943214145,0.7070006135995984,0.438446397692228,0.09117771278757501,0.39257464797711356,0.06464630366008176,0.22947031213891259,0.6464056610539569,0.4621090294766872,0.7040856170660377,0.7151431599582434,0.7462183936440644,0.464480552080262,-0.23776426619066213,0.030381945827921173,-0.10232131900007171,0.14654517389779306,0.25244603112623415,0.35583198527360965,0.5313374080596706,0.2669030751699352,0.10281379244395923,-0.08722198758456917,0.040833857947708566,0.20587939978802922,0.33559754241407613,0.29157456032002804,0.26741786132649076,-0.08576847373076525,0.11790356126831834,-0.6233582226330595,-0.27436827132258607,-0.4832869813290408,-0.574737227964204,-0.00417247726892397,-0.3144992788212513,-0.004268103180358438,-0.21016184685510284,-0.08570472312314227,0.016877973368183665,-0.13809337870251576,-0.021949334204591636,0.5198367984444852,0.47501693375514986,0.09358589199053303,-0.05888006120058332
#101,-0.09021507861246802,-0.012589151240347759,-0.09467602738088597,-0.06426698754472504,-0.18817107475555625,-0.12676011443234067,-0.03768935922670513,0.20568017913920741,0.054427081258118244,0.09438436835101084,0.24183314872219877,-0.1230753293117325,0.09587294503900741,-0.1618516363984094,1.0,0.44069041908055684,-0.0948800293252795,-0.22785901553124177,0.44547490218266145,0.25343257177919976,0.48151471443712196,0.10444262046872635,0.05565906175043231,-0.17053446915665915,0.08459386878531186,-0.1536676521448095,-0.20276199507526557,-0.35333933651555116,0.05480799113866554,0.16097665930878405,-0.17121978818860617,-0.04041469770258748,-0.23949190765724485,-0.14552191825578337,-0.19941827570544032,0.11939373172150547,-0.12716174326036545,0.15997736853429384,-0.046260628421614644,0.08029867159671365,-0.09397158316665205,-0.1230817043724948,-0.12975320546023955,0.2574711727721155,-0.11759277705615631,-0.2178071384742886,-0.1934384687104049,-0.3991664608053295,-0.3962482767413877,-0.3889854887679398,-0.1335320227270916,-0.1853038911777128,-0.08912334945692452,-0.3186924750376527,0.21236602411366734,-0.13134378312043288,-0.06569021985990804,-0.1193475125309788,-0.25755404856202535,-0.37213779693837706,-0.04037644733801369,-0.05559212361242818,0.1394018599239774,0.14598092263066884,-0.024062666847293388,-0.21700866211381079,0.011304576496744734,-0.018548239287905714,0.28445680497892245,0.10792340364494099,0.18790969726430204,0.0971909888516125,0.1659284877558989,0.026367251312864076,0.059128688570312934,-0.13333598960865095,0.00798157607439696,-0.13448668807624573,0.14957008183984252,0.02669556694212242,0.08966044832614811,-0.09467765886957333,-0.16379124863533856,0.019031150140649777,-0.1326713895241814,-0.17529663954609567,-0.22350963032616405,0.18315230817043726,-0.03810533194144507,-0.1533186175680737,-0.24637378575014543,-0.37122616324936847,-0.24274478241120737,-0.17870889081911562,-0.02381722700794492,0.24518802444835802,-0.18558598761644446,-0.09573428746742742,-0.13480225358397946,-0.43255584154786475,-0.37474838432053803,-0.3893918988915363,-0.06407892325223724,-0.14960036337846344,-0.3192295739068763,-0.21031962960896972,-0.3165504546215206,-0.12548988357545282,0.030468009148212193,0.1217078787782196,-0.11157312593135653
#102,-0.2188303357266374,-0.0868267338173067,-0.2002055957095841,-0.10204400385691176,-0.4052881129023261,-0.2838607367976476,-0.03315350349433018,-0.1318537879814167,-0.3136928336348206,-0.21663093976364461,-0.07054482863039788,-0.5427137039899912,-0.20599574464694118,-0.42099945015100926,0.44069041908055684,1.0,-0.11298838942058667,0.14241566989935373,0.5864721210624039,0.8326976866498259,-0.16433631633051501,0.7106997426069217,0.15655555467013044,0.4055606467499143,0.2369434771175163,0.4838240801982644,0.0025229302966793903,0.0909848671995155,0.10369514459434691,0.07803711879128848,0.20650734327311557,0.1663237415231614,-0.04006566312585167,-0.029342810923666616,-0.2829140402744464,-0.006231621895146188,-0.3938082222346182,0.11969495334252404,-0.09825403023372567,0.4675262373594498,-0.017705137502091815,0.04343647650391668,-0.22540142960737594,0.44907681151335976,-0.344594346914869,0.020986700029484655,-0.2681159304799624,-0.3924375841707241,-0.17521535752137637,-0.07883559515176629,-0.04029197778291324,-0.09346795336643052,0.10690339392297332,0.1544916287483365,-0.012036114719218418,0.5693694268023493,-0.48286622731872914,0.3693072699599168,-0.34637298886755014,-0.21279952824550358,-0.14176381993640877,-0.16558742200511598,0.31883910143518557,0.4706197355943549,0.2644088326466862,0.17536198391890923,-0.06098064372176047,0.11801512483165855,0.32991417574448756,0.31855859876164444,0.17394512666448853,0.13618245423901695,-0.04718501223214784,0.010254285236156157,-0.3289164787351879,-0.25305166189865247,-0.29814246667038546,-0.2030329351576632,0.025093832925595073,0.5000836726725052,-0.11704770936097984,-0.42665190839515554,-0.17467985241734335,-0.2870179856401756,-0.44792770681095556,-0.23796986190024624,-0.2305253846950729,-0.1856465506936863,-0.35955980205436333,-0.3970642845189618,-0.5564041469770259,-0.48061742463482854,-0.275319749141359,-0.11360358278414841,-0.2688522499980078,0.27338173066962046,0.3859796476185164,0.023656256723696898,0.02715616508219844,-0.16112009817593573,-0.08741642693781924,0.054951430005817245,-0.044931428252675536,-0.15608061264333925,-0.14596020368319135,-0.09045254962586362,-0.2626891600060563,-0.35599295555785765,-0.3942449138968356,-0.06370438843245224,-0.16216242061057146
#201,0.5148993138840855,0.32956514116775176,0.6695025061957621,0.6206089776793186,0.011526109858234585,0.0651993401812111,0.17591183290965742,0.3112575604236228,0.3141359003578003,0.6589406242778252,0.4388703392329208,-0.10195475300623959,0.10511678314433935,-0.23655937970658783,-0.0948800293252795,-0.11298838942058667,1.0,0.6848154021468017,0.09839428157049622,-0.12733705743132864,0.011907019738781886,-0.017579230052036432,0.34136537863876515,0.12841125516977583,0.46442795782897306,-0.1756201738797823,0.09237144291531528,0.12387061814182916,0.2251783024806955,-0.3596745531480847,0.07125724167058467,-0.04008956960371029,0.19507685932631547,-0.3498410219222402,-0.1322474479834886,-0.40976659308784036,-0.18962458860936018,-0.5012726215046737,0.014355043071504276,-0.32996358246539537,0.02566758839420188,0.05612444118608006,-0.22864155423981386,-0.25942831642614095,-0.05918765788236419,-0.20048450461793463,-0.19104144586378088,0.08317382400051,-0.056025627744264436,0.1850600451035549,0.4226458095928727,0.3544756910964308,0.3268589278741563,0.30956657555642325,0.07828415239582752,-0.09693439265593,-0.2518467754145782,-0.3067695176469651,-0.13996445903625018,0.2611495828319614,-0.34965136386456186,-0.19530158021818644,-0.35938926917897185,-0.23815792619273402,0.3386033835634996,0.06677079265911753,-0.2826510690180016,-0.16666799480432548,0.15002430491915625,-0.34122193977161347,0.3878284152395828,0.02589868434683518,-0.13864482145845453,0.042363872530660054,-0.2383412091896501,-0.21842551936823149,-0.46160221214608455,-0.323032297651587,0.5384041629146777,-0.06636278877033047,-0.0034234076293539672,-0.06620104798072388,-0.1407756855182526,-0.020569133549554145,-0.2144522627481293,-0.33083218449425844,-0.35106822111898256,0.01738479069878635,0.13291204806795814,-0.04041469770258748,-0.06532206010088534,-0.22974443975169137,-0.12025117739403454,-0.2428117205492115,-0.24245790467690395,0.6401150698467595,0.07912087912087912,0.642716094637777,0.6125493071105834,0.30610651132768607,0.5266437695734287,0.4781709950672967,-0.03916837332355824,0.33651395739865647,0.178385356485429,0.19296193291842312,0.0702133254707584,-0.3639378750328714,-0.14053980827004758,-0.4613790850194041,-0.2585055263807983
