,#10,#11,#12,#13,#17,#18,#26,#49,#50,#51,#52,#53,#54,#58,#101,#102,#201,#202,#301,#302,#401,#402,#501,#502,#601,#602,#701,#702,#801,#802,#901,#902,#1001,#1002,#1101,#1102,#1201,#1202,#1301,#1302,#1401,#1402,#1501,#1502,#1601,#1602,#1701,#1702,#1801,#1802,#1901,#1902,#2001,#2002,#2101,#2102,#2201,#2202,#2301,#2302,#2401,#2402,#2501,#2502,#2601,#2602,#2701,#2702,#2801,#2802,#2901,#2902,#3001,#3002,#3101,#3102,#3201,#3202,#3301,#3302,#3401,#3402,#3455,#3501,#3502,#3601,#3602,#3701,#3702,#3801,#3802,#3901,#3902,#4001,#4002,#4101,#4102,#4201,#4202,#4301,#4302,#4401,#4402,#4501,#4502,#4601,#4602,#4701,#4702,#4801,#4802
#10,1.0,0.17844113826709912,0.5693869582194455,0.4483133979870746,0.03216696284136458,0.16770712970858004,-0.0811449609129087,0.2716333702555602,-0.03204743045207149,0.16098144060435576,0.17350046617631823,0.06810158659324722,-0.1034831738240005,-0.13302361163129836,-0.1442102495039406,0.07317454119484576,0.1761014909673358,0.4926949772490019,-0.22314625186271306,0.13971423790133,-0.1826183968315948,0.051295332658639406,0.07026113842647563,-0.03842886627513169,-0.005541521567627441,0.07193140434619767,-0.10473109196822032,0.20078572623895322,-0.003978037915673884,-0.12084405804492825,0.33162587955916456,0.10629616938536446,0.3177425909840703,-0.04984978763078836,-0.1580935380790348,-0.05846090095546223,-0.1516005386926344,-0.011972364111595439,-0.11135956139581955,0.07506634047605766,-0.01959853054849429,0.04247862362438142,-0.1140721497501773,0.09500753054052546,-0.38122863358541387,-0.11988142386982126,0.0045055741937540346,0.17547992254301173,-0.07348851293738894,0.2574042346341114,0.19899274039955694,-0.00891871000645475,-0.018890898803879223,0.1247487827618357,-0.17715337599311493,0.0771430165193762,-0.18521782785742177,-0.08289810262254062,-0.02967112655292496,-0.08988357545282853,0.11060252293029668,0.1488226059654631,-0.16985871271585556,0.030603479189411024,0.09090039764441504,0.08559156579461148,-0.08224625265959566,-0.14423893727737092,0.2049502346819243,-0.020698228529990675,0.32303070388639643,0.23064172955398482,-0.12993808222234618,0.001429607375945302,-0.15277833116846895,-0.05837802516555236,-0.17185251296926424,-0.06189865247153137,-0.10890835053271601,0.030536541051406896,0.03904087210831228,0.11129740455338714,,-0.09573428746742742,-0.03392966714213995,-0.06960769469834009,-0.07679876323821211,0.21988381451760713,0.26438811369920867,-0.05821067982054204,0.06093920582680554,-0.16159504020272694,-0.23364916446859885,-0.1990501159464176,-0.2762489142474639,0.2169560678625218,0.25921634565579454,0.29371817450135074,0.43542780642127993,0.4008303516642893,0.32771637354668537,0.2825554431065671,0.12523488114496092,0.508650160571843,0.4757436906820518,0.357295061718557,0.3805879399788029,0.005143080269983823,0.20738710165831267,-0.04740017053287539,-0.20338675102997075
#11,0.17844113826709912,1.0,0.22033803759692083,0.15461594243320131,0.028080548892731635,0.10276119819267028,0.2497095362940178,0.10052195809991314,0.2637394512666449,0.23296862673222354,0.39796316808644583,-0.03995569332770203,0.24926965710141924,0.2093028074173832,-0.17825626150499246,-0.05619456685446533,0.224449951788603,0.2515630852106559,-0.07830327757811442,0.17341918415159893,-0.2557180310624836,0.05109611200981759,0.088031620301381,0.23271362430173162,0.04612356461522524,0.17113850616388687,-0.04185705520005738,0.0967782036672537,0.1461689869231566,0.020669540756560335,0.05560806126433392,0.028330770027651827,0.05917331399564902,0.14877798054012703,0.010689383133182987,0.022864155423981385,-0.16770234841300832,-0.044639769222800406,-0.21734175903864084,0.1952744862099467,-0.09040473667014638,0.1415422865749189,-0.08391651857931771,-0.25362860489764044,-0.008985648144458876,0.02157958068037836,-0.0941309596857095,0.07979982309206385,-0.1551291348245663,0.026872474878276185,0.049889631760552715,0.06461124082588912,-0.15644399110679025,0.13606610938010502,-0.11157471969654711,0.15769669054658178,-0.20218345831108703,0.0608292360286559,0.037225573556247955,0.21029253560072994,-0.20733131987664258,-0.09420427288447593,0.11651698555251855,-0.0326530612244898,-0.040945421511048775,0.15261576711903035,0.44399907561618945,0.28049948601072605,0.2089282725975982,0.2208289172756178,0.3675318155376168,0.2499836639067966,-0.11028058236180063,0.045184836917976874,-0.16652455593717377,0.009525934544063624,-0.2049183593781128,-0.08889862856505351,-0.03610834415765525,0.14215907370367123,-0.0315852385468049,0.029432061774338786,,-0.1313915960761501,0.05302616165560328,-0.07934560001275012,-0.1384918200001594,-0.021632174931667317,0.0893735705918447,0.16715249942226013,0.0333208488393405,-0.21762863677294425,-0.00828439146060611,-0.1606977504004335,-0.22813314314402058,0.2559284080676394,0.1430165193762003,0.015706555953111427,0.25353138522101537,0.2095402784307788,0.20015937651905744,0.17190988851612493,0.06205165392982652,0.21597430850512794,0.1331399564902103,0.036015905776601936,0.17705137502091817,-0.03975966020926137,-0.27630947732470573,-0.1045015897807776,-0.11370398999115461
#12,0.5693869582194455,0.22033803759692083,1.0,0.47461052363155337,0.19955215198144857,0.41468813999633436,-0.14015571085911913,0.023103220202567557,-0.174640008287579,0.4813888069870666,-0.0394265632844313,0.08332523169361458,0.26891121931005907,-0.21504195586864186,-0.06162133732837141,-0.09488162309047007,0.49230131724693,0.6376017021412236,-0.10255719624827674,0.002731713536644646,-0.11656320474304521,-0.15611567547753188,0.14350102399413495,0.1461881121054435,0.11266007379132832,0.07203181155320387,0.21690825490680457,0.425423742320044,0.3529026448533338,0.12635529807393478,0.3108495565348357,0.3128879822135805,0.2814382137079744,0.23638247177043406,0.19878714468997283,0.18875120528492537,-0.03541346253456478,-0.05702491851875463,0.02181545792858338,0.012001051885025779,0.365471077146204,0.07154411940488808,0.16698196654686864,0.1463570512156444,-0.3098630158818701,-0.30593438468710404,0.20838798619799345,0.49922303946959495,0.08296025946497303,0.3301787407661229,0.4668839499876483,0.32267210671851715,0.18543617368853046,0.2690769708898788,0.05696913673708452,-0.012587557475157185,-0.14558088756783463,-0.28548159599646183,0.26332985361266725,0.10763333838025643,-0.333369458677653,-0.18400337878220402,-0.05090326642175808,-0.24918359378112823,0.16575954864569803,0.4119229573906876,0.006518499629449593,-0.2205229143590275,0.12231510331582848,-0.24241487301675843,0.3821673612826622,0.3167146124361498,-0.31413908788818146,0.05376407493883926,-0.2765756361115317,-0.04956450366167552,-0.36482400847883084,-0.1063742638797026,0.005627584887918463,0.0793216935348915,0.007297850807640511,0.4104216305811665,,-0.0863517917905155,-0.007130505462630191,-0.3339878395715959,-0.26898134497844434,0.44054698021340516,0.35775406609344246,0.3042625250021914,0.13266979575899082,0.09803249687223581,-0.07779008518674943,-0.2987385348516603,-0.2562328172190391,0.3157583533218051,0.3522252946473396,0.4891360995784491,0.6442381403947757,0.37112734980755285,0.5168054570520125,0.5355959486488856,0.42162420610571444,0.5353999155304449,0.5023595693646455,0.4364175346046267,0.47573412809090837,-0.18057837738765947,0.07733108081186399,-0.4243925762417423,-0.12965757954880508
#13,0.4483133979870746,0.15461594243320131,0.47461052363155337,1.0,0.031620301380997536,0.4966666401039135,-0.10010917291555435,0.0803082341878571,-0.0978205261018894,0.5061782307612619,-0.11641020328475006,0.24637697328052657,0.27529424889830983,-0.11094836997665133,-0.20803257656049534,-0.02171823825195834,0.37134569563866154,0.5116034074699775,-0.18967558909545856,0.14786315932073726,-0.2209723561427695,-0.08231319079759979,0.04238140394775638,-0.0881686841077704,-0.2866099817513886,0.049752567954163315,0.24419351496943956,0.38066762823833167,0.361756010486975,0.3332770202965997,0.18156810557100622,0.3301628031142172,0.12751237160229184,-0.1506155918048594,0.11500928368223509,0.38744750535903544,0.1400632724780658,0.11559738303755708,0.00018487676210663883,0.036003155655077335,0.11017380009403215,-0.0407876387571819,0.1628142705735164,0.025793495844257264,-0.20400353815872307,-0.06906103323797305,0.2174071034114544,0.28986285650535104,0.09648654463737857,0.2909370542437983,0.1375148419383372,0.017426228593741284,-0.08761564758664106,-0.03901855939564424,-0.19493501422435433,0.0036401596952720956,-0.19502904637059823,-0.22059144626222218,0.07703464048641713,-0.11787806102526914,0.03125851668273713,0.08867072014280136,0.016506626078779812,0.0006821315015658743,0.3754942664297269,0.29564503661675523,0.203895162125764,-0.29716389484337274,-0.00991321948537322,-0.07430452071496306,0.24998525767198718,0.08519790579253958,-0.2993808222234618,-0.046522005912868855,-0.2721354062905912,-0.19271808684426522,-0.32536078859501627,-0.11531369283363482,0.07419455091681343,0.15186510371426978,0.28579397397381445,0.23384838511742065,,0.30045980125748073,0.1057064762648519,-0.13258532620389038,0.049752567954163315,0.16192973089274756,0.22328331566910248,0.2654017483604141,0.04316553642151902,-0.0354437440731857,0.07280797520101363,-0.07849134187060221,-0.23722557355624796,-0.0205531958976484,0.13734430906294576,0.1928886197196567,0.11656798603861693,0.27258166054395205,0.17927945875734128,0.39738144379188617,0.3444317828654304,0.38953374399349744,0.11912597916948896,0.15596426778442732,0.006032401246324379,-0.169108049311095,0.17803791567388377,-0.11099777669755914,-0.09678936002358772
#17,0.03216696284136458,0.028080548892731635,0.19955215198144857,0.031620301380997536,1.0,0.42606443592665494,-0.15165950800468567,-0.12748527759405207,0.006840440197945637,0.24096135916295452,0.10356604961391039,0.6252452406186997,0.32524444373610434,-0.05395373299651762,0.35601048697495397,0.3091011961207755,0.29130680776801154,0.0834367952569548,0.009750655435934624,0.35008168046601695,0.27268047398576767,0.29372773709249417,0.13906238793838505,0.3282215971120975,0.11098343281084398,0.22484679932105603,0.2292758727856625,0.2553610276597949,0.371579979121676,0.3814517607120943,-0.07782514802094208,0.1950736717959343,-0.02204655388121668,0.4515933667492768,0.22911490250141447,0.3828765867924679,0.2274701368247416,0.4271434149606738,0.059538286224290575,0.21129182637522015,0.21717919498920224,0.1491541091251026,0.36186598028512457,0.18277777335065226,0.1561332068946282,0.29836718756225644,0.3126361673134697,0.2625090645395214,-0.21056506944831818,-0.17674059080875615,-0.06993601032759844,-0.1503844958522261,-0.39211883113260926,-0.06141414785359673,-0.08868347026432595,0.011795456175441673,-0.3788602985122202,0.013279251567866506,-0.18943971184725356,0.06883153105053033,-0.4487931213094375,-0.40410394536572924,0.5411199387994167,0.08387667444955335,0.11124321653690762,0.08163584059160564,0.3687096080134514,0.14085856130816246,0.24833730446493318,0.29459633912135724,-0.18739809863812765,0.02786220306162293,0.005780586346213612,-0.00548414602076676,-0.5927388057917427,-0.636113125453227,-0.5190638223270565,-0.09105180533751962,0.49961510570647627,0.5737347496593327,0.2250858640996422,0.47917028584178695,,0.24591318761006942,0.6582664616022121,-0.22629871940966936,-0.10793774753165616,0.24387316816613408,0.3830550884938122,0.5319541951884229,0.3666727760998972,0.0769182956275052,0.4253281164086095,-0.2939189889153631,-0.09910191331511128,-0.2376925467570863,0.4279275474344365,0.19364725195037016,0.14333845994469635,0.11360836407972014,0.10525384695072874,0.22501892596163808,0.3575373140275243,0.05256078221995553,0.0577198001418451,0.2617775263170477,0.1535927451808525,-0.5414243479508164,-0.2031221860083354,-0.2839149248141271,-0.07549984460789391
#18,0.16770712970858004,0.10276119819267028,0.41468813999633436,0.4966666401039135,0.42606443592665494,1.0,-0.3419566655244683,-0.01604602793870379,-0.12248085489564822,0.3839268780530564,-0.1489867637800923,0.5697057112575604,0.4775127700435895,-0.08112264820024066,-0.18401453513853805,0.11210544350500841,0.5504705591725171,0.5800922790045343,-0.15116703456079816,0.3818247017666887,-0.2703217015037175,-0.1390958570073871,0.3510634398234108,0.3138043971981608,-0.041764616819004056,0.3225812621026544,0.370658782841524,0.5230673604857796,0.528541943915403,0.6145478886595638,0.13936679708978475,0.504754998446079,0.2360429997848417,0.2515312099068444,0.3672146562646925,0.6136314736749835,0.4425232490497175,0.29905250659420346,0.17604092789009396,0.057938145972953804,0.09263122664137892,-0.08532540700778554,0.34999083585015417,0.27869853134537687,0.026458095928726822,-0.032952689080317794,0.40306959175704643,0.46414745515543193,0.03751245129055136,0.07525599853373602,0.3217907545681295,0.22000175314170964,-0.25618659802851246,-0.08609360182964244,-0.25826008654144983,-0.17786260150292058,-0.33611392233582227,-0.19772410330785967,0.06659069719258262,0.03796348683948394,-0.38976962124170245,-0.2903601112448103,0.48531265688626096,0.12812437743547242,0.38447513327861405,0.289690729864769,0.42747491812031335,-0.10637904517527433,0.2416626158468073,0.18850735921076747,0.3656240786044992,0.08803002653619042,-0.15810628820055941,-0.11544756910964307,-0.38565770705002034,-0.41599821498298656,-0.6528333160675438,-0.23972459737506874,0.23558399540995625,0.592808931460128,0.43447314107212587,0.5678633186972564,,0.4186008335391947,0.6006167871287523,-0.41268318338659166,-0.15761540852186248,0.21972603176374025,0.393921379563149,0.5500211173887751,0.3356310114830782,0.26117030177943884,0.2953342524045932,-0.3203595534269936,-0.28593900660615673,-0.060002071894747745,0.32168715983074214,0.448173146650304,0.1987568631513519,0.4453410259066532,0.35569970276279195,0.6403812286335854,0.3610659101594562,0.525279506570297,0.16896301667875271,0.3543370335248508,0.24582393675939723,-0.41402035238148366,-0.20062634971989576,-0.47689598291483715,-0.2949246547506156
#26,-0.0811449609129087,0.2497095362940178,-0.14015571085911913,-0.10010917291555435,-0.15165950800468567,-0.3419566655244683,1.0,-0.029054339424172636,0.411000167345345,0.07917187960697751,0.21219389747308529,-0.15773494091115556,0.01553602307771996,0.34122034600642287,0.07454996055431154,0.018478113619520436,-0.06486146196080932,-0.2850544669253879,-0.042405310425614996,-0.1451904150961439,0.16059096813266502,0.012334148809855843,-0.19605383738813761,-0.13883766704651404,-0.17300639896724015,-0.1826375220138817,-0.2536556989058802,-0.2929308544972069,-0.1924710532397262,-0.2843404601200105,-0.1122871327367339,0.0605359832335902,-0.1661548024129605,0.03444285953350493,-0.24237502888699408,-0.25762736176079176,-0.10954745037413638,-0.11127509184071911,-0.15207069942385387,0.09405924025213365,-0.2579987090501956,0.07327016710628023,-0.322058507120146,-0.3705551881041366,0.16345974547569905,0.2846815258707935,-0.17948186693654425,-0.13948792324426842,0.027632700874180207,-0.17368374917323431,-0.20555905298472377,-0.25105467411486265,0.01358684824964738,-0.10883184980356844,-0.03175736518738694,-0.03698491501247121,-0.024658735028568243,0.006869127971375977,-0.09192200113157328,0.21037381762544924,-0.06502721354062906,-0.14367474439990757,-0.008349735833419662,0.14630286319916486,-0.15156228832806062,-0.09446405661053957,0.3239471188709767,0.436113125453227,0.11923116767206687,0.16854385643363162,0.045768154977727134,0.21241064953900343,0.09335957733347146,0.2801520451991808,-0.0976834622955,0.10653364039876005,0.0684028082142658,-0.08909466168349417,-0.008107483524452343,-0.10788674704555778,-0.2646271784777949,-0.3482121938974731,,-0.14074699774482224,-0.03151511287841962,0.16354740256118067,0.014366199427838297,-0.3324530436930727,-0.2736367331001124,-0.2484600243846074,-0.11363864561834106,-0.08698451657117356,-0.006987066595478488,0.18879742447545203,0.2577038624899394,-0.014476169225987935,-0.14161081847811363,-0.20533114456247162,-0.0968658607527353,-0.1686649825881153,-0.13236857413797226,-0.25231693614579764,-0.004770139215389397,-0.25501996190901194,-0.11680226952163138,-0.1840225039644909,-0.12306895425097021,-0.09650248228928432,-0.06888571906700985,0.18056881479651604,0.25313931898413405
#49,0.2716333702555602,0.10052195809991314,0.023103220202567557,0.0803082341878571,-0.12748527759405207,-0.01604602793870379,-0.029054339424172636,1.0,0.4637569826837412,-0.019716469172596802,0.2020304568527919,0.05496258636215126,-0.027457386703217016,0.15902110941994915,-0.10531759755835172,-0.13932854672521097,-0.009666185880834177,0.17187004438636055,0.15008486799639809,0.028021579580680377,-0.10921913474487804,-0.14079799823092065,-0.05822024241168549,-0.20743650837922048,-0.13223947915753573,-0.28804118289252445,-0.011495828319613672,0.09466646478974253,-0.18153144897162302,-0.16595398799894812,0.010995386049773287,0.03553777621942959,-0.12915554351377412,-0.336482082094845,-0.10389277147797815,-0.1987823633944011,-0.2030154037405669,-0.21415741618787304,-0.3333519272605567,-0.31804700013547005,-0.2692650351823666,0.002275896692140347,-0.2580226155280543,-0.21582449457721395,-0.20163998438110114,-0.11073480544111436,0.0724414092071815,0.0076357290280422985,0.012219397716134481,0.12223541505629976,-0.04905290503550112,-0.11451043517758529,0.020712572416705845,-0.2300360987815665,-0.13254229454374486,-0.28331726286766173,-0.1258723872211907,-0.359242642781439,-0.299106694610683,-0.30078971065192966,0.25430436133844403,0.22382838336427893,-0.05608778458669684,-0.12329845643841293,0.2293683111667158,0.024545577700037454,0.10412386743061144,-0.2506944831817928,0.23290328235941,-0.11131971726605519,0.33067121421001044,0.008985648144458876,0.09036967383595375,0.0016925786323900899,0.13911338842448343,0.02386344619847158,-0.04020432069743165,-0.33318139438516525,-0.2373419184151599,-0.14650527137836783,0.030243288256341195,-0.18428866275131686,,0.05084907840527855,-0.10127102773948314,0.1812812278367028,0.06005625991122728,0.014415606148746105,-0.238671118584099,-0.3101578624421264,-0.38495007530540526,-0.20786363745029446,-0.36478416434906646,0.04470192606523281,-0.06402473523575772,-0.024230012192303706,-0.10515184597853199,-0.11870363139398672,-0.02081776091928376,-0.07893918988915363,-0.0117874873494888,-0.044085138936480486,-0.21445385651331988,-0.028346707679557572,-0.04618890898803879,-0.0913466518977759,-0.025395054546613647,0.10066061567149312,-0.27570225278709687,0.1394401102885512,-0.347504562152858
#50,-0.03204743045207149,0.2637394512666449,-0.174640008287579,-0.0978205261018894,0.006840440197945637,-0.12248085489564822,0.411000167345345,0.4637569826837412,1.0,-0.034930551681820715,0.3803648128521225,0.03934049996414028,0.11713058515088971,0.3611057542892206,-0.0830367601941206,-0.07093530110208864,-0.0743523336706803,-0.09806755970642846,-0.03195499207101818,0.005339113388424483,0.12798571986389246,-0.06002438460741579,-0.08989313804397198,-0.10581963359338269,-0.18974571476384383,-0.2669747946035111,-0.2531186000366566,-0.13785112639354843,-0.21087744742567077,-0.20576464869430786,-0.349718302002566,0.11495031437018384,-0.2909944297906589,0.013706380638940465,-0.3558160476217039,-0.2991959454613552,-0.18089394289539323,-0.0631513519113229,-0.22764385723051422,0.0013642630031317487,-0.4889480352859613,0.05180533751962323,-0.3741092844791177,-0.37081656559539083,0.1501103682394473,0.31420283849580444,-0.19902780323374958,-0.12180669222003522,-0.029626501127588873,-0.09999760935221413,-0.28712158037756297,-0.3256237598514611,-0.12029899034975178,-0.4636326689988764,-0.17963168086445824,-0.2728031939054419,-0.05048888747220872,-0.03702635290742615,-0.19277864992150706,0.23403007434914613,-0.01673772203141311,-0.0553100271736965,0.21679031628270207,-0.02561340037772235,-0.1038210520444023,-0.05994310258269649,0.39819426403907915,0.20649778068197214,0.32927826343344835,0.22896668233869105,0.09370383061463555,0.008415080206233216,0.10235478806907378,0.18742359888117682,0.021128545131445783,-0.04981791232697687,-0.09665229621719831,-0.1916407015754369,-0.24351138346787368,-0.06049135780825411,-0.1679398194264039,-0.3481978500107579,,0.13686299197539226,0.10131884069520038,0.22474479834885927,0.1639123747898222,-0.4385866490289986,-0.5141996509654233,-0.2362613456159504,-0.012681589621401078,-0.1512467228203269,0.051641179704994065,0.1908278813282439,0.18355712452884315,-0.005029922941453035,-0.10847325263568919,-0.2559714397277849,-0.27362557674377835,-0.3117946592928464,-0.22302193817784827,-0.24290097139988365,-0.04543665181808764,-0.11256444787989385,-0.06576353305867447,-0.2002932527950657,-0.11936663771326571,-0.011432077711990693,-0.35551323223549475,0.12235972874116456,0.034406202934121714
#51,0.16098144060435576,0.23296862673222354,0.4813888069870666,0.5061782307612619,0.24096135916295452,0.3839268780530564,0.07917187960697751,-0.019716469172596802,-0.034930551681820715,1.0,0.21937221589143271,0.08200400035062834,0.229169090517894,-0.00716238076644168,0.018172110702930136,-0.04894612276773263,0.45309628732398854,0.19986134242842002,-0.032404433854760176,0.059680131326251704,-0.12235813497597399,-0.0462383157089466,-0.07365585828239925,0.01824064260612484,-0.11678951940010678,-0.08053773637529983,0.259225908246938,0.22973965845611966,0.38917036553004647,0.1603981225446055,0.040623480942552734,0.18220879917761715,-0.028792961932918422,0.03664863055726,0.11555435137741156,0.21259233877072892,0.006642813314314402,0.05153599120241615,-0.09736470925738511,-0.04403254468519153,0.2727250994111038,0.08204543824558327,0.06606475467969304,-0.027823952697049143,-0.11175800269346317,-0.04153989592713306,0.21224171042880252,0.2424674672680474,0.20409916407015755,0.26193849660129576,0.1571707480336922,-0.021794738981105913,0.057934958442572654,0.027777733506522483,0.017349727864593708,-0.0016192654336236643,-0.0671851716086669,-0.23387388536046985,0.1625847683860737,-0.052281873311605,-0.24537927627122696,-0.0991130696714453,-0.04408195140609934,-0.05321103841770992,0.24125301819282965,0.45781223852289843,0.3497979902620947,-0.01705806883471858,0.14059559005171768,-0.10004701607312194,0.2817314665030401,0.283248730964467,-0.1593239248061583,0.13546685366844902,-0.3461578305668226,0.00510642367060061,-0.29177059343846873,-0.09238738056722103,0.22211827331479253,0.07210193722158914,0.0813266501446342,0.3749938241598865,,0.12292710914900908,0.03315031596394903,-0.15759150204400385,-0.03508674067049702,0.20964068563778498,0.30843659603630597,0.3012805903306266,-0.021313421893552422,0.015245957813035406,0.03024169449115062,-0.07148515009283682,-0.08862768848265586,0.08219843970387843,0.19264317988030824,0.1086469730414618,0.18153463650200416,0.08399142554327471,0.1204280853301883,0.23997481850998892,0.3466997107316179,0.15681533839619408,-0.08416833347942848,0.006923315987855509,-0.07740917530620214,-0.22153017395947056,0.02522770920160333,-0.24674513303954929,-0.007194256070253169
#52,0.17350046617631823,0.39796316808644583,-0.0394265632844313,-0.11641020328475006,0.10356604961391039,-0.1489867637800923,0.21219389747308529,0.2020304568527919,0.3803648128521225,0.21937221589143271,1.0,-0.02981137788969551,-0.005673804078445123,0.33936201579421305,0.0533991027101977,0.006265090964148252,0.15822103929428077,-0.1663731482440692,0.04842655531560535,0.2182119548326945,0.03932137478185339,0.20711616157591503,-0.10570966379523304,0.10172684458398744,-0.08156093362764864,-0.07221509455011993,-0.22514642717688402,-0.12968467355704483,-0.018054172078827625,-0.07667126202296616,-0.1922033006877097,-0.12017945796045869,-0.10923666616197436,0.011379483460701735,-0.11233175816206999,-0.28054889273163386,-0.1194287945556981,0.029961191817609513,-0.18340731060092916,0.1491349839428157,-0.16813744631003513,0.26887615647586643,-0.2343759213955008,-0.17317374431225047,0.019421622612340525,0.14172238204145382,-0.2413008311485469,-0.22545880515423664,-0.006237996955908486,-0.05036616755253449,-0.21304656185004264,-0.2016670783893409,-0.16301189745714764,-0.03873168166134083,-0.07097673899704357,0.10409199212679995,-0.0507582337894158,0.13705265003307063,-0.08298097841245049,0.08383842408497956,-0.005559052984723761,0.06797408537800126,-0.0010072596004430667,0.06729832893719769,-0.20386009929157137,-0.08945166508618285,0.26170740064866244,0.2547490218266143,0.3225557618596052,0.3676720668743874,0.060121604284040835,0.21968937516435705,0.11870841268955845,0.15075584314162993,-0.007720198583142745,0.14497844432579748,-0.012723027516356015,0.016085872068468152,-0.044228577803632194,-0.04175027293228888,0.014391699670887489,-0.03157248842528031,,0.11585397923323956,-0.05889599885248906,0.07104686466542884,0.11890285204280854,-0.04090398361609384,-0.022604371697917746,-0.0998382328331567,0.06590219063025445,-0.22675772378455483,-0.13679127254181642,-0.032786937500498055,-0.10101921283937237,0.1401206480249265,0.013939070356764338,-0.26963478870657986,-0.21582130704683278,-0.21573046243097005,-0.1956171457259202,-0.13096446700507614,-0.009830343695463347,-0.11056427256572289,-0.20220258349337392,-0.1415996621217796,-0.18819498123341488,0.07964363410338755,-0.09327192024798986,0.0012399493182669397,-0.02301237558670481
#53,0.06810158659324722,-0.03995569332770203,0.08332523169361458,0.24637697328052657,0.6252452406186997,0.5697057112575604,-0.15773494091115556,0.05496258636215126,0.03934049996414028,0.08200400035062834,-0.02981137788969551,1.0,0.5506203731004311,0.007973607248444087,0.09964538724509718,0.15987536756209708,0.3359784522946234,0.14777072093968396,-0.05133039549283204,0.3765063073257417,0.20522754982508426,0.057643299412697524,0.15674999402338052,-0.012519025571962482,-0.10282494880029325,0.05057495079249974,0.36163966562806305,0.26017101100494866,0.410464662241312,0.45709663795233046,-0.16974874291770595,0.3323143861214927,-0.1030719824048323,0.18401294137334748,0.2449138968355792,0.4704683279012503,0.27391086071289117,0.4444787989385524,0.03171433352724143,0.0689144068404402,0.06471483556327647,-0.021659268939907085,0.36281745810389754,0.307548868825156,0.19330618619958723,0.23375275920598618,0.27751436380878003,0.11550175712612261,-0.051292145128258256,-0.17934799066053597,-0.10125190255719625,-0.20108216656440006,-0.49928679007721793,-0.3691112368414761,-0.2644566456024034,-0.15935898764035095,-0.17396903314234713,0.013368502418538677,-0.19021428172987273,0.0017324227621544517,-0.10081839842535999,-0.1263903609081274,0.6452964004813171,0.140912749324642,0.20859198814238697,0.12372877303986804,0.4157591502044004,-0.07341679350381308,0.2694323805273769,0.2871630182725179,0.02817936233454725,0.10647626485189937,-0.09850584513383644,-0.08880459641880961,-0.38022456151535194,-0.5414068165337201,-0.38732956673493296,-0.03255743531305533,0.34776593964411223,0.46520890277235455,0.27995601208074017,0.42788132824390984,,0.4874801775454422,0.6784100598458829,-0.1314920032831563,0.08318338659165345,0.249821099857358,0.2364430348476759,0.5958370853222195,0.36185641769398114,0.1780793535688387,0.39861820557977196,-0.12894676027380886,-0.14409549841021924,-0.30045342619671844,0.08852728127564966,0.09145662169592554,-0.12752671548900701,0.2157384312569229,0.00605790148937357,0.20025181490011076,0.30885575628142703,0.09404808389579963,-0.048437711671939374,0.1411055949127015,0.03193427312354071,-0.36876538979512147,-0.10821346890962555,-0.17173298057997116,-0.12720158739012982
#54,-0.1034831738240005,0.24926965710141924,0.26891121931005907,0.27529424889830983,0.32524444373610434,0.4775127700435895,0.01553602307771996,-0.027457386703217016,0.11713058515088971,0.229169090517894,-0.005673804078445123,0.5506203731004311,1.0,0.13488991066946107,0.009502028066205006,-0.0020591446262222188,0.6142896986986908,0.16051924869908915,-0.06917578433169441,0.17198320171489134,0.2045645435058053,-0.04612037708484409,0.01851955151447537,0.21771151256285412,-0.17890173640717513,0.014653077162141702,0.2245806405342301,0.21663093976364461,0.6812963686060133,0.5753603901537186,-0.18890898803879225,0.42432723186892873,0.07177202782714023,0.2981775295045781,0.46023316784738105,0.4597646008813521,0.3591486106351951,0.21949493581110696,0.15945461355178542,0.047546796930408246,0.2742312075161966,0.1355561045191212,0.47289881981687637,0.22090063670919363,0.40681972125046817,0.24110320426491566,0.05888165496577389,0.23861693056761948,0.048993935723449865,0.009208775271139303,0.05975822582058985,0.0974459912821044,-0.12249998007793511,-0.09293563579277865,-0.11287841962243703,-0.1008805552677924,-0.09916885145311541,-0.0629951629226466,0.08811608985648145,0.22996597311318123,-0.36280470798237296,-0.2601295731099937,0.4178613264907681,-0.13958673668608404,0.09712086318322721,0.38064850305604475,0.4064372176047303,-0.0385468048992342,0.16424547171465229,0.12730518212751715,0.08265106901800158,0.05314091274932464,-0.2816438094175585,-0.19598849301532406,-0.3069049876881639,-0.30534150403621035,-0.4489477165329232,-0.057643299412697524,0.09685629816159186,0.2304807592697368,0.11952601423232315,0.47939819426403907,,0.4321781191976986,0.40286240228227177,-0.3444780020559571,-0.03909665388998239,0.19737506873112384,0.23291443871574402,0.5416586314338309,0.48291404027444634,0.12415271458056085,0.35927770561563166,-0.14552191825578337,-0.1683016041246643,0.02346181737044681,-0.004440229820940481,0.19791535513072858,0.023423567005873024,0.09097052331280032,0.13911179465929285,0.42003044091513997,0.42226011841675365,0.11222178836392034,-0.03340691215963152,0.14602076676043318,-0.00399078803719848,-0.3757588314513623,-0.29711289435727434,-0.3101642375028887,-0.06757564408035764
#58,-0.13302361163129836,0.2093028074173832,-0.21504195586864186,-0.11094836997665133,-0.05395373299651762,-0.08112264820024066,0.34122034600642287,0.15902110941994915,0.3611057542892206,-0.00716238076644168,0.33936201579421305,0.007973607248444087,0.13488991066946107,1.0,0.015826088342404513,-0.07669676226601535,0.07411645642247527,-0.1300544270812581,-0.01364422379650806,0.12746933994214632,0.11360517654933898,0.0815386209149806,-0.09511271904310338,-0.02421726207077911,-0.1345329072667724,0.05891193650439481,-0.3573333120831308,-0.19002781120257553,-0.014138291005586147,0.19719497326458893,-0.07850249822693622,0.14227701232777376,-0.028192112456071845,0.11099777669755914,0.0032018742678641154,0.03346747523687335,0.13682633537600905,0.17573970626907537,-0.050216353624620486,0.13564057407422164,-0.26331072843038034,0.17791997704978127,-0.17654137015993435,0.05223406035588777,0.06397214098446875,0.1193044808708333,-0.3049191562607081,-0.2273697296177354,-0.1763501183370654,-0.257214576576433,-0.23471539338109315,-0.1083537202463961,-0.13369777430691135,-0.047447983488592624,-0.051438771525791106,0.031851397333630835,-0.03627090820709385,0.06048179521711066,-0.12152300201611296,-0.03483333200519567,-0.06158149319860705,-0.09774402537274184,0.23086326291547465,0.4045390432627561,-0.16595239423375754,-0.17193698252436468,0.46448533337583375,0.5119253480384734,0.242704938281443,0.4211030448883966,-0.02491533122425073,0.08172031014670608,0.26072245376088743,0.2606698595095985,0.08934807034879551,0.08315310505303254,-0.030891950688905004,-0.12888460343137645,0.15335208663707575,0.06812389930591525,-0.14368271322586043,-0.14120759588489828,,0.05051279395006734,0.15576504713560552,-0.01891480528173784,0.10266716604642638,-0.27895831507144053,-0.17037668640279227,-0.126627831921523,0.07843077879336037,0.03591071727402402,-0.11470009323526364,-0.06450286479293006,0.000849476846576194,-0.060115229223278534,-0.09869231566113365,-0.201423232315183,-0.180632565404139,-0.26302863199164866,-0.15095665755564233,-0.10758233789415805,0.12459418753834997,-0.0998876395540645,-0.170306560734407,-0.10581485229781096,-0.1334013339814645,-0.09005729585860116,-0.2421359641084079,-0.03133661117707528,0.07744583190558535
#101,-0.1442102495039406,-0.17825626150499246,-0.06162133732837141,-0.20803257656049534,0.35601048697495397,-0.18401453513853805,0.07454996055431154,-0.10531759755835172,-0.0830367601941206,0.018172110702930136,0.0533991027101977,0.09964538724509718,0.009502028066205006,0.015826088342404513,1.0,0.39354206344779225,0.011065511718158564,-0.3515399756153926,0.5250818796866658,0.04726151296129541,0.6214696108822287,0.3865996222776498,0.05460398919427201,0.1415135988014886,0.4433854760178183,0.07076158069631601,-0.13218688490624675,-0.3083521264812055,0.13609160962315422,-0.048091864625584714,0.14561276287164612,-0.28026042123213984,-0.08869622038585055,0.10174915729665548,0.17181904390026217,-0.05882268565372264,0.13207691510809713,0.22931093561985513,0.19811776330993155,0.15948808262078748,0.35102518945883704,0.448922216289874,0.36921164404848233,-0.07778211636079656,0.05813736662177561,0.24133430021754895,-0.10401230386727124,-0.1380535345727514,-0.38340731060092914,-0.33367386782905273,-0.34436325096223575,-0.31282104407557637,0.017794388352763986,0.16453713074452742,0.538249567691192,0.3520467929459953,-0.33787184534102593,-0.1016041246643132,-0.45970881909968203,-0.2740845811186638,-0.19051550335089132,-0.1854839866442477,0.2371968857828176,0.16439050434699456,-0.3265895815569492,-0.15805528771446103,-0.032667405111204965,-0.01998262795942274,0.34953183147526873,0.05588378264230331,-0.4147311716564798,-0.13494250492075002,0.3132131103124577,-0.07486233853166413,-0.3626517065240778,-0.37939420985106265,-0.11232060180573596,-0.06404386041804461,0.49865406529655987,0.177786100773773,-0.06875981161695448,0.05228506084198615,,-0.10915379037206448,0.05110408083577046,-0.2203731004311135,-0.2613918351409287,0.1893679924136777,0.08762999147335623,-0.04956131613129438,-0.1482042250715202,-0.2622588434046012,-0.08641713616332905,-0.30767637004040194,-0.16783781845420714,-0.09040314290495581,0.17042290559331894,-0.17415709743483493,0.015118456597789447,-0.2426172811959614,-0.2650861828526803,-0.20150929563547404,0.16654049358907952,-0.30727792874275833,-0.09265035182366582,0.07561618946680586,-0.10136187235534588,-0.38640677668959034,0.004511949254516332,-0.11943038832088869,-0.18621871239710253
#102,0.07317454119484576,-0.05619456685446533,-0.09488162309047007,-0.02171823825195834,0.3091011961207755,0.11210544350500841,0.018478113619520436,-0.13932854672521097,-0.07093530110208864,-0.04894612276773263,0.006265090964148252,0.15987536756209708,-0.0020591446262222188,-0.07669676226601535,0.39354206344779225,1.0,-0.10958729450390074,-0.051143924965534826,0.16342468264150642,0.6511104558965327,0.08690323454645427,0.7005920837682984,-0.17803950943907434,0.2884364366597869,0.09839906286606795,0.39272764943540867,-0.39468160555905296,-0.10941198033293754,0.23993178684984343,0.19589127333869902,-0.17904836280470798,-0.08724748782761836,-0.11322586043398226,-0.04988166293459984,0.011357170748033692,0.11218672552972771,0.15961717760122401,0.4219875845691654,-0.04601837611264732,0.39663874921307846,0.01704053741762226,0.08536206360716876,0.1527066117348931,0.16740590808756145,-0.1343193427312354,0.580280343297022,-0.269948760449123,-0.19064619209651842,-0.608292360286559,-0.10094749340579652,-0.4212162022169274,-0.42732510419239933,-0.49403374000908445,0.07234578329574703,-0.16462319406481843,0.5129134824566297,-0.43439823410816886,0.3890014264198456,-0.4372845428682992,-0.1319159448238491,-0.10468168524731251,-0.014224354325877169,0.3110009642279403,0.2747380248467993,-0.28106686641857054,-0.3220027253384759,-0.0003729410545944266,0.0683279012503088,0.4350994907920216,0.45243009347432844,-0.24786554996852314,-0.04261887496115197,0.17361202973965845,-0.24064898118560193,-0.2386217118631912,-0.5380790348158005,-0.25225159177298406,-0.08245822342994207,0.2096454669333567,0.566006582250237,0.30156428053454887,0.12585804333447553,,0.2199220648821809,0.35904182836742665,-0.13816350437090102,0.042225214959080076,-0.00743332084883934,0.05030879200567381,-0.0015587023563818343,0.2060945580887568,-0.24008160077775742,0.029687064204830704,-0.13241319956330833,-0.1427917984843293,-0.4765357919817673,0.45175433703352486,-0.13922495198782364,-0.13270326482799288,-0.18713990867725458,-0.3209763405557459,-0.13828303676019413,0.08880937771438134,-0.05444780020559571,-0.0894357274342771,-0.1655619217620668,-0.2025229302966794,-0.36997027627919576,-0.27833834041230704,-0.05891034273920423,-0.11453912295101562
#201,0.1761014909673358,0.224449951788603,0.49230131724693,0.37134569563866154,0.29130680776801154,0.5504705591725171,-0.06486146196080932,-0.009666185880834177,-0.0743523336706803,0.45309628732398854,0.15822103929428077,0.3359784522946234,0.6142896986986908,0.07411645642247527,0.011065511718158564,-0.10958729450390074,1.0,0.25555068571747325,-0.17129150762218204,-0.0007267569269019595,0.013642630031317486,-0.12264023141470567,-0.02286256165879081,0.0877511176278399,-0.21634884332491294,-0.14739618611989896,0.23008231797209316,0.13545410354692444,0.42595605989369584,0.34073106009291654,0.05969766274334802,0.330683964331535,0.2514833969511272,0.2565818517957749,0.258585214640327,0.3188789455649499,0.21869805321581973,-0.03919387356660743,-0.016970411749236986,-0.2268214743921778,0.10096980611846457,0.07564647100542678,0.2527870968770171,0.053466040848201835,0.05487014798109795,-0.04624628453489947,0.15210416849285593,0.29614388512140505,0.16165400951477818,0.08378901736407175,0.3116320952434078,0.2073982580146467,0.12628517240554948,-0.03672831881678872,-0.1285196312027349,-0.18030106224449952,-0.04423495286439449,-0.31109021507861245,0.2469188534453219,0.04621440923108799,-0.22901768282478943,-0.16414665827283667,0.11891241463395198,-0.1060873861453992,0.05382782554646224,0.3607312194694356,0.33575373140275244,-0.06439130122958985,0.14233916917020614,0.05534190247750799,0.2685223406035589,0.2818812804309541,-0.37396106431639425,-0.010592163456557946,-0.3638390615910558,-0.08320569930432149,-0.24069041908055686,0.12029420905418005,0.11804221883989832,0.051867494362055636,0.08557403437751517,0.41997944042904156,,0.23079154348189881,0.22900971399883654,-0.18407669198097043,0.08850974985855334,0.20935380790348157,0.3022974125222131,0.4002725338475882,0.26039732566201024,0.29026289156818524,0.029204153352086638,-0.04847755580170374,-0.07299444572831085,0.23123142267449737,-0.05932631545394417,0.38992740399556935,0.2146148267975679,0.2596610061439648,0.18013052936910806,0.5194112631386018,0.3161073878985409,0.2921977225095427,0.037027946672616725,0.41011881519495735,0.11866378726422236,-0.28697973527560183,-0.1239614627576919,-0.23974691008773677,9.721967662504284e-05
