,#10,#11,#12,#13,#17,#18,#26,#49,#50,#51,#52,#53,#54,#58,#101,#102,#201,#202,#301,#302,#401,#402,#501,#502,#601,#602,#701,#702,#801,#802,#901,#902,#1001,#1002,#1101,#1102,#1201,#1202,#1301,#1302,#1401,#1402,#1501,#1502,#1601,#1602,#1701,#1702,#1801,#1802,#1901,#1902,#2001,#2002,#2101,#2102,#2201,#2202,#2301,#2302,#2401,#2402,#2501,#2502,#2601,#2602,#2701,#2702,#2801,#2802,#2901,#2902,#3001,#3002,#3101,#3102,#3201,#3202,#3301,#3302,#3401,#3402,#3455,#3501,#3502,#3601,#3602,#3701,#3702,#3801,#3802,#3901,#3902,#4001,#4002,#4101,#4102,#4201,#4202,#4301,#4302,#4401,#4402,#4501,#4502,#4601,#4602,#4701,#4702,#4801,#4802
#10,1.0,0.40004781295571723,0.2774888635657309,0.4053391133884245,-0.020422507152021294,0.10761261943277897,0.11202097394990795,0.28111786690466894,-0.000350628341926384,0.4234793487875431,0.40789232522372476,-0.002659994103068795,-0.022408338579477084,0.13286742264262205,-0.2990875694283961,0.10817681231024233,0.24722326259672162,0.008923491302026472,-0.05362701113244986,0.015180613440221853,-0.09218178485763692,0.20624437201667079,-0.10941038656774697,0.2298416594283164,-0.055180932193259966,0.2517033365474265,0.4096135916295452,0.1631521487939182,-0.16995274486209946,-0.03809258181992047,-0.1885312656886261,-0.04845046179346397,0.0038951621257640114,0.17534604626700348,-0.21659906445983312,-0.16028337145088414,-0.23118679724916127,0.12575604236227877,-0.1483349138171473,0.19680609455808876,0.08609519559483302,0.13475922192383397,-0.07386464152236451,-0.1510522834670768,-0.2611782706053917,0.06096948736542645,0.08018073297261115,0.04664631959773367,0.15425097020455977,0.06678513654583271,-0.005415614117572058,-0.015741618787304068,0.10857365984269537,0.12846544318625536,-0.07990979289021348,0.18592386583684625,-0.30345926734614187,-0.13656814541513598,-0.16574679852417343,-0.1783981066069536,-0.223712038505367,-0.10419239933380615,-0.17422881686841077,0.016454031827490855,0.33072540222649,0.3879192598554455,0.013613942257887146,0.0534867597956793,0.017899576855341902,-0.013870538453569635,0.07987632382121142,0.1505215596586155,-0.1197794228976245,-0.09017842201308482,0.05792220832104806,0.01773541904071273,-0.22200352222107117,-0.2660105666632135,0.105387723226737,-0.009280494704715155,-0.1917522651387771,-0.004503980428563459,-0.21816732940735842,0.12370327279681885,-0.0849285594753325,-0.027328291722780482,-0.14386918375315766,-0.052457187482568196,0.25234084262365625,0.11082246252659596,0.07051614085696754,0.039056809760218025,-0.06917100303612268,-0.10692730040083194,-0.07819012024958363,-0.07428858306305731,0.20466176318243035,-0.056320474304520717,-0.16548382726772864,0.18065487811680705,0.11605479364725195,-0.09646263815951996,0.06669907322554168,0.1445035022990063,-0.013889663635856529,-0.05812939779582274,-0.07395707990341784,-0.09254835085146905,-0.04368351010845572,-0.2974443975169138,-0.25624237981018255
#11,0.40004781295571723,1.0,0.09514140681653371,0.31622851405302455,-0.10480440516698675,-0.08375554829506969,-0.1633449943819777,0.27235056459131873,0.2993409780936975,0.3369283363482058,0.25444301891002397,0.11936823147845628,-0.17854632676967702,-0.17371403071185523,-0.003587565443983138,0.16768003570034026,0.2028209643873168,0.03739770019683,-0.2631784459195627,0.08787861884308584,0.09050673764234315,0.24986413151750353,-0.12264820024065855,-0.03787104845843062,-0.19284877558989233,-0.12738008909147416,0.21718238251958338,0.09782371363227056,-0.172542613296783,-0.27665213684067924,-0.20242730438524492,-0.1106328044689176,0.009827156165082198,0.14047924519280575,-0.29432858656934074,-0.233877072890851,-0.12930854497206926,0.09740455338714947,-0.12383396154244596,-0.24353050865016057,0.15870873144259656,0.09414849110280582,-0.07710954745037414,-0.35101084557212187,-0.13826709910828838,-0.04425407804668138,-0.06065073432731156,0.12328092502131661,-0.045776123803680006,0.01715369474615305,0.045710779430866454,-0.08182868617966516,-0.11911163528277378,-0.22833714508841413,-0.03031022639434532,0.07374829666345258,-0.2709416761628509,-0.0024559921586752623,-0.3065240778076166,-0.2427431886460168,-0.08774155503669645,0.03186414745515543,-0.31662376782028706,-0.4058809935532198,0.13346508458908748,0.29833053096287326,0.007503446517224618,-0.3948250444262047,0.03694666464789743,-0.15368358979671526,0.0912653698730566,0.08508793599438995,0.2839292687008423,0.04033979073863048,0.1553921060810111,0.032318370534469155,-0.07880531361314537,-0.2799735434978365,-0.1586194805919244,-0.31420124473061384,-0.07242706532046633,0.047687048267178796,-0.2651164643913012,-0.11899050912829012,-0.05243487476990015,0.10974188972738647,-0.0517447744423814,0.02564208815115269,0.13630836168907234,0.18182470176668872,0.049860943987122375,-0.074645586465746,-0.23807026910725243,0.002610587382160986,-0.06683932456231223,-0.19898955286917577,-0.038304552590266876,-0.17220951637195292,-0.41554080437329166,0.16826335376009052,-0.15130250460199698,-0.021990772099546575,-0.08910900557020934,0.032699280415016456,-0.008528237534764003,-0.12106718517160867,-0.01877774147534844,0.07082055000836726,0.12904557371562447,-0.068364557849692,-0.06841715210098097
#12,0.2774888635657309,0.09514140681653371,1.0,0.5473627170508969,0.4071496306449171,0.5187227565762736,0.13091984157974007,-0.07844512268007554,0.09089880387922447,0.30379873933173424,0.10102558790013468,0.31297245176868094,0.34230091880563235,-0.06185402704619528,-0.26461761588665145,0.04011506984675948,0.6810509287666648,0.7179290615113675,-0.26384304600403224,-0.23408426236562568,-0.45830152443640476,-0.07115045940281618,-0.2376032959064141,-0.05127620747635251,-0.05710779430866451,0.20397166285491158,0.010947573094056053,0.04560080963271681,0.12486512762074764,0.17742112854513145,0.15175832144650128,0.25624875487094484,0.3119811298201436,0.3602658400337878,-0.0662241311987505,0.019077369331176437,0.09746830399477245,0.4000796882595287,-0.26403111029652,0.3665707751277004,0.08176652933723275,0.04634031668114337,0.056744415845213524,0.054366518180876414,-0.27939819426403906,-0.30682211189825404,0.281600777757413,0.06734136059734319,-0.009905250659420347,-0.3634677143016519,0.25330188303357265,-0.3717313868147806,-0.06373785750145432,-0.0211588266700667,-0.4407876387571819,0.023581349759739897,-0.3557124528843166,-0.09122233821291109,0.04366119739578768,-0.1488672313907992,0.11712102255974627,0.37233223629162715,0.2302369131955789,0.25830471196678595,0.3202097394990796,0.16839085497533648,-0.031419486966985155,0.08395955023946322,0.12329208137765063,0.14095896851516865,0.42586362151264257,0.06577947071058021,0.025643681916343267,-0.07349488799815124,-0.15695877726334578,0.0858210679820542,0.06380957693503016,0.011307764027125883,0.04160045900437489,0.5068380495501598,-0.19308465283809736,0.23418466957263187,-0.13923929587453882,0.051228394520635274,0.26587669038720524,-0.03819777032249839,0.09810421630581166,0.14038043175099013,0.06517065240778076,0.31219628812087113,0.12696092884635307,-0.11867653738574696,-0.18369100080485143,-0.18390137781000726,-0.20629059120719745,0.34550438683868706,0.3349568488074652,0.45806086589262807,0.3383834439672003,0.2980819035931436,0.27338810573038275,0.29521472001530014,0.3897552773549873,0.5657037668640279,0.6086127070898645,0.4153957717409494,0.44180127341838726,0.16961008534612595,0.15433384599446964,-0.2043398226139343,-0.20685797161504196
#13,0.4053391133884245,0.31622851405302455,0.5473627170508969,1.0,0.0031444987210034344,0.39554542629234435,-0.0041852273904485655,0.12651945588856395,-0.11754177657005793,0.5737570623720007,0.10953788778299293,0.021563643028472614,-0.059656224848393086,-0.11555116384703042,0.06466383507717809,0.2097841245049367,0.635225398242077,0.34150244244515454,-0.053929826518659005,-0.06629744439751692,-0.1847922925515384,0.1666409007960857,0.046026344938600194,0.14578329574703758,0.19705472192781837,0.21949334204591636,0.33256141972603176,0.0009148212193897473,-0.20709384886324697,-0.12929898238092583,0.05063232633936042,0.07203340531839444,0.1746639147654376,0.36781869327192024,-0.016688315310505304,0.07566081489214194,0.21481085991600857,0.26360398122544604,0.10652885910318832,0.42235893185856926,-0.017010255879001346,0.11139303046482162,-0.06126752145606388,-0.1715975105387723,-0.3027452605407645,-0.3339989959279299,0.20873702077472925,0.02301237558670481,0.03915562320203365,-0.09806755970642846,0.12272788850018727,-0.05729267107077114,0.17066356413709569,0.20398281921124561,0.06996629186621935,0.3530014582951494,-0.16970411749236985,-0.06314178932017946,-0.14727984126098703,-0.3100765804174071,-0.13777781319478202,0.22312712668042617,0.0614284917403119,0.19724278622030617,0.2555729984301413,0.16857254420706197,-0.0023109595263329855,-0.039380344093904646,0.2641235486775733,0.08591988142386982,0.35004980516220546,0.14196144682004,0.07469339942146323,0.04930631370080246,-0.15136147391404825,-0.03424682641506427,-0.05843540071241304,-0.013773318776944593,0.00871630182725179,0.131410721258437,-0.10421311828128361,0.13098199842217245,-0.3011977145407167,-0.20200017531417097,-0.26875343655619216,-0.368358979671525,-0.3204025850871391,0.10913147765939644,0.08952497828494928,-0.015730462430970045,-0.12823115970324092,-0.34889113786865783,-0.36617552136043796,-0.37294264835961716,-0.37107953685183565,0.08034170325685917,0.26539696706484234,0.24602793870379078,0.020212130146865463,0.20761182255018368,0.2392958745388042,0.2349751771071568,-0.029806596594123786,0.37622899218258177,0.3263776107866028,0.29841818804835485,0.235685996382153,-0.09614707265178621,-0.06908972101140338,-0.43193746065392186,-0.4067225015738431
#17,-0.020422507152021294,-0.10480440516698675,0.4071496306449171,0.0031444987210034344,1.0,0.45044904334244434,-0.15040680856489413,-0.14355521201061447,0.3153949748583541,-0.23757620189817436,-0.021874427240634636,0.48534453219007245,0.382205611647236,-0.3034879551195722,-0.13415359115141567,-0.08720923746304457,0.2419112432165369,0.35634199013459344,-0.015319271011801831,-0.14933101706125637,-0.12607479540039365,-0.16858529432858657,-0.210101283777861,-0.25781542605327956,-0.19438516523360613,-0.1710189737745938,-0.2521926224609328,-0.033100909243041224,0.414423574974699,0.38271721027341044,-0.012171584760417247,0.378598921020966,0.11497262708285189,0.08114974220848042,0.23308497159113548,0.14323327144211842,0.10355648702276693,0.1165950800468567,-0.16652774346755492,-0.01614962267609113,-0.20938727697248363,-0.2720636868570154,0.4310545147383436,0.3837228761086629,0.130897528867072,-0.14232641904868157,0.19437560264246267,0.07209715592601743,0.07519862298687534,-0.2318529910988214,-0.14791575357202624,-0.407415789431743,-0.3118121907099427,-0.2808533018830336,-0.42375347640032196,-0.23417988827706013,-0.24102192224019636,-0.32190709942704143,0.010646351473037477,-0.19183514092868698,-0.025438086206759157,0.03504052147997035,0.08736702021691144,0.06720110926057264,0.1612364430348477,-0.04543824558327821,0.00249424252324905,-0.08350851469053064,-0.11564997728884603,-0.07406067464080517,-0.015120050362980022,0.0017244539362015795,-0.09313166891121931,-0.0036529098167966912,-0.04095817163257337,-0.008303516642893003,-0.17555004821139703,-0.22574249535815888,-0.1682410410474225,0.2730167584409789,0.16726246922040977,0.5050036258158086,0.18720844058044928,0.5092207285100686,0.5481787248284711,0.22091338683071823,0.15776044115420476,0.3208839021746926,-0.08773517997593415,0.4652790284407398,0.6154340221055232,0.08345751420443226,-0.017176007458821092,-0.060153479587852325,-0.15515782259799663,-0.02634653236538661,-0.08186853030942952,0.025259584505414816,0.23084413773318777,-0.13179003737379372,-0.17662424594984422,0.12257966833746384,0.5786499215070644,0.19963024647578673,0.2379666743698651,0.05730860872267689,0.14814684952465954,0.05698507438899027,-0.041758241758241756,-0.009180087497708963,-0.1561332068946282
#18,0.10761261943277897,-0.08375554829506969,0.5187227565762736,0.39554542629234435,0.45044904334244434,1.0,-0.1740646590537816,-0.020471913872929102,0.019094900748272758,0.013803600315565507,0.07079026846974636,0.6061933715305724,0.41921283937237525,-0.4897465116464391,-0.02159711209747468,-0.2250922391604045,0.4367315063471699,0.4520125269943979,-0.005026735411071887,-0.38623624381419885,-0.34166022519902145,-0.34806875503032136,-0.1899114663436636,-0.23366828965088574,-0.08255225557618596,-0.17396425184677541,-0.07148196256245568,-0.03320131645004742,0.30574632039461624,0.34454334642877066,0.3217572854991274,0.3932950298432532,0.3401620859198814,0.20956737243901857,0.3886571731386815,0.3435408681238993,0.3278582186486465,0.0759253799137773,0.024969519240730265,0.13693949270453984,-0.3550781343384679,-0.07190909163352963,0.3547290997617321,0.27395070484265555,0.0488106527265338,-0.3453019786594841,0.2227701232777375,0.12227525918606412,-0.05144674035174398,-0.29143749651363865,-0.013207532134290654,-0.18424881862155248,0.0017611105355847922,-0.11406099339384329,-0.403872849413096,-0.176662496314418,-0.1503526205484146,-0.23215421271984,0.02540621090294767,-0.07046035907529744,0.11025508211875144,0.19071153646933198,0.1935564073345074,0.10588338420100567,0.18144697941652257,-0.14241248236897258,-0.12799846998541706,-0.14647180230936577,0.14722246571412634,-0.015661930527775342,0.23558399540995625,0.06714532747890253,0.09215309708420659,0.28329016885942193,-0.10050442668281682,0.1316418172110703,-0.0954235032552654,-0.04851580616627752,-0.15733331208313078,0.25551721664847116,0.04101235964905291,0.5748201037541139,0.12060658703153264,0.20907649276032161,0.37195929523703275,0.032930376367649755,-0.06592290957773192,0.38298336906023633,-0.1999187179752807,0.4657507829371499,0.33357186685685597,0.008827865390592004,0.049083186574122036,-0.3190781662137717,-0.271885185155671,0.18882292471850123,-0.15263329853612667,0.28034170325685914,0.1389157615408522,0.11426180780785566,-0.003544533783837627,0.31692180191092445,0.2572464518802445,0.3621895146188112,0.33748296663452576,0.32577516754456565,0.22133254707583933,0.048088677095203564,0.0883742798173545,-0.20307437305261816,-0.3268334276311071
#26,0.11202097394990795,-0.1633449943819777,0.13091984157974007,-0.0041852273904485655,-0.15040680856489413,-0.1740646590537816,1.0,-0.2583397748009786,0.014727984126098702,0.4427001569858713,0.12747571500290863,-0.19684912621823428,0.18210998573580153,0.504028241519177,-0.1126361673134697,0.3183673469387755,0.058897592617679635,-0.031947023245065306,-0.05335925858043335,0.18274430428165017,-0.0849221844145702,0.3462582377738288,0.04993266342069823,0.2100200017531417,-0.010933229207340883,0.32641745491636714,-0.12171903513455362,0.022942249918319533,-0.08443608603144499,0.15275920598618206,-0.1077608395955024,0.07212106240387604,0.13754034218138642,0.007701073400855852,-0.3282327534684315,-0.017974483819298902,-0.01514076931045749,0.28576209867000296,-0.023017156882276534,0.2632390089968045,0.12702308568878548,0.41895146188112103,-0.1983695782100423,-0.08912175569173393,-0.16486704013897632,0.13843285068810812,0.07048426555315605,0.01946624803767661,-0.08847309325917013,-0.04655866251225207,0.3080222170867566,0.07779008518674943,0.15302695853819856,0.06848568400417566,-0.08300010359473739,0.07476990015061082,-0.19698300249424253,0.2271019770657189,-0.09047326857334109,-0.13168166134083464,-0.08266381913952617,0.03820255161807011,0.26203093498234903,0.4897050737514842,0.013821131732661827,-0.051462678003649724,-0.03450342261074676,0.7149407517790404,0.015026018216736128,0.15901632812437744,0.10198822207524165,0.11826056467100703,-0.012456868729530078,-0.31433193347624094,0.034053980827004754,0.0016877973368183666,0.13564376160460279,-0.06230187506474671,0.4914167775661612,0.18422491214369388,-0.26023476161257164,-0.2685207468383683,0.011448015363896438,-0.20541083282200034,0.02315581445385651,-0.19608730645713968,-0.14617376821872832,-0.2690705958291165,0.26271147271872436,-0.37150029086214725,-0.2583557124528843,-0.09179131238594618,-0.0645937094087928,-0.0020639259217939423,-0.1986022679278662,0.13531544597534445,0.20555108415877088,0.1534620564352254,-0.03459267346141893,0.11753062021372392,0.18297699399947406,-0.10923029110121206,-0.07112017786419526,-0.14834128887790962,-0.11593207372757772,-0.04276231382830368,-0.05143717776060053,-0.07478743156770713,-0.09906844424610922,-0.06321669628413645,0.10080405453864483
#49,0.28111786690466894,0.27235056459131873,-0.07844512268007554,0.12651945588856395,-0.14355521201061447,-0.020471913872929102,-0.2583397748009786,1.0,0.11136753022177243,0.18397628477396424,0.17306218074891025,0.08338738853604698,-0.23101148307819808,-0.16710149893616175,-0.11535672449378033,-0.09933619679812573,-0.05148499071631776,-0.11058977280877208,-0.08286622731872913,-0.14982030297476273,-0.07320004143789495,0.04978284949278423,-0.045588059511192214,-0.03290806365498171,-0.11142968706420484,-0.10519965893424922,0.26074636023874603,0.15132481731466502,0.05611806612531776,-0.11484353210241535,0.24169608491580935,-0.15661293021699113,0.05591247041573365,-0.0352062730597901,0.21540692809728343,-0.03651316051606117,0.07675095028249489,-0.26892556319677424,0.034911426499533826,-0.04666066348444883,-0.03695303970865972,-0.12009180087497709,0.13035724246746727,-0.21273577763788062,-0.06437695734287467,0.053875638502179475,0.05798277139828989,0.13415996621217796,0.21793145215915338,0.08775908645379277,0.08194662480376766,-0.11268557403437751,0.17577795663364917,-0.08392129987488943,0.12501334778347106,-0.009302807417383197,-0.12058268055367402,-0.1825434898676378,-0.23419263839858473,-0.18041581333822088,-0.24205149455330746,-0.19511351592569867,-0.06121652096996549,-0.1534253998358422,0.10954745037413638,0.08225900278112026,0.08140474463897233,-0.28545768951860323,0.25923865836846255,-0.03744232562216609,0.1281642215652368,-0.014874610523631553,0.23436635880435736,0.2247224856361912,0.08631991648670401,0.10279785479205349,-0.09939357234498641,-0.3096606077026672,-0.08633585413860975,0.01656878292121222,0.265271059614787,0.18064053423009188,-0.23050147821721426,0.20280502673541106,-0.17244379985496736,-0.08216337686968579,-0.27807058786029054,0.17416028496521607,0.09959916805457052,0.149965335607105,-0.04197340005896931,0.04381260508889225,-0.15177425909840703,-0.3335256476663293,-0.2834001386575716,-0.06775892707727371,0.005605272175250421,-0.0629887878618843,-0.07169074580242094,0.03370016495469722,0.028504490433424443,0.03975009761811792,-0.026177593255185712,0.014737546717242148,-0.05234881144960913,-0.0485731817131382,-0.009470152762393517,-0.049201125198224546,0.019018400019125182,-0.11355098853285946,-0.41870920957215374
#50,-0.000350628341926384,0.2993409780936975,0.09089880387922447,-0.11754177657005793,0.3153949748583541,0.019094900748272758,0.014727984126098702,0.11136753022177243,1.0,0.06145399198336109,0.14496569420427288,0.33331845819155465,0.2483102104566934,-0.15118775350827562,0.019772250954266907,-0.0723043454007921,0.08441377331877695,0.0021834583110870273,-0.2002183458311087,-0.07411008136171297,0.048938153941779756,-0.04409629529281451,0.042555124353529,-0.2889575978771048,-0.12469618851054674,-0.35333774275036056,-0.31743499430228944,-0.15607901887814868,0.37421447298169563,0.18043015722493605,-0.19327749842615688,0.08812246491724374,0.06986747842440373,-0.2803640159695272,0.039378750328714074,-0.13166253615854775,-0.08233231597988669,-0.009690092358692793,-0.052336061328084535,-0.28668648248053613,0.19295396409247026,-0.07554606379842058,0.14454175266358008,0.00433663508355314,0.16096550295245002,0.06411239232123932,-0.244128170596626,-0.07311238435241336,-0.20428404083226417,-0.16159504020272694,-0.15881551371036506,-0.22676409884531712,-0.3699878076962921,-0.46612053646136314,-0.18021978021978022,-0.2565085385970085,-0.034181482042250716,-0.18111707002207364,-0.06972563332244261,-0.06752623735944983,-0.02094207460414857,-0.0070332857860051475,0.12341639506251544,-0.09754321095872945,-0.21039294280773613,0.01431360517654934,-0.012472806381435823,-0.14342452326498736,0.09749539800301221,0.015673086884109365,-0.021955709265353937,0.0158707137677406,0.1640637824829268,-0.01761748041661022,0.19572074046330754,0.18383443967200314,0.09786355776203493,-0.20291818406394185,-0.02265218465363498,0.08646335535385571,0.006818127485277594,0.2416498657252827,0.05355688546406458,0.35378559076891203,0.3486409167337376,0.27044601518858224,0.12046155439919037,0.2454637458263274,-0.07685613878507279,0.36100215955183323,0.3386145399198336,0.19726828646335534,0.04814286511168309,0.05978531982882962,-0.07567037748328538,0.08856075034465172,-0.18701718875758033,-0.11458852967192344,-0.09846281347369092,-0.29437161822948626,-0.21936902836105157,-0.15892548350851468,0.2857557236092407,-0.22881527464558646,-0.03600156188988676,-0.2696076946983401,-0.04227143414960674,0.17525201412075958,0.02917705934384687,0.0969280175951677,0.09914494497525679
#51,0.4234793487875431,0.3369283363482058,0.30379873933173424,0.5737570623720007,-0.23757620189817436,0.013803600315565507,0.4427001569858713,0.18397628477396424,0.06145399198336109,1.0,0.27795105547099747,-0.07357298249248938,-0.10460199698778379,0.12533369458677654,0.13284351616476345,0.27530381148945327,0.42325462789567214,0.16103722238602586,-0.03375594673636733,0.10702611384264757,0.01250786921562846,0.3166747683063854,0.1629832096837173,0.18568480105826007,0.217356102925356,0.2898373562623019,0.22874355521201062,-0.04473220760385373,-0.24918359378112823,-0.048930185115826884,0.09064858274430428,-0.008799177617161664,0.32449059280096265,0.26611416140060085,-0.16525751261066707,-0.052745658982062175,0.13773956283020822,0.26138227254978524,0.1573508435002271,0.25023707257209793,0.11929013698411813,0.27967550940719904,-0.11473037477388456,-0.19720772338611353,-0.29155065384216944,-0.1147781877296018,-0.06824502546039891,-0.06360398122544605,-0.045701216839723,-0.09729936488457155,0.15835332180509845,0.004752607798293077,0.21864545896453075,0.19983424842018024,0.228944369626023,0.46510849556534833,-0.19670090605551085,-0.10809234275514189,-0.3401381794420228,-0.4039318187251472,-0.2858609121118186,0.061514555060602924,0.09471587151065033,0.280540923905681,0.1636828726023795,0.20229980316999896,-0.04265075026496346,0.16369084142833237,0.30773533935245323,0.19921108623066563,0.3399007084286272,0.14105140689622198,0.16312983608125015,-0.11313023452254779,-0.09153949748583541,-0.07994485572440613,-0.05284128489349664,-0.048560431591613606,0.33519910111643253,0.07898700284487087,-0.18127325901074995,-0.09157934161559977,-0.33108878068994096,-0.2146961088222872,-0.2503757301436779,-0.4573962658081585,-0.38244627019101274,-0.034697861963996844,0.2546661460367044,-0.1365298950505622,-0.29736630302257566,-0.229918160157464,-0.36034552829331656,-0.3818693271920248,-0.3536533082580943,0.1744583190558535,0.34942983050307197,0.34749818709209573,-0.039195467331798,0.22522930296679392,0.32182422363713153,0.15625752057949302,-0.19488560750344652,0.13637051853150475,0.08284232084087051,0.14991752265138777,0.13860657109388075,-0.1326283578640359,-0.1016981568105571,-0.45012550900875775,-0.35428443927356185
#52,0.40789232522372476,0.25444301891002397,0.10102558790013468,0.10953788778299293,-0.021874427240634636,0.07079026846974636,0.12747571500290863,0.17306218074891025,0.14496569420427288,0.27795105547099747,1.0,0.19177298408625457,-0.07349329423296065,-0.042518467754145785,0.025903465642406902,0.22324506530452867,0.15181888452374312,0.004795639458438588,-0.2623289690729865,-0.10905178939986772,0.027393636095594035,0.12267051295332658,-0.05983472654973743,0.07636047781080413,-0.13260126385579613,0.0005928806508937038,0.07346141892914917,-0.10792499741013156,0.08936400800070125,-0.04668138243192631,0.054280454860585386,-0.22197961574321257,0.026888412530181927,-0.07248762839770817,-0.15436253376789996,-0.27672066874387397,-0.02990381627074883,0.09874650367761317,0.008807146443114536,-0.019098088278653905,0.05758751763102742,-0.0833555132322355,0.11183450342261074,-0.004582074922901609,-0.2611511765971519,0.1527066117348931,-0.07615169457083888,-0.07775820988293795,-0.01905665038369897,-0.06627672545003944,-0.05625194240132601,-0.3441879367912725,-0.02438779494617058,-0.16748878387747132,0.03280765644797552,0.05042513686458574,-0.05947134808628645,-0.1614531951007658,-0.23016997505757478,-0.2527042210871072,-0.025986341432316776,-0.12739921427376105,-0.041182892524444376,-0.06904031429049558,-0.20931237000852665,0.31820159535895576,0.03245065304528684,0.0582568990110687,0.15199897999027803,0.26579700212767654,0.1320402585087139,0.18070587860290543,0.1560901752344827,0.10895775725362382,0.2369721648909466,0.1268908031779678,0.03562383953972061,-0.06308760130369992,0.16442237965080606,-0.18296424387794946,-0.10268629122871327,0.1267266453633386,-0.15368518356190583,0.1427678920064707,-0.10074030393102185,-0.1598355234323327,-0.32574966730151644,0.03524611718955446,0.08294910310863901,-0.003925443664384926,0.13354158531823507,0.005924025213365315,-0.18768657013762163,-0.2838973933970308,-0.15397046753101865,0.07636047781080413,0.031142171823825195,0.041880961677915995,-0.2562041294456088,0.1883687016391875,0.044727426308282,0.14107850090446175,-0.13401493357983568,0.17706571890763334,-0.07151543163145774,-0.06118942696172573,-0.1577572536238236,0.017048506243575134,-0.015464303644144108,-0.332672983289372,-0.2480552080262015
#53,-0.002659994103068795,0.11936823147845628,0.31297245176868094,0.021563643028472614,0.48534453219007245,0.6061933715305724,-0.19684912621823428,0.08338738853604698,0.33331845819155465,-0.07357298249248938,0.19177298408625457,1.0,0.43905521599502745,-0.560108057279921,0.009266150817999984,-0.13870538453569636,0.20760066619384965,0.3133597367099905,-0.02442923284112552,-0.28577644255671814,-0.08544334563188806,-0.23395676115037972,-0.23243152786299995,-0.2262046872634255,-0.31500768991704453,-0.2692204097570305,-0.20192208081983282,-0.0326339360422029,0.3420443226099499,0.2671373586529497,0.17005474583429622,0.15128497318490067,0.2834240451354302,0.0960546342707329,0.22065041557427345,0.17069065814533546,0.20385691176119022,0.04334881941843508,-0.02434476328602507,-0.1239997131222657,-0.22984484695869759,-0.09978245105148659,0.42257249639410627,0.2518451816493876,0.12751237160229184,-0.11924551155878205,0.036619942783829657,0.07523368582106799,-0.20331981289196663,-0.2899250133477835,-0.2209914813250564,-0.3358732637920455,-0.15980683565890239,-0.37282949103108637,-0.40460438763556966,-0.3018655021555674,-0.2566838527679717,-0.32293507797496196,-0.2204958203507877,-0.2104519121197874,0.1298121747722908,0.08140952593454406,0.045333057080700304,-0.13707496274573866,0.11294854529082231,-0.015462709878953533,0.05488608563300369,-0.21940887249081592,-0.014708858943811808,-0.03948872012686371,0.007226131374064659,0.11297245176868093,0.23330012989186302,0.31283220043191035,0.02794348508634223,0.13060108854162517,-0.13875638502179474,-0.2611416140060085,-0.1656479850823578,0.07055917251711305,0.30004064101235967,0.637600108376033,-0.004658575652049184,0.5697136800835133,0.4996804500792898,0.25492592976276807,-0.024110479803010624,0.49536134641283297,-0.08719329981113882,0.6378104853811888,0.511369123986963,0.07174971511447219,0.08444724238777901,-0.1951549538206536,-0.30718389659651446,0.02777613974133191,-0.3233526444548925,-0.06653969670648423,-0.0740208305110408,-0.09161440444979241,-0.2974220848042458,0.2729912581979297,0.1955294886404386,0.20111244810302098,0.0969407677166923,-0.011108543378304074,0.07911450406011682,0.16994158850576543,-0.008711520531680068,0.0024225230896731983,-0.10935141725569572
#54,-0.022408338579477084,-0.17854632676967702,0.34230091880563235,-0.059656224848393086,0.382205611647236,0.41921283937237525,0.18210998573580153,-0.23101148307819808,0.2483102104566934,-0.10460199698778379,-0.07349329423296065,0.43905521599502745,1.0,0.11018336268517559,-0.2622158117444557,-0.3406386217118632,0.2427176884029676,0.24009753842966317,-0.0600116344858912,-0.22056913354955415,-0.10897688243591072,-0.34391380917849373,-0.2088039589127334,-0.3782833555132322,-0.2015985464861462,-0.3121245686872953,-0.31115396568623543,-0.067016232498466,0.4946314019555499,0.48802843277099983,-0.2389898716222139,0.27365745204758984,0.1890476456103722,0.016112966076707917,0.04634031668114337,0.009522747013682473,-0.028818462175967615,0.11650582919618453,-0.28639322968547043,-0.09726589581556949,-0.05159814804484855,-0.02661428491740312,0.1622660153479588,0.17350684123708054,0.21625640494385961,0.05095107937747532,0.008097920933308895,-0.029854409549841022,-0.07938703790770506,-0.25937890970523314,-0.24675628939588332,-0.31867334985536583,-0.3417494760496936,-0.3607726573643905,-0.49475252811003356,-0.5214050633920104,-0.20755285323813244,-0.24153192710118018,0.059538286224290575,0.07094805122361322,0.10510881431838648,0.10509606419686188,0.11434627736295612,0.05645435058052897,0.05465020838479867,-0.08581947421686363,-0.053996764656663136,0.17194973264588928,-0.04990716317764904,0.1709488481062085,-0.13639761253974453,-0.07704739060794173,-0.19521870442827657,-0.23868705623600475,-0.05910796962283547,-0.021417016630939763,-0.03897234020511758,-0.10822303150076899,0.04401023197252349,0.23591390480440516,-0.13331845819155463,0.2708747380248468,0.33219485373219965,0.3359752647642423,0.6707775183482217,0.4465459123907275,0.37946274175425737,0.08235303492736415,-0.12713783678250684,0.37287730398680363,0.24848871215803775,0.35920120488648405,0.429993067121421,0.08161830917450932,-0.03137645530683964,0.18855995346205642,-0.22478783000900476,0.07848337304464933,0.08755986580497095,-0.14710930838559555,-0.23511383467873678,0.05731817131382033,0.5499605543115332,0.024666703854521112,0.08209962626206281,-0.01773541904071273,-0.0074110081361712975,0.19661803026560096,-0.01665165871112209,0.18583780251655524,0.16524635625433304
#58,0.13286742264262205,-0.17371403071185523,-0.06185402704619528,-0.11555116384703042,-0.3034879551195722,-0.4897465116464391,0.504028241519177,-0.16710149893616175,-0.15118775350827562,0.12533369458677654,-0.042518467754145785,-0.560108057279921,0.11018336268517559,1.0,-0.26768880140888845,-0.005627584887918463,-0.0798221358047319,-0.1507271553681996,-0.14280136107547275,0.026325813417909138,-0.11049255313214704,0.09850903266421758,-0.04394648136490051,0.15913426674847994,0.10682689319382575,0.2073663827108352,-0.00020240817920295803,0.03439982787335942,-0.1188422889655667,0.0028879025253209446,-0.2652551219628812,-0.056494194710293336,-0.17669755914861063,0.04999641402832121,-0.3190526659707225,-0.17545920359553427,-0.27324944815880275,0.10635832622779685,-0.20519248699089163,0.0699694793966005,0.33381571293101386,0.2756735650136665,-0.3538126847771518,-0.10863262915474663,-0.27379292208878864,0.07391245447808174,-0.03774673477356581,0.007242069025970404,0.12377180470001355,0.0912844950553435,0.15762337734781534,0.016264373769812494,0.05023229127652623,0.09710173800094032,0.03845755404856203,0.020287037110822463,-0.06549578050665796,0.16128744352094607,0.18858226617472448,0.1332642701750751,-0.016065153120990685,-0.030337320402585088,0.11434149606738439,0.2109937922845827,-0.0004016288280247671,0.10719824048322961,0.15381109101196122,0.5221079138410538,-0.07418498832566998,0.2321159623552662,-0.03982978587764665,0.0020989887559865806,-0.37193220122879295,-0.40542198917833433,-0.10938488632469778,-0.12385946178549515,0.0803895162125764,0.16180063591231103,0.3632621185920678,0.1010048689526572,-0.3297563929906207,-0.5667301516467579,0.06998701081369682,-0.215708149718302,-0.154523504052148,0.07984922981297166,0.22222505558256103,-0.6019125182286894,0.1509646263815952,-0.5462662065997816,-0.38674146737961096,0.12035795966180303,0.05368916797488226,0.28430858481619903,0.1335017411884707,0.14376399525057973,0.2663851014829985,-0.03412251273019946,0.02453442134370343,-0.009347432842719283,0.14445728310847963,-0.17399453338539633,0.08802205771023755,-0.12977073687733587,-0.08214584545258947,-0.06373785750145432,-0.05381348165974707,0.055241495270501796,-0.0024193355592920496,0.21450645076460886,0.2735283570671533
#101,-0.2990875694283961,-0.003587565443983138,-0.26461761588665145,0.06466383507717809,-0.13415359115141567,-0.02159711209747468,-0.1126361673134697,-0.11535672449378033,0.019772250954266907,0.13284351616476345,0.025903465642406902,0.009266150817999984,-0.2622158117444557,-0.26768880140888845,1.0,0.3183514092868698,-0.04786873749890429,0.0711743658806748,0.214284917403119,0.14902660790985664,0.4353194303883209,0.0865892628039111,0.5425862027747452,0.14897241989337712,0.5646231940648184,-0.04979241208392767,-0.09046211221700706,-0.4632836344221406,-0.12824709735514667,-0.04136617552136044,0.14206344779223676,-0.17542732829172278,0.10118815194957327,-0.1633944011028855,0.2557515001314856,0.29989879591039853,0.5155240698387906,0.173066962044482,0.6155041477739085,-0.08557403437751517,-0.20079688259528725,-0.1610531600379316,-0.027543450023508036,0.146819243120911,-0.1076668074492585,-0.16837810485381188,-0.3398895520722932,-0.22887424395763772,-0.4139486329479078,-0.30400592880650895,-0.19885248906278638,-0.10478687374989043,-0.09159209173712438,0.10796006024432421,0.5417160069806916,0.3260795766959654,0.19801576233773477,0.022548589916247638,-0.31715927292432006,-0.23758735825450836,-0.14741053000661414,0.17453003848942936,0.1151654726709114,0.07933922495198782,-0.33610435974467884,0.05087457864832774,0.2419112432165369,-0.09142474639211405,0.4112519822454558,0.15609814406043557,0.19850982954681287,0.3070930519806517,0.24540477651427614,0.16595239423375754,-0.05260700141048219,-0.03899305915259505,0.16785056857573175,0.3076795575707831,0.3007355226354501,-0.15822422682466192,0.07022448182709241,-0.07128433567882445,0.03506124042744782,-0.3049526253297102,-0.1812397899417479,-0.5859477723147049,-0.3424539202639275,0.03161073878985409,-0.26809999282805663,-0.21067822677684897,-0.13833881854186422,-0.5129724517686809,-0.33383961940887247,-0.36854226266844103,-0.2306847612141303,0.14764640725481915,-0.028523615615711338,0.12743268334276311,-0.09669532787734383,-0.00927890093952458,0.15566463992859933,0.15175513391612014,-0.4440596386934313,0.023217971296288917,-0.008649363689247663,0.19314362215014863,0.12906469889791136,-0.028448708651754338,-0.03998438110113237,-0.3350827562575206,-0.13155894142116042
#102,0.10817681231024233,0.16768003570034026,0.04011506984675948,0.2097841245049367,-0.08720923746304457,-0.2250922391604045,0.3183673469387755,-0.09933619679812573,-0.0723043454007921,0.27530381148945327,0.22324506530452867,-0.13870538453569636,-0.3406386217118632,-0.005627584887918463,0.3183514092868698,1.0,0.06321669628413645,-0.04363410338754791,0.11981289196662656,0.35869120002550026,0.15927929938082222,0.6245152961614165,0.14511072683661516,0.3143781526667676,0.15447090980085904,0.39563308337782593,0.033676258476838604,-0.10237710078174182,-0.2498035684402617,-0.24165942831642614,0.019542748766824183,-0.16469013220282255,-0.010338754791256604,-0.02581262102654416,-0.29359704834686706,-0.06727601622452964,0.13743993497438023,0.2984707822996438,0.30251257082294064,0.2926806333622867,0.18024528046282942,0.11272701192933245,-0.20517814310417645,-0.09097530460837205,-0.3304544621440923,0.0216018933930464,0.1766752464359426,-0.09781574480631769,-0.12033245941875384,-0.09008757739722206,0.1874060674640805,-0.009672560941596475,0.002814589326554519,0.1453386352588673,0.29191243854042986,0.39184948481540216,-0.19912183537999348,0.1986819561873949,-0.4152045199180805,-0.5351624445170493,-0.40214361418132266,-0.06681223055407247,-0.010150690498768817,0.35293133262676407,-0.024167855349871304,0.1771055630373977,0.1953175178700922,0.31064874212082333,0.148852887504084,0.1628652710596148,0.06847771517822279,0.3446676601136355,0.16169385364454256,-0.02869255472591223,0.017619074181800795,-0.018170516937739564,-0.06866418570552,-0.11011642454717147,0.20508411095793258,-0.08906438014487325,0.21069097689837357,-0.039519001665484624,-0.3673899704356557,-0.21315812541338286,-0.37176326211859206,-0.4798269171003036,-0.4646176158866514,0.021037700515583038,0.29055614436325095,-0.3474694993186654,-0.12161065910159456,-0.5325901074994621,-0.5547737251870681,-0.2208336985711895,-0.32611782706053916,-0.09757986755811267,0.1639075934942505,-0.016702659197220474,-0.18904445807999107,0.14752049980476376,0.11470806206121652,-0.08467993210560289,-0.3189681964156221,-0.005450676951764696,-0.10916175919801735,0.016520969965494983,-0.0515264286112727,-0.3961223692913323,-0.2454637458263274,-0.3959598052418937,-0.18080469204472105
#201,0.24722326259672162,0.2028209643873168,0.6810509287666648,0.635225398242077,0.2419112432165369,0.4367315063471699,0.058897592617679635,-0.05148499071631776,0.08441377331877695,0.42325462789567214,0.15181888452374312,0.20760066619384965,0.2427176884029676,-0.0798221358047319,-0.04786873749890429,0.06321669628413645,1.0,0.5361983918909227,-0.3086278478591749,-0.1093147606563125,-0.16146116392671866,0.0620213723912056,0.0005179736869367036,0.14636502004159727,0.22975878363840654,0.1748137286933516,0.05816764816039653,-0.09437958705543913,0.27412442524842817,0.22580624596578186,0.1767119030353258,0.18866036066906264,0.3486520730900716,0.14313127046992166,0.1281387213221876,-0.005586146992963527,0.20261536867773272,0.20931396377371722,-0.06835658902373913,0.3252508187968667,0.116751269035533,0.10611288638844839,-0.039928599319462264,-0.1433416474750775,-0.18859661006143966,-0.1863828702117317,0.12511534875566782,-0.08212353273992143,-0.2257966833746384,-0.35783375435297116,0.09898556845619935,-0.25182286893671957,-0.06821952521734972,-0.09050514387715258,-0.2115755165791424,0.09598928989791934,-0.34458159679334444,-0.1632318370534469,-0.20534070715361505,-0.2657746894150085,-0.009586497621305453,0.30879359943899465,0.2563587246690945,0.20976181179226863,0.13628923650678545,0.2535871670026855,-0.03140833061065113,0.06493955645514746,0.21534795878523216,0.19046450286479294,0.2797902605009204,0.08388145574512507,-0.001958737419216027,-0.1456446381754576,-0.07451171018973775,0.041756647993051184,0.1486982922805983,0.09183434404609168,0.23323478551904947,0.30002948465602564,-0.09629529281450964,0.24882180908286783,-0.10269585381985671,-0.03140992437584171,0.21164564224752766,-0.17811919769860307,-0.1028472615129613,0.15518332284104583,0.23985528612069584,0.23242355903704706,0.06467021013794037,-0.0794778825235678,-0.0603734191841516,-0.30098415000517975,-0.35117978468232275,0.37739881583246343,0.3466487102455195,0.4539903895959008,0.18467435392743586,0.14601120416928973,0.30560128776227397,0.28959032265776286,0.15967933444365642,0.4969200487692148,0.4368478512060818,0.4496314417996797,0.30512156443991106,0.09732327136243017,0.1005554271689152,-0.5131222656965949,-0.3450581325853262
