,#10,#11,#12,#13,#17,#18,#26,#49,#50,#51,#52,#53,#54,#58,#101,#102,#201,#202,#301,#302,#401,#402,#501,#502,#601,#602,#701,#702,#801,#802,#901,#902,#1001,#1002,#1101,#1102,#1201,#1202,#1301,#1302,#1401,#1402,#1501,#1502,#1601,#1602,#1701,#1702,#1801,#1802,#1901,#1902,#2001,#2002,#2101,#2102,#2201,#2202,#2301,#2302,#2401,#2402,#2501,#2502,#2601,#2602,#2701,#2702,#2801,#2802,#2901,#2902,#3001,#3002,#3101,#3102,#3201,#3202,#3301,#3302,#3401,#3402,#3455,#3501,#3502,#3601,#3602,#3701,#3702,#3801,#3802,#3901,#3902,#4001,#4002,#4101,#4102,#4201,#4202,#4301,#4302,#4401,#4402,#4501,#4502,#4601,#4602,#4701,#4702,#4801,#4802
#10,1.0,0.3048394680011794,0.41774816916223734,0.4526611894269617,0.0787415630055224,-0.2916845301181777,0.17796779000549848,0.671113802803433,-0.35851588585453703,0.31732183697375865,0.4477428300488489,-0.17239279936886898,-0.3514937564248659,0.050508012654495615,-0.07957988349576457,-0.1646120377084844,0.17957430531759755,0.22952768768577325,-0.23611312545322696,-0.2742726454111516,-0.10145590450158978,-0.14075018527520342,0.13986564559443457,0.13740805967056874,0.09031389205428364,0.13706380638940466,-0.0642255496497701,-0.019459872976914313,-0.025736120297396584,-0.0788850018726741,0.21575436890882865,0.17400568974173036,0.4051032361402195,0.4017627043007754,-0.012149272047749205,-0.05502952450015539,0.2807831762146483,0.10442349528643945,0.3672305939165983,0.24856043159161362,-0.0641378925642885,-0.0670226075592283,-0.042159870586266524,-0.1950864219174589,-0.07009698061184645,-0.12918901258277618,0.19066691104399588,0.10653364039876005,-0.28004845046179344,-0.26737482966634524,-0.12206169465052714,-0.27977272908382406,-0.09405445895656193,-0.07832399652559188,-0.09945572918741882,-0.06540334212560464,-0.2395955023946322,-0.21426897975121326,-0.025753651714492905,0.059941508817505915,0.4251161456382631,0.3293818581708357,0.05406370279466726,-0.019351496943955247,0.06676123006797409,0.10504346994557291,-0.04505096064196862,-0.09137055837563451,0.12215891432715217,-0.00612165209699655,0.11500928368223509,0.13575691893313357,-0.1029779502585884,-0.08817187163815154,-0.07027548231319079,-0.043468351807728164,0.05465180214998924,0.15309708420658386,-0.04300615990246157,0.04247702985919084,-0.3236219907720995,-0.12056993043214943,-0.30273251041923993,-0.36538342006072244,-0.1477978149479237,0.14712365227231072,0.1307987154252564,0.005520802620149973,-0.004612356461522524,-0.2544972069265035,0.006593406593406593,-0.24343328897353553,-0.24938918949071234,-0.10241853867669676,-0.1506841237080541,0.11130218584895887,0.3121755691733937,0.15690140171648512,0.0791846297285021,0.007122536636677318,-0.15478966283897394,0.09549362892365068,0.30557897504960596,0.26483436795256954,0.31098343281084395,0.24792611304576498,0.3015419678218808,0.367856943636494,0.1514826000685319,0.13872610348317382,0.05190733849182
#11,0.3048394680011794,1.0,0.4953406274653555,0.39544661285052873,-0.01553283554733881,0.15207069942385387,0.5162460454701209,0.2529241606834065,0.20367362876427417,0.5852337655093275,0.3285690379236427,0.016803066404226664,0.20317956155519606,0.0017324227621544517,-0.034874769900150614,-0.20568655419996973,0.5563372088390217,0.3852528906916144,-0.2549864928400099,-0.3122122257727769,-0.04906724892221629,-0.22881049335001474,0.3098741722382041,-0.0003601909330698308,0.26228753117803155,0.02662862880411829,-0.07245256556351552,0.04438317302711792,0.19716309796077744,0.19337949939835364,0.27798293077480896,0.36340396369402894,0.42280677987712073,0.294013021061607,0.08810652726533799,0.17713265704563746,0.22810923666616198,0.12427862203061622,0.10058252117715497,0.00137541935946577,0.1654423893727737,0.1315844416642096,-0.09630644917084366,-0.17486791670983115,-0.10035142522452167,-0.2813027436667756,0.019485373219963503,0.07241112766856059,-0.2424499358509511,-0.13244507486711982,0.15431472081218275,0.006819721250468169,0.16215923308019028,0.06896062603096685,0.09171321789160802,-0.04107929778705703,-0.2957900692490975,-0.3550446652694659,-0.04954856600976978,-0.0764688538437632,0.11985911115715321,0.01343065926097108,0.08659563786467339,0.014076134163153743,0.08750408402330084,0.04413135812700715,0.08366470367920695,0.13749252922566918,0.27520977934320934,0.2659133469865885,0.3812334148809856,0.38554454972148955,-0.32028145893265547,-0.065368279291412,-0.3417670074667899,-0.26245647028823244,-0.18907792714899313,0.14485572440612324,0.41539736550614,0.16007618197610946,0.015738431256922918,-0.0020065503749332613,0.028359457801082167,0.10217947389811059,-0.0085409876562886,0.06014072946632772,0.1000932352636486,0.17913123859461785,0.08853206257122138,-0.040980484345241416,-0.08210600132282511,0.26589581556949216,0.09995776522244977,0.03521742941612412,-0.019397716134481907,0.18967240156507742,0.1539800301221621,0.3342938424881862,0.29688657970021276,0.38964052626126594,0.1963486839483939,0.22080022950218745,0.340912749324642,0.3126600737913283,0.3566527743467555,0.35113037796141494,0.3222864155423981,0.05236634286670545,-0.09495174875885536,-0.09109164946728399,-0.15613798819019994
#12,0.41774816916223734,0.4953406274653555,1.0,0.7105037094884811,0.022048147646407255,0.15316083481420684,0.4345703607487509,0.42036991290073233,0.045130648901497344,0.7011148387508068,0.3365856768322323,-0.01326650144634191,-0.015057893520547618,-0.022304743842089744,-0.3082708444564862,-0.30052833316067545,0.672218282080501,0.7044681207117756,-0.4802460773454247,-0.44835005458645777,-0.3325534509000789,-0.22741754257345265,0.32903441735929045,0.17041653053255665,0.3539481548183506,0.16637792953964092,0.01819123588521703,0.30815928089314604,0.39331574879073067,0.20899202320522117,0.5056618508395159,0.5217540979687463,0.6463403166811433,0.5479986293619361,0.04785598737737969,0.05632844313047359,0.36674608929866365,0.03758735825450836,0.25669182159392456,0.0849285594753325,0.2230075942911331,0.05231534238060707,-0.1979583867908741,-0.14500075703846552,-0.21695766162771238,-0.23182270956020049,0.21212695933508116,0.16218632708843006,-0.3881184805042673,-0.1801209667779646,0.2862019778626015,0.11251663492417661,0.166636119500514,0.10837125166349242,-0.14087928025563995,-0.26072085999569683,-0.4595446612850529,-0.46306688235622245,-0.066716604642638,0.09387914478559874,0.157070340826686,0.14801934830941357,0.11622851405302456,-0.06754217501135558,0.23151830040880078,0.19681246961885104,-7.968825952872364e-05,0.030147662344906723,0.22444676425822183,0.1689901106869925,0.36308839818629524,0.2697336021483955,-0.4786220306162293,-0.05430595510363458,-0.5348580353656496,-0.41949971710667866,-0.30339232920813775,0.07770880316203013,0.3671779996653093,0.18472694817872481,-0.11040330228147487,0.06008016638908589,-0.185415454741053,-0.08398823801289355,-0.04816836535473229,0.008625457211389046,0.1829052745658982,0.07961175879957606,0.2617392759524739,-0.006767126999179211,-0.1567149311891879,0.23559515176629028,0.23718572942648358,0.022625090645395213,-0.04415367083967519,0.36298002215333613,0.3337057431328642,0.6144905131127031,0.4955047852799847,0.4521511845659779,0.28970029245591244,0.5380423782164174,0.6643132067352517,0.5374192160269028,0.6285570846847134,0.5287730398680363,0.5797607758448948,0.09989879591039852,-0.1027596044274797,-0.08386392432802875,-0.13562304265712533
#13,0.4526611894269617,0.39544661285052873,0.7105037094884811,1.0,0.12940257711831316,0.07892962729801019,0.4093394640167664,0.4409486090414299,0.05824255512435353,0.6763955406449967,0.4076915108097124,0.01493039230530166,-0.09897122456948418,0.179733681836655,-0.2787272191188072,-0.2613934289061193,0.6035668464965057,0.3929523703272797,-0.4978731203531784,-0.2979814963861374,-0.28080070763174464,-0.13787025157583532,0.1150586904031429,0.17439456844823054,0.29072030217788014,0.1982149829865566,-0.12335264445489245,0.23137645530683965,0.1795966180302656,-0.03147845627903641,0.30994429790658945,0.46645682091657437,0.503664863055726,0.49145024663516323,0.05286519137135526,0.0428483771485947,0.32703742957550064,0.12428977838695025,0.2927443839699097,0.2225438086206759,0.1557156404146977,-0.010182565802580305,-0.24810302098191872,-0.14942664297269084,-0.2035397524882659,-0.1820685478408466,0.1480735363258931,0.13665739626580817,-0.4424180605471396,-0.17783391372949023,0.13856832072930694,-0.010698945724326435,-0.02292312473603264,0.053005442708125815,-0.13568519949955773,-0.16658990030998733,-0.33928073376949375,-0.22329128449505534,0.05374973105212409,0.2289124943222115,0.19037365824893018,0.19474535616667596,0.22333272239001029,0.06048498274749181,0.08831690427049382,0.058170835690777675,0.16907776777247407,0.19784204193196217,0.11781590418283674,0.1910478209245432,0.17746575397046754,0.2690945023069751,-0.2351935229382655,0.025093832925595073,-0.2366677557395469,-0.15449481627871767,-0.10327598434922583,0.20173401652734502,0.28854003139717427,0.12374311692658321,-0.39209333088956005,-0.18051781431041763,-0.34976930248866434,-0.2896923236299596,-0.11783024806955192,0.18326546549896805,0.18247336419925253,0.07740917530620214,0.1297372678083338,-0.19514698499470073,-0.10674720493429703,0.0550789312210632,0.060118416753659684,0.10025261178270606,-0.023063376072803194,0.26447258325430917,0.2675613001936425,0.31773462215811743,0.26884109364167375,0.2171377570942473,0.04461905027532294,0.26055192088549595,0.5027229478280965,0.41772266891918813,0.4084612993967599,0.28724270653204664,0.32084246427973767,0.15134234873176136,0.029693439265593,0.005791742702547634,-0.06964913259329503
#17,0.0787415630055224,-0.01553283554733881,0.022048147646407255,0.12940257711831316,1.0,0.270012511056746,0.05377841882555443,0.05418164141876977,0.1776729434452422,0.029825721776410682,-0.015392584210568256,0.3372343392647961,0.1164882977790882,0.22520539648893528,-0.0170819753125772,0.09470790268469746,0.05811186637872642,-0.16965311700627148,-0.17561539258421058,0.010270222888061903,-0.11049255313214704,0.03134458000302815,-0.18945246196877813,0.08415398959271331,-0.07949860147104527,-0.01852911410561882,-0.4232992533210082,-0.4110734805441114,-0.01243933731243376,0.016197435631808366,-0.0183617687606085,0.07334029277466551,-0.09360023587724821,-0.09319382575365172,0.163639840942234,0.11364342691391277,0.03489230131724693,0.12105921634565579,-0.00042394154069280975,0.13680402266334102,0.2197658758935046,0.2870642048307023,0.25410992198519394,0.26851596554279655,-0.12418777741475348,0.03675222529464734,-0.40566105395692054,-0.44720094988405357,-0.27380567221031327,-0.2691407214975018,-0.41989178334356,-0.24618094016208592,-0.2765198543298616,-0.1004805202049582,-0.09741252221310234,0.28756145957016155,-0.174651164643913,0.08489349664113986,-0.14444772051733618,-0.025455617623855478,-0.1637498107403836,-0.10376527026273219,0.20406728876634606,0.23526683613703192,-0.3651045111523719,-0.18863007913044172,0.2134864410426412,0.24379985496736767,0.09346635960123995,0.263293197013284,0.029060714484934934,0.038964371379164704,0.2533688211715768,0.4157416187873041,0.2545800827164134,0.26058379618930744,-0.04343169520834495,-0.07210990604754201,0.0831116671580776,0.1478376590776881,-0.057358015443584695,0.2404067288766346,-0.03260206073839141,0.02642940815529648,0.3874459115938449,0.05908406314497685,-0.00875136466144443,0.08852249998007794,0.13674983464686147,0.14243160755125947,0.35525185474424054,0.01298121747722908,0.019582592896588546,-0.0006741626756130019,-0.01324897002924559,0.004631481643809418,0.02486433073815235,-0.21147989066770792,-0.2604929515734447,-0.0856776291149025,-0.1739961271505869,0.0497971933794994,-0.1102949262485158,-0.1035214241885743,-0.21089816637314823,-0.1926511487062611,-0.1801209667779646,-0.16342308887631585,0.012952529703798739,-0.2212209835124991,-0.0826686004350979
#18,-0.2916845301181777,0.15207069942385387,0.15316083481420684,0.07892962729801019,0.270012511056746,1.0,0.033942417263664544,-0.3097912964482943,0.3685167624253919,0.05231374861541649,-0.2023412410649539,0.4081154523504052,0.7674170644438955,-0.10327279681884469,-0.16159982149829866,0.027927547434436484,0.07291316370359155,0.11333423646694132,-0.1825116145638263,0.014512825825371148,-0.13527241431519893,-0.052187841165361105,0.06033676258476839,0.17416825379116896,0.18476838607367976,0.1523304831499175,-0.17013602785901552,0.0038600992915713726,0.3021268796468216,0.32675533313676897,0.17344787192502928,0.23669325598259608,-0.048852090621488736,0.04224434014136697,0.22411685486377292,0.30031476862513845,0.0775494266429727,0.09773765031197953,-0.32674417678043494,-0.16247479858792405,0.1874825681932281,0.13668927156961966,-0.011279076253695543,0.24853811887894556,-0.022432245057335702,0.12142418857429735,-0.12750440277633895,-0.037112416227717174,-0.19832176525432507,-0.27287650710420835,-0.09689614229135621,0.08148124536811992,-0.06808564894134148,0.026303500705241095,0.06728557881567308,0.0929515734446844,-0.2178995768553419,-0.09651204488042776,-0.28847946831993243,-0.31715130409836717,-0.3561459570161528,-0.2347313310329989,0.1741092844791177,0.039141279315318474,-0.03773079712166007,0.04005610053470822,0.00661731307126521,0.12166962841364581,0.07307732151822072,0.09907163177649037,0.12417502729322889,-0.055555467013044965,0.032581341790913945,0.30489206225246834,-0.12332714421184326,-0.10432786937500498,-0.2708508315469882,-0.10193244029357154,0.3146953119396919,0.31232697686649824,0.3448158802763589,0.24912462446907696,0.48943413366908656,0.6371474790619098,0.47959900867805144,0.013641036266126911,0.13864322769326395,-0.0008383204902421726,0.06706723298456438,0.3390337001649547,0.20738391412793153,0.45141805257831363,0.45431392392958747,0.13917554526691583,0.03514889751292942,0.10635195116703457,0.04781933077799648,0.035000677350206,0.12133653148881575,0.1334698658846592,0.19285515065065464,0.10454621520611368,-0.07967391564200846,-0.061952840488010905,-0.12372399174429631,-0.11213413127843874,-0.04793726940209899,-0.34675868004366917,-0.026024591796890564,-0.2859947883878268,-0.11343304990875694
#26,0.17796779000549848,0.5162460454701209,0.4345703607487509,0.4093394640167664,0.05377841882555443,0.033942417263664544,1.0,0.36021643331288,0.2420865573875001,0.6553626214249855,0.3442660312856107,0.05089529759580521,-0.01106073042258684,0.4123915243567165,-0.05778514451465865,-0.13853644542549545,0.5701280590330626,0.3157870410952354,-0.3095012311836097,-0.16926583206496187,-0.02302671947341998,-0.23459745475699065,0.15733012455274964,-0.12413358939827396,0.08139518204782889,-0.16691184087848338,-0.04575540485620254,0.018749053701918095,0.13348739730175554,0.004100757835348118,0.14077727928344316,0.3142538389819028,0.32425949684832933,0.11280829395405174,-8.925085067217047e-05,0.06141892914916845,0.11404186821155639,-0.019871064396082525,0.025842902565165075,-0.053671636557785944,0.05060523233112066,0.16473316386296807,-0.09171799918717975,-0.1534556813744631,-0.2302002565961957,-0.2658559714397278,-0.09460430794731012,0.0008446955510044705,-0.06755651889807075,0.2131804381260509,0.2011427296416419,0.08660520045581685,0.13177409972188797,-0.07658041740710342,-0.10797440413103937,-0.19603311844066013,-0.17457307014957485,-0.12166803464845524,-0.08394042505717633,0.025689901106869924,0.1284495055343496,0.021802707807058785,0.41154204751014034,0.2756958777263346,-0.039205029922941455,-0.11794181163289212,0.41938815354333847,0.4147216090653364,0.33996764656663137,0.2685637784985138,0.46283738016877973,0.4059431503956522,-0.0031986867374829667,0.048378742359888115,-0.07344388751205284,0.06669907322554168,-0.15645514746312425,0.018838304552590265,0.3624461108144937,-0.03477755022352557,-0.3034321733379021,-0.0852218122703982,-0.2767366063957797,-0.11608985648144458,0.04049597972730678,0.15288351967104685,0.060904142992612896,0.1827745858202711,0.08090908366470367,-0.0973965845611966,-0.23819936408768896,0.06702101379403773,-0.03741841914430747,-0.19257942927268526,-0.21928296504076056,0.1850967017029381,-0.08067480018168924,0.26760592561897856,0.14348189881184806,0.4160524029994661,0.18885161249193155,0.29170046777008346,0.3479300974587414,0.5332993330092678,0.3981655762656488,0.31645801624046727,0.30920160332778174,0.13962976834622956,0.0687024360700938,-0.18096566232896907,-0.26539696706484234
#49,0.671113802803433,0.2529241606834065,0.42036991290073233,0.4409486090414299,0.05418164141876977,-0.3097912964482943,0.36021643331288,1.0,-0.040430635354493226,0.4514563029428874,0.5485150092836822,-0.19902302193817784,-0.48304632278526405,0.2921578783797783,-0.08809855843938512,-0.18301524436404784,0.2884826558503136,0.2642542374232004,-0.23249209094024179,-0.21617831044952146,-0.019789782371363227,-0.08210918885320626,0.04412338930105428,0.011073480544111437,0.08154021468017117,0.0747077433081784,0.007469977448222554,-0.04011506984675948,0.092664695710381,0.03505805289706668,0.2291435902748448,0.11141215564710852,0.3684657619392935,0.23857549267266454,0.015776681621496706,-0.0034951270629298187,0.22672266095036217,0.12640789232522373,0.4713193985130171,0.34290814334324127,0.1270151168628326,0.20313015483428826,0.13133740805967056,0.005055423184502228,-0.20098335312258445,-0.23463570512156445,0.05383420060722454,-0.10724924096932799,-0.20495501597749605,-0.1007052410968292,0.06211381077225892,-0.2195044984022504,-0.009482902883918112,-0.04844727426308282,-0.047368295229063904,-0.02834989520993872,-0.2793950067336579,-0.17140147742033165,-0.10886850640295165,0.18480026137749125,0.3415056299755357,0.14180207030098255,0.2895791663014288,0.2257919020790667,-0.024438795432268963,-0.0863709169728024,0.28494449712723824,0.1902047191387293,0.30060005259425127,0.16209388870737673,0.2345767358095132,0.16986190024623674,0.011873550669779822,0.06314497685056061,0.02068547840846608,0.052740877686490446,-0.04385723051422834,-0.0016160779032425153,0.08342245137023963,0.09062467626644566,-0.5037142697766338,-0.026797567914319184,-0.6147327654216704,-0.5789081114679374,-0.07871765652766378,-0.011156356334021308,-0.11268876156475867,0.2751109659013937,0.055848719808110674,-0.20094191522762953,0.032724780658065646,-0.430345289228538,-0.3070739267983648,-0.3935771262819849,-0.24393691877375706,0.19445369713680083,0.16213213907195054,0.09454533863525887,-0.05321422594809107,0.0715919323606053,-0.28063654981711544,0.15841229111714972,0.396812469618851,0.4719967487190112,0.29600841508020626,0.24715951198909863,0.22770601407294663,0.300840711138028,0.05092557913442612,-0.07832240276040131,-0.16738837667046513
#50,-0.35851588585453703,0.20367362876427417,0.045130648901497344,0.05824255512435353,0.1776729434452422,0.3685167624253919,0.2420865573875001,-0.040430635354493226,1.0,0.12425471555275762,0.035109053383165056,0.29823809258181994,0.3644685988413327,0.19622437026352907,-0.1537489341695288,0.0005434739299858952,0.133058674465491,0.060665078214026724,-0.06187474599367275,0.07976476025787121,-0.11802787495318315,-0.04243559196423591,-0.1319286949453737,0.0018631115077815585,0.03939628174581039,-0.03920024862736973,-0.2084405804492824,-0.1082039063184821,0.19634549641801274,0.2092645570528094,-0.07023245065304529,0.10552478703312641,-0.12234538485444939,-0.13297261114519998,0.2898995131047343,0.24888715345568138,0.00866211381077226,0.14315039565220855,-0.1910589772808772,0.00865892628039111,0.26040529448796307,0.3862713066483915,0.08503852927348214,0.3061989497087394,-0.1956601773860657,0.016830160412466433,-0.3042067432205213,-0.18587445911593845,-0.021906302544446126,0.02435910717274024,-0.031137390528253473,0.003880818239048841,-0.13749571675605032,0.0886181258915124,-0.04838033612507869,0.08951860322418698,-0.23675063152945677,-0.05473786547028026,-0.12633617289164786,0.10128059033062659,-0.2905720820151567,-0.24442939221764456,0.291316370359155,0.17526476424228418,-0.14997649196343904,-0.18915920917371243,0.3032217963327463,0.31984636103562863,0.18988437233542382,0.14164110001673452,0.2725960044306672,0.10765724485811505,0.10456215285801942,0.3327941094438556,-0.028710086143008552,0.026851755930798714,-0.1775422546996151,-0.21462120185833022,0.3916725768792484,0.25905378160635595,0.10577500816804661,0.24722166883153104,0.01803823442692188,0.2537959502426507,0.3909155384137255,0.006113683271043677,-0.1208584019316434,0.0904350182087673,0.10529369108049311,0.2984452820565946,0.19313724708938632,0.1584871980811067,0.18737100462988787,-0.05987297691431121,-0.0641570177465754,0.11881200742694578,-0.01700866211381077,-0.05584553227772952,0.0021627393636095595,0.09497246770633283,0.09735674043143223,0.11990692411287045,-0.07642741594880827,0.10247591422355744,-0.14765437608077203,-0.16017499541792507,-0.16819800938727697,-0.2828407270756799,-0.12877941492879855,-0.29203037716453234,-0.19009634310577023
#51,0.31732183697375865,0.5852337655093275,0.7011148387508068,0.6763955406449967,0.029825721776410682,0.05231374861541649,0.6553626214249855,0.4514563029428874,0.12425471555275762,1.0,0.33827984922981297,-0.02855230338914168,-0.12512491134681128,0.18101666281506745,-0.2871901122807577,-0.33654423893727736,0.6876204288822128,0.5205253050068134,-0.5013762162420611,-0.4052689877200392,-0.2831068858625059,-0.3239614627576919,0.2754679693040824,-0.01710747555562639,0.3507223740726279,0.07839412219397716,0.009035054865366685,0.17535401509295637,0.33345552199794404,0.19433894604307947,0.28406633250723173,0.4218584895887289,0.4683087760680219,0.3399533026799162,0.043935325008566485,-0.0013467315860354295,0.21689072348970825,-0.02647881487620429,0.18039828192112456,0.09418674146737961,0.2405262612659277,0.12113093577923165,-0.217419853532979,-0.18962618237455076,-0.26807608635019803,-0.34063384041629147,0.1717552932926392,0.11990214281729873,-0.21022400369753524,0.04361019690968929,0.31925348038473494,0.07773430340507934,0.10716158388384639,0.07670154356158707,-0.1822948624979082,-0.2625170333654743,-0.3634565579453179,-0.34262764066970014,-0.12228322801201699,0.027757014559045015,0.21596474591398448,0.1385523830774012,0.20153957717409493,0.12631386017897983,0.16133366271147273,0.10276916701862315,0.22212146084517367,0.18280964865446372,0.18231558144538565,0.3091649467283985,0.3659253002255178,0.29960873064571397,-0.32536875742096916,-0.10153878029149965,-0.32233104096773424,-0.1908039748503853,-0.19067647363513934,0.13674027205571804,0.407554447003323,0.10670895456972325,-0.1620524508124218,0.1274645586465746,-0.23253512260038728,-0.14450509606419687,-0.04981472479659572,0.03619121994756513,0.09091952282670195,0.25297834869988606,0.22495836288439625,-0.01674409709217541,-0.18741244252484282,0.08622269681007898,0.037348293475922195,-0.0873638326865303,-0.13623823602068708,0.4023651475428125,0.23269290535425416,0.45726079576695966,0.3171003036122688,0.4003952537672625,0.1436715568695264,0.3150220338037597,0.5196232339089482,0.4896891360995784,0.5556757962849334,0.4854943461179864,0.423049032186088,0.20460598140076022,-0.04107929778705703,-0.1151399724278622,-0.23521902318131468
#52,0.4477428300488489,0.3285690379236427,0.3365856768322323,0.4076915108097124,-0.015392584210568256,-0.2023412410649539,0.3442660312856107,0.5485150092836822,0.035109053383165056,0.33827984922981297,1.0,-0.1302552414952705,-0.2760560686594044,0.2345687669835603,-0.020658384400226316,-0.175913426674848,0.31291507622182024,0.28031779677900054,-0.20743969590960165,-0.30157065559531115,0.009226306688235623,-0.043039628971463635,0.020213723912056038,-0.05093832925595072,0.13202272709161758,0.07334826160061839,-0.2948624979081832,-0.043473133103299894,0.1336898054809585,0.06660982237486951,0.23622947031213892,0.14505494505494507,0.40586664966650465,0.3276892795384456,0.1832925595072078,0.1536421519017603,0.38533098518595255,0.30908685223406035,0.4020830511040808,0.37747850409199213,0.11911482281315494,0.08641554239813848,0.01494473619201683,-0.03300050203603503,-0.165287794149288,-0.18600036656599384,-0.05057495079249974,-0.025804652200591287,-0.3423057001012041,-0.18698053215819713,-0.011460765485421033,-0.1682282909258979,-0.012950935938608165,0.1641323143861215,0.10163121867255297,0.1717106678673031,-0.2940401150698468,-0.22780642127995282,0.09867797177441848,0.16717959343049987,0.313166891121931,0.18902692666289475,0.18661077863398384,0.12499262883599359,-0.1083967519065416,-0.1453768856234411,0.21920965184199412,0.14247623297659556,0.24159089641323145,0.1370351186159743,0.1784793886316729,0.30838878308058876,-0.17282152220513353,0.06850162165608141,-0.10253647730079928,-0.1347369092111659,0.0658862529783487,0.16276645761779918,0.24221883989831777,0.09182637522013881,-0.3925029285435377,-0.26185402704619526,-0.36570057933364675,-0.39654631083202513,-0.2598044450111165,0.10295563754592035,0.16515232410808917,0.16922917546557867,0.04790220656790635,-0.3144036529098168,-0.14405565428045486,-0.21611137231151734,-0.1950800468566966,0.0035254086015507335,-0.0037437544326594362,0.22016272342595766,0.15105387723226738,0.08582425551243535,0.08307979185426612,0.1272525878762282,-0.1213333439584346,0.11443871574400943,0.32670433265067056,0.3328164221565237,0.32590745005538335,0.2097028424802174,0.1813625098614221,0.24136139422578873,0.004582074922901609,0.1330267991616795,-0.008335391946704492
#53,-0.17239279936886898,0.016803066404226664,-0.01326650144634191,0.01493039230530166,0.3372343392647961,0.4081154523504052,0.05089529759580521,-0.19902302193817784,0.29823809258181994,-0.02855230338914168,-0.1302552414952705,1.0,0.4419000868602029,0.2869016407812637,-0.09527847062292312,-0.19115779072269282,-0.038097363115492194,-0.0720796245089211,-0.1920407366382711,-0.16890245360151088,-0.2207476352508985,-0.1919020790666911,-0.1828941182095642,-0.02315422068866594,0.06823705663444604,-0.004990078811688674,-0.3609240650574951,-0.32584210568256977,0.11940170054745834,0.044019794563666934,0.03398226139342891,0.1546223174939636,-0.11421080732175729,0.03451457896708078,0.3627967391564201,0.25835889998326544,0.2733928870259545,0.2888125652447625,-0.20370709783327623,-0.08880778394919077,0.25667269641163765,0.2642271434149607,0.10358198726581613,0.1984333288176653,-0.22814270573516404,-0.053961701822470495,-0.20526101889408632,-0.040540605152642864,0.010279785479205349,-0.1586497621305453,-0.30930679183035964,-0.24768386073679766,-0.257941333503335,-0.24121476782825585,-0.09025014144666066,0.0969837993768378,-0.18961980731378847,-0.13227135446134722,-0.07801161854823929,-0.04706388607766418,-0.22102654415924902,-0.1749523862649316,0.37409972188797425,0.11096112009817594,-0.32194853732199635,-0.30081521089497887,0.32936113922335825,0.30205197268286466,-0.05331463315509726,-0.12946632772593614,-0.014205229143590275,-0.053787981416697876,0.10897210114033899,0.5094056052721753,0.11219310059049001,0.08506402951653133,-0.08166452836503597,-0.10599016646877416,0.2174373849500753,0.12249998007793511,0.2029341217158476,0.15170094589964062,0.03399819904533465,0.43308019029556377,0.6320761182255018,0.2953438149957367,0.1668417152100981,-0.05709185665675876,0.30898803879224473,0.30057614611639266,0.15611726924272246,0.28014088884284677,0.19604586856218473,0.111743658806748,0.1415247551578226,0.08456996230745324,0.026893193825753652,-0.16186757405031515,-0.11548581947421686,0.12001370638063893,-0.00901911721346094,0.09646741945509169,-0.2103706300950681,-0.08056801791392074,-0.1917889217381603,-0.14056690227828733,-0.1627393636095594,-0.2281395182047829,0.1260030759668178,-0.12302751635601526,0.047396983002494245
#54,-0.3514937564248659,0.20317956155519606,-0.015057893520547618,-0.09897122456948418,0.1164882977790882,0.7674170644438955,-0.01106073042258684,-0.48304632278526405,0.3644685988413327,-0.12512491134681128,-0.2760560686594044,0.4419000868602029,1.0,-0.1670281857373953,0.14028002454398394,0.1570958410697352,-0.00610730821028138,-0.010885416251623647,0.080327359370144,0.04593550032273745,0.018658209086055352,0.08127883718891696,0.12738646415223645,0.14006167871287523,0.1329646423192471,0.036530691933157486,-0.06899409509996893,-0.009611997864354644,0.22895552598235702,0.17485516658830655,0.13681199148929388,0.09394927045398402,-0.14166022519902144,-0.08885081560933628,0.21119141916821393,0.2642861127270119,0.04539362015794213,0.10615113675302218,-0.43532739921427377,-0.35563595215516897,0.16704252962411048,0.03674744399907562,-0.027307572775303015,0.1796651499334603,0.008706739236108344,0.12494003458470464,-0.16012240116663612,-0.002768370136027859,-0.049138968355792144,-0.18008271641339083,-0.09385683207293069,0.10563635059646662,0.03432970220497414,0.03433607726573644,0.2138115691415184,0.11301388966363586,-0.1276207476352509,-0.1146969057048825,-0.15425256396975034,-0.3018814398074732,-0.4390520284646463,-0.2810971479571915,0.05875893504609966,-0.060239542908143345,0.016581533042736813,-0.02987512849731849,-0.09541394066412195,0.051027580106622894,0.18045406370279465,0.0016877973368183666,0.20913705583756345,0.05971997545601607,0.09644670050761421,0.28573819219214436,-0.13280367203499907,-0.11205763054929117,-0.2075847285419439,-0.10431671301867096,0.3058084772370487,0.24395604395604395,0.44725832543091426,0.030490321860880236,0.5468909625544869,0.7025125708229406,0.39338587445911594,0.07779964777789289,0.15744646941166157,-0.16014790140968532,-0.00628580991162572,0.21454788865956378,0.08280725800667788,0.4317701153089115,0.32315501757126125,0.20293571548103817,0.10145909203197093,-0.035187147877503204,-0.061568743077082454,-0.08099674075018527,0.03721122966953279,0.1121245686872953,0.2357991537106838,0.10089011785893584,-0.2884428117205492,-0.2718294033740009,-0.26134880348078315,-0.21733697774306912,-0.12018902055160213,-0.45405254643833326,-0.13579038800213564,-0.2540318274908558,-0.07307891528341129
#58,0.050508012654495615,0.0017324227621544517,-0.022304743842089744,0.179733681836655,0.22520539648893528,-0.10327279681884469,0.4123915243567165,0.2921578783797783,0.19622437026352907,0.18101666281506745,0.2345687669835603,0.2869016407812637,-0.1670281857373953,1.0,-0.07519065416092247,-0.021925427726733022,0.09676385978053853,-0.15264126736207956,-0.22701910127580904,0.027752233263473293,-0.09602116520173083,-0.12282351441162173,-0.40893783518874166,-0.17574608132983768,-0.11863509949079203,-0.10324729657579548,-0.394692761915387,-0.36748719011228076,-0.11316210982635928,-0.1570384655228745,-0.058840217070818955,0.11127987313629083,-0.08673748296663453,-0.03442054682083689,0.16734853254070078,0.15102837698921817,0.13461259552630112,0.2511566750870594,0.01971965670297795,0.07013363721122967,0.04756273458231399,0.26991847891050214,0.032697686649825884,0.08996326371235726,-0.2791655045462152,-0.07453561666759637,-0.22360525623759853,-0.14948879981512322,-0.09888356748400258,0.010407286694451307,-0.2140410713289611,-0.2771860481795217,-0.390295563754592,-0.3613496003633785,-0.3001251105674601,0.03164261409366558,-0.0886181258915124,0.18834638892651945,0.06360398122544605,0.17503048075926975,0.25027372917148116,0.14067368454605583,0.6106463514730375,0.5756201738797823,-0.4022280837364231,-0.4384256787447505,0.7174923698491501,0.6363123461020488,0.022491214369386957,0.1617831044952147,0.019361059535098694,0.06741945509168135,0.3926017419853533,0.4036831913554176,0.46033995011514955,0.40529608172827897,0.2621950927969782,0.12311676720668743,0.17193698252436468,0.022722310322020257,-0.549013857788332,-0.039174748384320536,-0.46911681501964314,-0.28391970610969886,0.3445529090199141,0.5056331630660855,0.21021922240196353,0.12119468638685463,0.24680888364717227,-0.19593908629441625,0.021141295252970378,-0.1357234498641315,-0.11631935866888732,-0.10414777390847006,-0.056659946290113075,0.003662472407940138,-0.15428443927356184,-0.17118950664998525,-0.32609392058268055,-0.041326331391596076,-0.343512180350469,-0.007265975503829021,-0.09075855254245392,0.22096119978643547,-0.15192885432189276,-0.14764800102000972,-0.3147670313732678,0.20539967646566631,0.2900349831459331,0.0080851708117843,-0.000900477332674577
#101,-0.07957988349576457,-0.034874769900150614,-0.3082708444564862,-0.2787272191188072,-0.0170819753125772,-0.16159982149829866,-0.05778514451465865,-0.08809855843938512,-0.1537489341695288,-0.2871901122807577,-0.020658384400226316,-0.09527847062292312,0.14028002454398394,-0.07519065416092247,1.0,0.35846169783805754,0.01358684824964738,-0.39488401373825593,0.5799376837810485,0.21576711903035325,0.782804867358892,0.37533807744105063,0.1698953693152388,-0.05964506849205906,-0.13098518595255362,-0.1813752599829467,0.0180557658440182,-0.21479970355967457,-0.15023627568950265,-0.23331925507414994,0.011365139573986565,-0.25843380694722246,-0.23398704268900064,-0.33253591948298256,-0.012702308568878547,-0.037831204328666254,-0.16145478886595638,0.058865717313868145,-0.024386201180980005,-0.003901537186526309,-0.12474081393588282,-0.04710054267704739,0.2797631664926806,0.09216744097092175,0.05301181776888811,0.16551092127596842,-0.41297006112089507,-0.3832096837172979,0.013097562336141016,0.001992206488218091,-0.11074596179744838,0.014144666066348444,0.19666265569093705,-0.018478113619520436,0.5216026902756417,0.27349488799815125,0.29590800787320004,0.22934281092366662,-0.13730765246356255,-0.13914207619791377,-0.25084270334451625,-0.244652519344325,0.03487795743053176,0.14413693630517416,-0.21207755261417335,-0.23305309628732399,-6.056307724182996e-05,0.10567619472623098,0.4252978348699886,0.16663293197013285,0.08059033062658878,0.21553602307771996,0.3548852887504084,-0.007103411454390425,0.2478129557172342,0.09938560351903354,0.03692116440484823,-0.11244332172541019,0.011703017794388353,-0.05966897496991768,-0.12424834049199532,-0.30795527894875246,-0.0494911904629091,-0.06152571141693694,-0.10518053375196232,-0.027632700874180207,-0.12427702826542565,-0.17046274972308328,-0.17832798093856833,-0.1754321095872945,-0.09927882125126505,-0.39087569428396113,-0.3791838328459068,-0.302840886452199,-0.18372128234347235,-0.31061049175624955,-0.3944823849102312,-0.4086063320291021,-0.35588936082047035,-0.23993178684984343,-0.1370048370773534,-0.12088868347026432,-0.2756161894668059,-0.26662576002677524,-0.365909362573612,-0.36199348150037053,-0.2395269704914375,-0.19201045509965017,-0.12445074867119828,-0.10253328977041812,-0.018662990381627075
#102,-0.1646120377084844,-0.20568655419996973,-0.30052833316067545,-0.2613934289061193,0.09470790268469746,0.027927547434436484,-0.13853644542549545,-0.18301524436404784,0.0005434739299858952,-0.33654423893727736,-0.175913426674848,-0.19115779072269282,0.1570958410697352,-0.021925427726733022,0.35846169783805754,1.0,-0.34111515750384497,-0.2993011339639331,0.5538334037246293,0.6730677589270773,0.35418403206655563,0.786924750376527,-0.05528452693064731,0.20517654933898588,-0.30365370669939196,0.17856226442158277,0.03364597693821769,0.02333272239001028,-0.25311381874108485,-0.14100200017531417,-0.11775534110559491,-0.12380846129939677,-0.4455259026687598,-0.21105913665739626,-0.038935683605734364,-0.05287953525807043,-0.30524269059439474,-0.058094334961630106,-0.23234387077751834,-0.029157934161559977,-0.32361083441576555,-0.10956179426085155,0.11149025014144666,0.2858625058770091,-0.11834025293053574,0.2672584848074333,-0.16949055295683288,-0.1815744806317685,-0.08102542852361562,-0.13871654089203037,-0.29913538238411336,0.08284072707567994,-0.2115802978747141,0.10994270414139885,-0.008655738750009962,0.24625425336085235,-0.008813521503876834,0.3267648957279124,-0.1390018248611432,-0.3375833738415319,-0.22146801711703815,-0.21589780777598036,0.09785558893608205,0.15999330618619959,0.08257138075847285,0.1201029572313111,-0.08347504562152858,0.011725330507056396,0.19056331630660855,0.11858888030026536,0.009481309118727538,-0.18913849022623497,0.27663938671915467,-0.03650997298568002,0.18895361346412834,0.17514682561818168,-0.09222322275259186,-0.17331718317940217,-0.20450876172413518,0.15333296145478886,0.005135111444030951,-0.09886125477133453,0.09304879312130944,0.039662440532636324,0.1218831929491828,-0.09240969327988907,-0.20811385858521464,-0.2709368948672792,-0.17411725330507055,-0.1137231151734415,0.13840416291467778,-0.24966969216425344,-0.26535871670026856,-0.05647188199762529,-0.2541561411757206,-0.4484584306194168,-0.031277641865024026,-0.3579293802644056,-0.2820932512013005,-0.4704364525974388,-0.3832192463084414,-0.31209269338348383,-0.417719481388807,-0.3473977798850895,-0.45377363752998273,-0.3943740088772721,-0.42078588561547225,-0.1704882499661325,0.0010104471308242156,-0.1097705775008168,-0.10830271976029772
#201,0.17957430531759755,0.5563372088390217,0.672218282080501,0.6035668464965057,0.05811186637872642,0.07291316370359155,0.5701280590330626,0.2884826558503136,0.133058674465491,0.6876204288822128,0.31291507622182024,-0.038097363115492194,-0.00610730821028138,0.09676385978053853,0.01358684824964738,-0.34111515750384497,1.0,0.47421845739467205,-0.412936592051893,-0.47127796061806215,-0.09359067328610476,-0.2853222194774044,0.3990437408856553,-0.05323653866075911,0.4726964116376734,-0.012125365569890589,-0.04390185593956442,0.12471531369283363,0.4289523384519759,0.06887775024105698,0.35004980516220546,0.3701360278590155,0.5462167998788738,0.34337033524850785,0.13434006167871287,0.16313780490720303,0.3312911888691439,0.12924798189482745,0.2988692235972874,0.03332244260453107,0.31838806588625296,0.10269904135023787,-0.12735937014399668,-0.2083911737283746,-0.14891185681613528,-0.29858075209779344,-0.05348994732606045,-0.08265106901800158,-0.350253807106599,-0.023305628381770513,0.3007833355911674,0.10021117388775112,0.3111587469818072,0.07652782315581445,0.19122313509550637,-0.1318856632852282,-0.19161520133238769,-0.29420746041485707,-0.10109411980332937,0.08617807138474289,-0.00040481635840591606,0.002371522603574815,0.06451880244483581,0.1306297763150555,0.028255863063694826,0.002076676043318538,0.14897241989337712,0.19117691590497973,0.2943795870554391,0.271948935763294,0.3746814461825339,0.4280821426579222,-0.27911291029492624,0.01871080333734431,-0.34797153535369635,-0.25680497892245535,-0.10211253576010647,0.14697702587477787,0.5973129118886914,0.08637251073799297,-0.20584752448421775,-0.14682083688610156,-0.21078341527942687,-0.15586067304704,-0.16443034847675891,0.07956713337423997,0.1819745156946027,0.1590258907155209,0.1859445847843237,-0.07882922009100399,-0.2930376367649754,0.15093434484297427,0.11156196957502251,-0.030942951175003387,-0.04152077074484616,0.48378742359888116,0.13118918789694714,0.4883918112344508,0.31007498665221656,0.4710452709002383,0.2781566511805816,0.5274454334642877,0.5438277458582027,0.45271537744344126,0.5025364773007993,0.38782363394401104,0.41638709368948673,-0.059484098207811045,-0.14794444134545656,-0.1390576066428133,-0.1797145566543681
