,#10,#11,#12,#13,#17,#18,#26,#49,#50,#51,#52,#53,#54,#58,#101,#102,#201,#202,#301,#302,#401,#402,#501,#502,#601,#602,#701,#702,#801,#802,#901,#902,#1001,#1002,#1101,#1102,#1201,#1202,#1301,#1302,#1401,#1402,#1501,#1502,#1601,#1602,#1701,#1702,#1801,#1802,#1901,#1902,#2001,#2002,#2101,#2102,#2201,#2202,#2301,#2302,#2401,#2402,#2501,#2502,#2601,#2602,#2701,#2702,#2801,#2802,#2901,#2902,#3001,#3002,#3101,#3102,#3201,#3202,#3301,#3302,#3401,#3402,#3455,#3501,#3502,#3601,#3602,#3701,#3702,#3801,#3802,#3901,#3902,#4001,#4002,#4101,#4102,#4201,#4202,#4301,#4302,#4401,#4402,#4501,#4502,#4601,#4602,#4701,#4702,#4801,#4802
#10,1.0,0.12752990301938816,0.1631585238546805,0.1786292025595869,-0.0005514427559387675,-0.1847715736040609,0.33092462287531177,0.5570273091665405,-0.30010917291555433,0.38324634031668114,0.4757707846902916,-0.16432356620899044,-0.2659484098207811,-0.01898174341974197,-0.17316736925148818,0.013403565252731314,0.10675676752544047,0.3386480089888357,-0.04334244435767278,-0.13068237056634446,-0.15579532867422644,-0.014364605662647722,0.06363745029444812,0.10841428332363792,0.07724979878714469,0.12201547546000048,0.13527878937596124,0.18312362039700691,-0.22184414570201372,-0.1288559156579461,0.14402059144626222,0.17534126497143177,0.3609352214138291,0.1889424571077943,0.014914454653395914,0.11862075560407685,-0.00886930328554694,-0.036583286184446444,0.3360294527807218,0.12344348907075521,-0.09424889830981202,0.09020232849094342,0.10317238961183849,0.12018742678641156,-0.016932161384663198,0.062242905752695456,0.08079273880579174,-0.027710795368518355,0.03861693056761947,-0.10160571842950378,0.035687590147343594,0.07635569651523241,0.09276829044776833,-0.00548414602076676,-0.11941604443417352,-0.07749205109611201,-0.22639753285148498,-0.14481428651116832,0.2116057981177633,0.17094725434101793,0.06642494561276287,0.04402138832885751,-0.14679214911267122,-0.10851309676545355,0.2215142363075648,0.02889496290511519,-0.053926638988277854,-0.1078548717417463,-0.019977846663851016,-0.06643132067352517,0.0713433049908757,-0.04982588115292974,-0.031087983807345662,-0.0571205444301891,-0.2752257169951151,-0.1697646805696117,-0.11495350190056498,0.06354182438301365,-0.10191650264166581,0.019716469172596802,-0.2970794252882723,-0.05031676083162668,-0.1254038202551618,-0.33472097155926017,-0.20866689510634398,-0.09465212090302735,-0.09904931906382233,0.05775167544565659,0.081226242937628,-0.18225661213333438,0.012520619337153057,-0.11116034074699775,0.17948824199730654,0.0813266501446342,0.15631808365673486,0.17330762058825874,0.27329726111452,0.22598634143231677,0.3274645586465746,0.13051343145614355,0.1327717967311876,0.3257608236578505,0.3421048856871917,0.1398895520722932,0.42112854513144576,0.27749364486130257,0.2986445027054164,-0.014825203802723745,0.04813330252053965,-0.0022025834933739213,0.056599383212871245
#11,0.12752990301938816,1.0,0.23169520834495455,0.12805425176708715,0.11477340643403007,-0.015811744455689343,0.21286327885312656,-0.009320338834479516,0.23697694618651835,0.2897799807154412,0.10138099753763279,-0.10442190152124887,-0.11501725250818796,-0.053996764656663136,-0.14870626110655116,-0.05693088637251074,0.02454079640446573,0.1156021643331288,-0.0023587724820502195,-0.06814143072301158,-0.20446573006398966,-0.10955063790451752,0.033279410944385565,0.012989186303181952,0.3013124656344381,0.028027954641442678,0.09478599717903562,0.16220067097514523,-0.1558287977432285,-0.10849237781797608,-0.20507454836678912,0.10533991027101977,0.09690251735211851,0.14772768927953844,0.1008423049032186,0.22225214959080078,0.23443489070755205,-0.08445521121373188,0.001628828024767111,0.09754321095872945,0.14402059144626222,0.1283315669102471,0.0009196025149614708,0.028917275617783234,-0.06387970260341544,-0.12239160404497605,-0.1332148634541673,0.025935340946218393,-0.27324307309804047,-0.26628310051080173,0.11331511128465444,0.13082262190311503,-0.14069599725872386,-0.0675342061854027,-0.12113731083999395,-0.08346867056076628,-0.33548597885073594,-0.1464494895966977,-0.11727721154842258,-0.11463793639283125,-0.020761979137613656,-0.0710373020742854,-0.04233040346165799,-0.1777175688705783,0.28104295994071193,0.1252922566918216,-0.18564176939811458,0.005197268286463355,0.2205356644805521,0.07810565069448318,0.22919299699575263,0.32849891225525746,0.024126417454916366,0.0913960586186837,-0.2031540613121469,-0.05549649770099371,-0.09868275306999019,0.053290726677238644,-0.14890707552056356,-0.2181115476256883,0.2156029612157241,0.15289148849699974,0.05332897704181243,0.06053757699878077,-0.06748958076006661,-0.03314394090318673,0.02469061033237973,0.1022225055582561,0.11540772497987871,-0.1531735849357314,0.1768298416594283,0.05562878021181139,-0.03436635880435735,-0.1197284224115261,0.05011913394799544,0.28241519176979657,0.25521918255783377,0.31598626174405725,0.42766138864761055,0.3461275490282017,0.39324881065272654,-0.055270183043932136,0.08327263744232562,0.017250914422778093,0.14124584624947206,0.2590553753715465,0.1853899544980038,-0.06410442349528644,0.00024862736972961776,-0.09269338348381133,-0.16623289690729864
#12,0.1631585238546805,0.23169520834495455,1.0,0.2596179744838193,0.10179537648718215,0.07567994007442884,0.20688665938847228,0.03953175178700922,0.021310234363171275,0.37423041063360135,0.19795041796492122,-0.033676258476838604,0.11203053654105141,-0.10636310752336858,-0.05110408083577046,-0.13741284096614045,0.3448796308839819,0.2974922104726311,-0.22819689375164356,-0.26438014487325584,0.005613241001203292,-0.13482456629664752,0.05578337543529712,-0.1551291348245663,0.26073042258684026,-0.03894365243168724,0.03775948489509041,-0.15120050362980023,-0.001136354580879599,0.03322522292790603,0.046324379029237625,0.05028966682338691,0.2966028894962905,0.205981400760226,0.14566216959255393,0.23352963207930574,0.1276589979998247,-0.11899529042386185,0.21499892420849637,0.2549099921108623,-0.06429726908334595,0.0855963470901832,-0.03869980635752934,-0.23258931061686683,0.05283012853716262,-0.038097363115492194,-0.09442102495039406,-0.07406704970156747,-0.1371482759445051,-0.1903991584919794,0.09649291969814087,0.19441385300703648,0.15593079871542526,-0.09498521782785742,0.03897234020511758,-0.10114352652423718,-0.19230052036433473,-0.2768370136027859,0.11812509462980819,0.1801448732558232,0.15976380399875686,0.28097920933308895,-0.14783287778211637,-0.013849819506092167,0.1002063925921794,-0.065368279291412,-0.13489150443465164,0.15937173776187555,0.03875718190439002,-0.030107818215142364,0.21507383117245335,0.11399086772545801,-0.10664839149248141,-0.12251591772984086,-0.31176756528460664,-0.10836806413311127,-0.21679828510865495,-0.06598187888978317,0.012262429376279993,0.10685717473244667,-0.13511144403095093,0.09491349839428156,0.11132131103124576,-0.11376774059877758,-0.010662289124943223,0.03378941580536939,0.3125771980014185,0.23272478065806565,0.11047342794986015,-0.20170692251910527,0.1887623616412594,0.18526245328275784,0.04423814039477564,0.10509765796205245,0.19841898493095012,0.3347241590896413,0.20163839061591055,0.4751954354564942,0.31008136171297884,0.4375777956633649,0.3969830024942425,0.11921363625497056,0.09978563858186773,0.3302504601996988,0.2785343735307477,0.4043398226139343,0.3821179545617544,0.03056363505964666,-0.005245081242180589,0.14536254173672594,0.003742160667468862
#13,0.1786292025595869,0.12805425176708715,0.2596179744838193,1.0,-0.03962100263768139,0.005465020838479866,0.2212209835124991,0.07837659077688085,-0.18892811322107914,0.25922272071655683,0.19716947302153973,0.15815888245184836,0.031081608746583365,-0.04409310776243336,-0.14562232546278955,0.10903903927834312,0.2075847285419439,0.06797886667357299,-0.1870140012271992,-0.06666719792173019,-0.08997442006869127,0.04371538541226721,0.05800349034576736,0.028757899098725784,0.04549083983456717,-0.05479842854752209,0.028821649706348762,-0.045769748742917706,-0.050385292734821376,0.025508211875144435,0.11805815649180407,0.10783255902907825,0.2435846966666401,0.1530811465546781,-0.0026520252771159224,-0.02819689375164357,-0.034034855644717865,-0.03452254779303365,0.3446772227047789,0.23551705727195213,-0.058841810836009534,0.028083736423112782,0.24534740096741547,0.007207006191777766,0.24987688163902813,0.11581572886866578,0.10521878411653611,0.20450557419375404,-0.044721051247519704,-0.008011857613017873,0.1903848146052642,0.07042848377148594,0.07797814947923723,0.05139255233526444,-0.017209476527823155,0.050844297109706824,-0.06450764608850178,-0.04275912629792253,0.4239670409358589,0.2592800962634175,-0.12071974436006343,-0.1614850704045773,-0.11781112288726502,-0.12289204631481644,-0.13430340507932967,-0.07418180079528883,-0.15634836519535578,0.04865286997266693,-0.24175346046267004,-0.2220338037596921,-0.09203037716453234,0.00985584393851254,-0.09710811306170263,-0.04312091099618293,-0.22870371108224624,-0.2606682657444079,-0.15920917371243695,-0.13859222720716557,-0.1393763596809282,0.07935038130832185,-0.08338738853604698,0.17567117436588067,-0.059214751890603955,-0.05716198232514404,-0.019190526659707226,0.015013268095211533,-0.026794380383938034,0.23975328514849908,0.16778841173329934,0.11348086286447417,0.07467586800436692,0.18790172843834918,0.1369602116520173,0.14983145933109676,0.28457155607264384,0.01810836009530716,0.09281132210791385,0.20809473340292775,0.25043788698611036,0.19475332499262885,0.24672760162245297,0.03057797894636183,0.06958060069010033,0.1694634589485931,0.25272334626939413,0.302915793416156,0.2616898692315661,-0.17171385539768427,0.03372247766736527,0.06690307516993521,0.20121444907521774
#17,-0.0005514427559387675,0.11477340643403007,0.10179537648718215,-0.03962100263768139,1.0,0.29177856226442156,0.010568256978699328,-0.1057001012040896,0.29439711847253547,-0.06741626756130019,0.23961303381172852,0.22850289666823387,0.2803082341878571,0.25955741140657745,-0.15695080843739292,-0.08325032472965758,0.08798221358047319,-0.26766330116583925,0.025895496816454033,0.23542621265608937,-0.12457187482568194,0.04519918080469205,-0.09680211014511232,-0.0016925786323900899,-0.22881208711520531,0.08352763987281754,-0.3384360382184893,-0.1515192566679151,0.060843579915371065,0.17060459482504442,-0.05476495947852003,-0.2443401413669724,-0.224236387253066,-0.1587374192160269,0.2581182414394887,0.017598355234323328,0.0017021412235335368,0.20228067798771207,-0.16342787017188756,-0.07212903122982892,0.04654272486034632,-0.08945166508618285,-0.06862434157575564,0.12435034146419208,0.08097602180270781,0.21022400369753524,-0.2647610547538031,-0.1991887735179976,-0.34186263337822437,-0.19592474240770108,-0.21793463968953455,-0.07626485189936967,-0.39708659723162987,0.07582019141119939,-0.3496210823259409,0.09236984915012471,-0.19950433902573134,0.23676497541617195,-0.0027667763708372844,0.16532604451386176,0.21090932272948226,0.13734909035851747,0.19758703950147025,0.05922590824693798,-0.18071703495923946,-0.14259895289626978,0.22925356007299444,0.05157264780179936,-0.01629465530843341,0.024730454462144093,-0.10992357895911195,-0.20534708221437736,0.13454406362310642,-0.053501103682394476,0.17173935564073345,0.03947118870976739,0.14230570010120408,-0.09653276382790524,0.036387253066005786,0.03494489556853589,0.2240371666042442,0.20549689614229136,-0.004131039373969033,0.36186598028512457,0.38793997880292297,0.3979265114870626,0.30141446660663485,0.19166779558367666,0.31762943365553953,0.05797480257233702,0.04249615504147774,0.21572408737020773,0.046265409717186366,0.1756201738797823,-0.11408489987170191,-0.17330602682306817,-0.048232115962355264,-0.0730597901011244,-0.10113715146347489,0.11807728167409096,-0.1432045836686881,-0.022852999067647362,-0.15981002318928353,-0.15190016654846242,-0.3559977368534294,-0.28328379379865964,-0.30048370773533933,0.023340691215963154,0.15376168429105339,0.14144187936791272,0.06791192853556885
#18,-0.1847715736040609,-0.015811744455689343,0.07567994007442884,0.005465020838479866,0.29177856226442156,1.0,0.05970244403891974,-0.2865047932488107,0.23279490632645092,-0.12465156308521065,0.09138649602754026,0.4736590458127804,0.8027524324841221,0.23612746933994214,-0.08926838208926678,-0.14008717895592443,0.062118592067830644,0.020124473061383867,-0.023080907489899515,-0.10311342029978723,-0.13928551506506545,-0.12572576082365786,-0.05054785678425997,-0.10302257568392449,0.10229103746145081,-0.1646933197332037,0.023466598666018537,-0.02786857812238523,0.7247647204137414,0.6551490568894485,0.24539999521870443,-0.2036720349990836,-0.2324283403326188,-0.15246276566073522,0.022483245543434085,-0.16847532453043693,0.05464383332403637,-0.018631115077815584,-0.08467036951445943,-0.030139693518953854,-0.1580393500625553,-0.28021101451123204,0.023584537290121048,-0.11786371713855398,0.0004765357919817673,-0.05131286407573572,-0.2511072683661516,-0.10861669150284088,-0.23467714301651937,-0.11896500888524093,-0.2713640239383532,-0.061836495629098966,-0.02996756687837181,-0.010279785479205349,-0.11338364318784913,-0.18398265983472656,-0.09335957733347146,-0.1302169911306967,0.07171943357585127,0.14743762401485389,-0.10030520603399501,-0.005676991608826272,-0.016457219357872005,-0.10530962873239885,0.08547362717050896,0.009940313493612987,0.440682450254604,0.2081600777757413,0.05656750790905976,-0.12164890946616835,0.16078221995553396,0.03965287794149288,0.08812405868243432,0.08219365840830671,-0.06423670600610412,-0.004841858648965248,-0.0360302496633171,0.013862569627616764,0.3111842472248564,0.1744471626995195,-0.15665755564232722,-0.04363888468311963,0.2170373498872411,0.4366502243224506,0.4485747754783288,0.5676433791009571,0.22220593040027412,-0.09463777701631218,0.09954976133366271,0.23125851668273714,0.09758146132330324,0.30318992102893483,0.01644128170596626,0.29041908055686155,-0.02187920853620636,-0.07391404824327232,-0.15964745913984493,-0.05746001641578146,-0.09294838591430325,-0.11266007379132832,-0.20516379921746128,0.1101212058427432,-0.09599566495868164,-0.20871789559244236,-0.2727745061320116,-0.28708492377817973,-0.11783343559993306,-0.2843739291890126,0.028690960960721656,-0.07952569547928504,-0.02105841946306051
#26,0.33092462287531177,0.21286327885312656,0.20688665938847228,0.2212209835124991,0.010568256978699328,0.05970244403891974,1.0,0.3396249870506578,-0.22533927276494353,0.43976444150483307,0.250195634677143,0.06995991680545705,-0.06653013411534078,0.030037692546757085,0.015355927611185044,0.12223222752591861,0.18306943238052736,0.28216656440006693,0.027068507996716843,0.014860266636916383,4.781295571723418e-06,-0.04900668584497446,-0.1370048370773534,-0.10570488249966133,0.11113324673875798,-0.16926742583015245,-0.006379842057869614,-0.019031150140649777,-0.07491652654814367,-0.1422180430157225,0.1054945054945055,0.07297691431121453,0.16413868944688378,0.17084844089920231,0.20789551275410595,0.012370805409239056,0.2006120058331806,-0.07029141996509654,0.18837188916956865,0.15846010407286695,-0.1589748902294225,-0.08206775095825132,0.13874682243065128,0.22249918319533982,0.07345026257281514,0.003085529408952179,-0.021316609423933573,0.00510642367060061,-0.14034696268198807,-0.29218815991839925,0.003651316051606117,0.09670170293810613,-0.10104949437799329,-0.11078421216202217,-0.10686514355839954,-0.10008048514212402,-0.30017132975798677,-0.23825036457378734,0.14863294790778475,0.08021738957199435,-0.10470559172517113,-0.2748910263050945,0.047803393126090735,-0.1432922407541697,0.14224673078915284,0.06522324665906971,0.16166197834073107,0.21016184685510284,0.12863597606164684,0.2275896692140347,0.31700308393564375,0.23210002470336044,0.1877758209882938,0.05567978069790978,-0.0723792523647491,-0.06567906350357401,0.023152626923475365,-0.14796675405812462,-0.1286933516085075,-0.082874196144682,-0.07755420793854441,-0.011457577955039884,-0.08417789607057193,-0.08337145088414125,-0.1288128839978006,-0.03660241136673334,-0.07466311788284231,-0.11429527687685773,-0.061108144937006434,0.2122321478376591,0.08681238993059152,0.1877566958060069,0.012890372861366335,0.05344532190072437,0.289593510188144,0.12152459578130353,-0.04786873749890429,0.16304855405653085,0.2966220146785774,0.060378200479723323,0.07035517057271952,0.09943819777032249,0.2950362183139558,0.2381037381762545,0.28315151128784194,0.13231597988668328,0.20550327120305364,-0.06716923395676115,-0.11409286869765478,-0.18172748209006367,-0.11056427256572289
#49,0.5570273091665405,-0.009320338834479516,0.03953175178700922,0.07837659077688085,-0.1057001012040896,-0.2865047932488107,0.3396249870506578,1.0,-0.09668735905139096,0.33065687032329527,0.4070173481340994,0.013990070842862721,-0.2025978372606364,0.1626899568886516,-0.08378264230330945,-0.1793033652351999,0.05692769884212959,0.5268477715178222,-0.08067480018168924,-0.1252970379873933,0.08597088190996821,-0.13282917227804827,-0.052713783678250685,0.011025667588394203,-0.04438795432268964,-0.034586298400656634,0.07925794292726852,0.15682968228290925,-0.3170445218305987,-0.2739618611989896,0.2182422363713154,0.05737076556510929,0.44357672784068725,0.26023476161257164,-0.15621767644972867,-0.010638382647084605,-0.19346715648383522,-0.16128425599056492,0.22076994796356653,-0.03480305046657476,-0.0918646255847126,-0.10885735004661763,-0.2207779167895194,-0.13287061017300322,-0.1306552765581047,-0.04845683685422627,0.2161767166843309,0.16378646733976684,0.18210361067503925,0.0253169600522755,0.011314139087888182,-0.03398704268900063,0.17602817776856935,-0.012284742088948036,0.0312792356302146,-0.15435137741156596,0.0311294217023006,-0.19559323924806157,-0.031052920973153025,0.029345998454047766,0.08507996716843708,0.05069129565141168,-0.01100335487572616,-0.07874793806628469,0.20043191036664568,-0.07405748711042402,0.08410617663699607,0.0026472439815441993,-0.12635848560431592,-0.11040489604666545,0.15381587230753294,-0.18188367107873996,0.21400760225995905,0.032756655961877136,-0.02785423423567006,-0.11228872650192447,0.02347616125716198,0.006972722708763318,0.0042091338683071826,-0.11285291937938784,-0.3563069273004008,-0.23274390584035254,-0.28603782004797235,-0.5589972029420905,-0.22352875550845094,-0.15989927403995569,-0.10114671405461834,-0.038269489756074235,0.08588322482448661,-0.18734231685645752,-0.16339918239845724,-0.38206695407565605,-0.10783096526388768,-0.0028608085170811785,-0.0031062483564296473,0.05209380901911721,0.12859294440150132,0.09067727051773462,0.16484791495668943,-0.054682083688610154,-0.10555825610212848,0.5371371195881711,0.45698188685860913,0.2664663835077178,0.44452979942465076,0.14920032831562927,0.36685924662719444,0.11993879941668194,0.09691207994326195,-0.009954657380328157,0.034205388520109334
#50,-0.30010917291555433,0.23697694618651835,0.021310234363171275,-0.18892811322107914,0.29439711847253547,0.23279490632645092,-0.22533927276494353,-0.09668735905139096,1.0,-0.11387133533616492,-0.07659954258939031,0.3202575524547968,0.3419949158890421,0.08552462765660736,-0.1273705265003307,-0.17953127365745206,0.1060873861453992,-0.09309182478145495,0.007149630644917085,0.03432970220497414,-0.021389922622699998,-0.12262429376279993,-0.029342810923666616,-0.01069735195913586,0.07457864832774187,0.07271075552438859,-0.13971264413613943,-0.09689932982173736,0.16598745706795018,0.19317390368876952,-0.12645251775055982,-0.15304608372048545,-0.11865263090788834,-0.15459362972053328,-0.060821267202703026,0.0060435576026584,-0.02670672329845644,-0.01422116679549602,-0.29374208097920934,-0.3066930169178175,-0.023971822231430642,-0.13850457012168396,-0.21639984381101132,-0.22414713640239384,-0.11688673907673182,-0.21935787200471754,-0.1658296743140833,0.024035572839053623,-0.1474439990756162,-0.11565316481922719,-0.21744535377602817,-0.2915968730326961,-0.1902238443210162,-0.02263146570615751,-0.09111236841476145,-0.06435623839539721,-0.018149797990262093,0.0328650319948362,-0.14249535815888245,-0.1923021141295253,-0.05906175043230881,0.048273553857310206,0.17647124449154905,0.15587661069894573,0.013674505335128975,-0.08243272318689288,0.03666616197435632,0.10128696539138889,0.09274279020471914,0.015572679677103173,0.15382065360310465,-0.04809983345153759,0.12075161966387492,0.08287578990987259,0.03593621751707321,0.03584856043159161,0.09535815888245185,0.027822358931858568,0.09803568440261697,-0.02756895026655723,0.27185171608666897,-0.004470511359561396,0.1833610914104025,0.3437783391372949,0.3081640621887177,0.24727426308282,0.23107363992063049,-0.030925419757907066,0.03919227980141686,-0.01835858123022735,-0.144946569021986,0.1428619241527146,-0.2955143478711281,0.05616587908103499,-0.3408968116727363,0.026148905481755372,-0.11181856577070501,0.057624174230410635,-0.11998183107682744,-0.008754552191825579,0.017815107300241457,-0.015826088342404513,-0.29620285443345634,-0.0013515128816071528,-0.19755516419765876,-0.11573125931356533,-0.10326004669732008,-0.030150849875287874,0.17962211827331478,-0.10488409342651547,-0.15793097402959622
#51,0.38324634031668114,0.2897799807154412,0.37423041063360135,0.25922272071655683,-0.06741626756130019,-0.12465156308521065,0.43976444150483307,0.33065687032329527,-0.11387133533616492,1.0,0.42786539059200407,-0.005382145048569994,-0.1625018925961638,0.006422873718015125,0.015682649475252813,0.015330427368135852,0.34411143606212496,0.17191945110726836,-0.041589302648040866,-0.06714373371371196,0.15677868179681087,-0.04847596203651316,-0.07051614085696754,-0.14070396608467675,0.0426985632206807,-0.04204033819697344,-0.004830702292631227,-0.2143040425854059,-0.18906995832304027,-0.053319414450668984,0.1867462486751827,0.16201738797822918,0.3143909027882922,0.23300528333160675,0.06245487652304186,0.1783359497645212,0.15455219182557833,-0.02296615639617815,0.28499390384814605,0.08182709241447457,0.10132999705153439,0.20119532389293085,0.17886826733817307,0.07312194694355681,0.2188367107873997,0.009020710978651515,-0.0177497629274279,-0.04496649108686817,-0.11406258715903386,-0.36443194224194947,0.026325813417909138,0.028592147518906038,0.047655172963367305,-0.09231725489883576,0.008450143040425854,-0.017990421471204648,-0.2671421399485214,-0.22286734295436253,0.2583302122098351,0.12577676130975624,0.10395970961598228,0.0738582664616022,0.04106973519591359,-0.004105539130919842,0.06462239718222314,0.05807680354453378,-0.030906294575620174,0.2283259887320801,0.036906820518133064,-0.034559204392416866,0.11600698069153471,0.18796069775040045,0.05313772521894349,-0.047280638143582306,-0.15472750599654153,-0.18023253034130482,-0.10548972419893377,-0.10048530150052992,-0.05360629218497239,-0.01605240299946609,-0.13694746153049273,0.1170875534907442,-0.1218576927061336,-0.169044298703472,-0.1244619050275323,-0.13019786594840982,0.00020718947477468144,0.2202296615639618,0.08221597112097474,0.04476886420323694,0.03144658097522492,0.21735929045573715,0.04296790953788778,0.17494919873455045,0.2432802875152404,0.0918279689853294,0.09042067432205213,0.3112894357274343,0.11553841372550581,0.18076166038457553,0.09133868307182302,0.16534038840057694,0.35237670234044416,0.1388663548199444,0.26777486472917944,0.2766744495533473,0.17271792746774617,0.11332945517136961,0.09847875112559666,-0.22899058881654966,-0.05519368231478456
#52,0.4757707846902916,0.10138099753763279,0.19795041796492122,0.19716947302153973,0.23961303381172852,0.09138649602754026,0.250195634677143,0.4070173481340994,-0.07659954258939031,0.42786539059200407,1.0,0.0459323127923563,0.05243965606547187,0.2986907218959431,-0.1939628174581039,-0.19694475212966875,0.20174039158810733,0.2784913418706022,-0.16588067480018168,-0.17470216513001138,0.00625712213819538,-0.07554128250284886,-0.15327080461235645,-0.05937412840966141,-0.11019611280670019,-0.05771820637665453,-0.07177840288790252,0.006434030074349146,-0.10900557020934105,0.02753069990198344,0.3652734502625728,0.023946321988381453,0.35807122536636676,0.22585565268668967,-0.02944799942624453,0.035862904318306785,0.007850887328769852,-0.0423861852433281,0.1412251273019946,0.025297834869988604,-0.030386727123492895,-0.025095426690785648,0.02091338683071823,0.028455083712516635,0.02149829865565906,0.0504028241519177,-0.21178270605391708,-0.2012973248651276,-0.1943947278247496,-0.18296902517352118,-0.004484855246276566,0.0111818565770705,0.023120751619663874,-0.07736136235048491,-0.21588824518483693,-0.13933492178597326,-0.11631776490369673,-0.19108288375873583,0.21789001426419846,0.34261170301779437,0.3153312242507311,0.1646375379515336,-0.11449927882125127,-0.08306704173274151,0.17876467260078574,-0.04094064021547705,0.18609918000780945,0.04309222322275259,-0.03158683231199547,-0.1481850998892333,0.06776052084246428,-0.019792969901744378,-0.01213333439584346,-0.11208472455753093,-0.1837483763517121,-0.09232841125516977,0.06464949119046291,0.09368311166715808,0.02790045342619672,-0.05115667508705942,-0.16141335097100143,-0.022475276717481212,-0.18142785423423566,-0.1339958083975488,-0.06109698858067241,0.23169361457976395,0.1945493230482353,0.038503773239088684,0.26270031636239033,0.06322307134489875,-0.08878387747133215,0.002397022846624007,0.08878865876690387,0.41362191108384,0.1481436619942784,-0.09262485158061663,0.06123405238706182,0.18028671835778434,0.058344556096550294,-0.07356341990134593,-0.10924941628349895,0.32452884316553643,0.4101204089601479,0.20491039055215995,0.12430730980404657,0.04106654766553244,0.20020878323996524,0.18434922582855867,0.2868155774609727,0.11140099929077449,0.260349512706293
#53,-0.16432356620899044,-0.10442190152124887,-0.033676258476838604,0.15815888245184836,0.22850289666823387,0.4736590458127804,0.06995991680545705,0.013990070842862721,0.3202575524547968,-0.005382145048569994,0.0459323127923563,1.0,0.6349305516818207,0.364452661189427,-0.14927523527958625,-0.21335415853182352,0.08495724724876284,-0.033481819123588524,0.02905593318936321,-0.029094183553937,-0.09248778777422723,-0.11987983010463069,-0.22754345002350804,-0.17369968682514006,-0.14872857381921922,-0.168819577811601,-0.052221310234363175,-0.10800946696523202,0.40726597550382904,0.3497581461323303,0.3837388137605687,-0.08058873686139821,-0.018409581716325733,0.015617305102439258,-0.12541178908111467,-0.25742495358158884,0.028501302903043296,0.015891432715218066,0.013502378694546933,-0.13883288575094233,-0.2515407724979879,-0.28160555905298473,-0.1692706133605336,-0.19370781502761197,-0.003354875726159265,-0.10338276661699432,0.021321390719505295,0.23341966228115613,0.04214552669955136,-0.07915753572026234,-0.05571006223653069,-0.1621401078979034,-0.050326323422770124,-0.06173768218728335,-0.16711903035325806,-0.11569141518380097,-0.00398760050681733,-0.0635258867311079,0.1187243503414642,0.06820358756544398,-0.06242618874961152,-0.042693781925108976,0.1578066603447314,0.04373291682936353,-0.15115587820446413,-0.1862585565268669,0.43764632756655963,0.19312768449824289,-0.09998645299588012,-0.09359386081648591,-0.06458414681764936,-0.11987345504386838,0.20434301014431544,0.014149447361920168,0.12080102638478273,-0.10288073058196336,0.023783757938942857,-0.21841436301189746,0.37453003848942934,-0.015414896923236299,-0.11684211365139574,-0.17295858601152292,-0.10939126138546008,0.11495668943094614,0.48766824183793,0.5056363505964666,0.19033062658878466,-0.01933077799647778,-0.04522627481293181,0.32588991863828703,-0.1668289650885735,0.2927874156300552,-0.11760393341249034,0.22634334483500546,-0.19237383356310114,-0.1783534811816175,-0.2878834001386576,0.0074062268405995745,-0.19156898214186105,-0.02179952027667764,-0.1542924080995147,0.17289961669947165,0.12588194981233414,0.04433057877582896,0.005398082700475739,-0.15790388002135644,0.011274294958123819,-0.16059415566304616,0.04020591446262222,-0.09373411215325646,0.03449067248922216
#54,-0.2659484098207811,-0.11501725250818796,0.11203053654105141,0.031081608746583365,0.2803082341878571,0.8027524324841221,-0.06653013411534078,-0.2025978372606364,0.3419949158890421,-0.1625018925961638,0.05243965606547187,0.6349305516818207,1.0,0.26015347958785234,-0.05856608945804015,-0.20486735889201443,0.16959733522460135,-0.02858577245814374,-0.07879893855238308,-0.1712181944234156,-0.042630031317485995,-0.1408824677860211,-0.09369586178868268,-0.20587621225764807,0.12565563515527256,-0.19765557140466494,0.10172843834917801,-0.043557602658400335,0.7366223334316155,0.592318051781431,0.29246069376598743,-0.24110320426491566,-0.17036393628126767,-0.1784108567284782,-0.1021603487158237,-0.23770210934822972,0.0019316434109762609,-0.0490975304608372,-0.057589111396217994,-0.057184295037812076,-0.19885248906278638,-0.2740208305110408,-0.08737180151248317,-0.2808198328140315,-0.06448214584545259,-0.18830973232713624,-0.1528181752982333,-0.014557451250707234,-0.0755635952155169,0.06083561108941819,-0.12554407159193237,-0.029290216672377658,0.025796683374638415,-0.02076676043318538,-0.004274478241120735,-0.16687677804429074,0.004497605367801162,-0.14535616667596363,0.01361234849269657,0.132759046609663,-0.13554654192797774,0.006539218576927061,-0.05954625505024345,-0.0671596713656177,0.04510514865844815,-0.14389946529177855,0.3746989775996302,0.18665859158970108,0.00043509789702683103,-0.18277299205508052,0.15734606220465538,-0.013813162906708955,0.13434324920909402,0.0232689717823873,-0.024261887496115197,-0.003340531839444095,-0.03241877774147535,-0.0394393134059559,0.3177266533321646,0.15804731888850815,-0.18331965351544757,-0.2285762098670003,0.23022735060443544,0.32192941213970944,0.49278104056929295,0.5836272501972285,0.25094789184709415,-0.06642653937795345,0.0008590394377196407,0.16026584003378783,-0.12030058411494235,0.29153790372064486,-0.14546135517854156,0.23061941684131676,-0.23468351807728166,-0.042594968483293354,-0.19261130457649675,-0.005649897600586506,-0.19741013156531648,-0.10369036329877519,-0.20223764632756655,0.20488648407430132,-0.1119556295770944,-0.0831865741220346,-0.175239263999235,-0.22010216034871583,-0.0941245846249472,-0.22383953972061296,-0.00456454350580529,-0.12407780761660385,-0.08899744200686913
#58,-0.01898174341974197,-0.053996764656663136,-0.10636310752336858,-0.04409310776243336,0.25955741140657745,0.23612746933994214,0.030037692546757085,0.1626899568886516,0.08552462765660736,0.006422873718015125,0.2986907218959431,0.364452661189427,0.26015347958785234,1.0,-0.004668138243192631,-0.14969280175951677,-0.06381754576098303,0.07779008518674943,0.018063734669971073,-0.03456717321836974,-0.0703312640948609,-0.059716787925634916,-0.3089338507757652,-0.147867940616309,-0.33642789407836543,-0.04599925093036043,-0.318623943134458,-0.2733849182000016,0.24549880866052004,0.2684793089434134,0.39126776052084244,0.23710444740176428,0.09711289435727434,0.2603670441233893,-0.03157248842528031,0.11790356126831834,0.1388838862370407,0.12771159225111364,-0.07695654599207899,-0.20770585469642758,-0.12486034632517591,-0.11210066220943668,-0.028056642414873018,0.05241256205723211,-0.0320410553913092,-0.11158906358326227,-0.1635458087959901,-0.05757476750950283,-0.11737283745985704,-0.1471013395596427,0.04573149837834392,-0.09702523727179274,-0.07351082565005698,-0.10014423574974698,-0.3135733012455275,-0.07735976858529432,-0.12771637354668536,-0.06228912494322211,0.08442492967511096,0.07245097179832495,0.23655937970658783,0.2973631154921945,0.2982349050514388,0.07059104782092454,-0.208689207819012,-0.20971878013212314,0.5904358150913626,0.21437416825379116,0.09546175361983919,0.052713783678250685,-0.0067240953390337,0.10568735108256501,0.21946943556805776,-0.004395604395604396,0.1580760066619385,-0.15188422889655667,0.12083608921897537,-0.19963343400616787,0.3662376782028704,0.009922782076516666,-0.22236530691933157,-0.198951302504602,-0.3643490664520396,-0.08571109818390457,0.26041963837467824,0.36362549705551883,0.29790340189179926,-0.0977838695025062,0.13645976938217694,0.02401326012638558,-0.2584226505908884,0.07845627903640956,-0.1595741459410785,0.3642183777064125,-0.06542565483827267,-0.24016766409804843,-0.15032871407055598,0.01449529440827483,-0.2657746894150085,-0.06360079369506491,-0.30831228235144115,0.29868434683518075,0.23495445815967933,0.16223254627895672,-0.06512124568687296,-0.11417096319199292,0.05664719616858848,0.14565579453179164,0.052713783678250685,0.19882380128935603,0.22830367601941207
#101,-0.17316736925148818,-0.14870626110655116,-0.05110408083577046,-0.14562232546278955,-0.15695080843739292,-0.08926838208926678,0.015355927611185044,-0.08378264230330945,-0.1273705265003307,0.015682649475252813,-0.1939628174581039,-0.14927523527958625,-0.05856608945804015,-0.004668138243192631,1.0,0.3700499645387245,0.0695758193945286,-0.04970316123325551,0.46381595199579245,-0.008018232673780172,0.7034210169815681,0.16180701097307335,-2.2312712668042617e-05,-0.1998438110113237,0.12101777845070086,-0.029111714971033317,-0.1342810923666616,-0.45738192192144334,-0.05261018894086334,-0.08758536604802014,-0.11383308497159114,0.16939014574982666,-0.018533895401190544,0.026794380383938034,0.2964530755683765,0.1642948784355601,0.24787033126409486,-0.026448533337583374,-0.07766577150188463,-0.18289571197475477,0.1649562909896485,0.3005474583429623,0.2538995449800381,0.3254372893241639,0.04017085162842959,-0.19832176525432507,-0.1339017762513049,-0.25351385380391905,-0.11687080142482607,-0.3658280805488927,-0.15319749141359004,-0.231116671580776,-0.07774227223103221,-0.061744057248045645,0.37091378527201585,0.17556757962849334,0.09644351297723307,-0.28443289850106385,-0.12043924168652233,-0.3171210225597463,-0.15650455418403206,-0.1139350859437879,0.04308266063160914,-0.08993935723449864,-0.18592386583684625,-0.025632525560009244,-0.07383914127931532,-0.1759309580919443,0.40240339790738633,0.057852082652662784,0.09165424857955677,0.11584760417247728,0.14129525297037987,-0.17797097753587965,0.09183115651571054,-0.16024990238188208,-0.10194359664990557,-0.22430173162587955,0.10820550008367268,-0.03889424571077943,0.12599988843643667,-0.11703655300464583,0.05176549338985887,0.04569006048338898,-0.20776163647809767,-0.2659420347600188,-0.1437161822948625,-0.18060387763070868,-0.15734128090908367,0.07431408330610652,-0.06354979320896652,-0.14981392791400042,-0.2700300424738423,-0.11600857445672529,0.004438636055749907,0.0656806572687646,-0.16379921746129142,-0.14782809648654463,-0.3717568870578298,-0.006132808453330571,-0.11750193244029357,-0.2615512116599861,-0.02780482751476225,0.01975153200678944,-0.02896349480830989,0.027247009698061184,-0.044719457482329125,0.09642120026456502,-0.23544693160356683,-0.04428117205492115,-0.14932782953087523
#102,0.013403565252731314,-0.05693088637251074,-0.13741284096614045,0.10903903927834312,-0.08325032472965758,-0.14008717895592443,0.12223222752591861,-0.1793033652351999,-0.17953127365745206,0.015330427368135852,-0.19694475212966875,-0.21335415853182352,-0.20486735889201443,-0.14969280175951677,0.3700499645387245,1.0,-0.13791168947079027,-0.09849309501231183,0.28878865876690385,0.4780323374957168,0.25046019969877836,0.7282024719298106,0.14630286319916486,0.28244706707360806,0.009572153734590283,0.48394520635274807,-0.20832423559037047,-0.0385468048992342,-0.15344452501812908,-0.005399676465666314,-0.06937978627608794,-0.07711114121556471,-0.0987576600339472,0.11056427256572289,0.16896142291356214,0.067016232498466,0.08315629258341369,0.38424881862155247,0.008660520045581684,0.08722676888014089,-0.08478352684299022,0.2886181258915124,0.5098136091609623,0.41462120185833024,0.23347225653244508,0.3071934591876579,0.04179489835762497,-0.0834176700746679,-0.20417885232968627,-0.14388671517025398,-0.09741411597829291,-0.08584656822510339,-0.37636446222378056,0.39329184231287206,0.02204974141159783,0.5965686235446932,-0.24973025524149528,0.22323869024376639,0.11278279371100255,-0.30033389380742537,-0.3697375865613719,-0.44186502402601024,0.027328291722780482,0.047632860250699266,-0.1159575739706269,0.18192351520850433,-0.10759986931125437,-0.08165337200870196,0.2335519447919738,0.18963574496569421,0.11093243232474559,0.29818868586091213,-0.13230801106073042,-0.06474830463227853,-0.06039732566201022,-0.19498920224083385,-0.27026113842647564,-0.37708803162030136,-0.24482623975009762,0.34210010439162,0.15568695264126736,0.10345767358095131,-0.08614141478535968,0.1024854768147009,-0.11623807664416802,-0.34733562304265714,-0.39449672879694636,-0.027186446620819354,0.06404545418323518,0.21767326219828032,-0.0694451306489015,0.08022057710237551,-0.10073552263545012,-0.030026536190423066,-0.010252691470965582,-0.07899337790563317,0.25204918359378115,-0.0073488512937388934,-0.05772776896779797,0.050617982452645253,-0.053094693558797985,-0.20178342324825282,-0.17037031134202998,0.04491070930519807,-0.10670417327415152,0.03668369339145264,-0.19940871311429686,-0.16871917060459482,-0.3427790483628047,-0.23520149176421837,-0.2993648845715561
#201,0.10675676752544047,0.02454079640446573,0.3448796308839819,0.2075847285419439,0.08798221358047319,0.062118592067830644,0.18306943238052736,0.05692769884212959,0.1060873861453992,0.34411143606212496,0.20174039158810733,0.08495724724876284,0.16959733522460135,-0.06381754576098303,0.0695758193945286,-0.13791168947079027,1.0,-0.020251974276629826,-0.030566822590027812,-0.19918080469204472,0.1924758345352979,-0.08517240554949039,0.14974858354118686,-0.08127564965853581,0.21111491843906638,-0.19527289244475612,0.2371426977663381,-0.24658894405087298,0.07172740240180414,-0.02507152021292703,0.04852218122703982,0.056871917060459486,0.20864458239367595,-0.11690586425901872,-0.03713791647076636,-0.020226474033580633,0.034297826901162655,-0.3501167433002096,0.34383093338858384,0.21246324379029238,0.06535712293507798,-0.04034775956458335,0.0451083361888293,-0.1014304042585406,0.23019388153543338,-0.09505215596586154,-0.06998541704850625,-0.14079640446573005,0.055965064667022606,-0.11554638255145869,-0.06811911801034354,0.10440596386934313,0.2931938257536517,-0.006768720764369785,0.21446820040003506,-0.06859724756751588,-0.07754145781701982,-0.33060746360238746,0.1903417829451187,0.11557507032488903,-0.030974826478814877,-0.011886300791304417,-0.061897058706340796,0.12450653045286839,0.057130107021332546,-0.19109882141064158,-0.13024727266931763,0.0643817386384464,-0.12982173736343425,-0.21260827642263466,0.02544924256309318,-0.09337870251575835,0.014809266150818,-0.00882627162540143,-0.2603287937588155,-0.23731482440692012,-0.11211341233096128,-0.07880212608276423,-0.016044434173513217,-0.1313119078166214,-0.05321103841770992,0.10166787527193619,0.18844679613352563,0.12768449824287387,-0.01985512674417678,0.1121436938695822,0.05964825602244021,0.08788977519941987,-0.024795798834957646,-0.046471005426770476,0.08446318003968475,0.37196567029779504,-0.10680139295077656,-0.028295707193459186,-0.05721298281124242,0.15785925459602038,-0.19148132505637944,0.18141032281713934,0.08543059551036346,0.06641857055200058,0.10653204663356948,0.10618938711759597,0.08740845811186639,0.11828606491405622,0.09767708723473771,0.16668233869104065,0.10285044904334245,0.005391707639713441,-0.10661492242347935,-0.13765509327510778,-0.11558144538565134
