,#10,#11,#12,#13,#17,#18,#26,#49,#50,#51,#52,#53,#54,#58,#101,#102,#201,#202,#301,#302,#401,#402,#501,#502,#601,#602,#701,#702,#801,#802,#901,#902,#1001,#1002,#1101,#1102,#1201,#1202,#1301,#1302,#1401,#1402,#1501,#1502,#1601,#1602,#1701,#1702,#1801,#1802,#1901,#1902,#2001,#2002,#2101,#2102,#2201,#2202,#2301,#2302,#2401,#2402,#2501,#2502,#2601,#2602,#2701,#2702,#2801,#2802,#2901,#2902,#3001,#3002,#3101,#3102,#3201,#3202,#3301,#3302,#3401,#3402,#3455,#3501,#3502,#3601,#3602,#3701,#3702,#3801,#3802,#3901,#3902,#4001,#4002,#4101,#4102,#4201,#4202,#4301,#4302,#4401,#4402,#4501,#4502,#4601,#4602,#4701,#4702,#4801,#4802
#10,1.0,0.37088190996820436,0.2334451625242053,0.05589972029420905,0.15924583031182016,0.1469180565627266,0.0037150666592290957,0.287357457625768,0.260585389954498,0.39462741754257347,0.067990023029907,0.06667835427806422,0.10798715425256397,-0.15920120488648407,-0.28029548406633253,-0.21157073528357068,0.19003259249814725,0.25220377881726685,-0.17818932336698834,-0.217045318713194,-0.24147933284989123,-0.2733163862968069,0.04822733466678354,-0.16973439903099077,0.028705304847436827,0.02925196630780387,0.2269011626517065,0.2105586943875559,-0.024990238188207732,-0.1251790993632908,0.004293603423407629,0.2713958992421647,0.13655061399803967,0.08236578504888875,-0.10448565212887186,-0.08620516539298265,-0.10265760345528294,-0.10034664392894994,-0.10570488249966133,0.03634740893624142,0.1535927451808525,-0.07371642135964108,-0.002164333128800134,-0.2138036003155655,-0.32020655196869846,-0.33244826239750097,0.24977009937125963,0.2533991027101977,0.15058212273585733,0.030839356437616046,0.1389205428364239,0.14339583549155702,-0.007863637450294447,0.15920120488648407,-0.09887559865804971,0.14016049215469084,-0.12342755141884947,-0.19213158125413382,-0.12895313533457115,-0.051637992174612915,-0.03437273386511965,0.11868769374208098,-0.14308823880977617,-0.1815824494577214,0.3809305994947764,0.1820382663022257,-0.11827331479253161,-0.07041413988477077,-0.22893480703487956,-0.11539497485835412,0.13964889352851645,0.30608260484982747,-0.1014049040154914,0.12448899903577205,-0.22679916167950975,-0.011357170748033692,-0.17469260253886795,-0.04181561730510244,-0.06054873335511479,-0.09547609750655436,-0.19999840623480944,-0.16806891440684044,-0.12024958362884396,0.01970531281626278,0.013000342659515973,0.2002757213779694,0.09108049311094997,0.2567189156021643,-0.016482719600921195,-0.14114225151208473,-0.11042561499414291,-0.0034473141072125842,0.06096948736542645,0.2254603989194272,-0.005814055415215676,0.13851732024320856,0.1650566981966547,0.227670951238754,0.17756456741228316,-0.13937317215054706,-0.024908956163488434,0.2518643068316745,0.19340499964140284,0.18639243280287515,-0.07659954258939031,0.08975766800277316,0.006806971128943573,-0.02785742176605121,-0.05536740272055718,0.02565324450748671,-0.0961789479555977
#11,0.37088190996820436,1.0,-0.039091872594410666,-0.2687183737219995,0.13785112639354843,0.2114257026512284,0.15789112989983187,0.18760528811290234,0.30472312314226746,0.15613958195539052,0.04645984907043645,0.22815545585668864,0.22492489381539418,-0.05940759747866347,-0.0484361179067488,-0.23394879232442684,0.018328299691606435,0.06070810987417224,0.15760903346110017,-4.303166014551076e-05,-0.01676162850927173,-0.16542485795567738,0.19915371068380497,0.1661930527775343,0.01557905473786547,0.14802094207460414,-0.15354652599032584,-0.09610722852202185,0.1494840185195515,0.0763875718190439,0.0177561379881902,0.13643745666950888,-0.20005896931205125,-0.23409223119157854,0.15569332770202965,0.0998254827116321,-0.008018232673780172,0.07952410171409446,0.03349138171473197,0.12525560009243838,0.08887790961757604,0.16547107714620404,0.07616763222274463,0.0854401581015069,-0.04139167576440963,0.13911338842448343,-0.14317430213006718,-0.23786307963247774,-0.09851700149017045,-0.14933261082644694,-0.14838432053805514,-0.21897855588936083,-0.1331160500123517,-0.10893066324538406,-0.01349440986859406,-0.07082533130393899,-0.09176421837770642,-0.1199419869470631,-0.042950378120791464,0.011489453258851373,0.06132967829849628,0.09810740383619282,0.008086764576974874,-0.22192383396154244,0.09639410625632526,0.026834224513702397,-0.11042242746376177,-0.036879726509893296,0.07149311891878969,0.06390201531608349,0.006292184972388018,0.06687598116169545,0.029113308736223892,-0.10025739307827777,-0.09441943118520349,-0.09010989010989011,-0.030244882021531767,-0.10336204766951684,0.05406051526428611,0.1217270039605065,-0.05839236905226753,-0.03942496951924073,0.05669819665468687,0.2975081481245368,0.16494513463331448,0.1583867908741005,0.12035477213142187,-0.03203786786092805,0.1079728103658488,-0.045591247041573364,0.14397437225573556,0.11870681892436788,0.12854672521097465,0.25029763564933977,0.15463188008510706,0.09629369904931906,0.13404362135326603,0.011943676338165099,0.015427647044760896,-0.12284582712428978,-0.14543107363992064,0.007256412912685574,-0.09673039071153647,-0.023174939636143407,-0.27590466096629984,-0.00855533154300377,-0.1833674664711648,0.16004590043748854,0.05874140362900334,0.18542661109738703,0.2694387555881392
#12,0.2334451625242053,-0.039091872594410666,1.0,0.3096446700507614,0.014707265178621233,-0.027553012614651484,-0.08664823211596236,0.04175505422786061,-0.12789328148283913,0.1808955366605838,0.04279418913211516,-0.24702882324347153,-0.21414785359672958,-0.366325335288352,-0.2462319406481843,-0.0301492561100973,0.2978667452924161,0.5679398194264039,-0.30999848592306894,-0.37251870681892435,-0.07743308178406075,0.007984763604778108,0.024585421829801814,-0.04937962689956889,0.43148323757460816,0.028341926383985847,0.4533704149367674,0.377272908382408,-0.10850831546988182,-0.24777948664823213,0.23478392528428788,0.1810644757707847,0.42825426929850424,0.23209843093816987,-0.19731609941907258,-0.0811258357306218,-0.18715903385954147,-0.413910382583334,-0.26713098359218734,-0.2390584035254086,-0.10085983632031492,-0.4129222481651778,-0.06208034170325686,-0.46696204448198647,-0.09134505813258532,-0.3820318912414634,0.14632358214664234,0.1922335822263306,0.012593932535919483,0.19682521974037565,0.2873255823219565,0.38339296671421397,0.42149351736008733,0.49283522858577244,0.20630812262429377,0.35913904804405167,0.1885248906278638,0.020905418004765357,0.0034823769414052226,-0.2580401469451506,-0.24442620468726342,-0.18050028289332132,-0.3540485620253568,-0.10917450931954195,0.16961008534612595,0.012209835124991035,-0.2786284056769916,-0.06420323693710206,-0.06456183410498131,-0.21763341806851597,0.2499215070643642,0.25989050833140753,-0.43356628867868896,-0.014429950035461275,-0.41598068356589024,-0.18059909633513693,-0.25719704515933667,-0.18160954346596117,-0.05046179346396895,-0.18282718007156007,-0.06834862019778626,-0.10163918749850584,-0.1480671612651308,-0.293413765349951,-0.39631362111420126,-0.327141024312888,-0.3009235869279379,0.13808062858099115,-0.19181760951159066,-0.2742407701073401,-0.08740367681629466,-0.31552406983879067,-0.0262158436197595,-0.05891671779996653,-0.18135454103546925,0.2821952521734973,0.14511869566256802,0.27087314425965625,0.41119938799416683,0.03131429846440724,0.3216887535959327,0.47050179697025235,0.32271673214385327,0.3617336977743069,0.3203723035485182,0.24961869167815506,0.3853469228378583,-0.2646048657651268,-0.07728804915171848,-0.11601494951748759,-0.26628788180637347
#13,0.05589972029420905,-0.2687183737219995,0.3096446700507614,1.0,-0.06091211181856577,-0.24062985600331502,-0.032665811346014394,0.1575755643920981,-0.2476679230848919,0.20966777964602476,0.23321247280638144,-0.1632939938958793,-0.3109754639848911,0.09228856712540541,-0.05133836431878491,0.11914669811696643,-0.08889384726948178,0.140238586649029,-0.015510522834670769,-0.11180422188398983,-0.053293914207619794,0.1866824980675597,-0.24845205555865454,-0.04429870347201747,0.13589717026990414,0.04536811991489294,0.23982341081688435,0.25121086310353896,-0.04335200694881623,-0.08098717815904183,0.19122313509550637,0.18751125596665844,0.11161615759150205,0.3428730805090486,0.0038537242308090748,-0.05234403015403741,0.12065599375244045,-0.024728860696953518,0.02315581445385651,0.2774426443752042,0.16240307915434818,-0.0438157926192734,0.016007777574130005,-0.023669006845221493,-0.08736064515614915,-0.20424260293730925,0.10579572711552407,0.0942249918319534,0.037456669508881255,-0.024089760855533153,0.012804309541075313,0.023850696076946985,0.048353242116838925,0.10945023069751134,-0.04877877742272231,0.19108288375873583,-0.09410227191227917,-0.15571882794507885,0.30097618117922686,0.22907187084126895,0.08073217572854992,-0.013749412299085976,-0.07094167616285092,0.10803974850385292,0.17638518117125804,0.2871741746288519,0.08912494322211509,-0.03778817266852075,-0.08487437145885297,-0.059887320801026385,-0.011471921841755054,0.07654535457291077,-0.24101554717943405,-0.0689144068404402,-0.30604913578082543,-0.3008678051462678,-0.16948099036568942,-0.047629672720318116,0.06066985950959845,0.08135374415287396,0.12122974922104726,-0.10931635442150307,-0.10693208169640367,-0.47908103499111476,-0.3578688171871638,-0.220116504235431,-0.21087266613009906,0.2812772434237264,-0.2985839396281746,0.15774928479787073,-0.018645458964530754,-0.2455083712516635,-0.10543394241726367,0.008646176158866514,-0.05844336953836591,-0.14291292463881297,0.10723649084780339,-0.15352102574727666,0.26182374550757437,-0.0017579230052036433,-0.01793782721991569,0.15969527209556217,0.3631314298464407,-0.01584999482026313,0.23851652336061327,-0.06695248189084302,0.05414020352381484,-0.14260851548741324,-0.12130624995019484,0.1232187681788842,-0.16364940353337742
#17,0.15924583031182016,0.13785112639354843,0.014707265178621233,-0.06091211181856577,1.0,0.38113460143916994,-0.03244746551490569,0.08159599646184128,0.21547546000047813,0.09354286033038753,-0.07842121620221693,0.4359186860999769,0.2854720334053184,0.195816366374742,-0.05719704515933668,-0.06264453458072022,-0.05676672855788157,0.08373642311278279,-0.10602682306815737,-0.1196168588481859,-0.2677238642430811,-0.2796723218768179,0.014029914972627082,0.025390273251041925,0.0032114368590075624,0.0025500243049191565,-0.14194550916813425,-0.11481643809417559,0.13891416777566162,0.20476854545019882,0.1697120863183227,0.03873327542653141,0.02714182119548327,0.08124218058953374,0.031191578544733003,0.04044019794563667,0.11272223063376073,0.06448852090621489,-0.04680888364717226,-0.04671963279650009,-0.03253193507000614,-0.03719051072205532,0.3546478177370128,-0.06289634948083099,-0.09479555977017906,-0.07757492688602188,-0.09569444333766307,0.0005179736869367036,0.06874387396504873,-0.16573723593303,-0.11041923993338061,-0.02862402282271753,-0.12056993043214943,-0.011514953501900564,-0.41485548534134464,-0.1388217293946083,-0.34434731331032997,-0.33341567786817966,0.05975981958578043,-0.10699423853883608,-0.015231613926320236,0.1602929340420276,0.15118615974308505,0.08466399445369714,-0.015441990931476066,-0.24779701806532844,0.24857796300870993,0.034873176134960035,-0.15827044601518858,0.06516905864259019,0.07435073990548972,0.007050817203101467,0.23640956577867384,0.3046769039517408,-0.03744232562216609,0.06553243710604116,0.0218329893456797,0.096559857836145,0.04969997370287436,0.2270159137454279,-0.07413876913514332,0.23587724820502196,0.1797910573835157,0.36024512108631035,0.4237184135661293,0.42458223429942066,0.38077281674090957,0.0710930838559555,0.06598825395054547,-0.006193371530572401,0.17647921331750194,0.24244515455537935,0.2460885017810326,0.31566750870594235,0.2208846990572879,-0.2484982747491812,-0.10283610515662728,0.15847285419439153,0.0006502561977543848,0.09087808493174701,0.19585939803488753,0.24520874339583548,0.11735530604276072,0.0840041756647993,0.02937627999266868,0.16937420809792092,0.08314991752265138,-0.01015865932472169,0.006461124082588912,0.05883543577524723,0.07962929021667238
#18,0.1469180565627266,0.2114257026512284,-0.027553012614651484,-0.24062985600331502,0.38113460143916994,1.0,0.08181752982333113,-0.2398760050681733,0.2120122082413598,-0.1203531783662313,-0.3379100957055997,0.3519416044434174,0.7697264302050378,0.024928081345775326,-0.07554606379842058,-0.28335232570185437,-0.00640693606610938,0.14108328220003347,-0.10609854250173321,-0.1782419176182773,-0.2643610196909689,-0.3392775462391126,0.038385834614986174,0.09912422602777933,-0.03774673477356581,0.027094008239766036,-0.03765110886213134,-0.129549203515846,0.2446078939189889,0.42269043501820874,0.20245599215867527,0.19144307469180566,0.2646702101379404,-0.027229478280964864,-0.022650590888444407,0.043093816987943165,0.08680442110463865,-0.038328459068125494,-0.12334786315932074,-0.15475141247440014,-0.062464439114185304,-0.14261329678298496,-0.1396457059981353,-0.12412083927674936,0.07593494250492075,0.08089155224760736,-0.015687430770824535,-0.03785032951095315,0.03487795743053176,0.009420746041485708,-0.10610491756249552,0.05276956545992079,-0.004849827474918121,0.07737570623720007,-0.12598873208010264,0.11924869908916319,-0.19423853883607328,-0.15247073448668808,-0.3903306265887847,-0.20757835348118162,-0.37077831523081706,-0.11475268748655261,0.13230482353034928,-0.12378296105634756,0.08727139430547698,-0.2539107013363721,-0.15462709878953534,0.027800046219190525,-0.10439321374781853,0.1558527042210871,0.18382487708085968,0.09720214520794651,0.15234163950625154,0.12773071743340053,0.03787104845843062,0.18965168261759996,0.09273482137876626,-0.06547824908956164,0.10944066810636789,0.14834607017348134,-0.22760720063113102,-0.13735227788889862,0.1997991855859876,0.7165982675772379,0.505998135294727,0.43555212010614475,0.40234602236052563,-0.09316513798022137,0.12779765557140466,-0.05449720692650352,-0.22214855485341345,0.30846209627935517,0.41021762863677297,-0.020381069257066356,0.1895863382447864,-0.03369219612874435,0.09680529767549347,0.37951692977073687,0.2222330244085139,0.10464343488273872,0.283847986676123,0.343920184239256,0.02709560200495661,0.15665436811194608,-0.20961518539473578,0.40892667883240763,0.31419965096542324,-0.055354652599032585,0.10886850640295165,-0.22696650702452006,0.16742343950465777
#26,0.0037150666592290957,0.15789112989983187,-0.08664823211596236,-0.032665811346014394,-0.03244746551490569,0.08181752982333113,1.0,-0.13715305724007681,0.005565428045486058,-0.014350261775932552,0.08346548303038513,0.14612436149782052,0.06464470989489118,0.2509829546812868,0.14757309405605273,-0.14457044043701042,-0.06971128943572744,0.04022822717529027,0.1454262923443489,0.04673875797878699,0.07152021292702947,0.06360876252101778,-0.11867175609017523,-0.05297994246507662,-0.18091306807768012,-0.14611001761110537,-0.15468288057120544,-0.208603144498721,0.1272079624508921,-0.05587262628596929,-0.006375060762297891,-0.09247981894827435,-0.041382113173266184,-0.17451569460271418,0.0471435743371929,-0.08512937388934488,0.10919682203221,0.05135589573588123,-0.04326594362852521,-0.02721035309867797,-0.13062021372391205,0.10715202129270295,0.041909649451346336,0.12659276908733036,0.11628429583469467,0.1605033110471834,-0.0825809433496163,-0.11541250627545044,-0.03271043677135048,-0.022857780363219088,-0.11856019252683501,-0.08616691502840887,-0.0027843077879336035,-0.05415614117572058,0.1369857118950665,0.08967797974324443,0.003544533783837627,0.08811768362167202,0.1521137310839994,0.11745252571938576,-0.05771501884627338,-0.20227589669214036,0.1640016256404944,-0.03711560375809832,-0.09104383651156675,-0.08588322482448661,0.006115277036234251,0.2850098415000518,0.24809505215596586,0.10621329359545457,0.2292503725426133,-0.04497605367801162,0.09787949541394067,-0.097908183187371,0.020361944074779464,0.05507096239511033,0.0318976165241575,-0.030362820645634277,0.21425144833411694,0.062086716764019154,-0.2022344587971854,-0.21451123206018058,-0.15545585668863407,0.08761564758664106,0.20199698778378983,0.09681964156220864,-0.12019539561236443,-0.2669987010813697,0.12101777845070086,-0.216157591502044,-0.006998222951812509,-0.0015427647044760895,-0.07631107108989632,-0.05806405342300919,-0.1079791854266111,0.10523153423806071,-0.06192734024496171,-0.24284040832264184,-0.15946417614292885,0.021584361975950084,-0.27321916662018186,-0.06544478002055958,-0.1877758209882938,-0.04463817545760983,-0.11894907123333519,-0.050331104718341846,-0.20074906963957,-0.1401891799281212,-0.08600913227454199,0.09796555873423168,0.08322004319103667
#49,0.287357457625768,0.18760528811290234,0.04175505422786061,0.1575755643920981,0.08159599646184128,-0.2398760050681733,-0.13715305724007681,1.0,0.1372980898724191,0.25530843340850595,0.2758743794276789,0.03756823307222147,-0.22779207739323765,-0.05494664871024552,-0.00820629696626796,-0.008568081664528365,0.055007211787487346,-0.02861286646638351,-0.03378941580536939,-0.01148467196327965,0.07851365458327025,-0.01988700204798827,0.06936225485899163,-0.0039126935428603305,-0.026891600060563077,0.03002494242523249,-0.07101977065718908,-0.028322801201698954,-0.09372614332730358,-0.08726501924471468,-0.021079138410537976,0.009996095275283093,0.023901696563045367,0.14243798261202176,0.06591812828216019,0.1082294065615313,0.07235693965208106,0.04255990564910072,0.10799831060889799,0.2448405836368128,0.041439488720126864,0.17548789136896462,0.306661141614006,0.15759150204400385,-0.20050362980022154,-0.05702491851875463,-0.07278247495796444,0.035805528771446105,-0.14079002940496776,-0.1413255345090008,0.008834240451354301,-0.06242300121923037,-0.09606260309668577,-0.0864888555969049,-0.09607694698340094,-0.07699001506108105,-0.10101921283937237,-0.18070906613328658,0.06796452278685781,0.09813927914000431,0.32703742957550064,0.17259520754807195,-0.14266429726908333,-0.0608292360286559,-0.037950736717959344,0.1423296065790627,0.0038393803440939047,0.013515128816071528,-0.08666735729824925,-0.2872554566535712,-0.11658392369052267,-0.026257281514714438,-0.07032807656447976,0.21683653547322873,-0.07746655085306282,-0.13246898134497845,-0.00048769214831578865,0.02373913251360677,-0.0941437098072341,0.02594171600698069,0.4572767334188654,0.11646120377084844,-0.04661763182430333,-0.2440962952928145,-0.1145407167162062,-0.04337431966148427,-0.1017109069320817,0.11600698069153471,0.06873431137390529,0.30454143391054195,0.15839635346524397,0.004875327717967312,-0.05447648797902605,0.1758815513710365,-0.2520587461849246,-0.1292639195467332,-0.07639872817537792,-0.18557323749491988,-0.08337463841452239,-0.1606419686187634,-0.21243933731243375,0.10726995991680546,0.09431105515224442,0.06944353688371092,0.39720772338611354,-0.1222386025866809,-0.007595884898277937,0.21382750679342413,0.008429424092948386,-0.06653332164572194,-0.14942026791192853
#50,0.260585389954498,0.30472312314226746,-0.12789328148283913,-0.2476679230848919,0.21547546000047813,0.2120122082413598,0.005565428045486058,0.1372980898724191,1.0,0.06639625783933253,0.016991130696714454,0.24176302305381348,0.2695726318641475,-0.17737172182422364,0.15143159958243352,-0.01773063774514101,0.03857708643785511,-0.17288846034313765,0.10869637976236961,-0.06582887743148802,-0.1605861868370933,-0.10516778363043773,0.23404919953143302,0.15366605837961894,0.03891177712787575,0.1420236036624724,-0.18364159408394362,-0.1092462287531178,0.23488911378686578,0.24393851253894763,-0.22964881384025693,0.10029723720804214,-0.1621719832017149,-0.0698818223111189,0.1901967503127764,-0.08994254476487978,0.13615695399596778,0.12828694148491102,0.07716692299723482,0.071724214871423,0.029403374000908446,0.17985799552151982,0.24586059335878044,0.1575261576711903,-0.10038648805871431,0.14737706093761208,-0.22609631123046642,-0.23914287308050905,-0.2593486281666122,-0.13636414347074247,-0.22981456542007667,-0.16586951844384767,-0.1317406306528859,-0.10672648598681957,0.04705751101690188,0.06089458040146945,-0.1576887217206289,-0.12884794683199324,-0.16261026862912287,-0.15723131111093402,0.08589756871120179,0.13251360677031454,0.07159990118655818,-0.05559531114280933,0.02355744328188128,-0.12243782323550272,-0.14606061089019753,0.13403405876212257,0.19023978197292193,0.018731522284821778,0.0027364948322163695,-0.10644438954808788,0.035913904804405164,0.17200073313198766,0.004526293141231502,0.20751300910836806,0.1397078628405677,-0.050933547960378994,0.23162348891137868,0.08784355600889321,0.18370693845675717,0.04799145741857852,0.3808700364175346,0.3869964698101029,0.35622883280606266,0.279492226410283,0.20620930918247815,0.07602259959040235,0.040677668959032263,-0.04482942728047877,0.2096837172979305,0.34074859151001285,0.27803233749571676,0.2668425120926934,0.12183378622827498,0.1926192734024496,0.17963008709926767,0.04882659037843955,-0.17090262891568186,-0.19537808094733403,-0.03818502020097379,-0.08020782698085091,-0.12528906916144045,0.05339750894500713,-0.20085107061176677,-0.11914988564734758,-0.034028480583955564,0.19274039955693328,0.03253193507000614,-0.05595709584106973,0.14996852313748615
#51,0.39462741754257347,0.15613958195539052,0.1808955366605838,0.20966777964602476,0.09354286033038753,-0.1203531783662313,-0.014350261775932552,0.25530843340850595,0.06639625783933253,1.0,0.19336674927682904,-0.06792467865709345,-0.06639625783933253,0.08025085864099642,-0.01807010973073337,0.15370430874419272,0.2958076006661938,0.1553235741778164,0.04885527815186989,0.011795456175441673,-0.15484066332507232,-0.01483795392424834,-0.16004430667229796,0.0010295723131111094,-0.029763564933978276,0.15841069735195915,-0.011613766943716183,0.004983703750926376,0.16484632119149886,0.06998541704850625,0.14872857381921922,0.2830112599510714,0.007922606762345704,0.13045764967447346,0.1779789463618325,0.04734438875120529,0.08450780546502083,0.1257050418761804,0.058583620875136466,0.1798277139828989,0.33532341480129735,0.07611503797145566,0.15648702276693574,0.013484847277450614,-0.24000510004860984,-0.2641713616332906,0.02426666879168692,0.05672529066292663,-0.019211245607184693,-0.28139836957821,-0.07430133318458192,-0.12221150857844114,-0.11460765485421033,-0.04907521774816916,-0.211824143948872,-0.003334156778681797,-0.20670178262636565,-0.27721473595295204,-0.019971471603088715,-0.011118105969447522,0.11658551745571324,0.16335933826869287,-0.08390695598817426,0.04346197674696587,0.3393030464821618,0.28769214831578865,0.17997434038043175,0.17712628198487518,-0.05647825705838759,0.13560869877041015,0.09618372925116943,0.26366295053749733,-0.11159862617440572,-0.04267625050801265,-0.13589717026990414,-0.15999011865581844,-0.0756321271187116,-0.06936703615456334,0.09124146339519798,0.22772513925523352,-0.04230012192303708,-0.014010789790340188,-0.09960554311533282,-0.14746949931866538,-0.08915203723035485,0.07535799950593279,0.08583063057319765,0.2497270677111141,-0.13434165544390345,0.019386559778147884,-0.04976850560606906,-0.05072954601598546,-0.03723354238220083,0.2275450437886986,0.049575660018009546,-0.021281546589740935,0.253630198662831,-0.1520882308409502,0.07264541115157504,0.010581007100223925,-0.11654407956075831,0.1895799631840241,0.2851293738893449,0.08021101451123205,0.09940154117093929,-0.029317310680617426,-0.06832311995473707,0.04511630501478217,-0.11045908406314497,0.11034114543904247,-0.04848552462765661
#52,0.067990023029907,0.04645984907043645,0.04279418913211516,0.23321247280638144,-0.07842121620221693,-0.3379100957055997,0.08346548303038513,0.2758743794276789,0.016991130696714454,0.19336674927682904,1.0,-0.031970929722923924,-0.30842703344516254,0.15697949621082327,-0.02447226450127103,0.10381308321844943,-0.20250539887958308,-0.02451210863103539,0.14677143016519376,0.07599231805178143,0.08413805194080756,0.14011746049454535,-0.03463889265194559,-0.05527815186988501,0.060178979830901515,0.00885814692921292,-0.06097426866099818,0.08532381324259497,0.017671668433089753,-0.1555100447051136,-0.17784507008582426,-0.14560320028050266,-0.11990851787806102,-0.03148642510498928,0.136643052379093,-0.06056785853740169,0.12447146761867574,0.05396967064842337,0.19454454175266359,0.21626118623943136,-0.14689255631967743,0.11084318147407342,0.23978356668711998,0.2634812613057718,-0.022959781335415853,0.06742423638725306,-0.236049374845604,-0.24189211803425,-0.24934934536094797,-0.14916526548143663,-0.1289945732295261,-0.06544478002055958,-0.06136155360230777,-0.019510873463012696,0.01967662504283244,0.06488377467347736,-0.004355760265840034,0.03247137199276431,0.35662408657332517,0.2899744200686913,0.15443265943628526,0.028823243471539337,-0.1647506952800644,-0.058583620875136466,-0.00809951469849947,0.16796053837388136,0.02646128345910797,0.20545705201252698,-0.11265210496537545,-0.16167950975782738,-0.23854521113404362,-0.09724836439847317,-0.23299572074046332,-0.1908852568751046,-0.18836073281323462,-0.28166612213022657,-0.19984859230689542,-0.06191618388862769,0.150403621034513,0.17773350652248404,0.2882260596546311,0.09947326060451514,0.0200160970284248,-0.16437297292989825,-0.13597845229462344,-0.17412522213102344,-0.23718891695686475,-0.05158221039294281,-0.17005155830391508,0.07338651196519216,0.2668727936313143,0.0695391627951454,-0.11495031437018384,0.09523065766720588,-0.07462486751826854,-0.002859214751890604,-0.008564894134147216,-0.347867940616309,-0.10464184111754815,-0.247723704866562,-0.19754082031094358,-0.045508371251663494,-0.004999641402832121,0.1839412219397716,0.1616348843324913,-0.15070643642072212,-0.09963104335838201,0.066941325534509,-0.26272422284024893,0.008183984253599917,-0.18561148785949366
#53,0.06667835427806422,0.22815545585668864,-0.24702882324347153,-0.1632939938958793,0.4359186860999769,0.3519416044434174,0.14612436149782052,0.03756823307222147,0.24176302305381348,-0.06792467865709345,-0.031970929722923924,1.0,0.47131461721744533,0.39701965909362574,0.15069528006438812,0.006698595095984508,-0.24739698300249424,-0.11066467977272908,0.2319103666456821,0.14910151487381365,0.022159711209747468,-0.06306210106065073,0.19945811983520467,0.24321175561204567,-0.11507303428985807,0.26279753603901534,-0.38583780251655525,-0.1839539720612962,0.13467793989911467,0.08758377228282957,0.1478185338954012,0.02678641155798516,-0.19426085154874131,-0.05118855039087091,0.1492417662105842,-0.11619026368845078,0.1974659133469866,0.21584680728988198,0.20533911338842448,0.14233279410944386,-0.03226258875279905,0.19266868012335742,0.23645100367362876,0.14115181410322816,-0.07583453529791456,0.21741666600259785,-0.20299309102789886,-0.13456797010096502,-0.1660097697806182,-0.2560670656392194,-0.33469547131621097,-0.29851540772497986,-0.37785303891177713,-0.3334268342245137,-0.21261465148339695,-0.2551873072540223,-0.3013873725983951,-0.22448342085760506,0.14598411016104998,0.0025101801751547946,0.09871622213899227,0.23443648447274262,0.4098940943030863,0.04603431376455307,-0.10518053375196232,-0.14173194463259728,0.37446788164699696,0.06380798316983959,0.04724398154419909,-0.021933396552685894,-0.11536628708492377,-0.31095952633298535,0.36880682769007644,-0.001115635633402131,0.14609726748958077,0.035421431360517654,0.10541800476535793,0.051749555737953125,0.30510403302281475,0.20280024543983935,-0.12579907402242427,0.039729378670640456,0.1285132561419726,0.42829730095864976,0.5628190518690881,0.5422036991290073,0.32600466973200837,-0.0960976659308784,0.0902979544023779,-0.0012766059176501526,0.03759373331527066,0.21756169863494013,0.1500896492919698,0.268237056634446,0.1422865749189172,-0.25832702467945395,-0.11375020918168126,-0.21294774840822703,-0.18552223700882148,-0.16670146387332754,-0.14803528596131932,-0.020473507638119677,-0.05543274709337073,-0.06517224617297133,-0.17069225191052603,-0.06660822860967894,-0.24967606722501573,0.07396504872937071,0.21602530899122632,0.18433647570703407,0.17093609798468393
#54,0.10798715425256397,0.22492489381539418,-0.21414785359672958,-0.3109754639848911,0.2854720334053184,0.7697264302050378,0.06464470989489118,-0.22779207739323765,0.2695726318641475,-0.06639625783933253,-0.30842703344516254,0.47131461721744533,1.0,0.12894835403899943,0.06059654631083203,-0.18294671246085314,0.012273585732614015,0.033481819123588524,-0.013738255942751954,-0.040016256404943856,-0.17537792157081497,-0.31711783502936514,0.026748161193411373,0.05334013339814645,-0.17730159615583835,-0.009575341264971431,-0.22371681980093872,-0.32379730494306275,0.32798412609870187,0.3551291348245663,0.14691486903234546,0.10158499948202632,0.1646008813521504,-0.18515726478017994,0.09544900349831459,0.014366199427838297,0.1577955039883974,0.05377363752998271,-0.01586115117659715,-0.1539114982189674,-0.040417885232968624,0.018584895887288927,-0.10180972037389731,-0.016283498952099386,0.04490433424443577,0.048440899202320524,-0.0033899385603519032,-0.11132927985719863,0.019941190064467804,-0.19558845795248986,-0.09813927914000431,-0.13660161448413805,-0.17272749005888963,-0.16507901090932273,-0.2050633920104551,-0.07937110025579931,-0.2882133095331065,-0.273746702898262,-0.16321271187116002,-0.16241742304106335,-0.2741276127788093,0.040392384989919435,0.29276669668257777,0.021464829586657,-0.03565252731315095,-0.3269720852026871,-0.01547546000047813,0.07095123875399438,-0.051929651204488045,0.1867382798492298,0.16919251886619543,-0.041120735682011966,0.329174668696061,0.09237781797607758,0.22925356007299444,0.25615472272470097,0.26670066699073225,0.07771039692722072,0.2079975137263027,0.13014208416673972,-0.3244937803313438,-0.1889185506299357,0.18292918104375683,0.7192486990891632,0.6057072731474472,0.6422044960116026,0.5297452366342866,-0.03303556487022767,0.12000573755468606,-0.11045589653276383,-0.18824757548470383,0.4905736757803473,0.3120130051239551,0.14396321589940153,0.24242124807752075,-0.0743332084883934,-0.016885942194136538,0.2557658440182008,-0.0042091338683071826,0.13248173146650305,0.17762034919395325,0.21350875375530923,-0.11676561292224817,0.013655380152842081,-0.2447210512475197,0.3534795878523217,0.1541107188677892,0.03468989313804397,0.2487038704587653,-0.01241064953900342,0.317863717138554
#58,-0.15920120488648407,-0.05940759747866347,-0.366325335288352,0.09228856712540541,0.195816366374742,0.024928081345775326,0.2509829546812868,-0.05494664871024552,-0.17737172182422364,0.08025085864099642,0.15697949621082327,0.39701965909362574,0.12894835403899943,1.0,0.1563770529687861,0.1880993553219804,-0.30742455514029116,-0.10172843834917801,0.23978834798269172,0.3894333367864912,0.1512961295412347,0.16928973854282048,-0.18655499685231375,0.036006343185458485,-0.29979360740782063,0.05145311541250627,-0.3327144211843269,-0.20002868777343033,0.1304735873263792,-0.03465323653866076,0.1956856776291149,-0.1659364565818518,-0.29802612181147353,-0.1795153360055463,0.07259281690028609,-0.07967072811162731,0.11641020328475006,0.19727306775892708,0.08379379865964348,0.1263473292479819,-0.03327462964881384,0.16196319996174963,0.2029277466550853,0.2965168261759995,0.05922909577731913,0.23844480392703743,-0.10185912709480512,-0.11035070803018592,-0.09648973216775972,-0.3647315700977775,-0.37775900676553326,-0.3895385252890692,-0.4343870777518348,-0.3766991529138012,-0.33618564176939814,-0.3515925698666815,-0.27386145399198336,-0.12357258405119174,0.23654503581987266,0.1816764816039653,0.12583891815218864,-0.0006677876148507041,0.3983281403150874,0.35320864776992406,-0.126253297101738,0.004295197188598204,0.6363410338754791,0.1541792507709839,0.08462574408912335,0.15941955071759278,-0.12024161480289108,-0.07594291133087362,0.19279299380822223,-0.0878690562519424,0.08287578990987259,-0.20395413143781527,-0.025497055518810412,-0.0020240817920295804,0.2462000653443728,0.30490959366956466,-0.13417431009889313,0.15451234769581398,-0.028853525010160253,0.09168931141374942,0.36693096606077025,0.3187020376287962,0.2450398042856346,-0.006559937524404529,0.02049582035078772,0.05162524205308832,0.12944082748288693,0.16593964411223294,0.04561355975424141,0.09936010327598435,0.11383627250197229,-0.33122584449633036,-0.1900788116886739,-0.37631664926806335,-0.211812987592538,-0.001534795878523217,-0.2718309971391915,-0.1688897034799863,-0.09993864004016288,-0.32918104375682333,-0.1143845277275299,-0.21740869717664496,-0.4048370773533935,-0.11548103817864513,-0.014547888659563786,0.22378375793894287,0.1848656057503048
#101,-0.28029548406633253,-0.0484361179067488,-0.2462319406481843,-0.05133836431878491,-0.05719704515933668,-0.07554606379842058,0.14757309405605273,-0.00820629696626796,0.15143159958243352,-0.01807010973073337,-0.02447226450127103,0.15069528006438812,0.06059654631083203,0.1563770529687861,1.0,0.45945062913880896,0.0018216736128266223,-0.3459155782578553,0.7267107077114329,0.4381898014965455,0.4442652344030154,0.344283562702707,0.21264971431758958,0.039874411302982735,-0.1550303213827507,-0.0069854728302879135,-0.5186590059686507,-0.46498896317605526,0.3603487158236977,0.1570257154013499,-0.30293013730287116,-0.3014415606148746,-0.20961040409916407,-0.29504578090509925,0.26320553992780243,-0.022695216313780492,0.21885105467411486,0.31139143669963104,0.23744232562216608,-0.08222234618173704,0.14681446182533928,0.4705065782658241,0.41869327192024797,0.49755117978468233,0.03939468798061981,0.4281187992573054,-0.3929093386671342,-0.32417821482361003,-0.36695009124305716,-0.49206862752910613,-0.4544111436062125,-0.5990214281729873,-0.441056985074389,-0.6182454239016966,-0.005919243917793591,-0.3845484464773805,-0.258712715855573,-0.20433822884874372,0.10791384105379755,-0.031562925834136855,0.2715983074213676,0.12138115691415184,0.49721967662504285,0.36537066993919787,-0.061833308098717815,0.06364382535521042,0.13559116735331384,0.07248762839770817,0.6831260110447928,0.3722493605017173,-0.04122751794978046,-0.19040234602236053,0.38373403246499693,0.08128361848448869,0.23876674449553348,0.01799839029715752,0.19490792021611456,-0.16154244595143796,0.19269736789678776,0.2422921530970842,0.09502028066205007,0.08713114296870642,0.02013244188733674,0.13446278159838712,0.23462933006080214,0.13232076118225503,0.11053080349672083,-0.08602506992644773,0.24392416865223246,0.030324570281060493,0.09621719832017149,0.19726988022854594,-0.021171576791591293,0.11012917466869607,0.23577684099801577,0.10007729761174286,-0.05115348755667828,-0.2899537011212138,-0.3824271450087259,0.019514060993393843,-0.36803225780745724,-0.160141526348923,-0.37189395086421917,-0.4164699694793966,-0.04660169417239758,-0.1145407167162062,-0.2614651483396951,0.013575691893313358,0.010327598434922583,0.10770983910940402,0.14444293922176446
#102,-0.21157073528357068,-0.23394879232442684,-0.0301492561100973,0.11914669811696643,-0.06264453458072022,-0.28335232570185437,-0.14457044043701042,-0.008568081664528365,-0.01773063774514101,0.15370430874419272,0.10381308321844943,0.006698595095984508,-0.18294671246085314,0.1880993553219804,0.45945062913880896,1.0,0.013201157073528357,-0.016578345512355666,0.42597359131079215,0.5435488369498522,0.28274828869462665,0.7150539091075712,0.09087649116655643,0.27574050315167065,0.05115986261744057,0.27363035803935004,-0.17127716373546686,0.01467698364000032,0.007302632103212234,-0.07850249822693622,-0.11152531297563929,-0.12195969367833037,-0.16549498362406267,-0.18076803544533784,-0.13923610834415764,-0.22104248181115477,-0.15317836623130315,0.02600865414498482,-0.13384918200001594,-0.057563611153168805,0.029060714484934934,0.055936376893592266,0.18098159998087482,0.1636828726023795,-0.2187554287626804,0.31810915697790243,-0.19778626015029205,-0.22444676425822183,-0.23505167783630437,-0.44124823689725795,-0.43197730478368623,-0.3605511240029007,-0.29432699280415014,-0.29268541465785847,-0.041877774147534845,-0.13390815131206718,-0.15333614898517,0.08701161057941334,-0.004406760751938417,-0.03392169831618708,0.06556112487947151,-0.020038409741092843,-0.0022679278661874745,0.24310337957908662,0.04087370207747293,0.26140777279283445,0.21674728462255655,0.040798795113515925,0.4422236211938895,0.05020041597271474,0.0037915673883766703,0.05885456095753413,0.09014017164851103,-0.14700411988301765,0.004521511845659779,-0.2288073058196336,0.026713098359218736,-0.1607041254611958,-0.02274940433026002,0.10167265656750792,-0.0001163448589119365,0.10050123915243567,0.11579660368637888,-0.12758090350548654,-0.055266995513550986,0.005202049582035078,-0.08011220106941644,-0.09725792698961662,0.09373570591844703,-0.09099921108623067,0.07722111101371434,-0.06699073225541681,-0.20475579532867422,0.013491222338212911,0.08506402951653133,0.15722334228498117,0.044639769222800406,-0.2316792706930488,-0.11621098263592824,-0.17739403453689168,-0.1902780323374957,-0.04174230410633601,-0.13090709145821547,-0.24130401867892803,-0.03330331742224418,-0.2896588545609575,-0.23258931061686683,-0.16560973471778404,-0.1557156404146977,0.2043143223708851,-0.009632716811832113
#201,0.19003259249814725,0.018328299691606435,0.2978667452924161,-0.08889384726948178,-0.05676672855788157,-0.00640693606610938,-0.06971128943572744,0.055007211787487346,0.03857708643785511,0.2958076006661938,-0.20250539887958308,-0.24739698300249424,0.012273585732614015,-0.30742455514029116,0.0018216736128266223,0.013201157073528357,1.0,0.3349759739897521,-0.20358437791360198,-0.05870315326442955,-0.01433910541959853,-0.11425065145152165,-0.038679087410051875,-0.13487078548717418,-0.10963191992923682,-0.15868004366916622,0.17299364884571555,-0.025527337057431328,0.12433759134266749,-0.08873287698523377,0.017236570536062923,0.0190423064969838,0.3253336945867765,-0.06644247702985918,-0.12360127182462208,0.08366470367920695,-0.1405254643833324,-0.13402768370136028,-0.2916335296320793,-0.4131342189355242,0.14481747404154946,-0.1671987186127868,-0.19535417446947542,-0.2702499820701416,-0.3515830072755381,-0.3460749547769127,0.17812557275936536,0.15101084557212185,0.228869462662066,0.014350261775932552,0.28937675812222585,0.1956936464550678,0.22820486257759645,0.12036274095737474,0.011207356820119693,0.009887719242324029,0.08121508658129398,-0.014605264206424468,-0.31918654224673076,-0.3635633402130864,-0.12664376957342874,-0.032522372478862686,-0.08775908645379277,0.057713425081082806,-0.024228418427113135,-0.14637458263274072,-0.13755149853772045,-0.17389890747396186,0.1397014877798054,0.03567005873024727,0.30389755277354985,0.303428985807521,-0.050326323422770124,0.21899130601088543,-0.01490170453187132,0.06568862609471747,0.0028942775860832425,-0.09709855047055917,-0.1358366071926623,-0.17306377451410085,-0.05910478209245432,-0.17946114798906676,-0.17300161767166844,0.022293587485755724,-0.09051948776386774,-0.12307851684211366,-0.06826415064268582,0.10327279681884469,0.11919769860306481,-0.014576576432994127,-0.3044585581206321,-0.09041429926128984,-0.03334634908238969,-0.05765923706460327,-0.04006247559547052,0.29465371466821794,0.03749332610826447,0.35379674712524606,0.18914805281737843,0.27043326506705767,0.16495310345926734,0.3625895496816454,-0.03919387356660743,0.24640247352357578,0.28312919857517393,0.3199850186072086,0.21418132266573167,0.034640486417136164,0.1923626772067671,-0.20185036138625695,-0.14531951007658042
