,#10,#11,#12,#13,#17,#18,#26,#49,#50,#51,#52,#53,#54,#58,#101,#102,#201,#202,#301,#302,#401,#402,#501,#502,#601,#602,#701,#702,#801,#802,#901,#902,#1001,#1002,#1101,#1102,#1201,#1202,#1301,#1302,#1401,#1402,#1501,#1502,#1601,#1602,#1701,#1702,#1801,#1802,#1901,#1902,#2001,#2002,#2101,#2102,#2201,#2202,#2301,#2302,#2401,#2402,#2501,#2502,#2601,#2602,#2701,#2702,#2801,#2802,#2901,#2902,#3001,#3002,#3101,#3102,#3201,#3202,#3301,#3302,#3401,#3402,#3455,#3501,#3502,#3601,#3602,#3701,#3702,#3801,#3802,#3901,#3902,#4001,#4002,#4101,#4102,#4201,#4202,#4301,#4302,#4401,#4402,#4501,#4502,#4601,#4602,#4701,#4702,#4801,#4802
#10,1.0,0.36899807951294533,0.4218409581716326,0.7099379228458271,0.45405095267314266,0.3332323948712636,0.2013355752297014,0.7208010263847827,-0.22557993130872028,0.40441791710827246,0.4593629720533274,0.07819012024958363,0.17258086366135678,0.23397907386304775,-0.1369602116520173,-0.15240379634868395,-0.1061686681701185,0.11700627146602491,-0.13990708348938952,0.05487811680705082,-0.02283068635497932,-0.04583190558535011,-0.009996095275283093,0.1005426770473906,-0.1944313844241328,-0.05001713297579868,-0.23909665388998239,-0.1521822629871941,-0.22884555618420738,0.16953677214735952,-0.17480575986739874,0.1531815537616843,-0.29018957836941883,0.21957621783582626,-0.12526516268358182,0.28662910693367544,-0.1978452294623433,0.14025771183131588,-0.17499860545545826,-0.08842209277307174,0.023053813481659746,0.1901728438349178,-0.15769987807696292,0.31195403581190384,-0.020761979137613656,0.02458064053423009,-0.3270597422881687,-0.2220465538812167,-0.4252866785136546,-0.17877423519192917,-0.2419239933380615,-0.18264867837021573,-0.15744646941166157,-0.023954290814334325,-0.02065360310465459,0.09583150714405246,-0.19801257480735363,0.02973965845611966,-0.10908525846886978,-0.054916367171624604,0.32537672624692204,0.3690713927117118,-0.12237726015826088,-0.3416474750774968,-0.20508729848831372,-0.15437687765461514,0.10272932288885879,-0.14466447258325432,-0.023484130083114854,-0.22141382910055862,-0.09064539521392313,-0.12524284997091378,-0.0621154045374495,0.19114663436635881,0.026042123213986884,-0.02152220513351768,0.07117914717624653,0.10963670122480855,-0.12003601909330698,-0.17552136043796668,-0.11565953987998948,0.43676656918136253,-0.004362135326602332,-0.002562774426443752,0.3742176605120768,0.09152993489469197,0.1607360007650073,0.04289937763469308,0.4036401596952721,-0.18186773342683424,0.3499525854855804,-0.2539441704053742,0.15340308712317413,0.055361027659794886,-0.12164890946616835,-0.010585788395795647,0.25009522747013685,-0.34950154993664784,0.14259895289626978,-0.21867255297277052,0.030609854250173322,-0.1308544972069265,0.3346173768218728,-0.20951318442253902,0.22361003753317024,-0.16030249663317103,-0.08107324147933286,0.08087720836089218,-0.1307987154252564,0.008880459641880962,-0.20181370478687374
#11,0.36899807951294533,1.0,0.30469762289921826,0.38070428483771485,0.05691016742503327,0.06982444676425822,0.2144921068778937,0.23824558327821563,0.021869645945062913,0.29685629816159187,0.1690952991895704,-0.09064380144873256,-0.2180111404186821,0.11484193833722478,0.006575875176310274,0.04343807026910725,0.08652869972666927,0.08716142450732733,-0.06847612141303222,0.07320004143789495,-0.12183697375865614,0.14853891576154085,0.10202009737905314,0.31102487070579893,0.09363370494625027,0.13835953748934168,-0.18394281570496218,-0.10658145335447729,-0.14787750320745244,-0.01985512674417678,-0.10231494393930943,0.0806078620436851,-0.18476997983887034,0.18392687805305644,0.09447043167130187,0.1343623743913809,0.020993075090246952,0.12327136243017316,-0.05722254540238587,0.04051510490959367,0.05341504036210345,0.05845452589469993,-0.028027954641442678,0.18812804309541076,0.16330674401740392,0.19478360653124976,-0.2651579022862562,-0.10620532476950172,-0.26415861151176595,0.05097339209014336,-0.06017101100494864,-0.016838129238419302,-0.03161233255504466,0.028394520635274804,-0.06451402114926408,0.07804986891281307,-0.08112424196543123,0.13395277673740327,-0.10986939094263243,-0.041096829204153355,-0.23270087418020702,-0.12496234729737268,0.05356007299444573,-0.04340300743491461,-0.14019077369331176,-0.16303899146538742,0.033454725115348756,0.021927021491923594,-0.013107124927284464,-0.005822024241168549,0.0017403915881073241,0.1927005554271689,-0.08930822621903114,0.10579572711552407,-0.03666775573954689,0.013435440556542805,0.02900174517288368,0.0582568990110687,0.03637131541410004,-0.0446461442835627,-0.14062109029476688,0.14519200886133446,-0.16593008152108948,-0.2254731490409518,0.2327965000916415,-0.41251105674600963,-0.09103108639004215,-0.09670648423367785,0.13070149574863135,0.16133047518109156,0.2251416458813123,-0.19698140872905195,0.16676999577652224,-0.1339830582760242,-0.03154220688665939,0.0642000494067209,0.3303923053016599,0.0037676609105180532,0.20248149240172444,0.1088716939333328,0.13129437639952507,-0.06818924367872882,0.0763190399158492,-0.013868944688379061,0.12283945206352748,-0.15146825618181672,-0.12717289961669948,-0.05543434085856131,-0.21069735195913586,-0.1918287658679247,-0.09448955685358876
#12,0.4218409581716326,0.30469762289921826,1.0,0.6166213771725012,0.3057032887344707,0.4968419542748767,0.1616890723489708,0.3725298631752584,-0.27714620404975737,0.40513351767884037,0.4080469204472105,0.04613153344117811,0.028005641928774635,0.13121946943556806,-0.3210528412848935,-0.1883559515176629,0.2636693255982596,0.534268342245137,-0.45192486990891634,-0.24197818135454102,-0.2507327335463666,0.09670010917291555,0.1703623425160771,0.05941078500904462,-0.012872841444270016,-0.0743332084883934,-0.0028273394480791145,0.03022735060443545,-0.053730605869837196,0.03951581413510347,0.2589693120512555,-0.07804986891281307,0.14337671030927013,0.12582616803066404,-0.2626270031636239,-0.008582425551243535,-0.25599215867526237,-0.05855812063208728,-0.16537226370438843,-0.18789216584720572,-0.011333264270175076,0.07737570623720007,-0.31112209038242394,0.10063511542844393,0.2934440468885719,0.23867908741005187,-0.052206966347648,0.07972013483253512,0.09990995226673255,0.29030751699352136,0.23343719369825244,0.3255743531305533,0.2318418347424874,0.3788587047470296,0.16450366167552535,0.4281442995003546,-0.24160364653475602,-0.1232378933611711,0.17811441640303133,0.39656224848393085,-0.0904477683302919,-0.026142530420993074,-0.2540637027946673,-0.2766919809704436,0.05079967168437074,-0.12230235319430388,0.008395955023946322,0.06713576488775909,-0.19822932687327177,-0.2559602833714509,0.09326235765684641,0.16097825307397462,-0.2480488329654392,0.19749300735522635,-0.2826191937141901,-0.14336874148331727,-0.252581501167433,-0.03930065583437592,0.01802707807058786,-0.07091617591980173,0.009772968148602667,0.32873319573827187,-0.14985695957414594,-0.06051207675573158,0.2027157758847389,-0.05354732287292113,-0.1354748224944019,-0.005495302377100782,0.13908470065105308,-0.17732550263369698,0.32603176374024817,-0.12389930591525951,0.23369378989393494,-0.08999992031174048,-0.033429224872299566,0.2907585525424539,0.23242515280223763,0.03669166221740551,0.40270621329359546,0.2760225995904024,0.4272820725322538,0.29189331335814295,0.38538198567205095,0.1855094868872969,0.4212209835124991,0.0314290495581286,0.09419789782371363,-0.12662623815633242,-0.2076787606881878,-0.08354038999434213,-0.03178764672600786
#13,0.7099379228458271,0.38070428483771485,0.6166213771725012,1.0,0.41800157782753866,0.49329742049103903,0.277417144132155,0.5979201364263003,-0.19513264110798556,0.6068133461897058,0.4117332993330093,0.0014917642183777064,0.17652383874283803,0.3132927985719864,-0.006886659388472297,-0.039783566687119985,0.05528452693064731,0.07748408227015914,-0.19116416578345513,0.007065161089816637,0.04558646574600164,0.07970579094581995,0.008458111866378727,0.12389293085449721,-0.01411119699734638,-0.005165392982651866,-0.2937627999266868,-0.21603487158236978,-0.1797209317151304,0.22056594601917298,-0.21844145702013723,0.14148491102805824,-0.2691821593924567,0.2703950147024839,0.022537433559913618,0.27176405900118733,-0.05048729370701815,0.2002677525520165,-0.09708420658384401,-0.015330427368135852,0.05888165496577389,0.1918287658679247,-0.2434109762608675,0.3241829961191818,0.07220234442859534,0.1046322785264047,-0.3690777677724741,-0.26499693200200813,-0.3228729211325295,-0.08375236076468853,-0.15221732582138672,-0.12784228099674075,-0.1742399732247448,-0.03267696770234841,0.004720732494481588,0.12907266772386425,-0.16285889599885248,0.10687151861916185,-0.03940106304138211,0.040021037700515585,0.10858481619902939,0.2091976189148053,-0.09717505119970675,-0.24465889440508728,-0.26131852194216226,-0.11868131868131868,0.100593677533489,0.048619400903664865,0.02154133031580457,-0.1570273091665405,-0.10785965303731801,-0.09415964745913985,-0.0153399899592793,0.11144721848130115,0.07517312274382615,-0.04270493828144299,0.054624708141749474,0.0986763780092279,-0.03361569539959678,-0.06671182334706628,-0.04612993967598754,0.3734351218035047,0.011588266700666991,0.035199897999027806,0.25098773597685853,0.010756321271187115,-0.07465514905688944,0.013119875048809059,0.3648670401389763,-0.12056036784100599,0.30824853174381817,-0.23801448732558234,0.1094024177417941,-0.09213556566711026,-0.11376933436396816,-0.020999450151009253,0.29738064690929084,-0.3523304831499175,0.052482687725617386,-0.10166946903712676,-0.0698196654686865,-0.18926439767629036,0.2535106662735379,-0.284971591135478,0.09968363760967097,-0.26747683063854205,-0.2342882643100192,0.011677517551339162,-0.14762728207253226,-0.07684657619392934,-0.20764051032361402
#17,0.45405095267314266,0.05691016742503327,0.3057032887344707,0.41800157782753866,1.0,0.5586529496609265,-0.011828925244443737,0.2600275721377969,-0.22831164484536492,0.16084278303277577,0.05894540557339687,0.2872698005402864,0.2926567268844281,0.14908079592633616,-0.18360334371936982,-0.24252165528452693,-0.2640757357218561,-0.009470152762393517,-0.13423646694132554,0.010361067503924647,0.02181545792858338,0.025426929850425137,0.03643984731729474,0.12923523177330284,-0.09753046083720486,-0.00971718636693256,-0.07869375004980517,-0.08874722087194893,-0.19221764457442486,0.3979647618516364,-0.1714110400114751,0.1371976826654129,-0.14706627672545003,0.22710516459610006,-0.18355553076365258,0.2664376957342875,-0.07831602769963901,0.19013618723553458,-0.025951278598124138,-0.03848783558718294,-0.07917506713735865,0.2593247216887536,-0.21937540342181386,0.33769971870044385,0.0777613974133191,0.26708317063647014,-0.1963980906693017,-0.09017523448270366,-0.26738757978786987,-0.09296432356620898,-0.17021412235335368,-0.03994613073655858,-0.15389556056706166,0.08347026432595686,0.019877439456844823,0.251596554279658,-0.2479675509407199,-0.00612165209699655,0.0463068476121413,0.29993385874459116,0.10617663699607137,0.19936886898453252,-0.2312107037270199,-0.34203316625361585,-0.3403581190383221,-0.0208591988142387,-0.09776633808540988,-0.034986333463490824,-0.18727059742288168,-0.20635752934520157,-0.399539401859924,-0.2365673485325407,-0.08858625058770091,0.22226808724270652,-0.10592960339153233,-0.12262429376279993,-0.161489851700149,-0.21345615950402028,-0.2882085282375348,-0.11781112288726502,0.13015164675788315,0.44504936687677804,0.08789455649499159,0.35295364533943213,0.44418873367386785,0.30914422778092104,0.0897241989337711,0.14765756361115318,0.3564471786371714,0.034752049980476374,0.517586401995394,0.1135733012455275,0.1881997625289866,-0.01055072556160301,-0.0928702914199651,-0.02637522013881695,0.30020161129660766,-0.3692164253440541,0.05498171154443816,-0.250570169496928,0.0820071878810095,-0.11021683175417765,0.26244212640151726,-0.2851708117842998,0.1319095697630868,-0.19689215787837977,-0.0306736048577963,-0.1627202384272725,-0.12034839707065959,0.1274151519256668,-0.03512658480026138
#18,0.3332323948712636,0.06982444676425822,0.4968419542748767,0.49329742049103903,0.5586529496609265,1.0,0.16793663189602276,0.36515710540366086,-0.07464399270055543,0.37850648263991266,0.1846042282590506,0.3301532405230737,0.6112758887233144,0.34244117014240294,-0.08237216010965105,-0.07354748224944019,-0.045392026392751555,0.240019443935325,-0.1539051231582051,-0.014882579349584426,0.009404808389579963,0.056106909768983734,0.024701766688713753,0.030190694005052237,-0.08705623600474942,-0.04398951302504602,-0.19314999721091092,-0.20849158093538078,0.18106128824040355,0.5334029277466551,0.1796970252372718,0.195205954306752,0.016702659197220474,0.21850839515814136,-0.06795177266533321,0.18035525026097904,0.06448852090621489,0.19009315557538908,0.12246013594817076,0.08308297938464726,-0.08117524245152961,0.01154204751014033,-0.12978508076405104,0.15827841484114147,0.0325590290782459,0.23463729888675502,-0.23481580058809937,-0.15648224147136403,-0.19854648614619608,-0.18123341488098557,-0.20541720788276263,-0.10058411494234555,-0.2317972093171513,-0.014071352867582019,-0.04093426515471476,0.3185665675875973,-0.2591796890564113,0.07290678864282925,-0.017281195961399008,0.32237407262787976,0.024293762799926687,0.09590800787320004,-0.022916749675270343,-0.11108384001785017,-0.05361744854130641,-0.1446166596275371,0.21456860760704125,0.19358668887312833,-0.023281721903911895,-0.11392552335264446,-0.2047956394584386,-0.06448852090621489,0.030727792874275833,0.08930344492345943,0.007951294535776044,-0.06493796268995689,-0.11483396951127191,-0.1005490521081529,0.10579572711552407,0.10423383722876109,0.11978261042800564,0.34034696268198805,0.11504434651642774,0.3528628007235694,0.33562144889193474,0.28576847373076525,-0.19140482432723188,0.03686538262317813,0.18113300767397938,-0.14293842488186215,0.3141247440014663,-0.02830686354979321,0.06225406210902948,-0.14927045398401453,-0.2588115292973886,0.10963032616404625,0.23363003928631196,-0.19277386862593535,0.10849556534835722,-0.17826901162651707,0.033306504952625327,0.09249416283498953,0.3193857628955526,-0.19070675517376026,0.1518204782889337,-0.24835961717760122,-0.12351042720875934,-0.1280638143582306,-0.057624174230410635,-0.09910510084549243,-0.12558072819131558
#26,0.2013355752297014,0.2144921068778937,0.1616890723489708,0.277417144132155,-0.011828925244443737,0.16793663189602276,1.0,0.32219397716134485,0.1439154029436843,0.5099267664894931,0.15604395604395604,0.06708635816685128,0.08427033445162524,0.21510570647626484,0.16072165687829212,0.3373969033142347,0.3074229613751006,0.11711624126417455,-0.016748878387747135,0.2886484074301333,-0.02595446612850529,0.21108463690044546,-0.1159575739706269,0.01879367912725418,0.2231749396361434,0.16826654129047167,-0.24613631473674982,-0.028037517232586122,0.033051502522133416,0.1750209181681263,-0.031213891257401045,0.2761564758664106,-0.07503765270262733,0.3400584911824941,0.3958609918000781,0.2949294360461873,0.30373658248930185,0.28626572847022447,0.031142171823825195,0.3349584425726558,0.12104805998932178,0.17445035022990063,0.10285523033891417,0.08918231876897577,-0.12551857134888317,-0.1054004733482616,-0.21723019547530062,-0.22832120743650838,-0.08655738750009961,-0.1290567300719585,-0.1870203762879615,-0.18367187562256454,-0.2736590458127804,-0.29181203133342365,-0.24809027086039415,-0.08759174110878244,-0.08006120058331806,0.28162946553084334,-0.12143693869582195,-0.035015021236921164,0.11324976691184088,0.186464152236451,0.26490768115133595,0.32967192343552026,-0.17942289762449298,0.08466240068850656,0.3180422188398983,0.27828893369139923,0.39113069671445305,0.2881750591685327,0.10476615480241296,0.20773932376542964,0.22124648375554828,0.10981201539577175,0.22063129039198656,0.3309373729968364,0.23831092765102918,0.17830566822590027,0.5507383117245336,0.375774769103268,-0.1468574934854848,-0.07649276032162182,-0.15058212273585733,-0.21141454629489437,0.026242937627999268,-0.02673541107188678,-0.32408418267736616,-0.1886619544342532,0.07007466789917842,-0.2207779167895194,-0.16199188773517997,-0.26670863581668514,-0.20603877630708667,-0.25717154491628746,-0.24938281442995003,-0.1611535672449378,0.32592338770728907,-0.159905649100718,-0.06559778147885471,-0.02425232490497175,-0.20165273450262572,-0.1263776107866028,-0.01891480528173784,-0.07034560798157607,-0.08201356294177178,-0.32259082469379785,-0.16204926328204067,0.25752376702340446,0.055319589764839944,0.05197108909944298,0.06109858234586298
#49,0.7208010263847827,0.23824558327821563,0.3725298631752584,0.5979201364263003,0.2600275721377969,0.36515710540366086,0.32219397716134485,1.0,-0.09525775167544566,0.5331144562471611,0.554620723728773,0.11030927013523098,0.2839149248141271,0.33014208416673974,0.12308011060730423,0.08550072117874874,0.03818183267059264,0.08791049414689733,0.0282638318896477,0.11626198312202664,0.048562025356804185,0.014318386472121062,0.01593446437536358,0.08833443568759014,0.041120735682011966,-0.021499892420849636,-0.24434173513216298,-0.2530771621417017,-0.08012495119094104,0.16561292224816518,-0.10021436141813227,0.1699766513399581,-0.12595526301110058,0.2759572552175888,0.07115045940281618,0.28999513901616875,0.05654997649196344,0.23999234992708524,0.07238084612993968,0.09499478041900086,0.04645984907043645,0.16322864952306576,0.008725864418395238,0.20636390440596386,-0.19457801082166565,-0.12710596147869535,-0.3024695391627951,-0.2657667205890556,-0.38248930185115826,-0.27273784953262836,-0.2821155639139686,-0.3414418793679127,-0.2277761397413319,-0.2254109921985194,-0.06280550486496825,0.025900278112025756,-0.17072412721433752,0.08022854592832838,-0.1501231183609719,-0.09659332690514706,0.3243567165249544,0.27892643976762904,0.06720589055614436,-0.16301508498752879,-0.17730797121660066,-0.19102869574225628,0.2673349855365809,-0.0533433209285276,0.29658695184438477,-0.05116305014782172,0.07173696499294759,0.04322131820318913,0.18089872419096495,0.17897664337113214,0.15557379531273657,0.03948234506610141,0.12087274581835858,0.13912932607638917,0.18838304552590268,0.11672576879248381,-0.19398513017077193,0.1516324139964459,-0.10991082883758736,-0.03736582489301851,0.2557499063662951,0.14477444238140394,-0.05847683860736798,-0.19997131222656966,0.17567117436588067,-0.28817824669891384,0.051225206990254124,-0.32447146761867574,-0.14311373905282535,-0.09355720421710269,-0.3148961263537043,-0.06822590027811203,0.19517567276813108,-0.32404115101722064,-0.02682466192255895,-0.12499422260118417,-0.15067615488210123,-0.11199387994166819,0.211213731880882,-0.21937540342181386,0.023002812995561363,-0.18154419909314762,-0.10541800476535793,0.10670736080453266,0.04029197778291324,0.01287443520946059,-0.239184310975464
#50,-0.22557993130872028,0.021869645945062913,-0.27714620404975737,-0.19513264110798556,-0.22831164484536492,-0.07464399270055543,0.1439154029436843,-0.09525775167544566,1.0,0.011098980787160628,-0.18546804899234196,0.0633951979854808,0.07134489875606627,-0.02220593040027413,0.24078923252237247,0.3183115651571054,0.16883870299388792,-0.15545107539306233,0.09275075903067201,0.023876196319996174,0.04153830216194248,0.17737331558941422,-0.13545410354692444,-0.07545521918255783,0.19307827777733508,0.06964116376734215,-0.20138338818541865,-0.07506634047605766,0.11985114233120034,0.06882196845938687,-0.1706763142586203,-0.19826279594227383,-0.0974523663428667,-0.19374765915737635,0.19000071719433576,-0.02523886555793735,0.1375961239630565,0.10482034281889249,-0.08194184350819594,0.16092725258787624,-0.020808198328140314,-0.08479627696451482,0.20751300910836806,-0.060121604284040835,-0.2152220513351768,-0.053407071536150576,-0.16130816246842353,-0.15676593167528627,0.020502195411550017,-0.16512044880427768,-0.06398170357561221,-0.1690203922256134,-0.1375594673636733,-0.19217461291427934,-0.017431009889313006,-0.18144697941652257,0.1156898214186104,0.15967614691327528,-0.2897991058977281,-0.2564256628070986,-0.4027030257632143,-0.2738837667046514,0.14903138920542836,0.2791591294854529,-0.05446373785750146,-0.110844775239264,-0.01821673612826622,-0.018028671835778436,0.16627114727187242,0.2252356780275562,-0.14264517208679645,0.03076604323884962,0.1100399238180239,-0.060792579429272686,0.13457753269210848,0.20265521280749707,-0.06355457450453825,-0.09904135023786946,0.22477667365267076,0.17808732239479158,0.257139669612476,-0.1701073400855852,0.24057885551721664,0.24746551490568894,-0.12206647594609886,-0.06284853652511375,-0.1505151845978532,-0.15277833116846895,-0.2651977464160205,0.18958315071440524,-0.20887886587669038,0.056753978436356975,-0.2704013897632462,-0.21978181354541035,-0.1805210018407988,0.06487739961271506,-0.12506594203476,0.160280183920503,-0.09415008486799639,-0.00012112615448365992,-0.24811258357306218,-0.014033102503008231,-0.3427280478767063,-0.09140562120982716,-0.2560973471778403,-0.22467626644566455,-0.32697367896787766,-0.27863159320737274,-0.07213062499501949,-0.2616659627537075,-0.11205284925371944
#51,0.40441791710827246,0.29685629816159187,0.40513351767884037,0.6068133461897058,0.16084278303277577,0.37850648263991266,0.5099267664894931,0.5331144562471611,0.011098980787160628,1.0,0.4545864577771757,0.1423487317613496,0.2535584792292552,0.5208026201499732,0.19775279108128999,0.22817936233454725,0.33131987664257423,0.021895146188112107,-0.14095737474997808,0.09392217644574424,0.05088414123947119,0.1095267314266589,0.018701240746200862,0.10480281140179618,0.14882101220027252,0.10462271593526126,-0.3217971296288918,-0.26981169664273363,0.008021420204161321,0.12243463570512156,-0.09063742638797026,0.16220067097514523,-0.2685271218991306,0.20631609145024662,0.23903449704754998,0.15262692347536438,0.21808923491302026,0.1437209635904342,0.09087011610579414,0.1955183322841046,0.08578122385228984,-0.08835515463506761,0.021053638167488783,0.18333559116735332,0.08328220003346908,0.10473109196822032,-0.31644207858856155,-0.2801520451991808,-0.23091266963638246,-0.16643211755612045,-0.20452310561085035,-0.21322665731657756,-0.2662305062595128,-0.2413693630517416,-0.07467586800436692,-0.1068922375666393,-0.06425583118839101,0.19648096645921156,0.008475643283475045,0.00621090294766872,0.14933420459163751,0.11459968602825746,0.25521758879264317,0.06885065623281722,-0.27935675636908414,-0.20448485524627658,0.30105746320394616,0.2186502402601025,0.30995864179330457,0.2062682784945294,0.07403836192813713,0.2379172676489573,0.22423319972268485,0.045616747284622554,0.21516626955350668,0.1545490042951972,0.10611766768402012,0.12998430141287284,0.4462319406481843,0.19670249982070143,-0.1089529759580521,-0.09137533967120624,-0.13157169154268503,-0.027457386703217016,0.03169520834495454,-0.060198105013188404,-0.20497892245535465,-0.04446764258221836,0.10483946800117938,-0.14212241710428802,-0.15318314752687487,-0.18443688291404028,-0.09800380909880547,-0.10602522930296679,-0.14429950035461275,0.05221174764321972,0.20141366972403957,-0.17907545681294776,-0.2032082493286264,0.005735960920877527,-0.16868092024002104,-0.08648726183171433,0.11705567818693272,-0.20441632334308185,-0.22398457235295524,-0.33604060913705586,-0.292312473603264,0.12631704770936097,-0.14638255145869358,-0.012989186303181952,-0.06650782140267275
#52,0.4593629720533274,0.1690952991895704,0.4080469204472105,0.4117332993330093,0.05894540557339687,0.1846042282590506,0.15604395604395604,0.554620723728773,-0.18546804899234196,0.4545864577771757,1.0,0.14250013945445417,0.1794037724422061,0.1751022001928456,-0.029838471897935277,0.13487716054793647,0.004190008686020289,0.14943939309421542,-0.0444214233916917,0.13326905147064683,-0.28636135438165894,-0.03357903880021357,-0.09574225629338029,0.2062364031907179,-0.06420323693710206,0.13462056435225397,-0.3614707265178621,-0.11651857931770912,-0.02715616508219844,0.13183785032951095,0.08693829738064691,0.20382822398775988,-0.056900604833889826,0.2614970236435066,0.05531321470407765,0.27959263361728914,0.10347839252842879,0.2185482392879057,0.009285276000286878,0.23455920439241687,0.18706500171329757,0.11453912295101562,0.11208153702714979,0.12334626939413017,-0.05847683860736798,0.03404123070548016,-0.21305612444118607,-0.20183761126473238,-0.24610922072851008,-0.13129915769509679,-0.19139844926646957,-0.17192423240284008,-0.15325327319526014,-0.1612778809298026,-0.16675246435942592,0.012405868243431695,-0.263634262764067,0.1324721688753596,-0.042051494553307464,-0.027071695527097994,0.3389715433225223,0.263881296368606,0.17708165655953909,0.009815999808748177,-0.21708356907776777,-0.14192797775103794,0.25150252213341406,0.09851700149017045,0.13148084692682227,0.10866450445855812,0.06965869518443847,0.10509925172724302,0.10837443919387357,0.20004621919052665,0.037018384081473274,0.09077927148993138,0.10838240801982645,0.1778355074946808,0.2816677158954171,0.22173895719943582,-0.06288678688968755,0.10270063511542844,-0.19753603901537187,-0.14601757923005204,0.08722358134975974,0.0404322291196838,0.0503151670664361,-0.05865374654352174,0.26920925340069646,-0.2770872347377061,-0.06400401628828024,-0.2391269354286033,-0.006311310154674911,0.04570281060491358,-0.13560710500521958,0.042633218847867145,0.29502665572281234,-0.24062826223812445,-0.005031516706643611,-0.028592147518906038,-0.05639219373809656,-0.1560598936958618,0.22497589430149256,-0.05498649284000988,0.034670767955757076,-0.12030695917570465,-0.09001267043326507,0.1660735203882412,0.04619687781399166,0.14185307078708093,-0.061227677326299516
#53,0.07819012024958363,-0.09064380144873256,0.04613153344117811,0.0014917642183777064,0.2872698005402864,0.3301532405230737,0.06708635816685128,0.11030927013523098,0.0633951979854808,0.1423487317613496,0.14250013945445417,1.0,0.626558503135733,0.13955486138227255,-0.19507207803074372,-0.12309286072882882,-0.08433089752886708,-0.04864649491190463,-0.22779207739323765,-0.040421072763349775,-0.07367976476025787,-0.16853748137286934,-0.07529424889830981,-0.0782793711002558,-0.2225693088637251,-0.06248515806166278,-0.06625281897218083,-0.1481436619942784,0.08659245033429225,0.2863517917905155,0.3273211197794229,0.08789136896461044,-7.809449433814917e-05,0.012200272533847588,-0.15222848217772075,0.06866418570552,-0.0059686506387014,-0.055643124098526564,0.1996573404840265,0.0626525034066731,-0.3450087258644184,-0.10804452979942465,0.10435336961805418,-0.11882794507885153,0.08600594474416084,0.1748328538756385,-0.10457171544916287,-0.12185609894094303,-0.026089936169704116,-0.13215500960243529,-0.1991568982141861,-0.17941333503334952,-0.12505000438285427,-0.10019045494027365,-0.06500490082796101,-0.050450637107634935,0.007728167409095618,0.004449792412083928,0.27484799464494897,0.24444373610435974,0.24018997681071647,0.13637529982707647,0.11436859007562415,0.004170883503733395,-0.2148666416976787,-0.21905186908812724,0.29572153734590284,-0.034669174190566504,-0.18101188151949574,-0.0033293754831100735,-0.2953278773438309,-0.11854744240531043,0.09014973423965447,0.1771358445760186,0.03987759883336388,0.08124377435472432,-0.013449784443257975,0.028252675533313676,-0.0071910685398720205,0.001993800253408665,0.16196957502251194,0.19711847253544135,0.10363936281267681,0.37383675063152944,0.4504522308728255,0.573879782291675,0.18459307190271657,0.02200352222107117,-0.09138330849715912,-0.012852122496792547,0.06700029484656025,0.13493612985998774,0.165823299253321,0.1657053606292185,-0.011672736255767438,0.1290933866713417,-0.08941182095641849,-0.061042800564192874,-0.15875973192869494,-0.1741953477994087,-0.0713114296870642,0.13669564663038195,0.030664042266652855,0.08524253121787567,0.13413127843874761,-0.16505988572703584,-0.02454717146522803,0.1776123803680004,0.17574130003426594,0.125803855317996,0.20904302369131955
#54,0.17258086366135678,-0.2180111404186821,0.028005641928774635,0.17652383874283803,0.2926567268844281,0.6112758887233144,0.08427033445162524,0.2839149248141271,0.07134489875606627,0.2535584792292552,0.1794037724422061,0.626558503135733,1.0,0.3100447051135956,0.019158651355895735,-0.056753978436356975,-0.1461387053845357,-0.08248850496856298,-0.07565284606618906,-0.008236578504888875,0.14119803329375483,-0.13111428093299013,-0.08697654774522069,-0.0799336993680721,-0.20603558877670552,-0.08156252739283922,-0.1630581166476743,-0.3020981918733913,0.2689287507271554,0.45081720310146706,0.14098446875821785,0.03576409087649117,-0.1209715592601742,-0.0683581827889297,-0.11866538102941293,0.07747133214863454,0.0705065782658241,0.025995904023460224,0.20095944664472584,0.0747332435512276,-0.24450111165122043,-0.20416769597335224,0.12898341687319206,-0.08215540804373292,-0.0871885185155671,0.176063240602762,-0.18502498226936226,-0.21165520483867112,-0.2013180438126051,-0.36306130417805543,-0.3597765541202815,-0.3565922112695137,-0.3337264620803417,-0.25520005737554685,-0.11990692411287045,-0.02366422554964977,-0.022231430643323318,0.07862203061622931,0.03847030417008662,0.07183259090438206,0.38187888978316825,0.27684020113316704,0.1776235367243344,0.02996437934799066,-0.16920367522252946,-0.18436835101084556,0.4392273426356095,0.04891105993353999,0.06642653937795345,0.020763572902804228,-0.17960139932583732,-0.09716389484337272,0.24050235478806908,0.01189108208687614,0.19534461187833196,0.02612659276908733,0.06183490186390839,0.023092063846233534,0.1261847651985433,0.0537178557483126,0.1197730478368622,0.1948234506610141,0.3395612364430349,0.4365338794635386,0.24145383260684203,0.5838822526277203,0.04231446580975225,0.20445616747284623,-0.0736590458127804,-0.12413837069384567,-0.025410992198519392,0.021264015172644615,-0.06781949015451554,0.10353895560567061,-0.18969312051255488,0.017979265114870625,-0.12829331654567333,-0.1973957876786013,-0.22011491047024043,-0.3178684984341257,-0.28491421558861735,-0.003112623417191945,0.07282072532253824,-0.1833674664711648,-0.03199164867040139,-0.27319366637713266,-0.21331431440205914,0.1895560567061655,0.1562654894054459,0.02029659970196591,-0.0763062897943246
#58,0.23397907386304775,0.11484193833722478,0.13121946943556806,0.3132927985719864,0.14908079592633616,0.34244117014240294,0.21510570647626484,0.33014208416673974,-0.02220593040027413,0.5208026201499732,0.1751022001928456,0.13955486138227255,0.3100447051135956,1.0,0.2893241638709369,0.1408633426037342,-0.16168588481858967,-0.19978962299484418,0.06176477619552311,0.23811011323701678,0.14215747993848066,0.02378216417375228,-0.1814326355298074,-0.07358732637920455,-0.050539887958307106,-0.05121883192949183,-0.3447154730693527,-0.31755771422196366,0.10329510953151272,0.36124281809561,-0.11477978149479237,0.21789160802938903,-0.2806333622867343,0.18497716931364502,0.33283714110400114,0.30686992485397124,0.25244762489142475,0.24249615504147773,0.10764927603216218,0.12671070771143286,0.09700611208950585,0.0772051733618086,0.04351775852863598,0.13356230426571253,-0.00213086405979807,0.04263481261305772,-0.3248619400903665,-0.291166556431241,-0.32538469507287493,-0.39186223493692673,-0.4442477029859191,-0.33370096183729253,-0.4381340197148754,-0.31218991306010885,-0.25262612659276906,-0.15671971248475963,-0.0786411557985162,0.20433822884874372,-0.0015794213038593024,0.04069201284574744,0.1547785064826399,0.1556040768513575,0.40978253073974613,0.1324036369721649,-0.23090788834081075,-0.13280367203499907,0.4198870020479883,0.3463889265194559,0.20077616364780976,0.1830056817729044,-0.1435472431846616,0.06667516674768306,0.37319605702491854,0.014637139510235956,0.42368335073193664,0.1692961136035828,0.2983145933109675,0.19972427862203063,0.1487413239407438,0.031030608260484982,0.1515511319717266,0.04107451649148531,0.07326219828032736,0.20149017045318712,0.07618356987465037,0.11712102255974627,-0.14180207030098255,0.10544828630397883,0.2759923180517814,-0.12114687343113739,0.053705105626788006,-0.04438954808788021,-0.11466184287068987,-0.027575325327319527,-0.09720692650351824,-0.238734869191722,0.11526109858234586,-0.32581660543952057,-0.3415661930527775,-0.261484273521982,-0.2563395994868076,-0.17125963231837055,0.005418801647953207,-0.3168612388336826,-0.2520284646463037,-0.4131294376399525,-0.25444461267521457,0.0731538222473683,0.089904294400306,-0.09201284574743603,-0.07097514523185298
#101,-0.1369602116520173,0.006575875176310274,-0.3210528412848935,-0.006886659388472297,-0.18360334371936982,-0.08237216010965105,0.16072165687829212,0.12308011060730423,0.24078923252237247,0.19775279108128999,-0.029838471897935277,-0.19507207803074372,0.019158651355895735,0.2893241638709369,1.0,0.5622500776960531,0.026123405238706182,-0.4489811856019253,0.6595637864673398,0.41817211070293014,0.6751555913267299,0.29804365322856985,0.02597677884117333,0.07431567707129709,0.4332220353975249,0.07165249543784714,-0.31714014774203314,-0.46376813904007524,0.018669365442389372,0.08577644255671812,-0.4354437440731857,0.04283881455745125,-0.3391707639713441,0.05668066523759054,0.5125771980014184,0.2274589804684076,0.538440819514061,0.3523958275227311,0.24428117205492114,0.18337862282749884,0.21516148825793496,0.12419255871032521,0.20849954976133367,0.197303349297548,-0.23539114982189674,-0.2612898341687319,-0.49153152865988253,-0.5482791320354772,-0.5114806875503032,-0.5691781749794803,-0.4427670951238754,-0.5251312864075736,-0.5147112495915976,-0.5033955167385189,-0.023492098909067727,-0.37560423622787653,0.3187275378718453,0.28460183761126473,-0.3944345719545139,-0.33642151901760314,-0.10492553132147041,-0.14177657005793337,0.38567364470192605,0.22963606371873233,-0.4005434739299859,0.13574576257679957,0.10989807871606276,0.10725083473451856,0.6668377307971216,0.3983663906796612,0.03322522292790603,0.014986174086971766,0.3933810931635442,-0.23457195451394147,0.559489676385978,0.12200910039923818,0.2928511662376782,0.137841563802405,0.32816103403485564,0.1952537672624692,0.07198718612786778,-0.337541935946577,0.10622126242140745,-0.01752822956593805,-0.32045677310361864,-0.2383778657890333,-0.2384336475707034,-0.15884738901417655,-0.12757134091434308,0.029655188901019213,-0.292215253926639,-0.1905920040800389,-0.43556168269728823,-0.41205364613631473,-0.29412777215532837,-0.38728494130959684,0.03826789599088366,-0.28997920136426303,-0.4953485962913084,-0.2529751611695049,-0.5815856369881025,-0.43162508267656924,-0.37406147152340047,-0.44640406728876636,-0.5509072508347345,-0.49225669182159393,-0.4018137047868737,-0.012455274964339505,0.053053255663843044,-0.23150714405246675,-0.2992820087816462
#102,-0.15240379634868395,0.04343807026910725,-0.1883559515176629,-0.039783566687119985,-0.24252165528452693,-0.07354748224944019,0.3373969033142347,0.08550072117874874,0.3183115651571054,0.22817936233454725,0.13487716054793647,-0.12309286072882882,-0.056753978436356975,0.1408633426037342,0.5622500776960531,1.0,0.054516332108790415,-0.18006677876148508,0.49590163281243776,0.7596761469132752,0.0643323319175386,0.6205069767071217,-0.3158906358326228,0.36048099833451536,0.21258436994477603,0.567759723959869,-0.5503637769047486,0.04759142235574433,-0.08894962905115189,0.250858640996422,-0.3319143510586585,0.2563364119564265,-0.18905083314075338,0.3383595374893417,0.58998477954243,0.45761142410888606,0.593142028384958,0.6512140506339201,0.02806461124082589,0.633854760178183,0.20413741443473132,0.2633426037341918,0.25805927212743746,0.29999123429145186,-0.5256046346691742,-0.13149678457872802,-0.2720748432133494,-0.33168166134083465,-0.30780705878602904,-0.4245312338133223,-0.4415112081537027,-0.4786284056769916,-0.5489453258851373,-0.6367601941206003,-0.4628533178206855,-0.28792643179880306,-0.17409812812278366,0.6779319302887106,-0.520110926057264,-0.26114480153638964,-0.12251432396465028,-0.08887631585238547,0.5388838862370406,0.477331080811864,-0.24298225342460295,0.3838710962713863,0.22090701176995592,0.24136617552136044,0.7101514873813641,0.7083744391938736,0.06039573189681964,0.1781542605327957,0.618715584632916,0.12781518698850097,0.5327319526014233,0.44122751794978043,0.3661707400648662,0.1592936432675374,0.3521121373188088,0.684874371458853,-0.08270844456486226,-0.20597024440389197,-0.05022113492019221,-0.22691550653842169,-0.17647283825673962,-0.31726446142689796,-0.3813848225740902,-0.2823833164659851,0.03968953454087609,-0.1670473109196822,-0.29395405174955574,-0.1666536509176103,-0.33715624477045797,-0.4908462096279355,-0.468750249025811,-0.37512291914032303,0.3511016901879846,-0.34116137669437163,-0.34264517208679646,-0.15178063415916934,-0.5088302560383778,-0.5273211197794229,-0.3362318609599248,-0.37509104383651154,-0.5723194861701025,-0.5468622747810565,-0.4449393970786284,0.08795193204185227,0.016618189642120026,-0.2869685789192678,-0.25602244021388326
#201,-0.1061686681701185,0.08652869972666927,0.2636693255982596,0.05528452693064731,-0.2640757357218561,-0.045392026392751555,0.3074229613751006,0.03818183267059264,0.16883870299388792,0.33131987664257423,0.004190008686020289,-0.08433089752886708,-0.1461387053845357,-0.16168588481858967,0.026123405238706182,0.054516332108790415,1.0,0.23623265784252007,-0.2450653045286838,-0.2851612491931564,-0.0726725051598148,0.038389022145367324,0.2865398560830033,-0.02714500872586442,0.45744726629425686,0.004964578568639483,0.2685271218991306,-0.01915705759070516,0.08663548199443775,-0.42899855764250255,0.24259815601367452,-0.2482926790395971,0.3137502091816813,-0.19151001282980978,-0.0694196304058523,-0.2910326801552327,0.07241750272932289,-0.26311788284232085,0.13766784339663238,-0.03382288487437146,0.010687789367992414,-0.2655308433408506,-0.035599933061861995,-0.16640661731307127,0.08226697160707314,-0.1297197363912375,0.17590864537927628,0.0776673652670752,0.31490090764927603,0.18217851763899626,0.3557841723178924,0.2108200718788101,0.3563340213086406,0.169793368343042,0.3453450103196296,0.07740598777582099,0.14847675891910844,-0.13337423997322476,-0.027994485572440612,-0.011384264756273459,-0.2053566448055208,-0.19369825243646854,-0.018758616293061543,0.08029867159671365,0.08500506020448008,-0.18773597685852944,-0.020964387316816612,-0.018613583660719267,0.043705822821123765,0.09848353242116839,0.38181513917554527,0.378684984341257,-0.08007395070484266,0.0032624373451059455,-0.17631664926806334,-0.008788021260827642,-0.19734797472288407,-0.020779510554709973,0.48252834909832737,0.02379650806046745,-0.1644988803799536,-0.4541354222282431,-0.17121341312784388,-0.2003060029165903,-0.2690004701607312,-0.2742726454111516,-0.30964945134633315,-0.21315015658742997,-0.48922216289874015,-0.057799488401373826,-0.39556455147463127,-0.13923929587453882,-0.18398425359991713,-0.2470304170086621,-0.10778474607336101,0.362003044091514,-0.0731410721258437,0.4762505080126545,0.09816796691343464,0.5124210090127421,0.134545657388297,0.41076907139271174,-0.047543609400027095,0.3263425479524102,0.0845603997163098,0.2050442668281682,0.1415502554008718,0.013363721122966953,-0.13949270453984014,-0.11025986341432317,-0.08051064236706006
