,#10,#11,#12,#13,#17,#18,#26,#49,#50,#51,#52,#53,#54,#58,#101,#102,#201,#202,#301,#302,#401,#402,#501,#502,#601,#602,#701,#702,#801,#802,#901,#902,#1001,#1002,#1101,#1102,#1201,#1202,#1301,#1302,#1401,#1402,#1501,#1502,#1601,#1602,#1701,#1702,#1801,#1802,#1901,#1902,#2001,#2002,#2101,#2102,#2201,#2202,#2301,#2302,#2401,#2402,#2501,#2502,#2601,#2602,#2701,#2702,#2801,#2802,#2901,#2902,#3001,#3002,#3101,#3102,#3201,#3202,#3301,#3302,#3401,#3402,#3455,#3501,#3502,#3601,#3602,#3701,#3702,#3801,#3802,#3901,#3902,#4001,#4002,#4101,#4102,#4201,#4202,#4301,#4302,#4401,#4402,#4501,#4502,#4601,#4602,#4701,#4702,#4801,#4802
#10,1.0,0.4595558176413869,0.2784180286718358,0.40071560057056793,0.09696626795974149,-0.25880196670624517,0.33899544980038093,0.6352971176756529,0.009812812278367028,0.4658990030998733,0.28064292487787773,-0.36406537624811736,-0.39019993784315754,-0.2721481564121158,-0.032699280415016456,-0.1556040768513575,0.1927212743746464,0.44784483102104566,0.19059678537561062,-0.06016144841380519,-0.1781415104112711,0.03578799735434978,0.05426451720867965,-0.19809066930169178,0.22792117237367418,0.07140705559849868,0.3390273251041924,0.24298862848536526,-0.37070500203205065,-0.25871909091633527,0.22895393221716645,0.2446652694658496,0.2090717114647499,0.43811330076739796,-0.17201507701870283,0.04551634007761637,0.04967606722501574,-0.04507964841539896,0.16726406298560034,0.24919475013746226,0.10058889623791727,0.2525320944465252,-0.11443074691805656,0.3039198654862179,-0.0977711193809816,-0.17328052658001897,0.18257377140625872,0.083248730964467,-0.09663954609567373,-0.3948075130091084,0.053438946839962066,-0.2755635952155169,-0.00994190725880356,0.1156643211755612,0.15468128680601487,0.08680920240021038,-0.2824757548470384,-0.3888563937875033,0.10897210114033899,-0.08909466168349417,0.24055494903935803,0.20968849859350222,-0.28528715664321175,-0.21282024719298107,0.44468280088294593,0.21857692706133605,-0.17008980866848888,-0.10471196678593343,0.14527010335567261,-0.06049135780825411,0.05630613041780554,-0.08383842408497956,-0.08759014734359187,0.04775079887480178,-0.12364908478033931,0.049860943987122375,0.013473690921116593,-0.0440405135111444,0.02339647299763326,-0.18967240156507742,-0.14200925977575724,-0.3550972595207548,-0.14378790172843836,-0.33033971105037097,-0.3178573420777917,-0.011532484918996885,0.15508610316442079,-0.11710827243822168,-0.13291842312872046,-0.18942218043015724,-0.14816438094175585,-0.23953015802181865,-0.28624819705312815,0.23046004032225934,0.029232841125516978,0.2640900796085713,0.2773103618643865,0.18775350827562576,0.2254970555188104,0.03934687502490258,0.239719816079497,0.26459689693917393,0.41615918526723455,0.30477731115874696,0.47433639601877453,0.38062459657818615,0.4383332403636972,0.1570081839842536,0.22364510036736288,0.229169090517894,0.25851508897194175
#11,0.4595558176413869,1.0,0.23843205380551283,0.2378025165552359,0.016278717656527664,0.04523743116926583,0.3133772681270868,0.2041071328961104,0.10501956346771431,0.3272892444756114,0.3093036042999785,-0.22823673788140794,-0.16663771326570456,-0.07612938185817084,-0.03620397006908972,-0.017045318713193987,0.1039581158507917,0.28739092669477007,-0.1654615145550606,-0.26209149805959087,-0.2181497979902621,-0.12865988253950544,-0.049279219692562694,-0.0247798611830519,0.11789559244236547,0.03347385029763565,0.19847954800819195,0.17959502426507504,-0.047393795472113094,-0.19454135422228244,0.2287132736733897,0.2528890978492139,0.2512762074763525,0.3018734709815203,-0.2503964490911554,-0.15350190056498977,-0.10453187131939852,-0.27209396839563627,0.03445879718541067,0.11867813115093753,0.09884053582385707,0.03852289842137558,-0.01339081513120672,-0.0768003570034027,-0.09287188518515567,-0.3263473292479819,0.19693837706890643,0.12330323773398465,0.05580090685239344,-0.28291563403963693,0.11382670991082884,0.02833555132322355,0.13345233446756288,-0.09819346715648383,0.08471180740941438,-0.28088198965646394,-0.043879543226896384,-0.37206288997442005,0.27483683828861494,0.18567045717154493,0.12296057821801114,0.23001059853851732,-0.2908286782108392,-0.07046992166644088,0.29368470543234865,0.09556375459203595,-0.050358198726581614,-0.10315167066436103,-0.04335519447919738,-0.07886109539481548,0.18032656248754872,-0.1314234713799616,-0.2540971718636693,0.05359672959382894,-0.2470320107738527,-0.05746798524173433,-0.12039780379156739,0.12557594689574386,0.06555474981870921,-0.06656360318434285,-0.16364621600299628,-0.21864386519934018,-0.1247296575795488,-0.27459458597964764,-0.19506410920479086,0.14055574592195333,0.3108989632557435,0.013507159990118655,-0.2167887225175115,-0.17441050610013625,-0.14177816382312394,0.15218545051757523,-0.08227334666783542,0.2603622628278176,0.24044816677158953,0.2939126138546008,0.18905242690594395,-0.003230562041294456,0.2940321462438939,0.2135964108407908,0.3713568519949956,0.1913522300759429,0.3567882443879543,0.13270804612356463,0.3552406983879065,0.25892946792149113,0.39211723736741866,0.16924989441305613,0.059273721202655213,0.2005115986261744,0.24015491397652383
#12,0.2784180286718358,0.23843205380551283,1.0,0.3564057407422164,-0.13687255456653571,0.16040290384017722,0.2985090326642176,0.24495533473053416,-0.004817952171106631,0.49047645610372226,0.21253815075424937,-0.1561842073807266,-0.1381045350588498,-0.2549737427184853,0.13700802460773454,0.07303747738845635,0.1551657914239495,0.3618452613376471,-0.14964339503860896,-0.39267186765373857,-0.2501063838264708,-0.20110926057263984,0.07943803839380344,-0.16338005721617035,0.09695192407302632,-0.13287857899895608,0.5230052036433472,0.11377570942473045,0.04191283698172748,-0.36002518149001106,0.3516260389356836,0.11922638637649514,0.4757516595080047,0.15424618890898803,-0.2646208034170326,-0.49311254372893243,-0.18194901545155354,-0.42174851979057926,0.04897959183673469,0.3094566057582736,0.06876937420809792,0.029345998454047766,0.0464630366008176,0.12020973949907961,0.18885480002231272,-0.23801448732558234,0.309582513208329,0.17716293858425838,0.2502147598594299,-0.05660097697806182,0.2748193068715186,0.11353345711576314,0.44027922766138866,0.2676728637569827,0.26186199587214815,-0.21925108973694907,0.0004478480185514268,-0.41048378742359887,0.3074118050187666,0.23282996916064355,-0.41168070508172033,-0.2654623114376559,-0.46595797241192455,-0.19409828749930272,0.24379985496736767,-0.06185562081138586,-0.312032130306242,0.08767621066388288,-0.06570934504219493,-0.20778713672114688,0.2473682952290639,0.22094366836933915,-0.0696698515407725,0.178096884985935,-0.07879893855238308,-0.1564838352365546,-0.2670959207579947,-0.044606300153798344,0.04159408394361259,-0.3431424268262557,-0.01978340731060093,-0.16073121946943555,-0.23235183960347122,-0.169418833523257,-0.35595629895847447,-0.15280861270708987,0.05937890970523313,-0.14557291874188175,-0.2365354732287292,-0.01453513853803919,-0.03610675039246468,-0.07782674178613265,-0.14200288471499495,0.3463443010941198,0.1607854074859151,0.3623600474942027,-0.01994437759484895,0.5170827721951725,0.47177043406194963,0.2511327686092008,0.5348070348795512,0.5520276677637084,0.3062738566726964,0.323043454007921,0.42405310425614995,0.3819952346420802,0.49565778673827987,-0.2646526787208441,-0.0671038895839476,-0.13113181235008647,0.19630724605343894
#13,0.40071560057056793,0.2378025165552359,0.3564057407422164,1.0,0.023630756480647705,0.07909537887782993,0.10664998525767198,0.1015419678218808,-0.10836806413311127,0.5018798460422826,0.2513256141972603,-0.2116870801424826,-0.08998876395540645,-0.20783973097243583,0.17882045438245583,-0.01233255504466527,0.34423256221660864,0.06469252285060842,0.05928328379379866,-0.20097379053144102,0.08550709623951103,-0.03836830319788986,-0.005798117763309932,-0.06773980189498681,0.18625696276167633,-0.005938369100080485,0.10593597845229462,-0.0757883161073879,-0.0842288965566703,-0.17443122504761374,0.05789033301723657,0.08775749268860218,0.1882985759708022,0.20746519615265083,-0.17931133406115277,-0.2085664878993378,0.13425877965399358,-0.03903290328235941,0.1452334467562894,0.1783231996429966,0.21957781160101683,0.26985950959845084,0.07961016503438548,0.16905704882499661,-0.016839723003609877,0.042483404919953144,-0.009567372439018559,-0.08886037820047972,-0.1823076126194328,-0.17349568488074651,0.09646104439432938,0.03332563013491222,0.20339471985592364,-0.007336101172214298,0.22034919395325486,-0.13878029149965335,0.05668066523759054,-0.17087234737706095,0.18381531448971622,0.18535967295938288,0.07583612906310513,0.014839547689438915,-0.1455585748551666,-0.1908342563890062,0.055560248308616694,-0.06922519105260222,-0.23372247766736526,-0.1103634581517105,0.07466311788284231,-0.04567890412705496,-0.07429177059343847,0.020448007395070484,0.00040003506283419263,0.07715257911051965,-0.15309549044139326,-0.062332156603367626,-0.07014479356756369,0.00592561897855589,0.3568615575867207,-0.03430260819673438,-0.2841778960705719,-0.07332435512275977,-0.24129604985297515,-0.37713903210639976,-0.3252842878658687,0.014661045988094574,0.010922072851006862,0.08901337965877487,0.04034775956458335,-0.1360374216066747,-0.020267911928535567,-0.08566487899337791,-0.04067129389826997,0.26686323104017085,0.07877343830933388,0.41986628310051083,0.07448142865111683,0.14519360262652503,0.13756584242443562,0.20827961016503438,0.2897672305939166,0.249821099857358,0.18169560678625218,0.12678720844058045,0.2504554184032067,0.19935771262819849,0.2962060419638375,0.025726557706253136,0.018060547139589923,0.18494529400983353,0.3640510323614022
#17,0.09696626795974149,0.016278717656527664,-0.13687255456653571,0.023630756480647705,1.0,0.3274342771079537,-0.024669891384902262,-0.030740542995800427,0.0907665213684068,0.019788188606172652,0.13624461108144936,0.45520005737554686,0.35058690403142906,0.1701758719887799,-0.37506235606308125,-0.5921363625497056,0.17064125142442763,0.12964482942728048,-0.23630915857166765,-0.1618771366414586,-0.15164835164835164,-0.35940680059606817,-0.24844408673270166,-0.2430922232227526,0.08449983663906796,-0.0711871160021994,-0.17272111499812734,-0.15499525854855803,-0.16543442054682084,0.18761006940847405,0.07585206671501088,0.22430491915626072,-0.04981472479659572,0.18583142745579292,0.0917897186207556,0.25954147375467174,0.08368382886149384,0.19464016766409806,-0.13582226330594713,-0.22812995561363944,-0.008400736319518045,0.019574624070635673,-0.2948561228474209,-0.2390823100032672,-0.1566894309461387,-0.1457259202001769,-0.2396194088724908,-0.15071759277705615,-0.20194598729769142,-0.2636581692419256,0.14012702308568878,-0.043702635290742614,-0.11537584967606722,-0.3341392472647005,-0.1558973296464232,-0.17973527560184557,-0.1913203547721314,-0.05966578743953653,-0.12782474957964443,-0.06617791200822383,0.3920726119420826,0.46004510355489325,0.2617966514993346,-0.07376742184573946,-0.21121213811569142,0.024934456406537624,0.3530556463116289,-0.13242435591964236,-0.17885711098183904,-0.1245925937731594,0.19100638302958825,0.1406944034935333,-0.05685757317374431,0.012134928161034035,-0.1863844639769223,0.04948162787176565,0.018937117994405884,0.047447983488592624,-0.11233175816206999,0.020170692251910528,-0.38781725888324875,-0.16193929348389102,0.10799831060889799,0.06447098948911857,0.38887551896979017,0.5800492473443888,0.4625473149040952,0.08449983663906796,0.07286375698268374,-0.14818828741961446,-0.03653706699391979,0.0705432348652073,0.11090215078612468,0.07231231422674497,-0.04642638000143439,0.0970969567053686,0.010279785479205349,-0.10697192582616803,0.02121620221692738,-0.05429001745172884,-0.09053383165058292,-0.13265863940265682,0.2041900086860203,0.11838965965144355,0.004650606826096311,-0.10763174461506586,-0.08212193897473086,0.342646765851987,0.33578401294137333,0.10018886117508308,-0.04159727147399374
#18,-0.25880196670624517,0.04523743116926583,0.16040290384017722,0.07909537887782993,0.3274342771079537,1.0,-0.17096797328849542,-0.31172134609408,0.23624700172923524,0.0372415112081537,0.11479093785112639,0.5856098940943031,0.7074309302010535,0.29339145263728295,-0.05090964148252038,-0.24566774777072095,0.3987743945684482,-0.05315525663603981,-0.29053861294615463,-0.31136593645658184,-0.18797982293268733,-0.5025858840217071,-0.23429463937078152,-0.059044219015212486,-0.062207842918502815,-0.3457577955039884,-0.22196845938687854,-0.2983831252141622,0.4103499111475906,0.1969033142347138,0.16970889878794157,0.05694363649403533,0.10685717473244667,-0.17301118026281187,0.017912326976866497,-0.20641012359649052,0.15850154196782187,-0.05868402808214266,-0.10002629712564448,-0.3002542055478966,0.05716198232514404,-0.13835475619376997,-0.15121962881208711,-0.3595805210018408,-0.05046338722915953,-0.1491604841858649,-0.1054068484090239,-0.11547625688307342,-0.07576600339471985,-0.03333838025643682,0.2561722541417973,0.3405445895656193,0.18252595845054148,-0.29173074930870435,0.0917275617783232,-0.3610563475683128,-0.051371833387786975,-0.07689279538445601,0.040862545721138906,0.19024934456406536,-0.17037668640279227,-0.005006016463594418,0.08974491788124855,0.07493405796523998,-0.37303986803624223,-0.3546446302066317,0.23765907768808422,0.15079409350620374,-0.21475507813433847,-0.06452198997521695,0.26534596657874393,0.2602777932727171,-0.07838137207245256,0.053639761253974454,-0.21206480249264875,-0.19781813545410354,-0.2363362525799074,-0.043680322578074575,0.2803464845524309,0.13944648534931348,-0.37425591087665055,-0.1330762058825873,-0.10599654152953646,0.1272589629369905,0.31615520085425813,0.38248292679039597,0.2551490568894485,0.003783598562423798,-0.10362820645634278,-0.08865478249089562,-0.17760281777685694,0.22693622548589917,-0.031078421216202218,0.012847341201220825,-0.0707934560001275,0.17975599454932306,-0.2841348644104264,0.03907274741212377,0.008155296480169577,0.12828534771972044,-0.025095426690785648,0.09533425240459323,-0.004241009172118671,-0.12733705743132864,-0.15161647634454015,-0.23833642789407836,-0.1059933539991553,-0.1291571372789647,0.02383953972061296,-0.3055949127015117,-0.1345058132585326
#26,0.33899544980038093,0.3133772681270868,0.2985090326642176,0.10664998525767198,-0.024669891384902262,-0.17096797328849542,1.0,0.5449194750137463,-0.07138474288583063,0.35551960729625703,0.13245782498864442,-0.16295770944066812,-0.2253297101738001,0.020919761891480527,-0.04926168827546638,-0.22098988755986582,-0.08558678449903975,0.3028584178692953,0.06405820430475978,-0.07069942385388361,-0.16879248380336126,0.01271027739483142,-0.101942002884715,-0.32461171895544627,-0.13913410737196089,-0.1708930663245384,0.17644893177888102,0.19407278725625354,-0.1741029094183554,-0.23969112830606668,0.08493015324052307,0.2988755986580497,0.23046960291340277,0.292687008423049,-0.00019603311844066014,-0.032514403652909814,-0.1238004924734439,-0.02957550064149049,-0.045712373196057025,0.23836989696308042,-0.1632573372964961,0.0641315175035262,-0.21894189928997762,0.07851206081807967,-0.05950481715528851,-0.23191833547163496,0.12386902437663859,0.250195634677143,0.25462152061136833,-0.12347217684418554,0.15587661069894573,-0.18352046792945995,0.04285315844416642,-0.05533393365155512,0.09853612667245734,0.11239232123931181,0.10692889416602253,-0.22961056347568312,-0.0068850656232817215,-0.12603176374024816,0.2740272055718031,0.10198822207524165,-0.03389460430794731,-0.014603670441233892,0.22613774912542134,0.14152794268820373,0.03375116544079561,-0.04939078325590291,0.2829220091003992,-0.030957295061718557,0.22979065894221803,-0.11855859876164444,0.06961406975910239,0.06515790228625616,0.14661683494170805,0.16912876825857245,0.15644558487198082,0.04395763772123453,-0.010023189283522858,-0.17744662878818063,-0.22758648168365356,-0.1830439321374782,-0.10786762186327088,-0.3877136641458614,-0.11529456765134792,0.1199037365824893,0.13517838216895506,-0.2051446740351744,-0.13831331829881505,-0.27977591661420526,-0.19561555196072963,-0.15034465172246173,-0.10027173696499295,-0.021944552909019914,-0.1636143406991848,0.2677398018949868,-0.031942241949493584,0.03831411518141032,0.08141271346492521,-0.12606045151367848,-0.00905099251727243,0.03677613177250596,0.2638366709432699,0.3420618540270462,0.24683916518579319,0.2594952545641451,0.12969423614818829,0.2676601136354581,0.15223963853405478,0.03803520627305979,0.0622779685868881
#49,0.6352971176756529,0.2041071328961104,0.24495533473053416,0.1015419678218808,-0.030740542995800427,-0.31172134609408,0.5449194750137463,1.0,0.014361418132266573,0.3074149925491477,0.14686068101586594,-0.2601311668751843,-0.41365856768322323,-0.17565204918359378,-0.02325781542605328,-0.21370159934336874,-0.13514172556957182,0.44747188996645126,0.2491102805823618,0.028142705735164038,-0.12780562439735754,0.10590569691367371,0.03629322091976189,-0.357530938966762,-0.05921634565579453,-0.056661540055303654,0.32554088406155124,0.1768059351815697,-0.40193164341097626,-0.3529600204001944,0.27684657619392933,0.2629999442182183,0.29703320609774564,0.3828925244443736,-0.0846910884619369,0.07193777940695997,0.05124273840735045,-0.031038577086437855,0.15189857278327185,0.29045733092143533,-0.0819131557347656,0.08851931244969678,-0.1584505414817235,0.2750774968323917,-0.06136474113268892,-0.1930878403684785,0.24300934743284272,0.21475029683876676,0.21721744535377602,-0.20589693120512556,0.10374933261082644,-0.3219931627473324,0.015128019188932895,0.1239614627576919,0.09560997378256261,0.21597908980069966,-0.236862195092797,-0.3220521320593837,-0.010405692929260732,-0.24028400895696037,0.21119620046378568,0.16068978157448063,-0.22051972682864635,-0.22388575891113963,0.3593446437536358,0.1760313652989505,-0.11308401533202113,-0.10123437114009994,0.2899106694610683,-0.029435249304719937,0.10300982556239989,-0.14361258755747516,0.03814995736678115,0.15149375642486593,0.0982333112862482,0.13930623401254294,0.09191403230562041,-0.18145335447728486,-0.12894197897823714,-0.3274741212377181,-0.1009235869279379,-0.28243591071727403,-0.24740335806325653,-0.3607726573643905,-0.33279889073942737,-0.11434308983257496,0.12237407262787973,-0.1871510650335886,-0.13515925698666814,-0.0881256524476249,-0.2384416163966563,-0.21314537529185826,-0.2283833642789408,0.08419861501804939,-0.09109005570209341,0.2784084660806923,0.08510706117667684,0.1133039549283204,0.16819800938727697,-0.06681860561483477,0.10593597845229462,0.2449712723824399,0.43576409087649115,0.42512730199459714,0.49005410832822,0.4620213723912056,0.36425981560136744,0.14796994158850577,0.12078668249806757,0.015513710365051918,0.07687048267178796
#50,0.009812812278367028,0.10501956346771431,-0.004817952171106631,-0.10836806413311127,0.0907665213684068,0.23624700172923524,-0.07138474288583063,0.014361418132266573,1.0,0.026831036983321246,0.14094621839364407,0.23348181912358854,0.2311230466415383,0.10053311445624716,-0.17499063662950537,0.00912271195084828,-0.03925443664384926,0.08487915275442469,0.06577628318019905,0.05507096239511033,-0.06477539864051829,-0.039205029922941455,0.018290049327032647,0.05757317374431225,-0.08552303389141677,-0.03081226242937628,-0.19167576440962952,-0.10665317278805314,0.013330252053964889,0.2296121572408737,0.026188749611519735,-0.0076978858704747025,0.04882499661324897,-0.09082708444564862,-0.061132051414865045,0.060470638860776645,-0.12287929619329184,-0.038098956880682766,-0.24952465953191116,-0.3436827132258604,0.02277331080811864,-0.1431918335471635,-0.03606850002789089,-0.001526827052570345,-0.18278892970698626,0.027820765166667996,-0.00687709679732885,0.08369498521782785,-0.15771740949405924,-0.052246810477412364,-0.1734909035851748,-0.18671756090175234,-0.24634828550709623,-0.1742144729816956,-0.06776370837284543,-0.13399740216273937,-0.22135007849293564,-0.04694275992318052,-0.26632613217094725,-0.3304225868402808,-0.057887145486855425,0.03454645427089227,0.05943150395652209,0.10850512793950068,0.06302385069607695,0.042229996254651805,0.18816629345998453,0.28220162723425957,-0.05250340667309485,-0.14444453298695503,0.08188765549171641,0.028625616587908104,-0.00568336666958857,0.12141781351353505,-0.26123564615225237,-0.045417526635800745,-0.1510650335886014,0.040277633896198074,0.018352206169465052,0.1198909864609647,0.1418881336212736,0.170156746806493,0.16593326905147066,0.22716094637777015,0.3402449617097913,0.05960044306672298,0.055386527902844075,0.010609694873654265,-0.0362804707982373,0.23153105053032536,-0.009360182964243877,0.04943700244642957,-0.22427145008725866,-0.10417008662113811,-0.1704372494800341,-0.20470001354700412,0.017741794101475028,-0.08660041916024512,-0.0342197324068245,0.10043589477962211,-0.023135095506379044,-0.14092071815059487,0.07015754368908829,-0.01859445847843237,0.14534979161520134,-0.03811330076739794,0.11950848281522683,-0.08977998071544119,-0.16258795591645483,-0.14347711751627631,-0.14549801177792476
#51,0.4658990030998733,0.3272892444756114,0.49047645610372226,0.5018798460422826,0.019788188606172652,0.0372415112081537,0.35551960729625703,0.3074149925491477,0.026831036983321246,1.0,0.35778434763206335,-0.17873757859254596,-0.11012598713831491,-0.21574799384806637,0.08575094231366892,-0.0780976818685303,0.2800133876276008,0.2962458860936018,0.08349735833419662,-0.3180820629696627,-0.19819745156946028,-0.1435599933061862,0.05902668759811617,-0.18026281187992574,0.07073289292288568,-0.02335344133748775,0.3181474073424762,0.015802181864545895,-0.04830861669150284,-0.19057447266294256,0.2012367617878858,0.22900812023364597,0.3276860920080645,0.29266788324076215,-0.273383324434811,-0.23421176358087162,-0.00244802333272239,-0.09953541744694754,0.06558343759213955,0.2786140617902764,0.18414681764935573,0.28762202264740333,-0.04294878435560089,0.24677222704778906,-0.06674847994644949,-0.12729083824080198,0.12464040672887663,-0.006233215660336763,-0.023216377531098342,-0.3624461108144937,0.0461570336842273,-0.22377897664337112,0.21286965391388887,0.12830447290200736,0.2739857676768482,-0.07146283738016879,-0.17640111882316378,-0.4741818007952888,0.18998637330762058,0.04506689829387436,-0.033540788435639776,-0.004637856704571715,-0.2028289332132697,-0.15940680059606818,0.3306186199587215,0.08125971200663007,-0.19857995521519814,0.01138904605184518,0.1788045167305501,-0.06915028408864522,0.29934575938926916,0.2518945883702954,0.07689438914964658,-0.003750129493421734,-0.15836766569181362,-0.09938719728422411,-0.15800269346317208,-0.0014057008980866848,0.24417598355234324,-0.00175314170963192,-0.28437711671939375,-0.18524492186566152,-0.3235486775733331,-0.3238578680203046,-0.3274661524117652,0.06004350978970268,0.1273402449617098,0.037142697766338086,0.05605750304807593,-0.07730239303843364,-0.12716174326036545,-0.1308353720246396,-0.19041828367426628,0.3742208480424579,0.07538190598379141,0.5084796276964515,0.21304815561523321,0.27785064826399125,0.2390647785861709,0.16375618580114593,0.33329933300926773,0.305998135294727,0.26973997720915777,0.2752002167520659,0.3424762329765956,0.34106415701774656,0.38334515375849676,-0.037257448860059446,0.028918869382973805,-0.018699646981010287,0.2990875694283961
#52,0.28064292487787773,0.3093036042999785,0.21253815075424937,0.2513256141972603,0.13624461108144936,0.11479093785112639,0.13245782498864442,0.14686068101586594,0.14094621839364407,0.35778434763206335,1.0,0.035478806907378334,0.08399461307365585,0.0024894612276773263,-0.20523073735546543,-0.16110575428922058,-0.031480050044226986,0.18784275912629791,-0.011041605240299946,-0.13634501828845555,-0.2362916271545713,-0.06418729928519631,-0.19098725784730136,-0.056116472360127186,-0.11758480823020344,-0.01062563252556001,-0.08520746838368304,0.014769422021053639,-0.09314760656312505,-0.10751539975615393,0.1621162014200448,0.2777837101259871,0.35577460972674896,0.16280630174756353,-0.1504163711560376,-0.08876953358461698,-0.0162388735267633,0.04148570791065352,-0.03291284495055344,0.2146785774051909,0.17123572584051192,0.16592530022551777,-0.012420212130146865,0.09695989289897919,-0.1714110400114751,0.01624843611790675,-0.10768274510116424,-0.169407677166923,-0.1527177680912271,-0.28733195738271883,-0.08222234618173704,-0.10464821617831045,-0.019974659133469866,-0.08207571978420419,-0.002738088597406944,-0.03488114496091291,-0.10535266039254437,-0.20237630389914654,0.10527297213301565,0.1886316728956323,0.1238498991943517,0.14645905218784117,-0.18137685374813728,-0.037463044569643555,0.03811489453258851,0.005903306265887847,0.002738088597406944,0.12183059869789384,-0.04706069854728303,-0.0005737554686068102,0.08163265306122448,0.14102112535760106,0.15755484544462064,0.28491899688418904,-0.21213174063065288,-0.09182637522013881,-0.0907601463076445,0.05900437488544813,0.03901059056969137,0.017207882762632583,-0.3560790188781487,-0.14079640446573005,-0.1920327678123182,-0.1975344452501813,-0.13886476105475382,0.1577190032592498,0.08991545075664002,-0.04451067424236387,0.09571516228514053,-0.18660280980803098,-0.12515838041581334,-0.14840982078110432,-0.1377475316561611,0.19434372733865118,0.023590912350883345,0.3601510889400665,0.12540541402035238,-0.02827817577636287,-0.06912478384559603,0.07222146961088223,0.06275450437886985,0.1757827379292209,0.3840177226689192,0.1066117348930982,0.010391349042545562,0.13968076883232794,0.06153527400808039,0.15776681621496705,0.2263959390862944,0.1636573723593303,0.2981695606786252
#53,-0.36406537624811736,-0.22823673788140794,-0.1561842073807266,-0.2116870801424826,0.45520005737554686,0.5856098940943031,-0.16295770944066812,-0.2601311668751843,0.23348181912358854,-0.17873757859254596,0.035478806907378334,1.0,0.7348229725314569,0.22105523193267937,-0.17787216409406403,-0.42480217389571995,0.15198622986875343,-0.2240945421511049,-0.22235574432818814,-0.15284686307166365,-0.03820733291364183,-0.42282431129421705,-0.38091625560806125,-0.1571277163735467,-0.1209030273569795,-0.31898254030233725,-0.29864769023579757,-0.44769661085832224,0.3405445895656193,0.3795280861270709,-0.02638000143438867,-0.059627537074962746,-0.1556789838153145,-0.2888300966618588,0.28181752982333114,0.07639872817537792,0.14624070635673247,0.09970116902676729,-0.363426276406697,-0.528500506020448,-0.04047207324944816,-0.17727131461721746,-0.2841093641673772,-0.38735347321279157,-0.12372399174429631,-0.11550335089131318,-0.18125413382846306,-0.17399453338539633,-0.08653188725705042,-0.11349520675118935,0.026835818278892972,0.017856545195196392,-0.08930344492345943,-0.35101722063288415,-0.1578401294137335,-0.1352501016025309,-0.05469961510570648,0.044832614810859914,-0.17904836280470798,-0.19094741371753698,0.1122552574329224,0.12389133708930664,0.3005681772904398,0.06927141024312888,-0.4320777119906924,-0.21513598801488576,0.29211165918925164,0.3433496163010304,-0.16218792085362063,0.04226346532365387,0.2820805010797759,0.2537561061128864,0.18359059359784524,0.10048689526572051,0.05139573986564559,-0.09938879104941468,0.010467849771693136,-0.05807839730972436,0.041900086860202884,0.0368669763883687,-0.17864354644630207,-0.01614962267609113,0.19464176142928863,0.4420100566583525,0.5616189466805855,0.4363617528229566,0.2626333782243862,0.07574687821243296,0.06621297484241646,0.031794021786770155,-0.11737761875542876,0.19823251440365292,-0.07347576281586433,-0.14082349847396983,-0.16197595008327423,-0.06163886874546773,-0.24957566001800954,-0.038208926678832404,-0.26361673134697067,-0.017808732239479156,-0.2595127859812414,-0.18492776259273722,-0.1793224904174868,-0.17701949971710668,-0.35298870817362477,-0.30179059519161044,-0.40708747380248467,-0.030651292145128257,0.013607567197124847,-0.2078907314585342,-0.1941875383499749
#54,-0.39019993784315754,-0.16663771326570456,-0.1381045350588498,-0.08998876395540645,0.35058690403142906,0.7074309302010535,-0.2253297101738001,-0.41365856768322323,0.2311230466415383,-0.11012598713831491,0.08399461307365585,0.7348229725314569,1.0,0.4057949302329288,-0.08205818836710788,-0.3019356278239527,0.23382447863956204,-0.11636079656384225,-0.20211333264270176,-0.16131931882475756,-0.10371745730701495,-0.3847891050211572,-0.517264461426898,-0.1899720294209054,-0.05351544756910964,-0.39540676872076436,-0.3721967662504283,-0.4332013164500474,0.27808174421662457,0.283237574608133,0.12103530986779718,0.07187402879933699,-0.08543059551036346,-0.27958785232171746,0.1267967710317239,-0.07837340324649969,0.21650503231358925,0.05385810708508316,-0.3509136258954968,-0.4539107013363721,0.016693096606077026,-0.2294989999123429,-0.2972802397022847,-0.4426443752042012,-0.19108925881949812,-0.20426491564997729,-0.2922949421861677,-0.22337894158053695,-0.12629632876188351,-0.026912319008040544,0.09575341264971432,0.19620205755086104,-0.057764425567181185,-0.3731291188869144,-0.1485596347090183,-0.2522898421375579,-0.1408442174214473,0.04630525384695073,-0.11874028799336994,0.021840958171632573,0.026349719895767756,0.10685398720206551,0.24669094502306976,0.12138434444453298,-0.4611288638844839,-0.33933810931635444,0.475930161209349,0.19061431679270693,-0.24843930543712994,-0.006650782140267274,0.27126999179210926,0.23214783765907768,-0.05489883575452829,-0.09544103467236172,-0.13029030432946315,-0.08492696571014192,-0.1712229757189873,-0.04163552183856752,0.06179505773414403,0.22280359234673955,-0.4614348668010742,-0.12230235319430388,0.14912064005610054,0.19055694124584624,0.4117237367418658,0.5388328857509423,0.22407860449919914,-0.07860609296432357,0.001048697495398003,-0.20197148754074062,-0.3117787216409406,0.13088956004111915,-0.1484496649108687,-0.14292726852552814,-0.1658296743140833,0.033913729490234204,-0.38113778896955114,-0.10880794332570982,-0.21675047215293772,0.012259241845898843,-0.300230299070038,-0.058846592131581256,-0.15819713281642217,-0.16471403868068119,-0.41738479069878637,-0.4267513487237925,-0.40105188502577915,-0.01944871662058029,0.12642701750751062,-0.18256580258030583,-0.10613838663149758
#58,-0.2721481564121158,-0.07612938185817084,-0.2549737427184853,-0.20783973097243583,0.1701758719887799,0.29339145263728295,0.020919761891480527,-0.17565204918359378,0.10053311445624716,-0.21574799384806637,0.0024894612276773263,0.22105523193267937,0.4057949302329288,1.0,-0.1282502848855278,-0.058562901927659,0.012641745491636717,0.04061073082102814,-0.11347767533409303,0.10809553028552303,-0.04206105714445091,0.016442875471156835,-0.3995330267991617,-0.12772274860744767,-0.21387053845356963,-0.05813258532620389,-0.464341894508682,-0.10547697407740918,-0.003511064714835563,0.3288176652933723,0.1889169568647451,0.19980237311636875,-0.11494872060499327,0.026558503135733012,0.1075233685821068,0.11242579030831387,0.06972882085282375,0.14937404872140186,-0.11917060459482505,-0.14491150618779336,0.13939229733283395,0.017215851588585452,-0.07709520356365897,-0.3085720660775048,-0.09576297524085776,-0.1670345607981576,-0.27188996645124275,-0.025957653658886436,-0.1971280351265848,0.01818326705926416,-0.027653419821657674,0.038446397692228004,-0.24441345456573882,-0.3804907203021779,-0.3007976794778825,0.004190008686020289,-0.2068739092669477,0.13876913514331934,-0.1303428985807521,0.002822558152507391,0.14182597677884118,0.18477316736925148,0.34013658567683225,0.34687024360700935,-0.25261656400162563,-0.08977998071544119,0.714193275904661,-0.05940122241790117,-0.021056825697869933,0.21109101196120775,0.09267425830152444,-0.04584306194168413,0.001982643897074644,-0.1031532644295516,-0.15197188598203826,0.023437910892588194,-0.04499039756472679,0.09816796691343464,-0.007951294535776044,0.31174206504155744,-0.3513407549665708,-0.019007243662791162,0.2776801153885998,-0.09542828455083713,0.39522667325422944,0.4554311533281802,0.17255217588792643,-0.16457219357872005,0.022985281578465046,-0.3220632884157177,-0.11279395006733658,0.012887185330985186,-0.02708444564862259,-0.24519758703950148,-0.11182015953589558,-0.06592609710811306,-0.13716421359641084,-0.3606865940440995,-0.23662472407940138,-0.3963646216002996,-0.44649013060905735,-0.20604515136784898,0.053638167488783875,-0.05854058921499095,-0.3394624230012192,-0.3587916072325064,-0.3574385005857087,0.10961279474694993,0.13960904939875207,-0.0015937651905744727,-0.20210536381674887
#101,-0.032699280415016456,-0.03620397006908972,0.13700802460773454,0.17882045438245583,-0.37506235606308125,-0.05090964148252038,-0.04926168827546638,-0.02325781542605328,-0.17499063662950537,0.08575094231366892,-0.20523073735546543,-0.17787216409406403,-0.08205818836710788,-0.1282502848855278,1.0,0.40841508020623324,0.0018200798476360478,-0.2036274095737475,0.3138059909633514,-0.10852744065216871,0.5035469244316235,-0.007833355911673534,0.09455490122640231,-0.05100526739395485,0.11866059973384122,-0.2523185299109882,0.2999705153439744,-0.24906087386145398,0.169044298703472,-0.16309317948186694,0.14528604100757836,-0.15540007490696395,0.04731570097777495,-0.27013044968084854,-0.04372972929898238,-0.30744527408776867,0.12399493182669398,-0.16880045262931412,0.11728677413956602,0.04975734924973504,0.02373913251360677,-0.10627226290750584,0.22250874578648328,-0.06193371530572401,0.3422228243112942,-0.07431727083648766,0.30845253368821174,0.02455832782156205,0.23846074157894318,-0.048958872889257224,0.22617440572480457,0.003711879128847947,0.46158149319860703,0.17312752512172383,0.2952673142665891,-0.0007331319876642574,0.029988285825849278,-0.2819880626987226,0.25925778355074947,0.003173186494433775,-0.30852584688697815,-0.31411199387994165,-0.0686578106447577,0.12434556016862036,0.038647212106240385,-0.20688347185809114,-0.21191020726916304,-0.09045733092143535,0.3987759883336388,0.24263321884786715,0.10754727505996542,0.08228450302416945,0.21139542111260748,0.013566129302169912,0.18395237829610564,-0.14866482321159624,-0.16567029779502587,-0.22687088111308562,0.2051016423750289,-0.004425885934225311,0.1801448732558232,0.2200782538708572,-0.23371769637179354,-0.09445290025420555,-0.2892747571500291,-0.31678473810453506,-0.2520125269943979,-0.1722860171011005,-0.17027149790021437,0.0718867789208616,-0.09980954505972635,-0.1183115651571054,-0.34894851341551847,-0.03063057319765079,0.09766114958283197,0.0034425328116408607,-0.3270501796970252,0.32230394695949444,-0.049460908924288186,0.22689319382575365,0.09778705703288734,0.2815752775143638,-0.13033492975479924,-0.0006470686673732359,0.006056307724182996,0.1759947086995673,-0.026024591796890564,-0.4001099697981496,-0.06713735865294966,-0.16906501765094947,0.13103778020384257
#102,-0.1556040768513575,-0.017045318713193987,0.07303747738845635,-0.01233255504466527,-0.5921363625497056,-0.24566774777072095,-0.22098988755986582,-0.21370159934336874,0.00912271195084828,-0.0780976818685303,-0.16110575428922058,-0.42480217389571995,-0.3019356278239527,-0.058562901927659,0.40841508020623324,1.0,-0.28299054100359394,-0.25575628142705736,0.32383874283801767,0.443978356668712,0.214884173114775,0.5762815864338707,0.21739594705512036,0.5483381013475285,-0.07912725418164142,0.34503900740303933,-0.03430898325749667,0.20478448310210456,0.15294248898309812,-0.030303851333583022,-0.192883838424085,-0.42560224402138835,-0.05808955366605838,-0.1793671158428229,-0.1571149662520221,-0.27756536429487844,-0.14032943126489175,0.01550414777390847,0.11551291348245663,0.29252922566918216,0.0716238076644168,0.04971272382439895,0.5150666592290958,0.3098725784730136,0.23124098526564082,0.38674784244037325,0.12558232195650615,0.15257114169369426,0.12908382408019825,0.32849731849006686,-0.2763333838025644,0.05825371148068755,-0.018962618237455077,0.43122664137892563,-0.030291101212058427,0.1951119221605081,-0.022883280606268278,0.2135103475204998,-0.041528739570799035,0.14686705607662823,-0.4935683605734367,-0.4693702236849445,-0.09164468598841333,0.1794276789200647,0.13225541680944147,0.16414347074245553,-0.2719808110671055,-0.02467626644566456,0.19651762305859477,0.1597924917721872,-0.3031787646726008,-0.22902087035517057,0.1247679079441226,-0.0694387555881392,0.05183083776267242,-0.052973567404314324,-0.161628509271729,-0.05120448804277666,-0.0014582951493756426,0.2679533664305238,0.40211333264270177,0.3027851046705289,-0.09268860218823961,-0.01287762273984174,-0.11813784475133278,-0.53433209285276,-0.5562559268143025,-0.1057192263863765,-0.07678760688187809,0.21757126122608356,0.23007753667652145,-0.14049040154913978,-0.05880993553219804,-0.21673453450103197,0.050445855812063206,-0.21407613416315374,0.15013586848249647,0.030324570281060493,0.05086660982237487,-0.0720604993266342,0.011814581357728567,-0.024856361912199476,-0.2931077624333607,-0.18860139135701137,-0.1641195642645969,-0.04447561140817123,-0.006652375905457849,-0.4246826415064269,-0.24172796021962084,-0.06365816924192559,-0.007748886356573086
#201,0.1927212743746464,0.1039581158507917,0.1551657914239495,0.34423256221660864,0.17064125142442763,0.3987743945684482,-0.08558678449903975,-0.13514172556957182,-0.03925443664384926,0.2800133876276008,-0.031480050044226986,0.15198622986875343,0.23382447863956204,0.012641745491636717,0.0018200798476360478,-0.28299054100359394,1.0,0.19668178087322394,-0.28474208894803527,-0.3428746742742392,-0.14701687000454222,-0.3632206806971129,-0.1246866259194033,-0.15101243933731243,0.22589549681645404,-0.21786132649076811,0.011589860465857565,-0.13403405876212257,0.18136569739180328,0.051520053550510404,0.13924248340491996,0.16517782435113834,-0.055236713974930074,-0.021203452095402784,-0.031016264373769812,-0.07878778219604905,0.17545601606515313,-0.12433918510785806,0.0036576911123684147,-0.14826797567914318,0.10280741738319693,0.008270047573890939,-0.11783184183474249,-0.18176732621982802,-0.1168070508172031,-0.21441719991393668,-0.1961414944736192,-0.23216377531098342,-0.2835866091848688,-0.19657659237064604,0.14478081744216625,0.24078604499199133,0.14453059630724605,0.07708564097251552,0.24240690419080557,-0.1720357959661803,-0.07062770442030776,-0.07378017196726407,0.11673692514881782,0.1368103977241033,-0.015320864776992406,-0.07230912669636383,-0.07517949780458845,-0.16183569874650366,-0.004867358892014439,-0.18321287124767907,0.019196901720469523,0.02164333128800134,-0.08954569723242675,0.01521567627441449,0.2898230123755867,0.15679780697909776,-0.10950441871399087,-0.08970347998629362,-0.103365235199898,-0.06886659388472297,-0.0892110065424061,0.11009729936488458,0.3703145295603599,-0.07098630158818701,-0.22189673995330267,-0.18973296464231926,-0.01127748248850497,0.031711145996860285,-0.05695638661555993,0.24391779359147017,0.12321079935293133,-0.11622054522707169,-0.0881750591685327,-0.13100909243041223,-0.11328801727641466,0.0943062738566727,-0.053866075911036024,0.16983480623799696,-0.00997378256261505,0.2271832590904382,0.05097657962052451,0.13107443680322578,0.06861159145423104,0.060555108415877086,0.12703742957550065,0.2304488839659253,-0.005168580513033015,-0.11122727888500188,0.0967351720071082,-0.1936376893592267,0.11143128082939541,-0.08996326371235726,-0.004352572735458885,0.019785001075791505,-0.002577118313158922
