,#10,#11,#12,#13,#17,#18,#26,#49,#50,#51,#52,#53,#54,#58,#101,#102,#201,#202,#301,#302,#401,#402,#501,#502,#601,#602,#701,#702,#801,#802,#901,#902,#1001,#1002,#1101,#1102,#1201,#1202,#1301,#1302,#1401,#1402,#1501,#1502,#1601,#1602,#1701,#1702,#1801,#1802,#1901,#1902,#2001,#2002,#2101,#2102,#2201,#2202,#2301,#2302,#2401,#2402,#2501,#2502,#2601,#2602,#2701,#2702,#2801,#2802,#2901,#2902,#3001,#3002,#3101,#3102,#3201,#3202,#3301,#3302,#3401,#3402,#3455,#3501,#3502,#3601,#3602,#3701,#3702,#3801,#3802,#3901,#3902,#4001,#4002,#4101,#4102,#4201,#4202,#4301,#4302,#4401,#4402,#4501,#4502,#4601,#4602,#4701,#4702,#4801,#4802
#10,1.0,0.05571643729729299,0.36258158085569253,0.3713743834120919,0.08883328419223996,-0.21458135772856585,0.1030528572225454,0.6368430699105101,0.14835403899943422,0.4608037357856067,0.08165815330427369,0.06474033580632566,-0.2557530938966762,0.24065535624636422,0.24656185004263323,-0.02827817577636287,0.0827626325813418,0.22558152507391085,0.1564647100542677,-0.02050697670712174,0.13752759205986181,-0.005350269744758504,-0.035721059216345656,-0.02449138968355792,0.05752536078859501,-0.10416849285594754,0.13081465307716214,-0.0015666711823347065,-0.001139542111260748,-0.07275856848010583,-0.1066181099538605,0.09673039071153647,0.17700196830001036,0.11911163528277378,-0.0235000677350206,-0.003766067145327479,0.2749834646861478,0.09388711361155161,0.17904995656989856,0.08872968945485261,0.07050817203101467,0.038967558909545855,0.11739036887695335,0.1819203276781232,-0.143159958243352,-0.05350429121277562,0.04316713018670959,0.009148212193897474,0.10443943293834519,0.04018041421957303,-0.12977233064252644,-0.06498258811529298,-0.07918941102407383,0.025500243049191563,-0.15842982253424603,-0.079278661874746,-0.29238100550645874,-0.24915171847731674,-0.2871247679079441,0.18359059359784524,0.14219732406824503,0.13729490234203795,-0.06480089888356748,-0.1726733020424101,0.11704770936097984,0.0546422395588458,0.17766019332371763,0.10354533066643291,0.15396568623544693,0.003605096861079457,0.07378495326283578,0.09634629330060802,-0.03790292376224211,-0.02190470877925555,-0.044611081449370066,-0.1907099427041414,-0.2525496258636215,-0.13847428858306307,0.12958426635003864,0.12820406569500115,-0.06893034449234595,0.024856361912199476,-0.24160205276956545,-0.04976213054530676,-0.09384886324697782,-0.1505964666225725,-0.12924957566001802,0.06005307238084613,0.09432061774338786,0.060328793758815516,0.07815027611981927,-0.201786610778634,-0.05209062148873606,-0.20722772513925522,-0.08596291308401534,-0.08241041047422483,0.07709839109404011,0.09365442389372773,0.05867605925618979,-0.12167281594402697,-0.136493238451179,0.09044298703472017,0.29387276972483645,0.09107571181537824,0.04505892946792149,0.19612555682171345,0.03404123070548016,0.07974404131039374,0.18480663643825354,-0.15779391022320682,0.027734701846376972
#11,0.05571643729729299,1.0,0.219217620667947,0.35330905497693027,-0.18193626533002893,-0.2098462813473691,0.608816709034258,0.17162779207739323,0.21689072348970825,0.4243495445815968,0.09907800683725267,-0.35574273442293747,-0.272698005402864,0.22413916757644095,0.2740415494585183,0.2630876013036999,0.1295364533943214,0.1681709153790372,0.22425391867016234,0.36786969375801865,-0.01147032807656448,0.22513845835093116,0.014503263234227702,0.02779685868880938,-0.08128043095410753,0.14238379459554223,-0.22266812230554073,0.028262238124457124,-0.007116161575915021,-0.12415749587613258,-0.1925379913777303,0.3479826917100304,0.029000151407693103,0.2882388097761557,0.29595103953334556,0.44785917490776084,0.1095649817912327,0.448236897257927,0.2971463634262764,0.3054897241989338,0.15566463992859933,0.38406234809425527,0.10522037788172668,0.47907147239997133,-0.3352676330196272,-0.23642231590019844,0.15280064388113698,0.14024496170979128,-0.13333758337384152,-0.1463315509725952,-0.12226250906453952,-0.22286256165879081,-0.2457330921435345,-0.06792149112671231,-0.18606411717361682,0.05327797655571405,-0.27709360979846837,-0.17654615145550606,0.13431615520085427,0.2518499629449593,0.2442333590992039,0.2093458390775287,0.31934910629616936,0.337680593518157,0.1986452995880117,0.17058387587756696,0.3761142410888604,0.2858274430428165,0.2056259911227279,0.34641602052769566,0.07917028584178692,0.12795065702969982,-0.12197722509542669,-0.09699814326355298,-0.21657356421678395,-0.12877782116360798,-0.06196080931396377,-0.0797026034154388,0.33655220776323025,0.2663356947620907,-0.16158229008120234,-0.05475380312218601,-0.28617010255879,-0.38153623026719474,-0.0993441656240786,-0.29402736494832216,0.028024767111061527,-0.14249535815888245,0.038849620285443344,-0.2519328387348692,0.13823044250890515,-0.2097458741403629,-0.09343607806261904,0.1289945732295261,0.05739467204296791,0.16646877415550368,0.5212393118121907,0.15367721473595294,0.06655722812358056,0.022070460359075297,-0.1542605327957032,-0.16069296910486178,0.29156181019850347,0.22696810078971066,0.16993999474057486,0.17938783479030035,-0.04047685454501988,0.2668042617281196,0.017077194017005474,0.2459386878531186,0.15550845093992302
#12,0.36258158085569253,0.219217620667947,1.0,0.3696451481803186,-0.19694315836447815,0.02559905649100718,0.28952338451975873,0.3466375538891855,0.25994150881750594,0.5551705727195212,0.08877750241056985,-0.05938209723561428,-0.03328578600514786,0.041611615360708905,0.1692642382997713,0.02355744328188128,0.41784060754329067,0.20305524787033127,-0.01494473619201683,-0.05571324976691184,-0.2586123086485668,-0.02910852744065217,-0.047075042433998196,-0.09724995816366375,0.12892126003075965,-0.030393102184255193,0.2490098733753556,0.1368358979671525,0.09149327829530875,-0.05702013722318291,0.14608929866362788,0.13318617568073696,0.27468383683031977,0.1557602658400338,0.23692753946561054,0.16044434173513217,0.0751763102742073,0.057589111396217994,0.16508857350046618,-0.10311023276940608,-0.05434898676378009,0.10757596283339575,-0.0888747220871949,0.1894062427782515,-0.24518164938759573,-0.30636470128855914,0.2664998525767199,0.24694116615798994,0.21077385268828344,0.20373100431113483,0.16086350198025326,0.07033445162524206,0.07506793424124823,0.025324928878228372,-0.24292647164293285,-0.20555905298472377,-0.303750926376017,-0.33494091115555946,-0.0222951812509463,0.14326992804150165,0.09896166197834073,0.07831762146482958,-0.05834614986174087,0.0169257863239009,0.2767892006470687,0.05237112416227717,0.1024791017539386,0.11994995577301597,0.08767302313350174,-0.12311357967630629,0.3053048474368271,0.329687861087426,-0.12145765764329941,-0.026925069129565143,-0.23463251759118328,-0.22134848472774507,-0.2526946584959638,-0.009196025149614708,0.22990062874036768,-0.039989162396704095,-0.13979073863047758,-0.02978906517702747,-0.23943771964076532,-0.1885806724095339,-0.24817155288511344,-0.26298560033150314,-0.09677501613687256,0.00551602132457825,-0.0039126935428603305,-0.10453027755420793,-0.08231956585836209,-0.06781152132856266,-0.05464861461960809,0.09444811895863382,0.0771430165193762,0.054659770975942115,0.10045183243152786,0.30916016543282676,0.222876905545506,0.26489014973423963,0.20679103347703784,0.29617097912964485,0.18427591262979226,0.34331933476240944,0.15504466526946584,0.4395875335686793,0.15491397652383873,0.06506865143558399,0.06828646335535385,-0.015161488257934959,0.13286582887743148
#13,0.3713743834120919,0.35330905497693027,0.3696451481803186,1.0,0.036361752822956596,0.0028544334563188807,0.3533042736813585,0.337403278374997,-0.08451099299540199,0.45264684554024653,0.14426762505080126,0.12425312178756703,-0.1063376072803194,0.17879336037421606,0.06212974842416467,-0.09812174772290798,0.16934392655930003,0.21894668058554934,0.02742391763421495,0.10911713377268127,-0.14350739905489723,-0.13211675923786148,-0.023812445712373197,-0.08344476408290767,-0.13560391747483844,-0.08884603431376455,0.10175553235741779,0.10034505016375937,0.02444517049303126,-0.007624572671708277,0.04070476296727203,0.24825124114464217,0.29520196989377556,0.14324442779845245,0.2296615639617815,0.00418682115563914,0.0622524683438389,-0.024319263042975877,0.1874889432539904,0.10277394831419487,0.19573189681964157,0.07261512961295412,0.0733594179569524,0.13523257018543458,0.016171935388759173,-0.05919722047350764,0.19981034194232164,0.2436341033875479,0.02967590784849668,0.0007331319876642574,0.04975097418897274,-0.0870323295268908,-0.038742838017674856,0.08160396528779415,-0.1935325008566488,-0.09219772250954267,-0.18309174509319542,-0.19497804588449982,-0.0794778825235678,0.2299229414530357,-0.0268963813561348,0.019759500832742312,0.09101833626851756,0.10303691957063965,0.18712237726015826,0.03016041246643132,0.2690753771246882,0.4299675668783718,-0.05266118942696173,0.050675357999505934,0.07044760895377285,0.2034218138641634,-0.022486433073815235,-0.01748519790579254,-0.12786140617902764,-0.07587437942767893,-0.1659045812780403,0.04892699758544573,0.39386878531186,-0.0030488728095689663,-0.07042848377148594,0.03479826917100304,-0.2439273561826136,-0.15646152252388656,0.08356589023739132,-0.12792356302146005,-0.10536700427925953,0.11074277426706723,0.0976531807568791,0.017246133127206367,0.1362111420124473,-0.13039071153646933,-0.040078413247376266,-0.1569029954816757,-0.09631282423160596,0.08757899098725784,0.16250667389173554,0.19517726653332165,0.02518467754145782,0.0011140418682115563,0.03997322474479835,0.13156212895154157,0.2876698356031206,0.303428985807521,0.21278518435878843,0.3863079632477747,0.12090462112217007,0.0027938703790770505,0.022344587971854107,-0.09588888269091314,-0.03773717218242236
#17,0.08883328419223996,-0.18193626533002893,-0.19694315836447815,0.036361752822956596,1.0,0.24262046872634255,-0.01972603176374025,-0.026349719895767756,-0.07518427910016018,-0.08591350636310752,0.009914813250563795,0.5819681406338404,0.24412976436181658,-0.03827108352126481,-0.022671309835921874,-0.257514204432261,0.03864561834104981,0.2231000326721864,-0.030015379834089043,-0.16688634063543417,-0.08399461307365585,-0.24296790953788777,-0.04049916725768792,-0.02415988652391843,-0.10147184215349553,0.01527623935165632,-0.18768338260724046,-0.15308592785024983,0.18395556582648678,0.2850098415000518,0.1381284415367084,-0.06319119604108726,-0.033457912645729906,-0.02681031803584378,0.0034234076293539672,-0.09118249408314673,0.014812453681199149,-0.03526205484146021,-0.14748384320538055,0.06926662894755715,0.17867382798492298,-0.037751516069137535,0.38872889257225735,-0.12751555913267298,0.11852512969264238,0.20432388496202855,-0.271960092119628,-0.25750464184111754,-0.23258931061686683,-0.2752193419343528,-0.19630087099267665,-0.21416857254420707,-0.21983281403150873,-0.18315708946600898,-0.17470535266039255,-0.24142036353783997,-0.18583780251655524,-0.13618882929977927,-0.02076676043318538,0.1416235685996382,-0.09604347791439888,0.08217134569563866,0.16146913275267155,-0.027376104678497718,-0.1369809305994948,0.07115524069838791,0.11154284439273562,-0.08740048928591351,-0.001420044784801855,0.009137055837563452,-0.21533680242889816,0.02617281195961399,-0.0958920702212943,0.07602578712078349,-0.25493230482353035,-0.3182780960881033,-0.21728278972658957,-0.12235335368040226,-0.05743770370311342,-0.03224186980532158,0.3685390751380599,0.33490584832136683,0.15659221126951367,0.36383746782586524,0.35288511343623746,0.4318115532038665,0.23934049996414028,0.3803775629736471,0.29191243854042986,0.33918192032767813,0.29686267322235416,0.24593071902716573,-0.05011913394799544,0.0428483771485947,0.055270183043932136,-0.007345663763357745,-0.02319725234881145,-0.05673166572368893,-0.03578480982396864,-0.16545673325948887,-0.08419861501804939,0.15263967359688896,0.1344325000597662,0.029506968738295787,0.03827108352126481,-0.19621321390719507,-0.1709121915068253,-0.0008845396807688323,0.044203077560583,0.014436325096223574,0.13158125413382846
#18,-0.21458135772856585,-0.2098462813473691,0.02559905649100718,0.0028544334563188807,0.24262046872634255,1.0,-0.023071344898756067,-0.22716732143853247,0.016407812636964197,-0.10057136482082095,-0.06606634844488361,0.46426539377953446,0.7414323167767692,-0.05923547083808142,-0.00909721170779909,-0.16642255496497702,0.018961024472264502,0.026548940544589564,-0.21414466606634844,-0.31392392958745385,-0.2246810477412363,-0.1957988349576457,0.013323876993202591,-0.03829339623393285,0.025626150499246946,-0.012919060634796675,0.047806580656471885,-0.06745292416068341,0.5506028416833348,0.6759317549745396,0.6387603694347712,-0.19264955494107053,0.017426228593741284,-0.23993019308465283,0.04592593773159401,-0.01243614978205261,0.10175712612260836,-0.17308927475715002,-0.28033054690052517,-0.23395197985480798,-0.09429033620476696,-0.12424993425718589,0.04878037118791288,-0.32255894938998636,0.039898317780841346,-0.06486464949119046,-0.056867135764887757,-0.03602546836774538,-0.14250013945445417,-0.10400114751093721,0.09671285929444015,0.06190980882786539,-0.007815824494577213,-0.14825681932280918,-0.041842711313342204,-0.15962674019236747,0.009533903370016495,-0.03219246308441377,-0.18085409876562886,-0.28175377921570816,-0.2761787885790786,-0.12218919586577309,0.03888946441520771,0.026880443704229057,-0.06345416729753206,-0.07674457522173259,-0.061312146881399965,0.052594251288957596,-0.062330562838177055,0.011232857063168884,0.14632039461626117,0.12698164779383053,0.016771191100415177,0.10420993075090247,-0.008233390974507726,-0.026413470503390737,-0.08870100168142228,-0.12094127772155329,0.14770697033206098,-0.23108957757253623,0.289069161440445,0.25262772035795966,0.6717385587581381,0.38984612197085006,0.08114177338252755,0.477855429559563,0.22580624596578186,0.10148777980540127,-0.021292702946074955,0.23814517607120944,-0.14337511654407956,0.45652447624891423,-0.04633712915076222,-0.07234897082612819,-0.19070038011299795,-0.03595056140378838,-0.18068675342061855,0.06826096311230466,-0.07467905553474806,-0.05588697017268446,0.08804915171847731,0.37387978229167496,-0.2331710349114265,-0.10365370669939197,-0.13127365745204758,-0.11102965200137063,-0.0739522986078461,-0.11661101769876245,0.026298719409669373,-0.18751444349703958,-0.08471818247017666
#26,0.1030528572225454,0.608816709034258,0.28952338451975873,0.3533042736813585,-0.01972603176374025,-0.023071344898756067,1.0,0.29549362892365066,0.15006414904892063,0.5825928965885456,0.12724940034584706,-0.18665540405931993,-0.04831021045669342,0.4713369299301134,0.18509192040736638,0.1487986994876045,0.15461912996358246,0.28646016782347455,0.1970595032233901,0.40742216449250535,-0.09864928400098813,0.12478225183083776,-0.25008566487899336,-0.14039318187251473,-0.2690897210114034,0.09633991823984572,-0.17365187386942282,0.07007944919475013,0.06205006016463594,0.04636262939381141,-0.08443130473587326,0.30141606037182544,-0.008902772354549005,0.27688163902812196,0.3227581700388082,0.37982452645251774,0.01488736064515615,0.3957366781152133,0.1322028225581525,0.27051614085696757,0.14694196304058524,0.35079887480177546,0.040134195029046374,0.31488815752775146,-0.4255384934137654,-0.3899034975177107,0.1709615982277331,0.18192192144331376,-0.036701224808548955,-0.18211157950099213,-0.19522348572384832,-0.24810302098191872,-0.38647849612316615,-0.25140530245678905,-0.4952912207444477,-0.2152459578130354,-0.328125971200663,-0.22829092589788746,0.031194766075114153,0.28676298320968374,0.29559881742622857,0.17780841348644105,0.4583812126959335,0.4675166747683064,0.25061638868745467,0.3356740431432237,0.5241351831634645,0.48231478456279037,0.19020153160834813,0.28089952107356025,0.17827060539170764,0.18096088103339736,-0.17643299412697527,0.010096502482289285,-0.25505661850839517,-0.1649260094510276,-0.17071934591876578,-0.16922120663962578,0.33744949756552367,0.2012112615448366,-0.13933651555116386,-0.1578401294137335,-0.2103881615121644,-0.2404752607798293,0.027007944919475012,-0.07097992652742471,0.2237566639307031,-0.2072994445728311,0.03789336117109866,-0.15206751189347273,0.053351289754480474,-0.1493724549562113,-0.05501836814382137,0.13052458781247758,-0.011962801520451993,-0.032613217094725436,0.30833937635968095,0.13311126871677995,-0.03509789702683104,-0.1457004199571277,-0.24635944186343026,-0.06944831817928265,0.3528612069583788,0.13782084485492752,0.16300552239638533,0.17841404425885934,-0.10437568233072221,0.3364852696252261,-0.009095617942608516,0.2369307269959917,0.22543330491118743
#49,0.6368430699105101,0.17162779207739323,0.3466375538891855,0.337403278374997,-0.026349719895767756,-0.22716732143853247,0.29549362892365066,1.0,0.254978524014057,0.44121476782825586,0.2050267354110719,0.020664759460988613,-0.24210249503940584,0.45079967168437074,0.1255424778267418,-0.06270669142315263,0.038913370893066325,0.4273139478360653,0.23496561451601336,0.24981791232697687,0.08804755795328674,0.011350795687271395,-0.34398871614245075,-0.30587700914024335,-0.25504227462168,-0.21628509271728996,0.13674664711648032,0.18824279418913212,-0.09068842687406864,-0.08515487413239407,-0.1258723872211907,0.26580656471881997,0.30800627943485087,0.3130728589756871,0.08770489843731323,0.0920271896341512,0.2525193443250006,0.3113547801002478,0.19934815003705503,0.16256723696897737,0.11179784682322753,0.14765437608077203,-0.05487811680705082,0.15954545816764817,-0.4354867757333312,-0.27065161089816636,0.3762863677294424,0.3145072476472041,0.23592665492592976,0.07566878371809481,-0.18463929109324323,-0.07923722397979106,-0.21822789248460026,-0.11772824709735515,-0.3718238251958339,-0.281503558080788,-0.27481133804556573,-0.3223597287411646,-0.04798826988819737,0.2695056937261433,0.33163862968068913,0.27239359625146425,0.19390384814605263,0.04807911450406012,0.2941692100502833,0.332523169361458,0.593718971383946,0.2938281442995004,0.1259281690028608,-0.10507056395381269,0.10553434962426986,0.04640247352357577,-0.051778243511383465,-0.06813027436667755,-0.1323590115468288,-0.23016519376200303,-0.27134649252125687,-0.13444684394648138,0.19064300456613728,0.14608929866362788,-0.18829698220561164,-0.3025747276653731,-0.34236945070882707,-0.2011363545808796,0.040282415191769796,-0.178160635593558,0.0025133677055359433,-0.07540581246165003,0.017155288511343625,0.004089601479014097,0.02333909745077258,-0.20887567834630924,-0.14517925873980986,-0.13513056921323782,-0.21500689303444923,-0.1163703591549857,0.017140944624628455,0.016390281219867877,0.0476121413032218,-0.16972324267465674,-0.21545952234857238,0.19628174581038976,0.4755269386161337,0.28205340707153614,0.35313374080596704,0.3479189411024074,0.0956418490863741,0.2922566918215939,0.19700690897210113,0.012687964682163377,-0.024752767174812135
#50,0.14835403899943422,0.21689072348970825,0.25994150881750594,-0.08451099299540199,-0.07518427910016018,0.016407812636964197,0.15006414904892063,0.254978524014057,1.0,0.15240220258349338,-0.03474567491971408,-0.13604698419781813,-0.0781853389540119,0.007790324251528023,0.18591908454127454,0.09707623775789113,-0.036470128855915655,0.1919467044920272,0.1816892317254899,0.052653220601008854,-0.007293069512068787,0.12776578026759317,-0.09543306584640884,-0.09889631760552718,-0.03571149662520221,0.08902294224991832,-0.021292702946074955,0.03265146745929922,0.07726095514347871,-0.006108901975471954,0.006099339384328507,0.07681151335973671,0.1063439823410817,0.21483317262867663,0.006537624811736487,0.15880754488441218,0.11815378240323852,0.2788579078644343,0.08292838416116154,0.16220385850552638,0.10863262915474663,0.1424618890898804,0.0007076317446150659,0.24385563674903776,-0.2064802492648758,-0.260360669062627,0.11779040393978756,0.03501342747173059,-0.0947557156404147,-0.055877407581541014,-0.06255528373004805,0.0037134728940385214,-0.13200838320490244,0.020183442373435122,-0.07276494354086813,0.12507869215628462,-0.20681015865932473,-0.13811250388480265,-0.1521997944042904,-0.05225318553817466,0.06530134115340787,0.198662831005108,-0.02823195658583621,-0.030346882993728536,0.13030464821617832,0.14105937572217486,0.11503797145566544,-0.13227613575691893,0.337702906230825,-0.07976157272749006,0.32789168771764854,0.04678657093450422,0.15969208456518103,0.08406314497685057,-0.02381722700794492,-0.12501016025308992,-0.12215253926638989,-0.06401676640980485,-0.021468017117038145,0.12925754448597088,0.03785829833690602,0.0359617177601224,-0.06211221700706835,-0.023939946927619155,-0.21776729434452421,-0.33144578409262965,-0.1185920678306465,0.05473149040951797,0.08414920829714158,0.0028879025253209446,0.004473698889942545,-0.0724605343894684,-0.3220075066340476,-0.11312545322697606,-0.1034528922853796,0.03509311573125931,0.18255783375435297,-0.06339360422029022,0.18229167496752705,-0.04604387635569652,0.03220521320593837,-0.10006454749021827,0.2854720334053184,0.285634597454757,0.14844328985010638,0.0817378415638024,0.09813768537481372,0.12596323183705344,0.140699184789105,0.025334491469371816,-0.10040083194542948
#51,0.4608037357856067,0.4243495445815968,0.5551705727195212,0.45264684554024653,-0.08591350636310752,-0.10057136482082095,0.5825928965885456,0.44121476782825586,0.15240220258349338,1.0,0.00838798619799345,-0.2279387037907705,-0.10493190638223271,0.4126991210384974,0.3552789487524803,0.1473945923547084,0.41733538397787856,0.22965678266620979,0.2762489142474639,0.2673461418929149,-0.044491549060076976,0.014963861374303724,0.044928240722294385,-0.06214887360645156,-0.028201675047215293,0.019821657675174718,0.004994860107260397,0.015360708906756768,0.1277769366239272,-0.006419686187633976,0.036503597924917724,0.20315087378176575,0.12385627425511399,0.16467260078572624,0.258585214640327,0.2920606587031533,-0.002412960498529752,0.254667739801895,0.2146658272836663,0.1365729267107077,0.11671142490576863,0.18926599144148093,-0.11661261146395302,0.3222210711695846,-0.2418682115563914,-0.2611256763541028,0.09727705217190351,0.0168508793599439,0.05089529759580521,-0.08556606555156229,-0.043991106790236593,-0.16281586433870698,-0.13129597016471564,-0.21931165281419088,-0.3054992867900772,-0.18086684888715346,-0.27479858792404116,-0.20866211381077227,-0.08269410067814709,0.41574480631768523,0.2709161759198017,0.2078732000414379,0.26876299914733565,0.2657794707105802,0.24741451441959056,0.11186319119604109,0.23877471332148634,0.2658671277960618,0.20677828335551324,0.22159711209747468,0.017341759038640835,0.27024679453976047,-0.008556925308194343,0.09132752671548901,-0.10777677724740814,-0.1468367745380073,-0.19967168437074165,-0.05360788595016296,0.32965279825323335,0.1941429129246388,-0.32941692100502834,-0.07977591661420523,-0.30665954784881544,-0.36790953788778297,-0.011129262325781543,-0.13816031684051988,0.10495581286009133,-0.10527137836782507,0.05848002613774912,-0.3090342579827714,0.04894771653292321,-0.04796914470591048,0.09318585692769885,0.10393102184255194,0.11618548239287906,-0.124230809074899,0.35465100526739396,0.32933563898030904,-0.02755460637984206,0.0462446907697089,-0.0745834296233136,0.1275203404282447,0.2223190877288049,0.16207316975989927,0.03326506705767039,0.281847811361952,-0.009066930169178176,0.23921778004446606,0.1888484249615504,0.03743913809178494,0.2520364334722565
#52,0.08165815330427369,0.09907800683725267,0.08877750241056985,0.14426762505080126,0.009914813250563795,-0.06606634844488361,0.12724940034584706,0.2050267354110719,-0.03474567491971408,0.00838798619799345,1.0,-0.11443234068324713,-0.034148012973248654,0.059686506387014004,-0.3310282176126991,0.0490417486791671,0.0020958012256054315,0.3130856090972117,-0.20686275291061368,-0.00855533154300377,-0.1649307907465993,-0.11153965686235447,-0.15080046856696602,0.11755771422196368,-0.07559706428451896,0.03514570998254827,-0.03376072803193905,0.03395516738518914,-0.19540995625114552,-0.2708556128425599,-0.1513582863836671,0.23634740893624143,0.3220760385372423,0.2648805871430962,-0.15351624445170492,-0.1264716429328467,-0.1386145399198336,0.1475125309788109,0.03396313621114201,0.38076166038457554,-0.1740837842360685,-0.11427137039899911,-0.12009339464016766,-0.07137836782506833,-0.03239487126361673,0.04145383260684203,0.2094956530054427,0.20895058531026625,0.003914287308050905,-0.12030058411494235,-0.056602570743252395,-0.007071536150578935,-0.038706181418291644,-0.10899600761819761,0.048850496856298165,0.01002000175314171,0.12005036298002215,0.1465817721075154,0.3413940664121955,0.190722692825666,0.38912095880913866,0.17497788650798077,-0.04426682816820598,-0.13173106806174245,-0.1404266509415168,0.021150857844113826,0.3304799623871415,0.14172716333702556,-0.07341838726900365,-0.10792499741013156,0.15380312218600833,-0.01584680728988198,0.3342699360103276,-0.0005100048609838312,0.02534564782570584,0.04767907944122592,0.24617137757094248,0.26838527679716945,0.21691144243718574,0.054486050570169496,-0.23657531735849358,-0.06815736837491733,-0.3372152140825092,-0.3352564766632932,0.11499334603032935,-0.07547593813003531,0.13596888970347998,0.048383523655459844,-0.09311413749412299,-0.05541680944146499,-0.20112679198973615,-0.23791089258819498,-0.0399764122751795,0.04059319940393182,-0.13027596044274797,0.10094749340579652,-0.014037883798579955,0.09734717784028879,0.10249822693622548,-0.029626501127588873,0.00031078421216202215,0.16106750392464678,0.31930129334045215,0.3726238953215023,0.3667158077600427,0.4061933715305724,0.2817011849644192,0.27699001506108106,0.21097147957191467,0.21567468064929993,0.032197244379985494
#53,0.06474033580632566,-0.35574273442293747,-0.05938209723561428,0.12425312178756703,0.5819681406338404,0.46426539377953446,-0.18665540405931993,0.020664759460988613,-0.13604698419781813,-0.2279387037907705,-0.11443234068324713,1.0,0.552351202097395,-0.10932591701264653,-0.14984420945262134,-0.37444397516913835,-0.0012112615448365992,0.03633784634509798,-0.08218250205197268,-0.1819012024958363,-0.1182175330108615,-0.26893193825753653,-0.16972483643984732,-0.2931587629194591,-0.1972332236291627,-0.23306265887846744,-0.010574632039461625,-0.1294440150132681,0.2745276478416435,0.4472997633258692,0.15607423758257696,-0.062410251097705774,-0.08227334666783542,-0.03685900756241583,-0.03297500179298584,-0.12941373347464719,0.25144674035174397,-0.14632995720740463,-0.1254356955589733,-0.15915339193076683,0.2115563913968555,-0.09650885735004662,0.43221477579708184,-0.260349512706293,0.07667126202296616,0.011604204352572735,-0.117874873494888,-0.06446142689797513,-0.11652654814366199,-0.15338236817569667,-0.12044880427766577,-0.15038768338260725,-0.15402306178230762,-0.10451115237192105,-0.18423766226521845,-0.29023739132513604,-0.1444285953350493,-0.20753213429065495,-0.1462996756687837,-0.1912279163910781,-0.2623544693160357,-0.033253910701336375,-0.033590195156547584,-0.1641323143861215,-0.03929906206918535,0.07270916175919802,-0.01450963829499,-0.09051311270310546,-0.23128879822135806,-0.10984867199515495,-0.16094000270940081,-0.09281610340348556,-0.10356126831833866,0.037630389914653874,-0.13099474854369705,-0.20820310943588682,-0.23620715759947086,-0.2628389739339703,-0.1042704938281443,-0.18841651459490474,0.5233574257504642,0.31065033588601393,0.3971885982038266,0.5926623050625951,0.3124799783247934,0.5387388536046984,0.1613846631975711,0.3037891767405908,0.19104463339416203,0.5725952075480719,0.17948346070173482,0.4120807401445545,-0.21056028815274647,-0.1622516714612436,-0.15933986245806406,-0.15722334228498117,-0.27068507996716845,-0.10756480647706174,-0.09693758018631116,-0.20388559953462057,-0.047075042433998196,0.2550470559172517,-0.00408003888787065,-0.16300711616157593,-0.050155790547378655,-0.2244866083879862,-0.1390257313390018,-0.16635242929659172,-0.11348245662966475,-0.11289435727434277,-0.04618890898803879
#54,-0.2557530938966762,-0.272698005402864,-0.03328578600514786,-0.1063376072803194,0.24412976436181658,0.7414323167767692,-0.04831021045669342,-0.24210249503940584,-0.0781853389540119,-0.10493190638223271,-0.034148012973248654,0.552351202097395,1.0,-0.06464789742527234,-0.17147319685390752,-0.2096837172979305,0.18020065503749333,-0.07112814669014814,-0.19727466152411766,-0.32821203452095404,-0.25530843340850595,-0.2516220545227072,-0.05559690490799991,-0.15964745913984493,-0.008517081178429982,-0.1313119078166214,-0.04812852122496793,-0.13170078652312156,0.4885575628142706,0.5745842265059089,0.46836774538007314,-0.20534070715361505,-0.07874315677071297,-0.19251886619544342,-0.03095570129652798,-0.050562200670975145,0.03294472025436492,-0.17138713353361648,-0.29363529871144084,-0.3097833276223414,0.020448007395070484,-0.17027946672616723,0.15459362972053328,-0.4276406697001331,0.054167297532054605,0.04358150913625895,-0.11449449752567954,-0.1013985289547291,-0.1729410545944266,-0.10788993457593893,0.08489030911075872,-0.0009020710978651515,-0.042832439496688954,-0.23198527360963908,-0.06905465817721075,-0.24377913601989018,0.02274781056506945,0.004722326259672163,0.005801305293691081,-0.21617512291914032,-0.22653140912749326,-0.12348652073090072,0.028330770027651827,-0.021514236307564806,-0.13770449999601558,-0.11426180780785566,-0.09780936974555539,-0.13735387165408922,-0.15419040712731794,-0.031848209803249684,-0.057593892691789716,0.028488552781518697,0.06662576002677525,0.21206480249264875,-0.027313947836065312,-0.08142705735164038,-0.07207324944815881,-0.13568838702993888,0.011347608156890246,-0.2616898692315661,0.2400258189960873,0.24339185107858058,0.6687693742080979,0.3789160802938903,0.25502155567420254,0.6536620739666424,0.2613727099586418,0.08449505534349624,-0.017234976770872348,0.25822183617687605,-0.06840758950983751,0.4848664026329001,-0.11879766354023062,0.02797536039015372,-0.07449099124226027,-0.18432213182031892,-0.27674616898692317,0.02510339551673852,-0.0016144841380519408,0.013943851652336062,0.16417056475069527,0.3475252811003355,-0.24782729960394936,-0.2640677668959032,-0.1299922702388257,-0.1907736933117644,-0.056283817705137504,-0.14180366406617312,-0.04389388711361155,-0.04880109013539035,0.05742814111196997
#58,0.24065535624636422,0.22413916757644095,0.041611615360708905,0.17879336037421606,-0.03827108352126481,-0.05923547083808142,0.4713369299301134,0.45079967168437074,0.007790324251528023,0.4126991210384974,0.059686506387014004,-0.10932591701264653,-0.06464789742527234,1.0,0.094013021061607,-0.019254277267330203,-0.06672138593820973,0.29497087394114224,0.0691327526715489,0.21054275673565015,-0.0621903115014065,-0.04174389787152659,-0.2291738718134657,-0.19266549259297627,-0.37996318402409773,-0.12677286455386527,0.1250292854353768,0.14011427296416418,0.08246619225589494,0.15776522244977648,0.07349807552853238,0.07965479045972157,0.07542175011355577,0.06300313174859948,0.06926822271274773,0.08707057989146459,0.07862681191180103,0.1628397708165656,0.1145662169592554,0.15660336762584767,-0.08169480990365689,0.11074277426706723,-0.20237471013395597,0.08449027404792452,-0.2670975145231853,-0.16148028910900558,0.25283809736311547,0.0748145255759469,0.20139613830694325,0.04400545067695177,-0.08509112352477109,-0.06552765581046945,-0.14743443648447274,-0.11852353592745181,-0.305387723226737,-0.20708906756767526,-0.014879391819203277,-0.08570791065352341,-0.011653611073480544,0.2620532476950171,0.179647618516364,0.222813154937883,0.48111786690466896,0.36996230745324293,0.1281068460183761,0.17544167217843795,0.5941206002119708,0.3904676903951741,0.13816828566647277,0.11224410107658839,0.08322482448660838,0.1179179051550335,-0.020891074118050187,0.03602228083736423,-0.03918112344508284,-0.03508833443568759,-0.16289395883304514,-0.1535178382168955,0.45355369793368344,0.15619695750225118,-0.3397732072133813,-0.30926854146578586,-0.14623911259154188,-0.28084055176150896,0.2715425256396975,0.07469658695184439,0.22646925228506085,-0.22910533991027102,-0.054543426117030176,-0.23980428563459746,-0.1484114145462949,-0.19572552175887925,0.07543450023508036,-0.14668855437528389,-0.30030839356437616,-0.061283459107969625,-0.008635019802532493,0.1742335981639825,-0.08821490329829706,-0.24461108144937008,-0.03900740303931022,0.13868944688379062,0.27785224202918185,0.041842711313342204,0.1426499533823682,0.20833220441632333,0.07908262875630534,0.28075130091083683,0.13375674361896261,-0.003185936615958371,0.011251982245455776
#101,0.24656185004263323,0.2740415494585183,0.1692642382997713,0.06212974842416467,-0.022671309835921874,-0.00909721170779909,0.18509192040736638,0.1255424778267418,0.18591908454127454,0.3552789487524803,-0.3310282176126991,-0.14984420945262134,-0.17147319685390752,0.094013021061607,1.0,0.2720413741443473,0.13590992039142874,0.08593741284096613,0.6375220138816948,0.19257624174230412,0.416734534501032,0.33742559108766507,0.1779231645801624,-0.04488839659253002,0.2568639482345066,0.041852273904485655,-0.07045079648415399,-0.2642526436580099,0.33961701822470497,0.20885495939883178,0.033626851755930796,0.22679916167950975,-0.16845141805257832,0.17232426746567428,0.299106694610683,0.4866450445855812,0.309294041708835,0.43731323064172956,0.12164253440540605,-0.023783757938942857,0.1912279163910781,0.40680218983337185,0.16864107611025667,0.4246443911418531,-0.19423375754050157,-0.30460518451816493,-0.16048259209970595,-0.21422913562144888,-0.2100455019961909,-0.23406673094852937,-0.274271051645961,-0.30897369490552956,-0.28676935827044603,-0.036038218489269976,-0.14493222513527082,0.03653547322872921,-0.40682769007642106,-0.3514443497039581,-0.3122616324936847,-0.11684530118177688,-0.03328100470957614,0.0018471738558758137,0.29979520117301117,0.1984954856600977,0.27934878754313125,0.15573317183179403,0.04268262556877495,0.1408824677860211,0.47139749300735523,0.33127525121723816,0.0908095530285523,0.24672282032688125,-0.15532676170819754,-0.0035254086015507335,-0.10526659707225335,-0.2881081210305286,-0.2967511096590139,-0.4261823745507574,0.15183641594083944,0.34066571572010296,0.04520874339583549,0.13145853421415424,0.008913928710883026,0.03425798277139829,-0.2416243654822335,-0.19665628063017476,-0.11609304401182574,0.02526436580098654,0.1470487453083537,-0.04106814143072301,0.16269951947979505,-0.05128736383268653,-0.18045725123317582,0.007112974045533871,0.1003307062770442,0.05377044999960156,0.4343934528125971,0.10339392297332833,0.03215899401541171,-0.16828885400313973,-0.19974181003912694,-0.11605638741244252,0.05458327024679454,-0.16090015857963647,-0.19534620564352254,-0.23133820494226587,-0.20277474519679015,0.05185952553610276,0.10921435344930631,0.015496178947955597,0.1854345799233399
#102,-0.02827817577636287,0.2630876013036999,0.02355744328188128,-0.09812174772290798,-0.257514204432261,-0.16642255496497702,0.1487986994876045,-0.06270669142315263,0.09707623775789113,0.1473945923547084,0.0490417486791671,-0.37444397516913835,-0.2096837172979305,-0.019254277267330203,0.2720413741443473,1.0,-0.015301739594705512,0.019239933380615033,0.19763007116161577,0.5305373379340022,0.43834758425041237,0.7741730350867406,0.21947581062882004,0.4508841412394712,0.1377794069599726,0.519309262166405,-0.26842990222250557,0.1487301675844098,-0.004387635569651523,-0.05168421136513957,-0.281986468933532,0.16633330411430483,-0.06577309564981791,0.1394831419486967,0.24446286128664663,0.16833666695885696,0.09039995537457467,0.2362055638342803,0.14797631664926805,0.4237996955908486,-0.07134808628644741,0.3129373889344883,0.047918144219812095,0.27600188064292486,-0.17881089179131238,0.06234809425527337,-0.2044641362987991,-0.22807417383196935,-0.3755117978468232,-0.3263999234992708,-0.31895863382447864,-0.24405804492824074,-0.29603710285363655,0.20788116886739078,0.023230721417813512,0.38161751229191404,-0.16746328363442214,0.21853389540119053,0.007752073886954235,-0.01686203571627792,0.018951461881121054,-0.13193825753651714,0.027643857230514227,0.16560814095259346,0.01824064260612484,0.22631943835714685,-0.02476551729633673,0.10601407294663277,0.5109005570209341,0.3966913434643674,-0.049806755970642845,-0.0275020121285531,-0.05094948561228474,-0.22909258978874641,-0.06179346396895345,0.18272039780379157,-0.03738176254492426,-0.1272143375116544,0.09003817067631426,0.515114472184813,-0.053171194287945554,0.0553721840161289,-0.23432332714421183,-0.236124281809561,-0.32293985927053365,-0.35947055120369115,-0.14169688179840464,-0.154748224944019,0.014879391819203277,-0.15826247718923572,0.13746384145223883,-0.35261576711903037,0.03285706316888333,-0.02670034823769414,0.01826933037955518,-0.10267194734199811,0.44127054960992596,0.07195212329367515,0.04820024065854377,0.006112089505853103,-0.1943628525209381,-0.35134394249695194,-0.01411438452772753,-0.05734048402648838,0.0020814573388902614,0.00433663508355314,-0.007532134290654958,0.03954450190853381,0.02114767031373268,0.10266397851604524,0.05366048020145192
#201,0.0827626325813418,0.1295364533943214,0.41784060754329067,0.16934392655930003,0.03864561834104981,0.018961024472264502,0.15461912996358246,0.038913370893066325,-0.036470128855915655,0.41733538397787856,0.0020958012256054315,-0.0012112615448365992,0.18020065503749333,-0.06672138593820973,0.13590992039142874,-0.015301739594705512,1.0,-0.03502777135844576,0.0863772920335647,-0.10930997936074079,-0.0959287268206775,-0.12487628397708166,0.0852218122703982,0.022599590402346024,0.2083465483030385,-0.09600363378463452,0.05999729059917602,-0.19838392209675748,0.1886731107905872,-0.11428730805090485,0.1895162125764011,-0.047600984946887775,0.06766648869622038,-0.06412992373833563,-0.05583756345177665,0.0581007100223924,-0.15183482217564886,-0.09297229239216186,-0.1168389261210146,-0.1782721991568982,-0.017295539848114178,-0.12672983289371978,0.06885065623281722,0.01092526038138801,0.054627895672130625,0.035257273545888486,0.09801337168994892,-0.010544350500840712,-0.035190335407884354,-0.08928591350636311,0.17737172182422364,-0.09294997967949382,-0.04061551211659986,-0.1477245017491573,-0.15485022591621575,-0.2659245033429225,-0.00761501008056483,-0.0644502705416411,0.0284136458175617,0.11745890078014806,0.021179545617544166,-0.08083098917036553,-0.12467865709345043,-0.13297261114519998,0.0739905489724199,-0.07514443497039582,0.061014112790762534,-0.010302098191873391,-0.01747563531464909,-0.09359864211205764,0.10848759652240435,0.2979002143614181,0.17322474479834887,-0.004064101235964905,0.006155121165998614,-0.1677405987775821,0.08407589509837515,-0.009355401668672155,-0.04491230307038864,-0.2675597064284519,-0.14899632637123572,0.05527974563507559,-0.03656575476735013,-0.24524380623002812,0.035254086015507335,-0.020996262620628103,-0.03796029930910279,-0.1513519113229048,-0.21417494760496936,-0.20680537736375298,0.03003928631194766,0.09876244132951892,-0.06351313660958331,0.11811871956904589,0.0849285594753325,-0.023697694618651833,0.0642000494067209,0.346059017125007,0.011991489293882333,0.26508777661787086,0.07131780474782651,0.23693232076118226,0.0033230004223477757,0.03217015037174573,-0.041151017220632885,0.09696148666416977,-0.028573022336619146,-0.012974842416466782,0.06773023930384336,0.0033054690052514565,0.07138155535544947
