,#10,#11,#12,#13,#17,#18,#26,#49,#50,#51,#52,#53,#54,#58,#101,#102,#201,#202,#301,#302,#401,#402,#501,#502,#601,#602,#701,#702,#801,#802,#901,#902,#1001,#1002,#1101,#1102,#1201,#1202,#1301,#1302,#1401,#1402,#1501,#1502,#1601,#1602,#1701,#1702,#1801,#1802,#1901,#1902,#2001,#2002,#2101,#2102,#2201,#2202,#2301,#2302,#2401,#2402,#2501,#2502,#2601,#2602,#2701,#2702,#2801,#2802,#2901,#2902,#3001,#3002,#3101,#3102,#3201,#3202,#3301,#3302,#3401,#3402,#3455,#3501,#3502,#3601,#3602,#3701,#3702,#3801,#3802,#3901,#3902,#4001,#4002,#4101,#4102,#4201,#4202,#4301,#4302,#4401,#4402,#4501,#4502,#4601,#4602,#4701,#4702,#4801,#4802
#10,1.0,0.196790156906183,0.21205205237112415,0.13434324920909402,0.23678410059845884,-0.08825155989768027,0.21444588768736703,0.7241686522324666,0.32849094342930457,0.1377602817776857,0.290503550111962,0.24364525974388193,0.026246125158380415,-0.022027428698929787,-0.03841292862322594,-0.13248651276207477,0.032731155718827946,0.29806915347161905,0.1039899911546032,-0.023837945955422386,0.002723744710691774,-0.1299428635179179,-0.021730988373482935,-0.11408968116727362,0.06678832407621385,-0.05976300711616157,-0.02255655874220051,-0.1077417144132155,0.12516953677214737,0.003345313135015818,0.2707854871741746,0.019544342532014758,0.2075416968817984,0.05695957414594108,-0.02775542079385444,0.025822183617687604,0.03158683231199547,-0.15424459514379746,0.032343870777518345,-0.06893831331829882,0.08963176055271777,-0.2543601431201141,-0.06513877710396927,-0.28228290925897886,-0.20073472575285484,-0.014963861374303724,-0.13357824191761827,-0.13038114894532588,-0.14948720604993265,-0.16417056475069527,-0.13878826032560623,-0.05547418498832567,-0.01655922033006877,0.07896947142777455,-0.1100765804174071,-0.05794770856409725,-0.26153846153846155,-0.2636422315900198,-0.054656583445560965,-0.003397907386304776,0.17138235223804477,0.3438038393803441,-0.2054634270732893,-0.2938281442995004,0.247038385834615,0.007748886356573086,-0.011384264756273459,-0.0734343249209094,0.09923100829554782,-0.1032839531751787,0.20362422204336636,0.058175616986349404,-0.05751101690187985,-0.04580640534230092,-0.25602244021388326,-0.12165687829212123,-0.2654352174294161,-0.16009530715839634,-0.18167488783877472,-0.008635019802532493,-0.2917992812118991,-0.18739650487293708,-0.1695511160340747,0.23745666950888125,0.26034473141072123,0.1654360143120114,0.16582170548813044,-0.043240443385476016,-0.08611113324673876,-0.038771525791105196,-0.06945469324004494,0.08266381913952617,0.01609224712923045,0.1396823625975185,0.213824319263043,0.3177664974619289,0.13630836168907234,-0.01576074396959096,0.05703129357951693,-0.058582027109945894,0.12762871646120377,0.15374734040433824,0.2510259863414323,0.2826941006781471,0.19580202248802683,0.21114041868211555,0.16524795001952364,-0.1322649794005849,0.11277801241543084,0.3013857788332045,0.13036361752822956
#11,0.196790156906183,1.0,0.11822231430643323,-0.0102765979488242,0.008072420690259704,0.10424818111547626,0.29302329287826023,0.28341448254428675,0.3532787734383093,0.16998940146148267,0.26697798213389223,0.18538676696762266,0.08887631585238547,0.08911856816135279,0.06133286582887743,-0.1705551881041366,0.050508012654495615,0.11056427256572289,0.12453999952187045,0.021998740925499447,0.043036441441082485,-0.031276048099833455,-0.051057861645243806,-0.12729402577118312,-0.1051072205531959,-0.21232299245352182,0.022953406274653556,-0.02535999171242101,0.031212297492210474,0.030260819673437512,0.10372861366334898,0.020865573875000997,0.04338388225262772,-0.07735658105491318,-0.002282271752902645,0.011594641761429289,0.03096207635729028,-0.2823052219716469,0.06960450716795895,-0.09928041501645563,0.04814127134649252,-0.18894405087298488,0.048273553857310206,-0.03803361250786921,-0.08832327933125612,-0.10195794053662074,-0.08692076596355058,-0.03909824765517296,-0.028252675533313676,0.015912151662695537,-0.050621169983026404,0.016906661141614005,-0.08133940026615878,-0.07982054203954131,-0.06394345321103842,-0.2412115802978747,-0.05929762768051383,0.018081266087067394,0.02862721035309868,0.15988811768362168,0.19150045023866633,0.3666839324562312,0.005512833794197101,-0.04407398258014647,0.029763564933978276,0.09334204591637514,0.1845149774083784,0.22683581827889296,0.09505693726143327,0.07194893576329399,0.2129174668696061,0.18920383459904852,-0.18214186103961302,-0.08282319565858362,-0.25618659802851246,-0.12916510610491755,-0.15386049773286903,0.016481125835730623,-0.08714229932504045,-0.2094016208591988,0.16689112193100591,-0.06784817792794588,-0.09795440237789767,0.2051701742782236,0.12125524946409645,0.0006725689104224275,0.02312234538485445,0.03219405684960435,-0.04338069472224657,-0.06794539760457091,-0.017023006000525944,-0.05676194726230984,-0.09337392122018663,-0.09687542334387875,0.0438094175585111,0.09942226011841675,-0.1396154244595144,0.033508913131828286,-0.09268860218823961,-0.17645211930926216,-0.058878467435392746,-0.021292702946074955,0.06949931866538103,0.23127764186502403,0.05681772904397995,-0.08406473874204114,0.08751364661444429,0.06806811752424516,0.03068794874451147,0.2039764441504833,0.12182581740232211
#12,0.21205205237112415,0.11822231430643323,1.0,0.31005426770473904,0.2620277474519679,0.33952298607846104,0.4084676744575222,0.16669668257775583,0.10601088541625163,0.45995744646941167,0.21009809624747985,0.12628039110997777,0.15396090493987521,0.03387069783008869,-0.19862298687534366,-0.00892667883240762,0.26183968315948014,0.6547251153487557,-0.3726956147550781,-0.2494975655236714,-0.3473945923547084,-0.27623935165632046,-0.24041151017220633,-0.1308034967208281,-0.15142203699129006,-0.025909840703169203,0.0377658599558527,0.14548207412601902,0.027798452453999953,0.09795599614308824,0.5121867255297277,0.2233454725115349,0.5140705559849867,0.17312115006096152,-0.18599399150523152,-0.12567794786794062,-0.26774298942536795,-0.21091410402505398,-0.24624787830009004,-0.030729386639466408,0.029550000398441297,-0.2488600594474416,-0.1058817904358151,-0.25766879965574674,-0.18104694435368837,0.12652423718413566,0.1901027181665325,0.15417287571022162,0.06324219652718564,-0.04703041700866211,0.09633673070946458,-0.012966873590513909,0.021734175903864082,0.009267744583190558,-0.33625257990740226,-0.23036919570639658,-0.2644646144283563,-0.25485899162476394,0.2396194088724908,0.13530907091458216,0.142335981639825,0.14557451250707235,0.1729043979950434,0.2626652535281977,0.3990819912502291,0.06289634948083099,0.1217827857421766,0.30981839045653403,-0.12696092884635307,0.15534588689048442,0.32690036576911125,0.314451465865534,-0.19052506594203475,0.21695288033214066,-0.2810063033413287,0.0007458821091888532,0.02241311987504881,-0.10704205149455331,0.2708125811824144,0.17139510235956937,-0.21109101196120775,0.2520587461849246,-0.15962674019236747,0.06846496505669819,0.26297285020997857,0.057354827913203545,0.17106678673031103,0.23315669102471132,0.004580481157711034,-0.11663970547219278,0.26709432699280417,0.006618906836455785,0.2719839985974866,0.2629999442182183,0.16088740845811186,0.4012351680226952,0.024956769119205666,0.39590083592984243,0.39123747898222155,0.17280877208360892,0.45003466439289497,0.5205842743188646,0.4499470073074134,0.46283897393397033,0.42700156985871274,0.3302297412522213,0.40809473340292773,0.06851437177760601,-0.09452780721816255,0.19515814135103476,0.21174923698491502
#13,0.13434324920909402,-0.0102765979488242,0.31005426770473904,1.0,0.1750639498282718,0.20157782753866874,0.24689175943708214,0.14331614723202832,-0.06438014487325583,0.32386424308106687,0.1313788459546255,0.12654814366199427,0.10542756735650137,0.021362828614460233,-0.0012909498043653228,-0.15375371546510053,0.501503717457307,0.10703408266860044,-0.10989648495087219,-0.28124696188510545,-0.06016782347456749,-0.11931882475754847,0.018747459936727523,0.16615798994334166,0.03154220688665939,-0.04210249503940584,0.13164022344587972,-0.006958378822048148,0.06562806301747563,-0.003982819211245607,0.09487684179489836,0.0352062730597901,0.22545721138904606,0.35104909593669564,-0.0025898684346835183,-0.050101602530899125,-0.0024161480289109005,0.04111754815163082,0.20395891273338698,0.30550884938122064,-0.013065687032329527,-0.1956235207866825,-0.021271983998597487,-0.08686020288630876,0.12238204145383261,-0.054396799719497325,0.04427001569858713,0.022931093561985513,-0.05077257767613098,-0.30746439927005553,-0.09078245902031254,-0.048442492967511096,0.052799846998541705,0.15886810796165401,-0.10575269545537856,-0.16234410984229694,-0.006666719792173019,-0.277342237168198,0.33536325893106167,0.1828176174804166,0.17705775008168045,0.08990110686992485,-0.15827841484114147,-0.12812437743547242,0.14060196511247997,0.04967128592944402,-0.1652559188454765,-0.026222218680521797,-0.23270087418020702,-0.1950417964921228,0.022495995664958683,-0.01446023157408219,-0.21550733530428962,-0.02605168580513033,-0.23563340213086406,-0.15797241192455116,-0.06133286582887743,0.04107132896110416,-0.044285953350492874,-0.014104821936584083,-0.2576305492911729,-0.06744973663030225,-0.03299731450565388,0.09914813250563795,0.1474312489540916,0.15282933165456733,0.2178932017945796,0.1040776482400848,-0.24847596203651315,-0.07123652272310721,-0.016071528181752982,0.1869757508626254,0.09990517097116082,0.2060244324203715,0.3392026392751556,0.1430611448015364,0.02502211349201922,0.22960737594530198,0.04176621058419463,0.06255209619966691,0.20920558774075815,0.18181195164516412,0.0556096550295245,0.061889089880387924,0.23538158723075328,0.17427344229374686,0.26455864657460015,0.18830813856194567,0.2942441170142403,0.23832367777255378,0.43929109324323246
#17,0.23678410059845884,0.008072420690259704,0.2620277474519679,0.1750639498282718,1.0,0.505653882013563,-0.04977647443202193,0.23136211142012447,0.14512347695813976,0.10690498768816391,0.07654216704252963,0.5986118305190097,0.34308345751420444,0.3009172118671756,-0.3154188813362127,0.006692220035222211,0.20932193259967008,0.2596434747268685,-0.3257098231717521,-0.035260461076269636,-0.2584816199029397,-0.16731506347169872,-0.2827817577636287,0.10671214210010439,-0.458413087999745,0.11957701471842154,-0.25277912805106423,-0.0712173975408203,0.048769214831578866,0.3112432165369076,0.24679613352564767,0.32006789439711847,0.17503207452446032,0.2726023794914295,-0.05807680354453378,-0.0036768162946553083,-0.20797520101363465,0.040884858433806945,-0.25203165217668483,0.17185570049964538,0.07984604228259051,-0.0786857812238523,0.04930471993561188,-0.16527504402776338,0.022526277203579595,0.2762983209683717,0.16057821801114042,-0.07654535457291077,-0.11556710149893616,-0.1663157726972085,-0.2883631234610205,-0.250806046745133,-0.22601821673612826,-0.054858991624763924,-0.26638350771780794,-0.16626317844591956,-0.311241622771717,-0.032461809401620856,-0.003109435886810796,-0.09303604299978484,0.22365466295850633,0.21765094948561228,0.09087649116655643,-0.054109921985193925,-0.026684410585788396,-0.05661532086477699,0.1311907816621377,-0.008697176644964897,-0.20339312609073304,0.07942210074189769,-0.04944337750719187,-0.05714285714285714,-0.0043573540310306086,0.2679708978476201,-0.19316593486281666,0.022786060929643234,-0.08154340221055231,-0.004362135326602332,-0.2433089752886707,0.08278813282439099,-0.028184143630118976,0.1564216783941222,-0.16248754870944865,0.5453976045709186,0.7488273872610348,0.37452366342866705,0.4555044665269466,-0.010188940863342605,0.12562694738184224,0.269979041987744,0.24735873263792046,0.32812278367028186,0.2861876339758863,0.2857461610180972,0.11188869143909028,-0.00011953238929308545,0.04410107658838623,0.23142586202774745,-0.05393779534461188,0.1497645211930926,0.07896309636701225,0.41749635426212656,0.2712413040186789,0.23661197395787678,0.13532660233167848,0.23753635776840998,0.13940504745435855,-0.03311206559937525,0.08316266764417599,0.2815465897409335,0.14271529775518174
#18,-0.08825155989768027,0.10424818111547626,0.33952298607846104,0.20157782753866874,0.505653882013563,1.0,0.004695232251432396,-0.029149965335607105,0.15874220051159862,0.2849429033620477,0.08986445027054164,0.4890627863796827,0.6380224561515352,0.41703894365243166,-0.24412976436181658,-0.15752297014080915,0.26832471371992767,0.2736702021691144,-0.3091904469714477,-0.21952681111491845,-0.3228952338451976,-0.23360453904326275,-0.2629409749061671,0.04665588218887711,-0.3710986620341225,-0.04961550414777391,-0.2309604825920997,-0.03985050482512412,0.2511455187307254,0.49493899863733076,0.24378869861103364,0.31230466415383024,0.18015602961215724,0.23171911482281315,0.015944026966507024,0.038973933970308156,-0.12897385428204863,0.08524890627863797,-0.3150443465164277,0.005880993553219804,0.035397524882659036,-0.04021547705376567,0.1133549554144188,-0.05148499071631776,-0.017899576855341902,0.10938329255950721,0.13051980651690587,0.03729410545944266,-0.028872650192447148,-0.16630621010606508,-0.2240307915434819,-0.32230394695949444,-0.35017890014264197,-0.2642255496497701,-0.34509638294989997,-0.288705782976994,-0.3268557403437751,-0.13097562336141017,0.019998565611328484,-0.1126744176780435,0.33011658392369053,0.2749133390177625,0.15999649371658073,0.1412378774235192,0.031641020328475,-0.21385778833204505,0.17412840966140458,-0.043186255368996486,-0.13049749380423784,0.06813505566224928,0.12248404242602938,0.038041581333822086,0.045827124289778386,0.33462215811744456,-0.1392265457530142,0.028914088087402083,0.09060076978858704,0.03586768561387851,-0.03144020591446262,0.14649570878722437,0.20414697702587478,0.1914143869183753,0.06211221700706835,0.6342707328929229,0.42231908772880494,0.17716293858425838,0.46486464949119044,-0.0880937771438134,0.04518005562240515,0.15773334714596499,0.22228402489461227,0.3063487636366534,0.32096199666903075,0.2824805361426101,0.22862402282271752,0.07653419821657675,0.06455545904421901,0.43142586202774746,-0.06735570448405837,0.3449896006821315,0.02932687327176087,0.4165942831642614,0.30739267983647967,0.2546294894373212,0.22844870865175435,0.1998995927929938,0.15268908031779677,0.17626086748639322,-0.2930551681820717,0.26010247910175394,0.2187602100582521
#26,0.21444588768736703,0.29302329287826023,0.4084676744575222,0.24689175943708214,-0.04977647443202193,0.004695232251432396,1.0,0.0306050729546016,0.07754464534740096,0.273308417470854,0.2328953135334571,0.0614157416187873,0.06886181258915124,0.010107658838623306,0.18762122576480808,-0.07007466789917842,0.25061160739188293,0.17527113930304647,0.15127859812413838,0.027318729131637035,0.05069288941660225,0.07704420307756059,0.009704436245407963,0.012829809784124504,0.006583844002263146,0.04061073082102814,-0.13112703105451473,-0.13420459163751405,0.03628525209380902,-0.1544549721489533,0.05202687088111309,-0.2059367753348899,0.22633378224386203,-0.00739028918869383,-0.16862513845835092,-0.07719242324028401,0.000961040409916407,-0.21070213325470757,0.08288535250101603,-0.09471427774545976,-0.005806086589262804,-0.3288925722573293,0.0952179075456813,-0.07910016017340166,-0.010831228235144116,-0.016933755149853773,-0.20066300631927897,-0.15495700818398425,-0.13406593406593406,-0.18893608204703202,-0.12385149295954227,0.14273282917227806,-0.07207324944815881,0.11588107324147934,-0.14403015403740566,-0.15447569109643075,0.011103762082732352,-0.0720541242658719,0.21898174341974197,0.2173752281076429,0.09756871120177864,0.15594354883694986,0.14503103857708644,0.08698611033636415,0.08098080309827953,0.11661261146395302,0.16692618476519855,0.36745372104327867,0.11335336164922821,0.12370486656200942,0.24875008964929196,0.19805082517192743,-0.2952051574241567,-0.06592131581254133,-0.43446198471579184,-0.16783622468901657,-0.1810453505884978,-0.08285188343201397,0.22760401310074987,0.1504275275123716,-0.1286439448875997,-0.11390639817035757,-0.03334953661277084,0.07015913745427886,0.0716859645068492,-0.20490560925658824,0.15210894978842768,0.28233869104064896,-0.11168947079026847,-0.23620237630389915,-0.02890293173106806,0.07770083433607726,0.08787383754751413,0.04249615504147774,0.006920128457474361,0.07499780857286296,0.15477531895225877,0.11826693973176931,0.0917466869606101,-0.026674847994644948,0.18784754042186966,0.09335160850751859,-0.030334132872203937,0.023472973726780835,0.10946616834941708,-0.01606355935580011,0.19259377315940043,0.07280797520101363,0.09488799815123238,0.21351672258126211,0.22703025763214305
#49,0.7241686522324666,0.28341448254428675,0.16669668257775583,0.14331614723202832,0.23136211142012447,-0.029149965335607105,0.0306050729546016,1.0,0.5460080166389086,0.2650559013140594,0.3902971575197826,0.35639299062069185,0.05168102383475842,0.10392464678178964,0.036240626668472935,-0.19614946329957209,0.1532755859079282,0.3430165193762003,0.19907880371984796,0.0020224880268390056,0.09281132210791385,-0.2058746184924575,0.014337511654407956,-0.16726087545521917,-0.05366366773183307,-0.19249974101315653,0.013143781526667677,-0.050299229414530355,0.2899616699471667,0.12634254795241018,0.2596355059009156,0.018417550542278605,0.06750711217716295,-0.016133685024185388,0.09960554311533282,0.15974627258166055,0.10929244794364447,-0.15920757994724638,0.025058770091402435,-0.07686410761102566,0.13991186478496123,-0.14755078134338467,-0.12953007833355912,-0.1779789463618325,-0.16219429591438295,-0.01072922726294735,-0.11177234658017834,-0.03003928631194766,-0.16487022766935747,-0.17158794794762888,-0.11691064555459044,-0.00258349337392122,-0.07505199658934249,-0.08739252045996064,-0.15412825028488553,-0.1547290997617321,-0.3872753787184534,-0.3459251408489987,-0.212648120552399,-0.039876005068173306,0.2786554996852314,0.4234936926742583,-0.07919578608483611,-0.23594578010821665,0.26680107419773846,0.02696013196375778,0.057012168397230036,-0.09892659914414809,0.27862521814661045,0.02890611926144921,0.37417941014750294,0.08495405971838169,-0.03404919953143303,-0.032136681302743664,-0.2285825849277626,-0.1038083019228777,-0.33815553554494815,-0.2359170923347863,-0.14154866163568122,0.03570352779924934,-0.25041079297787056,-0.2125301819282965,-0.2069790977695256,0.2940815529648017,0.2901417654137016,0.21354381658950186,0.0998876395540645,-0.02839611440046538,-0.19733044330578775,0.05598737737969065,-0.08441058578839579,0.01920327678123182,0.023947915753572028,0.053056443194224194,0.11809162556080613,0.21869645945062913,0.0922710357083091,-0.0016128903728613664,-0.016868410777040217,-0.055442309684514184,0.04304759779741651,0.2929149168453012,0.27368773358621074,0.33048314991752265,0.26841237080540925,0.17861485867287172,0.029242403716660426,-0.06362788770330467,0.05464383332403637,0.2638446397692228,-0.018417550542278605
#50,0.32849094342930457,0.3532787734383093,0.10601088541625163,-0.06438014487325583,0.14512347695813976,0.15874220051159862,0.07754464534740096,0.5460080166389086,1.0,0.32588194981233415,0.3990389595900836,0.41256046346691744,0.19141119938799417,0.31793384280693926,0.051405302456789044,-0.39959040234602233,0.09220887886587668,0.12058108678848345,0.1965606547187403,-0.03471061208552144,-0.134257185888803,-0.20579652399811935,0.12804309541075312,-0.016112966076707917,-0.10700380112997952,-0.22494561276287164,-0.19424491389683557,-0.15084509399230212,0.31410561881917937,0.2928926041326331,0.14345161727322714,0.1462375188263513,0.08125811824143948,0.006394185944584785,0.22149032982970618,0.2207842918502817,0.26739236108344155,-0.017316258795591646,-0.18616930567619472,-0.1648622588434046,0.1890189578369419,0.0448150833937636,0.14866482321159624,-0.011717361681103523,-0.23382607240475262,-0.027973766624963144,-0.004666544478002056,0.0882627162540143,-0.17171385539768427,-0.25301659906445984,-0.1530428961901043,-0.22266493477515958,-0.38036321908693194,-0.30343695463347387,-0.37607120942871486,-0.2858625058770091,-0.448622588434046,-0.2862609471746528,-0.1896612452087434,-0.06880762457267171,0.4008287578990987,0.536054953023771,0.18907792714899313,-0.008639801098104216,0.056462319406481845,-0.04874849588410139,0.3378670640454542,-0.005723210799352931,0.2973886157352437,0.2413821131732662,0.43945365729267105,0.1992573054211923,0.058841810836009534,0.07679557570783097,-0.2833555132322355,-0.10346564240690419,-0.1800843101785814,-0.15209141837133136,-0.022575683924487406,0.1494664871024552,0.1644064419989003,-0.17707687526396737,-0.1107077114328746,0.42313350174118847,0.33470503390735445,0.11403708691598467,0.1757253623823602,-0.04908159280893146,-0.01077225892309286,0.20065822502370725,-0.014238698212592339,0.06692060658703153,0.09158571667636208,0.020065503749332612,0.12244738582664616,-0.011510172206328842,0.20495342221230545,0.13728852728127566,-0.15145231852991098,0.11160659500035859,-0.10251097705775009,0.1534939317390369,0.15928408067639394,0.2828996963877312,0.1333088956004112,0.20682928384161162,-0.012832997314505655,0.1020105347879097,-0.05301500529926926,0.3671843747260716,0.10728749133390178
#51,0.1377602817776857,0.16998940146148267,0.45995744646941167,0.32386424308106687,0.10690498768816391,0.2849429033620477,0.273308417470854,0.2650559013140594,0.32588194981233415,1.0,0.39524579843651636,0.3041796492122816,0.3206018057359609,0.3101084557212186,0.05660097697806182,-0.2251910526022201,0.3796906501765095,0.2806636438253552,0.0230506259512786,-0.25879240411510174,-0.2935906732861048,-0.11832431527863,0.10890197547195371,0.15313055327558592,-0.04256787447505359,0.03313915960761501,-0.14462462845348995,-0.042633218847867145,0.25191690108296344,0.4156013674505335,0.3305628381770514,0.13638486241821993,0.22622540621090295,0.3561220505382942,0.21193570751221222,0.3221318203189124,0.11614085696754298,0.10035301898971224,-0.015277833116846894,0.11401955549888834,0.2695264126736208,-0.08432611623329535,0.08568878547123653,0.12919220011315732,-0.020921355656671102,0.09425527337057431,0.00872267688801409,0.13215500960243529,-0.18659962227764984,-0.3667237765859956,-0.16975033668289652,-0.249446565037573,-0.28995529488640437,0.006441998900302019,-0.503739770019683,-0.24289937763469308,-0.4610428005641929,-0.3311812190709943,0.12638717337774627,0.09199212679995857,0.44931109499637417,0.43461817370446815,0.2867518268533497,0.27639075934942503,0.28845874937245497,0.006405342300918806,0.31136115516101015,0.3267983647969145,0.09106933675461594,0.19941827570544032,0.39733841213174065,0.3011435265242372,-0.2847102136442238,0.03239487126361673,-0.37549267266453634,-0.019211245607184693,-0.07251312864075736,-0.007379132832359809,0.38530070364733165,0.43530827403198685,-0.17076397134410187,0.08631832272151344,-0.08622588434046012,0.17601064635147304,0.13241957462407064,0.06584959637896548,0.18740287993369936,0.2375921395500801,-0.005971838169082549,-0.0068850656232817215,0.10414458637808892,0.056570695439440905,0.201786610778634,0.2603176374024815,0.18087322394791575,0.06784020910199301,0.40198742519264635,0.437910892588195,0.14978205261018895,0.33162587955916456,0.2212847341201221,0.16518579317709123,0.24226027779327272,0.28688570312935796,0.29712405071360837,0.3011116512204257,0.10637904517527433,0.27374510913307143,0.044496330355648706,0.36018137047868737,0.23836830319788985
#52,0.290503550111962,0.26697798213389223,0.21009809624747985,0.1313788459546255,0.07654216704252963,0.08986445027054164,0.2328953135334571,0.3902971575197826,0.3990389595900836,0.39524579843651636,1.0,0.15263329853612667,0.1397508945007132,0.12052052371124163,0.08633107284303804,-0.20935062037310043,0.1635378399700372,0.21583086963797624,0.16673812047271075,-0.08487915275442469,0.01213014686546231,-0.14034855644717864,0.05400632724780658,0.1258468869781415,-0.01618468551028377,-0.17179832495278471,-0.18840695200376129,-0.06887775024105698,0.22503964490911554,0.23517121022559745,0.19305437129947645,0.11992604929515735,0.05366366773183307,0.06250109571356852,0.09110439958880857,0.16342149511112528,0.08187331160500123,-0.08811608985648145,-0.03947437624014854,0.057475954067687206,0.07844831021045669,-0.11814262604690451,0.1407884356397772,0.02566758839420188,-0.10736558582823992,0.12976276805138298,-0.1307174334005371,0.034726549737427184,-0.29378511263935486,-0.167684816995912,-0.20904461745651012,-0.149066452039621,-0.2927268525528134,-0.07812796340715122,-0.19116257201826456,-0.2692825665994629,-0.2438476679230849,-0.14019714875407407,-0.09364167377220314,-0.0948991545075664,0.4104152555204042,0.4859995696833985,0.1852592657523767,0.03558240164476568,0.037114009992907745,-0.005587740758154101,0.0963415120050363,0.22347934878754314,0.1329152355983393,0.1708372845428683,0.2528875040840233,0.1462327375307796,-0.11390321063997641,-0.07003323000422348,-0.17427025476336572,0.044258859342253105,-0.14401102885511877,0.008360892189753683,0.027186446620819354,0.08236578504888875,-0.11680386328682195,-0.15927770561563165,-0.14162834989520995,0.24234952864394488,0.12009180087497709,0.040446573006398964,0.04467801958737419,0.04952944082748289,-0.06567746973838344,-0.10269904135023787,0.050268947875909444,-0.04354007124130402,0.01840798795113516,-0.040574074221644926,0.11623488911378686,0.10024304919156261,0.032959064141080095,0.09021826614284917,0.004014694515057097,-0.06741626756130019,-0.027463761763979314,0.19975615392584212,0.13945604794045693,0.14370502593852846,0.22302831323861055,0.10806843627728327,0.0456390599972906,0.07988269888197372,-0.022161304974938043,0.3505327160149495,0.17662105841946307
#53,0.24364525974388193,0.18538676696762266,0.12628039110997777,0.12654814366199427,0.5986118305190097,0.4890627863796827,0.0614157416187873,0.35639299062069185,0.41256046346691744,0.3041796492122816,0.15263329853612667,1.0,0.6238969152674736,0.4822303150076899,-0.031881678872251754,-0.16979496210823258,0.38152826144124186,0.12123612428180956,0.011550016336093203,0.05592522053725824,-0.09522747013682474,-0.17104447401764297,-0.13590195156547585,0.12096040290384018,-0.4167584409788906,0.0648375554829507,-0.27831602769963903,-0.24811895863382447,0.2649857756456741,0.37414275354811977,0.11587151065033588,0.0769182956275052,-0.07830168381292384,0.10902310162643737,0.003469626819880627,0.07399851779837277,0.017686012319804923,0.06457617799169649,-0.2269139127732311,0.0011267919897361522,0.046002438460741576,-0.07191068539872021,0.20799591996111214,-0.06726804739857677,0.04462223780570409,0.2299994421821833,0.0011761987106439608,-0.08140952593454406,-0.21730988373482935,-0.3049064061391835,-0.34566535712293506,-0.30825650056977105,-0.45384695072874914,-0.2595781303540549,-0.3146905306441202,-0.32054921148467197,-0.3775310983432811,-0.12457346859087251,-0.11937460653921858,-0.21038178645140213,0.29351417255695716,0.4037580983193746,0.29344085935819075,0.12166165958769294,-0.20436213532660233,-0.05183402529305357,0.40553992780243686,0.024625265959566177,0.16945230259225907,0.2687582178517639,0.10954426284375524,0.005361426101092526,-0.125728948354039,0.006306528859103188,-0.35175035262054843,-0.13367864912462446,-0.24304600403222593,-0.1819745156946027,-0.009092430412227367,0.31289913856991447,0.06321988381451761,-0.054862179155145074,0.034324920909402416,0.6894484775558017,0.6598012574807354,0.3822900812023365,0.4897688243591072,-0.0893863207133693,-0.014549482424754361,0.23649562909896485,0.06008335391946704,0.39674393771565636,0.29800062156842433,0.15463666138067877,0.11289595103953334,-0.13865438404959798,0.2827339448079115,0.31875781941046627,-0.20299468479308944,0.14536572926710709,-0.19452222903999553,0.296410043908231,0.11771390321063997,0.11247360326403111,0.06410761102566759,0.1711926941803664,-0.032667405111204965,0.12395030640135789,0.018345831108702755,0.3403692753946561,0.1373602467148515
#54,0.026246125158380415,0.08887631585238547,0.15396090493987521,0.10542756735650137,0.34308345751420444,0.6380224561515352,0.06886181258915124,0.05168102383475842,0.19141119938799417,0.3206018057359609,0.1397508945007132,0.6238969152674736,1.0,0.4911346811274295,-0.03956362709082071,-0.1876993202591462,0.33612189116177515,0.18877670552797457,-0.02709878953533776,-0.018181673294073584,-0.2238315708946601,-0.13072380846129938,-0.20154595223485725,0.08066523759054578,-0.38043015722493606,-0.024022822717529025,-0.2955924423654663,-0.06037501294934217,0.351763102742073,0.5003833005283331,0.16516985552518548,0.07853277976555714,-0.006241184486289635,0.05648622588434046,0.053081943437273384,0.13565969925650853,0.03570671532963048,0.09351098502657604,-0.2950808437392919,-0.08777502410569851,-0.03165695798038075,-0.05487333551147909,0.0873638326865303,-0.007819012024958364,0.07436667755739547,0.11737124369466646,0.0422427463761764,0.030689542509702045,-0.13398624580640534,-0.27590306720110924,-0.2191666201818486,-0.32823753476400325,-0.4767939819426404,-0.2825697869932823,-0.4281554558566886,-0.3010861509773765,-0.4088422092773072,-0.16557945317916312,-0.03997163097960777,-0.20234442859533505,0.1876005068173306,0.27049064061391836,0.32115643602228083,0.3277689677979743,-0.09388551984636104,-0.17917108272438223,0.44472583254309145,0.10759030672011093,0.14917642183777063,0.23134458000302816,0.15431153328180158,0.17646965072635848,-0.10061120895058531,0.08504331056905386,-0.3057941333503335,-0.10194997171066787,-0.1507335304289619,-0.14712046474192958,0.07585366048020145,0.38613902413757384,0.01676162850927173,0.03919227980141686,0.2742551139940553,0.6473810453505885,0.40495342221230546,0.20304568527918782,0.47640350947094967,-0.1493979551992605,-0.06961406975910239,0.12756018455800908,0.023608443767979662,0.4633314473778578,0.26397214098446875,0.191910047892644,0.05832861844464455,-0.00265840033787822,0.24186024273043852,0.3692084565181012,-0.11713696021165201,0.2589342492170629,-0.11381236602411367,0.26528540350150215,0.2139597893042418,0.1274263082820008,0.08726661300990525,0.18880539330140492,0.010348317382400052,0.14256389006207715,-0.20295643442851566,0.22585246515630852,0.12850528731601973
#58,-0.022027428698929787,0.08911856816135279,0.03387069783008869,0.021362828614460233,0.3009172118671756,0.41703894365243166,0.010107658838623306,0.10392464678178964,0.31793384280693926,0.3101084557212186,0.12052052371124163,0.4822303150076899,0.4911346811274295,1.0,-0.1989768027476512,-0.32639514220369914,0.29105499286790076,0.19468160555905298,-0.10526022201149104,-0.13049749380423784,-0.25395213923132703,-0.25458805154236624,-0.07237447106917738,-0.034057168357385904,-0.3631138984293444,-0.1437225573556248,-0.2241248236897258,-0.014911267123014766,0.2216018933930464,0.40036019093306985,0.2211269513662552,0.27935675636908414,0.04947365904581278,0.15476894389149645,0.10339232920813776,0.11554160125588697,-0.0075114153431774895,0.034616579939277546,-0.17014240291977784,-0.18069790977695255,-0.030738949230609856,0.013081624684235271,0.04215349552550423,-0.01112448103020982,-0.12936751428412052,-0.009038242395747834,0.09823012375586705,0.12364749101514874,-0.029113308736223892,-0.1447585047294982,-0.10300345050163759,-0.19781176039334125,-0.2924670688267498,-0.23351050689701885,-0.3075440875295843,-0.26621934990317875,-0.28067798771207036,-0.12101777845070086,-0.1319526014232323,-0.12979145582481333,0.3199292368255385,0.3434038043175099,0.20546023954290815,0.21049335001474231,-0.09772808772083609,-0.14656583445560967,0.4554614348668011,0.12236769756711743,-0.011154762568830735,0.1359752647642423,0.08498593502219318,0.04561355975424141,-0.04503502299006287,0.07992891807250038,-0.13640080007012567,0.01982325144036529,-0.04997250755046259,-0.07183896596514436,-0.041292862322594014,0.17649196343902654,0.04006247559547052,-0.04418554614348668,0.03976444150483309,0.5260556702181067,0.31523559833929665,0.3965048729370702,0.5132561419726032,-0.14443018910023986,0.02262668441058579,0.20304887280956896,-0.012791559419550718,0.36782825586306367,0.08820852823753476,0.15367243344038123,0.06631178828423208,-0.009498840535823857,0.10099690012670433,0.40459163751404503,-0.026099498760847564,0.32273107603056844,-0.045538652790284406,-0.01224011666361195,0.324680250858641,0.038390615910557896,0.03477276892795384,0.17389571994358072,0.03541665006494593,0.09492306098542502,-0.19423375754050157,0.10699742606921722,-0.06309875766003395
#101,-0.03841292862322594,0.06133286582887743,-0.19862298687534366,-0.0012909498043653228,-0.3154188813362127,-0.24412976436181658,0.18762122576480808,0.036240626668472935,0.051405302456789044,0.05660097697806182,0.08633107284303804,-0.031881678872251754,-0.03956362709082071,-0.1989768027476512,1.0,0.24952147200153002,0.148306226043717,-0.40040162882802477,0.7560009243838105,0.25490042951971886,0.6252452406186997,0.4197228442333591,0.5638773119556296,0.17916152013323877,0.454443018910024,-0.02758010662289125,-0.1400951477818773,-0.5173648686339042,0.4823115970324092,0.042779845245399996,-0.4072468503215421,-0.32539585142920896,-0.2595303173983377,-0.19375881551371035,0.23199802373116368,0.19640127819968284,0.5134378312043286,0.09118727537871846,0.3429798627768171,0.015073831172453362,0.22560702531696006,0.1548550072117875,0.2630206631656958,0.32098112185131766,0.23025922590824693,-0.1110073392887026,-0.4823339097450773,-0.3318155376168429,-0.6201531608348142,-0.5324355122759764,-0.19318984134067527,-0.037930017770481876,-0.058288774314880186,0.04894452900254206,0.0688650001195324,0.08461777526317048,-0.22634971989576777,-0.271199866123724,0.017896389324960755,-0.0770489843731323,-0.12767334188653987,-0.12230075942911331,0.35087856306130416,0.17735737793750847,-0.23349935054068485,-0.09276669668257775,0.002650431511925348,0.18759731928694945,0.6356939652081058,0.33458072022248964,0.11472240594793169,0.17644574424849988,0.014700890117858936,-0.27647682266971607,-0.14599845404776515,-0.38413406752783114,-0.29501231183609716,-0.3118615974308505,0.4302735697949621,0.3684689494696746,-0.13979711369123987,-0.11359242642781439,-0.10961757604252166,-0.15940361306568704,-0.2580401469451506,-0.2653937795344612,-0.17651108862131343,0.14635226992007266,-0.14432500059766196,-0.0023492098909067725,-0.17047390607941731,-0.09239375562798333,-0.08895600411191419,-0.2007108192749962,0.052882722788451575,-0.17308130593119717,0.27373873407230914,-0.17351162253265226,-0.32016192654336234,-0.3120002550024305,-0.23895799631840242,-0.18415956777088033,-0.4354357752472328,-0.3291937938783479,-0.37335702730916653,-0.31491206400561006,-0.22894755715640414,0.027621544517846187,-0.02986078461060332,0.07520340428244707,0.2750934344842974
#102,-0.13248651276207477,-0.1705551881041366,-0.00892667883240762,-0.15375371546510053,0.006692220035222211,-0.15752297014080915,-0.07007466789917842,-0.19614946329957209,-0.39959040234602233,-0.2251910526022201,-0.20935062037310043,-0.16979496210823258,-0.1876993202591462,-0.32639514220369914,0.24952147200153002,1.0,-0.18594299101913314,-0.11987983010463069,0.06995832304026647,0.5346747523687335,0.33935564073345076,0.566100614396481,0.12315979886683295,-0.025661213333439584,0.1283315669102471,0.47138474288583065,0.012227366542087354,-0.14195029046370597,-0.1571149662520221,-0.3052235654121078,-0.2585501518061344,-0.23151351911322904,-0.035778434763206336,-0.018627927547434437,-0.43304353369618054,-0.224974300536302,-0.25163002334866,0.07018623146251862,0.05327160149495175,0.08776227398417391,-0.18217851763899626,-0.022935874857557235,-0.10480759269736789,0.11770115308911538,-0.05350429121277562,0.30215556742025196,-0.16472041374144347,-0.5229446405661053,-0.3237367418658209,0.03555530763652591,-0.19992031174047128,0.18880220577102375,0.3252540063272478,0.4273282917227805,0.3542318450222729,0.47166046426380004,0.0666847293388265,0.29571197475475935,-0.1743021300671772,-0.15578895361346412,-0.4966618588083418,-0.45263409541872196,0.1853086724732845,0.12277251392552335,-0.14032464996932,0.1326602331678474,-0.20773932376542964,0.06302863199164867,0.22982253424602953,0.1557347655969846,-0.29069639570002154,-0.18913530269585382,0.2568256978699328,0.1183928471818247,0.20606746408051702,-0.018313955804891265,-0.07023563818342643,-0.2216401437576202,0.10471515431631458,0.16663452573532342,-0.09280016575157982,0.2393707815027612,-0.2162197483444764,-0.20072835069209252,-0.1140291180900318,-0.21942162261234052,-0.35540644996772625,0.21875702252787096,0.21135398321765253,-0.012299085975663206,-0.1328514849907163,-0.33906238793838506,-0.2866530134115341,-0.30144793567563694,-0.2523998119357075,0.061490648582744306,-0.06560415653961701,-0.2874690211891082,-0.11664767429814565,-0.28054889273163386,-0.08018551426818286,-0.1317725059566974,-0.19304002741276127,-0.2995290423861852,-0.2789312210632008,-0.3277259361378288,-0.06915984667978867,-0.3275809035054865,-0.05795408362485955,-0.15814931986070493,-0.10186390839037684
#201,0.032731155718827946,0.050508012654495615,0.26183968315948014,0.501503717457307,0.20932193259967008,0.26832471371992767,0.25061160739188293,0.1532755859079282,0.09220887886587668,0.3796906501765095,0.1635378399700372,0.38152826144124186,0.33612189116177515,0.29105499286790076,0.148306226043717,-0.18594299101913314,1.0,0.19536373706061885,0.04485811505390911,-0.27521296687359054,0.00554470909800859,-0.21251902557196248,-0.0028671835778434763,0.04641522364510037,-0.040363697216489094,-0.12167919100478926,-0.000903664863055726,-0.04409310776243336,0.43578959111954035,0.16989855684561994,0.09041270549609925,-0.0644630206631657,0.17850170134434093,0.07930097458741403,0.03604778108041342,-0.10134752846863071,0.05869199690809553,-0.15207069942385387,0.07396823625975185,0.08721720628899744,-0.026663691638310928,-0.263154539441704,0.10809871781590419,0.013374877479300974,0.15005777398815834,-0.04720732494481588,0.06643291443871574,0.05323972619114026,-0.15991839922224257,-0.4077090422268087,-0.11089577572536238,-0.0006661938496601296,-0.12784865605750304,-0.04522627481293181,-0.2383284590681255,-0.37782275737315624,-0.21083600953071585,-0.4204735076381197,0.2506689829387436,0.019196901720469523,0.18775350827562576,0.16539776394743763,0.02529942863517918,0.053379977527910814,0.13159081672497192,-0.027454199172835866,0.0857652862003841,0.1347369092111659,0.02270159137454279,0.05934703440142164,0.15858441775773174,0.09654551394942983,-0.3532453043693073,-0.17822916749675272,-0.4707679557570783,-0.34040433822884875,-0.26565037573014366,-0.18696459450629138,0.15022990062874036,0.25290503550111965,-0.21904549402736495,0.16157272749005888,0.008271641339081513,0.22293428109236665,0.14797950417964922,0.15037971455665436,0.2958315071440525,0.1503143701838408,-0.17835188741642694,0.10449840225039644,-0.0024161480289109005,0.312844950553435,0.21324737626405502,0.22661906621297484,0.27538509351417256,0.27068507996716845,0.10427208759333488,0.4834065137183339,0.12158515885854537,0.103440142163855,0.1430037692546757,0.22342197324068244,0.10918566567587597,0.11688036401596953,0.13069512068786907,0.2178119197698603,0.18851532803672036,0.310492553132147,0.09455649499159288,0.1845978531982883,0.3316928176971687
