,#10,#11,#12,#13,#17,#18,#26,#49,#50,#51,#52,#53,#54,#58,#101,#102,#201,#202,#301,#302,#401,#402,#501,#502,#601,#602,#701,#702,#801,#802,#901,#902,#1001,#1002,#1101,#1102,#1201,#1202,#1301,#1302,#1401,#1402,#1501,#1502,#1601,#1602,#1701,#1702,#1801,#1802,#1901,#1902,#2001,#2002,#2101,#2102,#2201,#2202,#2301,#2302,#2401,#2402,#2501,#2502,#2601,#2602,#2701,#2702,#2801,#2802,#2901,#2902,#3001,#3002,#3101,#3102,#3201,#3202,#3301,#3302,#3401,#3402,#3455,#3501,#3502,#3601,#3602,#3701,#3702,#3801,#3802,#3901,#3902,#4001,#4002,#4101,#4102,#4201,#4202,#4301,#4302,#4401,#4402,#4501,#4502,#4601,#4602,#4701,#4702,#4801,#4802
#10,1.0,0.3889504259337472,0.40065981878889784,0.2995609176899967,0.16748559634709018,0.23968475324530436,0.03985050482512412,0.6380862067591582,0.15616348843324912,0.3625082676569261,0.2526866896700109,0.06173927595247392,0.19835045302775542,-0.0568145415135988,0.37405031516706644,0.4604642638000143,0.17323271362430173,0.30535744168811607,0.38815832463403166,0.2135788794236945,0.2625584712604292,0.17127716373546686,0.3227502012128553,0.043481101929252766,0.32676170819753125,0.01172692427224697,0.058255305245878124,-0.10574472662942569,-0.19546414426762504,-0.14423734351218034,0.024100917211867176,-0.09378670640454542,0.09383292559507207,-0.03936281267680833,-0.24411223294472026,-0.006183808939428954,-0.30261138426475626,0.13811250388480265,-0.17582417582417584,-0.019093306983082182,-0.4070045980125748,-0.2800070125668385,-0.2454701208870897,0.01780554470909801,-0.35090406330435336,0.016272342595765366,-0.23130154834288263,-0.38817426228593743,-0.2094462462845349,-0.20042234777550225,-0.29030751699352136,-0.1988508952975958,-0.2574679852417343,0.06169146299675669,0.12572097952808614,0.08287738367506316,-0.2537608874084581,-0.038419303683988236,-0.4698196654686865,-0.45895337439934974,-0.10081999219055057,-0.23873327542653142,-0.17219357872004717,-0.26099180007809447,0.2655435934623752,0.12019539561236443,-0.06457617799169649,-0.10437727609591278,0.4516507422961375,0.35314330339711053,0.2838113300767398,0.28637091697280237,0.414445887687367,0.18329415327239837,0.0620213723912056,0.07622022647403358,-0.14546613647411327,-0.1615791025508212,0.06107148833762322,0.12215572679677103,-0.31674330020958014,-0.397430850512794,0.02419813688849222,0.08821809082867821,0.03183227215134394,-0.18116010168221916,-0.3457004199571277,-0.27625528930822624,-0.2591988142386982,-0.17452366342866704,-0.18395875335686793,-0.2742136760991003,-0.28191634326514675,-0.4760544748942138,-0.4721672815944027,0.19351496943955246,0.2541131095155751,0.11366892715696196,0.05684322928702914,-0.021989178334356,-0.10847325263568919,-0.006819721250468169,-0.1684083863924328,-0.017974483819298902,-0.01735610292535601,-0.04117811122887265,-0.14497525679541634,-0.2958649762130545,-0.18453888388623704,-0.29512865669500915,-0.5653228569834806
#11,0.3889504259337472,1.0,0.22711472718724351,0.11346173768218729,0.0864952306576672,0.11297085800349034,0.20190136187235536,0.2909466168349417,0.29489756074237583,0.46771748918231876,0.09569763086804421,-0.05792539585142921,0.11350317557714222,0.29998326546549897,0.24325000597661947,0.3351194128569038,0.23306106511327687,-0.04402138832885751,0.19266549259297627,0.09454055733968715,0.06040529448796309,0.20220098972818334,0.09890269266628948,0.14265792220832105,0.13091346651897776,0.02967590784849668,-0.10456693415359115,-0.16754934695471316,-0.005834774362693145,0.1438596211620142,0.06798524173433527,0.09202400210377006,-0.04464773804875328,-0.05293691080493111,0.01857852082652663,0.1292878260245918,0.03756982683741204,0.2290639020153161,0.02775542079385444,0.07930097458741403,-0.0477555801703735,-0.12560144713879304,0.05781383228808899,0.05269625226115436,0.09746830399477245,0.1520069488162309,-0.26868649841818804,-0.31816015746400084,-0.31063599199929876,-0.3049366876778044,-0.10885735004661763,-0.09243359975774769,-0.10542278606092964,0.11661739275952474,-0.026623847508546565,-0.00039366000207189473,-0.22037469419630407,-0.1097897026831037,0.028461458773278932,-0.03151351911322905,-0.2547235215835651,-0.03736104359744679,0.06407414195666553,0.05699782451051487,0.006606156714931189,0.13844878834001387,0.3333328020782698,0.27233940823498476,0.1869454693240045,0.36678593342842797,0.26025707432523965,0.26497302552414953,0.09940472870132043,0.03355991361792667,-0.15124034775956458,-0.043132067352516956,-0.0629457562017388,-0.05700419957127716,0.2645953031739834,0.12556319677421926,-0.15659858633027596,-0.10504346994557291,-0.022137398497079425,-0.07875431312704699,0.026866099817513887,-0.2012606682657444,-0.11404027444636582,-0.01541170939285515,-0.12060658703153264,-0.04558168445042992,-0.010681414307230117,-0.08613663348978795,0.026032560622843436,-0.11378049072030218,0.002988309732327136,-0.09160962315422069,0.09203834599048522,-0.09075377124688219,-0.1814135103475205,0.030724605343894686,-0.1988445202368335,-0.04320059925571166,0.06597709759421144,-0.20309987329566734,-0.27924519280574395,-0.42160029962785583,-0.26719792173019147,-0.12247766736526708,-0.06658432213182032,-0.13590035780028528,-0.13561348006598187
#12,0.40065981878889784,0.22711472718724351,1.0,0.3834120918965009,0.072398377547036,0.2748097442803752,0.14688936878929626,0.06540174836041406,-0.03605893743674744,0.3550685717473245,0.14320936496425982,-0.08387029938879105,0.05541680944146499,0.17340165273450261,0.00036337846345097977,0.11080174357911848,0.1846090095546223,0.2990397564726789,-0.06326610300504426,-0.2093968395636271,-0.0918646255847126,0.06914231526269235,0.23323000422347775,0.17047390607941731,0.2888300966618588,0.09796396496904111,-0.005785367641785335,-0.07372598395078453,-0.06657635330586745,0.05127780124154308,0.1322219477404394,-0.020840073631951804,0.19673278135932232,-0.06030966857652862,-0.0005657866426539377,-0.17602817776856935,-0.0759572552175888,0.11034592673461419,0.2060260261855621,0.0441217955358637,-0.15373937157838535,-0.19223836352190232,0.11123684147614532,-0.07542493764393692,-0.03494967686410761,0.32791718796069774,-0.15557060778235543,-0.239270374295755,-0.21206480249264875,-0.17188757580345687,-0.07363673310011236,-0.03572424674672681,-0.11539178732797296,0.24942106479452383,0.06306050729546016,0.1432157400250221,-0.24599128210440757,-0.13451696961486664,-0.09419471029333248,0.03523336706802987,0.11743818183267059,0.14414968642669876,-0.09874331614723203,-0.015744806317685215,0.20150610810509287,0.022582058985249703,0.043229287029142,0.007930575588298575,-0.06566312585166828,0.08509431105515225,0.09192200113157328,0.07463443010941198,0.08192909338667134,-0.03381172851803744,-0.10775924583031182,-0.17048665620094192,0.07622978906517702,0.1279825323335113,0.09003338938074254,0.0587063407948107,-0.12369530397086598,-0.12447784267943804,0.07970738471101052,-0.0749579644430986,-0.11080811863988078,0.07273944329781894,-0.010007251631617115,-0.151014033102503,-0.142785423423567,-0.006752783112464041,-0.05618181673294074,-0.015596586154961789,0.09995139016168748,-0.08892572257329327,-0.051841994119006446,0.24279737666249632,0.32255894938998636,0.11827172102734104,0.4254540238586649,-0.10045980125748073,0.002922965359513583,0.20376766091051807,0.05897887464239893,-0.0501717281992844,0.1684657619392935,-0.0883439982787336,-0.06890006295372503,0.07856465506936863,-0.06637394512666449,0.03248252834909833,-0.026858130991561015
#13,0.2995609176899967,0.11346173768218729,0.3834120918965009,1.0,0.12347855190494784,0.27339448079114503,0.14624867518268533,0.20383300528333162,0.19012503087920057,0.3062802317334587,0.32989026926662895,-0.049889631760552715,0.1575134075496657,-0.01796651499334603,0.16939970834097012,0.1294503900740304,0.22696810078971066,0.26435464463020664,0.1596857095044187,-0.09617735419040713,0.22707010176190742,0.10513431456143567,0.29802612181147353,0.08685382782554646,0.1480544111436062,0.12279642040338197,0.0028337145088414123,-0.1895799631840241,0.12953007833355912,0.12130465618500426,0.20800229502187442,0.024397357537314028,-0.0767684816995912,-3.984412976436182e-05,-0.19803648128521226,-0.12116918614380544,-0.10083592984245632,-0.1512754105937572,0.04109523543896278,-0.09987170190215876,-0.07153136928336348,-0.34428675023308813,-0.06467817896389325,-0.1795217110663086,-0.26086908015842025,0.02813951820478289,-0.22873399262086716,-0.2737658280805489,-0.0974396162213421,-0.10427846265409717,-0.04737148275944505,-0.026007060379794247,-0.08096964674194551,0.3584664791336292,0.387673820016097,0.15428922056913355,-0.09060076978858704,-0.07360485779630087,-0.16549179609368153,-0.08299372853397509,-0.048472774506132014,-0.14895807600666194,-0.3094263242196527,-0.14687343113739054,0.06367251312864075,-0.05261337647124449,0.08609519559483302,0.10907250834734518,0.05267393954848632,0.09265991441480927,0.08458111866378726,0.059068125493071104,0.20473348261600618,0.062295500003984414,0.08048832965439202,-0.007538509351417256,-0.07574209691686123,-0.11847891050211572,0.032434715393381094,-0.06639466407414196,-0.2560033150315964,-0.1251551928854322,0.11033158284789901,-0.06786411557985161,-0.11013076843388664,-0.15136784897481054,-0.2441775773175338,0.0023045844655706876,-0.04144586378088916,-0.013908788818143423,-0.07573412809090836,-0.26327407183099716,-0.20478129557172342,-0.19771772824709735,-0.13133422052928942,0.20908924288184622,0.21112129349982867,0.14234395046577789,0.10895775725362382,0.07628397708165656,-0.02076038537242308,0.1411183450342261,0.07825546462239719,-0.07879575102200193,-0.05002988309732327,-0.08142705735164038,-0.24579206145558574,-0.08187012407462009,-0.25487652304186026,-0.09284479117691591,-0.2065551562288328
#17,0.16748559634709018,0.0864952306576672,0.072398377547036,0.12347855190494784,1.0,0.48682514005211613,0.07530381148945325,0.12680155232729562,0.05707751277004359,0.15081162492330005,0.04759142235574433,0.5774721290312298,0.37212185928647135,-0.062241311987504884,0.15661293021699113,-0.1891289276350915,0.23026400720381865,0.19819904533465085,-0.05130648901497342,-0.12579269896166198,0.19700690897210113,-0.16425184677541457,-0.14847516515391787,-0.30976260867486394,0.033798978396512844,-0.2946680585549331,0.08420020878323997,-0.23344675628939587,0.1982197642821283,0.23329216106591016,0.23900421550892906,0.29398592705336724,0.0038106925706635642,0.3581572886866578,-0.07153296304855405,-0.06722979703400297,0.12329526890803177,-0.054482863039788346,0.10647307732151821,-0.06674529241606834,-0.19008837427981737,-0.20756241582927587,0.074345958609918,-0.19909952266732542,-0.13340452151184565,0.021256046346691742,0.13745746639147655,0.039091872594410666,0.2135103475204998,-0.01812270398202233,-0.020548414602076678,-0.07703145295603599,-0.12420212130146865,0.006741626756130019,0.12084405804492825,-0.09329582672584848,-0.010112440134195029,-0.3097578273792922,-0.05647985082357816,0.026254093984333288,0.05554271689152037,0.14298145654200767,-0.015741618787304068,0.07382001609702843,-0.09387914478559874,0.05277275299030194,0.04401023197252349,-0.08120233645976938,0.17032090462112218,0.2489907481930687,0.07471093083855955,0.12784865605750304,0.2989648495087219,0.26766967622660154,0.19771772824709735,0.2854050952673143,-0.09619010431193173,-0.1349377236251783,-0.10800309190446972,-0.16608308297938465,-0.16759875367562097,-0.05246196877813992,0.24791495668943095,-0.016187873040664918,0.3581987265816127,0.13642789407836545,-0.03596012399493183,-0.12158037756297364,-0.15423343878746346,0.07094805122361322,0.0854337830407446,0.004180446094876842,0.006080214202041613,-0.05534987130346086,-0.12235016615002112,0.09863015881870124,-0.08189721808285985,0.0830925419757907,-0.011900644678019587,0.01821992365864737,0.08453808700364175,0.3049876881639028,0.1125054785678426,0.012705496099259696,0.09914175744487565,-0.027983329216106592,0.042712907107395864,-0.013057718206376655,0.01530811465546781,-0.0130736558582824,-0.06690148140474464
#18,0.23968475324530436,0.11297085800349034,0.2748097442803752,0.27339448079114503,0.48682514005211613,1.0,0.22798970427686888,0.10081042959940711,-0.026188749611519735,0.34218776147710156,0.024440389197459538,0.3728980229342811,0.436873351449131,0.09096892954760975,0.26689510634398234,0.034586298400656634,0.3422100741897696,0.2820199380025341,0.040138976324618096,-0.12590266875981163,0.19716309796077744,3.028153862091498e-05,0.17517551339161203,-0.08167568472137,0.11978420419319621,-0.022460932830766042,0.0958474447959582,-0.1780426969694555,0.18478272996039494,0.2699949796396497,0.3580010996979815,0.16251623648287897,-0.016844504299181603,0.15770306560734407,-0.18118719569045894,-0.05034226107467587,0.13939389109802452,0.021074357114966254,0.008161671540931874,-0.14071512244101075,-0.3361872355345887,-0.3507717807935357,0.07518587286535075,-0.3130314210807322,-0.32028145893265547,0.1404696826016623,-0.06325335288351967,-0.1911338842448342,0.022319087728804914,-0.15188104136617553,-0.05540565308513097,-0.12832519184948482,-0.13718652630907888,0.328875040840233,0.24547808971304258,0.0785917490776084,-0.03375754050155791,-0.16763062897943246,-0.18104056929292608,-0.10440596386934313,0.15330427368135852,0.05461833308098718,-0.1874506928894166,-0.2016160779032425,0.03049829068683311,0.04683438389022145,0.056612133334395846,-0.06293141231502362,0.24421901521248873,0.14374008877272113,0.20005418801647953,0.18980787160627624,0.4532062571221382,0.34526691582529145,0.28682832758249727,0.22551458693590673,-0.041643490664520395,0.04720413741443473,0.10611288638844839,-0.13453609479715353,-0.44333128800133875,-0.272870132043446,0.04781136195204361,-0.18228529990676473,0.14332730358836232,0.0045629497406147156,-0.09245591247041574,-0.22366103801926862,-0.3155957892723665,-0.11797528070189418,-0.11006383029588251,-0.09331017061256365,-0.043530508650160574,-0.14727187243503415,-0.19214273761046785,0.1735466853668449,0.2498976005865056,0.16160141526348923,0.06690148140474464,0.023705663444604706,0.18445122680075546,0.24921865661532086,0.06946266206599781,0.014739140482432724,0.036009530715839635,-0.08130752496234729,-0.028914088087402083,0.08229247185012233,0.011964395285642566,-0.04851899369665867,-0.13803759692084566
#26,0.03985050482512412,0.20190136187235536,0.14688936878929626,0.14624867518268533,0.07530381148945325,0.22798970427686888,1.0,-0.02635768872172063,0.19788666735729826,0.35825769589366396,0.24510992995401987,-0.03406194965295763,-0.01100016734534501,0.3998199045334651,-0.04154467722270478,0.06853827825546462,0.03532899297946433,0.06740192367458503,-0.1091155400074907,-0.13059471348086285,-0.07492290160890595,0.10452868378901736,0.021415422865749188,0.2685956538023253,-0.02498705065782658,0.1686155758672075,-0.09802771557666409,-0.05459761413350971,0.19782610428005643,0.2778378981424667,0.2235988811768362,-0.2608897991058977,-0.1983695782100423,-0.19667381204727108,0.157808254109922,-0.02379650806046745,0.07011451202894278,-0.09564025532118353,0.02752751237160229,0.07318729131637036,-0.00538055128337942,-0.10951716883551546,-0.04868952657205014,-0.0497159113547801,0.23561587071376774,0.12848456836854227,-0.2044003856911761,-0.13701918096406857,-0.17591980173561028,-0.07715576664090079,-0.21606993441656241,-0.12545641450645076,-0.1905043469945573,0.14007761636478097,-0.1412060021197077,0.14486369323207612,-0.24959478520029643,-0.12359649052905035,0.07337535560885815,0.06239750097618118,0.2309047008104296,0.16867454517925873,-0.02501414466606635,0.08473252635689184,0.0571141693694268,0.10454462144092311,0.313904804405167,0.26470527297213303,0.03492736415143957,-0.005672210313254549,0.10593597845229462,0.2158149319860705,-0.04697622899218258,0.08487437145885297,-0.15586704810780228,-0.22926631019451904,-0.10941676162850927,-0.0551410880634956,0.12572097952808614,0.10475340468088837,-0.12988548797105723,-0.13124496967861726,-0.0955541920008925,0.026505908884444054,0.044115420475101405,0.05045701216839723,0.18833682633537602,-0.22608356110894182,-0.10735124194152476,0.06589103427392043,-0.1901664687741555,0.23509311573125932,0.0727601622452964,0.07852959223517599,0.10497971933794994,-0.004876921483157886,0.23017316258795592,-0.07575484703838584,-0.09036170501000088,-0.15520882308409503,-0.17519463857389891,-0.09677023484130083,0.07306935269226784,-0.14348827387261034,-0.13236379284240052,-0.20104710373020743,-0.16615320864776992,0.13762481173648686,-0.10635195116703457,0.12447624891424747,0.09850903266421758
#49,0.6380862067591582,0.2909466168349417,0.06540174836041406,0.20383300528333162,0.12680155232729562,0.10081042959940711,-0.02635768872172063,1.0,0.202310959526333,0.13087840368478512,0.20525305006813346,-0.009196025149614708,0.01018734709815203,0.019867876865701375,0.378385356485429,0.1909601638390616,0.22752910613679286,0.2025165552359171,0.4240307915434819,0.12060658703153264,0.312919857517392,-0.07504721529377077,0.21140976499932265,-0.1776984436882914,0.2985919084541275,-0.18293396233932854,0.01297802994684793,-0.20212608276422633,-0.18465841627553012,-0.168209165743611,-0.0019380184717385587,-0.02747332435512276,-0.026183968315948013,-0.042459498442094526,-0.2651674648773996,-0.0987082533130394,-0.16488297779088207,-0.08300966618588083,-0.24405485739785956,-0.1455266995513551,-0.23197730478368622,-0.3009219931627473,-0.2525018129079043,0.055968252197403756,-0.31110934026089937,-0.1793145215915339,-0.28504968562981614,-0.3460319231167672,-0.1579883495764569,-0.3233861135238945,-0.3901553124178215,-0.3091952282670194,-0.27018623146251863,-0.06371554478878627,0.07237606483436795,-0.0954298783160277,-0.15218704428276583,-0.14200447848018552,-0.5576345337041494,-0.5033062658878468,-0.19864051829243998,-0.23989672401565076,-0.14541194845763375,-0.14880029325279506,-0.020060722453760886,0.00478926439767629,-0.002199395962992772,-0.006069057845707592,0.3989704276868889,0.21628668648248053,0.22063766545274885,0.26720748432133495,0.47393317342555924,0.3389826996788563,0.14432340683247138,0.17329327670154357,-0.20968531106312108,-0.25082517192741993,0.05429958004287228,-0.09500593677533489,-0.15612045677310363,-0.24609647060698547,0.016479532070540048,0.24750376527026274,0.11391914829188216,-0.23398066762823833,-0.42947828096486546,-0.0287068986126274,-0.25535624636422316,0.03674903776426619,-0.1955725203005841,-0.2784244037325981,-0.2630636948258413,-0.525407007785543,-0.36888810971479574,0.10441074516491486,0.08717258086366135,0.07596841157392281,-0.08875678346309238,-0.03264987369410865,-0.0017308289969638773,0.05882587318410379,-0.05627903640956578,-0.1842472248563619,0.142335981639825,0.0026886818764991355,0.06771111412155648,-0.31064396082525164,-0.16621217795982118,-0.21538780291499654,-0.5401158667293547
#50,0.15616348843324912,0.29489756074237583,-0.03605893743674744,0.19012503087920057,0.05707751277004359,-0.026188749611519735,0.19788666735729826,0.202310959526333,1.0,0.25541840320665554,0.0691200025500243,0.022970937691749873,0.09284319741172534,0.05316800675756441,0.24590362501892596,0.1990198344077967,-0.01605240299946609,0.07341360597343194,0.02019300496457857,-0.1121373188088199,0.06317685215437209,0.0349815521679191,0.07756695806006901,-0.020341225127301996,0.2689016567189156,-0.02574887041892118,-0.0700810429599407,-0.1324211683892612,0.07492449537409654,-0.06359760616468375,0.07090501956346772,0.0458637808891616,-0.04258699965734048,-0.17774466287881807,-0.09647060698547283,-0.024574265473467794,-0.022647403358063256,-0.1990819912502291,0.07608635019802533,-0.046235128178565454,-0.13741921602690277,-0.1729043979950434,-0.21488098558439386,0.007581541011562766,0.07331160500123517,-0.14843532102415352,-0.19651921682378534,-0.08479627696451482,-0.18715425256396975,-0.036444628612866466,-0.061868370932910456,0.05057335702730917,0.03625975185075983,0.1490361705010001,0.16953039708659723,0.13763915562320203,-0.031123046641538303,-0.017869295316720987,-0.14538007315382226,-0.23674106893831331,-0.16738040784451227,-0.17697646805696116,-0.13871175959645865,0.005873024727266932,-0.05124592593773159,0.03718891695686474,0.210326004669732,0.2000876570854816,0.1973400058969312,0.14241407613416315,0.37833276223414003,0.25902828136330674,0.12843516164763447,0.21988700204798828,0.033080190295563756,0.13414880985584393,-0.02774107690713927,-0.09098646096470607,-0.0346197674696587,-0.04914853094693559,-0.0431416299436604,-0.08348938950824375,0.20199539401859923,-0.0021260827642263463,-0.08031620301380997,-0.20650734327311557,-0.2617376821872833,-0.06047860768672952,-0.19402816183091745,-0.15850951079377476,-0.01825817402322116,-0.3140848998717019,-0.29121277562176767,-0.3359290455737156,-0.1662918662193499,0.04497286614763047,0.08216337686968579,0.2909721170779909,-0.11623648287897743,0.23271999936249393,-0.03326028576209867,0.028885400313971743,-0.17807775980364812,0.023253034130481555,-0.2327965000916415,-0.031677676927858216,-0.09338507757652065,-0.09681167273625577,-0.15267473643108162,-0.15862426188749612,-0.22768848265585032
#51,0.3625082676569261,0.46771748918231876,0.3550685717473245,0.3062802317334587,0.15081162492330005,0.34218776147710156,0.35825769589366396,0.13087840368478512,0.25541840320665554,1.0,0.1496593326905147,0.006802189833371849,0.2153957717409494,0.22948624979081833,0.4719569045892469,0.2514435528213628,0.2653698730566026,0.045616747284622554,0.13117006271466025,-0.05738032815625274,0.16829363529871144,0.08165496577389253,0.24932703264827993,-0.011578704109523543,0.3705440317478026,-0.012407462008622269,-0.010993792284582712,-0.27554128250284887,0.07816780753691559,0.07724820502195412,0.10043589477962211,0.00843101785813896,0.06258397150347839,-0.03980109810421631,-0.06085473627170509,-0.01015547179434054,0.0526691582529146,0.036948258413088,0.04671644526611894,-0.11340754966570775,-0.4162946553084334,-0.3653483572265298,-0.027388854800022313,-0.14042346341113562,-0.13044330578775828,0.09189809465371467,-0.33470344014216385,-0.39856083003291126,-0.23290487612460056,-0.3177760600530724,-0.20788435639777192,-0.14725912231350954,-0.11171656479850824,0.2015746400082876,0.32170469124783846,0.0713305548693511,-0.022221868052179874,-0.14187060220417727,-0.14737706093761208,-0.12279960793376311,0.0162516236482879,-0.17325024504139805,-0.03804795639458439,0.08823243471539338,0.164474973902095,-0.022064085298313,0.19601399325837324,0.1000868602028863,0.3334395843460383,0.16111691064555458,0.4262046872634255,0.40700619177776537,0.29308385595550207,0.07840846608069234,0.1273211197794229,0.03610196909689296,0.09801815298552065,0.1444588768736702,0.19208854959398833,-0.01766688713751803,-0.32241072922726294,-0.2306241981368885,0.07264859868195618,-0.17582098829379467,-0.1837977830726199,-0.201872674098925,-0.22751794978045883,-0.26728717258086365,-0.2802157958068038,-0.32997792635211054,-0.05718110750743093,-0.206955191291667,-0.20276518260564672,-0.21128545131445783,-0.15566463992859933,0.1645195993274311,0.2693526922678482,0.08663707575962834,-0.03271681183211277,-0.16699949796396496,-0.1259472941851477,0.0752894676027381,-0.21324578249886444,-0.163650997298568,-0.12302432882563412,-0.17609670967176405,-0.1033158284789902,0.10241694491150619,-0.09289101036744256,-0.03497039581158508,-0.1756568304791655
#52,0.2526866896700109,0.09569763086804421,0.14320936496425982,0.32989026926662895,0.04759142235574433,0.024440389197459538,0.24510992995401987,0.20525305006813346,0.0691200025500243,0.1496593326905147,1.0,-0.1670154356158707,-0.04865924503342922,0.16423909665388997,0.1073113978117604,0.09465530843340851,0.09141837133135175,0.3018862211030449,0.06080214202041613,-0.04386679310537179,0.08485843380694723,0.0447338013690443,0.20913864960275402,0.03942337575405016,0.01782785742176605,-0.008459705631569302,0.05081401557108591,-0.1233383005681773,0.011612173178525607,0.026456502163536247,0.29693439265593,-0.194093506203731,0.03171911482281316,-0.07203818661396616,-0.0700810429599407,-0.17540342181386417,-0.027949860147104526,-0.19084222521495908,-0.028974651164643914,-0.10602204177258565,-0.0315852385468049,-0.14681764935572042,0.004271290710739587,-0.08782124329622516,-0.08718533098518595,0.11274454334642878,-0.24771732980579972,-0.21719035134553627,-0.10521240905577381,-0.11575357202623338,-0.3783168245822343,-0.27052251591772986,-0.32295739068762996,0.07995441831554957,-0.01068300807242069,0.048445680497892246,-0.16071368805233924,-0.15370430874419272,-0.21064635147303748,-0.13182031891241464,0.02916590298751285,-0.12313429862378376,0.1523304831499175,0.06172652583094933,0.22302831323861055,0.1230753293117325,0.14305158221039294,0.18923570990286,-0.059855445497214894,0.1575389077927149,0.052428499709137856,0.13414721609065336,0.06960928846353066,-0.05268828343520149,-0.0015650774171441322,-0.06600737913283236,-0.05816764816039653,-0.02629393811409765,0.109646263815952,0.07736933117643778,0.16484313366111772,0.08139040075225717,0.013894444931428253,0.42244818270924145,0.06608228609678936,-0.06855262214217979,-0.09763883687016392,0.051225206990254124,0.02594012224179012,0.23849261688275467,0.13931579660368637,0.0001976268836312346,0.013778100072516316,-0.22380447688642033,-0.14449872100343455,0.14329064698897911,0.11278119994581198,-0.2653539354046968,-0.1343384679135223,-0.2715441194048881,-0.2647339607455634,0.10858800372941055,0.20045262931412314,-0.23114695311939693,0.04562790364095658,-0.23518555411231262,-0.19423853883607328,-0.05896453075568377,-0.1712181944234156,-0.1460382981775295,-0.23133661117707527
#53,0.06173927595247392,-0.05792539585142921,-0.08387029938879105,-0.049889631760552715,0.5774721290312298,0.3728980229342811,-0.03406194965295763,-0.009196025149614708,0.022970937691749873,0.006802189833371849,-0.1670154356158707,1.0,0.5310409677342237,-0.007184693479109723,-0.04976053678011619,-0.1561411757205811,0.14972627082851883,-0.15037015196551093,-0.04243718572942649,-0.004529480671612652,0.16402393835316242,-0.1052506594203476,-0.32892763509152195,-0.28586888093777146,-0.1076923076923077,-0.27612460056259913,-0.03437273386511965,-0.12955557857660832,0.2884762807895513,0.24693957239279937,0.07336260548733355,0.2826925069129565,-0.09990835850154196,0.22659994103068795,0.12089505853102663,0.14079481070053948,0.2014598889145662,0.2638876714293683,0.10430874419271809,0.19408234984739697,-0.17663540230617822,-0.07295141406816534,-0.03625815808556925,-0.13505725601447138,0.06503358860139136,-0.059243439664034295,0.15528213628286144,0.09280335328196097,0.05626150499246946,-0.013103937396903314,-0.02686769358270446,-0.012324586218712397,-0.11784140442588593,-0.23459586099180008,0.03011100574552351,-0.17240554949039358,0.07582178517638996,-0.02026153686777327,0.14356477460175793,-0.0534867597956793,0.2755651889807075,0.3173170556781869,-0.013295189219772251,0.013148562822239399,-0.2275530126146515,0.014071352867582019,-0.07388536046984198,-0.05882268565372264,0.12845269306473078,0.028515646789758466,-0.15159575739706269,-0.06078301683812924,0.07675095028249489,0.24554184032066556,0.21706125636509974,0.31380280343297023,0.001271824622078429,0.03342444357672784,-0.12470415733649962,-0.0424610922072851,-0.012721433751165441,-0.10159137454278862,0.4622827498824598,-0.14844328985010638,0.4356541210783415,0.3523161392632024,0.10497015674680649,-0.20327359370143996,-0.14205707273147447,-0.022511933316864425,-0.014071352867582019,0.08239925411789081,-0.043830136505988576,0.16124441186080055,-0.13514650686514357,-0.16206360716875584,-0.2767637004040195,0.023769414052227687,-0.12314704874530835,0.1112814669014814,0.10384814605264206,0.027353791965829675,-0.16769756711743658,0.1404999641402832,-0.08812724621281547,0.07593494250492075,-0.0420738072659755,0.12986476902357977,0.17507988748017755,0.18471260429200967,0.08829618532301636
#54,0.19835045302775542,0.11350317557714222,0.05541680944146499,0.1575134075496657,0.37212185928647135,0.436873351449131,-0.01100016734534501,0.01018734709815203,0.09284319741172534,0.2153957717409494,-0.04865924503342922,0.5310409677342237,1.0,-0.10584035254086016,0.17890173640717513,-0.06346851118424722,0.3015244364047845,-0.045540246555474985,0.07278885001872674,0.02985122201945987,0.277278486560575,-0.06354023061782307,-0.07395389237303668,-0.20520523711241623,0.11451362270796643,-0.1820510164237503,0.16274414490513112,-0.16924830064786556,0.24832455434340858,0.1125054785678426,0.13085927850249823,0.19387834790300346,-0.0763748216975193,0.06742264262206249,-0.15557698284311772,0.13201316450047415,0.07550621966865621,0.252270716955271,-0.047223262596721625,0.044700332300042236,-0.2668472933882651,-0.2217262070779112,-0.14797631664926805,-0.09267585206671501,-0.11937620030440915,-0.10068770967973288,0.14281411119699736,-0.0075257592298926595,0.11929651204488043,-0.030303851333583022,0.1419550717592777,0.03377347815346365,-0.027254978524014057,-0.08692714102431288,0.22947987473005602,-0.17124688219684595,0.18319693359577333,-0.0980771222975719,0.012394711887097674,-0.0714676186757405,-0.009272525878762282,0.01786610778633984,-0.1209588091386496,-0.15029843253193506,-0.02720716556829682,0.13310967495158937,-0.16560335965702172,-0.19740535026974476,0.2948449664910869,0.19320737275777158,0.09393014527169712,0.140699184789105,0.29138171473196856,0.31667795583676656,0.2912382758648168,0.23127604809983346,-0.017262070779112113,-0.04631003514252245,-0.018474926089139285,-0.09283363482058188,-0.2124361497820526,-0.28670401389763245,0.3336069296910486,-0.1333901776251305,0.2159456207316976,0.1950115149535019,-0.024107292272629473,-0.029879909792890215,-0.3440715919323606,-0.13896357449656943,-0.08153383961940887,0.0024735235757715815,-0.21362191108384002,0.003216218154579286,-0.23512658480026138,0.03992700555427169,-0.14156938058315868,0.3659826757723785,-0.09489437321199468,0.16872554566535714,0.13243073098040467,0.08066523759054578,-0.03242993409780937,0.13567563690841428,-0.07373873407230913,-0.018627927547434437,-0.10661492242347935,-0.022215492991417573,0.11252300998493892,-0.07431408330610652,-0.040484823370972756
#58,-0.0568145415135988,0.29998326546549897,0.17340165273450261,-0.01796651499334603,-0.062241311987504884,0.09096892954760975,0.3998199045334651,0.019867876865701375,0.05316800675756441,0.22948624979081833,0.16423909665388997,-0.007184693479109723,-0.10584035254086016,1.0,-0.061861995872148155,-0.06424148730167585,0.07290519487763868,-0.09226466064754679,-0.2095849038561149,-0.2306433233191754,-0.17471650901672656,-0.1697009299619887,-0.04523264987369411,0.10350070524109684,-0.1401254293204982,-0.03244427798452454,-0.15235279586258557,-0.1110439958880858,0.12351680226952164,0.20575189857278328,0.2823817227007945,-0.04850943110551523,0.05806405342300919,-0.01790913944648535,0.22086238634461985,-0.11857613017874076,0.2032480934583908,-0.09874969120799433,0.15999649371658073,0.20004940672090782,0.050243447632860254,-0.10538453569635585,0.09570559969399708,0.0404131039373969,0.32523966244053265,0.19151320036019093,-0.10729386639466408,-0.04712604292009658,-0.24117970499406322,-0.1885312656886261,-0.08064770617344946,-0.020049566097426866,0.040481635840591605,0.04912621823426754,-0.3609973782562615,-0.0369291332308011,-0.22860171011004948,-0.18443050785327797,0.23997959980556063,0.2083720485460877,0.26688873128322005,0.3182111579500992,0.1954609567372439,0.20996103244109046,0.004604387635569651,-0.03640797201348325,0.5298042059463379,0.39358350134274717,-0.032107993529313324,0.06140617902764386,0.025194240132601263,0.04862418219923659,-0.12937707687526398,-0.13805831586832312,-0.1840862545721139,-0.19119285355688545,0.031653770449999605,0.22630828200081282,0.24810142721672815,0.023522380447688642,0.1382527552215732,0.08464008797583852,-0.07187084126895585,0.20452310561085035,0.024928081345775326,0.17147160308871695,0.2451258676059256,0.00010678226776848967,-0.11293101387372598,0.3270597422881687,-0.06789280335328196,0.3089673198447673,0.16732462606284215,0.15804253759293643,0.2317414275354812,-0.13488353560869876,-0.006741626756130019,-0.12454956211301389,0.07754145781701982,-0.14385483986644249,-0.1587756695806007,0.005130330148459227,0.20155870235638185,-0.33125134473937956,0.044576018615177425,-0.1610531600379316,0.07658201117229399,0.10795209141837134,0.07393317342555922,0.28277219517248525,0.17799488401373825
#101,0.37405031516706644,0.24325000597661947,0.00036337846345097977,0.16939970834097012,0.15661293021699113,0.26689510634398234,-0.04154467722270478,0.378385356485429,0.24590362501892596,0.4719569045892469,0.1073113978117604,-0.04976053678011619,0.17890173640717513,-0.061861995872148155,1.0,0.2706962363235025,0.23633465881471682,0.13024727266931763,0.4459450629138809,0.03500545864577772,0.5311238435241336,-0.05616109778546327,0.4029612157240874,-0.46448533337583375,0.44385085545346603,-0.3584808230203444,0.21953956123644303,-0.4597932886547825,0.03322681669309661,-0.16295292814509638,-0.037580983193746066,0.015008486799639809,0.13367227406386217,0.06776689590322658,-0.2920590649379627,0.0028879025253209446,0.0026137749125421353,-0.12923363800811227,-0.10309110758711919,-0.46588465921315814,-0.38430619416841316,-0.5299779263521105,-0.1139287108830256,0.09624429232841125,-0.46866896700109173,-0.29196662655690936,-0.27075679940074426,-0.3915323255424778,-0.12228322801201699,-0.3350429121277562,-0.18235861310553117,-0.22533289770418125,-0.08970029245591248,0.12334308186374901,0.5466471164803289,-0.16766887934400626,0.26130099052506595,-0.2181306728079752,-0.5894014614826798,-0.5830232131900007,-0.1776044115420475,-0.4367394751731227,0.060091322745419916,-0.09947007307413398,0.050332698483532425,-0.07588712954920351,0.1638518117125804,0.027648638526085952,0.6594490353736184,0.320957215373459,0.6884475930161209,0.5024057885551722,0.7067774864729179,0.24831339798707455,0.5293101387372598,0.3448780371187913,0.17428300488489032,0.08059033062658878,0.07597638039987568,-0.267518268533497,-0.28181593605814054,-0.29708739411422513,-0.0075257592298926595,-0.009151399724278622,-0.30639976412275177,-0.3848337304464933,-0.5774402537274184,0.07737570623720007,-0.4401883830455259,-0.19230052036433473,0.013072062093091825,-0.453117006271466,-0.5903656894229773,-0.5466327725936138,-0.43947118870976737,0.45776442556718117,0.09033301723657054,0.13568838702993888,-0.1663046163408745,-0.020508570472312315,0.016304217899576857,0.14819625624556734,-0.15925220537258244,0.07971057224139168,0.03386910406489812,0.1100829554781694,0.1256604164508443,-0.18568639482345067,-0.23247296575795487,-0.3885774848791528,-0.5407485915100129
#102,0.4604642638000143,0.3351194128569038,0.11080174357911848,0.1294503900740304,-0.1891289276350915,0.034586298400656634,0.06853827825546462,0.1909601638390616,0.1990198344077967,0.2514435528213628,0.09465530843340851,-0.1561411757205811,-0.06346851118424722,-0.06424148730167585,0.2706962363235025,1.0,-0.18424563109117134,0.1712118193626533,0.4551873072540223,0.5666871199866124,0.08020145192008861,0.7385762895552598,0.08319773047836862,0.3786562965678267,0.0602921371594323,0.47708245344213435,-0.16766250428324395,0.2770744846161815,-0.2309923578959112,-0.03822327056554758,-0.14351536788085012,-0.18727059742288168,-0.17025237271792748,-0.2354373690124234,0.11550335089131318,0.2726501924471468,-0.16309796077743866,0.31340117460494543,-0.19193714190088373,0.15383180995943868,-0.12929898238092583,-0.051488178246698914,-0.0974714915251536,0.12075480719425608,-0.25061798245264527,0.03827108352126481,-0.3083521264812055,-0.35601845580090685,-0.33757699878076963,-0.13435918686099976,-0.17843795073671795,-0.08136011921363626,-0.1825881152929739,0.1593302998669206,-0.0470622923124736,0.43185458486401196,-0.3751818884523743,0.4704093585891991,-0.21741507223740728,-0.21102248005801305,-0.22198599080397485,-0.3857852082652663,-0.06133286582887743,-0.24028560272215094,0.4104805998932177,0.1990198344077967,0.03393763596809282,0.14974220848042458,0.36807528946760276,0.2390217469260254,0.20385372423080908,0.1425559212361243,-0.03157248842528031,-0.04279418913211516,-0.18178963893249608,-0.13266182693303796,-0.23430260819673437,-0.22631306329638454,-0.05924025213365315,0.3910271019770657,-0.2057311796253058,-0.27765302138036,-0.09694236148188287,-0.0676409884531712,-0.08314354246188908,-0.3516722581262103,-0.33792125206193374,-0.27294822653778417,-0.04975416171935389,-0.23546286925547258,-0.1664910868681717,-0.3726047701392154,-0.2747284622556559,-0.2232562216608627,-0.20423622787654694,-0.028448708651754338,0.3066005785367642,0.008405517615089769,-0.06582090860553515,-0.0398202232865032,-0.4193419343528118,-0.3353489150443465,-0.352104168492856,-0.02230952513766147,-0.3045876531010686,-0.24582393675939723,-0.4026536190423065,-0.27665213684067924,-0.13278773438309333,-0.2258859342253106,-0.4364191283698173
#201,0.17323271362430173,0.23306106511327687,0.1846090095546223,0.22696810078971066,0.23026400720381865,0.3422100741897696,0.03532899297946433,0.22752910613679286,-0.01605240299946609,0.2653698730566026,0.09141837133135175,0.14972627082851883,0.3015244364047845,0.07290519487763868,0.23633465881471682,-0.18424563109117134,1.0,0.021372391205603677,0.08481858967718287,-0.2259608411892676,0.19837595327080462,-0.29771852512969266,0.32753627808015046,-0.15784809823968635,0.0838543617368853,-0.18299452541657038,0.0917403118998478,-0.32475037652702626,0.3907035676433791,0.28936878929627297,0.09326235765684641,0.00026615878682593693,-0.005880993553219804,-0.05357601064635147,-0.11471762465235996,0.042896190104311935,0.16522723107204615,-0.018487676210663884,-0.04425089051630023,-0.20360031556550773,-0.07132099227820765,-0.22403557283905362,0.15924742407701073,-0.060642765501358685,-0.09802293428109236,0.13173266182693305,-0.09515415693805832,-0.2488154340221055,-0.08172509144227781,-0.3225461992684618,-0.018439863254946648,-0.08883806548781167,-0.03786467339766832,0.02259162157639315,0.21428651116830957,-0.23832208400736318,0.0692889416602252,-0.3525870793456,-0.056669508881256526,-0.058814716827769765,0.012748527759405206,0.07356660743172708,-0.09938879104941468,0.03230562041294456,-0.22753069990198344,-0.2003442532811641,0.043186255368996486,-0.02121620221692738,0.10428005641928775,0.052277092016033276,0.10945819952346421,0.12270398202232866,0.38061503398704266,0.1904485652128872,0.2378853923451458,0.013000342659515973,-0.03028153862091498,-0.005909681326650144,0.25254803209843096,-0.12386583684625745,-0.0958171632573373,0.039265593000183285,-0.008018232673780172,-0.08738933292957948,0.05382145048569994,0.026134561595040202,-0.06116073918829539,0.16781231821115794,-0.18809298026121812,0.03938193785909522,0.1019356278239527,0.053701918096406856,0.02538867948585135,-0.05542159073703671,0.025468367745380072,0.21302743666775573,0.07156643211755612,0.11079377475316561,0.09645626309875766,0.14957645690060484,0.2644407079504977,0.3114296870642048,0.07518587286535075,-0.008936241423551068,0.1145407167162062,-0.018959430707073927,0.04165942831642614,0.08389420586664967,0.009591278916877177,-0.08492537194495135,0.004307947310122799
