,#10,#11,#12,#13,#17,#18,#26,#49,#50,#51,#52,#53,#54,#58,#101,#102,#201,#202,#301,#302,#401,#402,#501,#502,#601,#602,#701,#702,#801,#802,#901,#902,#1001,#1002,#1101,#1102,#1201,#1202,#1301,#1302,#1401,#1402,#1501,#1502,#1601,#1602,#1701,#1702,#1801,#1802,#1901,#1902,#2001,#2002,#2101,#2102,#2201,#2202,#2301,#2302,#2401,#2402,#2501,#2502,#2601,#2602,#2701,#2702,#2801,#2802,#2901,#2902,#3001,#3002,#3101,#3102,#3201,#3202,#3301,#3302,#3401,#3402,#3455,#3501,#3502,#3601,#3602,#3701,#3702,#3801,#3802,#3901,#3902,#4001,#4002,#4101,#4102,#4201,#4202,#4301,#4302,#4401,#4402,#4501,#4502,#4601,#4602,#4701,#4702,#4801,#4802
#10,1.0,0.35510522834670766,0.20755125947294184,0.3407820605790149,0.254379268302401,0.09964538724509718,0.4259799663715545,0.5444525018129079,0.2000191251822869,0.41220824135980044,0.3339989959279299,0.21734654033421255,0.034205388520109334,-0.07211628110830431,0.1351241941524755,0.22896508857350045,0.07046035907529744,0.17599152116918615,-0.06959335081162492,0.17008024607734543,0.043624540796404467,0.2531281626278,0.09786833905760664,0.16502641665803378,0.1818071703495924,0.13117643777542254,-0.03600156188988676,-0.167759723959869,-0.13790690817521856,-0.015510522834670769,-0.21993640876889609,0.026542565483827267,0.05202368335073194,0.1225573556247958,-0.010974667102295818,-0.0896923236299596,0.09143271521806692,0.1252412562057232,0.15506060292137158,0.16165719704515932,0.09469993385874459,0.14932623576568463,-0.11252779128051064,0.011408171234132075,-0.15004821139701488,-0.018066922200352224,-0.3218290049327033,-0.38932177322315104,-0.4002263146570616,-0.15397684259178096,-0.14884969997370287,-0.014136697240395572,-0.01397572695614755,0.15036218313955804,0.13460940799591997,0.1627074883057479,0.0006614125540884061,0.18214664233518477,-0.037053446915665915,0.019404091195244205,-0.05627266134880348,0.07793193028871057,0.07142139948521384,0.07708245344213437,0.11860641171736168,-0.12952370327279683,0.018227892484600244,0.08921419407278726,0.1263648606650782,0.07982691710030361,0.17723465801783422,0.228794555698109,0.008077201985831428,-0.11145199977687287,-0.08905800508411096,0.016479532070540048,0.04475611408171234,0.13111109340260899,-0.0664663835077178,0.004343010144315438,-0.14104821936584083,-0.03299572074046331,-0.029455968252197404,0.0982460614077728,0.19517726653332165,-0.10374455131525473,0.01965271856497382,0.2342882643100192,0.10766840121444908,0.07693582704460152,-0.006987066595478488,0.028026360876252102,-0.27074883057479143,-0.2519153073177729,-0.11159065734845285,0.0997250755046259,0.22368972579269897,-0.06859406003713472,0.02188877112734981,-0.14207619791376136,-0.1827921172373674,-0.06741467379610962,-0.08307819808907553,0.13638964371379164,0.11365298950505622,-0.07858378025165552,0.2775366765214481,-0.022127835905935977,0.2721672815944027,-0.15514666624166262,-0.10808756145957016
#11,0.35510522834670766,1.0,0.4781152132856266,0.39228139518204785,0.2914104025053989,0.29196822032209996,0.0980022153336149,0.13483412888779095,0.38589995935898763,0.44466208193546847,0.28299850982954683,-0.03633944011028855,0.08432452246810478,-0.1782036672537035,0.3527066117348931,0.34085856130816244,0.345396010805728,0.37487429177059345,0.04462064404051351,0.11879606977504005,0.10985345329072668,0.19742606921722222,0.3000597661946465,0.10030201850361387,0.2199905967853756,0.26310991401636796,0.17617958546167392,-0.11808365673485326,-0.025211771549697583,-0.09804843452414155,-0.3274916526548144,-0.14770059527129867,0.0955239104622716,-0.024011666361195005,0.09553028552303389,-0.035375212169991,0.03602546836774538,-0.07158077600427129,0.019126776052084245,0.0410251097705775,-0.023814039477563772,0.15455856688634065,-0.07684657619392934,-0.039522189195865774,-0.18488154340221055,0.025693088637251074,-0.14510753930623402,-0.3306281825498649,-0.08201675047215294,-0.14310736399206306,-0.06701942002884714,-0.0554534660408482,0.14668058554933103,0.18538517320243209,0.2121253655698906,0.2849508721880005,-0.22662703503892773,-0.04490592800962634,-0.0821315015658743,-0.06221262421407454,-0.021853708293157168,0.07053845356963559,0.29305994947764347,0.2897783869502506,0.16486385260859518,-0.013186813186813187,-0.1892054283642391,-0.05496896142291356,0.43045366526149703,0.48012335742575046,0.3974292567476034,0.2836631099140164,0.12939779582274144,0.023077719959518364,-0.23381172851803744,0.04161639665628063,-0.12494800341065751,0.049315876291945906,0.16760512873638328,-0.010177784507008583,-0.23068316744893974,0.1097147957191467,-0.12805903306265887,-0.09248619400903665,0.027546637553889187,-0.18525767198718612,-0.06031604363729092,0.2662480376766091,0.31312545322697605,0.11433352724143152,-0.09053383165058292,-0.009291651061049176,-0.10119293324514499,-0.05460877048984373,-0.20305843540071242,0.15847444795958213,0.16992086955828797,0.0736781709950673,0.2367681629465531,0.1821562049263282,0.22317812716652455,0.2465188183824877,0.06899887639554064,0.1408999992031174,0.09998804676107069,0.06438651993401812,0.1459649849787631,-0.029185028169799742,0.08576687996557467,-0.22212942967112656,-0.15933348739730174
#12,0.20755125947294184,0.4781152132856266,1.0,0.5098120153957717,0.2554215907370367,0.39044697144769663,0.28537481372869333,0.19894333367864914,0.41740550964626383,0.44605343894683996,0.1783231996429966,-0.05539927802436867,-0.10679342412482369,0.017636605598897116,0.2688873128322004,0.14088406155121166,0.5117595964586538,0.8097713743834121,0.10067655332339887,0.036825538493413766,-0.022180430157224935,0.03427232665811346,0.28772242985440954,0.025485899162476393,0.34205866649666505,0.20741419566655245,0.3003609878156651,0.03305787758289571,-0.11854584864011986,-0.25980125748073535,0.0980771222975719,0.013770131246563443,0.3995059327909219,0.018784116536110736,0.09574544382376145,-0.0829682282909259,0.07167480815051519,0.03275824972706771,0.06245328275785129,0.031277641865024026,-0.07938703790770506,0.13501581811951646,-0.0846098064372176,-0.05034704237024759,-0.26505271378367823,-0.16576273617607917,0.2213213907195053,-0.030729386639466408,-0.0073058196335933825,-0.1902413757381125,0.08201834423734351,-0.03708054092390568,0.19356596992565087,0.19537011212138117,0.12853716261983122,0.2998940146148268,-0.36616436500410393,-0.330212209835125,-0.21689072348970825,-0.1796029930910279,0.04598968833921698,0.16183569874650366,0.31096908892412883,0.4001051885025779,0.4240260102479102,0.037200073313198766,0.049221844145702014,-0.04176780434938521,0.4866402632900095,0.5255121962881208,0.5940966937341121,0.4687454677302393,0.2369801337168995,0.13031421080732175,-0.24080357640908764,0.1421989178334356,-0.015029205747117276,0.11552406983879066,0.26402154770537656,-0.012166803464845524,-0.30568416355218386,-0.16275530126146515,-0.10060324012463244,-0.24853174381818327,-0.0011809800062156843,-0.25488130433743195,-0.05162683581827889,0.1738208129796237,0.2622158117444557,-0.24930631370080247,-0.21686203571627793,-0.10159615583836033,-0.26677557395468926,-0.26056307724183,-0.23101467060857925,0.4803464845524309,0.43529233638008114,0.3938640040162883,0.5841372550582122,0.20341384503821053,0.3169186143805433,0.4660504107929779,0.35851747961972763,0.35314330339711053,0.27886268916000606,0.28440739825801464,0.2486480886770952,0.01967024998207014,0.14410506100136267,-0.23894365243168725,-0.3023978197292193
#13,0.3407820605790149,0.39228139518204785,0.5098120153957717,1.0,0.22197483444764082,0.3765971519416044,0.30542278606092965,0.21909968204384447,0.2879822135804732,0.5412394711887097,0.3046753101865502,0.1035644558487198,0.12190550566185084,0.03558240164476568,0.1526062045278869,0.04863374479038003,0.511005745523512,0.4236690068452215,-0.013331845819155464,0.17000533911338842,-0.09707942528827228,-0.035453306664329144,0.19615265082995323,0.09142315262692348,0.2790682848695902,0.29608172827897267,0.03137008024607735,-0.10963670122480855,-0.13532341480129734,-0.054605582959462586,-0.01711066308600754,0.14249376439369188,0.19484735713887272,0.29566575556423275,0.21029572313111108,0.01435663683669485,0.23720963590434221,0.2954410346723617,0.062093091824781455,0.23728773039868037,-0.0434348827387261,0.23123939150045023,-0.09520356365896612,-0.05941397253942576,-0.13978595733490584,-0.13119715672290003,0.08468311963598403,-0.1877248205021954,-0.24122592418458988,-0.3112432165369076,-0.08839659253002255,-0.03177967790005499,-0.07423758257695894,-0.07681310712492728,0.1139287108830256,0.01506904987688164,-0.1953063615137582,-0.11794181163289212,-0.1602228083736423,-0.09603072779287428,0.11631776490369673,0.21072763349775678,0.49169090517894,0.3314585342141542,0.19349584425726557,-0.018439863254946648,0.15861469929635266,-0.020398600674162676,0.4019427997673103,0.211363545808796,0.3342938424881862,0.4151853947357936,0.1758879264317988,0.013703193108559317,-0.05132720796245089,0.17623536724334404,0.18293236857413797,0.3171544916287483,0.23515527257369173,0.1554909195228267,-0.25978531982882963,0.005716835738590633,-0.12644773645498808,-0.1377794069599726,0.1907210990604754,-0.0108073217572855,0.06505112001848767,0.1995999649371658,0.13271282741913634,-0.1572823115970324,-0.1435089928200878,0.09838790650973392,-0.11037142697766338,-0.12483962737769845,-0.13304433057877582,0.20834973583341967,0.2966698276342946,0.15785287953525806,0.3156404146977026,-0.12228163424682642,0.05525583915721697,0.2360238746025548,0.2588370295404378,0.04267465674282208,0.041007578353481185,-0.0037039103028950744,0.1741586912000255,0.11608985648144458,0.2829793846472599,-0.10375092637601702,-0.14536572926710709
#17,0.254379268302401,0.2914104025053989,0.2554215907370367,0.22197483444764082,1.0,0.6834240451354302,0.5150746280550487,0.1943867589987967,0.13198925802261552,0.34032146243893885,0.22312872044561674,0.6598968833921698,0.5483715704165305,0.11396217995202766,0.3019961909011945,0.09466008972898023,0.3456781072444597,0.28596291308401534,0.08236100375331702,-0.06302385069607695,-0.01614962267609113,-0.042537592936432674,0.2958904764561037,0.06819083744391939,0.08111149184390663,0.10333335989608651,-0.13069512068786907,-0.3098502657603455,0.0170070683486202,-0.18048753277179674,-0.19001187355066979,0.0037549107889934576,0.19380981599980876,0.07431089577572536,-0.057528548318976164,-0.017321040091163368,0.11246563443807824,-0.0371666042441967,0.13817466072723505,0.03218768178884205,0.04303166014551076,0.03753157647283826,-0.07411964395285643,-0.11652973567404315,-0.004739857676768482,-0.07688482655850314,-0.22667484799464496,-0.3595358955765047,-0.20083991425543274,-0.29697423678569435,0.030597104128648727,-0.09899353728215222,0.13891894907123334,0.04270334451625242,0.18086206759158174,0.16041565396170182,-0.1620460757516595,-0.04494895966977185,0.19303683988238013,0.11346492521256843,-0.22278446716445266,-0.14349464893337266,0.2689207819012025,0.1538541226721067,0.07095920757994725,-0.023686538262317813,-0.0017148913450581325,0.0006056307724182996,0.3092478225183084,0.22361322506355139,0.4175393859222721,0.2363235024583828,0.07171624604547013,-0.12390408721083122,-0.174040752575923,-0.07618516363984094,-0.17490616707440493,-0.22678481779279458,0.22190630254444613,-0.029328467036951446,-0.036215126425423745,0.08103658487994964,-0.40299787232347056,0.43690841428332367,0.5055024743204584,-0.029819346715648384,-0.13786706404545418,0.16521607471571215,0.39058562901927657,0.11180422188398983,0.10703567643379101,0.11300273330730183,-0.12934201404107132,-0.0660615671493119,-0.08348142068229088,0.004446604881702778,0.07075520563555371,0.03003450501637594,0.18055606467499144,0.1524245152961614,0.027328291722780482,0.3358063256540414,-0.08589916247639236,0.07158077600427129,0.10719664671803904,0.12011092605726398,0.12926710707711433,-0.2148666416976787,-0.10913307142458702,-0.26763620715759945,-0.18770569531990852
#18,0.09964538724509718,0.29196822032209996,0.39044697144769663,0.3765971519416044,0.6834240451354302,1.0,0.44516093044011823,0.027621544517846187,0.07782833555132322,0.26584003378782206,0.16287642741594882,0.440169257863239,0.58310449521472,0.1393954848632151,0.05190893225701058,-0.10472949820302975,0.2689191881360119,0.36437456669508883,-0.05845611965989051,-0.07007148036879726,-0.3335670855612843,-0.29643076285570846,0.10764927603216218,0.06734773565810549,0.14123947118870978,0.11604044976053678,-0.14628373801687797,-0.16143247615328835,0.026182374550757437,-0.01968778139916646,0.01799839029715752,0.2538915761540852,0.2913450581325853,0.3121245686872953,0.029218497238801808,0.11245607184693479,0.16611973957876786,0.1287571022161305,0.05962913084015332,0.10856728478193307,-0.04664950712811482,0.1992254301173808,-0.22474161081847813,-0.04473698889942545,0.09359386081648591,-0.19462582377738288,0.016928973854282048,-0.0754074062268406,-0.056430444102670355,-0.3187657882364191,0.1056251942401326,0.004572512331758162,0.1280383141151814,0.08279769541553443,0.040738232036274094,0.09448477555801704,-0.3473977798850895,-0.2041565396170182,0.1849421064794524,0.1359115141566193,-0.04217580823817227,0.05864737148275945,0.33495366127708404,0.12469459474535617,0.08998876395540645,0.08719011228075768,0.06389085895974946,-0.09090836647036792,0.20182645490839835,0.19446166596275372,0.4050251416458813,0.27791599263680483,0.10575428922056913,0.09664592115643603,-0.0336141016344062,0.06484074301333184,0.03643665978691359,-0.10371267601144324,0.18038234426921881,0.042454717146522804,-0.08087720836089218,0.154598411016105,-0.4181290790427846,0.2986986907218959,0.5153949748583542,0.07820765166667995,-0.02635131366095833,0.05695957414594108,0.3364836758600355,-0.043906637235136145,0.22174373849500753,0.08098558439385126,-0.04652041214767828,0.03464845524308904,-0.02033166253615855,-0.011546828805712055,0.14876363665341186,0.17074803369219613,0.3023978197292193,0.32204894452900257,0.1947931691223932,0.39271808684426524,0.1760998972021452,0.12619432778968676,0.20187586162930615,0.3017666887137518,0.31845341025906654,0.02346819243120911,0.030504665747595406,-0.1797097753587964,-0.15627823952697048
#26,0.4259799663715545,0.0980022153336149,0.28537481372869333,0.30542278606092965,0.5150746280550487,0.44516093044011823,1.0,0.19361856417693982,0.060754329064698895,0.3958036162532174,0.1959231486425105,0.48165496577389255,0.3156627274103706,0.08966044832614811,0.07553490744208656,-0.1242865908565691,0.3011594641761429,0.32029420905418005,-0.04096614045852624,-0.18434603829817753,-0.21105913665739626,-0.25917490776083957,0.09625704244993585,0.03679525695479285,0.21270230856887853,0.0597677884117333,-0.17477866585915897,-0.33495366127708404,-0.10939923021141296,-0.11369920869558288,-0.09360820470320108,0.11478615655555467,0.16331790037373795,0.15272095562160826,-0.3030783574655946,-0.005232331120655994,-0.03664863055726,-0.02090223047438421,0.10012829809784124,0.08474527647841644,0.043132067352516956,0.22578712078349497,-0.2934504219493342,-0.1248491899688419,-0.027132258604339824,-0.15901154682880572,-0.2395891273338699,-0.3110774649570879,-0.25413860975862423,-0.3737953127365745,-0.07473164978603702,-0.18719728422411527,-0.052390249344564065,-0.08237694140522277,0.08966204209133868,-0.032869813290407925,-0.03637609670967176,-0.1384790698786348,0.18609758624261888,0.10064467801958737,-0.12495278470622923,0.005125548852887504,0.0976276805138299,0.06326291547466312,0.07555403262437345,0.02626206281028616,0.057627361760791786,-0.03587724820502195,0.207992732430731,0.06360238746025548,0.3834471547306935,0.2226250906453952,0.03163942656328443,-0.06276087943963216,-0.013948632947907784,0.12237726015826088,0.0176063240602762,-0.04112711074277427,0.025060363856593007,-0.05641131892038346,0.020701416060371826,-0.12910454302767574,-0.15320864776992404,0.2790714723999713,0.5446485349313486,-0.05199180804692045,0.01620540445776124,-0.08308297938464726,0.1906525671572807,0.015722493605017172,0.14156938058315868,0.14796356652774348,-0.15694124584624947,-0.046466224131198754,0.12500537895751818,0.14173991345855017,0.2653778418825554,0.14630126943397428,0.1527862999944218,0.04090876491166556,-0.11443871574400943,0.1845484464773805,-0.09366558025006176,0.17146522802795464,0.13305708070030042,0.14285873662233342,0.2179187020376288,-0.09854409549841021,0.06384942106479452,-0.03996844344922663,0.039493501422435434
#49,0.5444525018129079,0.13483412888779095,0.19894333367864914,0.21909968204384447,0.1943867589987967,0.027621544517846187,0.19361856417693982,1.0,0.27586641060172606,0.20742853955326762,0.3830949326235766,0.16631417893201794,-0.05728151471443712,0.13680083513295987,0.1251982245455777,0.21974037565045543,0.11018176891998502,0.16722581262102654,0.07513805990963351,0.22981137788969552,0.009686904828311645,0.24843930543712994,-0.034293045605590926,0.0578010821665644,-0.04611081449370064,0.026239750097618118,-0.05487492927666967,-0.10215556742025197,-0.004032225932153416,0.037722828295707195,0.05316003793161154,0.1369602116520173,0.17419216026902756,0.12881129023261004,0.08008191953079553,-0.02858099116257202,0.23941700069328786,0.30328873447075044,0.0682832758249727,0.11064077329487047,0.1960235558495167,0.24275115747196965,0.10434221326172015,0.15334252404593232,-0.14303405079329662,-0.15038130832184493,-0.09506331232219557,-0.20811385858521464,-0.23410020001753143,-0.0940688028432771,-0.09668895281658153,0.0717736215923308,-0.08265106901800158,0.014176541370159935,-0.15064427957828974,-0.08796468216337687,-0.209427121102248,0.05745842265059089,-0.11773621592330802,0.07366382710835212,0.00303612268804437,-0.05375291858250524,0.09340260899361696,0.11841037859892102,0.10243607009379307,-0.157819410466256,0.2724238777900852,0.10182725179099364,0.016935348915044345,0.15999489995139016,0.07566878371809481,0.14333367864912464,0.06616994318227096,-0.04749579644430986,-0.11343145614356637,-0.12195969367833037,0.015164675788316108,0.003997163097960777,0.1500896492919698,0.1320466335694762,-0.06613966164365004,0.019338746822430652,-0.05897568711201779,-0.02596562248483931,0.07152021292702947,-0.14587254659770976,-0.03932456231223454,0.21001840798795113,0.18128441536708398,0.00850911235247711,-0.008032576560495342,-0.1291874188175856,-0.1313119078166214,-0.2593805034704237,-0.12556797806979098,0.09457880770426093,0.16323024328825633,-0.043642072213500784,-0.03474089362414236,-0.1704436245407964,-0.09647538828104456,0.08958872889257226,0.04120679900230299,0.06894787590944226,0.0786539059200408,-0.06473236698037278,0.12696730390711536,-0.044083545171289915,-0.050445855812063206,-0.11105993353999155,-0.15808716301827253
#50,0.2000191251822869,0.38589995935898763,0.41740550964626383,0.2879822135804732,0.13198925802261552,0.07782833555132322,0.060754329064698895,0.27586641060172606,1.0,0.3800030281538621,0.3692084565181012,-0.025862027747451968,0.03514730374773885,0.13019149088764753,0.27188359139048046,0.3197682665412905,0.12033245941875384,0.33455521997944043,0.07404792451928058,0.017668480902708603,-0.07429973941939134,0.04536811991489294,0.15074149925491478,-0.15281020647228044,-0.0068850656232817215,0.010058252117715497,0.008360892189753683,-0.08066045629497406,0.08695901632812437,-0.03149120640056101,0.039203436157750876,-0.05614994142912925,0.10099052506594204,-0.08809696467419455,0.13532978986205962,0.11572488425280303,0.08903728613663349,0.08732080102638479,-0.11430802699838233,-0.15003227374510913,-0.17249001904549402,0.10908047717329805,0.2253982420769948,0.2147773908470065,0.13009267744583192,-0.2225438086206759,-0.08589278741563006,-0.19721250468168525,-0.20827642263465324,-0.10072755380949724,-0.183842408497956,-0.05664400863820733,-0.03459426722660951,0.26297285020997857,-0.14857079106535234,0.1213588442014838,-0.38830335726637394,-0.25140530245678905,-0.1278885001872674,-0.18584099004693638,-0.036387253066005786,0.09649291969814087,0.2903170795846648,0.3761014909673358,0.2416355218385675,-0.001804142195730303,0.09647698204623513,0.2784259974977886,0.25764329941269754,0.37234976770872347,0.32192463084413775,0.17816382312393916,-0.08785949366079895,0.12415271458056085,-0.3861406179027644,-0.09392695774131597,-0.1724916128106846,0.005488927316338484,0.32367299125819793,0.19701806532843516,0.08060626827849453,-0.0347440811545235,0.16030090286798046,-0.023637131541410002,-0.07632382121142092,-0.22899855764250254,-0.0018184860824454732,0.2123118360971878,0.0949310298113779,0.17322793232873002,-0.0030090286798046045,0.009655029524500156,0.11178828423208409,-0.019574624070635673,-0.15682968228290925,0.18009865406529657,0.12419734000589693,0.18664743523336708,0.1384902262349688,0.13836113125453228,0.1844655706874706,0.1727864593709409,0.08929547609750656,-0.002852839691128306,0.05316003793161154,0.06901322028225582,0.07276175601048697,-0.00909402417741794,0.03169680211014511,-0.15284686307166365,-0.1880053231757365
#51,0.41220824135980044,0.44466208193546847,0.44605343894683996,0.5412394711887097,0.34032146243893885,0.26584003378782206,0.3958036162532174,0.20742853955326762,0.3800030281538621,1.0,0.3656926105076939,0.1522444198296265,0.18920861589462024,-0.004433854760178183,0.22518467754145782,0.12955239104622715,0.312428977838695,0.3049765318075688,0.14250970204559762,0.21261943277896866,-0.02269202878339934,0.03610037533170238,0.3326602331678474,0.06222059304002741,0.277544645347401,0.1623281721903912,0.06113045764967447,-0.1407693104574903,-0.18267258484807433,-0.18348221756488617,-0.2033660320824933,0.04067288766346054,0.05925459602036832,0.22424594984420945,0.11378367825068332,0.06175521360437967,-0.05617862920255959,0.08186853030942952,-0.1362477986118305,-0.002973965845611966,-0.05458167648160397,0.07055120369116018,-0.10734964817633418,-0.1150778155854298,0.004285634597454757,0.03550908844599925,-0.1296304855405653,-0.3338268692873479,-0.3935388759174111,-0.295758193945286,-0.045886093601829644,-0.03597128035126585,-0.13952457984365163,-0.06655563435838997,0.06734614189291492,0.05158858545370511,-0.2988883487795743,-0.04464933181394385,0.020180254843053972,0.08110192925276319,0.04167695973352246,0.08752320920558775,0.4304743842089745,0.43429942066635324,0.1628015204519918,-0.11507940935062037,-0.05607025316960052,-0.044577612380368004,0.37821482361003755,0.27661388647610546,0.31602610587382163,0.3491174525257194,-0.0019412060021197076,-0.13717377618755427,-0.20041437894954936,-0.06378407669198097,0.008885240937452686,0.08884125301819283,0.2222011491047024,0.0914837157041653,-0.2017611105355848,0.09361457976396338,0.08886994079162316,-0.028732398855676595,0.11994358071225367,0.025943309772171266,0.08405039485532596,0.15425256396975034,0.16884826558503135,-0.12681908374439194,-0.03218130672807975,0.18284630525384696,0.005490521081529059,0.06503836989696309,0.061283459107969625,0.23663428667054484,0.33822087991776173,0.0638637649515097,0.23418626333782244,-0.010938010502912605,-0.14713162109826358,0.08377786100773774,-0.028134736909211165,-0.09694395524707344,-0.0038250364573787343,-0.030536541051406896,0.15559451426021403,0.04330738152348015,0.07237765859955853,-0.08531743818183267,-0.02015794213038593
#52,0.3339989959279299,0.28299850982954683,0.1783231996429966,0.3046753101865502,0.22312872044561674,0.16287642741594882,0.1959231486425105,0.3830949326235766,0.3692084565181012,0.3656926105076939,1.0,0.14496728796946345,0.22023125532915236,0.26271625401429605,0.21588187012407462,0.2273776984436883,0.011449609129087011,0.11145996860282574,-0.11190941038656775,-0.13083377825944903,-0.18061184645666153,0.10514865844815083,0.10104311931723099,0.06178390137781001,-0.013408346548303038,-0.13164500474145144,-0.3380152842081776,-0.4386519934018121,0.2417805544709098,0.04122273665420874,0.007328132346261425,0.012930216991130696,0.13788140793216935,-0.09030592322833077,0.06726804739857677,-0.09402895871351274,0.18468232275338875,0.08635338555570608,0.07818055765844018,-0.08296344699535417,0.015309708420658385,0.056602570743252395,0.16887535959327113,0.20115069846759476,0.15925220537258244,0.009882937946752305,-0.4173274151519257,-0.30916016543282676,-0.2922232227525919,-0.22650431511925348,-0.44605343894683996,-0.11194128569037924,-0.28496840360509684,0.14413215500960244,-0.23919227980141686,-0.007447664735554511,-0.26292981854983305,-0.10719664671803904,0.12351998979990278,0.0035397524882659036,0.0824375044824646,0.07252428499709138,0.2142657922208321,0.1591629545219103,-0.1744774442381404,-0.3373459028281363,0.12194853732199636,0.09333726462080341,0.06338404162914678,0.07976316649268063,0.09533743993497439,0.13836431878491343,0.0773932376542964,0.053756106112886386,-0.19356596992565087,-0.09156021643331289,-0.011126074795400393,0.020234442859533505,0.332159790898007,0.23112623417191946,0.08817824669891385,-0.016766409804843452,-0.014457044043701042,0.24192877463363321,0.10153399899592792,0.0044721051247519706,0.04192558710325208,0.24481030209819188,0.14881782466989138,0.34837157041653055,0.15767915912948546,0.23911099777669756,0.022795623520786682,0.09779661962403079,0.07084764401660704,0.07389811059136657,0.054682083688610154,-0.04299500354612755,-0.1303747738845636,0.08363282837539546,0.09591438293396234,0.16224051510490958,-0.009465371466821793,0.07766099020631291,0.17229557969224393,0.06577150188462734,0.09964538724509718,0.01527942688203747,-0.017109069320816964,0.00957852879535258,0.029581875702252788
#53,0.21734654033421255,-0.03633944011028855,-0.05539927802436867,0.1035644558487198,0.6598968833921698,0.440169257863239,0.48165496577389255,0.16631417893201794,-0.025862027747451968,0.1522444198296265,0.14496728796946345,1.0,0.5485564471786372,0.25329710173800096,0.1478105650694483,-0.10343695463347385,0.05784092629632876,-0.0398951302504602,0.08003091904469714,0.06141255408840616,-0.16361274693399422,-0.14306751986229868,0.031142171823825195,-0.0799464494895967,-0.08704667341360597,-0.06792945995266518,-0.30583557124528843,-0.20286877734303405,-0.06660822860967894,-0.16564161002159553,-0.009862218999274837,-0.03855317995999649,0.062464439114185304,0.10340667309485294,-0.080102638478273,-0.018046203252874753,0.003455282933165457,-0.039058403525408604,0.11429527687685773,0.011240825889121757,0.05457530142084167,0.006360716875582721,-0.18896476982046234,-0.10215556742025197,0.021563643028472614,-0.19624668297619713,-0.3683860736797648,-0.32200431910366645,-0.17918861414147855,-0.20024225230896733,-0.17394512666448853,-0.09133230801106074,-0.1744391938735666,-0.14752368733514493,-0.03448270366326929,-0.13875000996103243,0.012028145893265545,0.030981201539577174,0.2940401150698468,0.09763086804421105,-0.3624477045796843,-0.32315979886683294,0.201423232315183,0.029734877160547936,-0.033426037341918416,-0.15174557132497668,0.2200670975145232,0.0571141693694268,0.06413311126871678,-0.08578281761748041,0.19797591820797042,-0.004011506984675947,0.013242594968483293,-0.16181338603383563,-0.12864075735721855,-0.11406099339384329,-0.19400903664863056,-0.23884802652025278,0.04877558989234116,-0.04659850664201643,0.14879710572241392,-0.04904015491397652,-0.2896078540748592,0.6081680466016942,0.5508817505916853,0.11283857549267266,-0.12921770035620653,0.09206862752910613,0.19693837706890643,0.18370056339599486,0.08795511957223343,0.17788969551116035,-0.14985217827857422,0.002414554263720326,0.08605216393468751,-0.26278478591749077,-0.16753181553761684,-0.19506410920479086,-0.15789591119540358,-0.058661715369474614,-0.2181290790427846,0.11563722716732144,-0.2370661970371905,0.03433129597016472,0.030860075385093513,0.06758361290631051,0.1221636956227239,-0.35838997840448167,-0.1255488528875041,-0.15340308712317413,-0.006620500601646359
#54,0.034205388520109334,0.08432452246810478,-0.10679342412482369,0.12190550566185084,0.5483715704165305,0.58310449521472,0.3156627274103706,-0.05728151471443712,0.03514730374773885,0.18920861589462024,0.22023125532915236,0.5485564471786372,1.0,0.2778219604905609,0.05309309979360741,-0.06506068260963112,-0.023925603040903985,-0.16347408936241423,0.03441895305564631,-0.05058610714883376,-0.31529934894691963,-0.2585820271099459,-0.08174102909418356,-0.09637179354365721,-0.06699073225541681,-0.07803711879128848,-0.37043565571484355,-0.3330650495262533,0.20812660870673924,0.1276207476352509,-0.07473802484679933,0.04526611894269617,0.028807305819633592,0.18245423901696564,-0.005692929260732016,0.2148475165153918,0.11431121452876347,0.21171576791591296,-0.047629672720318116,-0.045095586067304703,-0.040942233980667625,-0.02124488999035772,-0.0813696818047797,0.06325654041390082,0.339137294902342,-0.02306178230761262,-0.20228067798771207,-0.3015053112224976,-0.24245152961614166,-0.4332204416323343,-0.15802819370622126,-0.22454557770003744,-0.19312290320267114,-0.2378646733976683,-0.19093306983082184,-0.2285825849277626,-0.18052578313637052,-0.0633824478639562,0.28932735140131804,0.09525934544063623,-0.09180406250747078,-0.04692044721051247,0.32565563515527257,0.00043828542740798,-0.07923244268421933,-0.08050745483667891,0.19472304345400793,0.19936886898453252,0.07946194487166205,-0.05707432523966244,0.09358429822534246,-0.05403501502123692,-0.05577062531377252,-0.04111117309086852,-0.044236546629585066,0.01731785256078222,0.051406896221979616,-0.1669867478424404,0.21595996461841277,0.20490560925658824,0.2211094199491589,0.1622022647403358,-0.21795535863701201,0.6609662998350453,0.489956888651595,0.2654113109515575,0.0033899385603519032,0.053988795830710264,0.15450916016543284,0.21187195690458924,0.29565619297308926,0.27980779191801675,0.16633967917506715,0.2378790172843835,0.11495828319613671,-0.46572687645929123,-0.26308441377331876,-0.11380758472854194,-0.10204081632653061,0.14007442883439983,-0.019880626987225973,-0.04479914574185785,-0.17442325622166086,-0.11039692722071258,-0.019361059535098694,0.05540565308513097,0.03930862466032879,-0.011251982245455776,0.050190853381571296,-0.11588904206743221,-0.016216560814095258
#58,-0.07211628110830431,-0.1782036672537035,0.017636605598897116,0.03558240164476568,0.11396217995202766,0.1393954848632151,0.08966044832614811,0.13680083513295987,0.13019149088764753,-0.004433854760178183,0.26271625401429605,0.25329710173800096,0.2778219604905609,1.0,0.15156866338882294,0.13503016200623164,-0.26226203093498235,-0.1622962968865797,0.20372462925037255,0.18050984548446478,-0.1433591788921738,-0.07982532333511304,-0.11906382232705655,0.048090270860394135,-0.09624429232841125,-0.029200965821705487,-0.2740032990939445,0.02209596060212449,0.25629178653109036,0.3134904254556176,0.24952465953191116,0.22251830837762673,0.03878746344301094,0.1110376208273235,0.18859342253105849,0.13146172174453538,0.2424116854863773,0.3562192702149192,0.02239877598833364,0.01910286957422563,0.008260484982747491,0.0416243654822335,0.17929858393962816,0.3028616053996765,0.2534198216576752,-0.0591494075177904,-0.09543944090717114,-0.07735179975934145,-0.19181442198120952,-0.1446341910446334,-0.20393500625552838,0.010917291555435138,-0.22467786021085515,-0.18567364470192607,-0.33018192829650406,-0.22497111300592085,-0.1893233669883416,-0.05382304425089052,0.14077249798787145,0.033539194670449204,-0.029253560072994445,-0.05802261552805425,0.29090836647036794,0.15482631943835715,-0.007666010566663214,-0.2696013196375778,0.6670146387332754,0.3374542788610954,0.024207699479635664,0.05268987720039207,-0.02871646120377085,-0.1209030273569795,-0.16656280630174755,-0.0974842416466782,-0.14683996206838845,-0.22105682569786994,-0.050474543585493546,-0.2357258405119174,0.3313915960761501,0.47690395174079003,0.11958179601399326,0.0502530102240037,0.07527512371602292,0.3966419367434596,0.2940480838957996,-0.10029245591247042,-0.12044880427766577,0.1508769692961136,-0.11781749794802732,0.2088039589127334,0.09509359386081649,-0.03672034999083585,0.08707376742184574,-0.015014861860402106,-0.036906820518133064,-0.19633593382686929,-0.04390026217437385,-0.20735682011969175,-0.13926638988277856,-0.1255982596084119,-0.10114671405461834,0.0021149264078923254,-0.021987584569165424,-0.11261863589637339,-0.028069392536397612,-0.08715504944656503,-0.05999091553841372,-0.021009012742152697,-0.07669038720525305,-0.10676473635139334,-0.07243822167680036
#101,0.1351241941524755,0.3527066117348931,0.2688873128322004,0.1526062045278869,0.3019961909011945,0.05190893225701058,0.07553490744208656,0.1251982245455777,0.27188359139048046,0.22518467754145782,0.21588187012407462,0.1478105650694483,0.05309309979360741,0.15156866338882294,1.0,0.5955597701790595,0.38990827881328244,0.26028894962905114,0.42138195379674714,-0.0859963821530174,0.4130784371538541,0.2479356756369084,0.4658910342739204,0.14045852624532829,0.21698316187076158,0.19849070436452598,0.028491740311899848,-0.3082995322299166,0.3054132234697862,-0.10481078022774905,-0.03913171672417503,-0.14025930559650646,0.19911546031923116,-0.11185522237008821,0.2099068444246109,-0.08614141478535968,0.2843643665978691,-0.09567850568575732,0.32124728063814356,-0.012968467355704484,0.015408521862474002,-0.03195817960139932,0.2001243136848648,0.1105754289220569,-0.05156786650622764,-0.14910788993457594,-0.139950115149535,-0.33353042896190105,-0.09290376048896716,-0.2841189267585207,-0.11174525257193858,-0.21046306847612142,0.044663675700659024,0.05040919921267999,0.22187920853620635,0.16072165687829212,-0.24271609463777702,-0.26218074891026305,-0.0826000685319032,-0.14745196790156906,-0.1469308066842512,-0.1438102144411064,0.31939054419112434,0.38973296464231927,0.13916120138020066,-0.07004916765612922,-0.04149208297141582,0.06054076452916192,0.6316314577373315,0.4859485691973002,0.3327096398887552,0.22327215931276845,0.19235948967638597,-0.24625425336085235,-0.25233446756289396,-0.23852608595175673,-0.17171544916287484,-0.19517726653332165,0.5946481364900509,0.17065240778076166,-0.1487859493660799,-0.04551793384280694,0.07794308664504458,0.0424674672680474,0.06120536461363147,-0.3643379100957056,-0.3512833794197101,0.28759333487397304,0.3322299165663923,-0.006964753882810445,-0.2291005586146993,-0.2888922535042912,-0.21189586338244787,-0.27016073121946943,-0.4347887065798596,0.2004175664799305,0.20279865167464878,0.025444461267521454,0.20514945533074613,0.12147518906039573,0.0842607718604818,0.22053247695017092,-0.15023149439393094,0.026912319008040544,0.08445839874411303,0.09222162898740129,0.0665540405931994,-0.23574177816382313,-0.08349417080381548,-0.3371594323008391,-0.35896692140346964
#102,0.22896508857350045,0.34085856130816244,0.14088406155121166,0.04863374479038003,0.09466008972898023,-0.10472949820302975,-0.1242865908565691,0.21974037565045543,0.3197682665412905,0.12955239104622715,0.2273776984436883,-0.10343695463347385,-0.06506068260963112,0.13503016200623164,0.5955597701790595,1.0,-0.059974977886507984,0.04680888364717226,0.1597239598689925,0.2371968857828176,0.38067400329909395,0.6069089721011404,0.20062156842432405,0.41131573285307876,0.18003809098805473,0.3206336810397724,0.051602929340420274,-0.00968212353273992,0.07237447106917738,-0.02939699894014615,-0.2659420347600188,-0.05189299460510483,-0.1054068484090239,0.03562383953972061,0.1899417478822845,0.01506904987688164,0.27709360979846837,0.029017682824789424,0.16046824821299077,0.20286877734303405,0.06810477412362836,-0.055939564423973416,0.3852847659954259,0.162003044091514,0.025833339974021628,0.21080413422690436,-0.18215461116113763,-0.2577134250810828,-0.1220760385372423,-0.0529002542055479,-0.09225987935197508,0.09333567085561284,0.0034425328116408607,0.12228641554239814,0.07194574823291285,0.18310927651029174,-0.16060371825418962,0.16928176971686762,-0.11059455410434381,0.011781112288726503,-0.13314951908135375,-0.22290240578855516,0.22340762935396727,0.20191570575907053,0.10821984397038785,-0.04491708436596036,-0.09192359489676385,0.18724031588426077,0.40171967264062985,0.34675868004366917,0.016536907617400728,0.056690227828733994,0.198063575293452,-0.0353560869877041,-0.18782363394401103,-0.23602706213293595,-0.15175832144650128,-0.11368964610443943,0.34812613057718206,0.29757827379292207,-0.203520627305979,0.14818191235885217,0.017628636772944243,-0.09848193865597782,-0.23961144004653795,-0.37191626357688723,-0.3039660846767446,0.3962992772274861,0.13141869008438986,0.17030815449959757,-0.25314569404489634,-0.276742981456542,-0.11627951453912296,-0.21598068356589023,-0.33600873383324437,0.04906406139183514,0.18410537975440078,-0.14636502004159727,0.06620341225127302,0.002532492887822837,0.04227462167998789,-0.13914366996310434,-0.13114296870642048,-0.1418610396130338,-0.10741180501876658,-0.2372415112081537,-0.03868865000119533,-0.15701296527982533,0.028515646789758466,-0.30874419271808684,-0.23418785710301301
#201,0.07046035907529744,0.345396010805728,0.5117595964586538,0.511005745523512,0.3456781072444597,0.2689191881360119,0.3011594641761429,0.11018176891998502,0.12033245941875384,0.312428977838695,0.011449609129087011,0.05784092629632876,-0.023925603040903985,-0.26226203093498235,0.38990827881328244,-0.059974977886507984,1.0,0.5518125094629808,0.22206727282869415,-0.15818438269489757,0.18120313334236468,-0.07244778426794381,0.4237821641737523,0.009315557538907792,0.28590713130234524,0.18310130768433885,0.2912382758648168,-0.19613830694323806,-0.06639466407414196,-0.2287005235518651,-0.033336786491246245,-0.14194710293332483,0.3381539417797576,-0.1230131724693001,-0.02370406967941413,-0.22756576273617607,0.053583979472304345,-0.04113986086429886,0.17733506522484044,0.026321032122337416,-0.07823952697049144,0.03431535831825897,-0.17702587477786896,-0.21652256373068557,-0.346894150084868,-0.1965032791718796,0.2822064085298313,-0.11996111212934998,0.029129246388129637,-0.2830670417327415,0.08708651754337034,-0.27372439018559397,0.18447513327861406,-0.0005163799217461292,0.36259114344683596,0.23084573149837834,-0.12013323876993202,-0.3187163815155113,-0.2286080851708118,-0.22647881487620428,0.013343002175489485,0.08205978213229845,0.24975734924973503,0.34912064005610055,0.2502418538676697,0.14767350126305892,-0.1104017085162843,-0.2550805249862538,0.4891584122911172,0.4873255823219565,0.4717799966530931,0.3478057837738766,0.22537114806875502,-0.16913036202376303,-0.0878626811911801,0.12553291523559834,0.010518850257791519,0.11260429200965821,0.30994589167178,-0.18637330762058826,-0.2565882268565372,-0.1344197499382416,-0.1966020926136952,-0.22211827331479253,0.13992939620205755,-0.1468256181816733,-0.10135868482496474,-0.03228330770027652,0.34267545362541735,-0.2546342707328929,-0.22951653132943922,-0.07409414370980723,-0.2652136840679263,-0.2327454996055431,-0.2929483859143032,0.49235391149821894,0.2591796890564113,0.35577301596155836,0.45337678999752967,-0.03399341774976293,0.06801074197738448,0.48562981615918527,0.22843595853022974,0.1980269186940688,0.12646686163727497,0.15602483086166916,0.01838726900365769,-0.02831801990612723,0.02721991568982142,-0.21762863677294425,-0.314312808293954
