,#10,#11,#12,#13,#17,#18,#26,#49,#50,#51,#52,#53,#54,#58,#101,#102,#201,#202,#301,#302,#401,#402,#501,#502,#601,#602,#701,#702,#801,#802,#901,#902,#1001,#1002,#1101,#1102,#1201,#1202,#1301,#1302,#1401,#1402,#1501,#1502,#1601,#1602,#1701,#1702,#1801,#1802,#1901,#1902,#2001,#2002,#2101,#2102,#2201,#2202,#2301,#2302,#2401,#2402,#2501,#2502,#2601,#2602,#2701,#2702,#2801,#2802,#2901,#2902,#3001,#3002,#3101,#3102,#3201,#3202,#3301,#3302,#3401,#3402,#3455,#3501,#3502,#3601,#3602,#3701,#3702,#3801,#3802,#3901,#3902,#4001,#4002,#4101,#4102,#4201,#4202,#4301,#4302,#4401,#4402,#4501,#4502,#4601,#4602,#4701,#4702,#4801,#4802
#10,1.0,0.2968515168660201,0.0020639259217939423,0.0010407286694451307,0.2590920319709297,-0.18321287124767907,-0.007369570241216362,0.4602188239606659,0.0919586577309565,0.205906493796269,0.2532253823044251,0.10741818007952889,-0.13710843181474072,0.14186900843898667,-0.07336738678290528,0.07229637657483923,0.10464662241311988,0.08468311963598403,-0.07439695909601639,0.06389723402051176,0.1960235558495167,0.17721393907035676,0.1830056817729044,0.16822669716070732,0.0018407987951135159,-0.006972722708763318,-0.13857947708564097,-0.07879096972643021,-0.04927443839699097,-0.24841858648965248,-0.18573580154435848,-0.06328682195252174,-0.17600108376032958,0.08729689454852617,-0.14900270143199804,-0.15682808851771868,-0.07548071942560702,0.1771549697583055,-0.06786889687542334,0.08834718580911474,0.06251065830471196,-0.13818581708356908,0.005807680354453378,-0.00399078803719848,-0.22517989624588608,-0.0008813521503876834,-0.16873192072611942,-0.19958880858083178,-0.19524579843651635,-0.10585310266238475,-0.05026576034552829,-0.10722055319589764,-0.004343010144315438,0.018745866171536948,-0.029060714484934934,-0.058260086541449846,-0.10949804365322857,0.07995123078516841,-0.2845492433599758,-0.042975878363840654,0.19501948377945477,-0.0429169090517894,-0.27733904963781686,-0.42335822263305944,-0.09134983942815705,-0.11686442636406379,-0.025635713090390394,-0.001102885511877535,0.005702491851875463,-0.12665173839938162,-0.27218162548111785,-0.08886834702643259,0.06070970363936281,0.002175489485134155,-0.031758958952577514,-0.14317748966044833,-0.07755102040816327,-0.2492664695710381,0.043038035206273056,0.0622779685868881,-0.13493612985998774,-0.21195802022488028,-0.07711911004151759,-0.07421845739467205,0.07729123668209963,0.28431974117253306,0.20381228633585413,0.10690498768816391,-0.1390018248611432,-0.07492449537409654,-0.2768625138458351,0.016892317254898835,0.027151383786626716,-0.0072006311310154674,0.08491102805823618,-0.03353441337487748,-0.1197730478368622,0.07998629361936106,-0.13872450971798325,-0.13068396433153504,-0.1504339025731339,0.13418706022041774,0.042459498442094526,0.04758185976460088,-0.1121994756512523,-0.03712357258405119,-0.16619145901234372,0.1476750950282495,0.1684036050968611,0.3953621432954283,0.05398560830032911
#11,0.2968515168660201,1.0,0.3692706133605336,0.18187729601797767,-0.02267290360111245,-0.25248906278637967,0.15852863597606165,0.3248268772561739,0.20835292336380082,0.3452206966347648,0.22007666010566662,-0.16966586712779605,-0.29146937181745014,-0.08465283809736311,-0.10257950896094478,-0.012922248165177824,0.2996772625489087,0.22876427415948808,-0.09310776243336069,-0.21588824518483693,-0.013889663635856529,-0.09619329184231287,0.18515248348460822,-0.1530317398337703,0.04604228259050594,-0.15544310656710947,0.17796779000549848,0.13018830335726636,-0.29108686817171225,-0.3449130999529839,0.17457307014957485,-0.11180740941437098,0.32460375012949344,-0.05731657754862976,-0.0978715265879878,-0.24430507853277977,-0.3074420865573875,-0.3248922216289874,-0.27268206775095827,-0.35046259034656424,-0.13826709910828838,0.0796468216337687,-0.030885575628142706,-0.40685319031947026,-0.1343193427312354,-0.389621401078979,0.08750408402330084,0.047597797416506625,0.1268031460924862,-0.015437209635904342,0.00125429320498211,-0.13764712444915492,0.15403899943421337,-0.015064268581309916,-0.03559037047071855,-0.10929722923921618,0.04220608977679319,-0.27259919196104837,0.04046251065830471,-0.09837356262301875,0.18887870650017133,0.21116751269035533,-0.16594283164261409,-0.16561451601335575,0.2648949310298114,0.27569269019595344,-0.08098717815904183,0.03570512156443991,-0.09380583158683231,-0.0955175354015093,-0.14825681932280918,0.10155153041302425,-0.1922574887041892,-0.18284152395827521,-0.08297141582130704,0.04142514483341169,0.13882651069018,0.2683167448939748,0.016235685996382154,-0.20376128584975575,0.00031078421216202215,-0.37965718110750746,-0.04754998446078939,-0.30429918160157465,-0.33862091498059593,-0.1815378240323853,-0.08074333208488393,-0.006156714931189188,-0.1283443170317717,-0.12921610659101596,-0.2330961279474695,-0.07398098638127645,-0.1648989154427878,-0.1121803504689654,-0.0861398210201691,0.4890994429790659,-0.13764712444915492,0.25390751380599097,0.3221700706834862,0.011715767915912948,0.24171361633290567,0.2615528054251767,0.24879949637019977,0.2858290368080071,0.2979910589772809,0.34419271808684426,0.415910557897505,0.2802253583979472,0.2602538867948585,0.2429870347201747,0.12048227334666783
#12,0.0020639259217939423,0.3692706133605336,1.0,0.48380336125078693,-0.05142124010869479,-0.06644088326466861,0.18127485277594052,0.3939357234498641,-0.1168819577811601,0.39367115842822875,0.18740925499446168,-0.4150483309294042,-0.39532070540047337,-0.005603678410059846,-0.15274645586465746,-0.02647562734582314,0.5331734255592123,0.7157280717831842,0.09631919929236825,-0.1778243511383468,-0.3110519647140387,0.028777024281012677,0.2743268334276311,-0.1348070348795512,-0.12681270868362965,0.01019850345448605,0.500571364820821,0.5268764592912526,-0.1933316864426364,-0.2877829929316514,0.5341966228115612,0.043852449218656615,0.5187275378718453,-0.10136346612053646,-0.34742646765851987,-0.21775932551857136,-0.4596689749699177,-0.3030895138219286,-0.016745690857365984,-0.15091681342587795,0.008021420204161321,0.16603367625847684,0.044195108734630124,-0.10287276175601048,-0.13805194080756084,-0.17433241160579813,0.3049319063822327,0.3548103817864514,0.37499860545545827,0.2411127668560591,0.2774075815410116,0.19995218704428278,0.5206193371530572,0.27278566248834557,-0.19208058076803544,0.0808644582393676,-0.16843069910510083,-0.24279737666249632,0.1474870307357617,0.24602475117340963,-0.10555188104136617,-0.08363920343615774,-0.04856680665237591,-0.02514642717688403,0.6468487277769366,0.32556479053940984,-0.026835818278892972,-0.12418618364956291,-0.05885456095753413,-0.05646391317167242,0.2881081210305286,0.2386535871670027,-0.341950290463706,-0.14887201268637093,-0.34436962602299803,-0.18297380646909292,-0.20546980213405158,0.06086111133246739,-0.09718302002565962,0.0782235893185857,-0.2844791176915905,-0.44429392217644575,-0.2241551052283467,-0.5450676951764697,-0.336129859987728,-0.35854297986277683,-0.4812453681199149,-0.14421662456470288,0.05104829905410036,-0.2143725744886006,-0.1003370813378065,-0.36822032209994504,-0.2790714723999713,-0.3102949262485158,-0.33638804994860105,0.4132967829849628,0.12353911498218967,0.5856274255113995,0.5233414880985584,0.027030257632143055,0.34521910286957425,0.681098741722382,0.2833220441632334,0.5731498378343919,0.5526715489007005,0.4502769167018623,0.45759389269178974,-0.057656049534222126,-0.10129493421734176,-0.1353568838702994,-0.02966156396178151
#13,0.0010407286694451307,0.18187729601797767,0.48380336125078693,1.0,0.14295914382933964,0.09804365322856984,0.3127429495812382,0.3258962936990493,-0.04142036353783997,0.5500848679963981,0.2874243957637721,-0.10454780897130425,-0.1043709010351505,0.24950553434962428,0.04481986468933532,-0.10520125269943979,0.37303189921028934,0.35327239837754704,0.022668122305540724,-0.18599239774004095,-0.10648901497342396,-0.06563921937380966,0.08995051359083266,-0.3234578329574704,-0.24025372741833945,-0.12102893480703487,0.24613312720636868,0.13832606842033962,-0.014257823394879233,-0.14627895672130625,0.2892604132633139,0.0383093338858386,0.22342037947549187,-0.03783917315461913,-0.10418443050785328,-0.15315445975344452,-0.07608316266764417,-0.08014726390360909,0.035139334921785975,-0.08124696188510547,0.033599757747691035,0.0018184860824454732,0.07714620404975735,-0.02925834136856617,-0.1352628517240555,-0.28150993314155026,0.06690466893512578,0.06249153312242507,0.018288455561842075,-0.006328841571771231,0.06182215174238379,0.021577986915187787,0.10437886986110337,-0.003617846982604053,-0.0017706731267282392,-0.0652057152419734,0.054137015993433686,-0.12279642040338197,0.020121285531002717,0.11258197929699018,-0.057072731474471866,-0.005447489421383548,0.028883806548781168,0.014874610523631553,0.2144395126266047,0.08393883129198575,0.12667883240762137,0.10028448708651755,-0.07328132346261425,-0.11934591876578823,0.16594123787742351,0.08686657794707106,-0.04310497334427719,0.023579755994549322,-0.061887496115197345,-0.013711161934512188,0.016267561300193644,0.21551052283467076,0.012885591565794611,-0.032869813290407925,-0.3116751269035533,-0.27078389340898407,-0.08989951310473428,-0.25876052881129025,0.004376479213317502,-0.05778355074946808,-0.12601582608834241,-0.016490688426874067,0.08185418642271435,-0.12578791766609027,-0.09782530739746113,-0.22726294734996694,-0.24663356947620907,-0.0561467538987481,-0.17948346070173482,0.2046139502267131,-0.010479006128027157,0.22592418458988436,0.1267346141892915,-0.16033755946736367,0.1985512674417678,0.32479022065679064,0.24794683199324244,0.27143414960673845,0.2064435926654926,0.08783877471332148,0.07618197610945979,-0.025718588880300264,-0.17510060642765501,-0.12805903306265887,-0.047250356604961394
#17,0.2590920319709297,-0.02267290360111245,-0.05142124010869479,0.14295914382933964,1.0,0.36128903728613665,0.01331272063686857,0.0070189418992899774,0.04057726175202608,0.2124552749643395,0.051464271768840296,0.37004358947796223,0.21228792961932919,0.04173911657595487,-0.07290678864282925,-0.01960968690482831,-0.05106742423638725,-0.08692235972874117,-0.10957613814756671,0.013889663635856529,-0.17070818956243178,-0.12194216226123405,-0.011189825403023372,-0.046606475467969304,-0.022362119388950427,-0.003179561555196073,-0.2511327686092008,-0.31795934304998846,0.09932982173736343,0.15076062443720167,-0.10880634956051925,0.11925666791511606,-0.19159288861971965,0.24669732008383205,-0.003499908358501542,0.0842480217389572,0.2643578321605878,0.2793726940209899,0.02866705448286304,0.09685470439640127,0.14651164643913012,-0.19405366207396665,0.2192989026926663,-0.006553562463642232,0.11408649363689248,-0.022636247001729237,0.136654208735427,0.1165010479006128,-0.38646255847126043,-0.29293722955796925,-0.10485540565308513,-0.0725099411103762,-0.261473117165648,-0.21966865621687956,-0.149740614715234,-0.12447784267943804,-0.07170827721951725,-0.06371076349321454,0.005004422698403844,0.089379945652607,0.11355098853285946,0.016944911506187793,0.012530181928296504,0.019545936297205333,-0.38413406752783114,-0.33406115277036236,-0.001922080819832814,0.1252986317525839,-0.10449362095482473,0.2199475651252301,-0.09869390942632422,0.010482193658408306,0.16427894078365435,0.09245591247041574,-0.05924025213365315,-0.045181649387595724,-0.013859382097235614,-0.07670473109196822,0.22704778904923936,0.12371602291834344,-0.17413797225254804,0.18252914598092262,0.06901481404744639,0.26848727776936626,0.36101331590816726,0.4840105507255616,0.29593350811624924,0.3145407167162062,-0.029943660400513192,0.12919538764353847,0.037726015826088345,0.2662799129804206,0.14385165233606134,0.2625823777382878,0.16019730813059313,-0.11019133151112846,0.11072205531958977,-0.04282765820111723,-0.21014272167281595,-0.15382862242905754,-0.15346524396560654,-0.03909506012479182,-0.036764975416171936,-0.23919706109698857,-0.24915171847731674,-0.21325056379443616,-0.20312856106909769,-0.017113850616388687,0.09154427878140714,0.3400345847046355,0.30742136760991
#18,-0.18321287124767907,-0.25248906278637967,-0.06644088326466861,0.09804365322856984,0.36128903728613665,1.0,0.07692307692307693,-0.5135844576018616,-0.13867510299707544,0.051464271768840296,-0.12001848767621066,0.37214576576432995,0.7363195180454064,-0.0706308919506889,-0.00250858640996422,-0.21214449075217748,0.11944313844241328,-0.08088039589127334,-0.25240618699646983,-0.23899305915259506,-0.23763038991465388,-0.08873765828080549,-0.004303166014551076,-0.07604809983345154,0.007970419718062938,0.4033261879527289,0.03812126959335081,-0.05016694690371268,0.3470248388304951,0.5704165305325566,0.06502243224505734,-0.043503414641920805,-0.16298002215333615,-0.07299285196312028,-0.04726948178724828,0.06624325638103738,0.13488194184350819,-0.0328650319948362,0.20265680657268764,-0.023858664902899857,0.0337830407446071,-0.3845213524691407,0.12401883830455258,0.10041358206695408,-0.012380368000382504,-0.04180286718357784,0.19147016870004543,0.15217907545681295,-0.14512985201890205,-0.11780793535688387,0.03987759883336388,0.18517001490170454,-0.1263473292479819,0.05909043820573915,0.08071783184183474,0.12583891815218864,0.03992381802389054,-0.14205229143590276,0.10533991027101977,0.09876403509470949,-0.22925834136856618,-0.322571699511511,-0.1446772227047789,0.007423758257695894,-0.11448174740415494,-0.2794762887583772,-0.29538684665588216,0.05379595024265075,-0.3070053948951701,-0.040656950011554796,0.48358182788929704,0.13743037238323677,0.25707273147447185,0.1580313812366024,-0.17306855580967256,-0.08634382296456262,-0.09814724796595718,-0.11590019842376623,0.3254309142634016,0.0457824988644423,0.01204408354517129,0.584055973033493,0.3255201651140737,0.5850361386256963,0.38541386097586244,0.42114288901816094,0.2269011626517065,0.2020798635736997,0.04758185976460088,0.0025038051143924963,0.161489851700149,0.16802747651188552,0.005374176222617121,0.3242865908565691,0.022443401413669725,-0.17043565571484354,0.18623783757938941,0.006049932663420699,-0.13266660822860968,-0.01891799281211899,0.13499828670242014,0.037631983679844445,-0.2095833100909243,-0.43855158619480594,-0.33577923164580165,-0.3956649586816374,-0.17514045055741936,-0.34644630206631655,-0.11726764895727912,-0.2590059686506387,0.029639251249113468
#26,-0.007369570241216362,0.15852863597606165,0.18127485277594052,0.3127429495812382,0.01331272063686857,0.07692307692307693,1.0,0.20435416650064947,0.25872068468152587,0.40834973583341966,0.2885177186845062,0.025476336571332945,0.011251982245455776,0.2633011658392369,0.2548414602076676,-0.08171074755556264,0.22621903115014064,0.14695790069249098,0.15245798436516347,-0.07426148905481755,0.08783080588736861,-0.1458884842496155,0.0952928145096383,-0.20701416060371824,-0.2789630963670123,-0.09892181784857637,-0.08163105929603391,-0.17034481109898078,-0.015854776115834853,-0.03657850488887472,-0.02178517638996247,0.2954075656033597,0.15811585079170287,0.22423479348787542,0.004634669174190567,0.19898317780841349,0.14992071018176892,0.0690020639259218,0.11921523002016113,-0.07914319183354716,0.12012845747436031,0.1259170126465268,0.02480695519129167,0.044721051247519704,-0.018769772649395566,-0.01991887735179976,-0.008015045143399024,0.012448899903577205,-0.026284375522954203,-0.11184725354413534,-0.16638749213078438,-0.11572169672242189,-0.056747603375594674,-0.11229510156268677,0.12700714803687974,-0.049521472001530016,0.05685279187817259,-0.0947429655188901,-0.07611025667588395,0.06254572113890461,-0.04184430507853278,0.003651316051606117,0.20943190239781972,0.1496226760911315,-0.10137462247687049,-0.05154396002836902,0.22199236586473714,-0.015030799512307852,0.1688020463945047,0.04172636645443027,0.04973503653706699,0.08187968666576353,0.14266907856465508,0.05784411382670991,0.07685613878507279,0.09385842583812128,0.03241240268071305,0.0486608387986198,0.16672696411637675,0.0771430165193762,-0.1466248037676609,-0.16595876929451983,-0.13160356684649652,-0.12662942568671356,0.06402632900094829,-0.0075544470033230005,-0.10641251424427639,0.2165895018686897,0.08967479221286329,-0.1829371498697097,0.05126823865039964,-0.061481085991600855,0.007447664735554511,-0.0774745196790157,-0.013545410354692443,0.09185028169799743,0.10657507829371499,0.07454039796316808,0.03608284391460606,-0.22199714716030888,-0.05237749922303947,0.15676274414490513,0.06531090374455131,0.19605543115332819,0.05019563467714302,-0.08294910310863901,-0.061285052873160197,-0.01965909362573612,-0.010225597462725817,-0.024853174381818326,0.03663906796611655
#49,0.4602188239606659,0.3248268772561739,0.3939357234498641,0.3258962936990493,0.0070189418992899774,-0.5135844576018616,0.20435416650064947,1.0,0.059597255536341834,0.4610539569205269,0.5981815139175545,-0.24584146817649355,-0.6073424762329765,0.35810788196575,-0.043033253910701334,-0.007557634533704149,0.11561810198503454,0.4208831052920973,0.17700834336077265,0.053496322386822746,0.09384726948178725,0.031476862513845835,0.10164556255926814,-0.06855899720294209,-0.051225206990254124,-0.27704579684275116,0.0762058825873184,0.12472168875359593,-0.1030592322833077,-0.45247950019523625,0.07198240483229605,0.19773207213381253,0.2107706651579023,0.16897417303508674,-0.04476089537728407,-0.06691582529145981,-0.12240276040131008,0.12486672138593821,-0.015990246157033684,0.08238969152674737,0.0502338850417168,0.26397373474965935,-0.06365179418116329,0.0001641578146291707,-0.17934480313015483,-0.10075624158292759,-0.04066970013307939,0.018278892970698627,0.04812852122496793,0.0023253034130481555,-0.1718859820382663,-0.14886563762560862,0.16316489891544278,-0.07715736040609138,-0.12600785726238953,-0.26018535489166383,0.0023986166118145813,0.10127899656543601,-0.29252763190399156,0.000613599598371172,0.2924033182191268,0.20852664376957342,0.12362836583286184,-0.01001681422276056,0.20099132194853733,0.07267091139462423,0.3356421678394122,0.03811648829777909,0.16592051892994605,0.10252532094446525,-0.11409286869765478,0.11902716572767334,0.008775271139303046,-0.03939787551100096,0.11681820717353712,-0.019400903664863054,0.060148698292280596,0.031084796276964515,-0.09836878132744703,0.14734837316418173,-0.45905218784116536,-0.7410083752360764,-0.4208066045629497,-0.6033054690052515,-0.19582592896588547,-0.14345002350803657,-0.23668050586107148,-0.06826893193825753,0.06038776307086677,-0.23379738463132227,-0.34475372343392646,-0.45875734128090906,-0.35114950314370186,-0.4505606069057846,-0.34305955103634583,0.2248483930862466,0.002148395476894389,0.2138482257409016,0.04730295085625035,-0.3205763054929117,-0.23318537879814166,0.3830742136760991,0.4346771430165194,0.6386312744543347,0.2683087760680219,0.24544143311365937,-0.015894620245599216,0.3520324490592801,0.0677716771987983,0.2840456135597542,-0.17642183777064124
#50,0.0919586577309565,0.20835292336380082,-0.1168819577811601,-0.04142036353783997,0.04057726175202608,-0.13867510299707544,0.25872068468152587,0.059597255536341834,1.0,0.08764114782969025,0.006067464080517017,0.17996637155447887,-0.02921212217803951,0.04166102208161671,0.062029341217158473,-0.08735267633019628,-0.08411414546294894,-0.06234490672489222,0.012732590107499463,-0.09691367370845254,0.023544693160356685,-0.15539848114177338,-0.05760345528293317,-0.04923937556279833,0.12588832487309645,-0.16292583413685663,-0.12013164500474145,-0.23122345384854448,-0.1754942664297269,-0.2139295077656209,-0.013421096669827635,-0.023305628381770513,0.07689438914964658,-0.022365306919331574,0.04285475220935699,-0.24309541075313373,-0.024645984907043644,-0.12457506235606308,-0.24079082628756304,-0.3747324466686323,-0.041790117062053246,-0.040951796571811076,0.005272175250420356,-0.22086398010981043,0.026964913259329502,-0.20588577484879153,0.049693598642112057,-0.06457299046131533,-0.0836487660273012,-0.1973957876786013,-0.23108798380734566,-0.2827419136338643,-0.23289212600307596,-0.13463490823896915,0.09096255448684745,0.018369737586561373,-0.02001928455880595,-0.2151965510921276,-0.11866219349903179,-0.27170349592394555,0.13007195849835443,0.3095952633298536,0.08731123843524134,0.1207787136721147,-0.1933683430420196,-0.14140841029891066,-0.040513511144403096,0.08388145574512507,-0.019346715648383524,-0.048730964467005075,-0.1876993202591462,-0.02106320075863223,-0.011159543864402457,0.1539433735227789,0.23963056522882484,0.3662488345592044,0.21941843508195938,0.2147853596729594,0.047333232394871264,-0.15027452605407646,0.38460104072866946,-0.06310353895560566,0.11368167727848656,0.08404083226418252,-0.13078915283411294,-0.04772689239694316,0.039058403525408604,0.2271019770657189,0.049225031676083164,0.16746806492999386,0.0633139159607615,0.17719800141845102,-0.03694507088270685,-0.23235980842942408,-0.19668018710803337,0.2592290957773191,-0.17947071058021022,0.007132099227820765,0.08887950338276662,-0.006704970156746807,0.09984938918949071,-0.10715361505789352,-0.04717226211062324,-0.0181306728079752,0.11249272844631801,0.008952179075456814,0.10643004566137271,0.18742519264636742,0.2754360940002709,0.15613958195539052,-0.19119922861764777
#51,0.205906493796269,0.3452206966347648,0.39367115842822875,0.5500848679963981,0.2124552749643395,0.051464271768840296,0.40834973583341966,0.4610539569205269,0.08764114782969025,1.0,0.5447027229478281,0.14794444134545656,-0.06243256381037382,0.5061702619353091,-0.012687964682163377,-0.16835419837595328,0.21128863884483898,0.2705639538126848,-0.003348500665396967,-0.19116416578345513,-0.13029667939022543,-0.20998175138856792,0.08193706221262421,-0.2744575221732582,-0.09189012582776179,-0.14219413653786386,0.08830415414896924,-0.006850002789089083,-0.005496896142291356,-0.14436643849261688,0.1083473451856338,0.12392639992349927,0.1689948919825642,0.08247256731665724,-0.02591302823355035,-0.0330212209835125,0.06184127692467069,0.01619902939699894,0.04104104742248325,-0.2195857804269697,0.08683629640845014,-0.11540613121468814,0.1273529950832344,-0.14120440835451714,-0.13675939723800493,-0.20542198917833435,0.05374494975655237,0.08212990780068373,0.025850871391117948,-0.08441855461434866,-0.06276087943963216,0.006991847891050212,0.03421813864163393,-0.12374152316139263,-0.028008829459155782,-0.30397405350269746,0.0705751101690188,-0.15242132776578027,-0.06205643522539824,0.12426268437871048,0.10510881431838648,0.13165297356740432,0.08235462869255472,0.05201412075958849,0.0034919395325486696,-0.18056084597056316,0.25614356636836694,0.26153208647769927,-0.16494672839850505,-0.06648710245519528,0.048029707783152305,0.16143885121405063,0.10019523623584538,-0.1165950800468567,-0.014388512140506338,-0.04787033126409486,0.07423280128138722,0.16301189745714764,0.27273625576743776,0.10614954298783161,-0.3341519973862251,-0.3578895361346413,-0.2908047717329806,-0.17841245049366877,0.048560431591613606,0.10696555076540573,-0.020151567069623632,0.10821984397038785,0.10256835260461077,-0.22157639314999722,-0.09958641793304593,-0.1342125604634669,-0.16372749802771558,-0.049134187060220415,-0.1386400401628828,0.13442134370343217,-0.0548542103291922,0.15074787431567707,0.009017523448270367,-0.19952027667763708,-0.019223995728709288,0.3501167433002096,0.2837842360685,0.2648805871430962,0.11283220043191036,0.013459347034401421,-0.010566663213508755,0.11638948433727259,0.2356557148435321,0.19408394361258755,0.03750766999497964
#52,0.2532253823044251,0.22007666010566662,0.18740925499446168,0.2874243957637721,0.051464271768840296,-0.12001848767621066,0.2885177186845062,0.5981815139175545,0.006067464080517017,0.5447027229478281,1.0,0.018975368358979672,-0.1391277323111986,0.3624907362398298,0.053526603925443665,-0.0722358134975974,0.04424292169034736,0.18868267338173067,0.0005769429989879591,-0.04357513407549666,0.047714142275418564,-0.05746798524173433,0.06762505080126545,-0.008660520045581684,-0.07053845356963559,-0.09289101036744256,-0.16450525544071593,-0.10067177202782714,0.0945501199308306,-0.1781733857150826,-0.09075536501207278,0.06834065137183339,0.04219333965526859,0.09970276279195786,-0.01130298273155416,0.031001920487054642,0.0031174047127636687,0.12324108089155225,-0.054777709600044626,-0.057249639410625636,0.020929324482623975,0.09413892851166238,-0.169857118950665,-0.12722549386798843,-0.08066045629497406,0.07005873024727267,-0.20879758385197109,-0.2015172644614269,-0.14055415215676276,0.013185219421622612,-0.25436173688530467,-0.016179904214712045,-0.05144674035174398,-0.04103945365729267,-0.024338388225262773,-0.28844599925093034,0.06107148833762322,0.13080668425120928,-0.35065065463905204,0.032028305269784604,0.30892588194981235,0.12508187968666576,0.10606029213715944,0.055442309684514184,-0.03184183474248739,-0.09901584999482026,0.274817713106328,0.12114527966594682,0.17389412617839015,0.07425033269848354,-0.02328331566910247,0.02228561865980285,0.26439608252516156,0.07577237845548215,0.11135478010024782,-0.02265218465363498,0.1799839029715752,0.06876140538214505,0.1295858601152292,0.16700746678991785,-0.3151431599582434,-0.3583581031006702,-0.35508291563403965,-0.2842033963136211,0.028383364278940785,0.08401533202113333,0.015626867693582704,0.04614268979751213,0.25800986540652965,-0.2893560391747484,-0.17056634446047064,-0.1855094868872969,-0.09432221150857845,-0.2503279171879607,-0.22975878363840654,0.12184813011499016,-0.16197276255289308,0.05856927698842129,-0.07327972969742368,-0.2804373291682936,-0.16215923308019028,0.24015969527209557,0.351987823633944,0.2542485795567739,0.05444301891002399,0.007230912669636383,-0.09566734932942329,0.26455386527902847,-0.007852481093960428,0.23158842607718605,-0.14564782570583876
#53,0.10741818007952889,-0.16966586712779605,-0.4150483309294042,-0.10454780897130425,0.37004358947796223,0.37214576576432995,0.025476336571332945,-0.24584146817649355,0.17996637155447887,0.14794444134545656,0.018975368358979672,1.0,0.6419064619209652,0.23187530381148946,0.013642630031317486,-0.2119436763381651,-0.27802118113938273,-0.45741539099044537,-0.2330515025221334,-0.14475053590354534,0.033857947708564096,-0.20705081720310148,-0.0021021762863677293,0.031108702754823133,0.16863629481468495,0.07158396353465243,-0.28355951517662903,-0.4795910398520986,0.225199021428173,0.2728398505048251,-0.2143534493063137,-0.020470320107738527,-0.368295229063902,0.09597494601120417,0.11750193244029357,0.09483859143032457,0.2838001737204058,0.2068308776068022,0.1871701902158755,-0.0026870881113085607,0.060937612061614965,-0.28942457107794306,0.04052466750073712,0.06568703232952688,-0.011589860465857565,0.12379571117787216,-0.05634916207795106,-0.1564583349935054,-0.39552789487524803,-0.3722493605017173,-0.2671118584099005,-0.15674999402338052,-0.36527982532333514,-0.2532492887822837,0.12145925140848998,-0.1428093299014256,0.11080493110949964,-0.04106973519591359,-0.06266684729338827,-0.07899337790563317,0.14517288367904757,0.12366661619743563,-0.011267919897361521,0.08428467833834041,-0.5435058052897067,-0.5782259799663716,-0.01271027739483142,0.16715090565706955,-0.255064587334348,-0.03497995840272852,-0.0676346133924089,-0.06388607766417774,0.46810158659324724,0.09628573022336619,0.12211110137143495,0.0735156069456287,0.17659715194160444,-0.02820805010797759,0.3604857796300871,-0.05880356047143574,0.2032082493286264,0.4426491564997729,0.2628086923953494,0.664330738152348,0.47434755237510856,0.6462080341703257,0.5677007546478178,0.1537871845341026,0.04328188128043096,0.27920694244117017,0.1334507407023723,0.4755588139199452,0.13941620381069256,0.3931324657938146,0.16368606013276063,-0.2948385914303246,-0.1311732502450414,-0.32624851580616626,-0.4017164851102487,-0.14489078724031587,-0.28074970714564623,-0.19618452613376472,-0.02646447098948912,-0.48585613081624685,-0.473147447186606,-0.5067121421001044,-0.4342547952410171,-0.0028751524037963485,0.0748575572360924,0.23709488481062085,0.07599231805178143
#54,-0.13710843181474072,-0.29146937181745014,-0.39532070540047337,-0.1043709010351505,0.21228792961932919,0.7363195180454064,0.011251982245455776,-0.6073424762329765,-0.02921212217803951,-0.06243256381037382,-0.1391277323111986,0.6419064619209652,1.0,-0.029758783638406554,-0.044373610435974466,-0.29432858656934074,-0.15353218210361066,-0.44410426411876736,-0.3622596402871965,-0.19053781606355935,-0.0513702396225964,-0.11662058028990589,-0.07820446413629879,0.02147279841260987,0.03016359999681247,0.3364757070340827,-0.2083847986676123,-0.32347855190494784,0.41322665731657754,0.6196511247997832,-0.16299277227486075,-0.11252460375012949,-0.43788857987552693,-0.07871128146690148,-0.014692921291906063,0.11347448780371187,0.274581835858123,0.11302663978516045,0.2065312497509742,-0.006110495740662528,0.01786770155153041,-0.44997569508084373,-0.034637298886755014,0.14704077648240085,0.18783479030034506,0.13219804126258078,-0.05082039063184821,-0.10241216361593447,-0.30257154013499193,-0.20562917865310903,-0.05568137446310035,0.11234769581397573,-0.32365227231072047,-0.038307740120648026,0.18114416403031341,0.03138601789798309,0.1732789328148284,0.013634661205364614,0.014155822422682466,0.012547713345392824,-0.12672345783295746,-0.18395715959167735,-0.05780586346213612,0.08246778602108551,-0.4180318593661596,-0.47959422738247975,-0.17074484616181498,0.15845691654248578,-0.29065655157025716,-0.0942935237351481,0.33651395739865647,0.015787837977830725,0.4500776960530405,0.2857573173744312,0.049950194837794545,0.06125955263011101,0.11695845851030767,-0.08160555905298472,0.3791949892022408,0.012506275450437887,0.17439138091784936,0.7167114249057687,0.41171576791591297,0.841015547179434,0.5434946489333726,0.6029994660886612,0.4854927523527959,0.16790475659221127,0.029626501127588873,0.179883495764569,0.23841930368398823,0.41488895441034673,0.1832049024217262,0.43213190000717194,0.1483428826431002,-0.32170309748264786,0.050885735004661765,-0.31684051988620515,-0.3767804349385205,-0.02488345592043924,-0.010099690012670434,-0.24510036736287644,-0.22371044474017643,-0.7082835945780108,-0.5839125341663413,-0.612989186303182,-0.40290065264684555,-0.26941325534509003,-0.07022448182709241,-0.15519607296257043,0.027784108567284783
#58,0.14186900843898667,-0.08465283809736311,-0.005603678410059846,0.24950553434962428,0.04173911657595487,-0.0706308919506889,0.2633011658392369,0.35810788196575,0.04166102208161671,0.5061702619353091,0.3624907362398298,0.23187530381148946,-0.029758783638406554,1.0,0.009997689040473667,-0.1516387890572082,-0.1279395006733658,0.07140546183330809,0.075169935213445,-0.008952179075456814,-0.12279960793376311,-0.16938377068906438,-0.10262413438628087,-0.3386496027540262,-0.11457737331558941,-0.19345600012750122,0.015794213038593023,-0.08094892779446804,0.2538804197977512,0.13406274653555292,-0.16134322530261616,0.33955008008670085,-0.030155631170859596,0.306297763150555,0.25780586346213613,0.23750129493421734,0.2877367737411247,0.3724995816366375,0.20880077138235223,0.054345799233398946,0.21662297093769176,0.10582600865414499,0.12276932639514221,0.1875000996103244,-0.08044211046386536,-0.04336953836591255,-0.03204424292169035,0.052565563515527255,-0.02123692116440485,-0.1022719122791639,-0.10903744551315254,-0.05662010216034872,-0.0660233167847381,-0.20540127023085689,-0.029798627768170917,-0.2303245702810605,-0.09561316131294377,-0.047835268429902225,-0.06979097769525616,0.08582903680800708,0.0346819243120911,0.01577827538668728,0.24501271027739482,0.20419478998159202,-0.15483906955988175,-0.3223071344898756,0.6037437544326595,0.39546573803281565,-0.03815633242754345,0.13622229836878133,0.0868139836957821,0.23660719266230507,0.11083361888292997,-0.00569452302592259,0.06016304217899577,-0.12355186510371427,-0.11267601144323407,-0.18166532524763127,0.2905593318936321,0.26686482480536144,-0.227757014559045,-0.13991823984572352,-0.16368606013276063,-0.041090454143391054,0.32744702722947827,0.24409470152762394,0.07276175601048697,0.13264270175075107,0.2521591533919308,-0.0011076668074492585,0.2153718652630908,-0.0750328714070556,-0.11018973774593789,-0.022875311780315405,0.018495645036616756,-0.18652152778331169,0.09251488178246699,-0.19480751300910837,-0.3339177139032106,-0.308758536604802,-0.2775924583031182,0.07462805504864968,0.24073504450589295,0.10026695566942122,-0.08041979775119731,-0.12746933994214632,-0.33656017658918314,-0.010859916008574456,0.07568312760480998,0.18697256333224427,0.018291643092223222
#101,-0.07336738678290528,-0.10257950896094478,-0.15274645586465746,0.04481986468933532,-0.07290678864282925,-0.00250858640996422,0.2548414602076676,-0.043033253910701334,0.062029341217158473,-0.012687964682163377,0.053526603925443665,0.013642630031317486,-0.044373610435974466,0.009997689040473667,1.0,0.5124369466646479,0.02507152021292703,-0.07024838830495103,0.49681326650144636,0.07747930097458741,0.489080317796779,0.2863756982683741,0.1876945389635745,-0.13469069002063927,0.042287371801512486,-0.21492401724453936,-0.1621847333232395,-0.26956625680338514,0.1273705265003307,-0.15222688841253018,-0.045356963558558915,0.06719792173019148,-0.10045023866633729,0.030381945827921173,0.2195299986452996,0.15233207691510808,0.4114575779550399,-0.04294081552964802,0.19587214815641213,-0.051225206990254124,0.01821514236307565,0.03881136992086956,0.30800468566966027,-0.0034026886818764993,-0.08390695598817426,-0.06009610404099164,-0.22471451681023835,-0.31904629090996023,-0.19826917100303612,-0.16459131876100694,-0.30802859214751893,-0.2740128616850879,-0.08755827203978038,-0.03596649905569412,0.4657922208321048,0.36136235048490306,-0.06884906246762665,-0.1993943692275817,-0.09054020671134522,-0.3183195339830583,-0.4463976922280041,-0.3269210847165887,-0.14827594450509607,-0.16210185753332962,-0.11852672345783295,0.048152427702826545,-0.10427846265409717,-0.20108854162516238,0.4895903226577628,-0.12367299125819793,-0.10904700810429599,-0.24599446963478871,0.0905912071974436,-0.005669022782873399,0.10484424929675111,-0.018409581716325733,-0.026875662408657332,-0.09298185498330531,0.05876849763724311,-0.09553984811417734,0.12182900493270327,-0.04363410338754791,-0.06695407565603359,-0.09440827482886946,-0.11511447218481301,-0.19209173712436947,-0.3168755827203978,0.1857772394393134,0.01706444389548088,-0.19896086509574545,-0.02341559817992015,-0.10551363067679238,-0.06534596657874395,-0.03206336810397724,0.02517511495031437,-0.2163950625154396,-0.19546255050243447,0.004937484560399716,-0.10121046466224132,-0.09675589095458566,-0.2431735052474719,-0.17652702627321917,-0.209202400210377,-0.12877144610284566,-0.06875662408657332,-0.2178932017945796,-0.0876634605423583,-0.3728804915171848,-0.22928224784642479,-0.23931818725147225,0.007581541011562766
#102,0.07229637657483923,-0.012922248165177824,-0.02647562734582314,-0.10520125269943979,-0.01960968690482831,-0.21214449075217748,-0.08171074755556264,-0.007557634533704149,-0.08735267633019628,-0.16835419837595328,-0.0722358134975974,-0.2119436763381651,-0.29432858656934074,-0.1516387890572082,0.5124369466646479,1.0,0.016009371339320577,0.1770625313772522,0.4681446182533927,0.5360103275984349,0.24505096064196863,0.6079831698395876,0.2140777279283443,0.2948290288391811,-0.02774107690713927,0.0861206958378822,-0.08294910310863901,0.09449274438396991,-0.05710938807385508,-0.1303062419813689,0.008069233159878555,0.032517591183290964,-0.05169058642590187,0.13366908653348103,0.05406210902947669,0.05052395030640136,-0.008330610651132768,0.16596195682490097,-0.009710811306170263,0.35455856688634063,0.04392735618261361,0.26534915410912513,0.09569284957247248,0.08742439576377212,-0.0042186964594506295,0.20468088836471723,-0.08432611623329535,-0.07672226250906454,-0.1130234522547793,0.039496688952816585,-0.09939357234498641,-0.15131206719314044,0.04967766099020631,0.0917275617783232,-0.08218728334754441,0.2851229988285826,-0.45611328482974606,0.040307915434818986,-0.0741084875965224,-0.26973041461801434,-0.2331598785550925,-0.3151575038449585,-0.210475818597646,-0.146894150084868,0.11022958187570225,0.2915570289029317,-0.10563953812684777,-0.3388838862370407,0.5281307524962348,0.16418968993298216,-0.28004845046179344,-0.14643036441441082,-0.28014885766879966,-0.24333925682729163,-0.3426228593741284,-0.3733044330578776,-0.3665628063017476,-0.33911020089410226,0.05258628246300472,0.27839730972435833,-0.032144650128696536,-0.13822406744814286,-0.23369697742431608,-0.283612109427918,-0.15444381579261926,-0.2797105722413917,-0.3627170508968914,0.036049374845604,0.02809329901425623,-0.19114663436635881,-0.016567189156021643,-0.12915873104415526,-0.005391707639713441,-0.05015738431256923,0.1891735530604276,-0.14679214911267122,-0.03263074851182175,0.04953422212305461,-0.08021898333718493,0.015561523320769152,-0.2835627027070102,-0.1489867637800923,-0.263806389404649,-0.02945437448700683,0.005785367641785335,0.010851947182621585,-0.002279084222521496,-0.3123572584051192,-0.10972913960586186,0.0971654886085633,0.2229008120233646
#201,0.10464662241311988,0.2996772625489087,0.5331734255592123,0.37303189921028934,-0.05106742423638725,0.11944313844241328,0.22621903115014064,0.11561810198503454,-0.08411414546294894,0.21128863884483898,0.04424292169034736,-0.27802118113938273,-0.15353218210361066,-0.1279395006733658,0.02507152021292703,0.016009371339320577,1.0,0.5779980715441194,-0.001099697981496386,-0.3523065766720589,-0.010228784993106966,0.17789447680673207,0.5115747196965471,0.043273912454478085,-0.2773661436460566,0.09952585485580409,0.43775151606913754,0.4029835284367554,-0.13556407334507406,-0.16373387308847787,0.2594155663046163,-0.13324514499278822,0.37744662878818064,-0.252581501167433,-0.3736582489301851,-0.2607033285786005,-0.3561459570161528,-0.33698889942544763,0.013604379666743698,-0.12042171026942601,-0.06696841954274876,-0.1212090302735698,0.114814844328985,-0.13151272223063376,-0.16001561889886762,-0.19545776920686275,0.3168022695216314,0.2886611575516579,0.15393221716644487,0.2805186111930129,0.28948991545075664,0.19184948481540215,0.40973631154921947,0.3791137071775215,-0.028357864035891592,0.21237080540923906,-0.10401389763246181,-0.26045310744368033,0.0860585389954498,0.06659547848815434,-0.28410139534142437,-0.3344643753635777,-0.3180103435360868,-0.3271728996166995,0.4143295428284551,0.19216505032313588,-0.1924774283004885,-0.2082859852257967,-0.005710460677828336,-0.18767860131166875,0.17821960490560926,0.011653611073480544,-0.24507964841539895,-0.07894875248029708,-0.3778992581023038,-0.33524691407214974,-0.26055829594625823,-0.06670704205149455,0.03160755125947294,0.014995736678115214,-0.24789105021157232,-0.1789224553546526,-0.10582600865414499,-0.29109324323247454,-0.24450589294679215,-0.17129788268294432,-0.29091314776593963,0.003079154348189881,0.015100925180693128,-0.22589230928607287,-0.16102447226450128,-0.2978428388145575,-0.26491883750767,-0.04804723920024863,-0.07734542469857916,0.40310465459123906,0.056460725641291266,0.5601813704786873,0.40368000382503644,0.012684777151782229,0.2932177322315103,0.49949876084756434,0.1663301165839237,0.28563619121994754,0.3120082238283834,0.25545027851046703,0.24642319247105324,-0.2849397158316665,-0.21957621783582626,-0.24791655045462152,-0.06311150778155854
