,#10,#11,#12,#13,#17,#18,#26,#49,#50,#51,#52,#53,#54,#58,#101,#102,#201,#202,#301,#302,#401,#402,#501,#502,#601,#602,#701,#702,#801,#802,#901,#902,#1001,#1002,#1101,#1102,#1201,#1202,#1301,#1302,#1401,#1402,#1501,#1502,#1601,#1602,#1701,#1702,#1801,#1802,#1901,#1902,#2001,#2002,#2101,#2102,#2201,#2202,#2301,#2302,#2401,#2402,#2501,#2502,#2601,#2602,#2701,#2702,#2801,#2802,#2901,#2902,#3001,#3002,#3101,#3102,#3201,#3202,#3301,#3302,#3401,#3402,#3455,#3501,#3502,#3601,#3602,#3701,#3702,#3801,#3802,#3901,#3902,#4001,#4002,#4101,#4102,#4201,#4202,#4301,#4302,#4401,#4402,#4501,#4502,#4601,#4602,#4701,#4702,#4801,#4802
#10,1.0,0.24280056419287746,0.19079600602443242,0.3213460940799592,0.3243614978205261,0.12792196925626947,0.00829873534732128,0.5523448270366327,0.07874793806628469,0.18558598761644446,0.18955446294097492,0.16041565396170182,-0.042864314800500444,-0.00918646255847126,0.0199475651252301,0.06404386041804461,0.17438022456151536,0.15444062826223812,0.10353258054490831,0.12179712962889178,0.0512395508769693,0.09578050665795408,0.10672329845643841,0.12345942672266096,0.005450676951764696,0.03548040067256891,0.02156523679366319,0.041941524755157826,-0.024046729195387643,0.18541386097586243,0.028812087115205318,0.22566918215939247,-0.003978037915673884,0.21592808931460128,0.02299803169998964,0.17379531273657453,0.10617026193530907,-0.05017332196447497,0.033861135238945246,-0.02798970427686889,0.03291922001131573,0.124230809074899,-0.042368653826231784,0.13378702515758353,-0.07476830638542023,0.07329407358413885,-0.003614659452222904,-0.001834423734351218,-0.19059359784522947,-0.12924957566001802,-0.18177848257616205,-0.06533959151798166,-0.015094550119930831,-0.034637298886755014,-0.049540597183816905,0.020357162779207738,-0.19511351592569867,-0.1932009976970093,-0.07940616308999195,-0.06654607176724653,-0.08248531743818183,-0.14531154125062754,-0.1235996780594315,-0.017655730781184008,0.26221262421407454,0.24965534827753827,-0.09705233128003252,-0.1111635282773789,-0.058370056339599484,-4.143789495493629e-05,0.16030090286798046,0.12292870291419965,-0.07337694937404872,-0.06582728366629745,-0.31961845261337646,-0.21975631330236117,-0.23271999936249393,-0.19898317780841349,0.0860585389954498,0.09241128704507964,-0.1775310983432811,0.07841484114145462,-0.023611631298360813,0.09462024559921586,0.15520882308409503,0.09722605168580513,-0.07875431312704699,0.040516698674784246,0.11742224418076484,-0.08249169249894413,0.05624078604499199,0.04520874339583549,0.057735737793750845,-0.19259696068978158,-0.01437098072341002,0.16580098654065298,0.1477611583485405,0.11211978739172358,0.07623616412593932,0.010024783048713433,-0.031706364701288556,0.06336810397724103,0.2047510140331025,0.014055415215676274,-0.133732837141104,-0.040110288551187756,0.031095952633298535,-0.06865302934918599,0.003354875726159265,-0.19634709018320332,-0.1969654710771462
#11,0.24280056419287746,1.0,0.013398783957159592,0.06422236211938895,0.0030233725665197745,-0.01562846145877328,0.007924200527536278,0.13753396712062413,0.33564694913498394,0.2989696308042936,0.25612125365569893,-0.040894421024950396,0.13185060045103555,0.05421351672258126,0.2501701344340938,0.1517264461426898,0.12162819051869088,0.0497095362940178,0.09411024073823204,0.12902166723776587,0.13685821067982054,0.12972611145199978,0.050739108607128915,-0.020849636223095252,-0.03594418634302608,0.091776968499231,-0.08507359210767478,-0.10383858346149862,0.060147104527090024,0.07039979599805561,-0.05093036042999785,-0.011086230665636031,-0.028710086143008552,0.09126377610786603,-0.055440715919323605,0.16939173951501726,-0.055158619480591926,0.013481659747069464,-0.031362111420124475,-0.20504267306297763,-0.008268453808700364,0.16165560327996875,0.009739499079600603,0.1499717106678673,-0.06174246348285507,0.17838695025061957,-0.16221660862705098,-0.2384224912143694,-0.3277896867454518,-0.3227677326299516,-0.029812971654886087,-0.0886181258915124,-0.1481181617512292,-0.15650774171441323,-0.09819346715648383,-0.10492393755627984,-0.06588147168277697,-0.07551737602499024,-0.13969670648423368,-0.2197053128162628,-0.16459131876100694,-0.22485954944258063,0.18785550924782252,0.4333495366127708,0.06249153312242507,0.09889950513590832,0.29821259233877073,0.43282996916064354,0.059477723147048744,0.16472997633258693,0.1593876754137813,0.20699662918662193,0.0026886818764991355,-0.10594394727824749,-0.12359489676385978,-0.14822335025380712,-0.16206998222951813,-0.234251607710636,0.3278566248834559,-0.04814286511168309,0.07954163313119078,-0.005718429503781208,-0.062007028504490434,0.07799727466152412,-0.15774290973710844,-0.11827809608810334,-0.10799034178294512,0.09159049797193379,0.14674114862657284,0.011368327104367713,0.04537449497565524,0.004366916622174055,-0.006145558574855167,-0.12216210185753333,-0.07205890556144363,-0.01773063774514101,0.022985281578465046,-0.015000517973686936,-0.10547059901664688,0.01098901098901099,-0.11986707998310608,-0.017158476041724772,0.06306210106065073,-0.10226394345321103,-0.08748017754544223,-0.09366079895449003,-0.09393970786284057,-0.17703543736901242,-0.0927077273705265,-0.17856226442158277,-0.18647371482759445
#12,0.19079600602443242,0.013398783957159592,1.0,0.49117452525719385,0.09814087290519488,0.21049972507550463,-0.059740694403493534,0.140837842360685,0.22224736829522906,0.29010192128393725,0.22405788555172165,-0.01706763142586203,0.08843006159902461,-0.08907872403158842,-0.0470814174947605,-0.007442883439982787,0.37962530580369597,0.5987983010463068,-0.2641299237383356,-0.30610651132768607,-0.16059574942823673,-0.18669684195427488,0.44561037222386024,0.11349520675118935,0.20257711831315892,0.10193084652838097,0.19818788897831682,-0.016482719600921195,0.2949740614715234,0.2589916247639235,0.2438906995832304,0.03921140498370375,0.42851564678975845,0.10903585174796197,-0.013051343145614357,-0.13409621560455498,-0.046609662998350454,-0.26192255894939,0.418243830136506,0.18100550645873342,-0.1468240244164827,-0.01612093490266079,0.07426627035038928,-0.10264485333375833,-0.08740048928591351,-0.08646494911904629,-0.022091179306552765,-0.013977320721338126,0.13907513805990962,0.2807576759715991,0.2736383268653029,0.3322633856353943,0.43635856529257544,0.42414076134163153,0.2025532118353003,0.19597255536341832,-0.23511702220911793,-0.41278199682840727,-0.10883025603837787,0.08348460821267202,0.3166811433671477,0.21548183506124044,-0.35957095841069736,-0.025093832925595073,0.1147845627903641,-0.04894771653292321,-0.18982540302337256,-0.15212169990995228,-0.07452605407645292,-0.13527719561077067,0.2967511096590139,0.1794165225637307,-0.06844105857883959,0.1406194965295763,-0.2713146172174454,-0.10108136968180478,-0.11511765971519416,0.05929284638494211,0.20122082413598005,0.11686442636406379,-0.2004940672090781,0.0382280518611193,0.1334778347106121,-0.13591470168700046,0.06804899234195826,0.0020320506179824526,0.15923467395548613,-0.1829754002342835,-0.10165990644598331,0.1384966012957311,-0.08323757460813298,-0.05719863892452725,0.006134402218521145,0.08565053510666273,-0.03931181219070994,0.4079034815800588,0.40267433798978397,0.42749244953740967,0.6318721162811083,0.3388536046984198,0.5447776299117851,0.3989082708444565,0.36040927890093954,0.3345615950402027,0.42276534198216575,0.534845285244125,0.43119476607511414,0.2672999227023883,0.07975201013634661,0.05119811298201436,-0.05612125365569891
#13,0.3213460940799592,0.06422236211938895,0.49117452525719385,1.0,0.08902294224991832,0.17935914701687,-0.014879391819203277,0.0914470591047821,0.18040306321669627,0.5077608395955024,0.10195315924104902,0.05072795225079489,0.17445672529066292,-0.11247200949884054,0.06625281897218083,0.22215014861860402,0.1461881121054435,0.14714755875016933,-0.16939970834097012,-0.3318585692769884,-0.033967917506713734,-0.10861987903322204,0.3503350891313183,0.046749914335121004,0.05533552741674569,0.009678936002358772,-0.10663882890133797,-0.257974802572337,0.11104718341846696,0.12244738582664616,0.053811887894556494,0.09623791726764895,0.052136840679262726,0.00020240817920295803,-0.01898652471531369,-0.07892962729801019,-0.03578002852839691,-0.18706659547848817,0.3804747826502721,0.29261688275466374,-0.16057662424594984,-0.09500753054052546,0.1459649849787631,0.12065758751763103,-0.0390520284646463,-0.016565595390831068,-0.3164532349448956,-0.24069838790650974,-0.1771677198798301,0.07953366430523791,0.00456135597542414,0.17612220991481325,0.3253225382304425,0.3982962650112759,0.2462940974906167,0.3740471276366853,0.01762066794699137,-0.207329726111452,0.04783845596028337,0.056779478679406165,0.2280948927794468,0.009063742638797025,-0.234850863422292,-0.15828638366709433,-0.051164643913012293,-0.18657252826941007,-0.24561674728462254,-0.0726103483173824,-0.019193714190088373,-0.052101777845070085,0.22732351042720875,0.2532014758265665,0.02023603662472408,0.1879128847946832,-0.294248898309812,-0.06258556526866897,-0.09731370877128673,-0.0546422395588458,0.04212162022169274,0.1498840535823857,-0.2970778315230817,-0.09364326753739372,0.11263935484385086,0.07657244858115055,-0.06770473906079418,0.15575229701408091,0.06946266206599781,-0.20753372805584552,-0.22354628692554726,0.14441743897871526,0.04077807616603846,0.07588394201882237,0.08984532508825474,0.11331192375427328,0.17685852943285865,0.21462120185833022,0.3598578361450008,0.04990397564726789,0.2696953517838217,0.057095044187139905,0.2960530405055423,-0.04450748671198272,0.0746647116480329,-0.052057152419734,-0.06454749021826614,0.0466192255894939,0.08779096175760426,0.08065089370383062,-0.03957159591677358,0.10411589860465857,0.06819243120910996
#17,0.3243614978205261,0.0030233725665197745,0.09814087290519488,0.08902294224991832,1.0,0.37511654407956074,0.11055470997457945,0.27756536429487844,-0.2012973248651276,0.19201204886484075,0.21687637960299308,0.5895257751675446,0.06628310051080175,0.1519830423383723,-0.028474208894803527,-0.11634804644231765,0.23138920542836425,0.059880945740264084,0.013394002661587868,0.0008080389516212577,0.03560471435743372,-0.041378925642885034,0.11747324466686324,0.13290407924200529,0.27888818940305526,0.11553203866474353,0.10796802907027708,0.06094398712237726,-0.10794571635760904,0.17751197316099418,0.011916582329925332,0.18905242690594395,-0.07667923084891903,0.1458709528325192,0.01411438452772753,0.011486265728470224,0.029318904445807998,-0.0781853389540119,-0.062065997816541686,-0.017301914908876476,0.18847229637657484,-0.17552454796834782,-0.01033397349568488,-0.21522523886555794,0.10336364143470743,0.06783702157161185,0.15264764242284184,0.09191562607081098,-0.10326323422770123,-0.17630230538134817,-0.186613966164365,-0.08212193897473086,-0.14501828845556183,-0.16443034847675891,-0.0664791336292424,-0.15893982739522985,-0.2318529910988214,-0.16849923100829556,-0.03691957063965766,0.026673254229454376,-0.0392958745388042,-0.09274757150029087,0.014726390360908127,0.06197355943548837,0.14209851062642942,0.09382973806469093,-0.035196710468646655,-0.12177003562065201,-0.09129724517686809,-0.10753293117325025,-0.1867334985536581,-0.13310170612563652,-0.008297141582130704,0.11825100207986357,-0.1364422379650806,-0.09134983942815705,-0.18069312848138083,-0.16108822287212424,-0.037431169265832065,0.029613751006064278,0.0757755659858633,0.2698579158332603,-0.14589167177999665,-0.07335623042657126,0.4898740128616851,0.10668504809186463,0.10831228235144116,0.39146219987409253,0.1905537537154651,0.14177178876236163,0.1360310465459124,0.35580807879575105,0.2501143526524237,-0.10942632421965272,-0.04550040242571062,0.1122871327367339,0.11907019738781885,0.09328148283913332,-0.0549976491963439,0.005021954115500164,-0.02405310425614994,0.19464176142928863,0.14838910183362686,0.06949931866538103,-0.21258755747515717,-0.163639840942234,-0.15968889703479985,-0.0604547012088709,0.09841818804835484,-0.09972348173943534,-0.19429910191331512
#18,0.12792196925626947,-0.01562846145877328,0.21049972507550463,0.17935914701687,0.37511654407956074,1.0,0.16553960904939874,-0.11045589653276383,-0.022406744814286512,-0.05438883089354445,-0.17080381547386622,0.47266134880348076,0.548639322968547,0.010963510745961797,-0.1923021141295253,-0.22990381627074882,0.00031237797735259666,0.1514586935906733,-0.14602236052562376,-0.20632884157177123,-0.23239805879399789,-0.286544637378575,0.14490034983145933,0.11210544350500841,-0.009369745555387325,0.06214249854568926,-0.04069201284574744,-0.026093123700085267,0.12479181442198121,0.34406202934121716,0.3694507088270685,0.2853732199635028,0.26284056769916087,0.27921172373674186,0.20855214401262262,-0.03402210552319327,-0.019526811114918437,-0.050651451521647316,-0.1086103164420786,-0.02963287618835117,-0.013154937883001698,-0.13016599064459833,-0.19678059431503955,-0.20970603001059854,-0.07195531082405629,0.22301396935189538,0.19761413350971002,0.1751277004358948,0.05612603495127063,-0.12556319677421926,-0.05915897010893385,-0.04295834694674434,-0.026169624429232843,0.07343113739052826,-0.16952402202583494,-0.07564328347504562,-0.18128600913227455,-0.152811800237471,0.007014160603718254,0.02257409015929683,0.25882746694929437,0.19845564153033335,0.0607415789431743,0.016909848671995156,-0.042832439496688954,-0.09764999322649794,-0.0910406489811856,-0.13865438404959798,-0.10820231255329152,-0.20987975041637116,0.03187052251591773,0.04305556662336938,-0.13105849915132003,0.354748224944019,-0.0896429169090518,0.016465188183824878,0.036879726509893296,0.14259576536588864,-0.03991744296312824,0.12122496792547555,-0.2971160818876555,0.36436022280837366,0.38788897831682456,0.2483293356389803,0.5308242156683056,0.42519264636741066,0.40763254149766115,0.17352437265417686,0.21838248770808596,0.3451218831929492,-0.022854592832837937,0.45689422977312755,0.335156069456287,0.14408593581907578,0.05360788595016296,0.13736184048004207,0.12007426945788077,0.19833770290623082,0.17545442229996255,0.16829363529871144,0.21246961885105467,0.22349528643944888,0.08014407637322793,-0.02066794699136976,0.06309078883408108,0.17093291045430276,0.30066539696706485,0.2866896700109173,0.0767126999179211,0.10322498386312745,0.06864506052323312
#26,0.00829873534732128,0.007924200527536278,-0.059740694403493534,-0.014879391819203277,0.11055470997457945,0.16553960904939874,1.0,0.26156874307708244,-0.21792188956800995,0.018581708356907777,0.036564161002159555,0.22369769461865183,-0.052568751045908406,-0.062035716277920774,0.07042210871072364,-0.037370606188590234,0.13431774896604484,0.16128266222537432,0.007342476232976595,0.05101164245471715,0.0015969527209556216,-0.04694913498394281,-0.10416530532556638,-0.17024121636159345,-0.1278629999442182,-0.10060164635944187,-0.16753659683318856,-0.07440014662639753,-0.09725792698961662,0.1633944011028855,0.15975264764242283,0.2932830766043239,0.10732892922885671,0.07265975503829021,0.068813999633434,0.04721370000557818,-0.06129939675987537,-1.4343886715170255e-05,-0.17142060260261854,-0.11223772601582609,0.12734343249209093,-0.059304002741276125,-0.01603168405198862,-0.06579700212767653,-0.23953972061296208,0.10536859804445012,-0.025205396488935286,0.08956800994509478,-0.1576201898174342,-0.16732621982803272,-0.01733857150825969,-0.05588378264230331,-0.18183745188821332,-0.13095968570950442,-0.09964698101028775,-0.18823482536317923,-0.12964642319247105,0.04235271617432604,-0.08011857613017874,-0.08519631202734901,-0.06751189347273466,-0.08116249233000503,0.1880754488441218,0.051229988285825846,-0.03333200519567452,0.05167464877399613,0.06950569372614333,0.32572576082365784,0.20746200862226968,0.1825626150499247,0.038677493644861304,0.21389922622699997,0.1514953501900565,0.07277609989720214,0.09607057192263864,-0.04635784809823969,-0.004652200591286885,-0.07077433081784061,-0.008582425551243535,0.0017834232482528349,0.08934966411398608,0.06473714827594451,-0.15822103929428077,-0.09757030496696921,0.1926192734024496,0.07151861916183888,0.10987895353377587,0.12900891711624127,0.30593438468710404,-0.027382479739260016,0.040335009443058754,0.06227637482169752,0.04802333272239001,-0.14095259345440636,0.041938337224776676,0.0585565268668967,-0.06770792659117532,-0.12104168492855948,-0.010791384105379755,0.061481085991600855,-0.04082110782618397,0.027557793910223206,0.06528380973631155,0.005574990636629505,-0.0005275362780801505,-0.07213859382097236,0.06324697782275737,-0.1261975153200679,0.08054889273163385,-0.014578170198184701,0.04179489835762497
#49,0.5523448270366327,0.13753396712062413,0.140837842360685,0.0914470591047821,0.27756536429487844,-0.11045589653276383,0.26156874307708244,1.0,0.00397325662010216,0.28724111276685604,0.33593223310409676,0.13074452740877687,-0.28292838416116156,0.06688235622245775,-0.002593055965064667,-0.111743658806748,0.3900357800285284,0.29796715249942224,-0.0018392050299229415,0.15056937261433273,0.12305779789463618,0.058433806947222465,0.11147909378511264,-0.10411111730908686,-0.021313421893552422,-0.12665651969495334,0.19379706587828416,0.06840599574464694,-0.11845181649387596,0.04944975256795416,0.0314290495581286,0.09579644430985983,0.05860115229223278,0.12940735841388487,-0.2305253846950729,0.07225812621026544,-0.14457522173258214,-0.15087537553092303,0.052355186510371424,-0.09454693240044944,0.11830678386153368,0.09480671612651308,-0.09685789192678243,-0.05034704237024759,-0.15753093896676204,-0.07952410171409446,0.03140354931507941,0.014971830200256596,-0.08966044832614811,-0.06103801926862115,0.030539728581788043,0.014439512626604723,0.00996262620628103,-0.11710508490784052,-0.027411167512690356,-0.1808509112352477,-0.053590354533066646,-0.0945804014694515,-0.270226075592283,-0.1237622421088701,-0.07090820709384886,-0.03711879128847947,-0.0337830407446071,0.0895233845197587,0.15414100040641013,0.20351265848002614,0.13836431878491343,0.06574440787638758,0.040307915434818986,0.07550303213827507,0.1479731291188869,0.09466487102455196,0.16524476248914247,-0.07575484703838584,-0.08450939923021142,-0.051956745212727806,-0.19319621640143758,-0.15173600873383325,0.14264357832160587,-0.08462415032393278,-0.030322976515869918,-0.010260660296918455,-0.3405621209827156,-0.16497860370231654,0.0748209006367092,-0.13643426913912773,-0.054137015993433686,0.05787917666090255,0.07832399652559188,-0.2023348660041916,-0.04063623106407733,-0.12814031508737816,-0.05426611097387022,-0.2936799241367769,-0.24382694897560742,0.175763612746934,0.00799591996111213,0.18190279626102687,0.013994852138434445,0.10253010224003697,-0.030657667205890558,0.2989664432739125,0.24077966993122904,0.2824661922558949,0.08657810644757707,0.08258572464518803,-0.017144132155009602,-0.0816629345998454,0.24028879025253208,-0.20710819274996214,-0.26251225206990253
#50,0.07874793806628469,0.33564694913498394,0.22224736829522906,0.18040306321669627,-0.2012973248651276,-0.022406744814286512,-0.21792188956800995,0.00397325662010216,1.0,0.13215500960243529,0.10621010606507343,-0.31581572886866577,0.09701726844583987,0.06357848098239686,0.11983361091410402,0.1695702412163616,0.22380766441680147,0.0022169273800890913,-0.06835977655412027,0.004690450955860673,0.0658862529783487,0.05199658934249217,0.18564495692849572,0.1248922216289874,-0.022594809106774298,0.03788220481476464,0.08358182788929706,-0.14274079799823092,0.1167943006956785,-0.08140952593454406,0.08203428188924926,-0.2069296910486178,0.05270103355672609,-0.1211899050912829,-0.18061503398704268,-0.008496362230952514,-0.14885129373889344,-0.07501374622476871,0.07982372956992247,-0.10671214210010439,-0.19970355967455314,0.03616412593932536,-0.036326689988763955,0.0754568129477484,0.10359951868291245,-0.06866259194032943,-0.10311023276940608,-0.12977233064252644,-0.07870968770171091,-0.03365872705974229,0.2885926256484632,0.1768680920240021,0.11002876746168987,0.08010104471308242,-0.027108352126481206,-0.047806580656471885,0.1618101985034545,0.021327765780267592,-0.06923156611336452,-0.128938791447856,0.0648248053614261,0.008563300368956642,0.08626732223541506,0.2698005402863996,-0.12041533520866371,-0.13605973431934273,0.2315469881822311,0.1880626987225972,0.23519830423383722,0.20398760050681733,0.17443760010837603,0.14566057582736336,-0.04988006916940927,0.04835802341241065,-0.07387101658312681,0.008913928710883026,-0.007039660846767446,0.07377698443688291,0.23279809385683206,0.006065870315326443,0.12770362342516078,-0.019397716134481907,0.07466789917841404,0.14686546231143766,-0.06569818868586091,-0.13536166516587111,0.0850783734032465,-0.21692100502832917,-0.20923108798380735,0.21565874299739418,0.10472471690745802,0.009495653005442709,0.10240578855517217,0.03441735929045574,-0.02073169759899274,-0.16638749213078438,0.044343328897353554,0.15066818605614835,0.1019850345448605,0.16927380089091473,0.11852034839707067,0.11880881989656464,0.00605790148937357,0.01931324657938146,0.07097992652742471,0.1912279163910781,0.018790491596873033,0.10345607981576074,0.08336507582337895,-0.07911131652973567,-0.06091370558375635
#51,0.18558598761644446,0.2989696308042936,0.29010192128393725,0.5077608395955024,0.19201204886484075,-0.05438883089354445,0.018581708356907777,0.28724111276685604,0.13215500960243529,1.0,0.5344006247559547,0.10129971551291349,0.09767708723473771,0.0011761987106439608,0.2890962554486847,0.19159288861971965,0.4642127995282455,0.13227135446134722,-0.12736096390918725,-0.22033644383173026,0.18570552000573756,-0.025468367745380072,0.17214895329471108,-0.1867956553960905,-0.036049374845604,-0.11607391882953884,-0.12836503597924917,-0.42877702428101266,0.03330969248300648,0.03247455952314546,-0.15583676656918136,-0.12821681581652575,0.014337511654407956,-0.015182207205412426,-0.11993242435591964,-0.11070452390249344,-0.03554733881057304,-0.16206201340356524,0.2509765796205245,0.05408442174214473,0.07667763708372845,-0.14867119827235853,0.10562997553570433,0.14386918375315766,-0.056753978436356975,0.04763923531146156,-0.4310688586250588,-0.48710404896046666,-0.2749515893823363,-0.06562009419152276,-0.07833993417749763,0.09338348381133008,0.08904525496258636,0.0791846297285021,0.27100861430085504,0.12767493565173044,0.09781893233669883,-0.1042449935850951,-0.0402075082278128,-0.12636964196064993,0.14933101706125637,0.011540453744949757,-0.03288256341193252,0.10830590729067886,-0.17911848847309325,-0.20531680067575644,0.030566822590027812,0.21754894851341552,0.1482982572177641,0.1290758552542454,0.12794268820374693,0.14135103475205,0.12035477213142187,-0.1347687845149774,-0.1260779829307748,-0.14280136107547275,-0.11904150961438852,-0.1839858473651077,0.17161982325144037,-0.0877001171417415,-0.08498115372662146,0.006508937038306147,-0.07610706914550279,-0.024324044338547603,-0.04760257871207835,0.04426842193339655,0.08800771382352238,0.02422682466192256,-0.06711504594028161,-0.06387332754265314,0.005254643833324036,-0.020309349823490506,-0.0828120393022496,0.040513511144403096,0.04297428459865008,0.03632509622357338,0.1470200575349234,-0.07556518898070748,0.04917084365960363,-0.021362828614460233,0.00014184510196112808,-0.010859916008574456,-0.08325829355561046,0.09614707265178621,-0.04888396592530023,-0.058232992533210085,-0.144133748774793,-0.07196487341519973,0.009449433814916048,0.04221883989831778,0.03849102311756409
#52,0.18955446294097492,0.25612125365569893,0.22405788555172165,0.10195315924104902,0.21687637960299308,-0.17080381547386622,0.036564161002159555,0.33593223310409676,0.10621010606507343,0.5344006247559547,1.0,0.09229175465578657,-0.0505462630190694,0.03602706213293595,0.17882523567802755,0.15177744662878817,0.4456310911713377,0.33471778402887903,-0.008454924335997578,-0.09287347895034624,0.113017077194017,-0.045071679589446086,0.19908039748503853,-0.09076333383802565,0.12519025571962483,-0.08719967487190113,0.08310369833212473,-0.08747061495429878,0.08471499493979552,-0.019799344962506675,0.04900987337535561,-0.168070508172031,0.07846424786236243,-0.07915753572026234,-0.22237486951047503,-0.13024089760855534,-0.10990445377682506,-0.23436795256954793,0.21821514236307565,-0.09233478631593207,-0.06743539274358709,0.01444588768736702,0.21510411271107427,0.044228577803632194,0.005347082214377356,0.057909458199523464,-0.2841794898357625,-0.2859772569707305,-0.09293722955796922,0.15640574074221644,0.08901975471953717,0.32581979296990177,0.22402282271752902,0.11330554869351099,0.16762584768386074,-0.09898078716062762,-0.22211189825403024,-0.23079632477747053,-0.19972746615241177,0.00175314170963192,-0.08890500362581581,-0.08371570416530533,-0.16398728175377922,0.12982014359824368,0.06857812238522898,0.015547179434053982,-0.04600881352150388,0.3073815234801457,0.041115954386440244,0.10087736773741125,0.28736542645172086,0.14397118472535442,0.1474360302496633,0.010281379244395924,-0.3451139143669963,-0.34114543904246586,-0.3698284311772347,-0.3082596881001522,0.19460988612547714,-0.10546741148626573,0.19216983161870763,-0.013982102016909848,-0.12511216122528668,0.05645116305014782,-0.04200846289316195,-0.09510475021715051,-0.04478958315071441,0.1088159121516627,0.1210273410418443,-0.15433543975966021,0.0599176023396473,-0.09627616763222274,-0.08212034520954029,-0.11453912295101562,0.01603168405198862,0.28946441520770744,0.030839356437616046,0.11496147072651786,0.03341647475077497,-0.10389277147797815,0.15169935213445004,0.13195738271880403,0.18875598658049708,0.1431296767047311,0.07958307102614572,-0.004537449497565523,0.0028671835778434763,-0.2380479563945844,-0.05459761413350971,-0.06619544342532015,-0.0786602809808031
#53,0.16041565396170182,-0.040894421024950396,-0.01706763142586203,0.05072795225079489,0.5895257751675446,0.47266134880348076,0.22369769461865183,0.13074452740877687,-0.31581572886866577,0.10129971551291349,0.09229175465578657,1.0,0.2031779677900055,-0.12168078476997984,-0.037023165377045,-0.17894476806732065,0.15664161799042148,-0.02049741411597829,0.09247344388751205,0.007144849349345361,0.027329885487971058,-0.016753659683318857,-0.05918447035198304,-0.16126194327789686,0.09258660121604284,-0.08235144116217358,-0.10941676162850927,-0.16628867868896877,-0.050415574273442294,0.16525432508028592,0.02125126505112002,0.23579437241511209,0.0003617846982604053,0.21148945325885138,0.12150387683382607,0.0070189418992899774,0.01963359338268693,0.02798970427686889,-0.2247671110615273,-0.23698810254285235,0.17181585636988103,-0.14808947397779884,-0.12525719385762896,-0.23435838997840447,-0.09644670050761421,0.16826813505566224,0.04417438978715266,0.08325669979041987,-0.12458781247758768,-0.24776992405708867,-0.045763373682155405,-0.14221485548534135,-0.13042258684028082,-0.25774211285451315,-0.10327917187960697,-0.14929276669668257,-0.1681470089011786,-0.06958378822048147,0.02801520451991808,-0.1283761923355832,0.07326857334108966,0.07417383196933595,0.05520483867111858,0.022534246029532468,-0.07252109746671023,-0.03579277864992151,-0.17281674090956178,-0.0872698005402864,-0.06750073711640064,-0.11476225007769605,-0.16858848185896771,-0.1356820119691766,-0.08340013865757158,0.12500537895751818,-0.019083744391938735,-0.02623018750647467,-0.04987688163902812,-0.02445951437974643,-0.19171082724382216,-0.04512108631035389,-0.08631194766075115,0.28737339527767375,0.055906095354971354,0.32633139159607616,0.4959048203428189,0.40207030098255625,0.2491612810684602,0.31771549697583057,0.3059997290599176,0.2363235024583828,0.015539210608101109,0.4522388416514595,0.1282391285291938,0.00908286782108392,0.05316322546199268,0.14281092366661619,-0.10641888930503869,-0.025893903051263458,-0.17994724637219198,-0.12384511789877997,-0.13194144506689828,0.22453920263927515,-0.10290144952944083,0.09959119922861764,-0.24537130744527408,-0.18798938552383077,-0.18293874363490026,0.020361944074779464,0.12339726988022855,0.026716285889599886,-0.04525496258636215
#54,-0.042864314800500444,0.13185060045103555,0.08843006159902461,0.17445672529066292,0.06628310051080175,0.548639322968547,-0.052568751045908406,-0.28292838416116156,0.09701726844583987,0.09767708723473771,-0.0505462630190694,0.2031779677900055,1.0,0.06926344141717601,-0.07605447489421384,-0.02754504378869861,0.0031381236602411365,0.11340914343089832,-0.19234833332005197,-0.3510953151272223,-0.2181625481117867,-0.3501502123692116,0.07352516953677214,-0.07282072532253824,0.03852289842137558,-0.061369522428260645,-0.2065376248117365,-0.21760313652989505,0.4686514355839954,0.3205332738327662,0.21946465427248604,0.07191227916391078,0.10870275482313191,-0.056510132362199074,0.21685406689032505,-0.026330594713480864,0.17843635697152738,-0.07003641753460463,0.06558981265290184,-0.05230896731984477,-0.08428945963391214,0.01964474973902095,0.08722676888014089,0.09652160747157121,0.10541003593940505,0.19398353640558136,-0.06368207571978421,-0.049336595239423374,0.006252340842623656,-0.040947015276239354,-0.0016814222760560688,0.09071552088230841,0.022680872427065322,0.09758305508849381,-0.019069400505223565,-0.03650678545529887,-0.14599845404776515,-0.24217102694260054,0.19892420849636222,0.11134362374391381,0.08357545282853478,0.1107634932145447,-0.09201922080819833,0.005735960920877527,-0.13590992039142874,-0.19104941468973377,0.017870889081911562,0.009720373897313709,-0.1895608380017372,-0.1531241782148236,0.036031843428507675,0.08235781622293588,-0.2009355401668672,0.03598562423798102,-0.1498346468614779,-0.12889894731809162,-0.04417757731753381,0.0029149965335607104,0.033631633051502526,0.03168723951900167,-0.39009634310577024,0.2622986875343656,0.5926272422284025,0.4494656902198599,0.02993250404417917,0.35197188598203827,0.27383595374893416,0.07806421279952824,0.08038314115181411,0.2378343918590474,0.05003147686251384,0.1903545330666433,0.2284439273561826,0.27511574719696547,0.2941676162850927,0.04864330738152348,0.18252595845054148,0.08217931452159154,0.12583891815218864,-0.06415383021619425,0.11518459785319829,0.08096008415080207,0.029616938536445425,-0.028488552781518697,0.036184844886802826,0.030702292631226643,0.12893560391747483,0.06512602698244467,-0.1610037533170238,0.10576066428133143,0.19360581405541522
#58,-0.00918646255847126,0.05421351672258126,-0.08907872403158842,-0.11247200949884054,0.1519830423383723,0.010963510745961797,-0.062035716277920774,0.06688235622245775,0.06357848098239686,0.0011761987106439608,0.03602706213293595,-0.12168078476997984,0.06926344141717601,1.0,0.03324275434500235,-0.04937962689956889,0.08051861119301293,-0.023903290328235943,-0.05174318067719083,-0.032809250213166094,-0.018019109244634988,-0.05234243638884683,0.12563810373817624,0.16238714150244243,0.23295906414108009,0.1650614794922264,0.0990509128290129,0.04073982580146467,0.11506187793352406,0.17694778028353084,0.15543195021077544,0.10199619090119452,-0.012063208727458183,0.1423168564575381,0.05862665253528198,0.11057861645243806,0.21296527982532334,0.24274637617639794,0.02274143550430715,0.1637450294448119,0.21885902350006772,0.19361537664655867,0.15508929069480193,0.1611965989050833,-0.013472097155926017,-0.11887894556494992,0.060143916996708874,0.08013132625170334,-0.10074189769621242,-0.1320036019093307,-0.19231645801624048,-0.2757962849333408,-0.1289881981687638,-0.09663157726972085,-0.02027588075448844,-0.10679342412482369,-0.07837977830726199,-0.008526643769573428,-0.06535393540469682,-0.006413311126871678,-0.13104574902979543,-0.008905959884930153,0.15842982253424603,0.11227597638039988,0.05379754400784133,-0.007428539553267617,0.3245734685908725,0.0887551896979018,-0.033422849811537265,-0.10705798914645905,-0.13566288678688967,-0.2148666416976787,-0.09371020567539784,-0.1805321581971328,0.024300137860688985,-0.14269617257289482,-0.13379977527910814,-0.09143112145287635,0.16633171034911426,0.05946656679071472,0.013456159504020272,0.019147494999561716,-0.10557259998884365,-0.10582122735857326,0.10452071496306449,-0.18950664998525768,-0.07190112280757675,-0.060351106471483555,-0.10367601941206002,0.039232123931181216,0.13662073966642493,-0.027731514315995826,0.09944935412665652,-0.08018870179856402,-0.062211030448883965,-0.18496760672250157,-0.04290415893026481,-0.04526930647307732,-0.13255504466526946,0.042397341599662124,-0.11771549697583054,0.028483771485946975,0.22587477786897656,0.022613934289061194,-0.022590027811202576,0.02238602586680904,-0.00931077624333607,0.004199571277163736,0.19219692562694737,-0.058789216584720576,-0.04801855142681829
#101,0.0199475651252301,0.2501701344340938,-0.0470814174947605,0.06625281897218083,-0.028474208894803527,-0.1923021141295253,0.07042210871072364,-0.002593055965064667,0.11983361091410402,0.2890962554486847,0.17882523567802755,-0.037023165377045,-0.07605447489421384,0.03324275434500235,1.0,0.6963319494138929,0.0629585063232634,-0.18437631983679845,0.5321470407764824,0.22802157958068037,0.6218313955804892,0.5794659292846385,0.005299269258660122,-0.18805313613145375,0.13870697830088694,0.11152850050602045,-0.3150156587429974,-0.3204599606339998,-0.004001944393532501,0.11450087258644184,-0.35949605144674035,0.016462000653443727,-0.297908183187371,-0.08455721218592865,-0.008007076317446151,0.24024097729681487,0.050739108607128915,0.25194240132601264,-0.0014822016272342596,0.003396313621114201,0.2267146921244093,0.15236554598411017,0.12107037270198981,0.37446788164699696,-0.21965749986054556,-0.006926503518236658,-0.4307118552223701,-0.43903768457793113,-0.5324450748671198,-0.2642701750751062,-0.26648869622038585,-0.2433089752886707,-0.24598968833921697,-0.22899855764250254,0.24612037708484408,0.04119564264596897,-0.07108511503000263,0.15913904804405166,-0.3544438157926193,-0.5302058347743627,-0.35411231263297976,-0.4267338173066962,0.27330044864490116,0.09395405174955573,0.04519439950912032,0.14297508148124538,-0.03501342747173059,0.34730852903441733,0.564130720620931,0.2615081799998406,-0.02230633760728032,0.009758624261887497,0.2849333407709042,-0.18409581716325735,0.18807066754855006,-0.24884890309110758,-0.1918781725888325,-0.5055359433894604,0.39514539122951015,0.17476910326801554,0.18007793511781908,-0.1310106861956028,-0.1151957542095323,0.02528189721808286,-0.16891520372303548,-0.23197571101849565,-0.39513742240355726,-0.07173855875813816,0.11276844982428738,-0.15904501589780778,-0.22574568288854002,-0.36882914040274445,-0.48525687510459087,-0.2966108583222434,-0.347781877296018,-0.13529153949748585,-0.11126871677995681,-0.333807744105061,-0.13558319852736098,-0.27015435615870714,-0.3592235175991521,-0.38602267927866185,-0.21752344827036632,-0.21588505765445576,-0.2527775342858737,-0.33432093649642597,-0.3873885360469842,-0.4525081879686666,-0.1757508626254094,-0.36473953892373034,-0.38230123755867046
#102,0.06404386041804461,0.1517264461426898,-0.007442883439982787,0.22215014861860402,-0.11634804644231765,-0.22990381627074882,-0.037370606188590234,-0.111743658806748,0.1695702412163616,0.19159288861971965,0.15177744662878817,-0.17894476806732065,-0.02754504378869861,-0.04937962689956889,0.6963319494138929,1.0,-0.10151009251806932,-0.07999426244531394,0.4049821099857358,0.08671676401915705,0.3236188032417184,0.4981918733912933,0.09815362302671947,-0.008372048546087705,0.16033118440660138,0.27165249543784714,-0.23163942656328443,-0.09353648526962523,0.1337200870195794,0.15625433304911188,-0.087956713337424,0.11072524284997091,-0.2322976515869917,-0.1099889233319255,0.03015244364047845,0.16742662703503894,0.10040561324100121,0.19252364749101514,0.045943469148690325,0.1693949270453984,-0.036787288128839975,0.12735140131804382,0.2717608714708062,0.34897241989337713,-0.11380599096335137,0.03640000318753038,-0.2991640701575437,-0.28298416594283166,-0.3020726916303421,-0.07120942871486743,-0.2303373204025851,-0.03584696666640104,-0.040894421024950396,0.026206281028616055,0.07209556216082684,0.16275370749627457,-0.24564384129286232,-0.04725673166572369,-0.26069057845707594,-0.378737578592546,-0.3027213540629059,-0.4042314465809752,0.06983719688578281,0.04636422315900198,0.19394050474543587,0.1345870952832519,-0.1163576090334611,0.24101554717943405,0.3650375730143678,0.3255759468957439,0.16263098757660033,0.15433225222927907,0.27464239893536485,-0.11197316099419073,-0.1213524691407215,-0.3736231860959925,-0.31651539178732796,-0.5128401692578632,0.3834630923825993,0.3802787495318315,0.14622317493963613,-0.2577708006279435,-0.11577110344332969,-0.02775860832423559,-0.25332897704181245,-0.22105045063710763,-0.4436468535090725,-0.24173114775000198,-0.11642295340627465,-0.13344755317199117,-0.03228330770027652,-0.3583596968658608,-0.42312393915004504,-0.21056666321350875,-0.19403294312648917,-0.005640335009443059,0.16142928862290717,-0.2330275960442748,0.05571803106248356,-0.2818127485277594,-0.15228585772458145,-0.350564591318761,0.03233908948194662,-0.29668257775581924,-0.268727936313143,-0.32889735355290106,-0.24210887010016816,-0.44981313103140513,-0.2508140155710859,-0.2760321621815458,-0.27207643697853995
#201,0.17438022456151536,0.12162819051869088,0.37962530580369597,0.1461881121054435,0.23138920542836425,0.00031237797735259666,0.13431774896604484,0.3900357800285284,0.22380766441680147,0.4642127995282455,0.4456310911713377,0.15664161799042148,0.0031381236602411365,0.08051861119301293,0.0629585063232634,-0.10151009251806932,1.0,0.42921530970842064,-0.1506155918048594,-0.11275888723314394,0.06696682577755819,-0.13120034425328117,0.18456279036409565,-0.17911689470790268,0.18536445425495462,-0.08760767876068819,0.1023595693646455,-0.24517846185721456,0.24161958418666177,0.11262660472232626,0.09540756560335965,-0.10322339009793687,0.33642151901760314,0.11388567922288009,-0.09863175258389181,-0.23583899784044818,0.013588442014837955,-0.16661380678784596,0.23411454390424657,0.015669899353728214,0.20844217421447298,-0.03984572352955239,0.2639609846281347,0.07946831993242436,-0.08971463634262763,-0.14909354604786076,-0.25061320115707353,-0.2165703766864028,-0.1928137127556997,0.003659284877558989,0.12542613296782984,0.19920311740471278,0.16757962849333408,0.1485181968140634,0.2588434046012001,0.0010646351473037477,-0.10494943779932903,-0.19774163472495598,-0.15654758584417758,-0.030141287284144426,0.12616245248587526,0.09313963773717218,-0.06622891249432221,0.06248037676609105,-0.0032656248754870947,-0.12143693869582195,-0.006704970156746807,0.11013076843388664,0.2573149837834392,0.08466399445369714,0.20637665452748846,0.10018567364470192,0.082724382216768,-0.09078245902031254,-0.09429033620476696,0.03050625951278598,-0.06435305086501605,-0.0466877574926886,0.1534795878523217,-0.09673676577229877,0.08561069097689837,0.286383667094327,-0.04570281060491358,0.09221684769182956,0.024658735028568243,-0.08122464917243742,0.09290057295858602,-0.001251105674600961,0.1115508132186885,-0.08818780929005729,0.007705854696427575,0.01891480528173784,0.013354158531823507,-0.15297914558248132,-0.07029301373028711,0.22710994589167177,0.11692498944130561,0.17660830829793847,0.19602196208432612,0.09379786276087944,0.22331040967734223,0.4610284566774777,0.13386193212154054,0.32274701368247416,0.27994326195921554,0.2319916486704014,0.13175816206998223,0.008203109435886811,0.11491206400561005,-0.17317533807744104,-0.18410059845882906
