,#10,#11,#12,#13,#17,#18,#26,#49,#50,#51,#52,#53,#54,#58,#101,#102,#201,#202,#301,#302,#401,#402,#501,#502,#601,#602,#701,#702,#801,#802,#901,#902,#1001,#1002,#1101,#1102,#1201,#1202,#1301,#1302,#1401,#1402,#1501,#1502,#1601,#1602,#1701,#1702,#1801,#1802,#1901,#1902,#2001,#2002,#2101,#2102,#2201,#2202,#2301,#2302,#2401,#2402,#2501,#2502,#2601,#2602,#2701,#2702,#2801,#2802,#2901,#2902,#3001,#3002,#3101,#3102,#3201,#3202,#3301,#3302,#3401,#3402,#3455,#3501,#3502,#3601,#3602,#3701,#3702,#3801,#3802,#3901,#3902,#4001,#4002,#4101,#4102,#4201,#4202,#4301,#4302,#4401,#4402,#4501,#4502,#4601,#4602,#4701,#4702,#4801,#4802
#10,1.0,0.18755269386161336,0.29236666161974356,-0.009782530739746113,0.29639410625632523,-0.07097673899704357,0.2825793495844257,0.5374479038003331,-0.1842982253424603,0.16859326315453943,0.043879543226896384,-0.11773462215811745,-0.3027532293667174,0.011355576982843119,-0.2779478679406163,-0.1841850680139295,0.23728454286829923,0.38434444453298694,-0.3729904613153344,-0.23285068810812104,-0.33181235008646176,-0.20356047143574338,0.08037357856067065,0.15309708420658386,0.15835810310067017,0.05948250444262047,-0.011457577955039884,0.10337479779104145,-0.18626811911801033,-0.006642813314314402,0.22250077696053042,0.07483683828861494,0.39987728008032575,0.213547004119883,-0.03224186980532158,-0.04612834591079696,0.08979113707177522,0.16403668847468703,0.3885440158101507,0.2639386719154667,-0.15153838185020202,0.010753133740805967,0.014597295380471595,0.060763891655842346,-0.04354166500649459,-0.018119516451641178,0.13814756671899528,0.11124640406728876,0.02299006287403677,-0.05443823761445226,0.1221206639625784,-0.03346269394130163,0.022663341009969,-0.10681414307230115,-0.180097060300106,-0.026191937141900885,-0.21363306744017405,-0.15660018009546653,0.13598801488576687,0.36901082963446996,0.2848169959119923,0.3628525209380902,-0.23620237630389915,-0.502724541593287,-0.02090223047438421,0.005731179625305804,0.044053263632668996,-0.10431671301867096,-0.14967686410761102,-0.16691343464367395,-0.14906485827443042,-0.13309373729968363,-0.15044187139908677,-0.03646375379515336,0.02597359131079218,0.13409302807417384,0.10060324012463244,0.031618707615806964,-0.1602419335559292,-0.07266931762943366,-0.471371992764306,-0.2662432563810374,-0.3996764656663134,-0.0858656934073903,0.10279626102686291,0.3421526986429089,0.32823594099881265,0.07730717433400537,-0.027610388161512164,-0.25448286303978834,0.13916757644096295,-0.022929499796794938,0.08435002271115397,0.2755253448509431,0.15458087959900868,0.18644343328897353,0.18978396512841764,0.19859589286710388,0.38012574807353633,0.15306999019834408,0.1532245854218298,0.22990062874036768,0.08396114400465379,0.338526882834352,0.24106336013515128,0.22627481293181076,0.18898548876793983,0.26974794603511065,0.1192295739068763,0.13323717616683534,0.023406035588776707
#11,0.18755269386161336,1.0,0.13157647283825674,0.06846496505669819,0.04769501709313167,-0.045184836917976874,0.3696068978157448,0.10173959470551204,0.296196479372694,0.2676425822183618,0.320998653268414,0.15402306178230762,0.0658113460143917,0.012373992939620207,-0.020542039541314377,0.05155671014989362,0.003192311676720669,-0.07560662687566241,0.007737730000239065,0.009576935030162007,0.030774012064802493,-0.03915881073241479,-0.1925013347783471,-0.08295388440421073,-0.23165217668480903,-0.3193873566607432,0.04618572145765764,0.02073169759899274,-0.024602953246898134,-0.041061766369960714,-0.013827506793424125,-0.05700419957127716,-0.07616603845755404,-0.045157742909737106,-0.18280646112408258,0.01414625983153902,-0.0730597901011244,-0.08644423017156883,-0.21551371036505193,-0.39975774769103267,-0.2673493294232961,0.016877973368183665,-0.07203340531839444,0.010700539489517009,0.07017188757580346,-0.17711353186335058,-0.0907410211253576,0.01000565786642654,-0.024599765716516987,-0.04543665181808764,0.01689391102008941,-0.0752830925419758,-0.06397851604523105,-0.23965925300225518,-0.2623480942552734,-0.24069679414131917,-0.08038314115181411,-0.27988110511678316,0.1014670608579238,-0.03642072213500785,-0.14530357242467468,0.09161440444979241,0.02700316362390329,0.07106280231733458,0.08828184143630119,0.10153718652630908,0.07152021292702947,0.29079520914183715,0.0019188932894516652,0.08723951900166549,0.16152650829953222,0.16342308887631585,-0.19185107858059272,0.22408338579477086,-0.21328881415900997,-0.07119508482815227,0.005546302863199165,0.13614739140482432,0.02676409884531712,-0.16421519017603137,-0.0207093848863247,0.01234689893138044,0.09484815402146801,0.08225262772035796,-0.07056714134306592,-0.0185115826885225,0.10606347966754058,-0.13576010646351472,-0.07876387571819043,0.019861501804939077,-0.06481683653547322,0.01113563738654384,0.11136115516101013,0.1943628525209381,0.23090788834081075,-0.17749762927427903,-0.2586760592561898,0.14024655547498188,-0.007165568296822829,0.23604140601965112,0.140013865757158,0.07806899409509997,-0.01824383013650599,0.1519830423383723,0.01025587900134673,0.08499231008295548,-0.03660878642749564,-0.037866267162858895,-0.14860585389954498,0.019985815489803885,0.13805512833794198
#12,0.29236666161974356,0.13157647283825674,1.0,0.3226258875279905,0.07299444572831085,0.23808780052434875,-0.09910191331511128,-0.07420092597757573,-0.2857780363219087,0.2646494911904629,0.012111021683175419,0.05888006120058332,0.002650431511925348,-0.042980659659412376,-0.39756791431918337,-0.03822645809592873,0.5672290001514076,0.5496178947955598,-0.4400465379435648,-0.30556781869327193,-0.15340946218393645,0.10730342898580753,0.13570432468184462,0.37997274661524116,-0.06408689207819011,-0.0705751101690188,0.3516324139964459,0.35054546613647414,-0.3317980061997466,-0.2789885966100614,0.46419208058076805,-0.36086509574544384,0.5339527767374033,-0.20714325558415478,-0.4160428404083226,-0.46714851500928367,-0.3826056467100702,-0.2521256843229287,-0.07210193722158914,0.1306106511327686,0.030732574169847555,-0.14632995720740463,-0.184666385101483,-0.11619663874921309,-0.06833108878068994,0.03358063256540414,0.2238299771294695,0.3110137143494649,0.321983600156189,0.32703902334069124,0.42084326116233295,0.5568695264126736,0.5038417709918798,0.3002111738877511,-0.10744686785295922,-0.1190925101004869,-0.22161783104495214,-0.1807441289674792,0.0979400584911825,0.22486592450334292,-0.08632629154746631,-0.03304672122656169,-0.29181362509861425,-0.028027954641442678,0.2303102263943453,0.283473451856338,0.03734032464996932,-0.11808525050004383,-0.06753261242021213,-0.08530787559068922,0.05461992684617775,0.2500553833403725,-0.12680633362286733,0.052540063272478066,-0.30077855429559563,0.025501836814382138,-0.4730741339878396,0.0011506984675947692,-0.02871805496896142,-0.0663038194582792,-0.18766903872052532,-0.1451330395492832,-0.02213899226227,-0.006400561005347082,-0.060902549227422324,0.1965160292934042,0.03165695798038075,0.04061551211659986,0.14695152563172867,-0.27820287037110825,-0.21746447895831508,-0.14090159296830798,-0.1577190032592498,0.14659452222904,0.13039071153646933,0.4606347966754058,0.05752376702340444,0.3869645945062914,0.4357306218074891,0.25879240411510174,0.4346293300608021,0.42520699025412584,0.2423431535831826,0.4430252850847485,0.318335471634964,0.32194216226123407,0.3164643913012296,-0.17157201029572314,-0.06645522715138379,-0.06295053749731053,0.043119317230992354
#13,-0.009782530739746113,0.06846496505669819,0.3226258875279905,1.0,-0.04660169417239758,0.0815816525751261,0.026330594713480864,-0.13570910597741634,-0.0461012519025572,0.266342069822853,0.06834702643259569,-0.00408003888787065,0.1713855397684259,-0.07017348134099403,0.07769127174493382,0.2065742814111197,0.1505215596586155,0.08479308943413368,-0.032315183004088005,0.16619624030791544,0.004170883503733395,0.10442987034720175,-0.09812334148809856,0.0692395349393174,-0.1084031269673039,-0.01430723011578704,-0.01799520276677637,0.04136139422578872,0.009199212679995857,0.0637012009020711,0.24632278526404705,-0.035456494194710295,0.23999075616189466,0.14477922367697568,0.009358589199053304,-0.01835858123022735,-0.033457912645729906,0.13058993218529114,-0.1092398536923555,0.0030297476272820724,0.25494027364948324,-0.026349719895767756,-0.1278215620492633,-0.038357146841555834,-0.13675620970762378,-0.14090796802907027,0.05093195419518842,-0.05960044306672298,-0.03689885169218019,-0.19082947509343448,-0.07964522786857813,-0.04596100056578664,-0.042719282168158165,0.09653117006271467,-0.12599191961048378,0.14512825825371148,-0.27928981823108,-0.08959510395333456,0.022143773557841723,-0.10881113085609097,0.17897664337113214,0.10129652798253233,0.19526332985361267,0.12956673493294232,0.23494011427296416,0.12144968881734654,0.07433639601877455,0.006387810883822486,0.1172628676617074,-0.027968985329391422,-0.13442293746862274,-0.07754783287778212,-0.08014088884284679,-0.21592012048864842,-0.1434850863422292,-0.14122193977161346,-0.03443648447274263,0.11774577851445146,-0.06210424818111548,0.07203340531839444,-0.019490154515535225,-0.030531759755835174,0.08113380455657468,0.09847396983002495,-0.06305891353026959,0.1563292400130689,0.101342747173059,0.02532811640860952,0.35426690785646553,-0.054164110001673454,-0.09275713409143431,-0.05303891177712788,-0.30436133844400703,0.1624955175354015,0.13007036473316386,0.1321789160802939,0.08758536604802014,-0.029318904445807998,0.00992756337208839,-0.007350445058929468,-0.05685438564336316,0.005911275091840719,0.26587828415239584,0.10545306759955056,0.01781670106543203,-0.034497047549984464,0.06821315015658742,0.10451274613711162,0.020095785287953527,0.1305612444118608,0.15560248308616692
#17,0.29639410625632523,0.04769501709313167,0.07299444572831085,-0.04660169417239758,1.0,0.19675031277641866,0.36076946983400937,0.3382989744120999,0.15577620349193952,0.31326411079855604,0.3202017706731267,0.4338627290041358,0.10845412745340229,0.48070986301588187,-0.28218409581716325,-0.43510267832240274,0.05253050068133462,0.000465379435647746,-0.36861876339758864,-0.27143255584154785,-0.3278311246404067,-0.4149973304433058,-0.06678991784140442,-0.07501533998995928,-0.14907442086557388,-0.18887551896979018,-0.22061057144450907,-0.2720222489620604,-0.1323908868506403,-0.015287395707990342,0.13226976069615665,0.017944202280677987,0.08707217365665516,0.1327207962450892,-0.07954482066157192,-0.10108296344699536,0.03398066762823833,0.07717170429280654,0.34094781215883463,0.16934073902891886,-0.10330785965303732,-0.05638741244252484,0.19653993577126283,0.12545003944568847,0.26586394026568066,0.22140426650941517,-0.05397445194399509,-0.10844297109706827,0.054973742718485284,-0.09466327725936138,-0.1453386352588673,-0.20377244220608978,-0.23002175489485135,-0.3762449298344875,-0.20167823474567492,-0.3187371004629888,0.18425678744750537,0.016517782435113836,0.23900580927411966,0.32428340332618794,0.17475635314649093,0.1844735395134235,-0.0959287268206775,-0.17921730191490887,-0.22270477890492393,-0.11253894763684466,0.43082182502051974,0.32689239694315836,-0.45813896038696617,-0.08392289364008,-0.4565467889615823,-0.43797942449138966,-0.30275004183633625,-0.07878140713528675,0.3342109666982763,0.31187912884794683,0.047390607941731944,-0.135905139095857,0.017778450700858244,-0.2890070045980126,-0.298144060435576,0.03154380065184996,-0.23233749571675605,0.49243838105331944,0.456604164508443,0.5969670648423367,0.4560096900923587,-0.002774745196790157,0.08103020981918733,0.05319510076580417,0.4414299261289834,0.41109260572639833,0.3695813975726956,0.20557977193220123,0.17347655969845963,-0.019963502777135846,-0.19609049398752082,-0.15552120106144762,-0.23059551036345816,-0.28528875040840235,-0.22741754257345265,0.024752767174812135,0.2060547139589924,0.04900349831459331,-0.2535584792292552,-0.2467052889097849,-0.2047510140331025,0.1104893656017659,0.19714397277849055,0.015545585668863406,0.02405629178653109
#18,-0.07097673899704357,-0.045184836917976874,0.23808780052434875,0.0815816525751261,0.19675031277641866,1.0,-0.07346141892914917,-0.1312848138083816,0.04987688163902812,0.35124194152475513,0.14485094311055152,0.47070898644502707,0.7793352405390114,0.21862155248667214,-0.15631967742192543,-0.12653379977527912,0.5086979735275602,0.1344436564161002,-0.10960482592099706,-0.16657396265808158,-0.19080556861557588,-0.07285100686115914,0.05830152443640479,0.19434372733865118,-0.08587844352891488,0.032952689080317794,-0.11533122425073114,0.011239232123931181,0.20029803409063743,0.21348962857302234,0.3374160284965216,-0.07658519870267513,0.06748798699487604,-0.002929340420275881,-0.08350373339495892,-0.16776928655101245,-0.05587262628596929,0.016073121946943558,-0.08515806166277522,0.04527886906422077,-0.0008861334459594068,-0.11135637386543841,0.05272334626939413,0.11877694459275315,0.13586529496609265,0.2167887225175115,-0.09672720318115532,-0.11768043414163791,0.04889671604682482,-0.044317828654304364,0.03758735825450836,0.11096749515893824,0.05612603495127063,0.04673397668321526,-0.08860218823960665,-0.1620588258731841,-0.08277857023324754,-0.034120918965008885,-0.11926941803664066,0.12622301556311707,-0.18576289555259823,-0.23416713815553555,0.1635697152738487,0.1609097211707799,-0.058091147431248956,-0.07408617488385436,0.29965494983624064,0.20113157328530787,-0.023946321988381453,0.09236506785455299,-0.11844066013754194,-0.06220465538812167,-0.14364286909609608,0.08339854489238101,-0.06856855979408553,0.051752743268334275,-0.261323303237734,-0.1352819769063424,0.428633585413861,0.1657977990102718,0.05592362677206767,0.24620325287475398,0.2552128074970715,0.5267186765373858,0.41938337224776673,0.07074723680960084,0.10150371745730702,0.05787917666090255,0.28037676609105183,0.12142896986986908,0.2755205635553714,0.21644287547115684,0.28282000812820246,-0.12094765278231558,-0.022051335176788405,0.16742981456542008,0.03177489660448326,-0.06784020910199301,-0.06501127588872331,-0.14406840440197946,-0.05313931898413407,0.07783152308170438,0.17613974133190957,-0.012055239901505312,-0.10975463984891105,0.033913729490234204,0.019710094111834504,-0.23291922001131574,-0.003283156292583414,-0.20743969590960165,-0.15947055120369116
#26,0.2825793495844257,0.3696068978157448,-0.09910191331511128,0.026330594713480864,0.36076946983400937,-0.07346141892914917,1.0,0.4233741602849652,0.33087521615440396,0.20111563563340212,0.3546541927977751,0.13720087019579405,0.002478304871343305,0.2543346428770649,0.15799153710683805,-0.10543872371283539,-0.2507263584856043,-0.018784116536110736,0.0678959908836631,0.17886348604260136,-0.17408537800125906,-0.2853971264413614,-0.15399596777406785,-0.091027898859661,-0.11671461243614978,-0.16296727203181155,-0.23114695311939693,-0.2639992349927085,0.1491493278295309,0.2054188016479532,-0.08139677581301946,0.14223238690243767,-0.10334451625242053,0.24423017156882276,0.044582393675939726,0.1648240084788308,0.2549338985887209,0.34534979161520135,0.1495732693702237,-0.0963909187259441,-0.061398210201690985,0.047229637657483926,0.13997880292296536,0.20689940950999688,-0.004771732980579971,-0.04780976818685303,-0.08043573540310306,-0.06964275753253273,-0.0567587597319287,-0.24975416171935388,-0.2782538708572066,-0.4094143709807234,-0.3787455474184988,-0.4920032831562926,-0.23703113420299787,-0.12151343942496952,-0.02059941508817506,-0.10547378654702802,0.06777486472917944,-0.0379411741268159,0.23493852050777358,0.18386631497581463,0.2547251153487557,-0.09850425136864585,-0.16146116392671866,-0.040510323614021945,0.42867024201324416,0.4551857134888317,0.0780610252691471,0.11829562750519966,-0.24147933284989123,-0.2658352524922503,-0.01009490871709871,-0.203146092486194,0.1890476456103722,-0.029267903959709615,0.3233813322283228,-0.15962195889679573,0.05614356636836695,-0.06786730311023277,-0.32522213102343633,-0.13956920526898772,-0.18389022145367323,0.24772848616213372,0.1286455386527903,0.4184940512714262,0.25340547777096,0.0961167911131653,0.07577715975105388,-0.03339894333367865,0.20262014997330444,0.19539561236443034,0.12012686370916972,0.1491174525257194,0.13771884388273076,-0.19676146913275266,0.001665484624150324,-0.15584314162994367,-0.13749571675605032,-0.17709600044625426,-0.2510259863414323,-0.07904756592211269,0.0629330060802142,0.020465538812166804,-0.17037987393317341,-0.19313724708938632,-0.24013100749866523,0.32075799472463723,0.07242547155527576,0.1560407685135749,0.04688379061112926
#49,0.5374479038003331,0.10173959470551204,-0.07420092597757573,-0.13570910597741634,0.3382989744120999,-0.1312848138083816,0.4233741602849652,1.0,0.08153702714979003,0.24837555482950696,0.237985799552152,0.03903609081274056,-0.2522149351736009,0.07235375212169991,0.02826861318521942,-0.10886053757699878,-0.039440907171146476,0.23163942656328443,-0.08083736423112783,-0.032900094829028836,-0.23123142267449737,-0.25024344763286027,-0.015722493605017172,0.15295523910462272,0.21723338300568176,0.12004876921483158,-0.21813386033835636,-0.1306361513758178,0.02449776474432022,-0.008502737291714812,0.016132091258994813,0.16384543665181808,0.17067790802381086,0.2995194797950418,-0.0037804110320426494,0.07764505255440717,0.14956370677908024,0.2717066834543267,0.3634087449896007,0.31584282287690557,-0.12470096980611846,0.1561539258421057,0.04172477268923969,0.11910047892643977,0.004064101235964905,-0.0016702659197220474,-0.05335925858043335,-0.050329510953151274,-0.1265146745929922,-0.2373721999537808,-0.20760385372423082,-0.2877606802189833,-0.2642526436580099,-0.25695160531998823,-0.05071679589446087,-0.02521495908007873,-0.10335089131318283,-0.009151399724278622,-0.06997904198774395,0.15904182836742664,0.21952362358453728,0.37450453824638014,0.09392377021093483,-0.196790156906183,-0.3073894923060985,-0.2867502330881591,0.24791655045462152,0.1476926264453458,-0.0018296424387794945,0.08637251073799297,-0.1140099929077449,-0.22391763421495112,-0.004279259536692459,-0.014077727928344316,0.23443967200312377,0.00417247726892397,0.30714086493636894,-0.16800516379921746,0.05025460398919427,0.08691917219836001,-0.1885918287658679,-0.04625265959566177,-0.4730597901011244,-0.01969893775550048,0.14668855437528389,0.38304074460709703,0.25888324873096447,0.1535369633991824,-0.02630828200081282,-0.174276629824128,0.2697096956705369,-0.12924001306887456,0.00472870132043446,0.036525910637585764,0.0003267218640677669,0.0734534501031963,0.14203954131437815,0.11783024806955192,0.12816740909561794,-0.09302488664345082,-0.0921961287443521,-0.01932440293571548,-0.1354301970690658,0.23773079712166006,0.04764720413741443,-0.011599423057001013,0.07671429368311167,0.2396895345408761,0.03384360382184893,-0.02264421582768211,-0.26399604746232735
#50,-0.1842982253424603,0.296196479372694,-0.2857780363219087,-0.0461012519025572,0.15577620349193952,0.04987688163902812,0.33087521615440396,0.08153702714979003,1.0,0.21364263003131748,0.31044952147200156,0.18836073281323462,0.24033022814748703,0.11001282980978412,0.2532014758265665,0.012093490266079098,-0.04705591725171131,-0.2118815194957327,0.24566456024033978,0.14236626317844592,0.11721186717560901,-0.1621719832017149,-0.2841173329933301,-0.3552327295619536,-0.21511208153702716,-0.2751890603957319,-0.36495310345926735,-0.44142036353784,0.3271888372686052,0.22776179585461673,-0.23680322578074572,0.043414163791248635,-0.28781008693989113,0.013822725497852401,0.040218664584146815,0.26209309182478147,0.15247710954745036,0.11093083855955502,-0.2604610762696332,-0.46980213405159016,-0.0781980890755365,0.17123413207532134,0.11954673317980062,0.10389755277354987,-0.02269202878339934,-0.08307501055869439,-0.33176453713074455,-0.4356381834264358,-0.36505829196184525,-0.33509710014423577,-0.4890133796587749,-0.4740272055718031,-0.49332451449927883,-0.42522770920160335,-0.14001067822677685,-0.2434731331032999,0.13238610555506858,-0.17045478089713043,-0.06061248396273777,-0.2594936607989545,-0.1539864051829244,0.0023428348301444747,0.2535345727513965,0.16107706651579023,-0.1675652846066189,-0.05367960538373882,-0.011404983703750926,0.11875303811489453,0.21071807090661332,0.20375969208456518,0.07131302345225478,-0.0986763780092279,0.03419104463339416,0.08339695112719044,0.12870769549522268,0.06613966164365004,0.21216520969965494,0.04737785782020735,0.2177497629274279,0.03181155320386647,0.05836527504402776,0.17715337599311493,0.1971917857342078,0.16455784969200488,0.1641880961677916,-0.021764457442484998,0.04377754225469962,-0.09755596108025405,0.10218425519368231,0.277106359919993,0.22408816709034257,0.2494593151590976,0.18340412307054801,-0.008995210735602324,0.11032998908270844,-0.1665229621719832,-0.1455888563937875,-0.2731283220043191,-0.2572910773055806,-0.1628700523551865,-0.3462056435225398,-0.22049263282040657,-0.06780833379818152,-0.16657077512770044,-0.27823155814453854,-0.23443489070755205,-0.3451346333144738,0.0124680250858641,-0.12183378622827498,-0.03674744399907562,-0.035051677836304376
#51,0.16859326315453943,0.2676425822183618,0.2646494911904629,0.266342069822853,0.31326411079855604,0.35124194152475513,0.20111563563340212,0.24837555482950696,0.21364263003131748,1.0,0.42733466678354276,0.29250531919132355,0.30922391604044974,0.1465801783423248,0.017786419526811113,0.1042704938281443,0.24127373714030712,0.14529879112910296,-0.09543784714198057,0.0986142211667955,-0.08910581803982819,0.01738479069878635,0.062467626644566454,0.14968164540318274,0.012985998772800803,-0.026198312202663183,-0.11211500609615185,0.07536756209707623,0.01921283937237527,0.06325494664871024,0.14122990859756632,-0.11497103331766131,0.08443130473587326,0.10345926734614189,-0.18272517909936328,-0.15724724876283977,-0.08699248539712644,0.10620213723912056,-0.0737722031413112,0.0522946234331296,0.07680832582935557,-0.03092701352309764,-0.08755667827458981,-0.13448509431105515,-0.14016846098064373,-0.02229199372056515,-0.11403868068117524,-0.14636183251121612,-0.06977344627815985,-0.21852114527966596,-0.13296145478886595,-0.13577923164580163,-0.2059128688570313,-0.07607200631131016,-0.16226123405238707,-0.05075504625903466,-0.25902987512849734,-0.09896006821315016,0.05644478798938552,0.08374757946911682,0.0877256173847907,0.1288941660225199,0.16132728765071042,0.1509949079202161,0.08495724724876284,0.0984516571173569,0.2429551594163632,-0.010502912605885775,0.14832853875638502,0.3291507622182024,-0.12138753197491414,-0.13273035883623266,-0.21615281020647228,-0.13684067926272422,-0.12327295619536374,-0.09095936695646631,-0.07182780960881033,-0.01795535863701201,0.17793910223206816,0.06368048195459362,-0.08703392329208137,0.03228012016989537,-0.022009897281833467,0.2693080668425121,0.1740327837499701,0.35948011379483463,0.2642861127270119,0.06685844974459913,0.09928041501645563,-0.09397795822741435,0.09117452525719386,0.012730996342308887,-0.013656973918032656,0.2019539561236443,0.15373777781319478,0.3295316720987497,0.06923156611336452,-0.11163847030417008,-0.0489604666544478,-0.12840488010901355,-0.26015826088342403,-0.10924304122273665,0.018745866171536948,0.07712867263266103,-0.12328889384726949,-0.06861796651499334,-0.1386910406489812,0.08622747810565069,-0.044754520316521766,0.012923841930368399,0.0011841675365968332
#52,0.043879543226896384,0.320998653268414,0.012111021683175419,0.06834702643259569,0.3202017706731267,0.14485094311055152,0.3546541927977751,0.237985799552152,0.31044952147200156,0.42733466678354276,1.0,0.31132768609200806,0.2537784188255544,0.2689701886221103,0.13447234418953055,0.005036298002215334,-0.10163281243774355,-0.12549466487102456,0.05061160739188295,0.06291069336754616,0.03041222736654209,0.028549115858760528,-0.04186661779120082,0.038849620285443344,-0.00645315525663604,-0.11176119022384431,-0.213161312943764,-0.10909003976444151,0.07632700874180207,0.0548542103291922,0.012774028002454398,-0.07981097944839786,-0.05795886492043127,0.052739283921299875,-0.1886938297380647,-0.049435408681238996,0.04568209165743611,0.08029867159671365,0.03672194375602642,0.031680864458239366,-0.08828662273187292,-0.05398401453513854,0.015379834089043662,0.07202703025763214,0.07393476719074979,0.08454286829921348,-0.2980229342810924,-0.2584322131820319,-0.1407756855182526,-0.17590545784889514,-0.21826614284917403,-0.13663667731833068,-0.24424770298591908,-0.11960889002223303,-0.09094821060013228,-0.095885695160532,-0.06975910239144467,-0.045879718541067344,-0.009712405071360836,-0.05390910757118154,-0.06114480153638965,0.08257297452366343,0.14237901329997052,0.1556901401716485,-0.05551084158770888,0.041378925642885034,0.33828781805576585,0.26935587979822934,0.05730860872267689,0.2421120576305493,-0.17280080325765604,-0.03322362916271546,-0.2343822964562631,-0.0956737243901856,-0.003463251759118329,-0.04879790260500921,0.006924909753046084,-0.17589748902294225,0.245476495947852,0.017768888109714796,-0.05112958107881966,0.16335136944274,0.033387786977344625,0.33286104758185975,0.056608945804014696,0.26378567045717155,0.11852353592745181,0.1956490210297317,0.04085776442556718,0.014233916917020615,0.0672345783295747,-0.06091529934894692,0.1089784762011013,0.07118870976738997,-0.013129437639952507,0.00321781191976986,-0.07319207261194208,-0.2032592498147248,-0.175239263999235,-0.23477436269314442,-0.13375355608858147,-0.20801982643897074,0.07796221182733148,-0.07299922702388258,-0.2993122903202671,-0.21798882770601408,-0.20424419670249983,-0.06659547848815434,-0.07829052745658982,-0.06155599295555786,-0.07873040664918837
#53,-0.11773462215811745,0.15402306178230762,0.05888006120058332,-0.00408003888787065,0.4338627290041358,0.47070898644502707,0.13720087019579405,0.03903609081274056,0.18836073281323462,0.29250531919132355,0.31132768609200806,1.0,0.47860131166875186,0.48118002374710134,-0.20445935500322737,-0.30865653563260526,0.11958657730956498,-0.15843619759500832,-0.10074667899178415,-0.055850313573301245,-0.19827235853341726,-0.326691582529146,-0.21680306640422667,-0.019904533465084587,-0.21516786331869725,-0.1753699527448621,-0.2539314202838496,-0.2340635434181482,0.10314848313397987,0.12099865326841397,0.0559156579461148,-0.030396289714636343,-0.08789774402537275,0.029318904445807998,-0.05748551665883066,0.051462678003649724,-0.054486050570169496,-0.02906549578050666,0.025348835356086986,-0.08248531743818183,-0.26759955055821627,-0.20124473061383866,-0.06751667476830639,0.1334905848321367,0.25586943875558815,0.15774290973710844,-0.2754679693040824,-0.23640797201348326,0.09960076181976109,-0.008486799639809067,-0.23723035485181967,-0.10974348349257704,-0.16308680442110463,-0.23814836360159058,-0.19229733283395356,-0.4319836798444485,0.13564057407422164,0.036967383595374895,0.09372614332730358,0.10701495748631354,-0.04162277171704293,-0.006652375905457849,0.26071448493493454,0.29139446485349313,-0.22711950848281523,-0.20233645976938217,0.4425933747181028,0.32053805512833794,-0.213910382583334,0.061052363155336326,-0.2889065973910064,-0.21561730510243926,-0.32631386017897984,0.11665245559371738,0.12105284128489349,0.14943779932902485,-0.09425367960538374,-0.16562567236968978,0.4179075456812948,-0.09309979360740782,0.1974659133469866,0.36860282574568287,0.08033214066571571,0.6680505861071488,0.5040425854058922,0.35642645968969394,0.21690187984604228,0.001345137820844855,-0.0089155224760736,0.1481739435328993,0.34641442676250506,0.3194782012766059,0.39515336005546303,0.016203810692570663,0.09943022894436962,-0.11612491931563723,-0.26425742495358157,-0.24121317406306528,-0.356770712970858,-0.1523575771581573,-0.10134434093824957,-0.07737730000239065,0.12042330403461658,-0.04790380033309692,-0.21257002605806086,-0.11612173178525607,-0.09522587637163417,-0.04892221628987401,0.16085872068468152,-0.11373108399939437,-0.090278829220091
#54,-0.3027532293667174,0.0658113460143917,0.002650431511925348,0.1713855397684259,0.10845412745340229,0.7793352405390114,0.002478304871343305,-0.2522149351736009,0.24033022814748703,0.30922391604044974,0.2537784188255544,0.47860131166875186,1.0,0.2318290846209628,-0.0157894317430213,-0.08156093362764864,0.289155224760736,-0.16214170166309397,0.11677836304377276,0.005997338412131741,0.004524699376040928,-0.0373913251360677,-0.09690251735211851,-0.06324379029237623,-0.17785144514658655,-0.1955788953613464,-0.09056251942401326,-0.09932025914621999,0.2966602650431512,0.2407876387571819,0.2142482608037358,-0.05864896524795002,-0.20485620253568043,-0.07313310329989083,-0.033330411430483944,-0.093413765349951,-0.03329534859629131,-0.05610850353417431,-0.1687590147343592,-0.17657324546374584,-0.019789782371363227,-0.14303723832367776,0.01717919498920224,0.01822629871940967,0.19449035373618404,0.18433328817665293,-0.08101267840209102,-0.13901138745228667,-0.021906302544446126,-0.10421152451609304,-0.046899728263035005,-0.012952529703798739,-0.055383340372462925,-0.04381101132370168,-0.026306688235622246,-0.1835619058244149,-0.0034010949166859246,-0.08496043477914399,-0.1724597375068731,-0.11947023245065305,-0.28069233159878554,-0.3465658344556097,0.2390408721083123,0.23908549753364836,0.044397516913833084,-0.029792252707408616,0.2856154722724701,0.2670736080453267,0.034728143502617756,0.11008773677374112,-0.06586234650049008,-0.04263800014343887,-0.06997426069217222,0.10344332969423614,-0.048558837826423035,0.04381419885408283,-0.21708994413853008,-0.10049167656129222,0.3954593629720533,0.09869231566113365,0.25573715624477045,0.2677334268342245,0.479076253695543,0.5862840567699161,0.29850425136864583,-0.041611615360708905,-0.04706547984285475,-0.04146020766760433,0.2428738773916439,0.31473196853907515,0.22259321534158372,0.18982062172780084,0.21040569292926073,-0.1945939484735714,-0.05341663412729403,0.00553036521129342,-0.1427360167026592,-0.23562543330491117,-0.2667134171122569,-0.2639530158021819,-0.2051829243997482,-0.1421495111125278,0.051682617599949,-0.15967455314808468,-0.2551984636103563,-0.1702810604913578,-0.19026368845078054,-0.2825251615679462,-0.06757405031516707,-0.22554486847452765,-0.11901919690172047
#58,0.011355576982843119,0.012373992939620207,-0.042980659659412376,-0.07017348134099403,0.48070986301588187,0.21862155248667214,0.2543346428770649,0.07235375212169991,0.11001282980978412,0.1465801783423248,0.2689701886221103,0.48118002374710134,0.2318290846209628,1.0,-0.12539744519439952,-0.2607049223437911,-0.011777924758345352,-0.05346125955263011,-0.2279195786084836,-0.13321964474973902,-0.12689399070834895,-0.22025675557220153,-0.05654678896158229,-0.003723035485181968,-0.20760225995904025,-0.21051725649260095,-0.14362374391380917,-0.23789336117109866,-0.09447840049725474,0.016254811178669046,0.18508713911179467,-0.03366510212050459,-0.002798651674648774,-0.12660711297404553,-0.06816693096606077,-0.10107977591661421,0.002505398879583071,-0.05818039828192113,0.24212958904764562,0.08213628286144602,-0.31141534317748965,-0.31708436596036305,-0.08051542366263179,0.014418793679127254,0.28360254683677455,0.25867287172580866,-0.2874498960068213,-0.21484432898501063,0.1286885703129358,0.06774777072093968,-0.230442508905163,-0.0973153025364773,-0.11154762568830734,-0.2852441249830662,-0.09192678242714501,-0.30609694873654264,0.25943469148690324,0.2087593334873973,0.08890181609543465,0.2407509821577987,0.1156021643331288,-0.01848608244547331,0.10312617042131182,0.08118161751229191,-0.2610619257464798,-0.07681310712492728,0.7719529201762705,0.3813258532620389,-0.3060778235542558,-0.08681238993059152,-0.4920893464765836,-0.3638629680689144,-0.27907306616516186,-0.1827427105164596,0.36323661834901866,0.38869542350325526,-0.07600347440811545,-0.2538740447369889,0.28599956968339857,-0.24924096932798892,-0.2697606961566352,-0.14049677660990206,-0.1784538883886237,0.6473475762815865,0.3934257185888803,0.542261074675868,0.27338651196519215,0.032755062196686564,-0.11698236498816629,-0.10806843627728327,0.28624341575755646,0.20405613241001203,0.15709743483492578,-0.008297141582130704,-0.03503892771477978,-0.05430276757325343,-0.15171688355154636,-0.37555961080254047,-0.4018854242204496,-0.33458868904844247,-0.22310800149813928,0.054573707655651095,0.12646208034170325,-0.06428611272701193,-0.3998023731163688,-0.3199738622508746,-0.2459960633999793,0.08526006263497199,0.17849692004876921,-0.085784411382671,-0.029591438293396236
#101,-0.2779478679406163,-0.020542039541314377,-0.39756791431918337,0.07769127174493382,-0.28218409581716325,-0.15631967742192543,0.15799153710683805,0.02826861318521942,0.2532014758265665,0.017786419526811113,0.13447234418953055,-0.20445935500322737,-0.0157894317430213,-0.12539744519439952,1.0,0.4796340715122441,-0.3210703727019898,-0.18725306600578537,0.723298456438413,0.5345695638661556,0.4808995210735602,0.21682059782132299,0.12357577158157289,-0.11660464263800015,0.3348436914789344,0.08379698619002462,-0.3125596665843221,-0.3649817912326977,0.6185243328100472,0.3945174477444238,-0.2622205930400274,0.20624118448628964,-0.21988859581317885,0.16845938687853118,0.4224529640048132,0.3538174660727235,0.5413064093267139,0.36245567340563717,-0.04448198646893353,-0.1975216951286567,0.3548486321510252,0.27284941309596855,0.21676800357003403,0.2629776315055503,-0.24062985600331502,-0.26578265824096137,-0.2836949852178279,-0.3032839531751787,-0.42416466781949014,-0.38193626533002895,-0.46145399198336107,-0.42858895998852486,-0.4076197913761366,-0.18422809967407502,0.18973774593789097,0.2845986500808836,-0.2524603750129493,0.023611631298360813,-0.25261815776681623,-0.49016248436117904,0.02127676529416921,-0.032053805512833794,0.5780076341352629,0.3130856090972117,-0.0928575412984405,-0.0763254149766115,0.04092151503319016,-0.011102168317541777,0.6165799392775463,0.4936002358772482,0.17926192734024496,-0.014171760074588211,0.3712118193626533,-0.27793989911466344,-0.050149415486616354,-0.3821498298655659,0.2319151479412538,-0.11467937428778618,0.19555339511829722,0.3516308202312553,0.01264971431758959,0.05258468869781415,-0.13104096773422372,-0.07312672823912852,-0.07886587669038721,-0.20006056307724182,-0.1400951477818773,0.15063471698714628,0.0015220457569986214,0.07258006677876148,-0.14100996900126705,-0.14013499191164167,-0.23222115085784412,-0.1486042601343544,-0.10511837690952992,-0.09160006056307725,0.24531552566360398,-0.31963279650009163,-0.21625481117866904,-0.19897520898246063,-0.308211875144435,-0.2642462685972476,-0.14842257090262892,-0.31821753301086153,-0.16026902756416897,-0.23748854481269274,-0.21167592378614858,0.07333232394871264,-0.13912613854600803,0.04619050275322937,-0.0414060196511248
#102,-0.1841850680139295,0.05155671014989362,-0.03822645809592873,0.2065742814111197,-0.43510267832240274,-0.12653379977527912,-0.10543872371283539,-0.10886053757699878,0.012093490266079098,0.1042704938281443,0.005036298002215334,-0.30865653563260526,-0.08156093362764864,-0.2607049223437911,0.4796340715122441,1.0,-0.10828996963877312,0.1489740136585677,0.3861661181458136,0.5823490505143877,0.28795990086780515,0.7336292424037166,0.09002860808517081,0.339511829722127,0.13054690052514564,0.3683047916550455,-0.14151678633186973,0.1422801998581549,0.0778363043772761,0.17059025093832925,-0.21797767134968005,0.019137932408418268,-0.09735674043143223,0.1266214568607607,-0.13176931842631626,0.07722111101371434,0.03395516738518914,0.3510618460582202,-0.5605017172819928,-0.0020240817920295804,0.3115428443927356,0.22194295914382933,-0.10322976515869917,0.12035636589661246,-0.41329997051534395,-0.13395596426778442,-0.1549601957143654,-0.19940233805353458,-0.29111236841476146,-0.2948306226043717,-0.20239861661181457,-0.11215485022591622,-0.19843014128728415,0.2334579126457299,-0.025347241590896415,0.6379539242483405,-0.5317183179402178,0.15014543107363992,-0.31706683454326673,-0.4705496099259696,-0.23193586688873127,-0.13715783853564853,0.24396401278199684,0.34210647945238226,0.3200296440325447,0.12230554072468504,-0.11408489987170191,-0.0333830056817729,0.604730295085625,0.29852178278574215,0.25101323621990773,0.18258333399740218,0.2876076787606882,-0.1419375403421814,-0.3393524532030696,-0.4317844591956267,0.01976906342388576,-0.009975376327805624,0.027992891807250037,0.510054267704739,0.12904238618524333,0.19217461291427934,0.01439966849684036,-0.27124767907944125,-0.26519455888563936,-0.29186143805433146,-0.32704699216664407,0.28233072221469613,0.07259281690028609,-0.11541888133621274,-0.3010287754305158,-0.36326052482687726,-0.36793503813083217,0.038282239877598837,-0.0018551426818286861,0.09813449784443258,0.3780044466048817,-0.09695670536859805,0.007423758257695894,0.027956235207866824,-0.17368534293842489,-0.09371179944058841,-0.09539003418626334,-0.08899425447648798,-0.029221684769182955,-0.054516332108790415,-0.13070308951382192,-0.19911705408442174,-0.4599128210440756,0.08373482934759222,0.09435727434277108
#201,0.23728454286829923,0.003192311676720669,0.5672290001514076,0.1505215596586155,0.05253050068133462,0.5086979735275602,-0.2507263584856043,-0.039440907171146476,-0.04705591725171131,0.24127373714030712,-0.10163281243774355,0.11958657730956498,0.289155224760736,-0.011777924758345352,-0.3210703727019898,-0.10828996963877312,1.0,0.5438420897449179,-0.3719561077066516,-0.3834806237996956,-0.17117516276327008,-0.03785829833690602,0.07601144323406832,0.2902023284909434,-0.014023539911864785,-0.09140402744463658,0.15310186550215557,0.08059829945254166,0.012907904278462654,-0.024634828550709625,0.5425909840703169,-0.283076604323885,0.4549275235279586,-0.19828988995051358,-0.2183251121612253,-0.27454517925873984,-0.2236626317844592,-0.250933547960379,-0.01767804349385205,0.024228418427113135,-0.08859421941365378,-0.037198479548008194,-0.1462502689478759,-0.10292216847691829,-0.009170524906565516,-0.005791742702547634,0.12199953780809474,0.14009355401668672,0.17824669891384903,0.22053088318498035,0.28041023516005387,0.3539194670449203,0.36944911506187794,0.19674393771565635,-0.06127070898644503,-0.21523958275227312,-0.16682099626262062,-0.2848616213373284,-0.018460582202424115,0.17234976770872348,-0.13286104758185976,-0.060728828821649705,-0.18142147917347337,-0.09676864107611026,0.09002063925921794,0.04958362884396242,-0.03355991361792667,-0.22691231900804054,-0.0014981392791400044,-0.09121915068252995,0.16073121946943555,0.2264039079122473,-0.08255544310656711,0.1583134776753341,-0.21096510451115238,0.05798117763309932,-0.41124082588912175,-0.051140737435153676,0.21737204057726175,0.04190168062539346,-0.0684904652997474,-0.04492664695710381,-0.041707241272143376,0.08576847373076525,0.18067559706428452,0.0785853740168461,0.05528612069583788,0.04619369028361051,0.020900636709193635,-0.15164357035277992,-0.005906493796268996,-0.03224824486608388,-0.008397548789136896,-0.015610930041676959,0.032457028106049134,0.4547474280614237,0.02792595366924591,0.33351289754480473,0.32715536819960317,0.2663038194582792,0.3081401557108591,0.4817155288511344,0.18408944210249503,0.2640438604180446,0.2817633418068516,0.3444572831084796,0.333347145964985,-0.18513335830232133,-0.1244236546629585,-0.10607304225868402,-0.09409908438189801
