,#10,#11,#12,#13,#17,#18,#26,#49,#50,#51,#52,#53,#54,#58,#101,#102,#201,#202,#301,#302,#401,#402,#501,#502,#601,#602,#701,#702,#801,#802,#901,#902,#1001,#1002,#1101,#1102,#1201,#1202,#1301,#1302,#1401,#1402,#1501,#1502,#1601,#1602,#1701,#1702,#1801,#1802,#1901,#1902,#2001,#2002,#2101,#2102,#2201,#2202,#2301,#2302,#2401,#2402,#2501,#2502,#2601,#2602,#2701,#2702,#2801,#2802,#2901,#2902,#3001,#3002,#3101,#3102,#3201,#3202,#3301,#3302,#3401,#3402,#3455,#3501,#3502,#3601,#3602,#3701,#3702,#3801,#3802,#3901,#3902,#4001,#4002,#4101,#4102,#4201,#4202,#4301,#4302,#4401,#4402,#4501,#4502,#4601,#4602,#4701,#4702,#4801,#4802
#10,1.0,0.20355728390536224,0.18216576751747166,0.25511399405525587,0.14603989194272007,0.10864856680665237,0.171879606977504,0.7219023181314697,0.1584553227772952,0.06185721457657643,-0.031972523488114496,0.2400258189960873,0.33540150929563545,0.16801313262517034,-0.1209588091386496,-0.3695495222688841,0.07497390209500435,0.3813306345576106,-0.16868251400521161,-0.12026073998517799,-0.37518507598275547,-0.22240355728390537,0.08876634605423583,-0.030895138219286154,-0.04589406242778252,0.09893456797010096,-0.06611575516579142,0.054317111459968606,0.19679334443656415,-0.0699567292750759,0.187063407948107,0.04446764258221836,0.006671501087744743,0.22284184271131335,0.031848209803249684,-0.10063352166325336,-0.021506267481611933,-0.05476177194813888,-0.03885121405063392,0.08187968666576353,0.08782921212217804,-0.12163615934464375,-0.20842623656256723,-0.26536349799584025,-0.11610260660296919,-0.2675772378455482,-0.017364071751308878,-0.13320689462821442,0.002913402768370136,-0.322358134975974,0.10097777494441744,-0.09534381499573667,-0.12937707687526398,-0.20655356246364223,-0.28708492377817973,-0.06809999282805665,-0.25834455609655027,-0.3578130354054937,0.20494704715154316,0.0877128672632661,0.2721449688817347,0.2859900070922551,-0.13659045812780404,-0.564036688474687,0.18106606953597526,0.14815003705504068,0.045473308417470854,-0.07466949294360462,-0.07849771693136451,0.04464933181394385,0.21239152435671652,0.13283076604323885,0.025087457864832775,0.08184303006638032,-0.2056945230259226,-0.1412442524842815,0.04877399612715059,0.04060116822988469,0.030031317485994788,-0.06983082182502053,-0.23326028576209867,-0.03287937588155137,0.18223908071623807,-0.12594251288957597,0.12497031612332556,0.29516531329439233,0.12864713241798087,-0.0900604833889823,0.07596522404354167,-0.1879447600984947,-0.15230338914167776,0.15944186343026082,-0.020978731203531782,0.34077090422268086,0.19799185585987616,-0.07299285196312028,0.3210528412848935,0.012203460064228738,0.3087266613009905,0.04474177019499717,0.001021603487158237,0.11072524284997091,0.15630055223963854,0.112118193626533,0.324230809074899,0.23205221174764323,0.11407374351536788,0.2872554566535712,0.06808086764576975,0.2452772752990302,0.21609862218999276
#11,0.20355728390536224,1.0,0.06560415653961701,0.4112695136625521,0.2221071169584585,0.1528309254197579,-0.02458701559499239,0.16823466598666018,0.2708603941381316,0.22378535170413344,0.02859533504928719,0.2532413199563308,0.23677772553769652,0.1354126656519695,-0.022483245543434085,-0.09086374104503184,0.034238857589111396,0.06065232809250213,0.016321749316673174,0.021952521734972787,-0.2518451816493876,-0.08570631688833284,0.078904127054961,0.1520579493023293,0.09068842687406864,0.08404242602937309,-0.05531321470407765,0.147931691223932,0.1070117699559324,0.19581477260955144,-0.06681541808445361,-0.19897999027803234,-0.2032464996932002,-0.10531441002797058,0.13851253894763685,-0.1606419686187634,-0.14333208488393406,0.03253034130481556,-0.33441815617305104,0.06155121165998614,-0.04151758321446501,-0.08333160675437688,0.09159846679788666,-0.03909665388998239,0.12247447983488592,0.07318251002079863,-0.02264899712325383,0.01857533329614548,-0.03656894229773128,-0.1742208480424579,0.05240778076166038,-0.10951716883551546,-0.27818215142363073,-0.27128911697439617,-0.33610754727506,-0.1886189227741077,-0.23053972858178803,-0.2720174676664887,0.17132657045637467,0.07064204830702292,0.010026376813904007,0.01653053255663843,0.25046816852473125,0.01858330212209835,0.2747284622556559,0.17040537417622262,0.034608611113324673,0.08195778116010168,-0.1401828048673589,0.03980109810421631,-0.09240491198431736,-0.07010335567260875,-0.1279395006733658,0.15214241885742974,-0.20340587621225764,-0.04291212775621767,-0.17431806771908295,-0.22935237351481005,-0.058583620875136466,0.021817051693773955,0.2527376901561093,0.13368661795057735,0.22460614077727928,0.21463235821466423,0.2963670122480855,0.08290447768330292,-0.008187171783981066,-0.0032321558064850307,-0.08435161647634454,0.1927196806094558,0.2162579987090502,0.056690227828733994,0.15773175338077441,0.08621154045374495,-0.019800938727697247,-0.1389030114193276,0.17571101849564505,-0.07105323972619114,0.0622588434046012,0.09543306584640884,-0.028824837236729912,-0.058263274071830996,-0.11862872443002973,-0.03748057598673987,0.11484353210241535,-0.07192502928543537,-0.11047183418466958,-0.05159177298408626,0.03927196806094558,-0.0026042123213986883,-0.03192630429758784
#12,0.18216576751747166,0.06560415653961701,1.0,0.345384854449394,0.09697742431607552,-0.009269338348381133,0.10559013140593997,-0.059219533186175684,0.05627584887918463,0.37941971009411185,0.05766879965574672,0.007957669596538342,-0.024658735028568243,-0.1843842886627513,-0.27703942178198887,-0.07958625855652687,0.08919825642088151,0.32592498147247967,-0.14501669469037126,-0.0035015021236921165,-0.24128329973145057,-0.1163321087904119,0.09932663420698229,0.07028026360876252,0.00444341735132163,-0.0277267330204241,0.1942305700101204,0.22756576273617607,-0.30766202615368676,-0.41541011562766456,0.17402640868920782,-0.015183800970603002,0.08982938743634901,0.07997194973264589,-0.25625991122727887,-0.10740861748838544,-0.4092581819920471,-0.2551235566463993,0.010292535600729945,-0.01109260572639833,0.19733681836655007,-0.2276327008741802,-0.20384734917004677,-0.13986564559443457,0.08185896771828606,0.0068037835985624235,0.13477994087131143,0.14709496449888038,0.04168492855947533,0.0995067296735172,0.2032401246324379,0.2749260891392871,0.16185801145917172,0.09554144187936792,-0.16338165098136093,-0.10526819083744392,-0.09875287873837547,-0.10415255520404179,0.3350413183625656,0.3933810931635442,0.14077409175306202,0.1462582377738288,-0.2313031421080732,-0.1493533297739244,0.25985066420164316,0.14177975758831451,-0.11870203762879615,-0.043651634804644235,-0.2345193602626525,-0.12003283156292584,0.16726087545521917,-0.01902796261026863,0.023865039963662155,0.05830630573197651,-0.3487333551147909,-0.3652750440277634,-0.06204527886906422,0.11148546884587494,-0.17349568488074651,-0.23266262381563324,-0.07364151439568409,-0.0800341065750783,0.04746710867087952,-0.13729490234203795,-0.16964355441512802,0.05331303938990668,0.09783965128417631,0.0850225916215764,0.08569197300161767,-0.031940648184303005,-0.06021404266509415,-0.08777980540127023,-0.08517081178429982,0.13628764274159488,0.23830774012064804,0.04316553642151902,0.11104080835770466,-0.0023763038991465387,0.23915562320203365,0.08699248539712644,0.20954187219596937,0.2952035636589661,0.10821506267481612,0.01051566272741037,0.17665133995808396,0.13340452151184565,0.1140227430292695,0.039227342635609494,0.15413940664121956,0.15643761604602793,0.21221621018575335
#13,0.25511399405525587,0.4112695136625521,0.345384854449394,1.0,0.1754703599518683,0.22100582521177156,0.2499836639067966,0.2431862553689965,0.2205149455330746,0.36510769868275306,-0.03997163097960777,0.1895050562200671,0.269948760449123,-0.14530994748543696,0.0352875550845094,-0.0001577827538668728,0.0989138490226235,0.09397955199260492,0.10464024735235758,0.05401270230856888,-0.16565276637792953,-0.12685574034377514,0.11633689008598364,0.12076915108097123,0.08466718198407829,0.10004064101235965,-0.01233255504466527,0.10777996477778928,-0.004441823586131055,0.04978763078835595,-0.05734367155686953,-0.03137964283722079,-0.13631633051502523,0.0676967702348413,0.0864394488759971,0.04699854170485063,-0.147931691223932,0.1314840344572034,-0.1509136258954968,0.23900262174373849,0.08481699591199228,0.036908414283323636,0.08575094231366892,0.04714198057200233,0.09337870251575835,0.042280996740750185,0.10128059033062659,0.041002797057909456,-0.07342316856457538,-0.2218074891026305,-0.01599183992222426,-0.1659858633027596,-0.17995999649371658,-0.1326713895241814,-0.3450517575245639,-0.08204225071520213,-0.26472280438922935,-0.21829801815298552,0.16776131772505956,0.10022233024408514,-0.06860043509789703,4.621919052665971e-05,-0.02387779008518675,-0.18068675342061855,0.20221373984970795,0.2063623106407733,-0.12457346859087251,0.037631983679844445,-0.11376136553801529,0.05553793559594865,-0.08509112352477109,-0.12073249448158803,-0.11102965200137063,-0.015268270525703448,-0.17840926296328763,-0.16202854433456318,-0.19170604594825044,-0.19470073074133987,-0.14693558797982292,0.10879678696937581,0.07483843205380551,0.11393030464821619,0.27221509455011994,0.03587087314425966,0.03761126473236698,-0.0715058690403143,-0.049079999043740885,0.163650997298568,0.07980301062244499,0.02386025866809043,0.10860553514650687,-0.026850162165608142,0.10457330921435345,0.041324737626405504,0.11175481516308203,-0.09168453011817769,0.26411079855604874,0.057098231717521056,0.1489230131724693,0.09528643944887599,-0.09462662065997816,0.006783064651084956,0.00605790148937357,0.047020854417518666,0.14762887583772283,-0.049393970786284054,-0.10833778259449035,-0.12448899903577205,-0.06498736941086469,-0.009028679804604388,0.11268398026918694
#17,0.14603989194272007,0.2221071169584585,0.09697742431607552,0.1754703599518683,1.0,0.4850480918646256,-0.10529050355011196,0.2413741443473133,0.06682657444078764,0.14910310863900422,0.22040816326530613,0.7249862537752313,0.5726047701392154,0.07196965471077146,-0.2974204910390552,-0.3725394257664018,0.3262134529719736,0.23442532811640862,-0.36785216234092233,-0.2956769119205667,-0.2721704691247838,-0.285057654455769,0.4116312983608125,0.24421742144729816,0.00886930328554694,-0.02469061033237973,-0.1739722206727283,-0.06914072149750178,-0.005098454844647738,-0.044611081449370066,0.3078724031588426,0.01890046139502267,0.348519790579254,0.1210464662241312,0.002468742280199858,-0.16763541027500417,-0.2408242953565651,-0.01418929149168453,0.09175146825618181,0.17516595080046857,0.17491254213516721,-0.31335495541441877,0.33134697065081403,-0.10236435066021723,0.43650997298568,0.15634836519535578,0.07630788355951518,0.09868434683518078,-0.06167074404927922,-0.22171823825195833,0.01661500211173888,-0.10722852202185051,-0.04020432069743165,-0.1738096566232897,-0.21503239327749843,-0.3058419463060507,-0.06633250723170955,-0.3344532190072437,0.37401684609806435,0.19921746129142792,-0.0011522922327853438,0.1048697495398003,0.043994294320617744,-0.235835810310067,-0.1931818725147224,-0.1746830399477245,0.06401198511423312,-0.190348158005881,-0.4956992246332348,-0.28239766035270025,-0.38065009682123535,-0.2179936090015858,-0.17605527177680913,0.0868825155989768,-0.284297428459865,-0.27720039206623687,-0.2624867518268533,-0.14426921881599183,0.08572384830542916,0.03505486536668553,0.04905928009626342,0.2472933882651069,0.44755795328674225,0.4344173592904557,0.5742001290949804,0.06285650535106663,0.110545147383436,0.15071121771629387,0.14779622118273314,0.2032767812318211,0.10489843731323065,0.164014375762019,0.314889751292942,0.21955549888834877,0.129549203515846,-0.05348038473491701,0.08652551219628812,0.12908382408019825,0.12658320649618693,0.06931444190327439,-0.10325367163655778,0.2982269362254859,0.09073783359497645,0.5000438285427408,0.1692961136035828,0.20349193953254868,-0.007038067081576871,0.027269322410729227,0.12900254205547895,0.10773693311764378,0.1689263600793695
#18,0.10864856680665237,0.1528309254197579,-0.009269338348381133,0.22100582521177156,0.4850480918646256,1.0,0.09879909792890214,0.3596745531480847,-0.055348277538270284,0.03723513614739141,-0.002521336531488816,0.6380447688642032,0.6666783542780642,0.009900469363848623,-0.0856776291149025,-0.34333686617950576,0.15404378072978508,0.21693694268023492,-0.23178764672600785,-0.30593438468710404,-0.034613392408896396,-0.3398895520722932,0.2903903927834312,0.005994150881750592,0.017142538389819027,-0.22729801018415957,0.03054929117293149,-0.06095514347871128,0.14936767366063958,0.044864490114671404,0.1756329240013069,-0.023363003928631196,0.29756233614101635,0.16790475659221127,0.10285523033891417,-0.044582393675939726,0.004582074922901609,-0.010657507829371499,0.168070508172031,-0.07723864243081068,0.10479962387141502,-0.21185761301787406,0.28764274159488085,-0.0837603295906414,0.33505247471889965,-0.0033851572647801797,0.038302958825076304,-0.1428794555698109,0.04337113213110312,-0.15033030783574655,0.07148355632764625,-0.040424260293730925,0.022392400927571342,-0.22421407454039796,-0.08249169249894413,-0.3437321199467682,0.05999091553841372,-0.29562431766927777,0.195591645482871,0.05635713090390393,-0.1803456876698356,-0.02631943835714684,0.0027763389619807313,-0.14903776426619067,-0.2355919642359091,-0.25007610228784993,-0.049953382368175696,-0.20004143789495493,-0.293885519846361,-0.16965630453665262,-0.25894699933858745,-0.10988373482934759,-0.1860529608172828,0.04261887496115197,-0.15697152738487039,-0.17020455976221024,-0.2993569157456032,-0.17676290352142418,0.0753324992628836,-0.017431009889313006,0.10381627074883057,0.27145008725864417,0.4628596928814478,0.4646765851987027,0.33198128919666264,-0.025315366287084924,0.020868761405382144,0.023563818342643577,0.12200910039923818,0.15470678704906407,0.06339360422029022,0.06922519105260222,0.08754233438787463,0.0841794898357625,0.09799424650766203,-0.08550869000470161,-0.14734359186860999,0.20581405541521566,-0.005978213229844847,0.129024854768147,-0.038189801496545515,0.21324100120329273,0.04574902979544024,0.38284630525384694,0.20299627855828,0.14208894803528596,0.05203324594187538,-0.07231231422674497,0.1494728621632175,-0.017789607057192264,0.07871287523209206
#26,0.171879606977504,-0.02458701559499239,0.10559013140593997,0.2499836639067966,-0.10529050355011196,0.09879909792890214,1.0,0.11599423057001013,-0.046612850528731604,0.27671907497868337,-0.1091521966068739,0.03855955502075879,0.17552136043796668,0.07567834630923825,0.1819378590952195,-0.04557849692004877,0.13103299890827083,0.002200989728183347,0.14393930942154293,-0.052214935173600874,-0.0130736558582824,-0.1913410737196089,-0.13294870466734135,-0.1617719481388807,-0.02589868434683518,-0.11073002414554264,-0.08857509423136689,-0.18849460908924287,0.18023093657611425,-0.1381714731968539,-0.07984604228259051,-0.10140968531106312,-0.09369108049311095,0.07937110025579931,0.04583509311573126,0.188786268119118,0.15526938616133684,-0.09751452318529912,0.006510530803496721,-0.13918510785805926,0.18013212313429863,0.08508634222919938,-0.13392887025954467,-0.2774984261568743,-0.2654559363768936,-0.25520802620149974,-0.23902971575197826,-0.22995322299165663,-0.05269147096558264,-0.08971463634262763,0.0753691558622668,-0.042027588075448846,-0.0332459418753835,-0.09888356748400258,0.09659970196590936,0.014141478535967296,-0.10102240036975352,-0.0925515383818502,0.0023842727250994113,-0.04520874339583549,0.14432500059766196,0.20725800667787614,0.001230386727123493,-0.0018089234913020264,-0.01690506737642343,0.11775534110559491,-0.001206480249264876,0.048875997099347354,0.23874283801767485,0.21815936058140553,0.2873510825650057,0.11712739762050857,0.15467809927563372,-0.03140833061065113,-0.053926638988277854,0.12703902334069123,0.20794970077058547,0.22219158651355897,-0.04904652997473882,-0.07689598291483715,-0.1714174150722374,-0.32702946074954775,-0.004873733952776738,-0.1471555275761222,-0.23912852919379388,0.17473563419901347,0.13891098024528045,-0.11019292527631903,0.14316314577373315,-0.15513710365051916,-0.23118998477954242,0.057885551721664846,-0.1505837165010479,0.11136593645658185,0.22006869127971376,-0.11957063965765924,0.01384344444532987,0.053348102224099324,-0.005990963351369442,0.13973973814437918,-0.018954649411502204,0.18087481771310632,0.014672202344428596,-0.15453466040848202,0.05200296440325447,-0.05611965989050833,-0.08452055558654543,0.30970523312800324,0.14172238204145382,0.17094406681063679,0.20700778554295596
#49,0.7219023181314697,0.16823466598666018,-0.059219533186175684,0.2431862553689965,0.2413741443473133,0.3596745531480847,0.11599423057001013,1.0,0.1329773924407717,0.03927037429575501,0.054256548382726776,0.44348747699001506,0.5204950234681924,0.2089410227191228,-0.08980707472368096,-0.30145749826678037,-0.020814573388902614,0.46174724477842677,-0.2487038704587653,-0.29619488560750346,-0.23451139143669963,-0.1728549912741356,0.1697328052658002,0.01115316880364016,0.08314513622707967,0.08789296272980102,-0.04619687781399166,0.021402672744224593,0.1360055463028632,-0.05309788108917913,0.27744583190558536,0.17949780458845,0.09504418713990868,0.3045143399023022,-0.017772075640095943,-0.12328092502131661,-0.012907904278462654,0.0803082341878571,0.02108073217572855,0.18245264525177507,0.10510243925762418,-0.19991553044489954,-0.1151957542095323,-0.24350500840711137,-0.062266812230554074,-0.1613033811728518,-0.018028671835778436,-0.19839667221828208,-0.06146036704412339,-0.2845269306473077,-0.020634477922367698,-0.22189673995330267,-0.1671046864665429,-0.2674162675613002,-0.15903864083704547,-0.10911235247710954,-0.07804986891281307,-0.29697423678569435,0.16971686761389446,0.11794021786770155,0.15462072372877303,0.2782714022743029,-0.09487206049932663,-0.4428308457314984,-0.02339647299763326,0.06722501573843126,0.14262445313931899,-0.04020591446262222,-0.06217437384950075,0.02891568185259266,-0.0254603989194272,0.033746384145223886,0.03131907975997896,-0.02770123277737491,-0.09179449991632732,-0.03579118488473093,-0.0004829108527440652,0.01092526038138801,0.12472009498840536,0.010569850743889903,-0.33794515853979235,-0.042512092693383484,0.3666504633872292,0.03925443664384926,0.25153599120241615,0.1763007116161576,0.06886659388472297,-0.025924184589884373,0.12937548311007338,-0.27602897465116466,-0.14621839364406441,0.01298121747722908,-0.041240268071305056,0.22476073600076502,0.1160579811776331,-0.005128736383268653,0.24692363474089363,0.09699336196798125,0.27609910031954993,-0.0167759723959869,-0.11533759931149344,0.05408601550733531,0.2247432045836687,0.3371801512483166,0.3783072619910908,0.2141414785359673,0.01585636988102543,0.2640327040617106,0.07810246316410203,0.18003012216210185,0.1485229781096351
#50,0.1584553227772952,0.2708603941381316,0.05627584887918463,0.2205149455330746,0.06682657444078764,-0.055348277538270284,-0.046612850528731604,0.1329773924407717,1.0,0.05766879965574672,0.03925762417423041,0.12558869701726844,-0.06791511606595001,0.20394935014224355,0.029905410035939405,-0.06097745619137932,-0.049545378479388634,-0.014380543314553467,0.10995386049773287,0.21695925539290295,-0.25600490879678695,-0.09206703376391556,-0.08912813075249623,0.03529233638008112,-0.23034528922853795,0.2406139183514093,-0.21875383499748982,0.06403270406171059,0.11562925834136857,0.30946298081903595,0.004142195730303055,0.14866322944640567,-0.09463458948593104,-0.02526755333136769,0.20368159759022703,-0.014100040641012359,-0.037490138577883324,0.027168915203723037,-0.2549115858760529,0.1289690729864769,-0.1826869287347895,0.020618540270461953,-0.00028847149949397954,-0.015724087370207748,0.046381754576098305,-0.18958474447959583,-0.01424985456892636,0.15044665269465848,-0.04592593773159401,-0.3061766369960714,-0.11513519113229048,-0.22280518611193012,-0.37622739841739117,-0.23964650288073058,-0.470012511056746,0.04294878435560089,-0.32372239797910574,-0.27063407948107004,0.11126712301476624,-0.04441026703535768,0.10438843245224681,0.04889830981201539,0.15871670026854942,-0.0722230633760728,0.2654909992110862,0.3814931986070492,0.2550550247432046,0.22295659380503471,-0.15633880260421232,-0.03746782586521528,-0.027793671158428228,0.04607415789431743,-0.1476065631250548,0.18427113133422052,-0.21961287443520947,-0.03599040553355274,-0.015414896923236299,-0.09598928989791934,0.12635051677836304,0.2016670783893409,0.20304249774880667,0.14877638677493646,0.2827690076421041,0.18640677668959033,0.047636047781080416,0.050766202615368676,0.018425519368231478,0.07120624118448629,-0.2262732191666202,0.1642996597311318,0.24981313103140515,0.05488608563300369,-0.09282088469905729,0.1760441154204751,-0.0005880993553219804,-0.2633888229247185,0.37524723282518785,-0.1696005227549825,0.2308983257496673,0.08752161544039716,-0.0015650774171441322,-0.06553084334085059,0.035917092334786314,-0.05787917666090255,0.08789455649499159,0.040889639729378674,-0.034316952083449544,0.02601981050131884,-0.15220935699543386,0.2257855270183044,0.19634709018320332
#51,0.06185721457657643,0.22378535170413344,0.37941971009411185,0.36510769868275306,0.14910310863900422,0.03723513614739141,0.27671907497868337,0.03927037429575501,0.05766879965574672,1.0,0.09131796412434556,0.11305214002820964,0.18786825936934712,-0.12608117046115597,-0.12569547928503694,0.0020448007395070483,0.3403820255161807,0.0725163161711385,-0.10558375634517767,-0.07914637936392831,-0.19260652328092503,-0.04726948178724828,0.043530508650160574,0.10703089513821928,0.23909984142036353,0.06934631720708588,-0.06674847994644949,-0.02900174517288368,-0.07751436380878005,-0.08794555698108998,0.010679820542039541,-6.693813800412785e-05,-0.04907521774816916,0.18106606953597526,-0.19756153925842107,-0.0075114153431774895,-0.20874498960068213,0.05980922630668824,-0.08146849524659532,0.17507669994979638,0.17945158539792333,-0.09043979950433903,-0.18926599144148093,-0.1597797416506626,-0.06682338691040648,0.12661826933037956,-0.10656073440699981,-0.1456589820621728,-0.08982619990596785,-0.02552414952705018,-0.0482863039788348,-0.056345974547569906,-0.036996071368805235,0.14562870052355187,-0.029741252221310233,-0.009333088956004112,-0.15398799894811496,-0.054752209356995436,0.1768617169632398,0.34614029914972627,0.06867534206185402,0.052278685781223855,-0.1169202081457339,-0.11683573859063344,0.17163576090334612,0.14775956458334993,-0.14648295866569977,-0.0651993401812111,0.07059901664687741,0.06510212050458605,0.09824924893815394,0.07813433846791352,0.12092215253926639,-0.005052235654121078,-0.22807098630158817,-0.1355114790937851,-0.041563802404991676,0.1090151328004845,-0.255353058833842,-0.1657977990102718,-0.20456932480137702,-0.296110416052403,0.13206416498657253,-0.11765174636820758,-0.015932870610173004,0.053590354533066646,0.08425917809529122,0.004851421240108695,0.07124608531425065,-0.13352564766632932,-0.029261528898947318,-0.03179880308234188,0.16753500306799798,0.1310680617424635,0.2614778984612197,0.04476248914247464,0.19076731825100207,0.10025898684346835,0.20787798133700963,0.05622962968865797,-0.045219899752169515,0.0634701049494378,0.06599781654168892,0.024974300536301987,-0.059455410434380705,-0.0440660137541936,-0.12201228792961932,0.012989186303181952,0.07766577150188463,0.10607144849349345,0.15808397548789138
#52,-0.031972523488114496,0.02859533504928719,0.05766879965574672,-0.03997163097960777,0.22040816326530613,-0.002521336531488816,-0.1091521966068739,0.054256548382726776,0.03925762417423041,0.09131796412434556,1.0,0.20030440915139971,0.0542613296782985,0.08982301237558671,-0.2651626835818279,0.1271346492521257,-0.07757173935564074,0.3162651706524078,-0.10907410211253576,-0.02901927658998,-0.024242762313828305,0.11218672552972771,0.06728239128529194,0.10900875773972221,0.000586505590131406,0.042980659659412376,0.0637761078660281,0.14104025053988795,0.06863231040170852,0.05395373299651762,0.24331056905386128,0.021103044888396594,0.18411812987592538,-0.011707799089960075,-0.12463243790292376,-0.4638016081090773,-0.19637577795663366,-0.21882874196144683,0.05257512610667071,0.006690626270031636,-0.24835005458645779,-0.29829387436349003,-0.013245782498864442,-0.047283825673963456,0.24149527050179698,0.10553434962426986,-0.020255161807010973,-0.004755795328674226,-0.04191602451210863,0.1286821952521735,0.0020288630876013035,0.08475643283475046,-0.007562415829275873,0.072023842727251,-0.03977559786116711,-0.15366287084923777,0.12068627529106137,-0.008207890731458535,0.15569970276279196,0.16261823745507575,-0.04282447067073608,-0.04357832160587781,-0.199839029715752,-0.09774402537274184,0.038094175585111044,0.05982197642821283,0.0034712205850712012,0.10992517272430252,-0.17323590115468288,-0.23072619910908526,-0.22553689964857476,-0.03444764082907665,-0.3114073743515368,-0.15217429416124123,-0.2313796428372208,-0.18470144793567564,-0.22509064539521392,-0.12381164882977791,0.14157575564392097,0.1388775111762784,0.07830646510849557,0.15440237789766434,0.23779614149447362,0.207254819147495,0.08134736909211165,-0.1438102144411064,-0.11086071289116975,-0.15492194534979162,0.08714548685542159,0.011554797631664927,0.361340037772235,-0.11180103435360868,0.10866450445855812,-0.03991425543274709,-0.15330427368135852,0.06551012439337313,0.05531321470407765,0.0035493150794093506,0.10460677828335552,-0.10597741634724955,-0.07265975503829021,-0.038008112264820024,0.28015523272956194,0.39441544677222706,0.20386966188271483,0.1396010805727992,-0.07338173066962045,0.024786236243814198,0.006027619950752656,-0.10247432045836687,-0.07599231805178143
#53,0.2400258189960873,0.2532413199563308,0.007957669596538342,0.1895050562200671,0.7249862537752313,0.6380447688642032,0.03855955502075879,0.44348747699001506,0.12558869701726844,0.11305214002820964,0.20030440915139971,1.0,0.7727019898158405,0.283698172748209,-0.15556901401716486,-0.38736781709950674,0.21934512188319294,0.23543418148204226,-0.30499246945947456,-0.309368948672792,-0.20524986253775232,-0.27884515774290974,0.45395373299651764,0.20898086684888714,0.045156149144546534,-0.07612300679740854,-0.08266700666990733,-0.02318290846209628,0.1802389054020671,0.045994469634788704,0.3043422132617202,0.08977201188948832,0.2665476655324371,0.016796691343464367,0.1797018065328435,-0.2610300504426683,-0.13547801002478305,-0.03020663165695798,0.08857190670098575,0.021617831044952147,0.16868092024002104,-0.3496290511518938,0.29455808875678346,-0.21890046139502267,0.4025372741833946,0.06657635330586745,-0.03986166118145813,-0.053091506028416835,-0.054889273163384836,-0.28451418052578314,-0.0408131390002311,-0.2230936576114241,-0.1453386352588673,-0.33760090525862824,-0.22978906517702746,-0.40644359266549257,-0.015043549633832448,-0.3903449704754998,0.3476001880642925,0.05867605925618979,-0.1309979360740782,0.02232068149399549,0.09237463044569644,-0.2014104821936584,-0.14545338635258867,-0.1230817043724948,0.1405700898086685,-0.0281076429009714,-0.447349170046777,-0.12654814366199427,-0.39252205372582455,-0.20472870132043447,-0.275608220640853,-0.04910231175640893,-0.20817760919283762,-0.1200726756926902,-0.39747388217293944,-0.2749882459817195,0.2227557793910223,0.07698364000031875,0.13660320824932862,0.3028345113914367,0.6381850202009738,0.6117986437058228,0.6131039373969033,0.0230506259512786,-0.03599518682912446,0.1785112639354844,0.15490122640231416,0.20361944074779462,0.16880045262931412,0.13730605869837198,0.28919028759492865,0.1217891608029389,0.009014335917889218,-0.05865215277833117,0.05982197642821283,0.054017483604140604,0.08380654878116807,-0.026866099817513887,-0.12935795169297706,0.2796707281116273,0.050675357999505934,0.45211134043621354,0.22494401899768107,0.10447768330291898,-0.10090764927603216,-0.056054315517694776,0.15698587127158556,0.010506100136266924,0.05189140083991425
#54,0.33540150929563545,0.23677772553769652,-0.024658735028568243,0.269948760449123,0.5726047701392154,0.6666783542780642,0.17552136043796668,0.5204950234681924,-0.06791511606595001,0.18786825936934712,0.0542613296782985,0.7727019898158405,1.0,0.20118894883216856,-0.02501573843125692,-0.4351425224521671,0.20705400473348262,0.24121636159344645,-0.28892094127772155,-0.46985154077249797,-0.08258253711480687,-0.38616133685024184,0.37369171799918716,-0.001867892803353282,0.18284789901903753,-0.14702324506530454,-0.06187315222848218,-0.24917403118998477,0.23282518786507184,0.037145885296719236,0.197827698045247,0.04197977511973161,0.2675533313676896,0.1454326674051112,0.021571611854425486,-0.08764752289045255,0.057415390990445375,-0.0017913920742057073,0.20042075401031165,-0.00811385858521464,0.2500649459315159,-0.217880451673055,0.15277195610770666,-0.32414633951979854,0.22153814278542341,-0.04760257871207835,-0.16290033389380743,-0.2853907513805991,-0.008934647658360493,-0.3393253591948298,0.041125516977583695,-0.21466104598809457,-0.004736670146387333,-0.37391803265624873,0.025920997059503223,-0.34198535329789864,0.07016073121946943,-0.4579891464590522,0.28067798771207036,0.042690594394727825,-0.06806174246348286,0.11266963638247177,-0.023740726278797347,-0.21662775223326347,-0.21666919012821842,-0.19117532213978913,0.03756504554184032,-0.21348962857302234,-0.2411876738200161,-0.0015316083481420682,-0.2409948282319566,-0.05426611097387022,-0.0786857812238523,-0.19645227868578122,-0.10615910557897505,-0.087956713337424,-0.21303859302408976,-0.11733618086047383,0.100005578178167,-0.03178286543043613,-0.10784212162022169,0.0744399907561619,0.5715736040609137,0.4311294217023006,0.48184143630118975,0.10545784889512227,0.07380089091474153,0.00837364231127828,0.257364390504347,-0.06700666990732256,-0.10203762879614946,0.050649857756456744,0.03749810740383619,0.16794300695678505,0.13841691303620238,0.09835443744073186,-0.0036640661731307126,0.26055829594625823,0.04213118281283618,0.08422730279147973,-0.1516579142394951,0.2167823474567492,0.08342723266581134,0.4599510714086494,0.25709185665675877,0.16482878977440255,-0.07856943636494035,-0.011505390910757118,0.17102853636573723,0.08174581038975527,0.1128863884483899
#58,0.16801313262517034,0.1354126656519695,-0.1843842886627513,-0.14530994748543696,0.07196965471077146,0.009900469363848623,0.07567834630923825,0.2089410227191228,0.20394935014224355,-0.12608117046115597,0.08982301237558671,0.283698172748209,0.20118894883216856,1.0,-0.027927547434436484,-0.009349026607909856,-0.042696969455490126,0.0696634764800102,-0.09369745555387325,0.14289539322171665,-0.1290694801934831,0.08999673278135932,-0.009713998836551411,-0.01072922726294735,-0.0851405302456789,0.03488433249129406,-0.21258915124034777,-0.0207030098255624,0.18537561061128863,0.08396911283060667,0.32385468048992344,0.0108009466965232,-0.04870068292838416,-0.1758576448931779,0.10375411390639817,-0.24139008199921905,0.07060539170763971,-0.07413398783957159,-0.10806843627728327,-0.14800978571827011,-0.13071424587015595,-0.10976738997043566,-0.04133430021754895,-0.20186151774259098,-0.04057248045645435,-0.15262214217979264,-0.31096908892412883,-0.17792794587573413,-0.2908414283323638,-0.32660711297404554,-0.2050442668281682,-0.24023141470567141,-0.3279458757341281,-0.2629999442182183,-0.24035413462534566,-0.06795336643052378,-0.08242316059574943,-0.048208209484496646,0.06631656957980381,-0.20263608762521018,0.23093816987943167,0.22442763907593494,0.26787527193618565,0.020554789662838975,-0.046023157408219044,-0.08706739236108345,0.5704053741762226,0.46517065240778077,-0.09999920311740472,0.13501741188470703,-0.027143414960673844,0.006816533720087019,0.026152093012136522,0.04070476296727203,-0.001045509965016854,0.11434149606738439,0.06957103809895689,0.031417893201794576,0.2886978141510411,0.0645809592872682,0.08104295994071194,0.2147216090653364,0.16835101084557214,0.21988062698722596,0.3926081170461156,0.3205412426587191,0.12148156412115803,-0.020529289419789782,0.07275059965415295,0.11004629887878618,0.049835443744073185,0.132448262397501,0.02187602100582521,0.16709671764059,-0.14498163185617863,-0.23260365450358197,0.002978747141183689,-0.21931484034457202,-0.08110830431352549,-0.08671038895839477,-0.11702220911793065,-0.06907218959430707,3.187530381148945e-05,-0.09011148387508068,0.0032480934583907755,-0.09892341161376694,-0.04168174102909419,0.20765326044513863,0.09652479500195237,0.17404872140187586,0.00943190239781973
#101,-0.1209588091386496,-0.022483245543434085,-0.27703942178198887,0.0352875550845094,-0.2974204910390552,-0.0856776291149025,0.1819378590952195,-0.08980707472368096,0.029905410035939405,-0.12569547928503694,-0.2651626835818279,-0.15556901401716486,-0.02501573843125692,-0.027927547434436484,1.0,0.23201236761787886,-0.003192311676720669,-0.37620986700029485,0.7216887535959328,0.1635824653953733,0.5238004924734438,-0.025712213819537966,0.006676282383316466,-0.13812525400632725,0.1519639171560854,-0.05461992684617775,-0.20849636223095253,-0.43990947413717535,0.3409796874626461,0.23676497541617195,-0.3082692506912956,0.09814406043557602,-0.2754121875224123,-0.1525376726246922,0.38314752687486553,0.39786594840982076,0.6995131047342795,0.3424459514379746,0.22709400823976603,-0.051457896708078,0.10514547091776968,0.5753460462670035,0.15986899250133477,0.21707400648662434,-0.1638438428866275,-0.1106630860075385,-0.3208854959398832,-0.21657356421678395,-0.17719640765326045,-0.4025643681916343,-0.2333766306210106,-0.37560582999306713,-0.29303444923459426,-0.20422347775502236,0.3030974826478815,0.1993943692275817,-0.008078795751022001,-0.02665731657754863,-0.40052753627808013,-0.49115061877933525,-0.09440508729848832,-0.12310242331997227,0.37220314131119064,0.31584919793766786,-0.15804094382774586,-0.016232498466001003,0.09275075903067201,0.09130680776801153,0.591355417606324,0.377572536238236,0.047338013690442986,0.08203109435886811,0.1838169082549068,-0.08139677581301946,0.4016973599279618,0.2728876634605424,0.12106718517160867,-0.08018073297261115,0.25547737251870684,0.2719266230506259,-0.06723617209476528,-0.07157599470869956,-0.1523432332714421,-0.04678019587374192,-0.11634964020750822,-0.23737060618859024,-0.1926399923499271,0.17444238140394774,0.053529791455824816,-0.041527145805608456,-0.16903473611232858,-0.07212424993425719,-0.14985695957414594,-0.32470893863207134,-0.22512730199459713,-0.008058076803544534,-0.030176350118337067,-0.20007012566838528,-0.3228888587844353,-0.08382089266788324,-0.24288822127835905,-0.31592251113643427,-0.0390711536469332,-0.2525145630294289,-0.15104750217150506,-0.27744423814039476,-0.28264150642685815,0.029264716429328468,-0.11101849564503662,-0.20096582170548813,-0.20018009546653492
#102,-0.3695495222688841,-0.09086374104503184,-0.07958625855652687,-0.0001577827538668728,-0.3725394257664018,-0.34333686617950576,-0.04557849692004877,-0.30145749826678037,-0.06097745619137932,0.0020448007395070483,0.1271346492521257,-0.38736781709950674,-0.4351425224521671,-0.009349026607909856,0.23201236761787886,1.0,-0.20596068181274851,-0.14973423965447172,0.444577612380368,0.4911729314920033,0.22588434046012001,0.8024846799321056,-0.07285260062634973,0.4187123971025349,0.20460438763556965,0.4511136434269139,-0.08532859453816669,0.2641872992851963,-0.20339471985592364,0.11626198312202664,-0.247573890938648,0.2166835340149336,-0.44014694515057096,-0.0879248380336125,0.03203627409573748,0.06981488417311478,0.03706460327199994,0.3606164683757142,0.02097394990796006,0.3907848496680984,-0.09548566009769781,0.20247671110615273,0.013982102016909848,0.41370956816932164,0.014622795623520786,0.4869430786762186,-0.03901059056969137,0.008048514212401088,-0.28942457107794306,0.10298591908454127,-0.42693622548589916,-0.11512562854114704,-0.23694028958713512,0.5040760544748942,0.05813417909139446,0.4813888069870666,-0.1273896516826176,0.47968188446796134,-0.3207452446031126,0.020532476950170932,-0.32584848074333206,-0.419902939699894,0.09269178971862076,0.2638621711863191,0.13657133294551713,0.26909768983735627,0.001989018957836942,0.16926105076939016,0.37103969272207127,0.1135175194638574,-0.14653714668217932,-0.12978189323366987,-0.00745085226593566,-0.11882794507885153,0.23176214648295868,0.10910119612077553,-0.17248364398473173,-0.28918869382973805,-0.07855828000860633,0.4220067097514523,0.07927388057917427,-0.004707982372956992,-0.24543027675732534,-0.09561634884332491,-0.20386806811752425,-0.4285443345631888,-0.4527998469985417,0.07279044378391732,-0.001958737419216027,0.10514068962219796,0.17021093482297253,-0.20576624245949846,0.18186613966164364,-0.4039636940289587,-0.4697383834439672,0.027822358931858568,0.20095944664472584,-0.3477484082270159,-0.01622293587485756,-0.28809696467419454,-0.26565834455609655,-0.47084605025141646,-0.08780371187912885,-0.2191172134609408,-0.31016264373769814,-0.4759237861485867,-0.3145917172023046,-0.3678218808023014,-0.27240315884260774,-0.3383898190279626,-0.43215102518945886
#201,0.07497390209500435,0.034238857589111396,0.08919825642088151,0.0989138490226235,0.3262134529719736,0.15404378072978508,0.13103299890827083,-0.020814573388902614,-0.049545378479388634,0.3403820255161807,-0.07757173935564074,0.21934512188319294,0.20705400473348262,-0.042696969455490126,-0.003192311676720669,-0.20596068181274851,1.0,-0.09766274334802254,-0.016710628023173347,-0.14211444827833516,-0.09990835850154196,-0.23328578600514785,0.2273458231398768,0.21119301293340453,0.1823570193403406,0.08336666958856952,-0.010314848313397988,-0.0427670951238754,0.08621154045374495,-0.06882834352014917,-0.02550980564033501,0.1171624604547012,0.12494481588027635,0.10860553514650687,-0.018076484791495668,-0.010832822000334691,0.002543649244156858,-0.009992907744901943,-0.0038250364573787343,0.1036584879949637,0.15786562965678266,-0.08012335742575047,0.10732574169847556,-0.1722111101371435,0.04800898883567484,0.011443234068324714,0.2057614611639267,-0.020926136952242828,0.10401071010208066,-0.18872411127668562,0.11556869526412673,-0.06685526221421798,0.08851134362374391,-0.11806771908294751,-0.0785981241383707,-0.20502195411550017,-0.13958036162532175,-0.28959032265776286,0.07767214656264693,0.016353624620484664,-0.04732207603853724,-0.024985456892636006,-0.0626525034066731,-0.1302058347743627,0.05615631648989154,0.04678657093450422,-0.23234387077751834,-0.1892102096598108,-0.07236490847803394,-0.02302671947341998,0.1004311134840504,0.17088987879415726,0.06115755165791424,0.027632700874180207,-0.1915594195507176,-0.17226848568400419,-0.13944648534931348,-0.1272956195363737,0.031393986723935965,-0.03141470567141343,-0.10074827275697472,-0.1590434221326172,0.09975216951286567,0.02586999657340484,0.01786292025595869,0.03206177433878667,0.03762082732351043,0.14558726262859692,0.26619703719051074,0.009229494218616772,-0.16232498466001005,-0.03480623799695591,0.23601271824622078,0.11199387994166819,0.15425734526532206,0.11767405908087561,0.10283132386105555,0.29121755691733936,0.1322841045828718,0.2360429997848417,-0.040167664098048436,0.2890484424929675,-0.10080405453864483,0.11762943365553953,-0.012896747922128632,0.19494457681549776,0.05861868370932911,-0.09782849492784228,0.03903609081274056,0.03271043677135048,0.05838918152188638
