,#10,#11,#12,#13,#17,#18,#26,#49,#50,#51,#52,#53,#54,#58,#101,#102,#201,#202,#301,#302,#401,#402,#501,#502,#601,#602,#701,#702,#801,#802,#901,#902,#1001,#1002,#1101,#1102,#1201,#1202,#1301,#1302,#1401,#1402,#1501,#1502,#1601,#1602,#1701,#1702,#1801,#1802,#1901,#1902,#2001,#2002,#2101,#2102,#2201,#2202,#2301,#2302,#2401,#2402,#2501,#2502,#2601,#2602,#2701,#2702,#2801,#2802,#2901,#2902,#3001,#3002,#3101,#3102,#3201,#3202,#3301,#3302,#3401,#3402,#3455,#3501,#3502,#3601,#3602,#3701,#3702,#3801,#3802,#3901,#3902,#4001,#4002,#4101,#4102,#4201,#4202,#4301,#4302,#4401,#4402,#4501,#4502,#4601,#4602,#4701,#4702,#4801,#4802
#10,1.0,0.5300902487343165,-0.00833810257539071,0.4064208672683249,-0.09090028615452345,-0.017591899625797932,0.22936385648250054,0.6515892581994277,0.4063614351749945,0.615362095531587,0.5911600264142637,0.39958837772397093,0.23650451243671583,0.4215804534448602,-0.10957957296940347,0.035252036099493726,0.4134426590358794,-0.2636781862205591,-0.23144177856042264,-0.06062293638564825,-0.1383138895003302,0.09873871890821044,0.09769755668060753,-0.03968302883557121,0.13966982170372,0.1423068456966762,0.1703235747303544,0.17131631080783624,-0.2682390490865067,-0.0463152102135153,-0.15797270526084087,-0.09664538850979529,-0.1637244111820383,0.15675324675324676,-0.2711864406779661,-0.12790446841294298,-0.16863306185340082,-0.010556900726392251,0.011076381245872772,0.15910631741140216,-0.006167730574510235,-0.26938366718027734,0.018335901386748843,0.11165089148139995,-0.157640325775919,0.1541272287034999,0.2407572088928021,0.2766762051507814,0.34042482940788027,0.19887739379264802,0.00447721769755668,-0.1357473035439137,-0.268300682368479,-0.02478318291877614,-0.14629319832709664,-0.062366277790006606,0.11221659696235968,-0.025155183799251597,-0.02467092229804094,0.3139863526304204,0.30092670041822583,0.18778560422628218,-0.03646048866387849,-0.21973145498569227,0.19063614351749944,-0.08804534448602246,-0.31434734756768656,0.09342945190402817,-0.26592339863526304,-0.12811578252256217,0.2306339423288576,0.15347787805414925,0.140099053488884,0.25845476557340963,-0.006284393572529166,-0.023563724411182038,-0.04640545894783183,0.20140876073079464,-0.20292978208232446,-0.12468853180717587,-0.1174488223640766,0.22908870790226724,,0.24581113801452784,0.0602113141096192,0.10247413603345806,0.2681994276909531,0.015174994497028395,-0.05278450363196126,0.0760246533127889,0.26428351309707243,0.27379925159586177,0.23392031697116442,0.13919876733436057,0.157310147479639,0.10018489984591679,0.2551551837992516,-0.04650451243671583,0.004505833149900947,-0.24200968523002422,-0.04822804314329738,-0.24280651551837992,-0.19697116442879153,-0.36103896103896105,-0.401765353290777,-0.43545674664318734,-0.30317191283292977,-0.006898525203609949,-0.22799251595861766,0.24536869909751266,0.3360114461809377
#11,0.5300902487343165,1.0,0.2650011005943209,0.4222496147919877,-0.1820184899845917,-0.13348228043143298,0.15621835791327315,0.14129429892141757,0.3550297160466652,0.6543539511336122,0.45024873431653095,-0.05880915694475017,-0.1137178076161127,0.24555359894342946,-0.19351749944970284,0.10148580233325996,0.30383226942548974,-0.11366057671142417,-0.26779000660356594,0.06816420867268325,-0.18898084965881576,0.26432973805855164,0.22039401276689413,0.3320713185119965,0.2577459828307286,0.330891481399956,0.29851419766674003,0.35182478538410744,-0.31159806295399517,-0.18589478318291877,-0.18088047545674665,-0.2843781642086727,-0.4067686550737398,-0.022940788025533787,-0.1304556460488664,-0.3225313669381466,-0.19337001981069776,-0.24778120184899846,0.08054369359454105,0.0811138014527845,-0.14972485141976669,-0.41156944750165086,-0.21651992075720888,-0.29932423508694694,-0.2583887299141536,-0.03795509575170592,0.0027646929341844594,0.021133612150561303,0.08469513537310147,0.300132071318512,0.1591041162227603,0.10592339863526304,0.0512590799031477,0.08522562183579133,0.14512436715826546,-0.018600044023772837,0.28701959057891263,0.047087827426810475,-0.11657054809597182,0.28119084305524983,0.38805194805194804,0.3368214836011446,-0.11985031917235307,-0.16633722209993396,0.16482720669161346,0.06356152322254018,-0.1388663878494387,0.04205150781421968,-0.1186022452124147,0.1278648470173894,0.1574686330618534,0.2993462469733656,-0.23066035659255998,-0.03659916354831609,-0.10874312128549417,0.1578956636583755,0.032610609729253795,0.27814219678626456,-0.13523442659035878,0.06515298261060973,-0.1315100154083205,-0.09555580013207132,,-0.190462249614792,-0.26140655954215275,-0.014296720228923619,0.28626018049746865,-0.06376183138895003,-0.06496808276469293,-0.27832709663218136,0.11315430332379485,0.17064935064935066,0.05324235086946951,0.22811798371120404,0.009181157825225621,0.29649570768214834,0.3825709883337002,0.03347567686550738,0.23071758749724852,-0.01771736737838433,0.20075060532687652,-0.2161699317631521,-0.10873871890821044,-0.1560444640105657,-0.20643407440017608,-0.20562843935725292,-0.28933303984151443,0.3594959278010125,-0.1422672243011226,0.4393880695575611,0.3271846797270526
#12,-0.00833810257539071,0.2650011005943209,1.0,0.17278670482060313,-0.05900506273387629,0.34096632181377945,0.03861765353290777,-0.4864340744001761,-0.17284833810257538,0.1563416244772177,0.08800572309046885,-0.4785692273827867,-0.06578032137354171,-0.0598547215496368,-0.4160510675764913,-0.19557781201848998,0.43523882896764254,0.5813317191283293,-0.4135329077701959,-0.009115122165969623,-0.2238828967642527,0.22015628439357252,0.3394607087827427,0.470297160466652,-0.056048866387849436,0.2372837332159366,0.22090468853180717,0.20502531366938145,0.1917279330838653,-0.02430332379484922,0.4744375963020031,0.12071318511996477,0.2376799471714726,-0.05789566365837552,-0.12908430552498348,-0.1922870349988994,-0.24279110719788685,-0.11018930222320053,0.09640986132511556,0.2793418445960819,-0.32776139115122166,-0.11237068016729033,-0.3212524763372221,-0.3427492846136914,-0.1014307726172133,-0.05046885318071759,-0.10013427250715386,-0.1548117983711204,-0.061961259079903144,0.15239489324235087,0.08102795509575171,0.27699977988113583,0.5386264582874752,0.3188201628879595,0.006224961479198768,0.14300022011886418,-0.2951882016288796,-0.1457406999779881,-0.33929782082324456,0.13273387629319833,-0.02488003521901827,0.11348888399735857,-0.313317191283293,-0.03344045784723751,0.35040721989874535,0.21423728813559323,0.3277657935285054,0.04279110719788686,-0.02594320933303984,0.20400396213955535,0.3512678846577152,0.6121417565485362,-0.25822143957737176,0.12164869029275809,-0.43292317851639883,0.07914153642967202,-0.15398635263042043,0.24652432313449263,0.0013691393352410302,0.21399075500770415,-0.3214043583535109,-0.04604226282192384,,-0.37515958617653533,0.04773277569887739,-0.2591151221659696,0.2057693154303324,-0.08821703720008804,-0.1103697996918336,-0.014615892581994278,0.011054369359454105,0.007464230684569668,-0.013843275368699098,0.1666718027734977,-0.03776139115122166,0.604736957957297,0.37542152762491743,0.6493902707462029,0.49408320493066255,0.417277129650011,0.5506625577812019,0.6050869469513537,0.40529385868368917,0.5463504292317851,0.4806911732335461,0.4190050627338763,0.28677745982830727,0.10880475456746644,-0.06980189302223201,0.16152982610609729,0.06969183359013867
#13,0.4064208672683249,0.4222496147919877,0.17278670482060313,1.0,-0.25668721109399073,-0.41363636363636364,0.3634338542813119,0.13352190182698656,0.061358133392031694,0.5298789346246974,0.1556680607528065,0.26002201188641866,0.10878494386968963,0.23325115562403698,-0.09617213295179397,0.0772176975566806,0.4135461149020471,-0.36202949592780104,-0.20098393132291437,0.1011864406779661,-0.08183799251595862,0.22184899845916795,0.1641404358353511,0.11620074840413823,0.1792295839753467,0.1352278230244332,0.4162073519700638,0.3160906889720449,-0.4210279550957517,-0.23265463350209112,-0.45508254457407,-0.1967312348668281,-0.3805326876513317,-0.14056350429231784,-0.2459255998239049,-0.17084745762711864,-0.22147919876733435,-0.3164274708342505,0.13761611270085847,0.06114902047105437,-0.17096632181377944,-0.21574950473255558,-0.3462293638564825,-0.24111160026414263,-0.08083425049526745,0.10995157384987893,0.3797754787585296,0.41119524543253355,0.41969843715606425,0.5116486902927581,0.3577239709443099,0.23782962799911953,0.055894783182918774,0.22820383006823686,0.16210433634162447,0.1747721769755668,0.20182478538410742,0.18698217037200088,-0.020420427030596523,0.3310433634162448,0.14439137134052388,-0.016931543033237947,-0.23843275368699096,0.022650231124807397,0.20417345366497908,0.18200968523002423,-0.3809487123046445,0.20075500770416024,-0.17590358793748626,0.017250715386308606,0.21032137354171251,0.09158485582214396,-0.2055558001320713,0.019528945630640546,-0.08000440237728373,0.04235527184679727,-0.19069337442218798,0.26256218357913275,-0.07296279991195245,-0.06357693154303323,-0.0534998899405679,-0.14584195465551397,,-0.06299581774158046,-0.4974818401937046,-0.17651551837992516,-0.05632621615672463,-0.04739379264802994,-0.07495487563284173,-0.3376843495487563,-0.06267224301122606,0.19564604886638784,0.32727933083865285,0.14440017609509134,0.15450803433854282,0.04682148360114462,0.24540391811578252,-0.03199427690953115,0.20182038300682367,0.043748624257098835,0.1434800792427911,-0.3594144838212635,-0.3587871450583315,-0.3043649570768215,-0.2580937706361435,-0.3211093990755008,-0.26602685450143077,0.019484921857803213,-0.19063614351749944,0.14570548095971825,0.0750759410081444
#17,-0.09090028615452345,-0.1820184899845917,-0.05900506273387629,-0.25668721109399073,1.0,0.21454985692273829,-0.5361479198767334,-0.22276029055690072,0.034081003742020693,-0.30449482720669163,-0.45286154523442657,0.22269425489764472,0.33947391591459386,-0.24732555580013207,-0.17136693814659917,-0.2779176755447942,-0.15770416024653314,0.25861104996698214,0.07610829848117984,0.1809355051727933,-0.21220999339643407,-0.09871230464450803,-0.02850759410081444,-0.30542372881355934,0.06291657495047326,-0.025287255117763592,0.004475016508914814,0.010416024653312789,0.3273189522342065,0.3653642967202289,0.12757649130530485,0.26194805194805193,0.26581774158045346,0.07188861985472154,0.3599229583975347,0.32069997798811356,0.25868589038080564,0.2931829187761391,-0.07089148139995598,0.1704490424829408,0.200033017829628,0.1903103675985032,0.23433634162447722,0.4043671582654634,-0.08703499889940568,0.018056350429231784,0.19549196566145718,0.17361435174994497,-0.012931983270966322,-0.08823684789786485,-0.014706141316310808,0.030294959278010125,0.035016508914814,0.08467092229804095,-0.2145476557340964,0.05637244111820383,-0.43375522782302445,0.10427690953114682,-0.19653532907770196,-0.12410521681708123,-0.18896764252696457,0.011408760730794628,0.3772661237068017,-0.014871230464450803,-0.026361435174994497,0.08294959278010125,0.23255998239049086,-0.15621175434734758,0.025974025974025976,0.030614131631080784,-0.1754259300022012,-0.09703499889940567,0.0451948051948052,0.18191283292978208,-0.16478318291877614,-0.0965463350209113,-0.49485582214395774,-0.5731895223420647,-0.04932863746423068,0.3191151221659696,0.5394430992736078,0.15404578472375083,,0.1326106097292538,0.3749702839533348,0.027310147479639005,-0.16277129650011005,0.1885097952894563,-0.009361655293858684,0.23465771516618975,0.020488663878494386,-0.4652630420427031,-0.2597204490424829,-0.39184899845916793,-0.36337662337662335,0.012865947611710324,-0.06438256658595641,0.27548316090688973,0.10058991855602024,0.3385362095531587,0.08356152322254017,0.18982390490865067,0.4515364296720229,0.14479639005062733,0.23823464670922298,0.3687717367378384,0.3744816200748404,-0.18300902487343165,0.052463130090248736,-0.45561523222540173,-0.41122826326216155
#18,-0.017591899625797932,-0.13348228043143298,0.34096632181377945,-0.41363636363636364,0.21454985692273829,1.0,-0.3663944530046225,-0.22170812238608847,-0.01305084745762712,-0.122392692053709,0.05110279550957517,-0.29688751926040063,0.09254237288135593,-0.33713185119964784,-0.10724631300902487,-0.12421967862645829,0.1564142637023993,0.8137574290116663,0.06753686990975126,-0.08422628219238389,-0.17662777900066035,-0.2856570548095972,-0.10843935725291658,-0.09712304644508034,-0.11927801012546775,0.04667620515078142,-0.3299163548316091,-0.38175654853620955,0.7568985252036099,0.5668434954875633,0.8928263262161568,0.41509134932863745,0.5964780981730134,0.32935505172793306,0.3027668941228263,0.31854721549636805,0.19921197446621175,0.5383403037640325,-0.11279991195245433,0.07924279110719788,0.3291965661457187,0.1836055469953775,0.34780101254677526,0.22157825225621836,0.14025093550517279,-0.21500770416024653,-0.2007307946290997,-0.29134272507153863,-0.16748624257098835,-0.5311754347347568,-0.5189962579793088,-0.3655029716046665,-0.10066696015848559,-0.26247633722209995,-0.4122870349988994,-0.23412282632621614,-0.4985890380805635,-0.27845916795069336,-0.10872551177635924,-0.0762887959498129,-0.14182698657274928,0.10358133392031697,0.2849042482940788,0.034534448602245214,-0.11777459828307286,-0.0738366718027735,0.584521241470394,-0.10589478318291877,0.14727052608408542,0.13486242570988333,0.02633281972265023,0.3809090909090909,0.10042262821923839,0.17928461369139334,-0.1718732115342285,-0.07725071538630861,-0.09952674444199867,-0.19403697996918337,-0.02486682808716707,0.24983270966321813,-0.21939247193484482,0.5112370680167291,,-0.029225181598062953,0.7700110059432094,0.03437376183138895,0.2683248954435395,0.06454545454545454,0.24420427030596523,0.6582126348228043,0.3509222980409421,0.012579793088267665,-0.09406339423288576,-0.31620735197006383,-0.16491745542593,0.2134998899405679,0.1559123926920537,0.40002201188641867,-0.10844596081884217,0.19136253576931542,-0.07118864186660796,0.7720427030596522,0.7633370019810698,0.6115980629539951,0.492326656394453,0.47510455646048866,0.33896103896103896,-0.045546995377503854,0.17466872110939907,-0.1758265463350209,-0.0038168611049966984
#26,0.22936385648250054,0.15621835791327315,0.03861765353290777,0.3634338542813119,-0.5361479198767334,-0.3663944530046225,1.0,0.32843935725291656,0.032333259960378606,0.1767026194144838,0.41699757869249393,0.14950473255558,-0.06182038300682369,0.4344596081884218,-0.030827646929341843,-0.06578032137354171,0.10163988553819062,-0.3197314549856923,-0.06212194585075941,-0.29264582874752365,-0.034045784723750826,-0.08875192604006163,0.022703059652212195,0.07569667620515078,-0.07858243451463791,0.041314109619194364,-0.022729473915914594,0.04551397754787585,-0.30306185340083647,-0.25838212634822805,-0.26665419326436274,0.009643407440017609,-0.13817081223860886,0.07596742240810038,-0.2492824125027515,-0.11895663658375523,-0.23307065815540393,-0.3003433854281312,0.09597402597402598,-0.04239709443099274,-0.33051727933083863,-0.2704138234646709,-0.2587277129650011,-0.24406559542152761,0.023383226942548976,0.0713053048646269,-0.057451023552718465,0.020173893902707463,0.09512876953554919,0.20742681047765793,0.06771076381245873,0.03192163768434955,-0.061961259079903144,-0.05289456306405459,-0.06327536869909751,0.04565485362095532,0.19899625797930884,-0.07082764692934185,0.1960048426150121,0.07150781421967863,0.1668611049966982,-0.11453224741360335,-0.18992295839753467,0.1481223860884878,0.11784943869689632,-0.2972639225181598,-0.13068677085626237,0.5553775038520801,-0.12526304204270305,-0.2368500990534889,0.17189522342064714,-0.06122165969623597,0.15604226282192385,-0.12176755447941888,0.2683645168390931,0.07887519260400616,0.33322033898305087,0.4629914153642967,0.16218137794408982,-0.2913823464670922,-0.2575544794188862,-0.1061237068016729,,0.12759850319172353,-0.29813779440898086,0.19686550737398195,-0.008287475236627779,-0.12508474576271186,-0.09108298481179837,-0.18199427690953116,-0.007301342725071539,0.33468192824125026,0.3588928021131411,0.4786704820603126,0.3027206691613471,-0.13490204710543693,0.08383447061413163,-0.23610829848117984,-0.08097292537970505,-0.2791349328637464,0.016004842615012106,-0.19957296940347788,-0.4899559762271627,-0.20214395773717808,-0.1389852520360995,-0.3248250055029716,-0.031261281091789564,0.04686990975126568,-0.005709883337001981,0.371567246313009,0.3054963680387409
#49,0.6515892581994277,0.14129429892141757,-0.4864340744001761,0.13352190182698656,-0.22276029055690072,-0.22170812238608847,0.32843935725291656,1.0,0.3750033017829628,0.2723992956196346,0.5040083645168391,0.5455756108298481,0.1983447061413163,0.35489324235086944,0.1831631080783623,0.16679066696015848,0.06610169491525424,-0.5398833370019811,0.06474576271186441,-0.20930882676645388,0.031490204710543694,-0.02784503631961259,-0.07224521241470394,-0.1894783182918776,0.045111160026414264,-0.08334360554699538,-0.09545454545454546,-0.09450363196125908,-0.3312987012987013,-0.11682808716707022,-0.32038740920096853,-0.06226502311248074,-0.14083425049526743,0.1508694695135373,-0.3035351089588378,0.03650011005943209,-0.13219238388729915,-0.04674884437596302,0.0789192163768435,0.005500770416024653,0.11702179176755448,-0.2515298261060973,0.15703059652212195,0.18336121505613032,-0.0886154523442659,0.16020030816640987,0.06219458507594101,0.09217477437816421,0.1737706361435175,-0.013915914593880696,-0.054624697336561744,-0.29267884657715165,-0.46358353510895883,-0.22241690512876955,-0.03909751265683469,-0.11085186000440238,0.2309421087387189,-0.09266784063394233,0.17033678186220558,0.17027955095751707,0.27721329517939686,0.015001100594320933,0.0003411842394893242,-0.06432753686990975,-0.02520581113801453,-0.4014836011446181,-0.5186528725511776,0.06513097072419106,-0.10582434514637905,-0.24066916134712746,0.21366277790006605,-0.15749944970283952,0.36232885758309485,0.2205524983491085,0.38637684349548757,0.02990975126568347,0.24686770856262383,0.164356152322254,-0.08172353070658156,-0.3445630640545895,-0.08860224521241471,0.247310147479639,,0.43113581333920314,0.11296059872331059,0.4125203609949373,0.12396654193264363,0.022489544353951132,0.014648910411622276,0.10716927140655955,0.27316530926700416,0.2536407660136474,0.23001540832049305,0.11688091569447502,0.16601144618093772,-0.24917235307065816,-0.032414703940127666,-0.42269865727492845,-0.3199867928681488,-0.5331278890600925,-0.3190116662998019,-0.43929782082324453,-0.48547435615232226,-0.5455029716046665,-0.583598943429452,-0.6565221219458508,-0.3930442438917015,-0.06436495707682148,-0.05132291437376183,0.11602905569007264,0.27231124807395996
#50,0.4063614351749945,0.3550297160466652,-0.17284833810257538,0.061358133392031694,0.034081003742020693,-0.01305084745762712,0.032333259960378606,0.3750033017829628,1.0,0.44794188861985473,0.22003521901826986,0.18331058771736738,0.16760950913493286,0.31596081884217475,0.12342725071538631,-0.072656834690733,0.22567246313009026,-0.037706361435174994,0.16197446621175435,-0.1938564825005503,0.020178296279991195,-0.0262293638564825,0.1852608408540612,-0.20169931763152102,0.51590799031477,-0.016885318071758748,0.11560862865947612,0.08659255998239049,0.07080343385428131,0.039900946511116,-0.0324058991855602,-0.05433854281311908,-0.04771516618974246,0.2201452784503632,-0.03675104556460489,-0.11269205370900286,-0.003182918776139115,0.06843715606427471,-0.2560202509355052,-0.11178296279991196,0.1367048206031257,-0.2863394232885758,0.07011446180937707,0.021690512876953554,-0.02181598062953995,0.06404798591239269,-0.13116883116883116,-0.031483601144618095,-0.25250055029716045,-0.05663218137794409,-0.1795443539511336,-0.169801893022232,-0.1862887959498129,0.015500770416024653,-0.11817081223860885,-0.04231785163988554,-0.020424829407880256,-0.13419546555139775,-0.1236649790887079,0.03198767334360555,0.3068280871670702,0.14050407219898745,0.2524367158265463,0.04100154083204931,0.018023332599603786,-0.28428791547435617,-0.019795289456306406,-0.003396434074400176,0.08302883557120845,-0.2268699097512657,0.04789346246973366,-0.13430112260620736,0.04166850099053489,-0.06884217477437816,-0.19830508474576272,-0.2562139555359894,-0.10555139775478758,-0.03460048426150121,0.2767114241690513,-0.16154083204930664,-0.1495069337442219,0.026920537090028614,,-0.06766453885097953,0.026174334140435837,0.24173233546114903,0.16182918776139116,0.16854941668500992,0.09265243231344926,0.07986792868148801,0.11451023552718467,-0.09156724631300903,0.07096632181377945,-0.04513317191283293,-0.041910631741140215,0.2233149900946511,0.13162007484041383,-0.12262601804974686,-0.1747787805414924,-0.2205855161787365,-0.19571208452564384,-0.11979308826766454,-0.03822143957737178,-0.09549416685009905,-0.05232445520581114,-0.11119744662117544,0.03434954875632842,0.08381465991635483,-0.13761611270085847,0.12657935285053928,0.22115122165969622
#51,0.615362095531587,0.6543539511336122,0.1563416244772177,0.5298789346246974,-0.30449482720669163,-0.122392692053709,0.1767026194144838,0.2723992956196346,0.44794188861985473,1.0,0.5730816640986133,0.17309707241910632,0.0748976447281532,0.4824125027514858,-0.030702179176755447,-0.031679506933744224,0.5595443539511337,-0.1804160246533128,-0.2674686330618534,-0.07978868589038081,0.02808056350429232,0.12022011886418667,0.33780101254677525,0.15199427690953116,0.3915408320493066,0.11265243231344926,0.43720228923618754,0.24378604446401056,-0.26884877834030374,-0.16226722430112261,-0.15639445300462249,-0.4627646929341845,-0.3660708782742681,-0.137706361435175,-0.1703037640325776,-0.46274488223640764,-0.18914593880695577,-0.3153709002861545,0.047873651771956856,-0.0287805414924059,0.05600484261501211,-0.32058551617873654,-0.1114175654853621,-0.22204710543693595,-0.03800132071318512,0.07843935725291658,0.10182258419546555,0.15924499229583974,0.13472375082544574,0.26506053268765134,0.16618093770636144,0.11648470173893903,-0.0087475236627779,0.10420647149460709,0.1757032797710764,-0.14948712304644507,0.3410015408320493,-0.045679066696015846,0.025122165969623595,0.3390248734316531,0.38800352190182696,0.2623288575830949,-0.1614571868809157,-0.21163548316090688,0.1570283953334801,-0.056313009024873434,-0.2044155844155844,-0.07046885318071759,-0.24215056130310367,-0.11472815320272947,0.1250759410081444,0.10852520360994937,-0.06693154303323795,-0.039302223200528286,-0.23873871890821044,-0.14063614351749945,0.0056900726392251815,0.36942989214175653,0.05488003521901827,-0.23340303764032577,-0.29729914153642967,0.007052608408540612,,-0.15948932423508694,-0.30082544574069997,-0.0787673343605547,0.3384195465551398,0.17631961259079904,0.10958177415804535,-0.06720889280211315,0.15976007043803653,0.3343957737178076,0.22605546995377504,0.19583535108958838,0.2545894783182919,0.29014307726172134,0.20234426590358795,0.06577151661897425,0.07656174334140436,-0.10758969843715606,0.023924719348448163,-0.20339203169711645,-0.2718445960818842,-0.14717807616112702,-0.21329077701959057,-0.25867708562623815,-0.36947611710323575,0.2422143957737178,-0.29015408320493064,0.4813955535989434,0.46187541272287036
#52,0.5911600264142637,0.45024873431653095,0.08800572309046885,0.1556680607528065,-0.45286154523442657,0.05110279550957517,0.41699757869249393,0.5040083645168391,0.22003521901826986,0.5730816640986133,1.0,0.16290997138454766,-0.018846577151661898,0.5240744001760951,0.10158265463350209,0.031133612150561304,0.37836891921637683,-0.12608628659476118,-0.11809156944750165,-0.19832269425489765,0.12771076381245872,-0.002951793968743121,0.08733436055469954,0.17125687871450584,-0.0064714946070878274,0.11362315650451243,-0.03608848778340304,-0.03503852080123267,-0.12712084525643846,-0.11956196346026854,0.05240149680827647,-0.1725313669381466,-0.09777239709443099,0.11677085626238169,-0.17597622716266784,-0.21345366497908871,-0.12895663658375522,-0.06306845696676205,0.028450363196125907,-0.007638124587277129,-0.019145938806955757,-0.18475236627779001,0.048283072859344044,-0.04086726832489544,-0.00972705260840854,0.04296940347787805,-0.038881796169931766,-0.019634602685450142,0.06755007704160247,0.01595641646489104,-0.10962359674224081,-0.12993616552938586,-0.22600264142637025,-0.06040501871010345,0.015241030156284394,-0.137871450583315,0.2796764252696456,-0.1023134492626018,0.0862095531587057,0.08314769975786925,0.1897556680607528,0.004182258419546555,-0.09088928021131411,-0.1252652432313449,0.008201628879594981,-0.2121351529826106,-0.1101518820162888,0.22877834030376404,-0.14082104336341625,-0.17046224961479198,0.16502751485802333,0.11250715386308606,0.1549042482940788,0.02713845476557341,0.10554479418886198,-0.016506713625357692,0.28969843715606425,0.30383447061413166,0.019405679066696015,-0.17012546775258638,-0.3900572309046885,0.15268545014307727,,0.13486682808716707,0.01957737178076161,0.09071758749724851,0.2601782962799912,0.005421527624917455,0.12777459828307286,0.14113141096191945,0.3351948051948052,0.468547215496368,0.16038080563504292,0.34666740039621396,0.234323134492626,0.05682148360114462,0.19369359454105217,-0.06030816640986132,-0.04099933964340744,-0.3854941668500991,-0.09132291437376183,-0.04518159806295399,-0.2799031476997579,-0.06466431873211534,-0.17863746423068458,-0.3249262601804975,-0.34215276249174553,-0.005811138014527845,-0.21355491965661458,0.376517719568567,0.4170878274268105
#53,0.39958837772397093,-0.05880915694475017,-0.4785692273827867,0.26002201188641866,0.22269425489764472,-0.29688751926040063,0.14950473255558,0.5455756108298481,0.18331058771736738,0.17309707241910632,0.16290997138454766,1.0,0.5499251595861765,0.3190336781862206,0.2736847897864847,-0.09257539071098393,0.11808056350429232,-0.5186000440237728,0.1561963460268545,-0.08022672243011227,0.16093110279550957,-0.20559982390490866,-0.07542813119084306,-0.46852080123266565,0.045760510675764914,-0.26202729473915914,-0.021807175874972485,-0.13053709002861547,-0.1320427030596522,-0.01160906889720449,-0.41479639005062735,-0.11626018049746863,-0.11208452564384767,-0.002077922077922078,-0.04486022452124147,0.09282192383887299,0.13952234206471495,-0.05615892581994277,-0.16610609729253797,-0.11679947171472595,0.08290556900726392,0.0438895003301783,0.06687211093990755,0.3360972925379705,-0.13340523882896765,0.09339643407440018,0.36490204710543694,0.4712326656394453,0.33735417125247635,0.06490865067136253,-0.0021571648690292757,-0.187442218798151,-0.47312348668280874,-0.3103830068236848,-0.18064494827206692,-0.1894673123486683,0.0788729914153643,0.06772837332159366,0.08938806955756108,0.00029936165529385867,0.18945630640545894,-0.10130750605326877,0.23357032797710764,0.11481399955976228,-0.1210543693594541,-0.2900726392251816,-0.3443957737178076,0.25481620074840416,-0.00612590799031477,-0.19399735857362976,0.027790006603565925,-0.3406075280651552,0.3313977547875853,0.12419986792868148,0.17810257539071098,-0.2523090468853181,-0.0199867928681488,-0.145610829848118,0.12469513537310148,-0.2606735637244112,0.35826326216156723,0.010638344706141317,,0.44250935505172795,-0.09447501650891481,0.23056790666960159,-0.1766585956416465,-0.014732555580013207,0.0037816420867268323,0.00737838432753687,-0.07594100814439797,0.0425974025974026,0.17208452564384769,-0.013440457847237509,0.28814219678626457,-0.3346599163548316,-0.26670922298040944,-0.3100264142637024,-0.24105216817081224,-0.3306449482720669,-0.3483248954435395,-0.41207131851199646,-0.39629760070438036,-0.4698745322474136,-0.34726172132951794,-0.44301562843935727,-0.23273387629319833,-0.17158045344486023,-0.22674664318732116,-0.028162007484041383,0.0947325555800132
#54,0.23650451243671583,-0.1137178076161127,-0.06578032137354171,0.10878494386968963,0.33947391591459386,0.09254237288135593,-0.06182038300682369,0.1983447061413163,0.16760950913493286,0.0748976447281532,-0.018846577151661898,0.5499251595861765,1.0,0.11122386088487783,0.1569029275808937,-0.2104138234646709,0.43094651111600263,0.043462469733656174,0.1822540171692714,-0.09579352850539291,0.04516618974246093,-0.297112040501871,0.18857362976007044,-0.30107858243451463,0.14898745322474136,-0.014419986792868149,-0.050435835351089586,-0.18718688091569446,0.29932423508694694,0.20553158705701077,0.10013427250715386,0.2468412942989214,0.3415144177856042,0.1565265243231345,0.006220559101915034,0.2287211093990755,0.13150121065375303,0.2211005943209333,-0.22508474576271187,0.028859784283513098,0.08116442879154744,0.09874312128549417,0.10569227382786704,0.29243671582654635,-0.10871670702179177,0.0014109619194364958,0.24861765353290777,0.2911996478098173,0.2160642747083425,-0.09878494386968963,0.12998899405679068,-0.07143957737178076,-0.12666740039621396,-0.2061633281972265,-0.3479639005062734,-0.10963680387409201,-0.46294739159145937,-0.2583226942548976,-0.20495927801012548,-0.021703720008804755,-0.1368963240149681,-0.2713141096191944,0.31286374642306847,0.17786044464010567,-0.006596962359674224,-0.26817961699317633,0.046845696676205154,0.13917895663658375,0.22456086286594762,-0.07810917895663658,0.35502091129209773,-0.019013867488443758,0.20553158705701077,0.19413163108078363,-0.24748404138234648,-0.4689170151882016,-0.31507373981950254,-0.38114461809377065,0.394224081003742,0.10931102795509576,0.3351749944970284,0.1409553158705701,,0.16393792648029937,0.14882236407660138,-0.05990314769975787,-0.2754105216817081,0.1176337222099934,-0.035883777239709445,0.10808716707021791,-0.0699867928681488,-0.2759916354831609,0.04980189302223201,-0.2720118864186661,0.10686550737398195,0.11962799911952454,-0.03193484481620075,0.18509355051727933,0.052399295619634606,0.07014747963900506,-0.06931983270966321,0.12827426810477657,0.10620735197006384,0.01661897424609289,0.09885097952894563,0.09119524543253357,0.19510455646048866,-0.389801893022232,-0.3272375082544574,-0.24494386968963242,-0.05188641866607968
#58,0.4215804534448602,0.24555359894342946,-0.0598547215496368,0.23325115562403698,-0.24732555580013207,-0.33713185119964784,0.4344596081884218,0.35489324235086944,0.31596081884217475,0.4824125027514858,0.5240744001760951,0.3190336781862206,0.11122386088487783,1.0,0.08975126568346907,-0.19414263702399295,0.1915694475016509,-0.33217037200088045,-0.13881796169931762,-0.21942769095311468,0.23257318952234207,-0.06671142416905129,0.15656174334140435,-0.01701518820162888,0.17517279330838653,-0.050750605326876516,0.22550737398195025,0.19111160026414264,-0.29736517719568567,-0.2354369359454105,-0.2632137354171252,-0.3585384107418006,-0.244554259300022,-0.06495487563284173,-0.15561963460268546,-0.3430266343825666,-0.14999779881135814,-0.3216817081223861,-0.06990755007704161,-0.08709002861545234,-0.17842835130970724,-0.26165749504732555,-0.0845608628659476,-0.1326040061633282,0.11002201188641866,0.28400396213955537,0.036051067576491305,0.11992295839753467,0.027613911512216597,0.1977988113581334,0.06366938146599163,0.09169931763152102,-0.10277349768875192,0.050860664758969845,0.029282412502751487,-0.04696456086286595,0.36298921417565483,-0.0163416244772177,0.12608628659476118,0.0974158045344486,0.24828087167070217,0.043233546114902044,0.022331058771736738,-0.1533436055469954,0.06219458507594101,-0.137673343605547,-0.12986572749284614,0.22672683248954437,-0.19320272947391592,-0.3272617213295179,0.021164428791547434,-0.23874312128549416,0.008496588157605107,-0.12619194364957076,0.03687211093990755,-0.11504732555580013,0.10623816861104997,0.24676865507373982,0.1911402157164869,-0.3726304204270306,-0.1152410301562844,-0.11920977327756989,,0.11831829187761392,-0.21419766674003962,0.14176315210213516,0.17089148139995597,0.1263218137794409,-0.10079242791107199,-0.01889060092449923,0.035780321373541715,0.330693374422188,0.28929121725731893,0.38955315870570106,0.34973145498569225,-0.022555580013207132,-0.0624058991855602,-0.2457274928461369,-0.05731675104556461,-0.36265903587937487,-0.14083204930662557,-0.273944530046225,-0.5178670482060312,-0.24044464010565705,-0.18006823684789786,-0.3326964560862866,-0.1996434074400176,0.0787409200968523,-0.18026634382566586,0.38013427250715387,0.33229143737618316
#101,-0.10957957296940347,-0.19351749944970284,-0.4160510675764913,-0.09617213295179397,-0.17136693814659917,-0.10724631300902487,-0.030827646929341843,0.1831631080783623,0.12342725071538631,-0.030702179176755447,0.10158265463350209,0.2736847897864847,0.1569029275808937,0.08975126568346907,1.0,0.2874818401937046,0.039619194364957075,-0.26171912832929783,0.6851353731014748,0.0648117983711204,0.7837442218798151,-0.07057671142416905,0.008421747743781642,-0.27459608188421747,0.18090688972044905,-0.4905591019150341,-0.27369579572969405,-0.3521263482280431,0.16567246313009024,0.09729473915914594,-0.1427426810477658,-0.15096632181377945,-0.06353951133612151,0.0888928021131411,0.24970283953334801,0.09073299581774158,0.6282126348228043,0.2783050847457627,-0.4761765353290777,-0.48523222540171695,0.19139335241030156,0.23439577371780762,0.2609487123046445,0.22461589258199427,-0.17937266123706802,-0.30295399515738497,-0.2842769095311468,-0.07867708562623817,-0.26468412942989217,-0.3355580013207132,-0.3279110719788686,-0.36752366277790005,-0.533746423068457,-0.23484921857803215,0.0635923398635263,0.05066916134712745,0.08337222099933965,-0.11126128109178957,-0.10692934184459608,-0.4860114461809377,-0.1535263042042703,-0.38246313009024874,0.27506493506493507,0.1750033017829628,-0.5079418886198547,-0.04332599603786044,-0.15933083865287256,-0.06463350209112921,0.5931719128329298,0.05651111600264143,-0.15878494386968964,-0.28821703720008807,0.12243671582654633,-0.13900726392251816,0.0573497688751926,-0.37887519260400615,0.16935945410521683,-0.31591239269205373,0.41217037200088047,-0.15814880035219017,0.16257979308826767,-0.034402377283733215,,0.1846797270526084,-0.11966762051507815,-0.1625511776359234,-0.2972397094430993,-0.04981730134272507,0.15265023112480738,0.0071846797270526085,-0.09687431212854941,-0.2186550737398195,-0.3585758309487123,-0.3023860884877834,0.058800352190182696,-0.22670261941448383,-0.38698877393792647,-0.4467026194144838,-0.4480431432973806,-0.46527845036319615,-0.49600264142637024,-0.27295179396874314,-0.26191723530706584,-0.19994276909531147,-0.12773057451023553,-0.2535461149020471,-0.1964406779661017,-0.23000880475456748,-0.32774158045344487,-0.019907550077041602,-0.030008804754567468
#102,0.035252036099493726,0.10148580233325996,-0.19557781201848998,0.0772176975566806,-0.2779176755447942,-0.12421967862645829,-0.06578032137354171,0.16679066696015848,-0.072656834690733,-0.031679506933744224,0.031133612150561304,-0.09257539071098393,-0.2104138234646709,-0.19414263702399295,0.2874818401937046,1.0,-0.19796390050627338,-0.30029936165529386,0.18758529605987234,0.5748250055029716,0.18035879374862426,0.4515562403697997,-0.29075500770416024,0.12958617653532908,-0.18274047985912392,-0.035993836671802774,-0.2906911732335461,-0.08169931763152102,-0.2653929121725732,-0.06273167510455646,-0.2582236407660137,-0.3257032797710764,-0.3027911071978869,-0.15951793968743122,-0.042370680167290335,0.025318071758749724,0.0677790006603566,0.12980409421087388,-0.14776359233986353,-0.16384547655734097,0.01564604886638785,-0.03473255558001321,-0.06618093770636144,0.11578692493946731,-0.3253995157384988,0.025773717807616114,0.0031476997578692495,0.044237288135593224,-0.040422628219238387,0.007222099933964341,-0.11831609068897204,-0.12202949592780102,-0.452821923838873,-0.010882676645388509,0.10509795289456307,0.19708342504952675,0.12668060752806515,0.3951023552718468,-0.057272727272727274,-0.09427690953114681,-0.04919216376843495,-0.048419546555139775,-0.0972573189522342,0.09145278450363196,-0.30094430992736076,0.2609641206251376,-0.4374224081003742,-0.16110279550957518,0.3167246313009025,0.6051617873651772,0.022247413603345808,0.1102773497688752,-0.021573849878934626,0.21106537530266345,0.3627756988773938,0.3815628439357253,0.17693594541052168,-0.06859123926920536,-0.3087827426810478,0.19083865287255117,0.005500770416024653,0.059702839533348005,,0.11778120184899846,-0.13128109178956637,-0.17604886638784945,-0.18685009905348887,-0.1582940788025534,-0.04483381025753907,-0.13852740479859124,-0.007464230684569668,-0.13724631300902487,-0.3199801893022232,-0.22313889500330178,-0.18354171252476337,-0.3425049526744442,-0.04565705480959718,-0.4113449262601805,-0.10580013207131851,-0.25970504072198985,-0.3119700638344706,-0.3564076601364737,-0.19734096412062513,-0.34373981950253135,-0.37605987233105875,-0.34407660136473694,-0.4733237948492186,0.01857803213735417,0.054307726172132954,-0.09528285274047986,-0.1613581333920317
#201,0.4134426590358794,0.30383226942548974,0.43523882896764254,0.4135461149020471,-0.15770416024653314,0.1564142637023993,0.10163988553819062,0.06610169491525424,0.22567246313009026,0.5595443539511337,0.37836891921637683,0.11808056350429232,0.43094651111600263,0.1915694475016509,0.039619194364957075,-0.19796390050627338,1.0,0.1720911292097733,-0.08177195685670262,-0.10341844596081884,0.021283292978208232,-0.059900946511116,0.4843385428131191,0.13901386748844377,0.25169931763152104,0.0648316090688972,0.20499229583975348,-0.054532247413603345,0.20876293198327098,0.11770195905789126,0.19459388069557562,0.05376623376623377,0.1324323134492626,0.00865727492846137,-0.08304864626898525,-0.04061633281972265,0.008236847897864847,0.06421967862645829,0.02433414043583535,0.09942769095311468,0.09504732555580013,0.0175478758529606,-0.06948492185780321,-0.06377503852080123,-0.08364076601364737,-0.1050297160466652,0.01569667620515078,0.07540171692714065,0.10673123486682809,0.09921417565485362,0.16548976447281533,0.10696896324014968,0.17803213735417125,0.05580893682588598,0.03058991855602025,0.09012326656394452,-0.1762293638564825,-0.18586176535329077,-0.242029495927801,0.2567840633942329,-0.053865287255117765,-0.12367378384327538,-0.12473475676865507,-0.04732555580013207,0.14201848998459168,-0.08007704160246533,0.05316751045564605,-0.007065815540391812,0.06657715166189743,-0.03416905128769535,0.4787607307946291,0.34740699977988115,-0.06825225621835791,0.07651111600264143,-0.5420537090028615,-0.3313911512216597,-0.2633480079242791,0.09474796390050627,0.2776183138895003,-0.02314109619194365,-0.2517631521021352,0.08877173673783843,,-0.22924058991855603,-0.05802113141096192,-0.320099053488884,0.03450803433854281,0.13291657495047327,0.172491745542593,0.006814880035219018,0.1358331499009465,0.07479418886198547,0.11953775038520802,-0.028595641646489103,0.23052168170812237,0.524125027514858,0.23924499229583976,0.4952366277790007,0.25193484481620076,0.20228483381025755,0.26911952454325333,0.2371648690292758,0.09570768214836012,0.21169711644287917,0.14157164869029276,0.10328417345366497,-0.004585075941008145,-0.19515738498789345,-0.4810279550957517,0.14046665199207573,0.23403037640325777
