,#10,#11,#12,#13,#17,#18,#26,#49,#50,#51,#52,#53,#54,#58,#101,#102,#201,#202,#301,#302,#401,#402,#501,#502,#601,#602,#701,#702,#801,#802,#901,#902,#1001,#1002,#1101,#1102,#1201,#1202,#1301,#1302,#1401,#1402,#1501,#1502,#1601,#1602,#1701,#1702,#1801,#1802,#1901,#1902,#2001,#2002,#2101,#2102,#2201,#2202,#2301,#2302,#2401,#2402,#2501,#2502,#2601,#2602,#2701,#2702,#2801,#2802,#2901,#2902,#3001,#3002,#3101,#3102,#3201,#3202,#3301,#3302,#3401,#3402,#3455,#3501,#3502,#3601,#3602,#3701,#3702,#3801,#3802,#3901,#3902,#4001,#4002,#4101,#4102,#4201,#4202,#4301,#4302,#4401,#4402,#4501,#4502,#4601,#4602,#4701,#4702,#4801,#4802
#10,1.0,0.5089808496588157,0.5424455205811138,0.5291525423728813,0.12909971384547655,0.17027955095751707,0.16600704380365397,0.6125687871450584,0.18668280871670703,0.4229011666299802,0.5790953114681928,0.3054501430772617,0.21509134932863747,0.29030596522121943,-0.3475522782302443,-0.36065595421527624,0.31771736737838435,0.3044970283953335,-0.24774158045344485,-0.27208452564384766,-0.09165309267004182,-0.17230904688531806,-0.023962139555359894,-0.06591019150341185,0.04465771516618974,0.02413383226942549,0.2603169711644288,0.17020030816640985,-0.09332599603786045,-0.05484701738939027,-0.06581554039181158,0.059691833590138674,0.18889940567906668,-0.0647325555800132,-0.14332599603786045,0.13990314769975787,-0.029372661237068016,-0.06082104336341625,0.05690512876953555,-0.10846797270526085,-0.1676865507373982,-0.1955381906229364,-0.14354391371340525,-0.09219018269865728,0.1258485582214396,0.14526304204270307,-0.06164648910411622,-0.1369535549196566,0.1818005723090469,0.1814902047105437,0.1202707462029496,0.22975786924939468,0.2336649790887079,0.18976887519260402,-0.09515738498789346,-0.014239489324235088,-0.16158925819942768,-0.10996037860444641,-0.0386748844375963,0.16227602905569008,0.13463570327977106,0.010112260620735197,-0.03307285934404579,-0.19458287475236627,0.1340744001760951,0.1846995377503852,0.15000880475456746,-0.09602025093550517,-0.1748117983711204,-0.25631961259079905,0.2736407660136474,-0.0018269865727492847,0.17863746423068458,0.31927360774818403,-0.0002817521461589258,-0.114686330618534,-0.07352850539291217,-0.034012766894122824,-0.03467092229804094,-0.04354391371340524,-0.11820603125687872,-0.012183579132731675,,-0.08432753686990975,0.14622055910191503,0.1290314769975787,0.09122826326216157,-0.016616773057451024,-0.18534228483381027,0.20073519700638345,0.02141316310807836,-0.04421307506053269,0.10242350869469513,0.030167290336781862,0.023904908650671363,0.16089808496588157,0.035630640545894786,0.1515826546335021,0.209603786044464,0.19487563284173454,0.24534448602245212,0.24931102795509574,-0.13077261721329517,0.2885758309487123,0.14908650671362536,0.1890710983931323,-0.04822584195465551,0.0512854941668501,-0.2517389390270746,-0.1404490424829408,-0.22739379264802995
#11,0.5089808496588157,1.0,0.2531653092670042,0.19942989214175655,-0.1173497688751926,-0.08500550297160467,0.31687871450583316,0.5039577371780761,0.3797622716266784,0.26403697996918335,0.5352498349108519,-0.06450583314990095,-0.04341184239489324,0.08517939687431213,-0.131633281972265,0.08008364516839094,0.06095091349328637,0.12243671582654633,0.005577812018489984,0.11357913273167511,0.03659476117103236,0.13415364296720228,-0.03828967642526965,0.044340744001760954,-0.011749944970283954,0.32968523002421307,0.08584635703279771,0.21840854061193044,-0.24504072198987453,-0.19471274488223642,-0.28065375302663437,-0.03160686770856262,-0.029414483821263483,-0.08117543473475677,-0.2911402157164869,0.018516398855381908,-0.014508034338542813,0.13124147039401277,-0.040079242791107195,0.00959057891261281,-0.2331124807395994,-0.23739819502531367,-0.162293638564825,0.14338322694254899,-0.010052828527404798,0.10069777679947171,-0.13447941888619855,-0.154884437596302,0.011465991635483161,0.016136913933524104,-0.03724411182038301,0.16403697996918337,0.15287695355491965,0.209537750385208,0.10049966982170372,0.26920757208892804,0.04999559762271627,0.09172132951793968,-0.11859344045784724,0.19575170592119745,-0.17144177856042264,-0.0965463350209113,-0.19083425049526745,-0.13596081884217479,0.2236055469953775,0.2760268545014308,0.10843495487563284,-0.010871670702179178,0.09491965661457187,-0.01162887959498129,0.2637266123706802,0.1398084965881576,0.2713097072419106,0.5123090468853181,0.13523662777900067,0.2170856262381686,0.02891041162227603,0.15930442438917014,-0.20134052388289678,0.04438917015188202,-0.1754985692273828,-0.27282412502751485,,-0.28424829407880253,-0.08543253356812679,-0.1399603786044464,-0.10633281972265023,-0.12513317191283294,-0.3185119964780982,-0.08419766674003962,-0.13437156064274708,-0.28238828967642526,-0.03854061193044244,-0.2538014527845036,-0.1059916354831609,0.13015628439357252,0.09466211754347348,-0.13033017829628,0.16716927140655954,-0.03441118203830068,0.04020250935505173,-0.08583314990094651,-0.280528285274048,0.042548976447281533,-0.12631961259079902,-0.02073959938366718,-0.18252916574950473,-0.07626678406339424,-0.21985912392692053,-0.36720008804754567,-0.30321373541712526
#12,0.5424455205811138,0.2531653092670042,1.0,0.6885934404578472,-0.0878252256218358,0.1571208452564385,0.36574510235527186,0.2348382126348228,-0.1253334800792428,0.518102575390711,0.4141690512876954,0.0005150781421967862,0.2663878494386969,0.34394453004622494,-0.4554985692273828,-0.3048998459167951,0.48035219018269865,0.8049812898965442,-0.44656174334140436,-0.44954875632841734,-0.13546775258639665,-0.19829627999119526,0.15888839973585736,-0.03413383226942549,-0.1273563724411182,-0.23063174114021573,0.6062843935725292,0.39294739159145936,-0.057823024433193926,-0.2348051948051948,0.06350429231785164,-0.03551397754787585,0.3592295839753467,-0.08258859784283513,-0.2854149240589919,-0.08039181157825226,-0.13992515958617655,-0.30627999119524546,-0.3138806955756108,-0.3662183579132732,-0.06221879815100154,0.07085626238168612,-0.17786704820603125,-0.17071538630860664,0.20666299801893023,-0.12298921417565485,-0.045414924058991855,-0.03983050847457627,0.29690512876953556,0.5030134272507154,0.42246973365617435,0.491270085846357,0.4991987673343605,0.5474444199867928,-0.1319106317411402,-0.10788685890380806,-0.2570327977107638,-0.29696456086286593,-0.042639225181598066,0.10803433854281312,0.24535108958837773,0.10521461589258199,-0.1896302003081664,-0.062240810037420206,0.3308430552498349,0.3921813779440898,-0.0008320493066255779,0.10583755227823025,-0.27925599823904906,-0.29651331719128327,0.44058111380145276,-0.019075500770416025,-0.18080343385428133,0.08761391151221659,-0.39866387849438695,-0.3581091789566366,-0.37690292758089367,-0.08494607087827427,0.10059652212194585,-0.045282852740479856,-0.12241690512876953,-0.1015430332379485,,-0.05889500330178296,-0.08691833590138674,0.13735857362976006,0.09912392692053709,-0.08307065815540392,-0.09137574290116662,0.10296940347787806,-0.18743341404358355,-0.12370680167290336,-0.22774818401937047,0.027550077041602464,-0.02611930442438917,0.44134272507153866,0.1592537970504072,0.38790887079022673,0.5106999779881136,0.31623376623376626,0.5688729914153643,0.6176513317191283,0.1455844155844156,0.25382126348228046,0.5632071318511996,0.2225445740699978,0.30929121725731895,-0.030022011886418665,-0.01198547215496368,0.031426370239929564,-0.0361897424609289
#13,0.5291525423728813,0.19942989214175655,0.6885934404578472,1.0,-0.01260840854061193,0.17141976667400396,0.13407219898745323,0.3842526964560863,0.011201848998459168,0.5014990094651112,0.27627338762931986,0.2580277349768875,0.25142416905128767,0.12786044464010565,-0.5326172132951794,-0.4086616773057451,0.3449966982170372,0.44083645168390934,-0.27455866167730575,-0.2516288795949813,-0.20372661237068015,0.000673563724411182,-0.01726832489544354,0.1296500110059432,-0.08086066475896984,-0.07286374642306846,0.5288311688311689,0.509801893022232,-0.10334800792427912,-0.018005723090468852,0.1350231124807396,0.16538850979528946,0.3805502971604667,-0.0598415144177856,-0.18316090688972045,0.12011446180937706,0.05029936165529386,-0.025344486022452123,0.0062403697996918335,-0.09777679947171472,-0.057466431873211536,-0.06025753907109839,0.05798151001540832,-0.07353731014747963,0.2834756768655074,0.20533788245652654,0.17002201188641866,0.0901452784503632,0.22876733436055469,0.39149680827646927,0.3419590578912613,0.4417125247633722,0.30063614351749945,0.2985714285714286,-0.08794408980849659,-0.12446621175434734,-0.4290138674884438,-0.34655513977547875,0.03148580233325996,0.1850099053488884,0.17702179176755448,-0.07726832489544354,-0.150462249614792,-0.2360576711424169,0.39293198327096635,0.3399493726612371,0.08574510235527184,-0.09060312568787145,-0.3621351529826106,-0.4596235967422408,0.14878494386968963,-0.18112920977327757,-0.01184239489324235,-0.07370239929561963,-0.3488135593220339,-0.5270041822584195,-0.4089412282632622,-0.3917939687431213,-0.1287541272287035,-0.05147919876733436,0.014195465551397755,-0.0376469293418446,,0.12697996918335902,0.06408760730794628,0.2663350209112921,0.10351529826106097,0.06950033017829628,-0.03385868368919216,0.18071098393132293,-0.09701738939027074,-0.01885097952894563,-0.0438102575390711,0.20835351089588378,0.09529165749504732,0.08302223200528286,0.053565925599823906,0.2887145058331499,0.47615232225401716,0.3563086066475897,0.310066035659256,0.45933524103015627,0.07832269425489764,0.4196191943649571,0.2554589478318292,0.24313889500330177,0.0018776139115122166,-0.16314329738058553,-0.27103235747303545,-0.04831388950033018,-0.19232885758309487
#17,0.12909971384547655,-0.1173497688751926,-0.0878252256218358,-0.01260840854061193,1.0,0.6788025533788246,-0.3999823904908651,0.05454105216817081,-0.12207351970063834,-0.3472727272727273,-0.3079484921857803,0.5484173453664979,0.4033480079242791,-0.06771076381245873,-0.2550187101034559,-0.1520228923618754,-0.13107858243451465,-0.09565045124367158,0.11184019370460048,0.17228923618754127,-0.18126788465771518,-0.02282852740479859,-0.3796786264582875,-0.001430772617213295,-0.2392670041822584,0.045364296720228924,-0.25928461369139333,-0.16118423948932423,0.5818445960818842,0.5242835130970724,0.009713845476557341,0.3971010345586617,-0.09614131631080784,0.32794629099713846,0.5363482280431433,0.39714285714285713,0.13520360994937267,0.11393792648029936,0.2906383447061413,0.0563548316090689,0.6398723310587717,0.2980805635042923,0.5494475016508915,0.15505392912172572,0.06099713845476557,0.20839313229143738,0.016339423288575832,0.07707902267224301,-0.12325335681267885,-0.33827426810477657,-0.2641008144397975,-0.4432027294739159,-0.21145938806955755,-0.39394232885758307,-0.21799691833590137,-0.3072793308386529,-0.1473695795729694,-0.1680629539951574,0.19434294519040282,-0.1027294739159146,-0.06940347787805415,-0.07844375963020031,0.133119084305525,-0.21026634382566586,-0.19588817961699317,-0.0775280651551838,-0.1267510455646049,-0.44022011886418666,-0.11992295839753467,-0.13615232225401716,-0.2719920757208893,-0.33038740920096854,0.1458001320713185,0.0512854941668501,0.2084965881576051,-0.09298261060972926,0.207046004842615,-0.14865067136253576,-0.3108342504952674,0.050050627338762935,0.5823024433193925,0.6326370239929562,,0.5275676865507374,0.6937090028615452,0.0054325335681267885,0.07492185780321374,0.6744640105657055,0.5035593220338983,0.44565705480959716,0.7305877173673784,0.1590975126568347,0.505791327316751,0.06907990314769975,0.0746929341844596,-0.33260180497468633,-0.09732775698877394,-0.19678406339423288,-0.08988994056790667,-0.09310587717367379,-0.18545674664318731,-0.15843935725291658,0.3333370019810698,-0.1309817301342725,-0.10852300242130751,-0.07561523222540172,-0.16819062293638565,-0.0062557781201849,-0.039022672243011224,0.04271186440677966,0.1364472815320273
#18,0.17027955095751707,-0.08500550297160467,0.1571208452564385,0.17141976667400396,0.6788025533788246,1.0,-0.11060092449922958,0.0762029495927801,-0.2101386748844376,-0.1593462469733656,-0.2094519040281752,0.5184921857803214,0.6923706801672903,0.13276249174554258,-0.3171384547655734,-0.22771516618974247,-0.1296632181377944,0.072854941668501,-0.03240149680827647,0.05189742460928901,-0.2461765353290777,-0.11279330838652872,-0.442623816861105,-0.1253907109839313,-0.3629804094210874,-0.13560642747083426,0.02182478538410742,0.03370019810697777,0.3887827426810478,0.601041162227603,-0.048298481179837115,0.37686990975126566,-0.05652872551177636,0.11922077922077923,0.2842020691173234,0.4591151221659696,-0.05164208672683249,-0.009751265683469073,0.11329738058551618,-0.17473475676865508,0.5869183359013868,0.32317851639885536,0.44637684349548756,0.08708122386088488,0.12669601584855822,0.1062557781201849,0.08178296279991196,0.06317191283292978,0.06955976227162668,-0.05767114241690513,-0.12623816861104997,-0.28933964340744,-0.0338300682368479,-0.33900066035659254,-0.2977922077922078,-0.48447061413163106,-0.13914813999559764,-0.3291613471274488,0.12246753246753246,-0.1271802773497689,0.0224653312788906,-0.18475456746643187,0.31184239489324234,-0.010534888839973586,-0.05047545674664319,0.03855822143957737,0.14469733656174333,-0.06653973145498569,-0.22101915034118425,-0.08284833810257539,-0.05893682588597843,-0.23690072639225182,0.16690292758089367,0.0338828967642527,0.09439137134052389,-0.1765793528505393,0.030902487343165308,-0.1188795949812899,-0.2107462029495928,0.08285053929121726,0.5156746643187321,0.6386594761171033,,0.45333480079242794,0.5420228923618754,0.03743341404358354,0.013746423068456966,0.5634668721109399,0.5832797710763813,0.37476557340964123,0.5905502971604667,-0.008828967642526964,0.33349108518600046,0.018245652652432314,0.054998899405679064,-0.26073739819502534,-0.2032643627558882,-0.05387849438696896,-0.07061193044243892,0.028958837772397095,-0.08908650671362536,-0.011472595201408762,0.3387695355491966,0.015707682148360113,-0.01685230024213075,0.0726634382566586,-0.18281972265023114,-0.08262821923838873,0.014615892581994278,0.05761171032357473,0.06063614351749945
#26,0.16600704380365397,0.31687871450583316,0.36574510235527186,0.13407219898745323,-0.3999823904908651,-0.11060092449922958,1.0,0.05504512436715826,-0.023123486682808718,0.3622452124147039,0.3927690953114682,-0.27597622716266784,0.09134052388289676,0.563860884877834,0.15757869249394674,0.09631300902487343,0.012923178516398855,0.30960818842174775,-0.02984371560642747,-0.15368258859784284,0.2064736957957297,-0.16159806295399515,0.05317851639885538,-0.249867928681488,0.12365617433414043,-0.09869909751265683,0.17810697776799472,-0.08936825885978428,-0.11207792207792208,-0.25279771076381247,-0.2210477657935285,-0.21239709443099272,-0.1139555359894343,-0.23769535549196566,-0.2613515298261061,-0.2291569447501651,-0.05018489984591679,-0.19545674664318732,-0.20386528725511777,-0.324356152322254,-0.29256878714505835,0.06724191063174113,-0.40002421307506053,-0.10954875632841735,-0.0711930442438917,-0.32254017169271404,-0.26400396213955535,-0.14706361435174994,-0.015577812018489984,0.07113801452784503,0.05291877613911512,0.1311798371120405,0.04211974466211754,0.2236451683909311,0.033598943429451904,0.12320052828527404,0.20766894122826327,0.01723530706581554,-0.045300462249614794,-0.030127668941228262,-0.005780321373541713,0.06421307506053268,-0.04382786704820603,0.2514219678626458,-0.011589258199427691,0.0033788245652652434,0.21296720228923618,0.7006405458947832,0.1646929341844596,0.17572749284613692,0.3447941888619855,0.29556680607528063,-0.050735197006383445,0.15662337662337664,0.04574950473255558,0.16595201408760732,-0.016057671142416904,0.2618578032137354,0.36749064494827205,0.16700418225841954,-0.3692317851639886,-0.37125687871450586,,-0.1892824125027515,-0.3828351309707242,-0.03511116002641426,0.00511996478098173,-0.4472132951793969,-0.2607021791767554,-0.18974025974025974,-0.3988553819062294,-0.059029275808936826,-0.3573211534228483,-0.1450561303103676,-0.13923838872991415,0.19213955535989435,-0.04319392471934845,-0.1588861985472155,0.02712524763372221,-0.1260114461809377,0.05686110499669822,0.0012546775258639666,-0.060114461809377066,-0.22896324014968084,0.21881796169931764,-0.1593198327096632,0.13424609289016068,0.08842394893242352,0.034609289016068676,-0.1700858463570328,-0.18432753686990974
#49,0.6125687871450584,0.5039577371780761,0.2348382126348228,0.3842526964560863,0.05454105216817081,0.0762029495927801,0.05504512436715826,1.0,0.4978780541492406,0.39382786704820605,0.583119084305525,0.4661919436495708,0.07607748184019371,0.007367378384327537,-0.26023552718467974,-0.46043143297380584,0.3197292537970504,0.13652212194585076,0.07787145058331499,-0.2154853620955316,0.15902487343165309,-0.22967422408100374,-0.17898084965881575,-0.3499075500770416,0.10987233105877174,0.07289896544133832,0.2998855381906229,0.08090468853180717,0.04237508254457407,0.017279330838652872,0.010154083204930662,0.2571142416905129,0.12691173233546116,-0.02435395113361215,0.028408540611930443,0.12803433854281313,0.22101254677525864,0.11590358793748624,0.1316354831609069,-0.18920316971164428,-0.061287695355491965,-0.2993924719348448,0.05489324235086947,0.1767246313009025,0.007048206031256879,-0.03637244111820383,0.1540545894783183,-0.15702179176755449,0.2283447061413163,0.03927360774818402,0.1269359454105217,0.18919216376843495,0.28905348888399734,-0.05323574730354391,-0.013814659916354832,-0.1639357252916575,-0.17333700198106977,-0.3590710983931323,0.09359674224081004,-0.06445740699977988,-0.06429892141756549,-0.2155425930002201,-0.10840413823464672,-0.3711996478098173,0.23439137134052387,0.16799251595861767,0.10535108958837773,-0.3281421967862646,-0.06156064274708342,-0.3362293638564825,0.1225511776359234,-0.062293638564825005,0.4599537750385208,0.3188729914153643,0.2714615892581994,0.039112920977327756,-0.0016596962359674225,-0.09511336121505613,-0.21943429451904028,-0.2671538630860665,0.03700198106977768,-0.03704600484261501,,-0.00977327756988774,0.1088069557561083,0.20958617653532907,0.06358133392031697,0.07122165969623596,-0.2490975126568347,0.15830288355712085,0.04030596522121946,0.0024323134492626017,0.06791327316751046,0.13667400396213955,0.12156504512436715,0.10327096632181378,-0.19007484041382347,0.18299801893022233,0.04720008804754568,0.21034558661677305,0.0436781862205591,0.13904688531807177,-0.11957957296940348,0.38231565045124366,-0.047362976007043804,0.2914307726172133,-0.2385956416464891,-0.06759189962579792,-0.41451243671582655,-0.34165089148139993,-0.36521021351529825
#50,0.18668280871670703,0.3797622716266784,-0.1253334800792428,0.011201848998459168,-0.12207351970063834,-0.2101386748844376,-0.023123486682808718,0.4978780541492406,1.0,0.31508254457407,0.32278010125467754,0.17098613251155623,-0.05173013427250715,0.057536869909751265,0.17828307285934406,0.009592780101254677,0.20338322694254898,-0.08393572529165749,0.20539731454985694,-0.055870570107858245,0.14214615892581994,-0.11383226942548977,0.09819942769095312,-0.09928241250275148,0.4049900946511116,0.18493946731234867,0.08431873211534228,-0.030530486462689854,0.06553819062293638,-0.08766013647369579,-0.13979088707902268,0.06404358353510896,-0.07809597182478538,-0.052566585956416466,0.08092449922958397,-0.06490204710543694,0.3485494166850099,0.20159145938806955,0.08952234206471495,-0.008828967642526964,-0.10305745102355272,-0.3717873651771957,0.20812898965441337,0.14153202729473915,-0.1745300462249615,0.008106977767994718,-0.040990534888839976,-0.22441558441558443,0.007721769755668061,-0.0634338542813119,0.03551617873651772,0.028434954875632842,0.09084085406119305,-0.13109619194364958,0.12488223640766014,0.06924499229583975,0.06071978868589038,0.06493946731234866,-0.019625797930882677,-0.048109178956636585,-0.2969183359013868,-0.22470834250495267,-0.05456306405458948,-0.12540391811578253,0.11855381906229363,0.07203609949372661,0.18687871450583315,-0.1799471714725952,0.09585296059872331,-0.061736737838432754,0.07144177856042262,0.15764472815320274,0.3303411842394893,0.28422187981510016,0.26362976007043804,0.21004842615012106,0.058749724851419764,0.043891701518820166,-0.028382126348228044,-0.19649790887079022,0.006726832489544354,-0.05656394453004623,,-0.19403257759189962,-0.08277129650011006,-0.1604600484261501,-0.14123706801672903,-0.022760290556900726,-0.24064274708342506,-0.054164648910411624,-0.10376623376623377,-0.07782302443319393,-0.006350429231785164,-0.04974025974025974,0.039826106097292535,0.19433854281311908,-0.15738718908210433,0.04157384987893462,-0.17822584195465552,0.051930442438917014,-0.09360334580673564,-0.0821483601144618,-0.2224719348448162,0.13928461369139336,-0.1952278230244332,0.11990534888839974,-0.0900858463570328,-0.15345806735637244,-0.16256658595641646,-0.3543715606427471,-0.2553422848338103
#51,0.4229011666299802,0.26403697996918335,0.518102575390711,0.5014990094651112,-0.3472727272727273,-0.1593462469733656,0.3622452124147039,0.39382786704820605,0.31508254457407,1.0,0.5378670482060313,0.05923838872991415,0.17133612150561303,0.33891921637684347,-0.13776799471714726,-0.33011666299801895,0.660891481399956,0.2982544574069998,-0.3727250715386309,-0.4876535329077702,-0.042260620735197006,-0.38063834470614133,0.3716486902927581,-0.22159586176535329,0.23285274047985913,-0.37311468192824127,0.6088289676425269,0.32245652652432316,-0.1473233546114902,-0.33244331939247196,-0.0712458727712965,-0.2906669601584856,0.20906009244992296,-0.3007968302883557,-0.3507506053268765,-0.26607307946291,-0.05477217697556681,-0.3122408100374202,-0.2726744441998679,-0.39997578692493946,-0.22968743121285495,-0.3440061633281972,-0.17599383667180277,-0.19543033237948493,0.18508254457407,-0.05412502751485802,-0.01480299361655294,-0.19070878274268105,0.4186000440237728,0.5180123266563944,0.39759630200308166,0.5070570107858243,0.5063372220999339,0.4439247193484482,-0.018252256218357913,-0.05015628439357253,0.13699757869249396,-0.11064274708342504,-0.10973365617433414,0.12067576491305305,0.19915914593880696,0.07792207792207792,-0.019240589918556022,0.13604666519920758,0.2738102575390711,0.26426370239929564,0.1718071758749725,0.17973365617433415,-0.21842835130970725,-0.14270526084085405,0.3688575830948712,0.13896324014968084,-0.12356152322254017,0.1212392692053709,-0.23776139115122166,-0.16607968302883558,-0.23977547875852961,0.06445520581113802,0.38029275808936824,-0.25399295619634604,-0.18207351970063834,-0.19350869469513537,,-0.3357406999779881,-0.3173893902707462,0.14941228263262163,0.05345586616773058,-0.22964120625137574,-0.2683314990094651,0.0684173453664979,-0.33509795289456307,-0.09500110059432093,-0.21027074620294958,-0.07654193264362756,-0.046260180497468634,0.527508254457407,-0.2349570768214836,0.33131631080783625,0.11296500110059432,0.3752212194585076,0.3712458727712965,0.42699097512656836,-0.184983491085186,0.3709090909090909,0.2216949152542373,0.2514703940127669,0.21462249614791987,-0.01028615452344266,-0.08826546335020911,-0.127706361435175,-0.24954215276249175
#52,0.5790953114681928,0.5352498349108519,0.4141690512876954,0.27627338762931986,-0.3079484921857803,-0.2094519040281752,0.3927690953114682,0.583119084305525,0.32278010125467754,0.5378670482060313,1.0,0.018188421747743783,-0.11533127889060092,0.30766233766233764,-0.021171032357473037,-0.09062073519700638,0.4504930662557781,0.2513779440898085,-0.12895663658375522,-0.23884437596302002,0.14083425049526743,-0.22530486462689853,0.16639665419326435,-0.24652432313449263,0.21619854721549636,0.023383226942548976,0.22163328197226503,0.1434602685450143,-0.1506537530266344,-0.28484261501210656,-0.13326216156724632,-0.2763680387409201,0.13144838212634824,-0.23328197226502312,-0.23281311908430552,-0.20457847237508253,0.027415804534448602,-0.18504072198987453,-0.0738300682368479,-0.2844089808496588,-0.23032797710763814,-0.23449922958397534,-0.1840677966101695,-0.09906009244992296,-0.028980849658815762,-0.2574884437596302,-0.16730794629099713,-0.2780959718247854,0.08142637023992956,0.12137354171252476,0.09202729473915915,0.2468412942989214,0.2237376183138895,0.30442438917015185,0.1539357252916575,0.16715606427470833,0.08193924719348449,-0.06558661677305745,-0.07143517499449703,-0.07143957737178076,0.05513977547875853,-0.033616552938586834,-0.15699757869249395,0.022980409421087387,0.14204490424829408,0.13979308826766454,0.11948932423508694,0.10046445080343386,0.07704160246533127,0.025201408760730796,0.3115562403697997,0.26317851639885537,0.028527404798591238,0.24083425049526744,0.0008782742681047766,0.11344045784723751,-0.09436495707682148,0.1481465991635483,0.20754567466431872,-0.16725511776359234,-0.14786044464010567,-0.14556680607528066,,-0.2842262821923839,-0.22693154303323795,0.0030354391371340524,-0.05044023772837332,-0.18968082764692934,-0.3005260840854061,0.016075280651551838,-0.16106317411402157,-0.13145498569227382,-0.17553819062293638,-0.03547875852960599,-0.05412722870349989,0.37911292097732774,0.0323992956196346,0.06906009244992296,0.11133392031697116,0.052722870349988994,0.12070658155403918,0.1745410521681708,-0.16973365617433414,0.1789852520360995,0.09401937046004842,0.06946290997138455,0.07260840854061193,-0.0013097072419106317,-0.18862645828747523,-0.16909311027955096,-0.2786176535329078
#53,0.3054501430772617,-0.06450583314990095,0.0005150781421967862,0.2580277349768875,0.5484173453664979,0.5184921857803214,-0.27597622716266784,0.4661919436495708,0.17098613251155623,0.05923838872991415,0.018188421747743783,1.0,0.5217565485362096,0.1303433854281312,-0.2902179176755448,-0.46394453004622493,0.14850539291217257,-0.20117103235747302,0.04660136473695796,-0.039744662117543475,-0.07924719348448162,-0.22155844155844157,-0.37440457847237507,-0.2109156944750165,-0.09499449702839534,-0.09211754347347567,0.1404094210873872,0.09203609949372661,0.447541272287035,0.39018049746863304,0.2821879815100154,0.23880255337882456,0.09464010565705482,0.08147479639005063,0.5080475456746644,0.2689918556020251,0.15445960818842175,-0.02935725291657495,0.24575170592119744,-0.20664979088707902,0.438663878494387,0.016282192383887298,0.4943253356812679,0.07353951133612151,0.10186660796830288,0.09590358793748624,0.21016949152542372,-0.012978208232445521,0.21179176755447943,-0.026869909751265682,-0.047052608408540614,-0.23772176975566806,0.07604886638784944,-0.4143451463790447,-0.13166409861325115,-0.5246731234866828,-0.16078802553378824,-0.3604732555580013,0.25255337882456524,-0.18080783623156504,-0.021688311688311687,-0.14698657274928462,0.2402575390710984,-0.16034558661677306,-0.0600132071318512,0.11388950033017829,0.07179176755447941,-0.2977591899625798,-0.11545674664318732,-0.18169931763152103,-0.06165309267004182,-0.15162007484041382,0.1907704160246533,-0.08726832489544353,0.18443319392471935,-0.19146819282412503,-0.02582874752366278,-0.31315870570107857,-0.17498569227382788,-0.1762557781201849,0.5526260180497469,0.5380255337882457,,0.44171692714065597,0.604653312788906,0.1335857362976007,0.08446621175434735,0.47090468853180717,0.32038520801232667,0.4685362095531587,0.5500638344706141,0.21325335681267885,0.3528153202729474,0.1665793528505393,0.09787365177195685,-0.18259079903147699,-0.25735417125247634,-0.055491965661457185,-0.2916751045564605,0.02904028175214616,-0.1987475236627779,0.0738300682368479,0.049183359013867486,0.1856636583755228,-0.075016508914814,0.12640545894783184,-0.27655513977547874,-0.06287475236627779,-0.18057451023552717,-0.02805414924058992,-0.11094871230464451
#54,0.21509134932863747,-0.04341184239489324,0.2663878494386969,0.25142416905128767,0.4033480079242791,0.6923706801672903,0.09134052388289676,0.07607748184019371,-0.05173013427250715,0.17133612150561303,-0.11533127889060092,0.5217565485362096,1.0,0.4701166629980189,-0.2567026194144838,-0.3414769975786925,0.15812018489984592,0.09477437816420867,-0.3514968082764693,-0.24764472815320274,-0.3491833590138675,-0.32347127448822366,-0.192458727712965,-0.21388729914153642,-0.24675985031917236,-0.3967224301122606,0.27364296720228926,0.15923398635263042,0.2884921857803214,0.19130090248734316,-0.028463570327977108,-0.03879594981289897,-0.15395113361215057,-0.1942703059652212,0.07450583314990095,0.0900264142637024,-0.2712392692053709,-0.3563350209112921,-0.197112040501871,-0.4048382126348228,0.32331278890600923,0.049665419326436276,0.267310147479639,-0.12565485362095533,0.1851419766674004,0.06563944530046224,0.04399955976227163,-0.049465111160026415,0.2770063834470614,0.3094981289896544,0.09497468633061854,-0.060770416024653315,0.14911512216596962,-0.14843935725291657,-0.3188531807175875,-0.5338520801232666,0.06829848117983711,-0.19389390270746204,0.13969843715606428,0.0686880915694475,0.16026854501430773,0.0599867928681488,0.3644508034338543,0.24035219018269866,-0.13209333039841514,0.09947171472595201,0.3357274928461369,0.21984371560642746,-0.3278406339423289,-0.08572749284613691,0.10473035439137134,-0.09510675764913053,-0.10761171032357474,0.028250055029716045,-0.04762491745542593,-0.15371340523882895,-0.042267224301122605,-0.03195685670261941,0.09526524323134493,-0.1121813779440898,0.35199207572088925,0.42812898965441337,,0.36505392912172574,0.4380563504292318,0.060114461809377066,0.060156284393572526,0.30871670702179177,0.3477173673783843,0.39840633942328857,0.3061237068016729,0.05478758529605987,0.1785031917235307,-0.04606647589698437,0.0033590138674884436,0.05790226722430112,-0.383218137794409,0.06335681267884657,-0.26256218357913275,0.13005502971604666,0.007853841074180056,0.1511930442438917,0.12845256438476776,0.05892361875412723,0.19253356812678846,0.0963416244772177,-0.007708562623816861,0.06569007263922517,0.12502531366938147,0.1332687651331719,0.047552278230244334
#58,0.29030596522121943,0.08517939687431213,0.34394453004622494,0.12786044464010565,-0.06771076381245873,0.13276249174554258,0.563860884877834,0.007367378384327537,0.057536869909751265,0.33891921637684347,0.30766233766233764,0.1303433854281312,0.4701166629980189,1.0,0.10308606647589698,-0.08007704160246533,0.22140876073079463,0.21696456086286595,-0.2810631741140216,-0.30803213735417123,-0.12966762051507813,-0.47870349988994054,0.07173013427250716,-0.24991195245432535,0.04697556680607528,-0.36995597622716264,0.18129429892141757,-0.06600264142637025,0.09265243231344926,-0.1328417345366498,-0.2171252476337222,-0.36208232445520583,-0.24572309046885318,-0.36339863526304206,-0.10413603345806735,-0.13490204710543693,-0.2636319612590799,-0.4415782522562184,-0.37372220999339645,-0.45534008364516837,-0.10542152762491745,0.0027492846136913936,-0.10376843495487563,-0.23973365617433415,0.08581113801452785,-0.167409200968523,-0.17993616552938588,-0.19817741580453443,0.22217917675544793,0.2444045784723751,0.06887299141536429,-0.0008540611930442439,0.0538234646709223,0.059788685890380805,-0.20674444199867928,-0.18057671142416906,0.20606647589698437,0.06148580233325996,0.06555800132071318,0.11967642526964561,0.09259520140876074,0.17499229583975345,0.28183359013867487,0.48523882896764253,-0.29362315650451243,-0.10765793528505394,0.46670041822584196,0.6311798371120405,0.05176975566806075,0.21600264142637024,0.38366277790006603,0.37494607087827425,-0.14109178956636584,0.12047765793528506,0.01944309927360775,0.13548316090688972,0.04561523222540172,0.2372639225181598,0.5307726172132952,0.03405018710103456,-0.026233766233766234,0.10433854281311908,,0.05898745322474136,-0.020424829407880256,-0.11571648690292759,0.0052872551177635925,-0.14905789126128108,-0.0449108518600044,0.17454985692273828,-0.003092670041822584,0.1724389170151882,0.02216596962359674,-0.13799031476997578,-0.09585075941008145,0.2271736737838433,-0.1792956196346027,-0.15742681047765794,-0.2354985692273828,-0.09873211534228483,0.06176755447941889,0.03977327756988774,-0.043330398415144175,-0.2147061413163108,0.3651882016288796,-0.11886418666079683,0.2637244111820383,0.20678186220559103,0.26385208012326655,0.01901166629980189,-0.013405238828967643
#101,-0.3475522782302443,-0.131633281972265,-0.4554985692273828,-0.5326172132951794,-0.2550187101034559,-0.3171384547655734,0.15757869249394674,-0.26023552718467974,0.17828307285934406,-0.13776799471714726,-0.021171032357473037,-0.2902179176755448,-0.2567026194144838,0.10308606647589698,1.0,0.5837068016729033,-0.10489324235086947,-0.3847787805414924,0.5005084745762712,0.2291899625797931,0.5207814219678627,0.06464450803433855,0.242491745542593,0.018983050847457626,0.46645828747523665,0.1136913933524103,-0.3890534888839974,-0.4524653312788906,0.11085626238168611,-0.00526304204270306,-0.11947831829187762,-0.2982214395773718,-0.34898965441338325,-0.01922077922077922,0.21336781862205592,-0.19048646268985253,0.24447281532027296,0.08225181598062954,0.06323794849218578,0.1457076821483601,-0.16304864626898524,0.11302223200528286,-0.09116442879154743,0.20964120625137575,-0.2930222320052829,-0.23557561082984813,-0.38418225841954656,-0.2924763372220999,-0.3398701298701299,-0.3727955095751706,-0.32755007704160244,-0.3729583975346687,-0.3667576491305305,-0.18094871230464452,0.3691041162227603,0.31044464010565703,0.4239885538190623,0.3989632401496808,-0.12073079462909972,-0.09576931543033237,-0.3741514417785604,-0.1677591899625798,0.12364736957957297,0.2842306845696676,-0.37558661677305744,-0.3225555800132071,-0.013766233766233767,0.26019370460048424,0.6633392031697116,0.6085868368919216,0.14,0.4581201848998459,0.03344706141316311,-0.056847897864847015,0.3020713185119965,0.4015694475016509,0.22157164869029275,0.2062755888179617,0.45894122826326217,0.14881796169931763,-0.17285053929121727,-0.15821263482280432,,-0.2536913933524103,-0.28931763152102136,-0.4845300462249615,-0.46473915914593883,-0.2645564604886639,-0.11052168170812239,-0.31523002421307506,-0.15902047105436937,-0.1635857362976007,-0.2333303984151442,-0.381089588377724,-0.45951573849878935,0.009031476997578693,0.003550517279330839,-0.46742681047765794,-0.41768434954875633,-0.514439797490645,-0.42929561963460267,-0.34201848998459167,-0.3439159145938807,-0.39433414043583537,-0.32939247193484483,-0.463152102135153,-0.08320493066255778,-0.03207792207792208,0.0638696896324015,-0.2470019810697777,-0.1842064714946071
#102,-0.36065595421527624,0.08008364516839094,-0.3048998459167951,-0.4086616773057451,-0.1520228923618754,-0.22771516618974247,0.09631300902487343,-0.46043143297380584,0.009592780101254677,-0.33011666299801895,-0.09062073519700638,-0.46394453004622493,-0.3414769975786925,-0.08007704160246533,0.5837068016729033,1.0,-0.2646401056570548,-0.22302443319392473,0.44292317851639884,0.631221659696236,0.3197490644948272,0.5321373541712525,0.09408320493066256,0.42351749944970285,0.18598723310587717,0.3653841074180057,-0.46327316751045566,-0.1810807836231565,-0.014281311908430553,-0.004840413823464671,-0.27273387629319834,-0.2385824345146379,-0.2998040942108739,0.007719568567026194,0.02219458507594101,-0.06284173453664979,0.11815540391811578,0.2398151001540832,0.09056790666960159,0.3242791107197887,0.0011600264142637023,0.23913053048646268,-0.008668280871670701,0.2165661457186881,-0.23924499229583976,0.022434514637904468,-0.47148800352190184,-0.261897424609289,-0.5206405458947831,-0.45869029275808937,-0.46303764032577593,-0.37648470173893905,-0.4024279110719789,-0.12871670702179178,0.37728813559322033,0.4152938586836892,0.2983050847457627,0.3958133392031697,-0.11761611270085846,-0.004098613251155624,-0.4853576931543033,-0.229867928681488,-0.18171912832929782,0.14134272507153864,-0.27593440457847235,-0.1580475456746643,-0.19964120625137574,0.18397094430992736,0.5571472595201409,0.5517125247633722,0.054611490204710546,0.3831983270966322,-0.050107858243451465,0.04651992075720889,0.10280431432973806,0.2931631080783623,0.14408980849658815,0.18934404578472375,0.08366277790006603,0.4604094210873872,-0.07573629760070438,-0.09289676425269645,,-0.17522342064714946,-0.2666740039621396,-0.5732423508694695,-0.5110037420206912,-0.021127008584635704,0.04918115782522562,-0.29356372441118206,-0.12700418225841956,-0.2589258199427691,-0.22541272287035,-0.3607373981950253,-0.370363196125908,-0.11463790446841295,0.2822496147919877,-0.5555624036979969,-0.140231124807396,-0.5829694034778781,-0.4052300242130751,-0.3853268765133172,-0.18956856702619415,-0.45192824125027514,-0.39757649130530487,-0.6014571868809157,-0.19844155844155845,-0.17275148580233327,0.10759630200308166,-0.23554919656614573,-0.0828417345366498
#201,0.31771736737838435,0.06095091349328637,0.48035219018269865,0.3449966982170372,-0.13107858243451465,-0.1296632181377944,0.012923178516398855,0.3197292537970504,0.20338322694254898,0.660891481399956,0.4504930662557781,0.14850539291217257,0.15812018489984592,0.22140876073079463,-0.10489324235086947,-0.2646401056570548,1.0,0.3608892802113141,-0.3639357252916575,-0.5845190402817522,-0.06242350869469514,-0.39865727492846137,0.4890314769975787,-0.08830948712304644,0.3397490644948272,-0.2926612370680167,0.4958133392031697,0.2057362976007044,0.09441338322694255,-0.3994915254237288,0.08694254897644728,-0.35285274047985915,0.16707021791767554,-0.12723310587717368,-0.15428791547435616,-0.42598283072859344,-0.06970944309927361,-0.4152080123266564,-0.3333744221879815,-0.36088267664538853,-0.07685009905348889,-0.3060708782742681,-0.1086946951353731,-0.32660136473695794,0.18244772176975566,-0.18135152982610608,-0.09931983270966321,-0.3247831829187761,0.3155359894342945,0.4404820603125688,0.3591349328637464,0.33889500330178296,0.4474950473255558,0.37156504512436717,-0.03897864847017389,-0.10372000880475457,0.04697996918335901,-0.15073959938366718,0.02561303103675985,0.14007484041382345,0.1988399735857363,0.19064274708342505,-0.17002421307506052,0.06918996257979308,0.10388729914153642,0.11890821043363416,-0.13341844596081884,-0.0938895003301783,-0.06466651992075721,-0.12495927801012546,0.3817147259520141,0.13415804534448603,-0.27346907329958176,-0.025569007263922517,-0.3314329738058552,-0.16583314990094652,-0.2645278450363196,0.07418005723090469,0.4704006163328197,-0.2791679506933744,0.028472375082544573,-0.027323354611490203,,-0.1938102575390711,-0.15670261941448382,0.08460048426150121,0.029601584855822143,-0.0739159145938807,-0.2355558001320713,0.08624697336561743,-0.25023332599603787,-0.0036473695795729696,-0.1942989214175655,-0.026880915694475017,-0.04835130970724191,0.7118578032137354,-4.6224961479198765e-05,0.3759916354831609,-0.04052828527404798,0.2491041162227603,0.29394012766894123,0.4862227602905569,-0.11246973365617434,0.30470834250495266,0.2473365617433414,0.18224741360334581,0.22458727712965001,0.09198327096632182,0.07296940347787806,0.06153863086066476,-0.048705701078582436
