,#10,#11,#12,#13,#17,#18,#26,#49,#50,#51,#52,#53,#54,#58,#101,#102,#201,#202,#301,#302,#401,#402,#501,#502,#601,#602,#701,#702,#801,#802,#901,#902,#1001,#1002,#1101,#1102,#1201,#1202,#1301,#1302,#1401,#1402,#1501,#1502,#1601,#1602,#1701,#1702,#1801,#1802,#1901,#1902,#2001,#2002,#2101,#2102,#2201,#2202,#2301,#2302,#2401,#2402,#2501,#2502,#2601,#2602,#2701,#2702,#2801,#2802,#2901,#2902,#3001,#3002,#3101,#3102,#3201,#3202,#3301,#3302,#3401,#3402,#3455,#3501,#3502,#3601,#3602,#3701,#3702,#3801,#3802,#3901,#3902,#4001,#4002,#4101,#4102,#4201,#4202,#4301,#4302,#4401,#4402,#4501,#4502,#4601,#4602,#4701,#4702,#4801,#4802
#10,1.0,0.5462227602905569,0.2734602685450143,0.28476337222099934,0.29130750605326877,0.0948250055029716,0.21016288795949814,0.47942769095311466,0.08447721769755669,0.2901254677525864,0.33958837772397094,0.2450033017829628,0.0937772397094431,0.33700418225841955,-0.3727690953114682,-0.3321571648690293,0.1678780541492406,0.33627999119524543,-0.20318732115342286,-0.15843715606427472,-0.25673343605546994,-0.26264802993616554,-0.29382566585956416,0.0039049086506713626,-0.3077679947171473,-0.034369359454105214,0.07134492626018049,0.09576271186440678,0.10218357913273167,-0.10457186880915695,0.21828527404798592,0.04962799911952454,0.2280431432973806,0.11782742681047766,-0.1585626238168611,-0.13666079683028837,-0.13598943429451904,-0.15967422408100373,-0.06351749944970284,0.10508694695135373,-0.1861765353290777,-0.03596962359674224,-0.18649790887079024,-0.4029980189302223,0.09470834250495268,-0.060121065375302665,0.2792339863526304,0.30361435174994494,0.2105921197446621,0.24509355051727932,0.22044464010565706,0.1845234426590359,0.15741360334580673,0.26005502971604666,-0.15924719348448163,-0.029346246973365617,-0.2709311027955096,-0.342623816861105,0.14089148139995597,0.17005062733876294,-0.23523222540171693,-0.11684569667620515,0.02560202509355052,-0.09320713185119965,0.15862425709883338,0.09146599163548316,0.15086726832489544,0.013064054589478319,0.027779000660356594,-0.03769755668060753,0.2308628659476117,0.16393792648029937,-0.012405899185560202,0.19316090688972046,0.021976667400396215,-0.07064714946070878,-0.22900726392251816,-0.15843715606427472,-0.15013427250715386,-0.006273387629319832,-0.03345146379044684,-0.16770856262381686,,-0.010730794629099713,0.1033942328857583,0.04588817961699317,-0.10423068456966762,-0.41551397754787583,-0.009302223200528285,-0.26858023332599607,-0.24445080343385428,-0.01775478758529606,-0.03447941888619855,0.07073299581774158,0.127277129650011,0.17289896544133831,0.2981840193704601,0.39111160026414266,0.32962799911952456,0.26737398195025314,0.42377503852080123,0.3641646489104116,0.4499163548316091,0.14239049086506714,0.3729429892141757,0.38566585956416466,0.3120889280211314,-0.16846136913933524,-0.024600484261501212,-0.04411842394893242,0.12246973365617433
#11,0.5462227602905569,1.0,0.33441998679286816,0.3953532907770196,0.3519172353070658,0.0737442218798151,0.43699097512656837,0.17381245872771298,0.10314990094651112,0.42137574290116664,0.3363900506273388,0.08204270305965221,0.22039841514417785,0.26923178516398855,-0.234818401937046,-0.018965441338322696,0.24270526084085406,0.1370195905789126,-0.1308694695135373,-0.07152982610609729,-0.15644508034338542,0.05918776139115122,-0.0300594320933304,0.13123706801672905,0.032139555359894344,0.22327977107638125,-0.028258859784283514,0.11192163768434955,0.07977547875852961,0.10399295619634602,0.020497468633061854,-0.0711468192824125,-0.01827426810477658,0.19329077701959058,-0.16480299361655293,-0.01773497688751926,0.09839973585736297,0.057640325775918995,0.1302773497688752,0.14038080563504293,-0.1472176975566806,-0.05281091789566366,-0.1812854941668501,-0.3351067576491305,-0.15482060312568788,0.03577812018489985,0.07990314769975787,0.13399295619634602,-0.256271186440678,-0.0763020030816641,0.06462029495927801,-0.053055249834910855,-0.03347127448822364,0.1483645168390931,-0.15509355051727933,0.023319392471934843,-0.189603786044464,-0.19067136253576933,0.04295179396874312,0.02730794629099714,-0.06893242350869469,-0.04031036759850319,-0.0025974025974025974,0.06885538190622936,0.20732555580013207,0.0499735857362976,0.15081884217477437,0.18558441558441557,0.059295619634602684,0.06158925819942769,0.20784063394232885,0.13097732775698878,-0.2096059872331059,-0.16591019150341185,-0.10692934184459608,-0.1904886638784944,-0.1394276909531147,-0.1719040281752146,0.09727933083865287,0.27355051727933083,0.09108078362315651,-0.08574290116662998,,-0.023286374642306845,0.01842835130970724,-0.1399603786044464,-0.12867268324895442,-0.2344375963020031,0.08951353731014748,-0.2444045784723751,-0.1703565925599824,-0.19174554259300022,-0.042066916134712744,-0.08810257539071098,-0.09383226942548976,0.12356372441118203,0.38900726392251816,0.11203389830508474,0.1987739379264803,0.019694034778780543,0.023317191283292977,0.15915254237288134,0.1020823244552058,-0.006579352850539291,0.15943209333039843,0.20200088047545675,0.04974906449482721,-0.03810037420206912,-0.04272947391591459,-0.018076161127008585,0.05853400836451684
#12,0.2734602685450143,0.33441998679286816,1.0,0.3693462469733656,0.08029495927801013,0.22948712304644509,0.23252916574950475,0.05627338762931983,0.06174994497028395,0.287112040501871,0.41742681047765795,-0.1299141536429672,0.08300682368478979,-0.010140876073079463,-0.37624477217697555,-0.45753907109839315,0.666469293418446,0.4551749944970284,-0.2888003521901827,-0.3284129429892142,-0.06581333920316972,1.5408320493066255e-05,0.15236407660136475,0.25466211754347345,0.11064054589478318,-0.1322143957737178,0.5112238608848778,0.3339819502531367,0.17127668941228263,0.15172353070658157,-0.0055954215276249174,0.19502751485802333,0.28017609509134933,0.19540832049306625,-0.2783513097072419,-0.310396213955536,-0.04811358133392032,-0.11394453004622496,0.02576931543033238,0.2225841954655514,-0.11682808716707022,-0.26561523222540173,0.017312348668280873,-0.4438168611049967,-0.10720449042482941,-0.049647809817301346,0.09937266123706802,0.26767774598283073,0.0888729914153643,0.31248073959938366,0.17147919876733436,0.2762755888179617,0.4207660136473696,0.5351177635923399,0.318696896324015,0.4811402157164869,-0.20957957296940347,-0.17465111160026414,-0.1793858683689192,-0.043973145498569226,-0.0037023992956196346,0.08590138674884437,-0.5114659916354831,-0.27314769975786923,0.2924433193924719,0.3586242570988334,-0.2185230024213075,-0.17597402597402598,-0.14146158925819943,-0.15698217037200088,0.3124851419766674,0.15526304204270305,-0.22533127889060092,-0.1250099053488884,-0.5759498128989654,-0.347871450583315,-0.2575214615892582,-0.13020911292097734,-0.07889280211314109,0.03205811138014528,0.14560862865947613,0.19545674664318732,,-0.020482060312568787,-0.08515298261060973,-0.1116685009905349,-0.12880475456746643,-0.06792207792207793,0.05845916795069338,0.08039401276689412,-0.1315760510675765,-0.21685890380805636,-0.18965441338322694,-0.11723090468853181,-0.287046004842615,0.6068280871670703,0.6272639225181598,0.6231322914373761,0.6486220559101915,0.19947831829187762,0.4786088487783403,0.19373321593660578,0.339192163768435,0.2743055249834911,0.38440677966101694,0.3903081664098613,0.3524675324675325,0.029969183359013867,-0.08183138895003302,-0.07903147699757869,-0.2534888839973586
#13,0.28476337222099934,0.3953532907770196,0.3693462469733656,1.0,0.32709002861545233,0.24882236407660135,0.21785604226282193,-0.09140435835351089,0.15619854721549636,0.43020030816640986,0.26278010125467754,-0.027323354611490203,0.3450099053488884,0.10532247413603346,-0.23251595861765353,-0.11711644287915475,0.3565397314549857,0.0626436275588818,-0.20971604666519922,-0.31478098173013425,-0.2994122826326216,-0.0878252256218358,0.1491701518820163,0.20262821923838872,0.22112480739599383,0.22874312128549418,0.1075346687211094,0.3612965001100594,-0.012707462029495927,-0.005205811138014528,-0.13181157825225623,0.06804974686330618,0.004653312788906009,0.25297600704380363,-0.18434074400176095,0.09363416244772177,0.15557781201849,0.12794849218578033,-0.03602025093550517,0.12037860444640106,-0.2654369359454105,-0.08063394232885758,-0.2113119084305525,-0.2658595641646489,-0.17426810477657936,0.10085406119304424,0.15637904468412944,0.32428131190843057,-0.10695795729694035,0.19749064494827206,0.21552278230244332,0.1541866607968303,0.24812898965441338,0.23622716266784063,-0.03296940347787805,0.08297380585516179,-0.12651771956856703,-0.09483601144618094,-0.10413383226942549,0.0887343165309267,-0.17052168170812237,-0.10910191503411842,-0.09435174994497028,0.06672903367818622,0.16316751045564604,0.0071846797270526085,0.0021329517939687433,0.05543913713405239,-0.22259300022011885,-0.13900946511116002,-0.15311027955095752,-0.13507153863086066,-0.5173189522342064,-0.21451683909311028,-0.26917455425930004,-0.18612810917895664,-0.2555888179616993,-0.2901408760730795,0.24167070217917674,0.2039555359894343,0.11186220559101916,0.10716046665199208,,-0.012722870349988993,0.15628439357252916,-0.2719348448162007,-0.07685230024213074,-0.26598062953995155,0.15335681267884657,-0.030799031476997578,-0.05936165529385869,-0.14046885318071758,-0.03837552278230244,0.022566585956416464,0.12148139995597623,0.11519920757208893,0.2749592780101255,0.17440677966101695,0.36196346026854503,0.1101254677525864,0.16047985912392693,0.1458397534668721,0.05352410301562844,0.10991195245432533,0.28891481399955976,0.19784723750825445,0.1609883337001981,-0.05147919876733436,-0.1639027074620295,0.1152410301562844,0.27664979088707903
#17,0.29130750605326877,0.3519172353070658,0.08029495927801013,0.32709002861545233,1.0,0.20576491305304864,0.24485362095531588,-0.003048646268985252,-0.008232445520581114,-0.016643187321153424,0.2790909090909091,0.4276249174554259,0.2233480079242791,0.029821703720008804,-0.38793748624257096,0.023000220118864188,0.16200748404138235,-0.107277129650011,-0.23897424609289017,-0.026220559101915033,-0.4052388289676425,-0.22841294298921416,-0.23562403697996917,-0.16425709883337003,-0.25510235527184677,0.08606647589698437,-0.13232225401716927,-0.0199735857362976,0.02550297160466652,0.10202069117323355,0.019229583975346687,0.1691811578252256,0.05132291437376183,0.20563284173453664,0.03598943429451904,0.39936385648250056,0.12807175874972485,0.058432753686990975,-0.011395553598943429,-0.03720449042482941,-0.021274488223640767,0.16746643187321153,0.12173013427250716,-0.06170592119744662,0.1680409421087387,-0.02097952894563064,0.3117301342725072,0.30500550297160467,-0.06252916574950473,-0.008412942989214175,0.25873211534228485,0.06449482720669161,-0.05685890380805635,-0.09602245212414703,-0.4445740699977988,-0.3269205370900286,-0.18981730134272506,-0.16304204270305966,-0.0449636803874092,0.1438432753686991,-0.2481091789566366,-0.01821703720008805,0.313086066475897,0.08076161127008584,-0.04364296720228924,-0.011527624917455426,0.041399955976227164,0.2987519260400616,0.02613251155624037,0.2572705260840854,0.04441118203830068,0.1732687651331719,-0.25228703499889943,-0.15903587937486244,0.01786484701738939,-0.011677305745102355,-0.18805635042923177,-0.18246973365617433,0.3004160246533128,0.31011666299801893,0.4366211754347348,0.18103675985031917,,0.1724851419766674,0.5248294078802553,-0.16309707241910631,-0.018386528725511775,0.07423508694695136,0.3294673123486683,0.4383403037640326,0.2495905789126128,0.11702839533348008,0.11426150121065376,0.07111600264142637,0.2541514417785604,-0.25760510675764914,0.028162007484041383,0.0026414263702399295,0.028434954875632842,0.28471714725952013,0.03419326436275589,0.1489456306405459,0.04681267884657715,0.10139115122165969,0.2238300682368479,0.2409487123046445,0.05840193704600484,-0.12920096852300242,0.0634668721109399,0.03322254017169272,0.2789984591679507
#18,0.0948250055029716,0.0737442218798151,0.22948712304644509,0.24882236407660135,0.20576491305304864,1.0,0.15323794849218578,-0.25717807616112703,-0.10263042042703059,0.0030816640986132513,-0.05016949152542373,-0.3548998459167951,0.011617873651771957,0.006570548095971825,-0.1998283072859344,-0.11547215496368039,0.1263878494386969,0.28220338983050847,-0.30601144618093773,-0.11860664758969844,0.06453885097952894,-0.16451904028175215,0.0150429231785164,-0.054142637023992954,-0.05769315430332379,-0.14689852520360994,0.159405679066696,0.23811358133392033,0.35806295399515736,0.3316751045564605,0.2821681708122386,0.33780981730134274,0.031565045124367155,0.4202069117323355,0.13415144177856042,0.07789126128109179,0.17187541272287035,0.2280959718247854,0.14644948272066916,0.19680827646929341,-0.24979749064494827,-0.05298481179837112,-0.18797930882676644,0.018005723090468852,0.036183138895003304,0.12791327316751044,-0.01711424169051288,0.1794783182918776,0.021087387189082103,0.2008166409861325,0.22927801012546775,0.234884437596302,0.3040898084965882,0.19865067136253578,0.15299801893022233,0.08495487563284174,-0.03741800572309047,0.04555359894342945,-0.2582742681047766,0.13853841074180057,-0.40661677305745103,-0.14158485582214395,0.03408760730794629,0.1480937706361435,-0.014019370460048426,0.004721549636803874,0.25807836231565046,0.05788465771516619,0.05460048426150121,0.13128769535549198,0.13520360994937267,0.09106317411402157,-0.08119084305524983,0.04874312128549416,-0.019462909971384546,0.05561303103675985,-0.10672022892361875,0.0705018710103456,-0.029744662117543473,-0.03935285053929122,0.24247633722209994,0.23316751045564604,,0.185445740699978,0.27175214615892584,-0.4692912172573189,-0.28803433854281313,-0.14895003301782964,0.07016288795949813,0.08982830728593441,0.07117103235747303,-0.023396434074400178,0.04399955976227163,-0.37714505833149903,-0.24926480299361656,0.1922011886418666,0.18083425049526744,0.22854721549636803,0.2332621615672463,0.1644486022452124,0.18431653092670042,0.3226414263702399,0.3740325775918996,-0.18082324455205812,0.19144838212634824,0.21357913273167511,0.13925819942769097,-0.21915034118423948,-0.08363636363636363,-0.320066035659256,-0.15786044464010565
#26,0.21016288795949814,0.43699097512656837,0.23252916574950475,0.21785604226282193,0.24485362095531588,0.15323794849218578,1.0,-0.012403697996918336,0.10116222760290557,0.24020250935505172,0.22757208892802114,0.2137904468412943,0.30152762491745544,0.33736517719568565,-0.08056350429231786,0.02414703940127669,0.14556240369799692,0.24543033237948492,-0.036797270526084086,0.021446180937706363,-0.062097732775698876,-0.1310081443979749,-0.051952454325335684,-0.07457186880915695,-0.04028175214615893,-0.13747963900506274,-0.028069557561082984,-0.044375963020030815,0.22168390931102797,0.22905348888399735,0.07715606427470834,0.07928241250275149,-0.0020405018710103456,0.3239819502531367,-0.12824565265243232,-0.07445080343385428,0.2670151882016289,0.11793528505392913,0.08569227382786705,-0.11180717587497249,-0.027532467532467533,0.1508056350429232,0.01662557781201849,-0.10236627779000661,-0.07434514637904469,-0.10920757208892802,0.04946731234866828,0.16363416244772178,-0.21552938586836892,0.05253576931543033,0.16802333259960378,0.006700418225841955,0.050528285274047985,0.06605987233105877,-0.024778780541492407,0.013510895883777239,-0.14714285714285713,-0.17185560202509356,-0.1764142637023993,-0.03233105877173674,-0.19122826326216158,-0.0006317411402157164,0.05669601584855822,0.346286594761171,0.08775258639665419,0.03673563724411182,0.40785384107418005,0.5667510455646049,0.1549108518600044,0.2057803213735417,0.2869645608628659,0.2972132951793969,-0.04647149460708783,-0.23188641866607967,-0.12786044464010565,-0.092227602905569,-0.05582874752366278,-0.03280211314109619,0.3375214615892582,0.11998459167950694,0.19677305745102355,0.036526524323134496,,0.001965661457186881,0.17421527624917454,-0.20065155183799252,-0.07825445740699978,-0.12249614791987673,0.2083314990094651,-0.09749284613691393,-0.10079683028835572,-0.20395773717807616,-0.16227162667840633,-0.46318732115342287,-0.23189302223200528,0.13007263922518159,0.20342945190402817,0.0561501210653753,0.19755007704160246,0.10034118423948933,-0.0010697776799471715,0.2843011226062074,0.08484921857803214,-0.05538630860664759,0.15295619634602686,0.2804006163328197,0.03284173453664979,-0.09899405679066696,-0.020633942328857582,-0.28937926480299364,-0.15888399735857364
#49,0.47942769095311466,0.17381245872771298,0.05627338762931983,-0.09140435835351089,-0.003048646268985252,-0.25717807616112703,-0.012403697996918336,1.0,0.3903896103896104,0.4325841954655514,0.3729848117983711,0.3662227602905569,-0.022753686990975127,0.16402377283733216,-0.0035615232225401717,-0.05164648910411622,0.08763152102135154,-0.04829407880255338,0.10080563504292318,0.10043143297380586,-0.072128549416685,-0.10140655954215276,-0.19780981730134273,0.01701518820162888,-0.03605546995377504,0.0009707241910631741,-0.1475544794188862,-0.11581333920316972,-0.19550737398195026,-0.03659255998239049,-0.3173849878934625,0.07444640105657055,0.09690512876953555,-0.21758969843715606,-0.017596302003081665,-0.11940567906669601,-0.25022011886418666,-0.06322694254897644,-0.03466872110939907,-0.027939687431212855,-0.07034338542813119,0.0414373761831389,-0.05260840854061193,-0.08719348448162008,-0.20885097952894563,-0.1479352850539291,0.06836671802773497,-0.053596742240810034,-0.0451948051948052,-0.1270658155403918,0.06467972705260841,-0.014701738939027074,-0.020268545014307728,-0.072623816861105,-0.07823024433193924,-0.0627426810477658,-0.24876513317191284,-0.2900726392251816,0.08044243891701519,-0.09876293198327096,0.11557340964120626,-0.04574510235527185,-0.17154523442659037,-0.20134932863746424,0.016286594761171034,-0.009002861545234426,-0.1789654413383227,-0.18994937266123707,0.1402245212414704,0.06656394453004623,0.2642196786264583,0.17718688091569448,0.23459167950693374,0.29808496588157607,0.006839093110279551,0.04008804754567467,-0.04829187761391151,-0.08644508034338542,-0.09527845036319613,-0.008087167070217918,0.001694915254237288,0.045190402817521465,,-0.06941888619854722,0.04091569447501651,0.4143099273607748,-0.05570107858243451,-0.0501518820162888,0.061241470394012766,-0.12369579572969404,-0.08883116883116883,-0.0661104996698217,-0.11276029055690073,0.107772397094431,0.08062513757429011,0.10307065815540392,-0.03362976007043804,0.1641448382126348,-0.02763152102135153,0.07324014968082765,0.20946290997138456,-0.24246973365617433,0.06674003962139555,0.33977767994717145,0.044921857803213734,0.08683248954435395,0.11258859784283513,-0.008179616993176314,0.17394453004622495,-0.011507814219678626,-0.013964340744001762
#50,0.08447721769755669,0.10314990094651112,0.06174994497028395,0.15619854721549636,-0.008232445520581114,-0.10263042042703059,0.10116222760290557,0.3903896103896104,1.0,0.2658133392031697,0.46712304644508035,0.0838696896324015,0.07404358353510895,0.2628417345366498,-0.04488003521901827,-0.016517719568567027,0.20494166850099055,0.1253202729473916,0.04723530706581554,0.06948492185780321,0.11307285934404579,0.053618754127228704,0.01087607307946291,0.10352190182698658,0.2141844596081884,0.04843935725291657,-0.17755888179616994,0.04901386748844376,-0.04297600704380365,-0.06685009905348889,-0.25475236627779,-0.14347567686550738,0.0324851419766674,0.10704380365397315,-0.27373981950253135,-0.09045564604886638,-0.009002861545234426,0.12664979088707903,-0.0936715826546335,0.19026194144838213,-0.289768875192604,0.008749724851419767,-0.21035439137134052,-0.2015958617653533,-0.29773497688751926,-0.1373233546114902,-0.11448382126348228,-0.06368919216376843,-0.21449702839533347,-0.09565265243231345,-0.12920977327756988,0.019022672243011227,-0.04141536429672023,-0.06780981730134272,0.08975126568346907,0.027252916574950475,0.09398415144177856,-0.06496588157605107,-0.08060312568787145,-0.1359123926920537,0.08886638784943869,0.08988333700198108,-0.22169051287695354,-0.1626436275588818,-0.03465771516618974,-0.03162007484041383,-0.0763482280431433,-0.17053709002861545,0.14325555800132073,0.05262161567246313,-0.10533568126788466,0.04264142637023993,0.038498789346246974,0.2286286594761171,-0.03542372881355932,0.14897644728153203,0.1722672243011226,0.21474356152322255,0.08572529165749505,0.02149240589918556,0.026533127889060093,0.011124807395993837,,-0.07306405458947832,-0.06329738058551618,0.08833149900946512,-0.03511776359233986,0.031080783623156503,-0.08198767334360554,-0.21345586616773057,-0.1757935285053929,-0.20788685890380806,-0.1460774818401937,-0.051327316751045564,0.01759850319172353,0.2147457627118644,0.028311688311688312,0.011014747963900506,0.09146379044684129,-0.19988553819062294,-0.013189522342064715,-0.08292317851639885,-0.09176095091349329,0.10347567686550738,-0.010398415144177857,0.07313229143737618,0.06543253356812678,0.12564604886638786,0.22682808716707023,0.1266189742460929,0.08807395993836672
#51,0.2901254677525864,0.42137574290116664,0.287112040501871,0.43020030816640986,-0.016643187321153424,0.0030816640986132513,0.24020250935505172,0.4325841954655514,0.2658133392031697,1.0,0.3832423508694695,0.19042482940788025,0.4299625797930883,0.10969623596742241,0.010818842174774378,-0.11951353731014748,0.37382786704820603,0.14294959278010125,-0.1929650011005943,-0.3624389170151882,-0.04065375302663438,-0.02443759630200308,0.19121725731895223,0.27611270085846357,0.20028175214615893,-0.06082544574069998,0.13831609068897205,0.06869909751265683,0.07017609509134932,-0.06504072198987453,-0.1973233546114902,0.035315870570107856,0.06075720889280211,0.08660576711424169,-0.22475016508914814,-0.20443099273607748,-0.08825445740699978,-0.18813339203169713,0.008573629760070438,-0.011928241250275149,-0.06785604226282192,-0.31442218798151,-0.040244331939247195,-0.33130310367598503,-0.38229143737618315,0.05061853400836452,-0.1653995157384988,-0.06599163548316091,-0.0975478758529606,-0.06383447061413162,-0.12989874532247414,-0.08631300902487343,-0.004525643847677746,0.27012106537530267,0.14814439797490644,0.15256218357913273,-0.06418666079683029,-0.12976227162667842,-0.08692273827867049,0.002676645388509795,0.19592339863526304,0.06300462249614792,-0.33278670482060313,0.06631961259079903,0.11677745982830728,-0.04214395773717808,-0.11640325775918996,-0.09559762271626679,-0.14615232225401717,-0.25849218578032135,0.16989654413383226,-0.09316971164428792,-0.12960598723310587,-0.015260840854061193,-0.1938498789346247,-0.2280739599383667,-0.05795729694034779,-0.1532225401716927,-0.06009685230024213,-0.2288069557561083,-0.07336781862205591,-0.02615892581994277,,-0.10314549856922739,-0.04462689852520361,0.10539731454985692,0.047616112700858464,-0.17975126568346908,-0.05979749064494827,-0.13859123926920536,-0.24346907329958178,-0.008265463350209112,-0.1550759410081444,-0.05693594541052168,-0.079768875192604,0.3880211314109619,0.2572309046885318,0.25815980629539953,0.1548712304644508,-0.07498789346246973,0.08747083425049526,-0.005276249174554259,0.10300682368478979,0.06513317191283292,0.050710983931322916,0.09764472815320273,0.140297160466652,0.12275368699097512,0.052502751485802336,0.062311248073959935,0.03438036539731455
#52,0.33958837772397094,0.3363900506273388,0.41742681047765795,0.26278010125467754,0.2790909090909091,-0.05016949152542373,0.22757208892802114,0.3729848117983711,0.46712304644508035,0.3832423508694695,1.0,0.22482720669161346,0.28374862425709885,0.27466872110939905,-0.2220360994937266,-0.18674003962139554,0.43224301122606207,0.17166629980189302,-0.15513977547875854,-0.2739973585736298,0.007367378384327537,0.01963020030816641,0.08691833590138674,0.27348228043143297,0.008615452344265903,-0.04719348448162008,0.1819854721549637,0.05675324675324675,0.0997622716266784,-0.08026194144838213,-0.11217477437816421,-0.03553819062293639,0.21338322694254896,0.11655513977547875,-0.38759630200308165,-0.2089786484701739,-0.06188861985472155,-0.14202069117323354,0.09642526964560863,0.0834470614131631,-0.14987233105877174,-0.2188928021131411,-0.09606867708562623,-0.42994497028395334,-0.1765463350209113,-0.12559101915034118,0.07637904468412943,0.10281752146158926,-0.06821043363416245,-0.03219898745322474,-0.09529826106097293,0.1162425709883337,-0.08057230904688532,0.29061633281972266,0.05418886198547215,0.2001518820162888,-0.16963460268545014,-0.17717587497248513,-0.29781201848998456,-0.2806977767994717,0.05257539071098393,-0.030530486462689854,-0.38908430552498346,-0.25471714725952016,0.07535108958837772,-0.03749724851419767,-0.28886418666079683,-0.16304864626898524,-0.061276689412282634,-0.1654105216817081,0.11535989434294519,-0.06220559101915034,-0.07146819282412503,0.047508254457407,-0.22782962799911952,-0.08164869029275809,-0.17198327096632182,-0.09057671142416905,0.04457186880915694,0.004631300902487343,0.1426436275588818,0.1624983491085186,,0.11760070438036539,0.06378164208672683,0.18898965441338322,-0.16650231124807396,0.029443099273607748,-0.04696896324014968,0.04323794849218578,-0.08401716927140655,-0.2059520140876073,-0.12978428351309707,-0.03839753466872111,-0.08217697556680607,0.2974114021571649,0.3350231124807396,0.26163328197226504,0.342656834690733,-0.0650231124807396,0.13461589258199427,0.10294078802553379,0.2082456526524323,0.16983931322914375,0.12458507594100815,0.2535747303543914,0.20083865287255118,-0.06069997798811358,0.13101694915254236,0.018137794408980848,-0.07405458947831829
#53,0.2450033017829628,0.08204270305965221,-0.1299141536429672,-0.027323354611490203,0.4276249174554259,-0.3548998459167951,0.2137904468412943,0.3662227602905569,0.0838696896324015,0.19042482940788025,0.22482720669161346,1.0,0.207805414924059,0.1956020250935505,-0.019262601804974685,0.010957517059211974,0.04763812458727713,-0.16311248073959939,0.10322474136033458,0.07220338983050847,-0.27491305304864627,-0.24416685009905348,-0.3771802773497689,-0.15137574290116662,-0.20941228263262163,-0.1050099053488884,-0.25192163768434955,-0.3733700198106978,-0.10957517059211974,-0.1667312348668281,-0.15939027074620296,0.00286154523442659,-0.011789566365837553,-0.10697996918335902,0.05180717587497249,0.2611798371120405,0.017732775698877393,-0.15057451023552718,0.00488663878494387,-0.20276469293418445,0.26811138014527847,0.22244772176975566,0.3058485582214396,-0.04365397314549857,-0.05425930002201189,-0.15938366718027736,0.13141316310807835,0.08293418445960819,-0.023871890821043365,-0.06499889940567907,0.10417345366497908,-0.03351089588377724,-0.21038740920096852,-0.14360994937266125,-0.27999559762271625,-0.23499889940567906,-0.1784701738939027,-0.2077591899625798,0.006024653312788906,0.02175874972485142,0.10528285274047985,0.14075280651551839,0.13857583094871231,0.06100594320933304,-0.1306449482720669,-0.09175654853620956,0.00238168611049967,0.18927801012546774,0.06956196346026855,0.11771736737838433,0.1348382126348228,0.14900946511116003,0.07674884437596302,-0.01429011666299802,0.06324895443539512,-0.060759410081443976,-0.03020911292097733,-0.1727404798591239,0.22659035879374861,0.049418886198547216,0.1190182698657275,-0.0034008364516839094,,-0.04479859123926921,0.27628439357252915,0.3154633502091129,0.25200748404138235,0.04310807836231565,0.2042196786264583,0.31623816861105,0.13604446401056572,0.1380739599383667,-0.10695355491965662,0.20580893682588597,0.27012766894122825,-0.18494607087827428,-0.1525709883337002,-0.0262359674224081,-0.15715606427470835,0.17911952454325336,0.027263922518159806,-0.025252036099493728,-0.13504732555580012,0.18439357252916574,-0.00960378604446401,0.10099053488883997,-0.014849218578032137,0.03596302003081664,0.12497248514197666,0.11823904908650672,0.15440457847237507
#54,0.0937772397094431,0.22039841514417785,0.08300682368478979,0.3450099053488884,0.2233480079242791,0.011617873651771957,0.30152762491745544,-0.022753686990975127,0.07404358353510895,0.4299625797930883,0.28374862425709885,0.207805414924059,1.0,0.14476557340964122,-0.14621835791327317,-0.2433876293198327,0.21586836891921637,-0.027508254457407,-0.4097952894563064,-0.5050231124807396,-0.11182918776139116,0.05586616773057451,0.324950473255558,0.265049526744442,0.015208012326656395,-0.07901606867708563,0.31763812458727714,0.21727272727272728,-0.04104556460488664,-0.3773519700638345,-0.07599603786044463,-0.2521989874532247,0.013742020691173234,0.045186000440237725,-0.262987012987013,-0.12674664318732115,-0.10821043363416245,-0.321071978868589,-0.033999559762271626,-0.013918115782522562,-0.050457847237508256,-0.28035439137134055,-0.012044904248294078,-0.3868500990534889,0.14463570327977107,0.24091789566365837,-0.046150121065375305,0.05873871890821043,-0.018976447281532027,0.22254897644728153,-0.12115122165969623,0.1806317411402157,0.014353951133612151,0.27254897644728154,0.07931983270966322,0.11584415584415585,0.2682280431432974,0.1543693594541052,-0.11631961259079904,0.19462909971384548,0.04821703720008805,0.16091349328637464,-0.06645608628659476,0.2946489104116223,-0.15688091569447501,-0.3522209993396434,-0.013429451904028175,0.0623068456966762,-0.427706361435175,-0.4328395333480079,-0.2990468853180718,-0.34645608628659474,-0.4221021351529826,-0.2936759850319172,-0.05554699537750385,-0.17006383447061413,0.05381245872771297,-0.09542372881355932,0.003548316090688972,-0.3339863526304204,0.0676601364736958,0.100198106977768,,0.11497908870790227,-0.17895663658375524,-0.13690072639225181,0.0940083645168391,-0.056927140655954216,-0.1285163988553819,0.1027955095751706,-0.20502531366938145,0.07955535989434294,0.25466651992075723,-0.06432973805855162,0.015397314549856923,0.09383887299141537,0.26743121285494165,0.11686550737398195,0.15685009905348887,-0.0463020030816641,-0.12888179616993176,0.22063834470614133,-0.0700264142637024,0.024375963020030818,-0.05655513977547876,0.07464450803433854,-0.07392692053709003,0.17212414703940127,0.045104556460488665,0.07080563504292318,0.019832709663218137
#58,0.33700418225841955,0.26923178516398855,-0.010140876073079463,0.10532247413603346,0.029821703720008804,0.006570548095971825,0.33736517719568565,0.16402377283733216,0.2628417345366498,0.10969623596742241,0.27466872110939905,0.1956020250935505,0.14476557340964122,1.0,-0.05957076821483601,-0.05212634822804314,0.02710543693594541,0.1465067136253577,-0.10774818401937046,0.05627338762931983,0.08857142857142856,0.02610169491525424,-0.04223640766013648,0.1359938366718028,-0.15536209553158706,-0.0536715826546335,-0.022923178516398857,0.005152982610609729,0.03103235747303544,-0.002980409421087387,0.021716927140655953,-0.24801452784503633,-0.14720889280211313,0.029368258859784283,-0.12322474136033458,-0.10887739379264803,-0.031113801452784504,-0.07452784503631961,-0.06381245872771296,0.07473695795729694,-0.08740039621395554,0.25863746423068457,-0.005271846797270526,-0.08415364296720229,-0.04173673783843276,0.0758991855602025,-0.022742681047765792,-0.0022936385648250055,0.006196346026854501,0.1805921197446621,0.0776601364736958,0.024882236407660137,0.05595421527624918,0.12286154523442659,0.1412524763372221,0.15547655734096413,-0.1010279550957517,0.09645608628659476,-0.2162425709883337,0.12558881796169932,-0.22739819502531367,-0.27900066035659254,-0.04599603786044464,0.35055469953775037,-0.2030508474576271,-0.11113801452784504,0.2225511776359234,0.10629980189302224,0.0689060092449923,0.015941008144397976,0.07093770636143518,0.12762491745542592,0.09452564384767774,0.10611490204710544,0.09242791107197887,0.0262491745542593,-0.05727933083865287,-0.06588817961699317,0.01150561303103676,-0.038360114461809376,0.013486682808716706,-0.020997138454765574,,-0.03730574510235527,-0.06504512436715827,-0.16059432093330397,-0.21720669161347128,-0.14515958617653532,0.053268765133171914,-0.14392912172573188,0.05342064714946071,-0.10095091349328637,0.07963680387409201,-0.2863812458727713,-0.08456966762051508,0.027162667840633942,0.0988994056790667,-0.1484371560642747,0.012372881355932203,-0.31425709883337,-0.19045344486022453,0.2670107858243451,-0.03391591459388069,-0.1453995157384988,-0.14624477217697557,-0.0951882016288796,-0.19219238388729915,-0.2541206251375743,-0.09283072859344046,-0.19141976667400395,-0.10808936825885979
#101,-0.3727690953114682,-0.234818401937046,-0.37624477217697555,-0.23251595861765353,-0.38793748624257096,-0.1998283072859344,-0.08056350429231786,-0.0035615232225401717,-0.04488003521901827,0.010818842174774378,-0.2220360994937266,-0.019262601804974685,-0.14621835791327317,-0.05957076821483601,1.0,0.4669205370900286,-0.2813339203169712,-0.12204050187101034,0.6283160906889721,0.13096412062513757,0.5536913933524104,0.1656218357913273,0.07473035439137134,-0.10423068456966762,0.23959057891261282,-0.09211314109619194,-0.25956196346026855,-0.3844353951133612,0.0011446180937706362,-0.01706141316310808,-0.1294342945190403,-0.02218137794408981,-0.30958177415804533,-0.10569667620515077,0.17684349548756328,-0.041743341404358356,0.301270085846357,0.15470394012766894,0.14884657715166189,-0.1341932643627559,0.26331278890600923,0.0199603786044464,0.280198106977768,0.4638828967642527,-0.28934184459608187,-0.13893022232005284,-0.331518820162888,-0.2978032137354171,-0.14511776359233985,-0.3410961919436496,-0.4082192383887299,-0.4595751705921197,-0.4641822584195466,-0.2894012766894123,0.13802553378824564,0.01338762931983271,-0.03688531807175875,-0.023363416244772176,-0.11191283292978209,-0.27892361875412724,0.07723310587717368,-0.29411622276029054,0.09128769535549197,0.14167290336781863,0.09718247853841074,0.05076161127008585,0.008930222320052828,-0.08271846797270527,0.3319678626458287,0.05055910191503412,0.04670041822584196,0.05612150561303104,0.345280651551838,-0.1377988113581334,0.22601364736957957,-0.012923178516398855,-0.11045124367158266,-0.1807506053268765,0.3196213955535989,0.00012766894122826327,-0.13832929782082323,-0.0575280651551838,,-0.03750605326876513,-0.17052168170812237,0.1784041382346467,-0.14749064494827208,0.11841954655513978,0.015608628659476117,0.004701738939027074,0.023306185340083645,-0.13763592339863526,-0.32818842174774376,-0.1445674664318732,-0.24856702619414484,-0.12165089148139996,-0.3600704380365397,-0.44396434074400176,-0.4163482280431433,-0.2961963460268545,-0.31413603345806734,-0.28438476777459826,-0.2451683909311028,-0.29543693594541054,-0.32634382566585957,-0.46711644287915477,-0.23930662557781202,-0.215214615892582,-0.24639665419326437,-0.1505018710103456,-0.22159145938806957
#102,-0.3321571648690293,-0.018965441338322696,-0.45753907109839315,-0.11711644287915475,0.023000220118864188,-0.11547215496368039,0.02414703940127669,-0.05164648910411622,-0.016517719568567027,-0.11951353731014748,-0.18674003962139554,0.010957517059211974,-0.2433876293198327,-0.05212634822804314,0.4669205370900286,1.0,-0.21108298481179838,-0.3657957296940348,0.4810015408320493,0.5896037860444641,0.16684349548756328,0.28100374202069117,-0.0911930442438917,-0.2334140435835351,0.20174114021571649,0.25967422408100377,-0.569883337001981,-0.36317631521021354,-0.027999119524543252,0.25093110279550956,-0.19995157384987894,0.18488003521901827,-0.2959520140876073,0.06302223200528285,0.23186880915694474,0.19269425489764472,0.37072859344045783,0.44351089588377723,0.12765133171912832,-0.2856152322254017,0.12772837332159365,0.14940567906669602,0.1954325335681268,0.4863482280431433,-0.21292537970504072,-0.12157825225621836,-0.1638036539731455,-0.2698261060972925,-0.38982390490865065,-0.6232863746423069,-0.09076161127008585,-0.43168390931102796,-0.37560422628219237,-0.5111292097732776,-0.2211204050187101,-0.35300462249614795,-0.12435174994497028,-0.03268545014307726,-0.0376337222099934,-0.3211600264142637,-0.037992515958617655,-0.2378186220559102,0.3087739379264803,0.15658375522782303,0.018349108518600044,-0.0034492626018049746,0.14387189082104337,0.39987673343605545,0.46495707682148363,0.49229583975346686,0.04977327756988774,0.15670261941448382,0.2244816200748404,-0.19482060312568786,0.21002201188641867,0.07341184239489325,-0.06359454105216818,-0.1314439797490645,0.3902949592780101,0.41031256878714506,0.22983491085186,0.12079462909971385,,0.061712524763372224,0.26086726832489543,-0.008128989654413383,-0.12438476777459828,0.2749394673123487,0.20174554259300023,0.14061193044243891,0.2567400396213956,-0.13059872331058772,-0.1794144838212635,-0.20167950693374423,-0.10562183579132732,-0.3656636583755228,-0.4920889280211314,-0.5650539291217257,-0.48072198987453224,-0.11820383006823684,-0.4738652872551178,-0.3334866828087167,-0.36064054589478317,-0.17531146819282412,-0.17720008804754567,-0.34907329958177413,-0.24849218578032137,-0.17309707241910632,-0.16743561523222542,-0.17662998018930223,-0.03552058111380145
#201,0.1678780541492406,0.24270526084085406,0.666469293418446,0.3565397314549857,0.16200748404138235,0.1263878494386969,0.14556240369799692,0.08763152102135154,0.20494166850099055,0.37382786704820603,0.43224301122606207,0.04763812458727713,0.21586836891921637,0.02710543693594541,-0.2813339203169712,-0.21108298481179838,1.0,0.37426150121065377,-0.1197886858903808,-0.2070063834470614,-0.010651551837992516,0.006982170372000881,0.17027955095751707,0.16437596302003082,0.1659586176535329,-0.002852740479859124,0.4151221659696236,0.1630332379484922,0.2650055029716047,0.202491745542593,0.052055910191503414,0.10709002861545235,0.4611776359233986,0.31252916574950473,-0.24821703720008806,-0.15366057671142416,0.1345432533568127,-0.10771956856702619,0.21064274708342504,0.1660576711424169,0.0199141536429672,-0.1877129650011006,0.15228043143297382,-0.3614968082764693,-0.117178076161127,-0.05676205150781422,0.1606845696676205,0.19857362976007042,0.07009244992295839,0.04842835130970724,0.12660356592559982,0.09174114021571649,0.24657495047325556,0.2856086286594761,0.20638344706141315,0.24744882236407661,-0.2961435174994497,-0.30871230464450805,-0.12381906229363857,-0.05643847677745983,-0.06350649350649351,-0.02321153422848338,-0.34184899845916794,-0.30621395553598946,0.29862205591019153,0.16880255337882458,-0.2417015188201629,-0.1535527184679727,0.02613251155624037,0.0025753907109839313,0.20843275368699096,0.11120845256438477,-0.2115892581994277,-0.162326656394453,-0.5164318732115343,-0.49749944970283955,-0.27723530706581556,-0.27425489764472816,0.054871230464450804,0.0776007043803654,0.3570548095971825,0.21543473475676866,,0.13450143077261723,-0.024701738939027076,-0.08999119524543253,-0.1468831168831169,0.049361655293858685,0.1026172132951794,0.20201848998459168,-0.15032577591899626,-0.11313229143737619,-0.1810345586616773,-0.13297380585516178,-0.14908210433634161,0.6004644508034338,0.36932423508694695,0.5671934844816201,0.48145938806955757,0.18645388509795288,0.31204930662557784,0.3173277569887739,0.30442879154743563,0.34524763372221,0.5019084305524983,0.49332379484921857,0.45955535989434293,-0.09991635483160907,-0.23341624477217698,-0.15356152322254016,-0.19820823244552058
