,#10,#11,#12,#13,#17,#18,#26,#49,#50,#51,#52,#53,#54,#58,#101,#102,#201,#202,#301,#302,#401,#402,#501,#502,#601,#602,#701,#702,#801,#802,#901,#902,#1001,#1002,#1101,#1102,#1201,#1202,#1301,#1302,#1401,#1402,#1501,#1502,#1601,#1602,#1701,#1702,#1801,#1802,#1901,#1902,#2001,#2002,#2101,#2102,#2201,#2202,#2301,#2302,#2401,#2402,#2501,#2502,#2601,#2602,#2701,#2702,#2801,#2802,#2901,#2902,#3001,#3002,#3101,#3102,#3201,#3202,#3301,#3302,#3401,#3402,#3455,#3501,#3502,#3601,#3602,#3701,#3702,#3801,#3802,#3901,#3902,#4001,#4002,#4101,#4102,#4201,#4202,#4301,#4302,#4401,#4402,#4501,#4502,#4601,#4602,#4701,#4702,#4801,#4802
#10,1.0,0.4218423948932424,0.2235527184679727,0.24293418445960818,-0.14291877613911513,0.19914593880695575,0.0027426810477657933,0.43088707902267226,0.25585736297600703,0.35431432973805854,0.3256878714505833,0.10338762931983271,-0.10280211314109619,-0.1510609729253797,-0.22917895663658375,-0.09831829187761391,0.12488003521901828,0.10821483601144619,-0.050068236847897865,-0.026130310367598504,-0.14647809817301344,-0.04145278450363196,0.12659696235967421,0.11902267224301123,-0.1002905569007264,-0.0975346687211094,0.18608628659476117,0.2789720449042483,0.03211534228483381,0.11677525863966542,0.07549196566145719,-0.25971824785384107,-0.09812238608848778,-0.20429892141756548,-0.24241030156284393,-0.21369359454105216,-0.3325797930882677,-0.20865067136253576,-0.04268324895443539,-0.19029275808936827,-0.08189302223200529,-0.025758309487123047,-0.07737178076161128,0.0475280651551838,0.17949592780101253,0.021719128329297822,0.25640105657054807,0.20563724411182038,0.09675324675324676,0.07842174774378165,0.17537970504072198,0.1607770195905789,0.1438564825005503,0.1135395113361215,-0.03858023332599604,0.08369579572969403,-0.2780409421087387,-0.14377283733215937,0.13998239049086506,-0.004417785604226282,0.09272066916134712,0.16335461149020472,-0.15507373981950254,-0.22053929121725732,0.2636913933524103,0.23362976007043804,0.00028835571208452564,-0.03462029495927801,-0.14473255558001322,-0.12863746423068456,0.01425049526744442,-0.0070394012766894125,-0.30181598062953996,0.08737178076161127,-0.43117763592339864,-0.4111468192824125,-0.4245828747523663,-0.39802333259960376,-0.16933083865287255,-0.04800792427911072,0.1639753466872111,-0.0015342284833810259,,0.2970922298040942,-0.15801893022232005,0.1271186440677966,-0.07315650451243672,-0.0029782082324455207,0.05815100154083205,0.0019018269865727492,-0.1509685230024213,0.16035219018269867,0.00611930442438917,0.22047105436935946,0.24792207792207793,0.11641866607968303,0.050592119744662115,0.19276909531146819,0.35011446180937705,0.1400528285274048,0.19898745322474137,-0.013948932423508694,-0.2207175874972485,-0.13344045784723751,-0.020578912612810918,0.04829187761391151,0.043937926480299365,-0.14191503411842396,-0.1345366497908871,0.3210279550957517,0.3058001320713185
#11,0.4218423948932424,1.0,0.2065331278890601,0.00817081223860885,-0.16390710983931323,0.006079683028835571,0.257871450583315,0.18011666299801893,0.3538102575390711,0.23991195245432534,0.39920757208892804,-0.09689632401496809,-0.14183138895003303,-0.004952674444199868,0.020917895663658377,0.13983711204050187,-0.0051926040061633285,0.12703499889940567,0.05341844596081884,0.20235086946951353,-0.12199867928681488,0.19963020030816642,0.08556240369799692,0.29939467312348667,-0.014541052168170813,0.1549108518600044,0.12615892581994276,0.22016068677085626,0.09276249174554259,-0.04123486682808717,-0.03572309046885318,-0.23182478538410742,-0.26229804094210873,-0.2839819502531367,-0.3607726172132952,-0.08345146379044684,-0.48375522782302444,-0.10200308166409862,-0.2894519040281752,0.009473915914593881,-0.38914153642967203,0.04319832709663218,-0.343860884877834,0.058806955756108295,0.11407219898745323,-0.001415364296720229,0.06494386968963241,0.013319392471934845,0.006048866387849438,-0.01921637684349549,0.11550737398195025,0.005135373101474797,0.02747743781642087,0.051314109619194366,-0.08075500770416025,0.41717147259520143,-0.29527184679727053,0.016744441998679287,0.17402157164869028,-0.16979749064494828,-0.1353532907770196,-0.056720228923618755,-0.10548756328417346,-0.08966762051507814,0.1805987233105877,0.47518600044023773,0.3005260840854061,0.3279440898084966,0.052003081664098616,0.13496808276469294,0.06916134712744883,0.13506493506493505,-0.24406559542152761,-0.07232885758309487,-0.392458727712965,-0.28219898745322475,-0.33957737178076164,-0.25630640545894784,0.07336121505613032,0.16217477437816422,-0.1937772397094431,-0.16695795729694035,,0.037470834250495265,-0.25406339423288576,-0.06631741140215716,-0.1521351529826106,-0.36277790006603566,-0.14596962359674223,-0.25106977767994715,-0.2596544133832269,-0.006427470834250495,-0.08813559322033898,0.07403918115782522,0.25649570768214836,0.15714946070878275,0.3069997798811358,0.018672683248954436,0.2568633061853401,-0.07277129650011006,-0.01084305524983491,-0.05333480079242791,-0.1318511996478098,-0.20842615012106538,-0.10574290116662997,-0.1661501210653753,-0.1768280871670702,-0.13491965661457186,-0.13332379484921858,0.27782962799911953,0.21322033898305084
#12,0.2235527184679727,0.2065331278890601,1.0,0.29963460268545017,-0.29958397534668724,-0.018694695135373102,0.3728417345366498,-0.0983843275368699,-0.06648690292758089,0.48487343165309266,0.25426810477657935,-0.06744001760950913,0.2995157384987893,-0.3624389170151882,0.006246973365617433,-0.23893682588597842,0.658795949812899,0.521402157164869,-0.38931763152102133,-0.351567246313009,-0.06930662557781202,0.13839753466872112,0.21493946731234867,0.1161237068016729,-0.15328637464230685,-0.237937486242571,0.24689852520360994,0.27205150781421966,-0.06870349988994057,-0.2159850319172353,0.38933083865287255,-0.24234426590358793,0.4500484261501211,-0.1311270085846357,-0.43574290116663,-0.470462249614792,-0.3493946731234867,-0.4892537970504072,-0.12398415144177856,-0.2741866607968303,-0.22992295839753468,-0.3893858683689192,-0.47983491085186003,-0.3662293638564825,0.06297820823244552,-0.07664538850979528,0.14698437156064276,0.036568346907329956,0.26510455646048864,0.2378780541492406,0.33411842394893243,0.3359344045784724,0.45166629980189305,0.5967048206031257,0.2639357252916575,0.21248734316530926,-0.2142526964560863,-0.48985912392692055,-0.006376843495487563,0.06888399735857363,-0.131732335461149,-0.010944309927360774,-0.5765023112480739,-0.5141954655513977,0.5566784063394233,0.43614571868809154,-0.004226282192383887,-0.17939907550077042,-0.1612722870349989,-0.27658155403918117,0.2865727492846137,0.18355051727933083,-0.1541470394012767,0.21596522121945852,-0.3638696896324015,-0.2729055690072639,-0.25380805635042925,-0.08130530486462689,-0.24690072639225183,-0.37319612590799034,0.050917895663658376,-0.19936165529385869,,-0.042973805855161785,-0.43258859784283515,-0.1711930442438917,-0.10941448382126348,-0.0076821483601144614,-0.254208672683249,-0.04194364957076822,-0.46105657054809596,0.05293198327096632,0.042399295619634604,0.2432225401716927,0.14976007043803655,0.6589654413383227,-0.019438696896324013,0.7449130530486463,0.5377834030376403,0.42799251595861765,0.5227338762931983,0.5313889500330178,0.15932203389830507,0.5142637023992956,0.46454985692273826,0.3687871450583315,0.4674025974025974,-0.24191283292978208,-0.029304424389170153,0.20722650231124806,0.31881796169931764
#13,0.24293418445960818,0.00817081223860885,0.29963460268545017,1.0,-0.07333920316971164,0.1035329077701959,0.023356812678846577,-0.037274928461369136,-0.08845256438476777,0.5503147699757869,0.054864626898525205,0.21809377063614352,0.17630640545894782,-0.11880475456746643,-0.13285714285714287,-0.2775764913053049,0.16093770636143517,-0.03265463350209113,-0.053101474796390054,-0.18116442879154743,-0.17629760070438036,-0.38842615012106535,0.03196346026854501,-0.05880255337882456,-0.2574620294959278,-0.2644706141316311,0.20635703279771075,0.28204710543693595,-0.017094430992736078,-0.007836231565045124,0.0028901606867708565,0.01114902047105437,0.22554699537750386,0.22504732555580012,0.0866321813779441,-0.09470834250495268,0.10578912612810917,-0.07613911512216597,0.2629385868368919,-0.0750033017829628,0.1971516618974246,0.04176535329077702,0.05313449262601805,-0.044215276249174554,0.23740039621395553,0.15108958837772396,0.43624036979969183,0.4388267664538851,0.3977922077922078,0.1654985692273828,0.20949372661237067,0.20027955095751707,0.23775038520801234,0.14475016508914815,-0.023986352630420427,-0.03659255998239049,-0.14295619634602685,-0.21774378164208671,0.11310587717367378,0.33014747963900504,0.058758529605987236,0.015452344265903587,-0.026383447061413164,-0.23272727272727273,0.2513581333920317,0.2017785604226282,-0.33303764032577593,-0.09112480739599384,-0.3311952454325336,-0.32101694915254236,-0.20520140876073079,-0.20467532467532468,-0.11854721549636804,0.17343165309267003,-0.1513317191283293,-0.2560620735197006,-0.1776667400396214,-0.19573409641206252,-0.08426370239929562,-0.18724631300902486,0.07847677745982831,-0.0073651771956856705,,-0.1788663878494387,-0.44303103675985034,-0.14859344045784723,-0.25252916574950474,0.1988399735857363,0.2525731895223421,0.18383226942548977,-0.09172132951793968,-0.11139335241030156,0.14638564825005504,-0.06912832929782083,0.05624697336561743,-0.12752366277790006,-0.17892141756548535,0.25717367378384326,0.29149900946511115,0.28852080123266566,0.31805194805194803,0.020147479639005064,0.058300682368478976,0.18517939687431212,0.28193924719348445,0.2008826766453885,0.27664979088707903,-0.007173673783843275,-0.10429231785163988,0.0149636803874092,-0.003167510455646049
#17,-0.14291877613911513,-0.16390710983931323,-0.29958397534668724,-0.07333920316971164,1.0,0.4491305304864627,-0.018729914153642967,-0.23064935064935066,-0.3493154303323795,-0.2027294739159146,0.062557781201849,0.12970063834470613,0.19649790887079022,0.4031124807395994,-0.16234866828087166,0.05140876073079463,-0.2365397314549857,0.12071758749724851,-0.006979969183359014,0.15834470614131632,-0.20626678406339424,-0.21048206031256878,-0.3147215496368039,-0.1315100154083205,-0.21302443319392472,0.13229804094210873,-0.29670702179176756,-0.033625357693154306,0.21089148139995598,0.4228813559322034,-0.03895663658375523,0.4541734536649791,-0.19121505613031037,0.2717785604226282,0.2818666079683029,0.421831388950033,0.2640281752146159,0.39451904028175216,-0.0387079022672243,0.349240589918556,0.1036913933524103,0.31577151661897424,0.16495927801012547,0.1980959718247854,-0.12097072419106318,0.09929561963460269,-0.10459608188421747,0.013389830508474577,-0.1716156724631301,-0.04199427690953115,-0.26009685230024215,-0.1465793528505393,-0.3035923398635263,-0.2769161347127449,-0.3619656614571869,-0.2502113141096192,-0.014136033458067356,0.2869425489764473,-0.059002861545234424,-0.036368038740920094,0.15596962359674224,0.05373541712524763,0.3861193044243892,0.18667180277349768,-0.28389610389610387,-0.1527690953114682,0.06433634162447721,0.09531366938146599,0.07793088267664539,0.25909751265683467,0.015014307726172132,0.1754633502091129,0.154686330618534,-0.060614131631080786,0.27373321593660577,0.287541272287035,0.24181818181818182,0.10529605987233105,0.17592119744662119,0.25584195465551396,-0.005241030156284393,0.2053731014747964,,0.004954875632841735,0.5705877173673783,0.10701078582434514,0.15790006603565926,0.15683248954435394,0.3266894122826326,0.3189236187541272,0.43634822804314327,0.11552718467972706,0.12234866828087167,-0.3246357032797711,-0.1762953995157385,-0.3524301122606207,0.08833810257539071,-0.3266740039621396,-0.22499889940567908,-0.1416266784063394,-0.29473695795729693,0.020501871010345587,0.21985692273827867,-0.1815826546335021,-0.20629099713845478,-0.23472375082544575,-0.2739863526304204,0.2886352630420427,0.07507814219678627,-0.24882456526524324,-0.23364736957957297
#18,0.19914593880695575,0.006079683028835571,-0.018694695135373102,0.1035329077701959,0.4491305304864627,1.0,0.09446401056570548,0.24179837112040503,-0.17633942328857583,0.19137354171252477,0.18194805194805194,0.14789566365837553,0.3171274488223641,0.06546114902047105,-0.3043297380585516,-0.37327756988773936,0.13521021351529827,0.4287343165309267,-0.33846797270526086,-0.3919106317411402,-0.3650693374422188,-0.4455227823024433,-0.14788245652652432,-0.2582390490865067,-0.22542372881355932,-0.30446621175434735,-0.05257539071098393,0.11946951353731015,0.32101254677525864,0.39546335020911294,0.18521021351529826,0.3052212194585076,-0.06953775038520801,0.28815100154083206,0.19255998239049085,0.024864626898525203,0.09222099933964341,-0.10752586396654193,-0.10162447721769756,-0.007541272287034999,0.19765133171912833,-0.07663218137794409,0.012392692053709003,-0.15147259520140877,-0.07107858243451463,-0.03922738278670482,0.18580893682588598,0.23582874752366279,0.20310367598503193,0.07587937486242571,0.11991855602025094,0.11909311027955095,0.07934184459608189,0.0787409200968523,-0.09176095091349329,-0.3386044464010566,0.09290336781862206,-0.10965001100594321,0.20473915914593882,0.2075214615892582,0.19764472815320272,0.02813119084305525,0.10439137134052388,-0.0032159366057671144,0.14254237288135593,0.05713185119964781,0.014188861985472156,0.15546335020911292,-0.22259960378604446,-0.1978560422628219,0.26051507814219677,0.24262161567246313,0.14813339203169712,0.16152982610609729,0.06893242350869469,-0.08367378384327537,0.07811138014527845,-0.19384107418005722,-0.15618534008364518,-0.24218578032137353,0.23353290777019592,0.2584569667620515,,0.25524763372221,0.07358133392031697,0.16183579132731676,0.03082984811798371,0.2976711424169051,0.06714065595421527,0.514701738939027,0.29442659035879376,0.4706317411402157,0.15463130090248733,-0.014571868809156945,0.0808034338542813,-0.02238168611049967,-0.2909178956636584,0.14929121725731895,-0.00976667400396214,0.15055690072639225,0.16684789786484702,0.30537090028615455,0.5097336561743342,-0.17587057010785825,-0.11316530926700419,0.05528945630640546,0.007739379264802994,0.09900066035659257,-0.20325555800132072,0.18850539291217258,0.038476777459828304
#26,0.0027426810477657933,0.257871450583315,0.3728417345366498,0.023356812678846577,-0.018729914153642967,0.09446401056570548,1.0,-0.09250055029716046,-0.013299581774158045,0.30575170592119744,0.4379572969403478,-0.18360334580673562,0.38835571208452563,0.28254017169271406,0.19950913493286374,0.059881135813339204,0.2660906889720449,0.29502531366938145,-0.11078362315650452,-0.0012678846577151661,-0.23356372441118203,0.07715386308606648,0.08918115782522562,0.13747083425049528,-0.051981069777679946,0.08564825005502971,-0.14493286374642306,-0.06528725511776359,0.19840854061193045,0.10701078582434514,0.19945630640545894,0.0683711204050187,0.1647787805414924,-0.11846357032797711,-0.10840413823464672,-0.011721329517939687,-0.14025533788245653,-0.03088047545674664,-0.3343055249834911,0.08684349548756329,-0.1541866607968303,0.025166189742460928,-0.15416244772176976,-0.04726392251815981,-0.20012987012987013,-0.12660356592559982,-0.1446004842615012,-0.09425489764472815,-0.021454985692273828,-0.13919216376843496,0.002469733656174334,-0.1197094430992736,-0.0299273607748184,0.05323134492626018,-0.1476601364736958,0.008769535549196567,-0.22548756328417346,-0.17287034998899406,-0.08824345146379045,-0.03310807836231565,-0.007510455646048866,-0.08623156504512437,-0.008223640766013647,-0.031501210653753026,0.18125687871450583,0.3045102355271847,0.5168412942989214,0.3868412942989214,0.2006383447061413,0.14137354171252475,0.44691173233546116,0.30165529385868367,0.2757539071098393,0.11978428351309707,-0.01705260840854061,-0.018419546555139776,-0.03728373321593661,0.02950693374422188,0.20737838432753686,0.040372000880475455,-0.2866894122826326,-0.09335461149020471,,-0.05490865067136254,0.044336341624477214,-0.06515078142196787,-0.07142196786264583,-0.16913273167510456,0.017477437816420867,0.027541272287035,-0.077541272287035,-0.17793968743121286,-0.14524543253356811,-0.05486242570988334,0.015014307726172132,0.32457627118644067,0.18770416024653314,0.13436715826546336,0.03916795069337442,0.018298481179837112,-0.01550297160466652,0.22884437596302004,0.10911512216596962,0.1856416464891041,0.18027514858023333,0.05280431432973806,0.15834470614131632,-0.039440898084965884,-0.21774158045344486,0.12325996037860444,0.004972485141976667
#49,0.43088707902267226,0.18011666299801893,-0.0983843275368699,-0.037274928461369136,-0.23064935064935066,0.24179837112040503,-0.09250055029716046,1.0,0.49563724411182036,0.2871538630860665,0.31362755888179616,0.25447281532027294,-0.10705480959718248,-0.11442879154743561,-0.24898965441338322,-0.398465771516619,0.05142196786264583,-0.12720228923618754,-0.1163020030816641,-0.2510411622276029,0.10744662117543473,-0.24664979088707903,0.07800572309046885,-0.20647149460708783,0.19425489764472814,-0.2072044904248294,0.06379484921857803,-0.09174774378164209,-0.00587277129650011,0.07092890160686771,-0.04766894122826326,-0.07822143957737178,0.10235527184679727,0.12022011886418667,0.14857142857142858,-0.13890380805635044,0.08031697116442879,-0.17922518159806294,0.31022672243011223,-0.107343165309267,0.19409641206251377,-0.15069557561082986,0.14661457186880916,-0.0965727492846137,0.25100594320933306,-0.0550099053488884,0.3706735637244112,0.37974686330618534,0.01783182918776139,0.0063086066475896985,0.09440677966101695,0.06236847897864847,0.07755227823024433,0.0325313669381466,0.2745894783182919,-0.10697336561743341,0.08484701738939027,-0.2735527184679727,-0.08017829627999119,-0.0347721769755668,0.11511776359233987,0.13301782962799913,0.04812238608848778,0.11124147039401276,-0.01739159145938807,-0.008430552498349108,-0.1379771076381246,0.20587497248514197,-0.14318511996478098,-0.2614880035219018,-0.04864626898525204,-0.02708122386088488,0.010807836231565044,0.10974246092890161,0.002291437376183139,-0.17471494607087829,0.01885758309487123,-0.20053488883997359,-0.000702179176755448,-0.29099713845476555,0.3436649790887079,0.0072441118203830064,,0.3438828967642527,-0.1751089588377724,0.2802839533348008,0.05439577371780761,0.09455646048866388,-0.23138895003301782,0.31725511776359233,0.13174334140435837,0.2424389170151882,0.017662337662337664,0.0538036539731455,-0.04108958837772397,-0.06523442659035879,-0.2924763372220999,0.0949768875192604,0.02674224081003742,0.06632401496808277,0.258877393792648,-0.02514417785604226,0.14106537530266344,-0.1424389170151882,-0.07069997798811359,0.2654523442659036,0.08545674664318732,-0.11379484921857803,-0.03244111820383007,0.028151001540832048,-0.002839533348007924
#50,0.25585736297600703,0.3538102575390711,-0.06648690292758089,-0.08845256438476777,-0.3493154303323795,-0.17633942328857583,-0.013299581774158045,0.49563724411182036,1.0,0.1260708782742681,0.1321571648690293,-0.07776799471714727,-0.12458287475236628,-0.147442218798151,0.36012106537530264,0.09357473035439137,0.12258859784283513,-0.11090028615452344,0.1463812458727713,0.13074620294959277,0.4564230684569668,0.28790006603565926,0.1437706361435175,0.20962359674224082,0.21912832929782083,-0.02049966982170372,-0.08813339203169712,-0.22940347787805415,0.2288861985472155,-0.08413603345806736,-0.0887475236627779,-0.1486682808716707,-0.10363636363636364,-0.11792427911071979,-0.09471054369359454,-0.1400066035659256,0.044041382346467095,0.016634382566585955,0.005302663438256658,-0.12396654193264363,-0.03681708122386088,-0.13826546335020912,0.05127008584635703,0.19911512216596963,0.32114461809377065,0.16685450143077263,-0.005062733876293198,-0.05509134932863746,-0.2797160466651992,-0.08927360774818402,-0.06537090028615453,0.07352850539291217,-0.0735329077701959,-0.0075148580233326,0.2688311688311688,0.13765133171912833,-0.07850099053488883,-0.0785758309487123,-0.21030816640986133,-0.25148139995597624,-0.35305304864626896,-0.3832467532467532,-0.0009839313229143738,0.07650891481399956,-0.09845696676205151,-0.1054061193044244,0.15670041822584196,0.17629980189302225,0.2199537750385208,0.09854501430772618,-0.033431653092670044,0.1083777239709443,-0.056894122826326214,-0.19295179396874312,-0.10398415144177856,-0.2563460268545014,-0.24741140215716487,-0.2914703940127669,0.24054809597182478,0.021650891481399957,0.13941668500990534,-0.023554919656614572,,0.09298701298701299,-0.2550143077261721,-0.18409200968523,-0.13724851419766673,-0.09035219018269866,-0.2298547215496368,-0.09958837772397094,-0.008811358133392032,-0.10439357252916574,-0.16635263042042703,-0.07035879374862426,-0.12359454105216817,0.025987233105877174,-0.01654853620955316,-0.1250429231785164,0.024301122606207353,-0.15254237288135594,0.0921087387189082,-0.11773057451023552,-0.00015848558221439577,-0.23162667840633944,-0.14779000660356592,-0.10953554919656615,-0.17449922958397535,-0.48871670702179176,-0.23322474136033458,-0.06979308826766453,-0.10419106317411402
#51,0.35431432973805854,0.23991195245432534,0.48487343165309266,0.5503147699757869,-0.2027294739159146,0.19137354171252477,0.30575170592119744,0.2871538630860665,0.1260708782742681,1.0,0.39559982390490867,0.2727933083865287,0.41234646709222983,0.03375522782302443,-0.013898305084745762,-0.5189962579793088,0.5823442659035879,0.28590799031477,-0.2734338542813119,-0.3788333700198107,-0.12346246973365617,-0.36581113801452786,0.2804754567466432,-0.21459167950693375,-0.10696456086286595,-0.46276249174554257,0.3518269865727493,0.1426964560862866,0.1758727712965001,-0.13730134272507155,0.18311688311688312,-0.09778120184899845,0.28434074400176096,-0.1140347787805415,-0.20485582214395773,-0.38770416024653315,-0.07622496147919877,-0.40466872110939905,0.22677966101694916,-0.354125027514858,0.034552058111380145,-0.2741470394012767,-0.2545894783182919,-0.32607528065155184,0.27249614791987675,-0.22292097732775698,0.3014307726172133,0.21521681708122387,0.35050407219898744,0.07085846357032798,0.34033237948492184,0.19256218357913274,0.42540832049306626,0.35130750605326877,0.24257318952234205,-0.0072198987453224745,-0.06861325115562404,-0.5974378164208672,0.20269425489764473,0.015679066696015848,0.09874972485141977,0.15014527845036318,-0.3612326656394453,-0.32880475456746644,0.5397446621175435,0.5080343385428131,0.06034778780541492,0.005740699977988113,-0.23931983270966323,-0.30269865727492845,0.2302443319392472,0.14117103235747303,-0.15557340964120625,0.13475456746643188,-0.3639555359894343,-0.3949372661237068,-0.2831829187761391,-0.2845564604886639,-0.02031917235307066,-0.4601254677525864,0.20903587937486243,-0.2810917895663658,,0.12308166409861325,-0.4313911512216597,0.029885538190622937,-0.08923398635263043,0.1559454105216817,-0.08001540832049307,0.16466431873211534,-0.23054369359454105,0.14185119964780982,-0.10782522562183579,0.28763152102135153,0.2852344265903588,0.38323354611490207,-0.3225181598062954,0.527376183138895,0.40900946511116004,0.15688751926040062,0.3908958837772397,0.34782522562183577,0.17684349548756328,0.16365617433414043,0.32298481179837113,0.21930442438917014,0.32631961259079906,-0.12191503411842394,-0.1051882016288796,0.3847017389390271,0.34780101254677526
#52,0.3256878714505833,0.39920757208892804,0.25426810477657935,0.054864626898525205,0.062557781201849,0.18194805194805194,0.4379572969403478,0.31362755888179616,0.1321571648690293,0.39559982390490867,1.0,0.15376843495487563,0.10447501650891482,0.347904468412943,-0.20018269865727492,-0.0598415144177856,0.17307065815540393,0.09282632621615672,-0.13463570327977106,-0.051377944089808496,-0.3111842394893242,-0.06801012546775259,-0.008553819062293638,0.039491525423728815,-0.08564164648910412,0.0971186440677966,-0.020785824345146378,0.09454325335681268,0.016101694915254237,0.1350231124807396,-0.01524983491085186,-0.034028175214615895,0.13384107418005722,-0.02332379484921858,-0.013869689632401497,-0.010275148580233326,-0.21935725291657496,-0.08802113141096192,0.011243671582654633,0.13494607087827426,-0.06465111160026414,0.11981730134272507,-0.12168390931102796,0.04359233986352631,-0.045058331499009466,-0.12470173893902707,0.2185824345146379,0.1477525863966542,-0.023259960378604446,-0.10530706581554039,-0.022159366057671142,-0.22772397094430993,-0.047299141536429674,-0.13433634162447722,-0.17622716266784064,-0.03084965881576051,-0.17048866387849437,-0.14183579132731675,0.04304644508034339,-0.0962029495927801,0.3829782082324455,0.38842615012106535,0.00027955095751705923,-0.03502531366938147,0.12358573629760071,0.32200308166409863,0.3532445520581114,0.35000440237728375,0.022903367818622056,-0.046592559982390494,0.18110499669821703,0.07227162667840634,0.05139335241030156,0.013920316971164429,-0.09779661016949152,-0.012709663218137794,0.07126128109178957,0.11043363416244772,0.09654413383226942,-0.01813559322033898,-0.0800198106977768,-0.05897424609289016,,0.13737398195025313,0.0057252916574950475,0.33104556460488666,0.11016288795949813,0.06300462249614792,-0.012326656394453005,0.08244111820383007,-0.002542372881355932,0.007638124587277129,-0.06744001760950913,0.004943869689632402,0.058093770636143516,0.19557781201848998,0.1394849218578032,0.13139995597622717,0.015384107418005723,0.12764472815320274,0.00032797710763812456,0.015023112480739599,-0.00040721989874532247,-0.011027955095751706,0.04663218137794409,0.07459388069557561,0.09460488663878494,0.24799911952454326,0.14600924499229584,0.2345080343385428,0.17877173673783844
#53,0.10338762931983271,-0.09689632401496809,-0.06744001760950913,0.21809377063614352,0.12970063834470613,0.14789566365837553,-0.18360334580673562,0.25447281532027294,-0.07776799471714727,0.2727933083865287,0.15376843495487563,1.0,0.19802333259960378,0.1265199207572089,-0.3629187761391151,-0.4620427030596522,0.023882896764252697,-0.1575478758529606,-0.11903587937486243,-0.21234426590358793,-0.022698657274928462,-0.511963460268545,-0.019308826766453884,-0.3142945190402818,-0.09236847897864847,-0.23697776799471715,0.1870592119744662,0.02268545014307726,-0.27805635042923177,-0.03199867928681488,-0.028802553378824564,-0.061138014527845036,0.15930442438917014,-0.0213251155624037,-0.008065155183799251,-0.06318071758749724,0.14319172353070658,-0.06936165529385868,0.4529451904028175,-0.12038300682368479,0.22475456746643188,0.03372220999339643,0.15586396654193263,-0.11147919876733436,0.31314769975786927,-0.14850539291217257,0.3010081443979749,0.301468192824125,0.21012766894122825,0.02033017829627999,0.0928021131410962,0.05107638124587277,0.20464891041162228,0.021210653753026634,0.1512392692053709,-0.19133612150561302,0.23497248514197666,-0.22478978648470174,0.07636583755227823,0.1262491745542593,0.3689720449042483,0.4266123706801673,-0.010037420206911733,-0.10765793528505394,0.13716927140655955,0.1412062513757429,-0.17851419766674004,-0.13471274488223642,-0.24832049306625578,-0.24591019150341184,-0.15715386308606646,-0.20496588157605106,-0.10600044023772838,-0.025767114241690512,-0.013222540171692714,-0.10699757869249395,0.062458727712965,-0.006332819722650231,-0.023955535989434295,-0.26686110499669824,0.5191173233546115,0.04012106537530266,,0.47,0.1689654413383227,0.34694475016508913,0.045932203389830506,0.3396434074400176,0.07793968743121285,0.4383601144618094,0.1711798371120405,0.3001606867708563,0.18116442879154743,0.06898305084745762,0.0074774378164208675,-0.11874312128549416,-0.24634602685450144,0.03415144177856042,0.11898745322474136,0.09140435835351089,0.08944530046224962,0.03770195905789126,-0.11824785384107418,0.0971186440677966,0.22397534668721109,0.20967202289236186,0.160396213955536,0.29461149020471056,0.23773057451023552,0.045621835791327316,0.11138014527845036
#54,-0.10280211314109619,-0.14183138895003303,0.2995157384987893,0.17630640545894782,0.19649790887079022,0.3171274488223641,0.38835571208452563,-0.10705480959718248,-0.12458287475236628,0.41234646709222983,0.10447501650891482,0.19802333259960378,1.0,0.2674488223640766,0.22300682368478977,-0.27675764913053047,0.5162667840633942,0.32876513317191286,-0.2488465771516619,-0.38709002861545233,-0.07408980849658815,-0.10781642086726832,0.07042482940788025,-0.19220779220779222,-0.04916795069337442,-0.3008144397974906,-0.040066035659256,-0.21435395113361216,0.20172793308386527,-0.05530266343825666,0.17809156944750165,0.10410521681708122,0.12261281091789566,-0.033959938366718026,-0.0708430552498349,-0.22387849438696897,0.23019590578912613,-0.15976447281532027,-0.007321153422848338,-0.2262161567246313,0.1271714725952014,-0.31878934624697336,-0.05582874752366278,-0.2939027074620295,-0.02023332599603786,-0.1792295839753467,-0.13026194144838213,-0.1138168611049967,0.06309927360774818,-0.07766894122826326,-0.11590358793748624,-0.011948051948051949,0.08201848998459169,0.2065397314549857,0.14974025974025973,-0.2192934184459608,0.15254677525863966,-0.27055690072639227,-0.08413163108078363,-0.029848117983711203,0.04047105436935945,-0.17095311468192825,-0.1634074400176095,-0.08835571208452564,0.3240545894783183,0.07431873211534229,0.15217697556680607,-0.06892141756548537,0.05388729914153643,-0.06436935945410521,0.46613251155624036,0.2929782082324455,0.3783799251595862,0.2841646489104116,0.21417565485362094,0.1166651992075721,0.1307990314769976,0.11882236407660136,0.008404138234646709,-0.3645674664318732,0.1745410521681708,0.07938366718027735,,0.1478978648470174,0.12249394673123487,-0.16665859564164648,-0.06633942328857582,0.31386528725511775,-0.023103675985031918,0.4827999119524543,0.2664560862865948,0.10570327977107638,0.016667400396213956,-0.07033898305084746,-0.02904028175214616,0.29540832049306626,-0.3037508254457407,0.25281752146158926,-0.05482280431432974,-0.027756988773937927,0.10166409861325115,0.3817719568567026,0.27370900286154526,0.10275588817961699,0.14698657274928462,0.03978208232445521,0.17629319832709664,-0.020059432093330398,-0.044785384107418,0.14618754127228703,0.1052674444199868
#58,-0.1510609729253797,-0.004952674444199868,-0.3624389170151882,-0.11880475456746643,0.4031124807395994,0.06546114902047105,0.28254017169271406,-0.11442879154743561,-0.147442218798151,0.03375522782302443,0.347904468412943,0.1265199207572089,0.2674488223640766,1.0,-0.014943869689632402,0.1580431432973806,-0.1617873651771957,-0.13518379925159585,0.07974246092890161,0.1969227382786705,-0.3753731014747964,-0.12604666519920757,-0.12933524103015628,-0.13583755227823024,-0.017400396213955536,0.31384547655734096,-0.23124147039401277,-0.14741800572309047,-0.020880475456746643,0.2606867708562624,-0.07463570327977108,0.21384547655734096,-0.12751265683469074,-0.018600044023772837,0.3161567246313009,0.37083204930662556,0.10559322033898305,0.3025203609949373,-0.06130750605326876,0.3286418666079683,0.013900506273387628,0.3823838872991415,0.045335681267884655,0.1869997798811358,-0.32541492405899186,-0.2052784503631961,-0.16766453885097954,-0.0839423288575831,-0.04638564825005503,-0.24793748624257098,-0.20103015628439358,-0.41856042262821924,-0.24604666519920756,-0.3857076821483601,-0.39647809817301344,-0.0736517719568567,0.032339863526304205,0.23035439137134053,0.02593220338983051,-0.10224961479198767,0.26242350869469516,0.09573849878934625,0.2868412942989214,0.24252036099493726,-0.12466211754347348,4.402377283733216e-06,0.48188861985472153,0.34145498569227384,0.17364736957957297,0.3107726172132952,0.17280651551837992,0.09283953334800793,0.2826370239929562,-0.01731454985692274,0.2878318291877614,0.3786088487783403,0.31097292537970506,0.35496808276469294,0.19062733876293197,0.2350099053488884,-0.2879506933744222,-0.04615452344265904,,0.059799691833590136,0.49221879815100156,0.14571208452564385,0.03936385648250055,0.009154743561523222,0.32037860444640104,0.1160444640105657,0.31488883997358574,-0.051683909311027953,-0.11959057891261281,-0.19826326216156726,-0.14723530706581553,-0.15378164208672684,0.14717367378384327,-0.310132071318512,-0.30558441558441557,-0.16554699537750386,-0.4569073299581774,-0.11543033237948493,-0.07935945410521682,-0.08032577591899626,-0.08323574730354391,-0.12035659255998239,-0.1074620294959278,0.47907550077041605,0.22177195685670262,0.08809156944750166,-0.15072639225181597
#101,-0.22917895663658375,0.020917895663658377,0.006246973365617433,-0.13285714285714287,-0.16234866828087166,-0.3043297380585516,0.19950913493286374,-0.24898965441338322,0.36012106537530264,-0.013898305084745762,-0.20018269865727492,-0.3629187761391151,0.22300682368478977,-0.014943869689632402,1.0,0.4484833810257539,0.1978318291877614,0.0637376183138895,0.44084085406119305,0.1562491745542593,0.44960598723310585,0.3781377944089809,-0.005740699977988113,0.08576931543033238,0.20180937706361435,0.012630420427030596,-0.33992515958617653,-0.6160686770856263,0.5032489544353951,-0.09030816640986132,0.01989654413383227,0.0963482280431433,-0.03775918996257979,-0.21016729033678186,-0.12906009244992295,-0.018963240149680826,0.21761611270085846,0.2597072419106317,-0.20091349328637464,0.02056350429231785,0.15438036539731456,-0.034259300022011885,0.034941668500990536,0.3090666960158486,0.057354171252476334,-0.0400198106977768,-0.4805767114241691,-0.4783072859344046,-0.45981069777679945,-0.41550297160466654,-0.41113801452784504,-0.3024499229583975,-0.3897446621175435,-0.17221879815100155,0.02881796169931763,0.14054369359454105,-0.1983116883116883,-0.0952740479859124,-0.23008364516839094,-0.4745300462249615,-0.3930574510235527,-0.5658507594100814,-0.02130970724191063,0.18573189522342065,-0.012220999339643407,-0.19649790887079022,0.26069557561082984,0.011780761611270086,0.6016200748404138,0.38119084305524986,0.24574950473255558,0.29676865507373984,0.3264604886638785,-0.01412722870349989,0.09956416464891041,-0.031347127448822364,-0.17280431432973806,-0.04985692273827867,0.23856482500550297,0.19621835791327316,-0.06511776359233987,-0.05532687651331719,,-0.13676645388509795,-0.13747743781642086,-0.4200594320933304,-0.30084525643847676,-0.02909751265683469,0.01638564825005503,-0.23881576051067577,-0.08320272947391591,-0.37647149460708784,-0.5653863086066476,-0.16196346026854502,-0.1721549636803874,0.1283535108958838,0.09199867928681488,-0.17807616112700858,-0.26764913053048645,-0.4348580233325996,-0.26942548976447284,-0.1186286594761171,-0.018813559322033897,-0.17066916134712745,-0.09976447281532028,-0.26294959278010127,-0.14884877834030377,-0.5132577591899625,-0.33182918776139114,-0.17127448822364078,-0.1843055249834911
#102,-0.09831829187761391,0.13983711204050187,-0.23893682588597842,-0.2775764913053049,0.05140876073079463,-0.37327756988773936,0.059881135813339204,-0.398465771516619,0.09357473035439137,-0.5189962579793088,-0.0598415144177856,-0.4620427030596522,-0.27675764913053047,0.1580431432973806,0.4484833810257539,1.0,-0.38583755227823024,-0.19326216156724632,0.6895751705921197,0.7191701518820163,0.10005062733876294,0.6070944309927361,-0.2742967202289236,0.4030442438917015,0.1588333700198107,0.6815540391811579,-0.5142174774378164,-0.3059586176535329,0.13237068016729034,0.22470834250495267,-0.3329385868368919,0.030391811578252256,-0.3945036319612591,-0.1668941228263262,0.07417565485362096,0.4445740699977988,-0.030757208892802115,0.584884437596302,-0.4178472375082545,0.4652102135152983,-0.06820383006823685,0.38422628219238386,0.10211314109619195,0.5958903808056351,-0.24295839753466872,0.2017191283292978,-0.4965067136253577,-0.45808496588157605,-0.5660554699537751,-0.41593000220118864,-0.5117213295179397,-0.49652212194585077,-0.6772000880475457,-0.6019040281752146,-0.5270592119744663,0.16842394893242352,-0.4061259079903148,0.48996478098173013,-0.21876953554919656,-0.4098371120405019,-0.05471934844816201,-0.2298943429451904,0.3759916354831609,0.37789346246973365,-0.3485582214395774,-0.3338983050847458,0.31000220118864186,0.16109399075500772,0.647327756988774,0.6883733215936606,0.023262161567246312,0.06449702839533349,0.2300198106977768,-0.17943209333039842,0.1767048206031257,0.2525115562403698,0.0561963460268545,0.22870570107858243,0.2391701518820163,0.828003521901827,-0.32611710323574733,0.21664979088707903,,-0.2650429231785164,0.19651551837992515,-0.1725775918996258,-0.114851419766674,-0.26509355051727934,0.22902047105436935,-0.4252036099493727,-0.011862205591019151,-0.4986418666079683,-0.33956856702619415,-0.3564472815320273,-0.2319062293638565,-0.19790226722430113,0.7104094210873871,-0.5324125027514858,-0.3942372881355932,-0.41115782522562183,-0.599390270746203,-0.5509927360774819,-0.4104336341624477,-0.25956636583755227,-0.33808496588157605,-0.4129650011005943,-0.459867928681488,0.04963460268545014,-0.08298701298701298,-0.30213955535989434,-0.3177349768875193
#201,0.12488003521901828,-0.0051926040061633285,0.658795949812899,0.16093770636143517,-0.2365397314549857,0.13521021351529827,0.2660906889720449,0.05142196786264583,0.12258859784283513,0.5823442659035879,0.17307065815540393,0.023882896764252697,0.5162667840633942,-0.1617873651771957,0.1978318291877614,-0.38583755227823024,1.0,0.5803389830508474,-0.4664913053048646,-0.549207572088928,0.10690512876953555,0.03886418666079683,0.35510455646048866,-0.04559101915034119,0.04475016508914814,-0.43078362315650454,0.24725952014087607,0.0001364736957957297,0.17113581333920316,-0.2717917675544794,0.43475236627779,-0.19002201188641868,0.3616200748404138,-0.23352410301562843,-0.4613647369579573,-0.5941030156284394,-0.1841140215716487,-0.5555205811138014,-0.026814880035219018,-0.4857715166189742,-0.13254897644728153,-0.5484591679506934,-0.43043363416244773,-0.4037838432753687,0.20534888839973586,-0.16547655734096411,0.01060312568787145,-0.12018269865727493,0.1386154523442659,0.023801452784503633,0.24790226722430111,0.1859850319172353,0.4445234426590359,0.5082940788025534,0.49583094871230465,-0.021333920316971164,0.04189742460928902,-0.6100066035659256,0.13440237728373322,0.020257539071098393,-0.13354831609068898,-0.07171032357473035,-0.6000220118864187,-0.3996852300242131,0.5193242350869469,0.2531807175874973,0.10311688311688312,-0.22065815540391812,-0.11620735197006384,-0.32950253136693813,0.4055095751705921,0.27508474576271186,-0.03857142857142857,0.08416244772176976,-0.3348448162007484,-0.33354831609068897,-0.23962359674224082,-0.16134932863746423,-0.11105657054809598,-0.5294320933303984,0.16937706361435176,-0.14049746863306187,,0.1078186220559102,-0.33890160686770854,-0.03380805635042923,0.07901606867708563,0.20127008584635703,-0.31163768434954875,0.11763812458727713,-0.2731719128329298,0.28709443099273607,-0.12299581774158046,0.4171868809156945,0.27812458727712963,0.7718027734976888,-0.30193044243891703,0.6838366718027735,0.2691899625797931,0.20091129209773279,0.411501210653753,0.6723244552058112,0.28430772617213296,0.29733876293198325,0.3645586616773057,0.23893462469733656,0.39325996037860445,-0.3567752586396654,-0.09858023332599604,0.4126854501430773,0.4478912612810918
