,#10,#11,#12,#13,#17,#18,#26,#49,#50,#51,#52,#53,#54,#58,#101,#102,#201,#202,#301,#302,#401,#402,#501,#502,#601,#602,#701,#702,#801,#802,#901,#902,#1001,#1002,#1101,#1102,#1201,#1202,#1301,#1302,#1401,#1402,#1501,#1502,#1601,#1602,#1701,#1702,#1801,#1802,#1901,#1902,#2001,#2002,#2101,#2102,#2201,#2202,#2301,#2302,#2401,#2402,#2501,#2502,#2601,#2602,#2701,#2702,#2801,#2802,#2901,#2902,#3001,#3002,#3101,#3102,#3201,#3202,#3301,#3302,#3401,#3402,#3455,#3501,#3502,#3601,#3602,#3701,#3702,#3801,#3802,#3901,#3902,#4001,#4002,#4101,#4102,#4201,#4202,#4301,#4302,#4401,#4402,#4501,#4502,#4601,#4602,#4701,#4702,#4801,#4802
#10,1.0,0.1563416244772177,0.5316288795949813,0.38899405679066695,0.10285053929121726,0.05129429892141756,0.20120184899845917,0.8031829187761391,-0.11519920757208893,0.45186660796830286,0.6865991635483161,0.5220647149460709,0.579108518600044,0.16922738278670482,-0.48023332599603785,-0.19885097952894562,0.5912832929782083,0.5377261721329518,-0.28678626458287476,-0.018184019370460047,-0.24448162007484042,-0.07247413603345806,-0.20883777239709442,-0.3175214615892582,-0.3617917675544794,-0.0486748844375963,-0.27129429892141754,-0.014162447721769755,0.23339203169711645,0.1599933964340744,0.4850605326876513,0.20948712304644507,0.5858947831829188,0.18432973805855163,0.15558661677305746,0.10116442879154744,-0.03864406779661017,0.09590138674884438,0.03199647809817301,0.09335461149020471,0.2080277349768875,-0.12782742681047765,0.2717609509134933,0.29553598943429454,0.029903164155388722,-0.0958661677305745,0.20755668060752808,0.12021131410961919,0.3390248734316531,-0.02036979969183359,-0.06071978868589038,-0.14375302663438258,-0.11957957296940348,0.11177195685670262,-0.3272573189522342,-0.09833810257539072,-0.08043803653973146,-0.1172837332159366,0.05065155183799252,0.24815760510675766,0.08111600264142638,0.1766387849438697,0.11179837112040501,,-0.30821703720008803,-0.1673167510455646,-0.26499889940567906,-0.05307065815540392,-0.281518820162888,0.08329738058551618,-0.1482786704820603,0.01174554259300022,0.3526634382566586,0.4711160026414264,-0.01336121505613031,0.30509134932863746,-0.13498789346246973,0.06476997578692494,-0.24837772397094432,-0.12960158485582216,0.13063614351749944,0.1562029495927801,,0.25532907770195906,0.0908694695135373,0.46335461149020474,0.327772397094431,0.2220118864186661,0.2816222760290557,0.5206141316310808,0.3232819722650231,0.49560422628219236,0.18971164428791548,-0.02306845696676205,-0.0050033017829627996,0.09879154743561523,-0.08032797710763813,0.22991855602025094,0.19068236847897865,-0.04278010125467752,0.12071758749724851,0.28891481399955976,0.6030420427030596,0.3808298481179837,0.561038961038961,0.4309178956636584,0.31509795289456305,0.08194585075941008,0.028547215496368038,-0.13609949372661237,-0.02432973805855162
#11,0.1563416244772177,1.0,0.27134932863746425,0.37045784723750824,-0.1750693374422188,0.04891041162227603,0.180627338762932,0.07417565485362096,0.2205260840854061,0.31103896103896106,0.26399955976227163,0.014829407880255338,0.11746643187321154,0.06996257979308827,-0.1411864406779661,-0.10029495927801013,0.17435615232225402,0.0824851419766674,0.009416685009905348,0.08210873871890821,-0.07114461809377064,-0.09913493286374642,0.07916134712744882,-0.11478758529605987,-0.058600044023772835,0.12288355712084525,0.06150561303103676,-0.11695575610829848,0.005813339203169712,0.009460708782742681,0.030744001760950913,-0.021956856702619414,0.000785824345146379,0.03450363196125908,-0.03639665419326436,0.00863086066475897,0.058426150121065376,0.12687871450583316,-0.06073959938366718,0.13223420647149461,-0.003570327977107638,-0.033125687871450586,-0.0822540171692714,0.255478758529606,0.2760644266258544,-0.0778648470173894,-0.1493286374642307,-0.018712304644508033,0.024600484261501212,0.022491745542593,0.0824455205811138,-0.11987233105877174,0.1589654413383227,-0.10624697336561743,0.027107638124587278,-0.09405238828967642,-0.0999735857362976,-0.01794849218578032,0.20888179616993177,0.03203169711644288,-0.2037112040501871,-0.2318071758749725,0.18892802113141097,,0.001571648690292758,-0.0562887959498129,0.17927140655954216,0.2071934844816201,0.07934624697336562,0.06589698437156065,0.15669821703720008,0.1726436275588818,0.11988553819062293,0.051787365177195684,-0.27978648470173895,0.1609222980409421,-0.18467092229804094,-0.2503874092009685,0.0003742020691173234,0.011093990755007704,-0.1347325555800132,0.2289698437156064,,-0.09545674664318732,-0.1460774818401937,0.013286374642306845,0.01424389170151882,-0.05577371780761611,0.18969183359013866,-0.05004842615012107,0.1577701959057891,0.29416685009905347,0.09926920537090028,0.14023992956196346,0.24204490424829408,0.18815100154083206,0.038269865727492844,0.18453224741360336,0.23921197446621176,-0.016134712744882235,0.012421307506053268,-0.12188641866607969,-0.01039621395553599,0.023502091129209774,0.005584415584415584,0.22091129209773278,-0.11110719788685891,-0.21673783843275368,-0.052544574069997796,0.0013317191283292978,0.11861104996698217
#12,0.5316288795949813,0.27134932863746425,1.0,0.3722562183579133,0.2670261941448382,-0.3117961699317632,0.16348448162007484,0.41681928241250277,-0.33955976227162665,0.3696059872331059,0.47627118644067795,0.023526304204270307,0.20511336121505613,0.33464450803433854,-0.5011688311688312,-0.32938366718027734,0.5504886638784944,0.5806955756108299,-0.36066035659255996,-0.1428329297820823,-0.13367378384327536,0.22926260180497468,0.0585890380805635,-0.25122386088487786,-0.18209553158705702,0.2087475236627779,-0.04923398635263042,0.06351970063834471,-0.14218578032137355,-0.08243671582654634,0.37379484921857803,-0.03662777900066036,0.5684437596302003,0.12866387849438696,-0.11335020911292097,-0.20157164869029276,-0.2596324014968083,-0.1902839533348008,-0.15073739819502532,0.10960818842174774,0.0033215936605767112,-0.17204050187101033,0.18271406559542153,0.2808782742681048,-0.3227472610319997,-0.058461369139335244,0.2865485362095532,0.12892802113141097,0.3448316090688972,-0.09563504292317852,-0.23193484481620075,0.11825445740699977,-0.22559322033898305,0.39621835791327314,-0.6039159145938807,0.22245652652432313,-0.07259520140876073,-0.19625137574290116,-0.1708232445520581,0.3494805194805195,0.14246973365617432,-0.0212260620735197,0.2509707241910632,,0.10992515958617653,-0.02163548316090689,-0.3371516618974246,-0.3541030156284394,-0.3841866607968303,-0.1920030816640986,-0.0934998899405679,-0.0411798371120405,0.1162953995157385,0.25317851639885536,-0.11169051287695356,0.4160048426150121,-0.29709002861545236,0.040904688531807176,-0.2957274928461369,-0.006962359674224081,0.08748624257098833,0.12488003521901828,,0.24226942548976446,-0.04215496368038741,0.505031917235307,0.16610829848117983,0.21046445080343384,0.18594100814439798,0.1573365617433414,0.1541272287034999,-0.005421527624917455,0.12266784063394233,0.08052168170812239,-0.171963460268545,0.3589390270746203,0.04220559101915034,0.3288597842835131,0.3804270305965221,0.0002443319392471935,0.36467752586396657,0.5446951353731014,0.23844596081884217,0.6264274708342505,0.4762689852520361,0.41037860444640106,0.4503896103896104,-0.006889720449042483,0.16020030816640987,0.1246929341844596,-0.19861985472154964
#13,0.38899405679066695,0.37045784723750824,0.3722562183579133,1.0,-0.11870349988994057,0.005698877393792648,0.14846577151661897,0.2731917235307066,0.10442218798151001,0.49454545454545457,0.4975214615892582,0.17569667620515078,0.2698415144177856,0.38546335020911293,-0.13522562183579132,-0.21037420206911733,0.42620074840413824,0.27404358353510894,-0.1558815760510676,-0.08613031036759851,-0.0323992956196346,-0.0988333700198107,0.19543033237948493,-0.11071758749724851,-0.09239709443099274,0.08791107197886859,-0.1358991855602025,-0.10723530706581554,0.061173233546114904,-0.11586616773057451,0.09125687871450583,-0.17697776799471715,0.13988333700198108,-0.04402377283733216,0.04744001760950913,-0.09666299801893022,0.006101694915254237,-0.09672022892361876,0.16364736957957296,-0.021008144397974906,0.22691393352410302,0.006216156724631301,0.16031256878714506,0.23722650231124806,-0.11575397080893829,-0.09018710103455867,-0.1521681708122386,-0.16880915694475015,-0.1463812458727713,-0.19438256658595643,-0.14297820823244553,-0.21766453885097953,-0.15041382346467091,-0.02387409200968523,-0.2508760730794629,0.023790446841294298,-0.05765793528505393,-0.14059211974466213,0.14121725731895224,0.10636363636363637,0.025883777239709443,-0.07701959057891261,0.07223860884877834,,-0.033702399295619634,-0.0825379705040722,0.15290997138454765,0.1759784283513097,-0.06620735197006383,-0.029379264802993618,0.13291877613911512,0.015520581113801453,0.31735417125247634,0.2449966982170372,-0.1765463350209113,0.1732687651331719,-0.13161127008584636,-0.1545476557340964,-0.08588377723970944,0.004780981730134273,-0.14362095531587057,0.1649570768214836,,-0.26712304644508034,-0.19453224741360334,0.31458727712965,0.11808056350429232,0.08900946511116002,0.13147919876733435,0.25732995817741583,0.0500528285274048,0.27930442438917014,-0.06325775918996258,0.0899405679066696,0.1110543693594541,0.34112260620735196,-0.05076161127008585,0.16438256658595643,0.14319392471934844,-0.21509575170592118,0.046046665199207575,0.029592780101254677,0.20858023332599604,0.011824785384107419,0.19796169931763152,0.09078802553378824,-0.0016178736517719569,-0.049200968523002424,0.03822804314329738,0.12443539511336121,0.08084745762711865
#17,0.10285053929121726,-0.1750693374422188,0.2670261941448382,-0.11870349988994057,1.0,-0.13933083865287255,0.2194122826326216,0.03442879154743562,-0.26190402817521463,-0.025830948712304645,-0.016863306185340085,0.255478758529606,0.18320052828527406,0.009471714725952015,-0.3636847897864847,-0.1758661677305745,0.08504732555580014,-0.007470834250495268,-0.08966762051507814,-0.09766674003962139,-0.21002421307506053,0.023720008804754566,-0.2096302003081664,-0.13798151001540832,-0.01087607307946291,-0.30248954435395115,-0.09504512436715827,0.04777459828307286,0.051441778560422625,0.2409949372661237,0.3463086066475897,0.19515078142196787,0.18379484921857803,0.2395465551397755,0.1287145058331499,-0.07461809377063615,-0.0859057891261281,0.06216817081223861,0.06662117543473475,-0.1593154303323795,-0.012769095311468193,-0.2690865067136254,0.05418005723090469,-0.12621395553598944,-0.19367278982657007,0.11683469073299582,0.3300528285274048,0.15349548756328418,0.3338696896324015,0.22671362535769315,-0.18368038740920098,0.2764208672683249,-0.14364296720228922,0.17351749944970285,-0.30943869689632403,-0.14141976667400397,0.14699757869249394,0.021743341404358355,-0.2930706581554039,0.21192824125027515,0.4529451904028175,0.1722804314329738,-0.1202179176755448,,-0.3652740479859124,-0.17028835571208453,-0.3149768875192604,-0.41961259079903146,-0.3535241030156284,-0.30376843495487565,-0.26857803213735415,-0.2129738058551618,-0.17406339423288575,0.37549416685009906,0.3905458947831829,0.45878274268104774,0.15247413603345808,0.41395773717807616,-0.04346467092229804,-0.15630640545894783,0.2573607748184019,0.2215166189742461,,0.6820845256438477,0.40953114681928243,0.2260048426150121,0.11402817521461589,0.3097336561743341,-0.015188201628879594,0.13681928241250274,0.20886858903808056,-0.35928021131410964,0.2764428791547436,-0.17080343385428132,-0.19049966982170372,-0.2746268985252036,-0.17664979088707902,-0.2558331499009465,-0.311122606207352,-0.01033017829627999,0.2880211314109619,0.5014065595421527,0.2284833810257539,0.3788245652652432,0.1713053048646269,0.08080123266563945,0.24173013427250714,0.331831388950033,0.15272507153863085,0.06698877393792647,-0.22403037640325776
#18,0.05129429892141756,0.04891041162227603,-0.3117961699317632,0.005698877393792648,-0.13933083865287255,1.0,-0.012029495927801013,0.01163548316090689,0.50376183138895,0.009348448162007484,0.023248954435395115,0.3798393132291437,0.29137574290116663,-0.06022011886418666,0.077508254457407,0.3319194364957077,0.018142196786264584,0.11619854721549637,0.36424829407880255,0.3813581333920317,-0.2808782742681048,-0.17324455205811137,0.04232885758309487,0.09036319612590799,0.19820823244552058,0.04406999779881136,-0.2734140435835351,-0.06373321593660576,0.5529187761391151,0.35499229583975345,-0.21528505392912173,0.3992758089368259,-0.3241954655513978,-0.026220559101915033,0.47194364957076823,0.35022672243011227,0.38424169051287693,0.5057803213735417,0.372987012987013,0.09432753686990974,0.3467972705260841,0.13813119084305525,0.24284613691393353,0.24765133171912834,0.2911216658165012,0.2298084965881576,-0.29108518600044025,-0.39916134712744883,-0.19,-0.13641646489104117,0.0024389170151882015,-0.29858903808056353,0.07584855822143957,-0.4785230024213075,0.23058331499009466,-0.25003081664098614,-0.1730794629099714,0.32669381465991637,0.02667840633942329,-0.17097732775698876,-0.22656614571868808,0.09939907550077041,-0.30500770416024653,,-0.15552058111380146,-0.057048206031256876,0.242755888179617,0.4830662557781202,0.43322474136033456,0.4816354831609069,0.23885758309487123,0.31701078582434516,0.16291657495047326,0.03789786484701739,0.07699977988113581,-0.27385208012326656,-0.12615892581994276,-0.22799911952454324,0.3272331058771737,0.23360114461809378,0.05497248514197667,0.20203169711644287,,-0.16286594761171033,0.28202729473915916,-0.17315870570107858,0.276979969183359,0.0029165749504732556,0.2759916354831609,0.08093990755007704,0.087640325775919,0.5189192163768435,0.31456526524323136,-0.2296169931763152,0.1606801672903368,0.10630640545894783,0.10023992956196345,-0.14919876733436055,-0.19355491965661456,-0.08453224741360335,-0.3961919436495708,-0.5007682148360114,0.2551375742901167,-0.5211182038300682,-0.08484701738939027,-0.12096852300242131,-0.2464472815320273,-0.16701738939027075,-0.12990314769975786,-0.5108364516839093,0.00851419766674004
#26,0.20120184899845917,0.180627338762932,0.16348448162007484,0.14846577151661897,0.2194122826326216,-0.012029495927801013,1.0,0.17585516178736518,-0.11755668060752807,0.18311908430552498,0.09548095971824785,0.18595861765353291,0.5046577151661897,0.06455425930002201,-0.21775698877393793,-0.12271186440677966,0.33770195905789124,0.26796169931763153,-0.0023442659035879374,0.03142857142857143,-0.33696456086286597,-0.18872331058771738,0.07054809597182478,-0.3281796169931763,-0.06146158925819943,-0.09216376843495487,-0.18658375522782303,-0.12987233105877174,0.12205370900286154,-0.008278670482060312,0.21509134932863747,0.15265243231344927,0.10460268545014308,0.23957957296940346,0.19315870570107857,0.05734536649790887,0.2533017829627999,0.1265661457186881,0.16060092449922958,0.007712965001100594,0.0663878494386969,-0.3134074400176095,-0.15454545454545454,0.023436055469953775,0.05984154734842825,-0.16122826326216158,0.17349768875192603,0.11323794849218578,0.23173893902707463,0.18407219898745322,0.036097292537970505,-0.1400264142637024,-0.007186880915694475,0.022249614791987674,-0.07397534668721109,-0.17056350429231784,-0.14876953554919656,-0.06438476777459828,0.06465771516618975,0.12050407219898746,0.17048866387849437,-0.03639665419326436,0.024105216817081224,,-0.24295619634602686,-0.07875852960598723,0.082887959498129,0.01919656614571869,-0.023931322914373762,0.08434074400176095,0.07844375963020031,0.2210873871890821,0.13192824125027514,0.3403675985031917,0.10660136473695796,0.27541712524763373,0.038285274047985915,0.043526304204270304,0.05360774818401937,-0.22258859784283513,-0.056955756108298485,0.09244992295839753,,0.2626832489544354,-0.027147259520140875,0.16944309927360776,0.14863086066475897,0.12858903808056352,0.11915914593880696,0.057123046445080344,-0.03534008364516839,-0.005322474136033458,0.037666740039621394,-0.055595421527624915,-0.003715606427470834,0.19909971384547656,-0.14605987233105877,-0.057259520140876076,0.058362315650451246,-0.03596742240810037,0.09183138895003302,0.31601584855822146,0.20077481840193703,0.17918996257979308,0.30865727492846134,0.036729033678186224,0.059007263922518156,0.13360994937266124,-0.08270746202949593,-0.09706801672903367,0.11409421087387189
#49,0.8031829187761391,0.07417565485362096,0.41681928241250277,0.2731917235307066,0.03442879154743562,0.01163548316090689,0.17585516178736518,1.0,0.026051067576491307,0.4570438036539731,0.6165243231344927,0.529306625577812,0.4688267664538851,0.1901782962799912,-0.31966762051507813,-0.18760510675764913,0.5636715826546335,0.4191877613911512,-0.10348007924279111,0.025095751705921196,-0.17925819942769095,-0.10198106977767994,-0.21631741140215716,-0.3806537530266344,-0.3054919656614572,-0.07968743121285495,-0.3099933964340744,-0.145181598062954,0.32615892581994277,0.20532247413603347,0.47165749504732557,0.25154743561523224,0.5391283292978208,0.19586396654193264,0.20918115782522562,0.1805987233105877,0.09431432973805855,0.18316751045564605,0.08306625577812018,0.07915254237288136,0.2491371340523883,-0.03954655513977548,0.25053709002861546,0.2734140435835351,0.11109955486439876,-0.28535108958837774,0.1665793528505393,0.08168611049966983,0.3167620515078142,0.0823794849218578,-0.13528945630640546,-0.17490204710543694,-0.20398635263042042,-0.007030596522121946,-0.21413163108078362,-0.08308826766453885,-0.1508496588157605,-0.22252256218357913,0.036026854501430776,0.021708122386088487,-0.007237508254457407,0.12165309267004182,0.09881796169931763,,-0.34589038080563506,-0.05747083425049527,-0.39072419106317413,-0.1247985912392692,-0.14847677745982832,0.15027514858023333,-0.0561699317631521,0.03947171472595201,0.4032423508694695,0.43842394893242354,0.07948051948051948,0.18051507814219678,-0.1642637023992956,-0.08662557781201849,-0.12517059211974466,-0.19669601584855823,0.1187541272287035,0.12780101254677526,,0.21256878714505834,0.19576711424169052,0.4942130750605327,0.2442130750605327,0.12330838652872551,0.2366982170372001,0.47677745982830727,0.15932863746423068,0.4987387189082104,0.06588157605106758,0.09701298701298701,-0.015331278890600925,0.05653973145498569,-0.10472815320272948,0.20017609509134932,0.11568126788465771,-0.15271406559542153,0.15042042703059652,0.2208320493066256,0.5954017169271406,0.33937706361435177,0.43923398635263045,0.26735857362976007,0.40760290556900725,0.0012326656394453005,-0.0452410301562844,-0.14460708782742682,-0.10035879374862426
#50,-0.11519920757208893,0.2205260840854061,-0.33955976227162665,0.10442218798151001,-0.26190402817521463,0.50376183138895,-0.11755668060752807,0.026051067576491307,1.0,0.007147259520140876,0.020614131631080782,0.10201408760730794,0.07676865507373982,-0.174719348448162,0.3136825885978428,0.20754567466431872,-0.13569887739379266,-0.12018489984591679,0.4107241910631741,0.3382720669161347,-0.045368699097512656,-0.16323134492626018,0.08885538190622937,0.008771736737838433,0.1765397314549857,0.0200198106977768,-0.060788025533788245,-0.1950363196125908,0.22295619634602684,0.053825665859564165,-0.29012326656394455,0.10164428791547436,-0.39262821923838875,-0.3584723750825446,0.2409090909090909,0.18039401276689412,0.17335901386748845,0.3013317191283293,0.09410741800572309,-0.12069557561082984,0.11452564384767774,0.23457627118644067,0.06726392251815981,0.11616332819722651,0.39863988478978346,-0.055571208452564386,-0.24383226942548977,-0.2233942328857583,-0.163119084305525,-0.12008804754567466,0.11521241470394013,-0.25416905128769535,0.1789786484701739,-0.45766894122826324,0.23229143737618313,-0.28510015408320494,-0.20910191503411843,0.04944089808496588,0.21277349768875192,-0.39120845256438475,-0.2284107418005723,0.01778780541492406,-0.1402839533348008,,-0.02561303103675985,0.10844816200748404,0.31473255558001323,0.4709311027955096,0.4654897644728153,0.33151221659696234,0.3729187761391151,0.260066035659256,0.21717587497248514,-0.023138895003301782,-0.07867048206031257,-0.4408892802113141,-0.052313449262601806,-0.2814615892581994,0.28577151661897426,0.1114175654853621,-0.2533546114902047,-0.03912172573189522,,-0.26684789786484703,0.21298481179837112,-0.18351089588377725,0.19466872110939906,-0.3313229143737618,0.19939687431212855,-0.21969843715606427,-0.12202729473915915,0.37865287255117763,0.07554479418886198,0.15391811578252257,0.32804534448602246,0.14108518600044023,-0.0028439357252916576,0.041175434734756766,-0.10963460268545014,0.012170372000880475,-0.20813559322033898,-0.5369029275808936,-0.022535769315430332,-0.49513097072419104,-0.22567026194144837,-0.08170812238608849,-0.20204710543693594,-0.18964560862865948,-0.2327096632181378,-0.11138454765573409,0.15161347127448824
#51,0.45186660796830286,0.31103896103896106,0.3696059872331059,0.49454545454545457,-0.025830948712304645,0.009348448162007484,0.18311908430552498,0.4570438036539731,0.007147259520140876,1.0,0.49281752146158925,0.25290336781862205,0.122557781201849,0.40885758309487125,-0.09149680827646929,-0.12101254677525863,0.5874202069117324,0.21740479859123926,0.14090028615452344,0.10118423948932423,-0.13720228923618755,-0.17005062733876294,-0.08415364296720229,-0.14635703279771076,-0.10871230464450804,0.025947611710323573,-0.1511930442438917,-0.09140876073079462,0.17910851860004404,0.11434294519040282,0.3427404798591239,0.12797050407219898,0.12688531807175876,0.23190182698657275,0.15906669601584855,0.15945190402817522,0.17820383006823684,0.15759630200308167,0.12619854721549637,0.09292758089368258,0.2418049746863306,-0.07143737618313889,0.23766453885097952,0.21159586176535328,0.12772734301528624,-0.28833590138674886,-0.059035879374862425,-0.012434514637904468,0.0811600264142637,-0.018712304644508033,-0.07951133612150561,-0.11114461809377063,-0.147574290116663,-0.09386308606647589,-0.152194585075941,-0.1308562623816861,-0.15166189742460928,-0.10667620515078143,0.1336121505613031,-0.12900286154523444,-0.045839753466872114,-0.11449922958397535,0.16430772617213296,,-0.10056350429231785,-0.13726832489544355,0.10235307065815541,0.15740039621395555,0.17904248294078803,0.14113141096191945,0.23057010785824344,0.1852080123266564,0.23101254677525865,0.11341404358353512,-0.05563724411182038,0.1386880915694475,-0.11695135373101474,-0.10581333920316971,0.013376623376623377,-0.10619414483821263,0.0677790006603566,0.12046224961479199,,-0.08457186880915694,-0.11430112260620735,0.14093110279550958,0.0349636803874092,0.2701716927140656,0.26819722650231126,0.3638895003301783,0.12127668941228263,0.28324675324675325,-0.03525643847677746,0.01042262821923839,0.05992295839753467,0.3314285714285714,0.09310807836231565,0.037136253576931545,0.12292978208232445,-0.20986352630420427,0.04950693374422188,0.013255558001320713,0.24821923838872992,0.0841272287034999,0.24027514858023333,0.11446621175434735,0.06096412062513758,-0.0055359894342945195,0.03358793748624257,-0.07941888619854721,0.1123398635263042
#52,0.6865991635483161,0.26399955976227163,0.47627118644067795,0.4975214615892582,-0.016863306185340085,0.023248954435395115,0.09548095971824785,0.6165243231344927,0.020614131631080782,0.49281752146158925,1.0,0.36615232225401717,0.3530596522121946,0.4184679727052608,-0.28022232005282854,-0.1815166189742461,0.4594563064054589,0.3563812458727713,-0.12048646268985252,0.010059432093330399,-0.12075280651551838,-0.07134272507153863,-0.02319172353070658,-0.2742923178516399,-0.24333700198106978,-0.0044882236407660136,-0.21782742681047765,-0.026335020911292098,0.09718908210433634,0.05471714725952014,0.2588267664538851,0.017939687431212856,0.3676909531146819,0.004323134492626018,0.02893682588597843,0.027285934404578473,-0.10224961479198767,0.01760510675764913,-0.009060092449922959,-0.1187607307946291,0.24852080123266565,-0.03658155403918116,0.2800132071318512,0.1628021131410962,-0.01359234734335851,-0.14889060092449924,-0.04190182698657275,0.02212854941668501,0.147706361435175,0.09980409421087387,-0.1744419986792868,-0.21824345146379046,-0.20459167950693374,0.12142857142857143,-0.2592361875412723,-0.03909311027955096,-0.01225841954655514,-0.1722430112260621,0.03675324675324675,0.11415144177856042,0.09666960158485582,0.06806075280651552,0.1535064935064935,,-0.1661567246313009,-0.13728593440457848,-0.13941008144397976,0.026810477657935285,-0.08579352850539292,0.055111160026414266,-0.04833590138674884,-0.057054809597182475,0.22759189962579793,0.2930706581554039,-0.04015408320493066,0.2359784283513097,-0.13013427250715387,-0.07538190622936386,-0.15562403697996918,-0.08794188861985472,0.055291657495047324,0.14594981289896544,,0.09330398415144178,-0.15110939907550078,0.3426744441998679,0.2148117983711204,0.01819722650231125,0.33409200968523,0.34635703279771074,0.18723310587717368,0.3521813779440898,0.07922738278670483,-0.04308606647589699,0.007435615232225402,0.20941008144397974,-0.1275148580233326,0.07550737398195026,0.1318864186660797,-0.1810213515298261,0.032799911952454325,0.08716046665199208,0.38297600704380363,0.19935064935064936,0.27458507594100817,0.18939687431212854,0.14795509575170593,0.022780101254677526,0.003464670922298041,0.07189742460928901,-0.002071318511996478
#53,0.5220647149460709,0.014829407880255338,0.023526304204270307,0.17569667620515078,0.255478758529606,0.3798393132291437,0.18595861765353291,0.529306625577812,0.10201408760730794,0.25290336781862205,0.36615232225401717,1.0,0.5558991855602025,0.04794629099713846,-0.11507814219678626,-0.003898305084745763,0.3569029275808937,0.08088928021131411,0.24590578912612812,0.1383711204050187,-0.3188465771516619,-0.35760290556900726,-0.2931587057010786,-0.1603103675985032,-0.1643913713405239,-0.21820383006823685,-0.3431102795509575,-0.16387409200968522,0.638151001540832,0.44786704820603124,0.41834690732995816,0.44205370900286156,0.1736979969183359,0.30101034558661677,0.5837728373321593,0.3946687211093991,0.4651111600264143,0.5040699977988113,0.3689456306405459,0.0174686330618534,0.5012392692053709,0.01160906889720449,0.14111600264142637,0.17683689192163768,0.15117001495160498,-0.1296235967422408,0.027708562623816862,-0.043995157384987896,0.12438256658595642,0.14850759410081443,-0.11135152982610609,-0.21629980189302223,-0.14405899185560203,-0.3382104336341624,0.12716046665199207,-0.33289676425269643,-0.11071318511996478,0.11428131190843055,0.04394012766894123,-0.2419568567026194,0.21580673563724412,0.27538190622936387,-0.11725291657495047,,-0.5772727272727273,-0.255445740699978,-0.158201628879595,0.09934844816200748,0.10887519260400616,0.18729914153642968,-0.10167950693374422,0.07353731014747963,0.047574290116663,0.2521087387189082,0.3190953114681928,0.08392471934844817,0.09426590358793749,-0.022749284613691394,0.21043363416244773,-0.1557935285053929,0.22751045564604885,0.16150121065375303,,0.3048095971824785,0.38762491745542593,0.22542372881355932,0.2901122606207352,0.31158045344486024,0.22581774158045345,0.5593946731234867,0.2362359674224081,0.44568567026194145,0.09709222980409421,-0.17160906889720448,-0.10739159145938806,-0.19897644728153202,-0.12269425489764473,-0.2722209993396434,-0.2294651111600264,-0.16619194364957077,-0.08636363636363636,-0.05355051727933084,0.5630904688531807,-0.1212524763372221,0.3015958617653533,0.016669601584855823,0.06936825885978429,0.22514858023332598,0.10619854721549636,-0.2029583975346687,-0.10196125907990315
#54,0.579108518600044,0.11746643187321154,0.20511336121505613,0.2698415144177856,0.18320052828527406,0.29137574290116663,0.5046577151661897,0.4688267664538851,0.07676865507373982,0.122557781201849,0.3530596522121946,0.5558991855602025,1.0,0.12197666740039621,-0.2894915254237288,-0.02887079022672243,0.43271186440677967,0.39774378164208674,-0.029084305524983492,0.07283733215936605,-0.29844596081884217,-0.07425269645608629,-0.06616112700858463,-0.30549416685009906,-0.12089808496588157,-0.12468633061853401,-0.3447039401276689,-0.04862425709883337,0.410726392251816,0.19700418225841954,0.21790446841294298,0.27937046004842614,0.32743341404358356,0.2041404358353511,0.36149460708782744,0.09419986792868149,0.30459388069557564,0.2955095751705921,0.3536055469953775,0.07846136913933524,0.3510081443979749,-0.12366277790006604,0.03826106097292538,0.20609729253797052,0.01686991903473678,-0.02221219458507594,0.11202729473915915,-0.07193264362755888,0.2547061413163108,0.08793748624257099,-0.1063020030816641,-0.25376183138895003,-0.1348580233325996,-0.10812678846577152,-0.10617873651771957,-0.19474356152322253,-0.18672903367818622,0.03740479859123927,-0.04675104556460489,0.11441338322694256,0.10095311468192825,0.16400616332819723,-0.14035219018269865,,-0.2942593000220119,0.0027646929341844594,-0.04424389170151882,0.09422408100374202,-0.09846577151661898,0.11545454545454545,-0.04528505392912172,0.09957296940347787,0.1688531807175875,0.44744001760950913,0.1897226502311248,0.20983050847457627,-0.09820383006823685,-0.05998239049086507,0.0287541272287035,0.024798591239269207,0.08583314990094651,0.22708342504952675,,0.23420206911732336,0.19469733656174334,0.3485560202509355,0.3985714285714286,0.14046885318071758,0.25454765573409643,0.3556482500550297,0.11679286814880036,0.36495927801012545,0.12632621615672462,-0.1519524543253357,-0.03602905569007264,-0.003015628439357253,-0.15559542152762493,-0.13366057671142417,-0.08595861765353291,-0.10172132951793969,-0.0657406999779881,0.18934404578472375,0.577457627118644,0.08789786484701739,0.45559542152762494,0.13072419106317412,0.17165309267004183,0.025298261060972927,0.010460048426150122,-0.3101364736957957,-0.1619502531366938
#58,0.16922738278670482,0.06996257979308827,0.33464450803433854,0.38546335020911293,0.009471714725952015,-0.06022011886418666,0.06455425930002201,0.1901782962799912,-0.174719348448162,0.40885758309487125,0.4184679727052608,0.04794629099713846,0.12197666740039621,1.0,-0.042289236187541275,-0.15954875632841733,0.37750385208012327,0.11705701078582434,-0.003964340744001761,-0.1098283072859344,-0.05504072198987453,-0.004188861985472155,-0.036257979308826765,-0.029236187541272288,0.007059211974466212,0.07375302663438256,-0.11076381245872771,0.02053709002861545,-0.023772837332159368,-0.02168170812238609,0.03584195465551398,-0.08883557120845256,0.15101915034118424,0.170231124807396,-0.07671142416905129,-0.1011534228483381,-0.11591459388069558,-0.0934668721109399,0.010347787805414925,-0.2045938806955756,0.1283248954435395,-0.06786264582874753,-0.030140876073079463,0.05167290336781862,-0.29401292868864715,-0.10826326216156724,-0.023865287255117763,0.005267444419986793,-0.04327096632181378,0.011058771736737838,-0.04615232225401717,0.11106977767994718,-0.1996830288355712,0.17366057671142418,-0.19208012326656396,0.07606867708562624,0.02400396213955536,-0.17455425930002202,-0.09292978208232446,-0.06958837772397095,0.1883865287255118,-0.03605987233105877,0.1491437376183139,,0.06835791327316751,0.02356812678846577,-0.09449042482940788,-0.10782082324455206,-0.043444860224521244,-0.1403499889940568,-0.0003015628439357253,-0.11993176315210213,-0.04338983050847458,-0.055291657495047324,-0.02042262821923839,0.19406339423288577,-0.03165529385868369,-0.012643627558881796,-0.046103896103896105,-0.16854941668500992,0.15399295619634604,0.002654633502091129,,-0.05729914153642967,-0.18036539731454987,0.20774818401937045,0.01173893902707462,0.037717367378384326,0.14611270085846356,0.2188069557561083,-0.12771956856702618,-0.09550957517059212,-0.12654413383226942,-0.05549636803874092,-0.10848117983711204,0.14533568126788465,0.034534448602245214,0.0007329958177415805,0.006453885097952894,-0.09451683909311027,0.30860004402377283,0.10381245872771297,0.08325555800132071,0.200726392251816,0.0476007043803654,0.0012942989214175654,0.17318071758749726,0.15228923618754128,-0.10214615892581995,0.15682148360114462,-0.16378604446401057
#101,-0.48023332599603785,-0.1411864406779661,-0.5011688311688312,-0.13522562183579132,-0.3636847897864847,0.077508254457407,-0.21775698877393793,-0.31966762051507813,0.3136825885978428,-0.09149680827646929,-0.28022232005282854,-0.11507814219678626,-0.2894915254237288,-0.042289236187541275,1.0,0.5520889280211314,-0.15548095971824785,-0.3119370460048426,0.5165419326436276,0.24048206031256877,0.4789126128109179,0.03110279550957517,0.19996478098173012,0.4814505833149901,0.1874224081003742,0.13055690072639226,0.03172132951793969,0.0637904468412943,-0.11281091789566366,-0.3082280431432974,-0.3936935945410522,-0.18061853400836453,-0.3855491965661457,-0.19112920977327758,-0.019502531366938147,0.02024653312788906,0.30072198987453225,0.06796169931763152,0.07095091349328637,0.12335901386748845,-0.08584635703279771,0.06955095751705921,-0.13098613251155625,-0.12464450803433855,-0.019290127278303208,-0.004805194805194805,-0.37650451243671584,-0.29906009244992293,-0.3931895223420647,-0.1437772397094431,-0.07160466651992076,-0.2508672683248954,-0.026456086286594762,-0.4111864406779661,0.37215936605767114,0.04705040721989875,-0.2072639225181598,0.08374862425709884,-0.06611270085846357,-0.4969755668060753,-0.204323134492626,0.026887519260400616,-0.06125027514858023,,0.3647017389390271,0.30908210433634165,0.34979308826766453,0.26363856482500553,0.5349570768214836,0.20273387629319833,0.18403697996918336,0.06914153642967202,-0.07293858683689192,-0.2985031917235307,-0.06628879594981289,-0.5598261060972926,0.1714637904468413,-0.20392471934844816,0.3242504952674444,0.21778560422628218,-0.3261237068016729,-0.29638564825005503,,-0.3158287475236628,-0.18843495487563283,-0.37645168390931105,-0.21670922298040943,-0.20281972265023113,-0.07678406339423288,-0.22792207792207791,-0.20937706361435174,-0.09177415804534449,-0.41933964340744,-0.0874025974025974,-0.07936605767114242,-0.08097072419106317,0.3093924719348448,-0.13333259960378605,-0.08285494166850099,-0.1498415144177856,-0.2845014307726172,-0.47044464010565706,-0.32352850539291217,-0.5228131190843055,-0.3006955756108298,-0.3150473255558001,-0.21748404138234648,-0.050906889720449044,-0.13458287475236627,-0.038120184899845914,-0.0336847897864847
#102,-0.19885097952894562,-0.10029495927801013,-0.32938366718027734,-0.21037420206911733,-0.1758661677305745,0.3319194364957077,-0.12271186440677966,-0.18760510675764913,0.20754567466431872,-0.12101254677525863,-0.1815166189742461,-0.003898305084745763,-0.02887079022672243,-0.15954875632841733,0.5520889280211314,1.0,-0.0974950473255558,0.11426810477657935,0.4793286374642307,0.5892780101254678,0.11294078802553378,0.13956196346026856,0.2624036979969183,0.4669403477878054,0.36040501871010344,0.32306405458947834,-0.256451683909311,0.28543473475676867,0.18333480079242792,-0.047512656834690734,-0.2750583314990095,0.11614791987673344,-0.23037200088047546,0.03705921197446621,0.16486682808716707,0.08233105877173674,0.3784547655734096,0.34024653312788905,0.32905128769535547,0.30337222099933964,-0.05075941008144398,0.09320052828527405,0.17252696456086286,0.0986484701738939,0.09527630160484692,0.25254237288135595,-0.42531587057010783,-0.4692207792207792,-0.30904468412942987,-0.09552278230244332,-0.20429892141756548,-0.3640083645168391,-0.13619634602685451,-0.5268434954875633,0.10944970283953334,-0.0824785384107418,-0.3786220559101915,0.46720008804754565,-0.08820383006823684,-0.16973145498569228,-0.31794188861985473,0.15594981289896545,-0.30092009685230026,,0.14756328417345366,0.387508254457407,0.3068677085626238,0.27559982390490867,0.4028747523662778,0.5958727712965001,0.056187541272287034,0.322557781201849,0.0021307506053268766,0.0023002421307506053,0.06287695355491965,-0.41275368699097514,-0.025108958837772397,-0.09313889500330179,0.26079903147699757,0.4120889280211314,-0.25391811578252255,-0.036211754347347566,,-0.16982610609729254,0.018456966762051507,-0.303284173453665,0.032522562183579136,-0.21277349768875192,0.16428131190843057,-0.15360334580673562,0.11469073299581774,0.17025974025974025,0.031576051067576494,-0.33073519700638343,-0.12711424169051289,-0.00062293638564825,0.505659255998239,-0.19864626898525203,0.04857362976007044,-0.09554259300022012,-0.5212436715826546,-0.40050627338762934,0.06843935725291657,-0.5254677525863967,-0.22627999119524544,-0.12235527184679727,-0.2771076381245873,-0.06280871670702179,-0.1623662777900066,-0.4150033017829628,-0.1085031917235307
#201,0.5912832929782083,0.17435615232225402,0.5504886638784944,0.42620074840413824,0.08504732555580014,0.018142196786264584,0.33770195905789124,0.5636715826546335,-0.13569887739379266,0.5874202069117324,0.4594563064054589,0.3569029275808937,0.43271186440677967,0.37750385208012327,-0.15548095971824785,-0.0974950473255558,1.0,0.5221923838872992,0.008798151001540832,0.0412392692053709,-0.19837332159366058,-0.017195685670261942,0.029339643407440018,-0.3298965441338323,-0.18945410521681708,0.05242791107197887,-0.31469073299581773,-0.15315430332379484,0.2881884217477438,0.06297820823244552,0.3440347787805415,0.1637508254457407,0.3706053268765133,0.272953995157385,0.23652872551177637,0.03351529826106097,0.15803433854281312,0.10732775698877393,0.1403235747303544,0.1568434954875633,0.21776359233986353,-0.08430772617213295,0.1540215716486903,0.3504006163328197,-0.08401171253122147,-0.2123794849218578,-0.012419106317411402,-0.1791371340523883,0.0976865507373982,-0.07078802553378824,-0.18519260400616333,-0.09933964340744002,-0.17366938146599165,0.042760290556900726,-0.3251617873651772,-0.04883557120845256,-0.2324719348448162,-0.18404138234646708,-0.014468412942989214,0.02689632401496808,0.08696456086286594,0.05713185119964781,0.11397754787585296,,-0.05829407880255338,-0.07349768875192604,-0.00861104996698217,-0.048040942108738716,0.07924499229583976,0.1334932863746423,0.1968941228263262,0.184719348448162,0.3538520801232666,0.3378692493946731,0.011846797270526083,0.22364296720228924,-0.11196125907990315,-0.026079683028835572,0.07744001760950914,-0.11028175214615893,0.14692273827867047,0.039808496588157605,,0.13074180057230905,-0.07293858683689192,0.36362755888179615,0.19310147479639006,0.22089368258859784,0.31506493506493505,0.459603786044464,0.13090028615452345,0.2880893682588598,-0.023242350869469512,0.014092009685230025,-0.0927096632181378,0.337541272287035,0.03835791327316751,0.09689192163768436,0.21370900286154523,-0.2655359894342945,0.0777525863966542,0.33311468192824123,0.5363328197226502,0.27116883116883117,0.5774290116662998,0.25532467532467534,0.37678626458287473,0.043202729473915916,-0.05114461809377063,-0.18559101915034118,-0.011503411842394893
