,#10,#11,#12,#13,#17,#18,#26,#49,#50,#51,#52,#53,#54,#58,#101,#102,#201,#202,#301,#302,#401,#402,#501,#502,#601,#602,#701,#702,#801,#802,#901,#902,#1001,#1002,#1101,#1102,#1201,#1202,#1301,#1302,#1401,#1402,#1501,#1502,#1601,#1602,#1701,#1702,#1801,#1802,#1901,#1902,#2001,#2002,#2101,#2102,#2201,#2202,#2301,#2302,#2401,#2402,#2501,#2502,#2601,#2602,#2701,#2702,#2801,#2802,#2901,#2902,#3001,#3002,#3101,#3102,#3201,#3202,#3301,#3302,#3401,#3402,#3455,#3501,#3502,#3601,#3602,#3701,#3702,#3801,#3802,#3901,#3902,#4001,#4002,#4101,#4102,#4201,#4202,#4301,#4302,#4401,#4402,#4501,#4502,#4601,#4602,#4701,#4702,#4801,#4802
#10,1.0,-0.06674003962139555,0.2987871450583315,0.3862337662337662,0.0963086066475897,0.05319832709663218,-0.23238168611049967,0.2622518159806295,0.053664979088707904,0.11490644948272066,0.2736033458067356,0.4102839533348008,0.0811798371120405,-0.1111270085846357,-0.15295839753466872,0.138003521901827,0.19399735857362976,0.014019370460048426,-0.09743781642086727,0.11841954655513978,0.03373981950253137,0.18451683909311029,0.19354391371340524,0.2270812238608849,0.187145058331499,0.28212634822804317,0.029264802993616553,0.29493506493506494,-0.1932159366057671,-0.048626458287475235,-0.18209773277569888,-0.027955095751705922,-0.0662623816861105,0.14134932863746424,-0.24117763592339864,0.23515298261060974,0.05337001981069778,-0.035315870570107856,0.05791987673343606,-0.017893462469733657,0.008155403918115783,,0.06959938366718028,0.006194144838212635,0.13551837992515958,0.1635461149020471,0.07918335901386749,0.2809971384547656,0.007085626238168611,0.18914813999559763,0.14517939687431214,-0.01696896324014968,0.0006559542152762491,-0.0813779440898085,0.07540391811578252,0.02355051727933084,0.10793968743121285,0.22719568567026194,-0.14141976667400397,-0.06036319612590799,-0.20642526964560862,-0.1735197006383447,-0.11230904688531808,-0.2306119304424389,0.004952674444199868,0.13454985692273827,-0.21006383447061414,-0.22844596081884216,-0.044455205811138016,0.11495927801012547,-0.11786264582874752,0.0686748844375963,-0.2743957737178076,-0.12109399075500771,-0.16230904688531808,-0.11555800132071319,-0.15315430332379484,0.008659476117103236,-0.08802553378824565,0.08520581113801452,0.4135130970724191,0.42291657495047325,,0.33668721109399075,0.025901386748844377,-0.1614373761831389,-0.11067796610169492,0.13707682148360115,,0.32216376843495487,-0.048626458287475235,0.019940567906669603,0.085049526744442,-0.02579352850539291,-0.033022232005282856,0.14229804094210874,0.23449262601804974,0.16335461149020472,0.20472154963680386,-0.026533127889060093,-0.19859784283513096,-0.03865067136253577,-0.12109399075500771,0.12821043363416246,0.021424169051287696,0.0047369579572969405,-0.0959454105216817,-0.18584195465551398,-0.1325709883337002,-0.20288135593220338,-0.29567906669601585
#11,-0.06674003962139555,1.0,0.2180541492405899,0.32908430552498347,-0.251171032357473,-0.060552498349108516,0.35477437816420865,-0.20789346246973367,0.6423354611490205,0.4280563504292318,0.0035064935064935067,-0.07100814439797491,0.32251375742901167,0.2697600704380365,0.3499405679066696,0.09928901606867709,0.1766585956416465,0.24482280431432973,0.2318467972705261,0.09055249834910852,0.05346687211093991,-0.1311732335461149,-0.02437156064274708,0.019031476997578692,-0.008184019370460049,0.042170372000880474,-0.03349768875192604,-0.1049636803874092,0.029942769095311468,0.08143297380585517,-0.1333964340744002,0.20340083645168391,-0.09580233325996038,0.24398195025313668,-0.17029495927801014,0.17959498128989654,-0.005487563284173454,0.16284613691393351,-0.16125467752586398,0.0036517719568567026,0.0536979969183359,,-0.053992956196346024,0.013933524103015628,-0.12585736297600705,-0.14642526964560862,-0.07763592339863526,-0.2058991855602025,0.06674003962139555,-0.2094254897644728,-0.024221879815100156,-0.14224301122606206,-0.07267224301122606,-0.050838652872551175,-0.054353951133612154,-0.01179837112040502,-0.07160466651992076,-0.17090248734316532,-0.09786924939467312,-0.20098393132291437,0.11916795069337442,0.20812458727712965,0.2680013207131851,0.2573695795729694,0.2646268985252036,0.19442879154743561,0.24968082764692934,0.29660796830288355,0.4927426810477658,0.43011005943209335,0.46104556460488666,0.5248426150121065,-0.022348668280871672,-0.052786704820603124,-0.08668500990534889,-0.06800572309046886,-0.02572529165749505,-0.06242791107197887,0.2190380805635043,0.24094651111600265,-0.0888267664538851,0.13017609509134934,,0.10157825225621836,-0.004589478318291877,-0.13994276909531148,0.09495487563284173,-0.002267224301122606,,-0.1888465771516619,-0.2669623596742241,-0.04331499009465111,-0.10005502971604667,-0.08150781421967862,0.04037640325775919,0.15685670261941448,0.39524103015628437,0.08193264362755888,-0.029264802993616553,0.2631388950033018,0.12673123486682808,-0.10422187981510016,-0.06277349768875193,-0.19172573189522343,-0.17861104996698218,-0.09296940347787805,-0.05331058771736738,0.0387012987012987,-0.1637046004842615,0.14768214836011445,0.21983050847457627
#12,0.2987871450583315,0.2180541492405899,1.0,0.5281928241250275,0.15217917675544795,-0.08467312348668281,0.16016949152542373,0.040611930442438916,0.24641646489104116,0.45836011446180935,0.41107638124587276,-0.1502179176755448,-0.11444419986792868,0.08329738058551618,0.02702839533348008,-0.0031719128329297823,0.584025974025974,0.5817543473475677,-0.08906669601584856,0.0022980409421087386,0.033775038520801236,0.02806075280651552,0.19772176975566805,0.2768743121285494,0.021653092670041823,0.028758529605987234,0.31037640325775917,0.18746643187321155,0.027312348668280872,-0.3622540171692714,-0.0972705260840854,-0.024637904468412943,0.0005701078582434515,0.01734096412062514,-0.13080123266563945,-0.03082324455205811,-0.060167290336781865,-0.2493484481620075,0.04503852080123267,0.029460708782742682,-0.011899625797930883,,0.02611270085846357,-0.34944530046224964,-0.048069557561082984,-0.11708342504952675,0.04730794629099714,-0.08920757208892802,0.1051749944970284,-0.0015584415584415584,0.16617213295179398,0.1879903147699758,0.049189962579793085,0.3904688531807176,0.2662029495927801,0.21612150561303103,0.21477437816420866,-0.06908870790226722,-0.03528285274047986,-0.08437816420867268,-0.35959278010125467,0.14585075941008144,-0.22297820823244552,-0.12372441118203831,0.21103896103896103,0.07274928461369139,-0.05291657495047326,-0.13646268985252036,0.20940567906669602,0.15246753246753247,0.46127448822364076,0.33500770416024656,-0.12392031697116443,0.2713119084305525,-0.08833810257539071,0.17035879374862425,-0.1269623596742241,0.061763152102135156,0.06076601364736958,-0.05361655293858684,0.17287475236627778,0.1318534008364517,,-0.002936385648250055,-0.35590578912612814,-0.4188267664538851,-0.37379264802993617,0.019832709663218137,,0.1103565925599824,0.07698437156064275,-0.051534228483381024,-0.14321813779440898,-0.29242791107197885,-0.2682852740479859,0.5194629099713846,0.24058991855602024,0.48514417785604225,0.2676535329077702,0.2500704380365397,0.2194144838212635,0.3174069997798811,0.014585075941008144,0.2803720008804755,0.04847237508254457,0.032586396654193266,-0.06466872110939907,-0.1698877393792648,0.20318071758749726,-0.10769755668060753,0.027373981950253135
#13,0.3862337662337662,0.32908430552498347,0.5281928241250275,1.0,-0.045674664318732114,-0.045985031917235304,0.09806955756108299,-0.09027514858023332,0.2661699317631521,0.6361919436495708,0.21285934404578472,-0.07201848998459168,0.12693814659916355,0.20172793308386527,0.09128769535549197,0.05197446621175435,0.5908166409861325,0.3728725511776359,0.13063834470614133,0.18440457847237507,0.2936583755227823,0.09757208892802113,0.17045124367158265,0.1769733656174334,0.021904028175214616,0.04413163108078362,0.34603345806735636,0.2656460488663879,-0.18973805855161788,-0.18054149240589917,-0.3679815100154083,-0.06927801012546775,-0.09597402597402598,0.17206031256878715,-0.2149636803874092,0.010931102795509575,0.03855381906229364,-0.0048316090688972045,-0.1417477437816421,-0.044486022452124144,-0.10231565045124368,,-0.12802553378824566,-0.08501430772617213,0.10051948051948052,-0.02335461149020471,0.05912392692053709,0.20744001760950914,0.08267884657715166,0.11043363416244772,0.14959498128989654,0.007915474356152322,-0.06208892802113141,0.13270526084085407,0.09084745762711864,0.18340303764032578,0.17964120625137575,0.22616993176315212,0.014472815320272947,-0.14860004402377283,-0.3334514637904468,-0.038388729914153645,-0.048322694254897644,0.10148360114461809,0.35172573189522344,0.26637904468412943,-0.13617433414043584,-0.10536209553158705,0.25009685230024215,0.21085406119304426,0.29376183138895,0.3222474136033458,-0.3426744441998679,0.019832709663218137,-0.15668060752806515,-0.012463130090248735,-0.2765947611710324,-0.039784283513097075,0.07219018269865728,-0.015183799251595862,0.08416685009905349,0.20059872331058773,,0.26043803653973147,-0.05327756988773938,-0.48372661237068015,-0.2964802993616553,-0.03184459608188422,,-0.0886154523442659,-0.0175148580233326,0.02558661677305745,0.007074620294959278,-0.21674224081003743,-0.08093550517279331,0.21040721989874533,0.3472573189522342,0.2121351529826106,0.047277129650011004,0.17016508914814,-0.0149966982170372,0.016922738278670482,-0.10519040281752146,0.14228923618754127,0.059801893022232,-0.061540832049306625,-0.22040721989874532,-0.2639489324235087,-0.03288795949812899,-0.03830508474576271,0.059374862425709884
#17,0.0963086066475897,-0.251171032357473,0.15217917675544795,-0.045674664318732114,1.0,0.07674003962139556,-0.2782808716707022,0.1334008364516839,-0.09780101254677526,-0.08348668280871671,0.06149900946511116,0.18047105436935945,-0.06503852080123267,-0.2307638124587277,0.08952234206471495,0.26627338762931985,-0.044840413823464674,0.11545454545454545,-0.07662777900066035,0.04352410301562844,-0.20401056570548096,0.06566806075280651,0.07079242791107197,0.11326876513317191,0.024631300902487344,0.04717147259520141,-0.21996257979308828,-0.18493286374642307,0.11372220999339644,-0.028067356372441118,0.21172793308386528,0.014565265243231346,0.2514175654853621,-0.10247633722209994,0.06929782082324455,-0.0986286594761171,-0.018382126348228042,0.04869249394673123,-0.02798811358133392,0.1765133171912833,-0.03588817961699318,,0.13555580013207133,0.13685009905348888,-0.17922077922077922,0.13017609509134934,0.06412062513757429,-0.014477217697556681,-0.3167048206031257,-0.15713185119964782,0.09767554479418886,0.09246092890160687,-0.02460708782742681,0.12531587057010785,-0.2999405679066696,0.039997798811358135,-0.32012106537530266,-0.24079683028835572,-0.06735197006383448,0.012130750605326876,0.06246973365617434,0.1010279550957517,-0.13915254237288135,-0.2078186220559102,-0.11068236847897865,-0.38377944089808497,-0.10088047545674664,-0.3110653753026634,-0.024109619194364957,0.03556460488663878,-0.04869909751265684,-0.07895003301782963,0.07873871890821044,0.044358353510895884,-0.08686550737398195,-0.10848558221439578,0.02232885758309487,0.09589038080563504,-0.09794408980849659,0.17884657715166188,0.08450143077261721,0.13313229143737618,,0.05752586396654193,0.050935505172793306,0.22997578692493947,0.0538630860664759,-0.07317851639885538,,0.11102795509575171,0.3231388950033018,-0.13425049526744443,-0.15683469073299583,0.03853620955315871,-0.12525863966541934,0.009482720669161348,0.17086286594761171,0.29668721109399077,0.41566365837552277,-0.06935945410521682,0.1201452784503632,0.21687211093990755,0.18570548095971826,0.2023728813559322,0.2757803213735417,0.17322254017169272,0.2585494166850099,0.11466872110939907,-0.1364340744001761,-0.12334140435835352,-0.13602685450143076
#18,0.05319832709663218,-0.060552498349108516,-0.08467312348668281,-0.045985031917235304,0.07674003962139556,1.0,0.1512392692053709,0.1191239269205371,-0.14256658595641647,0.016784063394232884,0.11185340083645168,0.0736253576931543,0.2166057671142417,0.04078142196786264,-0.23325775918996258,-0.046834690732995815,0.02275148580233326,0.1262557781201849,-0.10977327756988774,-0.045111160026414264,-0.162425709883337,0.02556680607528065,-0.08419106317411403,-0.10562403697996918,-0.03778340303764033,-0.017642526964560864,-0.09570988333700198,0.012976007043803655,0.109702839533348,0.36264582874752366,0.3476205150781422,0.19637904468412942,0.19774158045344487,0.11157825225621835,0.051987673343605545,0.05424829407880255,0.22395773717807615,0.08891041162227603,0.06061853400836452,0.053044243891701516,0.11888399735857363,,0.11171692714065595,0.07331058771736738,-0.011976667400396214,0.12537090028615452,0.11514417785604227,0.16436715826546336,0.058139995597622715,0.0900396213955536,-0.034930662557781204,0.1036385648250055,-0.02506713625357693,-0.052309046885318074,-0.16764472815320272,0.019738058551617872,-0.21114902047105438,0.030878274268104775,0.013988553819062294,0.22758529605987232,-0.08427250715386309,-0.16059432093330397,0.05528065155183799,0.08830948712304644,0.05046665199207572,-0.2136451683909311,-0.004979088707902268,0.055025313669381466,-0.1287541272287035,-0.11242350869469514,-0.15301562843935726,-0.1331763152102135,-0.1806537530266344,-0.25601584855822146,-0.16686990975126567,-0.12267004182258419,-0.04223860884877834,-0.046363636363636364,0.012271626678406339,0.07554699537750385,0.10663878494386969,0.03327316751045565,,-0.04039181157825226,0.08441558441558442,0.10689852520360994,0.05666740039621396,-0.12555800132071318,,0.04266563944530046,0.08668280871670703,0.09591679506933744,0.152491745542593,0.20866607968302883,0.23844155844155845,0.07823024433193924,-0.1605546995377504,-0.2439027074620295,-0.017402597402597402,-0.10204710543693594,-0.072590799031477,0.25498789346246975,0.295115562403698,0.03334800792427911,0.0961435174994497,0.02927360774818402,0.07823904908650671,-0.02812458727712965,-0.04068456966762052,-0.07813999559762272,-0.13990534888839973
#26,-0.23238168611049967,0.35477437816420865,0.16016949152542373,0.09806955756108299,-0.2782808716707022,0.1512392692053709,1.0,-0.1520184899845917,0.40002421307506053,0.556550737398195,0.3039159145938807,-0.2754479418886199,0.22548976447281532,0.543548316090689,-0.04238388729914153,-0.38512656834690734,0.34204270305965223,-0.0112524763372221,-0.044637904468412946,-0.2159586176535329,-0.002126348228043143,-0.4231036759850319,-0.1355029716046665,-0.24039841514417787,-0.26357693154303324,-0.3923618754127229,0.027197886858903807,-0.15680607528065155,-0.02951353731014748,-0.17820603125687873,-0.07390490865067137,0.18426370239929563,0.10629980189302224,0.2882192383887299,-0.12251595861765353,-0.03967202289236187,0.17151221659696236,0.052137354171252474,0.12614791987673343,0.0834932863746423,-0.16721329517939687,,-0.35847017389390273,-0.1148051948051948,-0.054151441778560426,-0.2700968523002421,-0.024919656614571867,-0.15471714725952015,0.24976887519260402,-0.10563944530046225,-0.03190843055249835,0.016830288355712084,0.18806955756108298,0.07428791547435615,0.1808122386088488,0.10802993616552939,0.17841294298921417,-0.1688928021131411,0.20692273827867047,-0.0174818401937046,0.05863086066475897,0.4417059211974466,0.2106207351970064,0.45544353951133615,0.10425269645608629,0.03503852080123267,0.3513493286374642,0.6454193264362756,0.046685009905348886,-0.11302223200528286,0.2767312348668281,0.21834470614131632,-0.031204050187101033,0.14163108078362316,0.008120184899845917,0.1622342064714946,0.12815540391811578,-0.03932423508694695,0.25230464450803436,-0.15311908430552498,-0.43839973585736297,-0.37792207792207794,,-0.10779881135813339,0.06908650671362536,-0.017580893682588597,0.05302003081664099,-0.16512656834690734,,-0.3457230904688532,-0.10162667840633942,0.14941008144397974,-0.012573189522342064,-0.05110499669821704,-0.032053709002861544,0.22113581333920318,-0.16360994937266124,-0.048223640766013647,-0.15283513097072418,0.29107197886858904,0.2958221439577372,-0.03178076161127009,-0.04831388950033018,0.10139995597622717,0.03816861104996698,0.13983931322914372,0.14916795069337443,0.22583094871230464,0.09839093110279551,0.27399955976227164,0.31183579132731676
#49,0.2622518159806295,-0.20789346246973367,0.040611930442438916,-0.09027514858023332,0.1334008364516839,0.1191239269205371,-0.1520184899845917,1.0,0.1527030596522122,-0.1976271186440678,0.06531587057010786,0.2524323134492626,-0.19266123706801672,-0.15565045124367158,0.03535989434294519,0.18786044464010565,-0.16200088047545674,-0.0013911512216596962,-0.0020118864186660797,-0.03664979088707902,-0.24300242130750604,0.022846136913933526,-0.11721549636803874,-0.16399295619634602,-0.04686990975126568,0.003431653092670042,-0.35724851419766673,-0.16324675324675325,0.20254017169271407,0.2156306405458948,0.2663944530046225,-0.0023728813559322033,0.20423948932423508,-0.08413603345806736,0.05972705260840854,0.20044464010565705,-0.060088047545674664,0.07403918115782522,-0.0873893902707462,0.01486022452124147,0.1251749944970284,,0.150561303103676,0.04948492185780321,-0.25787365177195687,-0.1807770195905789,0.08097732775698878,0.14172793308386528,-0.22668060752806515,-0.14978428351309708,0.02677305745102355,-0.13665859564164648,-0.01734096412062514,-0.2485494166850099,-0.20322694254897644,-0.08065155183799251,-0.3309685230024213,-0.19301782962799913,-0.15248294078802554,-0.06683909311027955,0.15399735857362976,-0.21520581113801454,0.1110807836231565,-0.18104996698217038,-0.08466431873211534,-0.15237508254457408,0.07712084525643847,-0.18468192824125026,0.05552938586836892,0.06560422628219238,-0.024798591239269207,-0.12942989214175654,0.30827646929341845,0.01865727492846137,0.08835571208452564,0.027367378384327536,0.18954875632841733,0.045190402817521465,-0.14556900726392252,0.1489522342064715,0.1793616552938587,0.17826326216156724,,-0.23444640105657055,0.19681267884657716,0.14668060752806517,0.014578472375082545,-0.05288795949812899,,0.24383226942548977,0.09629099713845476,-0.04062733876293198,-0.20242130750605328,0.057633722209993396,-0.04429892141756549,0.007087827426810477,-0.08269645608628659,0.13224961479198769,0.07364076601364737,-0.11466211754347348,-0.08201188641866608,0.08289676425269646,-0.1735791327316751,0.09066255778120184,0.15559982390490865,0.2766938146599164,0.26138234646709224,-0.07871890821043363,-0.06450363196125908,-0.08962139555359894,-0.2189258199427691
#50,0.053664979088707904,0.6423354611490205,0.24641646489104116,0.2661699317631521,-0.09780101254677526,-0.14256658595641647,0.40002421307506053,0.1527030596522122,1.0,0.40937926480299364,0.17376183138895004,-0.039181157825225625,0.16208892802113142,0.3064979088707902,0.4283182918776139,0.05746423068456967,0.3118908210433634,0.1184767774598283,0.17826326216156724,-0.0962887959498129,-0.047792207792207796,-0.35686330618534007,-0.016368038740920098,-0.07503411842394893,0.12189082104336342,-0.029150341184239488,-0.09298261060972926,-0.13962579793088267,0.07327977107638124,-0.051987673343605545,-0.11548756328417345,0.06541492405899185,0.17903367818622057,0.27443099273607746,-0.1665243231344926,0.19892361875412723,0.06703059652212194,0.17180057230904688,-0.08878934624697336,-0.005472154963680387,0.03077261721329518,,-0.05884437596302003,-0.05300682368478979,-0.18440017609509135,-0.4131388950033018,-0.013182918776139115,-0.15932863746423068,0.07233105877173673,-0.1266255778120185,0.07633722209993396,-0.15785604226282193,0.06429672022892362,-0.13989874532247415,0.07383226942548976,-0.05171472595201409,-0.046299801893022234,-0.31597402597402596,-0.030891481399955976,-0.357574290116663,0.06688751926040061,0.24273827867048206,0.3058067356372441,0.23154523442659036,0.1405745102355272,-0.030827646929341843,0.21454105216817082,0.24074620294959279,0.5169755668060753,0.39661016949152544,0.5130266343825666,0.4817477437816421,0.13662117543473476,0.10574950473255558,-0.005412722870349989,0.09265683469073299,0.023631961259079903,-0.06602245212414704,0.21528285274047987,0.228102575390711,-0.14444860224521242,0.09718247853841074,,-0.06407880255337882,0.05596302003081664,-0.15485362095531588,0.009975786924939467,-0.06407880255337882,,-0.16362095531587056,-0.16349548756328416,-0.1002839533348008,-0.299141536429672,-0.15502531366938146,-0.16065375302663437,0.27655513977547874,0.35506713625357694,0.22023992956196345,-0.09052828527404799,0.1665243231344926,0.12969183359013867,-0.11561963460268546,-0.13299141536429673,-0.10877834030376403,-0.1253863086066476,0.07006163328197226,0.06770856262381686,0.0029407880255337884,-0.07986352630420428,0.0474950473255558,0.15635263042042702
#51,0.11490644948272066,0.4280563504292318,0.45836011446180935,0.6361919436495708,-0.08348668280871671,0.016784063394232884,0.556550737398195,-0.1976271186440678,0.40937926480299364,1.0,0.3828967642526965,-0.244884437596302,0.227079022672243,0.433497688751926,-0.041692714065595424,-0.2725665859564165,0.7011358133392032,0.2767466431873212,-0.006847897864847017,-0.11905569007263922,0.017147259520140876,-0.2548536209553159,0.14811358133392033,0.09047105436935945,-0.04626678406339423,-0.10548536209553158,0.2586836891921638,0.07049746863306185,0.009128329297820823,-0.3182786704820603,-0.15930662557781203,0.2090821043363416,0.11659255998239049,0.5144243891701519,-0.10197446621175435,0.046880915694475014,0.12713845476557342,-0.02282852740479859,0.09022232005282853,0.21191943649570769,-0.15575830948712305,,-0.3501386748844376,-0.2725709883337002,0.12461149020471055,-0.13291217257318952,0.07837772397094431,0.045978428351309705,0.25050407219898746,0.04933524103015628,0.2830178296279991,0.08489544353951134,0.25916574950473253,0.20990975126568348,0.06665419326436275,0.22527624917455427,0.11896103896103896,-0.18642967202289237,0.21628659476117104,-0.003277569887739379,-0.24444640105657056,0.27480519480519483,0.03635923398635263,0.2887673343605547,0.417838432753687,0.14075280651551839,0.07165969623596742,0.34033237948492184,0.15022011886418665,0.0838696896324015,0.4140942108738719,0.3120140876073079,-0.31363416244772174,0.08511116002641426,-0.1999735857362976,-0.01883777239709443,-0.11221879815100154,-0.021637684349548755,0.256913933524103,-0.10898084965881576,-0.25572749284613694,-0.06503411842394893,,0.1341074180057231,-0.0015980629539951573,-0.30734756768655075,-0.19289896544133833,-0.11190182698657275,,-0.285841954655514,0.005738498789346247,0.1546665199207572,-0.07816200748404138,-0.2440347787805415,-0.14697116442879155,0.38305524983491085,0.3310631741140216,0.3270151882016289,0.027563284173453665,0.46240149680827647,0.3569755668060753,0.21475236627779,0.042099933964340745,0.346286594761171,0.10688972044904248,0.22843055249834912,0.08685450143077261,-0.019348448162007485,0.07534448602245213,0.10686330618534008,0.322359674224081
#52,0.2736033458067356,0.0035064935064935067,0.41107638124587276,0.21285934404578472,0.06149900946511116,0.11185340083645168,0.3039159145938807,0.06531587057010786,0.17376183138895004,0.3828967642526965,1.0,0.14795949812898965,0.05490865067136254,0.2621769755668061,-0.09521901826986573,-0.27279991195245434,0.4973827867048206,0.15594320933303984,-0.29515298261060974,-0.3342989214175655,-0.1036847897864847,-0.24301562843935726,0.1448646268985252,0.00023992956196346028,0.05504732555580013,-0.17248073959938368,0.15141096191943648,-0.05546555139775479,0.0714769975786925,-0.26081884217477436,0.18465771516618973,0.057186880915694474,0.21037200088047545,0.25741360334580676,-0.03284393572529166,-0.09531807175874972,0.2538366718027735,-0.04920316971164429,0.21285714285714286,0.06158485582214396,-0.0637574290116663,,-0.057151661897424606,-0.24463350209112922,0.1522077922077922,-0.1829143737618314,-0.05994276909531147,-0.09782082324455206,0.12190402817521462,0.07128109178956636,0.014547655734096412,0.0436649790887079,0.2697270526084085,0.17940567906669602,0.30290336781862204,0.13044464010565707,0.18322033898305085,-0.06480079242791108,0.18223640766013646,0.18330398415144178,-0.3141404358353511,0.17079903147699757,-0.1334074400176095,0.08814880035219018,-0.13693814659916353,-0.22308826766453885,0.1097226502311248,0.1363416244772177,-0.037895663658375524,-0.12906229363856483,0.1335791327316751,0.06782302443319392,-0.2569073299581774,0.011184239489324234,-0.10180717587497248,0.04483821263482281,-0.18917895663658377,-0.0187739379264803,0.1808958837772397,-0.190891481399956,0.07013647369579573,-0.06154963680387409,,-0.02923398635263042,-0.14933524103015627,-0.13337662337662337,-0.17417125247633722,-0.2095509575170592,,0.046431873211534226,0.1744970283953335,0.09720008804754568,-0.02639225181598063,-0.08048866387849439,-0.0789456306405459,0.28940788025533787,-0.06375963020030817,0.23039181157825225,0.1933017829627999,0.22184679727052609,0.17976007043803655,0.37269865727492846,0.07321593660576711,0.3776931543033238,0.08214615892581995,0.1266585956416465,0.14077922077922078,-0.15491525423728814,0.2286286594761171,-0.10601584855822144,0.0523794849218578
#53,0.4102839533348008,-0.07100814439797491,-0.1502179176755448,-0.07201848998459168,0.18047105436935945,0.0736253576931543,-0.2754479418886199,0.2524323134492626,-0.039181157825225625,-0.244884437596302,0.14795949812898965,1.0,-0.03264142637023993,-0.1394012766894123,0.0413845476557341,0.202821923838873,-0.19720228923618754,-0.27955535989434294,-0.06058331499009465,0.02990975126568347,0.07828527404798591,0.20122165969623595,0.09327536869909751,-0.0950363196125908,0.2108122386088488,0.16947391591459388,-0.3344618093770636,-0.17371560642747083,-0.002846136913933524,0.0003609949372661237,0.05348448162007484,0.016993176315210214,0.004655513977547876,-0.01946951353731015,-0.0386088487783403,0.09949592780101255,0.06985912392692054,0.028302883557120847,0.009757869249394674,-0.0026634382566585956,0.05750385208012326,,0.19833590138674884,0.35563944530046226,0.11450803433854281,0.15894783182918776,0.04567246313009025,0.13209333039841514,-0.2867092229804094,-0.2057362976007044,-0.12312788906009245,-0.30657054809597184,-0.08177635923398635,-0.29801232665639443,-0.172458727712965,-0.08740039621395554,-0.16668280871670701,0.09050187101034558,-0.2672287034998899,-0.05982610609729254,0.11487783403037641,-0.17577812018489986,0.13796610169491524,-0.11487783403037641,-0.23696896324014968,-0.10122165969623596,-0.011408760730794628,-0.20941668500990535,-0.12843275368699097,-0.04668280871670702,-0.36039401276689415,-0.23879815100154084,0.01955315870570108,-0.2041866607968303,0.05767554479418886,-0.12130090248734317,0.02280871670702179,-0.08145938806955756,0.004807395993836672,0.22221219458507593,0.4717191283292978,0.3398745322474136,,0.24900946511116004,0.3112084525643848,0.14387189082104337,0.19309927360774817,0.10221879815100154,,0.4363988553819062,0.13763152102135154,0.10957076821483601,0.009506933744221879,0.1211798371120405,0.07728153202729474,-0.12963240149680827,-0.02136913933524103,0.047413603345806736,0.19260180497468632,-0.0726040061633282,-0.2428615452344266,0.008296279991195246,-0.20519700638344707,0.0027140655954215275,0.11414924058991856,0.05198327096632181,0.01023992956196346,0.022879154743561524,-0.137904468412943,-0.1902443319392472,-0.2837508254457407
#54,0.0811798371120405,0.32251375742901167,-0.11444419986792868,0.12693814659916355,-0.06503852080123267,0.2166057671142417,0.22548976447281532,-0.19266123706801672,0.16208892802113142,0.227079022672243,0.05490865067136254,-0.03264142637023993,1.0,0.23321593660576712,0.0188003521901827,-0.02201628879594981,-0.06479639005062734,0.1389654413383227,0.08167070217917675,0.02914373761831389,-0.05197446621175435,-0.12390710983931323,-0.06609509134932864,0.051763152102135154,-0.028219238388729913,-0.03686990975126568,-0.12743121285494166,0.02441338322694255,0.11819282412502752,0.4131322914373762,0.07091349328637464,0.1160312568787145,-0.030611930442438918,0.09434294519040282,-0.09332599603786045,0.16749724851419767,0.11114461809377063,0.21071538630860664,-0.023138895003301782,-0.050257539071098395,-0.009348448162007484,,-0.08587277129650012,0.1776469293418446,-0.037827426810477655,0.020666960158485584,-0.06526524323134493,0.03424829407880255,0.12924719348448163,0.054065595421527626,0.15120184899845918,-0.022733876293198327,0.04950913493286375,-0.11905128769535549,-0.20505833149900946,-0.012645828747523662,-0.1968567026194145,-0.14587057010785826,-0.029678626458287474,-0.08657054809597182,0.1584503631961259,-0.02647809817301343,0.12768214836011446,0.15673783843275368,0.15416024653312788,0.09804534448602245,0.2555403918115782,0.23093110279550957,0.1288994056790667,0.10963240149680828,0.04980189302223201,0.1442196786264583,-0.14881576051067577,-0.1289060092449923,-0.18519920757208894,-0.22677966101694916,-0.0800462249614792,-0.11664979088707902,0.15194364957076822,0.14955976227162668,-0.11284833810257539,0.08808936825885978,,0.23913493286374643,0.16718467972705262,0.1345146379044684,0.11303103675985032,0.0011644287915474356,,-0.17228483381025753,-0.12435395113361215,-0.07479198767334361,-0.10622496147919877,0.15130090248734315,0.12389390270746203,0.060167290336781865,0.19282852740479858,-0.13610389610389612,-0.018602245212414704,0.0723992956196346,0.09032137354171252,0.05333480079242791,-0.058553819062293636,-0.07480079242791107,0.12654853620955317,0.0811798371120405,0.05177635923398635,0.055767114241690514,-0.29113801452784505,0.13767554479418886,0.1022870349988994
#58,-0.1111270085846357,0.2697600704380365,0.08329738058551618,0.20172793308386527,-0.2307638124587277,0.04078142196786264,0.543548316090689,-0.15565045124367158,0.3064979088707902,0.433497688751926,0.2621769755668061,-0.1394012766894123,0.23321593660576712,1.0,0.1519238388729914,-0.20861104996698218,0.27872991415364295,0.0461831388950033,0.07536869909751266,-0.10649130530486463,0.06351970063834471,-0.31710983931322917,-0.16913933524103017,-0.1588729914153643,-0.07579572969403478,-0.3232621615672463,0.03397974906449483,-0.06751705921197447,0.0021593660576711424,-0.032553378824565264,-0.0699801893022232,0.22437156064274708,0.19955535989434295,0.22923618754127228,-0.06982830728593441,-0.027662337662337663,0.052905569007263925,0.16633722209993396,0.146847897864847,-0.11679066696015848,-0.08726172132951794,,-0.29974466211754347,-0.1502443319392472,-0.033363416244772175,-0.29407660136473696,0.0934866828087167,0.003935725291657495,0.24488003521901827,0.13008364516839094,0.2774290116662998,0.22016288795949812,0.2942064714946071,-0.051146819282412506,0.11096412062513758,0.00585956416464891,0.21100374202069117,-0.018166409861325117,0.2500462249614792,-0.0859982390490865,-0.1266519920757209,0.30467092229804094,0.46721329517939686,0.6887563284173454,0.03752366277790006,0.05215716486902928,0.42516618974246095,0.5409685230024213,0.19625137574290116,0.03454765573409641,0.2668346907329958,0.24872331058771738,-0.14560202509355052,0.10071758749724852,0.10899845916795069,0.16218137794408982,0.06484921857803214,0.043427250715386306,0.46211754347347567,0.003808056350429232,-0.3052454325335681,-0.2789544353951134,,-0.009729253797050407,0.14672022892361875,-0.24914813999559762,-0.14040721989874533,-0.07649130530486463,,-0.30701738939027073,0.006898525203609949,-0.014589478318291878,-0.03097952894563064,-0.2460642747083425,-0.15073959938366718,0.08919656614571869,-0.0337772397094431,0.035826546335020915,-0.0722474136033458,0.39162447721769755,0.2617257318952234,0.07112260620735197,-0.21211314109619195,0.17393792648029935,0.0687541272287035,0.20723530706581553,0.020735197006383446,0.25056570548095974,0.022399295619634604,-0.050314769975786926,0.13981510015408322
#101,-0.15295839753466872,0.3499405679066696,0.02702839533348008,0.09128769535549197,0.08952234206471495,-0.23325775918996258,-0.04238388729914153,0.03535989434294519,0.4283182918776139,-0.041692714065595424,-0.09521901826986573,0.0413845476557341,0.0188003521901827,0.1519238388729914,1.0,0.6110477657935285,-0.09368919216376843,0.10406339423288576,0.5575280651551838,0.24439137134052388,0.18820383006823685,0.09794408980849659,-0.3259255998239049,-0.20550737398195026,0.11381245872771296,-0.1342637023992956,-0.37599603786044467,-0.39729914153642965,0.27668721109399075,0.13173013427250715,-0.1035527184679727,-0.017657935285053928,0.06014747963900506,-0.06540171692714065,0.3015232225401717,0.11796390050627338,0.18741800572309048,0.46083865287255116,-0.01601584855822144,-0.013013427250715387,0.34955976227162666,,0.27549196566145717,0.2361237068016729,-0.36242350869469514,-0.25952014087607306,-0.1917609509134933,-0.10860224521241471,-0.3896896324014968,-0.3578032137354171,-0.14982390490865066,-0.3083116883116883,-0.31970724191063177,-0.17902927580893682,-0.0033480079242791108,0.09623376623376623,-0.29585516178736515,-0.09360114461809377,-0.35325335681267883,-0.46670702179176754,0.009927360774818402,0.009661016949152543,0.46822804314329736,0.2191679506933744,-0.10552938586836892,-0.1386154523442659,0.23590138674884437,-0.014475016508914813,0.7039093110279551,0.534569667620515,0.24993616552938586,0.3171252476337222,0.08594100814439798,-0.10200748404138235,0.3007770195905789,0.12255998239049086,0.0004820603125687871,0.07587497248514198,0.33843495487563285,0.5189412282632622,0.05506493506493507,0.035247633722209994,,-0.008613251155624037,0.13783843275368698,-0.24411622276029055,-0.14979308826766455,0.052441118203830066,,0.005289456306405459,-0.2508716707021792,-0.20974025974025973,-0.43653312788906007,-0.16268765133171914,-0.20420867268324897,-0.14436935945410523,0.37242350869469515,0.052137354171252474,-0.08505392912172573,0.009458507594100815,-0.049304424389170154,-0.16882676645388509,-0.10122386088487784,-0.22831388950033019,-0.0563614351749945,-0.035868368919216374,-0.12421527624917456,0.03012987012987013,-0.06960378604446402,-0.06576931543033238,0.11645168390931103
#102,0.138003521901827,0.09928901606867709,-0.0031719128329297823,0.05197446621175435,0.26627338762931985,-0.046834690732995815,-0.38512656834690734,0.18786044464010565,0.05746423068456967,-0.2725665859564165,-0.27279991195245434,0.202821923838873,-0.02201628879594981,-0.20861104996698218,0.6110477657935285,1.0,-0.3289720449042483,0.1446555139775479,0.4527118644067797,0.5088267664538851,0.09617433414043583,0.5870151882016289,-0.24951573849878936,0.03338762931983271,0.06403037640325776,0.2526040061633282,-0.4362271626678406,-0.08479639005062733,0.1338564825005503,0.2671010345586617,-0.04353731014747964,-0.028232445520581115,-0.02394453004622496,-0.17347787805414924,0.11872551177635923,0.26508474576271185,-0.02164869029275809,0.4305679066696016,-0.1651353731014748,0.03567466431873211,0.38123046445080344,,0.49705480959718246,0.42796830288355714,-0.3569601584855822,0.0901915034118424,-0.007068016729033678,0.24499889940567907,-0.38885538190622937,-0.19879594981289897,0.06625137574290117,-0.2517191283292978,-0.3496632181377944,-0.3160708782742681,-0.2613383226942549,-0.04680387409200969,-0.41109839313229146,0.08953995157384988,-0.5942504952674444,-0.32123046445080344,0.007517059211974466,-0.36935725291657495,0.26463790446841295,-0.07236407660136474,-0.02681267884657715,-0.012053709002861545,0.09073299581774158,-0.25933083865287254,0.4507770195905789,0.5670438036539731,0.027090028615452344,0.2425775918996258,0.05012106537530266,-0.12777459828307286,0.19684569667620516,-0.0286484701738939,-0.07160466651992076,-0.09540171692714065,-0.06440457847237509,0.7107990314769976,0.3217125247633722,0.30783623156504514,,-0.020530486462689852,0.11641646489104117,-0.1787937486242571,-0.26029716046665197,0.15678626458287476,,0.3353202729473916,-0.18194585075941008,-0.25046665199207574,-0.23028395333480078,-0.14050187101034559,-0.2836649790887079,-0.22581774158045345,0.39249614791987675,-0.031569447501650895,0.022839533348007923,-0.15743341404358355,-0.2726634382566586,-0.15577812018489984,-0.02615232225401717,-0.10021571648690293,0.0928351309707242,-0.04013647369579573,-0.21762271626678406,-0.13212414703940129,-0.30793088267664537,-0.3241184239489324,-0.3192427911071979
#201,0.19399735857362976,0.1766585956416465,0.584025974025974,0.5908166409861325,-0.044840413823464674,0.02275148580233326,0.34204270305965223,-0.16200088047545674,0.3118908210433634,0.7011358133392032,0.4973827867048206,-0.19720228923618754,-0.06479639005062734,0.27872991415364295,-0.09368919216376843,-0.3289720449042483,1.0,0.3928153202729474,-0.04972265023112481,-0.1426700418225842,-0.021294298921417567,-0.17039841514417786,0.28464450803433855,0.19591899625797932,0.18125467752586397,-0.014279110719788686,0.47353070658155405,0.13650671362535768,0.06930222320052828,-0.4481818181818182,-0.16772837332159365,0.08639005062733876,0.14644287915474355,0.3424807395993837,0.039612590799031476,-0.14298921417565486,0.33019370460048425,-0.14996037860444641,0.25197446621175434,0.20970504072198987,-0.09912392692053709,,-0.17016508914814,-0.4000308166409861,0.25284173453664976,-0.0710939907550077,0.16941008144397976,-0.034270305965221216,0.23149020471054368,0.08058111380145279,0.13394453004622497,0.12203830068236848,0.18579793088267665,0.4371912832929782,0.3619282412502752,0.32889060092449923,0.24589698437156066,-0.003581333920316971,0.2478362315650451,0.11575610829848118,-0.4663020030816641,0.2183909311027955,-0.13164428791547436,0.20490865067136255,0.3197578692493947,0.06810037420206912,-0.12582214395773716,0.13640986132511557,0.10769975786924939,-0.047376183138895,0.4490578912612811,0.2585031917235307,-0.3460576711424169,0.07035439137134053,-0.18410081443979748,0.051188641866607966,-0.25985692273827865,0.0074598283072859345,0.305610829848118,-0.17745102355271847,-0.09373981950253137,-0.10737398195025313,,0.030563504292317852,-0.29752586396654196,-0.46364076601364734,-0.29185340083645167,0.021974466211754348,,-0.16743121285494167,0.15704160246533128,0.03488003521901827,-0.09462909971384548,-0.2848778340303764,-0.1598151001540832,0.5180783623156504,0.24539511336121506,0.4596434074400176,0.16331939247193483,0.27263922518159805,0.231963460268545,0.36930442438917016,0.07622716266784063,0.2602993616552939,-0.04229143737618314,-0.025252036099493728,-0.016550737398195025,-0.1274554259300022,0.2579308826766454,-0.049975786924939467,0.20707682148360115
#202,0.014019370460048426,0.24482280431432973,0.5817543473475677,0.3728725511776359,0.11545454545454545,0.1262557781201849,-0.0112524763372221,-0.0013911512216596962,0.1184767774598283,0.2767466431873212,0.15594320933303984,-0.27955535989434294,0.1389654413383227,0.0461831388950033,0.10406339423288576,0.1446555139775479,0.3928153202729474,1.0,0.14681267884657714,0.11212194585075941,-0.12812018489984592,0.13007704160246533,0.11181818181818182,0.259075500770416,0.09667840633942329,0.13832489544353951,0.2947589698437156,0.22122165969623597,0.3981003742020691,0.08286154523442658,0.15751045564604887,0.19333259960378604,0.1782720669161347,0.01895443539511336,0.09090909090909091,-0.04914593880695576,0.11420206911732335,-0.04226502311248074,0.16594100814439797,0.20050187101034558,0.12677966101694915,,0.1619436495707682,-0.297012987012987,-0.17797270526084086,-0.11667400396213956,0.029654413383226944,-0.05659035879374862,0.020389610389610388,-0.044041382346467095,0.1632819722650231,0.07837772397094431,0.0912656834690733,0.42,0.1306471494607088,0.32688531807175875,-0.041171032357473034,-0.19146599163548317,-0.06236187541272287,-0.06453664979088708,-0.24054589478318292,-0.037429011666299805,-0.13413603345806735,-0.014437596302003081,0.4104138234646709,0.17298261060972925,0.05357693154303324,-0.06381465991635484,0.3465529385868369,0.29311027955095753,0.5545674664318732,0.4074774378164209,-0.17130750605326878,0.08218798151001541,-0.1795399515738499,-0.05329077701959058,-0.14969843715606426,0.03012987012987013,0.11947391591459389,0.18075280651551837,0.13374202069117325,0.012980409421087387,,-0.1321549636803874,-0.2835659255998239,-0.3798393132291437,-0.38543473475676865,-0.07969183359013868,,-0.07790666960158485,0.01086286594761171,-0.2602223200528285,-0.3278318291877614,-0.2584459608188422,-0.24296059872331058,0.4489522342064715,0.40682588597842834,0.35475896984371563,0.2592758089368259,0.10850539291217258,0.22809156944750164,0.47705701078582435,0.20616773057451024,0.17806955756108298,0.14794849218578032,0.07607528065155184,0.05635042923178516,-0.10434514637904468,0.1136055469953775,-0.16621175434734756,0.01584635703279771
