,#10,#11,#12,#13,#17,#18,#26,#49,#50,#51,#52,#53,#54,#58,#101,#102,#201,#202,#301,#302,#401,#402,#501,#502,#601,#602,#701,#702,#801,#802,#901,#902,#1001,#1002,#1101,#1102,#1201,#1202,#1301,#1302,#1401,#1402,#1501,#1502,#1601,#1602,#1701,#1702,#1801,#1802,#1901,#1902,#2001,#2002,#2101,#2102,#2201,#2202,#2301,#2302,#2401,#2402,#2501,#2502,#2601,#2602,#2701,#2702,#2801,#2802,#2901,#2902,#3001,#3002,#3101,#3102,#3201,#3202,#3301,#3302,#3401,#3402,#3455,#3501,#3502,#3601,#3602,#3701,#3702,#3801,#3802,#3901,#3902,#4001,#4002,#4101,#4102,#4201,#4202,#4301,#4302,#4401,#4402,#4501,#4502,#4601,#4602,#4701,#4702,#4801,#4802
#10,1.0,0.48443759630200306,0.47803874092009685,0.5316883116883117,0.3708188421747744,0.09026634382566585,0.11713845476557341,0.6996764252696456,0.16113141096191944,0.46982390490865067,0.41394453004622495,0.31410301562843934,0.18816420867268324,0.07026194144838213,-0.610642747083425,-0.23020250935505174,0.185049526744442,0.030948712304644507,-0.2087607307946291,-0.017290336781862207,-0.38680387409200967,-0.226682808716707,-0.14368699097512658,0.09709443099273608,-0.17222320052828527,0.29867048206031255,-0.12488443759630201,0.39828967642526963,-0.1773827867048206,0.1888861985472155,-0.13509355051727934,0.16732555580013206,-0.03482500550297161,0.36581113801452786,0.13548536209553158,0.28204270305965223,-0.03277129650011006,0.16113581333920318,-0.02972705260840854,0.2595795729694035,-0.07311248073959939,0.17396434074400177,-0.044675324675324674,0.06278010125467752,0.20892141756548535,0.21524323134492626,0.1638828967642527,0.35532247413603346,0.17103235747303544,0.08697336561743342,-0.008945630640545895,-0.1812260620735197,-0.029922958397534668,-0.1799273607748184,-0.3640281752146159,-0.09725511776359234,-0.37444640105657057,-0.1436847897864847,-0.10025533788245652,-0.08367158265463351,0.1771010345586617,0.1817675544794189,0.22162007484041382,0.006031256878714506,0.31301562843935726,-0.01809377063614352,-0.16248073959938367,-0.15257979308826766,-0.14944970283953335,-0.13091349328637464,-0.08006163328197226,-0.15764913053048646,-0.015267444419986793,0.058421747743781643,-0.13276469293418447,0.016460488663878493,-0.10168611049966982,-0.09716266784063395,-0.24204710543693594,-0.14909971384547654,0.17635923398635264,0.2235593220338983,,0.34157384987893463,0.3801034558661677,0.32518820162887957,-0.005188201628879595,0.21655293858683689,0.1740677966101695,0.2809641206251376,0.2526832489544354,0.24999119524543253,0.28538850979528946,0.043583535108958835,-0.13930442438917015,-0.03316090688972045,0.2541316310807836,0.08016068677085626,0.08156724631300903,0.07567466431873211,0.10035219018269866,-0.035527184679727056,0.035654853620955315,0.18644508034338542,0.05525643847677746,0.05385208012326657,0.050257539071098395,0.06981730134272507,0.10604006163328197,-0.11598943429451904,-0.04976007043803654
#11,0.48443759630200306,1.0,0.4718467972705261,0.3477613911512217,0.02661237068016729,0.020446841294298922,0.413482280431433,0.4095905789126128,0.4602201188641867,0.4382126348228043,0.4630244331939247,-0.000937706361435175,-0.019427690953114682,-0.020202509355051728,-0.34311468192824124,0.07666740039621396,0.3083733215936606,0.2165331278890601,0.07503191723530707,0.13477217697556682,-0.23593440457847237,0.16317411402157164,0.003981950253136694,0.17279110719788685,-0.018155403918115782,0.2967290336781862,-0.08231124807395994,0.14035219018269865,-0.04833590138674884,0.14129429892141757,-0.16295179396874312,0.07267664538850979,-0.10096191943649571,0.01075280651551838,0.12192383887299142,0.16634602685450142,-0.07329517939687431,0.008991855602025093,0.15362976007043805,0.20041822584195465,0.09629319832709664,0.14086726832489543,0.1624785384107418,0.0811468192824125,0.11041382346467092,0.14505833149900946,-0.1680739599383667,-0.04204710543693595,-0.05867268324895444,0.07795729694034778,0.06851639885538191,-0.0837904468412943,0.0029848117983711205,-0.017726172132951794,-0.006702619414483821,0.17940347787805416,-0.2527668941228263,-0.02462689852520361,-0.0021329517939687433,-0.056227162667840634,-0.10812018489984591,-0.10166850099053489,-0.1306449482720669,-0.13728593440457848,0.16065815540391812,-0.18256878714505834,-0.029782082324455207,0.14372220999339644,-0.06290556900726392,-0.07192163768434955,0.0723728813559322,0.06596302003081664,0.07412722870349989,0.056295399515738496,-0.16207131851199646,-0.09948932423508695,-0.22552278230244333,-0.0574488223640766,-0.018835571208452563,0.06452564384767774,-0.03519040281752146,0.015932203389830507,,-0.06969403477878054,0.04244331939247194,0.05469073299581774,-0.29959498128989653,0.1864604886638785,0.026191943649570767,0.15292758089368258,0.107343165309267,-0.02072639225181598,0.1571208452564385,0.06289236187541272,-0.0809090909090909,0.12509795289456307,0.274158045344486,-0.020867268324895445,-0.009236187541272287,0.01979969183359014,0.0666982170372001,-0.038395333480079244,-0.008313889500330178,0.019278010125467752,-0.05850759410081444,-0.23509795289456306,-0.14903367818622057,-0.29124807395993835,-0.009038080563504292,-0.2264670922298041,-0.12927140655954214
#12,0.47803874092009685,0.4718467972705261,1.0,0.4446004842615012,0.04279330838652873,0.07823464670922298,0.40246973365617433,0.2772000880475457,0.18710983931322914,0.4378868589038081,0.29858023332599604,-0.1379506933744222,0.09439577371780762,0.18499889940567907,-0.3803808056350429,-0.16774818401937047,0.7425753907109839,0.6166541932643628,-0.019374862425709884,-0.148300682368479,-0.274224081003742,0.02987012987012987,0.05470614131631081,0.23217257318952234,0.04926260180497469,0.1723002421307506,0.16963020030816642,0.35741360334580674,-0.07714505833149901,-0.03344486022452124,-0.055538190622936384,0.004464010565705481,0.09888399735857363,-0.030310367598503193,0.08508474576271187,-0.010070438036539732,-0.21137574290116662,-0.14659035879374863,-0.23692273827867047,-0.07447721769755668,-0.05579352850539291,-0.06374202069117324,0.015377503852080122,-0.14455205811138014,-0.16583094871230464,-0.009634602685450144,-0.11162447721769755,0.05732555580013207,0.10770416024653313,0.34607528065155185,0.30382566585956416,0.23297380585516178,0.29511336121505616,0.2497512656834691,-0.1317257318952234,0.05547215496368039,-0.44306845696676206,-0.19570548095971824,-0.14854501430772618,-0.20516398855381907,-0.13315870570107857,-0.14521021351529825,-0.26854501430772615,-0.13592780101254678,0.37531587057010785,0.06311688311688311,0.004800792427911072,0.13570107858243452,0.015274047985912392,-0.1590777019590579,0.24423508694695134,0.13837552278230245,-0.046260180497468634,0.0926172132951794,-0.3450077041602465,-0.16251595861765353,-0.3098151001540832,-0.05404578472375082,-0.040779220779220776,0.2207065815540392,-0.20583094871230465,0.06185560202509355,,-0.08951793968743121,-0.11011005943209333,-0.06453664979088708,-0.2735527184679727,0.08541272287034998,-0.06455646048866388,0.015734096412062512,-0.04724851419766674,-0.1412920977327757,0.050435835351089586,-0.061470394012766896,-0.289093110279551,0.5530728593440458,0.29339423288575833,0.45563284173453666,0.29897644728153205,0.28810477657935285,0.38033017829627996,0.29922518159806294,0.34623156504512437,0.517673343605547,0.19119744662117544,0.18775258639665418,-0.08120845256438476,-0.2389324235086947,-0.04420647149460709,-0.12063614351749945,-0.22401716927140655
#13,0.5316883116883117,0.3477613911512217,0.4446004842615012,1.0,0.4154897644728153,0.1982588597842835,0.19626458287475237,0.22292978208232445,-0.10565925599823905,0.7568523002421308,0.38979969183359015,0.33415584415584415,0.45021571648690295,0.1583314990094651,-0.41897424609289013,-0.15172132951793968,0.3116883116883117,-0.04182038300682368,-0.28346907329958176,0.018239049086506715,-0.368630860664759,-0.19190402817521462,-0.14862865947611711,0.03058551617873652,-0.1620096852300242,0.23340303764032577,-0.1779903147699758,0.508961038961039,-0.11636583755227824,0.16758969843715607,-0.19436715826546336,0.16917235307065814,0.10664318732115342,0.3235395113361215,0.35103235747303546,0.17128329297820824,0.11657935285053929,0.24726172132951793,0.1021417565485362,0.3752520360994937,0.14182918776139114,0.18574069997798812,0.06026634382566586,-0.009200968523002421,0.16439577371780761,0.2767268324895443,0.14585736297600704,0.4509685230024213,-0.10440898084965881,0.052016288795949814,0.08597622716266784,-0.015571208452564385,0.06068016729033678,0.007627118644067797,-0.3001496808276469,0.04273167510455646,-0.432359674224081,-0.058817961699317634,0.07622496147919877,0.15030596522121945,-0.08790006603565925,0.05039841514417786,0.20088047545674664,0.08852960598723311,0.11551177635923399,-0.03057671142416905,0.08264802993616553,-0.0651419766674004,-0.20232225401716927,0.13241030156284395,-0.09664979088707902,0.09786264582874753,-0.08082544574069998,0.08291657495047326,-0.19287034998899405,-0.2288994056790667,-0.2463680387409201,-0.2262029495927801,-0.11826546335020911,-0.019872331058771737,0.16745322474136035,0.28255998239049085,,0.38848778340303763,0.330939907550077,-0.050457847237508256,-0.15635263042042702,0.30846577151661897,0.22431432973805857,0.30826766453885096,0.20359454105216818,0.09939687431212856,0.2936979969183359,-0.08076821483601145,-0.10300022011886419,-0.17776139115122166,0.175214615892582,-0.0752080123266564,0.057574290116663,-0.06668941228263262,-0.027928681488003523,-0.10810697776799472,-0.005018710103455866,0.09743121285494166,-0.13165749504732555,0.0638234646709223,-0.08232885758309487,-0.12631741140215716,-0.08629760070438036,-0.0007572088928021132,0.016640986132511557
#17,0.3708188421747744,0.02661237068016729,0.04279330838652873,0.4154897644728153,1.0,0.45504732555580013,-0.028349108518600043,0.14520581113801453,-0.18410301562843936,0.34939027074620294,0.03142857142857143,0.7563394232885758,0.45441558441558444,0.17714065595421527,-0.18345146379044683,-0.24380585516178738,-0.052648029936165526,-0.19709222980409422,-0.27778120184899846,0.08204710543693594,-0.35345146379044684,-0.342392692053709,-0.3574686330618534,-0.14620735197006385,-0.17265903587937487,0.2992537970504072,-0.3207307946290997,0.13405679066696016,0.26012106537530266,0.5112348668280872,-0.038188421747743784,0.3670261941448382,0.22142196786264584,0.5689808496588158,0.4888994056790667,0.492458727712965,0.44939687431212855,0.4955910191503412,0.39458287475236625,0.37114461809377064,0.327706361435175,0.45827426810477656,0.351699317631521,0.33854941668500993,0.10282412502751485,0.23630640545894782,0.1462293638564825,0.3225797930882677,0.028089368258859784,-0.10233105877173673,0.034948272066916135,-0.2385626238168611,-0.0897754787585296,-0.3228109178956637,-0.15226502311248075,-0.0724851419766674,-0.11138234646709223,0.05110499669821704,-0.0200528285274048,0.047081223860884876,-0.17212634822804315,0.03968302883557121,0.4739093110279551,0.32760950913493286,-0.0450693374422188,-0.11055910191503412,0.13391371340523883,-0.08221439577371781,-0.10926700418225842,0.21277790006603567,-0.32946290997138455,0.11554699537750385,-0.09017389390270746,0.07071098393132291,-0.008269865727492847,-0.10690072639225182,-0.22448602245212415,-0.31216376843495486,-0.09425269645608629,-0.07448602245212414,0.5332071318511996,0.6270592119744662,,0.5544177856042263,0.6192185780321373,0.03360774818401937,-0.044186660796830285,0.47526964560862867,0.544719348448162,0.48254677525863965,0.6123640766013647,0.4417587497248514,0.4128791547435615,-0.22344926260180498,-0.01705921197446621,-0.4395795729694035,0.24882456526524324,-0.32257318952234204,-0.19448602245212415,-0.06308166409861325,-0.24261501210653752,-0.14902927580893682,0.07936605767114242,-0.005434734756768655,-0.016308606647589697,0.09828307285934404,0.15930442438917014,-0.16343605546995377,-0.04369579572969404,-0.23123046445080345,-0.14185340083645168
#18,0.09026634382566585,0.020446841294298922,0.07823464670922298,0.1982588597842835,0.45504732555580013,1.0,0.21704380365397313,0.036539731454985694,-0.07895003301782963,0.30405899185560203,-0.07567246313009025,0.5168853180717587,0.5004380365397314,0.31123046445080343,0.020750605326876514,-0.23256218357913272,-0.0037244111820383006,-0.03612810917895664,-0.22630640545894784,-0.24919216376843495,-0.1787475236627779,-0.3760752806515518,-0.10708562623816861,-0.1882940788025534,0.15022672243011226,0.15185119964780983,-0.17362095531587057,0.06885758309487124,0.3698547215496368,0.4262227602905569,0.24977767994717148,0.44493506493506496,0.22762271626678407,0.4318908210433634,0.34563944530046226,0.3339621395553599,0.4449856922738279,0.30572309046885315,0.306601364736958,0.20625797930882678,0.3564935064935065,0.19953334800792427,0.23779881135813338,0.09762491745542592,0.054917455425930004,-0.008115782522562183,0.27515958617653535,0.2812854941668501,-0.02977767994717147,-0.24381906229363856,-0.12720228923618754,-0.249867928681488,-0.11649570768214836,-0.24293198327096632,-0.140726392251816,-0.18145278450363195,-0.07995817741580453,-0.2351948051948052,-0.1834668721109399,-0.2575038520801233,-0.10134272507153863,0.02841734536649791,0.32406999779881135,0.25882236407660136,-0.09736517719568567,-0.16980409421087386,0.36830508474576273,0.09968082764692934,-0.15521241470394012,-0.046828087167070216,-0.33737838432753686,-0.09893242350869469,0.04961919436495708,-0.05533568126788466,0.14202729473915915,-0.009275808936825886,0.06543473475676866,-0.10210873871890822,0.09740479859123927,-0.01794849218578032,0.2670438036539731,0.3887739379264803,,0.2710301562843936,0.4051529826106097,0.07061633281972265,0.13051067576491304,0.26884877834030374,0.29875632841734534,0.21428351309707241,0.30340964120625136,0.3384943869689632,0.21943209333039843,-0.36166409861325116,-0.28343605546995376,-0.3240061633281972,-0.014719348448162008,-0.2827426810477658,-0.08569227382786705,0.1237970504072199,-0.06710543693594541,0.23572309046885317,0.3558221439577372,-0.11496588157605107,-0.07814439797490645,-0.052786704820603124,0.21629980189302223,-0.15562183579132732,-0.12349548756328417,-0.02054589478318292,-0.09964560862865948
#26,0.11713845476557341,0.413482280431433,0.40246973365617433,0.19626458287475237,-0.028349108518600043,0.21704380365397313,1.0,0.1639621395553599,0.2503653973145499,0.43194585075941005,0.21293858683689193,0.07645168390931102,0.19139555359894342,0.6360246533127889,-0.1869359454105217,-0.3587475236627779,0.28706361435174993,0.07688531807175875,-0.2545740699977988,-0.07348888399735858,0.06757869249394673,-0.13123706801672905,-0.2109949372661237,-0.2969601584855822,0.008958837772397095,-0.21767774598283074,-0.10114902047105437,0.00020471054369359455,0.0005216817081223861,0.00238168611049967,0.08602245212414704,0.16276249174554258,0.20220999339643408,0.04835351089588378,0.05741800572309047,0.17544794188861987,0.16739819502531367,0.14166409861325116,0.08337001981069778,-0.11679947171472595,0.2664560862865948,0.2479572969403478,0.11183799251595862,0.20760510675764912,-0.026486902927580894,-0.10522782302443319,-0.07587277129650011,0.07349548756328417,-0.02989654413383227,0.13336561743341405,0.03600044023772837,0.11342504952674444,0.11288575830948712,0.10188861985472154,-0.09158045344486022,-0.1201584855822144,-0.24004182258419546,-0.16264582874752367,-0.1521373541712525,-0.28296720228923616,0.16507373981950252,0.11922738278670482,-0.04638784943869689,0.35987233105877175,-0.20918776139115122,-0.3575918996257979,0.5722474136033459,0.6497138454765573,0.07378164208672683,-0.11083425049526745,0.1379506933744222,0.13198106977767995,0.09757649130530487,0.14865287255117762,0.19171032357473036,0.07353951133612151,-0.005641646489104116,-0.07373321593660577,0.2733414043583535,0.1411600264142637,-0.09420867268324895,0.008128989654413383,,0.03165309267004182,0.10977107638124588,0.16108298481179836,-0.006161127008584635,0.21347787805414925,0.0702839533348008,0.009178956636583755,0.05738498789346247,-0.07904908650671362,-0.09759189962579794,-0.21247633722209994,-0.38960158485582214,0.003312788906009245,-0.30804534448602244,0.0349372661237068,-0.01926040061633282,0.13155183799251596,0.15570768214836012,0.08470394012766894,0.21837552278230243,0.10533788245652652,0.16244772176975567,0.02524983491085186,0.11829848117983711,0.006108298481179837,0.017911071978868588,-0.10823244552058112,-0.3609553158705701
#49,0.6996764252696456,0.4095905789126128,0.2772000880475457,0.22292978208232445,0.14520581113801453,0.036539731454985694,0.1639621395553599,1.0,0.3881421967862646,0.3029650011005943,0.42868368919216376,0.2547215496368039,0.29780761611270085,0.2197424609289016,-0.5511556240369799,-0.21674224081003743,0.08963020030816642,0.02769535549196566,-0.09664538850979529,-0.10061413163108078,-0.22364076601364738,-0.23524323134492625,-0.044794188861985475,0.06879154743561523,-0.02601584855822144,0.09637684349548756,-0.1614571868809157,0.17451904028175214,-0.1923068456966762,0.06509355051727933,-0.03543693594541052,-0.006112700858463571,0.02710103455866168,0.10207131851199648,0.024083204930662558,0.031175434734756768,-0.05425049526744442,-0.024807395993836672,-0.05834910851860004,0.05919436495707682,-0.22061633281972265,-0.04202949592780101,-0.17670041822584195,-0.13173013427250715,0.19180717587497248,0.19852740479859124,0.23531807175874972,0.2747171472595201,-0.06502531366938147,0.051860004402377285,0.0112524763372221,-0.034637904468412944,-0.021886418666079682,-0.23342945190402817,-0.4133061853400836,-0.3025687871450583,-0.2834294519040282,-0.2595795729694035,-0.16567026194144838,-0.1918908210433634,0.30980629539951576,0.17091349328637465,0.3192559982390491,0.12067356372441118,0.19796169931763152,-0.09693814659916355,-0.05241470394012767,-0.07069557561082984,-0.0638895003301783,-0.1963350209112921,0.015591019150341185,-0.2570680167290337,0.26314109619194365,0.15282412502751486,0.07767774598283073,0.08336781862205592,0.09483381025753908,0.02646929341844596,-0.1136451683909311,-0.20554919656614573,0.02269205370900286,0.01764472815320273,,0.334224081003742,0.30994937266123707,0.5277415804534449,0.001694915254237288,0.05524103015628439,0.012634822804314329,0.084686330618534,0.04634602685450143,0.16660136473695797,0.06994276909531147,-0.0012150561303103677,-0.26578032137354174,-0.06188421747743782,0.06850759410081445,0.19405899185560202,0.23583094871230464,0.1165727492846137,0.1755183799251596,0.04382126348228043,0.08820162887959498,0.15917455425930002,0.16211093990755007,0.14454765573409642,0.10655513977547876,0.06194585075941008,0.09804974686330618,-0.12148139995597623,-0.14512656834690732
#50,0.16113141096191944,0.4602201188641867,0.18710983931322914,-0.10565925599823905,-0.18410301562843936,-0.07895003301782963,0.2503653973145499,0.3881421967862646,1.0,0.036874312128549414,0.2774466211754347,-0.06410741800572309,0.04544574069997799,0.19996257979308826,0.04466431873211534,0.03797490644948272,0.14466872110939907,0.20894783182918777,0.2970283953334801,0.18721989874532247,0.19947391591459387,0.21025313669381465,0.19257539071098392,0.13347347567686552,0.3228307285934405,0.1012128549416685,-0.02082984811798371,-0.009445300462249616,-0.07997578692493947,-0.03648250055029716,0.03998239049086507,-0.07509355051727933,-0.1359652212194585,-0.1618137794408981,-0.08923618754127229,0.024798591239269207,-0.24161347127448823,-0.027924279110719787,0.013332599603786044,-0.0236913933524103,-0.017440017609509136,-0.0488994056790667,0.00027074620294959277,-0.0426040061633282,0.05740039621395553,-0.04074840413823465,-0.07792648029936165,-0.030017609509134933,-0.19646929341844596,0.0910411622276029,-0.031111600264142638,0.003863086066475897,-0.03400176095091349,-0.15078802553378826,0.02712524763372221,0.03532907770195906,-0.18600704380365396,-0.029011666299801894,-0.3578582434514638,-0.3861611270085846,-0.0008320493066255779,-0.037004182258419546,-0.08851199647809817,0.001071978868589038,-0.06130750605326876,0.010200308166409862,-0.0032643627558881796,0.062656834690733,0.4157803213735417,0.045064935064935065,0.1335923398635263,0.06203609949372661,0.14498569227382788,0.1133546114902047,0.09897424609289016,0.018289676425269647,0.03561082984811798,-0.04666299801893022,0.1547391591459388,0.19295399515738498,-0.1725313669381466,-0.12226502311248073,,-0.16399075500770416,-0.04770416024653313,-0.023466872110939906,-0.24775038520801232,-0.04329958177415805,-0.03666299801893022,-0.021104996698217037,-0.09834470614131631,-0.10092449922958398,-0.08230464450803433,-0.22159806295399515,-0.28077701959057894,0.1489588377723971,0.15742460928901608,0.09747743781642086,0.12283953334800793,0.05051727933083865,0.10225181598062955,-0.024461809377063614,0.0036121505613031036,0.038406339423288575,0.10162667840633942,-0.11416905128769536,-0.07821703720008805,-0.034780981730134275,0.1298481179837112,-0.2985384107418006,-0.29634382566585954
#51,0.46982390490865067,0.4382126348228043,0.4378868589038081,0.7568523002421308,0.34939027074620294,0.30405899185560203,0.43194585075941005,0.3029650011005943,0.036874312128549414,1.0,0.49587057010785823,0.39450143077261723,0.5489126128109179,0.3007528065155184,-0.27946290997138457,-0.31566585956416465,0.45126788465771517,-0.031060972925379706,-0.22363636363636363,-0.14661016949152542,-0.24001100594320934,-0.34944530046224964,0.019821703720008806,-0.13574290116663,0.04067136253576931,0.07846357032797711,0.05137574290116663,0.39397094430992735,-0.024479418886198548,0.11240810037420207,-0.11637023992956197,0.2167224301122606,0.12294739159145938,0.19871230464450804,0.2406867708562624,0.14621395553598943,0.1349240589918556,0.13516618974246092,0.23464670922298042,0.20376843495487562,0.12904908650671362,0.20668280871670702,0.04234206471494607,-0.017462029495927803,0.09600924499229584,-0.008040942108738718,0.10525643847677746,0.2597292537970504,-0.11323794849218578,-0.017034998899405678,-0.02591239269205371,-0.07832709663218138,0.07767774598283073,0.01822143957737178,-0.17368258859784283,0.020389610389610388,-0.2883447061413163,-0.2610015408320493,0.042003081664098614,-0.0287541272287035,-0.012795509575170592,0.09155844155844156,0.15897644728153204,0.10099273607748184,0.059088707902267223,-0.06503411842394893,0.1250231124807396,0.04092229804094211,-0.21438696896324014,-0.09221219458507594,-0.021510015408320492,-0.07428791547435615,-0.004162447721769756,0.06832489544353951,-0.1348712304644508,-0.21701959057891262,-0.10906889720449042,-0.13676205150781423,0.048179616993176314,-0.058443759630200307,0.20576051067576492,0.21889720449042482,,0.48620515078142196,0.33711644287915477,-0.008994056790666961,-0.11555800132071319,0.23794629099713846,0.15703720008804756,0.17722209993396434,0.12939027074620296,0.04956416464891041,0.06840193704600485,-0.09517499449702839,-0.23910851860004403,-0.1682874752366278,0.010244331939247193,-0.05204270305965221,0.04365397314549857,-0.05854501430772617,-0.043099273607748186,0.06095091349328637,0.15793968743121287,0.008582434514637905,-0.0560510675764913,0.01410741800572309,-0.028051948051948054,-0.06806735637244112,0.012190182698657275,0.1706647589698437,0.11305745102355272
#52,0.41394453004622495,0.4630244331939247,0.29858023332599604,0.38979969183359015,0.03142857142857143,-0.07567246313009025,0.21293858683689193,0.42868368919216376,0.2774466211754347,0.49587057010785823,1.0,0.01869689632401497,0.22867488443759632,0.04639225181598063,-0.165808936825886,-0.029178956636583757,0.162128549416685,0.08784063394232886,0.0035130970724191065,0.059282412502751486,-0.009421087387189083,-0.02128989654413383,0.061736737838432754,0.03659476117103236,0.11194144838212634,0.1281135813339203,-0.06699097512656835,0.11385428131190843,-0.25440677966101694,-0.14295619634602685,-0.1552652432313449,-0.03688091569447502,-0.016158925819942768,-0.020301562843935726,-0.0375016508914814,0.013185119964780981,-0.18060092449922957,0.03890160686770856,0.03849658815760511,0.127706361435175,-0.192722870349989,0.05082324455205811,-0.10368258859784284,-0.10884877834030376,-0.07411842394893242,0.03207792207792208,-0.1832819722650231,-0.05366718027734977,-0.20044464010565705,0.01342725071538631,-0.03516839093110279,-0.030497468633061853,-0.02966321813779441,0.06668060752806515,-0.1421483601144618,0.11208452564384767,-0.031679506933744224,0.06748624257098833,-0.22790887079022673,-0.15266123706801674,0.06795729694034779,-0.00447721769755668,-0.0027382786704820603,-0.11423288575830949,-0.0836583755227823,-0.008571428571428572,-0.03501430772617213,-0.020755007704160246,0.13766894122826326,-0.022377283733215937,0.13785604226282192,-0.11067796610169492,0.24744441998679287,0.07707682148360115,0.10633061853400837,0.03335241030156284,0.05082984811798371,0.07333259960378605,-0.0398745322474136,-0.07387409200968523,0.0312987012987013,-0.048925819942769094,,0.14759189962579794,0.0639291217257319,-0.030873871890821043,-0.1808122386088488,-0.07462909971384547,0.017490644948272068,-0.015659255998239047,-0.09058331499009466,-0.09769975786924939,0.0038872991415364296,-0.13635042923178517,-0.25822143957737176,0.13001760950913493,0.12302883557120846,-0.017550077041602465,-0.04619414483821264,-0.1151683909311028,-0.05177856042262822,-0.11894342945190403,-0.016313009024873433,0.11819502531366938,-0.061344926260180496,0.0062491745542593,-0.19832049306625577,-0.11759630200308166,0.031223860884877833,-0.0671648690292758,-0.1327096632181378
#53,0.31410301562843934,-0.000937706361435175,-0.1379506933744222,0.33415584415584415,0.7563394232885758,0.5168853180717587,0.07645168390931102,0.2547215496368039,-0.06410741800572309,0.39450143077261723,0.01869689632401497,1.0,0.5572529165749505,0.34549416685009904,-0.14595421527624916,-0.3026810477657935,-0.21799691833590137,-0.4359322033898305,-0.39136033458067354,0.0512062513757429,-0.17661016949152541,-0.4099273607748184,-0.2298943429451904,-0.1514175654853621,-0.03822804314329738,0.2250759410081444,-0.27328417345366496,0.15473035439137134,0.25817741580453446,0.4373607748184019,0.059502531366938144,0.3004116222760291,0.18109619194364956,0.5877613911512216,0.3771758749724851,0.38550737398195023,0.5022870349988994,0.4684393572529166,0.49623816861104997,0.4362689852520361,0.35075500770416024,0.3963614351749945,0.2656350429231785,0.268877393792648,0.4572000880475457,0.3304138234646709,0.3096588157605107,0.3613383226942549,-0.07290997138454766,-0.235148580233326,-0.09806735637244111,-0.30435395113361213,-0.09848338102575391,-0.36534888839973584,-0.1565265243231345,-0.25362315650451245,-0.14930442438917016,-0.04138895003301783,-0.012183579132731675,0.0486616773057451,-0.0078120184899845915,0.17507373981950253,0.6774620294959278,0.47574510235527184,-0.1557340964120625,-0.2006977767994717,0.3362359674224081,-0.022320052828527406,-0.16661016949152543,0.1655051727933084,-0.4698877393792648,-0.23413603345806736,-0.15669381465991636,-0.0386616773057451,0.09054589478318292,-0.12982390490865067,-0.09880475456746643,-0.4194783182918776,0.11370019810697776,-0.06921417565485362,0.5953312788906009,0.558895003301783,,0.7305458947831829,0.8125709883337002,0.18085186000440237,0.045714285714285714,0.46439357252916574,0.5038850979528946,0.5890336781862205,0.5949724851419766,0.6344794188861985,0.4314549856922738,-0.3076601364736958,-0.06788025533788246,-0.6702619414483821,0.09052168170812239,-0.479141536429672,-0.22132731675104556,-0.19432093330398414,-0.332689852520361,-0.1735923398635263,-0.005921197446621175,-0.19357032797710763,-0.1123068456966762,-0.03208452564384768,0.2692229804094211,0.003625357693154303,0.012788906009244993,-0.21414483821263483,-0.16858023332599603
#54,0.18816420867268324,-0.019427690953114682,0.09439577371780762,0.45021571648690295,0.45441558441558444,0.5004380365397314,0.19139555359894342,0.29780761611270085,0.04544574069997799,0.5489126128109179,0.22867488443759632,0.5572529165749505,1.0,0.4830706581554039,-0.16112480739599383,-0.26824125027514856,0.1368963240149681,-0.08986572749284613,-0.19050407219898746,-0.2593858683689192,-0.23847677745982832,-0.4809751265683469,-0.034362755888179615,-0.06028395333480079,0.17429672022892362,0.05548316090688972,-0.10440017609509135,0.2002575390710984,0.1188729914153643,0.14170151882016288,0.026130310367598504,0.11939687431212855,0.18604006163328196,0.14953114681928242,0.3783557120845256,0.0929407880255338,0.24955535989434294,0.09826326216156725,0.24406999779881136,0.16627118644067795,0.08051948051948052,0.05561303103675985,0.04022452124147039,-0.12924719348448163,0.24931102795509574,0.08823244552058111,0.24907550077041601,0.3388972044904248,-0.2435263042042703,-0.11475676865507374,0.0076227162667840635,-0.017488443759630202,0.018230244331939247,-0.0362623816861105,-0.18448162007484042,-0.1836319612590799,-0.15879815100154082,-0.23412062513757428,-0.11478318291877614,-0.04229804094210874,-0.0017059211974466211,-0.026834690732995818,0.348234646709223,0.2729165749504733,-0.09326876513317191,-0.04650891481399956,0.20776579352850538,-0.013598943429451903,-0.12240149680827647,-0.006407660136473696,-0.1184899845916795,-0.10053048646268985,0.09418886198547216,0.15184459608188422,0.09236847897864847,-0.07434734756768654,-0.008930222320052828,-0.10498789346246973,0.12153863086066476,-0.07228923618754127,0.3160290556900726,0.36245652652432314,,0.5425093550517279,0.4409090909090909,0.04205811138014528,-0.07320272947391591,0.11485582214395773,0.1769491525423729,0.26821263482280433,0.20520581113801453,0.369801893022232,0.287937486242571,-0.38237728373321594,-0.3301584855822144,-0.2574884437596302,-0.020838652872551176,-0.16839533348007923,0.03314329738058552,0.09077922077922078,-0.08251375742901167,0.1253246753246753,0.17931543033237948,-0.08047765793528505,-0.15761611270085846,0.041107197886858904,-0.0039467312348668284,-0.08178296279991196,-0.11501430772617213,-0.14803874092009686,-0.13830728593440458
#58,0.07026194144838213,-0.020202509355051728,0.18499889940567907,0.1583314990094651,0.17714065595421527,0.31123046445080343,0.6360246533127889,0.2197424609289016,0.19996257979308826,0.3007528065155184,0.04639225181598063,0.34549416685009904,0.4830706581554039,1.0,-0.131633281972265,-0.5134426590358794,0.05819282412502751,-0.175016508914814,-0.2853378824565265,-0.09305304864626898,0.17300022011886418,-0.31302223200528284,-0.1985626238168611,-0.3746070878274268,0.10938806955756109,-0.1499471714725952,-0.19784723750825445,0.06593000220118864,0.05827867048206031,0.0975610829848118,0.11116662998018931,0.13999119524543252,0.30082104336341625,0.2446599163548316,0.11427030596522122,0.1836055469953775,0.25333920316971165,0.2650363196125908,0.14166629980189302,-0.06465771516618975,0.2525269645608629,0.24633942328857583,0.07525863966541933,0.1545608628659476,0.09420427030596522,-0.06047325555800132,0.09698217037200088,0.2146401056570548,-0.13639885538190624,0.05622496147919877,-0.03423288575830949,0.016511116002641428,0.06078362315650451,-0.13269865727492847,-0.14630640545894782,-0.35096632181377946,-0.09951573849878935,-0.13260620735197007,-0.24976887519260402,-0.28886198547215497,0.20252256218357914,0.18252696456086287,0.2955183799251596,0.5394144838212634,-0.32236407660136474,-0.1644816200748404,0.5763658375522782,0.42433854281311906,0.17441998679286816,0.05069777679947172,-0.0824389170151882,-0.0488994056790667,0.052049306625577815,0.16260840854061193,0.3628571428571429,0.1413845476557341,0.13244992295839753,-0.1562227602905569,0.26625137574290114,0.03498569227382787,0.11916795069337442,0.20268545014307726,,0.3267774598283073,0.3404006163328197,0.1730464450803434,0.06091569447501651,0.19107858243451464,0.21301562843935726,0.10304204270305965,0.13739159145938806,0.15478758529605988,-0.0019194364957076822,-0.423383226942549,-0.3879352850539291,-0.21832929782082325,-0.24653092670041823,-0.1027756988773938,-0.04916354831609069,0.07064714946070878,0.03741140215716487,-0.06188201628879595,0.1653731014747964,-0.028989654413383227,0.12970504072198988,0.11665639445300462,0.2571384547655734,0.14540832049306626,0.12193264362755889,-0.20105216817081223,-0.35690512876953556
#101,-0.610642747083425,-0.34311468192824124,-0.3803808056350429,-0.41897424609289013,-0.18345146379044683,0.020750605326876514,-0.1869359454105217,-0.5511556240369799,0.04466431873211534,-0.27946290997138457,-0.165808936825886,-0.14595421527624916,-0.16112480739599383,-0.131633281972265,1.0,0.23646709222980408,-0.026836891921637684,0.021179837112040502,0.3418798151001541,-0.04424609289016069,0.42618534008364517,0.11117103235747304,0.24800572309046887,-0.12320493066255778,0.28714725952014086,-0.16246313009024874,0.11317411402157165,-0.44356152322254017,0.2234338542813119,-0.12948492185780322,0.10936165529385869,-0.04981950253136694,-0.0513713405238829,-0.19947831829187762,-0.2061038961038961,-0.14037860444640105,0.04443539511336121,-0.06744001760950913,0.17867048206031258,-0.15039401276689413,0.15404578472375083,-0.11072198987453225,0.13764913053048647,0.026530926700418227,-0.25589478318291875,-0.4401232665639445,-0.32045784723750825,-0.38625797930882677,-0.16784283513097073,-0.20894122826326217,-0.15704160246533128,-0.11697996918335901,-0.04001760950913493,0.039522342064714944,0.46088707902267223,0.19734316530926702,0.30714285714285716,0.06980629539951574,-0.07791547435615233,-0.09119084305524984,-0.342722870349989,-0.2894915254237288,-0.2544177856042263,-0.06050847457627118,-0.35638344706141317,0.004404578472375083,0.09548095971824785,0.13539291217257318,0.297904468412943,0.10227602905569007,0.16202949592780103,0.02694254897644728,-0.006640986132511556,-0.1362029495927801,0.07687871450583315,-0.11422848338102576,0.05262161567246313,0.008685890380805635,0.3682918776139115,0.19625797930882677,0.09647809817301342,-0.04216817081223861,,-0.23415364296720229,-0.2767114241690513,-0.45079903147699757,-0.11080123266563945,-0.0949768875192604,-0.12649790887079024,-0.29144177856042264,-0.16098613251155625,-0.26667620515078144,-0.32449922958397537,-0.21240810037420207,0.13671582654633502,0.029112920977327757,-0.17026194144838214,-0.11846136913933523,-0.13439797490644947,-0.09586836891921638,-0.19714285714285715,0.04209553158705701,0.052566585956416466,-0.1487343165309267,0.033053048646268984,-0.06000880475456746,0.047195685670261944,-0.15721989874532247,-0.11077922077922078,0.12191723530706582,0.14310367598503193
#102,-0.23020250935505174,0.07666740039621396,-0.16774818401937047,-0.15172132951793968,-0.24380585516178738,-0.23256218357913272,-0.3587475236627779,-0.21674224081003743,0.03797490644948272,-0.31566585956416465,-0.029178956636583757,-0.3026810477657935,-0.26824125027514856,-0.5134426590358794,0.23646709222980408,1.0,0.008950033017829628,0.16027955095751706,0.5445806735637244,0.3908364516839093,-0.1771978868589038,0.5557671142416906,0.15190402817521462,0.38831168831168833,0.029302223200528284,0.27573409641206253,-0.1009685230024213,-0.28618534008364516,-0.02203169711644288,-0.004972485141976667,0.05012766894122826,-0.19832049306625577,-0.16860004402377285,-0.3058397534668721,-0.10872991415364297,-0.2084701738939027,-0.292557781201849,-0.16500550297160466,-0.11182038300682369,0.1251023552718468,-0.11460488663878494,-0.2261897424609289,0.0261897424609289,-0.08457406999779882,-0.07871230464450804,0.112557781201849,0.0010433634162447722,-0.3842394893242351,-0.09142637023992956,-0.31547655734096414,-0.09952894563064055,-0.28433634162447724,-0.3354897644728153,-0.05165529385868369,0.057743781642086725,0.38800792427911074,-0.0299867928681488,0.23948272066916135,0.2079088707902267,0.22865067136253578,-0.22503411842394894,-0.2742042703059652,-0.2733612150561303,-0.20781642086726831,0.12097952894563065,0.11991635483160906,-0.2331763152102135,-0.035480959718247856,0.06678186220559101,0.34385868368919215,0.0376469293418446,0.19839093110279551,-0.04435395113361215,-0.2537244111820383,-0.29620074840413824,-0.21689412282632622,-0.11617213295179397,0.09925379705040722,0.04097072419106317,0.3551397754787585,-0.2247721769755668,-0.1748448162007484,,-0.44207792207792207,-0.41764913053048647,-0.2330266343825666,-0.04271626678406339,-0.1697380585516179,-0.17333920316971163,-0.06966101694915254,-0.14661457186880916,-0.1462029495927801,-0.06307285934404579,0.20464450803433853,0.3765133171912833,0.13585956416464892,0.30086726832489546,-0.13978648470173893,-0.10285053929121726,-0.16005062733876294,-0.3136121505613031,-0.02885758309487123,-0.20059211974466212,-0.19992295839753466,-0.3939027074620295,-0.2934624697336562,-0.3700726392251816,-0.1799075500770416,-0.36919216376843494,-0.006022452124147039,0.11789786484701739
#201,0.185049526744442,0.3083733215936606,0.7425753907109839,0.3116883116883117,-0.052648029936165526,-0.0037244111820383006,0.28706361435174993,0.08963020030816642,0.14466872110939907,0.45126788465771517,0.162128549416685,-0.21799691833590137,0.1368963240149681,0.05819282412502751,-0.026836891921637684,0.008950033017829628,1.0,0.617657935285054,0.17551397754787584,-0.3024543253356813,-0.22624036979969184,-0.025375302663438258,0.21323574730354392,0.13574290116663,0.1373827867048206,0.00848778340303764,0.3328461369139335,0.15480959718247853,0.03385428131190843,-0.14907990314769975,-0.06696896324014968,-0.05522342064714946,0.07529605987233105,-0.2520999339643407,0.04196566145718688,-0.24234646709222982,-0.1961237068016729,-0.3404424389170152,-0.17698217037200087,-0.1817015188201629,-0.03821483601144618,-0.23271406559542152,0.08384547655734097,-0.2050627338762932,-0.29798591239269206,-0.2875280651551838,-0.15541492405899185,-0.09132291437376183,0.05616773057451024,0.2058727712965001,0.20952454325335682,0.1782412502751486,0.2732577591899626,0.3574950473255558,0.0925445740699978,0.19579132731675106,-0.32276689412282633,-0.34820383006823685,0.038217037200088046,-0.1610873871890821,-0.28319392471934846,-0.232095531587057,-0.4708650671362536,-0.25883777239709443,0.32946951353731013,0.01782082324455206,-0.0474950473255558,0.1454853620955316,-0.05585296059872331,-0.22133392031697116,0.37697776799471716,0.16576051067576492,-0.04192383887299141,0.007479639005062734,-0.418300682368479,-0.27747303543913715,-0.22057891261281093,0.04059652212194585,0.09578032137354171,0.23450583314990095,-0.15057891261281092,-0.050774818401937045,,-0.14521021351529825,-0.3051793968743121,-0.213284173453665,-0.271831388950033,-0.018010125467752585,-0.30601584855822145,-0.2267444419986793,-0.20743121285494168,-0.32531146819282414,-0.2229275808936826,0.03941008144397975,-0.15569007263922519,0.523944530046225,0.11057891261281091,0.444620294959278,0.3447699757869249,0.23976667400396215,0.2498877393792648,0.3892626018049747,0.39992295839753467,0.3676777459828307,0.12197886858903809,0.14035439137134054,-0.14511116002641428,-0.2594739159145939,-0.11959498128989654,0.10805414924058993,0.03676645388509795
