,#10,#11,#12,#13,#17,#18,#26,#49,#50,#51,#52,#53,#54,#58,#101,#102,#201,#202,#301,#302,#401,#402,#501,#502,#601,#602,#701,#702,#801,#802,#901,#902,#1001,#1002,#1101,#1102,#1201,#1202,#1301,#1302,#1401,#1402,#1501,#1502,#1601,#1602,#1701,#1702,#1801,#1802,#1901,#1902,#2001,#2002,#2101,#2102,#2201,#2202,#2301,#2302,#2401,#2402,#2501,#2502,#2601,#2602,#2701,#2702,#2801,#2802,#2901,#2902,#3001,#3002,#3101,#3102,#3201,#3202,#3301,#3302,#3401,#3402,#3455,#3501,#3502,#3601,#3602,#3701,#3702,#3801,#3802,#3901,#3902,#4001,#4002,#4101,#4102,#4201,#4202,#4301,#4302,#4401,#4402,#4501,#4502,#4601,#4602,#4701,#4702,#4801,#4802
#10,1.0,0.5909597182478539,0.16879815100154083,0.23034558661677307,0.10456966762051507,0.338036539731455,-0.08326876513317191,0.5874664318732116,0.4591063174114022,0.45455205811138016,0.49851860004402376,0.12578032137354173,-0.02149240589918556,-0.07728593440457847,-0.3470019810697777,-0.4198701298701299,0.30172573189522345,0.240528285274048,-0.23007484041382348,-0.19506493506493505,-0.39701298701298704,-0.2733898305084746,0.31393132291437376,0.10204270305965221,0.26331939247193487,0.17026194144838214,0.07870570107858244,0.05603345806735637,0.06195025313669381,0.09543473475676865,0.19664098613251155,-0.02456746643187321,0.3039621395553599,0.007508254457407,-0.10556680607528066,-0.2406317411402157,0.06150781421967862,0.0262359674224081,0.012663438256658596,0.20331719128329298,0.16065375302663437,-0.04250055029716047,0.18000220118864188,0.22659916354831608,-0.03492626018049747,0.04792207792207792,-0.2772044904248294,-0.1884173453664979,-0.18605546995377503,-0.03528285274047986,-0.09902267224301123,-0.09328637464230685,0.13059432093330398,0.18034558661677305,0.029203169711644286,0.1568434954875633,-0.06637904468412943,-0.021567246313009023,-0.2839467312348668,0.027673343605546994,-0.23821043363416244,-0.1012062513757429,0.012390490865067137,-0.38719788685890383,-0.07321593660576711,-0.3549702839533348,-0.037532467532467535,-0.35985031917235305,-0.14915474356152322,-0.38066255778120184,-0.0659850319172353,-0.06365617433414043,0.12914593880695577,-0.05285274047985913,-0.06935064935064936,-0.1359652212194585,-0.09421307506053268,3.962139555359894e-05,-0.06382126348228043,0.024703940127668942,-0.13328417345366497,0.24087827426810476,,0.40292317851639886,0.425511776359234,0.16166409861325115,0.20600924499229584,0.18764252696456085,0.062029495927801014,0.353449262601805,0.24716707021791767,0.31622496147919876,0.16111600264142636,-0.06374862425709883,-0.167739379264803,0.2606515518379925,0.1457142857142857,0.1536253576931543,0.12749064494827206,0.3872132951793969,0.2853709002861545,0.22431432973805857,0.04860664758969844,0.13794629099713845,0.2270217917675545,0.36355712084525643,0.39483381025753905,-0.038716707021791766,-0.29570327977107635,-0.40565925599823904,-0.17134932863746424
#11,0.5909597182478539,1.0,0.09576711424169052,0.11801012546775258,-0.022850539291217258,0.27779000660356595,0.12176755447941888,0.31725511776359233,0.4589588377723971,0.39404358353510893,0.32910631741140217,-0.05941668500990535,-0.18633722209993397,-0.2892119744662118,-0.11445740699977988,-0.20040061633281972,0.14943869689632402,0.11847237508254457,-0.12775698877393793,-0.06343605546995378,-0.2166255778120185,-0.2542593000220119,0.1655051727933084,-0.04409421087387189,0.3877107638124587,0.11090468853180717,-0.03780101254677526,-0.1632445520581114,0.06464450803433855,0.13199867928681489,0.1239159145938807,-0.08710763812458727,0.2065661457186881,0.013002421307506054,0.049907550077041604,-0.10166850099053489,0.1478318291877614,0.08830288355712085,0.11790666960158486,-0.006891921637684349,0.14872551177635923,-0.0010059432093330399,0.06112480739599384,0.29094430992736076,-0.14462469733656175,-0.028835571208452565,-0.286154523442659,-0.3337112040501871,-0.17095751705921197,-0.10590799031476998,0.036154523442659035,0.09685670261941448,0.24249614791987673,0.18112480739599385,0.025031917235307066,0.08554919656614572,-0.10863746423068457,0.06336781862205591,-0.2824895443539511,-0.077244111820383,-0.10680827646929342,-0.034648910411622276,-0.09414924058991855,-0.20843275368699096,-0.11993836671802774,-0.24048866387849438,-0.12648470173893903,-0.20016729033678185,-0.01789786484701739,-0.16536429672022893,0.16283292978208233,0.11143077261721329,0.1250363196125908,-0.045397314549856925,-0.07067576491305305,-0.06041602465331279,-0.13205150781421968,-0.09694475016508915,-0.3155161787365177,-0.08065375302663438,-0.03737178076161127,0.10490204710543694,,0.47331278890600925,0.2653753026634383,0.1490116662998019,0.16525863966541932,0.15859784283513098,-0.14142196786264583,0.24208452564384766,0.22475016508914814,0.10170592119744662,-0.15082984811798372,-0.1515496368038741,-0.3082126348228043,0.22393792648029937,-0.029751265683469072,0.07689412282632621,0.05212634822804314,0.2627734976887519,0.2094519040281752,0.054268104776579354,0.15926260180497467,-0.001437376183138895,0.05217917675544794,0.19100154083204932,0.2147127448822364,-0.0789456306405459,-0.2391371340523883,-0.2990380805635043,-0.12919216376843495
#12,0.16879815100154083,0.09576711424169052,1.0,0.6293198327096632,0.013116883116883117,0.3514637904468413,0.2702157164869029,-0.006603565925599824,-0.10120184899845917,0.42816420867268323,0.2916795069337442,0.09244331939247194,0.31936385648250054,0.1415628439357253,-0.2560290556900726,-0.4604886638784944,0.8089566365837553,0.6679528945630641,-0.08928241250275148,-0.11443099273607749,-0.2037376183138895,-0.33898084965881575,-0.14423508694695136,-0.3135020911292098,-0.13054589478318293,-0.5621681708122386,-0.21256658595641648,0.03127448822364077,0.14924279110719788,0.08691173233546115,0.5384261501210654,0.12988333700198107,0.5588707902267225,0.21126788465771518,0.006167730574510235,-0.12576931543033237,-0.18200308166409862,-0.19521901826986574,0.10655073739819503,-0.10920757208892802,0.2556878714505833,0.10524323134492626,0.03482060312568787,0.044215276249174554,0.05160026414263703,-0.08263922518159807,0.0925181598062954,0.01832049306625578,-0.16532247413603346,-0.23988994056790666,0.3493198327096632,0.04199427690953115,0.2797930882676645,0.1960510675764913,-0.1948250055029716,-0.016458287475236626,-0.5598481179837113,-0.5297622716266784,-0.27018269865727496,-0.33022672243011225,0.1174356152322254,0.39545014307726173,-0.2610521681708122,-0.2339357252916575,0.3252674444199868,0.2935241030156284,0.30102575390710984,-0.22408320493066256,0.012570988333700198,-0.1509751265683469,0.022623816861104998,0.09548756328417346,-0.4117895663658376,-0.1742262821923839,-0.3448250055029716,-0.155974025974026,0.10244992295839754,0.07971604666519921,0.11378824565265243,-0.19702399295619635,-0.16169051287695355,0.04807395993836672,,0.02832489544353951,0.1789918556020251,0.07499889940567907,0.2365133171912833,-0.005753907109839313,-0.01918776139115122,0.11034998899405679,0.005941008144397975,0.20931322914373762,0.021254677525863967,0.18595641646489103,-0.16308826766453885,0.5915804534448602,-0.2246929341844596,0.760512876953555,0.6042218798151001,0.5304050187101035,0.6345960818842175,0.7508100374202069,0.2617609509134933,0.7193176315210214,0.631204050187101,0.6145718688091569,0.6419502531366938,0.31264142637023995,0.21957517059211976,-0.014831609068897205,-0.056933744221879815
#13,0.23034558661677307,0.11801012546775258,0.6293198327096632,1.0,0.06169711644287915,0.3110191503411842,0.4883689192163768,0.25906009244992295,0.11287915474356153,0.6820118864186661,0.5128901606867708,0.32017389390270745,0.5242967202289236,0.28246092890160684,-0.19477878054149242,-0.4066035659255998,0.6309068897204491,0.25543473475676864,-0.25779000660356594,-0.4115166189742461,-0.12743341404358355,-0.38228703499889943,-0.1390182698657275,-0.41222760290556903,-0.036711424169051286,-0.4186814880035219,-0.10191723530706581,0.055245432533568124,0.07494607087827426,0.0042813119084305525,0.20826326216156724,0.1302707462029496,0.21921417565485363,0.17984591679506934,-0.07494827206691614,-0.36191503411842396,-0.026077481840193706,-0.23921637684349548,-0.009198767334360555,-0.12341624477217697,0.2681862205591019,-0.22806075280651553,0.10804094210873871,-0.1148712304644508,0.15019370460048426,-0.2681818181818182,0.15086066475896984,0.24472595201408762,-0.001234866828087167,-0.048355712084525646,0.24321373541712524,-0.0361699317631521,0.08319392471934844,-0.11159145938806955,-0.23962359674224082,-0.272755888179617,-0.2423332599603786,-0.46309487123046444,-0.13978648470173893,-0.3132643627558882,0.0702839533348008,0.1781488003521902,-0.22523662777900066,-0.1256020250935505,0.25232005282852743,0.024596081884217476,0.25455866167730573,0.10067796610169491,-0.16079242791107198,-0.14624477217697557,0.1266850099053489,0.14066916134712745,-0.14340523882896763,-0.0974290116662998,-0.23998239049086506,-0.23615892581994277,-0.05519700638344706,0.0012282632621615672,0.17544133832269426,-0.2033017829627999,0.07487123046445081,0.16678406339423288,,0.04392471934844816,0.14188201628879596,0.12182258419546556,0.053372220999339644,-0.04526084085406119,0.005833149900946511,0.10831168831168832,-0.13238168611049966,-0.005830948712304645,-0.004173453664979089,0.03859784283513097,0.0015056130310367598,0.2616927140655954,-0.37765573409641207,0.3788861985472155,0.2986022452124147,0.21979088707902267,0.3502113141096192,0.42812898965441337,0.26882236407660137,0.28606207351970064,0.30554699537750385,0.22918556020250935,0.2797600704380365,0.1307704160246533,0.25511116002641426,0.016420867268324896,0.01315430332379485
#17,0.10456966762051507,-0.022850539291217258,0.013116883116883117,0.06169711644287915,1.0,0.40288135593220337,-0.14539071098393133,0.1427096632181378,0.2688399735857363,0.025551397754787587,-0.10215276249174554,0.23861765353290776,0.27409200968523,-0.0577129650011006,-0.20359233986352632,-0.05331278890600925,-0.07301342725071538,0.00663218137794409,-0.1276337222099934,0.12149460708782743,-0.1700264142637024,0.12355491965661457,-0.019029275808936826,0.07326656394453004,-0.33736517719568565,-0.09400176095091349,-0.1439093110279551,0.13739379264802995,0.04580233325996038,0.2477129650011006,0.027171472595201408,0.04071978868589038,0.08954655513977548,-0.035287255117763594,0.017699757869249395,-0.165346687211094,0.014968082764692935,-0.09745762711864407,0.04353951133612151,-0.18806075280651552,0.2772243011226062,-0.12468412942989214,0.3862337662337662,0.04923178516398855,-0.08436935945410522,0.1335461149020471,0.13223640766013647,0.1830992736077482,0.2891371340523883,0.10980849658815761,-0.08438036539731456,0.10458727712965,-0.23743121285494168,-0.08279110719788686,-0.074554259300022,-0.1356240369799692,-0.07943209333039841,-0.028963240149680828,-0.013266563944530047,0.08468192824125027,0.047431212854941666,-0.05151441778560423,0.07700638344706141,-0.0976601364736958,-0.06878494386968963,-0.11104996698217037,-0.19192604006163327,-0.17857142857142858,-0.17303764032577593,0.018386528725511775,-0.309801893022232,-0.11221219458507595,-0.05702839533348008,0.27702399295619634,-0.10176755447941889,-0.2558727712965001,-0.0711071978868589,-0.2875544794188862,0.10207351970063834,0.020372000880475458,0.297012987012987,0.5536869909751265,,0.1175148580233326,0.36623376623376624,0.18954875632841733,-0.005958617653532908,0.3586770856262382,0.3269865727492846,0.4931785163988554,0.2685890380805635,-0.013275368699097513,0.3044728153202729,-0.08918115782522562,-0.12317411402157165,-0.24609289016068678,0.010242130750605326,-0.004981289896544134,0.06121065375302663,-0.01725511776359234,-0.06586176535329077,0.13675324675324677,0.002542372881355932,0.034472815320272944,0.060644948272066915,0.014067796610169492,0.052502751485802336,-0.09378824565265244,-0.1340083645168391,0.09598503191723531,0.1631168831168831
#18,0.338036539731455,0.27779000660356595,0.3514637904468413,0.3110191503411842,0.40288135593220337,1.0,0.11480079242791107,0.07113801452784503,0.1763350209112921,0.2066365837552278,0.21744441998679287,0.23992295839753466,0.33831609068897206,-0.037446621175434736,-0.28913273167510456,-0.34066255778120186,0.2741492405899186,0.4148756328417345,-0.2089984591679507,0.10056130310367599,-0.31786044464010565,-0.1936187541272287,-0.1146070878274268,0.03999559762271627,-0.25401716927140655,-0.10829187761391151,-0.38016949152542373,-0.08980629539951573,0.45268545014307726,0.5873717807616112,0.4889852520360995,0.006101694915254237,0.4776271186440678,0.2434140435835351,0.20985912392692055,-0.10303103675985031,0.1412128549416685,0.04068456966762052,-0.018146599163548317,-0.2005811138014528,0.22695795729694035,-0.14179616993176314,0.30454545454545456,0.41425709883337003,0.1234074400176095,0.17519480519480518,-0.10283513097072419,-0.12323574730354392,-0.142128549416685,-0.11749944970283953,0.12180277349768875,0.07578472375082544,-0.061604666519920755,-0.10683469073299581,-0.18447281532027296,-0.1646268985252036,-0.29908650671362536,-0.17856482500550297,-0.13827646929341844,-0.1451749944970284,-0.055610829848117986,-0.0007924279110719789,0.08477437816420867,-0.09575610829848118,-0.04839313229143738,-0.12454545454545454,0.20771516618974245,-0.06919656614571869,0.06543693594541052,0.025223420647149462,-0.04591899625797931,0.20764913053048648,-0.1227426810477658,0.13380145278450364,-0.17729914153642967,-0.29084745762711867,-0.27761171032357473,-0.3205128769535549,0.07319172353070658,0.19398635263042044,0.1999933964340744,0.5402949592780101,,0.36004842615012106,0.4168985252036099,0.20659035879374862,0.1307307946290997,0.2538806955756108,0.15537310147479638,0.4772837332159366,0.45658155403918116,0.20858023332599604,0.16072198987453223,0.0041184239489324235,-0.14061413163108077,0.03969623596742241,-0.15141976667400397,0.22106537530266343,0.10612810917895664,0.3080101254677526,0.1621087387189082,0.526682808716707,0.21952454325335682,0.3338014527845036,0.2903764032577592,0.2920647149460709,0.2980321373541713,0.01853841074180057,-0.23074620294959278,-0.30611490204710545,-0.08841954655513977
#26,-0.08326876513317191,0.12176755447941888,0.2702157164869029,0.4883689192163768,-0.14539071098393133,0.11480079242791107,1.0,-0.12450143077261722,-0.07717587497248514,0.3660576711424169,0.3686110499669822,0.04044904248294079,0.10440017609509135,-0.046649790887079025,0.07925159586176535,0.037860444640105656,0.23531587057010786,0.142590799031477,0.06307946290997138,-0.13029495927801013,0.0021065375302663438,-0.1356878714505833,-0.38058111380145276,-0.4613251155624037,-0.09576711424169052,-0.2051023552718468,-0.20499449702839534,-0.15194585075941008,0.11610169491525424,0.0661699317631521,0.1400726392251816,0.16267444419986793,0.14191503411842396,0.11420867268324895,0.014519040281752146,-0.19743341404358353,-0.1455558001320713,-0.03610169491525424,0.07250935505172794,-0.17838212634822803,0.23950913493286374,-0.055192604006163326,-0.1268699097512657,0.012863746423068458,-0.0713317191283293,-0.513992956196346,-0.016095091349328638,0.08063614351749945,-0.07389170151882016,-0.21924058991855602,0.09540171692714065,-0.09694254897644729,-0.014853620955315871,-0.30703059652212195,-0.3811005943209333,-0.260528285274048,-0.30957957296940347,-0.4322121945850759,0.08947391591459387,-0.261749944970284,0.19016288795949812,0.306469293418446,0.04937046004842615,0.30337882456526527,0.3535593220338983,0.1959586176535329,0.2340721989874532,0.5423948932423509,0.12098613251155624,0.2773475676865507,0.28308606647589696,0.27667400396213954,0.049075500770416024,-0.13312788906009246,-0.15174334140435836,-0.060891481399955975,0.006788465771516619,-0.060213515298261064,0.13229804094210873,0.022357473035439137,-0.005009905348888399,0.01935064935064935,,-0.05728153202729474,-0.2668258859784284,0.23206691613471275,0.1382786704820603,-0.0451551837992516,0.07914813999559762,-0.07306185340083646,-0.1492626018049747,-0.01831388950033018,-0.21711644287915474,0.15564825005502972,0.051620074840413824,0.03689412282632622,-0.27474356152322255,0.10690512876953555,-0.011554039181157825,-0.07701959057891261,-0.09277349768875193,0.19390490865067136,0.28801012546775256,0.0863482280431433,0.16127668941228263,0.005311468192824125,0.021177635923398636,0.27445300462249617,0.2706779661016949,0.095181598062954,0.2063614351749945
#49,0.5874664318732116,0.31725511776359233,-0.006603565925599824,0.25906009244992295,0.1427096632181378,0.07113801452784503,-0.12450143077261722,1.0,0.5327360774818402,0.49553819062293636,0.5637860444640106,0.39633942328857585,0.24818622055910192,0.21142637023992955,-0.14138234646709222,-0.21040501871010345,0.17535108958837772,-0.1408518600044024,-0.21122826326216157,-0.26329297820823244,-0.08441338322694254,-0.14886418666079684,0.39814439797490647,0.2742196786264583,0.27902047105436933,0.20064714946070877,0.1512458727712965,0.11823024433193925,-0.18170372000880475,-0.14850099053488883,-0.15186880915694476,-0.04422187981510015,-0.08993396434074401,-0.10489984591679508,-0.20942769095311467,-0.21704600484261502,0.06892802113141096,-0.1469755668060753,-0.24330838652872552,0.03832269425489764,0.13109399075500772,-0.2695553598943429,0.3722694254897645,-0.023455866167730575,0.06392031697116443,0.07918776139115122,-0.24565045124367157,-0.058065155183799254,-0.04695795729694035,0.12728153202729475,-0.16824785384107419,-0.011171032357473035,-0.017046004842615013,0.06756328417345367,0.18166409861325117,0.00438036539731455,0.2138564825005503,0.21914373761831388,-0.30384107418005724,0.014864626898525204,-0.18212854941668502,-0.1934998899405679,-0.2505348888399736,-0.3902663438256659,-0.18172793308386528,-0.3426040061633282,-0.15234426590358793,-0.33925599823904906,-0.3454523442659036,-0.5446621175434735,-0.2087475236627779,-0.31681928241250273,0.2977041602465331,0.08938806955756108,0.08688091569447502,-0.049672022892361875,-0.04404358353510896,0.04591899625797931,0.07096191943649571,-0.07291217257318952,-0.03692053709002861,0.17430552498349108,,0.3251992075720889,0.36881576051067577,0.13913493286374642,-0.003944530046224961,0.15868589038080563,-0.05707902267224301,0.350462249614792,0.07583314990094651,0.045007704160246534,0.10664979088707903,-0.23053048646268987,-0.10659916354831608,0.13683248954435395,0.07780541492405899,-0.02942108738718908,-0.0787607307946291,0.05080783623156505,0.17442659035879374,-0.07142857142857142,0.0849900946511116,-0.165841954655514,-0.06478098173013427,0.013845476557340964,0.08600704380365397,-0.14985252036099495,-0.12371340523882897,-0.2817037200088048,-0.2011798371120405
#50,0.4591063174114022,0.4589588377723971,-0.10120184899845917,0.11287915474356153,0.2688399735857363,0.1763350209112921,-0.07717587497248514,0.5327360774818402,1.0,0.3573915914593881,0.21830948712304646,0.3469425489764473,0.09032357473035439,-0.01692934184459608,-0.04891041162227603,-0.11219238388729914,-0.07584855822143957,-0.1847325555800132,-0.06352410301562844,-0.03595201408760731,-0.26143517499449703,-0.03317631521021352,0.3455183799251596,0.22396434074400176,0.4521901826986573,0.15388950033017829,0.036821483601144615,0.08973585736297601,-0.09077922077922078,0.01683248954435395,-0.24663438256658596,-0.11272727272727273,-0.11154963680387409,-0.2836847897864847,-0.17590578912612811,-0.17560642747083424,0.12039401276689413,-0.07482280431432974,0.05348448162007484,-0.04942769095311468,0.1675610829848118,-0.05030596522121946,0.16915254237288135,0.19327977107638125,-0.09331058771736737,-0.004362755888179617,-0.28021351529826105,-0.22116442879154743,-0.08101254677525864,0.12216596962359674,-0.03192163768434955,0.1789192163768435,0.13692934184459607,0.137046004842615,0.2385230024213075,-0.006711424169051287,0.10009024873431653,0.2639533348007924,-0.17333039841514417,0.10730794629099714,-0.11665639445300462,-0.1072969403477878,-0.03978868589038081,-0.28179616993176315,-0.3536341624477218,-0.43149900946511116,-0.057076821483601145,-0.12133612150561303,-0.10195025313669381,-0.26526964560862865,0.017063614351749946,0.03442218798151001,0.2039885538190623,0.026711424169051288,-0.059931763152102135,-0.27884437596302003,-0.19326216156724632,-0.1968633061853401,-0.07458727712965,-0.029038080563504293,-0.14072198987453224,0.2483381025753907,,0.27665419326436275,0.4814373761831389,0.112491745542593,0.043598943429451906,0.17268985252036098,0.01585296059872331,0.2987409200968523,0.1257010785824345,0.01143517499449703,0.1669007263922518,-0.2229077701959058,-0.3302575390710984,-0.04106317411402157,-0.002236407660136474,-0.11490204710543693,-0.050442438917015185,0.018776139115122166,0.05768434954875633,-0.14448822364076602,0.0029672022892361875,-0.2922672243011226,-0.14956636583755228,-0.10594981289896545,-0.049885538190622934,-0.16969843715606428,-0.2659916354831609,-0.2071054369359454,-0.13542372881355932
#51,0.45455205811138016,0.39404358353510893,0.42816420867268323,0.6820118864186661,0.025551397754787587,0.2066365837552278,0.3660576711424169,0.49553819062293636,0.3573915914593881,1.0,0.6637354171252476,0.3570878274268105,0.4170922298040942,0.10138895003301783,-0.14559982390490864,-0.3041800572309047,0.6265815540391811,0.14237728373321593,-0.1749438696896324,-0.343959938366718,-0.18147259520140877,-0.32850539291217257,0.11880695575610829,-0.19763152102135154,0.23222540171692715,-0.05300462249614792,0.03524543253356813,0.06390050627338763,-0.015258639665419326,-0.011637684349548757,0.14101034558661676,0.11596742240810037,0.14141536429672022,0.16824565265243233,-0.15209773277569888,-0.21269425489764474,0.08336121505613031,-0.15749944970283952,0.037382786704820606,-0.08434734756768655,0.36379925159586174,-0.13845256438476777,0.074851419766674,-0.13130750605326877,0.0009575170592119745,-0.3150055029716047,-0.11250935505172793,0.050567906669601585,-0.053462469733656176,-0.07160686770856263,0.006563944530046225,-0.0940413823464671,0.12170812238608848,0.06459608188421748,-0.019852520360994937,-0.09206251375742901,-0.16647589698437157,-0.3338212634822804,-0.29088707902267225,-0.3274488223640766,-0.020420427030596523,0.0936583755227823,-0.19349548756328416,-0.20565265243231345,0.20394673123486684,-0.004970283953334801,0.0011952454325335682,-0.06151221659696236,-0.22331719128329297,-0.22834030376403258,0.1138762931983271,0.05331719128329298,0.013537310147479638,-0.07297380585516179,-0.2554633502091129,-0.24656174334140435,-0.08273167510455647,-0.062460928901606864,0.1039555359894343,-0.11925599823904909,-0.02086946951353731,0.16094651111600264,,0.14300902487343164,0.2447655734096412,0.055491965661457185,0.0059476117103235745,0.1038168611049967,0.062172573189522344,0.1587805414924059,-0.14180277349768874,-0.046977767994717146,-0.17971824785384108,-0.16932863746423069,-0.16700858463570328,0.2745894783182919,-0.1562359674224081,0.2065199207572089,0.15455866167730575,0.11612810917895663,0.2315364296720229,0.28066035659256,0.16575610829848117,0.11052608408540612,0.15521241470394012,0.13246092890160688,0.26255337882456525,-0.02443319392471935,0.051338322694254895,-0.06679506933744223,-0.10586396654193264
#52,0.49851860004402376,0.32910631741140217,0.2916795069337442,0.5128901606867708,-0.10215276249174554,0.21744441998679287,0.3686110499669822,0.5637860444640106,0.21830948712304646,0.6637354171252476,1.0,0.30661457186880914,0.19881576051067576,0.21979749064494827,-0.14690072639225182,-0.2717939687431213,0.45659696235967423,0.20288355712084524,-0.17794408980849657,-0.23946731234866828,-0.1390314769975787,-0.30204490424829405,0.0935791327316751,-0.0788333700198107,0.11132731675104557,0.014155844155844156,-0.023330398415144178,-0.08314109619194365,0.017816420867268326,-0.0821021351529826,0.17195245432533568,-0.00401716927140656,0.20510015408320492,0.0750561303103676,-0.17577812018489986,-0.21090028615452344,-0.023053048646268986,-0.05303764032577592,-0.12034118423948932,0.02277790006603566,0.34926480299361656,-0.17426590358793748,0.24360334580673565,-0.016797270526084086,0.18394453004622496,-0.14400616332819724,-0.2688399735857363,-0.0837442218798151,-0.1916685009905349,-0.18040721989874534,-0.004924058991855602,-0.1521021351529826,0.10535769315430332,-0.11009024873431653,-0.08044464010565705,-0.09756328417345367,-0.11868368919216377,-0.22304204270305966,-0.1812194585075941,-0.26915254237288133,-0.09529826106097293,0.08562843935725292,-0.014642306845696677,-0.014094210873871891,0.08995597622716267,-0.08146819282412503,0.22300462249614791,0.029751265683469072,-0.22155844155844157,-0.27091789566365837,0.0463152102135153,0.008846577151661898,0.1282324455205811,0.08479639005062733,-0.08868148800352191,-0.08504732555580014,0.010096852300242131,0.02086946951353731,0.142458727712965,0.0027801012546775257,-0.11862425709883337,0.20163988553819062,,0.3061567246313009,0.15440457847237507,0.11842615012106537,0.18012106537530267,0.1,0.011796169931763151,0.34464450803433855,0.1268104776579353,0.25118203830068236,-0.16957076821483602,-0.006158925819942769,-0.05681708122386089,0.3560378604446401,-0.042973805855161785,0.1762623816861105,0.07347127448822365,0.2640633942328858,0.27438696896324016,0.2346335020911292,0.2095179396874312,0.12516398855381905,0.2395465551397755,0.24200088047545676,0.30521901826986575,0.10851199647809817,0.047426810477657934,-0.2282588597842835,-0.0476139115122166
#53,0.12578032137354173,-0.05941668500990535,0.09244331939247194,0.32017389390270745,0.23861765353290776,0.23992295839753466,0.04044904248294079,0.39633942328857585,0.3469425489764473,0.3570878274268105,0.30661457186880914,1.0,0.6552608408540612,0.3423860884877834,-0.3098415144177856,-0.22610609729253797,0.09027514858023332,-0.19951133612150562,-0.20061413163108077,-0.1090248734316531,-0.2192868148800352,-0.06849218578032137,0.12356812678846577,0.05076821483601145,0.027629319832709665,-0.10096191943649571,0.08084525643847677,0.3471076381245873,0.027356372441118205,-0.001107197886858904,-0.27115562403697996,0.08225841954655513,-0.20263482280431433,-0.20210653753026633,-0.038366718027734975,-0.02027955095751706,-0.020222320052828528,-0.3472353070658155,-0.08032577591899626,-0.23685890380805635,0.06007043803653973,-0.21197666740039622,0.07915254237288136,-0.015507373981950253,0.3295311468192824,-0.04421747743781642,0.08044904248294078,0.2197226502311248,0.19100374202069118,0.33612810917895664,0.13731895223420648,0.31123486682808715,0.013581333920316971,0.1196169931763152,0.0913053048646269,-0.12377503852080124,0.08393352410301563,0.03637023992956196,0.05976667400396214,-0.01350429231785164,-0.0523464670922298,-0.006158925819942769,-0.19500770416024654,-0.20027294739159146,-0.22949592780101255,-0.18223860884877835,0.09648470173893903,0.08313229143737619,-0.2667312348668281,-0.3257340964120625,-0.11791107197886859,-0.09521021351529826,-0.1187079022672243,0.02421087387189082,-0.22496588157605107,-0.36959498128989654,-0.23738498789346246,-0.2165859564164649,0.2725225621835791,0.10379264802993617,0.17619414483821264,0.1976139115122166,,0.11220999339643407,0.5088685890380805,0.09237948492185781,0.042909971384547656,-0.025663658375522782,0.032960598723310586,0.22311468192824124,0.07982390490865067,0.040228923618754124,0.15530266343825666,-0.16574510235527184,-0.16147259520140875,-0.04147259520140876,-0.162062513757429,-0.03872991415364297,-0.07539731454985692,-0.017699757869249395,-0.005478758529605987,-0.02262821923838873,0.017600704380365397,-0.16434954875632843,-0.14180277349768874,-0.2024653312788906,-0.13611270085846358,-0.09797050407219898,-0.033092670041822585,0.01303764032577592,-0.19944089808496587
#54,-0.02149240589918556,-0.18633722209993397,0.31936385648250054,0.5242967202289236,0.27409200968523,0.33831609068897206,0.10440017609509135,0.24818622055910192,0.09032357473035439,0.4170922298040942,0.19881576051067576,0.6552608408540612,1.0,0.2731124807395994,-0.24683248954435394,-0.18127668941228264,0.36224301122606206,-0.005800132071318512,-0.2699933964340744,-0.23524983491085186,-0.08718688091569447,-0.06936605767114241,0.015947611710323575,0.04741800572309047,-0.15732555580013208,-0.15398635263042043,-0.01685230024213075,0.2973827867048206,0.03034338542813119,0.02339203169711644,-0.006847897864847017,0.1570878274268105,-0.05391811578252256,0.16835791327316751,-0.06602905569007264,-0.07679727052608408,0.03946511116002641,-0.21517059211974465,-0.04775698877393793,-0.1431058771736738,0.0627360774818402,-0.1875346687211094,0.11522562183579133,-0.13148800352190182,0.22267444419986793,-0.03451023552718468,0.2088861985472155,0.2642857142857143,0.17228923618754127,0.2302707462029496,0.19228483381025754,0.22356812678846577,0.10594100814439797,0.12926920537090028,0.10543693594541052,-0.15973585736297602,-0.06784283513097072,-0.1199603786044464,-0.17542372881355933,-0.29171692714065595,-0.0487343165309267,-0.026191943649570767,-0.36236627779000663,-0.17280431432973806,0.014677525863966543,-0.09800792427911072,0.017739379264802995,-0.022859344045784723,-0.25327756988773936,-0.18361655293858684,-0.12684789786484701,-0.011175434734756769,-0.2539423288575831,-0.12350869469513537,-0.3306185340083645,-0.38877613911512215,-0.10325335681267885,-0.2093660576711424,0.2531432973805855,0.023017829627999118,0.38208452564384765,0.3490688972044904,,0.06492185780321373,0.3501078582434515,-0.0007726172132951794,-0.08697116442879155,-0.028516398855381906,0.03263482280431433,0.114884437596302,-0.049101915034118426,-0.12579572969403477,0.1212788906009245,-0.24215276249174555,-0.2431587057010786,0.04702619414483821,-0.23223200528285273,0.12204490424829408,0.140198106977768,0.052612810917895665,0.22396654193264362,0.19684789786484702,0.24450803433854282,0.065214615892582,-0.014325335681267884,-0.07076821483601145,0.019722650231124808,-0.13749724851419767,0.14918776139115122,0.017543473475676866,-0.2969931763152102
#58,-0.07728593440457847,-0.2892119744662118,0.1415628439357253,0.28246092890160684,-0.0577129650011006,-0.037446621175434736,-0.046649790887079025,0.21142637023992955,-0.01692934184459608,0.10138895003301783,0.21979749064494827,0.3423860884877834,0.2731124807395994,1.0,-0.05433854281311908,0.04421087387189082,0.01262161567246313,0.06660796830288356,0.07604886638784944,0.132656834690733,0.0224785384107418,0.08874972485141977,0.0012788906009244992,0.05024873431653093,-0.048333700198106976,-0.009313229143737618,-0.014054589478318292,0.050378604446401055,-0.046134712744882234,-0.13589698437156064,-0.08891041162227603,0.18432533568126788,-0.0027867048206031255,0.08069997798811358,-0.23725952014087606,0.13283953334800794,-0.08023332599603786,-0.07675324675324675,-0.08408320493066256,0.06616112700858463,-0.002306845696676205,-0.1566519920757209,-0.12953995157384987,-0.2027030596522122,0.06215716486902927,-0.08270966321813779,0.09497248514197666,0.14372000880475458,0.08431432973805855,0.0639159145938807,-0.032207792207792206,-0.06839973585736298,-0.11719348448162008,0.07348228043143297,-0.01981950253136694,0.009597182478538411,-0.1657495047325556,-0.04695795729694035,-0.09141316310807836,-0.06250935505172793,-0.03701298701298701,-0.10582654633502091,0.12898084965881576,0.16169271406559543,0.0136979969183359,0.12471714725952014,0.5779903147699758,0.18242350869469515,0.04052388289676425,-0.08644508034338542,-0.0674884437596302,0.07918776139115122,-0.08995597622716267,-0.05827426810477658,-0.01062953995157385,-0.16214395773717807,-0.014891041162227604,-0.09649350649350649,0.25140655954215274,0.27561523222540174,-0.1913977547875853,-0.13767554479418886,,-0.2162227602905569,0.1573365617433414,-0.07930442438917015,-0.04736737838432754,-0.33908650671362534,-0.32513757429011664,-0.15140655954215276,-0.009702839533348008,-0.08053488883997359,-0.0712458727712965,-0.06044464010565705,0.10418886198547216,-0.025318071758749724,0.10270746202949593,0.030094651111600264,0.12254677525863966,0.025278450363196127,0.06133612150561303,0.05664979088707902,-0.01811138014527845,0.12493066255778121,0.24524763372221,0.11052608408540612,0.10103896103896104,0.02112920977327757,0.2349966982170372,0.056059872331058774,-0.11797490644948272
#101,-0.3470019810697777,-0.11445740699977988,-0.2560290556900726,-0.19477878054149242,-0.20359233986352632,-0.28913273167510456,0.07925159586176535,-0.14138234646709222,-0.04891041162227603,-0.14559982390490864,-0.14690072639225182,-0.3098415144177856,-0.24683248954435394,-0.05433854281311908,1.0,0.6823992956196346,-0.25954875632841734,-0.1520184899845917,0.5129011666299802,0.14496147919876734,0.6225115562403698,0.3905260840854061,-0.031074180057230904,0.013726612370680168,0.29181598062953995,0.16329297820823244,-0.08365617433414044,-0.11041162227602906,-0.07398415144177856,-0.1275941008144398,-0.10265243231344927,0.010242130750605326,-0.1252652432313449,0.04953114681928241,0.05594320933303984,-0.09176095091349329,0.4024653312788906,0.28969403477878053,0.057990314769975786,0.05705701078582435,-0.04983491085186,-0.039469513537310146,0.032386088487783404,0.05039401276689412,-0.28617433414043586,-0.2035791327316751,-0.4150737398195025,-0.3122077922077922,-0.38290997138454763,-0.33398415144177857,-0.40944089808496587,-0.3672265023112481,-0.2621329517939687,-0.32911292097732775,0.29414924058991854,0.2590777019590579,0.19181157825225623,0.19667400396213955,-0.17966982170372,-0.1851023552718468,-0.32365617433414046,-0.41645608628659475,0.17167290336781862,0.24974466211754348,0.06535989434294519,0.2661501210653753,-0.09701959057891262,0.1414637904468413,0.28177195685670264,0.21447941888619854,-0.09584635703279772,-0.07466211754347347,0.31562403697996916,-0.04911071978868589,0.3717213295179397,0.22112700858463571,-0.18699097512656834,-0.08423068456966762,-0.05031256878714506,0.05050847457627119,-0.2671098393132291,-0.15822143957737178,,-0.07381245872771297,-0.5296412062513758,-0.3790777019590579,-0.512458727712965,0.09051948051948051,0.043449262601804976,-0.028476777459828306,-0.045293858683689195,-0.4572903367818622,-0.23612810917895663,-0.37074620294959276,-0.175610829848118,-0.2414902047105437,0.09776139115122166,-0.421287695355492,-0.19088487783403038,-0.48263482280431436,-0.34206031256878716,-0.27751705921197445,-0.12328417345366498,-0.2879837112040502,-0.1727096632181378,-0.2783469073299582,-0.15666299801893022,-0.2956372441118204,-0.06738718908210434,-0.22215716486902928,-0.013546114902047105
#102,-0.4198701298701299,-0.20040061633281972,-0.4604886638784944,-0.4066035659255998,-0.05331278890600925,-0.34066255778120186,0.037860444640105656,-0.21040501871010345,-0.11219238388729914,-0.3041800572309047,-0.2717939687431213,-0.22610609729253797,-0.18127668941228264,0.04421087387189082,0.6823992956196346,1.0,-0.4559454105216817,-0.26354831609068896,0.501221659696236,0.39040501871010347,0.39653973145498567,0.6566982170372001,-0.1063086066475897,0.1293814659916355,-0.01578032137354171,0.2402905569007264,-0.09371560642747083,-0.10119744662117544,-0.17772397094430992,-0.12370900286154524,-0.21043143297380584,0.008690292758089368,-0.2416090688972045,-0.019581774158045344,-0.06440677966101695,0.20685890380805635,0.164389170151882,0.35103896103896104,0.12607307946290996,0.10036979969183359,-0.23341844596081884,0.014851419766674003,-0.11443979749064495,-0.023202729473915915,-0.30658815760510677,-0.184521241470394,-0.2744486022452124,-0.22507153863086066,-0.13063834470614133,-0.20513977547875853,-0.4486396654193264,-0.2585890380805635,-0.33052388289676427,-0.273167510455646,0.24772837332159367,0.2276799471714726,0.08486022452124146,0.33606207351970063,-0.04584195465551398,0.018087167070217916,-0.2402575390710984,-0.3814747963900506,0.32583314990094653,0.4678582434514638,0.029027074620294958,0.23900506273387628,-0.07550737398195026,0.2816024653312789,0.26858023332599607,0.45341624477217696,-0.17515958617653532,0.03425709883337002,0.3045828747523663,0.02889060092449923,0.2855954215276249,0.20315870570107858,-0.019352850539291217,-0.09544133832269426,-0.09414483821263482,0.22205811138014528,-0.1403235747303544,-0.11802773497688752,,-0.1717213295179397,-0.3864274708342505,-0.2334470614131631,-0.39001760950913494,-0.15457186880915694,-0.03248073959938367,-0.1761765353290777,-0.007285934404578472,-0.368135593220339,-0.12031036759850319,-0.3150561303103676,-0.1052212194585076,-0.40964120625137573,0.17896764252696457,-0.4887937486242571,-0.2652542372881356,-0.5282522562183579,-0.4705458947831829,-0.3707395993836672,-0.22679066696015848,-0.3632071318511996,-0.22827646929341844,-0.3963812458727713,-0.3430794629099714,-0.2762909971384548,-0.027420206911732335,-0.02828087167070218,0.06517279330838653
#201,0.30172573189522345,0.14943869689632402,0.8089566365837553,0.6309068897204491,-0.07301342725071538,0.2741492405899186,0.23531587057010786,0.17535108958837772,-0.07584855822143957,0.6265815540391811,0.45659696235967423,0.09027514858023332,0.36224301122606206,0.01262161567246313,-0.25954875632841734,-0.4559454105216817,1.0,0.5694761171032358,-0.21152762491745541,-0.3603587937486243,-0.1698943429451904,-0.38995157384987894,0.07397754787585296,-0.13488223640766014,0.05214615892581994,-0.35088707902267224,-0.05146158925819943,0.00613911512216597,0.17886418666079684,0.09661016949152543,0.5443187321153423,0.0451948051948052,0.4589720449042483,0.26836011446180935,-0.03610609729253797,-0.08664758969843715,-0.10287915474356152,-0.1325974025974026,0.03532027294739159,-0.03438036539731455,0.29407219898745324,0.07537970504072199,0.1333964340744002,-0.13947171472595202,0.15449922958397536,-0.06491525423728814,0.05772397094430993,0.08300682368478979,-0.13582434514637903,-0.2001056570548096,0.22195685670261942,-0.026526524323134494,0.3002707462029496,0.1767840633942329,-0.03963680387409201,0.0007043803653973145,-0.3748646268985252,-0.4739357252916575,-0.31635923398635263,-0.34675324675324676,-0.0741074180057231,0.22648470173893903,-0.28983931322914375,-0.2660488663878494,0.32454325335681267,0.12903367818622055,0.05009465111160026,-0.3008386528725512,-0.17065595421527624,-0.28977767994717146,-0.03700858463570328,-0.06692053709002861,-0.3584173453664979,-0.17365177195685672,-0.40020250935505175,-0.12473695795729695,0.06151221659696236,0.16325555800132072,0.2306009244992296,-0.14445300462249616,-0.06463130090248734,0.16601584855822143,,0.11819722650231125,0.187376183138895,-0.07517939687431213,0.10699757869249395,0.12136693814659916,0.07097732775698877,0.1957737178076161,0.008589038080563504,0.18592780101254677,0.029423288575830948,0.028666079683028835,-0.12273167510455646,0.6938212634822805,-0.147277129650011,0.6710829848117984,0.4665661457186881,0.45115562403697995,0.5797358573629761,0.6790446841294299,0.22578912612810917,0.584536649790887,0.4711864406779661,0.49772176975566806,0.5578692493946731,0.11093330398415144,0.13884217477437816,-0.14028615452344265,-0.20223860884877834
