,#10,#11,#12,#13,#17,#18,#26,#49,#50,#51,#52,#53,#54,#58,#101,#102,#201,#202,#301,#302,#401,#402,#501,#502,#601,#602,#701,#702,#801,#802,#901,#902,#1001,#1002,#1101,#1102,#1201,#1202,#1301,#1302,#1401,#1402,#1501,#1502,#1601,#1602,#1701,#1702,#1801,#1802,#1901,#1902,#2001,#2002,#2101,#2102,#2201,#2202,#2301,#2302,#2401,#2402,#2501,#2502,#2601,#2602,#2701,#2702,#2801,#2802,#2901,#2902,#3001,#3002,#3101,#3102,#3201,#3202,#3301,#3302,#3401,#3402,#3455,#3501,#3502,#3601,#3602,#3701,#3702,#3801,#3802,#3901,#3902,#4001,#4002,#4101,#4102,#4201,#4202,#4301,#4302,#4401,#4402,#4501,#4502,#4601,#4602,#4701,#4702,#4801,#4802
#10,1.0,0.47026634382566584,0.5952674444199868,0.6403940127668941,0.6251419766674003,0.5344001760950914,0.5331344926260181,0.5867268324895444,0.35010345586616776,0.7199229583975346,0.4853775038520801,0.6196544133832269,0.5842857142857143,0.41583094871230464,-0.5474047985912392,-0.48069777679947173,0.7388003521901827,0.2646268985252036,-0.0778186220559102,-0.1762953995157385,-0.37044684129429895,-0.3774069997798811,-0.10527404798591239,-0.12619414483821265,-0.09492846136913934,-0.1270922298040942,0.09803213735417125,0.09694254897644729,0.3485031917235307,0.2941206251375743,0.3674642306845697,0.2528021131410962,0.29458507594100813,-0.00045124367158265466,0.2126106097292538,0.045793528505392915,0.024791987673343605,-0.025163988553819062,-0.14296279991195246,0.16523662777900067,0.45482940788025533,0.03504072198987453,0.1051749944970284,-0.2259123926920537,-0.1128747523662778,-0.2706779661016949,0.4443275368699098,0.36149460708782744,-0.21416685009905348,-0.2256306405458948,0.014695135373101475,0.1893484481620075,-0.11736077481840193,-0.026869909751265682,-0.38852080123266564,-0.1190116662998019,-0.6171384547655734,-0.5967554479418886,0.07330398415144178,-0.10421307506053269,0.20884877834030377,0.16344265903587937,-0.040048426150121066,-0.29707682148360115,0.34964780981730137,0.061208452564384765,0.24901606867708562,0.36792648029936165,0.034202069117323354,-0.053772837332159366,0.3427470834250495,0.3501782962799912,-0.16338322694254898,0.17073739819502531,-0.2614791987673344,-0.25829627999119525,-0.21488883997358574,-0.10656394453004622,0.0021967862645828748,-0.09793528505392912,0.3844023772837332,0.5391679506933744,0.36501430772617216,0.45199427690953115,0.5356350429231785,0.40252696456086284,0.3708518600044024,0.3573497688751926,0.47863086066475896,0.11727933083865287,0.4263592339863526,0.36577371780761614,0.08346907329958178,0.32249614791987674,0.15242350869469515,0.10669601584855821,-0.032397094430992736,0.5717235307065816,0.27058331499009464,0.24615892581994278,0.3890953114681928,0.40995157384987896,0.24215276249174555,0.43872331058771735,0.19854501430772617,0.22507373981950254,0.20278670482060313,0.09321593660576712,0.06013647369579573,0.07934844816200748,0.045701078582434516
#11,0.47026634382566584,1.0,0.386583755227823,0.25216376843495486,0.26511336121505613,0.0762689852520361,0.5800902487343166,0.36155183799251595,0.34461149020471055,0.4914219678626458,0.4578890600924499,0.1830068236847898,0.21976667400396213,0.10258199427690953,-0.13541492405899186,-0.13885097952894562,0.40917455425930005,0.21704820603125688,0.09363636363636364,0.06459828307285935,-0.16446401056570548,-0.08817301342725072,0.0710741800572309,0.17461809377063614,0.12548756328417346,0.17987673343605548,-0.03229804094210874,-0.08708342504952675,0.11156064274708342,-0.006099493726612371,0.07828967642526964,-0.07640105657054809,0.19920757208892803,-0.023000220118864188,0.08710983931322915,0.003713405238828968,-0.1136583755227823,-0.022733876293198327,-0.13890160686770855,-0.019498128989654414,0.15732335461149022,-0.11794849218578032,-0.07533127889060093,-0.19896764252696456,-0.29355051727933085,-0.25864406779661014,0.13307285934404578,-0.004840413823464671,-0.23047765793528505,-0.3918776139115122,-0.006541932643627559,0.030112260620735198,-0.07068016729033678,0.054342945190402815,-0.04946290997138455,0.04143517499449703,-0.22552718467972704,-0.32938366718027734,-0.06275368699097512,-0.16693594541052167,0.13538410741800572,0.0951089588377724,0.016546335020911292,-0.21939467312348668,0.21114461809377064,0.1750891481399956,0.03962799911952454,0.1543913713405239,0.19323134492626018,0.06858463570327977,0.3877591899625798,0.3520823244552058,-0.13205811138014528,0.08357032797710764,-0.12753686990975127,-0.06154303323794849,-0.13959278010125467,-0.05159366057671142,0.032524763372221,0.007208892802113141,-0.018965441338322696,0.126814880035219,-0.0724191063174114,0.20245652652432314,0.23077261721329517,0.2829650011005943,0.19468853180717588,-0.14133612150561303,0.08813559322033898,-0.10731454985692274,0.13979308826766454,0.1263350209112921,0.04520581113801453,0.0288135593220339,-0.0601122606207352,0.20899625797930882,0.2488069557561083,0.26528945630640544,0.2869271406559542,0.17097072419106318,-0.0611071978868589,0.06987233105877173,-0.03032357473035439,0.1492009685230024,-0.04687871450583315,0.06195245432533568,-0.03698217037200088,-0.06973585736297601,0.15010125467752586,-0.0476997578692494,0.032696456086286595
#12,0.5952674444199868,0.386583755227823,1.0,0.7873475676865508,0.3393154303323795,0.2942769095311468,0.23516839093110278,0.29324235086946954,-0.04149240589918556,0.6530838652872551,0.12574510235527184,0.4119986792868149,0.45343165309267003,0.15985031917235307,-0.4723354611490205,-0.3062953995157385,0.7849900946511116,0.7118027734976887,-0.2448976447281532,-0.19158705701078582,-0.35905348888399735,-0.33495267444419985,0.16650891481399957,-0.029652212194585074,-0.017400396213955536,-0.21204490424829409,0.19681047765793527,0.03222320052828528,0.06882896764252697,-0.037688751926040064,0.19423068456966763,0.18002421307506053,0.2864076601364737,0.011952454325335682,-0.09899625797930883,-0.14908650671362536,-0.35735197006383446,-0.23078362315650452,-0.3019788685890381,-0.040033017829628,0.10276029055690072,-0.14048646268985251,-0.09370239929561963,-0.4331763152102135,-0.014199867928681487,-0.31700418225841953,0.43802113141096194,0.40267884657715164,0.021364736957957296,-0.08154083204930662,0.24447721769755668,0.4166982170372001,0.32451463790446844,0.2568302883557121,0.07268765133171913,-0.03149240589918556,-0.35120405018710105,-0.6085296059872332,0.25558001320713186,-0.048390931102795506,0.03838652872551178,0.1448448162007484,-0.1631454985692274,-0.261930442438917,0.4113647369579573,0.21348448162007483,0.17107638124587277,0.28296720228923616,0.011419766674003962,-0.015439137134052388,0.546220559101915,0.46732115342284836,-0.4062337662337662,0.2365793528505393,-0.4649372661237068,-0.0949306625577812,-0.2964406779661017,0.097541272287035,0.004356152322254017,-0.1012590799031477,0.15176315210213515,0.2756702619414484,0.18883777239709443,0.35937046004842615,0.22567466431873212,0.13472815320272946,0.24033678186220558,0.1282390490865067,0.15147259520140877,0.16702399295619635,0.2939291217257319,0.2975918996257979,0.058875192604006164,0.31636363636363635,0.19448602245212415,0.46220779220779223,-0.06172793308386529,0.7414087607307946,0.42956856702619417,0.38041162227602904,0.4584415584415584,0.28376183138895006,0.2705128769535549,0.45780981730134274,0.4186088487783403,0.2043165309267004,0.2944243891701519,0.022423508694695136,0.14791767554479418,0.19460928901606867,-0.07126348228043143
#13,0.6403940127668941,0.25216376843495486,0.7873475676865508,1.0,0.30886858903808057,0.34280651551837993,0.35274488223640765,0.40139775478758527,0.09486242570988333,0.676007043803654,0.22000440237728372,0.37603565925599824,0.5474598283072859,0.29332379484921856,-0.5232225401716927,-0.3942526964560863,0.7416729033678187,0.4733436055469954,-0.18053929121725731,-0.20888399735857363,-0.34025974025974026,-0.3920427030596522,0.12469513537310148,-0.07981069777679947,-0.010691173233546115,-0.2225445740699978,0.3607616112700858,0.1698217037200088,0.18853180717587498,0.1083447061413163,0.2486286594761171,0.22173013427250715,0.32840633942328856,0.18318511996478098,0.0777261721329518,-0.013099273607748183,-0.14792868148800353,-0.12706141316310807,-0.2161567246313009,0.0016244772176975566,0.1991437376183139,0.029264802993616553,-0.004536649790887079,-0.2767708562623817,-0.09822364076601364,-0.38280431432973805,0.39977767994717145,0.397541272287035,0.09617873651771956,-0.05612810917895664,0.22586176535329078,0.3462029495927801,0.2596764252696456,0.15103675985031917,-0.10138674884437596,-0.09896764252696456,-0.45041602465331276,-0.5964758969843715,0.24607528065155185,-0.07937486242570989,0.12201848998459168,0.18211754347347567,-0.09374642306845697,-0.18956856702619415,0.4225159586176535,0.18675764913053047,0.1496632181377944,0.2202245212414704,-0.03909311027955096,-0.07961479198767335,0.3676579352850539,0.26149240589918554,-0.37475016508914816,0.24179396874312128,-0.41348888399735856,-0.1925511776359234,-0.2500198106977768,0.0760708782742681,0.07683469073299581,-0.212227602905569,0.2841536429672023,0.3197622716266784,0.36906669601584857,0.37550957517059214,0.23078142196786264,0.1556966762051508,0.2949130530486463,0.2043451463790447,0.22271186440677967,0.045174994497028394,0.20933083865287255,0.2669953775038521,-0.014939467312348667,0.37813119084305524,0.27653973145498567,0.2765419326436276,-0.1499207572088928,0.6157340964120626,0.24250275148580233,0.3723728813559322,0.5201893022232005,0.28852080123266566,0.27413163108078364,0.4156680607528065,0.37244772176975566,0.2508562623816861,0.30046665199207573,0.1553532907770196,0.08139335241030156,0.25489984591679504,0.031098393132291437
#17,0.6251419766674003,0.26511336121505613,0.3393154303323795,0.30886858903808057,1.0,0.6940017609509135,0.32794629099713846,0.37016508914814,0.1434470614131631,0.45012106537530266,0.4270195905789126,0.7974576271186441,0.5636957957296941,0.3966519920757209,-0.42080123266563946,-0.5104556460488664,0.5136605767114242,0.11377283733215937,-0.08372000880475457,-0.12001540832049307,-0.263086066475897,-0.3429914153642967,-0.20057010785824345,-0.36574510235527186,-0.2693792648029936,-0.22081664098613252,-0.1838300682368479,-0.18504072198987453,0.5003830068236848,0.42685450143077264,0.315049526744442,0.22656394453004622,0.22335461149020472,-0.06855161787365177,0.29219898745322476,0.11840413823464671,0.12017389390270747,-0.014125027514858023,-0.08321153422848337,-0.07427470834250495,0.586139115122166,0.06083204930662558,0.4200418225841955,-0.11308386528725511,0.09653092670041823,-0.1438895003301783,0.29612810917895666,0.27047325555800134,-0.22441118203830068,-0.1903169711644288,-0.04374642306845697,0.13882236407660137,-0.1517609509134933,-0.17535769315430333,-0.2818115782522562,-0.1720581113801453,-0.3216640986132512,-0.4027316751045565,0.04784723750825446,-0.026053268765133173,0.14110499669821705,0.09261941448382126,-0.037900066035659256,-0.19350429231785163,-0.017600704380365397,-0.15148580233325995,0.28650231124807396,0.27166409861325114,-0.0019414483821263483,-0.0564604886638785,0.17547655734096412,0.21996478098173014,-0.02823024433193925,0.17346246973365617,0.012447721769755667,-0.03662337662337662,-0.050550297160466655,-0.10826546335020912,0.05248294078802553,-0.155544794188862,0.28749284613691395,0.67181598062954,0.40944089808496587,0.499768875192604,0.8298767334360555,0.2762623816861105,0.2884371560642747,0.5255976227162668,0.6123046445080343,0.4539159145938807,0.7267312348668281,0.5337816420867268,0.2749966982170372,0.17807175874972486,0.05476337222099934,-0.06952014087607308,-0.28651771956856703,0.4173695795729694,-0.015177195685670261,0.1962227602905569,0.21407660136473697,0.48250935505172793,0.30136253576931543,0.3301122606207352,0.20956196346026854,0.1715364296720229,0.18403918115782522,0.20282412502751485,0.1261567246313009,0.011600264142637024,-0.08911512216596962
#18,0.5344001760950914,0.0762689852520361,0.2942769095311468,0.34280651551837993,0.6940017609509135,1.0,0.2137442218798151,0.16854501430772617,-0.0727096632181378,0.3391569447501651,0.15122386088487783,0.6196125907990315,0.5319832709663218,0.3243693594541052,-0.3707307946290997,-0.46411842394893243,0.41843275368699095,0.2696984371560643,-0.09377944089808496,-0.2422033898305085,-0.31836891921637683,-0.26783403037640324,-0.08070658155403918,-0.2981465991635483,-0.18545674664318731,-0.1709553158705701,-0.0423200528285274,-0.037508254457407,0.5900418225841955,0.5877812018489985,0.5582896764252696,0.2058287475236628,0.20917235307065815,0.04529165749504733,0.26738278670482063,0.14277790006603566,0.1097952894563064,-0.03577591899625798,0.025381906229363857,-0.05324895443539511,0.5398481179837112,-0.028100374202069116,0.36934844816200746,-0.06516398855381907,0.029225181598062953,-0.13353731014747963,0.24450363196125907,0.2267048206031257,-0.13975786924939468,-0.12111600264142637,0.029454105216817083,0.11025753907109839,-0.08613031036759851,0.003396434074400176,-0.1493528505392912,-0.14894342945190403,-0.33403697996918336,-0.3832357473035439,-0.023178516398855382,-0.06343605546995378,0.2331719128329298,0.20878494386968963,0.06772176975566806,-0.08610169491525424,0.1622870349988994,-0.15213955535989435,0.25498789346246975,0.12073299581774158,-0.018038740920096854,-0.07449482720669161,0.03810037420206912,0.15999119524543254,-0.10476117103235748,0.09292537970504072,-0.031587057010785825,-0.07347127448822365,0.0060422628219238385,-0.06278010125467752,0.021945850759410083,-0.12535549196566145,0.19557340964120626,0.608564825005503,0.48777900066035657,0.35637684349548754,0.7113009024873431,0.22822364076601365,0.3054633502091129,0.5303103675985031,0.45396654193264363,0.4003609949372661,0.5973409641206251,0.49403697996918333,0.1474554259300022,0.13153422848338103,0.01869689632401497,-0.12932863746423068,-0.2571010345586617,0.3858529605987233,0.0839555359894343,0.18022011886418665,0.34747963900506273,0.761270085846357,0.3995531587057011,0.5308870790226723,0.39277790006603563,0.2804754567466432,0.3071978868589038,0.3027668941228263,0.022480739599383667,0.09844596081884217,-0.14430332379484923
#26,0.5331344926260181,0.5800902487343166,0.23516839093110278,0.35274488223640765,0.32794629099713846,0.2137442218798151,1.0,0.45440677966101695,0.4121549636803874,0.5032379484921857,0.5737530266343825,0.3299493726612371,0.4321417565485362,0.3689148139995598,-0.20194144838212635,-0.222425709883337,0.39442218798151,0.016647589698437156,0.17403697996918335,0.038888399735857365,-0.27725952014087607,-0.147739379264803,-0.022830728593440458,-0.0498943429451904,-0.07634382566585957,0.07471494607087828,-0.05627999119524543,-0.01963020030816641,0.29251595861765356,0.18640986132511556,0.20394453004622495,-0.03039621395553599,0.34246313009024876,-0.036775258639665416,0.2881884217477438,0.05611270085846357,0.06911732335461149,0.0500198106977768,-0.014334140435835351,0.13613911512216598,0.4019700638344706,0.011131410961919436,0.1514703940127669,-0.06747743781642086,-0.3338895003301783,-0.1611138014527845,0.2612568787145058,0.1225313669381466,-0.3132093330398415,-0.4699229583975347,-0.1651617873651772,-0.022161567246313008,-0.22651771956856703,0.05346687211093991,-0.23197226502311247,0.09395113361215056,-0.468448162007484,-0.2994783182918776,-0.09334800792427911,-0.13177195685670262,0.2271186440677966,0.16545674664318732,-0.04706141316310808,0.03132731675104557,0.2287409200968523,0.18304864626898526,0.15632401496808276,0.32555800132071316,0.19760950913493286,0.08388729914153643,0.2570680167290337,0.1916068677085626,-0.058633061853400836,0.15447281532027296,-0.1253576931543033,-0.11262821923838873,-0.1837706361435175,-0.05947391591459388,0.09929341844596082,0.043202729473915916,0.07610609729253796,0.2636495707682148,0.18013647369579572,0.24487343165309267,0.2285296059872331,0.308597842835131,0.22241470394012766,0.1920052828527405,0.3277107638124587,-0.16881796169931762,0.09506713625357693,-0.049264802993616554,-0.0887673343605547,-0.010928901606867708,-0.14720449042482942,-0.08140876073079463,0.0890116662998019,0.23665859564164649,0.20420647149460708,0.1661897424609289,0.102425709883337,0.16800132071318513,0.03397314549856923,0.21170372000880475,-0.03045344486022452,0.31328637464230685,0.08504732555580014,0.05089368258859784,0.13656834690732997,0.030237728373321594,0.07333920316971164
#49,0.5867268324895444,0.36155183799251595,0.29324235086946954,0.40139775478758527,0.37016508914814,0.16854501430772617,0.45440677966101695,1.0,0.6927602905569007,0.5651860004402377,0.526535329077702,0.3841668500990535,0.38806515518379925,0.3524058991855602,-0.2424521241470394,-0.40902267224301125,0.5141514417785604,0.0786088487783403,0.1786484701738939,-0.0777856042262822,-0.049218578032137354,-0.25660796830288357,-0.0514505833149901,-0.252326656394453,0.14860664758969844,-0.22874972485141976,0.14613911512216596,0.06033678186220559,0.1587277129650011,-0.03411402157164869,0.18839313229143737,0.003204930662557781,0.23049746863306186,-0.10621835791327316,0.2667972705260841,-0.043323794849218576,0.09167510455646048,-0.12004402377283734,-0.09833370019810697,0.01659916354831609,0.3234404578472375,-0.12879594981289896,0.2441800572309047,-0.1797292537970504,-0.03561082984811798,-0.14425709883337,0.3953907109839313,0.25142857142857145,-0.1583248954435395,-0.20328197226502312,-0.05662777900066036,0.05741800572309047,-0.17325996037860444,-0.06832709663218138,-0.19710103455866168,-0.16684349548756328,-0.4605128769535549,-0.5217697556680607,-0.17689852520360996,-0.09770416024653313,0.006627779000660357,-0.07950253136693815,-0.15589698437156063,-0.16367378384327536,0.3571252476337222,0.09185780321373542,0.0007440017609509135,0.015375302663438256,0.10254017169271407,-0.15221439577371781,0.21685890380805636,-0.026707021791767555,-0.06945190402817522,0.17769755668060752,-0.09441778560422628,-0.26982830728593443,-0.19269205370900286,-0.2688465771516619,-0.06044243891701519,-0.29578472375082543,0.3208056350429232,0.34475236627779,0.18778120184899846,0.4214571868809157,0.3334074400176095,0.31727272727272726,0.1882720669161347,0.14304204270305965,0.30522342064714947,0.029141536429672023,0.09607528065155184,0.14704380365397315,0.035901386748844376,0.12287915474356152,-0.008269865727492847,0.08418005723090469,-0.1264472815320273,0.2941030156284394,0.11364296720228924,0.01589918556020251,0.16845696676205152,0.1623728813559322,0.042670041822584194,0.20584415584415586,0.06683248954435395,0.18110719788685892,0.13869909751265683,-0.08241690512876954,-0.03404798591239269,-0.22788245652652434,-0.035540391811578254
#50,0.35010345586616776,0.34461149020471055,-0.04149240589918556,0.09486242570988333,0.1434470614131631,-0.0727096632181378,0.4121549636803874,0.6927602905569007,1.0,0.4101540832049307,0.4854391371340524,0.13942108738718909,0.21323354611490206,0.20486682808716708,0.03789346246973366,-0.15126788465771518,0.21080563504292318,-0.28567246313009026,0.3509883337001981,0.07412282632621615,0.30040942108738716,-0.0174356152322254,-0.051727933083865286,-0.1955976227162668,0.24856482500550298,-0.10866167730574511,0.14919436495707683,-0.030072639225181597,-0.011994276909531146,-0.03112920977327757,-0.07644948272066916,0.04238828967642527,-0.13706581554039182,-0.10620074840413823,0.16940347787805415,-0.004571868809156944,0.19329077701959058,-0.03683469073299582,0.03637464230684569,0.1310213515298261,0.21555139775478757,0.09511776359233987,0.21826986572749285,-0.021543033237948494,0.10027955095751706,0.01656174334140436,0.0709949372661237,-0.033086066475896986,-0.12761171032357474,-0.11710103455866168,-0.20226062073519702,-0.10224521241470394,-0.32309487123046443,-0.1576337222099934,-0.1412722870349989,-0.03907770195905789,-0.19318732115342285,-0.18463790446841294,-0.17674664318732114,-0.06083645168390931,-0.02055690072639225,-0.1333348007924279,-0.17717807616112702,-0.18355491965661458,0.13832269425489765,0.1424191063174114,-0.19211534228483382,-0.030248734316530926,0.06749064494827206,-0.20324895443539512,0.10113581333920317,-0.15466872110939908,0.14539071098393133,0.19799471714725952,0.013792648029936166,-0.22493946731234868,-0.1335923398635263,-0.32110279550957516,-0.10830728593440458,-0.13185560202509355,0.11509795289456307,0.1862821923838873,0.08294298921417566,0.1625379705040722,0.08068897204490424,0.22212194585075942,0.07237508254457407,0.14355491965661457,0.18172132951793968,-0.021472595201408762,-0.013033237948492185,0.03794188861985472,0.1480277349768875,0.04653312788906009,-0.005828747523662778,-0.05155844155844156,0.03927360774818402,-0.1449768875192604,-0.16315430332379485,-0.32185119964780984,-0.1907968302883557,-0.13072419106317412,-0.21222980409421088,-0.10649790887079022,-0.3636319612590799,-0.1320977327756989,-0.21525203609949373,-0.19199427690953114,-0.07618534008364516,-0.32779440898084966,-0.017706361435174994
#51,0.7199229583975346,0.4914219678626458,0.6530838652872551,0.676007043803654,0.45012106537530266,0.3391569447501651,0.5032379484921857,0.5651860004402377,0.4101540832049307,1.0,0.5127118644067796,0.5327977107638124,0.5974180057230905,0.392029495927801,-0.31179837112040504,-0.35372000880475457,0.7394078802553379,0.2867840633942329,0.021890821043363415,-0.2631432973805855,-0.2146401056570548,-0.3455425930002201,0.09744441998679287,-0.1681664098613251,0.045168390931102795,-0.21245432533568126,0.25915914593880696,0.039451904028175215,0.28830288355712086,0.12771956856702618,0.2187277129650011,0.13948932423508695,0.1658199427690953,-0.10012326656394453,0.23538410741800572,0.03539731454985692,-0.015670261941448382,-0.03606207351970064,-0.10914373761831389,-0.01112260620735197,0.41224521241470397,-0.03609289016068677,0.150462249614792,-0.15175434734756768,-0.012287034998899406,-0.2923772837332159,0.43244331939247194,0.4060444640105657,0.025441338322694254,-0.15182258419546554,0.19030156284393573,0.22228263262161568,0.0808034338542813,-0.024384767774598283,-0.11677525863966542,-0.10487563284173454,-0.5022870349988994,-0.6677767994717148,0.09895663658375523,-0.15722870349988993,0.03262161567246313,0.018069557561082986,-0.026304204270305966,-0.2736275588817962,0.44653753026634385,0.11255558001320713,0.12897644728153201,0.2190182698657275,0.07397534668721109,-0.08429011666299802,0.35703720008804757,0.25365617433414045,-0.26658155403918116,0.09198547215496368,-0.32914593880695575,-0.24172573189522342,-0.334983491085186,-0.21348228043143297,0.041210653753026634,-0.1558815760510676,0.18949372661237068,0.41656834690732997,0.32434514637904466,0.3453598943429452,0.31544353951133614,0.22688531807175874,0.2025841954655514,0.3198767334360555,0.33788025533788246,0.0837574290116663,0.28562623816861105,0.17246313009024875,0.008826766453885098,0.15250275148580233,0.08193704600484261,0.11465991635483161,-0.1411732335461149,0.5354347347567686,0.16197446621175435,0.24289896544133832,0.2817939687431213,0.2683711204050187,0.16163328197226504,0.35286374642306845,0.2091151221659696,0.13931763152102136,0.10427690953114682,-0.011496808276469293,0.04723310587717367,0.06450143077261722,-0.03445740699977988
#52,0.4853775038520801,0.4578890600924499,0.12574510235527184,0.22000440237728372,0.4270195905789126,0.15122386088487783,0.5737530266343825,0.526535329077702,0.4854391371340524,0.5127118644067796,1.0,0.38537310147479636,0.28912392692053707,0.27390490865067135,-0.23085846357032797,-0.10322914373761831,0.3922209993396434,-0.08347567686550737,-0.09559982390490865,-0.2061369139335241,-0.1372969403477878,-0.08331939247193484,-0.07632621615672464,-0.13851419766674003,0.025141976667400395,-0.07879815100154083,-0.051113801452784505,-0.0024081003742020693,0.11970283953334801,0.006834690732995818,0.1970151882016289,-0.06747083425049527,0.14212634822804315,-0.14411182038300682,0.15491745542593,-0.08062513757429011,-0.0006207351970063834,-0.07129429892141756,-0.04925379705040722,-0.027059211974466212,0.27264802993616555,-0.1346665199207572,0.15583975346687212,0.05795949812898966,-0.10370239929561964,0.05751045564604887,0.32975786924939465,0.20160686770856262,-0.026330618534008365,-0.09800132071318512,-0.008139995597622716,-0.031697116442879154,-0.2479616993176315,-0.16148139995597624,-0.2846290997138455,-0.19507373981950255,-0.3155073739819503,-0.2650671362535769,-0.09965441338322695,-0.04221439577371781,-0.013237948492185781,-0.1186880915694475,-0.19300682368478977,0.0424058991855602,0.1246929341844596,-0.01410741800572309,-0.04424609289016069,0.15852520360994937,-0.09566145718688092,-0.1349306625577812,0.07109839313229144,0.09533127889060092,-0.017853841074180057,-0.05070878274268105,-0.12049966982170372,-0.16027955095751706,-0.17296940347787806,-0.16310367598503192,-0.005322474136033458,-0.021241470394012765,-0.011419766674003962,0.3671692714065595,0.09665639445300463,0.32033898305084746,0.28260620735197006,0.24206251375742902,0.11076381245872771,0.22886418666079683,0.2821747743781642,-0.10380585516178736,0.1837112040501871,0.06937046004842615,0.054910851860004405,0.0764142637023993,0.003574730354391371,0.07338322694254898,0.05692053709002862,0.1926370239929562,0.006246973365617433,0.15286154523442658,-0.04449262601804975,0.09548095971824785,-0.035993836671802774,0.13104556460488664,-0.07721109399075501,0.16985031917235308,-0.024065595421527624,-0.05818401937046005,0.039729253797050404,-0.09939687431212856,0.13071318511996477
#53,0.6196544133832269,0.1830068236847898,0.4119986792868149,0.37603565925599824,0.7974576271186441,0.6196125907990315,0.3299493726612371,0.3841668500990535,0.13942108738718909,0.5327977107638124,0.38537310147479636,1.0,0.6520184899845917,0.6168016729033678,-0.2666123706801673,-0.5187585296059872,0.5995597622716267,0.17983050847457627,0.025826546335020913,-0.2926634382566586,-0.2326370239929562,-0.495214615892582,-0.2185692273827867,-0.33229143737618316,-0.23237728373321595,-0.2197424609289016,-0.1992471934844816,-0.2875214615892582,0.5353510895883777,0.3727030596522122,0.3202751485802333,0.30675985031917236,0.22583314990094652,-0.025315870570107857,0.3906251375742901,0.17698657274928462,0.23214175654853622,0.02589698437156064,0.07005502971604667,0.05145498569227383,0.5755293858683689,-0.0056900726392251815,0.35205811138014526,-0.17277129650011006,-0.021322914373761832,-0.2865727492846137,0.3893418445960819,0.3550121065375303,-0.23128329297820824,-0.27944530046224964,-0.025291657495047325,-0.020935505172793308,-0.14797490644948272,-0.28052168170812236,-0.2606779661016949,-0.1774686330618534,-0.28819062293638564,-0.4878582434514638,-0.09630640545894784,-0.24670482060312568,0.11320933303984151,0.09853180717587497,0.08708342504952675,0.03710103455866168,-0.05274488223640766,-0.3120360994937266,0.5131344926260181,0.47722209993396436,0.17716266784063395,0.0952014087607308,0.25104556460488664,0.240066035659256,0.053462469733656176,0.1736781862205591,0.023869689632401495,-0.03580013207131851,-0.03301562843935725,-0.0512392692053709,0.26810477657935283,-0.15066916134712746,0.43151882016288795,0.5342108738718908,0.3639819502531367,0.6445124367158266,0.7795003301782962,0.27095311468192823,0.21565265243231346,0.478201628879595,0.551056570548096,0.3958155403918116,0.5530728593440458,0.36756988773937926,0.15304864626898526,-0.022799911952454326,-0.210594320933304,-0.0401848998459168,-0.2755910191503412,0.4572859344045785,0.050068236847897865,0.24621835791327318,0.23216596962359673,0.4049570768214836,0.27109839313229145,0.361633281972265,0.32248073959938367,0.18318732115342284,0.19777239709443098,0.24199867928681487,0.20336341624477217,-0.05604666519920757,-0.2363944530046225
#54,0.5842857142857143,0.21976667400396213,0.45343165309267003,0.5474598283072859,0.5636957957296941,0.5319832709663218,0.4321417565485362,0.38806515518379925,0.21323354611490206,0.5974180057230905,0.28912392692053707,0.6520184899845917,1.0,0.5084767774598283,-0.3329165749504733,-0.4162095531587057,0.5688003521901827,0.18353070658155404,0.060909090909090906,-0.023090468853180716,-0.19174334140435836,-0.3870261941448382,-0.05575610829848118,-0.2595025313669381,-0.1922870349988994,-0.20403037640325775,-0.048401937046004845,-0.10432313449262602,0.4158199427690953,0.34735197006383445,0.2890777019590579,0.2125775918996258,0.27146379044684127,0.07579793088267664,0.2468170812238609,0.12420867268324895,0.1260708782742681,0.017996918335901387,-0.08888179616993176,0.041967862645828746,0.4629121725731895,0.06828747523662777,0.36578472375082544,-0.05590138674884437,-0.10081664098613251,-0.31508254457407,0.3625974025974026,0.290627338762932,-0.14263042042703059,-0.272920977327757,0.026099493726612372,0.13156724631300903,0.034919656614571866,0.02549636803874092,-0.21806955756108298,-0.049504732555580015,-0.39071538630860664,-0.44299361655293856,-0.039854721549636804,-0.1471846797270526,0.12329958177415805,0.1539753466872111,-0.00175214615892582,-0.08948272066916135,0.19357032797710763,0.05012106537530266,0.3865925599823905,0.2845036319612591,0.06920537090028615,-0.03467972705260841,0.2880277349768875,0.1602047105436936,-0.20803213735417125,0.19947391591459387,-0.09753686990975127,-0.06381906229363857,-0.2235923398635263,-0.1766916134712745,0.1758331499009465,-0.13053048646268986,0.39944970283953335,0.5437420206911733,0.5780409421087387,0.5266541932643628,0.5004974686330619,0.2083645168390931,0.24144618093770637,0.4443187321153423,0.5181421967862646,0.21777679947171472,0.39193264362755886,0.2689632401496808,0.11572529165749505,0.09786484701738939,-0.045049526744442,-0.059495927801012545,-0.21837772397094432,0.4823640766013647,0.1384305524983491,0.27943649570768214,0.3795839753466872,0.42147479639005064,0.23237068016729034,0.40399075500770415,0.290675764913053,0.293680387409201,0.22882896764252697,0.13448602245212415,0.1588729914153643,-0.04912832929782082,-0.1756152322254017
#58,0.41583094871230464,0.10258199427690953,0.15985031917235307,0.29332379484921856,0.3966519920757209,0.3243693594541052,0.3689148139995598,0.3524058991855602,0.20486682808716708,0.392029495927801,0.27390490865067135,0.6168016729033678,0.5084767774598283,1.0,-0.08219018269865727,-0.5222033898305085,0.27826546335020913,-0.17671802773497688,0.3799141536429672,-0.18797930882676644,-0.2872243011226062,-0.6493616552938587,-0.2275148580233326,-0.13595641646489104,-0.23484261501210654,0.06373321593660576,-0.2692097732775699,-0.23410301562843935,0.47017609509134933,0.44417785604226284,0.14712304644508034,0.440759410081444,0.22019370460048426,0.19927801012546775,0.6718776139115122,0.567409200968523,0.5709311027955096,0.3987893462469734,0.3332423508694695,0.09235086946951354,0.5216729033678186,0.1423398635263042,0.29518600044023774,0.013537310147479638,-0.3261897424609289,-0.5582302443319392,0.40714725952014086,0.31980849658815763,-0.3631080783623156,-0.5210961919436495,-0.1286946951353731,-0.10923398635263042,-0.23932423508694695,-0.3495861765353291,-0.47507153863086066,-0.182821923838873,-0.308135593220339,-0.4035285053929122,-0.15728153202729475,-0.41772617213295177,0.3006449482720669,0.22449262601804976,0.5057054809597182,0.37679286814880036,-0.02419106317411402,-0.35983491085186,0.7103059652212195,0.5406383447061414,0.38457627118644067,0.27250275148580233,0.06420427030596522,-0.015575610829848117,-0.023000220118864188,0.13819062293638565,0.20966982170372,0.0062909971384547654,-0.056348228043143295,-0.12482940788025534,0.35452564384767776,-0.12205811138014527,0.439207572088928,0.26297600704380364,0.29236187541272285,0.2810015408320493,0.3994563064054589,0.27408540611930443,0.1638366718027735,0.22971384547655735,0.40219238388729917,0.11096632181377944,0.24387849438696896,0.11176755447941888,-0.039381465991635486,-0.13040501871010346,-0.3097116442879155,-0.34916134712744884,-0.308762931983271,0.1696830288355712,-0.05584635703279771,0.14169491525423727,0.30669821703720007,0.09999779881135813,0.23900286154523442,0.09330398415144178,0.1607065815540392,0.07877834030376403,0.14995817741580453,0.30848117983711204,0.19478758529605988,0.037464230684569666,-0.03199207572088928
#101,-0.5474047985912392,-0.13541492405899186,-0.4723354611490205,-0.5232225401716927,-0.42080123266563946,-0.3707307946290997,-0.20194144838212635,-0.2424521241470394,0.03789346246973366,-0.31179837112040504,-0.23085846357032797,-0.2666123706801673,-0.3329165749504733,-0.08219018269865727,1.0,0.5672969403477878,-0.46789566365837554,-0.30166409861325116,0.6108650671362535,0.1602707462029496,0.5017697556680607,0.23535769315430333,-0.05815320272947391,0.16023112480739599,0.17068677085626238,0.1618534008364517,-0.2298151001540832,-0.38236407660136473,-0.004758969843715606,-0.10565925599823905,-0.35112480739599383,-0.18497468633061853,-0.439900946511116,-0.09119744662117543,0.17934404578472374,0.11047105436935946,0.2899471714725952,0.3167620515078142,0.4398525203609949,0.09671142416905129,-0.034505833149900945,-0.022593000220118863,0.01913053048646269,0.32589918556020253,-0.006636583755227823,0.0461831388950033,-0.21570988333700197,-0.20898745322474135,-0.14898745322474136,-0.20959718247853842,-0.1910873871890821,-0.5506889720449043,-0.2632379484921858,-0.2898657274928461,0.26274708342504954,0.21140876073079462,0.28765793528505396,0.2675874972485142,-0.34940347787805415,-0.3651507814219679,-0.3209090909090909,-0.3521021351529826,0.34130310367598504,0.41440677966101697,-0.2843253356812679,-0.24770195905789127,-0.024439797490644947,0.01667180277349769,0.5302685450143078,0.4456174334140436,-0.23621835791327317,-0.362293638564825,0.22924499229583975,-0.28396213955535987,0.24881796169931764,0.02312128549416685,-0.023119084305524982,-0.2893286374642307,0.2825841954655514,0.19987012987012986,-0.19379484921857804,-0.3802135152982611,-0.3977459828307286,-0.14692714065595422,-0.334389170151882,-0.33630640545894785,-0.49753246753246755,-0.3041008144397975,-0.1537046004842615,0.040290556900726394,-0.3881091789566366,-0.3187871450583315,-0.2602707462029496,-0.5131278890600924,-0.4759366057671142,-0.24094430992736077,0.10025093550517279,-0.6134998899405679,-0.2830728593440458,-0.49651771956856705,-0.5982764692934185,-0.4184349548756328,-0.37113141096191943,-0.35869249394673125,-0.26414924058991857,-0.35901606867708563,-0.41649350649350647,-0.2375610829848118,-0.05244331939247193,-0.4927470834250495,-0.385643847677746
#102,-0.48069777679947173,-0.13885097952894562,-0.3062953995157385,-0.3942526964560863,-0.5104556460488664,-0.46411842394893243,-0.222425709883337,-0.40902267224301125,-0.15126788465771518,-0.35372000880475457,-0.10322914373761831,-0.5187585296059872,-0.4162095531587057,-0.5222033898305085,0.5672969403477878,1.0,-0.42923838872991416,-0.09192383887299141,-0.0012282632621615672,0.20913053048646268,0.29763592339863526,0.5986880915694475,0.23559982390490866,0.3691613471274488,0.21463130090248733,0.23841514417785603,0.011809377063614351,-0.0598415144177856,-0.37047105436935945,-0.27208012326656394,-0.3196125907990315,-0.3148580233325996,-0.4050693374422188,-0.18985031917235307,-0.29451243671582655,-0.24231565045124367,-0.32157825225621833,0.021415364296720227,0.15272727272727274,0.2212062513757429,-0.3837684349548756,0.05103896103896104,-0.20016288795949813,0.32805635042923176,0.15475676865507373,0.4425159586176535,-0.23842835130970724,-0.247475236627779,0.16695795729694035,0.1816751045564605,0.00020471054369359455,-0.3416751045564605,0.008551617873651772,0.08475016508914814,0.3692031697116443,0.33676205150781424,0.2068214836011446,0.4852608408540612,0.07847237508254458,0.15810037420206913,-0.5173365617433414,-0.5168368919216377,-0.04604226282192384,0.2396169931763152,-0.10517279330838653,0.1289786484701739,-0.30717587497248516,-0.08011005943209333,-0.015170592119744662,0.22571208452564384,-0.19653532907770196,-0.12895883777239708,0.020898084965881577,-0.3634932863746423,-0.21087387189082105,-0.08907109839313229,-0.21698877393792648,-0.11646489104116223,0.08504732555580014,0.5360444640105657,-0.37236187541272286,-0.386517719568567,-0.42854721549636804,-0.327772397094431,-0.5187145058331499,-0.4749218578032137,-0.5489170151882016,-0.26231565045124366,-0.30220559101915034,-0.1033348007924279,-0.36820603125687873,-0.3497094430992736,-0.14791767554479418,-0.21703499889940567,-0.050585516178736516,0.05962359674224081,0.46903367818622055,-0.43902707462029494,-0.07011446180937707,-0.33439797490644946,-0.5759344045784723,-0.41597622716266786,-0.40558661677305746,-0.2838168611049967,-0.3216266784063394,-0.3033303984151442,-0.43758969843715606,-0.5211468192824125,-0.16009024873431654,-0.25521021351529827,-0.08625137574290116
#201,0.7388003521901827,0.40917455425930005,0.7849900946511116,0.7416729033678187,0.5136605767114242,0.41843275368699095,0.39442218798151,0.5141514417785604,0.21080563504292318,0.7394078802553379,0.3922209993396434,0.5995597622716267,0.5688003521901827,0.27826546335020913,-0.46789566365837554,-0.42923838872991416,1.0,0.4926876513317191,-0.20605326876513316,-0.22270526084085407,-0.21071538630860664,-0.3484921857803214,-0.07132731675104556,-0.23530926700418225,-0.060288355712084525,-0.3444243891701519,0.21764913053048646,-0.0288069557561083,0.25360334580673566,0.032720669161347124,0.3687937486242571,0.19977988113581335,0.35316751045564604,-0.04873211534228483,0.010528285274047986,-0.1615826546335021,-0.17575390710983932,-0.20078582434514639,-0.3077657935285054,-0.018450363196125908,0.2623332599603786,-0.1571516618974246,0.004807395993836672,-0.37063174114021574,0.05583314990094651,-0.23430112260620736,0.4833920316971164,0.37320713185119964,-0.0055271846797270525,-0.11202069117323354,0.22413603345806735,0.34674884437596304,0.1652212194585076,0.08833810257539071,-0.11039181157825226,-0.15075280651551837,-0.43421527624917455,-0.6693748624257099,0.18097292537970505,-0.09082544574069998,-0.0535923398635263,0.008151001540832049,-0.19536649790887078,-0.26648690292758087,0.31033898305084745,0.08110279550957517,0.20018269865727492,0.3249966982170372,0.05606647589698437,-0.04728153202729474,0.5417279330838652,0.47747963900506274,-0.22632401496808277,0.15133612150561304,-0.41887299141536427,-0.22479418886198546,-0.2995113361215056,-0.028820162887959497,0.057180277349768875,-0.20648910411622276,0.30500550297160467,0.4945696676205151,0.25125467752586395,0.5430728593440458,0.4278626458287475,0.1748712304644508,0.19116883116883118,0.27323134492626017,0.30650451243671584,0.1809355051727933,0.36056350429231787,0.3905657054809597,0.1434866828087167,0.20237068016729035,0.14364736957957297,0.4190688972044904,-0.14575610829848118,0.7299845916795069,0.2635791327316751,0.34254017169271406,0.35505172793308387,0.3863746423068457,0.24060532687651331,0.4907109839313229,0.32336781862205594,0.24890821043363417,0.2584635703279771,-0.01735197006383447,0.014424389170151881,-0.010543693594541052,-0.09779220779220779
