,#10,#11,#12,#13,#17,#18,#26,#49,#50,#51,#52,#53,#54,#58,#101,#102,#201,#202,#301,#302,#401,#402,#501,#502,#601,#602,#701,#702,#801,#802,#901,#902,#1001,#1002,#1101,#1102,#1201,#1202,#1301,#1302,#1401,#1402,#1501,#1502,#1601,#1602,#1701,#1702,#1801,#1802,#1901,#1902,#2001,#2002,#2101,#2102,#2201,#2202,#2301,#2302,#2401,#2402,#2501,#2502,#2601,#2602,#2701,#2702,#2801,#2802,#2901,#2902,#3001,#3002,#3101,#3102,#3201,#3202,#3301,#3302,#3401,#3402,#3455,#3501,#3502,#3601,#3602,#3701,#3702,#3801,#3802,#3901,#3902,#4001,#4002,#4101,#4102,#4201,#4202,#4301,#4302,#4401,#4402,#4501,#4502,#4601,#4602,#4701,#4702,#4801,#4802
#10,1.0,0.3112062513757429,0.5115452344265904,0.519027074620295,0.16331058771736737,0.3467752586396654,0.2858463570327977,0.4239467312348668,0.3130618534008365,0.5072485141976667,0.2619854721549637,0.13633942328857582,0.1503235747303544,0.24417345366497908,-0.023770636143517498,0.01425709883337002,0.49411182038300683,0.329390270746203,-0.1087211093990755,-0.041910631741140215,0.08725731895223421,0.045978428351309705,-0.019555359894342945,-0.13296279991195245,0.05022232005282853,-0.10893022232005282,-0.061562843935725295,-0.2942504952674444,0.28006163328197226,0.23090248734316532,0.3065265243231345,-0.046035659255998236,0.1785626238168611,-0.06289676425269645,0.09482060312568787,0.03515738498789346,-0.01689852520360995,0.014475016508914813,0.1124983491085186,-0.06564825005502972,-0.06687651331719129,0.09900066035659257,-0.23188201628879596,0.09424389170151883,-0.12221879815100153,-0.11269425489764473,-0.2143979749064495,-0.10029495927801013,-0.17101915034118423,-0.18631741140215716,-0.1678780541492406,-0.27772397094430995,0.03443539511336122,-0.011430772617213295,-0.049465111160026415,-0.03475676865507374,-0.2974972485141977,-0.33508034338542814,-0.019394673123486684,-0.08594541052168171,0.053319392471934846,0.0024609289016068675,0.044019370460048425,0.20065375302663438,0.1732973805855162,0.12969183359013867,0.204224081003742,0.18745322474136034,0.24218357913273167,0.18948272066916136,0.2725665859564165,0.3484569667620515,0.0460840854061193,-0.027237508254457407,-0.15362755888179616,-0.10487563284173454,-0.029531146819282414,-0.15485582214395774,-0.0022254017169271406,0.19815540391811579,0.16023552718467973,-0.034838212634822806,-0.18472154963680387,0.2815694475016509,0.265313669381466,-0.12122826326216157,-0.04561303103675985,-0.034976887519260404,0.07635263042042703,0.11138674884437597,0.09854721549636804,-0.05450143077261722,-0.1565639445300462,-0.04710543693594541,-0.1468545014307726,0.34234206471494605,0.16540171692714065,0.3764208672683249,0.057156064274708346,0.14610169491525424,-0.06037200088047546,0.40202729473915916,0.1549042482940788,0.33262601804974684,0.32362976007043803,0.2646555139775479,0.09801672903367818,0.10366277790006603,0.14302443319392472,-0.004580673563724411,-0.14127448822364078
#11,0.3112062513757429,1.0,0.4940281752146159,0.41854721549636803,-0.025500770416024655,0.0410741800572309,0.3627823024433194,0.07460928901606868,0.2537574290116663,0.4491613471274488,0.24622496147919876,-0.11463790446841295,0.056583755227823024,-0.05567686550737398,0.05236407660136474,0.2111600264142637,0.2293418445960819,0.2364935064935065,0.014833810257539071,0.20949812898965442,0.15457186880915694,0.3574862425709883,-0.041331719128329295,0.09067796610169492,-0.05765793528505393,0.06445960818842175,-0.11340523882896764,-0.19726832489544355,-0.13044023772837332,-0.09282852740479859,-0.002489544353951134,-0.2434998899405679,0.08389390270746203,-0.12314549856922738,-0.16393792648029937,-0.16663658375522783,-0.15081443979749065,0.0424653312788906,-0.13628659476117103,-0.1514637904468413,-0.06947831829187762,-0.090297160466652,-0.05935725291657495,0.0563680387409201,-0.2364604886638785,0.022075720889280212,-0.2816861104996698,-0.3008804754567466,-0.24550517279330838,-0.2900220118864187,-0.15982390490865067,-0.07684129429892142,-0.007473035439137134,0.24693814659916355,-0.03618534008364517,0.19697116442879153,-0.2122033898305085,-0.033253356812678846,0.16307285934404578,-0.13442218798151,0.11738718908210434,0.02025974025974026,-0.3733083865287255,-0.09292097732775699,0.16740479859123927,0.3319018269865727,-0.0059300022011886415,0.15920757208892802,0.23950913493286374,0.08682148360114461,0.29935725291657495,0.23099273607748183,-0.039476117103235744,-0.14984591679506934,-0.1963416244772177,-0.0398283072859344,-0.09546995377503852,0.004895443539511336,-0.21368258859784284,0.052377283733215936,0.009399075500770416,-0.10661457186880915,-0.12011005943209332,-0.01236847897864847,0.04468192824125027,0.03915034118423949,-0.0017389390270746202,-0.13278670482060312,0.027433414043583536,-0.05170151882016289,0.00099933964340744,0.11474796390050628,-0.227574290116663,0.2288399735857363,-0.06804974686330618,0.3039225181598063,0.39820823244552056,0.16906229363856481,0.17961919436495707,0.049742460928901604,0.12313009024873432,0.055553598943429455,-0.09416685009905348,0.07202949592780102,0.15224301122606207,0.1915958617653533,0.07414924058991855,0.046770856262381685,-0.10071098393132291,0.10229363856482501,0.044287915474356156
#12,0.5115452344265904,0.4940281752146159,1.0,0.5722760290556901,0.32667180277349767,0.5582104336341625,0.31113141096191943,0.12069997798811358,0.38147259520140875,0.5893946731234867,0.17044464010565705,-0.0053466872110939905,0.24064274708342506,0.01676865507373982,-0.29444199867928683,-0.05290997138454766,0.7723530706581554,0.7336407660136474,-0.3379683028835571,-0.20655954215276248,-0.18667180277349768,-0.02583314990094651,-0.06534008364516838,-0.051441778560422625,0.2487409200968523,0.09242791107197887,0.0739159145938807,-0.19269205370900286,0.2628263262161567,0.10779220779220779,0.4601122606207352,-0.14296500110059432,0.5627999119524544,0.07846136913933524,-0.2288333700198107,-0.29066255778120187,-0.2632753686990975,-0.292227602905569,0.16850539291217256,-0.1541404358353511,-0.17934404578472374,-0.09760510675764913,-0.24831829187761392,-0.12370239929561963,-0.1508100374202069,-0.08079903147699757,-0.214884437596302,-0.3429980189302223,-0.2423002421307506,-0.36382566585956416,-0.18221219458507595,-0.2368875192604006,0.2055293858683689,0.21123046445080343,-0.4501760950913493,-0.17670041822584195,-0.3780563504292318,-0.4788201628879595,0.24435174994497028,0.028593440457847237,0.06550957517059212,0.08569227382786705,-0.17219678626458287,-0.06644508034338543,0.4763438256658596,0.2247391591459388,0.31907990314769974,0.29377944089808494,0.21064714946070878,0.07179616993176315,0.6289434294519041,0.3698481179837112,0.020708782742681047,-0.14655954215276248,-0.4032159366057671,-0.14869029275808937,-0.20529165749504732,-0.08640986132511556,-0.07531807175874973,0.1148976447281532,0.06839973585736298,-0.08422628219238389,-0.17115562403697998,0.3874598283072859,0.20782522562183578,0.04338983050847458,0.0714175654853621,-0.08875632841734536,-0.16153863086066475,0.01837772397094431,-0.042306845696676205,0.1675808936825886,-0.2116200748404138,0.251402157164869,-0.023825665859564166,0.6414329738058552,0.5882500550297161,0.6813251155624037,0.3152982610609729,0.30112920977327756,0.22154523442659035,0.6688223640766013,0.37737178076161126,0.5437046004842615,0.5457384987893462,0.5990160686770857,0.5033568126788466,-0.12041382346467092,-0.18888399735857364,0.12470394012766894,0.0636847897864847
#13,0.519027074620295,0.41854721549636803,0.5722760290556901,1.0,0.0650561303103676,0.11874972485141977,0.27192383887299143,0.29329958177415805,0.20185560202509356,0.6025555800132071,0.31632401496808277,0.22480079242791107,0.4027823024433194,0.22595641646489104,-0.1150231124807396,0.045148580233326,0.5372353070658156,0.2175941008144398,-0.13424829407880257,0.037349768875192604,-0.032518159806295396,0.060264142637023996,-0.1474554259300022,-0.0777988113581334,0.17903587937486243,0.05974025974025974,-0.041377944089808494,-0.10483601144618093,0.007486242570988334,0.0388795949812899,0.09650231124807396,0.005505172793308387,0.1393330398415144,-0.18849218578032137,-0.011617873651771957,-0.03998459167950694,-0.03739819502531367,-0.08029495927801013,0.2046797270526084,0.06036979969183359,-0.15762271626678406,-0.04818181818181818,-0.16883777239709444,0.036533127889060095,-0.27607528065155185,-0.1425841954655514,-0.19839533348007923,-0.14097292537970504,-0.22721769755668061,-0.27053488883997356,-0.3134404578472375,-0.2790909090909091,0.004747963900506274,-0.04822584195465551,-0.1088531807175875,0.029282412502751487,-0.2775148580233326,-0.17973365617433415,0.10710323574730354,0.00524323134492626,0.09452344265903588,0.13368258859784282,-0.21275148580233327,-0.08914153642967203,0.36597622716266787,0.1401188641866608,-0.004825005502971605,0.020750605326876514,-0.05144397974906449,0.010655954215276249,0.24340523882896764,0.1548646268985252,-0.05292097732775699,-0.07742240810037421,-0.12416464891041162,-0.03685670261941448,-0.007032797710763813,-0.08899625797930882,-0.06267224301122606,0.028659476117103237,-0.09386088487783403,-0.055364296720228925,-0.07337662337662337,0.035797930882676646,0.18821263482280431,-0.0512524763372221,0.09132731675104556,-0.016603565925599823,-0.009854721549636803,0.061587057010785824,-0.07258199427690953,0.10335241030156285,-0.19944970283953334,0.2686924939467312,-0.1383469073299582,0.24531807175874973,0.1569293418445961,0.3670812238608849,0.03274047985912393,0.1621021351529826,0.1287937486242571,0.16871230464450804,0.130066035659256,0.17882456526524323,0.256682808716707,0.19022232005282852,0.047723970944309926,0.06966762051507815,0.2004886638784944,-0.04314329738058552,-0.04236187541272287
#17,0.16331058771736737,-0.025500770416024655,0.32667180277349767,0.0650561303103676,1.0,0.6796147919876734,-0.08104996698217037,-0.16376623376623375,0.5088311688311689,0.0549768875192604,-0.3445080343385428,0.3503543913713405,0.1362293638564825,-0.19377944089808496,-0.23282412502751484,-0.10189522342064715,0.33254017169271405,0.5606955756108298,-0.17810037420206912,-0.2028681488003522,-0.3388531807175875,-0.2638212634822804,0.23871230464450804,0.09600924499229584,0.26497908870790227,0.1622870349988994,0.15851199647809816,-0.17253356812678847,0.4505546995377504,0.5130684569667621,0.5566762051507814,0.2758067356372441,0.46735197006383444,0.13381245872771297,0.08735197006383447,-0.007429011666299802,0.12717367378384328,0.0028219238388729915,0.20326656394453005,-0.06138674884437596,0.04409641206251376,0.051188641866607966,0.02230464450803434,0.006442879154743561,0.09185780321373542,0.056691613471274487,0.012328857583094871,-0.11502091129209774,-0.06728153202729474,-0.19826986572749283,-0.0010741800572309048,-0.27055690072639227,0.19152542372881357,-0.1123992956196346,-0.21253356812678847,-0.2739885538190623,-0.3163416244772177,-0.19791987673343606,0.1847457627118644,0.009357252916574951,-0.18597402597402599,-0.27268545014307727,0.4060312568787145,-0.040237728373321596,0.06812678846577151,0.04609949372661237,0.5482324455205811,0.110198106977768,0.24335901386748846,0.1127030596522122,0.38667620515078144,0.12142196786264584,0.18163988553819063,0.014869029275808937,-0.13089368258859785,-0.11889720449042483,-0.30513977547875853,-0.3493946731234867,0.29919216376843494,0.2719722650231125,0.14325775918996259,0.2858287475236628,0.05165749504732556,0.4875258639665419,0.35125687871450584,-0.10386088487783403,-0.2216751045564605,0.21882896764252696,-0.08559101915034119,0.29853180717587496,0.24535108958837773,-0.10289016068677086,-0.06847457627118644,0.04917455425930002,-0.00977327756988774,0.2911138014527845,0.19086726832489545,0.31058331499009467,0.21749064494827205,0.25880915694475015,-0.0811996478098173,0.479636803874092,0.6026876513317191,0.5331234866828087,0.4494783182918776,0.5164714946070879,0.4350715386308607,-0.3786154523442659,-0.1400528285274048,-0.04717807616112701,-0.06122826326216157
#18,0.3467752586396654,0.0410741800572309,0.5582104336341625,0.11874972485141977,0.6796147919876734,1.0,-0.035941008144397976,-0.15165749504732556,0.6271010345586617,0.14498128989654413,-0.3249020471054369,0.09694695135373102,0.025241030156284393,-0.2457296940347788,-0.3515100154083205,-0.2590490865067136,0.4702707462029496,0.8253180717587497,-0.3406009244992296,-0.33438696896324016,-0.279636803874092,-0.26696456086286596,0.2913251155624037,0.11412942989214175,0.15402597402597404,0.15242130750605326,0.1285428131190843,-0.24304864626898526,0.6864428791547436,0.6746951353731014,0.9031058771736737,0.22474796390050628,0.7728593440457847,0.2115496368038741,0.014325335681267884,-0.03880475456746643,0.04995597622716267,-0.10411622276029056,0.23932423508694695,-0.048283072859344044,-0.01275808936825886,0.07605546995377503,-0.09186440677966101,0.017510455646048865,0.1506207351970064,0.13675764913053048,-0.10326216156724631,-0.2543165309267004,-0.18564604886638786,-0.2791679506933744,-0.053565925599823906,-0.26360994937266125,0.21917455425930002,0.11383447061413163,-0.2940325775918996,-0.256946951353731,-0.24875632841734538,-0.3106977767994717,0.24175434734756768,0.03086946951353731,-0.15348668280871672,-0.12221879815100153,0.2535835351089588,0.10964120625137574,-0.013119084305524983,-0.05738498789346247,0.6478670482060312,0.17866387849438697,0.16771516618974247,-0.07230904688531807,0.2787409200968523,0.06819942769095312,0.05790666960158486,-0.11930222320052829,-0.31928241250275147,-0.1606141316310808,-0.3708188421747744,-0.2217345366497909,0.08848117983711204,0.28623376623376623,0.2573233546114902,0.30168831168831167,-0.10068236847897864,0.7640479859123926,0.3169909751265683,-0.12296720228923619,-0.1283535108958838,0.24692273827867048,-0.006484701738939027,0.27012766894122825,0.33508034338542814,0.07016949152542373,0.004858023332599604,0.09552278230244332,0.06932863746423068,0.485115562403698,0.3536671802773498,0.4434228483381026,0.2986022452124147,0.2825313669381466,0.005443539511336122,0.851056570548096,0.7774180057230905,0.8549482720669161,0.6885384107418006,0.8049944970283953,0.6846136913933524,-0.2849262601804975,-0.2289654413383227,-0.08097952894563064,-0.13173673783843276
#26,0.2858463570327977,0.3627823024433194,0.31113141096191943,0.27192383887299143,-0.08104996698217037,-0.035941008144397976,1.0,0.21333700198106978,0.1323464670922298,0.43196346026854504,0.35927140655954215,-0.09778120184899845,0.17952894563064054,0.3389588377723971,0.194455205811138,0.27708342504952677,0.2497754787585296,0.13985031917235308,0.058439357252916574,0.0016927140655954216,0.25046665199207574,0.031100594320933303,-0.13959938366718028,-0.3295927801012547,0.03177415804534449,-0.22495487563284172,-0.19414924058991856,-0.42205370900286154,-0.06967642526964561,-0.15344926260180497,-0.1025709883337002,-0.22653092670041822,0.03226502311248074,-0.04209553158705701,-0.1421175434734757,-0.02336121505613031,-0.12071098393132292,0.13405679066696016,-0.267673343605547,-0.25791327316751045,-0.16174554259300022,-0.18240810037420208,-0.21964340744001762,0.027367378384327536,-0.19693814659916356,-0.3483050847457627,-0.32211974466211757,-0.20844816200748403,-0.09785163988553819,-0.25283072859344047,-0.18905128769535548,-0.3128857583094871,-0.046121505613031036,-0.08535329077701959,-0.05753907109839313,0.05266563944530046,-0.011397754787585297,-0.2797600704380365,-0.008822364076601365,-0.2530618534008365,0.0012150561303103677,-0.0363548316090689,-0.0563284173453665,0.10564164648910411,0.17698877393792647,0.16706141316310807,0.06598283072859344,0.5004314329738059,0.5017037200088048,0.40960818842174773,0.48863966541932646,0.6830068236847898,0.2304754567466432,-0.06465771516618975,0.011250275148580234,0.1937376183138895,-0.005102355271846797,0.14360774818401936,0.12372220999339643,0.06336121505613031,0.005223420647149461,-0.12879815100154082,-0.09029275808936826,-0.09786264582874753,0.04963680387409201,-0.010783623156504512,0.01824785384107418,-0.27642526964560865,-0.17838652872551178,-0.17160026414263702,-0.20236407660136474,0.0877261721329518,-0.3160114461809377,4.842615012106537e-05,-0.016216156724631302,0.40413603345806737,0.28501871010345586,0.10700638344706141,-0.13944309927360773,-0.09371340523882897,-0.22370680167290335,-0.002419106317411402,-0.05724631300902487,-0.02415364296720229,-0.0003213735417125248,0.10236187541272287,0.019167950693374423,-0.015417125247633723,0.00548316090688972,0.08142637023992956,0.07242791107197886
#49,0.4239467312348668,0.07460928901606868,0.12069997798811358,0.29329958177415805,-0.16376623376623375,-0.15165749504732556,0.21333700198106978,1.0,0.0487211093990755,0.323464670922298,0.5284855822143958,0.24755888179616994,0.3489082104336342,0.09341624477217697,-0.013075060532687652,-0.22514417785604227,0.267310147479639,-0.197376183138895,-0.004184459608188422,-0.25734536649790885,0.13093550517279332,-0.10031917235307065,0.014492626018049747,-0.30896764252696457,0.23799911952454325,-0.21280431432973806,0.21650451243671584,0.1249240589918556,0.11725731895223421,-0.07108078362315651,-0.23587717367378383,0.0476931543033238,-0.29507814219678624,-0.13586176535329078,0.24874972485141977,-0.019645608628659477,-0.0827162667840634,-0.17674664318732114,0.08228263262161567,-0.07413163108078362,0.16267884657715168,0.028756328417345368,0.09042042703059652,-0.025714285714285714,-0.029738058551617874,-0.13417785604226282,0.08685009905348888,0.2989808496588158,0.16173673783843276,0.17298921417565485,0.03102575390710984,-0.024772176975566804,0.01834470614131631,-0.23155403918115783,0.13563064054589477,-0.13390050627338762,-0.12088707902267225,-0.382029495927801,-0.06190182698657275,0.16356372441118203,-0.1024851419766674,-0.07180057230904689,-0.1295245432533568,0.13451904028175216,0.32334360554699537,0.2134800792427911,-0.3289258199427691,0.15724191063174114,0.06073739819502531,-0.012066916134712745,0.020085846357032797,0.14272066916134712,-0.16652872551177636,0.023781642086726833,-0.13992515958617655,-0.16072419106317412,-0.006434074400176095,-0.17298921417565485,-0.006753246753246753,-0.21758529605987234,0.2784965881576051,-0.02082544574069998,-0.05766453885097953,0.014184459608188421,-0.024475016508914815,-0.145643847677746,-0.14178956636583756,-0.060570107858243454,0.12616773057451022,0.08486022452124146,-0.09205370900286154,-0.06987012987012987,0.05975346687211094,-0.047655734096412064,-0.02842174774378164,0.13765133171912833,-0.2458199427690953,0.1826040061633282,-0.16882676645388509,-0.05176095091349329,-0.09691393352410302,-0.0005304864626898525,-0.23691833590138675,-0.10489984591679508,-0.12882456526524322,-0.2862557781201849,-0.3447611710323575,0.019808496588157604,0.12969403477878055,-0.107607307946291,-0.07973145498569227
#50,0.3130618534008365,0.2537574290116663,0.38147259520140875,0.20185560202509356,0.5088311688311689,0.6271010345586617,0.1323464670922298,0.0487211093990755,1.0,0.2889192163768435,-0.13977988113581333,0.11767774598283073,0.09083645168390932,-0.2709112920977328,0.10935505172793308,-0.13593440457847236,0.2378450363196126,0.5029650011005943,0.010939907550077042,-0.22767774598283072,0.13442879154743562,-0.060655954215276246,0.12532907770195906,0.02682808716707022,0.22635263042042703,0.0909751265683469,-0.023145498569227384,-0.40365397314549856,0.5368280871670702,0.4991811578252256,0.6254061193044244,0.1360576711424169,0.44416464891041163,0.24250055029716047,0.18362095531587058,0.06723970944309927,0.3351617873651772,0.18384107418005724,0.0710015408320493,0.05425269645608629,0.11333259960378604,0.08839093110279551,-0.01436055469953775,0.23511336121505613,-0.21388509795289457,-0.12344486022452124,-0.2781862205591019,-0.24220999339643406,-0.2698877393792648,-0.39707682148360113,-0.18553158705701078,-0.3899867928681488,0.008912612810917896,0.05078802553378824,0.11215496368038741,0.06805635042923179,-0.30204490424829405,-0.2502949592780101,0.005465551397754787,-0.17541712524763373,-0.10803653973145498,-0.1878956636583755,0.0463218137794409,0.10132071318511997,-0.07669821703720009,0.004276909531146819,0.40688531807175876,0.19629099713845477,0.24407440017609508,-0.14104336341624477,0.11405899185560202,0.027972705260840853,-0.08782082324455205,-0.2695795729694035,-0.14144618093770636,-0.1364935064935065,-0.31993176315210214,-0.2233612150561303,0.18536869909751266,0.23943869689632402,0.24219458507594102,0.21815980629539952,-0.11056570548095972,0.5265771516618974,0.1705745102355272,-0.0945674664318732,-0.1416883116883117,0.07443319392471935,-0.04986352630420427,0.13111820383006823,0.2400396213955536,0.09837552278230244,-0.16630420427030596,0.11340964120625138,-0.03584855822143958,0.4191217257318952,0.21977107638124588,0.21793308386528726,0.2122033898305085,0.08327756988773938,-0.07385208012326656,0.4633149900946511,0.4532555580013207,0.5630618534008365,0.46596742240810035,0.5741998679286815,0.36093990755007704,-0.26868589038080565,-0.09813559322033898,-0.016024653312788906,-0.16907329958177417
#51,0.5072485141976667,0.4491613471274488,0.5893946731234867,0.6025555800132071,0.0549768875192604,0.14498128989654413,0.43196346026854504,0.323464670922298,0.2889192163768435,1.0,0.4479947171472595,0.19060092449922958,0.44377063614351747,0.18661016949152542,-0.00898084965881576,-0.07029495927801012,0.5903213735417125,0.2533744221879815,-0.09213295179396874,-0.17858463570327976,0.10330618534008365,-0.061408760730794626,-0.14476777459828308,-0.2855051727933084,0.21970724191063173,-0.15093990755007705,0.05528285274047986,-0.18185560202509354,0.08405679066696016,-0.046185340083645166,0.02514417785604226,-0.12766894122826325,0.18663438256658596,-0.12670482060312568,-0.085346687211094,-0.07503411842394893,-0.16378164208672683,-0.004389170151882016,0.036550737398195025,-0.18523002421307505,-0.0810675764913053,-0.053808056350429234,-0.09514417785604226,0.023863086066475896,-0.08743121285494167,-0.3078230244331939,-0.25412942989214177,-0.2674884437596302,-0.15968082764692934,-0.24733876293198326,-0.15493946731234867,-0.34494827206691614,0.19524763372221,-0.02314769975786925,-0.06970504072198988,-0.06478978648470174,-0.18776139115122165,-0.4211204050187101,0.26079022672243013,-0.007926480299361655,0.01323134492626018,0.002493946731234867,-0.28065375302663437,-0.05162667840633942,0.2671252476337222,0.10204270305965221,0.04694034778780541,0.2745938806955756,0.18181157825225622,0.04583755227823024,0.32776139115122166,0.27418005723090466,-0.09676205150781422,-0.24701518820162888,-0.2522562183579133,-0.1350099053488884,-0.1014109619194365,-0.050849658815760514,0.05606207351970064,-0.0474224081003742,0.10650891481399956,-0.14903587937486243,-0.1036913933524103,0.08304204270305965,0.0788399735857363,-0.11254897644728153,-0.08822143957737177,-0.20047765793528505,-0.015377503852080122,-0.011340523882896764,-0.27379484921857805,0.14403037640325775,-0.2641206251375743,0.32122165969623595,-0.10804974686330618,0.5218423948932424,0.2525181598062954,0.3370812238608849,0.0012172573189522342,0.11482940788025534,0.028443759630200308,0.2151683909311028,0.032885758309487124,0.13186000440237727,0.2231785163988554,0.17037860444640104,0.06475456746643188,-0.05185340083645169,-0.21034118423948933,0.12981950253136693,-0.02079242791107198
#52,0.2619854721549637,0.24622496147919876,0.17044464010565705,0.31632401496808277,-0.3445080343385428,-0.3249020471054369,0.35927140655954215,0.5284855822143958,-0.13977988113581333,0.4479947171472595,1.0,0.2308892802113141,0.4790050627338763,0.32716927140655955,0.1562557781201849,-0.005078142196786264,0.1900198106977768,-0.21505172793308386,0.06946511116002642,-0.04860664758969844,0.26587717367378383,0.069933964340744,-0.23575830948712304,-0.34784943869689633,0.15817081223860885,-0.16209993396434075,-0.0015804534448602245,-0.023149900946511117,-0.19739819502531367,-0.33033458067356375,-0.434785384107418,-0.21249614791987673,-0.21935505172793307,-0.13024873431653092,-0.040607528065155184,-0.10067136253576932,-0.09311908430552499,0.033189522342064716,-0.08085406119304424,-0.014708342504952674,-0.044858023332599604,-0.13793968743121285,-0.022595201408760732,0.05154303323794849,-0.13958177415804535,-0.30225181598062956,-0.08991855602025094,0.0414373761831389,0.08604666519920758,-0.027633722209993397,-0.11716046665199208,-0.14785824345146378,-0.03153422848338103,-0.17739159145938807,0.16811798371120404,0.030600924499229583,-0.027219898745322473,-0.18835571208452564,-0.10527404798591239,-0.020627338762931983,0.0035659255998239047,-0.01571208452564385,-0.23269645608628658,0.03527184679727052,0.21303543913713405,0.21730134272507154,-0.35302883557120845,0.18237728373321593,0.07254897644728153,0.08066475896984372,0.06835791327316751,0.2463746423068457,-0.0035219018269865726,-0.06604666519920757,0.09022452124147039,0.0761963460268545,0.16225181598062954,0.1033810257539071,-0.04655073739819503,-0.2228483381025754,0.24667840633942328,-0.08659476117103236,-0.1676931543033238,-0.16393132291437376,0.1491371340523883,-0.1298811358133392,-0.012586396654193265,-0.15651992075720889,0.12403477878054149,-0.07478978648470173,-0.242359674224081,0.03438036539731455,-0.12752586396654192,-0.021496808276469295,-0.1712128549416685,0.12176755447941888,-0.04547435615232225,0.02662557781201849,-0.14132951793968743,-0.07850099053488883,-0.05556460488663879,-0.17096632181377944,-0.4361611270085846,-0.29328637464230684,-0.1482786704820603,-0.2602949592780101,-0.24648910411622277,0.21603345806735638,0.09315210213515299,-0.09458287475236628,-0.04685890380805635
#53,0.13633942328857582,-0.11463790446841295,-0.0053466872110939905,0.22480079242791107,0.3503543913713405,0.09694695135373102,-0.09778120184899845,0.24755888179616994,0.11767774598283073,0.19060092449922958,0.2308892802113141,1.0,0.5437904468412943,0.07230244331939248,-0.18211754347347567,-0.23786924939467313,0.14807616112700858,-0.07449482720669161,-0.1687211093990755,-0.16888839973585737,-0.08671802773497689,-0.19750385208012328,0.26834470614131634,0.02406119304424389,0.25512656834690733,0.06647369579572969,0.40000440237728374,0.12516618974246094,0.18784503631961258,0.26871890821043365,-0.06950253136693815,0.23928241250275148,-0.14154963680387408,-0.1419920757208893,0.2108826766453885,0.14318291877613912,0.11536429672022892,-0.02560642747083425,0.25886198547215494,-0.05517939687431213,0.019185560202509354,-0.03532027294739159,0.1371978868589038,0.050763812458727714,0.27874972485141974,0.008516398855381906,0.15887739379264804,0.0027558881796169933,0.1938498789346247,0.10285274047985912,0.1744750165089148,-0.11217917675544795,0.13790887079022673,-0.559258199427691,0.08933524103015629,-0.37605546995377503,0.05618534008364517,0.0012656834690732996,0.1666718027734977,0.1213053048646269,-0.1618467972705261,-0.17347127448822364,0.26748624257098835,0.048379925159586175,0.030737398195025314,-0.08043583535108959,0.05852300242130751,-0.06860444640105658,-0.16019370460048427,-0.08264142637023993,-0.06462029495927801,-0.14454545454545453,-0.1064406779661017,-0.0337112040501871,-0.12840633942328858,-0.11908870790226722,-0.20064935064935066,-0.3571604666519921,0.21972705260840855,-0.0013009024873431652,0.26678626458287474,0.3381774158045345,0.002469733656174334,0.2189720449042483,0.4534734756768655,-0.2647787805414924,-0.22307065815540392,0.28801452784503634,0.142623816861105,0.483992956196346,0.06476997578692494,-0.05327756988773938,0.019689632401496807,0.0637442218798151,-0.13767994717147258,0.005170592119744662,-0.3246026854501431,0.009154743561523222,-0.3700286154523443,0.09266123706801672,-0.21624477217697557,-0.029795289456306405,0.020801232665639446,0.010380805635042923,-0.14458507594100814,-0.09904908650671362,-0.21360994937266123,-0.1451221659696236,-0.021098393132291438,-0.23033898305084746,-0.162656834690733
#54,0.1503235747303544,0.056583755227823024,0.24064274708342506,0.4027823024433194,0.1362293638564825,0.025241030156284393,0.17952894563064054,0.3489082104336342,0.09083645168390932,0.44377063614351747,0.4790050627338763,0.5437904468412943,1.0,0.1716222760290557,-0.20711864406779662,-0.27498569227382785,0.3104930662557781,0.014114021571648691,-0.13723310587717366,-0.15027294739159147,-0.1869007263922518,-0.1526700418225842,0.20810917895663658,-0.04840413823464671,0.4689192163768435,0.09530926700418225,0.24283513097072418,0.07179176755447941,0.03555359894342945,0.025447941888619853,-0.13751705921197446,0.16956196346026856,0.02786484701738939,0.030964120625137575,0.0824785384107418,0.035914593880695574,0.009561963460268545,0.024558661677305745,0.35179616993176316,0.19223200528285275,-0.01587277129650011,-0.13869249394673122,0.12463130090248735,-0.07869689632401497,0.04460048426150121,-0.06814219678626458,0.057743781642086725,0.06978428351309707,0.18986352630420428,0.022967202289236186,-0.06647589698437156,-0.17952674444199868,0.19340523882896765,-0.3353995157384988,0.0762887959498129,-0.17092890160686772,-0.07747743781642087,-0.043215936605767113,0.1361435174994497,0.2152410301562844,-0.2538388729914154,-0.2403896103896104,-0.0137376183138895,-0.1274950473255558,0.15014527845036318,-0.011468192824125027,-0.11713625357693154,-0.05389170151882016,-0.05664979088707902,-0.053262161567246315,0.10247633722209994,0.09779000660356593,0.045725291657495046,-0.05391371340523883,0.014818401937046005,0.014809597182478538,-0.0610543693594541,-0.2000132071318512,0.17358793748624257,-0.0790710983931323,0.14655073739819502,0.3310499669821704,0.2764869029275809,0.030893682588597843,0.17029495927801014,-0.3265925599823905,-0.24194805194805194,0.11900066035659256,0.07167070217917676,0.14297600704380364,-0.1352410301562844,-0.058368919216376845,-0.03506713625357693,0.051952454325335684,-0.13876953554919658,0.19565265243231345,-0.048333700198106976,0.10791767554479419,-0.13116883116883116,0.11424609289016069,-0.029335241030156285,0.04777239709443099,-0.0012106537530266344,-0.02593220338983051,0.06489544353951134,0.0038939027074620294,-0.014298921417565485,-0.12476117103235747,0.08573189522342065,-0.28631300902487344,-0.27546335020911294
#58,0.24417345366497908,-0.05567686550737398,0.01676865507373982,0.22595641646489104,-0.19377944089808496,-0.2457296940347788,0.3389588377723971,0.09341624477217697,-0.2709112920977328,0.18661016949152542,0.32716927140655955,0.07230244331939248,0.1716222760290557,1.0,0.11964340744001761,0.24047765793528506,0.11336341624477218,-0.11130530486462689,-0.003299581774158045,0.2758551617873652,0.18486022452124148,0.17163548316090688,-0.2209355051727933,-0.27030156284393575,-0.08745322474136033,-0.11757649130530487,-0.17446621175434734,-0.2881157825225622,-0.2550759410081444,-0.1212854941668501,-0.23581994276909532,-0.1341074180057231,-0.23567026194144838,-0.23906889720449043,-0.010338983050847458,0.12967862645828748,-0.07810917895663658,0.11380805635042923,-0.0849570768214836,-0.0009178956636583755,-0.17279771076381245,0.05841074180057231,-0.19168611049966983,0.02438036539731455,-0.08609729253797051,-0.30958837772397096,-0.25559101915034116,-0.16962799911952453,-0.05074840413823465,-0.11268324895443539,-0.16940347787805415,-0.1999801893022232,-0.24591019150341184,-0.26192163768434956,-0.005351089588377724,0.04764472815320273,0.18109839313229142,0.08960818842174774,-0.12184019370460049,-0.19377283733215936,0.15431653092670042,0.15043363416244773,0.17361435174994497,0.06387409200968523,-0.09179616993176315,-0.05600484261501211,0.18310587717367377,0.01011666299801893,0.1775280651551838,0.4395201408760731,0.2101584855822144,0.39119744662117545,0.19102355271846796,-0.005333480079242791,0.22269425489764472,0.26237288135593223,0.4317609509134933,0.23065815540391812,0.0599735857362976,0.06415144177856043,-0.11550517279330838,-0.035034118423948934,-0.16470394012766895,-0.16118423948932423,0.27974025974025973,-0.07529605987233105,0.13809377063614353,0.028483381025753908,0.0587145058331499,-0.0019568567026194143,-0.26489984591679505,-0.02856042262821924,-0.25298921417565484,-0.20617873651771956,-0.007816420867268324,0.028608848778340305,-0.018316090688972046,-0.06309927360774818,-0.45532247413603344,-0.08423508694695135,-0.2706317411402157,-0.16168170812238608,-0.19032797710763813,-0.14345586616773057,-0.2536121505613031,-0.2046599163548316,-0.26198767334360556,0.33087387189082107,0.26835571208452563,-0.10173673783843275,0.06585075941008145
#101,-0.023770636143517498,0.05236407660136474,-0.29444199867928683,-0.1150231124807396,-0.23282412502751484,-0.3515100154083205,0.194455205811138,-0.013075060532687652,0.10935505172793308,-0.00898084965881576,0.1562557781201849,-0.18211754347347567,-0.20711864406779662,0.11964340744001761,1.0,0.48160686770856265,-0.37411622276029055,-0.30583094871230465,0.7904600484261501,0.3393022232005283,0.6916685009905349,0.27766233766233767,-0.2649592780101255,-0.24126128109178957,-0.3072176975566806,-0.3087057010785824,-0.4592427911071979,-0.25427470834250493,0.017380585516178736,-0.1813383226942549,-0.22946731234866827,-0.20563504292317852,-0.2596786264582875,-0.018895003301782964,0.1749108518600044,0.229768875192604,0.36027294739159144,0.5156988773937926,-0.4895487563284173,0.09216376843495487,0.20132291437376182,0.20241690512876953,0.07229804094210873,0.40108518600044024,-0.486700418225842,-0.2961325115562404,-0.2932687651331719,0.07152982610609729,-0.2518115782522562,-0.21291657495047325,-0.24933744221879814,-0.12738058551617873,-0.5450275148580234,0.03652872551177636,0.34397754787585294,0.45558661677305745,-0.1698283072859344,-0.022689852520360994,-0.5317873651771957,-0.46499449702839535,-0.09997138454765574,-0.1721483601144618,-0.02813779440898085,0.0887343165309267,-0.17475676865507375,0.13143077261721328,-0.21972705260840855,0.1982280431432974,0.4270085846357033,0.1318534008364517,-0.15051948051948053,0.1090116662998019,0.15419546555139776,-0.05553378824565265,0.4407351970063835,0.042524763372221,-0.00041602465331278893,0.015760510675764915,0.2500396213955536,0.19988553819062294,0.08503191723530706,-0.22893022232005283,-0.1238432753686991,-0.1747919876733436,-0.19689852520360995,0.01854061193044244,-0.08955756108298481,-0.14404358353510896,0.07984371560642747,-0.1439753466872111,-0.17008364516839092,-0.07029055690072639,-0.287574290116663,-0.24816640986132513,-0.22028615452344266,-0.10130310367598504,-0.08489544353951134,-0.3792229804094211,0.026869909751265682,-0.2620228923618754,-0.1865133171912833,-0.3780893682588598,-0.2572903367818622,-0.25314769975786927,-0.15848778340303765,-0.20812898965441337,-0.24780981730134272,-0.0047193484481620075,0.08043363416244773,0.0524389170151882,-0.07471714725952014
#102,0.01425709883337002,0.2111600264142637,-0.05290997138454766,0.045148580233326,-0.10189522342064715,-0.2590490865067136,0.27708342504952677,-0.22514417785604227,-0.13593440457847236,-0.07029495927801012,-0.005078142196786264,-0.23786924939467313,-0.27498569227382785,0.24047765793528506,0.48160686770856265,1.0,-0.19577812018489985,-0.030594320933303984,0.5211798371120405,0.5987497248514198,0.14534668721109398,0.5195751705921198,-0.2180827646929342,0.06565265243231345,-0.3866651992075721,-0.02300462249614792,-0.38625797930882677,-0.11342504952674444,-0.21767774598283074,-0.12506713625357693,-0.20220118864186662,-0.2508562623816861,-0.13241690512876952,0.012055910191503412,-0.15703499889940567,0.052780101254677525,-0.04333259960378604,0.32060532687651333,-0.4330002201188642,0.05360774818401937,0.056381245872771296,0.08384547655734097,-0.15605987233105878,0.08038080563504292,-0.3004864626898525,-0.15854501430772616,-0.14227823024433195,0.031380145278450365,-0.23000440237728373,-0.17733215936605767,-0.07722650231124807,-0.07573849878934624,-0.31806955756108296,-0.008106977767994718,-0.10585296059872332,0.3201915034118424,-0.1477459828307286,0.15642306845696677,-0.2608452564384768,-0.39796169931763153,-0.10443979749064494,-0.21381465991635484,0.20416905128769536,0.3097160466651992,-0.02489324235086947,0.07021571648690293,0.08213295179396875,0.3049438696896324,0.5155029716046665,0.5893352410301563,0.17278450363196127,0.25705480959718247,0.3915694475016509,0.0661897424609289,0.1971406559542153,0.08594320933303984,-0.06361435174994497,-0.04633061853400836,0.25531587057010785,0.5878780541492405,-0.1213383226942549,-0.134686330618534,0.016328417345366497,-0.2838740920096852,-0.12463350209112921,0.019348448162007485,-0.1417411402157165,-0.06224301122606207,0.007208892802113141,-0.24552938586836892,-0.17467312348668282,-0.24651551837992516,-0.4054589478318292,-0.22017609509134933,-0.1367708562623817,-0.1253576931543033,0.24465551397754787,-0.24123486682808717,0.010327977107638124,-0.16234426590358794,-0.2380233325996038,-0.27458507594100817,-0.15782742681047765,-0.15519040281752147,-0.03192383887299142,-0.04476777459828307,-0.08746423068456967,-0.15871010345586617,0.06747083425049527,0.07842835130970724,0.019997798811358134
#201,0.49411182038300683,0.2293418445960819,0.7723530706581554,0.5372353070658156,0.33254017169271405,0.4702707462029496,0.2497754787585296,0.267310147479639,0.2378450363196126,0.5903213735417125,0.1900198106977768,0.14807616112700858,0.3104930662557781,0.11336341624477218,-0.37411622276029055,-0.19577812018489985,1.0,0.5800066035659256,-0.44329297820823244,-0.33329738058551617,-0.30987012987012985,-0.2553598943429452,0.017565485362095533,-0.2973365617433414,0.25987012987012986,-0.06110279550957517,0.27784723750825446,-0.11491525423728814,0.28176755447941887,0.12213295179396874,0.3787057010785824,-0.000702179176755448,0.4499801893022232,-0.03972044904248294,-0.07317411402157165,-0.10088267664538851,-0.278580233325996,-0.3147875852960599,0.26868589038080565,-0.17219238388729916,-0.06027514858023333,0.07054149240589919,-0.10631741140215717,-0.152755888179617,0.04657935285053929,-0.21273387629319832,-0.11067136253576931,-0.26696456086286596,-0.014435395113361215,-0.19683909311027956,-0.007288135593220339,-0.2893924719348448,0.34018049746863305,0.014155844155844156,-0.45078142196786264,-0.33421307506053266,-0.32908430552498347,-0.5893814659916354,0.4033898305084746,0.19114461809377065,0.06911952454325336,0.13846136913933524,-0.11189522342064714,-0.12567246313009026,0.492491745542593,0.20521901826986572,0.27588157605106756,0.1545278450363196,0.07207131851199648,-0.006478098173013427,0.54623816861105,0.3645058331499009,-0.06706801672903367,-0.1330596522121946,-0.5129782082324456,-0.24592339863526305,-0.1418137794408981,-0.14273827867048205,0.02016068677085626,-0.0288531807175875,0.1177129650011006,-0.10288135593220339,-0.1389060092449923,0.33590799031477,0.1986946951353731,-0.04606867708562624,0.049218578032137354,-0.02721549636803874,-0.09933964340744002,0.0425974025974026,-0.12540832049306624,0.14446621175434735,-0.2351287695355492,0.1964208672683249,0.0236649790887079,0.5470504072198987,0.32694695135373103,0.7175280651551837,0.12938366718027736,0.42221879815100155,0.1788729914153643,0.6630024213075061,0.3986946951353731,0.4967774598283073,0.47361655293858684,0.48347567686550735,0.38089368258859785,-0.041118203830068235,-0.08734096412062514,0.09264582874752367,0.12045124367158265
