,#10,#11,#12,#13,#17,#18,#26,#49,#50,#51,#52,#53,#54,#58,#101,#102,#201,#202,#301,#302,#401,#402,#501,#502,#601,#602,#701,#702,#801,#802,#901,#902,#1001,#1002,#1101,#1102,#1201,#1202,#1301,#1302,#1401,#1402,#1501,#1502,#1601,#1602,#1701,#1702,#1801,#1802,#1901,#1902,#2001,#2002,#2101,#2102,#2201,#2202,#2301,#2302,#2401,#2402,#2501,#2502,#2601,#2602,#2701,#2702,#2801,#2802,#2901,#2902,#3001,#3002,#3101,#3102,#3201,#3202,#3301,#3302,#3401,#3402,#3455,#3501,#3502,#3601,#3602,#3701,#3702,#3801,#3802,#3901,#3902,#4001,#4002,#4101,#4102,#4201,#4202,#4301,#4302,#4401,#4402,#4501,#4502,#4601,#4602,#4701,#4702,#4801,#4802
#10,1.0,0.13988994056790666,0.41239489324235085,0.3800770416024653,0.02736517719568567,0.31985912392692056,0.21030596522121947,0.5061677305745103,-0.08816420867268325,0.4538674884437596,0.41041162227602906,-0.07524323134492626,-0.014281311908430553,0.16345806735637244,-0.21480959718247855,-0.012243011226062073,0.15048426150121066,0.13435395113361215,-0.20093330398415143,0.013246753246753246,-0.13605326876513318,0.1300396213955536,-0.01958397534668721,0.1937046004842615,-0.07166629980189303,0.07417125247633723,0.002309046885318072,0.05694034778780541,-0.039388069557561085,-0.03667620515078142,0.20210873871890822,0.055524983491085186,0.09450363196125908,0.14596962359674223,0.002126348228043143,-0.13783403037640327,-0.07560642747083425,0.1282918776139115,0.1841514417785604,0.17064935064935066,-0.13967422408100374,0.00700198106977768,-0.27699977988113583,-0.15296940347787805,-0.11395773717807615,-0.001082984811798371,-0.05176095091349329,-0.014818401937046005,0.017215496368038742,0.13519920757208892,-0.04768655073739819,0.2598151001540832,0.2921153422848338,0.2786286594761171,0.17254017169271407,0.2843517499449703,0.23534448602245212,0.3150231124807396,0.17820603125687873,0.09648910411622276,0.15081884217477437,0.17671802773497688,-0.21081443979749065,-0.22088267664538852,-0.023306185340083645,-0.07102355271846797,-0.16329297820823244,0.051826986572749284,0.15236407660136475,-0.05679506933744222,0.1689852520360995,-0.055221219458507595,0.18819722650231124,0.3181488003521902,0.039872331058771734,0.24111600264142638,0.34586396654193263,0.36453885097952893,-0.1789192163768435,0.001256878714505833,-0.08329077701959058,-0.03252036099493726,0.056698217037200085,-0.03601584855822144,0.10914373761831389,-0.15866387849438696,-0.07449922958397534,0.15287915474356154,-0.13714065595421526,-0.03244111820383007,-0.017572088928021132,0.014186660796830288,0.11407660136473696,0.04535549196566146,-0.07480079242791107,-0.19864406779661017,0.08155844155844155,-0.10279991195245433,0.09824345146379045,0.05781642086726833,0.07581113801452785,-0.006839093110279551,0.21463570327977108,0.09804974686330618,0.223218137794409,0.1321901826986573,0.24808496588157605,0.1378252256218358,0.16679066696015848,0.20619414483821263,0.045403918115782524
#11,0.13988994056790666,1.0,0.4557737178076161,0.18905348888399737,0.01325775918996258,0.13409421087387188,0.6933678186220559,0.15989874532247414,0.2935989434294519,0.5674069997798812,0.4865903587937486,0.0005591019150341185,0.28201848998459167,0.4411534228483381,0.43869909751265684,0.20342945190402817,0.3587145058331499,0.1165859564164649,0.19681488003521902,-0.18078582434514637,0.22100594320933303,-0.08333039841514418,0.2268897204490425,0.06151221659696236,0.3001738939027075,-0.06512656834690733,-0.1215958617653533,-0.21634602685450144,0.1599537750385208,0.031747743781642086,-0.17352190182698657,0.13138674884437596,-0.08407880255337882,0.18703940127668942,-0.07153202729473916,-0.15948272066916136,0.2966101694915254,-0.02325775918996258,0.10913713405238828,-0.05901386748844376,-0.2816861104996698,-0.04919216376843495,-0.0749306625577812,-0.28265903587937485,0.03958837772397095,0.07415584415584416,-0.3534800792427911,-0.2596588157605107,-0.3878362315650451,-0.4022672243011226,-0.19258199427690953,0.10794408980849658,0.20335020911292098,-0.16547655734096411,0.2191019150341184,-0.3240721989874532,-0.10102355271846797,-0.3138961038961039,-0.08637904468412944,-0.1036253576931543,0.027829627999119526,-0.09852080123266564,0.43302223200528284,0.3692031697116443,-0.13166409861325115,-0.20668500990534888,0.5040501871010346,0.34331278890600925,0.487673343605547,0.5296147919876734,0.3899779881135813,0.4054325335681268,-0.14093110279550958,-0.34964780981730137,-0.42757649130530484,-0.41731895223420645,-0.24986132511556242,-0.25082764692934184,0.4544177856042263,0.059082104336341625,-0.0725775918996258,0.0005723090468853181,0.15922518159806295,-0.12553378824565264,0.10198767334360555,-0.2038762931983271,-0.26399295619634605,-0.0613251155624037,-0.11923618754127228,-0.08573629760070438,-0.12578252256218359,0.0839291217257319,-0.08720008804754567,0.04679066696015849,0.1305524983491085,0.20219898745322473,0.1345344486022452,0.05147699757869249,0.09786044464010565,-0.36977327756988776,-0.21682808716707022,-0.040997138454765575,-0.02583314990094651,-0.24692273827867048,-0.09994937266123707,-0.3165991635483161,-0.10003742020691173,-0.05605767114241691,-0.23541712524763372,-0.04324455205811138,-0.08855161787365178
#12,0.41239489324235085,0.4557737178076161,1.0,0.3846643187321153,-0.28278230244331937,0.16836671802773498,0.2820889280211314,0.20370900286154522,0.14459828307285935,0.5993682588597843,0.3007065815540392,-0.028252256218357915,0.2741866607968303,0.3769491525423729,0.3506185340083645,0.11788685890380805,0.7476953554919656,0.6650957517059212,-0.04842174774378164,-0.29407219898745324,-0.08656174334140436,-0.16247633722209992,0.3345652652432313,-0.033931322914373764,0.14604006163328198,-0.2937332159366058,0.0187673343605547,0.09829187761391152,0.23709663218137794,-0.42991635483160906,0.3031234866828087,0.02183579132731675,0.1273299581774158,-0.06396874312128549,-0.030983931322914375,-0.33335020911292096,0.18265463350209113,-0.3539885538190623,-0.07511336121505613,-0.2307572088928021,-0.47053709002861543,-0.20977547875852962,-0.36081223860884876,-0.5391701518820163,-0.01716486902927581,-0.11811138014527844,0.015549196566145718,-0.05845256438476777,-0.1403874092009685,-0.05219678626458287,0.031111600264142638,0.3523530706581554,0.23540832049306626,-0.15068897204490425,-0.12877834030376403,-0.37913933524103016,-0.13171692714065594,-0.2496896324014968,-0.0550363196125908,-0.1753268765133172,-0.012942989214175655,-0.05460708782742681,0.24273387629319831,0.2669293418445961,0.09069777679947172,0.010435835351089589,0.26086726832489543,0.11688311688311688,0.3683733215936606,0.36230464450803435,0.6563174114021572,0.5775676865507374,-0.20995597622716267,-0.015045124367158266,-0.6226502311248074,-0.28675985031917234,-0.22623376623376623,0.004340744001760951,0.38397974906449484,-0.24922518159806295,-0.30364957076821486,-0.30217697556680606,0.18007704160246532,0.03807175874972485,-0.07522342064714946,-0.2252608408540612,-0.2571054369359454,-0.03846797270526084,-0.460873871890821,-0.04382126348228043,-0.36551397754787585,0.03576271186440678,-0.005588817961699318,0.04984591679506934,-0.05035659255998239,0.5212965001100595,0.04970504072198988,0.5132533568126788,0.5007616112700859,0.08942108738718908,0.2270482060312569,0.3848382126348228,0.21191723530706583,0.16346467092229805,0.36550077041602463,0.07498569227382787,0.23733215936605767,-0.17889720449042482,-0.27075720889280214,0.12519260400616333,-0.08926480299361655
#13,0.3800770416024653,0.18905348888399737,0.3846643187321153,1.0,0.0027580893682588596,0.39712744882236406,0.0973629760070438,0.11021351529826107,-0.24556900726392253,0.5515716486902927,0.24567906669601586,0.1188201628879595,0.15891701518820162,0.09690732995817741,0.049689632401496805,-0.21227602905569007,0.40337442218798153,-0.11685230024213075,-0.3188201628879595,-0.442161567246313,-0.21021351529826107,-0.3603830068236848,0.08439797490644949,-0.1722738278670482,0.10039181157825226,-0.2232093330398415,-0.05724191063174114,-0.004466211754347348,0.2174224081003742,0.005916795069337442,0.19545234426590358,0.2902905569007264,0.24404798591239268,0.2732159366057671,0.36945630640545896,0.05767114241690513,0.3057208892802113,-0.07447061413163109,0.3428285274047986,-0.0010873871890821043,-0.25216376843495486,0.12684569667620516,-0.09144177856042263,-0.15348228043143297,0.13431212854941668,-0.07342945190402818,-0.026368038740920096,0.09122386088487783,-0.2693748624257099,-0.10630640545894783,0.18459608188421747,0.05084305524983491,0.10440898084965881,-0.30618093770636146,-0.031415364296720226,-0.25017389390270744,0.09938806955756108,-0.1783072859344046,0.322755888179617,0.10066696015848559,0.3690138674884438,0.22382786704820604,0.09453224741360335,0.17358353510895883,-0.03197006383447062,-0.1518269865727493,0.11099933964340744,0.1114968082764693,-0.03153202729473916,0.12789346246973365,0.06579132731675104,0.25232445520581115,-0.13453004622496148,-0.12195025313669382,-0.13214395773717807,-0.2549438696896324,0.07799251595861766,0.15917675544794188,0.12447721769755668,-0.1515540391811578,0.1886022452124147,-0.18146599163548316,0.14684349548756329,-0.22937926480299362,0.09844155844155844,-0.015575610829848117,0.11352410301562844,0.14129650011005943,-0.34124147039401276,0.029940567906669602,0.005428131190843055,0.14893902707462028,0.2202245212414704,0.33545014307726173,0.2139093110279551,0.031120405018710103,-0.12599383667180278,0.2717587497248514,0.1950627338762932,0.20209333039841515,0.23344045784723752,0.15197666740039623,0.32693814659916354,0.16905569007263924,0.2782720669161347,0.2874444199867929,0.20825005502971605,0.27736077481840193,0.01901166629980189,0.28922518159806293,0.2324058991855602
#17,0.02736517719568567,0.01325775918996258,-0.28278230244331937,0.0027580893682588596,1.0,0.3091767554479419,0.05981289896544134,0.2086616773057451,0.18979528945630642,-0.16792868148800352,0.07281091789566366,0.4703808056350429,0.00448382126348228,0.026979969183359015,-0.2863394232885758,-0.30136693814659915,-0.23185560202509356,-0.18561523222540172,-0.08465991635483161,-0.09196125907990314,-0.19462029495927802,-0.2082742681047766,-0.21867048206031256,-0.09719568567026195,-0.048505392912172575,0.2053995157384988,-0.17710323574730355,-0.2208628659476117,0.01036979969183359,0.2340413823464671,-0.14389610389610388,0.2012062513757429,0.004686330618534009,0.36869029275808934,0.1850891481399956,0.3925445740699978,0.14904688531807175,0.4022386088487783,0.2963724411182038,0.2966563944530046,0.18515738498789347,0.4571098393132291,0.22207351970063835,0.4544045784723751,0.3163746423068457,0.21202729473915916,-0.29114241690512876,-0.1455183799251596,-0.16108518600044025,-0.35345146379044684,-0.26681267884657717,-0.48741800572309046,-0.2534118423948932,-0.14981950253136694,-0.05010125467752587,0.19492626018049747,-0.040405018710103456,0.007739379264802994,0.3250253136693815,0.33368699097512655,0.15766453885097953,0.3372066916134713,-0.08205811138014528,-0.09492626018049746,-0.06689412282632622,0.008173013427250716,0.03677745982830729,-0.057772397094430994,-0.06325996037860444,-0.05097732775698877,-0.2829848117983711,-0.26730794629099713,-0.033156504512436714,-0.12522562183579133,0.27340303764032575,0.125313669381466,0.29749284613691396,-0.025967422408100373,-0.17190843055249835,0.26062293638564826,0.26234426590358795,0.12443539511336121,0.021708122386088487,0.08808056350429232,0.5866585956416465,0.3604116222760291,0.4126942548976447,0.19413823464670923,0.1039225181598063,0.1620647149460709,0.5096500110059432,0.2713119084305525,0.41180277349768873,0.11672243011226062,0.24942548976447282,-0.16180277349768876,0.2086418666079683,-0.3152014087607308,-0.32116442879154744,-0.2543187321153423,-0.24225841954655514,-0.19046445080343385,0.1996764252696456,-0.1840611930442439,-0.18231124807395993,-0.15988553819062293,-0.10327756988773938,0.28318071758749724,0.3672903367818622,0.1555051727933084,0.1745344486022452
#18,0.31985912392692056,0.13409421087387188,0.16836671802773498,0.39712744882236406,0.3091767554479419,1.0,0.3542130750605327,0.20575390710983932,-0.11323574730354391,0.2826766453885098,0.3393682588597843,0.4935108958837772,0.31584415584415587,0.16214175654853621,-0.01917675544794189,-0.47373981950253136,0.20821703720008805,-0.17720449042482941,-0.2872903367818622,-0.3955095751705921,-0.2939753466872111,-0.3598657274928461,-0.2256306405458948,-0.20956856702619414,-0.2241140215716487,-0.1681664098613251,-0.27178296279991193,-0.23882236407660137,0.1723068456966762,0.3322011886418666,0.10459828307285934,0.3265265243231345,0.08318291877613912,0.32136693814659917,0.3186726832489544,0.2884305524983491,0.25396434074400176,0.1335527184679727,0.2362887959498129,0.12550737398195025,0.05835571208452564,0.3181289896544134,0.15115562403697996,0.1346731234866828,0.13727492846136913,0.16849218578032138,-0.2440677966101695,-0.0926964560862866,-0.1850561303103676,-0.26453444860224523,-0.18128989654413383,-0.12761831388950032,0.01601584855822144,-0.24540611930442438,-0.10822804314329738,-0.07567686550737399,-0.00015848558221439577,-0.10844816200748404,0.23864406779661018,0.18323134492626017,0.3461127008584636,0.20928681488003523,0.02388069557561083,0.14360994937266125,-0.12098613251155624,-0.1835130970724191,0.09468853180717587,0.1512854941668501,0.01946070878274268,0.11553378824565265,0.062300242130750604,0.1641008144397975,-0.07187321153422849,-0.021041162227602904,0.05114241690512877,-0.07822584195465551,0.1249438696896324,0.10831168831168832,0.12470834250495268,0.25819282412502753,0.1635791327316751,0.1260708782742681,0.18879815100154082,-0.010781421967862645,0.27932203389830507,0.16826546335020912,0.26655513977547873,-0.021417565485362097,-0.02418005723090469,0.07988994056790667,0.3174488223640766,0.34265463350209113,0.3441404358353511,0.319735857362976,0.15986352630420428,-0.10584635703279771,-0.11336341624477218,-0.00785163988553819,-0.09559322033898306,0.11961259079903147,-0.07683909311027955,-0.058283072859344046,0.40418445960818844,-0.06149020471054369,0.020607528065155183,0.04978648470173894,0.13418445960818842,0.2855580013207132,0.046224961479198766,0.2849702839533348,0.17483381025753908
#26,0.21030596522121947,0.6933678186220559,0.2820889280211314,0.0973629760070438,0.05981289896544134,0.3542130750605327,1.0,0.19942989214175655,0.21099053488883998,0.488928021131411,0.6006097292537971,0.10445740699977989,0.18812458727712966,0.525841954655514,0.25389830508474576,0.1189720449042483,0.2507858243451464,-0.009804094210873871,0.24425489764472816,-0.018945630640545896,0.22242791107197887,-0.06604446401056571,0.09523222540171693,0.12585736297600705,0.07817961699317631,-0.06561963460268545,-0.16795949812898966,-0.28439357252916575,0.10797270526084085,0.17405679066696017,-0.10287255117763593,0.09434734756768655,-0.16884217477437816,0.10378604446401056,-0.049931763152102134,-0.026621175434734756,0.12809817301342724,0.1853598943429452,-0.014957076821483601,0.02834470614131631,-0.045335681267884655,0.1405150781421968,-0.09760950913493287,-0.11604886638784943,-0.09505833149900947,-0.07604886638784944,-0.3626172132951794,-0.20799251595861765,-0.23111820383006823,-0.36139555359894343,-0.17542813119084305,0.07132951793968743,0.049522342064714946,-0.0638696896324015,0.14450583314990095,-0.14852520360994936,-0.12293418445960819,-0.26397094430992735,-0.09211314109619194,-0.07439137134052388,0.052716266784063395,-0.1163086066475897,0.2683975346687211,0.17923838872991416,-0.13509355051727934,-0.18522121945850759,0.36062293638564824,0.29997798811358134,0.4920052828527405,0.4423662777900066,0.3377129650011006,0.3070416024653313,0.02666960158485582,-0.16705921197446622,-0.08651771956856702,-0.14325335681267884,-0.07055469953775038,-0.1609839313229144,0.2516729033678186,0.17391371340523884,-0.12669381465991636,0.24046445080343384,0.05055910191503412,-0.11018269865727492,0.22281752146158926,-0.16391811578252255,-0.2471186440677966,-0.04027294739159146,0.03987673343605547,-0.013869689632401497,-0.0028065155183799252,-0.01072639225181598,-0.1288333700198107,0.051802773497688755,0.015648250055029716,-0.06786924939467312,0.09968963240149681,-0.18741580453444862,-0.030677966101694914,-0.23256878714505833,-0.1745674664318732,-0.12415584415584416,-0.06705921197446621,-0.23620074840413824,-0.22005502971604665,-0.272260620735197,-0.1821483601144618,-0.010380805635042923,-0.2056174334140436,0.031897424609289016,-0.08146819282412503
#49,0.5061677305745103,0.15989874532247414,0.20370900286154522,0.11021351529826107,0.2086616773057451,0.20575390710983932,0.19942989214175655,1.0,0.32368699097512654,0.44324014968082764,0.5323552718467973,0.17375963020030816,0.07311688311688312,0.1413119084305525,0.07761171032357474,0.011930442438917015,0.02143297380585516,0.05068456966762051,-0.16072419106317412,-0.18271846797270527,-0.04659476117103236,0.04306405458947832,-0.004906449482720669,0.21884217477437817,-0.15643847677745984,0.005494166850099054,-0.19023992956196345,-0.15875852960598724,-0.21072198987453225,-0.022914373761831388,0.09240810037420207,0.08007043803653974,0.06491745542593,0.17526964560862865,-0.17119524543253356,-0.1694849218578032,-0.06906009244992296,0.08923398635263043,0.02670922298040942,0.1128615452344266,-0.13376623376623376,0.045111160026414264,-0.32774378164208673,-0.08821703720008804,-0.12329517939687432,0.043433854281311905,-0.15627118644067797,-0.08354611490204711,-0.08354831609068897,-0.1583535108958838,-0.1459520140876073,-0.028692493946731235,-0.009011666299801893,-0.0373167510455646,0.06871890821043364,-0.014521241470394013,0.08662998018930222,-0.03447941888619855,0.02730794629099714,0.19401276689412283,0.24990534888839974,0.09666079683028836,-0.3667752586396654,-0.1326172132951794,-0.1759520140876073,-0.26977767994717144,-0.2532137354171253,-0.11722870349988994,0.14701078582434515,0.10890380805635043,0.021972265023112482,-0.03112920977327757,0.25868589038080564,0.11837772397094432,0.02579352850539291,-0.07437376183138895,0.040372000880475455,0.013882896764252696,-0.0864935064935065,0.0788531807175875,-0.18773057451023553,0.016555139775478758,0.15583755227823023,0.03850759410081444,0.197739379264803,0.21403037640325775,0.162128549416685,-0.06222099933964341,-0.004794188861985472,-0.20753907109839312,0.021069777679947173,-0.033425049526744445,-0.04765133171912833,0.2267180277349769,0.24036099493726612,-0.04132291437376183,0.16299141536429673,-0.30352850539291215,-0.17300902487343164,-0.18410521681708122,-0.21238828967642526,-0.21347787805414925,0.14565925599823906,-0.18943649570768215,0.02803433854281312,-0.08535549196566146,0.0811270085846357,0.07819282412502751,-0.09572969403477878,0.17158485582214394,0.07444419986792868
#50,-0.08816420867268325,0.2935989434294519,0.14459828307285935,-0.24556900726392253,0.18979528945630642,-0.11323574730354391,0.21099053488883998,0.32368699097512654,1.0,0.07906009244992296,0.32832929782082326,0.15803653973145498,0.10814880035219018,0.33238388729914153,0.1851749944970284,0.11885758309487122,0.0750561303103676,0.30790226722430114,0.22664758969843715,0.0287805414924059,0.07459608188421747,-0.020994937266123708,0.08616112700858464,0.08130090248734316,0.08033017829627999,0.03561082984811798,-0.044336341624477214,-0.023301782962799913,0.00014307726172132953,-0.05132291437376183,0.020261941448382125,-0.09757429011666299,0.13316530926700418,-0.08418005723090469,-0.2863548316090689,0.027197886858903807,-0.08251375742901167,-0.019639005062733875,-0.333746423068457,-0.07353951133612151,-0.00710543693594541,0.11346246973365617,-0.1988795949812899,-0.022260620735197006,-0.17056350429231784,-0.11226942548976447,-0.02854061193044244,0.06311908430552499,-0.09591679506933744,-0.3059278010125468,-0.18840413823464672,-0.2735989434294519,-0.2529914153642967,-0.20594100814439797,-0.14788025533788246,-0.2237310147479639,-0.256616773057451,-0.3079330838652873,-0.24933303984151442,-0.048901606867708565,-0.09445300462249615,0.03570988333700198,0.10112920977327756,0.05830948712304645,0.016277790006603565,-0.0009905348888399736,0.26474796390050626,-0.00861104996698217,0.33904248294078804,0.2980893682588598,0.3150429231785164,0.19173893902707462,-0.2079110719788686,-0.255313669381466,-0.2510807836231565,-0.20791327316751046,-0.169867928681488,-0.1906515518379925,0.11457186880915694,0.06765133171912834,-0.09342725071538631,0.2811732335461149,0.11675324675324675,0.14846577151661897,0.14050407219898745,0.02674224081003742,-0.018065155183799253,0.014076601364736959,0.09493286374642307,-0.059203169711644285,0.06789126128109178,-0.11859123926920537,-0.22297600704380366,0.0066189742460928905,0.13193484481620074,0.2540413823464671,0.2169337442218798,-0.06658815760510675,-0.0613317191283293,-0.16882236407660137,-0.21383226942548977,0.05605326876513317,-0.26700858463570326,-0.1149042482940788,-0.018467972705260842,-0.0775148580233326,-0.17690732995817743,-0.09908430552498348,-0.10208672683248954,-0.09260840854061193,-0.11309707241910631
#51,0.4538674884437596,0.5674069997798812,0.5993682588597843,0.5515716486902927,-0.16792868148800352,0.2826766453885098,0.488928021131411,0.44324014968082764,0.07906009244992296,1.0,0.6266497908870791,0.060184899845916795,0.2803169711644288,0.4788091569447502,0.2746797270526084,0.049561963460268546,0.6225225621835792,0.14085846357032797,-0.09192163768434955,-0.41073959938366716,0.0003081664098613251,-0.18897644728153204,0.22746423068456967,0.19067136253576933,0.20187541272287035,-0.03954215276249175,-0.08743341404358354,-0.1432687651331719,0.058978648470173894,0.027944089808496587,0.268399735857363,0.3285604226282192,0.17399295619634603,0.3326964560862866,0.011826986572749285,-0.23628439357252917,0.2501893022232005,0.05262161567246313,0.19556020250935505,0.01841734536649791,-0.2840391811578252,-0.034534448602245214,-0.24840413823464672,-0.3967884657715166,-0.025194805194805193,0.02225181598062954,-0.058496588157605105,-0.038481179837112044,-0.2756548536209553,-0.21552498349108518,0.09274047985912393,0.16900726392251816,0.29302003081664096,-0.13817961699317632,0.12383887299141537,-0.22408540611930441,-0.011573849878934625,-0.2620162887959498,0.18261501210653752,0.07437596302003081,0.26915474356152325,0.04167730574510235,0.13292317851639884,0.11000880475456747,-0.03354171252476337,-0.27178516398855385,0.18710323574730353,0.11031476997578693,0.3274554259300022,0.3791811578252256,0.3472265023112481,0.37099053488884,-0.11054589478318291,-0.16586836891921639,-0.31722870349988996,-0.36688311688311687,-0.10429892141756548,-0.10034118423948933,0.2521153422848338,-0.052940788025533786,-0.17433193924719348,-0.05627338762931983,0.16283953334800794,-0.1262887959498129,0.05604666519920757,-0.1779969183359014,-0.18069557561082986,-0.03193924719348448,-0.20402377283733217,-0.12846577151661898,-0.10035879374862426,0.03697336561743341,0.030898084965881575,0.21764913053048646,0.24404798591239268,0.09080123266563944,0.15087387189082105,0.1894673123486683,0.2672507153863086,0.0437640325775919,0.07079462909971385,0.122524763372221,0.21726172132951793,0.03443979749064495,0.2444948272066916,0.05949152542372881,0.17307506053268765,0.03713185119964781,-0.23826326216156724,0.25089808496588156,0.087805414924059
#52,0.41041162227602906,0.4865903587937486,0.3007065815540392,0.24567906669601586,0.07281091789566366,0.3393682588597843,0.6006097292537971,0.5323552718467973,0.32832929782082326,0.6266497908870791,1.0,0.24490644948272067,0.40957517059211973,0.5810037420206912,0.16905348888399735,0.04051067576491305,0.16552278230244333,-0.05504732555580013,-0.09334580673563725,-0.2288069557561083,0.13856702619414485,-0.08189302223200529,0.17506053268765134,0.16979308826766454,0.09442218798151002,-0.03523002421307506,-0.22536869909751267,-0.262260620735197,0.06542372881355932,0.0499933964340744,-0.07456526524323134,-0.006299801893022232,-0.0526106097292538,0.07374202069117324,-0.19156284393572529,-0.11894563064054589,0.024285714285714285,0.14063614351749945,-0.04797930882676645,0.00925379705040722,-0.13039841514417785,0.06437596302003082,-0.1949768875192604,-0.07201188641866609,-0.18311468192824126,-0.0035395113361215056,-0.15079462909971383,0.009471714725952015,-0.34745102355271845,-0.29952894563064053,-0.11361435174994497,0.05272727272727273,0.059788685890380805,-0.062183579132731676,0.15467752586396655,-0.06647369579572969,0.005747303543913713,-0.15232885758309486,-0.12410961919436496,-0.05221439577371781,0.12024433193924719,-0.06969843715606427,0.028274268104776578,-0.0008584635703279771,-0.14903147699757868,-0.36568567026194143,0.13359894342945192,0.1687607307946291,0.3760642747083425,0.2810961919436496,0.15282412502751486,0.06494386968963241,0.006500110059432094,-0.10229143737618314,-0.04776139115122166,-0.2087079022672243,-0.004417785604226282,-0.130231124807396,0.22892361875412723,0.18833590138674886,-0.0726370239929562,0.29656834690732997,-0.014404578472375083,0.0034008364516839094,0.16236847897864848,-0.09832049306625577,-0.12043363416244772,0.05490644948272067,-0.13275368699097512,0.07101034558661677,-0.019379264802993616,0.010913493286374643,-0.03848998459167951,0.1225511776359234,0.11913273167510456,-0.05508694695135373,0.09045124367158265,-0.22109839313229143,-0.08354391371340524,-0.15580893682588598,-0.20576051067576492,-0.18725952014087607,0.0017609509134932863,-0.25268545014307725,-0.011424169051287696,-0.13883777239709444,-0.03294078802553379,0.020523882896764253,-0.1708298481179837,0.15607968302883557,-0.02197886858903808
#53,-0.07524323134492626,0.0005591019150341185,-0.028252256218357915,0.1188201628879595,0.4703808056350429,0.4935108958837772,0.10445740699977989,0.17375963020030816,0.15803653973145498,0.060184899845916795,0.24490644948272067,1.0,0.30359674224081,0.1574620294959278,-0.02692273827867048,-0.41649350649350647,0.03997798811358133,-0.1331454985692274,-0.2844287915474356,-0.2654897644728153,-0.2360180497468633,-0.327739379264803,0.0435857362976007,-0.13147919876733435,-0.04421747743781642,-0.0625643847677746,-0.21039181157825226,-0.2933744221879815,-0.0075720889280211316,0.18177635923398636,-0.02445300462249615,0.19656394453004622,0.10985031917235306,0.3424565265243231,0.1134668721109399,0.10729914153642967,0.06414043583535109,0.12131631080783623,0.23189302223200528,0.2074158045344486,0.09211314109619194,0.10108298481179837,0.2529605987233106,0.1482786704820603,0.30142857142857143,0.08035659255998238,-0.24079903147699758,-0.10225841954655514,-0.11747963900506274,-0.29285934404578473,-0.15296940347787805,-0.34188201628879594,-0.1686352630420427,-0.28792427911071977,-0.09957517059211975,-0.14287255117763592,0.0161831388950033,-0.11557120845256438,0.39931102795509577,0.22197446621175435,0.20718688091569448,0.1290710983931323,-0.061270085846357035,0.035569007263922515,-0.1747127448822364,-0.12333259960378605,0.038366718027734975,0.032610609729253795,-0.1789786484701739,0.0033810257539071097,-0.15696896324014967,0.00951353731014748,-0.09193484481620075,-0.12026854501430773,0.13643627558881796,-0.02236187541272287,0.06468853180717588,-0.11797710763812459,0.16530486462689853,0.2525930002201189,0.19489544353951133,0.337030596522122,0.0913185119964781,0.1339027074620295,0.4084525643847678,0.34364296720228926,0.4269667620515078,0.19377944089808496,-0.012331058771736738,0.24334140435835352,0.374983491085186,0.37742020691173234,0.4965969623596742,0.25124367158265465,0.2977790006603566,0.12051727933083865,-0.02771516618974246,-0.16650231124807396,-0.29091349328637467,0.04428131190843055,-0.08468853180717588,-0.11035439137134052,0.2360708782742681,-0.22646929341844596,-0.2006977767994717,-0.09833149900946511,-0.09970944309927361,0.1980739599383667,0.07088047545674664,0.24970504072198987,0.19085846357032799
#54,-0.014281311908430553,0.28201848998459167,0.2741866607968303,0.15891701518820162,0.00448382126348228,0.31584415584415587,0.18812458727712966,0.07311688311688312,0.10814880035219018,0.2803169711644288,0.40957517059211973,0.30359674224081,1.0,0.4570217917675545,0.2839423288575831,-0.21787805414924058,0.2884635703279771,-0.0009531146819282412,-0.3624014968082765,-0.43724411182038303,-0.10050187101034559,-0.3918842174774378,0.23670041822584195,-0.2758067356372441,0.10248294078802553,-0.2822342064714946,-0.212689852520361,-0.12057230904688532,0.4202927580893683,0.10668500990534889,0.013858683689192164,0.11399735857362976,-0.03787145058331499,0.007906669601584856,0.14009024873431652,0.11671802773497689,0.15336341624477218,-0.17871670702179177,-0.002491745542593,-0.24201408760730794,-0.10648910411622275,0.002683248954435395,0.24945190402817521,0.01696456086286595,0.22320052828527404,0.1728021131410962,-0.10736737838432754,0.0014417785604226281,-0.28560202509355054,-0.23637684349548757,-0.12303323794849219,-0.06058551617873652,0.10918996257979309,-0.34313449262601803,-0.05132291437376183,-0.3108298481179837,-0.043359013867488444,-0.26897424609289017,-0.09644948272066917,-0.11232665639445301,0.017026194144838212,-0.07371340523882897,0.3992097732775699,0.30029055690072637,-0.04087387189082104,-0.1596852300242131,0.41188201628879595,0.28111380145278453,0.11362755888179617,0.18326436275588817,0.13446401056570548,0.22898305084745763,-0.2278560422628219,-0.06618754127228703,-0.25812458727712967,-0.36960818842174775,-0.1196962359674224,-0.047052608408540614,0.6092361875412723,0.13185780321373541,0.1599075500770416,0.1301584855822144,0.17379264802993616,0.18521021351529826,0.009632401496808277,-0.06453664979088708,0.0011710323574730353,0.1545498569227383,-0.048437156064274706,0.28401937046004844,0.1623794849218578,0.3928637464230685,0.282755888179617,0.14417785604226283,-0.02278450363196126,0.16959938366718028,-0.1971648690292758,0.258778340303764,0.12231565045124367,0.04482720669161347,0.07725511776359234,0.1329980189302223,0.3116927140655954,-0.033409641206251374,0.1099207572088928,-0.09576271186440678,0.1587475236627779,-0.029678626458287474,-0.23721549636803874,0.07962359674224082,-0.006519920757208893
#58,0.16345806735637244,0.4411534228483381,0.3769491525423729,0.09690732995817741,0.026979969183359015,0.16214175654853621,0.525841954655514,0.1413119084305525,0.33238388729914153,0.4788091569447502,0.5810037420206912,0.1574620294959278,0.4570217917675545,1.0,0.2530508474576271,0.0040237728373321595,0.3037574290116663,0.1688663878494387,0.05087607307946291,-0.21156504512436716,0.0789918556020251,-0.2604424389170152,0.33340303764032575,0.05579793088267664,0.3013185119964781,-0.0512062513757429,-0.06777019590578913,-0.15545674664318732,0.09309707241910632,-0.038945630640545896,0.12937706361435175,0.1138828967642527,-0.03933964340744002,0.05142857142857143,-0.10393132291437376,-0.08961038961038961,0.10203830068236848,0.04256218357913273,-0.14511776359233985,-0.0687805414924059,-0.11307065815540392,-0.11828307285934404,-0.09226282192383888,-0.2096962359674224,-0.044829407880255336,0.00611930442438917,-0.13560202509355052,0.007959498128989655,-0.2450297160466652,-0.29826986572749287,-0.14206911732335462,0.016616773057451024,0.05832709663218138,-0.15099713845476556,0.05761171032357473,-0.1765661457186881,-0.029414483821263483,-0.2547391591459388,-0.09143957737178077,-0.09345586616773058,-0.11314329738058551,-0.025817741580453444,0.29997798811358134,0.05068236847897865,-0.0075720889280211316,-0.13092009685230024,0.451617873651772,0.08088047545674665,0.40510895883777237,0.2695795729694035,0.36072639225181596,0.18344265903587936,-0.17279330838652873,-0.1474488223640766,-0.1659916354831609,-0.15899405679066697,-0.07442659035879375,-0.15353070658155404,0.3104402377283733,0.07758309487123047,-0.012240810037420207,0.2025974025974026,0.11994276909531147,0.3586352630420427,0.23960818842174775,-0.14998459167950692,-0.2087211093990755,0.05410961919436496,-0.08947831829187762,0.28349768875192605,-0.05386748844375963,0.17766894122826327,0.08836011446180937,-0.04252256218357913,-0.052447721769755665,0.06051507814219679,0.06936825885978429,0.08485362095531587,0.14826106097292538,-0.11408540611930443,-0.02110939907550077,0.08635263042042703,0.08843275368699098,-0.07227382786704821,0.11732775698877394,-0.12095091349328638,0.06992515958617654,-0.06071098393132292,-0.03497908870790227,0.001712524763372221,-0.09122826326216157
#101,-0.21480959718247855,0.43869909751265684,0.3506185340083645,0.049689632401496805,-0.2863394232885758,-0.01917675544794189,0.25389830508474576,0.07761171032357474,0.1851749944970284,0.2746797270526084,0.16905348888399735,-0.02692273827867048,0.2839423288575831,0.2530508474576271,1.0,0.3161303103675985,0.19141316310807835,0.09328637464230685,0.15870570107858242,-0.29969843715606426,0.3908430552498349,-0.06567246313009024,0.2816883116883117,-0.043502091129209775,0.17068456966762052,-0.26492846136913933,-0.3606053268765133,-0.305841954655514,0.03154963680387409,-0.14306405458947832,-0.13320493066255779,0.040037420206911735,-0.03686330618534008,-0.08045784723750825,-0.30139995597622715,-0.1522870349988994,0.1820228923618754,-0.2359057891261281,-0.27318071758749723,-0.2964494827206692,-0.3474554259300022,-0.21839533348007925,-0.1412062513757429,-0.29236407660136476,-0.1048316090688972,-0.0026524323134492628,-0.33863966541932644,-0.35775478758529605,-0.3132753686990975,-0.4190380805635043,-0.20841954655513978,0.01724191063174114,0.016577151661897424,-0.30222540171692713,0.16095091349328638,-0.3949702839533348,-0.06678626458287475,-0.3609509134932864,-0.3829672022892362,-0.25749944970283956,0.030644948272066916,-0.14041822584195465,0.3121219458507594,0.5780123266563945,-0.31529165749504734,-0.27427470834250495,0.2947281532027295,0.20448822364076602,0.47911292097732777,0.5332005282852741,0.2761699317631521,0.4829275808936826,-0.0339225181598063,-0.23814659916354833,-0.3013515298261061,-0.4441272287034999,-0.23571648690292757,-0.09452124147039401,0.6509817301342725,0.053411842394893244,-0.16688091569447502,-0.16725071538630862,0.3031322914373762,0.060702179176755446,-0.09563724411182038,-0.12146158925819943,-0.13179837112040502,-0.3875126568346907,-0.13369579572969403,-0.22552278230244333,-0.310264142637024,0.10644948272066916,-0.2497226502311248,-0.03158265463350209,0.0689060092449923,0.29755668060752805,0.08576931543033238,0.051045564604886635,-0.019341844596081886,-0.2581135813339203,-0.1686682808716707,-0.21428131190843056,-0.02226502311248074,-0.3925269645608629,0.006852300242130751,-0.3386682808716707,0.001926040061633282,-0.07263042042703059,-0.4040721989874532,-0.11121505613031037,0.004910851860004403
#102,-0.012243011226062073,0.20342945190402817,0.11788685890380805,-0.21227602905569007,-0.30136693814659915,-0.47373981950253136,0.1189720449042483,0.011930442438917015,0.11885758309487122,0.049561963460268546,0.04051067576491305,-0.41649350649350647,-0.21787805414924058,0.0040237728373321595,0.3161303103675985,1.0,-0.11168611049966982,0.23072419106317413,0.2956416464891041,0.39772837332159366,0.33337222099933966,0.6020338983050847,0.22677305745102355,0.5639225181598063,0.20641646489104115,0.3890446841294299,-0.14858023332599604,-0.1064010565705481,-0.17089808496588157,-0.28085846357032795,-0.2878120184899846,-0.4167422408100374,-0.19227823024433194,-0.3334800792427911,-0.5600572309046885,-0.3204732555580013,-0.39066696015848557,0.04690953114681928,-0.2864670922298041,-0.13342284833810258,-0.05024873431653093,-0.19689192163768435,-0.35300022011886417,0.01464010565705481,-0.3547083425049527,-0.1421879815100154,-0.01579572969403478,-0.1744750165089148,-0.17762491745542594,-0.0735329077701959,-0.07132291437376183,0.21046665199207573,-0.12669381465991636,0.35573629760070435,0.08290997138454766,0.15742020691173234,-0.24182258419546554,0.07459388069557561,-0.37117763592339864,-0.2434206471494607,-0.2254655513977548,-0.28033017829628,0.09359674224081004,0.2311071978868589,-0.16316090688972046,-0.10400836451683909,0.09605326876513318,0.022722870349988995,0.4832027294739159,0.4182126348228043,0.21930222320052828,0.15418225841954655,0.12827867048206032,-0.01145938806955756,-0.12160466651992076,-0.0066431873211534225,0.025577812018489986,-0.018516398855381908,0.17180497468633063,0.2524697336561743,-0.3210631741140216,-0.06027294739159146,-0.20238608848778342,-0.2679837112040502,-0.253662777900066,-0.32202069117323356,-0.3567510455646049,-0.12143297380585516,0.046288795949812896,-0.3185736297600704,-0.36323354611490205,-0.3932621615672463,-0.417970504072199,-0.30079462909971383,-0.12766233766233767,-0.022168170812238607,0.5642152762491746,-0.27130310367598504,0.04890380805635043,-0.33099933964340744,-0.20066916134712745,-0.25406339423288576,-0.3865925599823905,-0.23762931983270966,-0.21097952894563063,-0.237508254457407,-0.2927096632181378,-0.2145938806955756,-0.21103015628439356,-0.19378604446401057,-0.08341844596081885
#201,0.15048426150121066,0.3587145058331499,0.7476953554919656,0.40337442218798153,-0.23185560202509356,0.20821703720008805,0.2507858243451464,0.02143297380585516,0.0750561303103676,0.6225225621835792,0.16552278230244333,0.03997798811358133,0.2884635703279771,0.3037574290116663,0.19141316310807835,-0.11168611049966982,1.0,0.4853356812678847,-0.043392031697116445,-0.34901386748844376,-0.18969183359013866,-0.39559322033898303,0.26975346687211094,-0.11883557120845256,0.1307770195905789,-0.3170085846357033,0.18709663218137795,0.14781421967862646,0.2798591239269205,-0.19900286154523442,0.5000264142637024,0.2643715606427471,0.29154523442659036,0.12382786704820603,0.20991855602025095,-0.16750385208012328,0.3644353951133612,-0.25200748404138235,0.1261104996698217,-0.18250055029716047,-0.25578472375082545,-0.002762491745542593,-0.1623068456966762,-0.5357693154303323,0.15073079462909972,-0.16544794188861986,0.19357693154303324,0.09922077922077922,0.021294298921417567,0.03086286594761171,0.24589478318291877,0.18410741800572308,0.251435174994497,-0.29111820383006826,-0.2018401937046005,-0.4625753907109839,-0.22371560642747085,-0.3765551397754788,0.17488883997358573,-0.12280651551837993,0.06705701078582435,0.005674664318732116,0.33599603786044463,0.24253356812678847,0.24455866167730575,0.0935593220338983,0.37338542813119086,0.04503852080123267,0.16817741580453444,0.3858771736737838,0.559471714725952,0.6109861325115562,-0.33614131631080785,-0.15029275808936826,-0.5677988113581334,-0.32868589038080565,-0.31026194144838215,-0.1140347787805415,0.3355095751705921,-0.2777173673783843,-0.29283513097072417,-0.26219898745322473,0.21590578912612812,-0.01673783843275369,-0.017387189082104338,-0.12644508034338542,-0.2143099273607748,0.08336781862205592,-0.2930706581554039,0.0035417125247633723,-0.19805194805194806,0.03664538850979529,0.07302443319392472,0.18069777679947172,0.022203389830508475,0.5236693814659916,0.013959938366718027,0.6514968082764693,0.44958617653532906,0.3061303103675985,0.2540347787805415,0.5555447941888619,0.2411996478098173,0.3763834470614132,0.3426612370680167,0.27235086946951353,0.21172573189522342,-0.15869249394673124,-0.26791987673343604,0.1767884657715166,-0.06894783182918776
