,#10,#11,#12,#13,#17,#18,#26,#49,#50,#51,#52,#53,#54,#58,#101,#102,#201,#202,#301,#302,#401,#402,#501,#502,#601,#602,#701,#702,#801,#802,#901,#902,#1001,#1002,#1101,#1102,#1201,#1202,#1301,#1302,#1401,#1402,#1501,#1502,#1601,#1602,#1701,#1702,#1801,#1802,#1901,#1902,#2001,#2002,#2101,#2102,#2201,#2202,#2301,#2302,#2401,#2402,#2501,#2502,#2601,#2602,#2701,#2702,#2801,#2802,#2901,#2902,#3001,#3002,#3101,#3102,#3201,#3202,#3301,#3302,#3401,#3402,#3455,#3501,#3502,#3601,#3602,#3701,#3702,#3801,#3802,#3901,#3902,#4001,#4002,#4101,#4102,#4201,#4202,#4301,#4302,#4401,#4402,#4501,#4502,#4601,#4602,#4701,#4702,#4801,#4802
#10,1.0,0.3087585296059872,0.34309927360774817,0.5419744662117544,0.11227162667840634,0.24197446621175434,0.16168390931102797,0.6017037200088048,0.09016068677085626,0.5354919656614572,0.4421989874532247,0.0740876073079463,-0.13039181157825225,-0.07127668941228263,-0.2220713185119965,-0.10296940347787806,0.4521681708122386,0.1620757208892802,0.02156284393572529,0.036526524323134496,0.008868589038080563,0.0088069557561083,0.33884217477437817,0.283827867048206,0.3514241690512877,0.41354171252476335,0.005311468192824125,-0.0385758309487123,-0.0827030596522122,-0.009379264802993616,-0.2861963460268545,-0.1298283072859344,0.07795509575170592,0.24736737838432754,-0.10127448822364077,0.01935064935064935,-0.0950957517059212,-0.11248734316530927,0.2969843715606427,0.21911512216596962,-0.12409861325115562,-0.14042482940788026,-0.27864406779661016,-0.22135373101474795,-0.11670261941448382,0.19945410521681708,-0.024816200748404137,-0.12178736517719568,-0.03682588597842835,0.012269425489764473,-0.0076997578692493945,0.026130310367598504,0.23805855161787365,0.12984371560642746,0.1349042482940788,0.11057891261281091,-0.07991855602025094,0.03535769315430332,-0.06614791987673344,0.12620074840413822,0.014136033458067356,-0.04413383226942549,-0.10159145938806956,0.017823024433193925,-0.05277569887739379,-0.23860444640105657,-0.09944750165089149,-0.007530266343825666,0.02336121505613031,-0.12083204930662558,0.041171032357473034,0.12100374202069117,0.13264142637023993,0.22107197886858904,0.07605326876513317,0.038809156944750164,-0.058432753686990975,0.03516839093110279,0.04357032797710764,-0.04176315210213515,-0.137178076161127,-0.34040281752146156,-0.12863746423068456,-0.10652872551177636,-0.17247633722209993,0.12695795729694034,0.18683248954435394,-0.20655513977547876,-0.15638344706141316,-0.34789126128109177,-0.2452608408540612,0.033317191283292975,0.12454105216817081,-0.05436275588817962,-0.08577371780761611,0.33269205370900284,0.3412348668280872,0.17311908430552497,0.2908100374202069,0.07403477878054149,0.16633942328857584,0.09081884217477437,0.09244992295839753,0.2255381906229364,0.3155734096412062,0.1300462249614792,0.24045784723750827,0.1134800792427911,-0.16720889280211315,-0.0875280651551838,-0.19656614571868808
#11,0.3087585296059872,1.0,0.4768170812238609,0.3577525863966542,0.2552608408540612,0.028969843715606427,0.18296279991195247,0.3463812458727713,0.6042196786264583,0.3558705701078582,0.38885538190622937,-0.00714505833149901,0.059484921857803214,0.3518842174774378,0.13699537750385207,0.5120140876073079,0.40878274268104775,0.403515298261061,-0.18423288575830948,0.19987893462469733,0.095181598062954,0.3592559982390491,0.3180563504292318,0.3902377283733216,0.129471714725952,0.4667180277349769,-0.3480299361655294,-0.23875852960598723,0.0702047105436936,-0.10739159145938806,-0.025974025974025976,0.12189962579793089,-0.1239819502531367,0.14320713185119965,0.30406999779881133,0.09650671362535769,0.03082984811798371,0.005040721989874532,-0.06772837332159366,0.058606647589698434,0.09223860884877834,0.013568126788465772,0.16753907109839314,0.10126348228043143,-0.011655293858683689,0.3845564604886639,-0.2965771516618974,-0.34026634382566584,-0.17278450363196127,-0.06070438036539731,-0.3438322694254898,-0.029537750385208013,-0.3346004842615012,0.050688972044904246,-0.11165529385868368,0.07234426590358793,-0.15234866828087168,0.13090028615452345,-0.1415892581994277,0.13729253797050409,-0.163020030816641,-0.016922738278670482,0.07480079242791107,-0.08539511336121505,-0.35837552278230245,-0.1621219458507594,0.38240149680827645,0.3134932863746423,0.3790292758089368,0.4101694915254237,0.3402861545234427,0.4411842394893242,-0.09438476777459828,-0.2308848778340304,0.11163548316090689,-0.05087607307946291,-0.12005502971604666,-0.04853400836451684,0.2303367818622056,0.27415144177856043,-0.09076381245872771,-0.047719568567026194,-0.06911732335461149,-0.14472375082544575,0.07253356812678846,-0.18281752146158925,-0.1574025974025974,-0.054514637904468415,0.023116883116883116,0.005927801012546775,0.21889720449042482,-0.19784943869689633,0.13427030596522121,-0.30320052828527405,-0.17735417125247635,0.2714439797490645,0.448877393792648,0.05806075280651552,0.3290490865067136,-0.3853334800792428,-0.08799031476997579,0.16347567686550737,0.20360994937266125,-0.08200748404138235,-6.163328197226502e-05,-0.2907902267224301,-0.10315210213515298,0.011476997578692494,0.08443759630200308,-0.35418225841954654,-0.3240083645168391
#12,0.34309927360774817,0.4768170812238609,1.0,0.7247567686550738,0.4113317191283293,0.3946026854501431,0.23841294298921417,0.2665397314549857,0.42787805414924057,0.46877613911512217,0.3547985912392692,0.03140215716486903,0.10057891261281092,0.3083645168390931,0.03160686770856262,0.31001760950913493,0.7990204710543694,0.874767774598283,-0.377277129650011,-0.11526964560862867,-0.21625797930882676,-0.04585516178736518,0.5050407219898745,0.5756306405458947,0.3573343605546995,0.4228043143297381,-0.2359255998239049,-0.10295839753466872,0.3846885318071759,0.19020250935505173,0.22909311027955095,0.17968082764692933,0.1660048426150121,0.09120405018710104,0.20922077922077922,-0.08559322033898305,-0.11736957957296941,-0.23497908870790227,-0.12926040061633282,-0.2260378604446401,0.21176315210213514,-0.17791767554479418,0.11472595201408761,-0.018571428571428572,0.08164869029275809,0.4683182918776139,-0.3708430552498349,-0.3357891261281092,-0.12403477878054149,0.13467752586396653,-0.21800352190182698,0.4678120184899846,-0.09652872551177635,0.3050319172353071,-0.2388729914153643,-0.1101716927140656,-0.353992956196346,-0.13875852960598722,-0.2385956416464891,0.10946511116002641,-0.2379969183359014,0.08237068016729034,0.00012546775258639664,-0.03128989654413383,-0.34753686990975124,0.053486682808716705,0.2404358353510896,0.48909531146819285,0.050096852300242134,0.31710323574730354,0.3234514637904468,0.44753907109839314,-0.4523948932423509,-0.03523002421307506,-0.2900968523002421,-0.27624036979969185,-0.39007484041382345,0.027270526084085405,0.56689852520361,0.395280651551838,0.025773717807616114,-0.08402597402597403,-0.10910191503411842,-0.1352542372881356,0.13928461369139336,-0.29620515078142196,-0.10068456966762052,0.05935725291657495,-0.047737178076161124,0.10397534668721109,0.19834030376403258,-0.06202509355051728,0.3381620074840414,-0.38366277790006603,-0.07464891041162228,0.6604644508034339,0.4829319832709663,0.3079837112040502,0.4275588817961699,-0.12409200968523003,0.32417785604226285,0.6579572969403478,0.3797622716266784,0.24746643187321155,0.10915474356152323,-0.06221879815100154,0.026110499669821704,-0.08062293638564826,-0.08762931983270966,-0.4034272507153863,-0.4081884217477438
#13,0.5419744662117544,0.3577525863966542,0.7247567686550738,1.0,0.29215276249174554,0.4638300682368479,0.43850099053488883,0.3315320272947392,0.06555800132071318,0.7191349328637464,0.4877525863966542,0.15684569667620515,0.19554259300022012,-0.057444419986792866,-0.0859982390490865,0.043876293198327095,0.6557318952234207,0.5308386528725512,-0.29543253356812677,-0.21957957296940347,-0.29080783623156503,-0.18333480079242792,0.22917455425930003,0.44103675985031915,0.12444640105657055,0.36536649790887077,-0.21321593660576713,-0.05918335901386749,0.19436935945410522,0.15695355491965662,-0.07993836671802773,0.024468412942989213,-0.07978648470173894,0.11110719788685891,0.06684129429892141,-0.00924058991855602,-0.022905569007263923,0.013931322914373762,-0.046328417345366496,-0.01425049526744442,-0.07282632621615673,-0.17796610169491525,-0.1122540171692714,0.05185119964780982,0.061104996698217035,0.4204732555580013,-0.18467752586396655,-0.18438256658595642,-0.06138895003301783,-0.001082984811798371,-0.16815760510675765,0.24300242130750604,-0.013039841514417786,0.1097556680607528,-0.14309927360774818,-0.10604666519920757,-0.245511776359234,-0.11069997798811358,-0.2743297380585516,0.019757869249394672,-0.18061413163108078,0.027719568567026193,0.1990975126568347,0.17774818401937045,-0.24965221219458508,-0.17095091349328637,0.14838652872551178,0.40322694254897645,-0.12984591679506935,-0.08094430992736078,0.023891701518820162,0.10767774598283072,-0.18353731014747965,0.07188641866607969,-0.09169931763152102,-0.2252938586836892,-0.20965001100594322,0.030231124807395995,0.49799251595861765,0.41505833149900945,-0.02629319832709663,-0.0912194585075941,0.09087827426810478,0.0008892802113141097,0.10369579572969403,-0.1436847897864847,0.030290556900726393,-0.09940567906669602,-0.21410301562843936,-0.07311468192824125,0.025945410521681707,0.08427250715386309,0.36168831168831167,-0.3689786484701739,-0.03654633502091129,0.3737376183138895,0.3381289896544134,0.03232665639445301,0.31605987233105876,-0.07046224961479199,0.20142416905128768,0.32510675764913055,0.16718688091569447,0.09094210873871891,0.14966101694915254,-0.13451683909311027,-0.06355712084525644,0.009581774158045344,-0.02587937486242571,-0.20909751265683468,-0.16067576491305305
#17,0.11227162667840634,0.2552608408540612,0.4113317191283293,0.29215276249174554,1.0,0.19246973365617434,-0.04049526744441999,0.09509795289456306,0.30204050187101034,-0.0078120184899845915,0.10478978648470173,0.2618908210433634,0.040981730134272504,0.5887739379264803,-0.16883777239709444,-0.015108958837772397,0.15930002201188642,0.36655513977547877,-0.2895179396874312,-0.09816420867268325,0.02399735857362976,-0.004078802553378825,0.2335263042042703,0.2737244111820383,0.26909311027955096,0.2553378824565265,-0.19335020911292097,-0.047402597402597405,0.3270195905789126,0.24831388950033018,0.24018269865727493,0.23365397314549857,0.1432687651331719,0.026130310367598504,0.4234690732995818,0.31153202729473917,-0.10871010345586617,-0.04785163988553819,-0.06754347347567687,0.006658595641646489,0.17807175874972486,-0.11648250055029716,0.36994937266123706,0.30190622936385647,0.09567906669601585,0.45760510675764915,-0.37898305084745765,-0.15704820603125688,-0.023935725291657495,0.12878494386968964,-0.06899405679066696,0.13655513977547876,-0.25514417785604226,-0.039405679066696016,-0.2650385208012327,-0.22288355712084526,-0.1788663878494387,-0.08166189742460929,-0.13845916795069338,0.10325555800132072,-0.08589038080563505,0.06041602465331279,0.13815760510675765,-0.2962733876293198,-0.32820823244552055,0.06506053268765133,0.6128395333480079,0.4007506053268765,-0.15649130530486463,0.05216376843495488,0.212260620735197,0.07917895663658375,-0.18893022232005283,-0.030217917675544794,-0.024287915474356152,-0.1629385868368919,-0.06329077701959059,0.1581421967862646,0.2514880035219018,0.17312568787145058,0.0338498789346247,0.16910851860004403,-0.04451683909311028,0.18729253797050407,0.4609222980409421,-0.041157825225621836,-0.11899625797930882,-0.1719898745322474,-0.2502179176755448,0.5330574510235527,0.5678318291877614,0.03407880255337883,0.42112920977327756,-0.3500220118864187,-0.2617257318952234,0.21353070658155404,0.11504732555580013,-0.10398855381906229,-0.01410741800572309,-0.09325996037860444,0.04346026854501431,0.31939687431212854,0.2623464670922298,-0.04098833370019811,0.15695795729694034,-0.19288575830948712,0.014747963900506273,0.01322474136033458,0.2096434074400176,-0.26664318732115344,-0.321056570548096
#18,0.24197446621175434,0.028969843715606427,0.3946026854501431,0.4638300682368479,0.19246973365617434,1.0,0.5481752146158926,0.14714505833149902,-0.05556680607528065,0.4552190182698657,0.32093110279550957,0.5432005282852741,0.5333039841514418,0.00938366718027735,-0.39323134492626016,-0.2218864186660797,0.3798635263042043,0.31267224301122604,-0.4567180277349769,-0.1808430552498349,-0.3732599603786044,-0.16178076161127009,0.07286594761171032,0.23715606427470834,-0.21014307726172132,0.06028615452344266,-0.27201848998459166,-0.17388069557561084,0.26767774598283073,0.16081443979749063,0.015274047985912392,0.3160378604446401,-0.049242791107197884,0.0788663878494387,0.0388465771516619,-0.14605987233105877,-0.009203169711644288,-0.02981730134272507,0.011494607087827426,-0.07240149680827647,-0.2595641646489104,-0.1379110719788686,0.067343165309267,-0.12108078362315651,0.16101915034118425,0.2157274928461369,-0.23979969183359015,-0.28615232225401716,-0.27333259960378603,-0.1124389170151882,-0.21919216376843495,0.12628659476117104,-0.15150781421967863,0.14104556460488663,-0.18200528285274048,-0.10009024873431653,-0.19169711644287915,-0.067376183138895,-0.07509134932863747,0.08074620294959278,-0.17264802993616554,-0.030308166409861326,0.4069491525423729,0.4067796610169492,-0.2932731675104556,-0.11856702619414485,0.08322694254897645,0.21164648910411624,-0.20171692714065595,-0.023995157384987892,0.04887079022672243,0.06587057010785824,-0.2647215496368039,0.04101034558661677,-0.07581333920316971,-0.05312348668280872,-0.0003896103896103896,0.19021351529826105,0.45136033458067354,0.35103896103896104,-0.08090688972044904,0.39900066035659254,0.18895883777239708,0.34425049526744445,0.42300242130750604,-0.006610169491525424,0.06650891481399956,0.18971164428791548,-0.08158265463350209,0.04152762491745542,0.2221879815100154,0.46864406779661016,0.4397776799471715,-0.1137178076161127,-0.0017895663658375523,0.2473365617433414,0.2752872551177636,-0.100363196125908,0.022383887299141536,-0.12506493506493507,0.02112920977327757,0.27913273167510455,0.09396654193264363,0.07100814439797491,-0.15123486682808718,-0.03549856922738279,-0.11746423068456967,0.012965001100594321,-0.11654193264362755,-0.11106097292537971,-0.057732775698877394
#26,0.16168390931102797,0.18296279991195247,0.23841294298921417,0.43850099053488883,-0.04049526744441999,0.5481752146158926,1.0,0.18068897204490425,-0.05212854941668501,0.7358331499009465,0.6079066696015849,0.4660928901606868,0.5981642086726833,-0.2939093110279551,-0.2402245212414704,-0.040715386308606646,0.40174334140435836,0.14199427690953115,-0.2690865067136254,0.04447061413163108,-0.3403565925599824,-0.04503191723530706,-0.05793748624257099,0.16971384547655735,-0.3741712524763372,0.043341404358353514,-0.2950407219898745,-0.2070327977107638,0.21364296720228923,-0.2265595421527625,-0.031490204710543694,-0.037274928461369136,-0.33070878274268106,-0.12396654193264363,-0.06695575610829849,-0.3088003521901827,0.09180277349768876,0.225016508914814,-0.14428791547435615,-0.19533127889060092,-0.3882280431432974,-0.08689852520360995,0.05815540391811578,-0.02774818401937046,0.3514153642967202,0.26146819282412503,-0.2638828967642527,-0.301732335461149,-0.13095751705921196,0.04764472815320273,-0.16023992956196345,-0.019815100154083203,-0.18535108958837773,0.01421087387189082,-0.07809377063614352,-0.11028615452344266,-0.09559322033898306,0.03390710983931323,-0.3098899405679067,-0.004730354391371341,-0.4361655293858684,-0.42800572309046886,0.4796764252696456,0.42091129209773276,-0.2200066035659256,-0.12953554919656615,0.09501871010345586,0.5036319612590799,-0.1035857362976007,-0.07142416905128769,-0.07188421747743781,-0.05898084965881576,-0.11092009685230024,-0.21610169491525424,-0.028217037200088047,-0.0626304204270306,-0.009024873431653093,0.019817301342725073,0.48165089148139995,0.4498415144177856,0.026786264582874753,0.38684569667620516,0.3719656614571869,0.3444816200748404,0.275974025974026,-0.18714285714285714,-0.13795729694034778,0.17832489544353952,-0.26090028615452343,0.025806735637244112,0.2058661677305745,0.4371274488223641,0.4818710103455866,-0.2827845036319613,0.05279330838652872,0.1800924499229584,0.12580013207131852,-0.27830288355712085,-0.23251595861765353,-0.16181598062953995,-0.3416134712744882,0.1570592119744662,-0.24475236627779,-0.1175280651551838,-0.4680079242791107,-0.356946951353731,-0.5054347347567687,-0.22951573849878934,-0.3667422408100374,-0.20790006603565925,-0.03680167290336782
#49,0.6017037200088048,0.3463812458727713,0.2665397314549857,0.3315320272947392,0.09509795289456306,0.14714505833149902,0.18068897204490425,1.0,0.21506053268765132,0.3736539731454986,0.30472154963680387,0.08932203389830508,-0.10184019370460048,0.08914593880695576,-0.2014505833149901,-0.14797710763812458,0.315709883337002,0.2180805635042923,0.03973585736297601,0.014987893462469733,0.10832489544353952,-0.09927360774818401,0.21187761391151222,0.09188861985472155,0.13176315210213516,0.14262601804974687,0.05283072859344046,0.07998899405679066,-0.1596962359674224,-0.22700198106977768,-0.06004402377283733,0.026636583755227823,-0.1597556680607528,0.12068016729033679,-0.13177415804534448,-0.016836891921637686,-0.1534734756768655,-0.2003235747303544,0.11244331939247193,-0.04977767994717147,-0.007869249394673124,-0.07612370680167291,-0.19177195685670262,-0.08683469073299582,-0.23609289016068677,-0.02353731014747964,0.06716707021791768,0.08905128769535549,-0.017706361435174994,0.10132071318511997,0.036361435174994496,0.08627118644067797,0.12567466431873212,0.11446621175434735,0.15182038300682368,0.03363416244772177,-0.025683469073299582,-0.07487343165309267,-0.3448404138234647,-0.0997292537970504,-0.12377063614351749,-0.16599383667180279,-0.1589456306405459,-0.15012326656394454,0.06113141096191944,-0.16322033898305086,-0.033392031697116444,-0.007387189082104336,0.044772176975566805,-0.14012326656394453,0.137145058331499,0.1570988333700198,0.2766277790006604,0.15867928681488003,0.10230464450803434,0.16925379705040722,-0.11279991195245433,-0.1532489544353951,-0.0788663878494387,-0.13823464670922297,-0.3106735637244112,-0.21163768434954874,-0.17191943649570768,0.02182478538410742,0.004723750825445741,0.2159718247853841,0.0237178076161127,-0.13122826326216155,0.0784833810257539,-0.2844816200748404,-0.16119744662117544,-0.048245652652432316,-0.035049526744442,-0.15333920316971164,-0.14915914593880697,0.2778846577151662,0.19798591239269206,0.09554699537750386,0.30259960378604445,-0.22339203169711644,0.05001760950913493,0.10176095091349328,0.2075280651551838,0.11339423288575831,0.17860664758969844,-0.019694034778780543,0.13256878714505832,-0.10419546555139775,-0.11089808496588158,-0.20308166409861325,-0.27298481179837114
#50,0.09016068677085626,0.6042196786264583,0.42787805414924057,0.06555800132071318,0.30204050187101034,-0.05556680607528065,-0.05212854941668501,0.21506053268765132,1.0,0.07982610609729254,0.1572639225181598,0.06599823904908651,-0.018703499889940568,0.49714285714285716,0.2566651992075721,0.5021505613031036,0.40197446621175437,0.43072198987453225,-0.05447941888619855,0.21088928021131412,0.1701452784503632,0.2730684569667621,0.4125775918996258,0.2704138234646709,0.21002861545234427,0.2892119744662118,-0.20992515958617652,-0.1424191063174114,0.2557957296940348,0.0035681267884657714,0.2933017829627999,0.19963020030816642,0.1883314990094651,0.05907990314769976,0.3010609729253797,0.0014725952014087607,0.15048646268985252,-0.06580013207131852,0.07871890821043363,-0.07952454325335681,0.25523662777900064,-0.048919216376843495,0.2862359674224081,0.02535329077701959,0.11327536869909752,0.23871670702179176,-0.25959498128989655,-0.2189588377723971,-0.2676227162667841,-0.11916574950473255,-0.35823684789786486,0.041774158045344484,-0.40366718027734977,0.025421527624917454,-0.19513977547875852,-0.028095971824785383,-0.3354391371340524,-0.11696676205150781,-0.14889500330178296,-0.01410741800572309,-0.16481399955976228,0.03296940347787805,0.04190622936385648,-0.14260180497468633,-0.299273607748184,0.05627338762931983,0.3599427690953115,0.25402597402597404,0.39459167950693375,0.5521571648690293,0.5005546995377503,0.5021703720008804,-0.2250891481399956,-0.09491305304864626,-0.1487871450583315,-0.2570988333700198,-0.1890710983931323,-0.0940677966101695,0.23645168390931104,0.19015628439357252,-0.12227823024433195,-0.05149240589918556,-0.3011798371120405,-0.03840413823464671,0.21143517499449702,-0.0017455425930002202,-0.020416024653312787,0.03558661677305745,0.1750759410081444,0.13399295619634602,0.2855051727933084,-0.07359674224081003,0.037620515078142194,-0.2048448162007484,-0.09372661237068017,0.2945762711864407,0.355808936825886,0.16780101254677526,0.21643847677745984,-0.18355051727933083,0.0125511776359234,0.435824345146379,0.28066255778120186,0.13145278450363196,0.09143957737178077,-0.09928461369139335,-0.02731895223420647,-0.07924499229583976,0.09845476557340964,-0.3899625797930883,-0.42203389830508475
#51,0.5354919656614572,0.3558705701078582,0.46877613911512217,0.7191349328637464,-0.0078120184899845915,0.4552190182698657,0.7358331499009465,0.3736539731454986,0.07982610609729254,1.0,0.728696896324015,0.24697776799471716,0.28583094871230463,-0.26758309487123044,-0.052722870349988994,0.07889060092449923,0.7249768875192604,0.2973365617433414,-0.18608408540611932,-0.03208892802113141,-0.2975478758529606,-0.0462821923838873,0.19538190622936386,0.3072837332159366,-0.0337112040501871,0.2537728373321594,-0.2816552938586837,-0.27065815540391813,0.25860004402377285,-0.09590138674884438,-0.08925819942769095,-0.06569447501650892,-0.22335020911292097,0.0885031917235307,-0.05639225181598063,-0.18817741580453445,0.14461809377063614,0.177475236627779,-0.02888399735857363,-0.01291437376183139,-0.14817741580453445,-0.00715166189742461,-0.15958397534668722,-0.10275588817961699,0.13632401496808277,0.2779925159586177,-0.26712965001100597,-0.3315694475016509,-0.21313449262601805,-0.10413823464670922,-0.16648470173893903,0.04325335681267885,-0.09817961699317632,0.07758309487123047,-0.010948712304644509,0.04815980629539952,-0.16213295179396875,-0.003964340744001761,-0.3107197886858904,0.05686770856262382,-0.4228527404798591,-0.3451287695355492,0.2714902047105437,0.32725511776359234,-0.22960378604446402,-0.25263262161567246,0.02502091129209773,0.41723750825445743,0.09040281752146159,-0.007842835130970725,0.027424609289016067,0.08688311688311688,-0.06756548536209553,-0.11400616332819723,-0.02802113141096192,-0.1467246313009025,-0.12898745322474137,-0.02782742681047766,0.43766233766233764,0.3933568126788466,0.003812458727712965,0.011190843055249835,0.24030816640986133,0.07876953554919656,0.07469513537310148,-0.20424389170151883,-0.09271186440677966,0.046627779000660355,-0.12838872991415365,-0.2307373981950253,-0.043255558001320714,0.17550297160466652,0.30695795729694036,-0.2976667400396214,0.05937266123706802,0.39568567026194146,0.3009817301342725,-0.04348228043143297,0.037693154303323796,-0.11783623156504512,-0.09161567246313009,0.2769535549196566,-0.0625643847677746,0.10987893462469733,-0.08523882896764252,-0.25091349328637463,-0.2298613251155624,-0.17239049086506714,-0.2883645168390931,-0.29302443319392474,-0.13428351309707243
#52,0.4421989874532247,0.38885538190622937,0.3547985912392692,0.4877525863966542,0.10478978648470173,0.32093110279550957,0.6079066696015849,0.30472154963680387,0.1572639225181598,0.728696896324015,1.0,0.3136583755227823,0.3674356152322254,-0.10073079462909972,-0.10076601364736958,0.08043363416244773,0.47060972925379707,0.289207572088928,-0.14904688531807175,0.0438498789346247,-0.11589478318291878,0.1261171032357473,0.1634206471494607,0.3100374202069117,-0.025045124367158264,0.36712965001100595,-0.2709839313229144,-0.3177129650011006,0.14615232225401717,-0.08174774378164208,-0.14138014527845036,-0.011193044243891701,-0.30577812018489986,0.06752366277790006,-0.1854831609068897,-0.23216376843495487,0.04401716927140656,0.22319172353070657,-0.023636363636363636,0.04934624697336562,-0.11095751705921197,-0.07680387409200969,-0.03276249174554259,-0.14237728373321593,0.2738102575390711,0.4026436275588818,-0.3856636583755228,-0.4020537090028615,-0.14747963900506272,0.030101254677525863,-0.11230904688531808,0.10070438036539732,-0.07626458287475237,0.2156746643187321,-0.03423068456966762,0.14094651111600265,-0.15995597622716268,0.026929341844596083,-0.2487277129650011,0.14680387409200968,-0.3551023552718468,-0.3364142637023993,0.04955976227162668,0.16129429892141756,-0.29736077481840195,-0.26556240369799694,0.03581774158045344,0.3010323574730354,0.03087607307946291,-0.05398415144177856,-0.032920977327756985,-0.011131410961919436,-0.040037420206911735,-0.16348007924279112,-0.1548051948051948,-0.1353202729473916,-0.10216817081223861,-0.009403477878054149,0.286220559101915,0.24347567686550736,-0.14415144177856043,-0.021353731014747964,0.21587717367378384,0.2537596302003082,0.11947171472595201,-0.17022892361875414,-0.08216817081223861,0.07638564825005503,-0.2382786704820603,-0.17585075941008144,0.001415364296720229,0.16376623376623375,0.34915254237288135,-0.2556680607528065,0.10716266784063394,0.37134272507153865,0.3044353951133612,-0.19268765133171914,-0.10265243231344927,-0.12098613251155624,-0.14652652432313448,0.16375963020030818,-0.137178076161127,-0.13755007704160246,-0.19959498128989656,-0.2562601804974686,-0.29758309487123047,-0.18051067576491306,-0.33799031476997576,-0.12558661677305746,-0.062689852520361
#53,0.0740876073079463,-0.00714505833149901,0.03140215716486903,0.15684569667620515,0.2618908210433634,0.5432005282852741,0.4660928901606868,0.08932203389830508,0.06599823904908651,0.24697776799471716,0.3136583755227823,1.0,0.6955558001320713,0.16696235967422407,-0.30333920316971164,-0.3670372000880475,0.12359454105216817,0.02455646048866388,-0.36206691613471276,-0.15578472375082544,-0.16313449262601806,-0.18924279110719788,-0.11900726392251816,-0.07856922738278671,-0.26026854501430774,-0.16007484041382347,-0.35005723090468854,-0.2137772397094431,0.20312788906009244,-0.04450583314990095,0.02267444419986793,0.15011005943209332,-0.07617433414043584,0.03346246973365617,0.09560422628219238,-0.16605546995377504,0.27192824125027515,0.16006383447061412,0.11314990094651112,0.14604226282192384,-0.19466211754347348,-0.13397754787585295,0.2517785604226282,-0.15969403477878055,0.16298261060972927,0.15854061193044244,-0.2280739599383667,-0.1736187541272287,-0.29322033898305083,-0.2087805414924059,-0.33358133392031697,-0.23974906449482722,-0.360198106977768,-0.15565045124367158,-0.06350869469513537,-0.07565925599823906,-0.11167290336781863,-0.07242130750605327,0.03523882896764253,0.05917235307065816,0.05587937486242571,0.04939687431212855,0.479966982170372,0.2794673123486683,-0.32970504072198986,-0.25432973805855164,0.18919876733436056,-0.013176315210213516,-0.1675280651551838,-0.055795729694034776,-0.016271186440677966,-0.05593660576711424,-0.1049570768214836,0.019674224081003742,0.025617433414043583,-0.04527624917455426,0.25023992956196345,0.17067796610169492,0.24720669161347128,0.13489984591679507,-0.23958177415804535,0.42851419766674004,0.24723530706581553,0.6262557781201848,0.6056350429231785,0.30681708122386087,0.27690953114681927,0.22112700858463571,-0.19355051727933084,0.20864626898525204,0.28327096632181376,0.5237354171252476,0.37534228483381027,0.032110939907550075,0.06589478318291878,-0.049900946511116005,-0.025817741580453444,-0.31453224741360336,-0.23278010125467752,-0.1484239489324235,-0.20267444419986794,0.028496588157605106,-0.159768875192604,-0.11639225181598063,-0.21322694254897645,-0.14534668721109398,-0.2255051727933084,0.12389610389610389,-0.0038652872551177635,0.09464450803433855,0.08205811138014528
#54,-0.13039181157825225,0.059484921857803214,0.10057891261281092,0.19554259300022012,0.040981730134272504,0.5333039841514418,0.5981642086726833,-0.10184019370460048,-0.018703499889940568,0.28583094871230463,0.3674356152322254,0.6955558001320713,1.0,-0.00037640325775918995,-0.20096412062513758,-0.16006823684789787,0.16452564384767773,0.12163108078362316,-0.29546995377503854,-0.05179837112040502,-0.15020250935505172,-0.015208012326656395,-0.2287607307946291,0.035694475016508916,-0.40574950473255555,-0.08687211093990756,-0.2559850319172353,-0.11295619634602685,0.22026194144838213,-0.018939027074620297,0.06161787365177196,0.14637244111820383,-0.19346467092229805,-0.11149020471054369,0.06920977327756989,-0.19373981950253136,0.1634998899405679,0.18598283072859345,-0.24767554479418885,-0.07212194585075941,-0.3571912832929782,-0.19474796390050628,0.2330244331939247,-0.159471714725952,0.1790843055249835,0.10840633942328858,-0.15136253576931544,-0.23272507153863087,-0.22505172793308387,-0.1645806735637244,-0.2807990314769976,-0.0057935285053929125,-0.29756548536209554,0.005998239049086506,-0.15196125907990315,-0.09086726832489544,-0.18886858903808057,-0.06499449702839534,-0.0936979969183359,-0.0361104996698217,-0.025315870570107857,-0.01950693374422188,0.44239049086506715,0.23737178076161128,-0.18655513977547875,-0.11618093770636144,0.18840854061193044,0.1444970283953335,-0.07081664098613251,0.03136033458067356,0.035861765353290775,0.11639665419326437,-0.13015408320493066,-0.09350869469513537,-0.11499229583975347,-0.10698877393792648,0.1530640545894783,0.0798877393792648,0.36167070217917674,0.35144618093770635,-0.14822143957737177,0.5236759850319173,0.39335020911292096,0.5237023992956197,0.3919392471934845,-0.04027074620294959,-0.0028703499889940567,0.1737574290116663,-0.2990799031476998,0.26174334140435834,0.24581333920316972,0.40229804094210875,0.2460906889720449,-0.11382566585956416,-0.008978648470173893,-0.07255558001320714,0.02173233546114902,-0.3257208892802113,-0.22524323134492627,-0.10454545454545454,-0.19644508034338543,0.01805855161787365,-0.2375610829848118,-0.25149460708782745,-0.46002201188641867,-0.09203609949372661,-0.42710543693594544,0.013215936605767115,-0.06753246753246753,0.10288795949812898,0.14576491305304864
#58,-0.07127668941228263,0.3518842174774378,0.3083645168390931,-0.057444419986792866,0.5887739379264803,0.00938366718027735,-0.2939093110279551,0.08914593880695576,0.49714285714285716,-0.26758309487123044,-0.10073079462909972,0.16696235967422407,-0.00037640325775918995,1.0,0.003900506273387629,0.1478186220559102,0.12201188641866607,0.397475236627779,-0.2852058111380145,-0.0862887959498129,0.04989654413383227,0.02073299581774158,0.313020030816641,0.18578472375082544,0.214884437596302,0.09804754567466432,-0.25950033017829627,-0.1488135593220339,0.2874532247413603,0.20440017609509134,0.326370239929562,0.44809377063614353,0.13470173893902707,0.2385560202509355,0.5811446180937706,0.2571142416905129,0.060605326876513314,-0.11922077922077923,-0.060495267444419985,0.08318511996478098,0.4765925599823905,0.002700858463570328,0.41703059652212193,0.11427470834250496,-0.12148800352190182,0.20889060092449924,-0.2992031697116443,-0.15990534888839975,-0.13650451243671582,-0.03893682588597843,-0.2813185119964781,-0.011133612150561302,-0.28418445960818844,0.09034778780541493,-0.019060092449922957,0.08190402817521461,-0.00787805414924059,-0.057473035439137135,0.04231565045124367,0.005773717807616113,0.02759850319172353,0.24431873211534227,-0.030706581554039183,-0.32384107418005725,-0.3432291437376183,0.035683469073299584,0.517823024433194,0.01730574510235527,0.1340083645168391,0.38233546114902045,0.4150935505172793,0.3641470394012767,-0.13876293198327097,0.00511996478098173,0.04363636363636364,0.047616112700858464,-0.05508034338542813,0.07095751705921198,0.07841954655513977,-0.044741360334580677,-0.15548976447281532,-0.02170151882016289,-0.21861325115562405,0.09300682368478978,0.38287475236627777,-0.02153202729473916,-0.11698217037200088,0.01808496588157605,0.1570526084085406,0.3842989214175655,0.4462799911952454,-0.14440237728373323,0.0587541272287035,-0.1520757208892802,-0.2614637904468413,0.22904248294078802,0.23401716927140656,0.02581994276909531,0.14197886858903808,-0.3877437816420867,0.05744662117543473,0.2690204710543694,0.4108166409861325,0.018496588157605107,0.0762029495927801,-0.16419106317411403,0.10683689192163769,0.08969843715606428,0.28423288575830946,-0.3007285934404578,-0.4163614351749945
#101,-0.2220713185119965,0.13699537750385207,0.03160686770856262,-0.0859982390490865,-0.16883777239709444,-0.39323134492626016,-0.2402245212414704,-0.2014505833149901,0.2566651992075721,-0.052722870349988994,-0.10076601364736958,-0.30333920316971164,-0.20096412062513758,0.003900506273387629,1.0,0.5789214175654853,0.11062513757429011,0.13873211534228483,0.2120559101915034,-0.0376865507373982,0.1660642747083425,0.11565045124367158,0.2194144838212635,-0.022744882236407662,0.22827206691613472,-0.04697996918335901,-0.20571648690292757,-0.2322474136033458,0.20683909311027954,-0.10830948712304644,0.1268963240149681,0.07058111380145278,0.15476337222099934,0.23724631300902488,0.13114461809377065,0.02081884217477438,0.43549416685009906,0.19830068236847898,0.021527624917455426,-0.02848117983711204,0.289405679066696,0.30482280431432973,0.10342945190402818,0.13313009024873432,0.1383513097072419,-0.03666960158485582,-0.18960818842174773,-0.06232005282852741,-0.34291877613911514,-0.2521879815100154,-0.21474356152322255,0.0064891041162227605,-0.24129650011005943,-0.1947061413163108,-0.04134052388289677,0.13990314769975787,-0.27240149680827647,-0.23039841514417786,0.09999779881135813,0.06176095091349328,-0.05069777679947172,0.12198327096632182,0.0625313669381466,0.00087607307946291,-0.20728813559322035,-0.030402817521461588,0.1351287695355492,0.09680607528065155,0.5704204270305965,0.45438256658595644,0.1499471714725952,0.1472507153863086,-0.28327316751045567,-0.2070988333700198,-0.3121241470394013,-0.39392692053709005,-0.2246357032797711,-0.20585516178736518,0.17972705260840854,0.12362315650451244,0.17828087167070217,-0.2120427030596522,-0.08751926040061633,-0.27294298921417565,-0.12238168611049967,-0.08737398195025314,0.16209112920977328,-0.1484701738939027,0.35635703279771075,-0.050556900726392254,-0.044433193924719346,-0.20653092670041823,-0.16104336341624478,0.11106317411402157,0.3580321373541713,0.0033370019810697775,0.06429892141756549,0.11770856262381686,0.1516464891041162,-0.09787145058331499,0.008976447281532027,0.0638961038961039,0.15353070658155404,0.10689852520360994,-0.018626458287475237,-0.19743121285494167,-0.08218578032137354,-0.08894122826326216,0.06555359894342945,0.0053554919656614575,0.0003455866167730574
#102,-0.10296940347787806,0.5120140876073079,0.31001760950913493,0.043876293198327095,-0.015108958837772397,-0.2218864186660797,-0.040715386308606646,-0.14797710763812458,0.5021505613031036,0.07889060092449923,0.08043363416244773,-0.3670372000880475,-0.16006823684789787,0.1478186220559102,0.5789214175654853,1.0,0.24618754127228704,0.33394673123486684,0.019198767334360555,0.25322694254897643,-0.05407440017609509,0.5565485362095531,0.3555425930002201,0.446583755227823,0.19052388289676425,0.473614351749945,-0.3107153863086066,-0.2802245212414704,0.18236187541272286,0.09427690953114681,0.12716266784063393,0.18871450583314991,0.05803213735417125,0.21052608408540613,0.23807175874972486,0.1934866828087167,0.10452344265903588,0.13784063394232884,-0.07637244111820383,-0.027556680607528066,0.2868897204490425,0.15006823684789786,0.19104996698217036,0.25448602245212415,0.17205150781421968,0.3184503631961259,-0.3766321813779441,-0.39840193704600485,-0.24441558441558442,-0.1074356152322254,-0.30214395773717806,0.004349548756328417,-0.2552322254017169,0.12465111160026414,-0.24955976227162668,0.2153268765133172,-0.31473255558001323,0.04849218578032137,0.01401716927140656,0.06204930662557781,-0.28475456746643185,-0.014690732995817742,0.031961259079903145,-0.004957076821483601,-0.31853400836451684,0.10597182478538411,0.23250935505172793,0.382590799031477,0.542507153863086,0.713515298261061,0.31105877173673785,0.3526436275588818,-0.30200088047545676,-0.25593000220118867,-0.22684349548756327,-0.31939687431212854,-0.3445762711864407,-0.2245432533568127,0.30352410301562843,0.45894783182918775,0.15401276689412283,-0.10877834030376403,-0.16764472815320272,-0.38148580233325996,-0.1623464670922298,-0.3331102795509575,-0.12494827206691614,-0.032672243011226065,0.12476997578692493,-0.008291877613911511,0.13702399295619636,-0.2940479859123927,0.02705480959718248,-0.14640105657054808,0.08220999339643408,0.182260620735197,0.4788267664538851,0.08697556680607528,0.1888795949812899,-0.13598283072859343,-0.11146599163548317,0.2169029275808937,0.19819062293638565,0.009451904028175214,-0.14876513317191284,-0.27620735197006385,-0.17975346687211094,-0.20828967642526963,-0.09699757869249395,-0.298961038961039,-0.3325137574290117
#201,0.4521681708122386,0.40878274268104775,0.7990204710543694,0.6557318952234207,0.15930002201188642,0.3798635263042043,0.40174334140435836,0.315709883337002,0.40197446621175437,0.7249768875192604,0.47060972925379707,0.12359454105216817,0.16452564384767773,0.12201188641866607,0.11062513757429011,0.24618754127228704,1.0,0.6783469073299582,-0.2231829187761391,-0.07202289236187541,-0.23308166409861325,-0.07464450803433854,0.4940127668941228,0.42369359454105215,0.25499449702839533,0.2507858243451464,-0.22315430332379485,-0.2185956416464891,0.4735901386748844,0.05953995157384988,0.25672683248954437,0.10425049526744443,0.16678186220559102,0.08781201848998459,0.19907109839313228,-0.1453995157384988,0.1439489324235087,-0.07974025974025974,-0.05464891041162227,-0.15004842615012107,0.18107638124587278,-0.021989874532247412,0.0398745322474136,-0.18966541932643627,0.05987012987012987,0.2977151661897425,-0.32018269865727494,-0.32289456306405456,-0.27515738498789344,-0.0699273607748184,-0.2569095311468193,0.24092229804094212,-0.12036319612590798,0.1922672243011226,-0.11013207131851199,-0.005718688091569448,-0.33541712524763373,-0.18983050847457628,-0.21399295619634603,0.05911732335461149,-0.3603345806735637,-0.14482280431432973,0.10634382566585956,0.10263922518159806,-0.28700418225841956,-0.013658375522782302,0.17418886198547215,0.3996500110059432,0.24942108738718907,0.31478318291877616,0.3734866828087167,0.48037420206911735,-0.3198547215496368,-0.14105877173673784,-0.2634184459608188,-0.28374862425709885,-0.3150033017829628,-0.07009024873431653,0.5452762491745543,0.3923618754127229,-0.03332379484921858,-0.09094210873871891,-0.023590138674884437,-0.10043363416244772,0.0724191063174114,-0.30769755668060755,-0.15462469733656176,0.05436055469953775,-0.0001937046004842615,-0.05057230904688532,0.07495267444419987,-0.0012898965441338322,0.18240589918556022,-0.2511182038300682,0.01953775038520801,0.6609751265683469,0.4568633061853401,0.28405679066696016,0.26535549196566144,-0.07423948932423509,0.16960158485582214,0.6531939247193485,0.21401056570548097,0.34972044904248295,0.05228263262161567,-0.05757869249394673,-0.07294298921417565,-0.1911204050187101,-0.2509817301342725,-0.42825665859564166,-0.37971824785384106
