,#10,#11,#12,#13,#17,#18,#26,#49,#50,#51,#52,#53,#54,#58,#101,#102,#201,#202,#301,#302,#401,#402,#501,#502,#601,#602,#701,#702,#801,#802,#901,#902,#1001,#1002,#1101,#1102,#1201,#1202,#1301,#1302,#1401,#1402,#1501,#1502,#1601,#1602,#1701,#1702,#1801,#1802,#1901,#1902,#2001,#2002,#2101,#2102,#2201,#2202,#2301,#2302,#2401,#2402,#2501,#2502,#2601,#2602,#2701,#2702,#2801,#2802,#2901,#2902,#3001,#3002,#3101,#3102,#3201,#3202,#3301,#3302,#3401,#3402,#3455,#3501,#3502,#3601,#3602,#3701,#3702,#3801,#3802,#3901,#3902,#4001,#4002,#4101,#4102,#4201,#4202,#4301,#4302,#4401,#4402,#4501,#4502,#4601,#4602,#4701,#4702,#4801,#4802
#10,1.0,0.5072088928021131,0.5179815100154084,0.38441998679286815,0.28658375522782303,0.22015408320493066,-0.10500770416024653,0.6886066475896985,-0.1713119084305525,0.5053885097952895,0.5724873431653092,0.3350451243671583,0.1148117983711204,-0.18692053709002862,-0.2598591239269205,-0.18651551837992517,0.2930992736077482,0.24338983050847457,-0.13427911071978868,-0.17887959498128989,-0.2445938806955756,-0.18051948051948052,0.12715386308606647,0.2489192163768435,-0.030600924499229583,-0.046535329077701956,-0.36966101694915254,-0.2875478758529606,0.13080783623156506,0.014604886638784944,0.0925181598062954,0.17655734096412062,0.19355051727933084,0.18484041382346467,-0.03349768875192604,0.0754193264362756,-0.0837838432753687,-0.06981950253136694,0.17252036099493726,-0.06320493066255778,0.2044706141316311,0.04290336781862206,-0.19494827206691615,-0.2553642967202289,0.22259300022011885,0.013059652212194585,-0.3569271406559542,-0.2633237948492186,-0.39224961479198767,-0.11705701078582434,-0.20075280651551838,0.10206691613471275,-0.11071318511996478,0.049068897204490425,-0.06209333039841514,-0.08913493286374642,-0.04824345146379045,-0.18639005062733877,0.2131366938146599,0.15119744662117543,0.4149570768214836,0.30684129429892143,-0.33653973145498567,-0.12283953334800793,0.04007043803653973,-0.030125467752586396,-0.23436055469953776,-0.24230464450803435,-0.1875874972485142,-0.1642064714946071,-0.15730794629099715,0.13421307506053268,-0.2736649790887079,0.07892361875412723,-0.08042042703059653,0.10760290556900727,-0.1824785384107418,-0.07157384987893463,-0.08249614791987674,0.2444640105657055,0.11484921857803214,0.1064076601364737,-0.06947391591459388,0.3793946731234867,0.12320272947391592,0.28644287915474353,0.3563812458727713,0.15932203389830507,0.006894122826326217,0.14670702179176756,0.007090028615452344,0.3073783843275369,0.27548316090688973,0.2200396213955536,0.13942108738718909,0.288415144177856,0.2834404578472375,0.20847677745982832,0.16622496147919877,0.04691833590138675,-0.13356152322254017,0.049308826766453887,0.17540391811578251,0.222755888179617,-0.029826106097292537,0.15857362976007044,-0.025778120184899847,0.33185560202509357,0.03316971164428791,0.18766453885097953,-0.21391151221659696
#11,0.5072088928021131,1.0,0.39983270966321816,0.35450363196125906,0.17601364736957958,0.18008804754567467,0.3390490865067136,0.38589698437156067,0.20761611270085847,0.5379242791107198,0.40926480299361656,0.07979308826766454,0.26822143957737177,0.25672683248954437,-0.17531587057010786,0.04146158925819943,0.029808496588157606,0.10198987453224741,-0.15488663878494388,-0.07925599823904908,-0.16208452564384768,-0.17966762051507815,-0.13511336121505613,0.14262161567246312,-0.13108518600044025,-0.10847897864847017,-0.3389830508474576,-0.2667884657715166,-0.02716486902927581,-0.0687673343605547,0.12697116442879156,0.14042923178516398,0.05771516618974246,0.11142637023992956,-0.03024653312788906,-0.017886858903808055,-0.1299801893022232,0.010471054369359455,0.01881135813339203,-0.17340303764032577,0.12224961479198768,-0.044576271186440676,-0.20099053488883997,-0.1622143957737178,0.12801893022232005,-0.043215936605767113,-0.35618534008364516,-0.17786924939467313,-0.17844375963020032,-0.1571582654633502,-0.15932643627558882,-0.07050847457627119,-0.23382566585956416,-0.1287805414924059,-0.0598415144177856,-0.11826766453885099,-0.06656394453004623,-0.2263878494386969,0.05329297820823244,-0.007730574510235527,0.2268346907329958,0.1147919876733436,0.02182478538410742,0.07986572749284614,0.007497248514197667,0.11226502311248074,0.001976667400396214,-0.04176975566806075,-0.09846797270526084,-0.08366718027734978,-0.20009024873431652,0.06828747523662777,-0.3859960378604446,-0.034472815320272944,-0.1579771076381246,0.06165969623596742,-0.061862205591019154,-0.012500550297160467,0.08644287915474357,0.31886418666079686,0.0062689852520361,0.17585736297600704,0.037017389390270744,0.3299933964340744,0.1453334800792428,0.1548051948051948,0.4567312348668281,-0.1110345586616773,0.06035439137134052,0.13194144838212635,-0.029112920977327757,0.3534536649790887,0.2013053048646269,0.19651111600264143,0.140231124807396,-0.004829407880255338,0.0861501210653753,0.05389170151882016,0.1618511996478098,-0.0877591899625798,-0.1387145058331499,-0.13476117103235746,0.10174334140435835,0.0738366718027735,0.10198547215496367,-0.03617433414043583,-0.08005062733876293,0.32194585075941007,0.1455888179616993,0.08082984811798372,-0.03577591899625798
#12,0.5179815100154084,0.39983270966321816,1.0,0.7098283072859344,0.40695135373101476,0.5526040061633282,-0.0812392692053709,0.36172353070658153,-0.03548976447281532,0.4446158925819943,0.19881796169931762,0.22563284173453665,0.21828527404798592,-0.08546995377503852,-0.4528153202729474,-0.25003081664098614,0.42372661237068016,0.6753004622496148,-0.5374972485141977,-0.5054875632841734,-0.3505767114241691,-0.3916883116883117,0.29775478758529605,0.38693154303323796,-0.014688531807175874,-0.07802993616552939,-0.32586176535329076,-0.21388509795289457,0.007660136473695796,-0.003319392471934845,0.44699757869249396,0.4103675985031917,0.4981620074840414,0.5357120845256439,-0.0475544794188862,0.15709443099273607,0.14096191943649572,0.24396434074400175,0.14010125467752588,0.02307726172132952,0.15732335461149022,-0.22190182698657274,-0.3570217917675545,-0.13077922077922077,0.21386528725511778,0.0841272287034999,-0.13436715826546336,-0.07287695355491966,-0.194851419766674,-0.0647787805414924,0.1298217037200088,0.3038190622936386,0.13509355051727934,0.01955756108298481,-0.025419326436275588,0.003981950253136694,0.1034140435835351,-0.04180277349768875,0.3235725291657495,0.15524323134492626,0.27426150121065374,0.1336583755227823,-0.20018710103455867,-0.3277988113581334,-0.021034558661677305,-0.04726612370680167,0.0714769975786925,-0.18730794629099715,-0.2825115562403698,-0.2770724191063174,0.06060312568787145,-0.020438036539731454,-0.19356812678846577,0.3488994056790667,-0.12663658375522782,0.1626832489544354,0.04123046445080343,0.15618093770636143,-0.057466431873211536,0.27149240589918555,-0.013253356812678847,0.1805084745762712,0.17674444199867928,0.23932423508694695,0.21831168831168832,0.2535527184679727,0.397739379264803,-0.2032423508694695,-0.07369579572969404,-0.14027294739159146,-0.04066035659255998,0.18172353070658157,0.1378252256218358,0.42557340964120627,0.21999779881135814,0.36253356812678844,0.25508694695135375,0.5353510895883777,0.5028659476117103,0.17745542593000221,0.19282412502751486,0.386550737398195,0.5403037640325776,0.5250715386308606,0.24747303543913712,0.27909311027955097,0.3730794629099714,0.24042042703059652,0.05549416685009905,0.30601584855822145,0.0562689852520361
#13,0.38441998679286815,0.35450363196125906,0.7098283072859344,1.0,0.14727052608408542,0.548712304644508,-0.09301342725071539,0.16833810257539072,-0.007781201848998459,0.46636583755227823,0.06641206251375743,0.13022672243011227,0.31365177195685673,-0.0412524763372221,-0.2789324235086947,-0.30561963460268543,0.17309927360774818,0.2625709883337002,-0.32401276689412284,-0.42481620074840415,-0.12601584855822143,-0.4103808056350429,0.2342262821923839,0.2836253576931543,-0.09091789566365838,-0.2210279550957517,-0.21310147479639005,-0.06562183579132731,-0.013689192163768436,0.05561303103675985,0.32296059872331057,0.44037200088047546,0.2227756988773938,0.2748734316530927,0.03261941448382126,0.20400396213955535,0.08086066475896984,0.3467466431873212,0.10374202069117323,-0.16499889940567908,0.18085406119304426,-0.26356372441118203,-0.2667774598283073,0.11526304204270306,0.21967862645828748,-0.002051507814219679,-0.1367642526964561,0.14049086506713626,-0.12163328197226503,0.1127030596522122,0.22421527624917456,0.45845476557340964,0.26458727712965,-0.09491745542593,0.18187541272287036,-0.0862821923838873,0.1338234646709223,-0.10456526524323134,0.18206691613471274,0.1077261721329518,0.1411864406779661,-0.0437970504072199,-0.12196786264582875,-0.26964780981730135,-0.04257979308826766,-0.06937926480299361,0.030761611270085847,-0.02399735857362976,-0.24552938586836892,-0.3608958837772397,-0.09961699317631521,-0.31457627118644066,-0.12218578032137355,0.26583755227823025,-0.18309267004182259,-0.014402377283733217,0.0008826766453885098,0.004433193924719348,0.09260840854061193,0.32778120184899845,-0.1224455205811138,0.13323354611490204,0.2745608628659476,0.18881796169931764,0.029542152762491745,0.23521681708122386,0.23139775478758529,-0.15878934624697336,0.01057010785824345,-0.11917675544794189,-0.1645476557340964,0.17918996257979308,0.07944970283953334,0.33293198327096635,0.18248073959938366,0.10544794188861986,-0.11548536209553159,0.17959057891261282,0.14045124367158265,0.039951573849878935,0.1418335901386749,0.24572309046885318,0.3577151661897425,0.20958837772397093,0.05911952454325336,0.015300462249614791,0.14781421967862646,0.1352850539291217,0.09031256878714505,0.27543033237948494,-0.09834910851860004
#17,0.28658375522782303,0.17601364736957958,0.40695135373101476,0.14727052608408542,1.0,0.5111952454325336,-0.15488663878494388,0.26271406559542154,-0.23304864626898525,0.2819172353070658,0.17582214395773718,0.49558001320713185,0.26645388509795287,-0.017895663658375523,-0.529291217257319,-0.21891041162227604,0.31517279330838655,0.3728989654413383,-0.4538895003301783,-0.37639005062733877,-0.5616244772176976,-0.3324477217697557,0.14682588597842836,0.22096412062513757,-0.15434734756768656,0.06348888399735857,-0.16955535989434295,-0.18474796390050627,0.12675764913053048,0.18561303103675986,0.23658815760510676,0.40381906229363856,0.2663658375522782,0.6251749944970284,0.12058991855602025,0.3151573849878935,0.23311908430552497,0.2130068236847898,0.1797622716266784,0.3338256658595642,0.19397314549856923,0.1010411622276029,0.06532247413603345,0.0635923398635263,0.30092670041822583,0.30947611710323575,-0.007475236627779,-0.28427470834250496,-0.28741360334580673,-0.3801848998459168,-0.10899625797930883,0.004697336561743342,-0.08475236627779001,-0.018912612810917894,-0.3561435174994497,0.04555359894342945,-0.1527602905569007,-0.02520581113801453,0.15957957296940348,0.15104336341624477,0.19651551837992515,0.2986858903808056,-0.1280827646929342,-0.28080123266563944,-0.08479859123926921,-0.1209949372661237,0.10743781642086726,-0.28140655954215277,-0.48256878714505835,-0.1718401937046005,-0.20165089148139995,-0.10268765133171913,-0.23601364736957958,0.2060312568787145,-0.15062953995157385,0.18554699537750385,-0.16755888179616993,0.2040347787805415,-0.07668500990534889,0.234950473255558,0.013931322914373762,0.20593880695575612,-0.16803874092009685,0.451963460268545,0.6661589258199427,0.36818622055910194,0.4170944309927361,-0.032293638564825006,0.10263042042703059,0.19664758969843715,0.4155337882456527,0.43688531807175873,0.48098613251155625,0.23996478098173013,0.5660114461809377,0.17871230464450805,0.09889720449042483,0.3316927140655954,0.3719040281752146,0.14987012987012988,0.1863746423068457,0.3078516398855382,0.6053224741360335,0.2761303103675985,0.03511776359233986,0.15596081884217478,0.2558155403918116,0.14433414043583534,0.08136253576931543,0.1616685009905349,0.06306625577812018
#18,0.22015408320493066,0.18008804754567467,0.5526040061633282,0.548712304644508,0.5111952454325336,1.0,0.1579242791107198,0.03458947831829188,-0.29493506493506494,0.27984811798371123,0.11010125467752586,0.469438696896324,0.6694188861985472,0.17567246313009025,-0.4387497248514198,-0.13730574510235527,0.11323794849218578,0.3651551837992516,-0.4544464010565705,-0.35306845696676203,-0.3344045784723751,-0.29052608408540614,0.22760290556900725,0.26170372000880476,-0.1059322033898305,0.03140876073079463,-0.06408320493066255,0.0599537750385208,0.2348580233325996,0.3687145058331499,0.38834910851860005,0.5255381906229364,0.2500484261501211,0.49000220118864185,0.17786704820603125,0.2621527624917455,0.18621835791327318,0.23149240589918557,0.02400396213955536,-0.002183579132731675,0.06220338983050847,-0.29206691613471275,-0.2702773497688752,-0.006753246753246753,0.2963878494386969,0.15544794188861985,0.10254677525863967,0.024155844155844156,-0.08350209112920977,0.013935725291657495,0.028445960818842174,0.22235086946951355,0.10811358133392032,-0.10664098613251155,-0.11412502751485802,0.026053268765133173,0.026438476777459828,-0.015753907109839312,0.048575830948712304,0.03650671362535769,0.17981289896544134,-0.03483160906889721,0.1361633281972265,-0.14819722650231124,-0.22634382566585956,-0.031322914373761834,0.24001760950913492,0.027842835130970724,-0.3287277129650011,-0.2142130750605327,0.0879308826766454,-0.21713405238828967,-0.0625974025974026,0.2124785384107418,-0.10505833149900946,0.2549372661237068,0.10164648910411622,0.2947941888619855,0.17606867708562624,0.4511952454325336,0.0036847897864847015,0.44490204710543696,0.35713405238828966,0.4743451463790447,0.4231454985692274,0.16634382566585956,0.2449570768214836,-0.22307506053268766,-0.016640986132511557,0.045628439357252915,0.08506053268765133,0.31804534448602245,0.268646268985252,0.22738058551617873,0.23376623376623376,-0.005163988553819062,-0.06928901606867709,0.2141866607968303,0.2663900506273388,0.13666740039621394,0.2801056570548096,0.36612590799031475,0.5821263482280431,0.14406559542152764,0.1412062513757429,0.1703896103896104,0.22997578692493947,0.12756328417345367,0.16283953334800794,0.21671362535769315,-0.0018291877613911512
#26,-0.10500770416024653,0.3390490865067136,-0.0812392692053709,-0.09301342725071539,-0.15488663878494388,0.1579242791107198,1.0,-0.1605591019150341,0.1580211314109619,0.22346246973365616,0.324191063174114,-0.0984503631961259,0.35433414043583533,0.633728813559322,-0.013193924719348448,0.2095773717807616,-0.28930442438917015,-0.17345586616773057,0.02678186220559102,0.19103455866167732,-0.004312128549416685,0.16187321153422848,-0.1644772176975567,0.05025533788245653,-0.134686330618534,0.021923838872991416,0.08077922077922078,0.027347567686550736,-0.11415804534448602,-0.03948272066916135,0.051494607087827424,-0.16703059652212193,-0.0937970504072199,-0.28930882676645386,-0.07669381465991636,-0.2581488003521902,-0.16631080783623156,-0.2834426590358794,-0.22981069777679947,-0.1443781642086727,-0.19811138014527846,-0.1482984811798371,-0.1788003521901827,-0.15822143957737178,-0.24298261060972925,0.10372000880475457,0.04053929121725732,-0.044058991855602025,0.08914813999559762,0.02220118864186661,-0.019236187541272286,-0.12722650231124807,-0.22459828307285934,-0.04081003742020691,-0.14248294078802554,-0.06389830508474577,-0.0963284173453665,-0.024882236407660137,-0.16509355051727934,0.009771076381245873,-0.13865287255117764,-0.280231124807396,0.44074620294959277,0.4453973145498569,-0.10593000220118864,0.12751926040061634,0.20613251155624038,0.41971164428791546,0.08906229363856483,0.14878274268104777,0.10725731895223421,0.07982610609729254,0.05903147699757869,-0.15024873431653094,-0.039262601804974685,-0.1163284173453665,0.06941008144397975,0.01299801893022232,0.36580233325996037,0.3013735417125248,0.03489984591679507,0.1863614351749945,0.21448382126348228,0.03365397314549857,-0.000937706361435175,-0.1466718027734977,0.030345586616773057,-0.02987673343605547,0.06335241030156284,0.029898745322474135,-0.15409200968523,-0.06566145718688092,-0.04768875192604006,-0.06899185560202509,-0.08747963900506274,-0.21757208892802113,0.019306625577812018,-0.19685230024213074,-0.05643187321153423,-0.09578472375082545,-0.14217697556680609,-0.1592163768434955,-0.13054369359454104,-0.20402597402597403,0.0036363636363636364,-0.13532907770195907,-0.26720228923618755,-0.09830948712304645,-0.1100924499229584,-0.207343165309267,-0.0005018710103455866
#49,0.6886066475896985,0.38589698437156067,0.36172353070658153,0.16833810257539072,0.26271406559542154,0.03458947831829188,-0.1605591019150341,1.0,0.10258199427690953,0.4591481399955976,0.4080783623156505,0.22171252476337222,-0.10923618754127229,-0.20960818842174775,-0.2562491745542593,-0.16464230684569667,0.40417125247633723,0.24921417565485363,-0.25803213735417124,-0.3249922958397535,-0.22684349548756327,-0.3375126568346907,0.06926700418225842,0.046018049746863306,0.05437596302003082,-0.2916795069337442,-0.32027294739159146,-0.44836231565045126,-0.013130090248734317,-0.1913383226942549,0.13817741580453444,0.06627338762931984,0.18716927140655953,0.09239269205370901,0.01816420867268325,0.11780761611270085,0.07379484921857803,-0.05810697776799472,0.2452938586836892,-0.028188421747743782,0.18305084745762712,-0.00723530706581554,-0.03229804094210874,-0.3415562403697997,0.2813053048646269,-0.06142857142857143,-0.35838872991415366,-0.32820383006823683,-0.28475236627779,-0.2431058771736738,-0.14569227382786704,-0.15493286374642307,-0.20747083425049526,-0.13859123926920536,0.022357473035439137,-0.23237068016729034,0.09783182918776138,-0.10069337442218798,0.3773299581774158,0.14474136033458068,0.39950253136693814,0.44178296279991197,-0.3687387189082104,-0.09634382566585957,-0.0012700858463570329,-0.10441558441558442,-0.2788223640766014,-0.3411138014527845,-0.2733634162447722,-0.18359674224081005,-0.21827867048206032,0.04714725952014088,-0.16179616993176316,0.22853841074180056,0.09817081223860885,0.21104336341624477,-0.09387629319832709,0.03206031256878714,-0.19602905569007265,-0.08896324014968082,-0.0362953995157385,-0.16098613251155625,-0.376271186440678,0.1677261721329518,0.110264142637024,0.4637266123706802,0.4004380365397315,0.19742020691173234,-0.11554259300022011,0.05577151661897425,-0.1038168611049967,0.3892229804094211,0.23160686770856262,0.43681267884657715,0.30016508914814,0.35452564384767776,0.16703940127668943,0.22552498349108518,0.11232665639445301,-0.017252916574950473,-0.3149482720669161,0.006799471714725952,0.04731895223420647,0.20545014307726173,-0.13291877613911512,-0.04889280211314109,-0.2216024653312789,0.2691063174114022,0.07390050627338762,0.05038740920096852,-0.21036319612590798
#50,-0.1713119084305525,0.20761611270085847,-0.03548976447281532,-0.007781201848998459,-0.23304864626898525,-0.29493506493506494,0.1580211314109619,0.10258199427690953,1.0,0.08206471494607087,-0.011923838872991416,-0.11079022672243011,-0.059575170592119746,0.3034734756768655,0.15051727933083867,-0.022249614791987674,-0.1074950473255558,0.012113141096191944,-0.048861985472154965,0.01136253576931543,0.10947171472595202,-0.07907329958177416,-0.3160950913493286,-0.2608496588157605,-0.19142196786264584,-0.3259960378604446,-0.20687651331719129,-0.10538410741800572,-0.2530904688531807,-0.2412722870349989,-0.10784503631961259,-0.21081884217477437,-0.25155183799251596,-0.3165529385868369,-0.09561082984811799,-0.03264582874752366,-0.10301342725071538,0.060581113801452785,-0.1935219018269866,-0.339867928681488,-0.25715606427470833,-0.03905348888399736,-0.09428351309707242,0.07824565265243232,-0.22716046665199208,-0.20065595421527624,-0.12075280651551838,-0.006370239929561964,0.06705921197446621,-0.020812238608848777,-0.02890380805635043,-0.10824125027514858,-0.2135395113361215,-0.24373321593660577,-0.028549416685009904,-0.43255558001320715,0.12262821923838874,0.011785163988553818,-0.1584833810257539,-0.20196125907990314,0.024732555580013207,0.06465331278890601,0.07806735637244112,0.14002421307506052,-0.03589698437156064,-0.08992956196346027,0.06629099713845477,0.07829187761391151,0.11760290556900727,0.043409641206251376,-0.009506933744221879,0.054364957076821485,0.15775258639665418,0.13275808936825886,0.23144177856042264,0.00867048206031257,0.049539951573849876,-0.15838212634822804,-0.014538850979528945,-0.21670261941448382,-0.049878934624697335,-0.1399273607748184,-0.16611490204710544,-0.02191283292978208,-0.004417785604226282,0.08586836891921637,0.0049900946511116,-0.013156504512436716,-0.15774818401937046,0.03291877613911512,-0.07738058551617874,0.11200968523002422,-0.13223200528285273,-0.05036979969183359,-0.14696235967422408,-0.16163768434954875,-0.14263042042703059,0.05672243011226062,0.048690292758089365,-0.254950473255558,-0.1112524763372221,-0.13913493286374642,-0.1480299361655294,0.1445278450363196,0.03810477657935285,-0.2491569447501651,-0.29791547435615234,0.004585075941008145,0.1359916354831609,-0.11822584195465552,0.02710103455866168
#51,0.5053885097952895,0.5379242791107198,0.4446158925819943,0.46636583755227823,0.2819172353070658,0.27984811798371123,0.22346246973365616,0.4591481399955976,0.08206471494607087,1.0,0.631666299801893,0.325544794188862,0.38700858463570326,0.09267444419986792,-0.2100594320933304,-0.20281091789566366,0.48380145278450365,0.12334800792427911,-0.21217697556680606,-0.37182698657274926,-0.31230464450803436,-0.40935725291657493,0.1913977547875853,0.20907990314769975,0.10211974466211754,-0.1892868148800352,-0.14471054369359454,-0.4215144177856042,-0.0007814219678626458,-0.0837574290116663,0.16261281091789567,0.042031697116442876,0.20493946731234866,0.06902927580893682,-0.03416905128769535,0.035533788245652655,0.020372000880475458,-0.11759850319172353,0.12415584415584416,0.0007440017609509135,0.10358353510895883,-0.05886418666079683,-0.001774158045344486,-0.11895443539511336,0.23213075060532687,0.20548316090688973,-0.3231565045124367,-0.31206691613471277,-0.1606471494607088,-0.10761171032357474,0.055674664318732116,0.14854061193044243,0.08633061853400836,-0.11417565485362095,-0.02835791327316751,-0.1121813779440898,-0.08174774378164208,-0.17302443319392471,0.312194585075941,0.21522342064714947,0.06264142637023994,0.038296279991195246,-0.13841514417785605,-0.03739159145938807,0.09701298701298701,-0.00924719348448162,-0.12765793528505393,-0.06793308386528725,-0.2374158045344486,-0.23203389830508475,-0.09795949812898966,0.03263482280431433,-0.15246533127889061,5.943209333039841e-05,-0.2315628439357253,-0.09904688531807176,-0.10907550077041603,-0.10508694695135373,0.24936605767114242,0.23788906009244992,0.08676865507373982,0.10670041822584196,0.0576271186440678,0.3398173013427251,0.1830332379484922,0.32614571868809156,0.25989874532247415,0.0628153202729474,-0.02582874752366278,0.15239049086506715,-0.06740479859123927,0.289060092449923,0.2558815760510676,0.3088928021131411,0.35221219458507597,0.36824785384107417,0.1732357473035439,0.16347787805414923,0.005245432533568127,0.18258639665419327,-0.14252036099493726,0.12318291877613911,0.11089808496588158,0.11637684349548756,-0.05133612150561303,0.03134932863746423,-0.1422408100374202,0.058272066916134714,0.008879594981289896,-0.10895003301782963,-0.30713625357693153
#52,0.5724873431653092,0.40926480299361656,0.19881796169931762,0.06641206251375743,0.17582214395773718,0.11010125467752586,0.324191063174114,0.4080783623156505,-0.011923838872991416,0.631666299801893,1.0,0.3114836011446181,0.2414637904468413,0.11208012326656394,-0.19355491965661456,-0.05308826766453885,0.2936099493726612,0.13799471714725953,0.0021021351529826107,-0.03412942989214176,-0.3342152762491746,-0.12403257759189963,0.10899405679066695,0.1608628659476117,0.1038168611049967,0.01713625357693154,-0.13223860884877833,-0.2561479198767334,0.07097512656834691,0.030715386308606648,0.0076491305304864626,-0.10570327977107638,0.09579132731675105,-0.10563064054589479,-0.17021571648690292,-0.12199867928681488,-0.12648690292758089,-0.33367598503191725,-0.016601364736957957,-0.10272727272727272,-0.007891261281091789,0.06260840854061193,-0.09574510235527185,-0.19200088047545674,0.0599075500770416,0.13715826546335022,-0.28426150121065374,-0.22270305965221218,-0.24338983050847457,-0.0600198106977768,-0.1912590799031477,0.01797490644948272,-0.12161127008584635,0.07922518159806295,-0.2414703940127669,-0.025621835791327315,-0.23235307065815541,-0.15159366057671142,0.16260180497468632,0.17440017609509134,0.079900946511116,0.08700418225841955,-0.21022672243011226,0.1557561082984812,0.02163548316090689,0.0035197006383447063,-0.2952674444199868,-0.0088069557561083,-0.09400176095091349,0.0990182698657275,0.012828527404798592,0.3423948932423509,-0.16392031697116444,-0.13502751485802333,-0.1643847677745983,-0.04062073519700638,-0.14785824345146378,-0.13871230464450804,0.15051287695355492,0.21444860224521242,0.19240149680827648,0.1062755888179617,-0.08260620735197007,0.3942526964560863,0.21538190622936385,0.09715166189742461,0.20560202509355052,0.202656834690733,0.001118203830068237,0.2840479859123927,0.010257539071098392,0.28786704820603126,0.21297600704380365,0.14815760510675766,0.14264142637023994,0.23532467532467533,0.3990446841294299,0.031569447501650895,0.029650011005943208,0.10344265903587938,-0.029865727492846137,0.08021571648690293,0.06428791547435615,0.01653312788906009,-0.13345806735637245,0.06101474796390051,-0.18809597182478538,0.029634602685450144,-0.044794188861985475,-0.11695575610829848,-0.2587871450583315
#53,0.3350451243671583,0.07979308826766454,0.22563284173453665,0.13022672243011227,0.49558001320713185,0.469438696896324,-0.0984503631961259,0.22171252476337222,-0.11079022672243011,0.325544794188862,0.3114836011446181,1.0,0.5418049746863306,-0.03644508034338543,-0.2240413823464671,-0.2138102575390711,0.3368412942989214,0.20091129209773279,-0.3338300682368479,-0.4266629980189302,-0.3686814880035219,-0.39079903147699757,0.28767774598283075,0.08066255778120185,0.19492626018049747,0.1512326656394453,-0.19037860444640106,-0.24581333920316972,0.412458727712965,0.35507814219678624,0.18725952014087607,0.2677503852080123,0.16445300462249615,0.38348668280871673,0.15826326216156725,0.24470394012766894,0.1879639005062734,0.019242791107197888,0.29333700198106977,0.16113141096191944,0.039451904028175215,-0.04456966762051508,-0.037277129650011,-0.12008804754567466,0.3705018710103456,0.07032137354171253,-0.07285714285714286,-0.30666740039621393,-0.16998899405679066,-0.1863680387409201,-0.17819062293638566,-0.029698437156064274,0.05667620515078142,-0.25374202069117324,-0.21813779440898085,-0.016486902927580895,-0.08268545014307727,-0.222821923838873,0.21684569667620515,-0.07959057891261281,0.3239753466872111,0.22090028615452345,-0.0561831388950033,-0.14241470394012767,-0.29477657935285057,-0.35267884657715165,0.07524983491085185,-0.17776799471714727,-0.12462909971384548,-0.18391151221659696,0.0763086066475897,-0.05290116662998019,0.09834030376403258,0.013160906889720448,0.02937046004842615,0.15396434074400175,0.023999559762271628,0.0734734756768655,0.08085186000440238,0.15862425709883338,0.3998040942108739,0.3890314769975787,0.19002421307506054,0.7698481179837112,0.6336187541272287,0.2861347127448822,0.12984591679506935,-0.014105216817081224,-0.048666079683028836,0.496814880035219,0.19893682588597844,0.42580233325996036,0.2824851419766674,0.10650231124807397,0.1792295839753467,0.14651551837992516,0.13865947611710325,0.21860444640105656,0.13177635923398634,0.29596302003081665,0.11561303103675985,0.36518600044023775,0.4260972925379705,0.05787805414924059,0.11337442218798151,0.1755888179616993,0.09942108738718908,0.2361104996698217,0.1758331499009465,0.25237068016729036,-0.10727272727272727
#54,0.1148117983711204,0.26822143957737177,0.21828527404798592,0.31365177195685673,0.26645388509795287,0.6694188861985472,0.35433414043583533,-0.10923618754127229,-0.059575170592119746,0.38700858463570326,0.2414637904468413,0.5418049746863306,1.0,0.3607770195905789,-0.25019370460048423,-0.08163768434954875,-0.022273827867048207,0.09837772397094431,-0.26290336781862206,-0.1975280651551838,-0.24323794849218577,-0.1997094430992736,0.2702003081664099,0.2207043803653973,0.06200528285274048,0.010008804754567467,0.001437376183138895,-0.019484921857803213,0.33843495487563285,0.3829341844596082,0.2554171252476337,0.1820162887959498,0.10298701298701299,0.11925159586176536,0.17312568787145058,0.190132071318512,0.055111160026414266,-0.04275368699097513,-0.049093110279550954,-0.16453224741360334,-0.0682918776139115,-0.2909377063614352,-0.1421153422848338,-0.034494827206691614,0.25333920316971165,0.1464472815320273,-0.005646048866387849,-0.07073079462909972,0.022736077481840193,0.037517059211974464,-0.03422628219238389,0.1465001100594321,0.1750627338762932,-0.07413383226942549,-0.015025313669381465,-0.12097952894563065,-0.06298481179837112,-0.09863086066475897,-0.020171692714065596,0.06968082764692934,0.02699537750385208,-0.2274488223640766,0.2643429451904028,0.14684129429892143,-0.27204050187101037,-0.045375302663438255,0.22897424609289016,0.16491525423728814,-0.10121065375302664,-0.14045784723750826,0.21712304644508035,-0.10074840413823465,0.0661303103675985,0.030534888839973587,-0.12074840413823465,0.18156724631300902,0.039733656174334143,0.08840413823464671,0.3893198327096632,0.48044684129429893,0.22544133832269425,0.5761281091789566,0.587079022672243,0.616187541272287,0.4482852740479859,0.019724851419766674,0.14547875852960598,-0.18790446841294298,0.01071978868589038,0.32559982390490866,0.11796390050627338,0.25842835130970726,0.33167070217917677,0.04417565485362095,0.17458727712965,-0.02130970724191063,0.004349548756328417,0.10149460708782743,0.024591679506933743,0.2093858683689192,0.19962799911952453,0.28437376183138896,0.332854941668501,0.017442218798151003,0.0911071978868589,0.11438036539731455,0.01817741580453445,0.026850099053488886,0.19260840854061193,0.08908430552498349,-0.0846995377503852
#58,-0.18692053709002862,0.25672683248954437,-0.08546995377503852,-0.0412524763372221,-0.017895663658375523,0.17567246313009025,0.633728813559322,-0.20960818842174775,0.3034734756768655,0.09267444419986792,0.11208012326656394,-0.03644508034338543,0.3607770195905789,1.0,0.020121065375302664,0.13400176095091348,-0.32696015848558224,-0.07642526964560863,-0.034006163328197225,0.24128989654413383,0.029341844596081884,0.24298261060972925,-0.177442218798151,-0.07050847457627119,-0.1926832489544354,-0.06524323134492627,-0.15269425489764474,0.05392692053709003,0.05923838872991415,0.06651992075720889,0.024979088707902268,-0.14618093770636142,-0.20666740039621395,-0.28703720008804756,-0.01832489544353951,-0.17513317191283292,-0.06838872991415364,0.03887519260400616,-0.22020911292097733,-0.1869293418445961,-0.33241690512876954,-0.127409200968523,-0.12121725731895223,0.067871450583315,-0.14621175434734757,0.05477437816420867,-0.017459828307285933,-0.11450803433854281,0.0019414483821263483,-0.11986572749284613,-0.10671142416905129,-0.16829407880255337,-0.34126128109178955,-0.10366277790006603,-0.16499889940567908,-0.24254017169271408,-0.06652212194585076,0.10177415804534448,-0.3410543693594541,-0.04632621615672463,-0.024358353510895884,-0.11144397974906449,0.49965661457186883,0.32369579572969404,-0.31209993396434077,0.07614131631080784,0.5953775038520801,0.5049394673123486,0.2275874972485142,0.27415144177856043,0.20635923398635264,0.018106977767994716,0.11707241910631741,0.0599537750385208,0.036033458067356375,0.0025731895223420646,0.05497248514197667,-0.03909311027955096,0.39760510675764915,0.31508474576271184,0.008919216376843496,0.2937904468412943,0.24269865727492845,0.1329055690072639,0.22187761391151223,-0.08395993836671803,0.043882896764252693,-0.11038520801232665,-0.05713845476557341,0.05393352410301563,0.13727933083865287,0.04648250055029716,0.12392692053709004,-0.08732775698877394,-0.15475236627779002,-0.39212194585075943,-0.1463482280431433,-0.14898745322474136,-0.09194805194805195,-0.25508254457407,-0.12697116442879156,-0.025692273827867047,-0.03958617653532908,-0.02716486902927581,0.04541052168170812,-0.13424609289016068,-0.2998283072859344,0.004397974906449483,0.1468500990534889,-0.17947391591459388,-0.004028175214615893
#101,-0.2598591239269205,-0.17531587057010786,-0.4528153202729474,-0.2789324235086947,-0.529291217257319,-0.4387497248514198,-0.013193924719348448,-0.2562491745542593,0.15051727933083867,-0.2100594320933304,-0.19355491965661456,-0.2240413823464671,-0.25019370460048423,0.020121065375302664,1.0,0.445478758529606,-0.2527162667840634,-0.4457605106757649,0.35224521241470397,0.34899625797930883,0.562887959498129,0.3262183579132732,-0.23998459167950692,-0.32790887079022674,0.009654413383226942,-0.1314175654853621,0.0701782962799912,0.11837992515958617,-0.16130090248734316,-0.33288575830948713,-0.5234206471494607,-0.4050539291217257,-0.4663152102135153,-0.5514747963900506,-0.24104776579352852,-0.24333480079242792,-0.266304204270306,-0.1368038740920097,-0.20351749944970285,-0.23331719128329298,-0.33884217477437817,-0.09696896324014968,0.025307065815540392,0.06298261060972925,-0.1460444640105657,-0.1652938586836892,0.12201848998459168,-0.007070217917675545,0.15341844596081886,0.1703037640325776,-0.19123486682808716,-0.2723816861104997,-0.21265903587937487,-0.23965221219458507,0.11423728813559322,-0.22875632841734536,0.11336561743341404,0.09890821043363417,-0.2899889940567907,-0.28113141096191946,-0.30655513977547877,-0.195478758529606,0.1936913933524103,0.08179176755447942,-0.07853400836451684,-0.08678846577151662,0.07349548756328417,0.1937442218798151,0.4906669601584856,0.12725511776359233,0.0864802993616553,0.06149020471054369,0.16250275148580234,-0.44018710103455866,0.18519040281752147,-0.07639005062733877,0.1213647369579573,-0.1538498789346247,0.19044243891701518,-0.21688751926040062,-0.07711864406779662,-0.35264582874752365,-0.0021197446621175433,-0.16322914373761832,-0.2691679506933744,-0.27953995157384987,-0.4369271406559542,-0.13802333259960378,-0.34882896764252697,-0.14819062293638566,-0.2207395993836672,-0.23715166189742462,-0.3293616552938587,-0.44124807395993837,-0.39600044023772835,-0.36807836231565044,-0.21209993396434074,-0.3621219458507594,-0.32965441338322693,-0.17302883557120846,-0.33510455646048865,-0.49468412942989215,-0.4942042703059652,-0.3908364516839093,-0.17683028835571207,-0.2636121505613031,-0.35638564825005503,-0.19431432973805854,-0.050442438917015185,-0.3687761391151222,-0.029722650231124807
#102,-0.18651551837992517,0.04146158925819943,-0.25003081664098614,-0.30561963460268543,-0.21891041162227604,-0.13730574510235527,0.2095773717807616,-0.16464230684569667,-0.022249614791987674,-0.20281091789566366,-0.05308826766453885,-0.2138102575390711,-0.08163768434954875,0.13400176095091348,0.445478758529606,1.0,-0.24369579572969405,-0.1969931763152102,0.19170372000880476,0.5019678626458287,0.020030816640986132,0.5402245212414704,-0.1482742681047766,0.09636583755227823,-0.1000396213955536,0.06460928901606867,0.04321813779440898,0.1897754787585296,-0.19014307726172133,-0.17205150781421968,-0.3403235747303544,-0.2590182698657275,-0.3858859784283513,-0.3226502311248074,-0.3285956416464891,-0.3323816861104997,-0.4810279550957517,-0.15200308166409862,-0.5082896764252697,-0.06926480299361655,-0.36470834250495265,-0.025080343385428132,-0.2066123706801673,0.2090182698657275,-0.3029055690072639,0.2416090688972045,0.14226282192383888,-0.03819062293638565,0.1316420867268325,0.06656174334140436,-0.2998767334360555,-0.45561082984811796,-0.37769535549196565,-0.05937046004842615,-0.3338366718027735,0.00039621395553598944,-0.1062623816861105,0.252425709883337,-0.37278010125467753,-0.16236407660136473,-0.2901364736957957,-0.2746335020911292,0.4411138014527845,0.39564825005502974,-0.06523882896764252,0.08662117543473476,0.17434734756768655,0.40023992956196347,0.374521241470394,0.47293858683689194,0.09176095091349329,0.18008144397974907,-0.04298261060972925,-0.17797270526084086,-0.04755888179616993,0.08687211093990756,-0.09433193924719348,-0.064884437596302,0.2799141536429672,0.23371560642747083,0.039841514417785606,-0.10876953554919656,-0.004816200748404139,-0.1910609729253797,-0.01824125027514858,-0.2530288355712085,-0.19220338983050847,-0.07207351970063834,-0.20145938806955757,-0.02575610829848118,-0.21795289456306405,-0.04688751926040061,-0.18377283733215938,-0.3082786704820603,-0.12949372661237069,-0.32505172793308384,-0.04381465991635483,-0.19336341624477218,-0.11692053709002861,-0.1712458727712965,-0.24356152322254018,-0.40567246313009026,-0.3031036759850319,-0.357145058331499,-0.17191943649570768,-0.2238828967642527,-0.24842615012106536,-0.24173013427250714,-0.18828527404798592,-0.2011402157164869,0.04412062513757429
#201,0.2930992736077482,0.029808496588157606,0.42372661237068016,0.17309927360774818,0.31517279330838655,0.11323794849218578,-0.28930442438917015,0.40417125247633723,-0.1074950473255558,0.48380145278450365,0.2936099493726612,0.3368412942989214,-0.022273827867048207,-0.32696015848558224,-0.2527162667840634,-0.24369579572969405,1.0,0.40820823244552057,-0.31303543913713405,-0.5253444860224521,-0.30414263702399297,-0.4612656834690733,0.34273827867048207,0.05946511116002642,0.43605546995377503,0.052819722650231125,-0.040968523002421306,-0.3494519040281752,0.14122165969623596,-0.02728813559322034,0.22639005062733877,-0.03539291217257319,0.5272309046885318,0.3618534008364517,-0.04541052168170812,0.045921197446621174,0.17339203169711645,-8.804754567466431e-06,0.13207792207792207,0.34292317851639886,0.19889720449042483,0.014787585296059872,0.01609289016068677,-0.16563504292317852,0.09401276689412283,0.11259520140876073,-0.12225181598062954,-0.1883248954435395,0.0436253576931543,-0.07924499229583976,0.14823464670922298,0.0964802993616553,0.27004182258419546,-0.01050627338762932,-0.06258859784283513,0.11637244111820383,-0.01279110719788686,-0.03474576271186441,0.4132731675104556,0.08124147039401276,0.07961919436495708,0.11648470173893903,-0.3925709883337002,-0.33148580233325997,0.12739819502531366,-0.14018269865727492,-0.20879154743561523,-0.3984503631961259,-0.08795949812898965,-0.14526304204270307,0.12841294298921418,0.13508034338542813,0.03484041382346467,0.1420250935505173,-0.0689126128109179,-0.01815100154083205,0.13238388729914152,0.14240810037420207,-0.059731454985692274,-0.09945190402817522,0.1329275808936826,-0.053325996037860444,-0.07037420206911732,0.09801012546775259,0.19345146379044684,0.2067642526964561,0.11551397754787586,-0.00838432753686991,-0.10507373981950253,0.05762931983270966,-0.056577151661897425,0.1476139115122166,-0.013966541932643628,0.38740039621395556,0.2947589698437156,0.692987012987013,0.3520559101915034,0.5321065375302664,0.10794188861985472,0.4129319832709663,0.10547215496368038,0.4877195685670262,0.20077701959057892,0.4006977767994717,0.13544133832269425,0.3953664979088708,0.28894783182918776,0.022366277790006602,-0.12869029275808938,0.061366938146599166,-0.04637904468412943
