,#10,#11,#12,#13,#17,#18,#26,#49,#50,#51,#52,#53,#54,#58,#101,#102,#201,#202,#301,#302,#401,#402,#501,#502,#601,#602,#701,#702,#801,#802,#901,#902,#1001,#1002,#1101,#1102,#1201,#1202,#1301,#1302,#1401,#1402,#1501,#1502,#1601,#1602,#1701,#1702,#1801,#1802,#1901,#1902,#2001,#2002,#2101,#2102,#2201,#2202,#2301,#2302,#2401,#2402,#2501,#2502,#2601,#2602,#2701,#2702,#2801,#2802,#2901,#2902,#3001,#3002,#3101,#3102,#3201,#3202,#3301,#3302,#3401,#3402,#3455,#3501,#3502,#3601,#3602,#3701,#3702,#3801,#3802,#3901,#3902,#4001,#4002,#4101,#4102,#4201,#4202,#4301,#4302,#4401,#4402,#4501,#4502,#4601,#4602,#4701,#4702,#4801,#4802
#10,1.0,0.31770856262381686,0.4993418445960819,0.68326656394453,0.23473915914593882,-0.06667400396213956,-0.02170592119744662,0.5690710983931323,-0.2011204050187101,0.6082940788025534,0.4214637904468413,-0.02902487343165309,-0.298729914153643,-0.09917675544794188,0.05719568567026194,0.020455646048866388,0.4621725731895223,0.060898084965881574,-0.0004776579352850539,-0.2135461149020471,-0.14314769975786926,0.009806295399515738,0.12750605326876513,0.23642306845696676,0.1924521241470394,0.20735197006383446,-0.22975346687211093,0.09046885318071758,-0.195478758529606,0.02102575390710984,0.0336055469953775,0.18617873651771957,0.2990182698657275,0.3603103675985032,0.18001540832049306,-0.24934404578472374,0.17281752146158927,0.29286814880035217,0.24801232665639444,0.2789302223200528,-0.04592780101254677,-0.13863086066475896,-0.24395993836671803,-0.2178120184899846,-0.11729033678186221,-0.06894122826326216,-0.12328857583094871,-0.047334360554699535,-0.11079903147699757,-0.3043781642086727,-0.0662227602905569,-0.1691107197886859,0.025938806955756108,-0.029834910851860005,-0.014554259300022012,0.15631741140215716,-0.32129209773277567,-0.1648580233325996,0.17095971824785383,0.17396434074400177,0.16700638344706142,0.2572793308386529,0.020761611270085845,-0.05001760950913493,0.08785604226282193,-0.21822364076601364,-0.32489324235086947,-0.12176755447941888,0.11510895883777239,0.03386528725511776,0.31069557561082983,0.16312788906009246,-0.3354809597182479,-0.025108958837772397,-0.10681708122386088,-0.05384547655734096,0.18394893242350868,0.18473035439137134,0.12331939247193484,-0.18105657054809599,-0.35659476117103234,-0.22520360994937266,-0.15996257979308826,0.24296720228923618,-0.19358353510895884,0.08280871670702179,0.24887739379264803,0.07941008144397975,-0.1013053048646269,-0.19178296279991194,-0.25948712304644506,0.07257979308826766,-0.010539291217257319,0.09421527624917456,0.20496147919876734,0.2449372661237068,0.09998459167950693,0.2984921857803214,0.3506097292537971,0.13508474576271187,0.17686330618534007,0.1478318291877614,0.21887519260400617,0.38331939247193486,0.22014747963900505,0.36224301122606206,0.31028175214615894,0.22671582654633501,0.11249614791987674,0.0661897424609289,0.05981950253136694
#11,0.31770856262381686,1.0,0.5296478098173013,0.39425489764472815,0.3079771076381246,0.0597556680607528,0.4790688972044904,0.39508034338542813,0.34795729694034777,0.45401276689412284,0.2558485582214396,-0.04086946951353731,-0.21837992515958618,0.19102575390710985,0.1731719128329298,0.44215056130310365,0.4898371120405019,0.29223860884877834,-0.21591019150341184,-0.17455425930002202,-0.37705480959718246,-0.21012987012987014,0.09313889500330179,0.3732621615672463,0.0639621395553599,0.10748404138234646,-0.3047281532027295,-0.3597226502311248,-0.19865067136253578,0.015597622716266784,0.0684437596302003,0.212788906009245,0.15073959938366718,0.24703499889940567,-0.06313669381465992,0.02617873651771957,0.03889060092449923,0.17127448822364078,0.31985692273827865,0.14020250935505174,-0.18483381025753906,0.014990094651111601,-0.2716552938586837,-0.19567906669601584,-0.0026700418225841954,0.29776139115122163,-0.129867928681488,-0.286319612590799,0.1147325555800132,-0.07216376843495488,-0.07618534008364516,-0.23366057671142418,-0.04661677305745102,-0.15339643407440018,-0.2576667400396214,-0.10080343385428131,-0.13553378824565265,-0.04522121945850759,0.22069337442218798,0.14071538630860664,-0.16505392912172573,-0.15554699537750385,-0.08152102135152983,-0.2726832489544354,-0.19318071758749725,-0.15367158265463352,0.03413383226942549,0.18358353510895883,0.13950473255558002,0.12340964120625138,0.2884701738939027,0.1405128769535549,-0.19422848338102575,-0.23521681708122386,-0.27834250495267443,-0.26374862425709883,-0.18766233766233767,-0.08798151001540833,0.20160686770856262,0.04170151882016289,-0.40906669601584855,-0.2689830508474576,-0.26493286374642305,0.03690512876953555,-0.24531366938146598,0.06912832929782083,0.0703037640325776,-0.2061501210653753,-0.08811138014527845,-0.1380299361655294,-0.33332159366057673,-0.006658595641646489,-0.056687211093990754,0.1737310147479639,0.2784437596302003,0.45239049086506716,0.19884217477437816,0.3442350869469514,-0.028412942989214176,-0.2533480079242791,-0.23154743561523222,0.1514615892581994,0.27033458067356375,0.32502751485802334,-0.0684965881576051,-0.02105216817081224,-0.033546114902047106,-0.23811578252256219,-0.2429782082324455,-0.046150121065375305,-0.016141316310807837
#12,0.4993418445960819,0.5296478098173013,1.0,0.7154347347567687,0.40400396213955536,-0.030046224961479198,0.11633722209993397,0.44706361435174996,0.12451243671582654,0.5837156064274708,0.28830288355712086,0.024347347567686552,-0.2593858683689192,0.060114461809377066,-0.06318291877613912,0.2074488223640766,0.7700704380365397,0.6918622055910192,-0.16809817301342725,-0.2537706361435175,-0.4374488223640766,-0.3005546995377504,-0.08393132291437376,0.20167510455646048,0.12357473035439137,0.015067136253576932,-0.07530046224961479,-0.010233325996037861,-0.23825665859564166,-0.023975346687211095,0.43368919216376844,0.13869909751265683,0.11296940347787805,0.19273827867048207,-0.05896324014968083,-0.15668280871670703,-0.02984371560642747,0.19648250055029717,0.043645168390931105,0.024675324675324677,-0.1625115562403698,-0.1406647589698437,-0.32436715826546336,-0.18781201848998458,0.019297820823244553,0.42158925819942766,0.1637178076161127,-0.023772837332159368,0.3492339863526304,0.05936385648250055,0.278069557561083,0.05644728153202729,0.10573849878934624,-0.2167114241690513,-0.4183403037640326,-0.14213515298261062,-0.16068677085626237,-0.13452124147039402,0.16203169711644289,0.15875852960598724,-0.17185780321373542,-0.14263482280431433,-0.2935593220338983,-0.21854061193044244,0.19054149240589918,0.018822364076601365,-0.11578032137354172,-0.09426370239929562,0.08200748404138235,0.017281532027294738,0.4465991635483161,0.13606207351970065,-0.24197446621175434,-0.15341184239489325,-0.43350869469513537,-0.17170151882016288,-0.11217917675544795,-0.018450363196125908,0.003112480739599384,-0.1700396213955536,-0.31729473915914597,-0.3825885978428351,-0.08641646489104116,0.14442438917015188,-0.11331278890600925,0.046057671142416906,0.24850319172353072,-0.024877834030376404,-0.24710543693594542,-0.13509795289456306,-0.1848250055029716,0.27948272066916136,0.20437156064274709,0.07980629539951574,0.3591899625797931,0.6387101034558662,0.24944970283953335,0.4519722650231125,0.17813559322033898,0.19811578252256218,0.12279110719788686,0.5592626018049747,0.5468567026194144,0.44973365617433414,-0.13776799471714726,0.1582940788025534,0.039544353951133614,-0.19230904688531808,-0.09714946070878275,-0.30070217917675546,-0.27649790887079023
#13,0.68326656394453,0.39425489764472815,0.7154347347567687,1.0,0.30205811138014527,-0.1034140435835351,-0.025168390931102794,0.5399801893022232,0.05737398195025314,0.6504138234646709,0.22190843055249834,-0.11401276689412283,-0.325379705040722,-0.05347787805414924,0.16535108958837771,0.19452784503631962,0.6087321153422849,0.25303103675985034,-0.174653312788906,-0.3087079022672243,-0.17132951793968743,-0.06898745322474135,0.16956196346026856,0.31847677745982833,0.1708166409861325,0.2258199427690953,-0.2544706141316311,-0.047591899625797934,-0.3510257539071098,-0.09885758309487123,0.19777679947171473,0.28930442438917015,0.3766718027734977,0.4479683028835571,0.15377944089808496,-0.22812018489984592,0.2938432753686991,0.4031917235307066,0.35957957296940346,0.36357473035439136,-0.15372000880475456,-0.20386968963240149,-0.23683469073299582,-0.19085186000440238,0.05159586176535329,0.2507109839313229,-0.0031873211534228485,-0.13226502311248073,0.06288795949812899,-0.27282852740479857,0.08739819502531367,-0.14501430772617213,0.07152762491745543,-0.13454545454545455,-0.0776337222099934,0.030761611270085847,-0.3459498128989654,-0.1942372881355932,0.25281311908430554,0.30384107418005724,-0.10227602905569007,-0.006398855381906229,-0.10756548536209554,-0.14188641866607968,0.00512656834690733,-0.27609509134932864,-0.22531146819282413,-0.22175654853620955,0.16461589258199427,0.19646268985252036,0.2865705480959718,0.168135593220339,-0.31370900286154524,-0.22087387189082106,-0.19190843055249834,-0.19337222099933965,-0.08841734536649791,-0.10334800792427912,0.059178956636583756,-0.26351089588377724,-0.44942548976447283,-0.4253642967202289,-0.2551375742901167,0.3387805414924059,-0.28624697336561744,-0.0036055469953775038,0.12279110719788686,-0.05839093110279551,-0.2147127448822364,-0.2438168611049967,-0.3205260840854061,0.08470394012766894,0.05652212194585076,0.024624697336561745,0.2757539071098393,0.32501210653753027,0.14061193044243891,0.3913317191283293,0.3353576931543033,0.21033237948492187,0.20958617653532907,0.3029760070438037,0.40569667620515076,0.5173167510455646,0.11511996478098173,0.35821923838872993,0.3263658375522782,-0.04908430552498349,0.07541492405899186,-0.1790578912612811,-0.010880475456746643
#17,0.23473915914593882,0.3079771076381246,0.40400396213955536,0.30205811138014527,1.0,0.29761831388950033,0.1358463570327977,0.2898613251155624,0.10376623376623377,0.24505392912172574,0.16805414924058992,0.46358793748624255,0.14888179616993177,0.19125467752586398,-0.28209993396434074,-0.08554039181157826,0.25151441778560424,0.2645278450363196,-0.3722892361875413,-0.1201716927140656,-0.4768500990534889,-0.21196786264582876,-0.11085406119304424,0.17138234646709222,-0.1459652212194585,0.018179616993176315,-0.20900946511116003,-0.22003081664098614,0.11906449482720668,0.21378164208672684,0.23607968302883556,0.23656394453004623,0.06029275808936826,0.36084525643847676,0.22007484041382347,0.2396390050627339,0.05642306845696676,0.3907462029495928,-0.09286814880035218,0.14777019590578913,-0.04787805414924059,0.24863746423068456,-0.004895443539511336,0.11967862645828747,-0.05831829187761391,0.22071538630860665,0.013024433193924718,-0.22745762711864406,-0.08644508034338542,-0.10859344045784723,-0.2140545894783183,-0.23917235307065815,-0.39714065595421527,0.05072639225181598,-0.12987893462469732,0.1371912832929782,0.11344045784723751,0.3304226282192384,-0.06314329738058552,0.02440017609509135,0.037763592339863525,0.04846136913933524,0.19032137354171252,0.05917015188201629,-0.2702905569007264,-0.1767884657715166,0.213350209112921,0.12404798591239269,-0.30214395773717806,0.024565265243231344,-0.1948976447281532,-0.12974025974025974,0.08914373761831389,0.06195025313669381,0.19681928241250274,0.35774158045344484,0.14894342945190403,0.31304204270305963,0.019652212194585076,0.17713405238828966,0.04258199427690953,0.11713185119964781,0.22134272507153863,-0.13440237728373322,0.3248778340303764,-0.02888399735857363,0.24356372441118204,0.11742020691173234,0.24110279550957517,0.013992956196346027,0.1584767774598283,0.23453004622496149,0.10219898745322474,-0.06528505392912172,0.20602025093550516,0.20051067576491305,0.2883050847457627,0.15283072859344046,0.0575676865507374,-0.11660136473695795,-0.2339489324235087,0.18289896544133832,0.3898062953995157,0.01039621395553599,-0.19138014527845038,-0.102425709883337,-0.22699097512656835,-0.029861325115562404,-0.03553819062293639,-0.11253576931543033,-0.08756548536209553
#18,-0.06667400396213956,0.0597556680607528,-0.030046224961479198,-0.1034140435835351,0.29761831388950033,1.0,0.37933744221879817,-0.09481399955976227,-0.03631741140215716,0.029788685890380806,0.26088928021131413,0.5072397094430993,0.7651529826106097,0.47439797490644947,-0.3291569447501651,-0.3781421967862646,-0.024389170151882016,-0.2137508254457407,-0.09802993616552938,0.21160466651992077,-0.14362755888179618,0.0002509355051727933,-0.35672022892361877,-0.2933215936605767,-0.49740039621395554,-0.2715474356152322,0.022170372000880477,0.08288575830948712,0.5003147699757869,0.5577437816420867,-0.15047105436935945,-0.07158705701078583,-0.34535549196566145,-0.16418225841954656,-0.11922738278670482,0.29066475896984373,-0.39700858463570327,-0.27939247193484484,-0.3047809817301343,-0.2791151221659696,0.0461303103675985,0.4939995597622716,0.2560334580673564,0.1676139115122166,-0.27204710543693594,-0.02288795949812899,-0.06225841954655514,0.1889192163768435,0.05677966101694915,0.2618578032137354,0.22540391811578253,0.21812678846577152,-0.021483601144618093,-0.008536209553158706,-0.16619194364957077,0.030994937266123707,0.4463988553819062,0.36037200088047544,-0.2779881135813339,-0.29617653532907773,-0.0626964560862866,0.015674664318732115,0.37247633722209994,0.47014307726172133,0.07699977988113581,0.2621109399075501,0.4509971384547656,0.4345102355271847,-0.36289676425269646,-0.2322738278670482,-0.2013845476557341,-0.2400792427911072,-0.01718247853841074,0.030721989874532247,-0.005260840854061193,0.31074620294959276,0.12467752586396655,0.24888399735857364,0.32186220559101913,0.40850099053488886,0.4731763152102135,0.7043825665859564,0.3640083645168391,-0.12193924719348448,0.4454259300022012,-0.17906229363856482,-0.2262557781201849,0.17506053268765134,0.32604666519920755,-0.009035879374862426,0.37247633722209994,0.03909090909090909,-0.016744441998679287,-0.3130178296279991,-0.3093594541052168,-0.3596522121945851,-0.17859123926920537,-0.30006823684789785,-0.19781642086726833,0.07964120625137575,0.07223860884877834,-0.15370900286154524,-0.03612810917895664,-0.3950671362535769,-0.021406559542152762,-0.16314769975786925,-0.09930662557781202,-0.06793528505392912,-0.16674664318732116,-0.23121065375302663,-0.2309817301342725
#26,-0.02170592119744662,0.4790688972044904,0.11633722209993397,-0.025168390931102794,0.1358463570327977,0.37933744221879817,1.0,0.10229363856482501,0.21009465111160028,0.28655513977547875,0.4287057010785824,0.15302223200528287,0.1832489544353951,0.4958815760510676,0.08770195905789126,0.233086066475897,0.16541712524763372,0.041796169931763154,0.12305965221219459,0.2555580013207132,-0.03721549636803874,-0.04344265903587938,-0.13296940347787806,-0.03775918996257979,-0.27798151001540833,-0.2256944750165089,-0.0916090688972045,-0.24271186440677966,0.16904688531807177,0.2569007263922518,-0.002639225181598063,-0.02445300462249615,-0.10675764913053049,-0.1463548316090689,-0.22863966541932643,0.17018049746863306,-0.09799251595861766,-0.12222760290556901,-0.0774158045344486,-0.22786264582874752,-0.09575830948712305,0.448663878494387,0.05271846797270526,0.11461149020471055,0.016075280651551838,-0.0011842394893242351,-0.0701518820162888,-0.056387849438696895,0.11940127668941228,0.06625137574290117,0.13570107858243452,0.08293418445960819,-0.03696235967422408,-0.06050847457627118,-0.19950253136693816,-0.0852872551177636,0.22051287695355493,-0.04585296059872331,-0.13784723750825445,-0.11950913493286375,-0.2580013207131851,-0.1611996478098173,0.29237508254457406,0.041250275148580234,0.10083204930662558,0.11249394673123486,0.2916530926700418,0.5629341844596082,0.0001915034118423949,0.036440677966101696,0.09381245872771296,-0.17931102795509576,-0.05486022452124147,-0.18572529165749505,-0.22641646489104117,-0.09909531146819282,-0.18704820603125688,-0.020127668941228263,0.42797270526084086,0.33807175874972484,-0.0759784283513097,0.23664098613251155,-0.1108826766453885,-0.08337442218798151,-0.05094871230464451,-0.24984371560642746,-0.22640545894783182,-0.24594100814439798,0.028600044023772836,-0.042623816861104995,0.018386528725511775,0.0025027514858023334,-0.021360334580673563,-0.10410081443979749,-0.08610829848117983,0.031468192824125024,-0.22422408100374203,-0.18896984371560643,-0.36273167510455645,-0.12219238388729914,-0.17952454325335682,0.11337442218798151,0.09588597842835131,-0.19468192824125027,-0.16718688091569447,-0.1424058991855602,-0.18427470834250495,-0.27581774158045347,-0.17919216376843494,-0.27829848117983713,-0.16437816420867268
#49,0.5690710983931323,0.39508034338542813,0.44706361435174996,0.5399801893022232,0.2898613251155624,-0.09481399955976227,0.10229363856482501,1.0,0.36329077701959056,0.603383226942549,0.2765991635483161,-0.05782742681047766,-0.3800814439797491,0.06649130530486462,0.02172132951793969,0.12994937266123707,0.5721923838872991,0.09111820383006823,-0.18726612370680168,-0.3692361875412723,-0.2140942108738719,-0.11072859344045785,0.134488223640766,0.23891041162227603,0.2674884437596302,0.0752014087607308,-0.2124983491085186,-0.2614946070878274,-0.2798459167950693,0.10828087167070218,0.08332379484921858,0.2435263042042703,0.3199405679066696,0.3232885758309487,0.03472154963680387,-0.2853268765133172,0.1719326436275589,0.242788906009245,0.26394673123486684,0.19199647809817302,-0.19319172353070657,-0.11600484261501211,-0.3173079462909971,-0.38472815320272946,0.017561082984811797,-0.023552718467972706,0.008985252036099494,-0.3691327316751046,0.09706801672903367,-0.40073519700638344,-0.1355580013207132,-0.3186264582874752,-0.006762051507814219,-0.2008518600044024,0.01102575390710984,-0.04804754567466432,-0.14072859344045785,-0.21473695795729694,0.3119524543253357,0.17138014527845036,0.19548756328417347,0.1939753466872111,0.04081223860884878,-0.21549416685009906,-0.0512260620735197,-0.299207572088928,-0.1873629760070438,-0.08379264802993616,0.10911292097732776,0.10096632181377944,0.28255998239049085,0.059002861545234424,-0.1687673343605547,-0.051210653753026636,0.02480299361655294,-0.08407660136473696,0.20708342504952673,0.19142637023992956,-0.0786352630420427,-0.29851860004402375,-0.5371692714065596,-0.34792427911071977,-0.21874312128549417,0.2991371340523883,-0.25653753026634385,0.32501871010345584,0.2949328637464231,-0.006088487783403038,-0.12031917235307066,-0.11954875632841734,-0.3727338762931983,0.23221659696235966,-0.0438432753686991,0.2248778340303764,0.24297600704380365,0.3646929341844596,0.030515078142196787,0.46774818401937046,0.1964604886638785,-0.06026194144838213,-0.12985912392692053,0.21693814659916355,0.20376183138895004,0.48049306625577815,0.00011886418666079682,0.3688245652652432,0.1653863086066476,0.17454985692273828,0.14432093330398416,-0.10138674884437596,0.06154963680387409
#50,-0.2011204050187101,0.34795729694034777,0.12451243671582654,0.05737398195025314,0.10376623376623377,-0.03631741140215716,0.21009465111160028,0.36329077701959056,1.0,0.07591459388069557,0.0562359674224081,-0.22799031476997578,-0.21685450143077262,0.23243011226062074,-0.0018732115342284833,0.14695575610829847,0.08642967202289237,0.07464010565705481,-0.20456526524323135,-0.15241690512876954,-0.07887739379264803,-0.12956636583755227,-0.03136693814659916,-0.04525863966541933,0.09795069337442219,0.0250561303103676,-0.10816861104996699,-0.3597754787585296,-0.36840854061193046,-0.17813779440898084,-0.14710103455866166,-0.08354611490204711,0.12613911512216597,0.0075368699097512655,-0.31407880255337883,-0.14775698877393792,-0.04356812678846577,-0.17874312128549416,0.18429451904028174,-0.011316310807836232,-0.2503235747303544,0.06081003742020691,-0.26616552938586835,-0.39387189082104335,-0.10829407880255337,0.19381245872771297,0.1368633061853401,-0.27519260400616335,0.16430772617213296,-0.0637970504072199,0.04044684129429892,0.015025313669381465,0.0551551837992516,-0.15228483381025754,-0.0661435174994497,-0.21054589478318292,0.07885097952894563,0.06346907329958178,0.1704160246533128,0.08090248734316531,-0.07886198547215496,-0.0787871450583315,-0.22917455425930003,-0.41564604886638784,-0.10194805194805195,-0.17198106977767993,0.08313889500330178,0.1607660136473696,0.11751265683469073,0.061736737838432754,0.19388509795289458,0.021331719128329298,0.2142725071538631,-0.023486682808716706,0.04555359894342945,-0.10577591899625798,-0.0188399735857363,-0.02152542372881356,-0.24475016508914815,-0.2247259520140876,-0.3510015408320493,-0.18919876733436056,-0.38469953775038523,0.20263482280431433,-0.3380101254677526,0.37264582874752367,0.06182038300682369,-0.3504248294078803,0.08379925159586177,-0.10648910411622275,-0.31971824785384106,-0.1000528285274048,-0.1283909311027955,0.10658595641646489,0.11640325775918996,0.2176535329077702,-0.12507373981950254,0.3104402377283733,-0.024525643847677747,-0.26950693374422185,-0.1728329297820823,-0.010948712304644509,-0.19513097072419106,0.3244375963020031,0.06345146379044685,0.07837772397094431,-0.04475676865507374,-0.056588157605106756,0.17434074400176094,-0.1602443319392472,0.016874312128549417
#51,0.6082940788025534,0.45401276689412284,0.5837156064274708,0.6504138234646709,0.24505392912172574,0.029788685890380806,0.28655513977547875,0.603383226942549,0.07591459388069557,1.0,0.5796434074400176,0.06237068016729034,-0.16858683689192164,0.07838212634822804,0.29563944530046227,0.28529826106097295,0.8391701518820163,0.1844023772837332,0.020048426150121066,-0.2222870349988994,-0.18948492185780322,-0.1381884217477438,0.18450803433854282,0.2856944750165089,0.12443979749064495,0.002124147039401277,-0.13821483601144618,-0.2626700418225842,-0.08215936605767114,0.2026436275588818,0.23021351529826106,0.2578450363196126,0.26821263482280433,0.18323134492626017,0.06734536649790887,0.04046445080343385,0.2344486022452124,0.20557781201848999,0.28543473475676867,0.12301122606207351,-0.05559322033898305,0.0065067136253576935,-0.33365397314549855,-0.30060972925379703,0.061120405018710106,-0.10113581333920317,0.03675985031917235,-0.3052344265903588,0.11167950693374422,-0.3022364076601365,0.046834690732995815,-0.2671340523882897,0.015863966541932645,-0.13792648029936166,-0.08957296940347788,0.05300682368478979,-0.19396434074400176,-0.3292626018049747,0.1390975126568347,-0.008848778340303764,0.06642526964560863,0.09651771956856703,0.15601584855822143,-0.05961699317631521,0.019594981289896545,-0.21013647369579572,-0.11598062953995157,0.024723750825445742,0.12923398635263042,0.14890821043363417,0.2907241910631741,0.14076821483601146,-0.32131631080783624,-0.3127867048206031,-0.2487343165309267,-0.2691569447501651,0.07228923618754127,0.10070658155403918,0.3382324455205811,-0.03031256878714506,-0.3572265023112481,-0.31125467752586394,-0.1505877173673784,0.3045740699977988,-0.3038476777459828,0.0022650231124807397,0.10771516618974246,0.002229804094210874,-0.1878032137354171,-0.24589918556020252,-0.4101078582434515,0.11060752806515518,-0.1459520140876073,0.17821703720008805,0.1542174774378164,0.4785296059872331,0.15077481840193704,0.37769535549196565,0.05810697776799472,0.12674664318732115,-0.0664010565705481,0.41790006603565927,0.3516530926700418,0.4256636583755228,-0.15583975346687212,0.30659916354831607,0.01925379705040722,0.06519700638344707,0.06774158045344486,-0.10919436495707682,0.015194805194805195
#52,0.4214637904468413,0.2558485582214396,0.28830288355712086,0.22190843055249834,0.16805414924058992,0.26088928021131413,0.4287057010785824,0.2765991635483161,0.0562359674224081,0.5796434074400176,1.0,-0.035188201628879597,0.03749064494827207,0.18833590138674886,-0.015813339203169713,-0.09559101915034118,0.37316751045564606,-0.06334800792427911,0.12519700638344705,0.062080123266563945,-0.029892141756548536,0.08313449262601805,-0.060358793748624254,-0.06926700418225842,0.037508254457407,-0.10134932863746424,-0.029865727492846137,-0.02367378384327537,0.1007836231565045,0.26662117543473474,0.0912326656394453,0.05184239489324235,0.10084305524983492,0.036407660136473695,-0.01903808056350429,0.14018710103455867,-0.06669381465991636,-0.1311996478098173,0.03090909090909091,-0.0775148580233326,0.08239709443099273,0.3689368258859784,-0.21659476117103235,-0.22839533348007923,-0.21366277790006605,-0.1034140435835351,0.05833370019810698,-0.026473695795729692,0.09943869689632401,-0.04456746643187321,0.22827206691613472,0.07932863746423069,0.162260620735197,-0.010059432093330399,-0.06324235086946951,0.04447501650891481,0.06744662117543473,-0.012716266784063394,0.06976887519260401,-0.07927140655954215,0.19558661677305744,0.2763658375522782,0.1569667620515078,0.06933744221879815,0.15455205811138015,-0.11442879154743561,0.02275148580233326,0.38233766233766237,0.020814439797490644,0.0438168611049967,0.2458001320713185,0.10017609509134932,-0.14321153422848337,-0.1340744001760951,-0.16093550517279331,-0.0028549416685009904,0.2614990094651112,0.3242769095311468,0.2837772397094431,0.1738300682368479,-0.12502531366938147,0.06299361655293859,-0.06902707462029496,0.12039181157825225,-0.2580827646929342,-0.06046445080343386,0.0709222980409421,-0.0686814880035219,0.07825665859564164,-0.2492934184459608,-0.23848117983711203,-0.033149900946511116,-0.09440457847237509,0.13946951353731016,0.1251287695355492,0.20616773057451024,-0.0015232225401716926,0.15724851419766675,0.08306405458947831,0.264488223640766,0.22167730574510236,0.16070217917675544,0.16057010785824344,0.08194585075941008,0.1222342064714946,0.343647369579573,0.14877613911512216,0.27431212854941667,0.1571582654633502,-0.1176667400396214,-0.017823024433193925
#53,-0.02902487343165309,-0.04086946951353731,0.024347347567686552,-0.11401276689412283,0.46358793748624255,0.5072397094430993,0.15302223200528287,-0.05782742681047766,-0.22799031476997578,0.06237068016729034,-0.035188201628879597,1.0,0.6549966982170372,0.2606075280651552,-0.28205150781421967,-0.16043143297380585,0.1069997798811358,0.057961699317631524,-0.15028175214615894,0.21456306405458947,-0.3376799471714726,-0.17906669601584857,-0.32724631300902485,-0.12554039181157825,-0.517525863966542,-0.3421307506053269,0.07615452344265904,-0.005923398635263042,0.6129694034778781,0.44903587937486245,0.1426502311248074,-0.007158265463350209,-0.39310147479639007,-0.14906229363856482,0.029995597622716266,0.2517785604226282,-0.12579132731675105,0.03284833810257539,-0.4312128549416685,-0.21426370239929562,0.09037640325775918,0.3232137354171252,0.31316310807836234,0.31705480959718246,-0.034987893462469735,-0.053843275368699095,-0.011199647809817302,0.06938366718027734,-0.056966762051507816,0.20731234866828088,-0.05597842835130971,-0.048459167950693376,-0.3686880915694475,0.09701738939027074,-0.13716046665199208,0.12709663218137796,0.20616112700858463,0.2301716927140656,-0.447277129650011,-0.41224521241470397,-0.0548448162007484,-0.06991635483160907,0.43762271626678406,0.42611490204710545,0.01463350209112921,0.26313449262601807,0.35003742020691175,0.16721549636803873,-0.4285163988553819,-0.29426150121065375,-0.3706449482720669,-0.3282236407660136,-0.09961259079903148,0.013255558001320713,-0.05554479418886198,0.18820383006823685,-0.0261699317631521,0.13196786264582874,0.2887211093990755,0.32387189082104334,0.5605084745762712,0.5964318732115342,0.526154523442659,-0.1825445740699978,0.6646753246753246,-0.18936825885978428,-0.03847237508254457,0.29128109178956635,0.16376183138895004,0.24997138454765575,0.44293198327096633,0.3005877173673784,0.10195465551397755,-0.31285053929121726,-0.1859718247853841,-0.020570107858243453,-0.018828967642526964,-0.33924058991855605,-0.35270085846357035,-0.10896324014968083,-0.27606647589698435,0.14395113361215056,0.23031256878714507,-0.3791327316751046,-0.43239489324235086,-0.505659255998239,-0.4560378604446401,-0.2140611930442439,-0.34303764032577594,-0.19645608628659475,-0.283647369579573
#54,-0.298729914153643,-0.21837992515958618,-0.2593858683689192,-0.325379705040722,0.14888179616993177,0.7651529826106097,0.1832489544353951,-0.3800814439797491,-0.21685450143077262,-0.16858683689192164,0.03749064494827207,0.6549966982170372,1.0,0.28176975566806073,-0.330132071318512,-0.3409883337001981,-0.1524323134492626,-0.21532467532467534,-0.08223200528285274,0.33404578472375085,-0.18509575170592119,-0.061558441558441555,-0.3668897204490425,-0.291221659696236,-0.5798723310587718,-0.35280651551837994,0.22387409200968522,0.17237068016729035,0.6589082104336341,0.48680167290336784,0.0048139995597622715,-0.19514637904468413,-0.49815320272947394,-0.35083865287255117,-0.13788685890380806,0.42485582214395773,-0.364884437596302,-0.3279969183359014,-0.49014747963900507,-0.3694827206691613,0.14967422408100375,0.47030816640986134,0.3297974906449483,0.3389874532247414,-0.0921087387189082,-0.020314769975786923,0.017406999779881135,0.26983270966321815,0.12377063614351749,0.4201826986572749,0.23275588817961698,0.21396654193264364,-0.14510675764913053,0.02205150781421968,-0.22595201408760732,0.014349548756328417,0.4315364296720229,0.3807307946290997,-0.380759410081444,-0.3733546114902047,-0.11176095091349329,-0.10584415584415584,0.415445740699978,0.4828945630640546,0.13466872110939906,0.4191217257318952,0.4983711204050187,0.39559982390490867,-0.5236209553158706,-0.27469073299581775,-0.42122386088487784,-0.29354611490204713,-0.09971384547655734,0.005456746643187321,-0.06895663658375523,0.2406977767994717,-0.0249570768214836,0.10989214175654853,0.2951948051948052,0.4711248073959938,0.7312084525643847,0.7552366277790007,0.5441866607968303,-0.29533788245652653,0.5997182478538411,-0.27921197446621177,-0.27335461149020474,0.23598062953995158,0.27230244331939246,0.11430772617213295,0.5806075280651551,0.14378164208672684,0.03823024433193925,-0.3281399955976227,-0.3525181598062954,-0.34463790446841297,-0.1488597842835131,-0.41186220559101916,-0.36067576491305303,0.06638344706141316,-0.0009971384547655733,-0.08661457186880915,-0.008776139115122166,-0.5177790006603566,-0.19631080783623156,-0.39117763592339866,-0.2777701959057891,-0.19621835791327316,-0.34223200528285275,-0.15988553819062293,-0.28517719568567024
#58,-0.09917675544794188,0.19102575390710985,0.060114461809377066,-0.05347787805414924,0.19125467752586398,0.47439797490644947,0.4958815760510676,0.06649130530486462,0.23243011226062074,0.07838212634822804,0.18833590138674886,0.2606075280651552,0.28176975566806073,1.0,-0.35583975346687213,-0.2160114461809377,0.06672903367818622,0.012799911952454326,-0.12244772176975567,-0.01550957517059212,-0.07878274268104776,0.018674884437596302,-0.272491745542593,-0.26657274928461366,-0.14438917015188202,-0.3026304204270306,-0.17111600264142637,-0.13243671582654634,0.14578032137354172,0.24861765353290777,0.041439577371780764,-0.17684569667620514,-0.22946290997138455,-0.07826106097292539,-0.16398415144177855,0.012069117323354611,-0.24139555359894344,0.0048139995597622715,-0.3108430552498349,-0.33108518600044023,-0.23402157164869028,0.24810477657935284,0.24602245212414703,0.12292317851639886,-0.0013999559762271627,0.12469513537310148,-0.2742196786264583,-0.05240810037420207,0.03519260400616333,0.10508474576271186,0.08594761171032357,0.10145718688091569,-0.09551397754787586,-0.117409200968523,-0.10517939687431213,-0.16795509575170592,0.4605128769535549,0.17105657054809598,-0.05156064274708343,-0.07337882456526525,0.0829672022892362,0.0640083645168391,0.22446180937706361,0.21432313449262602,-0.024435395113361215,0.012071318511996477,0.640033017829628,0.3403764032577592,-0.1488531807175875,-0.12828527404798593,0.12900946511116002,-0.07062073519700639,0.22406119304424388,0.06559101915034118,0.1858529605987233,0.2863724411182038,0.2782874752366278,0.27133612150561304,-0.04290116662998019,0.044041382346467095,-0.0037442218798151,0.3116156724631301,0.05398855381906229,0.06267444419986792,0.3506383447061413,0.0734272507153863,0.06006163328197227,-0.10559762271626678,0.18895663658375522,0.28519920757208894,0.21150561303103677,0.28292317851639887,0.2710807836231565,-0.10795949812898965,-0.007070217917675545,-0.07966982170372001,-0.19610169491525423,-0.08336781862205592,-0.23569007263922517,-0.0225709883337002,-0.03278450363196126,0.08261501210653753,-0.0022958397534668723,-0.22886858903808055,-0.09750385208012327,-0.12558001320713186,-0.055353290777019594,0.06859123926920536,0.11905128769535549,-0.224488223640766,-0.16597402597402597
#101,0.05719568567026194,0.1731719128329298,-0.06318291877613912,0.16535108958837771,-0.28209993396434074,-0.3291569447501651,0.08770195905789126,0.02172132951793969,-0.0018732115342284833,0.29563944530046227,-0.015813339203169713,-0.28205150781421967,-0.330132071318512,-0.35583975346687213,1.0,0.6774488223640766,0.15423068456966763,-0.030367598503191724,0.20545234426590359,-0.15064054589478318,0.27698437156064276,-0.08620515078142196,0.5208694695135373,0.3079000660356593,0.2431366938146599,0.03549196566145719,-0.24301562843935726,-0.4641448382126348,-0.21661237068016728,-0.30255558001320715,0.07098613251155624,0.1637640325775919,0.3827096632181378,0.027779000660356594,0.21255558001320712,0.0312788906009245,0.5549284613691393,0.12977988113581335,0.5509289016068677,0.1876535329077702,-0.01851419766674004,-0.23427030596522122,-0.16560422628219237,-0.18461149020471054,0.2968412942989214,-0.2696632181377944,-0.008908210433634163,-0.3938961038961039,-0.12130970724191063,-0.41813779440898086,-0.17754787585296058,-0.43709222980409423,-0.05309267004182258,-0.09030376403257759,0.18766453885097953,-0.0026304204270305967,-0.28388729914153643,-0.49918556020250937,0.1476139115122166,0.004312128549416685,-0.21685009905348887,-0.20572309046885318,0.06148580233325996,-0.15155844155844156,-0.2695135373101475,-0.31294078802553377,-0.33748624257098836,-0.1528813559322034,0.4693814659916355,0.44211754347347565,0.1249966982170372,0.06815320272947392,-0.1897160466651992,-0.5852586396654194,-0.1371714725952014,-0.5762403697996918,-0.37710763812458725,-0.4115166189742461,0.35340303764032577,-0.12229804094210873,-0.2210411622276029,-0.4213625357693154,-0.2583116883116883,0.2632335461149021,-0.4918203830068237,-0.19317411402157164,-0.2306977767994717,-0.11463570327977107,-0.27391811578252256,-0.30972265023112483,-0.5112018489984592,-0.318531807175875,-0.4012590799031477,0.19394673123486683,-0.047380585516178735,0.08664758969843715,0.020887079022672242,-0.03666960158485582,-0.17012987012987013,-0.16095751705921196,-0.19938586836891922,0.11714285714285715,0.036361435174994496,0.2794651111600264,-0.05760290556900726,0.12143517499449703,0.09210433634162447,-0.15164428791547435,-0.024721549636803872,0.10594981289896545,0.23609729253797052
#102,0.020455646048866388,0.44215056130310365,0.2074488223640766,0.19452784503631962,-0.08554039181157826,-0.3781421967862646,0.233086066475897,0.12994937266123707,0.14695575610829847,0.28529826106097295,-0.09559101915034118,-0.16043143297380585,-0.3409883337001981,-0.2160114461809377,0.6774488223640766,1.0,0.28981950253136696,0.29382126348228044,-0.050521681708122386,0.025687871450583315,-0.17504072198987453,-0.19260620735197007,0.19637244111820382,0.5019326436275588,-0.012562183579132732,0.028232445520581115,-0.35685230024213077,-0.5000770416024654,-0.2889126128109179,-0.200396213955536,0.23182698657274928,0.09514637904468413,0.12337442218798152,-0.0623992956196346,0.012819722650231125,0.0649636803874092,0.37759630200308164,0.20572309046885318,0.29168390931102794,0.10532907770195905,-0.17372220999339644,-0.13016729033678187,-0.28745542593000223,-0.006539731454985692,0.38278450363196126,0.11644287915474356,0.021366938146599162,-0.37670922298040943,0.08569887739379264,-0.1756152322254017,-0.11180717587497249,-0.33797490644948275,-0.2554523442659036,-0.19751705921197446,-0.243317191283293,-0.19100154083204932,-0.3350209112920977,-0.31584635703279773,0.13988333700198108,0.16086726832489545,-0.43564164648910414,-0.40884437596302003,-0.044501430772617215,-0.3365991635483161,-0.16418225841954656,-0.13270085846357033,-0.1739225181598063,0.010125467752586397,0.2877261721329518,0.34907990314769977,0.23337001981069777,0.0314307726172133,-0.22370019810697778,-0.43586396654193266,-0.33413163108078364,-0.6067774598283073,-0.5818666079683029,-0.48430772617213297,0.1565969623596742,0.027893462469733656,-0.31552938586836893,-0.46182258419546557,-0.2993418445960819,0.17314109619194365,-0.2802575390710984,-0.15084745762711865,-0.15524323134492626,-0.1715034118423949,-0.2572749284613691,-0.18045784723750827,-0.3131432973805855,-0.10083865287255117,-0.1296962359674224,0.1433348007924279,0.11116222760290558,0.30109178956636584,0.17303323794849218,0.07782522562183579,-0.23671362535769316,-0.20750605326876514,-0.34603345806735636,0.35200088047545675,0.2057076821483601,0.34720228923618757,-0.24497908870790228,-0.1738895003301783,-0.23992956196346027,-0.442987012987013,-0.2290953114681928,-0.08525863966541933,0.00650891481399956
#201,0.4621725731895223,0.4898371120405019,0.7700704380365397,0.6087321153422849,0.25151441778560424,-0.024389170151882016,0.16541712524763372,0.5721923838872991,0.08642967202289237,0.8391701518820163,0.37316751045564606,0.1069997798811358,-0.1524323134492626,0.06672903367818622,0.15423068456966763,0.28981950253136696,1.0,0.5044684129429892,-0.0661897424609289,-0.35837112040501873,-0.3879969183359014,-0.3153664979088708,0.1561963460268545,0.2787012987012987,0.17093770636143518,-0.07053709002861545,-0.03712744882236408,-0.2214571868809157,-0.06178956636583755,0.1873629760070438,0.49296940347787804,0.18873211534228485,0.17705260840854062,0.10974466211754347,-0.04476997578692494,0.0004952674444199868,0.06763812458727712,0.11774158045344486,0.14773717807616113,-0.040347787805414925,-0.0763086066475897,-0.06821043363416245,-0.3614571868809157,-0.2748448162007484,0.18022892361875412,0.09940127668941229,0.12029936165529385,-0.24959938366718026,0.36485582214395773,-0.0936715826546335,0.16976007043803654,-0.20306405458947832,0.05628659476117103,-0.24054369359454106,-0.29846577151661896,-0.10918556020250936,-0.1648250055029716,-0.3431300902487343,0.18479418886198548,0.007182478538410742,-0.03933744221879815,-0.09302663438256659,-0.011547435615232226,-0.142590799031477,0.07697996918335902,-0.10455205811138014,-0.06714725952014088,-0.03812678846577151,0.04751926040061633,0.05570107858243451,0.3493000220118864,0.13585736297600703,-0.39950473255558,-0.34128329297820825,-0.40784283513097075,-0.33469073299581775,-0.032359674224081,8.36451683909311e-05,0.23461809377063614,-0.08877834030376404,-0.32318291877613914,-0.3830464450803434,-0.06802113141096192,0.1976601364736958,-0.19060532687651333,0.060224521241470395,0.18142857142857144,0.08840854061193044,-0.2806141316310808,-0.1252014087607308,-0.28666299801893025,0.3292868148800352,0.014334140435835351,0.2203764032577592,0.22353951133612152,0.7205899185560203,0.28295179396874315,0.5113735417125248,0.04223200528285274,0.17117103235747302,-0.07914813999559762,0.6491987673343605,0.5395729694034779,0.47940788025533787,-0.3151992075720889,0.19624036979969184,-0.030030816640986134,-0.10794408980849658,-0.08895443539511336,-0.1934866828087167,-0.16481399955976228
