,#10,#11,#12,#13,#17,#18,#26,#49,#50,#51,#52,#53,#54,#58,#101,#102,#201,#202,#301,#302,#401,#402,#501,#502,#601,#602,#701,#702,#801,#802,#901,#902,#1001,#1002,#1101,#1102,#1201,#1202,#1301,#1302,#1401,#1402,#1501,#1502,#1601,#1602,#1701,#1702,#1801,#1802,#1901,#1902,#2001,#2002,#2101,#2102,#2201,#2202,#2301,#2302,#2401,#2402,#2501,#2502,#2601,#2602,#2701,#2702,#2801,#2802,#2901,#2902,#3001,#3002,#3101,#3102,#3201,#3202,#3301,#3302,#3401,#3402,#3455,#3501,#3502,#3601,#3602,#3701,#3702,#3801,#3802,#3901,#3902,#4001,#4002,#4101,#4102,#4201,#4202,#4301,#4302,#4401,#4402,#4501,#4502,#4601,#4602,#4701,#4702,#4801,#4802
#10,1.0,0.4706506120046398,0.4348760409272693,0.30283409220754487,0.31464785928221467,0.10562706670590884,0.5270727653607105,0.7537785010647322,0.30169578089022003,0.6502441093471374,0.7267230484236769,0.2663280587247451,0.1799722130849535,0.5484215127854435,-0.17858935960249997,-0.17671525769983207,0.21005739166565676,0.2925741417219231,-0.1570977822406122,-0.13691764339260054,-0.34114714080434894,-0.2643998545731549,0.18380265230865117,-0.09708756773601565,-0.05410874119215388,-0.029979138172815566,-0.33369185090285836,-0.2438886099617389,0.07764971174321775,0.010253458215751113,0.24197122625993317,-0.0518818926265127,0.14786793857447067,0.00695754921140562,0.011101781478852513,0.042429147694811375,0.19512733505306348,-0.14546147054240752,0.17452952684337183,-0.04890194075587334,-0.06668210384169249,-0.1260495836290923,-0.17725195200914112,-0.24152325963885668,-0.09008240854555842,-0.264358736863974,-0.20032547912951645,-0.07763239902356261,-0.1854213915964059,-0.15286265819497585,-0.2999428680251381,-0.049525198663458045,-0.11413843250636242,0.16465262028011982,-0.05197711258461592,-0.0285486747113104,-0.10536521182112497,-0.08304478800574783,0.2784015165942418,0.19150681255518429,0.08321575111234224,0.07838766641851769,-0.14540736829348522,-0.067926455566905,-0.08171820086217343,0.003925659181800869,0.17689920534616782,0.13082789425390834,0.20578331400079639,0.17902001350392133,0.3980324094111944,0.3659497758002805,-0.04444607953463409,0.107356174581465,-0.1425875590796558,0.08869306279323419,0.08814987621405447,0.24232397292290647,0.07149936808573258,-0.028198092138294006,-0.28605157459185265,-0.29750826682363535,0.20717265975312063,0.1619323592043074,-0.04797138207441007,0.1726640813005315,-0.06682276968889042,-0.1982176555115043,0.06700022506535552,0.02772199234777791,-0.10799241702879105,-0.06698507643565728,-0.08212072159415523,0.10741027683038729,0.03588926784508578,0.28931718633680165,0.23084563979155487,0.06357014248368276,0.17539299873617145,0.027473122002735408,0.10863731583594467,0.25510725229826353,0.09588216963002719,0.2778085559460536,0.2438301795329028,0.09869981475389969,0.27090294489361333,0.10934064507193435,0.0011556240369799693,0.16246688942365956,0.19116272225203856
#11,0.4706506120046398,1.0,-0.12259136787797995,-0.2394673741798099,-0.08204714253562093,-0.15189314589428854,0.5743256695694327,0.6049735115389276,0.844453870258479,0.40738777029483564,0.5351361645400876,-0.125099548138017,-0.10143306036945343,0.18664843060196326,0.1548211596059625,0.26058239988919857,-0.19627863091012968,-0.10201303647790032,0.2584118176624366,0.2560443032495975,-0.024631671889337094,0.1724866259240664,-0.09669153927390453,-0.1282677758349059,-0.08143470507782068,-0.07111416007340593,-0.4453913540278042,-0.34207986357576914,-0.01667214902789079,-0.1468876058239989,-0.2040347293156282,-0.11520100067519606,-0.261989058361178,-0.26940323055348764,-0.09486937553020204,-0.2890596596319316,-0.017836429424698326,-0.26640163778327935,-0.009918024272432956,-0.19863532487318433,-0.23243840999982687,-0.1756115718218175,-0.010859403403680684,-0.033779280137116736,-0.11768537594570731,-0.24357481691798966,-0.39605010301068194,-0.3517663302228147,-0.18857447066359653,-0.33691634493862643,-0.5452359723688994,-0.27755319333114037,-0.39155312408026177,-0.03394158688388359,0.029565796991049324,-0.12385736050276137,0.014044943820224719,-0.06967936843198698,0.0020082754799951525,-0.17124876646872458,-0.16336931493568324,-0.16519580685929952,-0.04120643686916778,-0.1279193573518464,-0.11447386644968058,-0.04600422430359585,0.10129888679212617,0.2959977320337252,0.37421010716573466,0.18867185471165665,0.26353638268035523,0.11644535240040858,0.21081265906061183,0.14210063883935528,0.2307049739443569,0.06830949948927477,-0.007035456449853708,0.027492598812347432,0.08736431155970291,0.1291637090770589,-0.03601911324249926,-0.3537572929831547,-0.03501064732258791,0.06981137791935735,-0.30538122608680596,-0.13733314866432367,-0.31509366181333426,-0.22985015841138484,-0.2279630719689756,-0.0468655321064386,-0.2642959782552241,-0.34090259863922023,-0.28217568947906024,-0.2837922646768581,-0.34749008846799745,-0.03202636727203476,0.14041481276293694,-0.29096189470403905,-0.20905325392565918,-0.3533396236214747,-0.2500476099790516,-0.17821930021987153,-0.2430381226086806,-0.32548129360641265,-0.3117631273696785,-0.2520926749883139,-0.2552890358546424,-0.13357628849916034,-0.1090528211076678,-0.21174538183203198,-0.28717473727947923
#12,0.4348760409272693,-0.12259136787797995,1.0,0.715469780647842,0.4171218469209328,0.4666968196533994,0.15156204013088417,0.08750497740690084,-0.3521472100552276,0.6331694395872648,0.3310559893353647,0.5012551721749969,0.4606070705147072,0.25295181870119976,-0.4197577084884265,-0.5854490919478541,0.8909190457228926,0.8329841934869548,-0.5508323089974204,-0.5658922110074271,-0.34993118193937084,-0.6201524384965634,0.433168573951282,-0.1713136891674313,0.19695815515659354,-0.07286923702844479,0.036179255899309225,0.04510179879157217,0.11076894444348262,0.019028842990945448,0.6522264157476498,0.37379676598396844,0.6078387666418518,0.4491460501030107,-0.060170357161406486,0.07681653710981458,0.2509478714011184,-0.14355923547030003,0.2816216824500961,0.10237011132078738,0.04690664981561954,-0.39529483561572687,-0.3333520887796264,-0.48789408078114993,-0.07119855958172469,-0.27384827132494244,0.05448529284465296,0.002592579768355811,-0.12309776492789253,-0.04031266771697166,0.19496070012638286,0.29375789892834264,0.28606672322155086,0.2803167362060906,-0.09633662852097435,-0.03157623656100137,-0.1474394487630062,-0.4786620730250515,0.40500294316234137,0.26753778501064734,0.31932878585897057,0.2821302435899655,-0.3191318536728935,-0.3157039351811776,0.17609849206211803,0.2284629767490175,-0.10068644933432593,-0.1505773792004986,-0.09113848444452138,-0.014901923443153685,0.31963175845293534,0.5807962985405377,-0.47974844618341095,0.13697390973147971,-0.5310936445006146,-0.09594276414882014,-0.005459998961236821,0.18390220044666816,0.015256834196083863,-0.14072860580668617,-0.23705657796783297,0.03616843544952476,0.2904403490244282,0.3205103789754333,0.3422962725714582,0.40156853240075485,0.40726008898737903,-0.11073215491421548,-0.02072765360710514,0.14034989006423018,0.07896547843700767,0.3906160731289278,0.30982410276830386,0.4812568168833642,0.44821549142154743,0.6726987067398418,0.46290533404892575,0.6183908692716539,0.7036322085836464,0.4835529163276259,0.5420677446720106,0.6683164245771368,0.5853365592700958,0.5978211942314018,0.5880351794463392,0.455233635151746,0.5483587541766937,0.2931151642111459,0.09294766364848255,0.35324873184328526,0.3568129880022853
#13,0.30283409220754487,-0.2394673741798099,0.715469780647842,1.0,0.5983037862917886,0.6279020446321912,0.15189314589428854,-0.037549124842021435,-0.37349162930004676,0.5869401499281522,0.19650586035560327,0.6004397430792403,0.5379841069233566,0.24231098838316512,-0.12807733591869946,-0.4746801475043715,0.6388480116341476,0.5302907671266079,-0.2577171447862745,-0.35401049150811104,-0.1742828205882862,-0.34811118228562526,0.38140570627239834,0.05119371202022126,0.05043195235539551,-0.05010301068194803,-0.04166305985007185,0.10676537802323367,0.3849115320025623,0.32932688145980854,0.5498974221360433,0.3408398400304704,0.3552396946036253,0.4914886341995464,0.19117137861186614,0.28584165786603416,0.2885251294125794,0.19221663406104464,0.2625776908294524,0.3416318969546926,0.29651711362337907,-0.14693954398296427,0.06615839407212479,-0.22811888644587178,0.2354053773307249,0.12244420976091135,0.06703917868457956,-0.02931476255604993,-0.08335641695954017,-0.0362355222381884,0.11544554284032478,0.08715655892384135,0.09483691418084866,0.2605261335503194,0.05499601807447932,0.14358087636986894,-0.26862415816900675,-0.33272233860217104,0.22743070583958033,0.22767957618462284,0.1934544935163865,0.21778319281175879,0.041059278752099165,0.10153477259742733,0.10370751891414623,0.14797397898235834,0.2462842575440176,0.1426481535984488,-0.1426697944980177,0.03878265611744949,0.052271428818753136,0.3127910700992019,-0.3702909402538045,-0.018842731254652793,-0.4240642475026402,-0.18067770641090009,-0.18644500614601547,-0.049440799155139284,0.4223654368864805,0.1900828413635498,0.023413289243607277,0.3180801059538443,0.17895725489517147,0.34738404806010975,0.4101383286300445,0.1874880975052371,0.2848245355862952,0.07044112809681273,0.06313299631239071,0.2932168764391198,0.2828660341753086,0.33858053011547584,0.44910276830387286,0.3496974602240266,0.3568822388809058,0.38152473122002734,0.23636839736154153,0.2917950693374422,0.4479666210765049,0.2341783383251675,0.18023623205969425,0.5843757033292359,0.5340086736725472,0.347319125361403,0.35765265490555914,0.12886290057305103,0.19846219767663303,0.06223057080036703,0.051535638233410085,0.20698221983691417,0.2655295095306522
#17,0.31464785928221467,-0.08204714253562093,0.4171218469209328,0.5983037862917886,1.0,0.7152988175412476,0.25274623015529507,-0.005799761084468759,-0.1516269628295909,0.413215664548744,0.3101378958120531,0.7378010249130036,0.6984405567770641,0.334494728276865,-0.21968326379390937,-0.4390548986340264,0.31546588528591957,0.32455506310486315,-0.1627547133879261,-0.14585533491456174,0.0009608559408597496,-0.2010136597358079,0.15642475026401897,-0.04204177559252783,-0.14520394383753743,-0.20811836706428213,0.05104871799310954,0.0618388705181697,0.3642812624435173,0.33376975814130644,0.343038555426672,0.2444880628797978,0.08019900971243572,0.2810979726805284,0.15294705770329461,0.3851798791572168,0.17839459150637973,0.24137393743183116,0.07029396997974412,0.2474788352002216,0.0901365107944807,-0.13336637177334187,0.1687449143886013,-0.09350167067744672,0.3490482332369592,0.2353772441612853,0.061979536365367634,-0.019173837018057166,0.11175793355378197,-0.08274830768165371,0.04604534201277679,0.005516265300115996,0.03328153944703174,0.041156662800159276,0.05682900226796628,0.09954380983708731,-0.17882308131784422,-0.2619717456415228,0.034882966015131314,0.12816173542701823,-0.06599608732535794,-0.025947438583127022,0.14150984228112395,0.05344869375530202,0.1152659233739028,0.30553054829383147,0.2834178771143159,0.2727294368172296,0.019500614601547756,0.16501185921296377,0.13414977233773653,0.31943915444677207,-0.27238967469399766,0.08911073215491422,-0.08965608282405083,0.030810148716261837,-0.2917149980090372,-0.21889553504960094,0.42729523380827894,0.2824786620730251,0.29560386766157093,0.35219914821419296,-0.1556716469590208,0.5733193677394782,0.5090134346704523,-0.0396547843700767,0.06567363792178113,-0.03549973165284535,-0.1279712955108118,0.4334369211059365,0.24603755128893198,0.18138969200671734,0.30914674261179687,0.053669430930904934,0.11419902702515539,0.12503678952926714,0.059642319211925005,-0.04804712522290126,0.05953411471408043,-0.004126919547791762,-0.06731618219906164,0.5478653416665223,0.3751493222070255,0.05725316389951698,0.06452883433458562,-0.14415219611848826,-0.09513988677481346,-0.1563987811845363,0.06303128408441683,-0.011467512681567147,0.050395162826128354
#18,0.10562706670590884,-0.15189314589428854,0.4666968196533994,0.6279020446321912,0.7152988175412476,1.0,0.20488521666868648,-0.04434869548657398,-0.19341770398711933,0.4485768944443483,0.28355637887155694,0.6896976333512231,0.8488339883312269,0.19061520749294505,-0.002514672529907723,-0.3693409047627292,0.5248827063243365,0.49474775367462476,-0.15705233635151747,-0.22310901819566836,0.06183237824829903,-0.235024497498312,0.3662635688440297,-0.0535525700732328,0.009162756877477883,-0.15285400183514827,0.0745420785651218,0.0009175741417219231,0.5379105278648223,0.44019753813126505,0.34816961271446134,0.4135554266719759,0.11477900313360226,0.2934203008950676,0.16643583040459825,0.273359186994685,0.1885290247745018,0.2374244732605045,0.012601495818978204,0.1928788455878534,0.14672313498727516,-0.1483332179152023,0.20009392150412908,-0.061665743321618394,0.2857680788074999,0.11973909731479718,0.02967616557885078,-0.1030885891864753,0.020816381295337683,-0.13804297017018402,0.028914405914025033,-0.06284733643808106,0.04508232198196015,0.04686120392652482,0.11657086961790827,0.0013806893924966674,-0.2019810079465383,-0.40967088519935596,-0.058389311126884925,-0.03032755665587507,-0.05496139263516906,0.016877737573795466,0.1242750298644414,-0.09419201537369505,0.12929355447447238,0.29949706549401844,0.294926507505064,0.2558863246827444,0.1919028410172954,0.19756626443448,0.15215716486902928,0.4400157545748862,-0.2135697096656914,0.134677810287218,-0.12620756219594537,-0.04832196464742646,-0.3780643513789581,-0.24823626668513357,0.45233159051955474,0.4087901005869012,0.3458713491802427,0.5545372310036184,-0.1485539550908052,0.5472442478488946,0.6124829036893406,-0.036146794549955855,0.08911073215491422,-0.08702238534651409,-0.07181532521943872,0.39809733210990117,0.15101019719187686,0.21567753328370354,0.29573154896902754,0.031509149772337736,0.09300609407731861,0.16053002891224183,0.26761785633905233,0.04287495022593099,0.21897344228804902,0.032017710912207197,-0.03900988556292308,0.7020783919945984,0.480105521026298,0.09958059936635447,0.030236664877685636,-0.09891405965963193,-0.09781037378161736,-0.1313667526531743,0.017379806443794256,-0.07224165094094631,-0.06798272190578418
#26,0.5270727653607105,0.5743256695694327,0.15156204013088417,0.15189314589428854,0.25274623015529507,0.20488521666868648,1.0,0.6221260885372483,0.5914025034192621,0.6356667993975174,0.7672369765066395,0.19594103287685463,0.31848695486573986,0.5544290265057737,0.1987933034400374,0.10855724450753969,0.10090935059988573,0.16938548501584114,0.20155035404511695,0.14312858156887864,-0.10532409411194404,0.0276246082997178,0.2016910198923149,-0.03545212167379374,-0.23042580633991794,-0.12308910856806496,-0.42459877772199234,-0.2774363324734683,0.2248965565000606,0.2885835598414155,0.07301423105555652,-0.0022398331053825244,-0.19909627603400218,-0.013739807136303041,0.046415401395405204,0.056943699035681514,0.14629897335572445,-0.011238119146136667,-0.030849102335485882,0.004096622288395284,-0.16446650854382716,-0.028334429805578158,0.07033725177888195,-0.07423261370128634,-0.10352140717785357,-0.27228796246602377,-0.3393660947698274,-0.34454259794671144,-0.0658316164886342,-0.28802306054258064,-0.37702558819965026,-0.14980047090597462,-0.4091644881494434,0.01868908086771351,-0.1277440660653382,-0.006368916743131179,-0.34920837589376913,-0.2467084191755683,-0.11488937172140372,-0.04140553314520178,-0.24507236716815844,-0.20759465729471444,0.038200515919045726,-0.02551462059174876,0.02137904468412943,0.13885666799397517,0.41205571233185023,0.5492438669690621,0.4325756133030938,0.37651486296982395,0.46050968646664703,0.3937453472065927,0.1290187150499472,0.22041039801942486,0.13736561001367706,0.10786473572133447,-0.27913514308962795,-0.10097643738854936,0.28040762798428004,0.2964716677342844,-0.033400564394660756,-0.08040027007842662,-0.09380031509149772,0.2617639930056613,-0.15138674884437597,-0.1925802011738024,-0.33786205224978794,-0.19548873807586434,-0.04486591298627101,0.02950953065217015,-0.050537992763283184,-0.27481994771558665,-0.13968984262737832,-0.2761573553089455,-0.2440617371582902,0.03933233496649989,0.20843648828794514,-0.22522766226346497,-0.08593601218815464,-0.25533880992365093,-0.2448581222624262,0.218077509045896,0.022984799432142794,-0.0818545385294576,-0.10727393916310313,-0.2804184484340645,-0.14926377659666556,-0.2784058447741556,-0.09347137341805024,-0.24494468586070187,-0.1752609892488011
#49,0.7537785010647322,0.6049735115389276,0.08750497740690084,-0.037549124842021435,-0.005799761084468759,-0.04434869548657398,0.6221260885372483,1.0,0.5993706826405361,0.5483176364675126,0.6707683384982946,0.00026401897474074204,0.003754696075206454,0.5454588736344592,0.06879641972957531,0.00984011703398487,-0.00695754921140562,0.1066571735253891,0.1358009729748446,0.08939855611918077,-0.16728198957774276,-0.10552102629802115,0.150629317359464,-0.08528462111113035,-0.07175689479060265,-0.042918232025068816,-0.28547592666331956,-0.25283279375357076,0.11816796800609408,0.031816450546216304,0.11145496095981718,-0.11356494866778623,0.03913323869046589,-0.1074081127404304,0.04286196568618964,-0.07926628694101556,0.2850063191426741,-0.13209821505860356,0.16436263222589637,-0.05643080971589827,-0.11133810010214505,-0.04970048994996624,-0.03379659285677187,-0.08061451498415886,-0.14947585741244093,-0.3290866674745936,-0.1691236301310573,-0.11839303336161078,-0.04210669829123457,-0.22241434531950624,-0.4073618012153529,-0.2989906684441059,-0.24550085697962293,-0.06986331607832275,-0.012374266373504614,-0.15745702117345614,-0.06817316182199061,-0.07891354027804227,0.08690768857879884,0.05263932411142466,-0.007498571700628452,-0.034763941067502295,0.0008721282526272052,0.03087939959488236,-0.011530271290316996,0.0444698845241599,0.2390237357386472,0.2914920967434774,0.30621223663025227,0.20564264815359845,0.2546679420370146,0.2001177264936549,0.11221888471459981,0.03737166946555635,0.14694820034279185,0.08475658316164886,0.023242326137012864,0.08366804591333253,0.097697841103859,-0.0038693928429216944,-0.333120531154239,-0.32249701355585947,0.0965984834057582,0.08288897352885165,-0.28898824466335415,0.04378386800782535,-0.27829114800644034,-0.29630286871764683,0.10510335693634112,-0.15371098145807724,-0.24752211699935944,-0.3124513079759699,-0.35032504631152506,-0.1908619137480307,-0.263023493360572,0.03556249026159519,0.07909315974446426,-0.13896703658177664,0.028429649763681376,-0.23113995602569207,-0.13122175862606256,0.12305881130866848,0.019498450511590867,0.16719326188951023,0.1418690812139679,-0.010452554491785114,0.16146491577361888,0.03899473693322484,-0.08333044788005747,-0.06472793061061963,-0.08146283824726026
#50,0.30169578089022003,0.844453870258479,-0.3521472100552276,-0.37349162930004676,-0.1516269628295909,-0.19341770398711933,0.5914025034192621,0.5993706826405361,1.0,0.27244594103287684,0.47937622271082564,-0.23714963383597928,-0.11888211769186821,0.16448814944339607,0.36329010924326105,0.47046450026834713,-0.35407541420681776,-0.22734847042121847,0.43813732449230447,0.3984089610636935,0.10935579370163259,0.3666444486764426,-0.10917401014525371,-0.06688985647755406,-0.18237435293710288,-0.17365090632087393,-0.4819211925001298,-0.2974520004847562,-0.017884039403749934,-0.10005669915687056,-0.2903018472671872,-0.19229670538944962,-0.4265875763923755,-0.35771974169422277,-0.05166331954086668,-0.3166496424923391,-0.09272259829296584,-0.2450334135489344,-0.10787122799120513,-0.22062031474524332,-0.2618332438842818,-0.04600422430359585,0.12982808469382456,0.11842549471096414,-0.09720442859368779,-0.16360087256107061,-0.4513123041498589,-0.4026072955800627,-0.13611043783868007,-0.3048748290368934,-0.5273281279756237,-0.29812503246134936,-0.4787962466023788,-0.07661311265386679,-0.037040563702151974,-0.19115622998216789,0.040451169474212706,0.06563684839251398,-0.2096527068437181,-0.27339597652395214,-0.34274423919253477,-0.31572774017070343,0.013884801163414761,-0.06360043974307925,-0.06730752583923409,0.08483016222018316,0.16586883883589273,0.3452978653416665,0.4461055037135784,0.18501021450459654,0.27115614341856964,-0.006496598050587767,0.373664756496598,0.1273978116722356,0.3864155745226018,0.1719932134138952,-0.14485336126452103,-0.0936834542338256,0.12783279375357076,0.1483050847457627,0.11256081092778865,-0.23505046657779471,-0.13352002216028117,-0.01166660895760115,-0.39510872387943424,-0.3453541316805457,-0.5098466093038555,-0.1232016412458233,-0.11873495957479961,-0.08830352660099375,-0.20958562005505446,-0.4840766260971936,-0.348673845674417,-0.5021532695071069,-0.5212708401862849,-0.18177922819895778,-0.010766347535534357,-0.43115813438132994,-0.3583300150620661,-0.5263499593151089,-0.4043320752757051,-0.2786482228493274,-0.3633745087515798,-0.4631888298332785,-0.42797475805474283,-0.43270978688042105,-0.4016291269195478,-0.2982938314779869,-0.13656273263967036,-0.41779271480756913,-0.481360693201295
#51,0.6502441093471374,0.40738777029483564,0.6331694395872648,0.5869401499281522,0.413215664548744,0.4485768944443483,0.6356667993975174,0.5483176364675126,0.27244594103287684,1.0,0.7382489915340801,0.4599686639774242,0.50481726424404,0.5824907809767836,-0.05018741019026679,-0.251811343293918,0.5547882654386177,0.5880503280760374,-0.0926814805837849,-0.20801665483630824,-0.13089714513252887,-0.28736301310572876,0.3661899897854954,-0.10252808988764045,0.07797865341666523,-0.02830413254618168,-0.29703216703311924,-0.23481890895240734,0.3393898997593532,0.2047055972022645,0.5172131715171137,0.36330958605287306,0.1894033171170859,0.3216270493931892,0.12471434012569034,0.041065771021969844,0.37813360225757864,-0.033216616748325,0.3056430809715898,0.13980886757500735,0.06576669378992746,-0.3065822960128807,-0.08962362147469746,-0.2952381364588563,-0.008723446616228944,-0.26513564515849797,-0.2442824743338931,-0.2789814927026887,-0.16573033707865167,-0.2806197088000554,-0.28180995827634564,-0.03595419054379252,-0.16017078997939788,0.24259664825747476,0.101740361143332,-0.015139973338411732,-0.16136320354564498,-0.3703839961219508,0.17083326119700143,0.1737915721680719,0.01847700005193816,0.021878949464171328,-0.07344921313689168,-0.1189881580997559,0.114644829556275,0.2217759387822233,0.3074500960855941,0.28549756756288847,0.21084079223005142,0.14934601201502745,0.3793454926334378,0.5460496701926906,-0.20197451567666766,0.13622513460639532,-0.1250281331694396,0.026994858122262426,-0.17940089333633422,0.01696213708211423,0.3684774328699295,0.12408891812814875,-0.1570177109122072,-0.06420422084105191,0.0741936600820623,0.4363649348176105,0.0486876958501411,0.11198516299925555,-0.017295406935475495,-0.24193443673066603,0.0037698447049046933,0.09864354841502052,-0.021974169422274543,-0.00733193677394782,-0.001359048492927754,0.04804712522290126,-0.008567632139332768,0.3990603521407178,0.4144124062949049,0.10816121604542858,0.3391475216841814,-0.037014594622669275,0.02411878256955385,0.5473243191772995,0.4384965634251485,0.22371063520368414,0.20210436107408114,0.0038152905939994116,0.1425421131905611,-0.022086702100032895,-0.04313680511071484,-0.027899447724243,-0.0181177611190942
#52,0.7267230484236769,0.5351361645400876,0.3310559893353647,0.19650586035560327,0.3101378958120531,0.28355637887155694,0.7672369765066395,0.6707683384982946,0.47937622271082564,0.7382489915340801,1.0,0.2998108585377677,0.4503622686587836,0.6270039473000814,0.006981354200931425,-0.010197191876871937,0.24829902529388342,0.337481172417375,0.06940452900746179,0.04292905247485328,-0.1645032980730943,-0.11139653053098111,0.20714019840376724,-0.16505946919201536,-0.11891674313117848,-0.10377027752289607,-0.3928537421443535,-0.34201710496701926,0.25260123612818336,0.12511902494762903,0.1784010837762504,0.08536036425962154,-0.1205830923979848,-0.0779332075275705,-0.03664669932999775,-0.054632450961721576,0.11474870587420578,-0.1383719118436315,-0.08997420404771385,-0.11910934713734181,-0.1765789200325479,-0.16725385640830318,-0.024625179619466423,-0.09749658073786811,-0.1492507920569242,-0.3981860597981337,-0.3301362511036859,-0.25769766797666244,-0.11831729021311958,-0.30758426966292135,-0.41154931528193767,-0.09337398936999013,-0.3597345094440886,0.00881433839441838,-0.07125266183064698,-0.07616514603279029,-0.26138960544311907,-0.266189556967504,-0.02045281418257994,-0.0805560845553228,-0.18769368605114178,-0.14386004397430793,-0.11202628070843648,-0.15196239677290907,0.045129931961011754,0.18034010837762504,0.35704670971762953,0.30967910874119214,0.48921417565485364,0.3305842177247624,0.6079859247589203,0.5382805872474506,0.07222433822129118,0.24679931095375773,0.06232795484842714,0.1752804660584131,-0.22724675819324458,-0.010327037274285418,0.18931675351881028,0.17717620886064991,-0.020037308910856807,-0.1547237755579024,-0.1000696836966119,0.3466785547341632,-0.008234362285971504,-0.07863870085351708,-0.2635710081196655,-0.25842480220217795,0.006087585048735306,0.14102941431069407,-0.08516992434341511,-0.2547328647357213,-0.22242083758937692,-0.18108455532279566,-0.21467772372361973,0.23845458007998477,0.3279851456865359,-0.1427174044770693,0.028568151520922423,-0.15767992243901593,-0.12295493499073769,0.38265005799761087,0.04733297553712713,0.014170461037724416,-0.0799328266477381,-0.18208220079292256,-0.04341813680511072,-0.18367929918110837,-0.09291303820917228,-0.15893509461401292,-0.13626625231557626
#53,0.2663280587247451,-0.125099548138017,0.5012551721749969,0.6004397430792403,0.7378010249130036,0.6896976333512231,0.19594103287685463,0.00026401897474074204,-0.23714963383597928,0.4599686639774242,0.2998108585377677,1.0,0.7180645245061547,0.4372219144405395,-0.27333971018507297,-0.48985474628209347,0.4862948183030072,0.40082192136562733,-0.33076600128114125,-0.31891328058724744,-0.09600552275756999,-0.4696269974550302,0.19498450511590865,-0.02968698602863524,-0.05281677948788975,-0.04536365367635602,0.02036841467426118,-0.0009175741417219231,0.45562100725402954,0.4025423728813559,0.48347284499922094,0.4059940963625976,0.2960756392721733,0.5073167881442496,0.3379940617371583,0.42867592320077563,0.4194720486141168,0.3926221845189661,0.21103772441612853,0.2862008967988781,0.2632745277955714,-0.09396262183826458,0.06484262737833486,-0.13584209068402556,0.15528860303665104,0.041658731670158065,0.09050007790723845,-0.010028392860234414,-0.13109407731860598,-0.21773125465279342,0.07150369626564637,0.10417063416492096,0.06575803743009989,-0.03060239608040027,0.06806062914423226,0.09738837624002354,-0.2629390938522532,-0.3440275445369713,0.1636506466300791,0.22358511798618444,0.2390237357386472,0.31293390003635674,0.11235305829192709,0.005732674295805128,-0.0044645175810668096,0.07955194681532522,0.37223212894513596,0.1994122331677083,0.03929338134727584,0.15954320389189938,0.18054569692352973,0.3891098665189315,-0.21098578625716313,0.12601495818978203,-0.1769316666955212,0.1481817316182199,-0.10984920621180382,-0.025460518342826473,0.25478047471477294,0.22745883900901992,0.13319324457679058,0.40925537992763283,-0.13938903412337045,0.7534993334602933,0.6798380395076262,0.2994126659856997,0.3287858589705857,-0.05495706445525528,0.09624790083274182,0.43103694534374404,0.2952338082789425,0.38204194871972436,0.2776505773792005,0.20347423001679335,0.2493248039334499,0.1712617510084659,0.15775566558750714,0.1196590259863922,0.3249878810962414,0.21001627395647582,0.1369804020013504,0.6903360398885061,0.47326699676252143,0.28413419089004693,0.15855854296151384,0.07434514637904469,0.11105893249770607,0.13903845155035405,0.34527189626218385,0.14054032998043664,0.15224805664721872
#54,0.1799722130849535,-0.10143306036945343,0.4606070705147072,0.5379841069233566,0.6984405567770641,0.8488339883312269,0.31848695486573986,0.003754696075206454,-0.11888211769186821,0.50481726424404,0.4503622686587836,0.7180645245061547,1.0,0.32909965201433494,-0.029325583005834387,-0.27222953203718775,0.5186739322380153,0.47790247745018266,-0.10639748273056214,-0.10026661588268901,0.030401135714409378,-0.15882905420612525,0.41521528366891153,-0.154870933674971,-0.03126460760720902,-0.19775021208081578,-0.012324492304496113,-0.06749147348556984,0.4919409290005367,0.34096535724797006,0.3230380360450823,0.38494832153182945,0.03345683073353993,0.23523874240404424,0.08914752168418137,0.1971983691418085,0.19530046224961478,0.15849362026280708,-0.07165734665258565,0.06325418534997662,0.04304374924256851,-0.2026085940340368,0.17433259465729473,-0.09657035023631862,0.17451437821367358,-0.007834005643946608,-0.07304020013503922,-0.13461072349855438,0.030950814563459775,-0.21165016187392877,-0.07921867696196395,0.017568082270043802,-0.06778578971970707,0.08447741555720988,0.063585291113381,-0.05186457990685757,-0.26341519364276933,-0.3805725316389952,-0.130516265300116,-0.03382905420612524,-0.15266789009885562,-0.0345129066325029,0.011841900244109346,-0.16399040875331106,0.11657303370786516,0.3378382472602621,0.3520433337372968,0.21693054136874362,0.23262668582607643,0.21563208739460882,0.2585373348799363,0.465588805595471,-0.21004873530582918,0.19452788213500458,-0.10807681653710982,0.12275151053478991,-0.41051271619258667,-0.1889575145859663,0.39202056751095027,0.29966586451065597,0.3377949654611243,0.4202749259881235,-0.1563187098561313,0.6354222572323887,0.5688180606291442,-0.09932523675144128,0.013923754782638804,-0.09731479718148923,-0.03741711535465106,0.4400179186648431,0.19587611017814788,0.11465132182614567,0.13500242378075172,-0.05164167864129776,0.01178346981527328,0.2038118280500684,0.3061797752808989,-0.026715690517823444,0.18518334170114784,-0.020119544329218676,-0.05904070220390921,0.7201463790446841,0.37879797787434427,0.05116125067086789,-0.07209882100379149,-0.1601404927200014,-0.14275635809629333,-0.21526419210193729,0.04597392704419937,-0.12371669465556344,-0.09429589169162583
#58,0.5484215127854435,0.18664843060196326,0.25295181870119976,0.24231098838316512,0.334494728276865,0.19061520749294505,0.5544290265057737,0.5454588736344592,0.16448814944339607,0.5824907809767836,0.6270039473000814,0.4372219144405395,0.32909965201433494,1.0,-0.11772649365488824,-0.12618592129637646,0.13725956960578936,0.20095090112705805,0.08693582174823843,0.1304383580616679,0.0658316164886342,-0.18465097557175256,0.05579240317861533,0.09684086148093005,-0.0373824899153408,0.13588753657312028,-0.12866164020706014,-0.21136450199961912,0.3090407022039092,0.31324552899014907,0.4120232509824968,0.17247580547428196,0.04952303457350115,0.26263828534824535,0.3343518983397102,0.29933475874725163,0.6164605010301069,0.3420322535967175,0.20272112671179515,0.2001913055521892,0.03424672356780527,0.10354954034729316,0.07802409930575994,0.02681956683575423,0.07201225740551584,-0.09325929260227489,-0.06819696681151642,-0.09512473814511521,-0.018238950156680114,-0.304922439015945,-0.3141544467720434,-0.14754332508093695,-0.29154187081248595,-0.08884238500025969,0.107057530167414,0.024549436470975225,-0.1262010699260747,0.011508630390748082,0.010764183445577466,0.28222979172798257,-0.040589671231453746,-0.00523060542580634,0.25644682398157925,0.25891388653243536,0.015484063641557452,0.06311784768269248,0.5442253423590312,0.34511824587524453,0.1396465608282405,0.1843934488668825,0.20219958103218436,0.3090147331244265,-0.003832603313654542,-0.10483068160177282,0.20411263655407627,0.2534127698620176,-0.07400538425581274,0.022116999359429373,0.2708986167136996,0.09835356036079708,-0.2263659735807898,-0.1330352660099375,-0.12417980990633819,0.4267780163085819,0.01878646491577362,0.06416959540174166,-0.1564896729627257,-0.2636229462786309,0.29927200013850175,0.1811235089420197,0.12863134294766365,-0.13442677585221863,-0.2858135246965946,-0.20950554872664948,-0.2136908987032773,0.0955791970360624,0.06971615796125413,-0.15750679524246464,0.0512824397084538,-0.13644587178199824,-0.15144085109329825,0.4075219438721629,0.3083958033967556,0.21065468049375877,0.15873167015806514,-0.09173793736258029,0.09544935163864891,-0.04702783885320545,0.12066099963643288,-0.1571691972091896,-0.06014438808192379
#101,-0.17858935960249997,0.1548211596059625,-0.4197577084884265,-0.12807733591869946,-0.21968326379390937,-0.002514672529907723,0.1987933034400374,0.06879641972957531,0.36329010924326105,-0.05018741019026679,0.006981354200931425,-0.27333971018507297,-0.029325583005834387,-0.11772649365488824,1.0,0.5960358200169664,-0.29236422499610465,-0.2850625854815533,0.7033876664185177,0.4204956631637264,0.4980631394885823,0.5827764408510933,0.019461660982323714,-0.06733349491871678,-0.039018541922750644,-0.030981111822856254,-0.3878936479631585,-0.33185453852945757,0.36361472273679474,0.09848340575821056,-0.36974991776458166,-0.2163873547895639,-0.5927485673724485,-0.32251432627551463,0.06376274648984609,-0.17644041827530688,-0.09634528488080192,0.0698221983691418,-0.2776873669084676,-0.08782959090043455,0.07655901040494452,0.15559157563061582,0.4040009695123007,0.3328759889891103,0.06347925070549333,0.06407221135368155,-0.40897621232319387,-0.43176191547930265,-0.12174737279479234,-0.12261300877754887,-0.2908926438254185,-0.3731323903672028,-0.3617341285642562,0.08013408701372898,0.4260725229826353,0.12119985803569883,-0.07098431467599245,0.08325470473156628,-0.4530652170149409,-0.3359598171776804,-0.5278366891154932,-0.46646309793805507,0.060150880351794465,-0.00477398244490227,-0.22392271601945948,-0.07410709648378663,0.24075933588407403,0.2566199511781306,0.4849509184397777,0.23346418863939336,-0.08914535759422448,-0.14839814061390905,0.26081395751458597,-0.04929580512802756,0.27769169508838143,-0.19609251917383702,-0.4089350946140129,-0.3687327954848427,0.3558088502622877,0.2114921833070757,0.2342735582832707,0.05042978826543862,-0.21287720087948617,-0.14560213638960545,-0.21514516715430826,-0.5716270493931892,-0.5605642215335607,0.11776544727411228,-0.07358987898408961,-0.038665795259777355,-0.05602179671404581,-0.4102551894877166,-0.24036114333200603,-0.4746996243139835,-0.3672092761551912,-0.31910588459341077,-0.08082443170997732,-0.5274861065424767,-0.4451792732120289,-0.5678463842385,-0.5414877685635636,-0.23569752947490522,-0.2819398036737591,-0.5261854884783851,-0.5008483232631014,-0.5717136129914648,-0.5055227575699867,-0.5233094129256765,-0.3462522290126556,-0.48898261802946624,-0.40621050535828673
#102,-0.17671525769983207,0.26058239988919857,-0.5854490919478541,-0.4746801475043715,-0.4390548986340264,-0.3693409047627292,0.10855724450753969,0.00984011703398487,0.47046450026834713,-0.251811343293918,-0.010197191876871937,-0.48985474628209347,-0.27222953203718775,-0.12618592129637646,0.5960358200169664,1.0,-0.523121137099427,-0.43435665933761536,0.5695430307647028,0.5714106403975,0.25325695538512144,0.7152382230224545,-0.2911783036997282,0.07475415938089715,-0.13037127127300427,0.027631100569588476,-0.3466482574747667,-0.20574652447152925,-0.03934748359619813,-0.12166297328647357,-0.5580235799241703,-0.37118470940600057,-0.6524514811031665,-0.47585524835096343,-0.08143470507782068,-0.3037018922802583,-0.2728939076539534,-0.05714928758158619,-0.40870786516853935,-0.291859992036149,-0.30216971659077924,0.2471282526272052,0.17289563892591886,0.345148543134641,-0.11845146379044684,0.06896521874621284,-0.39627300427624174,-0.29096189470403905,-0.17721299838991708,-0.06161596925260989,-0.3944811377919357,-0.22990209657035024,-0.4664371288585724,0.015291459635394125,-0.01773255310676754,-0.0967781028721802,0.02597557175256661,0.41588182337563406,-0.441073994563806,-0.3660406675784699,-0.45177974758054745,-0.3582975537127127,0.12773324561555374,0.10289814927026887,-0.2316073994563806,-0.13057253163899518,0.1334356226519624,0.15962543931026124,0.4213656273263967,0.2269178165197971,0.03509504683090667,-0.2527592146950364,0.5156225653987985,-0.01730622738525995,0.4620180571666003,0.2234466162289434,-0.13375157978566854,-0.11969797960561625,0.08666747459358391,0.22429061131213102,0.19528964179983033,-0.1958523051886221,-0.17872136908987032,-0.30569069095064144,-0.3415172001869774,-0.47143617665899135,-0.48727731514343586,0.034242395387891485,-0.03228172988694794,-0.13265871435743842,-0.14949533422205294,-0.40903464275202994,-0.34684086148093,-0.5074185003722235,-0.451390211388307,-0.2734890323920985,-0.09002830629663613,-0.5505531413929814,-0.5808352521597617,-0.5847154654524679,-0.45121708419175566,-0.5196434445387026,-0.5653468603382905,-0.6475714582503765,-0.5792749433008432,-0.5446256990010561,-0.5370210868925399,-0.3956692231782691,-0.18356676650335002,-0.4642470698221984,-0.4528120184899846
#201,0.21005739166565676,-0.19627863091012968,0.8909190457228926,0.6388480116341476,0.31546588528591957,0.5248827063243365,0.10090935059988573,-0.00695754921140562,-0.35407541420681776,0.5547882654386177,0.24829902529388342,0.4862948183030072,0.5186739322380153,0.13725956960578936,-0.29236422499610465,-0.523121137099427,1.0,0.8460314918370527,-0.5126858953272969,-0.6075898962968093,-0.24372630321497205,-0.5727220789113762,0.5434765672339468,-0.14709535845986046,0.30953411471408043,-0.03626798358754177,0.1398997593531968,0.07043463582694205,0.14792420491334984,0.05380144041827531,0.6113467564619726,0.4860178147885251,0.5629512127560118,0.506152507747442,-0.0723931372379287,0.02571588095773965,0.26023614549609597,-0.11044649503990582,0.21993862640882256,0.07519563373210297,0.04769654264988487,-0.41549445127335055,-0.3082508093696439,-0.5007855646543515,-0.012112411488720764,-0.23937864649157736,0.09584754419071692,0.00576946382507228,-0.0776129222139506,0.012967227021692838,0.2774471529232527,0.31562386385277263,0.33733185021034956,0.2464335797510431,-0.06547670573570402,-0.10213855369540001,-0.11449983552916328,-0.4838039507626253,0.3219235297172833,0.20699520437665553,0.3077617250393864,0.25793138969200674,-0.3007046276899638,-0.30805604127352365,0.20329893873028515,0.20202428974567616,-0.11168219040529077,-0.19190716919720918,-0.01226822596561694,-0.010530461730233202,0.27870881736812037,0.6151663752358858,-0.43871946469070827,0.17125093055868146,-0.5031271099877079,-0.13095341147140804,-0.04230146638735479,0.09713301362511037,0.016107321549142156,-0.08451204099652014,-0.16027683038728555,0.11484825401222278,0.1709912397638545,0.3423525389103374,0.35325089593324216,0.36595843216010804,0.43592995273627533,-0.15711293087031042,0.010370319073423244,0.10701641245823307,-0.004031699589688544,0.4387822232994581,0.2840887450009522,0.44450840532539254,0.4116748324994373,0.6729757102543239,0.4575686882152317,0.6132987656030886,0.711226000242378,0.471384238500026,0.49028323609355795,0.757606776198473,0.5860810062152664,0.5538815117466803,0.47785270338117414,0.40276094596700196,0.46640466750921905,0.26321826145669225,0.046696733089801074,0.2893474835961981,0.294467720434203
