,#10,#11,#12,#13,#17,#18,#26,#49,#50,#51,#52,#53,#54,#58,#101,#102,#201,#202,#301,#302,#401,#402,#501,#502,#601,#602,#701,#702,#801,#802,#901,#902,#1001,#1002,#1101,#1102,#1201,#1202,#1301,#1302,#1401,#1402,#1501,#1502,#1601,#1602,#1701,#1702,#1801,#1802,#1901,#1902,#2001,#2002,#2101,#2102,#2201,#2202,#2301,#2302,#2401,#2402,#2501,#2502,#2601,#2602,#2701,#2702,#2801,#2802,#2901,#2902,#3001,#3002,#3101,#3102,#3201,#3202,#3301,#3302,#3401,#3402,#3455,#3501,#3502,#3601,#3602,#3701,#3702,#3801,#3802,#3901,#3902,#4001,#4002,#4101,#4102,#4201,#4202,#4301,#4302,#4401,#4402,#4501,#4502,#4601,#4602,#4701,#4702,#4801,#4802
#10,1.0,0.13622716266784063,0.3882940788025534,0.5727162667840634,0.13292317851639884,-0.022240810037420206,-0.10987233105877174,0.17956416464891042,-0.33193264362755887,0.20082104336341625,0.03341184239489324,-0.08506273387629319,-0.02082544574069998,-0.2879462909971385,-0.3295883777239709,-0.02395333480079243,0.10147919876733436,-0.062269425489764475,0.03917895663658375,0.24665419326436275,0.1531565045124367,0.2701871010345587,-0.1240281752146159,-0.031074180057230904,0.0339291217257319,-0.0425379705040722,0.18467092229804094,0.3007043803653973,0.07735857362976008,-0.012262821923838874,-0.30145278450363194,-0.4158331499009465,-0.12697116442879156,-0.14959498128989654,-0.14386088487783402,-0.013191723530706582,-0.33027955095751704,-0.35011886418666077,-0.31996918335901386,-0.2727096632181378,-0.0037662337662337664,0.13764472815320272,-0.1408298481179837,-0.16690953114681928,-0.37193044243891704,-0.36519040281752146,0.3861193044243892,0.29246973365617435,-0.3092559982390491,-0.13606647589698437,0.5141888619854722,0.3281730134272507,0.21534448602245213,0.24722870349988993,0.16958177415804535,0.13335901386748844,0.2932401496808276,0.12644287915474356,-0.20622716266784064,-0.31401716927140655,0.19938586836891922,0.2531234866828087,-0.05495927801012547,-0.09416244772176975,0.28517059211974466,0.15599163548316092,0.04059652212194585,-0.15997798811358133,0.18497468633061853,0.14624477217697557,0.18307726172132952,0.26615452344265905,-0.1146401056570548,0.3005150781421968,0.09727933083865287,0.2941206251375743,0.35278450363196123,0.383185119964781,-0.04420647149460709,-0.079933964340744,-0.32598943429451904,0.23392031697116442,,0.039355051727933084,0.17260620735197008,-0.19504732555580012,0.1411071978868589,0.051510015408320495,0.011441778560422628,-0.0837970504072199,-0.01725952014087607,-0.09144838212634823,-0.18769315430332378,-0.08821923838872991,-0.21867268324895445,-0.07191723530706581,-0.055221219458507595,0.31058551617873653,0.21134272507153862,0.36223200528285276,0.39265903587937484,-0.22948492185780323,-0.2270151882016289,0.25230464450803436,0.32996478098173015,0.31572309046885316,0.17379484921857805,0.2677635923398635,0.41861765353290775,0.08304864626898525,0.09168170812238609
#11,0.13622716266784063,1.0,0.36869909751265684,0.3935659255998239,0.24631300902487344,0.12001760950913493,0.20861104996698218,0.04034338542813119,0.39965881576051066,0.4068368919216377,0.18740039621395554,0.03353290777019591,-0.03715166189742461,0.05265463350209113,-0.1189192163768435,0.29362976007043806,0.13826326216156726,0.14172573189522342,-0.023299581774158046,0.2420228923618754,-0.17625137574290117,-0.02092229804094211,-0.12539511336121506,0.11509355051727933,-0.16720889280211315,0.15352190182698658,0.11191943649570768,0.21837112040501871,-0.20433634162447722,0.026026854501430774,-0.10764252696456086,-0.009071098393132292,-0.08875632841734536,-0.1291305304864627,-0.01538630860664759,0.12121065375302663,-0.040600924499229585,0.06719788685890381,0.01829407880255338,0.008291877613911511,-0.0887475236627779,0.12847237508254458,-0.05667840633942329,0.18780761611270086,-0.05424389170151882,0.09255337882456527,0.14223860884877834,0.12195905789126128,0.13647149460708782,0.18924279110719788,0.12389390270746203,0.14844155844155843,0.004173453664979089,0.07259520140876073,-0.10854721549636803,0.015573409641206251,0.022480739599383667,0.36193044243891703,-0.08653532907770196,-0.011824785384107419,-0.04031256878714506,0.07885978428351309,0.14311908430552497,0.17956856702619414,0.17360774818401936,0.11247633722209993,0.07674444199867929,0.03054589478318292,0.14430552498349108,0.2642791107197887,-0.0561765353290777,-0.008749724851419767,-0.0697622716266784,0.059553158705701076,0.10025093550517279,0.11220999339643407,0.21465111160026415,0.2737596302003082,-0.1286352630420427,0.11807836231565046,0.04444640105657055,0.15319832709663217,,0.1421747743781642,0.22824125027514858,0.005861765353290777,0.14431432973805855,-0.05067356372441118,-0.06889500330178296,-0.023425049526744443,0.023389830508474575,-0.011463790446841295,0.11290336781862205,-0.008527404798591239,0.04954215276249174,0.07039841514417786,0.12945410521681708,0.1122870349988994,0.031547435615232225,-0.13020691173233545,-0.07292758089368259,-0.00974025974025974,0.09409641206251376,0.012348668280871672,-0.14752586396654194,-0.12762271626678406,-0.22456746643187322,0.03502091129209773,0.04421307506053269,-0.14258199427690954,-0.16387409200968522
#12,0.3882940788025534,0.36869909751265684,1.0,0.669454105216817,0.36298261060972925,0.32552058111380144,0.1762887959498129,-0.10234866828087168,0.02207131851199648,0.6786880915694475,0.23021791767554478,0.08747083425049526,0.047323354611490204,-0.000865067136253577,-0.30318732115342284,-0.11451463790446842,0.6393154303323795,0.5472132951793969,0.10147039401276689,0.04124807395993837,-0.07699977988113581,-0.00349768875192604,0.1316288795949813,0.31052388289676425,0.10909971384547655,0.3117015188201629,0.24336561743341403,0.3620713185119965,0.09129650011005944,0.1161104996698217,0.022843935725291656,-0.04387189082104336,0.29531366938146597,-0.0699273607748184,-0.11002861545234427,0.00888399735857363,-0.1709817301342725,-0.1102179176755448,-0.1291965661457187,-0.1321351529826106,-0.06949592780101255,0.1929605987233106,-0.1076601364736958,-0.011179837112040502,-0.19788906009244991,-0.21289456306405458,0.1739753466872111,0.2790028615452344,-0.0005018710103455866,0.16317411402157164,0.45913713405238826,0.3363482280431433,0.2623508694695135,0.13656614571868808,0.11652212194585077,0.13001760950913493,-0.006552938586836892,0.04174774378164209,-0.328234646709223,-0.059988994056790666,0.19179837112040501,0.25833590138674883,-0.042898965441338324,0.06985912392692054,0.38228263262161566,0.31807395993836673,-0.023810257539071098,0.03977767994717147,0.18649790887079024,0.18011005943209332,0.14711424169051288,0.16812238608848779,-0.29990534888839976,0.1517059211974466,-0.11095751705921197,0.14444419986792867,0.19219018269865729,0.38005502971604666,0.06566806075280651,0.22287255117763594,-0.10896764252696456,0.26042042703059654,,0.17519920757208893,0.2179308826766454,-0.1465661457186881,0.17705701078582434,0.005137574290116663,-0.09492626018049746,0.14902267224301122,0.058639665419326435,0.12288355712084525,0.039148139995597624,0.025401716927140657,-0.041681708122386085,0.39285053929121727,0.5364472815320273,0.572491745542593,0.49961919436495705,0.4118511996478098,0.29661677305745104,0.12327096632181378,0.290297160466652,0.2058617653532908,0.2592229804094211,0.3477371780761611,0.00029495927801012547,0.2850979528945631,0.2911776359233986,-0.18209333039841513,-0.20072198987453224
#13,0.5727162667840634,0.3935659255998239,0.669454105216817,1.0,0.5226832489544354,0.3642042703059652,0.07242350869469513,-0.12047765793528506,-0.05049966982170372,0.5450561303103676,0.14745982830728593,0.1887343165309267,0.06574950473255559,0.02649570768214836,-0.423647369579573,0.01684569667620515,0.40408540611930444,0.07825885978428351,-0.11057891261281091,0.2034470614131631,-0.19715826546335022,0.00023112480739599384,-0.1325974025974026,0.19045344486022453,-0.1940193704600484,0.05123706801672903,0.20835130970724192,0.4518908210433634,0.03537970504072199,0.13628439357252917,-0.13641646489104117,-0.18430772617213295,0.0007726172132951794,-0.1959982390490865,-0.1512722870349989,-0.025474356152322256,-0.28458287475236627,-0.26241690512876953,-0.1291965661457187,-0.26302883557120843,-0.1268412942989214,0.24444419986792867,-0.039073299581774155,-0.0027360774818401936,0.06314329738058552,-0.2511292097732776,0.36722870349988995,0.44182258419546555,0.05721769755668061,0.26692273827867047,0.4003235747303544,0.42834250495267445,0.15127668941228264,0.30984591679506934,0.03826546335020911,0.1589126128109179,0.09759189962579794,0.2559872331058772,-0.2229936165529386,-0.18782962799911954,-0.009550957517059212,0.060305965221219456,0.04659916354831609,0.11544353951133612,0.3911160026414264,0.2582236407660137,0.11505833149900946,0.028309487123046446,-0.054921857803213736,0.11806075280651551,-0.11468192824125027,0.014888839973585736,-0.3182148360114462,0.15746643187321152,0.0761501210653753,0.3308540611930442,0.24612150561303103,0.3485384107418006,0.008861985472154964,0.23350429231785164,0.023675985031917236,0.4337046004842615,,0.21409200968523,0.29703940127668943,-0.1851353731014748,0.112623816861105,-0.050724191063174114,-0.09950473255558001,0.0814968082764693,0.14433414043583534,0.020691173233546113,0.004833810257539071,-0.027849438696896323,-0.15827426810477657,0.04804974686330619,0.13960818842174774,0.2636979969183359,0.14097072419106318,0.17689632401496808,0.20528725511776358,-0.05776139115122166,-0.04961919436495708,0.03906889720449042,-0.06741800572309047,0.05141976667400396,-0.21914813999559762,0.1047721769755668,0.16153422848338103,-0.1827096632181378,-0.21995817741580453
#17,0.13292317851639884,0.24631300902487344,0.36298261060972925,0.5226832489544354,1.0,0.505991635483161,0.2161831388950033,0.05440237728373322,0.11099493726612371,0.2912854941668501,0.1834096412062514,0.6394254897644728,0.055016508914814,0.3040325775918996,-0.27008804754567467,0.12821043363416246,0.3689038080563504,0.22573849878934624,-0.46208452564384767,0.005478758529605987,-0.44720669161347126,-0.3299691833590139,-0.15927360774818403,0.16995597622716266,-0.3666872110939908,-0.0988465771516619,-0.14631080783623157,0.15097292537970505,-0.17380585516178737,-0.009084305524983492,0.05629980189302223,0.3603015628439357,0.21154743561523223,-0.17974466211754347,-0.14545674664318733,0.09803213735417125,-0.0488465771516619,0.09668721109399075,-0.1158925819942769,-0.22373321593660578,-0.360132071318512,0.14713625357693155,-0.011041162227602905,0.24498789346246974,0.3998217037200088,0.0610939907550077,0.15602905569007264,0.3629385868368919,0.3184371560642747,0.4034756768655074,0.010644948272066915,0.18139995597622716,-0.18894122826326215,-0.0986616773057451,-0.2688641866607968,-0.19338983050847458,-0.09045784723750826,0.11294298921417566,-0.13041382346467092,-0.11554259300022011,-0.1310807836231565,-0.11174994497028395,0.08476777459828307,0.04862425709883337,-0.02986352630420427,0.0791173233546115,0.13956636583755228,-0.11548095971824786,-0.19735197006383448,0.016343825665859565,-0.12329738058551618,-0.07976447281532027,-0.22882456526524322,-0.006504512436715826,0.21489324235086946,0.1939291217257319,0.127112040501871,0.07429231785163988,-0.1254501430772617,0.28366938146599163,0.4574290116662998,0.3099625797930883,,0.5082214395773718,0.5590622936385649,0.2698481179837112,0.3243187321153423,-0.18403257759189962,-0.33469513537310147,0.39069557561082985,0.37481620074840416,0.4329804094210874,0.3396940347787805,0.17937926480299363,0.17883557120845256,0.09367598503191724,0.08110499669821704,0.15370900286154524,-0.03226942548976447,-0.14089368258859783,-0.2668500990534889,0.39304204270305965,0.2953312788906009,0.02971384547655734,-0.24397754787585296,-0.12044243891701518,-0.45306845696676207,-0.11183138895003301,-0.07047765793528506,-0.2747985912392692,-0.3095355491965662
#18,-0.022240810037420206,0.12001760950913493,0.32552058111380144,0.3642042703059652,0.505991635483161,1.0,0.4897006383447061,-0.315511776359234,0.0374488223640766,0.3800924499229584,0.23016508914814,0.6680123266563944,0.5340501871010346,0.6143385428131191,-0.26144838212634824,0.01773497688751926,0.4899097512656835,0.07912832929782082,-0.24939687431212854,-0.017627118644067796,-0.457805414924059,-0.28478758529605985,-0.030779220779220778,0.0022892361875412725,-0.22011446180937708,-0.07413383226942549,-0.187640325775919,0.10174774378164209,0.3110521681708122,0.3892956196346027,0.3933348007924279,0.2731014747963901,0.02782522562183579,0.055934404578472374,0.038142196786264584,-0.1845828747523663,0.06621835791327317,0.05979749064494827,-0.28512436715826545,-0.20629760070438036,-0.06736077481840194,0.33336341624477217,0.279735857362976,0.29257318952234207,0.24979308826766453,-0.2801584855822144,-0.07074620294959277,0.34521241470394015,0.19831609068897205,0.4236539731454986,-0.009478318291877614,0.2680013207131851,-0.030138674884437597,0.02336121505613031,-0.06452124147039401,-0.016508914813999558,-0.05819282412502751,0.1876205150781422,-0.26902707462029496,-0.10989654413383226,-0.07501871010345587,-0.11604886638784943,0.1868104776579353,0.15926260180497467,0.12349328637464231,0.20665639445300463,0.2919502531366938,0.39896103896103896,-0.15140655954215276,-0.009255998239049086,-0.05239709443099273,-0.08396654193264362,-0.1476799471714726,0.061587057010785824,0.11929121725731895,0.4423134492626018,0.11825445740699977,0.21845476557340965,0.18514637904468412,0.5902487343165309,0.23021791767554478,0.6478274268104777,,0.3713383226942549,0.17029936165529386,-0.2144948272066916,-0.05884437596302003,0.07519040281752146,0.06325775918996258,0.24642526964560862,0.29684569667620514,0.22577371780761613,-0.056640986132511555,-0.006442879154743561,-0.12352850539291217,0.2886660796830288,0.039634602685450146,0.11193264362755888,0.04650451243671583,-0.03055029716046665,-0.015610829848117984,0.12556680607528065,0.13052388289676425,-0.37022892361875415,-0.1512987012987013,-0.04973145498569227,-0.28252256218357913,-0.051452784503631964,0.10866167730574511,-0.1944243891701519,-0.1755183799251596
#26,-0.10987233105877174,0.20861104996698218,0.1762887959498129,0.07242350869469513,0.2161831388950033,0.4897006383447061,1.0,-0.4551551837992516,0.06732555580013207,0.42444199867928684,0.19061633281972265,0.48078802553378824,0.5929627999119524,0.6685626238168612,-0.039680827646929345,0.02280431432973806,0.3977261721329518,-0.07925599823904908,-0.21406999779881136,-0.2508386528725512,-0.31458947831829187,-0.24472154963680387,-0.12470173893902707,-0.2384041382346467,-0.16502091129209773,-0.3100198106977768,-0.16771736737838433,-0.20076161127008585,0.3465045124367158,0.15815100154083206,0.33379484921857805,0.016799471714725952,-0.05470173893902708,-0.0789654413383227,0.05595861765353291,-0.5301276689412283,0.08008804754567467,-0.05144618093770636,-0.07063394232885759,-0.23863966541932644,0.15432093330398416,0.06729914153642967,0.24762271626678406,0.012573189522342064,0.06364957076821484,-0.2530728593440458,-0.10664538850979528,0.02723530706581554,0.17736077481840193,0.22569667620515077,-0.01902047105436936,-0.07872991415364297,0.0011666299801893023,-0.12395333480079243,0.008005723090468854,-0.05701738939027075,0.06785384107418006,-0.03449042482940788,-0.29597622716266786,-0.14531807175874972,-0.11944750165089148,-0.21407880255337883,0.04595641646489104,0.29265463350209114,-0.0262623816861105,-0.008159806295399516,0.2505062733876293,0.3878252256218358,-0.15819502531366939,0.11037200088047545,-0.12193484481620075,-0.1394254897644728,-0.1567114241690513,0.013891701518820163,0.016451683909311027,0.2902773497688752,-0.07176315210213516,0.05654633502091129,0.449966982170372,0.49207792207792206,0.2028087167070218,0.45760950913493287,,0.14333920316971163,-0.02531366938146599,-0.09400396213955536,-0.1286154523442659,-0.1561897424609289,-0.09580673563724411,0.05264142637023993,-0.029808496588157606,0.25662777900066036,-0.303251155624037,-0.04654853620955316,-0.34941668500990536,0.38030596522121946,-0.0940545894783183,-0.10457847237508254,-0.19886198547215497,-0.055974025974025975,-0.12688311688311688,-0.21349768875192604,-0.13016068677085627,-0.4975456746643187,-0.2319766674003962,-0.229933964340744,-0.2924213075060533,-0.05725731895223421,0.21769535549196567,-0.14563944530046224,-0.02678186220559102
#49,0.17956416464891042,0.04034338542813119,-0.10234866828087168,-0.12047765793528506,0.05440237728373322,-0.315511776359234,-0.4551551837992516,1.0,0.13335901386748844,-0.25701078582434517,0.19554919656614572,-0.07298701298701299,-0.32651992075720887,-0.2225445740699978,-0.16862425709883336,0.02806075280651552,-0.2668258859784284,0.1817081223860885,-0.0499207572088928,0.09162447721769755,0.01902047105436936,0.169735857362976,-0.11066035659255999,0.01062953995157385,0.03883777239709443,0.24119084305524985,0.026753246753246755,0.07978428351309708,-0.4028923618754127,-0.08103235747303544,-0.07526304204270307,0.18114241690512878,0.252326656394453,0.11492846136913934,-0.130297160466652,0.4116420867268325,-0.009949372661237068,0.07784503631961259,-0.010332379484921857,-0.011199647809817302,-0.3656680607528065,0.14049966982170373,-0.3501386748844376,-0.06168831168831169,0.062236407660136474,0.3636121505613031,0.122491745542593,0.029478318291877612,-0.08293198327096632,-0.12971164428791548,-0.09680167290336782,0.03697996918335902,-0.2655844155844156,-0.1411071978868589,-0.24099053488883998,-0.1936121505613031,-0.14999559762271628,-0.15468412942989215,0.22051727933083864,-0.03572969403477878,0.09464891041162228,0.10465991635483161,-0.007721769755668061,-0.1076931543033238,-0.09435615232225401,-0.04569887739379265,-0.09920316971164429,-0.256271186440678,0.11333480079242791,-0.10033017829627999,0.4336055469953775,0.29532247413603346,0.3874136033458067,0.15403037640325776,0.12250935505172793,-0.04333920316971165,0.04721769755668061,0.02146819282412503,-0.4728945630640546,-0.4180409421087387,0.07438256658595642,-0.3182324455205811,,0.197178076161127,0.2171846797270526,0.46935725291657493,0.3004688531807176,0.06278450363196125,-0.14050187101034559,0.10307506053268765,0.19737178076161127,0.0475941008144398,0.44252256218357916,0.16719128329297822,0.4284063394232886,-0.32807395993836674,-0.005313669381465992,0.22117103235747304,0.06526304204270306,0.019755668060752806,-0.0187607307946291,0.34559322033898304,0.34914593880695577,0.5611116002641426,0.20078362315650453,0.1909817301342725,0.15890821043363415,0.04106317411402157,-0.02730794629099714,0.06456746643187321,0.07863306185340084
#50,-0.33193264362755887,0.39965881576051066,0.02207131851199648,-0.05049966982170372,0.11099493726612371,0.0374488223640766,0.06732555580013207,0.13335901386748844,1.0,0.03292978208232446,0.3689698437156064,0.11940347787805415,-0.05481399955976227,0.24193704600484262,0.29766013647369577,0.26827426810477656,0.0064032577591899625,0.2598877393792648,0.16032797710763813,-0.02272507153863086,-0.010151882016288796,-0.1499405679066696,0.13312788906009246,-0.037739379264802995,0.029462909971384548,0.07349328637464231,-0.09158705701078583,-0.2362887959498129,-0.15095971824785384,0.12095311468192824,0.1515298261060973,0.31689852520360995,-0.03037640325775919,0.06678846577151662,-0.01303764032577592,0.021521021351529827,0.09346246973365617,0.2540986132511556,0.08690072639225181,-0.15358133392031698,-0.01822143957737178,0.10415584415584415,-0.009881135813339203,0.22207351970063835,0.20669381465991635,0.12331278890600925,-0.34464891041162227,-0.27549416685009903,0.14746643187321154,0.056777459828307286,-0.24503411842394893,-0.2801452784503632,-0.26840633942328856,-0.23056790666960159,-0.1860906889720449,-0.35600044023772837,-0.051556240369799694,-0.03227162667840634,-0.05582874752366278,-0.18729253797050407,-0.2366057671142417,-0.2360246533127889,0.022280431432973806,0.019099713845476558,-0.08359454105216817,0.08046445080343385,0.10291657495047325,-0.05844816200748404,0.19914813999559763,0.15011666299801893,-0.011430772617213295,-0.015513977547875852,0.0036627779000660355,-0.18623816861104997,-0.02299141536429672,-0.06917015188201629,-0.11293638564825005,-0.04104556460488664,-0.11492626018049747,0.03184239489324235,0.3036715826546335,-0.16732115342284834,,0.11350429231785164,0.035362095531587055,0.23405679066696017,-0.06461809377063614,-0.11788025533788246,-0.2109156944750165,0.09766233766233766,-0.0685097952894563,0.21216376843495488,0.22623376623376623,0.13894122826326216,0.15115122165969624,0.19865067136253578,0.18635263042042702,-0.0602113141096192,-0.22255558001320713,-0.4153334800792428,-0.47619854721549637,0.2728263262161567,0.3178780541492406,-0.041789566365837555,-0.32090688972044906,-0.26999779881135816,-0.40464891041162226,-0.18308166409861326,-0.144719348448162,-0.2575808936825886,-0.3088994056790667
#51,0.20082104336341625,0.4068368919216377,0.6786880915694475,0.5450561303103676,0.2912854941668501,0.3800924499229584,0.42444199867928684,-0.25701078582434517,0.03292978208232446,1.0,0.3374686330618534,0.2060510675764913,0.2864604886638785,0.15973805855161788,-0.20177195685670263,-0.1691173233546115,0.7422562183579132,0.20448162007484041,-0.0701188641866608,-0.222524763372221,-0.16595421527624918,-0.09637244111820382,0.097904468412943,0.11552718467972706,0.10168390931102796,0.033924719348448165,0.19983270966321814,0.3400924499229584,0.2578780541492406,0.07312788906009245,-0.06818181818181818,-0.23448382126348227,0.1498415144177856,-0.14816200748404137,-0.13640325775918996,-0.2217587497248514,-0.13260840854061193,-0.232524763372221,-0.05100154083204931,-0.1896566145718688,0.1237178076161127,0.25530266343825664,0.08650451243671582,-0.07474796390050627,-0.05336781862205591,-0.19085846357032799,0.1844309927360775,0.4036715826546335,0.1763812458727713,0.3223376623376623,0.2938652872551178,0.3037904468412943,0.2426304204270306,0.17767114241690513,0.19968082764692935,0.18130970724191064,0.15513317191283293,0.1562029495927801,-0.3735130970724191,-0.1273695795729694,0.10204710543693594,0.2002377283733216,-0.07293638564825006,0.19262821923838874,0.256205150781422,0.16363636363636364,0.009152542372881356,0.24961038961038962,-0.014475016508914813,0.02360114461809377,-0.12588817961699317,-0.10855602025093551,-0.3220779220779221,0.1264736957957297,-0.10380585516178736,0.2117741580453445,0.11363416244772177,0.26664758969843716,0.39090688972044907,0.369240589918556,-0.06473915914593881,0.2886286594761171,,0.09917455425930002,0.07043363416244772,-0.2234008364516839,0.08538410741800573,0.04410081443979749,0.14012766894122827,0.12972044904248295,0.049304424389170154,0.1641008144397975,-0.07004622496147919,-0.06215496368038741,-0.1917015188201629,0.4101826986572749,0.25294298921417563,0.3502443319392472,0.20159145938806955,0.2337112040501871,0.2111864406779661,-0.08839093110279551,-0.004254897644728153,-0.03428351309707242,0.053083865287255116,0.13934624697336562,-0.03597842835130971,0.2692053709002862,0.26989874532247415,-0.2656680607528065,-0.21244111820383008
#52,0.03341184239489324,0.18740039621395554,0.23021791767554478,0.14745982830728593,0.1834096412062514,0.23016508914814,0.19061633281972265,0.19554919656614572,0.3689698437156064,0.3374686330618534,1.0,0.1987673343605547,0.3440501871010346,0.22560642747083426,-0.001582654633502091,-0.06745102355271847,0.18848558221439576,0.06333920316971164,0.050528285274047985,-0.2713845476557341,-0.20554699537750384,-0.17077261721329517,-0.002335461149020471,-0.151831388950033,0.08579793088267665,-0.00475676865507374,-0.011871010345586616,-0.023682588597842835,0.02104556460488664,0.21638564825005502,0.1830134272507154,0.09553819062293639,-0.0075544794188861985,0.09134712744882237,-0.038360114461809376,-0.12023332599603787,-0.027589698437156064,-0.10258419546555139,-0.15149460708782742,-0.2843957737178076,-0.08978648470173894,0.189933964340744,-0.03697996918335902,-0.01895443539511336,0.11087387189082104,0.04554479418886199,-0.04578252256218358,0.07266123706801673,0.25792648029936166,0.15675764913053047,-0.035201408760730794,0.03491525423728813,-0.15815100154083206,-0.11670702179176755,-0.09029936165529386,-0.12967202289236188,-0.08562623816861105,-0.12084525643847678,-0.022766894122826325,-0.16548316090688972,-0.01983050847457627,-0.1361765353290777,-0.1724653312788906,0.1614505833149901,0.01606207351970064,0.07476557340964121,-0.09924719348448162,0.05570107858243451,-0.07186660796830288,-0.19242350869469513,0.14134712744882236,0.07534668721109399,0.1241338322694255,0.07182918776139115,-0.12530926700418227,0.07874532247413603,-0.1327096632181378,-0.06329738058551618,-0.04715826546335021,0.1683711204050187,0.0024058991855602026,0.028978648470173896,,0.10615232225401718,-0.08555580013207131,0.14991635483160906,-0.007486242570988334,-0.10073739819502531,-0.019042482940788027,-0.10602025093550517,0.06697776799471715,0.17895663658375524,0.15819502531366939,0.07341184239489325,0.12968743121285495,0.1857274928461369,0.08998459167950694,0.22124807395993837,-0.15404578472375083,-0.09252036099493727,-0.06539071098393132,0.03368258859784284,0.1615166189742461,-0.03154963680387409,-0.09160686770856262,-0.11478978648470174,-0.1270526084085406,-0.012546775258639665,0.13054369359454104,-0.041210653753026634,-0.02009685230024213
#53,-0.08506273387629319,0.03353290777019591,0.08747083425049526,0.1887343165309267,0.6394254897644728,0.6680123266563944,0.48078802553378824,-0.07298701298701299,0.11940347787805415,0.2060510675764913,0.1987673343605547,1.0,0.48733436055469953,0.5930992736077482,-0.1613185119964781,0.2239159145938807,0.3550297160466652,-0.021314109619194364,-0.5799383667180278,-0.18516618974246093,-0.4744574069997799,-0.45428791547435615,-0.21738718908210433,-0.16263922518159807,-0.40189522342064715,-0.310264142637024,-0.36424169051287697,-0.1457406999779881,0.03824785384107418,0.031437376183138896,0.18711644287915474,0.3336451683909311,0.06815540391811578,-0.10432973805855161,-0.04789786484701739,-0.19650671362535768,0.09232445520581113,0.1323728813559322,-0.15476997578692495,-0.21388069557561082,-0.2255624036979969,0.26958617653532907,0.19066696015848558,0.22042482940788025,0.4255095751705921,-0.07218137794408981,-0.04032137354171252,0.3249064494827207,0.21954435395113361,0.40877834030376403,-0.12854721549636805,0.024598283072859346,-0.27552058111380145,-0.2940127668941228,-0.3314417785604226,-0.3185956416464891,-0.1905855161787365,0.03399075500770416,-0.2582786704820603,-0.2214175654853621,-0.1473563724411182,-0.23121065375302663,0.1778120184899846,0.21428131190843056,-0.22033237948492185,-0.11455205811138014,0.17369359454105218,0.20027294739159146,-0.3003786044464011,0.025128769535549197,-0.19397754787585297,-0.2758661677305745,-0.10217257318952234,0.035751705921197446,0.26416464891041164,0.29124807395993835,0.061362535769315434,-0.012916574950473256,0.15889500330178297,0.4304270305965221,0.48435615232225404,0.5323508694695135,,0.4780299361655294,0.36543693594541055,0.19913273167510456,0.04648029936165529,-0.1358331499009465,-0.2215496368038741,0.3746357032797711,0.2940017609509135,0.43646268985252035,0.005679066696015848,-0.008505392912172572,-0.11198106977767995,0.13037860444640106,-0.13987893462469733,-0.026297600704380364,-0.13941228263262162,-0.16728813559322034,-0.30004402377283734,0.162689852520361,0.13714946070878276,-0.2882390490865067,-0.23467752586396654,-0.1176799471714726,-0.4384371560642747,-0.13717367378384326,0.06501210653753027,-0.2917191283292978,-0.3030596522121946
#54,-0.02082544574069998,-0.03715166189742461,0.047323354611490204,0.06574950473255559,0.055016508914814,0.5340501871010346,0.5929627999119524,-0.32651992075720887,-0.05481399955976227,0.2864604886638785,0.3440501871010346,0.48733436055469953,1.0,0.5027294739159146,-0.030057230904688533,-0.08815760510675764,0.28889060092449925,-0.3151904028175215,-0.22126128109178958,-0.2379440898084966,-0.28539511336121504,-0.2894144838212635,-0.08136913933524104,-0.28863086066475896,-0.1588135593220339,-0.2770349988994057,-0.09922958397534669,-0.08318071758749725,0.4123860884877834,0.1788201628879595,0.29402377283733216,-0.03871010345586617,-0.08744441998679287,-0.014254897644728154,0.06513317191283292,-0.556962359674224,0.07708122386088488,-0.20116442879154744,-0.22537750385208014,-0.2219766674003962,0.1609619194364957,0.0163614351749945,0.3091745542593,-0.009337442218798151,0.038549416685009906,-0.25880475456746643,0.04416464891041162,0.24244772176975568,0.17381465991635484,0.3047721769755668,-0.12110499669821703,0.061787365177195686,-0.09945850759410081,0.010372000880475457,-0.013015628439357253,0.03688751926040062,0.06926260180497469,0.12828747523662778,-0.25794188861985473,-0.15580673563724412,0.03793308386528726,-0.16636363636363635,-0.023328197226502312,0.21826986572749285,0.023532907770195906,0.045628439357252915,0.025941008144397974,0.3194453004622496,-0.282656834690733,-0.09817961699317632,-0.1184107418005723,-0.19709663218137793,0.05775698877393793,0.10305745102355272,0.08536649790887078,0.4063944530046225,0.007600704380365397,0.12625357693154304,0.4376579352850539,0.4387277129650011,-0.01897424609289016,0.6043649570768215,,-0.04725071538630861,-0.31152762491745545,-0.2932313449262602,-0.24061193044243892,-0.17572529165749504,-0.04663658375522782,-0.10730134272507154,0.07388069557561083,0.11749724851419767,-0.34977327756988774,-0.21064935064935064,-0.341584855822144,0.22885758309487123,-0.1961435174994497,-0.11389170151882017,-0.11998899405679067,-0.13156724631300903,-0.006024653312788906,-0.37807395993836673,-0.2264010565705481,-0.5918710103455866,-0.1240545894783183,-0.21147479639005062,-0.14451904028175214,0.04871010345586617,0.3430112260620735,-0.009698437156064275,0.041899625797930884
#58,-0.2879462909971385,0.05265463350209113,-0.000865067136253577,0.02649570768214836,0.3040325775918996,0.6143385428131191,0.6685626238168612,-0.2225445740699978,0.24193704600484262,0.15973805855161788,0.22560642747083426,0.5930992736077482,0.5027294739159146,1.0,-0.020321373541712526,0.10929782082324455,0.23397314549856923,-0.08563724411182039,-0.17877834030376402,-0.02824125027514858,-0.4030794629099714,-0.3772705260840854,-0.14188201628879596,-0.2761589258199428,-0.2528109178956637,-0.3010279550957517,-0.3402377283733216,-0.28242130750605327,0.23837992515958617,0.361188641866608,0.49958617653532905,0.36158045344486023,0.00888399735857363,0.10434074400176095,0.13324675324675325,-0.28083425049526745,0.3042130750605327,0.174290116662998,-0.0736451683909311,-0.2254985692273828,0.02597842835130971,0.19025974025974027,0.30384547655734095,0.3150891481399956,0.30917235307065816,-0.11658375522782302,-0.15908650671362537,0.028386528725511777,0.2338102575390711,0.23997138454765574,-0.25637244111820384,-0.10637904468412943,-0.2612392692053709,-0.3002267224301123,-0.2207131851199648,-0.2419260400616333,-0.10853180717587498,0.023328197226502312,-0.2512458727712965,-0.1753731014747964,-0.3108188421747744,-0.4144948272066916,0.2053731014747964,0.31309267004182256,-0.11913053048646269,-0.03252036099493726,0.3818445960818842,0.4749966982170372,-0.16549636803874093,0.04583755227823024,-0.054261501210653755,-0.11482720669161348,0.003992956196346027,-0.09658375522782302,0.23756548536209554,0.3654589478318292,-0.05986132511556241,-0.0436319612590799,0.24063394232885757,0.509291217257319,0.42518159806295397,0.47666079683028834,,0.366022452124147,0.045390710983931326,-0.04157384987893462,-0.24016508914814,-0.07122826326216157,-0.07975346687211093,0.19468853180717588,0.25852080123266563,0.29647589698437155,-0.06753907109839313,-0.056519920757208894,-0.14191283292978207,0.20524323134492625,-0.18135373101474797,-0.1782148360114462,-0.27389390270746206,-0.1951683909311028,-0.26942548976447284,0.06607968302883557,0.11948051948051948,-0.5270482060312569,-0.33224081003742023,-0.29852080123266567,-0.4275610829848118,-0.2526788465771517,0.06972485141976667,-0.30093110279550955,-0.2313449262601805
#101,-0.3295883777239709,-0.1189192163768435,-0.30318732115342284,-0.423647369579573,-0.27008804754567467,-0.26144838212634824,-0.039680827646929345,-0.16862425709883336,0.29766013647369577,-0.20177195685670263,-0.001582654633502091,-0.1613185119964781,-0.030057230904688533,-0.020321373541712526,1.0,0.41730794629099716,-0.07967422408100375,0.11105216817081223,0.35755007704160247,-0.08481399955976227,0.5362271626678407,0.058956636583755224,0.3372154963680387,-0.122491745542593,0.26016949152542374,-0.027686550737398195,-0.23052388289676426,-0.5409355051727933,0.06657935285053929,-0.20362755888179618,-0.18133612150561304,0.0174950473255558,-0.3406999779881136,-0.09707021791767555,-0.033431653092670044,-0.10420647149460709,0.06301342725071539,0.06019810697776799,-0.06066916134712745,0.11959278010125468,0.32042482940788025,-0.2594783182918776,-0.07963680387409201,-0.09624697336561744,-0.22842835130970723,-0.05544133832269425,-0.4320471054369359,-0.45717367378384327,-0.3298635263042043,-0.39582874752366276,-0.2802289236187541,-0.5287277129650011,-0.23379264802993616,-0.28518379925159587,0.030957517059211976,-0.24169271406559542,-0.0031873211534228485,-0.12990534888839975,-0.20266784063394233,-0.12807175874972485,-0.29762271626678405,-0.25848558221439577,-0.10824565265243231,-0.12642967202289238,-0.3280541492405899,-0.14609949372661238,-0.12117763592339864,-0.1266321813779441,0.3646929341844596,0.10215496368038741,-0.09004842615012107,-0.12675544794188862,0.039625797930882674,-0.28857803213735417,0.04824785384107418,-0.312194585075941,-0.1964670922298041,-0.34331719128329297,0.14015408320493067,-0.17312568787145058,-0.16446841294298922,-0.4097842835130971,,-0.2261897424609289,-0.30756988773937927,-0.09185780321373542,-0.4108452564384768,-0.39716046665199206,-0.09181598062953995,-0.14740039621395554,-0.33648910411622274,-0.25289016068677084,-0.15560642747083425,-0.2704710543693595,-0.16140435835351089,0.22148580233325996,0.15323574730354392,-0.04973145498569227,-0.19248954435395113,-0.11619194364957076,-0.20203169711644287,-0.04487343165309267,0.046570548095971824,0.08714725952014088,0.0213449262601805,-0.046788465771516616,-0.052865947611710325,-0.20417125247633722,-0.059115122165969626,-0.09541932643627558,-0.10289016068677086
#102,-0.02395333480079243,0.29362976007043806,-0.11451463790446842,0.01684569667620515,0.12821043363416246,0.01773497688751926,0.02280431432973806,0.02806075280651552,0.26827426810477656,-0.1691173233546115,-0.06745102355271847,0.2239159145938807,-0.08815760510675764,0.10929782082324455,0.41730794629099716,1.0,-0.14443319392471934,0.007182478538410742,-0.011688311688311689,0.39623156504512436,0.15343605546995379,0.17843275368699096,-0.11151441778560423,-0.06952894563064055,-0.23489984591679508,0.01718247853841074,-0.30516398855381904,-0.23144177856042264,-0.33313669381465993,-0.23043143297380586,-0.31644948272066914,0.05953114681928241,-0.37467532467532466,-0.2930508474576271,-0.24613911512216596,0.04191503411842395,-0.15522342064714947,0.10614571868809157,-0.222095531587057,0.06908210433634163,-0.09800792427911072,0.1051882016288796,-0.18096632181377945,0.3101694915254237,0.002531366938146599,0.09856702619414484,-0.18560642747083425,-0.13628439357252917,-0.30645168390931105,-0.10187981510015408,-0.2529011666299802,-0.3523794849218578,-0.5209090909090909,-0.2969689632401497,-0.4349240589918556,-0.33729253797050407,-0.26184239489324235,0.1472176975566806,-0.2798459167950693,-0.16378164208672683,-0.3437244111820383,-0.3456174334140436,0.10401276689412282,0.25182258419546555,-0.23584195465551397,-0.14216596962359673,0.033431653092670044,0.011510015408320494,0.14550517279330838,0.300891481399956,-0.20620074840413824,-0.17658815760510677,-0.09586176535329077,-0.16680827646929342,0.2325313669381466,-0.1417455425930002,-0.08678846577151662,-0.22028175214615892,-0.07495267444419987,0.0889390270746203,0.04939027074620295,-0.054307726172132954,,0.06531807175874972,0.1419898745322474,0.0850759410081444,-0.3032599603786044,-0.30442879154743563,-0.15692714065595423,0.10242791107197886,-0.05051727933083865,-0.12109839313229144,-0.051699317631521025,-0.3191811578252256,-0.15250935505172794,-0.07082764692934185,0.11616112700858464,-0.09464010565705482,-0.19078362315650452,-0.18087827426810477,-0.28260620735197006,0.017107638124587276,-0.013904908650671363,0.08042262821923839,-0.15163768434954875,-0.06548536209553159,-0.40913273167510456,-0.24807836231565045,0.052597402597402594,-0.25392692053709004,-0.33501430772617213
#201,0.10147919876733436,0.13826326216156726,0.6393154303323795,0.40408540611930444,0.3689038080563504,0.4899097512656835,0.3977261721329518,-0.2668258859784284,0.0064032577591899625,0.7422562183579132,0.18848558221439576,0.3550297160466652,0.28889060092449925,0.23397314549856923,-0.07967422408100375,-0.14443319392471934,1.0,0.3850803433854281,-0.10192604006163328,-0.3370812238608849,-0.1557340964120625,-0.20016288795949813,0.3125379705040722,0.13672463130090248,0.09053488883997358,0.00928681488003522,-0.027147259520140875,0.07933303984151442,0.42390710983931323,0.047087827426810475,0.050981730134272506,-0.07563724411182038,0.21092009685230023,-0.12061853400836452,-0.1822143957737178,-0.27482060312568785,-0.10109178956636584,-0.13988553819062294,-0.19664758969843715,-0.09059211974466212,0.04649570768214836,0.2344750165089148,0.1437178076161127,-0.06785163988553819,-0.034976887519260404,-0.2269271406559542,0.0647985912392692,0.3498084965881576,0.06221879815100154,0.19259520140876074,0.256979969183359,0.18624477217697558,0.26450143077261723,0.10117763592339864,0.22403697996918337,0.07284613691393352,-0.0250363196125908,-0.11287695355491965,-0.4857010785824345,-0.22598943429451904,-0.017911071978868588,0.06522121945850759,-0.1487079022672243,-7.484041382346467e-05,0.07140876073079463,0.09657495047325555,0.06543693594541052,0.2292692053709003,0.04966321813779441,-0.035694475016508916,-0.09803874092009686,-0.1512392692053709,-0.3178164208672683,0.0338828967642527,-0.17352410301562843,0.087640325775919,-0.050935505172793306,0.10987673343605547,0.5642504952674444,0.41821483601144616,0.11767554479418886,0.2610301562843936,,0.3061237068016729,0.1289852520360995,-0.2479947171472595,-0.0021769755668060754,-0.028912612810917896,0.061184239489324235,0.32965221219458507,0.014939467312348667,0.23761171032357473,-0.08311688311688312,-0.021727933083865288,-0.2204028175214616,0.6370592119744662,0.432425709883337,0.4727360774818402,0.40034558661677305,0.33940788025533786,0.2312326656394453,0.13804754567466432,0.1545608628659476,0.017094430992736078,0.1869403477878054,0.3082786704820603,-0.0364274708342505,0.08258199427690953,0.17639005062733876,-0.3922011886418666,-0.34793308386528726
