,#10,#11,#12,#13,#17,#18,#26,#49,#50,#51,#52,#53,#54,#58,#101,#102,#201,#202,#301,#302,#401,#402,#501,#502,#601,#602,#701,#702,#801,#802,#901,#902,#1001,#1002,#1101,#1102,#1201,#1202,#1301,#1302,#1401,#1402,#1501,#1502,#1601,#1602,#1701,#1702,#1801,#1802,#1901,#1902,#2001,#2002,#2101,#2102,#2201,#2202,#2301,#2302,#2401,#2402,#2501,#2502,#2601,#2602,#2701,#2702,#2801,#2802,#2901,#2902,#3001,#3002,#3101,#3102,#3201,#3202,#3301,#3302,#3401,#3402,#3455,#3501,#3502,#3601,#3602,#3701,#3702,#3801,#3802,#3901,#3902,#4001,#4002,#4101,#4102,#4201,#4202,#4301,#4302,#4401,#4402,#4501,#4502,#4601,#4602,#4701,#4702,#4801,#4802
#10,1.0,0.33513757429011665,0.4315364296720229,0.3566629980189302,0.4342042703059652,0.10816420867268325,-0.04047105436935945,0.6560818842174775,0.24166629980189303,0.5713933524103015,0.6572661237068017,0.2218798151001541,0.04068456966762052,0.33603345806735635,-0.247277129650011,-0.15543253356812678,0.5055690072639225,0.31227162667840636,-0.20721329517939688,-0.18043803653973145,-0.27907990314769976,-0.25455205811138015,-0.18303543913713405,-0.058996257979308825,-0.1271252476337222,0.1485163988553819,-0.06499229583975347,0.15661016949152542,-0.005835351089588377,0.20681267884657714,0.4286088487783403,0.18790887079022672,0.37950913493286376,0.22631961259079902,0.1799735857362976,0.3138828967642527,0.23087387189082104,0.08668500990534889,0.2137772397094431,0.11159806295399516,-0.26496147919876734,-0.18074840413823465,0.035155183799251595,0.025967422408100373,-0.0056130310367598505,-0.0674554259300022,0.05182258419546555,0.1356218357913273,-0.12203609949372661,-0.13001100594320933,-0.03178516398855382,-0.036843495487563285,0.1696830288355712,0.1294673123486683,-0.1506867708562624,0.1413317191283293,-0.42887519260400614,-0.31514417785604226,-0.013066255778120185,-0.1560312568787145,0.22954435395113362,0.1311270085846357,0.10450143077261721,-0.011014747963900506,0.11299141536429672,-0.07785824345146379,0.05177635923398635,-0.08136693814659916,0.18254897644728152,0.12138234646709223,0.2572088928021131,0.21977988113581334,-0.1449438696896324,0.23877613911512216,-0.2408430552498349,-0.13761831388950033,-0.15010125467752586,-0.264851419766674,-0.2593286374642307,0.014334140435835351,-0.23801452784503632,-0.1444045784723751,0.25900946511116,0.3082280431432974,0.4219414483821263,0.30830948712304646,0.36428571428571427,-0.11096852300242131,-0.10414263702399296,0.1290314769975787,0.0962029495927801,0.23372881355932204,0.05037640325775919,0.29053048646268986,0.0034382566585956418,0.22002421307506054,0.1601915034118424,0.28666299801893025,0.16871670702179176,-0.03104556460488664,0.06806955756108299,0.5581421967862645,0.3988663878494387,0.5806141316310808,0.29502091129209773,0.33308826766453886,0.16935725291657494,0.12545454545454546,-0.07155844155844156,0.05460048426150121,-0.03877613911512216
#11,0.33513757429011665,1.0,0.4615694475016509,0.3818996257979309,0.07027734976887519,0.26228263262161566,0.38103235747303543,0.19056790666960158,0.4223728813559322,0.16063834470614133,0.1775148580233326,0.12193704600484262,0.22201848998459167,-0.01114241690512877,-0.021483601144618093,0.09267884657715166,-0.008705701078582434,0.39933964340744,-0.16555580013207133,-0.1453731014747964,-0.27192383887299143,-0.1826172132951794,0.31328637464230685,0.25705480959718247,-0.019920757208892803,0.1319106317411402,-0.13747083425049528,0.04783182918776139,0.03385428131190843,0.047138454765573407,0.10710763812458728,0.11466872110939907,-0.026414263702399295,0.0011930442438917014,0.017823024433193925,0.20278890600924498,0.11853180717587497,-0.17854721549636804,0.0664208672683249,0.02074620294959278,-0.09086506713625357,-0.2083447061413163,0.06488003521901826,0.11508034338542814,0.04664758969843716,0.0550693374422188,-0.2259982390490865,0.07144838212634823,-0.11836231565045124,-0.0003103675985031917,-0.04635263042042703,-0.10154743561523223,-0.1418379925159586,-0.03388729914153643,-0.29689632401496807,-0.20798151001540832,-0.310924499229584,-0.2442725071538631,0.06643187321153422,0.041567246313009024,0.1856746643187321,0.0536979969183359,0.23316090688972044,0.024767774598283072,-0.002425709883337002,-0.035023112480739596,0.2325181598062954,0.2628395333480079,0.13560202509355052,0.11502091129209774,0.21910631741140216,0.3683931322914374,-0.2811071978868589,-0.3032269425489765,-0.4176579352850539,-0.27552718467972703,-0.19264802993616553,-0.12225181598062954,0.0012480739599383668,0.17408980849658814,9.465111160026414e-05,-0.04274488223640766,-0.006610169491525424,0.031576051067576494,-0.0021813779440898085,0.1670195905789126,0.004844816200748404,-0.012135152982610609,0.006376843495487563,-0.004413383226942549,-0.01197226502311248,0.16797930882676645,0.11308386528725511,0.1938366718027735,0.30911292097732773,0.005734096412062514,0.3034668721109399,0.060202509355051725,0.08688091569447502,-0.16539731454985693,0.0813251155624037,0.15558881796169932,0.07916134712744882,0.127739379264803,0.11055469953775038,0.008813559322033898,0.15268765133171913,-0.017215496368038742,-0.19718908210433633,0.12167290336781862,0.0986022452124147
#12,0.4315364296720229,0.4615694475016509,1.0,0.5413999559762271,0.36181598062953996,0.27706141316310806,0.1368963240149681,0.21140655954215276,0.29046004842615014,0.32338542813119087,0.26558001320713187,0.19946951353731016,0.18431873211534228,0.2688069557561083,-0.1783116883116883,0.05977327756988774,0.4445168390931103,0.7961941448382126,-0.37599603786044467,-0.3002223200528285,-0.5657935285053929,-0.3942989214175655,0.40047325555800134,0.1914902047105437,0.08447941888619855,0.19278010125467754,-0.07909311027955096,0.12289896544133833,0.054699537750385205,0.2674796390050627,0.3531895223420647,0.3489698437156064,0.24826106097292538,0.3775698877393793,0.13020911292097734,0.14300462249614793,0.1225115562403698,0.0005657054809597182,0.08289236187541273,0.08915694475016508,-0.2333898305084746,-0.03916134712744882,0.06143957737178076,0.13767114241690512,-0.15187981510015408,-0.09994937266123707,-0.0713053048646269,-0.012830728593440458,-0.1173959938366718,-0.11442659035879375,-0.29511336121505616,0.026918335901386748,-0.06493946731234866,0.25620074840413826,-0.3929385868368919,0.15703059652212195,-0.36554259300022013,-0.18663878494386968,-0.08849658815760511,-0.011415364296720229,0.08542813119084305,0.0030508474576271187,0.10902267224301122,0.059898745322474134,-0.025731895223420648,-0.1636121505613031,0.20246092890160686,0.10358793748624257,-0.028939027074620295,0.02546335020911292,0.1578846577151662,0.13040501871010346,-0.3014241690512877,0.08397974906449483,-0.16130310367598502,0.10393132291437376,-0.1266233766233766,-0.0032709663218137793,0.04327536869909751,0.2064274708342505,0.0012392692053709003,0.001578252256218358,0.2672705260840854,0.21996257979308828,0.28535549196566146,0.21951793968743122,0.20136253576931543,-0.1539753466872111,-0.013898305084745762,0.09624036979969183,0.05727492846136914,0.08453885097952894,0.09444419986792868,0.14781642086726832,0.13961919436495707,0.5605591019150341,0.477871450583315,0.31547215496368036,0.4105569007263922,-0.23687651331719128,0.14165969623596741,0.5220669161347128,0.519093110279551,0.3190050627338763,0.2776865507373982,0.07503411842394893,0.4157891261281092,0.009854721549636803,0.01656834690732996,-0.04593000220118864,0.1374818401937046
#13,0.3566629980189302,0.3818996257979309,0.5413999559762271,1.0,0.03181377944089808,0.3087277129650011,0.2661853400836452,0.05096191943649571,0.01930442438917015,0.2588928021131411,0.11562623816861105,0.16375302663438257,0.28400396213955537,0.0064384767774598286,-0.2959806295399516,-0.22347127448822365,0.026095091349328636,0.42868368919216376,-0.4862755888179617,-0.33782962799911953,-0.4969381465991635,-0.355841954655514,0.30915254237288137,0.08402377283733216,0.06370900286154524,-0.008430552498349108,-0.07993616552938587,0.1464802993616553,0.07336341624477218,0.2459454105216817,0.17546114902047105,0.39705040721989876,0.1486484701738939,0.3400220118864187,0.26392692053709005,0.19602905569007265,0.3733370019810698,0.11746643187321154,0.28535108958837774,0.31595641646489103,0.033546114902047106,-0.008516398855381906,0.14030156284393572,0.19201848998459167,-0.055031917235307065,0.0947061413163108,0.004505833149900947,0.14393792648029935,0.0626502311248074,0.05943649570768215,-0.032725071538630864,0.2447325555800132,0.14460708782742682,0.2515166189742461,-0.13511336121505613,0.14549636803874091,-0.1636253576931543,-0.07422187981510016,0.20458067356372442,0.32688531807175875,0.06914153642967202,-0.023295179396874314,0.09055249834910852,-0.12273607748184019,0.08461589258199427,-0.09212414703940128,0.21559542152762493,0.1636847897864847,-0.16236847897864848,-0.16112700858463572,0.06252256218357913,-0.04736077481840194,-0.1454633502091129,0.051866607968302884,-0.052859344045784726,0.07233546114902047,-0.014514637904468414,-0.08159806295399516,0.05460708782742681,0.05837112040501871,-0.09489764472815321,0.04531366938146599,0.05673123486682809,0.054921857803213736,0.0237442218798151,-0.007908870790226723,-0.006762051507814219,-0.009196566145718689,0.13745322474136035,-0.0008738718908210434,0.17606867708562624,0.11795729694034779,0.2888839973585736,0.15977327756988774,0.3486044464010566,0.1001915034118424,0.12109399075500771,0.08017389390270746,0.17178736517719567,0.007358573629760071,0.42281752146158924,0.12823024433193925,0.3393616552938587,0.18347127448822365,0.2918467972705261,0.18766894122826328,0.359966982170372,0.007431212854941668,-0.07191063174114022,0.03801893022232005,0.18177635923398636
#17,0.4342042703059652,0.07027734976887519,0.36181598062953996,0.03181377944089808,1.0,0.18253356812678848,-0.28415144177856044,0.4493154303323795,0.17034118423948932,0.4731058771736738,0.5830222320052828,0.578928021131411,0.19528285274047985,0.8483138895003302,-0.3246973365617433,-0.14058991855602024,0.5031300902487343,0.33890160686770854,-0.26704600484261504,-0.2743759630200308,-0.5154919656614572,-0.3516795069337442,-0.3393286374642307,-0.10707902267224301,-0.47936605767114243,-0.007915474356152322,-0.12906009244992295,-0.030924499229583974,0.09753246753246753,0.32935064935064934,0.46014968082764696,0.27730794629099714,0.18101915034118424,0.07970724191063173,0.19944750165089148,0.3272044904248294,-0.1440986132511556,-0.1928681488003522,-0.12618093770636143,0.18064054589478318,-0.18260180497468634,-0.21591679506933745,-0.025491965661457186,-0.03084305524983491,0.06615012106537531,0.1686022452124147,0.02227823024433194,0.1694276909531147,0.01233546114902047,-0.06228043143297381,-0.19174554259300022,-0.08046445080343385,-0.1440677966101695,-0.023858683689192164,-0.3631300902487343,0.06135593220338983,-0.3871648690292758,-0.1841602465331279,-0.03446180937706361,-0.09383226942548976,0.16438696896324015,0.07730794629099713,0.06582214395773718,0.04740039621395554,-0.008106977767994718,-0.1842394893242351,-0.14911512216596962,-0.37107197886858906,-0.09158485582214396,0.10276689412282633,-0.09699757869249395,-0.2511930442438917,-0.198135593220339,0.16154743561523222,-0.1753378824565265,-0.13130310367598502,-0.19456086286594762,-0.20646709222980408,-0.37142857142857144,0.00760510675764913,0.13174774378164208,0.383086066475897,0.5104842615012106,0.7173629760070438,0.8624829407880256,0.5560290556900727,0.5082368478978648,0.0424455205811138,-0.0027074620294959277,0.6307329958177416,0.3971516618974246,0.5025709883337002,0.32387189082104334,0.12183799251595862,-0.17994276909531146,0.37202069117323355,0.164884437596302,-0.0758397534668721,-0.015280651551837993,-0.2006713625357693,-0.08563724411182039,0.6883799251595861,0.5582038300682368,0.36416905128769533,-0.018749724851419767,-0.005216817081223861,0.21880255337882457,0.03810477657935285,0.13538410741800572,-0.08087387189082104,-0.15263262161567245
#18,0.10816420867268325,0.26228263262161566,0.27706141316310806,0.3087277129650011,0.18253356812678848,1.0,0.47677305745102355,-0.10135593220338983,-0.0848051948051948,0.11569447501650891,0.04876293198327097,0.602128549416685,0.6684591679506934,0.06349548756328417,-0.49798371120405016,-0.40542152762491745,0.0585890380805635,0.1714902047105437,-0.399603786044464,-0.27890380805635046,-0.5435417125247634,-0.19113801452784504,0.042584195465551394,0.027655734096412064,-0.295841954655514,-0.12182918776139115,-0.187640325775919,-0.21042042703059652,0.5539973585736298,0.6289148139995597,0.0587012987012987,0.42920537090028615,-0.14747303543913715,0.12977107638124588,0.11065815540391812,0.21612810917895664,0.04521901826986573,-0.06366938146599163,0.055174994497028396,0.29934404578472373,0.29500550297160466,-0.112722870349989,-0.021787365177195685,0.3120250935505173,-0.18388729914153643,0.030140876073079463,-0.14950033017829628,-0.11362976007043804,-0.010198106977767995,0.012027294739159146,-0.1408496588157605,-0.0636319612590799,-0.192755888179617,0.15930222320052828,-0.23646709222980408,0.09205811138014527,-0.0068589038080563505,0.08228923618754128,0.08640766013647369,0.3274290116662998,0.15625357693154304,0.04523002421307506,0.4485230024213075,0.4193308386528726,-0.05726392251815981,-0.12926480299361656,-0.07174994497028395,-0.005918996257979309,-0.24088487783403037,-0.21451463790446842,-0.10481399955976227,-0.12347567686550738,-0.07624036979969183,-0.031052168170812237,-0.154620294959278,-0.10583094871230464,0.06042703059652212,0.11623376623376623,0.12430772617213295,0.4557935285053929,0.10840193704600484,0.6192537970504072,0.10339863526304205,0.008456966762051508,-0.047752586396654195,0.21047765793528506,0.019672022892361876,0.2696125907990315,0.09356812678846577,-0.046128109178956635,0.10619414483821263,0.27063834470614134,0.3468897204490425,0.24609289016068678,0.3127294739159146,-0.010167290336781862,-0.06032137354171253,-0.16954435395113363,-0.25185119964780983,-0.0006823684789786484,0.016328417345366497,0.21305524983491086,0.2245080343385428,-0.03032357473035439,-0.15487563284173453,-0.13163988553819062,-0.02345806735637244,0.11797050407219899,0.07702839533348008,0.13191503411842395,0.1754897644728153
#26,-0.04047105436935945,0.38103235747303543,0.1368963240149681,0.2661853400836452,-0.28415144177856044,0.47677305745102355,1.0,-0.10103896103896104,-0.0900132071318512,-0.005716486902927581,-0.11107858243451464,0.1438895003301783,0.4769315430332379,-0.26162887959498127,-0.15744662117543473,-0.2271516618974246,-0.24299581774158047,0.03583535108958838,-0.2368170812238609,-0.16168611049966983,-0.21803874092009684,-0.1984701738939027,0.29784503631961257,-0.14670922298040942,0.006751045564604887,-0.19984591679506933,-0.16745102355271846,-0.21750605326876513,0.03632401496808276,0.03046224961479199,-0.19409421087387188,0.051723530706581554,-0.04931763152102135,0.10080563504292318,-0.2485097952894563,-0.14064935064935066,0.10583755227823025,-0.0064891041162227605,0.16933083865287255,0.060605326876513314,0.09038520801232666,-0.20995597622716267,-0.19390710983931322,0.0076315210213515295,-0.23354831609068896,-0.08348228043143298,-0.12051067576491305,-0.13909311027955096,-0.10662998018930223,0.05170151882016289,-0.2012656834690733,-0.14411622276029057,-0.1412656834690733,0.1519832709663218,-0.08069997798811358,0.027539071098393132,0.14838872991415364,0.15728593440457847,0.19679286814880034,0.17978648470173894,0.3108562623816861,0.20853400836451683,0.14943209333039842,0.14482060312568787,-0.11463130090248734,-0.1502575390710984,0.0710147479639005,0.4712965001100594,-0.14486022452124148,-0.34054369359454106,-0.0021021351529826107,0.09627118644067796,0.0902839533348008,-0.09228923618754127,0.06533568126788465,0.16845696676205152,0.29888839973585735,0.29621835791327317,0.24495487563284174,0.03347567686550738,0.09933303984151441,0.11155183799251596,0.04170812238608849,-0.28349328637464233,-0.37002421307506056,0.1261633281972265,0.03858683689192164,0.19746643187321153,-0.13768875192604005,-0.4045102355271847,-0.22122386088487783,0.12991855602025093,0.05563944530046225,0.24026634382566586,0.5176315210213516,-0.24754347347567687,-0.21039621395553598,-0.10667400396213955,-0.0512590799031477,0.007840633942328857,0.0054149240589918555,-0.20124807395993838,-0.04689192163768435,-0.12621175434734758,0.06935285053929122,0.06316090688972045,0.13226942548976448,0.27376183138895005,0.04744662117543474,0.3613845476557341,0.3999603786044464
#49,0.6560818842174775,0.19056790666960158,0.21140655954215276,0.05096191943649571,0.4493154303323795,-0.10135593220338983,-0.10103896103896104,1.0,0.4130222320052829,0.4769425489764473,0.664191063174114,0.2151683909311028,-0.17525863966541932,0.40661457186880917,0.03180497468633062,-0.05768434954875633,0.3726106097292538,0.23739599383667181,-0.16245432533568127,-0.2926964560862866,-0.18018930222320054,-0.19494827206691615,-0.0814637904468413,-0.042923178516398854,-0.08496588157605106,0.15348448162007483,-0.1295641646489104,-0.0018908210433634162,-0.1578582434514638,0.04815320272947392,0.2188267664538851,0.14203389830508475,0.3924653312788906,0.18907990314769976,0.09044684129429892,0.237805414924059,0.10553598943429451,0.023845476557340962,0.12851860004402377,0.2633612150561303,-0.28871230464450803,-0.18781862205591018,-0.0710411622276029,-0.043933524103015625,0.08842835130970725,0.08372000880475457,-0.004902047105436936,-0.00045784723750825443,-0.2083975346687211,-0.27222540171692716,-0.1438234646709223,-0.3106823684789786,-0.08644508034338542,-0.2097226502311248,-0.1968633061853401,-0.1887739379264803,-0.5870173893902707,-0.5029407880255338,0.016077481840193704,-0.3011182038300682,0.26497468633061855,0.11876953554919657,0.0637574290116663,-0.019544353951133613,-0.054199867928681485,-0.2900308166409861,-0.06882236407660136,-0.12771736737838432,0.12240810037420206,0.060977327756988775,0.10402597402597402,0.014842615012106538,-0.1200132071318512,-0.013581333920316971,-0.2855580013207132,-0.22496808276469293,-0.12012766894122827,-0.33418886198547215,-0.35196786264582874,-0.004397974906449483,0.00857803213735417,-0.06396874312128549,0.35306185340083646,0.3916552938586837,0.49219238388729913,0.4381752146158926,0.3640127668941228,-7.043803653973145e-05,-0.14115562403697998,0.2639885538190623,0.22270085846357032,0.3285186000440238,0.1134470614131631,0.18677525863966543,-0.007376183138895004,0.21005502971604667,0.1460180497468633,0.17232225401716927,0.2137904468412943,-0.05926040061633282,-0.1286286594761171,0.48449262601804977,0.15483601144618095,0.5046158925819942,0.311369139335241,0.31021571648690294,0.26956856702619414,0.06387849438696896,-0.29617653532907773,-0.08047985912392693,-0.3025071538630861
#50,0.24166629980189303,0.4223728813559322,0.29046004842615014,0.01930442438917015,0.17034118423948932,-0.0848051948051948,-0.0900132071318512,0.4130222320052829,1.0,0.23367378384327536,0.2835373101474796,0.03128989654413383,-0.10800572309046885,0.22383226942548975,0.19325996037860443,0.17851860004402378,0.20577151661897425,0.2737046004842615,0.010699977988113582,-0.005289456306405459,-0.2301518820162888,-0.015377503852080122,0.15329297820823246,0.26572529165749503,0.05122165969623597,0.2894188861985472,-0.18531146819282412,0.07095311468192825,-0.12474356152322254,0.06957517059211975,0.16141976667400396,0.10181818181818182,0.09941008144397975,-0.006321813779440898,0.0027756988773937927,0.2637772397094431,-0.014173453664979088,-0.10744662117543473,-0.09334580673563725,-0.061954655513977545,-0.2290909090909091,-0.13832929782082323,0.07728593440457847,0.13836671802773498,0.10875192604006163,-0.016707021791767553,-0.3273497688751926,-0.12189522342064715,-0.1886550737398195,-0.2699405679066696,-0.16353731014747963,-0.3273607748184019,-0.23154743561523222,-0.28747083425049524,-0.3210103455866168,-0.2641052168170812,-0.41793968743121285,-0.3127536869909751,-0.02202509355051728,-0.33125027514858024,0.18975126568346906,0.01970063834470614,0.23610609729253798,0.10827867048206032,-0.07785384107418006,0.02673563724411182,0.07143957737178076,-0.05382126348228043,0.2946621175434735,0.3537508254457407,0.14329297820823245,0.12264582874752367,-0.2466651992075721,-0.048597842835130974,-0.32263262161567247,-0.1718732115342285,-0.14810697776799472,-0.12425489764472815,-0.12533788245652652,0.07281972265023112,0.07807395993836672,-0.09967422408100374,0.24482280431432973,0.13249614791987674,0.20795289456306407,0.17484261501210654,0.1660708782742681,-0.06760950913493287,-0.10948492185780322,0.11695575610829848,0.062755888179617,0.18313889500330177,-0.014481620074840414,-0.03357693154303324,-0.021664098613251154,0.22493946731234868,0.33193264362755887,0.2882390490865067,0.04808936825885978,-0.13357473035439138,-0.10235307065815541,0.2691569447501651,0.1001584855822144,0.2574466211754347,0.04850319172353071,0.01782082324455206,0.004248294078802554,0.04567246313009025,-0.11153422848338103,-0.058732115342284834,-0.1663614351749945
#51,0.5713933524103015,0.16063834470614133,0.32338542813119087,0.2588928021131411,0.4731058771736738,0.11569447501650891,-0.005716486902927581,0.4769425489764473,0.23367378384327536,1.0,0.8480827646929342,0.3445630640545895,0.026037860444640105,0.4099977988113581,-0.1461171032357473,-0.09934844816200748,0.714736957957297,0.24449262601804975,-0.20661897424609288,-0.19089808496588156,-0.3483909311027955,-0.29492846136913936,-0.2086286594761171,-0.06622716266784064,-0.15295179396874312,-0.1059784283513097,0.003277569887739379,0.1702707462029496,-0.07639005062733877,0.20871010345586616,0.33588597842835133,0.12380145278450363,0.31946290997138455,0.14689632401496808,0.15555580013207132,0.2561479198767334,0.1930002201188642,-0.10010345586616773,0.20132951793968742,0.14604226282192384,-0.2631631080783623,-0.08063394232885758,0.11691173233546115,0.030983931322914375,0.12139995597622716,0.035234426590358796,0.053561523222540174,0.1300066035659256,-0.03457627118644068,-0.015188201628879594,-0.07586616773057452,-0.02719568567026194,0.0012987012987012987,-0.14988333700198106,-0.2257825225621836,-0.09292758089368258,-0.4190446841294299,-0.3333281972265023,-0.019755668060752806,-0.09379264802993617,0.1164802993616553,-0.09287255117763592,0.04920977327756989,-0.027136253576931543,0.16967202289236188,-0.027739379264802994,0.042727272727272725,-0.039330838652872555,0.08680827646929341,0.13753026634382567,0.10451904028175214,0.012179176755447942,-0.16533348007924278,0.07164208672683249,-0.19362095531587056,-0.2669359454105217,-0.22511336121505612,-0.26277129650011005,-0.09349768875192604,0.05954655513977548,-0.19441998679286815,-0.1191701518820163,0.3102421307506053,0.36311468192824126,0.4186110499669822,0.35156944750165087,0.3328395333480079,0.07307506053268766,-0.05236847897864847,0.23211754347347568,0.24494607087827427,0.274125027514858,0.23230464450803434,0.06996478098173013,-0.03094210873871891,0.3479176755447942,0.097706361435175,0.18668280871670703,0.041140215716486905,-0.21122826326216157,0.0660378604446401,0.6368765133171913,0.3384283513097072,0.4578494386968963,0.03976667400396214,0.15960818842174773,0.15793748624257098,-0.010537090028615453,-0.12809817301342724,-0.16803213735417125,-0.23697116442879154
#52,0.6572661237068017,0.1775148580233326,0.26558001320713187,0.11562623816861105,0.5830222320052828,0.04876293198327097,-0.11107858243451464,0.664191063174114,0.2835373101474796,0.8480827646929342,1.0,0.3271384547655734,-0.029284613691393353,0.5269337442218798,-0.13220338983050847,-0.05924719348448162,0.6490226722430112,0.2676227162667841,-0.1576469293418446,-0.24925819942769095,-0.31403037640325776,-0.23206031256878715,-0.2869227382786705,-0.07977327756988774,-0.24364957076821483,0.006141316310807836,-0.03458727712965001,0.06541272287034999,-0.07834250495267445,0.16077261721329517,0.3948382126348228,0.10898965441338322,0.40660136473695796,0.08651111600264143,0.1733876293198327,0.32822584195465554,0.09942548976447281,-0.09612810917895663,0.07284393572529166,0.14832929782082324,-0.2845630640545895,-0.16253576931543035,0.11069777679947171,0.06392692053709002,0.07898745322474136,0.10954215276249174,0.03661677305745102,0.029064494827206692,-0.08483160906889721,-0.14331499009465112,-0.08040501871010346,-0.14983491085186001,-0.049436495707682146,-0.19335241030156283,-0.25744001760950913,-0.11034998899405679,-0.5805392912172573,-0.4607109839313229,-0.008928021131410962,-0.152821923838873,0.2660290556900726,0.05670261941448382,0.11027074620294959,-0.05095091349328638,0.09923398635263042,-0.13100374202069118,0.047288135593220336,-0.15250715386308605,0.1490777019590579,0.1604886638784944,0.17109839313229144,0.08517939687431213,-0.17689852520360996,0.11515518379925159,-0.30657495047325556,-0.30770856262381685,-0.22298921417565484,-0.31675544794188865,-0.21312788906009245,0.12363196125907991,-0.18253576931543034,-0.057404798591239266,0.4049548756328417,0.47957517059211974,0.5770548095971825,0.49147259520140874,0.4618798151001541,0.04408980849658816,-0.04999559762271627,0.39196566145718686,0.2614990094651112,0.3798525203609949,0.22829407880255337,0.19136693814659916,-0.03678406339423289,0.3249350649350649,0.13176535329077702,0.18154743561523223,0.04377944089808496,-0.12505172793308386,-0.02010345586616773,0.6641514417785604,0.3669997798811358,0.4932643627558882,0.12731234866828087,0.22329738058551618,0.2099735857362976,0.06606647589698438,-0.06244992295839753,-0.036471494607087825,-0.22332379484921858
#53,0.2218798151001541,0.12193704600484262,0.19946951353731016,0.16375302663438257,0.578928021131411,0.602128549416685,0.1438895003301783,0.2151683909311028,0.03128989654413383,0.3445630640545895,0.3271384547655734,1.0,0.5564120625137574,0.5209355051727933,-0.4531565045124367,-0.5119788685890381,0.20782522562183578,0.16293198327096634,-0.5360928901606867,-0.4832445520581114,-0.5872154963680387,-0.43252916574950473,-0.22023992956196345,-0.11380805635042923,-0.4132247413603346,-0.22834030376403258,-0.23919876733436055,-0.19511556240369798,0.2491899625797931,0.4604864626898525,0.1675544794188862,0.37186440677966104,-0.0638564825005503,0.2798833370019811,0.18089808496588158,0.34593880695575613,0.11834690732995817,-0.05635263042042703,0.14818842174774377,0.4441800572309047,0.15283953334800793,-0.22274488223640765,-0.026200748404138236,0.11829627999119524,0.11207792207792208,0.27709002861545234,-0.0702245212414704,0.11081223860884878,0.12525203609949373,0.03789126128109179,-0.08857583094871231,-0.22148139995597624,-0.1317609509134933,-0.05416244772176976,-0.24908210433634162,0.09357032797710764,-0.04987673343605547,0.030444640105657055,0.06516398855381907,0.04664098613251156,0.20268104776579352,0.07228703499889941,0.17130750605326878,0.1430772617213295,-0.09702179176755447,-0.20027514858023332,-0.23144838212634822,-0.20406999779881135,-0.3498701298701299,-0.2359916354831609,-0.3055822143957737,-0.43322474136033456,-0.036121505613031034,0.022086726832489544,-0.005901386748844376,-0.1686154523442659,0.029845916795069337,-0.06551177635923398,-0.2806911732335461,0.0025291657495047325,0.42401056570548096,0.5725952014087607,0.43210653753026634,0.611089588377724,0.46689852520360997,0.5384723750825445,0.2985670261941448,0.32641646489104115,0.060913493286374645,0.34900946511116004,0.36620074840413824,0.60049526744442,0.4992471934844816,0.2592273827867048,0.09161787365177196,0.08565045124367159,-0.13089368258859785,-0.28054369359454107,-0.3111402157164869,-0.08808056350429232,-0.0009685230024213075,0.4143693594541052,0.26823684789786484,0.04710103455866168,-0.21290997138454765,-0.09636803874092009,0.12740039621395555,0.09021571648690292,0.08040942108738719,0.04766453885097953,-0.019509134932863745
#54,0.04068456966762052,0.22201848998459167,0.18431873211534228,0.28400396213955537,0.19528285274047985,0.6684591679506934,0.4769315430332379,-0.17525863966541932,-0.10800572309046885,0.026037860444640105,-0.029284613691393353,0.5564120625137574,1.0,0.17629099713845475,-0.3588729914153643,-0.37075500770416026,-0.08838432753686991,0.07705701078582435,-0.400198106977768,-0.2410015408320493,-0.42314329738058554,-0.23423728813559322,-0.05795949812898966,-0.18559762271626679,-0.33685890380805633,-0.18933964340744003,-0.22061193044243893,-0.14342504952674445,0.3759388069557561,0.307706361435175,0.12116442879154743,0.26648690292758087,-0.1988069557561083,0.08408540611930443,0.19574290116662998,0.09254677525863966,0.07892361875412723,-0.11603345806735638,0.06662117543473475,0.18828087167070218,0.2543847677745983,-0.14576051067576493,0.10818622055910192,0.05917015188201629,-0.22889720449042483,-0.06757649130530487,-0.0010873871890821043,-0.007094430992736078,0.06094651111600264,0.07331499009465112,-0.14016729033678185,0.05991195245432534,-0.05263262161567246,0.2058023332599604,-0.0770922298040942,0.2165133171912833,0.23205370900286154,0.3054325335681268,0.16635923398635263,0.3844948272066916,0.24168831168831167,0.1643253356812679,0.14565485362095532,0.07138674884437596,-0.079900946511116,-0.06859344045784724,0.04824785384107418,0.14884217477437817,-0.23068236847897866,-0.329405679066696,-0.14248954435395114,-0.20230244331939248,-0.044891041162227606,0.08046445080343385,0.04725071538630861,0.039112920977327756,0.12739379264802994,0.21477437816420866,0.011776359233986353,-0.013066255778120185,0.142854941668501,0.48610169491525423,0.21002421307506053,0.013286374642306845,-0.012449922958397535,0.2434536649790887,0.13684789786484702,0.2876755447941889,0.20139555359894343,0.04711204050187101,0.045540391811578255,0.3407175874972485,0.3249196566145719,0.29282412502751487,0.3694585075941008,-0.16579352850539292,-0.320033017829628,-0.22733876293198327,-0.183251155624037,0.03200308166409861,0.040387409200968526,0.0061104996698217035,0.18900286154523444,-0.09308386528725512,-0.1904930662557781,-0.1038168611049967,-0.05273827867048206,0.24868368919216377,0.2552190182698657,0.3316222760290557,0.365280651551838
#58,0.33603345806735635,-0.01114241690512877,0.2688069557561083,0.0064384767774598286,0.8483138895003302,0.06349548756328417,-0.26162887959498127,0.40661457186880917,0.22383226942548975,0.4099977988113581,0.5269337442218798,0.5209355051727933,0.17629099713845475,1.0,-0.1455888179616993,-0.08298481179837112,0.3784701738939027,0.355941008144398,-0.22207792207792207,-0.2187343165309267,-0.42789786484701736,-0.25557340964120623,-0.31668060752806515,-0.12052828527404799,-0.4330090248734317,-0.014235086946951353,-0.17811358133392033,-0.01677525863966542,0.04688531807175875,0.2650869469513537,0.4723002421307506,0.3135923398635263,0.1966387849438697,0.11332159366057672,0.210297160466652,0.2979749064494827,-0.07494166850099053,-0.11280651551837992,-0.15653753026634382,0.2300396213955536,-0.08613471274488224,-0.1319722650231125,-0.00014747963900506273,0.009828307285934404,-0.04981289896544134,0.06716707021791768,-0.015058331499009465,0.14468853180717586,0.029355051727933085,-0.14452124147039402,-0.1922342064714946,-0.18155183799251595,-0.12184459608188422,-0.16069997798811358,-0.3167620515078142,0.021591459388069556,-0.29712965001100594,-0.15803213735417126,-0.1013515298261061,-0.2663328197226502,0.26677305745102353,0.18341624477217697,0.025388509795289456,-0.039073299581774155,-0.028538410741800573,-0.08412942989214175,-0.018212634822804313,-0.275280651551838,-0.028732115342284835,0.17650231124807397,0.0038762931983270968,-0.27561082984811797,-0.1403830068236848,0.24335681267884657,-0.06664758969843716,-0.02957957296940348,-0.07691613471274489,-0.09054369359454105,-0.4028065155183799,-0.07114461809377064,0.1631454985692274,0.32638344706141315,0.6125071538630861,0.7631036759850319,0.8313559322033899,0.45737838432753686,0.47626018049746865,0.029599383667180276,-0.03577151661897424,0.5934382566585956,0.3225841954655514,0.4156680607528065,0.23894783182918777,0.05140876073079463,-0.16401276689412284,0.2927294739159146,0.11177635923398635,-0.0200924499229584,-0.07400836451683909,-0.14462469733656175,-0.06984811798371121,0.5808958837772397,0.4860752806515518,0.36606207351970066,-0.030074840413823464,0.08931763152102135,0.1475874972485142,0.1788399735857363,0.10287915474356152,-0.09981730134272507,-0.1837442218798151
#101,-0.247277129650011,-0.021483601144618093,-0.1783116883116883,-0.2959806295399516,-0.3246973365617433,-0.49798371120405016,-0.15744662117543473,0.03180497468633062,0.19325996037860443,-0.1461171032357473,-0.13220338983050847,-0.4531565045124367,-0.3588729914153643,-0.1455888179616993,1.0,0.6732269425489764,-0.05242130750605327,-0.056484701738939026,0.474224081003742,0.14151661897424608,0.5217631521021352,0.28485362095531586,0.1925974025974026,0.11933303984151442,0.4277437816420867,0.2126436275588818,-0.06276249174554259,-0.1251749944970284,-0.07460488663878495,-0.4165133171912833,-0.09458507594100815,-0.25639225181598063,-0.018762931983270965,-0.14288575830948713,-0.16588157605106757,-0.23736517719568567,-0.027701959057891263,0.03165969623596742,-0.06159145938806956,-0.15803653973145498,-0.04150121065375303,0.07686770856262382,-0.002795509575170592,-0.05293858683689192,-0.21768434954875632,-0.2197490644948272,-0.08431873211534228,-0.16907990314769974,-0.28627999119524544,-0.2808232445520581,0.002689852520360995,-0.3115958617653533,-0.1562425709883337,-0.4329914153642967,0.07967202289236187,-0.32223640766013645,0.033678186220559105,-0.17900506273387629,-0.27207351970063837,-0.47683469073299584,-0.28798151001540834,-0.25928241250275147,0.008567026194144838,0.03029275808936826,-0.16909971384547656,-0.016797270526084086,0.2885890380805635,0.1687739379264803,0.5894695135373101,0.3368456966762052,0.3843363416244772,0.3236737838432754,0.25791327316751045,-0.21280871670702178,0.09675104556460488,0.010523882896764253,0.036867708562623815,-0.06291437376183139,0.09987012987012987,-0.020600924499229584,-0.17017609509134932,-0.4544023772837332,-0.12165309267004182,-0.3237904468412943,-0.32795949812898967,-0.3993022232005283,-0.3431388950033018,-0.12143737618313889,-0.23693594541052168,-0.3057539071098393,-0.3532621615672463,-0.5023882896764252,-0.438465771516619,-0.22329738058551618,-0.16501871010345587,0.11255337882456526,0.27309487123046444,0.16523882896764253,0.12343825665859565,-0.070033017829628,-0.27189522342064715,-0.26025533788245653,-0.3589192163768435,-0.07921857803213736,-0.055016508914814,0.01790887079022672,-0.25251375742901166,-0.30156504512436716,-0.30240369799691835,-0.17824345146379045,-0.20359454105216818
#102,-0.15543253356812678,0.09267884657715166,0.05977327756988774,-0.22347127448822365,-0.14058991855602024,-0.40542152762491745,-0.2271516618974246,-0.05768434954875633,0.17851860004402378,-0.09934844816200748,-0.05924719348448162,-0.5119788685890381,-0.37075500770416026,-0.08298481179837112,0.6732269425489764,1.0,0.14714065595421527,0.20101915034118423,0.5071626678406339,0.31327316751045564,0.3886550737398195,0.4172969403477878,0.17507814219678627,0.292425709883337,0.3135879374862426,0.28681488003521904,-0.0674158045344486,-0.0021351529826106096,-0.06449702839533349,-0.3177129650011006,0.13524983491085185,-0.35190182698657274,0.12354171252476337,-0.288333700198107,-0.16896984371560642,-0.13269425489764472,-0.24429451904028177,-0.19016068677085626,-0.12444419986792868,-0.3641338322694255,-0.23127448822364077,0.05431653092670042,-0.04932863746423068,-0.06641646489104117,-0.16891701518820162,-0.2496257979308827,-0.1995905789126128,-0.20397754787585295,-0.3607770195905789,-0.2584635703279771,-0.14890160686770856,-0.19088047545674663,-0.15106977767994717,-0.28062953995157386,-0.15546114902047106,-0.3233149900946511,-0.12346907329958177,-0.16259960378604446,-0.29704820603125687,-0.3342328857583095,-0.23786044464010567,-0.28954215276249173,0.1062491745542593,0.20227823024433195,-0.03664758969843716,0.04403257759189962,0.3332753686990975,0.1059322033898305,0.6455624036979969,0.5410697776799471,0.43473695795729694,0.5103521901826986,0.21331278890600924,-0.15800132071318512,-0.005635042923178516,-0.0030684569667620517,-0.0021351529826106096,-0.046024653312788905,0.21555800132071318,0.28658815760510675,-0.21651551837992516,-0.4878890600924499,-0.21543033237948492,-0.24958837772397094,-0.20658155403918116,-0.2603609949372661,-0.25139115122165967,-0.27972485141976666,-0.29894122826326214,-0.13863306185340082,-0.4256900726392252,-0.45996257979308824,-0.43056570548095974,-0.13234426590358794,-0.13675324675324677,0.359306625577812,0.5506823684789787,0.3675830948712305,0.2633215936605767,-0.24020030816640986,-0.3140986132511556,0.07513097072419106,-0.12539731454985692,0.048309487123046446,0.008012326656394453,-0.0808496588157605,-0.09336781862205591,-0.29701959057891264,-0.21994276909531146,-0.03186000440237728,-0.12828747523662778
#201,0.5055690072639225,-0.008705701078582434,0.4445168390931103,0.026095091349328636,0.5031300902487343,0.0585890380805635,-0.24299581774158047,0.3726106097292538,0.20577151661897425,0.714736957957297,0.6490226722430112,0.20782522562183578,-0.08838432753686991,0.3784701738939027,-0.05242130750605327,0.14714065595421527,1.0,0.3171252476337222,-0.05594761171032357,-0.16436495707682147,-0.31355712084525644,-0.21863086066475898,-0.3004160246533128,-0.04075280651551838,-0.12033458067356373,-0.0029782082324455207,0.12582214395773716,0.16083865287255117,0.06198767334360555,0.215214615892582,0.46949812898965443,0.023852080123266565,0.35534228483381025,0.09825445740699978,0.09968743121285494,0.12165529385868369,-0.009394673123486684,-0.2062623816861105,0.04231785163988554,-0.026541932643627558,-0.34611490204710543,-0.08417785604226283,0.1015100154083205,-0.05705260840854061,-0.0031256878714505834,-0.1521483601144618,0.10171472595201408,0.06498789346246973,0.028600044023772836,0.01147919876733436,-0.0047963900506273385,0.007512656834690733,0.05941668500990535,-0.09541272287034999,-0.3120030816640986,-0.10095311468192825,-0.35454105216817083,-0.34262601804974685,-0.12287255117763593,-0.21689632401496808,-0.015771516618974246,-0.21414263702399294,0.1053004622496148,0.19099273607748185,0.22722870349988994,0.00025533788245652654,-0.04547435615232225,-0.20848117983711204,0.2423992956196346,0.25398415144177855,0.11894122826326216,0.0735527184679727,-0.16724631300902487,0.10250275148580233,-0.20906669601584857,-0.22933744221879815,-0.2795861765353291,-0.29428571428571426,-0.060552498349108516,0.1539951573849879,-0.24474356152322255,-0.10428791547435615,0.29649790887079025,0.24022672243011226,0.3767246313009025,0.32108298481179837,0.3193924719348448,-0.011228263262161567,-0.14137574290116664,0.17399955976227163,0.09900726392251816,0.1369271406559542,0.041071978868589036,0.001476997578692494,-0.12109839313229144,0.610180497468633,0.29596302003081665,0.4053246753246753,0.0749966982170372,-0.10004402377283733,4.842615012106537e-05,0.7604314329738059,0.3448316090688972,0.5316244772176976,0.013858683689192164,0.13162667840633943,0.07853841074180057,-0.13447061413163108,-0.025223420647149462,-0.16336561743341405,-0.2013185119964781
