,#10,#11,#12,#13,#17,#18,#26,#49,#50,#51,#52,#53,#54,#58,#101,#102,#201,#202,#301,#302,#401,#402,#501,#502,#601,#602,#701,#702,#801,#802,#901,#902,#1001,#1002,#1101,#1102,#1201,#1202,#1301,#1302,#1401,#1402,#1501,#1502,#1601,#1602,#1701,#1702,#1801,#1802,#1901,#1902,#2001,#2002,#2101,#2102,#2201,#2202,#2301,#2302,#2401,#2402,#2501,#2502,#2601,#2602,#2701,#2702,#2801,#2802,#2901,#2902,#3001,#3002,#3101,#3102,#3201,#3202,#3301,#3302,#3401,#3402,#3455,#3501,#3502,#3601,#3602,#3701,#3702,#3801,#3802,#3901,#3902,#4001,#4002,#4101,#4102,#4201,#4202,#4301,#4302,#4401,#4402,#4501,#4502,#4601,#4602,#4701,#4702,#4801,#4802
#10,1.0,-0.2312392692053709,0.3339489324235087,0.5611644287915475,-0.159405679066696,-0.016387849438696898,-0.05930222320052828,0.42906009244992294,-0.09384767774598284,0.09607968302883557,-0.11061413163108079,-0.09686990975126568,-0.16069117323354612,-0.08548756328417345,-0.1127690953114682,-0.18883777239709443,0.08268765133171913,0.36585956416464893,0.07310147479639005,-0.029438696896324015,0.015469953775038521,0.052359674224081006,0.06976887519260401,0.0688928021131411,0.17894342945190403,0.34977767994717146,0.13732115342284834,0.1714637904468413,-0.017695355491965662,0.1260048426150121,0.07324895443539511,0.017704160246533127,0.3247083425049527,0.3237772397094431,-0.109966982170372,-0.06979088707902267,-0.16529605987233106,0.09931763152102135,0.23164648910411623,0.44681267884657716,-0.0015694475016508915,-0.06896984371560642,-0.13500110059432094,-0.20027955095751707,-0.2354039181157825,0.1250561303103676,0.07354391371340524,0.16319172353070657,-0.10200528285274048,-0.06092890160686771,0.018298481179837112,0.22237068016729034,0.22269865727492846,0.2913449262601805,0.19498789346246972,0.3188928021131411,0.04492846136913933,0.11870570107858243,0.14411622276029057,0.1278626458287475,0.30320052828527405,0.14727933083865288,0.0224323134492626,0.19742681047765795,0.10325775918996258,-0.05623376623376623,0.006909531146819282,-0.11140655954215277,0.3358639665419326,0.05690512876953555,0.4150209112920977,0.23462469733656174,0.018179616993176315,0.27681488003521904,-0.003869689632401497,0.21997798811358132,0.12043363416244772,0.06730794629099714,0.1282984811798371,0.12026634382566585,-0.0784965881576051,-0.1581730134272507,-0.15970504072198988,-0.3342967202289236,-0.164785384107418,0.1514043583535109,0.27677305745102354,0.11712965001100595,-0.04506713625357693,-0.27685230024213076,-0.28557340964120626,-0.15537530266343827,-0.031146819282412502,0.0539555359894343,-0.006363636363636364,0.18042262821923838,0.16867268324895443,0.2823442659035879,0.518828967642527,0.4233149900946511,0.40965441338322695,-0.056048866387849436,0.23623156504512438,0.301666299801893,0.5577767994717148,0.5773321593660576,0.4487079022672243,0.17297160466651992,0.15274708342504953,0.18646489104116223,0.05182918776139115
#11,-0.2312392692053709,1.0,0.32348228043143296,0.18809156944750166,0.10445960818842175,0.4100858463570328,0.48885538190622935,-0.06894563064054589,0.383284173453665,0.4515430332379485,0.574356152322254,0.04244772176975567,0.25084525643847677,0.16650451243671582,0.12932863746423068,0.23674003962139556,0.21596962359674224,0.05712744882236408,0.00939027074620295,-0.15676205150781422,-0.031593660576711424,0.004177856042262822,-0.3264142637023993,-0.14836231565045124,-0.06312788906009245,-0.030422628219238388,-0.2939753466872111,-0.17895443539511335,-0.11459828307285934,-0.18245432533568126,0.014446401056570548,-0.05583314990094651,-0.22037420206911731,-0.19067136253576933,-0.2626370239929562,-0.09046224961479199,-0.023521901826986574,0.02066916134712745,-0.2751353731014748,-0.025734096412062514,0.1471846797270526,0.09054589478318292,0.03893682588597843,0.17167290336781862,0.002075720889280211,-0.147012987012987,-0.09051948051948051,-0.18052168170812238,-0.11276029055690073,-0.13478098173013428,-0.321071978868589,0.04573409641206251,-0.09977988113581333,0.11278450363196126,-0.10473475676865507,0.08182038300682369,-0.031171032357473035,-0.22917455425930003,-0.31479859123926923,-0.07501210653753027,-0.14893902707462028,-0.0822738278670482,0.06958397534668721,0.025635042923178517,0.04275368699097513,-0.14487563284173455,0.17911952454325336,0.02957957296940348,0.19158045344486022,0.21704820603125688,0.17110279550957516,0.3090226722430112,0.13162227602905568,0.033189522342064716,0.004208672683248954,0.12305965221219459,0.04403477878054149,-0.030867268324895444,0.00286154523442659,0.02769535549196566,0.20086726832489543,0.1090248734316531,-0.1063350209112921,0.05322694254897645,0.08949592780101255,-0.12614131631080783,-0.13112260620735197,0.01992295839753467,0.23941668500990534,0.012852740479859124,0.005593220338983051,-0.051210653753026636,-0.13941228263262162,-0.1487673343605547,-0.2360576711424169,-0.13161347127448822,-0.045375302663438255,-0.07606867708562624,-0.12308386528725512,-0.11147259520140876,-0.07285053929121725,-0.03177856042262822,-0.20738718908210432,-0.22202069117323356,-0.17839533348007924,-0.24584195465551398,-0.1540215716486903,-0.029583975346687212,-0.03080343385428131,-0.051217257318952235,0.1297820823244552
#12,0.3339489324235087,0.32348228043143296,1.0,0.5884305524983491,-0.026979969183359015,0.36854061193044246,0.4472463130090249,-0.009242791107197886,0.0726502311248074,0.4824631300902487,0.1337442218798151,-0.1434998899405679,0.15747743781642087,0.2144287915474356,-0.015084745762711864,0.17052168170812237,0.6931675104556461,0.7092031697116443,-0.046634382566585954,-0.13666299801893023,-0.2855998239049086,-0.0033303984151441778,-0.20208672683248954,0.06287034998899406,-0.023138895003301782,0.3546621175434735,-0.0563680387409201,0.22724851419766673,-0.00799471714725952,0.05262161567246313,0.35659476117103234,0.06568346907329958,0.32882236407660137,0.0837838432753687,-0.1466057671142417,-0.22580453444860224,-0.26088928021131413,-0.05385208012326657,-0.26610169491525426,0.1936253576931543,0.06913273167510456,-0.08326656394453004,-0.04980189302223201,-0.09271186440677966,-0.22557561082984812,-0.15586396654193263,-0.006266784063394233,0.2318511996478098,-0.28278230244331937,0.010427030596522122,-0.14663438256658595,0.45019370460048425,0.02162887959498129,0.3434756768655074,-0.1355029716046665,0.2862425709883337,-0.1773827867048206,-0.03985692273827867,-0.09200088047545675,0.02787585296059872,0.024565265243231344,-0.003226942548976447,0.12154083204930663,0.06932203389830509,0.2784899845916795,0.09151441778560422,0.16914593880695575,-0.10895003301782963,0.4171538630860665,0.3281465991635483,0.36482060312568787,0.5477900066035659,0.010305965221219458,0.3513009024873432,-0.0936385648250055,0.420033017829628,0.024675324675324677,0.008067356372441117,0.08311908430552499,0.13038300682368478,0.12564604886638786,0.06001540832049307,-0.19507814219678626,-0.14146819282412504,0.0015980629539951573,-0.0682918776139115,0.07417565485362096,0.09197006383447061,0.10234206471494607,-0.04306405458947832,-0.1750297160466652,-0.09951573849878935,-0.21042262821923838,-0.12699097512656835,-0.2521373541712525,0.32697116442879154,0.21630420427030597,0.5635285053929122,0.5922892361875413,0.38018269865727494,0.6143165309267005,0.16712744882236408,0.34558001320713183,0.20012987012987013,0.36902927580893685,0.41350209112920977,0.4678978648470174,0.05026634382566586,0.04322254017169271,0.029295619634602685,0.04843055249834911
#13,0.5611644287915475,0.18809156944750166,0.5884305524983491,1.0,-0.3534294519040282,0.3063812458727713,0.3799383667180277,0.05640325775918996,0.18904688531807176,0.5690116662998019,0.20589038080563504,-0.14281311908430552,0.0008892802113141097,0.32198106977767993,-0.018203830068236847,-0.07412282632621615,0.3215870570107858,0.32620735197006384,0.00687871450583315,-0.25861325115562406,-0.06220559101915034,-0.19972265023112482,0.035326876513317194,-0.1455183799251596,0.2600770416024653,0.1776007043803654,0.05365397314549857,0.20260620735197007,0.06214836011446181,0.07711864406779662,0.1687541272287035,0.05208892802113141,0.21038740920096852,0.11202069117323354,-0.2695641646489104,-0.2100066035659256,-0.28158265463350207,-0.03076601364736958,-0.0498811358133392,0.16312568787145057,0.10438476777459828,-0.15429011666299802,-0.22775038520801233,-0.26508254457407,-0.2976579352850539,-0.07033898305084746,0.05977547875852961,0.12075500770416024,-0.16252256218357913,-0.08424169051287696,-0.008795949812898966,0.1463020030816641,0.22983711204050186,0.15257539071098394,0.0599405679066696,0.1400792427911072,0.1012326656394453,-0.027440017609509135,0.14981069777679948,0.20306185340083646,0.22670702179176755,0.15804094210873873,0.1502113141096192,0.1751287695355492,0.21179396874312129,0.08545894783182918,0.20346246973365617,-0.08161567246313009,0.3107395993836672,0.02985031917235307,0.392557781201849,0.41182918776139116,0.043552718467972706,0.2018710103455866,-0.10063174114021571,0.15680607528065155,0.2044419986792868,0.1466035659255998,0.34170151882016286,0.10246092890160687,0.11898965441338323,0.0009024873431653093,-0.15449702839533347,-0.3378406339423289,-0.19484261501210653,0.016500110059432093,0.2674356152322254,0.3739665419326436,0.10326876513317192,-0.2758925819942769,-0.3435064935064935,-0.24042923178516398,-0.07663658375522782,0.10311248073959939,0.028320493066255777,0.22726172132951794,0.01584635703279771,0.3472595201408761,0.45081884217477436,0.3472969403477878,0.48941008144397974,-0.1683138895003302,0.05289456306405459,0.13569447501650891,0.35286814880035217,0.4286946951353731,0.4628835571208453,0.17025093550517278,0.12738718908210434,0.23069557561082984,0.21162667840633942
#17,-0.159405679066696,0.10445960818842175,-0.026979969183359015,-0.3534294519040282,1.0,0.11503411842394894,0.11778560422628219,0.0013911512216596962,-0.08071318511996478,-0.08880915694475017,0.14545014307726173,0.5327492846136914,0.3731234866828087,-0.03920757208892802,-0.39353070658155404,-0.2360114461809377,0.019511336121505612,0.021377944089808497,-0.15370239929561963,0.03825225621835791,-0.33757869249394673,-0.11894342945190403,-0.3488223640766014,-0.03429011666299802,-0.4066762051507814,-0.25857142857142856,-0.029762271626678407,0.04568346907329958,-0.22466431873211534,-0.04294739159145939,0.11604006163328197,0.264950473255558,-0.08917675544794189,0.07715386308606648,0.42103896103896105,0.4136781862205591,0.5173739819502531,0.2992317851639886,0.0212260620735197,0.040099053488884,-0.09405899185560203,0.08180497468633062,0.2492273827867048,0.35424169051287696,0.5916552938586837,0.13344045784723751,-0.023739819502531366,0.17099273607748183,0.13428571428571429,0.08009905348888399,-0.03273167510455646,-0.042630420427030594,-0.18965441338322694,-0.0649570768214836,-0.11802993616552938,0.026004842615012107,-0.19059872331058772,0.035480959718247856,-0.1909553158705701,-0.3481488003521902,-0.3684547655734096,-0.3961589258199428,-0.1869403477878054,-0.31932423508694696,0.07211974466211754,-0.18753907109839313,-0.1722474136033458,-0.13615452344265905,-0.30375522782302444,0.36171692714065595,-0.5169755668060753,-0.27986352630420425,-0.11131631080783623,0.012973805855161787,0.20026634382566585,-0.048683689192163766,-0.37405458947831827,-0.301303103675985,-0.6446070878274268,-0.21215276249174556,0.2553841074180057,0.34254897644728155,0.30850759410081446,0.618168611049967,0.7717389390270746,0.00023552718467972705,-0.1862623816861105,-0.46285274047985914,-0.01885758309487123,0.5223882896764253,0.5316861104996699,0.6299471714725952,0.13755007704160246,-0.057259520140876076,-0.33692493946731233,-0.3735879374862426,0.014265903587937487,-0.2125974025974026,-0.17553598943429452,-0.1510477657935285,-0.30180717587497247,0.5061369139335241,0.24925159586176535,0.033332599603786046,-0.11430332379484921,-0.3652674444199868,-0.3791525423728814,-0.3185934404578472,-0.4349372661237068,-0.31140876073079465,-0.4315298261060973
#18,-0.016387849438696898,0.4100858463570328,0.36854061193044246,0.3063812458727713,0.11503411842394894,1.0,0.5970482060312569,-0.047508254457407,0.23738498789346246,0.4001056570548096,0.3725974025974026,0.19022892361875413,0.4887739379264803,0.3572265023112481,-0.172953995157385,-0.16484041382346468,0.22350209112920977,0.07300242130750606,0.0002465331278890601,-0.2165265243231345,-0.19348228043143298,-0.14574510235527185,-0.3082874752366278,-0.2500066035659256,-0.003370019810697777,-0.12895663658375522,0.0036099493726612373,0.05108958837772397,0.25472375082544574,0.22771736737838433,0.28608188421747743,0.17443099273607748,-0.22663438256658597,-0.08027514858023332,-0.17117103235747302,0.1637178076161127,0.045007704160246534,0.07755668060752806,-0.08886638784943869,0.02724191063174114,0.23380585516178737,0.3362337662337662,0.152293638564825,0.2033898305084746,-0.02689192163768435,-0.193185119964781,0.20152102135152983,-0.005505172793308387,-0.09254237288135593,-0.23451243671582656,-0.07669381465991636,0.025408320493066256,-0.04189082104336342,0.02315430332379485,0.05392031697116443,0.08596302003081664,-0.12027514858023333,-0.11428131190843055,-0.3171802773497689,-0.1317587497248514,-0.07464010565705481,-0.12016288795949813,0.1760246533127889,0.08374642306845696,0.14981289896544134,-0.10209333039841514,0.21620735197006383,0.0712854941668501,0.056427470834250495,0.2882390490865067,0.034580673563724414,0.1674158045344486,0.17526084085406118,0.13672903367818623,0.1254853620955316,0.13591679506933743,-0.11578032137354172,-0.20241470394012767,0.11064054589478318,0.2757142857142857,0.29999779881135813,0.6405987233105878,-0.0729143737618314,-0.09222540171692714,0.219636803874092,-0.28302443319392473,-0.14049086506713626,0.07322474136033458,0.39140655954215275,0.11124807395993837,0.23020911292097732,-0.09128769535549197,-0.14447941888619856,-0.2327734976887519,-0.3167026194144838,-0.052791107197886857,-0.034270305965221216,0.13064274708342505,0.13913933524103014,-0.03394453004622496,0.08324455205811138,-0.12162227602905569,-0.03819722650231125,-0.31001760950913493,-0.06299581774158046,-0.13306405458947831,0.04612590799031477,-0.04796390050627339,-0.06355712084525644,-0.08596302003081664,-0.02079022672243011
#26,-0.05930222320052828,0.48885538190622935,0.4472463130090249,0.3799383667180277,0.11778560422628219,0.5970482060312569,1.0,-0.21233766233766233,0.23475676865507375,0.5724301122606207,0.47782962799911954,0.05542593000220119,0.3556240369799692,0.5947589698437156,-0.13092449922958396,-0.09046445080343385,0.36928461369139337,0.21920537090028616,-0.05827646929341845,-0.23329077701959058,-0.2058617653532908,-0.19047105436935946,-0.2834954875632842,-0.08977107638124587,0.02158925819942769,0.021054369359454105,-0.05048646268985252,0.05490865067136254,0.1349570768214836,-0.050424829407880255,0.2744441998679287,0.16677305745102355,-0.14156724631300902,-0.14473475676865508,-0.06218578032137354,0.048448162007484044,0.082656834690733,0.032707462029495926,-0.050085846357032796,-0.045304864626898526,0.2514417785604226,0.10682368478978649,0.20337882456526524,0.39461809377063617,0.16823904908650672,-0.10113141096191944,0.0974884437596302,0.08782742681047766,-0.10846797270526085,0.01701518820162888,-0.007131851199647809,0.006040061633281972,-0.050431432973805854,-0.0032665639445300463,0.027052608408540613,0.03741140215716487,-0.20472375082544575,-0.26865727492846136,-0.28752586396654195,-0.22611270085846358,-0.21380585516178738,-0.2535527184679727,0.014098613251155623,-0.14294078802553378,0.07740920096852301,-0.10572969403477878,0.18057010785824346,-0.005045124367158265,0.12520360994937266,0.4668412942989214,-0.06501210653753027,0.12544794188861985,0.08742020691173233,0.06966321813779441,0.07742240810037421,0.08459167950693375,-0.15431432973805856,-0.27142196786264583,0.059328637464230685,0.1060906889720449,0.29544794188861984,0.38814439797490646,-0.013077261721329518,0.11678846577151662,0.2583843275368699,-0.29708342504952673,-0.20834250495267445,0.03526744441998679,0.23143297380585517,0.2741734536649791,0.10312348668280871,0.05381245872771297,-0.12035879374862425,-0.21466431873211533,-0.28363416244772177,-0.012049306625577813,-0.04902707462029496,0.12885538190622936,0.10832929782082325,0.06148800352190183,0.05475016508914814,0.1306405458947832,0.042927580893682586,0.0015540391811578252,-0.057283733215936605,-0.13080123266563945,0.010037420206911733,-0.16575610829848117,-0.18040061633281973,-0.1872969403477878,-0.13727272727272727
#49,0.42906009244992294,-0.06894563064054589,-0.009242791107197886,0.05640325775918996,0.0013911512216596962,-0.047508254457407,-0.21233766233766233,1.0,0.2710147479639005,0.03647589698437156,-0.0029738058551617872,0.13654413383226943,0.12174554259300022,-0.0888399735857363,-0.0537640325775919,-0.050281752146158924,0.11285934404578472,0.16703720008804754,-0.04225841954655514,-0.14095091349328637,-0.0023222540171692714,0.09113801452784503,0.15159586176535328,0.07162447721769756,0.17641206251375743,0.016086286594761173,-0.02841734536649791,-0.16379925159586176,0.12857803213735416,0.10668500990534889,0.3078428351309707,0.22364076601364738,0.2699581774158045,0.28341844596081883,0.05301342725071539,0.019839313229143736,0.048712304644508035,0.13777019590578912,0.21552498349108518,0.2621241470394013,-0.027237508254457407,-0.01449702839533348,-0.05813559322033898,-0.13117543473475676,-0.15656834690732996,-0.055967422408100376,0.032703059652212194,-0.18202729473915916,-0.12051948051948053,-0.33158705701078584,-0.12483821263482281,0.004169051287695355,-0.06147919876733436,0.10366277790006603,0.1660642747083425,0.22476337222099935,0.015527184679727052,-0.06246753246753247,-0.01203830068236848,-0.11696896324014969,0.20388069557561084,0.02907990314769976,0.1745080343385428,0.045540391811578255,-0.07325555800132072,-0.24165089148139995,0.06383447061413162,-0.09026634382566585,0.2710411622276029,0.08763592339863527,0.2823728813559322,-0.03058551617873652,0.3534866828087167,0.37408760730794627,0.25976007043803656,0.15453664979088708,0.09063614351749945,-0.09778560422628219,-0.014316530926700419,0.14739819502531368,-0.18912832929782084,-0.10210213515298261,-0.09840193704600485,-0.08130310367598503,0.027283733215936606,0.20387849438696895,0.07539731454985692,0.007411402157164869,-0.07467312348668281,-0.11486022452124146,-0.21857362976007044,-0.013101474796390051,0.012843935725291657,-0.001824785384107418,-0.08737398195025314,0.22817081223860886,0.27903367818622055,0.12426590358793749,0.12299801893022232,0.1835857362976007,0.15396434074400175,-0.00951353731014748,0.16054589478318293,0.074983491085186,0.09123486682808717,0.32462469733656174,0.14361435174994497,0.12657274928461368,0.05474796390050627,0.04931983270966322,0.0410675764913053
#50,-0.09384767774598284,0.383284173453665,0.0726502311248074,0.18904688531807176,-0.08071318511996478,0.23738498789346246,0.23475676865507375,0.2710147479639005,1.0,0.30449922958397535,0.3993286374642307,-0.09709443099273608,0.3260664758969844,0.319867928681488,0.05345806735637244,0.03075941008144398,0.05337442218798151,-0.011917235307065815,0.17533568126788465,0.017070217917675545,0.1539093110279551,0.027393792648029935,0.08207351970063835,-0.05021571648690293,0.09007484041382346,-0.09127668941228263,-0.15395773717807615,-0.07233105877173673,-0.16737178076161127,-0.23557561082984813,0.12945850759410082,-0.058496588157605105,-0.09235747303543913,-0.100132071318512,-0.10209993396434075,-0.10052608408540611,0.009361655293858684,-0.03802113141096192,-0.09427470834250495,-0.10416905128769535,0.05943649570768215,-0.04830728593440458,-0.015289456306405458,0.11722870349988994,-0.07258859784283513,-0.1059189962579793,-0.03345806735637244,-0.16409200968523002,-0.18540171692714066,-0.23940127668941227,-0.13101034558661678,0.04101254677525864,0.028800352190182697,0.004769975786924939,-0.032093330398415144,-0.01088928021131411,0.009504732555580013,-0.3048051948051948,-0.14112260620735198,-0.007096632181377944,0.07408100374202069,0.00824785384107418,0.16729473915914594,0.04460048426150121,0.11323134492626018,0.07017609509134932,0.06990975126568347,-0.1400066035659256,0.23353070658155403,0.02090909090909091,0.3498040942108739,0.2579815100154083,0.502722870349989,0.399735857362976,0.13011666299801894,0.06905348888399736,0.07253576931543033,-0.05009465111160026,0.058575830948712306,-0.2194453004622496,0.048580233325996036,-0.1785956416464891,0.053968743121285495,-0.22687211093990756,-0.0784701738939027,0.09381906229363857,-0.016916134712744883,0.0974224081003742,-0.037946290997138456,-0.2965397314549857,-0.2834734756768655,-0.15706141316310807,-0.07236627779000661,-0.041617873651771956,-0.05655513977547876,0.03081223860884878,-0.19898305084745763,-0.1083777239709443,-0.022579793088267665,0.17008364516839092,0.09730794629099714,-0.16556680607528065,-0.14748404138234647,-0.33551617873651773,-0.03609289016068677,-0.022749284613691394,0.09787145058331499,0.08438256658595641,0.10529165749504732,-0.0009134932863746423,0.12452344265903588
#51,0.09607968302883557,0.4515430332379485,0.4824631300902487,0.5690116662998019,-0.08880915694475017,0.4001056570548096,0.5724301122606207,0.03647589698437156,0.30449922958397535,1.0,0.545560202509355,0.25207792207792207,0.3631697116442879,0.5171978868589038,0.01700858463570328,-0.059011666299801896,0.6398943429451904,0.17636583755227822,-0.1809024873431653,-0.41627118644067795,-0.1422804314329738,-0.3181333920316971,-0.10913933524103016,-0.20726612370680167,0.21088047545674665,-0.07692714065595421,-0.10948932423508695,-0.08509134932863746,0.2932643627558882,0.052298040942108735,0.4225621835791327,0.00043143297380585517,0.028795949812898965,-0.1837178076161127,-0.08703499889940568,-0.2598547215496368,-0.1235923398635263,-0.11834030376403258,-0.03168390931102796,0.017270526084085407,-0.05078582434514638,-0.3074356152322254,-0.20647149460708783,-0.07340964120625137,0.029795289456306405,-0.11867928681488003,-0.025500770416024655,-0.059581774158045345,-0.19437156064274708,0.002837332159366058,-0.05447281532027295,0.08648250055029716,0.11081664098613252,0.015168390931102796,0.07456306405458948,0.021331719128329298,0.07924279110719788,-0.1825841954655514,0.10826546335020912,-0.00425709883337002,0.17613471274488224,0.08550517279330838,0.02802553378824565,-0.095445740699978,-0.015870570107858244,-0.20406559542152763,0.2860180497468633,-0.0049768875192604005,0.2162359674224081,0.25722209993396433,0.19327316751045565,0.2559432093330398,0.05192604006163328,-0.03145938806955756,-0.04585296059872331,0.13397754787585295,0.19287034998899405,0.03769755668060753,0.22176975566806076,0.04290336781862206,0.3381620074840414,0.1812392692053709,-0.13681708122386088,-0.11718908210433635,-0.030158485582214397,0.0853929121725732,0.1806581554039181,0.3060972925379705,0.17557781201849,-0.002555580013207132,-0.16081223860884877,0.08189962579793088,-0.07321813779440899,0.17675544794188863,-0.07879815100154083,0.19011666299801894,-0.13267884657715165,0.26579132731675104,0.0836451683909311,0.2860246533127889,0.20068456966762052,-0.015018710103455866,-0.1409090909090909,0.09774158045344486,0.02316090688972045,0.19566806075280652,0.1291833590138675,0.12962139555359894,0.02155183799251596,0.10690953114681928,0.13558221439577373
#52,-0.11061413163108079,0.574356152322254,0.1337442218798151,0.20589038080563504,0.14545014307726173,0.3725974025974026,0.47782962799911954,-0.0029738058551617872,0.3993286374642307,0.545560202509355,1.0,0.24459167950693375,0.3392141756548536,0.3627294739159146,-0.02355712084525644,-0.14616112700858463,0.15083425049526744,-0.16517939687431213,0.08639445300462249,-0.32609289016068677,-0.04770195905789126,-0.23727933083865288,-0.34271186440677964,-0.23615232225401717,-0.051890821043363414,-0.1796632181377944,-0.0950957517059212,-0.12458727712965001,0.04864406779661017,-0.070099053488884,0.240594320933304,0.10213735417125247,-0.28263042042703057,-0.2427360774818402,-0.07956196346026854,0.16882676645388509,0.11007704160246533,0.0738432753686991,-0.039187761391151224,-0.018886198547215495,0.10824125027514858,0.0198877393792648,0.028454765573409643,0.15293638564825004,0.18815760510675764,-0.07441118203830069,0.12382786704820603,-0.1948316090688972,-0.1445938806955756,-0.23213955535989433,-0.20426370239929562,-0.16282412502751487,-0.12909971384547655,-0.20684129429892142,0.008584635703279771,-0.09491965661457187,-0.2232753686990975,-0.3869953775038521,-0.13054369359454104,-0.26901386748844375,-0.16577812018489985,-0.17158265463350209,-0.25617433414043583,-0.19063614351749944,0.14825885978428352,-0.1936583755227823,0.13860664758969843,-0.09826546335020911,0.03396213955535989,0.1592559982390491,-0.054118423948932425,0.1484833810257539,0.1186418666079683,0.0060334580673563724,0.19307065815540392,-0.056530926700418226,-0.12826326216156725,-0.2514505833149901,-0.10025093550517279,-0.17291657495047325,0.2697424609289016,0.2055249834910852,0.12530486462689852,0.14173013427250716,0.21974025974025974,0.03479639005062734,-0.08563284173453665,0.048608848778340305,0.10780981730134273,0.15654193264362756,0.052652432313449266,0.12467092229804094,0.02894122826326216,0.11667180277349769,-0.1444948272066916,-0.2325313669381466,-0.1621219458507594,-0.09774378164208673,-0.09919876733436056,-0.042042703059652214,-0.25187981510015406,-0.041386748844375966,-0.15085846357032798,-0.15351529826106097,-0.25325996037860443,-0.2551529826106097,-0.28913273167510456,-0.18773497688751925,-0.23738718908210435,-0.10085186000440238,-0.026097292537970503
#53,-0.09686990975126568,0.04244772176975567,-0.1434998899405679,-0.14281311908430552,0.5327492846136914,0.19022892361875413,0.05542593000220119,0.13654413383226943,-0.09709443099273608,0.25207792207792207,0.24459167950693375,1.0,0.4991613471274488,0.10310147479639005,-0.3083843275368699,-0.27951133612150564,0.2194078802553379,-0.16044684129429893,-0.4757627118644068,-0.3890116662998019,-0.30928241250275146,-0.31629980189302226,-0.1717807616112701,-0.17616112700858463,-0.16635923398635263,-0.3762931983270966,-0.1816685009905349,-0.1618181818181818,0.16908210433634163,0.10675324675324675,0.1431366938146599,0.17189082104336342,0.030334580673563726,-0.04171472595201409,0.28529605987233103,0.21476337222099934,0.35707241910631743,0.08593000220118864,0.10507153863086066,-0.147012987012987,-0.12210433634162447,-0.10680167290336783,0.06313009024873431,0.05839533348007924,0.4923134492626018,0.07026414263702399,-0.10275148580233326,-0.09769095311468193,-0.07904908650671362,-0.1215364296720229,-0.013843275368699098,-0.273779440898085,-0.10732775698877393,-0.33517059211974465,-0.06231344926260181,-0.23091129209773278,-0.045558001320713186,-0.041428571428571426,0.16709663218137794,-0.26624036979969185,-0.021377944089808497,-0.08675104556460489,-0.02033017829627999,-0.18271626678406339,-0.2465265243231345,-0.47384547655734094,0.06061193044243892,0.04902487343165309,-0.24404138234646708,0.24955315870570108,-0.3948602245212415,-0.2490644948272067,0.006671802773497689,-0.07964560862865948,0.16278010125467754,-0.15964560862865948,-0.10009024873431653,-0.17060972925379705,-0.15203389830508474,0.014232885758309487,0.37518379925159584,0.3996125907990315,0.23081884217477439,0.4371670702179177,0.45651111600264144,0.26915914593880697,0.05930222320052828,-0.049735857362976005,0.037409200968523,0.37636363636363634,0.3129958177415805,0.6298525203609949,0.31333920316971164,0.30079242791107197,-0.07465111160026414,-0.21730794629099714,-0.1302047105436936,-0.0610081443979749,-0.199306625577812,-0.06503411842394893,-0.3082742681047766,0.3221109399075501,-0.07315430332379486,0.07747083425049527,-0.16946731234866827,-0.15807836231565045,-0.3171714725952014,-0.08588377723970944,-0.2269227382786705,-0.06410741800572309,-0.10848117983711204
#54,-0.16069117323354612,0.25084525643847677,0.15747743781642087,0.0008892802113141097,0.3731234866828087,0.4887739379264803,0.3556240369799692,0.12174554259300022,0.3260664758969844,0.3631697116442879,0.3392141756548536,0.4991613471274488,1.0,0.24951573849878936,-0.26257539071098396,-0.11057451023552718,0.3637772397094431,0.09057671142416905,-0.16286594761171033,-0.160462249614792,-0.3455381906229364,-0.18840854061193044,-0.28933964340744,-0.2693660576711424,-0.19279771076381247,-0.3487761391151222,-0.11138454765573409,0.11623156504512437,0.24548976447281531,-0.02508694695135373,0.4641052168170812,0.1360840854061193,-0.01811138014527845,-0.132326656394453,0.32484261501210654,0.11589918556020251,0.3049636803874092,0.08445740699977988,-0.04136253576931543,-0.08571428571428572,0.09418445960818843,0.052326656394453004,0.2990512876953555,0.30528505392912175,0.3429914153642967,-0.12432973805855162,0.039216376843495486,0.14362976007043804,-0.1592868148800352,-0.15565265243231344,0.022843935725291656,0.03900286154523443,-0.21444419986792868,-0.05342504952674444,-0.17101915034118423,-0.04045344486022452,-0.3829055690072639,-0.37031036759850317,-0.3064802993616553,-0.257673343605547,-0.21552938586836892,-0.3570085846357033,0.18099273607748184,-0.11894342945190403,0.05960158485582214,-0.24368699097512656,0.22163328197226503,0.02949372661237068,-0.00948051948051948,0.2759938366718028,-0.06596302003081664,0.02552938586836892,0.32197446621175435,0.15539511336121506,0.10117763592339864,-0.04732115342284834,-0.30082104336341625,-0.4423948932423509,-0.10412942989214176,0.08095971824785383,0.6549636803874092,0.4885450143077262,0.15269865727492846,0.07902707462029496,0.32094651111600264,-0.10324675324675325,-0.32556240369799694,-0.22629980189302223,-0.05277569887739379,0.2865441338322694,0.29358793748624257,0.25502531366938147,0.050354391371340526,-0.1545828747523663,-0.4326876513317191,0.024072198987453226,-0.10270526084085406,0.02183579132731675,-0.019013867488443758,0.05532027294739159,0.12086286594761171,0.36178956636583753,0.13824565265243233,-0.22075280651551837,-0.040774818401937044,-0.06815760510675765,-0.00027074620294959277,-0.25974246092890163,-0.2910675764913053,-0.33963020030816643,-0.3289544353951134
#58,-0.08548756328417345,0.16650451243671582,0.2144287915474356,0.32198106977767993,-0.03920757208892802,0.3572265023112481,0.5947589698437156,-0.0888399735857363,0.319867928681488,0.5171978868589038,0.3627294739159146,0.10310147479639005,0.24951573849878936,1.0,0.07765793528505392,-0.040686770856262384,0.41879154743561525,0.08174994497028396,-0.19662337662337662,-0.27965881576051066,-0.08934844816200749,-0.3365375302663438,0.04899625797930883,-0.1666123706801673,0.04835351089588378,-0.1324455205811138,-0.06441118203830068,0.09755007704160247,0.14547655734096412,-0.07425930002201189,0.28799251595861763,0.18766013647369578,-0.09313449262601806,-0.03064274708342505,-0.04215276249174554,-0.06787805414924059,0.11313229143737619,-0.08095091349328637,-0.05128769535549196,-0.10037420206911732,0.2889852520360995,-0.1279771076381246,0.030008804754567468,0.02692273827867048,0.09293858683689192,-0.10486242570988334,-0.004378164208672684,0.032643627558881796,-0.1302179176755448,0.026000440237728375,0.052159366057671144,-0.13347567686550738,-0.025883777239709443,-0.12897424609289015,0.0015254237288135593,-0.05528285274047986,0.014006163328197227,-0.1065331278890601,-0.11602685450143077,-0.10974025974025974,0.026907329958177417,-0.06345586616773058,0.15841294298921418,0.010169491525423728,0.05095531587057011,0.04902047105436936,0.12298481179837112,-0.14393792648029935,0.12767774598283071,0.21349108518600043,0.031124807395993836,0.07268985252036099,0.2069205370900286,0.03952454325335681,0.2315628439357253,0.1625643847677746,0.11692053709002861,-0.03663218137794409,0.2088069557561083,-0.05302003081664099,0.1386814880035219,0.15388950033017829,-0.09173893902707463,-0.013077261721329518,0.05572969403477878,-0.08309927360774819,0.04542593000220119,0.2634096412062514,0.2102245212414704,0.19810917895663657,-0.09509355051727933,0.029469513537310147,-0.09134712744882237,-0.020581113801452784,-0.034512436715826544,0.1951419766674004,-0.16026194144838213,0.21980409421087388,0.10745102355271847,0.0915826546335021,0.046478098173013425,0.07669161347127448,0.013519700638344706,-0.0550561303103676,-0.06147919876733436,-0.07653973145498569,0.09547655734096412,0.02143297380585516,-0.021793968743121287,0.042020691173233544,0.12281091789566366
#101,-0.1127690953114682,0.12932863746423068,-0.015084745762711864,-0.018203830068236847,-0.39353070658155404,-0.172953995157385,-0.13092449922958396,-0.0537640325775919,0.05345806735637244,0.01700858463570328,-0.02355712084525644,-0.3083843275368699,-0.26257539071098396,0.07765793528505392,1.0,0.4962095531587057,0.16540391811578253,-0.0599867928681488,0.1457032797710764,0.0703169711644288,0.5240501871010346,0.27604226282192385,0.4131873211534228,0.10314549856922739,0.3760048426150121,0.2587497248514198,-0.4571912832929782,-0.3387079022672243,-0.04828087167070218,-0.16311248073959939,-0.21445080343385428,-0.5090116662998019,-0.0624719348448162,-0.2217609509134933,-0.41610829848117986,-0.46072419106317414,-0.46558661677305746,-0.41796830288355713,-0.1850561303103676,-0.02558221439577372,-0.03823464670922298,-0.1629341844596082,-0.4040457847237508,-0.3450099053488884,-0.4215166189742461,-0.13826766453885098,-0.46970724191063173,-0.4419106317411402,-0.40520360994937266,-0.001107197886858904,-0.3213581333920317,0.1619832709663218,-0.04403037640325776,0.1803565925599824,-0.09233325996037861,-0.004752366277790006,0.15705701078582435,0.2653995157384988,0.08064935064935065,0.2365463350209113,0.28900946511116005,0.3633039841514418,0.1076007043803654,0.19210653753026635,-0.22929121725731896,0.09637684349548756,-0.004697336561743342,-0.14393352410301563,0.42976007043803655,-0.12122386088487784,0.3576601364736958,0.16272727272727272,-0.08568787145058332,-0.3272947391591459,-0.2857803213735417,0.047642526964560866,0.35065595421527623,0.3281664098613251,0.3241338322694255,-0.10437596302003081,-0.24296279991195247,-0.31093550517279334,-0.3000506273387629,-0.3962887959498129,-0.5725379705040722,0.05211754347347568,0.23789346246973367,0.40576271186440677,0.32013427250715387,-0.2732951793968743,-0.4270416024653313,-0.33836891921637685,-0.23889500330178295,0.0548448162007484,0.24697996918335902,0.3847545674664319,-0.1251882016288796,0.16066916134712744,0.039865727492846136,-0.08201408760730794,0.062110939907550074,-0.21290997138454765,-0.305445740699978,-0.09420647149460709,-0.09703940127668942,0.018743121285494168,0.08058551617873652,0.3258683689192164,0.35912612810917893,0.33331278890600924,0.4487541272287035
#102,-0.18883777239709443,0.23674003962139556,0.17052168170812237,-0.07412282632621615,-0.2360114461809377,-0.16484041382346468,-0.09046445080343385,-0.050281752146158924,0.03075941008144398,-0.059011666299801896,-0.14616112700858463,-0.27951133612150564,-0.11057451023552718,-0.040686770856262384,0.4962095531587057,1.0,0.13982390490865068,0.20898745322474135,-0.09620735197006383,0.2084635703279771,0.02548316090688972,0.39645828747523665,0.06461589258199428,0.34611490204710543,-0.08031256878714506,0.22263922518159807,-0.49155183799251595,-0.3602267224301123,-0.13409421087387188,-0.07288135593220339,-0.12298481179837112,-0.27712744882236406,0.17374202069117323,-0.039680827646929345,-0.11577371780761611,-0.25382126348228046,-0.212920977327757,-0.0398745322474136,-0.3111071978868589,-0.08222099933964341,0.028991855602025093,-0.04183359013867489,-0.05202509355051728,0.04942769095311468,-0.22424169051287696,0.008798151001540832,-0.45611270085846356,-0.34277790006603565,-0.28750605326876516,-0.01808496588157605,-0.2639071098393132,0.20394012766894123,-0.22639885538190624,0.3045256438476777,-0.27725952014087607,0.10750385208012327,0.004596081884217477,0.0912987012987013,-0.010138674884437596,0.16297820823244552,-0.056266784063394235,0.06956196346026855,0.2359189962579793,0.20519920757208893,-0.2603411842394893,0.07700638344706141,0.2489126128109179,0.12168611049966982,0.23610829848117984,-0.0019678626458287476,0.35016729033678184,0.2635791327316751,0.0362887959498129,-0.08310147479639005,-0.16314109619194364,0.24546114902047106,0.15645388509795288,0.16941448382126348,0.21314329738058552,0.256880915694475,-0.0786880915694475,-0.18010345586616774,-0.291221659696236,-0.19731454985692273,-0.30467972705260843,-0.12486902927580894,-0.09296279991195246,0.10261501210653753,-0.0287145058331499,-0.2027162667840634,-0.17538850979528944,-0.21252036099493726,0.06930002201188643,-0.012564384767774599,0.09987233105877173,0.17803874092009686,0.1307660136473696,0.030521681708122386,-0.0637574290116663,-0.09305745102355271,0.07906009244992296,0.057250715386308604,0.012132951793968743,0.026825885978428353,-0.030717587497248514,0.03751926040061633,0.03721549636803874,0.06880475456746643,0.15148580233325995,0.05590799031476998,0.2161501210653753
#201,0.08268765133171913,0.21596962359674224,0.6931675104556461,0.3215870570107858,0.019511336121505612,0.22350209112920977,0.36928461369139337,0.11285934404578472,0.05337442218798151,0.6398943429451904,0.15083425049526744,0.2194078802553379,0.3637772397094431,0.41879154743561525,0.16540391811578253,0.13982390490865068,1.0,0.512359674224081,-0.24549196566145717,-0.30519040281752147,-0.25885538190622936,-0.1551749944970284,0.020541492405899187,-0.032064714946070876,0.15170372000880475,0.13426810477657936,-0.1463350209112921,0.09417125247633722,0.25735857362976006,0.05327756988773938,0.5294761171032357,0.02756548536209553,0.3686110499669822,-0.03285494166850099,-0.011197446621175436,-0.3184415584415584,-0.1584173453664979,-0.18059652212194585,-0.2071934844816201,0.029988994056790667,-0.03055029716046665,-0.3165309267004182,-0.1714968082764693,-0.15754567466431874,-0.06800572309046886,-0.20610829848117984,-0.11092229804094211,0.11696456086286595,-0.3243099273607748,0.07022232005282852,-0.09373321593660577,0.2600814439797491,-0.07130090248734317,0.10907770195905789,-0.17208452564384769,0.10773717807616112,-0.18878274268104778,-0.06198987453224741,0.022667840633942327,-0.002414703940127669,0.09165749504732555,0.0012524763372220998,0.16683909311027956,-0.045467752586396654,0.06627338762931984,-0.06143297380585516,0.16549196566145719,-0.1287673343605547,0.4211534228483381,0.4011402157164869,0.2215100154083205,0.34446401056570547,0.053152102135152986,0.12060972925379705,-0.05940788025533788,0.26706141316310805,0.05483381025753907,-0.06522562183579132,0.14045124367158265,0.05160466651992076,0.24236847897864847,0.09602685450143077,-0.1707638124587277,-0.06098613251155624,-0.0599405679066696,0.06838212634822805,0.11194364957076822,0.223152102135153,0.19165529385868368,0.15183579132731675,-0.20699977988113583,0.1020360994937266,-0.21413383226942548,0.018087167070217916,-0.16649790887079022,0.5788817961699317,0.10362976007043803,0.6645124367158265,0.394010565705481,0.4142306845696676,0.4871274488223641,0.38226282192383887,0.21990314769975786,0.22882236407660136,0.17943869689632402,0.38498569227382784,0.3527602905569007,0.049029275808936824,-0.009315430332379485,0.006999779881135813,0.043462469733656174
