,#10,#11,#12,#13,#17,#18,#26,#49,#50,#51,#52,#53,#54,#58,#101,#102,#201,#202,#301,#302,#401,#402,#501,#502,#601,#602,#701,#702,#801,#802,#901,#902,#1001,#1002,#1101,#1102,#1201,#1202,#1301,#1302,#1401,#1402,#1501,#1502,#1601,#1602,#1701,#1702,#1801,#1802,#1901,#1902,#2001,#2002,#2101,#2102,#2201,#2202,#2301,#2302,#2401,#2402,#2501,#2502,#2601,#2602,#2701,#2702,#2801,#2802,#2901,#2902,#3001,#3002,#3101,#3102,#3201,#3202,#3301,#3302,#3401,#3402,#3455,#3501,#3502,#3601,#3602,#3701,#3702,#3801,#3802,#3901,#3902,#4001,#4002,#4101,#4102,#4201,#4202,#4301,#4302,#4401,#4402,#4501,#4502,#4601,#4602,#4701,#4702,#4801,#4802
#10,1.0,0.5520999339643408,0.5736759850319172,0.6555624036979969,0.3901056570548096,0.29143297380585514,-0.06382566585956416,0.7862579793088268,0.12269865727492846,0.6592295839753467,0.4616883116883117,0.4339225181598063,0.3023112480739599,-0.1968346907329958,-0.418994056790667,-0.456304204270306,0.5195443539511336,0.32673783843275367,-0.20302223200528285,-0.19180717587497248,-0.1811204050187101,-0.22872551177635925,-0.09620515078142197,0.008921417565485363,0.10414703940127669,0.08211314109619194,0.2733436055469954,0.3033083865287255,0.2057076821483601,0.08508034338542814,0.15137354171252476,-0.1096434074400176,0.3324125027514858,0.23263482280431433,0.0324653312788906,0.0451551837992516,-0.0852212194585076,-0.1651023552718468,0.03184459608188422,0.05362095531587057,0.3004556460488664,-0.24326876513317192,-0.026438476777459828,-0.21622055910191504,-0.27315430332379487,-0.1346621175434735,0.4015232225401717,0.33777679947171474,0.05674884437596302,-0.020094651111600265,0.32036759850319174,0.06301342725071539,0.27427030596522123,0.06747963900506274,-0.07657054809597183,-0.00350429231785164,-0.2570394012766894,-0.2029936165529386,-0.0649306625577812,0.06783843275368699,0.10554479418886198,0.08477437816420867,-0.32494607087827426,-0.30825665859564166,0.3764142637023993,0.46142637023992955,-0.336484701738939,-0.1275941008144398,0.011393352410301563,-0.19345146379044684,0.3269293418445961,0.28523662777900066,-0.16910851860004403,0.12083425049526744,-0.32186880915694477,-0.049097512656834694,-0.13220779220779222,0.00909090909090909,-0.23188861985472156,-0.2557825225621836,0.24438696896324014,0.3409817301342725,0.23467532467532468,0.10584415584415584,0.10163108078362315,0.11912612810917896,0.2275544794188862,0.34942989214175657,-0.14451243671582656,0.26306845696676207,0.13928461369139336,-0.06621395553598944,0.032753686990975125,-0.06589038080563504,-0.02337442218798151,0.18421087387189083,0.11448602245212415,0.36610169491525424,0.16882236407660137,0.442425709883337,0.09560642747083425,0.3012524763372221,0.06643627558881796,0.4329099713845477,0.2862293638564825,0.3673321593660577,0.27185560202509357,0.05628659476117103,0.1846995377503852,0.07720228923618754,-0.06529826106097293
#11,0.5520999339643408,1.0,0.34113801452784503,0.32080783623156506,0.269702839533348,-0.0759916354831609,0.51851419766674,0.4178230244331939,0.22270746202949593,0.6080299361655294,0.4798943429451904,0.014151441778560423,0.15736077481840194,0.14640986132511558,-0.13772176975566805,-0.03466872110939907,0.1619172353070658,0.27459828307285933,-0.04803433854281312,0.14902927580893682,-0.1170988333700198,0.11042042703059653,-0.11201408760730795,0.21937046004842614,-0.0026348228043143298,0.2515892581994277,0.09573189522342064,0.24525863966541933,0.12781201848998458,-0.04456966762051508,0.0005304864626898525,-0.08575830948712304,-0.08348668280871671,0.1687607307946291,0.19688091569447502,0.04443539511336121,-0.12505833149900947,0.025192604006163327,-0.023466872110939906,0.16498128989654415,0.17809817301342726,0.09643627558881797,-0.12735857362976008,-0.19227823024433194,-0.15755668060752806,0.19631300902487342,0.048694695135373105,-0.018529605987233105,-0.036544133832269426,0.057915474356152324,-0.03252696456086287,0.219537750385208,0.004681928241250275,0.34254017169271406,-0.047259520140876074,0.19853180717587499,-0.2538762931983271,-0.05025313669381466,-0.2019040281752146,0.3173277569887739,-0.09491965661457187,-0.08706141316310807,-0.09931102795509575,-0.08910851860004403,0.3387739379264803,0.49777019590578914,0.051113801452784505,0.24869909751265684,0.07834030376403257,0.006973365617433414,0.25740039621395555,0.14457186880915696,-0.10420427030596523,0.1824125027514858,-0.09215716486902928,4.182258419546555e-05,-0.15832269425489764,-0.07285714285714286,-0.08299801893022232,-0.04851419766674004,0.08304424389170152,0.12489984591679507,0.11658815760510675,-0.050710983931322916,0.012945190402817521,-0.046828087167070216,-0.08051067576491305,0.10296059872331059,0.01273167510455646,0.01952674444199868,-0.006464891041162228,-0.14105216817081223,0.07524763372221,-0.16334360554699537,-0.026847897864847016,0.01532687651331719,0.3253841074180057,0.03198547215496368,0.21481620074840413,-0.047213295179396875,0.06749504732555581,0.06884217477437816,-0.0788201628879595,-0.010702179176755448,-0.07462909971384547,-0.1634932863746423,0.005932203389830509,-0.10590138674884438,-0.026167730574510235,-0.12249394673123487,-0.06823244552058111
#12,0.5736759850319172,0.34113801452784503,1.0,0.6346973365617433,0.22257979308826767,0.2667840633942329,0.02421087387189082,0.437079022672243,-0.1145476557340964,0.489537750385208,0.4262403697996918,0.207475236627779,0.2552344265903588,-0.25410301562843934,-0.4333458067356372,-0.3243055249834911,0.7170217917675544,0.6985119964780981,-0.10457186880915695,-0.3486748844375963,-0.24459828307285936,-0.2981311908430552,0.2868170812238609,-0.1315430332379485,0.20516839093110278,-0.0883645168390931,0.583119084305525,0.2930222320052829,0.016966762051507815,-0.18093110279550959,0.2293132291437376,-0.15299361655293858,0.3676931543033238,0.06976447281532028,-0.09088707902267225,-0.3600858463570328,-0.15165969623596742,-0.20256218357913272,-0.24867048206031256,-0.2669359454105217,0.08170151882016288,-0.13740479859123927,-0.1942064714946071,-0.27159145938806956,-0.24672903367818622,-0.3204512436715827,0.4365397314549857,0.38147699757869247,0.14494166850099052,0.03717587497248514,0.3839863526304204,0.09828087167070218,0.4636605767114242,-0.06605987233105877,-0.009484921857803214,-0.05545894783182919,-0.195346687211094,-0.3944816200748404,-0.07247413603345806,-0.32571428571428573,-0.11320052828527405,-0.05862645828747524,-0.5030398415144178,-0.3079859123926921,0.5412238608848778,0.2387607307946291,-0.34258639665419327,-0.19839533348007923,0.26841514417785606,0.13677525863966541,0.5239841514417786,0.5339291217257319,0.07839753466872111,0.28656394453004624,-0.38808496588157604,0.007750385208012326,-0.21823024433193924,0.0033303984151441778,-0.04695575610829848,-0.04133392031697117,0.09682808716707021,0.06088707902267224,0.12790006603565926,0.07139995597622716,-0.046374642306845695,0.12524763372220998,0.23381245872771297,0.1964869029275809,-0.24425489764472816,0.08765573409641206,-0.1633017829627999,-0.11876953554919657,-0.0624058991855602,0.0018776139115122166,0.06863746423068456,0.5256306405458948,0.13547655734096412,0.6272265023112481,0.4551419766674004,0.3388311688311688,0.25338542813119086,0.48292097732775696,0.2138498789346247,0.4912502751485802,0.39394673123486684,0.3793594541052168,0.35401496808276467,-0.11865727492846137,0.14668280871670702,0.12490644948272067,-0.02947391591459388
#13,0.6555624036979969,0.32080783623156506,0.6346973365617433,1.0,0.1788729914153643,0.21065595421527625,-0.1488994056790667,0.4456504512436716,-0.09924499229583976,0.6266409861325115,0.3815320272947392,0.3629077701959058,0.23935064935064934,-0.47032797710763813,-0.273167510455646,-0.3218930222320053,0.7105524983491085,0.25725511776359233,-0.09622055910191503,-0.3122980409421087,-0.16436935945410522,-0.3225357693154303,0.09276469293418446,-0.11428131190843055,0.05760510675764913,-0.04777459828307286,0.24759850319172352,0.20793968743121286,0.15100594320933303,-0.10625357693154304,0.0450627338762932,-0.16509134932863748,0.3196588157605107,0.082656834690733,-0.0015364296720228924,-0.1466123706801673,0.025260840854061193,-0.09180497468633061,-0.09524323134492627,-0.04055910191503412,0.2359520140876073,-0.19958837772397095,0.02164869029275809,-0.16826546335020912,-0.3335373101474796,-0.2411666299801893,0.40211314109619195,0.3006449482720669,0.006997578692493947,-0.14325996037860445,0.3271340523882897,-0.05274268104776579,0.27140215716486904,-0.013539511336121506,-0.11705701078582434,0.056095091349328635,-0.2049372661237068,-0.24321813779440898,-0.06308606647589698,-0.09073739819502531,-0.16824565265243233,-0.12568787145058333,-0.5379661016949152,-0.4619546555139776,0.45007043803653973,0.36976007043803655,-0.4000858463570328,-0.40225621835791325,0.03539731454985692,-0.08997138454765573,0.23132951793968742,0.2139093110279551,-0.039579572969403475,0.1422143957737178,-0.2769359454105217,0.019209773277569887,-0.17571208452564385,-0.048751926040061636,-0.1716596962359674,-0.2969931763152102,0.33301342725071537,0.11530266343825665,0.1936715826546335,0.23994276909531148,-0.21475236627779,0.0950099053488884,0.15605987233105878,0.3647919876733436,-0.3033920316971164,0.2299867928681488,-0.0029451904028175214,-0.03207351970063835,-0.0825643847677746,0.027323354611490203,0.051153422848338105,0.3029407880255338,0.03305965221219458,0.4177856042262822,0.2786682808716707,0.347343165309267,0.0027074620294959277,0.42080123266563946,-0.0810675764913053,0.47489544353951135,0.27386748844375963,0.3487475236627779,0.2884063394232886,-0.1285163988553819,0.07769755668060753,0.14917895663658376,0.13974686330618535
#17,0.3901056570548096,0.269702839533348,0.22257979308826767,0.1788729914153643,1.0,0.44291217257318954,0.03310587717367378,0.4697094430992736,0.0705018710103456,0.20230904688531806,0.29037860444640107,0.38909971384547654,0.30357473035439136,-0.10111380145278451,-0.21461149020471054,-0.2729385868368919,0.2156944750165089,-0.09498128989654413,-0.35677305745102356,-0.07158705701078583,-0.2241338322694255,-0.21622496147919876,-0.027708562623816862,0.04697336561743341,-0.06576051067576491,-0.11327096632181378,0.025016508914814,-0.17350429231785164,0.20186880915694475,0.07401276689412283,-0.09563504292317852,-0.147310147479639,-0.07435395113361215,-0.12892581994276908,-0.06975346687211094,0.13211974466211754,-0.05155403918115783,-0.10192604006163328,-0.02216596962359674,-0.03811138014527845,0.1719986792868149,-0.18294959278010126,0.16336341624477219,0.10212634822804315,-0.019848117983711205,-0.09637904468412943,0.1753709002861545,0.01938366718027735,-0.09592119744662117,-0.15253576931543034,0.1014637904468413,-0.22233105877173673,-0.004884437596302003,-0.20035219018269865,-0.11243451463790446,-0.15359454105216816,-0.07107638124587277,-0.17397094430992735,-0.01510675764913053,0.020735197006383446,0.16738498789346248,0.1190777019590579,-0.09631961259079903,-0.11073519700638344,0.02656174334140436,0.020708782742681047,0.0937904468412943,-0.03710543693594541,-0.17701078582434515,-0.10669161347127448,-0.15233546114902047,-0.07450583314990095,0.06587717367378385,0.015216817081223862,-0.09537750385208012,0.0037023992956196346,-0.06169271406559542,-0.09836451683909311,0.1296566145718688,-0.15412502751485802,0.1844243891701519,0.3976139115122166,0.049665419326436276,0.33923178516398855,0.3005546995377504,0.3312920977327757,0.2639885538190623,0.15145938806955755,-0.07727492846136914,0.401518820162888,0.3214902047105437,0.3096059872331059,0.06938146599163549,-0.0799207572088928,-0.027039401276689412,-0.014681928241250275,-0.19331719128329297,-0.012163768434954876,-0.13000880475456747,0.015943209333039842,-0.1690182698657275,0.24762491745542592,-0.1983777239709443,0.23952014087607307,-0.11851860004402377,0.12357693154303324,0.01537970504072199,0.11173013427250715,0.20508694695135374,0.05814880035219018,-0.20532687651331719
#18,0.29143297380585514,-0.0759916354831609,0.2667840633942329,0.21065595421527625,0.44291217257318954,1.0,-0.32977107638124586,0.2879132731675105,-0.12314329738058552,0.03151001540832049,0.19112480739599383,0.48531807175874975,0.5542526964560863,-0.322161567246313,-0.3930970724191063,-0.5462733876293199,0.20923838872991415,0.19167290336781861,-0.35135593220338984,-0.30110499669821705,-0.18957957296940348,-0.4568368919216377,0.05292758089368259,-0.058749724851419764,0.04081664098613251,-0.3619788685890381,0.3284943869689632,0.1728681488003522,0.17182698657274928,0.3155734096412062,-0.030515078142196787,-0.21397314549856922,0.21908210433634162,-0.09735197006383448,-0.09220338983050848,0.2307902267224301,-0.008344706141316311,-0.275346687211094,-0.031558441558441556,-0.20289016068677085,0.20561963460268545,-0.36555580013207134,0.2431300902487343,0.11723310587717367,-0.004087607307946291,-0.17119744662117545,0.38469073299581774,0.28745102355271845,0.037809817301342724,-0.0939951573849879,0.2454237288135593,-0.3085097952894563,0.15889060092449922,-0.25845916795069335,0.019137134052388288,-0.32071538630860663,-0.0762821923838873,-0.3319392471934845,0.054353951133612154,-0.011510015408320494,0.13705921197446622,0.08997798811358133,-0.1341404358353511,-0.21252696456086287,0.31383226942548975,-0.045472154963680386,-0.2804908650671363,-0.24886418666079682,-0.18946290997138454,-0.31796610169491524,0.03020911292097733,-0.09436715826546335,0.14200528285274047,0.21397754787585296,-0.1893198327096632,-0.12195685670261941,-0.12036759850319172,-0.09721769755668061,-0.07198987453224741,-0.3240677966101695,0.2636319612590799,0.419537750385208,-0.06497908870790227,0.47040281752146157,0.31479418886198546,0.31867048206031257,0.3003543913713405,0.27014747963900504,-0.08681928241250275,0.32279110719788684,0.3466806075280652,0.2511842394893242,0.06673123486682808,0.040611930442438916,0.003200528285274048,0.0030640545894783182,-0.21816200748404138,0.15259520140876073,-0.06610169491525424,0.24908210433634162,-0.18425049526744441,0.31697116442879153,0.06988994056790666,0.31613911512216597,-0.00045124367158265466,0.244719348448162,0.11665639445300462,0.0072022892361875415,-0.01138234646709223,0.22832269425489765,-0.0424058991855602
#26,-0.06382566585956416,0.51851419766674,0.02421087387189082,-0.1488994056790667,0.03310587717367378,-0.32977107638124586,1.0,0.008965441338322694,0.3158287475236628,0.35748404138234646,0.19836891921637684,-0.34342504952674446,0.01085626238168611,0.581699317631521,0.1260114461809377,0.38272507153863083,-0.21017829627999118,0.18343605546995378,0.12265463350209113,0.29674003962139556,-0.04275808936825886,0.24917235307065816,-0.04376843495487563,0.2244486022452124,-0.026161127008584636,0.30022892361875414,-0.08684569667620515,-0.051802773497688755,-0.011472595201408762,0.0488069557561083,0.16873871890821043,0.15983270966321814,-0.3832137354171252,0.07640105657054809,0.22833590138674884,-0.12653753026634382,-0.03958837772397095,0.1529121725731895,-0.05155183799251596,0.13325115562403697,-0.1401716927140656,0.3842791107197887,-0.2473629760070438,-0.13773717807616112,-0.11885538190622937,0.16586176535329078,-0.32127668941228266,-0.2581157825225622,-0.033598943429451904,0.0838168611049967,-0.36972044904248297,0.2734206471494607,-0.18969843715606427,0.18223200528285274,-0.05170151882016289,0.08575610829848118,-0.13047105436935946,0.02975346687211094,-0.12435395113361215,0.17941008144397974,-0.0287343165309267,-0.014930662557781202,0.35688751926040063,0.3621461589258199,0.07998459167950693,0.17919876733436055,0.4452278230244332,0.5877459828307285,0.11913933524103015,0.2571516618974246,0.1351023552718468,0.16714725952014087,-0.05920977327756989,-0.04185119964780982,0.022075720889280212,0.019086506713625356,-0.015745102355271847,0.03253356812678847,0.1986352630420427,0.36784723750825443,-0.2699823904908651,-0.13693154303323796,-0.018637464230684568,-0.24456746643187321,0.041536429672022895,-0.1269403477878054,-0.11291217257318953,-0.22577151661897424,0.1588003521901827,-0.2440611930442439,-0.21564604886638786,-0.12118203830068237,0.004116222760290557,0.0036693814659916357,0.1263020030816641,-0.06075280651551838,0.3601848998459168,-0.15057451023552718,0.0901782962799912,-0.2890380805635043,0.11308826766453885,-0.1711798371120405,0.11638564825005503,-0.3528329297820823,-0.1540347787805415,-0.4327999119524543,-0.2886814880035219,-0.027972705260840853,-0.030402817521461588,-0.12366277790006604,-0.06372000880475456
#49,0.7862579793088268,0.4178230244331939,0.437079022672243,0.4456504512436716,0.4697094430992736,0.2879132731675105,0.008965441338322694,1.0,0.17383447061413163,0.5625863966541933,0.4660246533127889,0.49754347347567685,0.3814087607307946,-0.06574950473255559,-0.2582126348228043,-0.4375346687211094,0.4448250055029716,0.24176315210213514,-0.1372639225181598,-0.21430772617213295,-0.048936825885978426,-0.17245432533568128,-0.02914813999559762,0.0008342504952674444,0.25303543913713405,0.07696456086286595,0.1996764252696456,0.07178296279991195,0.2544508034338543,0.15311688311688312,0.22331719128329297,-0.12052828527404799,0.23870349988994058,0.14492185780321373,0.06717587497248514,0.13039181157825225,-0.047587497248514195,-0.25018269865727494,0.09549416685009905,-0.05236407660136474,0.28774158045344483,-0.15281752146158925,-0.09349768875192604,-0.20912612810917897,-0.29506273387629317,-0.2621769755668061,0.28890160686770855,0.1001188641866608,-0.03394012766894123,-0.2190314769975787,0.24488883997358574,-0.06788465771516619,0.18589478318291877,-0.026420867268324894,-0.010261941448382127,-0.0987343165309267,-0.1037838432753687,-0.1309839313229144,-0.03395113361215056,-0.002678846577151662,0.24110279550957517,0.2193154303323795,-0.22817081223860886,-0.23332379484921859,0.303383226942549,0.4268236847897865,-0.2927294739159146,-0.17339643407440017,0.08315650451243671,-0.16051727933083865,0.317985912392692,0.25109178956636585,-0.04063834470614132,0.01758529605987233,-0.2913779440898085,-0.08181598062953996,-0.05506713625357693,0.01936605767114242,-0.17149240589918557,-0.31297380585516177,0.17977327756988773,0.43472375082544573,0.0982786704820603,0.06725291657495047,0.24562623816861104,0.16190622936385649,0.3045498569227383,0.34320052828527403,-0.02478318291877614,0.26275148580233326,0.1266585956416465,-0.014411182038300682,-0.11266784063394233,0.011340523882896764,-0.0301056570548096,0.22780321373541712,0.011058771736737838,0.3392163768434955,0.06098613251155624,0.382689852520361,0.03541712524763372,0.20134712744882236,0.04167950693374422,0.35256878714505835,0.20227602905569006,0.30854061193044247,0.11175434734756769,0.1960268545014308,0.24491525423728813,0.07127008584635704,-0.09677745982830728
#50,0.12269865727492846,0.22270746202949593,-0.1145476557340964,-0.09924499229583976,0.0705018710103456,-0.12314329738058552,0.3158287475236628,0.17383447061413163,1.0,0.1935923398635263,0.15806295399515738,-0.14164208672683248,-0.13522562183579132,0.4368434954875633,0.17318291877613912,0.2424389170151882,-0.08143077261721329,0.061391151221659696,0.10348228043143297,0.09565265243231345,-0.0029451904028175214,0.08071758749724851,-0.03714505833149901,0.12130970724191063,-0.10944089808496588,0.13493286374642308,-0.23111820383006823,-0.14356812678846578,-0.10040281752146159,0.10975126568346907,0.102326656394453,-0.06200528285274048,-0.25092670041822585,-0.19459608188421748,-0.16541932643627558,0.015778120184899845,-0.23022892361875413,-0.060374202069117325,-0.10957957296940347,-0.049854721549636806,-0.13769535549196565,0.10588377723970945,-0.1561038961038961,-0.013878494386968964,-0.07123046445080343,-0.050832049306625576,-0.24523002421307505,-0.21268324895443538,-0.049425489764472814,0.008771736737838433,-0.18776139115122165,0.3406647589698437,-0.19337662337662337,0.19563504292317851,-0.11302883557120845,0.10406559542152763,-0.1614109619194365,0.05594761171032357,0.17747083425049526,0.25602245212414704,-0.09575610829848118,0.06645168390931103,0.2503279771076381,0.2630398415144178,-0.11408320493066255,0.008881796169931764,0.23150781421967861,0.4705723090468853,0.1535064935064935,0.07529165749504732,0.16401716927140655,0.10186660796830288,-0.19439357252916575,-0.1956878714505833,-0.17408320493066257,-0.021560642747083424,-0.0008056350429231785,0.11555139775478758,0.2600814439797491,0.10580013207131851,-0.2728747523662778,0.08636143517499449,0.03580893682588598,-0.40113141096191945,0.14109619194364956,-0.18265023112480738,-0.08887519260400617,-0.13620074840413823,0.10678186220559102,-0.231600264142637,-0.04855381906229364,-0.3617851639885538,0.05350649350649351,-0.0958199427690953,0.08154523442659035,0.054807395993836674,-0.007290336781862206,0.06808936825885978,-0.094719348448162,-0.10766453885097953,0.09267884657715166,-0.2868214836011446,0.15593660576711424,-0.3396764252696456,-0.1333634162447722,-0.21648470173893902,-0.3698877393792648,-0.013299581774158045,0.06293858683689192,0.05779881135813339,-0.016506713625357692
#51,0.6592295839753467,0.6080299361655294,0.489537750385208,0.6266409861325115,0.20230904688531806,0.03151001540832049,0.35748404138234646,0.5625863966541933,0.1935923398635263,1.0,0.5583381025753907,0.2078758529605987,0.3723464670922298,-0.03433634162447722,-0.15420206911732334,-0.22573629760070438,0.5299735857362976,0.31941668500990533,-0.02654633502091129,-0.09757649130530487,-0.053079462909971384,-0.07477878054149241,0.09938806955756108,0.0949702839533348,0.09888839973585736,0.17223640766013648,0.19951353731014748,0.13386528725511776,0.1827933083865287,-0.07168390931102796,0.3349592780101255,-0.061058771736737835,0.26866607968302886,0.21229804094210875,0.23310147479639004,-0.19638344706141317,-0.0034052388289676425,-0.10033678186220558,-0.10602025093550517,-0.02430332379484922,0.27892802113141096,-0.046231565045124365,-0.059639005062733876,-0.3090843055249835,-0.31256218357913274,-0.004028175214615893,0.19953775038520802,0.0835064935064935,0.05047545674664319,-0.12390710983931323,0.16428571428571428,0.14408100374202068,0.2282522562183579,0.1653180717587497,-0.09878494386968963,0.07911512216596962,-0.22209333039841514,-0.171534228483381,-0.07558221439577371,-0.03931763152102135,-0.059852520360994935,-0.027996918335901386,-0.23632401496808275,-0.19066035659255998,0.37735417125247633,0.4749570768214836,-0.18001540832049306,-0.0038674884437596303,0.08449922958397535,-0.0776337222099934,0.37524763372221,0.2567686550737398,-0.1316618974246093,-0.011906229363856482,-0.345181598062954,-0.16610829848117983,-0.21558881796169932,-0.13670041822584195,-0.04552938586836892,-0.1296852300242131,0.1333039841514418,0.16490644948272068,0.1762689852520361,0.09108958837772398,0.014034778780541492,-0.024065595421527624,0.10743781642086726,0.2210411622276029,-0.06972044904248294,0.17373321593660576,-0.034131631080783625,-0.016610169491525422,-0.005780321373541713,-0.045668060752806515,0.046685009905348886,0.2215034118423949,0.2008518600044024,0.34168390931102793,0.27822364076601364,0.3465331278890601,0.15552938586836892,0.34314769975786924,0.09340303764032577,0.3292009685230024,0.2393660576711424,0.2157671142416905,0.12465111160026414,-0.02561303103675985,-0.001961259079903148,-0.026057671142416906,-0.04059211974466212
#52,0.4616883116883117,0.4798943429451904,0.4262403697996918,0.3815320272947392,0.29037860444640107,0.19112480739599383,0.19836891921637684,0.4660246533127889,0.15806295399515738,0.5583381025753907,1.0,0.3618005723090469,0.4279242791107198,-0.1497886858903808,-0.2224983491085186,-0.19884877834030376,0.40976447281532025,0.21658155403918117,-0.11322914373761832,-0.1525511776359234,-0.29152542372881357,-0.21634602685450144,-0.01689852520360995,-0.06722870349988994,-0.10119084305524984,0.032604006163328196,0.16398635263042044,0.19049526744442,0.1052014087607308,-0.06455866167730574,-0.1340545894783183,0.024869029275808936,0.03433634162447722,0.13662117543473476,-0.03320933303984151,-0.014809597182478538,-0.1788531807175875,-0.11529165749504733,-0.28991195245432533,0.017327756988773937,0.19531587057010785,-0.13430332379484922,-0.08700638344706141,-0.1210873871890821,-0.44158045344486024,-0.08210653753026634,0.4081113801452784,0.20421307506053268,0.10296940347787806,-0.13568567026194145,0.18397754787585296,-0.07604666519920757,0.05416685009905349,-0.1362623816861105,-0.2424323134492626,-0.0386154523442659,-0.26201408760730793,-0.2735197006383447,-0.14027514858023332,-0.07034558661677305,-0.08063394232885758,-0.0032203389830508474,-0.24549196566145717,-0.2756834690732996,0.4861127008584636,0.34950473255558,-0.10821703720008805,-0.110231124807396,0.08200088047545674,-0.004937266123706802,0.2584459608188422,0.22743781642086727,-0.04008144397974907,0.15967862645828748,-0.2733414043583535,-0.11914153642967203,-0.09551177635923398,-0.14826326216156724,-0.08812238608848778,-0.08333039841514418,0.22395113361215055,0.28263482280431435,0.23320052828527404,0.19245652652432313,-0.007429011666299802,0.2744992295839753,0.20105216817081223,0.2763548316090689,-0.14785604226282192,0.27429451904028174,0.105049526744442,0.036832489544353954,-0.016869909751265684,0.14091349328637465,-0.022370680167290338,0.21403257759189961,0.11213955535989434,0.24905348888399736,0.30159366057671144,0.1662821923838873,0.03476337222099934,0.2320030816640986,-0.09191283292978208,0.2857671142416905,0.1298283072859344,0.1660708782742681,0.07609289016068677,-0.007816420867268324,0.013940127668941229,0.09824125027514859,0.011613471274488224
#53,0.4339225181598063,0.014151441778560423,0.207475236627779,0.3629077701959058,0.38909971384547654,0.48531807175874975,-0.34342504952674446,0.49754347347567685,-0.14164208672683248,0.2078758529605987,0.3618005723090469,1.0,0.6624455205811138,-0.5034448602245213,-0.17446180937706363,-0.5699273607748184,0.444785384107418,-0.0960312568787145,-0.14276689412282634,-0.28409200968523,-0.01349108518600044,-0.34790006603565926,0.04984371560642747,-0.18219238388729914,0.09322033898305085,-0.21329738058551617,0.10802553378824566,-0.028685890380805636,0.2995531587057011,-0.012766894122826326,-0.13412502751485803,-0.11885097952894563,0.3263812458727713,0.1110675764913053,-0.015960818842174776,0.13109399075500772,0.009696235967422409,-0.21347787805414925,0.005786924939467313,-0.04074620294959278,0.47729914153642966,-0.45789346246973367,0.32968523002421307,-0.07670482060312568,-0.28733215936605766,-0.25540171692714064,0.45473475676865505,0.29878274268104776,-0.022689852520360994,-0.23741800572309046,0.3350121065375303,-0.2487607307946291,0.14959938366718029,-0.16180497468633062,-0.04895003301782963,-0.09080563504292317,-0.15801232665639445,-0.2507109839313229,-0.11246753246753247,-0.21095751705921198,0.1111270085846357,0.05330398415144178,-0.31783403037640323,-0.5655558001320713,0.16464891041162227,0.1122738278670482,-0.5185230024213076,-0.5763614351749945,0.015344486022452124,-0.2113911512216597,0.13705921197446622,0.04154083204930663,0.029141536429672023,-0.023968743121285493,-0.20498128989654413,-0.14775478758529606,0.018289676425269647,-0.09381245872771296,-0.16279991195245433,-0.4168567026194145,0.6814329738058552,0.6000792427911072,0.3128439357252917,0.5389874532247414,0.1039027074620295,0.22210653753026635,0.23235307065815541,0.6851287695355492,-0.34128989654413383,0.761716927140656,0.4776007043803654,0.24809156944750166,-0.1650891481399956,-0.04981950253136694,-0.3914175654853621,0.014679727052608409,-0.24931102795509574,0.3164538850979529,0.06162447721769756,0.4575324675324675,-0.05434074400176095,0.41176975566806073,-0.18397754787585296,0.4605524983491085,0.27457186880915696,0.5186682808716707,0.34081003742020693,0.06475896984371561,0.05170592119744662,0.04959498128989655,-0.030429231785163987
#54,0.3023112480739599,0.15736077481840194,0.2552344265903588,0.23935064935064934,0.30357473035439136,0.5542526964560863,0.01085626238168611,0.3814087607307946,-0.13522562183579132,0.3723464670922298,0.4279242791107198,0.6624455205811138,1.0,-0.17554919656614573,-0.21927360774818402,-0.44096412062513757,0.3572639225181598,0.16856042262821924,-0.1975808936825886,-0.1625511776359234,-0.029517939687431213,-0.24602685450143078,0.017101034558661677,-0.04686550737398195,0.10385428131190844,-0.05681928241250275,0.30353070658155407,0.1484041382346467,0.33718908210433635,0.00988994056790667,-0.009498128989654414,-0.06223860884877834,0.2824675324675325,0.177904468412943,0.25703720008804753,0.009991195245432533,-0.016414263702399297,-0.12917455425930002,-0.0832621615672463,-0.03779440898084966,0.4665859564164649,-0.17652212194585076,0.11539731454985692,-0.22026854501430773,-0.3139533348007924,-0.056156724631300906,0.39362315650451246,0.16612150561303105,0.024565265243231344,-0.2764098613251156,0.20762931983270966,-0.2306669601584856,0.13013427250715387,-0.11182918776139116,-0.16285714285714287,-0.1425643847677746,-0.2947655734096412,-0.3710411622276029,-0.1965199207572089,-0.19856482500550296,0.008329297820823244,-0.0033788245652652434,-0.16277349768875193,-0.3341206251375743,0.38232445520581115,0.20231785163988553,-0.2920360994937266,-0.2507572088928021,0.006339423288575831,-0.1581664098613251,0.2938300682368479,0.14340964120625138,0.0385758309487123,0.0924521241470394,-0.20028175214615893,-0.2297820823244552,-0.176880915694475,-0.2534932863746423,-0.04792427911071979,-0.2033942328857583,0.4227140655954215,0.3837310147479639,0.06284173453664979,0.5478076161127009,0.23547655734096412,0.1445036319612591,0.12771956856702618,0.46799471714725954,-0.09429672022892362,0.49219898745322477,0.21378164208672684,0.17815100154083205,-0.12247193484481621,-0.14342284833810257,-0.22997358573629761,0.057512656834690735,0.0011930442438917014,0.2580827646929342,0.1440017609509135,0.2829253797050407,0.013270966321813779,0.48799691833590136,-0.04460928901606868,0.33699757869249397,0.18184899845916794,0.32496588157605105,0.3050627338762932,-0.0687805414924059,-0.021837992515958617,-0.0677525863966542,-0.24423068456966762
#58,-0.1968346907329958,0.14640986132511558,-0.25410301562843934,-0.47032797710763813,-0.10111380145278451,-0.322161567246313,0.581699317631521,-0.06574950473255559,0.4368434954875633,-0.03433634162447722,-0.1497886858903808,-0.5034448602245213,-0.17554919656614573,1.0,0.17053048646268984,0.429867928681488,-0.5202025093550517,0.11816420867268325,0.13336561743341405,0.26457627118644067,0.03527184679727052,0.2549372661237068,-0.28969183359013867,0.12866607968302884,-0.09025753907109839,0.2389654413383227,-0.06685009905348889,0.045874972485141975,-0.19968743121285495,0.21760070438036538,0.1705679066696016,0.14755668060752808,-0.3034734756768655,0.010169491525423728,0.19753026634382567,-0.014045784723750825,-0.09565705480959719,0.05698657274928461,0.11328637464230684,0.11044684129429892,-0.28501871010345586,0.4016596962359674,-0.34914813999559763,-0.14925819942769095,0.05635703279771077,0.06424609289016069,-0.3095355491965662,-0.16708342504952675,0.10686770856262381,0.10681488003521902,-0.3839005062733876,0.2999889940567907,-0.20857803213735418,0.10977107638124588,-0.08635923398635263,-0.06539291217257319,-0.07533788245652652,0.06198106977767995,0.13925159586176536,0.23890821043363417,0.08362976007043804,0.1844023772837332,0.5854017169271406,0.6109883337001981,-0.18696456086286595,-0.022000880475456747,0.5620559101915034,0.7782478538410742,0.07053268765133172,0.2228351309707242,0.10692714065595421,0.12360994937266123,-0.16977107638124586,-0.08241470394012766,0.08470173893902708,0.026856702619414485,0.08489984591679507,0.09656834690732996,0.10476777459828307,0.32848778340303764,-0.533728813559322,-0.1820162887959498,-0.28880255337882454,-0.590429231785164,0.299867928681488,-0.18252916574950473,-0.12842174774378165,-0.4082962799911952,0.3313713405238829,-0.49558441558441557,-0.2816707021791768,-0.3201518820162888,0.029161347127448823,-0.06120405018710103,0.23344045784723752,-0.16790006603565927,0.19343165309267005,-0.19536429672022892,0.06618754127228703,-0.28103896103896103,0.22338762931983272,-0.4764142637023993,0.28148800352190184,-0.44851419766674006,-0.16546775258639665,-0.37795949812898966,-0.2595509575170592,0.11444419986792868,0.0971318511996478,-0.04584415584415585,-0.10904908650671362
#101,-0.418994056790667,-0.13772176975566805,-0.4333458067356372,-0.273167510455646,-0.21461149020471054,-0.3930970724191063,0.1260114461809377,-0.2582126348228043,0.17318291877613912,-0.15420206911732334,-0.2224983491085186,-0.17446180937706363,-0.21927360774818402,0.17053048646268984,1.0,0.479027074620295,-0.2093286374642307,-0.2393616552938587,0.5247325555800132,0.04719788685890381,0.429075500770416,0.16488223640766014,0.2650231124807396,0.022604006163328198,0.1381003742020691,0.07951793968743122,-0.26966762051507814,-0.3966123706801673,0.23373321593660576,0.05285714285714286,0.15532247413603345,0.1736847897864847,-0.08760950913493286,0.061897424609289015,0.20874312128549416,-0.06384107418005723,0.32314549856922736,0.19503191723530708,0.23989214175654855,0.0913383226942549,0.1929980189302223,0.3341492405899186,0.04668721109399075,0.018575830948712305,0.17542372881355933,-0.018859784283513096,-0.30807836231565044,-0.2848558221439577,-0.0862161567246313,-0.2528285274047986,-0.333152102135153,-0.05123706801672903,-0.3576183138895003,0.0989588377723971,0.11763592339863527,0.056713625357693156,0.03142857142857143,-0.041300902487343166,-0.06825225621835791,0.0700792427911072,-0.26467092229804096,-0.3225027514858023,0.3389984591679507,0.09762491745542592,-0.4023904908650671,-0.22192163768434955,0.2482082324455206,0.015718688091569448,0.13368919216376843,0.15440017609509135,-0.1691107197886859,-0.17675985031917235,-0.1245674664318732,-0.4380959718247854,0.16936385648250055,-0.3062645828747524,-0.10297160466651992,-0.2583270966321814,0.2946290997138455,0.17355491965661457,-0.11504512436715826,-0.1333083865287255,-0.06918556020250935,-0.19307285934404578,-0.37832049306625576,-0.48654193264362755,-0.39715606427470834,0.02026634382566586,0.2761589258199428,-0.09403697996918337,-0.19012987012987012,-0.19463790446841295,-0.2727977107638125,-0.32793308386528724,-0.27095971824785386,-0.1240545894783183,0.02440017609509135,-0.14806515518379926,-0.10380585516178736,-0.20189082104336342,0.05271406559542153,-0.1614109619194365,-0.12651111600264142,-0.3046401056570548,-0.19684789786484702,-0.17734536649790886,-0.0562821923838873,-0.26013647369579573,-0.26882456526524323,-0.27293638564825007,0.15803213735417126
#102,-0.456304204270306,-0.03466872110939907,-0.3243055249834911,-0.3218930222320053,-0.2729385868368919,-0.5462733876293199,0.38272507153863083,-0.4375346687211094,0.2424389170151882,-0.22573629760070438,-0.19884877834030376,-0.5699273607748184,-0.44096412062513757,0.429867928681488,0.479027074620295,1.0,-0.44062293638564826,-0.1986286594761171,0.32649570768214836,0.5710433634162447,0.012359674224081003,0.48631300902487345,-0.15982610609729253,0.16802553378824564,-0.29587277129650014,0.31491745542593,-0.4650253136693815,-0.03899625797930883,-0.1776271186440678,-0.019889940567906668,-0.015353290777019591,0.22391151221659697,-0.36735857362976004,-0.04023992956196346,-0.039429892141756545,0.09416464891041162,-0.1464604886638785,0.49606207351970066,-0.16786704820603127,0.309372661237068,-0.3732423508694695,0.6182962799911953,-0.3366035659255998,0.14047105436935944,-0.02885758309487123,0.15345586616773058,-0.3477525863966542,-0.1943297380585516,-0.02432973805855162,0.08389390270746203,-0.38372000880475454,0.05945850759410082,-0.35382126348228043,0.06407440017609509,-0.2576645388509795,0.16615452344265905,-0.17250935505172793,0.26908870790226724,-0.1246599163548316,0.20776799471714727,-0.2184899845916795,-0.20033237948492186,0.4820691173233546,0.5294144838212634,-0.31536869909751264,-0.21465551397754787,0.4625181598062954,0.4162447721769756,0.21967862645828748,0.5377041602465331,-0.05421087387189082,-0.023055249834910852,0.07250715386308607,-0.17025533788245653,0.39138674884437596,0.21815980629539952,0.14190182698657275,0.1187475236627779,0.15878494386968964,0.4811358133392032,-0.3947171472595201,-0.4116288795949813,-0.0007285934404578472,-0.38910631741140217,-0.21954435395113361,-0.29816420867268323,-0.41365397314549857,-0.38677525863966544,0.3294276909531147,-0.38646929341844594,-0.3431388950033018,-0.35652212194585076,-0.08999119524543253,-0.07178296279991195,0.07244331939247194,-0.20093330398415143,0.11900066035659256,-0.26732115342284835,-0.044714946070878274,-0.4668126788465772,-0.08392031697116444,-0.35159145938806957,-0.07807616112700859,-0.5656086286594761,-0.10115122165969624,-0.39457847237508253,-0.27650231124807395,-0.16378164208672683,-0.05605546995377504,-0.11904688531807175,0.00909090909090909
#201,0.5195443539511336,0.1619172353070658,0.7170217917675544,0.7105524983491085,0.2156944750165089,0.20923838872991415,-0.21017829627999118,0.4448250055029716,-0.08143077261721329,0.5299735857362976,0.40976447281532025,0.444785384107418,0.3572639225181598,-0.5202025093550517,-0.2093286374642307,-0.44062293638564826,1.0,0.39228263262161567,-0.05700418225841954,-0.4901782962799912,0.0026194144838212635,-0.3848492185780321,0.3671648690292758,-0.30486022452124145,0.24912172573189523,-0.20335020911292098,0.3453202729473916,-0.03708782742681048,0.25873211534228485,-0.3547567686550737,0.17007043803653973,-0.15924058991855602,0.432458727712965,0.0789588377723971,-0.13374862425709882,-0.35922518159806294,0.010891481399955976,-0.19480299361655293,-0.1809685230024213,-0.21582434514637905,0.2935989434294519,-0.3332775698877394,0.050642747083425046,-0.321038961038961,-0.31871230464450806,-0.3989632401496808,0.2875720889280211,0.1316883116883117,-0.1223728813559322,-0.1921417565485362,0.42648910411622276,-0.015102355271846796,0.3851661897424609,-0.13900286154523442,-0.024246092890160685,0.0008936825885978428,-0.12472815320272948,-0.3252740479859124,-0.1578956636583755,-0.4142064714946071,-0.17727052608408542,-0.17887519260400617,-0.681237068016729,-0.5793198327096633,0.40011666299801896,0.2030464450803434,-0.48852740479859125,-0.4713581333920317,0.32701738939027075,0.09646268985252036,0.4752872551177636,0.5027074620294959,0.13650671362535768,0.07084965881576051,-0.34863086066475896,0.025315870570107857,-0.16983270966321815,-0.003940127668941229,0.0721879815100154,-0.26100814439797493,0.37982610609729256,0.10801232665639446,0.21115562403697996,0.3800044023772837,-0.16162667840633943,0.06522562183579132,0.17907990314769975,0.39582874752366276,-0.47647809817301345,0.35650891481399954,0.007006383447061413,0.0813647369579573,-0.13842615012106538,-0.0988663878494387,-0.07974246092890161,0.6344464010565706,-0.052097732775698874,0.6253202729473916,0.1598084965881576,0.4254721549636804,0.12588377723970945,0.6413251155624037,-0.06451023552718468,0.610083645168391,0.3269931763152102,0.49171252476337224,0.35407660136473695,-0.14645168390931101,0.11983931322914373,0.07688972044904248,-0.0019216376843495487
