,#10,#11,#12,#13,#17,#18,#26,#49,#50,#51,#52,#53,#54,#58,#101,#102,#201,#202,#301,#302,#401,#402,#501,#502,#601,#602,#701,#702,#801,#802,#901,#902,#1001,#1002,#1101,#1102,#1201,#1202,#1301,#1302,#1401,#1402,#1501,#1502,#1601,#1602,#1701,#1702,#1801,#1802,#1901,#1902,#2001,#2002,#2101,#2102,#2201,#2202,#2301,#2302,#2401,#2402,#2501,#2502,#2601,#2602,#2701,#2702,#2801,#2802,#2901,#2902,#3001,#3002,#3101,#3102,#3201,#3202,#3301,#3302,#3401,#3402,#3455,#3501,#3502,#3601,#3602,#3701,#3702,#3801,#3802,#3901,#3902,#4001,#4002,#4101,#4102,#4201,#4202,#4301,#4302,#4401,#4402,#4501,#4502,#4601,#4602,#4701,#4702,#4801,#4802
#10,1.0,0.3421725731895223,0.6425533788245653,0.594653312788906,0.4981598062953995,0.11511336121505614,0.14044023772837333,0.5270416024653313,0.06154963680387409,0.41779661016949154,0.34917235307065814,0.25545454545454543,-0.16048646268985253,-0.1315034118423949,-0.332887959498129,0.02813119084305525,0.24355051727933083,0.4258287475236628,-0.3898503191723531,-0.17073739819502531,-0.39409200968523,-0.33948272066916135,0.13699977988113582,0.402029495927801,0.10498569227382787,0.37169711644287917,-0.09660356592559982,0.21156944750165088,0.129537750385208,0.22616773057451023,0.17150781421967862,0.324620294959278,0.4413273167510456,0.43255558001320715,0.10272507153863086,0.12389390270746203,0.016640986132511557,0.11275368699097513,0.18545894783182917,0.22233546114902047,0.10157825225621836,0.020471054369359455,-0.19229804094210873,-0.1088531807175875,-0.012474136033458068,0.024072198987453226,0.07511996478098174,0.09130310367598503,0.09433414043583535,-0.06019810697776799,-0.009440898084965881,0.05377503852080123,0.04829627999119525,-0.13094210873871892,-0.21011005943209332,0.04381465991635483,-0.26762931983270966,-0.29392692053709,0.40825665859564164,0.20330618534008366,0.16520581113801452,0.11510015408320493,-0.05800792427911072,-0.18082544574069997,0.06898305084745762,0.09861985472154963,0.08718467972705261,-0.23241030156284392,0.05674003962139555,0.20523002421307507,0.22226942548976447,0.31145718688091567,-0.2643429451904028,-0.1552014087607308,-0.24455205811138014,-0.20694475016508915,-0.28059652212194586,-0.16434514637904468,-0.3125709883337002,0.05875192604006163,-0.3070526084085406,-0.07921857803213736,-0.2340677966101695,0.038239049086506716,0.1326172132951794,0.40521241470394015,0.3763130090248734,-0.13849218578032138,0.13024213075060534,0.03260180497468633,-0.02916354831609069,0.16962139555359895,0.13548316090688972,0.15540171692714067,0.14152542372881355,0.02920977327756989,0.41801452784503634,0.2736253576931543,0.42463570327977107,0.28923838872991414,0.11641646489104117,0.31866607968302885,0.4963922518159806,0.39302883557120843,0.48943649570768216,0.33025533788245653,0.5026172132951794,0.017382786704820602,-0.0975610829848118,0.3513625357693154,0.3408364516839093
#11,0.3421725731895223,1.0,0.5985208012326656,0.27884877834030375,0.05283072859344046,-0.3428263262161567,0.3395421527624917,0.3977635923398635,0.5583314990094651,0.2972176975566806,0.41800132071318513,-0.17172353070658156,-0.17877173673783844,-0.2559344045784724,0.004965881576051067,0.3682654633502091,-0.07250935505172794,0.4287607307946291,0.11203389830508474,0.09061193044243891,-0.0699867928681488,-0.0713119084305525,-0.032018489984591676,0.04429011666299802,0.01781201848998459,0.19460928901606867,-0.21492846136913935,-0.024798591239269207,-0.2345344486022452,-0.17075280651551838,-0.37795069337442216,-0.09598283072859344,-0.15451243671582654,0.2880409421087387,-0.33612150561303106,-0.2264340744001761,-0.42178956636583753,0.023028835571208453,0.2309222980409421,-0.03700858463570328,-0.20164208672683248,0.11441338322694256,-0.43451243671582657,-0.2499075500770416,-0.13189082104336342,-0.1593528505392912,-0.10128329297820823,-0.19173013427250715,-0.18822584195465553,-0.11275148580233325,-0.36478318291877615,-0.31832929782082325,-0.2406911732335461,-0.11195465551397754,-0.26549196566145716,-0.06589918556020251,-0.17451463790446842,-0.17622496147919878,0.18871890821043363,-0.008016729033678185,0.16658815760510676,0.2400198106977768,-0.22769535549196565,0.11038080563504292,0.0087607307946291,0.0067554479418886195,0.011118203830068236,-0.016647589698437156,0.15580233325996037,0.2010081443979749,-0.0002223200528285274,0.09103675985031917,-0.1209619194364957,-0.38340083645168394,-0.15261281091789566,-0.09537970504072199,-0.11186220559101916,0.04237508254457407,-0.03329738058551618,0.1236451683909311,-0.39290997138454764,-0.19363416244772177,0.12306625577812018,-0.04468412942989214,-0.10662998018930223,0.4214571868809157,0.22598503191723532,-0.270264142637024,-0.019524543253356813,-0.15095311468192824,-0.2307373981950253,-0.2194122826326216,-0.2223200528285274,-0.10296279991195245,0.0005899185560202509,0.3105458947831829,0.5138674884437596,0.07282852740479859,0.32677305745102353,-0.2496896324014968,-0.27130310367598504,-0.13295619634602684,0.13890380805635044,0.05823464670922298,0.1745938806955756,-0.29219898745322476,0.047252916574950475,0.08292978208232446,0.051981069777679946,0.0338036539731455,-0.09845916795069337
#12,0.6425533788245653,0.5985208012326656,1.0,0.6467422408100374,0.2895971824785384,-0.11600264142637023,0.28395773717807615,0.4384833810257539,0.2532797710763812,0.4919326436275589,0.33162007484041384,-0.04599823904908651,-0.2910499669821704,-0.3324323134492626,-0.06952894563064055,0.18858903808056351,0.3928637464230685,0.7291635483160906,-0.14903147699757868,-0.14367378384327537,-0.2523860884877834,-0.4581620074840414,0.15695575610829848,0.2335989434294519,0.0700792427911072,0.31446621175434736,0.0764076601364737,0.19764913053048647,-0.12981289896544135,-0.010057230904688531,-0.1035989434294519,0.16710983931322915,0.2649306625577812,0.46819942769095313,-0.24322033898305084,-0.15830288355712085,-0.22882896764252697,0.029374862425709882,0.2813185119964781,0.22712304644508036,-0.061223860884877836,0.16024873431653092,-0.37747303543913713,-0.16583314990094652,-0.159801893022232,-0.21521241470394012,-0.007123046445080343,-0.013682588597842835,0.2261435174994497,0.0685560202509355,-0.13097292537970504,0.09605767114241691,0.16370019810697778,0.03319832709663218,-0.06994937266123707,0.09710103455866168,-0.25834910851860005,-0.42726612370680167,0.28480079242791106,0.10026634382566586,-0.009267004182258419,0.04296059872331059,-0.30950253136693817,-0.20173453664979088,0.26751926040061635,0.25400396213955534,0.028186220559101915,-0.1412788906009245,0.03329077701959058,0.07492626018049747,0.1913251155624037,0.2593286374642307,-0.15668280871670703,-0.24898965441338322,-0.33748404138234644,-0.3008386528725512,-0.3576535329077702,-0.11290116662998019,-0.18358133392031697,-0.020574510235527185,-0.43389830508474575,-0.20641206251375743,-0.08584855822143958,-0.0032027294739159144,-0.07941668500990536,0.39604226282192384,0.21842835130970725,-0.21362095531587058,0.06028395333480079,-0.11018930222320053,-0.20600264142637023,-0.2805238828967643,-0.183251155624037,-0.1497952894563064,0.05965881576051068,0.43158485582214395,0.6902575390710984,0.42097732775698876,0.6034602685450143,0.1650891481399956,0.07735197006383447,0.37947611710323575,0.4877151661897425,0.4393924719348448,0.39204050187101036,0.11720228923618754,0.31770416024653314,-0.151930442438917,-0.22047105436935946,0.18835571208452564,0.06541272287034999
#13,0.594653312788906,0.27884877834030375,0.6467422408100374,1.0,0.396286594761171,0.11022672243011226,0.1981267884657715,0.19998899405679066,-0.07606427470834251,0.5182258419546555,0.16731454985692273,0.07057671142416905,-0.1388135593220339,-0.15470394012766894,-0.09554699537750386,0.055980629539951574,0.27706141316310806,0.27561523222540174,-0.23268545014307726,-0.09380585516178737,-0.2713141096191944,-0.2299933964340744,0.28064935064935065,0.412458727712965,0.11269645608628659,0.43204050187101034,0.04085626238168611,0.41962139555359895,0.19684569667620516,0.3380431432973806,-0.04506713625357693,0.28506053268765136,0.2751397754787585,0.3740942108738719,0.03439797490644948,0.2277856042262822,0.024684129429892142,0.1768875192604006,0.3063460268545014,0.2955976227162668,0.16157164869029275,0.20981289896544134,-0.27916574950473255,0.10953114681928242,0.05149900946511116,-0.052016288795949814,0.2478120184899846,0.27161567246313006,0.18014968082764693,0.035337882456526526,-0.011358133392031696,0.1391833590138675,0.06360334580673564,0.2558023332599604,-0.019892141756548538,0.22084965881576052,-0.29011005943209334,-0.34073959938366716,0.28844596081884216,0.0928813559322034,-0.12305524983491085,-0.10437376183138895,0.022883557120845256,-0.028335901386748845,0.1395509575170592,0.25090688972044906,0.2853202729473916,-0.07121505613031037,-0.041111600264142636,0.11820823244552058,0.09949812898965442,0.1710081443979749,-0.2686880915694475,-0.1321571648690293,-0.3326612370680167,-0.32609289016068677,-0.46519920757208894,-0.25730574510235527,-0.010233325996037861,0.1572727272727273,-0.3068677085626238,-0.008824565265243231,-0.22163108078362315,0.006552938586836892,0.019848117983711205,0.1722672243011226,0.09070878274268104,-0.12807836231565045,0.15729033678186222,-0.10945410521681709,-0.05484701738939027,-0.027226502311248076,-0.007697556680607528,-0.18718247853841075,-0.05188861985472155,-0.02042923178516399,0.39579572969403476,0.06052828527404799,0.3324455205811138,0.11833590138674885,0.19384767774598283,0.23448602245212416,0.3531983270966322,0.21218357913273167,0.18290336781862204,0.06687431212854941,0.27127008584635703,-0.21764913053048646,-0.15379925159586177,0.1583843275368699,0.06531807175874972
#17,0.4981598062953995,0.05283072859344046,0.2895971824785384,0.396286594761171,1.0,0.5918710103455866,0.14301122606207353,0.3772088928021131,-0.09817301342725071,0.27936385648250056,0.32435395113361215,0.6819744662117544,0.20440017609509134,0.25405458947831827,-0.3627668941228263,-0.20151882016288797,0.1754061193044244,0.14736297600704382,-0.5326700418225842,-0.48042703059652214,-0.4938432753686991,-0.28014747963900505,0.2998569227382787,0.44600264142637025,-0.029801893022232004,0.2536781862205591,-0.10458507594100815,-0.02698217037200088,0.22153202729473917,0.5288883997358573,0.17619414483821264,0.4399273607748184,0.17946731234866828,0.16089368258859785,0.37988553819062293,0.3706713625357693,0.14460928901606868,0.15369579572969402,0.15914593880695577,0.19366718027734978,0.23094651111600265,-0.13480959718247854,-0.004904248294078803,0.19522342064714945,0.19237728373321594,0.1837376183138895,0.0815298261060973,0.024014968082764692,-0.09112480739599384,-0.25806515518379924,0.025234426590358794,0.08129650011005943,-0.08860004402377283,-0.1799603786044464,-0.29941008144397974,-0.10523222540171692,-0.30962139555359897,-0.3931829187761391,0.027283733215936606,-0.12788906009244994,-0.06676865507373982,-0.13564384767774598,0.03320493066255778,-0.07162447721769756,-0.06340523882896765,-0.2144023772837332,0.20403918115782524,-0.09307065815540391,-0.2536055469953775,-0.09044684129429892,0.08472375082544574,0.10617213295179397,-0.14988333700198106,0.09766453885097953,-0.308151001540832,-0.26842835130970727,-0.22098613251155624,-0.1579308826766454,-0.2552190182698657,0.1362359674224081,0.06393352410301563,0.29952894563064053,-0.0638828967642527,0.3649526744441999,0.647442218798151,0.23875852960598723,0.276172132951794,0.2531432973805855,0.23637464230684568,0.40353070658155404,0.4323684789786485,0.49326656394453006,0.4743539511336122,0.07721329517939687,-0.0928153202729474,-0.18323574730354392,0.1587211093990755,-0.07543913713405238,0.11700418225841955,0.14682588597842836,0.13569447501650891,0.3558705701078582,0.5288795949812899,0.10754567466431873,0.13106977767994718,0.07471054369359455,0.07107197886858904,-0.14116442879154745,-0.07175214615892582,0.02155624036979969,0.14534448602245212
#18,0.11511336121505614,-0.3428263262161567,-0.11600264142637023,0.11022672243011226,0.5918710103455866,1.0,0.21983050847457627,0.035661457186880914,-0.22178076161127008,0.14171692714065595,0.12792868148800352,0.5164648910411622,0.46355712084525647,0.6817345366497909,-0.29515298261060974,-0.2650033017829628,0.1578626458287475,-0.07302223200528285,-0.33304644508034337,-0.42509134932863746,-0.28517939687431215,-0.06997138454765574,0.1161369139335241,0.17828747523662777,-0.024629099713845477,0.024598283072859346,-0.13403037640325777,-0.041536429672022895,0.16322033898305086,0.34211754347347567,0.4964010565705481,0.3770856262381686,0.16577812018489985,-0.039044684129429894,0.5302223200528285,0.30403477878054147,0.5188707902267224,0.11679947171472595,-0.03273387629319833,0.05683689192163768,0.08578032137354172,-0.32024653312788903,0.25481620074840416,0.2284701738939027,0.3218930222320053,0.2857032797710764,-0.025168390931102794,0.0363416244772177,-0.14607968302883556,-0.1965529385868369,0.2126304204270306,0.22316090688972046,-0.0649702839533348,0.022179176755447942,0.004065595421527625,0.028595641646489103,-0.11289236187541273,-0.12324895443539512,-0.25440017609509136,-0.3141316310807836,-0.41548095971824783,-0.4731454985692274,0.1862161567246313,0.07398855381906229,-0.13726832489544355,-0.2971978868589038,0.2124125027514858,0.2740721989874532,-0.24965441338322694,-0.14313449262601805,-0.095214615892582,-0.149966982170372,-0.07265243231344927,0.3497380585516179,-0.08222320052828527,-0.10998239049086507,-0.11921417565485362,-0.1385890380805635,0.032150561303103675,0.12142637023992957,0.33521681708122386,0.30826766453885096,-0.1034404578472375,0.5255734096412062,0.575001100594321,-0.24641866607968302,-0.1238234646709223,0.16118644067796611,-0.017279330838652872,0.3749614791987673,0.3466475896984372,0.4005811138014528,0.4083381025753907,0.16071978868589037,-0.11537310147479639,-0.32780981730134273,-0.09762051507814219,-0.2644750165089148,-0.2076469293418446,0.0797490644948272,0.143020030816641,0.3258441558441558,0.28828087167070215,-0.168102575390711,-0.2288729914153643,0.006940347787805415,-0.18182038300682368,-0.3741404358353511,-0.21805194805194805,-0.20912392692053708,-0.012883557120845256
#26,0.14044023772837333,0.3395421527624917,0.28395773717807615,0.1981267884657715,0.14301122606207353,0.21983050847457627,1.0,0.1311600264142637,0.21163988553819063,0.5479683028835571,0.6182478538410742,-0.0822870349988994,0.532887959498129,0.33563504292317853,-0.01871670702179177,0.002386088487783403,0.10970063834470614,0.12259520140876073,-0.15506053268765133,-0.245049526744442,-0.27295619634602686,-0.19772397094430993,0.001408760730794629,-0.0662623816861105,-0.20373321593660576,0.053493286374642304,-0.18924058991855602,0.0675676865507374,-0.0237508254457407,-0.07853400836451684,0.05080563504292318,0.09602025093550517,-0.06914813999559763,0.0761501210653753,-0.031529826106097295,-0.09468412942989214,-0.06620735197006383,-0.117310147479639,0.09052828527404799,-0.07808056350429232,-0.10784283513097072,-0.10449042482940787,-0.16276689412282633,-0.16033237948492185,0.04794188861985472,-0.07794629099713846,-0.1564340744001761,0.0463086066475897,-0.18504512436715825,-0.05085186000440238,-0.13624697336561745,-0.04578252256218358,-0.12004182258419546,-0.04246092890160687,-0.13320272947391593,-0.003268765133171913,-0.11557561082984812,-0.10873651771956856,-0.14232005282852742,-0.22364736957957296,-0.14968302883557122,-0.12467532467532468,-0.04329297820823245,0.5067884657715166,0.04020030816640986,-0.14344926260180496,0.23784063394232885,0.5919876733436056,-0.065115562403698,0.10066475896984371,-0.0014417785604226281,-0.10434294519040281,-0.017369579572969404,-0.28607307946291,-0.1595641646489104,-0.05157825225621836,-0.011311908430552499,0.14584855822143958,0.42830508474576273,0.3629716046665199,-0.04427030596522122,0.042036099493726616,0.2615606427470834,-0.037671142416905126,0.030563504292317852,0.20012546775258638,0.0679506933744222,-0.13312128549416685,-0.10306185340083646,-0.013526304204270307,-0.09527845036319613,-0.013482280431432974,-0.12173893902707462,0.0629077701959058,-0.04277569887739379,0.1709355051727933,0.2462755888179617,-0.07583094871230464,-0.0112788906009245,-0.3047149460708783,-0.008925819942769095,0.00175214615892582,0.20968523002421308,-0.16459608188421748,-0.23434074400176094,-0.32486242570988333,-0.21786044464010565,-0.19128109178956637,-0.26790887079022674,0.044025974025974024,-0.020374202069117324
#49,0.5270416024653313,0.3977635923398635,0.4384833810257539,0.19998899405679066,0.3772088928021131,0.035661457186880914,0.1311600264142637,1.0,0.483614351749945,0.352326656394453,0.39866607968302886,0.3075016508914814,-0.19621395553598944,-0.022940788025533787,-0.19112260620735197,-0.20590799031476997,0.2307638124587277,0.391963460268545,-0.29247413603345807,-0.3668236847897865,-0.1757362976007044,-0.38233766233766237,0.2956020250935505,0.15621175434734758,0.28068236847897865,0.015606427470834251,0.004426590358793748,-0.16979308826766454,0.04786924939467312,0.013321593660576711,0.049264802993616554,0.06217917675544794,0.28343605546995376,0.13057671142416905,-0.060552498349108516,-0.10103896103896104,-0.14044684129429894,-0.14728153202729474,0.30079462909971383,-0.011815980629539952,-0.06064714946070878,-0.18322694254897645,-0.1659652212194585,-0.30559982390490864,-0.04181157825225622,-0.13229804094210873,0.02615892581994277,-0.06877613911512216,-0.16212414703940128,-0.3644155844155844,-0.28460488663878497,-0.2611402157164869,-0.20955976227162668,-0.4369755668060753,-0.16131631080783623,-0.3051705921197447,-0.07931322914373762,-0.3682852740479859,0.12785384107418005,-0.08867268324895443,0.3250033017829628,0.316814880035219,-0.20048426150121065,-0.2429804094210874,-0.0026524323134492628,-0.08908430552498349,0.1514307726172133,-0.2130728593440458,-0.0977790006603566,-0.03256218357913273,0.2207043803653973,0.20837992515958617,0.19372441118203831,0.04753907109839313,0.021736737838432753,0.07639665419326436,0.06183579132731675,0.03976007043803654,-0.2689324235086947,-0.29219898745322476,-0.3156064274708342,-0.09209333039841515,-0.10297380585516179,0.27596962359674226,0.41414924058991853,0.6878252256218358,0.5469755668060753,0.11167950693374422,0.04536209553158706,0.1504094210873872,0.01574950473255558,0.18382126348228042,0.09636363636363636,0.16072198987453223,0.060449042482940786,0.30545234426590356,0.2934140435835351,0.3482918776139115,0.31408760730794627,0.03471054369359454,-0.2000528285274048,0.340807836231565,0.4479572969403478,0.36350429231785164,0.33559322033898303,0.08648690292758089,0.24541492405899185,0.23659476117103237,0.1482984811798371,0.14561303103675985,0.09679066696015849
#50,0.06154963680387409,0.5583314990094651,0.2532797710763812,-0.07606427470834251,-0.09817301342725071,-0.22178076161127008,0.21163988553819063,0.483614351749945,1.0,0.2362359674224081,0.39893462469733654,-0.050446841294298925,-0.11320052828527405,-0.07613251155624037,0.07104556460488663,0.014787585296059872,0.07589258199427691,0.32776799471714724,0.16836451683909312,-0.03241690512876953,0.13655073739819504,-0.08919436495707682,-0.047490644948272064,-0.2377591899625798,0.09838872991415365,-0.18245652652432315,-0.12268545014307726,-0.3313889500330178,-0.23669381465991635,-0.3339533348007924,-0.26167070217917676,-0.35002421307506054,-0.1516156724631301,-0.09674224081003742,-0.3689390270746203,-0.3987475236627779,-0.38100594320933306,-0.15242791107197887,0.18124367158265464,-0.010209112920977328,-0.23528505392912172,-0.07613251155624037,-0.11884217477437817,-0.2542504952674444,-0.11011005943209333,-0.12419986792868148,-0.15902487343165309,-0.2742262821923839,-0.37003081664098614,-0.35206031256878717,-0.569159145938807,-0.5385450143077262,-0.4143627558881796,-0.26472375082544575,-0.13204710543693596,-0.17226062073519702,-0.018362315650451242,-0.13445960818842176,-0.139801893022232,-0.2462227602905569,0.11165749504732556,0.2376271186440678,-0.32739819502531364,0.12406339423288576,-0.14379925159586177,-0.2092295839753467,0.11059211974466211,0.06548536209553159,0.06967642526964561,-0.010563504292317852,-0.010033017829628,0.028012326656394453,0.20425049526744443,0.03094651111600264,0.04169491525423729,0.11295839753466873,0.14058771736737838,0.26902707462029496,0.09774378164208673,-0.10573189522342065,-0.17720228923618755,-0.14043363416244772,0.13153422848338103,0.2638961038961039,0.06223200528285274,0.40669601584855825,0.3089478318291878,0.005698877393792648,-0.036533127889060095,0.11647369579572969,-0.045247633722209996,-0.16622716266784063,-0.16545454545454547,-0.019352850539291217,0.12695355491965662,0.3231895223420647,0.15330398415144178,0.07633281972265023,0.047587497248514195,-0.25640105657054807,-0.4497072419106317,0.036907329958177415,0.025073739819502533,0.07568346907329958,-0.0863482280431433,-0.34709002861545235,-0.23699757869249394,0.0826304204270306,0.15083425049526744,-0.08275148580233326,-0.06297160466651992
#51,0.41779661016949154,0.2972176975566806,0.4919326436275589,0.5182258419546555,0.27936385648250056,0.14171692714065595,0.5479683028835571,0.352326656394453,0.2362359674224081,1.0,0.5626084085406119,0.14770416024653313,0.25719348448162005,-0.08495487563284174,0.05768214836011446,-0.011826986572749285,0.5664626898525204,0.20894122826326217,-0.33894783182918775,-0.3508606647589698,-0.3701804974686331,-0.3368500990534889,0.3816398855381906,0.09011446180937706,0.051338322694254895,0.022672243011226063,0.024404578472375083,0.013801452784503633,0.06753686990975126,-0.10858683689192164,0.14435615232225402,-0.01820823244552058,0.17543693594541052,0.006117103235747303,-0.14750605326876512,-0.2541514417785604,-0.18417565485362095,-0.3251331719128329,0.24804094210873873,0.16057671142416904,0.10902927580893683,-0.17443099273607748,-0.22653753026634382,-0.26541052168170814,-0.11865947611710323,-0.1186550737398195,0.14711864406779662,0.04789346246973366,0.03167070217917676,-0.06692053709002861,-0.18895663658375522,-0.0313383226942549,0.0750363196125908,0.051917235307065816,-0.11557561082984812,-0.014078802553378825,-0.037567686550737396,-0.30224301122606206,0.05337001981069778,-0.03915474356152322,0.020917895663658377,0.147805414924059,-0.2592361875412723,0.13364076601364738,0.07251375742901167,-0.00900726392251816,0.15387409200968524,0.1012062513757429,-0.004131631080783623,0.09439577371780762,0.22890380805635044,0.1720228923618754,0.017065815540391813,-0.17194364957076821,-0.23221879815100155,-0.01050627338762932,-0.07105216817081224,0.18194144838212634,0.21779440898084965,0.0625709883337002,-0.08655513977547875,-0.025265243231344926,0.114950473255558,-0.07301122606207353,-0.04953114681928241,0.27447941888619853,0.25686550737398195,0.03773717807616113,-0.0054677525863966545,-0.05574069997798811,-0.11263702399295619,0.0027933083865287257,-0.10026634382566586,0.020358793748624256,-0.06983711204050187,0.21889500330178296,0.24602685450143078,0.33972044904248294,0.24541272287035,0.06471274488223641,0.029115122165969624,0.37466211754347345,0.22382126348228043,0.3059806295399516,0.07179616993176315,0.07629099713845476,-0.024129429892141757,-0.0018335901386748845,-0.08040061633281972,0.24801232665639444,0.22146158925819942
#52,0.34917235307065814,0.41800132071318513,0.33162007484041384,0.16731454985692273,0.32435395113361215,0.12792868148800352,0.6182478538410742,0.39866607968302886,0.39893462469733654,0.5626084085406119,1.0,0.2785031917235307,0.32128769535549195,0.13714065595421526,-0.11279771076381245,-0.037756988773937926,0.2415298261060973,0.22369359454105217,-0.31402597402597404,-0.2979308826766454,-0.3957693154303324,-0.3485890380805635,0.13062293638564826,0.002581994276909531,-0.14116442879154745,-0.015227823024433195,-0.18529605987233105,-0.18199427690953116,-0.059035879374862425,-0.06996257979308827,0.07814219678626458,-0.024486022452124147,-0.019694034778780543,-0.07417125247633723,-0.06457847237508255,-0.15293418445960819,-0.18468412942989215,-0.23177195685670263,0.1050231124807396,-0.13214395773717807,-0.13611490204710544,-0.2755227823024433,-0.15796830288355712,-0.18610169491525425,0.018245652652432314,0.0016288795949812899,-0.1012590799031477,-0.047259520140876074,-0.29578252256218357,-0.17151221659696236,-0.13123046445080344,-0.1259718247853841,-0.15856482500550298,-0.2747501650891481,-0.3867400396213955,-0.2549570768214836,-0.09322474136033458,-0.3009134932863746,-0.05292097732775699,-0.1464472815320273,0.03147919876733436,0.059053488883997356,-0.085346687211094,0.2745234426590359,0.004160246533127889,-0.20292978208232446,0.23605987233105877,0.3331785163988554,0.018368919216376844,0.2265331278890601,0.22773497688751926,0.2388201628879595,0.13273167510455647,-0.1632159366057671,-0.15945850759410082,0.07429451904028175,0.11129650011005943,0.2286286594761171,0.15627999119524544,0.22170592119744661,-0.058289676425269644,0.07699097512656834,0.18316090688972045,0.042370680167290335,0.19172573189522343,0.4143539511336122,0.23780101254677527,0.05010345586616773,-0.044805194805194806,0.10062513757429012,0.0913185119964781,0.12737838432753687,-0.014675324675324675,0.03211974466211754,-0.09558221439577372,0.15151221659696237,0.16538850979528946,0.06528505392912172,0.008313889500330178,-0.15084525643847677,-0.10791327316751045,0.22997798811358133,0.24565925599823904,0.054714946070878276,-0.11202949592780101,-0.16173673783843276,-0.22423068456966763,0.03754347347567687,-0.028859784283513098,0.05461369139335241,0.009744662117543473
#53,0.25545454545454543,-0.17172353070658156,-0.04599823904908651,0.07057671142416905,0.6819744662117544,0.5164648910411622,-0.0822870349988994,0.3075016508914814,-0.050446841294298925,0.14770416024653313,0.2785031917235307,1.0,0.2559718247853841,0.2636187541272287,-0.3493946731234867,-0.3301298701298701,0.12877613911512217,-0.14277349768875192,-0.40929121725731893,-0.360528285274048,-0.37321593660576713,-0.1528483381025754,0.24529605987233105,0.16844816200748405,-0.056059872331058774,-0.024142637023992955,-0.14718908210433634,-0.1259520140876073,0.1534404578472375,0.3723398635263042,0.2018137794408981,0.1935329077701959,0.04889280211314109,-0.15791547435615233,0.4306977767994717,0.20773717807616113,0.13415364296720228,-0.11033017829627999,-0.05278890600924499,-0.12755668060752806,0.29700638344706143,-0.21438917015188202,0.276253576931543,0.059977988113581335,0.20415804534448603,0.052555580013207134,0.25442438917015187,0.17097732775698876,-0.23379484921857804,-0.27878274268104775,0.12999119524543254,0.06108958837772397,-0.1899075500770416,-0.3884569667620515,-0.32906669601584854,-0.21360334580673565,-0.16758969843715607,-0.23653532907770197,-0.16158925819942768,-0.17300242130750607,-0.04578692493946731,-0.10588377723970945,-0.002309046885318072,-0.10731675104556461,-0.10344926260180498,-0.2504226282192384,0.1320647149460709,-0.09417785604226282,-0.20721989874532248,-0.08687651331719129,0.10210653753026634,0.16669821703720009,0.02305084745762712,0.21913273167510455,-0.13995817741580455,-0.11193044243891702,0.018109178956636583,-0.02783403037640326,-0.3361016949152542,-0.07869909751265683,0.4211798371120405,0.5799031476997578,0.10989874532247414,0.30724851419766674,0.6131256878714506,0.11234206471494607,0.13783403037640327,0.5067224301122606,0.22346467092229805,0.6419612590799032,0.606007043803654,0.59884437596302,0.3535020911292098,0.14451463790446842,-0.18541272287035,-0.36478978648470173,-0.21463130090248733,-0.04895003301782963,-0.028049746863306184,0.11178076161127008,0.1250561303103676,0.3111468192824125,0.17730354391371342,0.1248580233325996,0.08399295619634603,0.1337310147479639,-0.06666519920757209,-0.015384107418005723,0.05439577371780761,-0.08515298261060973,-0.016808276469293417
#54,-0.16048646268985253,-0.17877173673783844,-0.2910499669821704,-0.1388135593220339,0.20440017609509134,0.46355712084525647,0.532887959498129,-0.19621395553598944,-0.11320052828527405,0.25719348448162005,0.32128769535549195,0.2559718247853841,1.0,0.5016068677085627,-0.164455205811138,-0.32508254457407,-0.10813999559762272,-0.3413955535989434,-0.33412282632621615,-0.3729429892141757,-0.3749966982170372,0.07918115782522563,-0.002447721769755668,-0.10284393572529166,-0.21965441338322694,-0.2232445520581114,-0.17375522782302444,-0.03968302883557121,0.20882236407660137,0.10262161567246313,0.27436055469953774,0.007801012546775258,-0.20708782742681048,-0.2849042482940788,0.2505018710103456,0.10457406999779881,0.10059211974466212,-0.1521813779440898,-0.08402377283733216,-0.11934624697336561,-0.003532907770195906,-0.2767180277349769,0.1258727712965001,0.04767114241690513,0.35645608628659475,0.20262601804974686,-0.01696456086286595,0.13528285274047985,-0.2614659916354832,-0.0237640325775919,0.18242791107197887,0.15534888839973585,-0.025694475016508914,-0.15132071318511997,-0.18625797930882676,-0.17090468853180718,-0.011111600264142638,0.07902927580893683,-0.12168831168831169,-0.0762755888179617,-0.08694034778780542,-0.17085846357032797,0.1432951793968743,0.4481664098613251,-0.04462689852520361,-0.33671362535769317,0.0737772397094431,0.42631961259079904,-0.31255337882456524,-0.18766233766233767,-0.11942989214175655,-0.3291767554479419,-0.035258639665419325,-0.04719348448162008,-0.21942548976447282,-0.09350649350649351,0.16625797930882677,0.1768567026194145,0.39439357252916574,0.3174069997798811,0.6225819942769095,0.39852080123266564,0.4058683689192164,-0.025097952894563066,0.11317411402157165,-0.12806735637244113,-0.03361435174994497,0.13106097292537972,-0.12771516618974246,0.20165309267004183,0.1620757208892802,0.41192824125027516,0.24722870349988993,0.3769293418445961,-0.04608628659476117,-0.16316530926700418,-0.298250055029716,-0.21935505172793307,-0.24687211093990755,-0.09312568787145058,0.25519700638344706,-0.09172573189522341,-0.042124147039401275,-0.33355491965661455,-0.2369205370900286,-0.12467972705260841,-0.31939687431212854,-0.057823024433193926,-0.06304204270305966,-0.02546995377503852,0.029394673123486682
#58,-0.1315034118423949,-0.2559344045784724,-0.3324323134492626,-0.15470394012766894,0.25405458947831827,0.6817345366497909,0.33563504292317853,-0.022940788025533787,-0.07613251155624037,-0.08495487563284174,0.13714065595421526,0.2636187541272287,0.5016068677085627,1.0,-0.38065595421527626,-0.21138674884437597,-0.19434074400176096,-0.2593946731234867,-0.18704380365397313,-0.23229363856482502,-0.16817081223860886,0.18553158705701078,-0.14669381465991635,-0.021708122386088487,-0.16933083865287255,-0.07171252476337223,-0.19718467972705261,0.014840413823464672,0.061184239489324235,0.17857362976007043,0.3743363416244772,0.24343605546995378,0.09358793748624257,-0.13454985692273827,0.47944970283953336,0.32172353070658155,0.4641536429672023,0.1889786484701739,-0.06823684789786484,-0.19000880475456747,-0.1379110719788686,-0.392953995157385,0.224356152322254,0.09185340083645169,0.43240369799691836,0.38442218798151,0.012612810917895664,0.16886858903808055,-0.32018710103455866,-0.26030156284393574,0.18380145278450363,0.08536429672022892,-0.2686154523442659,-0.21413823464670922,-0.06025313669381466,-0.10058331499009465,-0.06617433414043583,0.14257318952234208,-0.2502949592780101,-0.3071032357473035,-0.29770195905789126,-0.4070195905789126,0.4272044904248294,0.402987012987013,-0.07940127668941228,-0.33779000660356595,0.4019216376843496,0.5609773277569887,-0.23988553819062294,-0.06323574730354391,-0.26417565485362093,-0.22821043363416244,0.05506713625357693,0.34732115342284836,0.13338762931983272,0.05333480079242791,0.09715166189742461,-0.028771736737838432,0.21094651111600266,0.28838432753686993,0.27577151661897426,0.24776359233986353,0.06395553598943429,0.5090997138454766,0.571567246313009,-0.16722870349988994,-0.07925599823904908,0.10605546995377504,-0.17147259520140876,0.3356218357913273,0.27340523882896767,0.3647017389390271,0.3512062513757429,0.3049328637464231,0.014501430772617212,-0.28629319832709665,-0.2314637904468413,-0.4283314990094651,-0.40953554919656615,-0.17593000220118865,-0.01461369139335241,-0.01291437376183139,0.15433414043583535,-0.36851860004402376,-0.31456526524323136,-0.22656174334140436,-0.28451683909311026,-0.28147259520140877,-0.07763152102135153,-0.32645388509795287,-0.1376601364736958
#101,-0.332887959498129,0.004965881576051067,-0.06952894563064055,-0.09554699537750386,-0.3627668941228263,-0.29515298261060974,-0.01871670702179177,-0.19112260620735197,0.07104556460488663,0.05768214836011446,-0.11279771076381245,-0.3493946731234867,-0.164455205811138,-0.38065595421527626,1.0,0.3321967862645829,0.3936693814659916,0.04203389830508475,0.5003697996918336,0.14803213735417126,0.4917147259520141,-0.031184239489324236,0.16239489324235087,-0.21558881796169932,0.21504512436715825,-0.19657274928461368,0.14928681488003523,-0.4323398635263042,0.006409861325115562,-0.22556020250935505,-0.3567840633942329,-0.35957957296940346,-0.2261038961038961,-0.1757693154303324,-0.4317059211974466,-0.357706361435175,-0.2557935285053929,-0.23397974906449484,-0.25351529826106095,0.017686550737398193,0.046328417345366496,0.20216376843495487,-0.10325335681267885,0.008117983711204051,-0.4061457186880916,-0.2886242570988334,-0.35422848338102575,-0.35508254457407,0.017160466651992074,0.264158045344486,-0.13749944970283953,-0.24130750605326876,0.27468633061853404,0.3575104556460489,0.38625357693154305,0.1839357252916575,0.1388994056790667,0.06275808936825886,-0.3476051067576491,-0.10106757649130531,-0.1145938806955756,0.012394893242350869,-0.4070261941448382,-0.09430772617213296,-0.2622518159806295,-0.07297380585516179,-0.18904908650671362,-0.022599603786044465,0.5914968082764693,0.2237640325775919,0.2896962359674224,0.25155844155844154,0.19534228483381025,-0.23770195905789127,0.14055910191503412,0.09193704600484262,-0.03702399295619634,0.027486242570988334,0.39202289236187543,-0.08086506713625358,-0.13817741580453444,-0.35502091129209773,0.07541052168170813,-0.32008364516839094,-0.3616949152542373,-0.22164428791547436,-0.24708122386088488,-0.055817741580453446,0.1213779440898085,-0.30619194364957075,-0.3145674664318732,-0.4831080783623157,-0.4316773057451024,-0.38302223200528285,-0.1941404358353511,0.3503543913713405,0.13978428351309707,0.04569447501650892,-0.22367378384327538,-0.24479418886198548,-0.25666740039621394,-0.1709090909090909,-0.34167290336781864,-0.08655513977547875,-0.28827646929341844,-0.11876953554919657,-0.23815760510675765,-0.03936165529385868,-0.19618754127228705,0.07968743121285495,0.02332379484921858
#102,0.02813119084305525,0.3682654633502091,0.18858903808056351,0.055980629539951574,-0.20151882016288797,-0.2650033017829628,0.002386088487783403,-0.20590799031476997,0.014787585296059872,-0.011826986572749285,-0.037756988773937926,-0.3301298701298701,-0.32508254457407,-0.21138674884437597,0.3321967862645829,1.0,-0.044668721109399075,0.18938366718027735,0.3368633061853401,0.39165749504732555,0.04763592339863526,0.18589478318291877,-0.1692163768434955,0.03454765573409641,-0.09925599823904908,0.2514703940127669,-0.20243011226062074,-0.10833810257539071,-0.36255998239049086,-0.2420228923618754,-0.27121725731895224,-0.02212194585075941,-0.07174554259300021,0.3205679066696016,-0.35359674224081006,-0.17877834030376402,-0.2547963900506273,0.17384547655734098,-0.16449482720669162,0.04060972925379705,-0.14457847237508253,0.17120184899845917,-0.3185846357032798,-0.12338102575390711,-0.35199207572088925,-0.09312128549416684,-0.08731234866828087,-0.2798943429451904,0.1188267664538851,0.13837992515958616,-0.08154083204930662,-0.1238762931983271,0.04968523002421307,0.40279771076381243,0.04208232445520581,0.3236737838432754,-0.14244331939247193,0.11022892361875412,0.0020845256438476777,0.04110939907550077,-0.1367972705260841,-0.05786704820603126,-0.1860972925379705,0.14547655734096412,-0.24237068016729033,-0.0016024653312788906,-0.0224389170151882,0.06834910851860004,0.5702619414483822,0.5555425930002201,0.18151882016288795,0.24150561303103676,-0.07565485362095531,-0.20807395993836672,0.009035879374862426,-0.017730574510235526,-0.24525423728813558,-0.06635263042042704,-0.01957296940347788,0.25368038740920096,-0.1962623816861105,-0.34214175654853624,0.10453224741360334,-0.21564825005502972,-0.28335241030156283,-0.18938366718027735,-0.17350209112920978,-0.3147633722209993,-0.14392471934844817,-0.35235747303543913,-0.40963460268545016,-0.5463438256658596,-0.40131631080783625,-0.2685230024213075,0.009614791987673343,0.0574554259300022,0.45182258419546556,-0.13079022672243013,0.04017389390270746,-0.10774378164208673,-0.1801716927140656,-0.2216398855381906,-0.03327756988773938,-0.09599603786044464,-0.06970063834470615,-0.10476117103235748,0.05366718027734977,-0.17390490865067137,-0.21146158925819944,0.10262161567246313,0.07941668500990536
#201,0.24355051727933083,-0.07250935505172794,0.3928637464230685,0.27706141316310806,0.1754061193044244,0.1578626458287475,0.10970063834470614,0.2307638124587277,0.07589258199427691,0.5664626898525204,0.2415298261060973,0.12877613911512217,-0.10813999559762272,-0.19434074400176096,0.3936693814659916,-0.044668721109399075,1.0,0.4130112260620735,-0.10072859344045784,-0.34772176975566804,0.04565485362095532,-0.4257935285053929,0.43391151221659696,-0.04630640545894783,0.2712194585075941,-0.18288355712084525,0.4046841294298921,-0.16994276909531147,0.07980629539951574,-0.1369271406559542,0.18635263042042702,-0.14779220779220778,0.2982918776139115,-0.17933524103015627,-0.20280651551837992,-0.3949108518600044,-0.03640325775918996,-0.35740479859123925,0.00659916354831609,0.16716046665199208,0.13149240589918557,-0.19965441338322695,-0.05331719128329298,-0.08458507594100814,-0.21611930442438917,-0.14077922077922078,-0.06904248294078802,-0.13233105877173673,0.2833303984151442,0.17678186220559103,-0.009885538190622937,0.06534008364516838,0.3893000220118864,0.12589698437156063,0.2877459828307286,0.005370900286154523,0.14148800352190183,-0.266139115122166,-0.17684129429892143,-0.07533127889060093,-0.12469733656174334,0.024875632841734538,-0.43873211534228485,-0.3164538850979529,0.04791767554479419,0.034574069997798815,-0.017272727272727273,-0.08388069557561083,0.2062689852520361,0.010926700418225842,0.35605326876513316,0.4246731234866828,0.1197556680607528,0.04469513537310148,-0.07576271186440678,0.061580453444860225,-0.08654193264362756,0.10058551617873651,0.12788906009244994,-0.23441338322694255,-0.16015628439357252,-0.23276689412282633,-0.11395113361215056,0.013022232005282852,-0.00020471054369359455,0.04184899845916795,0.07129870129870129,0.21398635263042043,0.10168170812238608,0.00786484701738939,-0.06736517719568567,-0.1947655734096412,-0.1530376403257759,-0.1830662557781202,-0.13196786264582874,0.4440677966101695,0.23874532247413605,0.5088135593220339,0.11655513977547875,0.19626018049746863,-0.023167510455646047,0.6775852960598723,0.14791767554479418,0.4875434734756769,0.01137574290116663,0.27799031476997577,-0.09059211974466212,-0.12085406119304425,-0.22691833590138674,0.1373563724411182,0.21407440017609508
