,#10,#11,#12,#13,#17,#18,#26,#49,#50,#51,#52,#53,#54,#58,#101,#102,#201,#202,#301,#302,#401,#402,#501,#502,#601,#602,#701,#702,#801,#802,#901,#902,#1001,#1002,#1101,#1102,#1201,#1202,#1301,#1302,#1401,#1402,#1501,#1502,#1601,#1602,#1701,#1702,#1801,#1802,#1901,#1902,#2001,#2002,#2101,#2102,#2201,#2202,#2301,#2302,#2401,#2402,#2501,#2502,#2601,#2602,#2701,#2702,#2801,#2802,#2901,#2902,#3001,#3002,#3101,#3102,#3201,#3202,#3301,#3302,#3401,#3402,#3455,#3501,#3502,#3601,#3602,#3701,#3702,#3801,#3802,#3901,#3902,#4001,#4002,#4101,#4102,#4201,#4202,#4301,#4302,#4401,#4402,#4501,#4502,#4601,#4602,#4701,#4702,#4801,#4802
#10,1.0,0.4771406559542153,0.6631366938146599,0.8105679066696015,0.03909311027955096,0.16544133832269425,0.21257318952234205,0.6086682808716707,0.2955535989434295,0.713334800792428,0.5151045564604887,-0.14461809377063614,0.035758309487123045,-0.17228483381025753,-0.14680387409200968,-0.09586396654193265,0.7138674884437596,0.5984041382346467,0.08373321593660576,0.06753907109839313,0.05548976447281532,-0.24338322694254896,0.29958837772397096,0.0836847897864847,0.0888531807175875,0.1620030816640986,0.5308782742681047,0.2574884437596302,-0.04075280651551838,-0.02488663878494387,0.14678626458287475,0.06389830508474577,0.3053598943429452,0.04387189082104336,-0.07917895663658375,-0.16164648910411622,-0.23770856262381687,-0.20147259520140876,0.2048250055029716,0.09716927140655954,-0.04136913933524103,0.033339203169711645,-0.3587409200968523,-0.06919436495707681,-0.24145058331499009,-0.36503852080123267,0.32475236627779,0.2595729694034779,0.2437574290116663,0.352788906009245,0.0735857362976007,0.1445080343385428,0.32451904028175216,0.13518379925159585,0.2900132071318512,0.13559982390490866,-0.08884217477437817,-0.09975346687211094,-0.10086066475896985,-0.06146819282412503,0.3138961038961039,0.14696456086286594,-0.14141976667400397,-0.2535417125247634,0.5869425489764473,0.4862557781201849,-0.2106207351970064,-0.08924939467312348,0.13808276469293418,-0.014177856042262823,0.3744772176975567,0.3791481399955976,-0.33344486022452124,0.06449702839533349,-0.2399735857362976,-0.15191503411842394,-0.3445564604886639,-0.29913273167510457,-0.0362557781201849,0.09268104776579353,-0.29139995597622714,-0.19793308386528727,-0.30989874532247413,-0.34718027734976886,-0.18809817301342724,-0.16848117983711203,-0.3842857142857143,-0.26976667400396215,-0.2285163988553819,-0.13075060532687652,-0.14613911512216596,-0.20718688091569448,-0.325379705040722,-0.40355051727933083,-0.4950693374422188,0.5099317631521021,0.43382126348228045,0.3136781862205591,0.250198106977768,0.2551904028175215,0.2655513977547876,0.45055029716046663,0.21040061633281973,0.38967642526964563,0.2977922077922078,0.38572309046885317,0.24252696456086287,0.2606735637244112,0.08152762491745542,0.18383887299141535,-0.029749064494827206
#11,0.4771406559542153,1.0,0.5356856702619415,0.4383072859344046,0.05360774818401937,-0.011309707241910633,0.33208892802113144,0.5759476117103236,0.6612744882236408,0.6044860224521241,0.6210653753026635,-0.009951573849878935,-0.005967422408100374,-0.14485582214395773,-0.09082764692934185,0.04295179396874312,0.39919876733436055,0.463119084305525,-0.05462029495927801,-0.14629319832709664,0.08059652212194585,-0.18223200528285274,0.037906669601584855,-0.16409421087387188,-0.09636803874092009,-0.05332379484921858,0.22641206251375742,0.11539291217257319,-0.24051507814219678,-0.12097732775698877,-0.14368258859784283,0.025001100594320935,0.26772837332159366,0.17664758969843716,-0.25239489324235087,-0.07661897424609289,-0.29701078582434515,-0.27944530046224964,0.13694475016508914,-0.014307726172132952,0.025269645608628658,0.02942108738718908,-0.3529804094210874,-0.15331278890600925,-0.2938762931983271,-0.3291613471274488,0.01739159145938807,0.13693154303323796,-0.1303675985031917,0.0787343165309267,0.05917015188201629,0.029696235967422407,0.11765793528505393,0.022843935725291656,0.1945432533568127,-0.1027624917455426,-0.001107197886858904,-0.14912172573189522,0.25016288795949815,0.01558661677305745,0.16029936165529385,0.10355712084525644,-0.17177195685670263,-0.06968963240149681,0.3962689852520361,0.22394673123486683,-0.22670702179176755,0.02975346687211094,0.028983050847457628,-0.1308958837772397,0.2156636583755228,0.18898965441338322,-0.40802553378824563,-0.14226282192383888,-0.34607307946291,-0.2802619414483821,-0.3257781201848998,-0.18837552278230243,-0.10308606647589698,0.023909311027955096,-0.128135593220339,-0.1486946951353731,-0.25103675985031915,-0.13715606427470833,-0.10436275588817961,0.01964340744001761,-0.17718908210433634,-0.16837552278230244,-0.10695135373101475,-0.02714946070878274,-0.39640325775918994,-0.22788685890380805,-0.33045344486022454,-0.17660796830288356,-0.24734756768655075,0.5254347347567686,0.3327404798591239,0.3816883116883117,0.4146951353731015,0.06213075060532688,0.07080123266563945,0.36717587497248516,0.19438696896324015,0.298861985472155,0.3293462469733656,0.13912612810917896,0.2546797270526084,0.14230244331939249,-0.02320052828527405,0.07372000880475457,0.009700638344706141
#12,0.6631366938146599,0.5356856702619415,1.0,0.7270922298040942,0.14221659696235966,0.38496147919876733,0.47908650671362535,0.5073805855161787,0.3016156724631301,0.7287343165309267,0.47668280871670704,-0.07338762931983271,0.18950473255558,-0.21716707021791767,-0.41610829848117986,-0.21697556680607527,0.8054589478318291,0.8867400396213956,-0.344686330618534,-0.43602685450143075,-0.17114241690512877,-0.4050253136693815,0.19743341404358353,0.007435615232225402,-0.2441140215716487,-0.1832621615672463,0.4915540391811578,0.33677305745102354,-0.16207131851199646,-0.25625797930882677,0.3020647149460709,0.21068236847897864,0.5462843935725291,0.23267444419986794,-0.21076381245872772,-0.4901562843935725,-0.11884877834030376,-0.33617873651771957,0.33134932863746425,0.040457847237508254,-0.23362976007043804,-0.2332951793968743,-0.4437816420867268,-0.2365727492846137,-0.08733876293198327,-0.2712568787145058,0.3651837992515959,0.28543473475676867,0.16042042703059653,0.4389390270746203,0.30328637464230684,0.33204710543693594,0.4194475016508915,0.4039643407440018,0.4826678406339423,0.03278010125467753,-0.19200088047545674,-0.37213295179396877,-0.152887959498129,0.045007704160246534,0.08202949592780101,0.07447501650891482,-0.2681399955976227,-0.34378604446401057,0.5438586836891922,0.19714725952014087,-0.26800352190182697,0.10718908210433634,-0.20865727492846137,-0.42330398415144177,0.35867268324895446,0.10967862645828748,-0.511666299801893,-0.0464076601364737,-0.6290644948272067,-0.3940964120625138,-0.6317477437816421,-0.26334580673563723,0.08934624697336561,0.13356152322254017,-0.23825665859564166,-0.24310147479639005,-0.3096434074400176,-0.11364736957957297,-0.07661677305745103,0.03843935725291658,-0.1362755888179617,-0.22869909751265682,-0.25043363416244774,0.06238388729914154,-0.2724719348448162,0.0009751265683469073,-0.10287695355491966,-0.1123530706581554,-0.14351529826106096,0.5481818181818182,0.30696896324014966,0.6559784283513097,0.5826678406339423,0.3003697996918336,0.3081928241250275,0.6898767334360555,0.42468853180717586,0.4975808936825886,0.44887079022672244,0.31018710103455865,0.45158705701078583,0.0339225181598063,-0.03385868368919216,0.410297160466652,0.2081201848998459
#13,0.8105679066696015,0.4383072859344046,0.7270922298040942,1.0,0.04705921197446621,0.2782104336341624,0.21168831168831168,0.4160048426150121,0.15695355491965662,0.7225841954655514,0.32578032137354174,-0.1825974025974026,0.046927140655954214,-0.21973365617433413,-0.19514637904468413,-0.03935725291657495,0.6258463570327977,0.5872661237068016,-0.03931763152102135,-0.04542372881355932,-0.052055910191503414,-0.21809377063614352,0.20836891921637685,0.14455866167730574,-0.11022892361875412,0.08679066696015848,0.5126370239929562,0.29502531366938145,-0.056020250935505174,0.052256218357913276,0.15917455425930002,0.13857583094871231,0.3236253576931543,0.1250561303103676,-0.15021571648690293,-0.14025533788245653,-0.159537750385208,-0.0872176975566806,0.2770548095971825,0.1733215936605767,0.013409641206251375,0.12757649130530485,-0.2933414043583535,-0.09442659035879375,-0.16063834470614133,-0.3149152542372881,0.4517917675544794,0.2823530706581554,0.25899405679066695,0.3375522782302443,0.21178956636583754,0.17690072639225182,0.27851199647809816,0.1888928021131411,0.3504248294078803,0.07946070878274268,-0.1310279550957517,-0.14540171692714066,-0.008542813119084305,0.025965221219458507,0.248234646709223,0.13459388069557562,-0.07925379705040722,-0.20439577371780762,0.47753686990975125,0.32070438036539733,-0.22104336341624478,0.024772176975566804,-0.003319392471934845,-0.14646489104116223,0.24948932423508693,0.15189962579793087,-0.3677812018489985,-0.04609068897204491,-0.33984811798371123,-0.1759916354831609,-0.3966233766233766,-0.25305524983491084,-0.04525643847677746,0.1771604666519921,-0.30113801452784505,-0.13904028175214617,-0.26300902487343164,-0.3904226282192384,-0.21737398195025315,-0.11316971164428792,-0.343827867048206,-0.18010125467752586,-0.12122826326216157,-0.20028175214615893,-0.11686330618534008,-0.19792427911071978,-0.24501210653753028,-0.28010785824345147,-0.34099493726612373,0.2904864626898525,0.3708474576271186,0.30537090028615455,0.3160114461809377,0.11981069777679947,0.19654853620955315,0.3946687211093991,0.2788751926040062,0.2761149020471054,0.2236583755227823,0.1733876293198327,0.2101122606207352,0.20327096632181377,0.08259960378604446,0.2618247853841074,0.10869909751265683
#17,0.03909311027955096,0.05360774818401937,0.14221659696235966,0.04705921197446621,1.0,0.6036187541272287,0.3805745102355272,0.2712854941668501,0.21245652652432315,0.04176535329077702,0.23562843935725292,0.7048756328417345,0.40490644948272064,0.4564384767774598,-0.19564164648910412,-0.3495245432533568,0.17186000440237728,0.17455866167730574,-0.23629980189302224,-0.17608848778340302,-0.46414263702399294,-0.251122606207352,0.011655293858683689,0.22966321813779442,0.09530926700418225,-0.22506713625357694,-0.377937486242571,-0.4629738058551618,0.44369579572969403,0.14000220118864187,0.5133854281311908,0.3052036099493727,0.2921967862645829,0.07231124807395994,0.2563548316090689,0.23798151001540832,0.45136033458067354,0.25901606867708565,0.13028615452344267,0.12048866387849438,-0.023779440898084966,-0.2668500990534889,0.40414263702399295,0.17213735417125248,0.27247413603345805,0.2656944750165089,-0.3341822584195466,-0.15581554039181159,-0.07524323134492626,-0.22934844816200747,-0.013455866167730575,-0.3040567906669602,-0.06479418886198547,-0.23822804314329737,-0.28965881576051067,-0.32405899185560205,-0.26931763152102134,-0.3497512656834691,0.10624036979969183,0.28401056570548094,0.03966321813779441,0.009779881135813339,0.11103015628439357,0.004816200748404139,-0.21326876513317192,-0.3518511996478098,0.4810741800572309,0.4997116442879155,-0.08006163328197226,-0.02221219458507594,-0.14524763372221,-0.20667400396213956,0.28219898745322475,0.3863460268545014,0.09059211974466212,-0.04530266343825666,0.0053642967202289235,-0.15994937266123707,0.4020162887959498,0.16214836011446182,0.41807175874972485,0.4500132071318512,0.30588377723970944,0.5298415144177856,0.7334998899405679,0.54049526744442,0.4763218137794409,0.273233546114902,0.23532467532467533,0.4214637904468413,0.43164208672683246,0.18536869909751266,0.3893198327096632,0.13042482940788025,0.27953554919656615,-0.019828307285934405,0.052091129209773275,0.04227602905569007,-0.04490644948272067,0.19176755447941887,-0.0640215716486903,0.28471054369359455,0.4108892802113141,-0.10364296720228923,-0.15727492846136915,-0.11631741140215716,-0.18105657054809599,-0.04138895003301783,-0.1433568126788466,0.02549636803874092,0.03302443319392472
#18,0.16544133832269425,-0.011309707241910633,0.38496147919876733,0.2782104336341624,0.6036187541272287,1.0,0.4397864847017389,0.23630640545894782,-0.007790006603565926,0.26241690512876953,0.03034998899405679,0.46041822584195463,0.6520493066255778,0.08817081223860884,-0.32062953995157384,-0.24965221219458508,0.31575170592119745,0.32036759850319174,-0.34262601804974685,-0.36604446401056573,-0.4962293638564825,-0.17961699317631521,0.17205150781421968,0.1869623596742241,-0.06821923838872991,-0.15800132071318512,-0.05557561082984812,0.007230904688531807,0.4509883337001981,0.20120184899845917,0.6504578472375082,0.45492185780321376,0.23116883116883116,0.214884437596302,0.36264582874752366,0.0066013647369579575,0.36274047985912394,0.09840854061193044,0.21058111380145278,0.014974686330618533,-0.23594320933303983,-0.199867928681488,0.253629760070438,0.16293198327096634,0.33959498128989657,0.2574290116662998,0.02563944530046225,0.13047985912392693,-0.07045344486022452,0.14364957076821483,0.2971362535769315,0.11772837332159367,0.21197886858903808,0.0963878494386969,0.14581333920316972,-0.24985692273827867,-0.15292537970504072,-0.3450077041602465,-0.22270305965221218,0.1409751265683469,-0.16113581333920318,-0.30446180937706363,0.18952894563064054,-0.049304424389170154,-0.05367378384327537,-0.19808276469293418,0.2127690953114682,0.40295179396874314,-0.3279110719788686,-0.3349548756328417,-0.02209773277569888,-0.261071978868589,-0.057043803653973144,0.029269205370900286,-0.33471054369359454,-0.360264142637024,-0.4027316751045565,-0.33217477437816423,0.46852740479859123,0.2743143297380585,0.19080563504292317,0.22034778780541492,0.2107572088928021,0.27966762051507815,0.44848778340303763,0.1933964340744002,0.19071538630860665,-0.033535108958837774,-0.13930442438917015,0.2572198987453225,0.36939687431212853,0.31087827426810477,0.5305304864626899,0.09512876953554919,0.22667400396213955,-0.015315870570107859,0.020352190182698657,0.1456416464891041,0.16663218137794408,0.15396654193264364,0.09290777019590579,0.2607506053268765,0.3282236407660136,-0.14448162007484042,-0.22266563944530046,-0.05445520581113802,-0.026167730574510235,-0.2137772397094431,-0.26272727272727275,0.10108518600044024,0.12386748844375962
#26,0.21257318952234205,0.33208892802113144,0.47908650671362535,0.21168831168831168,0.3805745102355272,0.4397864847017389,1.0,0.48212414703940126,0.4524521241470394,0.5295355491965661,0.5035373101474796,0.25383226942548975,0.6132907770195906,0.07323794849218578,-0.27534448602245215,-0.2075148580233326,0.42969403477878054,0.45915914593880697,-0.313497688751926,-0.41044464010565707,-0.192557781201849,-0.19,0.016458287475236626,0.00948712304644508,-0.12570768214836012,-0.29313889500330176,0.021016949152542375,-0.06508254457406999,0.17781421967862646,-0.02813779440898085,0.3920537090028616,0.4380013207131851,0.47426590358793747,0.4031454985692274,0.10907550077041603,-0.11000880475456747,0.18268765133171913,-0.06061193044243892,0.30809817301342723,0.08708122386088488,-0.152392692053709,-0.16861765353290778,-0.16642526964560864,0.08924499229583975,-0.008360114461809377,-0.02842174774378164,-0.152326656394453,0.049639005062733874,-0.18016068677085625,0.10750605326876514,0.09753686990975127,0.05664538850979529,0.03783403037640326,0.2903367818622056,0.21042703059652212,-0.05236187541272287,-0.14732995817741582,-0.32204710543693593,-0.20797710763812458,0.15602245212414703,-0.13660796830288355,-0.2018071758749725,0.0424455205811138,-0.06439577371780762,0.06347127448822364,-0.18420427030596523,0.07861104996698218,0.48531587057010783,-0.2415628439357253,-0.3642548976447281,0.11050187101034559,-0.1309487123046445,-0.049476117103235746,0.0015408320493066256,-0.26867268324895444,-0.2673563724411182,-0.3400220118864187,-0.16733215936605766,0.4852212194585076,0.2793352410301563,0.06246753246753247,-0.06782302443319392,-0.004081003742020691,0.18704820603125688,0.14262161567246312,0.18373981950253138,0.027259520140876074,-0.188135593220339,-0.16256658595641646,0.2700682368478979,-0.05434074400176095,0.08180497468633062,0.13656174334140436,-0.059161347127448825,-0.026691613471274488,0.3050033017829628,0.1462425709883337,0.24766674003962139,0.24299141536429672,-0.010944309927360774,-0.014981289896544134,0.36355051727933085,0.4634624697336562,0.17366938146599165,0.16750385208012328,0.016643187321153424,0.20876513317191284,-0.23163108078362316,-0.1484635703279771,0.03614131631080784,-0.03895443539511336
#49,0.6086682808716707,0.5759476117103236,0.5073805855161787,0.4160048426150121,0.2712854941668501,0.23630640545894782,0.48212414703940126,1.0,0.7120383006823685,0.676022452124147,0.728168611049967,0.3085868368919216,0.3312326656394453,0.17968523002421308,-0.32691173233546117,-0.43421967862645827,0.6120867268324895,0.44374642306845696,-0.15512656834690733,-0.21076381245872772,-0.14025974025974025,-0.43119084305524985,0.23366277790006604,-0.13303764032577592,-0.03281311908430552,-0.15862425709883338,0.19844596081884217,-0.06423508694695135,0.04324455205811138,-0.0563548316090689,0.14317411402157165,0.24732335461149021,0.4828043143297381,0.20513097072419106,-0.11971164428791548,-0.11935285053929122,-0.19215716486902928,-0.2917345366497909,0.24849438696896323,0.04417565485362095,-0.05740039621395553,-0.09659476117103236,-0.2207131851199648,-0.11118423948932424,-0.23037640325775918,-0.28631300902487344,0.04971604666519921,0.06552498349108518,-0.07208452564384768,0.07890600924499229,0.04399295619634603,0.04127008584635703,0.14602905569007263,0.05037200088047546,0.08024653312788906,-0.06943429451904028,-0.09303984151441778,-0.25552058111380144,0.03225621835791327,0.04541712524763372,0.2868897204490425,0.1980673563724411,-0.03683909311027955,-0.1461765353290777,0.3648712304644508,0.15902707462029497,-0.13556900726392251,0.06473475676865507,-0.09204930662557781,-0.15417785604226283,0.1767312348668281,0.05290777019590579,-0.14399295619634603,0.07972925379705041,-0.17867048206031258,-0.11622496147919877,-0.3505811138014528,-0.2520096852300242,0.17604886638784945,0.05178516398855382,-0.13378384327536869,-0.06276029055690073,-0.12552938586836893,-0.005291657495047325,0.07156284393572529,0.13449702839533348,-0.0436781862205591,-0.1784371560642747,-0.14510015408320492,0.1211996478098173,-0.15392031697116443,-0.16242130750605327,-0.07634602685450143,-0.23253576931543032,-0.14859123926920537,0.48803874092009686,0.21275808936825885,0.3833281972265023,0.31898745322474137,0.12920316971164428,0.09697776799471715,0.5153863086066476,0.20020691173233546,0.4348007924279111,0.2747611710323575,0.3277107638124587,0.2292758089368259,0.1785956416464891,0.025084745762711864,-0.07953554919656615,-0.23100594320933304
#50,0.2955535989434295,0.6612744882236408,0.3016156724631301,0.15695355491965662,0.21245652652432315,-0.007790006603565926,0.4524521241470394,0.7120383006823685,1.0,0.49567906669601586,0.7163328197226503,0.26355712084525645,0.15794188861985473,0.159867928681488,0.03644508034338543,-0.16913493286374642,0.34152542372881356,0.29393132291437374,-0.04731454985692274,-0.15197446621175434,0.07712304644508035,-0.22517719568567027,-0.0024521241470394015,-0.21718247853841074,0.06802553378824565,-0.19430992736077482,0.04333480079242791,-0.1759255998239049,-0.06482280431432974,-0.19536429672022892,-0.04521021351529826,0.09193704600484262,0.35452564384767776,0.055278450363196126,-0.12458507594100815,-0.03169271406559542,-0.2067246313009025,-0.298861985472155,0.12983711204050188,-0.08259520140876073,0.02689192163768435,-0.09333700198106978,-0.22974686330618535,-0.14299581774158046,-0.3037904468412943,-0.2997710763812459,-0.21583975346687212,-0.07324895443539511,-0.1715298261060973,-0.05794849218578032,-0.110198106977768,-0.14737838432753686,-0.008976447281532027,-0.06271626678406339,0.02698217037200088,-0.1277327756988774,-0.019302223200528285,-0.24948932423508693,0.1578032137354171,-0.011032357473035439,0.20250715386308607,0.137376183138895,0.018126788465771516,-0.01768214836011446,0.1918511996478098,0.12562403697996918,-0.02226502311248074,0.06773497688751925,0.06449922958397535,-0.04719128329297821,0.14825005502971605,0.10355491965661458,-0.06572529165749505,0.08150121065375303,-0.023526304204270307,-0.08439577371780761,-0.11665419326436276,-0.12674224081003743,0.05167510455646049,-0.07676645388509795,-0.020728593440457847,-0.09899405679066696,-0.11182698657274928,0.0851353731014748,0.06471054369359454,0.16747083425049528,0.028012326656394453,-0.15076601364736958,-0.11331278890600925,0.14927360774818402,-0.3038674884437596,-0.26064714946070877,-0.2706889720449043,-0.16401276689412284,-0.06826766453885098,0.44245432533568124,0.22440457847237508,0.3013053048646269,0.2123464670922298,0.06907990314769975,-0.01734096412062514,0.35722209993396437,0.15858023332599605,0.31158045344486024,0.27180497468633064,0.1887475236627779,0.1664538850979529,0.10059211974466212,-0.04184459608188422,-0.07682588597842835,-0.14141536429672022
#51,0.713334800792428,0.6044860224521241,0.7287343165309267,0.7225841954655514,0.04176535329077702,0.26241690512876953,0.5295355491965661,0.676022452124147,0.49567906669601586,1.0,0.6737200088047546,-0.06110279550957517,0.24484261501210652,-0.2143319392471935,-0.24815980629539952,-0.1383711204050187,0.7904974686330618,0.634389170151882,-0.11846797270526084,-0.24893242350869468,-0.10914813999559762,-0.29831829187761394,0.11950693374422187,-0.042410301562843936,-0.1101848998459168,-0.12830948712304643,0.40006163328197225,0.0811468192824125,0.05954875632841734,0.08473915914593881,0.12250055029716046,0.22532247413603346,0.41624697336561745,0.22706141316310807,-0.16963460268545014,-0.14922738278670483,-0.1436055469953775,-0.26648250055029715,0.2953973145498569,0.07676645388509795,0.08689852520360995,0.10630420427030597,-0.2492604006163328,-0.07957737178076162,-0.2464472815320273,-0.40417565485362095,0.22396434074400176,0.15522562183579133,0.03611930442438917,0.13378824565265243,0.21239709443099272,0.09177856042262822,0.11637904468412943,0.2733678186220559,0.39003081664098616,0.09752586396654193,-0.09750385208012327,-0.26314549856922737,-0.07075941008144399,0.029126128109178955,0.1505326876513317,0.05551177635923399,-0.152491745542593,-0.21505172793308386,0.4420471054369359,0.1848117983711204,-0.28874532247413603,0.1320360994937266,-0.07547875852960599,-0.24756328417345366,0.29545454545454547,0.10788465771516619,-0.37126348228043143,-0.20419106317411403,-0.4417741580453445,-0.30240369799691835,-0.46076161127008586,-0.204785384107418,0.11378824565265243,0.08689412282632622,-0.2458595641646489,-0.11683689192163768,-0.1966453885097953,-0.24126128109178957,-0.20843495487563285,-0.10768214836011446,-0.2815958617653533,-0.1607638124587277,-0.11919436495707682,-0.1972309046885318,-0.27757208892802115,-0.2394871230464451,-0.16758309487123046,-0.19052388289676425,-0.28044023772837334,0.467376183138895,0.2808122386088488,0.48754567466431875,0.44477657935285053,0.08351529826106097,0.1322738278670482,0.4374818401937046,0.29956636583755225,0.3425291657495047,0.35427470834250496,0.23064714946070877,0.2996808276469293,0.06789566365837553,-0.04337442218798151,0.050033017829628,-0.09579132731675105
#52,0.5151045564604887,0.6210653753026635,0.47668280871670704,0.32578032137354174,0.23562843935725292,0.03034998899405679,0.5035373101474796,0.728168611049967,0.7163328197226503,0.6737200088047546,1.0,0.1762095531587057,0.1761038961038961,0.10945630640545895,-0.19679506933744223,-0.2876799471714726,0.6047589698437156,0.43216376843495485,-0.06084965881576051,-0.1788267664538851,-0.06517059211974466,-0.34346907329958176,0.07468192824125028,-0.08898965441338323,0.06981510015408321,-0.1279771076381246,0.18219678626458288,-0.1407638124587277,0.017836231565045123,-0.08066255778120185,-0.004860224521241471,0.04070658155403918,0.38757208892802114,0.12085186000440237,-0.1135857362976007,-0.12630640545894783,-0.0863548316090689,-0.29897644728153205,0.23114461809377063,0.04574069997798812,0.10294078802553379,-0.01981069777679947,-0.1724653312788906,-0.12024653312788906,-0.2688795949812899,-0.3735879374862426,-0.13110499669821704,-0.052337662337662336,-0.0640215716486903,-0.032126348228043146,-0.08232885758309487,-0.11050847457627119,-0.08550077041602465,0.1507440017609509,0.15162667840633942,0.06645168390931103,-0.018309487123046444,-0.14238168611049967,0.15902927580893683,0.1621021351529826,0.24074400176095093,0.21140655954215276,-0.21985031917235306,-0.26502751485802334,0.3401386748844376,0.14991195245432534,-0.15964340744001762,0.09307726172132952,0.09428791547435615,-0.07295179396874311,0.25978428351309707,0.17564604886638785,-0.08842394893242352,0.07245872771296501,-0.08621835791327316,-0.04525203609949373,-0.14779661016949153,-0.00922738278670482,0.11625797930882677,-0.04193484481620075,-0.11352850539291218,-0.12715606427470835,-0.18157825225621835,0.03446841294298921,-0.0025731895223420646,0.14740699977988114,-0.049953775038520803,-0.12589478318291877,-0.06149020471054369,-0.015544794188861986,-0.2526040061633282,-0.24517059211974465,-0.20640325775918997,-0.21104776579352852,-0.24062073519700639,0.5120405018710104,0.2299471714725952,0.3309773277569888,0.30602025093550517,-0.034954875632841734,-0.04253356812678846,0.3959300022011886,0.1969821703720009,0.3320911292097733,0.35300902487343166,0.13864406779661018,0.15163768434954875,0.1581399955976227,0.10917675544794189,-0.09009465111160027,-0.21516398855381907
#53,-0.14461809377063614,-0.009951573849878935,-0.07338762931983271,-0.1825974025974026,0.7048756328417345,0.46041822584195463,0.25383226942548975,0.3085868368919216,0.26355712084525645,-0.06110279550957517,0.1762095531587057,1.0,0.42585956416464893,0.579570768214836,-0.2585604226282192,-0.45023992956196346,0.02472595201408761,-0.07419326436275589,-0.3208870790226722,-0.25095971824785385,-0.47723310587717366,-0.3293946731234867,0.05935945410521682,-0.039676425269645606,0.018115782522562185,-0.30165969623596744,-0.47684569667620513,-0.43372661237068016,0.31679947171472594,0.11545234426590359,0.30378824565265244,0.22265463350209114,0.19907329958177417,0.029625797930882675,0.14527624917455426,0.2386286594761171,0.22985252036099493,0.03595201408760731,0.07662777900066035,-0.0625709883337002,-0.030101254677525863,-0.1989060092449923,0.3538740920096852,0.06088267664538851,0.2508826766453885,0.20639005062733876,-0.27057230904688534,-0.13024873431653092,-0.15692714065595423,-0.22836231565045123,-0.059564164648910414,-0.13877834030376404,-0.08088047545674665,-0.2760114461809377,-0.3572265023112481,-0.35668060752806513,-0.15003521901826986,-0.3127030596522122,0.23244331939247193,0.2512854941668501,0.1416266784063394,0.15978648470173895,0.21071538630860664,0.09472815320272947,-0.31465111160026416,-0.41295619634602687,0.38248734316530925,0.29625137574290117,-0.2637728373321594,-0.0912062513757429,-0.37035879374862424,-0.43071318511996476,0.18687211093990755,0.2988091569447502,0.16344486022452123,0.08959938366718027,0.06983270966321814,-0.020312568787145057,0.3119920757208893,-0.05016729033678186,0.4754193264362756,0.5458089368258859,0.35606207351970065,0.4854501430772617,0.6217037200088048,0.47475236627779,0.46811358133392034,0.29606867708562623,0.2668016729033678,0.4730134272507154,0.33369579572969404,0.18927801012546774,0.35917675544794186,0.14312348668280872,0.3612524763372221,-0.13397974906449484,-0.17089148139995597,0.06684569667620516,-0.02041382346467092,0.0949570768214836,-0.05569447501650891,0.3040876073079463,0.11244992295839754,-0.011366938146599163,-0.16929121725731897,-0.09549416685009905,-0.14528945630640547,0.0876997578692494,0.0735329077701959,-0.11037420206911733,-0.07649570768214836
#54,0.035758309487123045,-0.005967422408100374,0.18950473255558,0.046927140655954214,0.40490644948272064,0.6520493066255778,0.6132907770195906,0.3312326656394453,0.15794188861985473,0.24484261501210652,0.1761038961038961,0.42585956416464893,1.0,0.1766651992075721,-0.26128329297820824,-0.20872331058771737,0.15114902047105436,0.09284613691393352,-0.23615232225401717,-0.32950693374422185,-0.3593550517279331,-0.13455425930002202,0.1553598943429452,0.025747303543913712,-0.04893902707462029,-0.16541932643627558,-0.1627756988773938,-0.11606647589698438,0.38225401716927143,0.15946951353731015,0.48552278230244333,0.5986594761171032,0.2999559762271627,0.4360972925379705,0.48035659255998236,0.06695575610829849,0.3686198547215496,0.12074400176095092,0.34238828967642526,0.05440237728373322,-0.16612590799031476,-0.014492626018049747,0.16957076821483602,0.17697776799471715,0.27912832929782083,0.18771736737838432,-0.12744001760950913,0.05641866607968303,-0.256583755227823,-0.03734536649790887,0.27466872110939905,0.025657054809597183,-0.012626018049746864,0.1644750165089148,0.08332819722650231,-0.12423068456966763,-0.06198767334360555,-0.2875808936825886,-0.14696896324014969,0.27931102795509577,-0.014252696456086287,-0.22040721989874532,0.375478758529606,0.08097952894563064,-0.1740611930442439,-0.28362095531587056,0.03689852520360995,0.2954633502091129,-0.28339203169711646,-0.25560422628219237,-0.0812326656394453,-0.30568567026194143,-0.00985031917235307,-0.14791987673343607,-0.14930442438917016,-0.17764252696456087,-0.2522099933964341,-0.10798371120405019,0.5618489984591679,0.43691833590138673,0.0362029495927801,0.015436935945410521,0.09747963900506273,0.16967862645828746,0.22917235307065817,0.2724367158265463,0.17093330398415144,-0.19797270526084085,-0.2225974025974026,0.34123706801672904,0.28418886198547216,0.2682918776139115,0.5382984811798371,0.08767114241690513,0.14265243231344926,-0.03308826766453885,-0.022729473915914594,0.03636363636363636,0.17026634382566586,-0.009423288575830949,-0.11963900506273388,0.1872176975566806,0.24418886198547216,-0.060352190182698655,-0.10269205370900286,-0.07176975566806075,0.03555580013207132,-0.16545674664318732,-0.17136253576931543,0.0009729253797050408,-0.08360114461809377
#58,-0.17228483381025753,-0.14485582214395773,-0.21716707021791767,-0.21973365617433413,0.4564384767774598,0.08817081223860884,0.07323794849218578,0.17968523002421308,0.159867928681488,-0.2143319392471935,0.10945630640545895,0.579570768214836,0.1766651992075721,1.0,-0.011300902487343166,-0.2937178076161127,-0.11464230684569668,-0.24212634822804313,-0.09624477217697557,0.07067356372441118,-0.17525643847677747,-0.16218578032137354,-0.015544794188861986,-0.12707021791767553,-0.14581333920316972,-0.1872705260840854,-0.3798547215496368,-0.41024653312788906,0.09915474356152322,-0.005747303543913713,0.1135527184679727,0.07082764692934185,0.01337442218798151,-0.02643187321153423,0.0977657935285054,0.3316288795949813,-0.010061633281972265,0.10644508034338543,-0.07336781862205591,0.04176535329077702,0.004252696456086286,-0.10318511996478098,0.14012766894122827,0.10876513317191283,0.03902047105436936,0.09725952014087608,-0.1278648470173894,-0.29661677305745104,0.04300902487343165,-0.3080431432973806,-0.28282412502751486,-0.15310147479639005,-0.17528725511776358,-0.25446621175434736,-0.4655756108298481,-0.15641206251375742,-0.011952454325335682,0.03475016508914814,0.320858463570328,0.14619194364957078,0.2416530926700418,0.29599603786044465,0.2924785384107418,0.22226942548976447,-0.1763020030816641,-0.16174994497028394,0.47314109619194367,0.22764913053048647,0.10757208892802113,0.3524873431653093,-0.056341624477217696,-0.059801893022232,0.47217917675544796,0.4564318732115342,0.4900506273387629,0.43799911952454323,0.28925159586176535,0.13225621835791326,0.26316751045564607,0.039658815760510675,0.029049086506713624,0.23878934624697337,0.07731675104556461,0.26371340523882897,0.3593682588597843,0.41518600044023773,0.30875632841734535,0.10077481840193704,0.1437178076161127,0.18991195245432532,0.17735857362976007,0.05627118644067797,0.16504072198987454,-0.0014946070878274268,0.06887739379264803,-0.2874664318732115,-0.2905194805194805,-0.15182258419546554,-0.21134712744882236,-0.06721549636803874,-0.169966982170372,0.10129429892141757,0.003918115782522562,0.1234998899405679,-0.11206031256878715,-0.08936385648250054,-0.1701518820162888,0.18930442438917014,0.15969183359013867,-0.20209773277569887,-0.24546555139775478
#101,-0.14680387409200968,-0.09082764692934185,-0.41610829848117986,-0.19514637904468413,-0.19564164648910412,-0.32062953995157384,-0.27534448602245215,-0.32691173233546117,0.03644508034338543,-0.24815980629539952,-0.19679506933744223,-0.2585604226282192,-0.26128329297820824,-0.011300902487343166,1.0,0.6007418005723091,-0.3978890600924499,-0.3673123486682809,0.6373651771956856,0.5201210653753027,0.6629473915914594,0.564983491085186,0.00014307726172132953,0.07466651992075721,0.508351309707242,0.2968368919216377,-0.002236407660136474,-0.16124147039401276,0.052987012987012985,0.12453004622496149,-0.192260620735197,-0.23243011226062074,-0.4553951133612151,-0.3302421307506053,0.1564935064935065,0.3684877834030376,-0.07970063834470614,0.1767620515078142,-0.31060312568787146,-0.18361435174994498,0.12885097952894564,0.24689192163768434,0.09647589698437156,0.20041382346467093,-0.1612987012987013,-0.03058991855602025,-0.306502311248074,-0.4055712084525644,-0.09460928901606867,-0.1559718247853841,-0.40728813559322036,-0.2715232225401717,-0.20428131190843055,-0.38728153202729476,-0.22057451023552718,-0.010900286154523443,0.27306185340083644,0.41390050627338765,0.05639225181598063,-0.24138674884437597,0.1042460928901607,-0.05219238388729914,0.3571318511996478,0.33510455646048865,-0.22783403037640326,0.16519260400616334,0.30807175874972487,-0.11086946951353731,0.6260774818401937,0.5779837112040502,0.029731454985692275,0.3083689192163768,0.18078582434514637,-0.09935945410521682,0.44881796169931765,0.11672903367818623,0.37702619414483823,0.00737178076161127,-0.040308166409861325,0.09772617213295179,-0.12645168390931102,-0.09883116883116883,0.045650451243671585,-0.19084305524983491,-0.061358133392031694,-0.18199647809817301,-0.18234206471494607,-0.1857891261281092,-0.051091789566365835,-0.23073959938366717,-0.060455646048866385,-0.3411138014527845,-0.3177107638124587,-0.23370680167290336,-0.20020030816640985,-0.14924939467312348,0.13433414043583536,-0.4714813999559762,-0.5503587937486243,-0.18047765793528506,-0.09422628219238388,-0.34967862645828746,-0.15522342064714947,-0.22542813119084307,-0.24966541932643627,-0.1284239489324235,-0.3618511996478098,0.04705921197446621,-0.015507373981950253,-0.19014968082764694,-0.09355051727933084
#102,-0.09586396654193265,0.04295179396874312,-0.21697556680607527,-0.03935725291657495,-0.3495245432533568,-0.24965221219458508,-0.2075148580233326,-0.43421967862645827,-0.16913493286374642,-0.1383711204050187,-0.2876799471714726,-0.45023992956196346,-0.20872331058771737,-0.2937178076161127,0.6007418005723091,1.0,-0.3690512876953555,-0.11123486682808717,0.5801078582434515,0.5600572309046885,0.4686814880035219,0.8203786044464011,-0.11312348668280872,0.06560202509355052,0.15631741140215716,0.5333700198106978,-0.06719788685890381,0.09803653973145499,0.047990314769975784,0.16292978208232445,-0.2658859784283513,-0.21996257979308828,-0.4614087607307946,-0.13005723090468854,0.10159586176535329,0.22201848998459167,-0.027539071098393132,0.35254677525863964,-0.23363636363636364,0.07711864406779662,0.2026106097292538,0.4095861765353291,-0.030041822584195466,0.33527404798591237,-0.2095113361215056,-0.030314769975786925,-0.251122606207352,-0.29027074620294957,-0.1547721769755668,-0.19010125467752587,-0.258729914153643,-0.21311248073959937,-0.2725115562403698,0.05368919216376843,-0.014939467312348667,0.3517895663658375,0.055313669381465994,0.345676865507374,-0.055817741580453446,-0.10681267884657715,-0.14699097512656834,-0.2507197886858904,0.20182478538410742,0.39375302663438255,-0.052762491745542595,0.2552190182698657,0.13797270526084085,0.05564604886638785,0.5424807395993837,0.46939027074620293,0.22380585516178736,0.30311027955095754,-0.1001915034118424,-0.2589632401496808,0.08831609068897205,-0.00012326656394453004,0.13845036319612591,-0.0364340744001761,-0.044191063174114024,0.3302201188641867,-0.0774950473255558,-0.09149900946511116,0.021270085846357034,-0.35836231565045124,-0.19958177415804534,-0.33894783182918775,-0.257277129650011,-0.10638564825005503,0.0042989214175654855,-0.22392471934844815,-0.04734756768655074,-0.2647787805414924,-0.24355051727933083,-0.17464670922298042,-0.34260180497468634,-0.1550957517059212,0.419108518600044,-0.4059167950693374,-0.25900286154523444,-0.23442218798151002,-0.20065155183799252,-0.40918556020250935,-0.19410301562843935,-0.38085406119304427,-0.23501210653753027,-0.2984437596302003,-0.3175588817961699,-0.13046665199207572,-0.11725291657495047,-0.13291657495047327,-0.05297160466651992
#201,0.7138674884437596,0.39919876733436055,0.8054589478318291,0.6258463570327977,0.17186000440237728,0.31575170592119745,0.42969403477878054,0.6120867268324895,0.34152542372881356,0.7904974686330618,0.6047589698437156,0.02472595201408761,0.15114902047105436,-0.11464230684569668,-0.3978890600924499,-0.3690512876953555,1.0,0.756253576931543,-0.25072198987453226,-0.3604864626898525,-0.2440083645168391,-0.4877657935285054,0.18664318732115343,-0.04207572088928021,-0.09183359013867488,-0.23741360334580675,0.4009685230024213,0.0438895003301783,0.030799031476997578,-0.11474796390050628,0.3619942769095311,0.21854721549636805,0.5359476117103236,0.1862755888179617,-0.24810477657935284,-0.428069557561083,-0.14299581774158046,-0.4287761391151222,0.25405458947831827,0.01966982170372001,-0.06714505833149902,-0.16174114021571648,-0.27030596522121947,-0.2068214836011446,-0.1607065815540392,-0.3693792648029936,0.2540611930442439,0.13374202069117325,0.15557340964120625,0.19587717367378385,0.21298701298701297,0.12220559101915034,0.24714725952014088,0.3477415804534449,0.3562359674224081,0.11535989434294519,-0.19519920757208892,-0.3971912832929782,-0.1341932643627559,0.04615232225401717,0.1947589698437156,0.20011446180937706,-0.4076425269645609,-0.4481576051067577,0.4557561082984812,0.13222540171692715,-0.26849218578032136,0.09965001100594321,-0.09241030156284394,-0.2557495047325556,0.3445432533568127,0.16686550737398195,-0.3185934404578472,0.03180497468633062,-0.4550539291217257,-0.24831388950033018,-0.43676645388509794,-0.16617873651771956,0.14645608628659476,-0.05358133392031697,-0.19132731675104556,-0.09287475236627779,-0.16248734316530927,-0.02681928241250275,-0.02288795949812899,0.008327096632181378,-0.036924939467312345,-0.0747985912392692,-0.09829187761391152,-0.06154963680387409,-0.24892141756548536,-0.04896103896103896,-0.0677327756988774,-0.09039401276689413,-0.12600264142637024,0.5932643627558882,0.1876337222099934,0.6397292537970504,0.5076095091349329,0.30633722209993397,0.2530904688531807,0.6872353070658156,0.3322187981510015,0.4825974025974026,0.43200088047545676,0.36553378824565264,0.4256196346026854,0.13583755227823024,-0.0018886198547215496,0.22012766894122826,-0.0001342725071538631
