,#10,#11,#12,#13,#17,#18,#26,#49,#50,#51,#52,#53,#54,#58,#101,#102,#201,#202,#301,#302,#401,#402,#501,#502,#601,#602,#701,#702,#801,#802,#901,#902,#1001,#1002,#1101,#1102,#1201,#1202,#1301,#1302,#1401,#1402,#1501,#1502,#1601,#1602,#1701,#1702,#1801,#1802,#1901,#1902,#2001,#2002,#2101,#2102,#2201,#2202,#2301,#2302,#2401,#2402,#2501,#2502,#2601,#2602,#2701,#2702,#2801,#2802,#2901,#2902,#3001,#3002,#3101,#3102,#3201,#3202,#3301,#3302,#3401,#3402,#3455,#3501,#3502,#3601,#3602,#3701,#3702,#3801,#3802,#3901,#3902,#4001,#4002,#4101,#4102,#4201,#4202,#4301,#4302,#4401,#4402,#4501,#4502,#4601,#4602,#4701,#4702,#4801,#4802
#10,1.0,0.42227602905569006,0.40836011446180936,0.348168611049967,0.38977107638124586,0.32898084965881574,0.3542064714946071,0.5702355271846797,0.24596522121945852,0.4438895003301783,0.5077812018489984,0.2854479418886198,0.3043957737178076,0.008903808056350429,0.04325335681267885,0.31213075060532686,0.3900022011886419,0.4804996698217037,-0.1563086066475897,0.06419986792868149,9.024873431653093e-05,0.1872132951793969,0.2208694695135373,0.027801012546775257,0.04886418666079683,-0.20198327096632182,-0.17065815540391813,-0.11103235747303544,0.09301562843935725,-0.0488994056790667,0.19273827867048207,-0.0003015628439357253,0.03527845036319613,0.039676425269645606,-0.17367378384327536,-0.1555381906229364,-0.2213317191283293,-0.04079242791107198,-0.17617873651771956,-0.16078142196786266,0.17357473035439136,0.05287034998899406,-0.0714175654853621,0.006361435174994497,-0.024825005502971606,-0.0029848117983711205,-0.12513317191283294,-0.04363416244772177,-0.013079462909971385,-0.09597622716266783,0.05159806295399516,0.1051287695355492,0.06343605546995378,0.12033678186220559,-0.09924939467312349,0.06171912832929782,-0.34418886198547216,-0.10426590358793748,-0.18516398855381908,-0.18939027074620296,-0.2223860884877834,-0.1741272287034999,-0.16952234206471495,-0.07990534888839973,-0.03910631741140216,-0.02562623816861105,-0.058950033017829626,0.17618534008364517,0.04414263702399296,0.062322254017169273,0.15594320933303984,0.20822143957737177,-0.3134734756768655,0.07777900066035659,-0.40937046004842614,-0.11194585075941008,-0.31933083865287254,-0.21416685009905348,0.053136693814659915,0.06814219678626458,0.02918996257979309,0.22812678846577153,0.21534228483381027,0.2858001320713185,0.2741712524763372,-0.23246753246753246,-0.041124807395993834,0.13916574950473257,0.11775258639665419,0.17828087167070217,-0.021699317631521022,0.04755007704160247,-0.037367378384327535,-0.14206031256878715,-0.24958837772397094,0.27480079242791106,0.24509355051727932,0.25399295619634604,0.3841624477217698,0.11181377944089808,0.18618754127228704,0.3326942548976447,0.16942108738718908,0.34830288355712086,0.17900286154523443,0.10781642086726832,0.1884833810257539,-0.3764736957957297,-0.06505392912172574,-0.12185340083645169,-0.21485582214395774
#11,0.42227602905569006,1.0,0.583086066475897,0.18812238608848778,0.4044375963020031,0.13357693154303324,0.4609553158705701,0.15149900946511116,0.2764758969843716,0.42108518600044026,0.5531785163988554,0.03209553158705701,0.012535769315430332,0.19217037200088047,0.1985230024213075,0.4278252256218358,0.4625665859564165,0.5690821043363417,-0.2523508694695135,0.06943869689632401,0.15239489324235087,0.26685670261941447,0.2687739379264803,-0.26026854501430774,-0.11799031476997579,-0.27747963900506273,-0.31363636363636366,-0.22742020691173234,-0.00401716927140656,-0.2998613251155624,0.1550297160466652,-0.04360994937266124,0.15030156284393573,0.05958397534668721,-0.4401716927140656,-0.30237728373321593,-0.3305260840854061,-0.18346246973365618,-0.32229143737618315,0.008567026194144838,-0.17059652212194584,-0.10580013207131851,-0.27118864186660796,-0.09977767994717147,-0.3090666960158486,-0.2806713625357693,-0.38164648910411625,-0.24872551177635924,-0.10690732995817742,-0.1965925599823905,-0.16239489324235087,-0.03099933964340744,-0.01911732335461149,0.19178076161127008,0.049689632401496805,0.41392471934844816,-0.19977107638124586,-0.0600462249614792,-0.07405899185560202,-0.09959498128989655,-0.06662117543473475,0.04256878714505833,-0.41832269425489765,-0.114686330618534,-0.0562755888179617,0.13929121725731894,-0.013726612370680168,0.12751265683469074,0.11760950913493286,0.2195003301782963,0.4406405458947832,0.44447281532027294,-0.10088267664538851,0.1326832489544354,-0.4252344265903588,-0.0015122165969623596,-0.08957737178076161,0.14651551837992516,0.07979308826766454,-0.23359233986352632,-0.03941008144397975,0.0005877173673783843,0.09584855822143958,0.20452124147039402,0.08206031256878714,-0.37666740039621394,0.11457627118644068,-0.06073299581774158,0.00475676865507374,-0.04370019810697777,-0.09918556020250935,-0.25573189522342066,-0.43211974466211756,0.03863306185340084,-0.1060246533127889,0.5446313009024873,0.3642130750605327,0.26973365617433415,0.45679947171472596,0.11909751265683469,0.05101474796390051,0.36875192604006163,0.2768170812238609,0.2008848778340304,0.44098833370019813,0.2552212194585076,0.19445300462249615,-0.14152762491745544,-0.16158925819942768,0.21438256658595642,0.10850539291217258
#12,0.40836011446180936,0.583086066475897,1.0,0.5470482060312569,0.40647809817301345,0.6317191283292978,0.5124191063174114,0.2074290116662998,0.13425269645608628,0.6283072859344045,0.45667620515078144,0.07702619414483822,0.27690512876953555,0.15577591899625798,-0.053797050407219896,0.3192339863526304,0.8246401056570548,0.8238146599163548,-0.5335659255998239,-0.2534932863746423,-0.17685230024213075,0.07574290116662998,0.37967202289236185,-0.08204050187101035,-0.12600924499229585,-0.2554897644728153,-0.31294078802553377,-0.29813779440898086,-0.04479198767334361,-0.09789346246973366,0.31596081884217475,0.2667114241690513,0.4134140435835351,0.22873651771956857,-0.2774047985912393,-0.19377503852080125,-0.291864406779661,-0.32691833590138675,-0.41282412502751487,-0.21727492846136914,0.06407880255337882,-0.09263922518159806,-0.28359674224081005,-0.11043803653973146,-0.3003015628439357,-0.2597776799471715,-0.07969623596742241,-0.17247633722209993,0.008327096632181378,-0.0671186440677966,0.06124367158265463,0.22754567466431874,0.2117389390270746,0.32999559762271624,-0.046185340083645166,0.2793946731234867,-0.10867708562623817,-0.21720449042482942,-0.2282874752366278,-0.1491767554479419,-0.09029275808936826,-0.12537530266343824,-0.2945960818842175,0.0047545674664318735,0.09134712744882237,0.11277569887739379,0.1513251155624037,0.2310807836231565,-0.2634404578472375,-0.1716817081223861,0.33498128989654413,0.5218159806295399,-0.0020471054369359453,0.2292824125027515,-0.34546775258639667,0.039826106097292535,0.03059652212194585,0.11217257318952234,0.1432951793968743,-0.042003081664098614,-0.1337376183138895,0.18868368919216377,0.3173981950253137,0.37182698657274926,0.3171428571428571,-0.13663438256658594,0.2750913493286375,0.16163768434954875,0.048839973585736295,0.026200748404138236,-0.11882456526524324,-0.16843495487563284,-0.21881796169931764,0.04417565485362095,-0.09279330838652873,0.6355051727933084,0.32306845696676206,0.6545586616773057,0.6330332379484922,0.48212854941668504,0.3784217477437816,0.6020779220779221,0.5762579793088267,0.40021351529826105,0.46379484921857805,0.35811138014527844,0.5241096191943649,-0.136616773057451,-0.18765573409641206,0.05621835791327317,-0.09244992295839753
#13,0.348168611049967,0.18812238608848778,0.5470482060312569,1.0,0.05266563944530046,0.3190843055249835,0.5110147479639005,0.32123046445080344,0.0989060092449923,0.6224521241470394,0.23065595421527624,-0.10576931543033238,0.4605414924058992,-0.16983491085186,0.05009465111160026,0.12784943869689633,0.6424323134492625,0.44048646268985253,-0.23324455205811137,-0.30262821923838873,-0.16122826326216158,-0.12517939687431212,0.25064714946070876,-0.015974025974025974,0.1882918776139115,0.01135593220338983,-0.05501871010345587,-0.09369579572969404,0.29909531146819285,-0.006101694915254237,0.2953114681928241,0.31286374642306847,0.2397292537970504,0.09012326656394452,0.10189522342064715,0.047310147479639006,0.12023552718467972,-0.13470834250495267,-0.059817301342725074,-0.18949592780101254,0.0028505392912172574,-0.0066189742460928905,-0.031967862645828744,-0.08637684349548756,-0.007651331719128329,-0.048580233325996036,0.031093990755007704,-0.044985692273827864,-0.04524543253356813,-0.0018489984591679508,0.18608408540611932,0.1962293638564825,0.1091173233546115,0.06709443099273608,-0.08530266343825665,-0.07617873651771957,-0.07814439797490645,-0.35211314109619196,-0.1261633281972265,-0.10148580233325996,-0.07947611710323575,-0.08178516398855382,-0.1646357032797711,-0.10083425049526744,0.2411930442438917,0.06717147259520141,0.06029055690072639,0.3437750385208012,-0.2500616332819723,-0.3360708782742681,-0.03211534228483381,-0.017596302003081665,-0.09904028175214616,-0.09018049746863306,-0.13757649130530486,-0.17205370900286154,-0.034287915474356154,0.09589258199427692,0.2628483381025754,0.1227426810477658,-0.3161523222540172,-0.17742020691173233,0.30653753026634384,0.20257979308826765,0.12009024873431653,-0.05411622276029056,0.43229143737618314,-0.12546995377503853,-0.259537750385208,-0.12174994497028395,-0.1434536649790887,0.08517939687431213,-0.011921637684349548,0.16453004622496148,0.07686770856262382,0.30594981289896545,0.15079683028835572,0.506766453885098,0.19768875192604007,0.3615034118423949,0.29686770856262384,0.5086220559101915,0.312128549416685,0.3684173453664979,0.22047985912392692,0.11726172132951794,0.22045124367158264,0.05682808716707022,0.018560422628219237,-0.17578692493946732,-0.17753907109839312
#17,0.38977107638124586,0.4044375963020031,0.40647809817301345,0.05266563944530046,1.0,0.561813779440898,0.24373541712524763,0.028593440457847237,0.09453664979088708,0.12468633061853401,0.2560708782742681,0.5525401716927141,0.15519700638344705,0.3331631080783623,0.06745982830728593,0.3317213295179397,0.14132291437376182,0.4180805635042923,-0.3289060092449923,0.0040325775918996255,-0.15894783182918776,0.11517719568567027,0.168036539731455,0.10627999119524544,-0.23461369139335242,-0.3055646048866388,-0.43588817961699317,-0.21755888179616995,-0.059614791987673346,0.10361875412722871,0.07751045564604887,-0.10871010345586617,0.014076601364736959,-0.028875192604006162,-0.0025115562403698,-0.16226502311248073,-0.1302113141096192,-0.2021549636803874,-0.20852520360994936,-0.08365397314549856,0.1974224081003742,0.06613911512216597,0.10160906889720449,-0.05813779440898085,-0.009128329297820823,-0.05713625357693154,-0.2812590799031477,-0.1175016508914814,-0.23069337442218799,0.02401056570548096,-0.13344486022452123,0.0438102575390711,-0.07835351089588377,0.10515738498789347,-0.313152102135153,0.011802773497688752,-0.3761699317631521,-0.04655513977547876,0.030917895663658376,-0.11681928241250275,-0.2578868589038081,-0.19946951353731016,0.11793528505392913,0.14138895003301782,-0.3323002421307506,-0.18615232225401718,0.11175654853620956,0.26303103675985035,-0.0885230024213075,0.03287475236627779,-0.040515078142196785,0.12887079022672243,-0.2555183799251596,-0.023623156504512438,-0.37588817961699317,-0.3252080123266564,-0.177343165309267,-0.21920096852300242,0.10948932423508695,0.1570526084085406,-0.09146379044684129,0.45097952894563065,0.10124807395993837,0.2317521461589258,0.5604908650671363,0.0612722870349989,0.19020691173233545,0.13985912392692054,0.354488223640766,0.36056350429231787,0.2857032797710764,0.04585296059872331,0.04657935285053929,0.22401056570548095,0.0448316090688972,0.15755007704160245,0.17053709002861545,0.0412590799031477,0.24673783843275368,0.022091129209773276,0.0669931763152102,0.13808496588157604,0.31100594320933306,0.002335461149020471,0.16427250715386307,-0.10639665419326436,0.16066035659255998,-0.371270085846357,-0.19373321593660578,0.212293638564825,0.06062293638564825
#18,0.32898084965881574,0.13357693154303324,0.6317191283292978,0.3190843055249835,0.561813779440898,1.0,0.24156504512436716,0.07664979088707902,-0.13493946731234868,0.35159806295399515,0.1458067356372441,0.3104644508034339,0.39098393132291437,0.0914307726172133,-0.14711204050187102,0.19415364296720228,0.4857627118644068,0.5202355271846797,-0.41108518600044025,-0.21504732555580014,-0.3113383226942549,-0.074950473255558,0.13118864186660797,0.03402377283733216,-0.12831168831168832,-0.14024433193924718,-0.1912722870349989,-0.12571428571428572,-0.045485362095531584,0.2529253797050407,0.2275214615892582,0.2258463570327977,0.19540171692714065,0.14776359233986353,-0.028029936165529387,-0.1322143957737178,-0.25066255778120183,-0.19820603125687872,-0.24136913933524104,-0.3180343385428131,0.3186506713625358,-0.007237508254457407,0.020704380365397314,-0.0611005943209333,-0.09303764032577592,-0.1309553158705701,0.11685450143077261,0.1366718027734977,0.04815320272947392,0.134719348448162,0.25679286814880037,0.21918556020250934,0.2332621615672463,0.1584503631961259,-0.2124521241470394,-0.024765573409641205,-0.24691833590138676,-0.21546775258639667,-0.27737838432753686,-0.3050605326876513,-0.20321813779440898,-0.3199581774158045,0.1637112040501871,0.26227823024433194,0.048426150121065374,-0.09472595201408761,0.172326656394453,0.22233546114902047,-0.3259718247853841,-0.25447281532027294,-0.05230684569667621,0.22931983270966322,-0.11066475896984372,0.14633281972265022,-0.3348602245212415,-0.18192824125027515,-0.13609289016068676,-0.2366696015848558,0.14905789126128108,0.27091789566365837,-0.005804534448602245,0.5222738278670482,0.3466916134712745,0.2994012766894123,0.36007704160246534,0.05435174994497029,0.08090468853180717,0.2832489544353951,0.2644794188861985,0.31849218578032135,0.11471054369359454,0.012132951793968743,0.12180717587497249,-0.030955315870570106,-0.031657495047325554,0.26108298481179837,0.18518820162887958,0.3775544794188862,0.3615914593880696,0.34765573409641204,0.3646951353731015,0.38150121065375303,0.45188861985472156,0.2265265243231345,0.1904358353510896,0.1560576711424169,0.37478978648470174,-0.26824125027514856,-0.31689852520360995,0.05097732775698877,-0.10593880695575611
#26,0.3542064714946071,0.4609553158705701,0.5124191063174114,0.5110147479639005,0.24373541712524763,0.24156504512436716,1.0,0.29505392912172573,0.05294959278010126,0.6867774598283073,0.4251595861765353,-0.022348668280871672,0.5310917895663658,0.007712965001100594,0.2827602905569007,0.5032027294739159,0.6065221219458508,0.507805414924059,-0.25270746202949596,-0.09123706801672904,-0.1429804094210874,0.07884437596302003,0.38104556460488664,0.016224961479198767,0.08760950913493286,-0.10104336341624477,-0.317772397094431,-0.5104974686330619,0.24751926040061634,-0.01182258419546555,0.2919700638344706,0.24169051287695356,0.16418886198547217,-0.09800792427911072,-0.04121725731895223,0.06749724851419767,0.04896984371560643,-0.25319172353070657,-0.08650451243671582,-0.16244111820383006,-0.07433414043583535,0.05585075941008144,-0.12493506493506494,-0.041133612150561306,-0.006909531146819282,-0.162095531587057,-0.19474356152322253,-0.42037200088047544,-0.0662425709883337,-0.3059189962579793,0.016220559101915034,-0.06548756328417345,0.01457406999779881,-0.018157605106757648,-0.12452344265903588,0.14002421307506052,-0.26979969183359015,-0.22359013867488445,0.06588377723970944,-0.11453224741360335,-0.28764032577591897,-0.07208012326656395,-0.16724191063174115,0.22983931322914375,0.06857803213735417,0.000981730134272507,0.3935417125247634,0.6237948492185781,-0.19955976227162667,-0.16751265683469074,0.18906009244992295,0.28022232005282854,0.0018842174774378164,0.1869733656174334,-0.2942064714946071,0.03484701738939027,0.006273387629319832,0.20065155183799252,0.5688972044904248,0.22227602905569008,-0.18485362095531588,-0.01484701738939027,0.11137354171252477,0.10646268985252036,0.30825665859564166,-0.23334580673563723,0.3504864626898525,-0.12957957296940348,-0.05759850319172353,0.0031587057010785823,-0.06008364516839093,0.16810917895663657,0.004030376403257759,0.2056152322254017,0.11463130090248734,0.41587717367378385,0.1341338322694255,0.32266563944530047,0.19075941008144398,0.28727492846136915,-0.005569007263922518,0.49162447721769753,0.3534404578472375,0.16123046445080344,0.1035659255998239,0.057479639005062734,0.03049306625577812,-0.20718688091569448,-0.07434514637904469,-0.11528065155183799,-0.06270746202949593
#49,0.5702355271846797,0.15149900946511116,0.2074290116662998,0.32123046445080344,0.028593440457847237,0.07664979088707902,0.29505392912172573,1.0,0.3771186440677966,0.447475236627779,0.42556680607528063,0.1087937486242571,0.31156064274708345,-0.17134272507153864,0.24951793968743122,0.17668500990534888,0.3594959278010125,0.30516398855381904,0.06380805635042923,-0.16212414703940128,0.06195905789126128,-0.029931763152102137,0.15401937046004843,-0.07172793308386528,0.17657495047325555,-0.12416024653312789,-0.013218137794408981,-0.2967994717147259,0.3553775038520801,-0.03135593220338983,0.2525643847677746,0.20973805855161787,0.03560642747083425,0.008809156944750166,-0.03026634382566586,0.016031256878714505,0.03732775698877394,0.003508694695135373,-0.06248734316530927,-0.1342328857583095,0.08347127448822364,0.055403918115782526,-0.14227823024433195,-0.008426150121065375,-0.1148117983711204,-0.03466431873211534,-0.0885956416464891,-0.14764472815320273,-0.03136693814659916,-0.24134712744882236,-0.0027272727272727275,-0.14884217477437817,-0.02611930442438917,-0.16510015408320494,-0.014204270305965222,-0.11346467092229805,-0.15045344486022452,-0.26583094871230467,-0.38758309487123044,-0.15542813119084306,-0.10833370019810698,-0.01715166189742461,-0.2275808936825886,-0.15712304644508035,0.049022672243011226,-0.07197446621175435,0.03451904028175214,0.12234426590358793,-0.005760510675764913,-0.10877834030376403,0.09195465551397755,0.01960378604446401,0.1973563724411182,0.16652872551177636,0.005549196566145719,0.15504732555580014,0.18250935505172794,0.13823464670922297,0.199900946511116,0.06925159586176535,0.10368038740920096,0.019322033898305085,0.18941888619854721,0.2665045124367158,0.26532467532467535,-0.11558661677305745,-0.033086066475896986,-0.0287012987012987,-0.050849658815760514,-0.015177195685670261,0.003370019810697777,-0.07541712524763372,0.02908650671362536,-0.16561963460268544,-0.17890160686770856,0.2523090468853181,-0.03165309267004182,0.2252014087607308,0.06551837992515959,0.11284833810257539,0.020906889720449042,0.3110367598503192,0.10361875412722871,0.25652432313449264,0.08889720449042483,0.18119524543253357,-0.02107197886858904,-0.07728153202729474,0.1749570768214836,-0.2801254677525864,-0.3258771736737838
#50,0.24596522121945852,0.2764758969843716,0.13425269645608628,0.0989060092449923,0.09453664979088708,-0.13493946731234868,0.05294959278010126,0.3771186440677966,1.0,0.2814439797490645,0.4846290997138455,0.011472595201408762,-0.09321373541712524,0.17710323574730355,0.2658551617873652,0.10743341404358353,0.24147699757869248,0.207442218798151,0.02095971824785384,-0.07752366277790007,0.25382126348228046,0.1530046224961479,0.2263086066475897,-0.09000440237728373,0.10519260400616333,-0.01227823024433194,-0.052416905128769536,-0.3197226502311248,0.17251595861765354,-0.15296279991195244,0.2300132071318512,0.22576931543033238,0.09208012326656395,-0.007257318952234207,-0.1564010565705481,-0.1692758089368259,-0.09115122165969623,-0.1305524983491085,-0.2165133171912833,-0.06685670261941448,-0.2099537750385208,-0.10425049526744443,-0.30710983931322916,-0.18095751705921198,-0.30012987012987014,-0.18726172132951793,-0.3589060092449923,-0.10079242791107199,-0.24833590138674885,-0.24298701298701297,-0.31829187761391153,-0.3030992736077482,-0.25843935725291656,-0.30162227602905567,-0.11270526084085405,-0.08107418005723091,-0.04250715386308607,-0.11703940127668941,-0.25862865947611713,-0.1837772397094431,-0.011197446621175436,0.038756328417345366,-0.3315826546335021,-0.19279771076381247,-0.05735637244111821,-0.03426370239929562,0.05489324235086947,-0.012727272727272728,0.21607968302883557,0.09528505392912173,0.4094519040281752,0.16651771956856704,0.2534690732995818,0.13897644728153202,0.031120405018710103,-0.014279110719788686,0.128234646709223,0.09173673783843275,0.14039621395553598,-0.09681928241250275,-0.05505833149900947,-0.25046665199207574,0.14439577371780762,0.10538630860664759,-0.01694915254237288,-0.008073959938366718,-0.029326436275588817,-0.2059916354831609,-0.16363636363636364,-0.23801893022232004,-0.18147919876733437,-0.37028615452344266,-0.43301562843935726,-0.11313009024873431,-0.2636055469953775,0.3751992075720889,0.12914153642967202,0.2008848778340304,-0.006511116002641426,0.02977327756988774,-0.09165529385868369,0.19406779661016949,0.1375148580233326,0.0912920977327757,0.1409553158705701,0.023442659035879373,-0.08186000440237728,-0.1136649790887079,0.03713845476557341,-0.03573849878934625,0.0648910411622276
#51,0.4438895003301783,0.42108518600044026,0.6283072859344045,0.6224521241470394,0.12468633061853401,0.35159806295399515,0.6867774598283073,0.447475236627779,0.2814439797490645,1.0,0.6105921197446621,0.09815100154083205,0.46881576051067575,0.13505392912172573,0.19663218137794408,0.2308628659476117,0.8438917015188202,0.5534602685450143,-0.3068302883557121,-0.3208760730794629,-0.11662117543473476,-0.13875192604006165,0.2751353731014748,-0.19659916354831608,0.04715386308606648,-0.04650451243671583,-0.19446621175434733,-0.3738917015188202,0.27125027514858024,-0.003425049526744442,0.3690975126568347,0.341798371120405,0.2601188641866608,0.11006823684789786,-0.11356592559982391,-0.010176095091349329,-0.1240876073079463,-0.169273607748184,-0.2772044904248294,-0.25974246092890163,-0.02116883116883117,0.012069117323354611,-0.28376183138895006,-0.04932863746423068,-0.21516618974246093,-0.2625775918996258,0.03048646268985252,-0.02706141316310808,0.05089368258859784,-0.1563416244772177,0.15738278670482062,0.020343385428131192,0.12765573409641207,0.0007484041382346468,0.03685670261941448,0.057594100814439796,-0.22600264142637025,-0.4152014087607308,-0.271584855822144,-0.33840193704600485,-0.11733656174334141,0.0019678626458287476,-0.23825005502971605,-0.09395993836671802,0.18199207572088927,-0.07780981730134273,0.3424345146379045,0.3529892141756549,-0.12831168831168832,-0.23568567026194145,0.3275896984371561,0.3748117983711204,0.05089368258859784,0.19434954875632843,-0.27320272947391594,-0.0882720669161347,0.06903367818622055,0.19288795949812898,0.327673343605547,0.08575830948712304,-0.008199427690953115,0.001672903367818622,0.3573827867048206,0.410627338762932,0.1924719348448162,-0.16103675985031918,0.24490644948272067,0.0020845256438476777,-0.12889500330178297,-0.003900506273387629,-0.17176755447941888,-0.025025313669381467,-0.17012326656394453,-0.006431873211534229,-0.04104776579352851,0.6053973145498569,0.1528417345366498,0.5945014307726172,0.29788245652652434,0.3784041382346467,0.20225841954655513,0.5647721769755668,0.36259960378604444,0.3308540611930442,0.2586946951353731,0.29567246313009027,0.23795949812898964,-0.09864406779661017,-0.03317631521021352,-0.07304864626898525,-0.10567026194144838
#52,0.5077812018489984,0.5531785163988554,0.45667620515078144,0.23065595421527624,0.2560708782742681,0.1458067356372441,0.4251595861765353,0.42556680607528063,0.4846290997138455,0.6105921197446621,1.0,0.23025974025974025,0.023345806735637246,0.40272947391591457,0.3034932863746423,0.34011446180937704,0.5074532247413603,0.5316288795949813,-0.12688972044904248,-0.1275478758529606,0.11940567906669601,0.17950033017829628,0.30839973585736297,-0.1813185119964781,0.05213955535989434,-0.11950033017829628,-0.20051727933083865,-0.3595641646489104,0.18102575390710984,-0.01924719348448162,0.16590358793748625,0.17504512436715827,0.1433876293198327,0.3103830068236848,-0.28393792648029936,-0.07865947611710324,-0.21718247853841074,-0.08797050407219899,-0.3146797270526084,0.0038674884437596303,-0.08845476557340964,0.10632621615672463,-0.33985252036099495,-0.14197446621175436,-0.3240964120625138,-0.28767774598283075,-0.3385692273827867,-0.22001540832049307,-0.14945850759410081,-0.27416024653312787,-0.2865331278890601,-0.15101694915254238,-0.1729011666299802,0.010037420206911733,0.04812458727712965,0.2285428131190843,-0.28345806735637247,-0.1622870349988994,-0.3014593880695576,-0.21221659696235967,-0.1199735857362976,0.0003697996918335901,-0.1958199427690953,-0.04421307506053269,-0.05477217697556681,-0.08845036319612591,0.2724235086946951,0.1760378604446401,0.233020030816641,0.1886616773057451,0.4287343165309267,0.4578032137354171,0.13254897644728153,0.1936649790887079,-0.26241030156284395,-0.08791107197886859,0.03896764252696456,0.100033017829628,0.1737178076161127,-0.002348668280871671,-0.01907770195905789,-0.039966982170372,0.13259960378604446,0.17661457186880916,0.15761611270085846,-0.20878274268104777,-0.08885538190622937,-0.12696896324014967,0.05217917675544794,-0.12688531807175876,-0.14008144397974906,-0.27761611270085845,-0.3729672022892362,-0.05687211093990755,-0.270099053488884,0.6860114461809377,0.29699097512656836,0.3260048426150121,0.420132071318512,0.04771516618974246,-0.01241470394012767,0.24264142637023994,0.38744441998679285,0.07715826546335021,0.2996191943649571,0.1623530706581554,0.16062293638564826,-0.2123728813559322,-0.16100154083204932,-0.08935505172793308,-0.11176095091349329
#53,0.2854479418886198,0.03209553158705701,0.07702619414483822,-0.10576931543033238,0.5525401716927141,0.3104644508034339,-0.022348668280871672,0.1087937486242571,0.011472595201408762,0.09815100154083205,0.23025974025974025,1.0,0.17278230244331938,0.5033612150561303,-0.016500110059432093,0.023975346687211095,-0.0018203830068236847,0.14527624917455426,-0.06849218578032137,-0.05745762711864407,-0.08402817521461589,-0.06059652212194585,0.004939467312348668,0.051223860884877834,-0.00785163988553819,-0.06572088928021132,-0.13362755888179617,-0.06928901606867709,0.0952014087607308,0.1670856262381686,0.04404358353510896,-0.11405238828967643,-0.07981730134272508,0.0401386748844376,0.18499449702839532,0.03395333480079243,0.042370680167290335,0.034972485141976664,-0.12184239489324235,-0.041036759850319175,0.2934536649790887,0.21475236627779,0.1386484701738939,0.024252696456086287,0.25875632841734536,-0.07106757649130531,-0.08290336781862205,0.02944750165089148,-0.13731454985692274,-0.01815100154083205,-0.05134052388289676,-0.02105657054809597,-0.12205150781421968,-0.11859784283513097,-0.06655073739819503,-0.11729914153642967,-0.11664979088707902,0.057444419986792866,-0.11326876513317191,-0.19631080783623156,-0.13926700418225843,-0.03486022452124147,0.26176975566806077,-0.1390843055249835,-0.2797490644948272,-0.1394276909531147,0.30716707021791767,-0.08841514417785604,0.14070878274268106,0.07794408980849658,0.009251595861765353,0.1161699317631521,-0.09368699097512657,-0.020523882896764253,-0.14552058111380145,-0.29101034558661676,-0.012903367818622056,-0.13177635923398634,-0.10064274708342505,0.06179837112040502,0.3053400836451684,0.4865397314549857,0.04686990975126568,0.31163768434954875,0.547937486242571,0.2931631080783623,0.05917455425930002,0.25534888839973585,0.47908210433634163,0.48723310587717367,0.1696125907990315,0.3146555139775479,0.24114021571648692,-0.010215716486902927,0.03962359674224081,-0.03349768875192604,-0.0032181377944089807,-0.09379264802993617,0.05272947391591459,-0.20441998679286816,-0.10063174114021571,0.01267444419986793,0.07964560862865948,-0.06815760510675765,-0.05185780321373542,-0.17715166189742462,-0.08390490865067136,-0.17438036539731455,-0.08895443539511336,-0.013064054589478319,-0.0964538850979529
#54,0.3043957737178076,0.012535769315430332,0.27690512876953555,0.4605414924058992,0.15519700638344705,0.39098393132291437,0.5310917895663658,0.31156064274708345,-0.09321373541712524,0.46881576051067575,0.023345806735637246,0.17278230244331938,1.0,-0.15723530706581554,0.03420427030596522,0.19745762711864406,0.4544816200748404,0.278168611049967,-0.1213845476557341,-0.16830068236847898,-0.3581884217477438,-0.1460180497468633,0.01060312568787145,-0.02977767994717147,0.011540832049306626,-0.07885978428351309,-0.10987673343605547,-0.22084085406119305,0.32495267444419984,0.2714373761831389,0.1469161347127449,0.2458221439577372,-0.024466211754347347,-0.18753246753246752,0.3607770195905789,0.2796984371560643,0.3093594541052168,-0.12436275588817962,-0.028126788465771515,-0.4260796830288356,0.31430112260620735,0.1808122386088488,0.22950473255558002,0.16841954655513977,0.18546114902047106,-0.016478098173013427,0.21441778560422628,0.005518379925159586,0.14748624257098833,0.01907770195905789,0.2881796169931763,0.013226942548976448,0.16364736957957296,-0.1942042703059652,-0.2262359674224081,-0.2703103675985032,-0.2778604446401057,-0.24280431432973806,-0.020275148580233326,-0.17537750385208012,-0.5041338322694255,-0.299471714725952,0.09922958397534669,0.09564825005502972,0.25864406779661014,0.012293638564825005,0.16659476117103236,0.4861171032357473,-0.2638674884437596,-0.32410741800572307,-0.06770416024653313,0.09807616112700858,-0.06631080783623157,-0.013869689632401497,-0.12643847677745984,-0.05272727272727273,-0.08447061413163108,-0.039944970283953336,0.2463416244772177,0.32148139995597624,-0.12556680607528065,0.13493946731234868,0.4603697996918336,0.3633414043583535,0.3191569447501651,-0.19084085406119305,0.25136693814659916,0.15564604886638786,0.06886198547215497,0.2091701518820163,0.140264142637024,0.2538564825005503,0.2869095311468193,0.0425511776359234,0.23037640325775918,0.03618754127228704,0.006574950473255558,0.2612590799031477,-0.057479639005062734,0.2752960598723311,0.12917455425930002,0.36889280211314107,0.15635263042042702,0.20346687211093992,-0.09387189082104336,-0.0499933964340744,-0.00099273607748184,-0.33962139555359894,-0.07957517059211974,-0.2089852520360995,-0.09213955535989435
#58,0.008903808056350429,0.19217037200088047,0.15577591899625798,-0.16983491085186,0.3331631080783623,0.0914307726172133,0.007712965001100594,-0.17134272507153864,0.17710323574730355,0.13505392912172573,0.40272947391591457,0.5033612150561303,-0.15723530706581554,1.0,0.08705480959718248,-0.12608408540611932,0.08919216376843496,0.12665419326436275,-0.15554919656614571,-0.05030156284393573,0.08285274047985912,0.0410807836231565,0.057462029495927804,-0.08657495047325556,-0.03728813559322034,0.08879154743561524,-0.20149460708782743,-0.1636187541272287,-0.017037200088047547,0.03141096191943649,-0.03997798811358133,-0.07837112040501872,0.13874532247413604,0.21838212634822804,-0.02992956196346027,-0.06703499889940567,-0.048102575390710986,-0.0030508474576271187,-0.14188641866607968,0.21314990094651112,0.0538102575390711,0.13848117983711203,-0.09212634822804314,-0.21640325775918998,-0.09666740039621395,-0.21768214836011446,-0.26363856482500553,-0.08648910411622276,-0.2851067576491305,-0.04291217257318952,-0.2225181598062954,0.0005811138014527845,-0.20860664758969844,0.05885538190622936,0.013583535108958837,0.11964780981730135,0.0510939907550077,-0.007109839313229144,-0.006363636363636364,0.03635923398635263,-0.08648470173893903,0.12256438476777459,0.18039621395553598,-0.09281091789566366,-0.31823024433193925,-0.18863746423068456,0.4401144618093771,-0.10321593660576711,0.2741932643627559,0.23675324675324674,0.23442659035879373,0.30465551397754786,0.09610829848117984,0.016649790887079022,0.04175214615892582,-0.07861104996698218,0.16945410521681709,0.01944970283953335,-0.17152762491745543,-0.18279110719788685,0.05354171252476337,0.10414263702399296,-0.08077261721329518,0.06428791547435615,0.18656394453004624,0.13112260620735197,-0.14629980189302222,0.048408540611930444,0.1634998899405679,0.0938432753686991,-0.007904468412942988,-0.1329275808936826,-0.1242262821923839,0.035183799251595864,-0.04143077261721329,0.1667092229804094,0.09032797710763812,0.04484261501210654,0.16557781201848998,-0.16016068677085626,-0.06712744882236407,-0.06698437156064274,0.11601364736957957,-0.11025313669381466,0.10318291877613911,-0.06412722870349989,0.09786704820603126,-0.19780101254677526,-0.14372220999339644,0.07984371560642747,-0.013486682808716706
#101,0.04325335681267885,0.1985230024213075,-0.053797050407219896,0.05009465111160026,0.06745982830728593,-0.14711204050187102,0.2827602905569007,0.24951793968743122,0.2658551617873652,0.19663218137794408,0.3034932863746423,-0.016500110059432093,0.03420427030596522,0.08705480959718248,1.0,0.5121373541712525,0.037774598283072856,0.037217697556680605,0.39155183799251597,0.08190182698657275,0.2562931983270966,0.17315210213515297,0.01825445740699978,-0.13415584415584417,0.137970504072199,0.15498128989654414,-0.15538850979528945,-0.2745476557340964,0.2844860224521241,0.05952674444199868,-0.32479418886198547,-0.22631300902487342,-0.34998239049086505,-0.23680167290336782,-0.05861985472154964,0.08299581774158045,0.15136693814659916,0.13459167950693374,0.006962359674224081,0.05090909090909091,-0.07223640766013648,0.16983050847457626,0.06552718467972705,0.19015628439357252,-0.07214836011446181,-0.10275588817961699,-0.4656218357913273,-0.29130970724191063,-0.4769315430332379,-0.46012326656394453,-0.4895773717807616,-0.5036385648250055,-0.627277129650011,-0.2899229583975347,0.12384547655734096,0.07736077481840194,-0.17966101694915254,-0.10432313449262602,-0.1239489324235087,-0.013686990975126568,-0.19119084305524983,0.16922738278670482,-0.03690953114681928,0.2220713185119965,-0.1411666299801893,-0.2527404798591239,0.24668060752806514,0.33095971824785386,0.21208012326656395,0.11668500990534889,0.07419986792868148,0.0020140876073079465,0.2773387629319833,0.14630420427030597,0.05618534008364517,-0.04985031917235307,0.24689852520360994,0.3574818401937046,0.34353510895883776,0.26177635923398634,-0.07707021791767554,-0.16623156504512437,-0.06256218357913274,-0.1035923398635263,-0.031201848998459167,-0.22921857803213735,-0.004791987673343606,-0.33744001760950915,-0.15532467532467534,-0.08808496588157605,0.12248294078802553,-0.2369425489764473,-0.06759630200308167,-0.1521681708122386,-0.07462909971384547,0.2636605767114242,0.014664318732115343,-0.18899625797930883,-0.13354171252476338,-0.3527030596522122,-0.4843693594541052,-0.24119744662117543,-0.14793308386528725,-0.24722209993396435,0.0461171032357473,-0.1239159145938807,-0.36474136033458066,-0.0689852520360995,-0.01926700418225842,-0.2906009244992296,-0.045071538630860664
#102,0.31213075060532686,0.4278252256218358,0.3192339863526304,0.12784943869689633,0.3317213295179397,0.19415364296720228,0.5032027294739159,0.17668500990534888,0.10743341404358353,0.2308628659476117,0.34011446180937704,0.023975346687211095,0.19745762711864406,-0.12608408540611932,0.5121373541712525,1.0,0.18098393132291438,0.4766585956416465,-0.015263042042703059,0.2914373761831389,-0.06271186440677966,0.460627338762932,0.1704534448602245,0.08961259079903147,-0.10545454545454545,-0.08914593880695576,-0.2961369139335241,-0.38534448602245214,-0.11975126568346907,-0.13008144397974905,-0.025665859564164648,-0.10991635483160907,-0.15331278890600925,-0.18509575170592119,-0.3236913933524103,-0.15234426590358793,-0.11324235086946952,-0.07971384547655734,-0.17488003521901826,-0.13612590799031477,-0.17009685230024213,-0.04657495047325556,-0.1064604886638785,0.10975786924939468,-0.14960818842174775,-0.08682368478978648,-0.30535769315430333,-0.5505569007263923,-0.17217257318952234,-0.5719392471934844,-0.3527426810477658,-0.36138674884437594,-0.29486902927580894,-0.07167070217917676,-0.1505326876513317,0.25333039841514415,-0.35952234206471495,0.07988333700198107,-0.06879374862425709,-0.09079462909971385,-0.25983270966321814,-0.1737970504072199,-0.2899647809817301,0.4134580673563724,0.03762491745542593,0.06808716707021792,0.1151617873651772,0.35561743341404356,-0.06434514637904469,0.1235130970724191,0.17822364076601366,0.19579132731675106,0.02771516618974246,0.25474796390050625,-0.16780761611270087,0.007770195905789126,-0.0436649790887079,0.06305745102355272,0.3517147259520141,0.3938542813119084,0.008976447281532027,0.040132071318512,0.0162953995157385,0.02972925379705041,0.08556020250935505,-0.2055249834910852,0.054486022452124146,-0.1665463350209113,-0.09829407880255338,-0.10089808496588158,0.11154083204930662,-0.1823200528285274,-0.09110499669821703,-0.023370019810697775,-0.0998745322474136,0.394785384107418,0.2575941008144398,0.015487563284173453,0.24221879815100153,-0.07206911732335461,-0.3549768875192604,0.13591019150341185,0.24614571868809157,-0.04448822364076602,0.10798811358133392,0.0018666079683028836,-0.1626502311248074,-0.31714946070878275,-0.29636583755227824,-0.14788685890380807,-0.02809817301342725
#201,0.3900022011886419,0.4625665859564165,0.8246401056570548,0.6424323134492625,0.14132291437376182,0.4857627118644068,0.6065221219458508,0.3594959278010125,0.24147699757869248,0.8438917015188202,0.5074532247413603,-0.0018203830068236847,0.4544816200748404,0.08919216376843496,0.037774598283072856,0.18098393132291438,1.0,0.6606669601584856,-0.3895553598943429,-0.40861765353290774,-0.1263680387409201,-0.11923838872991416,0.39430772617213294,-0.21348228043143297,0.0638696896324015,-0.09780761611270086,-0.17300462249614793,-0.36933083865287253,0.21450803433854282,-0.10476777459828307,0.3910741800572309,0.37633061853400834,0.3910763812458728,0.13629099713845477,-0.16764913053048647,-0.09503852080123266,-0.18603345806735638,-0.33802333259960377,-0.3659145938806956,-0.3442526964560863,-0.03145278450363196,-0.10340303764032578,-0.2885582214395774,-0.15459167950693375,-0.20891041162227603,-0.31592780101254675,0.02569007263922518,-0.0527030596522122,0.0636649790887079,-0.055163988553819064,0.19509134932863748,0.14659255998239049,0.27369139335241033,0.16661457186880915,0.008523002421307506,0.1519238388729914,-0.11818842174774379,-0.40939687431212857,-0.2918710103455866,-0.27667400396213954,-0.1289390270746203,-0.04125467752586397,-0.3104930662557781,-0.10668500990534889,0.2261831388950033,0.006924939467312348,0.2462359674224081,0.3226040061633282,-0.17298261060972925,-0.24145058331499009,0.4239665419326436,0.5209839313229144,0.09303764032577592,0.1593154303323795,-0.3054831609068897,-0.030281752146158927,0.0900792427911072,0.22019370460048426,0.29502091129209773,-0.030867268324895444,-0.07061413163108078,0.04053268765133172,0.3931344926260181,0.4405458947831829,0.16785384107418005,-0.20802553378824565,0.2732907770195906,0.06313449262601804,-0.10060092449922958,-0.035148580233325996,-0.28721329517939687,-0.14689412282632622,-0.24343605546995378,-0.007164869029275809,-0.024547655734096414,0.6448470173893903,0.21360994937266123,0.7634624697336562,0.42378824565265244,0.525463350209113,0.36578472375082544,0.6880079242791107,0.44657495047325557,0.49215936605767113,0.3920537090028616,0.3924235086946951,0.41736077481840195,-0.09657495047325555,-0.08959498128989654,-0.029295619634602685,-0.09752366277790006
