,#10,#11,#12,#13,#17,#18,#26,#49,#50,#51,#52,#53,#54,#58,#101,#102,#201,#202,#301,#302,#401,#402,#501,#502,#601,#602,#701,#702,#801,#802,#901,#902,#1001,#1002,#1101,#1102,#1201,#1202,#1301,#1302,#1401,#1402,#1501,#1502,#1601,#1602,#1701,#1702,#1801,#1802,#1901,#1902,#2001,#2002,#2101,#2102,#2201,#2202,#2301,#2302,#2401,#2402,#2501,#2502,#2601,#2602,#2701,#2702,#2801,#2802,#2901,#2902,#3001,#3002,#3101,#3102,#3201,#3202,#3301,#3302,#3401,#3402,#3455,#3501,#3502,#3601,#3602,#3701,#3702,#3801,#3802,#3901,#3902,#4001,#4002,#4101,#4102,#4201,#4202,#4301,#4302,#4401,#4402,#4501,#4502,#4601,#4602,#4701,#4702,#4801,#4802
#10,1.0,0.551518820162888,0.2952784503631961,0.5127140655954215,0.006940347787805415,0.04213735417125248,-0.17164648910411623,0.6184085406119304,0.43965221219458506,0.4826040061633282,0.34766894122826325,-0.0021065375302663438,-0.12274928461369139,0.022670041822584197,-0.1839687431212855,0.03489544353951134,0.17913933524103015,0.06500770416024654,0.01638344706141316,0.13033237948492185,0.1325643847677746,0.10214836011446181,-0.0687211093990755,0.12579793088267666,0.1538762931983271,0.22493946731234868,0.19045784723750825,0.37421087387189084,0.05037200088047546,0.12765573409641207,-0.2569755668060753,0.049700638344706144,0.16465111160026413,-0.05154083204930662,-0.2840281752146159,-0.1625049526744442,-0.2702839533348008,-0.16453444860224523,0.11209333039841514,0.16099053488883996,0.2045674664318732,0.35209333039841517,-0.2561303103675985,-0.1256966762051508,-0.18775038520801232,0.08499229583975347,0.1628813559322034,0.2938410741800572,0.03491305304864627,0.13193044243891702,0.29600044023772837,0.2340611930442439,0.26006163328197224,0.0866321813779441,0.09791107197886859,0.0798481179837112,0.11733215936605768,0.0014241690512876953,0.014725952014087607,-0.002808716707021792,0.061494607087827426,0.030638344706141317,-0.007816420867268324,-0.07233766233766234,0.2190182698657275,0.16020911292097734,0.1310213515298261,-0.20015848558221438,0.10842615012106538,0.1747479639005063,0.30947611710323575,0.27512436715826544,0.05104776579352851,0.291831388950033,-0.08898084965881577,-0.1339819502531367,-0.05967422408100374,-0.12488883997358574,-0.07607748184019371,-0.009071098393132292,-0.20927360774818402,-0.22056350429231786,-0.18633942328857583,-0.0638432753686991,-0.0449306625577812,0.020541492405899187,0.011160026414263703,0.21299581774158044,0.16254017169271406,-0.14908870790226722,-0.17018049746863306,-0.10266123706801673,-0.1973167510455646,0.06523002421307506,-0.2643649570768215,-0.015111160026414263,0.062110939907550074,0.20708122386088487,0.28491525423728814,0.016999779881135813,0.17425709883337,-0.006084085406119304,-0.07151441778560423,0.2214439797490645,0.27355491965661455,0.1258595641646489,0.09631300902487343,0.042289236187541275,0.1451419766674004,0.06766894122826327,0.042663438256658595
#11,0.551518820162888,1.0,0.5662359674224081,0.45081443979749064,0.0824521241470394,0.11937926480299361,0.026548536209553157,0.41544794188861983,0.5381245872771296,0.6097798811358134,0.37833370019810697,0.014182258419546555,-0.27415144177856043,-0.09569007263922519,-0.01451683909311028,0.1794475016508915,0.31409200968523004,0.32953554919656614,-0.22298481179837112,-0.0852542372881356,0.002696456086286595,-0.039181157825225625,0.01476997578692494,0.03542813119084306,0.24792648029936165,0.28075280651551837,-0.026973365617433413,0.06569887739379265,0.014957076821483601,-0.07584635703279771,-0.30223860884877835,0.022086726832489544,0.38052388289676425,0.10027955095751706,-0.24058111380145278,-0.09357032797710764,-0.12428351309707242,0.009575170592119745,0.24642526964560862,0.25469953775038523,-0.057030596522121946,0.07287255117763593,-0.3107858243451464,-0.13069777679947173,-0.11897424609289016,0.1311732335461149,-0.18208672683248955,-0.09666519920757209,-0.13156064274708343,-0.07967862645828748,0.10719568567026194,0.08039401276689412,0.10233546114902047,-0.17615232225401717,-0.040825445740699975,-0.06255558001320713,-0.07413603345806735,-0.20019370460048427,0.09600704380365398,0.028646268985252035,-0.014776579352850538,0.1098811358133392,-0.19202949592780102,-0.1307329958177416,-0.02061633281972265,0.10714285714285714,0.049165749504732556,-0.09011886418666079,0.06430772617213296,0.19446180937706362,0.30838652872551175,0.3821329517939687,-0.15645828747523663,-0.11073519700638344,-0.3060796830288356,-0.4079639005062734,-0.21078802553378825,-0.16413163108078363,-0.10004842615012106,-0.1648316090688972,-0.17789566365837553,-0.2564076601364737,-0.2539951573849879,0.1064406779661017,0.22238828967642527,0.2623222540171693,0.06069557561082985,0.08697116442879155,-0.06581994276909531,0.013270966321813779,-0.1508122386088488,-0.11517939687431213,-0.050935505172793306,0.22817741580453446,0.023242350869469512,0.2198084965881576,0.24193484481620076,0.2760774818401937,0.37685230024213073,-0.05656614571868809,0.04409641206251376,0.2977129650011006,0.05456746643187321,0.35120845256438477,0.3288685890380806,0.25329738058551615,0.040354391371340524,-0.17389170151882016,-0.017440017609509136,0.03209773277569888,0.0011952454325335682
#12,0.2952784503631961,0.5662359674224081,1.0,0.5051287695355492,-0.04180277349768875,0.18735417125247633,0.013079462909971385,0.33544794188861987,0.4271648690292758,0.5685075941008144,0.3257032797710764,-0.077673343605547,-0.24688751926040062,-0.06779220779220779,-0.10424169051287695,0.2098877393792648,0.6199911952454326,0.841683909311028,-0.27568567026194146,-0.2927360774818402,-0.2611270085846357,-0.24433414043583535,-0.030341184239489324,0.05830728593440458,0.23899625797930882,0.22764913053048647,0.1250561303103676,0.04400616332819723,-0.13525203609949374,-0.3164979088707902,-0.0015298261060972926,-0.21058331499009464,0.6042350869469514,0.2188729914153643,-0.2947237508254457,-0.28145498569227384,-0.2129738058551618,-0.12647589698437156,0.1308034338542813,0.1734140435835351,-0.3495289456306405,-0.29155183799251594,-0.3190666960158486,-0.18314329738058552,0.0398745322474136,0.16353510895883777,-0.08403257759189962,0.019771076381245874,0.047057010785824346,-0.018551617873651772,0.055038520801232664,0.1819238388729914,0.177310147479639,-0.18792207792207793,-0.24345146379044685,-0.4351463790446841,-0.1906119304424389,-0.5226986572749285,0.09950913493286374,0.17394673123486684,-0.29578472375082543,-0.12125687871450583,-0.32548095971824786,-0.24543033237948492,0.07279550957517059,0.20207131851199647,0.1175346687211094,-0.18869689632401496,0.1544023772837332,-0.06274928461369139,0.47581113801452785,0.44900286154523444,-0.27442659035879374,-0.2926722430112261,-0.5425709883337002,-0.594290116662998,-0.4230266343825666,-0.22397094430992737,-0.20898305084745764,-0.19122386088487783,-0.03522342064714946,-0.17961479198767336,-0.16961479198767335,0.1981928241250275,0.12289016068677086,0.31569007263922516,0.02183579132731675,-0.06384547655734096,-0.3344772176975567,0.05132951793968743,-0.06112480739599384,0.2594188861985472,0.2405084745762712,0.3455558001320713,0.3058397534668721,0.5040215716486903,0.5877107638124587,0.45766233766233766,0.5466233766233767,-0.08195905789126127,0.0862623816861105,0.665692273827867,0.47698657274928463,0.4755910191503412,0.4017587497248514,0.297937486242571,0.27917455425930005,-0.4818049746863306,-0.23409861325115564,-0.033981950253136696,0.040134272507153866
#13,0.5127140655954215,0.45081443979749064,0.5051287695355492,1.0,-0.08247413603345807,0.07200308166409862,-0.25390490865067133,0.2798789346246973,0.28872991415364296,0.5476183138895003,0.28704380365397314,-0.1388003521901827,-0.23532907770195904,-0.07474136033458068,-0.1689390270746203,-0.07618534008364516,0.3719656614571869,0.31202729473915913,-0.11428131190843055,-0.10053488883997358,-0.013524103015628439,-0.16161787365177196,-0.019751265683469073,0.09358793748624257,0.13774818401937047,0.2135857362976007,0.26083425049526743,0.3136979969183359,-0.17352630420427032,-0.021576051067576492,-0.060510675764913056,-0.08500770416024653,0.4337640325775919,0.08611930442438917,-0.2211930442438917,-0.19116442879154744,-0.25103015628439357,-0.10480079242791107,0.11795069337442218,0.19539731454985693,-0.018967642526964562,0.09176315210213515,-0.4248095971824785,-0.2859784283513097,-0.16316310807836232,0.13313229143737618,0.10805194805194805,0.2997710763812459,0.14670482060312567,0.14435395113361216,0.33436495707682146,0.3038564825005503,0.3278032137354171,-0.12957517059211973,-0.10769095311468192,-0.23055910191503412,0.09585956416464891,-0.16301122606207352,0.0523728813559322,0.13349548756328417,0.03745102355271847,-0.0006339423288575831,-0.05371340523882897,-0.30005723090468855,0.22948051948051948,0.14900726392251815,0.05137574290116663,-0.3084041382346467,0.06667180277349768,-0.014796390050627339,0.3389720449042483,0.24215936605767113,0.03044684129429892,-0.003728813559322034,-0.2760158485582214,-0.3289852520360995,-0.20793968743121286,-0.08578032137354172,-0.1977327756988774,-0.15617213295179397,-0.351897424609289,-0.28441778560422626,-0.17782302443319392,-0.013526304204270307,0.008470173893902708,0.14037640325775919,0.02047985912392692,0.06857142857142857,-0.015403918115782523,-0.16383887299141536,-0.2321153422848338,0.038842174774378166,-0.019900946511116003,0.31457627118644066,0.04970724191063174,0.1603764032577592,0.20936825885978427,0.18596302003081663,0.3644772176975567,0.10090468853180717,0.18484041382346467,0.36163108078362316,0.17939027074620295,0.38643847677745985,0.30640325775919,0.2619260400616333,0.1583909311027955,-0.13297820823244552,-0.03246973365617433,0.23055469953775037,0.16877613911512215
#17,0.006940347787805415,0.0824521241470394,-0.04180277349768875,-0.08247413603345807,1.0,0.5999757869249395,0.43654853620955314,0.10559101915034118,0.10922738278670482,0.14840854061193046,0.2729385868368919,0.7478010125467752,0.33131631080783625,0.6521065375302664,-0.1972573189522342,-0.24660356592559982,-0.15641206251375742,-0.12503411842394893,-0.48987233105877176,-0.17040281752146158,-0.3211798371120405,-0.2746004842615012,0.2211468192824125,0.0762425709883337,-0.4273035439137134,-0.28935064935064936,-0.3670195905789126,-0.47082764692934187,0.05097292537970504,0.33536429672022894,0.3157164869029276,0.4926106097292538,-0.08549856922738279,0.2219766674003962,0.6031476997578693,0.42645608628659476,0.44957296940347785,0.25713625357693154,-0.09639225181598063,0.06852740479859123,-0.03915694475016509,-0.00885097952894563,0.3275985031917235,0.24478318291877613,0.33617433414043585,0.49663218137794407,-0.22294739159145938,-0.3501694915254237,-0.25706361435174996,-0.23529165749504732,-0.20699757869249394,-0.3794695135373101,-0.5346621175434735,-0.5930728593440457,-0.2258793748624257,-0.21999119524543254,-0.182227602905569,0.08170372000880476,-0.1238828967642527,-0.10475456746643187,0.04386748844375963,-0.20024873431653092,0.31306405458947834,0.16109399075500772,-0.3487145058331499,-0.13428351309707243,0.4099031476997579,0.4677327756988774,-0.32578472375082546,0.04517059211974466,-0.17996257979308827,-0.2631058771736738,-0.053044243891701516,0.1727426810477658,0.1256372441118204,0.08859123926920537,-0.0908562623816861,-0.15721989874532247,0.21580893682588598,0.2338762931983271,0.44772837332159365,0.5151573849878934,0.22565045124367158,0.5792471934844816,0.5038212634822804,0.42484041382346466,0.2869733656174334,0.13007704160246533,0.062379484921857804,0.3865595421527625,0.6289170151882016,0.37455646048866387,0.3432973805855162,0.06646268985252037,0.04676865507373982,-0.4461853400836452,-0.10964780981730134,-0.28932423508694693,-0.35204710543693596,-0.4057362976007044,-0.5075985031917235,0.061644287915474355,0.3301848998459168,-0.20781421967862646,-0.16003521901826986,-0.19932423508694694,-0.2269931763152102,0.04591899625797931,-0.1076007043803654,-0.16075941008144398,-0.13048646268985253
#18,0.04213735417125248,0.11937926480299361,0.18735417125247633,0.07200308166409862,0.5999757869249395,1.0,0.6066651992075721,0.09570107858243451,0.08693594541052169,0.23153422848338104,0.393299581774158,0.6079484921857803,0.4972595201408761,0.5747985912392692,-0.24871670702179177,-0.18737838432753687,-0.08834250495267444,0.1607109839313229,-0.37733876293198326,-0.14184239489324235,-0.38455866167730574,-0.40902267224301125,0.3000088047545675,0.02096852300242131,-0.3054831609068897,-0.2503213735417125,-0.22031256878714506,-0.2878978648470174,0.19470394012766895,0.2921703720008805,0.35802553378824564,0.3534404578472375,-0.010600924499229584,0.1643583535108959,0.40923838872991414,0.1678230244331939,0.25534888839973585,0.13109619194364958,0.005507373981950253,0.1588928021131411,-0.013372220999339643,0.05049966982170372,-0.02201188641866608,0.1693682588597843,0.2810279550957517,0.5263900506273388,-0.17495487563284173,-0.2385758309487123,-0.14143957737178076,-0.1878318291877614,-0.1986814880035219,-0.17397974906449482,-0.4113185119964781,-0.42677305745102356,-0.1985296059872331,-0.2616883116883117,-0.17569887739379264,0.03449702839533348,-0.16310147479639006,0.15280651551837993,0.1588267664538851,-0.24899185560202508,0.3859916354831609,0.15632621615672462,-0.19595201408760732,0.08196566145718688,0.46557781201848997,0.36845696676205153,-0.26324675324675323,0.03708122386088488,0.05787145058331499,-0.11988553819062293,0.03474576271186441,0.1791767554479419,0.012570988333700198,-0.018602245212414704,-0.05659916354831609,-0.04152322254017169,0.495808936825886,0.43705480959718246,0.3098239049086507,0.49447281532027293,0.36491525423728816,0.31786704820603123,0.24596742240810038,0.2606911732335461,0.17571868809156946,0.11637023992956197,-0.014611490204710543,0.003066255778120185,0.36005723090468855,0.38425709883337,0.3052652432313449,0.04768655073739819,0.10550517279330839,-0.23988553819062294,0.14815540391811577,-0.3595663658375523,-0.21996478098173014,-0.43643847677745984,-0.3960818842174774,0.05343825665859564,0.3426612370680167,-0.2370658155403918,-0.1859057891261281,-0.212194585075941,-0.012599603786044465,0.07543913713405238,-0.3240479859123927,0.047591899625797934,0.12394232885758309
#26,-0.17164648910411623,0.026548536209553157,0.013079462909971385,-0.25390490865067133,0.43654853620955314,0.6066651992075721,1.0,0.0363416244772177,-0.005824345146379045,0.13406339423288577,0.20970504072198987,0.47816640986132514,0.5195201408760731,0.459405679066696,-0.11319172353070658,-0.14362315650451243,-0.17867708562623816,0.08921637684349548,-0.07583314990094651,0.03660136473695796,-0.23782302443319392,-0.38353510895883774,-0.06456086286594762,-0.08828087167070219,-0.40380585516178735,-0.28462469733656176,-0.10684129429892142,-0.23076161127008585,0.12469733656174334,0.15312128549416684,0.4392890160686771,0.3061237068016729,-0.19022892361875413,0.05156064274708343,0.29156504512436715,0.26685670261941447,0.19111820383006825,-0.039216376843495486,-0.23136253576931542,-0.14739379264802993,-0.1501915034118424,-0.08143297380585517,0.06273387629319832,0.1077591899625798,0.2193418445960819,0.12082984811798371,-0.19548316090688972,-0.1774224081003742,0.11703720008804755,-0.019872331058771737,-0.018472375082544575,-0.057783403037640325,-0.27996257979308825,-0.19296940347787805,-0.12616773057451022,-0.07121725731895223,-0.10296279991195245,-0.05775258639665419,-0.14864626898525204,0.011408760730794628,-0.025108958837772397,-0.46490865067136256,0.24470394012766894,0.2601915034118424,-0.07475236627779,0.1666387849438697,0.2589786484701739,0.45467092229804096,-0.25681928241250274,0.05715826546335021,-0.09124147039401277,-0.13480959718247854,-0.17946731234866828,-0.03539511336121506,-0.0413977547875853,-0.01036979969183359,-0.14429672022892362,-0.023196125907990316,0.3249966982170372,0.32320713185119965,0.47732115342284837,0.4271516618974246,0.4125291657495047,0.3112854941668501,0.1324983491085186,0.1072176975566806,0.0924983491085186,-0.26258639665419325,-0.09784063394232886,-0.0984635703279771,0.3362909971384548,0.38422187981510014,0.28569667620515077,0.0625445740699978,0.1234404578472375,-0.21303103675985033,-0.06651551837992516,-0.35291657495047324,-0.19272066916134714,-0.296847897864847,-0.24576491305304865,-0.12323574730354392,0.291419766674004,-0.3432621615672463,-0.331584855822144,-0.2877569887739379,0.06444860224521241,-0.060151882016288793,-0.4019590578912613,-0.08164869029275809,0.003790446841294299
#49,0.6184085406119304,0.41544794188861983,0.33544794188861987,0.2798789346246973,0.10559101915034118,0.09570107858243451,0.0363416244772177,1.0,0.7259960378604446,0.4810367598503192,0.42988333700198106,0.19113801452784504,-0.235148580233326,0.21127668941228264,-0.027908870790226723,0.05417345366497909,0.27316530926700416,0.1724851419766674,-0.1924455205811138,-0.21853400836451684,0.08211534228483382,-0.1097226502311248,0.06526304204270306,-0.01673563724411182,0.033409641206251374,0.056227162667840634,-0.07583535108958837,-0.05779440898084966,0.0004182258419546555,-0.003581333920316971,-0.17116222760290556,0.10896984371560643,0.2613427250715386,0.01833149900946511,-0.23736737838432753,-0.14921857803213737,-0.02552058111380145,-0.13739159145938806,0.0689390270746203,0.0961831388950033,0.038170812238608846,0.06942989214175654,-0.27464891041162226,-0.14460928901606868,-0.07113801452784503,0.1677525863966542,-0.06288135593220338,-0.1475214615892582,-0.06265463350209113,-0.14743121285494168,-0.04797270526084085,-0.09821483601144618,0.0004754567466431873,-0.11842174774378164,0.0922738278670482,-0.1441272287034999,0.0665727492846137,-0.1687937486242571,-0.07313449262601805,-0.13675324675324677,0.031915034118423946,0.07069557561082984,-0.060099053488883995,-0.1637178076161127,-0.12268985252036099,-0.09282412502751486,0.24087387189082105,-0.18915914593880695,0.1790843055249835,0.10395773717807616,0.3181091789566366,0.21173673783843275,0.14472815320272947,0.14043803653973144,0.017037200088047547,-0.08154963680387409,0.019163548316090687,-0.007087827426810477,-0.21305965221219458,-0.2420493066255778,-0.0986946951353731,-0.28172573189522343,-0.35423288575830947,0.30853841074180055,0.2570922298040942,0.2588663878494387,-0.09165089148139996,0.1483116883116883,-0.02212194585075941,0.09371560642747083,0.014400176095091349,-6.823684789786485e-05,-0.0901386748844376,-0.028120184899845916,-0.065445740699978,0.024204270305965222,0.09492626018049746,0.1962557781201849,0.08329517939687431,-0.13086726832489545,-0.10241470394012767,0.2391041162227603,0.16877613911512215,0.3561038961038961,0.356748844375963,0.22459388069557562,-0.023808056350429232,-0.06377283733215937,0.12664979088707903,-0.11163768434954875,-0.22919656614571868
#50,0.43965221219458506,0.5381245872771296,0.4271648690292758,0.28872991415364296,0.10922738278670482,0.08693594541052169,-0.005824345146379045,0.7259960378604446,1.0,0.5756834690732996,0.32664758969843716,0.2517719568567026,-0.27958837772397094,0.22912612810917896,-0.07191503411842395,0.054254897644728156,0.3839357252916575,0.2804160246533128,-0.3375808936825886,-0.30709222980409423,-0.07549196566145719,-0.21359013867488444,0.09195685670261941,-0.019768875192604007,0.07131410961919436,0.07391371340523883,-0.1446599163548316,-0.152656834690733,-0.12833370019810697,-0.16277349768875193,-0.22928901606867708,0.04518820162887959,0.35609509134932865,0.04760510675764913,-0.16759850319172354,-0.1631829187761391,-0.020244331939247195,-0.12092670041822584,0.07295399515738499,0.04551177635923399,-0.06990975126568347,-0.06772617213295179,-0.3058617653532908,-0.19921857803213736,-0.07701959057891261,0.2187211093990755,-0.07927140655954215,-0.24550517279330838,-0.1089918556020251,-0.20751045564604886,-0.15727933083865286,-0.0801848998459168,-0.02565925599823905,-0.15838872991415365,-0.042042703059652214,-0.19093110279550957,-0.0026172132951793967,-0.19949592780101255,-0.06327096632181378,-0.1296764252696456,-0.030761611270085847,0.13227602905569008,-0.09975566806075281,-0.12345806735637244,-0.20784063394232885,-0.08718247853841074,0.25055690072639225,-0.03871010345586617,0.08283513097072419,0.05271406559542153,0.3573959938366718,0.2577349768875193,0.1440281752146159,0.15494166850099053,-0.07193924719348448,-0.07922518159806295,-0.05182258419546555,0.024681928241250276,-0.14652212194585076,-0.2865991635483161,-0.014122826326216156,-0.2015628439357253,-0.30819062293638566,0.3178296279991195,0.3169667620515078,0.3323794849218578,0.04018269865727493,0.15780101254677525,-0.10861765353290777,0.30170812238608846,0.013132291437376183,0.0813317191283293,-0.012421307506053268,0.007904468412942988,0.03160906889720449,0.06282412502751486,0.22761171032357472,0.21171692714065596,0.0638895003301783,-0.1,-0.19306625577812017,0.40395113361215057,0.2689588377723971,0.4146599163548316,0.3635329077701959,0.2386154523442659,0.009927360774818402,-0.12834690732995818,0.10781421967862646,-0.04433193924719348,-0.16935285053929122
#51,0.4826040061633282,0.6097798811358134,0.5685075941008144,0.5476183138895003,0.14840854061193046,0.23153422848338104,0.13406339423288577,0.4810367598503192,0.5756834690732996,1.0,0.558646268985252,0.16316971164428792,-0.18475896984371562,0.13318071758749725,-0.022529165749504733,0.009557561082984813,0.5663438256658596,0.40966762051507816,-0.21813779440898085,-0.37305965221219456,-0.039165749504732554,-0.2303609949372661,0.07454105216817081,-0.05906229363856483,0.2604798591239269,0.12988994056790668,0.1298481179837112,0.06724191063174113,-0.010349988994056791,-0.06829407880255338,-0.07720449042482941,0.07736297600704381,0.453020030816641,0.07301782962799912,-0.2259652212194585,-0.202128549416685,-0.14839313229143739,-0.1883865287255118,0.21943429451904028,0.22525643847677745,-0.005421527624917455,0.04042703059652212,-0.433629760070438,-0.3663460268545014,-0.12558661677305746,0.1600462249614792,-0.0513053048646269,0.011626678406339424,0.04295179396874312,-0.024600484261501212,0.1356174334140436,0.19484041382346468,0.2762161567246313,-0.11402377283733216,0.03373321593660577,-0.14705701078582434,0.015535989434294519,-0.34924719348448163,-0.09119744662117543,0.007666740039621396,-0.061547435615232224,-0.09551617873651772,-0.1418445960818842,-0.11680167290336782,0.06133612150561303,0.09461149020471055,0.11386748844375963,-0.10232225401716927,-0.03497908870790227,-0.07581554039181158,0.4053202729473916,0.3698855381906229,0.008162007484041382,0.07797050407219899,-0.30273167510455645,-0.32810257539071097,-0.22836671802773498,-0.18803874092009684,-0.031093990755007704,-0.2457935285053929,-0.15526304204270305,-0.24900286154523443,-0.30923398635263044,0.2548954435395113,0.2371978868589038,0.17286374642306845,-0.16658815760510676,0.029716046665199208,-0.07044904248294079,0.067376183138895,-0.021234866828087166,0.021578252256218358,0.035883777239709445,0.1101386748844376,-0.15366277790006602,0.31698437156064274,0.1886286594761171,0.2885428131190843,0.3791107197886859,0.028331499009465112,0.1344155844155844,0.4441338322694255,0.28909971384547656,0.4111402157164869,0.44717367378384326,0.3427933083865287,0.21417125247633723,-0.2894871230464451,-0.04933744221879815,-0.107310147479639,-0.08079903147699757
#52,0.34766894122826325,0.37833370019810697,0.3257032797710764,0.28704380365397314,0.2729385868368919,0.393299581774158,0.20970504072198987,0.42988333700198106,0.32664758969843716,0.558646268985252,1.0,0.2160114461809377,-0.06151221659696236,0.3711138014527845,0.2884591679506934,0.18552938586836892,0.004624697336561743,0.2358265463350209,-0.16937486242570987,-0.16027294739159145,-0.046759850319172354,-0.0911138014527845,0.4188179616993176,0.22863746423068457,0.08516398855381906,0.0787739379264803,-0.19631080783623156,-0.14864626898525204,0.040774818401937044,0.023119084305524982,-0.2188135593220339,0.19047105436935946,0.2876095091349329,0.2517213295179397,-0.11166409861325116,-0.023603345806735638,0.20668941228263263,0.33298481179837114,0.20290777019590578,0.30987012987012985,-0.04158265463350209,0.09174994497028395,-0.26453004622496146,0.032793308386528726,0.12377944089808497,0.46008804754567467,-0.279306625577812,-0.1749768875192604,-0.21219238388729914,-0.20222540171692713,-0.04874532247413604,-0.08953775038520802,-0.18120845256438478,-0.2720537090028615,0.030587717367378385,-0.09540832049306626,-0.21345806735637243,-0.008349108518600044,-0.12950913493286376,0.07871010345586617,0.05222099933964341,-0.10817741580453445,0.21784283513097072,0.11695135373101474,-0.2481752146158926,0.08381906229363857,0.36800132071318514,0.060248734316530925,0.1172507153863086,0.2980321373541713,0.2301452784503632,0.2813251155624037,-0.0011424169051287695,-0.01911732335461149,-0.06921197446621176,-0.2560774818401937,-0.2742923178516399,-0.369240589918556,0.21294298921417565,0.14204050187101033,-0.1622011886418666,-0.13696235967422407,-0.20809156944750165,0.2715100154083205,0.39153863086066476,0.12806295399515738,-0.1965463350209113,0.15314990094651112,-0.289636803874092,-0.0016574950473255557,0.12714946070878275,0.04664758969843716,0.026634382566585957,0.010935505172793309,-0.0826700418225842,-0.06489324235086948,0.23681928241250275,-0.06933744221879815,0.03298040942108739,-0.2858221439577372,-0.1929275808936826,0.15846357032797712,0.16084085406119306,0.15386088487783403,0.2854633502091129,0.24205370900286155,-0.0985560202509355,-0.16535108958837771,-0.20835351089588378,-0.16688531807175874,-0.21300902487343165
#53,-0.0021065375302663438,0.014182258419546555,-0.077673343605547,-0.1388003521901827,0.7478010125467752,0.6079484921857803,0.47816640986132514,0.19113801452784504,0.2517719568567026,0.16316971164428792,0.2160114461809377,1.0,0.5419502531366938,0.6443297380585516,-0.1512722870349989,-0.34411842394893244,-0.042630420427030594,-0.1787805414924059,-0.42998899405679064,-0.2003609949372661,-0.17018710103455867,-0.44900946511116,0.16527184679727053,-0.12570548095971826,-0.3949020471054369,-0.42271846797270524,-0.2995311468192824,-0.3951287695355492,0.2678494386968963,0.3771516618974246,0.24897644728153204,0.3879396874312129,-0.2457627118644068,-0.06700638344706142,0.44296940347787805,0.3224653312788906,0.34672683248954433,0.0374818401937046,-0.082590799031477,-0.05661237068016729,0.11552718467972706,0.13170592119744662,0.21377503852080124,-0.009205370900286154,0.24939027074620296,0.38214615892581993,-0.2316618974246093,-0.3182808716707022,-0.22440017609509136,-0.26522562183579135,-0.1746797270526084,-0.24055910191503413,-0.36482940788025536,-0.48859344045784725,-0.08142857142857143,-0.2215826546335021,-0.011127008584635703,-0.007277129650011006,-0.16509134932863748,-0.08933744221879815,0.18439137134052389,-0.13380805635042922,0.328877393792648,0.171963460268545,-0.26206911732335464,-0.10903147699757869,0.4249768875192604,0.49824345146379045,-0.2653180717587497,0.02933744221879815,-0.10888399735857363,-0.14163768434954876,0.10075720889280211,0.2895333480079243,0.16053268765133172,0.16390050627338762,0.018467972705260842,-0.029009465111160027,0.2751397754787585,0.18423068456966762,0.5189566365837552,0.5790050627338763,0.31789346246973366,0.3998503191723531,0.3148734316530927,0.2919700638344706,0.17134052388289678,0.15032577591899626,0.1625115562403698,0.34358353510895884,0.516370239929562,0.2760488663878494,0.1792295839753467,-0.09378824565265244,-0.06076821483601145,-0.34944089808496587,-0.18392031697116443,-0.37809156944750166,-0.3577922077922078,-0.37550517279330836,-0.43422848338102576,-0.030294959278010125,0.22168831168831168,-0.21215496368038742,-0.23509795289456306,-0.3451948051948052,-0.16146158925819942,0.22583094871230464,0.044312128549416685,-0.10213075060532688,-0.11101474796390051
#54,-0.12274928461369139,-0.27415144177856043,-0.24688751926040062,-0.23532907770195904,0.33131631080783625,0.4972595201408761,0.5195201408760731,-0.235148580233326,-0.27958837772397094,-0.18475896984371562,-0.06151221659696236,0.5419502531366938,1.0,0.29297600704380367,-0.17590358793748626,-0.3587849438696896,-0.24160466651992077,-0.16066916134712744,0.19550077041602465,0.17219458507594101,0.03480959718247854,-0.21282412502751485,-0.139867928681488,-0.097739379264803,-0.3025775918996258,-0.35497248514197666,0.05325115562403698,-0.04714065595421527,0.46531146819282415,0.44158485582214396,0.5139951573849879,0.2388267664538851,-0.576205150781422,-0.13600924499229583,0.36560422628219236,0.258597842835131,0.05859123926920537,-0.19313889500330178,-0.30261941448382124,-0.24716707021791767,0.0913779440898085,0.11448162007484042,0.30447941888619856,0.12225841954655514,0.064686330618534,0.007574290116662998,-0.02863086066475897,-0.003070658155403918,0.04848778340303764,0.09547435615232225,0.04889720449042483,0.08794629099713845,-0.105148580233326,-0.008778340303764032,0.06843715606427471,-0.00821483601144618,0.14365177195685672,0.030581113801452786,-0.2860928901606868,-0.10970063834470614,0.062172573189522344,-0.48718688091569445,0.3728065155183799,0.2937001981069778,0.22112260620735197,0.18433414043583535,0.07819942769095312,0.4832489544353951,-0.3490843055249835,-0.11014968082764692,-0.34618534008364515,-0.1983579132731675,0.03648250055029716,0.23548316090688973,0.13470173893902707,0.16298040942108738,0.016207351970063833,0.0029407880255337884,0.42354611490204713,0.5273695795729694,0.5701166629980189,0.7525952014087607,0.8062249614791988,-0.14939907550077042,-0.3575544794188862,-0.2042526964560863,0.02419986792868149,-0.08303543913713406,0.2202113141096192,-0.242260620735197,0.35054589478318293,0.18349768875192604,0.11687651331719129,-0.10064714946070878,-0.044336341624477214,-0.2815562403697997,-0.155544794188862,-0.563332599603786,-0.2996632181377944,-0.26383887299141534,-0.15219018269865728,-0.4174818401937046,0.05664318732115342,-0.6530310367598503,-0.6846709222980409,-0.6987255117763592,0.1424455205811138,0.25312568787145057,-0.2908980849658816,0.026700418225841956,0.08593440457847237
#58,0.022670041822584197,-0.09569007263922519,-0.06779220779220779,-0.07474136033458068,0.6521065375302664,0.5747985912392692,0.459405679066696,0.21127668941228264,0.22912612810917896,0.13318071758749725,0.3711138014527845,0.6443297380585516,0.29297600704380367,1.0,-0.05337442218798151,-0.19876513317191283,-0.1384437596302003,-0.04928681488003522,-0.2311336121505613,-0.06030156284393572,-0.31899405679066695,-0.36398415144177854,0.32735857362976006,0.03522342064714946,-0.3988972044904248,-0.31359454105216816,-0.2767180277349769,-0.3213471274488224,-0.030779220779220778,0.20906229363856482,0.2644419986792868,0.5103191723530707,-0.08166409861325115,0.11447281532027295,0.399471714725952,0.3619040281752146,0.4472903367818622,0.25593660576711424,-0.24079903147699758,-0.10235307065815541,-0.03569667620515078,0.027063614351749945,0.14545454545454545,0.2260312568787145,0.19935505172793308,0.381171032357473,-0.05938806955756108,-0.26598062953995155,-0.13556020250935505,-0.2514461809377064,-0.22075720889280212,-0.33897644728153203,-0.4984701738939027,-0.39161127008584634,-0.22559982390490865,-0.13471494607087828,-0.10793968743121285,0.15611930442438918,-0.28039401276689413,-0.18491525423728813,0.22973365617433414,-0.06491525423728814,0.5056812678846577,0.22729253797050408,-0.19334360554699537,0.11213735417125248,0.6599977988113581,0.36817301342725073,0.04620074840413824,0.2192890160686771,0.13775698877393794,-0.08333480079242792,0.18582874752366277,0.38234426590358794,0.2918600044023773,0.2759498128989654,0.05520581113801453,-0.018230244331939247,0.3087827426810478,0.2800968523002421,0.3584591679506934,0.35331278890600926,0.17404578472375082,0.6169183359013868,0.4494078802553379,0.2949658815760511,0.2220096852300242,0.015967422408100375,-0.15357693154303323,0.1791173233546115,0.42621395553598945,0.3468368919216377,0.17535329077701958,-0.07778780541492405,-0.0936583755227823,-0.3569689632401497,-0.1365001100594321,-0.3315958617653533,-0.4010631741140216,-0.32857362976007043,-0.4448051948051948,-0.017409200968523,0.37006823684789786,-0.21716707021791767,-0.08467312348668281,-0.13433634162447722,-0.2167180277349769,0.2104754567466432,-0.04834250495267444,0.020268545014307728,-0.08136253576931543
#101,-0.1839687431212855,-0.01451683909311028,-0.10424169051287695,-0.1689390270746203,-0.1972573189522342,-0.24871670702179177,-0.11319172353070658,-0.027908870790226723,-0.07191503411842395,-0.022529165749504733,0.2884591679506934,-0.1512722870349989,-0.17590358793748626,-0.05337442218798151,1.0,0.5005414924058992,0.02733436055469954,0.017334360554699536,0.2827845036319613,-0.07437596302003081,0.22826766453885097,0.030735197006383448,0.36462689852520364,0.07375963020030817,0.3246224961479199,0.06134272507153863,-0.38744001760950914,-0.3029804094210874,0.20272727272727273,-0.07436935945410522,-0.31309707241910634,0.04639885538190623,0.04307065815540392,0.13106537530266343,-0.2295575610829848,0.20043143297380586,0.28526964560862866,0.4256042262821924,0.04809817301342725,-0.13560862865947612,0.024318732115342283,-0.01925379705040722,0.05923838872991415,0.11205150781421967,-0.0661369139335241,-0.11532687651331719,-0.4023156504512437,-0.3208122386088488,-0.3854853620955316,-0.31766233766233765,-0.17882896764252695,-0.25586396654193266,-0.17098613251155623,0.09254237288135593,0.05987012987012987,0.09381245872771296,-0.1686154523442659,-0.040158485582214395,0.07584415584415584,-0.10182038300682368,0.16710323574730354,0.24966762051507815,0.1235197006383447,0.2075280651551838,-0.2909553158705701,-0.2105392912172573,0.03635263042042703,0.005588817961699318,0.571996478098173,0.4359674224081004,0.14461589258199428,0.3107197886858904,0.18632621615672462,-0.10061853400836451,0.13093330398415143,-0.03279771076381246,0.06255558001320713,-0.1516156724631301,0.2109949372661237,0.0641140215716487,-0.26908430552498347,-0.28117103235747304,-0.2043451463790447,-0.09657495047325555,0.009502531366938146,-0.032639225181598064,-0.09740479859123927,-0.1478120184899846,-0.33453444860224524,-0.20998239049086506,-0.1676469293418446,-0.24651771956856702,-0.09319172353070658,-0.020303764032577592,0.013992956196346027,0.25578912612810917,-0.09664538850979529,0.006108298481179837,0.10016068677085627,-0.041274488223640764,0.04349108518600044,-0.13341844596081884,-0.11848778340303764,0.013596742240810037,0.26637904468412943,0.21491085186000441,-0.09792207792207792,-0.03451683909311028,0.023224741360334582,-0.03325115562403698,-0.15318511996478099
#102,0.03489544353951134,0.1794475016508915,0.2098877393792648,-0.07618534008364516,-0.24660356592559982,-0.18737838432753687,-0.14362315650451243,0.05417345366497909,0.054254897644728156,0.009557561082984813,0.18552938586836892,-0.34411842394893244,-0.3587849438696896,-0.19876513317191283,0.5005414924058992,1.0,0.09264582874752367,0.2972044904248294,0.005555800132071319,0.11150781421967863,-0.2168170812238609,0.39673343605546996,0.12945630640545894,0.4309883337001981,0.17819282412502752,0.41022672243011227,-0.19462249614791988,-0.11754347347567687,-0.17465111160026414,-0.2364935064935065,-0.2243913713405239,-0.12738058551617873,0.2834668721109399,0.1798811358133392,-0.3365089148139996,-0.11199207572088928,-0.09055029716046666,0.3622980409421087,0.03222760290556901,0.006057671142416905,-0.19049746863306186,-0.10852300242130751,-0.12018710103455867,0.17969843715606426,-0.09370680167290336,0.1036649790887079,-0.07157605106757649,-0.12796830288355712,-0.24487563284173453,-0.1266585956416465,-0.1249636803874092,-0.0937640325775919,-0.09809377063614352,0.05399955976227162,-0.3340545894783183,-0.02769535549196566,-0.4579925159586177,-0.004439797490644948,0.32505172793308384,0.05317191283292978,0.12980409421087388,0.22941448382126348,0.0753731014747964,0.34478978648470177,-0.20712744882236409,-0.042289236187541275,0.10890380805635043,-0.1574950473255558,0.5704644508034339,0.5542130750605326,0.3517851639885538,0.3459454105216817,0.058622055910191505,-0.21604666519920757,-0.07664979088707902,-0.11528065155183799,0.09650231124807396,-0.1305216817081224,0.05326656394453005,0.28151221659696235,-0.3213317191283293,-0.41264582874752365,-0.328267664538851,-0.054078802553378824,0.08975126568346907,0.0710279550957517,0.03296940347787805,-0.2508298481179837,-0.21648690292758088,-0.04296500110059432,-0.26637684349548757,-0.09511336121505613,-0.10126128109178957,0.1314703940127669,0.13676205150781423,0.26786044464010567,0.38799251595861767,0.29329958177415805,0.2480871670702179,0.18886418666079682,0.14600484261501212,0.05114461809377063,-0.03631741140215716,0.19606867708562623,0.3659278010125468,0.4098547215496368,0.08328197226502311,-0.06241690512876954,-0.14144838212634822,0.08597402597402598,-0.07724191063174114
#201,0.17913933524103015,0.31409200968523004,0.6199911952454326,0.3719656614571869,-0.15641206251375742,-0.08834250495267444,-0.17867708562623816,0.27316530926700416,0.3839357252916575,0.5663438256658596,0.004624697336561743,-0.042630420427030594,-0.24160466651992077,-0.1384437596302003,0.02733436055469954,0.09264582874752367,1.0,0.5943495487563284,-0.18203169711644288,-0.4817609509134933,-0.05559762271626678,-0.32435835351089587,-0.1743517499449703,-0.3478274268104777,0.34676645388509797,-0.04315870570107858,0.1765133171912833,0.01693594541052168,0.0498283072859344,-0.2090777019590579,0.046110499669821704,-0.17477437816420868,0.43029936165529387,-0.13194805194805195,-0.2875941008144398,-0.2635857362976007,-0.28174334140435836,-0.4118511996478098,0.10758969843715606,-0.012438917015188202,-0.037233105877173676,-0.21075500770416025,-0.22824565265243232,-0.43255558001320715,-0.17795949812898965,-0.08238168611049967,-0.017732775698877393,-0.009916354831609069,0.12476997578692493,0.059984591679506934,0.09816200748404139,0.202128549416685,0.4364076601364737,-0.03948492185780322,-0.04330398415144178,-0.35422408100374203,0.10344265903587938,-0.580411622276029,0.05257539071098393,-0.048822364076601364,-0.24382786704820603,-0.025914593880695575,-0.4355558001320713,-0.28917235307065814,0.16558881796169933,0.009834910851860005,-0.12451683909311027,-0.28536869909751267,0.17303103675985032,-0.24106537530266345,0.4111820383006824,0.39772837332159366,0.004492626018049747,-0.09413603345806736,-0.3446995377503852,-0.3222342064714946,-0.1151023552718468,0.06902487343165309,-0.23134052388289678,-0.4900374202069117,-0.05866607968302884,-0.2598591239269205,-0.274058991855602,0.10058111380145278,-0.006801672903367819,0.1510081443979749,-0.1418666079683029,-0.013255558001320713,-0.04453224741360334,0.10268104776579352,-0.11585736297600704,0.06262161567246313,0.17699977988113583,0.15987012987012986,0.022419106317411404,0.7061523222540171,0.14730574510235528,0.5618445960818842,0.4818666079683029,0.18819062293638564,0.29049526744442,0.5963020030816641,0.35633281972265024,0.47388069557561086,0.45308386528725514,0.26801232665639446,0.2886484701738939,-0.33313229143737616,0.061930442438917016,-0.007904468412942988,-0.024712744882236407
