,#10,#11,#12,#13,#17,#18,#26,#49,#50,#51,#52,#53,#54,#58,#101,#102,#201,#202,#301,#302,#401,#402,#501,#502,#601,#602,#701,#702,#801,#802,#901,#902,#1001,#1002,#1101,#1102,#1201,#1202,#1301,#1302,#1401,#1402,#1501,#1502,#1601,#1602,#1701,#1702,#1801,#1802,#1901,#1902,#2001,#2002,#2101,#2102,#2201,#2202,#2301,#2302,#2401,#2402,#2501,#2502,#2601,#2602,#2701,#2702,#2801,#2802,#2901,#2902,#3001,#3002,#3101,#3102,#3201,#3202,#3301,#3302,#3401,#3402,#3455,#3501,#3502,#3601,#3602,#3701,#3702,#3801,#3802,#3901,#3902,#4001,#4002,#4101,#4102,#4201,#4202,#4301,#4302,#4401,#4402,#4501,#4502,#4601,#4602,#4701,#4702,#4801,#4802
#10,1.0,0.3837398195025314,0.48304204270305967,0.5461567246313009,-0.11416685009905349,-0.0022892361875412725,-0.04098833370019811,0.5328703499889941,0.22403918115782523,0.37226282192383886,0.22348007924279112,-0.12074400176095092,-0.08668500990534889,0.024307726172132952,0.007343165309267004,0.17230464450803434,0.3425665859564165,0.4657076821483601,0.04211534228483381,0.1050363196125908,-0.04259520140876073,0.00031476997578692496,0.24106537530266345,0.06477437816420867,0.29876953554919655,0.0036583755227823024,0.3229672022892362,0.17303323794849218,-0.07544574069997799,-0.36881135813339205,0.36200088047545675,-0.3202443319392472,0.2372903367818622,-0.31168390931102796,-0.3664736957957297,-0.22545454545454546,-0.22631741140215716,-0.36931102795509574,-0.14575390710983932,-0.13741360334580674,-0.3744375963020031,-0.23838432753686992,-0.31466431873211537,-0.31556240369799693,-0.2909597182478538,-0.16440017609509136,-0.10530266343825666,-0.23279991195245434,-0.09309487123046445,0.265511776359234,-0.32374642306845697,0.16100154083204932,0.024891041162227602,0.3285163988553819,0.2538300682368479,0.08887519260400617,-0.13557120845256437,-0.051228263262161566,0.05830728593440458,0.16300682368478978,-0.09839093110279551,-0.11446401056570549,-0.31016729033678186,0.03375522782302443,0.4471428571428571,0.14171252476337223,-0.0064384767774598286,0.13038080563504292,0.18418225841954655,0.2027492846136914,0.5113625357693155,0.46213735417125246,-0.062430112260620736,0.24145498569227383,-0.12514637904468412,0.018399735857362976,-0.34489544353951135,-0.17380805635042923,-0.013962139555359894,-0.007285934404578472,-0.06991855602025093,-0.3797754787585296,0.021177635923398636,0.1016024653312789,-0.2357737178076161,-0.058639665419326435,0.061173233546114904,-0.11715166189742461,-0.18591019150341184,0.006836891921637684,-0.34284393572529165,-0.10203389830508475,-0.17979088707902266,0.01813119084305525,-0.2411864406779661,0.28271186440677964,0.2882522562183579,0.21673783843275368,0.2888003521901827,-0.19173013427250715,0.006088487783403038,0.43311468192824126,0.18158485582214395,0.34727052608408543,0.3086814880035219,0.2548954435395113,0.1685097952894563,-0.13582434514637903,0.12794188861985473,-0.11040281752146158,-0.09254237288135593
#11,0.3837398195025314,1.0,0.37787365177195686,0.4953885097952895,0.0016178736517719569,0.08362315650451244,0.42269425489764473,0.573416244772177,0.6173299581774158,0.6547479639005063,0.30451904028175214,0.15052608408540613,0.005839753466872111,0.14563064054589478,-0.0424785384107418,0.05070658155403918,0.3781708122386088,0.1308562623816861,-0.0473695795729694,-0.10972044904248295,0.013299581774158045,-0.19617873651771958,0.1683447061413163,-0.05687431212854942,0.37660356592559985,-0.021941448382126347,-0.022760290556900726,0.08101254677525864,-0.15446621175434735,-0.212722870349989,0.09510015408320494,-0.01150561303103676,0.01515298261060973,-0.12749064494827206,-0.06070658155403918,-0.05185780321373542,0.03528285274047986,-0.20769095311468194,-0.05694034778780541,-0.37497468633061853,-0.16749944970283953,-0.2627492846136914,-0.2554039181157825,-0.36891701518820164,-0.011545234426590358,0.08830948712304644,-0.19994276909531147,-0.17439357252916574,-0.1255756108298481,-0.00863746423068457,-0.16314329738058553,-0.1868412942989214,-0.13579132731675106,-0.321038961038961,-0.019438696896324013,-0.4019216376843496,-0.3500066035659256,-0.48857362976007046,0.1702245212414704,-0.21092449922958398,0.04960598723310588,-0.08468192824125027,0.11713845476557341,0.042060312568787145,0.35741360334580674,-0.010176095091349329,0.09792868148800352,0.2547457627118644,0.2662359674224081,0.31391151221659697,0.22211534228483382,0.19026634382566585,-0.07488883997358574,-0.0798745322474136,-0.23487563284173454,-0.33015408320493067,-0.1177129650011006,-0.2012656834690733,-0.24645828747523663,0.06355051727933084,-0.07708782742681047,-0.17592339863526305,-0.14520581113801453,0.2468170812238609,-0.07320713185119965,0.2849966982170372,-0.03680167290336782,-0.06905569007263923,-0.14821703720008805,-0.14905348888399736,-0.062172573189522344,-0.05511996478098173,0.11191283292978209,0.12564604886638786,0.13005062733876294,0.2680013207131851,0.20488223640766012,-0.055531587057010785,-0.0377327756988774,-0.14560422628219238,-0.11558221439577372,0.0972903367818622,0.1345740699977988,-0.1572507153863086,0.006447281532027295,-0.21394893242350868,-0.027444419986792867,0.006493506493506494,-0.25723530706581554,-0.024241690512876952,-0.02534668721109399
#12,0.48304204270305967,0.37787365177195686,1.0,0.576832489544354,-0.05691173233546115,0.38186880915694477,0.3413757429011666,0.4309289016068677,0.24772617213295178,0.43239049086506715,0.36128989654413385,-0.08320052828527405,0.1694012766894123,0.17854061193044243,0.1113581333920317,0.1908562623816861,0.7982236407660136,0.736040061633282,-0.12794188861985473,-0.21513317191283293,-0.08261941448382126,-0.21468853180717587,-0.013695795729694035,-0.4562029495927801,0.2680475456746643,-0.08573849878934625,0.4545938806955756,0.39646268985252037,-0.16749724851419767,-0.2617125247633722,0.48879154743561526,-0.03604666519920757,0.4405172793308387,-0.2587739379264803,-0.33677966101694917,-0.2933546114902047,-0.11438256658595641,-0.36869249394673126,-0.28468853180717585,-0.3490490865067136,-0.26656174334140437,-0.529966982170372,-0.3329253797050407,-0.3765463350209113,-0.13248954435395113,-0.27146379044684127,0.033995157384987894,-0.01227823024433194,-0.044508034338542814,0.24115782522562185,-0.30071318511996475,0.14454765573409642,0.13628879594981289,0.0834800792427911,0.3269667620515078,-0.1792956196346027,-0.2365727492846137,-0.43997798811358135,0.172128549416685,-0.11836011446180937,-0.32201408760730793,-0.3332159366057671,-0.33935505172793307,0.1464142637023993,0.6536979969183359,0.2317279330838653,-0.05609949372661237,0.2251882016288796,0.12940347787805415,0.10021571648690293,0.4516156724631301,0.40539731454985695,-0.0760510675764913,-0.07656394453004622,-0.39720889280211313,-0.25420206911732335,-0.4610345586616773,-0.3425996037860445,-0.10508034338542813,-0.14867268324895444,-0.06456306405458948,-0.3162029495927801,0.09267004182258419,0.1422077922077922,-0.32973805855161786,0.0758529605987233,-0.07604666519920757,-0.021446180937706363,-0.26289016068677085,-0.09098833370019811,-0.37307726172132955,-0.19148139995597624,-0.16190182698657274,0.30039401276689415,-0.0025247633722209994,0.5873805855161788,0.2616486902927581,0.5815628439357253,0.5841514417785604,-0.2574642306845697,0.1314241690512877,0.7201672903367818,0.3385692273827867,0.4230926700418226,0.3389918556020251,0.36786924939467314,0.362755888179617,-0.43908870790226723,-0.17285053929121727,-0.17686990975126568,-0.15114241690512878
#13,0.5461567246313009,0.4953885097952895,0.576832489544354,1.0,0.2085956416464891,0.42129429892141756,0.2724939467312349,0.3993022232005283,0.329933964340744,0.5989390270746203,0.49183579132731675,0.25725511776359233,0.15813339203169713,0.18115782522562185,-0.08469073299581774,-0.2455513977547876,0.5215738498789346,0.2699867928681488,-0.07269425489764472,-0.237640325775919,-0.14451904028175214,-0.31570548095971823,0.07482500550297161,-0.0789654413383227,0.2795003301782963,0.1761104996698217,0.24370019810697777,0.35622716266784066,0.0675478758529606,0.07666740039621396,0.19924499229583975,0.2435593220338983,0.19463130090248734,0.046938146599163545,0.1063680387409201,0.2551463790446841,0.18258199427690952,-0.014052388289676426,0.07930222320052828,-0.2413515298261061,-0.15226942548976447,-0.057404798591239266,-0.07341624477217698,-0.18075500770416025,-0.07533788245652652,-0.13963460268545014,0.038855381906229364,-0.07604006163328197,-0.011157825225621835,-0.11316751045564605,-0.2130002201188642,-0.06289016068677086,0.03273387629319833,0.0737244111820383,0.1458529605987233,-0.029075500770416023,-0.24540391811578252,-0.2775148580233326,0.05902707462029496,-0.29389170151882016,-0.0474884437596302,-0.1306735637244112,-0.11812018489984592,-0.14259520140876072,0.5469733656174334,0.1538168611049967,0.10693594541052168,0.09666740039621395,-0.0847919876733436,-0.13354831609068898,0.12713185119964782,0.07968743121285495,-0.15023772837332158,-0.03187541272287035,-0.15792868148800351,-0.2345938806955756,-0.13520581113801453,-0.07260620735197007,-0.2063284173453665,-0.08734756768655073,0.016414263702399297,-0.14154083204930662,-0.031386748844375964,0.22854501430772617,-0.11240149680827646,0.13519920757208892,-0.013786044464010565,-0.12095091349328638,-0.06374642306845697,-0.0398217037200088,-0.16705040721989875,-0.05301342725071539,-0.08723310587717367,0.1547721769755668,-0.14960158485582215,0.26085186000440236,0.1293418445960819,0.19527404798591239,0.2112590799031477,-0.1651419766674004,0.16741360334580674,0.35431873211534226,0.4159366057671142,0.2206185340083645,0.0804160246533128,0.11979308826766454,0.23626018049746864,-0.0864010565705481,-0.12103455866167731,0.03877834030376403,0.11183138895003301
#17,-0.11416685009905349,0.0016178736517719569,-0.05691173233546115,0.2085956416464891,1.0,0.3629143737618314,0.1162293638564825,0.014358353510895884,0.117343165309267,0.044598283072859346,0.3213779440898085,0.5919436495707682,0.5679947171472595,0.5331102795509575,-0.3792427911071979,-0.45699097512656833,-0.01571208452564385,-0.09262381686110499,-0.42929121725731895,-0.5040611930442439,-0.4553709002861545,-0.3991107197886859,-0.007233105877173674,-0.04780761611270086,-0.110066035659256,0.12417785604226282,-0.1000924499229584,-0.056284393572529165,0.08896984371560643,0.34949812898965443,0.1487145058331499,0.6094166850099053,0.10850759410081444,0.4353929121725732,0.4393792648029936,0.48812018489984593,0.5060004402377284,0.3745828747523663,0.3987365177195686,0.1319172353070658,0.13403697996918335,0.27109839313229145,0.4125709883337002,0.2788509795289456,0.3269293418445961,0.3379352850539291,0.1362161567246313,0.17271846797270526,0.23791987673343606,-0.2948095971824785,0.14051948051948052,-0.18930222320052828,0.06563944530046224,-0.18796830288355712,-0.17736517719568567,-0.08071978868589039,-0.026779661016949154,-0.08304424389170152,-0.06344265903587938,-0.12347347567686551,0.05158925819942769,0.0473893902707462,0.19198106977767995,-0.1640149680827647,-0.12038300682368479,-0.32454325335681267,0.23418445960818843,0.06993176315210213,-0.44090688972044906,-0.48227602905569006,-0.32942989214175655,-0.2932159366057671,-0.04419546555139776,-0.1538630860664759,-0.06833370019810697,-0.16969623596742242,0.0877591899625798,-0.018564825005502973,-0.2784305524983491,-0.19024653312788906,0.23223420647149462,0.4416068677085626,0.12904248294078802,0.4809465111160026,0.5227360774818401,0.3330310367598503,0.15960158485582215,0.16115122165969623,0.36507153863086067,0.42944750165089146,0.45010785824345145,0.32476997578692496,0.2064274708342505,0.16158705701078582,0.05994497028395333,-0.03725071538630861,-0.1982918776139115,-0.13087827426810478,-0.2482940788025534,0.08690732995817742,0.05663878494386969,0.14195465551397754,0.5393000220118864,-0.01963680387409201,0.0016222760290556901,-0.1146070878274268,0.1163086066475897,-0.0006427470834250496,-0.2572331058771737,0.07398415144177856,0.28223640766013647
#18,-0.0022892361875412725,0.08362315650451244,0.38186880915694477,0.42129429892141756,0.3629143737618314,1.0,0.43678846577151664,0.12610169491525425,0.02046004842615012,0.36121065375302663,0.3738344706141316,0.22123046445080344,0.4111688311688312,0.08588597842835131,-0.16583535108958838,-0.28833590138674886,0.4368060752806516,0.1771846797270526,-0.1411798371120405,-0.1788597842835131,-0.18660576711424168,-0.5658309487123047,0.0008034338542813119,-0.4038983050847458,-0.03908210433634163,-0.07333259960378605,0.20290556900726392,0.3285604226282192,0.13074840413823466,0.324950473255558,0.18169931763152103,0.32983270966321815,0.17266123706801673,0.027349768875192602,0.08877393792648029,0.19641426370239928,0.2160642747083425,0.0049900946511116,-0.06355271846797271,-0.31451243671582657,-0.02848778340303764,-0.1698084965881576,0.006293198327096633,0.0673959938366718,0.30925159586176537,-0.018071758749724852,0.30534888839973584,0.17486682808716708,0.1603367818622056,0.010477657935285054,-0.04190402817521462,0.07648910411622276,0.0224851419766674,-0.06550297160466652,0.2604270305965221,-0.05813559322033898,0.048575830948712304,-0.17432533568126787,0.1967686550737398,-0.06704160246533128,-0.207442218798151,-0.2469997798811358,-0.049757869249394675,-0.08368919216376844,0.17516618974246093,0.19401276689412283,-0.22914813999559763,0.11537310147479639,-0.27345806735637246,-0.24658595641646489,-0.08185780321373541,-0.05935505172793308,-0.22898525203609948,-0.14764252696456087,-0.07442438917015189,-0.08344265903587937,-0.10229583975346687,-0.12615452344265904,-0.09832049306625577,-0.04591019150341184,-0.18425930002201188,0.2143099273607748,0.047966101694915254,-0.04269865727492846,0.24501871010345586,-0.05353731014747964,-0.06581994276909531,-0.03940127668941228,-0.023920316971164427,-0.04694034778780541,0.027362976007043804,0.09775478758529606,0.12235086946951354,0.11194144838212634,-0.011989874532247414,0.12201188641866607,-0.18097072419106316,0.2713801452784504,0.26567686550737396,-0.3181598062953995,-0.04568787145058331,0.3454963680387409,0.20756328417345365,0.15895883777239708,-0.08529605987233106,-0.005423728813559322,0.13738718908210434,-0.16353731014747963,-0.1358331499009465,-0.13154743561523222,0.028206031256878716
#26,-0.04098833370019811,0.42269425489764473,0.3413757429011666,0.2724939467312349,0.1162293638564825,0.43678846577151664,1.0,0.2919084305524983,0.33564384767774597,0.4828197226502311,0.4175302663438257,0.003277569887739379,0.22981950253136693,0.05549636803874092,0.06451683909311028,-0.05409421087387189,0.4271934844816201,0.08186000440237728,-0.1486880915694475,-0.25693154303323795,-0.011065375302663438,-0.2819326436275589,0.0062359674224081,-0.3825709883337002,-0.020931102795509575,-0.18509575170592119,-0.026026854501430774,0.15969403477878055,-0.18263922518159806,0.06188861985472155,-0.01917675544794189,0.15329738058551617,0.06241690512876954,0.001578252256218358,0.0300066035659256,0.03482940788025534,0.21892141756548536,0.04508034338542813,-0.09014307726172133,-0.29656174334140434,-0.033028835571208455,-0.29154523442659036,-0.10382126348228043,0.004596081884217477,0.23582874752366279,0.04981289896544134,0.16931983270966322,0.037017389390270744,0.044972485141976666,-0.0898481179837112,-0.0036143517499449703,-0.13118864186660797,0.002425709883337002,-0.2865133171912833,0.19963240149680828,-0.22605987233105876,-0.06023772837332159,-0.30609509134932866,0.18025974025974026,-0.14212414703940127,-0.23038520801232665,-0.39639225181598065,0.10323134492626018,0.0563284173453665,0.02799471714725952,-0.10894783182918776,0.0749570768214836,0.4293154303323795,0.027750385208012325,0.14375963020030816,0.0976931543033238,0.19168611049966983,0.08091789566365838,-0.037389390270746205,-0.08010125467752587,-0.1879308826766454,-0.06601584855822144,-0.22732555580013208,-0.1417213295179397,-0.03616552938586837,-0.2633281972265023,0.1677327756988774,-0.05342725071538631,-0.1501518820162888,0.10549416685009905,-0.13381906229363857,-0.32490865067136254,0.010928901606867708,-0.11316310807836232,-0.19925819942769096,0.1454589478318292,-0.017389390270746204,0.22394673123486683,0.005698877393792648,0.056134712744882236,0.2094144838212635,-0.14724191063174114,0.12941888619854722,0.06745102355271847,-0.20284613691393352,-0.036636583755227825,0.09927140655954216,0.08765133171912833,-0.15447281532027296,-0.1524719348448162,-0.1457032797710764,0.0850693374422188,-0.20012546775258638,-0.31331939247193485,-0.09300242130750605,-0.08705260840854061
#49,0.5328703499889941,0.573416244772177,0.4309289016068677,0.3993022232005283,0.014358353510895884,0.12610169491525425,0.2919084305524983,1.0,0.6642813119084305,0.49755668060752806,0.4126700418225842,0.0724323134492626,0.10524103015628439,0.2698173013427251,0.19819062293638565,0.1766651992075721,0.45983270966321815,0.3538652872551178,0.08739159145938807,-0.009845916795069338,0.019198767334360555,-0.08220999339643408,0.21197886858903808,-0.03066916134712745,0.2987057010785824,-0.12383447061413164,0.10110059432093331,-0.13227162667840633,-0.20733215936605767,-0.3307462029495928,0.3388883997358574,-0.2228351309707242,0.1781223860884878,-0.31089808496588156,-0.33700418225841955,-0.24778780541492407,-0.03959057891261281,-0.27035879374862426,-0.1697490644948272,-0.04402377283733216,-0.33582434514637904,-0.1889060092449923,-0.2163548316090689,-0.22892361875412723,-0.20515958617653532,-0.052555580013207134,-0.18839973585736297,-0.3817411402157165,-0.23924939467312348,0.13095311468192825,-0.3771186440677966,-0.23722870349988995,-0.03799471714725952,-0.003178516398855382,0.2529143737618314,-0.10068236847897864,-0.1716222760290557,-0.24636583755227823,-0.033845476557340964,-0.10516398855381906,-0.23925159586176536,-0.320231124807396,-0.04178736517719569,0.09463130090248734,0.21647809817301342,0.01888399735857363,0.13216596962359675,0.41449262601804976,0.3257693154303324,0.399801893022232,0.5352938586836892,0.3377305745102355,0.22976007043803653,0.13734316530926702,-0.1310213515298261,-0.15414263702399295,-0.2579639005062734,-0.34618974246092893,-0.08234866828087167,-0.018516398855381908,-0.03432093330398415,-0.2661809377063614,-0.05653532907770196,0.32010785824345145,-0.11755668060752807,0.07865727492846136,-0.1450297160466652,-0.09668941228263263,-0.04790666960158486,0.024930662557781202,-0.17503411842394892,-0.25179837112040504,-0.10583314990094651,-0.050242130750605324,-0.22436055469953775,0.4015694475016509,0.22607748184019372,0.19837552278230244,0.18824565265243232,-0.3243847677745983,-0.366088487783403,0.388811358133392,0.14779661016949153,0.10147919876733436,-0.011144618093770636,-0.02488003521901827,-0.04629760070438037,-0.33276689412282634,-0.10998239049086507,-0.3179154743561523,-0.2489588377723971
#50,0.22403918115782523,0.6173299581774158,0.24772617213295178,0.329933964340744,0.117343165309267,0.02046004842615012,0.33564384767774597,0.6642813119084305,1.0,0.5600044023772838,0.3671142416905129,0.14823024433193924,0.2091767554479419,0.42931102795509574,0.27775698877393795,0.10220118864186661,0.33772176975566803,0.2410345586616773,0.13949372661237067,-0.11005282852740479,0.05278890600924499,-0.08059872331058772,0.07494827206691614,-0.05708122386088488,0.31142416905128767,-0.08169711644287915,-0.13325335681267886,-0.1297754787585296,0.009991195245432533,-0.11450143077261721,0.2461038961038961,0.014560862865947611,0.023951133612150562,-0.029931763152102137,-0.08319392471934844,-0.09427250715386308,0.05837112040501871,-0.06914373761831388,0.11686550737398195,-0.14278670482060313,-0.13194805194805195,-0.16679947171472595,-0.20895443539511335,-0.12898745322474137,-0.0950693374422188,-0.06456966762051508,-0.26070438036539734,-0.25519260400616334,-0.16303984151441778,0.03442879154743562,-0.12891701518820162,-0.2777922077922078,0.02128989654413383,-0.09046224961479199,0.08943649570768215,-0.2367642526964561,-0.19499889940567908,-0.3384569667620515,-0.06590799031476997,-0.31668060752806515,-0.15637244111820384,-0.3396522121945851,0.11069557561082985,0.03279110719788686,0.19554699537750386,-0.13464230684569667,0.36423508694695134,0.2955910191503412,0.32739819502531364,0.23140655954215275,0.3180563504292318,0.1930640545894783,0.217343165309267,-0.01976447281532027,-0.1532225401716927,-0.38921637684349547,-0.1446599163548316,-0.3197864847017389,-0.10820162887959499,0.040301562843935726,-0.07967862645828748,-0.09438476777459828,-0.06867708562623817,0.2193220338983051,-0.03532027294739159,0.2052674444199868,-0.09707021791767555,-0.10623376623376624,-0.11796830288355713,-0.0750561303103676,-0.07735857362976008,-0.2315892581994277,-0.1224653312788906,0.05289236187541272,0.06267004182258419,0.2642725071538631,0.2179639005062734,-0.08915254237288135,-0.10279771076381246,-0.13508254457406998,-0.2802289236187541,0.2086352630420427,0.27293638564825007,-0.18846577151661897,-0.09215716486902928,-0.2776183138895003,-0.08965441338322694,-0.2041932643627559,-0.2908386528725512,-0.127442218798151,-0.1280739599383667
#51,0.37226282192383886,0.6547479639005063,0.43239049086506715,0.5989390270746203,0.044598283072859346,0.36121065375302663,0.4828197226502311,0.49755668060752806,0.5600044023772838,1.0,0.5223398635263042,0.1859145938806956,0.2860026414263702,0.09066916134712745,0.10714725952014087,-0.1582390490865067,0.5804820603125688,0.19237508254457408,-0.036544133832269426,-0.13356152322254017,0.19254237288135592,-0.2901122606207352,0.2161237068016729,-0.20647809817301344,0.3316552938586837,-0.07593440457847238,0.12011446180937706,0.21711644287915474,0.02922738278670482,-0.10533788245652652,0.21203169711644287,0.17355932203389832,0.0662029495927801,-0.09374862425709883,0.022029495927801013,0.04322474136033458,0.17351089588377724,-0.2059057891261281,0.021611270085846356,-0.355808936825886,-0.07060972925379705,-0.23571868809156946,-0.06534668721109399,-0.23725511776359234,0.12460048426150121,-0.06980629539951574,0.03140215716486903,-0.06530266343825666,-0.06004842615012106,0.02616552938586837,-0.04991635483160907,-0.0737640325775919,0.02441338322694255,-0.13285274047985912,0.25416464891041163,-0.21181157825225622,-0.10172793308386528,-0.3870988333700198,0.19174994497028394,-0.09309267004182259,-0.06899625797930882,-0.24197446621175434,-0.050281752146158924,-0.054364957076821485,0.3620977327756989,0.03359674224081004,0.02029275808936826,0.17078802553378825,0.11718247853841074,0.12723090468853182,0.2019370460048426,0.10951133612150561,-0.06940567906669602,-0.11163328197226502,-0.12817521461589257,-0.2286022452124147,-0.12589258199427691,-0.2123530706581554,-0.05402377283733216,-0.15709663218137795,-0.05944309927360775,-0.18462249614791987,0.033242350869469514,0.17106317411402158,-0.008952234206471494,-0.020768214836011448,-0.11290336781862205,0.039476117103235744,-0.15959938366718027,0.008804754567466431,-0.03271186440677966,-0.060151882016288793,0.10486022452124147,-0.0796103896103896,-0.017252916574950473,0.2658859784283513,0.08563724411182039,0.026304204270305966,0.11709002861545234,-0.2199867928681488,-0.09064494827206691,0.18615452344265904,0.23008364516839094,-0.0637772397094431,-0.1134338542813119,-0.12731454985692273,-0.031846797270526084,-0.005584415584415584,-0.19130090248734316,-0.1554501430772617,-0.08956636583755227
#52,0.22348007924279112,0.30451904028175214,0.36128989654413385,0.49183579132731675,0.3213779440898085,0.3738344706141316,0.4175302663438257,0.4126700418225842,0.3671142416905129,0.5223398635263042,1.0,0.24035879374862426,0.18568787145058332,0.15229583975346686,-0.18047765793528506,-0.36786044464010564,0.5428747523662778,0.22818401937046004,-0.14195465551397754,-0.37160906889720446,-0.2699251595861765,-0.4015804534448602,0.03358353510895884,-0.026343825665859563,0.08187321153422848,0.13687871450583314,0.09163548316090689,0.1337310147479639,-0.08020911292097732,0.08104996698217037,0.150264142637024,0.2382126348228043,0.16526744441998678,0.15178736517719568,0.05831829187761391,0.21559762271626678,0.35804534448602243,0.18489544353951134,0.292425709883337,-0.007017389390270746,-0.15720008804754568,-0.057565485362095534,0.007435615232225402,0.10322694254897645,0.21752366277790006,0.31022672243011223,0.16554919656614572,-0.061358133392031694,0.04594541052168171,-0.09370019810697777,-0.09080563504292317,-0.18511776359233986,0.10451023552718468,-0.11250715386308606,0.17312568787145058,0.00274488223640766,-0.13296279991195245,-0.21342504952674443,0.20111820383006823,-0.07476997578692494,-0.15129650011005943,-0.24087827426810476,-0.08957737178076161,-0.17817741580453444,0.18589478318291877,-0.1788399735857363,-0.07144838212634823,0.219405679066696,-0.15977327756988774,-0.09188641866607969,0.013337001981069777,0.04238388729914153,-0.023726612370680168,-0.16683909311027956,-0.1306449482720669,-0.1993088267664539,-0.16797930882676645,-0.2840677966101695,-0.22045344486022453,-0.161666299801893,0.055720889280211315,-0.11648690292758089,-0.1428087167070218,0.3106119304424389,0.14480079242791108,0.1423794849218578,0.00865727492846137,-0.05546335020911292,0.0733348007924279,0.08105877173673784,0.15998239049086507,0.15905348888399737,0.32956856702619414,0.10615232225401718,-0.0037090028615452343,0.13052828527404797,0.1946599163548316,0.15737178076161126,0.14634602685450143,-0.14657715166189741,-0.1039555359894343,0.2488465771516619,0.36285494166850096,0.19101915034118425,-0.012995817741580453,-0.0025533788245652653,-0.027402597402597404,-0.15555359894342946,-0.11183138895003301,-0.2287541272287035,0.0038586836891921637
#53,-0.12074400176095092,0.15052608408540613,-0.08320052828527405,0.25725511776359233,0.5919436495707682,0.22123046445080344,0.003277569887739379,0.0724323134492626,0.14823024433193924,0.1859145938806956,0.24035879374862426,1.0,0.2634096412062514,0.3576711424169051,-0.354058991855602,-0.4611996478098173,0.02490644948272067,-0.3209112920977328,-0.38066255778120184,-0.5175786924939467,-0.37906889720449044,-0.3858001320713185,0.11880255337882456,-0.0020360994937266125,-0.022898965441338324,0.05922298040942109,-0.3404820603125688,-0.06963240149680827,0.34273387629319835,0.39298921417565486,-0.1466696015848558,0.4640788025533788,0.07171692714065596,0.36581113801452786,0.47909531146819284,0.41498128989654415,0.36266563944530045,0.18269865727492846,0.2400066035659256,0.016546335020911292,0.21196566145718687,0.4745300462249615,0.3993352410301563,0.0013911512216596962,0.14218357913273166,0.21604886638784943,0.07841294298921418,0.11390270746202949,0.10467752586396654,-0.38533568126788464,0.13903808056350428,-0.30373981950253137,-0.1349306625577812,-0.36176975566806074,-0.3759476117103236,-0.2174884437596302,-0.21316090688972045,-0.208003521901827,-0.033845476557340964,-0.2051221659696236,0.36566585956416464,0.30980409421087385,0.3512634822804314,0.09433193924719348,-0.10680607528065156,-0.21967202289236187,0.008005723090468854,-0.06774158045344486,-0.2977371780761611,-0.3480739599383667,-0.3174180057230905,-0.43101254677525863,-0.19262821923838874,-0.09235747303543913,-0.07432313449262602,-0.13787585296059873,0.2481399955976227,0.1632115342284834,-0.1731366938146599,-0.033409641206251374,0.4177767994717147,0.04721769755668061,-0.06646048866387849,0.5504138234646709,0.2702707462029496,0.544109619194365,0.3842284833810258,0.2677591899625798,0.4495641646489104,0.5044001760950914,0.18530266343825666,0.3891899625797931,0.24105216817081224,0.13779661016949152,0.051353731014747966,-0.15800572309046884,-0.15188861985472155,-0.09798591239269205,-0.17788025533788246,0.19097292537970503,-0.004314329738058551,-0.11059652212194584,0.22882236407660136,-0.07511996478098174,-0.0426964560862866,-0.02504072198987453,0.0688531807175875,0.23284393572529166,-0.1501915034118424,0.14359674224081004,0.3236847897864847
#54,-0.08668500990534889,0.005839753466872111,0.1694012766894123,0.15813339203169713,0.5679947171472595,0.4111688311688312,0.22981950253136693,0.10524103015628439,0.2091767554479419,0.2860026414263702,0.18568787145058332,0.2634096412062514,1.0,0.5779749064494827,-0.055445740699977986,-0.17656394453004623,0.2357803213735417,0.14393792648029935,-0.16526744441998678,-0.1891701518820163,-0.13370680167290336,-0.32456746643187323,-0.12184239489324235,-0.3371186440677966,-0.07668721109399075,-0.07524543253356812,0.11375522782302443,0.18371340523882898,0.02148580233325996,0.0809883337001981,0.3692163768434955,0.46859344045784723,0.12351529826106097,0.19043143297380585,0.2875764913053049,0.18101034558661677,0.33483821263482283,0.050953114681928244,0.14853841074180058,-0.07790226722430112,0.0475941008144398,-0.12137354171252476,0.25312128549416685,0.09980409421087387,0.37046665199207574,-0.0575148580233326,0.16557561082984812,0.25630640545894784,0.23220338983050848,0.030629539951573848,0.06332379484921857,0.09534448602245213,0.15802993616552938,0.05128329297820823,0.21607528065155185,-0.08066916134712745,0.15248954435395112,-0.1249636803874092,-0.09687651331719128,-0.08316530926700418,-0.24438476777459828,-0.22706581554039182,0.01341404358353511,0.016731234866828086,0.12248734316530926,0.032722870349989,0.2849790887079023,0.14418886198547215,-0.20379264802993616,-0.20046665199207572,-0.07719568567026194,-0.08738278670482061,-0.04578252256218358,-0.2270482060312569,-0.09533127889060092,-0.21167290336781863,-0.06861104996698217,-0.06821043363416245,-0.09442438917015188,-0.267409200968523,0.12271846797270526,0.28029275808936827,0.4918203830068237,0.3021747743781642,0.299867928681488,-0.07487563284173454,-0.14425489764472815,0.2158815760510676,0.054950473255558,0.34164428791547435,0.21679947171472594,0.08857803213735417,0.034954875632841734,-0.09549416685009905,-0.026024653312788908,0.1413383226942549,-0.13959718247853842,-0.024281311908430553,-0.021527624917455426,-0.24873651771956856,-0.009711644287915475,0.30704380365397316,0.4462293638564825,-0.04907770195905789,-0.00969403477878054,-0.16044023772837332,-0.011774158045344487,-0.1791701518820163,-0.30254677525863966,-0.09598062953995157,0.045863966541932644
#58,0.024307726172132952,0.14563064054589478,0.17854061193044243,0.18115782522562185,0.5331102795509575,0.08588597842835131,0.05549636803874092,0.2698173013427251,0.42931102795509574,0.09066916134712745,0.15229583975346686,0.3576711424169051,0.5779749064494827,1.0,-0.1037970504072199,-0.05837332159366058,0.10443539511336121,0.2147391591459388,-0.27554039181157824,-0.3322716266784063,-0.3291767554479419,-0.2376865507373982,-0.09148360114461809,-0.2423992956196346,0.020303764032577592,-0.07511336121505613,-0.1751551837992516,-0.06050847457627118,0.0325709883337002,0.03023992956196346,0.32549196566145716,0.2789984591679507,0.19167070217917676,0.10228923618754127,0.08834690732995817,0.05300682368478979,0.17097292537970504,0.00963020030816641,0.029650011005943208,-0.13406339423288577,-0.2813009024873432,-0.027556680607528066,0.1528153202729474,-0.13416244772176975,-0.04933744221879815,-0.012769095311468193,-0.05517939687431213,0.14115562403697998,0.04710103455866168,-0.12662117543473475,-0.0601254677525864,-0.21155183799251595,-0.06327756988773937,-0.19641646489104117,-0.19878934624697336,-0.25125687871450586,-0.17681267884657714,-0.25080343385428133,-0.3747325555800132,-0.396253576931543,-0.06976667400396214,-0.07688972044904248,0.1918181818181818,0.1598084965881576,0.13601364736957958,-0.07171032357473035,0.5514902047105437,0.10241030156284393,0.008866387849438696,-0.15054369359454106,0.08266784063394234,-0.12038520801232666,-0.0025577812018489983,-0.14950473255558,-0.17918996257979308,-0.21193264362755887,0.005628439357252916,-0.08081664098613252,-0.1213185119964781,-0.03532907770195906,0.35230464450803434,0.16238168611049966,0.18556900726392253,0.5368567026194145,0.21132951793968743,0.3480079242791107,0.16748624257098835,-0.005868368919216377,0.10704820603125688,0.44845476557340963,0.15454105216817082,0.16616112700858462,-0.03821483601144618,0.1489258199427691,0.061620074840413826,0.14567906669601585,-0.08631080783623156,-0.0026260180497468632,-0.09731014747963901,0.027068016729033677,0.017431212854941668,0.27458727712965003,0.4760840854061193,0.03897204490424829,0.15453885097952894,-0.011366938146599163,0.14658375522782302,-0.09725071538630861,-0.210099053488884,-0.0686616773057451,0.03524983491085186
#101,0.007343165309267004,-0.0424785384107418,0.1113581333920317,-0.08469073299581774,-0.3792427911071979,-0.16583535108958838,0.06451683909311028,0.19819062293638565,0.27775698877393795,0.10714725952014087,-0.18047765793528506,-0.354058991855602,-0.055445740699977986,-0.1037970504072199,1.0,0.5172132951793968,0.16788906009244992,0.20492185780321373,0.44245652652432316,0.22526964560862867,0.7040788025533788,0.4800792427911072,0.17580453444860225,-0.1752080123266564,0.30259520140876073,-0.2616222760290557,0.06341404358353511,-0.2710631741140216,-0.08211974466211755,-0.2619194364957077,0.1037970504072199,-0.24034558661677305,-0.1480629539951574,-0.2919656614571869,-0.3476623376623377,-0.3634074400176095,-0.23244331939247193,-0.2512920977327757,-0.14990534888839974,0.060644948272066915,-0.03199647809817301,-0.2238961038961039,-0.09471054369359454,-0.04320052828527405,-0.11078362315650452,-0.3300132071318512,-0.44549416685009907,-0.46424169051287695,-0.4630926700418226,0.2724235086946951,-0.4270526084085406,-0.11010125467752586,-0.004648910411622276,0.2166321813779441,0.40004842615012104,0.06813339203169712,0.16729253797050408,-0.03270966321813779,-0.07612150561303103,0.07557120845256439,-0.4101496808276469,-0.46611490204710543,-0.056880915694475016,0.09848998459167951,-0.037296940347787806,-0.0387343165309267,0.19591019150341185,0.13337662337662337,0.5600198106977768,0.2933810257539071,0.42705701078582436,0.23233105877173674,0.3964274708342505,0.035247633722209994,0.10930222320052828,-0.04298921417565486,-0.2081223860884878,-0.2348712304644508,0.4560642747083425,-0.06168611049966982,-0.24026634382566586,-0.14223860884877834,0.09333259960378605,-0.2282258419546555,-0.26518820162887957,-0.3673827867048206,-0.33416464891041164,-0.1632687651331719,-0.352227602905569,-0.32464891041162225,-0.2277327756988774,-0.5132907770195906,-0.39297600704380364,-0.23408320493066256,-0.052951793968743124,0.4480717587497248,0.07407219898745322,-0.012927580893682589,-0.022359674224081003,-0.23758089368258858,-0.2835042923178516,0.12094210873871891,-0.1870283953334801,-0.21170592119744663,-0.23782962799911953,-0.07595421527624917,0.0004138234646709223,-0.3894849218578032,-0.09724631300902488,-0.2732379484921858,-0.3710147479639005
#102,0.17230464450803434,0.05070658155403918,0.1908562623816861,-0.2455513977547876,-0.45699097512656833,-0.28833590138674886,-0.05409421087387189,0.1766651992075721,0.10220118864186661,-0.1582390490865067,-0.36786044464010564,-0.4611996478098173,-0.17656394453004623,-0.05837332159366058,0.5172132951793968,1.0,0.08029716046665199,0.42264582874752366,0.4227052608408541,0.3960378604446401,0.19159806295399515,0.6283292978208233,0.05347347567686551,0.019797490644948273,0.1101518820162888,-0.2553378824565265,0.06318952234206472,-0.1841536429672023,-0.19855822143957738,-0.46838212634822807,0.13917895663658375,-0.5856218357913273,0.05540832049306626,-0.4675808936825886,-0.5423024433193925,-0.6608606647589699,-0.5035791327316751,-0.3557340964120625,-0.3925555800132071,0.10078802553378824,-0.143020030816641,-0.3112722870349989,-0.42372220999339644,-0.10393792648029936,-0.30927801012546774,-0.24667840633942328,-0.47486902927580893,-0.41824785384107416,-0.35944309927360774,0.5083381025753907,-0.45338762931983273,0.0628615452344266,-0.10759410081443979,0.2979837112040502,0.16735197006383448,-0.09515298261060973,-0.22856702619414485,0.07778780541492405,-0.08173453664979088,0.22776139115122165,-0.34364076601364735,-0.3364098613251156,-0.10894122826326216,0.5248910411622276,0.09614571868809157,0.08586616773057451,0.07672463130090248,0.23519700638344707,0.6390182698657275,0.6002729473915914,0.5608166409861325,0.42869909751265683,0.19020250935505173,0.08139335241030156,-0.19496808276469293,-0.10584855822143958,-0.4069227382786705,-0.29556900726392255,0.4048404138234647,0.3385890380805635,-0.13770416024653312,-0.29330398415144177,-0.03394012766894123,-0.1917939687431213,-0.41633281972265024,-0.1622870349988994,-0.21665419326436275,-0.18309487123046445,-0.2815892581994277,-0.3472066916134713,-0.41155403918115785,-0.44828307285934405,-0.45102575390710986,0.044508034338542814,-0.11936165529385868,0.35639445300462247,0.30302883557120847,0.05981950253136694,0.1397754787585296,-0.2683425049526744,-0.3423332599603786,0.20422187981510015,-0.3366696015848558,-0.035630640545894786,-0.042124147039401275,-0.011171032357473035,-0.0350759410081444,-0.4063944530046225,-0.024910851860004402,-0.2002047105436936,-0.33811358133392033
#201,0.3425665859564165,0.3781708122386088,0.7982236407660136,0.5215738498789346,-0.01571208452564385,0.4368060752806516,0.4271934844816201,0.45983270966321815,0.33772176975566803,0.5804820603125688,0.5428747523662778,0.02490644948272067,0.2357803213735417,0.10443539511336121,0.16788906009244992,0.08029716046665199,1.0,0.5646577151661898,-0.07864406779661016,-0.23401716927140656,0.008186220559101915,-0.21824785384107417,0.13134272507153863,-0.4486484701738939,0.3584063394232886,-0.11257979308826767,0.4333634162447722,0.25035219018269866,-0.22223860884877833,-0.24691833590138676,0.42507153863086067,0.04913713405238829,0.3904358353510896,-0.2364010565705481,-0.23413823464670921,-0.2514769975786925,0.06996257979308827,-0.2833942328857583,-0.14696456086286594,-0.2809817301342725,-0.29287255117763594,-0.5361831388950034,-0.2258463570327977,-0.25152542372881354,0.09539511336121506,-0.110462249614792,0.12779661016949154,-0.0070988333700198105,-0.027129650011005944,0.2931697116442879,-0.19171692714065594,0.03559322033898305,0.17041162227602905,0.03280431432973806,0.44028615452344266,-0.0849438696896324,-0.08696676205150781,-0.3165771516618974,0.3023640766013647,0.0005084745762711864,-0.3009707241910632,-0.3991305304864627,-0.24341624477217697,0.04070658155403918,0.437508254457407,0.08411842394893243,-0.1002839533348008,0.26528285274047986,0.042824125027514856,0.04935945410521682,0.3106977767994717,0.2398943429451904,0.018685890380805634,-0.08578032137354172,-0.2446731234866828,-0.1892604006163328,-0.3428747523662778,-0.305923398635263,-0.016643187321153424,-0.2273233546114902,-0.06549856922738279,-0.2308166409861325,0.14600704380365398,0.13033458067356374,-0.2368280871670702,-0.028128989654413385,-0.13718027734976887,-0.08143957737178076,-0.2824653312788906,-0.0888267664538851,-0.21044684129429891,-0.172359674224081,0.021446180937706363,0.10478758529605987,-0.019289016068677084,0.5500220118864186,0.15780981730134272,0.5213339203169711,0.5044772176975567,-0.2561655293858684,-0.01734536649790887,0.6217235307065816,0.2617125247633722,0.4116817081223861,0.24689632401496808,0.25385208012326654,0.21011666299801893,-0.36273167510455645,-0.15215056130310367,-0.2544706141316311,-0.1637838432753687
