,#10,#11,#12,#13,#17,#18,#26,#49,#50,#51,#52,#53,#54,#58,#101,#102,#201,#202,#301,#302,#401,#402,#501,#502,#601,#602,#701,#702,#801,#802,#901,#902,#1001,#1002,#1101,#1102,#1201,#1202,#1301,#1302,#1401,#1402,#1501,#1502,#1601,#1602,#1701,#1702,#1801,#1802,#1901,#1902,#2001,#2002,#2101,#2102,#2201,#2202,#2301,#2302,#2401,#2402,#2501,#2502,#2601,#2602,#2701,#2702,#2801,#2802,#2901,#2902,#3001,#3002,#3101,#3102,#3201,#3202,#3301,#3302,#3401,#3402,#3455,#3501,#3502,#3601,#3602,#3701,#3702,#3801,#3802,#3901,#3902,#4001,#4002,#4101,#4102,#4201,#4202,#4301,#4302,#4401,#4402,#4501,#4502,#4601,#4602,#4701,#4702,#4801,#4802
#10,1.0,0.2167218248298466,0.27369891403086727,0.3616948239579672,0.10536867716269452,-0.008499682745461434,-0.23973122378085243,0.5891101809035592,0.026810062674889418,0.176130590184738,0.1909269766783678,0.04801909917970301,0.018158828121077112,-0.32274783513719546,-0.15904905805073333,0.18456910442923855,0.14806063898259436,0.23513810843257998,0.30946422783897165,0.19057731196391972,0.08588240127449594,0.27333555487590555,0.2534393587349989,0.3439605234928127,0.2507196428489914,0.2695065893082938,0.4168195118388438,0.32908288331880203,-0.010100106360154655,0.01847927802909612,-0.03455472526669923,-0.1547133981841172,0.06487786841468592,-0.08344296493766747,-0.06318888741800453,-0.13010722746922174,-0.19780341174161328,-0.15100037887952086,0.17491908868063194,-0.0972825665207448,-0.07000871879379368,0.1353302870811213,-0.06923543938612388,-0.05877836460991386,0.047825551087110334,0.10013831384918769,0.27972629378226754,0.2377583113841884,0.005019468929596881,0.04689159024408058,0.09322170842710222,0.054645382462899475,0.04384959852465228,-0.06160672305732949,-0.0077866588760516185,-0.1279991965928232,0.029274149004642414,-0.06170623599172856,0.08410303697042458,-0.009826217549882,0.0699384206658237,-0.1390332637960076,-0.08972780017072403,-0.24382768741983046,0.30467847736080744,0.24691624023700512,-0.096859864790224,-0.19254748547248102,-0.024676468842865423,0.11230901961500363,0.055899793213948244,0.17876905239036459,-0.08824149689364441,0.10487659026690464,-0.09721683320627936,-0.07748770923963902,-0.10672168788544144,-0.029013041672182483,-0.11184888641374556,0.21897319085028782,-0.25573637289048556,-0.057948481514787716,0.046578444037668844,-0.0678358675656306,0.022565699078364154,0.1483107907626434,0.06035322526898164,-0.18543550603240105,-0.03874157221306723,-0.09147064596675902,-0.03758576143371663,-0.0280352586195091,0.052470705309334585,-0.05684105775858527,0.11564224643602186,0.042917463607024336,0.3992029835621066,0.10731693956643401,0.22095705879936275,-0.08525793478707427,0.03193087046428718,-0.03275344985780606,-0.026013046236995987,0.053753417904111526,0.13255853232116202,0.14530349162584963,0.07120743882008701,-0.07773238324348258,-0.04122117890873568,0.023705076529098403,-0.04076469755828126
#11,0.2167218248298466,1.0,0.15812422683471267,0.002934262120721058,-0.12823930578316223,0.07516878397933052,0.0650202905960277,0.32724326347647065,0.6262421998749241,0.3113987958021975,0.3535493707404584,-0.10824177078245469,0.02516033907434712,0.11772014954329041,-0.13941853405579116,0.14876909803849964,0.20734661085421355,0.2687323969379231,0.0021445493844348988,0.04356201527386599,-0.12769518001342056,0.19825258939046045,0.024787850292376304,0.2047209301263997,0.20239013635097938,0.07685867793871282,0.20968836018204476,0.13189024362409674,0.24709426796368233,0.20648751295265833,0.12618787859422004,0.0005605590983580365,0.20462233015470152,0.000627205375524383,0.09943259368138514,0.00479761899327603,-0.17682444183742874,-0.022101001063601546,-0.142154683270415,-0.05686114293800527,0.05837392213341124,0.05313260326749351,0.003158850945144636,0.02190836593370978,-0.09819552922165364,0.23935325722267617,-0.07752240182227355,-0.02822698078669996,-0.039481984963504316,0.02241688615811601,-0.05673971889878439,-0.01132438934207343,-0.0046962801334751465,-0.07599410226095213,-0.28704825464355654,-0.22079911625210552,-0.29527678746684805,-0.25234745534471187,0.07833311270068061,0.18235060506603,-0.07093628889791707,-0.08398982959551188,-0.08176585245609791,-0.16564795245290254,0.12422226989916327,0.06049656041302433,0.19620024923881735,-0.029292408258660592,-0.02400178940689378,0.15555514979435514,0.22803343269410728,0.37219663390652175,-0.14843951850347153,-0.10513769759936457,-0.2952192708166908,-0.19169295238443032,-0.18640689834616805,-0.11977888043383987,0.006878260988647309,0.16290997731287687,-0.05196583693573199,-0.0120739317195196,-0.021943058516344316,-0.22055718113636466,-0.1222347500992847,0.10144385051148735,0.0016405939735332114,0.041783563932495535,0.07805831092770704,-0.0448419889805402,0.05828536475142308,-0.0281174252625909,0.07703670566539005,0.022078176996078825,0.1936476055270762,0.22171025302761255,0.24702031798490873,0.07574486344360401,-0.006976860960345465,0.14504968799499696,0.11958715826664902,0.24911374145809273,-0.003192630565078264,0.1957638530677829,0.07651540396317108,0.25491105460886393,0.06896794131475759,-0.016064491685192202,-0.029092469427161552,-0.1157189353028982,-0.04066701054928401
#12,0.27369891403086727,0.15812422683471267,1.0,0.6667174882570173,0.3459873006888304,0.4404506383891686,0.03200938525656534,0.1769239547718278,-0.10451962185084929,0.47593749857349577,0.28078167866451814,0.188370681115823,0.06918796532567661,-0.35288655981959854,-0.25626041348080725,-0.0739709769157381,0.7248056530650441,0.7586838729703698,-0.09193899583232527,-0.03786056320669019,-0.22779332350376824,0.1224830759539319,0.13865712316323317,0.14313977002469563,0.3574641548019556,0.028740065824610736,0.21975194803416306,0.34390757165616,-0.025909881451793286,-0.03137305025403187,0.0769919704930455,-0.05365116608160973,0.19168564868282306,-0.034371219763816546,-0.1437432383699964,-0.09290764925798957,-0.32642342297105453,-0.22275103050664866,-0.14221219992057224,0.029101599054170642,-0.08136049701689438,-0.07777620545312622,-0.0005340831800316798,0.14165529267301785,-0.07715721674191,0.13060935695472162,0.13625146644633834,0.19714060082075346,-0.05744635202928784,0.021072092099677267,0.1625429663071115,0.21730520799572733,0.06396947052728161,0.23363902367768766,-0.3399617468628319,-0.03884838884907357,-0.3229359054535827,-0.30087416178612025,-0.24876955451985008,-0.01798536520790443,-0.09040430553209748,0.13879406756836948,-0.4944350358566101,-0.39822337458403134,0.4442248261947258,0.2503069837081806,-0.31635709623083347,-0.3785152487595119,-0.12455093647149046,-0.21667982854560477,0.03175558162571268,0.09653576303140135,-0.364541441659401,-0.08791922106022358,-0.47124395732812335,-0.3182560586487239,-0.22942113599948874,-0.13392980229792711,-0.27213866077501403,0.06799654900099056,-0.08964837241574496,-0.03614419332898154,-0.08859481345889614,0.279240597625384,0.3358698480373584,-0.025498135273683394,0.19645405286967002,0.030638115279800242,-0.062203800663723885,0.24926894511724723,0.046212345994604394,0.008441253132603268,-0.04843906202212109,0.1329684525738701,0.022625954616624137,0.5019185911159599,0.29170801626899534,0.5224456444831946,0.39139532654393405,0.2232924173882876,0.3181766308937448,0.5330825729114838,0.41034478036399824,0.30608261399480524,0.2651453664860522,0.16987770864621327,0.2981946162589527,0.011505155956853383,0.14852259810925425,-0.01301337033875481,-0.0580507333372895
#13,0.3616948239579672,0.002934262120721058,0.6667174882570173,1.0,0.5147539337280376,0.4444841076017839,0.07206836264704405,0.269124057936613,-0.25926406076679737,0.5407761095920426,0.3843810341128513,0.4350029899528455,0.25216851465533374,-0.31898003807054465,-0.15158193611999982,-0.0660199847535229,0.4839250092437474,0.32135647998101036,-0.1304112440486244,-0.09201933655000524,-0.21555231960998233,0.0030292102416155787,0.2311082910707683,0.12621344154984548,0.16566164689341617,0.09056316104205563,0.1016027060214455,0.19845161525925858,-0.03599355448333158,0.03567219161261167,0.143607206927561,-0.03828509086261281,0.03569501568013439,-0.04390255036130499,0.038544372269670925,0.02707847370895662,-0.050789940976961385,-0.14399521607544724,0.06740586213350254,0.02696070152053938,-0.092312397576997,0.14252352020158215,0.11930322686666636,0.06474366289765232,0.1477356242610708,0.20664271661181283,0.26237726357689656,0.1453518786489978,-0.10694627670986502,-0.1478159649787508,-0.04011010330172961,-0.035897693399736155,-0.07372812883729635,-0.04992810418730343,-0.17568415142399357,-0.047510578955296784,-0.2502805077898542,-0.2363970839971333,-0.20054138688163894,-0.14829709632212976,-0.12872408897734483,-0.08406743142508913,-0.13278586003368834,-0.20783230701109706,0.28267790219430583,0.12420857545864963,-0.23879817590052357,-0.2854569606558724,-0.25015543189982975,-0.33866168797673774,-0.24974916349792528,-0.24119926780391387,-0.29578622065395516,-0.14499764912104515,-0.283557998237982,-0.28894630409874605,-0.21226474092400954,-0.22491840395860627,-0.1806342351883214,0.04986693568634253,0.050990792771161336,0.0718875960322641,-0.0032711453573564253,0.42093240880643823,0.5217198391359721,0.007523725618189868,0.02734140696681837,-0.008822871541583168,0.02821237338348542,0.2167044785385293,0.14218481103954497,0.07504918586551146,-0.021497532718300794,-0.0399548996425751,-0.10939758156180529,0.12585738609649103,0.2113015652745507,0.26111646208694145,0.39287432611940637,0.1694166624822543,0.15969269675487408,0.22153405122633715,0.22540410011548978,0.11435953384124492,0.015984150967512222,0.06567579781528025,0.06384256871185527,-0.14616167656470394,-0.11513463917431653,-0.15860535817809163,-0.1401972912396664
#17,0.10536867716269452,-0.12823930578316223,0.3459873006888304,0.5147539337280376,1.0,0.43630304883893967,0.03853798153076456,0.19197323193360935,-0.10965868889426522,0.3211848429932395,0.37278823373671066,0.6093633454605212,0.01441659401005172,-0.04843358424591563,0.034087288363833894,-0.0902308426189248,0.3269657228153944,0.09360423979878302,-0.2538666252790242,-0.2565461708061917,-0.12659414699612448,-0.2237041635663975,0.22892631021559615,0.016744648897369298,0.0386867944510127,0.0068234832265927775,-0.16579128759694522,-0.007723664449688908,0.13577672584186573,0.14199582776045686,0.053176425477137135,0.27042594274810905,0.05378263271054061,0.11501321513509566,0.16485641379121457,0.24967521351915167,0.33588262951517117,0.06817183783956507,0.2970050258596685,0.027944875312119123,0.06144969347277317,0.23253433880958793,0.33890636198058127,0.2816718172979043,0.3639443640530066,0.2466779569720679,0.03953402383745612,-0.0032118027817973497,-0.31149556984849386,-0.3734903020537096,-0.11517572249585743,-0.18347628807625063,-0.31587140007395,-0.2488526341256328,-0.044670351992769336,-0.06680878452710814,-0.30683854711115777,-0.3461278969447703,-0.26462315182113233,-0.32668544326621535,-0.27290463648107655,-0.28920649846850505,0.027041955200920266,-0.04120474558011932,0.004928172659505996,-0.11085558299515673,-0.1447338029004825,-0.1275682781979942,-0.16609530417634788,-0.21554136405757143,-0.37676692518727145,-0.2437500855902532,-0.06802576380741965,-0.2527299867163927,-0.12337412755001895,-0.3137916710412796,-0.26855984698745133,-0.330706131001018,-0.028410486289582638,-0.035115284365057266,0.015016410504548836,0.04510400927570104,-0.3166675035491425,0.5937973314100252,0.6955954114494652,0.10316843705350418,-0.026086083253068697,0.127079843153008,0.08192653389145786,0.40190261426869406,0.40457394313155337,0.3146078596958921,0.18274591791552355,-0.0017574531992495446,-0.15740389926369558,-0.0005632979864607632,0.09536990966234074,0.2078688255191334,0.1672018149698494,-0.004815878247294207,0.008413864251576001,0.285260673675177,0.2205690496514765,0.09895054937530527,-0.17996777241665793,-0.11132028100991934,-0.05701725955986068,-0.25358817165524705,-0.22814572710631909,-0.38710440184966244,-0.22412321344611466
#18,-0.008499682745461434,0.07516878397933052,0.4404506383891686,0.4444841076017839,0.43630304883893967,1.0,0.059285971871619186,0.023177384087973086,-0.13513765195122954,0.3539346410002419,0.19706026010307348,0.43565301939589257,0.43422788461977385,0.1573938566739856,-0.028751934339722552,-0.022692600893790483,0.4041229395573044,0.34869423509702513,-0.21437003291230536,-0.14780044461283534,-0.24360766340891143,-0.05292992554789174,0.22753039024590652,0.1814221219992057,0.04529481848019099,0.25761251124085327,-0.09154094409472902,0.05422907147128504,0.19069234526423423,0.22566977226145427,0.23280183688095424,0.4184071539757243,0.02083198290933824,0.27115996475963977,0.16120273706217733,0.36037194100435027,0.18683690377829615,0.19059191936713427,-0.02539040567497615,0.30618943063081155,0.03752002811925119,0.07558418200824406,0.05169286108816024,0.13252110085042476,-0.07365874367202728,0.06508145909698859,0.08208995421492055,0.03185600752281265,-0.17521854044653007,-0.19209283004742841,-0.0023782678358675656,-0.07804735537529614,-0.09670831298187313,-0.025399535301985236,-0.23089283187335383,0.15083604559335728,-0.3942766368280024,-0.20941812322257575,-0.37266133192128437,-0.25747556683571693,-0.15037773831750104,-0.05789461671543409,0.02308517485518129,-0.16439993244076012,-0.05257934787074274,-0.09019067226008481,0.2605230363313507,-0.11545782797043827,-0.01300515367444663,0.054934791639087585,0.03930121834872436,0.028230632637503594,-0.22105748469646272,-0.18015949458384878,-0.14769545390223082,-0.26149260271971586,-0.14660263754924294,-0.2465410125669316,-0.034381262353526544,0.20139409404428782,0.27674638352650105,0.38028913528737784,0.13439723920079244,0.31470645966759025,0.40079884236329527,-0.115089904001972,0.01091812094016899,0.08734861937215554,0.1369982699356818,0.2756097449638695,0.19989044447589094,0.16320212537716772,-0.04050906800202678,-0.2134150739271547,-0.26075492885738155,0.03912866839825259,0.26262467646884285,0.21325165360369203,0.3589915414005761,0.27708144083773456,0.17510442010891644,0.3365070960025928,0.4060419871546148,0.059594553264526375,0.22789648828897097,0.08823784504284077,0.16982201792145782,0.028811276915281625,-0.0926438030374269,-0.1980617801859705,-0.2623206598894402
#26,-0.23973122378085243,0.0650202905960277,0.03200938525656534,0.07206836264704405,0.03853798153076456,0.059285971871619186,1.0,0.14251073872376943,0.027404401393181083,0.40236639932075574,0.24185842687397005,0.08757777301008367,-0.01337216468021199,0.43491808442166097,0.1004888915263367,-0.010044415635399215,0.05810459813664313,-0.1286693112152903,-0.29498098755175356,-0.22431584857600642,0.08561581616583054,-0.27909634951864043,-0.11881022700817558,-0.3145667763743512,-0.05390223082435967,-0.28540218289381786,-0.28709025092779833,-0.13641123491899737,-0.22383197834452473,-0.37199395618692,-0.034599460439043765,0.08937722249357502,-0.05017003930304428,-0.04131977888043384,-0.11891430475607918,-0.04303158394463794,0.18131347943779758,0.05165269072932025,-0.08142166551785526,-0.09370192680778026,-0.13790392893498335,-0.22241962504621873,-0.03924096281046438,-0.07912099951156495,0.05528810820433931,0.1344438002985388,-0.07147676281685511,-0.10797975048729384,-0.14956794040179489,-0.21498536977271793,-0.22845065664842262,-0.13198153989418762,-0.1835456732415197,-0.16159348509816632,-0.08201874312424966,-0.14778127239611627,-0.11125089584465027,-0.2736980010681664,-0.18266466423514266,-0.04106688821228209,-0.02237580283657511,0.011160056055909836,0.03188796121734447,0.09401598597689291,-0.1261440563845764,-0.16181168318368352,0.061216887984041415,0.34631596726115754,-0.005800052038873952,-0.1352691185801604,-0.02197044739737158,-0.10009996941574952,0.010436989596790023,-0.2442850817329858,-0.11171285497131014,-0.17477210168578564,0.03201668895817261,-0.11636713882054349,0.3051888235106155,-0.17129188786992108,0.1644063231796665,-0.19564608087936566,-0.16087772234065378,0.14882296283785326,0.0659478607001511,0.02819594005486906,-0.10709235074201044,-0.1220503316337011,-0.1913305061921695,-0.06137209164319592,-0.10010362126655316,0.04588641831037993,0.059779884692810877,-0.019275381504288643,-0.043915331839117715,-0.03583743786147617,-0.36238045894634974,0.009740399055996567,0.01409797002743453,0.04358027452788416,0.08216481715639508,-0.05808999073342858,-0.0100015063884565,-0.04857235457645378,-0.01955018327726221,-0.12305185171659812,0.041306084439920204,0.03342630336837588,-0.008087023604650632,-0.15053385493935645,-0.16297297173923958
#49,0.5891101809035592,0.32724326347647065,0.1769239547718278,0.269124057936613,0.19197323193360935,0.023177384087973086,0.14251073872376943,1.0,0.19958368900838555,0.25177776661934476,0.5014392856979828,0.24121387520712842,-0.06477379066678231,-0.04243541930094446,-0.23433926606928474,0.06448894630409875,0.07320591417237649,0.09458384877685821,0.11541765761159828,0.031178589198738286,-0.003158850945144636,0.025378537159864333,0.24089799011261395,0.1890088420437583,0.27423208424819806,0.08841952462032164,0.24422573915742674,0.13223716945044212,0.02481615213610448,-0.0032108898190964406,-0.012613492675756732,-0.06832612853601866,0.02371694504421022,-0.05506899715612119,0.017366376496688228,-0.2938324804740102,-0.09756558495802654,-0.1515810231572989,0.1615916591727645,-0.2236128672963066,-0.0999018565096523,0.09205037728183615,0.00043913505913715893,-0.2092483121602067,0.17905115786494544,0.15937772462306052,-0.02058457001739194,-0.03119228363925192,-0.19180615975934304,-0.1344547558509497,-0.033588810729137664,-0.009652754636709317,-0.11540031132028102,-0.0924164753249006,-0.11655703506233253,-0.19436610717269145,-0.15336677820027664,-0.3686150812308563,0.09736473316382659,0.01766948011338997,0.05346400872792342,-0.05562407847827377,-0.12494990117178763,-0.18016953717355877,0.1973094989204216,0.15296233572377402,-0.19896561325987028,-0.07328808081545829,-0.1178324439555022,-0.05500965458056211,-0.053685858664244274,0.1244523364997923,-0.1511272806949472,0.021017314337622738,-0.2562868893991336,-0.2121652279896105,-0.1706044269561367,-0.17463241839254656,0.02241049541920965,0.03287030908352239,-0.260780491813007,-0.060926565845152394,-0.13527277043096406,0.16709591129654397,0.15780468988939456,0.3963371936439537,0.15769787325338824,-0.12530413069974025,-0.09361793423929665,0.09054672771343927,-0.033632632938781284,0.20665641105232646,0.23780395951923383,0.12127431333792858,0.11139149210059023,0.10934554268785349,0.18174622375802837,-0.006214537105086571,0.09387630268365386,-0.07665600021911105,-0.051411668576280316,-0.04427595210597671,0.03610950074634701,0.08792195994832631,-0.09643625009700228,-0.08898008371867967,-0.08026311585040193,-0.03366002181980855,-0.01745219499057366,-0.11696330346423697,-0.13814312516262148
#50,0.026810062674889418,0.6262421998749241,-0.10451962185084929,-0.25926406076679737,-0.10965868889426522,-0.13513765195122954,0.027404401393181083,0.19958368900838555,1.0,0.035286921352828134,0.3316254844408332,-0.13963673214130837,-0.14544134899368685,0.20042635358132443,-0.019520968470833126,0.07667882428663376,0.07331729562188737,0.08807168583127536,-0.07538698206484774,-0.032934216472586014,-0.03464054376058466,0.06535717383266307,-0.16851556829645725,-0.115089904001972,0.03884930181177448,-0.09309115476087225,-0.04189129353120278,-0.09834251621649998,0.21907635563549052,0.2539707030269278,0.13280594521310832,0.08136597479309983,0.241138099302953,0.09682060739408492,0.12773900222306417,0.09191708472750346,-0.05243692568940096,0.14374962910890277,-0.1452167601692633,-0.11264955470244263,0.17481957574623289,0.032773535037226055,0.014099795952836346,0.06987542623946098,-0.16953808652147517,0.07017487800535908,-0.2120136761812596,-0.17799851187079752,-0.11833000862749753,-0.08011612885555561,-0.03004103767340585,-0.1300013237959163,-0.026694116411873994,-0.12324448684648989,-0.1348464168496396,-0.15134639174316533,-0.12681508396974442,-0.07329447155436465,0.04551392952840912,0.11861759187828382,-0.06806319527815691,-0.03166519831832271,-0.0020651216294558287,-0.049374848790552664,-0.060200760497929856,-0.08854186162224342,0.12662975254145992,0.11167907535137651,0.1387958934937713,0.16183085540040262,0.3202590988145179,0.3848502969411185,0.14456307887541253,0.02642570537780679,-0.0755367079477968,-0.01243911679988314,-0.0034373045689218367,-0.009313132511971224,0.1005829266845303,0.0709600259281407,-0.05334532357680527,-0.04238064153888993,-0.0574627853579042,-0.08960546316880223,-0.012042890987688699,0.13281872669092104,0.07575764492141673,0.06390099832471344,0.11415320427083951,0.04124217705085659,0.0772183852428709,0.002718802923306568,0.07338029004825009,0.12904910369886838,0.11630414439418077,0.16774046296338563,-0.03718679673341946,0.0392227035564462,-0.18085517216194133,0.12810692619153044,0.026535260901915853,0.20441965243509977,-0.029248586049016968,0.28132763035966163,0.017180132105702822,0.23958880159951065,-0.004125678445407113,-0.04195337499486459,-0.03482313630076643,-0.032440303651394324,-0.017913241154532633
#51,0.176130590184738,0.3113987958021975,0.47593749857349577,0.5407761095920426,0.3211848429932395,0.3539346410002419,0.40236639932075574,0.25177776661934476,0.035286921352828134,1.0,0.5330834858741846,0.42355535064614935,0.3759443457937526,0.13378738011658534,-0.11673141093820612,0.052976486645638095,0.5681613387685046,0.25247800901094186,-0.30162187823816455,-0.2975254145991866,-0.13218147872568667,-0.03995581260527601,0.05945669589668914,-0.027456440267132887,0.2686283191900195,-0.024778720665367217,0.020295160841203832,0.13889358050276857,0.05149566114476393,-0.026285109121866827,0.16728763346373485,0.14643739130037842,0.1901610009723053,-0.026779934905759424,0.06927104493145933,0.10196971702721086,0.07511309325457509,-0.08414046844116184,-0.008075155089538816,0.011263220841112536,-0.0787439459160896,-0.01618500276171217,0.1165342109948098,0.060369658597598,0.1004797618993276,0.28562038097933506,0.27586263563202124,0.10086685808451296,-0.17639534936800158,-0.29715292581721575,-0.05777227971351231,-0.09265567155253872,-0.05492018423587304,-0.1531449282639558,-0.20191356982110495,-0.08199318016862421,-0.3998767500353773,-0.4931477584483286,-0.317784056932354,-0.16120638891298095,-0.09717483692203754,0.035149063984990896,-0.04415544102945674,-0.08715050646605833,0.20866219010622322,-0.05719528728653791,0.09859814577275446,-0.02766916057644465,-0.2026211159143093,-0.10914651681905536,0.02549357046017885,0.04935567657383358,-0.20692664801179547,-0.17550429777191454,-0.3081404319226538,-0.38413909899711046,-0.17133936193036833,-0.18629095208315263,0.0448730297123711,-0.08981635755271218,0.15318601158549666,-0.12667083586300082,-0.05998621426321628,0.30881693728402726,0.32474539752678405,-0.04255227852666079,0.015297603016428764,-0.08591618089442955,-0.0029114380531983365,0.07142107209209968,-0.01611287870834037,0.13624416274473106,-0.0862603678326722,0.007383129362249905,0.01491872349555159,0.20417223954315347,0.04722482162991231,0.39008339914272805,0.3475073835858436,0.3822757421245555,0.29333035098851035,0.3237502681827934,0.16030985954068847,0.2479058918047903,0.29470983762958364,0.3667425947312922,0.29431178589198737,-0.058796623863932036,-0.07390524360127267,-0.16801435177365828,-0.04036847174608681
#52,0.1909269766783678,0.3535493707404584,0.28078167866451814,0.3843810341128513,0.37278823373671066,0.19706026010307348,0.24185842687397005,0.5014392856979828,0.3316254844408332,0.5330834858741846,1.0,0.44600145161069443,0.17953867994723074,0.10516234759228912,-0.032244929633399824,-0.00761045707477621,0.39582684749414565,0.180718227756805,-0.19125290436259226,-0.3454267415904723,-0.09710088694326394,-0.16998178639411687,-0.02734323289222019,-0.08514564037486248,0.3022235206580635,-0.11683914053691337,-0.12273414069668184,0.0480282288067121,0.19228272628921744,0.0471417420241296,0.1175950736532659,-0.027919312356493677,0.3054718419478972,0.03268954246874244,0.046217823770809845,-0.06027836232750711,0.07655192247120744,-0.0856724198532869,0.05184715178461384,-0.13981932468149014,0.017646656045867248,0.25584592841459464,0.03647285990130873,-0.13335554875905545,0.03837364824460097,0.08392409628104644,-0.07290372351837565,0.007615021888280754,-0.36473133790119006,-0.3341662596374625,-0.04078478273770125,-0.0288085380271789,-0.16446201390442194,-0.13503813901683046,-0.14280288678806027,-0.173696631624115,-0.45451300287126767,-0.5473019669781392,-0.11814376423651211,-0.08977618719387219,-0.12405154587409331,-0.0628656986218828,-0.11188084010827738,-0.062280489530600225,0.13901226565388672,-0.07214687743932222,-0.15331839117712845,0.07409879169386535,-0.0009312219549270314,-0.13636467382125103,0.0928802603769623,0.06664353827824364,-0.13575755362514663,-0.1624069348646761,-0.2712183943724979,-0.3001437916253931,-0.12349555158923982,-0.2136597479309983,0.25593813764738643,-0.0181159188741344,0.025535566744420656,-0.12281813326516546,-0.047110701292298704,0.3315013215135096,0.33396084302975804,0.22057270150228012,0.07480177297356516,-0.12114649855980134,0.07067426860275623,0.08261399480524223,-0.08854460051034616,0.06521109980051765,-0.028931787991801596,0.12035678582351518,-0.004858787494236923,0.3273729041799997,0.04616578489685804,0.19025960094400343,0.14913884793236773,0.17881378756270913,0.15618052924447773,0.2442969502480976,0.11891339179337829,0.21756905421629,0.04453340758763301,0.14484153249918974,0.10226186509150169,-0.1122031159416982,-0.10961030187111706,-0.18254141427051998,-0.12690729320253621
#53,0.04801909917970301,-0.10824177078245469,0.188370681115823,0.4350029899528455,0.6093633454605212,0.43565301939589257,0.08757777301008367,0.24121387520712842,-0.13963673214130837,0.42355535064614935,0.44600145161069443,1.0,0.5102073794775115,0.13159353074630137,0.08220224862713234,-0.09171805885870533,0.34723440773827186,-0.0042261043425070866,-0.21733624872755825,-0.40848142349144323,-0.059029429352663795,-0.3416069056498697,0.2123523853432968,-0.11174754755394468,0.1526610580324741,-0.0581119018382504,-0.1757489717757581,-0.24747588637266224,0.16152318697019633,0.06695759744735628,0.10669064715361054,0.019024316761538707,-0.03448077528792561,-0.08387936110870191,0.25028233371525604,0.16882688857746717,0.19745648591526793,-0.11826792716383572,0.26729630660939346,-0.1576650065961555,-0.03365910885710764,0.19589440673401287,0.27385137880191907,-0.12647180999420268,0.20012872774082816,0.07279234206886477,0.07136903321814787,-0.18838346259363573,-0.3725937726814171,-0.4433958560623006,-0.17408646669740307,-0.2978084330364683,-0.2073000497564672,-0.33046693477337985,0.06538638863909214,-0.17656972524387515,-0.27956378642150576,-0.3866488334619089,-0.19553652535525662,-0.3238114366837543,-0.06120319354352778,-0.06398590385589796,0.116151679623129,0.02440897077149913,-0.11392131174480867,-0.2340370754152839,0.009736747205192933,0.07573116900309038,-0.15274322467555587,-0.22818863635326178,-0.16714703720779486,-0.2429649376674716,-0.0667110975181109,-0.002451304851940274,-0.0038326174184153705,-0.15702958455632296,-0.035513336102653524,-0.18779825350235316,0.3082244244911374,-0.0713407313744197,0.3142034172193895,0.12112276152957771,0.019624133256035823,0.679720816006062,0.7587039581497897,0.2550699101188221,0.17575444955196357,-0.05017369115384791,0.03920627022782984,0.37390113526911856,0.07788393505183346,0.40233627155162577,0.043876074442978634,-0.041873947239885516,-0.16390967147037208,0.05297192183213355,-0.0016287254584213963,0.1500865032159111,0.15293403388004584,0.09390369156468112,-0.07413804909000443,0.06070197702072882,-0.002408395604997558,0.01913204636024595,0.016229737934056705,-0.010403209976856396,-0.0348505251817937,-0.0597926661706236,-0.3378336308070134,-0.3114298365340284,-0.26043721783746526
#54,0.018158828121077112,0.02516033907434712,0.06918796532567661,0.25216851465533374,0.01441659401005172,0.43422788461977385,-0.01337216468021199,-0.06477379066678231,-0.14544134899368685,0.3759443457937526,0.17953867994723074,0.5102073794775115,1.0,0.14153934641000243,0.17558098663879088,0.012012763218558705,0.23907480359889896,0.054389752906645,-0.12765135780377693,-0.22086211067846823,0.006523118497993765,-0.06509606650020314,0.18377573984214876,0.051394322284963045,0.14744712804758361,0.20175562727384772,-0.15262545248713863,-0.19229459480432928,0.3237931774297361,0.17213820429366358,0.19406574244409244,-0.060621636303048836,0.10260605202974432,0.009049286291408564,0.334682083563476,0.1662331615441851,0.12884094820306116,-0.047994449186778476,0.13058196807369435,0.15488412220918715,0.09414653964312288,0.0678449971926397,0.05667307262161805,-0.18967165296461813,-0.017121702492844657,0.002644852944532951,0.05351696056457613,-0.10113344319317834,-0.18920604198715463,-0.20503407633281143,-0.114388748647674,-0.22711042740348844,-0.005320746620896803,-0.20568045392505488,0.020039531284949355,0.017369115384790954,-0.17640174010690793,-0.14143983347560335,-0.09451446361158915,-0.11499312995567566,0.010499984023152734,-0.04062318833964038,0.24448410760178393,0.03708910972442221,-0.23851607042594275,-0.20633322225620473,0.4440486243934504,0.08083097865036724,-0.020279640475288383,0.053286893963947105,0.10016661569291586,-0.10355644620139044,-0.05164264813961025,0.09706436843522757,0.08321655018784208,-0.03233257405268708,0.061764665604586724,-0.09053394623562655,0.3579544157723436,0.14174841486851056,0.49746150721012294,0.39165004313748764,0.5981740745981823,0.05394422710860148,0.2155787955283087,-0.022531919458430527,0.039043762867068066,0.10327616665221143,0.18058858705327593,-0.04673090880872062,-0.0493994987834772,0.11177402347227104,-0.19986031670676094,-0.2591490274664829,-0.1105433497514459,0.007077286857445439,0.111574084640772,0.012959505539401188,0.17282292631934523,0.11437596716986127,-0.08991952233791488,-0.14287409787873118,-0.13072530321773704,-0.05599656726024458,0.3367499440810346,0.2567588911155035,0.06007020683169989,0.008634801225195944,-0.21936759073708043,-0.056893096632537075,-0.0982941291933518
#58,-0.32274783513719546,0.11772014954329041,-0.35288655981959854,-0.31898003807054465,-0.04843358424591563,0.1573938566739856,0.43491808442166097,-0.04243541930094446,0.20042635358132443,0.13378738011658534,0.10516234759228912,0.13159353074630137,0.14153934641000243,1.0,0.15963518010471683,-0.008234010599496957,-0.15100037887952086,-0.359794035614675,-0.1495387255953658,-0.30214500586578535,0.011796391058443307,-0.3816165830544993,-0.11669580539287068,-0.20807424212683792,-0.18579795222466186,-0.07962221603436391,-0.30946696672707436,-0.21876503535448058,0.11558838163666824,-0.11729836077547051,0.004464387607444298,0.4023070567451967,-0.08953242615272954,0.11611424815239173,0.18848023663993207,0.20994125085019652,0.47159270907987055,0.1649760119050336,0.03072849858719022,-0.015382508547613288,0.04272482847713257,-0.19017013059931437,-0.12675482843148445,-0.16896200705720169,-0.061111897273436896,-0.0035632934216472587,-0.1198227026434835,-0.17319997991482058,-0.20022276289902177,-0.2835488686109729,-0.1668211095235704,-0.19334541487307536,-0.2287145028689853,-0.34982083106994666,0.05740800759584967,-0.12317601464392172,-0.1070476155696659,-0.22826806410824085,-0.12853054088475216,-0.16892457558646443,0.09228044388246519,0.03612136926145882,0.39264334655607647,0.3895365344848836,-0.30415717565858846,-0.2788178958948632,0.5626926921900606,0.42423642082102736,0.14060447260427175,0.2639293001684416,0.23309672383334779,0.13121373826272328,0.16951982726745699,-0.1113987958021975,0.20132744776712147,0.0166213989327466,0.15553323868953334,0.009364258423222119,0.4038755266653581,-0.28697795651558655,0.2179105022664299,-0.0612981416644223,-0.06840646925369864,0.06824852670644141,-0.04372726152273049,0.04318496167839063,-0.03164967795240725,-0.07965782157969936,-0.05239766829326188,-0.1324225008787266,-0.09622718163849416,0.17790904152610845,0.11785709394842674,-0.054917445347770315,-0.10723203403524949,-0.21280338891754577,-0.27326799563603826,-0.09108902755777913,-0.07604979298570756,0.08113316930436806,-0.020931495843737304,-0.11549069462767099,-0.08026311585040193,-0.18193064222361197,0.0650193776333268,-0.04205471385466547,0.010660665458512693,0.17180405994513095,-0.11431479866890039,-0.06930391158869205,-0.08727010457987738
#101,-0.15904905805073333,-0.13941853405579116,-0.25626041348080725,-0.15158193611999982,0.034087288363833894,-0.028751934339722552,0.1004888915263367,-0.23433926606928474,-0.019520968470833126,-0.11673141093820612,-0.032244929633399824,0.08220224862713234,0.17558098663879088,0.15963518010471683,1.0,0.3800700242391597,-0.001886180940077693,-0.14240757393856673,0.20128453852017875,-0.09212980503681523,0.5900614880379063,-0.03164511313890271,0.11862033076638653,0.0014707829111641644,0.057104903979147935,0.007416908982183533,-0.28632792707253946,-0.366294330045146,0.2122291353786741,0.03405989948280663,0.007583068193748944,0.070516326055499,0.05815481108519312,0.0637101891202235,0.06184865817307034,0.24568282762807725,0.28454582388036537,0.21476351983639708,0.05461342876836767,0.06593416625963747,0.1303829422048962,0.16551374693586893,0.09001720934691214,0.01805840222397714,-0.04429329839729398,-0.3037892516901222,-0.10852296329433461,-0.2614259564425495,-0.20243852337412754,-0.246656958829947,-0.2916340662902217,-0.26054129558536887,-0.20048843504498623,-0.27891466994115954,0.10155705788640006,-0.02117982169838451,-0.21205019468929598,-0.0527299867163927,-0.19783719136154693,-0.18303167524090802,-0.059607334742339105,-0.3162877110655644,0.3289368092866566,0.11338266375127244,-0.3851314894529984,-0.3355466592412367,0.1997954963549964,0.30202084293846176,0.5551351869519371,0.22245340466615238,0.14181871299648052,-0.06563471449373935,0.15946354311694597,-0.1608996334454756,0.10854670032455824,-0.14402351791917542,-0.10870464287181547,-0.2661925347039947,0.33332998580343,0.3783025284502002,0.16246445151483335,-0.06713288628593078,0.22767007353914556,0.0022559308339457794,0.016298210136624868,-0.053731506799289716,-0.24557966284287455,-0.09390460452738203,0.06331578923343087,-0.23147256318843093,-0.026749807136629434,-0.17440235179191754,-0.22153222530093533,-0.33283607298223833,-0.1878119479428668,-0.08811459507821807,0.004084595123866214,-0.15408619280859281,-0.15977486339795588,-0.16345045123181492,-0.21391263859915002,-0.09387904157175658,-0.09912766413928159,-0.12300072580534722,-0.09486230240063542,-0.10030721194885583,-0.11566507050354458,-0.19246623179210012,-0.1815964978750793,-0.1883387274212912,-0.13524081673643223
#102,0.18456910442923855,0.14876909803849964,-0.0739709769157381,-0.0660199847535229,-0.0902308426189248,-0.022692600893790483,-0.010044415635399215,0.06448894630409875,0.07667882428663376,0.052976486645638095,-0.00761045707477621,-0.09171805885870533,0.012012763218558705,-0.008234010599496957,0.3800700242391597,1.0,-0.05320837917166894,0.09720861654197117,0.36805999990870375,0.34518115462392784,0.27944784015849033,0.5327164748684192,0.28951873171221587,0.40978969904184565,0.10917390570008262,0.30325516851009054,0.02622667950900866,-0.15506123697316346,0.09811701442937548,0.10700288039732136,-0.14084092994380715,0.2240675227213592,-0.06287939306239644,0.18666070197702073,-0.06241743393573655,0.2515321796528003,0.08622384932463584,0.3733131872897333,0.15527852209597978,0.14140787978107155,-0.02753495505941105,0.1246796642123186,0.10715351924297133,0.22646039796044132,0.11230628072690091,0.1117484605166456,-0.03344182373429134,-0.14346934955972374,-0.16904417370028346,-0.11110390884980394,-0.16441180095587193,-0.10529837903472454,-0.21119566160124528,-0.0955607188668307,0.10715443220567224,0.07523451729379596,-0.1842367860061077,0.06586112924356476,-0.21397837191361546,-0.2050833763186605,-0.10922503161133353,-0.20794825327411248,0.2958300428635988,0.08269433552292221,-0.15770974176850006,-0.18200094035158193,0.13942127294389386,0.26192443407724575,0.41140655598515524,0.4888093596936097,0.11162612351472381,0.09829139030524908,0.11551899647139915,-0.15785855468874818,0.05026955223744334,-0.17611689574422437,-0.1545289797185336,-0.322262138980312,0.061142938005267794,0.4795783938247203,-0.1443540104169044,-0.09589851506616698,0.048071138053654816,-0.17257551342739894,-0.07830572381965335,-0.13476881502006235,-0.3794373410874299,-0.21438646624092172,-0.13902778601980217,-0.19338284634381261,0.04083773457435397,-0.09431726366819283,0.03592143042995979,-0.359532928282215,-0.23745246887938393,-0.1011608320742056,0.3347112983699051,-0.08902208000292149,-0.03907206471079624,-0.12690364135173257,-0.23284839797870058,-0.053130777342091685,0.06411737048482884,-0.2036719359830554,-0.10675455454267416,-0.14365559395070915,-0.19190110788023756,-0.08346305011708746,-0.06726983069106712,-0.21270478894584763,-0.20664454253721465
#201,0.14806063898259436,0.20734661085421355,0.7248056530650441,0.4839250092437474,0.3269657228153944,0.4041229395573044,0.05810459813664313,0.07320591417237649,0.07331729562188737,0.5681613387685046,0.39582684749414565,0.34723440773827186,0.23907480359889896,-0.15100037887952086,-0.001886180940077693,-0.05320837917166894,1.0,0.6681298415553233,-0.14700434113764282,-0.30036290267361127,-0.09231057165159517,-0.03786604098289564,0.1053568086475827,-0.08915445959455326,0.4603422697165707,-0.14498760653133516,0.09901719565247162,0.2349655584821082,0.20613054453660296,0.01785024672816992,0.17955237438774438,-0.09520466341347625,0.2602336271551626,-0.16628702634353873,-0.0651955794346022,0.004888002300666007,-0.2499354078889107,-0.28798404141198813,-0.23260554990025883,-0.16038198359406025,0.03259459434784792,-0.033265621933015924,0.04507296854387014,-0.005949777921823004,-0.14207799440353863,-0.00981800088557382,0.21348902390592833,0.1734072224479269,-0.10659478607001512,-0.08328410942770934,0.12290029990824725,0.0889006559637006,0.058347446215084885,-0.014534366198468962,-0.3239419903499843,-0.12255885185810733,-0.4154144622421451,-0.39908795026179206,-0.34799855751893255,-0.19228911702812382,-0.1514358620878544,0.06786964718556424,-0.40572153724659576,-0.48377163150999464,0.34367659209283,0.06365175950736533,-0.16468203791534097,-0.17179127846731823,0.056287802361834505,-0.23279270725394513,0.19408582762351245,0.1636111326671749,-0.22890439911077434,-0.09195542916094163,-0.4239853560782774,-0.3265950599588254,-0.15252411362733775,-0.08552999767194511,0.04522543331492192,0.10711152295872953,0.051194383453464005,-0.059906786508237206,-0.030213587623877627,0.3459845618007276,0.3856390967147037,-0.049475274687652636,0.18357853989875245,0.03458576599853013,0.03271510542436789,0.26951298004720015,-0.029264106414932416,0.08219859677632871,-0.19256757065190103,0.12412549585286693,-0.0009321349176279403,0.6445617094313612,0.1459699543975131,0.6240939986396856,0.3718524469682791,0.31240214181049636,0.3573509474270429,0.6476931714954786,0.3024517613332907,0.36896474594530443,0.30535498272218087,0.3128230176156153,0.3573746844572665,-0.0659268625580302,-0.05830362400544126,-0.053413795779373434,-0.02216947326616971
