,#10,#11,#12,#13,#17,#18,#26,#49,#50,#51,#52,#53,#54,#58,#101,#102,#201,#202,#301,#302,#401,#402,#501,#502,#601,#602,#701,#702,#801,#802,#901,#902,#1001,#1002,#1101,#1102,#1201,#1202,#1301,#1302,#1401,#1402,#1501,#1502,#1601,#1602,#1701,#1702,#1801,#1802,#1901,#1902,#2001,#2002,#2101,#2102,#2201,#2202,#2301,#2302,#2401,#2402,#2501,#2502,#2601,#2602,#2701,#2702,#2801,#2802,#2901,#2902,#3001,#3002,#3101,#3102,#3201,#3202,#3301,#3302,#3401,#3402,#3455,#3501,#3502,#3601,#3602,#3701,#3702,#3801,#3802,#3901,#3902,#4001,#4002,#4101,#4102,#4201,#4202,#4301,#4302,#4401,#4402,#4501,#4502,#4601,#4602,#4701,#4702,#4801,#4802
#10,1.0,0.2926956706159081,0.2526698350573106,0.16518369274965536,0.1705821676804874,0.4017602884328034,0.22787926696422547,0.46290187307799835,-0.03101231045086906,0.36037326598093183,0.43596733922666847,0.1858135790924778,0.2533600686377527,0.010933839761695893,-0.4376678588298806,-0.2985877203975591,0.4415200562983814,0.2961776869462948,-0.1885937936818563,0.02009582293002227,-0.4614095803649755,-0.10280045887036912,-0.20000771210704404,-0.027117696393625945,-0.15543558944598151,-0.055116501017034115,0.054595933791561024,0.5338802502578736,0.3962268516287006,0.1752981211379214,0.39579497363423405,-0.11574137449027792,0.18910279274676334,-0.19906297899414843,0.3740815362517232,0.29055556091118545,0.019463430152410515,-0.007540512662315753,-0.2005552717071713,-0.1495165472896764,0.2845131250421756,0.34501846085623666,0.1953303191848303,0.28625991728765193,-0.3556727367375859,-0.17254875497671907,0.3971985771162504,0.482220701223333,-0.06501884646158888,0.20088303625654325,0.1574368812239114,0.1712222725651432,-0.21615300820375385,0.057183345704838386,-0.2117224027069496,-0.11220537341058294,-0.578945947769755,-0.294195675435975,-0.048703884009910055,-0.14561807717891123,0.1475846644751429,-0.09893283718778016,-0.10100739398262848,-0.16216825889543346,0.3228615773186932,0.11918868633896638,-0.19949100093509298,-0.15115537003653612,-0.11698302372436929,-0.1058467411527672,0.23665564478034956,0.09102407141411123,0.1491810706332604,0.1832338792862445,-0.3071250228953178,-0.06205739735667531,-0.2698871140331428,-0.19844601043062476,0.08668601120183549,0.30045405030221817,0.08963203609266096,0.25597832897920625,,0.09766805163255667,0.003464664089537563,0.039595885590892,0.038651152477996394,0.08179653533591046,0.09830430046369043,0.1862840176221646,0.14832888280489334,0.1011115074277231,-0.13128512623755217,0.00037210916487520845,0.12284036902432206,-0.07249959029431328,0.1431502029248166,0.24120193188281452,0.4594160006940896,0.1967840513626329,0.36947740834642784,0.22940626415894652,-0.06976564834719906,0.19785217818823325,0.21857075376206223,0.26659404432533523,0.18007962750522977,-0.2020899810089364,-0.30677797807833573,-0.06771422787348289,-0.3446521357716445
#11,0.2926956706159081,1.0,0.313394965922127,0.2525811458263041,-0.1783174110456653,-0.009325865443012348,0.4371819960861057,0.1924498472038792,0.1597620814976912,0.3884723279959126,0.07137747871940463,0.09022586833505249,0.2956339833996896,0.22013245543848148,-0.09212304666788775,-0.06038387012811738,0.21397048191028892,0.18696653909556266,-0.0464866532347469,-0.036314384043650526,-0.0638234698697618,-0.0016137583989665777,-0.06350341742743389,-0.13388796236491762,0.04050205816856738,-0.09891741297369208,0.33739504304319745,0.20562212603510938,-0.024784784012802097,-0.1713765147060241,-0.028081709774131665,-0.22540368060308677,0.025448025218590034,-0.06014479480975196,-0.12112056915349985,-0.0747438134441306,-0.10168991545602653,-0.20581878476473253,-0.06871294573568681,-0.2661505981703026,-0.08601120183548147,-0.19129303114727234,0.0042435869009861855,-0.2212468549063461,-0.15289445017496842,-0.40501094155186873,0.1077169271109483,0.08465772704925144,0.03900976545554452,0.17154618106099312,0.3260158290997079,0.2278522745895713,-0.038331100035668496,0.12888280489333193,-0.1973547472838923,-0.0765638707065254,-0.007706322963762737,-0.12357687524702843,0.08660889013139503,-0.06415894652617779,-0.10598941513308205,-0.25392690850549005,0.04987226822708299,0.16378008926763904,0.292171247336913,0.3664504063316399,0.13563089855687196,0.260817676149345,0.08589552022982079,0.22630985318076216,0.11398301408423549,0.16443561836638293,0.06756384178612398,-0.11277221327832031,-0.08621557267214869,-0.11042387668340836,-0.06465252137699672,-0.14704867303558172,0.23593456277173128,0.14460393510261924,-0.21973913797923514,-0.11933521637280325,,-0.3269567061590815,-0.13275042657592087,-0.24131761348847522,-0.2593678000250643,-0.10209865712936096,-0.13516046002718518,-0.14763864922445125,-0.25862743774883595,-0.21297947615512902,-0.14474275302941206,-0.15146385431829792,-0.10676448189100865,0.23919292799784062,0.17779684382019223,0.1597775057117793,0.16967599510281203,0.21570184994167718,0.22011703122439338,-0.06819623456373575,-0.28775606605419685,-0.035685847319560794,-0.06206896551724138,0.13710391100228472,0.09417446714160392,-0.1883392941494028,-0.3600262211639498,-0.09540454821512923,-0.11241360030077217
#12,0.2526698350573106,0.313394965922127,1.0,0.6106388516672612,0.06721294091561991,0.2970375868817059,0.23610037307317824,-0.12687765706188,0.008473677614645292,0.40620631814369584,-0.029496881416714065,-0.19087657736689384,0.20971339882197565,0.007741027445460943,-0.13308590323233688,0.00026028361273654476,0.19035986619494277,0.544222185803939,-0.1605410043091398,0.01850327282542682,-0.2859128724706699,0.1628276440476994,-0.05196996134306344,0.11253313795995488,0.03318712463728996,0.07473995739060858,0.1835385075144843,0.2570734481794607,-0.06429776445297061,-0.3638591383648405,-0.054086934726654004,0.15563996028264873,-0.11733006854135135,0.030337501084515054,-0.09108962432398561,-0.13006275727107092,-0.2122159775577685,0.013274464249563784,-0.259984768588588,-0.1553006275727107,-0.044211581656753395,-0.2938679108866031,-0.16727367375859176,-0.14141112278638426,-0.20708742637347807,-0.06983505731059547,0.14182372051324071,0.29201700519603213,0.15706284403227516,0.2653369708771558,0.2871275293301071,0.28792958846268785,-0.11025806638196138,0.14545612293098628,-0.17278397424156247,0.07832223111256784,-0.16014383079637146,0.012136928460567032,0.038300251607492314,0.011651065716792149,0.016644655027811785,-0.3988104074884559,-0.06723222118323002,-0.06458696846712232,0.18057705840957072,0.10206009659414073,-0.10252282301678348,-0.1033865790057166,0.033399207581001226,0.28455554163091784,0.35838739841709005,0.4185881060029113,-0.04624372186285946,0.2825272574783338,-0.09289811342581435,0.08936211234611936,-0.13771316745876433,-0.191578379107902,0.04317815931285126,0.15775307761271726,-0.1960591133004926,-0.1620371530756847,,-0.17360531364175336,0.09442896667405744,-0.04759719664908949,0.022421023203802067,-0.06615638225058564,-0.14972091812634358,-0.10243798983929897,-0.030217963425332343,0.1758379686310046,-0.020546981192098947,0.2431183904832599,0.12322211832300232,-0.07103043390242257,0.3283217491058776,0.30875998958865547,0.28071491232298307,0.4021227574638736,0.28979977442086896,-0.017307896233599723,0.07425023859331167,0.16435078518889842,-0.034552167584086066,0.15724793460133227,-0.031849074065148024,-0.2317430325932924,-0.2551878380071915,-0.10172847599124676,-0.28120077506675795
#13,0.16518369274965536,0.2525811458263041,0.6106388516672612,1.0,-0.20202057204554,-0.03267426951886092,0.13057175633597795,-0.2661313179026925,-0.16969141931690013,0.48544821802126614,-0.04908948936211235,-0.27562492167391284,0.11512440592675427,-0.08997908090964303,0.08198162590496756,0.11279149354593042,0.2759565422768068,0.4231960899617287,-0.03499946979264072,0.006954392526968274,-0.1753174014055315,0.24713254219968572,0.08668215514831346,0.09982744160488947,0.13686869173744132,-0.0002024428099062015,0.24919938688749,0.12606017371521117,0.03121282523401425,-0.3384477456547097,-0.08349705493912256,0.1263532337828849,-0.175398378529494,0.031752672727097454,-0.04696865992499976,-0.17631997532125745,-0.07477466187230679,-0.04561904119229175,-0.15084302970125224,0.000861827962172115,-0.06457154425303423,-0.29891548494693104,-0.1132619320756172,-0.1237735339766516,-0.3477832512315271,-0.08984797508989424,0.2520181620120887,0.10728890517000376,0.35834112577482574,0.235383147118082,0.16401916458600446,0.1278378143888637,-0.15393944067943663,0.06708569114939315,-0.2695477813232048,0.22002448593986484,-0.13510261922435485,0.1169675995102812,-0.08887239354882245,0.027345203551425293,0.016829745596868884,-0.4353310903955347,-0.015244907599317478,-0.11417967281385866,0.40063817685789477,0.16617855455833727,-0.2173213924209268,-0.19697299798521203,0.1848842701936703,0.3085748990195984,0.38789006391408715,0.46589417061108807,-0.07134277423770642,0.06012551454214184,-0.23972506338387978,-0.08290707875025305,-0.27385884916082637,-0.29424966018528337,0.022405598989713976,-0.007178043631245602,-0.20403343198403595,-0.20000771210704404,,-0.27451437825957026,-0.16067596618241062,-0.3141738887335756,-0.1184830285444362,-0.12115527363519805,-0.21502704057532318,-0.17151533263281693,-0.1731927159148969,-0.08339679754754996,-0.1025768077660918,0.08370142577578976,0.16820298265739927,0.04267301630146626,0.34051459034251397,0.3104373728707355,0.1473957178525638,0.35185524375078325,0.24555541630917838,-0.03486836397289195,-0.0020456363934331406,0.12444448728948358,0.00776416376659308,0.2755709369246045,-0.051514947027464744,-0.22423915243943585,-0.36887200794347025,-0.054194904225270644,-0.18196523767749898
#17,0.1705821676804874,-0.1783174110456653,0.06721294091561991,-0.20202057204554,1.0,0.698892348625799,-0.5016822033489825,0.1405550789044952,-0.0029710892387186335,-0.28971879729690647,0.011504535682955279,0.4118477244464153,0.04158560920825581,-0.16442019415229484,-0.3937975379098262,-0.37238487270203313,0.17611946053811228,0.17184309718218888,-0.4250547077593437,-0.20592289820982715,-0.27877917345492753,-0.08690195019906877,-0.008496813935777428,-0.18516961815429997,-0.02375907377594401,-0.11695217529619312,-0.01826805356058342,0.33240916583922187,0.13279669921818515,0.3600339332709938,0.3538025507794048,0.1435897930263272,0.4133400171594382,0.06748286466216151,0.0781140042223786,0.1819228210887567,0.05994428002660677,0.21092805568141285,-0.025251366488966868,-0.13028640837534824,0.1740179113686098,0.3850982811641426,0.27391283391013466,0.384492880761185,0.10289686020841969,0.26338966384853424,0.07212940915619909,0.28147455486682155,-0.22184839925578168,0.18594854096574862,0.03801490364686262,0.2706660368445914,0.0937155967724832,0.053392845092689885,0.09816548253689761,-0.23530988210116358,-0.22742810870214877,-0.17190479403854125,0.26236395361167614,0.13060646081767616,0.05913450878698196,0.07441604889475865,-0.2651865847897969,-0.28593215273828,-0.1303442491781786,-0.08774256986686975,-0.28032930697078073,-0.36095553006275727,-0.4628825928103882,-0.4538555715153326,-0.1703276681480339,-0.26169685635236617,-0.0708337751727994,0.18597553334040276,-0.1710333259425641,0.0944559590487116,-0.05790442771345666,0.042888955298699544,-0.12415913932885389,-0.06287873675686619,0.4378992220412019,0.49543539664330544,,0.567470332488215,0.6285078036883152,0.1998457578591191,0.3311598044980864,0.3459477697550442,0.34422411383069995,0.4054158271716811,0.7280016966635496,0.42866782990947916,0.4498992606017371,0.28492957882255404,0.3602652964823152,-0.05813964697830006,-0.274641628025797,0.10259223198017989,0.11709099322298594,0.11438404365052587,0.07577723578803273,0.5433160132262635,0.5255473185967822,0.2080051671117195,0.2550875806156189,0.18813106725921355,0.126368657996973,-0.10467064482855022,0.1917056288741288,-0.012256466119749742,0.038897939903405856
#18,0.4017602884328034,-0.009325865443012348,0.2970375868817059,-0.03267426951886092,0.698892348625799,1.0,-0.1958701666779135,0.22522630214107373,0.11620024485939864,-0.1532607752595606,0.22329056327301822,0.3823412028958962,0.2669218088747072,-0.030823363828289936,-0.5940732457366509,-0.5770719057580519,0.460993126584597,0.3877975186295586,-0.5713880828665902,-0.42696731030626706,-0.6235489188589938,-0.30725998476858857,-0.11441103602518003,-0.24205797576470361,-0.11879536887972005,-0.06901757396392662,-0.11943161771085382,0.5124483047824704,0.3298294660329885,0.33980507649446173,0.5225511650101703,0.2526736911108326,0.4166022384390695,0.2188561017226919,0.2831326578812914,0.24159524934206086,0.022525136648896688,0.2062043901169348,-0.2689423809202472,-0.2869887114033143,0.4044402456306094,0.4490547848804141,0.257790674134557,0.3573346958055778,-0.16661043255280383,-0.11211282812605439,0.22463246989868219,0.5249959029431328,-0.006364416338098772,0.30720985607280227,0.26575342465753427,0.44465888386530805,0.08362430470534932,0.08583767942699044,-0.01830275804228163,-0.39266385817435145,-0.5720783164470323,-0.4258297745172703,0.24324564024948667,0.05026558568632933,-0.008870851127413648,-0.04842624815632441,-0.35077554876461686,-0.36931159804498087,0.06862425650468028,-0.1390242256562521,-0.3050080495117272,-0.2798087397453077,-0.517950893158397,-0.42284133303770255,0.037351662441074684,-0.12238149865520133,-0.17586496100565877,0.18733672023367684,-0.3001378539134123,0.06993917075569009,-0.2350977991574523,-0.11545602652964823,-0.061849170466486074,0.0573722923274175,0.41693000298844146,0.572872663472569,,0.5852698755458726,0.5826670394185072,0.14372475489959802,0.21961960032005245,0.3939170755690089,0.3728128946429776,0.4444159524934206,0.5601322626358054,0.5557055131925231,0.21071211668417958,0.2628999450512373,0.32365206829070786,-0.1149431714112192,-0.14473889697589,0.3432485322896282,0.2652714179672814,0.4625779645821484,0.3133795417080389,0.6550104595451784,0.4452604282147436,0.36137198384313574,0.3008280874938544,0.3534130893736805,0.24227005870841486,-0.109182227449317,-0.012009678694340277,0.0002911320409127279,-0.02881050388979399
#26,0.22787926696422547,0.4371819960861057,0.23610037307317824,0.13057175633597795,-0.5016822033489825,-0.1958701666779135,1.0,0.26601949235055383,0.23535229868990581,0.4448362623273211,0.35138094916757445,-0.19642158233156276,0.29928566608504525,0.4691216874090212,0.02649687177658026,0.1081372369448488,-0.03595962711962442,0.1157028139550577,0.12113599336758794,0.09025671676322868,-0.08984797508989424,-0.02653543231180049,-0.17451148621942872,0.12693164181118835,-0.0934109685442434,0.10508709860892869,0.1604523150781333,0.06430162050649263,-0.05234399853469966,-0.10698813299528598,-0.13161674684044614,-0.15629163332787058,-0.2642110032487251,0.024946738260727058,-0.0020533485004771866,0.034922348722200264,-0.09543154058978338,-0.13696123702196986,-0.04715760654757888,-0.089300415489767,0.11419124097442472,-0.1434394069389683,-0.14536743369997976,-0.11316167468404462,-0.03468327340383485,-0.27459921143705474,0.06009466611396566,-0.014562386125919428,0.08976314191240975,0.06511910385316148,0.18425573346958055,0.06170649648617123,-0.23475461039399226,-0.13930571756335977,-0.34312513857692345,-0.10195598314904611,-0.1257092728447071,-0.05835944202905537,-0.12323754253709042,-0.18471460383870128,-0.09868990581589272,-0.22860034897284373,0.32823305987487106,0.3901535673315146,0.15567852081786895,0.04251491810706333,0.41643642813762255,0.5785487742569867,0.24474178901603155,0.36272931468288777,0.10506396228779656,0.08813588732611609,-0.06437102946988904,-0.10948299962403478,-0.015028968602084197,-0.011273172471633907,-0.029994312321055015,-0.048939103274753454,0.33650815073313217,0.4795098955973509,-0.28716994591884937,-0.2335977943373854,,-0.418025122188696,-0.3235402427385692,-0.21356945234399854,-0.28943730538979884,-0.10093798501923207,-0.11684034974405445,-0.15759883547183634,-0.28946815381797497,-0.21852062506627593,-0.2691544638639584,-0.2532983717814003,-0.29826766795523124,-0.09658835664639025,0.3831933907242632,-0.006009659414072667,0.052679475191115654,0.06368465194296896,0.1324997830969894,-0.3882293966240251,-0.38678337655326656,-0.22095765089219438,-0.1832685837679427,-0.014365727396296261,0.02338503658430779,-0.1367954267205229,-0.42452257237330454,0.08696750310894315,-0.1060819604176106
#49,0.46290187307799835,0.1924498472038792,-0.12687765706188,-0.2661313179026925,0.1405550789044952,0.22522630214107373,0.26601949235055383,1.0,0.31138210598363103,0.2791262182719096,0.48517829427472453,0.4966461974492206,0.41409965970327667,0.31896310720792803,-0.39215100305592243,-0.44056375502491973,0.13537639902441845,-0.09616419075896773,0.09878630715394329,0.056936558279428916,-0.12087378172809038,-0.1980488369178564,-0.291997724928422,-0.17685982281434065,-0.22151292259936567,-0.12170668928884733,0.06874765021738502,0.07201758360406042,0.09511148814745549,0.2540503022181948,0.11823238506550471,-0.1846876114640471,0.1315396257700057,-0.12306402012859939,0.17318500380785284,0.2744218329750417,0.07282735484368523,0.10583517299220113,0.04082982271793933,-0.1389239682646795,0.09603694099274097,0.22616332314692528,0.08128368021748142,0.20969797460788756,0.08131067259213558,0.07946362295508662,0.22138567283313892,0.040278407064290055,-0.12522726615445423,-0.2065051622916526,0.030237243692942457,-0.09001764144486325,-0.06155996645233436,-0.2033393423500718,-0.1177426662682078,-0.27911465011134357,-0.19397684439860025,-0.25608244242430084,-0.03235421707653302,-0.32044768781390687,0.14142654700047236,0.09685442433940983,0.019505846741152768,-0.02083232915272864,0.07514098695689896,-0.06327591026963454,0.12597534053772666,0.17301148139936182,-0.1345936201594478,-0.3041095890410959,-0.21511958585985175,-0.3104103804960813,0.022633106147513328,-0.1825590699198905,-0.038103592877869144,0.011955693945031957,-0.001806561075067722,0.09005234592656146,0.057356868113329414,0.16784822573337319,0.05443783559715809,0.07408442829186469,,-0.005828424898537592,-0.03172953640596531,0.252739244020707,0.2276170553247279,0.0175739639266193,0.00609449259155717,0.09124001041134451,0.1448892830632489,-0.013864440438433285,0.09965391919639845,-0.17445364541659839,-0.020666518851281655,-0.010787309727859023,-0.15367722903993908,-0.024368330232423626,0.005469811920989463,-0.07684536261363308,-0.056261748913074915,-0.0011201835481476482,-0.1462697502241331,0.008920979823199946,-0.07086076754745356,0.1449856844012995,0.006113772859167285,-0.03572440785478102,-0.26955934948377086,-0.08412559166321229,-0.29496688614037964
#50,-0.03101231045086906,0.1597620814976912,0.008473677614645292,-0.16969141931690013,-0.0029710892387186335,0.11620024485939864,0.23535229868990581,0.31138210598363103,1.0,0.21110543414342592,0.166132281916073,0.2127211205691535,0.22673401906818466,0.47405743591721056,-0.04367944627071424,-0.1921799234573376,0.05783501875006025,-0.07229521945764607,-0.07546489545274888,-0.17703720127635372,0.023392748691351835,-0.3304348664359461,0.0409262240559899,-0.31612119576219716,0.03728225347767827,-0.17909247780359192,-0.11161539722171343,-0.1402543067297774,-0.17369400287275988,-0.0025276430836860017,-0.11770410573298758,-0.15483790115006796,-0.07519111565268526,-0.030457038743697762,-0.0825446097191829,-0.08490065842113889,-0.10357938168181774,-0.10595856670490586,-0.1972197854106215,-0.3661496341569221,0.2120964398985858,-0.07182092487443725,-0.09997397163872634,-0.12818100315232375,-0.09487241282909006,-0.26420329114168106,-0.03304059460345309,0.01298911628893409,-0.05298795947287748,-0.20002313632113214,-0.05456508536338484,-0.08478883286900023,0.07793662576036556,-0.04144679128146299,0.0002564275592145219,-0.38738492090270216,-0.12204602199878534,-0.3249978309698939,-0.111542132204795,-0.34228066285560044,-0.0625779645821484,0.04806763517877628,-0.012765465184656762,0.016737200312340335,-0.014462128734346833,-0.18387398417090028,0.3301418063682724,0.3153499850577926,-0.08062043901169348,-0.06408953756278137,0.05136070488658383,0.019671657042599752,-0.09619503918714392,-0.07636721197690224,-0.08828627341347497,-0.15879421206366345,-0.04033239181359837,-0.050547077593437,0.11866426305997127,-0.02321151417581676,0.11608841930725998,0.144226041857461,,0.051221886959791005,0.11804343844292559,-0.10333259425640828,0.012063663443648598,0.11432620284769553,0.18891770217770623,0.08890709803052066,-0.0017795687004135618,0.05523989472973885,-0.12087763778161241,-0.23133814697347999,-0.19118120559513366,0.18112076195617596,-0.20594603453095928,0.08173483847955809,-0.11382877194335457,-0.04455091436669141,-0.14192783395833533,0.028320785092497084,-0.2625798926089094,-0.12568613652357494,-0.09412819449933965,-0.1253429477601149,-0.11166166986397771,-0.01523333943875141,-0.12513086481640365,-0.20188175411874718,-0.1507312041491136
#51,0.36037326598093183,0.3884723279959126,0.40620631814369584,0.48544821802126614,-0.28971879729690647,-0.1532607752595606,0.4448362623273211,0.2791262182719096,0.21110543414342592,1.0,0.26315830063721285,-0.09708964360425322,0.21778411884356955,0.2524847444882535,0.1371193352163728,0.12889437305389798,0.21021854183336064,0.22137410467257285,0.21234322732399527,0.18869790712695092,-0.010652347854588221,0.04444294486807477,-0.16096902625008436,-0.058787463969999905,-0.08694822284133304,-0.12522726615445423,0.3033807949254336,-0.03435936490798492,-0.03326424570773042,-0.2828588780812278,-0.14959752441363885,-0.15781863052259165,-0.13464760490875613,-0.12595220421659453,-0.15227748161144478,-0.09940327571746696,-0.11747659857518822,-0.19456296453394772,-0.0986166407989743,-0.1030163978676024,-0.10113464374885524,-0.2517636624796352,-0.21736766506319108,-0.12114756152815401,-0.2223766785882988,-0.17281482266973866,0.26386781448526503,0.020034126073669903,0.22457848514937387,-0.10410380496081285,0.16147802531499136,-0.0662527835886362,-0.03006372128445143,0.00975388738395689,-0.19422748787753175,0.0681730982426036,-0.0032949977345685558,-0.06073091494509944,0.02319608996172867,-0.1864883884588318,0.20678279814523826,-0.10753954864893525,0.15181089913528,0.16919398841255917,0.2923640500130142,0.16738935536425245,0.07764742174621383,0.051611348365515314,0.25598218503272824,0.3380852766236395,0.2826275148699064,0.32696441826612554,0.17064386453683977,-0.0021574619455718047,0.02830150482488697,-0.022127963136128328,0.058933994003836775,0.05851368416993628,0.11854858145431059,0.2404538574995421,-0.3734105829388912,-0.2700606364416338,,-0.42679764395129804,-0.31350293542074364,-0.04632855504034396,0.011192195347671425,-0.33510840330463787,-0.16292404538574995,-0.2270116549217703,-0.24233175556476724,-0.19817223063056116,-0.09453693617267407,-0.050419827827210245,0.02942361639979563,0.07412684488060695,0.25236520682907077,0.1505653938476666,0.022421023203802067,0.058660214203773146,0.05884916082635227,-0.263690436023252,-0.3298718826217308,-0.014334878968120078,-0.2528047969305814,0.0910549198422874,-0.10276961044219293,-0.10846114544069872,-0.47548803177388105,0.02495059431424908,-0.2234023888251569
#52,0.43596733922666847,0.07137747871940463,-0.029496881416714065,-0.04908948936211235,0.011504535682955279,0.22329056327301822,0.35138094916757445,0.48517829427472453,0.166132281916073,0.26315830063721285,1.0,0.1690821628604205,0.39611888213008395,0.3680583806503234,-0.4401318770304532,-0.39412530245919813,0.2180116260013689,0.08100990041741779,-0.07593533398243568,0.019887596039833033,-0.3233204476878139,-0.3019270627476309,-0.5401116327494626,-0.20975195935719587,-0.3528732418805973,-0.1587903560101414,-0.013594516691891684,0.29803630474390985,0.17377112394320032,0.2402186382346987,0.353332112249718,0.009179335409175478,0.08878370431781593,0.05193911291488726,0.25525339091706595,0.2179807775731927,0.1711374393876587,0.1461193641367742,-0.2114100623716657,-0.11987506386588646,0.43708945080157713,0.2936442597823258,0.08290707875025305,0.2942882207205036,-0.021052124203483943,-0.05182343130922657,0.31810706332603894,0.19710795985848284,0.17243692942458042,-0.02838633800237147,0.08282995767981259,-0.01563051295151977,-0.1706322963762737,-0.2829591354728004,-0.32431916555001783,-0.45840571467131963,-0.36041182651615206,-0.28064550335958666,0.05904967560949746,-0.18261691072272082,0.23664022056626147,0.13849594632373496,0.014820741711894962,-0.0329904659076668,0.2860825388256389,0.043251424329769694,0.09416289898103786,0.16834565663771414,-0.12253188474256023,-0.05955867467440448,0.05433757820558549,0.05312292134614829,-0.013004540503022181,-0.08471942390560382,-0.029435184560361698,0.05872962316716956,0.04077969402215303,0.1563263378095688,0.06590573877165415,0.3282909006777014,0.23717235595230063,0.2756017853527807,,0.09893669324130219,-0.07272709745211263,0.02114081343449047,-0.08093277934697733,0.11926195135588483,0.21100903280537534,0.3276507957930456,0.22834970549391226,0.07683765050658903,-0.06719751670153182,-0.1884087031127992,-0.14640856815092593,-0.16297031802801423,0.14341627061783618,0.048048354911166165,0.04355990861153153,0.03606759661824106,0.11952416299538238,0.07933251713533784,-0.07826824636325952,0.05585300723974049,0.009973682434712194,0.11347015896580645,0.018086819045048344,0.10125032535451592,-0.20345888000925452,0.10299326154647026,-0.07728109666162167
#53,0.1858135790924778,0.09022586833505249,-0.19087657736689384,-0.27562492167391284,0.4118477244464153,0.3823412028958962,-0.19642158233156276,0.4966461974492206,0.2127211205691535,-0.09708964360425322,0.1690821628604205,1.0,0.3677807447967378,0.06772193998052693,-0.42772695285010554,-0.4217539259444921,0.1698071009225608,0.008635631862570253,-0.1396489063268198,-0.15495743880925067,-0.10942515882120443,-0.14327745269104336,-0.28700027956388036,-0.3096738742733749,-0.19342157269142896,-0.15931477928913654,-0.09408192185707538,0.11129920083290756,0.09525030607424831,0.34846191665140314,-0.0021536058920497815,-0.08155360396402302,0.27614934495290794,-0.040667868470014364,0.10422334261999557,0.03474111420666519,0.08094049145402138,-0.02653543231180049,0.017670365264669873,-0.4083849883836388,0.13806792438279045,0.22038309891741298,0.23303481052317007,0.09442511062053541,0.2766467758572489,0.019216642727001052,0.11780436312456016,0.22339853277163488,-0.05497768309024129,-0.030730818543761387,-0.06445971870089556,-0.017219207002593197,0.015264187866927592,-0.12228124126362874,-0.07483635872865915,-0.4143965758244724,-0.10896628845208371,-0.29793604735233725,0.22237282253477678,-0.196629809221752,0.10788273741239529,0.2172211350293542,-0.236057956484436,-0.28213008396556544,-0.16378780137468307,-0.16482893582562927,-0.12854732823691592,-0.0020186440187789805,-0.2900272815786683,-0.4694918685471354,-0.20309641097818437,-0.30742193901651355,-0.017115093557498576,-0.21054245032921057,0.05374374596319397,0.12883653225106764,0.15136359692672535,0.13561547434278387,-0.16907830680689848,-0.1412298882708492,0.3933656599153596,0.29665583758302566,,0.4654892849912757,0.3193949852023946,0.47183634908852534,0.3378037847165319,0.16839964138702246,0.19842673016301465,0.34261999556553846,0.3306623735937455,0.3422922310161665,0.2897535017786047,0.07020909450223169,0.10347526823672312,0.12215399149740198,-0.3158011433198693,0.13484811969190133,-0.015113801779568701,0.08325026751371309,0.005007085498346717,0.19685731637955134,0.10410766101433488,0.19795629163332787,0.23046282282398078,0.18854366498607,0.11525551174650304,0.07608957612331659,0.1078673131983072,0.07200601544349436,0.01015491695024727
#54,0.2533600686377527,0.2956339833996896,0.20971339882197565,0.11512440592675427,0.04158560920825581,0.2669218088747072,0.29928566608504525,0.41409965970327667,0.22673401906818466,0.21778411884356955,0.39611888213008395,0.3677807447967378,1.0,0.6790992258972555,-0.5170755690088978,-0.5391900359576991,0.38365226109338396,0.15269393539182324,-0.2776262134518427,-0.18430200611184483,-0.28781005080350514,-0.23499368571235768,-0.23423404316851917,-0.2928884732920093,-0.06103554317333924,-0.22533041558616834,0.10374904803678675,0.1887943084650015,0.0022268709089682164,0.014789893283718778,0.0554172731917519,-0.1092824848408896,0.027773225492369834,-0.09125157857191057,-0.034424917817859314,0.017508411016744913,-0.024433883142298014,-0.10863081179566772,-0.2875478391640076,-0.43309072329923937,0.3258847232799591,-0.06641088178303915,0.08831326578812913,-0.018086819045048344,-0.02589918348066671,-0.22147436206414545,0.2740902123721477,0.19842287410949264,0.06666538131549266,0.05645069553565404,0.19613237831741104,0.12961159900899424,0.007640770053888348,-0.15650371627158186,-0.26948994052037445,-0.4067885822255213,-0.1500602508362816,-0.21066198798839328,-0.10353310903955347,-0.3549940713177099,0.0031523237542537092,-0.005820712791493546,-0.028178111112182238,-0.0205392690850549,0.08614230765523026,-0.15599471720667482,0.1981645185235171,0.3257806098348645,-0.19785217818823325,-0.35550692643613896,0.1001513501007394,-0.08285309400094473,-0.06359981876548447,0.21784195964639988,0.05075144843010421,0.23581502511254857,0.016212777033345224,0.09276315155254355,0.4940819218570754,0.0597129168152854,0.2235566309660378,0.16880067095331283,,0.07298159698456615,0.10367192696634629,0.0026548928499127568,-0.000252571505692499,-0.061097240029691614,0.045133178448516865,0.3170158001793065,0.13015144650207744,0.1957699092863409,-0.011007104778614328,-0.16983023724369295,-0.04634012320091003,0.08677855648636403,-0.10415393365659915,0.30070469378114967,0.07443147310884675,0.36767277529812115,0.2520258741191328,0.10010507745847512,-0.25412742328863525,0.106486846037423,0.10029016802753223,0.29799774420868963,0.11202799494856988,0.06587874639699999,-0.09192253188474256,-0.02669738655972545,-0.03241205787936337
#58,0.010933839761695893,0.22013245543848148,0.007741027445460943,-0.08997908090964303,-0.16442019415229484,-0.030823363828289936,0.4691216874090212,0.31896310720792803,0.47405743591721056,0.2524847444882535,0.3680583806503234,0.06772193998052693,0.6790992258972555,1.0,-0.13425814350303183,-0.281216199280846,0.0760394474275303,0.025239798328400797,-0.06691602479442414,-0.1636721197690224,-0.005284721351932365,-0.3986021805982667,-0.029604850915330706,-0.3445981510223362,0.0862001484580606,-0.3209181263435936,0.060950709995854745,-0.1093673180183741,-0.2035707055613932,-0.05565634851011732,-0.09399708867959088,-0.18692026645329837,-0.10471306141729247,-0.09564747958701666,-0.23854896705966278,0.03323725333307626,-0.12545477331225358,-0.19805269297137845,-0.2874090212372148,-0.388711403314278,0.20856429487241282,-0.1760076349859736,-0.24185746098155841,-0.18819662016908795,0.020674230958325702,-0.24037673642910162,0.07120010025739157,-0.003252581145826304,-0.07007027657543886,-0.1975591181205595,0.05564092429602923,-0.11034289955944589,0.05068975157375184,-0.228642765561586,-0.24935748508189293,-0.47915513867332477,0.00784514089055556,-0.2843820192224268,-0.17052047082413505,-0.4654160199743572,0.08576055835654998,0.19255781670249583,0.30038464133882176,0.38199030202539214,-0.053550943287092825,-0.3431714112191877,0.6552456788100219,0.6960967098223323,0.07509085826111267,-0.11538661756625182,0.12749462562540367,-0.05142240174293619,0.04057532318548582,0.10802926744623216,0.07190575805192176,0.07318211176771133,0.08996751274907695,0.1334792206915832,0.6615811747467055,0.22303606374056473,-0.012248754012705696,-0.037235980835414,,-0.13686097963039728,0.08429140196465927,-0.04086452719963753,0.012337443243712222,-0.1641965430480175,-0.05902653928836532,0.03659201989723617,-0.09133255569587306,0.03967686271485448,-0.10966809019309189,-0.2587855359432389,-0.2162416974347604,0.22676486749636085,-0.08653176906095457,0.1324149499195049,-0.05366276883923149,0.06412038599095755,0.021329760057069592,-0.09634542527450281,-0.29220980787213324,-0.060727058891577416,-0.08450734096189255,0.03917943181051353,0.002724301813309169,0.2421042484069679,-0.07078750253053512,0.012692200167738327,0.05087098608928692
#101,-0.4376678588298806,-0.09212304666788775,-0.13308590323233688,0.08198162590496756,-0.3937975379098262,-0.5940732457366509,0.02649687177658026,-0.39215100305592243,-0.04367944627071424,0.1371193352163728,-0.4401318770304532,-0.42772695285010554,-0.5170755690088978,-0.13425814350303183,1.0,0.8197950507553045,-0.31335254933338474,-0.07642890883325461,0.4965112355759498,0.19422748787753175,0.6419153017843887,0.22827258442347179,0.48912303702775395,0.3061648655683341,0.35076012455052874,0.07299316514513221,0.2243471219380525,-0.5101500968833448,-0.2715722094222668,-0.3238757193949852,-0.4241138306999701,-0.16603588057802243,-0.25139733739504305,-0.06626435174920228,-0.33279477119142414,-0.23998727502337733,0.02711384034010392,-0.15153711933521638,0.34093104412289243,0.3039437787396489,-0.5794356665670519,-0.41291199521849364,-0.3333269065774633,-0.3378539134123182,0.1594613093229734,0.10573491560062853,-0.2459294535008146,-0.41299297234245613,-0.11947789035311811,-0.348107159727377,-0.3318616062390946,-0.4610085507986851,-0.031702544031311154,-0.025706380804565568,0.16124666210367,0.36740285155157953,0.41688758639969925,0.18713234939700962,-0.11009611213403642,0.010097076147416926,0.03669998939585281,-0.022417167150280047,0.356193303963059,0.4046986012165849,-0.15454484108239422,0.008296299152632238,0.29162368773678576,0.1298391061667936,0.5766477398706294,0.5148082095379484,-0.023307915513867333,0.12943036449345918,0.18982773080890364,-0.1328429718604494,0.06838132513279284,-0.35348635439059894,0.11287632672341492,-0.011994254480252186,0.0780638755265923,0.0056240540618703785,-0.5313545352009486,-0.5282966847579844,,-0.4457809954402167,-0.19880847946169491,0.008897843502067808,-0.08779269856265605,-0.2694745163062863,-0.37879748970915716,-0.5277838296395554,-0.43537350698427696,-0.4008618279621721,-0.13904350592386222,0.03407401694735523,-0.12072339564073149,0.23928161722884714,0.2314114119903984,-0.20147686849893476,-0.16973383590564237,-0.3594940857779106,-0.30388593793681856,-0.40519603212092586,-0.001193448565066083,-0.21645378037847166,-0.14103322954122602,-0.28059537466380036,-0.10735831413340018,0.04949051892840273,-0.13414246189737114,0.1447041924941918,0.0862502771538469
#102,-0.2985877203975591,-0.06038387012811738,0.00026028361273654476,0.11279149354593042,-0.37238487270203313,-0.5770719057580519,0.1081372369448488,-0.44056375502491973,-0.1921799234573376,0.12889437305389798,-0.39412530245919813,-0.4217539259444921,-0.5391900359576991,-0.281216199280846,0.8197950507553045,1.0,-0.27045009784735813,0.02835548957419529,0.4094839636374153,0.37445171738983735,0.5002130469570918,0.3782306498414198,0.29673681470698815,0.32570734481794605,0.2955877107574253,0.01650198104749694,0.11990591229406264,-0.39471913470158965,-0.1654960330849392,-0.31707749703565885,-0.40460605593205634,-0.3303616014190277,-0.28511081333808913,-0.2553999209509028,-0.3140350708067828,-0.29539876413484617,-0.17729941291585127,-0.24357726085238063,0.21257073448179462,0.18644597187008954,-0.4748787753174014,-0.4047024572701069,-0.2616852881918001,-0.32308908447649254,0.1151976709436727,0.12093933463796477,-0.302443773919582,-0.33538989521174556,-0.07350216421003923,-0.14939700963049368,-0.24065051622916525,-0.32405309785699826,-0.10127346167564806,-0.03277838296395554,0.12761416328458638,0.3201507716927111,0.31488340258162784,0.2503986195328391,-0.017546971551965142,0.09740198393953708,-0.05574118168760182,-0.1439753983785295,0.21203474304223344,0.3214695419972429,-0.2411826516152044,0.13925944492109552,0.10380303278609507,0.09350351382877195,0.5184059074739957,0.6271196244203869,0.04905092882689212,0.11239432003316206,0.22762091137824994,-0.14422218580393895,0.12551647016860595,-0.20726866088901313,0.14234043168519178,0.016899154560265296,-0.01309708578755073,0.08320785092497084,-0.48208573935006216,-0.5077053589503823,,-0.4590920921982397,-0.33081275968110435,0.023828482739340424,-0.17918502308812045,-0.2817329104527971,-0.31455949408577794,-0.42967811593224914,-0.4251202606692181,-0.2599539201604118,-0.08460759835346515,0.011670345984402263,-0.19754754995999343,0.1724176491569703,0.3939517800507071,-0.20334705445711587,-0.08337751727993985,-0.291831914626975,-0.20570695921259388,-0.46285560043573404,-0.1361746021034772,-0.1680217481418642,-0.11839433931342967,-0.2703421283487415,-0.11011924845516856,-0.0714083271475808,-0.10744314731088468,0.0737836561171469,0.005762871988663203
#201,0.4415200562983814,0.21397048191028892,0.19035986619494277,0.2759565422768068,0.17611946053811228,0.460993126584597,-0.03595962711962442,0.13537639902441845,0.05783501875006025,0.21021854183336064,0.2180116260013689,0.1698071009225608,0.38365226109338396,0.0760394474275303,-0.31335254933338474,-0.27045009784735813,1.0,0.3240415296964322,-0.5808739745307665,-0.5168557739581425,-0.3934736294139763,-0.21575969074450754,0.053709041481495766,-0.3895211745539028,0.30616100951481207,-0.19493314567206194,0.2528125090376254,0.28889360184319357,0.41704182854058014,-0.09292124974694649,0.4187654844649244,-0.09340325643719935,0.1499908418728852,-0.11422980150964496,0.2095861490557489,-0.09895982956243432,-0.18163747312812703,-0.24034203194740342,-0.43891336411749393,-0.4002911320409127,0.26546807669690453,0.026292500939913047,0.23664407661978348,0.008828434538671397,-0.5319907840320823,-0.44349049964813514,0.3593745481187279,0.31377671522080725,0.28492957882255404,0.027441604889475866,0.16771326386010238,0.18808093856342725,0.050427539934254285,0.07968727405936395,0.06486460432070797,-0.25835751400229434,-0.49842769417639515,-0.5057194913865405,-0.09253950044826623,-0.20186247385113706,-0.2933280633935199,-0.2808113136610336,-0.5364021092612765,-0.4631332362893197,0.34940664976429875,-0.004124049241803476,-0.41691072272083135,-0.22820703151359742,-0.4543915629548938,-0.29990649070209097,0.3127124444487289,0.3036545747254972,-0.09398166446550278,0.1360743447119046,-0.25703874369776253,0.009854144775529485,-0.30703633366431127,-0.17799350254981539,0.25887808122776745,-0.2740285155157954,0.24278676988036593,0.32345926561460675,,0.29974068040064394,0.04877329297330647,-0.1443648597842538,-0.13166687553623244,-0.0060212275746387356,0.13572344384140053,0.3344374499918059,-0.022255212902355086,0.19024804064280412,-0.24316466312552418,-0.15491887827403045,0.05845198731358391,0.3106687360820568,-0.20739976670876192,0.6728254268169243,0.27734857759825704,0.5854781024360618,0.36799668379397105,0.6339062786191473,-0.13104605091918675,0.35384111131462503,0.06526177783347632,0.398660021401097,0.10160508227854202,-0.1810282166716474,-0.17694079993830314,-0.33399014778325126,-0.34166369429207677
