,#10,#11,#12,#13,#17,#18,#26,#49,#50,#51,#52,#53,#54,#58,#101,#102,#201,#202,#301,#302,#401,#402,#501,#502,#601,#602,#701,#702,#801,#802,#901,#902,#1001,#1002,#1101,#1102,#1201,#1202,#1301,#1302,#1401,#1402,#1501,#1502,#1601,#1602,#1701,#1702,#1801,#1802,#1901,#1902,#2001,#2002,#2101,#2102,#2201,#2202,#2301,#2302,#2401,#2402,#2501,#2502,#2601,#2602,#2701,#2702,#2801,#2802,#2901,#2902,#3001,#3002,#3101,#3102,#3201,#3202,#3301,#3302,#3401,#3402,#3455,#3501,#3502,#3601,#3602,#3701,#3702,#3801,#3802,#3901,#3902,#4001,#4002,#4101,#4102,#4201,#4202,#4301,#4302,#4401,#4402,#4501,#4502,#4601,#4602,#4701,#4702,#4801,#4802
#10,1.0,0.4258953274271447,0.36362777515351913,0.622075906413581,0.21508873743167556,0.280028534796063,-0.1945745326945138,0.5797055903135936,0.16041761059643508,0.40342610355431735,0.32070218734636036,-0.016513549208063007,-0.039102310740073074,-0.24831635063094676,0.13926330097461753,0.15084302970125224,0.474138413041173,0.05449567639998843,0.1234881860160219,0.25300916776724863,-0.03415499407131771,0.19368764038444852,0.057896715606412616,0.32445412742328866,0.02779250575997995,0.36564063509201505,0.09432870928248484,0.3164682405791792,-0.2021401097047227,-0.1656772676004743,0.026142114852554153,-0.010706332603896543,0.04301234901140428,0.13403834845227652,-0.0510869250865202,-0.11066295200177378,0.021183230023232722,0.11067066410881783,-0.09567832801519285,0.26483953997281484,-0.07772839887017632,-0.1471952030694186,0.06651113917461174,-0.013120222108682869,-0.11098686049762371,0.11158454879353726,0.03237349734414314,0.12036092660966134,-0.19343314085199503,0.15639189071944318,-0.06415509047265576,0.04912419384381055,-0.12003701811381141,-0.021919736245939094,-0.23860680786249314,0.0498067153172086,-0.3296212391427993,0.12350746628363202,-0.15550499840937793,0.08606133053126777,0.18541640557970945,0.119628276440477,0.10058708414872798,-0.07424638253978966,0.18301022818196716,0.21303346090443737,-0.22963377131674587,-0.16515670037500121,0.08822457655712261,0.2232365785237099,0.016151080176992856,0.2734308272198818,0.2543549304464346,0.13928643729574966,0.0437565673411547,0.08866802271215525,0.17057445557344336,0.09591740333355828,-0.2501556881609517,0.024514860266260496,-0.12386222320765812,-0.08302276035591374,-0.1350447784215245,-0.19272362700394283,0.29666740574359174,0.10676062583748662,0.06713967589870147,-0.1869279785603424,-0.135299277953978,-0.03744420772560323,-0.07611271244444873,0.10053695545294168,0.21399747428494306,-0.025741085286263773,0.06516152044190374,-0.022432591364368138,0.20197429940327571,0.3163564150270406,0.11256784244165309,0.15552813473051005,-0.021942872567071232,0.0767142567938843,-0.0029248165964543588,0.41477446906963067,0.26680227121552447,0.2569346302526679,0.11925423924884078,0.02218194788543665,-0.19150511409098359,-0.014940279371077671,-0.005504516402687669
#11,0.4258953274271447,1.0,0.32608909411662634,0.5464741210608003,0.2600618896590285,0.24684333818553403,0.1739986311009997,0.2013149142510098,0.036696133342330794,0.45626560496659696,0.35026654969970983,0.20500901352510773,0.317779298776667,-0.04215244907599317,0.0818042474429545,0.16371839241128666,0.49540840426865124,0.23806696036940994,0.10158580201093191,0.2066208438973133,-0.12464114601910674,0.03487993213345801,0.07610114428388266,0.21266327976632315,0.0050957747293532436,0.27232028380553924,0.11044315695101849,0.10993415788611145,-0.09282870446241794,-0.11473494452102995,0.0065880674423761006,0.10243027773225492,0.120808228818216,0.2937946458696847,-0.07088775992210772,-0.01218705715635333,0.1619870243798984,0.13768617508411016,0.11992133650815073,0.22960677894209172,-0.13106147513327485,-0.03646862618453144,-0.037899222041201934,0.15369265325402717,0.03961516585850212,0.1921837795108596,0.19893187317439967,0.11006526370586024,0.09358449095273443,0.24680092159679176,0.08469628758447167,0.17935468944308947,0.10515265151880308,0.051445538064068326,-0.16975311617325248,-0.10136215090665458,-0.20276864642881243,-0.0023502646216729487,0.031062439146655355,0.21370827027079137,-0.11362440110668737,-0.1795282118515805,0.2138355200370181,0.12463728996558472,-0.009129206713389182,0.0581473590853441,-0.09610249390261537,-0.1381951741490172,0.11043930089749646,0.11233647923033172,0.0806242950652155,0.14516306286331254,0.11247529715712454,0.1618674867207157,-0.11781593128512624,0.048372263407016086,-0.06181446598478787,-0.21350775548764617,0.028320785092497084,0.1566618144659848,0.08627726952850105,-0.03567813521251675,-0.014589378500573588,-0.05227073351778123,0.19263879382645832,-0.08631583006372129,-0.1806040507842249,-0.0014595162580856623,-0.10153567331514561,-0.09633771316745876,-0.012888858897361495,-0.1472954604609912,-0.02109839684574822,-0.10174775625885688,-0.049478950767836656,0.06106253554799341,0.15678520817868952,0.36496582572566105,0.27461849170466485,0.12687765706188,0.2899077439194856,0.021888887817762912,0.04122314017718566,0.27796940221530275,0.24986648414679996,0.20991391360512085,0.2473292009293089,-0.3142548658575381,-0.2928884732920093,-0.10945600724938062,-0.05881831239817609
#12,0.36362777515351913,0.32608909411662634,1.0,0.47627466669237367,0.33429477601149105,0.40947625153037126,-0.12536994013476907,0.12888280489333193,-0.10543799947943278,0.09963463892878834,0.30324583305216274,0.04393780185668977,0.055359432388921555,-0.07117310788273741,0.029088139743379638,0.05421418449288076,0.5487067760500516,0.6572276903203417,-0.15049598488427018,-0.08440322751679794,-0.22152449075993175,0.04216401723655924,0.3865558693954672,0.4282205277009245,0.18260148650863273,0.33451457106224636,0.11709099322298594,0.08534796062969353,-0.0034800883036256542,0.011304020899810089,0.5464779771143223,0.43874755381604696,0.46504583883624306,0.4661640943576297,-0.2065051622916526,0.17037394079029816,0.083234843299625,0.07449316996519911,0.19351026192243548,0.08057802242295123,-0.13650236665284915,-0.0385508950864238,-0.07543019097105068,-0.12927612235257827,-0.14392141362922117,-0.036071452671763087,0.021588115643045126,0.21385865635815024,0.03143262028476955,0.380960735735012,0.20486633954479289,0.5369265325402717,0.3537717023512286,0.43065755352684293,-0.03900976545554452,0.011751323108364744,-0.44630927477273385,-0.2926956706159081,-0.0852746956127751,0.10371819960861056,0.2591595731348751,0.2070103053030376,-0.11453442973788476,-0.11834035456412136,0.07994562964533948,-0.11722209904273471,-0.1441797692151967,-0.10804469166032024,-0.06433632498819084,0.03131693867910887,0.30782682463632594,0.2109357677884569,0.08386338002371473,0.06807669690455304,-0.2480040102956629,-0.153160517867988,0.12193034039312466,-0.04659462273336354,-0.00728215707634022,0.24970452989887498,-0.12354988287237427,-0.06545458050957748,-0.06316794077101791,0.0045829196109242,0.2218059826670394,-0.040170437565673414,0.00966134209942834,-0.2008598999354111,-0.09252407623417813,-0.025818206356704232,-0.09965006314287643,-0.09650352346890576,0.11133776136812779,-0.011689626252012378,0.029496881416714065,0.3941600069408963,0.6686724571737056,0.5035948058959059,0.6198316832637637,0.2645464799051411,0.4171999267349831,0.6396787907416155,0.610955048056067,0.40041452575361747,0.6270039428147263,0.48226697386559725,0.5442376100180271,0.13957178525637937,-0.11833264245707731,-0.07223737865481573,-0.1306488774064184
#13,0.622075906413581,0.5464741210608003,0.47627466669237367,1.0,0.3225261006622772,0.34784880414140146,-0.057414708916159754,0.2314576846326627,-0.08233638282899367,0.4458002757078268,0.28233831085575467,0.0997117599992288,0.11340846210945407,-0.09770661216777689,0.0864700722046022,0.10495984884270193,0.5887904524114794,0.2771017901728476,-0.00570503118583286,0.12149460634513606,-0.21742936191954346,0.06799957583411258,0.03875140986956899,0.3645840764269808,0.030954469648038715,0.2103457915995874,0.02911898817155582,0.32312764501171276,-0.2585310364107854,-0.30854019453790016,0.1294496447610693,0.0744391852158908,0.2500245823412029,0.3111738790934418,-0.16622868325412357,-0.19813752614886296,0.07728495271514368,0.03573983206886912,0.02362411190267321,0.16277365929839105,-0.14365148988267956,-0.22130083965565442,-0.08057416636942921,0.054245032921056945,-0.14451910192513473,0.1529561470313208,0.21388950478632643,0.36001079694986166,-0.1659471913470159,0.3791908071684035,0.07694562000520568,0.2556235720551801,-0.056489256070874266,0.17107188647778432,-0.30372783974241563,-0.14307693790789816,-0.43905218204428675,0.012888858897361495,-0.19561566714545997,0.17270685317112203,0.19983418969855302,0.19255396064897382,0.12792650361987024,-0.0058785535943238895,0.059932711866040704,0.09982744160488947,-0.17802049492446956,-0.13919389201122112,0.049448102339660474,0.23062477707190576,0.03051873560005013,0.21344991468481583,-0.0010777669594053965,0.24679706554326974,-0.03506887875603713,0.07066025276430837,0.12191106012551454,-0.02059325383436322,-0.08702148785825148,0.09532742714468877,0.023327195781477447,-0.1040768125861587,-0.081044604899116,-0.06718594854096575,0.3243615821387601,0.004374692720734963,-0.04439281617228847,-0.1312735580769861,-0.10460123586515381,0.011377285916728524,0.050038078528529976,-0.014091947596232635,0.3100132069833129,-0.12394320033162061,-0.053716753588539806,-0.053257883219419086,0.25156314769649,0.36576788485824185,0.2621942872567071,0.11036989193410005,0.30257102368580874,0.12939180395823893,0.12482623658816384,0.4027281578668312,0.46073091494509943,0.36880259898007384,0.3106301755468366,0.0019723713765147062,-0.015996838036111943,-0.14174659944280027,-0.13614760972882303
#17,0.21508873743167556,0.2600618896590285,0.33429477601149105,0.3225261006622772,1.0,0.6789758321845507,0.21653861355595616,0.366982541717679,0.06186845073409619,0.36127943855860717,0.2715413609940906,0.5966105289541419,0.5309380814205701,0.33390917065928877,-0.33519323648212235,-0.3304310103824241,0.386347642505278,0.2235180704308176,-0.2158869405107343,-0.14857952628382481,-0.16710400740362277,0.008693472665400596,-0.02981307780551994,0.07254586293657755,-0.05404451813791175,-0.05785815507119239,0.029523873791368224,0.1787377208795658,0.29411084225849055,0.2396440862599173,0.2750272333779993,0.21016455708405232,0.17024669102407142,0.16541505596097675,0.14613093229734028,-0.0670779790423491,0.17909247780359192,0.016899154560265296,-0.033094579352761416,-0.0530920729179721,0.16313998438298324,0.09046879970693993,0.34801075838932644,0.23654381922821088,0.13063730924585235,0.14065148024254576,0.040239846529069825,-0.07153172086028554,-0.11381334772926648,0.161080851802223,-0.27228172327031896,0.09980044923023532,-0.12184550721564015,0.20721853219322683,-0.18248580490297206,-0.02559069919890488,-0.259641579825128,-0.09210376640027763,-0.20454243104894296,0.013660069601766073,0.01690301061378732,0.02717553719645629,0.19636759758225444,0.2441942294159043,-0.12903704703421284,-0.0859148004974309,0.20823267426951886,0.10785574503774112,-0.20969026250084352,-0.16356029421688373,-0.13657563166976758,-0.07582350843029702,0.0034376717148834027,-0.015591952416299537,0.04438510406524442,0.12751390589301378,-0.07574638735985656,-0.1668765002458234,0.18549738270367191,0.3183191462697502,0.3740815362517232,0.3669324130218927,0.1696374345675918,0.4979572556467084,0.7340557006931256,0.10779404818138875,0.08599577762139339,0.05294554288413523,0.05180415104161646,0.43353416945427203,0.5575371386154839,0.0604378548774257,0.3274657052239885,-0.0826101626290573,0.042364532019704436,-0.033368359152825045,0.09186854713543424,0.06890960446530998,0.06277076725824954,-0.042364532019704436,0.05189284027262298,0.2610953120029306,0.4097230389557807,0.030592000616968564,0.11026963454252744,0.10681461058679495,0.11695988740323715,0.031289946304454704,-0.13787897776021132,-0.08196620169087947,-0.0704134653388989
#18,0.280028534796063,0.24684333818553403,0.40947625153037126,0.34784880414140146,0.6789758321845507,1.0,0.10768607868277212,0.573053897988104,0.30785381701098014,0.5171449779722943,0.25743206115700884,0.46951114881474554,0.6167892570348876,0.39948136080128793,-0.3001185736458022,-0.37821522562733173,0.5025652396055257,0.4703633366431126,-0.2694706602527643,-0.26075212323947056,-0.23348211273172473,-0.19759382260225772,0.0643980218445432,0.03671155755641888,-0.08664745066661525,0.032038020687727146,0.04241851676901275,0.05340055719973393,0.4786461396084178,0.28990003181244156,0.4638273259232838,0.3267870398041125,0.38195174149017186,0.22142423336835915,0.1932403381758939,-0.01832203830989174,0.3486971359162465,0.10020147879652569,0.13041365814157502,0.0008772521762602065,0.18178014710844187,0.1175729999132388,0.316425823990437,0.0813646573414439,0.11968226118978531,0.0012782817425505866,0.16890864045192946,0.0674134556987651,-0.008608639487916092,0.14933916882766332,0.04698408413908785,0.2766776242854251,0.15425949312176454,0.329740776801982,-0.06452527161076996,0.04208304011259676,-0.2668254075366566,-0.3137111623109329,-0.15112837766188195,0.023527710564622637,-0.057318307578109184,-0.005851561219669729,0.10880047815063673,0.07296617277047805,0.00828473099206617,-0.10990330945793528,0.3006275727107092,0.18813492331273557,-0.3134181022432591,-0.08497777949157935,0.06531190652926262,-0.11978251858135791,0.0934610972400297,-0.1670577347613585,-0.07867698803659395,-0.07568469050350418,-0.1319984961391264,-0.1955501142355856,0.12016426788003817,0.34856988615001977,0.21173397086751564,0.2403188956262713,0.011527672004087417,0.4433362575072542,0.6712945735686812,0.06034530959289715,-0.035392787251887055,0.17341251096565222,0.12659616515477234,0.37859311887249,0.31039110022847116,0.026435174920227893,0.19624420386954972,-0.14826332989501895,-0.023951876452045155,0.24237417215350948,0.3012753897024091,0.41102638504622446,0.3450146048027147,0.011635641502704058,0.24433690339621914,0.4683234843299625,0.44494037577241574,0.3248243085614028,0.3254721255531027,0.39667415383725524,0.34047602980729375,-0.060607521232394705,-0.239929434220547,-0.17934697733604543,-0.2071414111227864
#26,-0.1945745326945138,0.1739986311009997,-0.12536994013476907,-0.057414708916159754,0.21653861355595616,0.10768607868277212,1.0,0.15312966943981182,0.14972477417986563,0.10167063518841642,0.208086144235682,0.30137950314750367,0.43239277761175327,0.3607010305303038,-0.11660127442568903,-0.15542787733893745,-0.04780927959280075,-0.07819112529281906,0.09501508680940492,0.3016532829475673,-0.05817435145999827,-0.09193795609883065,-0.45999055266887107,-0.2487289483578032,-0.29078692412250684,-0.14230572720349358,-0.17455004675464894,0.07020909450223169,0.3194990986474892,0.26534468298419983,-0.1957043563764665,-0.11393288538844919,-0.12455245678810022,-0.20954373246700664,0.31703893650043863,0.13892782431820153,-0.010266742502385934,0.17638167217760983,-0.21419027696104423,0.18819662016908795,0.15855899279882005,0.2017892088342186,0.011847724446415317,0.4435367722903994,-0.020427443532916235,0.23873405762871988,0.18630715394329672,0.07049829851638341,0.0011780243509779916,-0.03328738202886256,-0.20915427106128234,-0.07669112047275216,-0.21605275081218128,-0.15408211465975147,-0.22302835163352067,-0.10456267532993357,-0.15106668080552957,-0.14440342031947404,-0.2340026799571978,-0.1805076494461743,-0.3364348857162137,-0.06577077689838334,0.440937792216556,0.5735050562501808,-0.05176173445287421,0.08000347044816981,0.5630859996336749,0.5552890594121447,0.15138673324785748,0.03272439821464722,0.21838566319300512,0.040131877030453185,-0.15478006034723762,-0.19958740227314356,0.05660879373005697,0.1074470033644067,-0.05340826930677798,-0.13623629895982955,0.49220787984537223,0.2886892310065264,0.3196803331630243,0.34790664494423185,-0.000591904215630513,0.24098599288558126,0.11280306170649648,-0.167983187606644,-0.2403381758938814,0.2168162494095418,0.1908495849922397,0.26551434933916884,0.26691409676766314,-0.2843280344731185,-0.25295903907146233,-0.32278831230177474,-0.37990417706997776,-0.06508054331794125,-0.17839067606258374,-0.014354159235730192,-0.025933887962364916,-0.0955202298207899,-0.047697454040662085,-0.13261160864912805,-0.1413301456624218,-0.08836339448391543,-0.19914395611811092,-0.013494259300319089,-0.17497806869559349,-0.22492552996635592,0.1978945947769755,-0.3548899578726153,-0.2934707373738347
#49,0.5797055903135936,0.2013149142510098,0.12888280489333193,0.2314576846326627,0.366982541717679,0.573053897988104,0.15312966943981182,1.0,0.4183490306845459,0.5235190344441981,0.40990041741779376,0.3493526650149904,0.3845237291893612,0.20383291720089075,-0.0939855205190248,-0.1500409705686715,0.3586881705918078,0.03084264409590005,0.03967686271485448,0.16922869289425738,-0.17871072850491165,-0.017061108808190256,-0.15476463613314953,-0.05700982329634735,-0.22576614963415692,0.09061918579429883,-0.06976950440072108,0.17165029450608774,0.2719848071491232,0.2368175990282745,0.053500814591306525,0.018672939180395823,0.009842576614963416,-0.0947258827952532,0.21283294612129217,0.030684545901497114,0.1664214859302247,0.197308474641628,-0.16036362584712677,0.19476733537061494,0.14432629924903356,0.14878004106697001,0.1584124627649832,0.30929598102821665,-0.13632498819083608,0.1506000983293648,0.0031446116472096633,0.009599645243075975,-0.13215273828000731,-0.07750860381942101,-0.17824028997522487,0.005967242825330415,-0.14524403998727503,-0.1129573038473774,-0.3457665352395091,-0.005126623157529426,-0.303288249640905,-0.0804199242285483,-0.3293011867004714,-0.13889697589002536,-0.021163949755622607,0.050612630503311384,0.3640133805057214,0.2237224412674848,0.13618231421052124,0.0981462022692875,0.36539770372012764,0.3218512912959232,-0.007077786239673006,0.12051902480406428,0.16474024659462275,0.053539375126526755,0.22452450040006555,-0.14018875381990303,0.1269933386675407,0.22832656917278013,0.06465637743051873,0.027418468568343728,0.11260640297687331,0.32762765947191347,0.09574002487154522,0.10257295171256978,-0.06613710198297552,0.20804372764693974,0.4905497768309024,0.14781217163294227,-0.010459545178487078,-0.008304011259676284,0.054765600146530036,0.21920314653967396,0.19572363664407663,-0.06253554799340615,0.0320303085806831,-0.21016455708405232,-0.14914636615156218,-0.019771914434172345,0.09364233175556477,0.30130623813058527,0.0418362526871873,0.03276295874986745,-0.10980690811988471,0.08508189293667397,0.04028226311781208,0.30238593311675166,-0.0664185938900832,0.255438481486123,-0.04397636239191,-0.031247529715712454,-0.07897004810426769,-0.15194971706207283,-0.19682646795137518
#50,0.16041761059643508,0.036696133342330794,-0.10543799947943278,-0.08233638282899367,0.06186845073409619,0.30785381701098014,0.14972477417986563,0.4183490306845459,1.0,0.13521830083001551,0.014708916159756297,0.105981703026038,0.2551492774719713,0.1374702360868769,-0.1581463950719636,-0.10747013968553884,-0.019879883932788986,0.03961516585850212,0.031093287574831537,0.018591962056433344,0.005689606971744768,-0.0666885176366248,-0.010671628122198335,0.02619224354834045,-0.2630618992991623,-0.00021786702399429305,-0.12728639873521444,0.007224316273509876,0.3621084900658421,0.16437392151003055,0.09105877589580944,-0.13646766217115094,0.06955742145700983,-0.07968341800584192,0.23343198403593843,-0.06524249756586621,0.010016099023454446,0.14908852534873185,0.04318201536637328,0.1364445258500188,0.17414516113483655,0.039584317430325935,0.02764597572614308,0.009962114274146125,0.19042927515833918,0.16026722450907618,-0.020234640856815093,-0.11817454426267436,0.12397019270627477,-0.039268121041520054,-0.050905690570985124,-0.14265277202047563,-0.02342359711952802,-0.049104913576200435,0.07323609651701965,0.1657775249920469,-0.03453674336999798,-0.039962210675484174,-0.032134422025777716,0.004879835732119962,-0.32380245437806676,-0.13597023126681,0.12467585050080496,0.034178130392449844,0.17517087137169463,0.1279882004762226,0.08652405695391052,0.06199955655384497,0.07039418507128879,0.11248300926416858,0.18073901265749567,0.016305322317873773,0.08028110630175547,-0.37363423404316853,0.00791069380042995,-0.06649957101404567,-0.271097914839058,-0.1211282812605439,0.09616033470544572,0.21696277944337866,-0.12513086481640365,0.010764173406726885,-0.09269759864266916,0.021094540792226196,0.10698813299528598,-0.20264910876962972,-0.3554336614192205,0.23508623099688625,0.09913720802444738,-0.04154319261951356,-0.0862001484580606,-0.0362758235084303,-0.05738000443446155,-0.21200389461405725,-0.206065572190142,-0.02375521772242199,-0.11220922946410496,0.1022914598054621,-0.041080466196870814,-0.03743263956503716,-0.12327224701878862,0.09120144987612427,-0.08681711702158426,-0.02089788206260303,0.004127905295325499,0.0639430075289445,-0.027403044354255637,-0.3003576489641676,-0.1293648115835848,-0.2956455515602557,-0.23601553989569377
#51,0.40342610355431735,0.45626560496659696,0.09963463892878834,0.4458002757078268,0.36127943855860717,0.5171449779722943,0.10167063518841642,0.5235190344441981,0.13521830083001551,1.0,0.3483462350457424,0.4165482536897612,0.46629520017737847,0.2301774748633511,-0.06475663482209133,-0.02635419779626541,0.4832001388179268,0.1222928094241948,-0.12738665612678704,0.10313593552678511,-0.16703074238670432,0.013305312677739966,-0.16465541341713824,-0.047404393972988346,-0.24450271369766613,-0.09236212198625317,-0.06316794077101791,0.18649610056587584,0.09695468173098243,-0.1238236626724379,0.10233387639420435,-0.00753665660879373,0.03578610471113339,-0.05687100536955453,0.037783540435541246,-0.2418343246604263,0.09541226032217327,-0.024676814514185456,-0.128393086096035,-0.031301514465020774,-0.05992885581251868,-0.05093268294563928,0.14620805336778075,0.17406418401087406,-0.14107179007644627,0.053111353185582216,0.24252455824086838,0.1756528780619475,-0.0033027098416126017,0.08444564410554019,0.15081218127307608,0.1439291257362652,0.030900484898730395,-0.037968631004598345,-0.14497411624073342,-0.07275794588028882,-0.2734346832734038,-0.14364377777563553,-0.3684401299490037,-0.2206915831991748,-0.1871747659857519,-0.12955761425968593,0.15939961246662104,0.08067056770747978,-0.1253236674925048,-0.06036844591402929,0.254081150646371,0.19605140119344858,-0.027079135858405715,0.23934717013872153,0.0428812431916555,0.009865712936095552,0.05528616737200313,0.014269326058245688,-0.1706978492861481,-0.06584018586177977,-0.1702081304888512,-0.2362584712675812,0.08940452893486162,0.12861673720031233,0.16782894546576307,-0.0479365293590275,0.09575930513915533,0.3009900417417794,0.4326202847695526,0.019178082191780823,-0.17441894093490018,-0.1027117696393626,-0.12678511177735147,0.21878283670577348,0.09207291797210146,-0.1451553507562685,-0.05599953727357736,-0.32758909893669325,-0.2648241157587267,0.019505846741152768,-0.07595847030356781,0.391229406264159,0.02430663337607126,-0.101936702881436,0.11710641743707402,0.045160170823171024,-0.0180791069380043,0.35192465271417966,0.08520914270290071,0.1996799475576721,-0.041454503388507036,-0.26190893929607745,-0.22204120193188281,-0.2880221337472164,-0.3363539085922513
#52,0.32070218734636036,0.35026654969970983,0.30324583305216274,0.28233831085575467,0.2715413609940906,0.25743206115700884,0.208086144235682,0.40990041741779376,0.014708916159756297,0.3483462350457424,1.0,0.06114736872547791,0.25763257594015404,0.03777968438201922,0.05910366035880578,0.0742193901651355,0.3196919013235904,0.014759044855542596,0.148776185013448,0.27663906375020486,-0.03847377401598334,0.21484195000626607,0.10609352857817667,0.2651248879334445,0.058336305707923225,0.2726056317661689,0.1611309804980093,0.3095312002930601,-0.02723337799928663,0.0956706159081488,0.1156025565634851,0.3030568864295836,0.06652656338869983,0.14256793884299115,-0.15778392604089345,0.10806782798145238,0.16071067066410882,0.22526871872981596,-0.09670403825205094,0.16652945542884134,-0.062261768193342525,0.09056905709851253,0.059335023570127154,0.14323118004877908,-0.04847637685211071,0.17019656232828512,0.10383388121427126,0.12361157972872663,-0.18146395071963597,0.16247288712367328,-0.06095456604937677,0.17107959858482835,-0.03515371193352164,0.10387244174949148,-0.20845246932027417,0.034455766246035496,-0.24690117898836436,0.10664880028534796,-0.0788389422845189,0.180962663761773,0.09287883315820424,0.020010989752537765,0.0882207205036006,0.01670249583064213,0.1720628922329442,0.25150916294718173,0.07725410428696751,0.1878380071915398,0.07725410428696751,0.15172992201131752,0.005647190383002516,0.09027599703083879,-0.06268207802724302,-0.1721670056780388,-0.03078865934659173,-0.0778248002082269,-0.04614732052480888,-0.24688961082779828,0.07726952850105559,0.28856198124029964,0.033291238082384586,-0.029365775596965286,-0.033349078885214926,0.014246189737113552,0.34848505297253524,-0.06754456151851387,-0.08034665921162985,-0.15532376389384284,0.022706371164431763,-0.002265431444188445,0.16282378799417735,-0.09621046340123202,0.16202944096864064,-0.14904225270646757,0.004131761348847522,-0.10321305659722557,0.28799899742608426,0.03940693896831288,0.0930754918878274,-0.15763353995353455,-0.03365756316697676,0.11767711335833342,0.279353725429709,0.015696065861394156,-0.019386309081970057,0.11193544966404134,0.05358179171526901,0.06664995710140456,-0.05972062892232944,-0.05935044778421524,-0.074473889697589
#53,-0.016513549208063007,0.20500901352510773,0.04393780185668977,0.0997117599992288,0.5966105289541419,0.46951114881474554,0.30137950314750367,0.3493526650149904,0.105981703026038,0.4165482536897612,0.06114736872547791,1.0,0.4752219640808614,0.5487067760500516,-0.3353783270511795,-0.41552639950642517,0.2729218281549748,0.13082625586843144,-0.3803013505827461,-0.27786914482373015,-0.40245052201324555,-0.40686184724243973,-0.19857326019685154,-0.3677807447967378,-0.2782470380688884,-0.4383311000356685,-0.29441547048673034,-0.1175382954315406,0.32265335042850396,0.21563244097828077,-0.016714063991208197,-0.16650631910770922,0.011631785449182034,-0.2043264920517097,0.23424175527556323,-0.16304743909845468,0.05117561431752673,-0.18545496611492968,-0.06118978531422016,-0.24569037818244918,0.104801750648299,0.006908119884704,0.2759565422768068,0.19844601043062476,0.004359268506646872,-0.12371569317382125,-0.020863177580904824,-0.07878881358873262,0.045719298583864344,-0.03259714844842047,-0.07433121571727415,0.0804893331919447,0.017111237503976556,-0.020905594169647074,-0.29625480801673526,-0.3556688806840639,-0.2169165068011144,-0.3097625635043814,-0.22007461463565114,-0.19502183490306846,-0.10139685538835279,-0.01012792457559311,0.2776609179335409,0.16302815883084457,-0.4090675098570368,-0.3561393192137507,0.490476511813984,0.3324978550702284,-0.2880529821753926,-0.11433005890121754,-0.09321430981462023,-0.24963126488195655,-0.227293146828878,-0.13854221896599925,-0.05544426556640606,0.07897004810426769,-0.03168326376370104,-0.08241350389943412,0.19257709697010594,0.07815256475759884,0.4233349078885215,0.42022307269624903,0.35829870918608353,0.6612958267860758,0.47266154454223824,0.2461184001233937,0.12894064569616226,0.114742656628074,0.034737258153143165,0.4519429689684093,0.39333866754070546,0.1420512276710401,0.09665776560978666,-0.10610124068522071,-0.04765503745191983,0.08196620169087947,-0.24390502540175257,0.18011047593340596,-0.1279496399410024,-0.03573983206886912,0.015495551078248966,0.09870147397645879,-0.01906625663964216,0.209269952666943,-0.1310036343304445,0.008091928315965025,-0.15949986985819364,-0.0608928691930244,-0.024071414111227863,-0.21419413301456625,-0.14497797229425544
#54,-0.039102310740073074,0.317779298776667,0.055359432388921555,0.11340846210945407,0.5309380814205701,0.6167892570348876,0.43239277761175327,0.3845237291893612,0.2551492774719713,0.46629520017737847,0.25763257594015404,0.4752219640808614,1.0,0.5442568902856372,-0.13200235219264844,-0.15447928817251982,0.23586129775481285,0.17076340219602248,-0.030310508709860892,0.05305736843627389,-0.11215524471479664,-0.029998168374577038,-0.0901101867293918,-0.04400335476656416,-0.1848881262471923,-0.06981963309650738,-0.02196986494172539,-0.09302921924556312,0.491995796901661,0.19131616746840446,0.1980642611319445,0.06197642023271283,0.08480040102956629,-0.03042619031552158,0.1947094945677846,-0.10175546836590092,0.24061195569394503,0.12536994013476907,-0.11515911040845248,0.03562029440968641,0.03608302083232915,0.0040584963319290875,0.40449423037991766,0.4283400653601072,0.20980208805298217,0.26726499763816725,0.2732033200620825,0.00598652309294053,0.052679475191115654,-0.027692248368407352,-0.025409464683369805,0.04564603356694591,-0.03051873560005013,0.04311260640297687,-0.15550499840937793,-0.017203782788505106,-0.10595471065138384,-0.14157693308783126,-0.09813463410872143,0.010027667184020515,-0.231843289984865,-0.1328931005562357,0.3808604783434394,0.45904967560949744,-0.17344335939382838,-0.1365794877232896,0.5975745423346476,0.40136311492003507,0.006487810050803505,-0.06017949929145017,0.1531913662961642,-0.013351585320004241,0.1405705031185833,-0.15577877820944155,0.015935141179759575,-0.018487848611338724,-0.14331601322626358,-0.28045655673700753,0.4592540464461647,0.4901641714787001,0.6354602681885224,0.23032400489718796,-0.053562511447658896,0.3597447292568421,0.5509047265576046,0.00268574127808894,-0.13797152304473986,0.006356704231054727,-0.06318722103862802,0.3257998901024746,0.3725545390570021,-0.3552331466360753,-0.049849131905950854,-0.20012724976622676,-0.12299461116520297,-0.031771952994707565,-0.008068791994832888,0.17665545197767346,0.163945899569086,-0.0845998862464211,0.1391553314760009,0.10438529686792053,0.07508700220759064,0.031968611724330735,0.07206000019280268,0.2027647903752904,0.09053435261681432,-0.22891654536164963,-0.029431328506839674,-0.10900870504082597,-0.1751130305688643
#58,-0.24831635063094676,-0.04215244907599317,-0.07117310788273741,-0.09770661216777689,0.33390917065928877,0.39948136080128793,0.3607010305303038,0.20383291720089075,0.1374702360868769,0.2301774748633511,0.03777968438201922,0.5487067760500516,0.5442568902856372,1.0,-0.4329441932654025,-0.5696875632633781,0.05816663935295422,0.1590217192214628,-0.4054736679745115,-0.1909845468655105,-0.3642254634494327,-0.41087599895886556,-0.36056221260351096,-0.40489525994620806,-0.38818312398176086,-0.33974337963810936,-0.20521338436177494,-0.19811824588125282,0.4250701319734318,0.30233580442096536,0.1315396257700057,-0.0572373304541467,0.10996500631428764,-0.22749366161202317,0.287613392073882,0.023138249158898325,0.08838653080504758,-0.03328352597534054,-0.1657081160286505,-0.18963878418632452,0.16849604272507301,0.17195106668080554,0.13644838190354083,0.22078798453722537,0.09738270367192696,-0.01719607068146106,0.2644924951558328,0.06538131549265903,0.22599751284547828,-0.11036603588057803,0.18331100035668496,0.09958836628652405,0.15796901660995055,0.07021680660927573,-0.2531441296405194,-0.24884077390994186,-0.1587016667791349,-0.40149422073978386,-0.04586197256417919,-0.22435869009861856,-0.1458455843367106,-0.14684430219891453,0.306145585300724,0.33884491916747805,-0.4786577077689838,-0.4076214897862782,0.7301418063682724,0.4349647653109425,-0.2601043062477707,-0.2728061465493141,0.10933646959019791,-0.21611830372205565,-0.28990003181244156,-0.25753231854858144,-0.061155080832521955,-0.0997965931767133,-0.054696191183133624,-0.2343882853094001,0.35303519612852224,0.13929800545631574,0.28614423568199127,0.257293243230216,0.2763112992008329,0.5936683601168384,0.4449172394512836,-0.0057782962027512945,0.13751265267561913,0.19567736400181235,0.12146375791695989,0.42476164769166996,0.27003750012050165,-0.048029074643556054,-0.08524770323812095,-0.05631187760886121,-0.03013313024784784,-0.13935199020562405,-0.19264650593350235,0.07485178294274725,0.07935565345646997,0.060487983573211994,0.1291681528539616,0.2619860603665179,0.12513086481640365,0.14948955491502222,-0.022895317787010885,0.13023242362603993,-0.05078615291180241,-0.03902133361611059,-0.04827586206896552,-0.11001899106359596,-0.080034318876346
#101,0.13926330097461753,0.0818042474429545,0.029088139743379638,0.0864700722046022,-0.33519323648212235,-0.3001185736458022,-0.11660127442568903,-0.0939855205190248,-0.1581463950719636,-0.06475663482209133,0.05910366035880578,-0.3353783270511795,-0.13200235219264844,-0.4329441932654025,1.0,0.8695689896175759,-0.06431704472058072,-0.2913460518832001,0.6707971426643402,0.55181089913528,0.5382761512729797,0.4901140427829138,0.3581020504564603,0.36494654545805094,0.34915600628536725,0.22420444795773764,0.02902258683350525,-0.17803591913855765,-0.19895115344200978,-0.30676640991776966,-0.2132763922763248,-0.20767354650882555,-0.3090260572816751,0.028266800343188764,-0.10469763720320438,-0.10299711759999229,-0.04147378365611715,0.060657649928181005,0.05632344576942728,0.05835558597553334,-0.038759121976613034,-0.140859707132735,0.1595152940722817,0.22515689317767731,-0.16174794906153298,0.2570348876442405,-0.09255106860883229,-0.04592752547405358,-0.33645802203734587,-0.10428503947634793,-0.06420521916844206,-0.13720031234033528,-0.260316389191482,-0.24811583584780156,0.012287314547925926,0.09791869511148815,0.03503803032786095,0.2470245727010691,-0.12289435377363038,0.053138345560236375,0.20303857017535404,0.20103727839742416,0.24302584519873136,0.1631168480618511,0.10104209846432669,0.22081883296540156,-0.05389798810407488,-0.03854318297937975,0.6535220228856776,0.7062496987458186,0.026358053849787434,0.4392874013091302,0.47616284114023505,-0.04674500882072243,0.2474294583208815,-0.1190383002516075,0.06057667280421852,-0.052023946092371764,-0.0020919090356974154,-0.021692229088139742,0.1509008705040826,-0.032103573597601534,-0.42942747245331764,-0.5956040989848939,-0.27552466428234024,-0.19808739745307666,-0.26217886304261906,-0.12019126025469233,-0.15893302999045628,-0.13988412559166322,-0.0902952772984489,-0.2796275052297726,-0.12512315270935961,-0.23151938148901507,-0.20737277433410775,-0.10438915292144255,0.04812933203512865,-0.034216690927670074,-0.02020764848216093,-0.2637174283979062,-0.27402465946227333,-0.25987679908997136,-0.2177069977731291,-0.19339072426325277,-0.09334155958084699,-0.24779192735195166,-0.26460817676149345,0.0623928740130913,0.20861827962172114,-0.033769388719115424,-0.1714921963116848
#102,0.15084302970125224,0.16371839241128666,0.05421418449288076,0.10495984884270193,-0.3304310103824241,-0.37821522562733173,-0.15542787733893745,-0.1500409705686715,-0.10747013968553884,-0.02635419779626541,0.0742193901651355,-0.41552639950642517,-0.15447928817251982,-0.5696875632633781,0.8695689896175759,1.0,-0.1266385817435146,-0.23902711769639362,0.5841901805597062,0.5330087821618964,0.4483298468182738,0.6209229464104962,0.3134489506714353,0.4636345232471827,0.28887046552206147,0.3148062815111874,-0.028567572517906547,-0.020142095572286543,-0.3223564343073082,-0.38243374818042475,-0.25304001619542477,-0.19592800748074382,-0.26711461155080835,0.16462070893544004,-0.25305929646303493,-0.12146375791695989,-0.159056423703161,0.04118072358844341,0.025417176790413852,0.11955886747708058,-0.11422208940260091,-0.14971706207282157,0.015804035360010796,0.15410525098088362,-0.14496640413368939,0.28629462176935017,-0.1492350553825687,-0.07325152073110774,-0.26396807187683763,-0.042646023926812104,-0.040228278368503755,-0.17810532810195406,-0.2572161221597756,-0.31087310691872405,0.044489217510339046,0.13467074122988826,0.0919803726875729,0.36431029662691716,-0.0971513404606056,0.09632228895337067,0.11945475403198597,0.13561161828926185,0.09790327089740006,0.07800603472376197,0.19343314085199503,0.25738964456826663,-0.20822496216247482,-0.18213876008599,0.6395361167613006,0.6706236202558492,0.04960234448054139,0.45695583854703903,0.45247124830092644,0.07720011953765918,0.13210646563774306,0.016964707470139687,-0.020072686608890132,-0.05772704925144361,-0.08993666432090078,0.018325894363413763,0.05270261151224779,-0.15294843492427676,-0.3437960918897554,-0.6397559118120559,-0.36932316620554695,-0.245663385807795,-0.35412645927525477,-0.20528664937869337,-0.20856429487241282,-0.2710554982503157,-0.17805134335264575,-0.31864691081912216,-0.1418391447273288,-0.20467353686869175,-0.2365978039775192,-0.12015655577299413,0.08212429988528241,-0.07511785063576683,-0.06123220190296241,-0.20977895173185004,-0.22888569693347344,-0.3541148911146887,-0.25298217539259443,-0.1627775153519131,-0.013987834151138018,-0.21712087763778162,-0.19547299316514513,-0.030121562087281773,0.19851156334049916,-0.03121282523401425,-0.20677508603819422
#201,0.474138413041173,0.49540840426865124,0.5487067760500516,0.5887904524114794,0.386347642505278,0.5025652396055257,-0.04780927959280075,0.3586881705918078,-0.019879883932788986,0.4832001388179268,0.3196919013235904,0.2729218281549748,0.23586129775481285,0.05816663935295422,-0.06431704472058072,-0.1266385817435146,1.0,0.5488957226726306,-0.07564612996828396,-0.09381971021757782,-0.24730220855465473,-0.019008415836811815,0.24494230379917672,0.25296675117850637,0.13126198991642005,0.2510811410062372,0.033298950189428626,0.20597688295913547,0.09538912400104113,-0.12867072194962065,0.45070903184136196,0.258974482565818,0.5075665410235894,0.3308358960022365,0.04719616708279911,-0.058043245640249486,0.32048239229560505,0.1096372417649157,0.08631197401019926,0.12002930600676738,-0.26591923495898123,-0.22120829437112588,0.03287092824848409,0.01757010787309728,-0.1394985202394609,-0.009985250595278262,0.23314663607530872,0.18634571447851697,-0.20866455226398542,0.20148458060597882,0.14675561296790798,0.33943103930282553,0.17982512797277625,0.20504371800680593,-0.16436620940298652,-0.030244955799986505,-0.4131934871256013,-0.311204727521618,-0.26487810050803506,-0.06275534304416146,0.08227854202616332,0.06125919427761657,0.035188416415219845,-0.0548272970028824,0.07195588674770806,0.009125350659867158,-0.04093008010951192,-0.032840079820307906,0.015221771278185341,0.09043409522524172,0.26573800044344614,0.28572006979456877,0.11318866705869877,-0.035296385913836485,-0.1745076301659067,-0.054734751718353854,-0.036888936018431934,-0.19848071491232297,0.1624420386954971,0.2925877011172915,0.026959598199223004,-0.1367452980247366,0.07762814147860372,0.19413879864652522,0.4971320601929955,0.059589523102580665,-0.019239779048133187,-0.18002949880944347,-0.18892927033827228,0.06398156806416473,0.027117696393625945,-0.0024350977991574522,0.16538420753280056,-0.24756827624767433,-0.135465088255425,0.30630368349512693,0.3756432379281424,0.6002390753183654,0.398983929896947,0.15425949312176454,0.2932586544301235,0.5362787155485718,0.42291074200109896,0.5378057127432929,0.4028168470978377,0.49138268439165933,0.36501209836792536,-0.04025141468963589,-0.20099871786220394,-0.19218763556438162,-0.2617007124058882
