,#10,#11,#12,#13,#17,#18,#26,#49,#50,#51,#52,#53,#54,#58,#101,#102,#201,#202,#301,#302,#401,#402,#501,#502,#601,#602,#701,#702,#801,#802,#901,#902,#1001,#1002,#1101,#1102,#1201,#1202,#1301,#1302,#1401,#1402,#1501,#1502,#1601,#1602,#1701,#1702,#1801,#1802,#1901,#1902,#2001,#2002,#2101,#2102,#2201,#2202,#2301,#2302,#2401,#2402,#2501,#2502,#2601,#2602,#2701,#2702,#2801,#2802,#2901,#2902,#3001,#3002,#3101,#3102,#3201,#3202,#3301,#3302,#3401,#3402,#3455,#3501,#3502,#3601,#3602,#3701,#3702,#3801,#3802,#3901,#3902,#4001,#4002,#4101,#4102,#4201,#4202,#4301,#4302,#4401,#4402,#4501,#4502,#4601,#4602,#4701,#4702,#4801,#4802
#10,1.0,0.39825513578128463,0.5767364291016359,0.4929636663356887,0.23394098310084543,0.4396961429824646,0.03985809723038956,0.5961863630667193,0.07609343217683862,0.54878004106697,0.21206173541688758,0.11343931053763026,0.2786403555281347,0.005859273326713775,0.02876808730105174,0.1292838344596223,0.5890179595692788,0.4705599953727358,-0.1355344972188214,0.05242111960514012,0.0356357186237745,0.08685567755680448,0.18111690590265392,0.35755449085633306,-0.012445412742328863,0.4499262529763913,0.1394098310084544,0.2414988480040103,-0.07967184984527585,-0.05089412241041906,0.2613420994283401,0.22594352809616997,0.5161848206453106,0.32327803109907166,0.055625500081941136,0.1023762929829466,0.06123220190296241,0.13106147513327485,-0.15621451225743013,0.1818225636971841,-0.32500168702341586,-0.32046311202799493,-0.2822110610895279,-0.04923601939594922,-0.41953669516932895,0.22362603992943422,0.14954739571785255,0.04491338339776156,0.02908042763633559,0.040424937098126924,0.10916294718170688,0.23363635487260564,0.2859630011664562,0.25755159881619155,-0.18292925105800467,0.1641618385663193,-0.06952271697531162,0.16374924083946285,-0.08552919514522861,-0.15327234342012666,-0.005654902490046562,0.09690069698167411,-0.017924864797123383,0.034070160893833204,0.2433728900157134,0.15696258664070256,-0.06715124405926755,-0.057962268516287004,0.23097953399593185,0.22930600676737392,0.3282716204100913,0.28548099447620334,0.17384053290659673,0.16836879295884627,-0.024183239663366527,0.039946786461396086,-0.17872615271899975,-0.08100990041741779,0.2345926561460673,0.20263754060906367,-0.2560554500496467,-0.10672977740931044,-0.24675464895452748,-0.3590737759440101,-0.19295113416174217,-0.2580760220951867,-0.06188387494818428,-0.13276585079000897,-0.23077130710574262,-0.07645975726143078,-0.227632479538816,-0.03672312571698495,0.08790452411479471,-0.09401636894720099,-0.04725015183210743,0.10946757540994669,0.24474950112307559,0.5898045944877714,0.32947856516248447,0.4985819363172761,0.35232568228047006,0.4151485062612669,0.22592810388208187,0.45495840282263117,0.3276623639536117,0.5443185871419896,0.18960022365110427,-0.01806753877743823,-0.1783328352597534,-0.13984170900292095,-0.10524519680333164
#11,0.39825513578128463,1.0,0.15377363037798963,0.38995305254836937,-0.02466524635361939,0.1656117146905999,0.030850356202944098,0.2562058361370056,0.22713119258095302,0.28679976478073516,0.26570715201526995,-0.026373478063875525,0.042950652155051915,0.0005032149846239866,0.2602855407633058,0.12970028824000077,0.1677364001812345,0.07446232153702294,0.14230187114997156,0.09461020118959251,0.1746078875574793,0.18135983727454136,0.04637868373613026,0.18956551916940606,-0.015391437633154348,0.3242998852824077,0.039630590072590205,-0.0011703122439339457,0.10132744642495638,0.263193005118911,-0.30017255839511053,0.32698755458725765,-0.056612649783578994,0.09471817068820915,0.2536184242237282,0.37126661718064646,0.19365679195627236,0.1513751650872914,0.06868980941455467,0.12296761879054881,0.23415306604455668,0.13069129399516066,0.07875025305351238,0.11318095495165473,-0.007671618482064531,0.367314162320573,0.07376051979601476,-0.1818881166070585,-0.1026269364618781,-0.16120038946140572,-0.046710304339024226,-0.1008762881628797,-0.030993030183258944,0.0373208140128985,-0.13549593668360116,-0.028305360878408993,-0.017145941985674762,-0.08427983380409321,-0.005473667974511486,-0.0877001532781275,0.17709118602566204,0.06035687775346322,0.26347835307954076,0.2068599192156787,0.31339110986860497,0.1354342398272488,0.1373082818389519,-0.0008656840156941379,0.3422613825879903,0.33931921375068685,0.2556389962692682,0.4005417755198442,-0.016845169810956975,-0.24921095504805607,-0.08765388063586323,-0.25659144148920787,-0.10416550181716522,-0.2117416829745597,0.04399178660599809,0.16571582813569452,0.0670779790423491,0.2003894614057243,-0.30038464133882176,-0.24824308561402833,0.02033875430190971,-0.41613565596290475,-0.05100980401607974,0.42065495069071557,0.2793074527874447,0.18296009948618086,0.28638716705387873,0.0485419297619851,0.11047014932567265,-0.10984161260158291,0.07870783646477013,-0.08409859928855813,0.1182632334936809,0.12127095524085875,0.18751795474921193,0.2716917470814495,0.16393047535499794,-0.12601004501942487,-0.0007345781959453597,-0.08648164036516827,0.06618723067876182,0.02560612341299297,-0.009048229589426702,0.11887634600368253,-0.23805539220884386,0.04939411759035216,-0.06669237369014681
#12,0.5767364291016359,0.15377363037798963,1.0,0.5192580953023628,-0.0126536396325181,0.03732852611994254,-0.10321305659722557,0.14296896840928153,-0.09232356145103295,0.4430663337607126,-0.1277337009437691,0.19816066246999509,0.24369679851156334,-0.0699083223275139,-0.19308223998149093,0.15367722903993908,0.6590361794221704,0.6308677084437933,-0.20072108200861827,0.06755612967907995,-0.25774825754581476,-0.022000713369901573,-0.01505981703026038,0.27558250508517057,-0.10258066381961381,0.34418555329547973,0.12174139377054553,0.13165145132214434,0.11828636981481302,0.1189226186459468,0.2982753800622753,0.2808074576075116,0.5007104778614327,0.2861519477890353,0.22536512006786655,0.16295874986744815,0.19525705416791186,0.20783935681027252,-0.14879160922753606,0.24541274232886354,-0.05606123412992972,-0.06129389875931478,-0.14060906365380352,0.06421293127548611,-0.33877936625760363,0.04735812133072407,0.13774401588694052,0.0815651721245891,0.1285280479693058,0.25094232307944436,0.23650140263946864,0.40506107024765503,0.370514686743852,0.3516277365929839,-0.12306402012859939,0.3472086992567457,-0.16161684324178419,0.18338040932008137,-0.07768983833495609,0.03780667675667338,-0.19001282137796072,-0.18085083820963435,0.027403044354255637,0.07620525772897728,0.2516634050880626,0.14734173310325546,-0.0688787560371338,-0.06235431347787107,0.119967609150415,0.03433237253333076,0.22292038213490403,0.26132667521425196,-0.008963396411942198,-0.020504564603356694,-0.07029007162619418,0.06352269769504401,-0.12976969720339718,-0.14896513163602712,0.19059122940626416,0.3329798617604812,-0.0377256996327109,0.04373728707354458,-0.11791618867669883,-0.07703816528973423,-0.2321671984807149,-0.15723251038724417,-0.05894556216440284,-0.13923630859996336,-0.07623225010363144,-0.08074383272439821,-0.1389740969604658,-0.009796303972699141,-0.02981307780551994,-0.06594044325335235,-0.11275678906423221,0.1233030954469648,0.39274483529831394,0.5382722952194576,0.33011481399361825,0.5648096555580191,0.3756393818746204,0.611286668658961,0.33412510965652203,0.5296732958653466,0.3065813193487126,0.36654680766969044,0.1820847753366817,-0.1553006275727107,-0.2622906885947577,-0.22595895231025806,-0.22733941947114225
#13,0.4929636663356887,0.38995305254836937,0.5192580953023628,1.0,0.1954151523623148,0.2622097114707952,-0.04412674847926889,0.3944800593832242,0.18602180598266704,0.8178323195125948,0.1869626830420406,0.06539288365322511,0.2678356935594266,-0.1419394021189014,0.07929781265363964,0.08122198336112905,0.515575564188831,0.42416781544927845,-0.08837110659095948,0.11999074547154714,-0.14282629442896666,0.11120665554837901,0.1677826728234988,0.3892512508073612,-0.008917123769677923,0.4823440949360377,0.2214165212613151,0.3827422324621866,0.09809221751997918,0.2373574465213577,0.01895057503398147,0.1791194701782461,0.47471682106947644,0.36750310894315213,0.05968206838710921,0.20153856535528714,-0.15126333953515275,0.08498934765214541,-0.09634928132802484,0.3366623928740131,-0.06653427549574388,0.05608051439753984,-0.009653629992384295,0.17296520875709756,-0.10657939132195154,0.16876596647161463,0.3045067625538643,0.20677122998467218,-0.002438953852679475,0.048549641869029145,0.08700606364416338,0.2905517048576634,0.2836416569461984,0.3972217134373825,-0.2501788244820838,0.24290630753954864,-0.339346206125341,-0.012607366990253825,-0.11033518745240184,-0.004370836667212941,-0.059080524037673644,-0.08490065842113889,-0.05338898903916786,-0.14702168066092758,0.1292684102455342,-0.012742328863524626,-0.2490644250142192,-0.06998929945147639,0.13640210926127655,0.010710188657418565,0.2535065986715896,0.29719568507610883,-0.09899067799061051,0.031987891991940846,-0.47264997638167217,-0.25447061205209526,-0.45984402263503416,-0.33335775500563947,0.09290196947933638,0.24069678887142953,-0.1542710612823306,0.2343227323995257,-0.08356260784899694,-0.38468953949080814,-0.12964244743717043,-0.23893071635834306,-0.20346273606277654,0.05563706824250721,0.1551309612177417,0.06879006680612727,-0.03169483192426711,-0.14977875892917394,-0.09176443369033963,-0.16458600445374183,-0.11719125061455853,0.15252426903685423,0.2720156555772994,0.6443908881455275,0.544056375502492,0.36361235093943106,0.30646563774305186,0.2947200987149702,0.22668003431887634,0.39919986889418024,0.43941465107535693,0.3957409888849257,0.29606586139415614,-0.2033046378683736,-0.23255665988643923,0.029697396199859255,-0.02148400219795051
#17,0.23394098310084543,-0.02466524635361939,-0.0126536396325181,0.1954151523623148,1.0,0.44302777322549236,0.0460663434008464,0.5155909884029191,0.1012965979967802,0.18749867448160182,0.0526370586023734,0.1457299027310499,0.20159255010459545,0.07807158763363635,-0.18048065707152014,-0.07188647778431165,-0.05654324082018258,0.0267398031484677,-0.05884916082635227,0.5061822178091832,-0.4036844591402929,0.24331504921288308,0.03258172423433237,0.3419606104132725,-0.34722412347083376,0.29315068493150687,-0.3004077776599539,0.27919948328882804,0.10722720831365139,0.29082934071124905,0.21573269836985337,-0.03807274444969296,0.13702293387832223,0.26353233782884905,0.296212391427993,0.26341280016966634,-0.004525078808093857,0.3897910983004444,0.20710285058756617,0.07663713572344384,0.12353445865828618,0.246334339120627,0.26236395361167614,0.30780368831519384,0.04369487048480233,0.24818138875767595,-0.16086876885851176,0.09265903810744894,-0.2960273008589359,-0.11338532578832194,-0.06519622492360194,0.10027474381344413,-0.10829147908572971,0.12348432996249988,-0.29284991275678907,0.1994794327745269,-0.5059277182767297,-0.1292992586737104,-0.03565499889138461,-0.13180183740950324,-0.11516682251549651,-0.049544503677711044,0.12178381035928779,0.03382337346842374,0.055397992924141784,-0.07949832743678482,0.05620776416376659,0.2063354959366836,0.03102773466495715,0.24632277096006092,0.12242777129746561,0.04586197256417919,0.1285280479693058,0.43792235836233406,-0.18709764491531142,0.02158040353600108,-0.24237802820703153,-0.26602720445759787,0.16887393597023126,0.32342070507938653,-0.24656570233194836,0.3170505046610047,0.035766824443523276,-0.25662614597090605,0.3758013361225454,0.1367800025064348,-0.14743427838778403,0.032585580287854396,0.16471325421996857,0.490137179104046,0.14076330579468443,-0.12300232327224701,-0.06105482344094936,-0.2287777274348568,-0.33050813145286456,-0.19429304078740614,0.11674009235248185,-0.01288114679031745,-0.11650487308763846,-0.06221935160460027,-0.06666923736901469,-0.09271302285675725,0.2703267041346534,0.14339699035022607,0.04613575236424282,0.31160190103438634,-0.030765523025459592,-0.13258076022095186,0.090815844523922,-0.28715452170476125,-0.2622868325412357
#18,0.4396961429824646,0.1656117146905999,0.03732852611994254,0.2622097114707952,0.44302777322549236,1.0,0.08560246016214705,0.4509365389991613,-0.22380727444496928,0.37167150280045885,0.23023145961265942,-0.06970780754436871,0.07887750281973914,0.001436379936953525,-0.06273991883007336,0.14449596560400257,0.07687621104180926,0.146084659655076,-0.12717071712955375,0.26923929704144295,0.032388921558231226,0.29155042271986736,0.15105511264496352,0.309851252735388,-0.04686069042638312,0.25090376254422414,0.0008541158551280692,0.33899916130835894,-0.05120260669218089,0.1294650689751574,0.37760982522437414,0.2130720214396576,0.2657418564969682,0.300920632778383,-0.06678491897467537,-0.06415894652617779,-0.16081478410920344,0.07963714536357765,-0.05251752094319069,-0.011901709195723637,-0.21864787483250267,-0.13235325306315252,-0.24420579757647037,-0.014088091542710613,-0.09322202192166427,0.3855918560149615,0.14761165684979707,0.18865549053820868,-0.10784803293069707,-0.15178005070710382,-0.05695198249351701,-0.07327080099871786,0.080034318876346,0.015626656897997745,-0.2865144168201055,-0.057025247510435445,-0.13416559821850327,-0.056234756538420756,-0.05195068107545333,-0.17025440313111545,0.019131809549516546,0.10673748951635449,-0.09120916198316832,-0.12808074576075115,0.036194846384467814,0.12492649397973644,0.006468529783193391,-0.028174255058660214,-0.018364454898633992,0.015048248869694312,0.10839559253082433,0.07312812701840302,0.12819257131288983,0.3129399516065283,-0.2003856053522023,-0.11953573115594844,-0.2696865992499976,-0.16162069929530623,0.10314364763382916,0.22336382828993667,-0.28105424503292104,0.13801008357996009,-0.2952445219939653,-0.4513607048865838,0.20294602489082547,-0.01613951201642679,-0.06267050986667695,0.06748672071568354,0.06288644886391023,0.08828241735995296,-0.03711258712270926,-0.013031532877676342,0.09813849016224345,0.03285164798087398,0.0695381411893997,0.10750098811371502,0.08772328959925964,0.38145431058583096,0.1717428397906163,-0.07705744555734434,-0.08578369467768213,0.09810378568054524,0.22678029171044894,0.3608090000289204,0.22566589224258432,0.4837207060433999,0.16428523227902403,-0.045885108885311325,0.06121677768887432,-0.1047516219525127,0.07436206414545034
#26,0.03985809723038956,0.030850356202944098,-0.10321305659722557,-0.04412674847926889,0.0460663434008464,0.08560246016214705,1.0,0.2779925385364349,0.01835674279158995,0.18782643903097376,0.5571245408886275,-0.1591566810947336,0.33732563407980104,0.5194393298178979,-0.1219380525001687,-0.18763749240839464,-0.09719375704934785,-0.08261401868257931,-0.2255270743157915,0.019744922059518187,0.14861423076552302,-0.16168239615165858,-0.022405598989713976,-0.17187780166388708,-0.1465011134354545,-0.22227256514320418,-0.1939652762380342,-0.1412992972342456,-0.28166350148940067,-0.43894035649214813,-0.1222928094241948,-0.15054611358005648,-0.15716310142384776,-0.2588163843714151,-0.3040247558636114,-0.4815343236964129,-0.06755612967907995,-0.31369188204332277,-0.27299894922541523,-0.33790018605458244,-0.2100411633713476,-0.3523025459593379,-0.21188050090135252,-0.24568652212892714,-0.22423915243943585,-0.03333365467112683,-0.2518600638176858,-0.23133429091995797,-0.030287372388728754,0.026315637261045185,-0.15134817271263726,-0.12076966828299576,-0.07791734549275543,-0.16662585676689193,-0.11731464432726327,-0.1976747997262202,0.14648954527488842,0.051102349300608294,-0.2077352433651779,-0.06291344123856439,-0.09947268468086337,0.06219235922994611,-0.0473966818659443,-0.00816519333288346,-0.05353551907300473,-0.12917586496100567,0.12107044045771355,0.224767431771953,-0.15864382597630455,0.15102812027030935,0.15174920227892763,0.09474130700934129,0.115922609005813,-0.13296636557315417,0.08244049627408828,0.24145257536174602,0.15045742434904996,0.22939469599838047,0.1881542035803457,-0.058826024505220134,0.0203541785159978,-0.3706188001889466,0.2277327369303886,-0.012013534747862301,0.015237195492273432,0.10394956281993194,0.014238477630069505,-0.42645445518783803,-0.3632267455872287,-0.11470024003933174,-0.06219235922994611,0.07773225492369834,0.022895317787010885,0.03634523247182671,-0.05910366035880578,0.3042137024861905,-0.19186372706853172,-0.04499050446820202,-0.1038068888396171,-0.07863071539432967,0.05993656791956272,-0.11053955828906906,-0.27832030308580685,-0.1940693896831288,0.04706891731657235,-0.11925038319531875,-0.06454069582485805,-0.11717582640047045,0.0448015578456229,-0.09067317054360714,0.04496351209354786
#49,0.5961863630667193,0.2562058361370056,0.14296896840928153,0.3944800593832242,0.5155909884029191,0.4509365389991613,0.2779925385364349,1.0,0.4425611907493276,0.4958942670124261,0.4594931217645301,0.04035938418825253,0.4178824482083811,0.14878775317401405,-0.15476849218667155,-0.06388902277963618,0.18928017120877638,0.1699767672775298,-0.0600329692576133,0.22437411431270665,-0.027526438066960368,0.15192272468741866,0.08734925240762342,0.25923283815179354,-0.15267465512421313,0.3296597996780195,-0.11087503494548505,0.227971812248754,-0.11731464432726327,-0.03456759179817416,0.019636952560901547,0.09758707450859418,0.27293339631554087,0.21156816056606867,-0.053608784089923166,0.10774777553912449,-0.19373776908023482,0.0030289300415489765,0.01576933087831259,0.18648067635178775,-0.24909527344239538,-0.22885484850529725,0.0038387012811737825,-0.04286967503108943,-0.22021343256244397,0.04150463208429333,-0.10553440081748335,0.00026028361273654476,-0.14099081295248378,-0.12757560274936616,-0.17658989906779907,0.04143907917441894,0.051815719202182524,0.11554471576065475,-0.2584114987516027,0.16595104740053793,-0.20902316524153355,-0.10154724147571169,-0.3358603337414323,-0.13627871554857182,-0.08757675956542277,-0.019324612225617693,-0.12489950160508227,-0.0670085700789527,0.15796901660995055,0.10543028737238873,-0.13912833910134673,-0.010521242034839444,0.16199473648694243,0.10806782798145238,0.3084823537350698,0.1471257941060222,0.3528693858270753,0.4071471952030694,-0.03682723916207957,0.027726952850105558,-0.19687659664716145,-0.01281559388044306,0.01766650921114785,0.18422488504140438,-0.29463140948396366,0.16179807775731928,-0.05461521405917114,-0.42657784890054273,0.11503571669574773,0.06150983775654806,-0.2099601862473851,-0.09685828039293186,-0.1581618192860517,0.1825783501875006,-0.001675455255318944,-0.18724031889562628,-0.19104624372186285,-0.27681258615869586,-0.3706149441354246,0.11710641743707402,0.15982377835404354,0.2842084968139358,0.11758842412732688,0.19845757859119084,0.14521319155909884,-0.0198991642003991,0.023242362603992945,0.24331119315936106,0.17540609063653803,0.31167902210482684,0.09297909054977684,-0.1294843492427675,-0.17899222041201931,-0.2788909990070662,-0.25806445393462063
#50,0.07609343217683862,0.22713119258095302,-0.09232356145103295,0.18602180598266704,0.1012965979967802,-0.22380727444496928,0.01835674279158995,0.4425611907493276,1.0,0.17797422228220527,0.17407960822496216,0.10878890999007067,0.16522996539191964,0.12813473051005947,0.15726335881542036,-0.10167449124193843,0.0929405300145566,-0.08142249814427424,0.24636518754880318,-0.12782624622829764,0.15560139974742848,-0.19483674433401135,-0.0971359162465175,-0.18400508999064907,0.013405570069312561,-0.13231083647441028,0.10662952001773784,-0.08134923312735581,-0.13953708077468116,-0.05244039987275023,-0.4437681355017208,-0.14465791985192755,-0.052787444689732295,-0.08305360878408992,-0.10568478690484225,0.12095090279853084,-0.041354245996934436,-0.0033798309120530593,0.07902403285357601,0.11089045915957313,-0.04746994688286273,0.04823730153374529,0.2551492774719713,0.12812316234949342,-0.033514889186661914,-0.1909498423838123,-0.08673228384409976,-0.21010286022769997,-0.0495869202664533,-0.05301495184753165,-0.1618867669883258,0.004019935796708858,0.012225617691573558,-0.04650207744883499,0.10202539211244252,-0.03640692932817907,0.009850288722007461,-0.22291652608138202,-0.22823402388825156,-0.06563581502511255,-0.19402697309438655,-0.18656165347575024,-0.035207696682829956,0.09233898566512103,0.1406399120819797,0.06946102011895926,-0.0005610557874543299,0.13682627514869905,0.2414641435223121,0.0923004251299008,0.15478777245428166,0.02643131886670587,0.2288432803447312,0.07744305090954662,0.008612495541438114,-0.008342571794896513,-0.0863698148130296,-0.03681952705503552,-0.14596512199589332,-0.1463661515621837,0.21303346090443737,0.08211658777823837,0.028872200746146357,0.052463536193882374,0.05963193969132292,-0.1462851744382212,-0.09241225068203947,0.025197381739658548,0.004050784224885041,0.13229155620680014,0.08259859446849123,-0.15751400229435183,-0.27066989289811344,-0.32369448487945013,-0.3310672592135579,0.006495522157847551,-0.14371318673903194,-0.1583970385508951,-0.12761416328458638,0.06546614867014354,0.18184184396479422,-0.22191395216565607,-0.2981828347777467,-0.1775731927159149,0.039083030472462955,-0.1854742463825398,-0.07001243577260853,-0.10885831895346708,-0.1337182960099486,-0.12017197998708222,-0.18542026163323147
#51,0.54878004106697,0.28679976478073516,0.4430663337607126,0.8178323195125948,0.18749867448160182,0.37167150280045885,0.18782643903097376,0.4958942670124261,0.17797422228220527,1.0,0.20826352269769505,0.1924691274714893,0.3729632807303365,0.008049511727222774,0.1583970385508951,0.16024794424146607,0.5788302661640944,0.39324997830969893,-0.07686078682772117,0.06519622492360194,0.05034270675676979,0.023149817319464396,0.2740555078904495,0.3874928904013188,0.056223188377854685,0.30281009900417416,0.17834440342031949,0.247174958788428,-0.15847030356781353,-0.07548031966683698,0.06157153461290043,-0.0463015626656898,0.40634513607048867,0.20114139184251878,-0.20010411344509463,-0.06562424686454647,-0.2602161317999094,-0.06695072927612235,-0.1884781120761956,0.11734549275543944,-0.35717274155765283,-0.20670953312831983,-0.28135116115411685,-0.030592000616968564,-0.30125610943479897,0.2517636624796352,0.12043419162657977,0.0631332362893197,-0.010910703440563755,0.0377758283284972,0.05928875092786288,0.1982994803967879,0.3611097722036382,0.22614789893283718,-0.14448439744343652,0.046432668485438575,-0.156696518947683,0.13794067461656367,-0.1761078923775462,-0.0825947384149692,-0.1114920035090087,-0.03873984170900292,-0.04844552842393452,-0.12827740449037434,0.04768202982657399,0.03350717707961787,-0.17250633838797683,-0.04094550432360001,0.16674925047959666,0.02749944569230621,0.32060964206183185,0.30282166716474024,-0.049783578996076466,0.036098445046417245,-0.3377922165559658,-0.1253930764559012,-0.33230119634060523,-0.19217221135029355,0.1376399024418459,0.14784687611464048,-0.19338301215620873,-0.025328487559407326,-0.17586496100565877,-0.25505287613392075,-0.006557219014199917,-0.3040633163988316,-0.14534429737884763,-0.18121716329422652,-0.13516817213422921,-0.12052673691110832,-0.08862946217693501,-0.013347729266482219,0.0800497430904341,-0.19194856024601623,-0.12282494481023397,0.2894527296038869,0.13056790028245593,0.7022471151899589,0.38863428224383756,0.21102831307298545,0.17653977037201277,0.34690021497498386,0.005940250450676255,0.4322153991497402,0.3825108692508652,0.37167150280045885,0.15009881137150183,-0.22459390936346196,-0.19462851744382212,-0.06698157770429854,-0.02477321585223603
#52,0.21206173541688758,0.26570715201526995,-0.1277337009437691,0.1869626830420406,0.0526370586023734,0.23023145961265942,0.5571245408886275,0.4594931217645301,0.17407960822496216,0.20826352269769505,1.0,-0.23672505374374597,0.2873588925414285,0.25699632710902026,-0.06647643469291353,-0.23630088785632344,-0.17650120983679254,-0.14838286755420166,-0.1527710564622637,0.05812422276421197,0.06399699227825283,0.09240453857499542,-0.022606113772859166,0.05384014730124454,-0.08641223140177186,0.13408076504101876,0.04970645792563601,0.16476338291575487,-0.1500101221404953,-0.07988778884250913,-0.14413349657293242,0.03298275380062275,-0.004197314258721911,-0.04864218715355769,-0.2214165212613151,-0.2774719713109618,-0.20123393712704732,-0.20127635371578959,-0.19303211128570463,0.009318153335968303,-0.11886863389663849,-0.303623726297321,-0.05848669179528212,-0.08427212169704916,-0.0003798212719192542,0.09352665014990408,0.13853836291247723,0.04086452719963753,0.03194933145672062,-0.14310778633607435,-0.16986494172539116,-0.053647344625143395,-0.1077670558067346,-0.07623610615715345,-0.2944077583796863,-0.0954855253390917,-0.018831037374798763,-0.16153972217134374,-0.165796805259657,-0.04221028987882352,0.12986995459496978,0.2187519882775973,0.032184550721564016,0.029643411450550935,0.06470650612630503,0.07369111083261835,0.02238246266858184,0.07444304126941281,0.016274473889697588,0.03477196263484137,0.12427867698803659,0.15088930234351652,0.12712058843376747,-0.03467170524326878,-0.11091359548070527,-0.12141362922117359,-0.024194807823932594,-0.03689279207195396,0.052004665824761646,0.020782200456942342,-0.09155620680015039,0.03180665747640577,0.13704221414593235,-0.37156738935536426,-0.06469879401926099,0.2675927621875392,0.029030298940549294,-0.08104846095263803,-0.040062468067056774,0.06709725930995922,-0.015414573954286486,-0.020010989752537765,0.0024042493709812694,0.02528221491714305,0.06211909421302768,0.088964938833351,-0.12775683726490122,0.08155746001754505,0.14460779115614125,0.20304242622887606,0.17072869771432428,-0.18940742097500313,-0.17975571900937984,0.0006998737142471538,0.2774102744546094,0.1302594160006941,0.11991748045462872,-0.05466919880847946,-0.14065919234958982,0.18174158657322165,0.06096613420994283
#53,0.11343931053763026,-0.026373478063875525,0.19816066246999509,0.06539288365322511,0.1457299027310499,-0.06970780754436871,-0.1591566810947336,0.04035938418825253,0.10878890999007067,0.1924691274714893,-0.23672505374374597,1.0,0.49838913364117493,0.3539452247597197,0.08758447167246682,0.20908486209788593,0.26021227574638733,0.03719742030019377,0.17805519940616776,-0.032890208516094206,-0.24282533041558615,-0.27010690908389806,0.11888020205720455,-0.025289927024187097,-0.09914492013149143,-0.07879266964225463,-0.19981876548446492,-0.2801095119200254,0.014577810340007519,0.18988171555821196,0.2033856149923361,0.04166658633221829,0.031047014932567264,0.2014305958566705,0.23798598324544745,0.23562222243644743,0.19533803129187433,0.4056587585435686,0.2277211687698225,-0.22349107805616342,0.1034020032198047,0.23550654083078673,0.029766805163255666,0.25129708000347045,-0.08796236491762506,0.19734317912332625,-0.1490808132416878,-0.233027098416126,-0.423581695313931,-0.3983592492263793,-0.2963897698900061,-0.30617643372890013,-0.19816837457703912,-0.3347266540059576,-0.01964466466794559,-0.13855764318008734,-0.2972573819324612,-0.09947268468086337,0.06602142037731484,-0.32858781679889715,0.02635034174274339,0.14190855369072522,0.5377170235122863,0.3651432041876741,0.21722884713639826,-0.07996490991294959,0.5221809838720561,0.31162889340904054,0.27273288153239567,0.16642919803726874,0.1331437440351672,-0.015341308937368051,0.09860892869193025,0.1506849315068493,0.18156806416473062,0.19418892734231152,0.2652482816461493,-0.09146366151562184,0.27361977384246094,0.3020273201392035,0.2328767123287671,0.15749472202674172,-0.031000742290302988,0.48599192156787135,0.5684073534940665,0.08874128772907368,0.4026857412780889,-0.06066150598170303,0.023631824009717254,0.11764240887663521,0.13060260476415414,0.47317439966066727,0.06588645850404404,0.19934832695477814,-0.152481852448112,-0.11867968727405936,0.05679774035263609,0.10635574021767422,-0.24910298554943944,0.042939083994485844,-0.1817531547337877,0.20042802194094453,0.048117763874562576,0.15788418343246605,0.10679918637270686,0.04003933174592463,-0.13516817213422921,0.026581704954064762,0.027376051979601478,-0.08539423327195782,-0.13560005012869578
#54,0.2786403555281347,0.042950652155051915,0.24369679851156334,0.2678356935594266,0.20159255010459545,0.07887750281973914,0.33732563407980104,0.4178824482083811,0.16522996539191964,0.3729632807303365,0.2873588925414285,0.49838913364117493,1.0,0.433356790992259,-0.2010449905044682,-0.05387099572942072,0.24085103101231045,0.11419124097442472,-0.23744999180588627,0.02967811593224914,-0.27228943537736305,-0.13789054592077737,0.02127577530776127,0.042021343256244396,-0.46917567215832956,0.06852785516662971,-0.23716464384525657,-0.04782470380688884,0.07524510040199359,0.13349464490567128,0.1678829302150714,0.12795735204804642,0.09997782769224837,0.11289946304454705,0.0952156015925501,-0.040872239306681574,0.03510743929125736,0.13519130845536137,-0.03755217722421987,-0.09288654526524828,0.03128223419741066,-0.03582080919283159,0.03452517520943191,0.15788803948598806,-0.23267619754562194,0.030699970115585205,-0.10592000616968564,-0.15492659038107448,-0.2995633019386309,-0.21532395669651894,-0.36106735561489595,-0.08529783193390725,-0.09051507234920421,-0.11706014479480975,-0.2603549497267022,-0.0006034723761965816,-0.27431386347642506,-0.09232741750455496,-0.11741490171883585,-0.2286119171334098,-0.006981384901622435,0.03899819729497846,0.28546171420859323,0.22763633559233803,0.13710005494876268,-0.10981076417340672,0.24021092612765466,0.3538025507794048,0.11576065475788803,-0.01702640432649205,0.3096700182198529,0.169841805404259,0.24608755169521754,0.11493931535769716,0.06973479991902287,0.08773871381334773,0.15489188589937627,0.046093335775500566,0.3365852718035726,0.32885388449191677,0.2274473889697589,0.11749973489632036,0.24969681779183095,0.1313583912544706,0.17416444140244666,0.10839173647730231,0.027268082480984834,-0.15030318220816904,-0.015827171681142935,0.15337645686522128,0.03469098551087889,0.10298940549294824,-0.20706429005234592,0.11084804257083088,-0.2457752113599337,0.06391601515429034,-0.06691216874090213,0.21771470988017314,-0.008465965507601245,0.05743013313024785,0.08872200746146357,0.20143830796371454,-0.05881445634465406,0.161755661168577,0.2525001687023416,0.15822737219592609,0.02234004607983959,-0.22893196957573772,-0.07598546267822197,-0.062223207658122295,-0.12091619831683263
#58,0.005859273326713775,0.0005032149846239866,-0.0699083223275139,-0.1419394021189014,0.07807158763363635,0.001436379936953525,0.5194393298178979,0.14878775317401405,0.12813473051005947,0.008049511727222774,0.25699632710902026,0.3539452247597197,0.433356790992259,1.0,-0.18013361225453808,-0.12899463044547058,-0.12698562656049667,-0.15180704308175796,-0.20291903251617133,-0.1284586390059094,-0.15736361620699296,-0.3881561316071067,-0.13165145132214434,-0.30218156228008447,-0.2214473696894913,-0.21576354679802956,-0.3874311935449664,-0.3644953871959743,-0.17345107150087244,-0.1434702553671445,0.12507302401357331,0.011554664378741577,-0.14899983611772533,-0.01945571804536647,-0.05276430836860015,-0.18341511380177958,0.19121976613035388,0.1015009688334474,0.16452430759738945,-0.2344923987544947,0.007926118014518042,0.028744950979919602,-0.06362681114013863,-0.02604185746098156,0.026107410370855948,0.24302198914520934,-0.25049116481736766,-0.3331765204901044,-0.33542459969344374,-0.21795764125206057,-0.23450396691506079,-0.22348336594911938,-0.2235373506984277,-0.4342822438375445,-0.22993068743794165,-0.2982753800622753,-0.030487887171873947,-0.15263995064251493,-0.013663925655288095,-0.13361032651133198,-0.04523729189361148,0.17492408394628517,0.3818514840985993,0.44194807823932597,-0.015838739841709002,-0.14048181388757677,0.6432186478748325,0.6232095861490557,-0.13710005494876268,0.05385942756885465,-0.08186594429930688,-0.19731233069515006,0.19344856506608313,-0.06322578157384824,0.25532665593398435,0.32612765465184657,0.41114977875892916,0.22839597813617654,0.3947114225945456,0.23335100691197594,0.21443320833293167,-0.15490345405994235,0.10296241311829409,0.16093432176838615,0.3390338657900572,0.2873087638456422,0.29300415489766996,-0.3519979177310981,-0.18533928450926898,0.08239036757830198,0.07946747900860864,0.345245968014036,-0.05609593861162793,0.18660792611801452,-0.13435068878756037,-0.17545236327880231,-0.12767971619446078,-0.14291883971349523,-0.41162407334213796,-0.14833659491193738,0.09816548253689761,-0.04410746821165878,-0.07334020996211428,-0.15271321565943335,0.1817531547337877,-0.06235045742434905,0.013779607260948783,-0.023199946015250692,0.2975080254113927,-0.08714873762447822,0.05580673459747621
#101,0.02876808730105174,0.2602855407633058,-0.19308223998149093,0.07929781265363964,-0.18048065707152014,-0.06273991883007336,-0.1219380525001687,-0.15476849218667155,0.15726335881542036,0.1583970385508951,-0.06647643469291353,0.08758447167246682,-0.2010449905044682,-0.18013361225453808,1.0,0.417354168875864,0.14524789604079705,-0.02542874495097992,0.5009919697685404,-0.06427462813183847,0.46550085315184175,-0.042302835163352065,0.16197545621933232,0.030044441016841315,0.4375059045819556,-0.024275784947895077,0.10210251318288298,-0.20430721178409955,-0.24402070700741327,-0.1006757733797345,-0.39254432051516874,-0.1658970626512296,-0.14344711904601237,-0.08363201681239335,-0.16617469850481525,0.02773852101067163,-0.09712820413947346,0.02365110427732737,-0.051669189168345654,-0.2183316784436968,-0.12071568353368745,-0.03924884077390994,-0.07885822255212903,-0.04433497536945813,-0.06240444217365737,0.21639979562916334,-0.07021295055575372,-0.24683948213201198,-0.12533909170659288,-0.3386598285984209,-0.1575718430971822,-0.22418516769012753,-0.17342022307269625,-0.23920064010488465,0.10711538276151272,-0.3175247992442135,0.1492697598642669,-0.029404336132185516,-0.17709504207918406,-0.4706718209248744,0.1263532337828849,0.07726181639401154,0.252060578600831,0.08704848023290564,-0.08105617305968207,-0.07014739764587932,0.07391090588337366,-0.0965960687534343,0.4488928306324892,0.4318799224933242,0.16649860700066518,0.20946275534304415,-0.0332603896542084,-0.13525300531171372,-0.09981587344432341,-0.12197275698186691,-0.06310238786114351,-0.23687158377758283,0.06484918010661989,-0.13502164210039236,0.07242246922387283,-0.10250354274917337,-0.2033856149923361,0.20707200215938998,0.07248802213374722,-0.3110003566849508,0.19284702071664755,0.2226273220672303,-0.0256446839482132,-0.0940703536965093,-0.016744912419384382,6.74809366354005e-05,0.18606036651788727,-0.2008598999354111,-0.036499474612707625,0.14083657081160286,-0.18519661052895414,0.004891403892686031,0.02605728167506965,0.015680641647306065,-0.11581849556071838,-0.141360994090598,-0.2607405550789045,0.038693569066738646,-0.14856795812325876,-0.11739176539770373,-0.24843588829012947,0.19596656801596407,-0.07494818428079782,0.17129939363558366,-0.08610374712001002
#102,0.1292838344596223,0.12970028824000077,0.15367722903993908,0.08122198336112905,-0.07188647778431165,0.14449596560400257,-0.18763749240839464,-0.06388902277963618,-0.10167449124193843,0.16024794424146607,-0.23630088785632344,0.20908486209788593,-0.05387099572942072,-0.12899463044547058,0.417354168875864,1.0,0.24751814755188803,0.24974309043409523,0.3626097770237051,0.1975398378529494,0.1529098743890565,0.09180299422555985,0.18007577145170775,0.043143454831153054,0.33495801721727897,-0.02333105183499947,-0.10269248937175247,-0.23629703180280143,-0.045399246141536446,0.08048547713842268,-0.12507688006709533,0.12173753771702352,-0.16605516084563254,0.0019029624131182941,0.1053415981413822,0.10730432938409185,-0.04665246353619388,0.19026732091041423,-0.11406784726171999,-0.03181436958344982,-0.040405656830516806,0.17626984662547115,-0.2896725246546422,0.04174370740265875,-0.36258664070257296,0.17834440342031949,-0.13587768598228142,-0.3494143618713428,-0.36107121166841794,-0.4156073766303876,-0.08802791782749944,-0.3107998419018056,-0.11582235161424041,-0.08257545814735909,-0.033661419220498784,0.12665786201112472,-0.058845304772830245,0.11763469676959117,0.048430104209846433,-0.13685326752335322,0.18023386964611068,0.19882775972930505,0.08614616370875228,0.030029016802753224,-0.08605361842422372,0.04031311154598826,0.013652357494722026,0.03764857856227045,0.272960388690195,0.1634677489323552,0.1234881860160219,0.15982377835404354,0.07433121571727415,0.06561267870398041,-0.07184791724909141,-0.1671618482064531,-0.10568093085132022,-0.15172992201131752,-0.045445518783800716,0.23278416704423857,0.11248686531769062,0.011477543308301119,-0.32548369371366875,0.16395361167613007,0.021804054640278406,-0.17193949852023946,0.22506434789314875,0.005169039746271678,-0.020304049820211504,-0.214321382780793,-0.026280932779346976,0.09816933859041964,0.13868874899983613,0.14376331543481824,0.3001262857528462,0.1597466572836031,0.2166967117503591,0.25530737566637424,-0.059639651798366965,0.015854164055797093,-0.3165646419172298,-0.022937734375753135,-0.012349011404278291,0.14487771490268284,-0.2150308966288452,-0.16802946024890825,-0.41229502665497,-0.02342359711952802,-0.058093374336035786,0.2129216353522987,0.1308185437613874
#201,0.5890179595692788,0.1677364001812345,0.6590361794221704,0.515575564188831,-0.05654324082018258,0.07687621104180926,-0.09719375704934785,0.18928017120877638,0.0929405300145566,0.5788302661640944,-0.17650120983679254,0.26021227574638733,0.24085103101231045,-0.12698562656049667,0.14524789604079705,0.24751814755188803,1.0,0.7190363722248465,0.11032361929183578,-0.17652434615792467,0.027549574388092506,-0.26798222359326346,0.2923524818524481,0.13397279554240213,0.16128522263889022,0.16061041327253622,0.2618858029749453,-0.06900986185688257,0.09648038714777361,-0.060850452604282144,0.13481727126372514,0.11240203214020611,0.4437218628594565,0.1922184839925578,-0.029998168374577038,0.1290833196764771,0.06460624873473243,0.005890121754889958,-0.17591894575496708,0.19782904186710112,-0.24415566888068407,-0.16940992740979244,-0.294018296973962,-0.12173368166350149,-0.4200341260736699,-0.07547260755979293,0.057476405772512125,-0.12248175604677393,0.10867322838440997,0.14116819141449682,0.1483751554471576,0.18568632932625104,0.41961767229329144,0.2652714179672814,0.13909749067317054,0.2440631235961555,-0.032134422025777716,0.0834546383503803,-0.0771191424136967,-0.10418478208477534,-0.10976063547762042,-0.11869896754166948,-0.03970771114303066,0.06521936124473408,0.33604928036401144,0.21492678318375058,-0.16718498452758523,-0.15472993165145132,0.41623205730095536,0.1870783646477013,0.5492042069543925,0.4845690378182449,0.15159881619156873,0.054657630647913395,-0.0030443542556370684,0.08196234563735745,-0.16598575188223613,-0.12744449692961737,0.16829167188840582,0.12114370547463199,0.021904312031851003,-0.12466428234023888,-0.18157192021825264,0.11812441556688807,-0.19046012358651537,-0.383999305910366,0.04505991343159843,-0.19569278821590044,-0.21436765542305727,-0.3568488330618029,-0.2740516518369275,0.00978087975861105,-0.020874745741470892,-0.0659635795744845,-0.09245466727078172,0.46015636297031803,0.368150925934852,0.579956233792525,0.30581010864430797,0.45151880308098674,0.2634744970260187,0.7177214579738367,0.24962355277491252,0.4954392526968274,0.18968505682858877,0.337159823778354,0.0012937059566386782,-0.09778758929173936,-0.2622945446482797,-0.14737258153143165,-0.17166571872017583
