,#10,#11,#12,#13,#17,#18,#26,#49,#50,#51,#52,#53,#54,#58,#101,#102,#201,#202,#301,#302,#401,#402,#501,#502,#601,#602,#701,#702,#801,#802,#901,#902,#1001,#1002,#1101,#1102,#1201,#1202,#1301,#1302,#1401,#1402,#1501,#1502,#1601,#1602,#1701,#1702,#1801,#1802,#1901,#1902,#2001,#2002,#2101,#2102,#2201,#2202,#2301,#2302,#2401,#2402,#2501,#2502,#2601,#2602,#2701,#2702,#2801,#2802,#2901,#2902,#3001,#3002,#3101,#3102,#3201,#3202,#3301,#3302,#3401,#3402,#3455,#3501,#3502,#3601,#3602,#3701,#3702,#3801,#3802,#3901,#3902,#4001,#4002,#4101,#4102,#4201,#4202,#4301,#4302,#4401,#4402,#4501,#4502,#4601,#4602,#4701,#4702,#4801,#4802
#10,1.0,0.3742357783926041,0.6848447456450696,0.602537283217491,-0.04421929376379744,-0.04925915571708135,0.02147629009090646,0.43190305881445634,0.15458725767113649,0.5811014816885658,0.5985077072869771,-0.0566473542652772,0.037498192474911554,-0.5815449278435985,-0.16757058987978754,-0.03975398378529494,0.21449490518928402,0.4423491078056163,-0.15339188107930937,-0.09968862367809665,-0.17630840716069138,0.001733296058149287,-0.20705657794530188,0.021912024138895047,-0.20707200215938998,-0.04473600493574851,0.29959800642032913,0.13380698524095513,-0.15157182381691459,-0.32747727338455457,0.09122844225077845,-0.1374201073910906,0.48091735513288925,0.171688855041308,-0.35313545352009484,-0.41533745288384605,-0.40321402061060607,-0.4882245765571226,-0.17538681036892792,0.06539288365322511,-0.33104026683890375,-0.4039081102445702,-0.3495377555840475,-0.49477215543751746,-0.5152400875324149,-0.13589311019636952,0.2484937290929598,0.13704221414593235,-0.11264496351209355,-0.013687061976420233,0.24615310460509193,0.18146009466611396,0.48373998631101,0.35834112577482574,-0.295198249351701,0.15715924537032575,-0.36255579227439677,-0.017523835230833004,-0.28858126150790975,0.09576316119267736,0.1606412617007124,-0.025289927024187097,-0.37737846201305275,-0.5293031147272325,0.44297764452970606,0.5284817753270415,-0.4114274146125148,-0.544896995170293,0.20456171131655307,0.11968226118978531,0.4190084158368118,0.2300270887759922,0.29249901188628497,0.48869887114033145,0.06664610104788254,0.09967319946400856,-0.04779771143223468,-0.0975060973846317,-0.4323195125948348,-0.28177918309506134,-0.2656107506772194,-0.49912949591740335,-0.00991584163188185,-0.21766072513086482,-0.015742338503658432,0.44637868373613027,0.21535866117821714,-0.23972120733035773,-0.2637367086655163,-0.4954199724292173,-0.5786991603443455,-0.0105983631052799,-0.03489150029402408,0.36676660272044576,0.10347526823672312,0.18725188705619233,-0.12543549304464346,0.6563022374750561,0.4050649263011771,0.4456113290852477,0.44271543289020854,0.06781062921153345,-0.02039273905121803,0.6019704433497537,0.4434480830593929,0.6571428571428571,0.519292799784061,-0.14217462138374481,0.014022538632836224,-0.16093817782190817,-0.10346370007615706
#11,0.3742357783926041,1.0,0.4113541495955964,0.41983746734404676,-0.12996635593302036,-0.14967078943055728,0.5352183008300155,0.28061465493141047,0.24071221308551763,0.4675137130903377,0.4104826814996192,-0.3623012927419433,-0.13527228557932383,-0.09258191703700848,-0.10826063065755352,-0.09931458648646044,0.11028120270309352,0.0980960735735012,-0.12428638909508063,-0.12604474950112307,-0.08892252224460875,0.12543934909816548,-0.18321074296511236,0.15258982194672863,-0.15720551801259,0.24881378153528771,0.2610606075212324,0.3168615580384256,-0.2396479423134393,-0.3022933878322231,-0.19510666808055296,0.020982715240087532,-0.008724321093576778,0.4334994649725738,-0.3562395766053233,-0.19259252118419404,-0.17208988460759836,0.004366980613690918,-0.1454792592521184,0.021549555107824896,-0.4359943316013226,-0.0892502867939807,-0.22167487684729065,-0.25912872470669895,-0.12809231392131723,-0.039788688266993145,0.06609082934071125,-0.01650198104749694,0.1483597312330695,0.18840099100575516,0.1928431646631255,0.1633520673266945,0.2577405454387707,0.1294843492427675,-0.20037789324515826,0.04382597630455111,-0.033368359152825045,0.024946738260727058,0.001995507697646843,0.0537823064984142,0.09449837563745385,0.21813887576759566,-0.03459844022635034,-0.2210270598555908,0.38576923447697453,0.37245428166542954,-0.02353156661814466,0.11291488725863515,0.14963222889533706,-0.07412684488060695,0.288284345386714,0.30356202944096866,-0.009341289657100441,0.03031822081690494,-0.018283477774671514,-0.009657486045906317,0.11784677971330242,0.208760953602036,-0.13856535528713138,-0.2271774652232173,-0.3720879565808373,-0.2645040633163988,-0.03661515621836831,-0.21369284605670327,0.14112191877223257,0.06605998091253507,0.06766795523121862,-0.187699189264747,-0.35434625432601,-0.4058399930591037,-0.20676351787762814,-0.2534988865645455,-0.03095832570156074,0.21525840378664457,0.11525551174650304,0.46260495695680254,0.09704722701551098,0.19434316948319244,-0.062242487925732407,0.05052394127230486,0.09364618780908679,-0.2256928846172385,-0.15155254354930447,0.11896889128821109,-0.07387620140167546,0.16443947441990495,0.14513992654218041,0.0648029074643556,-0.06301369863013699,0.35535654034878006,0.28735118043438446
#12,0.6848447456450696,0.4113541495955964,1.0,0.6336787714613479,-0.039699999035986616,0.1704125013255184,0.197308474641628,0.3708193149720918,0.12017969209412627,0.5969421495570358,0.39453404413253257,-0.12495734240791262,0.001872113984942111,-0.4052423047631901,-0.08253689761213885,0.18966963261450068,0.5377710082615946,0.6575130382809713,-0.006649764298728466,0.017859311887248996,-0.2391042387668341,0.09140196465926947,-0.20656300309448294,0.15544330155302555,-0.17920430335573057,0.017982705599953727,0.23776618819469214,0.19637916574282052,0.16811814947991477,-0.07068724513896253,0.42620381170890653,-0.1506193785969749,0.520306941860353,0.2660927573674723,-0.22534969585377845,-0.2924450271369767,-0.12929154656666633,-0.21283294612129217,-0.0993917075569009,0.026867052914694455,-0.22022885677653206,-0.22747052529089104,-0.15639960282648724,-0.2643845256572161,-0.5432851647980874,-0.1300241967358507,0.02995575178583479,-0.14594969778180522,-0.21221983361129051,0.03810744893139117,0.25219168442057976,0.24981249939749164,0.5040960928537688,0.5015549535827557,-0.3990340585927333,0.07777081545891856,-0.43001744864218716,-0.08734539635410139,-0.27406321999749356,0.0840947432350361,0.10593928643729575,-0.0029248165964543588,-0.4544571158647682,-0.45124502328092314,0.4461974492205952,0.6065899954691372,-0.42701743900205336,-0.299574870099197,0.2115565924055026,0.1708173869453308,0.48512816557893823,0.3499426412038599,0.2617932576904167,0.39180010218541833,-0.07300087725217626,0.04668331196437007,0.047099765744748535,-0.014169068666673093,-0.18927631515525437,-0.0237744979900321,-0.09366932413021893,-0.4197025054707759,-0.10890459159573135,-0.20532906596743564,-0.04661390300097366,0.15672736737585918,0.07198673517588425,-0.05452652482816461,-0.16233406919688045,-0.3441971214560458,-0.3456161491521502,-0.16098830651769447,-0.07505229772589243,0.1583469098551088,0.08867959087272131,0.3544272314499725,0.016120231748816674,0.6344345579516644,0.26005803360550644,0.5158956166311588,0.5632980825773862,0.37509182227449317,0.044890247076629426,0.5119971465203937,0.2903704703421284,0.5552157943952262,0.47006256446839484,0.045329837178140035,0.008689616611878573,-0.20476222609969827,-0.056635786104711136
#13,0.602537283217491,0.41983746734404676,0.6336787714613479,1.0,-0.16877367857865866,-0.1999151668225155,0.1423250074711037,0.17638552823113185,0.14302295315858984,0.5461694928325606,0.534956089190518,-0.1960089846047063,-0.17121456045809916,-0.5965989607935758,-0.13597794337385402,-0.016351594960138046,0.3072060000192803,0.16352558973518552,0.19341771663790694,0.07954845613257112,0.14438799610538594,0.30312629539298,-0.1036912072339564,0.14361292934745934,0.018838749481842807,0.25622126035109366,0.5145999826477592,0.5170100160990234,-0.21142163053223179,-0.2232674269518861,-0.030676833794453066,-0.3803013505827461,0.2348432996249988,0.25534208014807247,-0.27985501238757193,-0.33695545294168683,-0.24371222272565143,-0.20582264081825455,0.051777158666962295,0.2841159515294072,-0.27861336315348056,-0.23566078297166765,-0.1886747708058188,-0.2912380823845835,-0.42499686695651334,0.01913566560303857,0.18145238255906992,0.06862811255820231,-0.1509818476280451,0.13618231421052124,0.2469744440052828,0.1486759276218754,0.4430817579748007,0.4230148554461936,-0.07983766014672283,0.3101635930706718,-0.42109068473870415,-0.010845150530689365,-0.15558983158686243,0.10140842354891885,0.0878852438471846,0.043193583526939354,-0.2970645792563601,-0.30870986089286917,0.48279910925163644,0.6744295450820857,-0.5150549969633579,-0.3131057619079753,0.3721805018653659,0.21784195964639988,0.16863486065186584,0.3329914299210473,-0.07864228355489575,0.2939180395823894,-0.2729912371183712,-0.2973036545747255,-0.22696923833302807,-0.09124001041134451,-0.37785275659626155,-0.19437016185784659,-0.281378153528771,-0.33606856063162155,-0.1647363905411007,-0.3023280923139213,-0.19067606258374867,0.2986262809327793,0.08741094926397579,-0.06095456604937677,-0.2487096680901931,-0.424765503745192,-0.4789507678366576,-0.0507668726441923,-0.09227343275524665,0.3771201064270772,0.16069910250354275,0.2287777274348568,-0.04292365978039775,0.2905131443224432,0.14066690445663385,0.32841429439040615,0.3148564102069737,-0.04738511370537823,-0.3105684786904842,0.3862049685249631,0.04192494191819383,0.4195598314904611,0.23808624063702005,-0.12095861490557488,0.02120636634436486,-0.011909421302767682,-0.004802714661679504
#17,-0.04421929376379744,-0.12996635593302036,-0.039699999035986616,-0.16877367857865866,1.0,0.4825947384149692,0.11761541650198105,0.2934206086780485,0.24990504468202018,-0.0397809761599491,0.11534805703103158,0.6651865847897969,0.4178400316196389,0.2058110726576885,-0.15760269152535838,-0.1038068888396171,0.20530978569982553,0.0261498269595982,-0.23148082095379485,-0.035647286784340565,-0.18476087648096556,-0.185674761165685,-0.09496881416714063,-0.06756769783964602,-0.2486788196620169,-0.24173021121533167,-0.29674838286755423,-0.2003046282282398,0.21835481476482893,0.347767827017439,0.20499744536454165,0.290813916497161,0.22514146896358922,0.18179557132252996,0.23260678858222553,0.23534073052933974,0.25832666557411815,0.02075520808228818,0.29697974607887556,-0.1365139348134152,0.10075289445017496,0.0710034415277684,0.38433092651326,0.16036748190064878,0.21341521020311763,0.09612177417022548,-0.25287806194749984,-0.06220392739051218,-0.20518253593359875,-0.35136166889996434,-0.20557199733932308,-0.0930562116202173,-0.23128416222417167,-0.15155254354930447,-0.028020012917779297,-0.29421109965006315,-0.10771307105742628,-0.23820577829620276,-0.14741499812017392,-0.08362816075887133,0.11930051189110505,0.08601891394252552,0.36420232712830053,0.07752788408703112,-0.19341000453086288,-0.203370190778248,0.24934591692132688,0.16967599510281203,-0.1337491444381248,-0.07558828916545361,-0.03487993213345801,-0.19932519063364598,0.02127577530776127,-0.15586746744044808,-0.006996809115710526,0.10447013004540504,-0.08694436678781102,-0.1507003557209374,0.2420541197111816,0.14902297243885745,0.06809597717216315,0.35312388535952877,0.3105877589580943,0.15036873511804344,0.6312764501171276,0.3817010980112404,0.5784485168654141,0.07380293638475702,0.2881570956204872,0.4807399766708762,0.4558568632932625,0.342542874495098,0.4152024910105752,0.04505991343159843,-0.0448863910231074,0.01687601823913316,-0.09208063007914549,0.1269740583999306,0.04419615744266531,0.13054090790780176,-0.0616178072551647,0.2232211543096218,0.5484908370528183,0.17779684382019223,0.16567341154695228,-0.027264226427462814,-0.06258182063567043,0.04588896493883335,0.12957689452729604,-0.2145913065273346,-0.041628025796998064
#18,-0.04925915571708135,-0.14967078943055728,0.1704125013255184,-0.1999151668225155,0.4825947384149692,1.0,0.09677730326896937,0.18959251154406023,-0.00606750021690301,-0.008924835876721968,-0.11465011134354545,0.6226041857460981,0.5890719443185871,0.3431521309515776,-0.07486335110331331,-0.07586592501903927,0.3986291729729209,0.5025343911773495,-0.2685914800497431,-0.2646467372967137,-0.38851474458465485,-0.42208169049386407,0.016644655027811785,-0.12167969691419317,-0.21369284605670327,-0.3247317632768743,-0.33470737373834747,-0.45663964215823316,0.625434529031263,0.47742377064193653,0.6069370402861192,0.1833881214271254,0.4366614288606326,0.054568941416906866,0.33861355595615666,0.10487501566521744,0.5132735002361832,-0.0005340634128001697,0.38742733749144437,-0.1913585840571467,0.45965121995893304,0.24155283275331862,0.5037413359297427,0.1270241870957169,0.057260466775278844,-0.09266289416097095,-0.3005388834797027,-0.2578446588838653,-0.33246315058853015,-0.486944366787811,-0.20982908042763634,-0.09509606393336739,-0.036422353542267166,0.04369487048480233,-0.01259965488320978,-0.28644886391023106,-0.2650709031841362,-0.5496746454840793,0.08275669266289416,-0.14757695236809887,-0.08386338002371473,0.1840475065793913,0.13286225212805955,0.1367491540782586,-0.12002159389972333,-0.2387880423780282,0.29196687650024583,0.21566714545997898,-0.5152902162282013,-0.30857104296607635,-0.05911522851937185,-0.26057088872393547,-0.028883768906712425,-0.1440293831278378,-0.10022075906413581,-0.08594564892560709,0.11697531161732524,-0.11200100257391572,0.37935276141632845,0.4074980960735735,0.4921500390425419,0.36496582572566105,0.19234187770526254,0.37753270415393364,0.28589359220305977,0.11466553555763354,0.16440862599172876,0.32541814080379433,0.456273317073641,0.5888097326790895,0.4651730886024698,0.17805134335264575,0.2249525223410101,-0.01004694745163063,0.17255646708376313,0.014508401376611108,0.07650602990369507,0.25181764722894356,0.02003027002014788,0.2579410602219159,0.25410814302102513,0.5804035360010797,0.5296964321864788,0.15156796776339257,0.31830757810918414,0.11065138384120772,0.26735754292269576,0.069248937175248,0.044331119315936106,-0.2696171902866012,-0.03548533253641561
#26,0.02147629009090646,0.5352183008300155,0.197308474641628,0.1423250074711037,0.11761541650198105,0.09677730326896937,1.0,0.3645647961593707,0.2596184435039958,0.4017988489680237,0.27542055083724565,-0.12502675137130903,0.059697492601197305,0.19959125832666558,-0.3345030029016803,-0.37823836194846383,0.06956898961757589,0.026982734520355142,-0.045368397713360265,-0.1657621007779588,-0.173208140128985,-0.13804093200813627,-0.4129389875931478,-0.19398841255916632,-0.2331427800217867,-0.13686097963039728,0.08718344210617643,0.10247269432099718,-0.1842133168808383,-0.09236983409329722,-0.1665217433217973,-0.06990061022046987,0.12579796207571362,0.34939893765725466,-0.33076263098531805,0.024179383609844503,0.02874109492639758,0.02937348770400933,0.00563947827595847,-0.27721361572498626,-0.19755140601351548,0.1270241870957169,0.15926850664687225,-0.0766294236163998,0.22907464355605256,-0.029234669777216508,0.03741721535094907,0.030888916738164327,0.1186025662036189,-0.013613796959501798,0.05099823585551368,-0.035080446916603204,0.15097413552100103,-0.07363327002978802,-0.09741740815362518,-0.1175729999132388,0.05196996134306344,-0.25765185620776415,0.2904591595731349,-0.06317950893158397,0.006568787174765986,0.20774681152574398,0.04864218715355769,-0.13160132262635804,0.227971812248754,0.18739070498298516,0.22023271283005408,0.5025575274984817,-0.02100585156121967,-0.07907801760288433,0.2998255135781285,0.10840716069139039,0.07371810320727251,0.028031581078345368,0.013208911339689395,0.019818187076436622,0.10588530168798743,-0.04493266366537167,-0.1056616505837101,-0.36255579227439677,-0.0688633318230457,0.16784436967985117,0.1388854077294593,0.013837448063779125,0.17209374066112038,0.003730731782557142,-0.013382433748180425,-0.03603289213654286,0.06329519053724465,0.05571033325942564,0.0973711355113609,0.042295123056308025,0.01797499349290968,0.10124261324747187,0.2012455052876134,0.2792920285733566,-0.25091533070479016,0.09102407141411123,-0.27004521222754574,0.1721168769822525,-0.003418391447273288,-0.2551994061677576,0.10325547318596782,0.03345704838383157,0.021780918319146268,0.14438799610538594,0.13340209962114274,0.0420560477379426,0.0565123923920064,0.2095514445740507,0.12723241398590612
#49,0.43190305881445634,0.28061465493141047,0.3708193149720918,0.17638552823113185,0.2934206086780485,0.18959251154406023,0.3645647961593707,1.0,0.5963174688864682,0.5800025064347893,0.5236231478892927,0.17491251578571912,0.38050957747293535,-0.17719915552427867,-0.24671223236578524,-0.30186536589127855,0.34937580133612256,0.23662479635217337,-0.18550123875719396,-0.2317584568073805,-0.04036324024177455,-0.10341357138037076,-0.2838460277828656,-0.09405492948242121,-0.13218744276170552,-0.20972882303606374,0.14005764800015424,0.04390309737499157,0.03006757733797345,0.14284171864305475,0.04042879315164895,0.048549641869029145,0.2489294631409484,0.3036391505114091,-0.18159505653938476,-0.055833726972130376,-0.2558703594805896,-0.32793228770015326,-0.106317179682454,-0.22094222667810628,-0.14957824414602874,-0.18033412703768328,-0.06956898961757589,-0.37688488716223384,-0.07143531952223497,-0.0681229695468173,0.21346533889890393,0.07840320823653033,0.09017959569278822,0.019633096507379523,0.17667473224528357,0.11975552620670375,0.2933319194470419,0.03250845921741394,-0.04972573819324612,-0.0008811082297822294,0.06449056712907175,-0.182308426440959,-0.04323600011568161,-0.15459496977818052,-0.09621431945475403,-0.10551512054987323,-0.16135077554876462,-0.32675233532241427,0.255430769379079,0.26498992606017374,-0.11989434413349657,-0.12819257131288983,0.025270646756576982,-0.013501971407363134,0.2982753800622753,0.1619870243798984,0.3010131780629115,0.16143560872624912,0.11145344297378848,0.07471682106947644,0.12031465396739707,-0.05274502810099004,-0.28282417359952955,-0.29583064212931276,-0.2219525127008763,-0.057808026375406094,0.3674452681403218,-0.12213856728331389,0.3636701917422614,0.32828318857065736,0.1608764809655558,-0.006510946371935642,0.00673459747621297,-0.037644722508748424,-0.146250469956523,-0.10866166022384391,-0.02509712434808595,0.27225858694918686,0.1390396498703402,0.16981866908312687,-0.31135896966249893,0.45680159640615814,0.011446694880124937,0.39168827663327965,0.1427761657331804,0.026963454252745028,0.13529156584693394,0.3638128657225762,0.2889398744854579,0.3488629462176935,0.263860102378221,-0.19205267369111084,0.0682232269383899,-0.18530458002757078,-0.21968515322992682
#50,0.15458725767113649,0.24071221308551763,0.12017969209412627,0.14302295315858984,0.24990504468202018,-0.00606750021690301,0.2596184435039958,0.5963174688864682,1.0,0.3699632710902027,0.40570503118583284,0.04354834045096546,0.12000231363211321,-0.02990562309004849,-0.12354988287237427,-0.19078017602884328,0.2183471026577849,0.001671599201796921,-0.01738501730404018,-0.09440968640644733,0.12865529773553258,0.017616380515361553,-0.1345897641059258,0.06748286466216151,-0.0332603896542084,-0.11612697984248022,-0.003422247500795311,0.0457115864768203,-0.01034386357282639,0.17448449384477457,-0.18791512826198029,-0.005462099813945418,-0.004100912920671339,0.22821474362064145,-0.062389017959569276,0.05420261633231469,-0.08380168316736236,-0.17706419365100787,0.06373092458523325,-0.11503186064222572,-0.11248300926416858,-0.07053300299808161,-0.020288625606123413,-0.13317844851686542,-0.03758688170591808,0.00851223814986552,0.05612293098628209,0.030869636470554213,0.0081382009582293,0.15316822997503204,-0.010960832136350053,-0.016374731281270184,0.15572479346013324,0.053111353185582216,0.20176221645956446,0.06179518571717776,0.21108229782229376,-0.00021015491695024728,-0.1456951982493517,-0.25549246623543137,-0.07708829398552051,0.0718286369814813,0.07576566762746667,-0.03584008946044171,-0.02274107564612997,0.08491222658170496,0.09493796573896446,-0.025286070970665073,0.22334840407584858,0.20359384188252533,0.16581994158078914,0.12322983043004637,0.09766033952551262,0.009464683369805172,-0.06157153461290043,0.06463709716290862,0.12216555965796805,-0.03648405039861953,-0.034640856815092595,-0.2782817425505866,-0.17025440313111545,0.10493285646804777,0.2569346302526679,-0.1708366672129409,0.27383185678617217,0.28284345386713966,0.3341983746734405,0.04623215370229339,-0.11406784726171999,-0.048364551299972046,-0.048391543674626204,-0.10365264669873618,-0.08754976719076861,0.2673845352973499,0.06547000472366557,0.2740786442115817,-0.3195183789150993,0.17348191992904863,0.054734751718353854,0.11620795696644269,-0.0884752200360541,-0.11376321903348019,0.023030279660281684,0.12960003084842817,-0.014751332748498549,0.0198991642003991,-0.04853421765494105,-0.18692026645329837,0.08976314191240975,-0.08913460518832002,-0.1709677730326897
#51,0.5811014816885658,0.4675137130903377,0.5969421495570358,0.5461694928325606,-0.0397809761599491,-0.008924835876721968,0.4017988489680237,0.5800025064347893,0.3699632710902027,1.0,0.7111545988258317,-0.023388892637829815,0.2817097741316649,-0.3136186170264043,-0.30764173406726886,-0.25384207532800557,0.4825831702544031,0.24769552601390107,-0.03776426016793113,-0.14729160440746916,0.0077564516595490345,0.042792553960648974,-0.2633742396344461,-0.022320765812229474,-0.13733141816008407,-0.15121321083936645,0.40022557913103834,0.25256572161221597,-0.06147127722132783,0.01698784379127182,-0.04775915089701445,-0.13407690898749675,0.25968399641387024,0.3401097047227016,-0.2158869405107343,-0.0782798145238256,-0.2376235142143773,-0.388881069669247,-0.14512835838161434,-0.2233869646110688,-0.20052827933251713,-0.21685866599828404,-0.01566136137969595,-0.20894990022461513,-0.2773871381334773,-0.11612312378895819,0.23729960571852737,0.10611666489930881,0.04944039023261643,-0.005176751853315724,0.33554413735262645,0.16794077101790172,0.45709465647383185,0.10455496322288953,-0.05313063345319233,0.06141729247201951,-0.07795976208149769,-0.2450040006555291,-0.11712955375820616,-0.0018836821455081797,0.10618221780918319,-0.09040710285058756,-0.2862136446453877,-0.49184155476078006,0.4713851908264487,0.5687119817223063,-0.2652482816461493,-0.2419345820519989,0.1611155562839212,-0.05794298824867689,0.36324216980131685,0.3459323455409561,0.2307327465705224,0.29581521791522464,-0.034914636615156217,-0.045915957313487514,-0.00621403025073988,-0.10415778971012117,-0.35901593514117974,-0.32195154868749576,-0.26406447321488824,-0.14148824385682474,0.22693453385132986,-0.16878910279274675,0.20327764549371946,0.3542035803456952,0.15769909286340894,-0.07253043872248947,-0.0815998766062873,-0.2148612302738762,-0.32777033345222834,-0.019756490220084254,-0.023658816384371416,0.26040893447601055,0.31131655307375666,0.32223304059460345,-0.28272391620795695,0.46115508083252194,-0.016162648337558927,0.5702274107564613,0.2932972149653437,-0.12152545477331225,-0.10731204149113589,0.4453105569105299,0.27045780995440216,0.5217606740381556,0.31104277327369306,-0.13889311983650332,-0.05146096227815642,-0.021572691428957035,-0.12216170360444603
#52,0.5985077072869771,0.4104826814996192,0.39453404413253257,0.534956089190518,0.11534805703103158,-0.11465011134354545,0.27542055083724565,0.5236231478892927,0.40570503118583284,0.7111545988258317,1.0,0.13754735715731733,0.11249843347825668,-0.46324506184145836,-0.40501094155186873,-0.2891211090009929,0.24636518754880318,0.050045790635574024,0.04870002795638804,0.1030819507774768,0.06425920391775038,0.2636171710063336,-0.3570879083801683,0.026369622010353505,-0.1647171102734906,-0.044439088814552746,0.2500130141806368,0.29646689096044654,-0.2093817782190817,0.01988373998631101,-0.21687409021237214,-0.2842817618308542,0.1751785834787387,0.20647816991699844,-0.3335312774141305,-0.10759738945176558,-0.418526409146559,-0.32875362710034417,-0.2462996346389288,-0.10733517781226803,-0.27228943537736305,-0.18846268786210751,0.020211504535682955,-0.2344576942727965,-0.1938495946323735,0.08599963367491541,0.17446906963068648,0.08917316572354024,0.12874784302006112,0.1781477446906963,0.26150790972978705,0.22161703604446029,0.3415518687399381,0.16568112365399632,-0.11043544484397444,0.16745105222060483,-0.1344393780185669,0.034845227651759805,-0.2413831663983496,-0.010960832136350053,0.11048942959328276,-0.052895414188348935,-0.26764289088332543,-0.4572373304541467,0.403210164557084,0.4697964967753752,-0.27850539365486393,-0.17279168634860653,0.3024784784012802,0.041766843723790886,0.3117445750147012,0.2904398793055248,0.23883431502029248,0.2373728707354458,-0.016004550143155986,-0.018599674163477388,-0.09712820413947346,-0.014870870407681258,-0.4026433246893467,-0.27985115633404994,-0.3510223361900263,-0.0202693453385133,0.10313207947326308,-0.2124319165550018,0.27159534574339894,0.45388256388998677,0.1882737412395284,-0.0029325287034984047,-0.07113454734751719,-0.13339438751409868,-0.28497970751834034,0.08518600638176858,0.1475653842075328,0.24834719905912295,-0.0016484628806647836,0.19897814581666393,-0.4438414005186392,0.27476887779202375,0.03363442684584462,0.4153837255261103,0.14825947384149693,-0.27847454522668774,-0.04418844533562126,0.4523555666952657,0.09556264640953216,0.39741451611348366,0.09284412867650603,-0.23712222725651433,0.07233763604638832,-0.04149306392372726,-0.16657572807110563
#53,-0.0566473542652772,-0.3623012927419433,-0.12495734240791262,-0.1960089846047063,0.6651865847897969,0.6226041857460981,-0.12502675137130903,0.17491251578571912,0.04354834045096546,-0.023388892637829815,0.13754735715731733,1.0,0.6301080658999547,0.1538815998766063,-0.11837505904581956,-0.1671579921529311,0.2671608841930726,0.0667733508141093,-0.1406746165636779,-0.05473089566483183,-0.0721486894238092,-0.21255531026770652,0.10580046851050293,-0.251385769234477,-0.048804141401482655,-0.32270733517781225,-0.3600262211639498,-0.44373343102002255,0.4029325287034984,0.5098801731368031,0.28892059421784777,0.10919379560988307,0.33685519555011423,0.03149431714112192,0.4423915243943586,0.19210665844041916,0.3062805471739948,-0.07155485718141767,0.3520326222127963,-0.17407960822496216,0.49407420975003136,0.1549805751303828,0.5207812364435619,0.13066044556698447,0.11465782345058949,-0.003464664089537563,-0.32663279766323156,-0.1930398233927487,-0.3572151581463951,-0.519288943730539,-0.2989270531074971,-0.19094598633029025,-0.25228422970510833,-0.23252966751178505,0.23064020128599386,-0.19151282619802762,-0.2018894662257912,-0.32750812181273076,-0.03943393134296704,-0.3200620824617046,-0.014396575824472443,0.056975118814649145,0.29183577068049704,0.11552157943952263,-0.31987313583912547,-0.3555030703826169,0.21931111603829062,0.04615888868537495,-0.21860545824376043,-0.26298863428224384,-0.27396296260592096,-0.2577251212246826,0.04437353590467836,-0.07768983833495609,-0.0639430075289445,-0.1395447928817252,-0.16260013688990002,-0.2666364609140775,0.23067104971417005,0.2955530062757271,0.3461174361100132,0.45898026664610103,0.4061484773408655,0.43472954604609915,0.5158146395071964,0.3867756644462225,0.45744555734433595,0.3930725998476859,0.43595962711962444,0.6489294631409483,0.3737884761840494,0.3711316553073757,0.2969643218647875,-0.015001976227430037,-0.06582861770121369,-0.1498057513038281,-0.16846905035041887,0.09156006285367241,-0.04341723463121668,0.20476608215322029,-0.08974000559127761,0.292668678241254,0.5199329046687168,0.17049347844948087,0.23519420049550288,0.03301745828232096,-0.07614356087262492,-0.08478112076195618,0.05707923225974376,-0.2802174814186421,-0.19000125321739467
#54,0.037498192474911554,-0.13527228557932383,0.001872113984942111,-0.17121456045809916,0.4178400316196389,0.5890719443185871,0.059697492601197305,0.38050957747293535,0.12000231363211321,0.2817097741316649,0.11249843347825668,0.6301080658999547,1.0,0.2542893775365602,-0.07382607270588916,-0.25000144602007074,0.2516556929810186,0.1588057802242295,-0.11878380071915398,-0.33452613922281244,-0.13842268130681654,-0.4435907570397077,0.14832117069784928,-0.26175855320871855,-0.016575246064415374,-0.3776946584018586,-0.13650622270637117,-0.3490788852149268,0.3568989617575892,0.4397308474641628,0.16031349715134047,0.28853498886564544,0.2963936259435281,0.21008743601361188,0.42027320139203533,0.20414140148265258,0.2979244791917712,-0.19770179210087435,0.16377237716059498,-0.3027985308436081,0.3386289801702448,0.16364512739436823,0.26471229020658804,-0.06266665381315492,0.013833592010257103,-0.31352221568835376,-0.13433526457347228,-0.025181957525570457,-0.13263474497026018,-0.542880279178275,-0.1699729112240078,-0.12225039283545255,-0.18031099071655116,-0.297049155042272,0.30871757299991326,-0.18167988971686927,-0.0427809858000829,-0.5861991844446801,0.08808190257680777,-0.2737161751805115,-0.12981211379213944,-0.07199830333645031,0.18306806898479752,-0.04403034714121832,-0.03548918858993763,-0.2857162137410467,0.20299229753308975,-0.03391977480647431,-0.3299220113175171,-0.25912101259965487,-0.04974116240733421,-0.16713099977827692,0.059431424908177724,0.02281048460952638,-0.04799822621537987,-0.2173908013843232,0.06514995228133766,-0.1589561663115884,0.12049588848293215,0.16612456980902895,0.05621933232433266,0.2978087975861105,0.6290862117166186,0.2516055642852323,0.39576412520605786,0.33670095340923334,0.26380226157539066,0.21878283670577348,0.3698205971098879,0.37609825224374116,0.1642119672621056,0.11634677489323551,0.010108644307982995,0.14589185697897486,0.25547704202134325,-0.18138682964919553,-0.01317420685799119,0.2027262298400702,0.03912544706120521,0.22946024890825484,-0.007027657543886709,0.16108856390926707,0.33741432331080756,0.22978801345762678,0.3970520470824135,0.1745731830757811,0.1806580355335332,-0.17862975138094916,-0.005716599346398928,-0.03796477495107632,-0.06201498076793306
#58,-0.5815449278435985,-0.09258191703700848,-0.4052423047631901,-0.5965989607935758,0.2058110726576885,0.3431521309515776,0.19959125832666558,-0.17719915552427867,-0.02990562309004849,-0.3136186170264043,-0.46324506184145836,0.1538815998766063,0.2542893775365602,1.0,0.10937117407189612,-0.0687784986455612,-0.08609217895944396,-0.09019501990687631,-0.09141353281983554,-0.12125938708029267,-0.1805037933926523,-0.4159274290727155,-0.02050070854983467,-0.2948704848023291,-0.10648298998390097,-0.26907734279351797,-0.4800150386087359,-0.5073120414911358,0.12296761879054881,0.22057590159351412,0.15090472655760462,0.3196957573771124,-0.06895973316109627,-0.02105983631052799,0.24960812856082443,0.2964591788534025,0.5275640345888001,0.31498365997320044,0.15060781043640886,-0.313063345319233,0.22211061089527923,0.3532974077680198,0.4258297745172703,0.3732370605304002,0.4265007278301023,-0.12050745664349821,-0.2798357321199618,-0.2553189438269403,-0.020774488349898295,-0.3407112490721371,-0.3598334184878486,-0.27384342494673825,-0.4944058303529253,-0.47417697357639327,0.07866541987602788,-0.3102368580875903,0.19053724465695585,-0.2644500785670905,0.35400692161607206,-0.06778749289040131,0.022066266279775964,0.22911320409127278,0.6167854009813656,0.47348673999595114,-0.3320659770757618,-0.5301861509837756,0.8221588115643045,0.6216633086867246,-0.4274338927824318,-0.15342272950748556,-0.14760394474275304,-0.08455746965767885,-0.14332372533330762,-0.17345492755439446,0.10550355238930717,0.06763710680304243,0.20957458089518283,0.09539298005456316,0.49165260813820094,0.19739330781911252,0.3491829986600214,0.40745567948483125,0.09084283689857615,0.4742039659510474,0.25390762823787993,-0.2170013399785989,-0.008913267716155901,0.16076079935989512,0.3408153625172317,0.5432890208516095,0.551294187963329,0.2226118978531422,0.11229020658806745,-0.21109000992933782,0.08380168316736236,-0.00043766207474959753,0.04659462273336354,-0.20684835105511265,-0.16730452218676795,-0.21351932364821224,-0.22036381864980287,0.12004858627437749,0.2614153644452585,-0.25719684189216546,-0.035030318220816904,-0.2587238390868865,-0.1821040556042918,0.24709783771798752,0.08755362324429063,0.22115816567533958,0.21934967657351084
#101,-0.16757058987978754,-0.10826063065755352,-0.08253689761213885,-0.13597794337385402,-0.15760269152535838,-0.07486335110331331,-0.3345030029016803,-0.24671223236578524,-0.12354988287237427,-0.30764173406726886,-0.40501094155186873,-0.11837505904581956,-0.07382607270588916,0.10937117407189612,1.0,0.6755092400682522,0.13416945427202528,0.08066285560043573,0.048256581801355405,0.07945205479452055,0.13853450685895521,0.04591981336700953,0.6883614664571545,0.15385460750195212,0.4061291970732554,0.09000607328429719,-0.12309101250325355,-0.1134624468587624,0.382819353532627,0.08715259367800025,0.16464770131009418,0.017990417706997774,-0.11409869568989618,0.08392893293358912,0.366134209942834,0.03194933145672062,0.030345213191559098,0.11398301408423549,-0.17891124328805683,-0.06691216874090213,0.14035070806782798,-0.05585686329326251,-0.16983409329721497,0.09129013910713081,-0.24653099785025015,-0.39899549805751305,-0.20094087705937358,-0.3821252638986629,-0.2678356935594266,-0.15349213847088197,-0.1533610326511332,-0.08261401868257931,-0.2928691930243992,-0.22467874254094647,0.045329837178140035,-0.14690599905526688,-0.01015491695024727,0.07099958547424638,-0.28357610403632405,-0.2635053454541949,-0.3183846991796246,-0.046872258586949184,0.2929193217201855,0.38513298564584075,-0.3142510098040161,-0.24804642688440515,0.026558568632932624,-0.1635063094675754,0.2242314403323918,0.30038464133882176,-0.14531730500419346,0.21419413301456625,-0.3953168229975032,-0.027090704018971783,-0.2768588588009602,-0.2546441344605863,-0.21130980498009314,-0.08927727916863486,0.6156517212458908,0.42502385933116754,-0.06651113917461174,-0.2441942294159043,-0.07934408529590391,0.13268101761252446,-0.19905912294062642,-0.32292327417504557,0.0011394638157577626,0.18415162002448593,-0.2751853315724022,-0.1705320389847011,-0.06841988566801308,-0.3919851927544754,-0.38853402485226496,-0.25669555493430246,-0.0043284200784706895,0.026959598199223004,0.5362170186922195,-0.1446347835307954,0.012063663443648598,-0.36353522986899056,-0.07089932808267378,0.3040093316495233,-0.2047390897785661,-0.02991719125061456,-0.17109887885243846,-0.2174910587758958,-0.15561296790799456,-0.07022451871631978,-0.11274907695718817,-0.05287998997426084,0.06376177301340942
#102,-0.03975398378529494,-0.09931458648646044,0.18966963261450068,-0.016351594960138046,-0.1038068888396171,-0.07586592501903927,-0.37823836194846383,-0.30186536589127855,-0.19078017602884328,-0.25384207532800557,-0.2891211090009929,-0.1671579921529311,-0.25000144602007074,-0.0687784986455612,0.6755092400682522,1.0,0.1910192513472087,0.25427780937599415,0.14373246700664205,0.42976680516325566,-0.1687081256687843,0.2713562704250335,0.35873058718055006,0.2498934765214541,-0.010868286851821504,0.18750638658864585,-0.2252224460875517,0.005327137940674616,0.4027127336527431,0.11211668417957642,0.32331273558076984,0.06333375107246489,-0.01431174264698794,0.0027358699738752375,0.298903916786365,0.04929386019877956,-0.02693646187809087,0.22477514387899705,-0.19825320775452362,0.046895394908081325,0.08128368021748142,-0.01792100874360136,-0.13485197574542335,0.2264679513751651,-0.4149325672640336,-0.19316707315897544,-0.38253400557199735,-0.4377565480608871,-0.24408625991728766,0.1114418748132224,-0.0910703440563755,0.010629211533456084,-0.14389056520104498,0.08562559648327919,-0.29588462687862105,-0.06980806493594131,-0.18407449895404548,0.2944694552360387,-0.46472578639391515,-0.06387745461907011,-0.0796795619523199,-0.1582659327311463,-0.01618578465869106,0.2941648270077989,-0.08236723125716985,-0.03270511794703711,-0.17173898373709426,-0.26007731387311656,0.277842152449076,0.4661023975012773,0.23596926725342948,0.23464664089537562,-0.07760886121099361,0.032782239017477566,-0.02035032246247578,0.10361023010999393,-0.03353802550779405,0.01595442144736969,0.47643662094029865,0.5640847174958789,-0.046617759054495674,-0.2547366797451149,-0.198820047622261,0.015588096362777516,-0.1990745471547145,-0.2936326916217597,-0.11907686078682772,0.1547106513838412,-0.26772772406080997,-0.16013997474284944,-0.05105993271186604,-0.3321353860391582,-0.19569664426942246,-0.4564314152680439,-0.2932817907512556,0.12772213278320302,0.5260023329123809,0.005099630782875266,0.0820895954035842,-0.19594728774835396,0.0712540850066999,0.4229762949109734,-0.012032815015472416,0.11204341916265798,-0.27161462601100905,-0.12759102696345426,-0.14965922126999123,0.11931593610519314,0.08641223140177186,-0.22792553960648973,-0.027117696393625945
#201,0.21449490518928402,0.11028120270309352,0.5377710082615946,0.3072060000192803,0.20530978569982553,0.3986291729729209,0.06956898961757589,0.34937580133612256,0.2183471026577849,0.4825831702544031,0.24636518754880318,0.2671608841930726,0.2516556929810186,-0.08609217895944396,0.13416945427202528,0.1910192513472087,1.0,0.4915754870677605,-0.04040951288403883,-0.03158300637212844,-0.07919755526206704,0.019197362459390938,0.04684912226581705,-0.01965623282851166,0.0565625210877927,-0.14491627543790309,0.04385682473272729,-0.10546113580056492,0.4741229888270849,0.3409927409792448,0.4617026404326492,-0.12051902480406428,0.34046446164672767,0.2054755960012725,0.19203724947702275,0.01624748151504343,0.15004868267571553,-0.137319849999518,0.054873569645146676,-0.2241119026732091,0.2586505740699681,-0.02420251993097664,0.25440120308869885,0.05436842663376168,-0.287783058428851,-0.23938958672746377,-0.19407324573665083,-0.3639941002381113,-0.2864025912679668,-0.19970308387880423,0.14979803919678406,-0.06282860806107989,0.25542691332555695,0.16135848765580865,-0.10466678877502819,-0.04067558057705841,-0.23991786605998092,-0.27282542681692423,-0.30122140495310074,-0.2928730490779212,-0.013050813145286456,0.07546103939922687,0.018692219448005937,-0.09879016320746532,0.11340075000241004,0.24523536386685046,-0.11660513047921105,-0.13871188532096826,0.12484166080225194,0.08650477668630041,0.20074807438327244,0.3087445653745674,0.042939083994485844,0.27722518388555234,-0.13957178525637937,-0.05995970424069486,-0.0325701560737663,-0.20833293166109146,0.15160267224509077,0.2612688344114216,0.1634523247182671,-0.030838788042378027,0.09547781323204767,0.24300656493112124,0.20233291238082385,0.13935584625914607,0.17072098560728022,0.2359538430393414,0.2187365640635092,0.1499252889630108,0.05491598623388893,0.021318191896503524,0.031783521155273636,-0.11554471576065475,0.0885754774276267,0.459485409657486,-0.0012281530467642891,0.4870060636441634,-0.05192754475432119,0.4185649696817792,0.25307086462360096,0.47971041038049606,0.11260640297687331,0.46528105810108644,0.13810262886448865,0.38450830497527305,0.10369891934100045,0.06291344123856439,-0.11550615522543453,-0.4010777669594054,-0.32935902750330176
