,#10,#11,#12,#13,#17,#18,#26,#49,#50,#51,#52,#53,#54,#58,#101,#102,#201,#202,#301,#302,#401,#402,#501,#502,#601,#602,#701,#702,#801,#802,#901,#902,#1001,#1002,#1101,#1102,#1201,#1202,#1301,#1302,#1401,#1402,#1501,#1502,#1601,#1602,#1701,#1702,#1801,#1802,#1901,#1902,#2001,#2002,#2101,#2102,#2201,#2202,#2301,#2302,#2401,#2402,#2501,#2502,#2601,#2602,#2701,#2702,#2801,#2802,#2901,#2902,#3001,#3002,#3101,#3102,#3201,#3202,#3301,#3302,#3401,#3402,#3455,#3501,#3502,#3601,#3602,#3701,#3702,#3801,#3802,#3901,#3902,#4001,#4002,#4101,#4102,#4201,#4202,#4301,#4302,#4401,#4402,#4501,#4502,#4601,#4602,#4701,#4702,#4801,#4802
#10,1.0,0.1893033075299085,0.5495204033431984,0.6325990764751814,0.22951423365756315,0.2322983043004637,0.22919032516171325,0.4166215187066796,-0.1605410043091398,0.39234380573202354,0.36033084939218957,0.2358073130055045,0.18300251607492313,-0.21808874707180936,-0.12022210868286852,-0.06658054813800815,0.40806107988778884,0.10848428176183085,-0.1918097423192234,0.07610885639092671,0.22929058255328583,0.11750359094984239,-0.026034145353937513,0.029485313256147994,-0.07045588192764116,0.1172876519526091,0.08052403767364291,0.2773871381334773,0.15950758196523768,0.20803215948637366,0.06218079106938004,0.18580586698543375,0.012981404181890045,0.241448719308224,-0.02635034174274339,-0.13933656599153596,-0.05350467064482855,0.08735696451466746,0.20878794597669015,0.2333085903232337,0.07067567697839645,-0.035951915012580375,0.1683572247982802,-0.0946757540994669,-0.09733643102966269,-0.2420232712830054,-0.274306151369381,0.09970404789218475,-0.2559204881763759,-0.018537977307125024,0.01706496486171228,-0.05492755439445499,-0.013559812210193478,-0.059481553603964024,-0.015638225058563812,0.06454455187838007,0.008805298217539259,-0.19265036198702437,-0.30998235855513673,-0.2784822573337318,0.07222581049424966,0.026654969970983197,-0.22327513905893015,-0.26546422064338254,0.21683552967715192,-0.05784658691062632,-0.20248715452170477,-0.2287777274348568,-0.2153625172317392,-0.245663385807795,-0.09407420975003133,0.00037596521839723137,-0.1504805606701821,-0.01875777235788033,-0.08281067741220248,0.08060501479760539,-0.0644828550220277,-0.06077718758736371,-0.04367944627071424,0.09722460547752403,-0.3217433217973065,0.07100729758129043,,0.02000713369901574,0.14413349657293242,-0.011893997088679591,-0.14684430219891453,-0.3232240463497633,0.007540512662315753,-0.029897910983004445,0.16170553247279074,0.17847550924006825,-0.0490817772550683,0.30354274917335855,-0.08355489574195289,-0.031193544966404134,0.09473359490229724,0.084245129322395,0.35234110649455813,0.09425544426556641,-0.008411980758292924,0.22637926214415857,0.36998640741133487,0.08827470525290891,0.3569683707209856,-0.2221221790558453,-0.016073959106552398,-0.048676891635255896,-0.17097162908621172,-0.23812480117224027,-0.33547472838923004
#11,0.1893033075299085,1.0,0.16002043708366673,0.10565779453018807,0.11011153634812451,0.27198866320264525,0.09210762245379966,0.1643122246536782,0.29028563716464384,0.2993010902991334,0.26260688498356355,0.014331022914598054,0.21338050572141942,0.12213471122979187,-0.30470342128348743,-0.09031455756605902,0.09542768453626137,0.11635063094675754,-0.202529571110447,0.06553941368706198,-0.1873097278590227,0.17283024688382675,-0.17352433651779087,-0.02251742454185264,-0.21896407122130856,-0.1969151571823817,0.0030289300415489765,0.07786721679696915,0.00595953071828637,0.10841872885195647,-0.32721506174505705,-0.07458185919620565,-0.005770584095707248,0.047415962133554417,-0.2859090164171479,0.11303828097133989,-0.2942959328275476,-0.1403892686030482,-0.0006998737142471538,-0.10833775172799398,-0.057318307578109184,0.24407083570319957,-0.22697309438655008,-0.1835230833003962,0.0837746907927082,-0.12885195646515574,0.035647286784340565,0.12415913932885389,0.12453703257401212,0.018912014498761242,-0.07074122988827085,-0.12462957785854067,-0.10543028737238873,-0.10643286128811467,-0.3074142269094695,-0.08709860892869194,-0.2826853556727367,-0.041126738839135084,0.14432629924903356,0.005080350515265152,-0.2699063943007529,-0.1390704982985164,-0.11033518745240184,0.16413484619166513,-0.0159389972332816,-0.0023656888357610406,-0.03630667193660648,0.03452903126295393,-0.2034550239557325,-0.016000694089633963,-0.06432475682762477,-0.001841265556765928,-0.17382125263898662,-0.30316099987467826,-0.19451669189168347,0.11421052124203485,-0.19556553844967367,-0.16229550866166023,0.020813048885118524,-0.07811786027590063,-0.1301398783415114,0.12887123673276585,,-0.18730201575197863,-0.04172057108152661,-0.22320958614905576,-0.3215852236029036,-0.1705320389847011,0.07236462842104248,0.15711297272806146,0.3024129254914058,0.040455785526303106,0.09322973402870832,-0.04308947008184474,-0.09971561605275081,-0.05804710169377151,0.07393789825802782,-0.06297513809491675,0.1405049502087089,0.16908601891394254,-0.03243133814697348,0.03356501788244821,0.027746233117715673,-0.019779626541216393,0.1601862473851137,-0.07133506213066237,0.12269769504400721,-0.3043987930552476,0.037243692942458044,-0.30637694851204533,-0.09635313738154686
#12,0.5495204033431984,0.16002043708366673,1.0,0.5539548648935247,-0.07709215003904255,0.04162416974347604,0.11462311896889128,0.04777071905758052,-0.211120858357514,0.4578465869106263,0.053832435194200494,0.2608678048451312,-0.13126584596994206,-0.4430933261353668,-0.14093297214965345,0.13499464972573819,0.5725641791908072,0.3857730905304966,-0.29695660975774346,0.20323137285145518,0.10416550181716522,0.15264766274955896,0.0015404933820481429,0.09306392372726134,-0.03176809694118554,0.053805442819546336,0.3603539857133217,0.47588134923312736,0.1567312234293812,0.2292327417504555,0.12113599336758794,0.09886728427790578,0.3183692749655365,0.2843974434365149,-0.10450483452710324,0.12696634629288656,-0.1085768270463594,0.07062940433613218,0.03163313506791474,0.12937252369062882,0.12844707084534332,-0.059431424908177724,0.00823074624275785,-0.10733903386579005,-0.040953216430644056,-0.028694822284133305,-0.03885937936818563,0.3269605622126035,-0.20453857499542094,0.12356916313998438,0.1583970385508951,0.05788900349936857,-0.018834893428320783,-0.025571418931294766,-0.1842942940048008,-0.1427645975726143,-0.014874726461203282,0.07344046735368687,-0.19719279303596735,-0.08822843261064464,0.19249226379262144,-0.03142876423124753,-0.15558597553334041,0.04140051863919871,0.4493517010016099,0.19200254499532454,-0.021094540792226196,-0.20418381807139482,0.06787618212140785,-0.10300097365351431,0.19861953283911582,0.3156006285367241,-0.07544175913161674,-0.07248031002670317,-0.14479673777872037,0.10925549246623543,-0.11398301408423549,-0.11992133650815073,0.029897910983004445,0.19675320293445672,-0.11336990157423385,0.1127028043149239,,-0.12962316716956032,0.1340190681846664,-0.21097818437719915,-0.097390415778971,0.030017448642187153,0.04944039023261643,0.020890169955558983,-0.10619378596974927,0.2939874485457858,0.1396951789690841,0.35257632575940157,-0.1344895067143532,0.20463112027994948,0.22732399525705416,0.2897419336180386,0.24705542112924528,0.48060501479760537,0.12746377719722748,0.3565789093152613,0.28545400210154914,0.08188522456691699,0.47155100112789566,0.16838036111941235,0.27961979312272855,-0.0035147927853238603,-0.12613729478565164,0.04332854540021015,-0.1454946834662065
#13,0.6325990764751814,0.10565779453018807,0.5539548648935247,1.0,0.015063673083782403,0.18473002805278937,0.12021825262934649,0.1104470130045405,-0.29279207195395873,0.48361659259830525,0.15195742916911686,0.02462668581839916,0.043332401453732176,-0.24004897187972968,-0.14877232895992595,-0.15002940240810542,0.4120636634436486,0.21934582051998883,0.00782971667646747,0.10195983920256813,0.42102127577530774,0.15243943585936973,0.11906529262626166,-0.005554645098473967,0.00346080803601554,-0.01141199039842673,0.1925693848630619,0.3956715799215293,0.30096690542064725,0.2424281569028178,0.1110716936751082,0.22290495792081594,0.1671965526881513,0.24235103583237735,-0.03731695795937648,0.039962210675484174,-0.10315521579439522,-0.04451235383147118,0.2566377141314721,0.3032342648915967,-0.07736207378558414,-0.09208063007914549,0.25822255212902356,-0.09315646901178988,0.006892695670615908,-0.19276604359268507,-0.2587662556756288,0.2662971282041395,-0.157540994669006,0.14292269576701724,0.00986185688257353,0.1574368812239114,0.2495541438115161,0.18371974203001937,0.08389422845189091,0.11185061648655684,-0.012206337423963445,-0.10664880028534796,-0.2595413224335554,-0.050173040401800775,0.01399169020466004,0.14398696653909557,-0.3558385470390329,-0.3348616158792284,0.285083820963435,0.08059344663703932,-0.196124666210367,-0.1404548215129226,-0.12414757116828781,-0.23645898605072638,0.20160026221163949,0.07468211658777824,-0.13657563166976758,-0.17323513250363914,-0.09171430499455333,0.15477234824019356,-0.18720561441392808,0.016050822785420263,0.07689934736294139,0.08953177870108837,-0.10103053030376062,0.08004203098339005,,-0.1315242015559176,0.01704954064762419,-0.18011047593340596,-0.28866223863187224,0.10676448189100865,0.14089826766795524,-0.06428234023888252,0.2277712974656088,0.07822582977451727,-0.022108682868518217,0.10965266597900379,-0.09643411450550933,0.256275245100402,0.1317247163390628,0.04126170071240589,0.3601380467160884,0.04642110032487251,0.1486450791936992,0.3257304811390782,0.2937946458696847,0.0486267629394696,0.24512353831471181,-0.1705821676804874,0.23318519661052894,-0.10737373834748826,-0.007741027445460943,-0.2313921317227883,-0.2366325084592174
#17,0.22951423365756315,0.11011153634812451,-0.07709215003904255,0.015063673083782403,1.0,0.3711046629327215,0.16740863563186256,0.10902412925491406,0.16671840205142047,0.042538054428195464,0.09809221751997918,0.3159939459959704,0.2107198287912236,0.11561412472405116,-0.19496785015376014,-0.14290727155292915,-0.20019665872962317,-0.06452912766429197,-0.1515756798704366,-0.11416424859977056,-0.1510011278956552,-0.08047776503137864,-0.16699989395852816,-0.12610259030395343,-0.276831866426306,0.008142057011751323,-0.1884935362902837,-0.04222957014643363,-0.09424773215852236,0.060595953071828634,0.13750108451505308,0.2802830343285165,0.10661795185717178,0.3341289657100441,0.12360772367520462,-0.014735908534410458,0.024703806888839618,0.2569346302526679,0.014427424252648627,-0.0696538227950604,0.027865770776898384,0.02385161906047256,0.33535133467652534,0.12108200861827963,-0.08826313709234285,-0.4402437025825918,-0.09122844225077845,0.027198673517588423,-0.010841294477167343,-0.25915186102783105,0.16420039910153952,-0.0066034916564641916,-0.2018200572623948,-0.24802714661679504,-0.1947094945677846,-0.18911050485380737,-0.2197314258721911,-0.31733199656811234,0.056242468645464797,-0.13373757627755872,-0.059990552668871044,-0.008304011259676284,0.14447282928287045,-0.022363182400971727,-0.10295084495772801,-0.3111121822370895,-0.0046137680391003825,0.062261768193342525,-0.16598960793575815,-0.000726866088901314,-0.32804411325229194,-0.3292549140582071,-0.11107554972863024,0.08316929038975061,-0.17743051873560006,-0.3789208834218619,-0.01615493623051488,-0.22106947644433306,-0.15482247693597986,0.09164875208467893,0.020423587479394215,0.30074711036989193,,0.33914954739571784,0.593764761454889,0.1759536502366653,0.12266684661583102,-0.0759044855542595,-0.13834170418285405,0.4609044373535905,0.19372234486614673,0.15043428802791783,0.1730924585233243,0.11149971561605275,0.04111517067856902,-0.22204120193188281,-0.04435425563706824,0.07503687351180434,0.01830275804228163,-0.03179508931583971,-0.03328352597534054,-0.009746175276912844,0.15180704308175796,0.09432870928248484,0.15455255318943828,-0.07057156353330184,0.017489130749134798,0.021325904003547568,-0.2587238390868865,0.08535567273673758,-0.19798714006150406
#18,0.2322983043004637,0.27198866320264525,0.04162416974347604,0.18473002805278937,0.3711046629327215,1.0,0.20767740256234757,0.31237311173879095,0.24375463931439367,0.280707200215939,0.12597148448420464,0.12927226629905622,0.6290669314490085,0.22712348047390898,-0.33050041934582053,-0.12479924421350969,-0.013903000973653514,0.33001841265556764,0.0019376668948165,-0.07382992875941118,-0.1566309660378086,0.06061523333943875,-0.37442858106870525,-0.1478507321681625,-0.2817406225598411,-0.16677238680072878,-0.3742396344461261,-0.001941522948338523,0.1602903608302083,0.33973952358458737,0.2124820452507881,0.19463237349734414,0.35003133043486645,0.37616766120713757,0.016320746531961864,-0.1160382906114737,-0.05283371733199657,0.014878582514725304,-0.19806811718546655,-0.019127953495994523,-0.09394695998380458,0.19384573857885148,0.28115064637097165,-0.0210444120964399,0.10466678877502819,-0.42258683350524906,-0.2441286765060299,-0.03659201989723617,-0.23058621653668554,-0.3598449866484147,-0.1182131047978946,-0.12223882467488649,-0.23995642659520114,-0.180287854395419,-0.3381778219081681,-0.22909006777014065,-0.4107718855137709,-0.569340518446396,0.08372070604339989,-0.11160382906114737,-0.043251424329769694,-0.04870774006343208,0.034687129457356865,-0.16405772512122468,-0.009703758688170592,-0.17641252060578602,0.1817338744661776,0.24829321430981463,-0.1921143705474632,-0.0476319011307877,0.08918473388410632,-0.16352944578870754,-0.030248811853508528,-0.2742405984595066,-0.09345338513298565,-0.14796255772030115,-0.03321411701194413,-0.36784244165309016,-0.11577993502549816,0.08410631139560217,0.11820924874437257,0.5166436910144313,,-0.037104875015665215,0.2650709031841362,0.21662730278696268,0.009067509857036816,-0.15319522234968622,0.04499050446820202,0.36795426720522884,0.18009890777283988,0.1943393134296704,0.13148564102069737,0.048029074643556054,0.0098734250431396,-0.16969141931690013,0.15298313940597497,0.10662952001773784,0.2116452816365091,-0.12021439657582447,0.24265566406061717,0.32895414188348937,0.2411479471335062,0.35564960041645377,0.20569924710554982,0.012009678694340277,0.3786663838894084,-0.3252908910375676,-0.09050736024216016,-0.08073997667087619,-0.24554770420213431
#26,0.22919032516171325,0.09210762245379966,0.11462311896889128,0.12021825262934649,0.16740863563186256,0.20767740256234757,1.0,0.37368436273895483,0.13160517867988009,0.4082461704568459,0.26062101741972177,0.14279158994726845,0.2360232520027378,0.12742136060848525,0.1133274849854916,0.09899067799061051,0.23724947702274107,-0.05419104817174862,0.09788013457626792,-0.03199946015250692,0.2432340720889206,-0.11054341434259107,0.03196475567080871,-0.0818042474429545,0.13183268583767943,0.12283651297080003,-0.08547521039592029,0.04562675329933579,-0.05212805953746638,0.029654979611117002,-0.1813636933280634,-0.07173223564343073,0.004162609777023705,0.2563639343314085,-0.11088660310605111,-0.30297205325209914,-0.10981847628045077,0.1506193785969749,-0.08397520557585339,0.16541505596097675,-0.12863216141440043,0.052579217799543054,-0.18410534738222167,-0.20148458060597882,-0.20623138249158898,-0.21552061542614212,-0.021252638986629133,0.038967348866802275,-0.19479047169174707,-0.2110514493941176,-0.029990456267532994,-0.15971966490894893,0.1432041876741249,-0.05043525204129833,-0.05605352202288568,-0.05014219197362459,-0.1899279882004762,-0.2936442597823258,-0.11158069274001522,-0.01733488860825388,0.06472964244743717,-0.07840706429005234,-0.1302092873049078,-0.07572325103872442,0.011570088592829668,-0.2851725101944415,0.17705648154396383,0.11786605998091254,0.2004742945832088,0.03781824491723945,-0.03422440303471412,0.18685085748990196,0.043860680786249315,-0.09720532520991391,-0.006777014064955221,-0.20368253111353185,-0.004297571650294506,-0.12435194200495503,-0.12742136060848525,-0.035601014142076295,-0.06774507630165906,-0.1404393972988345,,0.09832358073130056,0.1359586631062439,0.1920488176375888,0.057268178882322884,-0.3175942082076099,-0.09631457684632663,-0.05744941339785796,-0.3040633163988316,-0.01121147561528154,-0.08308831326578812,-0.027996876596647163,0.00951481206559147,-0.10199839973778836,0.12655760461955212,0.20008097712396247,0.0930253631920411,-0.1658276536878332,-0.1650178824482084,0.08576055835654998,0.19715423250074712,0.08941609709542768,0.0016947355229290583,-0.042029055363288444,-0.0944058303529253,-0.015757762717746523,-0.48419885668013074,-0.3385865635815025,-0.09945340441325326
#49,0.4166215187066796,0.1643122246536782,0.04777071905758052,0.1104470130045405,0.10902412925491406,0.31237311173879095,0.37368436273895483,1.0,0.33817396585464604,0.3261507909729787,0.48172327031899204,-0.13073756663742492,0.35466245071481595,0.1628122198336113,-0.011593224913961806,-0.22272372340528088,0.19901285029836213,-0.15576335399535346,0.0714738800574552,-0.14467334406601565,0.20163882274685974,-0.08904977201083551,-0.3166494750947143,-0.21789208834218618,-0.2667675667338263,-0.155516566569944,-0.4153528770979341,-0.30295662903801107,-0.008859282966847579,-0.04523729189361148,-0.2605400402957593,-0.16897419336180386,-0.18216575246064415,-0.030179402890112113,0.009908129524837805,-0.21965044874822862,0.03825783501875006,0.01097240029691612,0.055409561084707855,-0.06016021902384005,-0.046316986879777894,0.09501894286292693,0.11313853836291247,0.059200061696856356,-0.23651682685355674,-0.1948097519593572,-0.48145720262597247,-0.2402533427163969,-0.21131366103361515,-0.2569654786808441,-0.1816528973422151,-0.35930513915533147,-0.1409291160961314,-0.23795127876374925,0.09390839944858434,-0.024568845015568816,-0.2128560824424243,-0.3554028129910443,-0.3294708530554404,-0.4408375348249834,0.14950497912911032,0.09447909536984374,-0.0693337703527325,-0.142710612823306,-0.2514243297696972,-0.4578967156064126,-0.06177976150308966,-0.209431906914868,0.06240058612013535,-0.11713340981172819,-0.07847647325344875,0.045171738983737095,0.2653061224489796,-0.10532617392729411,0.39854048374191436,-0.11456913421958297,0.34642592039177506,-0.02477321585223603,-0.14031600358612978,-0.1781824491723945,-0.2842162089209798,0.02296858280392932,,-0.019933868682097306,0.17062458426922966,0.29679079945629644,-0.050535509432870926,-0.2510811410062372,0.0413812383715886,-0.10208708896879488,0.022949302536319206,0.019370884867881966,-0.3140504950208709,-0.04907020909450223,-0.12103187992249333,-0.32391813598372743,-0.2747303172568035,-0.054646062487347324,0.0785844427520654,-0.06603684459140292,0.011674202037924287,-0.19775192079666065,0.15056924990118864,0.1586014093875623,0.12746377719722748,-0.26013901072946893,-0.08168856583729382,0.14357822486576113,-0.08555233146636075,-0.16924026105482345,-0.34740535798636885
#50,-0.1605410043091398,0.29028563716464384,-0.211120858357514,-0.29279207195395873,0.16671840205142047,0.24375463931439367,0.13160517867988009,0.33817396585464604,1.0,0.09730172654796448,0.1204033431984036,-0.03941850712887895,0.15734819199290487,0.2071105626946102,0.10283901940558934,-4.820066902528607e-05,-0.2191221694157115,0.050477668630040586,0.11970539751091745,0.0058785535943238895,-0.1642273914761937,0.11326964418266125,-0.16004742945832087,0.031313082625586845,-0.23629703180280143,-0.0986166407989743,-0.13035196128522264,-0.0937155967724832,0.0965960687534343,0.0995112452160836,-0.15343429766805164,-0.05195068107545333,0.06303683495126912,0.06939161115556283,0.10598941513308205,0.0519969537177176,0.02631178120752316,0.1361051931400808,-0.11438789970404789,-0.08911532492070989,0.012661351739562145,0.19878148708704077,0.005304001619542479,0.14756152815401077,0.011018672939180395,-0.13990340585927333,-0.008238458349801895,-0.06722450907618598,0.05284914154608466,-0.17588424127326888,-0.05505480416068175,-0.23710680304242623,-0.23778546846230225,-0.13303191848302853,-0.15547800603472375,-0.17342793517974028,-0.35289252214820743,-0.2727058891577415,0.04636711557556419,-0.21142934263927585,-0.31173300685413513,-0.32425361264014346,0.3393230698042089,0.2166118785728746,-0.1388699835153712,-0.0551820539269085,0.233867718083927,0.20937792216555967,0.07206385624632469,0.27365833437768117,0.06010623427453173,0.09626444815054033,0.17857191057811883,-0.15795744844938447,0.03612929347459343,-0.3178988364358497,0.08367057734761359,-0.39751477350505626,0.20774295547222196,0.06201883682145508,0.10663723212478189,0.17138422681306817,,-0.10380303278609507,-0.10354853325364156,-0.21087792698562657,-0.28105424503292104,-0.1200177378462013,-0.038369660570888725,-0.07958701666779135,0.0010700548523613507,-0.2345078229685828,-0.15738289647460307,-0.428644693588347,-0.20963242169801316,-0.28577405454387705,-0.028232095861490558,-0.15137130903376939,-0.15720551801259,0.11284933434876077,-0.14575303905218204,-0.17717987525666856,-0.21946921423269355,0.02586062294544648,0.0003412607366990254,0.13064116529937436,0.08542893775365602,-0.3423616399795629,-0.18301408423548918,-0.09138654044518138,-0.18661178217153654
#51,0.39234380573202354,0.2993010902991334,0.4578465869106263,0.48361659259830525,0.042538054428195464,0.280707200215939,0.4082461704568459,0.3261507909729787,0.09730172654796448,1.0,0.3303423211514176,0.2239615165858502,0.3577280132648241,-0.06323349368089229,-0.17798964649629337,-0.2904128869308706,0.5044238574031408,0.16099216257121648,-0.11074392912573626,0.0034762322501036315,0.08696750310894315,-0.07518340354564121,-0.10892001580981944,-0.06392758331485641,-0.1417388873357562,-0.209431906914868,0.2674115276720041,0.42361254374210716,0.14594584172828318,0.13046764289088333,-0.21421726933569837,-0.07266540059576027,-0.017728206067500217,0.1937339130267128,0.03203416463420512,-0.02301099939267157,-0.33560969026250087,-0.04897766380997368,0.2705464991854087,0.17087137169463912,-0.0047140254306729775,-0.06456768819951221,-0.031409483963637415,-0.24743717042792554,-0.04408047583700462,-0.10457424349049965,-0.05663193005118911,0.4446357475441759,0.016914578774353387,0.06605998091253507,0.2708164229319503,0.10539558289069052,0.18091253506598673,0.045719298583864344,-0.15070806782798146,-0.04543009456971263,-0.1192580953023628,-0.1094521511958586,-0.12272083136513935,0.08613459554818621,-0.007478815805963387,-0.19107709215003904,-0.1329895018942863,-0.1854241176867535,0.38483221347112295,0.014103515756798704,0.11438018759700384,-0.1440448073419259,-0.1354843685230351,-0.27904909720146914,0.2265373603385615,0.1420705079386502,-0.07608957612331659,-0.25431636991121437,-0.1458301601226225,-0.07454329866098541,-0.276504101876934,-0.2937637974415085,0.08760375194007693,0.06976950440072108,-0.08453433333654671,0.2395785333500429,,-0.06381190170919572,0.01271919254239249,-0.06336074344711905,-0.17608475605641408,0.018564969681779182,0.07337491444381249,0.012179345049309285,-0.03807274444969296,0.16135463160228664,0.034444198085469425,0.22726615445422382,-0.07232606788582226,0.06357668244435233,0.0904302391717197,0.11066295200177378,0.2765657987332864,0.18027628623485295,0.13283140369988336,0.2305476560014653,0.1025960880337019,0.18118631486605033,0.3467729652087571,0.06950729276122353,0.34979996722354506,-0.173717139193892,-0.08624256504680285,-0.26335881542035805,-0.1816837457703913
#52,0.36033084939218957,0.26260688498356355,0.053832435194200494,0.15195742916911686,0.09809221751997918,0.12597148448420464,0.26062101741972177,0.48172327031899204,0.1204033431984036,0.3303423211514176,1.0,-0.19946786461396085,0.28564294872412826,0.21203859909575545,-0.3904466273991883,-0.4058477051661477,0.1734626396614385,-0.1419895308146877,-0.16895491309419375,-0.07797904234910781,0.040972496698254174,-0.03540821146597515,-0.37532704153933655,-0.12491106976564835,-0.3463333751072465,-0.17973643874176973,-0.16318240097172548,-0.03321797306546615,-0.13808720465040056,-0.08295335139251733,-0.3169425351623881,-0.14045096545940058,-0.18762592424782856,-0.016602238439069536,-0.1779626541216392,-0.1574561614915215,-0.2123972120733036,-0.12524269036854233,0.27168403497440546,0.11653957756933667,-0.11259483481630725,-0.17370942708684797,-0.10822592617585532,-0.17559503725911715,0.00636056028457675,-0.139513944453549,-0.19274676332507495,0.08025796998062333,0.1343236964129062,0.12887509278628786,0.0038078528529975997,-0.12350361023011,0.022347758186883632,-0.032466042628671685,0.12659230910125033,0.17166186266665381,0.02024620901738116,-0.05916921326868017,0.04869231584934399,-0.0180791069380043,-0.11220922946410496,-0.02188503176424089,-0.30206202462090176,-0.37175247992442134,-0.1426142114852554,-0.21874427617055325,-0.2084447572132301,-0.3000954373246701,-0.20516711171951066,-0.3331533841689723,-0.15724793460133227,-0.04063316398831616,-0.16583922184839925,-0.22346408568150927,0.10573105954710652,0.21918772232558587,0.03992750619378597,0.09749452922406562,-0.30678569018537977,-0.25027136976661235,-0.243638957708733,-0.09541226032217327,,-0.050489236790606656,-0.07032092005437035,-0.09770661216777689,-0.22120443831760384,-0.015283468134537707,-0.36711750359094986,-0.08134923312735581,0.2078663491849267,-0.019293763797441507,-0.04789796882380727,0.10147012040527123,0.1543751747274252,-0.29161597562974173,-0.12885195646515574,-0.0916256157635468,0.19510666808055296,0.03509201507716927,-0.04647894112770285,-0.042194865664735424,0.009800160026221165,0.08924257468693665,0.10673748951635449,-0.2263368455554163,-0.10427347131578187,0.06248541929761985,-0.08320399487144882,-0.2754282629442897,-0.11877994466563196
#53,0.2358073130055045,0.014331022914598054,0.2608678048451312,0.02462668581839916,0.3159939459959704,0.12927226629905622,0.14279158994726845,-0.13073756663742492,-0.03941850712887895,0.2239615165858502,-0.19946786461396085,1.0,0.09278243182015367,-0.15552427867698804,-0.025636971841169157,0.28125090376254425,0.13467074122988826,0.14743813444130605,-0.08544050591422209,0.1974203001937667,-0.1417543115498443,0.13338281935353263,-0.03403931246565702,0.01613951201642679,0.11564497315222735,-5.9768829591354726e-05,0.24058110726576884,0.3217201854761744,0.080539461887731,0.06801885610172269,0.2517867988007674,-0.11258326665574118,0.2716608986532733,0.22594352809616997,0.07539163043583046,-0.09939556361042291,-0.016606094492591556,0.07339805076494461,-0.09699709831972468,0.10377218435791889,0.2799784061002767,0.12894835780320632,0.030576576402880473,0.1797634311164239,0.029442896667405745,0.13863862030404983,0.2122815304676429,0.20876866570908004,-0.08849835635718624,-0.02360868768858512,0.4142770381652897,0.2625490441807332,0.04214088091542711,0.08201633038666577,-0.2533793489053628,-0.042225714092911606,-0.18460277828656263,-0.11591489689876895,-0.03589793026327205,0.1785333500428986,-0.10549584028226312,-0.3347420782200457,0.16019010343863574,0.010016099023454446,0.2654410843222504,-0.0018952503060742482,0.052062506627591994,0.025887615320100643,-0.07397260273972603,-0.1151475422478864,-0.09039167863649948,-0.10619764202327128,-0.14732630888916737,0.10028245592048818,-0.3756316697675764,-0.3348847522003605,-0.3177176019203147,-0.4333066622964727,-0.007093210453761098,0.1173879093441817,0.2005899761888695,0.2562983814215341,,0.35763546798029555,0.33950430431974393,0.06594429930687438,0.11035061166648993,-0.22373400942805086,-0.04686069042638312,0.21978926667502144,-0.14504352520412983,0.24607598353465146,0.23308493921895637,0.12855504034395998,-0.11573366238323388,-0.1488263137092343,0.05967050022654315,0.4048335630898557,0.1801528925221482,0.15855899279882005,-0.08624642110032488,0.2928190643286129,0.008816866378105328,0.30143734395033406,0.23814408143985039,0.2289975224856121,0.06970009543732467,-0.22029440968640646,-0.17121456045809916,-0.23024688382674752,-0.20734963801297562
#54,0.18300251607492313,0.21338050572141942,-0.13126584596994206,0.043332401453732176,0.2107198287912236,0.6290669314490085,0.2360232520027378,0.35466245071481595,0.15734819199290487,0.3577280132648241,0.28564294872412826,0.09278243182015367,1.0,0.5023184521801163,-0.3341405338706101,-0.31574715857056096,0.2205874697540802,0.008978820626030289,-0.018217924864797123,-0.13763219033480184,-0.2990080302314596,-0.09432870928248484,-0.48588780812277677,-0.1951336604552071,-0.45379387465898025,-0.23218647874832501,-0.3684825465377459,-0.11540975388738396,-0.020948010758389327,0.06666923736901469,-0.01320119923264535,0.06688132031272594,0.12564757598835471,0.1769485120453472,-0.09379271784292366,-0.18165675339573714,-0.14307308185437614,-0.05276816442212218,-0.07964871352414371,0.031070151253699402,-0.21570184994167718,-0.013324592945350081,-0.03143262028476955,-0.019127953495994523,-0.016189640712213085,-0.29731136668176955,-0.23784716531865463,-0.013158782643903097,-0.08857933348114871,-0.26802849623552777,0.03005215312388536,-0.11963984460104306,-0.15232761030723108,-0.23736901468192378,-0.38015867660243124,-0.224096478459121,-0.2922483684073535,-0.459311887248995,0.0622077834440342,-0.11872981596984566,0.00486441151803187,-0.09577472935324342,0.11835963483173147,-0.1943932981789787,-0.1501759324419423,-0.19694600561055786,0.31404663896734886,0.0383156758215804,-0.229992384294294,-0.17664388381710738,0.02123335871901902,-0.18900639140871275,0.0016831673623629896,-0.23586515380833487,0.010447977017921009,-0.0929752344962548,0.007887557479297813,-0.15812711480435349,-0.08138393760905402,-0.05049309284412867,0.1774575111102542,0.2946699700191839,,0.05962422758427887,0.12351517839067606,0.3860738627052143,0.05272189177985791,-0.16292404538574995,0.00291324843588829,0.21023010999392672,-0.014836165925983053,0.1680217481418642,0.09998939585281444,0.13638668504718846,0.09351508198933801,-0.24746801885610173,0.10418478208477534,-0.10700741326289609,0.12905247124830094,-0.06227719240743061,0.11571438211562377,0.06671936606480099,0.0516769012753897,0.3696586428619629,0.13939055074084428,0.012699912274782375,0.18057705840957072,-0.24492687958508863,-0.0329904659076668,-0.11382491588983255,-0.20612726904649437
#58,-0.21808874707180936,0.12213471122979187,-0.4430933261353668,-0.24004897187972968,0.11561412472405116,0.22712348047390898,0.12742136060848525,0.1628122198336113,0.2071105626946102,-0.06323349368089229,0.21203859909575545,-0.15552427867698804,0.5023184521801163,1.0,-0.24762611705050466,-0.28182545573732565,-0.17227497517665546,-0.27786914482373015,0.08295335139251733,-0.17468115257439773,-0.3570454917914261,-0.16489063268198162,-0.3608591287247067,-0.17670943672698178,-0.37382703671926965,-0.20857971908650091,-0.4061484773408655,-0.2602238439069534,-0.20748459988624643,-0.1609613141430403,-0.09292896185399054,-0.16536492726519045,-0.0990061022046986,0.02406370200418382,-0.12438279043313122,-0.20375965218397232,-0.1345589156777496,-0.1079521463757917,-0.2263715500371145,-0.020689655172413793,-0.28111979794279546,-0.022652386415123443,-0.17438038039967996,-0.03236192918357707,-0.023527710564622637,-0.23364406697964968,-0.02283747698418054,-0.10819122169415711,0.22508362816075886,-0.21307973354670162,-0.12611415846451948,-0.1706515766438838,-0.18837014257757898,-0.17630069505364734,-0.17852563793585455,-0.11397915803071347,-0.31514175816760337,-0.35010459545178485,0.04655991825166533,-0.030985318076214897,-0.12621441585609208,-0.06017178718440612,0.1977249284220065,0.019197362459390938,-0.36895298506743274,-0.30383580924103226,0.3184309718218889,-0.048804141401482655,-0.155011423558559,-0.10165521097432832,-0.13863090819700577,-0.2600657457125505,0.025432601004501943,-0.056701339014585524,0.1477157702948917,-0.22855022027705746,0.12909488783704318,-0.011971118159120048,-0.1565962615561104,-0.24837033538025508,0.4089094116626339,-0.0039158223516142406,,0.09262433362575073,-0.048989231970539754,0.2884270193670288,0.028475027233378,-0.07845719298583864,-0.14083271475808085,-0.029978888106966924,-0.16659500833871574,-0.18641126738839134,-0.085594748055103,-0.21235479548456132,0.0785844427520654,-0.16710400740362277,-0.02495059431424908,-0.08607675474535587,0.012063663443648598,-0.12461415364445258,0.22388825156893177,-0.1691824202519931,-0.15869781072561287,0.1490653890275997,-0.11724909141738887,0.06357282639083031,0.1270743157915032,-0.1598160662469995,-0.12893678964264024,0.010760317353204863,0.028706390444699373
#101,-0.12022210868286852,-0.30470342128348743,-0.14093297214965345,-0.14877232895992595,-0.19496785015376014,-0.33050041934582053,0.1133274849854916,-0.011593224913961806,0.10283901940558934,-0.17798964649629337,-0.3904466273991883,-0.025636971841169157,-0.3341405338706101,-0.24762611705050466,1.0,0.576913807563649,-0.13443552196504488,-0.10440072108200862,0.530934225367048,0.16474024659462275,0.48513587768598226,-0.04423086192436351,0.6691313275428263,0.17049347844948087,0.46847001436379937,0.3936664320900774,0.09947268468086337,-0.07838007191539818,0.12740208034087513,-0.058216768048740514,0.07300473330569829,-0.051522659134508784,-0.23224431955115538,-0.06760625837486624,0.22674944328227276,0.18146009466611396,0.3528462495059431,0.35086038194210134,-0.08841737923322376,-0.08815902364724823,0.1240280335091051,-0.004447957737653398,-0.06103554317333924,0.17935468944308947,-0.24190758967734471,-0.009904273471315781,0.11675937262009196,-0.1349792255116501,-0.39621528346813456,-0.20710670664108818,-0.23401424811776386,-0.26271485448218024,0.04154704867303558,0.02248657611367646,0.3420608678048451,0.1842595895231026,0.18431743032593292,0.11417967281385866,-0.378770497334503,-0.25914800497430907,0.14794713350621308,0.053917268371685,0.27776888743215755,0.40898653273307434,0.11309997782769225,0.14398696653909557,0.08512430952541622,0.032026452527161076,0.5247992442135097,0.517110273490596,0.03825783501875006,0.4172693356983795,0.23945128358381615,0.19423519998457578,0.1204727521618,-0.06675407054649919,0.1192079666065765,0.10861153152805761,0.3669324130218927,0.2546634147281964,-0.2020514204737162,-0.3124887933444516,,0.04546094299788881,-0.11800487790770536,-0.034552167584086066,0.062211639497556225,-0.1915089701445056,0.24065051622916525,-0.23620063046475084,-0.2815786683119162,-0.2167969691419317,-0.37374605959530716,-0.2905092882689212,-0.16824539924614154,0.15136359692672535,0.017735918174544264,-0.24958113618617025,-0.24603356694590922,-0.08519757454233465,-0.42005726239480207,-0.2670721949620661,-0.13125813386289803,-0.5187259599163236,-0.30034222475007955,-0.11183519227246874,-0.33795031475036874,0.19955269779144535,-0.03912544706120521,0.028212815593880444,0.13572344384140053
#102,-0.06658054813800815,-0.09031455756605902,0.13499464972573819,-0.15002940240810542,-0.14290727155292915,-0.12479924421350969,0.09899067799061051,-0.22272372340528088,-4.820066902528607e-05,-0.2904128869308706,-0.4058477051661477,0.28125090376254425,-0.31574715857056096,-0.28182545573732565,0.576913807563649,1.0,-0.06846615831027734,0.20167352722855794,0.19082644867110757,0.3481148718344211,0.2793460133226649,0.32455824086838325,0.4506434789314876,0.34420483356308984,0.4449673681470699,0.4524481119797943,0.1581656753395737,0.06312938023579767,0.02070122333297986,-0.01371019829755237,0.23834459622299559,-0.09954209364425978,0.23338185534015213,0.06787232606788582,-0.20161183037220556,0.045387677980970376,0.172876519526091,0.18958094338349415,-0.3132754282629443,-0.01337472164113638,0.11799330974713929,0.05741856496968178,-0.11374393876587006,0.10615908148805106,0.02994803967879074,0.15601785352780698,0.37382703671926965,-0.06710111536348125,-0.401852833717332,-0.17711432234679417,-0.12468356260784899,-0.09140582071279149,0.0019993637511688664,0.14112191877223257,-0.008088072262443003,0.16528009408770594,-0.11958200379821272,0.029165260813820097,0.033133139887981645,-0.03506887875603713,0.027888907098030522,0.04401106687360821,0.05158821204438318,0.5077516315926465,0.14429930687437942,0.21604889475865924,0.01380274358208092,0.1455910848042571,0.2754359750513337,0.4720715683533687,-0.14189312947663713,0.30301061378731936,-0.012661351739562145,0.03618713427742377,-0.28679976478073516,-0.07344046735368687,-0.03253930764559012,-0.07359085344104577,0.18652694899405203,0.24921095504805607,0.030553440081748335,-0.18970433709619888,,-0.03482980343767172,-0.07204843203223661,-0.07329779337337203,0.22966847579844407,-0.31512633395351525,0.06525406572643229,-0.06988904205990379,-0.19927120588433767,-0.07363712608331004,-0.14551396373381661,-0.11709484927650796,-0.051815719202182524,0.05700982329634735,0.25762871988663205,0.10924778035919139,-0.010016099023454446,0.1478545882216845,-0.3483578032063085,0.11535191308455361,-0.014419712145604582,-0.23328159794857953,-0.11450358130970859,0.06780291710448941,-0.18321459901863438,0.039730847464162805,-0.13218744276170552,0.07900860863948792,0.22939469599838047
#201,0.40806107988778884,0.09542768453626137,0.5725641791908072,0.4120636634436486,-0.20019665872962317,-0.013903000973653514,0.23724947702274107,0.19901285029836213,-0.2191221694157115,0.5044238574031408,0.1734626396614385,0.13467074122988826,0.2205874697540802,-0.17227497517665546,-0.13443552196504488,-0.06846615831027734,1.0,0.15553970289107613,-0.25305158435599084,-0.0104634012320091,0.17707961786509596,0.027669112047275218,-0.10406910047911465,-0.124853228962818,-0.18292925105800467,-0.1655423057272035,0.21375839896657767,0.2592868229011019,-0.0671281077381354,-0.15221192870157038,-0.11997532125745905,-0.16471325421996857,0.085930224711519,-0.04031311154598826,-0.17571843097182188,-0.16006285367240897,-0.22971474844070836,-0.28179460730914946,0.006510946371935642,-0.1051218030906269,-0.03325267754716436,-0.15157953592395862,-0.17766188194692142,-0.3175672158329558,0.05685172510194442,0.004501942486961719,-0.09222330405946035,0.29713013216623446,-0.09670403825205094,0.21907589677344722,0.3520634706409725,0.2175064829899839,0.0715741374490278,-0.10802541139271013,-0.16477495107632095,-0.20455785526303105,-0.03600589976188869,0.02028476955260139,-0.057241186507668726,-0.06553170158001793,0.21393963348211273,-0.14038155649600417,-0.19665680159640617,-0.008180617546971553,0.3701445056057378,0.22365303230408837,0.0996809115710526,-0.18364262095957892,0.04135038994341241,-0.12422083618520625,0.16310527990128504,0.4029595210781526,0.030954469648038715,-0.04372571891297851,-0.08933897602498722,0.04440438433285454,-0.04740053791946632,0.08636210270598556,0.045025208949900225,-0.006044363895770873,-0.09774902875651914,-0.0178091831914627,,0.12067326694494519,0.03971542325007471,0.11458070238014903,0.13092651326000404,0.053080504757406034,0.07632093933463796,-0.07146231189688913,-0.34562386125919425,0.16239576605323283,0.14307693790789816,0.408589359220306,0.021256495040151157,0.09754465791985192,0.10721564015308532,-0.02535162388053946,0.1997300762534584,0.4398311048557354,0.09310634031600358,0.2647161462601101,0.02520509384670259,0.2809231392131723,0.4070932104537611,0.1283082529185505,0.038007191539818574,0.06957670172461994,-0.15988933126391794,-0.06858569596946006,-0.07701502896860209
