,#10,#11,#12,#13,#17,#18,#26,#49,#50,#51,#52,#53,#54,#58,#101,#102,#201,#202,#301,#302,#401,#402,#501,#502,#601,#602,#701,#702,#801,#802,#901,#902,#1001,#1002,#1101,#1102,#1201,#1202,#1301,#1302,#1401,#1402,#1501,#1502,#1601,#1602,#1701,#1702,#1801,#1802,#1901,#1902,#2001,#2002,#2101,#2102,#2201,#2202,#2301,#2302,#2401,#2402,#2501,#2502,#2601,#2602,#2701,#2702,#2801,#2802,#2901,#2902,#3001,#3002,#3101,#3102,#3201,#3202,#3301,#3302,#3401,#3402,#3455,#3501,#3502,#3601,#3602,#3701,#3702,#3801,#3802,#3901,#3902,#4001,#4002,#4101,#4102,#4201,#4202,#4301,#4302,#4401,#4402,#4501,#4502,#4601,#4602,#4701,#4702,#4801,#4802
#10,1.0,0.096040797046263,0.39308802406177396,0.3283101809453115,0.17254489892319705,0.0882052962895125,0.1704125013255184,0.655423057272035,0.12573626521936124,0.6556428523227903,0.18784571929858387,-0.07188262173078962,0.07549188782740304,0.2420733999787917,-0.18385084784976816,0.3046455804806571,0.5281617228847136,0.3792602161317999,-0.061263050331138595,0.22061831818225636,-0.018815613160710672,0.6262443002708877,0.1938341704182854,0.1508198933801201,0.30901063306758697,0.20012724976622676,0.11245216083599241,0.33909941869993154,-0.08642765561585995,-0.11601129823681952,0.3109887885243847,0.1047863264342109,0.23552196504487483,0.13172086028554075,-0.2586004453741818,0.0084582534005572,-0.24012223689664813,-0.30451061860738626,0.04128869308706005,-0.06767181128474063,-0.06922965690763788,-0.36717148834025815,-0.19848842701936703,0.05003036642148593,0.04023213442202578,0.03489150029402408,0.055675628777727436,0.020921018383735165,-0.023550846885754775,0.023712801133679736,0.004046928171363018,0.1441604889475866,0.1727569818669083,0.2690657746329519,0.17112972728061465,0.1287092824848409,-0.21562858492475875,-0.10516036362584713,-0.3366855291951452,-0.01028987882351807,0.32275746387359855,0.22187539163043582,-0.09257806098348645,0.009156199088043342,0.08897265094039505,-0.1802685741278089,-0.18979302632720543,0.05466919880847946,0.08176183085421225,-0.11526707990706911,0.02489660956494076,0.02728736274859495,0.04343265884530477,0.5623957660532328,-0.22400007712107045,-0.22886641666586333,-0.29928566608504525,-0.2741711894961102,0.010656203908110244,0.1464047120974039,-0.3165453616496197,-0.005570069312562058,,-0.10420791840590747,0.03142876423124753,-0.2507996490991295,-0.1353339824356762,-0.09001764144486325,-0.0033489824838768764,-0.16290476511813984,-0.08065514349339169,-0.067228365129708,0.033121571727415575,-0.30265585686329327,-0.3510840330463787,-0.024962162474815152,0.3225608051439754,0.5074508594179287,0.5105511264496351,0.02771538468953949,0.08599192156787136,-0.13350621306623736,0.19897814581666393,0.478684700143638,0.37874736101337086,0.30644250142191976,0.11873367202336768,-0.32637829813077807,-0.1395486489352472,-0.0762438182641975,-0.3059643507851889
#11,0.096040797046263,1.0,-0.11918483028544437,-0.18916063354959367,0.00431685191790462,-0.2902432205759016,0.11798174158657322,0.2131105819748778,0.2926185495454677,0.36211234611936416,0.3929607742955472,-0.05662807399766709,0.027271938534506858,0.2776223573983207,-0.06086973287189226,0.03394291112760645,0.04847637685211071,-0.013394001908746494,0.11801259001474941,0.2693973952358459,0.18148708704076813,0.016906866667309343,-0.07973354670162822,-0.2811120858357514,-0.25581637473128127,-0.21715943817300185,0.20600001928026762,0.019054688479076088,-0.13420801480724553,-0.17170042320187404,-0.08418343246604262,-0.21040363240241775,-0.03337221520634706,-0.2614539249804787,0.12961545506251626,-0.04582341202895896,0.09024514860266261,-0.07689934736294139,-0.17655519458610086,-0.3204939604561711,0.280202057204554,0.007625345839800257,0.23864922445123538,0.18301408423548918,-0.010162629057291315,-0.05097895558790356,-0.0004415181282716204,0.078518889842191,0.0019338108412944772,-0.07866156382250586,-0.10072204602199879,-0.11507042117744594,-0.1877685982281434,-0.22163246025854838,-0.0752489564555156,-0.36264062545188125,-0.24814668427597775,-0.13307819112529282,0.12988152275553586,-0.09543154058978338,-0.043783559715808856,0.03668842123528675,-0.09761021082972632,0.2742367424059846,0.35744266530419444,0.5447041924941918,0.24023406244878678,0.35934755574407373,0.06697386559725449,0.13668745722190623,0.06727849382549429,0.16392276324795388,0.07725410428696751,0.1116076851146694,-0.0034376717148834027,0.07829909479143571,0.02603028930041549,0.0954855253390917,0.1182131047978946,-0.22751294187963328,0.0811448622906886,0.17459631939691322,,-0.23768521107072965,-0.15228904977201083,-0.17859504689925096,-0.14873762447822775,-0.11241360030077217,0.12595220421659453,0.08844822766139994,0.38173965854646064,-0.07581579632325297,0.04522572373304541,0.07893148756904746,-0.13385325788321942,-0.0210444120964399,-0.2389538526794752,-0.16147802531499136,-0.09202664532983718,-0.2655220614462129,-0.2330425226302141,-0.20494346061523333,-0.08973614953775558,-0.05073602421601612,-0.11166552591749973,-0.2050013014180637,-0.30226639545756895,-0.09813849016224345,0.03209971754407951,0.03555859755333404,0.07580037210916488
#12,0.39308802406177396,-0.11918483028544437,1.0,0.7585724889861472,0.2544551878380072,0.5264573472279795,0.02953158589841227,-0.015318172616235913,-0.20117609632421699,0.1376900311376322,-0.13094193747409213,0.15683533687447582,0.3763990244184589,-0.33677421842615174,-0.2388535952879026,0.0884752200360541,0.7201893322279314,0.707499060086954,-0.4135713803707595,-0.13204476878139068,-0.31021757781998016,0.09873232240463498,0.20309641097818437,0.08628883768906713,0.2315926465059335,-0.06450213528963782,0.025795070035572094,0.20672495734240792,-0.09699709831972468,0.09181456238612593,0.25800275707826825,0.18748710632103574,0.20739976670876192,0.30088592829668476,-0.057692344769745406,-0.014261613951201643,-0.21098975253776522,-0.14248310566550665,0.10821435801528925,0.019451861991844448,-0.08988267957159245,-0.01583102773466496,-0.38868826699314585,-0.24544744681056174,-0.15262452642842683,-0.10030559224162032,-0.2555888675734819,-0.052922406563003094,-0.16922869289425738,0.16054486036266183,0.4033836869655751,0.4440573395158725,0.2347430422334262,0.2585618848389616,-0.19719664908948936,-0.01742357783926041,-0.3420107391090588,-0.36336170746049956,0.0033374143233108077,0.20648202597052048,0.0369159283930861,-0.01660995054611358,-0.09132484358882902,-0.23072889051700038,0.11794703710487502,-0.07292761223525783,-0.17047805423539278,-0.293513153962577,-0.16390733903386578,-0.17170042320187404,0.25007085498346715,0.025555994717206675,-0.22693838990485188,-0.03761773013409426,-0.5034444198085469,-0.2959887403237157,-0.45699439908225925,-0.19756683022760355,-0.20079049097201468,0.10500226543144418,0.08749578244146029,0.024939026153683014,,0.39750706139801223,0.04177069977731291,0.06911397530197719,0.13275042657592087,0.164447186526949,-0.0010199261565750533,-0.21021468577983862,-0.3752152159871979,0.24577135530641164,0.27943084650014943,0.011072657688488717,0.04168972265335043,0.4733980507649446,0.47483635872865915,0.43803418391447274,0.3908669372330888,0.47411142066651885,0.5806773158011433,0.40708549834671703,0.4072088920594218,0.3425235942274879,0.48499705975918944,0.3488475220036054,0.3995854742463825,-0.12688151311540205,0.06436717341636702,-0.06648029074643556,-0.06072320283805539
#13,0.3283101809453115,-0.18916063354959367,0.7585724889861472,1.0,0.03177580904822959,0.561431752672727,-0.05180415104161646,-0.11176578330907233,-0.07775539124483048,0.12017197998708222,-0.18107448931391168,-0.026307925154001138,0.20901930918801154,-0.40654565085363387,-0.26205161327639226,0.1684073534940665,0.5507234920420695,0.5763006950536473,-0.4285752846249506,0.03428995594458851,-0.21750262693646188,0.2609449259155717,0.0295200177378462,-0.005516084563253738,0.14573375878457193,0.05881060029113204,0.07920141131558905,0.3194296896840928,-0.2569809028949322,0.10122333297986176,0.35241051545795454,0.2844977008280875,0.21506945716406545,0.3569028178111112,-0.1462196215283468,0.020215360589204978,-0.2899925770969701,-0.09798039196784052,0.09600223651104277,0.09932229859350447,-0.18583671541360994,0.07644047699382067,-0.2712521569799389,-0.10974906731705436,-0.08393278898711114,-0.08540194537900186,-0.3475518880202057,-0.17171199136244011,0.006765445904389153,0.2882380727444497,0.5115112837766188,0.4903955346900215,0.39254432051516874,0.32793999980719735,-0.10659481553603964,0.14953968361080852,-0.22233426199955655,-0.18290225868335053,-0.05850211600937021,0.1638417861239914,-0.06819623456373575,-0.08354332758138683,-0.1530216999411952,-0.36334628324641144,0.2437237908862175,0.06985048152468357,-0.22390753183654188,-0.48734154030057936,-0.2815401077766959,-0.31977673450107486,0.19777120106427076,0.027102272179537854,-0.06083117233667203,-0.12725169425351623,-0.36112134036420424,-0.31402735869973875,-0.4537360338561499,-0.24784591210125997,-0.29601187664484785,0.04789025671676323,0.11112567842441654,0.11225935815989126,,0.3429477601149104,-0.17697164836647933,0.017408153625172316,0.048754012705696355,0.03219611888213009,-0.17712203445383823,-0.17176212005822641,-0.31024842624815635,0.18634185842499493,0.17761175325113512,-0.003757724157211302,-0.04245322125071096,0.45748026182603413,0.2644616467276566,0.3646843338185534,0.30081651933328835,0.6319936760722239,0.6938756229936471,0.48438780330270986,0.49414361871342777,0.3146134788350862,0.5668610760317353,0.42857142857142855,0.5997030838788042,-0.15543558944598151,0.13588154203580347,-0.11462311896889128,-0.2682482912862831
#17,0.17254489892319705,0.00431685191790462,0.2544551878380072,0.03177580904822959,1.0,0.3285801046918531,-0.09334155958084699,0.13322857721265172,0.18629558578273067,0.21191134932952868,0.24043072117840997,0.38806358632257815,0.43322182911898816,0.12275939190035957,-0.27050793865018846,-0.21985867563841785,0.36627688392314883,0.28459410216613806,-0.15707826824636326,-0.16519911696374345,-0.24636518754880318,-0.02908042763633559,0.08567958123258751,0.030167834729546046,-0.1276874283015048,-0.14789700481042678,-0.06984662547116154,0.06712425168461338,-0.12616043110678377,-0.07128107738135406,-0.058806744237610016,0.11642003991015396,0.04301234901140428,0.0364454898633993,0.059774613671637764,0.08427983380409321,0.060499551733778065,0.12392392006401048,-0.04722315945745327,0.13289695660975775,0.12087378172809038,-0.2925529966355933,0.17062458426922966,0.1945244039987275,0.14155379676669913,0.36341183615628586,0.008014807245524568,0.22644095900051092,-0.1761927255550307,0.020689655172413793,0.11808585503166784,0.1858637077882641,-0.02148400219795051,0.03430923621219863,-0.24670452025874118,-0.2009100286311974,-0.056223188377854685,-0.10996886236780966,-0.04239923650140264,0.2850529725352588,0.039522620573973564,0.08497392343805732,0.22809520596145874,0.08980941455467402,-0.13024013573308396,-0.08025025787357928,0.2100912920671339,0.24780735156603972,-0.2564063509201508,-0.11353571187568083,-0.14078644211581656,-0.21418256485400017,-0.008597071327350023,0.12775683726490122,-0.21866715510011278,-0.0697039514908467,-0.0797798193438925,-0.05163834074016947,0.08965131636027109,0.15341887345396354,-0.03350717707961787,0.1965642563118776,,0.12755246642823403,0.3382279506039544,-0.002824559204881764,0.1951837891509934,0.054754031985963965,0.05677460403150396,0.31708906519622493,0.25982281434066307,0.16479423134393106,0.3173050041934582,-0.13331726644365824,0.08006131125100016,0.18832772598883674,0.06347642505277973,0.33680506685432793,0.12444448728948358,0.04556891249650545,0.15625692884617237,-0.02624237224412675,0.31542710612823305,0.3291160961314143,0.30304146221549555,0.13487511206655547,-0.041697434760394475,0.0038117089065196224,0.06946487617248127,-0.20061696856352365,-0.0891500294024081
#18,0.0882052962895125,-0.2902432205759016,0.5264573472279795,0.561431752672727,0.3285801046918531,1.0,-0.010852862637733413,-0.25834594584172826,-0.07387620140167546,-0.0943904061388372,-0.14725689992577096,0.02330405946034531,0.3834478902567168,-0.3450377411238468,-0.40969990263464856,-0.13988412559166322,0.343896349281328,0.4264814475624922,-0.40956108470785574,-0.12799205652974463,-0.33962384197892664,0.07585050080495118,0.10010507745847512,-0.028228239807968535,0.05812422276421197,-0.14183143262028478,-0.057299027310499066,0.24722123143069225,-0.04264987998033413,0.2357726085238063,0.44366016600310415,0.25174823826554715,0.3023088120463112,0.3186623350332103,0.009071365910558838,-0.04263059971272401,-0.19053338860343383,-0.029751380949167575,0.14847926889225221,0.22833428127982416,-0.176917663617171,0.04628999450512373,-0.09942255598507707,0.040463497633347154,0.03340691968804527,0.08989424773215852,-0.3855610075867853,-0.25386521164913767,-0.042634455766246034,0.2096362777515352,0.47996105385942756,0.47193660648009794,0.37365737036430063,0.4288259281038821,-0.28479847300280525,0.016887586399699228,-0.13403063634523246,-0.32635901786316796,0.12283265691727802,0.23929318538941322,-0.09334155958084699,-0.040845246932027415,-0.05653938476666056,-0.3493642331755565,-0.01793257690416743,-0.11891876259242479,-0.19247683957853334,-0.2586004453741818,-0.48629269374258915,-0.3990032101645571,0.14929289618539907,-0.061162792939566,-0.1982956243432659,-0.22853479606296936,-0.26776242854250815,-0.14468105617305968,-0.38713813347729265,-0.14337385402909392,-0.3609285376881031,-0.020037982127191926,0.3693000298844148,0.3308474641628026,,0.3728013264824116,0.12595991632363857,0.05470004723665565,0.10703440563755025,0.02062024620901738,-0.0885754774276267,0.10038271331206076,-0.09335698379493508,0.2816673575429227,0.26065572190142,0.1461694928325605,0.15331861606239094,0.37017149798039195,0.2113946381575776,0.2658498259955848,0.2455631284162224,0.37486817117021587,0.7348577598257063,0.5272324139859061,0.533286418015482,0.18089711085189863,0.5931863534265855,0.5141179759575063,0.6822573337317922,-0.15484175720358997,0.10374519198326473,-0.04318972747341733,-0.0607077786239673
#26,0.1704125013255184,0.11798174158657322,0.02953158589841227,-0.05180415104161646,-0.09334155958084699,-0.010852862637733413,1.0,0.24828935825629259,0.21310286986783378,0.19203724947702275,0.3324670066420522,-0.11643160807072002,0.21441392806532156,0.47513713090337695,-0.08661274618491704,0.07183249303500333,-0.045221867679523395,-0.03481437922358362,0.1307182863698148,0.09756393818746205,-0.1426951886092179,0.08552919514522861,0.05039283545255608,0.03346090443735359,-0.031390203696027304,0.02572180501865366,-0.30870986089286917,-0.24398600252571506,0.052151195858598516,0.10670278503465629,-0.04168972265335043,-0.10392257044527778,-0.03875140986956899,0.04726943209971755,0.07729652087570975,0.269416675503456,-0.07023994293040788,-0.10081073525300531,-0.034845227651759805,-0.06695458532964438,0.15393944067943663,0.04425785429901767,0.01361765301302382,0.24293329991420282,0.037529040903087736,-0.018861885802974945,-0.1389895211745539,-0.08490065842113889,0.018873453963541013,-0.08512430952541622,-0.15134431665911524,-0.061371019829755236,-0.18133670095340923,-0.045063769485120454,-0.10760510155880963,-0.15325306315251655,-0.3237793180569346,-0.1701927062747631,0.07148930427154329,0.10733132175874602,-0.019170370084736776,-0.03419355460653794,0.1965835365794877,0.2510811410062372,-0.1936336556351402,-0.18290997079039456,0.1475499599934447,0.34145546740188754,0.2280874938544147,0.26600792418998775,0.11882236125437422,0.21289849903116656,0.2187211398494211,0.3800160026221164,0.16881609516740093,0.31958778787849573,0.00019473070286215574,-0.16730837824028996,0.022151099457260466,0.1700770246691024,-0.019918444468009215,0.16430451254663414,,-0.3170350804469166,0.03244290630753955,-0.11444574050687824,-0.24351170794250623,0.0989559735089123,0.2520374422796988,-0.07986079646785497,0.2732264563832146,0.015827171681142935,-0.030769379078981616,-0.028829784157404104,-0.12955761425968593,-0.12031465396739707,0.17321585223602903,0.24479191771181785,0.2237224412674848,-0.17321970828955105,0.024591981336700954,-0.24703999691515718,-0.13886227140832716,0.13342523594227487,0.03164855928200284,0.033973759555782634,0.008932547983766014,-0.20459255974472926,-0.03195318751024264,0.018183220383098917,-0.053755314123760035
#49,0.655423057272035,0.2131105819748778,-0.015318172616235913,-0.11176578330907233,0.13322857721265172,-0.25834594584172826,0.24828935825629259,1.0,0.31016744912419386,0.6228548292250297,0.23229059219341963,-0.10377604041144091,-0.1287748353947153,0.5981221019347749,-0.03434008464037481,0.26721872499590293,0.12698177050697465,-0.050369699131423945,0.21042676872354987,0.3888656454551589,0.06307925154001137,0.48666287488070337,0.12473754735715732,0.13229541226032218,0.10934418169724196,0.08135694523439985,0.01391071308069756,0.1783174110456653,-0.10349069245081122,-0.2548562174042976,-0.13397279554240213,-0.14718749096237455,-0.0035494972670220663,-0.17761175325113512,-0.16064897380775645,0.02533619966645137,-0.1847724446415316,-0.3243962866204583,-0.1110871178891963,-0.2666981577704299,0.16703074238670432,-0.4259338879623649,-0.0033952551261411507,0.17701020890169955,0.11879151282619803,-0.0473966818659443,0.07559214521897564,0.03834266819623457,0.08344692624333626,-0.11129920083290756,-0.30646563774305186,-0.13667203300781816,-0.15490345405994235,-0.01034386357282639,0.1177580904822959,-0.0067885822255212905,-0.13272729025478874,-0.014616370875227748,-0.1832724398214647,-0.039437787396489066,0.3145132214435136,0.16150887374316755,0.04745066661525262,0.20506299827441604,-0.03415499407131771,-0.14443812480117224,-0.14202809134990793,0.3715442530342321,0.29446174312899465,0.1989048807997455,-0.05528616737200313,0.13265788129139233,0.24742174621383745,0.7659067027850347,0.11193930571756336,0.1515911040845247,-0.08974000559127761,-0.27039996915157183,0.1257246970587952,0.11213982050070855,-0.5873251520731108,-0.1429149836599732,,-0.44282340238882517,-0.019343892493227807,-0.38362912477225186,-0.3901419991709485,-0.03004058496331929,0.20049357485081892,0.0604378548774257,0.12233522601293706,-0.031478892927033826,-0.023982724880221337,-0.32179730654661487,-0.274140341067934,-0.3109502279891645,0.14163091783713957,0.46883633944839154,0.2541042869675031,-0.2429294438606808,-0.27537427819498134,-0.6418150443928162,-0.2882534969585378,0.329235633790597,0.07362941397626599,0.013744902779250575,-0.23047053493102485,-0.36671261797113747,0.009823296347353301,-0.06608697328718922,-0.19950256909565905
#50,0.12573626521936124,0.2926185495454677,-0.20117609632421699,-0.07775539124483048,0.18629558578273067,-0.07387620140167546,0.21310286986783378,0.31016744912419386,1.0,0.4689481650005302,0.40792611801451806,-0.3249168538459314,0.053917268371685,0.3702948916930967,-0.16413484619166513,-0.047774575111102544,-0.01929761985096353,-0.1947094945677846,0.12023753289695661,0.44719616708279913,0.171526900793383,0.11382491588983255,-0.29616611878572874,-0.2454782952387379,-0.3322780600194731,-0.20171208776377816,0.22954893813926136,0.0801847049637049,-0.20670182102127577,-0.10966423413956985,-0.16983409329721497,-0.13661804825850982,-0.18796140090424454,-0.2613690918029942,0.11583391977480648,0.238248194884945,0.12346504969488976,-0.10639815680641647,-0.3183846991796246,-0.26691795282118513,0.001671599201796921,-0.14437257189129785,0.42004183818071394,0.5439445499503534,0.13167844369679851,-0.01988373998631101,0.012325875083146155,0.2666711653957757,0.19400769282677643,0.1253776522418131,-0.10951770410573299,-0.12498433478256678,-0.11903444419808547,-0.11506270907040189,0.012568806455033596,-0.24970067384535297,-0.1320833293166109,0.13086096035012967,-0.22848466736718306,0.022590689558771075,-0.12126709918733672,-0.07679137786432476,0.0885754774276267,0.38187847647325346,0.25063383879768253,0.257123576875247,0.19556553844967367,0.2963974819970501,-0.05635043814408144,0.03430152410515458,0.03670770150289686,0.15621451225743013,0.3401675455255319,0.1916400759642544,0.24818910086472,0.24273664118457963,0.024075270164749887,-0.08671300357648964,0.23118390483259907,-0.06218079106938004,-0.21413243615821387,0.27974318683543326,,-0.4569172780118188,-0.35554163091783714,-0.46398156806416474,-0.40027956388034663,-0.24731763276874283,-0.11448044498857644,0.23416463420512276,0.4885561971600166,-0.26573414438992415,-0.14441884453356213,-0.3576277558732515,-0.3161057715481091,-0.05630802155533919,-0.3098049800931237,-0.014820741711894962,-0.2174756345618077,-0.11502029248165964,-0.14822091330627668,-0.29804787290447593,-0.08979399034058592,0.08016928074961681,-0.05957409888849257,-0.17825957024283498,-0.1744227969884222,-0.2170514686743852,0.0963608494885909,-0.25250788080938563,-0.45828232095861493
#51,0.6556428523227903,0.36211234611936416,0.1376900311376322,0.12017197998708222,0.21191134932952868,-0.0943904061388372,0.19203724947702275,0.6228548292250297,0.4689481650005302,1.0,0.4280508613459555,-0.1982956243432659,0.016960851416617663,0.3904851879344085,-0.01428475027233378,0.1401193448565066,0.4375868817059181,0.14647412106080032,0.13290081266327977,0.3166379069341482,0.08306132089113397,0.36639642158233154,-0.05859851734742078,-0.032319512594834815,0.03367298738106485,0.08628883768906713,0.2705542112924527,0.3188165771740912,-0.22119287015703779,-0.29330107101886577,0.15383147118082,0.015198634957053203,0.14126844880606942,-0.004085488706583248,-0.0803196668369757,0.14243297696972035,-0.004178033991111796,-0.07216025758437528,-0.0038772618163940118,-0.14902682849237947,-0.00011760963242169801,-0.42207397838682004,0.1890989366932413,0.3614491049135762,0.19878148708704077,0.1237079810667772,0.21650005302073594,0.32039755911812057,0.10924392430566936,0.029550866166022385,-0.044234717977885536,0.03109714362835356,0.052178188233252674,0.013953129669439812,0.08812817521907204,-0.045356829552794194,-0.23070575419586825,0.03745191983264728,-0.30924585233243035,-0.015310460509191867,0.17937782576422162,0.13422729507485565,0.005651046436524539,0.3405570069312562,0.23505538256871006,0.10106909083898084,0.213646573414439,0.2765966471614626,0.13628257160209384,-0.08909990070662181,-0.06526563388699835,0.07286977143242748,0.17904234910780562,0.46590188271813215,-0.0927708636595876,-0.06336459950064106,-0.2899964331504921,-0.38231421052124204,0.2585040440361312,0.046070199454368424,-0.43194161934967656,0.05601881754118747,,-0.39102503542749173,-0.07740834642784841,-0.4899058158927246,-0.2439975706862811,-0.2608947972197854,-0.13597794337385402,0.019208930619957005,0.22489853759170178,-0.11665525917499735,0.01425775789767962,-0.41037471200100256,-0.3486392951134162,-0.07593533398243568,0.0418863813829736,0.43736323060164073,0.14830189043023917,0.023311771567389356,-0.058012397212073304,-0.2740555078904495,0.11763855282311318,0.366982541717679,0.22005919042156305,0.19375319329432292,-0.11027734664957149,-0.37965353359104625,-0.01765108499705976,-0.1564960041645378,-0.4332256851725102
#52,0.18784571929858387,0.3929607742955472,-0.13094193747409213,-0.18107448931391168,0.24043072117840997,-0.14725689992577096,0.3324670066420522,0.23229059219341963,0.40792611801451806,0.4280508613459555,1.0,-0.18740227314355123,0.3126738839135087,0.358888685374953,0.04454705831316939,-0.1739986311009997,0.11626194171575102,0.03879768251183326,0.32416492340913694,0.24735233725044103,0.19921336508150733,-0.0035109367318018375,-0.06619108673228384,-0.20586891346051883,-0.10569635506540831,-0.15978907387234534,0.2494153258847233,0.1510859610731397,0.04299306874379416,-0.2648009794375946,0.03432080437276469,-0.28846172384872704,-0.05715635333018422,-0.2937522292809424,0.07199444728292828,-0.08392893293358912,0.24059267542633492,-0.009622781564208111,-0.11141873849209027,-0.1878380071915398,0.08669757936240155,-0.24504641724427134,0.4534352616814321,0.4337693887191154,0.07599317478526602,0.1338494018296974,0.09660378086047834,0.2841892165463257,0.051083069032998175,0.03629895982956243,0.015572672148689425,0.0834353580827702,0.021387600859899936,0.045298988749963846,0.041863245061841456,-0.12870157037779684,-0.12318741384130412,-0.06991989048807998,-0.3512344191337376,0.11684420579757647,-0.08385952397019271,-0.008477533668167314,0.25383436322096153,0.2864874244454513,0.30411730114813995,0.2313574272410901,0.3040594603453096,0.33660840812470477,0.06808055295807505,-0.015453134489506715,0.0462514339699035,0.03733623822698659,0.27749896368561594,0.1776078971976131,0.2418227564998602,0.07516797933155313,0.07454715471450744,-0.12761416328458638,0.1881889080620439,-0.07788649706457926,0.06663067683379445,0.2212468549063461,,-0.31941426547000473,-0.12577096970105944,-0.34497604426749445,-0.23780474872991236,-0.06905227844562482,-0.13510647527787686,0.17399477504747765,0.6145951625808567,-0.2589050736024216,-0.2944270386472964,-0.41608167121359646,-0.49660378086047835,-0.024511004212738472,-0.2585348924643074,0.015225627331707365,-0.009067509857036816,-0.14067076051015587,-0.05566791667068339,-0.1950141227960244,-0.003021217934504931,0.05766535239509124,-0.04602007075858213,0.016849025864479,-0.18346138644404383,-0.08857162137410467,-0.07399573906085817,-0.23466592116298574,-0.27986272449461597
#53,-0.07188262173078962,-0.05662807399766709,0.15683533687447582,-0.026307925154001138,0.38806358632257815,0.02330405946034531,-0.11643160807072002,-0.10377604041144091,-0.3249168538459314,-0.1982956243432659,-0.18740227314355123,1.0,0.3106147513327485,-0.1450011086153876,-0.10693414824597765,-0.2838923004251299,0.19591258326665575,0.15528905941214463,-0.19365293590275032,-0.3567331514561422,-0.19524162995382377,-0.2486248349127086,0.11664369101443128,-0.045356829552794194,-0.0470766294236164,-0.13080697560082133,-0.2778922811448623,-0.2564796159370692,0.10910510637887653,0.22441653090144892,-0.1126526756191376,0.0010507745847512363,-0.022409455043236,0.01861509837756548,0.10011278956551917,0.00555850115199599,-0.04917432253959685,0.00501094155186874,-0.06595586746744045,0.06170649648617123,0.328055681412858,0.08604590631717968,-0.06570908004203098,-0.22325971484484206,-0.0988711403314278,0.10950613594516692,0.0019145305736843628,0.052336286427655615,-0.16952560901545313,-0.14864893524722123,-0.00386183760230592,0.01804054640278407,-0.19706939932326262,-0.15426720522880857,-0.22497951471566424,-0.26986783376553264,0.09132869964235103,-0.19662595316822998,0.27346553170158,0.1212632431338147,0.20157712589050736,0.17761175325113512,0.11347401501932847,-0.09054206472385837,-0.2511197015414574,-0.21886766988325798,0.205730095533726,0.02819353532627033,-0.14638157577627178,-0.06620265489284992,0.06246228297648771,-0.0897708540194538,-0.28140514590342514,-0.05353551907300473,-0.22145122574301332,-0.12448690387822584,0.04669488012493613,0.17557961304502906,0.026570136793498695,-0.07286977143242748,0.258465483500911,0.20949745982474235,,0.46277462331177155,0.4764289088332546,0.47217568179846336,0.3570994765407344,0.23411450550933646,0.42602257719337144,0.26705677074797796,0.027055999537273577,0.3352048046426884,0.1900783742878351,0.1338339776156093,0.22461318963107207,0.10094184107275408,0.09714362835356155,0.04915118621846471,0.0641628025796998,0.00291324843588829,0.017072676968756327,0.16388420271273366,0.05398667733508141,0.23805924826236588,0.21551290331909806,0.15728263908303047,-0.07455872287507351,0.24907984922830728,0.2049203242941012,0.07734664957149605,0.23249496303008685
#54,0.07549188782740304,0.027271938534506858,0.3763990244184589,0.20901930918801154,0.43322182911898816,0.3834478902567168,0.21441392806532156,-0.1287748353947153,0.053917268371685,0.016960851416617663,0.3126738839135087,0.3106147513327485,1.0,0.03330280624295065,-0.13368744758177242,-0.1970346948415644,0.3861625519362209,0.3675262452642843,0.11139945822448015,-0.07449702601872114,-0.2494538864199435,-0.079694986166408,0.13016301466264352,0.04459333095543366,-0.029940327571746694,-0.02867939807004521,0.00173715211167131,0.15939575641309903,0.1971696567148352,0.18885214926783184,0.2124319165550018,0.11271822852901198,0.08233252677547165,0.16064897380775645,0.24489603115691247,0.14678260534256216,0.16649475094714314,0.15791888791416425,-0.06494172539114842,0.11713726586525021,0.09934543491463661,0.030457038743697762,0.20151542903415498,0.22925587807158762,-0.06894430894700819,0.35798636885079965,0.07153172086028554,0.28076504101876937,-0.3293513153962577,-0.0889803630474391,0.11085189862435291,0.1929549902152642,-0.006823286707219496,-0.036295103776040415,-0.4404172249910829,-0.08625798926089094,-0.4008541158551281,-0.30465329258770113,-0.1367337298641705,0.1834189698553016,0.03015626656897998,0.030433902422565624,0.47537620622174237,0.052444255926272255,0.10966037808604784,0.08478112076195618,0.3279477119142414,0.12065398667733508,-0.06738260727058891,-0.07194817464066401,0.19353339824356763,-0.12061928219563688,-0.06814610586794945,0.022814340663048403,-0.3280672495734241,-0.2866146742116781,-0.07028235951915013,-0.07150472848563139,0.1699112143676554,0.21985481958489583,0.4044633819517415,0.2343574368812239,,0.18517733026134403,0.3897101211764819,0.07197131096179615,0.15385846355547414,0.17972487058120368,-0.0034068232867072194,0.16688035629934544,0.2772328959925964,0.09021430017448642,0.04805606701821021,-0.07226437102946989,-0.010135636682637155,0.08791994832888281,0.15376206221742358,0.11367452980247365,0.23412607366990254,0.04248021362536512,0.24038444853614568,0.20841776483857596,0.3148294178323195,0.3172240270694957,0.3816162648337559,0.3564015308532482,0.08253689761213885,0.0003412607366990254,0.048684603742299944,-0.014172924720195117,0.02282205277009245
#58,0.2420733999787917,0.2776223573983207,-0.33677421842615174,-0.40654565085363387,0.12275939190035957,-0.3450377411238468,0.47513713090337695,0.5981221019347749,0.3702948916930967,0.3904851879344085,0.358888685374953,-0.1450011086153876,0.03330280624295065,1.0,0.009696046581126546,0.08344692624333626,-0.23990244184589282,-0.3784195964639989,0.44282340238882517,0.4152641878669276,0.0030366421485930224,0.24071606913903965,0.15425178101472048,0.12105887229714749,-0.019162657977692732,0.10777091186025663,-0.11187375280768896,-0.027017439002053348,0.06723607723675204,-0.13475557440737276,-0.27976246710304337,-0.10512565914414893,-0.1276527238198066,-0.08455361360415682,0.1949292896185399,0.3591431849074065,0.056890285637164646,-0.01751997917731098,-0.12021439657582447,-0.08944694552360387,0.3748103303673855,-0.19098840291903252,0.38566897708540193,0.5470024003933175,0.2974000559127761,0.2316234949341097,0.19495628199319406,0.18044595258982193,0.12410129852602354,-0.14378259570242835,-0.42286832541235675,-0.19406167757608475,-0.3380081555531991,-0.18577116250373554,-0.06423221154309622,-0.12263599818765485,-0.16605516084563254,0.07427337491444382,-0.1464856892213664,0.15339573713283142,0.12299461116520297,0.10700741326289609,0.4252590785960109,0.5009958258220624,-0.18233927486913518,-0.09693925751689433,0.21945764607212748,0.6361157972872663,0.36231671695603135,0.36411749395081605,-0.20696403266077334,0.006777014064955221,0.3614838093952744,0.6170707489419953,0.3034694841564401,0.35819073968746684,0.15203840629307935,-0.17975186295585782,0.41811766747322454,0.2947393789825803,-0.357369400287276,-0.052424975658662144,,-0.5223120896918049,0.16236106157153463,-0.44962933685519557,-0.4008733961227382,-0.040660156362970316,0.2521107072966173,0.1706515766438838,0.5042117744594296,-0.2083753482498337,0.014662643517492023,-0.2407584857277819,-0.21114399467864614,-0.437906934148246,-0.04105732987573867,0.19717736882187925,0.008226890189235827,-0.5145999826477592,-0.41613565596290475,-0.7726895009302729,-0.3111931593610519,0.23156951018480137,-0.1090819700577444,-0.14885716213741046,-0.36379744150848814,-0.14574918299866002,0.07455486682155148,-0.06030674905767692,-0.12327995912583267
#101,-0.18385084784976816,-0.06086973287189226,-0.2388535952879026,-0.26205161327639226,-0.27050793865018846,-0.40969990263464856,-0.08661274618491704,-0.03434008464037481,-0.16413484619166513,-0.01428475027233378,0.04454705831316939,-0.10693414824597765,-0.13368744758177242,0.009696046581126546,1.0,0.4579468443021989,-0.054950690715587135,-0.13629799581618193,0.3434644712868615,0.009815584240309256,0.6882534969585378,-0.05879517607704395,0.03449818283477775,-0.04490181523719549,0.12312571698495176,0.06184145835944203,-0.004679320948974772,-0.25314798569404146,0.11088660310605111,-0.1223082336382829,-0.12594834816307252,-0.12010642707720783,-0.23805924826236588,-0.16239576605323283,0.04047506579391322,-0.004232018740420117,0.34996963357851407,0.14255637068242508,-0.0582476164769167,-0.19463237349734414,0.10567321874427617,-0.032535451592068096,0.09985057792602162,-0.053817010980112406,-0.212135000433806,-0.18589841226996232,0.17333153384168973,-0.09680429564362353,-0.23284586390059095,-0.3233512961159901,-0.27136783858559954,-0.36290669314490087,-0.09758707450859418,-0.3295479741258809,0.3786702399429304,0.21267484792688923,0.09097008666480291,0.22805664542623852,-0.2988267957159245,-0.3894980382327707,-0.10042512990080302,-0.09818476280450773,-0.028860632585580286,0.3861047111333905,-0.14227102272179537,0.09090453375492852,0.09500737470236087,-0.026562424686454648,0.40565104643652455,0.1832531595538546,-0.11511669381971022,-0.008296299152632238,-0.012021246854906346,-0.19132773562897054,0.1051565075723251,-0.05494683466206511,-0.01337472164113638,-0.14152294833852294,0.37852370990909356,0.029165260813820097,-0.02510869250865202,-0.33465724504256117,,-0.0829494953389953,-0.13451649908900737,-0.3057445557344336,-0.19082644867110757,0.007066218079106938,-0.028124126362873918,-0.0563427260370374,-0.10238786114351267,-0.38266511139174614,-0.35633597794337385,-0.31042194865664735,-0.21835867081835095,-0.16986494172539116,-0.13736612264178227,-0.14294968814167142,-0.16669912178381036,-0.08511659741837217,-0.2505065890314558,-0.1295344779385538,-0.25953361032651134,-0.19506039543828868,-0.328225347767827,-0.252561865558694,-0.3587074508594179,-0.04724243972506338,0.15126719558867477,-0.011708906519622492,-0.05375917017728206
#102,0.3046455804806571,0.03394291112760645,0.0884752200360541,0.1684073534940665,-0.21985867563841785,-0.13988412559166322,0.07183249303500333,0.26721872499590293,-0.047774575111102544,0.1401193448565066,-0.1739986311009997,-0.2838923004251299,-0.1970346948415644,0.08344692624333626,0.4579468443021989,1.0,0.0022962798723646285,-0.021522562733170738,0.1278493825494298,0.26467758572488986,0.2504680284962355,0.5901632074653196,-0.08285695005446675,0.27056963550654084,0.021723077516315928,0.43857788746107795,-0.255600435734048,-0.07780551994061678,-0.13025170389365004,0.13963348211273172,-0.07334020996211428,0.22725458629365775,-0.26476241890237434,0.11229020658806745,-0.06216536685529195,0.3118486884597958,-0.08323098724610298,0.14515149470274646,-0.30861731560834066,-0.04490181523719549,0.16924411710834547,0.13087638456421774,-0.19173647730230495,0.04637868373613026,-0.14560650901834518,-0.01691843482787541,-0.12384294294004801,-0.32882689211726257,-0.25858887721361573,-0.32963280730336536,-0.25627138904687996,-0.35222542488889746,-0.17230582360483163,-0.330754918878274,0.1177426662682078,0.19946400856043883,-0.23509008705040826,0.21259001474940473,-0.01408423548918859,-0.462003412607367,0.19802570059672428,0.1727377015992982,-0.10944829514233657,0.0822746859726413,-0.10172076388420272,0.022367038454493747,-0.2782470380688884,-0.13418873453963542,0.37523835230833,0.2873588925414285,-0.10248811853508527,0.11149585956253073,0.016413291816490413,0.12123239470563851,-0.2302777322549237,-0.2915272863987352,-0.23064405733951587,-0.32015848379975514,0.09980430528375733,0.38440419153017846,-0.3372408009023165,-0.3284567109791484,,-0.28873550364879064,-0.23484715567852082,-0.23935488224576557,-0.16573125234978262,0.0025854838865163447,0.030900484898730395,-0.3513886612746185,-0.1726027397260274,-0.10501383359201026,0.017940289011211474,0.043791271822852904,-0.024850336922676488,-0.20088689231006526,0.22115816567533958,0.14711808199897813,0.23684073534940664,0.029431328506839674,-0.14271832493035003,-0.2910375676014383,-0.10578890034993686,0.06835818881166071,-0.12993165145132216,-0.2063200717225955,-0.25187163197825185,-0.30548620014845806,-0.07349445210299518,0.26995266694301717,0.0005263513057561239
#201,0.5281617228847136,0.04847637685211071,0.7201893322279314,0.5507234920420695,0.36627688392314883,0.343896349281328,-0.045221867679523395,0.12698177050697465,-0.01929761985096353,0.4375868817059181,0.11626194171575102,0.19591258326665575,0.3861625519362209,-0.23990244184589282,-0.054950690715587135,0.0022962798723646285,1.0,0.7386019877955906,-0.32335900822303415,-0.14777746715124407,-0.020315617980777575,0.13111160382906115,0.10912824270000868,-0.12890979726798607,0.14177744787097646,-0.21611830372205565,0.26708376312263216,0.23535615474342783,-0.10298554943942621,-0.0851744382212025,0.36684757984440824,0.08431068223226938,0.26573800044344614,0.1261874234814379,-0.10637502048528434,-0.14915407825860624,-0.03038762978030135,-0.20143830796371454,0.11761927255550307,-0.07744305090954662,-0.12573240916583922,-0.23534458658286178,-0.18078528529975996,-0.1398995498057513,-0.13050234737258154,-0.05088255424985299,-0.010393992268612689,0.07362941397626599,-0.14372861095312003,0.139004945388642,0.41495570358516576,0.43547376437584956,0.33251327928431645,0.24459140292867265,0.04278869790712695,0.011782171536540927,-0.2264718074286871,-0.2196273124270965,-0.23564150270405754,0.1118621846471229,-0.01690301061378732,-0.06787232606788582,-0.13787512170668928,0.07241475711682878,0.20403728803755797,-0.02167680487405165,0.09295981028216671,-0.08766159274290727,-0.1767132927805038,-0.3109695082567746,0.2390695342851359,0.03525011327157221,-0.09209219823971157,0.09473745095581927,-0.43125909787627853,-0.25219168442057976,-0.4010623427453173,-0.11609613141430403,-0.061664079897428975,-0.0949456778460085,0.06748672071568354,0.027908187365640637,,0.29424194807823933,-0.05538642476357572,-0.09426701242613247,0.10257295171256978,0.05271417967281386,-0.06267050986667695,-0.029847782287218145,-0.19126603877261816,0.03948791609227536,0.10248040642804122,-0.2379975514060135,-0.2562251164046157,0.43622183875912196,0.25569683707209856,0.5201874042011703,0.39547492119190614,0.37630262308040835,0.4608118920690619,0.35498635921066585,0.488459795821966,0.41578089903887866,0.44880414140148267,0.3478333799273134,0.25067239933290275,-0.1602016715992018,0.030565008242314402,-0.2871275293301071,-0.20471209740391197
