,#10,#11,#12,#13,#17,#18,#26,#49,#50,#51,#52,#53,#54,#58,#101,#102,#201,#202,#301,#302,#401,#402,#501,#502,#601,#602,#701,#702,#801,#802,#901,#902,#1001,#1002,#1101,#1102,#1201,#1202,#1301,#1302,#1401,#1402,#1501,#1502,#1601,#1602,#1701,#1702,#1801,#1802,#1901,#1902,#2001,#2002,#2101,#2102,#2201,#2202,#2301,#2302,#2401,#2402,#2501,#2502,#2601,#2602,#2701,#2702,#2801,#2802,#2901,#2902,#3001,#3002,#3101,#3102,#3201,#3202,#3301,#3302,#3401,#3402,#3455,#3501,#3502,#3601,#3602,#3701,#3702,#3801,#3802,#3901,#3902,#4001,#4002,#4101,#4102,#4201,#4202,#4301,#4302,#4401,#4402,#4501,#4502,#4601,#4602,#4701,#4702,#4801,#4802
#10,1.0,0.056477687910308196,0.6494346061523334,0.6016581030144699,-0.12976969720339718,0.19358738299287595,-0.06280932779346977,0.47266154454223824,0.11698687977789132,0.6149383513443166,0.5618983351488919,0.3442164017236559,0.29916227237234055,0.04191722981114978,-0.1564805799504497,-0.21710545342369353,0.6298612784745452,0.21594863736708667,0.07008955684304898,-0.015950565393847666,-0.025957024283497054,-0.00446338195174149,0.07945205479452055,-0.0009428050861345956,0.22994996770555176,0.1402890112114756,0.1971696567148352,0.11331591682492553,0.024699950835317595,-0.07691862763055152,0.10908968216478845,0.12098175122670703,0.1544098792091234,0.146250469956523,-0.009295017014836166,-0.06927592954990215,0.09018345174631023,0.07613199271205884,0.12356916313998438,0.06694687322260033,-0.0732785131057619,-0.23432658845304774,0.011219187722325585,-0.08769629722460548,-0.08935825629259735,0.02840947432350361,0.1679716194460779,0.1557864903164856,0.19347555744073727,0.007413262896088998,0.1089470081844736,0.0007384342494673826,-0.08424898537591702,-0.07184020514204738,-0.008315579420242353,0.045738578851474455,-0.10789044951943932,-0.2091696952753704,-0.059227054071510514,-0.0963261450068927,0.009036661428860632,0.112552418227565,-0.08602276999604755,-0.2563562222243645,0.27255935912390467,0.11944704192494192,-0.03132850683967493,-0.013046957091764434,0.23589600223651105,0.14132628960889976,0.202695381411894,0.24169165068011145,0.03085806830998814,-0.017454426267436592,-0.07969113011288596,0.05611136282571602,0.09346880934707373,0.12622984007018018,-0.12796506415509049,0.061421148525541536,-0.06610625355479934,-0.07876953332112249,,0.08097905198924162,0.14082114659751477,-0.0821744285810687,0.01368320592289821,-0.14590342513954094,-0.19776734501074875,0.0919803726875729,-0.17689452729603886,0.01658295817145942,-0.19146655355576336,0.06525020967291026,-0.038504622444159524,0.11345087869819633,0.18730201575197863,0.5457221906240058,0.26214801461444287,0.4113194451138982,0.1469754080186633,0.15618751988277596,0.25503359586631064,0.3667704587739678,0.4113541495955964,0.26551434933916884,0.08873357562202963,0.06361524297957255,0.12482238053464183,-0.08396363741528733,-0.06511524779963945
#11,0.056477687910308196,1.0,0.011172915080061312,0.22338310855754678,-0.10011278956551917,0.03881696277944338,0.14446897322934843,0.0760741519092285,0.02410226253940405,0.2023946092371762,0.10710767065446869,-0.20607714035070807,0.06806898479750899,0.008666480290746436,-0.08171941426547001,0.08075154483144226,-0.0814649147330165,-0.13048692315849345,-0.13998438298323582,0.14404866339544792,0.162931757492794,0.16901660995054613,-0.11800487790770536,0.017284759912467584,-0.09023743649561856,-0.10642514918107063,0.05416405579709446,0.0022268709089682164,0.05461135800564912,-0.06931063403160036,-0.20558742155341117,-0.263193005118911,-0.2919206038579816,-0.3822602257719337,-0.061625519362208746,-0.11687119817223063,-0.4217539259444921,-0.22125071095986812,-0.18008733961227383,-0.17909633385711393,0.11065138384120772,-0.13426585561007587,0.22349879016320748,0.13970289107612813,0.13995353455505963,0.13258847232799592,-0.04015501335158532,-0.14881474554866822,-0.09244695516373767,0.01020890169955559,-0.008396556544204833,0.05820519988817445,0.08939296077429555,0.06314480444988577,-0.0863196861172433,-0.06149441354245997,0.21727897583218456,0.15776850182680535,0.1998804623408173,0.03895192465271418,0.08902277963618135,0.12238535470872336,-0.12928769051314432,0.10189814234621576,-0.2214319454754032,0.07312427096488099,0.12557045491791427,0.1987390704982985,-0.18655008531518416,-0.21215428070141615,-0.12535451592068098,-0.0822746859726413,-0.1440756557701021,0.0668234795098956,-0.013868296491955309,0.07169367510821051,-0.19567736400181235,-0.04385296867920527,0.29128049897332575,0.07591219766130354,-0.27951953573115595,-0.022251356848833063,,-0.13189438269403178,-0.002003219804690889,0.14958210019955076,0.13335968303240048,-0.1693520866069621,-0.10659867158956167,-0.26892695670615907,0.09112818485920585,0.088459795821966,0.1138326279968766,0.1403198596396518,0.1381450454532309,0.05626560496659694,-0.15417465994428003,-0.21103988123355152,-0.14463863958431744,-0.23163120704115372,-0.17579940809578437,-0.33287574831538663,-0.3398282128155939,-0.2036709629529658,-0.2153123885359529,-0.21095504805606702,-0.21260543896349282,0.0639430075289445,0.10354853325364156,0.07925539606489738,0.18936114833273887
#12,0.6494346061523334,0.011172915080061312,1.0,0.5355190730047333,-0.14601139463815757,0.24985491598623388,-0.04544937483732274,0.11362054505316534,-0.11532492070989946,0.5272748305746484,0.4801538565355287,0.45249438462205854,0.3602845767499253,0.036009755815410716,-0.14517463102387862,-0.19047169174708145,0.8368619436437778,0.5626348413715982,0.08107159727377015,-0.12477610789237754,-0.05544040951288404,-0.06605998091253507,0.1391206269943027,-0.10421948656647355,0.43159843058621655,0.1468905748411788,0.33491945668205875,0.0457964196543048,-0.06798415162002448,-0.2966018528337173,0.2861519477890353,0.088795272478382,0.27066989289811344,0.18447552852033586,-0.21998978145816664,-0.1500756750503697,0.015333596830324005,-0.06664610104788254,0.2166504391080948,-0.020639526476627496,-0.3189746753684941,-0.399157452305438,-0.13370672784938256,-0.21511958585985175,-0.21247433314374403,-0.10890459159573135,0.09909864748922716,0.1587556515284432,0.16455129997204362,-0.03725526110302411,0.10868094049145402,0.07256128715066565,-0.03375396450502733,-0.049459670500226545,-0.07862300328728562,-0.07907801760288433,-0.1279882004762226,-0.3583989665776561,-0.06872836994977491,-0.0830150482488697,-0.014670355624536068,0.04442366460046465,-0.18622617681933426,-0.3581637473128127,0.4639545756895106,0.009241032265527846,-0.09772203638186498,-0.10222976294910974,0.08779655461617807,0.1520962470959097,0.5114572990273105,0.5581541071790076,0.005450531653379349,-0.18038039967994757,-0.25175209431906914,-0.09530429082355663,0.17626599057194914,0.1728919437401791,-0.1271630050225097,-0.04072185321932269,-0.06636460914077487,-0.010714044710940588,,-0.06138644404384333,-0.05882216845169811,-0.04071414111227864,-0.012237185852139627,-0.310537630262308,-0.33490788852149267,-0.08235180704308176,-0.2948936211234612,-0.058131934871256015,-0.3054090790780176,0.026435174920227893,-0.08454204544359076,0.4229531585898412,0.23945128358381615,0.6990080302314596,0.45055864575400306,0.39680525965700403,0.3459709060761763,0.4738646332411094,0.349965777524992,0.54170803890758,0.6173406726885369,0.2555888675734819,0.24658112654603645,0.02406370200418382,0.09434027744305092,0.05170774970356588,-0.09434027744305092
#13,0.6016581030144699,0.22338310855754678,0.5355190730047333,1.0,-0.12123625075916054,0.26926243336257505,0.10938659828598421,0.31616746840446147,-0.08791609227536078,0.7332073689182805,0.6091658392218484,0.07523738829494954,0.1980835413995546,-0.23387157413744902,-0.04778999932519063,0.046286138451601705,0.4388208188329654,0.12317584568073806,0.2578292346697772,0.11183904832599076,0.06636460914077487,0.12274396768627148,-0.04679128146298671,-0.026172963280730335,0.10372205566213259,0.03508430297012523,0.08184666403169676,0.01448526505547897,0.038840099100575516,0.06323734973441432,-0.11306912939951606,-0.10455110716936751,-0.050828569500544665,-0.11741104566531384,0.04310103824241081,-0.045985366276883925,0.030140842354891884,0.05474631987891992,0.12247018788620787,0.06865124887933445,-0.094860844668524,-0.19174804546287103,-0.09095466245071482,0.02822438375444651,-0.10541486315830063,0.035392787251887055,0.1744883498982966,0.0773543616785401,0.11789690840908872,-0.13733141816008407,-0.028251376129100673,-0.11618096459178853,-0.17643565692691815,0.0016638870947528752,-0.06837746907927082,0.011115074277230968,-0.20275322221472433,-0.2755555127105164,0.10969122651422401,-0.02565625210877927,0.06754456151851387,-0.01864209075221964,-0.09442125456701339,-0.07098030520663627,0.21616072031079792,-0.02588375926657862,-0.17416829745596868,-0.13982628478883286,0.23910038271331205,-0.05367819305331958,0.20435734047988585,0.21983939537080774,-0.16804874051651836,-0.16347931709292124,-0.1730731782557142,-0.12493806214030251,-0.07596232635708984,-0.11439561181109194,-0.16436620940298652,0.21367356578909316,-0.006507090318413619,0.12670027859986696,,-0.14481601804633049,-0.08499320370566743,-0.13039823392748692,0.015788611145922705,-0.21881368513394966,-0.20706429005234592,-0.0258297745172703,-0.32881918001021854,0.04842624815632441,-0.15077362073785583,0.1722981114977876,0.15392016041182652,-0.029435184560361698,0.13877743823084265,0.2472944964476107,0.09469889042059904,0.24465309978502503,0.011778315483018904,-0.05655095292722663,-0.005477524028033509,0.15503455987969114,0.11361668899964332,0.07407286013129863,-0.11869511148814746,0.031567582158040355,-0.017145941985674762,0.09042252706467566,0.06680805529580751
#17,-0.12976969720339718,-0.10011278956551917,-0.14601139463815757,-0.12123625075916054,1.0,0.23744999180588627,-0.04086067114611551,0.20046658247616478,0.0678838942284519,-0.27781901612794385,-0.07600088689231006,0.2296877560660542,-0.03602518002949881,0.12950748556389963,-0.17420685799118893,-0.05697897486817117,-0.06772193998052693,0.11180048779077054,-0.21424040565683053,-0.18149479914781216,-0.2727521618000058,-0.17411045665313835,0.20783935681027252,0.1566618144659848,-0.023566271099842866,-0.01658295817145942,-0.00604050784224885,0.05694041433295094,0.07370653504670645,0.06824636325952205,0.16143560872624912,0.06703556245360685,0.20740362276228394,-0.15017207638842028,-0.16911301128859668,0.11165781381045568,-0.044331119315936106,-0.19179046205161326,-0.050273297793373375,-0.16515284432147917,0.12871699459188493,0.21989338012011606,0.024730799263493777,-0.15424021285415443,0.19412723048595915,-0.10014363799369536,0.05307279265036199,0.16223766785882987,-0.05394811679986118,0.16421967936914963,0.2315579420242353,0.26559532646313133,0.2225463449432678,0.12572084100527314,-0.13250363915051142,-0.08776570618800189,-0.051063788765388064,-0.16935979871400614,-0.0028014228837496265,-0.05404451813791175,-0.12117069784928615,-0.14606152333394387,-0.0154338542218966,-0.06772193998052693,0.0033682627514869906,-0.05187356000501287,0.09784928614809174,0.08122583941465107,-0.1303789536598768,-0.04713061417292472,0.16420039910153952,0.08832097789517318,-0.09319117349348809,0.06679263108171941,-0.16031735320486248,0.026103554317333924,-0.09630686473928259,0.05873347922069158,-0.02604185746098156,-0.16287006063644163,0.1750474776589899,0.10482874302295316,,0.17020427443532915,0.34976140668832484,-0.03774497990032102,-0.10731204149113589,0.10280431492389114,0.1411604793074528,-0.04488253496958538,0.04812933203512865,-0.0736139897621779,0.19995372735773573,-0.0747091089624324,-0.08389808450541293,0.1542556370682425,0.09499966259531682,-0.06335688739359702,0.046532925877011175,0.06984276941763952,0.04041336893756085,0.16894720098714971,0.14560650901834518,-0.2834527103236193,-0.18918762592424782,0.21392806532154665,0.21049617768694628,-0.2004357340479886,-0.05425274502810099,-0.1335794780831558,-0.024005861201353475
#18,0.19358738299287595,0.03881696277944338,0.24985491598623388,0.26926243336257505,0.23744999180588627,1.0,0.06951500486826757,0.1018865741856497,0.04186710111536348,0.3362960677894209,0.30634224403034716,0.30382809713398823,0.44762804507726567,0.0681730982426036,-0.18854366498607,-0.14311549844311838,0.389212690272141,0.31466746358439457,-0.018969855301591586,-0.1694330637309246,-0.47296231671695604,-0.13266173734491435,0.3320775452363279,0.17013872152545478,-0.018453144129640518,0.16191375936297997,0.015568816095167401,0.23173146443272633,0.3242497565866214,0.29017381161250516,0.34443619677441123,0.36745298024736583,0.22451678829302152,0.2255926272256659,0.05577974222282205,0.1965642563118776,-0.0030674905767692057,-0.06149055748893795,0.10203310421948657,-0.0029363847570204275,0.17021584259589523,0.0643825976304551,0.03276681480338947,-0.2043959010151061,-0.2049704529898875,-0.29819825899183483,0.2896763807081642,0.25133178448516863,0.0900754822476936,-0.10979533995931863,-0.0069158319917480456,-0.04315887904524115,-0.0637232124781892,0.02109839684574822,-0.13674144197121457,-0.0807245524567881,-0.33894517655905065,-0.40122429699324225,0.06581704954064763,0.07938264583112413,-0.04533369323166206,0.025031571438211563,0.13198692797856035,-0.13617074604995516,0.2795619523198982,-0.19753598179942738,0.24395129804401686,0.03022567553237639,0.18814263541977963,0.16792534680381363,0.49138268439165933,0.24224306633376072,-0.0722335226012937,0.1130228567572518,-0.20355913740082712,0.07526823672312571,-0.06615638225058564,0.011485255415345164,0.2017699285666085,0.30407102850587564,-0.04747380293638476,0.19709639169791676,,-0.12843164663125525,-0.03084264409590005,0.1552312186093143,0.1473802936384757,-0.05939672042647952,-0.05293783077709119,-0.14369776252494385,-0.20888820336826275,0.10259994408722393,0.06440187789806523,0.18408606711461156,0.14660908293407113,0.16838807322645638,0.1819883739986311,0.28293985520519027,0.32072146761397047,0.30150675291373047,0.20827123480473908,0.25387292375618176,0.3608437045106186,0.12649205170967773,0.26686782412539883,0.1873444323407209,0.29648617122805665,-0.07829523873791368,-0.21489979080909644,-0.1103120511312697,0.09714748440708357
#26,-0.06280932779346977,0.14446897322934843,-0.04544937483732274,0.10938659828598421,-0.04086067114611551,0.06951500486826757,1.0,0.08021555339188108,0.14066304840311183,0.2434847155678521,0.20246787425409465,-0.20366710689944376,0.24017236559243443,0.2943267812557238,0.21334965729324323,0.019640808614423567,-0.002377256996327109,-0.12967715191886864,0.15371964562868132,0.005581637473128127,0.028872200746146357,-0.10761281366585368,-0.14455766246035495,-0.009163911195087387,-0.08873743167555166,0.08335823701232974,0.07266154454223825,-0.043313121186122065,0.1596116954103323,0.09216931931015203,0.13546894430894701,-0.02638890227796362,0.013675493815854164,-0.19485988065514348,0.10934418169724196,0.1265190440843319,-0.04432726326241408,0.022378606615059818,0.10170148361659259,0.056928846172384875,0.20290746435560525,0.23675975822544418,0.2697290158387398,0.2659423712801134,-0.08421813694774083,-0.05593398436370297,0.12622212796313612,-0.04895452748884155,0.212300810735253,-0.08642379956233792,-0.08603433815661361,-0.020816904938640548,-0.023793778257642215,0.005635622222436448,-0.11556399602826488,-0.029685828039293184,-0.027183249303500332,-0.14891500294024082,-0.09439811824588125,-0.09958065417948,-0.051221886959791005,-0.11290331909806908,0.03246218657514966,0.09949196494847348,-0.05901111507427723,-0.21630725034463477,0.032855504034396,0.37410852862637733,0.05529387947904717,-0.1353147021680661,0.09362305148795465,-0.1271090202732014,-0.3515891760577637,-0.1456604937676535,-0.12657688488716223,-0.1433198692797856,-0.5025883759266578,-0.37572807110562695,0.038242410804661967,0.07089547202915177,0.1088621750069891,0.23987159341771663,,-0.009040517482382656,-0.0385007663906375,0.10750098811371502,-0.03505345454194904,0.17168499898778594,-0.037235980835414,0.10427347131578187,0.18603337414323312,-0.17314644327263262,-0.03911387890063914,-0.06919495242593968,-0.11754600753858463,0.06973479991902287,-0.045156314769649,-0.026585561007586786,-0.04212545670133901,-0.028421042484069677,0.02250200032776455,-0.01729247201951163,-0.14151138017795686,-0.18056549024900465,-0.13387253815082953,-0.06633761676612071,-0.030418478208477533,-0.1737479876220682,-0.12224653678193054,-0.035720551801259,-0.05510107680294603
#49,0.47266154454223824,0.0760741519092285,0.11362054505316534,0.31616746840446147,0.20046658247616478,0.1018865741856497,0.08021555339188108,1.0,0.047570204274435327,0.3074180829629915,0.5145267176308407,0.04088766352076967,0.21170312243933945,0.11256013033460904,-0.16130064685297832,-0.18237012329731137,0.1810629211533456,-0.052386415123441915,-0.06861268834411421,-0.040139589137497225,-0.015626656897997745,-0.10126574956860401,0.09295981028216671,0.16761300646852978,0.09639169791676709,0.053431405627910114,0.1951992133650815,-0.06449056712907175,0.05362035225048924,-0.04603935102619224,0.010428696750310894,-0.22898595432504604,0.06066921808874707,-0.25234592656146065,-0.14950497912911032,-0.2917586496100566,-0.05422189659992481,-0.2335476656415991,-0.07293146828877985,-0.17116443176231286,0.02922310161665044,-0.062038117089065196,-0.09319502954701012,-0.31420859321527383,0.25377266636460916,0.00937985019232067,-0.010922271601129824,0.0320303085806831,0.2534757502434134,0.23557209374066113,0.1180974231922339,0.11189303307529909,0.05807409406842567,-0.09513848052210964,-0.07852274589571304,-0.09267446232153702,0.12192262828608061,-0.003992943422054698,0.11617710853826652,0.041030337501084514,0.123337799928663,0.14072088920594217,-0.01622434519391129,-0.14530573684362738,0.004972381016648511,-0.13414631795089316,0.07795590602797567,0.03142490817772551,0.07333249785507023,-0.17673642910163592,0.0801345762679186,-0.054283593456277174,0.06569751188146492,-0.03737865481572884,0.022216652367134857,0.05898797875314509,0.013208911339689395,0.112216941571149,-0.04738511370537823,0.0037075954614250047,-0.046856834372861096,-0.09966934341048654,,-0.048595914511293414,0.07449316996519911,-0.04056375502491975,0.09068473870417322,0.0026394686358246653,-0.19517222099042736,-0.022012281530467644,-0.11683649369053242,0.20160411826516153,0.20018123451553507,0.043370961988952406,-0.027653687833187123,-0.11372465849825995,-0.008003239084958499,0.12706660368445913,-0.2584114987516027,0.30498491319059506,-0.01353667588906134,0.08409859928855813,-0.03871284933434876,-0.010309159091128185,-0.051757878399352183,0.3555647672389693,0.1426643401810417,0.07187105357022355,-0.020716647547067955,0.04944424628613845,0.15570936924604514
#50,0.11698687977789132,0.02410226253940405,-0.11532492070989946,-0.08791609227536078,0.0678838942284519,0.04186710111536348,0.14066304840311183,0.047570204274435327,1.0,-0.07387234534815343,-0.006549506907155871,0.31099650063142875,0.2334975369458128,0.20128792187635564,-0.25102715625692884,-0.3202163246025855,0.05652396055257247,-0.3937358410534738,-0.4537360338561499,-0.4116394975562261,-0.3774054543877069,-0.33220865105607666,-0.16022866397385596,0.03277452691043352,-0.369338590419635,-0.05220518060790684,-0.08603819421013564,-0.047061205209528306,-0.24339602633684557,-0.13856535528713138,-0.04546094299788881,-0.07000472366556448,0.08322713119258095,-0.023018711499715617,-0.20566454262385161,-0.1627967956195232,-0.18777631033518746,-0.050967387427337495,-0.20543703546605227,-0.014813029604850916,-0.12536608408124705,-0.02116780580914463,-0.05310364107853817,-0.16935979871400614,0.007999383031436475,0.12302931564690119,0.34041433295094137,0.17767730616100952,0.29628565644491145,-0.12949591740333355,-0.10418478208477534,-0.1513944453549015,-0.055143493391688274,-0.2994630445470583,-0.2541929761985096,-0.16138548003046282,0.12658074094068425,-0.21713630185186972,0.27301822949302534,0.21717486238708994,0.1448545785815507,0.20566839867737363,0.24658112654603645,0.319117349348809,-0.2643421090684739,-0.10466293272150617,0.04433497536945813,0.38627823354188157,-0.17731869318346138,-0.22450907618597746,-0.18575573828964745,-0.14831731464432726,0.10558067345974761,0.1859639651798367,0.13683784330926513,0.28860439782904185,0.014385007663906374,0.20242931371887443,0.10705754195868239,-0.12597534053772666,0.07277722614789893,0.22515303712415527,,0.2753665660879373,0.31904794038541257,0.2888280489333192,0.21311829408192184,-0.1485101173204284,-0.05781188242892811,0.10409994890729084,0.2119961825070132,0.24257468693665468,0.39667029778373325,0.2305322317873772,0.2441633809877281,-0.18762978030135058,-0.27720590361794223,0.13704607019945436,-0.018591962056433344,0.37199155524278676,0.17414516113483655,-0.03318712463728996,-0.175907377594401,-0.02819353532627033,-0.07568083444998217,0.09965006314287643,0.13925558886757347,0.1706168721621856,-0.009113782499301091,0.14274146125148218,0.311370537823065
#51,0.6149383513443166,0.2023946092371762,0.5272748305746484,0.7332073689182805,-0.27781901612794385,0.3362960677894209,0.2434847155678521,0.3074180829629915,-0.07387234534815343,1.0,0.5707055613931922,0.02635034174274339,0.3346533889890392,-0.14899983611772533,0.1178776281414786,0.06517694465599183,0.5759343699690551,0.21935353262703286,0.2837766188194692,0.09733257497614067,0.10919765166340509,0.07498674481601805,0.15605255800950518,0.12171825744941339,0.22277385210106715,0.23266462938505586,0.09353050620342611,0.11444574050687824,0.3040556042917876,0.23111449586920266,0.15126333953515275,0.16952560901545313,0.10207166475470679,0.0774738993377228,0.21857846586910626,0.163436900504179,0.10414236549603309,0.1379638109376958,0.2566801307202144,0.11805115054996963,0.08920787020523845,-0.024962162474815152,0.1500602508362816,0.14476588935054419,-0.2789719761310287,0.012634359364907985,0.21122882785613065,0.12770670856911495,0.11521695121128281,-0.08816673575429226,-0.00946082731628315,-0.06063836966057089,-0.03763701040170438,0.09068859475769524,0.0532771634870292,0.11691747081449491,-0.22711576836686492,-0.21220440939720242,-0.12474525946420137,-0.13576200437662075,-0.14884173792332236,-0.08434153066044557,-0.10740458677566445,-0.10204081632653061,0.17244464153162445,-0.14734173310325546,-0.0854597861818322,-0.11005369554529416,0.29601573269836984,0.03683880732264564,0.32436929424580413,0.08848678819662018,-0.17323513250363914,-0.2565875854356858,-0.14389827730808905,-0.11906914867978367,-0.11917711817840032,-0.1287092824848409,-0.016575246064415374,0.27953881599876607,-0.09651123557594979,0.21331495281154503,,-0.18242025199309767,-0.20460412790529534,-0.18281742550586602,-0.12447147966413774,-0.0022230148554461936,-0.0922001677383282,0.10007037297677691,-0.19151282619802762,-0.10288914810137564,-0.2191915783791079,-0.02963955539702891,-0.04712290206588068,0.1399303982339275,0.18378143888637175,0.35909305621162024,0.24570194634301523,0.17761946535817918,0.11195472993165145,0.058043245640249486,0.26804392044961584,0.22019800834835587,0.3239721207330358,0.14715664253419838,0.010933839761695893,-0.10962567360434963,-0.016513549208063007,-0.16459371656078586,-0.11164624564988962
#52,0.5618983351488919,0.10710767065446869,0.4801538565355287,0.6091658392218484,-0.07600088689231006,0.30634224403034716,0.20246787425409465,0.5145267176308407,-0.006549506907155871,0.5707055613931922,1.0,0.1329740776801982,0.3488282417359953,0.06084659655076013,-0.015815603520576867,-0.11549073101134644,0.3875970038464134,0.10500612148496621,0.051815719202182524,-0.0678337655326656,0.0021266135173956214,-0.0590728119306296,0.01855725757473514,0.10408838074672476,0.21132908524770325,0.1122824944810234,0.27076243818264195,-0.050867130035764895,0.1952300617932577,0.0361755661168577,-0.05229001378539134,-0.17001532781275003,0.10717322356434307,-0.09586727463777198,-0.057962268516287004,-0.19749742126420713,-0.024511004212738472,-0.12493806214030251,0.0009428050861345956,-0.10647913393037896,-0.026901757396392664,-0.1798328400798203,-0.17070556139319215,-0.18066960369409926,0.032134422025777716,-0.0018566897708540194,0.3111815912004859,0.14018104171285897,0.2764038444853615,-0.036206414545033885,0.13410390136215092,-0.0014248117763874563,-0.048499513173242845,-0.1693482305534401,-0.19638687784986456,-0.0893351199714652,-0.14845227651759807,-0.3233165916342919,0.09871689819054688,0.0457964196543048,0.19706939932326262,0.13544195193429284,0.06158310277346649,-0.05755352684295258,0.1480859514330059,-0.3212188985183114,0.031020022557913102,-0.0005263513057561239,0.23180087339612274,-0.022752643806696036,0.3890353118101279,0.1993945995970424,-0.041188435695487455,-0.2525117368629077,-0.10704982985163834,-0.14757309631457685,-0.0757540994669006,-0.1762929829466033,-0.041894093490017645,0.21434837515544716,-0.046660175643237926,0.0603877261816394,,-0.2805028293792718,-0.09331842325971484,-0.052953254991179276,0.09124386646486653,-0.055799022490432164,-0.27696297224605476,-0.12135578841834324,-0.386185688257353,0.11284547829523874,-0.09988528240771982,0.12470284287545912,0.06196485207214676,-0.027588134923312736,-0.05763450396691506,0.29362497951471567,-0.0163940115488803,0.3796496775375242,0.11982493517010016,0.025116404615696065,-0.02028476955260139,0.184837997551406,0.23025073988026953,0.27460692354409877,0.0935806348992124,0.14667463584394552,0.05542884135231797,0.17702177706226563,0.1572363664407662
#53,0.3442164017236559,-0.20607714035070807,0.45249438462205854,0.07523738829494954,0.2296877560660542,0.30382809713398823,-0.20366710689944376,0.04088766352076967,0.31099650063142875,0.02635034174274339,0.1329740776801982,1.0,0.37731290910317833,0.13155504998409379,-0.38347873868489296,-0.6134267783636836,0.5466167950411152,0.23011577800699873,-0.3284798473002805,-0.527035755256283,-0.5266385817435146,-0.522161703604446,-0.034216690927670074,-0.2553613604156826,-0.0428311144958692,-0.17982127191925423,0.07640577251212247,-0.1403198596396518,-0.16398446010430626,-0.2136812778961372,0.21189978116896263,0.13323243326617373,0.33330762630985317,0.24311453442973788,-0.35646708376312264,-0.17116443176231286,-0.04827200601544349,-0.12600618896590285,-0.09383899048518793,-0.18598324544744682,-0.35247606836782897,-0.21978541062149942,-0.1886284981635545,-0.5194431858714199,-0.11819382453028449,-0.3548282610162629,0.2336672033007818,0.23112992008329075,0.25648347199059124,-0.17781612408780234,0.10012821377960726,-0.17746522321729827,-0.15187645204515438,-0.40186440187789807,-0.25766342436833023,-0.3959376476145489,-0.02813183846991796,-0.5311501643642814,0.22952965787165125,0.16251915976593756,0.1140369988335438,0.14674018875381992,0.30791551386733246,-0.2160913113474015,0.2428137622550201,-0.12223496862136446,0.1428455746965768,0.11840205142047372,-0.047978945947769754,0.0348105231700616,0.39326540252378706,0.21415171642582398,0.36220489140389267,0.08055874215534112,-0.055799022490432164,0.04645966086009274,0.40853537447099764,0.37551598816191567,-0.12905247124830094,-0.21924556312841623,0.0915253583719742,0.021109965006314287,,0.3899569086018914,0.36063162156690737,0.39089392960774294,0.2767778816769977,-0.3264554192012185,-0.34184492880761186,-0.07938650188464616,-0.28708511274136483,0.23481245119682262,0.13554606537938746,0.17058987978753146,0.15623764857856226,0.17092921249746945,-0.08779269856265605,0.5863071539432967,0.18810021883103736,0.49027214097731675,0.28661081815815603,0.3638591383648405,0.19742801230081072,0.5069804208882419,0.5154521704761262,0.3280672495734241,0.41376032699333865,0.06757540994669006,0.004366980613690918,0.16522610933839763,0.12949591740333355
#54,0.29916227237234055,0.06806898479750899,0.3602845767499253,0.1980835413995546,-0.03602518002949881,0.44762804507726567,0.24017236559243443,0.21170312243933945,0.2334975369458128,0.3346533889890392,0.3488282417359953,0.37731290910317833,1.0,0.2968447842056048,-0.37353397665159593,-0.37570879083801684,0.4903569741548013,0.06174120096786943,-0.2807419046976372,-0.3986985819363173,-0.5367260177571265,-0.32120733035774535,-0.005018653658912786,-0.074809366354005,-0.10390329017766767,-0.0592424782855986,0.3535094907117311,0.2110360251800295,0.027896619205074566,-0.1363943971542325,0.47879266964225464,0.07263069611406206,0.2878177629105492,-0.0755343044161453,-0.12489178949803824,-0.07276565798733287,-0.2978203657466766,-0.3064694937965739,-0.15451784870774007,-0.26288837689067124,-0.1432388921558231,-0.21650005302073594,0.0025854838865163447,-0.41755468365900916,-0.19020176800053984,-0.19380332199010922,0.4368310952156016,0.4416010334223439,0.3938052500168702,0.037020041838180716,0.24116722740111632,0.07585050080495118,0.04152005629838142,-0.22675329933579477,-0.3860353021699941,-0.41227574638735986,-0.03095832570156074,-0.3511033133139888,0.15741760095630128,0.13324014537321777,-0.09692383330280624,0.05328101954055122,0.1299586438259763,-0.007987814870870408,0.2861519477890353,-0.16070295855706476,0.034131857750185575,0.30021111893033076,-0.15631091359548072,-0.11760770439493701,0.27454522668774645,0.1286591537890546,-0.06356897033730828,0.18606036651788727,-0.40172558395110525,-0.21460287468790068,-0.07075279804883691,0.10395727492697598,0.16262327321103218,0.07753559619407517,-0.2696249023936452,0.09329914299210473,,-0.24773023049559928,-0.0768492186671551,0.29650545149566676,0.12695477813232048,-0.3018885022124107,-0.3147947133506213,-0.306650728312109,-0.10763594998698582,0.12913730442578544,0.09684285617884376,0.13955250498876925,0.04491338339776156,0.08266414737836561,-0.2802367616862522,0.585674761165685,0.22002834199338686,0.5419239779048133,0.3231122207976247,0.2828781583488379,0.10927862878736756,0.31534227295074857,0.38062140302507397,0.41222561769157356,0.21072368484474566,-0.1078171845025209,-0.111877608861211,0.048021362536512006,0.11360897689259927
#58,0.04191722981114978,0.008666480290746436,0.036009755815410716,-0.23387157413744902,0.12950748556389963,0.0681730982426036,0.2943267812557238,0.11256013033460904,0.20128792187635564,-0.14899983611772533,0.06084659655076013,0.13155504998409379,0.2968447842056048,1.0,0.10730047333056983,-0.13629413976265992,0.1053570223554703,-0.004972381016648511,-0.07030549584028227,-0.22356434307308184,-0.008728177147098802,-0.1721515814639507,-0.07439676862714854,0.009572652868421813,0.07711143030665266,0.15969267253429478,-0.1576219717929685,-0.2629616419075897,-0.12882110803697955,-0.27253236674925047,0.23214020610606076,0.011874716821069477,0.06103168711981722,-0.05660493767653495,-0.1492003509008705,-0.2324024177455583,0.0015404933820481429,-0.14588414487193083,-0.11048942959328276,-0.11773495416116375,-0.1817184502520895,-0.06112037635082375,0.07750089171237697,-0.10719635988547521,-0.15102812027030935,0.1025112548562174,-0.01040941648270078,-0.06354197796265412,-0.1821040556042918,-0.186353426585561,-0.22597823257786817,-0.0941359066063837,-0.07963328931005563,-0.0762091137824993,0.0644327263262414,-0.0654430123490114,-0.0159389972332816,-0.11711412954411807,-0.1262838248194885,-0.19510666808055296,-0.06237359374548119,-0.0351807043081758,0.045885108885311325,-0.013744902779250575,-0.13723501682203348,-0.05940057648000154,0.3125350659867159,0.378770497334503,0.0024852264949437497,0.0583825783501875,0.17508603819421015,0.05045453230890845,0.010640779694022153,0.11779665101751613,-0.06344557662460355,-0.1734973441431367,-0.08097519593571958,-0.05097895558790356,0.13276199473648695,-0.1862878736756866,0.0123335871901902,-0.07741991458841449,,0.1454754031985964,0.15999344470901256,0.07135048634475047,-0.016690927670076062,-0.20832136350052538,-0.2487289483578032,-0.17719915552427867,0.11718739456103651,-0.17143049945533245,0.01242613247471875,-0.14456537456739899,-0.21921085864671802,0.18166446550278117,-0.08690580625259078,0.08417186430547656,0.04896223959588559,0.24601043062477707,-0.11409098358285213,0.12888280489333193,-0.1513944453549015,-0.24515053068936596,0.033279669921818515,-0.07013968553883528,0.045406958248580494,-0.10276961044219293,-0.03918714391755757,-0.019355460653793875,-0.037459631939691325
#101,-0.1564805799504497,-0.08171941426547001,-0.14517463102387862,-0.04778999932519063,-0.17420685799118893,-0.18854366498607,0.21334965729324323,-0.16130064685297832,-0.25102715625692884,0.1178776281414786,-0.015815603520576867,-0.38347873868489296,-0.37353397665159593,0.10730047333056983,1.0,0.5296617277047806,-0.24329576894527297,0.14827489805558502,0.525531894382694,0.2526389866291344,0.6921751033904351,0.18152179152246634,0.2241466071549073,0.10424262288760568,0.49574773697858926,0.33335004289859543,-0.2844784205604774,-0.3591508970144506,0.37307125022895316,0.3372909295981028,-0.06528105810108645,0.134794134942593,0.053481534323696414,0.05817435145999827,0.41468192378510216,0.278682772116877,0.4431010382424108,0.27619947364869424,0.33168808383060355,0.14896513163602712,0.14673247664677586,0.26838325315955386,0.2606248734732438,0.6131182940819219,-0.21320312725940635,0.1901786316794077,-0.288288201440236,-0.465041982782721,-0.3332305052394127,-0.2465502781178603,-0.2718267089547203,-0.09094695034367077,0.027264226427462814,0.2676660272044576,0.5370769186276305,0.400846403748084,-0.2256273317073641,-0.0018219852891558136,-0.4400200514783145,-0.38714584558433673,-0.2805105414863158,-0.3861008550798685,-0.082224557276855,0.10997271842133169,-0.26597707576181157,-0.23311578764713253,-0.01515236231478893,-0.2568613652357495,0.4640394088669951,0.16381093769581523,0.16588549449066353,-0.03350717707961787,-0.046895394908081325,-0.45404451813791175,0.11315010652347855,-0.33581406109916806,-0.21702833235325306,-0.48207417118949614,0.143551232491107,0.17430325932923948,0.19247298352501133,0.2637097162908621,,-0.06381961381623977,-0.1816683215563032,-0.5273249592704347,-0.463522697695044,0.35733083975205576,0.3108499705975919,0.32434230187115,0.11053184618202501,-0.4792206915831992,-0.33055826014865086,-0.46536203522504893,-0.38125765185620775,0.12972728061465494,0.23625075916053714,-0.38138490162243455,-0.014408143985038513,-0.31060318317218244,-0.17964003740371917,-0.13618617026404325,0.04669488012493613,-0.21779568700413562,-0.0032255887711721437,-0.2100064588896494,-0.09441739851349137,-0.2705426431318867,-0.10020147879652569,-0.2749963849498231,-0.4120328150154724
#102,-0.21710545342369353,0.08075154483144226,-0.19047169174708145,0.046286138451601705,-0.05697897486817117,-0.14311549844311838,0.019640808614423567,-0.18237012329731137,-0.3202163246025855,0.06517694465599183,-0.11549073101134644,-0.6134267783636836,-0.37570879083801684,-0.13629413976265992,0.5296617277047806,1.0,-0.2620940298651345,0.056184627842634456,0.6135424599693444,0.757550634802811,0.369508256774604,0.7782846345907282,0.16121966972901583,0.4698080649359413,0.19307838392796892,0.45306893659683994,-0.3482344094936038,0.09261662151870668,0.32755825050851706,0.36501209836792536,-0.10265007278301023,0.2421543771027542,-0.2520374422796988,0.019887596039833033,0.49998939585281443,0.46373092458523324,0.38427694176395166,0.5493198885600532,0.3808411980758293,0.513396893948888,0.2114948955491502,0.23866079261180145,0.18602951808971108,0.7601573269836985,-0.0908004203098339,0.4807399766708762,-0.2755979292992587,-0.2513433526457347,-0.5323185485814543,-0.07817570107873097,-0.28575477427626694,0.005034077873000877,-0.008361852062506628,0.6139280653215466,0.5063557402176743,0.692506723993329,-0.4619031552157944,0.34146317950893157,-0.5618404943460615,-0.585327716348703,-0.5323069804208882,-0.5431347787107285,-0.12315270935960591,0.3758051921760674,-0.09228500091581271,0.2618163940115489,-0.006001947307028622,-0.3097625635043814,0.39641965430480175,0.3010093220093895,-0.07243018133091687,0.14645869684671223,-0.17795108596107315,-0.12108586467180164,-0.03354959366836012,-0.11468095977172163,-0.4447861336315348,-0.5495126912361543,0.23156565413127933,0.4824443523276103,-0.0328053753386097,0.27296810079723904,,-0.2583806503234265,-0.15708212429988527,-0.7038126729199001,-0.6821108036979553,0.20935864189794953,0.4484570965845006,0.1863688507996491,0.27864421158165675,-0.5127606451177542,-0.38198258991834805,-0.5174688864681442,-0.40618703787608573,-0.003753868103689279,0.3942101356366826,-0.4508979784639411,0.07209470467450088,-0.3913065273345994,-0.36076658344017815,-0.29745404066208436,0.14118747168210694,-0.3928797971715847,-0.39077053589503824,-0.35165472896763805,-0.4346755612967908,-0.5070691101192485,0.07170138721525454,-0.504639796400374,-0.5013582948531325
#201,0.6298612784745452,-0.0814649147330165,0.8368619436437778,0.4388208188329654,-0.06772193998052693,0.389212690272141,-0.002377256996327109,0.1810629211533456,0.05652396055257247,0.5759343699690551,0.3875970038464134,0.5466167950411152,0.4903569741548013,0.1053570223554703,-0.24329576894527297,-0.2620940298651345,1.0,0.48658575381026287,0.028617701213692847,-0.25399631746888646,-0.298232963473533,-0.14758080842162088,0.21594478131356462,0.03561643835616438,0.3076880067095331,0.23879961053859428,0.16094203387543018,0.03202259647363905,0.005115054996963358,-0.2034203194740343,0.4318876346003683,0.3094579352761416,0.2946584018586178,0.24665053550943286,-0.0980459448777149,0.018399159380332198,0.07795204997445365,0.024996866956513358,0.236223766785883,0.042194865664735424,-0.22421987217182573,-0.26343979254432054,-0.06295585782730664,-0.2361582138760086,-0.32422662026548926,-0.11155370036536107,0.23517106417437075,0.27083184714603836,0.16418497488745143,-0.11475036873511804,0.043135742724109014,0.008554654738607772,-0.060283612736544784,-0.012198625316919398,-0.06856255964832791,-0.02046986012165849,-0.22811834228259087,-0.4181253795802686,-0.059901863437864515,-0.05392883653225107,-0.11251771374586679,0.012568806455033596,-0.113227227593919,-0.3340672688536917,0.4015482054890922,-0.07131963791657428,0.03304830671049714,0.052679475191115654,0.10107680294602489,0.15436746262038117,0.5130112885966858,0.44831442260418575,-0.001706303683495127,-0.1601862473851137,-0.3008627919755526,-0.07084148727984345,0.17535596194075173,0.24649629336855194,-0.011180627187105358,0.0341357138037076,-0.03746348799321335,0.046806705677074796,,0.06027590062950074,0.027403044354255637,0.06753684941146983,0.008361852062506628,-0.3009437690995151,-0.18506164865568334,0.0068464230283516335,-0.13948309602537284,-0.02581435030318221,-0.17819401733296059,0.09098165482536898,-0.030599712724012608,0.38190161279438556,0.27739870629404334,0.8181215235267465,0.4662720638562463,0.4896204679320949,0.32369448487945013,0.5211629857422421,0.48271042002062986,0.5193699208545015,0.5633867718083927,0.30646563774305186,0.2845208371492196,-0.06962683042040624,-0.043471219380525,-0.027372195926079455,-0.06758697810725613
