,#10,#11,#12,#13,#17,#18,#26,#49,#50,#51,#52,#53,#54,#58,#101,#102,#201,#202,#301,#302,#401,#402,#501,#502,#601,#602,#701,#702,#801,#802,#901,#902,#1001,#1002,#1101,#1102,#1201,#1202,#1301,#1302,#1401,#1402,#1501,#1502,#1601,#1602,#1701,#1702,#1801,#1802,#1901,#1902,#2001,#2002,#2101,#2102,#2201,#2202,#2301,#2302,#2401,#2402,#2501,#2502,#2601,#2602,#2701,#2702,#2801,#2802,#2901,#2902,#3001,#3002,#3101,#3102,#3201,#3202,#3301,#3302,#3401,#3402,#3455,#3501,#3502,#3601,#3602,#3701,#3702,#3801,#3802,#3901,#3902,#4001,#4002,#4101,#4102,#4201,#4202,#4301,#4302,#4401,#4402,#4501,#4502,#4601,#4602,#4701,#4702,#4801,#4802
#10,1.0,0.31079212979476156,0.4033913990726191,0.6049396045617114,0.21178409956330194,-0.14542141844928808,0.23726875729035118,0.5756875825436457,0.10576576402880472,0.4178940163689472,0.3068550991487762,0.18414005186391988,0.16291633327870592,-0.039993059103660356,-0.32901969479336374,-0.15377748643151168,0.35873058718055006,0.09733257497614067,-0.3697511881464915,-0.048958383542363565,-0.2013110581974878,0.21429439040613885,0.05211263532337829,0.21628025796998063,0.1982994803967879,0.18605265441084323,-0.04741210608003239,-0.08387880423780282,-0.14323118004877908,-0.32954411807235884,-0.018591962056433344,-0.16907445075337646,0.3051237311173879,0.10545342369352087,-0.043702582591846374,-0.14042782913826843,0.10344827586206896,-0.046278426344557665,0.15716310142384776,0.0848698099929627,-0.21741393770545536,-0.21134836551531336,-0.03853932692585773,-0.12318741384130412,0.2205064926301177,-0.030248811853508528,0.19780590554596897,-0.014022538632836224,-0.019579111758071203,0.14876847290640394,-0.12188406775086039,0.1434201266713582,-0.008724321093576778,0.22965305158435598,-0.018931294766371357,0.10286601178024352,-0.2056761107844177,0.0362758235084303,0.0778093759941388,0.1954652810581011,0.15457954556409242,0.07923225974376524,0.18125957988296879,-0.040660156362970316,0.029053435261681432,-0.29944762033297023,-0.003985231315010653,0.17714902682849237,-0.1499754176587971,-0.303118583285936,-0.26961333423307915,-0.20987149701637858,0.036823383108557546,-0.17812075231604216,0.20921211186411268,0.040239846529069825,-0.05880288818408799,0.08280296530515843,0.02764597572614308,-0.006268015000048201,-0.286267629394696,-0.17864517559503726,,0.1405705031185833,0.04920902702129506,0.05458436563099496,0.20371337954170804,-0.3299605718527373,-0.17706033759748585,-0.12672727097452113,-0.10739301861509838,0.2733652743100074,0.16179036565027521,0.03861644799629819,0.308675156411171,0.1312735580769861,0.19347170138721526,0.30297205325209914,0.5468134537707383,0.07754330830111922,0.16890092834488543,0.06573992847020717,0.25044103612158136,0.2556197160016581,0.5061976420232713,0.3719568507610886,0.33109425158821204,0.16249987949832745,0.12464885812615079,0.26442694224595836,0.02588375926657862
#11,0.31079212979476156,1.0,0.3588269885186006,0.1910038271331206,0.055567659279110795,-0.047832415913932884,0.2589860507263841,0.20469667318982387,-0.08452662122950266,0.28139357774285906,0.22754764636133148,-0.09715905256764965,-0.053963541013949276,-0.3444593330955434,-0.16084563253737963,-0.08118342282590882,0.14571833457048383,0.13687254779096333,-0.07876953332112249,0.23392555888675734,-0.06826949958065417,0.1478661563822506,0.3536521646920459,0.31375743495319713,0.08900349936857123,0.29820597109887886,0.10468606904263832,-0.10486344750465136,-0.19255396064897382,-0.10278117860275901,0.10328246556062198,-0.1279882004762226,0.14241369670211024,0.09935314702168066,-0.11995218493632692,-0.13171314817849672,0.009349001764144486,-0.004104768974193362,-0.09928759411180627,-0.009426122834584945,-0.31227285434721835,-0.23249496303008685,-0.03714729160440747,-0.0007808508382096343,0.0828646621615108,0.0696885272767586,-0.016405579709446366,-0.1979447234727618,0.23591142645059912,0.11599587402273144,-0.10598555907956002,0.15461425004579063,0.2440631235961555,0.05171160575708791,0.02374750561537794,-0.023689664812547598,0.10880819025768078,-0.10394185071288789,-0.020504564603356694,0.030044441016841315,-0.13409618925510686,-0.16224152391235191,0.026091986156767857,0.08711788919630205,-0.04349435570165714,-0.1738521010671628,-0.0518619918444468,0.08646236009755816,0.01097240029691612,-0.09799196012840658,0.10040199357967089,0.0738839135087195,-0.08752663086963647,-0.2897265094039505,0.01706496486171228,-0.04413060453279091,0.003121475326077526,-0.06946102011895926,0.014469840841390878,-0.009684478420560477,-0.10823363828289936,-0.08575284624950594,,0.23041655018171653,0.054137063422440304,0.02702900716261942,0.045445518783800716,-0.16253844003354767,-0.18912978512141748,-0.02571409291160961,-0.034031600358612975,0.08849835635718624,0.14505894941821793,-0.15773765339862916,0.1195627235306026,0.26253747602016714,0.2917933540917548,0.12201131751708713,0.26958248580490296,0.07947519111565268,0.14225945456122932,0.09523488186016021,-0.05028486595393944,-0.14008078432128637,0.16480965555801916,0.08562174042975716,0.07098030520663627,-0.09068473870417322,-0.24683948213201198,0.06583247375473572,-0.09153307047901825
#12,0.4033913990726191,0.3588269885186006,1.0,0.4927824318201537,0.25781381045568913,0.23116076851146694,0.1378944019742994,0.002481370441421727,-0.18647296424474372,0.16147416926146935,0.029199965295518302,0.025247510435444844,0.002893968168278176,-0.1900745182343131,-0.3391919639844601,-0.18871333134103901,0.4036150501768965,0.5240704500978474,-0.4122217616380515,0.023165241533552487,-0.005269297137844273,-0.2938216382443388,0.057896715606412616,0.009244888319049868,-0.013100941841072754,-0.006568787174765986,0.002724301813309169,-0.06249698745818592,-0.0767643854896706,0.060283612736544784,0.05732216363163121,-0.06071934678453337,0.189550094955318,0.3422228220527701,0.13981857268178882,-0.04300463690436023,0.19520306941860352,-0.22220315617980776,-0.14791242902451485,-0.2083753482498337,-0.210781525647576,-0.17780069987371425,-0.2365823797634311,-0.3346765253101713,-0.12976198509635314,-0.20384062930793478,0.11668996365669555,0.09444824694166755,0.3267908958576345,0.24273664118457963,-0.09479914781217164,0.2728022904957921,0.09988142635419779,0.06537745943913702,-0.03572440785478102,-0.17977499927698998,0.023990436987265384,0.051349136726017756,0.024472443677518243,-0.0047564420194152295,0.016413291816490413,-0.12737123191269895,0.016347738906616022,0.1684112095475885,0.10988017313680314,0.022097114707952146,0.039229560506299825,0.0730240135733084,-0.02914212449268796,-0.08357803206308503,0.09198808479461695,0.07289290775355962,-0.12332237571457492,-0.49313333269065773,-0.04059460345309593,0.11004598343825012,0.12672727097452113,0.13638282899366644,0.09007933830121562,-0.16775953650236666,-0.054225752653446826,-0.029681971985771164,,0.4305457279747043,0.13725044103612158,0.11520923910423876,0.2580605978810986,-0.09103949562819932,-0.1565615570744122,0.03282079955269779,-0.21508873743167556,0.2010989752537765,0.04976815478198837,0.20526351305756124,0.17967474188541738,0.31601708231710257,0.35944781313564633,0.1943932981789787,0.5396951789690841,0.0986359210665844,0.3912795349599452,0.2805915186102783,0.27226244300270885,-0.04863833110003567,0.6094704674500883,0.16174794906153298,0.32256466119749744,0.09395852814437064,-0.296713678385856,0.16804874051651836,0.1358198451794511
#13,0.6049396045617114,0.1910038271331206,0.4927824318201537,1.0,0.08727598739070498,-0.017913296636557316,0.16752431723752326,0.2560246016214705,-0.023381180530785767,0.4595972352096247,0.20393703064598537,0.04614346447128686,0.11831336218946718,-0.20934321768386147,0.04113445094617913,0.014589378500573588,0.3832049588848293,0.167142567938843,-0.22187924768395786,-0.02501229117060145,-0.1797133024206376,0.10152410515457955,0.0421061764337289,0.09809221751997918,0.1137670750870022,0.009109926445779067,0.13215273828000731,0.05847512363471605,0.1693867910886603,-0.04581955597543694,0.023408172905439926,0.006730741422690947,0.23984074498954044,0.3664079897428976,0.22890883325460556,0.2656917278011819,0.2630850356202944,0.1790192127866735,0.10476319011307877,0.1411797595750629,-0.08143021025131829,0.14398696653909557,-0.200169666354969,-0.03285164798087398,0.0937310209865713,-0.16750503696991315,0.3311983650333067,0.07906259338879623,-0.15356154743427838,-0.1412607366990254,-0.0835896002236511,-0.10874263734780638,-0.08220142095572286,0.2439975706862811,-0.08178882322886642,0.21965430480175066,-0.42024235296385914,-0.010640779694022153,0.04942882207205036,0.08594179287208506,0.2121966972901584,0.03252002737798001,0.29505557537138616,-0.034698697617922936,0.23065948155360397,-0.05143011384998024,0.09958836628652405,-0.013332305052394126,0.09778758929173936,0.02309197651663405,-0.1130421370248619,0.07406514802425458,-0.042796410014171,-0.2657611367645783,-0.046748864874244456,-0.269586341858425,-0.16199859254046445,-0.0784340566647065,0.20561441392806531,0.22988441479567737,-0.2803408751313468,-0.2471132619320756,,0.22162089209798233,-0.07729652087570975,0.12825426816924218,0.14599597042406948,-0.23245640249486663,-0.15217336816635016,-0.08154589185697897,-0.13004733305698282,0.16756287777274348,0.04492109550480561,0.3442973788476184,0.365282022114467,0.08002660676930196,0.2575554548697136,0.17432639565037164,0.49793411932557624,0.11367067374895164,0.2596107313969518,-0.008828434538671397,0.24607598353465146,-0.040151157298063296,0.4014170996693434,0.18012590014749405,0.23343198403593843,0.16828395978136176,-0.018769340518446396,0.3497344143136707,0.22041394734558917
#17,0.21178409956330194,0.055567659279110795,0.25781381045568913,0.08727598739070498,1.0,0.3363423404316852,0.14225174245418526,0.20882265045838835,0.06521164913769004,0.04306247770719058,-0.1351835963483173,0.3141237600377893,0.3794298824867689,0.20483163506309468,-0.4104826814996192,-0.20239075318365418,0.10950613594516692,0.14827104200206298,-0.39593379156102687,-0.2839964138702245,-0.2324486903878226,-0.1885089605043718,0.12009871497016379,0.19494856988615003,0.1403391399072619,0.23190884289473937,-0.3643951298044017,-0.18522360290360831,-0.06563581502511255,-0.07256514320418768,0.1741027445460943,0.1300897496457251,-0.1854588221684517,0.1314432244319551,0.1858290033065659,-0.13055247606836784,0.11407941542228606,-0.025980160604629193,-0.08740323715693174,0.07366026240444218,-0.1857094656473832,-0.23802454378066767,0.011562376485785623,-0.14957438809250673,0.3405030221819479,0.2786287873675687,-0.2061349811535384,-0.2674963608494886,0.22357976728716994,0.159056423703161,-0.38272680824809846,-0.03613314952811545,-0.06460624873473243,-0.11245216083599241,0.004494230379917673,-0.4104634012320091,0.04054833081083165,0.13158589841226997,0.21791908071684035,0.447682029826574,-0.25593205633694194,-0.1788225540570503,-0.06358439455139638,-0.16152429795725565,-0.25163255665988643,-0.15459496977818052,-0.007648482160932394,0.2615618944790954,-0.44711904601235863,-0.2338137333346187,-0.3314374403516721,-0.2231671695603135,-0.21946921423269355,-0.14066304840311183,-0.2882727772261479,-0.03537736303779897,-0.14038155649600417,0.022910742001098976,0.0012590014749404722,-0.1092824848408896,0.20390618221780918,0.21493835134431666,,0.3557961304502906,0.5662479635217337,-0.03748276826082346,0.07548803177388103,-0.03415499407131771,0.03628739166899637,0.3465878746397,0.10411922917490095,0.4703479124290245,0.5127490769571882,-0.03744035167208121,0.13466302912284422,0.05210492321633424,0.03673854993107304,0.030368349512691236,0.1010613787319368,-0.3355171449779723,-0.08269113975301977,0.26893852486672515,0.339685538835279,0.11864883884588318,0.023034135713803708,-0.09747524895645551,0.07649446174312899,-0.17707190575805193,0.09132098753530699,-0.1085421225646612,-0.006811718546653428
#18,-0.14542141844928808,-0.047832415913932884,0.23116076851146694,-0.017913296636557316,0.3363423404316852,1.0,0.1284277905777332,0.046532925877011175,0.20150771692711095,-0.09055748893794646,0.09692383330280624,0.005226880549102021,0.24469166032024525,0.21252446183953033,-0.10893544002390754,0.18689713013216624,0.17748450348490838,0.5652029730172655,-0.14889957872615273,-0.0782142616139512,0.08213586804584848,-0.20271851773302613,-0.1711374393876587,0.06284788832869,0.09136340412404924,0.09607935758148323,-0.2867843405666471,-0.017338744661775905,0.23598083541399556,0.40869347266540057,0.4698273452035514,0.5486682155148314,-0.03874755381604697,0.2055103004829707,0.22520316581994157,0.02942747245331765,0.24629192253188475,0.06892117262587605,-0.19775192079666065,-0.0024505220132455437,0.27628430682617877,0.22730471498944405,0.07509857036815672,-0.10388786596357957,-0.23579188879141644,-0.160402186382347,-0.052336286427655615,-0.025143396990350227,0.09170273683398726,-0.08941995314894971,-0.06459853662768839,0.13825687100536954,0.07159727377015992,-0.06078489969440776,0.05222446087551695,-0.33321893707884664,-0.04925529966355933,-0.16396903589021816,0.027842634455766246,-0.052617778334763284,-0.3014951847531644,-0.19181745442626744,-0.2453587575795552,0.19455139637338167,-0.07129264554192012,0.05334271639690359,0.07702659712916815,-0.12976969720339718,0.0050687823546990834,0.14632373497344142,0.13220672302931566,0.2756981866908313,-0.09532742714468877,-0.14925433565017882,-0.28690002217230776,-0.025798926089094117,-0.04093008010951192,-0.018032834295740024,0.16320553729285764,0.12258972554539058,0.37291700808807227,0.3372099524741403,,0.2534680381363693,0.4440920439975707,-0.3719568507610886,-0.07280421852255309,0.33769967127143724,0.3822178091831915,0.36993627871554857,0.2695747736978589,0.023007143339149546,0.019837467344046737,-0.1631168480618511,-0.24374692720734964,0.012537958026857412,0.06316022866397386,-0.088964938833351,0.16892792071953958,-0.10386087358892541,-0.11391360512083908,0.5999421591971696,0.39183480666711656,-0.09707036333664311,-0.08537109695082568,-0.008149769118795369,0.08574127808893987,-0.10657939132195154,-0.0722489468153818,-0.15235460268188522,-0.27018788620786055
#26,0.23726875729035118,0.2589860507263841,0.1378944019742994,0.16752431723752326,0.14225174245418526,0.1284277905777332,1.0,0.17117214386935692,0.27929974068040064,0.30636152429795727,0.1662826680034319,0.16590477475827364,0.2404731377671522,0.32297725892435386,-0.18380071915398186,-0.3667318982387476,0.015672929540262018,0.15860912149460635,-0.10774777553912449,-0.29326636653716753,-0.18870176318047294,-0.20581878476473253,0.13829157548706775,-0.2595258982194673,0.22988441479567737,-0.15158339197748064,0.05909594825176173,0.12153702293387832,0.22229955751785835,0.15331861606239094,-0.063353031340075,0.10954469648038714,-0.019702505470775934,-0.0011741682974559687,0.1254933338474738,0.05463063827325923,0.12823113184811005,-0.03563186257025248,0.051750166292308136,0.05522832656917278,-0.014531537697743244,0.1362594352809617,-0.010964688189872075,0.04476299731040267,-0.14644712868614618,-0.23106436717341636,0.17168499898778594,0.2080013110581975,-0.014585522447051564,-0.04499050446820202,-0.03804189602151678,0.09993926715702814,-0.07528751699073583,-0.11492003509008705,-0.015842595895231026,0.00676158985086713,-0.1685770198490355,-0.39230910125032536,0.12499975899665487,-0.048792573240916584,0.061899299162272374,0.25147060241196145,0.07061783617556612,0.4091099264457791,0.11303828097133989,-0.04295450820857394,0.40299422555985076,0.5092709166803235,-0.20576865606894623,-0.07439291257362653,-0.1579111758071202,-0.19513751650872915,-0.41241070826063064,-0.19728148226697387,-0.18674288799128533,-0.1263339535152748,-0.14302295315858984,-0.042441653090144894,0.5028814359943315,0.1886246421100325,0.13724658498259956,0.008377276276594719,,0.22320573009553374,0.18536242083040114,-0.040590747399573905,0.14843299624998796,-0.1663675011809164,0.013717910404596415,-0.01878862078605651,0.129738848775221,0.10966809019309189,0.05485814543105858,0.12056144139280653,0.09826188387494818,-0.010960832136350053,-0.047273288153239564,-0.0202693453385133,0.20308098676409628,0.2011452478960408,0.14442270058708415,0.0737142471537505,0.29805558501151996,-0.12642264274628132,0.18812335515216952,0.11461155080832522,-0.04583498018952503,-0.006819430653697473,0.058872297147484404,0.07549188782740304,-0.06255482826101626
#49,0.5756875825436457,0.20469667318982387,0.002481370441421727,0.2560246016214705,0.20882265045838835,0.046532925877011175,0.17117214386935692,1.0,0.3637203204380477,0.46228876056799667,0.500078085083821,-0.08375541052509809,0.17500506107024766,0.11486990639430075,-0.08539423327195782,-0.08841737923322376,0.15403198596396517,-0.09873232240463498,-0.04399949871304214,-0.13712704732341685,-0.03748276826082346,0.30094762515303713,0.08081709774131665,0.37214194133014566,0.37247356193303965,0.25373410582938893,-0.2774912515785719,-0.2117224027069496,0.08589937628334281,-0.2862136446453877,0.3159900899424484,0.05684786904842239,0.16016696711750358,0.12536994013476907,0.18853209682550393,-0.08256388998679301,0.33385904196350247,0.2063509201507717,0.21090491936028072,0.2878408992316813,-0.21330724070450097,-0.03219226282860806,0.04003933174592463,0.13815661361379697,0.22526871872981596,0.15993945995970424,-0.13125813386289803,-0.24000655529098744,-0.30366228683254126,-0.05734144389924132,-0.33505056250180754,0.08297263166012744,-0.03843521348076311,0.4173773051969961,0.3038319531875102,0.29877281096661623,-0.04907406514802425,0.04889283063248918,-0.12950748556389963,0.08463844678164133,-0.11689433449336277,0.054619070112693166,-0.2413291816490413,-0.22727386656126786,-0.2299075511168095,-0.2635901786316794,-0.12272083136513935,-0.05542884135231797,-0.0938158541640558,-0.2844591402928673,-0.17127625731445154,-0.18976989000607328,-0.03025266790703055,0.013112510001638824,0.11232105501624362,-0.06198413233975687,-0.03153287767634215,0.1710333259425641,0.0678684700143638,0.015464702650072782,-0.3065080543317941,-0.3291469445595905,,-0.157540994669006,0.06952271697531162,-0.17185852139627697,0.051241167227401116,-0.4365496033084939,-0.1811631785449182,-0.3006275727107092,-0.08614616370875228,-0.042696152622598404,-0.060595953071828634,-0.23342041587537235,0.0399660667290062,0.10706525406572644,0.030109993926715702,0.04608947972197854,0.1734973441431367,-0.20241388950478634,-0.13338667540705465,0.22448979591836735,0.21354245996934437,0.20457327947711915,0.047951953573115595,0.1931902094801076,0.16988807804652328,0.0375406090636538,0.08004203098339005,-0.08935825629259735,-0.15088930234351652
#50,0.10576576402880472,-0.08452662122950266,-0.18647296424474372,-0.023381180530785767,0.06521164913769004,0.20150771692711095,0.27929974068040064,0.3637203204380477,1.0,0.16108470785574502,0.30491550422719865,0.04792881725198346,0.14415663289406458,0.3002149749838528,-0.011250036150501769,-0.02461126160431107,-0.05898026664610105,-0.02748787753174014,0.13807178043631246,-0.1412992972342456,0.07832994321961188,0.030244955799986505,-0.1675821580403536,-0.10888531132812124,0.04140823074624276,-0.1994794327745269,-0.1939190035957699,-0.03968843087542055,0.1427453173050042,-0.11838277115286361,0.033414631795089314,0.006321999749356521,0.0849700673845353,-0.22105405223024496,0.10956783280151929,-0.1159380332199011,0.1629818861885803,-0.026689674452681403,0.26321228538652114,0.02359711952801905,0.16955645744362932,0.07855359432388921,0.21240878023386964,0.13708848678819663,-0.059207773803900396,-0.009842576614963416,-0.05830931333326907,0.1092516364127134,-0.17486624314345484,0.02075135202876616,-0.0730085893592203,0.09363847570204274,-0.07758958094338349,-0.037008473677614645,0.19796785979389395,0.11697531161732524,-0.05761907975282697,-0.18083541399554626,0.16340990812952483,-0.04731184868845979,-0.3037008473677615,-0.022621537986947257,-0.0814494905189284,0.002743582080919283,-0.01850712887894884,-0.1769485120453472,0.19271205884337675,0.08378240289975225,-0.02381305852525233,-0.05577588616930003,-0.06926436138933609,-0.07440833678771461,-0.039838816962779446,0.028266800343188764,-0.02676679552312186,0.08721814658787463,-0.11717582640047045,-0.23286900022172308,0.19496785015376014,-0.058617797615030894,0.024942882207205037,-0.05912679667993792,,-0.19044084331890526,-0.013166494750947144,-0.22053348500477188,-0.10425804710169377,-0.11286475856284885,-0.06077718758736371,-0.11778122680342804,0.08191607299509317,-0.06675407054649919,-0.23798598324544745,-0.04170514686743852,-0.06351884164152198,-0.04482469416675503,-0.3000684449500159,-0.003325846162744739,0.02669738655972545,-0.009140774873955251,0.11357041635737904,0.15449856844012994,0.11589176057763682,0.23288442443581117,0.0825446097191829,0.1145074373632306,0.05437999479432774,-0.19185215890796564,0.23071346630291228,-0.21953476714256795,-0.17860275900629502
#51,0.4178940163689472,0.28139357774285906,0.16147416926146935,0.4595972352096247,0.04306247770719058,-0.09055748893794646,0.30636152429795727,0.46228876056799667,0.16108470785574502,1.0,0.42161125196417726,-0.02015366373285261,0.33773051969961343,0.21309515776078972,-0.013274464249563784,-0.15500756750503697,0.4580663819613816,-0.036549603308493925,-0.17046648607482673,-0.2514436100373073,-0.07503301745828232,0.07254971899009958,0.05891085768270463,-0.014824597765416983,0.03527710564622637,-0.17642023271283006,0.2389692768935633,-0.057349156006285366,0.07947519111565268,-0.2845979582196601,0.08889167381643258,-0.16326723414921,0.4458966770458774,-0.08850606846423029,-0.015483982917682897,0.008681904504834527,-0.02672437893437961,-0.11489689876895491,0.00949938785150338,-0.026038001407459536,-0.2980517289579979,-0.1308532482430856,-0.39025768077660916,-0.025490441807332287,0.09314490085122382,-0.21648462880664784,0.30695150048682673,0.01653282947567312,-0.15167979331553122,-0.14868749578244145,0.0013746830806011588,0.007413262896088998,0.06393529542190046,0.11119123133429092,0.12351517839067606,0.19257709697010594,-0.11213982050070855,0.03924884077390994,0.08658575381026289,-0.09728630233387639,0.10364493459169213,0.08578369467768213,-0.13590082230341358,-0.010991680564526235,0.011041809260312533,0.02679378789777602,0.1103968843087542,-0.018113811419702506,0.1611656849797075,0.0274300367289098,0.06693530506203427,0.13891625615763548,0.014369583449818283,0.09775674086356319,-0.010829726316601274,-0.1710371819960861,-0.10769764684333819,0.15555512710516423,0.23102966269171815,0.020678087011847725,-0.28137044142172696,-0.3866175662518196,,-0.18322616717920046,0.0433362575072542,0.09726702206626628,0.2755786490316486,-0.3494413542459969,-0.408088072262443,-0.3186430547656001,-0.2862830536087841,0.0911860256620362,-0.06541987602787927,0.14600753858463555,0.26587681837023897,0.36703652646698737,-0.2389075800372109,0.3252986031446116,0.26631255241822754,0.2668061272690465,0.25109656522032525,-0.07088775992210772,0.17407960822496216,0.08362816075887133,0.29893090916101916,0.3573038473774016,0.013633077227111913,0.05832088149383514,-0.012271890333837833,0.25039090742579506,0.11630821435801529
#52,0.3068550991487762,0.22754764636133148,0.029199965295518302,0.20393703064598537,-0.1351835963483173,0.09692383330280624,0.1662826680034319,0.500078085083821,0.30491550422719865,0.42161125196417726,1.0,-0.5902981693385905,-0.06732091041423655,-0.0409262240559899,0.23840243702582592,0.06232732110321691,0.12281337664966789,-0.008674192397790482,0.3150453568295528,0.10531460576672805,0.2844282918646911,0.28270463594034684,0.19714652039370306,0.2946776821262279,0.3341713822987863,0.10765137420107392,0.04575400306556255,-0.02206241022625394,0.22450907618597746,-0.11252542585291084,0.4805009013525108,0.00831172336672033,0.2234023888251569,0.02975909305621162,0.10423105472703961,0.1554510136600696,0.2686724571737056,0.2079704626300213,0.1641464143522312,0.25602845767499255,-0.19987275023377324,0.005234592656146067,0.1119123133429092,0.2513240723781246,0.011392710130816617,0.00213818167796169,-0.176917663617171,-0.06814224981442743,-0.2568497970751834,-0.0353503706631448,-0.17382125263898662,0.2117416829745597,0.2701917422613826,0.41240685220710865,0.4743389278243182,0.36135655962904767,-0.021079116578138105,-0.08117185466534275,-0.27815449278435983,-0.07631708328111594,-0.23630474390984546,-0.20451543867428879,-0.3262356241504632,0.0006073284297186045,-0.023535422671666684,0.015271899973971638,-0.10299711759999229,-0.17013872152545478,0.16313227227593918,-0.10604339988239037,0.0891500294024081,0.016201208872779153,0.14193169001185738,-0.0767643854896706,0.15708212429988527,-0.15906413581020504,0.08018084891018287,0.10752412443484716,0.17417215350949072,-0.03543905989415133,-0.1590024389538527,-0.3781689529850674,,-0.34115469522716974,-0.1896542084004126,-0.33067394175431153,-0.14816307250344635,-0.34485650660831174,-0.21731753636740478,-0.31028313072985453,-0.04470515650757233,-0.341027445460943,-0.29040517482382655,-0.04399949871304214,0.07206000019280268,0.10892772791686349,0.12428638909508063,-0.1097722036381865,0.06973094386550086,-0.00851223814986552,0.019741066005996163,0.2026645329837178,0.07128493343487607,-0.015079097297870495,0.14852939758803851,0.18585213962769803,0.17855263031050872,-0.15097799157452305,-0.09185312292134615,0.146925279322877,0.07709600609256456
#53,0.18414005186391988,-0.09715905256764965,0.025247510435444844,0.04614346447128686,0.3141237600377893,0.005226880549102021,0.16590477475827364,-0.08375541052509809,0.04792881725198346,-0.02015366373285261,-0.5902981693385905,1.0,0.4614481409001957,0.3468577983862416,-0.2776956224152391,-0.07293146828877985,0.11968226118978531,0.00839270049068281,-0.4586486460432071,-0.2497893630763595,-0.27048865838257835,-0.12117069784928615,-0.1546103939922686,-0.25607087426373476,-0.171526900793383,-0.09559349483770835,-0.19969151571823818,-0.06789546238901796,-0.13296250951963212,-0.10610509673874273,-0.5104123085228423,-0.11672852419191579,-0.07193275042657592,-0.04134653388989039,-0.07203686387167053,-0.20595760269152535,-0.1495011230755883,-0.22179441450647336,-0.04499050446820202,-0.10003952454860074,0.1440255270743158,-0.0448863910231074,0.04232597148448421,-0.26793980700452125,0.18706679648713523,-0.058725767113647534,0.31877801663887095,-0.004239730847464163,-0.00595953071828637,-0.19491772145797384,-0.039545756895105706,-0.33164952329538333,-0.5217066892888473,-0.4831847146038387,-0.43820770632296374,-0.2998679301668707,-0.2755709369246045,-0.22401935738868056,0.4747977981934389,0.11520538305071674,0.3138615483982918,0.34812643999498716,0.42934649532935515,0.0634031600358613,-0.039329817897872425,-0.22998081613372795,0.27108249062496986,0.2972689500930273,-0.22452450040006555,0.010906847387041733,-0.3467652531017131,-0.14560265296482316,-0.27757608475605644,0.12220026413966625,-0.2066555483790115,0.0063065755352684294,-0.19549612948627726,-0.21546277462331176,-0.020705079386501884,0.12055372928576248,-0.029535441951934294,0.3051005947962558,,0.41591200485862745,0.3216739128339101,0.3870918608350284,0.35637453847859407,0.10263850462244416,0.12596762843068263,0.2476338291575487,0.06738646332411094,0.6095051719317864,0.3186006381768579,0.1133621894671898,0.12353060260476416,-0.09056134499146848,-0.154340470245727,0.24884848601698592,0.14941243384458175,-0.011307876953332113,-0.06371164431762313,-0.13801779568700415,0.0027667184020514204,0.13841882525329452,0.10711923881503475,0.03594805895905835,-0.16265797769273038,0.19295113416174217,0.39121398205007085,0.03693135260717419,-0.269929530621885
#54,0.16291633327870592,-0.053963541013949276,0.002893968168278176,0.11831336218946718,0.3794298824867689,0.24469166032024525,0.2404731377671522,0.17500506107024766,0.14415663289406458,0.33773051969961343,-0.06732091041423655,0.4614481409001957,1.0,0.48589166417629875,-0.21427896619205075,-0.13312831982107912,-0.03947249187818727,-0.024730799263493777,-0.25378423452517523,-0.32845285492562637,-0.04556505644298343,-0.20097172548754977,0.1656425631187761,0.05990957554490856,0.15218879238043825,-0.004143329509413591,-0.06084659655076013,0.06610625355479934,-0.09793411932557623,-0.26706833890854403,-0.039865809337433604,-0.03130922657206482,0.06482218773196571,0.042538054428195464,0.06452527161076996,-0.14390213336161106,0.14336614192204988,-0.10750098811371502,-0.04673344066015636,0.17662460354949727,-0.24944617431289948,-0.05139155331476001,-0.04067558057705841,-0.1315781863052259,0.1321797306546615,-0.03151359740873203,0.05589156777496072,-0.030322076870426963,-0.12320283805539221,-0.16810658131934872,-0.2131105819748778,-0.018329750416935787,-0.1910192513472087,-0.15171449779722943,-0.1133776136812779,-0.21188435695487454,-0.15104354448439744,-0.05940828858704559,0.13931342967040383,0.30936153393809107,-0.011666489930880241,0.07355229290582553,-0.08556389962692681,-0.048900542739533225,-0.17149990841872886,-0.08370142577578976,0.11260640297687331,0.2607251308648164,-0.22305148795465282,-0.0764096285656445,-0.14376331543481824,-0.08070527218917799,-0.1616708279910925,0.1794780831557942,-0.28875478391640075,-0.0581974877811304,-0.1350949071173108,0.10137757512074268,0.16895876914771576,0.1571862377449799,0.06494943749819247,-0.03854703903290178,,0.12737123191269895,0.3221674876847291,0.17434953197150377,0.2301119219534767,-0.10470534931024843,-0.088625606123413,0.09303307529908515,0.11393288538844919,0.3965237677498964,0.33311482363375206,0.08353947152786481,0.21233937127047323,0.10424647894112771,-0.1559407324573665,-0.08097519593571958,0.13526071741875778,-0.16490991294959173,-0.16211813019964716,0.0006111844832406274,0.12345733758784572,-0.21366199762852708,0.0073631342003027,-0.11901901998399737,-0.07615127297966896,0.004471094058785536,0.24594102166138065,0.15408982676679553,0.08060115874408337
#58,-0.039993059103660356,-0.3444593330955434,-0.1900745182343131,-0.20934321768386147,0.20483163506309468,0.21252446183953033,0.32297725892435386,0.11486990639430075,0.3002149749838528,0.21309515776078972,-0.0409262240559899,0.3468577983862416,0.48589166417629875,1.0,-0.0752990851513019,-0.09218474352424012,0.012079087657736689,0.057777177947229905,-0.09317960533292202,-0.27089354400239074,-0.014539249804787291,-0.21759902827451244,-0.16542276806802078,-0.2903589021815623,0.0730085893592203,-0.316595490345406,-0.040953216430644056,0.15512710516421968,0.16840349744054448,-0.10740844282918646,-0.045221867679523395,0.03725526110302411,0.08255617787974898,-0.3661072175681798,-0.014905574889379464,-0.3251674973248629,-0.07354458079878148,-0.3390570021111893,0.07102272179537852,-0.004852843357465802,0.1257786818081035,-0.10086857605583566,-0.04252648626762939,-0.24057725121224682,-0.13408076504101876,-0.17131867390319377,0.15590988402919032,0.15712068483510552,-0.21028409474323503,-0.211120858357514,0.03830796371453636,0.00725516470168606,-0.1928046041279053,-0.2003046282282398,-0.05982088631390204,-0.21566714545997898,-0.09894440534834624,-0.2601004501942487,0.2672727097452113,-0.005801432523883432,-0.09093152612958268,0.09895982956243432,-0.1448005938322424,0.18381999942159197,-0.007143339149547396,0.21217356096902626,0.3193448565066083,0.3060453279091514,0.020145951625808567,0.14898441190363723,-0.08046234081729055,-0.03142490817772551,-0.037498192474911554,0.2642225714092912,-0.25579709446367116,-0.043359393828386335,-0.18580201093191173,-0.015437710275418622,0.3649002728157867,-0.029793797537909825,0.11583391977480648,0.06748286466216151,,-0.09973875237388295,0.35323185485814546,0.021507138519082643,0.27916477880712987,0.021225646611974975,0.11372851455178198,0.04323985616920363,0.14583787222966654,0.21923785102137217,0.1413455698765099,0.1133776136812779,0.07478237397935084,0.10913209875353069,-0.24831249457742474,0.04792881725198346,0.07248031002670317,0.00346080803601554,0.011331013274464249,0.06135945166918917,0.14886873029797654,0.1981336700953409,0.04378741576933088,0.19542672052288085,-0.011893997088679591,-0.09048422392102802,0.20395245486007346,-0.023512286350534546,-0.22969932422662026
#101,-0.32901969479336374,-0.16084563253737963,-0.3391919639844601,0.04113445094617913,-0.4104826814996192,-0.10893544002390754,-0.18380071915398186,-0.08539423327195782,-0.011250036150501769,-0.013274464249563784,0.23840243702582592,-0.2776956224152391,-0.21427896619205075,-0.0752990851513019,1.0,0.2838036111941234,-0.022891461733488862,-0.29096044653099784,0.6845748218985279,0.08044306054968042,0.5846760433034811,0.14007692826776436,-0.011855436553459362,-0.08512816557893824,0.29831779665101754,-0.22132011992326453,0.02411768675349214,-0.17492793999980719,0.45257536174602103,0.08876828010372784,-0.04417687717505519,-0.044585618848389616,0.1291141681046533,-0.07806773158011433,0.20599230717322356,0.42312282494481024,0.19352568613652357,0.280873010517386,0.3260813820095823,0.13560776223573984,0.18283284971995412,0.3516894334493363,0.06892502867939806,0.3217548899578726,-0.062489275351141876,-0.06730934225367048,-0.09975032053444902,-0.16932123817878592,-0.5594381730018413,-0.6096902625008435,-0.08906134017140158,-0.3931921375068686,-0.05832088149383514,0.16873897409696045,0.2563793585454966,0.5191077092150039,-0.16458214840021979,-0.2610683196282764,-0.3942409840648588,-0.45362420830401123,-0.06032217327176501,0.06363066719366064,0.191408712752933,-0.07106128233059875,-0.042487925732409164,0.06006381768578948,0.02574879739330782,-0.21725198345753038,0.43300974617527693,0.29321623784138123,0.08599192156787136,0.176242854250817,0.12592135578841834,0.31151706785690186,0.1694176395168365,-0.2041144091079984,0.1082567746040315,-0.11895732312764501,0.22551936220874746,0.21792679282388439,-0.25665699439908224,-0.28134344904707276,,-0.2988075154483144,-0.2782084775336682,-0.17605005157471584,-0.12638022615753908,-0.1099418699931555,-0.002303991979408674,-0.2776262134518427,-0.07563841786123991,-0.4477977114322347,-0.4060482199492929,-0.06314866050340778,-0.23208622135675244,-0.04190951770410573,-0.026728234987901632,-0.05317305004193458,-0.4227140832714758,-0.1105125659144149,-0.16669140967676632,-0.29381007008377275,-0.3178757001147176,-0.11392902933492717,-0.2054100430913981,-0.044643459651219956,-0.18210791165781381,0.022351614240405656,0.11360512083907724,-0.027615127297966897,-0.008631775809048229
#102,-0.15377748643151168,-0.08118342282590882,-0.18871333134103901,0.014589378500573588,-0.20239075318365418,0.18689713013216624,-0.3667318982387476,-0.08841737923322376,-0.02461126160431107,-0.15500756750503697,0.06232732110321691,-0.07293146828877985,-0.13312831982107912,-0.09218474352424012,0.2838036111941234,1.0,0.12782239017477562,0.132430374133593,-0.0791242902451486,0.47280036246903107,0.0825099052374847,0.5817068820915234,-0.07586592501903927,0.32941301225261005,-0.0703132079473263,0.35827942891847336,0.05263320254885138,0.1570165713900109,0.09231199329046687,0.2204023791850231,0.0826448671107555,0.05296096709822332,-0.07496746454840793,-0.09892898113425815,0.0020533485004771866,-0.04869231584934399,-0.13558848196812973,0.013012252610066227,-0.25397318114775436,-0.0355354612322019,0.43013313024784783,0.04504063316398832,0.016906866667309343,-0.2102416781544928,-0.02450329210569443,0.021626676178265355,0.03744420772560323,-0.18343053801586767,-0.1366990253824723,-0.24879064521415556,-0.016178072551647018,-0.2532598112461801,-0.1665680159640616,-0.13328641801548205,-0.10531846182025006,-0.09845468655104933,-0.04837611946053811,0.13475557440737276,0.1936799282774045,-0.0949109733643103,0.10491357620043766,0.0663183364985106,-0.07740063432080438,0.08438394724918782,0.012811737826921037,0.1550808325219554,-0.21077766959405397,-0.38666383889408384,0.4534815343236964,0.47887364676621713,0.23492813280248329,0.4869559349483771,-0.011543096218175508,0.14593427356771713,-0.1025112548562174,-0.15429419760346275,-0.1897891702736834,-0.10740458677566445,-0.10367192696634629,0.20532906596743564,-0.10848428176183085,0.15981992230052153,,-0.07092246440380592,-0.10002795638803466,-0.0019530911089045916,-0.022104826814996193,0.40681943065369747,0.1846876114640471,0.05931959935603906,-0.0013515467594690214,0.015657505326173927,-0.006942824366402206,-0.005072638408221106,-0.04825272574783338,0.05739157259502762,0.1666220007133699,-0.01301610866358825,-0.24636133149528117,-0.008265450724456055,-0.12898691833842654,0.03728225347767827,-0.12336093624979515,-0.1326540252378703,-0.31173300685413513,-0.0658478979688238,-0.1758225444169165,0.056828588780812275,0.0278850510445085,-0.06509596753202934,-0.20434191626579776
#201,0.35873058718055006,0.14571833457048383,0.4036150501768965,0.3832049588848293,0.10950613594516692,0.17748450348490838,0.015672929540262018,0.15403198596396517,-0.05898026664610105,0.4580663819613816,0.12281337664966789,0.11968226118978531,-0.03947249187818727,0.012079087657736689,-0.022891461733488862,0.12782239017477562,1.0,0.2838267475152555,-0.26197834825947386,-0.12553189438269402,0.003850269441739851,0.11020793768617508,-0.3325364156054486,-0.12890594121446405,0.10307038261691072,-0.0923659780397752,0.0029016802753222214,-0.34669970019183866,0.06418208284730992,-0.01733488860825388,0.0789044951943933,-0.08587238390868865,0.3364040372880376,-0.09005620198008349,-0.07016667791348943,-0.07133506213066237,-0.1412298882708492,-0.1704973345030029,-0.00026799571978059053,-0.28813010324583305,-0.01291970732553768,-0.13244194229415904,-0.3322472115912969,-0.28638716705387873,-0.10190971050678184,-0.3436726981770507,0.1757222870253439,-0.10994572604667753,0.012487829331071116,-0.1612620863177581,0.0418863813829736,0.0069042638311819764,-0.05866407025729517,0.006784726171999268,-0.021403025073988027,-0.036086876885851174,-0.12962702322308234,0.05415248763652839,0.17801663887094754,-0.28267378751217065,0.13040980208805297,0.055409561084707855,0.0007037297677691766,0.07991092516364127,-0.04913961805789864,-0.11357812846442308,-0.11017323320447688,-0.26481254759816064,0.20112211157490867,-0.027908187365640637,0.010525098088361466,0.12474140341067934,0.007980102763826363,0.13298564584076428,0.11945089797846394,0.009125350659867158,0.1380332199010922,0.10706525406572644,0.030746242757849478,-0.047766863004058496,-0.32150810253246315,-0.04686454647990514,,0.15966953621316263,0.128389230042513,-0.03187606643980218,0.22462475779163815,-0.012233329798617605,-0.16660657649928182,-0.065543269740584,-0.40975003133043486,0.1835038030327861,-0.12970414429352278,0.06385046224441596,-0.031613854800304625,0.39689009283448856,-0.11586862425650468,0.668576055835655,0.2661814465984788,0.10642900523459266,0.17432639565037164,0.2464500207262877,0.26502848659539396,0.3000530207359278,0.3304618588106003,0.5045318269017574,0.07634793170929212,0.14243297696972035,-0.07219110601255145,0.067733508141093,-0.1279496399410024
