,#10,#11,#12,#13,#17,#18,#26,#49,#50,#51,#52,#53,#54,#58,#101,#102,#201,#202,#301,#302,#401,#402,#501,#502,#601,#602,#701,#702,#801,#802,#901,#902,#1001,#1002,#1101,#1102,#1201,#1202,#1301,#1302,#1401,#1402,#1501,#1502,#1601,#1602,#1701,#1702,#1801,#1802,#1901,#1902,#2001,#2002,#2101,#2102,#2201,#2202,#2301,#2302,#2401,#2402,#2501,#2502,#2601,#2602,#2701,#2702,#2801,#2802,#2901,#2902,#3001,#3002,#3101,#3102,#3201,#3202,#3301,#3302,#3401,#3402,#3455,#3501,#3502,#3601,#3602,#3701,#3702,#3801,#3802,#3901,#3902,#4001,#4002,#4101,#4102,#4201,#4202,#4301,#4302,#4401,#4402,#4501,#4502,#4601,#4602,#4701,#4702,#4801,#4802
#10,1.0,0.38699545949697783,0.5832685837679427,0.4912554346254326,0.012981404181890045,-0.14268362044865182,0.31372658652502095,0.3572151581463951,-0.24717881484195,0.49298294660329883,0.2674230958325702,-0.06500342224750079,0.07929781265363964,-0.1277992538536435,-0.18731743996606673,0.011246180096979747,0.39623841978926666,0.37877820944154705,0.06849700673845353,-0.23535615474342783,-0.10283516335206733,-0.010393992268612689,0.16120810156844978,-0.08377083473918619,0.07385306508054332,-0.027387620140167546,-0.14326588453047728,-0.019035408211465977,-0.153665660879373,-0.13337510724648857,-0.048734732438086244,-0.2747765898990678,0.18696653909556266,-0.14471576065475789,-0.2987188262173079,-0.1376206221742358,-0.05216276401916459,-0.17896522803736517,-0.22305148795465282,-0.05711779279496399,-0.027784793652935902,-0.08877599221077188,-0.35786683119161694,-0.27545911137246587,-0.07877338937464452,-0.2024100334512643,-0.21051545795455642,-0.1930243991786606,0.07216025758437528,0.1003210164557084,-0.06211909421302768,-0.03137477948193921,0.08869501508680941,0.003445383821927448,-0.01773206212102224,-0.044103612158136754,0.12536608408124705,-0.0037731483712993936,-0.07516797933155313,0.09578244146028747,0.19935218300830015,0.3374220354178516,-0.2900774102744546,-0.29020466004068135,0.1576412520605786,0.3068820915234303,-0.39476540734385396,-0.30263657659568316,-0.00570503118583286,-0.10651383841207716,0.11633906278619147,0.22632913344837227,0.13429670403825206,0.10842258490547849,0.08083637800892676,0.08567958123258751,0.05481958489583835,-0.029635699343506888,-0.307668726441923,-0.16066825407536656,-0.140524230476319,-0.28819951220922946,0.08442250778440805,0.09472202674173118,0.014974983852775877,-0.036588163843714154,0.11310383388121427,-0.12108586467180164,0.022775780127828174,-0.21624555348828242,-0.1007259020755208,-0.018726923929704143,-0.051611348365515314,0.24034588800092546,0.26633954479288174,0.2810966616216633,0.20080205913258076,0.3230428118342283,0.11446887682801038,0.132773562897053,0.25005157471585704,0.07860757907319754,-0.11056269461020118,0.27671232876712326,0.21223911387890063,0.34666885176366247,0.3035697415480127,0.09983900976545554,0.06899443764279448,0.09412433844581763,0.12865144168201054
#11,0.38699545949697783,1.0,0.2602354120675195,0.11212054023309843,0.11472337636046388,0.040286119171334095,0.45584915118621844,0.06021420377314837,-0.012992972342456114,0.19392285964929193,0.3400865684015694,0.019787338648260436,-0.00785670905112163,-0.035373506984276944,0.18616447996298188,0.23680217481418642,-0.08634667849189746,0.2529744632855504,-0.1559754369390647,-0.3778180521145634,-0.08279139714459237,0.09022586833505249,0.1726027397260274,0.1758572488986147,0.04568845015568816,0.1539317285723926,-0.49922204120193187,-0.34265084399371465,-0.11954344326299249,-0.024325913643681373,-0.20524423278995113,-0.17011944125784467,-0.08809347073737384,-0.07007027657543886,-0.2611184483240627,-0.09684285617884376,-6.362488311337762e-05,-0.03661130016484629,-0.0363259522042166,0.03505731059547106,-0.14603838701281174,-0.12585580287854395,-0.18068117185466534,0.04266916024794424,0.14220161375839896,0.05962037153075685,-0.37187201758360405,-0.419201218512913,-0.06676563870706526,-0.24629192253188475,-0.2761416328458639,-0.11783906760625837,-0.05604966596936366,-0.11330049261083744,-0.014685779838624161,-0.18194595740988884,0.22568131645667242,-0.12396248059923072,0.057669208448613264,0.2742405984595066,0.2554808980748653,0.15067721939980527,-0.20485862743774882,0.005473667974511486,-0.3380775645165955,-0.03555474149981202,-0.15863996992278254,-0.16369911214367655,0.24630734674597282,0.17680583806503233,0.17648578562270445,0.2353677229039939,-0.1863996992278253,-0.048422392102802386,-0.06857027175537196,-0.07989550094955318,0.367314162320573,0.04611261604311068,-0.030275804228162687,0.0733787704973345,-0.05127587170909932,-0.06830420406235238,0.07118467604330347,-0.06738646332411094,0.03388121427125409,0.21996278908351247,0.19049868412173562,-0.13120029306006767,0.003021217934504931,-0.0005302073592781468,0.035901786316794075,0.20149614876654487,-0.009665198152950362,0.24658112654603645,0.189893283718778,0.2574166369429208,0.03321797306546615,0.047774575111102544,0.07281193062959714,-0.3012136928460567,-0.008307867313198308,-0.010899135279997686,-8.290515072349204e-05,-0.011674202037924287,-0.08842894739378983,-0.02728350669507293,-0.16222609969826382,0.16962201035350372,-0.19800642032911417,0.20596145874504737,0.15441759131616747
#12,0.5832685837679427,0.2602354120675195,1.0,0.7165646419172298,-0.018622810484609526,0.12772598883672506,0.5075781091841555,0.02979765359143185,-0.46223091976516634,0.640770053888348,0.32418420367674705,-0.13632498819083608,0.1679022104826815,0.053832435194200494,-0.19261565750532617,-0.00718961179181167,0.6231556013997475,0.7312022210868286,0.0538671396758987,-0.18339968958769148,-0.226957670172462,-0.11545217047612621,-0.01488629462176935,-0.19475191115652685,-0.13040980208805297,-0.0725689992577097,0.07972583459458417,0.3644953871959743,0.17409503243905025,0.0980459448777149,0.2948126439994987,-0.040953216430644056,0.43761001802705024,0.06494558144467046,-0.11008840002699237,0.11636991121436766,0.18079299740680402,-0.3926291536926533,-0.19126603877261816,-0.16434307308185436,-0.11285704645580481,0.10666808055295808,-0.333616110591615,-0.27673932114177746,0.045622897245813775,-0.5598893312639179,-0.002203734587836079,0.18709764491531142,0.34644520065938517,0.23701040170437565,0.09509991998688942,0.12688922522244608,0.12005244232789951,-0.059284894874340854,-0.2712174524982407,-0.14773119450897979,0.08236337520364782,-0.2558703594805896,-0.011666489930880241,-0.004949244695516374,0.11053570223554703,0.24409011597080968,-0.15812325875083147,-0.19925963772377162,0.4226138258799032,0.531925231122208,-0.22713119258095302,-0.06680805529580751,0.10983390049453887,-0.06711268352404731,0.38279621721149487,0.38008926763903483,0.10002410033451264,0.2517366701049811,-0.230162050649263,-0.05475788803948599,0.10674905767692056,-0.07679523391784678,-0.06747900860863949,0.009098358285212998,0.07896233599722365,-0.05643141526804392,-0.052455824086838326,0.058081806175469715,-0.032643421090684736,-0.08484667367183056,0.03648019434509751,-0.08291093480377508,0.18816191568738974,-0.14643170447205808,-0.13501778604687034,-0.0019839395370807745,-0.20515939961246663,0.2771866233503321,0.05460364589860507,0.4467912814629867,0.45788900349936856,0.5731927159148968,0.4484069678887143,0.3335659818958287,0.455093364695902,0.35331668803562993,0.28346813453770736,0.334796062969354,0.4366498607000665,0.3878515033788669,0.4338503658430779,0.016039254624854192,-0.08607289869183385,0.139174611743611,0.23410679340229243
#13,0.4912554346254326,0.11212054023309843,0.7165646419172298,1.0,-0.11574908659732197,-0.042773273693038856,0.4923119932904669,0.07244174949148294,-0.33680121080080594,0.7033730828183895,0.4157346263966144,-0.10731589754465792,0.17945109078114005,-0.028841352317970175,-0.0981809067509857,-0.05399824549564748,0.6571968418921654,0.3936278715548572,0.008558510792129794,-0.13409233320158484,-0.06364994746127076,-0.13314760008868923,-0.13790982618838749,-0.3994350881590236,-0.1699613430634417,-0.2646236009755815,0.1269123615435782,0.38036304743909843,0.0017602884328034472,-0.04873087638456422,0.15459882583170254,-0.231002670317064,0.42471151899588366,0.009680622367038455,-0.10570792322597437,0.004725593591239047,0.17524413638861308,-0.29723038955780706,-0.25049116481736766,-0.22051420473716174,0.009796303972699141,0.09053820867033635,-0.16738549931073043,-0.2637405647190383,-0.13610133708655875,-0.4036574667656387,0.05093268294563928,0.20455014315598702,0.26536781930533193,0.25024052133843616,0.011778315483018904,-0.02275649986021806,0.03283622376678588,-0.09727087811978831,-0.21341906625663964,-0.10503696991314239,0.08665901882718133,-0.17274155765282023,0.0841294477167343,-0.09962692682174429,0.04657534246575343,0.2183818071394831,0.003217876664128098,-0.19209509027985308,0.4534429737884762,0.47040189717833286,-0.1547106513838412,-0.09172972920864142,0.09464876172481274,-0.04071414111227864,0.28241928797971716,0.35397607318789587,0.18130585252523304,0.291153249207099,-0.15127876374924085,0.05433757820558549,0.0771846953235711,0.030985318076214897,-0.12469513076841507,-0.1942390560380978,0.10774777553912449,-0.06784918974675369,0.033160132262635804,0.04463960359769793,-0.05739542864854964,-0.06444429448680748,0.033268101761252444,-0.051769446559918254,0.23704125013255184,0.02844803485872384,-0.14118361562858492,0.009476251530371241,-0.25331765204901047,0.265541341713823,0.19515294072281722,0.3056057378076408,0.10477475827364484,0.42044672380052633,0.3127317247163391,0.3274618491704665,0.34344904707277335,0.1869781072561287,0.028251376129100673,0.349452922406563,0.3681085093461097,0.3555956156671455,0.33510840330463787,0.07755873251520731,0.12166041664658306,0.13291238082384582,0.3794915793431213
#17,0.012981404181890045,0.11472337636046388,-0.018622810484609526,-0.11574908659732197,1.0,0.721477254104287,-0.11500486826757156,0.25805674182757654,-0.03521155273635198,-0.08419885668013072,0.00543896349281328,0.6212429988528241,0.33398243567620717,0.4595972352096247,-0.08727213133718296,-0.04037866445586265,0.027399188300733613,0.2132069833129284,-0.12225424888897458,-0.2837920430335573,-0.5793855378712657,-0.44560747303172565,-0.04541081430210251,-0.0496370489622396,-0.22140880915427105,-0.10618221780918319,-0.16230322076870426,-0.06587103428995594,0.42066651885128165,0.4960755015279612,0.26347835307954076,0.4937387330936153,-0.062419866387745465,-0.08613459554818621,0.12937252369062882,0.45997127240126096,-0.02881050388979399,0.09784543009456971,-0.45677460403150394,-0.33602614404287934,-0.026562424686454648,0.31547337877049736,-0.243638957708733,0.01368320592289821,0.02937348770400933,0.1495204033431984,-0.12938023579767288,0.05825532858396074,-0.1565461328603241,-0.11416039254624855,-0.23449625480801672,-0.3199116963743457,-0.4914135328198355,-0.4910549198422874,-0.4885446289994505,-0.4579969729979852,-0.0019646592694706603,-0.42634648568922134,-0.28735118043438446,-0.4098232963473533,0.014608658768183702,0.019104817174862388,0.144226041857461,0.18619532839115807,0.025235942274878777,0.10580046851050293,0.2275322221472434,0.1596772483202067,-0.3014489121109001,-0.19923650140263946,-0.31685384593138155,-0.3698707258056742,-0.29482421216006477,-0.2938833351006912,-0.10816037326598094,-0.2858665998284056,0.135808277018885,-0.03309843540628344,0.22233040594603454,0.2121658488619822,0.021426161395120165,0.4169261469349195,0.32210964688189875,0.534119325576239,0.45752653446829844,0.030966037808604782,0.25077651277799734,0.152316042146665,0.38582707527980487,-0.11581078345367433,0.3311482363375204,0.11611155562839212,0.40135540281299104,0.07309727859022683,0.06987747389933772,-0.008242314403323918,0.01640943576296839,0.054850433324014534,-0.1382954315405898,-0.23220575901593515,-0.28058766255675627,0.1095871130691294,0.48946236973769197,0.09095851850423683,0.061556110398812335,0.0688980363047439,0.030711538276151272,0.1366951693289503,0.037143435550885444,-0.15072734809559157,-0.18151022336190026
#18,-0.14268362044865182,0.040286119171334095,0.12772598883672506,-0.042773273693038856,0.721477254104287,1.0,0.08124897573578321,0.15066179518571718,-0.12493420608678048,0.020975003133043485,0.13662576036555388,0.29284220064974503,0.40978087975861105,0.5274599211437054,0.0011510319763238313,-0.03562415046320843,0.10669892898113426,0.2954720291517646,-0.04300078085083821,-0.1367800025064348,-0.5219149161790365,-0.4209595789189554,-0.07186719751670154,-0.1107516412327803,-0.17143435550885447,-0.14616178072551647,-0.048480232905632734,-0.030487887171873947,0.7344066015636297,0.7368744758177244,0.3536444525850019,0.6196851532299268,0.026905613449914684,0.014608658768183702,0.45181957525570454,0.6942303799176732,0.20106812682560035,0.11515911040845248,-0.2685066468722586,-0.34796834180058417,0.14089055556091118,0.4526062101741972,0.058552244705156506,0.29584221028987884,0.1805192176067404,0.008974964572508267,-0.023307915513867333,0.1441450647334985,-0.1647672389692769,-0.017149798039196786,-0.1764973537832705,-0.24387417697357638,-0.41240685220710865,-0.47505615377941446,-0.40641068898036303,-0.37074219390165136,-0.06609854144775529,-0.4816538613555956,-0.19295113416174217,-0.41178217153654095,-0.026959598199223004,-0.08711403314278002,0.28574320611570087,0.3667550345598797,0.08797778913171315,0.18031099071655116,0.3628141478603723,0.431513597408732,-0.27264419230138914,-0.09079270820278985,-0.18817733990147784,-0.27173416367019176,-0.23427645975726144,-0.2688845401174168,-0.2913383397761561,-0.3982127191925424,0.10344056375502492,-0.04413831663983496,0.5174804546287103,0.3927795397800121,0.17891124328805683,0.6325836522610934,0.34228837496264447,0.2688459795821966,0.32272275939190037,-0.09267831837505905,0.033788668986725535,0.33112510001638823,0.5328622521280595,0.032053444901815234,0.5330589108576828,0.04494037577241572,0.3200697945687486,0.06578234505894942,0.033094579352761416,0.03925655288095399,0.17669015645937167,0.06865510493285647,0.05281829311790848,-0.07536078200765427,-0.11421052124203485,0.19050639622877966,0.7260158290997079,0.020250065070903184,0.11666682733556341,0.06722450907618598,0.07198287912236222,0.004929964427906259,-0.0024350977991574522,-0.09343024881185351,-0.07768983833495609
#26,0.31372658652502095,0.45584915118621844,0.5075781091841555,0.4923119932904669,-0.11500486826757156,0.08124897573578321,1.0,-0.07984537225376688,-0.22708106388516672,0.4640779694022153,0.3797113743938766,-0.09093538218310471,0.31381527575602747,0.31560834064376814,0.12594063605602845,0.1118274801654247,0.41046725728553113,0.39261372947856515,0.04768202982657399,-0.08852149267831838,0.02525522254248889,4.820066902528607e-05,-0.25590120790876575,-0.17785468462302256,-0.20496274088284344,-0.144226041857461,-0.2003200524423279,-0.12636094588992894,0.08003046282282399,0.05625789285955289,0.056967406707605105,-0.2199820693511226,0.08774642592039178,-0.23850269441739852,-0.1649677537524221,0.06331447080485478,0.011442838826602913,-0.1410139492736159,-0.1092323561451033,-0.05898797875314509,0.04957149605236521,-0.11651644124820452,-0.07637106803042426,0.04198278272102417,-0.06924508112172596,-0.16630580432456402,-0.20595374663800334,-0.11237889581907397,0.032466042628671685,0.10240328535760077,-0.024780927959280073,0.01523333943875141,0.01012792457559311,-0.06435946130932298,-0.14665921162985743,-0.03957660532328189,-0.005330993994196639,-0.15428262944289667,-0.13059103660358806,0.09105877589580944,0.19789073872345347,0.2929694504159718,-0.005643334329480493,-0.03583623340691969,0.06143657273962962,0.22956436235334945,0.11188532096825504,0.2132416877946266,0.45869491868547135,0.35262645445518787,0.4961950391871439,0.5187760886121099,0.24938833351006912,0.2823460229627987,-0.1259984768588588,0.06595201141391842,0.1621219862531692,-0.027457029103563957,0.13355248570850164,0.02102898788235181,0.15277491251578573,0.03905218204428677,0.2434230187114997,-0.0653581791715269,0.13868103689279207,0.089975224856121,0.21819286051690398,-0.02438761050003374,0.14060906365380352,-0.04447379329625095,-0.03723983688893602,-0.038408221106108954,-0.27451437825957026,0.19761695892338985,0.22091909035697416,0.3500274743813444,0.18230071433391495,0.2918396267340191,0.2969257613295673,0.11366296164190759,0.2251877416058535,0.03677711046629327,0.08269885186006382,0.09800352828897266,0.11259869086982928,0.05301495184753165,0.0312051131269702,0.16137391186989675,-0.15526977914453452,0.02819353532627033,0.23020061118448323
#49,0.3572151581463951,0.06021420377314837,0.02979765359143185,0.07244174949148294,0.25805674182757654,0.15066179518571718,-0.07984537225376688,1.0,0.36798511563340497,0.30252089499002244,0.08683254123567236,0.20392160643189727,0.23392555888675734,0.11820539269085055,-0.18860536184242238,-0.258469339554433,0.266216151080177,-0.09037625442241139,-0.01693000298844148,-0.008546942631563727,-0.16968370720985607,-0.29221751997917733,-0.0814996192147147,-0.19748199705011907,-0.10274261806753877,-0.32207108634667847,0.13228770015327812,-0.09059604947316668,0.01563051295151977,-0.06128618665227074,0.007660050321498462,-0.04265373603385615,0.037351662441074684,-0.2981095697608283,-0.13646766217115094,0.017149798039196786,-0.2712367327658508,0.0009543732467006642,-0.27292568420849683,-0.16894720098714971,0.25425081700134,-0.13970674712965017,-0.019436437777756357,-0.06343400846403748,0.12190720407199251,0.12119383417041829,0.09113975301977191,0.012349011404278291,-0.09149836599732004,-0.1438751409869569,-0.16494847348481198,-0.2816095167400923,-0.1668572199782133,-0.27388198548195847,-0.14308850606846424,-0.2624295065215505,-0.1479509895597351,-0.23423018711499716,-0.13911291488725863,-0.24230090713659105,0.12605246160816713,0.11979408674192397,0.01728090385894556,-0.05999826477591509,0.1923187413841304,0.13876587007027658,-0.005951818611242324,-0.03803032786095071,-0.24208111208583574,-0.1537350698427694,-0.1391244830478247,-0.1480358227372196,0.23639728919437403,-0.12835452556081478,0.07270781718450252,-0.0835896002236511,-0.18339968958769148,-0.1595808469821561,-0.1269624902393645,-0.08426055353648308,-0.2819912660387726,-0.13706920652058652,0.2310180945311521,0.11338918184184396,0.07502144929771626,0.056045809915841634,0.0930909161019155,0.27673160903473343,-0.010563658623581695,-0.05933887962364918,0.17060530400161955,-0.10934032564371994,0.2653870995729421,0.17648192956918243,0.09512691236154358,-0.18290997079039456,-0.03183750590458195,0.24298728466351113,0.13119643700654565,0.048410823942236315,0.04249563783945321,-0.11430692258008542,0.14132628960889976,0.3443282272757946,0.20501286957862974,0.4378182449172395,0.2765812229473745,0.047951953573115595,0.16480965555801916,-0.07807544368715838,-0.1159071847917249
#50,-0.24717881484195,-0.012992972342456114,-0.46223091976516634,-0.33680121080080594,-0.03521155273635198,-0.12493420608678048,-0.22708106388516672,0.36798511563340497,1.0,-0.2882149364233176,-0.2574860459063172,0.0970356588549449,-0.1697222677450763,-0.11682492552996636,-0.08266800343188764,-0.2845169810956976,-0.2649552215784755,-0.5089701445056057,-0.22177513423886325,0.004232018740420117,-0.00423587479394214,-0.16057570879083802,-0.2595490345405994,-0.09518860921789594,-0.18817733990147784,-0.2611994254480252,0.07152015269971947,-0.20156555772994128,-0.23898084505412936,-0.30014170996693434,-0.06002525715056925,-0.08044306054968042,-0.15651914048566995,-0.19845757859119084,-0.14218233349078885,-0.34166369429207677,-0.30812759681104374,-0.030576576402880473,-0.12641107458571524,-0.022505856381286573,0.08920401415171643,-0.26305804324564025,0.2350630946757541,0.09776445297060724,0.007185755738289648,0.18279043313121185,0.2307520268381325,0.09283641656946198,-0.057611367645782924,-0.1532260707778624,0.06082731628315001,-0.1729266482218773,-0.07473610133708655,-0.1626464095321643,-0.018584249949389297,-0.11238660792611802,-0.16592019897236174,-0.03174496062005341,-0.04112288278561307,-0.13590082230341358,-0.07953688797200505,-0.11618482064531056,0.07833765532665593,0.027491733585262162,-0.13659105588385567,-0.18069274001523142,0.12169897718180328,0.026157539066642244,-0.11279149354593042,-0.11213596444718653,-0.11002670317064,-0.2867457800314268,-0.006271871053570224,-0.12367713263860103,0.05843656309949582,0.14115276720040873,-0.12548562174042976,-0.003823277067085691,-0.109687370460702,-0.17020041838180713,-0.17509375030125418,-0.1635024534140534,-0.041296405194104095,0.07183634908852535,-0.07572325103872442,0.11594960138046716,-0.12944578870754725,0.08536724089730366,-0.20444988576441442,0.3271109482999624,0.06167950411151707,-0.01030144698408414,0.08432225039283545,-0.16676467469368475,-0.07726952850105559,-0.38275765667627465,-0.32965208757097547,-0.03670770150289686,-0.025220518060790682,-0.04733112895606991,-0.0774738993377228,-0.12673112702804315,-0.1100768318664263,0.027588134923312736,-0.09264361389336084,0.04273856921134065,-0.020616390155495358,0.010872142905343525,0.14575303905218204,-0.08059344663703932,-0.09524645002072629
#51,0.49298294660329883,0.19392285964929193,0.640770053888348,0.7033730828183895,-0.08419885668013072,0.020975003133043485,0.4640779694022153,0.30252089499002244,-0.2882149364233176,1.0,0.4660638369660571,-0.05225145325017111,0.3100941841072754,0.06846230225675533,-0.06895202105405224,-0.106991989048808,0.7295942467681451,0.253579863688508,0.06373863669227729,-0.0005687678944983756,-0.0027204457597871457,-0.13295094135906607,-0.12442520702187346,-0.28140514590342514,-0.12022982078991257,-0.25293204669680813,0.0882052962895125,0.23436129293474595,0.0038117089065196224,-0.06269750224133111,0.10339429111276065,-0.2600194730702862,0.3598141382202385,-0.12767200408741675,-0.13005118911050487,0.11163853354284557,-0.012356723511322337,-0.2152159871979023,-0.18520046658247616,-0.19421591971696567,0.12177995430576577,0.10659481553603964,-0.14663221925520326,-0.20755400884964284,-0.12441749491482942,-0.2675426334917529,-0.04828743022953159,0.05658180135540281,0.19383802647180742,0.07011654921770315,-0.007382414467912815,-0.06985819363172761,0.01382973595673508,-0.1418352886738068,-0.20380592482623658,-0.1612659423712801,0.12797663231565654,-0.25606701821021277,0.05412163920835221,-0.04347507543404702,0.05367048094627554,0.12729796689578052,0.13711547916285077,-0.17736882187924768,0.39014585522447054,0.3320621210222398,0.001432523883431502,-0.010629211533456084,0.12764501171276257,0.020905594169647074,0.3529387947904717,0.4361370055816375,0.3380351479278532,0.37525763257594014,-0.1529252986031446,-0.010255174341819865,0.03972699141064078,-0.06565123923920065,-0.08072069640326608,-0.20840234062448787,0.032319512594834815,-0.01924363510165521,0.24713254219968572,-0.13823759073775943,-0.04714603838701281,0.021291199521849363,0.14837901150067964,0.0659134508786982,0.20088303625654325,-0.17814003258365227,-0.16888164807727532,-0.06113965661843387,-0.157540994669006,0.3159361051931401,0.2198625316919399,0.1624613189631072,0.14093297214965345,0.3776252494384622,0.2756789064232212,0.2413291816490413,0.3109309477215544,0.0011124714411036025,0.09729015838739842,0.4589879787531451,0.3890623041847821,0.4071471952030694,0.2557122612861866,0.029485313256147994,-0.13029026442887026,0.0024620901738116124,0.37116635978907386
#52,0.2674230958325702,0.3400865684015694,0.32418420367674705,0.4157346263966144,0.00543896349281328,0.13662576036555388,0.3797113743938766,0.08683254123567236,-0.2574860459063172,0.4660638369660571,1.0,0.028494307500988112,0.4059595307182864,0.23707981066777206,0.07734279351797403,0.09076957188165771,0.2248059923071732,0.2255617787974897,0.07314740728601313,-0.033923630859996334,-0.13686097963039728,0.04563446540637984,-0.031147272324139857,-0.010976256350438144,0.01586187616284114,0.0718286369814813,-0.02406755805770584,0.09667704587739678,0.025609979466514995,-0.008624063702004183,-0.041716715028004586,-0.18835086230996886,0.041766843723790886,0.1367298738106485,-0.028097133988219756,0.075148699063943,0.13605120839077248,-0.020415875372350168,-0.01786316794077102,-0.07630551512054988,0.11681335736940028,0.0004723665564478035,0.08783125909787629,0.17305004193458204,0.0047988586081574814,0.02062024620901738,-0.02359711952801905,-0.04537225376688228,-0.10190585445325981,0.10276575438867092,-0.11223622183875913,0.11244444872894836,-0.07832994321961188,0.044574050687823545,-0.07540705464991854,-0.07266154454223825,0.17847165318654623,-0.09892898113425815,0.19273519516450888,0.010282166716474025,0.11097529233705763,0.10227217953785199,0.07166668273355634,0.18039582389403566,0.049224451235383146,0.051661477061301614,0.05145325017111237,0.20108740709321046,0.2101414207629202,0.020824617045684595,0.16676853074720677,0.20522880857586304,0.0017680005398474931,-0.1023570127153365,-0.21676997676727752,-0.2565297446328555,0.1220383098917413,-0.042422372822534776,0.18114004222378607,0.005616341954826333,0.3388603433815661,0.10372205566213259,0.30282166716474024,-0.20366710689944376,-0.05681702062024621,0.09883257979620758,0.11249457742473465,0.009329721496534372,0.06363837930070469,0.01915108981712666,0.00807264804835491,-0.040286119171334095,-0.02734134749790327,0.38476280450772654,0.34483722634070163,0.23520576865606896,-0.006406832926841024,-0.00773717139193892,0.20232905632730183,0.026331061475133276,0.08542893775365602,-0.16749346880934707,0.04388767316090347,-0.06612553382240946,-0.02351999845757859,-0.02709841612601583,-0.06609468539423327,0.07216025758437528,-0.15329162368773677,0.26212102223978867,0.4013785391341232
#53,-0.06500342224750079,0.019787338648260436,-0.13632498819083608,-0.10731589754465792,0.6212429988528241,0.29284220064974503,-0.09093538218310471,0.20392160643189727,0.0970356588549449,-0.05225145325017111,0.028494307500988112,1.0,0.3228153046764289,0.38398773774979994,-0.28558510792129793,-0.22474043939729885,0.037262973210068155,0.06618723067876182,-0.30460316389191483,-0.2800015424214088,-0.3687293339631554,-0.3904813318808865,-0.07164354641242421,0.10333259425640828,-0.3649388333510069,-0.21257073448179462,-0.10294698890420599,-0.08114100623716657,0.08408317507447004,0.12950748556389963,0.26715317208602857,0.26548735696451464,0.005489092188599578,-0.12198432514243297,-0.17810532810195406,0.23766593080311954,-0.2942265238641512,0.025089412241041907,-0.40497623707017055,-0.2483934717013872,-0.14081343449047073,0.03429381199811053,-0.2792766043592685,-0.10386087358892541,0.012310450869058062,0.2165463256630002,-0.09391996760915042,0.11879922493324208,-0.10980690811988471,-0.030861924363510165,0.08818215996838036,0.056527816606094496,-0.42221665236713485,-0.24601814273182113,-0.5875063865886458,-0.425779645821484,0.01608552726711847,-0.26706833890854403,-0.21265556765927912,-0.3349040324679707,0.11124907213712126,0.2370181138114197,0.1456257892859553,0.1412800169666355,0.006900407777659954,-0.045113898180906754,0.2491839626734019,0.06378490933454156,-0.1241128666865896,-0.03839665294554288,-0.16110013206983312,-0.24600271851773303,-0.04281954633530313,-0.03282079955269779,-0.11441103602518003,-0.19975321257459053,0.014751332748498549,-0.09286726499763817,0.13062188503176425,0.055166629712820416,0.03624111902673209,0.19741258808672266,0.138839135087195,0.5782480020822689,0.434710265778489,0.24909141738887336,0.3669054206472386,0.0007037297677691766,0.062358169531393094,-0.10946757540994669,0.028459603019289906,0.2332931661091456,0.29605429323359006,-0.02655085652588858,-0.10679147426566281,-0.031197401019926158,-0.17116828781583487,0.09933386675407055,-0.11755371964562868,-0.08822457655712261,-0.20056683986773735,0.12496505451495667,0.2514937387330936,0.25090761859774613,0.1540859707132735,0.09545853296443754,0.07197516701531817,0.3584837997551406,0.26671743803804,-0.1145575660590169,-0.19076089576123317
#54,0.07929781265363964,-0.00785670905112163,0.1679022104826815,0.17945109078114005,0.33398243567620717,0.40978087975861105,0.31381527575602747,0.23392555888675734,-0.1697222677450763,0.3100941841072754,0.4059595307182864,0.3228153046764289,1.0,0.6567148352019127,-0.12437122227256514,-0.2410939623841979,0.4049029720532521,0.13045607473031726,-0.056782316138548006,-0.05730288336402109,-0.37330261344027454,-0.3055093364695902,-0.16600117609632423,0.004872123625075916,-0.26108374384236455,-0.2577598257063808,-0.06384660619089393,-0.02089788206260303,0.4017332960581493,0.20390618221780918,0.20470824135038995,0.09468346620651094,0.1250884482276614,-0.15474921191906144,0.23659394792399718,0.42198528915581346,-0.036657572807110565,-0.02140688112751005,-0.2178265354323118,-0.3478025314991372,0.31697338359056426,0.1626926821744286,0.12727097452112635,0.21645763643199367,0.059041963502453415,0.09501894286292693,-0.13052933974723568,0.06584404191530178,-0.10527990128502984,-0.01622434519391129,0.0036073380698524097,0.09776830902412925,-0.2799282774044904,-0.26775857248898616,-0.4445933309554337,-0.39924999758996654,-0.04372186285945649,-0.38049800931236927,-0.05586843145382858,-0.285083820963435,0.16980324486903878,0.17133795417080389,0.3925520326222128,0.19037143435550885,0.1114572990273105,0.02372051324072378,0.452906982348915,0.4240637020041838,0.028351633520673266,0.09209219823971157,-0.03441334965729324,-0.06174505702139146,0.06641473783656117,-0.14894970742193903,-0.232518099351219,-0.4406755805770584,0.13219515486874958,-0.15682762476743178,0.38635921066584406,0.019744922059518187,0.3828656261748913,0.3527151436861944,0.6172905439927506,0.3006738453529735,0.40317546007538585,0.16220296337713166,0.25574696576788486,0.3633809877281097,0.4146202269287498,0.04550335958663106,0.39375897737460597,0.06462167294882053,0.2717418757772358,0.30783453674337,0.22819546335303134,-0.05124887933444516,-0.03153287767634215,0.0807091282427,0.0063759844986648415,0.049833707691862766,-0.027815642081112087,-0.07179778855330513,0.2701608938332064,0.1863688507996491,0.29983708173869456,0.17729941291585127,0.11124521608359925,0.2033354862965498,-0.06191086732283844,0.03336450309930302,0.050153760134190664
#58,-0.1277992538536435,-0.035373506984276944,0.053832435194200494,-0.028841352317970175,0.4595972352096247,0.5274599211437054,0.31560834064376814,0.11820539269085055,-0.11682492552996636,0.06846230225675533,0.23707981066777206,0.38398773774979994,0.6567148352019127,1.0,0.009599645243075975,-0.06017178718440612,0.20949745982474235,0.13355248570850164,0.08875671194316177,0.05547511399458224,-0.2923023531566618,-0.26487038840099103,-0.2966134209942834,0.03493777293628836,-0.33183461386444046,-0.14077101790172847,-0.0725535750436216,-0.024530284480348587,0.3764800015424214,0.41121147561528154,0.3465416019974357,0.41096083213635004,-0.04029383127837814,0.017165222253284877,0.08369756972226775,0.480539461887731,0.01118448324062738,0.14524403998727503,-0.1539857133217009,-0.10835317594208208,0.1164431762312861,0.17613102869867833,0.046228297648771365,0.29305428359345626,0.08207417118949611,0.14756152815401077,-0.111542132204795,0.06602527643083686,-0.14155379676669913,0.0023888251568931775,0.05001879826091986,0.06590959482517618,-0.3251983457530391,-0.20258355585975532,-0.4105636586235817,-0.27670076060655724,-0.1907493276006671,-0.368320592289821,-0.25702717553719645,-0.18680072879411566,0.14308850606846424,0.12361543578224866,0.3598642669160248,0.40287083184714606,0.04652906982348915,0.08105617305968207,0.6092892329345532,0.62695381411894,0.08278368503754832,0.17121070440457714,-0.02979765359143185,-0.17425313063345318,0.0843800911956658,-0.11832878640355528,-0.22888569693347344,-0.4275495743880925,-0.08115257439773264,-0.21963502453414052,0.5221000067480936,0.3241302189274387,0.24708241350389942,0.35889639748199703,0.4426460239268121,0.2573009553372601,0.5335139251732814,0.03544677200119538,0.2883267619754562,0.06323349368089229,0.32868807419046975,-0.09862820895954036,0.27958123258750833,-0.0966307732351325,0.24273278513105762,0.0613478835086231,0.05827460885157086,0.029431328506839674,0.08408703112799205,0.03863958431743032,0.027904331312118613,0.022444159524934205,-0.19856169203628546,-0.0949958065417948,0.48461145440698716,0.023165241533552487,0.052571505692499014,-0.011597080967483828,-0.024580413176134883,0.22187924768395786,-0.2122506820394667,-0.18277115286360174,-0.15312966943981182
#101,-0.18731743996606673,0.18616447996298188,-0.19261565750532617,-0.0981809067509857,-0.08727213133718296,0.0011510319763238313,0.12594063605602845,-0.18860536184242238,-0.08266800343188764,-0.06895202105405224,0.07734279351797403,-0.28558510792129793,-0.12437122227256514,0.009599645243075975,1.0,0.824260360733807,-0.2250682039466708,-0.06984662547116154,0.44062930793479416,0.4333760712598691,0.45678231613854803,0.4430007808508382,-0.02127577530776127,0.21554375174727425,0.05667820269345338,0.3468385181186315,-0.49953438153721574,-0.4410997464644809,0.1471759228018085,0.2695477813232048,-0.277834440342032,-0.020134383465242496,-0.4622077834440342,-0.07384149691997725,0.07726567244753357,0.021360608485245774,0.3282986127847454,0.5589176057763682,0.18292153895096064,0.3332613536675889,0.19121976613035388,0.1007413262896089,0.15517723386000598,0.402866975793624,0.03155987005099631,0.29556071838277115,-0.42707913585840573,-0.5455409561084708,-0.3537331418160084,-0.3433526457347228,-0.5077901921278667,-0.3636239190999971,-0.21960803215948638,0.0779443378674096,0.4247346553170158,0.40909450223169097,0.007305293397472357,0.21555531990784033,-0.031613854800304625,0.2943267812557238,-0.06764096285656444,-0.25958373902229764,0.24748344307018982,0.43252002737798,-0.4800998717862204,-0.2627187105357022,0.1590911281848592,0.2520374422796988,0.5310537630262308,0.3863977712010643,0.10841872885195647,0.10633260389654209,0.021457009823296347,-0.2576749925288963,0.3181456238612592,-0.03165627138904688,0.03389278243182015,-0.03603289213654286,0.39594535972159295,0.5312195733276778,0.03311385962037153,0.0951153442009775,0.06857027175537196,-0.26418401087407095,0.07042503349946497,-0.22204505798540483,-0.09652665979003788,0.01861509837756548,0.07018210212757753,-0.06682733556341762,0.08254846577270493,-0.05112934167526245,-0.10833389567447196,0.07619368956841122,0.13382240945504323,-0.14625818206356705,0.07755487646168528,-0.5883277259888368,-0.40630657553526844,-0.5764009524452199,-0.4313709234284172,-0.4092834488542701,-0.1715770294891693,-0.35102619224354836,-0.521656560593061,-0.5716849989877859,-0.622750715779935,-0.1491502222050842,-0.32113792139434894,0.07120781236443562,0.08549063461000839
#102,0.011246180096979747,0.23680217481418642,-0.00718961179181167,-0.05399824549564748,-0.04037866445586265,-0.03562415046320843,0.1118274801654247,-0.258469339554433,-0.2845169810956976,-0.106991989048808,0.09076957188165771,-0.22474043939729885,-0.2410939623841979,-0.06017178718440612,0.824260360733807,1.0,-0.25488320977895174,0.18150251125485622,0.5246218657514966,0.34347989550094954,0.3980237725699633,0.6440554114891115,0.07354458079878148,0.34985009591933136,0.12317970173426007,0.5414612514821706,-0.5378596974926012,-0.36956609757743436,0.10044055411489111,0.2813974337963811,-0.3097934119325576,-0.02342359711952802,-0.5068570271755372,-0.03798405521868643,-0.04860362661833746,0.029951895732312765,0.19329817897872423,0.5017053396701147,0.10118862849816355,0.3442125456701339,0.03158686242565047,0.08073997667087619,-0.08925414284750273,0.3140543510743929,0.03263956503716271,0.2494693106340316,-0.484757984440824,-0.595619523198982,-0.4024235296385914,-0.23357465801625327,-0.42897245813771895,-0.15249342060867804,-0.15633790597013486,0.3223063056115219,0.39830140842354894,0.5659356231864499,0.06678106292115335,0.37030260380014074,-0.16820683871092132,0.3744247250151832,-0.045306700857007894,-0.16298959829562434,-0.05534400817483347,0.31767132927805036,-0.4512797277626213,-0.1479856940414333,-0.133109039553469,0.15309496495811362,0.5355884819681297,0.26322770960060926,0.057495686040122236,0.12556659886439223,-0.06831191616939643,-0.22145893785005735,0.32848370335380256,-0.045815699921914914,0.07918213104797894,-0.0033412703768328305,0.2603433815661361,0.6042879315164894,-0.0035070806782798144,-0.018699931555049985,-0.0038348452276517598,-0.17667087619176153,0.07293532434230188,-0.3328410438336884,-0.14890729083319676,-0.1582505085170582,0.025397896522803737,-0.19935218300830015,-0.038917220171015975,-0.170177282060675,-0.15665795841246277,-0.030418478208477533,0.04047506579391322,0.038388940838498836,0.2676506029903695,-0.44927072387764744,-0.28369949774902875,-0.49612948627726955,-0.295703392363086,-0.3820172944000463,-0.1676168625220518,-0.416521261315107,-0.5983418969855302,-0.5734742078220045,-0.5378596974926012,-0.16629423616399797,-0.3650737952242777,0.09996240347816028,-0.05303808816866378
#201,0.39623841978926666,-0.08634667849189746,0.6231556013997475,0.6571968418921654,0.027399188300733613,0.10669892898113426,0.41046725728553113,0.266216151080177,-0.2649552215784755,0.7295942467681451,0.2248059923071732,0.037262973210068155,0.4049029720532521,0.20949745982474235,-0.2250682039466708,-0.25488320977895174,1.0,0.3202857335659819,0.02009967898354429,-0.02242487925732409,-0.1805037933926523,-0.38302372436929427,-0.24243201295633984,-0.35226784147763973,-0.250710959868123,-0.43904061388372073,0.17559889331263917,0.24105540184897767,0.1315396257700057,-0.027109984286581897,0.2947393789825803,-0.008492957882255407,0.4490972014691564,-0.149115517723386,-0.036919784446608116,0.1750976063547762,0.02481177638745626,-0.3510840330463787,-0.21418642090752218,-0.327380872046504,0.08135308918087783,0.10113464374885524,-0.23067490576769206,-0.32253766882284324,-0.03845834980189525,-0.42574879739330784,0.008674192397790482,0.25973798116317853,0.20075964254383852,0.13208718537013295,0.14720291517646264,-0.022305341598141383,-0.013744902779250575,-0.27238198066189157,-0.3741702254827297,-0.2785902268323484,-0.11146115508083253,-0.4372938216382443,-0.041307973354670166,-0.25434721833939056,0.24846673671830566,0.3979620757136109,0.12142905343526168,-0.2619243635101655,0.4440766197834826,0.3202857335659819,0.10031330434866435,0.08258317025440313,0.00016388227468597263,-0.07369111083261835,0.24004897187972968,0.2610104788254461,0.33747987622068193,0.36879874292655185,-0.22534969585377845,-0.06904071028505876,-0.0233696123702197,-0.10922078798453723,0.023589407420975005,-0.20503214984623985,0.05163834074016947,-0.05000337404683177,0.17542537090414814,0.14790857297099283,0.04664860748267186,0.11788148419500062,0.2475489959800642,0.16751274907695718,0.2199666451370345,-0.1826786075790732,-0.09672331851966105,-0.04017429361919544,-0.15499985539799294,0.311713726586525,0.030090713659105588,0.21058872297147485,0.22138952888666094,0.5605448603626618,0.329567254393491,0.4362603992943422,0.4062834392141363,0.2084756056414063,0.21494991950488274,0.6146954199724293,0.497394271832493,0.5047207735243365,0.48219756490220084,0.1618559185601496,0.0466563195897159,0.033807949254335654,0.18465676303587095
