,#10,#11,#12,#13,#17,#18,#26,#49,#50,#51,#52,#53,#54,#58,#101,#102,#201,#202,#301,#302,#401,#402,#501,#502,#601,#602,#701,#702,#801,#802,#901,#902,#1001,#1002,#1101,#1102,#1201,#1202,#1301,#1302,#1401,#1402,#1501,#1502,#1601,#1602,#1701,#1702,#1801,#1802,#1901,#1902,#2001,#2002,#2101,#2102,#2201,#2202,#2301,#2302,#2401,#2402,#2501,#2502,#2601,#2602,#2701,#2702,#2801,#2802,#2901,#2902,#3001,#3002,#3101,#3102,#3201,#3202,#3301,#3302,#3401,#3402,#3455,#3501,#3502,#3601,#3602,#3701,#3702,#3801,#3802,#3901,#3902,#4001,#4002,#4101,#4102,#4201,#4202,#4301,#4302,#4401,#4402,#4501,#4502,#4601,#4602,#4701,#4702,#4801,#4802
#10,1.0,0.537331418160084,0.5937030645985366,0.6198509635313738,0.07996105385942757,-0.02962413118294082,0.207916477880713,0.48345463835038033,-0.06844687804266723,0.5956927882159004,0.4235701271533649,0.049251443610037304,-0.12901776676660273,-0.22160161183037222,-0.14695227169753117,0.07031706400084833,0.4824790568093085,-0.0642283554895742,-0.18793055247606838,0.1965951047400538,0.12248561210029595,0.1671117195106668,0.1230833003962095,0.37385788514744583,0.247013004540503,0.17205903617942217,0.24747187490962375,0.13052162764019165,-0.21892936673961036,-0.27050793865018846,-0.08365129708000348,-0.16347546103939922,0.16128907869241224,-0.08289165453616497,-0.28105424503292104,-0.22296665477716832,-0.2822920382134904,-0.20535605834208978,-0.12944578870754725,0.030850356202944098,-0.23870706525406574,-0.08421428089421881,0.04331697723964409,-0.07826053425621547,0.17390994186999315,0.062369737691959165,0.2224807920333934,-0.0883402581627833,-0.07507157799350254,0.09740969604658113,0.20453471894189892,0.0646332411093866,0.23173146443272633,0.11163467748932356,-0.09295209817512268,-0.07045202587411914,-0.06641473783656117,0.035774536550567324,-0.26178168952985065,-0.2965131636027108,0.09786471036217982,0.030942901487472647,-0.2428137622550201,-0.05529773553256919,0.1399651027156257,0.1648019434509751,-0.13012059807390128,-0.05045453230890845,-0.15037644722508747,0.05296867920526737,-0.00388882997696008,0.1160575708790838,-0.0057937204168393855,-0.12611415846451948,-0.08437237908862175,-0.06083117233667203,0.06550856525888579,0.016814321382780793,-0.004405541148911147,0.11079405782152256,-0.24807341925905932,0.10955626464095322,0.14125688064550335,-0.15711682878158348,-0.12011413918425187,0.14885330608388844,0.19114264505991344,0.1138827566926629,0.09196880452700683,-0.16885465570262115,-0.1081873656406351,0.12836223766785884,0.22077256032313727,-0.04993782113695738,0.05972062892232944,0.32929347459342734,0.069588269885186,0.060742483105665504,0.07317439966066729,0.2667752788408703,-0.022305341598141383,0.14992143290948878,-0.014867014354159236,0.18881744478613363,0.09087368532675233,0.057337587845719296,0.026508439937146328,0.014435136359692673,-0.07269239297041442,-0.18751795474921193,-0.17412588086722644
#11,0.537331418160084,1.0,0.4944019742994033,0.5145305736843627,0.16718498452758523,0.13753193294322924,0.27035755256282956,0.2226427462813184,-0.006202462090173812,0.40998139454175625,0.45086327398224285,-0.12895992596377237,-0.23556052558009505,-0.22553093036931351,-0.1596811043737287,0.2217519979177311,0.30804661968708125,-0.19884703999691516,-0.22534583980025644,0.2287275987390705,0.09657293243230217,0.1702428349705494,0.20594603453095928,0.2813087445653746,0.2982753800622753,0.05547125794106022,0.19463237349734414,0.16076079935989512,-0.4129042831114496,-0.34447475730963145,-0.06902143001744865,-0.12737123191269895,0.172201710159737,0.01066391601515429,-0.287281771470988,-0.3118564005668399,-0.2924835876721969,-0.20754629674259878,-0.36588742251742457,0.004081632653061225,-0.36287198866320264,-0.18008733961227383,0.005728167506964997,0.08010372783974241,0.23535229868990581,0.28330618028978244,0.03267812557238294,-0.0629481457202626,-0.19953341752383524,0.3032496891056848,0.13924402070700742,-0.002442809906201498,0.22440881879440486,0.11644703228480811,-0.10653311867968727,0.06058438491126257,0.11177349541611638,0.2498896204679321,-0.2181658681422498,-0.044477649349772976,0.20364397057831163,0.19202182526293465,-0.3185659336951597,-0.012584230669121687,0.0893351199714652,0.3681894864700722,-0.03944935555705513,0.06145585300723974,-0.1907840320823653,0.05887615320100643,-0.04349049964813512,0.0970009543732467,-0.033356790992258974,-0.181803283429574,-0.08315772222918454,0.0812451196822612,0.1567967763392556,0.2351980565490249,-0.16708472713601263,0.12496505451495667,-0.32035899858290035,-0.05350852669835057,-0.0259647363905411,-0.298734250431396,-0.07469368474834431,0.013085517626984662,0.21089335119971464,0.05695969460056106,-0.10059865230929406,-0.22629442896667407,-0.19020176800053984,0.03386964611068802,0.345739542864855,-0.0757540994669006,0.25935237581097625,0.35754677874928903,0.01262664725786394,-0.08135308918087783,-0.03937223448661467,0.3046494365341791,-0.0039003981375261487,-0.04086067114611551,-0.14427231449972525,-0.13116173252484745,0.11982107911657813,-0.05761522369930495,0.08161915687389741,0.13847281000260284,0.011458263040691004,-0.025046995652299654,0.041188435695487455
#12,0.5937030645985366,0.4944019742994033,1.0,0.6962856564449115,-0.04470515650757233,0.10491743225395969,0.19442029055363289,0.047863264342109066,-0.22032525811458262,0.5785719105781189,0.32420348394435716,-0.12775683726490122,-0.3729748488909026,-0.22452450040006555,-0.2464384525657216,0.15515409753887385,0.5881079309380814,0.3359220305977847,-0.30230495599278917,0.287783058428851,-0.01488629462176935,0.2592366942053156,0.35478198837399866,0.5115922609005813,0.3107805616341955,0.23878033027098416,0.5582003798212719,0.4609237176212006,-0.4836320168123934,-0.4460740555078905,0.001945379001860546,-0.1253236674925048,0.3525146289030492,0.12704732341684902,-0.478684700143638,-0.3273307433507177,-0.4878351151513983,-0.28133959299355077,0.014145932345540957,0.22563889986793018,-0.4284248985375917,-0.20346273606277654,-0.3898566512103188,-0.09104335168172134,0.3144630927477273,0.23406052076002815,0.3281675069649967,0.1270588915774151,0.02946217693501586,0.30789623359972235,0.3949273615917789,0.332436158213876,0.4331061475133275,0.29161211957621974,-0.016270617836175567,-0.07422710227217953,-0.0889957872615272,0.059601091263146735,-0.17262587604715954,-0.07389162561576355,0.038743697762524947,0.060538112268998294,-0.5823354188156131,-0.049594632373497344,0.3841226996230708,0.3180607906837747,-0.2508189293667396,-0.10548427212169705,-0.29465454580509576,-0.19940616775760847,0.0762438182641975,0.10699584510233003,-0.1973740275515024,-0.3451071500872432,-0.2809848360695246,-0.08309602537283217,-0.13439696142982466,-0.049008512238149865,-0.17545621933232433,-0.06591730693222021,-0.3632884424435811,-0.08951249843347826,0.06605612485901305,-0.41077959762081495,-0.19417350312822343,0.06383889408384988,0.2255463545834016,-0.10544956763999884,-0.027800217867023993,-0.23933945803167747,-0.32750812181273076,0.10943672698177051,0.33720609642061833,0.07706515766438839,0.0900253535519073,0.4504352520412983,0.189218474352424,0.06691602479442414,0.3585377845044489,0.18858608157481227,0.18908736853267524,0.3202857335659819,-0.06147127722132783,0.1453905700211119,0.4602489082548466,0.21242806050147975,0.25837293821638246,-0.1386193400364397,-0.13656020745567948,0.015773186931834614,-0.055224470515650756
#13,0.6198509635313738,0.5145305736843627,0.6962856564449115,1.0,-0.0012898499031166553,-0.013274464249563784,0.2659847878688556,0.15373892589629143,-0.1880192417070749,0.6732573048113908,0.3606701821021276,0.07922069158319918,-0.24748344307018982,-0.1516258085662229,-0.026651113917461174,0.12433651779086694,0.5842056047737942,0.006684468780426672,-0.06249698745818592,0.23840629307934794,0.11496630773235132,0.26385239027117696,0.16924411710834547,0.2798974289763142,0.3226302141073718,0.13930186150983775,0.26012744256890286,0.16529551830179404,-0.3807602209518668,-0.24617624092622406,-0.2706853171122015,-0.22967618790548813,0.1218532193226842,-0.11947403429959608,-0.24979707518340355,-0.12338407257092729,-0.2734346832734038,-0.10128502983621412,-0.18504622444159524,-0.006911975938226023,-0.37885918656550954,-0.0016291826130546692,-0.10994572604667753,0.1411643353609748,0.0993415788611146,0.08159216449924325,0.25104258047101696,0.01622434519391129,-0.13826072705889159,0.08771943354573762,0.1638417861239914,-0.06339930398233927,0.05711008068791995,-0.013667781708810119,-0.018364454898633992,0.042607463391591875,-0.05650853633848438,0.05605352202288568,-0.2068406389480686,-0.20548716416183857,0.28108123740757524,0.09789941484387803,-0.28548099447620334,0.17818630522591652,0.20918897554298055,0.21401289849903116,-0.03696605708887239,0.05877975186295586,-0.10598555907956002,-0.010347719626348414,-0.10204467238005263,0.054002101549169505,-0.09444824694166755,-0.33578321267099187,-0.08078624931314046,-0.09150222205084206,-0.05561778797489709,-0.15059624227584278,0.13327870590843802,0.14917721457973837,-0.19236115797287268,0.1653417909440583,0.1391244830478247,-0.17597678655779742,-0.1588057802242295,0.14623890179595692,0.27736785786586715,0.048295142336575635,0.1618057898643633,-0.20033162060289397,-0.0949109733643103,0.36051593996124665,0.27333828193535326,0.06837746907927082,0.1716425823990437,0.2237224412674848,0.020809192831596504,0.024082982271793934,-0.008978820626030289,0.20478150636730838,0.03569355942660484,0.16988807804652328,-0.22823787994177358,0.06261652511736863,0.1929742704828743,0.04469744440052828,-0.0027474381344413062,-0.04155861683360165,-0.13046764289088333,-0.06504198278272103,-0.1450203888829977
#17,0.07996105385942757,0.16718498452758523,-0.04470515650757233,-0.0012898499031166553,1.0,0.2830825291855051,-0.1612775105318462,0.10454339506232346,0.048086915446386394,-0.07671040074036227,0.06933762640625452,0.14618877310017064,0.36137969595017977,-0.0364454898633993,-0.16010527026115123,0.02552129023550847,-0.07951375165087292,-0.06316794077101791,-0.22624430027088777,-0.10217963425332344,-0.1936182314210521,-0.09442896667405744,0.2883537543501104,0.07167439484060038,0.2619744922059518,0.06254711615397222,-0.1708328111594189,-0.15201141391842518,0.14260649937821138,0.1639111950873878,0.23700268959733162,0.34768684989347654,0.12454474468105617,0.12917972101452768,0.015214059171141296,0.010764173406726885,0.03428224383754447,0.06261652511736863,-0.19731233069515006,-0.10885831895346708,0.1371694639121591,-0.11493545930417515,0.1627775153519131,0.18150251125485622,0.1798791127220846,0.15399342542874495,-0.10892387186334146,-0.1812480117224027,-0.07798675445615186,-0.12431723752325682,-0.13112702804314924,-0.11314625046995652,0.03255858791320024,0.0004183818071394831,-0.3331263917943181,-0.18987785950468994,0.10843029701252253,0.07069495724600658,0.009341289657100441,-0.11791618867669883,0.15257054167911852,0.1916902046600407,0.022768068020784127,-0.03078865934659173,-0.41775519844215436,-0.046054775240280336,0.06152526197063615,0.1530756846905035,-0.05679774035263609,0.1324496544012031,-0.24602199878534314,-0.11058197487781131,-0.05532858396074537,0.10999971079598585,0.1171526900793383,0.1308493921895636,0.019903020253921124,0.17116828781583487,-0.15405512228509732,0.10327475345357794,0.04929386019877956,0.35109174515342273,-0.05992114370547463,0.20761956175951723,0.3156121966972902,0.2711866040700645,0.17623514214377295,0.022667810629211534,0.10713466302912285,-0.01816008406196678,0.38506357668244434,0.16237262973210068,0.12548176568690775,0.0011548880298458543,0.08096748382867554,-0.0470265007278301,-0.006314287642312475,-0.10550355238930717,0.031968611724330735,0.21952319898200187,0.22791397144592368,0.22601679311308842,0.18243182015366374,-0.1316283150010122,-0.07243403738443889,-0.06954585329644375,0.034347796747418856,0.20043187799446657,0.1597158088554269,-0.0786191472337636,-0.0051111989434413346
#18,-0.02962413118294082,0.13753193294322924,0.10491743225395969,-0.013274464249563784,0.2830825291855051,1.0,0.19637530968929848,0.17048191028891482,0.15724407854781025,0.1776387456257893,0.12629153692653253,-0.17577627177465224,0.2771519188686339,0.1143724754899598,-0.21561316071067066,0.13051005947962557,0.09384670259223198,0.1256282957207446,-0.29601187664484785,-0.08602276999604755,-0.2051208390772464,-0.03712029922975331,0.38932065977075764,0.22971474844070836,0.23306180289782422,0.07153172086028554,0.001332266491858907,0.13687640384448535,-0.013490403246797065,-0.06915253583719742,0.44525271610769956,0.24451042580471016,0.3313603192812316,0.2351633520673267,-0.24124049241803477,-0.08521299875642274,-0.22351035832377353,-0.030869636470554213,-0.025945456122930987,0.02759199097683476,-0.08409859928855813,-0.12107429651123558,-0.26782798145238257,-0.18486113387253816,0.11449972525618655,0.14322732399525706,-0.061390300097365354,0.05249052856853653,-0.16425052779732582,0.05233243037413359,-0.021464721930340394,0.053639632518099355,0.21674298439262338,0.12383137477948195,-0.10414236549603309,-0.1075472607559793,-0.0023502646216729487,0.046151176578330906,-0.02495830642129313,-0.05311520923910424,-0.2746917567215833,0.03231565654131279,-0.24349628372841814,-0.1501412279602441,-0.09980044923023532,-0.07426180675387774,-0.14767720975967147,0.06650728312108972,-0.2273972602739726,0.08731069187240319,-0.03503803032786095,-0.16075308725285106,-0.10832232751390589,0.061116520297301725,-0.04328227275794588,0.14513992654218041,0.1186681191134933,0.20644346543530023,-0.1089315839703855,0.04892753511418738,-0.0548774256986687,-0.1097220749424002,-0.017034116433536098,-0.20006169685635236,0.10097654555445229,0.04824115758726731,0.1070112693164181,-0.05284142943904061,-0.06213837448063779,-0.4109685442433941,-0.17422613825879904,-0.17660532328188716,0.13765147060241195,0.06631062439146655,0.18486113387253816,0.1591913855764318,0.08201247433314375,0.12163728032545092,0.35456219332324335,0.43100845439734703,0.48850221241070824,-0.01773206212102224,0.26483953997281484,0.1027117696393626,0.4291305563321219,0.23507080678279815,0.5122824944810234,0.014527681644221222,0.0686435367722904,0.24071992519256166,0.22319030588144564
#26,0.207916477880713,0.27035755256282956,0.19442029055363289,0.2659847878688556,-0.1612775105318462,0.19637530968929848,1.0,0.3064386453683977,0.06492244512353831,0.5343931053763026,0.16502945060877444,-0.029354207436399216,-0.16319782518581358,0.4922387282735484,0.15074662836320168,0.11311540204178033,0.3409927409792448,-0.2576364319936761,-0.04101491328699643,-0.07050215456990543,0.26269557421457007,-0.1596656801596406,-0.08559089200158099,-0.13040594603453096,0.006125341019733354,-0.4322192552032622,0.05957409888849257,-0.07237619658160856,-0.24074306151369382,-0.11950873878129428,-0.16516055642852323,-0.15377748643151168,-0.13477871072850492,-0.18742155341116135,-0.15844331119315935,-0.07025536714449597,-0.1454445547704202,-0.32273432755246645,-0.36642341395698574,-0.39638494982310357,-0.3897910983004444,-0.3000645888964939,-0.06700085797190865,-0.005373410582938891,-0.0009697974607887558,-0.18968891288211082,0.18462977066121677,0.1824086838325316,0.15166436910144312,0.2248676891635256,0.19431232105501625,0.052286157731869315,0.16057570879083802,-0.26575342465753427,0.12750233773244773,-0.19796014768684989,0.15709754851397337,0.048684603742299944,-0.008639487916092276,-0.06114736872547791,0.2501865365891279,0.04677971330242064,-0.09316803717235596,-0.10672592135578841,-0.14452295797865675,-0.04581184386839289,0.2222571409291161,0.5962789083512479,0.048117763874562576,0.08870658324737547,0.1501065234785459,-0.08445721226610625,0.20799359895115344,0.041562472887123676,0.08439551540975389,0.09374258914713736,0.1448391543674626,0.15369265325402717,0.21496919977249285,0.05764607212748113,-0.07704587739677826,0.08114100623716657,0.15249342060867804,-0.19342157269142896,0.04530284480348587,0.14935844909527343,0.2836570811602865,-0.07499060086954007,-0.00015617016764192686,-0.25204129833322086,-0.2715105125659144,0.22371087310691873,0.12118612206337424,0.10297012522533813,0.022428735310846114,0.09363847570204274,-0.27757994080957843,-0.20969026250084352,-0.12966943981182458,0.15419394021189015,0.04128869308706005,-0.021480146144428485,-0.13073756663742492,-0.12536608408124705,0.015414573954286486,-0.1909498423838123,0.07124251684613382,0.0656435271321566,0.06878235469908323,0.04232211543096218,-0.025733373179219726
#49,0.48345463835038033,0.2226427462813184,0.047863264342109066,0.15373892589629143,0.10454339506232346,0.17048191028891482,0.3064386453683977,1.0,0.35230640201285995,0.42496216247481516,0.5440486633954479,-0.12087378172809038,0.022895317787010885,0.03571283969421495,0.16909373102098657,0.15180318702823595,0.13442009775095679,-0.19385345068589552,-0.01974877811304021,-0.007320717611560448,0.19869665390955626,-0.17795108596107315,0.09109733643102966,0.07379522427771297,0.16452816365091147,-0.17507061398012205,0.006449249515583276,-0.1797441508488138,-0.03192233908206646,-0.21334194518619917,0.015530255559947172,-0.14884173792332236,-0.016922290881397434,-0.32420348394435716,-0.05956638678144853,-0.16335977943373853,-0.13537254297089643,-0.363265306122449,-0.22504121157201662,-0.24665053550943286,-0.2814359943316013,-0.2622367038454494,0.019382453028448036,-0.016390155495358275,-0.03488764424050206,-0.005616341954826333,-0.052455824086838326,-0.019432581724234333,0.03178737720879566,0.05677460403150396,0.058505972062892236,0.03264727714420676,0.1814138220238497,-0.09219631168480619,0.15356925954132244,-0.24004897187972968,0.20010411344509463,-0.013652357494722026,-0.2096362777515352,-0.21655018171652224,0.047978945947769754,0.11526707990706911,-0.07278493825494298,-0.1527903367298738,-0.12165270453953901,0.07911657813810456,-0.07317439966066729,0.24977008280874938,0.05858309313333269,0.3431598430586216,0.07529522909777987,0.13779414458272682,0.2522109646881899,-0.027090704018971783,0.22070315135974086,0.18125957988296879,0.3246739224740439,0.25911330049261083,0.14610779597620815,0.041431367067374894,-0.17759632903704703,-0.017600956301273462,0.31842711576836685,-0.08747650217385017,-0.009013525107728496,0.21640365168268536,0.1253429477601149,-0.11709870533002999,-0.05122574301331302,-0.23180472944964475,0.06750214492977162,0.006680612726904649,0.03742878351151514,-0.07580422816268689,0.04321671984807149,0.19086115315280577,-0.02926551820539269,0.10254210328439359,-0.1507659086308118,0.2804102840947432,-0.006607347709986214,-0.20888049126121871,0.006950536473446251,0.18572103380794924,0.011242324043457723,0.10154724147571169,0.054194904225270644,0.22328285116597418,0.20018123451553507,-0.05529773553256919,-0.06268979013428706
#50,-0.06844687804266723,-0.006202462090173812,-0.22032525811458262,-0.1880192417070749,0.048086915446386394,0.15724407854781025,0.06492244512353831,0.35230640201285995,1.0,0.09449451958393182,0.06031831721824299,0.22888569693347344,0.2720542161125196,0.27665834401781497,0.0421910096112134,-0.21999363751168866,0.10224904321671985,-0.024457019463430152,-0.04076426980806493,-0.35554163091783714,-0.009788591865655095,-0.48157288423163314,-0.07758958094338349,-0.19389201122111574,-0.04696865992499976,-0.258800960157327,-0.05168461338243375,-0.31988856005321353,0.07371039110022846,0.03627967956195232,-0.07576952368098869,-0.0826795715924537,-0.3028255232182623,-0.18562077641637667,0.05054322153991497,-0.09638012975620101,0.011824588125283178,-0.41089142317295363,-0.1514407179971658,-0.1661824106118593,0.0659982840561827,-0.2188213972409937,0.12186478748325026,-0.2583845063769485,-0.08225154965150916,-0.06766409917769658,-0.17637010401704376,-0.1685924440631236,-0.12667714227873483,-0.2444988576441441,-0.18161433680699487,-0.10122718903338378,-0.150630946757541,-0.27250923042811837,-0.016976275630705754,-0.5530795407440255,0.06263194933145672,-0.3656560593061032,-0.10238786114351267,-0.09953438153721574,-0.15749472202674172,0.13328256196196003,-0.013355441373526265,-0.3895982956243433,-0.24956571197208216,-0.24178033991111797,0.15506926436138935,0.15709369246045135,-0.021129245273924402,-0.11380177956870041,0.26504391080948203,0.1745731830757811,0.3023088120463112,-0.024815632440978282,0.018653658912785708,0.017712781853412126,0.16887393597023126,0.185508950864238,-0.1226437102946989,-0.20400643960938178,0.3545390570021112,0.09570917644336903,0.3178448516865414,0.04346350727348096,0.2626917181610481,0.15595230061793258,0.04637868373613026,0.17713745866792632,0.1266887104393009,0.0829649195530834,0.14565278166060944,0.03260871660898653,-0.1743572440785478,-0.20376736429101636,-0.05374374596319397,0.12890979726798607,-0.22447051565075724,0.21348461916651404,-0.21156430451254662,0.18797682511833264,-0.007305293397472357,-0.02462668581839916,0.21046147320524808,0.08780426672322211,-0.10951770410573299,-0.103116655259175,0.01396469783000588,0.1991208197969788,0.08319628276440477,-0.06515380833485969,0.008546942631563727
#51,0.5956927882159004,0.40998139454175625,0.5785719105781189,0.6732573048113908,-0.07671040074036227,0.1776387456257893,0.5343931053763026,0.42496216247481516,0.09449451958393182,1.0,0.5384882342166909,0.20070180174100816,-0.10965652203252581,0.1289637820172944,0.00624102262539404,-0.05079772107236848,0.7930494635265537,0.14597669015645937,-0.11202799494856988,-0.026674250238593312,0.26505162291652606,-0.0732438086240637,0.08192764115565924,0.1509162947181707,0.29992191491617903,-0.030688401955019137,0.2339988239036758,0.007983958817348384,-0.2638292539500448,-0.27846297706612166,-0.2458137718951539,-0.31921375068685953,0.01841458359442029,-0.13924402070700742,-0.23341270376832832,-0.14599982647759152,-0.2324988190836089,-0.2633202548851378,-0.19748585310364108,-0.06331447080485478,-0.39264457790674134,-0.22630599712724012,-0.22113888540772947,-0.1554818620882458,-0.033183268583767946,-0.07458185919620565,0.31879729690648106,-0.004571351450358131,-0.04438510406524442,0.04088766352076967,0.12553575043621606,-0.03931439368378433,0.02151485062612669,-0.043664022056626145,0.06526948994052037,-0.20497430904340952,-0.011234611936413678,-0.16354487000279563,-0.1990861153152806,-0.19562337925250403,0.1783482594738415,0.004548215129225994,-0.3615339380910607,-0.1361206173541689,0.11339303789536599,0.13147021680660928,0.011824588125283178,0.11906914867978367,-0.09202278927631516,-0.03675783019868316,0.08428754591113724,0.02790047525859659,0.14421832975041693,-0.28483703353802553,-0.0406910047911465,-0.07801760288432803,0.10572720349358448,-0.03525396932509423,0.07983766014672283,0.03825397896522804,-0.08961661187857288,0.04454705831316939,0.3777872036863872,-0.06406640124164924,-0.10642514918107063,0.2890015713418102,0.3247664677585725,-0.03950719635988548,0.134458658286177,-0.11313468230939046,-0.20984450464172444,0.3890121754889958,0.17497806869559349,0.03923341655982185,0.032840079820307906,0.37940289011211475,-0.013606084852457753,0.08890324197699864,-0.07022066266279776,0.23165048730876384,0.09401636894720099,0.23555281347305101,-0.1022259068955877,0.1261835674279159,0.13943682338310856,0.023994293040787405,0.019216642727001052,-0.039279689202086125,-0.08573356598189583,-0.0791242902451486,-0.2505759979948522
#52,0.4235701271533649,0.45086327398224285,0.32420348394435716,0.3606701821021276,0.06933762640625452,0.12629153692653253,0.16502945060877444,0.5440486633954479,0.06031831721824299,0.5384882342166909,1.0,-0.19204110553054476,-0.22396922869289426,-0.1059315743302517,0.13809106070392257,0.19374548118727888,0.38338233734684235,-0.12189177985790443,0.025421032843935872,0.1734973441431367,0.23018518697039514,0.07838007191539818,0.19200640104884656,0.18184955607183828,0.35015086809404916,0.017658797104103806,0.02048528433574658,-0.05677846008502598,-0.10430817579748007,-0.24160296144910492,-0.04914733016494269,-0.2900774102744546,0.023203802068772716,-0.20749231199329046,-0.0394609237176212,-0.0760741519092285,-0.05765378423452518,-0.037625442241138306,-0.3212497469464876,-0.09446752720927766,-0.43443262992490334,-0.055351720281877514,-0.12097403911966298,0.08594564892560709,-0.08016156864257276,0.0351652800940877,0.17658989906779907,-0.03580152892522148,-0.023554702939276796,0.019008415836811815,-0.08576441441007202,-0.13465146096227815,0.015780899038878658,0.017762910549198423,-0.05937744015886941,0.1369997975571901,0.018981423462157653,0.10482874302295316,-0.17996394589956907,-0.22435097799157452,0.0484918010661988,0.09840070180174101,-0.13489053628064357,0.14186228104846096,0.06931063403160036,0.2558356549988914,-0.019143377710082617,0.18616062390945987,0.05394811679986118,0.30802348336594915,-0.020489140389268603,0.06802271215524472,0.13456277173127162,-0.2951635448700028,0.10021304695709177,0.15589445981510222,0.29975996066825406,0.2689346688132031,0.21188821300839655,0.19051025228230167,-0.3131751708713717,-0.18166446550278117,0.24326106446357476,-0.12639179431810513,-0.07876953332112249,0.10463594034685202,0.0895549150222205,-0.0955202298207899,0.01922821088756712,-0.17431868354332758,-0.054634494326781254,0.13418487848611338,0.06920266453298372,0.005061070247655037,0.16462456498896205,0.2672110128888589,0.20806300791454985,0.11501643642813762,-0.19424676814514186,0.24753742781949814,-0.0649185890700163,-0.13418102243259136,-0.10294313285068397,0.09596367597582255,-0.0020225000723010037,0.058737335274213605,-0.05869106263194933,-0.016417147870012437,0.02620766776242854,0.16561557074412192,0.00931429728244628
#53,0.049251443610037304,-0.12895992596377237,-0.12775683726490122,0.07922069158319918,0.14618877310017064,-0.17577627177465224,-0.029354207436399216,-0.12087378172809038,0.22888569693347344,0.20070180174100816,-0.19204110553054476,1.0,0.58314904610876,0.2987535306990061,-0.05158049993733913,-0.47790577733218936,0.2711364753742782,-0.015356733151456142,0.002107333249785507,-0.373044257854299,-0.2028110630175547,-0.4415162002448594,-0.43151745346225406,-0.4420251993097664,-0.3029180685027908,-0.15065793913219516,-0.2873280441132523,-0.5223429381199811,0.2976506993917076,0.5489689876895492,-0.2210463401232009,0.17510146240829821,-0.18746782605342563,-0.019957005003229444,0.2612187057156353,0.31087310691872405,0.23978676024023213,0.12967715191886864,0.04620516132763923,-0.1601515429034155,0.3949543539664331,0.12511544060231555,0.2644924951558328,-0.006507090318413619,-0.2638716705387871,-0.25199116963743456,0.20054370354660522,-0.3131944511389818,-0.03735551849459671,-0.5730654661486702,-0.3129900803023146,-0.4033412703768328,-0.4308696364705542,-0.41348654719327504,-0.3151186218464712,-0.21919929048615194,-0.37169078306806896,-0.48332738858415353,-0.07900860863948792,-0.13165145132214434,0.11190845728938717,0.31090395534690024,0.18090096690542065,-0.2469435955771066,-0.28981134258143504,-0.4765792949206135,0.3053705185427974,-0.037478912207301436,0.16130835896002235,-0.2120655914704096,0.041816972419577186,-0.1604523150781333,-0.0057937204168393855,0.1272632624140823,-0.008145913065273345,-0.13778257642216074,-0.04140823074624276,-0.13224142751101386,-0.21274425689028564,-0.2286080610798878,0.6434461550326318,0.3918617990417707,0.034787386848929465,0.5816027686464288,0.41790558452951326,0.5919601284065823,0.41892358265932733,0.20446916603202453,0.23547954845613256,0.468416029614491,0.30737181032072725,0.5807505808180617,-0.17330454146703556,0.023088120463112028,-0.056955838547039034,0.02838248194884945,-0.24495001590622079,0.1537813424850337,-0.09469117831355499,0.05800082905150723,0.05608437045106186,0.3545776175373314,0.18272102416781544,0.20982908042763634,-0.22929058255328583,0.04231054727039611,-0.2070912824270001,-0.006950536473446251,0.0515419394021189,-0.1255743109714363,-0.11036603588057803
#54,-0.12901776676660273,-0.23556052558009505,-0.3729748488909026,-0.24748344307018982,0.36137969595017977,0.2771519188686339,-0.16319782518581358,0.022895317787010885,0.2720542161125196,-0.10965652203252581,-0.22396922869289426,0.58314904610876,1.0,0.2785478102436062,-0.20645888964938833,-0.3040324679706554,-0.047161462601100906,0.036634436485978424,-0.18451794510907812,-0.43021796342533236,-0.41438115161038436,-0.3942371280113368,-0.16534564699758034,-0.32105308821686446,-0.24558626473735456,-0.014782181176674732,-0.389555879035601,-0.3811920989463334,0.4634031600358613,0.5808893987448546,0.348438780330271,0.3837602305920006,0.02773852101067163,0.08762688826120907,0.26072127481129437,0.3220402379185023,0.1984999951799331,0.1619523198982002,-0.0013978194017332962,-0.1105125659144149,0.5450281009900417,0.11952030694186035,0.1617865095967532,-0.12821185158049994,-0.20455399920950904,-0.21663887094752876,-0.07892763151552544,-0.23827133120607713,-0.16516441248204525,-0.4398503851233455,-0.2840658228336209,-0.31675744459333094,-0.2457289387176694,-0.21920314653967396,-0.32930889880751546,-0.16876982252513664,-0.3702447629973104,-0.3793103448275862,0.04656377430518736,-0.14435329162368774,-0.059539394406794365,0.3031340075000241,0.19972622019993638,-0.23465049694889764,-0.3650390907425795,-0.4592231980179885,0.14479673777872037,-0.02586833505249053,0.08107159727377015,-0.018661371019829755,0.0072281723270318995,-0.1446502077448835,-0.09870147397645879,0.404039216064319,0.012048239229560507,-0.016259049675609497,0.02908042763633559,0.035539317285723925,-0.3132098753530699,-0.19421591971696567,0.5651528443214792,0.2307173223564343,0.0198143310229146,0.5125832666557412,0.45938129621239143,0.42936191954344327,0.3556727367375859,0.19677633925558888,0.12194962066073477,0.22413889504786327,0.3872229666547772,0.2948396363741529,-0.1714921963116848,0.2033547665641599,0.08227082991911927,-0.014593234554095611,-0.12008714680959771,0.2996327109020273,0.14232886352462573,0.27911850616486555,0.26502848659539396,0.14154608465965507,0.5053300299808161,0.3316919398841256,-0.004633048306710497,0.2197468500862792,0.09980816133727936,0.1720474680188561,0.01257266250855562,0.09475287516990735,0.17539066642244994
#58,-0.22160161183037222,-0.22553093036931351,-0.22452450040006555,-0.1516258085662229,-0.0364454898633993,0.1143724754899598,0.4922387282735484,0.03571283969421495,0.27665834401781497,0.1289637820172944,-0.1059315743302517,0.2987535306990061,0.2785478102436062,1.0,0.3029759093056212,-0.19487530486923157,0.218200572623948,-0.17879170562887414,0.21641907589677345,-0.45227458957130323,0.20168895144264604,-0.5634176202365689,-0.2579950449712242,-0.5278570946564738,-0.24232404345772318,-0.5597697936047352,-0.33377035273249595,-0.44128869308706004,0.375743495319715,0.41114977875892916,-0.1727724060809964,0.1394599597042407,-0.33266366537167535,-0.06354969006969817,0.28224962162474815,0.32087185370132937,0.39117542151485063,-0.10154338542218966,-0.08021169733835906,-0.41312407816220487,0.11980179884896802,-0.2541312793421573,0.17996780195309112,-0.15077362073785583,-0.3155620680015039,-0.5093403256437199,0.07584278869790713,0.2255077940481814,0.22097307510628247,-0.16112326839096527,-0.14826332989501895,-0.20638948068599192,-0.20911185447254008,-0.4033913990726191,0.09993926715702814,-0.2167622646602335,0.021526418786692758,-0.25044103612158136,0.1596618241061186,-0.0527720204756442,0.2674963608494886,0.10282745124502328,0.3337163679831876,-0.15625692884617237,-0.4545072445605545,-0.37837717987525665,0.6805953746638004,0.604037288037558,0.4574339891837699,0.05954710651383841,0.3552717071712955,0.04180926031253314,0.29012368291671886,0.13876201401675456,0.3207368918280586,0.15041886381382974,0.2382327706708569,0.165121995893303,0.23965565442048337,-0.01690301061378732,0.409603501296598,0.03981953669516933,0.2807457607511592,0.14248696171902867,0.3929607742955472,0.1542055083724562,0.126873801008358,0.024364474178901602,0.11543674626203812,0.09172972920864142,-0.07778623967300666,0.3459670500226543,-0.40366903492620476,-0.026273220672302932,-0.1352645734722798,-0.17230967965835367,-0.31618289261854954,-0.0019145305736843628,-0.24578292346697772,0.0991911927737557,0.15178390676062584,0.16689963656695556,0.16300116645619042,-0.08431068223226938,-0.14634301524105153,-0.1772878447552852,0.07284277905777332,0.1669921818514841,0.16766313516431608,0.09934543491463661,0.08706776050051575
#101,-0.14695227169753117,-0.1596811043737287,-0.2464384525657216,-0.026651113917461174,-0.16010527026115123,-0.21561316071067066,0.15074662836320168,0.16909373102098657,0.0421910096112134,0.00624102262539404,0.13809106070392257,-0.05158049993733913,-0.20645888964938833,0.3029759093056212,1.0,0.29089874967464546,-0.03053415981413822,-0.2284114023502646,0.8767682415431927,-0.036646004646544494,0.683232915272864,-0.07248031002670317,-0.13866561267870398,-0.43503417427433894,0.23945513963733817,-0.3739697106995845,-0.2044306054968043,-0.47208699256745684,0.31665333114823635,0.2407083570319956,-0.4231690975870745,-0.18334956089190518,-0.4499609574580895,-0.40780658035533535,0.558551280691776,0.4363452324718267,0.6049203242941013,0.04126555676592791,0.08617701213692847,-0.5542517810147205,-0.056782316138548006,0.009202471730307617,0.21096276016311105,0.20537919466322194,-0.49735956735079484,-0.5506270907040189,-0.16587778238361947,0.13523758109762563,0.15796901660995055,-0.20145758823132465,-0.20974810330367386,-0.13920931622530922,-0.3552022982078991,-0.24465695583854705,0.523684844745645,0.23188185052008523,0.12081594092526005,-0.2003046282282398,-0.20418381807139482,-0.14961680468124897,0.23994100238111304,0.14285328680362083,0.46277076725824956,0.4231035446772001,-0.13860391582235163,-0.009387562299364716,0.42961641907589676,0.42301099939267156,0.7239297041442935,0.3962114274146125,0.1510204081632653,0.0988711403314278,0.22089595403584203,-0.2580490297205325,0.3043563764665054,-0.014685779838624161,0.10172461993772473,0.06781062921153345,0.6193612447340769,0.22032911416810466,0.04088766352076967,0.04616274473889698,0.31955693945031954,0.15483018904302392,0.046856834372861096,-0.25973412510965654,-0.19421206366344365,-0.0270598555907956,0.06412038599095755,0.19923650140263946,-0.11282234197410661,0.14361292934745934,-0.5034906924508112,-0.327724060809964,-0.15730963145768465,-0.3449336276787522,-0.02470766294236164,-0.2756056414063027,-0.5787145845584337,-0.09839298969469697,-0.25321739465743787,-0.13634812451196823,-0.26052847213519326,-0.2853036160141903,-0.2659616515477235,-0.36073573501200196,-0.3141314721448334,-0.03853161481881368,0.18731743996606673,-0.08733768424705735,-0.2140360348201633
#102,0.07031706400084833,0.2217519979177311,0.15515409753887385,0.12433651779086694,0.02552129023550847,0.13051005947962557,0.11311540204178033,0.15180318702823595,-0.21999363751168866,-0.05079772107236848,0.19374548118727888,-0.47790577733218936,-0.3040324679706554,-0.19487530486923157,0.29089874967464546,1.0,-0.20555657312523498,-0.04064858820240425,0.20474294583208816,0.6736390541100711,0.14099081295248378,0.5880346659211629,0.30437180068059344,0.3835365794877233,0.311544060231556,0.1257439773264053,0.14245611329085248,0.2869925674568363,-0.2968255039379947,-0.28332546055739255,0.0530072397404876,-0.06413581020504565,0.10036343304445065,-0.06482218773196571,-0.1670577347613585,-0.09991998688941803,-0.2511197015414574,0.011573944646351692,-0.17170042320187404,-0.08314229801509646,-0.3418603530216999,0.127548610374712,-0.2417726278040739,0.5033865790057166,0.08934668813203127,0.12767586014093876,-0.22981886188580297,0.2068406389480686,0.05982088631390204,0.3838797682511833,0.22411961478025316,0.2990080302314596,0.18160662469995084,0.24813126006188965,0.10450483452710324,0.33623822698659056,-0.009017381161250518,0.35734626396614383,-0.0728890517000376,0.14836358728659155,-0.06410881783039149,0.009854144775529485,-0.14893428320785093,0.4150289686020842,0.21181494799147813,0.38560728022904955,-0.03680795889446946,0.22566974829610634,0.08182352771056463,0.40327957352048044,-0.11756528780619475,0.07736978589262819,-0.3479529175864961,-0.3816124087802339,-0.24808113136610335,-0.08164229319502955,-0.20004241658874225,0.06582861770121369,0.16961815429998167,0.10224518716319783,-0.2860516903974627,0.07639806040507842,-0.036684565181764724,-0.3017843887673161,-0.3283101809453115,-0.30299133351970925,-0.16071067066410882,-0.26238323387928625,0.014658787463969999,-0.43414342591075167,-0.3963772377160595,-0.2383484522765176,-0.005562357205518013,-0.008450541293513154,-0.004702457270106909,-0.24002969161211957,0.3248165964543588,-0.32855311231719897,0.014404287931516489,0.13027098416126015,-0.0789893283718778,-0.2623986580933743,-0.17120684835105512,-0.23991015395293686,0.3161559002438954,-0.0669931458648646,0.10142384776300695,-0.21776869462948145,-0.16182507013197342,0.17328140514590343,0.12055758533928451
#201,0.4824790568093085,0.30804661968708125,0.5881079309380814,0.5842056047737942,-0.07951375165087292,0.09384670259223198,0.3409927409792448,0.13442009775095679,0.10224904321671985,0.7930494635265537,0.38338233734684235,0.2711364753742782,-0.047161462601100906,0.218200572623948,-0.03053415981413822,-0.20555657312523498,1.0,0.23333943875140986,-0.11923495898123065,-0.2265026558568633,0.2122506820394667,-0.20959771721631495,0.2167159920179692,0.06864739282581242,0.3158435599086115,-0.05160749231199329,0.30296048509153306,-0.05335814061099168,-0.11444188445335621,-0.1747428494307501,-0.23874562578928596,-0.3199502569095659,-0.0005841921085864672,-0.18883672505374374,-0.1806888839617094,-0.027036719269663462,-0.07891220730143735,-0.29828694822284135,-0.031239817608668407,-0.13198692797856035,-0.1492350553825687,-0.2578947875796516,-0.16447803495512517,-0.3328101954055122,-0.029442896667405745,-0.23291141681046532,0.35316630194827103,0.12346119364136775,-0.010629211533456084,-0.009653629992384295,0.07455872287507351,-0.04047892184743524,0.05103294033721188,-0.031047014932567264,0.08219756490220084,-0.23492813280248329,-0.03196089961728669,-0.33014951847531643,-0.13749337240800902,-0.2962702322308234,0.22273529156584693,0.07475152555117465,-0.2990080302314596,-0.23020446723800525,0.011169059026539288,0.054912130180366905,0.07575024341337858,0.07001629182613055,-0.00010604147185562935,-0.08199705011905566,0.282052962895125,0.14725689992577096,0.13769774324467624,-0.182647759150897,-0.03461386444043843,-0.017365737036430066,0.07856516248445529,0.08452276517598065,0.04613575236424282,-0.04974501846085624,-0.03530409802088053,0.034054736679745116,0.5328314036998834,-0.042850394763479314,-0.024194807823932594,0.14631216681287537,0.28494885909016415,0.10729276122352578,0.19147040960928538,0.08996365669555494,-0.15209239104238767,0.5085999633674916,0.10200611184483241,0.05644298342860999,0.05596483279187915,0.4392372726133439,-0.04628228239807969,0.32911995218493634,-0.05796998062333105,0.2374538478594083,0.22533041558616834,0.5643854896705967,-0.07964871352414371,0.13866561267870398,0.14813222407527016,-0.04966018528337173,-0.005435107439291258,0.045298988749963846,-0.07387234534815343,-0.03895963675975823,-0.16179422170379726
