,#10,#11,#12,#13,#17,#18,#26,#49,#50,#51,#52,#53,#54,#58,#101,#102,#201,#202,#301,#302,#401,#402,#501,#502,#601,#602,#701,#702,#801,#802,#901,#902,#1001,#1002,#1101,#1102,#1201,#1202,#1301,#1302,#1401,#1402,#1501,#1502,#1601,#1602,#1701,#1702,#1801,#1802,#1901,#1902,#2001,#2002,#2101,#2102,#2201,#2202,#2301,#2302,#2401,#2402,#2501,#2502,#2601,#2602,#2701,#2702,#2801,#2802,#2901,#2902,#3001,#3002,#3101,#3102,#3201,#3202,#3301,#3302,#3401,#3402,#3455,#3501,#3502,#3601,#3602,#3701,#3702,#3801,#3802,#3901,#3902,#4001,#4002,#4101,#4102,#4201,#4202,#4301,#4302,#4401,#4402,#4501,#4502,#4601,#4602,#4701,#4702,#4801,#4802
#10,1.0,0.2528433574658016,0.24463767557093694,0.5177889389104721,0.08217828463459073,0.22959906683504766,0.13183654189120145,0.5847030356781352,0.1872133265209721,0.45242111960514014,0.20701416135655962,-0.0028091349907936724,0.08894951461926291,0.026385046224441596,-0.35842981500583226,-0.3031340075000241,0.5109251636412714,0.4152950362951038,-0.3306469493796574,-0.4720600001928027,-0.07117310788273741,-0.07464741210608003,0.05310364107853817,-0.05923476617855456,0.22228027725024824,-0.2838383156758216,0.2355682376871391,0.1573559040999489,0.10971050678183414,-0.13126970202346408,0.11202413889504786,-0.49492254152487636,0.49666547771683073,-0.16580066131317903,-0.038300251607492314,-0.3259464201363115,-0.20247173030761667,-0.362258876153201,0.051935256861365235,-0.3192793035967339,-0.010359287786914483,-0.05553681085093461,-0.06568594372089885,-0.23712608331003635,0.09737884761840494,-0.3260119730461859,-0.0192590593157433,0.01875006025083628,0.44657919851927547,0.12311414882438568,0.38983351488918666,0.20468896108277984,0.5273635198056549,0.2958036497546586,0.30476126208631776,-0.20545245968014036,0.1969999903598662,-0.10290842836898575,0.3153615532183587,0.22809134990793672,0.07559600127249766,0.07739677826728235,-0.3649002728157867,-0.24070064492495155,-0.19341000453086288,-0.025930031908842896,-0.3577203011577801,-0.18381999942159197,-0.12754475432118997,-0.45232471826708953,0.2567109791483906,0.1598122101934775,0.017577819980141324,0.43929896946969627,0.14646255290023424,0.30961603347054456,0.13388796236491762,0.09431328506839674,0.02866397385595712,-0.3627832994321961,-0.30900292096054294,-0.05522061446212873,0.19918637270685316,-0.15646901178988365,-0.23620063046475084,0.06709725930995922,-0.029805365698475896,0.2869887114033143,0.29163525589735184,-0.15422864469358835,0.13499464972573819,0.17871458455843367,0.1931747852660195,0.0553671444959656,0.2694706602527643,0.6050051574715857,-0.06713196379165742,0.5972467777852757,0.36039254624854195,0.29895404548215126,0.3238564391273751,0.3507639806040508,-0.1544253034232115,0.6899077439194856,0.5851117773514697,0.5759420820760992,0.48181195954999856,0.011415846451948753,-0.00705464991854087,-0.12699719472106272,-0.07890835124791531
#11,0.2528433574658016,1.0,0.4397308474641628,0.49082355663096605,0.19817223063056116,0.16726981770506974,0.17925443205151687,0.07130806975600822,-0.011477543308301119,0.3097201469156392,0.2009447331128956,-0.10546499185408693,0.0870600483934717,-0.07689934736294139,-0.18464519487530487,0.0003335486296549796,0.17946651499522814,0.26868402533427166,-0.1112722084582534,0.01531431656271389,-0.14212449268795851,0.10863081179566772,0.32617007124058883,0.10418478208477534,0.14399082259261758,-0.19267349830815653,0.21684324178419598,0.0557373256340798,0.07179007644626108,-0.0776242854250817,0.22795638803466592,-0.14499339650834353,-0.051133197728784475,-0.33688990003181246,-0.011246180096979747,-0.11806657476405773,-0.1981953669516933,-0.19902827451245023,-0.13473243808624064,-0.32801326482411575,0.004297571650294506,0.08004203098339005,0.11684034974405445,-0.05842113888540773,0.4372128445142819,-0.24267494432822728,-0.14960909257420493,-0.08293021507138519,0.4677643565692692,0.32774334107757414,0.3507022837476984,0.4668774642592039,0.47951760770439494,0.31105819748778113,0.08081709774131665,-0.1603867621682589,-0.04291594767335371,-0.12879025960880336,0.06594429930687438,0.17273384554577617,-0.33645030993030184,-0.457117792794964,-0.17929684864025913,-0.0927708636595876,0.2908717572999913,-0.0037075954614250047,-0.23278416704423857,-0.06268979013428706,-0.2425939672042648,-0.1231334290919958,0.19761310286986783,0.09336855195550114,-0.2848717380197237,0.02164595644587547,-0.10348298034376717,0.06832734038348452,-0.2863640307327466,-0.2866378105328102,-0.11324265180800709,-0.15850500804951173,-0.10438915292144255,0.16727367375859176,0.19812595798829688,0.029843926233696125,-0.2478844726364802,-0.2504294679610153,-0.2884424435811169,0.06085816471132619,0.10600098329364811,0.12955761425968593,0.1804228162686898,-0.19126989482614018,-0.26780870118477246,-0.1460152506916796,-0.24932663665371677,0.19576219717929685,0.045935237581097625,0.3181456238612592,0.34752489564555156,0.31394252552225427,0.35686040122236895,0.381292356337906,0.26075212323947056,0.41556110398812335,0.2964283304252263,0.23359008223034136,0.06919495242593968,-0.2612649783578996,-0.10071047786143272,-0.24943075009881138,-0.24098984893910327
#12,0.24463767557093694,0.4397308474641628,1.0,0.5362632913344837,-0.05714092911609613,-0.08871043930089749,-0.0405560429178757,-0.20608099640423008,-0.2605670326704135,0.38267282349879017,-0.08490837052818292,-0.1515448314422604,-0.15677364001812344,-0.5047709022201228,-0.2682290110186729,-0.16610528954141884,0.390057165993464,0.6929694504159718,-0.16214897862782335,-0.3650313786355355,-0.05881831239817609,0.1485756702303028,0.27079328661081814,-0.1084919938688749,0.3438346524249757,-0.3736496582572566,0.5581618192860517,0.2138008155553199,-0.09354593041751419,-0.4748402147821812,0.2090810060443639,-0.12552032622212797,0.00583999305910366,-0.21820828473099207,-0.349283256051594,-0.3158435599086115,-0.21222754571833458,-0.43668842123528673,0.07684150656011106,-0.34850433324014535,-0.19093056211620218,-0.2628999450512373,-0.16546904071028506,-0.5151629664619745,0.16305515120549874,-0.3356212584230669,0.020304049820211504,-0.08701377575120743,0.4771846953235711,0.32212892714950886,0.44063316398831615,0.44728485631380566,0.4801345762679186,0.44178998004492304,0.33523950912438666,-0.11812827162041009,-0.05668591480049743,-0.3355210010314943,0.3075144843010421,0.2288625606123413,-0.16339448391543673,-0.27750667579266003,-0.497556226080418,-0.4931873174399661,0.42872181465878745,0.10325547318596782,-0.5976786557797422,-0.3905430287372389,-0.2793845738578851,-0.2999334830767451,0.2776570618800189,0.2708279910925164,-0.4705445711586477,0.026011009032805375,-0.02182333490788852,0.12430181330916873,-0.13292780503793392,-0.16516055642852323,-0.44885812615079096,-0.5705474631987892,-0.3733373179219728,-0.2878524673922474,-0.03441720571081527,0.024819488494500302,-0.5525782537861625,-0.322329441932654,-0.13539182323850654,-0.19212593870802927,0.031220537341058292,-0.1883585744170129,-0.2530554404095129,0.04645966086009274,-0.1261180145180415,0.011450550933646959,-0.02702129505557537,0.2951712569770468,0.08993280826737875,0.4727193853450686,0.5658315097413552,0.39048904398793055,0.5702196986494172,0.6680323522890498,0.4719790230688402,0.34342591075164125,0.455772030115778,0.3191944704192494,0.2511929665583758,-0.11545217047612621,-0.1219534767142568,-0.2968679205267369,-0.17087908380168318
#13,0.5177889389104721,0.49082355663096605,0.5362632913344837,1.0,0.07353686869173744,0.15148699063943008,0.02051227671040074,0.04400335476656416,-0.03583623340691969,0.5824395322607078,0.09540840426865124,-0.2403034714121832,0.030726962490239363,-0.1627428108702149,-0.287621104180926,-0.07913971445923669,0.3696085141661766,0.3314104479770179,-0.22047950025546353,-0.19841901805597062,-0.22241523912351904,0.12300232327224701,0.17535210588722971,0.054568941416906866,0.11511283776618819,-0.17233667203300782,0.4091292067133892,0.2988267957159245,-0.03435165280094088,-0.2583806503234265,0.14992143290948878,-0.22851551579535925,0.18443696798511564,-0.17873386482604378,-0.1194431858714199,-0.26385239027117696,-0.22706563967107862,-0.2434191626579777,-0.08576441441007202,-0.18998197294978456,-0.03519227246874187,-0.009838720561441392,-0.034062448786789164,-0.12069640326607733,0.18296781159322492,-0.16153972217134374,0.2041761059643508,0.043849112625683244,0.430665265633887,0.21703990051381913,0.47388005745519746,0.3845314412964052,0.5210665844041915,0.48332353253063154,0.15581733874466178,0.01786316794077102,-0.1296038869019502,-0.03367684343458687,0.29889234862579894,0.35981028216671646,-0.20649745018460855,-0.3418410727540898,-0.29139232452546443,-0.30359287786914485,0.26450791936992085,0.13177098898132705,-0.3965777524992047,-0.1459304175141951,-0.2342726037037394,-0.2776917663617171,0.24318008733961227,0.11916169396431223,-0.3446675599857326,0.16614770613016108,-0.1433391495473957,0.04460875516952175,-0.1192079666065765,-0.05585300723974049,-0.32928961853990535,-0.3215119585859852,-0.2984257661496342,0.044975080254113925,0.1364638061176289,-0.1753636740477958,-0.4600175450435252,-0.14455766246035495,-0.0890150675291373,-0.0032333008782161896,0.05215890796564256,-0.1089624323985617,0.012915851272015656,-0.04010488465579902,-0.0786345714478517,0.14040083676361428,0.06912168740902123,0.3951818611242324,0.025394040469281714,0.5673970674712965,0.5400537919466322,0.5050832425554067,0.45833244965440123,0.35522543452903127,0.09409349001764145,0.4126073669902538,0.41938630908197005,0.4706101240685221,0.3733257497614067,-0.17288037557961305,-0.2540695824858049,-0.050273297793373375,-0.05892628189679273
#17,0.08217828463459073,0.19817223063056116,-0.05714092911609613,0.07353686869173744,1.0,0.44762804507726567,-0.03640692932817907,0.10027474381344413,0.08595336103265114,-0.08572585387485178,0.04349435570165714,0.4568170206202462,0.39579497363423405,0.12847020716647548,0.1818842605535365,0.015441566328940646,0.037155003711451515,0.04863061899299162,0.11130691293995161,0.09457164065437228,-0.5179277568372649,-0.30023039919794087,0.029944183625268718,0.020307905873733528,-0.08731840397944723,0.07418854173695931,-0.37238487270203313,-0.23480088303625654,0.3518783800719154,0.44486325470197524,0.05471161539722171,0.22480984836069526,-0.10868865259849807,0.13568873935970233,0.4695150048682676,0.38978338619340036,0.22324429063075396,0.3927216989771818,-0.004108625027715385,0.20658228336209306,0.442468645464799,0.3650892194383658,0.30554018489776635,0.39635795744844937,0.08444178805201816,0.11275678906423221,-0.07453173050041935,0.07476309371174072,-0.27744497893630765,-0.24100527315319137,-0.29124193843810553,-0.22026741731175228,-0.29518668119113495,-0.1338494018296974,-0.36142982464596607,0.10833003962094993,-0.27286784340566644,-0.09456392854732824,-0.16300887856323446,-0.09946497257381932,-0.29211726258760473,-0.19413879864652522,0.29864170514686744,0.09986600214010971,-0.003117619272555503,0.10829533513925173,0.17038936500438626,-0.015248763652839501,-0.03539664330540908,0.11689433449336277,-0.15474921191906144,-0.2954219004559783,-0.046178168952985064,-0.1655577299412916,-0.09989685056828589,-0.02883749626444815,0.0028708318471460386,-0.15448314422604187,0.12103573597601534,0.3072831210897207,0.04852264949437498,0.33761483809395276,-0.016633086867245718,0.21595249342060868,0.35623186449827926,-0.02595316822997503,-0.09345338513298565,0.3527459921143705,0.2607752595606027,0.3927679716194461,0.36562906693144903,-0.1936336556351402,-0.11608070720021593,-0.20577251212246825,-0.11033904350592386,-0.18112461800969798,0.24590246112616043,0.028000732650169183,-0.0019222426807284085,-0.2397790481331881,-0.20736506222706372,0.09728244628035437,0.18375830256523962,0.029053435261681432,-0.047766863004058496,-0.09662691718161048,-0.22029440968640646,-0.2642958364262096,-0.10281973913797923,0.01608552726711847,-0.033495608919051796
#18,0.22959906683504766,0.16726981770506974,-0.08871043930089749,0.15148699063943008,0.44762804507726567,1.0,-0.033769388719115424,0.26730741422690946,0.1909691226514224,0.05136456094010585,0.08293792717842924,0.22385354708723357,0.6082943711258713,0.2474294583208815,-0.017307896233599723,-0.0782798145238256,0.06355740217674222,0.07256128715066565,0.0878351151513983,-0.09353436225694813,-0.25188320013881793,-0.2951519767094367,0.055351720281877514,-0.06084659655076013,-0.1415846451948753,-0.13495994524403998,-0.14162320573009554,-0.08646621615108017,0.3976535914318491,0.43322182911898816,0.32991429921047305,0.2822072050360059,0.06723222118323002,0.1439599741644414,0.4821782846345907,0.21054245032921057,0.21648462880664784,0.22447822775780127,0.1700770246691024,0.0251896696326145,0.3859350447784215,0.38565740892483585,0.19835346514609623,0.288288201440236,0.2991738405329066,0.006977528848100411,-0.12690079338301216,0.03598276344075656,0.03415499407131771,-0.115922609005813,-0.11283391013467267,-0.18729044759141256,-0.0342552514628903,0.07422710227217953,0.044674308079396145,-0.046660175643237926,0.2157712589050736,0.045514927747197134,-0.09322202192166427,0.023593263474497025,-0.3066815767402852,-0.2670799070691101,0.20759256938486306,-0.008978820626030289,0.06501499040806687,-0.007706322963762737,0.1473957178525638,-0.24818138875767595,-0.2508382096343497,-0.004390116934823055,-0.0979611117002304,-0.2821917808219178,-0.10934032564371994,-0.21460287468790068,0.13090723299239393,0.19304753549979273,0.22093837062458427,0.21435223120896918,0.06205739735667531,0.12715529291546568,0.21054630638273258,0.5062940433613219,-0.1270126189351508,-0.04343651489882679,0.16962201035350372,-0.10961410544378355,-0.15530448362623273,0.25713900108933513,0.3586650342706757,0.517777370749906,0.6189679272748305,-0.1790076446261074,0.06024890825484658,0.02923852583073853,0.02232847791927352,0.06060366517887268,-0.11538661756625182,0.20427250730240135,0.008681904504834527,-0.026971166359789075,-0.14361678540098136,0.2943190691486798,0.2991275678906423,0.1849845275852429,-0.05272960388690195,0.050045790635574024,-0.04991468481582524,-0.000996789835442916,0.1170524326877657,0.0028554076330579467,0.03191077092150039
#26,0.13183654189120145,0.17925443205151687,-0.0405560429178757,0.02051227671040074,-0.03640692932817907,-0.033769388719115424,1.0,0.32222147243403737,0.2667097259309959,0.22451678829302152,0.45154965150916293,0.20540618703787608,-0.04369872653832435,0.2722971474844071,0.014122796024408819,-0.2105655866503427,0.2682174428581069,0.11631207041153731,0.15231989820018701,-0.2307018981423462,0.05392112442520702,-0.2949784543009457,0.0834546383503803,-0.316930967001822,0.11912698948261402,-0.31997339323069807,0.014134364184974888,-0.18063104315887904,0.0839944858434635,-0.05614992336093625,-0.15133660455207118,-0.09402793710776705,0.13031340075000242,0.030468606904263833,0.07462041973142587,-0.06988904205990379,0.16917470814494906,0.0329904659076668,0.1360203599625963,-0.22910549198422875,-0.02322693838990485,0.0955857827306643,0.17869530429082356,-0.0996809115710526,0.0942207397838682,-0.30269056134499145,-0.22825716020938372,-0.014554674018875382,0.10133515853200042,-0.053335004289859544,0.0006613131790269249,-0.05585686329326251,0.08050861345955482,0.028197391379792353,0.2023252002737798,-0.13214502617296328,0.11828251376129101,-0.2699603790500612,-0.12335708019627313,-0.24751814755188803,0.2127558250508517,0.21847820847753366,0.00931429728244628,0.16337520364782662,-0.09100479114650112,-0.25234207050793867,0.30869829273230315,0.33495030511023494,0.16690349262047757,-0.05800082905150723,0.31265845969942063,0.04790953698437334,0.25640249486662875,0.11782364339217029,0.26302719481746406,0.24880606942824365,0.10545342369352087,0.11665525917499735,0.29013525107728494,-0.21230466678877502,-0.08891866619108674,0.04266916024794424,0.16485978425380543,0.15611425486585753,0.09691997724928422,0.050905690570985124,-0.055263031050870985,0.13025555994717206,-0.05425274502810099,-0.03543905989415133,0.04492495155832763,0.157540994669006,-0.06493786933762641,-0.18077371713919388,-0.19308609603501298,0.21527382800073264,-0.10793672216170361,0.14896898768954914,-0.15481862088245785,-0.012341299297234246,0.0469416675503456,0.09075800372109165,-0.10742772309679659,0.08439165935623187,0.15665795841246277,0.18319146269750225,0.2549449066353041,0.020211504535682955,0.17148062815111872,-0.06368079588944695,-0.13034810523170062
#49,0.5847030356781352,0.07130806975600822,-0.20608099640423008,0.04400335476656416,0.10027474381344413,0.26730741422690946,0.32222147243403737,1.0,0.7202664532983718,0.28883576104036324,0.5004019935796709,0.3427279650641551,0.32398754494712384,0.49104720773524335,0.005897833861934003,-0.3264245707730423,0.3179913817203783,0.17242150521049232,-0.03211128570464558,-0.35831027734664955,0.1960706814610587,-0.2888588973614954,0.2077043949370017,-0.10069890970086665,0.10347526823672312,-0.3158936886043978,-0.21208872779154175,-0.34673054862001484,0.44795966568015966,0.17329682935999152,-0.041176867534921384,-0.315581348269114,0.31003248725092303,-0.10839173647730231,0.21153731213789248,-0.3076494461743129,0.03774883595384304,-0.21660802251935257,0.18749481842807977,-0.3605583565499889,0.2636210270598556,0.13589696624989156,0.2256273317073641,-0.048676891635255896,0.09688912882110803,-0.2654565085363385,-0.4407179971658007,-0.3683051680757329,0.017458282320958616,-0.25530351961285225,-0.1256437199348327,-0.17488166735754293,0.15202683813251328,0.16851532299268313,0.29326636653716753,-0.40653022663954574,0.36496196967213906,-0.12129023550846886,-0.17397163872634552,-0.14199724292173174,0.2494654545805096,0.2756210656203908,-0.11003055922416204,0.04993396508343536,-0.34053001455660203,-0.16135848765580865,0.17631611926773544,0.018977567408635633,0.11832493035003326,-0.30518542797374026,0.3056944270386473,0.04312031851002092,0.4346755612967908,0.4897014450560574,0.40310605111198944,0.4582360483163506,0.241282909006777,0.20965170196562327,0.4768993473629414,-0.10180945311520924,-0.07343275524664282,0.17820944154704868,0.20737277433410775,-0.0314403323918136,0.12749462562540367,0.19262722566589224,-0.14298824867689164,0.47173609169695274,0.2069254721255531,-0.15178005070710382,0.2448690387822583,-0.06852399911310769,0.19236115797287268,-0.2409782807785372,-0.06653041944222186,0.47784793652935903,-0.24092043997570686,0.3462832464114602,-0.15653842075328006,-0.05107150087243211,-0.1092670606268015,0.08829784157404105,-0.3918926474699469,0.389717833283526,0.17032381209451186,0.2520297301726548,0.16688806840638948,0.05863707788264101,0.16831866426305997,-0.14843299624998796,-0.1826593273114631
#50,0.1872133265209721,-0.011477543308301119,-0.2605670326704135,-0.03583623340691969,0.08595336103265114,0.1909691226514224,0.2667097259309959,0.7202664532983718,1.0,0.2903820385026944,0.6088727791541747,0.423088120463112,0.30292192455631284,0.5753559619407518,0.15997030838788043,-0.27424445451302865,0.24484975851464819,0.007305293397472357,0.07744690696306865,-0.2683099881426354,0.16366055160845633,-0.3222754571833457,0.34045674953968363,-0.02207783444034203,0.10662566396421583,-0.24633048306710498,-0.2362931757492794,-0.4748402147821812,0.48844822766139995,0.27479972622019994,-0.2615696065861394,-0.17285338320495888,0.06899058158927246,-0.05085556187519883,0.28335630898556874,-0.1910038271331206,0.07091089624323986,-0.08118727887943085,0.17473513732370605,-0.2086568401569414,0.3581945957409889,0.2946584018586178,0.2578986436331736,-0.03163699112143677,0.045356829552794194,-0.13029797653591432,-0.3689144245322125,-0.45933887962364917,-0.19974164441402448,-0.3921317227883123,-0.30491164817367666,-0.3018075250884482,-0.09621431945475403,0.046424956378394534,0.12844707084534332,-0.3847473802936385,0.22905536328844245,-0.1817685789478758,-0.2709012561094348,-0.25610172269191095,0.264025912679668,0.26950922078798456,-0.010239750127731774,0.06243143454831153,-0.27877917345492753,-0.2978627823354188,0.3719607068146106,0.1539510088400027,0.1710526062101742,-0.040286119171334095,0.25697704684141015,-0.0050379339265229,0.37842345251752096,0.36594140726673285,0.31029084283689856,0.3084245129322395,0.2821609323937416,0.2718305650082423,0.5185061648655683,-0.05267176308407161,0.12466428234023888,0.24063509201507716,0.07382221665236713,0.0302950844957728,0.1794780831557942,0.2722315945745327,0.01413822023849691,0.45717563359779434,0.04775915089701445,-0.04956378394532116,0.1470293927679716,-0.09747910500997754,0.08553305119875064,-0.2105655866503427,-0.21306816538613557,0.3842422372822535,-0.1937801856689771,0.19636374152873243,-0.3269798424802136,-0.11822081690493864,-0.2966134209942834,-0.12919514522861578,-0.4178438876731609,-0.0046137680391003825,-0.12563215177426662,-0.0610278310662952,-0.10456267532993357,0.10089942448401183,0.10498298516383407,0.04232211543096218,-0.0634185842499494
#51,0.45242111960514014,0.3097201469156392,0.38267282349879017,0.5824395322607078,-0.08572585387485178,0.05136456094010585,0.22451678829302152,0.28883576104036324,0.2903820385026944,1.0,0.5345512035707055,0.045044489217510336,0.2167969691419317,0.2102108297263166,-0.10496756094974598,-0.34233850365843077,0.5430190971050678,0.24023406244878678,0.09555879035601014,-0.5405435107439291,0.15702428349705494,-0.004232018740420117,0.30657746329519053,-0.2233214117011944,0.23135357118756808,-0.4382308426440959,0.23225974376524347,-0.015746194557180453,0.3066314480444989,-0.12339949678501537,-0.047003364406697966,-0.3504824886969431,0.3938977953013988,-0.029897910983004445,0.10635959627119625,-0.2123316591634292,0.0816345810879855,-0.2903589021815623,0.3065697511881465,-0.28806840638948067,0.14819777698514455,0.08234795098955973,0.16072223882467487,-0.18375444651171757,0.040895375627813715,-0.43017940289011214,-0.1417388873357562,-0.2696056221260351,0.42214338735021645,-0.021892743871284932,0.3120260669218089,0.17045491791426065,0.4252552225424889,0.4521859003402967,0.49311790847656967,-0.0391408712752933,0.13495608919051796,-0.3134797990996115,0.26583825783501874,0.16255386424763577,0.014250045790635574,-0.08797778913171315,-0.18837014257757898,-0.14232886352462573,0.036225694812643996,-0.24105154579545565,-0.3104065244425593,-0.043606181253795805,-0.06036844591402929,-0.22570059672428253,0.4062217423577839,0.18024929386019878,0.02333490788852149,0.3502395573250557,0.2854732823691593,0.30790394570676644,0.2855156989579015,0.20148843665950084,-0.018001985867563842,-0.36709822332333975,-0.43164855928200285,0.13912833910134673,0.379780783357273,-0.011199907454715472,-0.4742193901651355,0.052023946092371764,-0.11689433449336277,0.12255887711721439,0.06915253583719742,-0.20023136321132137,0.05226302141073718,0.17362844996288548,-0.02762283940501094,0.0448015578456229,-0.026462167294882055,0.4784687611464047,0.04901236829167189,0.4193207561720957,0.13136610336151466,0.2905632730182295,0.4061137728591673,0.19109637241764915,0.017882448208381134,0.2593870802926745,0.3394965922126999,0.3080581878476473,0.4666885176366248,-0.12241620313689953,-0.02766139994023117,-0.06080032390849585,-0.10148940067288134
#52,0.20701416135655962,0.2009447331128956,-0.08490837052818292,0.09540840426865124,0.04349435570165714,0.08293792717842924,0.45154965150916293,0.5004019935796709,0.6088727791541747,0.5345512035707055,1.0,0.37169078306806896,0.19386116279293958,0.3994543684266338,0.04280797817473707,-0.26772001195376594,0.35977943373854027,0.04348664359461309,0.17035080446916603,-0.2552803832917201,0.2656223188377855,-0.083234843299625,0.3792177995430577,0.006156189447909537,0.2926841024553421,-0.07623610615715345,-0.1880886506704713,-0.30775355961940754,0.37940289011211475,0.12479153210646564,-0.2955722865433372,-0.2698369853373565,0.21018383735166243,0.03201102831307299,0.25287806194749984,-0.06844687804266723,0.16047930745278743,-0.06028746879006681,0.2915889832550876,-0.005913258076022095,0.28000539847493083,0.22401550133515855,0.2926455419201219,0.0014093875622993646,0.1125022895317787,-0.14232115141758167,-0.4043631245601689,-0.4143965758244724,-0.03386964611068802,-0.1558366190122719,-0.06701242613247473,-0.06105096738742734,0.07656772676004743,0.2943383494162899,0.3094000944733113,0.05917306932220219,0.17072869771432428,-0.10239557325055672,-0.2040797046263002,-0.15669266289416098,0.07273480955915668,0.12637251405049502,-0.012595798829687756,0.042753993425428745,-0.05475017593244194,-0.21535866117821714,0.13497536945812807,0.12424397250633838,0.1498558799996144,-0.04017429361919544,0.25600917740738244,0.0837245620969219,0.32918936114833275,0.23347440062468067,0.35610075867853047,0.2442636383793007,0.23758495367915708,0.18533928450926898,0.3704375656734116,0.012811737826921037,-0.18632257815738482,0.3576431800873396,0.3444130604532791,0.0937811496823576,-0.056624217944145065,0.15743302517038937,-0.1947056385142626,0.2410476897419336,-0.03327195781477447,-0.07189804594487771,0.10548041606817503,0.07793276970684353,-0.0658131934871256,-0.21228924257468693,-0.47466283632016815,0.3908669372330888,0.15294843492427676,0.08906905227844562,-0.19974164441402448,-0.18884058110726576,-0.0366305804324564,-0.07838778402244223,-0.2322635998187655,-0.020917162330213145,-0.030861924363510165,-0.039356810272526584,0.04293522794096382,-0.2705156507572325,0.010895279226475664,-0.1292491299779241,-0.32243355537774865
#53,-0.0028091349907936724,-0.10546499185408693,-0.1515448314422604,-0.2403034714121832,0.4568170206202462,0.22385354708723357,0.20540618703787608,0.3427279650641551,0.423088120463112,0.045044489217510336,0.37169078306806896,1.0,0.44122699623070766,0.37798386241601034,0.06250855561875199,-0.3716059498905845,0.11460383870128117,0.10850741808296299,-0.02664725786393915,-0.20149229271302285,-0.12986609854144776,-0.4032872856275245,0.11022721795378519,-0.07198673517588425,0.01759710024775144,-0.0948955491502222,-0.4218696075501528,-0.46489545274888416,0.46758697810725613,0.40664976429872846,-0.2919823007143339,-0.023138249158898325,-0.09181456238612593,0.09509606393336739,0.47326694494519583,0.170007615705706,0.2440785478102436,0.18260148650863273,0.1575718430971822,-0.01801355402812991,0.33464953293551714,0.21144862290688596,0.34602489082548465,0.10703826169107228,-0.010540522302449559,-0.06875921837795108,-0.437401791136861,-0.2550104595451785,-0.4039736631544446,-0.43149817319464395,-0.43660358805780225,-0.3695738096844784,-0.3645339477311945,-0.1344046735368687,-0.07056385142625779,-0.16158213876008598,0.04692624333625751,-0.24961198461434644,-0.3472896763807082,-0.3203242941012021,0.26515188030809866,0.43552389307163586,0.21132137314065919,0.003938958672746378,-0.3959029431328507,-0.34633723116076853,0.2938833351006912,0.05389027599703084,0.057426277076725825,-0.0743389278243182,0.04328227275794588,-0.15730191935064058,0.4485727781901613,0.18528529975996066,0.3149875160267224,0.24655799022490432,0.2679976478073516,0.16432379281424425,0.43053415981413823,0.14591113724658497,-0.01020890169955559,0.3185119489458514,0.023415885012483973,0.6546788389422845,0.41224104190566163,0.3824414602874688,0.11707171295537581,0.22314788929270338,0.177588616930003,0.29298487463005984,0.26071356270425033,0.16665670519506812,0.07537620622174236,-0.3595326463131308,-0.30867901246469304,0.0009081006044363896,-0.05463835038030328,-0.05127587170909932,-0.35693752229280945,-0.35686811332941304,-0.28256967406707606,0.010532810195405513,-0.1478507321681625,-0.2960697174476782,-0.14545226687746426,-0.35512517713745867,-0.1559715808855427,0.05247510435444844,0.19885860815748121,-0.05046224441595249,-0.17372870735445808
#54,0.08894951461926291,0.0870600483934717,-0.15677364001812344,0.030726962490239363,0.39579497363423405,0.6082943711258713,-0.04369872653832435,0.32398754494712384,0.30292192455631284,0.2167969691419317,0.19386116279293958,0.44122699623070766,1.0,0.3970019183866272,-0.003129187433121572,-0.13870031716040218,0.0469416675503456,-0.10398426730163014,0.03360357841766844,-0.09367318018374095,-0.050281009900417416,-0.18445239219920373,0.17701406495522157,0.015595808469821561,-0.09928373805828425,-0.11036989193410005,-0.3131636027108056,-0.2534988865645455,0.4657784890054274,0.3506135945166919,0.17926214415856093,0.1181976805838065,0.01721149489554915,0.016232057300955338,0.3955211938341704,0.08996365669555494,0.12847020716647548,0.10993030183258944,0.07389933772280759,-0.09299451476386492,0.37290158387398414,0.17700249679465552,0.17554490856333085,0.2786095070999585,0.29485120453471897,0.01794800111825552,-0.20518253593359875,-0.15850500804951173,-0.04788640066324121,-0.20907714999084187,-0.10804469166032024,-0.1562762091137825,0.03143647633829157,-0.014766756962586641,0.01062535547993406,-0.17340094280508614,0.148610374712001,-0.023485293975880384,-0.08555233146636075,0.028814359943316013,-0.14850240521338437,-0.16887779202375328,0.08186208824578485,0.011604793074527874,-0.15316822997503204,-0.17042021343256245,0.1112375039765552,-0.1715577492215592,-0.2004897187972969,-0.14134171382298785,-0.09282099235537389,-0.2800593832242392,0.2886776628459603,0.0036073380698524097,0.17813617653013022,0.13045607473031726,0.23035099727184213,0.01242613247471875,0.17813617653013022,0.1747775539124483,0.1451206462745703,0.43995835462196214,0.037664002776358535,0.1883084457212266,0.18353079540744024,0.0448362623273211,-0.13643681374297476,0.37917923900783745,0.33313410390136217,0.31793739697107,0.46160623909459864,-0.17136494654545806,0.12120925838450637,-0.11171565461328603,-0.05586457540030656,-0.01855725757473514,-0.22107333249785507,0.12888666094685394,-0.13850365843077903,-0.13689182805857344,-0.14996770555175307,0.09020658806744238,0.042912091619831685,0.04682212989116289,-0.11001899106359596,-0.057495686040122236,-0.03418198644597187,-0.08413330377025634,-0.04672958460663434,-0.05442626743659202,-0.0915909112818486
#58,0.026385046224441596,-0.07689934736294139,-0.5047709022201228,-0.1627428108702149,0.12847020716647548,0.2474294583208815,0.2722971474844071,0.49104720773524335,0.5753559619407518,0.2102108297263166,0.3994543684266338,0.37798386241601034,0.3970019183866272,1.0,0.2028303432851648,-0.275817724350014,-0.006850279081873656,-0.313394965922127,0.21205402330984355,-0.19478275958470304,0.035161424040565686,-0.4112346119364137,0.007131770988981327,-0.23021603539857133,-0.2128715066565124,-0.2226311781207523,-0.36073573501200196,-0.4759391900359577,0.5068570271755372,0.43778354043554124,-0.3011789883643585,-0.04163573790404211,0.1663173724851301,0.18007191539818573,0.5699729112240078,0.2511698302372437,0.3787049444246286,0.2682174428581069,0.2777534632180695,-0.06061523333943875,0.2835375435011038,0.33383976169589236,0.3533436804102841,0.3192060385798155,0.06573992847020717,-0.1344085295903907,-0.31549651509162946,-0.18344981828347778,-0.09826959598199222,-0.4117281867872326,-0.2570117513231084,-0.44639410795021833,-0.18871333134103901,-0.1439098454686551,0.02673594709494568,-0.12318741384130412,0.3038512334551204,-0.13334811487183443,-0.06077718758736371,-0.2624680670567707,0.3112355759497942,0.3016532829475673,0.4455612003894614,0.3938476666056125,-0.45297639131231143,-0.47299316514513223,0.5991902287603752,0.312045347189419,0.14473889697589,0.08131452864565761,0.08738395688932163,-0.2696557508218214,0.38725381508295337,0.21861702640432648,0.35358661178217154,0.25202201806561075,0.43250845921741393,0.4513568488330618,0.617016764192687,0.21918772232558587,-0.0021998785343140563,0.37786432475682763,0.36029614491049133,0.17016956995363094,0.2923833302806243,0.4637155003711452,0.21987409985250594,0.3396161298718826,0.11655114572990273,0.14772733845545777,0.4069428243664022,0.11499715616052751,0.13131597466572836,-0.002959521078152565,0.0620226928749771,0.14744970260187212,-0.13699594150366806,-0.11068994437642794,-0.6457443629317575,-0.22747823739793507,-0.3493835134431666,-0.38458928209923554,-0.30012242969932423,0.02417167150280046,-0.18523902711769638,-0.0690137179104046,-0.016949283256051596,0.3217857383860488,0.24736776146452913,0.3266482218773197,0.2233561161828926
#101,-0.35842981500583226,-0.18464519487530487,-0.2682290110186729,-0.287621104180926,0.1818842605535365,-0.017307896233599723,0.014122796024408819,0.005897833861934003,0.15997030838788043,-0.10496756094974598,0.04280797817473707,0.06250855561875199,-0.003129187433121572,0.2028303432851648,1.0,0.39896464962933686,0.09159476733537061,-0.1070922464403806,0.7734105829388912,-0.07311655885783695,0.08166157346263966,-0.44567688199512207,0.027819498134634107,-0.3379348905362806,-0.04804449885764414,0.013999402311704087,-0.5060164075077362,-0.5765860430142771,0.4653581791715269,0.5038300251607493,-0.164447186526949,0.3201931882814533,-0.12473369130363529,0.31555821194798184,0.3823450589494182,0.2548485052972535,0.5220383098917413,0.45014604802714664,0.22874687900668061,0.06376177301340942,0.47456643498211754,0.49215775114958593,0.46200726866088904,0.3961535866117822,-0.339512016426788,-0.037390222976294914,-0.14754610393992268,-0.26539481167998613,-0.4587913200235219,-0.6488831904986841,-0.5714382115623765,-0.6241620313689954,-0.5817338744661776,-0.34705060106234276,-0.0864700722046022,0.11077863360743447,-0.23653996317468887,-0.3220440939720243,-0.4570676640991777,-0.698059441065042,0.08854077294592849,0.01362922117358989,0.40627958316061424,0.38283863380023714,0.06917567215832955,-0.08428754591113724,0.4374364956185592,0.3318538941320506,0.6674115276720041,0.5477543308301119,0.22287025343911773,0.08134152102031177,0.25948733768424703,-0.1500448266221935,0.13350235701271534,0.09553951008840003,0.24590631717968245,0.0785690185379773,0.338671396758987,0.41185158049993736,0.0629481457202626,0.09757165029450608,-0.11809356713871189,-0.04412674847926889,0.08922715047284856,-0.12479538815998766,-0.15893302999045628,0.1973200428021941,0.17122998467218725,-0.0892348625798926,-0.006780870118477244,-0.39981298140418187,-0.4417514195097028,-0.06565895134624469,-0.18527758765291663,-0.19176346967695912,0.28418150443928164,-0.2829475673122343,-0.4910819122169416,-0.1342041587537235,-0.4264891596695362,-0.2673421187086077,-0.03424368330232424,-0.26498992606017374,-0.22401550133515855,-0.268749578244146,-0.22815690281781112,-0.05061648655683341,0.11727222773852101,0.12067326694494519,0.03169097587074508
#102,-0.3031340075000241,0.0003335486296549796,-0.16610528954141884,-0.07913971445923669,0.015441566328940646,-0.0782798145238256,-0.2105655866503427,-0.3264245707730423,-0.27424445451302865,-0.34233850365843077,-0.26772001195376594,-0.3716059498905845,-0.13870031716040218,-0.275817724350014,0.39896464962933686,1.0,-0.1647518147551888,-0.26580355335332057,0.2457597871458456,0.4826795715924537,-0.11845218011626002,0.14887258635149855,0.04227198673517588,0.23207850924970838,0.12369641290621114,0.508511274136485,-0.021441585609208256,0.0758736371260833,-0.1062014980767933,0.18750253053512383,-0.06824636325952205,0.15731734356472868,-0.3377536560207456,-0.07756258856872933,-0.20739976670876192,0.053080504757406034,-0.2588742251742454,0.19377632961545507,-0.3313564632277096,0.23173917653977036,0.08313072985453038,0.19865423732081403,0.021692229088139742,0.3568989617575892,-0.006514802425457666,0.4201151031976324,0.4448362623273211,0.2050167256321518,-0.0797296906481062,0.010363143840436505,0.03129765841149875,0.006426113194451139,-0.06949186854713543,-0.27686271485448216,-0.3387408057223834,0.2775568044884463,-0.30211215331668806,0.33926908505490055,-0.20957843694870484,-0.16836493690532425,-0.18114004222378607,-0.21318770304531826,0.12282880086375599,0.3427665255993753,0.22794867592762189,0.2714719520306942,0.06068849835635719,0.4302565239605526,0.32509423230794443,0.573717139193892,-0.17705648154396383,-0.086435367722904,-0.08231710256138355,-0.3684054254673055,-0.4464249563783945,-0.32423433237253335,-0.3053628064357533,-0.31631785449182037,0.046617759054495674,0.5000279563880347,0.18398580972303896,-0.007077786239673006,-0.25800275707826825,-0.3311019636952561,-0.10013592588665131,-0.24511582620766775,-0.12270155109752924,-0.04878100508035051,-0.008026375406090637,-0.09196880452700683,-0.0960215167786529,-0.4663530409802088,-0.44680284962355277,0.13677614645291278,-0.09959993444709013,-0.2904283111449587,0.16947162426614482,-0.15765282022114466,0.05994428002660677,0.11025806638196138,-0.13571573173435647,-0.2504950208708897,-0.015194778903531181,0.023180665747640578,-0.19975706862811257,-0.0197642023271283,-0.19870050996307828,-0.24199627890835124,-0.18288683446926243,0.16110784417687718,0.08202789854723183
#201,0.5109251636412714,0.17946651499522814,0.390057165993464,0.3696085141661766,0.037155003711451515,0.06355740217674222,0.2682174428581069,0.3179913817203783,0.24484975851464819,0.5430190971050678,0.35977943373854027,0.11460383870128117,0.0469416675503456,-0.006850279081873656,0.09159476733537061,-0.1647518147551888,1.0,0.6297108923871864,0.14499725256186555,-0.5893534362256948,0.15049598488427018,-0.21639979562916334,0.2204062352385451,-0.3260736699025382,0.5732467006642052,-0.40939913045993076,0.11764626493015723,-0.26954392526968274,0.46231960899617286,0.09239682646795137,-0.06434018104171287,-0.10360251800294988,0.3148872586351499,0.09368474834430703,0.08169242189081584,-0.23054379994794327,0.1253429477601149,-0.12780696596068752,0.240604243586901,-0.300920632778383,0.33070864623600976,0.25155929164296803,0.21788823228866416,-0.26683311964370066,-0.16536878331871246,-0.4695150048682676,-0.18179557132252996,-0.3544966404133689,0.10408066863968071,-0.2880028534796063,0.038250122911706014,-0.14046253361996663,0.17706033759748585,0.20484320322366076,0.43439792544320516,-0.07316668755362324,-0.028721814658787464,-0.5079560024293137,-0.010151060896725246,-0.2990890073554221,0.24916082635226977,0.1653417909440583,-0.41256109434798954,-0.15361938823710874,0.059365871998303336,-0.04918203464664089,-0.174222282205277,-0.05399824549564748,0.2251877416058535,-0.18453722537668824,0.5412761609131135,0.357199733932307,0.057268178882322884,0.20942419480782393,0.19002053348500478,0.3235556669526573,0.23454638350380302,0.11033133139887982,0.18494982310354469,-0.29273037509760635,-0.15380833485968784,-0.009075221964080862,-0.0039312465657023316,-0.16118882130083967,-0.2177224219872172,-0.09414747476694976,-0.09329914299210473,0.33424464731570475,0.38514455380640683,-0.3147754330830112,-0.20129177792987768,-0.08534796062969353,-0.24054640278407063,0.010937695815217915,-0.03965372639372235,0.7077651277799736,0.09771046822129892,0.5824125398860536,0.10231074007307221,0.18921076224537997,0.0956706159081488,0.3489015067529137,0.057368436273895485,0.3558346909855109,0.3652087570975485,0.44139666258567667,0.3276739321141777,0.05145325017111237,-0.09131713148178497,-0.07385692113406533,-0.1287092824848409
