,#10,#11,#12,#13,#17,#18,#26,#49,#50,#51,#52,#53,#54,#58,#101,#102,#201,#202,#301,#302,#401,#402,#501,#502,#601,#602,#701,#702,#801,#802,#901,#902,#1001,#1002,#1101,#1102,#1201,#1202,#1301,#1302,#1401,#1402,#1501,#1502,#1601,#1602,#1701,#1702,#1801,#1802,#1901,#1902,#2001,#2002,#2101,#2102,#2201,#2202,#2301,#2302,#2401,#2402,#2501,#2502,#2601,#2602,#2701,#2702,#2801,#2802,#2901,#2902,#3001,#3002,#3101,#3102,#3201,#3202,#3301,#3302,#3401,#3402,#3455,#3501,#3502,#3601,#3602,#3701,#3702,#3801,#3802,#3901,#3902,#4001,#4002,#4101,#4102,#4201,#4202,#4301,#4302,#4401,#4402,#4501,#4502,#4601,#4602,#4701,#4702,#4801,#4802
#10,1.0,0.23814022538632837,0.41478218117667476,0.5295229097779878,0.12850491164817368,-0.10897400055912776,-0.06503041462215496,0.4137024861905083,0.19489072908331967,0.27408250026510367,0.20018894662257913,0.023404316851917906,-0.10686473928258124,-0.2657457125504902,-0.0626936461878091,-0.1660821532202867,0.2934977297484889,0.13905893013795032,-0.024885041404374694,-0.09971561605275081,-0.16037519400769282,-0.04823730153374529,0.017458282320958616,0.1602518002949881,0.26800921596791766,0.18993184425399826,0.06797643951298044,0.1237234052808653,-0.13667203300781816,-0.14268362044865182,-0.005809144630927477,0.07072580567418275,0.09822717939324997,0.31771374586679263,0.03779510859610732,0.13124270964880994,0.3372600811699266,0.13785969749260119,0.19602826487231642,0.19974164441402448,-0.10802541139271013,-0.08615773186931834,0.025328487559407326,-0.011998110533774208,-0.21994350881590236,0.06092371762120058,0.12102416781544928,0.05322317873772088,-0.25089605043718005,-0.10692643613893361,-0.01284258625509722,-0.0006844495001590622,0.1022259068955877,0.18292925105800467,-0.016633086867245718,0.14662836320168124,-0.3643797055903136,-0.13235325306315252,0.03926040893447601,0.2607906837746908,-0.007251308648164037,-0.12546634147281965,0.03577839260408935,-0.10580046851050293,0.06806512874398697,-0.1391900359576991,0.04827200601544349,-0.17777756355258212,0.04704963704896224,0.02102898788235181,0.009615069457164066,0.26097191829022587,-0.005809144630927477,0.12782239017477562,-0.09732871892261864,0.07159341771663791,-0.0551974781409966,-0.05478102436061812,-0.15194200495502877,-0.04700722046021999,-0.3429014874726461,-0.16031349715134047,,0.04829899839009765,0.16668755362324428,0.03894421254567013,-0.027838778402244222,-0.17333924594873376,-0.14373246700664205,-0.10143541592357302,0.022914598054620997,0.01554182372051324,0.1723135357118757,-0.10650998235855513,-0.0731088467507929,0.07571553893168037,0.24678935343622568,0.3317420685799119,0.4769687563263378,0.23990629789941484,0.18526216343882854,0.18130199647171102,0.056928846172384875,0.2454744391852159,0.3682511833264246,0.24302198914520934,0.128389230042513,-0.025760365553873888,-0.03102198049029281,-0.19571592453703257,-0.1820886313902037
#11,0.23814022538632837,1.0,0.3322047950025546,0.40909450223169097,0.07670654468684025,0.15715924537032575,0.3417176790413851,0.37885918656550954,0.5393789825802782,0.5244907599317479,0.41658681422498145,-0.025891471373622667,0.37048383831567583,0.04614732052480888,0.06437102946988904,-0.11895346707412299,0.31320216324602584,0.05973990918993956,-0.10074518234313093,-0.27820076542662414,-0.13691882043322762,-0.5130112885966858,-0.04519873135839125,0.17630840716069138,-0.07982609198615677,-0.13249592704346735,-0.3763064791339304,-0.28831133776136814,0.1628469243153095,0.13447022644674309,-0.010575226784147764,0.15817724350013979,0.234878004106697,0.20241774555830835,0.08666287488070334,0.1893148756904746,0.16386877849864556,0.14166562231883778,-0.10695342851358777,0.17443050909546626,0.013579092477803593,0.10634031600358614,-0.015811747467054844,0.08097519593571958,-0.01301610866358825,0.14003065562550007,0.26192821956368756,0.36983602132397597,-0.08363201681239335,0.036148573742203545,0.20525580095051718,-0.24369679851156334,0.0820895954035842,-0.04784784012802098,-0.14243297696972035,-0.2100758678530458,-0.1789883643584973,-0.2378086047834344,0.05202009003884974,-0.12897920623138248,-0.1169675995102812,-0.20251800294988095,0.05852910838402437,0.052660194923505536,-0.20711827480165423,-0.3617344528742059,0.17726856448767508,0.046178168952985064,0.08097519593571958,0.024098406485882025,0.06970780754436871,0.19972622019993638,-0.1931053763026231,-0.40048007866349183,-0.27702466910240714,-0.19364522379570628,-0.24262481563244098,-0.3714439956426595,0.27793084168008253,0.12318741384130412,-0.22965690763787802,-0.1611464047120974,,0.03128609025093268,-0.046494365341790946,-0.1773225492369834,-0.19816837457703912,-0.29382935035138286,0.025586843145382857,-0.0400161954247925,0.14824404962740884,0.07599703083878805,-0.07647903752904091,-0.1634523247182671,-0.4563620063046475,0.049498231035446774,0.2765657987332864,0.03693520866069621,0.3720995247414034,0.24390116934823056,-0.04276941763951684,0.29903116655259177,-0.06526948994052037,0.09759093056211621,0.227293146828878,0.08385181186314866,0.02749944569230621,-0.1081372369448488,0.011973057728074478,0.0031407555936876406,-0.12351517839067606
#12,0.41478218117667476,0.3322047950025546,1.0,0.6100720117995238,0.17187008955684305,0.045476367211976905,0.016012262250200034,0.02219351604600272,0.08873743167555166,0.22282398079685345,0.0677682126227912,0.0046986012165848865,0.2572199782132976,-0.057036815671001516,-0.07483635872865915,-0.11635834305380159,0.37645300916776725,0.37014836165925985,-0.20195887518918762,-0.27969305813964696,-0.2177262780407392,-0.309018345174631,0.06324506184145835,-0.011489111468867188,-0.01291970732553768,0.15563996028264873,-0.06044556698446974,0.0064762418902374365,-0.1687929588462688,-0.25479066449442317,0.0942708684796545,0.09810764173406727,0.12305630802155534,0.2004357340479886,0.09186469108191221,-0.02271793932499783,0.2547251115845488,-0.03612158136754938,0.1558211947981838,0.31269702023464085,-0.21750262693646188,-0.2658652502096729,-0.32952869385827077,-0.27874446897322935,0.1206925472125553,0.014037962846924315,0.021248782933107113,-0.0004993589311019637,-0.018780908679012463,0.09038782258297745,0.1900783742878351,0.18731743996606673,0.10302796602816847,0.3781303924498472,0.19296270232230822,0.21277510531846183,-0.04677971330242064,-0.14873762447822775,-0.29207484599886246,0.11843675590217193,-0.1510358323773534,-0.15483404509654594,-0.18852052866493788,-0.1835346514609623,-0.13076070295855707,-0.24176105964350786,-0.08742251742454185,-0.09178371395794974,-0.15751400229435183,0.10015520615426142,-0.04687997069399323,0.07970269827345204,-0.2819102889148101,-0.1709484927650796,-0.22275071577993502,-0.020053406341280017,-0.20742675908341607,-0.20649745018460855,0.2386530805047574,0.019224354834045096,-0.5225357407960822,-0.41844157596907444,,0.19962596280836378,0.019926156575053262,-0.07441604889475865,-0.05216276401916459,-0.4097461752769128,-0.32406852207108633,-0.377760211311733,-0.3359413108653948,0.057279747042888955,-0.026385046224441596,-0.07983380409320082,-0.06607540512662316,0.2098946333375107,0.23055922416203137,0.06370007615705706,0.4410997464644809,-0.033102291459805464,0.18321074296511236,0.47971812248754014,0.3184116915542788,0.11298044016850954,0.3190440843318905,-0.0813646573414439,0.004212738472810003,-0.11953958720947047,0.033780989445023016,0.030445470583131694,-0.013987834151138018
#13,0.5295229097779878,0.40909450223169097,0.6100720117995238,1.0,0.11577222291845411,0.08733382819353533,0.04767431771952995,0.19517222099042736,0.1723019675513096,0.43975783983881694,0.08079010536666249,0.22930600676737392,0.24250527797325827,-0.10949842383812287,0.1536810850934611,-0.02759199097683476,0.41463179508931586,0.14009620853537447,0.045757859119084573,-0.10152024910105752,0.05170003759652184,-0.24817367665063192,0.2176722932914309,0.2158715162966462,0.07061398012204409,0.044026491087696296,-0.061205209528308255,-0.05016918434827875,0.02793132368677277,-0.1040459641579825,-0.005890121754889958,0.1189881715558212,0.07626695458532964,0.24813511611541167,-0.010783453674337,0.09050736024216016,0.15669266289416098,-0.050076639063750206,0.10715779935025498,0.1992750619378597,0.14054736679745114,-0.08814359943316014,0.00807264804835491,-0.09886342822438375,-0.03162156690734867,-0.07362941397626599,0.11926195135588483,0.1357388680554886,-0.3087329972140013,-0.04726943209971755,0.2863408944116144,0.11286861461637088,0.08785439541900841,0.26806320071722595,0.04679899357003075,0.0785690185379773,-0.16598189582871412,-0.08975157375184367,-0.06984662547116154,0.2338330136022288,-0.03531952223496862,-0.25401559773649657,0.15345357793566175,0.17641637665930804,-0.08781583488378819,-0.2511004212738473,0.01339014585522447,0.12718999739716388,0.17389066160238303,0.12835066950729276,-0.04934398889456586,0.13129669439811825,-0.08766930484995132,-0.19148197776985146,-0.12324911069765648,-0.04485939864845324,-0.14744970260187212,-0.18651152477996394,0.21055401848977665,-0.014010970472270155,-0.35982185032728253,-0.16371839241128666,,0.10548427212169705,0.18501537601341905,-0.023161385480030463,-0.08774256986686975,-0.2615927429072716,-0.11453828579140679,-0.06750985703681567,0.024260360733806986,0.14956281993194065,0.23786258953274272,-0.062281048460952636,-0.1699574870099197,-0.021707653302227833,0.10787116925182921,0.16412327803109908,0.43326810176125247,0.1827287362748595,0.16898961757589195,0.34961102060096594,0.06157539066642245,0.18382771152863603,0.30352732495927043,0.12193034039312466,0.08671685963001166,-0.06170649648617123,0.05288004095135245,-0.20993319387273096,-0.2501132715722094
#17,0.12850491164817368,0.07670654468684025,0.17187008955684305,0.11577222291845411,1.0,0.7162715818495561,0.20184704963704897,0.22726615445422382,0.3121378924739475,0.07106128233059875,0.2249178178593119,0.07678752181080273,0.4237320814012899,0.12504603163891914,-0.15153711933521638,-0.10868865259849807,0.08849450030366421,0.3255916632122854,-0.2607444111324265,-0.3288423163313507,-0.29972911224007787,-0.2632431338146973,0.14244840118380844,0.22276999604754513,0.0667386463324111,0.30610316871198173,-0.23858367154136098,-0.08180039138943249,0.06065379387465898,-0.23997570686281125,0.24891789498038233,0.36502366652849144,0.20849874196253845,0.17731483712993937,0.00903280537533861,-0.1488455939768444,0.16705387870783647,0.043166591152285196,0.09712820413947346,0.37624863833110006,-0.12598305264477072,-0.18430586216536685,-0.09358834700625644,-0.19371077670558068,-0.030669121687409023,0.3267291990012821,-0.09074643556052558,-0.2587007027657544,-0.18629172972920865,-0.10435059238622232,-0.0730741422690947,-0.128728562752451,-0.04595837390222976,-0.02712540850066999,-0.07199059122940626,0.029535441951934294,-0.40646081767614933,-0.3436032892136543,0.010575226784147764,0.26431897274734173,-0.08977856612649783,-0.017034116433536098,-0.07162426614481408,-0.1947249187818727,-0.11170408645271997,-0.1923688700799167,0.017404297571650296,-0.13145479259252119,-0.20556814128580106,-0.07387234534815343,-0.07610114428388266,0.06327976632315657,-0.009410698620496852,0.08209730751062824,-0.17184695323571092,0.05027715384689539,-0.27345781959453597,-0.19787917056288742,0.25237291893611485,0.13148564102069737,0.046856834372861096,0.13194451138981808,,0.4416858665998284,0.49608321363500524,0.052895414188348935,0.14792399718508092,-0.04340181041712859,-0.1023762929829466,0.14032757174669586,0.16156285849247587,0.08828627341347497,0.3021275775307761,-0.11331591682492553,0.3225492369834093,0.18368503754832116,0.28728562752451003,0.01989530814687708,0.14194325817242343,-0.1581810995536618,-0.08067827981452383,0.029735956735079484,0.3165684979707518,0.09151379021140814,0.07485178294274725,-0.12963859138364842,0.05511264496351209,-0.14088669950738916,0.022721817282666302,-0.07436206414545034,0.01674105636586236
#18,-0.10897400055912776,0.15715924537032575,0.045476367211976905,0.08733382819353533,0.7162715818495561,1.0,0.13499464972573819,0.22372629732100682,0.2531634099081295,0.021457009823296347,0.15928007480743833,0.30441036121581366,0.5606913903964987,0.08822457655712261,-0.17749607164547443,-0.1290139107130807,0.05097895558790356,0.25577781419606105,-0.15293301071018867,-0.21906432861288114,-0.18939199676091503,-0.23658623581695315,0.07508700220759064,0.23920064010488465,-0.039075318365418915,0.1390859225126045,-0.07549188782740304,-0.045171738983737095,0.13339438751409868,-0.007505808180617547,0.23466206510946372,0.3432832367713264,0.1591412568806455,-0.01820250065070903,-0.057815738482450134,-0.10109993926715703,-0.030993030183258944,-0.10395341887345397,-0.04059460345309593,0.16110398812335516,0.007147195203069418,-0.16130835896002235,0.07039418507128879,-0.174727425216662,-0.10502925780609834,0.18538941320505528,0.09573616881802319,-0.21141777447870977,-0.1736130257487974,-0.07398031484677008,0.04846866474506666,0.011998110533774208,0.1788071298429622,0.06667694947605873,-0.032439050254017526,-0.011057233474400624,-0.3810262886448864,-0.22868903820385028,0.07800217867023994,0.21035735976015346,-0.10302410997464645,-0.05412163920835221,-0.056065090183451745,-0.16752431723752326,0.08510117320428408,-0.004548215129225994,0.005998091253506599,-0.135133467652531,-0.161921471470024,-0.09624902393645224,0.03925655288095399,0.024244936519718895,-0.04170514686743852,-0.026689674452681403,-0.3302767682415432,-0.044242430084929577,-0.2645927525474054,-0.15252812509037625,0.2995941503668071,0.2056452623562415,0.2768665709080042,0.41975649022008427,,0.41281173782692104,0.527197709504208,0.0785998669661535,0.09863206501306238,0.09308320399487145,0.04263831181976806,0.40304435425563706,0.35386039158223515,0.2776532058264969,0.3604889475865925,0.003426103554317334,0.19794857952628384,0.04892367906066536,0.07825282214917142,0.03155215794395226,0.029913335197092536,-0.02990176703652647,0.001968515322992683,0.013170350804469166,0.07615512903319098,0.047736014575882314,-0.040660156362970316,-0.0868402533427164,-0.07552273625557923,-0.17197420300193766,0.12883858448000787,-0.016124087802338698,0.0743890565201045
#26,-0.06503041462215496,0.3417176790413851,0.016012262250200034,0.04767431771952995,0.20184704963704897,0.13499464972573819,1.0,0.06840060540040296,0.2764848216093239,0.26046291922531883,0.3158744083367877,0.010189621431945475,0.29197458860728986,0.36351594960138045,-0.2734925240762342,-0.3536945812807882,0.16813357369400286,0.044986648414679996,-0.22225328487559406,-0.13935584625914607,-0.1794780831557942,-0.3105067818341319,-0.08000732650169184,-0.014990408066863968,-0.20424165887422518,0.07105742627707673,-0.28809539876413487,-0.061664079897428975,-0.09565519169406071,-0.15346129004270578,0.015549535827557286,0.06895202105405224,0.09001378539134124,-0.057877435338802505,0.00096208535374471,-0.04779771143223468,0.07503687351180434,-0.030800227507157798,0.21466842759777505,0.09997397163872634,0.05820905594169647,0.14324660426286717,-0.1081565172124589,0.09526187423481437,0.16548060887085111,0.15924537032574013,0.11599201796920941,0.1552659230910125,-0.12503060742483105,-0.060646081767614934,-0.11528636017467922,-0.26345907281193065,-0.15369265325402717,-0.12364628421042484,-0.12836994977490288,-0.06708183509587114,-0.02281048460952638,-0.11534805703103158,0.24885619812402995,-0.02005726239480204,0.08727984344422701,0.3045183307144303,0.006919688045270068,-0.05994813608012879,-0.22052962895124983,-0.26518272873627485,0.130074325431637,0.3674067076051016,-0.10031330434866435,-0.3474824790568093,-0.0333953515274792,-0.08902663568970337,-0.306319107709215,-0.19512209229464106,-0.14623118968891288,0.0626435174920228,0.05429130556332122,0.10553440081748335,0.21619542479249612,0.024850336922676488,-0.1752788408703113,-0.15920295373699786,,0.061077959762081496,0.05327330743350718,0.01945957409888849,0.2970375868817059,-0.27092439243056693,-0.061810609931265845,0.020573973566753105,0.23085614028322712,0.2114100623716657,-0.0276999604754514,0.19422363182400973,-0.12555117465030416,0.1324689346688132,0.14893428320785093,0.06228490451447466,0.08179267928238844,0.19457067664099179,-0.08152661158936886,0.08844051555435589,0.26911975938226024,0.08093277934697733,-0.09852023946092371,0.0011240396016696712,-0.1561566714545998,0.152146375791696,0.040795157563337826,0.4021728861596599,0.298907772839887
#49,0.4137024861905083,0.37885918656550954,0.02219351604600272,0.19517222099042736,0.22726615445422382,0.22372629732100682,0.06840060540040296,1.0,0.6668254075366566,0.46947644433304736,0.40044923023531565,0.11894575496707895,0.2968949129013911,0.10686859533610327,0.18385084784976816,-0.13874658980266646,0.17456161491521502,-0.14154994071317709,0.00346080803601554,-0.21026481447562492,-0.1343931053763026,-0.21635737904042107,0.08349319888560053,0.19948714488157096,0.21231237889581908,-0.020253921124425207,0.09897910983004445,-0.12474911551772339,0.29310055623572057,-0.019062400586120135,-0.10772849527151437,0.2800015424214088,0.19118120559513366,0.17478912207301436,0.23337028717958605,0.21473398050764944,0.2903704703421284,0.10023232722470188,0.09549323744613575,0.0655779742222822,0.00931429728244628,-0.09952281337664967,0.24464924373150299,0.037968631004598345,-0.3618269981587344,-0.020427443532916235,0.16858858800960158,-0.12884038830458966,-0.2659423712801134,-0.13933656599153596,-0.03723212478189197,-0.011469831201257073,0.1177272420541197,-0.0407411334869328,-0.06889418025122189,-0.06371164431762313,-0.33734491434741115,-0.16915542787733895,0.13840725709272844,0.040228278368503755,-0.009271880693704028,-0.13694581280788176,0.20347816027686463,0.1179084765696548,0.150970279467479,-0.06869752152159872,0.39790037885725854,-0.055224470515650756,0.07129650159544214,-0.186187616284114,-0.02588375926657862,-0.10940587855359432,0.22115430962181756,-0.0019877955906027977,-0.029998168374577038,-0.230162050649263,-0.22972631660127443,-0.14359750513337124,0.22108490065842115,-0.010995536618048259,-0.15242015559175962,0.002920960542932336,,0.1826284788832869,0.1880038174929868,0.1685924440631236,-0.1232876712328767,-0.07195588674770806,-0.014041818900446338,0.14012705696355066,0.28460952638022613,-0.010216613806599635,0.2182314210521242,-0.27614548889938595,-0.2464885812615079,-0.03716271581849556,-0.02470766294236164,0.14166562231883778,0.1722171343738251,0.25628295720744604,-0.034471190460123584,-0.12100874360136119,-0.19840744989540454,0.30109029913335195,0.004332276131992712,0.20747303172568035,0.05727203493584491,0.016016118303722057,0.07614556230476223,-0.32111478507321684,-0.35331668803562993
#50,0.19489072908331967,0.5393789825802782,0.08873743167555166,0.1723019675513096,0.3121378924739475,0.2531634099081295,0.2764848216093239,0.6668254075366566,1.0,0.5104315887904524,0.4087474574147089,-0.05724889861471277,0.2313072985453038,0.14436871583777583,0.19627119624420386,-0.12975041693578707,0.15222349686213646,0.05486585753810263,-0.0313053705185428,-0.3517202818775125,0.003696027300858936,-0.451221886959791,0.14821705725275466,0.25064155090472656,0.15774536550567322,-0.07922069158319918,-0.04944424628613845,-0.30302218194788544,0.2936635400499359,-0.03835423635680063,0.15880963627775155,0.3717254875497672,0.33023435165280096,0.3102985549439426,0.21386251241167228,0.17892666750214492,0.41759324419422944,0.15300241967358508,0.23985616920362854,0.2669488012493613,-0.03785680545245968,-0.002346408568150926,0.09651894768299384,0.008088072262443003,-0.1448044498857644,0.07896233599722365,-0.007031513597408732,-0.09724002969161212,-0.3068242507206,-0.24985105993271187,-0.05392112442520702,-0.2747033248821494,-0.04254576653523951,-0.2696403266077333,-0.17259117156546133,-0.24735619330396305,-0.1976747997262202,-0.3332227931323687,0.06922965690763788,-0.1365794877232896,-0.017269335698379493,-0.12596762843068263,0.11943161771085382,0.07649060568960697,-0.04403034714121832,-0.2644963512093548,0.3006738453529735,0.0716589706265123,0.07764356569269182,-0.14831345859080525,-0.026489159669536213,-0.05229001378539134,0.15887518918762591,-0.16304358304493266,-0.07625153037124155,-0.2691159033287382,-0.1455602363760809,-0.2345772319319792,0.23219033480184706,-0.014091947596232635,-0.048059923071732236,-0.04234910780561634,,0.18535470872335708,0.1869742512026067,0.007629201893322279,-0.12471055498250316,-0.22978030135058275,-0.15606412617007123,0.1418005841921086,0.2718845497575506,-0.0018991063595962712,0.13405762871988663,-0.2331234997541766,-0.33591817454426265,0.05004964668909605,0.125019039264265,0.0942708684796545,0.19057194913865405,0.21190363722248465,-0.13339824356762073,-0.010058515612196697,-0.0009659414072667328,0.24799244213509683,0.15584818717283797,0.2115565924055026,0.2217018692219448,0.03327195781477447,0.06564551844210625,-0.2226311781207523,-0.3175749279399998
#51,0.27408250026510367,0.5244907599317479,0.22282398079685345,0.43975783983881694,0.07106128233059875,0.021457009823296347,0.26046291922531883,0.46947644433304736,0.5104315887904524,1.0,0.2877483539471528,0.09916420039910154,0.24902200842547695,-0.1137670750870022,0.2402032140206106,-0.009711470795214637,0.6140707393018615,-0.01364464538767798,-0.17369400287275988,-0.5003133043486644,0.007922261960996019,-0.5408018663299047,-0.008411980758292924,0.08057031031590718,0.046316986879777894,-0.16026336845555417,-0.11557942024235296,-0.4368118149479915,0.1195280190489044,0.10800613112510002,0.029593282754764635,0.06342244030347141,0.4371704279255396,0.24387803302709843,0.11414882438568247,0.1663366527527402,0.3210299518957323,0.036059884511197016,0.15882891654536166,0.210781525647576,-0.08468471942390561,-0.039896657765609786,-0.04759334059556747,-0.039846529069823486,0.09420917162330213,-0.01790558452951327,0.21568256967406707,0.02360868768858512,-0.15331861606239094,-0.23936259435280963,0.0786692759295499,-0.12247404393972988,0.03496476531094252,-0.09742512026066921,-0.19039071462311896,-0.24645773283333172,-0.2431839433931343,-0.42790433131211864,0.09029142124492688,0.06663067683379445,0.07074122988827085,-0.04697637203204381,0.09609863784909335,0.17389066160238303,-0.018090675098570368,-0.1775384882342167,0.21331495281154503,0.15626849700673845,0.15853200042416588,0.026747515255511747,0.2217519979177311,0.1432697405839993,-0.15980835413995545,-0.3445094617913297,-0.18408606711461156,-0.3799620178728081,-0.0876500245823412,-0.2473137767152208,0.1665525917499735,0.0699584510233002,-0.3340981172818679,-0.20283419933868682,,0.07195588674770806,-0.03659201989723617,0.07691862763055152,-0.005334850047718663,-0.27429843926233693,-0.002049492446955164,-0.08740709321045376,0.09585956253072793,0.18270174390020533,0.008786017949929144,0.022097114707952146,-0.08898421910096112,0.09064617816895298,0.12228895337067279,0.30893736805066857,0.30806204390116937,0.2128715066565124,0.09312947663713572,0.33008396556544206,0.10843415306604455,0.445661457781034,0.3211919061436573,0.4337501084515053,0.3016648511081334,-0.00010989752537765224,-0.04153552055328639,0.003896542084004126,-0.03747120010025739
#52,0.20018894662257913,0.41658681422498145,0.0677682126227912,0.08079010536666249,0.2249178178593119,0.15928007480743833,0.3158744083367877,0.40044923023531565,0.4087474574147089,0.2877483539471528,1.0,-0.2637212844514282,0.17275312581338628,0.19306295971388082,0.08540580143252388,-0.06948030038656937,-0.13864247635757185,-0.0678684700143638,0.026651113917461174,-0.16678395496129486,-0.21286379454946835,-0.19067220653022665,0.014361871342774238,0.2832830439686503,0.007197323898855716,0.18157577627177465,-0.23453095928971493,0.04749308320399487,0.18560535220228858,-0.07809858000829052,0.09480300386569365,0.40584384911262567,0.16843048981519865,0.33897988104074883,0.09039939074354351,0.21548591094444391,0.32821377960726095,0.35005446675599855,0.2820336826275149,0.3358796140090424,0.09503051102349301,0.08861403796284692,0.038358092410322654,0.18901024746223477,-0.022066266279775964,0.25555801914530574,0.06703941850712888,0.02960870696885273,-0.3024129254914058,-0.13755121321083938,0.07991863727068532,-0.13333269065774633,0.09204978165096932,-0.012059807390126576,-0.06711268352404731,-0.03127837814388864,-0.22433940983100845,-0.15845102330020341,0.13482498337076917,0.1406746165636779,-0.029219245563128417,-0.023724369294245803,0.1847184598922233,0.08651634484686647,0.16016311106398157,0.018904302391717198,0.3269412819449934,0.1461849170466486,0.053805442819546336,-0.039190999971079596,-0.07687235498828723,-4.04885619812403e-05,0.08779655461617807,0.0010199261565750533,-0.33766496678973906,-0.26564545515891763,-0.22723530602604763,-0.24496544012030888,0.16742020379242864,0.13767846297706612,-0.05919234958981231,-0.024017429361919543,,-0.09025671676322868,0.07017053396701146,-0.22496409050157617,-0.07054457115864768,0.013798887528558896,-0.19518764520451543,0.06779520499744536,0.20232905632730183,-0.13814118939970887,0.06234274531730501,-0.12228124126362874,-0.14314634687129457,0.040629307934794134,0.2512353831471181,-0.10594314249081778,0.33247471874909623,0.27613777679234186,-0.14144197121456045,0.06748672071568354,0.06723222118323002,-0.17662074749597526,0.06123991401000646,0.021796342533234363,-0.05193140080784321,-0.02663183364985106,-0.031768127566100354,0.10838788042378028,0.015746194557180453
#53,0.023404316851917906,-0.025891471373622667,0.0046986012165848865,0.22930600676737392,0.07678752181080273,0.30441036121581366,0.010189621431945475,0.11894575496707895,-0.05724889861471277,0.09916420039910154,-0.2637212844514282,1.0,0.32367906066536206,0.03354188156131607,0.04639025189669633,-0.2939874485457858,0.3847319560795504,-0.046054775240280336,0.12679282388439553,-0.13117715673893554,-0.07205614413928066,-0.22474043939729885,-0.048137044142172694,-0.12665014990408066,0.07796747418854173,-0.2844822766139994,0.17064386453683977,-0.06335688739359702,0.164111709870533,-0.011277028525155929,0.122998467218725,0.04304319743958046,0.06237359374548119,-0.04807920333934235,-0.23484715567852082,0.11740333355826979,-0.30841680082519546,-0.1510204081632653,-0.10930947721554375,-0.18599095755449085,0.29325094232307947,-0.05919620564333433,0.4439879305524761,-0.048619050832425556,-0.24331504921288308,-0.4336806994881089,0.3036044460297109,0.0074441113242651805,-0.311544060231556,-0.1410486537553141,0.3010633067586978,0.2630426190315522,0.2129062111382106,0.06346485689221366,-0.08441093962384198,-0.16123894999662594,-0.2868036208342572,-0.27431386347642506,0.33800044344615504,0.091490653890276,0.2972535258789392,0.08331196437006545,0.21962345637357447,0.033661419220498784,0.25474824790568096,0.11775423442877388,-0.0014248117763874563,-0.20818640162725457,0.22169415711490076,-0.14370161857846586,0.13972602739726028,-0.1566810947335949,0.16079550384159333,0.30178053271379407,0.05987101500968833,0.07424252648626763,0.03507659086308118,0.2057416636942921,-0.0614828453818939,-0.3549092381402254,0.2689847975089894,0.32963280730336536,,0.4513799851541939,0.37660725130864814,0.5596502559455525,0.2926262616525117,0.23738443889601188,0.3559966452334358,0.43972699141064076,0.3695892338985665,0.44570773042329825,0.43163313506791473,0.2014653003383687,0.08481582524365439,-0.17419143377710083,-0.44872702033104217,0.42059325383436325,-0.001598334184878486,0.055822158811564306,0.3235865153808335,0.23776233214117012,-0.16957573771123943,0.2743909845468655,0.1501759324419423,0.177256996327109,0.07315126333953516,0.1745886072898692,0.22338910798802275,-0.09504207918405908,-0.027719240743061514
#54,-0.10686473928258124,0.37048383831567583,0.2572199782132976,0.24250527797325827,0.4237320814012899,0.5606913903964987,0.29197458860728986,0.2968949129013911,0.2313072985453038,0.24902200842547695,0.17275312581338628,0.32367906066536206,1.0,0.40189910635959625,0.09732871892261864,-0.08342378992220412,0.20375194007692826,0.00971532684873666,-0.24256697482961065,-0.24801557845622899,-0.2767586014093876,-0.4570522398850896,-0.0026394686358246653,-0.012730760702958557,-0.18700124357726086,-0.1151475422478864,-0.2986494172539115,-0.1827634407565577,0.11717968245399246,-0.06325663000202443,0.20718382771152863,0.28096941185543656,0.048302854443619675,-0.1853585647768791,-0.05654709687370461,0.011196051401193449,-0.1547067953303192,-0.232857432061157,-0.1431849074065148,-0.0333105183499947,0.03567813521251675,-0.11481592164499244,0.13332112249718026,-0.2158560920825581,0.011057233474400624,-0.08461531046050919,0.31728957997937013,0.08104074884559398,-0.006179325769041674,0.006642052191684421,0.1509162947181707,0.024885041404374694,0.03757531354535201,0.10629789941484388,-0.036021323975976786,-0.12528896301080658,-0.10784803293069707,-0.21976998640741133,0.05200080977123962,0.014099659703276682,0.06781448526505549,-0.009804016079743186,0.059639651798366965,0.07811786027590063,-0.12536994013476907,-0.324346157924672,0.20917740738241447,-0.043675590217192216,-0.16313998438298324,-0.16449731522273528,-0.09762949109733643,-0.21631110639815682,-0.05675532376389384,-0.060283612736544784,-0.07334020996211428,0.07479008608639488,-0.24703999691515718,-0.12819642736641185,0.557695236809887,0.03187221038628016,-0.12185707537620623,-0.09603308493921896,,0.36602238439069534,0.22088052982175393,0.13773244772637444,-0.02044286774700433,-0.3011134354544841,0.03776426016793113,0.0691833842653736,0.10600869540069216,0.13741625133756857,0.13578514069775288,-0.03487607607993599,-0.1936992085450146,-0.02282590882361447,-0.17638552823113185,0.0324853228962818,0.05198152950362951,-0.057368436273895485,-0.10769764684333819,0.21667357542922697,-0.13849209027021295,0.05382857914067847,0.005489092188599578,-0.23387157413744902,-0.1302786962683042,0.046521357716445104,0.09835452397459958,0.06745201623398533,0.0002294351845603617
#58,-0.2657457125504902,0.04614732052480888,-0.057036815671001516,-0.10949842383812287,0.12504603163891914,0.08822457655712261,0.36351594960138045,0.10686859533610327,0.14436871583777583,-0.1137670750870022,0.19306295971388082,0.03354188156131607,0.40189910635959625,1.0,0.15221192870157038,-0.22442809906201497,-0.2653369708771558,-0.3875815796323253,0.07670268863331824,0.19670693029219247,-0.171526900793383,-0.12605246160816713,0.2770169569953631,0.05126430354853325,-0.06726692566492823,-0.06334146317950894,-0.03961516585850212,0.0840099100575516,0.17181224875401271,-0.11006526370586024,-0.1338802502578736,0.1656579873328642,-0.2760105270261151,-0.24298342860998912,0.16204486518272873,0.18261691072272082,-0.16285463642235354,-0.022980150964495388,-0.03152130951577608,-0.20825195453712897,0.27471489304271546,0.13570801962731244,0.21612987188262173,0.2035552813473051,-0.10723877647421746,-0.06255482826101626,0.20803215948637366,0.07404972381016649,-0.1382144544166273,-0.030753954864893525,-0.021742357783926042,-0.17528655297735532,-0.3717370557103333,-0.2117069784928615,-0.2091696952753704,-0.18127114804353484,0.1568314808209538,0.09092381402253863,-0.09409734607116346,-0.134288991931208,0.2701107651374201,0.18098194402938314,0.2504101876934052,0.22388053946188774,-0.035334946449056714,-0.133109039553469,0.3606778942091716,0.33978965228037367,-0.0049261083743842365,-0.3505596097673836,-0.41768193342523596,-0.4945562164402842,0.18467604330348106,0.09806136909180299,0.24723279959125832,0.1558250508517058,-0.09704722701551098,0.10808325219554048,0.4005533436804103,0.004540503022181948,-0.1472414757116829,-0.08832869000221723,,0.2630927477273385,0.21771470988017314,0.0777245428166543,0.08240193573886806,-0.11328121234322733,-0.054912130180366905,0.17092921249746945,0.2742598787271167,-0.15458340161761444,0.12937637974415084,-0.39169598874032374,-0.19308609603501298,-0.29085633308590325,-0.21412472405116983,-0.32726904649436533,-0.3285299759960668,0.0428812431916555,-0.2860324101298526,-0.23714921963116847,-0.16458600445374183,-0.16102301099939267,-0.4512874398696654,-0.23274946256254037,-0.29583064212931276,0.3592781467806773,0.09674076401994607,0.0437064386453684,-0.06870523362864277
#101,-0.0626936461878091,0.06437102946988904,-0.07483635872865915,0.1536810850934611,-0.15153711933521638,-0.17749607164547443,-0.2734925240762342,0.18385084784976816,0.19627119624420386,0.2402032140206106,0.08540580143252388,0.04639025189669633,0.09732871892261864,0.15221192870157038,1.0,0.5024688382674751,-0.061143512671955884,-0.511715654613286,0.41377960726094876,0.04733112895606991,0.17213615724986261,-0.19467093403256439,0.228808575863033,0.352144447764935,0.2661351739562145,-0.32162764019164586,0.04647508507418083,-0.26300791454985395,0.3054630638273259,0.15080061311251,-0.0878004106697001,0.40795696644269425,-0.013154926590381075,0.35210588722971475,0.06366537167535885,0.48700220759064133,0.12677739967030743,0.3622280277250248,0.006321999749356521,-0.05923476617855456,0.20218638234698696,0.10946757540994669,0.40838113233011675,0.12010257102368581,-0.17425313063345318,-0.42489660956494074,0.2769282677643566,0.01300068444950016,-0.09234284171864306,-0.23899626926821743,0.36552880953987643,0.06407025729517125,-0.021649812499397493,-0.30274069004077775,-0.35414959559638687,-0.49080813241687793,-0.0028669757936240154,-0.17879170562887414,0.06053040016195425,0.005589349580172173,0.12255116501017034,-0.37170235122863504,0.6821416521261315,0.7222523208622136,0.03798405521868643,-0.15502299171912506,0.5903444419808547,0.19891259290678956,0.5195704356376466,0.2927882159004367,-0.32741943258172423,-0.34487964292944384,0.44672958460663437,0.11886092178959444,0.04731956079550384,-0.2381479374933724,-0.345913065273346,-0.4499069727087812,0.07632479538815999,-0.10532231787377208,0.06939932326260688,-0.12164113637897293,,-0.017469850481524683,-0.060441710930947724,0.029095851850423685,-0.3900070372976777,-0.0356357186237745,0.003850269441739851,0.06766795523121862,0.012275746387359857,-0.3175672158329558,-0.08582611126642438,-0.35454291305563324,-0.3139386694687322,-0.5491926387938264,-0.19534188734539634,-0.15853585647768792,-0.025093268294563927,0.08871815140794154,-0.08495849922396922,-0.16265797769273038,-0.31734742078220046,0.0016446068271427608,0.07357157317343564,0.22235739832068868,0.24615696065861395,0.11805886265701368,0.031372881699070515,-0.3693578706872451,-0.3711123750397656
#102,-0.1660821532202867,-0.11895346707412299,-0.11635834305380159,-0.02759199097683476,-0.10868865259849807,-0.1290139107130807,-0.3536945812807882,-0.13874658980266646,-0.12975041693578707,-0.009711470795214637,-0.06948030038656937,-0.2939874485457858,-0.08342378992220412,-0.22442809906201497,0.5024688382674751,1.0,-0.1930552476068368,-0.16484821609323938,0.1960745375145807,0.20757714517077497,0.14533272921828155,0.22725073024013573,0.03417427433892782,0.4200148458060598,-0.06531190652926262,0.026126690638466062,-0.04334782566782027,-0.05875661554182372,-0.04868074768877792,0.3022509712434809,0.06917567215832955,0.052317006160045504,0.001833553449721882,0.22908621171661864,-0.11965912486865318,0.11053570223554703,0.04036709629529658,0.30248619050832426,-0.06582861770121369,0.07853045800275708,-0.010760317353204863,0.0183490306845459,0.0016446068271427608,0.022127963136128328,0.03601746792245476,-0.13549593668360116,0.0519121205402331,-0.05348924643074046,0.22420444795773764,-0.05842885099245178,0.28269306777978076,0.048352983139405975,0.14406794366305806,-0.154340470245727,-0.19016320746531962,-0.12399718508092893,-0.019440293831278377,0.0457115864768203,-0.1597119528019049,-0.08830940973460712,-0.24088959154753067,-0.36917278011818805,0.1708867959087272,0.3296675117850636,0.010513529927795398,-0.04205219168442058,0.15301398783415113,0.145409850288722,0.14693684748344307,0.46533118679687274,-0.21357716445104258,-0.10290071626194172,0.07545718334570484,-0.045426238516190605,-0.18569018537977308,-0.18011818804045,-0.3151109097394272,-0.4670895472029152,0.005034077873000877,0.295364059653148,0.09769890006073284,-0.09586341858424995,,-0.29444246286138454,-0.37338359056423703,-0.32571505692499014,-0.5256282957207447,-0.03208814938351345,0.0542373208140129,-0.15735976015347092,-0.28634475046513647,-0.41819864459718703,-0.3734645676881995,-0.25870841487279844,-0.18617990417706998,-0.27960436890864043,0.06819237851021372,-0.19171334098117282,0.028829784157404104,0.044173021121533165,0.09766419557903463,-0.05871419895308147,-0.11320023521926484,-0.16843434586872066,0.13807563648983448,0.19432003316206028,0.3246739224740439,-0.15507697646843338,-0.031652445848920886,-0.25822640818254555,-0.15538931680371723
#201,0.2934977297484889,0.31320216324602584,0.37645300916776725,0.41463179508931586,0.08849450030366421,0.05097895558790356,0.16813357369400286,0.17456161491521502,0.15222349686213646,0.6140707393018615,-0.13864247635757185,0.3847319560795504,0.20375194007692826,-0.2653369708771558,-0.061143512671955884,-0.1930552476068368,1.0,0.23750012050167257,-0.3821908168085373,-0.5581579632325296,-0.15316437392151003,-0.5064482855022028,0.021102252899270244,-0.08249062496987458,0.16763999884318395,-0.09362305148795465,-0.08242121600647817,-0.42210482681499617,-0.026573992847020715,-0.15713225299567157,0.016899154560265296,-0.1574754417591316,0.4986667694947606,0.08307674510522206,0.15347671425679388,-0.0583324496544012,0.20915427106128234,-0.14442655664060616,0.07096488099254818,0.10728119306295972,-0.3153499850577926,-0.22969546817309824,-0.2759411180627187,-0.23839086886525984,0.15242786769880365,-0.027688392314885332,0.09083898084505412,0.05771548109087754,-0.03523468905748412,-0.09421302767682416,0.055155061552254345,-0.002473658334377681,0.1545718334570484,0.018314326202847696,-0.010760317353204863,-0.11243673662190432,-0.2348085951433006,-0.4689288847329201,0.04397636239191,0.02618838749481843,0.11603057850442965,0.023496862136446455,-0.11363982532077545,-0.14376717148834026,-0.13255376784629772,-0.1448352983139406,-0.03693520866069621,-0.10132744642495638,-0.031663983496090925,0.06995073891625615,0.43853932692585773,0.393593167073159,-0.23780474872991236,-0.25358371974203003,-0.05692499011886285,-0.11805500660349165,0.1284894874340856,-0.01991458841448719,0.18454879353725429,0.03796477495107632,-0.3178988364358497,-0.1938842991140717,,0.29399901670635187,-0.06913711162310933,0.28737431675551656,0.2206375984498665,-0.13797537909826188,0.08323869935314702,-0.22985356636750118,-0.06440573395158725,0.44057917923900786,0.1316437392151003,0.23274175045549633,0.1357388680554886,0.3978849546431705,0.16693819710217578,0.5425370904148149,0.2948974771769832,0.033399207581001226,0.15695487453365853,0.47424252648626763,0.18467218724995904,0.652901198268632,0.3273654478324159,0.3416829745596869,0.16675310653311867,0.055193622087474574,-0.03501107170436465,0.042568902856371646,0.08754205508372456
