,#10,#11,#12,#13,#17,#18,#26,#49,#50,#51,#52,#53,#54,#58,#101,#102,#201,#202,#301,#302,#401,#402,#501,#502,#601,#602,#701,#702,#801,#802,#901,#902,#1001,#1002,#1101,#1102,#1201,#1202,#1301,#1302,#1401,#1402,#1501,#1502,#1601,#1602,#1701,#1702,#1801,#1802,#1901,#1902,#2001,#2002,#2101,#2102,#2201,#2202,#2301,#2302,#2401,#2402,#2501,#2502,#2601,#2602,#2701,#2702,#2801,#2802,#2901,#2902,#3001,#3002,#3101,#3102,#3201,#3202,#3301,#3302,#3401,#3402,#3455,#3501,#3502,#3601,#3602,#3701,#3702,#3801,#3802,#3901,#3902,#4001,#4002,#4101,#4102,#4201,#4202,#4301,#4302,#4401,#4402,#4501,#4502,#4601,#4602,#4701,#4702,#4801,#4802
#10,1.0,0.21985867563841785,0.5404316851917904,0.48744179769215196,0.09437112587122709,0.21725198345753038,-0.04408047583700462,0.582643903097375,-0.09807293725236907,0.5861297754812836,0.4357629683900012,0.09130170726769687,0.09350736988229397,0.014851590140071144,-0.2944578870754726,-0.04267301630146626,0.2708048547713842,0.43623340691968804,-0.09871689819054688,-0.00570503118583286,-0.10702283747698418,0.04942882207205036,0.22597437652434615,0.13666046484725208,0.05699054302873724,0.12693549786471037,-0.020489140389268603,-0.05590699198904881,-0.047296424474371705,0.03728225347767827,0.02485804902972053,0.33715596772483203,-0.03419355460653794,0.04147378365611715,-0.015912004858627437,0.11335833341366779,-0.11046629327215061,0.17719529947075666,-0.00026028361273654476,-0.0005687678944983756,-0.06455612003894615,0.11574137449027792,0.0772193998052693,0.1543905989415133,-0.004046928171363018,0.24632277096006092,-0.05207407478815806,0.04386839289329336,0.0348606518658479,0.1099418699931555,0.13791368224190953,0.05770391293031147,0.05098281164142558,0.026786075790731976,-0.035462196215283466,0.18287526630869635,-0.25977654169839876,0.0034376717148834027,-0.2682058746975408,0.03314856410206974,-0.06820009061725776,-0.2121851291295923,0.04194807823932596,-0.10929019694793364,0.06541601997435724,0.11043544484397444,-0.08086337038358092,-0.28998100893640405,-0.15095485525339092,-0.07677595365023666,-0.05005350274261807,0.010420984643266849,-0.08375541052509809,-0.19356039061822178,-0.21232780310990718,-0.15040343959974165,-0.1530718286369815,-0.10680304242622887,-0.2527238198066189,0.10991873367202337,-0.02028476955260139,0.16907445075337646,,-0.14772733845545777,0.07496360849488591,0.2479500255463546,0.04813318808865067,-0.0967310306267051,0.022259068955877107,-0.018190932490142964,0.22283554895741953,0.14794327745269104,-0.027522582013438348,0.009931265845969942,-0.09146751756914386,0.07083763122632142,0.3393037895365988,0.2913460518832001,0.3243615821387601,0.009480107583893265,0.2689655172413793,-0.0764096285656445,0.2683177002496795,0.4261074103708559,0.23731502993261547,0.31024842624815635,-0.0008232674269518861,-0.06158695882698852,0.0026741731175228714,-0.12994707566541022,-0.09943412414564314
#11,0.21985867563841785,1.0,0.17945109078114005,0.09999325190633646,0.07340961892551069,0.23699497749028756,0.3820250065070903,0.1307337105839029,0.21849748874514377,0.5633867718083927,0.2295335139251733,0.1411643353609748,0.1790886217500699,0.2300772174717785,-0.13779800063624884,-0.037968631004598345,0.013166494750947144,0.11764626493015723,0.1292144254962259,-0.07431579150318607,-0.18283284971995412,0.008543086578041703,-0.05804710169377151,0.04803293069707808,0.03305601881754119,0.07601631110639816,0.050782296858280396,-0.09416289898103786,0.0995459496977818,0.15061166648993088,0.019162657977692732,0.20754629674259878,0.11266424377970366,0.11322337154039698,0.0023849691033711548,0.08184280797817474,0.06214223053415981,0.052023946092371764,0.12814244261710353,0.09232741750455496,-0.004744873858849161,0.13707691862763055,0.1478507321681625,0.08557161173397086,0.17829041867101114,0.1034367077015029,0.004532790915137902,-0.149115517723386,-0.16545361649619697,-0.19535345550596242,-0.2238419789266675,-0.19494471383262799,-0.08186208824578485,-0.00423587479394214,-0.1257092728447071,0.04314731088467508,-0.23348982483876876,-0.16688035629934544,0.09667704587739678,0.027322067230293158,-0.12004858627437749,-0.08258317025440313,0.1025459593379156,0.1495859562530728,0.09129013910713081,-0.11750359094984239,0.18046523285743207,0.09766805163255667,0.08063586322578158,-0.010471113339053146,0.1077516315926465,0.048919823007143336,-0.2744295450820857,-0.0039736631544445835,-0.23911195087387813,-0.21353474786230034,-0.05066661525261971,-0.14431858714198953,-0.14239827248802214,0.08828627341347497,0.34791821310479787,-0.046004646544494036,,0.0706833890854405,-0.18848196812971765,-0.02559069919890488,0.08498549159862338,-0.052953254991179276,-0.0331254277809376,-0.03409715326848737,0.18327629587498676,0.020288625606123413,0.09043409522524172,0.13185967821233358,0.08579140678472617,0.1063865886458504,0.10280045887036912,0.06599442800266067,-0.08745722190624006,-0.3187047516219525,-0.18492668678241253,-0.09954980575130383,-0.000252571505692499,-0.06056124859013043,-0.2071799716580066,-0.012048239229560507,-0.013555956156671455,-0.19941387986465253,-0.16905517048576635,0.2041259772685645,0.20119152053830508
#12,0.5404316851917904,0.17945109078114005,1.0,0.49299837081738695,0.1290486151947789,0.22752065398667734,0.06702013823951876,0.13433140851995026,-0.1464856892213664,0.438585599568122,0.17660146722836512,-0.0032718614134364184,0.016633086867245718,0.06057667280421852,-0.2084061966780099,0.06477205903617943,0.4195328391158069,0.616503909074258,-0.10682617874736101,-0.054703903290177665,-0.07752788408703112,0.004212738472810003,0.26329711856400567,0.0029325287034984047,0.0818543761387408,0.1717582640047044,0.18437527112876326,0.13355248570850164,-0.1262838248194885,-0.1562762091137825,0.17559889331263917,0.13626714738800574,0.13121186122063375,0.11495859562530727,-0.11365524953486354,-0.02991719125061456,-0.15985077072869772,-0.08168856583729382,0.07164354641242421,-0.006622771924074306,-0.1596811043737287,-0.05119875063865886,-0.08821300839655655,-0.16644462225135684,-0.04293522794096382,-0.009746175276912844,0.028093277934697732,0.0378259570242835,-0.009048229589426702,0.12155244714796641,0.19345242111960514,0.05045838836243047,0.16019781554567977,-0.04397636239191,0.05921548591094444,-0.03758688170591808,-0.23827518725959917,-0.18874803582273722,-0.1169675995102812,-0.08937753656020746,-0.09769890006073284,-0.22338310855754678,-0.021838759121976612,-0.24516209884993204,0.2586814224981443,0.1542209325865443,-0.14118747168210694,-0.2028149190710767,-0.11492003509008705,0.019918444468009215,0.002442809906201498,0.00966134209942834,-0.32674462321537023,-0.26063258558028785,-0.3872499590294313,-0.17251405049502086,-0.14087513134682308,-0.16868113329413012,-0.30407102850587564,-0.06962683042040624,0.10322076870426962,-0.1633674915407826,,0.11617710853826652,-0.09978502501614722,-0.025316919398841255,0.006595779549420146,-0.16452816365091147,-0.36021131173300686,-0.08039678790741615,0.007023801490364686,0.08407160691390396,-0.2686724571737056,0.04936326916217597,-0.1450512373111739,0.26590381074489317,0.16506415509047265,0.3342793517974029,0.3164605284721352,0.1070266935305062,0.25121995893303,0.2723665564478035,0.31695795937647614,0.3367472260514976,0.18311048557353976,0.21015298892348624,0.17490865973219707,-0.237573385518591,-0.16742405984595066,-0.12186478748325026,-0.14363606566859147
#13,0.48744179769215196,0.09999325190633646,0.49299837081738695,1.0,0.10505625018075251,0.2885465570262115,-0.1023917171970347,-0.013293744517173899,-0.02330405946034531,0.4139724099370499,-0.06727078171845025,-0.016309178371395797,0.11954344326299249,-0.2693549786471036,-0.15251270087628815,-0.093680892290785,0.3332960581492871,0.30677797807833573,-0.20531364175334754,-0.14568748614230764,-0.1321681624940954,-0.02420251993097664,0.06262423722441267,-0.0009543732467006642,0.10260765619426798,0.13416945427202528,0.09534285135877686,0.29237947422710225,-0.005589349580172173,0.23013891432813088,0.19602826487231642,0.47984151620024484,0.04118457964196543,0.376580258933994,0.1969151571823817,0.21654246960947818,0.05350852669835057,0.30254017525763255,0.165796805259657,0.20497816509693154,-0.08516287006063644,0.16239962210675485,0.047805423539278726,0.16169010825870264,0.02032333008782162,0.071944318587142,0.07700731686155804,0.2070912824270001,-0.0915754870677605,0.08365515313352549,0.273295865346611,0.006429969247973162,0.034933916882766335,-0.0059363943971542325,-0.05292626261652512,0.1350293542074364,-0.2465502781178603,-0.0856950054466756,-0.17975186295585782,-0.026053425621547627,-0.40250450676255384,-0.2869270145469619,0.1870783646477013,-0.15470293927679715,0.2003856053522023,-0.011971118159120048,-0.11851387697261238,-0.1309535056346582,-0.3576007634985974,0.02270251511090974,-0.34206857991188916,-0.08838267475152554,-0.16542276806802078,-0.17788167699767674,-0.28853113281212345,-0.2979630397269914,-0.14748055103004828,-0.24732148882226485,-0.2007249380621403,0.13572344384140053,0.16931352607174188,-0.06809983322568518,,0.002554635458340162,-0.007332285772126517,-0.04718074286871102,-0.011998110533774208,0.010104788254460971,-0.061097240029691614,-0.04354834045096546,0.1639806040507842,0.01915108981712666,-0.1464702650072783,0.13905121803090628,-0.006692180887470718,0.031166552591749972,0.27431386347642506,0.16125823026423608,0.26413388217828465,0.007370846307346746,0.16687264419230138,0.1817685789478758,0.3372215206347064,0.21012985260235412,0.08764231247529716,0.14351267195588674,0.09242381884260553,-0.43542363568006326,-0.4133785776946584,-0.15850886410303375,0.0352655374856603
#17,0.09437112587122709,0.07340961892551069,0.1290486151947789,0.10505625018075251,1.0,0.248694243876105,0.24073920546017177,0.07440448073419259,0.38058284248985375,-0.04790953698437334,0.07712299846721872,0.4713273500236183,0.2939874485457858,0.18665805481380082,-0.0897207253236675,-0.23237928142442618,-0.06812682560033934,0.09548938139261373,-0.23997570686281125,-0.03221925520326222,-0.2211813019964717,-0.4488928306324892,0.003969807100922561,-0.34806088708511274,-0.11030819507774768,-0.3820944154704867,-0.2832599076475181,-0.29048615194778904,0.07743148274898055,0.1881194990986475,-0.028147262684006052,0.22693067779780784,-0.03623726297321007,0.02540560862984778,0.09138654044518138,0.23032014884366594,0.24930735638610663,0.05539413687061977,-0.060314461164720966,-0.16910915523507467,-0.05772704925144361,0.1467903174496062,0.21499233609362497,0.13317844851686542,0.16746262038117088,0.06806127269046494,-0.21151803187028237,-0.012445412742328863,0.06105096738742734,-0.1826593273114631,-0.05695969460056106,-0.26705291469445597,-0.17294592848948742,-0.3957178525637936,-0.27097452112635323,-0.30935382183104704,0.10274261806753877,-0.11152285193718489,0.30727155292915465,-0.06824250720600002,-0.28275090858261115,-0.08028110630175547,0.28927920719539585,0.3019887596039833,-0.2861172433073371,-0.2401183808431261,0.268915388545593,0.34304416145296096,-0.02117551791618868,0.16605130479211053,0.045738578851474455,0.05980160604629192,-0.060588240964784594,0.20930851320216323,0.09959222234004608,-0.02251742454185264,0.12801519285087676,0.16468240579179239,0.17420300193766688,0.04523343584008946,0.36109820404307214,0.1384303934138606,,0.37587845719298585,0.560070565779453,0.23884973923438058,0.3848013650429468,0.006522514532501711,-0.031675551656656996,0.30173040401800777,0.44279641001417097,0.37966510175161233,0.22880086375598893,0.1731772917008088,0.27584471672466815,-0.018931294766371357,0.042665304194422216,-0.09040324679706555,-0.25034077873000876,-0.21758360406042435,-0.272790722335226,-0.05399438944212546,0.278177629105492,-0.07734279351797403,-0.29284991275678907,-0.056554808980748654,-0.11274522090366615,-0.1790037885725854,-0.11178506357668244,0.027811786027590064,0.27393982628478886
#18,0.21725198345753038,0.23699497749028756,0.22752065398667734,0.2885465570262115,0.248694243876105,1.0,0.214325238834315,0.15601785352780698,0.32614307886593463,0.27174958788427983,0.044770709417446715,0.20065167304522186,0.5748546749828888,0.2877020813048885,-0.08128368021748142,-0.1707171295537582,0.03183750590458195,0.17402562347565384,-0.15593302035032247,-0.35429998168374577,-0.37618308542122564,-0.4558607193467845,-0.17298448902470767,-0.3135183596348317,0.20159255010459545,-0.07322838440997562,0.04866917952821185,0.09280171208776378,0.3210492321633424,0.5385422189659993,0.42721024167815447,0.37552370026895976,0.33498886564545516,0.3330415586168336,0.35708019627312426,0.37828849064425013,0.3311675166051305,0.20579950449712242,0.13739697106995846,0.16547289676380708,0.20763112992008328,0.2984836069524645,0.3161057715481091,0.2256620361890623,-0.057113936741441974,-0.07741991458841449,0.03306758697810726,0.24018393375300048,-0.08468086337038358,-0.2337828849064425,0.014088091542710613,-0.25224181311636606,-0.15779163814793748,-0.17525570454917913,-0.21008743601361188,-0.19861953283911582,-0.1573867525281251,-0.13332112249718026,0.03757916959887403,0.001995507697646843,-0.35296193111160384,-0.09304464345965122,0.3106378876538806,0.23795899087079328,0.06622579121398205,-0.16929424580413177,0.271105626946102,0.2554192012185129,0.04622058554172732,0.03995064251491811,0.04381826419750706,0.056173059682068385,-0.02851744382212025,-0.16868113329413012,0.08748421428089422,0.07914742656628074,0.3246507861529118,0.2755478006034724,0.09342639275833149,0.21173011481399362,0.05473860777187587,0.35993753193294326,,0.07207156835336874,0.1798135598122102,-0.014095803649754659,0.07188647778431165,0.15250498876924412,0.28727020331042197,0.2644847830487887,0.5697029874774662,0.08337366122641782,0.03780282070315136,0.1967146423992365,0.16959116192532753,0.21278667347902788,-0.08526312745220904,0.15318365418912014,0.11655500178342475,0.029535441951934294,0.12424782855986041,0.15343815372157366,0.44836455129997205,0.13334040276479037,-0.06787618212140785,0.2435387003171604,0.30847078557450375,-0.24755670808710825,-0.17788938910472077,-0.1312735580769861,0.11200871468095977
#26,-0.04408047583700462,0.3820250065070903,0.06702013823951876,-0.1023917171970347,0.24073920546017177,0.214325238834315,1.0,-0.019609960186247385,0.16382250585638128,0.15344972188213973,0.2474641628025797,0.08770786538517154,0.3963309650737952,0.25279708482353735,-0.03395833534169454,-0.09981201739080138,-0.18002949880944347,-0.05287998997426084,-0.059990552668871044,-0.31234611936413675,-0.1148621942872567,-0.34763672119769023,-0.13095736168818023,-0.3714054351074393,-0.01563436900504179,-0.32673305505480416,-0.12494577424734656,-0.363774305187356,0.16241890237436496,0.19666065764992818,-0.02207783444034203,0.10012821377960726,0.07221038628016156,0.1319637916574282,0.016968563523661707,0.09108191221694158,0.12287507350602027,0.06380418960215167,0.021001995507697647,0.021981433102291458,-0.0015520615426142116,0.30243991786606,0.058239904369872655,0.06204197314258722,0.006699892994514764,-0.16324024177455584,-0.1665178872682753,-0.07669112047275216,-0.08060887085112742,-0.3183846991796246,-0.2985992885581252,-0.27434471190460125,-0.07821811766747322,-0.32125745905353165,-0.05200852187828367,-0.221065620390811,0.14426845844620323,-0.19012079087657738,0.3363847570204274,-0.11722981114977876,0.06643401810417128,0.2719231102927709,0.06430162050649263,0.05097124348085951,-0.17402176742213182,-0.40948010758389325,0.05962422758427887,0.3057252754668235,0.09714362835356155,-0.040825966664417304,0.17860661505981704,-0.0871448815709562,0.05862550972207494,0.09100864720002314,0.14308850606846424,0.1603212092583845,0.2447186526948994,0.1626117050504661,0.008242314403323918,-0.011099650063142877,0.3512267070266935,0.044917239451283585,,0.028081709774131665,0.003626618337462524,0.1037413359297427,0.15050369699131425,-0.02107526052461608,-0.056635786104711136,0.0265547125794106,0.2703151359740873,0.07340190681846664,-0.05060877444978936,0.19666836975697222,0.1681374297475249,0.09399323262606885,-0.07420010989752537,-0.07484792688922522,-0.21330724070450097,-0.07379522427771297,-0.19421206366344365,-0.08409859928855813,0.005886265701367935,-0.09999325190633646,-0.06759854626782219,-0.03748276826082346,0.09656136427173609,0.050223169097587075,-0.03763315434818235,0.1766631640847175,0.2815593880443061
#49,0.582643903097375,0.1307337105839029,0.13433140851995026,-0.013293744517173899,0.07440448073419259,0.15601785352780698,-0.019609960186247385,1.0,0.12169897718180328,0.38393375300049165,0.3659452633202549,0.11613854800304628,0.1403352838537399,0.1509162947181707,-0.34875112066555486,-0.30081651933328835,0.2634475046513646,0.16839578533350044,-0.12017969209412627,-0.15350756268497007,-0.012514821705725276,-0.164281376225502,0.11030048297070363,0.0494866628748807,0.13067201372755055,-0.065038126729199,0.06079646785497383,-0.1835385075144843,-0.018965999248069562,-0.09766805163255667,0.11251385769234477,-0.00463690436023252,0.14500882072243163,-0.23622762283940502,-0.2202712733652743,-0.047354265277202046,-0.2659115228519372,-0.23815950565393848,-0.06285560043573404,-0.32208265450724455,0.003753868103689279,-0.07677209759671465,0.012283458494403902,0.055193622087474574,0.00022172307751631593,-0.10414236549603309,0.03154830189043024,-0.20532135386039158,0.17561817358024928,-0.12437893437960919,0.11744575014701204,0.06857027175537196,0.12808074576075115,0.09381199811053377,-0.023458301601226226,-0.12777611753251136,-0.040070180174100814,-0.14540599423519998,-0.14910394956281994,-0.03698148130296049,-0.1514908466929521,-0.17106417437074026,-0.16814899790809096,-0.002037924286389095,0.004648472520798589,-0.0894006728813396,-0.08797393307819112,-0.2899385923476618,-0.07329008126632798,-0.22866975793624014,0.13047149894440535,0.012537958026857412,0.13831085575467789,0.03520384062930793,-0.056281029180685026,0.053176906095456604,-0.071608841930726,0.18910279274676334,-0.06358053849787434,-0.08404847059277183,-0.0767990899713688,0.18633029026442888,,0.09118216960851416,0.08486595393944069,0.33383976169589236,0.12629153692653253,0.09098936693241302,0.07641348461916651,0.06988518600638177,0.2579989010247462,0.05163448468664745,0.09405107342889919,0.01864209075221964,-0.04925915571708135,0.20023136321132137,-0.10777091186025663,0.32704539539008803,0.28051825359335986,0.06425534786422836,0.3151957429169117,0.06526948994052037,0.11718353850751448,0.419876027879267,0.27567505036969914,0.3476829938399545,0.21101288885889735,-0.06209210183837351,0.25087677016956994,-0.12211157490865973,-0.17739967030742387
#50,-0.09807293725236907,0.21849748874514377,-0.1464856892213664,-0.02330405946034531,0.38058284248985375,0.32614307886593463,0.16382250585638128,0.12169897718180328,1.0,-0.025332343612929346,0.1037413359297427,0.32172789758321846,0.3886497064579256,0.07264226427462814,0.11040845246932027,-0.04303548533253641,-0.27141796728138584,0.1170678569018538,-0.20112211157490867,-0.14820934514571063,-0.33623437093306857,-0.3503629510377604,-0.2287121745249824,-0.13965661843386387,-0.045700018316254226,-0.10006266086973287,-0.26779327697068434,-0.13272729025478874,0.2585117561431753,0.3928412366363645,-0.01560737663038763,0.02016523189341868,-0.024672958460663433,0.21574812258394147,0.2287237426855485,0.3295402620188368,0.24150656011105434,0.18857065736072418,-0.1836040604243587,-0.08883383301360223,0.1633057946844302,0.23117233667203302,0.18355007567505036,0.1468404461453925,-0.028417186430547657,0.023697376919591645,-0.18186498028592638,-0.07913200235219264,-0.3083242555406669,-0.405392690850549,-0.27567505036969914,-0.39274483529831394,-0.37493372408009024,-0.18714006150405368,-0.41666007924189985,-0.2419345820519989,-0.05682473272729025,-0.05353551907300473,-0.020597109887885243,-0.19347170138721526,-0.24852072146761398,0.13876587007027658,0.3674568363008879,0.3935623186449828,-0.06295971388082866,-0.28769436919784447,0.4386203040498202,0.5130845536136042,0.23817492986802657,0.3406418401087407,0.3434914636615156,0.24833563089855687,0.07131578186305226,0.24451042580471016,0.2249216739128339,0.2130103245833052,0.2632932625104836,0.34744391852158907,0.4209287304907792,0.2524808884347315,0.33564439474419905,0.28545400210154914,,0.3625018075250884,0.405396546904071,-0.15307954074402552,0.1760886121099361,0.22145508179653534,0.22471344702264467,0.37527691284355025,0.4624931314046639,0.09891741297369208,0.15859755333404027,0.1335833341366778,0.17630455110716936,-0.11089817126661718,-0.008450541293513154,-0.29845661457781036,-0.30335380255077943,0.008762881628797008,-0.2697675763739601,-0.16312456016889515,0.17046648607482673,-0.33695545294168683,-0.3556341762023657,-0.17072869771432428,-0.07946747900860864,-0.0034029672331851966,0.006402976873319002,0.016467276565798734,0.07209084862097886
#51,0.5861297754812836,0.5633867718083927,0.438585599568122,0.4139724099370499,-0.04790953698437334,0.27174958788427983,0.15344972188213973,0.38393375300049165,-0.025332343612929346,1.0,0.23082529185505093,0.08106774122024814,0.24084717495878843,0.01642485997705648,-0.20896146838518118,-0.3037741123846799,0.4022075906413581,0.16678009890777284,-0.13723116076851147,-0.3427973740275515,0.19457067664099179,-0.05581444670452026,0.3560467739292221,0.07244946159852698,0.3575583469098551,0.06617180646467373,0.35518687399381105,0.06184531441296405,-0.16553073756663741,-0.07997647807351566,0.2728292828704462,0.2272468741866137,0.35837968631004596,0.17293050427539935,-0.23989087368532674,-0.0984161260158291,-0.12609487819690937,-0.07501373719067221,0.380285926368658,0.08560631621566907,-0.2306479133930379,-0.038535470872335706,-0.19835732119961824,-0.08749578244146029,0.17672100488754783,-0.0034338156613613795,0.294519583931825,0.013347729266482219,0.032681981625904966,-0.0729738848775221,0.26246421100324874,0.06759854626782219,0.3934851975745423,0.008153625172317392,0.3192600233291238,0.02059325383436322,-0.09922975330897593,-0.36193496765735106,-0.12885195646515574,-0.06573992847020717,-0.1396990350226061,-0.150295470101125,-0.12007172259550962,-0.20933936163033942,0.3049502087088969,-0.01281559388044306,-0.1891529214425496,-0.30311087117889196,-0.2293021507138519,-0.33670480946275533,-0.10396113098049801,-0.23069032998178016,-0.2824347121938052,-0.2201517357060916,-0.41914723376360463,-0.37184116915542786,-0.2033856149923361,-0.17805134335264575,-0.32765850790008966,-0.2293021507138519,0.19681875584433112,-0.23199367607222388,,0.10677605005157471,-0.19507196359885476,0.17867988007673546,0.15296771519188687,-0.24456055450049646,-0.21392035321450262,-0.25877782383619485,0.09457549670789431,-0.015113801779568701,-0.15235460268188522,0.05607280229049579,-0.0463015626656898,0.3216160720310798,-0.06405483308108316,0.3119952184936327,0.24526235624150464,-0.0695535654034878,0.23397954363606566,0.15257439773264053,0.12135193236482122,0.3552948434924277,0.23771991555242786,0.3874157693308783,0.32492842200649746,-0.2034897284374307,-0.23040498202115045,-0.07012040527122516,-0.005334850047718663
#52,0.4357629683900012,0.2295335139251733,0.17660146722836512,-0.06727078171845025,0.07712299846721872,0.044770709417446715,0.2474641628025797,0.3659452633202549,0.1037413359297427,0.23082529185505093,1.0,-0.03021410737181032,0.006900407777659954,0.20856429487241282,-0.26345136070488656,-0.0006458889649388333,-0.12392006401048847,0.19489844119036373,-0.00431685191790462,-0.0025854838865163447,-0.11844446800921597,0.17864903164855928,0.08608446685239991,0.22354120675194972,0.038053464182082844,0.20507842248850414,-0.1380332199010922,-0.26045135106475276,0.10246498221395313,0.012696056221260351,-0.0755188802020572,-0.0171189496110206,-0.13666817695429612,-0.16036748190064878,-0.12985067432735967,0.030271948174640663,-0.16988422199300127,0.1274984816789257,-0.10952156015925502,0.09476829938399545,0.1694330637309246,0.08539808932547983,0.10651383841207716,0.028235951915012582,0.11473108846750793,0.3215659433352935,-0.1677826728234988,-0.1759420820760992,0.09067317054360714,-0.003156179807775732,-0.14525175209431906,-0.0104634012320091,-0.04937483732274204,-0.019367028814359942,-0.03477967474188542,0.17704105732987574,0.06221935160460027,0.19607839356810272,-0.17697164836647933,-0.014431280306170649,0.09102407141411123,-0.0040584963319290875,0.0032757174669584416,0.04258432707045974,-0.04659847878688556,-0.011269316418111883,0.146084659655076,0.06050340778730009,0.06337231160768511,-0.045298988749963846,0.08949707421939017,-0.0855600435734048,-0.023728225347767827,-0.18838171073814505,0.05092111478507322,0.07330936153393809,-0.02923852583073853,0.04853421765494105,-0.09149450994379801,0.1976747997262202,0.08726827528366093,0.21906432861288114,,-0.0777438230842644,0.03450975099534381,0.0004415181282716204,-0.1582505085170582,0.11061667935950951,0.1205036005899762,0.05403294997734569,0.2749963849498231,0.04668331196437007,-0.00435541245312485,-0.26318914906538904,-0.31313275428262943,-0.027912043419162657,0.291319059508546,-0.11653186546229262,0.011747467054842722,-0.015167786528877021,0.017473706535046707,-0.29020466004068135,-0.18561692036285463,0.07324766467758573,-0.04439281617228847,-0.014855446193593167,-0.14735715731734356,0.18979688238072745,0.2303085806830999,-0.1581155466437874,-0.3122304377584761
#53,0.09130170726769687,0.1411643353609748,-0.0032718614134364184,-0.016309178371395797,0.4713273500236183,0.20065167304522186,0.08770786538517154,0.11613854800304628,0.32172789758321846,0.08106774122024814,-0.03021410737181032,1.0,0.597138808286659,0.2572546826949958,-0.08483124945774248,-0.20522495252234102,0.015904292751583393,0.10136600696017661,-0.1687235498828724,-0.2135308918087783,-0.1931053763026231,-0.4135636682637155,0.149115517723386,-0.17265286842181368,0.04059845950661795,-0.21668899964331506,-0.12494191819382452,-0.09864363317362845,0.17834054736679744,0.12719770950420792,0.16735850693607626,0.14174659944280027,0.19167863649947461,0.042568902856371646,0.09172201710159737,0.07185562935613546,0.24486132667521426,-0.11758456807380487,0.1299779240935864,-0.12410901063306759,-0.008577791059739909,0.11746503041462215,0.17415672929540263,-0.065207793084168,0.12913730442578544,-0.05583758302565239,-0.1360743447119046,0.015507119238815035,-0.07640577251212247,-0.08014228837496265,0.003908110244570195,0.05503937994659366,0.027996876596647163,-0.04248021362536512,-0.04084910298554944,-0.1936799282774045,-0.0540522302449558,-0.332771634870292,0.05202009003884974,0.01408423548918859,-0.01993772473561933,0.04134653388989039,0.09965006314287643,0.2792033393423501,-0.3217163294226524,-0.3493835134431666,0.15598314904610877,0.23038184570001832,-0.06435946130932298,0.03501875006025083,-0.03246989868219371,0.05529387947904717,-0.1134778710728505,0.18103592877869146,-0.13552678511177735,-0.09864748922715047,-0.11829408192185707,0.03698148130296049,0.28250412115720164,0.16262327321103218,0.38130392449847206,0.24424050205816858,,0.45266405097702755,0.48647392825812424,0.20098329364811585,0.21867486720715684,-0.013980122044093973,-0.010189621431945475,0.4698774738993377,0.17390994186999315,0.39274483529831394,0.11560641261700712,-0.014747476694976527,0.11372851455178198,0.01607781516007442,-0.005388834797026983,0.04855349792255117,-0.10812952483780475,-0.2784861133872538,-0.19944087223930668,0.17476984180540425,0.22484840889591548,-0.026493015723058237,-0.10137371906722065,-0.06359210665844042,-0.005323281887152594,-0.052266877464259204,-0.03554317333924595,-0.24428291864691082,-0.018129235633790597
#54,0.09350736988229397,0.1790886217500699,0.016633086867245718,0.11954344326299249,0.2939874485457858,0.5748546749828888,0.3963309650737952,0.1403352838537399,0.3886497064579256,0.24084717495878843,0.006900407777659954,0.597138808286659,1.0,0.3125620583613701,-0.11463854318297938,-0.37307125022895316,-0.047481515043428804,-0.049097201469156394,-0.24241273268872973,-0.4585522447051565,-0.18161048075347286,-0.501435415923573,-0.03306758697810726,-0.3282754764636133,0.2432340720889206,-0.2813588732611609,0.08001118255521386,-0.0962605920970183,0.29672139049290003,0.3881908360888049,0.35662518195752557,0.23261064463574754,0.3298988749963849,0.19179817415865733,0.25290891037567603,0.29523680988692125,0.3580827701888502,0.07793276970684353,0.2270463594034685,0.00748267185948541,0.07489805558501152,0.32819449933965084,0.2690966230611281,0.03212670991873367,0.08100604436389577,-0.17120684835105512,0.10470534931024843,0.18139068570271755,-0.03549690069698167,-0.2071915398185727,0.05244039987275023,-0.10633260389654209,0.07354458079878148,-0.19824163959395757,0.07006642052191685,-0.3062805471739948,0.08209730751062824,-0.25765185620776415,0.14407179971658007,-0.09703180280142289,-0.12747148930427155,0.18663106243914665,0.16094203387543018,0.22469416675503456,-0.22602064916661044,-0.3942409840648588,0.20528664937869337,0.31107747775539124,-0.08901121147561528,-0.11708328111594189,0.02029633771316746,-0.07617440930080109,0.09843155022991719,-0.03367684343458687,0.09994697926407219,0.14901140427829138,0.206401048846558,0.2625297639131231,0.24278291382684392,0.10751641232780311,0.11237503976555195,0.3181494799147812,,0.17449991805886267,0.3733450300290168,0.14776204293715597,0.14079415422286062,0.02723337799928663,0.015268043920449616,0.3310055623572055,0.41731175228712175,0.25635236617084245,0.039962210675484174,0.10482488696943114,0.1067066410881783,0.14257179489651317,-0.15574021767422133,0.03505345454194904,-0.05435685847319561,-0.00994283400653601,-0.10269248937175247,0.19564265952011414,0.22367616862522052,0.0543221539914974,0.03654189120144988,0.1951298044016851,0.1866541987602788,-0.08361273654478324,-0.10199839973778836,-0.186519236887008,0.08281453346572451
#58,0.014851590140071144,0.2300772174717785,0.06057667280421852,-0.2693549786471036,0.18665805481380082,0.2877020813048885,0.25279708482353735,0.1509162947181707,0.07264226427462814,0.01642485997705648,0.20856429487241282,0.2572546826949958,0.3125620583613701,1.0,-0.17158859764973539,-0.07445075337645686,-0.04111517067856902,0.018129235633790597,-0.07726567244753357,-0.22047950025546353,-0.2676814514185457,-0.24124049241803477,-0.14968621364464538,-0.28986147127722134,0.007131770988981327,-0.17058987978753146,-0.01924363510165521,-0.11930436794462707,0.16573896445682665,0.12511544060231555,0.24810812374075752,0.02226292500939913,0.2827663327966992,0.0823402388825157,0.028698678337655326,-0.006202462090173812,0.1561720956686879,-0.022305341598141383,0.08078624931314046,-0.002211446694880125,0.12104730413658142,0.014226909469503437,0.17047805423539278,-0.1277028525155929,0.1560564140630272,-0.09595210781525648,-0.03285164798087398,0.026639545756895106,0.12816557893823566,-0.12767586014093876,-0.12351132233715403,-0.19614394647797712,-0.06118207320717611,-0.1411103506116665,-0.10014749404721737,-0.15948830169762757,0.11156912457944916,-0.05618077178911243,0.3325865443012349,0.008423548918858994,0.026331061475133276,0.08009601573269837,0.0600175450435252,0.11287632672341492,-0.08397520557585339,-0.1721631496245168,0.347432350361023,0.36681673141623206,0.07269239297041442,-0.06272449461598527,0.04360232520027378,-0.26048991159997303,0.0939855205190248,0.029670403825205093,0.10614365727396297,0.19207195395872095,0.2425284142943904,0.23855667916670684,0.21001802705021547,0.05715635333018422,-0.09138654044518138,0.03515371193352164,,-0.08560246016214705,0.0997117599992288,0.2007249380621403,0.06846615831027734,-0.03657659568314808,0.015183210742965112,0.15568237687139097,0.16194460779115613,0.10534931024842625,0.018622810484609526,0.2018894662257912,0.09652280373651587,0.1804035360010797,-0.0955009495531798,0.10300482970703634,-0.14248696171902867,-0.003908110244570195,0.028363201681239337,0.011720474680188562,0.005091918675831221,0.14370547463198788,0.0786191472337636,0.1842094608273163,0.1521155273635198,-0.02748402147821812,0.04769359798714006,0.21719414265470005,0.20039331745924632
#101,-0.2944578870754726,-0.13779800063624884,-0.2084061966780099,-0.15251270087628815,-0.0897207253236675,-0.08128368021748142,-0.03395833534169454,-0.34875112066555486,0.11040845246932027,-0.20896146838518118,-0.26345136070488656,-0.08483124945774248,-0.11463854318297938,-0.17158859764973539,1.0,0.5560487019559831,-0.09010633067586978,-0.1606065572190142,0.3365814157500506,0.06611010960832137,0.08127596811043737,-0.19408095784369486,-0.10769764684333819,-0.28273162831500104,-0.18456036169782036,-0.3874851782942747,-0.1185832859360088,-0.09538141189399708,0.06816538613555956,0.13036352944578872,-0.30744121928412366,-0.21105916150116164,-0.2529243345897641,-0.07197516701531817,0.09866291344123856,0.16504101876934052,0.0971860449423038,-0.007559792929925867,-0.12340720889205942,-0.1352491492581917,-0.20397173512768357,0.04149691997724928,0.024753935584625915,-0.06063065755352684,-0.35556091118544725,-0.1833032882496409,-0.2852766236395361,0.10914752296761879,-0.2087918020302122,0.020508420656878718,-0.13791368224190953,-0.05313448950671435,-0.0865896098637849,-0.13340981172818678,0.0013399785989029528,-0.3071327350023618,0.18421717293436032,-0.0015829099707903947,-0.20448844629963464,-0.3224065630030945,0.10745857152497276,0.26686782412539883,0.13312831982107912,0.1966953621316264,0.03025266790703055,-0.08576441441007202,0.21970057744401492,0.09128628305360878,0.5272594063605602,0.3956021709581329,0.39628854848505296,0.2698871140331428,0.19724677778527566,0.06949186854713543,0.2002892040141517,0.17466958441383165,0.1434856795812326,0.11842133168808383,0.38593890083194354,-0.1118621846471229,-0.1089123037027754,-0.26278811949909864,,-0.020010989752537765,0.018476280450772656,-0.11316553073756663,-0.010968544243394098,-0.2934128965710044,-0.042283554895741954,-0.06273606277655133,-0.2581685673797152,-0.12467585050080496,-0.1838932644385104,-0.08251376129100672,-0.008681904504834527,0.0005302073592781468,-0.2357533282561962,-0.1885282407719819,-0.49818476280450774,-0.004667752788408703,-0.05401752576325759,-0.27754909238140224,-0.25842306691216876,-0.3031995604098985,-0.2977818052114563,-0.34661101096083213,-0.09668861403796285,0.2098753530699006,0.24611068801634967,-0.03132850683967493,0.08706776050051575
#102,-0.04267301630146626,-0.037968631004598345,0.06477205903617943,-0.093680892290785,-0.23237928142442618,-0.1707171295537582,-0.09981201739080138,-0.30081651933328835,-0.04303548533253641,-0.3037741123846799,-0.0006458889649388333,-0.20522495252234102,-0.37307125022895316,-0.07445075337645686,0.5560487019559831,1.0,-0.12307944434268747,0.29641676226466024,0.30203117619272557,0.44027840706429006,-0.3742820510348684,0.25560429178757,-0.19835732119961824,0.05224374114312707,-0.40327571746695845,0.11640461569606586,-0.38081420570117513,-0.10437372870735445,0.13045221867679524,0.06465252137699672,-0.33586418979495436,-0.014034106793402293,-0.339512016426788,-0.01748141864209075,0.16916313998438298,0.09395852814437064,-0.10336729873810649,0.1848032930697078,-0.3257806098348645,0.08365515313352549,-0.01198654237320814,0.020161375839896658,-0.042626743659201986,0.01268063200717226,-0.4478748325026751,0.03855860719346785,-0.5143069225800854,-0.13807563648983448,-0.4367501180916391,0.023543134778710728,-0.43481823527710567,-0.1760924681634581,-0.43072696249023934,-0.07054071510512566,-0.3877126854520741,0.0937657254682695,-0.29881522755535844,0.29370981269220015,-0.22697309438655008,-0.09379657389644568,0.21269027214097733,0.11588019241707075,0.1292838344596223,0.13595095099919988,-0.013301456624217944,0.13998438298323582,0.23233686483568392,0.1610268670529147,0.5558828916545362,0.639759767865578,0.44442752065398666,0.4324004897187973,0.13126198991642005,-0.04677200119537659,0.06728234987901632,0.23638572103380795,0.08065899954691372,0.04222185803938959,0.2531749780686956,0.3642948724128291,-0.11760770439493701,-0.04731956079550384,,-0.18794597669015645,-0.0955202298207899,-0.10441228924257469,-0.08150347526823672,-0.09501508680940492,0.033642138952888666,-0.04119229174900948,-0.20955530062757272,0.014701204052712252,-0.10597399091899395,-0.014234621576547483,-0.049529079463622956,-0.1210280238689713,0.3276507957930456,-0.1167478044595259,-0.25034077873000876,0.012206337423963445,-0.12308715644973152,-0.38662913441238567,-0.12780696596068752,-0.2823074624275785,-0.22983814215341308,-0.3086558761435609,-0.32936288355682375,0.1346591730693222,0.22533041558616834,0.1506849315068493,0.03053415981413822
#201,0.2708048547713842,0.013166494750947144,0.4195328391158069,0.3332960581492871,-0.06812682560033934,0.03183750590458195,-0.18002949880944347,0.2634475046513646,-0.27141796728138584,0.4022075906413581,-0.12392006401048847,0.015904292751583393,-0.047481515043428804,-0.04111517067856902,-0.09010633067586978,-0.12307944434268747,1.0,0.20765812229473746,-0.08366672129409156,-0.4374712001002574,0.3068936596839964,-0.12777997358603338,0.26273799080331234,-0.11166166986397771,0.5103853161481882,0.03419741066005996,0.5386077718758736,0.205730095533726,-0.11119508738781295,-0.351138017795687,0.5084187288519565,-0.05820519988817445,0.5714574918299866,0.14251781014720485,-0.31215717274155763,-0.30427154328902084,-0.15985848283574175,-0.44595451784870777,0.4327243982146472,0.028004588703691206,-0.21643064405733953,-0.34729353243423017,-0.35974858531036413,-0.31490653890276,-0.20086375598893313,-0.4256755323763894,0.2736968949129014,-0.02650072783010228,0.1506000983293648,0.0503118583285936,0.4220392739051218,0.1753675301013178,0.5308532482430857,0.13561547434278387,0.412804025719877,-0.19125832666557413,-0.06665381315492659,-0.5057002111189304,-0.1625461521405917,-0.16466312552418227,-0.14678646139608417,-0.15291758649610057,-0.37633347150858454,-0.3785044296414834,0.36081671213596445,0.034170418285405804,-0.3713900108933512,-0.42678607579073197,-0.2856969334734366,-0.2773177291700809,-0.16349859736053138,-0.13580056491184098,-0.17599992287892957,-0.27122516460528473,-0.514896898768955,-0.36563677903849306,-0.31874716821069476,-0.24306826178747362,-0.015094521511958586,-0.3053897988104075,-0.00974231922339082,-0.3693694388478112,,0.015136938100700837,-0.21997050119055653,0.18562077641637667,0.05857923707981067,-0.24719809510956012,-0.3615493623051488,-0.1891336411749395,-0.27441412086799766,-0.06580162532655953,-0.3835751400229435,0.04320900774102745,-0.03010228181967166,0.6089499002246151,-0.27683957853335006,0.767661207137555,0.3839376090540137,0.16336363548726057,0.5660667290061986,0.632865144168201,0.27460692354409877,0.5979254432051517,0.4712078123644356,0.4951808971108519,0.5475345357793566,-0.3323667492504796,-0.07253429477601149,-0.18596010912631467,0.04923601939594922
