,#10,#11,#12,#13,#17,#18,#26,#49,#50,#51,#52,#53,#54,#58,#101,#102,#201,#202,#301,#302,#401,#402,#501,#502,#601,#602,#701,#702,#801,#802,#901,#902,#1001,#1002,#1101,#1102,#1201,#1202,#1301,#1302,#1401,#1402,#1501,#1502,#1601,#1602,#1701,#1702,#1801,#1802,#1901,#1902,#2001,#2002,#2101,#2102,#2201,#2202,#2301,#2302,#2401,#2402,#2501,#2502,#2601,#2602,#2701,#2702,#2801,#2802,#2901,#2902,#3001,#3002,#3101,#3102,#3201,#3202,#3301,#3302,#3401,#3402,#3455,#3501,#3502,#3601,#3602,#3701,#3702,#3801,#3802,#3901,#3902,#4001,#4002,#4101,#4102,#4201,#4202,#4301,#4302,#4401,#4402,#4501,#4502,#4601,#4602,#4701,#4702,#4801,#4802
#10,1.0,0.6978666383889408,0.19712338407257093,0.3557961304502906,0.11917711817840032,0.11906143657273963,0.030167834729546046,0.7052394127230486,0.45074373632306014,0.539332709938014,0.4074286871101771,0.014824597765416983,-0.16154743427838777,-0.08000732650169184,-0.15047670461666007,-0.05662036189062304,0.21912988152275553,0.05546354583401618,-0.15752942650843993,0.13422343902133363,0.08507032477610789,0.16400759642543838,-0.013849016224345194,-0.23938573067394175,0.10195598314904611,-0.00156362970318028,-0.2758871333134104,-0.3119990745471547,-0.24250142191973625,-0.3195607955038416,-0.3270916680323523,-0.5159804498086433,-0.00024871545217047613,-0.4004415181282716,-0.2273972602739726,-0.42285675725179067,-0.20834835587517955,-0.25099245177523066,-0.2654565085363385,-0.20461184001233937,-0.1906182217809183,-0.22411961478025316,-0.33999016706351887,0.06715124405926755,-0.09226957670172461,0.053601071982879125,-0.4462244415952493,-0.383648405039862,-0.19542672052288085,-0.011014816885658373,-0.13156276209113782,0.03393905507408443,-0.043879961053859426,0.018653658912785708,0.05166533311482363,-0.06522707335177812,0.031421052124203486,0.007313005504516403,-0.045815699921914914,-0.018399159380332198,0.27688970722913636,0.16270810638851668,-0.23210935767788457,-0.30313015144650207,-0.29520596145874506,-0.06670008579719086,-0.271610769957487,-0.33206983312928384,0.012422276421196726,0.0773736419461502,0.06152140591711413,0.30216228201247436,0.005762871988663203,-0.043714150752412445,0.1038917220171016,-0.07594304608947972,-0.11604214666499571,-0.15490345405994235,-0.22897824221800198,-0.19173262124878293,-0.20044344615503262,-0.3330724070450098,,0.025729517125697706,0.1457954556409243,0.21500776030771307,0.1271437247548996,-0.4339197748064743,-0.2531788341222176,0.0006073284297186045,-0.1017863167940771,-0.038917220171015975,-0.014593234554095611,-0.06247385113705378,-0.023724369294245803,0.14588800092545284,0.04631313082625587,-0.019436437777756357,-0.2842162089209798,-0.15381990302025392,0.07567312234293812,-0.017153654092718806,-0.3201006429969248,0.05903425139540937,-0.02759199097683476,0.25918270945600724,0.17192407430615136,0.167146423992365,-0.304125013255184,0.030742386704327457,-0.04878100508035051
#11,0.6978666383889408,1.0,0.050319570435637645,0.3224258432707046,0.23653996317468887,0.16983794935073698,0.1278339583353417,0.675320293445673,0.4843338185534015,0.5823816914578774,0.535812133072407,0.07256128715066565,0.03846220585541727,0.03725526110302411,-0.24846288066478361,0.057445557344335936,0.15584433111931595,0.0036111941233744325,-0.2498240675580577,0.19340229242381884,-0.025421032843935872,0.2413831663983496,-0.17429554722219545,-0.3136147609728823,-0.07398031484677008,-0.12264756634822091,-0.14773890661602382,-0.14558722875073507,-0.3328911725294747,-0.33967011462119095,-0.2918936114833274,-0.460487983573212,0.007895269586341859,-0.24577135530641164,-0.2571505692499012,-0.4016368947200987,-0.3177176019203147,-0.12501518321074295,-0.28371877801663886,-0.15260910221433874,-0.1558404750657939,-0.1442800266067693,-0.1350332102609584,0.3668205874697541,0.00791069380042995,0.08571814176780773,-0.26903878225829775,-0.1697723964408626,-0.14010006458889648,-0.0651383841207716,-0.1473802936384757,0.005161327639227633,-0.0777592472983525,0.0265547125794106,0.022687090896821648,-0.06723222118323002,-0.10954084042686513,0.01411122786384275,0.13249592704346735,0.007297581290428311,0.20380592482623658,0.20626223091976517,-0.29784735812133073,-0.07238776474217462,-0.29769697203397183,-0.22675329933579477,-0.20865298410341934,-0.2991699844793846,-0.059913431598430586,0.1892994514763865,0.10312051131269702,0.08498934765214541,-0.05306893659683996,-0.27665448796429293,-0.042557334695805575,-0.26581897756740863,-0.06610625355479934,-0.027437748835953842,-0.3201122111574909,-0.24843203223660745,-0.22006690252860708,-0.10086857605583566,,-0.10127346167564806,0.12558202307848032,0.20275322221472433,0.2959463237349734,-0.2043110678376216,-0.1661669863977712,0.11144573086674443,0.1811786027590063,0.05724504256119075,0.1160074421832975,0.13458205199888174,0.15752942650843993,-0.00156362970318028,-0.2160720310797914,0.07723868007287941,-0.32495155832762956,-0.13466302912284422,-0.03250845921741394,-0.17865674375560334,-0.21034193554606537,-0.02088631390203696,-0.15844331119315935,0.17884183432466041,0.14371318673903194,0.23342041587537235,-0.30417899800449233,0.20790876577366893,0.15056924990118864
#12,0.19712338407257093,0.050319570435637645,1.0,0.4748594950497913,0.1965642563118776,0.44716531865462295,0.07808701184772444,-0.0336652752740208,0.03683880732264564,0.16157057059951993,-0.016895298506743272,0.03900205334850048,0.12036478266318336,-0.08537109695082568,-0.28427404972381015,-0.08413715982377835,0.4184762804507727,0.6250026510367964,-0.3319425833630571,-0.06541987602787927,-0.314235585589928,-0.10022075906413581,0.11482363375203648,-0.0018836821455081797,0.022343902133361612,-0.11682492552996636,0.08180039138943249,0.005982667039418507,0.03073467459728341,0.03005215312388536,0.3551637376726789,0.15722479828020014,0.2063509201507717,-0.2733537061494414,-0.10088785632344577,0.05568334088477148,-0.0531422016137584,-0.2646968659925,0.07229521945764607,-0.24075077362073785,-0.1302285675725179,-0.09030298940549294,-0.107666798415162,0.04053676265026559,-0.008608639487916092,-0.11146501113435454,-0.08409859928855813,-0.023442877387138135,0.1321990109222716,0.25476752817329107,0.17863746348799323,0.2803871477736111,0.24612611223043776,0.32453896060077314,-0.08948550605882409,-0.0405059142220894,-0.2583845063769485,-0.3305351238275187,0.2860092738087205,0.1670615908148805,-0.25082278542026165,-0.37134759430460895,-0.21820828473099207,-0.30736024216016117,0.4027667184020514,0.15115537003653612,-0.1858637077882641,0.0581126546036459,-0.30311087117889196,0.06315251655692981,0.1410795021834903,0.43310229145980544,-0.1933097471392903,-0.060518832001388176,-0.1055266887104393,0.04035167208120849,-0.00905979774999277,-0.07468211658777824,0.07002785998669661,0.07243789343796092,-0.10108837110659095,0.1365949119373777,,-0.01746599442800266,0.16163997956291634,-0.1484252841429439,-0.1390396498703402,0.0006458889649388333,-0.09898296588356646,-0.025251366488966868,0.09428629269374258,0.23173917653977036,0.08496235527749126,-0.027318211176771134,-0.04195964639989203,0.30705175787839933,0.21282909006777015,0.3865674375560333,0.4075675050369699,0.30916101915494587,0.3424773215852236,0.4950459352375811,0.14668620400451157,0.17392151003055922,0.13754350110379532,0.23148467700731687,0.17815160074421832,-0.3164181118833929,-0.036703845449374835,0.04021285415441566,-0.16426595201141392
#13,0.3557961304502906,0.3224258432707046,0.4748594950497913,1.0,0.18744468973229347,0.37609054013669707,0.18385084784976816,0.20634706409724968,0.2278214261613951,0.4984701107651374,0.14892271504728485,0.24284075462967425,0.22528799899742608,0.17173898373709426,-0.10190971050678184,-0.16898190546884792,0.4558877117214387,0.23289984864989927,-0.26502848659539396,-0.10022847117117986,-0.16299345434914636,-0.19657196841892166,-0.07660628729526765,-0.047697454040662085,-0.12887123673276585,-0.05862165366855292,-0.033788668986725535,-0.0899405203744228,-0.12355759497941832,-0.07522582013438346,0.10679533031918483,0.09578629751380949,0.3643565692691815,0.11541746599442801,-0.07208699256745683,0.06258953274271446,0.035415923573019197,-0.025197381739658548,-0.0028746879006680613,0.0871603057850443,-0.10567321874427617,-0.14170803890758005,-0.2600348972843743,-0.03902904572315464,-0.06280161568642573,-0.08774256986686975,-0.08269113975301977,0.025432601004501943,-0.09724388574513414,-0.12081979697878206,-0.18438683928932934,-0.0226793787897776,-0.12395862454570869,0.06553170158001793,-0.02645831124136003,-0.07741605853489246,-0.1469908322327514,-0.2551878380071915,0.04888126247192311,-0.06670008579719086,0.03563186257025248,-0.008543086578041703,-0.0809096430258452,-0.17544465117175825,0.009001956947162427,-0.14015404933820483,-0.02623080408356068,-0.05417176790413851,-0.34278966192050747,-0.012973692074846,-0.08166157346263966,0.1717274155765282,0.011134354544841083,-0.06333375107246489,-0.06466794559108481,-0.11466553555763354,0.005115054996963358,0.016945427202529572,0.05410621499426412,-0.08386723607723676,0.09443282272757945,0.05690185379773071,,0.11117966317372485,0.17837525184849565,0.08263715500371145,0.12199203724947702,-0.2079666065764993,-0.07328622521280595,0.2714565278166061,0.09848167892570349,0.01103795320679051,0.05318461820250065,-0.046872258586949184,0.1221732717650121,0.18929559542286448,-0.13982242873531084,0.2741094926397578,0.07355229290582553,0.0021921664272700103,0.3018036690349262,0.2558549352665015,0.14364377777563553,0.27114418748132224,0.15346514609622783,0.27385884916082637,0.36491569702987475,0.004779578340547367,-0.16866956513356404,0.045923669420531554,0.07999575834112578
#17,0.11917711817840032,0.23653996317468887,0.1965642563118776,0.18744468973229347,1.0,0.45924633433912065,0.25043332401453733,0.1353455505962423,0.10418478208477534,0.10939816644655027,0.31517646264930155,0.47332478574802617,0.3808874707180936,0.1211629857422421,-0.5319869279785604,0.24335746580162532,0.029207677402562346,0.004112481081237408,-0.45488899385923476,0.060117802435097796,-0.5521849363269162,0.10782875266308696,-0.21104373728707354,-0.08550605882409648,-0.38952888666094687,-0.13963348211273172,-0.26860690426383116,-0.24231633135067915,-0.07380293638475702,0.11966683697569722,0.21543963830217963,0.15241244348471555,0.16695362131626387,0.07153557691380756,0.10870407681258616,0.3042252706467566,-0.09687370460701994,0.27806965960687535,-0.07395332247211592,0.0013361225453809298,0.44631313082625584,0.0689982936963165,0.051102349300608294,0.30218156228008447,0.495030511023493,0.24049241803476232,-0.21572498626280934,-0.20219795050755304,-0.14222089402600907,-0.28882419287979716,-0.29539876413484617,-0.30457231546373864,-0.3936124473407691,-0.25005157471585704,-0.5122323657852371,-0.3712897535017786,-0.38946333375107245,-0.09463719356424667,0.29823681952705505,-0.0966307732351325,0.05481958489583835,0.04809462755343044,0.15671965526881512,0.2960080205913258,-0.14050109415518688,-0.22613633077227113,0.05771548109087754,-0.039777120106427075,-0.20291132040912727,0.1896040797046263,-0.03533880250257874,-0.13214502617296328,-0.12798048836917855,-0.18132513279284315,-0.010698620496852496,-0.0409262240559899,0.1878997040478922,0.06017564323792814,-0.18892541428475026,0.003364406697964968,0.051923688700799164,0.48736853267523356,,0.08171941426547001,0.6228162686898094,0.3056057378076408,0.18663106243914665,0.3747871940462534,0.19595885590892,0.48973614953775557,0.3838759121976613,0.4973055826014865,0.257786818081035,0.019579111758071203,0.1052914694455959,-0.2102069736727946,-0.040552186864353676,0.24013380505721418,-0.1744073727743341,0.09705879517607705,-0.12408973036545748,0.04470901256109435,0.14174659944280027,0.08318471460383871,0.09323744613575237,0.12498433478256678,0.038662720638562464,0.08349705493912256,0.023593263474497025,0.2755863611386926,0.0560920825581059
#18,0.11906143657273963,0.16983794935073698,0.44716531865462295,0.37609054013669707,0.45924633433912065,1.0,0.2733768424705735,0.03215755834690986,0.04755478006034724,0.29313140466389676,0.14067076051015587,0.2064357533282562,0.5557672100488755,0.2520760028149191,-0.5505114090983583,-0.0003643970578311627,0.347266540059576,0.2658652502096729,-0.5228557932384101,-0.07698032448690388,-0.4970356588549449,0.07990706911011924,0.02402514146896359,0.15885976497353782,-0.32405309785699826,0.04189023743649562,0.046806705677074796,0.14895741952898306,0.1020215360589205,0.19563494741307008,0.37134759430460895,0.40386183760230593,0.2934476010527026,0.14848312494577426,0.22165945263320255,0.3922782528221492,-0.08002275071577994,0.09376958152179152,0.09241610673556148,0.06317179682453992,0.18851667261141586,0.05007278301022818,-0.1781323204766082,0.201014142076292,0.15830449326636653,0.0060058033605506446,0.04303162927901439,0.06363837930070469,-0.014809173551328892,-0.09061918579429883,-0.09198422874109492,0.06740574359172105,-0.09881329952859745,0.12369641290621114,-0.39431424908177726,-0.1048865838257835,-0.3497035658854945,-0.1759729305042754,0.36202365688835764,0.1405357986368851,-0.01284258625509722,-0.14092526004260938,0.14044325335235652,0.06523478545882216,0.20512469513076842,-0.009194759623263571,0.1497556226080418,0.25445133178448515,-0.3928026761011443,0.1431347787107285,0.005593205633694196,0.16791377864324758,-0.23828675542016522,-0.16681480338947105,-0.18427501373719068,-0.2332276131992712,-0.0011086153875815795,-0.05508179653533591,0.2570156073766304,0.32633202548851376,0.014022538632836224,0.36374731281270184,,-0.06975022413311097,0.4541409194759623,0.03491078056163419,-0.02015366373285261,0.10062178863042619,0.17685596676081863,0.15558983158686243,0.37612138856487326,0.2608562366845652,0.1573906085816471,-0.031274522090366616,0.03435165280094088,0.14821320119923265,0.09224644038059249,0.36586814224981445,0.30286022769996046,0.020867033634426845,0.3595326463131308,0.1943585936972805,0.47763585358564775,0.2094010584866918,0.22159389972332816,0.20651287439869664,0.318450252089499,-0.06260495695680256,-0.005828424898537592,0.2071298429622203,-0.027780937599413878
#26,0.030167834729546046,0.1278339583353417,0.07808701184772444,0.18385084784976816,0.25043332401453733,0.2733768424705735,1.0,0.16383793007046937,0.2963203609266097,0.2761763373275621,0.5990436987265383,0.2985260235412068,0.517449606200534,0.46074633915918756,-0.31124714411036025,-0.05921548591094444,0.13815275756027492,0.048167892570348876,-0.4554789700481043,-0.22152449075993175,-0.4029980816133728,-0.1053415981413822,-0.19036757830198683,-0.1907030549584028,-0.3463140948396364,-0.4492128830748171,-0.48389808450541294,-0.4071896117918117,0.1720975967146424,0.3490287565191405,-0.26671358198451794,-0.09807679330589109,0.027329779337337202,-0.1265190440843319,0.15626078489969442,0.1233532241427511,-0.30412886930870603,-0.09625287998997425,-0.3080196273124271,-0.31017901728475994,0.3473320929694504,0.17234438414005188,-0.07121166841795765,0.2956532636672997,0.024059845950661796,-0.0667386463324111,-0.34212642071471955,-0.3806599635602942,-0.27825089412241044,-0.2526042821474362,-0.4634185842499494,-0.22981500583228096,-0.3893746445200659,-0.16978010854790665,-0.33805057214194134,-0.3972911224007789,-0.512899463044547,-0.08580297494529224,-0.1628276440476994,-0.2294988094434751,0.3209489747717698,0.27009919697685403,0.1380987728109666,0.10481331880886506,-0.28214936423317555,-0.40716261941715753,0.4357629683900012,0.48554847541283874,-0.08788909990070662,0.10086472000231363,0.3405608629847782,0.10266549699709832,0.27610692836416567,0.22932143098146202,-0.0026741731175228714,0.14404866339544792,0.48321170697849286,0.26019685153229927,0.20046272642264273,0.025502009967898354,0.1762582784649051,0.3926021613179991,,0.19946400856043883,0.4183837351662441,0.21957332767778817,-0.07114225945456124,0.1914935459304175,0.35701078730972785,0.18604494230379917,-0.015071385190826448,-0.1408944116144332,-0.3281212343227324,-0.11825166533311482,0.03988894565856574,0.12080051671117195,-0.23873020157519786,0.05532087185370133,-0.39537466380033354,-0.3587344432340721,-0.19124675850500805,0.18383156758215805,0.024194807823932594,-0.0609429978888107,-0.09291739369342447,-0.08278368503754832,0.047601052702611515,0.44071414111227863,0.03304059460345309,0.19263493777293628,-0.02508170013399786
#49,0.7052394127230486,0.675320293445673,-0.0336652752740208,0.20634706409724968,0.1353455505962423,0.03215755834690986,0.16383793007046937,1.0,0.5462080533677808,0.6404847059277182,0.5303403931246565,0.07180550066034917,-0.06300213046957091,0.15179547492119191,-0.13769774324467624,-0.03267426951886092,0.23338571139367414,0.05475017593244194,-0.09409734607116346,0.12690464943653418,-0.010363143840436505,0.16985337356482508,-0.1679677633925559,-0.40526158503080023,0.06300213046957091,-0.15454484108239422,-0.2775529484349243,-0.36656223188377857,-0.26406447321488824,-0.35079868508574896,-0.38947875796516057,-0.6032583652261093,-0.10004723665564479,-0.401852833717332,-0.3189438269403179,-0.5248416608022519,-0.34855060588240966,-0.21761059643507852,-0.31332170090520856,-0.2814475624921674,-0.16203329702216268,-0.16942920767740255,-0.19421591971696567,0.18560149614876653,-0.014870870407681258,-0.030885060684642304,-0.4520856429487241,-0.39850577926021613,-0.4259300319088429,-0.29299258673710393,-0.3509027985308436,-0.15815410717900766,-0.21508488137815354,-0.19316707315897544,-0.012649783578996076,-0.0990215264187867,-0.1285396161298719,-0.028737238872875555,-0.05842113888540773,-0.11126835240473137,0.2883229059219342,0.21426739803148467,-0.1656464191722981,-0.02664340181041713,-0.3005003229444825,-0.23628931969575737,-0.06220392739051218,-0.1581001224296993,0.167983187606644,0.19924806956320554,0.35023570127153364,0.13783656117146906,0.15781863052259165,0.030657553526842952,0.03893264438510406,-0.1155370036536107,-0.021564979321912987,-0.10340971532684874,-0.18014903646862618,-0.25271610769957487,-0.08096748382867554,-0.14496640413368939,,-0.008870851127413648,0.20805915186102783,0.41254952618742347,0.18002949880944347,-0.3163448468664745,-0.1924652714179673,0.06211138210598363,-0.054862001484580605,-0.018834893428320783,-0.08689038203850269,-0.004729449644761069,0.03436707701502897,0.13100749038396653,-0.17866445586264737,0.0362758235084303,-0.4545033885070325,-0.31485255415345165,-0.18915677749607165,-0.1663327966992182,-0.4526794751911157,0.05264862676293947,-0.09682743196475567,0.05970520470824135,0.06562039081102446,0.3295865346611011,-0.2655066372321248,0.07872711673238024,-0.07253429477601149
#50,0.45074373632306014,0.4843338185534015,0.03683880732264564,0.2278214261613951,0.10418478208477534,0.04755478006034724,0.2963203609266097,0.5462080533677808,1.0,0.5585281443706439,0.49966548735696453,0.062427578494789505,0.2093856342726037,0.3319117349348809,-0.05853682049106842,0.06367693983592493,0.16260784899694408,-0.05802010931911735,-0.0848196812971764,0.10816037326598094,-0.06497642987284663,0.14923891143609072,0.010540522302449559,-0.10297398127886015,-0.03809202471730307,-0.08948165000530207,-0.30433709619889526,-0.21795764125206057,0.07106128233059875,0.08767316090347334,-0.3245736650824713,-0.2024100334512643,-0.0853248243085614,-0.22314017718565934,0.16595875950758196,-0.016687071616554038,-0.13487511206655547,0.03710873106918724,-0.20622752643806697,-0.21995893302999045,0.05881060029113204,0.055799022490432164,-0.23263378095687967,0.292664822187732,-0.05106764481891009,-0.17608090000289203,-0.500749038396653,-0.4433516817213423,-0.4309197651663405,-0.13257304811390783,-0.4303567813521252,-0.04074498954045482,-0.44130797335467015,-0.1244483433430056,-0.3084052326646294,-0.3113242651808007,-0.3288230360637406,0.10440843318905266,-0.0995960783935681,-0.21125967628430684,0.10628247520075579,0.012831018094531152,0.2081208487173802,0.2823074624275785,-0.16765927911079406,-0.18912592906789547,0.22367616862522052,0.21526997194721062,0.12270155109752924,0.2825426816924219,0.3470583131693868,0.19005523796670298,0.03943393134296704,-0.11782364339217029,-0.15831991748045462,-0.24258625509722076,-0.05276045231507814,-0.13891625615763548,0.11276450117127626,0.09740969604658113,-0.27444882534969584,0.1494664185938901,,-0.07202915176462649,0.09958451023300204,0.19220691583199176,-0.1368956841120955,-0.09235826593273115,0.048969951702929636,0.018954431087503495,0.03585936972805182,-0.11711027349059605,-0.12346119364136775,-0.19235730191935063,-0.07682222629250093,0.032427482093451455,-0.005342562154762708,-0.09419760346273606,-0.39603790500612146,-0.27872904475914123,-0.05219746850086279,-0.09780686955934949,-0.16371453635776465,-0.0002448593986484532,-0.24315309496495813,-0.13690339621913952,-0.09627987236462843,0.15217722421987218,-0.3091995796901661,-0.08502019608032159,-0.10204852843357466
#51,0.539332709938014,0.5823816914578774,0.16157057059951993,0.4984701107651374,0.10939816644655027,0.29313140466389676,0.2761763373275621,0.6404847059277182,0.5585281443706439,1.0,0.5583237735339767,0.08805105414863158,0.2714218233349079,0.253919196398446,-0.060646081767614934,-0.19522620573973568,0.47982994803967877,0.024140823074624274,-0.16779809703758689,-0.025687100536955453,-0.05528616737200313,-0.01286957862975138,-0.03811901709195724,-0.1559368764038445,0.031197401019926158,-0.12788794308465,-0.26800921596791766,-0.30552090463015624,-0.09931844253998245,-0.15505769620082327,-0.26093721380852763,-0.29738077564516596,-0.012981404181890045,-0.17904234910780562,-0.14662450714815922,-0.2621094540792226,-0.12919514522861578,-0.1952146375791696,-0.1667569625866407,-0.1820037982127192,-0.10745857152497276,-0.04011645281636509,-0.17388680554886102,0.09710892387186335,-0.08417186430547656,-0.21284837033538026,-0.40964591788534027,-0.3149489554915022,-0.23038955780706236,-0.1584124627649832,-0.44294679610152987,-0.166637424927458,-0.15652299653919197,0.017816895298506743,0.027017439002053348,-0.031178120752316043,-0.09035311810127925,-0.20121851291295922,-0.028158830844572123,-0.03444805413899145,0.14672090848620978,0.07512556274281088,-0.07906259338879623,-0.01580789141353282,-0.2276517598064261,-0.13436225694812645,-0.036726981770506976,0.08515901400711443,-0.14868363972891943,-0.02321151417581676,0.23102195058467412,0.3361264014344519,0.036009755815410716,-0.06649571496052366,-0.008203753868103689,-0.09326829456392854,0.0808248098483607,0.012838730201575197,0.12365014026394687,-0.06513067201372755,-0.08092892329345532,-0.060137082702707914,,-0.10380303278609507,0.05932731146308311,0.2010449905044682,0.08198162590496756,-0.3065389027599703,-0.08131067259213558,0.04700722046021999,0.08288394242912092,-0.17594979418314327,-0.07404972381016649,-0.13623244290630754,-0.010019955076976469,0.40182584134267785,-0.183152902162282,0.13673758591769253,-0.2689732293484234,-0.2794771191424137,0.07157799350254981,-0.04875015665217433,-0.05195453712897535,0.06678106292115335,-0.07168981905468848,0.0892657110080688,0.22983814215341308,0.115247799639459,-0.2629115132118034,0.01717293436032892,-0.0067461656367790385
#52,0.4074286871101771,0.535812133072407,-0.016895298506743272,0.14892271504728485,0.31517646264930155,0.14067076051015587,0.5990436987265383,0.5303403931246565,0.49966548735696453,0.5583237735339767,1.0,0.14998698581936318,0.2975273056790028,0.46784918974675366,-0.11623109328757483,0.06163708752277482,-0.056107506772194,-0.05259849806715317,-0.18567090511216297,0.06707412298882709,-0.11289946304454705,0.0916256157635468,-0.10316292790143927,-0.2534680381363693,-0.12536994013476907,-0.27981259579882967,-0.6039794472347276,-0.4842798338040932,0.02709841612601583,0.09653437189708193,-0.37382318066574766,-0.3820905594169647,-0.2034897284374307,-0.2730722142423337,-0.06353040980208806,-0.20962470959096913,-0.21102445701946343,-0.0370508902663569,-0.381971021757782,-0.3721380852766236,0.16100758678530458,0.10828376697868566,-0.06272449461598527,0.3541958682386512,0.11698687977789132,0.07601245505287614,-0.5902827451245023,-0.5315743302517039,-0.40872432109357676,-0.22110418092603126,-0.5719279303596734,-0.30122140495310074,-0.3977538488234217,-0.14982888762496024,-0.16057956484436003,-0.24039987275023378,-0.25624054061870377,0.015198634957053203,-0.059608803370190776,-0.12892907753559618,0.43182208169049385,0.2984643266848544,0.09009476251530371,0.13373757627755872,-0.4536859051603636,-0.37035273249592704,0.28638716705387873,0.1910539558289069,0.12375425370904149,0.23648597842538055,0.3290852477032381,0.1338185534015212,0.26275341501740046,0.02863698148130296,0.0877502819739138,-0.04820259705204708,0.31764819295691826,0.0485419297619851,0.11059739909189939,-0.008331003634330444,0.11875680834449982,0.14009235248185245,,0.038184570001831626,0.3462639661438501,0.26329711856400567,0.056038097808797586,0.024672958460663433,0.17586881705918078,0.19258866513067202,0.09246237937782577,-0.12988152275553586,-0.2197815545679774,-0.13565403487800412,-0.016467276565798734,0.03680024678742541,-0.20451543867428879,-0.2212815593880443,-0.5649716098059441,-0.47022451871631976,-0.3075800372109165,0.0012050167256321517,-0.15916439320177764,-0.3056944270386473,-0.3129746560882265,-0.18007577145170775,-0.02955857827306643,0.4215032824655606,-0.17456932702225908,0.08876442405020582,-0.05210106716281222
#53,0.014824597765416983,0.07256128715066565,0.03900205334850048,0.24284075462967425,0.47332478574802617,0.2064357533282562,0.2985260235412068,0.07180550066034917,0.062427578494789505,0.08805105414863158,0.14998698581936318,1.0,0.4329364811583585,0.059570242834970547,-0.26340894411614435,-0.13061031687119817,0.32570348876442407,0.0918955395100884,-0.29042445509143666,-0.20825581059065099,-0.42809327793469776,-0.23695256090154532,-0.30301061378731936,-0.08109087754138028,-0.30567129071751514,-0.1387041732139242,-0.1066218079106938,-0.13599336758794212,0.020215360589204978,0.1619368956841121,0.1540859707132735,0.21847435242401164,0.352148303818457,0.2986841217356097,0.0747939421399169,0.2255463545834016,0.1522813376649668,0.34725111584548796,0.14866821551483134,0.2737663038762978,0.3647498867284278,0.19768251183326424,0.09554336614192205,0.20672881339592994,0.07307028621557267,0.1656926918145624,-0.006537938746589803,-0.02510869250865202,-0.21312986224248792,-0.4748826313709234,-0.2990195983920257,-0.4890999007066218,-0.3608437045106186,-0.4291151321180338,-0.31266617180646467,-0.2542392488407739,-0.4977374605959531,-0.2827817570107873,-0.14626203811708907,-0.3693578706872451,-0.07584278869790713,0.02025777717794723,0.2858820240424937,0.12295990668350476,-0.16090732939373198,-0.14264891596695362,0.10723877647421746,0.01051738598131742,0.013313024784784014,0.15483404509654594,0.1970346948415644,0.0429815005832281,-0.08871815140794154,0.012121504246478941,-0.3668938524866725,-0.12467585050080496,0.004019935796708858,-0.13093036931352608,-0.16337905970134867,-0.22565432408201827,0.4357359760153471,0.44108817830391484,,0.6172327031899203,0.5517106417437074,0.20529821753925945,0.06047641541264593,0.2683369805172896,0.2747611656849797,0.5806850279081873,0.1580152892522148,0.13768231903058814,0.07926310817194143,-0.07433507177079618,0.03101231045086906,-0.04494423182593774,-0.20664783627196745,0.18641512344191338,-0.19978406100276672,-0.0040160797431868355,-0.13291238082384582,0.38674481601804633,0.17862203927390513,0.1551502414853518,0.24502713697666123,0.13863090819700577,0.3025324631505885,0.05507408442829186,0.03806117628912689,0.046933955443301555,-0.11809356713871189
#54,-0.16154743427838777,0.03846220585541727,0.12036478266318336,0.22528799899742608,0.3808874707180936,0.5557672100488755,0.517449606200534,-0.06300213046957091,0.2093856342726037,0.2714218233349079,0.2975273056790028,0.4329364811583585,1.0,0.37153268487366603,-0.344740825002651,0.0028824000077121072,0.25624054061870377,-0.09115903328738204,-0.39313429670403827,-0.17064000848331776,-0.470590843800912,-0.08715644973152227,-0.13666046484725208,0.15281347305100595,-0.41930533195800757,-0.1367800025064348,-0.13119643700654565,0.023180665747640578,0.28324448343343006,0.3082702707913586,0.1477543308301119,0.3855995681220055,0.1286283053608784,0.25407729459284895,0.30210444120964397,0.44098406485882025,-0.09636470554211292,0.1832840079820308,0.010282166716474025,-0.03777968438201922,0.4280508613459555,0.22413889504786327,-0.005631766168914425,0.33080119152053833,0.10959482517617344,-0.06263194933145672,-0.035608726249120336,-0.014489121109000993,-0.02863698148130296,-0.1538970240906944,-0.35903521540878985,-0.2336672033007818,-0.35279997686367887,-0.1420897882062603,-0.4103978483221347,-0.2621094540792226,-0.5328853884491916,-0.25509143666914097,-0.025995584818717284,-0.20369795532761995,-0.027892763151552542,0.04836069524645002,0.3608205681894865,0.30002988441479567,0.04195964639989203,-0.18649610056587584,0.32347854588221686,0.4373670866551628,-0.3121186122063374,-0.029234669777216508,0.18157577627177465,-0.006055932056336942,0.08697907126950923,0.09120144987612427,-0.13748180424744297,-0.05690956590477476,0.2654410843222504,0.05785044296414834,0.2898730394377874,0.2550683003480088,0.004671608841930726,0.6024447379329625,,-0.03445962229955752,0.2254962258876153,0.17473128127018403,-0.12027994948569887,0.2765812229473745,0.4043399882390368,0.15376977432446762,0.37670750870022074,-0.10264236067596619,-0.10162821859967416,-0.11565654131279342,-0.0919803726875729,0.13182882978415741,-0.2292018933222793,0.21493063923727262,-0.07113454734751719,-0.11161539722171343,0.11421437729555686,0.09345724118650767,0.46268979013428707,0.21127510049839493,0.07086462360097558,0.06046484725207986,0.23102966269171815,0.08821686445007856,0.11681721342292231,0.14686358246652464,-0.13889311983650332
#58,-0.08000732650169184,0.03725526110302411,-0.08537109695082568,0.17173898373709426,0.1211629857422421,0.2520760028149191,0.46074633915918756,0.15179547492119191,0.3319117349348809,0.253919196398446,0.46784918974675366,0.059570242834970547,0.37153268487366603,1.0,0.08189293667396104,0.1150974135521001,-0.02310354467720012,0.06439416579102118,-0.04423857403140755,-0.05040440361312215,-0.06654584365630994,-0.05694812643999499,-0.007324573665082472,0.24705542112924528,-0.15820809192831597,-0.05858694918685471,-0.38135790924778035,-0.19364136774218427,0.4179094405830353,0.33307626309853183,-0.034216690927670074,0.18043438442925588,-0.06460239268121042,0.12129794761551291,0.300758678530458,0.2638986629134412,0.15925308243278416,0.34270097268950095,-0.20842162089209798,-0.060167931130884096,0.13771316745876433,0.21058872297147485,-0.10790972978704945,0.28954913094193746,-0.04346350727348096,0.0865896098637849,-0.29213654285521484,-0.2665400595760269,-0.4934649532935517,-0.29533706727849385,-0.48654333722152066,-0.21109772203638186,-0.5581849556071838,-0.2128907869241225,-0.29213654285521484,-0.14766178554558337,-0.31946439416579103,0.07656001465300338,-0.20456556737007509,-0.28936789642640237,0.20008097712396247,0.16147802531499136,0.4447128686146164,0.2775837968631005,-0.2246517501662923,-0.30338465097895556,0.8559995372735774,0.5330473426971166,0.2682907078750253,0.2367790384930543,0.3291546566666345,-0.06556255000819411,0.35804420965363,0.18387012811737827,-0.20102185418333607,-0.25154001137535786,0.14748826313709235,-0.02163053223178738,0.5377864324756828,0.42497373063538124,0.1402196022480792,0.2949013332305052,,-0.07355229290582553,0.23615050176896454,0.10044055411489111,-0.02755343044161453,0.08558317989453694,0.22767875218108027,0.12885195646515574,0.002377256996327109,-0.19143184907406516,-0.1772724205411971,-0.26885754774276266,-0.12484166080225194,0.1293031147272324,-0.004023791850230881,-0.02560226735947095,-0.2615194778903531,-0.2478998968505683,-0.22558105906509981,-0.0328053753386097,0.1879999614394648,-0.09031455756605902,-0.1390357938168182,-0.36978589262818967,-0.06792631081719415,0.3606084852457752,0.019232066941089143,-0.17129168152853963,-0.19914781217163294
#101,-0.15047670461666007,-0.24846288066478361,-0.28427404972381015,-0.10190971050678184,-0.5319869279785604,-0.5505114090983583,-0.31124714411036025,-0.13769774324467624,-0.05853682049106842,-0.060646081767614934,-0.11623109328757483,-0.26340894411614435,-0.344740825002651,0.08189293667396104,1.0,0.08633125427780938,-0.15710526062101743,-0.09651123557594979,0.8462090173811613,0.13864247635757185,0.7896252879989974,-0.019112529281906432,0.36547096873704604,0.22718903338378338,0.6411440910799842,0.24777264708434152,-0.12286736139897622,-0.07749703565885495,0.3172857239258481,0.04120000385605352,-0.2601197304618588,-0.011446694880124937,-0.3830352925298603,-0.0050842065687871744,0.1653764954257565,-0.08482353735069843,0.5115228519371849,0.13089180877830583,0.2532636672997021,0.09199194084813897,-0.10730432938409185,0.13294708530554403,0.24423278995112452,-0.16022480792033394,-0.08075154483144226,0.010255174341819865,-0.10273490596049473,-0.02028476955260139,-0.14872991237118371,0.08700606364416338,-0.06279775963290371,-0.08222841333037703,0.02294159042927516,0.05458050957747294,0.44775915089701446,0.3379156102686705,0.5143146346871295,0.10427732736930388,-0.26950150868094047,0.008878563234457694,-0.24840118380843126,-0.28207995526977914,0.11008454397347035,-0.038211562376485785,-0.13839183287864035,0.1513558848196813,0.15778006998737143,0.0298400701801741,0.46224634397925446,-0.03983496090925742,-0.07468982869482228,0.02040816326530612,0.12738665612678704,0.03845834980189525,0.014678067731580114,-0.03978483221347112,-0.26012744256890286,-0.2838537398899097,0.2540618703787609,0.10127346167564806,0.23108364744102647,-0.20316581994158078,,-0.03412800169666355,-0.5871979023068841,-0.4362372629732101,-0.34197989068088264,-0.07865385171546181,-0.0409609285376881,-0.05104065244425593,-0.1581001224296993,-0.4203503224624758,-0.08067056770747978,-0.3734761358487656,-0.23031629279014393,0.13995739060858164,0.12128252340142481,-0.5490808132416878,-0.10140071144187482,-0.26059788109858967,-0.1858791320023522,-0.10305495840282262,-0.19479047169174707,-0.40130141806368275,-0.32265335042850396,-0.5287786914482373,-0.3483346668851764,-0.29694118554365534,-0.12882110803697955,-0.5511553700365361,-0.2029306006767374
#102,-0.05662036189062304,0.057445557344335936,-0.08413715982377835,-0.16898190546884792,0.24335746580162532,-0.0003643970578311627,-0.05921548591094444,-0.03267426951886092,0.06367693983592493,-0.19522620573973568,0.06163708752277482,-0.13061031687119817,0.0028824000077121072,0.1150974135521001,0.08633125427780938,1.0,-0.271780436312456,0.02095186681191135,0.27594883016976274,0.6669680815169714,0.09795339959318636,0.6824655606219814,-0.19153596251915977,0.23209007741027446,-0.14367848225733373,0.14346254326010044,-0.33941947114225945,-0.12045732794771191,0.15453712897535019,0.2705657794530188,-0.13510647527787686,0.16514898826795715,-0.09298294660329885,0.08361273654478324,0.25470197526341665,0.19553083396797546,-0.1276989964620709,0.3755506926436139,-0.19479047169174707,0.06665766920844861,0.227127336527431,0.17500506107024766,0.08138393760905402,0.5320871853701329,0.1771528828820144,0.41016648511081333,-0.3236867727724061,-0.24351556399602828,-0.37026789931844256,-0.08762303220768704,-0.18867091475229678,0.011034097153268488,-0.20225193525686136,0.037212844514281855,-0.329397588038522,-0.1320139203532145,-0.1261874234814379,0.48178111112182237,-0.18966577656097866,-0.19591258326665575,-0.19606682540753664,-0.07739677826728235,-0.08238265547125793,0.3170659288750928,0.09066160238304108,0.012672919900128215,0.1456759179817416,0.11067452016233985,0.3323281887152594,0.39578340547366797,0.09188397134952234,-0.31902094801075837,-0.04932856468047776,-0.22805664542623852,0.17140350708067828,0.01683745770391293,-0.046532925877011175,-0.05023088120463112,-0.1322298593504478,0.3416212777033345,-0.09517704105732988,0.2565258885793335,,-0.10669892898113426,0.0039158223516142406,-0.14579159958740226,-0.2566377141314721,0.17702177706226563,0.07507157799350254,0.12248946815381798,0.18661563822505856,0.1273442395380448,-0.06559725448989231,-0.362424686454648,-0.4546537745943914,-0.280209769311598,0.23230987246102977,-0.1714073631342003,-0.04895452748884155,-0.12017969209412627,-0.2935787068724514,-0.11810899135279998,-0.07172452353638668,-0.1640962856564449,-0.11164624564988962,-0.2803331630243028,-0.25989607935758147,-0.08555233146636075,-0.041003345126430356,-0.3983476810658132,-0.28644886391023106
#201,0.21912988152275553,0.15584433111931595,0.4184762804507727,0.4558877117214387,0.029207677402562346,0.347266540059576,0.13815275756027492,0.23338571139367414,0.16260784899694408,0.47982994803967877,-0.056107506772194,0.32570348876442407,0.25624054061870377,-0.02310354467720012,-0.15710526062101743,-0.271780436312456,1.0,0.44135424599693446,-0.23624690310701513,-0.34224981442742425,-0.2858473195607955,-0.27029971175999923,0.02862155726721487,-0.0707836464770131,-0.008959540358420176,-0.11380563562222244,0.1907647518147552,0.0062487347324380865,0.06310624391466553,-0.15160267224509077,0.11209740391196629,0.009271880693704028,0.3061378731936799,-0.0639777120106427,-0.13198692797856035,-0.1465550981847628,-0.02783106629520018,-0.27835500756750503,0.18014518041510416,-0.042912091619831685,-0.17913103833881214,-0.1309689298487463,-0.16977625249438463,-0.005142047371617518,-0.14288799128531904,-0.20853730249775868,0.03814986552013342,0.06774122024813704,-0.06098155842403093,-0.17688681518899482,-0.06196099601862474,-0.10145855224470515,0.09208063007914549,0.015264187866927592,0.05658180135540281,0.011342581435030318,-0.2660310605111199,-0.44587739677826727,-0.09550480560670183,-0.17215543751747275,-0.27519304367944625,-0.17254104286967503,-0.027838778402244222,-0.08823228866416666,0.13250749520403343,-0.04987226822708299,-0.05255608147841092,0.003248725092304281,-0.15102426421678733,-0.058914713736226657,0.38668311916169396,0.3558771075742531,-0.0781641329181649,0.06809212111864113,-0.35886169300029885,-0.05171160575708791,-0.06137487588327726,0.00408934476010527,0.0450213528963782,-0.05440698716898191,0.014176780773717139,0.011512247789999324,,0.2701801741008165,0.15108210501961766,-0.052031658199415805,-0.07315126333953516,-0.27966992181851485,-0.18256678202693452,0.024514860266260496,-0.04530284480348587,-0.09160247944241466,-0.04948280682135868,-0.16300502250971244,-0.1270935960591133,0.48935440023907534,-0.0313053705185428,0.4659790037885726,0.21705532472790723,-0.04429255878071588,0.2626454455187838,0.33729864170514684,0.10024003933174593,0.2757907319753598,0.2913769003113763,0.22515689317767731,0.4233811805307858,-0.13491752865529774,0.07689163525589736,0.009850288722007461,-0.18940742097500313
