,#10,#11,#12,#13,#17,#18,#26,#49,#50,#51,#52,#53,#54,#58,#101,#102,#201,#202,#301,#302,#401,#402,#501,#502,#601,#602,#701,#702,#801,#802,#901,#902,#1001,#1002,#1101,#1102,#1201,#1202,#1301,#1302,#1401,#1402,#1501,#1502,#1601,#1602,#1701,#1702,#1801,#1802,#1901,#1902,#2001,#2002,#2101,#2102,#2201,#2202,#2301,#2302,#2401,#2402,#2501,#2502,#2601,#2602,#2701,#2702,#2801,#2802,#2901,#2902,#3001,#3002,#3101,#3102,#3201,#3202,#3301,#3302,#3401,#3402,#3455,#3501,#3502,#3601,#3602,#3701,#3702,#3801,#3802,#3901,#3902,#4001,#4002,#4101,#4102,#4201,#4202,#4301,#4302,#4401,#4402,#4501,#4502,#4601,#4602,#4701,#4702,#4801,#4802
#10,1.0,0.3412973692074846,0.6669873617845816,0.602699237465416,0.136648896686686,0.09153307047901825,0.2761416328458639,0.5853855571515333,-0.11146115508083253,0.5909999710795986,0.5170678569018538,-0.12771056462263697,0.12287507350602027,0.07117310788273741,0.09305235556669526,0.23367877146134788,0.7557074412192841,0.3245351045472511,-0.39011500679629435,0.044065051622916525,0.08132224075270164,0.18423259714844842,-0.22634841371598238,-0.14603453095928973,-0.07497517665545197,-0.04913961805789864,0.3628527083955925,0.43544677200119536,-0.4248079203339342,-0.3617691573559041,0.31021757781998016,-0.28411980758292926,0.4582591846374828,0.29811728186787234,-0.34803003865693655,-0.2937522292809424,-0.48711403314278,-0.14305380158676603,-0.46211523815950567,-0.17427626695458534,-0.5980334127037683,-0.5081218127307607,-0.5517183538507514,-0.4113849980237726,-0.45685558115546643,-0.009476251530371241,0.011500679629433257,0.11232105501624362,-0.02818582321922628,0.03719742030019377,0.21923785102137217,0.025382472308715646,0.24115180318702822,0.10929019694793364,-0.24267108827470527,-0.23899626926821743,-0.2901275389702409,-0.1283776618819469,-0.3723501682203349,-0.10726191279534959,0.09392382366267243,0.21309515776078972,-0.39091320987535305,-0.0656435271321566,0.31102734905960494,0.3581521791522466,-0.20735349406649764,0.050527797325826886,-0.0600676737393115,0.11918483028544437,0.3739350062178863,0.5341733103255473,0.3497035658854945,0.4118824289281135,-0.36443754639314396,-0.038867091475229675,0.2900696981674106,0.24896416762264661,-0.09931073043293841,-0.04681441778411884,-0.1604870195598315,-0.09166417629876702,-0.19552312186093143,-0.12379281424426171,0.2151311540204178,-0.21585994813608012,0.024221800198586756,0.0009775095678328015,-0.1700230399197941,-0.1021564979321913,-0.3007432543163699,-0.1931400807843213,-0.16061426932605824,-0.233532241427511,0.12887509278628786,0.6396055257246971,0.1257285531123172,0.5409021237214773,0.6089653244387032,0.11482363375203648,0.3884067750860382,0.31982686319686116,0.08829398552051902,0.34010584866917953,0.45751882236125435,0.4287063904446994,0.37474092140398907,0.03075781091841555,0.16086105675146772,-0.15943046089479723,-0.18034569519824936
#11,0.3412973692074846,1.0,0.31527672004087415,0.11430692258008542,0.11919639844601043,0.10020533485004772,0.3207253236674925,0.412302738762014,0.19566193978772425,0.22804893331919446,0.21480338947104585,-0.22647566348220913,0.17341636701917423,0.2752161800005784,0.25024052133843616,0.3336469590197912,0.22437025825918464,0.22971089238718634,-0.3616264833755893,-0.09561663115884049,0.09825417176790414,0.19159765937551212,-0.08258702630792515,0.027121552447147968,0.24018778980652253,0.16593947923997185,0.27392440207070073,0.22076099216257122,-0.285762486383311,-0.32133458012397215,0.018028978242218004,-0.09545853296443754,0.07093788861789402,-0.1781785931188725,-0.38747746618723067,-0.3000028920401415,-0.3592010257102369,-0.13316302430277732,-0.33296443754639315,-0.21672756017853528,-0.2985954325046032,-0.3102561383552004,-0.23987544947123865,-0.36218561113628256,-0.2051555435589446,-0.03411257748257546,-0.22336382828993667,-0.1421553411161347,-0.2235720551801259,0.15023762929829465,-0.06684275977750571,0.16356029421688373,0.09244309911021564,0.09487241282909006,-0.13544580798781486,-0.16545361649619697,0.01820250065070903,0.002759006295007375,-0.08514358979302633,-0.017859311887248996,0.05043139598777631,0.1394098310084544,-0.21976998640741133,0.2132108393664504,0.26543337221520635,0.4435714767720976,-0.06439030973749915,0.19973778836050243,-0.014863158300637213,0.013694774083464279,0.23698726538324352,0.38231035446772,0.02580663819613816,0.06476049087561335,-0.18912978512141748,0.08057416636942921,0.27316475952686226,0.3284721351932365,0.06534661101096083,-0.14107179007644627,-0.12412443484715568,0.023766785882988056,0.041882525329451574,0.0644828550220277,-0.15574407372774335,0.06324120578793634,0.07694947605872769,0.062281048460952636,-0.28185630416550184,-0.32519448969951703,-0.27241282909006775,-0.10253053512382752,-0.07336720233676844,0.139513944453549,0.14079801027638264,0.39348905362806436,-0.024287353108461144,0.1544407276372996,0.16871583777582833,-0.15535461232201903,0.051399265421804056,0.01806753877743823,0.046201305274117206,-0.15033788668986725,0.053882563889986794,0.0038425573346958057,0.09135569201700519,-0.01946728620593254,0.03708945080157713,0.03748662431434548,-0.031351643160807074
#12,0.6669873617845816,0.31527672004087415,1.0,0.6148342378992221,0.1723019675513096,0.2524307597389452,0.2869038782258298,0.17547549959993444,-0.04777843116462457,0.5868855619716001,0.46646872258586947,-0.007694754803196669,0.0777438230842644,0.15589445981510222,0.28829591354728,0.3416829745596869,0.6543703546605227,0.6607444111324265,-0.3209412626647258,-0.037077882641011056,-0.06805741663694292,0.2017005196032121,-0.1367452980247366,0.045387677980970376,0.07428108702148786,0.10918993955636104,0.38125379580268576,0.479020176800054,-0.31561605275081217,-0.3393616303394291,0.36912265142240175,-0.16319011307876954,0.6280913499079367,0.3032072725169425,-0.42998274416048893,-0.24489603115691247,-0.5349021044412097,-0.09147137362266589,-0.2968023676168625,-0.09429014874726462,-0.47625538642476356,-0.4477475827364484,-0.4332758138682965,-0.2999257709697011,-0.5129418796332893,-0.09959993444709013,-0.00698909700866648,0.20027763585358566,-0.009472395476849218,0.007825860622945446,0.17769658642861963,-0.024846480869154464,0.37695429612563025,0.2188561017226919,-0.29825995584818715,-0.23182015366373285,-0.3474477745751111,-0.2840426865124888,-0.23045511071693675,-0.06488002853479606,0.2107506772193998,0.03816143368069949,-0.25712743292876905,0.10983390049453887,0.4905382086703363,0.3632267455872287,-0.1827788649706458,-0.04902779250575998,0.019313044065051622,0.18090096690542065,0.5591682492552996,0.5874832502675137,0.31391553314760007,0.4050842065687872,-0.3950931718932259,-0.1680333163024303,0.28228818215996837,0.28609410698620497,0.04442366460046465,0.11555628392122083,-0.056331157876471326,0.07089161597562973,0.079694986166408,0.006167757608475605,0.26110302410997466,-0.15362710034415278,0.0916256157635468,0.029508449577280133,-0.11884164152198433,-0.14953968361080852,-0.25758244724436774,-0.12671955886747707,-0.056905709851252734,-0.1043814408143985,0.14955510782489662,0.6526466987361784,0.34187963328931004,0.44956378394532115,0.6540155977364965,0.11984421543771027,0.45623475653842077,0.5695795937647614,0.3062304184782085,0.4024929386019878,0.6688498356357186,0.4896744526814032,0.5013235903714344,0.11015780899038878,0.09368474834430703,-0.033553449721882136,-0.10570792322597437
#13,0.602699237465416,0.11430692258008542,0.6148342378992221,1.0,0.20517482382655472,0.30787309727859025,0.1546065379387466,0.2808537302497759,-0.12177224219872172,0.6104961776869463,0.46951886092178957,0.002535355190730047,0.1326540252378703,-0.018634378645175594,-0.03126680998332257,0.08835568237687139,0.5687968148997908,0.23805539220884386,-0.20296916121195763,0.049980237725699636,-0.0653080504757406,-0.045719298583864344,-0.20949360377122034,-0.018939006873415404,-0.1478198837399863,-0.02714083271475808,0.31347208699256746,0.3425621547627081,-0.2795966568015964,-0.2735040922368002,0.17155389316803718,-0.22742425264862676,0.426118978531422,0.19560024293137188,-0.12245090761859774,-0.22973402870831847,-0.3030260380014075,-0.03359972236414641,-0.17901150067962943,-0.005230736602624044,-0.3771702351228635,-0.29187433121571726,-0.2865838257835019,-0.17924671994447283,-0.2709668090193092,0.16422353542267168,0.1995141372562251,0.23186642630599713,0.11718353850751448,0.04292751583391977,0.2944077583796863,-0.05773476135848766,0.33129862242487923,0.0070160893833206405,-0.28073804864411517,-0.2869578629751381,-0.2589552022982079,-0.19259637723771605,-0.07491733585262163,-0.015426142114852555,0.11338918184184396,0.17562588568729334,-0.17781612408780234,-0.09393539182323851,0.32322790240328536,0.24844745645069555,-0.20771210704404577,-0.24253998245495648,-0.09965777524992046,0.14520547945205478,0.1107670654468684,0.45660108162301294,0.07914742656628074,0.2552186864353677,-0.21291777929877667,-0.04536454165983824,0.11016937715095486,0.10593543038377373,-0.16187905488128176,-0.01270762438182642,-0.12318741384130412,-0.03718199608610567,0.020412019318828144,-0.07699189264746994,0.18963107207928045,-0.19094213027676823,-0.01706496486171228,0.13048306710497143,0.04196735850693608,-0.09794183143262028,-0.126873801008358,-0.06044556698446974,-0.07032092005437035,-0.0978261498269596,0.1245331765204901,0.3733141816008406,0.19123133429091996,0.36700182198528913,0.4571872017583604,0.22112346119364137,0.3496033084939219,0.32197082895510587,0.14104094164827008,0.30728697714324277,0.39609960186247384,0.3735185524375078,0.1976593755121321,0.055301591586091214,0.19361051931400808,-0.17067856901853798,-0.014246189737113552
#17,0.136648896686686,0.11919639844601043,0.1723019675513096,0.20517482382655472,1.0,0.4099968187558443,-0.049224451235383146,0.1861683360165039,-0.017419721785738387,0.0409107998419018,0.14476203329702217,0.3619581039784832,0.2123663636451274,0.03795320679051025,-0.09085826111266425,0.28487945012676774,-0.08287623032207687,0.08741866137101983,-0.0265547125794106,0.03575140022943518,-0.24018393375300048,-0.017743630281588308,0.021387600859899936,0.374212642071472,0.057808026375406094,0.11207426759083416,-0.09597524413638861,-0.2287121745249824,0.109351893804286,0.08475027233377999,0.12253959684960428,-0.003923534458658286,-0.058660214203773146,0.01261507909729787,0.15338802502578736,-0.0875150627090704,0.12038020687727145,0.15950372591171566,0.025960880337019078,0.23456951982493518,0.08060887085112742,0.10294698890420599,0.2664359461309323,0.009757743437478912,0.29483578032063085,0.13724658498259956,-0.20013881792679283,-0.45099437980199164,-0.4666885176366248,-0.2569847589484542,-0.17945880288818408,-0.07894691178313555,-0.1780127828174255,-0.10932490142963185,-0.465207793084168,-0.1887403237156932,-0.28698099929627024,0.04944424628613845,-0.11838277115286361,0.22083811323301167,0.28124319165550016,0.3008897843502068,0.11788534024852265,0.24826236588163844,-0.2137506868595336,0.019262915369265325,-0.02532077545236328,0.011971118159120048,0.062427578494789505,0.34863158300637215,-0.07022451871631978,0.10565779453018807,0.16081478410920344,0.039534188734539635,-0.20472366556447805,-0.1516913614760973,-0.04691853122921346,-0.07514484301042099,0.018298901988759605,0.3713398821975649,-0.2579256360078278,0.3381354053194258,0.0841448719308224,0.3024129254914058,0.48150733132175877,0.34273182111767714,0.3205749375801336,0.06779906105096739,0.14704867303558172,0.13672216170360443,0.24822380534641822,0.10740073072214243,0.20511698302372436,0.09177214579738367,-0.1088814552745992,-0.09122844225077845,0.12440978280778538,-0.13476328651441682,-0.09627216025758438,0.03437864517559504,0.10017063036834951,0.040120308869887114,0.31743996606672903,-0.21153731213789248,0.020770632296376275,-0.08032737894401974,-0.03642620959578919,0.1961555146385432,0.05278358863621027,-0.10337886689867255,-0.1913740082712348
#18,0.09153307047901825,0.10020533485004772,0.2524307597389452,0.30787309727859025,0.4099968187558443,1.0,0.015908148805105413,0.1587363712608331,-0.06042628671685963,0.2584307790192128,0.11554857181417678,0.22555021063692365,0.49034154994071316,0.08106388516672611,-0.25009013525107726,0.05716406543722827,0.07891991940848139,0.17969016609950547,-0.0616178072551647,-0.13609362497951472,-0.46015636297031803,-0.22706563967107862,-0.12021825262934649,0.37595943431694834,-0.06886718787656773,0.0788389422845189,-0.1107169367510821,0.03798019916516441,0.328892445027137,0.2298767026886333,0.1929588462687862,0.21744478613363152,0.037224412674847926,0.2006902335804421,0.0051111989434413346,0.05387099572942072,-0.004455669844697445,0.1980449808643344,0.07612042455149277,0.40575130382809715,0.02747630937117407,0.10976449153114246,0.3697589002535355,0.23667106899443766,0.1633212188985183,0.25485236135077555,-0.0644481505403295,-0.04994167719047941,-0.1522350650227025,-0.12418998775703007,0.011427414612514822,-0.08463459072811931,0.17006545650853633,0.13320544089151956,-0.33161867486720714,-0.2125861586958827,-0.028428754591113724,-0.04621287343468327,0.07597775057117792,0.3401983939537081,0.34127423288635245,0.34949533899530527,0.30498491319059506,0.27522003605410045,-0.12672727097452113,0.02079376861750841,0.10580046851050293,-0.16426595201141392,-0.23627775153519132,0.09005620198008349,-0.2242275842788698,0.02093644259782326,0.06091600551415654,0.05244811197979428,-0.23077516315926466,-0.26621229502665494,-0.12240463497633347,-0.03759844986648415,0.053647344625143395,0.4085662228991738,0.012545670133901458,0.5349946497257382,-0.08215129225993657,0.005442819546335303,0.3998823903675783,0.2940568575091822,0.2198625316919399,0.3039052182044287,0.28022904957920813,0.2074306151369381,0.48105231700616,0.32891943740179114,0.30220469860121657,0.08509346109724003,0.0877001532781275,0.04825272574783338,0.29463526553748565,0.11589176057763682,0.14080957843694872,0.12610644635747545,0.08297263166012744,0.2272468741866137,0.45746869366546805,0.040471209740391194,0.1878534314056279,0.12047660821532202,0.0981462022692875,0.22649108769629722,0.26137680391003826,0.2534449018152372,0.18742926551820538
#26,0.2761416328458639,0.3207253236674925,0.2869038782258298,0.1546065379387466,-0.049224451235383146,0.015908148805105413,1.0,0.3166186266665381,0.048245013640789335,0.5701310094184108,0.5055806734597477,-0.030140842354891884,0.15338802502578736,0.4046523285743206,0.03694292076774026,0.09716290862117166,0.4420367674703325,0.1929395660011761,-0.19122747823739794,0.07708829398552051,0.35140022943518456,0.20220180656107506,0.036148573742203545,-0.05643141526804392,0.30705175787839933,0.027449316996519913,-0.01286957862975138,0.12654989251250806,-0.29310441228924256,-0.2486595393944068,0.23033171700423202,0.08357417600956302,0.2101259965488321,0.19564265952011414,-0.17439580461376805,-0.2791609227536078,-0.24169550673363346,-0.09710892387186335,-0.06638003335486296,-0.03113570416357379,-0.2670413465338899,-0.2592097018306614,-0.2886969431135704,-0.3199194084813897,-0.06530419442221858,-0.13194451138981808,-0.19788688266993146,-0.053284875594073244,-0.09713206019299547,-0.10280817097741317,-0.2208766737682319,-0.05596483279187915,0.18366190122718903,0.1168326376370104,0.15033788668986725,-0.026142114852554153,-0.11502414853518167,-0.23215563032014885,-0.07423095832570156,-0.2815362517231739,0.01824106118592926,0.06285560043573404,-0.11259097876278523,0.1323301167420204,0.15726335881542036,-0.05767692055565731,0.15059238622232077,0.49167960051285514,0.03925655288095399,-0.01832203830989174,0.35020485284335745,0.23370961988952407,-0.018564969681779182,0.0798145238255907,-0.16354101394927362,-0.0738492090270213,0.20596531479856942,0.14563350139299933,0.3865712936095553,-0.1000665169232549,0.026693530506203426,-0.12674269518860923,-0.01718450252089499,-0.10698427694176395,-0.10289300415489767,0.029882486768916354,-0.0815150434288028,-0.052660194923505536,-0.22859649291932171,-0.10166677913489439,-0.3171546181060993,0.007170331524201556,-0.05384014730124454,0.046972515978521784,0.0592424782855986,0.49491868547135437,0.0400161954247925,0.19692286928942573,0.31902866011780245,-0.03490692450811217,-0.14806667116539576,0.2693164181118834,0.17032381209451186,0.042352963859138365,0.16486364030732747,0.12563215177426662,0.14148438780330272,0.022151099457260466,0.10575419586823866,0.027121552447147968,-0.1589214618298902
#49,0.5853855571515333,0.412302738762014,0.17547549959993444,0.2808537302497759,0.1861683360165039,0.1587363712608331,0.3166186266665381,1.0,0.09302150713851909,0.42494288220720505,0.48615387581579633,-0.0893659683996414,0.32518292153895095,0.11631207041153731,-0.18856680130720213,0.11377093114052424,0.42243644741789016,-0.036137005581637474,-0.3563899626926822,-0.0006960176607251309,0.02802386897130132,0.004178033991111796,-0.1897390415778971,-0.0823749433642139,0.05645069553565404,-0.1431193544966404,0.1960706814610587,0.08210887567119432,-0.0926204775722287,-0.275648057995045,0.14622733363539087,-0.06957670172461994,0.07680680207841285,0.1413108653948117,-0.13181340557006932,-0.288288201440236,-0.1539664330540908,-0.20627765513385327,-0.29813656213548245,-0.08187751245987294,-0.28475991246758503,-0.37655326655933985,-0.23129573038473775,-0.3744555734433594,-0.08899964331504921,-0.08315772222918454,-0.15776464577328334,-0.15602942168837303,-0.4149094309429015,-0.14391370152217714,-0.13852293869838914,-0.04335553777486432,-0.060993126584597,0.000657457125504902,-0.20664012416492342,-0.11961670827991093,-0.19802570059672428,-0.17547935565345646,-0.20894990022461513,-0.039484060038753335,0.25220325258114584,0.5070151253699401,-0.1387543019097105,0.04948280682135868,-0.020770632296376275,0.24396672225810495,0.021001995507697647,0.19922878929559543,-0.1350293542074364,0.0021651740526158502,0.09324130218927439,0.2624603549497267,0.231507813328449,0.29003499368571234,-0.21341906625663964,-0.051877416058534895,0.15653842075328006,0.07533378963300011,0.08936211234611936,-0.14303066526563388,-0.08784668331196437,-0.11114881474554866,-0.20491261218705717,-0.00791069380042995,0.14677874928904014,0.15016822033489824,0.13442009775095679,0.06775278840870311,-0.2124820452507881,-0.1406553362960678,-0.16487520846789352,-0.10335573057754041,-0.04853421765494105,0.0339004945388642,0.022575265344682984,0.4208824578485149,-0.06122063374239634,0.2987034020032198,0.248690387822583,-0.014400431877994467,0.188709475287517,0.06376177301340942,0.00946082731628315,-0.026863196861172434,0.08212044383176038,0.1330589108576827,0.10177089257998902,0.26701435415923575,0.28806069428243664,0.01376418304686069,-0.0287950796757059
#50,-0.11146115508083253,0.19566193978772425,-0.04777843116462457,-0.12177224219872172,-0.017419721785738387,-0.06042628671685963,0.048245013640789335,0.09302150713851909,1.0,0.10696885272767585,0.18023001359258867,-0.00408934476010527,0.1404393972988345,0.24111709870533002,0.09933001070054852,0.09135569201700519,-0.10526447707094175,-0.17062844032275168,0.0955009495531798,0.148440708357032,0.07325923283815179,-0.08652405695391052,0.24025719876991894,0.14684430219891453,0.08856390926706063,-0.035273249592704344,-0.030433902422565624,-0.013413282176356608,0.07109213075877494,0.07470525290891038,-0.3363731888598614,-0.04341723463121668,-0.32470862695574215,-0.25519555011423556,0.13802165174052616,-0.044439088814552746,0.09004463381951741,0.1553623244290631,0.06944559590487116,0.060225771933714436,0.3205903617942217,0.08989810378568054,0.215165858502116,0.15486489352472213,0.1746734404673537,0.14893813926137295,-0.0807245524567881,-5.591277606933184e-05,-0.3372099524741403,-0.07416154936230515,-0.09250865202009004,-0.019652376774989638,-0.2545631573366238,-0.22553478642283556,-0.2509346109724003,-0.0847849768154782,-0.23318134055700693,-0.14189312947663713,-0.02524365438192282,-0.14244840118380844,0.008226890189235827,0.02773080890362758,0.27736400181234516,0.2978743504959849,-0.11397530197719144,0.16566955549343024,0.3737807640770054,0.1088621750069891,0.33109039553469,0.3412086799764781,0.10658710342899559,0.018437719915552427,-0.08892252224460875,0.04992625297639131,-0.27656965478680845,-0.22635612582302642,-0.2814475624921674,-0.15999344470901256,0.2898576152236993,-0.07058698774738993,0.21655018171652224,-0.00833871574137449,0.18438298323580732,0.13598179942737607,-0.10241485351816683,-0.016991699844793845,-0.12838537398899097,0.005126623157529426,0.05512035707055614,-0.03642620959578919,0.0896705966278812,-0.05806638196138163,-0.008971108518986243,0.042588183123981764,-0.25109656522032525,-0.04525271610769958,-0.09050736024216016,-0.17360916969527537,-0.0789546238901796,-0.057376148380939525,-0.11615782827065639,-0.18549738270367191,-0.2270270791358584,-0.2705349310248426,-0.18631486605034078,-0.2843665950083387,-0.3019000703729768,0.012036671068994437,0.010906847387041733,-0.04826814996192147,-0.20364397057831163
#51,0.5909999710795986,0.22804893331919446,0.5868855619716001,0.6104961776869463,0.0409107998419018,0.2584307790192128,0.5701310094184108,0.42494288220720505,0.10696885272767585,1.0,0.7446482797181225,0.10112693164181119,0.25156314769649,0.27066989289811344,-0.011492967522389212,0.12213856728331389,0.7514580702380149,0.3159900899424484,-0.2150617450570214,0.14143811516103844,0.10310894315213096,-0.0008078432128637946,-0.08562945253680121,-0.07264997638167217,-0.017207638842027126,-0.041126738839135084,0.18199994215919718,0.32198239711567195,-0.2843820192224268,-0.21880982908042765,0.30513529927795396,-0.12669256649282293,0.47576181157394465,0.3234669777216508,-0.20354371318673903,-0.15208853498886565,-0.32716878910279273,-0.10353310903955347,-0.2556698446974444,-0.0014710844186517308,-0.3977114322346794,-0.39188493536290286,-0.3756895105704067,-0.1643970578311627,-0.3225916535721516,0.021696085141661766,0.15634176202365688,0.23960938177821908,-0.0025700596724282532,-0.19990745471547144,0.12885195646515574,-0.2659732197082896,0.20842162089209798,-0.02168837303461772,-0.23932788987111142,-0.4085083820963435,-0.2977008280874939,-0.41527575602749367,0.007224316273509876,-0.16066439802184454,0.1450550933646959,0.201685095389124,-0.21591393288538846,-0.028027725024823345,0.3239412723048596,0.09930301832589436,-0.03218069466804199,-0.032905632730182294,0.0027898547231835578,0.11318481100517676,0.363107207928046,0.44403805924826234,0.2009794375945938,0.3461328603241013,-0.332104537610982,-0.2688806840638948,0.13380698524095513,0.09153692653254027,0.05790442771345666,-0.07655230254595934,-0.06875536232442907,-0.22602450522013245,-0.06545458050957748,-0.07652531017130518,0.12776069331842327,-0.08626184531441296,-0.02677836368368793,-0.016887586399699228,-0.11425679388429912,0.012931275486103747,-0.19503725911715655,-0.06699700191838663,-0.043205151687505425,-0.04471286861461637,0.2553690725227266,0.6476608215322028,0.20250643478931488,0.5556399602826487,0.605390762823788,0.08454590149711277,0.18019530911089046,0.44883884588318085,0.2543240820182584,0.3011789883643585,0.42987863071539434,0.39754562193323245,0.30557103332594254,0.09522331369959415,0.1816528973422151,-0.03085806830998814,-0.008971108518986243
#52,0.5170678569018538,0.21480338947104585,0.46646872258586947,0.46951886092178957,0.14476203329702217,0.11554857181417678,0.5055806734597477,0.48615387581579633,0.18023001359258867,0.7446482797181225,1.0,0.12213085517626984,0.17243692942458042,0.2290823556630966,-0.004043072117840996,0.234708337751728,0.5850693607627274,0.3325287034984046,-0.20838691641039978,0.11759228018084891,0.15914896898768954,0.21537794144582728,0.03518456036169782,0.0843993714632759,0.09673488668022712,0.09948039678790742,-0.026288644886391023,0.17832126709918733,-0.2003894614057243,-0.24164152198432515,0.302948916930967,-0.02153027484021478,0.422582977451727,0.334460586312938,-0.10542643131886671,-0.3314374403516721,-0.24242044479577377,-0.05279130074325432,-0.17741123846798992,0.03237735339766516,-0.2809077149990842,-0.3417215350949071,-0.3637087522774816,-0.33379348905362805,-0.21127510049839493,-0.07844562482527258,-0.06509211147850733,0.011481399361823142,-0.2751120665554838,-0.3022625394040469,-0.15233917846779713,-0.26351305756123894,0.03707017053396701,0.0682232269383899,-0.2273432755246643,-0.23736130257487975,-0.5009726895009303,-0.4316948319242671,-0.1562068001503861,-0.23468134537707383,0.2263329895018943,0.22502578735792853,-0.20444988576441442,0.13371058390290458,0.1620178728080746,0.0930562116202173,-0.04546865510493286,0.14001523141141198,0.20251800294988095,0.26282282398079687,0.441111314625047,0.5693829350351383,0.3151147657929492,0.5151822467295846,-0.3145132214435136,-0.2664359461309323,0.1717235595230062,0.045514927747197134,0.15440216710207938,-0.03201102831307299,0.11515911040845248,-0.16390348298034377,0.032446762361061574,0.064027840706429,0.006480097943759459,0.04508690580625259,0.0048142828222455724,-0.055224470515650756,-0.20899231681335736,-0.01503282465560622,-0.331252349782615,-0.1521309515776079,-0.0825446097191829,-0.0103284393587383,-0.02942361639979563,0.5114920035090087,0.1698572296183471,0.294353773630378,0.44778999932519065,-0.06457925636007827,0.16651017516123123,0.42252128059537464,0.2657804170321884,0.29576123316591635,0.42859070883903866,0.2856275245100402,0.30616100951481207,0.14796255772030115,0.14944713832627998,-0.09032226967310306,-0.18325701560737662
#53,-0.12771056462263697,-0.22647566348220913,-0.007694754803196669,0.002535355190730047,0.3619581039784832,0.22555021063692365,-0.030140842354891884,-0.0893659683996414,-0.00408934476010527,0.10112693164181119,0.12213085517626984,1.0,0.27732544127712494,0.06853556727367376,-0.21980854694263158,0.038134441306045326,0.008558510792129794,-0.0023579767287169946,0.16411556592405502,0.09717833283525976,-0.06018335534497219,-0.24819295691824203,0.18646139608417764,0.2942882207205036,-0.019490422527064677,0.14428773871381334,-0.35448121619928086,-0.2351826323349368,0.19844601043062476,0.4809944762033297,-0.01679504111517068,0.2005861201353475,0.0015790539172683717,-0.03148274898055585,0.32883846027782865,0.41166263387735824,0.25299759960668255,0.14209364425978233,0.17251405049502086,0.2555001783424754,0.25487164161838566,0.3911175807120203,0.34750561537794145,0.24951172722277384,0.17996394589956907,0.008180617546971553,0.13047921105144938,-0.14802811063017554,-0.22688054910202154,-0.2868383253159554,-0.13207561720956687,-0.14684430219891453,-0.25485236135077555,-0.2009100286311974,-0.1371694639121591,-0.1849035504612804,-0.2242777129746561,-0.006618915870552283,-0.06430547656001465,0.17557190093798503,0.14388670914752297,0.0360907329393732,0.2560053213538604,0.30043477003460806,-0.3504786326434211,-0.1276488677662846,0.24029575930513916,-0.08172327031899203,0.33813154926590383,0.32674462321537023,-0.08696750310894315,-0.042059903791464626,0.05644298342860999,0.07110755497286303,-0.11424522572373305,-0.41183615628584924,-0.3147098801731368,-0.3798656165347575,0.003364406697964968,0.1910038271331206,-0.08124897573578321,0.15343044161452962,-0.19890873685326751,0.3152111671309998,0.3713398821975649,0.13000491646824058,-0.04910876962972246,0.049702601872113984,0.30196176722932916,0.369168924064666,0.35252619706361527,0.05234399853469966,0.4139145691342196,-0.2547983766014672,-0.13458205199888174,-0.28841930725998477,0.16140090424455092,-0.04849565711972082,-0.09497267022066266,-0.02909199579690166,-0.0670779790423491,0.2587354072474526,0.15521965044874822,0.16716956031349714,-0.04441209643989859,-0.061517549863592105,-0.05009977538488234,0.09374258914713736,-0.15120164267880037,-0.2213162638697425,-0.10486730355817339
#54,0.12287507350602027,0.17341636701917423,0.0777438230842644,0.1326540252378703,0.2123663636451274,0.49034154994071316,0.15338802502578736,0.32518292153895095,0.1404393972988345,0.25156314769649,0.17243692942458042,0.27732544127712494,1.0,0.13122342938119982,-0.3578128464423086,-0.07727724060809964,0.09717062072821571,-0.16170938852631275,-0.1582967811593225,-0.13947538391832878,-0.2487096680901931,-0.45840571467131963,-0.020531556978010856,0.041562472887123676,-0.09316803717235596,-0.11232105501624362,-0.16665670519506812,-0.17417215350949072,0.06123605795648444,0.0966654777168307,-0.015391437633154348,0.20860285540763307,-0.21161443320833292,0.07940578215225627,0.09437883797827114,0.08706776050051575,0.12548947779395178,0.10608581647113262,-0.14444969296173832,0.22796410014170998,-0.07923997185080929,0.03801490364686262,0.21717871844061196,0.11307684150656011,0.2377584760876481,0.07783251231527094,-0.023600975581541072,-0.07523353224142751,-0.33255955192658077,-0.18100893640403729,-0.23987159341771663,-0.15660397366315446,-0.2932702225906896,-0.23158107834536742,-0.41082972631660125,-0.22056818948647008,0.045013640789334154,0.01786316794077102,-0.060487983573211994,0.12756017853527807,0.30339236308599965,0.4546229261662152,0.3200158098194403,0.20463112027994948,-0.21193834170418285,0.12621055980257007,0.4588414487193082,-0.0770690137179104,-0.08687881387793663,0.04119229174900948,-0.18959636759758225,0.03863187221038628,0.10014363799369536,0.2172558395110524,-0.1137824993010903,-0.038535470872335706,-0.082560033933271,-0.11245216083599241,0.15287902596088035,-0.06966924700914849,-0.15372735773572538,0.13117330068541352,-0.4525869299065871,0.0066883248339486955,0.47478623003287285,0.30496563292298495,0.28518022230148554,0.1938688748999836,-0.09516932895028583,0.030368349512691236,0.23647055421129246,0.2625297639131231,0.4024852264949437,0.109687370460702,0.04240694860844668,0.0681383937609054,0.04285810687052336,0.006460817676149345,0.13257304811390783,-0.157706804970453,-0.0439416579102118,-0.14484686647450667,0.11633906278619147,0.0468915388545593,0.04613575236424282,0.050905690570985124,0.032045732794771194,0.36142982464596607,0.30920343574368814,0.11457684632662701,0.20311954729931653
#58,0.07117310788273741,0.2752161800005784,0.15589445981510222,-0.018634378645175594,0.03795320679051025,0.08106388516672611,0.4046523285743206,0.11631207041153731,0.24111709870533002,0.27066989289811344,0.2290823556630966,0.06853556727367376,0.13122342938119982,1.0,0.32130758774931795,0.27722518388555234,0.11069765648347199,0.1813829735956735,0.2293021507138519,0.225777717794723,0.2706159081488051,-0.0037384438896011876,0.18635728263908302,0.05891085768270463,0.1332440014267398,-0.02571409291160961,-0.044789989685056826,-0.026011009032805375,0.2085257343371926,0.12810002602836126,0.12525425852910838,0.18924161067355616,-0.014681923785102137,0.23023917171970346,-0.05056635786104711,0.008581647113261932,0.06287873675686619,0.20359769793604734,-0.0519121205402331,0.25460171787184405,0.014022538632836224,0.11460383870128117,-0.007690898749674645,0.08228239807968535,-0.1419509702794675,-0.07160498587720397,-0.21084707855745038,-0.051356848833061804,-0.13263088891673816,-0.15415152362314788,-0.24445258500187983,-0.3280402571987699,-0.20263368455554162,-0.15196899732968294,-0.09216931931015203,-0.19097297870494442,-0.21079694986166408,-0.18850510445084978,-0.22453221250710959,-0.33611868932740785,-0.10065649311212439,-0.03873984170900292,0.2912535065986716,0.4544378355971581,0.2232172982560998,0.025475017593244196,0.5241398590612437,0.45603809780879756,0.4093181533359683,0.2601621470506011,0.29466225791213985,0.14169261469349195,-0.006503234264891597,0.0471267581194027,-0.2519101925134721,-0.23275717466958443,0.06176048123547955,0.021626676178265355,0.6109241996278908,0.1722672630696114,0.2326029325287035,-0.004131761348847522,0.04441595249342061,0.09022201228153047,-0.07510242642167873,-0.10150868094049145,-0.08377083473918619,-0.24190758967734471,-0.03179508931583971,-0.0505972062892233,-0.14972477417986563,-0.20994861808681906,-0.04780927959280075,0.0452565721612216,-0.03813829735956735,0.24353098821011634,0.23198210791165783,0.01686445007856709,0.1619716001658103,-0.2248021362536512,-0.2241620313689954,0.1372388728755555,0.33254027165897065,-0.1714574918299866,0.08237879941773592,-0.048703884009910055,-0.013012252610066227,-0.07703045318269018,-0.25062227063711645,-0.08255617787974898,-0.2480888434731474
#101,0.09305235556669526,0.25024052133843616,0.28829591354728,-0.03126680998332257,-0.09085826111266425,-0.25009013525107726,0.03694292076774026,-0.18856680130720213,0.09933001070054852,-0.011492967522389212,-0.004043072117840996,-0.21980854694263158,-0.3578128464423086,0.32130758774931795,1.0,0.5490075482247694,0.14360907329393732,0.35168557739581424,-0.05385171546181061,0.0912207301437344,0.27926889225222445,0.2087262491203378,0.08586852785516663,0.025394040469281714,0.17698707258056742,0.2405078422488504,0.06429005234592657,0.2516132763922763,-0.22037924286389096,-0.15472221954440726,0.0012127288326761975,-0.23533687447581772,0.10448555425949312,0.00483741914337771,-0.2684719423905604,-0.08963203609266096,-0.26885369168924067,0.11730307616669719,-0.17422999431232106,-0.13797152304473986,-0.08790452411479471,-0.20390618221780918,-0.2710207937686175,-0.13613604156825695,-0.4559571206848351,-0.20242931371887443,-0.32483202066844685,0.00016002622116394975,-0.0010045019424869616,0.20010411344509463,0.060850452604282144,0.09097779877184696,0.019864459718700895,0.08407546296742599,-0.08341222176163805,-0.07723096796583537,-0.16243047053493104,-0.1119778662527836,-0.2411440910799842,-0.35018557257574734,-0.1871130691293995,-0.2087956580837342,-0.1881889080620439,0.22089209798231998,0.31823816914578773,0.13660648009794377,0.057291315203455026,0.24532790915137903,0.3448680747688778,0.3967358506936076,0.4409994890729083,0.29099900706621806,-0.1556361042291267,0.00011375357889967512,-0.364109781843772,0.010906847387041733,0.2473137767152208,0.311374393876587,0.24827779009572654,0.060993126584597,0.12658459699420627,-0.08007287941156624,0.2765310942515882,-0.061752769128435504,-0.21314528645657602,-0.2774526910433517,-0.02422565625210878,-0.4792708202789855,-0.260995054611358,-0.1903791464625529,-0.4072975812904283,-0.4075597929299259,-0.31009804016079745,0.10864623600975581,0.1294149402793711,0.25685750918222744,0.08559860410862503,0.11894189891355691,0.18730587180550065,-0.0962258876153201,-0.019795050755304484,0.1389046879970694,0.010995536618048259,0.06403169675995103,0.09414361871342775,0.020786056510464366,0.09187625924247829,-0.17072484166080226,-0.3169425351623881,-0.04920131491425101,-0.14813608012879217
#102,0.23367877146134788,0.3336469590197912,0.3416829745596869,0.08835568237687139,0.28487945012676774,0.05716406543722827,0.09716290862117166,0.11377093114052424,0.09135569201700519,0.12213856728331389,0.234708337751728,0.038134441306045326,-0.07727724060809964,0.27722518388555234,0.5490075482247694,1.0,0.07945205479452055,0.26047834343940696,-0.006965960687534343,0.31648366479326734,0.15127490769571883,0.40855079868508576,0.15342658556100758,0.46739417543115497,0.3291122400778923,0.4358516576210078,-0.03772184357918888,0.07043660166003105,-0.019933868682097306,-0.17832512315270935,0.06287873675686619,-0.2461338243374818,0.09817705069746369,0.08166928556968371,-0.20876866570908004,-0.11716425823990437,-0.2760298072937252,0.07010112500361505,-0.1118968891288211,0.20687148737624478,-0.03178737720879566,-0.1847030356781352,-0.20968255039379946,-0.24555541630917838,-0.3401289849903117,-0.02650072783010228,-0.3852872277867217,-0.30931526129582676,-0.33483462350457427,0.026558568632932624,-0.2284576749925289,0.06957670172461994,-0.1403699883354381,0.2756017853527807,-0.11077092150039043,0.10175161231237889,-0.2711557556418883,0.17011944125784467,-0.25069167960051286,-0.0042435869009861855,0.20581878476473253,0.18014518041510416,-0.1454599789845083,0.44580413176134887,0.03046475085074181,0.06895202105405224,0.03341848784861134,0.20543703546605227,0.32861480917355135,0.6408587431193545,0.3986291729729209,0.363770449133834,0.08171170215842596,0.22479828020012918,-0.3039399226861269,-0.09632228895337067,0.20701416135655962,0.17033923630859996,0.1331745924633434,0.2739051218030906,0.03250845921741394,0.13722344866146743,0.15092786287873675,-0.10900484898730395,-0.10767836657572807,-0.04951365524953486,0.1005215312388536,-0.27045780995440216,-0.24201170312243933,-0.26133438732129605,-0.37839646014286676,-0.36421003923534456,-0.19283545255608148,-0.0047564420194152295,-0.13038666576692085,0.11480435348442636,0.290482295894267,-0.10430431974395804,0.006453105569105299,-0.3753386096999026,-0.11925038319531875,0.13446637039322107,0.17328526119942544,-0.0375907377594401,0.179782711384034,-0.11955501142355857,0.04668331196437007,0.21222754571833458,-0.09530814687707866,-0.0015057889003499368,-0.19669150607810437
#201,0.7557074412192841,0.22437025825918464,0.6543703546605227,0.5687968148997908,-0.08287623032207687,0.07891991940848139,0.4420367674703325,0.42243644741789016,-0.10526447707094175,0.7514580702380149,0.5850693607627274,0.008558510792129794,0.09717062072821571,0.11069765648347199,0.14360907329393732,0.07945205479452055,1.0,0.46720522880857585,-0.5005061070247655,-0.08836339448391543,0.14251781014720485,0.08301890430239171,-0.2831519381489015,-0.23125716984951752,-0.032427482093451455,-0.04763575718430972,0.29055556091118545,0.49409349001764147,-0.5292684102455342,-0.34866243143454834,0.3637241764915697,-0.22252320862213568,0.6205180607906837,0.2952830825291855,-0.39697492601197304,-0.2220874745741471,-0.5389740969604658,-0.21888309409734608,-0.48224769359798714,-0.2550181716522225,-0.5948907290833196,-0.5689279207195396,-0.5819613816239769,-0.35221771278185343,-0.5495319715037644,-0.11522080726480484,0.12708588395206927,0.26841795764125204,0.09899067799061051,0.09874389056520104,0.30416742984392625,0.0560920825581059,0.3838604879835732,0.13775558404750657,-0.10548041606817503,-0.34942593003190886,-0.2769012753897024,-0.3563398339968959,-0.22052577289772782,-0.22194865664735428,0.05230929405300146,0.07678366575728071,-0.43774883595384306,-0.12368098869212305,0.2941224104190566,0.18688556197160017,-0.20486633954479289,-0.037243692942458044,-0.08729526765831509,-0.01654054158271717,0.4051844639603598,0.4718903338378337,0.30474198181870765,0.46150598170302604,-0.36556737007509665,-0.09066931449008513,0.274803582273722,0.19234187770526254,-0.1119277375569973,-0.24691274714893044,-0.18307963714536357,-0.2169473552292906,-0.17195106668080554,-0.14186613710198298,0.20466196870812567,-0.16232250103631438,-0.010340007519304369,-0.014404287931516489,-0.24089730365457473,-0.08096748382867554,-0.31619060472559357,-0.14372089884607597,-0.16750118091639113,-0.056038097808797586,0.26188194692142325,0.7326366729970212,0.056651210318799224,0.7017728206067501,0.7487665448796429,0.19902827451245023,0.41809067509857034,0.5885937936818563,0.1120125707344818,0.5728148226697387,0.5526862232847792,0.6149614876654488,0.49023358044209653,0.0056086298477822875,0.17266058052885774,-0.10038271331206076,-0.04912033779028853
