,#10,#11,#12,#13,#17,#18,#26,#49,#50,#51,#52,#53,#54,#58,#101,#102,#201,#202,#301,#302,#401,#402,#501,#502,#601,#602,#701,#702,#801,#802,#901,#902,#1001,#1002,#1101,#1102,#1201,#1202,#1301,#1302,#1401,#1402,#1501,#1502,#1601,#1602,#1701,#1702,#1801,#1802,#1901,#1902,#2001,#2002,#2101,#2102,#2201,#2202,#2301,#2302,#2401,#2402,#2501,#2502,#2601,#2602,#2701,#2702,#2801,#2802,#2901,#2902,#3001,#3002,#3101,#3102,#3201,#3202,#3301,#3302,#3401,#3402,#3455,#3501,#3502,#3601,#3602,#3701,#3702,#3801,#3802,#3901,#3902,#4001,#4002,#4101,#4102,#4201,#4202,#4301,#4302,#4401,#4402,#4501,#4502,#4601,#4602,#4701,#4702,#4801,#4802
#10,1.0,0.30192320669410894,0.5357195877878785,0.6131144380283998,-0.10541486315830063,0.3904119229174901,0.38298901988759604,0.3987718469532357,0.29363654767528174,0.592580953023628,0.4970125225338128,-0.05568719693829351,0.16489448873550364,0.21641907589677345,-0.3115941889273423,-0.267561913759363,0.3452729603886902,0.09052278445624826,-0.2083252195540474,0.026909469503436707,-0.10228374769841805,0.2769822525136649,-0.33968939488880107,0.10915137902114082,-0.0952811545024245,0.10610509673874273,0.19013235903714343,0.22821474362064145,-0.3107304329384092,-0.0013206983312928384,-0.3304657148641223,0.12135193236482122,0.21677383282079954,0.15257825378616255,-0.13328256196196003,0.0012050167256321517,-0.033973759555782634,0.014238477630069505,0.11232491106976565,0.0004183818071394831,0.1382800073265017,-0.27898740034511676,0.017442858106870525,-0.07098030520663627,0.01693000298844148,0.013663925655288095,0.2848023290563273,0.43079637145363575,0.12229666547771684,0.2568497970751834,0.301603154251781,0.16572354024273858,0.2007249380621403,0.03580924103226553,-0.07118467604330347,0.0637579169598874,-0.22494866628748808,-0.20646274570291034,0.11348943923341656,-0.18377758283284973,-0.032504603163891914,-0.12901005465955867,-0.13264631313082625,-0.1200331620602894,0.16440476993820674,0.0956860401222369,0.16887007991670924,0.22329827538006228,-0.10392257044527778,-0.0703787608572007,0.23119161693964313,0.08277211687698226,-0.18279043313121185,-0.30352732495927043,-0.15133660455207118,-0.05510878890999007,-0.2010642707720783,-0.39303789536598766,-0.25762871988663205,-0.2620901738116125,-0.11712955375820616,0.026250084351170794,,-0.14136485014412,-0.16858858800960158,-0.08241735995295614,-0.04682212989116289,-0.07375666374249275,-0.050273297793373375,0.01026288644886391,-0.13357176597611176,0.1818341318577502,-0.05521675840860671,0.3017188358574417,-0.1309342253670481,-0.1592415142722181,-0.031409483963637415,0.32440399872750236,0.33439503340306365,0.24173021121533167,0.2570541679118506,0.13898180906750987,-0.13195993560390618,0.24760298072937253,0.37894787579651606,0.3555030703826169,0.3232548947779395,-0.17475441759131616,-0.07632865144168201,-0.20413368937560852,-0.3320158483799755
#11,0.30192320669410894,1.0,0.33225106764481893,0.16667598546267823,0.35559175961362344,0.2466196870812567,0.4876808730105174,0.12263985424117686,0.11212054023309843,0.17114129544118073,0.03017169078306807,-0.06758312205373411,-0.024190951770410574,0.17589966548735697,-0.040687148737624475,0.10681075453327292,-0.10594314249081778,0.33657370364300654,-0.09219631168480619,0.1442607463391592,-0.06158695882698852,0.1590371434355509,-0.1438250122911706,0.09314104479770179,-0.09061918579429883,0.32969450415971774,-0.23633944839154367,-0.09752537765224181,0.20608870851127414,-0.035913354477360146,-0.005489092188599578,0.01008936404037288,0.034139569857229615,0.03543905989415133,-0.045156314769649,-0.23858367154136098,-0.1283236771326386,-0.18422102898788234,0.06579776927303752,-0.10746242757849479,-0.1943740179113686,-0.2688151311540204,0.032358073130055044,-0.17760018509056905,-0.39253275235460267,-0.07172452353638668,-0.18892155823122825,-0.06012937059566387,-0.3808604783434394,-0.10175161231237889,-0.3786123991401001,-0.2292481659645436,-0.33071250228953175,0.05594940857779106,-0.024206375984498665,0.19697299798521203,-0.29896175758919535,-0.25382665111391745,-0.12721698977181803,-0.3025633115787647,-0.15831991748045462,-0.05508179653533591,0.008061079887788843,-0.06874379416386299,0.19798714006150406,0.009464683369805172,0.2576055835654999,0.20072108200861827,0.15095485525339092,0.15398956937522293,0.19708867959087273,0.2982638119017092,-0.11204341916265798,-0.20300000964013382,-0.07217953785198539,-0.02574879739330782,-0.003599625962808364,-0.06579005716599347,0.1622068194306537,0.28211465975147737,-0.09543539664330541,-0.223757145749183,,0.12314114119903984,-0.06492630117706034,0.06983505731059547,0.015322028669757936,-0.12866686589609863,-0.05710622463439793,-0.1580654179480011,-0.12627996876596648,-0.04432340720889206,-0.35099919986889416,0.1536155321835867,-0.03729382163824434,0.1366643209007741,0.2841776483857596,-0.14774276266954586,0.08979399034058592,-0.0944906635304098,-0.3432485322896282,-0.20605400402957594,0.13502549815391438,-0.06274377488359538,-0.02926166215187067,-0.14486229068859477,-0.045063769485120454,0.024657534246575342,-0.1871786220392739,-0.11015780899038878,-0.11973624593909364
#12,0.5357195877878785,0.33225106764481893,1.0,0.5035292529860315,-0.08067827981452383,0.17014643363249882,0.21162214531537699,0.13409233320158484,0.12867072194962065,0.3245852332430374,0.14403709523488187,-0.11238660792611802,0.022324621865751498,0.07045973798116317,-0.24161067355614896,-0.15982377835404354,0.32570348876442407,0.4559301283101809,-0.458802888184088,-0.18038039967994757,-0.11588404847059278,0.15154868749578243,-0.08271813212767393,0.25510686088322904,0.050975099534381535,0.14420676158985088,0.25084592174139375,0.37327176501209836,-0.29888463651875485,-0.33225106764481893,-0.19722749751766555,-0.07003942814726269,0.11332362893196958,-0.06648414679995758,-0.25175209431906914,-0.3461907011269316,-0.3561393192137507,-0.3362112346119364,-0.18429043795127875,-0.3438655008531518,0.1485949504979129,-0.17340865491213017,-0.11563340499166129,-0.28424320129563396,-0.2577366893852487,-0.06784533369323166,0.12698562656049667,0.3284258625509722,-0.0034723761965816087,0.2722662990562309,0.3567524317237523,0.31635255897351855,0.35980642611319447,0.3795687004135617,0.0786692759295499,-0.03768328304396865,-0.3042137024861905,-0.3003576489641676,-0.028887624960234448,-0.1782480020822689,-0.12205759015935141,-0.10243027773225492,-0.27658893505441856,-0.2690927670076061,0.30676640991776966,0.33824337481804245,0.049421109965006316,-0.014870870407681258,-0.1406244878678916,-0.12797277626213452,0.3609632421698013,0.1646361331495281,-0.41843771991555245,-0.21766843723790885,-0.5551463854318298,-0.1693173821252639,-0.4429429400480079,-0.38144659847878687,-0.1746078875574793,-0.35996066825407536,0.019185794298824867,-0.12346119364136775,,0.05347382221665237,-0.3286803620834257,-0.1332594256408279,0.003055922416203137,-0.11068994437642794,0.025741085286263773,-0.12078123644356184,-0.3339670114621191,0.029658835664639026,-0.05340826930677798,0.2936134113541496,-0.028054717399477506,0.20302700201478796,0.3465338898903917,0.43683495126912364,0.5602633684555541,0.29365582794289186,0.3896484243201296,0.2769822525136649,-0.28582418323966335,0.23473533012638215,0.5003055922416203,0.2352327610307231,0.4763980604050784,-0.1529407228172327,-0.03239277761175325,-0.17672100488754783,-0.3165607858637078
#13,0.6131144380283998,0.16667598546267823,0.5035292529860315,1.0,-0.23436900504178998,0.40675002169030106,0.3315029932615465,0.1594960138046716,0.04222957014643363,0.7887499638494982,0.24887162233811805,-0.11625037355518494,0.15740217674221318,0.14981346341087215,-0.29610056587585437,-0.23345897641059257,0.5099380139396334,-0.03737865481572884,-0.13972217134373824,0.005288577405454388,-0.08722200264139666,-0.041755275563224815,-0.22489468153817976,-0.1439291257362652,-0.09929916227237234,0.001802705021545699,0.2627495589638784,0.28593600879180203,-0.3195800757714517,-0.16453201970443349,-0.21143705474631988,0.0476164769166996,0.3382665111391746,0.2403188956262713,-0.14568748614230764,0.019000703729767768,0.05921934196446647,0.13880828665901881,0.08152275553584684,0.10018605458243761,0.03493006082924431,-0.10795985848283574,0.10738530650805433,0.19709639169791676,-0.1388044306054968,0.05921548591094444,0.2973692074845999,0.5913470158965807,0.17852563793585455,0.23431887634600368,0.22894739378982581,0.10327475345357794,0.25227651759806424,-0.13329798617604813,0.03193776329615455,-0.07398417090029209,-0.23687543983110484,-0.2750349454850433,-0.17249091417388873,-0.342716396903589,-0.2781275004097057,-0.3554028129910443,0.006487810050803505,-0.1537312137892474,0.4348298034376717,0.06786461396084177,0.06097384631698688,0.20288432803447312,-0.16384564217751343,-0.20866840831750744,0.07226051497594786,-0.015480126864160875,-0.10658324737547357,-0.19623649176250565,-0.22601679311308842,-0.35457376148380937,-0.47513713090337695,-0.4742733749144438,-0.14007307221424234,-0.3409734607116347,-0.13615146578234505,0.14085585107921297,,-0.18112847406322,-0.25808759025575273,-0.17846008502598015,-0.296547868084409,-0.22155148313458592,-0.09660763691400037,0.07369111083261835,-0.05069746368079589,0.056867149316032505,-0.15268622328477918,0.11357427241090107,-0.048499513173242845,-0.061155080832521955,-0.28150540329499774,0.3308975928585889,0.30316099987467826,0.38319724677778527,0.4141189399708868,0.07099958547424638,-0.08158059633867717,0.4464056761107844,0.5198519275447543,0.39307645590120793,0.5030665265633887,-0.32943229252022016,-0.19861567678559378,-0.3471971310961796,-0.2840388304589668
#17,-0.10541486315830063,0.35559175961362344,-0.08067827981452383,-0.23436900504178998,1.0,0.3304927072387765,0.06137873193679928,0.102276035591374,0.011724330733710583,-0.19441257844658885,-0.019663944935555705,0.4697078075443687,0.15997802049492446,0.19467093403256439,-0.21506945716406545,-0.12212699912274783,-0.09833514889186662,0.09516932895028583,-0.13784041722499107,-0.006549506907155871,-0.4437604233946767,-0.07989164489603116,-0.023153673372986416,0.19990745471547144,-0.1956696518947683,0.09980816133727936,-0.4438761050003374,-0.14110263850462246,0.2805568141285801,0.19110022847117117,0.2800709513848052,0.36423703160999876,-0.01841458359442029,0.19854626782219736,0.1624921673912834,0.04788640066324121,0.08371684998987786,0.09101250325354517,0.19431617710853827,0.052579217799543054,-0.033171700423201875,-0.1094020225000723,0.09208448613266752,0.16739321141777447,0.0826949958065418,0.28858126150790975,-0.22876615927429073,-0.2725477909633386,-0.32669449451958393,-0.23509394310393028,-0.32567649638976987,-0.22283554895741953,-0.37116635978907386,-0.11715654613286032,-0.2872971956850761,-0.12516942535162387,-0.16794077101790172,0.006869559349483771,0.042765561585994816,-0.0959713880828666,0.1129727280614655,0.20301543385422188,0.24536261363307724,0.23140369988335438,0.028513587768598227,-0.26714545997898453,0.2824038637656291,0.2055951336604552,0.13909363461964852,0.21966972901583873,0.023442877387138135,0.0591075164123278,0.16747804459525897,0.23924305669362692,-0.03900205334850048,0.0763093711740719,0.19687659664716145,0.23074431473108847,0.09255878071587634,0.38200187018595816,0.27289869183384263,0.1069418603530217,,0.28651827287362747,0.5068608832290592,0.3570493478449481,0.3631149200350901,-0.07237619658160856,0.05379773071250229,0.1886901950199069,0.2374731281270184,0.20642418516769012,0.09069630686473928,0.18940742097500313,0.03787608572006979,0.15703970771114303,0.15649214811101578,-0.21893322279313238,-0.191069380042995,-0.13619773842460933,-0.2645734722797952,-0.02128348741480532,0.36200437662074747,-0.20422237860661507,-0.22150906654584365,-0.23879189843155024,-0.26700278599866967,0.18601023782210097,0.10366421485930224,0.054646062487347324,0.06355354612322019
#18,0.3904119229174901,0.2466196870812567,0.17014643363249882,0.40675002169030106,0.3304927072387765,1.0,0.2973036545747255,0.30565972255694907,0.027522582013438348,0.39778084119807583,0.17572999913238796,0.41984132339756874,0.595442144736969,0.2948280682135868,-0.4902952772984489,-0.44430798299480395,0.5018595818109955,-0.013305312677739966,-0.2683871092130759,-0.10598555907956002,-0.40137468308060115,-0.09586727463777198,-0.14698312012570736,0.09948810889495147,-0.155350756268497,0.10568093085132022,-0.036244975080254115,0.1813135646322771,0.1483558751795475,0.13771316745876433,0.11008068791994832,0.4821782846345907,0.3191751901516393,0.3822679378789778,0.18554751139945821,0.1901593514117976,0.21515429034154995,0.29975996066825406,0.1846182025006507,0.1816876018239133,0.06042628671685963,-0.12713215659433352,0.3393654863929511,0.33057368436273893,0.3072754089826767,0.17396392661930146,0.31870860767547454,0.34443619677441123,0.10024389538526794,-0.060430142770381653,0.12243162735098763,0.054472540078856296,0.03390435059238622,-0.22370316099987467,-0.20006555290987438,-0.25531508777341827,-0.3086057474477746,-0.2890478439840745,0.11010382424108046,-0.10411922917490095,0.004147185562935613,-0.07326308889167382,0.08803562993454349,0.003669034926204776,0.2025141468963589,-0.19916323638572103,0.05125659144148921,0.23182015366373285,-0.24823151745346225,-0.1721824298921269,-0.18529301186700473,-0.2169165068011144,0.0343053801586766,-0.09790327089740006,-0.23456180771789112,-0.26928171363018516,-0.18405136263291336,-0.15565152844321478,-0.07366797451148623,-0.012441556688806841,0.18069274001523142,0.4772772406080996,,0.2227314355123249,0.15153711933521638,0.2042262346601371,0.035963483173146446,-0.04065244425592627,0.19018248773292973,0.46189929916227235,0.35439252696827434,0.4160392546248542,0.12329152728639874,0.18976989000607328,0.0026548928499127568,-0.02998660021401097,-0.2569924710554983,0.17613102869867833,0.16902432205759016,0.10124261324747187,0.14087127529330107,0.27960051285511844,0.4510869250865202,0.24169936278715548,0.208086144235682,0.2315733662383234,0.22976487713649466,-0.13008203753868103,0.0551473494452103,-0.11556399602826488,-0.019849035504612804
#26,0.38298901988759604,0.4876808730105174,0.21162214531537699,0.3315029932615465,0.06137873193679928,0.2973036545747255,1.0,0.15084688575477428,0.06366151562183683,0.42277963618135017,0.34669970019183866,0.08587623996221068,0.3599259637723772,0.6414410072011799,-0.27360820568189487,-0.0882052962895125,0.05689414169068667,0.16158213876008598,-0.11070536859051604,0.12656146067307414,-0.25390377218435795,0.18002949880944347,-0.3596444718652695,-0.1746271678250894,-0.3483153866175662,0.11646245649889621,-0.18233927486913518,0.0011124714411036025,-0.07788649706457926,-0.010482681499619215,-0.0948454204544359,0.11350100739398263,0.1444304126941282,0.05476945620005206,-0.0238246266858184,0.018584249949389297,-0.1897390415778971,0.01849556071838277,-0.1373044257854299,-0.021881175710718865,-0.055097220749424004,0.02023078480329307,0.17565673411546953,0.14632759102696347,-0.28272391620795695,0.006553362960677894,0.056867149316032505,0.24817367665063192,-0.04217558539712531,-0.017554683659009186,-0.05503552389307163,0.022868325412356724,-0.1754176587971041,-0.032331080755400886,-0.27872904475914123,0.11805500660349165,-0.3416212777033345,-0.2507379522427771,-0.09370402861191714,-0.23701040170437565,-0.03483751554471576,0.07897776021131173,0.010532810195405513,0.010775741567292954,0.3573269836985337,-0.0256446839482132,0.37735918174544264,0.5826978878466833,-0.05812807881773399,-0.08731069187240319,0.052482816461492485,0.06980420888241928,0.03899434124145643,-0.08972458137718951,0.07653687833187124,0.18078142924623794,0.02168837303461772,-0.05648540001735224,0.10344441980854695,0.06613324592945351,0.10411537312137892,0.14637386366922772,,0.04436582379763431,-0.011327157220942227,-0.004019935796708858,0.047747582736448385,-0.19463237349734414,0.04650978955587903,0.12489564555156026,0.1071770796178651,-0.08717572999913238,-0.14138798646525214,0.13631727608379204,0.008234602296279873,-0.0976911879536888,-0.04052905054322154,0.058590805240376735,0.2807958894469455,0.009021237214772541,-0.0621229502665497,-0.17281096661621664,-0.014878582514725304,0.13627100344152776,0.1833341366778171,0.1947943277452691,0.15783405473667975,-0.07389162561576355,-0.08257160209383706,0.04182468452662123,0.07829909479143571
#49,0.3987718469532357,0.12263985424117686,0.13409233320158484,0.1594960138046716,0.102276035591374,0.30565972255694907,0.15084688575477428,1.0,0.7269759864266916,0.14531344895067144,0.23337028717958605,0.3031995604098985,0.17164643845256572,0.17267600474294584,-0.37999672235450627,-0.4790047525859659,0.26512874398696656,0.2797663231565654,-0.17456932702225908,-0.2628922329441933,-0.20408356067982222,0.17713360261440428,-0.2465888386530805,-0.03295961747949062,0.0416511621181302,0.1967801953091109,0.11508198933801202,0.12321055016243626,-0.13197150376447225,-0.20937406611203763,0.10751641232780311,0.2404230090713659,0.2150308966288452,0.05394811679986118,-0.2160411826516152,-0.18687013775751207,0.014435136359692673,0.010748749192638794,0.3145055093364696,0.07972197854106215,-0.029674259878727117,-0.159897043370962,0.13474786230032873,-0.13218744276170552,-0.0006805934466370394,-0.15041115170678568,0.11088660310605111,0.20322751679793316,-0.3384284653870996,-0.15192658074094068,-0.026161395120164268,-0.139510088400027,-0.03134778710728505,0.01286957862975138,-0.020373458783607915,0.10005494876268882,-0.3616187712685452,-0.33557498578080264,-0.04492495155832763,-0.14105636586235817,0.01941330145662422,-0.01935160460027185,-0.1936837843309265,-0.15674279158994728,0.07384149691997725,-0.04062545188127211,0.1186025662036189,-0.0603877261816394,0.04870002795638804,-0.027904331312118613,0.17852178188233253,-0.03634908852534873,-0.09871304213702486,0.11792390078374287,-0.10265778489005427,-0.0951654728967638,0.013447986658054814,-0.22676486749636085,-0.09904851879344086,-0.2579757647036141,0.2907522196408086,-0.023616399795629163,,0.17040093316495233,0.14842914019646591,0.4717592280180849,0.21214271254085007,-0.10499840937792217,0.05207793084168008,0.1930591036603588,-0.003325846162744739,0.19925578167024957,0.049263011770603375,0.17491251578571912,-0.2578793633655635,0.15630705754195867,-0.021788630426190315,0.2334975369458128,0.3029334927168789,0.08633896638485342,0.09617190286601178,0.2476993820674231,0.07285434721833939,-0.040023907531836544,0.17202433169772396,0.06684661583102773,0.2550798685085749,-0.13097278590226832,-0.08965902846731513,-0.19176732573048114,-0.21634195482633298
#50,0.29363654767528174,0.11212054023309843,0.12867072194962065,0.04222957014643363,0.011724330733710583,0.027522582013438348,0.06366151562183683,0.7269759864266916,1.0,0.018163940115488802,0.2675966182410612,0.16764385489670597,0.0247346553170158,0.007313005504516403,-0.2656223188377855,-0.3492716878910279,-0.011724330733710583,0.17784311646245649,-0.11552929154656667,-0.22542296087069688,-0.021055980257005967,0.15651914048566995,-0.21478025314991372,0.09877859504689925,0.09570917644336903,0.18299480396787907,0.11603443455795166,0.05387485178294275,-0.1851888984219101,-0.23288056838228915,0.09185312292134615,0.1149431714112192,0.20107583893264439,-0.012460836956416955,-0.3432909488783704,-0.2864025912679668,0.04633241109386598,-0.08117571071886477,0.3741393770545535,0.05987101500968833,-0.00486441151803187,-0.030538015867660244,0.011620217288615967,-0.23092169319310152,-0.005651046436524539,-0.10873492524076234,-0.09665005350274262,-0.0359056423703161,-0.3294245804131761,-0.10017063036834951,-0.11274907695718817,-0.14115276720040873,0.016895298506743272,0.06943017169078307,0.025216662007268662,0.14957824414602874,-0.0979264072185322,-0.20439204496158406,0.08852149267831838,-0.050928826892117265,0.13206790510252284,0.09242767489612756,-0.1820539269085055,-0.02779250575997995,-0.06183760230592,-0.11396373381662538,0.17627755873251522,-0.12971956850761088,0.07024379898392989,0.008292443099110215,0.26362873916689966,-0.06693530506203427,-0.11266424377970366,0.09031455756605902,0.021410737181032074,0.0413812383715886,0.15555512710516423,-0.17151533263281693,-0.09252793228770015,-0.29738077564516596,0.23441913373757628,-0.14644327263262413,,0.20202057204554,0.15789575159303212,0.4017487202722374,0.26028168470978374,-0.19067991863727068,0.15431347787107286,0.014670355624536068,-0.09280556814128581,0.25284721351932365,0.0022692874977104684,0.24393972988345078,-0.19629047651181397,0.10608581647113262,0.03673854993107304,-0.02811641425582987,0.13893168037172357,-0.07960244088187944,0.06351498558799996,0.13473243808624064,-0.032439050254017526,-0.17328526119942544,0.0297051083069033,0.07632865144168201,0.22561576354679802,0.008496813935777428,0.05195453712897535,-0.11369381007008378,-0.2755516566569944
#51,0.592580953023628,0.17114129544118073,0.3245852332430374,0.7887499638494982,-0.19441257844658885,0.39778084119807583,0.42277963618135017,0.14531344895067144,0.018163940115488802,1.0,0.390562309004849,-0.054873569645146676,0.28054910202153605,0.26077140350708067,-0.22799880462340819,-0.19253853643488572,0.6088882033682628,-0.2660619089392961,-0.07734279351797403,0.005223024495579999,-0.03305216276401916,-0.06765638707065254,-0.1955501142355856,-0.12538536434885716,-0.12023367684343458,-0.02917297292086414,0.24753742781949814,0.18616062390945987,-0.1707518340354564,0.024672958460663433,-0.14619262915369266,0.09586727463777198,0.3052818293117908,0.25590892001580984,0.036217982705599956,0.15733276777881677,0.19710024775143878,0.2322019029624131,0.04416530901448912,0.12512700876288163,0.14222860613305313,-0.0611126642437797,0.07166282668003432,0.26412617007124056,-0.059863302902644286,0.027322067230293158,0.4190739687466862,0.5221077188551377,0.19614780253149913,0.15721323011963406,0.26790895857634506,0.11768482546537747,0.15272478381999943,-0.3221173589889428,-0.1244136388613074,-0.24973923438057322,-0.19497170620728216,-0.3435338802502579,-0.09536984373343102,-0.2760722238824675,-0.13789825802782144,-0.319125061455853,0.21249361341135414,-0.020018701859581812,0.2836570811602865,-0.07438134441306045,0.10588530168798743,0.2890979726798608,-0.22607848996944077,-0.16250759160537148,-0.09168731261989917,-0.04622444159524934,-0.0940356492148111,-0.2013958913749723,-0.13890854405059141,-0.2943730538979881,-0.3772010835510397,-0.35733083975205576,-0.1313738154685587,-0.23685615956349473,-0.04066401241649234,0.24234717977885534,,-0.23257594015404934,-0.14301524105154578,-0.12879797171584742,-0.23062092101838375,-0.058471267581194024,-0.006861847242439725,0.19304753549979273,0.005897833861934003,0.15489574195289832,0.06582090559416964,0.05298024736583344,0.05382857914067847,-0.12186093142972824,-0.3772820606750022,0.29289232934553133,0.15669266289416098,0.2538305071674395,0.236898576152237,0.13884299114071702,-0.011708906519622492,0.3648192956918242,0.39377054553517205,0.36451081141006236,0.27082027898547234,-0.13708463073467458,-0.1502414853518167,-0.22114274146125149,-0.21297947615512902
#52,0.4970125225338128,0.03017169078306807,0.14403709523488187,0.24887162233811805,-0.019663944935555705,0.17572999913238796,0.34669970019183866,0.23337028717958605,0.2675966182410612,0.390562309004849,1.0,0.026358053849787434,0.2982021150453568,0.22655664060617162,-0.3645300916776725,-0.27840513626329133,0.18880587662556755,-0.17379426026433248,-0.27206964032660774,0.04020514204737162,-0.054703903290177665,0.1544214473696895,-0.1824973730635381,0.2164614924855157,-0.07162041009129207,-0.1074817078461049,0.12698562656049667,0.06536203522504892,-0.1457800314268362,0.13079155138673323,-0.1276180193381084,0.00403536001079695,0.07377208795658084,0.028872200746146357,0.009256456479615937,0.07892377546200341,-0.035747544175913165,-0.05062805471739948,-0.026901757396392664,-0.10115778006998737,0.3079694986166408,0.024615117657833092,-0.004147185562935613,0.1232182622694803,0.11455371000549487,-0.016814321382780793,0.20047815063673083,0.13335968303240048,0.07071423751361669,0.15202683813251328,0.18563234457694272,0.16784436967985117,0.04177841188435696,-0.08166928556968371,-0.09649966741538372,-0.2218214068811275,0.17798579044277135,-0.03695448892830633,0.3639902441845893,0.09958065417948,0.3645956445875469,0.1222735291565847,0.04430798299480397,0.26015829099707904,-0.0997811689626252,-0.1729883450782297,0.13797152304473986,0.33476521454117786,-0.3514387899704048,-0.13813733334618686,-0.11100999681875584,-0.23352452932046697,0.015210203117619272,-0.15933405955674665,0.10123104508690581,0.06478748325026751,0.15118621846471228,-0.05187356000501287,-0.2373034617720494,-0.31067644818910084,0.20658999546913712,0.3013756470939817,,-0.14465791985192755,0.022806628556004356,0.08911146886718788,0.3008203753868104,0.014157500506107024,0.21037278397424156,0.3993039823392749,0.08700220759064135,0.33485004771866234,0.3220248137044142,0.40894411614433207,0.18728659153789054,-0.2890169955558983,-0.20910414236549604,0.08306903299817801,0.02615368301312022,0.09522331369959415,0.21918386627206385,0.2972843743071154,-0.14603067490576768,0.09494953389953052,0.18137526148862945,0.27543211899781167,0.1262375521772242,0.07854202616332315,0.03606759661824106,0.09869761792293677,-0.1347093017651085
#53,-0.05568719693829351,-0.06758312205373411,-0.11238660792611802,-0.11625037355518494,0.4697078075443687,0.41984132339756874,0.08587623996221068,0.3031995604098985,0.16764385489670597,-0.054873569645146676,0.026358053849787434,1.0,0.42767682415431924,0.32535258789391996,-0.3518783800719154,-0.3242227642119673,0.13071057426277077,0.01606239094598633,-0.06310624391466553,-0.030217963425332343,-0.4081073525300531,-0.03069611406206318,-0.06985048152468357,0.15877878784957536,-0.051102349300608294,0.17893052355566696,-0.07687621104180926,0.025733373179219726,0.03129380235797673,0.24608755169521754,0.30533581406109916,0.505484272121697,0.1352491492581917,0.2913074913479799,0.1257748257545815,0.19907840320823653,0.34593620159447813,0.38788235180704306,0.4520547945205479,0.36931159804498087,0.043085614028322713,0.06318336498510599,0.22732013920353214,0.27748739552504986,0.28732033200620827,0.3040556042917876,0.035323378288490644,0.08589937628334281,-0.09826959598199222,-0.23694099274097924,-0.06082731628315001,-0.12990851513019,-0.131589754465792,-0.2568806455033596,-0.2545940057648,-0.1411604793074528,-0.10471691747081449,-0.00016773832820799552,-0.07117696393625944,-0.011469831201257073,0.07717698321652705,-0.03654189120144988,0.1480859514330059,0.21882525329451571,-0.06149441354245997,-0.3295171256977047,0.21037278397424156,0.10012821377960726,0.05933116751660513,0.07618212140784514,-0.14012705696355066,-0.20200900388497392,0.16718112847406322,0.331927159148969,-0.08597264130026125,-0.15250884482276614,-0.024985298795947287,0.05714864122314018,-0.05187356000501287,0.15788803948598806,0.33009553372600814,0.45321932268419884,,0.31586669622974367,0.6293985520519024,0.3422575265344683,0.2577251212246826,-0.07834151138017796,0.2816365091147465,0.4867014354159236,0.3065504709205364,0.29635506540830786,0.1606566859148005,0.02302256755323764,-0.22384583498018953,-0.03440949360377122,-0.07831066295200177,-0.003325846162744739,-0.06352655374856603,-0.06611396566184338,-0.08400219795050755,0.14502810099004174,0.3085748990195984,-0.020219216642727002,-0.0018566897708540194,0.04184782084775337,-0.050612630503311384,-0.04498279236115797,0.1599818765484465,0.03031822081690494,0.06071934678453337
#54,0.16489448873550364,-0.024190951770410574,0.022324621865751498,0.15740217674221318,0.15997802049492446,0.595442144736969,0.3599259637723772,0.17164643845256572,0.0247346553170158,0.28054910202153605,0.2982021150453568,0.42767682415431924,1.0,0.5677402562347565,-0.5602903608302083,-0.4384622058554173,0.3438269403179316,-0.17285338320495888,-0.2929193217201855,0.09999325190633646,-0.4936384757020427,-0.03309843540628344,-0.15252041298333222,0.10865394811679986,-0.2702919996529552,0.007382414467912815,-0.03517299220113175,0.24664667945591084,0.051414689635892144,0.0703787608572007,-0.13535326270328632,0.22593581598912593,0.18198066189158704,0.21579439522620575,0.019725641791908072,0.16008213394001908,0.03928740130913017,0.1872287507350602,-0.03793778257642216,0.05503552389307163,0.07758186883633945,-0.006800150386087359,0.3026751371309034,0.3320119923264535,0.403537929106456,-0.04039794472347276,0.22130083965565442,0.3435917210530882,0.16426980806493593,0.11248300926416858,0.22379185023088122,0.21402832271311925,0.02959713880828666,-0.232857432061157,-0.3600493574850819,-0.3582524365438192,-0.17281482266973866,-0.11089045915957313,0.13129283834459624,0.09497652627418468,0.2486094106986205,0.030823363828289936,0.07200601544349436,0.08279910925163642,0.015418430007808508,-0.13709234284171865,0.21008743601361188,0.22327513905893015,-0.45976304551107167,-0.3135800564911841,-0.40243124174563544,-0.4386935690667386,0.014234621576547483,0.02828608061079888,-0.08441093962384198,-0.042989212690272144,-0.07023994293040788,0.0020533485004771866,-0.21513501007393981,-0.13617845815699922,0.20540618703787608,0.3760057069592126,,0.3207368918280586,0.25955674664764344,0.29185505094810715,0.1377093114052423,-0.11958971590525677,0.13131983071925038,0.5128223419741066,0.4277308089036276,0.5038030327860951,0.4341511380177957,0.2568652212892715,0.19647556708087108,-0.3298294660329885,-0.27305679002824557,0.020022557913103835,0.07336334628324641,-0.13926330097461753,0.18387012811737827,0.09917191250614558,0.22883556823768714,0.32679475191115653,0.14194325817242343,0.14177359181745441,0.1159881619156874,-0.03095832570156074,0.15762968390001253,0.12574012127288325,0.17197034694841565
#58,0.21641907589677345,0.17589966548735697,0.07045973798116317,0.14981346341087215,0.19467093403256439,0.2948280682135868,0.6414410072011799,0.17267600474294584,0.007313005504516403,0.26077140350708067,0.22655664060617162,0.32535258789391996,0.5677402562347565,1.0,-0.3781998014132436,-0.23119547299316515,0.049849131905950854,0.08138008155553199,-0.06263194933145672,0.2289126893081276,-0.4095032439050254,0.18006420329114167,-0.3459709060761763,-0.11157298063297119,-0.34628710246498223,0.16581994158078914,-0.1797325826882477,0.22581627832994322,-0.15847415962133554,-0.009615069457164066,-0.08769244117108345,0.18603337414323312,0.11810127924575593,0.18548581454310586,0.02278349223487222,0.05689414169068667,-0.022031561798077758,0.1264689153885456,0.01300068444950016,0.045368397713360265,-0.2381286572257623,-0.10697270878119788,0.25622126035109366,0.21974299403275718,0.03523854511100614,0.01644799629818862,0.09268988653562511,0.3237060530400162,0.016313034424917817,0.05302266395457569,0.021322047950025548,0.026508439937146328,-0.17006931256205837,-0.06949572460065746,-0.4489930880240618,-0.007532800555271707,-0.40415104161645765,-0.04819102889148101,-0.05310364107853817,-0.08328111594188928,-0.0191742261382588,-0.09992769899646207,0.06914096767663135,0.039090742579507,0.2640760413754543,0.012460836956416955,0.48482353735069844,0.3993425428744951,-0.05305736843627389,-0.05085170582167681,-0.10849970597591894,-0.13875044585618848,0.05406765445904389,0.14004993589311018,0.014354159235730192,0.1984498664841468,-0.09001378539134124,-0.1465049694889765,-0.02092487443725719,-0.004027647903752904,0.15560911185447254,0.2543626425534786,,0.08079396142018451,0.1954652810581011,0.05387870783646477,0.014412000038560534,-0.1417543115498443,-0.06726692566492823,0.3570146433632499,0.24271736091696952,0.08137622550200997,0.02298786307153943,0.13627100344152776,0.032242391524394357,-0.20117609632421699,0.0016793113088409666,0.018433863862030404,0.23044739860989272,-0.07010498105713707,0.009410698620496852,-0.16479423134393106,0.07262298400701801,0.0970356588549449,0.09084283689857615,0.03566656705195068,-0.010548234409493604,-0.1902943132850684,-0.19736245939093636,0.10077988682482913,0.13538796718498453
#101,-0.3115941889273423,-0.040687148737624475,-0.24161067355614896,-0.29610056587585437,-0.21506945716406545,-0.4902952772984489,-0.27360820568189487,-0.37999672235450627,-0.2656223188377855,-0.22799880462340819,-0.3645300916776725,-0.3518783800719154,-0.5602903608302083,-0.3781998014132436,1.0,0.8997040478921847,-0.3836406929328179,-0.0014132436158213876,0.40262018836821456,0.0039003981375261487,0.5264380669603694,-0.08207802724301813,0.5575101462408298,-0.07350216421003923,0.35669844697444403,0.03455987969113011,-0.07801374683080602,-0.38780908679012466,0.22656049665969363,0.09503822313053706,0.24512353831471181,-0.23552196504487483,-0.21822370894508017,-0.11979408674192397,0.3497035658854945,-0.03496476531094252,0.051534227295074855,-0.08165771740911763,-0.1952454860073458,-0.03943007528944502,-0.15792274396768627,-0.1939999807197324,-0.44342880279178276,-0.29833707691862765,-0.4003682531113532,-0.13420801480724553,-0.27618790548812816,-0.4166446550278118,-0.10674134556987651,-0.06853556727367376,-0.3957062844032275,-0.3391534034492399,-0.2485785622704443,-0.0704635940346852,0.13243808624063702,0.10672977740931044,0.13577742859070885,0.21348461916651404,-0.37620236568883575,-0.2094010584866918,-0.19985732601968514,-0.09380814205701175,0.10780947239547685,0.012611223043775847,-0.25584722315945746,0.02413311096758023,-0.07231449972525619,-0.12717071712955375,0.6015539895693752,0.5691939884125592,0.23413764183046862,0.4652347854588222,0.03986195328391158,-0.028775799408095784,0.13890854405059141,-0.054996963357851404,0.06353426585561008,0.10047525859658932,0.4143040305399439,0.42497373063538124,-0.3079309380814206,-0.3035311810127925,,-0.28211851580499936,-0.2271080562598209,-0.36090540136697097,-0.35153519130845534,0.29758514648183315,-0.3435917210530882,-0.42863698148130297,-0.42939662402514145,-0.5596001272497663,-0.3802126613517396,-0.43859716772868806,-0.2313574272410901,0.23862994418362526,0.129064039408867,-0.31522659134508785,-0.3974106600599616,-0.11991748045462872,-0.37144785169618155,-0.18382771152863603,-0.051260447495011234,-0.17999093827422324,-0.22179441450647336,-0.1921143705474632,-0.274973248628691,0.1365640635092015,-0.18344210617643372,-0.08162686898094146,-0.09825417176790414
#102,-0.267561913759363,0.10681075453327292,-0.15982377835404354,-0.23345897641059257,-0.12212699912274783,-0.44430798299480395,-0.0882052962895125,-0.4790047525859659,-0.3492716878910279,-0.19253853643488572,-0.27840513626329133,-0.3242227642119673,-0.4384622058554173,-0.23119547299316515,0.8997040478921847,1.0,-0.4537360338561499,0.024484011838084314,0.2829976960080206,0.17937396971069958,0.3624439667222581,0.06332989501894286,0.46990061022046986,0.00920632778382964,0.19013235903714343,0.09083898084505412,-0.22413503899434123,-0.33323821734645676,0.20986378490933455,0.08314229801509646,0.14706795330319186,-0.338328207995527,-0.31081526611589366,-0.1928238843955154,0.32786287873675685,-0.09244309911021564,-0.06488002853479606,-0.15357311559484446,-0.3171816104807535,-0.12413985906124377,-0.11692903897506098,-0.24152969643218647,-0.4038425573346958,-0.29623552774912515,-0.407922261960996,-0.13044065051622916,-0.3335659818958287,-0.4016523189341868,-0.03769870725805674,0.06914096767663135,-0.39075896773447216,-0.2815593880443061,-0.2747418854173696,-0.0689982936963165,-0.016525117368629078,0.10757810918415547,0.07532222147243403,0.26218271909614105,-0.3665005350274262,-0.19639844601043063,-0.2491685384593138,-0.09295981028216671,0.16252301581945958,0.0812798241639594,-0.2459294535008146,0.02711384034010392,0.011253892204023792,0.025486585753810263,0.588377854684623,0.6092352481852448,0.20799745500467545,0.45544426556640605,0.04936326916217597,0.023936452237957064,0.13421958296781158,0.017712781853412126,0.048283574176009564,0.12237378654815728,0.44719616708279913,0.5186295585782731,-0.38035919138557645,-0.30512758717090993,,-0.2984180540425901,-0.2144602007075858,-0.3741817936432958,-0.36450309930301833,0.25020196080321594,-0.35642466717438037,-0.4067076051015588,-0.37616766120713757,-0.5316167468404461,-0.3636586235816953,-0.3843810552090463,-0.17308089036275823,0.13151648944887356,0.18626088130103247,-0.35493623051487955,-0.3965276238034184,-0.13927872518870563,-0.4039890873685327,-0.3075800372109165,-0.13074142269094696,-0.11315781863052259,-0.19225318847425601,-0.1729073679542672,-0.3087638456421775,0.04983756374538478,-0.1557055131925231,-0.08571814176780773,-0.09011404278291382
#201,0.3452729603886902,-0.10594314249081778,0.32570348876442407,0.5099380139396334,-0.09833514889186662,0.5018595818109955,0.05689414169068667,0.26512874398696656,-0.011724330733710583,0.6088882033682628,0.18880587662556755,0.13071057426277077,0.3438269403179316,0.049849131905950854,-0.3836406929328179,-0.4537360338561499,1.0,-0.020145951625808567,-0.31280884578677953,-0.26543337221520635,-0.05834016176144525,-0.1930591036603588,-0.1283082529185505,-0.05178487077400634,-0.05502395573250557,-0.14494712386607927,0.3113358333413668,0.30336151465782346,0.004251299008030231,-0.036842663376167664,0.08579526283824819,0.2899077439194856,0.389050736024216,0.2426093914183529,0.04271157683668649,0.1692865336970877,0.16743562800651673,0.1458455843367106,0.01034386357282639,-0.04676428908833254,0.3216816249409542,0.042958364262095955,0.20522495252234102,0.19168249255299663,0.15245871612697984,-0.0005263513057561239,0.3990841872885196,0.5159071847917249,0.17877628141478605,0.12406659404432534,0.4990947914357051,0.37145170774970354,0.3914800497430904,-0.003090626897901343,0.0825947384149692,-0.30117127625731444,-0.24685105029257806,-0.46347642505277975,0.061478989328371876,-0.1335987583507659,-0.017743630281588308,-0.1387350216421004,-0.04358304493266366,-0.25595133660455205,0.1591219766130354,0.09940713177098898,-0.23873020157519786,0.03810744893139117,-0.3910366035880578,-0.2843087542055084,-0.10960639333673951,-0.14952811545024244,-0.27756451659549036,-0.14012320091002864,-0.3949852023946092,-0.3604773794260264,-0.374386164479963,-0.2248676891635256,-0.2028110630175547,-0.3614182564854,0.2816210849006584,0.2698215611232684,,0.039318249737306354,-0.17627370267899317,0.15616438356164383,0.08708318471460384,-0.06796487135241437,0.20041645378037848,0.25104643652453895,0.2217558539712531,0.30849777794915795,0.36131799909382745,0.17815160074421832,0.1249534863543906,0.11856400566839868,-0.23032014884366594,0.5604754513992655,0.29806715317208604,0.32354409879209123,0.45842499493892974,0.5296270232230823,0.12858203271861413,0.34063798405521867,0.4149518475316437,0.3503282465560622,0.3726239480203985,-0.051584355990861155,0.15553970289107613,-0.1082567746040315,-0.08026182603414535
