,#10,#11,#12,#13,#17,#18,#26,#49,#50,#51,#52,#53,#54,#58,#101,#102,#201,#202,#301,#302,#401,#402,#501,#502,#601,#602,#701,#702,#801,#802,#901,#902,#1001,#1002,#1101,#1102,#1201,#1202,#1301,#1302,#1401,#1402,#1501,#1502,#1601,#1602,#1701,#1702,#1801,#1802,#1901,#1902,#2001,#2002,#2101,#2102,#2201,#2202,#2301,#2302,#2401,#2402,#2501,#2502,#2601,#2602,#2701,#2702,#2801,#2802,#2901,#2902,#3001,#3002,#3101,#3102,#3201,#3202,#3301,#3302,#3401,#3402,#3455,#3501,#3502,#3601,#3602,#3701,#3702,#3801,#3802,#3901,#3902,#4001,#4002,#4101,#4102,#4201,#4202,#4301,#4302,#4401,#4402,#4501,#4502,#4601,#4602,#4701,#4702,#4801,#4802
#10,1.0,0.10595471065138384,0.48494307500988115,0.5127567890642322,0.34337578205585495,0.25945263320254885,0.11637376726788967,0.13052933974723568,0.06764481891008647,0.42462282976487714,0.045973798116317854,0.26898865356251145,0.382476164769167,0.04663318326858377,-0.047415962133554417,0.06469493796573897,0.4794636229550866,0.21600262211639498,0.01694157114900755,0.14023117040864527,-0.07297002882400008,0.06118207320717611,-0.09874003451167902,0.022000713369901573,-0.22994996770555176,0.037104875015665215,-0.12474911551772339,-0.06809597717216315,0.05275274020803409,0.15563996028264873,0.1702081304888512,0.11626194171575102,0.29618539905333885,0.03735551849459671,0.04836840735349407,0.30885253487318404,0.0708183509587113,0.1478854366498607,-0.13393809106070392,0.2682251549651509,-0.060765619426797646,0.08889938592347661,-0.08900735542209326,0.06385431829793797,-0.20259126796679938,0.0006034723761965816,-0.07710757425313064,-0.020381170890651962,0.014978839906297899,0.06723222118323002,0.27171488340258165,0.0721833939055074,0.1268583767942699,0.03905218204428677,-0.19433160132262636,0.19939074354352038,-0.1721168769822525,-0.06406640124164924,-0.15985848283574175,0.021102252899270244,-0.09816162648337559,-0.45578359827634407,-0.024618973711355113,0.11256784244165309,0.11552543549304464,-0.05744941339785796,-0.0712386607926118,-0.03762158618761628,0.0828646621615108,-0.005223024495579999,0.1357041635737904,-0.02933107111526708,0.06445586264737355,-0.08566415701849941,-0.06185688257353012,-0.22032911416810466,-0.09677344721544735,-0.18199994215919718,0.18607579073197536,-0.0009813656213548245,0.2799282774044904,0.11115652685259271,-0.06357282639083031,0.2929733064694938,0.15514252937830778,0.02677836368368793,-0.17057445557344336,0.07024379898392989,0.07836079164778807,-0.11058968698485536,0.0590573877165415,-0.13651779086693724,-0.18257063808045657,-0.20389075800372108,-0.07467054842721217,0.09833514889186662,0.17086365958759508,0.2602932528703498,0.1599471720667483,0.34053001455660203,0.13792139434895356,0.20418381807139482,0.05210877926985626,0.3341521020311762,0.15795744844938447,0.2755285203358623,0.2665246353619388,-0.2455592723627004,-0.3741239528404654,-0.3231546373863669,-0.25442819546335305
#11,0.10595471065138384,1.0,-0.0015482054890921886,0.09068859475769524,-0.004451813791175422,-0.12309486855677557,0.4054890921885996,0.07441219284123664,0.07569240261054823,0.17579940809578437,0.16333278705908438,-0.1532414949919505,0.19683803611194123,0.04888126247192311,0.19413494259300318,0.21532395669651894,-0.16595104740053793,0.018433863862030404,0.31658392218483994,0.23562222243644743,0.04927072387764742,0.26255675628777725,-0.15252426903685423,-0.21867486720715684,0.12498047872904476,-0.10580046851050293,-0.12905247124830094,-0.04971802608620208,0.010093220093894904,0.2792071953958721,0.09187240318895626,0.16908987496746455,-0.03622955086616602,0.18108605747447776,0.1083570319956041,0.1776734501074875,0.20159640615811747,0.4093181533359683,0.31082297822293775,0.15188802020572045,0.19836888936018432,0.30555175305833243,0.2541929761985096,0.39931940655336295,-0.11493545930417515,-0.011500679629433257,-0.13407305293397473,-0.104801750648299,-0.1557363616206993,-0.1394638157577627,0.014277038165289734,-0.09169502472694321,0.005951818611242324,-0.17530968929848748,0.06172192070025932,-0.009202471730307617,-0.2471595345743399,-0.2318085855031668,-0.19104238766834084,-0.32412636287391666,-0.2117609632421698,-0.10124261324747187,0.42719867351758845,0.4097461752769128,0.04590438915292144,-0.03665371675358854,0.25137805712743294,0.37364194615021257,0.24290245148602663,0.5212825234014248,0.21015298892348624,0.4134132821763566,-0.33011867004714024,-0.37757897679619795,-0.06583247375473572,-0.021426161395120165,0.04758562848852342,-0.13156661814465984,0.40071529792833527,0.3298256099794665,0.045356829552794194,-0.0838402437025826,0.23113377613681277,-0.2100565875854357,-0.14914251009804017,-0.14197410660059961,-0.19494085777910597,-0.2437739195820038,-0.005974954932374462,0.056820876673768235,0.1323648212237186,-0.1047516219525127,-0.15237773900301735,-0.14472732881532396,0.012850298362141266,-0.006082924430991102,0.10197911947017825,-0.18751409869568988,0.06742502385933116,-0.12646120328150154,0.0648183316784437,-0.1551463854318298,0.16744334011356077,-0.24188059730269057,0.09086982927323031,-0.1365640635092015,-0.04047892184743524,-0.09744440052827934,0.0560573780764077,-0.1471296501595442,-0.05098281164142558
#12,0.48494307500988115,-0.0015482054890921886,1.0,0.6230013592588665,0.140859707132735,0.3539876413484619,-0.02539018441575969,-0.08612302738762014,0.02169994119518379,0.36574089248358765,0.011893997088679591,0.3346418208284731,0.34040662084389733,0.09240453857499542,-0.26125726625085555,-0.2649166610432553,0.4872142905343526,0.6288856969334734,0.16731609034733402,-0.19569664426942246,-0.19268121041520056,-0.07162426614481408,0.06735561489593475,0.160406042435869,0.15704356376466505,0.2040797046263002,0.300083869164104,0.19059508545978618,0.07694562000520568,-0.03568199126603877,0.11945475403198597,0.28197584182468455,0.3877165415055961,0.2056298381421534,-0.06553941368706198,-0.07394175431154984,-0.11104084524693203,-0.264361389336084,0.13288538844919168,-0.034687129457356865,0.0690484223921028,-0.09218859957776214,0.04455091436669141,-0.2704115373121379,-0.12360772367520462,-0.16354101394927362,0.15029932615464703,0.23243712222725652,0.004586775664446222,0.2291980372687573,0.12298689905815893,0.30145662421794417,0.23212478189197266,0.31109675802300135,0.23852197468500863,-0.20566454262385161,-0.09013717910404596,-0.33538989521174556,0.08138393760905402,0.08340836570811602,-0.3171199136244011,-0.5353494066497643,-0.08948936211234612,-0.0005803360550644443,0.32970221626676177,0.024298921269027215,-0.028872200746146357,-0.036715413609940906,0.015599664523343585,-0.1976593755121321,0.1797287266347257,0.019906876307443148,-0.3083319676477109,-0.21202317488166736,-0.4372822534776783,-0.41531046050919185,-0.4905112162956822,-0.379950449712242,0.1656926918145624,0.02551357812846442,0.161921471470024,0.04440052827933252,0.23393712704732342,0.33557498578080264,-0.06964611068801635,-0.11378635535461232,-0.3764761454888994,-0.11924652714179673,0.2412289242574687,0.07002014787965256,0.03923341655982185,0.07453173050041935,-0.21614915215023184,-0.10824906249698746,-0.21762987670268863,0.2374422796988422,0.07163969035890218,0.25823797634311163,0.4924855156989579,0.375057117792795,0.2510849970597592,0.3655943624497508,0.2602431241745635,0.3801432523883431,0.30823556630966037,0.25822255212902356,0.3563783945321161,-0.48693665468076697,-0.44073342137988875,-0.344902779250576,-0.32067133891818417
#13,0.5127567890642322,0.09068859475769524,0.6230013592588665,1.0,0.14122603221732719,0.13599722364146413,-0.03335293493873695,-0.041354245996934436,-0.1204380476801018,0.40198779559060277,0.06507668726441923,0.11065909594825177,0.09580557778141961,-0.10130045405030222,-0.1839588173483848,-0.18941127702852514,0.451561219669729,0.29576123316591635,-0.02935806348992124,-0.09720918126343593,-0.222746859726413,-0.04503292105694427,-0.03745191983264728,-0.005427395332247211,-0.08156902817811111,0.07067953303191848,0.3461714208593215,0.29322394994842527,-0.0005032149846239866,0.028397906162937542,0.20831365139348135,0.2560361697820366,0.37312137892473946,0.209940905979775,0.062242487925732407,0.04477842152449076,0.025486585753810263,-0.15356154743427838,0.07765127779973587,0.014492977162523017,0.11124907213712126,-0.1411103506116665,-0.10060636441633809,-0.2526389866291344,-0.015163930475354997,-0.2116452816365091,0.21432909488783705,0.3077149990841873,0.21585223602903608,0.38272680824809846,0.4088168663781053,0.3905044682020186,0.3741856496968178,0.30304146221549555,0.1477851792582881,-0.07613584876558087,0.004097056867149316,-0.13108075540088496,0.21293705956638678,0.13044836262327322,-0.16346003682531113,-0.3712319126989483,-0.04341723463121668,-0.03521926484339603,0.3934659173069322,0.06621036699989395,-0.15248956455515603,-0.03976169589233899,-0.016548253689761212,-0.10310894315213096,0.14975947866156383,0.07796361813501972,-0.24530862888376892,-0.18307578109184156,-0.320975967146424,-0.4044171093094772,-0.274140341067934,-0.16851532299268313,0.06863582466524636,-0.22288567765320583,0.0329403372118805,0.012931275486103747,0.20284962355277492,0.1149277471971311,0.058482835741760095,0.10588915774150945,-0.3026327205421611,-0.05190826448671108,0.11210125996548832,0.04428484667367183,0.1156372610451833,0.09680429564362353,-0.00032583652261093383,0.020909450223169097,-0.057025247510435445,0.09124772251838856,0.07080292674462321,0.3806908119884704,0.45399438944212545,0.3822255212902355,0.40447109405878556,0.13133525493333847,0.3348539037721844,0.22593967204264795,0.32105308821686446,0.3274502810099004,0.36512777997358603,-0.43926426498799803,-0.32215206347064096,-0.09050350418863813,-0.05921162985742242
#17,0.34337578205585495,-0.004451813791175422,0.140859707132735,0.14122603221732719,1.0,0.5362710034415278,-0.05891085768270463,0.0877348577598257,0.12496505451495667,-0.016710207937686176,0.03963444612611223,0.3676342147629009,0.13476714256793884,-0.07352915658469339,-0.05557537138615484,-0.308173869453308,0.17579169598874034,0.004571351450358131,-0.122662990562309,-0.2411826516152044,-0.13708463073467458,-0.1618867669883258,-0.034178130392449844,-0.01826805356058342,-0.006291151321180338,-0.006017371521116713,-0.04069486084466852,-0.06727078171845025,0.20463112027994948,0.2542392488407739,0.2108817830391486,0.35737711239432,0.08857933348114871,0.18975060973846317,0.2418883094097346,0.24191144573086673,0.27020716647547066,0.13201777640673654,0.1844138316639835,0.12686608890131396,0.023882467488648744,0.03282465560621981,0.09707036333664311,-0.03406630484031118,0.25772126517116056,0.22364917625056635,-0.17524028033509106,-0.0770188850221241,-0.2619436437777756,-0.1141372562251164,-0.04918203464664089,-0.13180569346302526,-0.09179913817203783,0.015750050610702476,-0.31380756364898343,0.019448005938322424,-0.0591229406264159,-0.03923727261334387,0.01901227189033384,0.060295180897110855,0.048696171902866014,-0.20308098676409628,0.09080813241687795,0.03990051381913181,0.04978743504959849,-0.058336305707923225,-0.10848428176183085,-0.043652453896060074,-0.11948945851368417,-0.20589976188869502,-0.22710420020629887,-0.14302295315858984,0.0029633771316745876,0.059940423973084744,-0.07899318442539982,-0.11468867187876568,-0.10214878582514725,-0.18787656772676004,0.2410939623841979,0.2162571216488485,0.2856082442424301,0.26850279081873657,-0.15584433111931595,0.20943961902191202,0.5275756027493662,0.025093268294563927,0.0968659924999759,0.146250469956523,0.208757097548514,0.25940250450676255,0.09105106378876539,0.183322568517251,0.08795850886410303,-0.10363336643112607,0.0032140206106060754,0.03264727714420676,0.03253930764559012,0.026797643951298043,-0.18060019473070285,-0.019093249014296317,-0.07800989077728399,0.05310364107853817,0.15998573260196852,0.18255135781284645,-0.06752913730442578,-0.11157683668649321,-0.13733141816008407,-0.15650371627158186,-0.1606374056471904,-0.1273635198056549,-0.07812557238294468
#18,0.25945263320254885,-0.12309486855677557,0.3539876413484619,0.13599722364146413,0.5362710034415278,1.0,0.039514908466929524,0.020307905873733528,0.09535441951934293,-0.15706284403227516,-0.10086857605583566,0.40284383947249186,0.24976622675522736,0.11451129341675262,-0.360238304107661,-0.3505441855532955,0.14030829147908572,0.20811699266385816,-0.25973798116317853,-0.16464770131009418,-0.4409879209123423,-0.3053435261681432,-0.05477331225357408,0.014473696894912902,-0.20148072455245677,0.07214097731676515,0.014759044855542596,0.0017757126468915389,0.2945388641994351,0.25714671319637916,0.43171796824539926,0.37302883364021094,0.2925568526891153,0.1152825041211572,0.039075318365418915,-0.01773206212102224,0.09575544908563331,0.004039216064318973,-0.01933618038618376,0.016964707470139687,-0.08871429535441952,-0.06245457086944367,0.1551463854318298,-0.09420531556978011,0.16907445075337646,0.15330704790182487,0.19816066246999509,0.15564381633617075,-0.10694571640654373,0.05994813608012879,0.1901901998399738,0.04101491328699643,0.03984267301630147,0.049783578996076466,-0.42591075164123277,-0.29700673845352976,-0.1717582640047044,-0.10330560188175412,-0.1258095302362797,0.05630802155533919,-0.03605217240415297,-0.19900899424484012,0.1845834980189525,0.06011394638157578,0.020955722865433374,-0.18596782123335873,0.2147609728823036,0.021642100392353446,-0.2658228336209307,-0.03769099515101269,-0.0032872856275245103,0.05124887933444516,0.07854588221684516,0.05677460403150396,-0.10590843800911956,-0.04195579034637001,-0.19923264534911744,-0.11654728967638071,0.1767325730481139,0.14706795330319186,0.26659404432533523,0.2204910684160296,0.050828569500544665,0.3837602305920006,0.4435483404509655,0.019451861991844448,-0.101431559870051,0.2020012917779299,0.24537803784716533,0.20904630156266568,0.04241851676901275,0.06647643469291353,-0.006480097943759459,-0.11387118853209682,-0.263181436958345,0.11853701329374451,-0.09582871410255174,0.17864517559503726,0.1700577444014923,0.10068734154030058,0.04790953698437334,0.31680371723559525,0.2068599192156787,0.29281135222156884,0.11795474921191906,0.16705002265431443,0.12275167979331553,-0.2582611126642438,-0.22123528674578002,-0.22713504863447503,-0.12343034521319156
#26,0.11637376726788967,0.4054890921885996,-0.02539018441575969,-0.03335293493873695,-0.05891085768270463,0.039514908466929524,1.0,0.2857085016340027,0.12870157037779684,0.24461453924980478,0.45994042397308477,-0.12393934427809858,0.35554163091783714,0.39431424908177726,0.025945456122930987,0.10413850944251106,-0.1014508401376611,0.0937155967724832,0.17212073303577455,0.10763980604050784,-0.138835279033673,0.025563706824250722,-0.24528934861615878,-0.2604050784224885,-0.2180656107506772,-0.23857595943431695,-0.1435705127587171,0.07056770747977982,0.07783636836879296,0.07562299364715182,0.01551483134585908,0.11756143175267272,-0.12666557411816876,-0.04214473696894913,0.03619870243798984,0.02392102802386897,-0.16154357822486576,0.10005880481621085,-0.1471257941060222,-0.0027050215456990542,0.04391466553555763,0.2606248734732438,0.10647913393037896,0.14475817724350015,-0.12863216141440043,-0.17692923177773706,-0.05066661525261971,-0.13248050282937926,0.08795079675705898,-0.16051786798800768,0.003622762283940501,0.05922319801798849,0.14026201883682146,-0.08535181668321556,0.03250074711036989,-0.12315270935960591,-0.36761107844176877,-0.29504015115729804,-0.4126073669902538,-0.44292365978039777,-0.2768819951220923,-0.24358111690590264,0.19178274994456923,0.3491482941783232,0.15056924990118864,0.14153837255261104,0.3763064791339304,0.567979331553122,0.18275187259599163,0.3490596049473167,0.390230688401955,0.24928036401145248,-0.05309592897149412,-0.08579140678472617,0.003148467700731686,-0.027946747900860863,0.05398667733508141,-0.029643411450550935,0.2036362584712676,-0.012549526187423481,0.09191481977769851,-0.20899617286687938,0.11800102185418333,-0.0856101722691911,-0.13217587460113947,-0.23594613093229733,-0.17117599992287894,-0.03898277308089036,-0.18278657707768983,-0.22488311337761369,-0.028147262684006052,-0.38398773774979994,-0.30992837380582844,-0.011600937021005852,-0.10003952454860074,0.16056799668379398,-0.02616525117368629,0.1262491203377903,0.19763623919099998,0.039133159168249255,0.20095244521993966,0.05755352684295258,-0.06565509529272266,-0.06278619147233763,0.27749510763209395,0.12693164181118835,0.08794308465001494,-0.09467189804594488,-0.17498578080263755,-0.11242131240781622,-0.0685085748990196
#49,0.13052933974723568,0.07441219284123664,-0.08612302738762014,-0.041354245996934436,0.0877348577598257,0.020307905873733528,0.2857085016340027,1.0,0.1451206462745703,0.09062304184782084,0.1405357986368851,0.06847387041732139,0.10189814234621576,0.32433844581762794,-0.028922329441932654,-0.04646737296713679,0.06390059094020226,-0.31053377420878603,0.08081324168779462,0.07641734067268853,0.032250103631438404,0.10906654584365631,0.11973624593909364,0.05695198249351701,-0.03341848784861134,0.0446164672765658,-0.13121957332767778,-0.1289637820172944,0.06169492832560516,-0.061714208593215275,-0.008373420223072697,-0.13336353908592252,-0.1883585744170129,-0.19438173001841266,-0.020169087946940705,-0.0312552418227565,0.019648520721467614,-0.0003798212719192542,-0.08076311299200833,-0.2481389721689337,-0.1464355605255801,-0.2648241157587267,-0.04391080948203561,-0.10206395264766276,-0.018028978242218004,0.17189708193149722,-0.14142269094695034,-0.14522861577318694,-0.18850124839732776,-0.16637906934148247,-0.11665911522851938,-0.16681480338947105,-0.1798829687756066,-0.26247192311029277,0.033561161828926184,-0.06460624873473243,-0.09174900947625153,0.13467845333693232,-0.27383185678617217,-0.06795715924537032,0.1329547974125881,0.03180280142288375,0.03556630966037808,-0.050319570435637645,-0.17367086655162772,-0.24164923409136918,0.07718855137709311,-0.0926359017863168,-0.0793248050282938,-0.015187066796487136,-0.19605140119344858,-0.34024466659597236,0.09898682193708849,-0.048557353976073185,0.2568652212892715,0.14778132320476609,0.11624651750166293,0.029014874726461203,-0.06535432311800488,0.04457790674134557,0.022960870696885273,-0.15385846355547414,-0.1567119431617711,0.0169338590419635,-0.014990408066863968,0.09025671676322868,-0.10974521126353234,-0.015094521511958586,-0.14813993618231422,-0.24070064492495155,-0.15622993647151823,-0.24214666499571014,-0.050955819266771424,-0.10781332844899887,-0.12959231874138413,-0.011905565249245659,-0.18210019955076975,-0.041431367067374894,-0.11291103120511313,-0.3285261199425448,-0.209100286311974,-0.18518504236838806,-0.3076185977461367,-0.2599616322674559,-0.010293734877040094,-0.15882506049183961,-0.21380852766236397,0.16779424098406487,0.275316437392151,0.12473754735715732,-0.07186719751670154
#50,0.06764481891008647,0.07569240261054823,0.02169994119518379,-0.1204380476801018,0.12496505451495667,0.09535441951934293,0.12870157037779684,0.1451206462745703,1.0,0.01301610866358825,0.021055980257005967,-0.040324679706554324,0.09702023464085681,0.26958248580490296,-0.1037066314480445,-0.039534188734539635,-0.05581830275804228,-0.09977345685558116,-0.07267311270280431,-0.07420010989752537,0.03196089961728669,0.07364483819035408,0.06328362237667859,0.06171035253969325,-0.014253901844157597,0.19416964707470138,-0.15393944067943663,-0.1006410688980363,0.18165675339573714,-0.036071452671763087,0.1007413262896089,-0.1331244637675571,-0.07225280286890381,-0.09328371877801664,0.08804334204158754,-0.19557710661023975,0.029928759411180627,-0.031879922493324206,0.05219361244734077,-0.09106648800285348,-0.09432099717544079,-0.06910626319493314,0.029874774661872307,-0.003904254191048172,0.16674153837255262,0.2182507013197343,-0.18691641039977636,0.014392719770950422,-0.2586505740699681,-0.037289965584722314,-0.011550808325219554,-0.10209094502231691,-0.0745741470891616,-0.09068859475769524,-0.1913894324853229,-0.07365640635092015,0.09888656454551589,0.09388526312745221,-0.1965796805259657,-0.10477090222012282,-0.2621171661862667,-0.27134470226446744,0.07301244541274234,0.10056009177407382,0.002759006295007375,-0.02820895954035842,0.24159139328853885,0.03368455554163092,-0.09872461029759093,-0.12796120810156844,-0.14213220479500255,-0.04996095745808952,0.13209104142365496,0.0926204775722287,-0.01851869703951491,0.0037500120501672563,-0.0427809858000829,-0.08271427607415191,0.2050861345955482,0.21571727415576528,0.11325807602209519,-0.06278233541881562,0.1359201025710237,0.06148670143541592,0.1269933386675407,-0.11535191308455361,-0.08341607781516007,-0.029392767971619445,-0.04201748720272237,0.035793816818177435,-0.13821831047014932,-0.13115402041780339,-0.09456778460085026,-0.24342687476502173,-0.23116076851146694,-0.001802705021545699,-0.12206530226639546,-0.19292028573356598,0.04457019463430152,-0.16140090424455092,-0.07166282668003432,0.05736458022037346,-0.151645088833833,-0.1399149740198394,-0.18425187741605853,-0.21268256003393327,-0.19029045723154636,-0.15983920256813164,-0.06959983804575208,-0.2681403217876664,-0.26169685635236617
#51,0.42462282976487714,0.17579940809578437,0.36574089248358765,0.40198779559060277,-0.016710207937686176,-0.15706284403227516,0.24461453924980478,0.09062304184782084,0.01301610866358825,1.0,0.2835221192870157,0.2851378057127433,0.5159843058621654,0.01580789141353282,0.0006227526438066961,-0.05636586235816953,0.5185832859360088,0.0811949909864749,0.20384834141497885,-0.13869646110688016,0.10796371453635777,0.04474757309631458,0.014901718835857442,-0.1834536743369998,0.17522485612100297,-0.22013245543848148,-0.07036719269663463,-0.11143030665265634,0.18517733026134403,-0.05001108615387582,0.005126623157529426,0.06821551483134586,0.07936722161703605,0.06430162050649263,0.12288278561306432,0.15695873058718054,0.14513992654218041,0.02561383552003702,0.30712116684179575,0.23792428638909507,0.16599732004280218,0.07056385142625779,-0.024314345483115306,-0.018499416771904795,-0.15785719105781187,-0.07208313651393482,-0.06527720204756442,-0.12267070266935305,-0.18334184878486112,-0.18723646284210424,-0.09995469137111623,-0.04328227275794588,-0.07519497170620729,-0.10435444843974434,0.27892955954228643,0.21070440457713552,-0.09103178352115528,-0.2892637829813078,-0.10246498221395313,-0.15132118033798309,-0.1796323252966751,-0.29238718633414634,-0.17820558549352666,-0.044300270887759924,0.08256774604031504,-0.05031571438211562,-0.16972612379859833,-0.03254316369911214,0.11049328564680477,-0.0856603009649774,0.07764742174621383,-0.08924257468693665,-0.13273114630831076,-0.16775568044884462,-0.15058853016879875,-0.2409937049926253,-0.049594632373497344,-0.15099341578861114,0.13447022644674309,-0.15829292510580048,0.19536116761300648,-0.08630811795667724,0.15001397819401732,0.10555753713861549,-0.15321835867081834,0.06863968071876837,-0.024672958460663433,0.0003374046831770025,-0.019131809549516546,-0.1517414901718836,0.020809192831596504,-0.06453683977133602,-0.1758572488986147,0.09753308975928586,0.13291623687736787,0.19974164441402448,-0.005307857673064502,0.3660146722836513,0.19268892252224462,0.14520547945205478,0.04727714420676159,0.11103313313988798,0.0844495001590622,0.06590573877165415,0.2090655818302758,0.11331977287844755,0.1709369246045135,-0.3065389027599703,-0.2413831663983496,-0.1373391302671281,-0.17701406495522157
#52,0.045973798116317854,0.16333278705908438,0.011893997088679591,0.06507668726441923,0.03963444612611223,-0.10086857605583566,0.45994042397308477,0.1405357986368851,0.021055980257005967,0.2835221192870157,1.0,-0.2547752402803351,0.20613112510001638,-0.008354139955462582,-0.04510618607386271,-0.048958383542363565,-0.03883238699353147,-0.047454522668774646,0.2518793440852959,0.21490750291614047,0.2612187057156353,0.3462176935015858,-0.31534227295074857,-0.19947557672100488,0.03772184357918888,-0.14749983129765842,0.1132773562897053,0.3648077275312581,-0.00905979774999277,0.1478160276864643,0.16879681489979081,0.14473889697589,-0.10247655037451919,-0.07157028139550577,0.24467238005263514,0.08674385200466582,0.03352645734722798,0.09200350900870503,0.16290862117166185,0.225102908428369,0.16287391668996365,0.22969932422662026,0.24378548774256986,0.100926416858666,-0.07372581531431656,-0.04824886969431136,-0.031459612659423715,0.038624160103342235,-0.004282147436206415,-0.0004685105029257806,-0.031147272324139857,0.1554471576065476,0.0022500072301003538,0.19352568613652357,0.21055787454329866,0.07020523844870967,-0.09011404278291382,-0.10606653620352251,-0.20304242622887606,-0.05771548109087754,0.017951857171777545,-0.24258625509722076,-0.08245592048817638,0.2896648125475982,0.1602016715992018,0.26740767161848206,0.022513568488330617,0.17016571390010893,0.2294178323195126,0.07786336074344712,0.2086452719963753,0.19187529522909777,0.013494259300319089,0.02722952194576461,-0.06044556698446974,-0.20537919466322194,-0.01984517945109078,-0.08891866619108674,-0.0744391852158908,-0.08155360396402302,0.004875979678597939,0.020724359654112,-0.00030655625500081943,-0.15123249110697656,0.06838518118631487,-0.13022085546547385,-0.05558693954672091,-0.07296617277047805,-0.25464027840706427,-0.057279747042888955,0.07308185437613875,-0.1524355798058477,0.07822197372099525,-0.05467305486200148,0.03432080437276469,-0.009831008454397347,-0.05680159640615812,0.035284817753270414,0.0799841901805597,-0.03505731059547106,0.06281318384699179,-0.04671416039254625,0.08408703112799205,-0.21284837033538026,0.09050736024216016,-0.10845728938717669,0.027726952850105558,-0.20523652068290707,-0.05836329808257738,-0.033935199020562405,-0.26950922078798456
#53,0.26898865356251145,-0.1532414949919505,0.3346418208284731,0.11065909594825177,0.3676342147629009,0.40284383947249186,-0.12393934427809858,0.06847387041732139,-0.040324679706554324,0.2851378057127433,-0.2547752402803351,1.0,0.3052201324554385,0.23630088785632344,-0.1972544898923197,-0.3365852718035726,0.41948656647354265,0.07960629693540146,-0.17547549959993444,-0.40637598449866486,-0.14792785323860294,-0.35862261768193343,0.120133419451862,-0.31601708231710257,0.0032063085035620295,-0.10061407652338214,-0.19681104373728708,-0.4640394088669951,0.22308619243635103,0.04098792091234226,0.06438645368397714,0.11561026867052915,0.20658228336209306,0.1411450550933647,-0.15820809192831597,0.13586226176819335,0.07757801278281742,0.026755227362555794,0.12344962548080167,-0.005847705166147706,-0.07887750281973914,-0.11143030665265634,-0.05790057165993464,-0.10283901940558934,0.057299027310499066,0.1821194798183799,-0.13185196610528954,-0.27178814841950005,-0.33559426604841275,-0.34420483356308984,-0.26222127963136127,-0.3834054736679745,-0.2972650940395053,-0.2984681827383764,-0.23512479153210647,-0.04278869790712695,-0.059577954942014594,-0.12527739485024053,0.05955481862088246,-0.08440708357031995,0.06917181610480753,0.04145064733498501,0.16881995122092294,-0.23916593562318644,-0.18265161520441903,-0.22823402388825156,0.02875651914048567,-0.07906259338879623,-0.17899993251906338,-0.35964832791879153,-0.2311877608861211,-0.3741509452151196,0.058806744237610016,0.00011760963242169801,-0.09404336132185515,-0.13348693279862725,-0.05990571949138654,-0.19601284065822833,0.11862184647122902,0.06793402292423818,0.49478372359808354,0.16873511804343844,0.15636489834478903,0.6397019270627476,0.435215408789874,0.4676602431241746,0.3751959357195878,0.08776185013447986,0.2218561113628257,0.1729382163824434,-0.056369718411691555,0.4240598459506618,-0.02215495551078249,0.15045742434904996,0.07116153972217135,-0.000692161607203108,-0.21184579641965431,0.19790230688401955,-0.14166562231883778,0.008384988383638764,-0.22446665959723522,0.23689472009871498,-0.013166494750947144,0.33525107728495274,0.04433497536945813,0.06169107227208313,-0.011813019964717111,0.01276160913113474,-0.09591740333355828,-0.07306643016205065,0.12231594574532695
#54,0.382476164769167,0.19683803611194123,0.34040662084389733,0.09580557778141961,0.13476714256793884,0.24976622675522736,0.35554163091783714,0.10189814234621576,0.09702023464085681,0.5159843058621654,0.20613112510001638,0.3052201324554385,1.0,0.25689606971744766,-0.045156314769649,-0.06821165877782384,0.4433979543636066,0.19717351276835723,0.15809241032265528,-0.08084794616949283,0.0302102513182883,-0.02539018441575969,0.044381248011722406,-0.13506020263561258,0.09869761792293677,-0.1549959993444709,-0.17318500380785284,-0.1619060472559359,0.38747746618723067,0.2898229107420011,0.07240318895626272,0.11640847174958788,0.08290707875025305,0.03254701975263417,0.10325547318596782,0.0653234746898287,0.13203705667434665,0.13201777640673654,0.164786519236887,0.1833881214271254,0.21171854665342754,0.19128146298670626,0.26368272391620795,0.11281462986706256,-0.0978762785227459,0.00363433044450657,-0.15084302970125224,-0.16959887403237156,-0.11920025449953245,-0.1746078875574793,-0.08120270309351894,-0.1005215312388536,-0.08048162108490066,-0.2132571120087147,-0.01889659028467315,-0.014762900909064618,-0.21798848968023676,-0.2958344981828348,-0.2937483732274204,-0.10703054958402823,-0.15799986503812674,-0.28643729574966503,0.0019492350553825687,0.21574041047689743,-0.0466216151080177,-0.19683803611194123,0.020797624671030433,0.10804854771384227,-0.04372186285945649,-0.10147012040527123,0.03022567553237639,-0.050743736323060167,-0.027904331312118613,0.05509336469590198,-0.13249207098994534,-0.10213336161105917,-0.22789854723183559,-0.2652675619137594,0.39609574580895185,0.22007461463565114,0.45727589098936694,0.1843097182188889,0.08653948116799862,0.3758938814070739,0.17747679137786432,-0.22280470052924334,0.03121282523401425,0.19244599115035715,0.143894421254567,0.057279747042888955,0.09925674568363009,-0.082560033933271,-0.048939103274753454,-0.19652183972313536,0.0008039871593417717,0.16487906452141557,-0.154340470245727,0.12656146067307414,0.05003036642148593,0.06753299335794781,-0.05313063345319233,0.3844813126006189,0.14679802955665025,0.16932123817878592,0.16096517019656234,0.008519950256909567,0.12140977316765157,-0.19244599115035715,-0.25599760924681636,-0.5700346080803601,-0.3084245129322395
#58,0.04663318326858377,0.04888126247192311,0.09240453857499542,-0.10130045405030222,-0.07352915658469339,0.11451129341675262,0.39431424908177726,0.32433844581762794,0.26958248580490296,0.01580789141353282,-0.008354139955462582,0.23630088785632344,0.25689606971744766,1.0,-0.13888155167593727,-0.15530448362623273,-0.11466167950411152,-0.0526871872981597,0.042657592087378175,-0.002589339940038368,-0.02763055151205499,-0.016536685529195145,0.07007027657543886,-0.1768135501720764,-0.090650034222475,0.09283641656946198,-0.18669661534902104,-0.29399130459930783,0.11101385287227787,-0.12338021651740526,-0.29877281096661623,-0.20676737393115016,-0.25012098367925345,-0.34504545323089086,-0.12250489236790607,-0.25397318114775436,-0.1873444323407209,-0.08802791782749944,-0.2999450512373112,-0.3622280277250248,-0.09843540628343922,-0.12226581704954065,0.1939190035957699,-0.07614356087262492,-0.0444313767075087,-0.04125398860536184,-0.23108364744102647,-0.305983631052799,-0.05107921297947615,-0.16844591402928671,-0.17620429371559676,-0.19502183490306846,-0.09457164065437228,-0.37749028756519143,-0.0982965883566464,-0.2840581107265769,0.2436736621904312,0.15189958836628653,-0.06098541447755295,-0.09367318018374095,-0.1774883595384304,-0.1278493825494298,0.2927535114187385,0.16491376900311377,-0.218196716570426,-0.19391129148872585,0.5609728823036064,0.4095533726008117,-0.12942650843993714,-0.1016513549208063,-0.1141025517434182,-0.26559532646313133,0.035149855879999616,-0.015507119238815035,0.18268246363259522,0.06190701126931642,0.05790057165993464,0.08946236973769196,0.17025054707759343,0.07818726923929704,0.3097008666480291,-0.13438539326925858,0.20993319387273096,0.2190219120241389,0.06576692084486133,-0.01933618038618376,-0.03283622376678588,0.009977538488234216,0.015071385190826448,0.10871950102667426,0.03563957467729652,-0.04045964157982513,-0.30852091427029005,-0.23209393346379648,-0.37830391485833825,-0.06217693501585802,-0.3614992336093625,-0.19276218753916305,-0.11470795214637579,-0.17500120501672564,-0.2574050687823547,-0.06209981394541756,-0.17800892676390348,-0.09529272266299056,-0.14476203329702217,-0.15065793913219516,-0.14838672360772368,0.14532116105771548,-0.014789893283718778,-0.19962210675484177,-0.08659732197082895
#101,-0.047415962133554417,0.19413494259300318,-0.26125726625085555,-0.1839588173483848,-0.05557537138615484,-0.360238304107661,0.025945456122930987,-0.028922329441932654,-0.1037066314480445,0.0006227526438066961,-0.04510618607386271,-0.1972544898923197,-0.045156314769649,-0.13888155167593727,1.0,0.5798097037586881,-0.13779414458272682,-0.2612418420367675,0.49058448131260063,0.4266588260245052,0.4926860304821031,0.277842152449076,0.05919620564333433,0.1078017602884328,0.3216700567803881,-0.2049010440264911,-0.3327909151379021,-0.28040642804122123,-0.07200987149701638,-0.03278609507099958,-0.3149759478661564,-0.04834527103236193,-0.40073843424946737,-0.18575573828964745,0.20600387533378964,0.3354862965497961,0.40349551251771376,0.39067413455698763,-0.008149769118795369,-0.009429978888106967,0.019023840050899906,0.19568893216237843,0.05452652482816461,0.4305804324564025,-0.13089180877830583,-0.2433343294804932,-0.17947037104875016,-0.26395264766274956,-0.22400778922811448,-0.4440226350341743,-0.20738434249467383,-0.33169579593764764,-0.37813424850336924,-0.2744218329750417,-0.010455689124965055,0.5337684247057349,-0.10258837592665786,-0.09206134981153538,-0.24287160305785044,-0.37081545891856976,0.03321411701194413,0.060283612736544784,0.2447186526948994,0.2785825147253044,-0.1829485313256148,-0.09216160720310798,0.008153625172317392,0.10097268950093027,0.45970134865471934,0.3904774758273645,-0.0825291855050948,0.08208188329654016,0.03564343073081854,0.11497016378587335,0.25895134624468585,0.1396103457915996,0.2674732245283565,-0.038701281173782694,0.16804874051651836,0.3008126632797663,-0.06220392739051218,-0.124853228962818,-0.06237744979900321,-0.1810783453674337,-0.29160440746917565,-0.12402417745558308,-0.171526900793383,-0.18119017091957237,-0.05526688710439301,-0.22392295605062998,-0.21623784138123836,-0.20993319387273096,-0.12245090761859774,-0.24715567852081788,-0.010097076147416926,-0.288288201440236,0.36436042532270346,-0.3601264785555224,-0.38333220865105605,-0.4251202606692181,-0.3685828039293185,-0.25795262838248195,-0.04562675329933579,-0.3807178043631246,-0.20927380872046503,-0.3891008647200023,-0.4562309004848987,0.2610683196282764,0.06553941368706198,-0.02606884983563572,-0.10411537312137892
#102,0.06469493796573897,0.21532395669651894,-0.2649166610432553,-0.18941127702852514,-0.308173869453308,-0.3505441855532955,0.10413850944251106,-0.04646737296713679,-0.039534188734539635,-0.05636586235816953,-0.048958383542363565,-0.3365852718035726,-0.06821165877782384,-0.15530448362623273,0.5798097037586881,1.0,-0.181803283429574,-0.10293542074363993,0.20305013833592012,0.6046002718517733,0.17212458908929656,0.3926715702813955,0.0784841853604928,0.23867236077236753,-0.024322057590159353,0.10253824723087157,-0.332096825503938,-0.10966423413956985,-0.1553970289107613,0.019255203262221278,-0.23060549680429565,-0.2740477957834055,-0.12255116501017034,-0.08276826082346023,-0.0936654680766969,0.1907184791724909,-0.056743755603327777,0.3616534757502434,-0.2167005678038811,0.17378654815728842,-0.2062699430268092,0.17489709157163102,-0.1572710709224644,0.4161934967657351,-0.27744883498982964,-0.0138837207060434,-0.09771818032834295,-0.13210646563774306,-0.0636576595683148,-0.21483423789922204,0.03669998939585281,-0.1325344875786876,-0.2070103053030376,-0.14923891143609072,-0.15050369699131425,0.4519468250219313,-0.2956648318278658,0.04104961776869463,-0.36313034424917817,-0.2996789835442916,-0.04898537591701773,0.02589532742714469,0.0719134701589658,0.2639796400374037,-0.12043419162657977,-0.0504121157201662,-0.050682039466707796,0.06629905623090049,0.39699420627958315,0.5690860189139425,0.1442761705532473,0.13412703768328305,0.07686464288124319,0.1462350457424349,0.09696239383802648,0.07631322722759391,0.18324159139328855,-0.064532983717814,0.049498231035446774,0.29724195771837314,-0.13037124155283275,-0.10607424831056655,-0.041404374692720736,-0.28129332035128646,-0.30592193419644664,-0.08558703594805896,-0.06075019521270955,-0.15314509365389992,-0.2512430952541621,-0.48826699314586486,-0.34381922821088756,-0.3428166542951616,-0.14056279101153923,0.0092333201584838,0.05871419895308147,-0.10423105472703961,0.4270559995372736,-0.14855253390917067,-0.06469879401926099,-0.19611309804980093,-0.041207715963097566,-0.2004395901015106,-0.09133641174939508,-0.19489072908331967,-0.03237735339766516,-0.10270791358584057,-0.06748286466216151,0.12097018306614096,0.021264207147195204,-0.03901747756258857,-0.05653167265961651
#201,0.4794636229550866,-0.16595104740053793,0.4872142905343526,0.451561219669729,0.17579169598874034,0.14030829147908572,-0.1014508401376611,0.06390059094020226,-0.05581830275804228,0.5185832859360088,-0.03883238699353147,0.41948656647354265,0.4433979543636066,-0.11466167950411152,-0.13779414458272682,-0.181803283429574,1.0,0.46363066719366064,0.16014383079637146,-0.19938688748999836,-0.09773360454243105,-0.13259232838151794,0.23262992490335765,0.17274541370634225,0.1832223111256784,-0.04772444641531624,0.15147927853238602,-0.0054659558674674405,0.05290312629539298,-0.07350602026356126,0.05771162503735552,0.11324265180800709,0.3689838334956089,0.0023155601399747427,-0.10554982503157144,0.12990851513019,-0.03126680998332257,-0.13044836262327322,0.03793392652290014,-0.0019222426807284085,-0.016255193622087473,-0.15650757232510387,-0.30049646689096043,-0.2779578340547367,-0.2137815352877098,-0.2520181620120887,0.03410486537553141,0.04175141950970279,0.00563947827595847,0.05288770208130489,0.2756210656203908,0.18598710150096884,0.16912843550268478,0.0890651962249236,0.10784417687717505,0.1447041924941918,-0.17153075684690502,-0.2576402880471981,-0.039160151542903414,0.12043033557305775,0.08227082991911927,-0.09378886178940164,-0.39292606981384903,-0.21621084900658422,0.2128560824424243,0.06059209701830661,-0.32551839819536693,-0.28251954537128976,0.14879932133458013,-0.23288442443581117,0.19705397510917452,-0.03172182429892127,0.031112567842441652,0.04886583825783502,-0.17936625760365554,-0.12945735686811333,-0.2715722094222668,-0.1751168866223863,0.060889013139502374,-0.10367963907339034,0.08877213615724987,0.0863852390271177,-0.022451871631978253,0.44626300213046954,0.10420406235238545,0.16170938852631275,0.021958296781159323,-0.009121494606345136,0.0782142616139512,-0.18991256398638814,-0.06853171122015174,0.016313034424917817,-0.009530236279679562,-0.046841410158773,-0.008442829186469108,0.4067153172086029,0.18484570965845007,0.4494018296973962,0.30721756817984636,0.4066381961381624,0.20765812229473746,0.6209499387851504,0.22971089238718634,0.46835047670461666,0.28442057975764706,0.38797875314509367,0.3165376495425756,-0.07713071057426277,-0.13640210926127655,-0.3575197863746349,-0.21415171642582398
