,#10,#11,#12,#13,#17,#18,#26,#49,#50,#51,#52,#53,#54,#58,#101,#102,#201,#202,#301,#302,#401,#402,#501,#502,#601,#602,#701,#702,#801,#802,#901,#902,#1001,#1002,#1101,#1102,#1201,#1202,#1301,#1302,#1401,#1402,#1501,#1502,#1601,#1602,#1701,#1702,#1801,#1802,#1901,#1902,#2001,#2002,#2101,#2102,#2201,#2202,#2301,#2302,#2401,#2402,#2501,#2502,#2601,#2602,#2701,#2702,#2801,#2802,#2901,#2902,#3001,#3002,#3101,#3102,#3201,#3202,#3301,#3302,#3401,#3402,#3455,#3501,#3502,#3601,#3602,#3701,#3702,#3801,#3802,#3901,#3902,#4001,#4002,#4101,#4102,#4201,#4202,#4301,#4302,#4401,#4402,#4501,#4502,#4601,#4602,#4701,#4702,#4801,#4802
#10,1.0,0.3962422758427887,0.613985906124377,0.6147455486682155,0.17365929839106167,0.13529156584693394,0.1278031099071655,0.4609468539423327,0.029088139743379638,0.4637386366922773,0.5189110504853808,0.1479162850780369,0.15417465994428003,-0.15621836831095215,-0.16439320177764066,0.08246748864874244,0.3546277462331177,0.5156681094733595,0.05616149152150232,-0.044234717977885536,-0.025617691573559042,0.191069380042995,0.2743794163862994,0.01948271042002063,0.23986773736419462,0.23041655018171653,0.09998168374577039,0.26340123200910026,0.12587122709263204,0.28090000289204015,0.3046802849623553,-0.12223111256784244,0.4995922223400461,0.1176925375724215,-0.08427597775057118,0.14634301524105153,-0.16148573742203542,-0.13442009775095679,-0.12098946333375107,-0.22602064916661044,-0.284077390994187,0.3513886612746185,-0.11481977769851445,-0.15046513645609402,-0.11206655548379012,-0.34221510994572607,-0.19215678713620546,-0.15825822062410227,-0.2116452816365091,-0.2250373555184946,-0.026076561942679766,0.09319502954701012,-0.014716628266800343,-0.08569114939315357,-0.09763334715085846,-0.1155524278676988,-0.24990118862849817,-0.23926233696123703,0.09082355663096604,-0.18066189158705523,0.07465898026664611,0.07529137304425786,-0.3521945764607213,-0.27515062709070404,0.17249477022741075,0.1532761994736487,-0.23942043515563996,-0.19431617710853827,-0.017924864797123383,-0.11849845275852429,0.2033509105106379,0.3727936143753675,-0.14232886352462573,-0.18917220171015975,-0.24387032092005437,-0.1381450454532309,-0.047628045077265674,0.045669169888078044,-0.007717891124328806,0.20167352722855794,0.2114756152815401,0.3795070035572094,,0.07793276970684353,0.16909373102098657,0.2858126150790973,0.2387880423780282,0.16612071375550694,0.10090713659105588,0.1262992490335766,0.10839173647730231,0.23018133091687312,0.25909787627852277,0.21446405676110786,0.057044527778045556,0.20191260254692336,0.2586120135347479,0.3017034116433536,0.3837178140032584,0.02548272970028824,0.1827788649706458,0.04109203435743688,0.20312340335283854,0.5018403015433854,0.552146375791696,0.2547790963338571,0.2524616081671214,0.004100912920671339,0.10802541139271013,-0.04271928894373054,-0.03410872142905343
#11,0.3962422758427887,1.0,0.4803890758003721,0.45141468963589215,0.2544359075703971,0.41707267696875633,0.5038300251607493,0.5653379348905363,0.5799369535249149,0.6097018306614096,0.6162339853277163,0.3565519169406071,0.33468809347073736,0.1781168962625201,-0.07537620622174236,0.16110398812335516,0.31727029971176,0.4816345810879855,0.256618433863862,0.23291912891750938,0.2145758823132465,0.3722691910963724,0.2669912178381036,0.06855099148776185,0.2719963753096893,0.4533427163969036,-0.012557238294467527,0.1869434027744305,0.31316745876432767,0.16982638119017093,0.2054910202153606,0.045935237581097625,0.320975967146424,0.21484195000626607,-0.04439667222581049,-0.0933107111526708,-0.07793662576036556,0.08145334657245043,-0.10849584992239693,0.16750889302343516,-0.046933955443301555,0.20551801259001476,0.18680458484763768,-0.05195068107545333,-0.298063297118564,-0.08774642592039178,-0.17980970375868818,-0.2623061128088458,-0.21027252658266896,-0.304630156266569,-0.09781458166639354,0.015989125929067895,-0.04379512787637493,0.1551309612177417,-0.08744565374567399,0.11296501595442145,-0.4934071124907214,-0.19484060038753337,-0.409765455544523,-0.3668437237908862,-0.4597669015645937,-0.2748228625413321,-0.18167603366334725,-0.07185177330261344,0.2832599076475181,0.13913605120839076,0.23344355219650448,0.247174958788428,0.4108143021025132,-0.05210106716281222,0.42801230081073527,0.3066005996163227,0.15084688575477428,-0.0012898499031166553,-0.1539355846259146,-0.08720272237378655,-0.31672659616515475,-0.4105212420348394,0.18715548571814178,0.35925501045954517,0.27936914964379705,0.13851908264486712,,0.22792939566001177,0.15213866368465195,-0.03734780638755266,-0.27412491685384593,-0.16836493690532425,0.09073872345348154,0.052324718267089544,0.04775915089701445,-0.12560515939961248,-0.038300251607492314,-0.2733228577212652,-0.3953361032651133,0.22794096382057782,0.46556255000819413,0.017643372890015715,0.34045674953968363,-0.11535191308455361,0.05316533793489053,0.0361408616351595,0.10513337125119297,0.22267359470949458,0.39217413937705453,0.13694195675435974,0.35911619253275234,-0.3609940905979775,0.07188262173078962,-0.5174804546287103,-0.4932952869385827
#12,0.613985906124377,0.4803890758003721,1.0,0.7852833717331996,0.2799706939932326,0.25480223265498925,0.1256090154531345,0.26200148458060596,0.033923630859996334,0.5471412183201103,0.4932258779751863,0.18053464182082848,0.13334040276479037,-0.11123364792303317,0.13355634176202366,0.22093065851754023,0.6537958026857412,0.775057117792795,0.14091369188204333,-0.16865028486595393,0.0840947432350361,0.2263676939835925,0.38231035446772,0.09872846635111296,0.38110726576884885,0.3308551762698466,0.20994861808681906,0.3222677450763017,0.35953650236665285,0.2410129852602354,0.3911368609796304,-0.021067548417572034,0.45000337404683177,0.15100884000269924,0.07220653022663955,0.08925414284750273,-0.045622897245813775,-0.0845998862464211,-0.19351797402947954,-0.15798829687756066,-0.11059739909189939,0.43343391206269943,-0.005049502087088969,-0.16065282986127846,-0.44745452266877467,-0.3636817599028275,-0.16580451736670104,-0.15119778662527836,-0.2146414352231209,-0.3448333702871796,0.07082220701223332,0.09526958634185842,0.05879132002352193,0.07239547684921867,-0.1417350312822342,-0.1369496688614038,-0.531423944164345,-0.4849315068493151,-0.1710371819960861,-0.26937040286119174,-0.21640365168268536,-0.294353773630378,-0.3652704539539009,-0.12791107940578214,0.36942727965064154,0.3748257545814736,-0.14077873000877253,-0.1537003653610712,0.15719009379850193,0.026905613449914684,0.2496544012030887,0.3924479191771182,-0.27243210935767787,0.046883826747515255,-0.4388015385653553,-0.22577386174120095,-0.3159361051931401,-0.20800902316524153,0.23066333760712598,0.22531499137208025,0.10759353339824357,0.2573009553372601,,0.2892406466601756,0.0837746907927082,-0.15051140909835828,-0.13526842952580181,0.15189187625924247,-0.004259011115074277,0.27454522668774645,0.00460991198557836,-0.0414660715490731,0.015241051545795456,-0.05445325981124618,-0.11217452498240675,0.38078335727299895,0.47383764086645525,0.5355075048441672,0.5442260418574609,0.19092285000915812,0.2927380872046504,0.4363105279901285,0.4287757994080958,0.4273452035514253,0.597990996115026,0.17628912689308127,0.34029865134528064,-0.23048210309159092,0.07109213075877494,-0.1974048759796786,-0.10982618838749482
#13,0.6147455486682155,0.45141468963589215,0.7852833717331996,1.0,0.25767884858241835,0.2682868518215033,0.13624401106687362,0.3291816490412887,0.03589407420975003,0.5448044498857644,0.37067278493825495,0.18836628652405696,0.12887123673276585,-0.18026471807428687,0.11428764231247529,0.12131337182960099,0.4333452228316929,0.48568729333963157,0.15577877820944155,-0.12253959684960428,-0.05878360791647788,0.0570522398850896,0.19785989029527729,0.05942371280113368,0.15560525580095053,0.28419307259984766,0.04017429361919544,0.2480387147773611,0.16433536097481033,0.24765696547868085,0.3261315107053686,0.1547106513838412,0.43247375473571575,0.29279978406100277,0.06573221636316312,0.21652704539539008,-0.07929010054659559,-0.019185794298824867,-0.29756201016070105,-0.19080716840349743,-0.20789334155958084,0.48373998631101,-0.02872952676583151,-0.25731252349782613,-0.4934148245977654,-0.4753954864893525,-0.20796275052297725,-0.20225964736390542,-0.2927727916863486,-0.3866985433757821,-0.11576451081141007,-0.044809269952666944,-0.1271090202732014,-0.04974501846085624,-0.27587556515284434,-0.11444188445335621,-0.43623340691968804,-0.29256070874263734,-0.10358323773533977,-0.24322250392835454,-0.15638032255887713,-0.11351643160807072,-0.25791406784726173,-0.14803196668369756,0.12292905825532859,0.2005398474930832,-0.1472800362469031,-0.15553199078403207,0.10789816162648337,0.09611406206318143,0.14535200948589166,0.39449548359731235,-0.1114920035090087,0.01912024138895048,-0.3630377989646496,-0.17354361678540098,-0.15647672389692768,-0.025879903213056596,-0.11951259483481631,0.07150472848563139,-0.021055980257005967,0.20779694022153028,,0.2538382192744835,0.13682627514869905,0.04738125765185621,0.03632980825773862,0.13475171835385075,0.11966683697569722,0.15153326328169436,-0.024939026153683014,0.09862820895954036,0.09816548253689761,0.07328622521280595,-0.02366652849141546,0.1068068984797509,0.3168114293426393,0.3955713225299567,0.3507485563899627,0.08439165935623187,0.1508160373265981,0.3602151677865289,0.35263031050870985,0.37645300916776725,0.5703585165762101,0.136645040633164,0.4135945166918917,-0.10341742743389279,0.19357195877878786,-0.11738405329065968,-0.005273153191366296
#17,0.17365929839106167,0.2544359075703971,0.2799706939932326,0.25767884858241835,1.0,0.4934996577752499,0.11353956792920286,0.2302430277732255,0.19263493777293628,0.1736014575882313,0.31525358371974205,0.4715471450743736,0.23215948637367087,0.06573992847020717,-0.13416559821850327,0.12386993531470217,0.11257555454869714,0.04260360733806985,0.17937782576422162,0.27528944501749686,-0.19650641550904727,0.01945957409888849,-0.052043226359981876,-0.0346254326010045,-0.16942149557035852,0.036341376418304684,-0.5269007933830122,-0.2028149190710767,0.1894691178313555,0.3645879324805028,0.4742733749144438,0.5674973248628691,-0.2462340817290544,0.2269422459583739,0.34497604426749445,0.31372658652502095,0.34496062005340633,0.4607039225704453,0.06223091976516634,0.19703083878804237,0.30267128107738134,0.32047082413503897,0.38885407729459287,0.439761695892339,-0.09599452440399872,0.16486364030732747,-0.21114785073216816,-0.33569452343998535,-0.4845651817647229,-0.4738145045453231,-0.3942101356366826,-0.4139454175623958,-0.4870253439117735,-0.26747708058187847,-0.07324766467758573,0.1987737749799967,-0.24384332854540022,0.14295354419519343,-0.3118641126738839,-0.22013245543848148,-0.16484050398619532,-0.07794819392093162,0.19867351758842414,0.14314249081777256,-0.20718768376505065,0.25387677980970375,0.28132416877946265,0.21537794144582728,0.0863698148130296,0.29527537042214147,-0.1014662643517492,0.08106002911320409,0.34150559609767384,0.33854029093923826,0.016070103053030377,0.06824250720600002,-0.03026423606759662,-0.15243943585936973,0.10281588308445722,0.17547935565345646,0.04654449403757724,0.436395361167613,,0.33773823180665746,0.6152005629838142,-0.10135443879961054,-0.09037625442241139,0.2651248879334445,0.25990764751814754,0.3032381209451187,0.5268506646872259,0.16381479374933725,0.2661660223843907,-0.1434047024572701,-0.09172201710159737,-0.30168027532222147,0.10069505364734463,-0.14514763864922445,-0.1885899376283343,-0.33793103448275863,-0.34688093470737374,0.1454406987168982,0.6048084987419625,-0.052845285492562635,0.04107275408982677,-0.3063075395486489,-0.23597697936047352,-0.07259213557884184,-0.02715240087532415,-0.06368079588944695,-0.15169907358314133
#18,0.13529156584693394,0.41707267696875633,0.25480223265498925,0.2682868518215033,0.4934996577752499,1.0,0.25757859119084575,0.455266887104393,0.45385942756885467,0.17438038039967996,0.3046687168017892,0.5675204611840012,0.46330675869781074,0.12330695150048683,-0.1381296212391428,0.027657543886709147,0.27097452112635323,0.18754494712386607,0.02148400219795051,0.201014142076292,-0.05987487106321036,-0.11826708954720291,-0.11371309033769389,-0.1855436553459362,-0.18137526148862945,-0.00937985019232067,-0.3771548109087754,-0.23748469628758448,0.5048595914511294,0.3863746348799321,0.4798453722537669,0.28674963608494886,0.08124897573578321,0.10511794703710488,0.27836271967454906,0.1597659375512132,0.06387359856554808,0.23653996317468887,-0.08764231247529716,0.19922107718855137,0.2861827962172115,0.17892666750214492,0.36795426720522884,0.40050707103814603,-0.2493999016706352,0.15744844938447747,-0.058718055006603494,-0.1397992924141787,-0.10482874302295316,-0.33055826014865086,-0.22553864247635758,-0.22344480541389913,-0.3221366392565529,-0.1480011182555214,-0.13123499754176587,0.1514098695689896,-0.3028949321816587,0.09299837081738695,-0.3957024283497055,-0.2841082394223632,-0.4179287208506454,-0.398486498992606,0.054811872788794305,-0.16352944578870754,-0.11168480618510986,-0.07886207860565105,0.3167420203792429,0.342708684796545,0.21858232192262828,0.06706641088178304,0.29892319705397513,0.0777091186025662,0.3559696528587817,-0.008658768183702389,0.18221588115643045,0.21887538199030201,-0.1514407179971658,-0.3112895606991025,0.10666808055295808,0.3097047227015511,0.3848052210964688,0.44954064762418905,,0.28933704799822624,0.49213461482845383,-0.0763942043515564,-0.2685413513539568,0.0036381864980285926,0.30684738704173214,0.3880751544831442,0.3334657245042561,-0.06807284085103102,0.0324853228962818,-0.3148872586351499,-0.33429863206501303,0.02766139994023117,0.1419008415836812,-0.10245341405338707,-0.07586978107256129,-0.22894739378982581,-0.16577366893852485,0.24616467276565798,0.231002670317064,0.057121648848486015,0.10537630262308041,0.05083242555406669,0.09055363288442443,-0.43791464625529003,-0.10295470101125004,-0.4997001918386627,-0.4278850510445085
#26,0.1278031099071655,0.5038300251607493,0.1256090154531345,0.13624401106687362,0.11353956792920286,0.25757859119084575,1.0,0.3093075491887827,0.2622598401665815,0.5421553411161347,0.17461559966452334,0.11809356713871189,0.32789372716493304,0.15796516055642854,-0.045133178448516865,0.20080205913258076,0.28553497922551163,0.1292028573356598,0.2574204929964428,0.17746522321729827,0.033846509789555876,0.269250865202009,0.11738019723713765,0.10380303278609507,0.1495204033431984,0.17776599539201604,0.0526871872981597,0.2697290158387398,0.16386877849864556,0.11516296646197449,0.2008946044171093,-0.05200852187828367,0.10925934851975745,0.10253053512382752,-0.05926175855320872,-0.12086606962104635,0.055058660214203775,0.028043149238911436,0.10712309486855677,0.04136195810397848,-0.025833630570792323,0.05338898903916786,0.295194393298179,0.11710641743707402,-0.024090694378837978,0.03221925520326222,0.2162416974347604,0.18339968958769148,0.0684584462032333,-0.007868277211687699,0.08379397106031831,0.11013081661573462,0.06553941368706198,0.22046021998785342,0.15359239586245457,0.09432485322896282,-0.34727039611309807,-0.12214242333683592,-0.22071086346678492,-0.15415152362314788,-0.44342880279178276,-0.322155919524163,-0.08972843743071154,-0.024618973711355113,0.28961082779828984,0.18330714430316292,-0.020381170890651962,0.4345251752094319,0.23358622617681934,-0.05850982811641425,0.22601293705956638,0.08297648771364946,0.07301244541274234,-0.20871853701329374,-0.15923380216517405,-0.2519179046205161,-0.3578899675127491,-0.5353031340075001,0.2435194200495503,0.35923187413841307,-0.005562357205518013,0.036765542305727206,,0.010895279226475664,-0.0018566897708540194,-0.11330049261083744,-0.2337134759430461,-0.21697820365746676,0.016239769407999382,-0.03705474631987892,0.05802010931911735,-0.20615811747467055,-0.043058621653668555,-0.14652424975658662,-0.18029556650246306,0.07280421852255309,0.16162841140235026,0.04322057590159351,0.2696403266077333,0.0929058255328584,0.10190971050678184,-0.016336170746049955,-0.08105231700616004,0.04035552813473051,0.12371569317382125,0.16769783964601429,0.10865009206327784,-0.4676525310171305,-0.17960918897554298,-0.4658093374336036,-0.3178602759006295
#49,0.4609468539423327,0.5653379348905363,0.26200148458060596,0.3291816490412887,0.2302430277732255,0.455266887104393,0.3093075491887827,1.0,0.592754475432119,0.40189910635959625,0.44484397443436513,0.6494191819382453,0.45529387947904715,0.25623282851165974,-0.06828492379474227,0.06321421341328218,0.29434991757685597,0.32082172500554307,0.18349223487222002,0.08372841815044393,0.09422459583739022,0.0057358796140090425,0.046023926812104154,-0.10993415788611145,0.037448063779125254,0.07884665439156295,-0.12113599336758794,-0.10878890999007067,0.38882708491993867,0.12953062188503175,0.2754475432118998,0.18838171073814505,0.3350467064482855,0.11709484927650796,0.00951481206559147,0.0058785535943238895,0.06061523333943875,0.07963714536357765,-0.037644722508748424,-0.16816056606865704,-0.18473002805278937,0.001436379936953525,0.12088149383513443,0.04548022326549893,-0.08214358015289253,-0.12129409156199088,-0.054607501952127095,-0.2566916988807805,-0.09938399544985685,-0.46712039563109137,-0.2018007769947847,-0.25974569327022257,-0.23109907165511456,-0.3006584211388854,-0.13076070295855707,-0.034239827248802215,-0.44268458446203235,-0.0774738993377228,-0.37570879083801684,-0.5482401935738868,-0.3368783318712464,-0.1225935815989126,0.04248406967888714,0.01832203830989174,-0.018418439647942313,-0.08170399005138192,0.31575872673112704,0.18603337414323312,0.3179990938274223,-0.20064781699169984,0.37082702707913584,0.23659009187047517,0.11392131722788312,-0.31198365033306663,-0.06077333153384169,-0.036684565181764724,-0.14377102754186227,-0.2501248397327755,0.13362575072542007,0.2794154222860613,0.21702833235325306,0.2917894980382328,,0.30794250624198666,0.4574725497189901,0.16986108567186914,-0.1546065379387466,-0.17624671030433903,0.21776869462948145,0.12449075993174785,0.014053387061012407,-0.017562395766053233,0.18635728263908302,-0.29392960774295546,-0.3805365698475895,0.11331591682492553,0.20747303172568035,0.054665342754957436,-0.0032680053599143956,-0.05025787357928528,-0.11429535441951934,0.10457038743697762,-0.003989087368532675,0.23813636933280635,0.22722373786548158,0.2630927477273385,0.17665930803119548,-0.3195106668080553,0.09902538247230872,-0.4206086780484513,-0.48746107795976207
#50,0.029088139743379638,0.5799369535249149,0.033923630859996334,0.03589407420975003,0.19263493777293628,0.45385942756885467,0.2622598401665815,0.592754475432119,1.0,0.3043486643594613,0.2475489959800642,0.3807370846307347,0.2845015568816095,0.3124695130768415,-0.057923707981066774,-0.044897959183673466,0.08181195954999855,0.1687235498828724,0.06401627254586294,0.040120308869887114,0.0942207397838682,-0.08209345145710623,-0.12331080755400885,-0.2357726085238063,-0.06083117233667203,-0.017543115498443118,-0.1914896898768955,-0.17470428889552986,0.37053396701146213,-0.013945417562395765,0.07562299364715182,0.07492119190614366,0.12607174187577724,-0.07132349397009631,-0.00371530756846905,-0.21714787001243577,0.041793836098445045,0.027541862281048463,-0.0867399959511438,0.03130922657206482,0.013548244049627409,-0.10817965353359105,0.4139184251877416,0.14053194258336305,-0.14156922098078722,0.0012281530467642891,0.006071356270425034,-0.18889842191009612,-0.12121697049155042,-0.24993203705667436,-0.20177378462013051,-0.15132118033798309,-0.22447822775780127,-0.17918502308812045,-0.2504487482286254,-0.06491473301649427,-0.23723019675513096,-0.017670365264669873,-0.32033971831529023,-0.31995796901660994,-0.23852197468500863,-0.07236077236752046,0.04067172452353639,0.12009100286311974,0.038381228731454796,-0.020874745741470892,0.4099891066488003,0.331078827374124,0.16179422170379726,-0.11680178920883422,0.28573163795513484,0.11841747563456181,0.19803341270376834,-0.09530429082355663,-0.0019376668948165,0.04664475142914984,-0.1646014286678299,-0.23253737961882912,0.10573491560062853,0.176913807563649,0.23725718912978513,0.07624767431771953,,0.217356096902625,0.26189737113551137,0.08628883768906713,-0.15267851117773515,-0.19225318847425601,0.1651721245890893,0.08578369467768213,0.06650342706756769,-0.09583257015607377,0.053716753588539806,-0.28218021266135174,-0.26267629394695996,0.13991111796631736,0.12237378654815728,-0.06316408471749588,-0.025906895587710758,-0.2092313921317228,-0.1483404509654594,0.06728620593253834,-0.11575679870436602,0.02711384034010392,-0.036021323975976786,0.1146076947548032,0.06629134412385644,-0.2200167738328208,0.03551618096459179,-0.33613411354149597,-0.3540531942583363
#51,0.4637386366922773,0.6097018306614096,0.5471412183201103,0.5448044498857644,0.1736014575882313,0.17438038039967996,0.5421553411161347,0.40189910635959625,0.3043486643594613,1.0,0.4595432504603164,0.1702582591846375,0.334287063904447,0.17421457009823296,0.03440949360377122,0.09322202192166427,0.5609767383571284,0.4459660860092738,0.31115845487935373,-0.1787030163978676,0.19887788842509135,0.21308744565374568,0.4018913942525522,0.1819382453028448,0.4499378211369574,0.2536184242237282,0.22218387591219765,0.4563273018229493,0.2642611319445114,-0.019941580789141353,0.27475730963145767,-0.1049868412173561,0.40723202838055395,0.06123220190296241,-0.11066295200177378,-0.20624295065215506,-0.036071452671763087,-0.20227507157799351,-0.11466939161115557,-0.20386376562906694,-0.27537042214145935,0.1388237108731069,0.09048422392102802,-0.22606306575535268,-0.2783858559956812,-0.2501788244820838,0.08844051555435589,0.06329904659076668,-0.14142654700047236,-0.15564381633617075,0.1536849411469831,0.16108470785574502,0.1330396305900726,0.13278127500409706,-0.047608764809655556,-0.19039071462311896,-0.4524789604079705,-0.3989376572546827,-0.1427453173050042,-0.20960542932335902,-0.2903396219139522,-0.22905921934196447,-0.3144862290688595,-0.0448362623273211,0.4184454320225965,0.2950093027291219,-0.07388005745519748,0.17378654815728842,0.15634561807717892,-0.18010661987988394,0.12489950160508227,0.19959125832666558,-0.2986648414679996,-0.24084331890526642,-0.521652704539539,-0.3776908023483366,-0.4130893736805067,-0.3860044537418179,0.27505808180617547,0.22238439069534285,-0.03685423153673373,-0.06309853180762148,,0.14726846808633703,0.027541862281048463,-0.06582090559416964,-0.09593668360116839,-0.21741393770545536,-0.09468732226003297,0.04656763035870938,-0.03998149094309429,-0.1381141970250547,0.061162792939566,-0.02444159524934206,-0.06511910385316148,0.34730510059479625,0.2815285396161299,0.34428195463353034,0.48211658777823835,0.10632874784302006,0.18439069534285135,0.2573240916583922,0.042958364262095955,0.33538989521174556,0.3982088631390204,0.24329191289175095,0.3351970925356444,-0.3565634851011732,-0.013355441373526265,-0.2622367038454494,-0.12420541197111816
#52,0.5189110504853808,0.6162339853277163,0.4932258779751863,0.37067278493825495,0.31525358371974205,0.3046687168017892,0.17461559966452334,0.44484397443436513,0.2475489959800642,0.4595432504603164,1.0,0.2666364609140775,0.24918781872692394,0.15269007933830123,-0.1222928094241948,0.11653186546229262,0.22863505345454194,0.3832319512594835,0.235892146182989,0.12671184676043304,0.1670423105472704,0.31324072378124607,0.31998881744478613,0.20269923746541602,0.24700529243345898,0.39480782393259617,-0.035971195280190486,0.1368995401656175,0.3153615532183587,0.41826034145353935,0.20378278850510445,0.0042628671685963,0.16098830651769447,0.30241678154492785,0.061783617556611686,0.08689423809202472,-0.15797672871699459,0.0652887702081305,-0.05745326945137998,0.16810658131934872,0.06351498558799996,0.349117445750147,-0.03789150993415789,0.015125369940134768,-0.1539317285723926,-0.04715375049405686,-0.3071944318587142,-0.28357996008984604,-0.19122362218387592,-0.19589330299904562,-0.13265016918434827,0.02574879739330782,-0.005519940616775761,0.0756692662894161,0.031478892927033826,0.08770786538517154,-0.2780349551251771,-0.10940587855359432,-0.1795436360656686,-0.13324785748026183,-0.2150116163612351,-0.12688536916892407,-0.1275331861606239,0.008250026510367964,0.22983428609989107,0.12508459217413936,0.07126565316726596,0.18815805963386772,0.29284991275678907,-0.05267561913759363,0.2486286909662306,0.2981944029383128,-0.01003537929106456,-0.14672476453973182,-0.10649070209094502,-0.08055874215534112,-0.10335573057754041,-0.18218503272825426,0.27931902094801075,0.45178872682752835,0.2859707132735002,0.3613642717360917,,0.059454561229309866,0.0885754774276267,0.024649822139531298,-0.15816953139309572,0.05945841728283188,0.21361958103978484,0.09709349965777525,0.07990321305659723,-0.02728350669507293,-0.016274473889697588,-0.14250238593311676,-0.23178930523555666,0.12007943470255367,0.3515274792014113,-0.06629134412385644,0.1500756750503697,-0.16794462707142374,0.005720455399920951,0.008296299152632238,0.33771895153904735,0.24157982512797277,0.34093875622993647,-0.07317054360714527,0.135465088255425,-0.18566704905864093,-0.08422970510830691,-0.21484966211331014,-0.27341925905931574
#53,0.1479162850780369,0.3565519169406071,0.18053464182082848,0.18836628652405696,0.4715471450743736,0.5675204611840012,0.11809356713871189,0.6494191819382453,0.3807370846307347,0.1702582591846375,0.2666364609140775,1.0,0.7113859620371531,0.12081594092526005,-0.06733247857480262,-0.12688151311540205,0.24076234178130393,0.16686107603173533,0.12898691833842654,0.19038685856959695,0.15039958354621963,-0.19889331263917942,0.06743273596637521,0.06809597717216315,-0.12850491164817368,-0.015109945726046677,-0.40502636576595685,-0.3676689192445991,0.38017795687004136,0.13250749520403343,0.2814514185456894,0.4410110572334744,0.13849209027021295,0.08182352771056463,0.32191298815227554,0.09650737952242777,0.2181658681422498,0.2152661158936886,-0.018992991622723724,-0.03433237253333076,0.1899434124145643,-0.051827287362748595,0.17042792553960648,0.1986349570532039,-0.09910635959627119,0.18321459901863438,-0.1309997782769225,-0.35180125900147496,-0.2563562222243645,-0.5522273529156585,-0.4055970616872162,-0.49120916198316833,-0.5200254499532454,-0.49162947181706884,-0.16969527537042214,-0.07743533880250258,-0.3148949707421939,0.1544098792091234,-0.5138172037827885,-0.440266838903724,-0.38905844813126006,-0.11834035456412136,0.36776146452912767,0.10542643131886671,-0.28864295836426207,-0.1876837650506589,0.6403998727502338,0.20780850838209633,0.2814167140639912,-0.08646621615108017,0.14698697617922937,-0.1116423895963676,0.28381903540821146,0.04678356935594266,0.04595066179518572,0.17627370267899317,-0.10253439117734954,-0.1983997377883605,0.11045858116510657,0.09026057281675069,0.4024273856921134,0.4612167776888743,,0.4944058303529253,0.7329798617604812,0.06809597717216315,-0.119797942795446,0.07669112047275216,0.26755805770584096,0.4204582919610924,0.24115951529407229,0.17166571872017583,0.27890642322115433,-0.2870157037779684,-0.4072088920594218,-0.1138673324785748,-0.050041934582052,-0.04163188185052009,-0.1359201025710237,-0.3068126825600339,-0.3812615079097298,0.2524693202741654,0.21864016272545864,0.08554847541283873,0.15862840176221646,0.017084245129322394,0.07689163525589736,-0.22137024861905083,0.23736515862840177,-0.3415865732216363,-0.4853749530043477
#54,0.15417465994428003,0.33468809347073736,0.13334040276479037,0.12887123673276585,0.23215948637367087,0.46330675869781074,0.32789372716493304,0.45529387947904715,0.2845015568816095,0.334287063904447,0.24918781872692394,0.7113859620371531,1.0,0.3369477408346428,-0.06797258345945842,-0.1599471720667483,0.3453924980478729,0.21719414265470005,0.1606913903964987,-0.03854318297937975,0.08329654015597736,-0.17791638147937494,0.24353098821011634,0.11169637434567592,0.04954064762418903,0.0105983631052799,-0.13611676130064684,-0.09309477215543752,0.5394098310084544,0.05363577646457733,0.385672833138924,0.1234033528385374,0.2735773572537187,0.010413272536222803,0.3845854260457135,-0.04443523276103072,0.22504121157201662,-0.017435145999826478,0.05077458475123635,-0.14134171382298785,0.13734684237417216,-0.10383388121427126,0.27652338214454414,0.07893534362256949,-0.11976709436726982,0.01567678559378404,0.13055247606836784,-0.11157298063297119,-0.05473860777187587,-0.3440968640644732,-0.1324149499195049,-0.19934447090125612,-0.24898730394377874,-0.26514416820105463,-0.07015125369940135,-0.16076465541341714,-0.2892714950883518,-0.049290004145257534,-0.3150106523478546,-0.32024717303076167,-0.4065148024254577,-0.15596772483202068,0.17937011365717756,0.10040970568671494,0.015345164990890073,-0.13240723781246083,0.48368600156170166,0.3209065581830276,0.16147802531499136,-0.17567987043660166,0.17168499898778594,-0.04203676747033249,0.055505962422758424,-0.1425255222542489,-0.10061022046986012,0.04711518995883663,-0.2466196870812567,-0.26999508353175944,0.29021622820124743,0.20689847975089895,0.3980661891587055,0.3164759526862233,,0.24728292828704462,0.39951992133650815,0.07184020514204738,-0.11326964418266125,0.008859282966847579,0.0585175402234583,0.3134489506714353,0.1336990157423385,0.10124261324747187,0.14854867785564863,-0.15740217674221318,-0.27062362025584913,0.09877859504689925,-0.07066025276430837,0.10956397674799727,0.0656435271321566,-0.250714815921645,-0.2056259820886314,0.24151041616457636,0.02260996982638119,0.15033788668986725,0.24882534969585376,0.19403854125495262,0.15246257218050185,-0.3314798569404143,0.09167574445933309,-0.3937551213210839,-0.3964466466794559
#58,-0.15621836831095215,0.1781168962625201,-0.11123364792303317,-0.18026471807428687,0.06573992847020717,0.12330695150048683,0.15796516055642854,0.25623282851165974,0.3124695130768415,0.17421457009823296,0.15269007933830123,0.12081594092526005,0.3369477408346428,1.0,-0.09827345203551426,-0.16846905035041887,0.03000973653514311,-0.08256774604031504,-0.022683234843299625,0.0011163274946256255,-0.10765908630811796,-0.07173994775047478,-0.11279149354593042,-0.18562077641637667,-0.04716531865462292,-0.20458870369120724,-0.02691332555695873,-0.09533899530525483,0.22014402359904756,-0.23378674095996452,0.27530872528510697,-0.03505345454194904,-0.14184300078085083,-0.17193949852023946,0.23171604021863823,-0.12014113155890603,0.24370836667212942,-0.0020610606075212325,0.16220296337713166,-0.05660493767653495,0.11313082625586843,-0.24026491087696297,0.21623398532771634,0.05060106234274532,-0.11048942959328276,0.06363452324718268,0.18700509963078288,0.10531460576672805,0.11722209904273471,0.04863833110003567,0.07838778402244223,-0.07010498105713707,0.030460894797219785,0.016000694089633963,0.07284663511129534,0.14398696653909557,-0.04988383638764906,0.022120251029084284,-0.16754359750513337,-0.152485708501634,-0.1008917123769678,-0.08717958605265441,0.05461135800564912,0.140859707132735,0.06650342706756769,0.06070006651692326,0.33060838884443716,0.31528443214791824,0.06847001436379938,-0.13454734751718353,0.07944819874099852,0.08505104450849778,-0.059099804305283755,-0.019525127008762883,0.08432610644635748,0.08191607299509317,-0.10729661727704781,-0.14960523652068292,0.12400875324149499,-0.007621489786278234,-0.05663193005118911,-0.1739523584587354,,0.010444120964398985,0.04243779703662287,0.14352424011645282,-0.1731772917008088,-0.09912178381035928,-0.08532096825503938,-0.08029653051584355,-0.051827287362748595,-0.12990465907666798,-0.003221732717650121,-0.2175720358998583,-0.11899202760934321,0.03309843540628344,-0.12998178014710846,0.05485428937753656,-0.15334946449056713,-0.061135800564911844,-0.16488292057493759,-0.07146231189688913,-0.16238805394618877,-0.11135318558221588,-0.11283776618819469,-0.04072956532636673,-0.18821975649022007,-0.17887653880635862,0.060646081767614934,-0.1305139155331476,-0.16484050398619532
#101,-0.16439320177764066,-0.07537620622174236,0.13355634176202366,0.11428764231247529,-0.13416559821850327,-0.1381296212391428,-0.045133178448516865,-0.06828492379474227,-0.057923707981066774,0.03440949360377122,-0.1222928094241948,-0.06733247857480262,-0.06797258345945842,-0.09827345203551426,1.0,0.7104759334059557,0.0839597813617653,0.18292153895096064,0.44455862647373545,-0.032720542161125195,0.3104296607636914,0.29891162889340905,0.2919437401791137,0.06794559108480426,0.2920787020523845,0.29842962220315616,0.16816827817570107,0.12310643671734163,0.2292520220180656,0.13651779086693724,-0.1543751747274252,0.13258847232799592,-0.012082943711258712,0.1783829639555397,0.19160537148255619,0.22689597331610964,0.20225193525686136,0.1026616409435763,-0.006075212323947057,-0.12006401048846559,0.08173098242603608,0.2246864546479905,-0.05210877926985626,-0.05313063345319233,-0.40519603212092586,-0.4653234746898287,-0.11688662238631872,-0.14311164238959637,-0.017473706535046707,-0.2286581897756741,0.10920536377044913,-0.009198615676785593,0.09845468655104933,0.09216546325663,0.10013206983312928,-0.02284133303770256,-0.339512016426788,-0.3119990745471547,-0.37040286119171334,-0.3918425187741606,-0.2866570908004203,-0.3437960918897554,0.09899839009765456,0.40589012175489,0.14237899222041203,0.11148814745548669,-0.02549815391437633,-0.2480502829379272,0.5883971349522331,0.5350254981539144,0.1936490798492283,0.31090781140042223,-0.16056799668379398,0.018669083126873803,-0.35340537726663646,-0.4066381961381624,-0.4118939970886796,-0.38314711808199897,0.3553025555994717,0.29894247732158524,-0.17136109049193604,-0.17494722026741732,,-0.05506637232124782,-0.2013611868932741,-0.5075511168095013,-0.434205122767104,0.033838797682511836,-0.09818861885802975,-0.12386607926118015,-0.390230688401955,-0.5166783954961295,-0.4328709282484841,-0.39051989241610674,-0.32626261652511734,0.1349792255116501,0.34069968091157105,0.10538787078364648,0.12499590294313286,0.30125610943479897,0.2886082538825639,0.06304454705831317,0.1722826872836995,0.1484561325711201,0.11724523536386686,0.048460952638022615,0.19425833630570793,-0.35134238863235423,-0.26708761917615415,-0.1673469387755102,-0.18161433680699487
#102,0.08246748864874244,0.16110398812335516,0.22093065851754023,0.12131337182960099,0.12386993531470217,0.027657543886709147,0.20080205913258076,0.06321421341328218,-0.044897959183673466,0.09322202192166427,0.11653186546229262,-0.12688151311540205,-0.1599471720667483,-0.16846905035041887,0.7104759334059557,1.0,0.08165000530207359,0.2754668234795099,0.4930253631920411,0.2741866137101983,0.16463998920305015,0.6717881484195001,0.2843897313294709,0.09243538700317161,0.3343680410284095,0.5399381103409715,0.11591104084524693,0.20765426624121544,0.2291170601447948,0.37084245129322396,-0.021237214772541042,0.16828395978136176,-0.011512247789999324,0.30589108576827045,0.05754967078943056,0.3283217491058776,0.12798048836917855,0.3150646370971629,0.09512305630802155,0.1546258182063567,0.05577588616930003,0.4427809858000829,-0.03748276826082346,0.1688623678096652,-0.2947933637318886,-0.32012763537157896,-0.16377623321411702,-0.14022345830160124,-0.0005649118409763528,-0.20538690677026597,0.15333404027647904,0.12225039283545255,0.15334175238352307,0.29700673845352976,0.21114013862512412,0.24962740882843454,-0.48737238872875555,-0.2462842104248407,-0.43702389789170276,-0.4319454754031986,-0.4125148217057253,-0.4507977210723685,-0.06976564834719906,0.20301928990774393,0.1877994466563196,0.17694079993830314,-0.13404991661284257,-0.028482739340422045,0.6621788630426191,0.6202327128300541,0.3877242536126401,0.49117831355499214,0.06131703508044692,0.004359268506646872,-0.21382780792997408,-0.3972371376514706,-0.3964543587865,-0.5535654034878004,0.4068271427607415,0.5942390560380978,-0.15286745780031427,-0.05338127693212382,,-0.08769244117108345,-0.1082066459082452,-0.5793585454966115,-0.5660243124174563,-0.09761792293677037,-0.03534651460962278,-0.2084061966780099,-0.18541254952618744,-0.5487029199965295,-0.4416742984392623,-0.5018557257574735,-0.4388053946188773,0.1359201025710237,0.6366980613690918,-0.08535952879025961,0.17556033277741895,0.32492070989945343,0.3739851349136726,-0.11264110745857152,0.28727405936394396,0.1499098647489227,0.18833158204235875,0.07633250749520404,0.16838421717293436,-0.48324255540666905,-0.5096950825677461,-0.37602113117330066,-0.39178467797133026
#201,0.3546277462331177,0.31727029971176,0.6537958026857412,0.4333452228316929,0.11257555454869714,0.27097452112635323,0.28553497922551163,0.29434991757685597,0.08181195954999855,0.5609767383571284,0.22863505345454194,0.24076234178130393,0.3453924980478729,0.03000973653514311,0.0839597813617653,0.08165000530207359,1.0,0.7192600233291238,0.044388960118766446,-0.4029479529175865,0.19570821242998854,-0.06291344123856439,0.4905189284027262,0.16160913113474015,0.39985154193940214,0.046463516913614764,0.4289146173348886,0.3475480319666837,0.518945754967079,-0.020624102262539405,0.4034222475007953,-0.128053753386097,0.5197246777785276,-0.14214762900909064,-0.07132349397009631,-0.27466476434692916,-0.06604455669844697,-0.3181610480753473,-0.21596791763469678,-0.3971677286880742,-0.2034203194740343,-0.0038772618163940118,0.08453433333654671,-0.16093046571486413,-0.14657823450589494,-0.2538844919167478,0.19010151060896724,0.10420406235238545,0.03816143368069949,-0.20094087705937358,0.36353522986899056,0.21724041529696433,0.2853537447099766,0.05018075250884482,-0.12663472568999257,-0.3962538440033548,-0.5226359981876548,-0.598488427019367,-0.13034039312465656,-0.20507456643498212,-0.23787030163978676,-0.2760606557219014,-0.307325537678463,-0.03602518002949881,0.49616033470544574,0.23948984411903637,0.008531518417475634,0.027426180675387775,0.11675166051304792,-0.21072754089826767,0.2174370740265875,0.15487646168528818,-0.4831654343362286,-0.21503860873588926,-0.5375820616390156,-0.28152468356260785,-0.5185794298824867,-0.3636393433140852,0.4814533465724504,0.16275823508430298,-0.03292105694427039,0.1116076851146694,,0.32732688729719567,0.06945330801191521,-0.18371974203001937,-0.13065658951346246,-0.042989212690272144,-0.1650718671975167,0.35547607800796277,0.0023155601399747427,-0.09470660252764308,0.01344413060453279,-0.12255116501017034,-0.09691612119576219,0.6266029132484359,0.2650901834517463,0.6422662026548929,0.4929752344962548,0.36634243683302326,0.31328314036998833,0.6136658536820491,0.10552283265691728,0.5834845227651759,0.4595471065138384,0.500937985019232,0.2907483635872866,-0.34262385161906045,0.06136716377623321,-0.26783183750590456,-0.16405001301418062
