,#10,#11,#12,#13,#17,#18,#26,#49,#50,#51,#52,#53,#54,#58,#101,#102,#201,#202,#301,#302,#401,#402,#501,#502,#601,#602,#701,#702,#801,#802,#901,#902,#1001,#1002,#1101,#1102,#1201,#1202,#1301,#1302,#1401,#1402,#1501,#1502,#1601,#1602,#1701,#1702,#1801,#1802,#1901,#1902,#2001,#2002,#2101,#2102,#2201,#2202,#2301,#2302,#2401,#2402,#2501,#2502,#2601,#2602,#2701,#2702,#2801,#2802,#2901,#2902,#3001,#3002,#3101,#3102,#3201,#3202,#3301,#3302,#3401,#3402,#3455,#3501,#3502,#3601,#3602,#3701,#3702,#3801,#3802,#3901,#3902,#4001,#4002,#4101,#4102,#4201,#4202,#4301,#4302,#4401,#4402,#4501,#4502,#4601,#4602,#4701,#4702,#4801,#4802
#10,1.0,0.21314727251758736,0.36499442586399106,0.3086764310152616,0.2471917887210241,0.10820743474416637,0.07368623380617384,0.4054741859839311,0.12079344942913159,0.5549763579748587,0.26817360550493985,0.2023142275016338,0.3015415369238458,-0.25037481259370314,-0.07297889516780072,0.14377426671279744,0.39657863376004304,0.33298735247760736,-0.044977511244377814,-0.21222465690231807,-0.04673816937685003,0.02191980932610618,0.15980471302810134,-0.06575942797831853,0.196324914465844,0.30580863414446624,-0.13118825202783224,-0.011648022142774767,0.10930688501902895,-0.06646676661669165,-0.020766539807019566,0.09868911697997156,0.2706416022757852,0.48600315227001883,-0.18055587590819974,-0.19445661784492368,0.06933456348748702,0.2349440664283243,0.005873986083881137,0.2298696805443432,-0.1151731826394495,-0.055633721600738095,-0.1279975396916926,-0.043693537846461385,0.09634413562449544,-0.012524506977280591,-0.13474801061007957,-0.04953677007650021,-0.1997232153154192,-0.029723599738592243,0.21346249951947102,0.045715603736593245,0.2339983854226733,0.15070926075423827,0.09158497674239803,-0.008964748395033252,-0.34816437934878713,-0.4200361357782647,0.2062276554030677,0.09890439395686772,-0.20090723868834814,-0.07099527159497175,-0.27024949063929576,0.19567139507169493,-0.03394456617844924,-0.04736862338061738,-0.19737054549648253,-0.11033713912274631,0.09146964979048937,0.020197593510936838,0.16887709991158267,0.14819513320262945,-0.2524276323376773,-0.06237650405566447,-0.28266635912812826,-0.14563487487025717,-0.24398569945796333,-0.16477146042363433,-0.23139199630953755,-0.2313996847729981,0.2523199938492292,-0.12877407450121092,0.3018413869988083,0.10543958789835851,0.17804174835659092,-0.0062891631107523166,-0.04621535386153077,-0.23864990581632262,-0.049767423980317534,0.11230538576865413,0.09737438972821282,0.17723445969323032,0.25354245953946103,0.023880367508553414,-0.006112328451159036,0.2625072079344943,0.3200322915465344,0.4805750970668512,0.5238765232768231,0.21367008803290663,0.2341905970091877,0.12906623611271287,0.3024487756121939,0.35616038134778766,0.32587552377657325,0.3774420482066659,0.3494867950640065,-0.1257909506785069,-0.19464882943143813,-0.2291930957598124,0.018221658401568447
#11,0.21314727251758736,1.0,0.1841771421981317,0.38939760888786373,0.0231038326990351,0.003090762311152116,0.3463345250451697,0.14077576596317226,0.1043170722331142,0.34023757352093187,0.34026832737477414,0.0041210164148694885,0.06657440510513973,0.1747203321416215,-0.06725098988967054,-0.2066428324299389,0.2549340714258255,0.1567216391804098,0.0992503748125937,-0.12652135470726175,0.04622304232499135,-0.1445046707415523,0.3170107254065275,0.02981586130011917,0.24534655749048553,0.03386768154384346,0.13343328335832083,0.23264521585361164,0.24802983123822703,-0.09179256525583362,-0.07081074847191789,0.06533656248798678,0.05218160150693884,0.28389651328182064,0.026694345135124746,-0.0878868258178603,0.16392572944297082,-0.09009341483104602,0.06422942374966363,-0.15004805289662862,0.3724137931034483,-0.08708722561796026,-0.0398416176527121,-0.21080997962557183,0.14655749048552646,0.0611771037558144,0.06120785760965671,0.26259178103256064,-0.2796524814515819,0.0610079575596817,0.10818436935378464,-0.024918310075731365,0.17663475954330526,-0.05602583323722754,0.17305962403413677,-0.2912928151308961,-0.10665436512512974,-0.2606619767039557,-0.13481720678122477,-0.15193941490793064,-0.045115903586668206,-0.12087033406373736,-0.058347749202321914,0.1262676354130627,0.08807134894091416,0.06644370122630992,0.004159458732172375,0.0766232268481144,-0.025840925691000653,-0.06056971514242879,0.03154576557874909,0.05577980240648906,-0.17034559643255295,-0.07078768308153616,-0.15560681197862608,0.05068235113212625,0.013454811056010456,-0.05926267635413063,0.08891707992157767,-0.2784377042248107,0.0558028677968708,-0.0521585361165571,-0.03901895206243032,-0.022688655672163917,-0.05493407142582555,0.03515165494175989,-0.1469265367316342,0.10302541037173721,0.034267481643793486,0.2863798869795871,0.020036135778264713,0.20213739284204052,0.26018529196939993,-0.1276976896167301,0.038134778764463924,0.29449121593049626,0.2922538730634683,0.17310575481490023,0.38447699227309423,-0.08346595932802829,0.1619267289432207,-0.02955445354245954,0.28306615922807826,-0.01589974243647407,0.18140160688886325,-0.0940760389036251,0.2679121977472802,0.09797408987813785,-0.17516626302233498,-0.11863299119670934,-0.06585937800330605
#12,0.36499442586399106,0.1841771421981317,1.0,0.45010571637258295,0.2764387037250605,0.10004228654903317,0.4427324799138892,-0.026010071887133356,0.1282051282051282,0.505431899434898,0.27161034867181794,-0.0388574943297582,0.23605120516664743,0.13000422865490333,-0.0884327067235613,0.17589666705108983,0.5947718448468073,0.7162111252066274,0.1370929919655557,-0.056748548802521816,-0.07751508860954139,0.07144120247568524,0.14239034328989353,0.3628032137777265,0.14691115980471303,0.4772690577788029,-0.18257025333487104,-0.007011878676046592,0.08576480990274093,-0.21901357013800793,-0.04458539960788836,0.07846076961519241,0.11161342405720216,0.46783531311267446,-0.26513666243801176,-0.10673124975973551,-0.15523776573251835,0.2746396032752854,-0.1813247222542575,0.4660362126628993,-0.11199015876677046,-0.1126590550878407,-0.2524583861915196,0.00897243685849383,0.2523891900203744,0.15407680774997118,-0.20872640602775536,-0.20369046246107717,-0.055795179333410216,0.03976473301810633,0.17790335601430055,0.40331372775150887,0.13265674854880252,0.3898435397685773,0.06191519624802983,0.2803367546995733,-0.31120593549379155,-0.23991850228731787,0.066551339714758,0.3003344481605351,-0.3585745588744089,-0.12581401606888865,-0.19807019567139508,-0.07753815399992312,0.025095144735324645,0.2878945142813209,0.14376657824933686,0.18433091146734326,0.5467035712912774,0.5139122746319148,0.6021989005497251,0.6296390266405258,-0.1728827893745435,-0.021335486103102295,-0.028493445584899857,0.13999923115365395,-0.26065428824049514,-0.20752700572790528,-0.08657978702956214,0.027309422211970937,0.19651712605235844,-0.1495098604543882,0.18003306039288047,0.08661054088340445,0.1815938184753777,-0.4308845577211394,-0.31224387806096954,-0.13937646561334718,-0.19166570560873408,-0.006066197670395571,0.1878906700495906,0.034267481643793486,0.4042517202936993,-0.3270595471495022,-0.25559527928343523,0.5178180140698881,0.7004882174297467,0.3695536846961135,0.5662707107984469,0.1999308038288548,0.4631376619382616,0.29609041633029637,0.48148233575519933,0.26110790758466923,0.3762195825164341,0.055295429208472684,0.35376926921154805,-0.22222734786452927,-0.035812862799369544,-0.47531618805981624,-0.22210433244916003
#13,0.3086764310152616,0.38939760888786373,0.45010571637258295,1.0,0.16583246838119403,0.13938415407680774,0.0913927651558836,-0.09957329027793796,0.05657940260638911,0.553369469111598,0.42740937223695846,0.03529004728405028,0.2015376926921155,-0.11382001307038789,-0.2339215007880675,-0.14761849844308614,0.4034598085572598,0.12561411601891362,0.15078614538884405,-0.1416061200169146,-0.0671356629377619,0.109014723407527,0.21934417406681275,0.25020566639757047,0.022488755622188907,0.26279936954599625,0.17674239803175334,0.2403874985584131,0.032768231268980895,-0.05013647022642525,-0.1608734094491216,0.07710760004613078,-0.0396724714565794,0.48737938722946217,-0.11964786837350555,0.08879406450620843,0.022757851843309116,0.2862568715642179,0.0993887671548841,-0.08782531811017569,0.016868488832506825,0.015038634528889401,-0.15898973590128013,-0.0769307653865375,0.2967285587975243,0.11600353669319187,-0.0031984007996002,0.12283858070964518,-0.035274670357129126,0.08295852073963018,0.2672125475723677,0.0013608580325222004,0.1839772421481567,0.05307346326836582,-0.0007073386383731211,0.0734248260485142,-0.07626186906546727,0.0040056894629608274,-0.03507477030715411,-0.1332410717718064,0.0769000115326952,0.14554261330873025,0.029600584323223003,-0.008864798370045746,0.1594356667819936,0.15080152231576519,-0.10974512743628186,-0.1961173259524084,0.008019067389382233,0.00805750970668512,-0.016030446315303887,0.10926844270172606,-0.12731326644370122,-0.20858801368546495,-0.06878099411832546,0.02261945950101872,0.04557721139430285,-0.12762080498212433,-0.07578518433091147,-0.06839657094529658,0.05035943566678199,-0.2794295160112252,0.01676853880751932,0.02487986775842848,0.007857609656710106,-0.03758120939530235,-0.01107138738323146,-0.08915542228885558,-0.01829854303617422,0.08608772536808519,-0.1662168915542229,0.031761042555645255,0.17030715411525008,-0.11452735170876101,-0.019982316534040673,0.18800599700149925,0.3801483873447891,0.1506938838273171,0.2324606927305578,0.07753815399992312,0.23084611540383654,0.06582093568600315,0.050174912543728134,0.1225233537077615,0.20053050397877983,0.0350132625994695,0.06329911967093377,0.17617345173567062,0.14372813593203398,-0.05398070195671395,-0.07926805827855303
#17,0.2471917887210241,0.0231038326990351,0.2764387037250605,0.16583246838119403,1.0,0.3063852689040095,0.2665590281782186,0.37180640449006264,0.15509937339022797,0.1165032868181294,0.16527889901203244,0.6195594510437089,0.5456348748702572,0.03574366662822435,-0.01750663129973475,0.005889363010802291,0.23670472456079653,0.21478491523469034,-0.473555529927344,-0.434913312574482,-0.36990735401530006,-0.2511359704763003,0.13803098450774612,-0.013055010956060431,-0.023388305847076463,0.06279936954599623,-0.43710452466074656,-0.4539883904201745,0.169853534771076,0.041625341175566065,0.16118863645100526,0.2497136047360935,0.2409641333179564,0.16907699996155767,0.13770806904240188,0.07586206896551724,0.14786452927382462,0.35892053973013494,-0.10310998346980356,0.1452504516972283,-0.07360934917156806,-0.04520047668473456,0.029985007496251874,0.1497405143582055,0.17014569638257795,0.3082920078422327,0.08560335217006881,-0.2365432668281244,-0.03988774843347557,0.0008611079075846692,-0.1222850113404836,-0.06163072309998847,-0.17987160266020835,0.05591050628531888,-0.024941375466113098,0.02380348287394764,-0.1726444470072656,-0.04217122208126706,0.13706992657517394,0.1866989582132011,-0.08292007842232729,-0.044700726559797024,-0.023034636527889903,-0.12563718140929536,-0.4258947449352247,-0.32961211701841386,0.09239226540575866,0.07580056125783262,0.24760696574789529,0.013831545765578749,0.21117133740821897,-0.037512013224157155,-0.07164879098912083,0.2264021835236228,-0.1093914581170953,0.09662092030907624,-0.30882251182101256,-0.1452581401606889,-0.21156344904470842,-0.15034021450813054,0.43030792296159615,0.3048937069926575,-0.0735247760735017,0.31678775996617076,0.4002998500749625,-0.04320916464844501,-0.08100565102064353,0.039641717602737096,-0.05892438396186522,0.3958251643409065,0.4138930534732634,0.09180794218275477,0.19191942490293315,0.08717179871602661,-0.29412985814784914,-0.05760196824664591,0.19341867527774576,0.23387537000730405,0.32379963864221734,0.009579825471879445,-0.09694383577442048,0.3784876792373044,0.35354630377119134,0.31614192903548227,0.18677584284780688,0.11108292007842233,0.0866951139814708,-0.19225771729519855,0.06732018606081575,-0.1434821051012955,-0.1117748817898743
#18,0.10820743474416637,0.003090762311152116,0.10004228654903317,0.13938415407680774,0.3063852689040095,1.0,-0.007773036558643755,0.32472994272094724,0.11460423634336678,0.2848960135316957,0.11767962172759774,0.504540037673471,0.4828047514704186,0.07803021566140007,-0.10160304463153039,-0.17358243954945604,0.36527121054857187,0.36918463845000576,-0.21659170414792603,-0.2692423019259601,-0.24333218006381424,-0.250013454811056,0.046476761619190406,0.08711797947180255,-0.05861684542344212,-0.11091377388228962,0.14859493330257947,-0.07926805827855303,0.39797024564640754,0.17238303924960596,0.2855034021450813,-0.012086264560027678,0.07276361819090454,0.18293929958097874,0.1345711759504863,0.11095221619959252,0.14973282589474493,-0.05283512090108792,-0.08782531811017569,-0.05266597470495522,0.053527082612539884,-0.035897435897435895,0.22074347441663783,0.12607542382654827,0.1144965978549187,0.09199246530580864,0.10543189943489793,-0.011632645215853612,0.06928843270672357,0.13634721100987968,0.11583439049705917,-0.18987429362241956,-0.034129089301503095,-0.2233806173836159,-0.17199092761311652,-0.2835428439626341,-0.1932956598623765,-0.09772805904739938,0.14591934801829853,-0.12441471571906354,0.04572329220005382,-0.0918694498904394,0.03741206319916965,-0.08238957444354746,0.04186368354284396,-0.11604966747395533,0.08953984546188444,0.08572636758543806,-0.02949294583477492,-0.10012685964709953,-0.09624418559950794,0.016753161880598163,-0.06945757890285627,0.07278668358128627,-0.32023988005997,-0.17554299773190327,-0.2264021835236228,-0.14312074731864838,0.10989120824203283,-0.07717679621727598,-0.030623149963479798,0.2449467573905355,-0.11979394917925652,0.38992042440318303,0.4674124476223427,0.22794756467919886,0.07779956175758275,0.09766655133971476,0.23084611540383654,0.24170991427363242,0.39392611386614385,0.14701110982970053,0.12249259985391919,-0.02004382424172529,0.11515011724906778,-0.043447507015722905,0.00532810517818014,0.14328989351478108,-0.07490101103294507,0.2922538730634683,-0.004566947295582977,0.04874485834006074,0.1730134932533733,0.07344789143889593,-0.3004882174297467,0.31727982162764773,-0.21689924268634914,-0.1603890362511052,-0.013293353323338331,0.11126744320147619,0.009333794641140968
#26,0.07368623380617384,0.3463345250451697,0.4427324799138892,0.0913927651558836,0.2665590281782186,-0.007773036558643755,1.0,0.013577826471379695,-0.04243262983892669,0.3398070195671395,0.1977242148156691,0.03413677776496367,0.1497789566755084,0.3059854688040595,0.059039710913773885,0.0767923730442471,0.24721485411140584,0.3747203321416215,0.062130473224926,-0.12931226694345135,-0.10726944220197593,-0.1184100257563526,0.10492446084649983,0.16503286818129398,0.19042786299158113,0.27130281013339486,-0.15101679929266137,0.026755852842809364,0.1425364240956445,-0.07497020720409026,0.06524430092645984,0.1552838965132818,0.07599277284434705,0.29984238649905814,0.030853803867297122,-0.14398185522623302,0.08631069080844193,0.14721100987967556,-0.02345750201822166,0.174274401260908,0.23762734017606582,-0.07107215622957752,0.015507630799984623,0.05594894860262176,0.21144812209279976,0.03153038865182793,0.019459501018721407,0.07371698766001615,-0.034190597009187716,0.0716564794525814,0.04862953138815208,0.10613923807327105,0.09815092453773114,0.18076346442163532,0.10467074155230077,0.050128781762964675,-0.24427786106946528,-0.31370468611847924,-0.11355860531272825,-0.04847576211894053,-0.4278629915811325,-0.3452965824779918,-0.15999692461461576,-0.10771537308268943,-0.038296236497136045,0.2208588013685465,0.11787183331411218,0.4326990350978357,0.34805674086033905,0.25907815323107675,0.29410679275746743,0.1378003306039288,-0.19517933341021798,-0.00891092915080921,-0.13042709414523507,0.06291469649790489,-0.34171375850536273,-0.14357436666282244,0.19880059970014993,0.02638680659670165,0.21067158728328145,0.11039864683043094,-0.04755314650367124,0.11864067966016992,0.009556760081497712,-0.3558374658824434,-0.44155614500442086,0.08880944143312959,-0.02484911390458617,0.1386845039018952,0.2719640179910045,0.19386460615845924,0.22781686080036906,-0.2539653250297928,-0.2329373774651136,0.33059624034136775,0.39012801291661864,0.04566947295582978,0.41053319494099105,-0.12014761849844309,0.10340983354476607,0.17442048206665897,0.42650213354861033,0.18017914119863146,0.20480528966286088,-0.1338561488486526,0.19766270710798448,-0.2052050897628109,-0.016091954022988506,-0.3616806981124822,-0.1480413639334179
#49,0.4054741859839311,0.14077576596317226,-0.026010071887133356,-0.09957329027793796,0.37180640449006264,0.32472994272094724,0.013577826471379695,1.0,0.30558566870410947,0.3227155652942759,0.28641832929689004,0.5582132010917618,0.37595048629531386,0.055925883212240034,0.14218275477645792,-0.0527044170222581,0.2810902241187099,0.2833275669857379,-0.3488332756698574,-0.41586898858263177,-0.08296620920309077,-0.5588205897051475,0.1756429477568908,-0.3299580978741399,0.23676623226848115,-0.20169146196132703,-0.2912466843501326,-0.3919424902933149,0.4468919386460616,-0.14561949794333603,0.35313881520778073,-0.09374543497482028,0.322915465344251,0.03005420366739707,0.041894437396686274,-0.3421596893860762,0.39903125360396724,-0.1694460462076654,0.06894245185099758,-0.03575135509168493,0.20133779264214047,-0.3076000461307808,0.07493176488678738,-0.11396609387613886,-0.007780725022104333,0.035197785722523356,0.042417252912005536,-0.17252912005535695,-0.3683850382501057,-0.14577326721254757,-0.16593241840618153,-0.1245684849882751,-0.01611501941337024,-0.19682466459078155,0.20881866758928228,-0.26554415100142237,-0.18995117825702534,-0.3452581401606889,0.24698420020758852,0.17419751662630223,0.054941759889286124,0.09482181985930112,-0.25112059354937916,0.1558374658824434,-0.2995656018144774,-0.32220812670587784,0.02008226655902818,0.07576211894052974,0.10364817591204398,-0.16881559220389805,0.21553838465382694,0.001068696421020259,-0.020620459001268597,0.3220466689732057,-0.35149348402721714,-0.1261292430707723,-0.36297235997385924,0.07680006150770768,0.0627763041556145,-0.488055972013993,0.10275631415061699,0.35187790720024603,0.20171452735170875,0.3002037442817053,0.25150501672240805,0.26180755775958175,0.09027793795409987,0.1463422135086303,-0.03322185061315496,0.2870641602275785,0.10580094568100565,0.3373543997232153,0.2349748202821666,0.2904547726136932,-0.03373697766501365,0.16910006535193942,-0.05147426286856572,0.3772421481566909,0.28551877907200246,0.13250297927959098,-0.10626994195210088,0.3224618460000769,0.3114904086418329,0.3491331257448199,-0.04433936877714988,0.1719986160765771,0.09858147849152347,-0.13559374159074308,-0.19013570138007918,0.09011648022142775,0.09366855034021451
#50,0.12079344942913159,0.1043170722331142,0.1282051282051282,0.05657940260638911,0.15509937339022797,0.11460423634336678,-0.04243262983892669,0.30558566870410947,1.0,0.026186906546726636,0.12352285395763657,0.18821358551493483,0.3071694921769884,0.14648060585092068,-0.03847307115672933,-0.020804982124322455,0.3229385307346327,0.30965286587475493,-0.09242301925960097,-0.13661630723099988,-0.11702610233344866,-0.2357282897013032,0.06595932802829355,-0.2221504632299235,0.04397032253104217,-0.02638680659670165,-0.06605927805328105,-0.1614807980625072,0.3900741936723946,-0.09752047053396379,0.295060162226579,-0.18813670088032908,0.11255910506285319,0.03430592396109638,-0.17209087763810402,-0.1346096182677892,0.2952677507400146,0.02407257909506785,0.12746703571291276,-0.19855456886941145,-0.012847422442624842,-0.2128935532233883,0.014231345865528775,-0.09745127436281859,-0.17435897435897435,-0.1496098104793757,0.08742551801022566,-0.057786491369699766,-0.21013339484104102,-0.05168953984546189,0.012193903048475762,0.0031292046284550033,0.032760542805520314,-0.10167224080267559,-0.014162149694383577,-0.013577826471379695,-0.29293814631145965,-0.18486910390958367,-0.12889708991658017,0.054918694498904394,-0.05961634567331719,0.027201783723522853,-0.14376657824933686,0.03166878099411832,-0.14595779033560144,-0.14093722369584438,0.054949448352746705,0.18746780455925882,0.3104140237573521,0.10481682235805174,0.333648560335217,0.2175220082266559,0.014692653673163419,0.22720947218698342,-0.2706800445930881,-0.10560873409449122,-0.2528658747549302,0.13485564909852765,0.1429362241955945,-0.2413101141736824,0.24638450005766346,0.24520816514819513,0.271664167916042,0.2677430515511475,0.15640641217852613,-0.07891438895936648,-0.15441510014223658,-0.14936377964863723,0.13975320032291547,0.24694575789028564,-0.05316572482989275,-0.0716564794525814,0.016683965709452967,-0.09562910852266175,-0.09881213239534078,0.12832814362049744,0.16384884480836504,0.4177603505939338,0.11720293699304193,0.2655518394648829,0.018844423941875216,0.14536577864913697,0.1856071964017991,0.15044785299657865,-0.011932495290816131,0.11159035866682043,0.06776611694152923,-0.09939645561834468,-0.09742052050897627,-0.00438242417252912,-0.14565025179717833
#51,0.5549763579748587,0.34023757352093187,0.505431899434898,0.553369469111598,0.1165032868181294,0.2848960135316957,0.3398070195671395,0.3227155652942759,0.026186906546726636,1.0,0.5724061046399876,0.13482489524468536,0.3230077269057779,-0.017314419713220314,-0.02226579018183216,-0.10866874255180102,0.6201745281205551,0.47338638373121134,0.05632568331219006,-0.26911928651059086,0.06258409256910007,-0.14528120555107063,0.32838965132818204,0.13517856456387192,0.331611117518164,0.16916926152308462,0.07930650059585592,0.15577595817475878,0.2839733979164264,-0.15433052704417022,-0.0431784107946027,0.0684965209702841,0.08447314804136394,0.3821320109176181,-0.05600276784684581,-0.1358243954945604,0.21291661861377004,-0.025441125591050627,0.14890247184100258,0.08335832083958021,0.17854149848152848,-0.21814477376696267,-0.047560834967131815,-0.14487371698766002,0.22309614423557453,0.05345788644139469,0.044154845654096025,0.09577518932841271,-0.13478645292738245,-0.024818360050743858,0.15007111828701034,0.014823357551993235,0.26262253488640297,-0.025433437127590053,0.16610925306577481,-0.17898742936224196,-0.1715911275131665,-0.30663898819820856,0.06320685810940684,0.00897243685849383,-0.18473840003075384,-0.09796640141467727,-0.2753315649867374,0.03520547418598393,0.18282397262907008,0.17052243109214624,-0.12270018836735479,-0.005335793641640718,0.11267443201476185,0.05273517087610041,0.16739322646369123,0.24024141775266214,-0.19838542267327874,-0.038004074885634107,-0.24896782378041749,-0.015884365509552915,-0.27122592549878904,-0.1184100257563526,0.09705147426286856,-0.16905393457117596,0.01856763925729443,-0.08162072809748971,0.2504516972283089,0.024003382923922654,0.08864029523699689,-0.050590089570599316,-0.15303117671933264,0.03706608234344366,-0.04242494137546611,0.11688770999115827,0.0012916618613770037,0.38324683811940186,0.42384961365471113,-0.11835620651212855,-0.025087456271864067,0.47096451774112946,0.3302271940952601,0.3894898704493907,0.4678199361857533,0.2946834275170107,0.2506592857417445,0.1702302694806443,0.2987044939068927,0.204966747395533,0.10673124975973551,0.15833621650713106,0.15592972744397032,-0.16568638757544304,-0.06936531734132934,-0.1841463883442894,0.014000691961711453
#52,0.26817360550493985,0.34026832737477414,0.27161034867181794,0.42740937223695846,0.16527889901203244,0.11767962172759774,0.1977242148156691,0.28641832929689004,0.12352285395763657,0.5724061046399876,1.0,0.24207127205627954,0.36241110214123706,0.07269442201975936,0.1199015876677046,-0.14942528735632185,0.5068081343943412,0.27513935340022294,-0.254780302156614,-0.3934032983508246,-0.08881712989659017,-0.3394072194671895,0.4428016760850344,0.05306577480490524,0.2917003036943067,-0.039257294429708225,-0.27310191058316996,-0.16165763272210049,0.342690193364856,-0.21025641025641026,0.1781263214546573,-0.023319109675931263,0.18364663821935187,0.20329066236112714,0.05901664552339215,-0.14656517894898705,0.37451274362818593,-0.17433590896859263,0.20023065390381733,-0.06263791181332411,0.018836735478414638,-0.4834967131818706,0.025541075616038134,-0.34122169684388576,0.23337561988236652,0.0667589282281936,0.015953561680698114,-0.11191327413216469,-0.38562257332872024,-0.3473340252950448,-0.24426248414254412,-0.2110560104563103,-0.13328720255256987,-0.25108983969553683,0.13873832314611925,-0.25814016068888634,-0.04326298389266905,-0.23866528274324375,0.12097028408872487,0.07940645062084342,0.05957021489255372,0.14149079306500595,-0.15967400914927152,-0.24413946872717487,-0.29096221120209126,-0.17671164417791105,-0.03775804405489563,-0.17537385153577056,0.2799292661361627,0.057971014492753624,0.22141237073770806,0.14737246761234768,-0.035105524160996424,-0.14047591588820973,-0.13268750240264482,-0.04965978549186945,-0.18593780033060392,0.03204551570368662,0.12441471571906354,-0.3020028447314804,0.09459885441894438,-0.08445777111444278,0.24520047668473455,0.23185330411717217,0.10286395263906509,0.10746934225195094,0.024641525391150578,0.04989812785914735,-0.12829738976665514,0.2792296159612501,-0.12394571944796832,0.48867873755429975,0.3842232729788952,0.11625725598739092,0.07908353515549918,0.4056510206435244,0.2988198208588014,0.19664014146772768,0.25816322607926806,-0.02241187098758313,-0.05442663283742744,0.3537538922846269,0.07091838696036597,0.16211894052973513,0.04972129319955407,-0.07603890362511052,0.13902279629416062,0.015792103948025986,0.12079344942913159,0.09239226540575866,-0.049913504786068506
#53,0.2023142275016338,0.0041210164148694885,-0.0388574943297582,0.03529004728405028,0.6195594510437089,0.504540037673471,0.03413677776496367,0.5582132010917618,0.18821358551493483,0.13482489524468536,0.24207127205627954,1.0,0.6586937300580479,0.1276592472994272,0.09466805059008956,-0.1650482451082151,0.21579210394802598,0.15895129358397725,-0.5845384999807789,-0.4683273747741514,-0.17341329335332334,-0.4421942874716488,0.2247414754161381,-0.13753892284626917,0.10849959635566832,-0.2428708722561796,-0.34791834851804865,-0.5106293007342483,0.360665820935686,-0.020535885903202246,0.5186637450505517,0.0470226425248914,0.2949371468112098,0.08906316072732864,0.2838657594279783,-0.08456540960289086,0.47350171068311997,-0.017568139007419367,-0.07909122361895975,-0.2371275900511283,0.01619959251143659,-0.2524353208011379,0.3084380886479837,-0.012409180025371929,0.14146003921116365,0.203675085534156,0.002129704378579941,-0.2485526467535463,-0.1900280628916311,-0.13272594471994772,-0.2022450313304886,-0.3795640641217853,-0.18622227347864528,-0.26436781609195403,0.031676469457578904,-0.37049167723830395,-0.16916926152308462,-0.03743512858955138,0.06875792872794372,-0.121331641871372,0.09106216122707878,0.12712874332064736,-0.15157805712528352,-0.06877330565486488,-0.508814823357552,-0.4743397532003229,0.03023103832699035,-0.000553569369161573,0.08783300657363625,-0.11577288278937455,0.06329143120747319,-0.17269826625148965,0.07466266866566716,0.15354630377119133,-0.15074770307154114,-0.042463383692769,-0.2754315150117249,-0.12379195017875677,0.021150962980048437,-0.3649867374005305,0.3914196747779956,0.5263368315842079,-0.0120785760965671,0.5872755929727443,0.597962557182947,0.30077269057778805,0.12735939722446468,0.2925921654557337,0.06479068158228578,0.6024372429170031,0.3466881943643563,0.3897282128166686,0.1723369084688425,0.18395417675777495,-0.05481105601045631,-0.1289201553069619,-0.16823126898089416,0.22458001768346597,0.051543459039710915,0.0471917887210241,-0.347057240610464,0.40781147887594665,0.24922154307461653,0.1731211317418214,-0.13272594471994772,0.11807942182754777,-0.0299081228616461,-0.21021796793910738,0.00636604774535809,0.04315534540422097,-0.0267097220620459
#54,0.3015415369238458,0.06657440510513973,0.23605120516664743,0.2015376926921155,0.5456348748702572,0.4828047514704186,0.1497789566755084,0.37595048629531386,0.3071694921769884,0.3230077269057779,0.36241110214123706,0.6586937300580479,1.0,-0.06402952369968862,0.018836735478414638,-0.10806904240187598,0.5475569907354015,0.35237765732518356,-0.30704647676161917,-0.31556529427593893,-0.1962172759773959,-0.22645600276784686,0.29055472263868065,0.07916041979010495,0.1621650713104986,0.02073578595317726,-0.19073540153000423,-0.23496713181870604,0.41475416138084803,-0.08080575097066851,0.2987121823703533,-0.08759466420635836,0.3849998077884135,0.25955483796563256,0.11944796832353054,-0.21668396570945297,0.41205551070618535,0.0588628762541806,-0.05599507938338523,-0.002037442817053012,-0.010502441087148734,-0.2387191019874678,0.24250951447353247,-0.11012186214585015,0.2607388613385615,0.0796832353054242,0.01785261215546073,-0.13398685272748243,-0.09995771345096682,-0.11084457771114443,-0.01051012955060931,-0.10809210779225771,0.0289547533925345,-0.014369738207819168,0.09375312343828086,-0.11523469034713413,-0.25820166839657094,-0.14013762349594433,-0.06637450505516472,-0.14282089724368585,-0.20878791373543998,-0.10048821742974666,-0.2926613616268789,-0.20804982124322455,-0.27651558835966633,-0.18735247760735016,-0.11851766424480067,0.0242263483642794,0.29681313189559067,0.008641832929689001,0.27861453888440396,0.04269403759658632,-0.058678353131126744,0.08461922884711491,-0.1362626379118133,0.08570330219505631,-0.3306961903663553,-0.2194287471648791,-0.0009149271518087111,-0.19864683043093836,0.5301656863875754,0.3314881021027948,0.10924537731134433,0.507069542152001,0.5424518509975781,-0.1079614039134279,-0.17292892015530698,0.15596048129781262,0.04503901895206243,0.551970168761773,0.3474877945642563,0.2262022834736478,0.036151155191634955,-0.10158766770460924,-0.2558105562603314,0.1441971322031292,0.23864221735286203,0.37456656287240997,0.1631491946334525,0.10039595586821974,-0.06605158958982048,0.4034290547034175,0.1733594741090993,0.19852381501556915,-0.09431438127090301,0.19065851689539845,0.040233729289201554,-0.29217698842886247,0.047430131088302005,-0.1560373659324184,-0.2743858839810864
#58,-0.25037481259370314,0.1747203321416215,0.13000422865490333,-0.11382001307038789,0.03574366662822435,0.07803021566140007,0.3059854688040595,0.055925883212240034,0.14648060585092068,-0.017314419713220314,0.07269442201975936,0.1276592472994272,-0.06402952369968862,1.0,0.36328758697574287,-0.14806442932379965,0.12414561949794334,0.21010264098719872,-0.3113750816899243,-0.10711567293276439,0.23092300003844232,-0.3955099373390228,0.16920001537692692,-0.019997693460961828,0.13158805212778227,-0.28468073655479953,-0.1920731941721447,-0.2135086303002345,0.15905124360896475,-0.3291892515280821,0.20709645177411296,0.19045092838196287,-0.137523545919348,-0.1478799062007458,-0.08444239418752163,-0.07940645062084342,0.18656825433437127,-0.2846576711644178,-0.17452812055510705,-0.16747011109829701,0.07278668358128627,-0.28610310229500635,-0.04703033098835198,-0.04725329642870872,-0.007096451774112943,0.23203013877676545,-0.014100641986698957,-0.18156306462153537,-0.09615961250144159,-0.01669934263637412,-0.19387229462191982,-0.2139776265713297,-0.0970745396532503,-0.3249682850882251,0.1427978318533041,-0.20390573943797333,0.1605658709106985,0.09667473955330028,-0.1349017798792911,0.0898243186099258,-0.039387998308538036,-0.007219467189482182,0.12328451159035866,0.10060354438165532,-0.24147157190635452,-0.07542382654826434,0.6294621919809326,0.466205358859032,0.3105139737823396,0.19338792142390343,0.3639257294429708,0.166924230192596,0.2631607273286434,-0.017014569638257794,0.2179371852535271,0.28657209856610155,0.017583515934340523,0.15856687041094839,0.538907469342252,-0.3428977818782916,0.010794602698650674,0.23770422481067158,0.1234459693230308,0.10558566870410949,0.07857609656710106,-0.14711105985468803,-0.18187060315995848,0.21174797216776228,-0.16441779110444776,0.27264829123899587,0.03493637796486372,0.11818706031599585,0.19075846692038595,-0.32682120478222426,-0.16033521700688116,0.13401760658132472,-0.1364779148887095,0.019228847114904087,0.14754161380848038,0.0371199015876677,-0.1268135163187637,0.2187444739168877,0.457109906585169,0.0033829239226540577,0.11838696036597086,-0.1704916772383039,0.12606773536308769,0.03199169645946258,0.023465190481682236,-0.14320532041671472,-0.09296121170184139
#101,-0.07297889516780072,-0.06725098988967054,-0.0884327067235613,-0.2339215007880675,-0.01750663129973475,-0.10160304463153039,0.059039710913773885,0.14218275477645792,-0.03847307115672933,-0.02226579018183216,0.1199015876677046,0.09466805059008956,0.018836735478414638,0.36328758697574287,1.0,0.1988390420174528,0.13630108022911622,-0.1764886787375543,-0.20505900895705992,-0.07952946603621266,0.42035905124360895,-0.15429208472686734,0.23107676930765386,-0.024510821512320764,0.2782608695652174,-0.08857109906585169,-0.423741975166263,-0.4342674816437935,0.08467304809133895,-0.46801214777226774,0.009856610156460232,-0.14131395840541267,-0.1208242032829739,-0.3772959674009149,-0.028931688002152768,-0.32798985122823204,0.11817937185253527,-0.17149886595163957,-0.28661822934686504,-0.11441202475685235,0.0787375542997732,-0.30807673086533655,0.17096067350939914,-0.004966747395533003,0.1854303617422058,0.10983738899780879,-0.2155076307999846,-0.3363010802291162,-0.37306731249759734,-0.3717372083189175,-0.3608426555952793,-0.3147503171491178,-0.23189943489793566,-0.14072194671894822,0.26266097720370585,0.08271248990889171,0.15469188482681737,0.03660477453580902,-0.1262061277053781,-0.0794525814016069,-0.06439856994579633,0.052196978433859995,-0.048867873755429975,0.19407219467189482,-0.39699381078691426,-0.23866528274324375,0.40929535232383807,0.4342982354976358,0.41413908430400187,0.017991004497751123,0.28187444739168876,0.14728020605082073,0.23492868950140314,-0.1806712028601084,0.22274247491638796,0.07795333102679429,-0.07857609656710106,0.0636989197708838,0.5092915080921078,-0.211425056702418,0.049605966247645406,0.2545342713258755,0.0699573290277938,0.009848921692999654,0.07572367662322685,-0.16802368046745858,-0.1460039211163649,0.2423941875216238,-0.2604697651174413,0.16239572521431592,-0.05719447968323531,0.16935378464613846,0.012808980125321955,-0.16657824933687002,-0.14784915234690346,0.15599123515165494,-0.1699842386499058,-0.20681966708953214,-0.07773805404989813,-0.16949217698842886,-0.4809364548494983,0.03828085957021489,-0.09143889593664706,0.0042978510744627685,-0.09578287779187329,-0.2929996540191443,-0.23536693191865607,-0.06835044016453312,0.1955406911928651,-0.08313535539922347,0.035543766578249335
#102,0.14377426671279744,-0.2066428324299389,0.17589666705108983,-0.14761849844308614,0.005889363010802291,-0.17358243954945604,0.0767923730442471,-0.0527044170222581,-0.020804982124322455,-0.10866874255180102,-0.14942528735632185,-0.1650482451082151,-0.10806904240187598,-0.14806442932379965,0.1988390420174528,1.0,-0.2257640410563949,0.11471956329527544,0.1342943912659055,0.3756352592934302,-0.32253873063468264,0.5551993234152155,-0.4882866259178103,0.11689539845461884,-0.2901164802214278,0.6380578941298581,-0.42863952639065084,-0.23836543266828125,-0.2678891323568985,0.1062622534886403,-0.12757467420136087,-0.17967170261023335,-0.13904586168454233,0.13067312497597355,-0.27984469303809634,-0.0659055087840695,-0.5294122169684389,0.5324260946449852,-0.45674086033906125,0.5158958982047438,-0.12279244992888172,0.40794987121823706,-0.17305962403413677,0.568854034521201,-0.15129358397724216,-0.06653596278783686,-0.2589166954984046,-0.3503555914350517,-0.07859147349402222,-0.07207934494291315,-0.13965325029792797,0.380732710567793,-0.34061430823050015,0.5100219121208627,-0.35397685772498366,0.6772690577788029,-0.45536462537961786,-0.053750048052896626,0.007427055702917772,0.15625264290931457,-0.4597239841617653,-0.3806865797870296,0.015992003998001,0.3446968823280667,-0.16994579633260293,0.09899665551839465,0.25892438396186523,0.3510014223657402,0.43318340829585206,0.48987044939068924,0.2936993041940568,0.1443739668627225,-0.07905278130165687,0.09249990389420674,-0.04866797370545496,-0.21271671856379504,-0.34425863991081385,-0.4204820666589782,-0.26068504209433746,0.41147887594664206,0.11961711451966324,-0.03047706915772883,-0.04018759850843809,0.11937108368892477,0.026748164379348786,-0.3120132241571522,-0.21655326183062315,-0.26486756621689156,-0.08080575097066851,-0.23411371237458195,-0.025187406296851574,-0.21014877176796218,-0.23383692769000114,0.02362664821435436,-0.16033521700688116,0.08068273555529927,0.2732479913889209,-0.10836120401337793,0.013024257102218122,-0.018021758351593434,0.04500826509822012,-0.1499481028716411,-0.13298735247760735,0.2516280321377773,0.052627532387652325,-0.13962249644408564,-0.11235920501287817,-0.383808095952024,-0.22545650251797178,-0.348548802521816,-0.33237996386422175
#201,0.39657863376004304,0.2549340714258255,0.5947718448468073,0.4034598085572598,0.23670472456079653,0.36527121054857187,0.24721485411140584,0.2810902241187099,0.3229385307346327,0.6201745281205551,0.5068081343943412,0.21579210394802598,0.5475569907354015,0.12414561949794334,0.13630108022911622,-0.2257640410563949,1.0,0.5967093376388729,-0.06835812862799369,-0.42209664398569946,0.15094760312151617,-0.3166416791604198,0.5062084342444163,0.23111521162495674,0.48841732979664015,0.13464806058509207,-0.019628647214854113,-0.0496444085649483,0.5558220889555222,-0.3849998077884135,0.15769807403990313,-0.013839234229039326,0.3295275439203475,0.2551570368661823,-0.07557759581747588,-0.39178872102410334,0.37806481374697265,-0.1641025641025641,0.17110675431515013,0.02328066735862838,0.1614807980625072,-0.5127128743320647,0.03702764002614078,-0.4045361934417407,0.34594241340868026,0.09443739668627225,-0.10885326567485488,-0.091185176642448,-0.25505708684119477,-0.18613001191711837,0.05593357167570061,-0.03482873947641564,0.28392726713566296,-0.03474416637834929,0.36364125629492944,-0.18666051589589822,-0.0336831584207896,-0.3313804636143467,0.06297620420558951,0.018959750893783878,-0.08565717141429285,0.0849959635566832,-0.3660400568946296,-0.1584207896051974,-0.03975704455464575,-0.028016760850344057,-0.044669972705954714,0.08368892476838503,0.35487640794987124,0.0899627109522162,0.4549725137431284,0.4398416176527121,-0.15541460039211163,-0.10721562295775189,-0.10887633106523661,0.11736439472571407,-0.20891861761426977,0.07349402221965941,0.2095952023988006,-0.40008457309806633,0.1780494368200515,0.060508207434744166,0.21207088763310653,0.24461615346173068,0.20451312805135893,-0.20650444008764848,-0.2450774612693653,0.17103755814400493,-0.007988313535539922,0.313035789797409,0.1192557567370161,0.274847191788721,0.33104985968554185,-0.27177180640449006,-0.18112482220428247,0.6064967516241879,0.4458616845423442,0.5064237112213125,0.4118940529735132,0.22220428247414753,0.20702725560296775,0.42308076730865335,0.3083612040133779,0.24451620343674316,0.06615922807826856,0.18732172375350786,0.17508168992426865,0.0018144773766962672,0.00994887171798716,-0.08913235689847385,0.019321108676431015
