,#10,#11,#12,#13,#17,#18,#26,#49,#50,#51,#52,#53,#54,#58,#101,#102,#201,#202,#301,#302,#401,#402,#501,#502,#601,#602,#701,#702,#801,#802,#901,#902,#1001,#1002,#1101,#1102,#1201,#1202,#1301,#1302,#1401,#1402,#1501,#1502,#1601,#1602,#1701,#1702,#1801,#1802,#1901,#1902,#2001,#2002,#2101,#2102,#2201,#2202,#2301,#2302,#2401,#2402,#2501,#2502,#2601,#2602,#2701,#2702,#2801,#2802,#2901,#2902,#3001,#3002,#3101,#3102,#3201,#3202,#3301,#3302,#3401,#3402,#3455,#3501,#3502,#3601,#3602,#3701,#3702,#3801,#3802,#3901,#3902,#4001,#4002,#4101,#4102,#4201,#4202,#4301,#4302,#4401,#4402,#4501,#4502,#4601,#4602,#4701,#4702,#4801,#4802
#10,1.0,0.8145850151847154,0.5742052050897628,0.5835774420482067,0.37964094875639104,0.21563064621535386,0.1401837542767078,0.7643562833967632,0.6833967631568831,0.759427978318533,0.5886441394687272,0.3004805289662861,-0.10406335293891515,-0.12053204167147195,-0.24570791527313265,-0.23575135509168493,0.5669088532656749,0.010087264060277554,-0.053665474954830275,0.15293122669434514,-0.22376504055664476,-0.15227001883673547,0.3181255526083112,0.0922077422827048,0.24071810248721792,0.16232652904317071,-0.11927882212739783,0.0548494983277592,0.00657363625879368,0.049252296928458845,-0.1607734594241341,-0.07275592972744398,0.014592703648175913,0.2261330873025026,-0.1703302195056318,-0.21392380732710567,0.03289893514781071,-0.038273171106754315,0.13162649444508515,0.21768346595932803,0.032437627340176065,0.07247914504286318,-0.16953061930573174,-0.11641871372006304,-0.2800292161611502,-0.17988697958712951,-0.2665436512512974,-0.048844808365048245,-0.22231192096259564,0.01992849728981663,0.3561065621035636,0.25265059777803406,0.24834505824011072,0.52902779379541,0.06998039441817552,0.39838542267327876,-0.19251912505285818,0.030753853842309616,-0.003298350824587706,-0.1148348902471841,0.08121323953407912,0.03746588244339369,-0.15816707031099836,0.09812017068388883,0.10175681390074194,0.20104563103063852,-0.12546803521316266,0.012186214585015185,0.05362703263752739,0.19209625956252643,0.24473148041363935,0.4564871410448622,-0.1709068542651751,0.1086072348441164,-0.27678468458078653,0.04210971437358244,-0.00515127051858686,0.1800253719294199,-0.00831891746434475,-0.15550686195363855,-0.00040748856341060236,0.038250105716372586,-0.08479606350670818,-0.17554299773190327,0.08157459731672626,0.19620958751393533,-0.014315918963595126,0.19231922500288318,0.25640256794679583,0.16894629608272788,-0.01640718102487218,0.1341021796793911,0.11541921347018798,0.07787644639218852,0.0418175527620805,0.2975512243878061,0.2384807596201899,0.3667627724599239,0.2636604774535809,0.12115480721177872,0.19623265290431707,0.016868488832506825,0.0009841233229539077,-0.10134163687387075,0.10328681812939684,0.02816284165609503,0.14295160112251568,0.023426748164379348,0.027886056971514243,-0.04586168454234421,-0.025248914004536195
#11,0.8145850151847154,1.0,0.4872102410333295,0.4931226694345135,0.25684081036404877,0.15867450889939647,0.21743743512858954,0.7423288355822089,0.7216314919463346,0.678122477222927,0.60838811363549,0.21499250374812592,-0.19418752162380348,0.04822973128820205,-0.20321377772652136,-0.2527351708761004,0.4616845423442125,-0.015407680774997117,-0.1673009649021643,0.2098719870833814,-0.06427555453042709,-0.025364240956444854,0.4127705378080191,0.17728059047399378,0.39676315688309693,0.26491369699765505,-0.08357359781647637,-0.10558566870410949,0.012716718563795026,-0.025664091031407373,-0.1028255103217622,0.07867604659208857,0.1106831199784723,0.28191288970899164,-0.0827816860800369,-0.057102218121708376,0.14706492907392457,0.06231499634797986,0.1837388997808788,0.1956867719986161,-0.09555222388805597,0.00986429861992081,-0.26095413831545766,-0.09878137854149849,-0.29160804213277974,-0.12873563218390804,-0.32455310806135396,-0.24037981009495252,-0.34176757774958677,-0.18297005343482106,0.28684119478722175,0.028270480144543114,0.01122515665244301,0.37075308499596354,0.049767423980317534,0.39428747164879097,-0.10843040018452313,0.04047207165647945,-0.042578710644677664,-0.2507438588398109,0.15581440049206166,0.12702879329565986,-0.046476761619190406,0.10184138699880829,0.02463383692769,0.1543382155076308,0.042686349133125745,0.07553146503671242,0.19025871679544842,0.25275823626648214,0.27340944912159304,0.4218352362280398,-0.16261100219121208,0.072063968015992,-0.1805712528351209,0.013408680275246991,0.0752623688155922,0.19796255718294697,0.06820435935878215,-0.05721754507361704,-0.03639718602237343,0.022042824741475415,-0.22233498635297735,-0.14493522469534464,0.11294352823588207,0.17532003229154652,0.11110598546880406,0.1840003075385384,0.13212624457002267,0.14368200515127053,-0.05746357590435552,0.2080651981701457,0.1372236958443855,0.10550109560604314,0.046692038596086574,0.27752277707300194,0.1694460462076654,0.26632837427440126,0.14070656979202706,0.028055203167646946,0.04539268827124899,-0.044785299657863376,0.04729942720947219,-0.06400645830930689,0.18775227770730019,-0.02105101295506093,0.13309499096605543,0.14334371275900512,0.03485949333025795,-0.035466881943643565,0.02869334563487487
#12,0.5742052050897628,0.4872102410333295,1.0,0.7816553261830623,0.4405566447545458,0.512835889747434,0.03841156344904471,0.4297543535924346,0.17349786645138968,0.711890208741783,0.5562603313727752,0.2604236343366778,0.05441125591050629,-0.44856802368046744,-0.051974012993503245,0.11720293699304193,0.8612693653173413,0.5265597970245647,0.006550570868411948,0.26295313881520777,-0.18207050320993348,0.02629454503517472,0.42638680659670164,0.13591665705608735,0.1233075769807404,0.1971398915926652,-0.05863222235036328,0.2063276054280552,0.2436550955291585,0.27494714181370855,0.10329450659285742,0.23493637796486372,0.2744858340060739,0.3206166147695383,-0.06024679967708454,-0.1098297005343482,0.0023526698189366853,0.1850690039595587,0.0865259677853381,0.36268019836235726,0.0919002037442817,0.3355245454195979,-0.009848921692999654,0.08067504709183869,-0.2284857571214393,-0.2599777034559643,-0.3101141736823896,-0.1170491677238304,-0.15250836120401337,-0.17453580901856763,0.3881982085880137,0.25390381732210815,0.4094260562026679,0.7366163072309999,0.17491254372813594,0.4973359474109099,-0.4398339291892515,-0.46796601699150425,-0.1552223888055972,-0.2700957213700842,-0.15017106831199784,-0.11728751009110829,-0.33448660285241993,-0.03461346249951947,0.5765963172260024,0.5000576634759544,-0.2775150886095414,-0.3099988467304809,0.34442009764348597,0.4237112213124207,0.4352439165032868,0.7095144735324646,-0.19817014569638258,-0.0725406527505478,-0.33489409141583054,-0.07051089839695537,-0.309560604313228,-0.12281551531926345,0.16793910736939222,0.09868142851651097,-0.016914619613270288,0.38699880828816363,0.16766232268481143,-0.2809364548494983,-0.119294199054319,-0.19117364394725714,-0.19209625956252643,0.20083804251720294,0.47037250605466496,0.16015069388382733,0.17848767923730444,-0.14867950640064584,-0.03307576980740399,-0.1592357667320186,-0.09582132010917618,0.6953984546188444,0.49498327759197325,0.5543228385807096,0.45739437973321034,0.4064659977703456,0.5742590243339869,0.3833929189251528,0.26459078153231075,-0.04321685311190559,0.047045707915273134,0.12376119632491446,0.321185561065621,-0.22873178795217775,-0.2927228693345635,-0.25112059354937916,-0.3242301925960097
#13,0.5835774420482067,0.4931226694345135,0.7816553261830623,1.0,0.2789067004959059,0.3612962749394534,0.08415792103948026,0.44187137200630455,0.25976242647906816,0.7360627378618383,0.504847576211894,0.1150040364433168,-0.09934263637412064,-0.3681159420289855,-0.08517279821627648,0.027486256871564217,0.7556836966132319,0.35316188059816245,0.03226079268058279,0.24909083919578673,-0.23485180486679738,0.012601391611886364,0.39158113251066773,0.0691039095836697,0.16904624610771538,0.18862876254180602,-0.15952792834352056,0.19541767577749586,0.12914312074731865,0.14351285895513782,0.06784300157613501,0.205112828201284,0.2195671395071695,0.3775804405489563,-0.06661284742244263,-0.08738707569292277,0.1076923076923077,0.19838542267327874,0.10772306154615,0.37608887863760426,-0.07520854957136816,0.20104563103063852,-0.15745973167262522,0.122423403682774,-0.3585284280936455,-0.22915465344250951,-0.3499404144081805,-0.16484065659477953,-0.17215238534578864,-0.2436166532118556,0.47484719178872103,0.1666858878253181,0.3763502863952639,0.570945296582478,0.17194479683235306,0.4750932226194595,-0.336977665013647,-0.315219313420213,-0.16404874485834006,-0.28295083227616963,0.07252527582362665,0.1550148002921616,-0.1703302195056318,0.1331795640641218,0.4004766847345558,0.4650905316572483,-0.27226386806596703,-0.2626302233498635,0.25687156421789104,0.43445200476684737,0.43379079690923766,0.6143620497443586,-0.13034252104716873,0.10969130819205782,-0.26915772882789374,0.0650905316572483,-0.08428093645484949,0.048706416022757854,0.05728674124476223,-0.01412370737708069,-0.13437896436397187,0.127936031984008,0.09620574328220505,-0.2718717564294776,-0.15986622073578596,-0.044723791950178754,-0.01586898858263176,0.03944181755276208,0.32850497828009073,0.02700188367354784,-0.045415753661630726,-0.0699188867104909,-0.10051897128358897,-0.040918002537192945,-0.023165340406719716,0.5088071348940915,0.41064083342943913,0.5372544496982278,0.2893168800215277,0.3750278706800446,0.3483873447891439,0.24742244262484142,0.15037096836197286,0.11525775573751586,0.11022950063429823,0.186045438819052,0.14230577019182716,0.009256910006535194,-0.08225887056471765,-0.05063622035136278,-0.17585053627032637
#17,0.37964094875639104,0.25684081036404877,0.4405566447545458,0.2789067004959059,1.0,0.7302502594856418,-0.06996501749125437,0.3796332602929305,0.12064736862338062,0.31690308691807945,0.4269788182831661,0.7018721408526506,0.4561488486525968,-0.1781955176258025,-0.241717602737093,-0.01856763925729443,0.36762388036750854,0.15220851112905087,0.14686502902394957,0.02741706070041902,-0.25142813208780224,-0.07632337677315189,0.24670741552300773,0.1071464267866067,0.1298043286049283,0.031345865528774074,-0.15472263868065966,-0.029915811325106678,0.23945719447968322,0.3413370237957944,-0.029677468957828777,0.16554799523315267,0.10857648099027409,0.13704686118479223,0.12618306231499635,0.04147926036981509,0.07231768731019106,0.0833967631568831,0.13693153423288357,0.24897551224387807,0.29086994964056434,0.20596624764540805,0.5095759812401491,0.15745973167262522,0.23576673201860607,0.01519240379810095,-0.24146388344289393,-0.070026525198939,0.07467804559258832,0.06554415100142237,0.10572406104639988,0.2004459308807135,0.17705762503363703,0.2429093145734825,-0.14990966055433821,0.07820705032099334,-0.34315150117249066,-0.17803405989313037,-0.03938030984507746,-0.0403874985584131,-0.24180986429861992,-0.2000384423173029,-0.04217122208126706,-0.000991811786414485,0.23727367085687925,0.2039441817552762,-0.1197708837888748,-0.14934071425825549,-0.10351747203321417,-0.020212970437857993,-0.09179256525583362,0.2847576211894053,-0.17322877023026947,0.009456810056510206,-0.10713104985968554,-0.13041171721831393,-0.23320647368623382,-0.11019874678045592,0.22424941375466112,0.20932610617768038,0.32768231268980896,0.5471725675623726,0.04683811940183754,0.06513666243801176,0.35581440049206164,-0.14463537462038212,-0.19956944604620766,0.4160227578518433,0.5189097758812902,0.5046015453811555,0.3202860108407335,-0.02707107984469304,0.20176065813247224,-0.15116288009841233,-0.08920155306961904,0.24105639487948333,0.3652250797678084,0.304739937723446,0.2602852419943874,0.13308730250259485,0.2545342713258755,0.18691423519009726,0.2521892899703994,-0.38096336447161033,-0.06916541729135432,-0.08753315649867374,0.06270710798446931,-0.2021758351593434,-0.18299311882520278,-0.39876215738284704,-0.20784992119324952
#18,0.21563064621535386,0.15867450889939647,0.512835889747434,0.3612962749394534,0.7302502594856418,1.0,-0.035928189751278206,0.2646215353861531,-0.06057740360588936,0.26866566716641677,0.3777803405989313,0.6515127051858686,0.40783454426632837,-0.24533118056356437,-0.04687656171914043,0.22441087148733327,0.37721908276630917,0.2826048514204436,0.15589897359012803,0.17674239803175334,-0.23043862684042593,0.03493637796486372,0.2713566293776189,0.15978933610118018,0.15829777418982816,0.047729981163264525,-0.14840272171606506,0.05421904432399185,0.36214200592011686,0.43379079690923766,0.13289509091608043,0.287909891208242,0.16586322223503633,0.21520009226156153,0.2581247837619652,0.14876407949871218,0.17126052358436167,0.19552531426594394,0.21756813900741936,0.3603044631530389,0.3664244800676585,0.34937915657555835,0.446538269326875,0.22863183792719025,0.10815361549994233,0.04273247991388921,-0.2375273901510783,-0.1368162072809749,0.11957098373889978,0.06545957790335602,0.11430438626840426,0.2505208933994541,0.2919002037442817,0.28545727136431787,0.013508630300234498,0.1134740322146619,-0.4026602083573598,-0.34026832737477414,-0.179986929612117,-0.08105947026486757,-0.36738553800023066,-0.20584323223003884,0.0627378618383116,0.146711259754738,0.3234382808595702,0.33748510360204514,-0.10645446507515473,-0.13134970976050436,-0.006635143966478299,0.11960942605620267,-0.12284626917310576,0.31140583554376655,-0.26398339291892514,-0.15203936493291817,-0.018644523891900203,-0.087310191058317,-0.37918732941221694,-0.23937262138161688,0.30627763041556144,0.2858493830008073,0.18702187367854534,0.6444393188021373,0.2911082920078422,-0.0680505900895706,0.26782762464921384,-0.3997924114865644,-0.30780763464421634,0.5048706416022758,0.5579287279437204,0.43276054280552034,0.38265482643293736,-0.1671702610233345,0.058163226079268056,-0.3529466036212663,-0.35123207626955755,0.3289662860877254,0.4859723984161765,0.34571944796832355,0.37797255218544573,0.22696344135624497,0.3819321108676431,0.291039095836697,0.3551762580248337,-0.27723830392496057,-0.03870372506054665,0.06407565448045208,0.16574020681966709,-0.22607926805827855,-0.2413101141736824,-0.5453042709414524,-0.3671702610233345
#26,0.1401837542767078,0.21743743512858954,0.03841156344904471,0.08415792103948026,-0.06996501749125437,-0.035928189751278206,1.0,0.16510975281589974,0.12073963018490755,0.21553838465382694,0.06639757044554646,-0.1850920693499404,0.0760773459424134,0.4133087302502595,-0.08358128627993695,0.11684926767385538,-0.026456002767846844,-0.09246146157690385,-0.1162341905970092,0.03195325414215969,-0.025948564179448737,0.015599892361511552,-0.06259946949602122,0.22025910121862147,-0.0803675085534156,0.050943758889785876,-0.3515396148079806,-0.22740168377349787,0.02641756045054396,0.15826702033598586,0.02857033021950563,0.1859839311113674,0.07523930342521047,0.10696190366355283,-0.07552377657325184,0.24373198016376427,-0.03359089685926268,-0.015515319263445201,-0.14442009764348596,0.032683658170914544,-0.15499942336524045,0.2917618114019913,-0.3118056356437166,0.010556260331372774,-0.26985737900280626,-0.02048975512243878,-0.22644831430438628,-0.2687271748741014,-0.27197170645446506,-0.1761503863452889,-0.11026025448814054,-0.1780186829662092,-0.2042517202936993,-0.03769653634721101,-0.28075193172644447,-0.11092915080921079,-0.03757352093184177,-0.11999384922923154,-0.12940452850497827,0.0329373774651136,0.05258909007034944,-0.10338676815438434,0.290093414831046,0.3001037942567178,-0.07008034444316304,-0.05042094337446661,0.3024257102218122,0.526790450928382,0.14357436666282244,0.3346788144389344,0.1336178064813747,0.22039749356091184,0.14526582862414947,-0.03109214623457502,0.26178449236920004,0.20787298658363126,0.12702879329565986,0.004866797370545496,0.052496828508822514,0.07264829123899588,0.07405528005228156,0.05732518356206512,-0.0684580786529812,-0.0008841732979664014,0.13685464959827778,-0.03026179218083266,0.013785414984815284,-0.2393649329181563,-0.01495406143082305,-0.17436666282243493,0.28131318955906665,-0.09090070349440664,0.10340983354476607,-0.09771268212047822,0.025049013954561182,-0.03523622803982624,0.004751470418636835,-0.041056394879483336,-0.041410064198669896,-0.2883173797716526,-0.17774189828162842,-0.03213008880175297,-0.006258409256910007,-0.016845423442125092,0.019551762580248336,-0.047537769576750086,-0.02073578595317726,-0.010971437358243954,0.09158497674239803,-0.031984007996002,0.1328412716718564
#49,0.7643562833967632,0.7423288355822089,0.4297543535924346,0.44187137200630455,0.3796332602929305,0.2646215353861531,0.16510975281589974,1.0,0.5738976665513397,0.6212586014684965,0.6042824741475417,0.35888209741283206,-0.021335486103102295,0.026279168108253564,-0.32043209164648445,-0.26428324299388767,0.3759043555145504,-0.07819936185753278,-0.09570599315726752,0.043778110944527736,-0.3081613039634029,-0.1875754430477069,0.3811094452773613,0.14985584131011417,0.3645792488371199,0.22727097989466805,-0.18855187790720024,-0.08357359781647637,-0.07987544689193865,0.022350363279898512,-0.11315880521277823,0.07028024449313805,-0.03675854380502057,0.2963979548687195,0.04063352938915158,0.003183023872679045,0.10219505631799485,-0.047099527159497175,0.17704224810671587,0.1768654134471226,0.12482989274593473,0.08977818782916235,-0.12751316649367625,-0.13102679429516012,-0.22350363279898514,-0.14570407104140237,-0.21450813055010956,-0.10722331142121247,-0.2220197593510937,-0.00032291546534425093,0.25983162265021337,0.13373313343328336,0.0980586629762042,0.3449198477684235,-0.08960135316956906,0.30151078307000345,-0.1661169415292354,0.03305270441702226,-0.0019298043286049282,-0.1361626878868258,0.1291969399915427,0.1093914581170953,0.05635643716603237,0.22556414100641986,-0.09893514781071003,0.04722254257486641,0.009341483104601546,0.1716603236843117,-0.008334294391265906,0.13094222119709376,0.20382116633990696,0.31709529850459384,-0.029861992080882634,0.07154884096413332,-0.2021066389881982,0.14959443355245455,0.13673932264636912,0.2260023834236728,-0.022288855572213894,-0.05547995233152654,0.09632875869757429,0.16084265559527927,-0.17745742513358706,-0.03366009303040787,0.15867450889939647,0.19191173643947257,0.030807673086533656,0.3403298350824588,0.2713335639872371,0.16448698727559297,-0.005420366739707069,0.1451505016722408,0.1248683350632376,0.09062391880982586,0.014431245915503786,0.1359243455195479,0.2805750970668512,0.3229615961250144,0.22727097989466805,0.038649905816322605,0.09710529350709261,-0.1407603890362511,0.08162072809748971,-0.0745473417137585,0.14312074731864838,0.03452888940145312,0.21869065467266366,0.13670088032906624,0.19797024564640756,0.008572636758543806,0.10899165801714528
#50,0.6833967631568831,0.7216314919463346,0.17349786645138968,0.25976242647906816,0.12064736862338062,-0.06057740360588936,0.12073963018490755,0.5738976665513397,1.0,0.4473609349171568,0.3859531772575251,0.05120516664744551,-0.2792988121323953,0.11016030446315304,-0.33104985968554185,-0.4295083227616961,0.1557682697112982,-0.2466766616691654,-0.3291200553569369,-0.12791296659362628,-0.16134240572021682,-0.22494906392957367,0.15819782416484066,-0.023588205897051476,0.32479913889209244,0.05069003959558682,-0.0842501826010072,-0.12978126321454658,-0.2530196440241418,-0.2880867258678353,-0.2599546380655826,-0.15579133510167992,0.015023257601968246,0.0333448660285242,-0.2297697305193557,-0.23435205474185983,-0.039218852112405334,-0.20665052089339944,0.07697689616730097,0.015507630799984623,-0.07861453888440395,-0.19168877099911583,-0.1629800484373198,-0.2886402952369969,-0.16016607081074846,0.007803790412486065,-0.06805827855303118,-0.15156268019836236,-0.12238496136547111,-0.034728789451428134,0.13637027640026142,0.14513512474531964,-0.04847576211894053,0.17490485526467536,-0.13040402875485335,0.0894860262176604,0.09912735939722446,0.15470726175373853,0.21066389881982087,0.022688655672163917,0.3336101180179141,0.34628070580094567,-0.0313381770653135,0.17881059470264868,-0.30287932956598623,-0.1891438895936647,0.1734286702802445,0.27902202744781457,-0.13909968092876637,-0.08312766693576289,0.21729904278629916,0.12429170030369431,-0.044816053511705686,0.10256410256410256,-0.10392496059662476,0.0942836274170607,0.3234844116403337,0.36033521700688115,0.015599892361511552,-0.30593933802329604,-0.0021604582324222504,-0.137869526775074,-0.13243378310844578,-0.23747357090685425,0.1762503363702764,0.4033367931418906,0.3767731518855957,0.14246722792449928,0.014285165109752815,0.037942567177949485,-0.04224041825241225,0.38297774189828165,0.29044708415023257,0.2660900319071234,0.2232422250413255,0.04078729865836313,-0.09120824203282973,0.20894168300465152,0.1341021796793911,0.07324799138892092,-0.00820359051243609,-0.13183408295852073,-0.11161342405720216,-0.03547457040710414,0.32007073386383733,0.1899281128666436,0.22725560296774688,0.3622650213354861,0.19272671356629378,0.22115096298004844,0.2970284088724868
#51,0.759427978318533,0.678122477222927,0.711890208741783,0.7360627378618383,0.31690308691807945,0.26866566716641677,0.21553838465382694,0.6212586014684965,0.4473609349171568,1.0,0.5808172836658594,0.1279975396916926,-0.00438242417252912,-0.19752431476569407,-0.03189943489793565,-0.016214969438357745,0.7067466266866567,0.15340791142890092,0.03544381655326183,0.21411601891362012,-0.1917272133164187,-0.06589013185714834,0.47507784569253836,0.1212624457002268,0.18130165686387575,0.20552031676469457,-0.23108445777111444,0.0030753853842309616,0.1949640564333218,0.22894706492907393,0.03831930188751778,0.22547187944489294,0.09427593895360012,0.45860915695998156,0.009902740937223696,-0.045054395878983584,0.1591973244147157,0.18498443086149233,0.23761196324914466,0.2939837773420982,0.03177641948256641,0.1860146849652097,-0.2015992003998001,-0.03029254603467497,-0.30978356975358473,-0.17922577172951987,-0.34895629108522663,-0.21120977972552185,-0.2830584707646177,-0.20774997116826202,0.41137892592165454,0.19042017452812054,0.3198323914965594,0.5535001729904279,0.1472263868065967,0.4106562103563603,-0.30929919655556837,-0.24895244685349632,-0.21332410717718064,-0.26150770768461923,0.005028255103217622,-0.0033444816053511705,-0.12607542382654827,0.08504209433744667,0.19299580978741399,0.24294775689078538,-0.1384769153884596,-0.07400146080805751,0.2031676469457579,0.315419213470188,0.36401030254103717,0.533886902702495,-0.08462691731057548,0.05472648291238996,-0.18299311882520278,0.13404836043516702,-0.1302195056317995,0.002344981355476108,0.07010340983354477,-0.02739399531003729,-0.02392649828931688,0.1282743243762734,-0.023411371237458192,-0.1794102948525737,-0.08684119478722177,0.08375043247606966,-0.056986891169799714,0.15390766155383848,0.280505900895706,0.013985315034790297,-0.009733594741090992,-0.06541344712259255,-0.0870718486910391,-0.07825318110175682,-0.10527813016568639,0.4677968707953715,0.4178526121554607,0.4764310152616,0.2275554530427094,0.1813247222542575,0.2831199784723023,0.17031484257871066,0.17801099450274863,-0.008280475147041864,-0.007288663360627379,0.007050320993349479,0.16096567101064851,-0.10003459808557259,-0.04906777380540499,-0.14608080575097065,-0.20118402337292893
#52,0.5886441394687272,0.60838811363549,0.5562603313727752,0.504847576211894,0.4269788182831661,0.3777803405989313,0.06639757044554646,0.6042824741475417,0.3859531772575251,0.5808172836658594,1.0,0.3030023449813555,0.0747164879098912,-0.25649482950832275,0.03738899780878791,0.03491331257448199,0.5419751662630223,0.04803751970168762,0.12251566524430092,0.17886441394687272,-0.13642409564448546,-0.09516011225156652,0.2748933225694845,0.04593088071348941,0.22951601122515666,0.15666013147272517,-0.12121631491946334,-0.08603390612386115,0.1494329758197824,0.28015992003998,-0.04115634490447084,0.2376350286395264,0.13559374159074308,0.3428055203167647,-0.03529004728405028,0.05288894014531196,0.19426440625840927,0.16663975704455464,0.22840118402337292,0.2724330142620997,0.13142659439511015,0.2977203705839388,-0.03479798562257333,0.22640987198708337,-0.3637642717102987,-0.24015684465459577,-0.2233114212124707,-0.15469957329027795,-0.1191558067120286,-0.1579056625533387,0.10433244916003537,-0.04827586206896552,0.1987006496751624,0.38335447660784994,0.06065428824049514,0.41927497789566753,-0.3115057855687541,-0.25435743666628224,-0.17509706685118978,-0.3661400069196171,-0.04441625341175566,-0.033721600738092494,-0.0780917233690847,0.09266136162687887,0.23264521585361164,0.19988467304809135,-0.22597162956983047,-0.161211701841387,0.20273709299196555,0.2730404028754853,0.2726406027755353,0.5136431784107947,-0.027786106946526737,0.06974205205089763,-0.185845538769077,0.07176411794102948,-0.14782608695652175,-0.01734517356706262,0.0419866989582132,0.04796063506708184,-0.07238688348133626,0.21525391150578557,-0.05932418406181525,-0.23852689040095337,-0.11174412793603199,0.030454003767347096,-0.11205166647445508,0.22138161688386576,0.3322338830584708,0.10430938376965364,-0.11481182485680237,-0.14189059316495597,-0.2427709222311921,-0.012955060931072925,-0.05133587052627532,0.4533733133433283,0.41702994656517894,0.39940029985007497,0.1418521508476531,0.23252220043824243,0.08978587629262291,0.017099142736324145,0.1932572175450736,-0.07608503440587398,-0.058678353131126744,0.015453811555760581,0.0287856071964018,-0.11202091262061277,-0.10921462345750202,-0.1524007227155653,-0.13063468265867068
#53,0.3004805289662861,0.21499250374812592,0.2604236343366778,0.1150040364433168,0.7018721408526506,0.6515127051858686,-0.1850920693499404,0.35888209741283206,0.05120516664744551,0.1279975396916926,0.3030023449813555,1.0,0.43571291277438207,-0.07760735017106832,-0.25930880713489407,-0.05980855725983162,0.16567869911198246,-0.007650021143274516,0.07938338523046169,0.06548264329373775,-0.13615499942336523,0.0655672163918041,0.1686695113981471,0.04166378349286895,0.22445700226809673,0.034505824011071384,-0.01474647291738746,0.02395725214315919,0.22943912659055088,0.23352170068811748,0.05238150155691385,0.034590397109137735,0.011325106677430516,0.13057317495098605,0.28415792103948023,0.05627186406796602,0.14154461230923,0.10728481912889709,0.12525275823626647,0.06501364702264252,0.32532964287087224,0.14571175950486295,0.5062468765617192,0.22856264175604504,0.13713143428285857,0.08930150309460655,-0.08632606773536308,-0.004859108907084919,0.05205089762810902,0.15499942336524045,0.04966747395533003,0.15543766578249338,0.0640372121631492,0.09830469380694268,-0.1009879675546842,0.02700188367354784,-0.33557836466382196,-0.06248414254411256,-0.06253027332487603,-0.15799792411486566,-0.2597239841617653,-0.11332795140891093,0.15523007726905777,-0.03588974743397532,0.18164763771960174,0.17956406412178527,-0.0156844654595779,-0.19527928343520548,-0.11782570253334872,-0.06498289316880021,-0.22594087571598817,0.12339215007880674,-0.1509399146580556,-0.0748856341060239,-0.1101372390727713,-0.23496713181870604,-0.23881136354899474,-0.1263060777303656,0.27300964902164304,0.15391535001729903,0.3288509591358167,0.5563064621535386,-0.09322261945950101,0.18606081574597316,0.47314035290047285,-0.0610079575596817,-0.12605235843616652,0.5701303194556568,0.3566524430092646,0.6721254757236766,0.23207626955752894,0.17898742936224196,0.1527082612539884,-0.0723715065544151,-0.10720793449429132,-0.008595702148925537,0.19100449775112444,0.16834659593280282,0.2396340291392765,0.053996078883635105,0.13826163841156344,0.039610963748894785,0.2552954292084727,-0.35568369661323185,0.1042171222081267,-0.10373274901011033,0.09357628877868758,-0.07374774151385846,-0.11584976742398032,-0.3885441894437397,-0.19274209049321492
#54,-0.10406335293891515,-0.19418752162380348,0.05441125591050629,-0.09934263637412064,0.4561488486525968,0.40783454426632837,0.0760773459424134,-0.021335486103102295,-0.2792988121323953,-0.00438242417252912,0.0747164879098912,0.43571291277438207,1.0,-0.0007380924922154307,0.05607965248145158,0.29652097028408875,0.08310460154538116,-0.02757082996963057,0.31615730596240343,-0.011394302848575712,0.03608195902048975,0.000438242417252912,0.0007457809556760082,-0.15942797831853303,-0.0231038326990351,-0.1269826625148964,-0.06147695383077692,-0.2740783454426633,0.368761772959674,0.4589090070349441,-0.008288163610502441,0.20818052512205434,-0.023611271287433205,0.02883942644062584,0.3683850382501057,0.19966939607119516,0.05055164725329643,0.07559297274439704,-0.029954253642409563,-0.13081151731826393,0.22206589013185715,0.36847729981163263,0.5207550071118286,0.36738553800023066,0.1213700841886749,0.07223311421212471,0.04217122208126706,-0.18952831276669357,-0.040971821781416985,-0.011586514435090147,-0.09016261100219121,0.018021758351593434,0.00402875485334256,-0.11695690616230346,-0.18722946219198094,-0.20718871333563987,-0.2773690078037904,-0.3774497366701265,-0.2015992003998001,-0.14315918963595126,-0.33455579902356514,-0.4125860146849652,0.20103794256717794,0.007957559681697613,0.2416791604197901,-0.04899857763425979,0.24160227578518434,0.017883366009303042,0.001868296620920309,0.08321992849728982,-0.15176258024833736,-0.0029446815054011456,0.21080229116211124,-0.02855495329258448,0.22233498635297735,-0.03166878099411832,-0.3373620881866759,-0.31961711451966324,0.2369200015376927,0.16755468419636335,0.5352785145888594,0.6573943797332104,-0.12399953869219237,0.52649828931688,0.3810094952523738,-0.10983738899780879,-0.1799177334409718,0.26171529619805484,0.31042940068427327,0.3940491292815131,0.4454926382962365,-0.27442432629838925,-0.03601276284934456,-0.2999654019144274,-0.12112405335793641,0.06223042324991351,0.10307154115250067,-0.03465959328028294,0.06647445508015223,-0.028185907046476763,0.025087456271864067,0.03040787298658363,0.22132010917618114,-0.5564756083496714,-0.3143582055126283,-0.318602237342867,-0.05478799062007458,-0.34142928535732137,-0.11219774728020605,-0.500372890477838,-0.2952985045938569
#58,-0.12053204167147195,0.04822973128820205,-0.44856802368046744,-0.3681159420289855,-0.1781955176258025,-0.24533118056356437,0.4133087302502595,0.026279168108253564,0.11016030446315304,-0.19752431476569407,-0.25649482950832275,-0.07760735017106832,-0.0007380924922154307,1.0,-0.014431245915503786,-0.05618729096989967,-0.3960481297812632,-0.3888978587629262,-0.0774074501210933,0.08621074078345442,0.13115749817398992,-0.01430054203667397,-0.11355860531272825,0.22431092146234574,0.03307576980740399,0.13612424556952293,-0.13535539922346518,-0.21413139584054128,-0.1049013954561181,-0.003921116364894475,-0.11543459039710914,-0.0014377426671279745,0.0017683465959328027,0.12191596509437588,0.21870603159958482,0.3671010648521893,0.13001960558182446,-0.04156383346788144,0.0021450813055010954,-0.1022796294160612,-0.09396071195171644,-0.1175566063122285,-0.11016799292661361,-0.06355283896513282,0.006650520893399454,0.19272671356629378,0.1261292430707723,-0.05035943566678199,-0.17296736247260985,0.0052665974704955215,-0.20567408603390613,-0.23721216314919463,-0.34328989351478106,-0.4373966862722485,-0.29210779225771727,-0.29375312343828086,0.042793987621573826,0.29478337754199824,-0.0721024103332949,0.008034444316303386,0.053234921001037945,0.0538961288586476,0.6022065890131857,0.28479606350670816,-0.422796294160612,-0.36742398031753354,0.6330296390266406,0.662768615692154,0.028447314804136394,0.056279552531426594,-0.18735247760735016,-0.25344250951447356,0.001330104178679891,-0.08065198170145696,0.2767616191904048,0.11185176642448007,0.2178679890823819,0.12274631914811825,0.2818590704647676,0.23325260446699728,0.10390958366970361,-0.10913773882289625,-0.26790450928381965,0.3457732672125476,0.3575827470879945,0.039641717602737096,0.08055203167646946,-0.16271864067966016,-0.3775343097681928,-0.03846538269326875,0.04675354630377119,0.05970091877138354,0.2504516972283089,-0.08083650482451082,-0.090639295736747,-0.5114135240072272,-0.21839080459770116,-0.48341982854726484,-0.19759351093683927,-0.3031407373236459,-0.33447122592549877,-0.38220889555222387,-0.0877868757928728,-0.05683312190058817,-0.020420558951293584,-0.19381847537769575,0.09246915004036443,0.15070157229077769,0.2812901241686849,0.05194325913966094,0.12387652327682312
#101,-0.24570791527313265,-0.20321377772652136,-0.051974012993503245,-0.08517279821627648,-0.241717602737093,-0.04687656171914043,-0.08358128627993695,-0.32043209164648445,-0.33104985968554185,-0.03189943489793565,0.03738899780878791,-0.25930880713489407,0.05607965248145158,-0.014431245915503786,1.0,0.6312536039672472,0.07371698766001615,0.02208895552223888,0.35868219736285706,0.39208088263560525,0.5455041709914273,0.34180602006688965,0.07438588398108638,0.11522700188367355,0.015853611655710607,0.22056663975704455,0.013985315034790297,-0.03710452466074655,0.33349479106600544,0.35193172644447007,-0.06951139814708031,0.3010110329450659,0.05789412985814785,0.23430592396109637,0.07919886210740784,0.32719793949179254,0.25472648291239,0.3676623226848114,0.060016145773267214,0.08709491408142082,0.027970630069580595,0.21320878022527198,-0.10611617268288932,0.3138968977049937,-0.3285434205973936,-0.31066774305155115,0.032107023411371234,-0.004843731980163764,-0.023703532848960134,-0.16712413024257103,-0.24174066812747472,-0.34248260485142046,-0.022104332449160036,-0.05125898589166955,0.43975704455464576,0.10185676392572944,-0.1910506285318879,-0.18493830008072887,-0.5583131511167493,-0.4255180102256564,-0.45152039364932917,-0.3799023565140507,0.10976050436320302,-0.05691769499865452,0.19893130357897973,0.04247876061969016,0.05587206396801599,-0.07434744166378349,0.5135047860685042,0.3208703340637374,-0.040587398608388114,0.04251720293699304,0.2304232499135048,0.12043978010994502,0.3423519009725906,0.171491177488179,-0.4289239995386922,-0.3882212739783954,0.22543343712759006,0.3811401991312036,-0.18444623841925192,-0.08405028255103218,0.18454618844423942,-0.1183715834390497,-0.2771383538999731,-0.33669319186560565,-0.5197708837888748,-0.17489716680121478,-0.013785414984815284,-0.1677084534655749,-0.18769076999961556,-0.4331065236612463,-0.5698766001614577,-0.38630684657671166,-0.47950640064583094,0.170199515626802,0.18325452658286243,-0.19745511859454887,-0.15057855687540844,-0.06500595855918195,-0.13214162149694383,-0.04929073924576174,-0.017545073617037634,-0.006558259331872525,-0.42553338715257755,-0.18059431822550262,-0.0231038326990351,-0.5330873025025948,-0.33262599469496024,-0.37314419713220315,-0.4421250913005036
#102,-0.23575135509168493,-0.2527351708761004,0.11720293699304193,0.027486256871564217,-0.01856763925729443,0.22441087148733327,0.11684926767385538,-0.26428324299388767,-0.4295083227616961,-0.016214969438357745,0.03491331257448199,-0.05980855725983162,0.29652097028408875,-0.05618729096989967,0.6312536039672472,1.0,0.03841925191250529,0.07221004882174298,0.40128397339791644,0.45975473801560757,0.12345365778649137,0.345219697843386,-0.20894168300465152,0.1188175143197632,-0.31139045861684544,0.11464267866066967,-0.35483027716910776,-0.07084919078922078,0.21324722254257486,0.5642640218352363,-0.11535770576250336,0.21097143735824395,-0.11555760581247837,0.13976857724983663,0.07415523007726905,0.42870103409833543,0.00031522700188367357,0.24049513704686118,-0.20675047091838697,-0.0015223157651943259,0.12468381194018376,0.5562142005920117,-0.013547072617537384,0.45578749086994963,-0.30042670972206204,-0.18199361857532773,-0.14398185522623302,-0.10645446507515473,-0.12441471571906354,-0.228854803367547,-0.3190558566870411,-0.3192480682735555,-0.1629416061200169,-0.036666282243493636,0.021727597739591743,-0.024126398339291893,-0.403675085534156,-0.3211163648944758,-0.5026486756621689,-0.2820359051243609,-0.3831930188751778,-0.34928689501403143,0.17468188982431862,0.24049513704686118,0.349840464383193,0.08310460154538116,0.0685964709952716,-0.08367354784146389,0.41423903432898934,0.5014877176796217,0.09620574328220505,0.23105370391727215,0.3544304770691577,0.12838196286472148,0.4138546111559605,0.16844654595779032,-0.30675431515011725,-0.3429131588052128,0.1485795563756583,0.4177603505939338,-0.09594433552454541,0.225179717833391,0.1997693460961827,-0.11112136239572522,-0.016576327221004883,-0.2932379963864222,-0.4167300964902164,-0.193595509937339,0.19717833390996808,-0.057348248952446855,0.22513358705262754,-0.4662207357859532,-0.3433206473686234,-0.4371814092953523,-0.4265636412562949,0.16015069388382733,0.2079960019990005,-0.2189597508937839,0.05629492945834775,-0.1590051128282013,-0.04562334217506631,-0.03321416214969438,-0.049390689270749244,-0.13554761080997962,-0.44452389190020375,-0.2463153038865183,-0.07350171068311998,-0.45640256794679585,-0.31892515280821127,-0.3544151001422366,-0.35993541690693115
#201,0.5669088532656749,0.4616845423442125,0.8612693653173413,0.7556836966132319,0.36762388036750854,0.37721908276630917,-0.026456002767846844,0.3759043555145504,0.1557682697112982,0.7067466266866567,0.5419751662630223,0.16567869911198246,0.08310460154538116,-0.3960481297812632,0.07371698766001615,0.03841925191250529,1.0,0.5374774151385846,0.15084765309652867,0.35966632068581095,-0.02587936800830354,0.007988313535539922,0.4905009033944566,0.025471879444892938,0.19879291123668935,0.13754661130972975,0.10885326567485488,0.28545727136431787,0.34441240918002536,0.2859570214892554,0.23185330411717217,0.2799907738438473,0.4442394187521624,0.3909506785069004,0.08574943297581979,-0.11114442778610695,0.20706569792027063,0.22795525314265944,0.1686618229346865,0.3692153923038481,0.01128666436012763,0.2520893399454119,-0.026309921962095875,0.15995848229731288,-0.21904432399185023,-0.224087956021989,-0.2651597278283935,-0.042117402837043016,-0.12526044669972705,-0.08888632606773536,0.5143735824395494,0.25066697420520506,0.5128205128205128,0.6394571944796832,0.30889170799215776,0.536524045669473,-0.42308845577211396,-0.4440856494829508,-0.24314765694076038,-0.41958251643409067,-0.2611155960481298,-0.1863837312113174,-0.3579902356514051,-0.14281320878022527,0.6357897974089878,0.5845923192250029,-0.2569330719255757,-0.35391535001729907,0.4243801176334909,0.39273440202975435,0.40402875485334255,0.6415407680774997,-0.2459308807134894,-0.04782993118825203,-0.42043593587821476,-0.16885403452120093,-0.4600622765540307,-0.26531349709760504,0.20375965863222234,0.09452965824779917,-0.06499827009572137,0.27633875370007305,0.034890247184100255,-0.09959635566831969,-0.16201899050474763,-0.1850690039595587,-0.2412101641486949,0.08235113212624456,0.32998885172798215,0.13457886441394687,-0.01506938838273171,-0.14980971052935071,-0.2000999500249875,-0.1456579402606389,-0.11525006727405528,0.7257832622150463,0.42843193787721523,0.6040671971706455,0.31705685618729096,0.4595394610387114,0.45453427132587554,0.46429093145734823,0.35827470879944645,-0.019713220312920464,0.01972859723984162,0.10355591435051704,0.2209279975396917,-0.3165724829892746,-0.30267942951601123,-0.318056356437166,-0.46718179371852536
