,#10,#11,#12,#13,#17,#18,#26,#49,#50,#51,#52,#53,#54,#58,#101,#102,#201,#202,#301,#302,#401,#402,#501,#502,#601,#602,#701,#702,#801,#802,#901,#902,#1001,#1002,#1101,#1102,#1201,#1202,#1301,#1302,#1401,#1402,#1501,#1502,#1601,#1602,#1701,#1702,#1801,#1802,#1901,#1902,#2001,#2002,#2101,#2102,#2201,#2202,#2301,#2302,#2401,#2402,#2501,#2502,#2601,#2602,#2701,#2702,#2801,#2802,#2901,#2902,#3001,#3002,#3101,#3102,#3201,#3202,#3301,#3302,#3401,#3402,#3455,#3501,#3502,#3601,#3602,#3701,#3702,#3801,#3802,#3901,#3902,#4001,#4002,#4101,#4102,#4201,#4202,#4301,#4302,#4401,#4402,#4501,#4502,#4601,#4602,#4701,#4702,#4801,#4802
#10,1.0,0.2656364125629493,0.325752508361204,0.48416560950294085,0.28763310652366125,0.16474839503325261,0.009641333179564063,0.5327643870372506,0.02381117133740822,0.2601237842617153,0.15260062276554032,0.23583592818975127,0.33274132164686887,-0.23043862684042593,-0.2440625840925691,-0.13581670703109983,0.27327105677930263,-0.08391189020874178,-0.09709760504363203,-0.04019528697189867,-0.29854303617422057,-0.21736055049398378,-0.16464075654480453,0.006327605428055203,-0.11515780571252836,0.1664859877753431,0.028947064929073923,0.19873140352900473,0.3030330988351978,0.3227309422211971,0.0821742974666513,-0.002214277476646292,0.05509552915849768,-0.05428055203167647,0.07164110252566025,0.06473686233806174,-0.2204897551224388,-0.037181409295352325,0.015661400069196172,-0.00553569369161573,0.3429362241955945,0.11175181639949257,0.14206742782454926,-0.011747972167762273,-0.044539268827124896,0.06793526313766193,0.15087840695037097,0.09727443970322532,-0.024656902318071734,0.26252258486141544,0.1722677122976973,0.15070926075423827,-0.18559181947487793,-0.047806865797870295,-0.2636989197708838,-0.23629723599738592,-0.2657671164417791,0.08226655902817821,0.11269749740514358,0.04292469150040364,-0.1525391150578557,-0.03610502441087149,0.25955483796563256,0.09605966247645407,0.26265328874024524,0.09018567639257294,0.08400415177026871,-0.04077192173144197,-0.1929189251528082,-0.15046322992349978,0.1875139353400223,0.15006342982354975,0.21826010071887134,0.3304809133894591,-0.1537308268942452,-0.002667896820820359,-0.18531503479029715,-0.23774266712797448,0.15459962326529042,0.2849421443124592,0.10239495636796986,0.21175566063122286,0.1826471379694768,-0.07443970322531042,0.25941644562334215,-0.05547995233152654,-0.052196978433859995,0.2485526467535463,0.28110560104563104,0.17814938684503903,0.19508707184869103,0.212862799369546,0.22328066735862837,-0.04553108061353939,-0.09526006227655404,-0.2334140621996694,-0.041410064198669896,-0.02520278322377273,0.21999000499750124,0.2649521393149579,0.2666512897397455,0.2064736862338062,0.0651904816822358,0.23522085111290508,-0.026156152692884328,0.15346173067312496,0.1597816476377196,-0.18024064890631608,-0.09365317341329335,-0.16347211009879675,-0.13768500365202013
#11,0.2656364125629493,1.0,0.1253834621150963,0.3879983085380387,0.0877868757928728,-0.032798985122823206,0.3269672855879752,0.39855456886941143,0.34850267174105254,0.6243647407065698,0.18276246492138545,-0.03160727328643371,0.17525083612040135,0.12949679006650522,-0.0051205166647445505,-0.022673278745242765,0.25734824895244685,-0.06469073155729828,0.10531657248298927,0.004697651174412794,-0.10377119132741322,-0.1347095682927767,0.05859378003306039,-0.08122092799753969,0.09632875869757429,-0.05553377157575059,0.1273209549071618,-0.02617152961980548,-0.010817668089032407,0.05623342175066313,-0.04397801099450275,-0.17922577172951987,0.04044131780263714,-0.06744320147618499,-0.0814592703648176,-0.005904739937723446,-0.13717756506362203,0.02573328720255257,0.12971206704340138,-0.06239956944604621,0.10148002921616114,0.06531349709760505,0.009433744666128474,-0.06908084419328797,0.13646253796178834,0.04476992273094222,-0.10130319455656787,-0.19657863376004306,-0.0030523199938492294,0.18045592588321224,0.2226963441356245,0.0814208280475147,0.13795409987314036,0.08746396032752854,0.015599892361511552,-0.06326067735363088,-0.05268135163187637,-0.18816745473417137,-0.030784607696151923,-0.1541383154576558,-0.4205743282205051,-0.3662015146273017,0.12991196709337638,-0.10008841732979663,0.1747203321416215,0.13155729827393994,0.07751508860954139,0.17382078191673395,0.019321108676431015,0.15199323415215468,0.3020028447314804,0.0755699073540153,0.1995540691192865,0.04412409180025372,-0.27926805827855306,-0.16890785376542497,-0.2833506323761196,-0.26808134394341293,0.199454119094299,0.14698804443931882,-0.07839157344404721,0.07606965747895283,0.030269480644293238,-0.007334794141390843,-0.07647714604236343,-0.2305923961096375,-0.34653442509514476,0.15761350094183676,0.26266097720370585,-0.02633298735247761,-0.006765847845308115,-0.20069965017491254,-0.002360358282397263,-0.2272940452850498,-0.16565563372160075,-0.1329335332333833,-0.10003459808557259,-0.05644101026409872,-0.11390458616845424,0.08860954138315458,0.04966747395533003,0.07261753738515357,-0.10247952946603621,0.39304194056817743,0.17735747510859953,0.09862760927228693,0.014308230500134548,-0.4111252066274555,-0.36742398031753354,-0.171491177488179,-0.23762734017606582
#12,0.325752508361204,0.1253834621150963,1.0,0.6261023334486603,0.13924576173451736,0.1675700611232845,0.08977818782916235,0.3377388228962442,-0.13112674432014762,0.2963287586975743,0.135632183908046,0.08897858762926229,-0.039634029139276515,-0.1688386575942798,-0.3345634874870257,-0.22371122131242072,0.5625494944835274,0.5751278207050321,-0.06309921962095875,-0.22423403682773999,-0.43968015992004,-0.2812593703148426,-0.1628800984123323,0.13788490370199516,0.18240879560219891,0.2719640179910045,0.20280628916311075,0.4061584592319225,0.2502748625687156,0.18307000345980856,0.2633836927690001,0.007527005727905278,0.23854226732787454,0.030015761350094185,0.14533502479529467,-0.05615653711605736,-0.10059585591819475,0.05463422135086303,0.19995386921923652,0.3609349171568062,0.264513896897705,0.05244300926459847,-0.3187790720024603,-0.1812170837658094,-0.07910660054588091,-0.13255679852381502,0.23366778149386844,0.29044708415023257,0.23156114250567025,0.17814169838157845,0.10050359435666782,-0.04046438319301888,-0.12822050513204936,-0.14801829854303616,-0.278322377272902,-0.17502018221658402,-0.37119901587667703,-0.2835735978164764,0.27300964902164304,0.24320147618498444,0.025948564179448737,-0.008857109906585168,0.23406758159381846,0.07743051551147503,0.5790489370699266,0.14531195940491293,-0.05492638296236497,-0.16483296813131895,-0.03740437473570907,0.017898742936224194,0.32160073809249223,0.4405258909007035,0.021627647714604237,0.291784876792373,-0.1597816476377196,-0.1098681428516511,0.004113327951408911,-0.015100142236574021,-0.08680275246991889,0.2075885134355899,-0.11109829700534349,0.03499019720908776,-0.16870795371544997,0.01712220812670588,-0.004428554953292584,0.09116211125206627,0.12090877638104025,-0.0027524699188867107,0.1890746934225195,-0.07720755007111829,0.1420520508976281,0.2893091915580671,0.27264829123899587,0.20485142044362434,0.1530465536462538,0.5309575981240149,0.4630530888401953,0.39395686771998617,0.4630838426940376,0.3900972590627763,0.36313381770653136,0.7241840618152462,0.40158382347287896,0.43273747741513857,0.3605735593741591,0.38178603006189216,0.18699111982470304,-0.10973743897282129,0.06940375965863223,-0.027647714604236342,0.05371160573559374
#13,0.48416560950294085,0.3879983085380387,0.6261023334486603,1.0,0.12988890170299466,-0.0717256756237266,0.038565332718256254,0.3928189751278207,0.06279168108253566,0.4184369353784646,0.2458309306885019,0.10161842155845155,0.10570868411947872,-0.3177026871179795,-0.2398493061161727,-0.1864298619920809,0.5065236612462999,0.08920155306961904,-0.07803790412486064,-0.16259562526429094,-0.35136278014838734,-0.24290162611002192,-0.08867873755429977,0.11433514012224658,0.03569753584746088,0.27586206896551724,0.21782185830161843,0.3922346519048168,0.12568331219005882,0.1653942259639411,0.09419136585553377,-0.1683312190058817,0.25118978972052436,0.04826048514204436,0.09369161573059624,-0.054026832737477416,-0.158828278168608,0.09309960404413178,0.12685195863606658,0.21462345750201822,0.2597778034059893,0.04005689462960827,-0.15046322992349978,-0.10157229077768808,0.14289009341483105,-0.020066889632107024,0.34717256756237264,0.22917771883289126,0.2547034175220082,0.3445584899857763,0.19235766732018605,0.006742782454926383,-0.11495021719909276,-0.075739053550148,-0.1355860531272825,-0.1299427209472187,-0.25834006073886134,-0.1775112443778111,0.21464652289239997,0.13955330027294044,-0.2529350709260754,-0.22125860146849652,0.2526352208511129,0.08729481413139584,0.4410640833429439,0.06050051897128359,-0.08968592626763541,-0.03265290431707223,-0.18948218198593011,-0.1859454887940645,0.09587513935340022,0.20807288663360626,0.005666397570445547,0.1013262599469496,-0.3072156229577519,-0.12703648175912044,-0.17368238957444354,-0.2580786529812017,-0.07300196055818245,0.07972936608618768,-0.19446430630838427,0.08677199861607658,-0.017991004497751123,0.0002767846845807865,0.015353861530773075,-0.07296351824087956,-0.16670895321569984,0.22730173374851037,0.2870103409833545,0.09845846307615423,0.18059431822550262,0.08198977434359743,0.32593703148425784,0.0004536193441740668,0.00535885903202245,0.024449313804636143,0.09977319032791297,0.29160804213277974,0.38517664244800676,0.40107638488448083,0.29871987083381385,0.5187329412216969,0.3634182908545727,0.6189289970399415,0.38742936224195595,0.459547149502172,0.16231115211624958,-0.4020143774266713,-0.16938453849998078,-0.10044977511244378,-0.11572675200861107
#17,0.28763310652366125,0.0877868757928728,0.13924576173451736,0.12988890170299466,1.0,0.3530465536462538,0.11208242032829739,0.4094644985199708,0.18617614269788182,0.13139584054126782,0.19776265713297198,0.639080459770115,0.46051589589820474,0.1138123246069273,-0.1069388382731711,-0.20921077922577172,0.039011263598969746,0.038380809595202396,-0.2610694652673663,-0.29835851305116673,-0.2857724983662015,-0.36099642486449085,-0.3585053627032638,-0.3363472110098797,-0.12236958443854995,-0.1536539422596394,-0.0883327566985738,-0.06446776611694154,0.40594318225502635,0.38706800445930883,0.3021104832199285,0.13468650290239495,0.050228731787952174,0.07095682927766886,0.21737592742090492,0.171145196632453,-0.028347364779148888,0.05817091454272864,-0.08816361050244109,-0.06748933225694845,0.29708222811671087,0.26353746203821166,0.16447929881213239,0.013400991811786415,-0.21589974243647406,-0.17084534655749048,-0.01628416560950294,0.04065659477953331,-0.1605658709106985,-0.04696882328066736,-0.13462499519471033,-0.2974128320455157,-0.2136162687886826,-0.45178948987044937,-0.2545112059354938,-0.3144350901472341,-0.18585322723253758,-0.10369430669280744,0.1311344327836082,0.05714066043901126,-0.025125898589166955,0.12286933456348749,0.2907008034444316,0.22577941798331602,0.04180217583515934,-0.1864606158459232,0.30909929650559337,0.3578749086994964,-0.16175758274708799,-0.03193787721523853,0.05224310921462346,0.08338138622996194,0.21341636873870756,0.3049705916272633,0.01181716833890747,0.20977203705839387,-0.046115403836543264,0.08544958290085726,0.32641371621881365,0.11150578556875408,0.3214700342136624,0.6090723868834813,0.3479721677622727,0.3113289509091608,0.475739053550148,0.10416330296390267,0.1690385576442548,0.2642755545304271,0.4064429323799639,0.5134432783608196,0.2299388767154884,0.18309306885019028,0.11078307000345981,0.007811478875946642,0.11279744743013109,-0.20143774266712797,-0.1836312612924307,-0.05421904432399185,-0.14446622842424942,0.08115942028985507,-0.10281782185830161,0.2455618344673817,0.21206319916964594,-0.05271979394917926,-0.0835351554991735,-0.008288163610502441,-0.04326298389266905,-0.06086956521739131,-0.02209664398569946,-0.060808057509706685,0.04097951024487756
#18,0.16474839503325261,-0.032798985122823206,0.1675700611232845,-0.0717256756237266,0.3530465536462538,1.0,0.33485564909852766,0.05736362587936801,0.18425402683273748,0.07304809133894591,0.30934532733633185,0.2385499557913351,0.15282358820589706,-0.19948487294814132,-0.1642409564448545,-0.2717564294775689,0.015238534578864414,0.35183177641948254,0.022404182524122553,-0.04979048937069926,-0.2424018759850844,-0.22487986775842847,-0.034021450813055014,0.06585168953984546,0.0005920116864644601,-0.1328412716718564,0.04075654480452082,0.10157997924114866,0.09722830892246184,0.035113212624457005,0.014923307576980741,0.07676161919040479,-0.26533656248798676,-0.33241840618152463,-0.2276323376773152,-0.01865221235536078,-0.012232345365778649,0.04667666166916542,-0.032083958020989505,-0.05632568331219006,-0.09881982085880137,0.012147772267712298,0.20657363625879369,0.26738938223196096,0.10550878406950372,0.04465459577903356,-0.07936800830354054,0.132010917618114,-0.06961134817206781,0.15915888209741283,0.18718333141121746,-0.06528274324376274,-0.034621150962980046,-0.15514550417099143,-0.11407373236458694,-0.07616191904047977,-0.29406066197670394,-0.13749279206550571,-0.10818436935378464,-0.06106946526736632,-0.18293161111751816,-0.13978395417675776,-0.23284511590358667,-0.03629723599738592,0.1371544996732403,0.26898858263176106,-0.01992849728981663,0.09482181985930112,0.10783070003459809,-0.10116480221427748,0.33051166724330144,0.2142928535732134,0.17778802906239188,0.2672586783531311,-0.1087763810402491,-0.038519201937492795,-0.16152692884327066,-0.07238688348133626,0.05066697420520509,0.201837542767078,0.3338561488486526,0.4128320455157037,-0.2518048667973705,0.2731095990466305,0.10818436935378464,-0.11997847230231039,-0.0651904816822358,0.12502210433244915,0.00642755545304271,0.23932649060085343,0.10916080421327798,0.13595509937339023,-0.06290700803444432,-0.10597778034059893,0.049821243224541574,0.09426825049013955,0.0848575712143928,-0.022581017183715836,-0.08169761273209548,-0.11325875523776573,-0.13372544496982278,0.15204705339637872,-0.02741706070041902,-0.30002690962211204,-0.109560604313228,-0.31917118363894975,-0.24400107638488447,-0.15385384230961444,-0.10543189943489793,-0.17225233537077614,-0.003621266289931957
#26,0.009641333179564063,0.3269672855879752,0.08977818782916235,0.038565332718256254,0.11208242032829739,0.33485564909852766,1.0,0.14305923961096376,0.40731172875100913,0.5336331834082958,0.5192711336639373,0.030676969207703842,-0.010241033329489101,-0.014884865259677853,0.11998616076577096,-0.035905124360896476,0.19667089532156998,0.1666243801176335,0.15416138084803752,-0.11598815976627071,0.04007996001999001,0.002952369968861723,0.35097835697535845,0.06419866989582132,0.3313343328335832,-0.07576980740399031,0.049167723830392494,-0.29354553492484525,-0.08555722138930534,-0.09786645138968977,-0.006312228501134049,-0.06023911121362396,-0.08878637604274786,-0.11661861377003806,-0.3010187214085265,-0.05370391727213317,0.14478914388959366,-0.031138277015338483,0.0521277822627148,-0.06040825740975666,-0.05029792795909738,-0.038980509745127435,-0.0390958366970361,0.09496790066505209,0.18368508053665475,-0.09746665128973975,-0.33012724407027255,-0.27317110675431516,-0.08984738400030753,0.03730442471072156,0.17816476377196017,0.07681543843462883,0.2981278591473494,0.1334794141390843,0.18654518894398955,0.11934801829854304,-0.028439626340675817,-0.1921116364894476,-0.27357859531772577,-0.1552915849767424,-0.15421520009226156,-0.2292622919309576,-0.21530004228654903,-0.09113904586168455,-0.2492061661476954,-0.11197478183984931,-0.15064775304655365,0.1810094952523738,0.3239072771306654,0.05341175566063122,0.460292930457848,0.17092991965555684,0.12582939299580978,-0.008042132779763964,-0.15782108945527237,0.05046707415523008,-0.11481951332026294,-0.0463768115942029,0.2391650328681813,0.12781301656863875,0.19803175335409218,0.07074924076423326,-0.03700457463575904,0.1102756314150617,-0.15305424210971438,-0.24736862338061738,-0.18303924960596624,-0.060808057509706685,0.003751970168761773,0.07051089839695537,-0.26645907815323105,-0.18860569715142428,-0.2576711644177911,-0.18802906239188097,-0.15922038980509745,0.20304463153038865,-0.04977511244377811,0.055034021450813056,-0.21319340329835082,-0.1400838042517203,-0.11192096259562527,0.041732979664014146,-0.03745819397993311,-0.10036520201437743,-0.09439126590550878,-0.20567408603390613,-0.20359820089955022,-0.07733056548648752,-0.01632260792680583,-0.18562257332872026,-0.0984353976857725
#49,0.5327643870372506,0.39855456886941143,0.3377388228962442,0.3928189751278207,0.4094644985199708,0.05736362587936801,0.14305923961096376,1.0,0.10855341559989236,0.4262407257909507,0.13866143851151347,0.3326951908661054,0.37831853304117175,-0.007088763310652366,-0.11917887210241034,-0.3360627378618383,0.43392918925152807,-0.0534194441240918,-0.08432706723561297,-0.4720255256986891,-0.22229654403567448,-0.4021989005497251,-0.25500326759697073,-0.3819628647214854,0.11991696459462577,-0.17767270211048322,0.1407296351824088,0.0465459577903356,0.31455810556260333,0.2495675239303425,0.1061238611463499,-0.03640487448583401,0.1352170068811748,-0.04067966016991504,0.2513128051358936,0.15743666628224348,-0.01986698958213201,-0.20004613078076347,0.1692769000115327,-0.004466997270595472,0.4484757621189405,0.08202052819743974,-0.09738976665513398,-0.3193633952254642,-0.2262330373274901,-0.15095529158497675,0.14561180947987545,0.09575981240149156,0.09863529773574752,0.19610194902548725,0.09592895859762426,-0.1764502364202514,-0.04526967285587975,-0.34915619113520163,-0.11850228731787953,-0.3142966978049437,-0.1958866720485911,-0.2679198862107408,0.15572982739399532,0.11804866797370546,-0.0948295083227617,-0.08211278975896667,0.2600392111636489,-0.018644523891900203,0.34382808595702147,-0.0932995040941068,0.026156152692884328,0.035735978164763774,-0.17854918694498903,-0.06492907392457617,0.19537923346019298,0.10456310306385269,0.22995425364240957,0.2654288240495137,0.0709414523507477,0.12198516126552109,-0.09259985391919424,-0.22945450351747204,0.24414715719063546,-0.006758159381847538,0.1705685618729097,0.19139660938761388,0.12522200438242417,0.09746665128973975,0.15071694921769885,0.14987890670049592,-0.030684657671164416,0.21859070464767616,0.2918694498904394,0.18838273171106754,-0.003183023872679045,0.010756160381347787,0.1443970322531042,-0.009026256102717872,-0.10736939222696344,-0.09066236112712875,-0.11542690193364856,0.1450582401107139,0.053880751931726444,0.2555183946488294,0.04255564525429593,0.24135624495444585,0.0746549802022066,0.26839657094529656,0.03455195479183485,0.29035482258870565,0.04290931457348249,-0.09282281935955099,-0.2115019413370238,-0.10304847576211894,-0.13934571175950486
#50,0.02381117133740822,0.34850267174105254,-0.13112674432014762,0.06279168108253566,0.18617614269788182,0.18425402683273748,0.40731172875100913,0.10855341559989236,1.0,0.42591012186214583,0.45585668704109483,0.18666051589589822,0.15290047284050282,-0.08328912466843501,0.08441164033367932,-0.1359320339830085,-0.04462384192519125,-0.09566755083996463,0.11082151232076269,-0.13996078883635105,-0.008388113635489948,-0.058686041594587325,0.1368162072809749,0.05619497943336024,0.09812785914734941,-0.16661669165417292,0.03675085534155999,-0.25509552915849765,-0.20688117479721677,-0.24247876061969015,-0.22384192519125054,-0.3567062622534886,-0.1962864721485411,-0.2730404028754853,-0.259946949602122,-0.16037365932418407,0.047860685042094335,-0.08682581786030062,0.08932456848498828,-0.27187944489293814,0.12185445738669128,-0.05414984815284665,0.16578633760043054,0.23529773574751087,0.15014800292161612,0.00402875485334256,-0.17355168569561374,-0.3791796409487564,-0.08467304809133895,0.20884173297966402,0.056748548802521816,0.07730750009610579,0.12608311229000885,0.061077153730826894,0.14725714066043902,0.06391419674777996,0.11348940914158305,-0.10500903394456618,-0.17660400568946297,-0.24558489985776344,-0.2628301233998385,-0.0829508322761696,-0.11572675200861107,-0.0838734478914389,-0.06050051897128359,-0.06305308884019528,-0.16762388036750855,0.17099911582670205,0.00257563525929343,-0.10206435243916503,0.15875139353400222,-0.07910660054588091,0.13312574481989775,-0.10091108292007842,-0.1920731941721447,-0.11212086264560028,-0.07697689616730097,0.043670472456079655,0.24617691154422788,-0.02614846422942375,0.21377003805789413,0.0693422519509476,-0.03254526582862415,0.18443086149233076,0.0008841732979664014,-0.061438511513474035,-0.21716833890746934,0.11471187483181486,0.12474531964786838,0.22946219198093262,-0.00867258678353131,-0.23765040556644754,-0.10070349440664284,-0.29083150732326146,-0.2878176296467151,-0.1799638642217353,-0.2595010187214085,-0.0993195709837389,-0.29611348172067814,-0.007657709606735094,-0.173728520355207,-0.13187252527582363,-0.13206473686233805,-0.05551839464882943,-0.15672932764387038,-0.23625110521662246,-0.32339215007880673,-0.22464921385461115,-0.21097912582170453,-0.20993349479106602,-0.27698458463076153
#51,0.2601237842617153,0.6243647407065698,0.2963287586975743,0.4184369353784646,0.13139584054126782,0.07304809133894591,0.5336331834082958,0.4262407257909507,0.42591012186214583,1.0,0.3427670779994618,0.02691731057548149,0.21590743089993464,-0.012632145465728674,-0.010587014185215085,-0.24419328797139891,0.5033175719832391,0.10522431092146235,0.2458001768346596,-0.20144543113058855,-0.12267712297697306,-0.22385730211817167,0.20585860915695997,-0.10000384423173028,0.4491677238303925,-0.10271018336985353,0.2682966209203091,0.009956560181447738,0.07986006996501749,0.09157728827893745,-0.1238842117402837,-0.16976896167300964,-0.0013685464959827779,-0.0736324145619498,0.011417368238957445,-0.0013608580325222004,0.015538384653826932,-0.04291700303694307,0.42949294583477493,0.15377695767500865,0.22410333294891016,0.02451850997578134,0.017744973667012647,-0.14452004766847346,0.041187098758313154,-0.15739053550148002,-0.02001307038788298,-0.1105139737823396,-0.06627455503017722,0.07976780840349056,0.09433744666128474,-0.045800176834659596,0.22018990504747626,-0.011478875946642063,0.14708030600084573,-0.05751739514857956,-0.1975781340099181,-0.4273478645292738,-0.10528581862914696,-0.05714066043901126,-0.347457040710414,-0.3545458040210664,0.08367354784146389,-0.06796601699150424,0.19247299427209472,0.08994733402529505,-0.050620843424441626,0.00574328220505132,0.056333371775650634,0.039933879214239035,0.37871833314112174,0.10032675969707454,0.16589397608887863,0.03438280859570215,-0.19073540153000423,-0.13554761080997962,-0.24420866489832008,-0.2839964633068081,0.10089570599315727,0.08265867066466767,0.11143658939760889,0.02848575712143928,0.03978010994502749,0.029869680544343212,-0.10859954638065583,-0.22004382424172528,-0.25215084765309653,0.04373966862722485,0.2526736631684158,-0.061430823050013454,-0.01877522777073002,-0.24127936031984007,-0.05719447968323531,-0.1250374812593703,-0.1492330757698074,0.06708953215699842,0.1043555145504171,0.17674239803175334,0.03842694037596586,0.14333602429554454,0.02016683965709453,0.06683581286279937,-0.07928343520547419,0.2445700226809672,0.08520355207011879,-4.613078076346442e-05,-0.07256371814092953,-0.3391996309537539,-0.23638180909545228,-0.20491292815130896,-0.20335217006881176
#52,0.15260062276554032,0.18276246492138545,0.135632183908046,0.2458309306885019,0.19776265713297198,0.30934532733633185,0.5192711336639373,0.13866143851151347,0.45585668704109483,0.3427670779994618,1.0,0.20918771383539,0.0795140891092915,-0.257763425979318,0.045331180563564374,-0.11518087110291009,-0.019805481874447393,0.05880136854649598,0.10597778034059893,-0.18423096144235573,-0.030815361549994234,-0.029093145734824896,0.07915273132664437,0.01927497789566755,0.13407142582554876,0.049813554761081,-0.11710298696805443,-0.10047284050282551,-0.08962441855995079,-0.1311344327836082,0.003913427901433899,-0.23158420789605197,-0.17678084034905625,-0.06964210202591012,-0.1123822704032599,-0.028923999538692194,0.2334140621996694,0.24061815246223042,0.09102371890977588,0.12222350363279899,0.07814554261330874,-0.06331449659785492,0.15632183908045977,0.2775381539999231,0.06103871141352401,-0.17620420558951294,-0.16929996540191442,-0.06699727059547149,-0.18367739207319417,0.05749432975819782,0.05276592472994272,-0.14965594126013917,-0.06878868258178603,-0.07264060277553532,0.1750278706800446,0.17752662130473226,-0.2155537615807481,-0.19454119094299005,-0.21498481528466537,-0.3080229116211125,-0.09441433129589051,-0.0709414523507477,-0.15407680774997118,-0.10369430669280744,-0.12989659016645524,-0.10893015030946065,-0.3528158997424365,0.1301426209971937,0.10685426517510475,-0.1642717102986968,0.14116018913620113,-0.03888824818360051,0.1778572252335371,0.0008380425172029369,-0.1893514781071003,-0.11223618959750893,0.038919002037442814,-0.07810710029600584,0.08422711721062545,-0.009426056202667897,0.2106485218928997,0.11279744743013109,-0.22458001768346597,0.348748702571791,-0.046807365547995236,0.029216161150194132,-0.06584400107638488,0.13608580325222006,0.1479029715911275,0.21121746818898243,-0.11103678929765887,-0.25354245953946103,-0.12832814362049744,-0.06177680390573944,-0.10440164533118057,0.028808672586783532,-0.009110829200784223,-0.03808095952023988,-0.07848383500557414,-0.12321531541921348,-0.14907161803713528,0.07681543843462883,0.26731249759735515,0.07806865797870295,0.08221273978395417,-0.06578249336870026,-0.17593510936839274,-0.10152615999692462,-0.03836543266828124,-0.003621266289931957,-0.12905085918579173
#53,0.23583592818975127,-0.03160727328643371,0.08897858762926229,0.10161842155845155,0.639080459770115,0.2385499557913351,0.030676969207703842,0.3326951908661054,0.18666051589589822,0.02691731057548149,0.20918771383539,1.0,0.46391419674777995,0.10985276592472994,-0.25552608311229,-0.2345365778649137,-0.07570829969630569,-0.09743589743589744,-0.3679852381501557,-0.2709491408142083,-0.259946949602122,-0.3255756737016107,-0.427017260600469,-0.3044554645754046,-0.2633452504516972,-0.11975550686195365,-0.34442009764348597,-0.08415023257601968,0.19321877522777073,0.29318417714219813,0.2723484411640334,0.026271479644792987,0.14332064736862338,0.219667089532157,0.21953638565332717,0.13234152154691886,0.0635605274285934,0.040918002537192945,-0.13374851036020452,-0.029277668857878754,0.3955099373390228,0.127736131934033,0.10246415253911506,0.08561872909698996,-0.18496905393457116,-0.030184907546226887,-0.12608311229000885,-0.09576750086495214,-0.1317495098604544,0.10077269057778802,-0.18330834582708647,-0.1944181755276208,-0.30424018759850846,-0.3829392995809787,-0.2598623765040557,-0.2789374543497482,-0.09181563064621535,0.026525198938992044,0.15805943182255025,0.10685426517510475,0.18462307307884518,0.24267866066966517,0.4207204090262561,0.26622842424941373,-0.059201168646446006,-0.1494329758197824,0.1421904432399185,0.27197170645446506,-0.26056971514242877,-0.12915080921077923,-0.2641602275785184,-0.10447852996578634,-0.16874639603275285,0.0043593587821473875,-0.0012070887633106524,0.17092991965555684,0.11206704340137623,0.06933456348748702,0.018552262330373274,-0.13840003075385385,0.4451389689770499,0.5302810133394841,0.27823011571137507,0.6868181293968401,0.64593856917695,0.3622035136278015,0.22527197939491792,0.4684657671164418,0.4410410179525622,0.7230999884673048,0.36687041094837197,0.28232037827240225,0.2697804943682005,0.05488025218160151,0.2918925152808211,-0.3132433783108446,-0.21579210394802598,-0.11212086264560028,-0.2307615423057702,0.041410064198669896,0.014508130550109561,0.2650520893399454,0.2558566870410948,0.06510590858416945,-0.16997655018644525,-0.0018759850843808865,0.06383731211317419,0.16702418021758353,0.0696497904893707,0.03087686925767885,0.15138584553876908
#54,0.33274132164686887,0.17525083612040135,-0.039634029139276515,0.10570868411947872,0.46051589589820474,0.15282358820589706,-0.010241033329489101,0.37831853304117175,0.15290047284050282,0.21590743089993464,0.0795140891092915,0.46391419674777995,1.0,0.181278591473494,-0.1946949602122016,-0.33926113866143853,0.03196863106908084,-0.09642870872256179,-0.1463729673624726,-0.34782608695652173,-0.3087148733325645,-0.39698612232345365,-0.38215507630799983,-0.40090723868834816,-0.1308960904163303,-0.21110982970053435,-0.11684926767385538,0.15602967746895782,0.4937300580478991,0.5656171914042979,0.33254142159689387,0.19273440202975436,0.0920385960865721,0.033852304616922305,0.16095029408372738,0.28409641333179564,-0.04184830661592281,-0.03296813131895591,-0.08784838350055742,-0.03196863106908084,0.3504555414600392,0.365232768231269,0.1291200553569369,-0.03618959750893784,-0.26286856571714146,-0.08757159881597663,0.23318340829585207,0.1937723445969323,-0.03522853957636567,0.15866682043593588,-0.005889363010802291,-0.16246492138546112,-0.14302079729366085,-0.14073732364586938,-0.2174528120555107,-0.2972052435320801,-0.28835582208895555,-0.08512666743551302,0.07512397647330181,0.009141583054626532,-0.005051320493599354,0.007726905777880291,0.34070656979202707,0.2925844769922731,0.1742359589436051,-0.02357282897013032,0.4649598277784185,0.3343020797293661,-0.20371352785145888,-0.1129281513089609,0.01388536500980279,0.01729135432283858,0.10447084150232576,0.15812862799369545,-0.058847499327259446,0.09725906277630415,-0.09360704263252989,-0.08913235689847385,0.3789336101180179,0.16018144773766962,0.41901357013800794,0.6227194095260062,0.4602314227501634,0.26990350978356975,0.5351554991734901,0.17615807480874948,0.09381463114596549,0.43563602813977625,0.4715565294275939,0.43149194633452503,0.2648521892899704,0.2017683465959328,0.03682005151270518,0.024864490831507324,0.056041210164148696,-0.3315034790297159,-0.1426286856571714,-0.1867989082381886,-0.09008572636758544,0.2579171952485296,0.018721408526505976,-0.01593818475377696,-0.12649828931688,0.017406681274747243,-0.18865182793218777,0.07803790412486064,0.036881559220389805,0.06547495483027717,0.008003690462461077,-0.06649752047053396,0.07455503017721908
#58,-0.23043862684042593,0.12949679006650522,-0.1688386575942798,-0.3177026871179795,0.1138123246069273,-0.19948487294814132,-0.014884865259677853,-0.007088763310652366,-0.08328912466843501,-0.012632145465728674,-0.257763425979318,0.10985276592472994,0.181278591473494,1.0,-0.019644024141775265,0.007972936608618768,-0.18704493906892708,-0.11144427786106946,-0.19230384807596201,-0.16507131049859686,-0.10166455233921501,-0.24747626186906546,-0.2714488909391458,-0.3659401068696421,-0.10624687656171913,-0.18546111559604814,-0.18940529735132433,-0.15298504593856918,0.1835313112674432,0.24102564102564103,0.17011494252873563,0.30050359435666785,-0.11625725598739092,0.07931418905931649,0.20490523968784838,0.20502825510321762,-0.14120631991696458,-0.15866682043593588,-0.12559105062853188,-0.06632068581094068,0.04221735286203052,0.2130011917118364,-0.25746357590435553,-0.30713873832314614,-0.21342405720216814,0.0665897820320609,-0.07856071964017991,-0.10434782608695652,-0.05917810325606428,-0.17781109445277363,-0.22122784761465422,-0.1768961673009649,-0.10210279475646793,-0.1880598162457233,-0.17615807480874948,-0.245592588321224,0.09259985391919424,0.01350094183677392,0.24776073501710683,0.2319532541421597,0.22421865990081882,0.20417483565909353,0.3592742090493215,0.20587398608388113,-0.11885595663706608,0.032875869757428976,0.5644716103486718,0.2244646907315573,-0.006888863260677353,0.2983277591973244,0.015276976896167301,-0.013485564909852766,0.09335332333833084,0.1726752008611079,0.27204090262561026,0.17904893706992658,0.10801522315765194,0.19794718025602584,0.16872333064237113,0.06968054434321301,-0.09525237381309345,0.04665359627878368,0.417137585053627,0.015592203898050975,0.137523545919348,0.24077961019490254,0.29978087879137355,0.034213662399569446,0.07573136508668743,-0.05922423403682774,-0.025187406296851574,0.28664898320070736,0.10043439818552262,0.3136508668742552,0.31655710606235343,-0.07009572137008419,-0.07059547149502172,-0.28168992426863493,-0.31917887210241036,0.01712220812670588,-0.14992503748125938,-0.09821243224541576,-0.1910198746780456,-0.09065467266366817,-0.15357705762503363,-0.05834006073886134,-0.06114634990197209,0.3081766808903241,0.11348172067812248,0.3249144658440011,0.36745473417137586
#101,-0.2440625840925691,-0.0051205166647445505,-0.3345634874870257,-0.2398493061161727,-0.1069388382731711,-0.1642409564448545,0.11998616076577096,-0.11917887210241034,0.08441164033367932,-0.010587014185215085,0.045331180563564374,-0.25552608311229,-0.1946949602122016,-0.019644024141775265,1.0,0.6018529196939991,-0.15248529581363165,-0.263422135086303,0.5318263944950602,0.21330873025025948,0.6928381962864721,0.5080459770114942,0.2993580133010418,-0.06969592127013416,0.21058701418521508,-0.20320608926306077,-0.08498827509322263,-0.560612001691462,-0.2996963056933072,-0.3296659362626379,-0.22921616115019414,0.02668665667166417,-0.11614961749894284,0.03569753584746088,0.002898550724637681,0.1725368085188175,0.5543689693614731,0.16514050666974206,-0.0677430515511475,-0.18280090723868836,-0.21137123745819397,-0.0750932226194595,0.1682850882251182,0.09793564756083496,-0.0769307653865375,-0.28869411448122095,-0.22997731903279128,-0.3244685349632876,-0.303701995156268,-0.4701802944681505,-0.26178449236920004,-0.21952100872640604,0.1104140237573521,-0.03491331257448199,0.5139430284857571,0.40831891746434473,0.1703917272133164,0.09239995386921923,-0.5893591665705609,-0.5220927997539692,-0.16263406758159382,-0.15623726598239343,-0.3482720178372352,-0.22876254180602007,-0.4778841348556491,-0.19600199900049975,-0.23522853957636566,-0.05793257217545074,0.5606965747895283,-0.011555760581247838,-0.06322223503632798,-0.1333717756506362,0.356391035251605,-0.0510052665974705,0.2287548533425595,0.08264329373774651,-0.0067889132356898476,-0.04479298812132396,0.1743743512858955,-0.10625456502517971,-0.25833237227540073,-0.2736708568792527,-0.0486910390958367,-0.26956521739130435,-0.3390535501480029,-0.18753700073040402,-0.24980586629762042,-0.4415484565409603,-0.36652443009264596,-0.30015761350094183,-0.5018336985353478,-0.5451581901357013,-0.6130473224925999,-0.3732825894744935,-0.27001114827201783,-0.003959558682197363,-0.2239880059970015,-0.07593895360012301,-0.20560488986276093,-0.26609772037058393,-0.45565678699111983,-0.41212470687733055,-0.1617268288932457,-0.13372544496982278,-0.038649905816322605,-0.1685003652020144,-0.2977203705839388,-0.008634144466228424,0.018636835428439625,-0.16567101064852188,-0.3052781301656864
#102,-0.13581670703109983,-0.022673278745242765,-0.22371122131242072,-0.1864298619920809,-0.20921077922577172,-0.2717564294775689,-0.035905124360896476,-0.3360627378618383,-0.1359320339830085,-0.24419328797139891,-0.11518087110291009,-0.2345365778649137,-0.33926113866143853,0.007972936608618768,0.6018529196939991,1.0,-0.24870641602275786,-0.21869834313612424,0.19205781724522356,0.5602813977626572,0.5121977472802061,0.7161957482797063,0.23558220889555223,0.1941490793065006,-0.05241994387421674,0.20442086648983201,-0.3612732095490716,-0.5078845192788222,-0.3100680429016261,-0.16935378464613846,-0.07201014877176797,0.08138238573021182,-0.050236420251412756,0.21482335755199322,-0.1764194825664091,0.06436012762849344,0.16551724137931034,0.28405797101449276,-0.3999923115365394,-0.21673778495367702,-0.3455041709914274,-0.006450620843424442,-0.04563871910198747,0.2951754891784877,-0.00598162457232922,-0.13009649021643024,-0.30522431092146235,-0.37118363894975587,-0.28418867489332256,-0.4151539614807981,-0.23568215892053973,0.009656710106485219,-0.07591588820974128,0.1302887018029447,0.20199900049975011,0.3819474877945643,0.09054703417522009,0.3589359166570561,-0.3452350747703071,-0.420412870487833,-0.004643831930188752,0.0007457809556760082,-0.12468381194018376,0.06602852419943875,-0.5184638450005766,-0.12410717718064045,-0.08359666320685812,0.0732556798523815,0.4014761849844309,0.15711375081689924,-0.09559835466881944,-0.04388574943297582,0.14146772767462423,-0.23183023872679046,-0.04956752393034252,0.00423634336677815,0.05987775343097682,0.1580517433590897,0.10362511052166225,0.17895667550839964,-0.30126475223926497,-0.24703033098835198,0.014769538307769193,-0.27296351824087955,-0.14506592857417444,-0.18010994502748626,-0.08401184023372929,-0.3858609156959982,-0.25838619151962483,-0.17725752508361203,-0.2956444854495829,-0.24952139314957905,-0.41257832622150464,-0.2051358935916657,-0.06552877407450121,0.02777073001960558,-0.17518932841271673,-0.1605581824472379,-0.1355629877369008,-0.2222811671087533,-0.1851612655210856,-0.23445969323030794,0.012824357052243109,-0.04254795679083535,0.013754661130972975,-0.15914350517049167,-0.05103602045131281,0.04287856071964018,0.08915542228885558,0.018190904547726136,-0.03695844385499558
#201,0.27327105677930263,0.25734824895244685,0.5625494944835274,0.5065236612462999,0.039011263598969746,0.015238534578864414,0.19667089532156998,0.43392918925152807,-0.04462384192519125,0.5033175719832391,-0.019805481874447393,-0.07570829969630569,0.03196863106908084,-0.18704493906892708,-0.15248529581363165,-0.24870641602275786,1.0,0.4306539038173221,0.07114135240072271,-0.3533310267942952,-0.1947872217737285,-0.2141929035482259,0.09714373582439549,0.015146273017337486,0.22089724368584937,-0.036204974435858996,0.4694422019759351,0.3008188213585515,0.18990504747626186,0.10823050013454812,0.17398992811286665,0.062253488640295236,0.44128704878330066,-0.08631837927190252,-0.012017068388882482,-0.04969822780917234,-0.1319186560565871,-0.11078307000345981,0.1843155345404221,0.05032868181293968,0.1205166647445508,-0.020943374466612846,-0.2645446507515473,-0.28911697997155267,-0.026794295160112253,-0.26605158958982045,0.42502594856417947,0.33168031368930917,0.2301772190827663,0.05418060200668896,0.41253988390420177,0.048468073655479955,0.260146849652097,0.03626648214354361,-0.05356552492984277,-0.1565140506669742,-0.306631299734748,-0.3702917771883289,0.04223272978895168,0.0143928035982009,-0.007634644216353362,-0.11199784723023104,-0.022842424941375467,-0.08313535539922347,0.48051358935916655,0.03624341675316188,-0.05180486679737054,-0.24213277976396416,0.022019759351093685,-0.028447314804136394,0.3399915426901934,0.2842809364548495,-0.016707031099834697,0.19931572675200862,-0.2822896244185599,-0.16361819090454774,-0.10977588129012417,-0.16244185599507938,-0.10014992503748125,0.14335908968592626,-0.055272363818090954,-0.08165148195133203,-0.05951639564832968,-0.1633567831468881,-0.1179333410217968,-0.05025179717833391,0.09855841310114173,-0.07294045285049783,0.03872679045092838,-0.25669472955829775,-0.1358243954945604,-0.00784223272978895,0.021389305347326335,0.20984892169299965,-0.00737323645869373,0.39882366509053163,0.16843885749432977,0.6850267174105255,0.5387306346826587,0.47608503440587396,0.32873563218390806,0.4386806596701649,0.03023103832699035,0.40395955868219735,0.31797947180256025,0.48409641333179565,0.24906777380540499,-0.2516280321377773,-0.09805097451274362,-0.08477299811632645,-0.0664206358359282
