,#10,#11,#12,#13,#17,#18,#26,#49,#50,#51,#52,#53,#54,#58,#101,#102,#201,#202,#301,#302,#401,#402,#501,#502,#601,#602,#701,#702,#801,#802,#901,#902,#1001,#1002,#1101,#1102,#1201,#1202,#1301,#1302,#1401,#1402,#1501,#1502,#1601,#1602,#1701,#1702,#1801,#1802,#1901,#1902,#2001,#2002,#2101,#2102,#2201,#2202,#2301,#2302,#2401,#2402,#2501,#2502,#2601,#2602,#2701,#2702,#2801,#2802,#2901,#2902,#3001,#3002,#3101,#3102,#3201,#3202,#3301,#3302,#3401,#3402,#3455,#3501,#3502,#3601,#3602,#3701,#3702,#3801,#3802,#3901,#3902,#4001,#4002,#4101,#4102,#4201,#4202,#4301,#4302,#4401,#4402,#4501,#4502,#4601,#4602,#4701,#4702,#4801,#4802
#10,1.0,-0.02929304578479991,0.09578287779187329,0.38355437665782494,0.13775419982316534,0.19211932495290815,-0.11549609810479376,0.5068081343943412,0.29603659708607233,0.1248375812093953,0.2657286741244762,0.055026332987352475,0.19555606811978626,-0.10029600584323223,-0.12632145465728675,0.0018298543036174221,0.15874370507054164,0.012416868488832507,-0.09735132433783109,0.02920078422327298,-0.16378733710068044,0.08038288548033676,-0.01768346595932803,-0.015492253873063468,0.050236420251412756,0.28677968707953716,-0.08990120324453157,0.11826394495060162,0.05180486679737054,0.22794756467919886,-0.20577403605889363,0.11277438203974936,-0.05557990235651405,0.267843001576135,0.14826432937377465,0.27118748318148617,-0.09430669280744243,0.2667204859108907,-0.11302810133394842,0.17345173567062622,0.011125206627455503,0.01199400299850075,-0.041056394879483336,-0.03395994310537039,-0.14343597432053204,-0.3248990889170799,0.31485795563756586,0.2579479491023719,0.11539614807980625,-0.051328182062814746,0.10861492330757698,-0.14805674086033907,-0.04217891054472764,-0.09548302771691078,-0.20669665167416293,0.1291892515280821,-0.16330296390266405,0.1528082112789759,0.05646407565448045,0.07527774574251336,-0.22978510744627687,-0.31192865105908585,-0.1162341905970092,-0.06518279321877522,0.04363203013877676,0.20602006688963212,-0.19630184907546228,-0.15407680774997118,-0.07962941606120016,-0.031837927190251025,-0.15260062276554032,0.05664859877753431,0.03521316264944451,0.026525198938992044,-0.022019759351093685,-0.004666897320570484,0.022696344135624495,0.04506977280590474,-0.24441625341175566,0.03177641948256641,-0.12316918463845,0.06610540883404452,0.0029369930419405684,0.17606581324722254,0.049167723830392494,-0.10572406104639988,-0.15619882366509052,0.08448852496828509,0.11615730596240341,0.1491331257448199,0.10509360704263253,-0.1733594741090993,-0.11482720178372352,-0.031976319532541424,-0.054588090570099564,0.039687848383500555,0.3040633529389152,-0.08854803367546996,0.11316649367623881,0.15483027716910774,0.02546419098143236,-0.0041210164148694885,0.06746626686656672,-0.022865490331757197,0.04945219697843386,-0.04779917733440972,-0.14706492907392457,-0.31791796409487566,-0.2124476223426748,-0.08842501826010071,0.0980586629762042
#11,-0.02929304578479991,1.0,0.3820628147464729,0.21066389881982087,-0.018752162380348287,0.23151501172490677,0.34833352554491986,0.12833583208395802,0.365632568331219,0.49367623880367506,0.059524084111790256,-0.07952177757275208,0.059062776304155615,0.30459385691769497,0.24909083919578673,0.10281013339484105,0.4067043401376235,0.38190904547726134,0.1051704916772383,-0.05267366316841579,0.017429746665128976,-0.21014877176796218,-0.08990889170799216,-0.07370161073309499,-0.014638834428939377,-0.22072809748971667,0.04517741129435282,-0.20532041671471957,0.19929266136162688,0.13564756083496712,0.2961673009649022,0.08787913735439973,0.181278591473494,0.21858301618421558,-0.12533733133433284,-0.19083535155499173,0.0798908238188598,0.14225195094760312,0.007096451774112943,-0.24265559527928343,-0.14248260485142045,-0.05446507515473033,0.02235805174335909,0.3397762657132972,-0.06440625840925691,-0.10600084573098066,-0.14859493330257947,-0.06511359704763003,0.1995925114365894,-0.015138584553876908,0.05718679121977473,0.07836850805366548,0.1605581824472379,0.06332987352477608,-0.0637988697958713,-0.3380309845077461,-0.16677814938684504,-0.3485641794487372,0.15030177219082766,-0.11506554415100143,-0.06929612117018413,0.01708376580940299,0.2500518971283589,-0.10616999192711336,0.2514204436243417,0.2959212701341637,0.18849037019951562,0.2951370468611848,0.3392073194172145,0.18649905816322607,0.5372621381616884,0.3560758082497213,-0.009518317764194826,0.009795102448775612,-0.07779956175758275,-0.05392688271248991,0.03745050551647253,0.07746895782877791,-0.15958943605120518,0.04883711990158767,-0.2626917310575482,-0.19107369392226964,-0.13391765655633722,0.028647214854111407,-0.10395571445046707,-0.018967439357244455,0.09236920001537692,-0.11544227886056972,-0.07502402644831431,-0.19607888363510553,-0.10826125398839043,-0.12542959289585975,-0.20378272402260408,0.18126321454657288,0.11930957598124015,0.08064429323799639,0.13078076346442163,0.40025371929419906,0.19115057855687542,0.13396378733710068,0.19841617652712107,0.23189174643447508,0.2825356552492984,0.10016530196440242,0.12578326221504632,0.14036827739976165,0.21436973820781915,-0.12925075923576673,0.07440126090800754,-0.02170453234921001,-0.012263099219620958
#12,0.09578287779187329,0.3820628147464729,1.0,0.4253027332487602,-0.0989120824203283,0.3829623649713605,0.33517087610041135,-0.1538999730903779,0.22208895552223887,0.4407949871218237,0.19728597239841617,-0.2601545381155576,0.1445738669126975,0.16561719140429784,-0.14319763195325413,-0.002660208357359782,0.4652519893899204,0.6375965863222235,-0.2686964210202591,-0.08922461846000077,-0.27763041556145,-0.1456886941144812,0.010487064160227579,0.044808365048245105,0.0034521200937992543,-0.12522200438242417,0.10763848844808364,0.11315111674931765,0.003913427901433899,0.3088840195286972,0.45856302617921807,0.20195286971898666,0.3177641948256641,0.31461192480682737,-0.26143082305001347,-0.22107407834544265,-0.002744781455426133,0.26138469226925,-0.21907507784569255,-0.20430553953792335,-0.061707607734594244,0.01975166263022335,-0.09529850459385691,0.307523161496175,0.20369815092453772,-0.046199976934609616,-0.09330719255756736,0.11568062122784761,0.39163495175489177,0.28909391458117095,0.38335447660784994,0.4790835351554992,0.43873447891438894,0.3892130857648099,-0.04787606196901549,-0.0643063083842694,-0.4600161457732672,-0.27278668358128627,0.42301925960096876,0.17227540076115788,-0.2865413447122593,-0.2874485834006074,-0.06793526313766193,-0.29521393149579056,0.5581670703109983,0.48744858340060737,-0.04250182601007189,0.02913927651558836,0.04556952293084227,-0.09079306500595856,0.4562103563602814,0.6373198016376427,-0.37071464267866067,0.10648521892899704,-0.31195171644946756,-0.2669280744243263,-0.46599008188213586,-0.15022488755622188,-0.1940798831353554,0.21504632299235,-0.18889785876292622,-0.1173874601160958,0.23320647368623382,0.03883442893937646,-0.2258255487640795,-0.2205820166839657,-0.012678276246492138,0.02964671510398647,-0.08714873332564486,-0.23656633221850612,-0.1162956983046938,0.007357859531772575,-0.045384999807788415,0.23592050128781764,0.28293545534924847,0.0399800099950025,0.2153077307500096,0.590066505208934,0.416683965709453,0.35757505862453387,0.23141506169991927,0.4961673009649022,0.46724330142620996,0.165432668281244,0.37748817898742937,0.15414600392111635,0.14748779456425634,-0.2601545381155576,-0.051974012993503245,-0.12010148771767962,0.144673816937685
#13,0.38355437665782494,0.21066389881982087,0.4253027332487602,1.0,0.30374043747357093,0.4416484065659478,-0.07530081113289509,0.20801137892592164,0.24567716141929036,0.4508130550109561,0.17282897013031945,0.22208895552223887,0.5952562180448238,-0.02208895552223888,0.0665897820320609,-0.15300042286549034,0.38133241071771806,0.12907392457617345,-0.011494252873563218,-0.11611117518163995,-0.021658401568446548,-0.2096336447161035,0.16736247260984893,0.1068388882481836,0.1268135163187637,0.19181178641448507,-0.07480106100795755,-0.11000653519394149,0.20354438165532618,0.3927497789566755,0.052604466997270595,0.1136816207280975,0.14235190097259062,0.3473955330027294,0.20751162880098412,0.25359627878368507,0.3263829623649714,0.3173567062622535,0.10336370276400261,0.1618882866259178,0.017268288932456848,-0.00139161188636451,0.23918040979510244,0.2786376042747857,0.08896321070234113,-0.07886056971514242,0.21067158728328145,0.2573174950986045,0.01734517356706262,-0.17984853726982664,0.13063468265867068,-0.011317418213969938,0.028101333948410412,0.0598162457232922,-0.1245992388421174,0.04961365471110599,-0.27054934071425824,-0.2471917887210241,-0.00796524814515819,0.022988505747126436,-0.21937492792065505,-0.35403836543266826,0.2289163110752316,-0.19108138238573022,0.2715103986468304,0.23805020566639756,-0.0068504209433744665,-0.2686118479221927,-0.05218928997039941,-0.13386383731211318,0.09804328604928306,0.2503209933494791,-0.22467996770845347,0.026840425940875715,-0.09376850036520201,-0.21933648560335217,-0.19132741321646868,-0.25361165571060623,-0.08963210702341137,0.14058355437665782,0.03217621958251644,0.1960558182447238,0.13533233383308346,0.3214008380425172,0.08278937454349748,-0.0581478491523469,-0.044300926459847,0.16421020259101218,0.09831238227040326,0.28866336062737863,0.1970476300311383,-0.14826432937377465,0.07333256448698727,-0.03452888940145312,-0.033506323761196326,-0.03495944335524545,0.2788375043247607,0.14635759043555147,0.22008226655902818,0.30374043747357093,0.08253565524929843,0.08224349363779648,0.28514973282589473,0.05822473378695268,0.1364394725714066,0.1094914081420828,0.07905278130165687,-0.28374274401260907,-0.1088455772113943,-0.24929073924576173,0.003029254603467497
#17,0.13775419982316534,-0.018752162380348287,-0.0989120824203283,0.30374043747357093,1.0,0.41485411140583556,-0.03520547418598393,0.2621535386153077,0.09362241955945104,0.25732518356206513,0.15296198054818744,0.674593472494522,0.6389958866720485,0.22118940529735132,-0.0175912043978011,-0.44913696997655017,-0.0929919655556837,-0.2686733556298774,-0.23097681928266636,-0.43775035559143505,-0.26388344289393767,-0.36333371775650636,-0.020089955022488757,0.032906623611271286,-0.07290201053319494,0.2714258255487641,-0.3100449775112444,-0.2900626609772037,0.10038057894129858,0.08045977011494253,-0.14748010610079576,-0.007534694191365855,0.04605389612885865,0.11468112097797255,0.2868027524699189,0.39838542267327876,0.4036135778264714,0.02573328720255257,0.026194595010187213,0.279068158228578,0.04115634490447084,-0.10993733902279629,0.3814938684503902,0.27602352669818936,0.27543920347518547,0.06555952792834352,0.29220005381924424,0.20480528966286088,-0.043662783992619074,-0.38670664667666166,-0.011394302848575712,-0.08242032829738977,-0.1836312612924307,-0.20274478145542613,-0.42567177949486795,-0.3108368892476838,0.029446815054011456,-0.12618306231499635,0.0011148272017837235,0.2730634682658671,-0.017545073617037634,-0.18954368969361474,0.3944104870641602,0.04311690308691808,0.026402183523622804,-0.10179525621804482,0.2191288970899166,-0.3000115326951909,-0.20427478568408103,0.014023757352093184,0.045192788221273976,-0.03761196324914466,-0.03043862684042594,-0.2465767116441779,0.1422211970937608,-0.06523661246299926,0.21470803060008456,-0.06120016914619613,-0.03632030138776766,-0.12777457425133587,0.15036327989851228,0.3361473109599047,-0.11436589397608887,0.2590473993772345,0.4375581440049206,0.0662822434936378,-0.05539537923346019,0.27493945335024794,0.08546495982777842,0.5795948179756276,0.41322415715219313,0.24311690308691808,0.4639910813823857,-0.032030138776765464,0.0012916618613770037,-0.33754661130972974,0.10018067889132357,0.021573828470380193,0.04152539115057856,0.004728405028255103,0.08148233575519932,-0.012739783954176758,0.013570138007919117,0.05329642870872256,0.11065236612462999,0.18233191096759313,0.2843116903086918,-0.1213008880175297,0.162303463652789,-0.09965786337600431,0.12439933879214239
#18,0.19211932495290815,0.23151501172490677,0.3829623649713605,0.4416484065659478,0.41485411140583556,1.0,0.07545458040210663,0.21705301195556068,0.21033329489101604,0.4535193941490793,0.1703917272133164,0.31583439049705914,0.6149540614308231,0.2015992003998001,-0.013493253373313344,-0.4258409256910006,0.30974512743628185,0.3708837888747934,-0.1424287856071964,-0.59161188636451,-0.3949948102871641,-0.5273286433706224,0.17994079883135355,0.2680505900895706,0.155499173490178,0.20546649752047053,-0.006135393841540768,0.04918310075731365,0.3401837542767078,0.5447660784992119,0.3304809133894591,0.39140429785107445,0.21024872179294968,0.4753315649867374,0.1366778149386845,0.3222158151693384,0.4402414177526621,0.20452081651481951,0.12251566524430092,0.19699381078691425,0.09526006227655404,0.0929227693845385,0.3752277707300196,0.36200361357782646,0.19620189905047478,0.23379079690923768,0.08242801676085035,0.274393572444547,0.24726867335562988,-0.0355898973590128,0.28751777957175256,0.29076231115211626,0.2999961557682697,0.12723638180909544,-0.12439165032868181,-0.385499557913351,-0.24752239264982892,-0.4616768538807519,0.15211624956752393,0.27240226040825744,-0.182170453234921,-0.36870795371544995,0.43356783146888095,-0.04234805674086034,0.5539768577249836,0.3774728020605082,0.19301887517779573,0.027786106946526737,-0.18726021604582324,-0.29960404413178027,0.24795294660362127,0.23811171337408218,-0.322623303732749,-0.06635143966478299,-0.22873947641563833,-0.38788298158613,-0.35073232614462,-0.24060277553530926,0.022850113404836045,0.3122976973051936,-0.18430015761350094,0.4084034905624111,0.019790104947526237,0.2972206204590013,0.23398300849575213,-0.09552915849767424,-0.15381539999231153,0.19467189482181985,0.28922461846000075,0.2751777957175259,0.35285434205973937,0.11395840541267828,0.37874139853150346,0.019828547264829122,0.12229269980394418,-0.08307384769153885,0.34362818590704647,0.4990120324453158,0.3294583477492023,0.24170991427363242,0.39716295698304693,0.5678545342713259,0.5076923076923077,0.22132779763964172,0.36055049398377736,0.2528120555107062,0.33040402875485336,-0.4123246069273056,-0.039572521431591894,-0.10059585591819475,0.18273939953100374
#26,-0.11549609810479376,0.34833352554491986,0.33517087610041135,-0.07530081113289509,-0.03520547418598393,0.07545458040210663,1.0,-0.05900126859647099,0.3217391304347826,0.4258178603006189,0.213062699419521,-0.1509399146580556,-0.1504939837773421,0.49443739668627223,0.00962595625264291,-0.05888594164456233,0.07713835389997309,0.26221504632299236,-0.22258870564717642,-0.20845730980663515,-0.18483835005574137,-0.1892515280821128,0.02363433667781494,0.06253796178833661,-0.1201091761811402,-0.20324453158036365,0.10059585591819475,-0.08413485564909853,-0.12032445315803636,-0.0012609080075346943,0.317110675431515,0.058140160688886326,0.26399108138238575,0.13748510360204513,-0.34070656979202707,-0.2878868258178603,-0.025118210125706378,0.004428554953292584,-0.05291200553569369,-0.20119940029985006,-0.23917272133164186,0.06104639987698458,-0.14431245915503788,-0.08080575097066851,0.333248760235267,0.13102679429516012,-0.2088494214431246,-0.02205820166839657,0.3526621304732249,0.260692730557798,0.25581824472379194,0.2607081074847192,0.39208857109906586,0.14800292161611503,-0.07160266020835736,-0.25292738246261487,-0.19963864221735286,-0.30799215776727024,0.2034367431668781,0.09187713835389998,0.15735209318417714,0.2157536616307231,0.12727482412639834,0.14550417099142737,0.2205897051474263,0.2775458424633837,0.39614039134279017,0.352023988005997,0.03199169645946258,0.13430976819282667,0.468934763387537,0.44067197170645445,-0.31780263714296697,-0.09544458539960789,-0.20838042517202937,-0.165432668281244,-0.05957021489255372,0.19902356514050668,0.06999577134509669,0.044946757390535504,-0.14808749471418137,-0.1669934263637412,0.005297351324337831,-0.17868757928727944,-0.15159343405220466,0.09544458539960789,0.19185022873178795,0.0881943643562834,-0.3405528005228155,-0.32363049244608466,-0.09822780917233691,0.10287932956598624,0.014054511205935493,0.26059278053281054,0.12263099219620958,-0.0877484334755699,-0.05700226809672087,0.3415830546265329,0.0660439011263599,0.3115365394225964,0.23498250874562718,0.28889401453119595,0.21400069196171145,0.2549955791335102,0.29854303617422057,0.23119209625956252,0.2381501556913851,0.13297966401414676,0.2379733210317918,0.22307307884519278,0.1269826625148964
#49,0.5068081343943412,0.12833583208395802,-0.1538999730903779,0.20801137892592164,0.2621535386153077,0.21705301195556068,-0.05900126859647099,1.0,0.4490985276592473,0.191558067120286,0.37043785799407986,0.25615653711605735,0.21177872602160458,0.08235113212624456,0.10179525621804482,-0.2986429861992081,0.17991004497751126,-0.12948141313958406,0.15720601237842619,-0.1780878791373544,0.08562641756045054,-0.20334448160535118,0.12585245838619152,-0.0604620766539807,0.14072194671894822,0.16176527121054857,0.08759466420635836,-0.10550878406950372,0.025448814054511205,0.13336408718717566,-0.2447084150232576,-0.0008918617614269788,-0.08384269403759659,0.19665551839464884,0.09325337331334332,0.31750278706800444,0.054288240495137044,0.06373736208818667,0.08341214008380425,0.08508822511821013,-0.11036020451312806,-0.06035443816553262,0.033121900588167455,0.11002960058432322,-0.19644024141775265,-0.19876215738284703,0.1525621804482374,0.1858147849152347,0.09765886287625418,-0.2900242186599008,0.04760696574789528,-0.14375888978587628,-0.08704109483719678,-0.22341905970091877,-0.10207204090262562,-0.1720985661015646,0.1466805059008957,-0.09474493522469535,-0.009479875446891939,-0.030746165378849038,-0.13209549071618037,-0.15692153923038482,0.17300580478991273,0.036204974435858996,0.04956752393034252,0.17809556760081496,-0.11087533156498673,0.017429746665128976,0.0331065236612463,-0.08850959135816706,-0.022135086303002344,-0.08052127782262715,-0.04237112213124207,-0.2243262983892669,0.035197785722523356,-0.08068273555529927,0.1629877369007804,0.0067350939914658054,-0.04428554953292584,-0.08859416445623342,-0.011870987583131511,-0.030400184523123056,0.003828854803367547,0.20828047514704187,0.08741782954676508,-0.005281974397416676,-0.13607811478875947,-0.049882750932226196,0.019805481874447393,0.14111405835543767,0.06987275592972744,-0.06816591704147926,-0.016791604197901048,-0.1542382654826433,-0.2398031753354092,0.09555991235151655,0.1753969169261523,-0.07315572982739399,0.028316610925306577,0.20089186176142698,0.056986891169799714,-0.10186445238919002,0.03875754430477069,-0.010971437358243954,-0.1472955829777419,0.07886056971514242,0.09708222811671087,-0.23578210894552723,-0.2511513474032215,-0.11475031714911775,-0.04880636604774536
#50,0.29603659708607233,0.365632568331219,0.22208895552223887,0.24567716141929036,0.09362241955945104,0.21033329489101604,0.3217391304347826,0.4490985276592473,1.0,0.3432822050513205,0.18257794179833162,-0.02111252066274555,0.020159151193633953,0.3419059700918771,0.3089916580171453,-0.06734325145119748,0.2815899742436474,0.07817629646715105,0.10506285318879022,-0.20167608503440587,0.05967785338100181,-0.18666820435935877,0.18175527620804982,0.16585553377157575,0.15496866951139815,0.11231307423211472,0.11443509014723408,-0.1728751009110829,0.1770730019605582,0.1269134663437512,0.10018067889132357,0.007949871218237035,-0.0030215661400069195,0.21427747664629224,-0.08148233575519932,-0.0065275054780302155,0.03700457463575904,0.08890939145811709,0.03381386229961942,-0.11145196632453004,-0.25952408411179023,-0.10265636412562949,0.026778918233191097,0.20696574789528313,-0.030815361549994234,0.06379118133241071,-0.030100334448160536,0.08807903740437474,0.1972090877638104,-0.07354784146388345,0.10536270326375274,-0.06289931957098374,0.08901702994656518,-0.24681505401145581,-0.22142005920116864,-0.40252181601506937,0.0481451581901357,-0.293914581170953,0.03811171337408219,-0.08983200707338639,-0.037504324760696574,-0.05002883173797717,0.17378233959943104,-0.17020720409026255,0.20916464844500826,0.36340291392765156,0.2618613770038058,0.2102102794756468,0.010886864260177603,0.05910890708491908,0.23775035559143506,0.2706339138123246,-0.1943259139660939,-0.17857994079883135,0.0026909622112020913,-0.13237227540076116,0.049252296928458845,0.018290854572713643,0.1688002152769769,0.05919348018298543,-0.1381770653134971,-0.10616230346365278,0.2106177680390574,0.1934955599123515,0.014262099719371084,0.0010302541037173721,-0.0898627609272287,0.013154960981047938,-0.15036327989851228,-0.13117287510091108,0.12391496559412601,-0.04761465421135586,0.03073847691538846,0.036858493830008075,-0.08766386037750355,0.1441356244954446,0.11721062545650252,0.14179833160342906,-0.00867258678353131,0.2586245338869027,0.12496828508822512,0.10557029177718832,0.1431130588551878,0.037204474685734054,0.05548764079498712,-0.044108714873332566,-0.006335293891515781,-0.11195940491292815,-0.019790104947526237,0.11136739322646369,0.09632875869757429
#51,0.1248375812093953,0.49367623880367506,0.4407949871218237,0.4508130550109561,0.25732518356206513,0.4535193941490793,0.4258178603006189,0.191558067120286,0.3432822050513205,1.0,0.30828431937877215,0.07632337677315189,0.2961211701841387,0.3422596394110637,0.00358282397262907,-0.16416407181024872,0.4068119786260716,0.2825740975666013,-0.09050090339445661,-0.25020566639757047,-0.30093414831046017,-0.3540768077499712,-0.04101026409871987,-0.029762042055895128,0.014877176796217277,-0.124260946449852,0.03609733594741091,-0.1725368085188175,0.007519317264444701,0.25620266789682083,0.2722331142121247,0.04561565371160574,0.3912659055087841,0.2182370353284896,-0.3056164225579518,0.05594126013916119,0.018290854572713643,0.17433590896859263,-0.06334525045169723,-0.22996963056933073,-0.26275323876523277,0.10402491062161227,0.09848921692999654,0.2737861838311613,0.15261599969246145,-0.029154653442509514,0.0024064890631607275,0.16334140621996693,0.24247107215622957,0.06608234344366279,0.34731095990466304,0.21986698958213202,0.36950755391535,0.14460462076653982,-0.19353400222965442,-0.2922384961365471,-0.5029639026640526,-0.47849152346903473,0.16600161457732673,0.07202552569868911,0.02075885134355899,-0.11043708914773383,0.28175912043978013,-0.05664859877753431,0.5159804713028101,0.36484065659477954,0.2372506054664975,0.14720332141621498,0.07830700034598086,0.015538384653826932,0.4770230269480644,0.3532387652327682,-0.29369161573059627,-0.04422404182524123,-0.3730211817168339,-0.34465844001076384,-0.1585899358013301,0.10903010033444815,-0.0946219198093261,0.025264290931457347,-0.2079575596816976,-0.15310806135393842,0.017783415984315536,-0.08911697997155268,-0.07334025295044785,0.1499173490177988,0.21771421981317035,0.12043978010994502,-0.08425787106446776,0.06951139814708031,0.15157805712528352,-0.2002767846845808,0.007911428900934148,0.3351324337831084,0.1417522008226656,-0.045769422980817286,0.12559105062853188,0.43075385384230963,0.27300964902164304,0.36500211432745167,0.29273824626148465,0.29868142851651097,0.2219736285703302,0.2177219082766309,0.33448660285241993,0.38933610118017914,0.32871256679352634,-0.20230653903817322,0.07620036135778264,0.07123361396224964,0.1219467189482182
#52,0.2657286741244762,0.059524084111790256,0.19728597239841617,0.17282897013031945,0.15296198054818744,0.1703917272133164,0.213062699419521,0.37043785799407986,0.18257794179833162,0.30828431937877215,1.0,0.08736401030254104,0.20671971706454464,0.21866758928228194,-0.15853611655710606,-0.36480221427747667,0.12944297082228118,0.10568561872909699,-0.19107369392226964,-0.13417137585053626,-0.21303963402913928,-0.3000653519394149,0.26939607119517167,0.13966093876138855,0.07480106100795755,0.1384769153884596,0.1452273863068466,0.0972129319955407,-0.15599123515165494,0.1686618229346865,-0.11419674777995617,0.10161842155845155,0.015953561680698114,0.06858109406835045,-0.11453504017222157,0.041356244954445856,-0.0278322377272902,0.12224656902318072,-0.062253488640295236,-0.028708722561796025,-0.26211509629800483,0.22976204205589512,0.11804097951024488,0.01791411986314535,0.1895590666205359,0.04313228001383924,-0.05523392150078807,0.07274055280052281,0.14169838157844156,-0.07908353515549918,0.17224464690731559,0.10383269903509784,0.2064275554530427,0.184007996001999,-0.10365586437550456,-0.03536693191865606,-0.2241571521931342,-0.1848537269826625,0.03944950601622266,0.09643639718602237,0.057994079883135354,-0.10719255756737016,0.08592626763541306,0.24709952715949718,0.18307769192326914,0.16378733710068044,0.11078307000345981,0.009479875446891939,0.005251220543574367,-0.10824587706146926,0.0462076653980702,0.23476723176873102,-0.323861146349902,-0.16612462999269595,-0.23903432898935148,-0.33435589897359014,-0.16377196017375928,-0.15472263868065966,0.04075654480452082,0.21181716833890746,-0.0035597585822473377,-0.08960904163302964,0.19727059547149503,0.26678199361857535,-0.05910890708491908,0.10570868411947872,0.07756890785376543,0.20893399454119094,0.017045323492100105,0.0559720139930035,0.11185945488794065,0.03757352093184177,0.15486871948641065,0.1045246607465498,0.09987314035290047,-0.027586206896551724,0.25704071041402377,0.02688655672163918,0.12296928458847499,0.27364010302541036,-0.10521662245800177,0.09592127013416368,0.14339753200322916,-0.07118748318148618,0.022042824741475415,0.06960365970860724,-0.03784261715296198,-0.07467035712912774,-0.05002114327451659,0.09431438127090301,0.19450274862568714
#53,0.055026332987352475,-0.07952177757275208,-0.2601545381155576,0.22208895552223887,0.674593472494522,0.31583439049705914,-0.1509399146580556,0.25615653711605735,-0.02111252066274555,0.07632337677315189,0.08736401030254104,1.0,0.739507169492177,0.07114904086418329,-0.10590858416945373,-0.40884173297966403,-0.11353553992234652,-0.2849421443124592,-0.12502979279590973,-0.38459231922500287,-0.17388228962441857,-0.3045169722830892,0.183662015146273,0.20097643485949332,0.150186445238919,0.3355552992734402,-0.20737323645869374,-0.2742782454926383,0.07872986583631261,0.18433091146734326,-0.24688425018260102,0.052358436166532116,-0.12398416176527122,0.0928535732133933,0.25571060623534386,0.5394917925652558,0.4505900895705993,-0.026140775765963173,0.13890746934225195,0.3833006573636259,0.21893668550340215,0.08558028677968708,0.571744896782378,0.2536193441740668,0.2873716987660016,0.21875985084380886,0.08085188175143197,-0.07925268135163188,-0.2985737900280629,-0.5081228616461,-0.18206281474647293,-0.2541267827624649,-0.2806212278476147,-0.19566370660823434,-0.2201437742667128,-0.2236420251412755,0.15884365509552917,-0.06961903663552839,-0.20828047514704187,0.13005035943566678,0.09007034944066428,-0.24148694883327568,0.5699381078691423,0.298481528466536,-0.12349210010379426,-0.2515357705762503,0.21889055472263869,-0.16921539230384808,-0.28576480990274095,-0.11316649367623881,-0.18014069888132855,-0.19371852535270825,-0.026479068158228578,-0.13909968092876637,0.12265405758659131,-0.11162880098412332,0.13547072617537384,-0.2449467573905355,0.047537769576750086,-0.016845423442125092,0.3016799292661362,0.5100219121208627,0.07280974897166802,0.4507438588398109,0.595433052704417,0.24128704878330065,0.03844231730288702,0.47579287279437205,0.11949409910429401,0.6777073001960559,0.5056317994848729,0.2798370045746358,0.46572098566101566,-0.06377580440548956,-0.06599777034559644,-0.17760350593933802,0.03013877676546342,-0.17349786645138968,-0.1309960404413178,-0.21722215815169338,-0.10070349440664284,-0.16772383039249605,-0.07396301849075462,-0.16557874908699496,-0.07629262291930958,-0.03526698189366855,0.1077922577172952,-0.11817937185253527,0.07154884096413332,-0.15429977319032792,-0.012985814784915235
#54,0.19555606811978626,0.059062776304155615,0.1445738669126975,0.5952562180448238,0.6389958866720485,0.6149540614308231,-0.1504939837773421,0.21177872602160458,0.020159151193633953,0.2961211701841387,0.20671971706454464,0.739507169492177,1.0,0.006696651674162919,-0.07596970745396532,-0.446084649982701,0.10135701380079191,-0.04640756544804521,-0.11539614807980625,-0.423542075116288,-0.2733633183408296,-0.3644177911044478,0.29253834621150965,0.3262676354130627,0.2262330373274901,0.43619728597239843,-0.13404836043516702,-0.0975512243878061,0.16480990274093724,0.4510129550609311,-0.06817360550493984,0.09977319032791297,-0.03707377080690424,0.23432130088801753,0.2543651251297428,0.5791411986314535,0.4622227347864529,0.08900165301964402,0.1366086187675393,0.39760119940029987,0.249467573905355,0.062084342444162534,0.563156883096913,0.2620382116633991,0.34248260485142046,0.21920578172452235,0.15686771998616075,0.14860262176604006,-0.07855303117671933,-0.3207550071118287,0.0434167531618806,-0.008903240687348633,-0.019367239457194478,-0.022065890131857148,-0.17347480106100796,-0.1778495367700765,-0.08430400184523124,-0.21924422404182525,-0.10992965055933572,0.21264752239264983,-0.18350824587706147,-0.49153884596163455,0.5701687617729597,0.13571675700611233,0.20201437742667128,-0.03441356244954446,0.11569599815476878,-0.15914350517049167,-0.29185407296351823,-0.14631145965478798,-0.11909429900434398,0.02874716487909891,-0.16996886172298467,-0.12189289970399415,-0.06027755353092684,-0.27221773728520354,-0.12193134202129705,-0.3973167262522585,0.06994964056433321,0.19717833390996808,0.14849498327759197,0.5386153077307501,0.14568100565102066,0.47728443470572407,0.4449467573905355,0.001545381155576058,-0.10437857994079883,0.4951754891784877,0.2933610118017914,0.6304770691577288,0.4765002114327452,0.1335486103102295,0.4353592434551955,-0.0858416945373467,-0.007342482604851421,-0.1289893514781071,0.19258832122400338,0.061138661438511516,0.10711567293276439,0.0063968015992004,-0.004305539537923346,0.07009572137008419,0.11697997155268519,-0.06008534194441241,0.0353515549917349,0.042055895129358395,0.11087533156498673,-0.3903432898935148,-0.04604620766539807,-0.33496328758697574,-0.012516818513820013
#58,-0.10029600584323223,0.30459385691769497,0.16561719140429784,-0.02208895552223888,0.22118940529735132,0.2015992003998001,0.49443739668627223,0.08235113212624456,0.3419059700918771,0.3422596394110637,0.21866758928228194,0.07114904086418329,0.006696651674162919,1.0,0.028308922461846,-0.27653865375004805,0.06973436358743705,0.06235343866528274,-0.2628455003267597,-0.26281474647291736,-0.12445315803636643,-0.29932725944719946,-0.12107792257717295,-0.08287394764156383,-0.22343443662783993,-0.10311767193326414,-0.17600430553953791,-0.39536385653327183,0.022250413254911006,0.038250105716372586,0.23002344981355477,0.20625840925691,0.19428747164879098,0.18576096567101064,-0.07107215622957752,-0.04059508707184869,0.016476377196017376,0.043009264598469994,-0.32100872640602773,-0.26939607119517167,-0.19590204897551225,0.1124514665744051,-0.11702610233344866,0.19470264867566217,0.08195133202629455,0.004774535809018567,0.002744781455426133,0.07616191904047977,0.1461038711413524,-0.22624841425441125,0.06839657094529658,0.04144850651597278,-0.061377003805789414,-0.15279283435205473,-0.45561065621035635,-0.45993926113866146,-0.04380886479837005,-0.18633760043055395,0.2589782032060893,0.20199900049975011,0.16620151462730173,0.18810594702648675,0.30524737631184407,-0.043693537846461385,0.05781724522354208,0.20739630184907545,0.5847922192749779,0.32413793103448274,0.17924883711990158,0.26018529196939993,0.5161573059624034,0.372982739399531,0.06513666243801176,0.04585399607888364,0.2565255833621651,0.10463229923499788,0.3141506169991927,0.3675085534155999,0.091185176642448,-0.025248914004536195,-0.06321454657286742,-0.0593395609887364,-0.12397647330181064,0.17800330603928805,0.27946795832852805,0.2315457655787491,0.20751162880098412,-0.04316303386768154,0.019705531849459886,-0.06487525468035213,0.1573982239649406,0.14201360858032522,0.22342674816437935,0.19703225310421713,0.16650905316572484,-0.1306577480490524,0.06393726213816169,0.19015876677046092,0.02200438242417253,0.2131703379079691,0.1888363510552416,0.12231576519432591,0.18895167800715026,0.12180063814246722,0.35503786568254336,0.21671471956329527,0.22135086303002344,0.12368431169030869,0.2896628608772537,0.1177257525083612,0.22812439933879214
#101,-0.12632145465728675,0.24909083919578673,-0.14319763195325413,0.0665897820320609,-0.0175912043978011,-0.013493253373313344,0.00962595625264291,0.10179525621804482,0.3089916580171453,0.00358282397262907,-0.15853611655710606,-0.10590858416945373,-0.07596970745396532,0.028308922461846,1.0,0.19650943758889786,0.3784569253834621,0.02268096720870334,0.7594971744896782,-0.012070887633106524,0.6211894052973513,-0.006765847845308115,0.21047168723330642,0.12230038826740476,0.30613923807327104,-0.012562949294583478,0.17461269365317342,-0.17638104024910622,0.35714450467074155,-0.20014608080575097,-0.05204320916464845,-0.029146964979048937,-0.30603159958482296,-0.028508822511821012,0.11525006727405528,-0.0668588782531811,0.19487948333525545,-0.0809133894591166,0.30162611002191214,-0.10823818859800868,0.06081574597316726,-0.3306346826586707,0.0012147772267712298,-0.02664821435436128,-0.2625148963979549,0.09687463960327529,-0.0845192788221274,-0.023234536577864912,-0.0721024103332949,-0.20347518548418098,-0.15841310114173682,-0.3166339906969592,-0.1495098604543882,-0.34978664513896895,0.14684196363356783,-0.2058124783761965,0.24155614500442088,-0.2976127320954907,-0.304447776111944,-0.3054626532887402,-0.05314265943951101,0.0009764348594933302,0.202729404528505,-0.23588205897051473,0.052881251681851385,0.14289778187829164,0.21416214969438357,0.15101679929266137,0.46094644985199706,0.17698842886249183,0.13410986814285164,-0.13098066351439666,-0.007573136508668743,-0.3908584169453735,0.00938761388536501,-0.18007150271018338,0.03734286702802445,-0.02957751893284127,0.4901549225387306,0.10553953792334601,0.008957059931572675,-0.057694229808172834,-0.06319916964594625,-0.07265597970245646,-0.15948179756275707,-0.08914004536193441,-0.2935609118517664,-0.25983162265021337,-0.08192057817245224,-0.1532464536962288,-0.05647945258140161,-0.31968631069080844,-0.08957059931572675,-0.41230923000038444,-0.3596509437588898,0.3350786145388844,0.24829892745934726,0.06582093568600315,-0.16494060661976703,0.07248683350632376,0.025179717833390996,-0.1105831699534848,-0.1410679275746742,0.0592396109637489,-0.24666897320570483,-0.18534578864413948,-0.11914042978510744,-0.032829738976665516,-0.15721370084188674,-0.10304078729865836,-0.24725329642870872
#102,0.0018298543036174221,0.10281013339484105,-0.002660208357359782,-0.15300042286549034,-0.44913696997655017,-0.4258409256910006,-0.05888594164456233,-0.2986429861992081,-0.06734325145119748,-0.16416407181024872,-0.36480221427747667,-0.40884173297966403,-0.446084649982701,-0.27653865375004805,0.19650943758889786,1.0,0.036527889901203245,0.10105716372582939,0.2890862261177104,0.7707069542152001,0.3937800330603929,0.7713835389997309,-0.33687002652519893,-0.22039749356091184,-0.17784184830661592,-0.1903356014300542,-0.16864644600776535,0.1358935916657056,0.05114365893976089,-0.4603313727751509,-0.016576327221004883,-0.13588590320224503,-0.1178641448506516,-0.1512013224157152,-0.27678468458078653,-0.3460884942144312,-0.31707992157767273,0.01460039211163649,-0.13367162572559874,-0.1325644869872756,0.04965978549186945,-0.11115211624956753,-0.2631222850113405,-0.19041248606466,-0.2803290662361127,-0.17933341021796795,-0.27520854957136814,-0.3839311113673932,-0.3032791296659363,0.07477799561757582,-0.4455233921500788,-0.3235766732018606,-0.30535501480029215,-0.13590896859262677,0.09812017068388883,0.38859800868796374,-0.07622342674816437,0.45993157267520085,-0.15098604543881905,-0.2946219198093261,-0.17111444277861068,-0.041048706416022755,-0.5021950563179949,-0.1067696920770384,-0.28583400607388615,-0.0323914965594126,-0.20778072502210435,0.11232076269557528,0.39899281128666436,0.3084380886479837,-0.008303540537423595,-0.1041479260369815,0.3951716449467574,0.05063622035136278,0.1753969169261523,0.30792296159612503,-0.00825740975666013,0.09158497674239803,-0.06023911121362396,-0.003951870218736785,-0.23352170068811748,-0.21104063352938915,-0.11678007150271018,-0.286218429246915,-0.1691308192057817,-0.2274939453350248,-0.23226079268058278,-0.28913235689847383,-0.1718525352708261,-0.33737746511359706,-0.4985661015646023,-0.2796601699150425,-0.4491984776842348,-0.13006573636258795,-0.0653288740245262,0.32060892630607774,-0.12013224157152193,-0.0913927651558836,-0.15451505016722408,-0.42145850151847153,-0.2538730634682659,-0.2510821512320763,-0.34421250913005036,-0.1523622803982624,-0.252343059239611,-0.3657478952831277,-0.3139584054126783,-0.059085841694537344,-0.1488255872063968,-0.1423595894360512,-0.11253603967247146
#201,0.15874370507054164,0.4067043401376235,0.4652519893899204,0.38133241071771806,-0.0929919655556837,0.30974512743628185,0.07713835389997309,0.17991004497751126,0.2815899742436474,0.4068119786260716,0.12944297082228118,-0.11353553992234652,0.10135701380079191,0.06973436358743705,0.3784569253834621,0.036527889901203245,1.0,0.6246415253911506,0.2928535732133933,-0.0626071579594818,0.08400415177026871,-0.19890054972513743,0.11944027986006997,-0.002245031330488602,0.22398031753354092,-0.20330603928804827,0.15666013147272517,-0.16728558797524315,0.3794718025602583,0.0913235689847384,0.3356706262253489,0.24558489985776344,0.17409756660131473,0.23354476607849922,-0.13876907699996155,-0.17748817898742936,0.04809902740937224,0.11515011724906778,-0.013693153423288355,-0.25552608311229,0.09619805481874448,0.028893245684849883,0.020651212855110908,0.25656402567946796,-0.37379002806289163,-0.1714142928535732,-0.022581017183715836,0.1333487102602545,0.15150117249067774,-0.01220159151193634,0.26690500903394454,0.1756045054395879,0.16339522546419097,0.18190904547726136,0.014684965209702841,-0.10249490639295737,-0.3103217621958252,-0.43489793564756085,0.08411179025871679,-0.12917387460116095,-0.2774074501210933,-0.24721485411140584,0.026809672087033408,-0.2745780955676008,0.4799907738438473,0.4231038326990351,0.0038365432668281243,0.15580671202860108,0.46402183523622803,-0.06497520470533964,0.4136239572521432,0.3836389497558913,-0.19912351516549417,-0.04350901472340753,-0.2398031753354092,-0.21771421981317035,-0.27528543420597396,-0.06931918656056588,0.00598162457232922,0.14210587014185216,-0.05856302617921808,0.014669588282781686,0.07302502594856418,-0.04690731557298274,-0.27926036981509245,-0.14543497482028217,-0.12866643601276284,-0.12033983008495752,0.10256410256410256,-0.041671471956329524,-0.11233613962249644,-0.4511513474032215,-0.266497520470534,-0.11804866797370546,-0.17629646715103986,0.3594971744896782,0.3205089762810902,0.4352131626494445,0.34861799869296123,0.395033252604467,0.34261330873025025,0.3025794794910237,0.337323645869373,0.28000615077076846,0.14871794871794872,0.24513896897704993,0.23539768577249837,-0.3174489678237804,-0.18213969938107868,-0.24373198016376427,-0.2015607580824972
