,#10,#11,#12,#13,#17,#18,#26,#49,#50,#51,#52,#53,#54,#58,#101,#102,#201,#202,#301,#302,#401,#402,#501,#502,#601,#602,#701,#702,#801,#802,#901,#902,#1001,#1002,#1101,#1102,#1201,#1202,#1301,#1302,#1401,#1402,#1501,#1502,#1601,#1602,#1701,#1702,#1801,#1802,#1901,#1902,#2001,#2002,#2101,#2102,#2201,#2202,#2301,#2302,#2401,#2402,#2501,#2502,#2601,#2602,#2701,#2702,#2801,#2802,#2901,#2902,#3001,#3002,#3101,#3102,#3201,#3202,#3301,#3302,#3401,#3402,#3455,#3501,#3502,#3601,#3602,#3701,#3702,#3801,#3802,#3901,#3902,#4001,#4002,#4101,#4102,#4201,#4202,#4301,#4302,#4401,#4402,#4501,#4502,#4601,#4602,#4701,#4702,#4801,#4802
#10,1.0,0.7155883596663207,0.39086610540883404,0.6318456156537116,0.2853957636566332,0.44168684888325066,0.3325721754507362,0.4598469995771345,0.4888478837504325,0.5123053857686541,0.5894052973513243,0.026256102717871835,0.168015992003998,0.21249375312343827,-0.2447084150232576,-0.20062276554030678,0.4084496213431746,0.14938684503901895,-0.25982393418675276,-0.14370507054165224,-0.2844962134317457,-0.1786645138968977,-0.09396840041517703,-0.01649944258639911,0.2061277053780802,-0.027255602967746897,-0.19208857109906585,0.06975742897781878,0.29570599315726753,0.33095759812401493,0.1564141006419867,0.31366624380117636,0.09296890016530196,0.18192442240418252,0.22852419943874216,0.28215892053973013,0.14971744896782377,0.17977165263522085,-0.014823357551993235,-0.06845039018952062,0.08680275246991889,0.3243993387921424,0.06509822012070887,0.02158920539730135,0.07337100680429016,-0.0618921308576481,-0.07748433475569907,0.2066658978203206,-0.12495290816130396,-0.21212470687733057,0.11144427786106946,-0.15863606658209356,-0.0007919117364394726,-0.037919501787567755,-0.1577134509668243,0.2290623918809826,-0.04046438319301888,0.002537192941990543,-0.0802675585284281,-0.30022680967208704,0.35227770730019603,0.4811594202898551,0.19661707607734594,0.22504901395456117,-0.004090262561027179,0.19082766309153115,0.22054357436666283,0.3226540575865913,0.19761657632722102,0.20297543535924345,0.20516664744550803,0.25431130588551876,0.2135470726175374,0.2667666166916542,-0.16687809941183254,0.02605620266789682,0.3425979318033291,0.22553338715257756,0.4692730557798024,0.37734978664513896,-0.11405835543766578,0.038788298158613004,-0.1867989082381886,-0.03947257140660439,0.15300042286549034,0.32621381616883866,0.35417675777495866,-0.10823050013454812,-0.01554607311728751,-0.06265328874024526,0.11938646061584593,0.01797562757082997,0.2545419597893361,0.13114980971052936,0.19130434782608696,0.24461615346173068,0.05738669126974974,0.15476876946142312,0.12183908045977011,0.04866028524199439,0.15742128935532235,0.015476876946142314,0.236058893630108,0.0013454811056010456,0.23741206319916966,-0.028447314804136394,0.06844270172606004,0.5130204128704878,0.38238573021181715,0.18606081574597316,0.07241763733517856
#11,0.7155883596663207,1.0,0.586137700380579,0.6717026102333449,0.07741513858455387,0.42528735632183906,0.36198054818744474,0.3445123592050129,0.43735055549148505,0.5695383077691923,0.4673355629877369,-0.1319109675931265,0.17617345173567062,0.2986737400530504,-0.17904893706992658,-0.09286126167685388,0.4333986852727482,0.28814054511205933,-0.10151847153346404,0.03537462038211663,-0.21267058778303155,-0.11984007996002,0.10412486064659977,0.26164610002690963,0.2046284550032676,0.27946795832852805,-0.005335793641640718,0.13706223811171336,0.405512628301234,0.3188482681736055,0.21251681851382,0.3833621650713105,0.016683965709452967,0.12118556106562103,0.20788836351055243,0.3962326529043171,0.07704609233844616,0.38004843731980165,-0.2182370353284896,-0.005873986083881137,0.12728251258985893,0.30909929650559337,-0.06579787029562142,0.06131549609810479,-0.09676700111482721,-0.21471571906354514,-0.009310729250759237,0.1450505516472533,0.03435205474185984,-0.06782762464921385,0.08443470572406105,-0.04874485834006074,0.03849613654711106,0.1439664782993119,-0.1267443201476185,0.2514896397954869,-0.10690039595586821,-0.0903701995156268,-0.10880713489409141,-0.1700918771383539,0.25757890285626417,0.4806827355552993,0.20728866336062737,0.1465805558759082,0.041625341175566065,0.28418867489332256,0.18936685503402145,0.35019413370237956,0.27960635067081846,0.2973128820205282,0.30899934648060584,0.4486064659977703,-0.005689462960827279,0.16912313074232116,-0.30008841732979663,-0.0520585860915696,0.082343443662784,0.00808057509706685,0.46094644985199706,0.513727751508861,-0.36637066082343445,-0.1963633567831469,-0.26382962364971363,-0.24280167608503442,0.09072386883481336,0.19977703455964327,0.2632529888901703,-0.09958866720485911,-0.05649482950832276,-0.1997232153154192,0.05986237650405567,-0.17069157728827894,0.13989159266520587,0.0027217160650444007,0.03831930188751778,0.24723791950178756,0.32087802252719794,0.1703225310421712,0.1899281128666436,-0.033229539076615536,0.18054049898127858,0.03356783146888095,0.348948602621766,-0.0029369930419405684,0.13856917694998655,-0.05235074770307154,-0.017053011955560683,0.4861953638565333,0.22779379540998732,0.11849459885441894,0.03545150501672241
#12,0.39086610540883404,0.586137700380579,1.0,0.6156383346788145,-0.2005766347595433,0.46489832007073384,0.23342943912659056,0.004582324222504133,0.18096336447161035,0.6060200668896321,0.2981047937569677,-0.4551570368661823,-0.07871448890939146,-0.08208203590512436,-0.33815399992311534,-0.06662822434936377,0.6821819859301118,0.7445123592050129,-0.10110329450659286,-0.032083958020989505,-0.25524160996424866,-0.009695152423788106,0.36555568369661323,0.30412486064659977,0.28621074078345443,0.4006227655403068,0.4165686387575443,0.2980586629762042,0.14551185945488795,-0.13723907277130665,0.4577788029062392,0.10857648099027409,0.2742090493214931,-0.015407680774997117,-0.10750778456925383,0.05817091454272864,-0.3218544573866913,0.14258255487640795,-0.22344981355476107,-0.12025525698689117,-0.11563449044708415,0.020589705147426286,-0.37779571752585245,-0.29862760927228693,-0.1167416291854073,-0.3320493599354169,0.03105370391727213,0.030746165378849038,0.3611117518163995,0.1532464536962288,0.3508630300234498,0.35271594971744896,0.5410833045015954,0.34392034751854844,-0.06857340560488986,-0.00921077922577173,-0.20939530234882558,-0.2986429861992081,0.22614077576596317,0.17412063199169647,0.004859108907084919,0.20772690577788028,-0.29256141160189136,-0.1652250797678084,0.2873947641563833,0.4577019182716334,-0.11423519009725906,0.035628339676315686,0.1959174259024334,0.20208357359781648,0.7218083266059278,0.7562142005920117,-0.19847768423480566,0.11558067120286011,-0.47504709183869603,0.2315073232614462,-0.154607311728751,0.08239726290700804,0.3360781147887595,0.15340791142890092,-0.4855418444623842,-0.29998077884134855,-0.2180602006688963,-0.49828931688002154,-0.10910698496905394,-0.11281282435705224,0.11600353669319187,0.0076730865336562485,-0.13761580748087496,-0.3059931572675201,-0.08109791258217046,-0.25530311767193326,0.2120785760965671,0.06966516741629185,0.20246030830738476,0.5145119747818399,0.4584323223003883,0.6167300964902165,0.568669511398147,0.23226079268058278,0.4433014262099719,0.6224272479145043,0.45129742820897245,0.45768654134471226,0.28250490139545614,0.23646638219351862,0.11633414062199669,0.20308307384769153,0.07638488448083651,0.09617498942836274,0.06142313458655288
#13,0.6318456156537116,0.6717026102333449,0.6156383346788145,1.0,-0.06479068158228578,0.5152500672740553,0.23036174220582017,0.17724983662015145,0.3853919194249029,0.7124514665744051,0.4378733710068043,-0.21456963825779418,0.11281282435705224,0.11892515280821128,-0.17226002383423672,-0.29881213239534077,0.6368508053665475,0.3139891592665206,-0.16945373467112598,-0.12971975550686196,-0.3169415292353823,-0.2686118479221927,-0.0515819013570138,-0.057102218121708376,0.23694306692807443,0.09296121170184139,0.16258793680083036,0.2375273901510783,0.39773190327912966,0.28824049513704686,0.23439818552262331,0.22979279590973745,0.09002421865990082,0.04048744858340061,0.21178641448506516,0.3844693038096336,0.03461346249951947,0.3139199630953754,-0.16117325952408412,0.020658901318571482,0.2162687886825818,0.3070541652250798,-0.12882789374543496,-0.0989120824203283,-0.1390535501480029,-0.2534655749048553,0.08513435589897358,0.09702840887248683,0.0766232268481144,-0.15700611232845116,0.22625610271787183,0.1469188482681736,0.23867297120670433,0.1171491177488179,-0.10448621842924692,0.22617921808326605,-0.04313996847729981,-0.010133394841041019,-0.0886710490908392,-0.3035943566678199,0.13910736939222695,0.3219236535578365,0.15568369661323184,0.013416368738707569,0.2714488909391458,0.48688732556798525,0.08518817514319763,0.11018336985353477,0.29449121593049626,0.27629262291930956,0.3965478799062008,0.44596163456733173,0.1331718756006612,0.31731057548149,-0.17611963249144658,0.1276669357628878,0.3200784223272979,0.2731172875100911,0.45820166839657095,0.34888709491408143,-0.3973782339599431,-0.2108176680890324,-0.13621650713104985,-0.35878214738784453,-0.04194056817744974,0.05305039787798409,0.30815361549994236,-0.19370314842578712,-0.14856417944873718,-0.2877791873294122,-0.054372813593203395,-0.190266405258909,0.1459039710913774,0.12240033829239226,0.18333141121746818,0.28398877484334756,0.1912197747280206,0.44141775266213046,0.2937377465113597,0.13417906431399684,0.3674393572444547,0.266897320570484,0.21374697266751239,0.18586860415945874,0.3135047860685042,0.12629070080344443,0.13676238803675086,0.30151847153346406,0.15414600392111635,0.08315073232614462,0.06504440087648483
#17,0.2853957636566332,0.07741513858455387,-0.2005766347595433,-0.06479068158228578,1.0,0.3690154922538731,-0.10155691385076693,0.4064506208434244,0.14447391688771,-0.0802675585284281,-0.0008149771268212047,0.7016261100219121,0.21835236228039825,0.3300119171183639,-0.035628339676315686,-0.07066466766616691,0.04492369200015377,-0.10126475223926498,-0.25777880290623917,-0.05231999384922923,-0.19753200322915465,-0.15640641217852613,-0.06823511321262446,-0.08964748395033252,-0.1826471379694768,-0.2472609848921693,-0.2529735132433783,-0.17483565909353016,0.17904893706992658,0.2877330565486488,-0.09176181140199131,0.08617229846615154,0.04422404182524123,0.11202860108407335,0.24819897743435973,0.018237035328489602,0.4073886133856149,-0.08893245684849883,0.17988697958712951,-0.22072040902625611,0.00997962557182947,0.09295352323838081,0.5542767077999462,0.38040979510244877,0.09469880444393187,0.09488332756698574,-0.037373620881866756,0.10191058316995348,-0.2062276554030677,-0.3033944566178449,-0.14674201360858033,-0.24569253834621152,-0.20525122054357436,-0.3734440472071657,-0.046138469226925,-0.16282627916810824,-0.030630838426940376,-0.17611963249144658,0.029715911275131665,-0.17058393879983086,0.2336139622496444,0.3081766808903241,0.15636028139776265,0.2464152539115058,-0.2766001614577327,-0.13361011801791411,0.48004459308807135,0.29446815054011455,-0.03795794410487064,-0.06449083150732327,-0.17232922000538192,-0.0275938953600123,0.06612078576096567,0.1347018798293161,0.0755007111828701,-0.01030254103717372,0.05540306769692077,-0.04427017260600469,0.28490370199515624,0.03435974320532042,0.4189597508937839,0.6494214431245916,-0.11178257025333486,0.5016953061930574,0.6691269749740514,0.308614923307577,0.2604620766539807,0.37844923692000154,0.33601660708107484,0.6033752354591935,0.47525468035213164,0.41327797639641717,0.2589320724253258,-0.024595394610387115,-0.08120555107061854,-0.13795409987314036,-0.20786529812017068,-0.16661669165417292,-0.1041479260369815,-0.00012301541536923846,-0.10400953369469111,-0.014738784453926883,-0.07524699188867105,-0.09414523507477031,-0.022988505747126436,-0.06748164379348787,0.19413370237957944,0.253288740245262,0.22811671087533156,0.14332833583208396,0.11016799292661361
#18,0.44168684888325066,0.42528735632183906,0.46489832007073384,0.5152500672740553,0.3690154922538731,1.0,0.22472609848921693,0.2725944719947718,0.23247606965747894,0.5608349671318187,0.2753623188405797,0.10866874255180102,0.3606735093991466,0.38308538038672973,-0.2699188867104909,-0.222796294160612,0.6182062814746473,0.3421520009226156,-0.3428747164879099,-0.18982047437819552,-0.39760119940029987,-0.32559873909199244,-0.006419866989582132,0.08728712566793527,0.05827855303117672,-0.05107446276861569,0.07057240610463998,0.03777342098181678,0.3070387882981586,0.26439856994579636,0.43120747318648367,0.22705570291777188,0.24599238842117402,0.07096451774112944,0.3354707261753739,0.21249375312343827,0.2695729058547649,0.07940645062084342,-0.06712797447430131,-0.25408834044516204,0.23325260446699728,0.1807480874947142,0.12576019682466458,0.08019836235728289,-0.05632568331219006,-0.06426017760350594,0.19012801291661863,0.07928343520547419,0.06266097720370584,-0.17179871602660207,0.17655018644523893,0.060046899627109525,0.1690078037904125,-0.12250797678084036,-0.13312574481989775,-0.09379925421904432,-0.08352746703571291,-0.08291238995886673,-0.03912659055087841,0.06911928651059086,0.13066543651251297,0.3753738515357706,-0.03901895206243032,0.007327105677930265,0.05446507515473033,0.1475339253450198,0.3097297505093607,0.16248798677584284,0.13240302925460345,0.20512051666474454,0.3717525852458386,0.45190481682235806,0.08691039095836697,0.2405258909007035,-0.1019720908776381,0.14325913966093876,0.11172106254565026,0.11744127936031984,0.5532464536962288,0.10593164955983547,-0.2579402606389113,0.015092453773113444,-0.17750355591435052,-0.11503479029715911,0.2553569369161573,0.06014684965209703,0.2812286164610003,0.21846768923230692,0.2915157805712528,-0.020828047514704188,0.3035251604966747,-0.006696651674162919,0.388920924153308,-0.06279168108253566,0.31674162918540727,0.2044516203436743,0.020943374466612846,0.32376888478837507,0.23445969323030794,0.23962634067581595,0.24786068504209433,0.48312766693576287,0.2544727636181909,0.2774766462922385,0.2451159035866682,0.14817206781224773,0.2710798446930381,0.34092184676892323,0.2708799446430631,0.13091915580671204,0.35262368815592204
#26,0.3325721754507362,0.36198054818744474,0.23342943912659056,0.23036174220582017,-0.10155691385076693,0.22472609848921693,1.0,0.3160266020835736,0.36731634182908546,0.4556952293084227,0.47640026140775765,-0.1065313497097605,0.3743897282128167,0.2935070926075424,0.05078998962057433,-0.049413754661130974,0.2779533310267943,-0.0002614077576596317,-0.26688963210702343,-0.19625571829469882,0.07441663783492869,-0.21114058355437665,-0.06803521316264945,-0.020028447314804135,-0.029831238227040327,-0.14412024756852343,-0.23013877676546343,-0.10265636412562949,0.07075692922769385,0.2365432668281244,0.20498981278591474,0.26643601276284934,0.1414369738207819,0.03236843116903087,0.17051474262868566,0.1813554761080998,0.14340522046668974,0.09698996655518395,-0.15426133087302502,-0.3271671856379503,0.3609656710106485,0.0701264752239265,-0.19811632645215854,-0.06446007765348095,0.05337331334332834,-0.11760273709299196,0.16932303079229616,0.13281051781801406,-0.1139122746319148,-0.14046822742474915,0.006273786183831161,-0.11257448198977435,-0.16418713720063047,-0.23548994733402528,-0.26551339714758004,-0.14953292584476993,-0.04896013531695691,0.034452004766847344,-0.12437627340176066,-0.05474954830277169,-0.02072809748971668,-0.0005074385883981086,0.1906431399684773,0.17531234382808597,-0.15193941490793064,-0.02093568600315227,0.29845846307615426,0.37558912851266674,0.23430592396109637,0.13615499942336523,0.21519240379810095,0.2082727866835813,0.18834428939376466,-0.11498865951639564,-0.023249913504786068,-0.0452542959289586,0.11726444470072656,0.011947872217737285,0.2718717564294776,0.24041056394879484,-0.21685311190558568,-0.17153730826894245,0.16474839503325261,-0.023603582823972628,-0.14352823588205896,0.020212970437857993,-0.04883711990158767,-0.009702840887248683,-0.10723099988467305,-0.2857109906585169,-0.21046399876984584,-0.30286395263906507,-0.0791757967170261,0.019436435628339677,0.12574481989774344,0.07944489293814631,-0.07759197324414716,0.16787759966170762,0.019843924191750278,0.039995386921923656,0.004105639487948333,-0.019190404797601198,0.24679198862107407,0.10196440241417752,0.11468880944143313,0.14179064313996848,0.018483066159228078,0.08256640910314074,0.1890439395686772,-0.08464998270095721,0.16141929035482258
#49,0.4598469995771345,0.3445123592050129,0.004582324222504133,0.17724983662015145,0.4064506208434244,0.2725944719947718,0.3160266020835736,1.0,0.3940260638911314,0.37463575904355517,0.32576788528812517,0.4067120286010841,0.4002075885134356,0.3284742244262484,0.04653826932687503,-0.09610579325721755,0.2870410948371968,-0.07936800830354054,-0.0794525814016069,-0.12857417445123592,-0.08478068657978703,-0.23602813977626572,-0.11372006304540037,-0.009941183254526583,0.05983931111367393,-0.041763733517856456,-0.2602852419943874,-0.08059816245723292,0.3286510590858417,0.500572790527813,0.09069311498097106,0.43216853111905584,0.11818706031599585,0.2738015607580825,0.3433898435397686,0.2925767885288125,0.4233191096759313,0.18151693384077192,0.18790604697651175,-0.13497097605043631,0.18193979933110369,0.17442817053011955,0.2269480644293238,0.12221581516933841,0.07692307692307693,-0.15731365086687427,-0.1062622534886403,0.19046630530888403,-0.27942182754776457,-0.1425364240956445,-0.005404989812785915,-0.22069734363587437,-0.2666897320570484,-0.20123784261715297,-0.1781955176258025,0.06888863260677354,-0.36225733287202555,-0.2582170453234921,-0.08549571368162073,-0.34447391688771,0.0883327566985738,0.10480913389459116,0.2760158382347288,0.2653673163418291,-0.10546265328874024,-0.12342290393264906,0.42605620266789684,0.4410410179525622,0.3214085265059778,0.09629800484373198,0.1046938069426825,0.06526736631684157,0.13298735247760735,-0.042632529888901705,-0.08876331065236613,-0.24975204705339638,-0.031515011724906776,-0.23741206319916966,0.28306615922807826,0.38954368969361475,0.16491754122938532,0.2723638180909545,-0.12764387037250605,0.39015107830700035,0.2821742974666513,0.47030330988351976,0.11594971744896783,0.1784338599930804,0.14075270057279052,0.19522546419098144,0.11621881367008803,0.2136777764963672,0.11052935070926076,0.13773882289624417,0.062384192519125053,0.10553953792334601,-0.03408295852073963,0.0062045900126859645,-0.07433975320032292,0.17026102333448662,0.016537884903701994,-0.06547495483027717,0.23469034713412523,0.01249375312343828,0.17307500096105793,0.16544035674470456,0.024649213854611156,0.1398762157382847,0.12315380771152885,-0.07390151078307,-0.0777149886595164
#50,0.4888478837504325,0.43735055549148505,0.18096336447161035,0.3853919194249029,0.14447391688771,0.23247606965747894,0.36731634182908546,0.3940260638911314,1.0,0.32162380348287395,0.3813400991811786,0.17017645023642025,0.19119670933763888,0.4446930380963364,0.15851305116672432,-0.33575519932341524,0.3650559335716757,-0.010256410256410256,-0.11379694768000614,-0.2479452581401607,0.028939376465613346,-0.42791681082535654,-0.07602352669818936,-0.1964863721985161,0.2001383923422904,-0.17248298927459346,-0.15141659939261137,-0.2563795025564141,0.26819667089532157,0.374274401260908,-0.06255333871525776,0.2158536116557106,0.0404566947295583,0.09414523507477031,0.28382731711067544,0.2554568869411448,0.3696843885749433,0.20745780955676008,0.062168915542228885,-0.2536962288086726,0.22436474070656978,0.1578057125283512,0.1332718256256487,0.07384769153884596,-0.024872179294967902,-0.22905470341752202,0.014069888132856648,-0.1030638526890401,-0.07600046130780763,-0.27548533425594895,-0.016530196440241417,-0.2195671395071695,-0.11631876369507554,-0.24899857763425978,0.05049013954561181,-0.1323261446199977,0.08224349363779648,-0.029331488102102794,-0.0788375043247607,-0.2687194864106408,0.21087148733325645,0.26079268058278554,0.39308038288548036,0.2187906046976512,-0.1949640564333218,0.017491254372813594,0.5024872179294968,0.3938415407680775,0.37611194402798603,0.21962864721485412,0.17180640449006265,0.04754545804021067,0.19538692192365356,0.2567101064852189,0.11924806827355552,0.12981201706838888,0.26779687079537157,0.11644946757390535,0.45908584169453737,0.21845231230538578,-0.14955599123515165,0.05582593318725253,-0.0755699073540153,0.10730788451927882,0.24890631607273286,0.2361050244108715,0.17074539653250298,-0.09265367316341828,-0.12020143774266713,-0.05857071464267866,0.1002729404528505,0.037565832468381195,-0.04381655326183062,-0.09128512666743552,-0.1226924999038942,0.07128743320647368,-0.12717487410141085,0.10751547303271441,-0.050128781762964675,0.047460884942144316,0.051159035866682044,-0.0373274901011033,0.06559797024564641,0.048598777534309766,-0.0007380924922154307,-0.048760235266981894,-0.16649367623880368,0.421504632299235,0.3314881021027948,-0.01380079191173644,0.07407834544266328
#51,0.5123053857686541,0.5695383077691923,0.6060200668896321,0.7124514665744051,-0.0802675585284281,0.5608349671318187,0.4556952293084227,0.37463575904355517,0.32162380348287395,1.0,0.594087571598816,-0.13394841041017952,0.29159266520585864,0.14513512474531964,-0.04779148887094914,-0.10631607273286434,0.7091838696036598,0.39022027447814556,-0.05960096874639603,-0.1079614039134279,-0.18691423519009726,-0.22519509476031216,-0.005135893591665706,-0.04199438742167378,0.27080306000845733,0.1887671548840964,0.05338100180678891,0.07214085265059778,0.26310690808441933,0.21639180409795103,0.3857532772075501,0.3077999461807558,0.30670818436935376,0.12675969707453966,0.22288855572213892,0.34142928535732137,0.14285933956098873,0.3594817975627571,0.07221773728520355,0.008065198170145697,0.2596778533810018,0.1595125514165994,-0.11847153346403722,-0.036504824510821515,0.04420097643485949,-0.15592972744397032,0.07845308115173183,0.032107023411371234,-0.10003459808557259,-0.17480490523968784,0.15839772421481568,0.05822473378695268,0.10234113712374582,0.10205666397570445,-0.2231653404067197,0.15483796563256833,-0.37642717102986967,-0.1604966747395533,0.050259485641794485,-0.2259946949602122,-0.05244300926459847,0.15703686618229346,0.03568984738400031,0.013700841886748933,0.17535847460884943,0.33132664437012266,0.1434513512474532,0.18330834582708647,0.481943643562834,0.39597893361011804,0.6173067312497598,0.5693845384999808,0.22544112559105062,0.23689693614731097,-0.30052665974704956,-0.03626648214354361,0.07851458885941645,0.08275093222619459,0.4776765463422135,0.36695498404643834,-0.3258601468496521,-0.21220159151193635,-0.02525660246799677,-0.2587936800830354,-0.007380924922154307,0.01576135009418368,0.15353861530773075,0.045062084342444166,-0.1253065774804905,-0.22368815592203897,-0.04131011417368239,-0.13856917694998655,0.2075193172644447,0.040833429439126594,0.22431092146234574,0.34137546611309727,0.25782493368700266,0.5225002883173798,0.364686887325568,0.25225079767808406,0.2650982201207089,0.4043209164648445,0.31896359512551414,0.37293660861876754,0.320731941721447,0.2995963556683197,0.2071733364087187,0.11060623534386653,0.14591934801829853,-0.1705378080190674,-0.06785837850305616
#52,0.5894052973513243,0.4673355629877369,0.2981047937569677,0.4378733710068043,-0.0008149771268212047,0.2753623188405797,0.47640026140775765,0.32576788528812517,0.3813400991811786,0.594087571598816,1.0,-0.032030138776765464,0.2370507054165225,0.15418444623841926,-0.08990889170799216,0.06895782877791873,0.2609156959981548,0.11761042555645254,-0.1351170568561873,-0.05820166839657095,-0.15173182639449506,-0.012639833929189251,-0.13257217545073616,-0.072063968015992,0.08997039941567678,-0.005927805328105178,-0.16129627493945334,-0.0034444316303386766,0.14338984353976858,0.2302156614000692,0.11774112943528237,0.1728827893745435,0.0045054395878983584,0.039034328989351476,0.15940491292815132,0.24987506246876562,0.13248760235266982,0.1629877369007804,-0.04318609925806328,0.04065659477953331,0.16946911159804712,0.21042555645254296,0.10040364433168031,-0.0014761849844308614,-0.04317072233114212,-0.05771729519855457,0.09152346903471341,0.005635643716603237,-0.2161688386575943,-0.17108368892476838,-0.049498327759197325,-0.1512013224157152,-0.11711836389497558,0.021896743935724446,-0.23499019720908776,0.19092761311651865,-0.23976473301810633,0.11441202475685235,0.01903663552838965,-0.17827240226040825,0.0333448660285242,0.11475031714911775,0.0991811786414485,0.21264752239264983,0.09896590166455234,0.11727213316418714,0.09779725521854457,0.21570753084995964,0.1368469611348172,0.20518202437242916,0.22161227078768309,0.32466074654980204,0.26698189366855035,0.21615346173067312,-0.17762657132971976,-0.0052665974704955215,0.14299004343981855,0.16228808672586784,0.427616960750394,0.404766847345558,-0.05813247222542575,-0.05523392150078807,0.012455310806135394,0.005028255103217622,0.03698150924537731,0.16534809518317764,0.19328797139891593,-0.03651251297428209,-0.07397839541767577,-0.05136662438011763,0.10308691807942183,0.026256102717871835,0.19533310267942952,0.0899627109522162,0.20932610617768038,0.09386076192672894,0.019136585553377158,0.16447929881213239,0.10637758044054896,0.14480452081651482,0.17767270211048322,0.04769153884596163,0.09288432706723561,0.06739707069542152,0.12706723561296274,0.06252258486141545,0.05297351324337831,0.09761273209549072,0.2443701226309922,-0.11388920924153308,0.009195402298850575
#53,0.026256102717871835,-0.1319109675931265,-0.4551570368661823,-0.21456963825779418,0.7016261100219121,0.10866874255180102,-0.1065313497097605,0.4067120286010841,0.17017645023642025,-0.13394841041017952,-0.032030138776765464,1.0,0.31649559835466884,0.23302195056317995,0.2886095413831546,0.05239687848383501,-0.05820935686003152,-0.24736862338061738,-0.03043862684042594,-0.08046745857840311,0.03299119670933764,-0.10202591012186214,-0.19743974166762773,-0.18512282320378273,-0.2588936301080229,-0.26171529619805484,-0.3332641371621881,-0.1592357667320186,0.03672778995117826,0.22118171683389073,-0.18287010340983353,0.1570599315726752,0.1265059777803406,0.1333487102602545,0.1600891861761427,-0.0015069388382731711,0.4720716564794526,-0.04999807788413486,0.38599161957482797,-0.05114365893976089,0.1504555414600392,-0.1565832468381194,0.5324876023526698,0.30965286587475493,0.10148002921616114,0.1472648291238996,-0.008741782954676508,-0.020282166609003192,-0.3964556183446738,-0.28436550955291584,-0.2034367431668781,-0.2994579633260293,-0.32522200438242416,-0.4368200515127052,-0.022288855572213894,-0.22792449928881714,-0.12825125898589168,-0.27087225617960253,0.06683581286279937,-0.3424595394610387,0.16279552531426594,0.07874524276323376,0.20092261561526928,0.20549725137431285,-0.20614308230500134,-0.16082727866835814,0.40121477722677124,0.20266789682082037,0.1503555914350517,0.04321685311190559,-0.26245338869027024,-0.22112020912620614,0.07520086110790758,0.016591704147926038,-0.008695652173913044,-0.34690347134125243,-0.07745358090185676,-0.23422135086303003,0.07368623380617384,-0.0035136278014838733,0.6583631261292431,0.6396570945296582,0.158082497212932,0.7694768000615078,0.577403605889363,0.4281782185830162,0.1456886941144812,0.49562910852266173,0.2098642986199208,0.7164494675739054,0.24272479145042863,0.6050590089570599,-0.06978049436820051,0.11285895513781571,-0.2949679006650521,-0.2304463153038865,-0.19699381078691425,-0.17099142736324147,-0.060039211163648944,0.14172913543228385,-0.17045323492100103,-0.12659823934186754,-0.1876215738284704,-0.14114481220927996,-0.008933994541190943,-0.016799292661361626,0.2720562795525314,0.03934186752777458,0.008488063660477453,-0.05901664552339215,-0.1345711759504863
#54,0.168015992003998,0.17617345173567062,-0.07871448890939146,0.11281282435705224,0.21835236228039825,0.3606735093991466,0.3743897282128167,0.4002075885134356,0.19119670933763888,0.29159266520585864,0.2370507054165225,0.31649559835466884,1.0,0.39685541844462385,0.24771460423634337,-0.14598854418944374,0.19845461884442395,-0.12951985545688693,-0.08647214854111406,-0.29412985814784914,0.00814208280475147,-0.3253911505785569,-0.07752277707300197,-0.11427363241456195,-0.001122515665244301,-0.2598393111136739,-0.15123976473301812,-0.06190750778456926,0.20941067927574675,0.3493022719409526,0.06952677507400146,0.3550609310729251,0.02084342444162534,0.21423903432898936,0.28445777111444276,0.25557990235651407,0.40652750547803024,0.16140391342790145,0.06922692499903894,-0.16445623342175067,0.378349286895014,0.16853880751931727,0.030515511475031714,0.09460654288240496,0.142290393264906,0.02437242917003037,-0.013693153423288355,-0.020159151193633953,-0.2659131972475301,-0.20691961711451967,0.0774074501210933,-0.10291008341982855,-0.32712874332064734,-0.3902356514050667,-0.21201706838888248,-0.13989159266520587,-0.10883788874793372,-0.05314265943951101,-0.24209433744666128,-0.3402837043016953,-0.03785030561642256,0.015530696190366355,0.4194748779456426,0.19898512282320377,-0.04766078499211932,-0.06615922807826856,0.31079844693038094,0.3202168146695883,0.24230961442355745,0.00340598931303579,-0.0720332141621497,0.024126398339291893,0.2135086303002345,-0.09024718410025756,0.07566216891554223,-0.24688425018260102,0.18415407680774998,-0.07571598815976627,0.4202591012186215,0.2528197439741668,-0.03812709030100334,0.022027447814554263,0.3624879867758429,0.2344673816937685,0.04087187175642948,0.1693768500365202,0.032329988851727984,0.07875293122669434,0.08990120324453157,-0.11321262445700227,-0.024480067658478454,-0.08379656325683313,-0.10007304040287548,-0.024026448314304387,0.03213008880175297,0.03416753161880598,-0.23660477453580903,0.04455464575404605,0.03331411217468189,0.13559374159074308,0.0811517318263945,-0.08152846653596278,0.11495790566255334,0.06329143120747319,0.12898166301464653,0.10030369430669281,0.1674393572444547,0.003698150924537731,0.10710029600584323,-0.18225502633298735,0.0651597278283935
#58,0.21249375312343827,0.2986737400530504,-0.08208203590512436,0.11892515280821128,0.3300119171183639,0.38308538038672973,0.2935070926075424,0.3284742244262484,0.4446930380963364,0.14513512474531964,0.15418444623841926,0.23302195056317995,0.39685541844462385,1.0,-0.04540037673470957,-0.441917502787068,0.08112866643601277,-0.15976627071079844,-0.276776996117326,-0.16632453004267098,-0.09346096182677892,-0.5402375735209318,-0.09145427286356822,0.011448122092799754,0.03831930188751778,-0.32359973859224234,-0.073355629877369,-0.2630300234498136,0.41077153730826893,0.3793795409987314,0.04906777380540499,0.23386768154384346,-0.0050051897128358894,0.18609925806327604,0.45496482527966786,0.29813554761080996,0.5418598393111137,0.20552031676469457,-0.15572213893053474,-0.32121631491946334,0.3938261638411563,0.3348402721716065,0.2812978126321455,0.3717525852458386,-0.121131741821397,-0.16310306385268905,0.22088955522238882,0.08319686310690809,0.0538269326875024,-0.25863991081382387,-0.07660016145773267,-0.2272940452850498,-0.19328797139891593,-0.4347287894514281,-0.08774074501210934,-0.2181293968400415,0.13920731941721448,0.06652058586091569,-0.3010956060431323,-0.0756006612078576,0.28837119901587666,0.27784569253834623,0.47230999884673047,0.19524852958136316,-0.22733248760235267,-0.18342367277899513,0.7948717948717948,0.6375427670779995,0.08505747126436781,-0.009064698420020759,-0.1274593472494522,0.02641756045054396,0.20857263675854382,0.32236958443854996,0.35033252604466997,0.17203705839387998,0.13417137585053626,-0.045000576634759544,0.45451120593549377,0.21270134163687388,-0.17541229385307347,-0.024818360050743858,-0.19606350670818437,0.09383769653634721,0.47810710029600584,0.24170222581017184,0.24891400453619345,-0.022112020912620614,0.2609156959981548,0.03471341252450698,0.34580402106638986,0.07275592972744398,0.11614192903548226,-0.21673009649021643,-0.055026332987352475,-0.22009764348594935,-0.32599085072848194,-0.08016760850344058,-0.24263252988890172,-0.12018606081574597,0.004843731980163764,-0.07289432206973437,0.001445431130588552,0.017076077345942412,-0.008757159881597663,-0.017129896590166456,-0.05883212240033829,0.329973474801061,0.45952408411179024,0.02700188367354784,0.2570483988774843
#101,-0.2447084150232576,-0.17904893706992658,-0.33815399992311534,-0.17226002383423672,-0.035628339676315686,-0.2699188867104909,0.05078998962057433,0.04653826932687503,0.15851305116672432,-0.04779148887094914,-0.08990889170799216,0.2886095413831546,0.24771460423634337,-0.04540037673470957,1.0,0.1531772575250836,-0.10842271172106255,-0.30045746357590436,0.3664936762388037,0.0645446507515473,0.6501287817629646,0.011970937608119018,0.0030753853842309616,-0.27797639641717603,0.02537961788336601,-0.0719947718448468,-0.31757967170261026,-0.37071464267866067,-0.09943489793564757,0.04370122630992196,-0.3157421289355322,-0.05749432975819782,-0.14530427094145235,-0.09194633452504516,0.026794295160112253,0.15245454195978933,0.1609733594741091,0.12532195440741167,0.21351631876369506,0.1489255372313843,0.014669588282781686,0.00834967131818706,0.012785914734940222,0.2749548302771691,0.07514704186368354,-0.01992849728981663,-0.11205935493791566,-0.1839003575135509,-0.41347787644639217,-0.2621689155422289,-0.32387652327682315,-0.23156114250567025,-0.40542805520316766,-0.12047053396378733,0.19363395225464192,0.009702840887248683,-0.12709030100334448,-0.05072848191288971,-0.19566370660823434,-0.29842770922231193,-0.3080613539384154,-0.3410679275746742,0.2546111559604813,-0.10919924653058086,-0.2947680006150771,-0.1490639295736747,0.03539768577249837,-0.1770345596432553,0.4949294583477492,0.08159766270710798,-0.06984969053934571,-0.2374274401260908,0.12925075923576673,-0.0008226655902817822,0.207350171068312,-0.31824856802368046,0.04692269249990389,-0.19893130357897973,-0.041925191250528585,-0.06369123130742321,0.12610617768039056,-0.07402452619843924,0.5100834198285472,0.2788451927882213,0.00831891746434475,-0.06613616268788683,-0.3384230961442356,0.002337292892015531,-0.18165532618306232,-0.08345058240110714,-0.31985545688694117,-0.09967324030292546,-0.5008726406027756,-0.17813400991811787,-0.4637219851612655,-0.09129281513089609,-0.11456579402606389,-0.23482105101295506,-0.2140468227424749,-0.15567600814977126,-0.2596086572098566,-0.29912735939722446,-0.3021719909276131,-0.15422288855572214,-0.2651212855110906,-0.20939530234882558,-0.1141890593164956,-0.30519355706762,-0.130719255756737,-0.4537884903701995,-0.3440894937146811
#102,-0.20062276554030678,-0.09286126167685388,-0.06662822434936377,-0.29881213239534077,-0.07066466766616691,-0.222796294160612,-0.049413754661130974,-0.09610579325721755,-0.33575519932341524,-0.10631607273286434,0.06895782877791873,0.05239687848383501,-0.14598854418944374,-0.441917502787068,0.1531772575250836,1.0,-0.25356552492984274,-0.003098450774612694,0.2096567101064852,0.3924576173451736,0.0809825856302618,0.7612578326221504,-0.01732210817668089,0.26088494214431246,-0.2518740629685157,0.2880713489409142,-0.3984623073078845,-0.08398108637988698,-0.3778495367700765,-0.27237919501787566,-0.17089916580171452,-0.33428670280244493,-0.1416522507976781,-0.30509360704263255,-0.46649752047053394,-0.2533194940991043,-0.4293237996386422,-0.2397032253104217,0.013731595740591242,0.22352669818936685,-0.2363741206319917,-0.43232998885172796,-0.12720562795525314,0.0724407027255603,-0.08541882904701495,0.28486525967785337,-0.16364894475839004,-0.11457348248952447,-0.39703225310421714,0.0216737784953677,-0.43465190481682237,-0.24451620343674316,-0.30963748894783377,0.15686771998616075,-0.1916041979010495,0.19804713028101334,-0.31370468611847924,-0.033014262099719374,0.14997885672548342,0.10221043324491601,-0.11415830546265329,-0.012716718563795026,-0.3799946180755776,-0.00079960019990005,-0.18966670510898398,-0.14523507477030714,-0.3944104870641602,-0.2104486218429247,-0.0677430515511475,0.21599969246146158,0.12040902625610272,0.05850920693499404,-0.0606004689962711,-0.1252143159189636,-0.21937492792065505,-0.3081997462807058,-0.2674816437934879,-0.06898858263176104,-0.38877484334755696,0.15853611655710606,0.3515473032714412,0.09176181140199131,0.18486910390958367,0.10031138277015339,-0.06908084419328797,0.0784300157613501,-0.07949871218237035,0.1458347749202322,-0.1290969899665552,0.0504593856917695,-0.11266674355130127,-0.002983123822704033,-0.013301041786798909,0.09688232806673586,-0.0447084150232576,-0.11063698919770884,0.2913158805212778,-0.32022450313304884,-0.11197478183984931,-0.1477338253949948,-0.2664206358359282,-0.08824049513704686,-0.28207434744166376,-0.2564871410448622,-0.30324068734863335,-0.23140737323645869,-0.11161342405720216,-0.13603967247145657,-0.321185561065621,0.05239687848383501,-0.12745165878599163
#201,0.4084496213431746,0.4333986852727482,0.6821819859301118,0.6368508053665475,0.04492369200015377,0.6182062814746473,0.2779533310267943,0.2870410948371968,0.3650559335716757,0.7091838696036598,0.2609156959981548,-0.05820935686003152,0.19845461884442395,0.08112866643601277,-0.10842271172106255,-0.25356552492984274,1.0,0.5335793641640718,-0.08427324799138892,-0.21353169569061622,-0.20488217429746666,-0.2674047591588821,0.22090493214930995,0.017252912005535692,0.3289970399415677,0.15054780302156615,0.19814708030600084,0.08740245261984392,0.2398493061161727,0.12502210433244915,0.40915695998154766,0.29262291930957596,0.4009764348594933,0.22178910544727637,0.14660362126628992,0.21097143735824395,0.07439357244454696,0.2029216161150194,0.21001037942567177,-0.09951178257025334,0.18829047014954062,0.04836043516703187,-0.09151578057125284,-0.17520470533963786,0.1335486103102295,-0.19328028293545535,0.14410487064160227,0.03376004305539538,0.0538269326875024,-0.11202091262061277,0.25867835313112675,0.18122477222926997,0.29199246530580864,0.07673086533656248,0.045062084342444166,-0.07756121939030484,-0.2235805174335909,-0.3363395225464191,0.14017606581324724,-0.13992234651904817,-0.04936762388036751,0.1555299273440203,-0.058078652981201705,-0.09095452273863068,0.1291200553569369,0.28470380194518125,0.15017875677545842,0.14194441240918002,0.3970245646407565,0.29134663437512015,0.6112559105062854,0.47583900357513553,-0.023864990581632262,0.1688617229846615,-0.3392226963441356,0.03570522431092146,0.0066735862837811865,0.04588474993272595,0.46546726636681657,0.11761811401991312,-0.31277438203974933,-0.04543113058855188,-0.07817629646715105,-0.20964902164302465,-0.013239534079114289,-0.06813516318763695,0.10038826740475916,0.2590704647676162,-0.050213354861031026,-0.07462422634836428,-0.008664898320070735,-0.0002460308307384769,0.13830008072886635,0.09303809633644716,0.13296428708722563,0.5115596048129781,0.3239764733018106,0.6461154038365433,0.5045169722830892,0.3918963595125514,0.3460346749702072,0.6322300388267404,0.4394495060162227,0.5204859108907085,0.42248106715872835,0.3959404912928151,0.28731787952177756,0.16085034405873985,0.14186752777457426,-0.025310421712220813,0.061054088340445165
