,#10,#11,#12,#13,#17,#18,#26,#49,#50,#51,#52,#53,#54,#58,#101,#102,#201,#202,#301,#302,#401,#402,#501,#502,#601,#602,#701,#702,#801,#802,#901,#902,#1001,#1002,#1101,#1102,#1201,#1202,#1301,#1302,#1401,#1402,#1501,#1502,#1601,#1602,#1701,#1702,#1801,#1802,#1901,#1902,#2001,#2002,#2101,#2102,#2201,#2202,#2301,#2302,#2401,#2402,#2501,#2502,#2601,#2602,#2701,#2702,#2801,#2802,#2901,#2902,#3001,#3002,#3101,#3102,#3201,#3202,#3301,#3302,#3401,#3402,#3455,#3501,#3502,#3601,#3602,#3701,#3702,#3801,#3802,#3901,#3902,#4001,#4002,#4101,#4102,#4201,#4202,#4301,#4302,#4401,#4402,#4501,#4502,#4601,#4602,#4701,#4702,#4801,#4802
#10,1.0,0.2469226924999039,0.13382539499481028,0.23048475762118942,-0.06337600430553954,0.06687425518010226,-0.37654249798177836,0.576258024833737,0.1254526582862415,0.13612424556952293,0.06947295582977742,-0.14072194671894822,-0.03323722754007612,-0.3036174220582017,-0.012101641486948833,-0.1810863798869796,0.33959174259024333,0.14717256756237265,0.31998616076577097,-0.2598085572598316,-0.05913197247530081,0.014977126821204782,0.054211355860531274,-0.03731211317418214,0.201837542767078,0.06975742897781878,0.3050320993349479,0.3054395878983585,0.1421596893860762,0.030930688501902896,0.04258639910813824,0.007442432629838926,-0.10207204090262562,-0.29611348172067814,-0.356098873640103,-0.17829546765079,-0.38868258178603005,-0.2842040518202437,-0.0554261330873025,-0.16617844923692,-0.1876446392188521,-0.05564909852765925,0.01423903432898935,-0.010771537308268943,-0.1920655057086841,-0.04768385038250106,0.08762541806020067,0.006519817014569638,-0.006020066889632107,0.07799177334409718,0.023649713604736094,0.0801291661861377,0.26173836158843655,0.18901318571483489,0.12105485718679122,0.15157805712528352,-0.005397301349325337,-0.2321531541921347,-0.0015146273017337486,-0.0021835236228039826,0.12726713566293776,-0.21814477376696267,-0.32067812247722294,-0.17487410141083304,0.479960019990005,0.29492176988428864,-0.3439511013723907,-0.49157728827893743,-0.20355975858224734,-0.3437665782493369,-0.08426555952792834,0.05109752815899742,-0.17656556337216006,0.3969707453965325,-0.23226848114404336,-0.05295044785299658,-0.017775727520854958,0.22944681505401146,-0.1088840195286972,0.09715911275131665,-0.033852304616922305,0.12270018836735479,-0.3006112328451159,-0.3622880867258678,-0.12435320801137893,0.19684004151770268,-0.21756813900741936,-0.15708299696305694,0.28241263983392917,-0.1062238111713374,0.11998616076577096,-0.05789412985814785,0.03452888940145312,-0.0883327566985738,0.0786991119824703,0.24633068081343942,0.15387690769999615,0.268188982431861,0.17851843309114673,0.0705339637873371,0.040887248683350634,0.17933341021796795,0.0749240764233268,-0.03235305424210971,-0.28436550955291584,-0.06297620420558951,-0.13758505362703263,0.06962672509898897,-0.1221850613154961,0.08384269403759659,0.09748971668012148
#11,0.2469226924999039,1.0,0.32567562372659825,0.10262561027178718,0.17877984084880635,0.01421596893860762,0.028062891631107523,0.10989120824203283,0.21675316188059815,0.43881136354899475,0.2617076077345942,-0.08837119901587667,0.3278360819590205,-0.08446545957790336,-0.23315265444200978,0.017375927420904932,0.05855533771575751,0.14611924806827356,0.08864029523699689,-0.16895398454618846,-0.43812709030100333,0.05531080613539384,0.07246376811594203,0.4171760273709299,0.3339868527274824,0.38249336870026523,0.13805404989812786,0.34877945642563335,0.1615499942336524,0.1539307269442202,0.10962211202091263,0.06926536731634184,0.1730134932533733,-0.04700726559797024,0.002452619843924192,-0.16904624610771538,-0.3899358013301042,-0.20914158305462655,0.06161534617306731,0.08934763387537001,0.050236420251412756,-0.018398493061161727,0.05725598739091992,-0.1319109675931265,-0.04008764848345058,0.062145850151847155,0.13142659439511015,-0.06269941952100873,0.05049013954561181,-0.0073501710683119975,-0.08241263983392919,0.13280282935455348,0.024779917733440973,0.09618267789182332,-0.15305424210971438,0.05444969822780917,-0.3384846038519202,-0.5812170837658094,0.058785991619574825,0.2628455003267597,0.12884327067235612,0.029977319032791296,-0.14469688232806674,-0.2475992772844347,0.3614500442086649,0.376457924883712,-0.18953600123015416,-0.08914004536193441,-0.13250297927959098,-0.2813593203398301,0.16214969438357743,0.0024141775266213047,-0.4569715142428786,0.08653365624879868,-0.41460039211163646,-0.23887287125667936,-0.3468188982431861,0.105885518779072,0.08717179871602661,0.32682889324568487,-0.10912236189597509,0.174274401260908,-0.24609233844616155,-0.05827855303117672,0.12186983431361242,0.2115326951908661,0.11554222888555722,0.09582132010917618,0.041240918002537194,-0.08338907469342252,0.1516472532964287,0.10546265328874024,0.24190212586014684,0.060016145773267214,0.14837196786222273,-0.02489524468534963,0.3673470956829278,0.17625802483373698,0.27984469303809634,-0.02505670241802176,0.10804597701149425,0.22594087571598817,0.024111021412370738,0.2893937646561335,0.14045285049782802,0.23651251297428208,0.15942028985507245,0.04789912735939723,0.042747856840810367,0.05378849037019952,0.12210817668089033
#12,0.13382539499481028,0.32567562372659825,1.0,0.34088340445162035,0.2536193441740668,0.47469342251950947,0.014085265059777804,0.06889632107023412,0.18895167800715026,0.23968784838350055,0.31056010456310307,-0.0025064390881482336,0.3054549648252797,-0.12542959289585975,-0.48677199861607656,-0.036520201437742664,0.3060162226579018,0.4893860761926729,-0.08842501826010071,-0.13129589051628032,-0.4186675892822819,-0.07546226886556721,0.13939184254026832,0.30700034598085574,0.39844693038096335,0.36137315957405913,-0.051274362818590706,0.28054434321300886,0.004789912735939723,0.1330334832583708,0.5406373736208818,0.1921731441971322,0.5223003882674048,0.24363971860223735,-0.1410756160381348,-0.21933648560335217,-0.20271402760158383,-0.04220966439856995,0.19178872102410333,0.1870064967516242,0.04313996847729981,-0.19635566831968632,-0.03100757313650867,-0.3577672702110483,-0.04092569100065352,0.06848883250682351,0.19856225733287203,0.131065236612463,0.15504555414600393,0.2406950370968362,0.30941452350747706,0.4004843731980164,0.38097105293507094,0.4328374274401261,0.140053050397878,0.4380809595202399,-0.4520970284088725,-0.5275285434205974,-0.3011417368238957,0.20440548956291085,-0.21366239956944605,-0.2324606927305578,-0.10124937531234383,-0.07851458885941645,0.1015338484603852,0.3032560642755545,-0.19604044131780263,-0.03692000153769269,-0.22543343712759006,-0.014354361280898013,0.39251143658939763,0.459401068696421,-0.21316264944450852,-0.05905508784069504,-0.1685926267635413,-0.12327682312689808,-0.17579671702610233,-0.22750163379848537,0.05128205128205128,0.3472878945142813,-0.02418790604697651,0.20960289086226117,-0.3625341175566063,-0.0694114481220928,0.1234459693230308,-0.1544381655326183,-0.2988428862491831,0.19637873371006803,0.004997501249375313,-0.055718294698804446,0.13488640295236998,-0.23706608234344367,0.19783954176757776,-0.2816207280974897,-0.0509360704263253,0.15974320532041672,0.5445046707415523,0.6438703725060546,0.699027409372237,0.33628570330219504,0.5621804482374197,0.708814823357552,0.16728558797524315,0.6018759850843809,0.5015107830700034,0.5258370814592703,0.4496828508822512,-0.15135509168492678,-0.2714873332564487,-0.10466305308884019,-0.005305039787798408
#13,0.23048475762118942,0.10262561027178718,0.34088340445162035,1.0,0.24490062660977205,0.37592742090493214,0.020289855072463767,-0.04417022258101718,0.05915503786568254,0.13424826048514205,0.15280052281551532,0.10165686387575443,0.28105947026486755,0.12764387037250605,-0.36759312651366627,-0.13159574059124285,0.10995271594971745,0.019144274016837735,-0.34135240072271555,-0.19311882520278323,-0.20328297389766656,-0.29303040787298656,0.2890170299465652,0.002860108407334794,0.2916003536693192,0.10545496482527966,0.13788490370199516,0.48760235266981894,-0.024533886902702494,0.09426056202667897,0.08443470572406105,-0.06410640833429439,0.04703801945181255,0.07268673355629877,-0.07653865375004805,0.030307922961596127,-0.09457578902856265,-0.039257294429708225,0.038865182793218774,-0.03574366662822435,-0.06295313881520778,-0.012332295390766156,0.16843885749432977,-0.33893822319609423,0.11398915926652059,0.07310191058316995,-0.15946642063583594,0.45037481259370316,-0.03876523276823127,0.22023603582823972,0.021027947564679197,0.07331718756006612,0.06299158113251067,-0.06545957790335602,-0.1397378233959943,-0.11867143351401223,-0.0958520739630185,-0.17642717102986968,-0.13487102602544881,0.19992311536539423,0.09689001653019644,0.08916311075231614,-0.024587706146926538,-0.19600968746396033,0.10713104985968554,-0.030869180794218274,0.058024833736977664,0.09213854611155961,-0.22125860146849652,-0.08007534694191366,-0.06797370545496483,0.0223196094260562,-0.061130972975050935,0.2185445738669127,-0.03177641948256641,0.08152846653596278,0.02158151693384077,0.029915811325106678,0.07784569253834621,0.10593933802329604,0.006281474647291739,0.2482835505324261,-0.05401145581055626,0.12033214162149694,0.20890324068734864,0.1370929919655557,0.09964248644908315,0.19348787144889093,0.00867258678353131,0.19507169492176987,0.12985814784915234,0.08933994541190943,0.20831122900088417,-0.2383423672778995,0.06377580440548956,0.18595317725752508,0.15802867796870795,0.2759081997462807,0.30114942528735633,-0.04337831084457771,0.08119786260715796,0.058463076154230575,-0.07043401376234959,0.11414292853573213,0.12606773536308769,0.036989197708837886,0.031438127090301006,0.06648214354361281,0.21186329911967094,-0.2138776765463422,0.029008572636758545
#17,-0.06337600430553954,0.17877984084880635,0.2536193441740668,0.24490062660977205,1.0,0.6518894398954369,0.127590051128282,0.1318879022027448,0.22441087148733327,-0.06591319724753009,0.23529773574751087,0.620359051243609,0.608242032829739,0.19251143658939762,-0.5768192826663592,-0.06106946526736632,-0.1393687771498866,-0.06641294737246761,-0.427909122361896,-0.08716411025256603,-0.4058124783761965,-0.23666628224349365,0.1933033483258371,0.28521892899703993,0.20365202014377426,0.1401530004228655,-0.18665282743243763,0.22232729788951677,0.06892707492407642,0.44632299234997885,0.22236574020681968,0.2651981701456964,0.1253142659439511,0.4007842232729789,0.21080997962557183,0.11654172913543229,0.09624418559950794,0.22829354553492484,0.06575942797831853,0.1865298120170684,0.23049244608464997,0.17153730826894245,0.5089378387729212,-0.10550109560604314,0.4685195863606658,0.42464921385461113,-0.04689193864606159,0.2582862414946373,-0.11219774728020605,-0.2271248990889171,-0.16287240994887173,-0.03803482873947642,-0.25013647022642527,-0.2093184177142198,-0.3379694768000615,-0.12064736862338062,-0.22798600699650176,-0.052581401606888865,0.16806212278476146,0.4769922730942221,-0.015699842386499057,-0.04352439165032868,0.28684888325068236,-0.16671664167916042,-0.002152769768961673,0.07460884942144312,0.16967670011148273,0.4201207088763311,-0.13326413716218813,-0.06577480490523968,0.037888747933725445,0.1211624956752393,-0.058732172375350784,-4.613078076346442e-05,-0.17472802060508208,-0.16602467996770845,-0.385499557913351,-0.09985007496251874,0.5552608311229,0.3929035482258871,0.3012493753123438,0.6071579594817975,0.02230423249913505,0.47799946180755776,0.6950909160804213,0.1442048206665898,0.06551339714758006,0.0908468842501826,-0.045730980663514394,0.47092607542382653,0.6297774189828163,0.3011571137508169,0.5781186329911967,-0.011717218313919963,0.1241917502787068,-0.10566255333871526,0.2043516703186868,0.09934263637412064,0.04180986429861992,-0.11325875523776573,-0.2199746280705801,0.152223888055972,0.17688079037404375,0.07556221889055473,0.06223811171337408,0.060485142044362436,-0.01519240379810095,-0.23906508284319378,0.20344443163033868,-0.22797831853304118,0.12669050090339445
#18,0.06687425518010226,0.01421596893860762,0.47469342251950947,0.37592742090493214,0.6518894398954369,1.0,0.17073001960558182,0.13748510360204513,0.11753354092184677,-0.14822588705647177,0.2017375927420905,0.48358128627993696,0.5371083688924768,0.22650213354861032,-0.5784876792373044,-0.0641371621881367,0.14990966055433821,0.061054088340445165,-0.4167762272709799,-0.04370891477338254,-0.3146349901972091,-0.2577711144427786,0.2909698996655518,0.22798600699650176,0.29300734248260485,0.17704993657017645,-0.18086341444662285,0.2066428324299389,-0.02591012186214585,0.2713950716949218,0.41825241225541077,0.15486871948641065,0.2588474993272594,0.27825318110175684,0.0793449429131588,-0.062361127128743324,-0.009995002498750625,0.06561334717256756,-0.0336831584207896,0.049413754661130974,0.017406681274747243,0.0892784377042248,0.41576903855764424,-0.1718525352708261,0.3762349594433552,0.29658247799177334,0.06335293891515781,0.38215507630799983,-0.04540037673470957,0.037265982393418676,-0.01685311190558567,0.04377042248106716,-0.04692269249990389,0.01821396993810787,-0.11831776419482566,0.13449429131588053,-0.20382116633990696,-0.13551685695613733,-0.10965286587475492,0.2625840925691001,-0.13417906431399684,-0.17630415561450044,0.2054511205935494,-0.08793295659862377,-0.05647945258140161,-0.005489562910852266,0.1959481797562757,0.31937877215238536,-0.11913274132164686,0.06860415945873218,0.17492792065505708,0.24772229269980395,0.060746549802022064,0.004197901049475262,0.02768615692153923,0.02555645254295929,-0.16483296813131895,-0.26293007342482605,0.419667089532157,0.34547341713758506,0.19426440625840927,0.5037327490101103,0.003844231730288702,0.29798177834159845,0.5372852035520701,0.036881559220389805,-0.19893130357897973,0.07748433475569907,0.0004997501249375312,0.41615346173067314,0.4262330373274901,0.06697420520508976,0.3605274285933956,-0.21596125014415868,-0.07523930342521047,-0.053673163418290856,0.3481182485680237,0.3667550839964633,0.33141121746818897,0.1316803136893092,0.11031407373236458,0.40922615615269287,0.13002729404528504,0.2642063583592819,0.2144927536231884,0.21717602737092992,0.17756506362203514,-0.2025910121862146,0.11533464037212163,-0.23768884788375044,0.002744781455426133
#26,-0.37654249798177836,0.028062891631107523,0.014085265059777804,0.020289855072463767,0.127590051128282,0.17073001960558182,1.0,-0.3015646023142275,0.09065467266366817,0.13919194249029332,0.09876600161457733,0.309760504363203,0.36722408026755854,0.48677968707953717,-0.17059931572675202,0.060808057509706685,-0.055280052281551535,-0.15131664936762387,-0.3652788990120324,0.1399454119094299,-0.2703263752739015,-0.05235074770307154,0.0985737900280629,0.22845500326759696,-0.08464998270095721,0.1144274016837735,-0.12692884327067236,-0.09632875869757429,-0.007073386383731211,-0.0650905316572483,0.09426056202667897,-0.06762003613577826,0.07689232306923462,0.08993964556183447,0.04346288394264406,-0.12199284972898167,-0.10600084573098066,-0.08993964556183447,-0.03921116364894476,0.14435858993580133,0.047868373505554916,0.11720293699304193,0.20468996271095222,-0.029715911275131665,0.2245646407565448,0.17624264790681582,-0.06173836158843655,0.16637834928689502,-0.21075616038134778,0.004290162611002191,0.0036289547533925343,0.048898627609272285,-0.10573943797332103,0.06559028178218583,-0.19528697189866606,0.03251451197478184,-0.12954292084726868,0.07636181909045477,-0.07636181909045477,-0.07092607542382655,-0.17023795794410487,0.15699073540153,0.19798562257332872,0.19657094529658248,-0.1836697036097336,-0.09362241955945104,0.38193979933110367,0.4656748548802522,0.21048706416022758,0.29899665551839466,0.27344020297543536,-0.02176604005689463,0.19630184907546228,-0.07783800407488563,0.14567331718756008,0.11048321992849729,0.08939376465613347,-0.028578018682966208,0.4390650828431938,0.11710298696805443,0.0670280244493138,0.14069888132856648,0.28694883327566983,0.2684273247991389,0.34824126398339295,-0.08548802521816015,0.14829508322761695,0.005827855303117672,-0.24001076384884482,0.2893168800215277,0.03761196324914466,-0.02149694383577442,-0.02567946795832853,-0.06596701649175413,-0.22343443662783993,-0.15616806981124823,0.053281051781801404,-0.07428593395609888,0.007357859531772575,-0.30696190366355286,-0.16796217275977396,-0.010264098719870834,-0.10655441510014224,0.01798331603429055,0.008787913735439972,-0.06696651674162919,0.10727713066543651,-0.07157959481797563,0.20798831353553993,-0.2500826509822012,-0.24071810248721792
#49,0.576258024833737,0.10989120824203283,0.06889632107023412,-0.04417022258101718,0.1318879022027448,0.13748510360204513,-0.3015646023142275,1.0,0.22948525737131434,-0.06697420520508976,0.21247068773305655,0.12298466151539615,0.24308614923307578,-0.004320916464844501,0.030008072886633607,-0.3216545573367163,0.3590051128282013,-0.02940068427324799,0.2653288740245262,-0.13204167147195633,0.14021450813055011,-0.13561680698112483,-0.25766347595433053,-0.27701533848460386,0.05785568754084496,-0.2805981624572329,0.09592895859762426,0.08273555529927344,0.2616614769538308,0.22183523622803983,-0.0651904816822358,0.07320954907161804,-0.1417752662130473,-0.2283781186329912,-0.17486641294737246,-0.036174220582016685,-0.3000115326951909,-0.18872871256679352,-0.1737669626725099,-0.3470341752200823,0.09012416868488833,0.05302733248760235,-0.10825356552492985,-0.07348633375619883,-0.20260638911313575,-0.18347749202321917,-0.09226924999038942,-0.028762541806020066,-0.24291700303694308,0.03147656940760389,0.1439972321531542,0.13513243378310844,0.25822473378695265,0.09409910429400685,0.29235382308845576,0.0926844270172606,0.1028947064929074,-0.04556952293084227,-0.09784338599930804,-0.1551608810979126,0.03195325414215969,-0.2710644677661169,-0.05245069772805905,-0.15016337984853728,0.22443393687771498,0.18889017029946564,-0.06541344712259255,-0.16650136470226426,-0.10519355706762004,-0.19681697612732096,-0.038903625110521665,0.14731864836812364,0.14595779033560144,0.3135432283858071,0.014154461230923,-0.10390189520624303,0.015284665359627879,-0.018467689232306923,0.013939184254026833,-0.08799446430630839,0.3084765309652866,0.2503209933494791,-0.11693384077192173,-0.21374697266751239,0.08032906623611272,0.22587167954484297,-0.32108561104063355,-0.004659208857109906,0.03983392918925153,-0.11952485295813632,0.05970091877138354,-0.2128935532233883,-0.17161419290354823,-0.13488640295236998,-0.04796832353054242,0.11016030446315304,-0.18250874562718641,0.14713412524506977,-0.01952100872640603,0.09866605158958983,0.08722561796025065,0.0741398531503479,0.21533079614039136,-0.12808211278975898,-0.348295083227617,-0.10793833852304617,-0.14053742359589436,-0.043724291700303695,-0.05890131857148349,0.05481105601045631,-0.0058816745473417135
#50,0.1254526582862415,0.21675316188059815,0.18895167800715026,0.05915503786568254,0.22441087148733327,0.11753354092184677,0.09065467266366817,0.22948525737131434,1.0,0.11536539422596394,-0.0169453734671126,0.29283050782301157,0.2564486987275593,0.24332449160035366,-0.3688386575942798,-0.1592742090493215,0.1593434052204667,0.21726828893245684,0.08784069503709684,-0.01377003805789413,-0.36945373467112597,-0.19978472302310382,0.057755737515857455,0.25594894860262174,0.06918079421827547,0.06409871987083382,0.0002229654403567447,0.008326605927805328,0.11970937608119017,0.24283242993887671,0.1631107523161496,0.20964133317956407,0.08570330219505631,0.18802906239188097,0.017883366009303042,0.11661861377003806,0.09050090339445661,0.11631107523161496,-0.11787183331411218,0.15351554991734903,-0.10691577288278938,0.15269288432706724,0.1527082612539884,-0.12459155037865682,0.12856648598777534,0.07633875370007304,-0.03186099258063276,-0.009672087033406374,0.02318840579710145,-0.016806981124822203,0.1674009149271518,0.17206012378426172,0.027086456771614194,-0.04272479145042863,0.009879675546841963,-0.06636681659170415,-0.2563487487025718,-0.2606312228501134,0.09152346903471341,0.024034136777764965,-0.195779033560143,-0.2538269326875024,0.11408910929150809,-0.13340252950447853,0.19400299850074962,0.11837927190251028,0.1021796793910737,0.1381847537769577,-0.09094683427517011,-0.03755045554146004,0.11026025448814054,0.4355822088955522,0.0687271748741014,0.2874870257179103,-0.055034021450813056,-0.12551416599392612,-0.22573328720255256,-0.1568139007419367,0.18042517202936992,0.24563871910198748,0.1659401068696421,0.04050282551032176,-0.2591627263291431,0.27535463037711916,0.21050244108714875,0.1471187483181486,-0.1369930419405682,0.02487986775842848,-0.15210087264060276,0.3192019374927921,0.18972052435320802,0.16147310959904662,0.07248683350632376,-0.0031676469457578905,0.03414446622842425,0.1516856956137316,0.18418483066159227,0.04335524545419598,-0.0050590089570599316,-0.015223157651943259,0.03359089685926268,0.08215892053973013,0.3098912082420328,-0.008903240687348633,-0.07276361819090454,-0.11133663937262138,-0.11807173336408719,-0.3449121593049629,-0.012247722292699804,-0.0785299657863376,0.12870487833006575
#51,0.13612424556952293,0.43881136354899475,0.23968784838350055,0.13424826048514205,-0.06591319724753009,-0.14822588705647177,0.13919194249029332,-0.06697420520508976,0.11536539422596394,1.0,0.14997885672548342,-0.18716026602083574,0.05850151847153347,-0.051874062968515745,-0.020382116633990695,-0.2548648752546804,0.15922038980509745,0.19351093683927267,0.1317495098604544,-0.2870410948371968,-0.3449429131588052,-0.2433475569907354,-0.004267097220620459,0.15523007726905777,-0.03406758159381847,0.0030600084573098067,0.11062161227078768,0.1185407296351824,0.05798639141967478,-0.08008303540537423,0.2848114404336293,0.2543958789835851,0.2720024603083074,-0.008326605927805328,0.03640487448583401,-0.015915119363395226,-0.27613885365009805,-0.2076884634605774,0.08821742974666513,0.1333717756506362,0.029854303617422057,-0.1564141006419867,-0.21389305347326337,-0.26171529619805484,-0.28272786683581286,-0.14785684081036404,0.18333909968092876,0.06648983200707338,0.12975050936070426,-0.013985315034790297,0.1568600315227002,0.19084304001845231,0.16982278091723368,0.17959481797562757,0.07807634644216353,0.15114750317149117,-0.06050051897128359,-0.4173144197132203,-0.0585245838619152,0.11661092530657748,0.027432437627340177,0.1679160419790105,-0.19338792142390343,-0.2261945950101872,0.18423096144235573,0.2920001537692692,-0.22663283742744011,-0.1998308538038673,-0.1344327836081959,-0.18293161111751816,0.32223119209625956,0.15968938607619268,-0.11087533156498673,0.23523622803982625,-0.07018798293161112,-0.0005074385883981086,-0.0795140891092915,0.16783146888094413,-0.138415407680775,0.03209933494791066,-0.32160073809249223,-0.16439472571406605,-0.442263483642794,-0.2120785760965671,-0.013939184254026833,-0.09475262368815592,0.22441087148733327,0.1492638296236497,0.1451581901357014,-0.22363433667781493,0.03978779840848806,-0.06156152692884327,0.08463460577403606,0.02738630684657671,0.0055587590819974626,-0.01886748933225695,0.11038326990350979,0.17266751239764733,0.14312843578210896,0.06033906123861146,0.2149079306500596,0.1975858224733787,0.07548533425594894,0.33624726098489216,0.18140160688886325,0.2938530734632684,0.1862607157959482,0.05748664129473725,0.018767539307269442,0.003098450774612694,0.046861184792219276
#52,0.06947295582977742,0.2617076077345942,0.31056010456310307,0.15280052281551532,0.23529773574751087,0.2017375927420905,0.09876600161457733,0.21247068773305655,-0.0169453734671126,0.14997885672548342,1.0,0.23782724022604082,0.4014069888132857,0.26153846153846155,-0.14818744473916887,-0.08355822088955522,0.1609426056202668,-0.027347864529273826,-0.0966286087725368,0.15888209741283205,-0.10699265751739515,-0.10043439818552262,-0.06097720370583939,0.032760542805520314,0.11885595663706608,0.08845577211394302,-0.16780071502710184,0.00402875485334256,0.10427862991581133,0.1652942759389536,0.03343712759005113,-0.027916810825356554,0.11202860108407335,0.03304501595356168,0.10420174528120556,-0.13816168838657594,-0.2600161457732672,-0.1028562641756045,0.07880675047091838,-0.10599315726752008,0.17212163149194634,-0.013239534079114289,0.025441125591050627,-0.16647829931188252,-0.014377426671279744,0.055979702456464074,-0.19182716334140623,-0.05531080613539384,-0.1767270211048322,0.07853765424979818,0.12478376196517126,0.15416138084803752,0.14985584131011417,0.12796678583785032,0.0840425940875716,0.051681851382001306,-0.24202514127551608,-0.10728481912889709,-0.3509014723407527,-0.09220005381924422,-0.09347633875370007,0.14346672817437436,0.0927536231884058,-0.18858263176104256,-0.138961288586476,0.061430823050013454,0.21399300349825087,0.18178603006189212,0.14622688655672164,0.07989851228232038,0.3441356244954446,0.06224580017683466,0.13100372890477838,-0.046092338446161535,0.029193095759812403,-0.10303309883519779,-0.09919655556836966,-0.1871064467766117,0.1956098873640103,0.13884596163456733,0.1718525352708261,0.1824395494560412,-0.07776111944027986,-0.0007842232729788951,0.3349094683427517,-0.06903471341252451,-0.019121208626456002,0.17857994079883135,0.014085265059777804,-0.000722715565294276,0.0339906969592127,-0.34213662399569444,-0.0658363126129243,-0.20103025410371736,-0.15945104370891477,-0.09599815476876947,0.05920885710990659,0.07010340983354477,0.12077807250221044,0.011002191212086265,0.11243608964748394,0.12097028408872487,-0.042824741475416137,0.3292584476992273,0.19467958328528043,0.2541729135432284,0.1985007496251874,-0.07263291431207473,0.2380040748856341,-0.20111482720178372,-0.1221158651443509
#53,-0.14072194671894822,-0.08837119901587667,-0.0025064390881482336,0.10165686387575443,0.620359051243609,0.48358128627993696,0.309760504363203,0.12298466151539615,0.29283050782301157,-0.18716026602083574,0.23782724022604082,1.0,0.5726598239341868,0.5844231730288701,-0.5008572636758544,0.048245108215123206,-0.1039787798408488,-0.2983738899780879,-0.479414139084304,0.1964940606619767,-0.11368930919155806,-0.15823626648214353,0.15649867374005305,0.047837619651712605,0.01057163725829393,0.1048629531388152,-0.3546150001922116,-0.11209010879175797,0.07021873678545343,0.3935570676200361,-0.047076461769115445,-0.039218852112405334,-0.09133125744819898,0.1545073617037635,0.056694729558297775,0.05997770345596432,0.10583169953484796,0.1737746511359705,-0.3469572905854765,-0.11117518163994926,0.21183254526582862,0.24244800676584785,0.5149271518087111,-0.13495559912351515,0.47422442624841427,0.3819628647214854,-0.16217275977395917,0.10004228654903317,-0.1641717602737093,-0.31444277861069464,-0.23485949333025793,-0.2760389036251105,-0.3528389651328182,-0.30141852150847653,-0.4020758851343559,-0.21504632299235,-0.051458885941644564,0.14946372967362473,0.08507284819128898,0.033836927690001156,0.02937761888286626,0.02721716065044401,0.4601545381155576,0.0006612078576096567,-0.1139122746319148,-0.16844654595779032,0.5050090339445662,0.6118094798754469,0.19073540153000423,0.21144812209279976,0.020712720562795526,0.07965248145158191,0.22414946372967362,0.0694422019759351,0.037496636297236,-0.08592626763541306,-0.1676469457578903,-0.12884327067235612,0.6359820089955023,0.2955599123515166,0.6325452658286241,0.5213239534079114,0.28914004536193444,0.5906892707492407,0.824580017683466,0.31784107946026985,0.08048283550532426,0.13035789797408986,-0.08494214431245915,0.685726367585438,0.46843501326259945,0.2669434513512475,0.29165417291354323,0.03692769000115327,0.045800176834659596,-0.27019567139507167,0.035851305116672436,-0.15082458770614693,-0.21545381155576057,-0.20835735978164763,-0.325952408411179,-0.11200553569369162,-0.005681774497366701,-0.13185714834890247,-0.2152077807250221,-0.1686925767885288,-0.19284204051820245,-0.1586591319724753,0.3331718756006612,-0.16493291815630645,0.11678007150271018
#54,-0.03323722754007612,0.3278360819590205,0.3054549648252797,0.28105947026486755,0.608242032829739,0.5371083688924768,0.36722408026755854,0.24308614923307578,0.2564486987275593,0.05850151847153347,0.4014069888132857,0.5726598239341868,1.0,0.5049321493099604,-0.5369392226963441,-0.05139737823395994,0.053696228808672586,-0.10662361127128743,-0.4358897474339753,0.06954215200092262,-0.4077269057778803,-0.2358666820435936,0.02795525314265944,0.19481028716411025,0.09460654288240496,0.1910890708491908,-0.1722677122976973,0.20797293660861876,0.3038096336447161,0.4873025025948564,0.16381040249106216,0.12499135047860685,0.09728981663014646,0.31760273709299197,0.11641102525660246,0.018836735478414638,-0.2045592588321224,0.04097951024487756,-0.06936531734132934,0.07993695459962327,0.25381155576058123,0.23768884788375044,0.37806481374697265,-0.11771037558144005,0.31095990466305307,0.33490177987929115,-0.0863568215892054,0.2643755045554146,-0.21906738938223197,-0.01178641448506516,-0.13093453273363317,-0.04844500826509822,-0.05613347172567562,-0.04179448737169877,-0.2689655172413793,-0.08559566370660823,-0.29660554338215506,-0.15343097681928267,-0.07768423480567409,0.1713220312920463,-0.06712797447430131,-0.06000076884634606,0.40922615615269287,0.030446315303886518,0.055679852381501554,0.10447852996578634,0.4639295736747011,0.6233729289201553,0.05451889439895437,0.14016068888632607,0.23219928497289816,0.07783031561142506,0.06035443816553262,0.05481105601045631,-0.1033713912274632,-0.1695152423788106,-0.27804559258832123,-0.16371814092953524,0.6318994348979357,0.4323376773151886,0.414008380425172,0.5779417983316034,0.2644523891900204,0.3494867950640065,0.6986429861992081,0.23063083842694038,0.0017606581324722255,0.11342021297043786,-0.06905777880290624,0.35207780725022103,0.37800330603928806,0.08957828777918733,0.21546918848268173,-0.17026102333448662,-0.012224656902318071,-0.07725368085188175,0.2140852650597778,0.12314611924806827,0.12083189174643448,-0.16188059816245723,-0.07324030292546034,0.07518548418098643,0.10924537731134433,0.06725867835313112,-0.05612578326221505,0.03247606965747895,0.06582093568600315,-0.14635759043555147,0.21409295352323837,-0.28432706723561296,0.012247722292699804
#58,-0.3036174220582017,-0.08446545957790336,-0.12542959289585975,0.12764387037250605,0.19251143658939762,0.22650213354861032,0.48677968707953717,-0.004320916464844501,0.24332449160035366,-0.051874062968515745,0.26153846153846155,0.5844231730288701,0.5049321493099604,1.0,-0.3110137239072771,-0.0384807596201899,-0.08813285664859878,-0.15861300119171184,-0.4563795025564141,0.3825548764079499,-0.04447776111944028,-0.2335524545419598,-0.0611771037558144,0.026702033598585324,-0.12449160035366932,-0.007442432629838926,-0.2840118402337293,-0.0813208780225272,0.04381655326183062,0.2766386037750356,-0.19010494752623688,-0.1643024641525391,-0.1796486372198516,-0.03378310844577711,0.07650789989620574,-0.0014761849844308614,-0.10923768884788375,-0.007457809556760082,-0.4468150540114558,-0.22367277899511784,0.12031676469457579,0.2731787952177757,0.14504286318379273,-0.15905124360896475,0.1314727251758736,0.13094990966055434,-0.3571137508168992,0.1101372390727713,-0.3476723176873102,0.05360396724714566,-0.16222657901818321,-0.14367431668780994,-0.2544804520816515,-0.1727059547149502,-0.1151039864683043,-0.130519355706762,0.04002614077576596,0.28464229423749665,-0.2531349709760504,-0.2542421097143736,-0.025518010225656404,0.14704186368354286,0.4863337561988237,0.01900588167454734,-0.19706300695805942,-0.07166416791604198,0.6672894322069735,0.6516587859916195,0.24463153038865182,0.46120016914619616,0.17733440971821782,0.0646138469226925,0.4799215776727021,0.21852919693999154,0.41044093337946413,0.266951139814708,0.19216545573367164,-0.08691807942182755,0.4116403336793142,0.1690078037904125,0.4922000538192442,0.30414023757352093,0.41629185407296354,0.4637911813324107,0.5421596893860762,0.285818629146965,0.1956406412178526,0.22351900972590627,-0.06734325145119748,0.3498020220658901,0.0986737400530504,-0.04749163879598662,-0.13051166724330143,-0.1565140506669742,-0.23285280436704725,-0.31951716449467576,0.016691654172913545,-0.3003959558682197,-0.14887171798716026,-0.2247337869526775,-0.11016799292661361,-0.3143966478299312,-0.047814554261330876,-0.14489678237804174,-0.1359320339830085,-0.2555645254295929,-0.09859685541844462,-0.10875331564986737,0.45885518779072004,-0.3237919501787568,-0.19083535155499173
#101,-0.012101641486948833,-0.23315265444200978,-0.48677199861607656,-0.36759312651366627,-0.5768192826663592,-0.5784876792373044,-0.17059931572675202,0.030008072886633607,-0.3688386575942798,-0.020382116633990695,-0.14818744473916887,-0.5008572636758544,-0.5369392226963441,-0.3110137239072771,1.0,0.0063506708184369355,0.16427939876215739,-0.05125898589166955,0.5867143351401223,-0.048437319801637645,0.5029485257371314,0.08284319378772152,-0.3012339983854227,-0.4450159535616807,-0.3776727021104832,-0.4289547533925345,0.20886479837004573,-0.34477376696267253,0.1797178333909968,-0.3294660362126629,-0.20887248683350632,-0.007803790412486065,-0.2210279475646792,-0.1848921692999654,0.21146349901972092,0.12191596509437588,0.10926844270172606,0.1157882597162957,0.0877484334755699,-0.05238150155691385,-0.012586014684965209,-0.13506323761196326,-0.46645907815323107,0.2357282897013032,-0.3670779994618076,-0.4328374274401261,0.0007534694191365856,-0.212316918463845,-0.0496751624187906,-0.06369123130742321,0.045408065198170144,-0.11281282435705224,0.05146657440510514,-0.07696920770384039,0.29975781340099183,-0.0870718486910391,0.24510052665974705,0.22406489063160728,-0.015415369238457695,-0.3091223618959751,-0.0680813439434129,0.023703532848960134,-0.07014954061430823,0.00559720139930035,-0.07511628800984123,-0.19586360665820934,-0.07932956598623765,-0.34772613693153426,0.3351170568561873,0.01116364894475839,0.015423057701918272,-0.19684772998116326,0.11295890516280321,-0.06929612117018413,0.09558297774189828,0.011063698919770883,0.18072502210433244,0.021427747664629224,-0.42751701072540654,-0.47551608810979124,-0.2502210433244916,-0.46289931957098374,0.056556337216007384,-0.45884749932725943,-0.5590973743897282,-0.37798024064890634,-0.03810402491062161,-0.10433244916003537,-0.06914235190097259,-0.47568523430592397,-0.47038019451812557,-0.20756544804520816,-0.4429170030369431,0.045085149732825895,-0.07863760427478568,0.18681428516510976,-0.41608426555952793,-0.29487563910352516,-0.33687002652519893,-0.04029523699688617,-0.16157305962403415,-0.24752239264982892,-0.09620574328220505,-0.21994387421673778,-0.1549225387306347,-0.18168608003690462,-0.09681313189559067,0.031245915503786567,-0.22662514896397956,0.06846576711644178,-0.09463729673624727
#102,-0.1810863798869796,0.017375927420904932,-0.036520201437742664,-0.13159574059124285,-0.06106946526736632,-0.0641371621881367,0.060808057509706685,-0.3216545573367163,-0.1592742090493215,-0.2548648752546804,-0.08355822088955522,0.048245108215123206,-0.05139737823395994,-0.0384807596201899,0.0063506708184369355,1.0,-0.17357475108599546,0.12139314957905663,-0.06712797447430131,0.4973128820205282,0.10118017914119863,0.7586591319724753,0.17370545496482528,0.39412601391611884,0.33597816476377196,0.6308461154038365,-0.2626686656671664,-0.2873409449121593,-0.14418175527620805,0.1632875869757429,-0.03648944758390036,-0.017698842886249185,-0.03739668627224849,0.09968861722984662,-0.15313112674432014,-0.13955330027294044,0.10224118709875832,0.394341290893015,0.10916849267673856,0.33141121746818897,-0.2029600584323223,0.13172644447007265,0.1990081882135855,0.32798985122823204,0.27136431784107945,0.4379425671779495,-0.06011609579825472,-0.5068158228578019,0.018944373966862722,-0.3019105831699535,-0.44686118479221926,-0.41460039211163646,-0.24730711567293276,-0.1254526582862415,-0.33506323761196327,0.09216161150194134,-0.3876215738284704,0.018621458501518473,-0.051274362818590706,-0.11560373659324184,-0.1460039211163649,-0.22815515319263446,0.22577172951985547,0.4545496482527967,-0.08847114904086419,-0.1799254219044324,0.14915619113520162,0.1443355245454196,0.5166570560873409,0.43818090954522737,0.11957867220236036,-0.04632299234997886,-0.072063968015992,-0.4151462730173375,-0.1194633452504517,-0.19398762157382848,-0.14652673663168417,-0.31225925498789064,0.1151039864683043,0.41590743089993465,0.09416830046515204,0.09325337331334332,0.16557106062353438,0.2069349940414408,0.0785991619574828,-0.0235113212624457,-0.2902548725637181,0.03716603236843117,-0.025425748664129475,0.13629339176565564,0.05561065621035636,-0.03629723599738592,0.015261599969246146,0.007534694191365855,-0.07472417637335178,0.021158651443509015,0.3256371814092954,-0.20682735555299273,-0.07666166916541729,-0.10763079998462308,-0.25609502940837275,-0.015292353823088457,-0.2035751355091685,-0.06144619997693461,-0.028885557221389305,-0.012424556952293084,-0.07663860377503556,-0.17987160266020835,-0.16754699573290277,-0.05356552492984277,-0.035520701187867605
#201,0.33959174259024333,0.05855533771575751,0.3060162226579018,0.10995271594971745,-0.1393687771498866,0.14990966055433821,-0.055280052281551535,0.3590051128282013,0.1593434052204667,0.15922038980509745,0.1609426056202668,-0.1039787798408488,0.053696228808672586,-0.08813285664859878,0.16427939876215739,-0.17357475108599546,1.0,0.19767039557144506,0.3743897282128167,-0.25319647868373507,-0.04676123476723177,-0.08063660477453581,-0.05454964825279668,-0.12346134624995195,0.002967746895782878,-0.07347864529273825,0.10886095413831545,-0.09070080344443163,0.4175604505439588,0.011501941337023796,0.32369968861722986,0.12593703148425786,0.071518087110291,-0.19635566831968632,0.008111328950909161,-0.10600084573098066,-0.1951024487756122,-0.24083342943912658,0.03562065121285511,0.011232845115903587,0.0444700726559797,0.06647445508015223,-0.2783992619075078,0.011525006727405527,-0.3189405297351324,-0.337923346019298,0.04516203436743167,0.006319916964594626,-0.007219467189482182,0.19055856687041095,0.35922038980509746,0.26819667089532157,0.4706723561296275,0.46936531734132936,0.5021027947564679,0.3613654711105985,-0.023549763579748587,-0.25480336754699573,-0.21146349901972092,-0.20338292392265406,-0.38011763349094685,-0.2711797947180256,-0.29519086610540884,-0.20216814669588282,0.0795832852804367,0.08442701726060046,-0.18430015761350094,-0.3350709260754238,0.045738669126974975,-0.11474262868565717,0.2915772882789375,0.30673124975973554,0.04784530811517318,0.06204590012685965,0.07477030715411526,-0.105139737823396,0.020851112905085917,-0.1910429400684273,-0.12015530696190366,0.012070887633106524,0.12208511129050859,-0.06637450505516472,-0.16051205166647445,-0.18689116979971554,-0.13949179256525585,-0.17466651289739746,-0.41649175412293854,0.1091146734325145,0.12515280821127897,-0.1489947334025295,-0.27834544266328376,-0.380532810517818,-0.3407296351824088,-0.2162303463652789,-0.1446430630838427,0.4490600853419444,0.1093222619459501,0.2673048091338946,0.11874062968515742,0.16770076500211434,0.3269519086610541,0.3318187060315996,0.15445354245953946,0.0726790450928382,-0.07776880790374044,0.08932456848498828,0.0869334563487487,-0.20103025410371736,-0.23641256294929458,0.01669934263637412,-0.020305231999384922
