,#10,#11,#12,#13,#17,#18,#26,#49,#50,#51,#52,#53,#54,#58,#101,#102,#201,#202,#301,#302,#401,#402,#501,#502,#601,#602,#701,#702,#801,#802,#901,#902,#1001,#1002,#1101,#1102,#1201,#1202,#1301,#1302,#1401,#1402,#1501,#1502,#1601,#1602,#1701,#1702,#1801,#1802,#1901,#1902,#2001,#2002,#2101,#2102,#2201,#2202,#2301,#2302,#2401,#2402,#2501,#2502,#2601,#2602,#2701,#2702,#2801,#2802,#2901,#2902,#3001,#3002,#3101,#3102,#3201,#3202,#3301,#3302,#3401,#3402,#3455,#3501,#3502,#3601,#3602,#3701,#3702,#3801,#3802,#3901,#3902,#4001,#4002,#4101,#4102,#4201,#4202,#4301,#4302,#4401,#4402,#4501,#4502,#4601,#4602,#4701,#4702,#4801,#4802
#10,1.0,0.464913696997655,0.5419982316534041,0.6438549955791335,-0.033775419982316535,0.05591050628531888,0.3494022219659401,0.39981547687694613,0.21134817206781226,0.6473916887709991,0.28780994118325454,0.06802752469918887,0.42444931380463613,0.014869488332756699,-0.25813247222542574,-0.14106023911121363,0.5155576058124783,0.32828201283973396,-0.12412255410756161,0.16489447583900357,0.20281397762657133,0.35596048129781266,-0.010064198669895821,0.0073501710683119975,0.033852304616922305,0.2557721139430285,0.20142236574020683,0.5102910083419828,0.09735901280129167,-0.022796294160612,0.07540844962134317,-0.13676238803675086,0.17555068619536385,0.003751970168761773,-0.18559181947487793,-0.10507823011571138,-0.09665936262637911,-0.019436435628339677,0.2701187867604659,0.35606043132280013,-0.08150540114558105,-0.12600622765540306,-0.24543881905201245,-0.3524545419597893,-0.1451812555260831,-0.053227232537577364,0.08866336062737862,0.31284357821089454,0.11676469457578903,0.16018144773766962,0.11290508591857917,0.22114327451658786,0.18812132395340792,0.4735785953177257,-0.11664167916041979,0.05871679544842963,0.060915695998154766,0.1444047207165648,0.11917118363894975,0.01130972975050936,0.012624457002268098,0.0807749971168262,-0.2528120555107062,0.15732133933033482,0.44814515819013573,0.39852381501556916,-0.08754853342559489,0.11359704763003114,0.029769730519355705,0.11430438626840426,0.29736670126475223,0.3776111944027986,0.0060892630607773035,0.320439780109945,-0.08750240264483143,0.25627186406796604,0.09234613462499519,0.0875792872794372,0.10154153692384577,0.21504632299235,0.051958636066582096,0.020958751393534,,-0.07072617537385154,-0.07829931188252028,-0.21931342021297043,-0.04971360473609349,0.0413408680275247,-0.09134663437512013,-0.02659439511013724,-0.09655172413793103,0.03235305424210971,0.2790989120824203,-0.03603582823972629,-0.0818975127820705,0.3451505016722408,0.08603390612386115,0.3877138353899973,0.3929496790066505,0.21702994656517896,0.30965286587475493,0.2716564794525814,0.28756391035251605,0.34265175104755313,0.21292430707723062,0.28367354784146387,0.04759927728443471,-0.015376926921154808,0.179587129512167,-0.0107177180640449,-0.044131780263714296
#11,0.464913696997655,1.0,0.5730903778879791,0.3511782570253335,-0.2166762772459924,0.020628147464729175,0.45602583323722756,0.4090800753469419,0.3863222235036328,0.6020681966708953,0.45827086456771615,-0.2167685388075193,0.164886787375543,-0.1796870795371545,-0.1762503363702764,-0.09177718832891246,0.4222196594010687,0.41176334909468343,-0.06993426363741206,0.09790489370699265,0.1853381001806789,0.34824126398339295,0.27150271018336986,0.26000845730980665,0.17237535078614538,0.2624995194710337,0.17178333909968094,0.31647253296428707,0.22579479491023718,0.0626071579594818,0.03833467881443894,-0.11162880098412332,-0.03692000153769269,-0.1808480375197017,-0.1594356667819936,-0.26179986929612115,-0.18736785453427132,-0.09667473955330028,-0.012032445315803636,-0.06064659977703456,0.04633068081343943,-0.005128205128205128,-0.27643101526159997,-0.11686464460077653,-0.18095567600814977,-0.03393687771498866,0.2995579133510168,0.03176873101910583,0.2236497136047361,0.20147618498443087,0.19299580978741399,0.08653365624879868,0.14867181793718526,0.11737208318917465,-0.1685926267635413,-0.1093914581170953,-0.1121131741821397,-0.17990235651405068,-0.03948794833352554,0.0618229346865029,-0.05624879867758428,0.07008803290662362,-0.27226386806596703,-0.03670472456079652,0.6078037904124861,0.4870487833006574,-0.17375158574558874,-0.09060085341944413,-0.1191250528581863,-0.08460385192019375,0.266151539614808,0.3246684350132626,-0.21307038788298158,0.11814092953523238,-0.23379848537269826,-0.006273786183831161,-0.011732595240841118,0.05027486256871564,0.12144696882328067,0.2311997847230231,-0.10245646407565448,-0.1417752662130473,,-0.12206973436358744,-0.07880675047091838,-0.2062968515742129,0.06922692499903894,-0.06389881982085881,0.009441433129589052,-0.2827816860800369,-0.18123246069273055,-0.13435589897359013,0.08288932456848498,-0.09070849190789221,0.030046515203936492,0.5466266866566717,0.28820974128320453,0.35350017299042785,0.3103678929765886,0.26841963633567834,0.24805289662860877,0.2290239495636797,0.11722600238342368,0.11769499865451889,0.06245338869027025,0.13833083458270864,-0.11164417791104447,-0.022204282474147543,0.0986045438819052,-0.18408488063660478,-0.14342059739361088
#12,0.5419982316534041,0.5730903778879791,1.0,0.7302041287048783,-0.1315419213470188,0.04119478722177373,0.2927766885787875,0.1898589166954984,0.35840541267827625,0.7076000461307808,0.35087071848691037,-0.12695959712451466,0.3038403874985584,-0.16058893630108023,-0.17559681697612733,-0.13386383731211318,0.6901933648560336,0.637096836197286,-0.17237535078614538,0.023826548264329374,0.24523891900203745,0.2919847768423481,0.27167954484296314,0.1434513512474532,0.2330680813439434,0.3160342905470342,0.41117902587167954,0.5663629723599739,0.15068619536385652,-0.03302963902664052,0.1383462115096298,-0.007872986583631262,0.29195402298850576,0.10948371967862222,-0.24067966016991504,-0.14842578710644677,-0.11934801829854304,-0.09222311920962596,0.33111136739322644,0.13929189251528082,0.001430054203667397,0.060784992119324956,-0.30062660977203703,-0.1796870795371545,-0.0680505900895706,0.014292853573213393,0.3378541498481529,0.2700726559797025,0.49918886710490906,0.366724330142621,0.25323492100103795,0.3205089762810902,0.4415484565409603,0.32299234997885673,0.017268288932456848,-0.17006881174797217,0.0677814938684504,0.08542651751047553,0.09287663860377504,0.20665052089339944,-0.26625917810325606,-0.1583900357513551,-0.29842770922231193,0.01077922577172952,0.5129435282358821,0.4466535962787837,-0.25211240533579365,-0.02667896820820359,-0.21842924691500404,-0.2919693999154269,0.2943835774420482,0.3689309191558067,-0.17901818321608426,0.2721869834313612,-0.33060392880482836,0.1017029946565179,-0.17372083189174645,-0.014023757352093184,0.050882251182101254,0.11717218313919964,-0.11996309537538923,-0.06986506746626686,,-0.20568946296082727,-0.23083073847691538,-0.4120708876331065,-0.23795025564141006,-0.010948371967862223,0.01412370737708069,-0.20905700995656018,-0.2354515050167224,-0.16419482566409102,0.32870487833006573,-0.19168877099911583,-0.020651212855110908,0.4519201937492792,0.012193903048475762,0.6337062238111714,0.44447776111944026,0.4958520739630185,0.6110790758466921,0.6025525698689117,0.46989582132010915,0.35782877791873297,0.3658401568446546,0.3959481797562757,0.17786491369699767,-0.29062391880982585,-0.14925614116018915,-0.3183792719025103,-0.10307154115250067
#13,0.6438549955791335,0.3511782570253335,0.7302041287048783,1.0,-0.06534425095144736,0.03916503286818129,0.08185138200130704,0.17350555491485026,0.2240572021681467,0.733448660285242,0.20515127051858686,-0.009833544766078499,0.22142774766462922,-0.28644139468727176,-0.10456310306385269,-0.2149079306500596,0.5350017299042786,0.32240802675585284,-0.010471687233306423,0.13482489524468536,0.11594971744896783,0.16581709145427287,0.0905085918579172,0.0109560604313228,0.14428939376465613,0.2196363356783147,0.21876753930726944,0.5586130011917119,0.09281513089609042,-0.03376004305539538,0.21603813477876446,0.07993695459962327,0.3372236958443855,0.2384115634490447,-0.08278937454349748,9.995002498750625e-05,0.1289585976242648,0.08348902471841002,0.23090762311152116,0.2354515050167224,0.03523622803982624,-0.06028524199438742,-0.18287779187329412,-0.16919232691346633,-0.03991850228731788,-0.0009764348594933302,0.14605005189712836,0.41750663129973475,0.2025141275516088,0.1948564179448737,0.20665820935686002,0.1982316534040672,0.2550493983777342,0.22726329143120746,-0.07867604659208857,-0.0752623688155922,0.12594471994771844,0.09605966247645407,-0.01802944681505401,-0.06046976511744128,-0.11185945488794065,-0.12041671471956329,-0.12393034252104716,0.08518817514319763,0.4187829162341906,0.3148425787106447,-0.1293968400415177,-0.05125129742820897,-0.1522008226655903,-0.10317149117748818,0.023465190481682236,0.23649713604736095,-0.070026525198939,0.2213662399569446,-0.13362549494483528,0.1672317687310191,-0.017698842886249185,-3.844231730288702e-05,0.084926767385538,0.0837043016953062,-0.06924230192596009,-0.05691769499865452,,-0.13996847729981163,-0.03118440779610195,-0.32087802252719794,-0.25379617883366007,0.12864337062238113,-0.04147157190635452,0.007942182754776457,-0.1942490293314881,-0.07545458040210663,0.2057432822050513,-0.025956252642909315,-0.13637027640026142,0.20488986276092722,-0.004582324222504133,0.44690731557298274,0.46595932802829354,0.3768423480567409,0.42767846845807866,0.4188598008687964,0.5226617460500519,0.25523392150078805,0.30392496059662477,0.33649329181563065,0.2505900895705993,-0.16565563372160075,-0.038519201937492795,-0.1782262714796448,-0.18766770460923385
#17,-0.033775419982316535,-0.2166762772459924,-0.1315419213470188,-0.06534425095144736,1.0,0.5179333410217968,-0.11096759312651366,0.12828201283973398,-0.07886056971514242,-0.14407411678775997,-0.23852689040095337,0.8596470995271595,0.23582055126283014,0.3183408295852074,-0.33764656133471727,-0.21910583169953485,-0.16657824933687002,-0.12064736862338062,-0.22937761888286626,-0.1267366316841579,-0.15584515434590396,-0.1660400568946296,-0.3375004805289663,-0.27602352669818936,-0.4813900741936724,-0.24573866912697498,0.0017683465959328027,0.010064198669895821,-0.20993349479106602,-0.008388113635489948,0.0987736900780379,0.08581862914696498,0.0722023603582824,0.014861799869296121,-0.010902241187098758,-0.09040095336946911,-0.21129435282358822,-0.25853996078883634,0.14228270480144542,0.04553876907699996,0.10856110406335294,0.04834505824011071,0.40277553530926846,-0.12296928458847499,0.17667320186060817,0.1373620881866759,-0.11318955906662054,0.0045054395878983584,0.2299158113251067,0.23095375389228462,0.03871910198746781,0.12649828931688,0.11423519009725906,-0.10863030023449814,-0.22328066735862837,-0.10460923384461615,-0.07719217314419713,0.06620535885903202,0.18756006612078577,0.2897781878291623,-0.17482797063006958,-0.026448314304386267,-0.11137508168992427,-0.022765540306769694,-0.23187636950755391,-0.10127244070272556,0.017022258101718372,-0.06471379694768001,-0.1926190750778457,-0.013339484104101795,-0.03562065121285511,-0.021120209126206126,-0.12273863068465767,0.018306231499634798,-0.20623534386652828,0.02084342444162534,-0.19075846692038595,-0.20603544381655325,-0.35318494598854416,-0.3118440779610195,0.5391227463191481,0.6533656248798677,,0.5492484526967285,0.4378349286895014,0.03179948487294814,-0.0146311459654788,0.45779417983316034,0.3780340598931304,0.6135932033983008,0.6229577518932842,0.2240187598508438,0.17847999077384386,-0.15609118517664244,-0.11913274132164686,-0.2877176796217276,-0.38946680505900894,-0.013277976396417175,-0.17654249798177835,0.04184830661592281,-0.033506323761196326,0.2102102794756468,0.10822281167108753,0.1184792219274978,0.0910544727636182,0.1365086687425518,0.09217698842886249,-0.10444008764848345,0.05479567908353516,-0.11711067543151502,-0.10054972513743128
#18,0.05591050628531888,0.020628147464729175,0.04119478722177373,0.03916503286818129,0.5179333410217968,1.0,0.036558643755045556,0.07498558413101142,-0.09550609310729251,0.06764310152616,0.03866528274324376,0.47140276015838234,0.1859147349402222,0.19042786299158113,-0.34547341713758506,-0.07278668358128627,0.08834044516203436,0.11318187060315996,-0.27952946603621265,-0.0686656671664168,-0.09447583900357513,-0.0759773959174259,-0.32243109214623455,0.06235343866528274,-0.34646522892399956,0.010148771767962172,0.13550148002921616,0.1185407296351824,-0.09777418982816284,0.1385845538769077,-0.1539307269442202,0.15230846115403837,-0.103502095106293,-0.18994348979356476,-0.07809941183254526,0.042632529888901705,-0.35745973167262524,-0.25285049782800906,0.04594625764041056,0.10297159112751317,0.10847653096528659,0.25241994387421673,0.06850420943374466,-0.13933802329604428,0.12828970130319456,0.2933379464114097,-0.09837388997808788,0.07151039864683043,0.18260100718871333,0.35883596663206857,0.022757851843309116,0.22954676507899896,0.12746703571291276,-0.025418060200668897,-0.11697228308922462,-0.09738976665513398,0.15962018990504748,0.3095759812401492,0.003728904778380041,0.06905009033944566,0.02022065890131857,0.07109522161995925,-0.09527543920347518,-0.2507515473032714,-0.12426863491331258,0.05105908584169454,0.09720524353208011,-0.13384846038519202,-0.22079729366086187,-0.09975781340099181,0.03288355822088956,0.13417906431399684,0.04513128051358936,0.19600968746396033,-0.13989928112866643,0.09085457271364318,-0.006281474647291739,0.055987390919924655,-0.046361434667281744,-0.03987237150655441,0.4347441663783493,0.5822934686502902,,-0.02301157113750817,0.27450121093299507,-0.0018990504747626188,-0.006865797870295621,0.29607503940337526,0.35680621227847614,0.08831737977165263,0.41359320339830086,0.12429170030369431,0.22724022604082575,0.014723407527005728,-0.060723484411640334,-0.17407450121093299,-0.2829815861300119,0.12470687733056549,-0.10793833852304617,0.03806558259331873,-0.09221543074616538,0.08236650905316573,-0.02570253334871026,0.0019682466459078154,-0.004874485834006074,0.027409372236958444,-0.12185445738669128,0.07011109829700535,0.18351593434052205,0.06439088148233575,-0.08648752546803522
#26,0.3494022219659401,0.45602583323722756,0.2927766885787875,0.08185138200130704,-0.11096759312651366,0.036558643755045556,1.0,0.2423326798139392,0.2902702494906393,0.41637642717102985,0.41032560642755544,-0.12251566524430092,0.4665590281782186,0.37031484257871067,-0.23910352516049668,-0.06440625840925691,0.3114212124706877,0.32200822665590284,-0.15805943182255025,-0.05880136854649598,0.10024987506246877,0.32751316649367623,-0.009956560181447738,0.08679506400645831,-0.0994579633260293,0.11884057971014493,-0.01589974243647407,0.06514435090147234,0.03142275016337985,-0.034159843155345405,-0.129773574751086,-0.1282743243762734,0.14758005612578326,0.03746588244339369,-0.21957482797063008,-0.17712682120478224,-0.23430592396109637,-0.0785299657863376,0.09627493945335025,-0.0921077922577173,-0.07828393495559913,-0.008119017414369737,-0.40929535232383807,-0.2823511321262446,-0.2675815938184754,-0.20161457732672125,0.27593126513666244,-0.01220159151193634,0.08918617614269789,0.027263291431207475,0.1450505516472533,0.12700572790527814,0.1884980586629762,0.2710106485218929,-0.20453619344174068,-0.11886364510052666,-0.014262099719371084,-0.07513935340022297,0.18471533464037213,0.21329335332333832,0.0897243685849383,0.22386499058163226,-0.16992273094222118,0.24193287971398916,0.271664167916042,0.09028562641756045,0.18138622996194212,0.44285549532925844,0.10838426940375966,0.1416830046515204,0.5246991888671049,0.49842002075885133,0.005135893591665706,0.23685849383000807,-0.1731211317418214,0.13223388305847075,0.07752277707300197,0.19627878368508053,0.1236458693730058,0.16423326798139393,0.0371890977588129,-0.03811940183754277,,-0.24476992273094222,-0.15950486295313882,0.04397032253104217,0.2573021181716834,-0.06615922807826856,-0.017106831199784723,-0.2485910890708492,-0.12517587360166071,0.10706185368854035,0.2084649982700957,-0.10220274478145543,0.15668319686310692,0.32872794372044745,0.13897666551339716,0.24430861492330758,0.1567523930342521,0.25440356744704573,0.28059047399377235,0.07969861223234537,0.033275669857379,0.28268942451851,0.20552031676469457,0.27084919078922076,0.14840272171606506,0.09784338599930804,-0.06975742897781878,0.11105216622458002,0.13058086341444664
#49,0.39981547687694613,0.4090800753469419,0.1898589166954984,0.17350555491485026,0.12828201283973398,0.07498558413101142,0.2423326798139392,1.0,0.5484872948141314,0.3272517587360166,0.32515280821127895,0.23142275016337985,0.2552262330373275,0.09392226963441357,-0.0844193287971399,-0.12515280821127897,0.31093683927267135,0.09197708837888748,0.03624341675316188,0.11384307846076962,-0.056033521700688114,0.10557029177718832,-0.01844462384192519,-0.08933225694844885,-0.10081113289509092,-0.1305270441702226,-0.11492715180871103,-0.07364779148887095,0.36207280974897166,0.2938530734632684,0.23925729442970822,-0.03752739015107831,0.17289816630146465,0.09178487679237304,0.06688194364356283,-0.06064659977703456,0.006004689962710952,0.1122823203782724,-0.00841117902587168,0.16085803252220043,0.034267481643793486,-0.1472648291238996,-0.25012878176296466,-0.3112290008841733,-0.3054780302156614,-0.26339906969592125,-0.05645638719101988,-0.09940414408180526,-0.021197093760811903,-0.1287586975742898,-0.00015376926921154807,-0.08997808787913736,-0.025356552492984276,0.14012993503248375,-0.3046938069426825,0.15692922769384537,-0.2799907738438473,-0.23628954753392534,-0.04545419597893361,-0.03355245454195979,-0.08291238995886673,0.083635105524161,0.09768192826663591,-0.053588590320224505,0.30580863414446624,0.19098912082420327,0.025033637027640027,-0.08661822934686503,0.2149694383577442,0.1951332026294545,0.24624610771537309,0.25750970668511897,0.05387306346826587,0.06771998616076577,0.006635143966478299,0.04289393764656133,-0.06844270172606004,-0.10196440241417752,0.08412716718563795,0.1335486103102295,0.2738323146119248,0.0665897820320609,,0.16535578364663822,0.015230846115403837,0.030730788451927882,0.04965978549186945,0.14173682389574443,0.011186714335140123,0.011148272017837236,0.0235113212624457,-0.05717141429285357,-0.01717602737092992,-0.11930188751777958,-0.004336293391765655,0.17500480528966286,0.15606043132280015,0.001714527351708761,-0.08241263983392919,0.08830969130819205,-0.05046707415523008,0.1807711528850959,0.06198439241917503,-0.044293237996386424,-0.024826048514204436,0.18425402683273748,0.002460308307384769,-0.07954484296313381,0.11142890093414831,-0.14558105562603313,-0.06007765348095183
#50,0.21134817206781226,0.3863222235036328,0.35840541267827625,0.2240572021681467,-0.07886056971514242,-0.09550609310729251,0.2902702494906393,0.5484872948141314,1.0,0.4311997847230231,0.3888055972013993,-0.07284050282551033,0.34146003921116364,0.10960673509399146,-0.031430438626840425,-0.2655364625379618,0.44391650328681814,0.2962134317456656,0.05670241802175835,0.024703033098835196,0.03176873101910583,-0.011771037558144005,0.034375120132241574,-0.1548149002421866,-0.13700841886748932,-0.27647714604236345,0.000722715565294276,0.09623649713604736,0.34747241763733516,0.20587398608388113,0.20415945873217237,-0.028362741706070043,0.2883250682351132,0.3379002806289163,-0.010271787183331412,0.0392649828931688,0.09286895014031446,0.1505631799484873,0.0849959635566832,-0.03700457463575904,0.06875024026448315,0.06768923230692346,-0.297443585899358,-0.1764194825664091,-0.31877138353899975,-0.34344366278399263,0.2863183792719025,0.04517741129435282,0.23897282128166686,-0.08708722561796026,0.2224887556221889,-0.03861146349901972,0.2978203206089263,0.21683004651520393,-0.23693537846461385,0.06652827432437627,-0.02970053434821051,-0.11072156229577519,0.057694229808172834,-0.021297043785799406,0.007696151924037981,0.18699111982470304,0.14255180102256565,0.19607888363510553,0.3614500442086649,0.19182716334140623,0.12835120901087918,0.07752277707300197,0.13636258793680084,0.13421750663129972,0.3049244608464998,0.3769269211548072,-0.06715872832814362,0.26106177680390574,-0.08118248568023681,0.13455579902356515,0.0367816091954023,0.2242571022181217,0.16650136470226426,0.1316495598354669,-0.018137085303502096,-0.13241071771806404,,-0.062130473224926,-0.12013993003498251,0.04562334217506631,0.19035097835697537,0.04972898166301465,-0.051950947603121515,-0.16686272248491138,-0.05860915695998155,0.02869334563487487,0.24636912313074233,-0.08692576788528812,-0.07706146926536732,0.3172721331641871,0.1114980971052935,0.1849998077884135,0.0015915119363395225,0.36151155191634954,0.17831853304117173,0.19943874216737784,0.3941798331603429,-0.15975858224733788,0.03602045131280514,0.35656018144773766,0.1497482028216661,-0.04463153038865183,0.08493445584899857,-0.18180140698881328,-0.08939376465613347
#51,0.6473916887709991,0.6020681966708953,0.7076000461307808,0.733448660285242,-0.14407411678775997,0.06764310152616,0.41637642717102985,0.3272517587360166,0.4311997847230231,1.0,0.54114481220928,-0.13399454119094298,0.4072579095067851,-0.12455310806135393,-0.2665436512512974,-0.32677507400146083,0.6181985930111867,0.4463768115942029,-0.13651635720601238,-0.043755045554146006,0.14951754891784877,0.21969784338599932,0.040425940875715986,-0.003698150924537731,0.16110406335293892,0.16980740399031255,0.26969592127013414,0.4991196709337639,0.18038672971206704,0.0346365278899012,0.0979279590973744,0.04806827355552993,0.38960519740129934,0.1361396224964441,-0.21977472802060508,-0.12173913043478261,-0.028578018682966208,-0.06875024026448315,0.2734248260485142,0.13857686541344713,-0.009795102448775612,-0.1001345481105601,-0.37399761657632724,-0.29804328604928304,-0.15715219313420212,-0.06356821589205397,0.3708069042401876,0.313781570753085,0.2861876753930727,0.13206473686233805,0.29903509783569754,0.20621996693960712,0.3826240725790951,0.276776996117326,-0.23424441625341175,-0.13428670280244492,0.16168069811248223,-0.019628647214854113,0.14588090570099566,0.06000076884634606,-0.015907430899934648,0.09504478529965786,-0.19380309845077462,0.17545842463383693,0.5898896705493407,0.36979202706339137,-0.12031676469457579,-0.004751470418636835,-0.09291508092107792,-0.05044400876484834,0.18753700073040402,0.41120977972552186,-0.1907815323107677,0.21386998808288163,-0.2928612616768539,0.19175027870680045,0.06263791181332411,0.22178910544727637,0.11197478183984931,0.07960635067081843,-0.05286587475493023,-0.09095452273863068,,-0.2277015338484604,-0.15948948602621765,-0.17764963672010148,0.04883711990158767,0.047122592549878904,-0.011009879675546843,-0.21230923000038443,-0.23133048860185293,-0.028716411025256603,0.3108983969553685,0.08837888747933725,0.0898243186099258,0.3877984084880637,0.0916618613770038,0.5676469457578903,0.5102679429516012,0.4681197862607158,0.4452235420751163,0.38072502210433246,0.3488178987429362,0.34780302156614,0.36789297658862874,0.47619267289432204,0.2697804943682005,-0.033098835197785725,0.08694883327566985,-0.09619805481874448,-0.06194595010187214
#52,0.28780994118325454,0.45827086456771615,0.35087071848691037,0.20515127051858686,-0.23852689040095337,0.03866528274324376,0.41032560642755544,0.32515280821127895,0.3888055972013993,0.54114481220928,1.0,-0.19436435628339677,0.2602621766040057,0.12081651481951332,-0.08180525122054358,-0.40590473993772347,0.24343213008880174,0.07862991581132511,-0.039226540575865915,-0.26936531734132935,-0.15163187636950756,-0.15150117249067774,0.0027217160650444007,-0.16344904470841504,0.20128397339791643,0.03265290431707223,0.07370161073309499,0.025871679544842964,0.1764886787375543,0.04785299657863376,0.0005228155153192634,-0.013593203398300849,0.1068388882481836,0.015830546265328874,-0.057863376004305536,-0.03332180063814247,0.09816630146465229,-0.05777111444277861,0.0,-0.14941759889286127,0.03639718602237343,-0.10143389843539768,-0.37229077768807906,-0.25199707838388496,-0.0758774458924384,-0.161557682697113,0.21877522777073002,-0.12054741859839312,0.04558489985776343,-0.10152615999692462,0.046530580863414446,-0.11089839695536848,0.0881251681851382,-0.06738169376850037,-0.21336254949448352,-0.11740283704301695,0.018936685503402145,-0.07506246876561719,0.16347211009879675,0.12546034674970208,0.056663975704455465,0.05239687848383501,0.02863952639065083,0.11334332833583208,0.3322338830584708,0.1540691192865106,0.03594356667819936,-0.07724599238842117,-0.0219121208626456,-0.04044131780263714,0.17486641294737246,0.1855764425479568,0.027855303117671933,0.010502441087148734,-0.08301233998385422,-0.0016914619613270288,0.07014185215084766,0.10044977511244378,0.1585899358013301,0.041271671856379505,0.014231345865528775,-0.26756621689155424,,-0.08668742551801023,-0.1283127666935763,0.159174259024334,0.10842271172106255,-0.20012301541536923,-0.11421212470687733,-0.2879560219890055,-0.3756506362203514,0.022581017183715836,0.17232922000538192,0.08832506823511321,0.35118594548879406,0.2540960289086226,0.0340598931303579,0.21870603159958482,0.139707069542152,0.15353092684427017,0.1499173490177988,0.07292507592357668,-0.06472917387460116,0.2636912313074232,0.20606619767039558,0.2694191365855534,0.10313304886018529,0.05858609156959982,0.05508015223157652,0.012801291661861378,0.18207819167339406
#53,0.06802752469918887,-0.2167685388075193,-0.12695959712451466,-0.009833544766078499,0.8596470995271595,0.47140276015838234,-0.12251566524430092,0.23142275016337985,-0.07284050282551033,-0.13399454119094298,-0.19436435628339677,1.0,0.2500211432745166,0.31094452773613196,-0.2473301810633145,-0.09494483527467036,-0.09369161573059624,-0.1845538769077,-0.1328643370622381,-0.004989812785914735,-0.2484526967285588,-0.1115672932764387,-0.26981124822204283,-0.27930650059585593,-0.38758313151116747,-0.1790720024603083,-0.09713604736093492,-0.08664898320070734,0.000953369469111598,0.14921769884288624,0.11756429477568908,-0.019259600968746397,0.023880367508553414,0.038380809595202396,0.0817591204397801,-0.09921962095875139,-0.09886595163956484,-0.1304501595356168,0.17031484257871066,0.12693653173413294,0.10809979625571829,-0.04326298389266905,0.398162457232922,-0.10470149540614308,0.2350132625994695,0.1340252950447853,-0.17370545496482528,0.08882481836005074,0.10906085418829047,0.15542228885557222,-0.07980625072079345,-0.054372813593203395,-0.057917195248529584,-0.0057048398877484335,-0.19259600968746396,0.031069080844193287,-0.11158267020335985,0.082343443662784,0.3118978972052435,0.22680198362357282,-0.16779302656364126,-0.09505247376311844,0.00046899627109522164,0.021058701418521508,-0.1554299773190328,-0.13182639449506017,0.06762772459923884,-0.03730442471072156,-0.015215469188482681,0.14316687809941184,0.06160765770960674,0.08474224426248414,-0.005189712835889747,0.010663898819820859,-0.1712220812670588,-0.038903625110521665,-0.1765194325913966,-0.16695498404643833,-0.1684234805674086,-0.11991696459462577,0.605312728251259,0.650905316572483,,0.549348402721716,0.43954945604121015,0.0011917118363894976,-0.09879675546841964,0.5396609387613885,0.354261330873025,0.6387421673778495,0.6131395840541268,0.2086033906123861,0.16918463845000575,-0.024802983123822703,-0.06640525890900703,-0.2528197439741668,-0.262876254180602,-0.13353323338330836,-0.24398569945796333,-0.022065890131857148,-0.16238803675085534,0.1810094952523738,0.0667589282281936,-0.07224080267558529,-0.11490408641832929,0.0038211663399069697,-0.10330988351977857,-0.12348441164033368,0.06784300157613501,-0.016537884903701994,0.0040364433168031365
#54,0.42444931380463613,0.164886787375543,0.3038403874985584,0.22142774766462922,0.23582055126283014,0.1859147349402222,0.4665590281782186,0.2552262330373275,0.34146003921116364,0.4072579095067851,0.2602621766040057,0.2500211432745166,1.0,0.48413485564909853,-0.2911082920078422,-0.1520547418598393,0.4234036827739976,0.20262945450351746,-0.3034790297159113,-0.165632568331219,0.0285472648291239,0.008718717564294775,-0.26157690385576443,-0.09359935416906931,-0.18114788759466421,-0.058739860838811365,0.1748587244839119,0.1952023988005997,0.0016837734978664514,0.031169030869180794,0.03452888940145312,-0.142436474070657,0.31791796409487566,0.2177987929112367,-0.24128704878330065,-0.08453465574904856,-0.20600468996271096,-0.15379233460192981,0.3545227386306847,0.1399761657632722,0.013616268788682582,0.021043324491600353,-0.08123630492446085,-0.23302195056317995,0.030369430669280745,-0.004951370468611848,0.2809825856302618,0.1438895936647061,0.3136278014838734,0.21424672279244994,0.2904086418329297,0.18147849152346904,0.4545419597893361,0.2893168800215277,-0.03716603236843117,-0.07654634221350863,0.2506285318879022,0.1831238227040326,0.2914850267174105,0.16739322646369123,0.04277861069465267,0.16284934455848998,-0.10128012916618613,0.30949909660554337,0.0203129204628455,-0.008603390612386115,0.11393534002229655,0.2840118402337293,-0.0604620766539807,0.13420981816783917,0.20685042094337447,0.41111751816399494,-0.16533271825625648,0.20550493983777343,-0.0490985276592473,0.2763464421635336,0.0930919155806712,0.17728059047399378,0.005858609156959981,-0.0654980202206589,0.3239918502287318,0.36617076077345945,,-0.09266905009033945,-0.09821243224541576,-0.06332987352477608,0.10780763464421636,0.2957828777918733,0.2196594010686964,0.11882520278322377,0.19637104524660748,0.17917964094875638,0.4947987544689194,-0.07500096105793257,-0.035766732018606084,0.11144427786106946,-0.23112290008841732,0.3435205474185984,0.08875562218890555,0.3364779148887095,0.25606427555453043,0.28426555952792837,0.21492330757698075,0.2190827663091531,0.14238265482643295,0.38071733364087185,0.29021643024641525,0.048106715872832814,0.09348402721716065,-0.042394187521623806,0.00719640179910045
#58,0.014869488332756699,-0.1796870795371545,-0.16058893630108023,-0.28644139468727176,0.3183408295852074,0.19042786299158113,0.37031484257871067,0.09392226963441357,0.10960673509399146,-0.12455310806135393,0.12081651481951332,0.31094452773613196,0.48413485564909853,1.0,-0.1842155845154346,-0.13338715257755737,-0.07751508860954139,-0.0892476838503825,-0.15309268442701726,-0.2283396763156883,0.008787913735439972,0.0040056894629608274,-0.49685157421289355,-0.3342790143389844,-0.5048937069926576,-0.3599431053703917,-0.0677814938684504,-0.21924422404182525,-0.08636451005266597,-0.009333794641140968,0.034513512474531965,-0.18646830430938377,0.08981663014646522,0.09627493945335025,-0.036858493830008075,0.03618190904547726,-0.1232076269557529,-0.11212086264560028,0.16941529235382308,0.1958789835851305,-0.07392457617345173,-0.019528697189866606,0.0052050897628109025,-0.35136278014838734,-0.13074232114711876,-0.20532041671471957,0.08651827932187753,-0.13648560335217008,0.17882597162956984,0.08817898742936224,0.17638104024910622,0.18691423519009726,0.3006727405528005,0.2864875254680352,-0.09300734248260485,0.16857724983662015,-0.10594702648675662,0.06122323453657787,0.25521085611040634,0.2765232768231269,0.025987006496751622,0.09153115749817399,0.10773843847307116,0.29926575173951486,-0.33297966401414675,-0.17024564640756545,0.43147656940760387,0.3237919501787568,0.2262637911813324,0.34412024756852344,0.36071964017991004,0.2993580133010418,0.11618037135278515,0.12679045092838195,0.08643370622381118,0.1415753661630723,0.05414215968938608,0.06079268058278553,-0.07562372659823934,-0.13550148002921616,0.490439395686772,0.3130434782608696,,0.06769692077038404,-0.12481451581901357,0.21287817629646716,0.10028062891631108,0.05730980663514396,0.058086341444662286,0.1320186060815746,0.1452581401606889,0.14288240495137047,0.1485872448391189,-0.1658785991619575,0.07913735439972322,-0.24415484565409604,-0.3612270787683082,-0.025479567908353516,-0.28610310229500635,0.13154960981047936,0.20465152039364934,-0.023941875216238036,-0.18882097412832047,0.235459193480183,0.1327336331834083,0.31277438203974933,0.2375965863222235,0.054026832737477416,-0.006458309306885019,0.1100372890477838,0.2403183023872679
#101,-0.25813247222542574,-0.1762503363702764,-0.17559681697612733,-0.10456310306385269,-0.33764656133471727,-0.34547341713758506,-0.23910352516049668,-0.0844193287971399,-0.031430438626840425,-0.2665436512512974,-0.08180525122054358,-0.2473301810633145,-0.2911082920078422,-0.1842155845154346,1.0,0.556644754545804,-0.1478799062007458,-0.45449582900857266,0.7084611540383654,0.26848883250682354,-0.17056087340944912,-0.17436666282243493,0.22452619843924193,0.12352285395763657,0.2635297735747511,0.03804251720293699,-0.4531272825125899,-0.5340944912159304,0.3325721754507362,0.25870141852150846,-0.065059777803406,0.19314957905662553,-0.08707953715449968,0.27262522584861415,0.5961711451966325,0.6073117287510091,0.6957367470111099,0.6688655672163918,-0.1984084880636605,-0.002022065890131857,-0.07681543843462883,0.09973474801061008,-0.17190635451505018,0.19707838388498058,-0.20704263252988891,-0.28847883750432474,-0.3462653288740245,-0.4190904547726137,-0.4104101795256218,-0.4491677238303925,-0.4670664667666167,-0.6299850074962519,-0.47712297697305195,-0.18623765040556645,0.33168031368930917,0.375020182216584,-0.12231576519432591,0.009871987083381386,-0.29838157844154845,-0.4769615192403798,-0.15507630799984623,-0.2903163802714028,0.6081574597316727,0.055272363818090954,-0.19228847114904085,-0.3170030369430669,0.21724522354207512,0.10950678506900396,0.5341790643139969,0.2765540306769692,-0.06390650828431937,-0.18759850843808865,0.3882904701495406,-0.11703379079690923,0.4227117210625457,-0.09259985391919424,-0.16235728289701304,-0.1866220735785953,0.4065121285511091,0.35258524583861917,-0.3488563410602391,-0.4594779533310268,,-0.11961711451966324,-0.18156306462153537,-0.2053819244224042,-0.3291892515280821,-0.23427517010725407,-0.2540960289086226,-0.17066082343443661,-0.3069003959558682,-0.22744012609080075,-0.3426286856571714,-0.2663591281282436,-0.036666282243493636,-0.12104716872333064,0.31825625648714106,-0.6262253488640295,-0.39707838388498057,-0.39647099527159496,-0.40920309076231115,-0.46579018183216087,-0.21526928843270673,-0.37698074039903123,-0.4279706300695806,-0.3575827470879945,-0.23859608657209858,-0.229946565178949,-0.21695306193057318,-0.007042632529888902,0.22730942221197092
#102,-0.14106023911121363,-0.09177718832891246,-0.13386383731211318,-0.2149079306500596,-0.21910583169953485,-0.07278668358128627,-0.06440625840925691,-0.12515280821127897,-0.2655364625379618,-0.32677507400146083,-0.40590473993772347,-0.09494483527467036,-0.1520547418598393,-0.13338715257755737,0.556644754545804,1.0,-0.04047207165647945,-0.05522623303732749,0.1752277707300196,0.4244646907315573,0.043424441625341176,0.2897628109022412,0.21675316188059815,0.5265290431707224,0.15289278437704223,0.365032868181294,-0.25714834890247185,-0.2651289739745512,0.08848652596778533,0.09425287356321839,-0.23632798985122824,-0.05653327182562565,-0.270426325298889,-0.20039211163648946,0.20296774689578287,0.1591050628531888,0.06959597124514666,0.3081766808903241,-0.06929612117018413,0.004013377926421404,-0.05561834467381694,0.21051781801406988,-0.052496828508822514,0.3082458770614693,-0.009756660131472725,0.02940068427324799,-0.23156114250567025,-0.2344673816937685,-0.26882712489908894,-0.061869065467266365,-0.3370545496482528,-0.22842424941375467,-0.3330873025025949,0.17891823319109676,0.4164686887325568,0.31809479875446894,-0.0836658593780033,0.160266020835736,-0.12740552800522814,-0.1612424556952293,-0.20380578941298583,-0.17409756660131473,0.0787683081536155,-0.07685388075193172,-0.2408718717564295,-0.2338907469342252,-0.023757352093184178,0.1573751585745589,0.31454272863568217,0.18521508476530965,0.050943758889785876,-0.01018721408526506,0.20320608926306077,0.06659747049552148,0.09419136585553377,-0.02458001768346596,-0.1300734248260485,-0.031268980894168304,0.2085341944412409,0.32774382039749356,-0.24053357936416409,-0.023173028870180294,,-0.22843962634067583,-0.09718217814169838,-0.40914158305462656,-0.2223888055972014,-0.010148771767962172,0.03196863106908084,-0.18949755891285128,0.09702840887248683,-0.2236497136047361,-0.07985238150155691,-0.18549955791335102,-0.005105139737823396,0.03612808980125322,0.29415292353823086,-0.3156883096913082,-0.2616999192711337,-0.2741706070041902,-0.30722331142121245,-0.23385999308038288,-0.2986352977357475,-0.33979933110367894,-0.3796101949025487,-0.4656364125629493,-0.46722023603582824,-0.2190597009187714,-0.1589359166570561,0.033144965978549185,0.19093530157997923
#201,0.5155576058124783,0.4222196594010687,0.6901933648560336,0.5350017299042786,-0.16657824933687002,0.08834044516203436,0.3114212124706877,0.31093683927267135,0.44391650328681814,0.6181985930111867,0.24343213008880174,-0.09369161573059624,0.4234036827739976,-0.07751508860954139,-0.1478799062007458,-0.04047207165647945,1.0,0.5607888363510553,-0.23515165494175988,0.0319148118248568,0.1297043785799408,0.18902856264175605,0.1893130357897974,0.19801637642717104,0.18433091146734326,0.2511359704763003,0.24977511244377812,0.4264021835236228,0.25732518356206513,0.11834082958520739,0.23363702764002614,0.003713527851458886,0.4050974512743628,0.2512820512820513,-0.11746434475070157,-0.03808095952023988,-0.07168723330642371,0.007119517164494675,0.22713258755237767,0.19841617652712107,-0.14493522469534464,0.03479798562257333,-0.29433744666128475,-0.0865567216391804,-0.1412370737708069,-0.021719909276131166,0.3638642217352862,0.37728827893745437,0.34299773190327915,0.22608695652173913,0.2152385345788644,0.19548687194864106,0.3745896282627917,0.43675085534156,-0.04945219697843386,-0.04323991850228732,0.09436820051512705,0.12379963864221735,0.1697920270633914,0.07496251874062969,-0.17037635028639525,-0.032683658170914544,-0.1659708607234844,0.022196594010686965,0.4630530888401953,0.28830969130819206,-0.10118786760465921,0.06751239764733018,-0.06700495905893207,-0.07653865375004805,0.21051781801406988,0.49579825471879446,-0.11363548994733402,0.23809633644716102,-0.2359358782147388,0.1914273632414562,-0.047122592549878904,0.129973474801061,0.09297658862876254,0.1462038211663399,0.034805674086033904,-0.04354745704071041,,-0.3053242609464499,-0.24558489985776344,-0.30461692230807674,-0.10879944643063084,0.08561872909698996,-0.11355091684926767,-0.1551147503171491,-0.07327874524276323,-0.11814092953523238,0.3741129435282359,-0.056394879483335256,-0.00660439011263599,0.452942759389536,0.12506054664975205,0.5475954330527044,0.4443393687771499,0.4778226271479645,0.4209279975396917,0.49317648867873753,0.42448006765847845,0.140053050397878,0.2174528120555107,0.38844423941875217,0.21010264098719872,-0.16821589205397303,0.01726060046899627,-0.18277784184830662,0.017606581324722256
