,#10,#11,#12,#13,#17,#18,#26,#49,#50,#51,#52,#53,#54,#58,#101,#102,#201,#202,#301,#302,#401,#402,#501,#502,#601,#602,#701,#702,#801,#802,#901,#902,#1001,#1002,#1101,#1102,#1201,#1202,#1301,#1302,#1401,#1402,#1501,#1502,#1601,#1602,#1701,#1702,#1801,#1802,#1901,#1902,#2001,#2002,#2101,#2102,#2201,#2202,#2301,#2302,#2401,#2402,#2501,#2502,#2601,#2602,#2701,#2702,#2801,#2802,#2901,#2902,#3001,#3002,#3101,#3102,#3201,#3202,#3301,#3302,#3401,#3402,#3455,#3501,#3502,#3601,#3602,#3701,#3702,#3801,#3802,#3901,#3902,#4001,#4002,#4101,#4102,#4201,#4202,#4301,#4302,#4401,#4402,#4501,#4502,#4601,#4602,#4701,#4702,#4801,#4802
#10,1.0,0.5529235382308846,0.6349363779648637,0.6031445815553762,0.44148694883327566,0.3573828470380194,0.13445584899857763,0.5878983585130512,0.4066658978203206,0.3175258524583862,0.6312228501134048,0.361811401991312,0.3726444470072656,-0.13739284204051821,-0.1715834390497059,0.046776611694152925,0.5728366585937801,0.4046284550032676,-0.20067658478453082,0.10287932956598624,0.0308614923307577,-0.2499135047860685,0.019682466459078153,-0.005520316764694576,0.012455310806135394,-0.1472648291238996,-0.18300080728866336,-0.07519317264444701,0.28123630492446083,0.17742667127974474,0.19344174066812747,0.14621919809326106,0.006212278476146542,-0.054895629108522664,0.15488409641333178,0.08304309383769654,0.031399684772998114,-0.08892476838503825,-0.01065621035636028,-0.07744589243839618,-0.06422173528620305,0.01560758082497213,0.052227732287702305,-0.2152077807250221,-0.17465882443393688,0.0021989005497251375,-0.0398416176527121,-0.06027755353092684,-0.19980009995002498,-0.2651443509014723,-0.07711528850959136,-0.10151078307000345,-0.21430054203667398,-0.32429938876715486,-0.055326183062314994,-0.008511129050859186,-0.2914235190097259,-0.2577711144427786,-0.12922000538192444,-0.27976011994002997,0.2775689078537654,0.08067504709183869,-0.1907738438473071,-0.27071848691039097,0.11874062968515742,-0.007972936608618768,-0.2204436243416753,-0.335086303002345,0.10154922538730635,0.0015223157651943259,0.22318840579710145,0.26279168108253564,0.1626725098988967,0.5134048360435167,0.16462537961788337,0.13669319186560566,0.2816976127320955,-0.04719947718448468,-0.3094914081420828,0.10326375273901511,-0.010740783454426632,0.18884403951870218,-0.01057163725829393,0.21030254103717372,0.40675047091838695,0.2902318071733364,0.2589628262791681,0.14581170952985045,0.18490754622688654,0.09206934994041441,0.08027524699188868,0.1374235958943605,0.12582939299580978,-0.08521892899703994,-0.019451812555260833,0.19248837119901588,0.16208049821243226,0.06969592127013416,0.37015338484603855,0.13926113866143852,0.0895552223888056,0.01566908853265675,0.3819628647214854,0.07092607542382655,0.1234459693230308,0.19374159074309,-0.03336024295544535,0.11108292007842233,0.3852765924729943,0.14326682812439934,-0.02686349133125745
#11,0.5529235382308846,1.0,0.4788836351055242,0.2823357551993234,0.14697266751239765,0.2205897051474263,0.45813247222542575,0.41783723522853955,0.5101910583169953,0.4945681005651021,0.38767539307269444,-0.035543766578249335,0.06572098566101564,0.040671971706454466,-0.007826855802867797,0.19788567254834122,0.3383923422903933,0.320931841771422,-0.038219351862530275,0.07592357667320186,0.14050666974205206,-0.014146772767462422,-0.02433398685272748,-0.20199131203628956,0.23367546995732902,-0.0007688463460577404,0.077376696267251,0.07975243147656941,0.058770614692653676,-0.0020681966708953215,-0.03559758582247338,-0.09538307769192327,0.08677968707953715,-0.20698881328566485,-0.07500096105793257,-0.1305501095606043,-0.01873678545342713,-0.17248298927459346,-0.003544381655326183,-0.09306116172682889,0.12741321646868872,0.031407373236458695,-0.1147656940760389,-0.17323645869373006,-0.12693653173413294,-0.0029216161150194134,0.1240226040825741,0.09638257794179833,-0.19428747164879098,-0.06111559604812978,-0.14479683235305424,0.11043708914773383,0.09245377311344327,0.055549148502671744,0.055356936916157305,-0.0760158382347288,-0.15548379656325684,-0.22290393264906008,-0.1631491946334525,-0.4348364279398762,0.08287394764156383,0.059385691769499864,-0.23041556145004422,-0.07942182754776458,0.19971552685195865,0.1689386076192673,0.022719409526006228,0.0943528235882059,0.2700880329066236,0.16170376350286395,0.2150693883827317,0.3540768077499712,-0.03259139660938761,0.1730519355706762,-0.11879444892938146,-0.012409180025371929,-0.0681197862607158,0.09968092876638604,0.029854303617422057,0.025302733248760235,-0.0342290393264906,0.16338753700073042,0.06401414677276747,-0.19463345250451697,0.003106139238073271,0.17716526352208511,0.06351439664782993,0.09817398992811287,0.31862530273324874,-0.1326644370122631,0.013823857302118171,-0.06310690808441932,-0.020705032099334948,-0.09028562641756045,-0.12203129204628455,0.2260638911313574,0.2452235420751163,0.1440279860069965,0.3760504363203014,0.16000461307807634,0.19576365663322184,-0.11741052550647753,0.03491331257448199,-0.04959058932072425,0.035489947334025294,0.15162418790604698,-0.2053050397877984,-0.12576019682466458,0.3890054972513743,0.0978203206089263,0.006888863260677353
#12,0.6349363779648637,0.4788836351055242,1.0,0.6730865336562488,0.16882328066735863,0.2695575289278438,0.21257063775804405,0.3246915004036443,0.27181024872179294,0.5707607734594241,0.37723445969323033,0.128881712989659,0.2305539537923346,-0.0818975127820705,-0.3129973474801061,-0.08783300657363625,0.7143735824395494,0.7024564640756544,-0.24789143889593665,-0.2576711644177911,-0.021935186253027334,-0.3285818629146965,0.06458309306885018,-0.2397416676277246,0.22924691500403643,-0.03972629070080345,0.22724022604082575,0.2858416945373467,0.25899358013301044,-0.054211355860531274,0.4133548610310229,0.06643601276284934,0.3067004959058932,0.011255910506285318,-0.11671087533156499,-0.24496213431745667,-0.08771767962172759,-0.24565409602890861,0.0023757352093184175,0.08365048245108216,-0.0022757851843309114,-0.17119132741321647,-0.18350055741360088,-0.34915619113520163,-0.0680813439434129,0.018936685503402145,0.11319724753008112,0.12281551531926345,0.041648406565947794,0.08854803367546996,0.21450044208664898,0.2834659593280283,0.16023526698189366,-0.10211817168338908,-0.062468765617191405,-0.1831238227040326,-0.15625264290931457,-0.20772690577788028,0.04496982278091723,-0.18334678814438934,0.014108330450159535,0.03716603236843117,-0.41637642717102985,-0.2579018183216084,0.5195402298850574,0.13720063045400377,-0.3206243032329989,-0.36238034828739474,0.08131318955906662,-0.08041363933417907,0.2630146465228924,0.2822665590281782,-0.010440933379464114,0.16979971552685197,-0.20589705147426288,-0.05664859877753431,0.010579325721754507,0.06683581286279937,-0.2768615692153923,0.0803982624072579,-0.1374543497482028,0.0008534194441240918,0.01899050474762619,0.06090031907123361,0.109560604313228,0.1387229462191981,0.2758313151116749,0.23642025141275516,0.1337177565063622,-0.07975243147656941,-0.1271210548571868,0.13887671548840963,0.27759197324414714,0.14826432937377465,0.08517279821627648,0.5255218544573866,0.3443047706915773,0.5468112097797255,0.6383500557413601,0.28095183177641947,0.40790374043747357,0.38762926229193095,0.45111290508591856,0.20583554376657826,0.3981701456963826,0.38841348556490984,0.10121862145850152,-0.11926344520047669,0.23914965594126014,-0.06881943643562834,-0.15220851112905087
#13,0.6031445815553762,0.2823357551993234,0.6730865336562488,1.0,0.22751701072540653,0.27633875370007305,-0.005512628301233998,0.3439049705916273,0.1235459193480183,0.40705800945681003,0.44377811094452774,0.22560258332372277,0.2172529120055357,-0.37237535078614536,-0.0976511744127936,-0.12153154192134702,0.6278937454349748,0.2709030100334448,-0.017252912005535692,0.04054895629108523,0.02288855572213893,-0.16391804097951024,0.0949986545188944,-0.0759773959174259,0.017245223542075118,-0.16436397186022372,-0.004820666589782032,0.07943720447468573,0.11004497751124438,-0.011363548994733403,0.21185561065621036,0.16117325952408412,0.05641025641025641,0.07556221889055473,0.059393380232960445,-0.08249721293199554,0.0800599700149925,-0.09541383154576558,0.10224118709875832,-0.003851920193749279,-0.0939760888786376,-0.19423365240456694,0.09343020797293661,-0.2290162611002191,0.07971398915926652,-0.0654980202206589,-0.01746818898243186,0.1347018798293161,-0.17318263944950602,-0.06452158536116558,-0.030108022911621114,0.01916733940721947,-0.08602621766040057,-0.24841425441125592,0.02883942644062584,0.07545458040210663,-0.1579056625533387,0.015876677046092337,-0.1799946180755776,-0.22158920539730134,0.15901280129166187,0.13822319609426056,-0.31766424480067657,-0.32845884749932724,0.30822281167108756,0.11206704340137623,-0.5312805135893591,-0.5869449890439395,0.06424480067658478,-0.07869142351900972,0.1848306615922808,0.16433321800638143,0.182170453234921,0.2902318071733364,0.08961673009649021,0.030369430669280745,0.3329950409410679,-0.06127705378080191,-0.4603928804828355,0.039549456041210164,-0.13737746511359705,-0.011617268288932456,0.09825856302617922,0.1386845039018952,0.17318263944950602,0.21496174989428363,0.21950563179948487,0.06392188521124054,-0.0015146273017337486,0.05899358013301042,-0.10374043747357091,0.10477069157728829,0.11161342405720216,-0.05108983969553685,-0.04885249682850882,0.18293929958097874,0.028977818782916234,0.23362165071310498,0.3146196132702879,0.15812093953023487,0.1862530273324876,0.17317495098604543,0.3033713912274632,0.08092876638603776,0.1977549686695114,0.16615538384653827,0.020182216584015686,0.02674047591588821,0.24582324222504132,0.03413677776496367,-0.20652750547803023
#17,0.44148694883327566,0.14697266751239765,0.16882328066735863,0.22751701072540653,1.0,0.4504901395456118,-0.17698842886249183,0.3740283704301695,0.28201283973397917,-0.050828431937877214,0.4205128205128205,0.5424979817783416,0.5108907084919079,-0.28722561796025065,-0.030423249913504785,-0.00017683465959328028,0.1779187329412217,0.11920962595625265,0.0808749471418137,0.15880521277822626,-0.05697920270633914,-0.16487141044862183,-0.3069003959558682,0.09286126167685388,-0.22246569023180718,-0.3097297505093607,-0.3628877868757929,-0.505939338023296,0.34468150540114556,0.15437665782493368,0.10351747203321417,0.3821781416983816,-0.2482758620689655,0.19571752585245838,0.35260062276554033,0.14491984776842348,0.034867181793718525,0.17310575481490023,-0.05714066043901126,-0.10320224503133049,-0.09732057048398877,0.051535770576250334,0.30830738476915387,-0.037588897858762925,-0.14332064736862338,-0.013693153423288355,-0.02550263329873525,-0.3610425556452543,-0.18649905816322607,-0.46486756621689157,-0.4357206012378426,-0.3690308691807942,-0.45959328028293545,-0.2848345058240111,-0.057809556760081496,-0.009349171568062123,-0.2323607427055703,-0.246484450082651,-0.0450159535616807,-0.028116710875331564,0.2233806173836159,-0.05465728674124476,-0.08406565947795333,-0.25636412562949296,-0.16457156037365933,-0.0892784377042248,-0.10805366547495483,-0.3455503017721908,0.046853496328758695,-0.003867297120670434,-0.030961442355745203,0.04379348787144889,0.234913312574482,0.17522008226655902,0.3172183139199631,0.06878868258178603,0.3420597393610887,-0.16051974012993503,-0.4068504209433745,-0.07467035712912774,0.3079614039134279,0.25202014377426674,0.16176527121054857,0.25857071464267867,0.6143774266712797,0.5404682274247492,0.118202437242917,0.09824318609925806,0.019590204897551224,0.33696997655018646,0.22297312882020529,0.22271172106254564,0.2128935532233883,0.1497405143582055,-0.12410717718064045,-0.186045438819052,-0.186791219774728,-0.1919655556836966,-0.22090493214930995,-0.23070003459808558,-0.24280936454849497,-0.1804713028101334,0.3467189482181986,-0.3186791219774728,-0.19241917502787068,-0.1654941759889286,-0.29293814631145965,0.1349017798792911,0.16132702879329566,0.10412486064659977,0.06261484642294238
#18,0.3573828470380194,0.2205897051474263,0.2695575289278438,0.27633875370007305,0.4504901395456118,1.0,0.07946795832852804,0.4952446853496329,0.15595279283435207,0.28913235689847383,0.4378118632991197,0.5057086841194787,0.6194364356283397,-0.13716987660016144,0.054288240495137044,-0.010433244916003536,0.3074232114711875,0.29654403567447046,0.013823857302118171,-0.17023795794410487,-0.06329143120747319,-0.4636143466728174,-0.4011994002998501,-0.1704916772383039,-0.14285933956098873,-0.43718909775881293,-0.003867297120670434,-0.2476684734555799,0.35105524160996426,0.20460538961288585,-0.12214661899819321,0.25874754930227195,-0.3669396071195172,-0.03189174643447507,0.2088801752969669,0.039603275285434204,-0.05531849459885442,0.10195671395071695,-0.17211394302848576,-0.18199361857532773,0.05557990235651405,0.011509629800484374,0.2840041517702687,0.1031638027140276,0.07493176488678738,0.07426286856571714,0.24921385461115597,-0.04373966862722485,0.05607965248145158,-0.012124706877330565,-0.15496866951139815,-0.23447507015722907,-0.04094875639103525,-0.3365086687425518,-0.03360627378618383,-0.2573328720255257,-0.1369161573059624,-0.38572252335370777,-0.25703302195056316,-0.12856648598777534,-0.23490562411102142,-0.2689424518509976,-0.1462730173374851,-0.24026448314304386,0.14332064736862338,0.030269480644293238,-0.16361050244108716,-0.2559643255295429,-0.14870257179102755,-0.269280744243263,-0.22990043439818553,-0.13710068042901627,0.18412332295390765,0.10133394841041019,0.08292007842232729,-0.05751739514857956,-0.030676969207703842,-0.20345980855725984,-0.03665090531657248,0.33935340022296545,-0.08042901626110022,0.3866912697497405,0.0908468842501826,0.23563602813977627,0.2714181370853035,0.3714834890247184,0.02339599431053704,-0.06708184369353784,0.029154653442509514,0.19235766732018605,0.42249644408564946,0.20941067927574675,0.2056125783262215,-0.08876331065236613,-0.11584976742398032,-0.05000576634759543,-0.21936723945719447,-0.1984084880636605,-0.07011109829700535,0.0013070387882981587,-0.017222158151693385,-0.3453273363318341,0.35489947334025296,-0.4474378195517626,-0.23778879790873794,-0.10849959635566832,-0.3610963748894783,-0.34867181793718527,0.015822857801868297,-0.24897551224387807,-0.18985122823203782
#26,0.13445584899857763,0.45813247222542575,0.21257063775804405,-0.005512628301233998,-0.17698842886249183,0.07946795832852804,1.0,0.09197708837888748,0.12913543228385807,0.5218313919963096,0.0223888055972014,-0.10946834275170107,-0.06554415100142237,0.20179141198631453,0.047237919501787566,0.15519932341521547,0.040610463998769844,0.1864529273824626,-0.09501403144581555,-0.16503286818129398,0.03416753161880598,-0.07856071964017991,0.11301272440702725,-0.11904047976011994,0.22562564871410448,0.16719332641371623,0.18748318148617998,0.20079960019990006,-0.25830161842155847,-0.12173913043478261,0.11331257448198978,-0.05190481682235805,0.3830469380694268,-0.0631530388651828,-0.2669280744243263,-0.15833621650713106,-0.08201283973397916,-0.2153384846038519,-0.09795102448775612,0.034513512474531965,-0.21048706416022758,-0.20079191173643948,-0.26245338869027024,-0.15214700342136625,-0.08034444316303387,-0.022135086303002344,0.3633183408295852,0.13740053050397877,0.01421596893860762,0.021481566908853264,0.007042632529888902,0.1440971821781417,0.19015107830700034,0.1416061200169146,-0.23108445777111444,-0.2849959635566832,-0.007519317264444701,-0.23177641948256641,0.020989505247376312,-0.2524122554107562,-0.05970860723484411,0.025748664129473724,0.15200861107907584,0.23826548264329372,0.14936377964863723,0.1277284434705724,0.11533464037212163,0.3890131857148349,0.3202091262061277,0.24853726982662516,0.3585591819474878,0.40733479414139084,0.18071733364087186,-0.024026448314304387,-0.21995156268019836,-0.1259908507284819,-0.08554184446238419,0.2480144543113059,0.3930188751777957,0.20514358205512628,-0.3042017452812055,-0.07132587552377657,-0.1728135932033983,-0.2913081920578173,0.01673009649021643,-0.08591089070849191,0.04699957713450967,-0.08365817091454272,-0.019282666359128127,-0.38025602583323725,-0.10944527736131934,0.0848960135316957,-0.023434436627839925,0.05689462960827279,-0.08875562218890555,0.1389920424403183,0.34564256333371773,0.15659093530157997,0.14019144274016837,0.19025102833198784,0.1909814323607427,0.08762541806020067,-0.1081689924268635,0.1034713412524507,0.1710529350709261,0.27800715027101836,0.2912851266674355,-0.16926152308461154,0.08608772536808519,0.12634452004766847,0.09398377734209819
#49,0.5878983585130512,0.41783723522853955,0.3246915004036443,0.3439049705916273,0.3740283704301695,0.4952446853496329,0.09197708837888748,1.0,0.6016607081074847,0.3663552838965133,0.5018875177795717,0.5127051858686041,0.28790220274478145,-0.17252912005535695,0.06076192672894322,0.06546726636681659,0.5210625456502518,0.07415523007726905,0.02653288740245262,0.16776227270979896,0.056256487141044864,-0.1410756160381348,-0.1361396224964441,-0.05889363010802291,-0.06153846153846154,-0.36603236843116904,-0.20420558951293585,-0.2666897320570484,0.21858301618421558,0.27824549263829623,0.002667896820820359,0.10203359858532272,-0.21832929689001654,-0.11108292007842233,0.13098835197785721,0.09762042055895129,-0.04793756967670011,-0.005243532080113789,-0.00991811786414485,-0.2704032599085073,0.0509360704263253,0.11382001307038789,0.042709414523507475,-0.08042132779763964,-0.24496213431745667,-0.015661400069196172,0.07593895360012301,-0.19280359820089954,-0.12446853496328758,-0.2981047937569677,-0.1305577980240649,-0.2670126475223927,-0.17688847883750433,-0.35156268019836234,-0.040264483143043865,-0.038680659670164916,-0.39584054126782764,-0.3474877945642563,-0.29141583054626535,-0.28817898742936227,0.07676161919040479,-0.05450351747203321,-0.2282397262907008,-0.37286741244762234,0.09217698842886249,0.11698766001614577,-0.29086994964056434,-0.29692077038403875,0.0745473417137585,-0.11512705185868605,0.18257025333487104,0.18072502210433244,0.19163495175489179,0.3505401145581056,0.24671510398646831,0.05346557490485526,0.15033252604466998,-0.21476184984430863,-0.23856533271825625,0.19337254449698227,-0.1197708837888748,0.2099642486449083,-0.041971322031292044,0.3278668358128628,0.3766655133971476,0.44127936031984005,0.07244839118902087,0.10836889247683851,0.11455810556260332,0.19084304001845231,0.18177834159843156,0.09025487256371814,-0.20631222850113404,-0.27263291431207476,-0.17060700419021257,0.06940375965863223,-0.13418675277745742,-0.0014146772767462423,-0.024802983123822703,0.22142774766462922,-0.23224541575366164,-0.16979971552685197,0.05481874447391689,-0.1300734248260485,-0.2950986045438819,0.062461077153730823,-0.31086764310152615,-0.05611040633529389,0.34564256333371773,-0.08590320224503133,-0.20184523123053857
#50,0.4066658978203206,0.5101910583169953,0.27181024872179294,0.1235459193480183,0.28201283973397917,0.15595279283435207,0.12913543228385807,0.6016607081074847,1.0,0.31210548571867913,0.26252258486141544,0.1470956829277669,0.03234536577864914,0.1212009379925422,0.02205820166839657,-0.07136431784107947,0.34023757352093187,0.17904893706992658,0.1198016376427171,-0.0018221658401568446,0.38376196517126054,0.03680467458578403,0.06096951524237881,-0.1649252296928459,0.27844539268827123,-0.03213008880175297,0.019551762580248336,-0.09657478952831276,0.18868258178603006,0.058001768346595935,0.10216430246415253,0.03607427055702918,0.022458001768346596,-0.11700303694306693,0.006981124822204282,-0.07867604659208857,0.03819628647214854,-0.10729250759235767,0.1439972321531542,-0.19647099527159498,0.10897628109022411,-0.0021835236228039826,-0.1713835389997309,-0.3278899012032445,-0.29046246107715373,-0.09603659708607235,-0.006373736208818668,-0.21713758505362704,-0.11000653519394149,-0.26559028178218586,-0.11090608541882904,-0.04866028524199439,0.023995694460462076,-0.047976011994003,0.18430015761350094,-0.016745473417137585,-0.16796986122323454,-0.290385576442548,-0.2087033406373736,-0.3507400146080806,0.22837043016953062,0.028616461000269097,-0.29933494791066007,-0.21510014223657403,0.04008764848345058,0.1333487102602545,-0.0033521700688117478,0.010879175796717025,0.3364625379617883,0.1973474801061008,0.3360012301541537,0.3956790835351555,0.09616730096490217,0.344127936031984,0.11917887210241034,0.09958866720485911,0.0376657824933687,-0.04027986006996502,-0.1497482028216661,-0.13423288355822088,-0.01640718102487218,0.05188175143197632,-0.05907046476761619,0.11791027563141507,0.22912389958866722,0.21178641448506516,-0.017398992811286665,0.14192903548225888,0.18634528889401453,0.11227463191481182,0.07850690039595587,0.08622611771037558,-0.10630838426940376,-0.14752623688155922,-0.14425863991081384,0.22064352439165033,0.11804866797370546,0.12608311229000885,0.097243685849383,0.20080728866336062,-0.09283819628647215,-0.06361434667281744,0.05206627455503018,0.01220159151193634,-0.14754930227194096,0.12526813516318763,-0.13879983085380387,0.03836543266828124,0.2697343635874371,-0.001752969669011648,-0.2324683811940184
#51,0.3175258524583862,0.4945681005651021,0.5707607734594241,0.40705800945681003,-0.050828431937877214,0.28913235689847383,0.5218313919963096,0.3663552838965133,0.31210548571867913,1.0,0.3159958482297313,0.0018759850843808865,0.19078922077422827,-0.030008072886633607,0.07784569253834621,0.07483950332526045,0.5068619536385653,0.35326951908661053,-0.0848960135316957,-0.27646945757890284,0.1096605543382155,-0.24746857340560488,0.1486564410102641,-0.18202437242917002,0.32738246261484644,-0.010071887133356399,0.250559335716757,0.301318571483489,0.04012609080075347,-0.03866528274324376,0.2249029331488102,-0.019943874216737784,0.35476108099796255,-0.03770422481067159,-0.24693038096336448,-0.157736516357206,0.10577788029062392,-0.3298504593856918,-0.03585899358013301,-0.07674624226348364,-0.03572060123784262,-0.16518663745050552,-0.303102295006343,-0.27008034444316303,-0.13900741936723945,-0.04296313381770653,0.24916003536693193,0.14246722792449928,-0.14625764041056394,0.10344827586206896,0.16377964863721986,0.2933379464114097,0.2824510821512321,0.051981701456963826,-0.13513243378310844,-0.35712143928035983,-0.20787298658363126,-0.4512359205012878,-0.021689155422288855,-0.3384384730711567,-0.18769076999961556,-0.13214162149694383,-0.261730673124976,-0.13908430400184524,0.4190904547726137,0.292476838503825,-0.22165840156844654,0.027486256871564217,0.18631453504017223,0.11440433629339176,0.32241571521931345,0.4070118786760466,0.0207896051974013,-0.014846422942374966,-0.3932187752277707,-0.282543343712759,-0.11644177911044477,0.0961903663552839,0.04729942720947219,0.23512090108791758,-0.3200861107907585,0.02082035905124361,-0.16629377618882865,-0.06700495905893207,-0.15445354245953946,-0.09956560181447738,-0.00396724714565794,0.15523776573251835,0.027501633798485373,-0.28684888325068236,-0.11957098373889978,-0.04258639910813824,-0.007972936608618768,-0.01981317033790797,0.20260638911313575,0.449213854611156,0.31794871794871793,0.3941875216238035,0.34798754468919385,0.3692769000115327,0.2724407027255603,0.24163302963902664,0.08631069080844193,0.24969822780917234,0.13104985968554184,0.41430823050013454,0.1540998731403529,-0.36560950294083727,-0.005781724522354208,0.023949563679698613,-0.09325337331334332
#52,0.6312228501134048,0.38767539307269444,0.37723445969323033,0.44377811094452774,0.4205128205128205,0.4378118632991197,0.0223888055972014,0.5018875177795717,0.26252258486141544,0.3159958482297313,1.0,0.4253719294199054,0.5125052858186292,-0.24755314650367125,-0.0431784107946027,0.1236151155191635,0.576058124783762,0.21160957982547188,-0.2626686656671664,0.023349863529773574,-0.1316726252258486,-0.3103140737323646,-0.15531465036712414,-0.020451312805135895,-0.15376926921154807,-0.2996117325952408,-0.2028293545534925,-0.1946642063583593,0.32148541114058354,0.20365202014377426,0.10610079575596817,0.0790374043747357,-0.08268942451850998,-0.07852227732287702,0.07513935340022297,0.08895552223888056,0.025425748664129475,-0.10652366124629993,-0.13860761926728943,-0.18599161957482796,-0.023388305847076463,0.07862991581132511,0.17004574635759043,-0.06103871141352401,-0.15929727443970323,-0.058001768346595935,-0.02741706070041902,-0.2237189097758813,-0.2275554530427094,-0.19614039134279015,-0.20240648906316072,-0.12280782685580287,-0.2917771883289125,-0.30866874255180105,-0.16375658324683812,-0.04451620343674317,-0.16092722869334564,-0.2704724560796525,-0.11930957598124015,-0.2658363126129243,0.21777572752085494,0.087310191058317,-0.07396301849075462,-0.12893553223388307,0.059008957059931574,0.024126398339291893,-0.30322531042171225,-0.24698420020758852,0.05744819897743436,0.025602583323722755,0.10207204090262562,0.14849498327759197,0.3606043132280014,0.4532579863914197,0.22744781455426133,0.06024679967708454,0.3449659785491869,0.11158267020335985,-0.19905431899434897,0.1876138853650098,-0.014608080575097066,0.25085149732825895,0.1194633452504517,0.237496636297236,0.3039787798408488,0.4146388344289394,0.27377849536770077,0.03376004305539538,-0.022696344135624495,0.06560565870910698,0.1706377580440549,0.2068427324799139,0.06659747049552148,-0.03991850228731788,0.06902702494906393,0.08657978702956214,0.007957559681697613,0.07674624226348364,0.10939914658055587,0.10945296582477992,-0.004136393341790643,-0.06775842847806866,0.2549955791335102,-0.017829546765079,-0.07577749586745089,0.19777803405989314,-0.11052935070926076,0.05627186406796602,0.14295928958597623,0.1389920424403183,0.03662783992619075
#53,0.361811401991312,-0.035543766578249335,0.128881712989659,0.22560258332372277,0.5424979817783416,0.5057086841194787,-0.10946834275170107,0.5127051858686041,0.1470956829277669,0.0018759850843808865,0.4253719294199054,1.0,0.5674470457079153,-0.02819359550993734,0.11049859685541845,-0.048214354361280895,0.24509283819628647,-0.03433667781493868,-0.06359896974589628,0.08235113212624456,-0.04717641179410295,-0.16540191442740168,-0.08953984546188444,0.18850574712643678,-0.3046246107715373,-0.35208549571368164,-0.26824280167608505,-0.2875715988159766,0.24367816091954023,0.1645100526659747,0.046453696228808676,0.2783300657363626,-0.36905393457117597,-0.041732979664014146,0.3791411986314535,0.20320608926306077,-0.23064621535386154,0.07680006150770768,-0.12113943028485757,-0.2441240918002537,-0.09248452696728558,0.013939184254026833,0.3528389651328182,-0.03357551993234152,-0.01290893015030946,-0.03435205474185984,0.2074424326298389,-0.17443585899358013,-0.09778187829162342,-0.43319109675931267,-0.2734709568292777,-0.5458809057009957,-0.4956444854495829,-0.62716334140622,-0.1993849229231538,-0.09772805904739938,-0.22468765617191405,-0.29379925421904435,-0.09569061623034636,-0.0303848075962019,0.1973397916426402,-0.12136239572521432,0.309214623457502,-0.08651059085841695,-0.11923269134663438,-0.13753892284626917,-0.03978010994502749,-0.2826740475915888,-0.1305270441702226,0.0028677968707953717,-0.11536539422596394,-0.022012070887633108,0.30146465228924,0.28558797524314766,0.43414446622842423,-0.09746665128973975,0.21937492792065505,-0.4126859647099527,-0.06101564602314227,0.20041517702687117,0.012347672317687311,0.441025641025641,-0.045546457540460536,0.7113289509091608,0.5581593818475378,0.6519586360665821,0.02448775612193903,0.11897128358897474,-0.12108561104063353,0.5342405720216815,0.36463306808134394,0.423542075116288,-0.0037981009495252375,0.025756352592934302,-0.14391265905508785,-0.2526659747049552,-0.15734440472071656,-0.2148771767962173,-0.10401722215815169,-0.0392649828931688,-0.35827470879944645,-0.2108484219428747,0.2013993003498251,-0.29373005804789915,-0.3394072194671895,-0.13328720255256987,-0.3599277284434706,0.16438703725060547,0.06668204359358783,0.009595202398800599,-0.005281974397416676
#54,0.3726444470072656,0.06572098566101564,0.2305539537923346,0.2172529120055357,0.5108907084919079,0.6194364356283397,-0.06554415100142237,0.28790220274478145,0.03234536577864914,0.19078922077422827,0.5125052858186292,0.5674470457079153,1.0,-0.1699842386499058,0.05861684542344212,0.010733094990966056,0.3704686118479222,0.25102833198785224,-0.021335486103102295,-0.10307922961596125,-0.036550955291584974,-0.3560296774689578,-0.19913889209241534,0.012370737708069042,-0.1063929573674701,-0.23418290854572713,-0.04050282551032176,-0.18170914542728636,0.40109945027486255,0.06025448814054511,0.01798331603429055,0.17837235228539577,-0.24162534117556606,0.026617460500518973,0.20286779687079537,-0.04019528697189867,-0.009095452273863068,-0.02724022604082574,-0.2828047514704186,-0.15554530427094146,0.057809556760081496,0.05161265521085611,0.2609848921693,0.05411909429900434,-0.048598777534309766,-0.014461999769346097,0.06191519624802983,-0.1944181755276208,-0.10849190789220774,-0.13158805212778227,-0.06302233498635297,-0.07246376811594203,-0.11029100834198285,-0.3235074770307154,-0.19385691769499866,-0.3353784646138469,-0.16548648752546805,-0.4031215161649944,-0.016276477146042363,-0.053619344174066816,-0.13374851036020452,-0.2959443355245454,-0.06663591281282435,-0.05238150155691385,0.11845615653711605,0.13700073040402874,-0.07447814554261331,-0.14434321300888017,0.03627417060700419,-0.041702225810171835,-0.08020605082074347,0.0028831737977165262,0.15434590397109138,0.11715680621227847,-0.04962903163802714,-0.08155922038980509,-0.06986506746626686,-0.1713143428285857,-0.0009610579325721755,0.20181447737669628,0.1018721408526506,0.4171068311997847,0.20033060392880483,0.29073155729827393,0.23726598239341867,0.29080075346941914,-0.06762772459923884,0.09933494791066005,-0.019528697189866606,0.22403413677776496,0.3049705916272633,0.301810633144966,0.2524814515819014,0.1493022719409526,-0.07279437204474686,0.03612808980125322,-0.00722715565294276,-0.15326183062314996,-0.021304732249259984,-0.18320839580209894,-0.0019913120362895476,-0.23326798139391844,0.19916964594625763,-0.20049206166147696,-0.13025794794910237,-0.09266905009033945,-0.1984084880636605,-0.17364394725714066,-0.16870795371544997,-0.05664859877753431,0.037911813324107174
#58,-0.13739284204051821,0.040671971706454466,-0.0818975127820705,-0.37237535078614536,-0.28722561796025065,-0.13716987660016144,0.20179141198631453,-0.17252912005535695,0.1212009379925422,-0.030008072886633607,-0.24755314650367125,-0.02819359550993734,-0.1699842386499058,1.0,-0.11654941759889285,-0.07657709606735094,-0.35547610809979624,0.15333871525775575,-0.3656402567946796,-0.2559873909199247,0.09665936262637911,-0.03540537423595894,0.08146695882827817,0.0945219697843386,0.09456041210164148,0.2064967516241879,0.1363395225464191,0.25226617460500517,-0.11164417791104447,0.06112328451159036,-0.14951754891784877,-0.002983123822704033,0.010425556452542959,-0.1221850613154961,-0.11499634797985622,0.10358666820435936,-0.3140814208280475,0.052612155460731176,-0.05949333025794795,0.009595202398800599,-0.12830507823011572,-0.058686041594587325,-0.17871064467766118,0.045108215123207625,-0.24846807365547996,0.14992503748125938,0.11209779725521854,0.2035751355091685,0.17045323492100103,0.10205666397570445,0.15929727443970323,-0.06715872832814362,0.1254834121400838,-0.01899050474762619,0.08880944143312959,-0.06678199361857533,0.2584169453734671,0.025894744935224694,-0.04681505401145581,-0.03646638219351862,0.15587590819974628,-0.1030638526890401,0.3018721408526506,0.08928612616768539,-0.09316880021527697,-0.263568215892054,0.731265136662438,0.3809095452273863,-0.2163994925614116,-0.008226655902817822,-0.18998193211086764,-0.05139737823395994,-0.18105562603313727,0.07196401799100449,-0.016245723292200052,-0.11844846807365549,-0.26758928228193596,-0.1895898204743782,0.46503671241302424,-0.033529389151578055,-0.3355629877369008,0.054211355860531274,-0.4350440164533118,0.14295928958597623,0.10754622688655673,-0.11404297851074463,-0.19059700918771383,-0.022788605697151423,0.16557874908699496,-0.11417368238957444,0.09372236958443855,-0.0063968015992004,-0.10448621842924692,-0.1752354591934802,0.13823857302118173,-0.07075692922769385,0.13465574904855265,0.0002152769768961673,0.3822396494060662,0.13383308345827086,-0.0519893899204244,-0.11148272017837235,0.06373736208818667,-0.06306077730365586,0.1212624457002268,0.13339484104101795,0.007803790412486065,0.13500172990427864,-0.05171260523584362,0.08258178603006189,0.023411371237458192
#101,-0.1715834390497059,-0.007826855802867797,-0.3129973474801061,-0.0976511744127936,-0.030423249913504785,0.054288240495137044,0.047237919501787566,0.06076192672894322,0.02205820166839657,0.07784569253834621,-0.0431784107946027,0.11049859685541845,0.05861684542344212,-0.11654941759889285,1.0,0.31725675623726596,-0.10710029600584323,-0.4454234421250913,0.4183677392073194,0.1660400568946296,0.3628032137777265,0.41626878868258177,0.3055779802406489,0.258601468496521,0.2924076423326798,0.3205551070618537,-0.2361665321185561,-0.38508438088647984,-0.22663283742744011,-0.2298389266905009,-0.22100488217429748,-0.06231499634797986,-0.16279552531426594,0.06580555875908199,-0.15614500442086648,-0.0496751624187906,0.3419213470187983,0.14019913120362895,0.08733325644869873,-0.10001922115865144,-0.12771306654365125,-0.08211278975896667,0.04985968554184446,0.0002614077576596317,0.02573328720255257,-0.10228731787952178,-0.024925998539191942,-0.19565601814477376,-0.210825356552493,-0.21120209126206127,-0.3758736016607081,-0.20568946296082727,-0.012416868488832507,0.09432975819782416,0.26571329719755504,-0.007204090262561027,-0.2582785530311767,-0.30893015030946064,-0.440279860069965,-0.41151731826394494,-0.037212163149194635,-0.15875139353400222,0.13127282512589858,0.18773690078037905,-0.31271287433206474,-0.09129281513089609,-0.012063199169645947,0.21124822204282473,0.2851420443624342,0.30506285318879023,0.03455964325529543,0.06331449659785492,0.13899973090377887,-0.11849459885441894,-0.074993272594472,-0.35089378387729214,-0.09511398147080306,-0.32074731864836814,0.3619497943336024,0.09958866720485911,-0.05810171837158344,-0.040695037096836195,0.05019028947064929,-0.02481067158728328,-0.20855725983162265,-0.07569292276938454,-0.3199323415215469,-0.04850651597278284,-0.21610733094990967,-0.17931803329104679,-0.11107523161496174,-0.20422865490331757,-0.39374927920655056,-0.26702033598585323,0.07634644216353362,-0.0857417445123592,0.08914004536193441,-0.39930803828854805,-0.26571329719755504,-0.2412409180025372,-0.3072540652750548,-0.2613231845615654,-0.3792488371199016,-0.15521470034213664,-0.342836274170607,-0.40576634759543306,-0.2523661246299927,-0.139161188636451,-0.047476261869065464,0.10420943374466612,0.00956444854495829
#102,0.046776611694152925,0.19788567254834122,-0.08783300657363625,-0.12153154192134702,-0.00017683465959328028,-0.010433244916003536,0.15519932341521547,0.06546726636681659,-0.07136431784107947,0.07483950332526045,0.1236151155191635,-0.048214354361280895,0.010733094990966056,-0.07657709606735094,0.31725675623726596,1.0,-0.13360242955445353,-0.14581170952985045,-0.18528428093645485,0.5295506093107293,-0.40573559374159074,0.48748702571791025,0.06914235190097259,0.4335063237611963,-0.18376196517126053,-0.020512820512820513,-0.4106485218928997,-0.31683389074693424,-0.11293583977242148,0.20507438588398108,-0.004920616614769538,0.19542536424095644,0.12466074654980203,-0.037158343904970595,0.04283242993887672,0.25071310498596855,0.1207550071118287,0.14944066428324299,-0.017037635028639527,0.16030446315303887,-0.09712835889747434,0.15596048129781262,-0.20322146618998194,0.0058816745473417135,-0.37492023219159654,0.1440356744704571,-0.040833429439126594,-0.27513935340022294,-0.04942913158805213,-0.17101449275362318,-0.2608695652173913,-0.14322069734363588,-0.19745511859454887,0.09001653019644024,-0.2570483988774843,0.2451159035866682,-0.33505554914850266,-0.05718679121977473,-0.06272248491139046,-0.17828009072386883,-0.0354207511628801,-0.19893130357897973,0.09615961250144159,0.1519240379810095,-0.10519355706762004,-0.007204090262561027,0.05857840310613924,0.19354937915657555,-0.00864952139314958,0.029454503517472034,0.06634375120132241,-0.07557759581747588,0.021727597739591743,0.05250451697228309,0.15659862376504055,0.04763771960173759,0.15167800715027102,-0.09770499365701764,0.14343597432053204,0.4883635105524161,0.035843616653211854,0.11438895936647062,-0.04692269249990389,-0.07178718333141122,-0.007380924922154307,-0.058678353131126744,-0.09881213239534078,-0.31907892207742283,-0.010010379425671779,-0.2592703648175912,-0.10857648099027409,-0.3316188059816246,-0.24213277976396416,-0.10565486487525468,-0.12319993849229231,-0.24105639487948333,0.037650405566447546,-0.16350286395263908,-0.23904970591627264,-0.06043901126359897,-0.19630953753892286,-0.021719909276131166,-0.11136739322646369,0.12798985122823203,-0.1662168915542229,0.06411409679775497,-0.1681543843462884,-0.20342905470341752,0.00598162457232922,0.19801637642717104,0.23445200476684736
#201,0.5728366585937801,0.3383923422903933,0.7143735824395494,0.6278937454349748,0.1779187329412217,0.3074232114711875,0.040610463998769844,0.5210625456502518,0.34023757352093187,0.5068619536385653,0.576058124783762,0.24509283819628647,0.3704686118479222,-0.35547610809979624,-0.10710029600584323,-0.13360242955445353,1.0,0.4978972052435321,-0.024733786952677507,-0.20913389459116596,0.09343020797293661,-0.33672394571944797,0.13043478260869565,-0.2583938799830854,0.2501902894706493,-0.12456079652481451,0.13794641140967978,0.10045746357590435,0.4252104716872333,0.014046822742474917,0.24433168031368932,-0.006112328451159036,0.15503786568254335,0.021842924691500405,-0.09684388574943298,-0.23441356244954445,0.07707684619228847,-0.21746050051897128,0.06272248491139046,-0.05929343020797294,0.08433475569907355,-0.09086226117710376,-0.08143620497443586,-0.21710683119978472,-0.007565448045208165,-0.04154845654096029,-0.03177641948256641,-0.07178718333141122,-0.027932187752277706,0.04183292968900165,0.17944104870641603,0.2678122477222927,0.18232422250413255,-0.07130281013339484,0.03053088840195287,-0.08333525544919848,-0.21800638142467227,-0.2175220082266559,0.01610733094990966,-0.1596816976127321,-0.09063160727328644,0.0259946949602122,-0.4230038826740476,-0.20651212855110906,0.3454811056010456,0.28072117787260215,-0.508376580940299,-0.4256640910314074,0.2715872832814362,-0.00879560219890055,0.37485103602045133,0.30059585591819477,0.11292046284550032,0.2512436089647484,-0.15153961480798062,0.03642793987621574,0.02066658978203206,0.1096989966555184,-0.2698958213201092,0.18544573866912697,-0.13910736939222695,0.015499942336524046,0.046884250182601006,0.06983431361242455,0.0636989197708838,0.19980009995002498,0.24149463729673626,0.22474916387959867,0.007280974897166801,-0.022757851843309116,-0.008626456002767846,0.22413408680275246,0.2438934378964364,0.13516318763695076,-0.05306577480490524,0.5341329335332334,0.1923807327105678,0.4182985430361742,0.31539614807980626,0.27658478453081153,0.2621996693960712,0.20725790950678508,0.13564756083496712,0.23897282128166686,0.08117479721677623,0.2521431591896359,0.048790989120824205,-0.15206243032329989,0.1245684849882751,-0.22611771037558143,-0.2961673009649022
