,#10,#11,#12,#13,#17,#18,#26,#49,#50,#51,#52,#53,#54,#58,#101,#102,#201,#202,#301,#302,#401,#402,#501,#502,#601,#602,#701,#702,#801,#802,#901,#902,#1001,#1002,#1101,#1102,#1201,#1202,#1301,#1302,#1401,#1402,#1501,#1502,#1601,#1602,#1701,#1702,#1801,#1802,#1901,#1902,#2001,#2002,#2101,#2102,#2201,#2202,#2301,#2302,#2401,#2402,#2501,#2502,#2601,#2602,#2701,#2702,#2801,#2802,#2901,#2902,#3001,#3002,#3101,#3102,#3201,#3202,#3301,#3302,#3401,#3402,#3455,#3501,#3502,#3601,#3602,#3701,#3702,#3801,#3802,#3901,#3902,#4001,#4002,#4101,#4102,#4201,#4202,#4301,#4302,#4401,#4402,#4501,#4502,#4601,#4602,#4701,#4702,#4801,#4802
#10,1.0,0.3165263522085111,0.2659747049552147,0.28854803367546994,0.2135470726175374,0.18160919540229886,0.17025333487102604,0.7046399876984585,0.3764348594933303,0.22946988044439318,0.29736670126475223,0.26895782877791874,0.23073847691538846,-0.007919117364394726,-0.2697574289778188,-0.1447122592549879,0.07404759158882097,-0.09351478107100296,-0.06798908238188597,0.012516818513820013,0.03338330834582709,0.03207626955752893,0.12569868911697998,0.02837043016953062,0.10271018336985353,0.03227616960750394,-0.26772767462422636,-0.18569945796332604,0.031115211624956753,0.09289201553069619,0.07972936608618768,0.0921077922577173,0.0511744127936032,0.014023757352093184,0.25584899857763427,0.04474685734056049,-0.07061084842194287,-0.03189174643447507,0.0699573290277938,-0.0555952792834352,-0.1373313343328336,0.1427670779994618,-0.062676354130627,-0.09430669280744243,0.06231499634797986,0.02523353707761504,-0.18245492638296237,-0.14887171798716026,-0.4501518471533464,-0.1110598546880406,-0.2692653673163418,0.027078768308153617,-0.23369853534771076,0.08879406450620843,-0.04259408757159881,0.02552569868911698,-0.2760081497712682,-0.07249452196978434,0.09488332756698574,-0.03945719447968324,0.13101910583169954,0.014646522892399955,0.0025602583323722753,-0.02724791450428632,-0.17017645023642025,-0.06602852419943875,0.17327490101103293,-0.12372275400761158,0.06810440933379464,-0.13608580325222006,0.05190481682235805,-0.21445431130588552,0.10806904240187598,0.0805366547495483,-0.24207896051974012,-0.4356898473840003,-0.028885557221389305,-0.25143582055126285,0.15991235151654942,0.1331795640641218,0.025356552492984276,0.0023142275016337986,0.12448391189020874,0.01981317033790797,0.06448314304386268,0.0532502979279591,-0.0016299542536424095,-0.09199246530580864,0.16591704147926037,-0.04892169299965402,-0.12576019682466458,-0.09403759658632223,0.028716411025256603,0.23490562411102142,0.23486718179371852,0.025687156421789106,0.11448890939145812,-0.018252412255410758,0.003828854803367547,-0.14789528312766695,0.03032329988851728,0.11033713912274631,-0.17743435974320532,-0.013670088032906624,0.24180217583515934,0.12140083804251721,0.024095644485449583,0.1903432898935148,0.271172106254565,0.41223234536577863,0.2872409948871718
#11,0.3165263522085111,1.0,0.16535578364663822,0.12998116326452158,-0.054403567447045706,0.06459846999577135,0.32652904317072234,0.260292930457848,0.223342175066313,0.4308845577211394,0.34508899396455617,-0.015999692461461577,0.21369315342328835,0.12000153769269212,-0.009818167839157345,0.0926152308461154,0.20365202014377426,0.10798446930380963,0.05063622035136278,-0.017183715834390496,-0.10095721370084189,0.03412140083804252,-0.04264790681582286,-0.21877522777073002,0.08194364356283397,-0.18193979933110369,-0.04834505824011071,0.02860877253680852,0.03972629070080345,-0.022373428670280245,-0.013647022642524891,0.12648291238995887,-0.01773728520355207,-0.06935762887786875,-0.11470418636835429,-0.17027640026140775,-0.1044247107215623,-0.053611655710606235,-0.07222542574866413,-0.13340252950447853,-0.22793987621573827,-0.14530427094145235,-0.18760619690154923,-0.03951101372390728,-0.11868681044093338,-0.21114058355437665,0.04057971014492753,0.039311113673932266,-0.09969630569330719,-0.1495790566255334,0.03396763156883097,-0.253688540345212,-0.14481989774343598,-0.06276861569215392,-0.15136278014838733,-0.14537346711259755,-0.19211932495290815,-0.29909660554338213,0.0959827778418483,-0.11936339522546419,-0.020113020412870487,-0.1561834467381694,-0.05316572482989275,0.00417483565909353,0.086764310152616,0.17163725829392995,0.04204820666589782,-0.01460039211163649,0.1412370737708069,0.11666474455080152,0.23184561565371162,0.10896090416330297,0.16203436743166877,0.10294083727367086,-0.25836312612924306,-0.35401530004228654,-0.1806712028601084,-0.2733248760235267,-0.12794372044746857,0.034813362549494485,0.00858801368546496,-0.012324606927305578,0.040671971706454466,-0.38191673394072195,-0.23206858109406836,-0.030684657671164416,-0.03648175912043978,-0.1062930073424826,-0.10693114980971052,-0.31318955906662055,-0.20748087494714182,-0.15946642063583594,-0.07505478030215662,0.024979817783415983,0.0459001268596471,0.12230038826740476,0.003313727751508861,0.09772805904739938,-0.09227693845385,-0.19698612232345367,-0.1015953561680698,-0.10194902548725637,-0.07355552992734402,-0.05042863183792719,-0.14958674508899397,0.017575827470879945,-0.05917810325606428,-0.0680813439434129,-0.017806481374697265,0.07610041133279515,0.0019605581824472377
#12,0.2659747049552147,0.16535578364663822,1.0,0.539707069542152,-0.1113289509091608,0.31545765578749085,0.3077999461807558,0.051274362818590706,5.381924422404182e-05,0.3719217314419713,0.2236420251412755,0.044539268827124896,0.27776111944027987,0.14373582439549457,0.0019144274016837735,-0.15353092684427017,0.6444393188021373,0.46918079421827547,0.1319801637642717,-0.37588897858762926,0.08664898320070734,0.009848921692999654,0.5176258024833736,0.2610310229500634,0.42499519471033714,-0.09735132433783109,0.27503940337523547,0.19425671779494869,0.29093145734824893,0.10913005035943567,0.2594548879406451,0.1677699611732595,0.3649252296928459,0.26275323876523277,0.054864875254680354,-0.3124975973551686,0.057040710414023754,-0.11921731441971321,0.34527351708761006,0.2967746895782878,0.19787029562142006,-0.028885557221389305,0.0874793372544497,-0.04027986006996502,-0.10450159535616807,0.05281205551070618,0.2265713297197555,0.18538423096144235,-0.09837388997808788,-0.13839234229039327,0.3061315496098105,0.24975973551685696,0.3081613039634029,0.3091454272863568,0.07665398070195671,-0.08193595509937339,-0.26690500903394454,-0.4757082996963057,-0.08216660900319071,0.0027370929919655557,-0.31093683927267135,-0.35181639949256144,-0.32488371199015875,-0.10821512320762695,0.26079268058278554,-0.032829738976665516,-0.007949871218237035,-0.08621074078345442,-0.08128243570522431,0.016330296390266404,0.1892822819359551,0.34221350863030026,-0.1751355091684927,0.046469073155729824,-0.2769307653865375,-0.3103832699035098,-0.26169223080767307,-0.23615884365509554,0.13098066351439666,0.027017260600468995,0.04353976857724984,0.02689424518509976,-0.0396724714565794,-0.2287471648790989,-0.2690654672663668,-0.2222811671087533,-0.2790066505208934,0.2788375043247607,0.19886979587129514,0.0626071579594818,0.16404874485834006,-0.12335370776150387,0.027962941606120017,-0.0839733979164264,-0.08127474724176373,0.5075692922769385,0.2636989197708838,0.4604005689462961,0.48308153615499944,0.3041171721831392,0.4207127205627955,0.4780917233690847,0.15744435474570406,0.24769153884596162,0.2352823588205897,0.3420443624341675,0.22562564871410448,-0.35659093530158,-0.10114942528735632,-0.23941106369891976,-0.1207550071118287
#13,0.28854803367546994,0.12998116326452158,0.539707069542152,1.0,-0.0711105985468804,0.2827201783723523,0.26095413831545766,0.06539038173221082,-0.0647522392649829,0.6548187444739169,0.3796255718294699,0.026110021912120862,0.24980586629762042,0.0567869911198247,-0.04918310075731365,-0.2203821166339907,0.41754507361703763,0.09630569330719256,0.021043324491600353,-0.18486910390958367,0.017275977395917425,-0.04907546226886557,0.16334140621996693,-0.015000192211586515,0.2047976011994003,-0.16507131049859686,0.3267443201476185,0.2348441164033368,0.16739322646369123,0.08501134048360436,0.0913543228385807,0.028401184023372928,0.18967439357244456,0.21137123745819397,0.09697458962826279,-0.09484488524968285,0.23000038442317303,0.13848460385192018,0.3227616960750394,0.27631568830969133,0.03491331257448199,-0.07275592972744398,0.10430938376965364,0.0371199015876677,0.13978395417675776,0.03682005151270518,0.37631184407796103,0.1631568830969131,0.08393495559912352,-0.0619613270287933,0.22368815592203897,0.06401414677276747,0.32168531119055854,0.24737631184407796,0.016830046515203936,0.06038519201937493,-0.1840464383193019,-0.1878137854149848,0.1532848960135317,0.14992503748125938,-0.16051974012993503,-0.13986852727482413,-0.01865221235536078,-0.12860492830507822,0.16508668742551802,0.04310152615999693,-0.14558105562603313,0.0242263483642794,-0.1333487102602545,-0.1497482028216661,-0.09090070349440664,0.023857302118171685,-0.20821896743935725,-0.1269134663437512,-0.21129435282358822,-0.27586975742897785,-0.21836773920731942,-0.11890208741782955,0.03910352516049667,0.0002998500749625187,0.07550839964633069,-0.05790181832160843,-0.13333333333333333,-0.14987121823703534,-0.15303117671933264,-0.13407911428900934,-0.13272594471994772,0.08518817514319763,0.07456271864067966,-0.0009995002498750624,0.017199092761311652,-0.023296044285549534,0.023080767308653365,-0.039495636796986124,-0.03841925191250529,0.06203052319993849,0.13890746934225195,0.19171183638949757,0.20904163302963902,0.263968015992004,0.2026525198938992,0.27226386806596703,0.024241725291200552,0.0725790950678507,0.0741090992965056,0.15040172221581516,0.20209126206127706,-0.18030984507746126,-0.06724330142620998,-0.10094952523738131,-0.17031484257871066
#17,0.2135470726175374,-0.054403567447045706,-0.1113289509091608,-0.0711105985468804,1.0,0.1921731441971322,0.2312305385768654,0.22686349133125744,0.20736554799523316,-0.23553607811478877,-0.12536039672471458,0.5518163994925614,0.15562218890554722,0.09415292353823089,-0.4289624418559951,-0.4522738630684658,-0.086764310152616,0.010225656402567947,-0.47218698343136123,-0.1840695037096836,-0.3266059278053281,-0.33782339599431055,-0.06936531734132934,-0.04308614923307577,0.04791450428631838,0.06216122707876831,-0.08769461423134586,0.1480721177872602,0.06906546726636682,0.16147310959904662,0.22945450351747204,0.47616960750394033,0.19943874216737784,0.23918809825856302,0.18932841271671857,0.3316034290547034,0.14436627839926192,0.3547303271441202,0.1278975896667051,0.18426171529619806,0.1778802906239188,0.13427901433898434,0.3320262945450352,0.11785645638719101,0.04696113481720678,0.14682658670664667,0.10099565601814478,0.10284857571214392,-0.10266405258909007,-0.14605005189712836,-0.19607888363510553,0.056279552531426594,-0.1745511859454888,-0.25949333025794796,-0.2465459577903356,-0.1859454887940645,-0.1517164494675739,-0.07763810402491061,0.0020758851343558988,0.2187444739168877,-0.05806327605428055,-0.10432476069657479,0.20157613500941837,-0.1683312190058817,0.12453773113443278,-0.21880598162457232,0.12312305385768654,-0.08050590089570599,-0.48825587206396803,-0.43965709452965823,-0.2876484834505824,-0.30365586437550457,0.07422442624841426,0.22989274593472495,0.12522969284588475,-0.09127743820397494,-0.06923461346249953,-0.2895552223888056,0.01137123745819398,-0.16174220582016685,0.17728827893745436,0.570999115826702,0.18316995348479606,0.3756660131472725,0.42821666090031907,0.28542651751047554,0.07051089839695537,0.3321646868873256,0.34754161380848037,0.33859993080382883,0.6311920962595625,0.22278860569715142,0.2141929035482259,0.03672010148771768,0.2685964709952716,0.24578479990773844,0.06540575865913197,0.2166762772459924,0.11145196632453004,0.2662899319570984,0.3296890016530196,0.10563179948487295,0.39294199054318996,-0.02384192519125053,0.3117364394725714,0.20021527697689617,0.23439818552262331,0.0023757352093184175,-0.01619959251143659,-0.01738361588436551,0.05859378003306039
#18,0.18160919540229886,0.06459846999577135,0.31545765578749085,0.2827201783723523,0.1921731441971322,1.0,0.08891707992157767,0.0923768884788375,0.4342290393264906,0.3659093530157998,0.4967439357244455,0.059800868796371046,0.5565217391304348,0.23934955599123514,0.05458040210663899,-0.18561488486525968,0.4156075808249721,0.23880367508553416,-0.08423480567408603,-0.30337907969092376,-0.05781724522354208,-0.13162649444508515,0.20692730557798025,0.24492369200015376,0.46209203090762313,-0.06937300580478992,0.04383961865221236,-0.06144619997693461,0.4544573866912697,0.334394341290893,0.35183946488294315,0.19956175758274708,0.2916003536693192,0.34152923538230884,0.2756775458424634,0.05341175566063122,0.32270787683081537,-0.005166647445508015,0.39707069542152,0.39154269019336485,0.3230000384423173,-0.12223888055972014,0.0303156114250567,-0.2694729558297774,0.06689732057048399,0.17665013647022643,0.06239956944604621,-0.03894206742782455,-0.1395686771998616,-0.29321493099604046,-0.12112405335793641,0.06032368431169031,0.08574943297581979,0.22148925537231384,-0.0797908737938723,-0.005174335908968593,-0.31600353669319187,-0.29076231115211626,-0.037996386422173525,0.2555414600392112,-0.3440356744704571,-0.32614461999769345,0.34047591588820975,0.3300042286549033,0.04084111790258717,-0.26898858263176106,0.3187098758313151,0.40954138315457655,-0.09106216122707878,-0.1595433052704417,-0.024533886902702494,0.07779187329412217,-0.07796101949025487,0.12196978433859994,-0.1796870795371545,-0.11480413639334179,-0.30513204935993543,-0.3290585476492523,0.4513973782339599,0.2015607580824972,-0.3084073347941414,0.20615077076846192,0.4163456733171876,-0.09768192826663591,-0.047783800407488565,-0.1469572905854765,-0.1517856456387191,0.2444008764848345,0.2028216660900319,0.04308614923307577,0.312889708991658,-0.05421904432399185,0.14980971052935071,-0.21456963825779418,-0.00796524814515819,0.384807596201899,0.3889055472263868,0.22107407834544265,0.06279168108253566,0.11002191212086264,0.3158267020335986,0.41338561488486525,0.32183139199630956,0.04765309652865875,0.23770422481067158,0.4090800753469419,0.15946642063583594,-0.294660362126629,-0.041294737246761234,-0.30869180794218276,-0.10498596855418445
#26,0.17025333487102604,0.32652904317072234,0.3077999461807558,0.26095413831545766,0.2312305385768654,0.08891707992157767,1.0,0.13064237112213123,0.09470649290739246,0.35213162649444507,0.3711913274132165,0.19263445200476684,0.21333179564064123,0.21862914696497904,-0.11880982585630262,-0.23384461615346172,0.1886672048591089,-0.1539307269442202,-0.07692307692307693,-0.07879137354399723,0.008395802098950524,0.10310998346980356,-0.06259946949602122,-0.1230000384423173,-0.0018298543036174221,0.017837235228539576,0.07734594241340868,0.10950678506900396,0.010671587283281436,-0.060446699727059544,0.16487141044862183,0.23370622381117134,0.07243301426209972,0.06882712489908892,0.062414946372967364,-0.004843731980163764,0.18036366432168532,0.12147772267712298,0.06000845730980663,0.0146311459654788,-0.01706070041902126,0.05032868181293968,0.263276054280552,0.2287548533425595,-0.22464152539115056,-0.05040556644754546,0.22348825587206397,0.057163725829393,0.04577711144427786,-0.02733248760235267,0.17439741667627726,0.019620958751393535,0.030361742205820167,0.013600891861761426,0.002437242917003037,0.1021796793910737,-0.10514742628685657,-0.13141121746818898,-0.09763579748587245,-0.1307576980740399,0.01826778918233191,-0.1096605543382155,-0.1782877791873294,-0.04675354630377119,0.09549840464383193,0.122423403682774,-0.11645715603736594,-0.21977472802060508,-0.10219505631799485,-0.11632645215853611,-0.08737169876600162,-0.11304347826086956,0.02490293314881021,0.06262253488640296,0.06324530042670973,-0.1263675854380502,0.018936685503402145,-0.08208203590512436,-0.11551147503171491,-0.27722292699803947,-0.09259216545573368,0.23748894783377542,-0.1263983392918925,-0.11865605658709107,-0.03361396224964441,0.02315765194325914,-0.11137508168992427,-0.049144658440010765,0.11711836389497558,-0.03788105947026487,0.17638104024910622,-0.10535501480029216,-0.029861992080882634,-0.01882904701495406,0.08865567216391804,-0.005935493791565756,-0.16377196017375928,0.07512397647330181,0.08581094068350441,0.15268519586360665,0.039718602237342866,-0.10424018759850844,0.02226579018183216,-0.009156959981547688,0.02022834736477915,0.12050128781762964,0.01350094183677392,0.0019528697189866604,0.1007496251874063,0.08149771268212049,-0.11031407373236458
#49,0.7046399876984585,0.260292930457848,0.051274362818590706,0.06539038173221082,0.22686349133125744,0.0923768884788375,0.13064237112213123,1.0,0.46807365547995233,0.17235228539576367,0.22454157536616307,0.5297505093607042,0.2770384038749856,0.048898627609272285,-0.2925537231384308,-0.21446968823280668,0.09848921692999654,-0.0013839234229039326,-0.0679506400645831,-0.07440126090800754,0.012632145465728674,-0.08040595087071849,0.12358436166532119,-0.09501403144581555,0.14129089301503095,-0.05617960250643909,-0.23876523276823128,-0.2187829162341906,0.22675585284280936,0.25438050205666396,0.1762810902241187,0.02591012186214585,0.1714834890247184,0.016783915734440474,0.29363779648637217,-0.000991811786414485,-0.004459308807134894,-0.09415292353823089,0.10640064583093069,0.04935993541690693,0.14979433360242955,0.20291392765155883,0.09519086610540883,-0.23031561142505672,-0.11631107523161496,-0.11346634375120132,-0.11148272017837235,-0.1547457040710414,-0.26419098143236075,-0.2422557951793334,-0.2666820435935878,-0.10134163687387075,-0.21873678545342715,0.01995925114365894,-0.09134663437512013,0.06523661246299926,-0.419121208626456,-0.2603083073847692,-0.014046822742474917,-0.1497789566755084,-0.00944912159304963,-0.10480913389459116,-0.07403990312536039,0.02497212931995541,-0.13182639449506017,-0.0942144312459155,0.021012570637758046,-0.14775689078537654,0.009910429400684274,-0.2554338215507631,0.17150655441510015,-0.33670088032906625,0.23513627801483875,0.15720601237842619,-0.13400222965440356,-0.20474378195517626,-0.08752546803521316,-0.39240379810094955,0.15558374658824434,0.2880252181601507,0.3185022873178795,0.18787529312266943,0.0978203206089263,0.19441048706416023,0.23927267135662939,0.012240033829239227,-0.11917118363894975,0.12379195017875677,0.2188136700880329,0.17582747087994463,-0.1679852381501557,-0.1987775343097682,-0.14246722792449928,0.07776111944027986,0.13462499519471033,0.058347749202321914,0.005581824472379195,-0.023472878945142814,-0.056910006535193944,-0.09112366893476338,0.06578249336870026,0.14056817744973668,-0.017783415984315536,0.06234575020182217,0.35842847806865796,0.20320608926306077,0.19574059124284013,0.08095952023988005,0.28361972859723983,0.2773151885595664,0.1618575327720755
#50,0.3764348594933303,0.223342175066313,5.381924422404182e-05,-0.0647522392649829,0.20736554799523316,0.4342290393264906,0.09470649290739246,0.46807365547995233,1.0,0.18426171529619806,0.2146618998193211,0.24466997270595472,0.35912812824357054,0.24849113904586168,-0.06836581709145427,-0.13277207550071118,0.1440971821781417,0.015269288432706724,0.04659208857109907,-0.16217275977395917,0.011763349094683427,-0.11004497751124438,0.053342559489486026,0.09469880444393187,0.1563756583246838,-0.1390612386114635,-0.08750240264483143,-0.19437973321031793,0.26895782877791874,0.17476646292238496,0.2589628262791681,0.17528158997424365,0.12609848921693,-0.07038788298158613,0.2425325798639142,0.023003882674047592,0.15514550417099143,-0.12551416599392612,0.1289893514781071,0.1646791988621074,0.16011225156652442,0.08405028255103218,0.12393034252104716,-0.16605543382155077,-0.13935340022296544,0.007773036558643755,-0.130119555606812,-0.1707377080690424,-0.2248414254411256,-0.12965824779917734,-0.23098450774612694,0.045077461269365314,-0.12043209164648445,0.16402567946795832,0.14026063891131357,0.16323376773151885,-0.21941337023795796,-0.10662361127128743,-0.06264560027678469,0.02241187098758313,-0.12057048398877485,-0.09483719678622228,0.1976550186445239,0.36105793257217544,-0.07141044862184293,-0.14934071425825549,0.36479452581401606,0.1947641563833468,0.06472148541114059,-0.11578057125283513,0.04624610771537308,-0.08872486833506324,0.05212009379925422,0.15347710760004613,-0.14400492061661477,-0.07978318533041172,-0.19713220312920463,-0.2889017029946565,0.24304770691577288,0.1206550570868412,-0.1439587898358513,0.16840041517702686,0.20219890054972514,0.011171337408218967,0.09499096605543382,-0.04984430861492331,-0.06123092300003844,0.03213008880175297,0.12346903471341253,0.04961365471110599,0.013347172567562373,-0.1796178833660093,-0.036520201437742664,-0.1306269941952101,-0.02881636105024411,0.16483296813131895,0.037427440126090804,0.09223849613654711,-0.05378080190673894,-0.07736131934032983,0.1213008880175297,0.21107138738323147,0.1261984392419175,0.049221543074616535,0.2749086994964056,0.24689962710952215,-0.021812170837658094,-0.0679121977472802,0.18155537615807482,-0.04468534963287587,-0.07825318110175682
#51,0.22946988044439318,0.4308845577211394,0.3719217314419713,0.6548187444739169,-0.23553607811478877,0.3659093530157998,0.35213162649444507,0.17235228539576367,0.18426171529619806,1.0,0.6569715142428786,-0.07120286010840733,0.5063468265867066,0.2785760965671011,0.059085841694537344,-0.17328258947449351,0.5847076461769115,0.1359704763003114,0.07650021143274517,-0.3139430284857571,0.012032445315803636,-0.1081689924268635,0.2153461730673125,-0.023165340406719716,0.3257217545073617,-0.1715142428785607,0.3744819897743436,0.18814438934378963,0.3066543651251297,0.0708030600084573,0.188974743397532,-0.1270134163687387,0.16082727866835814,0.10036520201437743,0.038657594279783186,-0.27741513858455386,0.13516318763695076,-0.2631914811824857,0.32343059239610966,0.29825087456271865,0.04047207165647945,-0.28327374774151387,0.05575673701610733,-0.26796601699150424,0.11230538576865413,-0.11546534425095145,0.34435090147234076,0.0864567716141929,0.16831584207896053,-0.11901741436973821,0.14581939799331103,-0.026348364279398764,0.3392688271248991,0.20735785953177258,-0.10355591435051704,-0.06914235190097259,-0.2801291661861377,-0.32428401184023375,0.21144812209279976,0.1583208395802099,-0.2466151539614808,-0.24902164302464153,0.055295429208472684,0.17604274785684082,0.20612001691461962,0.010387114135240072,-0.16158843655095528,0.19676315688309692,-0.03881136354899473,-0.11167493176488678,-0.011125206627455503,-0.01249375312343828,-0.29300734248260485,-0.14397416676277247,-0.4380809595202399,-0.2785684081036405,-0.30079575596816976,-0.2059585591819475,0.2256871564217891,0.06426786606696652,-0.053996078883635105,-0.08180525122054358,0.02523353707761504,-0.24027217160650444,-0.2817206781224772,-0.19011263598969746,-0.10569330719255757,-0.021035636028139775,-0.09612885864759928,-0.15599892361511553,-0.20413639334179065,-0.05354245953946104,0.061269365317341326,-0.08711797947180255,0.016929996540191443,0.2030984507746127,0.20416714719563295,0.21924422404182525,0.07915273132664437,0.23890362511052166,0.1330027294045285,0.30304847576211896,0.012678276246492138,-0.03705070541652251,0.06725098988967054,0.18858263176104256,0.12057817245223543,-0.27154115250067273,-0.17616576327221004,-0.20977203705839387,-0.210679275746742
#52,0.29736670126475223,0.34508899396455617,0.2236420251412755,0.3796255718294699,-0.12536039672471458,0.4967439357244455,0.3711913274132165,0.22454157536616307,0.2146618998193211,0.6569715142428786,1.0,-0.11819474877945643,0.405166647445508,0.12816668588782532,0.14221350863030024,0.0025295044785299658,0.33151885595663705,-0.03760427478568408,0.0913543228385807,-0.03435974320532042,0.20758082497212932,0.1264752239264983,0.2528197439741668,-0.03988774843347557,0.25813247222542574,-0.025963941106369893,0.014469688232806673,-0.12529120055356938,0.240625840925691,0.09523699688617229,0.14278245492638297,-0.18365432668281245,0.02008226655902818,0.12995040941067929,0.2768461922884711,-0.026040825740975666,0.26985737900280626,-0.01715296198054819,0.21140967977549688,0.13102679429516012,0.029093145734824896,-0.18932841271671857,-0.15335409218467688,-0.17753430976819282,0.031268980894168304,-0.020943374466612846,-0.02458001768346596,-0.12629070080344443,-0.11557298273939953,-0.22754776457924883,-0.03492868950140315,-0.10519355706762004,0.1107523161496175,0.17675008649521393,-0.009941183254526583,0.08267404759158882,-0.26465997770345595,-0.21896743935724444,-0.03595125514165994,-0.0734632683658171,-0.06378349286895015,-0.13024257102218123,0.0981970553184946,0.15602198900549724,-0.09178487679237304,0.10925306577480491,-0.00358282397262907,0.15742128935532235,0.20212970437857994,0.02792449928881713,0.1423595894360512,0.12394571944796832,-0.002644831430438627,0.05329642870872256,-0.18962826279168107,-0.1496790066505209,-0.09056241110214124,-0.19532541421596894,0.21508476530965287,0.12215430746165379,-0.3226617460500519,-0.21167877599661708,0.12874332064736863,-0.22444162534117557,-0.12277707300196056,-0.14239803175335408,-0.10551647253296428,-0.179387229462192,-0.18926690500903395,-0.23622035136278016,-0.20106869642102027,-0.12508361204013377,-0.05583362165071311,-0.04940606619767039,-0.022373428670280245,0.09034713412524507,0.09697458962826279,-0.09350709260754238,-0.22159689386076192,-0.07529312266943451,-0.03626648214354361,0.1420520508976281,-0.037565832468381195,-0.2357206012378426,-0.051597278283934955,0.09499096605543382,-0.08140545112059355,-0.04081805251220544,0.06281474647291739,0.024149463729673623,0.02144312459155038
#53,0.26895782877791874,-0.015999692461461577,0.044539268827124896,0.026110021912120862,0.5518163994925614,0.059800868796371046,0.19263445200476684,0.5297505093607042,0.24466997270595472,-0.07120286010840733,-0.11819474877945643,1.0,0.23023872679045093,0.223741975166263,-0.41144812209279974,-0.5436281859070464,0.1036404874485834,0.18087879137354398,-0.2526659747049552,-0.3982777841848307,-0.2331065236612463,-0.4932995040941068,0.06588244339368778,-0.09034713412524507,0.17585053627032637,-0.0589320724253258,0.0876177295967401,0.18510744627686157,0.32268481144043365,0.41902894706492905,0.3700226809672087,0.5256910006535194,0.4153538615307731,0.3955406911928651,0.2729942720947219,0.23635105524160996,0.25210471687233305,0.14189828162841656,0.33692384576942297,0.36201130204128706,0.38283934955599125,0.2704340137623496,0.4976896167300965,-0.030069580594318225,-0.09546765078998962,-0.05687156421789105,0.18561488486525968,0.24144850651597277,0.03267596970745396,-0.18120939530234884,-0.22594087571598817,-0.05033637027640026,0.007796101949025487,-0.2253181101756814,-0.1318802137392842,-0.11633414062199669,-0.36578633760043056,-0.39546380655825936,0.05826317610425556,0.14306692807442434,-0.3100296005843232,-0.3050013454811056,0.032491446584400105,-0.13482489524468536,0.1840003075385384,-0.202383423672779,0.016361050244108714,-0.16544804520816514,-0.43113827701533847,-0.526298389266905,-0.24094106792757466,-0.3852073963018491,0.08937069926575174,0.2229346865029024,-0.00876484834505824,-0.10720024603083074,-0.3199092761311652,-0.4668896321070234,0.06470610848421943,-0.0205512628301234,0.5082535655249298,0.6429861992080883,0.018260100718871332,0.5070618536885404,0.5190866105408835,0.11492715180871103,-0.12198516126552109,0.4477299811632645,0.5342790143389844,0.49076231115211627,0.3363087686925768,0.08342751701072541,-0.0031292046284550033,-0.16269557528927844,0.15984315534540422,0.26024679967708453,0.1143582055126283,0.22501826010071888,0.12124706877330566,0.3290201053319494,0.43073847691538847,0.35078614538884406,0.4796217275977396,0.06014684965209703,0.5462883942644062,0.3208549571368162,0.47460116095798255,-0.24015684465459577,-0.1265444200976435,-0.19411832545265828,-0.09534463537462039
#54,0.23073847691538846,0.21369315342328835,0.27776111944027987,0.24980586629762042,0.15562218890554722,0.5565217391304348,0.21333179564064123,0.2770384038749856,0.35912812824357054,0.5063468265867066,0.405166647445508,0.23023872679045093,1.0,0.5016414869488333,-0.3429362241955945,-0.5433590896859263,0.6092876638603775,0.48089801253219544,-0.13105754814900242,-0.5822550263329873,-0.22230423249913506,-0.36486372198516126,0.19115826702033598,0.20552800522815515,0.47952946603621266,-0.03305270441702226,0.3715296198054819,0.33680851881751434,0.6569023180717334,0.34897935647560835,0.42791681082535654,0.12577557375158574,0.4770230269480644,0.2652289239995387,0.12258486141544613,-0.17690385576442547,0.1139507169492177,-0.2792296159612501,0.498681428516511,0.457109906585169,0.19471802560258333,-0.284580786529812,0.008026755852842809,-0.39424134086802753,0.14452773613193404,-0.19363395225464192,0.30822281167108756,0.2584938300080729,0.09184638450005767,-0.0562103563602814,-0.01474647291738746,0.2326375273901511,0.35221619959251144,0.1996924614615769,-0.0558028677968708,-0.14591934801829853,-0.37883366009303043,-0.4522969284588475,0.05671010648521893,0.2313996847729981,-0.4435858993580133,-0.41842924691500405,0.050098027909122364,0.2666589782032061,0.44626148464229426,-0.09224618460000769,0.02149694383577442,0.2409948871717987,-0.31212855110906085,-0.43907277130665434,-0.053234921001037945,-0.16022757851843308,-0.2616845423442125,-0.034159843155345405,-0.4536193441740668,-0.30945296582477994,-0.3712605235843617,-0.4244723791950179,0.38047899127359397,0.14602698650674661,-0.029708222811671087,0.3373851535770576,0.5741436973820782,-0.053342559489486026,-0.11158267020335985,-0.20896474839503326,-0.18858263176104256,0.14119094299004345,0.24323223003882674,-0.17307500096105793,0.2121862145850152,-0.19304194056817744,0.007088763310652366,-0.18565332718256256,0.06523661246299926,0.45761734517356706,0.2386883481336255,0.46229193095759813,0.32612155460731174,0.32362280398262405,0.45867066466766615,0.5476646292238496,0.4353976857724984,0.21008726406027756,0.48490370199515626,0.5410679275746743,0.3881367008803291,-0.41048706416022757,-0.2862491831007573,-0.33285664859877756,-0.2302848575712144
#58,-0.007919117364394726,0.12000153769269212,0.14373582439549457,0.0567869911198247,0.09415292353823089,0.23934955599123514,0.21862914696497904,0.048898627609272285,0.24849113904586168,0.2785760965671011,0.12816668588782532,0.223741975166263,0.5016414869488333,1.0,-0.10768461922884712,-0.227763041556145,0.2189597508937839,0.33091146734325144,0.039741667627724596,-0.34616537884903703,-0.1264060277553531,-0.24081805251220545,0.12823588205897052,0.22240418252412256,0.33231076769307655,0.22105870141852152,0.2669895821320109,0.21855226233037328,0.42951601122515665,0.48874793372544495,0.24540806519817016,0.1596816976127321,0.0949986545188944,-0.0015684465459577903,0.2120862645600277,0.02624072579095068,0.0926152308461154,-0.18641448506515973,0.23070003459808558,0.18338523046169222,0.13404836043516702,-0.046092338446161535,0.13101141736823896,-0.11584207896051973,-0.013539384154076808,-0.09013954561180948,0.102556414100642,0.1618959750893784,0.1098681428516511,0.10766924230192595,-0.05887056471764118,0.12276938453849998,0.2044593088071349,-0.05528774074501211,0.15567600814977126,-0.022857801868296623,-0.19201168646446007,-0.24349363779648636,-0.0966670510898397,0.059416445623342175,-0.36778533810018066,-0.4212970437857994,0.28185138200130705,0.41536154999423364,0.2950294083727367,0.05789412985814785,0.30596240341367775,0.3397224464690732,-0.1928189751278207,-0.10547034175220082,-0.14387421673778494,-0.015207780725022104,-0.28674893322569484,-0.14887940645062084,-0.24470072655979702,-0.1890439395686772,-0.23041556145004422,-0.24613078076346442,0.43407527005727903,0.15506861953638565,0.025394994810287164,0.31332026294545035,0.261238611463499,0.05584131011417368,-0.06033137277515089,-0.17076846192288472,-0.24213277976396416,0.15072463768115943,0.29311498097105293,0.027109522161995924,0.19627878368508053,-0.19375696767001116,-0.0946219198093261,-0.2121862145850152,0.017268288932456848,0.2084649982700957,0.21902894706492906,0.2340983354476608,0.12770537808019067,0.18003306039288047,0.15310037289047784,0.2674816437934879,0.4503363702764003,0.041240918002537194,0.321477722677123,0.09971937108368892,0.0622996194210587,-0.32989659016645523,-0.24404720716564796,-0.2821512320762696,-0.22547187944489294
#101,-0.2697574289778188,-0.009818167839157345,0.0019144274016837735,-0.04918310075731365,-0.4289624418559951,0.05458040210663899,-0.11880982585630262,-0.2925537231384308,-0.06836581709145427,0.059085841694537344,0.14221350863030024,-0.41144812209279974,-0.3429362241955945,-0.10768461922884712,1.0,0.7648175912043979,-0.11739514857955638,-0.1951024487756122,0.7039710913773882,0.3626033137277515,0.5776727021104833,0.49460654288240496,0.18258563026179217,-0.0339906969592127,-0.022719409526006228,0.07310959904663053,-0.17000730404028755,-0.402583323722754,-0.03698150924537731,-0.003298350824587706,-0.26592857417445126,-0.15316188059816246,-0.36112712874332065,-0.17365932418406183,0.08075193172644447,0.21631491946334525,0.15476876946142312,0.21139430284857572,-0.22071272056279553,-0.19168108253565525,0.1500864952139315,0.19803944181755276,-0.13241840618152462,0.15163956483296814,-0.2894398954368969,-0.06529812017068388,-0.32904317072233114,-0.44483911890208744,-0.2395417675777496,-0.2965901664552339,-0.15465344250951446,-0.38490754622688655,-0.20825740975666013,0.1347018798293161,0.2892169299965402,0.39743974166762774,0.10422481067158729,-0.006250720793449429,-0.2642448006765848,-0.2982970053434821,-0.006858109406835044,-0.05844769922730942,0.2387806096951524,0.26932687502402647,-0.3841386998808288,0.1088840195286972,0.2872333064237112,0.29507553915350015,0.6711413524007227,0.6869795871295121,0.3491638795986622,0.4681505401145581,0.18877484334755698,-0.0761849844308615,0.19963095375389228,0.10210279475646793,0.03052319993849229,0.03474416637834929,0.18137085303502096,0.32600622765540305,-0.34115250067274056,-0.44607696151924037,-0.1590666205358859,-0.2679121977472802,-0.2637758044054896,-0.33901510783070005,-0.27034944066428324,-0.23312190058816745,-0.249467573905355,-0.15682927766885787,-0.40981047937569676,-0.19796255718294697,-0.24836812363049243,-0.2997193710836889,-0.45473417137585054,-0.1806404490062661,0.23169184638450005,-0.33591665705608736,-0.39120439780109945,-0.36418713720063045,-0.483835005574136,-0.26045438819052014,-0.16105024410871488,-0.3352246953446354,-0.5114827201783724,-0.41712989659016647,-0.40713489409141584,-0.04898320070733864,0.07809941183254526,-0.07251758736016607,-0.08518817514319763
#102,-0.1447122592549879,0.0926152308461154,-0.15353092684427017,-0.2203821166339907,-0.4522738630684658,-0.18561488486525968,-0.23384461615346172,-0.21446968823280668,-0.13277207550071118,-0.17328258947449351,0.0025295044785299658,-0.5436281859070464,-0.5433590896859263,-0.227763041556145,0.7648175912043979,1.0,-0.4203129204628455,-0.31441202475685237,0.5706454465075155,0.7033252604466997,0.47266366816591704,0.7587590819974628,-0.01460039211163649,0.015461500019221159,-0.2544727636181909,0.26589782032060894,-0.49160804213277975,-0.5570906854265175,-0.3266289931957098,-0.10390958366970361,-0.42198131703379077,-0.28760235266981893,-0.5972859723984162,-0.3986698958213201,0.01877522777073002,0.14201360858032522,-0.12593703148425786,0.20781147887594664,-0.5288586475992773,-0.5618037135278514,-0.17555837465882443,0.19722446469073154,-0.3562526429093146,0.2285780186829662,-0.3233075769807404,0.036497136047360934,-0.5333717756506362,-0.5479029715911276,-0.37309806635143966,-0.14488909391458116,-0.11475800561257833,-0.300372890477838,-0.4169069311498097,0.1073155729827394,0.16703186868104408,0.38326990350978357,0.14723407527005727,0.2918694498904394,-0.33211086764310155,-0.48069811248222044,0.2732633683158421,0.19258832122400338,0.08970130319455656,0.09080844193287971,-0.5178795217775728,0.21928266635912813,0.2873332564486987,0.11676469457578903,0.7727136431784108,0.7715911275131665,0.5157421289355323,0.4629377618882866,0.3154884096413332,-0.14021450813055011,0.29402221965940106,0.1230000384423173,0.26775842847806863,0.21666090031907123,0.0011840233729289201,0.37646561334717255,-0.290785376542498,-0.5761042555645254,-0.2370891477338254,-0.27241763733517854,-0.17102218121708376,-0.16320301387767655,-0.09856610156460231,-0.42859339560988735,-0.41053319494099105,-0.28085957021489255,-0.47178718333141123,-0.23655095529158499,-0.26166916541729135,-0.05638719101987468,-0.342290393264906,-0.40213739284204053,-0.022665590281782187,-0.5554684196363356,-0.41014877176796216,-0.6658516895398454,-0.6926075423826549,-0.5109214623457502,-0.425725598739092,-0.3056164225579518,-0.5872217737285204,-0.6050051897128359,-0.583662015146273,0.24866028524199438,0.27207934494291314,0.2595702148925537,0.13070387882981585
#201,0.07404759158882097,0.20365202014377426,0.6444393188021373,0.41754507361703763,-0.086764310152616,0.4156075808249721,0.1886672048591089,0.09848921692999654,0.1440971821781417,0.5847076461769115,0.33151885595663705,0.1036404874485834,0.6092876638603775,0.2189597508937839,-0.11739514857955638,-0.4203129204628455,1.0,0.5948179756275709,0.0817591204397801,-0.7244839118902088,-0.10257947949102372,-0.3050013454811056,0.5162341905970091,0.21161726828893246,0.6826048514204436,-0.2170145696382578,0.6113097297505093,0.3985468804059509,0.6277322877023027,0.21309345327336332,0.4982278091723369,0.151478107100296,0.6266943451351248,0.4551954791834852,0.06223811171337408,-0.4327912966593626,0.18113251066774305,-0.3437896436397186,0.6320685810940684,0.5992234651904816,0.3243378310844578,-0.22661746050051898,0.16503286818129398,-0.32567562372659825,0.17458962826279167,-0.03947257140660439,0.49344558489985774,0.3618190904547726,0.1468880944143313,-0.12906623611271287,0.25462653288740245,0.24659977703455965,0.59707069542152,0.3485641794487372,-0.024203282973897667,-0.22465690231807173,-0.32223119209625956,-0.6563564371660323,0.14155230077269057,0.31886364510052667,-0.5966555183946488,-0.5949333025794795,-0.2601776035059393,0.007142582554876408,0.4363049244608465,-0.1417522008226656,-0.2279706300695806,0.10798446930380963,-0.2749163879598662,-0.3497789566755084,0.014177526621304733,0.038734478914388956,-0.37957175258524584,-0.013547072617537384,-0.5624264790681582,-0.353315649867374,-0.6037596586322224,-0.45514165993926115,0.19797024564640756,0.1170491677238304,0.06388344289393764,0.13760811901741438,0.21257832622150463,-0.17585053627032637,-0.3829392995809787,-0.39371852535270824,-0.3514396647829931,0.3667397070695422,0.08868642601776035,-0.016530196440241417,0.09054703417522009,-0.1049013954561181,0.147057240610464,-0.2694498904393957,-0.07931418905931649,0.693968400415177,0.3717141429285357,0.6024141775266213,0.4557798024064891,0.490493214930996,0.5930265636412563,0.6948371967862222,0.2969822780917234,0.28601852919694,0.38090185676392574,0.5791411986314535,0.5259370314842579,-0.6756083496713182,-0.42515665244300926,-0.5329335332333833,-0.3153577057625034
