,#10,#11,#12,#13,#17,#18,#26,#49,#50,#51,#52,#53,#54,#58,#101,#102,#201,#202,#301,#302,#401,#402,#501,#502,#601,#602,#701,#702,#801,#802,#901,#902,#1001,#1002,#1101,#1102,#1201,#1202,#1301,#1302,#1401,#1402,#1501,#1502,#1601,#1602,#1701,#1702,#1801,#1802,#1901,#1902,#2001,#2002,#2101,#2102,#2201,#2202,#2301,#2302,#2401,#2402,#2501,#2502,#2601,#2602,#2701,#2702,#2801,#2802,#2901,#2902,#3001,#3002,#3101,#3102,#3201,#3202,#3301,#3302,#3401,#3402,#3455,#3501,#3502,#3601,#3602,#3701,#3702,#3801,#3802,#3901,#3902,#4001,#4002,#4101,#4102,#4201,#4202,#4301,#4302,#4401,#4402,#4501,#4502,#4601,#4602,#4701,#4702,#4801,#4802
#10,1.0,0.5132818206281474,0.3023795794410487,0.49008572636758546,0.04607696151924038,-0.07510091108292008,-0.10080344443163033,0.6367201014877176,0.35046322992349976,0.592596009687464,0.5495329258447699,0.13314112174681889,-0.026479068158228578,0.11069080844193288,-0.20334448160535118,-0.12742859339560988,0.42852419943874215,0.12522200438242417,0.10808441932879714,-0.14527351708761005,0.11742590243339869,-0.10344058739860838,0.027117210625456502,-0.12935070926075423,0.024779917733440973,0.23149194633452505,0.04593856917694999,-0.2482143543612809,-0.15446123092300004,-0.31811786414485066,0.02960827278668358,0.06782762464921385,0.14644985199707838,-0.0009226156152692884,-0.05718679121977473,-0.18800599700149925,-0.11362780148387344,-0.35925883212240034,0.05152039364932918,-0.22494906392957367,0.09140814208280475,-0.2974051435820551,-0.17061469265367316,-0.37485103602045133,-0.24533886902702495,-0.16850805366547494,-0.1386460615845923,-0.24296313381770654,0.06404490062660977,-0.007257909506785069,0.17452043209164647,0.16606312228501133,0.14972513743128435,0.06887325567985238,0.046553646253796176,0.09764348594933303,0.2161688386575943,-0.02135086303002345,0.1971091377388229,0.05957021489255372,0.24419328797139891,0.3859839311113674,-0.17898742936224196,-0.324114865644101,0.03396763156883097,-0.05553377157575059,-0.15684465459577904,-0.2748548802521816,0.1517856456387191,0.0875792872794372,0.2421635336178065,0.3158882097412832,0.06339138123246069,0.11785645638719101,-0.008680275246991888,0.1592742090493215,0.15619882366509052,0.23118440779610194,-0.3043862684042594,-0.3613654711105985,-0.23642793987621574,-0.34877945642563335,-0.02498750624687656,0.01918271633414062,-0.06799677084534655,0.18756006612078577,0.3174259024333987,-0.09895821320109176,-0.1402452619843924,-0.0016683965709452966,-0.35170107254065275,0.07164110252566025,-0.04686887325567985,0.24024910621612272,-0.23509783569753584,0.26843501326259944,-0.08150540114558105,0.35939722446469075,0.11923269134663438,0.22710183369853534,0.030992196209587514,0.15044016453311806,-0.16421789105447276,0.20417483565909353,0.08565717141429285,0.26925767885288127,0.02877791873294122,0.3128973974551186,0.06578249336870026,0.29286895014031444,0.21375466113097297
#11,0.5132818206281474,1.0,0.5275746742013608,0.38535347710760004,0.05907815323107677,0.20300618921308577,0.2273555529927344,0.47151808711029103,0.4747549302271941,0.5498020220658901,0.48636451005266595,0.16507899896205744,0.19365701764502363,0.1765578749086995,-0.02700188367354784,0.06818898243186099,0.372383039249606,0.4531734132933533,-0.23227616960750394,-0.18456156537116059,0.028208972436858493,0.05414215968938608,0.14975589128512667,0.09881982085880137,0.028701034098335448,0.37323645869373007,0.04463153038865183,-0.41380079191173647,-0.0025295044785299658,-0.20062276554030678,-0.09549071618037135,0.02244262484142544,0.08831737977165263,0.038734478914388956,-0.3748817898742936,-0.05755583746588244,-0.28308922461846,-0.1600891861761427,0.046938069426825046,-0.021043324491600353,-0.12611386614385114,-0.3638334678814439,-0.05092838196286472,0.08407334794141391,0.11737977165263522,0.02312689808941683,-0.1876138853650098,-0.3039557144504671,-0.004728405028255103,-0.01613808480375197,0.10727713066543651,-0.093022719409526,0.0005381924422404183,-0.10710798446930381,-0.2866951139814708,-0.014023757352093184,-0.06629762042055895,0.0027909122361895974,-0.06133856148848653,0.0739399531003729,-0.039826240725790954,0.12751316649367625,-0.1696843885749433,-0.08207434744166378,-0.04245569522930842,-0.011847922192749778,-0.09942720947218699,-0.016507131049859687,0.2467535463037712,0.12331526544420097,0.2761696075039403,0.17450505516472534,0.07171798716026602,0.2165301964402414,-0.12775150886095413,0.031814861799869296,-0.1065005958559182,-0.0610079575596817,-0.1585591819474878,-0.05133587052627532,0.10245646407565448,0.03204551570368662,-0.022827048014454312,0.2943682005151271,0.17750355591435052,0.12553723138430783,0.03704301695306193,-0.05116672433014262,-0.09340714258255488,0.13497097605043631,-0.01087148733325645,-0.120585860915696,-0.09756660131472725,0.01027947564679199,-0.10519355706762004,0.3071925575673702,0.05492638296236497,0.31838696036597086,0.06725867835313112,0.1536231884057971,-0.07896820820359052,0.2631837927190251,0.02690962211202091,0.12771306654365125,0.10052665974704955,0.11518087110291009,-0.12173144197132203,-0.06038519201937493,-0.005920116864644601,0.020359051243608966,0.07369392226963441
#12,0.3023795794410487,0.5275746742013608,1.0,0.5756660131472725,0.1416522507976781,0.2596547879906201,0.1808095952023988,0.1199015876677046,0.37122976973051935,0.7068773305654865,0.500172990427863,0.16363356783146887,0.3913120362895475,0.07503171491177488,-0.19285741744512358,-0.06682812439933879,0.7119824703033099,0.7867604659208857,-0.10655441510014224,-0.09046246107715374,-0.3234382808595702,-0.011824856802368047,0.31370468611847924,0.014400492061661477,0.08317379771652635,0.2756775458424634,0.25462653288740245,0.004628455003267597,-0.0810440933379464,-0.15242378810594703,0.09545227386306847,0.04731480413639334,0.423741975166263,0.30063429823549764,-0.5468727174874102,-0.2031984007996002,-0.20882635605274286,-0.23392918925152809,-0.34596547879906203,-0.0849959635566832,-0.2028908622611771,-0.5043862684042594,-0.12093953023488256,-0.14682658670664667,-0.15991235151654942,-0.19855456886941145,0.11937877215238535,-0.031622650213354864,0.1286126167685388,-0.12391496559412601,0.3671702610233345,0.1941490793065006,0.37543535924345517,0.2142544112559105,-0.1826471379694768,0.07695383077691924,-0.1959866220735786,-0.15589128512666744,-0.07650789989620574,0.03673547841463883,-0.0329373774651136,0.1353169569061623,-0.3431899434897936,-0.22388036750855342,0.24184061815246222,0.21804482374197517,-0.23792719025102832,-0.16351055241609963,0.15057086841194786,0.10371737208318918,0.38189366855034024,0.3848306615922808,-0.2309306885019029,0.2137854149848153,-0.36558643755045556,0.06663591281282435,-0.2792526813516319,0.12903548225887057,-0.1381078691423519,-0.14192903548225888,-0.050889939645561835,-0.07437050705416523,-0.08116710875331565,0.1971706454465075,0.211025256602468,0.05794026063891131,0.19178103256064274,0.07802252719793949,-0.0058509206934994045,-0.010087264060277554,0.08014454311305885,0.1003421366239957,-0.08429631338177065,0.22989274593472495,-0.028847114904086417,0.4622150463229924,0.2268096720870334,0.6767539307269442,0.6040979510244877,0.5064775304655365,0.38538423096144236,0.5176258024833736,0.2913081920578173,0.5207934494291316,0.5553684696113482,0.43135355399223463,0.22438780609695153,-0.014085265059777804,0.02140468227424749,0.06026986506746627,0.09112366893476338
#13,0.49008572636758546,0.38535347710760004,0.5756660131472725,1.0,0.1767270211048322,0.08944758390035751,0.1192250028831738,0.3646253796178834,0.14129089301503095,0.7743128435782108,0.5318494598854419,0.2104486218429247,0.3491254372813593,0.15363856533271825,-0.17792642140468226,-0.08494983277591973,0.5519547918348519,0.2816976127320955,-0.08269711298197055,-0.15129358397724216,-0.2575020182216584,-0.12128551109060855,0.28151308960904164,0.0011302041287048782,0.10925306577480491,0.1570599315726752,0.15310806135393842,0.06253796178833661,-0.09276131165186638,-0.16317226002383423,0.14663437512013225,0.08064429323799639,0.4021527697689617,0.21749125437281358,-0.12872794372044746,-0.20888786376042748,0.08504978280090723,-0.26790450928381965,0.030492446084649984,-0.022381117133740823,-0.09654403567447045,-0.3440971821781417,-0.12084726867335563,-0.29876600161457734,-0.20808057509706684,-0.20974128320455157,0.20923384461615346,0.09159266520585861,0.09203090762311152,-0.24993657017645024,0.33073463268365816,0.0381424672279245,0.24618460000768846,0.061492330757698076,0.004912928151308961,0.0832583708145927,-0.04628455003267597,-0.1755045554146004,0.1735593741590743,0.1007803790412486,0.035928189751278206,0.20186829662092032,-0.20237573520931842,-0.2733863837312113,0.28045977011494255,0.011555760581247838,-0.16351055241609963,-0.2619690154922539,0.0002767846845807865,-0.05231999384922923,0.284180986429862,0.1746511359704763,-0.15743666628224348,-0.016038134778764465,-0.2893091915580671,-0.04622304232499135,-0.12249259985391919,0.13280282935455348,-0.20181447737669628,-0.265951639564833,-0.12408411179025872,-0.18794448929381463,-0.12403798100949526,0.1962864721485411,0.04551570368661823,0.03400607388613386,0.2485526467535463,-0.015922807826855803,-0.05436512512974282,0.03651251297428209,-0.0958520739630185,0.11043708914773383,-0.008918617614269788,0.43754276707799944,0.11970168761772959,0.13008880175296966,0.010602391112136239,0.5159112751316649,0.34202898550724636,0.5419290354822589,0.3169799715526852,0.3032099334947911,0.06417560450543959,0.39527928343520546,0.35163956483296815,0.4108561104063353,0.19450274862568714,-0.015884365509552915,-0.12181601506938838,0.14128320455157037,0.15615269288432707
#17,0.04607696151924038,0.05907815323107677,0.1416522507976781,0.1767270211048322,1.0,-0.22441855995079382,-0.07333256448698727,0.0940760389036251,0.0733940721946719,0.26612078576096565,0.298189366855034,0.4916003536693192,0.1729212316918464,0.5855610656210356,-0.2300388267404759,-0.39960019990004997,0.04152539115057856,-0.02561796025064391,-0.318056356437166,-0.44932149309960406,-0.11920193749279206,-0.27595433052704416,0.11985545688694114,-0.36040441317802635,0.25165878599161956,-0.11368930919155806,-0.03550532426094645,-0.18420789605197402,-0.260492830507823,-0.5766732018606081,-0.08378118632991197,-0.2791757967170261,0.3925883212240034,-0.255725983162265,0.12676738553800024,-0.21636873870756929,0.1264060277553531,-0.08818667589282282,0.2098950524737631,0.09033944566178449,0.2513512474531965,0.1568139007419367,-0.04361665321185561,-0.1395379233460193,0.22471072156229577,0.26988044439318803,-0.17759581747587744,-0.07184100257563526,0.16360281397762658,0.2868796371045247,0.03395994310537039,0.0279014338984354,-0.15515319263445201,-0.2736708568792527,-0.1676776996117326,0.028408872486833506,0.4140775765963172,0.17453580901856763,0.3670626225348864,0.402329604428555,0.08922461846000077,0.024095644485449583,0.21237842617152963,0.07272517587360167,-0.4849882750932226,-0.22784761465421136,-0.3218544573866913,0.1329412216968439,-0.22203513627801483,-0.0395033252604467,0.006050820743474417,-0.22971591127513166,0.04486987275592973,-0.371491177488179,0.34342059739361086,0.3633567831468881,0.20964902164302465,-0.012017068388882482,0.1683542843962634,-0.21683004651520393,0.2671664167916042,0.1370853035020951,-0.005312728251258986,0.23277591973244147,0.5877676546342213,-0.22001307038788298,-0.13949179256525585,0.36745473417137586,0.44506208434244415,0.2570637758044055,0.2514742628685657,0.05422673278745243,0.28650290239495635,0.1496790066505209,0.06321454657286742,0.046415253911505784,-0.38052512205435746,0.11694152923538231,0.0637988697958713,0.011117518163994925,0.29127743820397495,-0.17833390996809287,0.0870718486910391,0.39379540998731405,0.21760658132472224,0.09221543074616538,0.3952408411179026,0.14631914811824856,-0.18333909968092876,-0.05381155576058125,0.08298158613001191
#18,-0.07510091108292008,0.20300618921308577,0.2596547879906201,0.08944758390035751,-0.22441855995079382,1.0,0.29825087456271865,-0.1592742090493215,0.03408295852073963,0.1549225387306347,0.12961211701841388,0.004905239687848384,0.3570214892553723,-0.17677315188559567,0.28437319801637645,0.31084457771114443,0.1442970822281167,0.3562757082996963,0.0012455310806135393,0.20909545227386306,0.04521585361165571,0.3037481259370315,0.19463345250451697,0.4678199361857533,-0.0598854418944374,0.09146196132702879,0.13051166724330143,0.022250413254911006,0.41726060046899627,0.3089685926267635,0.14891016030446316,0.21536154999423365,-0.20502056663975704,0.4498827509322262,-0.201291661861377,0.053996078883635105,-0.2806750470918387,0.05586437550455541,-0.15030946065428824,0.22185830161842157,-0.1170799215776727,-0.13023488255872065,-0.13316418713720063,0.21353169569061622,0.19929266136162688,-0.11857148348902471,-0.05284280936454849,0.1540921846768923,-0.2590243339868527,-0.1062930073424826,0.0802983123822704,-0.07197170645446507,0.012370737708069042,0.09103909583669703,-0.21031791796409488,-0.09386845039018953,-0.5196248029831239,-0.20856494829508324,-0.34065275054780303,-0.1774728020605082,-0.4085649482950832,-0.2744858340060739,-0.1015953561680698,0.00515127051858686,0.29786645138968976,0.14836427939876215,0.3682697112981971,-0.06667435513012725,0.2403567447045708,0.24277861069465267,0.11440433629339176,0.32652904317072234,0.12948910160304464,0.2903163802714028,-0.34136008918617616,-0.2536193441740668,-0.4111252066274555,-0.3421058701418522,0.15726752008611078,0.37723445969323033,-0.06093107292507592,0.19607119517164495,-0.22137392842040518,0.2782224272479145,0.009572137008418868,-0.10041133279514089,-0.29865836312612926,0.12911236689347633,0.0575712143928036,-0.06871179794718026,0.23492868950140314,-0.01666858878253181,0.03808095952023988,-0.11056010456310307,-0.05368085188175143,0.1467573905355015,0.49712067043401376,-0.0766232268481144,-0.14972513743128435,0.103502095106293,-0.17543535924345519,0.3880905700995656,0.3205935493791566,-0.29096221120209126,0.0018990504747626188,-0.2094568100565102,-0.36895398454618844,-0.4726406027755353,0.315219313420213,-0.4085418829047015,-0.1960173759274209
#26,-0.10080344443163033,0.2273555529927344,0.1808095952023988,0.1192250028831738,-0.07333256448698727,0.29825087456271865,1.0,-0.17960250643908815,-0.3801560758082497,0.0541344712259255,-0.22232729788951677,-0.20796524814515818,0.31037558144004923,-0.00559720139930035,0.06286087725368085,0.3636643216853112,-0.12689040095336948,0.12870487833006575,-0.23648944758390036,0.1545765578749087,-0.16734709568292777,0.22120478222427248,-0.3481413139584054,0.23816553261830622,-0.36751624187906046,0.11059085841694537,-0.32023219159650945,-0.08541882904701495,-0.03962634067581594,0.19590204897551225,-0.32722869334563487,0.00808057509706685,-0.1946257640410564,0.00858801368546496,-0.1627724599238842,0.312543728135932,-0.248375812093953,0.2312689808941683,-0.03770422481067159,0.19515626801983624,-0.10720024603083074,0.13946103871141352,-0.14132933533233383,0.2835274670357129,0.015892053973013492,0.14910237189097758,-0.14361280898012532,-0.17239072771306654,-0.08904778380040748,-0.0814208280475147,-0.09319955406911928,-0.1439972321531542,-0.058409256910006535,0.022773228770230268,-0.08260485142044363,0.2472917387460116,-0.14056817744973668,0.12203129204628455,0.006081574597316727,0.03136124245569523,0.022404182524122553,-0.17316726252258485,0.09878137854149849,0.20880329066236114,0.15063237611963248,0.2247414754161381,-0.015515319263445201,0.12103948025987006,-0.1122515665244301,-0.08496520970284088,0.06494445085149733,-0.11848691039095836,-0.12013224157152193,-0.13068850190289472,-0.021358551493484028,-0.10647753046553646,-0.03263752739015108,-0.08152846653596278,-0.10210279475646793,0.2644754545804021,-0.16326452158536117,0.26663591281282434,-0.1539691692615231,-0.11050628531887902,-0.12170068811747972,-0.052196978433859995,-0.17213700841886748,-0.006058509206934994,-0.02724791450428632,-0.19999231153653943,0.058086341444662286,-0.16663206858109406,-0.022957751893284126,0.02005151270518587,0.2728866336062738,-0.13433283358320838,0.3188482681736055,-0.04196363356783147,-0.05839387998308538,-0.0760773459424134,-0.022896244185599508,-0.039657094529658245,0.0561411601891362,-0.09921193249529081,0.004059508707184869,-0.005035943566678199,0.0690039595586822,-0.14942528735632185,-0.11529619805481875,-0.07895283127666936,-0.028793295659862377
#49,0.6367201014877176,0.47151808711029103,0.1199015876677046,0.3646253796178834,0.0940760389036251,-0.1592742090493215,-0.17960250643908815,1.0,0.5002652519893899,0.5225541075616038,0.4023142275016338,0.25890131857148346,0.09461423134586552,0.17128358897474338,-0.02158920539730135,-0.1611117518163995,0.30580094568100563,0.040318302387267906,-0.20957982547187945,-0.3099296505593357,0.1579825471879445,-0.19609426056202667,0.22081267058778303,-0.15884365509552917,0.21763733517856457,0.08799446430630839,0.041617652712105484,-0.49903509783569755,0.19647099527159498,-0.2526121554607312,0.07988313535539922,-0.11872525275823627,0.026517510475531466,-0.19251912505285818,0.05008265098220121,-0.2594318225502633,0.04354745704071041,-0.4353592434551955,0.2990197209087764,-0.08671049090839196,0.07057240610463998,-0.16557874908699496,0.09801253219544075,-0.11219774728020605,0.0870334063737362,-0.014016068888632606,-0.19747049552147003,-0.2407949871218237,-0.040341367777649635,0.036858493830008075,-0.0658363126129243,-0.14327451658785992,-0.03566678199361858,-0.057809556760081496,0.06922692499903894,0.03304501595356168,0.2552954292084727,0.10787683081536155,0.062276554030676966,-0.05918579171952485,0.05706377580440549,0.23408295852073963,0.059962326529043174,-0.26585168953984545,-0.11914042978510744,-0.28949371468112095,0.1270826125398839,-0.03354476607849921,0.16786222273478646,-0.0028677968707953717,-0.013078076346442164,-0.09210010379425672,0.3598124014915619,0.20249875062468767,0.16412562949294585,0.124260946449852,0.1985699457963326,0.11975550686195365,-0.054372813593203395,-0.15912812824357053,-0.050397877984084884,-0.09586745088993964,0.12144696882328067,0.3232691346634375,0.13186483681236305,0.28388882481836003,0.242863183792719,-0.05711759504862953,-0.09431438127090301,0.1592665205858609,-0.13925345019797794,0.11656479452581402,0.03190712336139623,0.15070157229077769,0.019682466459078153,0.3241225541075616,-0.18493830008072887,0.12712874332064736,-0.15037096836197286,-0.030100334448160536,-0.2872640602775535,0.1110214123707377,-0.24627686156921538,0.002514127551608811,-0.14497366701264752,-0.09689001653019644,-0.27433206473686234,0.10461692230807673,0.15932802829354553,0.1905124360896475,0.22540268327374774
#50,0.35046322992349976,0.4747549302271941,0.37122976973051935,0.14129089301503095,0.0733940721946719,0.03408295852073963,-0.3801560758082497,0.5002652519893899,1.0,0.41338561488486525,0.48769461423134586,0.31250528581862913,-0.010471687233306423,0.24238649905816323,0.18017914119863146,-0.09211548072117787,0.3818629146964979,0.4637604274785684,-0.165632568331219,-0.2731095990466305,0.0966670510898397,-0.08838657594279783,0.41837542767078,-0.09345327336331834,0.26979587129512167,0.2211663399069696,0.07759966170760774,-0.42132779763964173,0.20961826778918233,-0.23872679045092837,-0.007073386383731211,-0.013139584054126782,0.09020874178295468,0.011648022142774767,-0.20592780532810517,-0.2990197209087764,-0.07769192326913467,-0.2784915234690347,-0.06319916964594625,-0.16156537116057357,0.02147387844539269,-0.26900395955868217,0.12942759389536002,-0.04627686156921539,0.03639718602237343,-0.06965747895283128,-0.15676008149771267,-0.2239572521431592,-0.0005689462960827279,0.037973321031791796,0.012647522392649829,0.07956021989005498,-0.017937185253527083,-0.017837235228539576,-0.3461807557759582,-0.05274285933956099,-0.005289662860877254,0.09529850459385691,-0.2430400184523123,0.009964248644908314,-0.12081651481951332,0.11990927613116519,-0.056095029408372736,-0.18532272325375773,-0.2695113981470803,-0.2962903163802714,0.0899934648060585,-0.008480375197016877,0.45502633298735246,0.24330911467343252,0.17502018221658402,0.2942144312459155,0.24805289662860877,0.1771729519855457,0.0711797947180256,0.21270903010033446,-0.011501941337023796,-0.046230730788451926,-0.047045707915273134,-0.0521585361165571,0.06440625840925691,0.04753008111328951,0.07048783300657363,0.5213700841886749,0.4826817360550494,0.19515626801983624,0.05338869027024949,0.23387537000730405,0.09065467266366817,0.28915542228885555,0.17011494252873563,0.07020335985853227,0.07120286010840733,0.0598854418944374,-0.2257871064467766,0.4779148887094914,0.060039211163648944,0.2585937800330604,0.039195786722023604,0.0606004689962711,-0.13520162995425364,0.30493214930996043,0.04321685311190559,0.13500172990427864,0.00784223272978895,-0.06254565025179717,-0.2615230846115404,-0.023119209625956254,0.13253373313343328,-0.056448698727559296,-0.04980586629762042
#51,0.592596009687464,0.5498020220658901,0.7068773305654865,0.7743128435782108,0.26612078576096565,0.1549225387306347,0.0541344712259255,0.5225541075616038,0.41338561488486525,1.0,0.6977588129012416,0.37201399300349824,0.411425056702418,0.2628531887902203,-0.13866143851151347,-0.1687002652519894,0.7191250528581863,0.5426440625840926,-0.214700342136624,-0.3595125514165994,-0.17362088186675892,-0.19173490177987929,0.42990043439818554,-0.08405797101449275,0.274447391688771,0.1276284934455849,0.24721485411140584,-0.17631184407796102,0.006473686233806173,-0.2795217775727521,0.2220120708876331,0.028331987852227732,0.36110406335293893,0.11737977165263522,-0.2744089493714681,-0.3203936493291816,0.06885019028947065,-0.39293430207972935,0.010148771767962172,-0.0925844769922731,-0.06513666243801176,-0.4266943451351247,-0.012924307077230615,-0.25856302617921806,-0.0014146772767462423,-0.1674393572444547,0.05596432552954292,-0.04635374620382117,0.054680352131626496,-0.05613347172567562,0.27037250605466495,0.016422557951793332,0.1977472802060508,0.04989043939568677,-0.111944027986007,-0.029239226540575865,0.01631491946334525,-0.1993234152154692,0.011217468188982432,0.03147656940760389,0.0025064390881482336,0.22917771883289126,-0.13091915580671204,-0.2373582439549456,0.20441317802637143,-0.11120593549379157,-0.12012455310806136,-0.1731211317418214,0.08752546803521316,0.08338138622996194,0.26688963210702343,0.23026179218083265,-0.0323223003882674,0.04417791104447776,-0.1841463883442894,0.0755007111828701,-0.12357667320186061,0.033121900588167455,-0.07071848691039095,-0.25356552492984274,-0.02925460346749702,-0.10320993349479107,-0.019790104947526237,0.4065659477953331,0.2587321723753508,0.14881789874293622,0.2199054318994349,0.055272363818090954,-0.008111328950909161,0.12085495713681621,-0.027670779994618075,0.17335178564563872,0.0020758851343558988,0.3424210971437358,0.01217083765809403,0.44670741552300774,0.007365547995233153,0.6212047822242724,0.318894398954369,0.4524660746549802,0.23578210894552723,0.48212047822242726,0.1618575327720755,0.3979164264021835,0.32200053819244223,0.2827586206896552,0.05717141429285357,0.011525006727405527,0.07738438473071156,0.036904624610771534,0.12196978433859994
#52,0.5495329258447699,0.48636451005266595,0.500172990427863,0.5318494598854419,0.298189366855034,0.12961211701841388,-0.22232729788951677,0.4023142275016338,0.48769461423134586,0.6977588129012416,1.0,0.37095298504593854,0.20751162880098412,0.3248990889170799,-0.21821396993810788,-0.2029216161150194,0.5017645023642026,0.34404336293391763,0.09276900011532695,-0.20227578518433093,-0.03322185061315496,-0.06363741206319917,0.32976588628762543,-0.2312305385768654,0.16557874908699496,0.11267443201476185,0.25228923999538694,-0.1370545496482528,0.006581324722254258,-0.3296736247260985,0.18012532195440742,-0.10119555606811978,0.4090877638104025,0.07936800830354054,-0.07546226886556721,-0.4337369776650136,-0.0953369469111598,-0.3711144427786107,-0.1276669357628878,-0.14874101410833046,0.08008303540537423,-0.3515857455887441,-0.12182370353284896,-0.3904355514550417,-0.039926190750778454,-0.1629185407296352,-0.00962595625264291,-0.08198977434359743,-0.03188405797101449,0.10050359435666782,0.3259985391919425,0.22346519048168223,0.17599661707607733,0.13234921001037941,-0.18287010340983353,-0.1213008880175297,0.08717948717948718,-0.07307115672932764,0.05483412140083804,0.21817552762080497,0.03648944758390036,0.28269711298197053,-0.08521892899703994,-0.31406604390112636,-0.02117402837043017,-0.10130319455656787,-0.1662399569446046,-0.2107869142351901,0.24545419597893361,0.16039672471456579,0.30412486064659977,0.40249875062468765,0.15283127666935764,0.028947064929073923,-0.021666090031907122,0.17179871602660207,0.06421404682274247,0.10064198669895821,-0.08776381040249107,-0.3285664859877753,-0.019244224041825242,-0.21569215392303848,-0.1435513012724407,0.3891438895936647,0.27028793295659864,0.003936493291815631,0.07962941606120016,0.11567293276438703,0.15054780302156615,0.21588436550955292,-0.018083266059278052,0.17701918271633413,0.09366855034021451,0.10110329450659286,-0.28090570099565604,0.25885518779072003,-0.09658247799177334,0.39419521008726405,0.12083958020989505,0.37049167723830395,0.17378233959943104,0.25285818629146967,-0.020620459001268597,0.38976665513397146,0.25854764925229695,0.19667089532156998,0.033829239226540575,0.1524622304232499,0.04071041402375735,-0.07125667935263137,-0.027101833698535346
#53,0.13314112174681889,0.16507899896205744,0.16363356783146887,0.2104486218429247,0.4916003536693192,0.004905239687848384,-0.20796524814515818,0.25890131857148346,0.31250528581862913,0.37201399300349824,0.37095298504593854,1.0,0.41779879291123667,0.6061738361588437,-0.07114135240072271,-0.3630723099988467,0.3075077845692538,0.06046976511744128,-0.19524084111790257,-0.4526967285587975,0.005335793641640718,-0.37453580901856764,0.5376388728712567,-0.31791796409487566,0.32614461999769345,-0.2927459347249452,0.17852612155460731,-0.34112943528235884,0.06528274324376274,-0.36728558797524313,0.25057471264367814,-0.34400492061661475,0.3048014454311306,-0.27671548840964133,0.04564640756544804,-0.5933648560335217,0.1376311844077961,-0.44254026832737475,0.009848921692999654,-0.2180678891323569,0.15041709914273632,-0.06851958636066582,0.2950986045438819,-0.3615499942336524,0.1729442970822281,-0.10406335293891515,-0.11222850113404836,-0.079960019990005,0.22517202936993042,0.2220428247414754,0.11427363241456195,0.0616537884903702,0.0750932226194595,-0.1285818629146965,-0.05847076461769116,-0.29287663860377505,0.4370814592703648,-0.05720216814669588,0.21709914273632414,0.24017222158151694,0.10232576019682467,0.17943336024295545,0.1646484450082651,-0.17392073194172145,-0.24320147618498444,-0.36956906162303466,-0.058378503056164224,-0.048821742974666515,-0.07889901203244531,0.022365740206819668,0.04516203436743167,0.022112020912620614,0.10397109137738823,-0.06527505478030216,0.20415177026871179,0.27959866220735785,0.18014069888132855,0.08622611771037558,0.30437089147733826,-0.1714219813170338,0.35024026448314305,0.11974012993503248,-0.021458501518471534,0.48906316072732864,0.46598239341867526,0.11809479875446892,-0.07779956175758275,0.22397262907008034,0.04586168454234421,0.5366009303040787,0.10367892976588629,0.2364740706569792,0.23166109253065775,0.08359666320685812,-0.11290508591857917,0.3219697843385999,-0.21170952985045938,0.1835313112674432,-0.10923768884788375,0.05725598739091992,-0.016837734978664514,0.10791527313266444,-0.14459693230307924,0.12182370353284896,-0.07317110675431515,-0.034106023911121365,-0.06103871141352401,0.13828470380194519,0.2988890170299466,0.006081574597316727,0.11312036289547533
#54,-0.026479068158228578,0.19365701764502363,0.3913120362895475,0.3491254372813593,0.1729212316918464,0.3570214892553723,0.31037558144004923,0.09461423134586552,-0.010471687233306423,0.411425056702418,0.20751162880098412,0.41779879291123667,1.0,0.23032329988851727,-0.1275669857379003,0.017006881174797216,0.3949025487256372,0.3373390227962942,-0.38074808749471417,-0.19477184484680737,-0.34809518317764193,-0.05997770345596432,0.3787260216045823,0.07377849536770076,0.14832583708145927,-0.09479875446891939,0.16280321377772652,-0.05848614154461231,0.42805520316764695,0.12298466151539615,0.21504632299235,-0.13576288778687579,0.1385230461692231,0.14682658670664667,-0.1305577980240649,-0.22843193787721525,-0.003282973897666551,-0.13580901856763924,-0.12290777688079037,0.11712605235843616,-0.1195632952754392,-0.07146426786606697,-0.02147387844539269,-0.05940106869642102,0.11350478606850421,0.0886710490908392,0.03302195056317995,0.08899396455618344,0.02389574443547457,0.15732133933033482,0.0585245838619152,-0.10307154115250067,0.16601699150424787,0.02230423249913505,-0.06606696651674163,-0.06612078576096567,-0.07984469303809634,-0.004582324222504133,0.14894091415830546,-0.006950370968361973,-0.19358013301041788,-0.07054165225079768,0.17795717525852459,0.07596201899050475,0.2924460846499827,-0.03871910198746781,0.0760465920885711,0.10570099565601815,-0.11162111252066274,-0.01957482797063007,-0.020066889632107024,-0.00994887171798716,-0.0657363625879368,-0.08661054088340445,-0.13362549494483528,-0.03342943912659055,-0.1563141506169992,-0.14139853150347903,0.31250528581862913,0.22086648983200707,0.10334063737362088,0.19409526006227656,-0.017429746665128976,0.28052127782262715,0.14643447507015722,0.03328335832083958,-0.058432322300388265,0.1742436474070657,0.1472186983431361,0.10394802598700649,0.12915080921077923,0.30723099988467306,0.24704570791527314,0.19498712182370354,0.17106062353438664,0.18541498481528468,0.2071810248721793,0.22890862261177103,-0.036235728289701306,0.16796217275977396,0.04732249259985392,0.4613770038057894,0.10317917964094876,0.027486256871564217,0.08382731711067543,0.027347864529273826,-0.15290047284050282,-0.2438857494329758,0.32223119209625956,-0.19474877945642563,0.026356052742859338
#58,0.11069080844193288,0.1765578749086995,0.07503171491177488,0.15363856533271825,0.5855610656210356,-0.17677315188559567,-0.00559720139930035,0.17128358897474338,0.24238649905816323,0.2628531887902203,0.3248990889170799,0.6061738361588437,0.23032329988851727,1.0,9.226156152692884e-05,-0.23294506592857417,0.029708222811671087,0.0451850997578134,-0.309560604313228,-0.38580709645177413,-0.022188905547226388,-0.20740399031253604,0.18029446815054012,-0.3110598546880406,0.24383193018875177,-0.1563833467881444,-0.10876869257678853,-0.3516011225156652,-0.17474339753200324,-0.46236112712874333,0.0009072386883481336,-0.2932610617768039,0.29536770076500213,-0.28691807942182757,0.10587014185215085,-0.40362126628993195,0.10447852996578634,-0.12741321646868872,0.07370161073309499,0.030807673086533656,0.11315111674931765,0.18493830008072887,0.09071618037135279,-0.18034828739476416,0.1550532426094645,0.15571445046707416,-0.2440241417752662,-0.1836389497558913,0.05973167262522585,0.30034213662399567,-0.08110560104563103,0.038219351862530275,-0.1372236958443855,-0.22283473647791488,-0.16289547533925344,-0.13281820628147464,0.42724022604082573,0.34486602852419945,0.15760581247837618,0.35096298004843735,0.08138238573021182,0.061569215392303846,0.3855380002306539,0.12572944297082228,-0.5004113327951409,-0.41726060046899627,-0.15551455041709913,0.11152116249567524,-0.048075962018990503,0.13717756506362203,0.17248298927459346,-0.05827855303117672,0.157736516357206,-0.2559412601391612,0.49828162841656093,0.523369084688425,0.3777803405989313,0.08816361050244109,0.11352785145888594,-0.1547457040710414,0.2385192019374928,0.15466881943643562,-0.09572905854764925,0.34969438357744204,0.5115365394225964,-0.09816630146465229,-0.15107061853688541,0.2573174950986045,0.2089801253219544,0.27314035290047284,0.1686233806173836,0.018436935378464615,0.2759081997462807,0.03937262138161688,-0.04871410448621843,0.13535539922346518,-0.2816976127320955,0.13281051781801406,-0.03302195056317995,-0.17664244800676585,0.0955445354245954,-0.10828431937877216,-0.07350171068311998,0.22544112559105062,0.030415561450044207,-0.04657671164417791,0.17778802906239188,0.2161611501941337,-0.15559143505170492,-0.1357936416407181,-0.015599892361511552
#101,-0.20334448160535118,-0.02700188367354784,-0.19285741744512358,-0.17792642140468226,-0.2300388267404759,0.28437319801637645,0.06286087725368085,-0.02158920539730135,0.18017914119863146,-0.13866143851151347,-0.21821396993810788,-0.07114135240072271,-0.1275669857379003,9.226156152692884e-05,1.0,0.6765002114327452,-0.15303117671933264,0.033475569907354015,-0.17833390996809287,0.09868142851651097,0.2369815092453773,0.2816976127320955,0.15173182639449506,0.48867873755429975,0.0905777880290624,0.19936185753277208,-0.36241110214123706,-0.19920808826356054,0.40362895475339255,0.3208933994541191,-0.08216660900319071,0.27401683773497865,-0.5749048552646754,0.03778879790873794,0.08303540537423595,0.32569868911697997,0.20093799254219044,0.397016876177296,0.2532426094644985,0.31179794718025605,-0.09481413139584054,0.3048552646753546,0.14979433360242955,0.49259985391919425,0.22920078422327297,0.12978126321454658,-0.17043016953061932,-0.003490562411102141,-0.505085918579172,-0.28933994541190944,-0.5408142082804751,-0.5150347902971592,-0.6113020412870488,-0.0931918656056587,-0.2520124553108061,0.2168454234421251,-0.5049705916272633,-0.06825049013954561,-0.5941260139161189,-0.3969399915426902,-0.538015607580825,-0.5041479260369816,0.3824164840656595,0.28324299388767155,-0.07929112366893476,-0.2083727367085688,0.4782224272479145,0.3123899588667205,0.4178679890823819,0.3754738015607581,-0.05970860723484411,0.051950947603121515,0.37051474262868567,0.11006804290162611,-0.06445238919002037,-0.38643755045554146,-0.22444931380463615,-0.5633106523661247,0.31213623957252146,0.4977126821204782,0.22890093414831045,0.3498481528466536,0.08453465574904856,0.3525621804482374,0.14377426671279744,-0.275246991888671,-0.4278014838734479,-0.04322454157536616,0.058440010763848846,0.03659708607234844,0.16788528812516818,-0.2273555529927344,-0.03760427478568408,-0.2899165801714527,-0.019190404797601198,-0.09389920424403184,0.307576980740399,-0.3317802637142967,-0.22465690231807173,-0.39995386921923654,-0.3760504363203014,0.07689232306923462,0.20943374466612846,-0.46510590858416945,-0.4638373121131742,-0.6320762695575289,-0.5080459770114942,-0.5328258947449352,-0.13071156729327643,-0.516457156037366,-0.5156959981547687
#102,-0.12742859339560988,0.06818898243186099,-0.06682812439933879,-0.08494983277591973,-0.39960019990004997,0.31084457771114443,0.3636643216853112,-0.1611117518163995,-0.09211548072117787,-0.1687002652519894,-0.2029216161150194,-0.3630723099988467,0.017006881174797216,-0.23294506592857417,0.6765002114327452,1.0,-0.20597393610886863,0.06245338869027025,-0.0673663168415792,0.4789758966670511,0.20184523123053857,0.6550801522315766,-0.21598431553454042,0.671264367816092,-0.3083842694037597,0.45714834890247186,-0.520893399454119,-0.15036327989851228,0.24353976857724985,0.4131088302002845,-0.25049013954561183,0.274993272594472,-0.6569561373159574,0.0223196094260562,-0.05970091877138354,0.5106293007342483,-0.08120555107061854,0.5780109945027486,0.06612078576096567,0.4732172375350786,-0.28643370622381115,0.27177180640449006,-0.18772921231691847,0.4820589705147426,0.08725637181409296,0.21191711836389499,-0.2406950370968362,-0.1699611732595241,-0.5447353246453697,-0.26915772882789374,-0.5422365740206819,-0.5359012801291662,-0.49810479375696765,-0.04228654903317572,-0.26846576711644177,0.32276938453849996,-0.6008457309806635,0.004997501249375313,-0.5470956829277669,-0.47963710452466074,-0.4142544112559105,-0.48484219428747166,0.27735363087686926,0.247230231038327,0.10400953369469111,0.09287663860377504,0.2874639603275285,0.1802329604428555,0.44683811940183754,0.38460769615192403,0.04874485834006074,0.13754661130972975,0.2637988697958713,0.14874101410833046,-0.10485526467535464,-0.37578902856264174,-0.14229808172836658,-0.4698496905393457,0.06087725368085188,0.5221543074616538,0.05993926113866144,0.18375427670779995,-0.04417022258101718,0.1078614538884404,-0.091185176642448,-0.35953561680698115,-0.4072502210433245,-0.2086110790758467,-0.09153115749817399,-0.12053973013493254,-0.03229923499788567,-0.31192865105908585,-0.15632183908045977,-0.3473340252950448,-0.11222850113404836,-0.24632299234997887,0.5668473455579902,-0.4052358436166532,-0.16703955714450466,-0.3701841386998808,-0.3952946603621266,0.003006189213085765,0.1411678775996617,-0.4551109060854188,-0.31978626071579597,-0.45343482105101296,-0.39215007880675046,-0.5030561642255795,-0.18430015761350094,-0.4910160304463153,-0.5642409564448545
#201,0.42852419943874215,0.372383039249606,0.7119824703033099,0.5519547918348519,0.04152539115057856,0.1442970822281167,-0.12689040095336948,0.30580094568100563,0.3818629146964979,0.7191250528581863,0.5017645023642026,0.3075077845692538,0.3949025487256372,0.029708222811671087,-0.15303117671933264,-0.20597393610886863,1.0,0.6737400530503979,-0.008464998270095721,-0.3157805712528351,-0.2139776265713297,-0.22876254180602007,0.6264098719870834,-0.04610002690962211,0.3488563410602391,0.09223080767308653,0.4361204013377926,0.0471917887210241,0.15985853227232538,-0.15072463768115943,0.39259600968746394,0.07723061546150002,0.398162457232922,0.3311728751009111,-0.3855995079383385,-0.3260677353630877,0.03506708184369354,-0.4281705301195556,-0.19970783838849807,-0.23958020989505247,-0.12176988428862492,-0.5681774497366702,0.149840464383193,-0.33162649444508513,-0.19083535155499173,-0.393395609887364,0.27589282281935956,0.10433244916003537,0.11167493176488678,-0.12090877638104025,0.3463345250451697,0.17003805789412985,0.4347287894514281,0.23573597816476377,-0.06745088993964556,-0.052927382462614844,-0.05859378003306039,-0.39324952908161304,0.027786106946526737,-0.0705339637873371,-0.043093837696536345,0.2162687886825818,-0.3307961403913428,-0.29536770076500213,0.3771652635220851,-0.004851420443624342,-0.19307269442201977,-0.13527082612539884,0.1417752662130473,0.09649021643024641,0.30538576865413447,0.44607696151924037,-0.2274631914811825,0.1786337600430554,-0.39558682197362854,-0.05111290508591858,-0.27773805404989815,0.06319148118248569,0.03395994310537039,-0.20742705570291778,-0.004290162611002191,-0.25643332180063816,0.06749702072040903,0.2380040748856341,0.06955752892784377,0.16397954868719486,0.1881290124168685,-0.04842194287471649,-0.04275554530427094,0.13836158843655094,-0.026663591281282435,0.23002344981355477,-0.13500172990427864,0.35071694921769886,-0.12695190866105407,0.5754738015607581,0.1291969399915427,0.7321416214969438,0.39879291123668936,0.5943028485757121,0.3423595894360512,0.7326798139391842,0.26405258909007034,0.3546380655825933,0.38762926229193095,0.4175835159343405,0.05448814054511206,-0.005251220543574367,0.19839311113673933,0.08255872063968016,0.04839887748433475
