,#10,#11,#12,#13,#17,#18,#26,#49,#50,#51,#52,#53,#54,#58,#101,#102,#201,#202,#301,#302,#401,#402,#501,#502,#601,#602,#701,#702,#801,#802,#901,#902,#1001,#1002,#1101,#1102,#1201,#1202,#1301,#1302,#1401,#1402,#1501,#1502,#1601,#1602,#1701,#1702,#1801,#1802,#1901,#1902,#2001,#2002,#2101,#2102,#2201,#2202,#2301,#2302,#2401,#2402,#2501,#2502,#2601,#2602,#2701,#2702,#2801,#2802,#2901,#2902,#3001,#3002,#3101,#3102,#3201,#3202,#3301,#3302,#3401,#3402,#3455,#3501,#3502,#3601,#3602,#3701,#3702,#3801,#3802,#3901,#3902,#4001,#4002,#4101,#4102,#4201,#4202,#4301,#4302,#4401,#4402,#4501,#4502,#4601,#4602,#4701,#4702,#4801,#4802
#10,1.0,0.2831276669357629,0.0994579633260293,0.29419905431899435,0.01580748087494714,0.04523891900203744,0.02241187098758313,0.634075270057279,0.42641756045054396,0.3556760081497713,0.4497059162726329,0.09415292353823089,0.1411755660631223,0.22349594433552455,-0.13665474954830278,-0.11165186637450505,0.17987929112366893,-0.17799561757582746,-0.14360512051666474,-0.091731057548149,-0.09642870872256179,0.009748971668012148,0.24530042670972207,0.34783377541998234,0.07919117364394726,0.282197362857033,0.12713643178410794,0.1962249644408565,-0.2429400684273248,0.09356091185176642,-0.1862145850151847,0.013869988082881635,-0.23053088840195288,0.2201745281205551,-0.2609387613885365,-0.05357321339330335,-0.2278322377272902,-0.11675700611232845,-0.18050974512743628,-0.06532118556106561,-0.07006496751624187,0.03855764425479568,0.009333794641140968,-0.23473647791488872,0.06667435513012725,0.1326644370122631,-0.15700611232845116,-0.12329220005381925,-0.11141352400722715,0.06002383423672779,-0.19093530157997923,-0.08762541806020067,-0.36208049821243227,-0.02865490331757198,-0.3172183139199631,-0.25339637873371007,-0.07230231038326991,0.023580517433590898,-0.07387075692922769,-0.0057355937415907434,-0.03064621535386153,-0.05225848614154461,0.0004228654903317572,-0.06279936954599623,0.27952946603621265,0.18688348133625496,-0.0438242417252912,0.10964517741129436,-0.1702225810171837,-0.2780379041248606,-0.09605966247645407,-0.12593703148425786,-0.044785299657863376,-0.20250643908814822,-0.16837734978664515,-0.0020912620612770537,-0.13663168415792104,-0.19481797562757083,0.187137200630454,0.25197401299350325,-0.22601007188713335,-0.002644831430438627,0.04353208011378926,0.40643524391650326,0.1321877522777073,0.1751355091684927,-0.06416791604197901,0.08564948295083227,0.20784992119324952,0.11683389074693422,0.036197285972398414,-0.03342943912659055,0.06693576288778688,-0.03496713181870603,0.07007265597970246,-0.1439972321531542,0.2327989851228232,-0.06540575865913197,-0.13472494521969786,-0.03923422903932649,0.03288355822088956,-0.27752277707300194,-0.11754891784876792,0.0047668473455579905,0.039572521431591894,0.004659208857109906,-0.06686656671664168,-0.02140468227424749,0.08922461846000077,0.05754046053896129,-0.1783569753584746
#11,0.2831276669357629,1.0,0.23974935609118517,0.30913773882289625,0.004889862760927228,0.179241148656441,0.6043901126359897,-0.021481566908853264,0.24333218006381424,0.4491984776842348,0.30237189097758815,-0.12324606927305579,-0.05259677853381002,0.11974012993503248,0.06288394264406258,0.07491638795986622,0.19304962903163803,-0.09330719255756736,0.24541575366163074,0.0722715565294276,-0.15702148925537232,-0.01649175412293853,-0.03515165494175989,0.02170453234921001,-0.0022988505747126436,0.2672817437435129,-0.11360473609349171,0.02682504901395456,0.1048629531388152,0.22203513627801483,-0.03815015569138508,0.18201668396570944,0.18726021604582324,0.2555568369661323,0.2580094568100565,0.10677738054049898,0.31951716449467576,0.26194595010187216,0.26186906546726635,-0.10686195363856534,-0.11440433629339176,0.2497366701264752,-0.10274093722369584,0.1204859108907085,-0.03248375812093953,-0.03675085534155999,0.13440202975435359,0.051950947603121515,-0.14169069311498098,-0.1932341521546919,-0.21799100449775113,-0.22860108407334795,-0.03695844385499558,0.31879444892938147,0.016576327221004883,0.29516780071502713,-0.17072233114212124,-0.21947487794564258,-0.0653288740245262,-0.049905816322607925,-0.07066466766616691,-0.0076115788259716296,-0.04186368354284396,-0.04000307538538423,0.16657824933687002,0.11096759312651366,0.13251835620651212,0.2646753546303771,0.11184407796101949,0.10461692230807673,0.08437319801637642,0.13411755660631222,-0.09688232806673586,-0.19318802137392843,0.03123822704032599,-0.020681966708953215,-0.02484911390458617,-0.10019605581824473,0.09226924999038942,0.030369430669280745,-0.12596778533810019,-0.1710760004613078,0.023826548264329374,-0.2642909314573482,-0.2874870257179103,-0.009587513935340023,-0.14544266328374275,-0.14880252181601508,-0.07430899934648061,-0.12321531541921348,-0.24757621189405296,-0.0652289239995387,0.0510052665974705,-0.04400107638488448,0.2346365278899012,-0.010948371967862223,0.15715219313420212,-0.08544189443739669,-0.14264406258409257,0.03455195479183485,0.02048975512243878,-0.03871141352400723,0.03705070541652251,-0.06559028178218583,-0.06114634990197209,-0.1383769653634721,0.0889401453119594,-0.02404951370468612,-0.11254372813593204,0.07739976165763272,0.13115749817398992
#12,0.0994579633260293,0.23974935609118517,1.0,0.7003805789412986,-0.07463960327528543,0.42115096298004845,0.14442009764348596,0.0790374043747357,0.11150578556875408,0.5814323607427055,0.1551608810979126,-0.12358436166532119,0.2684734555799024,0.01767577749586745,-0.11391996309537539,0.04785299657863376,0.6966824280167608,0.6118479221927497,-0.1025179717833391,-0.14893322569484488,-0.07239457194479683,-0.05409602890862261,0.1807403990312536,0.015238534578864414,0.40803444431630337,-0.08713335639872372,0.3402606389113136,0.09985776342597932,-0.04772229269980394,-0.17038403874985583,0.143036174220582,0.4351747203321416,0.23547457040710415,-0.009902740937223696,-0.21807557759581747,-0.13946103871141352,-0.06624380117633491,-0.20725790950678508,0.018167839157344403,0.04108714873332565,-0.23441356244954445,-0.19561757582747089,-0.03980317533540922,-0.06931918656056588,-0.11052935070926076,0.017660400568946296,0.06932687502402644,-0.12727482412639834,0.152023988005997,0.09147733825394995,0.14318994348979355,0.25541075616038134,0.15557605812478376,0.2514050666974205,0.08667204859108907,-0.16761619190404797,-0.07532387652327682,-0.25647176411794104,-0.217283665859378,0.06936531734132934,0.15537615807480876,0.2803290662361127,-0.3343020797293661,-0.07045707915273133,0.3631491946334525,0.21493868450390188,-0.20737323645869374,-0.12488371199015877,-0.05340406719717065,-0.06565178948987045,0.35480721177872604,0.37559681697612735,-0.05681774497366701,0.25770960673509397,-0.24355514550417098,0.06721254757236766,-0.1320801137892592,-0.03728135932033983,0.016445623342175066,-0.15730596240341368,-0.34791834851804865,0.04001076384884481,-0.24060277553530926,-0.1566524430092646,-0.041079460269865066,0.010686964210202592,0.06744320147618499,-0.005966247645408066,-0.1793103448275862,-0.07813016568638757,0.15908968592626763,-0.11680313689309192,0.28765617191404297,-0.1144274016837735,-0.06588244339368778,0.4537116057355937,0.22850113404836042,0.4823126898089417,0.4786222273478645,0.47729981163264523,0.5697535847460885,0.5361703763502864,0.5719601737592742,0.5180179141198632,0.43186099258063276,0.3440664283242994,0.40465920885710993,0.25752508361204013,-0.006696651674162919,0.10446315303886518,-0.001483873447891439
#13,0.29419905431899435,0.30913773882289625,0.7003805789412986,1.0,-0.13213393303348325,0.4097720370583939,0.24894475839003574,0.2459308807134894,0.37545842463383694,0.7490716180371353,0.3537538922846269,-0.15232383808095953,0.2773690078037904,-0.007749971168262023,-0.1391304347826087,0.14672663668165917,0.6094029908122862,0.2721869834313612,-0.10354822588705648,-0.12374581939799331,-0.047945258140160686,0.07722292699803944,0.23356783146888094,0.18039441817552762,0.3026717410525506,0.14836427939876215,0.31292046284550035,0.14754161380848038,-0.05111290508591858,0.017245223542075118,-0.04872179294967901,0.3714219813170338,0.010025756352592934,0.19154269019336487,-0.09358397724214816,-0.0980586629762042,-0.03740437473570907,0.009456810056510206,0.1141198631453504,0.08103640487448584,-0.09391458117095298,0.028977818782916234,-0.12614461999769347,-0.04011071387383231,0.013370237957944104,0.035190097259062775,0.0883635105524161,-0.17899511782570254,0.1346403721216315,0.09342251950947603,0.02475685234305924,0.1359627878368508,0.03532080113789259,0.3595663706608234,0.1314727251758736,0.013247222542574866,-0.028685657171414292,-0.066551339714758,-0.08773305654864876,0.23234536577864914,-0.06835812862799369,0.14728020605082073,-0.19970783838849807,0.054457386691269746,0.1987390919924653,0.198362357282897,-0.19188867104909083,-0.041356244954445856,-0.010025756352592934,-0.08441164033367932,0.22581786030061893,0.19981547687694615,-0.06641294737246761,0.179387229462192,-0.24073347941413908,0.11147503171491177,-0.194687271748741,-0.1499481028716411,0.19008957059931572,0.046991888671049094,-0.32180063814246723,-0.031099834698035598,-0.356098873640103,-0.06115403836543267,0.04300157613500942,-0.05365009802790912,-0.08035982008995503,-0.11713374082189675,0.14820282166609003,-0.08930150309460655,0.08132856648598777,-0.14959443355245455,0.19637104524660748,-0.22030523199938493,-0.045377311344327834,0.24057202168146696,0.17764963672010148,0.14769538307769192,0.20355975858224734,0.3841463883442894,0.4605005189712836,0.18650674662668665,0.2926844270172606,0.28715642178910544,0.24625379617883367,0.12222350363279899,0.23303732749010111,0.10127244070272556,-0.08818667589282282,-0.08028293545534924,-0.16280321377772652
#17,0.01580748087494714,0.004889862760927228,-0.07463960327528543,-0.13213393303348325,1.0,0.18599161957482796,-0.11655710606235344,-0.18367739207319417,-0.07320186060815746,-0.07114904086418329,-0.07140276015838234,0.41533079614039137,0.026194595010187213,0.04251720293699304,0.0554261330873025,-0.11634951754891786,-0.013893053473263368,-0.03660477453580902,0.028508822511821012,-0.015038634528889401,0.04300157613500942,0.08619536385653327,0.13015799792411487,0.08775612193903048,0.014969438357744206,-0.0692730557798024,-0.14587321723753507,-0.11272825125898589,0.05711759504862953,0.06933456348748702,-0.24219428747164878,-0.2088801752969669,0.045815553761580745,0.022596394110636988,0.11014492753623188,0.0025833237227540075,0.16266482143543612,0.22253488640295238,-0.12027063391381232,0.08314304386268405,-2.306539038173221e-05,0.06753546303771191,0.35591435051704917,0.25017491254372815,0.01723753507861454,0.27942182754776457,0.057917195248529584,-0.08204359358782147,-0.11686464460077653,-0.3727905278130166,-0.2735170876100411,-0.0945911659554838,-0.3166724330142621,-0.3743820397493561,-0.06645907815323107,-0.007534694191365855,0.0052665974704955215,-0.05723292200053819,-0.1332026294545035,-0.13652404566947296,0.16343366778149387,0.09050090339445661,0.34578864413946875,0.09136969976550187,-0.058001768346595935,-0.2905009033944566,0.2235497635797486,0.16619382616384115,0.14501979779341098,0.14927151808711028,0.015892053973013492,-0.030277169107753816,0.07646945757890286,-0.02034367431668781,-0.11143658939760889,-0.1275208549571368,0.10703878829815862,0.0212662899319571,0.1482412639833929,0.10194902548725637,0.3478645292738246,0.4946296082727867,-0.11458885941644563,0.19294967900665053,0.33574751085995463,0.0883635105524161,0.17745742513358706,0.1512090108791758,0.1427747664629224,0.5832699035097836,0.3660861876753931,-0.13046553646253797,0.20654288240495136,0.012716718563795026,-0.0979279590973744,-0.10580094568100565,0.009633644716103488,-0.0017837235228539577,-0.26628224349363777,0.04006458309306885,-0.3219774728020605,0.039526390650828434,-0.04785299657863376,0.18406181524622303,-0.11295121669934263,-0.07605428055203167,-0.21600738092492217,0.08564948295083227,0.06825817860300619,0.1006804290162611,-0.14043747357090686
#18,0.04523891900203744,0.179241148656441,0.42115096298004845,0.4097720370583939,0.18599161957482796,1.0,0.2559720139930035,-0.020205281974397415,0.15343097681928267,0.15942797831853303,0.17265982393418675,0.2953061930573175,0.44832199284972896,0.14201360858032522,-0.18355437665782492,0.0874101410833045,0.17808019067389383,0.22672509898896706,-0.2024833736977665,0.02431860992580633,0.0928535732133933,0.1689309191558067,0.396125014415869,0.2665128973974551,0.265751739514858,0.046884250182601006,0.1051704916772383,0.3129050859185792,-0.021335486103102295,-0.06306846576711644,-0.0016530196440241417,0.16579402606389113,0.05674086033906124,0.20228347364779148,-0.16416407181024872,0.14229808172836658,-0.08437319801637642,0.12479913889209242,-0.02226579018183216,0.2204436243416753,-0.034759543305270445,-0.07395533002729404,0.09276131165186638,0.13743897282128167,0.1371621881367009,0.4119324952908161,-0.005128205128205128,-0.06765078998962057,-0.10347902971591127,-0.011525006727405527,-0.11232845115903586,0.43548225887056474,-0.2908776381040249,0.19817783415984316,0.11739514857955638,0.12047822242724791,0.0927151808711029,0.03468265867066467,-0.24993657017645024,0.33581670703109984,-0.04771460423634337,0.01572290777688079,-0.027870680044593088,0.13519394149079306,-0.0592396109637489,-0.04730711567293276,0.042709414523507475,-0.13442509514473533,0.0679121977472802,0.04701495406143082,0.14029139276515587,-0.0591012186214585,0.14098335447660784,0.1712451466574405,-0.17581978241648408,0.058493830008072886,-0.07816091954022988,-0.12236958443854995,0.28321992849728983,0.2621996693960712,0.14997116826202284,0.5955176258024834,0.04386268404259409,0.05534924845269673,0.3563679698612232,-0.1341021796793911,-0.2082727866835813,0.3296890016530196,0.2177911044477761,0.17459731672625226,0.4284011840233729,-0.3518855956637066,0.34893322569484486,-0.3250451697228309,-0.2640910314073732,0.09073155729827394,0.35653711605735594,-0.10893783877292124,0.12689808941683003,0.07283281436204975,0.1632875869757429,0.2627763041556145,0.20696574789528313,0.20715795948179755,0.1254757236766232,-0.03332948910160304,0.09431438127090301,0.040725790950678506,-0.06515203936493291,-0.11970168761772959,-0.23304501595356167
#26,0.02241187098758313,0.6043901126359897,0.14442009764348596,0.24894475839003574,-0.11655710606235344,0.2559720139930035,1.0,0.04037981009495253,0.27923730442471073,0.32383039249605966,0.37664244800676583,-0.11124437781109445,0.16838503825010573,0.27840695037096835,0.2329373774651136,0.3772959674009149,-0.006181524622304232,-0.11084457771114443,0.12825894744935223,0.28140545112059356,0.12741321646868872,0.279214239034329,0.1084380886479837,0.09811248222042825,0.029715911275131665,0.08624918310075731,-0.3184869103909584,-0.05474185983931111,0.12711336639372622,0.08970899165801714,-0.09856610156460231,0.1685003652020144,0.025125898589166955,0.12608311229000885,0.1456963825779418,0.11744127936031984,0.2451159035866682,0.22638680659670166,0.3367162572559874,0.052166224580017684,0.0877868757928728,0.05343482105101296,-0.15242378810594703,0.30103409833544764,0.048468073655479955,0.16051974012993503,-0.13108830200284474,-0.10909929650559336,-0.2679352631376619,-0.1012955060931073,-0.3115134740322147,0.12534501979779342,-0.13877676546342213,0.32359973859224234,0.19831622650213354,0.37448967823780416,-0.052604466997270595,0.17472802060508208,-0.11747972167762273,0.14337446661284742,-0.27650021143274517,-0.28621074078345443,0.09951947103371392,0.18291623419059702,-0.18221658401568447,-0.0649521393149579,0.22940837273670858,0.34993272594471997,0.3473032714412025,0.2861799869296121,0.13136508668742553,0.04224041825241225,0.04250951447353246,-0.14876407949871218,0.16906931149809712,-0.024087956021989005,-0.09068542651751048,-0.2592703648175912,0.17928727943720446,0.11894821819859301,0.07806096951524238,-0.11045246607465498,-0.03204551570368662,-0.10301003344481606,-0.14527351708761005,-0.25719447968323533,-0.3629185407296352,-0.12077807250221044,-0.028923999538692194,-0.19308038288548035,-0.1615192403798101,-0.1642025141275516,-0.09591358167070312,-0.2543036174220582,-0.000991811786414485,-0.014208280475147042,0.04959827778418483,-0.3281051781801407,-0.1920347518548418,-0.23600507438588397,-0.11545765578749087,-0.09280744243262984,-0.06906546726636682,-0.1298735247760735,-0.11526544420097644,-0.38238573021181715,-0.1554607311728751,-0.24914465844001077,-0.17934109868142853,-0.21027178718333142,-0.038488448083650484
#49,0.634075270057279,-0.021481566908853264,0.0790374043747357,0.2459308807134894,-0.18367739207319417,-0.020205281974397415,0.04037981009495253,1.0,0.5257217545073617,0.31418137085303505,0.4379195017875678,0.10635451505016723,0.24666128474224427,0.2930688501902895,0.0614154461230923,-0.07763041556145005,0.16348748702571791,-0.054680352131626496,-0.097243685849383,-0.12333064237112214,0.08767923730442471,0.0025987006496751624,0.2196594010686964,0.09206934994041441,0.15922038980509745,-0.042332679813939185,-0.026302233498635297,-0.0789067004959059,-0.22957751893284128,-0.10424787606196902,-0.11754891784876792,-0.1521316264944451,-0.21644562334217507,-0.09615192403798101,-0.28870949140814206,-0.07313266443701226,-0.22280398262407258,-0.17665013647022643,-0.032491446584400105,-0.11231307423211472,-0.052965824779917736,-0.09235382308845577,0.007665398070195672,-0.18993580133010418,-0.1431361242455695,-0.080705800945681,-0.34146772767462424,-0.26398339291892514,-0.18813670088032908,-0.029369930419405683,-0.16949217698842886,-0.050590089570599316,-0.27048014454311303,-0.20090723868834814,-0.09698996655518395,-0.28419636335678317,0.00654288240495137,0.04409333794641141,-0.1770730019605582,-0.128681812939684,-0.034974820282166606,-0.048491139045861685,0.09313804636143466,-0.016330296390266404,0.062276554030676966,0.08420405182024372,-0.045492638296236496,0.027978318533041172,0.00841117902587168,-0.10397109137738823,0.05638719101987468,-0.00796524814515819,0.14696497904893707,-0.03280667358628378,-0.004859108907084919,0.08168223580517434,-0.04662284242494138,-0.15540691192865105,0.2675815938184754,0.10466305308884019,-0.3098912082420328,0.047045707915273134,0.1210932995040941,0.4997193710836889,0.28715642178910544,0.15925883212240033,0.020036135778264713,0.046530580863414446,-0.02765540306769692,-0.02730173374851036,-0.07575443047706916,0.052658286241494635,-0.11966324530042671,-0.10903010033444815,-0.033506323761196326,0.0396724714565794,0.013162649444508515,0.008119017414369737,-0.07218698343136125,-0.006043132280013839,0.004774535809018567,-0.19637104524660748,-0.2644447007265598,0.07296351824087956,0.10314073732364587,0.058324683811940184,-0.16248798677584284,-0.06406027755353093,0.07232537577365164,-0.033529389151578055,-0.28147464729173877
#50,0.42641756045054396,0.24333218006381424,0.11150578556875408,0.37545842463383694,-0.07320186060815746,0.15343097681928267,0.27923730442471073,0.5257217545073617,1.0,0.43748125937031485,0.40862645600276787,0.15316188059816246,0.4055895129358398,0.36025064390881484,0.024418559950793835,-0.007073386383731211,0.04844500826509822,-0.15269288432706724,-0.16518663745050552,0.12328451159035866,0.21811401991312035,0.0974820282166609,0.23376004305539538,0.1272517587360166,0.014231345865528775,-0.019328797139891593,-0.04531580363664322,-0.05245069772805905,-0.08312766693576289,0.12699803944181756,-0.030746165378849038,0.01412370737708069,-0.05066697420520509,0.0058509206934994045,-0.0447776111944028,0.10645446507515473,0.13328720255256987,-0.0035366931918656055,0.08727174874101411,-0.029754353592434554,-0.10083419828547265,0.13902279629416062,0.24204051820243724,0.21613039634029138,0.12598316226502135,0.1046938069426825,-0.17206012378426172,0.042117402837043016,-0.05682543343712759,0.11920193749279206,-0.05213547072617537,0.1592742090493215,-0.26060815745973165,-0.038250105716372586,0.05913966093876139,-0.04643063083842694,0.1930573174950986,0.15094760312151617,0.0221504632299235,0.09280744243262984,-0.3473955330027294,-0.2608311229000884,0.24084111790258717,0.12066274555030178,-0.3031868681044093,-0.07975243147656941,0.17791104447776113,0.27228693345634875,0.13288740245261985,0.010340983354476608,-0.05373467112597547,-0.2843424441625341,0.0975127820705032,0.10264867566216891,0.0023988005997001498,0.07058009456810056,-0.1538999730903779,-0.16892323069234613,0.4217891054472764,0.19521777572752086,-0.1639026640525891,0.16480221427747666,-0.1587360166070811,0.28450390189520625,0.27048783300657364,-0.053319494099104296,-0.29057778802906237,0.06971129819705532,0.1551224387806097,0.1414139084304002,-0.0357590435551455,0.0009379925421904433,0.0029216161150194134,-0.25467266366816593,-0.10692346134624996,-0.23968784838350055,0.02419559451043709,-0.21608426555952792,-0.17662707107984468,0.014500442086648984,0.04970591627263291,-0.11076769307653865,-0.1228308922461846,0.0038365432668281243,0.029985007496251874,-0.04992888171298966,-0.26156152692884327,-0.2616614769538308,-0.19953869219236536,-0.28920924153307964,-0.29019336485603353
#51,0.3556760081497713,0.4491984776842348,0.5814323607427055,0.7490716180371353,-0.07114904086418329,0.15942797831853303,0.32383039249605966,0.31418137085303505,0.43748125937031485,1.0,0.5445508015223157,-0.18841348556490986,0.3088532656748549,0.0652289239995387,-0.1025179717833391,0.07040325990850728,0.5819628647214854,0.2151770268711798,-0.021158651443509015,-0.0870718486910391,-0.0833967631568831,0.06867335562987736,0.235313112674432,0.16847729981163265,0.32954292084726866,0.14727251758736018,0.22911621112520664,0.0278322377272902,0.0036443316803136893,0.11800253719294199,-0.032852804367047246,0.36263406758159383,0.1177641948256641,0.16846961134817207,-0.060400568946296085,-0.2045977011494253,0.02250413254911006,-0.027432437627340177,0.22322684811440432,0.040233729289201554,-0.1297043785799408,0.12401491561911351,-0.13434821051012955,-0.018114019913120363,-0.03918809825856302,-0.0008226655902817822,0.06499827009572137,-0.18859032022450314,0.07334794141390844,0.01652250797678084,-0.054565025179717834,-0.07083381386229962,0.051566524430092645,0.2594395110137239,0.13482489524468536,0.01716833890746934,-0.02803982624072579,-0.0805366547495483,-0.05970091877138354,0.08233575519932342,-0.1098681428516511,0.12532195440741167,-0.07378618383116134,0.0005228155153192634,0.19115826702033598,0.1401837542767078,-0.13904586168454233,0.1441663783492869,0.036520201437742664,-0.03938030984507746,0.16972283089224618,0.22996963056933073,-0.1811786414485065,0.04556952293084227,-0.25352708261253987,0.04007996001999001,-0.2099642486449083,-0.13598585322723253,0.2987044939068927,0.06593626263791182,-0.3182639449506016,-0.19374159074309,-0.3300734248260485,-0.11458117095298505,-0.13610886864260177,-0.05202014377426671,-0.0359973859224234,-0.1946642063583593,0.08445777111444278,-0.12635220851112905,-0.038242417252912005,-0.018959750893783878,0.14332064736862338,-0.11128282012839734,0.13323338330834583,0.23718140929535234,0.19584054126782763,0.17439741667627726,0.0157536616307231,0.299827009572137,0.2718333141121747,0.1468804059508707,0.2533194940991043,0.2802214277476646,0.16487141044862183,0.11174412793603199,0.15712143928035982,0.041025641025641026,-0.15360781147887595,-0.06365278899012032,-0.09048552646753547
#52,0.4497059162726329,0.30237189097758815,0.1551608810979126,0.3537538922846269,-0.07140276015838234,0.17265982393418675,0.37664244800676583,0.4379195017875678,0.40862645600276787,0.5445508015223157,1.0,0.08377349786645139,0.3958789835851305,0.12029369930419406,0.2391650328681813,0.1799254219044324,0.10345596432552955,-0.07480874947141813,0.17722677122976974,0.1105831699534848,0.15804405489562912,0.27258678353131127,0.4296236497136047,0.3408065198170146,0.3793103448275862,0.29062391880982585,-0.11785645638719101,-0.1831545765578749,-0.11214392803598201,0.15483796563256833,-0.2653980701956714,0.06897320570483989,-0.18478453081151733,0.06269941952100873,-0.08993964556183447,-0.19147349402221966,0.005074385883981086,0.09363010802291162,0.2003690462461077,0.12340752700572791,0.10579325721754507,0.15250836120401337,0.023580517433590898,-0.0067889132356898476,0.3177026871179795,0.1404605389612886,-0.3126283012339984,-0.37187560066120784,-0.35187790720024603,-0.19395686771998616,-0.3600891861761427,-0.0007611578825971629,-0.2567946795832853,0.08589551378157076,0.21292430707723062,0.20225271979394918,0.05036712413024257,0.05221235536078115,-0.04063352938915158,0.0038826740475915887,-0.434367431668781,-0.377603505939338,0.04779148887094914,-0.00278322377272902,-0.06968823280667359,0.015246223042324992,-0.012017068388882482,0.147949102371891,0.21900588167454735,0.06226117710375582,0.0023911121362395725,-0.09695152423788106,-0.04151770268711798,-0.1920655057086841,-0.10121093299504094,-0.17861838311613423,-0.31273593972244645,-0.4636604774535809,0.4049898127859147,0.3178795217775727,0.03372928920155307,-0.05524160996424864,0.06040825740975666,0.1435205474185984,0.08062122784761465,-0.2588474993272594,-0.33033483258370816,-0.02922384961365471,0.013001191711836389,-0.009103140737323646,-0.025002883173797716,-0.08010610079575597,0.06989582132010917,-0.2544804520816515,0.04254026832737477,-0.04114096797754969,0.3143966478299312,-0.15340791142890092,-0.3101833698535348,-0.07024949063929574,-0.1492330757698074,-0.19163495175489179,-0.10858416945373467,0.007150271018336985,-0.07204090262561028,-0.1566524430092646,-0.1589359166570561,-0.41556913850766924,-0.29575212393803096,-0.29442970822281167,-0.24337062238111715
#53,0.09415292353823089,-0.12324606927305579,-0.12358436166532119,-0.15232383808095953,0.41533079614039137,0.2953061930573175,-0.11124437781109445,0.10635451505016723,0.15316188059816246,-0.18841348556490986,0.08377349786645139,1.0,0.3484257871064468,0.2959135816707031,-0.058739860838811365,-0.2016607081074847,0.009279975396916926,-0.12700572790527814,-0.020974128320455157,0.10417099142736325,0.00595087071848691,-0.06162303463652789,0.21157882597162958,0.03431361242455695,-0.03186099258063276,-0.146711259754738,-0.1715834390497059,-0.0429400684273248,0.1299427209472187,-0.06842732479913889,-0.031699534847960634,-0.3579671702610233,0.025518010225656404,-0.11856379502556415,0.24263252988890172,0.2851958636066582,0.14647291738746013,0.13821550763079998,0.04267097220620459,0.020420558951293584,0.24211740283704303,-0.00918002537192942,0.5336946911159804,0.19700918771383538,0.09824318609925806,0.16283396763156882,-0.238442317302887,-0.0006073886133856149,-0.3915119363395225,-0.21808326605927805,-0.31801791411986313,0.04861415446123092,-0.3569984238649906,-0.3772652135470726,-0.032906623611271286,-0.1530081113289509,0.053173413293353324,0.0018990504747626188,-0.1616268788682582,-0.07810710029600584,0.09075462268865567,-0.021004882174297468,0.26159996924614615,-0.1372544496982278,-0.19522546419098144,-0.17487410141083304,0.17370545496482528,0.01012570637758044,0.06359896974589628,0.0486218429246915,0.12015530696190366,0.016176527121054857,0.21050244108714875,-0.1552223888055972,-0.012870487833006573,0.06338369276900012,0.21320878022527198,0.032468381194018375,0.29885826317610426,0.10746165378849037,0.3601891362011302,0.5079075846692038,0.31217468188982433,0.4975127820705032,0.6189520624303233,0.19830853803867296,0.0979587129512167,0.2951601122515665,0.15795948179756275,0.6776381040249106,0.3715526851958636,0.11236689347633876,0.2745088993964556,-0.050482451082151235,-0.17665013647022643,-0.08898627609272287,0.02541037173720832,-0.15255449198477683,-0.2888401952869719,-0.1013647022642525,-0.2870564717641179,-0.11386614385115135,-0.2750932226194595,-0.0427017260600469,-0.16513281820628148,-0.011394302848575712,-0.2370814592703648,-0.015153961480798063,0.15935109368392728,0.005543382155076308,-0.20249875062468767
#54,0.1411755660631223,-0.05259677853381002,0.2684734555799024,0.2773690078037904,0.026194595010187213,0.44832199284972896,0.16838503825010573,0.24666128474224427,0.4055895129358398,0.3088532656748549,0.3958789835851305,0.3484257871064468,1.0,0.4044439318802137,0.08195902048975512,0.0925152808211279,0.15616038134778765,0.3129358397724215,-0.17286741244762235,-0.0012147772267712298,0.07412447622342674,0.06058509206934994,0.4485603352170069,0.15959712451466573,0.3475339253450198,-0.10906854265175105,-0.11781801406988814,-0.18766001614577327,0.2216353361780648,0.009156959981547688,0.09062391880982586,0.10169530619305732,0.04555414600392112,-0.02108945527236382,-0.10089570599315727,-0.0002152769768961673,0.018552262330373274,-0.051958636066582096,0.0651904816822358,0.0504593856917695,0.2295698304693807,0.07371698766001615,0.1290585476492523,0.15862837811863298,7.688463460577404e-05,0.13770806904240188,-0.41599969246146157,-0.3339560988736401,-0.19537923346019298,-0.031976319532541424,-0.18544573866912697,0.279214239034329,-0.3082920078422327,-0.11737977165263522,0.07082612539883905,-0.11053703917272133,0.1892515280821128,0.10823818859800868,-0.15203936493291817,0.11199015876677046,-0.22012839733979164,-0.102956214200592,0.10878406950370968,0.12726713566293776,-0.30787683081536155,-0.22318071733364087,0.17967170261023335,0.0763541306269942,0.20256025833237226,0.11114442778610695,0.27181024872179294,0.01925191250528582,0.20389805097451275,0.10893015030946065,-0.052850497828009074,0.13603967247145657,-0.026394495060162226,-0.03747357090685426,0.4139853150347903,0.198908238188598,0.13583977242148157,0.36697804943682005,0.12453773113443278,0.3079152731326644,0.23020028447314805,-0.11166724330142622,-0.1245684849882751,0.22993118825202782,0.19931572675200862,0.16923845769422982,0.26875792872794374,-0.0582862414946373,0.20788836351055243,-0.32233883058470764,-0.1745819397993311,0.09029331488102103,0.37986391419674775,-0.12177757275208549,-0.16782378041748355,-0.07387844539268827,-0.012216968438857494,0.21736823895744437,0.1525006727405528,0.23009264598469995,0.05491100603544382,-0.07234844116403337,-0.10111098297005343,-0.177749586745089,-0.046807365547995236,-0.30454003767347093,-0.18724483911890208
#58,0.22349594433552455,0.11974012993503248,0.01767577749586745,-0.007749971168262023,0.04251720293699304,0.14201360858032522,0.27840695037096835,0.2930688501902895,0.36025064390881484,0.0652289239995387,0.12029369930419406,0.2959135816707031,0.4044439318802137,1.0,0.005666397570445547,-0.136577864913697,-0.04048744858340061,0.05137431284357821,-0.1845846307615423,-0.1558682197362857,-0.09267673855380003,-0.12677507400146082,0.111944027986007,-0.07856071964017991,-0.021027947564679197,-0.10039595586821974,-0.15232383808095953,-0.040264483143043865,0.19363395225464192,0.09913504786068504,0.1442355745204321,-0.11953254142159689,0.1313727751508861,0.001107138738323146,0.0822742474916388,0.3232076269557529,0.11410448621842925,-0.047868373505554916,0.12941990543189943,-0.1338869027024949,0.1252143159189636,0.16530965286587476,0.1496713181870603,0.18804443931880213,-0.14447391688771,-0.02946988044439319,-0.33145734824895245,0.0371890977588129,-0.2601545381155576,0.04439318802137393,-0.1236151155191635,0.07117210625456502,-0.29260754238265485,-0.1888132856648599,-0.1763195325414216,-0.19684004151770268,0.05588744089493715,-0.0009303040787298658,0.031353553992234655,0.022135086303002344,-0.13594741090992965,-0.15274670357129128,0.09939645561834468,0.04662284242494138,-0.07217929496790067,-0.12158536116557106,0.483435205474186,0.25408065198170143,-0.041356244954445856,0.016883865759427977,0.11853304117172184,-0.021297043785799406,0.028447314804136394,-0.12001691461961327,-0.08377349786645139,-0.03219159650943759,-0.07103371391227463,-0.09110829200784223,0.20076884634605774,0.017867989082381887,0.05556452542959289,0.12157767270211048,0.3021489255372314,0.41282435705224313,0.0746549802022066,0.16710875331564987,0.07004190212586014,0.027370929919655555,0.07546226886556721,0.17691923269134663,-0.04390112635989697,0.3309268442701726,0.11302041287048784,0.1562142005920117,0.13125744819897744,0.004805289662860877,0.004021066389881982,-0.07982162764771461,-0.05201245531080614,-0.3066697420520509,-0.12107792257717295,-0.04426248414254411,0.002452619843924192,0.0655672163918041,0.15612193903048477,-0.011171337408218967,-0.09682850882251182,-0.2703417522008227,0.02999269595971245,-0.09961173259524084,-0.08631069080844193
#101,-0.13665474954830278,0.06288394264406258,-0.11391996309537539,-0.1391304347826087,0.0554261330873025,-0.18355437665782492,0.2329373774651136,0.0614154461230923,0.024418559950793835,-0.1025179717833391,0.2391650328681813,-0.058739860838811365,0.08195902048975512,0.005666397570445547,1.0,0.5768731019105832,-0.08121323953407912,-0.011863299119670934,0.5078845192788222,0.2785299657863376,0.516311075231615,0.4073732364586937,0.3446430630838427,0.1440279860069965,0.30094952523738133,0.09958866720485911,-0.5106754315150117,-0.5870141852150847,0.1356552492984277,0.21829085457271363,-0.1931572675200861,-0.08810210279475647,-0.22680198362357282,-0.17913351016799292,0.18899780878791372,0.13301810633144967,0.3751585745588744,0.12450697728059047,0.2886402952369969,0.13697766501364703,0.3462960827278668,0.22961596125014416,0.2525660246799677,0.3412370737708069,0.18450774612693654,0.057809556760081496,-0.5222004382424172,-0.5273363318340829,-0.4388190520124553,-0.449467573905355,-0.36569407603890364,-0.09384538499980778,-0.146711259754738,-0.03261446199976935,0.3448122092799754,0.18818283166109254,-0.1516164994425864,0.07392457617345173,-0.27251758736016607,-0.42094337446661284,-0.3367931418905932,-0.4347057240610464,0.0619613270287933,0.36450236420251414,-0.2904778380040749,-0.08869411448122093,0.06411409679775497,0.1120439780109945,0.6270480144543114,0.4893706992657517,0.13746972667512397,0.10742321147118748,0.21304732249259986,-0.1203475185484181,0.17748049052396878,-0.1639334179064314,-0.09160035366931919,-0.32875869757428977,0.17061469265367316,0.23196863106908083,-0.01580748087494714,0.12063199169645947,0.12185445738669128,0.03530542421097144,-0.024856802368046747,-0.4335832083958021,-0.25269672855879755,-0.020851112905085917,-0.14570407104140237,-0.03270672356129627,-0.00900319071233614,-0.30376350286395265,-0.25310421712220815,-0.3964633068081344,-0.2426017760350594,0.1006804290162611,0.20378272402260408,-0.08000615077076846,-0.2997193710836889,-0.2696421020259101,-0.42734017606581326,-0.2160688886326068,-0.1752354591934802,-0.09522161995925114,-0.23990312536039674,-0.28292776688578786,-0.3424287856071964,-0.37579671702610234,-0.1828854803367547,-0.3997232153154192,-0.2508361204013378
#102,-0.11165186637450505,0.07491638795986622,0.04785299657863376,0.14672663668165917,-0.11634951754891786,0.0874101410833045,0.3772959674009149,-0.07763041556145005,-0.007073386383731211,0.07040325990850728,0.1799254219044324,-0.2016607081074847,0.0925152808211279,-0.136577864913697,0.5768731019105832,1.0,-0.081797562757083,-0.057455887440894936,0.07569292276938454,0.4252104716872333,0.3662399569446046,0.6667051089839695,0.3790720024603083,0.4360973359474109,0.1875523776573252,0.13690078037904124,-0.37977934109868144,-0.27831468880944144,0.022227347864529273,0.00535885903202245,-0.22225810171837157,0.09146196132702879,-0.3140891092915081,0.04092569100065352,-0.09591358167070312,0.004497751124437781,-0.009787413985315034,0.09160035366931919,0.1350478606850421,0.3466113097297505,0.2873947641563833,-0.05859378003306039,-0.08617229846615154,0.2353592434551955,0.24131780263714298,0.39487948333525547,-0.3630031138277015,-0.5334794141390843,-0.30570099565601816,-0.1871064467766117,-0.39321108676431016,0.2371890977588129,-0.16617076077345944,0.3420136085803252,0.13149579056625532,0.288601852919694,-0.2694191365855534,0.3541690693114981,-0.35261599969246143,-0.10248721792949679,-0.2959674009149271,-0.36159612501441585,0.11774112943528237,0.5462038211663399,-0.2921154807211779,-0.019436435628339677,-0.14384346288394265,-0.029631338177065314,0.4428016760850344,0.3628877868757929,0.11389689770499366,-0.07275592972744398,0.29602122015915117,0.12965055933571676,0.14982508745627188,-0.017583515934340523,-0.053234921001037945,-0.3211624956752393,0.14103717372083188,0.4654288240495137,0.06204590012685965,0.016722408026755852,0.006243032329988852,-0.04210202591012186,-0.07786875792872794,-0.5106062353438665,-0.49154653442509516,-0.033852304616922305,-0.0005920116864644601,-0.1858147849152347,0.20821127897589667,-0.5448583400607389,-0.23445200476684736,-0.42295006342982355,-0.3040018452312305,0.0531811017568139,0.28724868335063236,-0.23286049283050783,-0.2757621189405297,-0.2023142275016338,-0.18928997039941567,-0.1523930342521047,-0.12599853919194248,-0.1434821051012955,-0.3342251950947603,-0.40385192019374927,-0.22468765617191405,-0.21683773497866451,-0.18738323146119248,-0.38718333141121747,-0.2976511744127936
#201,0.17987929112366893,0.19304962903163803,0.6966824280167608,0.6094029908122862,-0.013893053473263368,0.17808019067389383,-0.006181524622304232,0.16348748702571791,0.04844500826509822,0.5819628647214854,0.10345596432552955,0.009279975396916926,0.15616038134778765,-0.04048744858340061,-0.08121323953407912,-0.081797562757083,1.0,0.5314650367124131,0.008849421443124592,-0.25384230961442356,-0.1862837811863299,-0.20474378195517626,0.18127090301003346,0.012501441586898858,0.43495944335524545,-0.054980202206589016,0.3449121593049629,-0.009787413985315034,0.1727136431784108,-0.10015761350094184,0.1800253719294199,0.310106485218929,0.2530042670972206,0.004374735709068543,0.08393495559912352,-0.16428708722561797,0.00719640179910045,-0.13515549917349018,0.08704109483719678,-0.022957751893284126,-0.12067812247722293,-0.018905931649559834,0.010210279475646792,-0.19202706339138123,-0.1417752662130473,-0.19847768423480566,0.1333410217967939,-0.23016953061930573,0.17994079883135355,-0.06512128551109062,0.19509476031215162,-0.07055702917771883,0.2017299042786299,0.15407680774997118,0.04864490831507323,-0.3017337485103602,-0.1238842117402837,-0.25136662438011764,-0.23432130088801753,-0.11879444892938146,0.2755852842809365,0.28258947449352245,-0.3459039710913774,-0.26193826163841155,0.4665590281782186,0.24969053934571175,-0.2359358782147388,-0.07069542152000922,0.020151462730173375,-0.009941183254526583,0.4320070733863837,0.5994618075577596,0.04027986006996502,0.11600353669319187,-0.2730557798024065,0.23121516164994427,0.036558643755045556,-0.011209779725521854,0.018237035328489602,-0.1981932110867643,-0.459747049552147,-0.06694345135124745,-0.2123553607811479,-0.07328643370622381,-0.003521316264944451,0.11454272863568216,0.21791411986314535,-0.15196248029831239,-0.009779725521854457,-0.11992465305808635,0.059747049552147005,-0.11713374082189675,0.19640179910044978,-0.12355360781147888,-0.06319148118248569,0.5611963249144658,0.11870218736785454,0.5964556183446739,0.36816976127320955,0.5618114019913121,0.4830046515203936,0.511198247030331,0.4855956637066082,0.5489332256948449,0.38537654249798176,0.5003267596970745,0.35984315534540423,0.32074731864836814,0.0454234421250913,0.1553300272940453,-0.04523123053857687
