,#10,#11,#12,#13,#17,#18,#26,#49,#50,#51,#52,#53,#54,#58,#101,#102,#201,#202,#301,#302,#401,#402,#501,#502,#601,#602,#701,#702,#801,#802,#901,#902,#1001,#1002,#1101,#1102,#1201,#1202,#1301,#1302,#1401,#1402,#1501,#1502,#1601,#1602,#1701,#1702,#1801,#1802,#1901,#1902,#2001,#2002,#2101,#2102,#2201,#2202,#2301,#2302,#2401,#2402,#2501,#2502,#2601,#2602,#2701,#2702,#2801,#2802,#2901,#2902,#3001,#3002,#3101,#3102,#3201,#3202,#3301,#3302,#3401,#3402,#3455,#3501,#3502,#3601,#3602,#3701,#3702,#3801,#3802,#3901,#3902,#4001,#4002,#4101,#4102,#4201,#4202,#4301,#4302,#4401,#4402,#4501,#4502,#4601,#4602,#4701,#4702,#4801,#4802
#10,1.0,0.24735324645369622,0.4108868642601776,0.4152154691884827,0.20342905470341752,0.13836158843655094,-0.23226079268058278,0.7143966478299312,0.4274247491638796,0.3136124245569523,0.43223772729020105,0.113235689847384,0.2679198862107408,-0.3344635374620382,-0.5239457194479683,-0.4478683735055549,0.3112213124207127,0.41816015069388385,-0.1209933494791066,-0.5413831545765578,-0.3724291700303694,-0.5489716680121478,0.036120401337792644,-0.2878253181101757,0.09133125744819898,-0.03373697766501365,0.3009879675546842,0.34299004343981854,0.010763848844808365,-0.014815669088532657,0.07466266866566716,0.347749202321916,0.43147656940760387,0.11573444047207165,-0.06408334294391266,-0.3100757313650867,-0.34492753623188405,-0.33694691115980474,-0.11555760581247837,-0.13434821051012955,-0.20685810940683505,-0.12765155883596663,-0.005697151424287856,-0.33142659439511013,-0.2714258255487641,-0.2595163956483297,0.1825471879444893,0.09892745934724945,0.21629954253642408,-0.015115519163495175,0.24707646176911544,-0.03535924345519548,0.3512166993426364,-0.016261100219121208,-0.23617422058201668,-0.4900011532695191,-0.11607273286433706,-0.35723676623226847,-0.03514396647829931,-0.23597432053204168,-0.2440625840925691,-0.029885057471264367,-0.488055972013993,-0.29172336908468843,0.3860146849652097,-0.06457540460538962,-0.4592703648175912,-0.42567177949486795,-0.20089186176142698,-0.22967746895782878,0.09249990389420674,-0.039741667627724596,-0.20731172875100912,-0.0617229846615154,-0.25837081459270367,-0.08894783377541998,-0.10073424826048515,-0.08302771691077539,-0.3057548149002422,-0.5473032714412025,0.2782608695652174,0.1697843385999308,-0.07729212316918464,0.235113212624457,-0.22105870141852152,0.11771037558144005,-0.0011455810556260332,0.13773882289624417,-0.15738284703801944,0.06485987775343098,-0.1905047476261869,-0.025717910275631414,-0.3714834890247184,0.04419328797139892,-0.0844500826509822,0.17926421404682275,0.07407834544266328,0.5729135432283858,0.5248683350632376,0.5468188982431861,0.5252296928458847,0.3247145657940261,0.20532810517818015,0.3583054626532887,0.24856033521700688,0.5577672702110483,0.5083381386229961,-0.23284511590358667,-0.16003536693191867,-0.21257063775804405,-0.25049013954561183
#11,0.24735324645369622,1.0,0.4327451658785992,0.33573213393303347,0.09103140737323646,0.35386153077307503,0.25838619151962483,0.2318071733364087,0.13336408718717566,0.4945450351747203,0.3789336101180179,0.17463575904355513,-0.10083419828547265,-0.0162303463652789,0.1866297620420559,0.1865221235536078,0.23026179218083265,0.30587783031561144,0.027224849113904586,-0.22392649828931688,-0.1536231884057971,-0.2600238342367278,0.09643639718602237,0.02541037173720832,0.07004190212586014,-0.1618267789182332,0.15163956483296814,0.1728135932033983,0.21846000076884634,0.3219082766309153,0.056417944873716985,0.19202706339138123,0.20601237842617154,0.11345096682428017,-0.03959558682197363,0.20124553108061355,0.10284088724868336,-0.06395263906508285,-0.04137162188136701,-0.19284204051820245,0.15088609541383155,0.17472802060508208,-0.0407949871218237,-0.21901357013800793,-0.3006112328451159,-0.30842271172106256,0.26110790758466923,0.1712451466574405,0.2797908737938723,0.10176450236420251,-0.01237842617152962,-0.14093722369584438,0.10520124553108061,0.25161265521085613,-0.0673048091338946,-0.012293853073463269,-0.2247414754161381,-0.2809133894591166,-0.30215661400069194,-0.3877830315611425,-0.35885134355898973,-0.1324952908161304,-0.09951947103371392,-0.08035982008995503,0.16242647906815824,0.15741360089186177,-0.06936531734132934,-0.042332679813939185,0.1494099104294007,0.02306539038173221,0.2603775035559143,0.1371160573559374,-0.007411678775996617,-0.059716295698304694,-0.15996617076077346,-0.114873332564487,-0.10098027909122362,-0.2794064506208434,0.035413062699419524,-0.13790796909237688,0.058086341444662286,-0.015715219313420212,-0.1714219813170338,0.02981586130011917,-0.06081574597316726,-0.24367816091954023,-0.16806981124822204,0.3437742667127974,0.144127936031984,0.07381693768500365,-0.14378195517625803,-0.2080036904624611,-0.40256794679583285,-0.08852496828508823,-0.2658901318571483,0.12878945142813208,0.22373428670280243,0.3113597047630031,0.174274401260908,0.1708376580940299,0.17776496367201014,0.17790335601430055,0.08707953715449968,0.31675700611232843,-0.1289278437704225,0.2684503901895206,0.14288240495137047,-0.2637527390151078,-0.23030023449813555,-0.3101141736823896,-0.34137546611309727
#12,0.4108868642601776,0.4327451658785992,1.0,0.6915388459616346,-0.06025448814054511,0.3351554991734902,0.1173182639449506,0.5291046784300157,0.22178910544727637,0.6683658170914543,0.5214623457502018,0.10566255333871526,0.1328412716718564,-0.08058278553031177,-0.06429093145734825,-0.09715911275131665,0.7136201130204128,0.766524430092646,0.15019413370237958,-0.30434013762349593,-0.2822434936377965,-0.3801253219544074,0.27145657940260637,-0.06032368431169031,0.28846346057740363,0.10932995040941068,0.3013262599469496,0.21782185830161843,0.12359205012878176,0.04927536231884058,0.3822012070887633,0.4429170030369431,0.6747472417637335,0.3664167916041979,0.18348518048667975,0.01723753507861454,0.033444816053511704,-0.11452735170876101,-0.06928074424326298,0.10682351132126244,0.046338369276900014,0.039580209895052475,-0.1025179717833391,-0.43322953907661554,-0.5476800061507707,-0.46217660400568944,0.08977818782916235,0.028831737977165265,0.15396148079806252,-0.04422404182524123,0.24591550378656826,0.1895590666205359,0.40661207857609655,0.41161726828893247,-0.11126744320147619,-0.06618998193211087,-0.5154807211778726,-0.5996386422173529,-0.33881520778072505,-0.3494022219659401,-0.41211701841387,0.03552838965132818,-0.21838311613424058,-0.17464344750701571,0.43642025141275514,0.2728405028255103,-0.18842117402837044,-0.12867412447622342,0.2785684081036405,0.07563141506169992,0.4927228693345635,0.3859070464767616,-0.11709529850459385,0.1428439626340676,-0.3165263522085111,0.0774766462922385,-0.22675585284280936,-0.26866566716641677,0.05526467535463038,-0.2586937300580479,0.05693307192557567,0.04466228424249414,-0.3032099334947911,0.12539883904201746,-0.18192442240418252,-0.2260254488140545,-0.10624687656171913,0.31549609810479373,0.05374235958943605,0.017514319763195327,-0.2970207204090263,-0.07403221466189983,-0.48606465997770343,-0.08426555952792834,-0.2975589128512667,0.5688924768385039,0.43235305424210974,0.7204551570368661,0.5207242532579864,0.564886787375543,0.6630684657671164,0.5659324184061815,0.3484719178872102,0.6007688463460578,0.332156998423865,0.7075923576673202,0.5782570253334871,-0.3881828316610925,0.029277668857878754,-0.44200976434859496,-0.43590512436089646
#13,0.4152154691884827,0.33573213393303347,0.6915388459616346,1.0,0.013839234229039326,0.49474493522469537,-0.06708953215699842,0.2836581709145427,0.08977818782916235,0.7183792719025103,0.23500557413600892,0.09022411870987583,0.006243032329988852,-0.2626917310575482,-0.13789259216545574,-0.12908161303963403,0.6293622419559451,0.4377887979087379,0.13255679852381502,-0.17894898704493906,-0.19272671356629378,-0.26616691654172914,0.40693499404144085,0.11342790143389843,0.3613885365009803,0.18860569715142428,0.5224080267558529,0.3942490293314881,0.14989428362741705,-0.009902740937223696,0.1526698189366855,0.2756314150616999,0.6074270557029178,0.24278629915811326,0.02659439511013724,-0.20844962134317457,-0.09770499365701764,-0.23901126359896974,0.046007765348095184,0.07946795832852804,-0.08159766270710798,-0.0026986506746626685,-0.061876753930726947,-0.37932572175450735,-0.3055472263868066,-0.3192250028831738,0.3196017375927421,0.18367739207319417,0.22063583592818975,0.08500365202014377,0.4747549302271941,0.24383961865221235,0.5066082343443663,0.24535424595394612,-0.0599853919194249,-0.23795025564141006,-0.16109637488947834,-0.39030484757621187,-0.07025717910275632,-0.02763233767731519,-0.21689155422288856,0.07423211471187484,-0.1649559835466882,-0.19225002883173797,0.42551032176219583,0.1676085034405874,-0.11670318686810441,-0.10533194940991043,0.06396032752854341,-0.0747164879098912,0.3134048360435167,0.11002191212086264,-0.11285126667435513,0.09444508514973282,-0.3491331257448199,-0.045138968977049936,-0.19641717602737094,-0.07906815822857802,0.05135893591665706,-0.22985430361742207,-0.06402183523622804,-0.06068504209433745,-0.39030484757621187,0.03245300426709722,-0.22060508207434745,-0.16769307653865376,-0.020589705147426286,0.20760389036251106,0.10018836735478415,-0.037242917003036946,-0.31780263714296697,0.0058816745473417135,-0.28158228578018685,0.06262253488640296,-0.11871756429477569,0.5076231115211625,0.2734709568292777,0.5550609310729251,0.4661822934686503,0.4947526236881559,0.492876638603775,0.42036673970706956,0.2415023257601968,0.37211394302848577,0.34621150962980046,0.5612885864759928,0.46159996924614616,-0.26707415523007727,-0.022811671087533156,-0.14911006035443816,-0.1234767231768731
#17,0.20342905470341752,0.09103140737323646,-0.06025448814054511,0.013839234229039326,1.0,0.2186137700380579,0.007527005727905278,0.0034213662399569444,-0.03229923499788567,-0.1477799561757583,0.15346941913658554,0.650613154960981,0.17041479260369816,0.09256141160189137,-0.1762195825164341,-0.03188405797101449,-0.1262676354130627,-0.04194056817744974,-0.21635336178064815,-0.2630454003767347,-0.46796601699150425,-0.3213239534079114,-0.18593780033060392,-0.10567793026563642,-0.26868104409333793,-0.19528697189866606,-0.2636374120631992,-0.2560027678468458,0.3292661361626879,0.293568600315227,-0.08204359358782147,-0.07314035290047284,-0.02564102564102564,0.21211701841386998,0.24399338792142392,0.14744166378349288,0.3117595048629531,0.2109945027486257,0.24131780263714298,0.00997962557182947,0.18190135701380078,0.3001037942567178,0.3272517587360166,0.24443163033867682,0.3288970899165802,0.30983738899780877,0.02502594856417945,-0.020189905047476264,-0.053173413293353324,-0.2104486218429247,-0.08294314381270904,-0.1717295198554569,-0.03235305424210971,-0.26288394264406256,-0.16245723292200054,-0.2384192519125053,-0.036312612924307076,-0.07560834967131819,0.23353707761503864,-0.01513089609041633,-0.19954638065582594,-0.05777111444277861,0.19859301118671432,0.08226655902817821,-0.2140852650597778,-0.23952639065082842,0.11577288278937455,0.08015992003998001,-0.37678084034905623,-0.25235843616653214,-0.36281859070464767,-0.3784184830661592,-0.23658939760888786,-0.03473647791488871,-0.4315457655787491,-0.27145657940260637,-0.3470879944643063,-0.18304693806942682,0.16409487563910352,-0.06452927382462614,0.486964210202591,0.5544381655326183,0.36923076923076925,0.43565909353015797,0.5301579979241149,0.10509360704263253,0.11523469034713413,0.30094952523738133,0.30372506054664977,0.4499750124937531,0.48681812939684005,0.3118671433514012,0.250213354861031,0.05049013954561181,-0.0015992003998001,-0.26133087302502594,-0.06153846153846154,-0.022673278745242765,0.14451235920501287,-0.0057048398877484335,-0.09282281935955099,0.020674278245492637,0.24015684465459577,0.03833467881443894,-0.20256794679583284,-0.10384807596201899,-0.02348825587206397,-0.2531349709760504,-0.33689309191558064,-0.08528812516818514,0.0922077422827048
#18,0.13836158843655094,0.35386153077307503,0.3351554991734902,0.49474493522469537,0.2186137700380579,1.0,0.04961365471110599,0.08796371045246608,0.018075577595817478,0.3075923576673202,0.04585399607888364,0.3341175566063122,-0.22142774766462922,0.17782647137969476,0.014585015184715335,0.06444470072655979,0.302756314150617,0.2410333294891016,0.09378387729212317,-0.065259677853381,-0.25260446699727057,-0.14022988505747128,0.23704301695306193,0.07021104832199285,0.04880636604774536,-0.1934955599123515,0.11812555260831123,0.0842117402837043,0.18328528043670472,0.22591781032560643,-0.11192096259562527,0.05057471264367816,0.3319878522277323,0.22999269595971245,-0.09008572636758544,-0.06525198938992043,-0.0171145196632453,-0.20111482720178372,0.04997501249375312,-0.05109752815899742,-0.027578518433091146,-0.01918271633414062,-0.14289778187829164,-0.23432130088801753,-0.005012878176296467,-0.07969861223234537,0.15366931918656057,0.054980202206589016,0.0786991119824703,0.024172529120055356,0.2302079729366086,0.1910890708491908,0.28168992426863493,0.09833544766078499,-0.13640103025410372,-0.19038173221081767,-0.016883865759427977,-0.19916964594625763,0.02819359550993734,0.09722062045900128,-0.2800830354053742,-0.03227616960750394,0.0992888171298966,0.04364740706569792,0.2104101795256218,0.08908622611771037,0.2425940875715988,0.10930688501902895,-0.007050320993349479,-0.07546226886556721,0.1410294852573713,0.047806865797870295,-0.16702418021758353,-0.0038057894129858148,-0.3043170722331142,-0.12699803944181756,-0.3021027947564679,-0.16346442163533617,0.28677968707953716,0.02354207511628801,0.17157575058624533,0.2647445508015223,-0.21682235805174335,0.33721600738092494,0.08021373928420406,-0.16904624610771538,0.05176642448006766,0.3928574174451236,0.2654826432937377,0.09821243224541576,-0.16602467996770845,0.016776227270979896,-0.012755160881097913,-0.00781916733940722,-0.12699803944181756,0.1589282281935955,0.11044477761119441,0.1645177411294353,0.236058893630108,0.0747549302271941,0.19876215738284703,0.24526967285587975,0.08790989120824204,0.14638065582593318,0.1151731826394495,0.1618575327720755,0.2632606773536309,-0.37725752508361204,-0.2820820359051244,-0.17568907853765425,-0.04021066389881982
#26,-0.23226079268058278,0.25838619151962483,0.1173182639449506,-0.06708953215699842,0.007527005727905278,0.04961365471110599,1.0,-0.22142774766462922,-0.020028447314804135,0.2518740629685157,0.0785299657863376,0.08711029100834199,0.09234613462499519,0.4559720139930035,0.4520585860915696,0.5555606811978626,-0.018129396840041518,-0.08293545534924845,0.023165340406719716,0.393395609887364,0.17840310613923807,0.2687194864106408,-0.14139084304001845,0.23444431630338677,-0.13262599469496023,-0.10353284896013532,-0.27181793718525354,-0.32186983431361244,0.16041979010494753,0.22952369968861722,-0.0500518971283589,-0.1674009149271518,-0.17006881174797217,-0.09930419405681774,0.10390189520624303,0.1897589666705109,0.20335217006881176,0.2538269326875024,-0.048352746703571294,0.06720485910890708,0.25674086033906124,0.18321608426555952,0.17193710836889248,0.28144389343789644,0.022488755622188907,0.17137585053627033,-0.3105677930265636,-0.25311959404912926,-0.25332718256256487,-0.09517548917848768,-0.14645754046053897,0.1061930573174951,-0.12329988851727983,0.27470111098297006,0.12050897628109022,0.27428593395609885,-0.18549955791335102,0.014907930650059586,-0.03505939338023296,-0.012017068388882482,-0.21169415292353824,-0.15080921077922577,0.28501902894706493,0.16282627916810824,-0.08878637604274786,0.10778456925383462,0.42278860569715143,0.43277591973244145,0.20599700149925038,0.4066505208933995,0.0804367047245608,0.3511090608541883,0.12041671471956329,0.25474185983931114,0.01580748087494714,0.018636835428439625,-0.10101872140852651,-0.12282320378272402,0.16419482566409102,0.21343174566562872,-0.16242647906815824,-0.05883981086379887,0.19525621804482374,-0.043362933917656554,0.04553876907699996,-0.2676815438434629,-0.129227693845385,0.10946834275170107,0.12481451581901357,0.12512205435743667,0.04109483719678622,0.007104140237573521,0.008680275246991888,-0.040564333218006385,0.03657402068196671,0.10332526044669972,0.030284857571214394,-0.20882635605274286,-0.28891707992157767,-0.3776496367201015,-0.17528927843770423,-0.07490101103294507,-0.09854303617422058,-0.028947064929073923,-0.29293814631145965,-0.21940568177449737,-0.16650136470226426,-0.14731864836812364,-0.13003498250874562,-0.1640333679314189,-0.02549494483527467
#49,0.7143966478299312,0.2318071733364087,0.5291046784300157,0.2836581709145427,0.0034213662399569444,0.08796371045246608,-0.22142774766462922,1.0,0.5395840541267828,0.21998231653404068,0.47153346403721214,0.0016760850344058739,0.1824703033098835,-0.1933341021796794,-0.46969592127013415,-0.42130473224925996,0.3046630530888402,0.4805289662860877,-0.09029331488102103,-0.5126359896974589,-0.32560642755545305,-0.48018298543036175,-0.09606735093991466,-0.3692077038403875,0.013301041786798909,-0.13560911851766425,0.22384192519125054,0.2081728366585938,-0.09005497251374313,-0.05488794064506208,0.14048360435167032,0.3849844308614923,0.4057279052781302,0.21300888017529696,0.02721716065044401,-0.10939914658055587,-0.2851036020451313,-0.10827663091531158,-0.1835697535847461,-0.11598047130281014,-0.2133702379579441,-0.15677545842463383,-0.09086226117710376,-0.33490177987929115,-0.4040441317802637,-0.3310883020028447,0.0607696151924038,-0.00921077922577173,0.22121247068773306,-0.05948564179448737,0.1305270441702226,-0.05891669549840464,0.2542651751047553,0.08290470149540614,-0.21442355745204322,-0.23715065544151,-0.3075077845692538,-0.3770345596432553,-0.2142544112559105,-0.4148771767962173,-0.24619228847114905,0.0008072886633606274,-0.49786645138968977,-0.4293545534924845,0.33999923115365394,0.08841732979664015,-0.48702571791027566,-0.538469226924999,0.004935993541690693,-0.08777918732941221,0.2899550224887556,0.08099027409372236,-0.08665667166416792,0.03443662783992619,-0.23918809825856302,-0.004782224272479145,-0.09401453119594048,-0.14461999769346096,-0.34783377541998234,-0.5424979817783416,0.2421558451543459,0.11021412370737708,-0.07364010302541037,0.22287317879521779,-0.19956944604620766,0.1568139007419367,-0.07605428055203167,0.09744358589935802,-0.2798600699650175,0.003159958482297313,-0.20465152039364934,0.0146311459654788,-0.4082650982201207,-0.027663091531157497,-0.18494598854418945,0.1293968400415177,0.13907661553838466,0.5724061046399876,0.4428401184023373,0.5523469034713413,0.5585668704109483,0.29602122015915117,0.138961288586476,0.4386806596701649,0.2125937031484258,0.5706762003613578,0.49708991658017143,-0.2302156614000692,-0.06183062314996348,-0.27973705454964826,-0.4299081228616461
#50,0.4274247491638796,0.13336408718717566,0.22178910544727637,0.08977818782916235,-0.03229923499788567,0.018075577595817478,-0.020028447314804135,0.5395840541267828,1.0,0.05615653711605736,0.22325760196824665,0.019682466459078153,0.15547610809979626,-0.2343366778149387,-0.19440279860069964,-0.13510936839272672,0.0237496636297236,0.25860915695998155,0.06651289739745511,-0.021481566908853264,-0.0037442817053011954,-0.08824049513704686,0.07207934494291315,-0.018237035328489602,0.06051589589820475,-0.10114173682389574,0.2195978933610118,0.1170491677238304,-0.06924999038942067,0.00046899627109522164,0.09388382731711067,0.15838234728789452,0.0347057240610464,-0.16021220159151195,-0.08875562218890555,-0.03207626955752893,-0.22988505747126436,-0.04979048937069926,-0.11303578979740898,-0.05789412985814785,-0.036174220582016685,-0.00737323645869373,-0.023211471187483183,-0.008357359781647637,-0.14048360435167032,-0.22284242494137546,-0.05478799062007458,0.006020066889632107,0.1786645138968977,0.0589320724253258,0.22005920116864644,0.10584707646176912,0.2275246991888671,0.04444700726559797,-0.13522469534463538,-0.16871564217891055,0.0006842732479913889,0.03397532003229155,-0.08270480144543113,-0.20235266981893668,-0.1417137585053627,-0.07025717910275632,-0.26391419674777994,-0.3382616384115634,0.21121746818898243,0.2001691461961327,-0.1192557567370161,-0.28592626763541307,-0.02357282897013032,0.007419367239457194,0.11049090839195787,-0.018190904547726136,-0.14781839849306116,-0.058409256910006535,-0.1302810133394841,-0.04627686156921539,-0.08052127782262715,0.06338369276900012,-0.17419751662630223,-0.31481182485680237,0.039526390650828434,0.07736131934032983,-0.007365547995233153,-0.06080036904624611,-0.030046515203936492,-0.025594894860262177,-0.10883020028447314,0.03635105524160996,-0.012924307077230615,0.05387306346826587,-0.07729212316918464,0.18378503056164225,-0.13068081343943413,-0.07769192326913467,-0.12615230846115405,0.06784300157613501,0.07396301849075462,0.2307922961596125,0.006804290162611002,0.2821281666858878,0.15476876946142312,0.05917810325606428,0.01658401568446546,0.191904047976012,-0.10222581017183716,0.21340099181178643,-0.0033367931418905932,-0.1049321493099604,-0.03598969745896283,-0.22533348710260254,-0.25973167262522584
#51,0.3136124245569523,0.4945450351747203,0.6683658170914543,0.7183792719025103,-0.1477799561757583,0.3075923576673202,0.2518740629685157,0.21998231653404068,0.05615653711605736,1.0,0.33512474531964787,0.06104639987698458,0.21930573174950985,-0.1802637142966978,0.04927536231884058,-0.0010533194940991043,0.6840118402337293,0.463276054280552,0.06789682082035906,-0.22278091723369084,-0.22125091300503594,-0.32978895167800715,0.3654787990620075,0.1691769499865452,0.2915619113520163,0.08765617191404299,0.4315534540422097,0.24486218429246914,0.27894514281320876,0.17581978241648408,0.3548610310229501,0.4996886172298466,0.5344097182178141,0.21035636028139776,0.11102910083419829,-0.07017260600468997,0.02268096720870334,-0.25401914427401684,-0.06449851997078383,-0.016130396340291394,0.09506785069003959,0.021596893860761926,-0.17113750816899242,-0.4545496482527967,-0.3824703033098835,-0.381278591473494,0.18364663821935187,0.05244300926459847,0.17422827048014455,-0.028739476415638336,0.29633644716103485,0.10381732210817668,0.31406604390112636,0.24928305078230115,-0.20167608503440587,-0.15496866951139815,-0.32850497828009073,-0.5213470187982931,-0.12131626494445086,-0.09339176565563372,-0.1903356014300542,0.06924230192596009,-0.23397532003229154,-0.17792642140468226,0.413262599469496,0.09469880444393187,-0.1244300926459847,-0.06293007342482605,0.10912236189597509,-0.12517587360166071,0.41277822627147964,0.2839349555991235,0.015215469188482681,0.09050090339445661,-0.25867066466766614,-0.10088801752969669,-0.0024910621612270786,-0.1238842117402837,0.06932687502402644,-0.10145696382577941,-0.24393956867719988,-0.1809172336908469,-0.362103563602814,-0.16705493407142583,-0.35727520854957134,-0.12000153769269212,-0.047045707915273134,0.23571291277438203,0.12316149617498943,-0.12904317072233115,-0.49647483950332527,-0.07606965747895283,-0.3796563256833122,0.0936377964863722,-0.07051858686041594,0.5123515165494176,0.38766770460923383,0.6388574943297582,0.30403259908507285,0.4637296736247261,0.45980086879637105,0.5242455695229309,0.3056779302656364,0.5031330488601853,0.17263675854380503,0.5348172067812248,0.3763964171760274,-0.16816976127320954,-0.03473647791488871,-0.07636950755391535,-0.14319763195325413
#52,0.43223772729020105,0.3789336101180179,0.5214623457502018,0.23500557413600892,0.15346941913658554,0.04585399607888364,0.0785299657863376,0.47153346403721214,0.22325760196824665,0.33512474531964787,1.0,0.2938684503901895,0.3648252796678584,-0.06436781609195402,0.03461346249951947,0.10312536039672471,0.3307961403913428,0.42368815592203896,0.1303886518279322,-0.3977857225233537,-0.3318879022027448,-0.4094183677392073,-0.10590858416945373,-0.24111790258716795,0.023995694460462076,0.04975204705339638,-0.17099142736324147,-0.08452696728558798,0.18527659247299427,0.1642409564448545,0.33524007227155656,0.4066966516741629,0.3189405297351324,0.29756660131472723,0.40610463998769847,0.3071002960058432,0.2597778034059893,0.11259754738015608,-0.13833852304616923,-0.14499673240302927,0.06996501749125437,0.12340752700572791,0.14774151385845538,-0.17351324337831084,-0.526990350978357,-0.309506785069004,0.026848114404336293,0.015507630799984623,-0.081797562757083,-0.25026717410525506,-0.23172260023834237,-0.33919194249029333,-0.18566870410948372,0.22186599008188213,-0.08609541383154577,0.15248529581363165,-0.6758159381847538,-0.48245877061469267,-0.5329181563064621,-0.7088455772113943,-0.366724330142621,-0.06459078153231076,-0.1810171837158344,-0.0847576211894053,0.15990466305308884,-0.11360473609349171,-0.32263868065967016,-0.35523776573251836,0.2900319071233614,0.1205166647445508,0.31437358243954944,0.17687310191058317,0.2834275170107254,0.375712143928036,-0.040610463998769844,0.05545688694114481,-0.0006227655403067697,-0.18320839580209894,-0.06446007765348095,-0.23964940606619767,0.4123476723176873,0.38508438088647984,0.1628800984123323,0.3361011801791412,0.036850805366547494,-0.061407757659631725,-0.23366778149386844,0.40056125783262214,0.08564948295083227,0.3200784223272979,0.008464998270095721,-0.24534655749048553,-0.6289855072463768,-0.27656171914042976,-0.4766539807019567,0.15425364240956446,0.23602045131280514,0.4680198362357283,0.13776188828662592,0.27214854111405834,0.2659362626379118,0.30911467343251453,0.32853573213393306,0.4596317226002383,-0.012063199169645947,0.38729096989966555,0.24097951024487757,-0.28847883750432474,-0.05485718679121977,-0.37405912428401183,-0.5170722331142121
#53,0.113235689847384,0.17463575904355513,0.10566255333871526,0.09022411870987583,0.650613154960981,0.3341175566063122,0.08711029100834199,0.0016760850344058739,0.019682466459078153,0.06104639987698458,0.2938684503901895,1.0,0.44119478722177374,0.19719371083688925,0.0853342559489486,0.0855725983162265,0.15506093107292507,0.18942836274170607,-0.09580594318225502,-0.2629608272786684,-0.4166070810748472,-0.4049898127859147,0.04454695729058548,-0.03011571137508169,-0.14664206358359283,-0.11200553569369162,-0.3296890016530196,-0.3677545842463384,0.5502940837273671,0.3872140852650598,0.2332449160035367,0.1388613385614885,0.09988082881636105,0.21459270364817593,0.40573559374159074,0.20737323645869374,0.3870064967516242,0.049605966247645406,0.06489832007073386,0.003828854803367547,0.38915926652058586,0.28122092799753967,0.12696728558797524,-0.032360742705570295,-0.081797562757083,0.03597432053204167,-0.12316918463845,-0.10148771767962173,-0.08585707146426787,-0.3153192634452005,-0.025041325491100604,-0.19148118248568025,-0.07785338100180679,-0.23583592818975127,-0.2840118402337293,-0.14934071425825549,-0.2192980432860493,-0.2783992619075078,0.09434513512474532,-0.1288202052819744,-0.23284511590358667,0.03638180909545227,0.22685580286779686,0.08025218160150693,-0.17867989082381885,-0.24026448314304386,0.09592895859762426,0.04666897320570484,-0.19202706339138123,-0.23302195056317995,-0.22368815592203897,-0.18852112405335794,-0.09175412293853073,0.16660131472725176,-0.36997655018644526,-0.20653519394149078,-0.22554107561603814,-0.1967016491754123,0.3195863606658209,0.015769038557644256,0.5489639795486871,0.5985007496251874,0.3000115326951909,0.5327797639641718,0.4417406681274747,0.11737208318917465,0.15155499173490178,0.5247299427209472,0.47998308538038675,0.6190597009187714,0.2530427094145235,0.4005766347595433,0.028985507246376812,0.09653634721100988,-0.0846884250182601,0.0005689462960827279,-0.00046899627109522164,0.1394994810287164,0.058055587590819975,0.03709683619728597,-0.018221658401568447,0.2949755891285127,0.39239610963748894,0.2932687502402645,-0.14292853573213393,-0.016245723292200052,0.03640487448583401,-0.2616999192711337,-0.1904432399185023,-0.21580748087494714,-0.1551147503171491
#54,0.2679198862107408,-0.10083419828547265,0.1328412716718564,0.006243032329988852,0.17041479260369816,-0.22142774766462922,0.09234613462499519,0.1824703033098835,0.15547610809979626,0.21930573174950985,0.3648252796678584,0.44119478722177374,1.0,-0.0672663668165917,0.01004113327951409,-0.023534386652827432,0.35539153500172993,0.2659362626379118,-0.13108830200284474,-0.15007111828701034,-0.16361050244108716,-0.29694383577442046,0.0685580286779687,0.00180678891323569,-0.029446815054011456,0.12576788528812516,-0.16650905316572484,-0.2910160304463153,0.3866297620420559,0.1814554261330873,0.4807134894091416,0.35401530004228654,0.1265751739514858,-0.00399800099950025,0.3216314919463345,0.10141852150847654,0.16057355937415907,-0.013154960981047938,-0.20590473993772346,-0.12435320801137893,0.3165724829892746,0.058686041594587325,0.1364394725714066,-0.026440625840925693,-0.1937646561334717,0.009172336908468843,-0.2575020182216584,-0.16702418021758353,-0.1856071964017991,-0.15373851535770577,0.07863760427478568,-0.07899896205743283,-0.11710298696805443,-0.16337984853726983,-0.2021450813055011,-0.14322069734363588,-0.2911159804713028,-0.24948295083227617,-0.09096989966555184,-0.20555875908199747,-0.12019374927920655,-0.06398339291892516,-0.15455349248452696,-0.07971398915926652,-0.030154153692384576,-0.24552339215007882,-0.20397493560911853,-0.17934878714488908,-0.10593164955983547,-0.030269480644293238,-0.08762541806020067,0.04209433744666129,0.06588244339368778,0.2150001922115865,-0.13223388305847075,-0.008864798370045746,0.00882635605274286,-0.12859723984161767,0.09248452696728558,-0.021343174566562872,0.2269480644293238,0.27041863683542844,0.28096720870334063,0.06520585860915697,0.13260292930457848,0.11682620228347365,-0.0198362357282897,0.16636297235997385,0.14459693230307924,0.35574520432091644,0.08807903740437474,0.2691423519009726,-0.1061930573174951,0.038296236497136045,-0.053911505785568754,0.2982662514896398,0.05185099757813401,0.3003498250874563,-0.006404490062660978,0.26115403836543266,0.10542421097143735,0.4633452504516972,0.4179910044977511,0.35055549148502674,-0.06133856148848653,0.1561065621035636,0.0315765194325914,-0.09066236112712875,-0.04904470841502326,-0.17342098181678392,-0.17775727520854956
#58,-0.3344635374620382,-0.0162303463652789,-0.08058278553031177,-0.2626917310575482,0.09256141160189137,0.17782647137969476,0.4559720139930035,-0.1933341021796794,-0.2343366778149387,-0.1802637142966978,-0.06436781609195402,0.19719371083688925,-0.0672663668165917,1.0,0.2545035174720332,0.3230999884673048,-0.20487448583400608,-0.14557336716257255,-0.11126744320147619,0.27919886210740785,0.16105024410871488,0.25149732825894744,-0.2130011917118364,-0.0707031099834698,-0.17435128589551377,-0.4062199669396071,-0.5105908584169454,-0.4844423941875216,0.09240764233267981,0.05072079344942913,-0.22251182101257064,-0.3037481259370315,-0.23805020566639756,-0.0691731057548149,0.10534732633683158,0.213608580325222,0.10759235766732018,0.15660631222850113,-0.08318917464344751,-0.08953984546188444,0.09392995809787413,-0.00048437319801637643,0.04500826509822012,0.18804443931880213,0.02288855572213893,0.18816745473417137,-0.36912313074232117,-0.328335832083958,-0.27949102371890977,-0.11877138353899973,-0.28430400184523125,-0.00908776381040249,-0.22992349978856724,0.018905931649559834,0.31651097528159,0.36177295967400913,0.020443624341675317,0.13853842309614423,0.007634644216353362,0.09478337754199823,0.010048821742974667,-0.019490254872563718,0.3618344673816938,0.18603006189213087,-0.25670241802175836,-0.011255910506285318,0.4629762042055895,0.3311036789297659,0.12874332064736863,0.2534271325875524,-0.13482489524468536,0.16646292238496135,0.15131664936762387,0.2936301080229116,0.18279321877522778,0.17350555491485026,0.027186406796601698,0.0477376696267251,0.30219505631799487,0.23662015146273016,0.15064775304655365,0.1327643870372506,0.24074885634106025,0.38807519317264444,0.13713912274631915,-0.010171837158343905,0.09231538077115288,0.14099104294006842,0.048245108215123206,0.1523622803982624,0.04408564948295083,-0.0006612078576096567,0.04589243839618652,0.09745127436281859,0.13340252950447853,-0.0880252181601507,-0.2227270979894668,-0.3505016722408027,-0.2808903240687349,-0.44451620343674314,-0.19532541421596894,-0.2548494983277592,-0.16017375927420904,-0.24407796101949025,-0.06767385538000231,-0.3737362088186676,-0.03841156344904471,-0.02125860146849652,-0.06013916118863645,-0.018498443086149233,0.14204436243416754
#101,-0.5239457194479683,0.1866297620420559,-0.06429093145734825,-0.13789259216545574,-0.1762195825164341,0.014585015184715335,0.4520585860915696,-0.46969592127013415,-0.19440279860069964,0.04927536231884058,0.03461346249951947,0.0853342559489486,0.01004113327951409,0.2545035174720332,1.0,0.7983008495752124,0.05318879022027448,-0.08342751701072541,0.4089493714681121,0.49072386883481334,0.40888786376042746,0.4142313458655288,0.027755353092684426,0.33658555337715756,-0.01716833890746934,0.06805827855303118,-0.3125514165993926,-0.36925383462115097,0.24805289662860877,0.3879829316111175,0.152369968861723,-0.09548302771691078,-0.2194979433360243,-0.06696651674162919,0.23077691923269134,0.4738323146119248,0.4991811786414485,0.21101756813900743,-0.1342021297043786,-0.07925268135163188,0.34940991042940067,0.31664936762388035,0.15472263868065966,0.1400453619344174,-0.13995310037289047,-0.05245838619151962,-0.14216737784953676,-0.06625148963979549,-0.24084111790258717,-0.08095952023988005,-0.28191288970899164,-0.06826586706646677,-0.31627263291431207,0.24517741129435283,0.25993157267520084,0.5398300849575213,-0.21859070464767616,0.012147772267712298,-0.36725483412140086,-0.23041556145004422,-0.23927267135662939,-0.2648060585092069,0.4656748548802522,0.3042017452812055,-0.09682850882251182,-0.005666397570445547,0.39780109945027486,0.352969669011648,0.6000845730980664,0.4046976511744128,0.2452850497828009,0.343182255026333,0.33588590320224504,0.12584476992273094,0.21410064198669895,-0.06100026909622112,0.013723907277130666,-0.26779687079537157,0.30154922538730633,0.5406604390112636,-0.06875024026448315,0.02765540306769692,0.09952715949717449,-0.06677430515511475,0.07294814131395841,-0.4655287740745012,-0.4124091800253719,0.10564717641179411,0.29723599738592243,0.16076577096067352,0.030784607696151923,-0.18317764194825664,-0.08854034521200937,-0.43863452888940146,-0.4122784761465421,0.030607773036558643,0.15795179333410217,-0.2574712643678161,-0.45943951101372393,-0.4086495213931496,-0.30563179948487296,-0.019597893361011802,-0.10907623111521163,-0.1091531157498174,-0.3051474262868566,-0.25925498789067003,-0.3570291777188329,-0.16354899473340254,0.09372236958443855,-0.2553646253796179,-0.20372890477838004
#102,-0.4478683735055549,0.1865221235536078,-0.09715911275131665,-0.12908161303963403,-0.03188405797101449,0.06444470072655979,0.5555606811978626,-0.42130473224925996,-0.13510936839272672,-0.0010533194940991043,0.10312536039672471,0.0855725983162265,-0.023534386652827432,0.3230999884673048,0.7983008495752124,1.0,-0.06918848268173605,-0.2087033406373736,0.25737131434282856,0.6029369930419406,0.40762695575289276,0.46676661669165415,-0.22123553607811478,0.3387075692922769,-0.24407027255602967,-0.02249644408564948,-0.4552569868911698,-0.3885365009802791,0.094660362126629,0.24802214277476647,-0.036943066928074426,-0.29685157421289354,-0.2327605428055203,-0.05046707415523008,0.03561296274939453,0.4458001768346596,0.37332103179179643,0.29675162418790607,-0.0913235689847384,-0.0476684734555799,0.23659708607234844,0.28508053665474953,0.2086802752469919,0.3852689040095337,-0.10360973359474109,0.13141890593164957,-0.11878676046592089,-0.0050590089570599316,-0.284580786529812,-0.0166378349286895,-0.2972206204590013,-0.09706685118978972,-0.39504862953138814,0.15970476300311381,0.2264406258409257,0.5211701841386999,-0.16177295967400915,0.16448698727559297,-0.3490793065005959,-0.20844962134317457,-0.29053165724829894,-0.3361319340329835,0.42009764348594936,0.3363933417906431,-0.285072848191289,-0.04262484142544112,0.43003113827701533,0.41021796793910736,0.4450774612693653,0.5486718179371852,0.02138161688386576,0.2441240918002537,0.2654211355860531,0.2273555529927344,0.17485103602045132,0.02072809748971668,-0.11114442778610695,-0.17432822050513205,0.24356283396763156,0.491531157498174,0.07699227309422212,0.0975127820705032,0.17435128589551377,0.045846307615423056,0.17235228539576367,-0.46371429669780495,-0.3167031868681044,0.10814592703648176,0.28072117787260215,0.22672509898896706,0.20365202014377426,-0.2145311959404913,-0.1162956983046938,-0.390266405258909,-0.3741667627724599,-0.05193557067620036,-0.05250451697228309,-0.35912812824357054,-0.39786260715795946,-0.5386998808288164,-0.41977472802060506,-0.1190866105408834,-0.18187829162341906,-0.09155422288855572,-0.32286164610002693,-0.3116903086918079,-0.35439972321531543,-0.23075385384230962,0.021635336178064814,-0.2596778533810018,-0.12217737285203552
#201,0.3112213124207127,0.23026179218083265,0.7136201130204128,0.6293622419559451,-0.1262676354130627,0.302756314150617,-0.018129396840041518,0.3046630530888402,0.0237496636297236,0.6840118402337293,0.3307961403913428,0.15506093107292507,0.35539153500172993,-0.20487448583400608,0.05318879022027448,-0.06918848268173605,1.0,0.6990658516895398,0.13807711528850958,-0.2624072579095068,-0.2591704147926037,-0.401637642717103,0.4052742859339561,0.04381655326183062,0.30297927959097376,0.16725483412140082,0.2625840925691001,0.06313766193826163,0.31247453196478686,0.10450928381962865,0.4853726982662515,0.4763233767731519,0.6960750394033752,0.40358282397262907,0.1503940337523546,-0.1346019298043286,0.10753084995963556,-0.32914312074731866,-0.18273171106754316,0.02934686502902395,0.2004074885634106,-0.010064198669895821,-0.1750893783877292,-0.5520854957136816,-0.4844423941875216,-0.37899511782570255,0.04937531234382809,-0.038380809595202396,0.025172029369930418,-0.1841463883442894,0.30085726367585436,0.12244646907315573,0.29939645561834466,0.15874370507054164,-0.3092530657748049,-0.22907776880790373,-0.47296351824087957,-0.6636066582093568,-0.23788105947026486,-0.1837312113174182,-0.1823780417483566,0.21848306615922808,-0.19740129935032483,-0.060446699727059544,0.3948564179448737,0.05142813208780225,-0.23648944758390036,-0.14458924383961866,0.1868681044093338,-0.10586245338869027,0.37397455118594547,0.29499096605543385,-0.1444047207165648,0.08039057394379734,-0.2868027524699189,-0.00873409449121593,-0.0509360704263253,-0.17688079037404375,0.19314957905662553,-0.11314342828585708,-0.0699188867104909,-0.024826048514204436,-0.3128282012839734,-0.044154845654096025,-0.2668281243993388,-0.03313727751508861,0.08248183600507439,0.3038865182793219,0.1696920770384039,0.033152654442009766,-0.3569830469380694,0.12146234575020182,-0.41199400299850075,0.10021143274516588,-0.12449160035366932,0.6997347480106101,0.37374389728212815,0.7436281859070465,0.4333371775650636,0.575512243878061,0.5777418982816284,0.8023065390381732,0.47262522584861416,0.6449467573905355,0.4286779687079537,0.6552031676469457,0.5482258870564718,-0.15632183908045977,0.16554030676969209,-0.1617960250643909,-0.18534578864413948
