,#10,#11,#12,#13,#17,#18,#26,#49,#50,#51,#52,#53,#54,#58,#101,#102,#201,#202,#301,#302,#401,#402,#501,#502,#601,#602,#701,#702,#801,#802,#901,#902,#1001,#1002,#1101,#1102,#1201,#1202,#1301,#1302,#1401,#1402,#1501,#1502,#1601,#1602,#1701,#1702,#1801,#1802,#1901,#1902,#2001,#2002,#2101,#2102,#2201,#2202,#2301,#2302,#2401,#2402,#2501,#2502,#2601,#2602,#2701,#2702,#2801,#2802,#2901,#2902,#3001,#3002,#3101,#3102,#3201,#3202,#3301,#3302,#3401,#3402,#3455,#3501,#3502,#3601,#3602,#3701,#3702,#3801,#3802,#3901,#3902,#4001,#4002,#4101,#4102,#4201,#4202,#4301,#4302,#4401,#4402,#4501,#4502,#4601,#4602,#4701,#4702,#4801,#4802
#10,1.0,0.3956406412178526,0.29413754661130975,0.3143582055126283,0.17614269788182832,0.2261023334486603,0.029162341905970092,0.42713258755237765,0.1718294698804444,0.2625072079344943,0.14244416253411757,0.24251720293699305,0.012624457002268098,-0.0323223003882674,-0.1648175912043978,0.26637450505516475,0.18719870833813862,0.23619728597239842,0.02436474070656979,0.09579825471879445,-0.0339906969592127,0.152223888055972,0.02075116288009841,0.1987698458463076,-0.06770460923384461,0.044316303386768154,0.04188674893322569,0.008787913735439972,-0.2177680390573944,-0.19749356091185177,0.10084188674893323,0.019151962480298313,0.1945181255526083,-0.2711105985468804,-0.04865259677853381,-0.1943489793564756,-0.037865682543343715,-0.21560758082497214,-0.22515665244300925,-0.18909775881290125,-0.06979587129512167,-0.08229731288202052,0.03638180909545227,-0.03976473301810633,-0.08951678007150271,0.08772536808518817,-0.07879137354399723,-0.11257448198977435,0.1802637142966978,0.1780186829662092,0.16024295544535425,0.07349402221965941,0.134394341290893,-0.040395187021873676,-0.11627263291431207,-0.04500826509822012,-0.24862953138815208,-0.05577211394302849,0.0015684465459577903,-0.05697920270633914,-0.18282397262907008,-0.24764540806519816,-0.29447583900357516,-0.33822319609426055,0.04517741129435282,0.029946565178948985,-0.10959904663053088,-0.04604620766539807,-0.12127782262714797,-0.16683965709452966,0.04458539960788836,0.08729481413139584,-0.13650098027909122,0.24451620343674316,0.006635143966478299,0.059116595548379655,-0.23482873947641564,-0.1118748318148618,-0.22012070887633106,0.07657709606735094,0.11711836389497558,0.2044516203436743,0.12645215853611655,0.03697382078191674,-0.04907546226886557,-0.005658709106984969,-0.06180755775958175,0.3080613539384154,-0.03005420366739707,0.007127205627955253,0.04557721139430285,0.08575712143928035,-0.028854803367546995,0.07931418905931649,-0.13703148425787107,-0.046553646253796176,-0.12156229577518933,0.20848806366047745,0.10926844270172606,-0.025533387152577556,0.013762349594433553,0.09997309037788799,0.2136470226425249,-0.007703840387498558,0.059770114942528735,0.03974935609118518,0.04080267558528428,-0.17891823319109676,-0.049306116172682886,-0.19110444777611194,-0.2683581286279937
#11,0.3956406412178526,1.0,0.3873909199246531,0.28234344366278397,-0.14871794871794872,-0.1098297005343482,0.3671625725598739,0.254434321300888,0.297497405143582,0.39282666359128127,0.37098373889978087,0.005074385883981086,-0.024887556221889054,-0.04392419175027871,-0.1280052281551532,0.3656633221850613,0.23781186329911966,0.3363087686925768,0.012409180025371929,0.15795179333410217,0.03204551570368662,0.24176373351785646,0.023073078845192788,0.13367162572559874,0.14357436666282244,0.08282012839733979,0.31828701034098333,0.19188867104909083,-0.21475416138084805,-0.15441510014223658,0.046991888671049094,-0.32879713989159265,0.01732210817668089,-0.2823511321262446,-0.28185138200130705,-0.305339637873371,-0.3054780302156614,-0.4941452350747703,-0.3917733440971822,-0.12186983431361242,-0.23245300426709722,-0.2790066505208934,-0.1459039710913774,-0.21866758928228194,0.060746549802022064,0.11608810979125822,0.01791411986314535,0.05123592050128782,0.11471187483181486,0.18183984930611619,0.27528543420597396,0.17176796217275977,0.1634951754891785,0.12176988428862492,-0.2241263983392919,-0.07910660054588091,-0.149986545188944,-0.10828431937877216,0.014992503748125937,0.01380079191173644,-0.23305270441702225,-0.37253680851881754,-0.34999423365240456,-0.06082343443662784,0.16222657901818321,0.30184907546226886,0.016122707876830816,0.04273247991388921,-0.07862991581132511,-0.13258755237765732,0.19820858801368546,-0.0408641832929689,-0.13510936839272672,-0.07327874524276323,-0.2290623918809826,-0.1563525929343021,-0.3659708607234844,-0.32387652327682315,-0.1622650213354861,0.010840733479414139,0.08867873755429977,-0.11180563564371661,0.05760196824664591,-0.06648214354361281,-0.1784569253834621,-0.051458885941644564,-0.08491139045861684,0.13274132164686886,0.007088763310652366,-0.004328604928305078,-0.19995386921923652,0.11239764733018107,-0.04899857763425979,0.04684580786529812,-0.09924268634913312,0.25038250105716375,-0.001107138738323146,0.1934724945219698,0.28463460577403604,-0.03529004728405028,0.1969707453965325,0.010448621842924692,-0.000438242417252912,0.04664590781532311,0.1726444470072656,0.11424287856071964,0.07225617960250644,-0.21559220389805098,-0.25152039364932915,-0.25170491677238305,-0.1758428478068658
#12,0.29413754661130975,0.3873909199246531,1.0,0.35831315111674933,-0.29917349017798794,0.16837734978664515,0.2830969130819206,0.01249375312343828,-0.024679967708453467,0.40794218275477645,0.21573059624034135,-0.23152270018836735,0.0685272748241264,-0.09029331488102103,-0.2745242763233768,0.26337600430553954,0.5733287202552569,0.8408564948295083,0.023949563679698613,0.14391265905508785,-0.2132702879329566,0.03838849805866298,0.2937761888286626,0.1259600968746396,-0.08978587629262291,0.12772075500711183,0.29289970399415677,0.18803675085534155,-0.13185714834890247,-0.2801983623572829,-0.009479875446891939,-0.24323223003882674,0.343182255026333,0.023611271287433205,-0.4807519317264445,-0.3833467881443893,-0.43550532426094646,-0.4706492907392458,-0.4562564871410449,-0.04335524545419598,-0.4432552954292085,-0.40430553953792336,-0.3666474455080152,-0.34468150540114556,-0.18470764617691154,0.09539845461884443,0.055380002306539035,0.0023911121362395725,0.17477415138584554,0.3012109329950409,0.3366163072309999,0.37309806635143966,0.40677353630876867,0.4542728635682159,-0.2855495329258448,0.24057971014492754,-0.36603236843116904,-0.378149386845039,0.02363433667781494,0.0404566947295583,-0.1503248375812094,-0.2700880329066236,-0.5470341752200822,-0.16031984007996003,0.4647599277284435,0.3234997885672548,-0.2665590281782186,-0.07718448468073655,0.034182908545727135,0.03329873524776074,0.5470726175373851,0.4479298812132395,-0.08901702994656518,0.13417906431399684,-0.31338945911659555,-0.15432283858070964,-0.3446507515473033,0.030600084573098065,-0.11906354515050167,0.22867028024449315,-0.06696651674162919,-0.08268942451850998,0.15383846538269327,-0.22862414946372966,-0.3549840464383193,-0.15177026871179794,-0.162503363702764,0.13537846461384692,-0.17572752085495713,-0.2627839926190751,-0.3108215123207627,0.011832545265828625,0.009956560181447738,0.09888901702994657,-0.08598777534309768,0.4525660246799677,0.21850613154960982,0.6139391842540268,0.4370507054165225,0.12813593203398302,0.3239918502287318,0.4324299388767155,0.18344673816937684,0.4723023103832699,0.4276246492138546,0.3100065351939415,0.23635105524160996,-0.1961942105870142,-0.1062930073424826,-0.00553569369161573,0.0223196094260562
#13,0.3143582055126283,0.28234344366278397,0.35831315111674933,1.0,0.10082650982201206,0.18173989928112866,0.14546572867412447,-0.03500557413600892,0.0829508322761696,0.4560796524814516,0.1357551993234152,0.046115403836543264,-0.002114327451658786,-0.0848960135316957,-0.10157229077768808,0.04561565371160574,0.411171337408219,0.10631607273286434,-0.07154884096413332,-0.05178948987044939,-0.1347787644639219,0.02970053434821051,-0.05582593318725253,0.10477838004074885,-0.236204974435859,0.0679813939184254,0.12735939722446468,0.10350978356975359,-0.12157767270211048,0.021074078345442664,-0.12913543228385807,-0.0592396109637489,0.11700303694306693,-0.13216468688732558,-0.14468919386460616,-0.07629262291930958,-0.10376350286395264,-0.03504401645331181,-0.22169684388574942,0.0593395609887364,-0.11648790989120825,-0.06652827432437627,-0.10567793026563642,0.12324606927305579,-0.04251720293699304,0.07630799984623073,0.01921347018798293,0.08687194864106408,0.22648675662168916,0.3315342328835582,0.42355745204320916,0.27177180640449006,0.3781263214546573,0.17242148156690884,-0.16712413024257103,0.00784223272978895,-0.32474531964786835,-0.13819244224041824,0.07267135662937761,-0.045031330488601855,-0.07926036981509245,-0.18004074885634105,-0.07110291008341983,-0.11594971744896783,0.06841194787221774,-0.033144965978549185,-0.023565140506669743,-0.14867950640064584,-0.18944373966862724,-0.18724483911890208,-0.08536500980279091,0.058816745473417135,-0.24617691154422788,0.020981816783915735,-0.20372890477838004,-0.2592088571099066,-0.20572790527813017,-0.011747972167762273,-0.018344673816937686,0.1282743243762734,0.24999038942067428,0.11552685195863607,-0.16125014415868988,-0.16734709568292777,-0.15318494598854418,-0.012601391611886364,0.03983392918925153,0.19178872102410333,-0.15970476300311381,0.09220005381924422,-0.24417791104447775,0.1417522008226656,-0.14305923961096376,0.19246530580863414,0.14608849421443124,0.01051012955060931,0.0016453311805635644,0.16567101064852188,0.21578441548456542,0.00932610617768039,0.16055049398377735,0.14195978933610118,-0.12143928035982009,0.175566063122285,0.17987160266020835,0.10823050013454812,0.06654365125129742,-0.12128551109060855,-0.15183946488294314,-0.03708145927036482,0.08418867489332257
#17,0.17614269788182832,-0.14871794871794872,-0.29917349017798794,0.10082650982201206,1.0,0.446138469226925,-0.125006727405528,0.23009264598469995,-0.07902202744781456,-0.09484488524968285,0.1012955060931073,0.538507669242302,0.15673701610733096,0.24061815246223042,-0.31284357821089454,-0.484526967285588,-0.1040864183292969,-0.3932418406181525,-0.297043785799408,-0.2562334217506631,-0.3313343328335832,-0.35925883212240034,-0.1798946680505901,-0.10397109137738823,-0.04578479990773844,-0.13808480375197016,-0.19256525583362166,-0.06759697074539653,-0.06665128973974552,0.2218813670088033,0.13959174259024335,0.30832276169607503,0.09553684696113482,0.1639026640525891,0.2675354630377119,0.2262022834736478,0.30965286587475493,0.5103448275862069,0.40252181601506937,0.02111252066274555,0.44760696574789527,0.2418175527620805,0.4261023334486603,0.4281782185830162,0.32045515703686617,-0.07653096528658748,0.21260139161188638,0.06578249336870026,0.00013070387882981586,-0.13478645292738245,-0.04340906469842002,-0.24047207165647946,0.03805789412985815,-0.2992119324952908,-0.13248760235266982,-0.10663129973474801,0.13774651135970475,0.16517894898704494,0.32481451581901355,0.10103409833544766,0.28596470995271595,0.2743397532003229,0.5410986814285165,0.07304040287548533,-0.1251374312843578,-0.30085726367585436,0.282543343712759,-0.1044247107215623,-0.34461999769346097,0.07289432206973437,-0.28242801676085033,-0.12368431169030869,-0.20934917156806213,0.15642947756890785,0.2597854918694499,0.14156767769961173,0.04629223849613655,0.09106216122707878,0.15503017721908277,0.010348671817937185,0.26166916541729135,0.5284280936454849,-0.07928343520547419,0.12313074232114712,0.5883135355399224,0.3510091108292008,0.3110214123707377,0.29685157421289354,0.1199015876677046,0.5080921077922577,0.6085572598316227,0.45986237650405565,0.27963710452466073,0.1171798716026602,0.1580056125783262,-0.3315496098104794,-0.09478337754199823,0.018490754622688656,-0.13251066774305156,0.14748010610079576,0.11508092107792257,-0.02650213354861031,0.03891131357398224,-0.050536270326375275,-0.09778956675508399,0.09290739245761735,0.22813208780225272,0.2496367201014877,0.2568484988275093,0.07947564679198862,0.12439165032868181
#18,0.2261023334486603,-0.1098297005343482,0.16837734978664515,0.18173989928112866,0.446138469226925,1.0,0.001699150424787606,0.006442932379963864,0.06114634990197209,0.21045631030638526,0.15758274708799447,0.4270480144543113,0.2752239264982893,0.09267673855380003,-0.30979125821704534,-0.23138430784607697,0.13313343328335833,0.12314611924806827,-0.191558067120286,-0.18343904970591626,-0.30643908814823356,-0.3224464690731557,0.042663283742744015,0.09310729250759235,-0.08545727136431784,-0.0654980202206589,0.03977242148156691,0.13687002652519895,-0.049552147003421365,0.11337408218967439,0.049252296928458845,0.160465920885711,0.3168646446007765,0.1551147503171491,0.07895283127666936,0.17008418867489333,0.025802483373697768,0.16109637488947834,0.0775074001460808,-0.08974743397532003,0.20169915042478762,0.025010571637258294,0.11877907200246031,0.22016683965709452,0.19304962903163803,-0.08898627609272287,0.1542382654826433,0.13940721946718948,0.12133933033483259,0.15426133087302502,0.126298389266905,0.10424018759850844,0.2864260177603506,-0.009833544766078499,-0.17146811209779725,-0.0019605581824472377,-0.14448929381463116,-0.20641217852612156,0.2511129050859186,0.18997424364740706,0.15762887786875793,0.0752623688155922,0.10355591435051704,-0.05417291354322839,0.10798446930380963,-0.06414485065159728,-0.03515165494175989,-0.23520547418598392,-0.18666051589589822,0.055249298427709224,0.12372275400761158,0.26061584592319226,-0.2931995540691193,0.08287394764156383,-0.06442163533617806,0.036089647483950334,-0.207350171068312,-0.025740975666013147,0.23786568254334373,0.14148310460154537,0.11673394072194672,0.2799677084534656,0.006804290162611002,-0.057755737515857455,0.24408564948295083,0.14315150117249067,0.20184523123053857,0.20824203282973897,0.015184715334640372,0.2730173374851036,0.2733171875600661,0.36857724983662016,0.2555337715757506,0.2519817014569638,0.2434244416253412,0.006104639987698459,-0.014769538307769193,0.20730404028754854,0.04975204705339638,0.1864221735286203,0.19780878791373543,0.0862568715642179,0.005643332180063815,0.1990850728481913,0.15391535001729903,0.3609733594741091,0.3440894937146811,0.14023757352093183,0.022342674816437934,0.15081689924268635,0.14548110560104563
#26,0.029162341905970092,0.3671625725598739,0.2830969130819206,0.14546572867412447,-0.125006727405528,0.001699150424787606,1.0,0.07549302271940952,0.26171529619805484,0.5611578825971629,0.37473570906854264,0.0432783608195902,0.27145657940260637,0.04730711567293276,-0.007519317264444701,0.06895014031445816,0.2685657171414293,0.29705147426286854,0.07399377234459693,-0.20924922154307463,-0.1130972975050936,-0.03921116364894476,0.24425479567908354,0.03931880213739284,0.01741436973820782,0.01027947564679199,0.007680774997116826,-0.007011878676046592,0.13264906008534194,-0.001999000499750125,0.06835044016453312,0.012240033829239227,0.24942913158805213,0.09810479375696766,-0.1610733094990966,-0.09245377311344327,-0.14953292584476993,-0.062676354130627,-0.04544650751547303,0.08977818782916235,-0.1513704686118479,-0.01619959251143659,-0.07794564256333372,0.020382116633990695,0.12190058816745473,-0.045415753661630726,-0.24075654480452083,-0.12873563218390804,-0.15463037711913274,-0.011648022142774767,0.09083919578672202,0.1098297005343482,-0.06123092300003844,0.05514165993926114,-0.18365432668281245,-0.14684196363356783,-0.0697497405143582,-0.11606504440087649,0.11573444047207165,0.025533387152577556,-0.09341483104601546,-0.20341367777649635,-0.1289893514781071,0.09054703417522009,-0.04754545804021067,0.022158151693384077,0.16173451735670627,0.3161034867181794,0.15524545419597893,-0.028800984123322954,0.26180755775958175,0.011032945065928574,-0.015323107676930766,-0.3128820205281974,-0.22128935532233884,-0.06418329296890017,-0.14717256756237265,-0.15616038134778765,0.2688963210702341,0.1671395071694922,0.12985814784915234,0.04882943143812709,0.08428862491831007,-0.10549340714258255,-0.1396686272248491,-0.13567831468880945,-0.05651789489870449,0.19307269442201977,0.06147695383077692,0.050805366547495484,-0.10257179102756314,0.12335370776150387,0.12755160881097913,0.12464536962288086,0.10128781762964671,0.25039787798408486,0.19286510590858416,0.09632875869757429,0.011332795140891094,-0.1984315534540422,0.07239457194479683,0.146511359704763,0.06992657517395148,0.035982008995502246,0.24300157613500942,0.09514473532464537,0.1285434205973936,-0.052358436166532116,-0.18190904547726136,0.03558220889555223,0.09919655556836966
#49,0.42713258755237765,0.254434321300888,0.01249375312343828,-0.03500557413600892,0.23009264598469995,0.006442932379963864,0.07549302271940952,1.0,0.2776381040249106,0.045077461269365314,0.23968784838350055,0.49090839195786723,0.31631876369507556,0.09661323184561565,0.0385499557913351,-0.1027255602967747,0.08027524699188868,0.0029985007496251873,0.1404144081805251,-0.09303040787298658,0.01148656441010264,-0.18238573021181717,0.012662899319570984,-0.24039518702187368,-0.06112328451159036,-0.15041709914273632,-0.2557874908699496,-0.27559297274439704,0.18821358551493483,-0.0947603121516165,0.28933994541190944,0.018229346865029025,0.15850536270326376,-0.18885172798216276,0.11237458193979934,-0.08049821243224542,0.14162149694383577,0.12881251681851383,-0.015138584553876908,0.014085265059777804,0.052573713143428284,0.2110944527736132,-0.13788490370199516,-0.04101795256218045,-0.13291815630646214,0.06268404259408757,-0.13559374159074308,-0.17248298927459346,-0.08746396032752854,-0.1634951754891785,-0.17346711259754738,-0.28178218583016185,-0.25431899434897937,-0.24917541229385307,0.08637219851612656,-0.15095529158497675,0.09888901702994657,-0.010194902548725637,-0.16456387191019875,-0.39893130357897977,-0.20895705993157268,-0.09994233652404567,0.004274785684081036,-0.11425825548764079,0.03297581978241648,0.09182331910967594,0.17963326029293045,0.054941759889286124,0.039926190750778454,0.028793295659862377,0.07504709183869604,-0.07638488448083651,-0.06021604582324223,-0.012739783954176758,0.08462691731057548,0.07915273132664437,-0.120585860915696,-0.20515127051858686,-0.1070772306154615,-0.10580863414446623,0.19556375658324684,0.25003652020143774,0.04420866489832007,0.5762964671510399,0.26650520893399454,0.30113404836043517,-0.164686887325568,0.2793218775227771,0.16397954868719486,0.0715565294275939,-0.005873986083881137,-0.04883711990158767,-0.2580863414446623,-0.15719063545150502,-0.4187290969899666,-0.012386114634990198,-0.20872640602775536,0.12859723984161767,-0.03297581978241648,-0.1261984392419175,0.04421635336178065,0.12839733979164264,0.09046246107715374,0.052904317072233115,0.010171837158343905,-0.07712297697305194,0.06661284742244263,-0.1110598546880406,0.02344981355476108,-0.2483527467035713,-0.30753853842309614
#50,0.1718294698804444,0.297497405143582,-0.024679967708453467,0.0829508322761696,-0.07902202744781456,0.06114634990197209,0.26171529619805484,0.2776381040249106,1.0,0.3893822319609426,0.28807903740437474,0.2649905816322608,0.36898473840003077,0.02502594856417945,0.4214354361280898,0.1248683350632376,0.1708761004113328,0.004582324222504133,0.20637373620881866,-0.08350440164533118,0.3168646446007765,0.01498481528466536,0.0646830430938377,0.02052050897628109,0.03094606542882405,0.031022950063429824,-0.06705108983969554,-0.11308960904163302,0.19276515588359666,-0.006873486333756199,-0.062199669396071196,-0.09599046630530889,-0.08228962441855996,-0.16194210587014185,0.03384461615346173,0.07633106523661247,0.07037250605466497,0.020243724291700304,-0.02700188367354784,0.08260485142044363,0.0006765847845308116,0.29402221965940106,-0.14822588705647177,0.15180102256564026,0.018167839157344403,0.0725406527505478,-0.3781647637719602,-0.2666589782032061,-0.1362703263752739,0.05241225541075616,0.004997501249375313,0.014046822742474917,-0.14518894398954368,0.01160957982547188,0.23871141352400724,-0.049113904586168454,-0.07106446776611694,-0.13118056356437166,-0.25905508784069503,-0.2562795525314266,-0.3351093683927267,-0.2833275669857379,-0.1315726752008611,-0.2520585860915696,-0.13889978087879137,0.1346711259754738,0.028985507246376812,0.07084919078922078,0.2256564025679468,0.19361088686426017,0.053996078883635105,0.02624072579095068,0.13094222119709376,-0.14101410833045017,-0.045523392150078806,-0.1517548917848768,-0.1455887440894937,-0.38054818744473917,0.07259447199477184,0.006934994041440818,0.00595087071848691,-0.1321877522777073,-0.061192480682735556,0.17796486372198517,-0.1698612232345366,-0.1322569484488525,-0.142290393264906,0.15262368815592203,0.1453196478683735,-0.08591857917195249,-0.11336639372621382,-0.08908622611771037,-0.19985391919424902,-0.14784146388344288,-0.2250797678084035,0.10261023334486603,-0.07021873678545343,-0.1966632068581094,-0.14780302156614,-0.21160957982547188,-0.02964671510398647,-0.15915119363395225,-0.2835428439626341,-0.19769346096182677,-0.0817591204397801,-0.20947987544689195,-0.204766847345558,-0.27334025295044784,-0.42654826432937376,-0.11770268711797947,-0.4542267327874524
#51,0.2625072079344943,0.39282666359128127,0.40794218275477645,0.4560796524814516,-0.09484488524968285,0.21045631030638526,0.5611578825971629,0.045077461269365314,0.3893822319609426,1.0,0.4011840233729289,0.16279552531426594,0.3032560642755545,0.12782070503209933,-0.01353169569061623,0.07296351824087956,0.5173413293353323,0.2806212278476147,-0.03258370814592704,-0.19091223618959752,-0.01856763925729443,0.03392918925152808,0.25038250105716375,0.1489255372313843,-0.005666397570445547,0.015284665359627879,0.21179410294852574,0.06355283896513282,-0.008226655902817822,-0.1265059777803406,-0.24410871487333258,-0.17876446392188522,0.14972513743128435,-0.0884634605774036,-0.2304463153038865,-0.29883519778572254,-0.17925652558336216,-0.25129742820897244,-0.17669626725098989,-0.05635643716603237,-0.11259754738015608,-0.08114404336293392,-0.08281243993387921,-0.020189905047476264,0.1333487102602545,0.018413869988082882,-0.3382078191673394,-0.20457463575904355,-0.01530773075000961,0.23711990158766771,0.20834967131818707,0.23151501172490677,0.10530119555606812,0.1396378733710068,-0.1770960673509399,-0.15027870680044594,-0.1903663552838965,-0.3205935493791566,0.11255910506285319,0.020743474416637833,-0.3144350901472341,-0.3922961596125014,-0.30603159958482296,-0.15444585399607888,0.04498519970783839,0.027855303117671933,0.12781301656863875,-0.027870680044593088,-0.022734786452927383,-0.2607619267289432,0.211425056702418,0.16276477146042365,-0.03874985584131011,-0.12251566524430092,-0.2707031099834698,-0.1827855303117672,-0.289693614731096,-0.23886518279321878,0.26232268481144044,0.06412178526121555,0.10615461500019222,0.015715219313420212,0.011179025871679545,0.008280475147041864,-0.23318340829585207,-0.17024564640756545,-0.09975781340099181,0.2180678891323569,-0.04015684465459578,0.055549148502671744,-0.22635605274285933,0.09204628455003268,-0.0415100142236574,0.12836658593780034,-0.011125206627455503,0.3457502018221658,0.04303232998885173,0.15124745319647867,0.1121131741821397,-0.2572252335370776,0.020474378195517624,-0.009233844616153461,-0.07227924499288817,-0.04051051397378234,0.27646945757890284,0.03656633221850613,0.030446315303886518,-0.31084457771114443,-0.3245377311344328,-0.10992196209587514,-0.07344020297543535
#52,0.14244416253411757,0.37098373889978087,0.21573059624034135,0.1357551993234152,0.1012955060931073,0.15758274708799447,0.37473570906854264,0.23968784838350055,0.28807903740437474,0.4011840233729289,1.0,0.21206319916964594,0.46881943643562835,0.22750932226194595,-0.11414292853573213,-0.1212009379925422,0.14246722792449928,0.15204705339637872,-0.05418829047014954,-0.3606273786183831,-0.18377734209818167,-0.13223388305847075,0.3051012955060931,0.11718756006612079,0.4168377349786645,0.17373620881866758,0.22533348710260254,0.13030407872986582,0.13010417867989083,0.229600584323223,0.1598815976627071,-0.02138161688386576,0.17058393879983086,0.1566140006919617,-0.05482643293737746,-0.16514819513320264,-0.09133894591165956,-0.01934417406681275,0.102556414100642,-0.05165878599161958,-0.06363741206319917,0.004328604928305078,-0.07023411371237458,-0.13107292507592358,0.2953061930573175,-0.03673547841463883,-0.13941490793065006,-0.13162649444508515,0.09035482258870564,0.13163418290854573,0.05492638296236497,0.06632068581094068,0.030338676815438434,-0.001791411986314535,-0.2216737784953677,-0.1520931841771422,-0.06429093145734825,-0.25418060200668896,0.19920808826356054,0.2123553607811479,-0.2033367931418906,-0.31250528581862913,-0.15143197631953254,-0.03912659055087841,0.01747587744589244,0.020981816783915735,0.12802060508207436,0.10372506054664975,-0.1767270211048322,-0.21809864298619921,0.03438280859570215,-0.24968285088225117,-0.13683158420789604,-0.17748817898742936,-0.40225271979394916,-0.3803021566140007,-0.20783454426632839,-0.16096567101064851,0.37014569638257794,0.2645600276784685,-0.08722561796025065,0.007219467189482182,-0.16929996540191442,0.04133317956406412,-0.02431092146234575,-0.07926036981509245,-0.14229808172836658,0.10217199092761312,0.07126436781609195,0.2761004113327951,-0.026102333448660284,0.11126744320147619,0.06698958213201092,0.022727097989466805,0.02907776880790374,0.2905700995656018,0.2541882904701495,0.0034751854841809865,0.05255833621650713,-0.2901856763925729,0.19869296121170185,0.06051589589820475,0.10495521470034214,0.07793026563641256,0.3047322492599854,0.03324491600353669,0.16714719563295274,-0.2828739476415638,-0.15743666628224348,0.01581516933840772,0.024826048514204436
#53,0.24251720293699305,0.005074385883981086,-0.23152270018836735,0.046115403836543264,0.538507669242302,0.4270480144543113,0.0432783608195902,0.49090839195786723,0.2649905816322608,0.16279552531426594,0.21206319916964594,1.0,0.5012724407027256,0.25480336754699573,-0.0663821935186253,-0.276284934455849,0.043070772306154616,-0.3056779302656364,-0.19195786722023603,-0.3274824126398339,-0.09642870872256179,-0.2947603121516165,-0.10690039595586821,-0.12348441164033368,0.05411909429900434,-0.2722331142121247,-0.21782954676507899,-0.2651443509014723,0.08537269826625149,0.04084880636604774,0.1012570637758044,0.15519932341521547,0.045761734517356704,-0.064513896897705,0.321277822627148,0.17925652558336216,0.31570368661822934,0.3529542920847269,0.19739361088686427,-0.07699227309422212,0.32053973013493253,0.19161957482797062,0.309706685118979,0.3062468765617191,0.13633183408295851,-0.10902241187098759,-0.15109368392726713,-0.1295352323838081,-0.0361357782647138,-0.08800215276976896,-0.11541152500672741,-0.2757006112328451,-0.1350478606850421,-0.31754891784876793,0.038903625110521665,-0.19744743013108831,0.2049359935416907,0.13738515357705763,-0.015346173067312497,-0.20975666013147273,0.11712605235843616,0.06957290585476493,0.4090800753469419,0.020897243685849384,-0.3481797562757083,-0.2683581286279937,0.29311498097105293,-0.16863875754430477,-0.10094183677392073,0.04024910621612271,-0.18739091992465307,-0.09596740091492716,-0.01584592319225003,-0.10181832160842656,0.18320070733863839,0.09362241955945104,-0.005435743666628225,-0.12102410333294891,0.17864913696997656,-0.08223580517433592,0.3366855034021451,0.34070656979202707,-0.1065313497097605,0.45048245108215124,0.5538000230653903,0.39143505170491677,0.07382462614846423,0.3052627532387652,0.16432552954292085,0.2684119478722177,0.2942374966362972,0.26997270595471495,0.010763848844808365,0.06507515473032714,-0.13836927690001152,-0.1889055472263868,-0.3041479260369815,-0.12176988428862492,-0.3394072194671895,-0.1613116518663745,-0.05653327182562565,-0.04792219274977896,0.06261484642294238,-0.04498519970783839,-0.10681582285780186,-0.08494983277591973,0.0577403605889363,0.12302310383269903,0.007473186483681236,-0.00908776381040249,-0.07579287279437205
#54,0.012624457002268098,-0.024887556221889054,0.0685272748241264,-0.002114327451658786,0.15673701610733096,0.2752239264982893,0.27145657940260637,0.31631876369507556,0.36898473840003077,0.3032560642755545,0.46881943643562835,0.5012724407027256,1.0,0.3468496520970284,0.015876677046092337,-0.1958097874139853,0.14891016030446316,0.0038826740475915887,-0.13387921423903432,-0.43702764002614075,-0.1772421481566909,-0.4098642986199208,0.23294506592857417,-0.07034175220082267,0.10284088724868336,-0.09729750509360705,-0.18583785030561642,-0.1564525429592896,0.3652250797678084,0.06272248491139046,-0.08857878752931227,-0.12562949294583478,0.1895898204743782,0.019367239457194478,-0.07326336831584208,-0.03366009303040787,-0.1189174643447507,0.1617191404297851,-0.04259408757159881,-0.08803290662361127,0.12862799369545996,0.13792334601929804,-0.13083458270864567,0.03684311690308692,0.10636989197708838,-0.22484911390458617,-0.261730673124976,-0.21508476530965287,-0.16742398031753353,-0.016045823242225043,-0.02170453234921001,0.004374735709068543,-0.09848152846653596,0.03669703609733595,-0.015038634528889401,-0.1285434205973936,0.07946795832852804,-0.32675200861107906,0.09486795064006458,-0.05604889862760927,-0.13379464114096798,-0.16218044823741976,0.07915273132664437,0.053173413293353324,-0.14690347134125245,-0.19829316111175183,0.12872025525698688,0.19039710913773883,-0.08997039941567678,0.07943720447468573,-0.07128743320647368,-0.06898089416830047,-0.016399492561411603,-0.20152231576519433,-0.150186445238919,-0.05398839042017453,-0.09126206127705377,-0.12093184177142198,0.4961826778918233,0.2965594126013916,0.008749471418137086,0.15453042709414525,-0.014546572867412448,0.42441087148733325,0.16705493407142583,0.07287125667935263,-0.1194633452504517,-0.11957867220236036,0.12539115057855688,0.03563602813977627,0.0051205166647445505,0.09702072040902626,-0.09649021643024641,0.0027140276015838235,-0.11409679775496867,0.15479183485180487,-0.009310729250759237,0.031015261599969247,-0.06230730788451928,-0.28513435589897357,-0.05863222235036328,0.17869526775074002,-0.05029792795909738,0.0037058393879983087,0.1373313343328336,-0.11880982585630262,-0.022465690231807174,-0.17338253949948104,-0.08159766270710798,0.26965747895283126,0.12225425748664129
#58,-0.0323223003882674,-0.04392419175027871,-0.09029331488102103,-0.0848960135316957,0.24061815246223042,0.09267673855380003,0.04730711567293276,0.09661323184561565,0.02502594856417945,0.12782070503209933,0.22750932226194595,0.25480336754699573,0.3468496520970284,1.0,-0.24306308384269404,-0.3888055972013993,-0.17037635028639525,-0.11896359512551416,-0.29201553069619035,-0.35802867796870796,-0.39012032445315803,-0.39390304847576213,-0.06388344289393764,-0.2589782032060893,0.2639526390650828,-0.14410487064160227,-0.1843155345404221,-0.17207550071118288,0.23715065544151,0.3435205474185984,-0.026986506746626688,0.08093645484949832,-0.07201783723522855,0.011209779725521854,0.06928074424326298,0.1789412985814785,-0.03505170491677238,0.19906969592127013,0.19525621804482374,-0.13425594894860263,0.4159843155345404,0.3491715680621228,0.10267174105255064,0.043993387921423904,0.12590627763041556,-0.32182370353284895,-0.22986199208088265,-0.1557990235651405,-0.00011532695190866105,-0.04144850651597278,-0.09117748817898742,0.08800984123322954,-0.07058009456810056,-0.09695152423788106,-0.22887786875792873,-0.11498865951639564,0.1307269442201976,-0.21226309921962097,0.34843347556990734,0.17587360166070812,0.21064083342943912,0.11485026717410525,0.255672163918041,0.13702379579441049,-0.04883711990158767,-0.16347979856225733,0.3550455541460039,0.1305270441702226,-0.26663591281282434,-0.09330719255756736,-0.1734286702802445,-0.12872794372044746,-0.08239726290700804,-0.04213277976396417,0.061922884711490406,0.09094683427517011,0.1033329489101603,0.03443662783992619,0.3584592319225003,-0.022719409526006228,0.0761157882597163,0.3010571637258294,0.20482835505324262,0.15105524160996425,0.3268519586360666,0.2678122477222927,0.33244147157190634,-0.1598508438088648,0.29685926267635415,0.22809364548494984,0.354007611578826,0.467297120670434,0.18759850843808865,0.3119363395225464,0.23214546572867412,-0.07251758736016607,-0.1541690693114981,-0.00695805943182255,-0.11902510283319878,-0.2960596624764541,0.002114327451658786,-0.06797370545496483,0.09957329027793796,-0.14481989774343598,0.21563064621535386,-0.1283127666935763,0.016568638757544305,0.05599507938338523,0.07008034444316304,0.2744397032253104,0.35197016876177295
#101,-0.1648175912043978,-0.1280052281551532,-0.2745242763233768,-0.10157229077768808,-0.31284357821089454,-0.30979125821704534,-0.007519317264444701,0.0385499557913351,0.4214354361280898,-0.01353169569061623,-0.11414292853573213,-0.0663821935186253,0.015876677046092337,-0.24306308384269404,1.0,0.34036827739976167,0.010994502748625687,-0.22223503632798985,0.565724829892746,0.13634721100987968,0.7533464037212163,0.3125667935263138,0.03920347518548418,-0.05327336331834083,-0.016191904047976012,-0.008549571368162073,-0.1970399415676777,-0.481797562757083,0.29539076615538384,0.0032522200438242417,-0.110852266174605,0.14149848152846653,-0.27701533848460386,-0.21260139161188638,0.253488640295237,0.19080459770114944,0.3057163725829393,0.13037327490101103,0.16625533387152577,0.1829546765078999,-0.15257755737515857,0.19235766732018605,-0.07357859531772576,0.29653634721100985,-0.0731864836812363,0.05815553761580748,-0.37000730404028753,-0.44902164302464154,-0.24737631184407796,-0.3450121093299504,-0.31318187060315994,-0.37343635874370507,-0.4793449429131588,-0.29397608887863763,0.4949679006650521,-0.25183562065121284,-0.046422942374966365,0.004367047245607965,-0.5139891592665206,-0.5759735516856956,-0.377695767500865,-0.20087648483450582,0.06232268481144043,-0.026256102717871835,-0.31692615230846116,-0.10427094145235075,-0.08310460154538116,0.062461077153730823,0.5293891515780571,0.22305001345481107,0.02274247491638796,-0.029216161150194132,0.3261599969246146,-0.27428593395609885,0.10473993772344597,-0.0797216776227271,0.09735901280129167,-0.29372236958443854,-0.04872179294967901,-0.06881943643562834,-0.24540806519817016,-0.32225425748664127,-0.25235074770307153,0.056856187290969896,-0.30960673509399145,-0.2581709145427286,-0.4203513627801484,-0.11668012147772268,-0.028347364779148888,-0.37307500096105795,-0.3469496021220159,-0.5181716833890747,-0.6013993003498251,-0.5186637450505517,-0.4306615922807827,0.060423634336677814,-0.04139468727174874,-0.39454119094299006,-0.41903663552838966,-0.3031330488601853,-0.3939107369392227,-0.3402913927651559,-0.31212855110906085,-0.4047207165647945,-0.39504862953138814,-0.3425056702418022,-0.4576404105639488,-0.32183139199630956,-0.17664244800676585,-0.22846269173105754,-0.4739322646369123
#102,0.26637450505516475,0.3656633221850613,0.26337600430553954,0.04561565371160574,-0.484526967285588,-0.23138430784607697,0.06895014031445816,-0.1027255602967747,0.1248683350632376,0.07296351824087956,-0.1212009379925422,-0.276284934455849,-0.1958097874139853,-0.3888055972013993,0.34036827739976167,1.0,0.0858801368546496,0.35991235151654943,0.2542651751047553,0.3140967977549687,0.3241609964248645,0.6075039403375235,0.03342943912659055,0.36652443009264596,-0.07306346826586707,0.2396032752854342,0.1786645138968977,-0.15727520854957136,-0.15531465036712414,-0.25932418406181523,-0.10165686387575443,-0.24633068081343942,-0.09371468112097797,-0.3004728405028255,-0.2959212701341637,-0.30029600584323224,-0.257163725829393,-0.4887709991158267,-0.41354707261753737,-0.0361357782647138,-0.464913696997655,-0.480705800945681,-0.15562218890554722,-0.0674739553300273,-0.15981240149156192,0.25697151424287856,-0.0015069388382731711,-0.23457502018221657,0.070772306154615,-0.04196363356783147,0.04869872755929727,-0.060123784261715295,0.023073078845192788,-0.01886748933225695,-0.10856879252681352,-0.030661592280782687,-0.2119786260715796,0.09375312343828086,-0.4240418252412255,-0.2653211855610656,-0.23519778572252337,-0.2122477222926998,-0.2830507823011571,0.06103871141352401,0.0034521200937992543,0.09618267789182332,-0.28963210702341136,0.14699573290277937,0.2551877907200246,0.037973321031791796,0.19726290700803445,0.07517010725406527,0.2480144543113059,0.09316880021527697,0.08933994541190943,0.13534002229654404,-0.054895629108522664,-0.1440587398608388,-0.23734286702802446,0.23143043862684043,-0.12996578633760042,-0.2629377618882866,0.08622611771037558,-0.14997116826202284,-0.26153077307500094,-0.21270134163687388,-0.2664513896897705,-0.17491254372813594,-0.3326567485488025,-0.3610963748894783,-0.37085303502095107,-0.23580517433590897,-0.3334025295044785,-0.21481566908853267,-0.2922538730634683,0.1306961903663553,0.16793910736939222,-0.08145158190135701,-0.053396378733710066,-0.09922730942221197,-0.18052512205435745,-0.08863260677353631,-0.08787913735439973,-0.1154807211778726,-0.14818744473916887,-0.049475262368815595,-0.17901049475262368,-0.1932572175450736,-0.12156998423864991,-0.270772306154615,-0.33663168415792105
#201,0.18719870833813862,0.23781186329911966,0.5733287202552569,0.411171337408219,-0.1040864183292969,0.13313343328335833,0.2685657171414293,0.08027524699188868,0.1708761004113328,0.5173413293353323,0.14246722792449928,0.043070772306154616,0.14891016030446316,-0.17037635028639525,0.010994502748625687,0.0858801368546496,1.0,0.38965132818206283,0.19471802560258333,0.00900319071233614,0.07654634221350863,-0.06625917810325606,0.3747895283127667,0.07035712912774382,-0.07513166493676239,-0.09716680121477722,0.25834006073886134,0.104047976011994,0.05428055203167647,-0.38702187367854535,-0.22860108407334795,-0.29296890016530197,0.14519663245300427,-0.05137431284357821,-0.3920039980009995,-0.3293353323338331,-0.25282743243762734,-0.23921885211240534,-0.26952677507400147,0.08524199438742168,-0.33887671548840964,-0.1054780302156614,-0.23199169645946258,-0.045062084342444166,-0.025687156421789106,0.20055356936916158,0.05071310498596855,0.07452427632337677,0.07113366393726214,0.1978241648406566,0.3546841963633568,0.12635220851112905,0.2706416022757852,0.18859032022450314,-0.06622842424941376,-0.030623149963479798,-0.20358282397262906,-0.2620843424441625,0.04830661592280783,-0.12913543228385807,-0.32223119209625956,-0.37844923692000154,-0.406312228501134,-0.0018375427670779994,0.18583016184215584,0.040725790950678506,0.08744858340060739,-0.025779417983316035,0.3003113827701534,0.009787413985315034,0.41554607311728753,0.3806020066889632,-0.041263983392918924,0.009702840887248683,-0.3773651635720601,-0.35820551262830125,-0.4685580286779687,-0.12373044247107215,0.08596470995271595,0.12318456156537116,0.12965055933571676,-0.027647714604236342,0.10210279475646793,0.08055203167646946,-0.2769615192403798,-0.21961327028793295,-0.21423134586552878,0.31192865105908585,-0.056118094798754466,-0.1773651635720601,-0.4066274555030177,-0.12117018413869989,-0.16837734978664515,-0.10371737208318918,-0.2500980279091224,0.5391458117095298,0.06133087302502595,0.4547726136931534,0.20508976281090224,0.12100103794256718,0.09487563910352516,0.2941913658555338,-0.126644370122631,0.18964363971860224,0.11171337408218968,0.16991504247876063,0.02463383692769,-0.2212662899319571,-0.26555952792834353,-0.1596125014415869,-0.10267942951601122
