,#10,#11,#12,#13,#17,#18,#26,#49,#50,#51,#52,#53,#54,#58,#101,#102,#201,#202,#301,#302,#401,#402,#501,#502,#601,#602,#701,#702,#801,#802,#901,#902,#1001,#1002,#1101,#1102,#1201,#1202,#1301,#1302,#1401,#1402,#1501,#1502,#1601,#1602,#1701,#1702,#1801,#1802,#1901,#1902,#2001,#2002,#2101,#2102,#2201,#2202,#2301,#2302,#2401,#2402,#2501,#2502,#2601,#2602,#2701,#2702,#2801,#2802,#2901,#2902,#3001,#3002,#3101,#3102,#3201,#3202,#3301,#3302,#3401,#3402,#3455,#3501,#3502,#3601,#3602,#3701,#3702,#3801,#3802,#3901,#3902,#4001,#4002,#4101,#4102,#4201,#4202,#4301,#4302,#4401,#4402,#4501,#4502,#4601,#4602,#4701,#4702,#4801,#4802
#10,1.0,0.3603275285434206,0.49736670126475224,0.4619613270287933,0.228508822511821,0.3791335101679929,-0.15902048975512245,0.33602429554453545,-0.09965786337600431,0.25478799062007457,0.24180217583515934,0.25532618306231497,0.2421558451543459,-0.2087033406373736,-0.4990658516895398,-0.06957290585476493,0.4875485334255949,0.3727905278130166,-0.3597816476377196,-0.09968092876638604,-0.2626994195210087,-0.08617998692961212,-0.12727482412639834,0.1700226809672087,0.12631376619382617,0.08478837504324761,0.06336062737861839,0.3093299504094107,0.0016683965709452966,0.011970937608119018,0.2236420251412755,0.16105793257217546,0.3855380002306539,0.07403221466189983,-0.19499481028716412,-0.1356552492984277,-0.10160304463153039,-0.16762388036750855,-0.20339061238611464,-0.15727520854957136,0.1451581901357014,-0.12393803098450774,-0.11668012147772268,-0.3202014377426671,0.10566255333871526,0.06484450082650982,0.13696228808672586,0.09128512666743552,0.12975819782416484,0.21481566908853267,0.2758082497212932,0.2091185176642448,0.2109560604313228,0.05714834890247184,-0.01732979664014147,-0.1332103179179641,-0.005858609156959981,-0.16622458001768348,0.014000691961711453,-0.22844731480413638,0.017967939107369393,0.03465959328028294,-0.2835659093530158,-0.19121208626456002,-0.01922115865144351,0.03641256294929458,-0.2677046092338446,-0.24002614077576595,-0.12890477838004075,-0.05145119747818398,-0.13180332910467843,0.015269288432706724,-0.3435666781993619,-0.07834544266328375,-0.2715334640372122,0.09852765924729942,-0.2280013839234229,0.04290931457348249,-0.24918310075731365,-0.014792603698150924,0.27187944489293814,0.2990504747626187,,0.19228847114904085,0.0988736401030254,0.046138469226925,-0.016568638757544305,0.2700034598085573,0.09137738822896244,0.20369046246107717,-0.020282166609003192,0.1673394072194672,0.2203206089263061,-0.04574635759043555,-0.11998616076577096,0.024564640756544805,0.1360934917156806,0.26169223080767307,0.24639218852112404,0.2166378349286895,0.15483796563256833,0.455872063968016,0.4365048245108215,0.3895513781570753,0.34081420828047515,0.2699342636374121,0.23464421635336177,0.019667089532156998,0.20762695575289278,-0.11046015453811556,-0.05929343020797294
#11,0.3603275285434206,1.0,0.37918732941221694,0.38265482643293736,0.004543881905201245,0.12855110906085418,0.37392073194172143,0.19743205320416715,0.07542382654826434,0.4736016607081075,0.33800023065390383,-0.09281513089609042,0.10849959635566832,0.02149694383577442,-0.19246530580863414,0.18758313151116748,0.2437627340176066,0.13672394571944796,-0.057125283512090105,0.22777841848306615,-0.0992888171298966,0.1952023988005997,-0.08143620497443586,0.27770730019605583,-0.048737169876600164,0.11069849690539346,0.11818706031599585,0.004820666589782032,-0.0198362357282897,0.21869834313612424,0.017698842886249185,0.31232845115903585,0.2517587360166071,0.06682812439933879,-0.2693730058047899,0.07144120247568524,-0.1049321493099604,0.14009918117864145,-0.07212547572367663,0.060100718871333565,-0.07896051974012994,-0.12247722292699804,-0.208295852073963,-0.015200092261561528,0.058624533886902704,0.1699611732595241,0.1710760004613078,-0.09886595163956484,-0.005404989812785915,-0.0752623688155922,0.05847845308115173,0.20645830930688502,0.09150040364433168,0.07681543843462883,-0.07177180640449006,0.1326951908661054,-0.26246107715373085,-0.09523699688617229,-0.12013224157152193,-0.025625648714104485,-0.29718986660515895,-0.22379579441048705,-0.1357244454695729,-0.09786645138968977,0.008872486833506324,0.12845884749932726,-0.013239534079114289,0.1482873947641564,0.06782762464921385,0.08129012416868489,0.0004228654903317572,0.12879713989159267,-0.090639295736747,-0.04327067235612963,-0.15834390497059161,-0.22324991350478607,-0.17760350593933802,-0.14640372121631492,0.006120016914619613,0.19661707607734594,0.32263868065967016,0.03169184638450006,,0.07197170645446507,-0.15542228885557222,-0.24144850651597277,-0.2981970553184946,-0.14254411255910507,-0.0991504247876062,-0.07141044862184293,0.04447776111944028,-0.0638680659670165,0.08990120324453157,-0.21209395302348827,-0.2811132895090916,0.06652827432437627,0.21746050051897128,0.04075654480452082,0.24734555799023566,0.2789067004959059,0.08721024103332949,0.10454772613693153,0.23026948064429323,0.2680044593088071,0.14300542036673972,0.257363625879368,0.002452619843924192,-0.3108368892476838,-0.12437627340176066,-0.16490216430246415,-0.2005766347595433
#12,0.49736670126475224,0.37918732941221694,1.0,0.7772652135470726,0.12089339945411909,0.47658478453081154,0.00048437319801637643,0.1210317917964095,-0.4229577518932841,0.5285434205973936,0.54860262176604,0.03032329988851728,0.24864490831507324,-0.280013839234229,-0.5707146426786607,0.2060892630607773,0.606750470918387,0.6723484411640334,-0.2086033906123861,0.03207626955752893,-0.33217237535078614,0.1219774728020605,-0.04273247991388921,0.3383077691923269,-0.06258409256910007,-0.06885787875293123,0.316364894475839,0.3201476184984431,-0.22288086725867837,-0.2493753123438281,0.09143120747318649,-0.06147695383077692,0.5906969592127014,-0.08236650905316573,-0.5442663283742744,-0.32123938030984506,-0.45873986083881135,-0.374820282166609,-0.5434513512474533,-0.34650367124130244,-0.049821243224541574,-0.15759812401491563,-0.3467804559258832,-0.3320493599354169,-0.02590243339868527,-0.16566332218506133,0.5289124668435013,0.35024026448314305,0.3714219813170338,0.20347518548418098,0.2358666820435936,0.5440587398608389,0.38216276477146044,0.45479567908353513,0.009156959981547688,-0.022165840156844654,-0.4245569522930842,-0.348894783377542,-0.465405758659132,-0.0232729788951678,0.08784838350055742,0.29787413985315037,-0.5065544151001422,-0.40106100795755967,0.1891438895936647,0.26186906546726635,-0.2521200937992542,-0.1236151155191635,-0.017337485103602047,0.008726406027755353,0.17518932841271673,0.26898858263176106,-0.3817937185253527,0.16443316803136893,-0.28013685464959825,0.0007457809556760082,-0.1595817475877446,0.21634567331718757,-0.36422557951793333,0.08498827509322263,0.34095260062276556,0.2847653096528659,,0.10848421942874717,-0.11716449467573906,-0.05351170568561873,0.009848921692999654,-0.04543113058855188,0.07953715449967325,0.10698496905393456,-0.04483143043862684,-0.02433398685272748,0.10750778456925383,-0.21236304924460847,-0.23142275016337985,0.37943336024295543,0.3290585476492523,0.4224272479145043,0.666897320570484,0.455672163918041,0.5204551570368662,0.48984738400030753,0.5989851228232038,0.42200438242417254,0.556045054395879,0.5225541075616038,0.3842463383692769,0.1855764425479568,0.18521508476530965,-0.10097259062776304,-0.09794333602429554
#13,0.4619613270287933,0.38265482643293736,0.7772652135470726,1.0,0.04074116787759966,0.42002844731480415,0.0015300042286549033,-0.005243532080113789,-0.4306769692077038,0.5705531849459885,0.49536001230154153,-0.07562372659823934,0.26900395955868217,-0.35249298427709225,-0.39021258601468495,0.10466305308884019,0.5552762080498213,0.574674201360858,-0.07865298120170684,-0.009318417714219812,-0.24560796524814515,0.06574405105139738,-0.11938646061584593,0.20911082920078422,-0.04657671164417791,-0.04310152615999693,0.328681812939684,0.361211701841387,-0.16520201437742668,-0.006512128551109061,0.1605658709106985,-0.027932187752277706,0.5264367816091954,-0.04022604082574097,-0.5121823703532848,-0.13487102602544881,-0.2347441663783493,-0.19920039980009996,-0.30114942528735633,-0.14191365855533772,-0.06555952792834352,-0.0231038326990351,-0.1807403990312536,-0.1512013224157152,-0.005750970668511898,-0.03247606965747895,0.48820974128320455,0.3573828470380194,0.2860415945873217,0.14262099719371082,0.24299388767154884,0.45806327605428054,0.33001960558182447,0.3373543997232153,0.12736708568792526,-0.03406758159381847,-0.29615961250144157,-0.25656402567946796,-0.33386383731211317,-0.022634836427939876,-0.05471110598546881,0.08973974551185945,-0.39617114519663243,-0.3758351593434052,0.19098912082420327,0.1644485449582901,-0.21195556068119786,-0.15816707031099836,-0.14405105139737823,-0.04294775689078538,-0.01477722677122977,0.09612885864759928,-0.4511513474032215,-0.013231845615653711,-0.27294045285049784,0.0024987506246876563,-0.245046707415523,0.0780532810517818,-0.3015261599969246,0.03771191327413217,0.24009533694691115,0.19967708453465574,,-0.10359435666781994,-0.20290623918809825,-0.21988236650905316,-0.20772690577788028,-0.04106408334294391,0.14696497904893707,0.053342559489486026,-0.003529004728405028,-0.1879906200745781,-0.011094452773613194,-0.21413139584054128,-0.2972206204590013,0.23285280436704725,0.23652020143774266,0.39580209895052476,0.528135932033983,0.4889017029946565,0.4999961557682697,0.5836389497558913,0.5743897282128166,0.4056125783262215,0.4493676238803675,0.43033098835197786,0.384753776957675,-0.02680198362357283,-0.06096182677891823,-0.10893783877292124,-0.03461346249951947
#17,0.228508822511821,0.004543881905201245,0.12089339945411909,0.04074116787759966,1.0,0.6262253488640295,-0.20137623495944335,0.45898589166954984,0.13267212547572368,-0.13749279206550571,-0.10579325721754507,0.5707069542152001,0.42368815592203896,-0.062115096298004845,-0.12248491139045861,-0.2181370853035021,-0.05937031484257871,0.29892745934724946,0.05261984392419175,-0.016899242686349132,-0.0007150271018336985,-0.05504170991427363,-0.1662860877253681,0.031115211624956753,0.044024141775266215,0.08391189020874178,-0.2658363126129243,-0.3037711913274132,0.10207972936608618,0.3057471264367816,0.11696459462576404,0.3739591742590243,-0.07104909083919579,0.2597701149425287,0.09359935416906931,0.2275323876523277,-0.01916733940721947,0.11319724753008112,-0.06008534194441241,0.1288509591358167,-0.07082612539883905,0.263368315842079,-0.03505170491677238,0.134194441240918,-0.19808557259831622,0.08198977434359743,-0.1507707684619229,-0.34578095567600814,-0.2897858762926229,-0.3626033137277515,-0.17738054049898128,-0.17961019490254873,-0.22277322877023026,0.06397570445546458,-0.1625418060200669,-0.01892130857648099,-0.13053473263368315,-0.016707031099834697,-0.140998731403529,0.03171491177488179,0.0809133894591166,0.18457694229808172,0.19553300272940452,0.04653826932687503,-0.3136508668742552,-0.30853035020951064,0.02674047591588821,-0.0670280244493138,0.14412024756852343,0.02301157113750817,0.1484565409602891,0.09366855034021451,0.20328297389766656,0.13033483258370815,0.1814477376696267,0.29958097874139855,0.20279860069965017,-0.023119209625956254,-0.13840003075385385,0.30699265751739513,0.2871717987160266,0.6449083150732327,,0.6144543113058856,0.7017875677545843,0.11208242032829739,0.20618921308576482,0.22683273747741514,0.2736939222696344,0.27990620074578093,0.3415753661630723,-0.06694345135124745,0.14571175950486295,-0.2825356552492984,-0.08737938722946219,-0.2040133779264214,0.24390881482335755,0.04603083073847691,-0.04510052665974705,-0.24059508707184868,-0.04011840233729289,0.13654711105985468,0.2397416676277246,0.026271479644792987,0.12260023834236727,-0.07725368085188175,0.14418944373966863,0.05924729942720947,0.20880329066236114,-0.23937262138161688,-0.2138161688386576
#18,0.3791335101679929,0.12855110906085418,0.47658478453081154,0.42002844731480415,0.6262253488640295,1.0,-0.26535962787836853,0.37575058624533886,-0.09696690116480221,0.09604428554953293,0.0551877907200246,0.4669280744243263,0.678230115711375,-0.25989313035789796,-0.35276208049821245,-0.14040671971706453,0.26551339714758004,0.46742013608580324,-0.06179986929612117,-0.14446622842424942,-0.11551147503171491,0.006504440087648483,-0.08754853342559489,0.1769961173259524,0.1466805059008957,0.07571598815976627,0.11858686041594588,0.045108215123207625,0.15053242609464498,0.12202360358282398,0.10836889247683851,0.24788375043247607,0.17934878714488908,0.14774920232191596,-0.13642409564448546,0.06200745780955676,-0.06906546726636682,-0.14282089724368585,-0.2270480144543113,-0.09083919578672202,-0.0518202437242917,0.1898589166954984,-0.04806827355552993,-0.010264098719870834,-0.19660938761388536,-0.018667589282281936,0.16180371352785147,-0.06008534194441241,-0.015384615384615385,-0.11388920924153308,0.06967285587975243,0.10577019182716334,0.20614308230500134,0.17196017375927422,0.07869142351900972,-0.14256717794948678,-0.23102295006342982,-0.2138469226924999,-0.15812862799369545,0.05855533771575751,-0.016837734978664514,0.1618959750893784,-0.09298427709222312,-0.17943336024295545,0.02881636105024411,-0.07023411371237458,0.019198093261061776,-0.09479106600545881,0.058847499327259446,-0.0761849844308615,0.10909929650559336,0.1496482527966786,-0.10296390266405259,0.19664014146772768,-0.08664898320070734,0.10616230346365278,-0.016245723292200052,-0.03572060123784262,-0.1697151424287856,0.3631876369507554,0.402037442817053,0.7051243608964748,,0.4143159189635951,0.34445853996078885,-0.04321685311190559,0.1354630377119133,0.26435243916503287,0.24267866066966517,0.3159497174489678,0.3841463883442894,-0.10084957521239381,0.25031330488601855,-0.2704724560796525,0.003029254603467497,0.021327797639641717,0.324260946449852,0.24390112635989697,0.30540114558105563,0.06617460500518971,0.14055280052281552,0.2587783031561143,0.39773959174259027,0.24696882328066735,0.3451197478183985,0.09706685118978972,0.26330680813439433,0.017445123592050128,0.19455656786991118,-0.21500788067504709,-0.07290969899665552
#26,-0.15902048975512245,0.37392073194172143,0.00048437319801637643,0.0015300042286549033,-0.20137623495944335,-0.26535962787836853,1.0,-0.1330334832583708,0.29600584323223006,0.4199054318994349,0.3161034867181794,-0.33670088032906625,-0.17600430553953791,0.49300734248260486,0.2127936031984008,0.3120516664744551,-0.11872525275823627,-0.03040787298658363,0.12529888901702996,0.1660477453580902,-0.1439664782993119,0.11263598969745896,0.26135393841540766,-0.0050590089570599316,-0.2631914811824857,-0.28184369353784644,0.06559797024564641,-0.10718486910390958,-0.05309652865874755,0.09103909583669703,-0.4212739783954177,0.05311959404912928,-0.13487102602544881,-0.15609118517664244,-0.1008188213585515,0.12507592357667321,-0.26639757044554646,-0.0534194441240918,-0.07234844116403337,-0.048160535117056855,-0.03224541575366163,0.16020451312805137,-0.15210087264060276,-0.006342982354976358,0.26086187675393074,0.004244031830238726,0.027078768308153617,-0.07112597547380156,0.000953369469111598,0.06426017760350594,-0.10663129973474801,0.11537308268942452,0.0907469342251951,0.32832814362049745,0.07868373505554915,0.20604313228001384,-0.20576634759543305,-0.002214277476646292,-0.20553569369161573,0.249613654711106,-0.345419597893361,-0.1919424902933149,0.011917118363894976,0.21010264098719872,-0.05788644139468727,0.23938030984507747,0.34152923538230884,0.7015415369238458,0.2505670241802176,0.22248106715872834,0.19138123246069272,0.26901933648560333,-0.008049821243224542,0.2050359435666782,-0.01918271633414062,-0.042009764348594936,-0.14149848152846653,0.08340445162034367,0.500826509822012,0.08422711721062545,-0.033690846884250183,-0.15945104370891477,,-0.1508399646330681,-0.08469611348172068,-0.1989466805059009,-0.19286510590858416,-0.430000384423173,-0.003913427901433899,-0.15602198900549724,-0.06202283473647791,-0.1388613385614885,0.07594664206358359,-0.18020989505247376,0.017268288932456848,0.11999384922923154,-0.011109829700534347,-0.35669857379002806,-0.10241802175835159,-0.06013916118863645,-0.09582132010917618,-0.3048552646753546,-0.09822012070887633,-0.34714181370853037,-0.27843001576135007,-0.176657824933687,-0.08221273978395417,-0.1920655057086841,0.1165340406719717,-0.06540575865913197,-0.0029600584323223006
#49,0.33602429554453545,0.19743205320416715,0.1210317917964095,-0.005243532080113789,0.45898589166954984,0.37575058624533886,-0.1330334832583708,1.0,0.32351516549417597,0.17548917848767923,0.04570022680967209,0.5024872179294968,0.34380502056663975,0.10179525621804482,-0.04455464575404605,-0.2664283242993888,0.04932918156306462,0.06715872832814362,-0.08546495982777842,-0.13646253796178834,0.09400684273247992,-0.1479721677622727,-0.32158536116557107,-0.021343174566562872,0.10722331142121247,0.17493560911851766,-0.06139238073271057,-0.3061930573174951,0.11578057125283513,0.2979971552685196,0.12605235843616652,0.39012032445315803,0.07204090262561028,0.29076231115211626,0.028147464729173875,0.17644254795679085,0.07385538000230654,0.17000730404028755,-0.00876484834505824,0.04359358782147388,-0.17416676277245993,0.06452927382462614,-0.005128205128205128,-0.02673278745242763,-0.15439203475185484,-0.038165532618306235,-0.0014377426671279745,-0.34378195517625804,-0.1230000384423173,-0.3091915580671203,0.07480874947141813,-0.17089147733825394,-0.15114750317149117,-0.3089070849190789,-0.15542228885557222,-0.19637104524660748,-0.1251835620651213,-0.17784184830661592,0.09431438127090301,-0.15466113097297504,-0.11545765578749087,-0.14850267174105256,0.2995194710337139,0.17532003229154652,-0.266405258909007,-0.37525852458386194,0.05967785338100181,-0.1343712759005113,0.0328681812939684,-0.1354630377119133,0.19454119094299005,-0.0661438511513474,0.2246030830738477,-0.04363203013877676,0.14371275900511282,-0.05368085188175143,0.060208357359781646,-0.33047322492599857,-0.01166339906969592,0.23431361242455695,0.43757352093184176,0.1804021066389882,,0.5891900203744281,0.3849613654711106,-0.041917502787068,-0.029231538077115288,0.17633490946834277,-0.06380655825933187,0.18714488909391458,-0.04220966439856995,0.0057663475954330525,-0.14518894398954368,-0.32855879752431477,-0.3041325491100604,-0.28259716295698306,0.023203782724022605,0.13604736093491715,0.025740975666013147,0.0022911621112520664,0.03542843962634067,-0.06829662092030908,0.028385807096451773,0.2633913812324607,0.34798754468919385,0.2083650482451082,0.204766847345558,-0.09301503094606543,0.10570868411947872,-0.4192519125052858,-0.46684350132625996
#50,-0.09965786337600431,0.07542382654826434,-0.4229577518932841,-0.4306769692077038,0.13267212547572368,-0.09696690116480221,0.29600584323223006,0.32351516549417597,1.0,-0.12111636489447584,-0.16404105639487948,0.06693576288778688,-0.07367854534271326,0.5511013723907278,0.5213085764809903,-0.17746511359704764,-0.2997885672548341,-0.16972283089224618,0.15979702456464076,-0.07130281013339484,0.2027601583823473,-0.11408910929150809,0.27600046130780764,-0.09701303194556568,0.04662284242494138,-0.0013762349594433553,-0.2764233267981394,-0.37106831199784723,0.1563756583246838,0.3257909506785069,-0.12434551954791835,0.19314957905662553,-0.21206319916964594,0.06303002344981355,0.18690654672663667,0.2968054434321301,0.17220620459001268,0.2418867489332257,0.19929266136162688,0.11531926344520048,-0.06975742897781878,0.13520931841771422,0.07034944066428324,0.1935032483758121,-0.04945219697843386,0.060185291969399916,-0.31168262022834736,-0.3271671856379503,-0.4026909622112021,-0.24316303386768154,-0.06657440510513973,-0.18160150693883828,-0.31566524430092646,-0.2879790873793872,-0.1436512512974282,-0.03440587398608388,-0.02087417829546765,0.04264021835236228,0.24912159304962903,0.014915619113520164,-0.28426555952792837,-0.26916541729135435,0.4982662514896398,0.4877561219390305,-0.28484219428747165,-0.24071810248721792,0.5444277861069465,0.41962095875139355,0.3691000653519394,0.13384846038519202,0.36690885326567485,0.24908315073232615,0.4219505631799485,0.11017568139007419,0.11938646061584593,-0.09339176565563372,0.024126398339291893,-0.2129627493945335,0.604474685734056,0.1966632068581094,0.014769538307769193,-0.011171337408218967,,0.18864413946872718,0.29919655556836966,0.008957059931572675,-0.07773036558643755,0.05247376311844078,-0.11579594817975628,-0.13172644447007265,-0.036497136047360934,0.055249298427709224,-0.0036597086072348442,-0.1591050628531888,0.13315649867374005,-0.2640910314073732,-0.09423749663629724,-0.2594395110137239,-0.3017721908276631,-0.21580748087494714,-0.21284742244262483,-0.32532964287087224,-0.31488102102794757,-0.18750624687656173,-0.17463575904355513,-0.1329335332333833,-0.024941375466113098,-0.2034367431668781,0.13060392880482835,-0.1684311690308692,-0.17189097758812902
#51,0.25478799062007457,0.4736016607081075,0.5285434205973936,0.5705531849459885,-0.13749279206550571,0.09604428554953293,0.4199054318994349,0.17548917848767923,-0.12111636489447584,1.0,0.6587783031561143,-0.1082996963056933,0.1495098604543882,0.019367239457194478,-0.1729212316918464,0.21413908430400186,0.5481874447391689,0.3407527005727905,-0.039364932918156306,-0.07322492599853919,-0.2898243186099258,-0.03762734017606581,-0.0018759850843808865,0.22757851843309115,-0.05528774074501211,-0.23105370391727215,0.4778303156114251,0.15265444200976436,-0.14894091415830546,-0.10663898819820859,-0.052196978433859995,-0.06858109406835045,0.31430438626840423,-0.13776188828662592,-0.47480874947141816,-0.19429516011225156,-0.32752085495713684,-0.30042670972206204,-0.3295582977741898,-0.3070772306154615,-0.16738553800023065,-0.04708415023257602,-0.3783646638219352,-0.3353784646138469,0.18406181524622303,-0.034536577864913695,0.4672048591089071,0.18436166532118556,0.41325491100603545,0.18055587590819974,0.19833929189251528,0.5000192211586515,0.4226194595010187,0.2761004113327951,0.08615692153923038,-0.1315803636643217,-0.3599661707607735,-0.4386114634990197,-0.29721293199554066,0.040725790950678506,-0.27357090685426516,-0.11155191634951755,-0.3633260292930458,-0.19525621804482374,0.16591704147926037,0.27116441779110445,-0.21612270787683083,0.2056202667896821,-0.013001191711836389,-0.12549878906700496,0.06945757890285627,0.13524007227155652,-0.39760119940029987,0.03355245454195979,-0.37152193134202127,-0.2996347979856226,-0.41358551493484025,-0.014008380425172029,0.03461346249951947,0.036796986122323454,0.3319186560565871,-0.0782224272479145,,-0.02043593587821474,-0.380532810517818,-0.17491254372813594,-0.16974589628262793,-0.3352246953446354,0.019805481874447393,-0.1760119940029985,-0.28184369353784644,-0.11660323684311691,0.03217621958251644,-0.13288740245261985,-0.18579940798831354,0.38663745050551646,0.16807749971168262,0.23221466189981932,0.5236996886172298,0.46173067312497595,0.256071964017991,0.1799177334409718,0.2234805674086034,0.2008534194441241,0.2236189597508938,0.3311036789297659,0.12198516126552109,-0.21609964248644908,-0.04057971014492753,0.00642755545304271,-0.027709222311920963
#52,0.24180217583515934,0.33800023065390383,0.54860262176604,0.49536001230154153,-0.10579325721754507,0.0551877907200246,0.3161034867181794,0.04570022680967209,-0.16404105639487948,0.6587783031561143,1.0,-0.09894283627417061,0.06317610425556452,0.016537884903701994,-0.22132779763964172,0.20410563948794833,0.46762003613577824,0.43312190058816746,-0.06641294737246761,0.015330796140391343,-0.36081959020489757,0.034182908545727135,0.19780878791373543,0.38514588859416443,-0.14371275900511282,-0.18470764617691154,0.4224272479145043,0.37761888286625916,-0.14206742782454926,-0.2573021181716834,0.09503709683619728,-0.1429669780494368,0.46531349709760506,-0.3152039364932918,-0.32315380771152885,-0.275938953600123,-0.44629223849613653,-0.3983316034290547,-0.6091723369084688,-0.40270633913812326,-0.030038826740475914,-0.1153115749817399,-0.3002191212086265,-0.39294199054318996,0.22597931803329105,-0.2609695152423788,0.4744166378349287,0.37592742090493214,0.4033367931418906,0.2966209203090762,0.29771268212047824,0.6259331872525276,0.33379464114096796,0.2772690577788029,-0.11813324107177181,-0.2139161188636451,-0.5009649021643025,-0.3990081882135855,-0.35948948602621766,-0.07636181909045477,-0.04526967285587975,0.14623457502018222,-0.36792373044247106,-0.22704032599085072,0.21479260369815092,0.31539614807980626,-0.18769845846307615,0.12465305808634145,-0.06342982354976358,0.0237496636297236,0.08259716295698305,0.25626417560450543,-0.38565332718256257,0.18919002037442817,-0.39386460615845925,-0.18869027024949064,-0.3655941260139161,0.11042171222081267,0.022696344135624495,0.1215392303848076,0.1275208549571368,-0.059039710913773885,,-0.030761542305770193,-0.29932725944719946,0.02659439511013724,0.026402183523622804,-0.24719947718448468,0.023288355822088956,-0.08507284819128898,-0.2346749702072041,0.03229923499788567,0.17263675854380503,-0.047514704186368356,-0.056371814092953526,0.3363395225464191,0.280759620189905,0.2859570214892554,0.4848960135316957,0.3872755929727444,0.34965594126013916,0.3552608311229001,0.4002383423672779,0.24980586629762042,0.22966209203090762,0.3513704686118479,0.12478376196517126,-0.03615884365509553,0.17791104447776113,0.030515511475031714,-0.006535193941490793
#53,0.25532618306231497,-0.09281513089609042,0.03032329988851728,-0.07562372659823934,0.5707069542152001,0.4669280744243263,-0.33670088032906625,0.5024872179294968,0.06693576288778688,-0.1082996963056933,-0.09894283627417061,1.0,0.5802637142966978,-0.16518663745050552,-0.12373813093453273,-0.29123899588667207,0.09357628877868758,0.08674893322569484,-0.07303271441202476,-0.08191288970899166,-0.04052589090070349,-0.18323146119248068,-0.2631607273286434,0.020389805097451273,-0.007711528850959136,0.007780725022104333,-0.06753546303771191,-0.03452120093799254,0.37721139430284856,0.2223580517433591,0.3815630646215354,0.1540998731403529,0.07633106523661247,0.20750394033752353,0.3062468765617191,-0.22169684388574942,0.18311613424057202,-0.047507015722907775,-0.060746549802022064,-0.15929727443970323,0.22524122554107562,-0.029177718832891247,-0.11949409910429401,-0.19960019990004998,-0.06426017760350594,-0.22113558605312728,-0.03147656940760389,-0.17923346019298042,-0.12825125898589168,-0.1540691192865106,0.009941183254526583,-0.10171068311997847,-0.0899934648060585,-0.15977395917425902,-0.2625610271787183,-0.2908545727136432,-0.11694152923538231,-0.07902971591127513,-0.011171337408218967,-0.24530042670972207,-0.02789374543497482,0.06715872832814362,0.272863568215892,0.1784646138469227,-0.13236458693730058,-0.18426171529619806,0.009910429400684274,-0.09527543920347518,0.0367816091954023,-0.06073117287510091,0.019497943336024295,0.09692077038403875,0.13979164264021834,0.11787952177757276,0.07018029446815054,-0.014077576596317226,-0.055272363818090954,-0.33611655710606236,-0.0013839234229039326,0.27433206473686234,0.6823050013454811,0.5890516280321377,,0.755299273440203,0.44711490408641835,0.20549725137431285,0.08067504709183869,0.521077922577173,0.13111905585668704,0.5034405873986084,-0.0038980509745127436,0.13734671125975473,0.17405143582055127,-0.2599777034559643,-0.09419136585553377,-0.08100565102064353,0.2247337869526775,0.10645446507515473,0.11505016722408026,-0.14172913543228385,-0.024264790681582285,0.1460346749702072,0.07024949063929574,0.1281051781801407,0.12556798523815016,0.017199092761311652,-0.025948564179448737,-0.12781301656863875,-0.0020758851343558988,-0.3076846192288471,-0.19348787144889093
#54,0.2421558451543459,0.10849959635566832,0.24864490831507324,0.26900395955868217,0.42368815592203896,0.678230115711375,-0.17600430553953791,0.34380502056663975,-0.07367854534271326,0.1495098604543882,0.06317610425556452,0.5802637142966978,1.0,-0.2874870257179103,-0.20114558105562602,0.012647522392649829,0.26320685810940686,0.3389151578057125,0.08668742551801023,0.024587706146926538,-0.06558259331872525,0.09496790066505209,-0.23559758582247337,0.13690846884250182,-0.1386537500480529,-0.0769000115326952,0.3070080344443163,0.14148310460154537,0.25712528351209013,0.10071118287010342,0.18612232345365778,0.07114904086418329,0.09725906277630415,0.11479644792988121,-0.0032060892630607772,-0.13723907277130665,-0.03601276284934456,-0.12612155460731173,-0.1384769153884596,-0.09803559758582248,-0.01394687271748741,0.04737631184407796,-0.03258370814592704,-0.09969630569330719,-0.13984546188444238,-0.1369853534771076,0.22681736055049398,-0.050151847153346404,0.14979433360242955,0.011063698919770883,-0.0698189366855034,0.1480490523968785,0.2207511628800984,0.13316418713720063,-0.07107215622957752,-0.12934302079729365,-0.345619497943336,-0.13962249644408564,-0.3079767808403491,-0.03934186752777458,-0.2121862145850152,-0.0929227693845385,-0.09231538077115288,-0.09235382308845577,0.11589589820474379,-0.14424326298389267,-0.10740783454426633,-0.12036289547533925,0.012931995540691193,-0.18433859993080384,0.0354207511628801,0.0758774458924384,-0.16048129781263215,-0.06737400530503979,-0.09417598892861262,-0.13870756929227693,-0.23855764425479567,-0.35775189328412715,-0.1684234805674086,0.21410833045015953,0.49865067466266866,0.47768423480567407,,0.36115019413370236,0.21688386575942797,-0.16899242686349134,-0.15850536270326376,0.27337100680429016,0.08379656325683313,0.37109137738822895,0.20254488140545113,-0.2154076807749971,0.08454234421250913,-0.3719986160765771,-0.19120439780109946,-0.0319148118248568,0.23624341675316188,0.21410064198669895,0.2593703148425787,0.04320916464844501,0.13371006804290161,0.24646138469226925,0.2864490831507323,0.06401414677276747,0.13779264214046824,0.07554684196363357,0.16970745396532502,-0.26179986929612115,-0.09918886710490908,-0.35397685772498366,-0.20977203705839387
#58,-0.2087033406373736,0.02149694383577442,-0.280013839234229,-0.35249298427709225,-0.062115096298004845,-0.25989313035789796,0.49300734248260486,0.10179525621804482,0.5511013723907278,0.019367239457194478,0.016537884903701994,-0.16518663745050552,-0.2874870257179103,1.0,0.34176757774958677,-0.07312497597355169,-0.22622534886402954,-0.1979933110367893,0.04326298389266905,-0.027786106946526737,-0.06531349709760505,-0.10380194518125553,0.23818859800868797,-0.1287586975742898,-0.21593818475377696,-0.1838311613424057,-0.06000845730980663,-0.17724983662015145,-0.044846807365548,0.14846422942374968,-0.22504901395456117,-0.017006881174797216,-0.11944027986006997,-0.09194633452504516,0.16511744127936032,0.18634528889401453,-0.11819474877945643,0.026986506746626688,-0.017744973667012647,0.0065275054780302155,-0.17771883289124668,0.08233575519932342,0.00722715565294276,0.1323953407911429,0.15127051858686041,0.001545381155576058,-0.10112635989697459,-0.05190481682235805,-0.05594126013916119,0.05291200553569369,0.12546803521316266,-0.01776803905739438,-0.09910429400684273,-0.18177834159843156,-0.15077845692538347,0.02584861415446123,-0.08105178180140699,-0.09851997078383885,0.0850959135816707,0.010079575596816976,-0.2647599277284435,-0.1894206742782455,0.2789989620574328,0.2621919809326106,-0.23699688617229847,0.008434244416253412,0.4390497059162726,0.5854149848152846,0.08009072386883481,0.04972129319955407,0.23750432476069658,0.03668165917041479,0.21178641448506516,0.09674393572444547,0.004167147195632953,-0.06989582132010917,0.01873678545342713,-0.0385499557913351,0.5073847691538846,0.08119786260715796,-0.20507438588398108,-0.06459846999577135,,0.047729981163264525,0.1130665436512513,-0.04729942720947219,-0.03384461615346173,-0.3338792142390343,-0.12268481144043362,-0.17731903279129665,-0.1173490177987929,0.14921001037942566,0.053965325029792795,-0.10097259062776304,0.0864567716141929,0.00028447314804136393,-0.1539691692615231,-0.2538576865413447,-0.20167608503440587,-0.06265328874024526,-0.018975127820705033,-0.3791335101679929,-0.2877791873294122,-0.21305501095606044,-0.06480605850920694,0.06185368854034521,0.0860492830507823,-0.1496021220159151,0.11015261599969246,-0.11372006304540037,-0.12631376619382617
#101,-0.4990658516895398,-0.19246530580863414,-0.5707146426786607,-0.39021258601468495,-0.12248491139045861,-0.35276208049821245,0.2127936031984008,-0.04455464575404605,0.5213085764809903,-0.1729212316918464,-0.22132779763964172,-0.12373813093453273,-0.20114558105562602,0.34176757774958677,1.0,0.11567293276438703,-0.4318456156537116,-0.35352323838080957,0.5518317764194826,0.19259600968746396,0.5739668627224849,0.06792757467420137,0.2094644985199708,-0.13794641140967978,0.08695652173913043,0.11918656056587092,-0.189174643447507,-0.3880905700995656,0.14183677392073193,0.4260177603505939,0.008534194441240917,0.062468765617191405,-0.3775112443778111,0.18147080306000846,0.14667281743743513,0.39849306116172684,0.3672394571944797,0.479068158228578,0.4455310806135394,0.372383039249606,-0.10608541882904701,0.28556490985276595,0.13856148848652597,0.5603121516164994,-0.16473301810633145,0.03435205474185984,-0.4139161188636451,-0.2709260754238266,-0.3671471956329527,-0.26837350555491485,-0.2973436358743705,-0.30093414831046017,-0.40475147041863685,-0.20651212855110906,0.053150347902971594,0.27147964479298814,0.09661323184561565,0.2442317302887018,0.11944027986006997,-0.0006304540037673471,-0.3898973590128013,-0.3873294122169684,0.6550801522315766,0.48265867066466767,-0.30981432360742706,-0.23825779417983317,0.5419597893361012,0.38810594702648676,0.4639065082843194,0.2035366931918656,0.32717487410141083,0.06742013608580326,0.5176488678737554,0.0002998500749625187,0.2400415177026871,-0.2354207511628801,0.06906546726636682,-0.28807903740437474,0.6670510898396955,0.31998616076577097,-0.24353976857724985,-0.29780494368200516,,-0.09166954984046438,-0.0030138776765463423,-0.2787990620074578,-0.354007611578826,-0.004328604928305078,-0.11031407373236458,-0.28889401453119595,-0.008741782954676508,-0.2793833852304617,-0.3066928074424326,-0.22691731057548148,0.016929996540191443,-0.3384461615346173,-0.07736900780379041,-0.40437473570906857,-0.4762464921385461,-0.1948641064083343,-0.3054395878983585,-0.3252758236266482,-0.33761580748087494,-0.39412601391611884,-0.4698881328566486,-0.3167723830392496,-0.36830046515203935,-0.32735939722446467,-0.10398646830430938,-0.18571483489024718,-0.07303271441202476
#102,-0.06957290585476493,0.18758313151116748,0.2060892630607773,0.10466305308884019,-0.2181370853035021,-0.14040671971706453,0.3120516664744551,-0.2664283242993888,-0.17746511359704764,0.21413908430400186,0.20410563948794833,-0.29123899588667207,0.012647522392649829,-0.07312497597355169,0.11567293276438703,1.0,-0.07809941183254526,0.043309114673432514,0.317856456387191,0.6336677814938685,0.05798639141967478,0.7372006304540037,0.12516818513820013,0.2387191019874678,-0.1939107369392227,0.05587206396801599,0.08281243993387921,-0.07161803713527852,-0.21690693114980972,-0.07838388498058663,-0.24565409602890861,-0.05997001499250375,-0.08575712143928035,-0.045592588321224,-0.34333602429554455,-0.02381117133740822,-0.28049821243224543,0.050751547303271444,-0.16314150616999193,0.15551455041709913,-0.1282435705224311,0.06727405528005229,-0.362357282897013,0.19937723445969324,-0.07174874101410833,0.10120324453158036,-0.11035251604966748,-0.23328335832083957,0.159374159074309,0.09645177411294353,-0.4600161457732672,0.08173605504939838,-0.009702840887248683,0.6131472725175874,0.11329719755506862,0.6180525122054358,-0.24652289239995387,0.30855341559989236,-0.658401568446546,0.2463076154230577,-0.2346057740360589,-0.08706416022757851,-0.26356052742859337,-0.037588897858762925,0.11734132933533234,0.2557336716257256,-0.04626148464229424,0.15633721600738093,0.4712489908891708,0.4137854149848153,0.15816707031099836,0.228508822511821,-0.07524699188867105,0.11726444470072656,-0.015661400069196172,-0.07021873678545343,-0.07817629646715105,0.10541652250797678,0.019474877945642562,0.22155076307999846,-0.02887018029446815,-0.26585168953984545,,-0.23196094260562028,-0.21960558182447237,-0.3606965747895283,-0.24544650751547303,-0.2364740706569792,0.016630146465228923,-0.26878099411832546,-0.11964786837350555,-0.4591704147926037,-0.08118248568023681,-0.282743243762734,-0.014784915234690348,0.058955137815707534,0.23747357090685425,-0.3143658939760889,0.04626917310575482,-0.1909506785069004,-0.16840810364048744,-0.16048129781263215,0.1075846692038596,-0.365432668281244,-0.3773344097182178,-0.24362434167531619,-0.31195171644946756,-0.06778918233191097,0.21152500672740554,-0.07575443047706916,0.07759966170760774
#201,0.4875485334255949,0.2437627340176066,0.606750470918387,0.5552762080498213,-0.05937031484257871,0.26551339714758004,-0.11872525275823627,0.04932918156306462,-0.2997885672548341,0.5481874447391689,0.46762003613577824,0.09357628877868758,0.26320685810940686,-0.22622534886402954,-0.4318456156537116,-0.07809941183254526,1.0,0.5430592396109637,-0.3482720178372352,-0.3082996963056933,-0.4375658324683812,-0.20402875485334257,0.038949755891285125,0.29280744243262985,0.015976627071079844,-0.09739745511859454,0.4617152961980548,0.43349863529773575,0.05009033944566178,-0.34904855264675355,0.3172183139199631,-0.03853457886441395,0.652942759389536,0.04782993118825203,-0.29552915849767425,-0.3919348018298543,-0.16329527543920347,-0.3125667935263138,-0.33984546188444237,-0.33379464114096796,-0.0042978510744627685,-0.42142005920116865,-0.16783146888094413,-0.47156421789105446,0.11327413216468689,-0.054288240495137044,0.6170068811747972,0.4225271979394918,0.3565294275938954,0.2553876907699996,0.44397801099450274,0.605205089762811,0.42248106715872835,0.11774112943528237,-0.14236727789951178,-0.3156498673740053,-0.32976588628762543,-0.5559451043708915,-0.08191288970899166,-0.22987736900780378,0.05604889862760927,0.13245684849882752,-0.4641756045054396,-0.389574443547457,0.22689424518509976,0.14634990197209088,-0.30424018759850846,-0.23876523276823128,-0.27226386806596703,-0.3017645023642025,-0.13524007227155652,0.0313381770653135,-0.5727982162764772,-0.15040941067927574,-0.6217275977395917,-0.27501633798485375,-0.4282012839733979,0.05867066466766617,-0.31259754738015605,-0.1073155729827394,0.25295813631645714,0.09248452696728558,,-0.06266866566716642,-0.38796755468419636,0.03987237150655441,0.043093837696536345,-0.04504670741552301,-0.11930957598124015,0.042463383692769,-0.11352016299542536,0.12955829777418984,0.06146926536731634,0.143182255026333,-0.13108830200284474,0.5882058970514743,0.15047091838696036,0.7091761811401991,0.6956214200592011,0.6075423826548264,0.4501210932995041,0.6281859070464768,0.3818629146964979,0.6277476646292238,0.550094183677392,0.6319686310690809,0.3828547264829124,-0.002591012186214585,-0.1543689693614731,0.17899511782570254,0.06956521739130435
