,#10,#11,#12,#13,#17,#18,#26,#49,#50,#51,#52,#53,#54,#58,#101,#102,#201,#202,#301,#302,#401,#402,#501,#502,#601,#602,#701,#702,#801,#802,#901,#902,#1001,#1002,#1101,#1102,#1201,#1202,#1301,#1302,#1401,#1402,#1501,#1502,#1601,#1602,#1701,#1702,#1801,#1802,#1901,#1902,#2001,#2002,#2101,#2102,#2201,#2202,#2301,#2302,#2401,#2402,#2501,#2502,#2601,#2602,#2701,#2702,#2801,#2802,#2901,#2902,#3001,#3002,#3101,#3102,#3201,#3202,#3301,#3302,#3401,#3402,#3455,#3501,#3502,#3601,#3602,#3701,#3702,#3801,#3802,#3901,#3902,#4001,#4002,#4101,#4102,#4201,#4202,#4301,#4302,#4401,#4402,#4501,#4502,#4601,#4602,#4701,#4702,#4801,#4802
#10,1.0,0.38646061584592317,0.46200745780955677,0.43377541998231656,0.014923307576980741,0.04427017260600469,0.26677430515511474,0.5470803060008458,0.1918963595125514,0.5773420981816784,0.590120324453158,-0.07223311421212471,-0.0648521892899704,-0.00438242417252912,-0.3878137854149848,-0.03147656940760389,0.3637335178564564,0.3789720524353208,0.010833045015953561,0.009526006227655403,-0.23772729020105332,0.06470610848421943,-0.08442701726060046,0.11631107523161496,0.08598777534309768,0.30616999192711336,0.06617460500518971,0.39849306116172684,0.012878176296467151,-0.039910813823857305,0.1620651212855111,0.34448160535117056,0.0725790950678507,0.2253181101756814,0.022081267058778303,-0.021158651443509015,-0.07360934917156806,-0.03220697343635874,0.2321531541921347,0.6215276976896167,0.22302694806442933,0.2610694652673663,-0.3326798139391843,-0.16550186445238918,-0.3760504363203014,-0.010294852573713143,0.15429977319032792,0.2064275554530427,-0.19249605966247646,-0.009995002498750625,-0.13856148848652597,0.03366009303040787,0.08033675469957328,0.4603006189213086,0.16135778264713796,0.3666320685810941,-0.36320301387767656,-0.010671587283281436,-0.11671087533156499,0.12652904317072233,-0.05705608734094491,0.037481259370314844,-0.15203936493291817,-0.15885134355898975,0.658309306885019,0.3579133510167993,0.13976088878637605,-0.0647829931188252,-0.21183254526582862,-0.030223349863529772,0.1317495098604544,-0.05309652865874755,-0.18267789182331912,-0.031245915503786567,-0.03535924345519548,-0.040395187021873676,-0.12462999269595972,-0.04856802368046746,-0.286272248491139,-0.1618959750893784,-0.2260638911313574,0.110852266174605,-0.16327221004882175,0.10704647676161919,-0.10480913389459116,0.0034444316303386766,0.1875139353400223,0.062130473224926,0.15691385076692424,-0.038303924960596626,-0.03267596970745396,-0.22524122554107562,0.07658478453081152,-0.09306116172682889,-0.16225733287202554,0.3201091761811402,0.2579863914196748,0.3881136354899473,0.19461038711413525,0.17739591742590244,0.30819205781724524,0.23516703186868104,0.07653865375004805,0.2552569868911698,0.21396993810786913,0.20628916311075232,0.12166224580017683,-0.038980509745127435,-0.032522200438242416,-0.16741629185407297,-0.030015761350094185
#11,0.38646061584592317,1.0,0.4893015030946065,0.10616999192711336,-0.13744666128474226,-0.054588090570099564,0.34880252181601507,0.24527736131934033,0.23837312113174183,0.45112059354937917,0.339906969592127,-0.15302348825587206,0.1470187982931611,0.02671741052550648,-0.3008111328950909,-0.18066351439664782,0.2704109483719679,0.20771152885095914,-0.017091454272863568,-0.008757159881597663,-0.18777534309768193,0.020774228270480144,-0.18317764194825664,0.04397032253104217,-0.09400684273247992,0.029239226540575865,0.1456656287240995,0.20182216584015683,-0.035197785722523356,-0.1033329489101603,0.04499288817129896,0.1635259293430208,-0.02401875985084381,0.14383577442048207,0.05169722830892246,-0.031376619382616384,-0.1453965325029793,-0.020120708876331064,0.15116288009841233,0.30169530619305734,0.01974397416676277,0.1291200553569369,-0.09829700534348211,-0.007188713335639872,0.009303040787298659,0.10816130396340291,0.010786914235190096,0.09519855456886941,0.026317610425556453,0.12020143774266713,0.07651558835966632,0.15814400492061662,0.11577288278937455,0.10393264906008534,0.01765271210548572,0.11970937608119017,-0.16783915734440472,-0.03845769422980817,-0.019421058701418522,0.21637642717102987,-0.09600584323223003,0.1421212470687733,-0.09162341905970092,-0.15931265136662437,0.2913773882289624,0.2966593626263791,-0.13134202129704378,-0.18077884134855648,-0.1442355745204321,-0.3583977242148157,0.023119209625956254,-0.12125475723676624,-0.17803405989313037,-0.09812785914734941,-0.15031714911774882,-0.17741898281628415,-0.1198708338138623,-0.06439088148233575,-0.19482566409103141,-0.12394571944796832,0.023180717333640872,0.08736401030254104,-0.08241263983392919,-0.048222042824741476,-0.11562680198362357,0.21166339906969592,0.07484719178872103,0.09854303617422058,0.09278437704224811,0.17275977395917425,-0.04876792373044247,0.004705339637873371,0.37174489678237804,-0.06579018183216084,0.12400722715565295,0.19610194902548725,0.18783685080536655,0.23775804405489562,0.1835697535847461,0.14485065159727828,0.2219121208626456,0.1154807211778726,-0.007711528850959136,0.48923230692346137,0.2568561872909699,0.3635489947334025,0.07745358090185676,-0.1609426056202668,0.100918771383539,-0.04760696574789528,0.1274593472494522
#12,0.46200745780955677,0.4893015030946065,1.0,0.2621919809326106,-0.1636643216853112,0.02671741052550648,-0.024510821512320764,0.10543189943489793,0.13236458693730058,0.4057971014492754,0.272409948871718,-0.5092376888478838,-0.08205897051474263,-0.11016030446315304,-0.4557567370161073,-0.2148002921616115,0.6285395763656634,0.6658901318571484,-0.17536616307231,-0.21775266213047323,-0.01768346595932803,-0.08737938722946219,0.02227347864529274,-0.16001230154153692,0.027440126090800755,-0.16975358474608848,0.28459616345673316,0.43394456617844923,-0.2454618844423942,-0.26559028178218586,0.2233114212124707,0.09336101180179142,-0.03566678199361858,-0.04666897320570484,-0.2748548802521816,-0.6092492215430746,-0.5899050474762618,-0.5591435051704917,0.46054664975204707,0.5053242609464499,-0.1337561988236651,-0.08133625494944835,-0.26052358436166534,-0.24192519125052858,-0.0761465421135586,0.1684311690308692,-0.2828278168608004,0.2732172375350786,0.20485142044362434,0.33941490793065004,0.24566947295582978,0.43105370391727216,0.5036712413024257,0.3150886095413832,0.12133933033483259,0.048214354361280895,0.06462153538615308,-0.043393687771498865,0.2918002537192942,0.4740014608080575,-0.18228578018682967,0.011378925921654558,-0.608841732979664,-0.3428670280244493,0.5078537654249798,0.3968400415177027,-0.24500057663475955,-0.23066159228078267,-0.32213893053473264,-0.469826625148964,0.2450774612693653,0.1003421366239957,-0.5175412293853073,-0.4078652981201707,-0.40538192442240417,-0.29363779648637217,-0.12632145465728675,0.01134048360435167,-0.16610156460231423,-0.3232383808095952,-0.054649598277784185,0.0035751355091684926,-0.15153961480798062,-0.32416868488832506,-0.3361626878868258,-0.09984238649905816,0.06336831584207896,-0.1175566063122285,0.003605889363010802,-0.17369007803790412,-0.20765002114327452,-0.12147772267712298,0.32574481989774345,0.22814746472917388,0.0338907469342252,0.7009418367739207,-0.09479106600545881,0.6831122900088418,0.48967054934071425,0.23675854380502057,0.5494022219659401,0.3875216238034829,-0.1213700841886749,0.3385153577057625,0.38891323568984737,0.23254526582862414,0.02090493214930996,-0.23502095106293008,-0.08062891631107523,0.33784646138469226,0.3830930688501903
#13,0.43377541998231656,0.10616999192711336,0.2621919809326106,1.0,0.10895321569984238,0.3278899012032445,-0.03980317533540922,0.28776381040249105,0.050528581862914694,0.37489716680121477,0.31471187483181484,0.03687387075692923,0.25721754507361705,0.012093953023488256,0.06609772037058394,0.03522853957636567,0.42863183792719023,0.15426133087302502,0.12094721869834314,-0.11627263291431207,-0.009725906277630416,0.16479452581401607,-0.027347864529273826,0.051681851382001306,0.3585899358013301,0.03035405374235959,0.0937761888286626,0.15854380502056664,0.28522661746050054,0.014692653673163419,0.06384500057663475,0.1673086533656249,0.10051897128358897,0.16963056933071927,0.10965286587475492,-0.014492753623188406,-0.0013224157152193134,-0.04041056394879483,0.16895398454618846,0.23761965171260524,-0.0404566947295583,0.24128704878330065,-0.03443662783992619,0.050966824280167605,-0.22377272902010534,0.07810710029600584,0.20365202014377426,0.13498635297735748,-0.24584630761542306,-0.20117633490946835,-0.21204782224272478,-0.32972744397032255,-0.1564756083496713,0.20151462730173375,0.10264098719870834,0.17893361011801792,-0.2757467420136086,-0.12227732287702303,-0.12976588628762542,-0.1173490177987929,0.14351285895513782,0.13554761080997962,-0.06066197670395571,-0.18303156114250568,0.29716680121477723,0.14861799869296122,-0.009203090762311152,0.12838196286472148,-0.022012070887633108,0.04553108061353939,-0.04013377926421405,-0.1976857724983662,-0.03366778149386845,0.049767423980317534,0.02188136700880329,-0.13295659862376505,-0.06792757467420137,-0.08466535962787837,-0.062061277053780804,0.0054126782762464925,-0.24264021835236227,0.18738323146119248,-0.1484180986429862,-0.0698573790028063,-0.13104985968554184,0.03479029715911275,0.08348902471841002,-0.06869642102025911,0.009218467689232308,0.2018067889132357,0.11580363664321686,-0.10596240341367778,0.029769730519355705,0.014323607427055704,-0.20382885480336754,0.17007650021143275,0.05306577480490524,0.18157075308499596,-0.055902817821858304,0.006020066889632107,0.06754315150117249,0.09400684273247992,0.06720485910890708,0.024833736977665014,0.18801368546495983,0.08202052819743974,0.21250144158689885,-0.03884980586629762,0.049521393149579054,0.05315803636643217,-0.03500557413600892
#17,0.014923307576980741,-0.13744666128474226,-0.1636643216853112,0.10895321569984238,1.0,0.2789835851305117,0.02638680659670165,0.2675508399646331,-0.13648560335217008,-0.05783262215046323,-0.043585899358013304,0.5440587398608389,0.13598585322723253,0.09735901280129167,-0.1354169069311498,-0.03264521585361166,-0.08990120324453157,-0.00681197862607158,-0.24030292546034676,-0.07534694191365855,-0.25606427555453043,-0.15765194325913967,0.14752623688155922,0.19807019567139508,-0.09635182408795602,0.17606581324722254,-0.1701918271633414,0.09608272786683582,0.07978318533041172,0.13585514934840273,0.06212278476146542,0.13550916849267675,0.29916580171452734,0.2234113712374582,-0.0787683081536155,0.1485872448391189,0.16333371775650637,0.018790604697651175,-0.2809364548494983,-0.18418483066159227,0.028824049513704687,0.2060815745973167,0.24714565794026064,0.08936301080229116,0.1051704916772383,-0.07869142351900972,0.13309499096605543,0.17426671279744743,-0.19105831699534848,-0.18045592588321224,-0.12230038826740476,-0.12940452850497827,-0.29069311498097106,-0.2761157882597163,-0.23311421212470687,-0.20991811786414485,-0.15078614538884405,-0.2401184023372929,-0.025871679544842964,0.06324530042670973,-0.05718679121977473,0.09079306500595856,0.2496367201014877,-0.0363741206319917,0.05378849037019952,-0.1254834121400838,0.10603928804828355,0.280359820089955,-0.3003036943066928,0.03636643216853112,-0.13608580325222006,-0.23925729442970822,0.06164610002690962,0.07708453465574905,-0.047237919501787566,0.03229154653442509,-0.07704609233844616,-0.17262907008034445,0.1413062699419521,0.05798639141967478,-0.11036020451312806,0.23119209625956252,0.05880905700995656,0.3374312843578211,0.4942451850997578,0.2047976011994003,0.2451466574405105,-0.051981701456963826,0.19881597662707107,0.47692307692307695,0.3570906854265175,0.22515665244300925,0.1070772306154615,0.007257909506785069,0.15536846961134818,-0.21411601891362012,-0.014884865259677853,-0.01673009649021643,-0.029600584323223003,-0.11303578979740898,-0.1628800984123323,0.15193172644447006,0.22212739783954177,-0.11621881367008803,0.15097835697535847,-0.08971668012147772,0.26776611694152924,0.09183869603659708,0.1251143658939761,0.04686887325567985,0.05036712413024257
#18,0.04427017260600469,-0.054588090570099564,0.02671741052550648,0.3278899012032445,0.2789835851305117,1.0,-0.0001922115865144351,0.29966555183946486,-0.12130857648099028,0.16105024410871488,0.18068657978702957,0.37235997385922426,0.47657709606735094,0.345365778649137,-0.12160842655595279,-0.4144312459155038,0.12814362049744357,-0.08745627186406797,-0.1828547264829124,-0.33212624457002266,-0.24064121785261217,-0.4032522200438242,-0.03372928920155307,0.22489524468534963,-0.13486333756198823,0.08228962441855996,0.007665398070195672,0.23991850228731787,0.22414177526621304,0.05225848614154461,-0.011525006727405527,0.09202321915965095,0.11178257025333486,0.25183562065121284,0.11000653519394149,0.19012032445315805,0.23162265021335487,0.09684388574943298,0.020858801368546495,-0.0921077922577173,0.07328643370622381,-0.18922846269173105,0.07100296005843232,-0.06253796178833661,0.023319109675931263,-0.11289739745511859,0.12193903048475763,0.21927497789566755,-0.10422481067158729,-0.309706685118979,-0.07870680044593088,-0.1808172836658594,-0.20356744704570792,-0.25784799907738437,-0.07181793718525353,-0.07989851228232038,0.03591281282435705,-0.022119709376081192,-0.09752047053396379,-0.0732556798523815,0.149240764233268,0.12318456156537116,0.09708222811671087,-0.30222581017183714,0.03517472033214162,-0.04966747395533003,0.3034790297159113,0.024218659900818822,-0.238442317302887,-0.11132126244570023,-0.031115211624956753,-0.1540691192865106,0.06875024026448315,0.07812247722292699,0.24749163879598662,0.17988697958712951,0.009902740937223696,-0.06811209779725522,-0.0395033252604467,-0.2035366931918656,0.08807903740437474,0.38668358128627994,0.2044285549532926,-0.07014954061430823,0.20058432322300387,0.32897397455118593,0.22178910544727637,0.1829546765078999,-0.07706146926536732,0.4401722215815169,0.3218621458501518,0.28232806673586286,0.043801176334909465,0.0395033252604467,0.029216161150194132,-0.08338138622996194,-0.05644101026409872,0.1451581901357014,0.10439395686771999,0.2784838350055741,0.09291508092107792,0.11498097105293507,0.20256794679583284,0.22401107138738324,0.23322185061315495,0.10026525198938992,0.3293045784799908,0.11666474455080152,0.16108099796255718,-0.07236381809095452,-0.16601699150424787
#26,0.26677430515511474,0.34880252181601507,-0.024510821512320764,-0.03980317533540922,0.02638680659670165,-0.0001922115865144351,1.0,0.21246299926959597,0.16295698304693806,0.2531811017568139,0.20732710567793028,0.1564756083496713,0.12492984277092223,0.1223926498289317,-0.23114596547879906,-0.05163572060123784,-0.05442663283742744,-0.10729250759235767,-0.0993887671548841,0.1259600968746396,-0.15207011878676047,0.10199515626801983,-0.0472609848921693,0.30573943797332104,-0.21346249951947102,0.22664821435436128,-0.031046015453811554,0.05196632453004267,0.06553646253796179,0.015415369238457695,0.04450851497328259,0.10914542728635682,0.01696843885749433,0.1341021796793911,0.1313035789797409,0.2530042670972206,0.12526044669972705,0.10640064583093069,0.04151770268711798,0.09071618037135279,0.22495675239303425,0.055687540844962136,0.1103755814400492,0.01712220812670588,0.07517010725406527,0.17086841194787222,0.05900126859647099,-0.11795640641217853,0.07197939491792565,0.08063660477453581,-0.04602314227501634,0.09999615576826971,0.04560027678468458,-0.04965978549186945,-0.03017721908276631,-0.0363049244608465,-0.05321185561065621,0.17280590473993773,-0.11252835120901088,0.10610079575596817,-0.2813439434129089,-0.25885518779072003,0.16127320954907162,0.14927920655057086,-0.029762042055895128,0.21970553184945987,0.13662399569446046,0.20749625187406298,-0.11345865528774074,0.005135893591665706,-0.14605005189712836,-0.2248721792949679,-0.0639987698458463,-0.02904701495406143,0.06123861146349902,0.03538999730903779,-0.254434321300888,-0.13567062622534887,0.1594126013916119,0.04979048937069926,0.16214200592011688,0.17898742936224196,0.08643370622381118,0.22574097566601314,-0.017076077345942412,-0.09138507669242302,-0.2980971052935071,0.2369815092453773,0.31899434897935647,-0.019190404797601198,0.15424595394610388,-0.16135009418367738,0.14202898550724638,-0.3522700188367355,-0.08385807096451774,0.05676392572944297,0.16253411755660632,-0.10843040018452313,-0.12694422019759352,-0.0011763349094683427,0.058270864567716144,0.053857686541344714,0.11574212893553223,0.03820397493560912,-0.12829738976665514,0.1447430131088302,0.06853496328758697,-0.307123361396225,-0.17732672125475724,-0.37015338484603855,-0.12469150040364434
#49,0.5470803060008458,0.24527736131934033,0.10543189943489793,0.28776381040249105,0.2675508399646331,0.29966555183946486,0.21246299926959597,1.0,0.13186483681236305,0.3731980163764272,0.5220697343635874,0.27741513858455386,0.2673663168415792,0.10264098719870834,-0.1579825471879445,0.0023911121362395725,0.0635912812824357,0.24308614923307578,0.16466382193518625,-0.007058009456810056,-0.2341598431553454,-0.0893168800215277,-0.1210932995040941,0.09689770499365702,-0.03512858955137816,0.3169569061623035,-0.3416830046515204,0.15982008995502248,0.22988505747126436,0.1947564679198862,0.10441702225810172,0.30641602275785185,0.2119094299004344,0.5638180909545227,0.13295659862376505,0.3981317033790797,0.313381770653135,0.366924230192596,-0.20446699727059547,0.063422135086303,0.2507899896205743,0.26265328874024524,-0.1738976665513397,0.06865029023949563,-0.30056510206435244,-0.33643178410794605,0.1319186560565871,0.1006112328451159,-0.5303886518279322,-0.40358282397262907,-0.3398377734209818,-0.2194210587014185,-0.475193172644447,0.06263791181332411,-0.1898589166954984,0.16382577941798332,-0.44959058932072427,-0.3529773574751086,-0.38940529735132434,-0.1455579902356514,0.022019759351093685,0.03064621535386153,0.27861453888440396,-0.19604044131780263,0.32243109214623455,0.06674355130127244,0.18817514319763196,-0.040341367777649635,-0.03635874370507054,0.014561949794333602,0.22472609848921693,-0.07946795832852804,0.19862376504055665,0.23308345827086457,0.16677814938684504,0.14011455810556261,-0.027886056971514243,-0.23043093837696535,-0.2508130550109561,-0.08275862068965517,-0.19950793833852304,0.06620535885903202,-0.2895936647061085,0.2218813670088033,0.1324260946449852,0.19620958751393533,0.2582631761042556,-0.06984969053934571,0.26136162687886827,0.4148848652596778,0.028524199438742168,-0.14948679506400644,-0.09806635143966479,-0.23684311690308693,-0.2212970437857994,-0.10339445661784492,0.19018952062430322,0.07344789143889593,0.08455772113943029,0.12396878483835005,0.06364510052665975,0.10231807173336409,0.226471379694768,0.40475147041863685,0.29905816322607925,0.2537654249798178,0.47360934917156805,-0.024695344635374622,0.1006112328451159,-0.3505631799484873,-0.2425710221812171
#50,0.1918963595125514,0.23837312113174183,0.13236458693730058,0.050528581862914694,-0.13648560335217008,-0.12130857648099028,0.16295698304693806,0.13186483681236305,1.0,0.30324068734863335,0.07985238150155691,0.00867258678353131,0.08751009110829201,-0.11029869680544344,0.13924576173451736,-0.09668242801676084,0.266351439664783,0.19526390650828432,0.06780455925883212,-0.10359435666781994,0.040179910044977514,-0.13544766078499212,0.07234075270057279,-0.13646253796178834,0.08907853765424979,-0.0892476838503825,-0.1686233806173836,-0.025625648714104485,0.0275938953600123,0.03855764425479568,0.30263329873524775,0.10275631415061699,0.08218198593011186,0.03699688617229847,0.08838657594279783,-0.015346173067312497,0.08384269403759659,-0.049206166147695386,0.044016453311805634,0.07527005727905278,0.2386883481336255,-0.042663283742744015,0.08250490139545612,0.04027217160650444,0.05173567062622535,-0.009402990812286165,-0.17838004074885633,-0.12958136316457156,-0.1895129358397724,-0.16344135624495446,-0.23336024295544536,-0.0946219198093261,-0.07377080690424019,-0.07539307269442203,-0.03326798139391843,-0.1712528351209011,-0.036474070656979204,-0.18413869988082882,-0.12049359935416908,-0.032114711874831815,0.09054703417522009,0.049636720101487716,-0.16088109791258218,-0.16514819513320264,-0.05519547918348518,0.03253757736516357,0.07045707915273133,-0.10493983777342099,0.24966747395533004,-0.03221466189981932,0.31445046707415525,0.01930573174950986,0.14020681966708953,0.2037519701687618,0.029915811325106678,0.09192326913466344,0.1418213969938108,0.009602890862261177,-0.1466881943643563,-0.16302617921808327,0.11586514435090148,-0.18463845000576634,-0.10281013339484105,0.10157229077768808,0.036204974435858996,-0.10657748049052397,-0.05664859877753431,-0.07803790412486064,0.022996194210587014,-0.06966516741629185,0.06435243916503287,-0.012870487833006573,0.06176911544227886,-0.016268788682581786,0.06465228923999539,0.08358897474339753,-0.014438934378964364,0.060423634336677814,0.025241225541075617,-0.02147387844539269,0.022434936377964863,0.3446276861569215,-0.007872986583631262,0.16482527966785837,-0.02741706070041902,-0.015146273017337486,0.0057663475954330525,0.04975204705339638,0.020389805097451273,-0.26698189366855035,-0.15772113943028485
#51,0.5773420981816784,0.45112059354937917,0.4057971014492754,0.37489716680121477,-0.05783262215046323,0.16105024410871488,0.2531811017568139,0.3731980163764272,0.30324068734863335,1.0,0.5029177718832891,-0.07247145657940261,0.2157229077768808,0.2238496136547111,-0.13896897704993658,-0.2615922807826856,0.4278629915811325,0.16024295544535425,0.07608503440587398,-0.10227194095260063,-0.07928343520547419,-0.12054741859839312,-0.01012570637758044,0.10580094568100565,0.08082881636105024,0.08510360204513127,0.006389113135739822,0.1748587244839119,0.062191980932610615,-0.06256102717871834,0.227217160650444,0.32956598623765043,0.09622112020912621,0.1710529350709261,0.16419482566409102,0.07350939914658056,0.08897858762926229,-0.015030946065428824,0.30616999192711336,0.3595817475877446,0.13326413716218813,0.05913966093876139,-0.28617229846615155,-0.23013108830200285,-0.1660093030407873,0.03961865221235536,0.1511398147080306,0.03420597393610887,-0.15268519586360665,-0.10693114980971052,-0.17425902433398685,-0.003413677776496367,0.04663821935186253,0.2695498404643832,0.25474185983931114,0.28597239841617655,-0.13143428285857073,0.07296351824087956,-0.1716833890746934,0.001445431130588552,-0.03329873524776074,0.1028562641756045,-0.16435628339676317,-0.3427670779994618,0.4243954945604121,0.32146234575020183,0.06657440510513973,-0.08044439318802138,-0.10393264906008534,-0.1410756160381348,0.18103256064275555,-0.1454964825279668,-0.18060969515242378,0.008134394341290893,0.1254834121400838,-0.010094952523738132,-0.1209933494791066,-0.10344058739860838,-0.1799946180755776,-0.2917618114019913,-0.018467689232306923,0.012278476146542113,-0.04610002690962211,0.082343443662784,-0.05146657440510514,0.01602275785184331,0.0638296236497136,0.08770230269480644,0.009518317764194826,0.10317149117748818,-0.02931611117518164,-0.12865874754930226,0.006619767039557144,-0.023495944335524547,-0.2552569868911698,0.2313996847729981,0.15639872371506555,0.21699919271133664,0.10019605581824473,0.1364087187175643,0.2044285549532926,0.24282474147541613,0.11648790989120825,0.39941567677699613,0.16201130204128705,0.14527351708761005,0.16140391342790145,-0.0648521892899704,0.0415792103948026,-0.04906777380540499,-0.08055972013993004
#52,0.590120324453158,0.339906969592127,0.272409948871718,0.31471187483181484,-0.043585899358013304,0.18068657978702957,0.20732710567793028,0.5220697343635874,0.07985238150155691,0.5029177718832891,1.0,-0.08294314381270904,-0.03229154653442509,0.18613770038057895,-0.28308922461846,-0.044816053511705686,0.24167147195632951,0.2790989120824203,0.1391996309537539,-0.09625187406296852,-0.29507553915350015,0.05306577480490524,-0.025172029369930418,0.25667166416791604,0.01794487371698766,0.3820166839657095,-0.09602890862261178,0.14234421250913004,0.1738976665513397,-0.04258639910813824,0.11130588551877907,0.25429592895859765,0.018613770038057895,0.3922346519048168,0.08717179871602661,0.1428055203167647,0.0664206358359282,0.21496174989428363,0.13733902279629415,0.33617806481374696,0.10457079152731327,0.10021143274516588,-0.328881712989659,-0.018429246915004038,-0.32083189174643445,0.0381424672279245,0.13496328758697573,-0.048575712143928036,-0.266205358859032,-0.10615461500019222,-0.3223849613654711,-0.1637642717102987,-0.10590089570599316,0.4211894052973513,0.03876523276823127,0.2855418444623842,-0.39201168646446005,-0.1296351824087956,-0.1914273632414562,-0.07102602544881405,-0.007688463460577404,0.05454964825279668,0.04131011417368239,-0.15877445892438397,0.5112290008841733,0.39548687194864107,0.3016337984853727,0.08757159881597663,0.042793987621573826,0.09940414408180526,0.35922038980509746,0.11508860954138316,0.018290854572713643,-0.03727367085687925,0.06905009033944566,0.004190212586014685,0.0278322377272902,0.05312728251258986,-0.12236189597508938,-0.0636989197708838,-0.2711336639372621,0.13508630300234498,-0.14622688655672164,0.016683965709452967,-0.1345711759504863,0.07726905777880291,0.17988697958712951,0.04711490408641833,0.1804021066389882,0.12534501979779342,-0.1961480798062507,-0.2673509399146581,-0.09604428554953293,-0.09477568907853766,-0.22563333717756506,0.12015530696190366,0.35131664936762386,0.26545188943989545,0.05768654134471226,0.1693460961826779,0.18705262753238766,0.19327259447199477,0.054234421250913004,0.43104601545381155,0.0651597278283935,0.23874216737784953,0.22935455349248451,-0.08558797524314765,-0.20240648906316072,-0.2081036404874486,-0.08467304809133895
#53,-0.07223311421212471,-0.15302348825587206,-0.5092376888478838,0.03687387075692923,0.5440587398608389,0.37235997385922426,0.1564756083496713,0.27741513858455386,0.00867258678353131,-0.07247145657940261,-0.08294314381270904,1.0,0.30684657671164417,0.20788836351055243,0.07525468035213162,-0.22401107138738324,-0.27294045285049784,-0.3188405797101449,-0.13731595740591243,-0.16146542113558604,-0.24144850651597277,-0.310160304463153,0.008572636758543806,0.32999654019144276,-0.20065351939414908,0.26128474224426246,-0.24203282973897666,-0.0205512628301234,0.28396570945296584,0.3996078883635106,0.03046938069426825,0.23605120516664743,0.20551262830123398,0.2839349555991235,0.19413370237957944,0.5987390919924653,0.5250759235766732,0.38120170683888827,-0.39885441894437396,-0.4331757198323915,0.23877292123169186,-0.006919617114519663,0.3324952908161304,0.044101026409871985,0.14567331718756008,-0.261584592319225,0.25754814900242184,0.03550532426094645,-0.29116979971552687,-0.48310460154538115,-0.11474262868565717,-0.2729096989966555,-0.4865182793218775,-0.45028255103217624,-0.4373966862722485,-0.266951139814708,-0.06307615423057703,-0.1762503363702764,-0.08119786260715796,-0.10980663514396648,0.19287279437204474,0.1152116249567524,0.4068119786260716,0.07048783300657363,-0.23548225887056473,-0.3502479529466036,0.2883942644062584,0.17924883711990158,-0.08957828777918733,-0.030430938376965363,-0.3289509091608042,-0.3925729442970822,0.3401145581055626,0.2888786376042748,0.2804367047245608,0.16749317648867873,0.014085265059777804,-0.13773882289624417,0.19920808826356054,0.04531580363664322,0.10597009187713835,0.23462883942644064,0.17461269365317342,0.41271671856379505,0.6308922461846,0.3223542075116288,0.2810440933379464,0.013685464959827778,0.06054664975204705,0.5311113673932265,0.4191519624802983,0.3105216622458002,0.13979933110367893,-0.08365817091454272,0.1545765578749087,-0.5170107254065275,0.11872525275823627,-0.28302002844731483,-0.2583169953484796,-0.04240187598508438,-0.34684196363356784,0.01290893015030946,0.4039518702187368,-0.10926075423826548,-0.09782800907238688,-0.15330027294045284,0.18976665513397148,0.24688425018260102,0.2020066889632107,-0.1666551339714758,-0.14791066005458808
#54,-0.0648521892899704,0.1470187982931611,-0.08205897051474263,0.25721754507361705,0.13598585322723253,0.47657709606735094,0.12492984277092223,0.2673663168415792,0.08751009110829201,0.2157229077768808,-0.03229154653442509,0.30684657671164417,1.0,0.27152577557375157,0.17212931995540692,-0.19586360665820934,0.008280475147041864,-0.2495060162226579,0.03937262138161688,-0.06780455925883212,0.048783300657363624,-0.14624995194710338,-0.3351554991734902,-0.1516472532964287,-0.07196401799100449,-0.05617191404297851,-0.285126667435513,-0.13121131741821396,0.2597086072348441,0.13234152154691886,-0.22804751470418635,-0.09600584323223003,-0.08990889170799216,0.11322800138392343,0.1818321608426556,0.3277284434705724,0.3310344827586207,0.19664014146772768,-0.15643716603236843,-0.22328066735862837,0.23357551993234152,0.03343712759005113,0.07517779571752585,-0.05617960250643909,0.010018067889132357,-0.1668242801676085,-0.04433168031368931,-0.10174143697382078,-0.24672279244992887,-0.36983046938069425,-0.16341060239111213,-0.22300388267404758,-0.3470264867566217,-0.2800984123322954,0.045377311344327834,0.05961634567331719,0.016922308076730865,-0.11721062545650252,-0.29008572636758545,-0.30391727213316416,0.23066928074424325,0.35010956060431325,0.20570483988774843,-0.04736862338061738,-0.13381770653134972,-0.13898435397685774,0.19309575981240149,0.04179448737169877,0.030492446084649984,-0.08367354784146389,-0.03149963479798562,-0.35663706608234347,0.2958828278168608,0.35330027294045285,0.4251874062968516,0.22927766885787876,0.18263176104255566,-0.05570291777188329,-0.0780532810517818,-0.056610156460231424,0.263821935186253,0.2369584438549956,0.4797216776227271,-0.14601160957982548,0.09046246107715374,0.21724522354207512,0.14149079306500595,0.19146580555875908,-0.13455579902356515,0.2588321224003383,0.23354476607849922,0.24826817360550493,-0.03408295852073963,-0.23050782301157113,0.002444931380463614,-0.19504094106792758,-0.060262176604005686,-0.15614500442086648,-0.14212893553223388,0.13720831891746435,-0.09293814631145965,-0.18852112405335794,-0.0554261330873025,0.22877023026948065,0.06661284742244263,0.08411947872217737,0.14470457079152732,0.10862261177103756,0.370453234921001,-0.07998308538038673,-0.26783531311267444
#58,-0.00438242417252912,0.02671741052550648,-0.11016030446315304,0.012093953023488256,0.09735901280129167,0.345365778649137,0.1223926498289317,0.10264098719870834,-0.11029869680544344,0.2238496136547111,0.18613770038057895,0.20788836351055243,0.27152577557375157,1.0,-0.03117671933264137,-0.17990235651405068,0.014262099719371084,-0.15539922346519047,-0.08753315649867374,-0.17891054472763618,-0.18913620113020413,-0.2502594856417945,-0.2276246492138546,0.14228270480144542,-0.15998923615115518,0.08883250682351132,-0.22990043439818553,-0.0012609080075346943,0.11654172913543229,0.035574520432091646,-0.28432706723561296,-0.14080651981701456,-0.1192557567370161,0.08817898742936224,0.10659285741744512,0.2549955791335102,0.2006458309306885,0.17371314342828587,-0.09388382731711067,-0.09676700111482721,0.08328143620497444,-0.007634644216353362,-0.11480413639334179,0.046038519201937494,-0.056333371775650634,0.023726598239341867,0.16123476723176874,-0.05152808211278976,-0.13314112174681889,-0.21552300772690577,-0.13005804789912737,-0.04204051820243724,-0.08209741283204551,-0.08869411448122093,0.15145504170991428,0.12192365355783646,0.05501095606043132,0.06353746203821166,-0.13713912274631915,-0.16015069388382733,-0.03714296697804944,0.08667204859108907,0.24908315073232615,-0.021450813055010957,0.006296851574212893,0.041925191250528585,0.4028524199438742,0.2560412101641487,0.03052319993849229,0.03648944758390036,0.10058816745473417,-0.007034944066428324,0.20961826778918233,0.12522969284588475,0.38542267327874524,0.23533617806481374,0.1186483681236305,-0.10947603121516165,0.08309691308192058,0.011086764310152616,0.20719640179910045,0.3412063199169646,0.23030792296159613,-0.04051051397378234,0.12745165878599163,0.08263560527428593,0.032760542805520314,-0.030446315303886518,0.1307269442201976,0.09272286933456349,0.11127513166493676,-0.07523930342521047,-0.038511513474032213,0.020113020412870487,-0.09083150732326145,-0.0894860262176604,0.08445777111444278,0.09678237804174836,-0.06612078576096567,0.008103640487448584,0.02773997616576327,-0.08910160304463154,-0.22147387844539268,0.21340868027524698,0.08228962441855996,-0.041187098758313154,0.07087225617960251,0.027447814554261332,-0.041979010494752625,-0.05469572905854765,-0.0518202437242917
#101,-0.3878137854149848,-0.3008111328950909,-0.4557567370161073,0.06609772037058394,-0.1354169069311498,-0.12160842655595279,-0.23114596547879906,-0.1579825471879445,0.13924576173451736,-0.13896897704993658,-0.28308922461846,0.07525468035213162,0.17212931995540692,-0.03117671933264137,1.0,0.3864683043093838,-0.09608272786683582,-0.35026332987352476,0.558882097412832,0.13277207550071118,0.440771921731442,0.29227693845385,0.06444470072655979,-0.1580056125783262,0.42438780609695154,-0.1511782570253335,-0.35241609964248644,-0.6868258178603006,0.4416099642486449,0.2553338715257756,-0.1656018144773767,-0.06229193095759812,-0.02789374543497482,-0.09465267366316842,0.41887517779571753,0.3259985391919425,0.44238649905816324,0.3940721946718948,-0.09476800061507708,-0.29705916272632915,-0.01421596893860762,0.11719524852958137,0.28055972013993,0.34189059316495596,-0.026248414254411257,-0.14619613270287932,-0.11195171644946757,-0.5135124745319648,-0.3683158420789605,-0.42438780609695154,-0.3750586245338869,-0.49264598469995774,-0.48443470572406105,-0.13825394994810286,0.14432014761849846,0.040910314073732364,-0.19895436896936147,-0.27096451774112945,-0.3049013954561181,-0.5796793910736939,0.21720678122477222,0.21433898435397686,0.4001076384884481,0.19457963326029293,-0.44883711990158764,-0.48121323953407913,0.005551070618536886,0.14002998500749625,0.6402952369968862,0.27235612962749395,-0.0007611578825971629,0.06253796178833661,0.4508284319378772,0.3073155729827394,0.14048360435167032,-0.06243032329988852,0.2951370468611848,-0.02298081728366586,0.24779148887094915,0.3034790297159113,-0.016783915734440474,-0.17637335178564564,-0.06026986506746627,-0.04120247568523431,-0.11439664782993118,-0.02040518202437243,-0.18974358974358974,-0.17052243109214624,-0.10985276592472994,0.14526582862414947,-0.18505362703263753,-0.1730903778879791,-0.36695498404643834,-0.11252835120901088,-0.2321531541921347,-0.35912043978010993,-0.057040710414023754,-0.42661746050051896,-0.5129281513089609,-0.15686771998616075,-0.4767001114827202,-0.30141852150847653,0.05777111444277861,-0.13272594471994772,-0.12549878906700496,-0.2144927536231884,-0.20875715988159765,0.1407296351824088,-0.017245223542075118,-0.06516741629185407,-0.2324683811940184
#102,-0.03147656940760389,-0.18066351439664782,-0.2148002921616115,0.03522853957636567,-0.03264521585361166,-0.4144312459155038,-0.05163572060123784,0.0023911121362395725,-0.09668242801676084,-0.2615922807826856,-0.044816053511705686,-0.22401107138738324,-0.19586360665820934,-0.17990235651405068,0.3864683043093838,1.0,-0.2089801253219544,0.09455272363818092,0.419267289432207,0.4874793372544497,0.13941490793065006,0.7483950332526045,-0.023111521162495676,-0.1250374812593703,0.2015300042286549,-0.11477338253949948,-0.27786106946526734,-0.4368584938300081,0.29287663860377505,0.16577864913696996,-0.260638911313574,-0.06802752469918887,-0.24910621612270786,-0.15598354668819436,0.07929881213239534,0.010094952523738132,-0.11769499865451889,0.14462768615692154,-0.171691077538154,0.0937377465113597,-0.05209702840887249,0.4303848075962019,-0.09020874178295468,0.6554799523315266,-0.350878406950371,0.07106446776611694,-0.17976396417176027,-0.3711221312420713,-0.30510898396955366,-0.00361357782647138,-0.28731787952177756,-0.26171529619805484,-0.19278053281051782,0.20213739284204052,0.07653096528658748,0.15393841540768077,-0.43903432898935146,-0.16630146465228923,-0.25411140583554376,-0.37994079883135357,-0.22098950524737632,-0.08717179871602661,0.3572982739399531,0.4870334063737362,-0.1184792219274978,0.02638680659670165,0.032107023411371234,0.26616691654172914,0.49073155729827395,0.5175335409218468,0.06171529619805482,0.17603505939338024,0.11261292430707723,0.04008764848345058,-0.21159420289855072,-0.21336254949448352,0.030723099988467305,0.10031138277015339,0.15856687041094839,0.669027024949064,-0.27643101526159997,0.12658286241494637,-0.12746703571291276,-0.090639295736747,-0.3528850959135817,-0.16737784953677007,-0.30661592280782685,-0.1370929919655557,0.2529350709260754,-0.24863721985161266,-0.20730404028754854,-0.3658017145273517,-0.34135240072271555,-0.1764502364202514,-0.26309153115749817,0.007388613385614885,0.07044170222581017,-0.30279475646791987,-0.2600392111636489,-0.3347710760004613,-0.2106485218928997,-0.325752508361204,-0.17777265213547072,-0.24021066389881982,-0.11661861377003806,-0.1778802906239188,-0.25463422135086305,-0.23374466612847422,-0.22894706492907393,-0.163595125514166,-0.14672663668165917
#201,0.3637335178564564,0.2704109483719679,0.6285395763656634,0.42863183792719023,-0.08990120324453157,0.12814362049744357,-0.05442663283742744,0.0635912812824357,0.266351439664783,0.4278629915811325,0.24167147195632951,-0.27294045285049784,0.008280475147041864,0.014262099719371084,-0.09608272786683582,-0.2089801253219544,1.0,0.4639910813823857,-0.037504324760696574,-0.39736285703302193,0.036635528389651326,-0.11804097951024488,0.062115096298004845,-0.03946488294314381,0.4024603083073848,-0.11808711029100834,0.0627763041556145,0.11484257871064468,0.008711029100834199,-0.08733325644869873,0.3963864221735286,0.23575135509168493,0.09975012493753123,-0.0028677968707953717,-0.24763003113827703,-0.38970514742628687,-0.27051089839695536,-0.35782108945527236,0.37619651712605234,0.3074232114711875,-0.16314150616999193,-0.1826855802867797,-0.14372813593203398,-0.16288778687579286,-0.15387690769999615,0.06299158113251067,-0.1755045554146004,-0.0067043401376234955,-0.0452542959289586,-0.04994425863991082,-0.12171606504440087,-0.015538384653826932,0.187137200630454,0.22829354553492484,0.18949755891285128,0.06959597124514666,0.000991811786414485,-0.1505939338023296,0.12991196709337638,0.08714873332564486,0.1198016376427171,0.1151424287856072,-0.4843962634067582,-0.30484757621189407,0.34704186368354284,0.10066505208933994,-0.01815246223042325,-0.022842424941375467,-0.06978818283166109,-0.16357206012378425,0.28326605927805326,0.08294314381270904,-0.16618613770038057,-0.14172144696882327,-0.1717602737092992,-0.10662361127128743,0.16294929458347748,0.14665744051051396,-0.056663975704455465,-0.3226002383423673,-0.012416868488832507,-0.09002421865990082,-0.1768654134471226,-0.18933610118017913,-0.18299311882520278,0.02313458655287741,0.13326413716218813,-0.11248222042824742,0.03292968900165302,-0.045654096028908624,-0.04929842770922231,-0.10458616845423442,0.1429054703417522,0.3714527351708761,0.03040787298658363,0.5235920501287817,-0.07809941183254526,0.5213700841886749,0.15878983585130513,0.22957751893284128,0.3344635374620382,0.480013839234229,0.05158958982047438,0.33297966401414675,0.31338945911659555,0.13660093030407874,0.06384500057663475,0.010710029600584323,-0.08926306077730366,0.29597508937838773,0.23781955176258024
