,#10,#11,#12,#13,#17,#18,#26,#49,#50,#51,#52,#53,#54,#58,#101,#102,#201,#202,#301,#302,#401,#402,#501,#502,#601,#602,#701,#702,#801,#802,#901,#902,#1001,#1002,#1101,#1102,#1201,#1202,#1301,#1302,#1401,#1402,#1501,#1502,#1601,#1602,#1701,#1702,#1801,#1802,#1901,#1902,#2001,#2002,#2101,#2102,#2201,#2202,#2301,#2302,#2401,#2402,#2501,#2502,#2601,#2602,#2701,#2702,#2801,#2802,#2901,#2902,#3001,#3002,#3101,#3102,#3201,#3202,#3301,#3302,#3401,#3402,#3455,#3501,#3502,#3601,#3602,#3701,#3702,#3801,#3802,#3901,#3902,#4001,#4002,#4101,#4102,#4201,#4202,#4301,#4302,#4401,#4402,#4501,#4502,#4601,#4602,#4701,#4702,#4801,#4802
#10,1.0,0.4361895975089378,0.37363625879368006,0.5300888017529697,0.4113251066774305,0.0679121977472802,0.07103371391227463,0.44663821935186254,-0.15416138084803752,0.3406296851574213,0.2849882750932226,0.13314881021027947,0.17163725829392995,-0.25676392572944295,-0.05164340906469842,0.03226848114404336,0.27650021143274517,0.025802483373697768,-0.08663360627378619,0.04449313804636144,-0.05025179717833391,0.16975358474608848,0.26857340560488985,0.12605235843616652,0.3640179910044978,0.34663437512013223,-0.18342367277899513,0.016976127320954906,-0.042140468227424746,-0.15441510014223658,-0.1380386729712067,-0.1888132856648599,-0.08335832083958021,-0.055364625379617886,-0.02928535732133933,-0.08784069503709684,0.06762772459923884,0.23064621535386154,0.17766501364702264,0.105139737823396,-0.25593357167570063,-0.18012532195440742,0.033037327490101104,0.06665897820320608,0.0832583708145927,0.15389228462691731,-0.1381770653134971,-0.0432783608195902,-0.10944527736131934,-0.19114289009341484,-0.24856802368046746,-0.010686964210202592,-0.0879560219890055,0.002567946795832853,0.01972859723984162,0.12811286664360128,0.10054972513743128,0.1088455772113943,-0.1881597662707108,-0.017829546765079,0.04439318802137393,-0.08422711721062545,-0.18586091569599816,-0.06578249336870026,-0.07142582554876407,-0.03094606542882405,-0.20392880482835504,-0.41882904701495405,0.14765694076038904,0.21079460269865066,0.36228039826240727,0.1539922346519048,0.09164648445008265,0.020681966708953215,0.16700111482720179,0.15351554991734903,0.025963941106369893,0.10814592703648176,-0.1258601468496521,-0.12015530696190366,0.1740668127474724,0.12941990543189943,-0.05453427132587552,-0.16078883635105523,0.4783300657363626,0.15820551262830124,0.0992503748125937,-0.017337485103602047,-0.1438972821281667,0.26562872409948873,0.13095759812401492,0.005497251374312844,0.31821781416983813,0.019966939607119517,0.08943220697343636,0.08351209010879176,0.1244300926459847,0.0898627609272287,0.2480452081651482,-0.04634605774036059,0.1291892515280821,0.3587590819974628,0.28731787952177756,0.451597278283935,0.353715449967324,0.3918732941221697,0.14452004766847346,0.05307346326836582,0.1334179064313997,-0.12433783108445777,-0.1727443970322531
#11,0.4361895975089378,1.0,0.5082228116710875,0.44848345058240113,0.07240226040825741,0.06419866989582132,0.26313766193826166,0.09299965401914427,0.07946026986506746,0.6190212586014685,0.3798946680505901,-0.02010533194940991,0.0619613270287933,-0.13160342905470343,0.23016184215584515,0.32965824779917735,0.32662130473224926,0.10695421520009227,0.06380655825933187,0.2738784453926883,-0.12041671471956329,0.3303502095106293,0.22839349555991234,0.1797562757082997,-0.051574212893553226,0.18466920385960867,-0.22900088417329797,-0.1352477607350171,-0.14179833160342906,-0.019290354822588705,-0.1073155729827394,-0.06707415523007727,-0.15023257601968246,0.054734171375850536,-0.044239418752162384,-0.0753315649867374,0.11184407796101949,0.20491292815130896,-0.061599969246146156,-0.15972782839349556,-0.1699534847960635,-0.07889132356898473,-0.10849190789220774,-0.10124937531234383,-0.025302733248760235,-0.11372775150886096,-0.18718333141121746,-0.2341214008380425,-0.03836543266828124,-0.122423403682774,-0.13755429977319034,0.017783415984315536,-0.07112597547380156,0.08876331065236613,-0.07100296005843232,0.17612732095490716,-0.01581516933840772,0.25770960673509397,-0.13587052627532387,-0.05624879867758428,-0.05321185561065621,-0.048160535117056855,-0.1282743243762734,-0.022734786452927383,-0.17265213547072616,-0.04834505824011071,-0.19600199900049975,-0.14881021027947564,0.41302425710221813,0.49011648022142773,0.43693537846461383,0.5145657940260638,0.13860761926728943,0.24523891900203745,0.19571752585245838,0.30632376119632493,0.06259946949602122,0.22008226655902818,-0.10232576019682467,0.06150001922115865,0.04932918156306462,-0.08409641333179564,-0.05128205128205128,-0.052143159189635954,0.11804097951024488,-0.1887056471764118,-0.021220159151193633,-0.02048975512243878,-0.17906431399684772,0.18741398531503478,-0.12985045938569176,-0.05318879022027448,0.15327720755007113,-0.10517818014069888,0.10553953792334601,0.13564756083496712,0.25847076461769114,-0.012432245415753662,-0.0714873332564487,-0.09346096182677892,-0.060723484411640334,0.08095183177641949,-0.02001307038788298,0.07441663783492869,0.10148002921616114,0.018698343136124247,-0.11255910506285319,0.08095952023988005,0.24245569522930843,-0.24844500826509822,-0.12921231691846385
#12,0.37363625879368006,0.5082228116710875,1.0,0.6496059662476454,0.2015684465459578,0.28866336062737863,0.24277861069465267,-0.05834006073886134,-0.11403529004728405,0.5588359666320686,0.2519432591396609,-0.08000615077076846,0.04000307538538423,-0.12331526544420097,0.2080036904624611,0.4233652404566947,0.58708338138623,0.5665782493368701,0.09915811325106677,0.024257102218121707,-0.2873255679852382,0.05819397993311037,0.27357859531772577,0.4115788259716296,0.09838157844154846,0.29208472686733555,-0.3019028947064929,-0.04226348364279399,-0.08019067389382233,-0.003928804828355053,0.03664321685311191,-0.18042517202936992,0.08160535117056857,-0.06472917387460116,-0.3033637027640026,-0.19953869219236536,-0.34061430823050015,-0.1689001653019644,-0.24457771114442778,-0.2960135316956906,-0.32742859339560987,-0.08583400607388614,-0.09160804213277976,-0.3068388882481836,-0.030484757621189407,-0.1484180986429862,-0.13377157575058624,-0.1793103448275862,-0.16889247683850384,-0.1676008149771268,-0.0775458424633837,0.26162303463652786,0.12847422442624842,0.12709798946680506,-0.01836005074385884,-0.20502056663975704,-0.1272210048821743,-0.14854111405835543,0.10349440664283242,0.2899319570983739,-0.03469034713412524,-0.055110906085418826,-0.3323184561565371,-0.1511090608541883,0.1641794487371699,0.054234421250913004,-0.3517087610041133,-0.23710452466074655,0.31676469457578904,0.18296236497136048,0.5663706608234345,0.4780071502710183,0.027117210625456502,0.19066620535885903,0.019451812555260833,0.11697228308922462,-0.0349440664283243,0.21855226233037328,-0.17504324760696574,0.2107177180640449,0.19686310690808442,0.08056740860339061,0.1617498942836274,-0.10029600584323223,0.12334601929804329,-0.04449313804636144,0.12896628608772537,0.13913812324606928,-0.04411640333679314,0.15207011878676047,-0.0874101410833045,0.15002498750624688,0.318056356437166,0.1478799062007458,0.4031907123361396,0.5903279129665936,0.3147964479298812,0.36072732864337065,0.37287510091108295,0.07230999884673048,0.22795525314265944,0.3880905700995656,0.3252835120901088,0.17023795794410487,0.2315765194325914,0.17592742090493216,0.10381732210817668,0.05068235113212625,0.03713527851458886,0.005020566639757045,0.14734940222196594
#13,0.5300888017529697,0.44848345058240113,0.6496059662476454,1.0,0.2603928804828355,0.2391957867220236,0.08547264829123899,0.13217237535078616,-0.15552223888055972,0.6201822165840157,0.22417252912005536,-0.063968015992004,0.02929304578479991,-0.2298696805443432,-0.013454811056010456,0.09821243224541576,0.42571022181217083,0.18462307307884518,0.06715103986468304,0.011740283704301696,-0.15190866105408835,-0.06132318456156537,0.18702956214200592,0.2324222504132549,0.08651059085841695,0.21748356590935303,-0.057402068196670895,0.09955022488755622,-0.18042517202936992,-0.006904240187598509,-0.25049013954561183,-0.17216007380924922,-0.017045323492100105,-0.06512897397455118,-0.23826548264329372,-0.02987736900780379,-0.16517894898704494,-0.07064160227578518,-0.020128397339791642,-0.21281666858878254,-0.062253488640295236,-0.027201783723522853,0.0554261330873025,-0.16575558374658825,0.02498750624687656,-0.151278207050321,-0.060838811363548996,-0.05653327182562565,-0.02060508207434744,-0.04932918156306462,-0.030799984623073078,0.28844808365048247,0.20379041248606466,0.1477722677122977,0.03224541575366163,-0.12140083804251721,0.07592357667320186,-0.06728943220697343,0.06957290585476493,0.09607503940337524,0.095406143082305,-0.033068081343943415,-0.3193633952254642,-0.26072348441164034,0.1117364394725714,0.09457578902856265,-0.3224695344635375,-0.301610733094991,0.05392688271248991,0.08491139045861684,0.3171875600661208,0.27809172336908466,0.037481259370314844,0.05112828201283973,0.1307269442201976,0.2106485218928997,-0.008841732979664015,0.1930880713489409,-0.2262330373274901,-0.01611501941337024,0.2824203282973898,0.14903317571983238,0.09583669703609733,-0.34738784453926885,0.18303156114250568,0.021197093760811903,0.11290508591857917,0.1077922577172952,0.05421904432399185,0.2578403106139238,0.07533925345019797,0.12134701879829315,0.298735247760735,0.08570330219505631,0.24889862760927228,0.18479990773843846,0.01681466958828278,0.09861992080882635,0.20349056241110214,0.04703801945181255,0.19304962903163803,0.26561334717256757,0.26885019028947066,0.10426325298889016,0.039280359820089955,0.09413754661130973,0.10217199092761312,0.11923269134663438,0.1821012570637758,-0.06144619997693461,0.0399800099950025
#17,0.4113251066774305,0.07240226040825741,0.2015684465459578,0.2603928804828355,1.0,0.36755468419636333,-0.29651328182062814,0.09081613039634029,-0.350586245338869,0.030430938376965363,0.059170414792603696,0.5010033444816053,0.26221504632299236,-0.23155345404220967,-0.33235689847384,-0.33408680275246994,0.2656210356360281,0.1012955060931073,-0.14264406258409257,-0.09159266520585861,-0.22499519471033713,-0.10009610579325721,0.25206627455503017,0.06271479644792988,0.2790297159112751,0.18274708799446432,-0.026609772037058395,0.015661400069196172,0.2782224272479145,-0.01978241648406566,0.09947334025295045,-0.04506977280590474,0.12176988428862492,0.2630454003767347,0.10237189097758813,0.14782608695652175,0.17092991965555684,0.0701264752239265,0.3915734440472072,0.11639564832968131,-0.043639718602237344,-0.10196440241417752,0.46243032329988853,0.15081689924268635,0.37355168569561376,0.15034790297159112,0.09754353592434552,0.01839080459770115,0.19277284434705724,-0.05980855725983162,-0.06959597124514666,0.23081536154999424,0.17705762503363703,0.10798446930380963,0.10916080421327798,-0.17433590896859263,0.07710760004613078,-0.17206012378426172,0.042932379963864224,0.22285011340483604,-0.12578326221504632,-0.25834006073886134,-0.2169453734671126,-0.10722331142121247,0.08870180294468151,0.056694729558297775,-0.2712182370353285,-0.3008265098220121,-0.17222158151693384,-0.26796601699150424,0.06499058163226079,0.004136393341790643,-0.15779033560143005,-0.18668358128627993,-0.025341175566063124,0.047130281013339485,-0.13180332910467843,0.003921116364894475,0.0581478491523469,-0.2694498904393957,0.3409833544766078,0.6152308461154038,0.2033675469957329,0.09561373159574059,0.5634029139276515,-0.16514819513320264,-0.055303117671933265,0.3291508092107792,0.13374082189674394,0.571798716026602,0.4844885249682851,0.1631568830969131,0.3437204474685734,0.03820397493560912,0.2929304578479991,0.2470610848421943,0.03316803136893092,0.005312728251258986,0.1043555145504171,0.08641832929689001,0.21910583169953485,0.3772729020105332,0.22920847268673356,0.31546534425095146,0.4361665321185561,0.23390612386114634,0.37943336024295543,-0.11889439895436897,-0.10181832160842656,-0.2001691461961327,-0.20306000845730982
#18,0.0679121977472802,0.06419866989582132,0.28866336062737863,0.2391957867220236,0.36755468419636333,1.0,-0.3020412870487833,0.07125667935263137,-0.2518202437242917,0.1286126167685388,-0.04574635759043555,0.33237996386422175,0.20128397339791643,-0.06200745780955676,-0.2141237073770807,-0.1365086687425518,0.3385153577057625,0.3461730673124976,0.006496751624187906,-0.09228462691731057,-0.25303502095106295,-0.2384807596201899,0.01809095452273863,0.10266405258909007,-0.042463383692769,-0.06629762042055895,-0.12284626917310576,-0.09308422711721062,0.19082766309153115,0.11455041709914274,-0.03618190904547726,0.05850151847153347,0.11872525275823627,0.14518894398954368,-0.06348364279398762,0.1086764310152616,0.12867412447622342,0.12695959712451466,0.29259985391919424,-0.08598008687963711,-0.08790220274478146,0.08597239841617653,0.20724253257986391,0.014992503748125937,0.22617921808326605,-0.09688232806673586,0.014262099719371084,-0.0386191519624803,-0.017783415984315536,-0.15166263022334986,-0.040425940875715986,0.2886402952369969,0.21875216238034828,0.23284511590358667,0.10478606850420943,-0.12874332064736863,-0.12319993849229231,-0.38565332718256257,0.14105255064775304,0.1634567331718756,0.09359935416906931,-0.035497635797485876,-0.26555952792834353,-0.18163226079268058,0.1205166647445508,0.13314881021027947,-0.10532426094644985,-0.15957405912428402,-0.05602583323722754,-0.2194287471648791,-0.015961250144158688,0.02091262061277054,-0.1360627378618383,-0.020635835928189752,-0.2219505631799485,-0.13635489947334026,-0.12794372044746857,0.059739361088686424,-0.124806827355553,-0.2612462999269596,0.4599008188213585,0.48371967862222737,0.3957636566332218,0.20237573520931842,0.1698919770883789,0.013716218813670088,0.02922384961365471,0.4102102794756468,0.21063314496597854,0.3904739937723446,0.4162611002191212,0.2474608849421443,0.25906277630415564,0.18215507630799985,0.26782762464921384,0.2054049898127859,-0.06197670395571445,0.13850766924230193,0.03372928920155307,0.16123476723176874,0.3577211394302849,0.17195248529581364,0.10846115403836543,0.05890900703494407,0.06131549609810479,0.027447814554261332,0.17415907430899935,0.14884865259677854,-0.1144581555376158,0.019236535578364664,0.030569330719255758
#26,0.07103371391227463,0.26313766193826166,0.24277861069465267,0.08547264829123899,-0.29651328182062814,-0.3020412870487833,1.0,-0.09283050782301157,0.2922538730634683,0.37345173567062623,0.29549071618037137,-0.4795832852804367,-0.13954561180947989,0.257563525929343,0.3485641794487372,0.40109945027486255,0.14829508322761695,0.18318533041171722,0.3277976396417176,0.05412678276246492,-0.06710490908391958,0.22380348287394763,-0.0844500826509822,0.050997578134009916,-0.02537192941990543,0.21532310767693078,-0.3913504786068504,-0.1591050628531888,-0.14055280052281552,-0.02760158382347288,-0.20765002114327452,-0.06251489639795486,-0.17312882020528197,-0.06649752047053396,-0.21740668127474724,-0.09839695536846961,-0.126644370122631,0.10490908391957868,-0.13313343328335833,0.05370391727213317,-0.12540652750547804,0.0066735862837811865,-0.28579556375658327,-0.012632145465728674,-0.309014723407527,-0.3120747318648368,-0.14810287164110253,-0.14924845269672857,-0.336377964863722,-0.31471956329527545,-0.20348287394764156,-0.17453580901856763,-0.33005804789912735,-0.0029216161150194134,-0.2678506900395956,0.21641486948833275,-0.335140122246569,0.08301233998385422,-0.07920655057086841,0.0036289547533925343,0.13654711105985468,0.21270903010033446,0.07963710452466075,0.17691154422788605,-0.03213008880175297,-0.08454234421250913,0.11949409910429401,0.265259677853381,0.4658747549302272,0.5175258524583862,0.5099142736324146,0.3904739937723446,0.19398762157382848,0.1117748817898743,0.07714604236343367,0.04640756544804521,0.24864490831507324,0.2819667089532157,-0.017668089032406874,0.34935609118517663,-0.33890746934225197,-0.5698689116979971,-0.17876446392188522,-0.14606542882404952,-0.229946565178949,0.1270826125398839,0.1843462883942644,-0.4124476223426748,-0.21295506093107291,-0.3945488794064506,-0.21873678545342715,-0.0226271479644793,-0.03714296697804944,0.04825279667858379,0.12280013839234229,0.08937069926575174,0.2844116403336793,0.1683235305424211,0.1240533579364164,-0.0918694498904394,-0.19643255295429207,-0.068388882481836,-0.1280359820089955,0.12379195017875677,0.16381040249106216,0.019374927920655056,0.0035520701187867604,0.15819013570138007,0.17450505516472534,0.17351324337831084,0.18321608426555952
#49,0.44663821935186254,0.09299965401914427,-0.05834006073886134,0.13217237535078616,0.09081613039634029,0.07125667935263137,-0.09283050782301157,1.0,-0.0452542959289586,0.19285741744512358,0.09051628032137778,0.2955676008149771,0.30663898819820856,-0.21609964248644908,-0.042770922231192096,-0.014354361280898013,-0.0060892630607773035,-0.03163033867681544,0.05864759927728443,0.19414139084304002,0.2935762887786876,0.05335024795294661,-0.0447776111944028,-0.14427401683773497,-0.09458347749202321,-0.18773690078037905,-0.05245838619151962,-0.12634452004766847,0.03529773574751086,-0.07969092376888479,-0.13152654442009765,-0.239334179064314,0.09504478529965786,-0.05853227232537577,-0.11222850113404836,-0.16694729558297774,0.20675815938184755,-0.013377926421404682,-0.06393726213816169,-0.060046899627109525,-0.3309883519778572,-0.16397186022373428,0.028578018682966208,0.12343059239610964,0.07993695459962327,0.07879906200745782,-0.1014262099719371,-0.14881021027947564,-0.04390112635989697,-0.05511859454887941,-0.12526044669972705,-0.025264290931457347,-0.020774228270480144,-0.005274285933956099,0.005451120593549379,0.017183715834390496,0.09888901702994657,-0.029954253642409563,-0.293968400415177,-0.22540268327374774,-0.050913005035943565,-0.11064467766116942,-0.09360704263252989,0.035028639526390654,-0.016537884903701994,0.24861415446123092,0.005543382155076308,-0.25040556644754547,0.18712951216699342,0.16660131472725176,0.23278360819590205,-0.03591281282435705,0.23179179640948758,-0.05394994810287164,0.02113558605312728,0.04766078499211932,0.010463998769845845,0.029946565178948985,-0.3086072348441164,-0.19215776727021106,0.022465690231807174,0.04536962288086726,-0.06603621266289932,0.0997962557182947,0.3806404490062661,0.08589551378157076,-0.06535193941490793,-0.038488448083650484,-0.14819513320262945,0.03728135932033983,0.10996040441317803,-0.09431438127090301,0.08847883750432477,-0.21438511513474032,-0.1789028562641756,-0.0239880059970015,-0.10643908814823358,-0.1706685118978972,-0.1897589666705109,-0.1414446622842425,-0.044762234267481646,0.03688924768385038,0.13549379156575558,0.2556337216007381,-0.014930996040441317,0.21167877599661708,-0.04517741129435282,0.03229923499788567,-0.059501018721408526,-0.24615384615384617,-0.2713335639872371
#50,-0.15416138084803752,0.07946026986506746,-0.11403529004728405,-0.15552223888055972,-0.350586245338869,-0.2518202437242917,0.2922538730634683,-0.0452542959289586,1.0,0.021012570637758046,0.24074116787759967,-0.20738861338561487,-0.24040287548533426,0.18020220658901318,0.2959443355245454,0.18841348556490986,-0.10543189943489793,-0.17452812055510705,-0.16078114788759468,-0.0171145196632453,0.09539076615538385,0.15180871102910085,-0.25658709106984967,-0.218229346865029,-0.08241263983392919,-0.20470533963787338,-0.11302810133394842,-0.2802906239188098,-0.3446507515473033,-0.12774382039749357,-0.1892822819359551,-0.029369930419405683,-0.11952485295813632,-0.07768423480567409,0.0981970553184946,-0.09569830469380694,-0.06129243070772306,0.043670472456079655,-0.16108868642601776,-0.008457309806635144,0.14588859416445624,0.09580594318225502,-0.18505362703263753,0.1413062699419521,-0.31984776842348056,-0.3532925844769923,-0.028770230269480643,-0.055280052281551535,-0.33185714834890245,-0.3462960827278668,-0.027970630069580595,-0.4940760389036251,-0.3891515780571253,-0.4545650251797178,-0.22448775612193902,0.2626456002767847,-0.14613462499519472,0.15449967324030292,-0.25642563333717755,-0.4629531388152078,-0.05690231807173336,0.18483835005574137,0.3396148079806251,0.32420712720562794,-0.23254526582862414,-0.19446430630838427,0.37372083189174643,0.3419290354822589,0.11456579402606389,0.18290085726367586,-0.032745165878599165,0.20134548110560105,-0.009164648445008266,0.209387613885365,0.11262830123399839,0.10577788029062392,0.07831468880944144,-0.01749894283627417,0.06971129819705532,0.06582093568600315,-0.32742859339560987,-0.3430976819282666,-0.2792988121323953,-0.15337715757505863,-0.29402990812286167,0.2122861646100027,0.09768192826663591,-0.4338984353976858,0.019321108676431015,-0.4467151039864683,-0.31804866797370546,-0.19729366086187675,-0.5243301426209972,0.019459501018721407,-0.1663091531157498,-0.2364433168031369,-0.08950909160804213,0.24033367931418906,-0.014200592011686464,-0.1866297620420559,-0.20848806366047745,-0.19461038711413525,-0.2056202667896821,0.004782224272479145,-0.05491100603544382,0.026755852842809364,-0.13363318340829586,-0.09569061623034636,0.12067812247722293,0.08409641333179564,-0.03517472033214162
#51,0.3406296851574213,0.6190212586014685,0.5588359666320686,0.6201822165840157,0.030430938376965363,0.1286126167685388,0.37345173567062623,0.19285741744512358,0.021012570637758046,1.0,0.4047207165647945,-0.32057048398877486,0.05890900703494407,0.020289855072463767,0.07908353515549918,0.18340829585207397,0.4325606427555453,0.2985737900280629,0.2956521739130435,0.15699073540153,-0.17085303502095106,-0.0274247491638796,0.10250259485641794,0.0016222657901818322,-0.030361742205820167,0.10817668089032408,-0.015215469188482681,0.0021989005497251375,-0.04855264675354631,0.08598777534309768,-0.27287125667935264,-0.11601122515665244,-0.06745088993964556,0.03532080113789259,-0.3294199054318994,-0.028531887902202745,-0.02588705647176412,0.041732979664014146,-0.14453542459539462,-0.18537654249798177,-0.1523315265444201,0.10482451082151233,-0.26324530042670974,-0.039172721331641874,-0.030108022911621114,-0.2189828162841656,-0.046861184792219276,-0.1561373159574059,0.047507015722907775,-0.014977126821204782,0.1687925268135163,0.21416214969438357,0.16979971552685197,0.1348787144889094,-0.20865720985661015,0.012155460731172876,-0.15683696613231846,-0.14598854418944374,0.05421904432399185,0.051927882212739786,0.037911813324107174,0.07004959058932073,-0.13364856033521702,0.01519240379810095,0.2016683965709453,0.2938300080728866,-0.07896820820359052,-0.09674393572444547,0.35739053550148003,0.37688079037404376,0.5639564832968131,0.399946180755776,0.0020681966708953215,0.06933456348748702,0.0175912043978011,0.10244108714873333,0.03823472878945143,0.18007150271018338,-0.21590743089993464,0.2526813516318764,-0.020335985853227233,-0.1439664782993119,0.06542113558605313,-0.2641294737246761,0.10218736785453428,-0.09452965824779917,0.04338599930803829,-0.04482374197516626,-0.054595779033560145,-0.046476761619190406,0.03792719025102833,-0.027278668358128626,0.21300888017529696,-0.04002614077576596,0.1533464037212163,0.2437934878714489,0.21841386998808288,0.12085495713681621,0.11797947180256026,0.10193364856033521,0.05531849459885442,0.11360473609349171,0.06796601699150424,0.2398493061161727,0.09817398992811287,0.10536270326375274,-0.0977203705839388,0.16459462576404105,0.22042824741475417,-0.15288509591358168,-0.029846615153961482
#52,0.2849882750932226,0.3798946680505901,0.2519432591396609,0.22417252912005536,0.059170414792603696,-0.04574635759043555,0.29549071618037137,0.09051628032137778,0.24074116787759967,0.4047207165647945,1.0,0.010610079575596816,0.12325375773651635,0.07127974474301312,0.13298735247760735,0.11335870526275324,0.33447122592549877,0.09580594318225502,0.016184215584515434,0.05766347595433053,-0.07065697920270633,0.14030676969207703,0.014008380425172029,-0.14728789451428131,0.011494252873563218,0.07134125245069772,-0.20541267827624649,-0.14477376696267252,-0.03908814823357552,-0.020459001268596472,-0.12101641486948833,0.04022604082574097,-0.07320186060815746,-0.037235228539576365,0.20787298658363126,0.12517587360166071,0.1439587898358513,0.2013301041786799,-0.11617268288932457,0.12374581939799331,-0.11048321992849729,-0.1646484450082651,-0.19012032445315805,0.08238188598008687,-0.1812478376196517,-0.07494714181370853,-0.19387229462191982,-0.02366509053165725,-0.20641217852612156,-0.24594625764041056,-0.07068773305654864,-0.28055972013993,-0.2806673586283781,-0.19845461884442395,-0.40211432745165876,0.16905393457117596,-0.08608003690462461,0.07881443893437896,-0.09073155729827394,-0.16264944450851498,0.022027447814554263,-0.08149771268212049,0.23221466189981932,0.24357821089455273,-0.19824703033098834,-0.16054280552031677,0.0981970553184946,-0.024587706146926538,0.3827086456771614,0.4560104563103064,0.47316341829085456,0.5136278014838734,0.12100872640602775,0.06555183946488294,0.10710029600584323,0.15352323838080958,0.1305270441702226,0.10518586860415946,0.125006727405528,0.1170107254065275,-0.09209241533079614,-0.18015607580824972,-0.23176104255564525,-0.15483027716910774,0.12658286241494637,-0.011455810556260331,0.023864990581632262,-0.14844885249682852,-0.18726790450928382,-0.0398108637988698,-0.14485065159727828,-0.1295044785299658,-0.03601276284934456,-0.03187636950755392,0.01122515665244301,-0.09336101180179142,0.13906892707492408,0.22553338715257756,0.15569138507669242,-0.014285165109752815,-0.15755968169761272,0.21799869296121172,0.028139776265713297,0.46488294314381273,0.31835620651212854,0.31964017991004495,0.03224541575366163,0.056633221850613154,0.1705378080190674,-0.15469957329027795,-0.18364663821935187
#53,0.13314881021027947,-0.02010533194940991,-0.08000615077076846,-0.063968015992004,0.5010033444816053,0.33237996386422175,-0.4795832852804367,0.2955676008149771,-0.20738861338561487,-0.32057048398877486,0.010610079575596816,1.0,0.5864759927728443,-0.33677007650021146,-0.18010225656402568,-0.2470610848421943,0.10540114558105562,-0.027524699188867106,-0.14227501633798487,-0.10284088724868336,0.047345557990235654,-0.04354745704071041,0.03363702764002614,-0.06200745780955676,-0.1305270441702226,-0.27705378080190673,-0.15347710760004613,-0.11909429900434398,0.20975666013147273,-0.23907277130665436,0.18544573866912697,0.14190597009187714,0.3334179064313997,0.22861646100026908,0.11382001307038789,-0.08171298965901665,0.3328028293545535,-0.09313804636143466,0.1407296351824088,-0.0299081228616461,-0.29482950832276167,-0.4409333794641141,0.47936800830354054,0.06951139814708031,0.3773113443278361,0.28589551378157074,-0.03401376234959443,0.0052050897628109025,-0.11143658939760889,-0.1584207896051974,-0.1727520854957137,0.013477876446392189,-0.026640525890900702,-0.03476723176873102,0.09382231960942605,-0.18262407257909508,0.027555453042709413,-0.1318494598854419,-0.11014492753623188,-0.01972090877638104,-0.24870641602275786,-0.4401722215815169,-0.22205820166839657,-0.25235843616653214,-0.050228731787952174,-0.12498366201514627,-0.2894245185099758,-0.3510629300734248,-0.09948102871641103,-0.32948141313958407,-0.07095682927766886,-0.0732556798523815,-0.0007611578825971629,-0.1932572175450736,-0.18445392688271248,-0.18630684657671165,-0.17340560488986276,-0.1811555760581248,-0.06147695383077692,-0.40848806366047746,0.5074385883981086,0.6355283896513282,0.21588436550955292,0.42445700226809674,0.3623726598239342,-0.03931880213739284,-0.20247568523430592,0.4766386037750356,-0.21333179564064123,0.5472802060508207,0.20508976281090224,0.0494368200515127,0.09408372736708569,-0.06347595433052704,0.036850805366547494,0.09123130742321148,-0.26110790758466923,0.06557490485526468,-0.11576519432591396,-0.13826163841156344,0.15033252604466998,0.2989582132010918,0.17820320608926307,0.11379694768000614,0.12306154615000192,0.11283588974743397,0.34391265905508783,-0.24945988544189443,-0.4106946526736632,-0.15095529158497675,-0.1781878291623419
#54,0.17163725829392995,0.0619613270287933,0.04000307538538423,0.02929304578479991,0.26221504632299236,0.20128397339791643,-0.13954561180947989,0.30663898819820856,-0.24040287548533426,0.05890900703494407,0.12325375773651635,0.5864759927728443,1.0,-0.24473148041363935,-0.07283281436204975,-0.07959097374389729,0.14343597432053204,0.14060661976703956,0.032875869757428976,-0.2444700726559797,-0.16936916157305962,-0.1790720024603083,0.11895590666205359,-0.10000384423173028,-0.13002729404528504,-0.1890746934225195,-0.065259677853381,-0.0781916733940722,0.4531811017568139,-0.050290239495636796,0.14887940645062084,0.08290470149540614,0.3320801137892592,0.22518740629685158,-0.07524699188867105,-0.037427440126090804,0.3250297927959097,-0.15599123515165494,0.04912159304962903,-0.1974781839849306,-0.29960404413178027,-0.2679352631376619,0.21032560642755546,0.013078076346442164,0.22407257909506786,0.3076615538384654,-0.0008149771268212047,0.01311651866374505,-0.10088032906623612,-0.07324030292546034,-0.01851382001307039,0.22867028024449315,0.0699573290277938,0.03757352093184177,-0.15302348825587206,-0.26094644985199705,-0.15597585822473378,-0.3015261599969246,0.013331795640641218,0.12754392034751855,-0.2333448660285242,-0.36449467573905353,-0.2622996194210587,-0.2488909391458117,0.11591127513166494,0.039933879214239035,-0.16514050666974206,-0.43356783146888095,0.013047322492599853,-0.18474608849421442,0.15182408795602198,-0.1442048206665898,0.08839426440625842,-0.3600123015415369,-0.14772613693153425,-0.2629146964979049,-0.014561949794333602,-0.1095298504593857,-0.2206896551724138,0.09517548917848768,0.2521277822627148,0.26443701226309924,0.2060815745973167,0.14564256333371775,0.36450236420251414,-0.06628993195709837,-0.315219313420213,0.4833660093030408,-0.24009533694691115,0.24097951024487757,0.11428132087802252,-0.0611771037558144,0.24758390035751354,-0.09671318187060315,0.0415100142236574,0.1538307769192327,-0.21967477799561758,0.1036712413024257,-0.002514127551608811,-0.036950755391535,0.16321070234113713,0.45775573751585746,0.2685580286779687,0.29008572636758545,0.20640449006266098,0.21440049206166148,0.40269865067466265,-0.13866143851151347,-0.41764502364202516,-0.11896359512551416,-0.07663860377503556
#58,-0.25676392572944295,-0.13160342905470343,-0.12331526544420097,-0.2298696805443432,-0.23155345404220967,-0.06200745780955676,0.257563525929343,-0.21609964248644908,0.18020220658901318,0.020289855072463767,0.07127974474301312,-0.33677007650021146,-0.24473148041363935,1.0,0.18269326875024025,0.010325606427555454,-0.0299081228616461,0.11678775996617076,0.04547726136931534,-0.03183023872679045,-0.07793026563641256,-0.2514435090147234,-0.19344174066812747,-0.08806366047745358,0.0275938953600123,0.015353861530773075,0.2262022834736478,-0.01909045477261369,0.23102295006342982,0.38619151962480297,0.01397762657132972,0.24032599085072848,-0.014969438357744206,-0.06317610425556452,0.2545496482527967,0.4833890746934225,-0.14360512051666474,0.15556836966132317,-0.02550263329873525,0.2245953946103871,0.08784069503709684,0.3481105601045631,-0.3497558912851267,0.05223542075116288,-0.29024718410025757,-0.1608734094491216,0.26605927805328106,0.21624572329220004,0.14734940222196594,-0.06701264752239265,0.2918310075731365,-0.14062199669396072,-0.07738438473071156,-0.211425056702418,-0.1990081882135855,0.09352246953446354,-0.23451351247453198,-0.1571983239149656,0.07507784569253835,-0.08871717987160266,0.04276323376773152,0.11705685618729098,0.6558413101141737,0.5105447276361819,0.04839118902087418,0.06631299734748011,0.6095490716180372,0.644193287971399,0.10394033752354592,0.22387267904509284,0.015499942336524046,0.07796870795371545,-0.14067581593818476,0.16754699573290277,-0.1680851881751432,-0.020597393610886864,-0.11856379502556415,-0.11808711029100834,0.39828547264829123,0.12931226694345135,-0.27343251451197476,-0.30063429823549764,-0.1340560488986276,0.023026948064429325,-0.15908199746280705,0.06168454234421251,0.02072809748971668,-0.36211125206627454,0.2329066236112713,-0.374274401260908,0.04868335063237612,0.09675931265136663,-0.08688732556798524,0.06326067735363088,-0.020951062930073424,-0.18172452235420752,0.13107292507592358,0.10438626840425941,0.09980394418175528,0.2935993541690693,-0.10094183677392073,-0.23189174643447508,-0.11613424057202168,0.057017645023642025,0.1463422135086303,0.10769999615576827,-0.18170914542728636,-0.10270249490639295,0.11121362395725214,0.00642755545304271,0.00977203705839388
#101,-0.05164340906469842,0.23016184215584515,0.2080036904624611,-0.013454811056010456,-0.33235689847384,-0.2141237073770807,0.3485641794487372,-0.042770922231192096,0.2959443355245454,0.07908353515549918,0.13298735247760735,-0.18010225656402568,-0.07283281436204975,0.18269326875024025,1.0,0.715672932764387,-0.08809441433129589,0.20492061661476954,0.2065967016491754,0.03220697343635874,0.015353861530773075,0.2954292084726867,0.07330949909660554,0.1848229731288202,0.1606273786183831,0.3634182908545727,-0.2823357551993234,-0.31997847230231036,0.09650559335716757,0.3622650213354861,0.13287971398915926,0.09057009956560182,-0.10310998346980356,-0.04975204705339638,0.15428439626340676,0.08200515127051859,0.058493830008072886,0.10242571022181217,-0.1651251297428209,0.032168531119055856,0.06738938223196095,0.11723369084688424,-0.18517664244800677,-0.08141313958405412,-0.39286510590858414,-0.27397839541767577,-0.45095913581670705,-0.30437089147733826,-0.3557836466382194,-0.3363010802291162,-0.20031522700188367,-0.19856225733287203,-0.26747395533002727,0.007004190212586014,-0.002037442817053012,0.379986929612117,-0.17876446392188522,0.03850382501057164,-0.10806135393841541,-0.19355706762003613,-0.13390996809287664,-0.07382462614846423,0.19244224041825242,0.156790835351555,-0.3426978818283166,-0.24279398762157384,0.1065005958559182,0.31968631069080844,0.5145965478799062,0.44906777380540497,0.32792065505708684,0.2486525967785338,0.28895552223888055,0.1732902779379541,0.01474647291738746,-0.07759966170760774,0.12859723984161767,-0.06786606696651674,0.23736593241840617,0.5417598892861262,-0.3555606811978626,-0.3176719332641372,-0.074447391688771,-0.03914965594126014,-0.4358666820435936,-0.027962941606120017,0.03680467458578403,-0.21411601891362012,-0.08488832506823511,-0.366924230192596,-0.3805097451274363,-0.15755968169761272,-0.3073232614462,0.13444816053511705,-0.06338369276900012,0.06961903663552839,0.4821666090031907,0.014346672817437435,0.07914504286318379,-0.20590473993772346,-0.21930573174950985,-0.2550647753046554,-0.039364932918156306,-0.14250567024180216,-0.028439626340675817,-0.1360704263252989,-0.1383462115096298,-0.19729366086187675,-0.19839311113673933,0.06223042324991351,0.019490254872563718
#102,0.03226848114404336,0.32965824779917735,0.4233652404566947,0.09821243224541576,-0.33408680275246994,-0.1365086687425518,0.40109945027486255,-0.014354361280898013,0.18841348556490986,0.18340829585207397,0.11335870526275324,-0.2470610848421943,-0.07959097374389729,0.010325606427555454,0.715672932764387,1.0,-0.033498635297735745,0.2838042517202937,0.16279552531426594,0.21693768500365201,0.011617268288932456,0.5081459270364818,0.04393188021373928,0.4725406527505478,-0.08150540114558105,0.4308768692576789,-0.4585553377157575,-0.39018952062430323,-0.0919386460615846,0.1743128435782109,0.124260946449852,-0.18732941221696844,-0.09541383154576558,-0.25476492522969285,-0.19931572675200862,-0.2519817014569638,-0.23475185484180985,-0.06714335140122246,-0.26983431361242455,-0.20356744704570792,-0.11814861799869296,-0.012586014684965209,-0.1942797831853304,-0.21079460269865066,-0.3399761657632722,-0.29831238227040324,-0.47097220620459,-0.44373966862722486,-0.2887018029446815,-0.15997385922423404,-0.2759235766732019,-0.06778918233191097,-0.17716526352208511,0.15576058124783762,0.05098220120708876,0.165978549186945,-0.13510936839272672,0.15387690769999615,-0.10875331564986737,-0.06511359704763003,-0.15614500442086648,-0.03537462038211663,-0.07333256448698727,0.08355053242609464,-0.23761196324914466,-0.057648099027409375,-0.10487064160227579,0.05492638296236497,0.538161688386576,0.5270595471495022,0.47153346403721214,0.23250682351132126,0.3385538000230654,0.29991158267020335,0.06858109406835045,0.1372928920155307,0.09078537654249798,0.09967324030292546,-0.16789297658862876,0.46225348864029525,-0.23641256294929458,-0.2914927151808711,-0.006681274747241763,0.02156614000691962,-0.303848075962019,-0.11571137508168992,0.011494252873563218,-0.13308730250259485,-0.07493945335024796,-0.1963172260023834,-0.40365202014377427,-0.03534386652827432,-0.15863606658209356,0.030454003767347096,0.00876484834505824,0.25429592895859765,0.3957559681697613,-0.028239726290700803,0.04338599930803829,-0.2388267404759159,-0.10000384423173028,-0.006550570868411948,-0.06545188943989544,-0.12287702302694807,-0.05727136431784108,-0.1919424902933149,-0.08546495982777842,-0.03417522008226656,-0.06498289316880021,-0.05564909852765925,0.02025910121862146
#201,0.27650021143274517,0.32662130473224926,0.58708338138623,0.42571022181217083,0.2656210356360281,0.3385153577057625,0.14829508322761695,-0.0060892630607773035,-0.10543189943489793,0.4325606427555453,0.33447122592549877,0.10540114558105562,0.14343597432053204,-0.0299081228616461,-0.08809441433129589,-0.033498635297735745,1.0,0.5125975473801561,0.0331065236612463,-0.22095106293007344,-0.2572713643178411,-0.07909891208242033,0.33254142159689387,0.13666243801176334,0.26828124399338793,0.10227194095260063,-0.12539115057855688,0.18267020335985854,0.12101641486948833,-0.20992580632760544,-0.009379925421904432,0.09742820897243686,0.11719524852958137,0.13325644869872755,-0.1436512512974282,-0.10873025025948564,-0.06519817014569639,-0.07505478030215662,-0.04397801099450275,-0.04151770268711798,-0.41332410717718066,-0.30209510629300734,-0.014784915234690348,-0.06622842424941376,0.21880598162457232,0.16754699573290277,0.0777149886595164,0.17315188559566372,-0.0635605274285934,-0.07397839541767577,0.21307038788298158,0.19814708030600084,0.18410794602698652,0.0029369930419405684,-0.140053050397878,-0.13234921001037941,-0.27852227732287704,-0.30124168684888325,0.10796909237688848,0.2813823857302118,-0.007011878676046592,-0.07527005727905278,-0.32178526121554607,-0.09975012493753123,0.3280667358628378,0.013347172567562373,-0.248721792949679,-0.19038942067427825,0.20719640179910045,-0.022557951793334103,0.4139853150347903,0.5390151078307001,-0.2073424826048514,-0.1243608964748395,-0.2773690078037904,-0.17217545073617038,-0.14488909391458116,0.039003575135509165,0.0326990350978357,0.035436128089801254,0.2666205358859032,0.11578057125283513,-0.051189789720524355,-0.07261753738515357,0.17798792911236688,-0.051212855110906084,-0.00914927151808711,0.07725368085188175,-0.17620420558951294,0.1103448275862069,0.07197170645446507,-0.026402183523622804,0.274847191788721,0.10667743051551147,0.3462730173374851,0.4513128051358936,0.15190097259062776,0.5914350517049167,0.4025756352592934,0.27819936185753275,0.25766347595433053,0.45707146426786605,0.4805366547495483,0.4425787106446777,0.3476876946142313,0.3950409410679276,0.16108099796255718,0.01577672702110483,0.004290162611002191,-0.03983392918925153,0.0469534463537462
