,#10,#11,#12,#13,#17,#18,#26,#49,#50,#51,#52,#53,#54,#58,#101,#102,#201,#202,#301,#302,#401,#402,#501,#502,#601,#602,#701,#702,#801,#802,#901,#902,#1001,#1002,#1101,#1102,#1201,#1202,#1301,#1302,#1401,#1402,#1501,#1502,#1601,#1602,#1701,#1702,#1801,#1802,#1901,#1902,#2001,#2002,#2101,#2102,#2201,#2202,#2301,#2302,#2401,#2402,#2501,#2502,#2601,#2602,#2701,#2702,#2801,#2802,#2901,#2902,#3001,#3002,#3101,#3102,#3201,#3202,#3301,#3302,#3401,#3402,#3455,#3501,#3502,#3601,#3602,#3701,#3702,#3801,#3802,#3901,#3902,#4001,#4002,#4101,#4102,#4201,#4202,#4301,#4302,#4401,#4402,#4501,#4502,#4601,#4602,#4701,#4702,#4801,#4802
#10,1.0,0.3240841117902587,0.4640679660169915,0.5439741667627724,0.12280013839234229,0.3657325183562065,0.01660708107484719,0.5501326259946949,-0.03841156344904471,0.4482220428247415,0.4004151770268712,0.02371890977588129,0.0323223003882674,-0.26354515050167227,-0.13612424556952293,-0.1923115365394226,0.46261484642294237,0.011440433629339176,0.02866259178103256,0.009203090762311152,0.17345173567062622,0.2439626340675816,0.5112443778110944,0.20293699304194057,0.1341252450697728,0.12024756852343059,0.10927613116518664,0.2849959635566832,-0.14064506208434244,-0.12173144197132203,-0.2190827663091531,-0.46065428824049515,-0.09610579325721755,-0.324606927305578,0.09560604313228001,-0.38184753776957675,0.036420251412755164,-0.4624841425441126,0.10869949640564333,-0.2528197439741668,0.16132702879329566,-0.24153307961403914,0.037242917003036946,-0.11179025871679545,0.21627647714604237,0.07395533002729404,0.026848114404336293,0.21250913005035943,-0.026125398839042017,0.13476338753700073,-0.2246645907815323,0.1138815207780725,0.08590320224503133,0.19906200745780955,0.18087110291008343,-0.10841502325760197,0.23133048860185293,0.2302848575712144,-0.15930496290316382,0.12173913043478261,-0.0980971052935071,-0.16537884903701996,-0.35143197631953255,-0.2721254757236766,-0.11945565678699112,-0.22856264175604504,-0.32250797678084037,-0.1565524929842771,-0.1006804290162611,-0.1736285703302195,-0.05155883596663207,-0.05826317610425556,-0.08388113635489948,-0.04177911044477761,-0.06176911544227886,0.07140276015838234,-0.22597931803329105,-0.11234382808595703,0.004113327951408911,-0.20944912159304963,0.016914619613270288,0.05937800330603929,0.19414139084304002,-0.37146811209779723,0.01715296198054819,-0.23306039288048283,-0.1716833890746934,0.12310767693076538,-0.029162341905970092,0.10919155806712029,-0.04275554530427094,0.15044016453311806,0.07150271018336986,-0.20705800945681005,-0.05228923999538692,-0.045062084342444166,-0.007550071118287011,0.19080459770114944,0.27077999461807556,0.0021989005497251375,0.26554415100142237,-0.023349863529773574,-0.1674086033906124,-0.23196863106908083,0.17670395571445047,0.14224426248414254,0.1057855687540845,-0.16141929035482258,-0.15463037711913274,-0.341744512359205,-0.22018990504747626
#11,0.3240841117902587,1.0,0.11022950063429823,0.16687041094837196,-0.05035943566678199,-0.002214277476646292,-0.028147464729173875,0.2266789682082036,-0.0280705800945681,0.2609387613885365,0.03346019298043286,0.09764348594933303,0.163049244608465,-0.021804482374197517,-0.02148925537231384,-0.051981701456963826,0.1718525352708261,-0.01746818898243186,-0.004267097220620459,0.0677814938684504,0.14061430823050014,0.19824703033098834,0.3384615384615385,0.22241955945104372,0.2847883750432476,0.062138161688386574,0.17392842040518203,0.1894514281320878,-0.023565140506669743,-0.04785299657863376,-0.07799177334409718,-0.1826394495060162,-0.23336793141890594,-0.2547341713758505,0.034106023911121365,-0.10377119132741322,-0.040641217852612155,-0.34308999346480606,0.29076231115211626,-0.28063660477453584,0.006927305577980241,-0.19434129089301502,0.05070541652250798,-0.17269057778802907,0.2133394841041018,-0.04005689462960827,-0.11102910083419829,-0.03270672356129627,0.055326183062314994,0.19417214469688232,-0.161211701841387,0.051189789720524355,0.0746549802022066,-0.031353553992234655,0.16000461307807634,-0.2025910121862146,0.01715296198054819,-0.0032368431169030867,-0.23958789835851305,-0.08737169876600162,-0.14626532887402452,-0.22208126705877831,-0.021396993810786913,-0.05016722408026756,-0.12672125475723678,0.0837043016953062,-0.08259716295698305,-0.037296736247260986,-0.12515280821127897,-0.1891823319109676,-0.08151308960904163,-0.026271479644792987,-0.13074232114711876,-0.3025794794910237,-0.08920924153307962,0.013893053473263368,-0.19012032445315805,-0.17362088186675892,0.2755852842809365,-0.07403221466189983,0.07130281013339484,0.08178987429362242,0.1398147080306001,-0.010525506477530465,0.05850920693499404,-0.0677430515511475,-0.10516280321377773,0.1305577980240649,-0.11465805558759082,0.13142659439511015,0.18262407257909508,0.10513204935993542,0.0018606081574597316,-0.13148810210279477,-0.17521239380309844,0.08099027409372236,0.09769730519355707,0.05809402990812286,-0.10923768884788375,-0.2314688809441433,0.09021643024641525,-0.29709760504363203,0.04999807788413486,-0.1912197747280206,-0.03744281705301195,0.13251066774305156,-0.12134701879829315,-0.04071041402375735,0.051812555260831124,-0.2882943143812709,-0.3064544650751547
#12,0.4640679660169915,0.11022950063429823,1.0,0.4496059662476454,0.09760504363203014,0.34900242186599006,0.10128781762964671,0.15849767423980318,0.16425633337177564,0.543835774420482,0.40573559374159074,0.10854572713643178,0.06508284319378772,-0.06701264752239265,-0.011302041287048783,-0.082343443662784,0.5944412409180025,0.3368392726713566,-0.023034636527889903,-0.1289893514781071,0.033098835197785725,0.3387998308538039,0.44043362933917657,0.3517087610041133,0.10239495636796986,0.36020451312805135,-0.058785991619574825,0.1088455772113943,-0.14422019759351093,-0.1474339753200323,-0.0909160804213278,-0.39930803828854805,-0.1919732441471572,-0.3901357013800792,-0.19991542690193365,-0.4037519701687618,-0.1961942105870142,-0.26212278476146544,-0.18657594279783185,-0.36617844923692,0.219467189482182,0.015661400069196172,0.16121939030484758,-0.09440664283242994,0.13141890593164957,0.17729596740091494,-0.11172106254565026,-0.04735324645369623,-0.16031215161649945,-0.06483681236304925,-0.15636796986122323,0.07470111098297005,-0.06978049436820051,0.22338830584707647,-0.026794295160112253,-0.19268058278553032,-0.08483450582401107,0.021858301618421557,-0.12443778110944528,-0.053504017222158154,0.18369276900011533,0.030307922961596127,-0.41154807211778727,-0.1186791219774728,-0.11588052127782263,-0.1958866720485911,-0.30382501057163724,-0.003867297120670434,0.24011071387383232,-0.15299273440202976,0.2429400684273248,-0.03245300426709722,0.013416368738707569,0.12541421596893862,-0.3969784338599931,-0.10853035020951063,-0.023057701918271632,0.14322838580709646,0.31870218736785455,-0.10710029600584323,0.05747126436781609,0.015392303848075961,0.24910621612270786,-0.13271056779302656,0.2137085303502095,0.10923000038442317,0.2499135047860685,-0.06179986929612117,0.04420866489832007,0.17952562180448237,0.05140506669742052,0.1067696920770384,0.13561680698112483,0.1303886518279322,0.10394033752354592,0.27266366816591703,0.3167723830392496,0.3080921077922577,0.3917656556337216,0.05314265943951101,0.3371160573559374,0.12904317072233115,-0.02514127551608811,0.01972859723984162,0.24619997693460963,0.24417022258101717,0.05784799907738439,0.07570829969630569,-0.027117210625456502,-0.03684311690308692,-0.08857878752931227
#13,0.5439741667627724,0.16687041094837196,0.4496059662476454,1.0,-0.07253296428708722,0.22186599008188213,0.017368238957444354,0.1741052550647753,-0.16006612078576096,0.5923499788567255,0.546219198093261,-0.17726521354707261,0.10900703494406642,-0.5053165724829892,0.030600084573098065,-0.035789797408987814,0.5067312497597355,-0.08009072386883481,0.12505285818629147,0.12002460308307385,0.3403913427901434,0.37388228962441855,0.3729135432283858,0.11080613539384154,0.09413754661130973,0.17504324760696574,0.25521085611040634,0.370053434821051,-0.1784569253834621,0.012101641486948833,-0.256071964017991,-0.43445200476684737,-0.08518817514319763,-0.27819936185753275,-0.07543920347518548,-0.14058355437665782,-0.010617768039057394,-0.18682197362857034,-0.04251720293699304,-0.23951870218736784,0.18606850420943374,-0.04471610348671818,-0.025179717833390996,-0.05281205551070618,0.29120055356936914,0.03117671933264137,0.09134663437512013,0.14874101410833046,0.10653903817322108,0.198708338138623,0.09165417291354323,0.3172951985545689,0.28225118210125705,0.2679583285280437,0.19257294429708222,0.01824472379195018,0.30279475646791987,0.2821742974666513,-0.038980509745127435,-0.12261561526928844,-0.015407680774997117,0.05584899857763426,-0.48967054934071425,-0.2745704071041402,0.011678775996617076,-0.08248183600507439,-0.23336024295544536,-0.23964940606619767,-0.04499288817129896,-0.11458885941644563,-0.0025833237227540075,0.16099642486449084,-0.19943105370391728,-0.04121016414869488,-0.061492330757698076,-0.004420866489832007,-0.08589551378157076,-0.10653903817322108,-0.01824472379195018,-0.18192442240418252,-0.06750470918386961,-0.027793795409987315,0.14378195517625803,-0.28000615077076846,-0.10150309460654289,-0.27728443470572406,-0.09958866720485911,0.14084496213431746,0.08514973282589475,0.09623649713604736,-0.18736785453427132,-0.09179256525583362,0.12996578633760042,-0.19930034982508746,-0.17570445546457542,-0.11713374082189675,-0.023888055972013992,0.002321915965094376,0.42751701072540654,-0.05104370891477338,0.17645792488371198,0.0541344712259255,-0.053803867297120674,-0.19018952062430322,0.14428170530119555,0.07545458040210663,0.026248414254411257,-0.0367124130242571,-0.1329335332333833,-0.3702072040902626,-0.416391804097951
#17,0.12280013839234229,-0.05035943566678199,0.09760504363203014,-0.07253296428708722,1.0,0.38418483066159226,0.15503786568254335,0.04120247568523431,-0.09667473955330028,-0.13413293353323338,-0.06398339291892516,0.4954445853996079,-0.09410679275746742,0.18714488909391458,-0.20179910044977512,-0.11574981739899282,-0.1374312843578211,0.0392649828931688,-0.21220159151193635,-0.22550263329873524,-0.24466228424249414,-0.16700111482720179,-0.0040364433168031365,0.0077576596317226005,-0.2557644254795679,-0.15478414638834428,-0.43106908084419326,-0.19960788836351057,-0.08109791258217046,0.06390650828431937,0.016876177295967403,-0.2654672663668166,-0.21713758505362704,-0.2833045015953562,0.1281051781801407,-0.17318263944950602,-0.10744627686156921,-0.27993695459962326,-0.2040133779264214,-0.3049013954561181,0.2118709875831315,0.15653711605735593,0.1945258140160689,-0.05723292200053819,-0.1268135163187637,0.12726713566293776,-0.2980894168300465,-0.06653596278783686,-0.15813631645715603,-0.10042670972206205,-0.07276361819090454,-0.0030138776765463423,-0.28065198170145694,-0.24353976857724985,-0.26279936954599625,-0.4740091492715181,-0.17476646292238496,-0.1629877369007804,-0.1575673701610733,-0.10902241187098759,0.17481259370314842,0.11009110829200784,-0.17187560066120786,0.05730980663514396,0.00657363625879368,-0.020681966708953215,0.18411563449044707,0.14922538730634682,0.07858378503056164,-0.008265098220120708,0.04853726982662515,-0.2910621612270788,0.236404874485834,0.2097028408872487,0.06377580440548956,0.13996078883635105,0.05487256371814093,0.10014223657402069,0.10734632683658171,-0.11673394072194672,0.06484450082650982,0.26333756198823666,-0.07671548840964133,0.2637911813324107,0.49020874178295465,0.24666128474224427,0.1605351170568562,0.11869449890439396,0.1505939338023296,0.3325644869872756,0.22890862261177103,0.08321992849728982,0.10254103717372083,0.014884865259677853,0.06897320570483989,0.07443970322531042,0.12575250836120402,0.1272517587360166,-0.03172260023834237,0.10371737208318918,0.0687656171914043,0.20958751393534003,-0.20454388190520126,0.2309614423557452,-0.01576135009418368,-0.03308345827086457,-0.015399992311536539,0.08518048667973706,0.20960289086226117,0.009825856302617921,-0.05635643716603237
#18,0.3657325183562065,-0.002214277476646292,0.34900242186599006,0.22186599008188213,0.38418483066159226,1.0,0.006342982354976358,0.22843193787721525,0.2534732633683158,0.14697266751239765,0.11400453619344174,0.2330988351977857,0.22960827278668358,-0.2005151270518587,-0.1100372890477838,-0.13713912274631915,0.15922038980509745,0.19505631799484874,-0.17200630454003768,-0.16218813670088034,-0.08528812516818514,0.11411217468188982,0.03556683196863107,0.1506708184369354,-0.25169722830892244,0.007088763310652366,-0.2907776880790374,-0.03540537423595894,-0.08121323953407912,-0.053204167147195634,-0.014977126821204782,-0.10206435243916503,-0.010310229500634299,-0.16566332218506133,0.22775535309268444,-0.15327720755007113,-0.055902817821858304,-0.16920001537692692,-0.2496444085649483,-0.1414139084304002,0.37660400568946295,0.22529504478529966,0.19651712605235844,0.08491907892207742,-0.07410141083304501,0.12443778110944528,0.0507976780840349,0.10119555606811978,-0.1406296851574213,-0.04942913158805213,0.0235113212624457,0.1780186829662092,-0.03442125091300503,0.002022065890131857,-0.17753430976819282,-0.19286510590858416,-0.041617652712105484,0.12449160035366932,-0.09060085341944413,-0.09184638450005767,0.05391919424902933,0.08423480567408603,-0.10313304886018529,-0.019013570138007918,-0.2864875254680352,-0.20080728866336062,0.00079960019990005,-0.08899396455618344,-0.030454003767347096,0.027816860800369048,0.08004459308807135,0.1417752662130473,-0.12017068388882482,0.26673586283781187,-0.1973859224234037,0.08088263560527428,0.02013608580325222,-0.004497751124437781,0.06448314304386268,-0.0015992003998001,-0.04776073501710683,0.3313804636143467,-0.12553723138430783,0.06637450505516472,0.06164610002690962,0.002875485334255949,0.10839195786722024,0.00716564794525814,0.11125206627455503,0.2743858839810864,0.07851458885941645,0.2109868142851651,0.14085265059777805,0.035136278014838734,0.1692769000115327,-0.07938338523046169,0.09393764656133471,0.11685695613731596,0.11379694768000614,0.05617960250643909,0.19909276131165188,0.0741090992965056,-0.1694768000615077,-0.005435743666628225,0.059793180332910464,0.09665167416291855,0.12492984277092223,-0.03820397493560912,-0.053011955560681195,-0.11348172067812248,-0.1763195325414216
#26,0.01660708107484719,-0.028147464729173875,0.10128781762964671,0.017368238957444354,0.15503786568254335,0.006342982354976358,1.0,0.002214277476646292,0.2998116326452159,0.2770384038749856,0.16058124783761965,0.14497366701264752,0.2860031522700188,0.337323645869373,-0.16938453849998078,-0.193941490793065,-0.06698189366855034,0.039280359820089955,0.10275631415061699,0.29674393572444546,-0.12260023834236727,0.04219428747164879,-0.06765078998962057,-0.2411332795140891,-0.14708030600084573,-0.2664898320070734,0.13316418713720063,0.1499404144081805,-0.10804597701149425,-0.1657325183562065,-0.029777418982816283,-0.11894052973513243,-0.2696728558797524,-0.08785607196401798,0.054641909814323604,0.1387844539268827,-0.09491408142082805,0.021750663129973476,-0.12551416599392612,-0.08218967439357244,-0.08173605504939838,-0.04989812785914735,-0.011955560681197862,0.10062660977203707,-0.21536923845769423,-0.025664091031407373,0.07159497174489678,0.17323645869373006,0.247776111944028,0.24540037673470957,0.06185368854034521,0.05103602045131281,0.037150655441510014,0.0028293545534924846,-0.2056125783262215,0.04767616191904048,-0.12081651481951332,0.02197362857033022,-0.0636989197708838,0.034921001037942566,-0.010056510206435243,-0.09020874178295468,0.07083381386229962,0.05956252642909315,0.2672125475723677,0.3815169338407719,0.19035097835697537,0.3091531157498174,0.27170261023334485,0.22346519048168223,0.46083112290008843,-0.05693307192557567,0.08398877484334756,-0.04428554953292584,-0.017721908276630914,0.08042132779763964,-0.19008957059931572,-0.04623841925191251,-0.0777149886595164,-0.15839772421481568,-0.1506708184369354,-0.10665436512512974,0.130319455656787,0.07437050705416523,0.1267135662937762,0.12550647753046554,0.05937800330603929,-0.23820397493560913,-0.13547841463883442,-0.056279552531426594,0.08983969553684697,0.09528312766693577,0.018060200668896322,0.0821742974666513,0.09796640141467727,0.18035597585822474,-0.062414946372967364,-0.025002883173797716,0.2059201168646446,-0.08341214008380425,-0.12180063814246722,0.0682197362857033,-0.046530580863414446,-0.16840041517702686,-0.020028447314804135,-0.18388498058662975,-0.10407872986583631,-0.11724137931034483,0.021858301618421557,-0.1092223119209626,-0.09480644293237997
#49,0.5501326259946949,0.2266789682082036,0.15849767423980318,0.1741052550647753,0.04120247568523431,0.22843193787721525,0.002214277476646292,1.0,-0.21756045054395878,0.11539614807980625,0.23998769845846307,0.03342943912659055,-0.19876215738284703,-0.28847883750432474,-0.15659093530157997,-0.07759966170760774,0.03574366662822435,-0.01818321608426556,0.09260754238265483,0.11781801406988814,0.10706954215200093,0.30902241187098756,0.47660016145773265,0.2955445354245954,0.23311421212470687,0.2467458578403106,0.0010994502748625688,0.2476761619190405,-0.04084880636604774,-0.011378925921654558,-0.12662899319570983,-0.1742128935532234,0.04204051820243724,-0.06101564602314227,0.1630799984623073,-0.2627455503017722,-0.031814861799869296,-0.5025794794910238,0.23738130934532733,-0.05766347595433053,0.2520970284088725,0.030607773036558643,0.2319071233613962,-0.1481182485680237,0.3706992657517395,0.31930957598124016,-0.07581593818475378,0.19987698458463077,-0.09165417291354323,0.24144081805251222,0.022104332449160036,0.3070157229077769,0.14927151808711028,0.07975243147656941,0.2009841233229539,0.006842732479913889,0.13413293353323338,0.10903778879790874,0.09264598469995772,0.21058701418521508,-0.22903163802714027,-0.1829546765078999,-0.11358167070310998,-0.15436128089801254,0.03627417060700419,-0.0874101410833045,-0.356790835351555,-0.09425287356321839,-0.30290239495636795,-0.26918079421827545,-0.25062084342444163,-0.2906546726636682,-0.19477184484680737,-0.08367354784146389,-0.18689116979971554,-0.053642409564448545,-0.32942759389536,-0.21636873870756929,-0.040625840925691,-0.10566255333871526,-0.242863183792719,0.12393803098450774,-0.2001307038788298,-0.21619959251143658,-0.23301426209971937,-0.26929612117018414,-0.1755737515857456,0.2657748049052397,0.08344289393764656,0.31019874678045595,0.2725483412140084,0.40157613500941836,0.26493676238803676,-0.2361050244108715,0.04469303809633645,-0.31671856379502555,-0.01646100026909622,0.1443355245454196,0.24027217160650444,-0.13372544496982278,0.08238957444354746,-0.12314611924806827,-0.3383462115096298,-0.054380502056663976,0.12440702725560297,0.12206204590012686,0.15309268442701726,-0.1820089955022489,0.00598162457232922,-0.3017491254372814,-0.20874178295467652
#50,-0.03841156344904471,-0.0280705800945681,0.16425633337177564,-0.16006612078576096,-0.09667473955330028,0.2534732633683158,0.2998116326452159,-0.21756045054395878,1.0,0.14733402529504477,-0.06212278476146542,0.11458117095298505,0.386937300580479,0.2520585860915696,-0.1362626379118133,-0.050836120401337795,0.07569292276938454,0.43199938492292317,-0.21226309921962097,0.015230846115403837,-0.3035405374235959,-0.06336062737861839,-0.1918040979510245,0.0063968015992004,-0.1684311690308692,-0.13435589897359013,-0.07816860800369047,-0.1369161573059624,-0.0031292046284550033,-0.09902740937223696,0.004405489562910852,0.1867681543843463,0.04765309652865875,0.049444508514973284,0.16848498827509323,0.2652212355360781,-0.06446007765348095,0.23709683619728597,-0.2486910390958367,0.025102833198785222,-0.02685580286779687,0.18685272748241263,0.022419559451043708,0.14225195094760312,-0.4493368700265252,-0.11896359512551416,0.17834159843155345,-0.04291700303694307,0.03665090531657248,-0.15587590819974628,-0.1960558182447238,-0.20362126628993196,-0.13999154269019337,-0.0024679967708453464,-0.40904163302963903,0.010494752623688156,-0.29847384000307536,0.03176873101910583,0.04752239264982893,-0.07156421789105448,0.22268096720870334,0.14942528735632185,0.18949755891285128,0.22088186675892824,-0.13600891861761427,0.020282166609003192,0.19405681774497366,0.3191327413216469,0.3520547418598393,0.4364356283396763,0.38188598008687963,0.23706608234344367,0.014592703648175913,0.032437627340176065,-0.14381270903010032,0.12653673163418291,0.19517933341021798,0.2262637911813324,0.009479875446891939,0.1865221235536078,0.1881597662707108,0.2882481836005074,0.23385999308038288,0.08576480990274093,0.1814938684503902,0.23346019298043286,0.24471610348671818,-0.3378541498481529,-0.08987813785414984,-0.20572790527813017,-0.04801445431130589,0.1474339753200323,-0.056617844923692,0.2985507246376812,0.2816207280974897,0.23986468304309383,0.08651059085841695,0.0887709991158267,0.022811671087533156,0.11618805981624572,0.02064352439165033,0.11797178333909968,0.3183023872679045,0.07610041133279515,0.13400991811786414,0.19182716334140623,0.04555414600392112,0.1499481028716411,-0.040202975435359244,0.2525352708261254,0.25085149732825895
#51,0.4482220428247415,0.2609387613885365,0.543835774420482,0.5923499788567255,-0.13413293353323338,0.14697266751239765,0.2770384038749856,0.11539614807980625,0.14733402529504477,1.0,0.4757774958674509,-0.12277707300196056,0.3483412140083804,-0.08656441010264099,0.05697151424287856,-0.17373620881866758,0.6544112559105063,-0.07758428478068657,0.2464152539115058,0.2594779533310268,0.39586360665820935,0.3335486103102295,0.2537884903701995,0.07562372659823934,0.212316918463845,0.0679813939184254,0.43183792719025105,0.5485641794487371,-0.26511359704763005,-0.1323953407911429,-0.16797754968669512,-0.2838734478914389,-0.15255449198477683,-0.15394610387114135,0.02117402837043017,-0.10074193672394571,0.05321185561065621,-0.13902279629416062,0.0010379425671779494,-0.23020028447314805,0.14483527467035712,-0.05478799062007458,0.21462345750201822,0.15529927344020297,0.19048168223580517,0.03776573251835621,0.2219505631799485,0.3589666705108984,0.3270979894668051,0.35415369238457695,0.16445623342175067,0.1828547264829124,0.39002037442817056,0.2961673009649022,0.20788067504709185,0.039995386921923656,0.2940452850497828,0.10099565601814478,-0.06142313458655288,-0.13066543651251297,-0.1818321608426556,-0.2270480144543113,-0.22515665244300925,-0.1822012070887633,0.08801752969669012,0.042032829738976665,-0.16846961134817207,-0.03144581555376158,0.08593395609887364,-0.1355629877369008,0.2856648598777534,0.12711336639372622,-0.15113212624457004,-0.0036750855341559988,-0.20575865913197247,-0.05027486256871564,-0.3201091761811402,-0.1725137431284358,-0.05002114327451659,-0.428654903317572,-0.03333717756506362,-0.06913466343751201,0.3765040556644755,-0.18430784607696152,0.015622957751893284,-0.31475800561257833,-0.16677814938684504,-0.19946949602122016,-0.03713527851458886,-0.0680813439434129,-0.04094875639103525,0.054588090570099564,0.039549456041210164,-0.20849575212393803,-0.20831891746434475,0.19227309422211972,-0.039580209895052475,-0.002683273747741514,0.35444585399607886,0.08993195709837389,0.2466151539614808,-0.13230307922961596,-0.021950563179948486,-0.2874639603275285,0.26790450928381965,0.13155729827393994,0.1699534847960635,-0.12359205012878176,-0.25568754084496215,-0.4629608272786684,-0.36753930726944223
#52,0.4004151770268712,0.03346019298043286,0.40573559374159074,0.546219198093261,-0.06398339291892516,0.11400453619344174,0.16058124783761965,0.23998769845846307,-0.06212278476146542,0.4757774958674509,1.0,0.03362933917656556,0.13080382885480338,-0.12424556952293084,-0.1853611655710606,-0.0667204859108907,0.3823319109675931,-0.17934878714488908,-0.0817283665859378,0.01045631030638527,0.019682466459078153,0.3103832699035098,0.3447353246453696,0.23458270864567715,0.07120286010840733,0.38655287740745015,0.2598854418944374,0.3481566908853266,-0.3058163226079268,-0.03638949755891285,-0.35666781993618574,-0.3554530427094145,-0.13965325029792797,-0.09239995386921923,-0.06446776611694154,-0.12223888055972014,-0.11543459039710914,-0.15534540422096643,-0.038680659670164916,-0.03681236304924461,0.04264021835236228,-0.13281051781801406,0.03798869795871295,-0.20692730557798025,0.1771345096682428,0.1335486103102295,0.19364932918156305,0.22145850151847155,0.020382116633990695,0.1289585976242648,-0.08178218583016184,0.1652942759389536,0.06973436358743705,0.12149309960404413,-0.0024987506246876563,0.07089532156998424,0.14936377964863723,0.266205358859032,0.08208203590512436,-0.044808365048245105,0.15088609541383155,0.10659285741744512,-0.19361088686426017,-0.15922038980509745,-0.05720216814669588,-0.05213547072617537,-0.22618690654672663,-0.15699073540153,-0.20760389036251106,-0.15142428785607195,-0.011063698919770883,0.06510590858416945,-0.12489908891707992,-0.06312228501134048,-0.020197593510936838,0.06947295582977742,0.00198362357282897,0.10721562295775189,-0.09355322338830585,-0.2662899319570984,-0.015138584553876908,0.06827355552992734,0.40880329066236115,-0.022519509476031215,0.10843040018452313,0.0022604082574097565,0.10271018336985353,-0.1196324914465844,-0.0130319455656787,0.08249721293199554,-0.15589128512666744,0.10536270326375274,0.164686887325568,-0.19842386499058162,-0.012539883904201745,-0.19719371083688925,-0.10565486487525468,0.06506746626686656,0.42942374966362973,-0.07922961596125014,0.06645907815323107,-0.022112020912620614,-0.181424672279245,-0.159028178218583,0.15420751162880098,0.10330219505631799,0.04832199284972898,0.17024564640756545,-0.06864260177603505,-0.13479414139084303,-0.15242378810594703
#53,0.02371890977588129,0.09764348594933303,0.10854572713643178,-0.17726521354707261,0.4954445853996079,0.2330988351977857,0.14497366701264752,0.03342943912659055,0.11458117095298505,-0.12277707300196056,0.03362933917656556,1.0,0.0013762349594433553,0.10589320724253258,-0.4144158689885826,-0.1151424287856072,-0.18915926652058587,0.016391804097951025,-0.44663821935186254,-0.3356014300542037,-0.3328335832083958,-0.3763041556145004,-0.02603313727751509,0.0157536616307231,-0.09308422711721062,-0.05306577480490524,-0.4237881059470265,-0.22396494060661976,-0.04210202591012186,0.04802983123822704,0.0937377465113597,-0.1835697535847461,-0.12162380348287395,-0.008849421443124592,0.2515127051858686,9.995002498750625e-05,0.04370891477338254,-0.1526698189366855,-0.0981586130011917,0.012693653173413293,0.10001922115865144,-0.07892207742282704,0.09020874178295468,-0.39018952062430323,-0.11617268288932457,0.03913427901433898,-0.10262561027178718,-0.0016607081074847191,-0.02223503632798985,-0.21539999231153653,-0.08814823357551993,-0.19572521431591897,-0.22138161688386576,-0.4437934878714489,-0.36660131472725177,-0.3572444546957291,-0.1685926267635413,-0.023888055972013992,0.05248914004536193,0.053965325029792795,0.09219236535578365,0.09124668435013263,0.06416791604197901,-0.02771691077538154,-0.2946372967362473,-0.08527274824126398,-0.027555453042709413,-0.0018606081574597316,-0.03330642371122131,-0.0695805943182255,-0.06718948218198594,-0.21224003382923923,0.11042171222081267,-0.027839926190750777,0.11175950486295314,0.4089416830046515,0.28667973705454963,0.28151308960904164,0.006150770768461923,-0.16810056510206436,0.24456233421750664,0.3519163495175489,0.11018336985353477,0.4690577788029062,0.4251105216622458,0.29793564756083496,0.29764348594933304,0.13911505785568754,0.032852804367047246,0.5081997462807059,0.24570022680967207,0.4256794679583285,0.20169915042478762,-0.06881174797216776,0.2254488140545112,-0.05557990235651405,-0.013547072617537384,0.33740821896743933,-0.18092492215430747,0.07809941183254526,-0.01237842617152962,0.035113212624457005,-0.12343828085957022,0.39095836697036096,-0.04264021835236228,-0.03974935609118518,-0.08385807096451774,0.14809518317764195,0.07251758736016607,0.05848614154461231,0.13088071348940913
#54,0.0323223003882674,0.163049244608465,0.06508284319378772,0.10900703494406642,-0.09410679275746742,0.22960827278668358,0.2860031522700188,-0.19876215738284703,0.386937300580479,0.3483412140083804,0.13080382885480338,0.0013762349594433553,1.0,0.11353553992234652,-0.029708222811671087,-0.2151770268711798,0.27903740437473573,0.07190251028331988,-0.12400722715565295,-0.1289278437704225,-0.020382116633990695,-0.09982700957213701,-0.12814362049744357,-0.0783608195902049,-0.13957636566332218,-0.1359704763003114,0.20988736401030253,0.14081420828047514,-0.15862068965517243,-0.12878945142813208,-0.023403682773997618,0.07511628800984123,-0.011532695190866105,0.040610463998769844,0.2151385845538769,0.2784223272978895,0.16108099796255718,0.1966324530042671,-0.2411332795140891,-0.08653365624879868,-0.12905085918579173,0.04285549532925845,-0.015476876946142314,0.19868527274824127,-0.23016184215584515,-0.179387229462192,0.4043286049283051,0.21668396570945297,0.09967324030292546,0.036235728289701306,0.006266097720370584,-0.09525237381309345,0.015384615384615385,-0.014154461230923,-0.09841233229539077,0.017814169838157843,-0.008957059931572675,0.10809979625571829,-0.1640026140775766,-0.20575865913197247,0.00046899627109522164,-0.018344673816937686,0.14326682812439934,-0.061707607734594244,-0.09016261100219121,0.07759197324414716,0.07965248145158191,-0.04002614077576596,0.10165686387575443,0.1915965094375889,0.19205012878176297,0.4254795679083535,0.009602890862261177,0.15709068542651752,-0.010679275746742014,0.05271979394917926,0.009710529350709261,-0.018260100718871332,-0.04273247991388921,0.036796986122323454,0.005574136008918618,0.06285318879022027,0.2339522546419098,0.18344673816937684,0.15866682043593588,-0.12998885172798216,0.04214815669088533,-0.36286472148541116,-0.2384500057663476,-0.27187944489293814,-0.16234190597009188,-0.10573943797332103,-0.1889824318609926,-0.04277861069465267,0.03082305001345481,0.14236727789951178,-0.19455656786991118,-0.14214431245915504,0.09747433975320033,0.12015530696190366,-0.07756121939030484,-0.27741513858455386,0.044846807365548,-0.1834928689501403,0.10582401107138738,0.13666243801176334,0.0925152808211279,0.009303040787298659,-0.11993234152154691,-0.08810979125821705,-0.0924460846499827
#58,-0.26354515050167227,-0.021804482374197517,-0.06701264752239265,-0.5053165724829892,0.18714488909391458,-0.2005151270518587,0.337323645869373,-0.28847883750432474,0.2520585860915696,-0.08656441010264099,-0.12424556952293084,0.10589320724253258,0.11353553992234652,1.0,-0.14694191365855533,0.19471802560258333,-0.23276823126898089,-0.0219121208626456,-0.29110060354438166,-0.13054242109714373,-0.48987813785414985,-0.1919348018298543,-0.2398031753354092,-0.04378579940798832,-0.23439818552262331,-0.06432168531119056,-0.06637450505516472,-0.19524084111790257,-0.1756045054395879,0.1344404720716565,-0.17757275208549572,0.1425364240956445,-0.05371160573559374,-0.028232037827240226,-0.2519817014569638,0.048191288970899165,-0.3174874101410833,0.10531657248298927,-0.2209971937108369,-0.030676969207703842,-0.18718333141121746,0.09339176565563372,-0.1449813554761081,0.08059816245723292,-0.30304847576211896,0.0006919617114519663,-0.09378387729212317,-0.1825471879444893,-0.03142275016337985,-0.1178948987044939,-0.14242109714373583,-0.3207165647945258,-0.3598815976627071,-0.19487179487179487,-0.32835120901087916,-0.10596240341367778,-0.33124975973551685,-0.11380463614346673,-0.15543766578249338,-0.10426325298889016,0.21828316610925308,-0.023173028870180294,0.09266905009033945,0.3196786222273479,0.0623688155922039,0.16872333064237113,0.42564871410448624,0.5093760811901742,0.05822473378695268,0.12390727713066543,0.13767731518855958,-0.19545611809479876,0.3559835466881944,0.2189597508937839,0.016422557951793332,0.0371199015876677,0.08830969130819205,0.06070810748471918,0.11045246607465498,-0.03292200053819244,0.12120862645600276,0.1522930842271172,0.16577864913696996,0.07625418060200669,0.25703302195056316,0.3283127666935763,0.1442355745204321,-0.25687925268135164,0.125006727405528,-0.36208049821243227,0.04639987698458463,-0.0130319455656787,-0.21120209126206127,0.16344904470841504,0.08375043247606966,0.2128935532233883,-0.06259178103256065,0.03496713181870603,-0.1342943912659055,-0.02707107984469304,-0.012155460731172876,-0.007911428900934148,0.04817591204397801,0.08277399761657633,-0.022250413254911006,0.01708376580940299,-0.1387921423903433,0.13428670280244492,-0.09911967093376389,0.35772882789374544,0.36830046515203935
#101,-0.13612424556952293,-0.02148925537231384,-0.011302041287048783,0.030600084573098065,-0.20179910044977512,-0.1100372890477838,-0.16938453849998078,-0.15659093530157997,-0.1362626379118133,0.05697151424287856,-0.1853611655710606,-0.4144158689885826,-0.029708222811671087,-0.14694191365855533,1.0,0.1466189981932111,0.0573328720255257,-0.19283435205474186,0.30974512743628185,0.15119363395225463,0.6265098220120708,0.13758505362703263,-0.08033675469957328,-0.23863452888940145,0.18586860415945874,0.012709030100334449,0.11522700188367355,-0.071518087110291,0.030984507746126936,0.019551762580248336,-0.19917733440971822,0.025087456271864067,-0.04037981009495253,0.17332103179179642,-0.210679275746742,0.20014608080575097,0.2751316649367624,0.2986737400530504,0.15233921500788067,0.23473647791488872,0.10458616845423442,0.07299427209472187,0.1690078037904125,0.4643370622381117,0.21837542767078,-0.08361972859723985,-0.03259139660938761,-0.18087110291008343,-0.005520316764694576,-0.021204782224272477,-0.04852958136316457,-0.10756929227693846,0.14159843155345403,0.17580440548956291,0.4447084150232576,0.3414369738207819,0.28601084073347943,-0.039011263598969746,-0.11044477761119441,-0.011079075846692038,-0.17908737938722946,-0.2201053319494099,0.1393303348325837,-0.022911621112520663,-0.1330796140391343,0.05577211394302849,0.0581170952985046,-0.23207626955752894,0.22230423249913506,0.007465498020220659,0.12604466997270594,0.2591012186214585,0.046199976934609616,0.04094875639103525,0.08627224849113904,-0.24916003536693193,-0.11202860108407335,-0.1831545765578749,0.10610848421942874,0.037973321031791796,-0.24859877753430976,-0.26758928228193596,-0.1542690193364856,-0.1359935416906931,-0.08224349363779648,-0.24075654480452083,-0.24506208434244417,-0.15632952754392035,0.03635105524160996,-0.19311113673932265,-0.2335524545419598,-0.3551762580248337,-0.21319340329835082,-0.02341905970091877,-0.16540191442740168,0.17293660861876753,0.07566985737900281,-0.28120555107061856,0.020389805097451273,-0.3067004959058932,-0.2438934378964364,-0.31431207473186484,-0.008757159881597663,-0.2230653903817322,-0.167670011148272,-0.23329873524776074,-0.017514319763195327,-0.23544381655326183,-0.09519086610540883,0.006519817014569638,0.026548264329373773
#102,-0.1923115365394226,-0.051981701456963826,-0.082343443662784,-0.035789797408987814,-0.11574981739899282,-0.13713912274631915,-0.193941490793065,-0.07759966170760774,-0.050836120401337795,-0.17373620881866758,-0.0667204859108907,-0.1151424287856072,-0.2151770268711798,0.19471802560258333,0.1466189981932111,1.0,-0.3042632529888902,-0.01628416560950294,-0.34594241340868026,0.0079960019990005,-0.28871717987160267,0.18692192365355784,-0.18265482643293737,0.1753277207550071,-0.2838657594279783,0.24397032253104217,-0.2679429516011225,-0.2052819743974167,-0.11095990466305308,0.7559835466881943,-0.31523469034713414,-0.18303924960596624,0.11219005881674547,0.05208933994541191,-0.4600545880905701,-0.0024679967708453464,-0.33390227962941604,0.26541344712259257,-0.13440971821781417,0.0035597585822473377,0.1962249644408565,0.4116941529235382,-0.3314419713220313,-0.013793103448275862,-0.07749971168262022,0.1998923615115519,-0.08378887479337255,-0.3057471264367816,-0.32830507823011573,-0.07014954061430823,-0.1380386729712067,0.022350363279898512,-0.2974512743628186,-0.14783377541998233,-0.3295352323838081,0.0041517702687117975,-0.29055472263868065,0.15013262599469496,0.03144581555376158,-0.0891784876792373,0.0764540806519817,-0.04589243839618652,-0.04210202591012186,0.37750355591435053,-0.13574751085995465,-0.09125437281359321,0.3217698842886249,0.1936031984007996,0.04826817360550494,0.19097374389728214,-0.05414984815284665,-0.1416138084803752,0.3074539653250298,0.18777534309768193,-0.007311728751009111,0.17099142736324147,0.1608042132779764,-0.08554953292584477,0.22168915542228887,0.42713258755237765,0.0390958366970361,0.438842117402837,-0.1506938838273171,0.004651520393649329,0.006965747895283128,-0.03738130934532734,-0.05784799907738439,0.3054626532887402,0.6747241763733518,-0.09369930419405682,-0.07186406796601699,-0.17343635874370508,-0.14338984353976858,0.014638834428939377,0.0790758466920386,-0.34255180102256566,-0.006950370968361973,-0.06259946949602122,-0.10447852996578634,-0.32712874332064734,-0.09457578902856265,-0.08687963710452466,-0.12588321224003382,0.17074539653250298,-0.3613193403298351,0.03920347518548418,-0.09682082035905125,-0.09158497674239803,-0.12226963441356245,0.34851036020451315,0.2710798446930381
#201,0.46261484642294237,0.1718525352708261,0.5944412409180025,0.5067312497597355,-0.1374312843578211,0.15922038980509745,-0.06698189366855034,0.03574366662822435,0.07569292276938454,0.6544112559105063,0.3823319109675931,-0.18915926652058587,0.27903740437473573,-0.23276823126898089,0.0573328720255257,-0.3042632529888902,1.0,0.21032560642755546,0.16285703302195056,-0.09567523930342521,0.3681851382001307,0.13561680698112483,0.34843347556990734,0.04653826932687503,0.2596778533810018,0.06596701649175413,0.3238842117402837,0.3465805558759082,0.06449083150732327,-0.17588897858762925,-0.00015376926921154807,-0.15544535424595396,0.10415561450044208,-0.2468227424749164,-0.022081267058778303,-0.2731480413639334,0.09528312766693577,-0.26463691231307424,0.009710529350709261,-0.2496751624187906,0.0711105985468804,-0.13068081343943413,0.18405412678276248,-0.1135124745319648,0.10107254065275055,-0.16928458847499328,0.16633221850613156,0.26471379694768,0.13526313766193826,0.06605158958982048,-0.03503632798985123,0.019997693460961828,0.24340137623495944,0.32938146311459654,0.34510437089147733,-0.02771691077538154,0.29548302771691076,-0.10679275746742013,-0.12203129204628455,-0.1268135163187637,-0.01676085034405874,-0.08328912466843501,-0.3180409795102449,-0.26646676661669166,0.025095144735324645,-0.1026871179794718,-0.370053434821051,-0.26602852419943873,0.016791604197901048,-0.2470149540614308,0.12220812670587783,0.1841463883442894,-0.16653211855610656,-0.007088763310652366,-0.23295275439203475,-0.2061277053780802,-0.1432822050513205,0.040671971706454466,0.07422442624841426,-0.28411947872217735,0.03942644062584093,-0.1552531426594395,0.28970130319455656,-0.1783877292123169,-0.006296851574212893,-0.1692769000115327,-0.02843193787721524,-0.1980932610617768,-0.0761849844308615,-0.10245646407565448,-0.16973820781916735,-0.08449621343174567,-0.07671548840964133,-0.034590397109137735,-0.12869718986660517,0.3804021066389882,0.02111252066274555,0.21164802214277476,0.39862376504055663,0.2043901126359897,0.3297351324337831,0.0283781186329912,0.06784300157613501,-0.10528581862914696,0.44387806096951526,0.3658862876254181,0.20222196594010686,0.07504709183869604,-0.08624918310075731,-0.2115326951908661,-0.2575173951485796
