,#10,#11,#12,#13,#17,#18,#26,#49,#50,#51,#52,#53,#54,#58,#101,#102,#201,#202,#301,#302,#401,#402,#501,#502,#601,#602,#701,#702,#801,#802,#901,#902,#1001,#1002,#1101,#1102,#1201,#1202,#1301,#1302,#1401,#1402,#1501,#1502,#1601,#1602,#1701,#1702,#1801,#1802,#1901,#1902,#2001,#2002,#2101,#2102,#2201,#2202,#2301,#2302,#2401,#2402,#2501,#2502,#2601,#2602,#2701,#2702,#2801,#2802,#2901,#2902,#3001,#3002,#3101,#3102,#3201,#3202,#3301,#3302,#3401,#3402,#3455,#3501,#3502,#3601,#3602,#3701,#3702,#3801,#3802,#3901,#3902,#4001,#4002,#4101,#4102,#4201,#4202,#4301,#4302,#4401,#4402,#4501,#4502,#4601,#4602,#4701,#4702,#4801,#4802
#10,1.0,0.15141659939261137,0.2308614923307577,0.40161457732672123,0.15877445892438397,0.04708415023257602,0.06907315572982739,0.7052935070926075,0.3847153346403721,0.417429746665129,0.36834659593280283,0.16809287663860378,0.2998962057432822,0.06972667512397647,-0.04719947718448468,0.04762234267481644,0.15553761580748088,0.13690846884250182,0.06873486333756199,0.06743551301272441,0.019351862530273326,0.23744281705301196,-0.370545496482528,-0.037296736247260986,-0.024418559950793835,0.002644831430438627,-0.230546265328874,0.17172183139199632,0.3322800138392342,0.40372890477838,-0.265059777803406,0.169853534771076,-0.3264367816091954,-0.1558682197362857,0.22208895552223887,0.334794141390843,0.0629454503517472,0.1950255641410064,-0.14203667397070696,0.050866874255180106,0.4241110214123707,0.3404605389612886,-0.12213124207127206,0.41529235382308843,-0.07044170222581017,0.02794756467919886,-0.2974820282166609,-0.21767577749586745,-0.5360473609349171,-0.3117748817898743,-0.08185907046476762,-0.18171683389074694,-0.13254911006035444,0.2923153807711529,0.16715488409641333,0.16806981124822204,-0.12253104217122208,0.15075539153500173,-0.06967285587975243,-0.09805097451274362,0.2160688886326068,0.15650636220351363,0.09502940837273671,0.164540806519817,0.1969015492253873,0.24085649482950833,0.22614077576596317,-0.10699265751739515,0.37313650866874254,-0.03537462038211663,0.21280898012532196,-0.08526505977780341,0.17106831199784722,0.022065890131857148,-0.0021758351593434053,0.04390881482335755,-0.06362972359973859,0.019013570138007918,0.08340445162034367,0.1342943912659055,0.019459501018721407,0.36421020259101217,0.013900741936723946,0.3499481028716411,0.27132587552377657,0.35142428785607194,-0.05168953984546189,0.1867681543843463,0.20219121208626456,0.06229193095759812,-0.00030753853842309614,0.09223849613654711,0.05697151424287856,-0.0555952792834352,-0.01779879291123669,0.27959866220735785,0.2715334640372122,-0.11458117095298505,-0.2363356783146888,-0.22920078422327297,-0.08543420597393611,-0.14438165532618305,-0.2554568869411448,-0.2610463998769846,-0.4431784107946027,-0.35163956483296815,-0.36504055664475454,0.006473686233806173,0.17469726675123975,-0.048352746703571294,-0.12532964287087225
#11,0.15141659939261137,1.0,-0.15649098527659247,0.07041094837196786,0.3202168146695883,0.10128781762964671,0.2627763041556145,0.3610271787183331,0.46697420520508975,0.4987044939068927,0.3508553415599892,0.256617844923692,0.3433052704417022,0.2071733364087187,0.012124706877330565,-0.03005420366739707,0.12202360358282398,0.01146349901972091,0.14630377119132743,0.24859877753430976,0.025787106446776613,0.13115749817398992,0.21151731826394496,0.3508322761696075,0.11475031714911775,0.3277284434705724,0.08079037404374735,0.20698881328566485,-0.017022258101718372,0.16041979010494753,-0.09256141160189137,0.1045246607465498,-0.11561911352016299,-0.01815246223042325,0.03366009303040787,0.12607542382654827,-0.004197901049475262,0.15782877791873295,0.07123361396224964,0.09572137008418867,0.2661438511513474,0.059739361088686424,0.014292853573213393,0.29192326913466343,0.18675277745742513,0.413062699419521,0.10822281167108753,0.026748164379348786,-0.1838388498058663,0.11984007996002,0.029369930419405683,0.0063506708184369355,0.03730442471072156,-0.1797947180256026,0.0731864836812363,0.05987006496751624,-0.2398108637988698,0.1823395994310537,-0.15616038134778765,0.1060546649752047,-0.10439395686771999,-0.03331411217468189,-0.02803982624072579,0.06362972359973859,-0.11708761004113329,-0.1751355091684927,0.10839195786722024,0.19250374812593704,0.16555568369661322,0.2015376926921155,-0.0713873832314612,-0.15667550839964633,0.025894744935224694,-0.1395379233460193,-0.2434167531618806,-0.21049475262368816,-0.09654403567447045,-0.07129512166993426,-0.04918310075731365,0.0833967631568831,0.05295044785299658,0.22913927651558835,-0.027409372236958444,0.179387229462192,0.1785338100180679,-0.23485180486679738,-0.13047322492599853,-0.10374812593703149,0.03717372083189174,0.13897666551339716,0.07910660054588091,-0.043447507015722905,-0.020482066658978202,-0.15914350517049167,-0.10620843424441626,0.2651904816822358,0.035905124360896476,-0.18752162380348286,-0.197416676277246,-0.2533118056356437,-0.30699265751739513,-0.0865951639564833,-0.15054011455810556,-0.17259062776304154,-0.12780532810517817,-0.21885211240533578,-0.19218083266059277,-0.11556529427593895,-0.09259985391919424,-0.1586591319724753,-0.19222696344135626
#12,0.2308614923307577,-0.15649098527659247,1.0,0.38443854995579135,-0.1158574558874409,0.45302733248760235,-0.044024141775266215,0.1826471379694768,-0.1688386575942798,0.1271210548571868,0.30700034598085574,-0.18323914965594126,0.052035520701187866,-0.05883212240033829,-0.2796832353054242,0.20627378618383116,0.5343558989735901,0.5179871602660209,-0.031399684772998114,-0.3073463268365817,-0.12744397032253105,-0.07497020720409026,-0.14204436243416754,-0.3349555991235152,0.021366239956944606,-0.2665436512512974,0.2359589436051205,0.3568600315227002,0.029861992080882634,-0.10842271172106255,0.2755699073540153,-0.0671356629377619,0.08101333948410411,-0.030077269057778803,-0.37010725406527506,-0.28864798370045747,-0.3497328258947449,-0.2839042017452812,-0.24355514550417098,-0.3003344481605351,-0.06659747049552148,-0.06542113558605313,-0.26110790758466923,0.0010610079575596816,-0.18571483489024718,-0.04373966862722485,-0.1404912928151309,0.035958943605120516,-0.11227463191481182,-0.05744819897743436,0.10124937531234383,0.15116288009841233,0.2087802252719794,0.2833506323761196,-0.06825049013954561,-0.12467612347672317,-0.1508630300234498,-0.45176642448006765,-0.05212009379925422,-0.01651481951332026,-0.024626148464229423,0.056856187290969896,-0.28405028255103215,-0.1162341905970092,0.6243493637796487,0.5126436781609195,-0.29083150732326146,-0.24165609502940838,0.09269211548072118,-0.2253181101756814,0.5295044785299657,0.3112213124207127,0.01992849728981663,0.06505208933994541,-0.1456656287240995,0.07498558413101142,-0.1436204974435859,0.11241302425710221,0.0963979548687195,-0.14381270903010032,-0.22245031330488602,-0.05103602045131281,0.20580478991273593,0.09667473955330028,-0.1346326836581709,0.11360473609349171,0.25278899012032446,-0.04067966016991504,-0.07113366393726214,0.008549571368162073,-0.2288855572213893,0.1203475185484181,0.09383000807288663,0.27766885787875295,0.15988928612616768,0.48807903740437475,-0.20450543958789835,0.6488755622188905,0.16251874062968516,0.4708030600084573,0.5255987390919925,0.601491561911352,-0.046692038596086574,0.367416291854073,0.2163302963902664,0.25844001076384887,0.2667896820820359,-0.1344712259254988,0.0923768884788375,-0.2867181793718525,0.07255602967746896
#13,0.40161457732672123,0.07041094837196786,0.38443854995579135,1.0,0.19029715911275133,0.4092799753969169,0.1908507284819129,0.3551147503171491,0.06595163956483296,0.34191365855533773,0.2733786952677507,0.14718794448929381,0.1867989082381886,0.059093530157997926,-0.27177949486795067,-0.06565178948987045,0.066005458809057,-0.034098335447660784,-0.2633529389151578,-0.17415138584553877,-0.27994464306308386,-0.17762657132971976,-0.2374274401260908,-0.31202091262061277,0.0722023603582824,0.13600891861761427,-0.11633414062199669,0.22949294583477492,0.23040018452312305,0.2591704147926037,0.23658939760888786,0.06848114404336293,-0.14490447084150232,0.07231768731019106,0.08621074078345442,0.26601314727251757,-0.06508284319378772,-0.1567523930342521,-0.044293237996386424,0.10642371122131242,0.28631069080844196,0.4263560527428593,-0.20804982124322455,0.04782993118825203,0.10665436512512974,-0.07761503863452889,-0.18535347710760006,-0.12439933879214239,-0.2955829777418983,-0.23510552416099642,0.020851112905085917,0.0067350939914658054,-0.13312574481989775,0.33730058047899125,-0.06694345135124745,0.1429669780494368,0.013877676546342213,0.004251720293699304,0.10329450659285742,0.2304463153038865,0.19318802137392843,0.3359012801291662,0.004828355053242609,-0.009687463960327528,0.22244262484142543,0.2861876753930727,-0.016976127320954906,-0.2357897974089878,-0.0010994502748625688,-0.16904624610771538,0.15680621227847616,0.0023757352093184175,-0.0030523199938492294,-0.04394725714066044,-0.11008341982854726,0.15960481297812631,-0.05090531657248299,0.2631453504017222,-0.11230538576865413,0.09991158267020336,-0.29777418982816284,0.0785991619574828,0.07310191058316995,0.3120747318648368,0.027816860800369048,0.22554107561603814,0.22486449083150734,0.31134432783608196,0.30722331142121245,-0.2297389766655134,-0.11345865528774074,0.21663014646522893,0.29624418559950794,0.3094683427517011,0.3093991465805559,0.26177680390573943,0.01320878022527198,0.1525391150578557,-0.1115672932764387,0.031084457771114442,0.02607926805827855,0.262676354130627,-0.15730596240341368,-0.15948179756275707,-0.06749702072040903,-0.12971206704340138,-0.11777188328912466,0.05435743666628225,0.2704340137623496,0.15068619536385652,0.11744896782378042
#17,0.15877445892438397,0.3202168146695883,-0.1158574558874409,0.19029715911275133,1.0,0.19038173221081767,0.22378041748356592,0.3594971744896782,0.30189520624303234,0.4289009341483105,0.04425479567908353,0.5852689040095337,0.40396724714565796,0.39286510590858414,-0.03566678199361858,-0.16316457156037367,0.00299081228616461,-0.20585092069349942,-0.22697112981970552,0.020459001268596472,-0.01113289509091608,-0.04180217583515934,-0.1174874101410833,0.1798177834159843,-0.26804290162611,0.0071118287010340986,-0.2776765463422135,-0.13885365009802791,-0.17518163994925615,0.15650636220351363,-0.060185291969399916,-0.01344712259254988,-0.18197055318494598,0.1399454119094299,0.08776381040249107,0.034897935647560836,-0.11318955906662054,0.015115519163495175,-0.28920924153307964,-0.03288355822088956,0.07006496751624187,0.12802829354553494,-0.08627993695459962,0.13811555760581248,0.09351478107100296,0.08456540960289086,-0.23286049283050783,-0.4451389689770499,-0.2943066928074424,-0.23914196747779956,-0.10258716795448429,-0.1874062968515742,-0.2860415945873217,-0.15067850690039594,-0.21246299926959597,-0.10088032906623612,-0.001237842617152962,0.18666820435935877,-0.24643063083842695,0.1650251797178334,0.18446161534617306,0.2144619997693461,0.10113404836043517,0.06409103140737324,-0.23338330834582707,-0.1078614538884404,0.14611155960481298,0.05883981086379887,0.09968861722984662,0.17942567177949487,-0.016384115634490447,-0.07087225617960251,0.15904355514550417,-0.08426555952792834,0.1851689539845462,0.17055318494598853,0.1553300272940453,0.16806981124822204,-0.08939376465613347,0.15318494598854418,-0.06386037750355592,0.01925191250528582,-0.11666474455080152,0.4102487217929497,0.4403029254603468,0.17279821627647715,0.0747164879098912,-0.1872063968015992,0.15233921500788067,0.027109522161995924,0.053942259639411065,-0.014377426671279744,0.007619267289432207,-0.07247914504286318,-0.094114481220928,-0.07314804136393342,-0.0292622919309576,-0.31707992157767273,-0.436404874485834,-0.1734286702802445,-0.2665897820320609,-0.16864644600776535,0.04522354207511629,-0.25158958982047436,-0.1561373159574059,-0.3371852535270826,-0.15468419636335679,0.31481182485680237,0.2542651751047553,0.264114096797755,-0.035167031868681045
#18,0.04708415023257602,0.10128781762964671,0.45302733248760235,0.4092799753969169,0.19038173221081767,1.0,-0.20808057509706684,0.186191519624803,0.045000576634759544,0.18542267327874523,0.18133241071771805,0.30409410679275745,0.37960250643908816,0.2798216276477146,-0.3340944912159305,-0.1023488255872064,0.23798100949525236,0.16305693307192556,-0.2610079575596817,-0.27374774151385844,-0.21440049206166148,-0.23578210894552723,-0.04457002268096721,-0.23918040979510244,-0.03346019298043286,0.1021796793910737,0.15519932341521547,0.29652097028408875,-0.0052050897628109025,-0.0027217160650444007,0.16163456733171874,-0.06263022334986353,-0.10394033752354592,0.0494368200515127,-0.1887056471764118,-0.09703609733594741,-0.3330334832583708,-0.26823511321262444,-0.26623611271287434,-0.1649559835466882,0.025948564179448737,-0.038865182793218774,-0.01682235805174336,0.11095990466305308,0.11526544420097644,0.03537462038211663,-0.04809133894591166,-0.17470495521470034,-0.07157959481797563,0.023772729020105333,0.1330104178679891,0.07915273132664437,0.13508630300234498,-0.02244262484142544,-0.07370929919655557,-0.03645100526659747,-0.08787144889093915,-0.07137200630454003,0.0179986929612117,0.1870372506054665,-0.00654288240495137,0.21699150424787605,-0.13381770653134972,-0.005997001499250375,0.33795409987314035,0.35761350094183675,-0.03733517856456387,-0.12216199592511437,-0.2496367201014877,-0.24234036827739977,0.3186791219774728,0.0673048091338946,0.17408987813785415,0.13559374159074308,0.06411409679775497,0.3124975973551686,0.1221850613154961,0.3190020374428171,-0.06050051897128359,-0.16330296390266405,-0.09647483950332526,0.12685195863606658,0.21459270364817593,0.17885672548341214,0.12107023411371237,-0.0006227655403067697,0.2106177680390574,0.19506400645830932,-0.005289662860877254,0.12554491984776842,0.0709414523507477,0.3216314919463345,0.2480836504824511,0.1720293699304194,-0.016122707876830816,0.41446968823280667,-0.3188867104909084,0.3801637642717103,-0.0778841348556491,0.24183292968900166,0.12522969284588475,0.35190097259062775,0.04378579940798832,0.17093760811901743,0.0959827778418483,0.046007765348095184,0.10918386960365971,-0.04379348787144889,0.2510437089147734,-0.1456656287240995,-0.04613078076346442
#26,0.06907315572982739,0.2627763041556145,-0.044024141775266215,0.1908507284819129,0.22378041748356592,-0.20808057509706684,1.0,0.056148848652596776,0.10352516049667473,0.3730442471072156,0.37102986968054436,0.050121093299504094,0.015038634528889401,-0.15810556260331374,0.09777418982816284,0.2201514627301734,0.1841463883442894,0.07207934494291315,0.1164340906469842,0.3114212124706877,-0.0891092915080921,0.15070926075423827,-0.05600276784684581,0.11053703917272133,0.19766270710798448,-0.031022950063429824,0.1038788298158613,-0.07129512166993426,0.1658094029908123,-0.09096989966555184,0.058432322300388265,0.05746357590435552,0.054349748202821666,0.10015761350094184,0.08640295236996887,-0.01004113327951409,0.11880213739284204,0.021996693960711952,0.21603813477876446,0.07872986583631261,0.12571406604390112,0.17299042786299157,-0.008195902048975513,-0.09875831315111674,0.0998962057432822,0.1590973743897282,0.06303771191327413,0.08226655902817821,0.023203782724022605,0.10379425671779495,0.04224041825241225,0.09007034944066428,0.10490908391957868,0.16782378041748355,-0.17724983662015145,-0.07539307269442203,-0.24556952293084228,-0.1715142428785607,-0.007204090262561027,0.25248914004536194,-0.13641640718102488,-0.1736670126475224,-0.04136393341790643,0.06514435090147234,-0.12502210433244915,0.013270287932956598,-0.08892476838503825,-0.035159343405220464,0.23775804405489562,0.21546150001922115,0.017698842886249185,0.13812324606927306,-0.3166416791604198,-0.46030830738476913,-0.28551877907200246,-0.30703109983469806,-0.3646484450082651,-0.31118287010340984,0.00891092915080921,0.09988082881636105,-0.05892438396186522,-0.2574943297581978,-0.25474185983931114,-0.07592357667320186,0.03870372506054665,-0.22900088417329797,-0.15839772421481568,-0.04865259677853381,-0.04063352938915158,-0.1567523930342521,-0.038680659670164916,-0.20715795948179755,-0.01752969669011648,0.0008841732979664014,0.18347749202321917,0.09565217391304348,0.052942759389536,-0.12874332064736863,-0.021035636028139775,-0.0014146772767462423,-0.1652635220851113,0.03464421635336178,0.03876523276823127,-0.04622304232499135,-0.10314073732364587,0.05381155576058125,-0.17079921577672702,-0.03455964325529543,-0.07001114827201783,0.19381847537769575,0.14054511205935494
#49,0.7052935070926075,0.3610271787183331,0.1826471379694768,0.3551147503171491,0.3594971744896782,0.186191519624803,0.056148848652596776,1.0,0.4693038096336447,0.6872486833506324,0.5565371160573559,0.41227078768308156,0.6070426325298889,0.25482643293737745,0.0015223157651943259,-0.08983200707338639,0.25865528774074503,-0.03411371237458194,0.18205512628301235,0.05120516664744551,0.14281320878022527,0.04557721139430285,-0.14214431245915504,0.042309614423557455,-0.14475839003575136,-0.10440933379464114,-0.17844923692000153,0.014492753623188406,0.1199015876677046,0.2831584207896052,-0.36038134778764463,0.07585438050205666,-0.38106331449659786,-0.12643678160919541,0.057724983662015145,0.22178910544727637,-0.04717641179410295,0.025049013954561182,-0.32080882635605273,-0.08514204436243417,0.3023180717333641,0.22361127128743322,-0.1332718256256487,0.23580517433590897,-0.0005689462960827279,-0.1103755814400492,-0.3785953177257525,-0.4662899319570984,-0.6233037327490101,-0.29813554761080996,-0.08044439318802138,-0.25397301349325335,-0.23133048860185293,-0.024272479145042863,0.16284934455848998,0.02585630261792181,-0.21024872179294968,0.07998308538038673,-0.2615692153923038,-0.12866643601276284,0.18541498481528468,0.21661476953830777,-0.04217122208126706,0.032137777265213545,0.26213816168838655,0.24576942298081728,0.09502940837273671,-0.06492907392457617,0.4123861146349902,0.08195902048975512,0.1824395494560412,-0.0004305539537923346,0.36472532964287085,0.10742321147118748,0.12972744397032254,0.0958136316457156,0.07851458885941645,0.10682351132126244,0.07459347249452197,0.03928804828355053,0.01992849728981663,0.3281589974243647,0.08258947449352247,0.596563256833122,0.3170722331142121,0.24383961865221235,0.009226156152692884,-0.008341982854726484,0.035659093530158,0.1533464037212163,-0.11107523161496174,-0.0009379925421904433,-0.07493945335024796,-0.0985737900280629,-0.10982201207088764,0.3418598393111137,0.08950140314458156,-0.11529619805481875,-0.47360934917156805,-0.30222581017183714,-0.07902202744781456,-0.1550148002921616,-0.2166993426363741,-0.31995540691192864,-0.31699534847960636,-0.4752854342059739,-0.3475031714911775,0.04703801945181255,0.006143082305001346,0.028847114904086417,-0.1503248375812094
#50,0.3847153346403721,0.46697420520508975,-0.1688386575942798,0.06595163956483296,0.30189520624303234,0.045000576634759544,0.10352516049667473,0.4693038096336447,1.0,0.4093491715680621,0.2413101141736824,0.28933225694844883,0.44756083496713184,0.1730519355706762,0.04595394610387114,-0.09344558489985777,0.10513204935993542,0.09055472263868065,0.04918310075731365,0.02275016337984854,0.039641717602737096,0.04032599085072848,0.23269134663437513,0.2954984046438319,0.0019528697189866604,0.20118402337292893,-0.15107061853688541,0.0759773959174259,0.16022757851843308,0.12162380348287395,-0.3084457771114443,0.1304578479990774,-0.345073617037635,-0.03602045131280514,0.26006996501749124,0.1922807826855803,0.07782262714796448,0.1823472878945143,-0.08130550109560604,-0.010563948794833352,0.1922423403682774,0.19742436474070657,0.2815669088532657,0.29481413139584056,0.29562142005920117,0.2774382039749356,-0.18069426825049015,-0.33469419136585554,-0.3118671433514012,-0.10439395686771999,-0.09632875869757429,-0.15706762003613578,-0.16820820359051245,-0.07114135240072271,0.15878214738784455,0.019982316534040673,0.10696190366355283,0.34245185099757813,0.039387998308538036,0.005489562910852266,0.07839926190750779,-0.03172260023834237,-0.05058240110713874,-0.09966555183946488,-0.1317110675431515,-0.14476607849921194,0.1028562641756045,-0.03980317533540922,0.1939799331103679,-0.021835236228039828,-0.1114980971052935,-0.29865836312612926,0.11554222888555722,-0.18293161111751816,-0.007911428900934148,-0.02507976780840349,0.10094952523738131,0.07751508860954139,0.26559028178218586,0.13540153000422867,0.21826010071887134,0.20691961711451967,0.16474070656979203,0.1603659708607235,0.23447507015722907,0.17823395994310537,-0.11692615230846115,-0.0027909122361895974,0.08692576788528812,0.35459962326529043,0.17331334332833584,0.08316610925306578,0.1415061699919271,-0.042770922231192096,0.02756314150616999,0.2246645907815323,0.18198593011186714,-0.3704993657017645,-0.24149463729673626,-0.28218967439357245,-0.39018952062430323,-0.3543920347518548,-0.12199284972898167,-0.490785376542498,-0.41392380732710565,-0.49603659708607234,-0.3634797985622573,0.09658247799177334,0.03964940606619767,0.026371429669780493,-0.09982700957213701
#51,0.417429746665129,0.4987044939068927,0.1271210548571868,0.34191365855533773,0.4289009341483105,0.18542267327874523,0.3730442471072156,0.6872486833506324,0.4093491715680621,1.0,0.6565486487525468,0.44819897743435977,0.6197824164840656,0.13534002229654404,-0.0471917887210241,-0.024656902318071734,0.34255180102256566,0.10596240341367778,0.07110291008341983,-0.00029216161150194135,-0.09481413139584054,-0.09711298197055318,-0.03087686925767885,0.0005689462960827279,0.1324260946449852,-0.021289355322338832,-0.03035405374235959,0.05812478376196517,0.20950294083727367,0.06833506323761196,-0.14754930227194096,0.15116288009841233,-0.2355898973590128,-0.08627224849113904,0.057040710414023754,0.15810556260331374,0.04252489140045362,-0.13806173836158844,-0.01602275785184331,-0.04660746549802022,0.31107523161496176,0.24093337946411408,-0.036197285972398414,0.0020451312805135893,0.117656556337216,0.07276361819090454,-0.20672740552800523,-0.24338599930803828,-0.37043785799407986,-0.010264098719870834,-0.0216737784953677,-0.01089455272363818,-0.037535078614538885,0.02617152961980548,-0.02588705647176412,-0.012416868488832507,-0.2924153307961404,-0.08737169876600162,-0.1585899358013301,0.20011532695190867,0.17000730404028755,0.25322723253757734,-0.06459846999577135,0.08125937031484258,0.16576327221004883,0.26205358859032024,0.046392188521124055,0.0011302041287048782,0.24916003536693193,0.1279052781301657,0.1914581170952985,0.11441971322031293,0.04204820666589782,-0.22505670241802175,-0.08749471418137085,0.016622458001768346,-0.053580901856763924,0.0994195210087264,-0.04261715296198055,-0.017867989082381887,-0.03224541575366163,0.0379041248606466,-0.025541075616038134,0.4083804251720294,0.23338330834582707,0.003259908507284819,0.15054780302156615,-0.013154960981047938,-0.011986314535040172,0.05863991081382386,-0.12078576096567101,0.0057048398877484335,0.05337331334332834,-0.0037981009495252375,0.06363741206319917,0.4386191519624803,-0.05137431284357821,0.057648099027409375,-0.2499827009572137,-0.13755429977319034,-0.10222581017183716,0.018521508476530966,-0.03088455772113943,-0.11464267866066967,-0.2064275554530427,-0.25967016491754125,-0.2827586206896552,0.09429900434398185,0.09582900857263676,0.08001383923422904,-0.0682889324568485
#52,0.36834659593280283,0.3508553415599892,0.30700034598085574,0.2733786952677507,0.04425479567908353,0.18133241071771805,0.37102986968054436,0.5565371160573559,0.2413101141736824,0.6565486487525468,1.0,0.13056548648752547,0.3501787567754584,0.028885557221389305,-0.16459462576404105,0.054403567447045706,0.4584630761542306,0.23874216737784953,0.1789720524353208,0.0023680467458578403,-0.10028062891631108,-0.03899588667204859,-0.06980355975858225,-0.046476761619190406,0.20328297389766656,-0.06006227655403068,0.17340560488986276,0.16278783685080536,0.20269096221120209,-0.007972936608618768,-0.1348095183177642,-0.06877330565486488,-0.166724330142621,-0.18457694229808172,-0.13019644024141774,-0.1021104832199285,-0.0458309306885019,-0.21068696421020258,0.016099642486449083,-0.1826163841156345,0.1576442547956791,0.08433475569907355,-0.13604736093491715,-0.0084726867335563,0.009264598469995772,-0.003990312536039672,-0.014431245915503786,-0.062253488640295236,-0.26623611271287434,0.07477030715411526,0.05990081882135855,0.036881559220389805,0.12898166301464653,0.14470457079152732,0.0959827778418483,-0.04386268404259409,-0.3311959404912928,-0.1460731172875101,-0.03785030561642256,0.0769999615576827,-0.028062891631107523,0.0631530388651828,-0.2421865990081882,-0.032030138776765464,0.33417906431399685,0.30856110406335296,0.0223888055972014,0.022427247914504286,0.1814938684503902,0.014315918963595126,0.2512359205012878,0.1396071195171645,0.030269480644293238,-0.1379694768000615,-0.21137892592165455,-0.0047668473455579905,-0.16929227693845386,-0.01975166263022335,0.07209472186983432,0.03792719025102833,-0.023703532848960134,0.08657978702956214,0.08615692153923038,0.22095106293007344,0.08870949140814208,-0.034459693230307925,0.05306577480490524,0.0003382923922654058,-0.09609810479375697,0.033475569907354015,-0.12055510706185368,0.028739476415638336,-0.10420174528120556,0.12403029254603468,0.10360204513128052,0.5362318840579711,-0.04692269249990389,0.23262215046322993,-0.06977280590473994,-0.0251105216622458,0.12855879752431476,0.07992926613616269,-0.2688963210702341,0.04297082228116711,-0.08544958290085726,-0.059793180332910464,-0.1963864221735286,-0.05827855303117672,-0.08122861646100027,0.018844423941875216,0.1384538499980779
#53,0.16809287663860378,0.256617844923692,-0.18323914965594126,0.14718794448929381,0.5852689040095337,0.30409410679275745,0.050121093299504094,0.41227078768308156,0.28933225694844883,0.44819897743435977,0.13056548648752547,1.0,0.6536039672471456,0.4593780033060393,-0.13390996809287664,-0.33264906008534195,-0.06114634990197209,-0.2569253834621151,-0.19410294852573712,-0.021204782224272477,0.07489332256948449,-0.17950255641410065,-0.0402183523622804,0.014784915234690348,-0.11617268288932457,-0.021989005497251374,-0.17491254372813594,0.06247645408065198,-0.13658555337715758,0.0655672163918041,-0.23382155076308,0.011701841386998809,-0.25210471687233305,0.014831046015453812,0.12938915157805714,0.0688348133625495,-0.08190520124553108,-0.12937377465113598,-0.22419559451043708,-0.1333717756506362,0.04098719870833814,0.03743512858955138,0.07691538845961635,-0.012916618613770038,0.2153154192134702,0.10482451082151233,-0.263821935186253,-0.3691769499865452,-0.31545765578749085,0.06906546726636682,-0.10432476069657479,-0.1130665436512513,-0.2736554799523315,-0.267097220620459,-0.060454388190520125,-0.15973551685695614,0.015976627071079844,0.22101257063775803,-0.1629108522661746,0.23455964325529544,0.2886326067735363,0.28058278553031174,0.04959827778418483,-0.05724829892745935,-0.04234036827739976,0.1479721677622727,0.21472340752700572,-0.018890554722638682,-0.09762810902241187,-0.018052512205435745,-0.13005804789912737,-0.09386076192672894,0.32931995540691195,0.12648291238995887,0.3067466266866567,0.3232691346634375,0.2768231268980894,0.22866259178103257,0.020528197439741668,-0.15473032714412024,0.0929227693845385,0.18586091569599816,0.05204320916464845,0.48773305654864874,0.476976896167301,0.20988736401030253,0.17001499250374813,0.04673816937685003,0.07583131511167493,0.2678506900395956,0.18320070733863839,0.12516049667473955,0.14197516626302234,-0.14932533733133432,-0.10053434821051013,0.1091531157498174,-0.20189136201130203,-0.24152539115057856,-0.38504593856917696,-0.1582516434090647,-0.23185330411717217,-0.20164533118056358,0.06263791181332411,-0.1827855303117672,-0.18423864990581632,-0.2934302079729366,-0.18759850843808865,0.35231614961749896,0.22653288740245262,0.2196594010686964,-0.01836005074385884
#54,0.2998962057432822,0.3433052704417022,0.052035520701187866,0.1867989082381886,0.40396724714565796,0.37960250643908816,0.015038634528889401,0.6070426325298889,0.44756083496713184,0.6197824164840656,0.3501787567754584,0.6536039672471456,1.0,0.45091300503594356,0.049821243224541574,-0.12862799369545996,0.059201168646446006,-0.09968861722984662,-0.10846115403836543,-0.07860685042094337,-0.00838042517202937,-0.14202898550724638,-0.0739399531003729,-0.040318302387267906,-0.06946526736631684,-0.08920155306961904,-0.14854880252181601,0.08294314381270904,0.11229769730519355,0.24914465844001077,-0.2569330719255757,0.2708107484719179,-0.4344981355476108,0.07508553415599892,0.15238534578864413,0.1971475800561258,-0.08753315649867374,-0.07409372236958443,-0.26555952792834353,-0.15942797831853303,0.2813439434129089,0.1879214239034329,0.10344058739860838,0.16296467151039865,0.05674086033906124,-0.02760158382347288,-0.3382155076308,-0.4818360050743859,-0.45449582900857266,-0.09291508092107792,0.023934186752777458,-0.034621150962980046,-0.2601545381155576,-0.14017606581324724,-0.030892246184600007,-0.07293276438703725,-0.12340752700572791,0.177003805789413,-0.21724522354207512,0.01412370737708069,0.2848575712143928,0.2642448006765848,0.054026832737477416,0.09121593049629032,0.09051628032137778,0.14057586591319723,0.16116557106062354,-0.01965940106869642,0.130519355706762,-0.0954368969361473,0.042601776035059394,-0.09464498519970783,0.349986545188944,0.12670587783031562,0.17954099873140353,0.1328412716718564,0.26748933225694843,0.3115288509591358,0.139707069542152,-0.07841463883442894,0.07385538000230654,0.4473609349171568,0.16146542113558604,0.43411371237458196,0.4227270979894668,0.2658209356860032,0.16592472994272095,0.05168953984546189,-0.01154807211778726,0.3033713912274632,0.09297658862876254,0.13669319186560566,0.14834121400838043,-0.05890900703494407,-0.06867335562987736,0.35707530849959634,-0.13540153000422867,-0.1616191904047976,-0.38286241494637296,-0.08288932456848498,-0.2200745780955676,-0.2028293545534925,-0.07533925345019797,-0.37069157728827895,-0.3272363818090955,-0.39426440625840925,-0.23279129665936263,0.23090762311152116,0.2841348556490985,-0.005458809057009957,-0.11877138353899973
#58,0.06972667512397647,0.2071733364087187,-0.05883212240033829,0.059093530157997926,0.39286510590858414,0.2798216276477146,-0.15810556260331374,0.25482643293737745,0.1730519355706762,0.13534002229654404,0.028885557221389305,0.4593780033060393,0.45091300503594356,1.0,0.02223503632798985,-0.2013224157152193,-0.0961903663552839,-0.29916580171452734,-0.2671279744743013,0.15442278860569716,0.09757428977818783,-0.07983700457463576,0.02736324145619498,0.19756275708299698,-0.4618844423941875,-0.10331757198323915,-0.06994195210087265,-0.12182370353284896,-0.40798062507207933,0.00950294083727367,-0.12367662322684811,0.02904701495406143,-0.17471264367816092,-0.05041325491100603,-0.12377657325183562,-0.13151885595663707,-0.39379540998731405,-0.1828162841656095,-0.5486641294737247,-0.3670779994618076,-0.1653634721100988,-0.06307615423057703,0.010771537308268943,0.016783915734440474,-0.0418175527620805,-0.06405258909007035,-0.11592665205858609,-0.30409410679275745,-0.2598546880405951,-0.11698766001614577,-0.024433936877714987,-0.09480644293237997,-0.1581824472379195,-0.4810825356552493,-0.23534386652827433,-0.44884480836504825,-0.009695152423788106,0.1316418713720063,-0.1307576980740399,-0.010433244916003536,0.19284204051820245,0.2631684157921039,0.03561296274939453,-0.040041517702687116,-0.11684926767385538,0.0028062891631107523,0.42274247491638794,0.2736939222696344,0.09631338177065313,0.12615230846115405,0.1874524276323377,0.0555952792834352,0.4463153038865183,0.3181255526083112,0.30252566024679967,0.32321531541921344,0.28940914158305464,0.2630069580594318,-0.01611501941337024,-0.15894360512051667,0.2304232499135048,0.2931303578979741,0.08902471841002575,0.2752623688155922,0.5855149348402722,0.34213662399569444,0.19811632645215854,-0.13938415407680774,0.20937223695844384,0.36810825356552496,0.2690424018759851,0.20813439434129088,-0.008780225271979395,0.04311690308691808,-0.12432245415753662,-0.09685157421289356,-0.2784607696151924,-0.11048321992849729,-0.37041479260369814,-0.024703033098835196,0.024057202168146694,-0.07842232729788952,-0.06150001922115865,-0.14153692384576944,0.0394341290893015,-0.07639257294429708,0.023864990581632262,0.2377349786645139,0.26705108983969555,-0.10300234498135548,-0.09246915004036443
#101,-0.04719947718448468,0.012124706877330565,-0.2796832353054242,-0.27177949486795067,-0.03566678199361858,-0.3340944912159305,0.09777418982816284,0.0015223157651943259,0.04595394610387114,-0.0471917887210241,-0.16459462576404105,-0.13390996809287664,0.049821243224541574,0.02223503632798985,1.0,0.3502556414100642,0.02093568600315227,-0.06561334717256756,0.3707761503863453,0.3317495098604544,0.3419290354822589,0.25098988967054936,0.22742474916387959,0.29266905009033944,0.0714873332564487,-0.14220582016683966,-0.24868335063237612,-0.48175143197631953,0.26782762464921384,0.22406489063160728,-0.07480874947141813,0.12006304540037674,0.03612808980125322,0.2214661899819321,0.31175181639949257,0.30157997924114865,0.38708338138622994,0.41396993810786914,0.1796486372198516,0.2594471994771845,0.062361127128743324,0.1346019298043286,0.1325952408411179,0.1331718756006612,-0.12532964287087225,-0.25921654557336715,-0.09632107023411371,-0.16294929458347748,-0.27109522161995925,-0.38246261484642297,-0.12346903471341253,-0.22390343289893513,-0.2552262330373275,-0.19341867527774576,0.12127013416368738,0.12499135047860685,-0.357536616307231,-0.1488255872063968,-0.2949755891285127,-0.39849306116172684,-0.12665205858609158,-0.3373620881866759,0.4372582939299581,-0.023711221312420712,-0.35694460462076655,-0.2738784453926883,0.17548917848767923,0.2988505747126437,0.5690078037904125,0.43811171337408217,0.02037442817053012,0.24329373774651136,0.04332449160035367,-0.021166339906969592,0.02350363279898512,-0.3990696959212701,-0.09613654711105986,-0.4069657478952831,0.4298850574712644,0.28284319378772155,0.04791450428631838,-0.05221235536078115,0.07062622534886404,-0.11719524852958137,-0.08605697151424288,-0.22013608580325222,-0.4581170952985046,-0.18607619267289432,0.00014608080575097068,-0.14292084726867335,0.028355053242609465,-0.37595048629531386,-0.15278514588859415,-0.38308538038672973,-0.2616999192711337,-0.08898627609272287,0.3390304847576212,-0.37802637142966977,-0.20533579364164073,-0.429400684273248,-0.24921385461115597,-0.2570637758044055,0.05945488794064506,-0.23897282128166686,-0.11202091262061277,-0.22464921385461115,-0.11673394072194672,-0.22004382424172528,-0.25224310921462345,-0.18714488909391458,-0.25987006496751625
#102,0.04762234267481644,-0.03005420366739707,0.20627378618383116,-0.06565178948987045,-0.16316457156037367,-0.1023488255872064,0.2201514627301734,-0.08983200707338639,-0.09344558489985777,-0.024656902318071734,0.054403567447045706,-0.33264906008534195,-0.12862799369545996,-0.2013224157152193,0.3502556414100642,1.0,0.2843347556990735,0.3789797408987814,0.30772306154615,0.4036827739976166,0.03003113827701534,0.4978510744627686,-0.08538807519317264,0.1346326836581709,0.18983585130511668,-0.036827739976165765,0.04803751970168762,-0.08369661323184562,0.10256410256410256,-0.06142313458655288,-0.09723599738592242,0.013270287932956598,-0.04228654903317572,-0.13999923115365395,-0.09266905009033945,-0.054026832737477416,0.09042401875985084,0.2514896397954869,0.1342636374120632,-0.027978318533041172,-0.09945027486256872,0.01027947564679199,-0.060208357359781646,0.08799446430630839,-0.25721754507361705,-0.057509706685118976,-0.09954253642409565,-0.11511167493176488,-0.045415753661630726,-0.20270633913812325,-0.08005228155153192,-0.012878176296467151,0.01912889708991658,0.208295852073963,-0.037258293929958095,0.07919117364394726,-0.46272248491139045,-0.36486372198516126,-0.26086187675393074,-0.3010264098719871,-0.1973474801061008,-0.23291431207473187,0.02554876407949871,0.14219813170337908,0.07667704609233844,0.12234651904816822,-0.2436166532118556,0.03781186329911967,0.47185637950255643,0.3263137661938262,0.4273247991388921,0.32057048398877486,-0.16111944027986008,-0.21028716411025256,-0.12532195440741167,-0.28081343943412906,-0.2600238342367278,-0.30487833006573634,0.28403490562411104,0.21817552762080497,-0.056279552531426594,-0.24349363779648636,0.12124706877330566,-0.2937838772921232,-0.22927766885787876,-0.28126705877830316,-0.2191288970899166,-0.1949640564333218,-0.1635259293430208,-0.19488717179871604,-0.08817129896590166,-0.2943066928074424,-0.05720216814669588,-0.18835966632068582,-0.1855072463768116,0.23236843116903086,0.25956252642909317,0.10365586437550456,0.013846922692499904,-0.07973705454964826,-0.06425248914004536,0.04210202591012186,0.05120516664744551,0.11318955906662054,-0.12094721869834314,-0.041979010494752625,-0.14701110982970053,-0.18786760465920885,-0.12100103794256718,-0.23796563256833123,-0.2747164879098912
#201,0.15553761580748088,0.12202360358282398,0.5343558989735901,0.066005458809057,0.00299081228616461,0.23798100949525236,0.1841463883442894,0.25865528774074503,0.10513204935993542,0.34255180102256566,0.4584630761542306,-0.06114634990197209,0.059201168646446006,-0.0961903663552839,0.02093568600315227,0.2843347556990735,1.0,0.527789951178257,0.19548687194864106,0.029269980394418176,0.14274401260908007,0.08977818782916235,0.2110867643101526,0.16048129781263215,0.2786452927382463,-0.1844154845654096,0.26572098566101565,-0.06386037750355592,0.07803790412486064,-0.3267058778303156,0.01918271633414062,-0.11525775573751586,0.10822281167108753,-0.11843309114673432,-0.25955483796563256,-0.2927920655057087,-0.037289047783800405,-0.10427862991581133,-0.011002191212086265,-0.18585322723253758,-0.06949602122015915,-0.19417214469688232,0.02571022181217084,0.02706339138123246,-0.1481413139584054,0.08116710875331565,-0.015822857801868297,-0.050882251182101254,-0.06824280167608504,0.03738899780878791,0.002444931380463614,-0.009395302348825588,0.22860108407334795,0.15948179756275707,0.14220582016683966,-0.06888863260677354,-0.3280436704724561,-0.4626379118133241,-0.17197555068619536,-0.04012609080075347,-0.26346826586706645,-0.22614077576596317,-0.3143658939760889,-0.016914619613270288,0.21513089609041633,0.232729788951678,-0.32135470726175375,-0.1537308268942452,0.28787913735439974,0.21900588167454735,0.5145657940260638,0.4789067004959059,-0.05748664129473725,-0.2233729289201553,-0.08388882481836005,-0.0871026025448814,-0.2936454849498328,-0.3243608964748395,0.24073347941413908,-0.05641025641025641,0.08471917887210241,-0.21723753507861454,-0.02005151270518587,0.08994733402529505,0.020128397339791642,-0.2015607580824972,-0.17728059047399378,0.045115903586668206,-0.27759197324414714,0.21955176258024833,-0.027409372236958444,-0.09592895859762426,-0.09848152846653596,0.01738361588436551,-0.11441202475685235,0.3983931111367393,0.00986429861992081,0.3703840387498558,0.05551839464882943,0.038919002037442814,0.1979241148656441,0.3912812824357052,0.07164110252566025,0.3464114096797755,0.08830969130819205,0.030553953792334602,-0.05779417983316034,-0.2847883750432476,-0.14533502479529467,-0.3306500595855918,-0.1607042632529889
