,#10,#11,#12,#13,#17,#18,#26,#49,#50,#51,#52,#53,#54,#58,#101,#102,#201,#202,#301,#302,#401,#402,#501,#502,#601,#602,#701,#702,#801,#802,#901,#902,#1001,#1002,#1101,#1102,#1201,#1202,#1301,#1302,#1401,#1402,#1501,#1502,#1601,#1602,#1701,#1702,#1801,#1802,#1901,#1902,#2001,#2002,#2101,#2102,#2201,#2202,#2301,#2302,#2401,#2402,#2501,#2502,#2601,#2602,#2701,#2702,#2801,#2802,#2901,#2902,#3001,#3002,#3101,#3102,#3201,#3202,#3301,#3302,#3401,#3402,#3455,#3501,#3502,#3601,#3602,#3701,#3702,#3801,#3802,#3901,#3902,#4001,#4002,#4101,#4102,#4201,#4202,#4301,#4302,#4401,#4402,#4501,#4502,#4601,#4602,#4701,#4702,#4801,#4802
#10,1.0,0.1708761004113328,0.4464767616191904,0.3867297120670434,0.04321685311190559,0.12110098796755468,-0.1594126013916119,0.6336293391765656,0.10044977511244378,0.17847230231038327,0.22973128820205282,0.10533194940991043,0.15040172221581516,0.03316034290547034,-0.1739437973321032,-0.2756006612078576,0.4068734863337562,0.15183946488294314,-0.09981932110867643,-0.1099680928766386,0.005781724522354208,-0.2999346480605851,-0.17193710836889248,-0.3464498519970784,-0.23308345827086457,-0.09120824203282973,0.19652481451581902,0.02179679391073694,-0.15363087686925767,-0.15939722446469073,0.08770999115826703,-0.25611809479875447,0.07074924076423326,-0.39858532272325375,-0.2190520124553108,-0.1898281628416561,-0.3693307192557567,-0.28396570945296584,-0.3901587667704609,-0.49439895436896936,-0.09218467689232307,-0.1475646791988621,-0.010487064160227579,-0.011832545265828625,-0.005474185983931111,-0.015784415484565408,0.1192250028831738,0.2846576711644178,0.21981317033790798,0.24425479567908354,0.3477030715411525,0.21923653557836467,0.2020066889632107,-0.26535962787836853,0.1724137931034483,-0.19092761311651865,-0.01714527351708761,-0.18351593434052205,-0.15438434628839426,-0.2753008111328951,-0.10711567293276439,0.08254334371275901,-0.34778764463921885,-0.39284972898166304,0.1890746934225195,0.34769538307769193,0.14820282166609003,-0.23768115942028986,-0.01220159151193634,-0.2941452350747703,0.06794295160112251,0.09032406873486334,0.043639718602237344,0.25073617037635026,-0.09923499788567255,0.077376696267251,-0.07880675047091838,-0.06913466343751201,-0.19487948333525545,-0.4614846422942375,-0.023434436627839925,0.010056510206435243,0.026102333448660284,0.141344712259255,-0.004743781955176258,-0.058324683811940184,0.04491600353669319,-0.08495752123938032,0.02165071310498597,0.04916003536693192,-0.022065890131857148,0.02979279590973744,-0.05950870718486911,0.055441510014223656,-0.1952715949717449,0.20539730134932535,0.023611271287433205,0.32247722292699804,0.43595125514165994,0.5771575750586245,0.4233191096759313,0.21955945104370891,-0.14056817744973668,0.2295006342982355,0.18812132395340792,0.3967016491754123,0.15260062276554032,0.024856802368046747,0.3887671548840964,-0.18011763349094684,-0.3008034444316303
#11,0.1708761004113328,1.0,-0.02324222504132549,0.13985315034790297,0.2780148387344789,0.3841771421981317,0.2640910314073732,0.2523661246299927,0.49273055779802405,0.2991581132510668,0.2601545381155576,0.4053434821051013,0.30886095413831544,0.16234190597009188,-0.22215815169338407,-0.39950793833852305,0.12191596509437588,-0.021504632299234997,-0.29201553069619035,-0.1698612232345366,-0.11327413216468689,-0.2462691731057548,0.11072925075923577,-0.04040287548533426,-0.1255218544573867,-0.18348518048667975,-0.17109137738822897,-0.09386845039018953,0.20053819244224041,0.2609156959981548,0.2705262753238765,0.08307384769153885,-0.08282012839733979,-0.040964133317956404,0.11379694768000614,0.25005958559181946,-0.06673586283781187,-0.246138469226925,-0.029777418982816283,-0.059085841694537344,-0.18565332718256256,-0.3611194402798601,0.20579710144927535,-0.20929535232383809,0.021904432399185023,-0.1096298004843732,0.046176911544227886,0.02292699803944182,0.004343981855226233,-0.16681659170414792,-0.22528735632183908,-0.20053819244224041,-0.21486179986929613,-0.23098450774612694,0.024626148464229423,-0.20276784684580787,0.15033252604466998,-0.1427978318533041,-0.04719947718448468,-0.15967400914927152,0.008165148195133202,0.09209241533079614,0.02803982624072579,0.13268750240264482,-0.13272594471994772,-0.19215007880675047,0.19226540575865914,0.23908814823357552,-0.10643908814823358,-0.2130319455656787,-0.04575404605389613,0.09622880867258678,0.17030715411525008,0.08486525967785338,0.0326990350978357,0.06444470072655979,0.00808057509706685,0.1880598162457233,0.15017875677545842,0.0916618613770038,0.227763041556145,0.33458655287740746,-0.001560758082497213,0.031161342405720216,0.16507131049859686,0.11126744320147619,0.1012570637758044,0.05368085188175143,0.13652404566947296,0.14335908968592626,0.2214661899819321,0.1944181755276208,0.12472225425748665,-0.020835735978164762,-0.015392303848075961,-0.07892207742282704,-0.11246684350132626,-0.07762272709798947,-0.07570829969630569,-0.013854611155960482,0.0850267174105255,0.016038134778764465,0.052358436166532116,-0.12452235420751163,-0.01548456540960289,-0.010094952523738132,0.0918694498904394,0.06905009033944566,0.14065275054780302,-0.09701303194556568,-0.019459501018721407
#12,0.4464767616191904,-0.02324222504132549,1.0,0.8321762195825164,-0.10064198669895821,0.1711759504862953,0.17099142736324147,-0.025933187252527582,-0.16914619613270288,0.5306346826586706,0.20929535232383809,-0.28150540114558104,0.33186483681236306,-0.1768346595932803,-0.17108368892476838,0.026225348864029524,0.5561142505670241,0.544274016837735,-0.01598431553454042,-0.29266905009033944,-0.4072425325798639,-0.23381386229961942,-0.08904778380040748,0.13254911006035444,0.12359205012878176,0.28317379771652634,0.23986468304309383,0.4119555606811979,-0.054918694498904394,-0.29209241533079616,0.2736324145619498,-0.10623918809825857,0.3595048629531388,-0.0470226425248914,-0.4700880329066236,-0.2591012186214585,-0.20461307807634643,-0.13567831468880945,-0.19697843385999309,0.02108945527236382,0.030607773036558643,0.12056279552531426,-0.26958828278168606,0.06185368854034521,-0.1734594241340868,-0.05321954407411679,0.19497943336024295,0.384807596201899,0.04560027678468458,0.08754084496213432,0.3227847614654211,0.13017337485103603,0.27554684196363355,0.11339714758005613,-0.16252642909314574,-0.15006342982354975,-0.49545996232652906,-0.45809402990812287,0.1850305616422558,0.12177757275208549,0.051604966747395536,0.1440587398608388,-0.2568254334371276,-0.1738669126974974,0.625179717833391,0.24897551224387807,-0.021058701418521508,-0.10906085418829047,-0.111944027986007,-0.1686925767885288,0.2909468342751701,0.2381809095452274,-0.2744089493714681,-0.017698842886249185,-0.45217391304347826,-0.4338446161534617,-0.2632299234997886,-0.37691923269134664,-0.05241225541075616,-0.1376311844077961,-0.257563525929343,-0.2637527390151078,0.002022065890131857,0.14193672394571946,-0.30362511052166224,0.21835236228039825,0.18844423941875216,-0.30306385268904007,-0.24624610771537309,-0.2594087571598816,-0.16779302656364126,-0.24696113481720677,-0.030330988351977856,0.4050051897128359,0.22933917656556338,0.31008341982854726,0.37595048629531386,0.5902817821858302,0.6283704301695306,0.47217160650444007,0.49367623880367506,0.5652173913043478,0.20828816361050245,0.51145196632453,0.4982278091723369,0.4978972052435321,0.40253719294199053,-0.09913504786068504,0.04292469150040364,0.2956521739130435,0.14227501633798487
#13,0.3867297120670434,0.13985315034790297,0.8321762195825164,1.0,-0.047291738746011606,0.1439895436896936,0.2082727866835813,0.0713873832314612,-0.062168915542228885,0.5530311767193327,0.1985315034790297,-0.16783915734440472,0.31683389074693424,-0.20329066236112714,-0.11488102102794756,-0.024287856071964018,0.44884480836504825,0.39141198631453505,0.14972513743128435,-0.14026832737477415,-0.25379617883366007,-0.15054780302156615,0.033798485372698264,0.15306961903663552,0.14657286741244763,0.18564563871910197,0.20059201168646446,0.31365855533771575,-0.10463229923499788,-0.2456617844923692,0.21849075462268866,-0.08148233575519932,0.31311267443201474,0.0005305039787798408,-0.2504286318379272,-0.06991119824703033,-0.13457886441394687,-0.024564640756544805,-0.18809825856302617,-0.037857994079883134,-0.047130281013339485,0.005973936108868642,-0.18862876254180602,0.06203821166339907,-0.14907930650059587,-0.08128243570522431,0.2733325644869873,0.20137623495944335,-0.05960865720985661,-0.01412370737708069,0.19471802560258333,0.0044746857340560485,0.12485295813631646,-0.01406219966939607,-0.17662707107984468,-0.19136585553377158,-0.3629416061200169,-0.24027986006996502,0.026479068158228578,-0.010110329450659285,0.021573828470380193,0.15146273017337486,-0.09080075346941914,-0.008119017414369737,0.4858416945373467,0.13603967247145657,0.1580133010417868,0.008457309806635144,0.0038596086572098565,-0.08774074501210934,0.2118402337292892,0.23794256717794948,-0.12129319955406911,0.006327605428055203,-0.2739630184907546,-0.29068542651751045,-0.1532848960135317,-0.18476146542113558,0.08088263560527428,-0.10035751355091685,-0.15701380079191174,-0.19049705916272633,-0.0231038326990351,0.15403836543266827,-0.08229731288202052,0.14835659093530157,0.09446046207665398,-0.2986660515895898,-0.19576365663322184,-0.2117402837043017,-0.07537769576750086,-0.21583823472878946,0.04795294660362127,0.21307038788298158,0.1240918002537193,0.22740937223695845,0.24602314227501634,0.416737784953677,0.4119324952908161,0.273701610733095,0.2817514319763195,0.43779648637219853,0.13322569484488525,0.42553338715257755,0.42384961365471113,0.3423288355822089,0.2848114404336293,-0.10495521470034214,0.1318494598854419,0.15949717448967823,0.07207934494291315
#17,0.04321685311190559,0.2780148387344789,-0.10064198669895821,-0.047291738746011606,1.0,0.5162034367431669,-0.11025256602467996,0.2957136816207281,0.3222926998039442,-0.25020566639757047,0.05958559181947488,0.5805404989812786,0.30185676392572947,0.03523622803982624,-0.26406027755353095,-0.06858109406835045,-0.2947526236881559,-0.08478068657978703,-0.15998154768769463,0.16479452581401607,-0.05858609156959982,-0.084380886479837,0.01708376580940299,0.09277668857878753,-0.28221273978395417,-0.1879829316111175,-0.46632068581094066,-0.2013916118863645,-0.03757352093184177,0.28439626340675817,-0.04852958136316457,0.11380463614346673,-0.277722677122977,0.23254526582862414,0.2630992196209587,0.42764771460423634,-0.01297043785799408,-0.07810710029600584,-0.014900242186599008,0.16427939876215739,0.19657863376004306,0.09158497674239803,0.5499173490177988,0.1437973321031792,-0.025433437127590053,-0.11218237035328489,0.0586937300580479,0.04400876484834506,-0.1766193826163841,-0.2517818014069888,-0.42544112559105063,-0.24669972705954715,-0.43079998462307306,-0.1979241148656441,-0.25929343020797296,-0.05148195133202629,-0.05954714950217199,0.0446084649982701,-0.06569023180717333,-0.08850959135816706,0.03292968900165302,0.006873486333756199,0.3496636297235997,0.28834813362549494,-0.40981047937569676,-0.3598815976627071,0.2545112059354938,0.4706108484219429,-0.0237496636297236,-0.012962749394533502,-0.13629339176565564,-0.14523507477030714,0.05999308038288548,-0.0490293314881021,0.13527082612539884,0.21787567754584247,0.09873524776073501,0.06440625840925691,0.20393649329181562,0.17769576750086497,0.42920078422327296,0.6326682812439934,-0.1642409564448545,0.2685964709952716,0.6167762272709799,0.22820128397339792,0.12182370353284896,0.4489447583900357,0.10974512743628186,0.5218006381424672,0.6178526121554607,0.24067966016991504,0.26439088148233575,0.0061738361588436555,-0.04563871910198747,-0.09098527659247299,-0.030377119132741322,-0.2934455848998578,-0.3078230115711375,-0.1523315265444201,-0.12852035520701188,-0.0746549802022066,0.10242571022181217,-0.33829239226540575,-0.17173720831891748,-0.2043901126359897,0.05033637027640026,0.14611924806827356,0.24543113058855187,-0.12784377042248107,-0.06898089416830047
#18,0.12110098796755468,0.3841771421981317,0.1711759504862953,0.1439895436896936,0.5162034367431669,1.0,0.16302617921808327,0.03540537423595894,0.3877907200246031,0.066551339714758,0.13833083458270864,0.43591281282435707,0.6452619843924192,0.10106485218928997,-0.2138161688386576,-0.015323107676930766,0.14577326721254757,0.1235459193480183,-0.24362434167531619,-0.110106485218929,-0.2619228847114904,-0.1930880713489409,-0.03370622381117134,-0.00678122477222927,-0.21904432399185023,-0.2849190789220774,-0.40161457732672123,-0.12100872640602775,0.3062468765617191,0.35843616653211857,0.3878599161957483,0.2260946449851997,-0.08025987006496751,0.20042286549033175,0.3117364394725714,0.45003652020143775,-0.06419866989582132,-0.25024410871487335,-0.08629531388152077,0.23785030561642256,-0.03166109253065775,0.1249759735516857,0.43276054280552034,0.11192096259562527,-0.08978587629262291,-0.19739361088686427,0.25464959827778416,0.26916541729135435,-0.16120401337792642,-0.21352400722715564,-0.21438511513474032,-0.1861530773075001,-0.26637450505516475,-0.09338407719217315,-0.3111059854688041,-0.04357821089455272,-0.3949256141160189,-0.3267673855380002,-0.060262176604005686,-0.11831007573136508,-0.06193826163841156,0.036197285972398414,0.050643908814823356,0.2117018413869988,-0.08236650905316573,-0.3336716257255987,0.28810210279475645,0.3259985391919425,-0.15396148079806252,-0.12474531964786838,0.10239495636796986,0.16398723715065544,0.0379041248606466,-0.1374312843578211,-0.1701533848460385,-0.14853342559489485,-0.15496866951139815,-0.06242263483642794,0.2248029831238227,0.29406835044016455,0.3257755737515857,0.4154076807749971,-0.04616153461730673,-0.018114019913120363,0.18906700495905893,0.14548110560104563,0.11042940068427325,0.05831699534847961,0.007926805827855304,0.09144658440010764,0.31734901779879293,-0.0906085418829047,0.01690693114980971,0.19851612655210857,0.09295352323838081,0.08472686733556299,-0.08162072809748971,0.02418790604697651,0.0018913620113020413,0.13241071771806404,0.212316918463845,0.11930957598124015,0.06801983623572828,-0.11900203744281705,0.06128474224426248,0.13277207550071118,0.2721716065044401,0.014638834428939377,0.18712182370353284,0.01477722677122977,0.05575673701610733
#26,-0.1594126013916119,0.2640910314073732,0.17099142736324147,0.2082727866835813,-0.11025256602467996,0.16302617921808327,1.0,-0.2711029100834198,0.14713412524506977,0.45241994387421675,0.233075769807404,0.08730250259485642,0.4030907623111521,0.513089609041633,0.19328797139891593,0.11689539845461884,0.25332718256256487,0.170199515626802,0.15489947334025295,-0.08701034098335447,-0.07495483027716911,0.012132395340791143,0.004889862760927228,0.03498250874562719,0.09763579748587245,-0.12038596086572098,-0.14227501633798487,-0.12534501979779342,0.2354207511628801,0.08810979125821705,0.1989466805059009,0.13924576173451736,-0.08883250682351132,0.1263291431207473,0.03823472878945143,0.20625840925691,0.2528043670472456,-0.0013839234229039326,0.029116211125206626,0.10058047899127359,-0.06674355130127244,0.011555760581247838,-0.09566755083996463,-0.030492446084649984,-0.11269749740514358,-0.17395148579556374,-0.07440894937146811,-0.07995233152654442,-0.18297774189828162,-0.3466728174374351,-0.0708415023257602,-0.1985007496251874,-0.3460731172875101,0.04433168031368931,-0.20407488563410603,0.012478376196517127,-0.3272133164187137,-0.29824318609925804,-0.06486756621689155,-0.15009418367739208,0.21076384884480837,0.20536654749548303,0.10419405681774498,0.24339368777149886,0.06888863260677354,-0.1318187060315996,0.3782647137969477,0.49790489370699265,0.16523276823126898,0.046153846153846156,0.24576942298081728,0.1837081459270365,-0.04180986429861992,-0.041294737246761234,-0.09575981240149156,-0.24207127205627954,-0.018890554722638682,-0.11854841809864299,0.43574366662822434,0.32898166301464654,-0.0891784876792373,-0.19773959174259023,-0.015507630799984623,-0.03866528274324376,-0.12316149617498943,0.15752892784377043,0.03435205474185984,-0.12553723138430783,-0.2713566293776189,-0.11303578979740898,-0.10330988351977857,-0.12251566524430092,-0.046361434667281744,0.09832775919732442,0.10656210356360281,0.04094875639103525,0.1772421481566909,0.03159958482297313,-0.0864260177603506,-0.034813362549494485,-0.051950947603121515,0.21955176258024833,0.1385845538769077,-0.006104639987698459,0.029031638027140275,-0.17011494252873563,-0.1225925498789067,0.07967554684196364,0.13924576173451736,0.18572252335370776,0.0647829931188252
#49,0.6336293391765656,0.2523661246299927,-0.025933187252527582,0.0713873832314612,0.2957136816207281,0.03540537423595894,-0.2711029100834198,1.0,0.17528927843770423,-0.11150578556875408,0.20891861761426977,0.4020451312805136,0.06550570868411948,0.004044131780263714,-0.29392226963441354,-0.3766347595433053,0.013316418713720062,-0.23751201322415716,-0.09090070349440664,0.08727174874101411,0.20924153307961404,-0.12117787260216045,0.026871179794718026,-0.19083535155499173,-0.18425402683273748,-0.1339253450197978,0.03199169645946258,-0.20751162880098412,-0.2973205704839888,-0.1112290008841733,-0.21264752239264983,-0.21493099604044133,-0.1455887440894937,-0.25213547072617537,0.08496520970284088,-0.09522161995925114,-0.21634567331718757,-0.1744512359205013,-0.24806827355552993,-0.306831199784723,-0.06602852419943875,-0.3393226463691231,0.09479875446891939,-0.1212009379925422,-0.036581709145427285,0.029831238227040327,0.07188713335639872,-0.05850920693499404,0.08208972436858494,0.05343482105101296,0.09362241955945104,0.17328258947449351,-0.07057240610463998,-0.31665705608734096,0.19905431899434897,-0.11502710183369853,0.2931611117518164,0.11322800138392343,-0.28889401453119595,-0.3290969899665552,-0.059331872525275824,0.056202667896820824,-0.01445431130588552,-0.1993849229231538,-0.24496213431745667,0.06902702494906393,0.2630300234498136,-0.05581824472379195,0.04580786529812017,-0.133248760235267,-0.1535924345519548,-0.11968631069080844,0.2028985507246377,0.2265713297197555,0.2547726136931534,0.40616614769538306,0.12397647330181064,0.14118325452658287,-0.014577326721254757,-0.33336408718717564,0.21935186253027333,0.28436550955291584,-0.012847422442624842,0.25213547072617537,0.43561296274939454,0.03646638219351862,0.013639334179064313,0.21559989236151156,0.0018221658401568446,0.39155037865682546,0.23822704032599085,0.2894398954368969,0.0390266405258909,-0.16644754545804022,-0.22360358282397264,-0.10537808019067389,-0.25195094760312153,-0.10103409833544766,0.04698420020758851,0.12564486987275594,0.09247683850382502,-0.21989774343597432,-0.25225079767808406,-0.05755583746588244,-0.009072386883481337,0.011778726021604582,-0.05541844462384193,0.15442278860569716,0.3957559681697613,-0.3454272863568216,-0.3783723522853958
#50,0.10044977511244378,0.49273055779802405,-0.16914619613270288,-0.062168915542228885,0.3222926998039442,0.3877907200246031,0.14713412524506977,0.17528927843770423,1.0,0.0821742974666513,0.09527543920347518,0.25527236381809093,0.2048975512243878,0.32615230846115406,-0.21897512782070502,-0.06212278476146542,-0.08898627609272287,-0.0667589282281936,-0.09546765078998962,0.03449813554761081,0.04163302963902664,0.1280744243262984,0.015553761580748088,0.011417368238957445,-0.2617691154422789,-0.1372852035520701,-0.3477338253949948,-0.20201437742667128,0.042709414523507475,0.09416061200169146,0.10749240764233269,0.2205897051474263,-0.130519355706762,0.13304886018529197,0.26150770768461923,0.4247722292699804,-0.010909929650559336,0.01581516933840772,0.009725906277630416,0.15437665782493368,-0.28800984123322954,-0.1522623303732749,0.18273939953100374,-0.026486756621689155,-0.1683312190058817,-0.22130473224925998,0.15129358397724216,-0.0714873332564487,-0.21604582324222504,-0.29110060354438166,-0.39025871679544843,-0.24399338792142392,-0.3614346672817437,-0.018413869988082882,-0.12315380771152885,0.205112828201284,-0.006112328451159036,0.033152654442009766,-0.08681044093337946,-0.22352669818936685,0.020889555222388806,0.05384999807788413,0.13921500788067503,0.06426786606696652,-0.2027601583823473,-0.22268865567216392,0.31835620651212854,0.1907123361396225,-0.013962249644408564,0.028624149463729674,-0.05444969822780917,-0.05901664552339215,0.21410064198669895,0.07803790412486064,0.11248222042824742,0.13398685272748243,0.11787952177757276,0.27854534271325876,0.11346634375120132,0.2358282397262907,0.2057509706685119,0.1681851382001307,-0.0013839234229039326,-0.03216084265559528,0.25507246376811593,0.009249221543074617,0.056610156460231424,-0.12070118786760466,-0.024779917733440973,0.11588052127782263,0.15785953177257525,0.054626532887402456,-0.030307922961596127,0.004128704878330065,-0.03849613654711106,-0.1222850113404836,-0.11866374505055165,-0.11400453619344174,-0.19906969592127013,-0.03781955176258025,-0.12812055510706186,-0.11679544842963134,0.04286318379271903,-0.19491792565255833,-0.18939760888786375,-0.062445700226809675,-0.021658401568446548,0.15853611655710606,0.15268519586360665,-0.057786491369699766,-0.05340406719717065
#51,0.17847230231038327,0.2991581132510668,0.5306346826586706,0.5530311767193327,-0.25020566639757047,0.066551339714758,0.45241994387421675,-0.11150578556875408,0.0821742974666513,1.0,0.23404451620343675,-0.14237496636297237,0.4254565025179718,0.12889708991658017,-0.245246607465498,-0.3471264367816092,0.46252258486141545,0.24613078076346442,-0.09956560181447738,-0.37201399300349824,-0.29262291930957596,-0.30983738899780877,-0.056010456310306385,0.015592203898050975,-0.03228385807096452,-0.005966247645408066,0.3091761811401991,0.31580363664321687,0.18225502633298735,-0.12709030100334448,0.2024910621612271,-0.0863568215892054,0.07629262291930958,-0.15227001883673547,-0.21120209126206127,-0.1210932995040941,-0.11654941759889285,-0.2624072579095068,-0.23267596970745397,-0.01809095452273863,-0.13341021796793912,-0.10591627263291431,-0.156790835351555,-0.21866758928228194,-0.12093184177142198,-0.09155422288855572,0.20338292392265406,0.08185138200130704,0.10814592703648176,-0.11272825125898589,0.11936339522546419,-0.12714412024756852,0.16948448852496828,0.0727097989466805,-0.10903010033444815,-0.16169607503940336,-0.15180102256564026,-0.3551147503171491,0.07986006996501749,0.02993887671548841,0.3611655710606235,0.3509706685118979,-0.06871179794718026,0.05522623303732749,0.48814054511205934,0.07974474301310883,0.05887056471764118,0.01891362011302041,-0.22329604428554953,-0.20732710567793028,0.09720524353208011,0.1328643370622381,-0.09964248644908315,0.12253104217122208,-0.253288740245262,-0.35955099373390226,-0.032414561949794335,-0.07987544689193865,-0.055656786991119825,-0.055057086841194786,-0.060777303655864374,-0.30663898819820856,0.04603083073847691,0.0216737784953677,-0.18446930380963364,0.2906085418829047,0.272955829777419,-0.1826855802867797,-0.26643601276284934,0.014100641986698957,-0.24067966016991504,0.017398992811286665,0.12785145888594165,0.43482873947641565,0.33737746511359706,0.01456963825779418,0.24370891477338255,0.27167185637950253,0.23391381232460692,0.2724714565794026,0.219121208626456,0.46695113981470804,0.11880213739284204,0.1992849728981663,0.18350055741360088,0.22551032176219582,0.11125206627455503,0.14844116403336793,-0.02313458655287741,0.3776727021104832,0.16103486718179372
#52,0.22973128820205282,0.2601545381155576,0.20929535232383809,0.1985315034790297,0.05958559181947488,0.13833083458270864,0.233075769807404,0.20891861761426977,0.09527543920347518,0.23404451620343675,1.0,0.10912236189597509,0.2892630607773037,0.05777111444277861,-0.034844116403336796,-0.22877023026948065,0.44868335063237613,0.3110598546880406,-0.07712297697305194,-0.4662438011763349,-0.12309230000384423,-0.239534079114289,0.11338945911659555,0.020389805097451273,0.1730903778879791,0.04324760696574789,0.06111559604812978,-0.030853803867297122,0.03335255449198478,-0.2318840579710145,0.27497020720409027,-0.15482258870564716,0.005727905278130166,-0.20485142044362434,-0.06851958636066582,-0.08547264829123899,0.09448352746703571,-0.2186137700380579,0.09432206973436359,-0.12169299965401914,-0.20117633490946835,0.05373467112597547,0.07184100257563526,0.19351093683927267,0.003913427901433899,0.016745473417137585,-0.20169146196132703,0.0769000115326952,-0.19422596394110636,-0.1622650213354861,0.03447507015722908,-0.09747433975320033,-0.011140583554376658,-0.1156498673740053,0.1298735247760735,-0.13608580325222006,-0.15513012724407027,-0.4805520316764695,0.08555722138930534,0.12804367047245607,0.14009918117864145,0.23392918925152809,-0.22011302041287048,-0.0876177295967401,0.16276477146042365,-0.18326990350978356,0.0025218160150693885,-0.07449352246953446,-0.09725906277630415,-0.5244531580363664,0.018275477645792487,0.00278322377272902,-0.012578326221504633,-0.017875677545842465,-0.3525468035213163,-0.4015607580824972,-0.025002883173797716,-0.020089955022488757,0.23700457463575905,-0.10952216199592511,0.029093145734824896,-0.10792296159612501,-0.04942144312459155,0.009971937108368892,-0.016891554222888554,0.23601276284934455,0.19658632222350364,-0.15426133087302502,0.012578326221504633,0.023111521162495676,0.027440126090800755,0.02249644408564948,0.06708184369353784,0.2050359435666782,0.2219813170337908,0.3632183908045977,0.18069426825049015,0.2615000192211587,0.17312882020528197,0.23957252143159188,0.19158113251066775,0.2649905816322608,0.215992003998001,0.03409064698420021,0.2035751355091685,0.22754007611578825,0.08184369353784646,0.10652366124629993,0.30585476492522967,0.17171414292853573,0.13059624034136777
#53,0.10533194940991043,0.4053434821051013,-0.28150540114558104,-0.16783915734440472,0.5805404989812786,0.43591281282435707,0.08730250259485642,0.4020451312805136,0.25527236381809093,-0.14237496636297237,0.10912236189597509,1.0,0.3481797562757083,0.31791027563141505,-0.1701303194556568,-0.24843731980163763,-0.2782839349555991,-0.3805789412985815,-0.21954407411678775,0.21223234536577865,0.1772729020105332,-0.1272517587360166,-0.1036712413024257,-0.23898050974512744,-0.43098450774612695,-0.5004343981855226,-0.3875523776573252,-0.4495752123938031,0.09846615153961481,0.3797485872448391,-0.07637719601737593,0.001276284934455849,-0.4106485218928997,0.0011686464460077654,0.39545611809479875,0.451505016722408,-0.11302041287048784,-0.1094914081420828,-0.18236266482143543,-0.1188175143197632,0.19345711759504863,-0.16061969015492253,0.6143697382078191,0.0666205358859032,0.03948025987006497,-0.035436128089801254,0.052358436166532116,-0.11447353246453697,0.10113404836043517,-0.10573174950986046,-0.2636989197708838,-0.16559412601391613,-0.31746434475070157,-0.30396340291392765,-0.13026563641256295,-0.15551455041709913,0.17378233959943104,0.10224118709875832,-0.2343289893514781,-0.3671471956329527,-0.0019298043286049282,0.01859839311113674,0.39178872102410334,0.2618152462230423,-0.5638257794179833,-0.23724291700303693,0.32297697305193557,0.5150655441510015,-0.05918579171952485,-0.030569330719255758,-0.25312728251258987,-0.10829200784223272,0.14332833583208396,0.1423288355822089,0.21825241225541075,0.33690078037904125,-0.010256410256410256,0.016361050244108714,0.25145888594164456,0.13013493253373312,0.42043593587821476,0.6639449506016223,-0.21233229539076615,-0.08905547226386806,0.508322761696075,0.07570061123284512,-0.015269288432706724,0.5834236727789951,0.16514819513320264,0.5160881097912582,0.4835966632068581,0.4598854418944374,0.062276554030676966,-0.20716564794525813,-0.29515242378810597,-0.25697151424287856,-0.41511551916349515,-0.3800945681005651,-0.3593434052204667,-0.11725675623726599,-0.1710760004613078,-0.17126821204782225,-0.18715257755737516,-0.36969976550186445,-0.3268135163187637,-0.2842424941375466,-0.10949909660554338,0.14979433360242955,0.28761004113327954,-0.3396378733710068,-0.39737054549648254
#54,0.15040172221581516,0.30886095413831544,0.33186483681236306,0.31683389074693424,0.30185676392572947,0.6452619843924192,0.4030907623111521,0.06550570868411948,0.2048975512243878,0.4254565025179718,0.2892630607773037,0.3481797562757083,1.0,0.271464267866067,-0.3077999461807558,-0.16514050666974206,0.2413024257102218,0.19454119094299005,-0.2107254065275055,-0.1906046976511744,-0.38062507207934493,-0.36507131049859687,-0.31418137085303505,-0.14885634106023912,-0.31703379079690924,-0.35676008149771266,-0.22290393264906008,-0.11375081689924268,0.348948602621766,0.1879214239034329,0.2902087417829547,0.16044285549532925,0.023226848114404338,0.038511513474032213,0.1136124245569523,0.22597931803329105,-0.1101372390727713,-0.33450966824280165,-0.3160112251566524,0.040833429439126594,-0.03260677353630877,0.1156498673740053,0.22877023026948065,0.04463153038865183,-0.030277169107753816,-0.25357321339330335,0.2415023257601968,0.16371045246607466,-0.0920385960865721,-0.3455195479183485,-0.007011878676046592,-0.19544842963133818,-0.18851343558989736,-0.12410717718064045,-0.432675969707454,-0.2179602506439088,-0.42940837273670857,-0.4398031753354092,-0.07347095682927766,-0.16309537538922847,0.26241494637296736,0.2331757198323915,0.10545496482527966,0.33235689847384,0.1294660362126629,-0.18477684234805675,0.348295083227617,0.3655326183062315,-0.26997270595471495,-0.16653211855610656,0.1392688271248991,0.17582747087994463,0.021604582324222504,0.02197362857033022,-0.20828047514704187,-0.19041248606466,-0.034098335447660784,-0.1307269442201976,0.33478645292738246,0.20740399031253604,0.4121862145850152,0.2501441586898858,0.25404989812785916,-0.010610079575596816,0.19886979587129514,0.4239188098258563,0.29658247799177334,0.07191788721024103,-0.002229654403567447,0.21128666436012764,0.06517510475531466,-0.002037442817053012,0.06497520470533964,0.3429362241955945,0.15128589551378158,-0.09054703417522009,-0.12302310383269903,0.1648790989120824,0.11744896782378042,0.19525621804482374,0.28207434744166376,0.3008111328950909,0.07102602544881405,0.06304540037673471,0.1544766078499212,0.229746665128974,0.19420289855072465,0.2338907469342252,0.3353553992234652,0.2318840579710145,0.046861184792219276
#58,0.03316034290547034,0.16234190597009188,-0.1768346595932803,-0.20329066236112714,0.03523622803982624,0.10106485218928997,0.513089609041633,0.004044131780263714,0.32615230846115406,0.12889708991658017,0.05777111444277861,0.31791027563141505,0.271464267866067,1.0,-0.048191288970899165,-0.11924037981009496,-0.09078537654249798,-0.181424672279245,-0.19130434782608696,0.11318187060315996,0.0057355937415907434,-0.11927113366393727,-0.24806058509206935,-0.3667397070695422,-0.4293545534924845,-0.5882443393687772,-0.22096643985699457,-0.2791066005458809,0.10861492330757698,0.09354553492484527,0.03716603236843117,-0.06665128973974552,-0.38063276054280554,-0.19542536424095644,0.1467497020720409,0.2418175527620805,-0.17171414292853573,-0.2699111982470303,-0.21299350324837582,-0.1715603736593242,-0.08335063237611963,-0.16695498404643833,0.1330719255756737,0.03769653634721101,0.10121093299504094,0.00035366931918656057,0.05724061046399877,-0.09290739245761735,0.1279052781301657,-0.024510821512320764,0.062499519471033715,0.12216199592511437,-0.18158613001191712,0.015230846115403837,-0.16082727866835814,0.031353553992234655,0.004743781955176258,0.02940068427324799,-0.028170530119555608,-0.1481105601045631,0.2676046592088571,0.23509014723407526,0.17971014492753623,0.1983008495752124,-0.22950832276169608,-0.14727251758736018,0.32818975127820704,0.44074885634106026,-0.04357052243109215,0.1076231115211625,0.04046438319301888,-0.009995002498750625,0.126298389266905,0.20410563948794833,0.11824087956021989,0.17858762926229194,0.16680121477722676,0.1432822050513205,0.3043632030138777,0.11368930919155806,0.03043862684042594,0.05925498789067005,0.08668742551801023,-0.000476684734555799,0.11233613962249644,0.031438127090301006,0.15503017721908277,0.14332833583208396,-0.08324299388767155,0.16926152308461154,0.12144696882328067,0.14581170952985045,-0.0023680467458578403,0.04024141775266213,-0.02869334563487487,-0.2962518740629685,-0.27633875370007305,-0.122623303732749,-0.20685810940683505,0.17021489255372313,-0.0024295544535424597,0.013347172567562373,-0.24948295083227617,-0.21128666436012764,-0.30506285318879023,-0.12113943028485757,-0.186591319724753,0.32434551954791835,0.23320647368623382,0.036666282243493636,-0.13468650290239495
#101,-0.1739437973321032,-0.22215815169338407,-0.17108368892476838,-0.11488102102794756,-0.26406027755353095,-0.2138161688386576,0.19328797139891593,-0.29392226963441354,-0.21897512782070502,-0.245246607465498,-0.034844116403336796,-0.1701303194556568,-0.3077999461807558,-0.048191288970899165,1.0,0.424833736977665,0.042355745204320915,0.08748702571791027,0.6035597585822473,0.12161611501941337,0.480905700995656,0.3176719332641372,0.10368661822934687,0.046199976934609616,0.2972052435320801,0.1328643370622381,-0.029677468957828777,-0.33830008072886636,0.0920001537692692,0.09183869603659708,-0.0595779033560143,0.06683581286279937,-0.0908468842501826,0.11158267020335985,0.062130473224926,-0.09226924999038942,0.530173374851036,0.43475954330527045,0.2333448660285242,-0.15979702456464076,0.09099296505593357,0.19303425210471686,-0.022811671087533156,0.16358743705070541,0.0656671664167916,-0.08307384769153885,-0.4788221273978395,-0.13360242955445353,-0.27068773305654864,-0.06994195210087265,0.05261984392419175,-0.13570906854265175,-0.19222696344135626,-0.011824856802368047,0.23904201745281206,-0.0033675469957329027,-0.03871141352400723,0.041048706416022755,-0.25990081882135857,-0.25803252220043826,-0.2172529120055357,-0.13697766501364703,-0.15493022719409527,-0.0521277822627148,-0.11435051704916772,0.11426594395110137,-0.050290239495636796,-0.09294583477492023,0.665167416291854,0.20552800522815515,0.2021758351593434,0.17021489255372313,0.02664821435436128,-0.24726867335562988,-0.027755353092684426,-0.11930188751777958,-0.07073386383731212,-0.010879175796717025,0.16966901164802214,0.16421020259101218,-0.2573866912697497,-0.28422711721062544,-0.23750432476069658,-0.26601314727251757,-0.2736554799523315,-0.30517818014069886,-0.39926190750778456,-0.14162918540729635,0.0780532810517818,-0.36081190174143696,-0.2192519125052858,-0.405912428401184,-0.24097951024487757,-0.4520970284088725,-0.2733325644869873,0.28266635912812826,0.2347441663783493,-0.18287010340983353,-0.19212701341636873,-0.22571022181217085,-0.4100411332795141,-0.05724829892745935,-0.03452120093799254,-0.1728520355207012,-0.18167070310998348,-0.34533502479529465,-0.4978741398531503,-0.2629223849613655,-0.027962941606120017,-0.16966901164802214,-0.05587975243147657
#102,-0.2756006612078576,-0.39950793833852305,0.026225348864029524,-0.024287856071964018,-0.06858109406835045,-0.015323107676930766,0.11689539845461884,-0.3766347595433053,-0.06212278476146542,-0.3471264367816092,-0.22877023026948065,-0.24843731980163763,-0.16514050666974206,-0.11924037981009496,0.424833736977665,1.0,-0.1956406412178526,0.12694422019759352,0.4022604082574098,0.39597124514665744,0.05146657440510514,0.6237342867028024,0.08591089070849191,0.2694652673663168,0.16860800369046247,0.24426248414254412,-0.3803021566140007,-0.04424710721562296,-0.09430669280744243,-0.002452619843924192,0.08401184023372929,0.2604236343366778,-0.015499942336524046,0.4903163802714028,-0.05006727405528005,0.16367969861223233,0.21632260792680583,0.4891016030446315,0.17862607157959481,0.2858032522200438,0.07126436781609195,0.41172490677738055,-0.3490331757198324,0.23700457463575905,-0.13272594471994772,0.009349171568062123,-0.14255948948602623,0.034751854841809864,-0.32506054664975204,-0.05337331334332834,-0.16520201437742668,0.02691731057548149,-0.2533118056356437,0.24131780263714298,-0.18365432668281245,0.36583246838119404,-0.4690039595586822,0.15705224310921462,-0.1260292930457848,-0.021950563179948486,-0.1579825471879445,-0.2600161457732672,0.044377811094452775,0.13432514511974783,-0.06268404259408757,0.14690347134125245,0.0818667589282282,0.08170530119555607,0.35838234728789453,0.43563602813977625,0.09649021643024641,-0.0065890131857148345,-0.14442778610694654,-0.15005574136008917,0.0638296236497136,-0.007949871218237035,-0.05919348018298543,-0.13449429131588053,0.09689001653019644,0.27881443893437896,-0.34747241763733516,-0.1788721024103333,-0.1973090377887979,-0.00017683465959328028,-0.08818667589282282,-0.01868296620920309,-0.2633913812324607,-0.26697420520508974,-0.10570099565601815,-0.3844923692000154,-0.03565140506669742,-0.3867220236035828,-0.23230692346134624,-0.211025256602468,-0.1960558182447238,0.16018144773766962,0.2064967516241879,-0.08570330219505631,-0.0879560219890055,-0.2644447007265598,-0.16836197285972399,-0.014408180525122055,0.11334332833583208,-0.005574136008918618,-0.07653865375004805,-0.2813516318763695,-0.20699650174912543,-0.17492792065505708,-0.09930419405681774,-0.10477838004074885,-0.00908776381040249
#201,0.4068734863337562,0.12191596509437588,0.5561142505670241,0.44884480836504825,-0.2947526236881559,0.14577326721254757,0.25332718256256487,0.013316418713720062,-0.08898627609272287,0.46252258486141545,0.44868335063237613,-0.2782839349555991,0.2413024257102218,-0.09078537654249798,0.042355745204320915,-0.1956406412178526,1.0,0.4944220197593511,0.0687656171914043,-0.5269980394418176,-0.21941337023795796,-0.3652173913043478,0.12079344942913159,-0.0216737784953677,0.2726559797024565,0.17988697958712951,0.3971552685195864,0.1766885787875293,0.060131472725175876,-0.29210779225771727,0.18293161111751816,-0.16357206012378425,0.24433168031368932,-0.33114212124706877,-0.3585284280936455,-0.35597585822473377,-0.024210971437358245,-0.1207550071118287,-0.07960635067081843,-0.1749586745088994,-0.23302195056317995,0.015153961480798063,-0.09811248222042825,-0.008464998270095721,0.11416599392611386,-0.04180986429861992,-0.08677199861607658,0.2148002921616115,0.08361972859723985,-0.00618921308576481,0.4859108907084919,-0.021212470687733055,0.3043324491600354,-0.10903010033444815,0.10878406950370968,-0.18966670510898398,-0.2095567600814977,-0.5565986237650405,0.21080997962557183,0.17599661707607733,0.14220582016683966,0.29271518087110293,-0.5657555837465883,-0.3671010648521893,0.53701610733095,0.0623688155922039,-0.05617960250643909,-0.27555453042709416,0.028016760850344057,-0.38841348556490984,0.3551839464882943,0.35170107254065275,-0.1912889708991658,-0.049475262368815595,-0.5663475954330527,-0.5403221466189982,-0.19531772575250836,-0.17595817475877445,0.06382193518625302,-0.2675969707453965,-0.16081190174143697,-0.3310575481490024,0.06432937377465113,0.028201283973397915,-0.3467804559258832,0.05738669126974974,0.18105562603313727,-0.2328374274401261,-0.18672202360358284,-0.19895436896936147,-0.1756352592934302,-0.08129012416868489,0.11809479875446892,0.259001268596471,0.31716449467573904,0.6247491638795987,0.3766655133971476,0.57203705839388,0.4733786952677507,0.573128820205282,0.38420789605197403,0.5358013301041786,0.19547918348518048,0.443209164648445,0.4745242763233768,0.5076846192288471,0.16313381770653135,-0.03545150501672241,0.1283742744012609,0.32287702302694804,0.24177142198131704
