,#10,#11,#12,#13,#17,#18,#26,#49,#50,#51,#52,#53,#54,#58,#101,#102,#201,#202,#301,#302,#401,#402,#501,#502,#601,#602,#701,#702,#801,#802,#901,#902,#1001,#1002,#1101,#1102,#1201,#1202,#1301,#1302,#1401,#1402,#1501,#1502,#1601,#1602,#1701,#1702,#1801,#1802,#1901,#1902,#2001,#2002,#2101,#2102,#2201,#2202,#2301,#2302,#2401,#2402,#2501,#2502,#2601,#2602,#2701,#2702,#2801,#2802,#2901,#2902,#3001,#3002,#3101,#3102,#3201,#3202,#3301,#3302,#3401,#3402,#3455,#3501,#3502,#3601,#3602,#3701,#3702,#3801,#3802,#3901,#3902,#4001,#4002,#4101,#4102,#4201,#4202,#4301,#4302,#4401,#4402,#4501,#4502,#4601,#4602,#4701,#4702,#4801,#4802
#10,1.0,0.06911159804713028,0.027693845384999808,0.1972475300811133,0.31937877215238536,0.06678968208203591,-0.08495752123938032,0.4228885557221389,0.30862261177103756,0.29570599315726753,0.3751585745588744,0.21026409871987084,-0.1120439780109945,0.08310460154538116,0.1125206627455503,-0.049490639295736744,-0.1400146080805751,-0.15330796140391342,0.21702994656517896,0.1199707838388498,0.05261984392419175,0.09165417291354323,-0.17694998654518895,-0.0976511744127936,0.015968938607619266,0.00921077922577173,-0.17940260638911312,-0.025295044785299658,0.1577442048206666,0.263622035136278,-0.08616461000269096,0.15394610387114135,-0.13560911851766425,0.1494329758197824,-0.15636796986122323,0.12901241686848883,-0.1933648560335217,0.1912582170453235,-0.10108022911621113,0.027317110675431515,-0.15152423788105948,0.01809095452273863,-0.3830469380694268,0.04160227578518433,-0.07973705454964826,-0.256218044823742,-0.159174259024334,-0.12039364932918156,-0.15374620382116633,-0.12077807250221044,-0.055679852381501554,-0.03978010994502749,-0.2388574943297582,0.14094491215930496,-0.10630069580594319,0.10098027909122362,-0.22158151693384076,-0.015230846115403837,0.027524699188867106,-0.030899934648060585,0.17249067773805404,0.243954945604121,-0.005973936108868642,-0.014592703648175913,0.16361050244108716,0.024418559950793835,0.039926190750778454,-0.005320416714719564,0.15523007726905777,-0.07085687925268135,0.03958789835851305,0.13154960981047936,-0.04049513704686118,0.05894744935224695,0.03506708184369354,-0.18794448929381463,0.16537116057355938,0.008564948295083228,-0.13996847729981163,-0.03353707761503864,0.08195133202629455,0.22635605274285933,0.20450543958789835,-0.23196094260562028,0.3113058855187791,0.3004805289662861,0.26418329296890014,0.1076231115211625,0.29678237804174834,-0.26409871987083383,0.16047360934917157,-0.06593626263791182,-0.09396840041517703,0.2247722292699804,0.42298850574712643,-0.08987044939068928,0.06749702072040903,0.28855572213893055,0.01611501941337024,0.05866297620420559,0.14278245492638297,-0.26616691654172914,0.1755045554146004,0.022365740206819668,0.18631453504017223,-0.029531388152077807,-0.047345557990235654,0.16122707876830816,0.09704378579940799,0.1422211970937608,0.0972129319955407
#11,0.06911159804713028,1.0,0.07801483873447891,-0.03414446622842425,0.07230999884673048,-0.02514896397954869,0.3123822704032599,0.12733633183408297,0.3845615653711606,0.27443201476184986,0.28854803367546994,0.1930880713489409,0.17902587167954484,0.10026525198938992,0.1511013723907277,0.2201514627301734,0.16165763272210049,-0.009518317764194826,0.16883096913081921,0.19953100372890478,0.09515242378810594,0.14343597432053204,-0.09539845461884443,0.07713066543651251,0.03591281282435705,0.00962595625264291,-0.2965594126013916,-0.0769999615576827,0.1978549186944989,0.11059085841694537,0.10287932956598624,-0.1496713181870603,-0.009987314035290048,0.11447353246453697,0.15301579979241148,0.13913812324606928,0.16340291392765155,0.26137700380578943,0.012839733979164264,0.23689693614731097,0.071518087110291,0.05235074770307154,0.2065967016491754,0.022527197939491792,-0.1090531657248299,-0.08401184023372929,-0.05531849459885442,-0.06602083573597817,-0.26312997347480105,-0.2588474993272594,-0.31106754315150115,-0.3590896859262676,-0.3242225041325491,-0.1691308192057817,-0.03052319993849229,0.09288432706723561,-0.3018721408526506,-0.1953715449967324,-0.1987467804559259,-0.2648060585092069,-0.08911697997155268,-0.057132971975550687,0.1877830315611425,0.09429900434398185,-0.19865451889439895,0.24264021835236227,0.21771421981317035,0.23795025564141006,0.30119555606811976,0.34468150540114556,0.11219774728020605,0.24688425018260102,-0.05501095606043132,0.007342482604851421,-0.22694037596586322,0.028862491831007572,-0.250905316572483,-0.2035751355091685,0.14571175950486295,0.18242417252912005,0.05404220966439857,0.14618844423941876,0.020766539807019566,0.09181563064621535,0.20325990850728481,-0.08410410179525622,-0.09375312343828086,0.11317418213969938,0.09678237804174836,-0.0034367431668780994,0.13667012647522392,-0.07429362241955945,-0.0936377964863722,-0.10809979625571829,-0.41890593164955986,-0.14139084304001845,0.13461730673124975,-0.03736593241840618,-0.045138968977049936,0.060093030407872984,-0.07328643370622381,0.16453311805635643,-0.11038326990350979,-0.05485718679121977,-0.23105370391727215,-0.01297043785799408,-0.21494637296736246,-0.16023526698189366,0.09659785491869449,-0.06381424672279246,-0.20971052935070927
#12,0.027693845384999808,0.07801483873447891,1.0,0.49824318609925805,-0.4507438588398109,0.2986199208088264,0.349440664283243,-0.19991542690193365,0.06856571714142928,0.2924153307961404,0.2124476223426748,-0.4231807173336409,-0.34715719063545153,0.1327336331834083,-0.13119594049129282,0.2905085918579172,0.42288086725867835,0.6208588013685465,-0.37741898281628417,-0.1296736247260985,-0.27874524276323376,0.15733671625725598,0.21096374889478337,0.5019874678045593,-0.0618229346865029,0.5259447199477184,0.14085265059777805,0.4159612501441587,-0.3493022719409526,-0.1933341021796794,-0.12886633606273787,0.13880751931726446,0.5361396224964441,-0.01842155845154346,-0.42650213354861033,-0.03390612386114635,-0.06771229769730519,-0.07061853688540345,-0.12286164610002691,-0.12230038826740476,-0.5827470879944643,-0.1715834390497059,-0.3379464114096798,-0.5585284280936454,-0.2914927151808711,-0.004144081805251221,0.4437704224810672,0.3973167262522585,0.3319878522277323,0.259001268596471,-0.009656710106485219,0.3357936416407181,0.12277707300196056,0.48055972013993004,0.10616999192711336,0.48020605082074347,0.005658709106984969,0.16870795371544997,-0.36799292661361627,-0.1591358167070311,-0.16384115634490448,-0.20308307384769153,-0.19917733440971822,-0.18289316880021528,-0.001545381155576058,0.059501018721408526,0.05959328028293546,0.012432245415753662,0.2663591281282436,0.11335101679929266,0.4053050397877984,0.4474993272594472,-0.011448122092799754,0.05416522507976781,-0.20446699727059547,0.35456118094798755,0.06101564602314227,0.1292968900165302,0.4119555606811979,0.2985507246376812,-0.13716987660016144,-0.404966747395533,0.05176642448006766,-0.4272940452850498,-0.34515819013570137,-0.3255756737016107,-0.17164494675739053,-0.5726828893245685,-0.21516164994425863,-0.42924691500403644,-0.3844001076384885,-0.26962672509898894,-0.06739707069542152,-0.06962672509898897,-0.2443701226309922,0.6126398339291893,0.40259101218621457,0.3912428401184023,0.5370468611847922,0.37170645446507516,0.5653942259639411,0.4162764771460424,-0.15566063122285012,0.3254526582862415,0.4343904970591627,0.623634336677815,0.5848460385192019,-0.06848114404336293,0.1781263214546573,0.03662015146273017,-0.0649521393149579
#13,0.1972475300811133,-0.03414446622842425,0.49824318609925805,1.0,-0.24496213431745667,0.058078652981201705,-0.01516164994425864,0.07260216045823242,0.12163149194633452,0.5468265867066466,0.39109675931265137,-0.35534540422096644,-0.3227386306846577,0.031845615653711606,-0.052358436166532116,0.07273286433706223,0.34023757352093187,0.1125206627455503,-0.0984353976857725,0.021212470687733055,-0.1077922577172952,0.06546726636681659,0.2561488486525968,0.27150271018336986,0.12165455733671626,0.4349286895014031,0.1335409218467689,0.3845384999807788,-0.16793141890593166,0.02205820166839657,-0.14343597432053204,0.3158113251066774,0.17544304770691577,0.2176219582516434,-0.2506285318879022,0.175912043978011,0.004436243416753162,0.17527390151078306,0.037212163149194635,0.1321800638142467,-0.4528428093645485,0.018852112405335793,-0.4289470649290739,-0.29543689693614733,-0.23362933917656556,-0.14003767347095683,0.3628109022411871,0.23709683619728597,0.24024910621612272,0.02584861415446123,-0.1942797831853304,0.14358205512628303,0.08985507246376812,0.39107369392226965,0.055280052281551535,0.3320493599354169,0.09831238227040326,0.1754046053896129,-0.172782839349556,-0.06233037327490101,-0.003698150924537731,0.06542113558605313,-0.16031984007996003,-0.043124591550378656,0.14468919386460616,0.20999500249875064,0.06326067735363088,0.02590243339868527,0.018944373966862722,0.034190597009187716,0.12523738130934534,0.14908699496405645,-0.263821935186253,0.02223503632798985,-0.12717487410141085,0.3250144158689886,-0.00459001268596471,0.20801137892592164,0.13083458270864567,0.0759081997462807,-0.03569753584746088,-0.24320147618498444,0.015615269288432706,-0.2911544227886057,-0.3042017452812055,-0.09842002075885134,0.02268096720870334,-0.31226694345135125,-0.04087956021989005,-0.3860608157459732,-0.08614154461230923,-0.04183292968900165,-0.0567562372659824,0.02712489908891708,-0.0593395609887364,0.23634336677814938,0.27851458885941643,0.33420212970437857,0.4480836504824511,0.18775996617076077,0.39251143658939763,0.19936954599623266,-0.02588705647176412,0.3527774574251336,0.3549148502671741,0.36301849075462267,0.42828585707146427,0.20655057086841194,0.3306346826586707,0.07039557144504671,-0.10746165378849037
#17,0.31937877215238536,0.07230999884673048,-0.4507438588398109,-0.24496213431745667,1.0,-0.06362203513627801,-0.218575327720755,0.3158958982047438,0.25697151424287856,-0.13976088878637605,-0.04901395456118095,0.820013070387883,0.3175258524583862,-0.10196440241417752,0.09608272786683582,-0.3306116172682889,-0.2686964210202591,-0.29037788797908737,0.1486564410102641,-0.020689655172413793,-0.05728674124476223,-0.2151770268711798,-0.23050013454811055,-0.2856879252681352,0.07558528428093646,-0.4333064237112213,-0.12232345365778649,-0.21679160419790106,0.3857455887440895,0.3435051704916772,0.16066582093568602,0.0242263483642794,-0.4146388344289394,0.006865797870295621,0.2978510744627686,0.10946834275170107,0.09163110752316149,0.05122823203782724,0.09644408564948295,-0.05512628301233998,0.3146196132702879,0.3051012955060931,0.21778341598431553,0.3145657940260639,0.18622227347864528,-0.1335870526275324,-0.3844693038096336,-0.18812132395340792,-0.29814323607427057,-0.09743589743589744,0.2354515050167224,-0.15503786568254335,-0.0898627609272287,-0.3859301118671434,-0.24871410448621842,-0.3983700457463576,-0.16133471725675624,-0.1262291930957598,0.3310883020028447,0.07971398915926652,-0.051897128358897475,-0.034805674086033904,0.3125898589166955,0.22069734363587437,0.08308922461846,0.0687656171914043,0.01563833467881444,0.038734478914388956,-0.07366316841579211,-0.0036750855341559988,-0.27759197324414714,-0.1289893514781071,0.13781570753084996,0.244300926459847,0.1103755814400492,-0.2464075654480452,-0.13144965978549186,-0.13763887287125667,-0.1981932110867643,-0.10101872140852651,0.25467266366816593,0.6783685080536654,-0.10514742628685657,0.48148233575519933,0.7143658939760889,0.28647983700457463,0.05779417983316034,0.3885365009802791,0.34987890670049593,0.3321185561065621,0.5845769422980818,0.168761772959674,0.26956521739130435,0.03627417060700419,0.19862376504055665,-0.39631722600238345,-0.2449083150732326,-0.07528543420597393,-0.2719332641371622,-0.07910660054588091,-0.28191288970899164,-0.4395187021873678,0.34186752777457424,-0.2631145965478799,-0.11486564410102641,-0.3983469803559759,-0.386045438819052,-0.18503825010571637,-0.10460923384461615,-0.10713104985968554,0.10799215776727021
#18,0.06678968208203591,-0.02514896397954869,0.2986199208088264,0.058078652981201705,-0.06362203513627801,1.0,0.34751854841809865,0.01856763925729443,0.08952446853496329,0.2798908238188598,0.12052435320801137,0.05071310498596855,0.04057971014492753,0.1575443047706916,0.18927459347249453,0.13484027217160652,0.16814669588282782,0.15692153923038482,-0.08797908737938723,-0.07024180217583516,-0.3036789297658863,-0.12090877638104025,-0.04225579517933341,0.1733902279629416,-0.07530849959635567,-0.04937531234382809,-0.09129281513089609,0.08312766693576289,-0.09253065774804906,0.13688540345212008,0.07316341829085457,0.07061084842194287,0.20954907161803712,0.09997309037788799,-0.06030061892130858,0.1039787798408488,0.1734286702802445,0.008857109906585168,0.09342251950947603,-0.09911967093376389,-0.13688540345212008,-0.001906738938223196,0.11165955483796564,-0.176111944027986,0.0036904624610771537,-0.015730596240341368,0.2815284665359628,0.2763695075539154,-0.07370929919655557,-0.07761503863452889,-0.14664975204705338,-0.12209279975396917,-0.218029446815054,0.05251220543574367,-0.012586014684965209,0.1195632952754392,-0.2629454503517472,-0.13483258370814594,-0.04046438319301888,0.12073194172144697,-0.23718140929535234,-0.18385422673278745,0.18824433936877716,0.06814285165109753,-0.03934186752777458,-0.0641371621881367,0.1629108522661746,0.22690962211202093,0.2738092492215431,0.16311844077961019,0.36071964017991004,0.18426171529619806,0.22533348710260254,0.04769153884596163,0.09253834621150964,0.11335870526275324,-0.051897128358897475,-0.1949640564333218,0.25643332180063816,0.23332948910160303,0.03065390381732211,0.017552762080498212,-0.03968015992003998,-0.07079537154499674,-0.07869142351900972,-0.21051781801406988,-0.18872102410333294,-0.1533848460385192,0.14087571598815976,0.026809672087033408,0.05894744935224695,-0.022773228770230268,0.1038788298158613,-0.17144504670741553,-0.06402952369968862,0.062438011763349094,0.1249759735516857,-0.03356783146888095,0.18937454349748203,0.21430823050013456,0.11461961327028793,0.18443086149233076,-0.02816284165609503,6.150770768461923e-05,0.2727789951178257,0.27167954484296314,0.28348902471841003,-0.24796063506708185,-0.3374927920655057,-0.14418175527620805,-0.010979125821704532
#26,-0.08495752123938032,0.3123822704032599,0.349440664283243,-0.01516164994425864,-0.218575327720755,0.34751854841809865,1.0,-0.07503171491177488,0.12322300388267404,0.28886326067735363,0.06233806173836159,-0.056717794948679505,0.2440625840925691,0.5397224464690732,0.07930650059585592,0.36034290547034176,0.3830315611425057,0.3319186560565871,-0.15320801137892592,0.03942644062584093,-0.16734709568292777,0.0319148118248568,-0.015523007726905777,0.20148387344789143,-0.04970591627263291,-0.004466997270595472,-0.290293314881021,0.01789105447276362,0.08289701303194556,-0.1785645638719102,0.321131741821397,-0.019951562680198362,0.16759312651366626,0.08314304386268405,0.07827624649213855,-0.14261330873025027,0.3561834467381694,0.09236151155191635,0.008288163610502441,-0.1951716449467574,-0.1110214123707377,-0.31930957598124016,0.1921116364894476,-0.03413677776496367,-0.1124207127205628,-0.05108983969553685,0.1206166147695383,0.16861569215392302,-0.15489947334025295,-0.2751547303271441,-0.2070733863837312,-0.2404566947295583,-0.2871717987160266,0.02736324145619498,-0.0014684965209702842,0.19607888363510553,-0.3008188213585515,-0.19885441894437397,-0.32873563218390806,-0.34787990620074577,-0.08232037827240227,-0.1321800638142467,0.2123553607811479,0.17749586745088994,-0.2199361857532772,0.05587206396801599,0.461092530657748,0.5306193057317495,0.40643524391650326,0.3421981317033791,0.4574943297581978,0.22965440356744704,0.26469842002075883,0.135486103102295,0.09621343174566563,0.28426555952792837,0.09176181140199131,-0.05297351324337831,0.4824126398339292,0.37129127743820395,-0.06881174797216776,-0.12486064659977704,0.11824087956021989,-0.12230038826740476,0.01957482797063007,-0.05509552915849768,-0.16600161457732673,-0.033014262099719374,-0.185099757813401,-0.00864952139314958,-0.10818436935378464,-0.17230615461500018,-0.13597816476377195,-0.06860415945873218,-0.41756813900741935,0.05209702840887249,0.13963018490754622,-0.07224849113904586,0.051981701456963826,0.06818898243186099,-0.04160227578518433,0.3988082881636105,-0.03429054703417522,-0.009064698420020759,0.16412562949294585,0.18134009918117863,0.08524968285088225,-0.09462960827278669,0.04125629492945835,0.05167416291854073,0.06482143543612809
#49,0.4228885557221389,0.12733633183408297,-0.19991542690193365,0.07260216045823242,0.3158958982047438,0.01856763925729443,-0.07503171491177488,1.0,0.38065582593318725,0.24775304655364624,0.33707761503863454,0.2860877253680852,-0.08845577211394302,-0.02872409948871718,0.12014761849844309,-0.12163149194633452,-0.09680544343213009,-0.36174220582016686,0.27993695459962326,0.2276630915311575,0.04826048514204436,-0.05084380886479837,-0.3543920347518548,-0.3076923076923077,0.09263829623649714,-0.3442893937646561,-0.1472263868065967,-0.2897243685849383,0.10584707646176912,0.16018144773766962,-0.2880944143312959,-0.14367431668780994,-0.27562372659823936,-0.05651020643524392,-0.06755852842809365,-0.09552147003421366,-0.07630799984623073,-0.043747357090685425,0.08729481413139584,-0.06901164802214277,-0.062191980932610615,-0.030715411525006727,-0.09279975396916926,0.2542728635682159,-0.08760235266981893,-0.17486641294737246,-0.0565486487525468,-0.24207896051974012,-0.19198862107407835,-0.24022604082574098,-0.008218967439357244,-0.19849306116172682,-0.24663053088840195,-0.19695536846961134,-0.09409141583054627,-0.2234113712374582,-0.1571983239149656,-0.15149348402721716,0.17436666282243493,-0.07234075270057279,0.047207165647945255,0.18647599277284435,0.26803521316264944,0.13192634452004767,-0.09850459385691769,-0.10088032906623612,0.1074155230077269,0.05226617460500519,0.1930573174950986,0.006881174797216776,0.08944758390035751,-0.11150578556875408,0.11376619382616385,-0.057425133587052625,0.2943220697343636,-0.04373198016376427,0.08410410179525622,-0.10817668089032408,-0.21645331180563565,-0.13909199246530582,0.3480874947141814,0.3748894783377542,-0.06793526313766193,0.13425594894860263,0.3036327989851228,0.2396724714565794,0.09835851305116672,0.26596701649175414,0.28466535962787837,0.052796678583785034,0.2230423249913505,-0.07074924076423326,-0.12502210433244915,0.00459001268596471,0.1288202052819744,-0.3755583746588244,-0.27367854534271324,0.1373543997232153,-0.1590973743897282,-0.020951062930073424,-0.09539076615538385,-0.30801522315765195,-0.0004920616614769538,0.19284972898166303,0.14557336716257255,0.015915119363395226,-0.09081613039634029,-0.0018606081574597316,-0.0649213854611156,0.03700457463575904,-0.12019374927920655
#50,0.30862261177103756,0.3845615653711606,0.06856571714142928,0.12163149194633452,0.25697151424287856,0.08952446853496329,0.12322300388267404,0.38065582593318725,1.0,0.2552031676469458,0.5456810056510206,0.3242301925960097,0.08309691308192058,0.05092838196286472,-0.016099642486449083,0.0653596278783685,0.15715219313420212,0.09033175719832391,0.10723868834813363,0.2082650982201207,-0.3076923076923077,0.05167416291854073,0.0721024103332949,0.04524660746549802,0.20519740129935032,-0.02572559873909199,-0.21220927997539693,-0.15427670779994618,-0.034805674086033904,-0.04776073501710683,0.09243070772306154,-0.001276284934455849,0.01646100026909622,0.04629223849613655,0.11244377811094453,-0.05710990658516896,0.20661207857609656,0.17871833314112176,0.24041825241225542,0.2205820166839657,-0.09725137431284357,-0.18007150271018338,0.09812785914734941,0.08614923307576981,0.06810440933379464,-0.17063006958059432,-0.12421481566908853,-0.10666205358859032,-0.08524199438742168,-0.1773651635720601,-0.12251566524430092,-0.29432975819782414,-0.08378887479337255,0.006904240187598509,-0.13966093876138855,0.07470879944643063,-0.09557528927843771,-0.08422711721062545,0.24451620343674316,-0.11398915926652059,-0.028677968707953715,0.08929381463114597,0.156790835351555,0.03924191750278707,0.04577711144427786,0.2942067427824549,0.24910621612270786,0.025348864029523698,0.19625571829469882,0.10054972513743128,0.08613385614884865,0.16302617921808327,0.010402491062161227,0.15985853227232538,0.040918002537192945,0.11655710606235344,-0.04865259677853381,0.02138161688386576,-0.057671164417791104,0.07463960327528543,0.06136931534232883,0.014016068888632606,-0.13740053050397877,0.1417752662130473,0.1794102948525737,0.04218659900818821,0.05166647445508015,-0.08045977011494253,0.08395802098950525,0.07870680044593088,0.19658632222350364,-0.09572137008418867,-0.016268788682581786,0.04326298389266905,-0.20514358205512628,-0.12147772267712298,0.11327413216468689,0.20257563525929342,-0.07428593395609888,0.16958443854995578,-0.04224041825241225,0.1647176411794103,-0.05751739514857956,0.03159958482297313,-0.0038749855841310114,0.03610502441087149,-0.09294583477492023,-0.07328643370622381,0.07962941606120016,0.08872486833506324,-0.04185599507938338
#51,0.29570599315726753,0.27443201476184986,0.2924153307961404,0.5468265867066466,-0.13976088878637605,0.2798908238188598,0.28886326067735363,0.24775304655364624,0.2552031676469458,1.0,0.4841732979664014,-0.03754276707799946,-0.09753584746088494,0.21151731826394496,0.06949602122015915,0.11198247030330988,0.37204474685734057,-0.12561411601891362,0.1938107869142352,0.19484872948141313,-0.11042940068427325,0.04063352938915158,0.009356860031522701,0.07846845807865298,0.0009149271518087111,0.11425056702418021,-0.15404605389612885,0.042332679813939185,0.08738707569292277,0.2092569100065352,0.09671318187060315,0.2362741706070042,0.13948410410179526,0.35180871102910083,0.056071964017991006,0.2795448429631338,0.20548956291085227,0.38190904547726134,0.04264021835236228,0.14723407527005727,-0.16445623342175067,-0.007857609656710106,-0.2346980355975858,-0.09160035366931919,-0.32200053819244223,-0.27660784992119325,0.1684542344212509,0.023319109675931263,-0.07986775842847807,-0.26272248491139044,-0.33979933110367894,-0.0966670510898397,-0.23184561565371162,0.11960173759274209,-0.2394418175527621,0.11691077538154,-0.2533502479529466,-0.060669665167416294,-0.10199515626801983,-0.12114711874831816,0.028939376465613346,0.2026602083573598,0.10286395263906509,0.08177449736670127,0.04844500826509822,0.25108983969553683,0.1603582823972629,0.21579979241148656,0.09587513935340022,0.13448660285241995,0.1912197747280206,0.22022834736477914,-0.16632453004267098,0.027763041556145004,-0.12079344942913159,0.13965325029792797,-0.09654403567447045,0.07885288125168186,0.047806865797870295,0.07410141083304501,-0.05081305501095606,-0.09589051628032137,0.09297658862876254,-0.24432399185022874,-0.07370929919655557,-0.01889824318609926,0.0789067004959059,-0.024126398339291893,0.0754315150117249,-0.2429093145734825,0.04980586629762042,-0.018052512205435745,-0.23335255449198478,-0.002760158382347288,-0.0864567716141929,-0.07630031138277016,0.2127936031984008,0.1871756429477569,0.1267443201476185,0.2247337869526775,0.16102717871833314,0.2154461230923,-0.04547726136931534,0.08330450159535617,0.09188482681736056,0.15456118094798754,0.10624687656171913,0.17878752931226694,0.2762618690654673,0.16524814515819014,-0.04817591204397801
#52,0.3751585745588744,0.28854803367546994,0.2124476223426748,0.39109675931265137,-0.04901395456118095,0.12052435320801137,0.06233806173836159,0.33707761503863454,0.5456810056510206,0.4841732979664014,1.0,-0.10011917118363894,-0.2870718486910391,-0.06242263483642794,-0.040610463998769844,-0.08477299811632645,0.13727751508860955,-0.044047207165647945,0.1424595394610387,0.16156537116057357,-0.07641563833467882,-0.03907277130665437,0.11222850113404836,-0.046123092300003846,0.22175835159343404,0.16772383039249605,0.0604620766539807,0.09954253642409565,-0.1414062199669396,0.047999077384384733,-0.10948371967862222,0.059424134086802756,0.0452542959289586,0.13168800215276977,-0.21426209971937107,-0.07097989466805059,0.029585207396301848,0.10080344443163033,0.14208280475147042,0.0945219697843386,-0.16095029408372738,-0.06677430515511475,-0.23043093837696535,-0.013254911006035444,-0.0287856071964018,-0.302064352439165,0.004466997270595472,-0.06316072732864338,0.12423019259600969,-0.01160957982547188,-0.19903894206742784,-0.06689732057048399,0.05940106869642102,0.18093261061776805,-0.10859185791719525,0.2076884634605774,-0.03339868527274824,0.01089455272363818,-0.027670779994618075,-0.046138469226925,0.17818014069888133,0.22096643985699457,-0.13741590743089993,0.01164033367931419,0.0815899742436474,0.20551262830123398,-0.0004151770268711798,-0.00036904624610771536,0.021750663129973476,-0.039334179064313995,0.013816168838657595,0.05065159727828394,-0.3917272133164187,-0.09170799215776727,-0.22572559873909198,0.08830969130819205,-0.12403798100949526,0.10603159958482297,-0.06026986506746627,-0.03169184638450006,0.02232729788951678,-0.04095644485449583,-0.02620997193710837,-0.2834967131818706,-0.06806596701649176,0.1096298004843732,0.22747087994464307,0.0403874985584131,0.1848921692999654,-0.115819013570138,0.16429477568907855,0.052873563218390804,-0.13095759812401492,0.07061084842194287,0.022696344135624495,0.16897704993657017,0.16255718294698804,0.3425056702418022,0.010048821742974667,0.15530696190366355,0.17184484680736556,0.11283588974743397,-0.13397147580056126,0.154407411678776,0.056502517971783336,0.10675431515011725,-0.01643024641525391,0.24165609502940838,0.18004074885634105,0.16214969438357743,0.018106331449659785
#53,0.21026409871987084,0.1930880713489409,-0.4231807173336409,-0.35534540422096644,0.820013070387883,0.05071310498596855,-0.056717794948679505,0.2860877253680852,0.3242301925960097,-0.03754276707799946,-0.10011917118363894,1.0,0.3689924268634913,-0.08054434321300888,0.10646984200207589,-0.23894975589128511,-0.18954368969361474,-0.2788759466420636,0.22764002614077578,0.06194595010187214,-0.1095298504593857,-0.13267981393918427,-0.22604851420443625,-0.1957098373889978,0.054403567447045706,-0.41316264944450853,-0.22383423672778996,-0.2775381539999231,0.3981009495252374,0.2694037596586322,0.1343020797293661,0.03349094683427517,-0.3409833544766078,0.0795140891092915,0.3914581170952985,0.02093568600315227,0.1717602737092992,0.10046515203936493,0.19273440202975436,0.02025141275516088,0.39437204474685733,0.14026832737477415,0.34680352131626496,0.3688002152769769,0.16186522123553607,-0.17173720831891748,-0.2831276669357629,-0.11411217468188982,-0.33228770230269483,-0.19147349402221966,0.1995925114365894,-0.23658170914542728,-0.21545381155576057,-0.3491485026717411,-0.16014300542036675,-0.3058932072425326,-0.226125398839042,-0.21700688117479722,0.42046668973205703,0.08574943297581979,-0.07676161919040479,-0.0446084649982701,0.4294698804443932,0.2246645907815323,0.07269442201975936,0.0926152308461154,0.07001114827201783,0.16165763272210049,0.027432437627340177,0.09482181985930112,-0.11768731019105831,0.0242263483642794,0.2494060661976704,0.21209395302348827,0.11658785991619575,-0.22656364125629494,-0.14428170530119555,-0.18867489332256948,-0.12433783108445777,-0.057640410563948793,0.2678122477222927,0.5894283627417061,-0.1506938838273171,0.5108830200284473,0.71944027986007,0.23002344981355477,-0.05401145581055626,0.3806481374697267,0.2444008764848345,0.4233883058470765,0.5345096682428017,0.1820013070387883,0.22035136278014839,-0.050559335716757005,-0.061876753930726947,-0.4164763771960174,-0.17408987813785415,-0.16620920309076231,-0.3272825125898589,0.09093914581170953,-0.2887018029446815,-0.3582593318725253,0.24985968554184446,-0.28940145311959403,-0.09327643870372505,-0.3464037212163149,-0.38440779610194903,-0.24221735286203053,-0.1326644370122631,-0.16252642909314574,-0.059085841694537344
#54,-0.1120439780109945,0.17902587167954484,-0.34715719063545153,-0.3227386306846577,0.3175258524583862,0.04057971014492753,0.2440625840925691,-0.08845577211394302,0.08309691308192058,-0.09753584746088494,-0.2870718486910391,0.3689924268634913,1.0,0.14319763195325413,0.2597239841617653,0.022204282474147543,0.27915273132664437,0.09847384000307538,0.002460308307384769,-0.14578864413946874,-0.15249298427709224,-0.28758697574289777,-0.1170107254065275,-0.11358935916657056,0.03648175912043978,-0.37494329758197825,-0.31800253719294197,-0.2978280090723869,0.48596470995271596,0.004390112635989697,0.38862107407834545,-0.023495944335524547,-0.25067466266866567,-0.0482835505324261,0.46326067735363086,0.032522200438242416,0.15310037289047784,0.15316956906162305,-0.06086956521739131,-0.0617537385153577,0.25923961096374887,0.014292853573213393,0.3713527851458886,0.19864683043093836,0.02501826010071887,-0.12017068388882482,-0.1502556414100642,-0.09144658440010764,-0.3402452619843924,-0.31699534847960636,-0.053750048052896626,-0.41930573174950986,-0.2066658978203206,-0.30726175373851533,-0.08422711721062545,-0.22515665244300925,-0.22139699381078692,-0.4610002690962211,0.06638988198208588,-0.09612885864759928,-0.12420712720562796,-0.1362626379118133,0.29321493099604046,0.22145081305501096,0.019982316534040673,0.08864029523699689,0.04936762388036751,0.22927766885787876,0.06288394264406258,0.26122323453657786,-0.02633298735247761,-0.022842424941375467,0.3206012378426171,0.3257063775804406,0.03798100949525238,-0.21972859723984162,-0.1765578749086995,-0.2146618998193211,0.09851228232037827,0.0823050013454811,-0.18273939953100374,0.301118671433514,-0.09298427709222312,0.3318263944950602,0.3412447622342675,0.14334371275900512,-0.0604620766539807,0.21972859723984162,-0.09559066620535886,0.19089685926267635,0.16613231845615653,0.03343712759005113,0.014008380425172029,0.025518010225656404,-0.10587783031561143,-0.19839311113673933,0.006742782454926383,-0.29366086187675394,-0.2639757044554646,-0.10839195786722024,-0.40177603505939335,-0.0973820781916734,0.4367277899511783,-0.36351055241609964,-0.241917502787068,-0.3667550839964633,-0.41037173720831893,-0.24823741975166264,-0.11970937608119017,0.02573328720255257,0.21778341598431553
#58,0.08310460154538116,0.10026525198938992,0.1327336331834083,0.031845615653711606,-0.10196440241417752,0.1575443047706916,0.5397224464690732,-0.02872409948871718,0.05092838196286472,0.21151731826394496,-0.06242263483642794,-0.08054434321300888,0.14319763195325413,1.0,0.031753354092184674,0.06839657094529658,0.14673432514511975,0.09401453119594048,-0.14392034751854843,-0.10876869257678853,-0.16283396763156882,-0.07261753738515357,-0.22199669396071195,-0.025633337177565062,-0.11750278706800446,-0.09474493522469535,-0.16759312651366626,0.14545804021066389,0.07103371391227463,0.011025256602467996,0.3243762734017607,0.026248414254411257,0.021904432399185023,0.12815130896090415,0.030108022911621114,0.13379464114096798,0.15446891938646062,0.18235497635797485,-0.18226271479644793,-0.12782070503209933,-0.06186137700380579,-0.10345596432552955,-0.08266635912812824,-0.19290354822588707,-0.2540037673470957,-0.11452735170876101,0.18131703379079692,0.275539153500173,-0.07811478875946642,-0.16095029408372738,-0.09573674701110983,-0.1463729673624726,-0.2960596624764541,-0.02078191673394072,-0.22416484065659478,-0.017960250643908816,-0.14196747779956176,-0.10974512743628186,-0.23060777303655863,-0.42418021758351593,0.14664206358359283,0.07627724599238841,0.3191634951754892,0.18240110713873833,-0.042740168377349785,-0.11226694345135124,0.5450351747203321,0.4399876984584631,0.27041863683542844,0.3215238534578864,0.3537385153577058,0.14506592857417444,0.27603121516164997,0.11860223734286703,0.10770768461922885,0.19998462307307885,0.22481836005074385,0.14836427939876215,0.4134471225925499,0.21712989659016646,-0.07719217314419713,-0.04332449160035367,0.3870064967516242,-0.06538269326875024,0.12423019259600969,0.23182255026332987,0.14246722792449928,-0.11175181639949257,-0.09911198247030331,-0.16599392611386615,-0.21239380309845077,-0.09569061623034636,-0.30580863414446624,0.16617844923692,-0.10372506054664975,-0.06863491331257449,-0.12296928458847499,0.23020028447314805,0.31179794718025605,0.11398147080306001,0.12292315380771153,0.16735478414638835,0.13497097605043631,0.019321108676431015,0.21416214969438357,0.15931265136662437,0.08062891631107523,0.11792565255833622,0.2011917118363895,0.2060815745973167,0.22821666090031908
#101,0.1125206627455503,0.1511013723907277,-0.13119594049129282,-0.052358436166532116,0.09608272786683582,0.18927459347249453,0.07930650059585592,0.12014761849844309,-0.016099642486449083,0.06949602122015915,-0.040610463998769844,0.10646984200207589,0.2597239841617653,0.031753354092184674,1.0,0.4536270326375274,0.2083419828547265,-0.04444700726559797,0.24292469150040363,0.0562103563602814,0.2205820166839657,0.04585399607888364,-0.051182101257063774,-0.04245569522930842,0.13786183831161342,-0.12616768538807518,-0.5662630223349864,-0.5935570676200361,0.21337792642140468,0.14493522469534464,-0.020297543535924344,0.06579787029562142,-0.04262484142544112,0.24377811094452773,0.08668742551801023,0.08946296082727867,0.02572559873909199,0.34929458347749204,-0.06204590012685965,0.13000422865490333,-0.0058509206934994045,0.20465152039364934,-0.08725637181409296,0.1747203321416215,-0.12880482835505325,-0.17653480951831776,-0.24211740283704303,-0.3223772729020105,-0.532156998423865,-0.5335101679929266,-0.3804405489562911,-0.28844808365048247,-0.42152769768961673,0.03159189635951255,0.06203052319993849,0.12011686464460078,-0.4628839426440626,-0.37167570061123284,-0.23240687348633376,-0.10462461077153731,-0.09725137431284357,-0.010686964210202592,0.25350401722215815,0.3768423480567409,-0.32941221696843886,-0.037650405566447546,0.22551032176219582,0.33420212970437857,0.43309114673432514,0.42304232499135047,0.29998846730480916,0.029777418982816283,0.04767616191904048,-0.11999384922923154,-0.04047207165647945,-0.15885134355898975,-0.18753700073040402,-0.33554761080997964,0.2024833736977665,0.24211740283704303,0.130319455656787,0.3024257102218122,0.02200438242417253,0.02188136700880329,0.0800599700149925,-0.02108176680890324,-0.14915619113520162,0.030577019182716336,0.2359589436051205,0.045415753661630726,0.16535578364663822,-0.2562103563602814,-0.23931880213739284,-0.11000653519394149,-0.13384846038519202,-0.10096490216430247,-6.919617114519663e-05,-0.1493330257947949,-0.19693230307922963,-0.01702994656517895,-0.1456963825779418,-0.03674316687809941,0.19890054972513743,0.09881213239534078,-0.087310191058317,-0.054864875254680354,-0.05629492945834775,-0.15878214738784455,-0.15921270134163687,-0.05602583323722754,-0.12475300811132894
#102,-0.049490639295736744,0.2201514627301734,0.2905085918579172,0.07273286433706223,-0.3306116172682889,0.13484027217160652,0.36034290547034176,-0.12163149194633452,0.0653596278783685,0.11198247030330988,-0.08477299811632645,-0.23894975589128511,0.022204282474147543,0.06839657094529658,0.4536270326375274,1.0,0.18505362703263753,0.28157459731672624,0.08127474724176373,0.3934263637412063,0.061584592319225,0.6232729788951678,-0.0486218429246915,0.42222734786452926,-0.19732441471571907,0.3330104178679891,-0.5689847384000307,-0.282197362857033,-0.07326336831584208,-0.23010033444816053,0.07050320993349479,0.08671817937185254,0.2179371852535271,0.21308576480990274,0.009156959981547688,0.034867181793718525,0.0754699573290278,0.34265175104755313,-0.05125129742820897,0.41638411563449046,-0.3056625533387153,-0.09110060354438165,-0.011017568139007419,0.13982239649406067,-0.04388574943297582,0.26027755353092685,-0.10437089147733826,-0.17133740821896745,-0.37711913274132164,-0.3250297927959097,-0.43339099680928767,-0.13134202129704378,-0.3213931495790566,0.33856917694998656,0.13261830623149964,0.4424172529120055,-0.3657709606735094,-0.030038826740475914,-0.40314458155537614,-0.11287433206473686,-0.32427632337677315,-0.22624841425441125,0.014731095990466306,0.2261715296198055,-0.3061930573174951,0.15656786991119825,0.24756083496713183,0.20412870487833007,0.43619728597239843,0.38213969938107867,0.309014723407527,0.16925383462115096,0.015538384653826932,-0.17980240648906315,-0.08878637604274786,0.0436550955291585,-0.08801752969669012,-0.35717525852458387,0.2656441010264099,0.48796371045246606,0.06833506323761196,-0.015200092261561528,-0.08399646330680813,-0.20844962134317457,-0.22208895552223887,-0.42171222081267057,-0.45251220543574366,-0.2221120209126206,-0.018890554722638682,0.027132587552377657,-0.00921077922577173,-0.5620574328220506,-0.280359820089955,-0.2741398531503479,-0.48321224003382923,0.08464229423749664,0.36429477568907853,-0.2615461500019221,-0.023019259600968747,-0.07473955330027295,0.03367546995732903,0.23543612808980124,-0.049990389420674276,0.07515473032714412,-0.03503632798985123,0.12949679006650522,0.10852266174605005,-0.2619228847114904,-0.2121785261215546,-0.10329450659285742,-0.3403529004728405
#201,-0.1400146080805751,0.16165763272210049,0.42288086725867835,0.34023757352093187,-0.2686964210202591,0.16814669588282782,0.3830315611425057,-0.09680544343213009,0.15715219313420212,0.37204474685734057,0.13727751508860955,-0.18954368969361474,0.27915273132664437,0.14673432514511975,0.2083419828547265,0.18505362703263753,1.0,0.4961673009649022,-0.15102448775612193,-0.2767077999461808,-0.2653211855610656,-0.24656133471725675,0.3017645023642025,0.21995156268019836,0.21649175412293853,0.15172413793103448,0.06319148118248569,0.060292930457848,-0.0499827009572137,-0.30976819282666357,0.13035789797408986,0.15061699919271135,0.40958751393534004,0.0581478491523469,0.008403490562411102,-0.16181140199131203,0.21386229961942105,0.17331334332833584,-0.1347787644639219,-0.13503248375812094,-0.2719332641371622,-0.2626994195210087,-0.08641064083342943,-0.414700342136624,-0.40794987121823706,-0.2666205358859032,0.2919386460615846,0.15214700342136625,0.2442701726060047,-0.03858839810863799,-0.05893976088878638,-0.13339484104101795,0.04068734863337562,0.13995310037289047,-0.03874216737784954,0.23855764425479567,-0.04483143043862684,-0.28841732979664014,-0.26764310152616,-0.3134894091415831,-0.04574635759043555,-0.0771691077538154,-0.1230692346134625,-0.09343020797293661,0.06443701226309922,0.18749086994964057,0.11877138353899973,0.17980240648906315,0.2324683811940184,0.2292622919309576,0.46326067735363086,0.3556068119786261,-0.02304232499135048,0.16999961557682697,-0.22271940952600622,0.2967285587975243,-0.12579863914196748,0.13696228808672586,0.32758236266482144,0.12264636912313075,-0.12159304962903164,-0.327390151078307,-0.2204897551224388,-0.10710029600584323,-0.2274939453350248,-0.21413908430400186,-0.03692000153769269,-0.3027332487602353,-0.4207204090262561,-0.12733633183408297,-0.3289970399415677,-0.04262484142544112,-0.23907277130665436,0.004305539537923346,-0.2659747049552147,0.43003113827701533,0.28055972013993,0.2601084073347941,0.2058201668396571,0.16191135201629955,0.15905893207242533,0.5269211548072118,-0.028139776265713297,0.2887633106523661,0.13178795217775727,0.33177257525083614,0.3321416214969438,-0.043339868527274825,0.19947718448468074,0.15308499596355668,0.14272863568215893
