,#10,#11,#12,#13,#17,#18,#26,#49,#50,#51,#52,#53,#54,#58,#101,#102,#201,#202,#301,#302,#401,#402,#501,#502,#601,#602,#701,#702,#801,#802,#901,#902,#1001,#1002,#1101,#1102,#1201,#1202,#1301,#1302,#1401,#1402,#1501,#1502,#1601,#1602,#1701,#1702,#1801,#1802,#1901,#1902,#2001,#2002,#2101,#2102,#2201,#2202,#2301,#2302,#2401,#2402,#2501,#2502,#2601,#2602,#2701,#2702,#2801,#2802,#2901,#2902,#3001,#3002,#3101,#3102,#3201,#3202,#3301,#3302,#3401,#3402,#3455,#3501,#3502,#3601,#3602,#3701,#3702,#3801,#3802,#3901,#3902,#4001,#4002,#4101,#4102,#4201,#4202,#4301,#4302,#4401,#4402,#4501,#4502,#4601,#4602,#4701,#4702,#4801,#4802
#10,1.0,0.2179294967900665,0.42005151270518587,0.5472340752700573,0.02910852266174605,0.20341367777649635,0.11325106677430516,0.46416022757851844,0.14318994348979355,0.5101218621458502,0.6284934455848998,-0.2211278975896667,-0.06130780763464422,-0.05271979394917926,0.13680851881751432,0.13108061353938416,0.43571291277438207,0.33322569484488523,0.2827816860800369,0.1464114096797755,0.1960173759274209,0.1725060546649752,-0.0349440664283243,0.14102179679391075,0.1828085957021489,0.13018875177795716,0.17538922846269173,0.29898896705493405,0.05155883596663207,-0.13182639449506017,0.04219428747164879,-0.054049898127859146,0.17714988659516395,-0.05703302195056318,-0.08933994541190943,-0.15958943605120518,0.16125783262215046,-0.049229231538077116,-0.05883212240033829,0.20616614769538308,0.09749740514358206,-0.04793756967670011,0.024649213854611156,0.09865067466266866,-0.15584515434590396,0.07854534271325876,0.422650213354861,0.4657286741244762,-0.04667666166916542,-0.10253334871026025,-0.15074001460808056,-0.14077576596317226,0.1699611732595241,0.28666436012762847,0.09766655133971476,0.32560642755545305,-0.2016299542536424,-0.06694345135124745,-0.4002998500749625,-0.35826702033598584,-0.23016953061930573,-0.18719101987467804,-0.11413524007227156,0.16669357628877868,0.09259985391919424,0.15574520432091646,0.09640564333218006,0.10518586860415946,0.42132779763964173,0.23734286702802446,0.4342982354976358,0.23468265867066468,0.10876869257678853,-0.0726790450928382,0.002306539038173221,-0.10205666397570445,-0.08350440164533118,-0.21499250374812592,0.023649713604736094,0.19501018721408528,-0.13024257102218123,-0.16826202283473649,-0.0891092915080921,0.2097259062776304,0.05907815323107677,-0.26764310152616,-0.3443816553261831,0.18980509745127436,-0.25802483373697765,0.07162572559873909,-0.06221504632299235,-0.24862953138815208,-0.2887633106523661,-0.2566870410948372,-0.37757275208549573,0.28130550109560604,0.12908161303963403,0.1612808980125322,0.12954292084726868,0.2330988351977857,0.28083650482451084,0.23029254603467497,0.18293929958097874,0.1985007496251874,0.21622265790181833,0.2208588013685465,0.07777649636720102,-0.22967746895782878,-0.14800292161611503,-0.2167762272709799,-0.2744397032253104
#11,0.2179294967900665,1.0,0.12848960135316956,0.052312305385768657,0.08858647599277285,0.12097028408872487,0.4769538307769192,0.3064929073924576,0.4607542382654826,0.2529350709260754,0.26452927382462615,0.195978933610118,0.28661054088340443,0.14238265482643295,-0.0939760888786376,0.029885057471264367,0.07541613808480375,0.10110329450659286,-0.23156114250567025,-0.09213854611155961,-0.22271940952600622,-0.19096605543382156,-0.08385807096451774,-0.414700342136624,-0.0510052665974705,-0.41957482797063006,0.18538423096144235,-0.02283473647791489,0.07284050282551033,-0.00867258678353131,0.18586091569599816,-0.037265982393418676,-0.10364817591204398,-0.18790604697651175,0.19852381501556915,-0.14258255487640795,0.06531349709760505,-0.3096298004843732,-0.1364779148887095,-0.3723445969323031,0.24387806096951525,-0.1391996309537539,0.05025179717833391,-0.1843847307115673,0.10273324876023526,-0.22861646100026908,-0.017268288932456848,0.05303502095106293,0.07030330988351978,0.20908007534694192,0.016707031099834697,0.012086264560027678,0.04498519970783839,-0.29685926267635415,-0.20249875062468767,-0.1280974897166801,0.0986737400530504,-0.1590743089993465,0.10914542728635682,-0.20209126206127706,0.04193287971398916,0.06316072732864338,0.14129858147849153,0.07391688770999116,0.18725252758236266,-0.013231845615653711,0.2804443931880214,0.42515665244300926,0.18050974512743628,0.04465459577903356,0.10281013339484105,0.3757352093184177,0.08066735862837812,0.21349325337331335,-0.04190212586014685,0.16593241840618153,0.19011263598969746,0.1753969169261523,0.18470764617691154,-0.17627340176065814,0.30967593126513665,0.08407334794141391,0.1335870526275324,0.019351862530273326,0.04666897320570484,0.029831238227040327,0.0251105216622458,0.04089493714681121,0.06200745780955676,-0.12383808095952024,-0.014861799869296121,0.1755737515857456,-0.1350786145388844,0.10968361972859723,0.012808980125321955,0.08960904163302964,-0.10859954638065583,0.003090762311152116,-0.20609695152423788,0.16919232691346633,0.0014761849844308614,-0.10863798869795871,0.14189828162841656,-0.17299811632645215,-0.20223734286702802,-0.06343751201322416,-0.2071810248721793,0.07031099834698036,-0.06156152692884327,0.029008572636758545,-0.025156652443009266
#12,0.42005151270518587,0.12848960135316956,1.0,0.5739361088686425,0.07183331411217468,0.22574866412947373,0.24353976857724985,0.18207819167339406,0.11928651059085842,0.5692999654019144,0.4589705147426287,-0.17605812478376195,0.07095682927766886,-0.057402068196670895,0.1427055702917772,0.11322031292046285,0.5209702840887249,0.5256371814092954,-0.07937569676700111,-0.13274901011032944,0.008572636758543806,-0.21428516510975282,0.2828278168608004,-0.04493906892707492,0.2877868757928728,-0.0999654019144274,0.3763041556145004,0.5561373159574059,0.23412908930150308,-0.11717218313919964,0.39457963326029294,0.39359550993733905,0.5349248452696729,0.12264636912313075,-0.04792219274977896,-0.36923076923076925,0.23938030984507747,-0.326644370122631,0.27953715449967326,0.21186329911967094,0.11787952177757276,-0.36771614192903546,-0.20548956291085227,-0.20230653903817322,-0.1644101026409872,0.1669626725098989,0.36821589205397304,0.48416560950294085,0.2756006612078576,0.2345980855725983,0.2845884749932726,0.372636758543805,0.5570061123284512,0.2370199515626802,0.04956752393034252,-0.02865490331757198,-0.29534463537462036,-0.3434513512474532,-0.31091377388228963,-0.03841156344904471,-0.19205781724522356,-0.15471495021719908,-0.2169453734671126,-0.25135893591665703,0.09961173259524084,0.14983277591973243,0.014938684503901895,0.07154884096413332,0.2252489140045362,0.06965747895283128,0.4813900741936724,0.23781186329911966,0.2936301080229116,0.11712605235843616,-0.18104024910621613,-0.06801214777226772,-0.048898627609272285,-0.0668588782531811,0.12076269557528928,0.016122707876830816,-0.1673317187560066,-0.18965132818206282,0.022381117133740823,0.18259331872525275,-0.08491139045861684,-0.0882943143812709,-0.2310998346980356,-0.2435858993580133,-0.25816322607926806,-0.296298004843732,-0.16793141890593166,-0.23182255026332987,-0.024956752393034253,-0.22196594010686965,-0.20096105793257218,0.42879329565986235,0.29348402721716066,0.515619113520163,0.6120170683888825,0.3309652865874755,0.5207934494291316,0.40447468573405604,0.3724137931034483,0.2778841348556491,0.21139430284857572,0.4643063083842694,0.32479913889209244,-0.19831622650213354,-0.27770730019605583,-0.3142351900972591,-0.29059316495598353
#13,0.5472340752700573,0.052312305385768657,0.5739361088686425,1.0,0.06079268058278553,0.2894168300465152,0.23507477030715412,0.2004766847345558,-0.05755583746588244,0.7660708107484719,0.5085841694537346,-0.30281013339484103,-0.04900626609772037,-0.1394687271748741,0.21243224541575367,0.16031215161649945,0.4696421020259101,0.12745165878599163,0.1431438127090301,0.1663860377503556,0.16480990274093724,0.0031292046284550033,0.26799677084534657,0.25728674124476225,0.12026294545035175,0.17864913696997656,0.07240226040825741,0.3141890593164956,0.23618959750893784,0.0507976780840349,0.027709222311920963,0.26456771614192903,0.24898320070733865,0.22805520316764694,0.19226540575865914,-0.004736093491715681,0.2711029100834198,-7.688463460577404e-06,0.3547457040710414,0.37076077345942415,0.2892169299965402,-0.01855995079383385,0.02934686502902395,-0.010610079575596816,-0.1185407296351824,0.10848421942874717,0.40981047937569676,0.4648214354361281,-0.026125398839042017,-0.04166378349286895,-0.06059278053281052,-0.014254411255910506,0.332902779379541,0.3739822396494061,0.17072233114212124,0.30450159535616805,-0.3389305347326337,-0.13118056356437166,-0.31255910506285317,-0.2514742628685657,-0.1587590819974628,-0.22144312459155038,-0.09961942105870142,-0.0899627109522162,-0.05418829047014954,0.01855995079383385,-0.04696882328066736,-0.1674086033906124,0.20978741398531503,0.042663283742744015,0.22318840579710145,-0.041325491100603545,0.1916272632914312,-0.13889978087879137,0.09200784223272979,-0.24509283819628647,-0.1293660861876754,-0.21166339906969592,-0.048298927459347246,0.019490254872563718,-0.19667089532156998,-0.18872102410333294,-0.12509130050359435,0.18183984930611619,-0.013931495790566255,-0.23673547841463882,-0.37341329335332335,0.16194979433360243,-0.18758313151116748,-0.008526505977780341,-0.016391804097951025,-0.2906162303463653,-0.1683542843962634,-0.22451850997578135,-0.20230653903817322,0.10094952523738131,0.1838311613424057,0.2463383692769,0.3358551493484027,0.21291661861377004,0.35163187636950755,0.222796294160612,0.19878522277322877,0.2896167300964902,0.21696843885749434,0.2734017606581325,0.2037519701687618,-0.2131318955906662,-0.19401837542767078,-0.27105677930265637,-0.27942182754776457
#17,0.02910852266174605,0.08858647599277285,0.07183331411217468,0.06079268058278553,1.0,0.15070157229077769,-0.022373428670280245,0.1068081343943413,0.12313074232114712,-0.0040364433168031365,-0.18307769192326914,0.2256564025679468,0.06369123130742321,-0.0739399531003729,-0.14648829431438126,-0.19847768423480566,-0.2924845269672856,0.03980317533540922,-0.19231922500288318,0.10916080421327798,-0.2731941721446969,-0.25323492100103795,0.2721639180409795,0.15295429208472686,-0.11095221619959252,-0.00986429861992081,-0.09368392726713566,0.18514588859416445,0.01903663552838965,0.24456233421750664,0.22897013031945565,0.2937838772921232,0.016799292661361626,0.28331219005881675,0.22361127128743322,0.008772536808518817,0.4282397262907008,0.1980625072079345,0.2662745550301772,-0.13574751085995465,0.17970245646407565,0.21166339906969592,0.292476838503825,0.24350901472340752,0.3028024449313805,-0.12411486564410103,0.09075462268865567,0.25926267635413064,0.009410679275746741,-0.14216737784953676,-0.2527351708761004,-0.1291892515280821,-0.23703532848960135,-0.22331910967593127,-0.13790028062891632,-0.07785338100180679,-0.25071310498596855,-0.29089301503094606,0.065259677853381,-0.015561450044208665,-0.0982662514896398,-0.1453965325029793,0.2992888171298966,-0.029062391880982585,-0.15538384653826934,0.19334179064313997,-0.06785069003959558,0.05414215968938608,-0.2141929035482259,-0.1760504363203014,-0.18922846269173105,-0.04245569522930842,0.08674124476223427,0.21573828470380194,0.11490408641832929,-0.016791604197901048,-0.3247145657940261,-0.2527736131934033,-0.07110291008341983,0.023465190481682236,-0.04353976857724984,0.16806212278476146,0.0042978510744627685,-0.23696613231845615,0.4030061892130858,-0.00515127051858686,0.012486064659977704,0.05098988967054934,0.1944258639910814,0.23815784415484564,0.29432975819782414,0.07531618805981624,0.5485103602045132,-0.037911813324107174,0.03804251720293699,-0.31292046284550035,0.29303040787298656,-0.14427401683773497,-0.046199976934609616,-0.0809133894591166,-0.11532695190866106,0.03514396647829931,-0.026256102717871835,0.03888824818360051,-0.1517164494675739,0.015207780725022104,-0.30931457348248953,-0.14198285472648292,-0.17405143582055127,-0.13964556183446739,-0.1398377734209818
#18,0.20341367777649635,0.12097028408872487,0.22574866412947373,0.2894168300465152,0.15070157229077769,1.0,0.13898435397685774,0.4974205205089763,-0.01356244954445854,0.3502940837273671,0.14084496213431746,0.4345903971091377,0.7271825625648715,0.3931495790566255,-0.2283781186329912,-0.09457578902856265,0.4106177680390574,-0.0130319455656787,0.18406181524622303,-0.16843885749432977,-0.34401260908007536,-0.40947987544689196,0.0842117402837043,-0.03881136354899473,-0.04480067658478453,-0.12456079652481451,0.28715642178910544,0.23659708607234844,0.5058701418521508,0.5621804482374197,0.0999346480605851,0.037504324760696574,-0.16166532118556107,-0.06125398839042018,0.2369200015376927,0.40126090800753467,0.01190174143697382,-0.29363779648637217,0.15853611655710606,-0.16686272248491138,0.43955714450467076,0.1264060277553531,0.18047899127359399,-0.06283781186329912,-0.08288932456848498,-0.18667589282281935,0.4777841848306616,0.21706070041902126,-0.12400722715565295,0.02715565294275939,0.027532387652327683,-0.14986352977357476,0.20838811363548995,0.10658516895398455,0.0831199784723023,-0.030277169107753816,-0.06221504632299235,-0.25890131857148346,-0.07367854534271326,0.012363049244608465,-0.12774382039749357,-0.04430861492330758,0.3311728751009111,-0.1470187982931611,0.6666205358859032,0.012001691461961327,0.4980048437319802,0.0943835774420482,0.040695037096836195,-0.05002883173797717,0.16057355937415907,0.14571944796832353,0.13584746088494215,0.1364779148887095,-0.11834082958520739,-0.38718333141121747,-0.024480067658478454,0.1740053050397878,0.27137200630454006,0.3492100103794257,0.4953061930573175,0.6324760696574789,0.6240187598508438,0.4761619190404798,0.48814054511205934,0.03850382501057164,-0.3103217621958252,-0.018106331449659785,-0.012339983854226733,0.15078614538884405,0.2457309806635144,0.17578134009918117,-0.06051589589820475,-0.1382770153384846,-0.147057240610464,-0.15133971475800562,0.2370199515626802,0.16584784530811517,0.08646446007765349,0.17706531349709762,0.022911621112520663,-0.27811478875946644,0.23565140506669743,-0.4300465152039365,-0.43642025141275514,-0.04675354630377119,-0.031099834698035598,-0.18556106562103564,-0.13237227540076116,-0.18749086994964057,-0.19963864221735286
#26,0.11325106677430516,0.4769538307769192,0.24353976857724985,0.23507477030715412,-0.022373428670280245,0.13898435397685774,1.0,0.1453888440395187,0.05557990235651405,0.34065275054780303,0.3308192057817245,-0.09869680544343214,0.27392457617345173,0.43779648637219853,0.10975281589974244,0.21734517356706262,0.1974858724483912,0.06279168108253566,-0.07983700457463576,-0.05543382155076308,-0.07348633375619883,-0.1492638296236497,0.172582939299581,-0.18712182370353284,-0.004851420443624342,-0.2357282897013032,0.060562026678968206,-0.14076807749971168,0.2991581132510668,0.07530081113289509,0.11451966324530043,0.026448314304386267,0.04876792373044247,0.08181293968400415,0.1010879175796717,-0.03324491600353669,0.1186099258063276,-0.22040518202437243,0.16911544227886058,-0.08615692153923038,0.07141044862184293,-0.157882597162957,-0.0840425940875716,-0.1822012070887633,-0.18725252758236266,-0.04155614500442087,-0.03056164225579518,-0.0279014338984354,0.08851727982162765,0.0643755045554146,-0.05391919424902933,0.06429861992080883,0.19211932495290815,-0.0035366931918656055,-0.10790758466920386,-0.037535078614538885,-0.03251451197478184,-0.08440395187021874,-0.07305577980240649,-0.03558220889555223,-0.009395302348825588,-0.061430823050013454,0.34029908122861646,0.09374543497482028,0.09661323184561565,-0.29552915849767425,0.3782570253334871,0.4373889978087879,0.2293314881021028,0.16008149771268212,0.23883442893937645,0.2519893899204244,0.15014031445815554,0.043962634067581594,0.13245684849882752,0.06967285587975243,0.153115749817399,0.09907354015300042,0.46805827855303117,0.11663399069695922,0.08933994541190943,-0.028139776265713297,0.007865298120170684,0.15157036866182294,-0.10899165801714528,-0.12856648598777534,-0.19920808826356054,-0.09550609310729251,0.11288202052819744,-0.0732556798523815,0.1041171721831392,-0.06892707492407642,-0.16170376350286395,-0.016922308076730865,-0.0941836773920732,0.14700342136623995,0.17627340176065814,0.012093953023488256,-0.06681274747241764,0.16997655018644525,0.18899780878791372,-0.10900703494406642,0.20042286549033175,-0.1336178064813747,0.017360550493983776,0.012309230000384423,0.06926536731634184,-0.038895936647061084,-0.17327490101103293,0.024626148464229423,-0.002337292892015531
#49,0.46416022757851844,0.3064929073924576,0.18207819167339406,0.2004766847345558,0.1068081343943413,0.4974205205089763,0.1453888440395187,1.0,0.34218275477645793,0.4158766770460923,0.34859493330257946,0.40441317802637144,0.4659055087840695,0.20848037519701687,0.034021450813055014,0.019359550993733904,0.3950716949217699,0.12981970553184946,0.18269326875024025,-0.011501941337023796,0.06082343443662784,-0.15775189328412717,-0.20000768846346056,-0.14269019336485603,-0.021273978395417677,-0.30942990043439816,0.19028178218583017,0.1034021450813055,0.10804597701149425,0.04400107638488448,0.07766116941529236,-0.0011302041287048782,-0.047453196478683735,-0.21934417406681275,-0.1699919271133664,0.14446622842424942,-0.09083919578672202,-0.3199477184484681,-0.1702917771883289,-0.08183600507438589,0.15090916080421327,-0.17453580901856763,0.2828970130319456,-0.021950563179948486,0.11098297005343483,0.08717948717948718,0.46638988198208586,0.1682850882251182,-0.23029254603467497,-0.060292930457848,-0.1466189981932111,-0.30515511475031715,0.2561104063352939,0.07791488870949141,-0.017229846615153963,0.1556683196863107,-0.08038288548033676,-0.11036020451312806,-0.31791027563141505,-0.2957598124014916,-0.18697574289778188,-0.11935570676200362,0.08949371468112098,0.08280475147041863,0.4683811940183754,0.06505208933994541,0.4273863068465767,0.2575173951485796,0.3840848806366048,0.10809979625571829,0.4736631684157921,0.29534463537462036,0.3183715834390497,0.04719947718448468,0.0984353976857725,-0.04370891477338254,0.15014800292161612,0.0747549302271941,0.25953177257525084,0.04833736977665014,0.47739207319417215,0.37118363894975587,0.33986083881136353,0.463022334986353,0.4134009918117864,-0.052958136316457155,-0.26469842002075883,0.1315803636643217,-0.09196939991542691,0.23347556990735402,0.24060277553530926,-0.05066697420520509,-0.20456694729558297,-0.18580709645177412,-0.3017029946565179,0.07656171914042978,-0.08421942874716488,0.1115672932764387,-0.046745857840310615,0.07998308538038673,0.06622842424941376,-0.07916041979010495,0.23058470764617692,-0.27357090685426516,-0.15589897359012803,0.08222811671087533,-0.03905739437973321,-0.21536154999423365,-0.10720024603083074,-0.18603775035559145,-0.2441240918002537
#50,0.14318994348979355,0.4607542382654826,0.11928651059085842,-0.05755583746588244,0.12313074232114712,-0.01356244954445854,0.05557990235651405,0.34218275477645793,1.0,0.027140276015838235,0.19974628070580094,0.13154960981047936,0.08634913312574483,0.1120439780109945,0.1962941606120017,0.07857609656710106,-0.05351939414907931,0.4182831661092531,-0.24676892323069236,-0.14081420828047514,0.09427593895360012,0.007626955752892784,0.1495406143082305,-0.06338369276900012,0.19208088263560527,-0.10537808019067389,0.23604351670318688,0.07696920770384039,-0.020635835928189752,-0.08991658017145274,0.2065659477953331,0.16746242263483643,-0.023388305847076463,0.10508591857917195,0.043370622381117135,-0.2304540037673471,0.27253296428708723,-0.016683965709452967,0.05605658709106985,-0.05275823626648214,0.16381809095452274,-0.14190597009187714,-0.014669588282781686,-0.03362933917656556,0.1672394571944797,0.11739514857955638,-0.08355053242609464,0.2811132895090916,0.16324914465844,0.2611463499019721,-0.06596701649175413,0.024864490831507324,0.11740283704301695,-0.1679160419790105,-0.05570291777188329,-0.046415253911505784,-0.04417791104447776,-0.07477030715411526,-0.17391304347826086,-0.39810863798869794,-0.1634951754891785,-0.1481797562757083,-0.029762042055895128,-0.036174220582016685,-0.02064352439165033,0.1255218544573867,0.16300311382770152,0.15199323415215468,0.17194479683235306,0.17725752508361203,0.06307615423057703,0.2768461922884711,0.2699188867104909,0.33183408295852074,-0.023826548264329374,0.2564410102640987,0.059662476454080654,-0.026963441356244955,0.08448852496828509,0.04656902318071733,0.06465228923999539,-0.021243224541575366,0.06507515473032714,-0.0725406527505478,-0.007442432629838926,-0.06133087302502595,-0.0474993272594472,-0.1781263214546573,-0.1467804559258832,-0.24924460846499827,-0.030046515203936492,-0.1603582823972629,0.04080267558528428,-0.11408142082804751,-0.17976396417176027,0.18290085726367586,0.09872755929727443,0.0077576596317226005,0.015476876946142314,-0.03473647791488871,-0.011278975896667051,0.14571944796832353,0.2866720485910891,0.053965325029792795,-0.08235882058970515,-0.022188905547226388,-0.4737323645869373,-0.12165455733671626,-0.10241802175835159,-0.13271825625648714,-0.1320186060815746
#51,0.5101218621458502,0.2529350709260754,0.5692999654019144,0.7660708107484719,-0.0040364433168031365,0.3502940837273671,0.34065275054780303,0.4158766770460923,0.027140276015838235,1.0,0.6337677315188559,-0.05392688271248991,0.23718140929535234,0.10225656402567947,0.1911198247030331,0.14381270903010032,0.636058893630108,0.16118094798754468,0.18443086149233076,-0.047399377234459694,0.18299311882520278,-0.07264829123899588,0.21934417406681275,-0.0346365278899012,0.2141237073770807,-0.11011417368238957,0.1616191904047976,0.24149463729673626,0.38972052435320803,-0.02774766462922385,0.10101872140852651,0.13979933110367893,0.2351824087956022,-0.12196978433859994,0.038872871256679355,-0.1438665282743244,0.18067889132356899,-0.40338292392265407,0.29534463537462036,0.24843731980163763,0.17095298504593856,-0.34684196363356784,0.11369699765501864,-0.2983277591973244,-0.06215353861530773,0.05504939837773421,0.5764271710298697,0.29280744243262985,-0.010548571867912198,-0.05987006496751624,0.014431245915503786,-0.061353938415407684,0.38042517202936993,0.14863337561988238,0.019582516434090647,0.06877330565486488,-0.2648752546803521,-0.3077922577172952,-0.31102910083419827,-0.25638719101987467,-0.04804520816514819,-0.09281513089609042,-0.06243032329988852,-0.2052742859339561,0.19163495175489179,-0.12460692730557799,0.2434167531618806,0.03988774843347557,0.3082458770614693,0.012985814784915235,0.438934378964364,0.11661861377003806,0.24451620343674316,-0.10155691385076693,0.0365432668281244,-0.20053050397877983,0.07307884519278822,-0.0398108637988698,0.31538845961634565,-0.04800676584784531,0.06979587129512167,-0.025648714104486218,0.06846576711644178,0.45833237227540075,0.153861530773075,-0.09587513935340022,-0.39098143236074273,0.09539076615538385,-0.3217468188982432,0.07122592549878906,0.001160957982547188,-0.13873063468265867,-0.1962864721485411,-0.2013301041786799,-0.2815207780725022,0.23117671933264136,0.09398377734209819,0.33051166724330144,0.26059278053281054,0.29978087879137355,0.38463076154230574,0.07929881213239534,0.31927882212739783,0.09056241110214124,0.14557336716257255,0.2064275554530427,0.2580863414446623,-0.10481682235805174,-0.16633221850613156,-0.1809172336908469,-0.2817668089032407
#52,0.6284934455848998,0.26452927382462615,0.4589705147426287,0.5085841694537346,-0.18307769192326914,0.14084496213431746,0.3308192057817245,0.34859493330257946,0.19974628070580094,0.6337677315188559,1.0,-0.18845192788221274,0.12255410756160381,0.11071387383231461,0.22806289163110752,0.18505362703263753,0.6034982508745628,0.23356783146888094,0.14187521623803484,-0.05694844885249683,0.3916426402183524,0.0755699073540153,0.06870410948371967,-0.03479798562257333,0.3568677199861608,-0.1031638027140276,0.21841386998808288,0.21194787221773728,0.12457617345173568,-0.31760273709299197,0.001330104178679891,-0.07906046976511744,0.2516049667473955,-0.1318494598854419,-0.06319148118248569,-0.27782262714796446,0.1050705416522508,-0.3469572905854765,0.01051012955060931,0.20798831353553993,-0.09971937108368892,-0.4107177180640449,-0.08335832083958021,-0.15284665359627878,-0.09548302771691078,0.21240918002537193,0.3270826125398839,0.27224080267558526,0.036950755391535,0.060093030407872984,0.10141852150847654,0.055441510014223656,0.4537808019067389,0.2474608849421443,0.13853073463268367,0.1505631799484873,-0.08627993695459962,-0.14934071425825549,-0.30015761350094183,-0.22853957636566333,-0.16459462576404105,-0.13700073040402874,-0.23758120939530236,-0.08577249836620152,0.07166416791604198,0.013908430400184524,0.05714834890247184,0.1646484450082651,0.41519240379810096,0.15080152231576519,0.40961057932572176,0.15793641640718104,-0.00337523545919348,-0.2002690962211202,-0.1359320339830085,-0.1694768000615077,0.0219121208626456,-0.08830969130819205,0.2732249259985392,0.012532195440741169,-0.03672010148771768,-0.1738361588436551,0.018367739207319416,0.38301618421558453,-0.1639334179064314,-0.2530196440241418,-0.36387959866220737,0.0013685464959827779,-0.17210625456502518,-0.086764310152616,-0.028470380194518124,-0.20949525237381308,-0.31334332833583206,-0.27096451774112945,-0.35119363395225467,0.470426325298889,-0.046361434667281744,0.24676892323069236,0.26552108561104065,0.2257640410563949,0.395033252604467,0.1487948333525545,0.2717641179410295,0.12922000538192444,0.22820128397339792,0.1619882366509053,0.24660746549802023,-0.13654711105985468,-0.14999423365240458,-0.2464152539115058,-0.27721523853457886
#53,-0.2211278975896667,0.195978933610118,-0.17605812478376195,-0.30281013339484103,0.2256564025679468,0.4345903971091377,-0.09869680544343214,0.40441317802637144,0.13154960981047936,-0.05392688271248991,-0.18845192788221274,1.0,0.6927920655057087,0.30978356975358473,-0.34305923961096374,-0.40195286971898664,0.11133663937262138,-0.31682620228347363,-0.19762426479068157,-0.4143159189635951,-0.20975666013147273,-0.3846000076884635,-0.13450966824280167,-0.3496866951139815,0.019943874216737784,-0.38014069888132856,0.3028947064929074,0.02275016337984854,0.030446315303886518,0.223888055972014,-0.0146311459654788,-0.1221158651443509,-0.3797639641717603,-0.28830200284473145,0.007380924922154307,0.22455695229308423,-0.17342098181678392,-0.38918233191096757,-0.127736131934033,-0.4555645254295929,0.06531349709760505,0.0031445815553761583,0.34657286741244764,-0.09634413562449544,0.311944027986007,-0.10480144543113058,0.11422750163379848,-0.03593587821473879,-0.05924729942720947,0.19251912505285818,0.011894052973513243,-0.23305270441702225,0.057371314342828585,-0.3756045054395879,-0.038380809595202396,-0.32349210010379426,0.2790450928381963,-0.0653596278783685,0.27786106946526734,0.100372890477838,0.0317456656287241,0.09682082035905125,0.25498789067004957,-0.20724253257986391,0.5203244531580363,-0.023741975166263023,0.38820589705147424,0.11394302848575712,-0.3151424287856072,-0.23473647791488872,-0.2052742859339561,-0.00518202437242917,-0.04385499557913351,0.20875715988159765,-0.1795563756583247,-0.057724983662015145,0.058624533886902704,0.3540768077499712,0.16421789105447276,-0.04656902318071733,0.7973936108868642,0.706777380540499,0.618175527620805,0.3755353092684427,0.5674009149271518,0.25888594164456236,0.12316918463845,-0.02383423672778995,0.21111751816399493,0.16923845769422982,0.1734594241340868,0.5491023718909775,0.18104024910621613,0.12737477415138584,0.14574251335870525,-0.21500788067504709,-0.21170952985045938,-0.03798869795871295,-0.2648521892899704,0.013662399569446046,-0.2787990620074578,-0.43655864375504555,-0.05905508784069504,-0.6263868065967017,-0.6263944950601622,-0.17231384307846076,-0.36517894898704495,0.042955445354245954,-0.02401875985084381,0.04394725714066044,0.028754853342559488
#54,-0.06130780763464422,0.28661054088340443,0.07095682927766886,-0.04900626609772037,0.06369123130742321,0.7271825625648715,0.27392457617345173,0.4659055087840695,0.08634913312574483,0.23718140929535234,0.12255410756160381,0.6927920655057087,1.0,0.59707069542152,-0.23485949333025793,-0.13411755660631222,0.32744397032253103,-0.1673394072194672,-0.006696651674162919,-0.35421520009226154,-0.26169223080767307,-0.4013224157152193,-0.04457771114442779,-0.3257909506785069,0.06266097720370584,-0.3796332602929305,0.3796947680006151,0.09005497251374313,0.40212201591511937,0.36054280552031676,0.038004074885634107,-0.08558797524314765,-0.25753277207550074,-0.29820474378195516,0.13155729827393994,0.29854303617422057,-0.08622611771037558,-0.5221773728520355,0.06411409679775497,-0.22841656095029408,0.218575327720755,-0.11425056702418021,0.25928574174451235,-0.18164763771960174,0.11611117518163995,-0.12680582785530312,0.26541344712259257,-0.012670587783031562,-0.017714219813170336,0.2212970437857994,0.1429669780494368,-0.08273555529927344,0.2575173951485796,-0.17773420981816784,0.016391804097951025,-0.2487909891208242,0.1686233806173836,-0.19899281128666435,0.06191519624802983,0.12150847653096529,-0.07738438473071156,-0.006804290162611002,0.35762118940529736,-0.19527928343520548,0.6640833429439127,-0.11470418636835429,0.607257909506785,0.2303848075962019,-0.0562103563602814,-0.11451197478183985,0.08623380617383616,0.025571829469880444,0.006296851574212893,0.086764310152616,-0.1263983392918925,-0.20937223695844384,0.08581094068350441,0.2909468342751701,0.4816361050244109,0.2634144466228424,0.7280206050820743,0.7990927613116519,0.8648214354361281,0.5281205551070619,0.46683581286279935,0.08717179871602661,-0.22481836005074385,-0.15497635797485873,0.16292622919309577,0.04591550378656825,0.20262176604005688,0.3518010225656403,-0.008403490562411102,-0.09678237804174836,-0.11159035866682043,-0.08246645907815323,0.01027947564679199,0.0687656171914043,-0.03700457463575904,0.22291162111252066,-0.0331065236612463,-0.5464267866066966,0.22106638988198207,-0.6668204359358783,-0.5495098604543882,-0.14327451658785992,-0.11278207050320993,-0.07542382654826434,-0.12091646484450083,-0.09801253219544075,-0.14231345865528774
#58,-0.05271979394917926,0.14238265482643295,-0.057402068196670895,-0.1394687271748741,-0.0739399531003729,0.3931495790566255,0.43779648637219853,0.20848037519701687,0.1120439780109945,0.10225656402567947,0.11071387383231461,0.30978356975358473,0.59707069542152,1.0,-0.038596086572098565,-0.06749702072040903,0.18354668819436434,-0.0033521700688117478,-0.01855995079383385,-0.35235459193480184,-0.11152116249567524,-0.1707069542152001,0.009133894591165955,-0.049136969976550184,0.026279168108253564,-0.15726752008611078,0.12293084227117211,-0.11090608541882904,0.45230461692230806,0.30862261177103756,0.02226579018183216,-0.05268135163187637,-0.0606004689962711,-0.0507669242301926,0.10676200361357782,0.22452619843924193,0.04694575789028563,-0.21598431553454042,0.08947064929073925,-0.14682658670664667,0.02928535732133933,0.03199169645946258,0.026932687502402644,-0.15206243032329989,-0.09685157421289356,-0.08019067389382233,0.10074193672394571,0.013869988082881635,-0.023765040556644756,0.011986314535040172,-0.11090608541882904,-0.16595548379656325,-0.012885864759927729,-0.08132856648598777,-0.10785376542497982,-0.13747741513858455,0.041979010494752625,-0.1027255602967747,-0.22900088417329797,-0.0790758466920386,-0.01453888440395187,0.029231538077115288,0.4960904163302964,-0.09719755506861953,0.39548687194864107,-0.2711797947180256,0.6156306462153539,0.29984238649905814,0.0632837427440126,0.07876061969015492,0.10134163687387075,0.13721600738092493,0.10886864260177603,0.08434244416253411,0.09170030369430669,0.00340598931303579,0.15444585399607888,0.15619113520162994,0.6031445815553762,0.4087725368085188,0.3977857225233537,0.4031676469457579,0.4549033175719832,0.44558489985776345,0.3248683350632376,0.025448814054511205,-0.21761426978818282,-0.2962518740629685,0.15605274285933957,0.09494483527467036,0.1586898858263176,0.03163802714027602,-0.14109099296505592,-0.1858147849152347,-0.30141852150847653,-0.0033598585322723255,0.2678506900395956,0.07708453465574905,-0.0427017260600469,0.22557951793334102,0.19175027870680045,-0.34772613693153426,0.40128397339791644,-0.34339753200322914,-0.10999115826702034,-0.040372121631491946,-0.027101833698535346,0.0063506708184369355,-0.049936570176450236,0.03914965594126014,-0.10560873409449122
#101,0.13680851881751432,-0.0939760888786376,0.1427055702917772,0.21243224541575367,-0.14648829431438126,-0.2283781186329912,0.10975281589974244,0.034021450813055014,0.1962941606120017,0.1911198247030331,0.22806289163110752,-0.34305923961096374,-0.23485949333025793,-0.038596086572098565,1.0,0.7392073194172145,0.060185291969399916,0.1300426709722062,0.21902894706492906,0.413954561180948,0.6059278053281052,0.5391919424902933,0.1912889708991658,0.3909891208242033,0.1543074616537885,0.2776150386345289,-0.2259639411063699,-0.2535578364663822,-0.04956752393034252,-0.054211355860531274,-0.09756660131472725,0.09293814631145965,0.03053088840195287,0.1894514281320878,0.002760158382347288,0.030415561450044207,0.177749586745089,0.2511282820128397,0.07813016568638757,0.3741052550647753,0.056118094798754466,-0.06707415523007727,0.01513089609041633,0.28729481413139585,0.003098450774612694,0.39454119094299006,-0.050866874255180106,-0.006873486333756199,-0.320532041671472,-0.2135086303002345,-0.3078845192788221,-0.0927536231884058,0.042663283742744015,0.318748318148618,0.15320801137892592,0.4072348441164033,-0.31546534425095146,0.17850305616422557,-0.4911544227886057,-0.5262138161688387,-0.34121400838042515,-0.3761503863452889,0.008626456002767846,0.3149348402721716,-0.4533886902702495,-0.10218736785453428,-0.08639526390650829,0.00278322377272902,0.5814938684503902,0.49695921270134163,0.21188636451005266,0.09475262368815592,0.31843309114673435,-0.0948295083227617,0.39943874216737785,0.01290893015030946,-0.12886633606273787,-0.42122015915119365,0.22534117556606312,0.3478414638834429,-0.23891900203744282,-0.3095298504593857,-0.24629223849613655,-0.08184369353784646,-0.1345711759504863,-0.4203282973897667,-0.4425018260100719,0.22622534886402954,-0.1655326183062315,-0.04894475839003575,-0.11938646061584593,-0.5501633798485372,-0.28780994118325454,-0.42192749778956673,-0.4949217698842886,-0.0399800099950025,0.02928535732133933,-0.23753507861453887,-0.04724560796524815,-0.1140199131203629,0.12778226271479645,-0.0591012186214585,0.1671625725598739,0.1971398915926652,0.28641832929689004,-0.046476761619190406,0.10990658516895399,-0.3217468188982432,-0.1897589666705109,-0.25282743243762734,-0.33101141736823897
#102,0.13108061353938416,0.029885057471264367,0.11322031292046285,0.16031215161649945,-0.19847768423480566,-0.09457578902856265,0.21734517356706262,0.019359550993733904,0.07857609656710106,0.14381270903010032,0.18505362703263753,-0.40195286971898664,-0.13411755660631222,-0.06749702072040903,0.7392073194172145,1.0,0.011624956752393034,0.07619267289432206,0.26959597124514667,0.5400607388613385,0.32168531119055854,0.6445315803636643,0.17774189828162842,0.3546457540460539,0.00849575212393803,0.3853381001806789,-0.23642025141275516,-0.28000615077076846,0.08528812516818514,0.0838734478914389,-0.11233613962249644,-0.021696843885749433,-0.04194056817744974,0.1129281513089609,0.08125937031484258,0.1739745511859455,0.08254334371275901,0.2841425441125591,0.09083150732326145,0.3404144081805251,0.12220043824241725,0.02777073001960558,-0.057640410563948793,0.33373313343328337,-0.05065928574174451,0.2722946219198093,0.02754776457924884,-0.0709414523507477,-0.33347941413908433,-0.16180371352785147,-0.25593357167570063,0.010548571867912198,-0.028770230269480643,0.33516318763695074,0.05634874870257179,0.44627686156921537,-0.33177257525083614,0.2847422442624841,-0.40767308653365625,-0.4120708876331065,-0.2696651674162919,-0.34241340868027526,0.12788221273978395,0.25806327605428053,-0.33955330027294045,-0.09457578902856265,0.003121516164994426,-0.004597701149425287,0.6238726790450928,0.611771037558144,0.21924422404182525,0.15701380079191174,0.2714258255487641,-0.04177911044477761,0.3545227386306847,-0.0760773459424134,-0.09632107023411371,-0.31338945911659555,0.15553761580748088,0.41021796793910736,-0.1863606658209357,-0.2496367201014877,-0.16906162303463654,-0.05732518356206512,-0.2548494983277592,-0.33237227540076114,-0.43472110098796757,0.2020758851343559,-0.11940183754276708,-0.13384846038519202,-0.08152846653596278,-0.48420405182024373,-0.2808057509706685,-0.31462730173374853,-0.3935724445469573,-0.11890977588129012,0.09188482681736056,-0.18839042017452812,-0.11262830123399839,-0.1062238111713374,0.012070887633106524,-0.14042978510744628,0.003390612386114635,0.06728943220697343,0.07943720447468573,-0.12390727713066543,0.10262561027178718,-0.34441240918002536,-0.3210932995040941,-0.21471571906354514,-0.20689655172413793
#201,0.43571291277438207,0.07541613808480375,0.5209702840887249,0.4696421020259101,-0.2924845269672856,0.4106177680390574,0.1974858724483912,0.3950716949217699,-0.05351939414907931,0.636058893630108,0.6034982508745628,0.11133663937262138,0.32744397032253103,0.18354668819436434,0.060185291969399916,0.011624956752393034,1.0,0.097989466805059,0.14727251758736018,-0.20858801368546495,0.2120785760965671,-0.14783377541998233,0.01148656441010264,-0.22087417829546765,0.32536039672471456,-0.19470264867566217,0.3709068542651751,0.27211009879675546,0.11834851804866797,-0.17242917003036942,-0.04106408334294391,-0.1657325183562065,0.15482258870564716,-0.3496174989428363,-0.19760119940029985,-0.1125514165993926,-0.16994579633260293,-0.5119517164494676,-0.02298081728366586,0.1387921423903433,-0.1466881943643563,-0.3231230538576865,-0.06392957367470112,-0.2031676469457579,-0.07563141506169992,0.22159689386076192,0.4689732057048399,0.22678660669665168,0.009203090762311152,0.15014800292161612,0.24626148464229425,0.09476800061507708,0.5795256218044824,0.21890593164955985,0.22863183792719025,0.08503440587398609,0.02158151693384077,-0.09276131165186638,-0.15833621650713106,0.016453311805635643,-0.12441471571906354,-0.03076923076923077,-0.2417483565909353,-0.14864875254680351,0.34594241340868026,-0.035489947334025294,0.21051781801406988,0.07344789143889593,0.2761080997962557,0.06791988621074078,0.4785914734940222,0.16517894898704494,0.02087417829546765,-0.1627417060700419,-0.30124168684888325,-0.3348633375619882,0.04076423326798139,0.05274285933956099,0.25737900280628917,0.045846307615423056,0.2212970437857994,0.0810440933379464,0.29477568907853763,0.5299427209472187,0.10936070426325299,-0.09301503094606543,-0.26263791181332413,0.09130819205781725,-0.2119786260715796,-0.15710606235343866,0.025779417983316035,0.050259485641794485,-0.27596201899050476,-0.16422557951793335,-0.20211432745165878,0.46835044016453314,-0.16517894898704494,0.3344404720716565,0.36364894475839005,0.2982585630261792,0.3462268865567216,0.03529004728405028,0.18677584284780688,-0.11399684772998116,0.01747587744589244,0.16823895744435474,0.3126821204782224,-0.2137777265213547,-0.18892861261676855,-0.15958943605120518,-0.1821320109176181
