,#10,#11,#12,#13,#17,#18,#26,#49,#50,#51,#52,#53,#54,#58,#101,#102,#201,#202,#301,#302,#401,#402,#501,#502,#601,#602,#701,#702,#801,#802,#901,#902,#1001,#1002,#1101,#1102,#1201,#1202,#1301,#1302,#1401,#1402,#1501,#1502,#1601,#1602,#1701,#1702,#1801,#1802,#1901,#1902,#2001,#2002,#2101,#2102,#2201,#2202,#2301,#2302,#2401,#2402,#2501,#2502,#2601,#2602,#2701,#2702,#2801,#2802,#2901,#2902,#3001,#3002,#3101,#3102,#3201,#3202,#3301,#3302,#3401,#3402,#3455,#3501,#3502,#3601,#3602,#3701,#3702,#3801,#3802,#3901,#3902,#4001,#4002,#4101,#4102,#4201,#4202,#4301,#4302,#4401,#4402,#4501,#4502,#4601,#4602,#4701,#4702,#4801,#4802
#10,1.0,0.2809441433129589,0.2866259178103256,0.42428016760850346,0.3006881174797217,0.23876523276823128,0.10174143697382078,0.1471956329527544,0.16712413024257103,0.36374120631991697,0.2673509399146581,0.0892784377042248,0.19182716334140623,-0.13584746088494215,-0.14129858147849153,-0.10696190366355283,0.324460846499827,0.15053242609464498,0.021635336178064814,0.03782724022604082,-0.15561450044208666,-0.06293007342482605,-0.1784338599930804,-0.07682312689808941,-0.0028831737977165262,0.07773036558643755,0.21129435282358822,0.2942836274170607,0.26059278053281054,0.23390612386114634,0.07643101526159997,0.13415599892361513,0.20924922154307463,0.36038903625110524,0.2553184945988544,-0.04147157190635452,0.09927344020297543,0.14840272171606506,0.12815130896090415,0.20610463998769846,0.27390919924653057,0.1919655556836966,0.21833698535347712,0.060093030407872984,0.07946795832852804,-0.0308614923307577,0.26882712489908894,0.2992119324952908,0.20824203282973897,0.16746242263483643,0.1361011801791412,0.16028139776265712,0.0773382539499481,0.23886518279321878,-0.03880367508553416,0.2951754891784877,-0.3520470533963787,-0.07315572982739399,0.010387114135240072,0.1611425056702418,-0.3149732825894745,-0.1072463768115942,-0.0189520624303233,-0.04234805674086034,0.17073001960558182,0.2378349286895014,-0.09620574328220505,-0.0472609848921693,-0.08130550109560604,0.037896436397186026,0.014861799869296121,0.33332564486987276,-0.1522008226655903,0.20327528543420598,-0.16285703302195056,-0.14174451235920502,-0.3522546419098143,-0.019713220312920464,-0.056333371775650634,0.22350363279898514,-0.313289509091608,-0.04798370045746358,0.05433437127590051,-0.09898127859147349,0.00722715565294276,-0.2943528235882059,-0.1684542344212509,0.12326913466343752,0.08312766693576289,0.07315572982739399,0.1712143928035982,0.09678237804174836,0.16547879906200746,-0.11405835543766578,-0.06888863260677354,-0.22930073424826047,0.14003767347095683,0.09402990812286165,0.22816284165609502,0.2151385845538769,0.2100411332795141,0.02241187098758313,0.11954791834851805,-0.17714988659516395,0.1357321339330335,0.08298158613001191,0.09742820897243686,-0.3050705416522508,-0.13950716949217698,-0.27834544266328376,-0.2709030100334448
#11,0.2809441433129589,1.0,0.3631799484872948,0.20951831776419483,-0.11842540268327374,0.009641333179564063,0.42811671087533154,0.11856379502556415,0.4703648175912044,0.5425671779494868,0.4749702072040903,-0.026809672087033408,0.07673086533656248,0.14012224656902317,-0.09720524353208011,0.23961865221235537,0.25241994387421673,0.1549148502671741,0.35006342982354977,0.25714066043901124,-0.009072386883481337,0.34461230923000036,-0.08518817514319763,0.279414139084304,0.13015799792411487,0.2815592203898051,-0.009226156152692884,0.07484719178872103,-0.03782724022604082,-0.06668204359358783,-0.047783800407488565,0.17537385153577056,-0.05490331757198324,0.09403759658632223,0.07912197747280206,-0.14970207204090263,0.021604582324222504,0.08967054934071426,0.03978010994502749,0.1455964325529543,0.12297697305193557,-0.033144965978549185,-0.0871026025448814,-0.15082458770614693,-0.2340598931303579,0.0991811786414485,-0.09793564756083496,-0.09986545188943989,-0.10542421097143735,0.04101795256218045,-0.0671971706454465,0.17334409718217814,0.1397378233959943,0.28657209856610155,-0.09958866720485911,0.2030907623111521,-0.18146311459654788,0.03278360819590205,-0.02807826855802868,0.06130780763464422,-0.15183946488294314,0.15247760735017107,-0.07085687925268135,0.12791296659362628,-0.011863299119670934,0.044024141775266215,-0.011455810556260331,0.10191058316995348,0.24869872755929728,0.29694383577442046,0.09142351900972591,0.05443432130088802,-0.32499135047860683,-0.023826548264329374,-0.27044170222581015,-0.09181563064621535,-0.21347787644639218,-0.05332718256256487,0.008880175296966901,0.09535232383808095,-0.14051435820551264,-0.052273863068465765,-0.18787529312266943,0.08814823357551993,-0.22998500749625186,-0.2621996693960712,0.002444931380463614,-0.19832391496559412,0.19644792988121323,-0.02825510321762196,0.09591358167070312,-0.012501441586898858,0.05067466266866567,-0.1670626225348864,-0.20626609772037058,0.19068927074924077,0.37385922423403684,0.015469188482681737,0.34874101410833047,-0.10501672240802676,-0.06705877830315611,0.12250797678084036,-0.0404566947295583,-0.14546572867412447,-0.1854303617422058,-0.09250759235766733,-0.11328950909160804,-0.17697305193557067,0.06643601276284934,-0.2700572790527813,-0.38670664667666166
#12,0.2866259178103256,0.3631799484872948,1.0,0.43139199630953756,0.20840349056241111,0.23547457040710415,0.1286126167685388,0.2278706800445931,0.2319148118248568,0.5020566639757045,0.3098220120708876,-0.0038749855841310114,0.026663591281282435,-0.2227655403067697,-0.22002844731480414,-0.1934263637412063,0.6635759043555145,0.5684465459577903,0.3013262599469496,-0.2283396763156883,-0.20762695575289278,-0.1713527851458886,-0.15973551685695614,0.04736862338061738,0.21814477376696267,-0.16158843655095528,0.48987044939068924,0.39617883366009304,0.041263983392918924,-0.0697189866605159,0.38089416830046513,0.23628185907046476,0.3489947334025295,0.22522584861415446,-0.02075885134355899,-0.15064775304655365,0.03372928920155307,-0.37116826202283476,0.12159304962903164,-0.33165724829892745,0.41097143735824393,-0.037242917003036946,-0.10211817168338908,-0.4404643831930189,-0.2772459923884212,-0.31232845115903585,0.32842040518202437,0.0918002537192942,0.37289816630146466,0.23159189635951255,0.30808441932879715,0.2594087571598816,0.49178487679237304,0.7002421865990082,-0.24733786952677508,-0.030546265328874025,-0.33129589051628033,-0.5647022642524892,0.3280436704724561,0.19128128243570522,-0.1787721523853458,0.07154884096413332,-0.3615499942336524,-0.22285011340483604,0.36864644600776536,0.19454887940645063,-0.4611079075846692,-0.15017106831199784,0.010025756352592934,-0.0451850997578134,0.3050320993349479,0.23738130934532733,-0.42929304578479993,0.05098988967054934,-0.4168454234421251,-0.5091146734325145,-0.3386460615845923,-0.3381463114596548,-0.15402298850574714,-0.06444470072655979,-0.12717487410141085,-0.0033214162149694383,-0.01335486103102295,0.0920001537692692,-0.2646215353861531,-0.24558489985776344,-0.1481182485680237,-0.11618037135278515,0.18800599700149925,-0.05243532080113789,-0.09783569753584746,-0.14153692384576944,-0.03835005574136009,-0.2593011186714335,-0.18739860838811365,0.10445546457540461,0.034490447084150236,0.6504747626186906,0.6422481067158728,0.430346365278899,0.25312728251258987,0.6674893322569484,0.23538999730903779,0.3300888017529697,0.11759504862953139,0.37851843309114674,0.25190481682235805,-0.15072463768115943,-0.23558220889555223,-0.08097489716680122,-0.24330142620997194
#13,0.42428016760850346,0.20951831776419483,0.43139199630953756,1.0,0.4143620497443586,0.35977395917425903,-0.06161534617306731,0.18544573866912697,0.13510936839272672,0.4162303463652789,0.03820397493560912,0.31713374082189677,0.1856763925729443,-0.2246722792449929,-0.17900280628916312,-0.2449544458539961,0.30110329450659284,0.15775958174758775,0.05481874447391689,-0.08990120324453157,-0.09417598892861262,-0.1991158267020336,0.01723753507861454,-0.24267866066966517,0.30284088724868335,-0.04852958136316457,0.16004305539537925,0.24926767385538,0.252542959289586,0.09448352746703571,0.03321416214969438,0.15580671202860108,0.05069003959558682,0.20568177449736672,0.26747395533002727,-0.15156268019836236,0.26748933225694843,-0.008603390612386115,0.31890208741782955,0.07237919501787568,0.39912351516549416,0.2825587206396802,0.3124591550378657,-0.07028024449313805,0.010917618114019914,-0.13771575750586246,0.07208703340637374,0.2720562795525314,0.1176258024833737,0.21104063352938915,0.10526275323876523,0.03153038865182793,0.07617729596740092,0.15862068965517243,-0.019966939607119517,0.04250182601007189,-0.08620305231999385,-0.18969745896282628,0.34551185945488794,0.24260946449851997,-0.18290854572713644,-0.07683081536155,-0.03567447045707915,-0.10298696805443432,0.09973474801061008,0.06888863260677354,-0.35165494175988926,-0.22747087994464307,-0.24924460846499827,0.02125860146849652,-0.1802637142966978,0.11696459462576404,-0.11368930919155806,0.18629915811325107,0.016222657901818323,-0.1974858724483912,-0.11043708914773383,0.014292853573213393,-0.051897128358897475,0.10940683504401645,0.055272363818090954,-0.020128397339791642,-0.15891285126667434,0.24397801099450275,-0.018782916234190598,-0.17871064467766118,-0.10094952523738131,0.22092030907623111,0.29201553069619035,0.10665436512512974,0.1568600315227002,0.13622419559451043,0.13527082612539884,-0.06033137277515089,-0.01116364894475839,-0.18660669665167418,-0.06364510052665975,0.18060969515242378,0.1628185907046477,0.11558835966632068,0.255725983162265,0.1583208395802099,0.19132741321646868,0.07649252296928459,0.012186214585015185,-0.0863875754430477,0.0020528197439741666,-0.14914850267174104,-0.09550609310729251,-0.20317533540921848,-0.18756006612078577
#17,0.3006881174797217,-0.11842540268327374,0.20840349056241111,0.4143620497443586,1.0,0.36650136470226424,-0.05268135163187637,0.23217621958251644,-0.042709414523507475,0.28760235266981893,-0.030753853842309616,0.5717756506362204,0.4253027332487602,-0.0275938953600123,-0.28092876638603775,-0.33948410410179525,0.14714181370853036,0.03628954753392535,-0.10144927536231885,-0.31009110829200787,-0.2326298389266905,-0.3621343174566563,0.25334255948948603,-0.1507707684619229,0.32279244992888173,-0.0509360704263253,0.1537231384307846,0.20991811786414485,0.13543997232153154,0.23121516164994427,0.16307230999884673,0.01972090877638104,0.08787144889093915,0.03676623226848114,0.32301541536923845,-0.14062199669396072,0.30236420251412754,-0.0651904816822358,0.3309960404413178,-0.0596470995271595,0.4326990350978357,0.23176873101910583,0.36078883635105524,0.06365278899012032,0.11620343674316688,-0.18385422673278745,0.29950409410679274,0.2491292815130896,0.10924537731134433,0.14536577864913697,0.1972090877638104,0.004374735709068543,0.06606696651674163,-0.05722523353707761,-0.12385345788644139,-0.13969169261523084,-0.2037058393879983,-0.24975204705339638,0.1521546918848268,-0.13976857724983663,-0.19572521431591897,-0.11954022988505747,0.04989812785914735,-0.0871026025448814,0.20764233267981394,0.0035136278014838733,-0.24649213854611157,-0.19815476876946142,-0.3864529273824626,0.07579287279437205,-0.1702994656517895,0.09864298619920808,0.07942182754776458,-0.047999077384384733,0.04019528697189867,-0.12482220428247415,-0.1560066120785761,-0.20035366931918655,-0.03660477453580902,0.05065928574174451,0.1050013454811056,0.16871564217891055,0.12291546534425095,0.2530427094145235,0.42911621112520665,-0.10947603121516165,-0.19757044554645753,0.3688694114481221,0.30281013339484103,0.35435359243455195,0.11032176219582517,0.05005958559181947,0.19903894206742784,-0.2735862837811863,-0.20329066236112714,-0.3173182639449506,-0.17026102333448662,0.18245492638296237,0.05722523353707761,0.20648137469726674,0.25085149732825895,0.11592665205858609,0.21910583169953485,0.052635220851112906,-0.08310460154538116,0.08191288970899166,-0.011355860531272825,-0.16805443432130088,-0.0817283665859378,-0.17152961980548187,-0.15965863222235036
#18,0.23876523276823128,0.009641333179564063,0.23547457040710415,0.35977395917425903,0.36650136470226424,1.0,-0.05789412985814785,0.13996847729981163,-0.1077922577172952,0.18294698804443932,-0.11814861799869296,0.3798331603429055,0.4394264406258409,-0.13035789797408986,-0.24966747395533004,-0.44585399607888365,0.32682120478222426,0.19956175758274708,-0.10302541037173721,-0.1718602237342867,-0.2640679660169915,-0.24364740706569793,0.0019374927920655057,-0.2011302041287049,0.13387152577557376,-0.1319801637642717,0.39739361088686426,0.447030330988352,0.06209203090762311,0.24705339637873372,0.3210702341137124,0.10751547303271441,0.16528658747549302,0.14455848998577633,0.26385268904009535,-0.08119786260715796,0.10710798446930381,-0.18564563871910197,0.2303540537423596,0.0513435589897359,0.30812286164610003,0.03169184638450006,0.2735862837811863,-0.11315111674931765,0.12687502402644832,-0.12757467420136087,0.2542805520316765,0.39561757582747087,0.30349440664283245,0.3614961749894284,0.2955368469611348,0.16419482566409102,0.20582785530311767,0.14364356283396762,-0.20079960019990006,-0.13962249644408564,-0.10607773036558643,-0.3227155652942759,0.3688309691308192,0.14122938530734633,-0.34076807749971166,-0.2753776957675009,-0.16593241840618153,-0.40317533540921846,0.3312343828085957,0.16687041094837196,-0.31217468188982433,-0.4045977011494253,-0.4148156690885327,-0.10437089147733826,-0.018813670088032905,0.27381693768500365,-0.05019028947064929,0.020382116633990695,-0.0698573790028063,-0.19405681774497366,-0.345165878599162,-0.17718064044900628,-0.14322069734363588,-0.1151424287856072,-0.027824549263829625,0.5109291508092108,-0.022827048014454312,0.11342790143389843,0.20865720985661015,-0.27001883673547844,-0.279813939184254,0.4316687809941183,0.2865951639564833,0.3194710337139123,0.3122054357436666,0.275246991888671,0.16725483412140082,-0.022104332449160036,-0.07297889516780072,-0.16374889478337754,-0.2584476992273094,0.34475070157229076,0.27098758313151117,0.26463691231307424,0.28405797101449276,0.22720947218698342,0.1687925268135163,0.2644216353361781,0.23612040133779263,0.1475339253450198,0.10395571445046707,-0.3306116172682889,-0.25694844885249685,-0.10488601852919693,-0.09500634298235498
#26,0.10174143697382078,0.42811671087533154,0.1286126167685388,-0.06161534617306731,-0.05268135163187637,-0.05789412985814785,1.0,0.025394994810287164,0.6036135778264714,0.3937646561334717,0.4193287971398916,-0.11950178756775458,0.06765847845308115,0.5828624149463729,0.20119940029985006,0.24796832353054243,0.12506054664975205,-0.16681659170414792,0.028670280244493137,0.16605543382155077,0.1947872217737285,0.11557298273939953,-0.20791911736439472,0.023642025141275516,0.15165494175988928,0.0033598585322723255,-0.17678852881251683,-0.20848037519701687,-0.07152577557375159,-0.051897128358897475,-0.0354207511628801,0.20692730557798025,0.07306346826586707,0.0913927651558836,0.09021643024641525,-0.057317495098604544,0.19198862107407835,0.21842924691500404,-0.17351324337831084,-0.0241571521931342,0.005797101449275362,-0.06878868258178603,-0.07856840810364049,0.1515857455887441,-0.22036673970706955,-0.0026063891131357397,-0.1718986660515896,-0.022896244185599508,-0.15315419213470188,-0.16863875754430477,0.0018606081574597316,-0.06263022334986353,-0.053973013493253376,-0.15499942336524045,-0.22827816860800368,-0.06462922384961366,-0.2511359704763003,-0.008434244416253412,-0.14424326298389267,-0.21335486103102294,-0.05138968977049937,0.08476530965286587,0.4133394841041018,0.3786337600430554,-0.08958597624264791,-0.16085803252220043,0.44492369200015375,0.5295890516280322,0.3069695921270134,0.4331449659785492,0.2622304232499135,0.14278245492638297,-0.07124130242571022,-0.04228654903317572,-0.04356283396763157,0.06745088993964556,0.014646522892399955,-0.008980125321954408,0.17422827048014455,0.17784184830661592,-0.040310613923807324,-0.2701649175412294,0.16475608349671317,-0.0436550955291585,-0.23499019720908776,-0.055272363818090954,-0.05065159727828394,-0.20196055818244724,0.023434436627839925,-0.1550916849267674,-0.11621112520662745,-0.2716872333064237,-0.11529619805481875,0.060292930457848,0.03837312113174182,-0.01074847191788721,0.04861415446123092,-0.10279475646791988,-0.00029216161150194135,0.06998039441817552,0.006965747895283128,-0.13617806481374697,-0.0022834736477914887,-0.11903279129665936,-0.09218467689232307,0.1450505516472533,0.04557721139430285,-0.09804328604928306,-0.03207626955752893,-0.004759158882097413,-0.07157959481797563
#49,0.1471956329527544,0.11856379502556415,0.2278706800445931,0.18544573866912697,0.23217621958251644,0.13996847729981163,0.025394994810287164,1.0,0.3332641371621881,0.37653480951831775,0.35350786145388846,0.3430054203667397,0.4299542536424096,0.08061353938415408,-0.02677122976973052,-0.033152654442009766,0.07047245607965248,0.4247337869526775,0.20536654749548303,-0.045354245953946104,-0.005543382155076308,-0.26891169799715525,-0.13559374159074308,-0.2754238265482643,0.20375965863222234,-0.2532502979279591,0.03805020566639757,-0.09694383577442048,0.3205551070618537,0.2554491984776842,0.3600814977126821,0.031922500288317376,0.24092569100065353,0.20638911313573982,0.13400991811786414,-0.1403144581555376,0.20048437319801637,-0.07389382231960942,0.0963595125514166,-0.10478606850420943,0.20366739707069542,0.05006727405528005,-0.13665474954830278,-0.10770768461922885,-0.340598931303579,-0.35503786568254336,-0.04513128051358936,-0.14856417944873718,-0.07130281013339484,-0.28938607619267287,-0.26939607119517167,-0.3341867527774574,-0.06833506323761196,0.1230000384423173,-0.14606542882404952,-0.100172990427863,-0.20873409449121594,-0.3033637027640026,0.05450351747203321,-0.14959443355245455,0.11215930496290316,0.179041248606466,0.031730288701802944,0.006950370968361973,0.15449198477684234,0.09349940414408181,-0.04297851074462768,-0.13648560335217008,0.052196978433859995,0.0790374043747357,0.28470380194518125,0.0977203705839388,0.017706531349709762,0.11212086264560028,-0.052935070926075425,-0.12948141313958406,0.0831584207896052,-0.17881059470264868,-0.03801945181255526,-0.04183292968900165,0.0022911621112520664,-0.013539384154076808,-0.04187137200630454,0.6238265482643294,0.12932764387037252,0.1838388498058663,0.14302848575712143,0.1415830546265329,-0.01696843885749433,0.059662476454080654,-0.07466266866566716,-0.1348095183177642,-0.29309960404413177,-0.02637911813324107,-0.001160957982547188,0.01633798485372698,-0.10472456079652481,0.16370276400261408,0.08022142774766462,-0.01474647291738746,-0.1026871179794718,0.3086764310152616,0.34256717794948677,-0.01433129589051628,0.28579556375658327,0.03863452888940146,0.11475800561257833,0.08784838350055742,-0.05185099757813401,-0.09482181985930112,-0.13274901011032944
#50,0.16712413024257103,0.4703648175912044,0.2319148118248568,0.13510936839272672,-0.042709414523507475,-0.1077922577172952,0.6036135778264714,0.3332641371621881,1.0,0.48701802944681505,0.6363741206319917,-0.02677122976973052,0.1511090608541883,0.4825510321762196,0.16856187290969898,0.26009303040787296,0.13015030946065428,0.18892861261676855,0.26503671241302423,0.10821512320762695,0.2523661246299927,0.10067274055280052,-0.3075308499596356,-0.013777726521354706,0.262676354130627,0.019536385653327184,-0.2502902394956368,-0.18376196517126053,0.1511013723907277,0.11588820974128321,-0.04566947295582978,0.18586860415945874,0.09291508092107792,0.1432437627340176,0.10119555606811978,-0.05040556644754546,0.22939299580978742,0.11456579402606389,-0.06303771191327413,-0.05498789067004959,0.1360012301541537,-0.021235536078114788,-0.2667204859108907,-0.023849613654711107,-0.30032675969707456,-0.04194056817744974,-0.27190251028331985,-0.0130319455656787,-0.2317149117748818,-0.20179141198631453,-0.1447430131088302,-0.11060623534386653,-0.17373620881866758,-0.07776111944027986,-0.19369545996232654,-0.008395802098950524,-0.2383500557413601,-0.09353015799792412,-0.18453849998077884,-0.2493368700265252,0.08503440587398609,0.16441779110444776,0.3561911352016299,0.4421712220812671,-0.05384999807788413,-0.13251835620651212,0.3850920693499404,0.4668742551801023,0.40096874639603275,0.30334832583708143,0.20304463153038865,0.08859416445623342,-0.22414946372967362,-0.04904470841502326,-0.21553838465382694,-0.10355591435051704,0.0518202437242917,0.02354207511628801,0.3509706685118979,0.1538307769192327,0.13196478683735055,-0.1969399915426902,-0.045846307615423056,0.29396071195171647,-0.30420943374466614,0.02064352439165033,0.030277169107753816,-0.14893322569484488,0.10054203667397071,-0.2500903394456618,-0.19341867527774576,-0.28234344366278397,-0.2509437588897859,0.0451850997578134,-0.07546226886556721,0.2776150386345289,0.15646791988621075,-0.1342713258755238,0.15510706185368853,-0.00980279091223619,-0.013185714834890247,-0.023695844385499557,0.07925268135163188,-0.20083804251720294,-0.025218160150693884,0.06707415523007727,0.11031407373236458,-0.012278476146542113,-0.06655902817821858,0.0010302541037173721,-0.14784915234690346
#51,0.36374120631991697,0.5425671779494868,0.5020566639757045,0.4162303463652789,0.28760235266981893,0.18294698804443932,0.3937646561334717,0.37653480951831775,0.48701802944681505,1.0,0.44037981009495253,0.2536039672471457,0.36051205166647443,0.18994348979356476,-0.16034290547034175,-0.048814054511205934,0.4040441317802637,0.24720716564794526,0.3355245454195979,-0.023050013454811055,-0.17810325606427554,-0.13087302502594855,-0.1291200553569369,-0.018283166109253065,0.25244300926459845,-0.043093837696536345,0.2529043170722331,0.15698304693806941,0.09934263637412064,0.04035674470457079,0.18807519317264446,0.16235728289701304,0.16763925729442972,0.09230769230769231,0.17072233114212124,-0.30306385268904007,0.12777457425133587,-0.17259831622650212,0.09367623880367508,-0.060016145773267214,0.3819936185753277,0.04553876907699996,-0.025756352592934302,-0.2781071002960058,-0.28667973705454963,-0.31307423211471186,0.12580632760542806,-0.06595163956483296,0.12699803944181756,-0.008810979125821704,0.05247376311844078,-0.02667896820820359,0.2966362972359974,0.21403913427901433,-0.28657978702956216,-0.09841233229539077,-0.31390458616845424,-0.39887748433475567,0.21948256640910313,-0.07795333102679429,-0.02786299158113251,0.11362780148387344,-0.014469688232806673,0.007081074847191789,0.2515819013570138,0.2597778034059893,-0.09283050782301157,0.05510321762195825,0.061707607734594244,0.21692230807673085,0.28306615922807826,0.29610579325721753,-0.25541844462384194,0.16797754968669512,-0.2821358551493484,-0.3931265136662438,-0.195033252604467,-0.13194172144696883,-0.07819936185753278,0.03705070541652251,-0.057340560488986274,-0.026963441356244955,-0.07595433052704417,0.26232268481144044,-0.10307154115250067,-0.11472725175873602,-0.0162303463652789,-0.07630031138277016,0.2383193018875178,0.1988082881636105,0.07463191481182485,-0.010371737208318917,-0.05130511667243302,-0.157882597162957,-0.10940683504401645,-0.019052012455310807,0.07110291008341983,0.24169453734671126,0.31730288701802944,0.12207742282704802,0.03177641948256641,0.2473609349171568,0.27681543843462886,-0.17282128166685887,-0.06935762887786875,0.06404490062660977,0.022119709376081192,-0.1366086187675393,-0.19822396494060662,-0.09399915426901934,-0.26153846153846155
#52,0.2673509399146581,0.4749702072040903,0.3098220120708876,0.03820397493560912,-0.030753853842309616,-0.11814861799869296,0.4193287971398916,0.35350786145388846,0.6363741206319917,0.44037981009495253,1.0,-0.0670280244493138,0.19637104524660748,0.25381155576058123,-0.10324068734863337,0.03822704032599085,0.24738400030753854,0.26365278899012035,0.1693460961826779,-0.025579517933341022,-0.042632529888901705,-0.02232729788951678,-0.08599546380655826,0.03716603236843117,-0.03567447045707915,-0.04896013531695691,0.009533694691115981,0.07879906200745782,0.06887325567985238,0.05252758236266482,0.06512128551109062,-0.012893553223388306,0.09354553492484527,-0.01898281628416561,-0.14664206358359283,-0.24826048514204435,0.004751470418636835,-0.09718217814169838,-0.18032522200438242,-0.2394648829431438,0.09483719678622228,-0.12519893899204243,-0.18691423519009726,-0.10359435666781994,-0.18497674239803175,-0.0561411601891362,-0.12838965132818206,0.08048283550532426,-0.08997808787913736,-0.15572982739399532,-0.09639026640525891,0.031076769307653865,0.045108215123207625,0.09219236535578365,-0.2696728558797524,-0.10632376119632492,-0.3103832699035098,-0.16531734132933534,-0.015745973167262523,-0.25115903586668203,0.10579325721754507,0.19373390227962942,0.07617729596740092,0.23711221312420713,0.1526313766193826,0.09643639718602237,0.18961288586475994,0.3311728751009111,0.2345365778649137,0.10989889670549341,0.21696075039403376,0.26575942797831853,-0.2784838350055741,0.01261676853880752,-0.42893168800215276,-0.18784453926882713,0.023765040556644756,-0.045800176834659596,0.18965132818206282,0.08437319801637642,-0.06436012762849344,-0.166724330142621,0.05504170991427363,0.22705570291777188,-0.18619920808826357,0.06746626686656672,0.08889401453119594,-0.07246376811594203,0.04749163879598662,-0.11848691039095836,-0.1725137431284358,-0.11032176219582517,-0.2218429246915004,0.13846153846153847,-0.1156498673740053,0.440279860069965,0.0691731057548149,0.20828047514704187,0.22158151693384076,-0.06179986929612117,0.0015223157651943259,0.09406835044016454,0.07025717910275632,-0.1888363510552416,0.0006304540037673471,-0.022119709376081192,0.053281051781801404,0.09076231115211625,-0.015953561680698114,0.15152423788105948,-0.013247222542574866
#53,0.0892784377042248,-0.026809672087033408,-0.0038749855841310114,0.31713374082189677,0.5717756506362204,0.3798331603429055,-0.11950178756775458,0.3430054203667397,-0.02677122976973052,0.2536039672471457,-0.0670280244493138,1.0,0.5446353746203821,-0.04335524545419598,-0.36396417176027374,-0.2905009033944566,-0.12998885172798216,0.031430438626840425,-0.10073424826048515,-0.07799177334409718,-0.28970899165801717,-0.30983738899780877,0.3027640026140776,-0.25132049359935416,0.2781532310767693,-0.14079114289009342,0.06416791604197901,0.04826048514204436,0.0997270595471495,0.1302195056317995,0.1710068042901626,-0.08055203167646946,-0.012386114634990198,-0.037181409295352325,0.3193557067620036,-0.27381693768500365,0.21187867604659208,-0.1540921846768923,0.30875331564986735,0.023872679045092837,0.3296044285549533,0.21351631876369506,0.36228039826240727,-0.0005920116864644601,0.14623457502018222,-0.13118056356437166,0.05209702840887249,0.0473301810633145,0.03219159650943759,0.09694383577442048,0.08155922038980509,-0.12216968438857494,0.08917079921577672,-0.10208741782954676,-0.16758543805020568,-0.26279936954599625,-0.007780725022104333,-0.18864413946872718,0.4317533540921847,-0.014469688232806673,-0.10477069157728829,-0.05688694114481221,0.1443739668627225,-0.10521662245800177,0.10099565601814478,-0.04544650751547303,-0.1770730019605582,-0.2469918886710491,-0.4030523199938492,0.19482566409103141,-0.2767923730442471,0.08613385614884865,-0.04043362933917657,-0.12692884327067236,0.09824318609925806,-0.029246915004036443,0.08198208588013685,0.011394302848575712,-0.13177257525083613,0.07681543843462883,0.10235651405066698,0.40456694729558296,-0.07620036135778264,0.48643370622381116,0.5249990389420675,0.01886748933225695,-0.033806173836158845,0.4934917156806212,0.39870064967516244,0.5359474109099297,0.3810710029600584,0.38995117825702535,0.2896628608772537,-0.09193095759812402,0.03906508284319379,-0.26391419674777994,-0.2651597278283935,0.05365009802790912,-0.00595087071848691,0.08418098642986199,0.03146888094414331,0.054326682812439936,0.057156037365932416,-0.06920385960865721,-0.09939645561834468,-0.07359397224464691,-0.10460154538115557,-0.09905816322607927,-0.000476684734555799,-0.17249836620151462,-0.12449160035366932
#54,0.19182716334140623,0.07673086533656248,0.026663591281282435,0.1856763925729443,0.4253027332487602,0.4394264406258409,0.06765847845308115,0.4299542536424096,0.1511090608541883,0.36051205166647443,0.19637104524660748,0.5446353746203821,1.0,0.2897628109022412,-0.290839195786722,-0.341344712259255,-0.023642025141275516,0.12726713566293776,-0.15342328835582209,-0.3100372890477838,-0.29499096605543385,-0.4933917656556337,0.06705877830315611,-0.34887171798716027,0.21084073347941415,-0.1763887287125668,0.15812862799369545,0.20303694306692807,0.16721639180409795,0.22308845577211395,0.27520854957136814,0.13857686541344713,0.166924230192596,0.18837504324760695,0.25700995656018144,-0.1280359820089955,0.11179025871679545,-0.17242148156690884,0.07972936608618768,-0.04627686156921539,0.19897743435974322,-0.006442932379963864,0.17361319340329834,-0.15452273863068466,-0.02890862261177104,-0.28089801253219543,0.0901318571483489,0.23748894783377542,0.03604351670318687,0.08813285664859878,0.11438127090301003,-0.06506746626686656,-0.012747472417637335,-0.1617498942836274,-0.17548149002421867,-0.3279590973743897,-0.14326682812439934,-0.39559451043708915,0.28310460154538114,-0.20706569792027063,0.0279014338984354,0.04649213854611156,0.16673201860608158,0.03627417060700419,0.3729442970822281,0.08677968707953715,0.060508207434744166,-0.1263983392918925,-0.30664667666166917,0.024118709875831316,-0.01214008380425172,0.07055702917771883,0.03258370814592704,0.04610002690962211,-0.08563410602391112,-0.21304732249259986,0.0926152308461154,0.0207896051974013,0.011886364510052667,-0.1270518586860416,0.20891092915080922,0.34373582439549455,-0.18937454349748203,0.40814977126821206,0.41021796793910736,0.18010994502748626,0.13029639026640527,0.4456156537116057,0.2507515473032714,0.4235036327989851,0.16846192288471148,0.27297120670434016,-0.024618460000768845,0.1195632952754392,0.11852535270826126,-0.08008303540537423,-0.39743974166762774,0.18551493484027218,0.12889708991658017,0.063422135086303,0.15912812824357053,0.038250105716372586,0.4338292392265406,0.09039326490600853,0.21326259946949602,0.08998577634259793,0.15107830700034597,-0.01543074616537885,-0.12853573213393304,0.10148002921616114,0.019198093261061776
#58,-0.13584746088494215,0.14012224656902317,-0.2227655403067697,-0.2246722792449929,-0.0275938953600123,-0.13035789797408986,0.5828624149463729,0.08061353938415408,0.4825510321762196,0.18994348979356476,0.25381155576058123,-0.04335524545419598,0.2897628109022412,1.0,0.233275669857379,0.295898204743782,-0.23277591973244147,-0.24453158036366432,-0.034974820282166606,0.07898358513051167,0.21749894283627416,0.029216161150194132,-0.157536616307231,0.021596893860761926,0.0361357782647138,0.03834236727789951,-0.44313228001383925,-0.3706377580440549,-0.12193134202129705,-0.04820666589782032,-0.10381732210817668,-0.021696843885749433,-0.0418175527620805,-0.20228347364779148,0.05390381732210818,0.03393687771498866,0.06687425518010226,0.1333487102602545,-0.1589282281935955,-0.04669972705954715,-0.1437896436397186,-0.08438857494329759,-0.17718064044900628,0.11874062968515742,-0.11897128358897474,0.04047976011994003,-0.34911006035443815,-0.09715142428785607,-0.3575827470879945,-0.27290201053319496,-0.1638334678814439,-0.09209241533079614,-0.23578210894552723,-0.3702072040902626,-0.08960135316956906,-0.1062930073424826,-0.11175181639949257,0.09486026217660401,-0.22659439511013724,-0.34897935647560835,0.1931649559835467,0.14292853573213393,0.5386153077307501,0.5589436051205167,-0.13294891016030447,-0.21880598162457232,0.6229116211125206,0.5716295698304694,0.33077307500096104,0.382170453234921,0.12393803098450774,-0.004574635759043555,0.04934455848998578,-0.10807673086533656,-0.0628455003267597,0.10420943374466612,0.18398493061161728,0.09289970399415677,0.30189520624303234,0.05128205128205128,0.2620382116633991,-0.1659708607234844,0.09825856302617922,0.03100757313650867,0.03176873101910583,0.19783185330411718,0.1732210817668089,-0.12155460731172875,0.053942259639411065,-0.10763848844808364,-0.21967477799561758,-0.25501095606043134,-0.1223926498289317,0.12792065505708683,0.11693384077192173,0.027401683773497866,0.036335678314688806,-0.2523276823126898,-0.16864644600776535,-0.09017798792911237,-0.08814823357551993,-0.3402606389113136,0.14068350440164534,-0.11061392380732711,-0.019890054972513744,-0.00201437742667128,0.030715411525006727,0.14216737784953676,0.1124514665744051,0.15014031445815554,0.11150578556875408
#101,-0.14129858147849153,-0.09720524353208011,-0.22002844731480414,-0.17900280628916312,-0.28092876638603775,-0.24966747395533004,0.20119940029985006,-0.02677122976973052,0.16856187290969898,-0.16034290547034175,-0.10324068734863337,-0.36396417176027374,-0.290839195786722,0.233275669857379,1.0,0.6635374620382116,-0.02925460346749702,-0.318894398954369,0.3300734248260485,0.366724330142621,0.5512090108791758,0.3994464306308384,-0.17600430553953791,0.039334179064313995,0.02795525314265944,0.07320186060815746,-0.44785299657863376,-0.5420674278245493,0.24224041825241224,0.19614039134279015,-0.1177257525083612,-0.01652250797678084,-0.06768154384346288,-0.07221004882174298,0.13683927267135662,0.2598162457232922,0.3084304001845231,0.36330296390266403,-0.02324222504132549,0.1128282012839734,-0.17444354745704072,0.22471841002575635,-0.005727905278130166,0.5007880675047092,-0.1339560988736401,0.13754661130972975,-0.28988582631761045,-0.3465805558759082,-0.478868258178603,-0.4673970706954215,-0.40162226579018184,-0.3292661361626879,-0.44972129319955406,-0.3250759235766732,0.1469188482681736,0.08758697574289778,-0.025779417983316035,0.263821935186253,-0.5173028870180294,-0.2872409948871718,0.032576019682466456,-0.1852612155460731,0.4626686656671664,0.43098450774612695,-0.4199284972898166,-0.40137623495944336,0.5064006458309307,0.28754084496213433,0.6409180025371929,0.36661669165417293,0.16916157305962404,0.07174874101410833,0.1177641948256641,-0.16900011532695192,0.25534924845269674,0.12159304962903164,0.06840425940875716,0.0715565294275939,0.450159535616807,0.2604697651174413,0.022127397839541766,-0.28794064506208433,0.15948179756275707,-0.2427401683773498,-0.07680006150770768,-0.022334986352977357,-0.10470918386960366,-0.13557836466382195,-0.12578326221504632,-0.27467035712912774,-0.25676392572944295,-0.39717064544650754,-0.2973359474109099,-0.12037058393879983,-0.24054126782762464,0.00079960019990005,0.19697843385999309,-0.5020182216584016,-0.3170491677238304,-0.34097566601314727,-0.36805443432130086,-0.35333871525775573,0.022104332449160036,-0.15772113943028485,-0.11719524852958137,-0.006934994041440818,-0.07680774997116827,0.0020912620612770537,-0.01584592319225003,-0.1586898858263176,-0.14783377541998233
#102,-0.10696190366355283,0.23961865221235537,-0.1934263637412063,-0.2449544458539961,-0.33948410410179525,-0.44585399607888365,0.24796832353054243,-0.033152654442009766,0.26009303040787296,-0.048814054511205934,0.03822704032599085,-0.2905009033944566,-0.341344712259255,0.295898204743782,0.6635374620382116,1.0,-0.09883519778572253,-0.19164264021835237,0.4363741206319917,0.682543343712759,0.45622573328720256,0.7436743166878099,-0.10061892130857648,0.43216853111905584,-0.0724407027255603,0.3471879444892938,-0.5496328758697574,-0.5114442778610695,0.05684849882750932,-0.042824741475416137,-0.20134548110560105,-0.03795794410487064,-0.10611617268288932,-0.16035059393380233,0.013539384154076808,0.2283396763156883,0.07801483873447891,0.4510360204513128,-0.23923422903932648,0.1872371506554415,-0.1697843385999308,0.2663360627378618,-0.04757621189405297,0.4766924230192596,-0.21216314919463344,0.3166724330142621,-0.38436935378464615,-0.4587706146926537,-0.5822550263329873,-0.4178526121554607,-0.4394956367969861,-0.16710875331564987,-0.34690347134125243,-0.12160842655595279,0.051981701456963826,0.34398185522623304,-0.22012070887633106,0.44043362933917657,-0.6503209933494791,-0.19706300695805942,-0.03471341252450698,-0.042332679813939185,0.35075539153500174,0.5927113366393726,-0.44945219697843386,-0.2980125321954407,0.49227693845385,0.3395148579556376,0.7582132010917618,0.5285587975243148,0.10321762195825164,0.018167839157344403,-0.09385307346326836,-0.13187252527582363,0.03812709030100334,0.13567831468880945,-0.01794487371698766,0.11272825125898589,0.390066505208934,0.45012878176296467,-0.10335601430054203,-0.18561488486525968,-0.014923307576980741,-0.11202860108407335,-0.07525468035213162,-0.08935532233883059,-0.04184830661592281,-0.2749086994964056,-0.0026217660400568946,-0.09820474378195518,-0.09109291508092107,-0.23461346249951948,-0.04216353361780648,-0.2507284819128897,-0.30953753892284624,0.10001153269519086,0.5911352016299543,-0.48388882481836004,-0.25480336754699573,-0.3778264713796948,-0.4515511475031715,-0.3199400299850075,-0.0014915619113520164,-0.3261599969246146,-0.263821935186253,-0.15223926498289317,-0.21430054203667398,-0.048952446853496326,0.15581440049206166,-0.3298504593856918,-0.4119863145350402
#201,0.324460846499827,0.25241994387421673,0.6635759043555145,0.30110329450659284,0.14714181370853036,0.32682120478222426,0.12506054664975205,0.07047245607965248,0.13015030946065428,0.4040441317802637,0.24738400030753854,-0.12998885172798216,-0.023642025141275516,-0.23277591973244147,-0.02925460346749702,-0.09883519778572253,1.0,0.4190212586014685,0.44017991004497753,-0.11155960481297812,-0.08930919155806712,0.010271787183331412,-0.11860223734286703,-0.01809095452273863,0.22020528197439743,-0.005604889862760927,0.5219774728020605,0.31464267866066964,0.13421750663129972,0.20342136623995694,0.3445431130588552,0.22723253757736517,0.48864029523699687,0.2486525967785338,0.09136969976550187,-0.16310306385268905,0.11801791411986315,-0.22933917656556338,0.09073924576173452,-0.10453234921001038,0.23532080113789258,0.13688540345212008,-0.10281782185830161,-0.18398493061161728,-0.3281051781801407,-0.3694460462076654,0.4325222004382424,0.035082458770614694,0.3120286010840733,0.02724022604082574,0.08967054934071426,0.010171837158343905,0.29363779648637217,0.41777572752085496,-0.2404874485834006,0.03594356667819936,-0.42128935532233885,-0.4539191942490293,0.07038019451812555,-0.02603313727751509,-0.19508707184869103,-0.03193787721523853,-0.26061584592319226,-0.17946411409679774,0.3194018375427671,0.1678468458078653,-0.34448160535117056,-0.21835236228039825,0.08290470149540614,0.038626840425940875,0.2857033021950563,0.5053088840195287,-0.3376311844077961,0.10062660977203707,-0.26047745358090185,-0.3683389074693422,-0.23060777303655863,-0.10525506477530465,-0.06523661246299926,0.004628455003267597,-0.21379310344827587,-0.023111521162495676,0.23561296274939453,-0.09198477684234806,-0.30357897974089876,-0.1681543843462884,-0.07340944912159304,0.029861992080882634,0.20410563948794833,-0.029454503517472034,-0.12060123784261716,-0.17204474685734056,-0.20245261984392418,-0.07709222311920963,-0.4147464729173875,0.13543997232153154,0.13349479106600545,0.48602621766040055,0.5268596470995272,0.2709260754238266,0.1768346595932803,0.4648214354361281,0.2923692000153769,0.19228847114904085,0.06347595433052704,0.3296428708722562,0.21178641448506516,-0.1368162072809749,-0.2629685157421289,-0.03548225887056472,-0.20763464421635336
