,#10,#11,#12,#13,#17,#18,#26,#49,#50,#51,#52,#53,#54,#58,#101,#102,#201,#202,#301,#302,#401,#402,#501,#502,#601,#602,#701,#702,#801,#802,#901,#902,#1001,#1002,#1101,#1102,#1201,#1202,#1301,#1302,#1401,#1402,#1501,#1502,#1601,#1602,#1701,#1702,#1801,#1802,#1901,#1902,#2001,#2002,#2101,#2102,#2201,#2202,#2301,#2302,#2401,#2402,#2501,#2502,#2601,#2602,#2701,#2702,#2801,#2802,#2901,#2902,#3001,#3002,#3101,#3102,#3201,#3202,#3301,#3302,#3401,#3402,#3455,#3501,#3502,#3601,#3602,#3701,#3702,#3801,#3802,#3901,#3902,#4001,#4002,#4101,#4102,#4201,#4202,#4301,#4302,#4401,#4402,#4501,#4502,#4601,#4602,#4701,#4702,#4801,#4802
#10,1.0,0.48934763387537,0.4803982624072579,0.5950716949217699,0.18709875831315112,0.5090608541882905,0.1799254219044324,0.7038403874985584,0.7028331987852228,0.6769384538499981,0.7289893514781071,0.43422135086303004,0.4886710490908392,0.14086802752469918,-0.02872409948871718,-0.2045285049782801,0.6613923807327106,0.3346019298043286,0.14221350863030024,-0.02709414523507477,-0.02156614000691962,-0.15565294275938954,0.08526505977780341,0.056256487141044864,0.1516472532964287,0.2663437512013224,0.13341021796793912,0.14435090147234075,0.3635874370507054,0.3379002806289163,0.22104332449160036,0.1401530004228655,-0.031438127090301006,-0.0260638911313574,0.22046668973205705,0.1441586898858263,-0.11135201629954254,0.013008880175296967,-0.17422827048014455,-0.03411371237458194,0.2140545112059355,0.2612462999269596,0.0644754545804021,-0.13650098027909122,-0.20087648483450582,-0.14618844423941876,0.06903471341252451,0.1727751508860954,-0.16103486718179372,-0.3059854688040595,0.08459616345673317,-0.11189020874178296,-0.0162303463652789,-0.08947064929073925,-0.05785568754084496,-0.18605312728251258,-0.23811940183754277,-0.2824203282973898,-0.3430054203667397,-0.18660669665167418,-0.27811478875946644,-0.2696651674162919,0.1726060046899627,0.13613193403298351,0.10266405258909007,-0.15602967746895782,0.17722677122976974,0.27622342674816436,0.21838311613424058,0.20250643908814822,0.22958520739630184,0.25206627455503017,0.15250836120401337,0.3337869526775074,-0.15778264713796947,-0.17517395148579556,-0.37325183562065123,-0.3740360588936301,0.4274862568715642,0.27018029446815056,0.14588859416445624,0.24711490408641834,0.10848421942874717,0.3869603659708607,0.21094068350440165,-0.15624495444585398,-0.2703417522008227,0.24136393341790643,0.29603659708607233,0.28419636335678317,0.10064198669895821,-0.07030330988351978,-0.1374620382116634,-0.2816976127320955,-0.09260754238265483,0.23541306269941953,0.05710990658516896,0.33101141736823897,0.2140468227424749,0.020020758851343558,-0.011009879675546843,0.20029216161150193,0.22407257909506786,0.03533617806481375,-0.21504632299235,0.04413946872717488,-0.14601929804328606,-0.30839195786722023,-0.047699227309422214,-0.23402913927651559,0.01080997962557183
#11,0.48934763387537,1.0,0.3163495175489178,0.3116749317648868,0.11945565678699112,0.2341982854726483,0.23628954753392534,0.4502056663975704,0.468242801676085,0.52063968015992,0.5409064698420021,0.31129819705531847,0.3916657056087341,0.013931495790566255,-0.04487756121939031,0.02292699803944182,0.3989543689693615,0.0739399531003729,0.22390343289893513,0.1385461115596048,0.24556952293084228,0.12206973436358744,0.26559028178218586,0.3189866605158959,0.17645792488371198,0.41178641448506514,0.05183562065121285,0.07560834967131819,0.16467151039864683,0.18726021604582324,0.1210317917964095,0.1343712759005113,0.017160650444008763,0.04995194710337139,0.10873793872294622,0.07018029446815054,-0.11076769307653865,-0.10909160804213278,-0.06949602122015915,0.012278476146542113,0.25996232652904316,0.0890093414831046,0.24482374197516626,-0.15452273863068466,0.031222850113404838,-0.10046515203936493,-0.20150693883827317,-0.10193364856033521,-0.291531157498174,-0.23219928497289816,-0.041079460269865066,-0.06274555030177219,-0.1350786145388844,0.029000884173297967,0.2177911044477761,-0.09572137008418867,-0.13154960981047936,-0.12357667320186061,-0.43686618229346863,-0.34142928535732137,-0.25368085188175143,-0.2541729135432284,0.0307922961596125,0.2081651481951332,-0.03989543689693615,-0.07719986160765771,0.0502210433244916,0.3597124514665744,0.15264675354630378,0.05854764925229693,-0.02467227924499289,-0.06209971937108369,0.04357821089455272,0.13574751085995465,-0.08725637181409296,-0.2416484065659478,-0.30553184945988543,-0.31005266597470493,0.25757890285626417,0.17509706685118978,0.34807980625072077,0.2756314150616999,0.1792103948025987,0.39557144504670744,0.23853457886441395,-0.18687579287279438,-0.31829469880444394,0.29512166993426364,0.45796332602929307,0.27978318533041174,0.3170030369430669,0.01720678122477223,0.013600891861761426,-0.3323261446199977,-0.1765578749086995,0.13697766501364703,-0.227217160650444,-0.005397301349325337,0.015030946065428824,0.12806673586283782,0.09494483527467036,0.12144696882328067,0.17001499250374813,-0.06232268481144043,0.1397147580056126,0.1199015876677046,-0.017445123592050128,-0.2208511129050859,0.12954292084726868,-0.29150809210779227,-0.08611079075846692
#12,0.4803982624072579,0.3163495175489178,1.0,0.6765155883596663,-0.14347441663783492,0.14418175527620805,0.07753046553646253,0.19551762580248339,0.2353823088455772,0.6264329373774651,0.3920655057086841,-0.06540575865913197,0.06312228501134048,0.11661861377003806,-0.16405643332180064,-0.06984200207588513,0.6681197862607158,0.6862568715642179,0.1339253450197978,-0.049851997078383885,-0.12985045938569176,-0.30120324453158037,0.2600545880905701,0.0778841348556491,0.25238150155691386,0.15303886518279322,0.350932226194595,0.4023988005997001,0.13338715257755737,0.026356052742859338,0.2471225925498789,-0.034459693230307925,0.1660477453580902,-0.07716141929035482,-0.13210317917964096,-0.2717871833314112,-0.2593011186714335,-0.42808595702148927,-0.17425133587052627,-0.09204628455003268,0.15666013147272517,-0.09954253642409565,-0.030761542305770193,-0.4453542459539461,-0.07984469303809634,-0.5283973397916426,0.016222657901818323,0.035928189751278206,0.03801176334909468,-0.06071579594817975,0.22124322454157536,0.1863222235036328,0.24945988544189443,0.15469957329027795,-0.14181370853035022,-0.23768884788375044,-0.04392419175027871,-0.345219697843386,-0.014023757352093184,-0.01974397416676277,-0.040179910044977514,0.07142582554876407,0.0203129204628455,0.09155422288855572,0.39304194056817743,0.29359166570560874,-0.044108714873332566,0.07190251028331988,0.2413408680275247,0.1518548418098643,0.36088109791258216,0.4054126782762465,-0.16037365932418407,0.281797562757083,-0.2660208357359782,-0.11321262445700227,-0.14078345442663284,0.02493368700265252,0.17944104870641603,0.051297428208972436,-0.10808441932879714,-0.08541114058355438,-0.11209779725521854,0.1686233806173836,-0.019974628070580095,-0.048483450582401104,0.0618921308576481,0.028208972436858493,0.04487756121939031,0.07350171068311998,-0.23002344981355477,0.14239803175335408,-0.2217814169838158,0.024595394610387115,0.11975550686195365,0.42684042594087573,0.030976819282666358,0.6230269480644294,0.5255372313843079,0.03520547418598393,0.38712951216699343,0.5895821320109176,0.35932802829354554,0.25370391727213315,0.19220389805097451,0.18235497635797485,0.10349440664283242,-0.11088302002844731,-0.09998846730480913,-0.10437857994079883,0.05612578326221505
#13,0.5950716949217699,0.3116749317648868,0.6765155883596663,1.0,0.09936570176450236,0.280013839234229,0.05749432975819782,0.2953753892284627,0.3230384807596202,0.5945565678699112,0.5118671433514013,0.154753392534502,0.26330680813439433,0.29872755929727446,-0.036174220582016685,-0.021858301618421557,0.6363203013877676,0.461930573174951,-0.13214162149694383,-0.11285895513781571,-0.09071618037135279,-0.13717756506362203,0.10312536039672471,0.11615730596240341,0.11417368238957444,0.21375466113097297,0.0488601852919694,0.10932995040941068,0.27044939068927076,0.1889055472263868,0.23990312536039674,0.07052627532387652,0.16796217275977396,-0.1882597162956983,0.13853073463268367,0.14888709491408142,-0.13918425402683274,-0.212862799369546,-0.16458693730058047,-0.05206627455503018,0.19916195748279705,0.09610579325721755,-0.04969822780917234,-0.3108138238573021,-0.26475223926498287,-0.38620689655172413,0.001107138738323146,-0.016099642486449083,-0.10864567716141929,-0.28594164456233423,-0.06885019028947065,-0.11411217468188982,-0.09599815476876947,-0.1406604390112636,-0.2345058240110714,-0.2314765694076039,-0.1586898858263176,-0.042440318302387266,-0.06479837004574636,-0.07299427209472187,0.04826817360550494,0.10489370699265751,0.27088763310652364,0.23667397070695423,0.17232922000538192,0.008265098220120708,0.24017222158151694,0.1359012801291662,0.13591665705608735,0.3040402875485334,0.2660439011263599,0.34693422519509476,0.05857071464267866,0.25485718679121977,-0.0340598931303579,0.010594702648675663,-0.06130780763464422,0.02846269173105755,0.34493522469534466,0.28382731711067544,-0.06063891131357398,0.04007996001999001,-0.1573674701110983,0.30443239918502285,0.18998193211086764,0.09565217391304348,0.058432322300388265,0.19302656364125628,-0.0029216161150194134,0.2085418829047015,-0.10123399838542267,0.03277591973244147,-0.17597355168569562,-0.11927113366393727,-0.06932687502402644,0.22621766040056895,0.0789067004959059,0.46715103986468304,0.3668934763387537,-0.0494368200515127,0.17139891592665205,0.30365586437550457,0.3624034136777765,0.21875216238034828,0.05700226809672087,0.11218237035328489,-0.021166339906969592,-0.0007380924922154307,0.10821512320762695,-0.03598969745896283,0.10700803444431631
#17,0.18709875831315112,0.11945565678699112,-0.14347441663783492,0.09936570176450236,1.0,0.4388498058662976,0.12219274977895668,0.257763425979318,0.2671664167916042,0.12763618190904547,0.09768961673009649,0.5855995079383385,0.4186445238919002,0.23618959750893784,-0.11752585245838619,-0.12249259985391919,-0.011809479875446892,-0.1147656940760389,-0.19637873371006803,-0.049851997078383885,-0.13828470380194519,-0.12397647330181064,-0.12492215430746165,0.21055626033137279,-0.2797293660861877,0.23785030561642256,-0.21183254526582862,-0.1971706454465075,0.44816822358051744,0.38200899550224887,0.02519509476031215,0.01889824318609926,-0.006796601699150424,0.07896051974012994,0.5471879444892939,0.4286779687079537,0.04323991850228732,0.027186406796601698,0.2207511628800984,0.252343059239611,0.3758428478068658,0.3457732672125476,0.261038711413524,0.2291854072963518,-0.050259485641794485,0.0658747549302272,0.03158420789605197,-0.04017222158151693,0.012716718563795026,-0.269534463537462,-0.2023142275016338,-0.31094452773613196,-0.3175412293853073,-0.2338907469342252,-0.41705301195556066,-0.20926459846999576,-0.3291969399915427,-0.1882597162956983,-0.05991619574827971,0.05025179717833391,0.07130281013339484,0.08800984123322954,0.36490985276592475,0.2988044439318802,0.016391804097951025,0.1370929919655557,0.3627417060700419,0.15849767423980318,-0.11652635220851112,0.025863991081382386,-0.0346365278899012,0.0040056894629608274,0.023050013454811055,0.12932764387037252,0.094114481220928,-0.13630108022911622,0.01649175412293853,-0.13861530773075,0.24616153461730672,0.4848652596778534,0.2727097989466805,0.6577249836620152,0.09116979971552686,0.24486218429246914,0.5061699919271133,0.12117787260216045,-0.05237381309345327,0.32436858493830006,0.3107907584669204,0.3281589974243647,0.48872486833506323,0.16558643755045555,0.2502517971783339,-0.13498635297735748,-0.09009341483104602,-0.0052665974704955215,0.07956790835351556,-0.057125283512090105,-0.110852266174605,0.10972206204590013,-0.00873409449121593,-0.11433514012224658,-0.0500518971283589,0.11398915926652059,-0.05348095183177642,0.08105178180140699,0.049744358589935804,0.13029639026640527,0.07880675047091838,0.16610925306577481,0.09536770076500212
#18,0.5090608541882905,0.2341982854726483,0.14418175527620805,0.280013839234229,0.4388498058662976,1.0,0.04127936031984008,0.5887364010302542,0.5476108099796255,0.3764194825664091,0.3133740821896744,0.5059700918771384,0.42499519471033714,0.18653750048052897,0.11557298273939953,-0.11817937185253527,0.17324414715719064,0.14764156383346788,-0.027586206896551724,-0.022296544035674472,0.12720562795525314,-0.048468073655479955,0.13917656556337216,0.28041363933417907,-0.1193941490793065,0.35179333410217967,-0.06336831584207896,-0.03793487871448891,0.44596163456733173,0.19791642640218352,0.28326605927805326,0.45235074770307154,0.09636720101487718,0.2521662245800177,0.4428247414754161,0.33642409564448544,0.03431361242455695,0.23853457886441395,-0.10733863837312113,-0.036881559220389805,0.3736285703302195,0.09624418559950794,0.22924691500403643,-0.10921462345750202,-0.18825202783223774,0.07997539691692615,-0.049490639295736744,0.024741475416138085,-0.1418521508476531,-0.1316803136893092,0.024802983123822703,-0.14392034751854843,-0.015361549994233652,-0.2282397262907008,-0.06306846576711644,-0.2957213700841887,-0.2696882328066736,-0.323861146349902,-0.32351516549417597,-0.1835389997309038,-0.18313919963095376,-0.041271671856379505,0.29805097451274365,0.1711528850959136,-0.015830546265328874,-0.034190597009187716,0.4180371352785146,0.19095836697036098,-0.05572598316226502,0.14424326298389267,-0.11387383231461193,-0.004144081805251221,0.09788182831661092,0.14682658670664667,-0.03153807711528851,-0.30086495213931497,-0.239534079114289,-0.3681390074193672,0.3245300426709722,0.3757736516357206,0.15470726175373853,0.4846961134817207,0.3500480528966286,0.10197977934109868,0.4051743359089686,0.0482835505324261,-0.12460692730557799,0.0931611117518164,0.19137354399723217,0.15965094375888977,0.3186483681236305,0.1291277438203975,-0.03209933494791066,-0.17368238957444354,-0.034236727789951175,-0.07525468035213162,0.09189251528082112,0.3061315496098105,0.1802637142966978,0.2945681005651021,0.21920578172452235,-0.010271787183331412,0.3311651866374505,-0.07683081536155,-0.052581401606888865,0.2926152308461154,0.1666858878253181,-0.1643716603236843,0.09611348172067813,-0.29060085341944414,-0.16014300542036675
#26,0.1799254219044324,0.23628954753392534,0.07753046553646253,0.05749432975819782,0.12219274977895668,0.04127936031984008,1.0,0.0882943143812709,0.19791642640218352,0.3424441625341176,0.15092453773113443,0.06962672509898897,0.194833352554492,0.25329642870872254,0.17778802906239188,0.32409948871717986,0.14671894821819859,-0.08424249413754661,0.15152423788105948,0.06067735363087687,-0.06346826586706647,-0.08346595932802829,-0.1349786645138969,-0.04327067235612963,0.08426555952792834,-0.11072925075923577,-0.11749509860454388,-0.25724061046399876,0.049767423980317534,0.10886095413831545,-0.12056279552531426,-0.2695113981470803,-0.14486602852419944,-0.008995502248875561,-0.06513666243801176,-0.0567869911198247,0.11097528158997425,-0.041786798908238186,-0.11760273709299196,0.03245300426709722,0.12073194172144697,0.03185330411717218,-0.06795832852804368,0.09469111598047131,-0.06839657094529658,0.05384230961442356,-0.3654787990620075,-0.40245261984392416,-0.19269595971245146,-0.2861876753930727,-0.11780263714296697,-0.16317226002383423,-0.12906623611271287,-0.09681313189559067,-0.11142890093414831,-0.03362165071310499,-0.0006304540037673471,-0.012455310806135394,-0.06829662092030908,-0.1819321108676431,-0.06973436358743705,-0.016799292661361626,0.0859493330257948,0.28216660900319074,0.0360665820935686,0.006635143966478299,0.06879637104524661,0.4847114904086418,0.34897935647560835,0.213608580325222,0.42837043016953064,0.3394764156383347,0.29941952100872643,0.1899281128666436,0.12384576942298081,0.15456886941144812,0.02773997616576327,0.053888440395187025,0.18902087417829547,0.13954561180947989,0.20494368200515128,0.12265405758659131,0.0693114980971053,0.20862645600276786,-0.037427440126090804,-0.12293853073463268,-0.06731249759735516,0.2208511129050859,0.056287240994887175,0.03158420789605197,-0.02913927651558836,0.0633221850613155,-0.07337100680429016,-0.06429093145734825,-0.0596470995271595,0.0730865336562488,-0.04664590781532311,-0.2492984277092223,-0.3619651712605236,-0.18258563026179217,-0.10674662668665667,-0.058516895398454616,-0.10847653096528659,-0.02887018029446815,0.014823357551993235,-0.20866489832007074,-0.018613770038057895,-0.11944027986006997,-0.015822857801868297,0.0559720139930035,-0.0015146273017337486
#49,0.7038403874985584,0.4502056663975704,0.19551762580248339,0.2953753892284627,0.257763425979318,0.5887364010302542,0.0882943143812709,1.0,0.8332910467843001,0.5412216968438858,0.6712720562795526,0.6077807250221043,0.6673586283781187,0.23020028447314805,0.17461269365317342,-0.031076769307653865,0.40219121208626457,0.12884327067235612,0.26416791604197903,0.01824472379195018,0.04754545804021067,-0.05806327605428055,0.15542228885557222,0.17195248529581364,0.04766078499211932,0.2582401107138738,0.12988890170299466,0.02060508207434744,0.41491561911352015,0.391504247876062,0.00921077922577173,0.16219582516434092,-0.28601852919694,-0.12090877638104025,0.26520585860915696,0.21410833045015953,-0.18449236920001538,0.08319686310690809,-0.32023988005997,-0.20805750970668513,0.2841348556490985,0.32751316649367623,0.17044554645754045,-0.008572636758543806,-0.10600853419444124,-0.020366739707069544,-0.06942682504901396,0.083835005574136,-0.32729788951678007,-0.1034713412524507,0.12370737708069042,-0.016753161880598163,0.07217929496790067,-0.06431399684772998,0.12038596086572098,-0.2684503901895206,-0.39175027870680046,-0.4222888555722139,-0.5048168223580517,-0.3898204743781955,-0.48919386460615844,-0.42724791450428634,0.23070772306154616,0.2302848575712144,0.12050128781762964,-0.14897935647560834,0.24922154307461653,0.3711298197055318,0.1898973590128013,0.12802060508207436,0.04613078076346442,-0.016307230999884674,0.2977203705839388,0.2711951716449468,-0.14936377964863723,-0.3200322915465344,-0.5591127513166494,-0.6094337446661284,0.5222158151693385,0.39950793833852305,0.2773151885595664,0.36465613347172565,0.3133125744819898,0.4654365125129743,0.29665167416291854,-0.21447737669626726,-0.5190712336139622,0.4432706723561296,0.42614846422942376,0.18732172375350786,0.2615230846115404,-0.1296736247260985,-0.11530388651827932,-0.4102410333294891,-0.24260946449851997,0.07466266866566716,0.029446815054011456,0.15699842386499058,-0.0025295044785299658,0.12661361626878867,-0.05303502095106293,-0.09294583477492023,0.1566908853265675,-0.2768000615077077,-0.3966324530042671,-0.03492868950140315,-0.3483565909353016,-0.4560950294083727,-0.11045246607465498,-0.4681582285780187,-0.23624341675316188
#50,0.7028331987852228,0.468242801676085,0.2353823088455772,0.3230384807596202,0.2671664167916042,0.5476108099796255,0.19791642640218352,0.8332910467843001,1.0,0.4954215200092262,0.7715449967324031,0.6126475223926499,0.598854418944374,0.29278437704224813,0.2747241763733518,-0.006150770768461923,0.4370891477338254,0.18283934955599124,0.24306308384269404,-0.027978318533041172,0.08335832083958021,-0.0684965209702841,0.1996617076077346,0.13101141736823896,0.20522046668973207,0.14619613270287932,0.02546419098143236,-0.08487294814131396,0.40049206166147694,0.2732249259985392,0.07704609233844616,0.1699611732595241,-0.16983046938069427,0.039610963748894785,0.28783300657363625,0.15009418367739208,-0.01530773075000961,0.13618575327720756,-0.28940914158305464,-0.15159343405220466,0.29366086187675394,0.29511398147080303,0.2630530888401953,0.06798908238188597,-0.18665282743243763,0.05724829892745935,-0.10925306577480491,0.014792603698150924,-0.3164417791104448,-0.16358743705070541,0.02712489908891708,-0.09890439395686772,-0.009264598469995772,-0.14570407104140237,0.21107138738323147,-0.2232345365778649,-0.32440702725560294,-0.3329950409410679,-0.5093914581170953,-0.4243724291700304,-0.3962326529043171,-0.34663437512013223,0.24400107638488447,0.3417906431399685,-0.019059700918771384,-0.09464498519970783,0.27626955752892784,0.48418867489332257,0.3515165494175989,0.18565332718256256,0.16105793257217546,0.08076730865336562,0.37057625033637026,0.33359474109099296,-0.05599507938338523,-0.24576942298081728,-0.4766924230192596,-0.4908161303963403,0.552808211278976,0.24473148041363935,0.31874062968515743,0.43588205897051474,0.4388267404759159,0.4154691884826817,0.2901318571483489,-0.23149194633452505,-0.4074808749471418,0.31465036712413025,0.38341598431553453,0.18892861261676855,0.16612462999269595,-0.1297351324337831,-0.1332410717718064,-0.34764925229692845,-0.3018336985353477,0.15422288855572214,-0.10790758466920386,0.10521662245800177,0.0029985007496251873,0.08767154884096413,-0.0446084649982701,-0.008464998270095721,0.15106293007342483,-0.2276246492138546,-0.26289163110752317,-0.06275323876523277,-0.22783992619075077,-0.4372506054664975,0.007427055702917772,-0.3911890208741783,-0.26056971514242877
#51,0.6769384538499981,0.52063968015992,0.6264329373774651,0.5945565678699112,0.12763618190904547,0.3764194825664091,0.3424441625341176,0.5412216968438858,0.4954215200092262,1.0,0.534632683658171,0.3254372813593203,0.42401107138738325,0.22917003036943068,-0.04691500403644332,-0.14063737362088186,0.6785607196401799,0.38983585130511667,0.15515319263445201,-0.1223926498289317,0.02158920539730135,-0.24618460000768846,0.2479452581401607,0.21304732249259986,0.3713835389997309,0.2964287087225618,0.3470879944643063,0.23758120939530236,0.23322185061315495,0.05063622035136278,0.20196055818244724,0.03676623226848114,-0.022873178795217775,-0.010056510206435243,-0.03179948487294814,-0.06649752047053396,-0.1995540691192865,-0.3046707415523008,-0.1997616576327221,-0.13329489101603045,0.14769538307769192,-0.0848960135316957,0.04356283396763157,-0.39073540153000424,0.07976011994002999,-0.2877484334755699,-0.11185945488794065,-0.08631069080844193,-0.03719678622227348,-0.18313919963095376,-0.08757159881597663,-0.13668550340214508,0.09369930419405682,-0.0815899742436474,-0.0694422019759351,-0.3309652865874755,0.06675123976473302,-0.3079844693038096,-0.09207703840387499,-0.06441394687271748,-0.23884211740283703,-0.14752623688155922,0.09482181985930112,0.09493714681120978,0.12097028408872487,0.0189520624303233,0.04879867758428478,0.17331334332833584,0.13775419982316534,0.037212163149194635,0.2763233767731519,0.24523891900203745,-0.019144274016837735,0.3125283512090109,-0.2499827009572137,-0.15499942336524045,-0.2664513896897705,-0.17065313497097606,0.3193864606158459,0.23670472456079653,0.09981163264521585,0.16673970706954216,-0.012132395340791143,0.24046438319301888,0.06717410525506477,-0.15112443778110946,-0.17568907853765425,0.4069888132856649,0.16416407181024872,0.12461461576903855,0.031399684772998114,0.1374543497482028,0.07256371814092953,-0.085672548341214,0.08392726713566294,0.3135432283858071,-0.08439626340675815,0.31257448198977433,0.1499404144081805,-0.07274055280052281,0.09360704263252989,0.3279590973743897,0.16191135201629955,0.11580363664321686,0.03366778149386845,-0.018713720063045402,-0.017637335178564563,-0.30000384423173027,-0.07008803290662362,-0.11209779725521854,0.14236727789951178
#52,0.7289893514781071,0.5409064698420021,0.3920655057086841,0.5118671433514013,0.09768961673009649,0.3133740821896744,0.15092453773113443,0.6712720562795526,0.7715449967324031,0.534632683658171,1.0,0.42248106715872835,0.45800176834659595,0.3111751816399493,0.18667589282281935,-0.026486756621689155,0.5905662553338715,0.27867604659208856,0.14452004766847346,-0.10600853419444124,-0.021858301618421557,-0.16895398454618846,0.10025756352592935,0.0052665974704955215,0.26418329296890014,0.0760158382347288,0.0017452812055510705,-0.08057509706685119,0.29280744243262985,0.23735055549148504,0.06821204782224273,0.11359704763003114,-0.05682543343712759,-0.07527774574251336,0.18835197785722524,0.1137431284357821,-0.012947372467612347,-0.021712220812670588,-0.23721216314919463,-0.019936185753277207,0.23410602391112137,0.30331757198323916,0.1397147580056126,-0.05211240533579364,-0.12377657325183562,-0.06858878253181101,-0.14728789451428131,-0.040918002537192945,-0.3485257371314343,-0.30621612270787685,0.0037827240226040826,-0.1858147849152347,-0.047891438895936646,-0.18439241917502788,0.09511398147080306,-0.1916272632914312,-0.28032137777265215,-0.2635220851112905,-0.3250759235766732,-0.23356783146888094,-0.3369161573059624,-0.2835505324260946,0.2875331564986737,0.3249836620151463,0.005574136008918618,-0.24926767385538,0.20083804251720294,0.46544420097643485,0.37085303502095107,0.2707261753738515,0.30896090416330296,0.1704916772383039,0.32339215007880673,0.24129473724676123,-0.023257601968246645,-0.08704878330065736,-0.3699227309422212,-0.3517395148579556,0.5469880444393188,0.22630992196209587,0.19031253603967246,0.2095644485449583,0.18175527620804982,0.3939876215738285,0.15449198477684234,-0.21494637296736246,-0.3460039211163649,0.2588628762541806,0.3087379387229462,0.17196017375927422,0.04218659900818821,-0.183808095952024,-0.14375888978587628,-0.31397378233959944,-0.25397301349325335,0.3275285434205974,0.0020605082074347443,0.24075654480452083,0.11763349094683427,-0.08830969130819205,-0.0346365278899012,0.23259908507284818,0.12934302079729365,-0.006858109406835044,-0.11894821819859301,-0.07686925767885289,-0.1756045054395879,-0.3333333333333333,0.036558643755045556,-0.2957905662553339,-0.07846845807865298
#53,0.43422135086303004,0.31129819705531847,-0.06540575865913197,0.154753392534502,0.5855995079383385,0.5059700918771384,0.06962672509898897,0.6077807250221043,0.6126475223926499,0.3254372813593203,0.42248106715872835,1.0,0.7835697535847461,0.32556798523815017,0.07079537154499674,-0.1582208895552224,0.1837004574635759,-0.07974474301310883,-0.05863991081382386,-0.007327105677930265,-0.0060277553530926845,-0.1345327336331834,-0.043370622381117135,0.144327836081959,-0.11800253719294199,0.2572329220005382,-0.05071310498596855,-0.142836274170607,0.293968400415177,0.29451428132087804,0.12822050513204936,0.09799715526851958,-0.00399800099950025,0.029354553492484527,0.41104063352938913,0.3375927420904932,-0.19933110367892976,0.0923768884788375,-0.2181370853035021,-0.24073347941413908,0.22537192941990544,0.3300119171183639,0.2792296159612501,0.1199015876677046,-0.08973974551185945,0.041402375735209315,0.01690693114980971,0.11131357398223965,-0.07224849113904586,-0.11451966324530043,-0.001906738938223196,-0.2599546380655826,-0.14655749048552646,-0.3516011225156652,-0.2462076653980702,-0.4775381539999231,-0.367869911198247,-0.390266405258909,-0.28903240687348636,-0.34019913120362893,-0.113235689847384,-0.15072463768115943,0.42382654826432936,0.40761157882597165,-0.06572867412447622,-0.20699650174912543,0.5277130665436512,0.3142505670241802,0.03130742321147119,0.11354322838580709,-0.045769422980817286,-0.09655172413793103,0.24899088917079923,0.20160688886326067,0.00598162457232922,-0.24953677007650021,-0.27211009879675546,-0.4683581286279937,0.347549302271941,0.4379425671779495,0.3904509283819629,0.6482835505324261,0.20168377349786645,0.5287279437204475,0.5909276131165186,0.06339906969592127,-0.22773997616576327,0.5023180717333641,0.370199515626802,0.4813823857302118,0.4118709875831315,0.121331641871372,0.13791565755583746,-0.14635759043555147,-0.2533502479529466,-0.07337869526775075,-0.15160881097912582,0.026955752892784377,-0.11491177488178987,0.226271479644793,-0.02754776457924884,-0.01746818898243186,-0.005920116864644601,-0.08671049090839196,-0.13906892707492408,0.11787952177757276,-0.1371929419905432,-0.14511974781839848,0.099081228616461,-0.11477338253949948,-0.20277553530926845
#54,0.4886710490908392,0.3916657056087341,0.06312228501134048,0.26330680813439433,0.4186445238919002,0.42499519471033714,0.194833352554492,0.6673586283781187,0.598854418944374,0.42401107138738325,0.45800176834659595,0.7835697535847461,1.0,0.4631837927190251,0.07579287279437205,-0.05068235113212625,0.3013416368738708,-0.04290931457348249,-0.12216199592511437,0.017053011955560683,-0.023057701918271632,-0.186191519624803,-0.03182255026332988,0.08346595932802829,-0.17162188136700882,0.23255295429208472,-0.0267097220620459,-0.08930919155806712,0.41217083765809404,0.5072925075923577,0.05882443393687772,0.0821358551493484,-0.02261945950101872,-0.020628147464729175,0.4637988697958713,0.3694152923538231,-0.17645792488371198,0.08706416022757851,-0.17929496790066504,-0.15473032714412024,0.20270633913812325,0.32601391611886366,0.13329489101603045,0.04027986006996502,-0.11334332833583208,-0.11995540691192864,-0.01516164994425864,0.1376234959443355,-0.0692730557798024,-0.03065390381732211,0.08301233998385422,-0.14460462076653982,-0.07086456771614193,-0.1738361588436551,-0.12293853073463268,-0.372928920155307,-0.3960865720985661,-0.33464806058509206,-0.34776457924883714,-0.4504901395456118,-0.22497212931995542,-0.2529350709260754,0.4425787106446777,0.393395609887364,0.10302541037173721,-0.2507284819128897,0.488601852919694,0.307123361396225,0.12862799369545996,0.19773959174259023,0.09004728405028255,0.03500557413600892,0.30528581862914694,0.37561988236650906,0.10985276592472994,-0.11744896782378042,-0.2825740975666013,-0.4468765617191404,0.46456002767846843,0.47898358513051165,0.46548264329373773,0.5824164840656595,0.15719063545150502,0.6324991350478607,0.4754007611578826,-0.0180678891323569,-0.3717141429285357,0.6282858570714642,0.46377580440548954,0.3876446392188521,0.386445238919002,-0.057102218121708376,0.0038980509745127436,-0.3086456771614193,-0.3904970591627263,-0.1315726752008611,-0.12598316226502135,0.014677276746242264,-0.19028178218583017,0.2244262484142544,0.004897551224387806,-0.08341982854726483,0.09755891285126668,-0.03220697343635874,-0.20773459424134086,0.1309960404413178,-0.1810171837158344,-0.19827778418483066,0.11029869680544344,-0.36106562103563605,-0.34094491215930495
#58,0.14086802752469918,0.013931495790566255,0.11661861377003806,0.29872755929727446,0.23618959750893784,0.18653750048052897,0.25329642870872254,0.23020028447314805,0.29278437704224813,0.22917003036943068,0.3111751816399493,0.32556798523815017,0.4631837927190251,1.0,0.21889055472263869,0.08093645484949832,0.2005766347595433,0.11070618536885403,-0.33984546188444237,-0.06994195210087265,-0.1110598546880406,-0.31120593549379155,-0.20252950447852996,-0.2238188598008688,-0.17269826625148965,-0.23026948064429323,-0.18569945796332604,-0.36171145196632454,0.17405912428401185,0.2786991119824703,0.09424518509975781,0.01087148733325645,0.07474724176373351,-0.004336293391765655,0.3744435474570407,0.4662822434936378,0.045031330488601855,0.1364087187175643,-0.14365893976088878,-0.10188751777957175,-0.019828547264829122,0.3073463268365817,-0.20116864644600777,0.11715680621227847,-0.15204705339637872,0.012163149194633453,-0.1477722677122977,-0.16469457578902857,-0.08123630492446085,-0.07149502171990928,0.015423057701918272,-0.2030676969207704,-0.01842155845154346,-0.3529773574751086,-0.2723023103832699,-0.2721331641871372,-0.21094068350440165,-0.10585476492522969,0.07583131511167493,-0.18146311459654788,0.047476261869065464,0.10899165801714528,0.7541844462384193,0.49223849613654713,0.010410179525621805,-0.12696728558797524,0.7322031292046285,0.3003036943066928,0.3166647445508015,0.6224810671587283,0.39709376081190173,0.2556029677468958,0.34248260485142046,0.22079729366086187,0.25332718256256487,0.26952677507400147,0.009279975396916926,-0.02523353707761504,0.35213162649444507,0.3167800715027102,0.010710029600584323,0.11917118363894975,-0.19008957059931572,0.26432937377465116,0.3006881174797217,0.146711259754738,0.0010610079575596816,0.23082305001345482,-0.030146465228924,0.0024679967708453464,-0.08020605082074347,-0.15337715757505863,-0.11872525275823627,-0.09461423134586552,-0.16399492561411602,-0.11734132933533234,0.0460000768846346,0.18683735055549147,-0.15799792411486566,-0.0663821935186253,0.027647714604236342,0.059124284011840236,0.06884250182601007,0.19931572675200862,0.05504170991427363,-0.0074962518740629685,-0.01033329489101603,0.028401184023372928,0.10640064583093069,-0.06455233921500789,-0.11292046284550032
#101,-0.02872409948871718,-0.04487756121939031,-0.16405643332180064,-0.036174220582016685,-0.11752585245838619,0.11557298273939953,0.17778802906239188,0.17461269365317342,0.2747241763733518,-0.04691500403644332,0.18667589282281935,0.07079537154499674,0.07579287279437205,0.21889055472263869,1.0,0.5126436781609195,-0.03762734017606581,-0.023611271287433205,0.28520355207011877,-0.15340022296544037,0.11683389074693422,0.042032829738976665,-0.09310729250759235,-0.2445392688271249,0.1743820397493561,-0.1830546265328874,-0.15569138507669242,-0.3525621804482374,0.29186176142697884,-0.07304040287548533,0.02332679813939184,0.3148348902471841,-0.15047091838696036,0.09413754661130973,0.016722408026755852,0.11490408641832929,0.33356398723715064,0.40828047514704185,-0.26472917387460115,-0.14713412524506977,-0.08794833352554492,0.06615153961480798,0.06258409256910007,0.23166878099411833,-0.3195248529581363,0.057071464267866065,-0.12430707723061546,-0.16661669165417292,-0.3185791719524853,-0.2051051397378234,-0.1650251797178334,-0.23507477030715412,-0.1304578479990774,-0.29110060354438166,0.3246991888671049,-0.008749471418137086,-0.34472763618190905,-0.09911198247030331,-0.22507207934494292,-0.36916157305962405,-0.22700957213700843,-0.14911774881789874,0.20991042940068427,0.3857071464267866,-0.08661822934686503,-0.2834582708645677,0.13295659862376505,0.45739437973321034,0.4564794525814016,0.3083688924768385,0.1806712028601084,0.09080075346941914,0.615738284703802,0.14068350440164534,0.23879598662207357,0.11312036289547533,-0.13741590743089993,-0.14939453350247953,0.5197324414715719,0.09522161995925114,0.028754853342559488,-0.11928651059085842,0.389574443547457,-0.015123207626955753,-0.1200707338638373,-0.172236958443855,-0.1727059547149502,-0.1433514012224657,-0.2552185445738669,-0.35088609541383153,-0.33251835620651216,-0.42170453234921,-0.43063852689040094,-0.2762541806020067,-0.23346788144389344,0.017791104447776113,0.03801945181255526,-0.24307077230615462,-0.40854957136816206,-0.24061046399876984,-0.24496213431745667,-0.14071425825548764,0.14653442509514475,-0.29505247376311844,-0.04826817360550494,-0.20120708876331064,-0.1380386729712067,-0.2855725983162265,-0.043993387921423904,-0.2536193441740668,-0.30886095413831544
#102,-0.2045285049782801,0.02292699803944182,-0.06984200207588513,-0.021858301618421557,-0.12249259985391919,-0.11817937185253527,0.32409948871717986,-0.031076769307653865,-0.006150770768461923,-0.14063737362088186,-0.026486756621689155,-0.1582208895552224,-0.05068235113212625,0.08093645484949832,0.5126436781609195,1.0,-0.17381309345327337,-0.1244300926459847,0.3283819628647215,0.17073001960558182,-0.11562680198362357,0.4723715065544151,-0.12924307077230615,0.056687041094837194,0.012785914734940222,0.014369738207819168,-0.3599507938338523,-0.4099719371083689,0.08554953292584477,0.03628954753392535,-0.2410025756352593,-0.11485795563756583,-0.32253873063468264,-0.352369968861723,-0.09689770499365702,0.07500864952139315,0.12821281666858877,0.03608195902048975,-0.15538384653826934,-0.0731864836812363,0.15845923192250028,0.07683081536155,-0.06890400953369469,0.2537192941990543,-0.40052281551531926,0.00014608080575097068,-0.42360358282397265,-0.45880905700995656,-0.4480375197016876,-0.2732249259985392,-0.18743705070541652,-0.08848652596778533,-0.24277861069465267,-0.04273247991388921,0.14132933533233383,0.2608772536808519,-0.3643101526159997,0.14377426671279744,-0.318202437242917,-0.4558028677968708,-0.011694152923538231,0.040971821781416985,0.1317187560066121,0.4891169799715527,0.09225387306346827,-0.018398493061161727,-0.05829392995809787,0.5460269865067466,0.4375658324683812,0.4331987852227732,0.2642371122131242,0.1385538000230654,0.4906469842002076,-0.03099988467304809,0.2676661669165417,0.22002075885134356,0.09427593895360012,0.0622996194210587,0.36174220582016686,0.17858762926229194,0.00032291546534425093,-0.05907815323107677,0.08384269403759659,0.17892592165455734,0.008095952023988006,0.03629723599738592,-0.08537269826625149,0.10281782185830161,-0.02587936800830354,-0.11181332410717718,-0.20546649752047053,-0.28049821243224543,-0.45350401722215816,-0.2465459577903356,-0.3184407796101949,-0.01886748933225695,0.15313112674432014,-0.4379425671779495,-0.4593626263791181,-0.30331757198323916,-0.22196594010686965,-0.27600046130780764,-0.1348787144889094,-0.2833275669857379,-0.038788298158613004,-0.23666628224349365,-0.27827624649213856,0.017375927420904932,0.07833775419982317,-0.14741859839311114,-0.30941452350747706
#201,0.6613923807327106,0.3989543689693615,0.6681197862607158,0.6363203013877676,-0.011809479875446892,0.17324414715719064,0.14671894821819859,0.40219121208626457,0.4370891477338254,0.6785607196401799,0.5905662553338715,0.1837004574635759,0.3013416368738708,0.2005766347595433,-0.03762734017606581,-0.17381309345327337,1.0,0.5475262368815592,0.10560104563103064,-0.22285011340483604,-0.1953715449967324,-0.3791565755583747,0.14784915234690346,-0.18104024910621613,0.31392765155883595,0.09420674278245493,0.24584630761542306,0.25245069772805906,0.29439895436896935,0.17617345173567062,0.2665128973974551,-0.02481067158728328,0.08780225271979394,-0.11377388228962441,-0.038242417252912005,-0.15129358397724216,-0.060100718871333565,-0.18896705493407143,-0.10673124975973551,-0.020328297389766655,0.1060931072925076,0.04681505401145581,-0.1239226540575866,-0.2361665321185561,-0.14647291738746013,-0.4179294967900665,0.07108753315649867,0.13122669434513512,0.0028831737977165262,-0.05967016491754123,0.1987390919924653,0.033798485372698264,0.2113327951408911,0.05176642448006766,-0.08275862068965517,-0.19472571406604391,-0.1729212316918464,-0.3573982239649406,-0.11930188751777958,-0.07705378080190674,-0.05667935263137662,-0.022827048014454312,0.13673932264636912,0.12983508245877062,0.2570253334871026,-0.08059047399377234,0.02332679813939184,0.23815784415484564,0.3032945065928574,0.18481528466535962,0.4059201168646446,0.3721985161265521,0.008564948295083228,0.36244954445853994,-0.2525660246799677,-0.013785414984815284,-0.17440510513973784,-0.0660439011263599,0.36207280974897166,0.18987429362241956,0.11691846384500057,0.005343482105101296,-0.007596201899050475,0.18453081151731826,-0.0050590089570599316,-0.08176680890324069,-0.07838388498058663,0.317656556337216,0.11077538153999923,0.14699573290277937,-0.19950793833852304,-0.06355283896513282,-0.20371352785145888,-0.04628455003267597,0.07005727905278131,0.3710760004613078,0.08403490562411102,0.51225156652443,0.28873255679852383,0.02816284165609503,0.21321646868873256,0.5081459270364818,0.2766232268481144,0.2637758044054896,-0.01631491946334525,0.08687963710452466,-0.06436012762849344,-0.15228539576365663,-0.018252412255410758,-0.0650905316572483,0.06585937800330605
