,#10,#11,#12,#13,#17,#18,#26,#49,#50,#51,#52,#53,#54,#58,#101,#102,#201,#202,#301,#302,#401,#402,#501,#502,#601,#602,#701,#702,#801,#802,#901,#902,#1001,#1002,#1101,#1102,#1201,#1202,#1301,#1302,#1401,#1402,#1501,#1502,#1601,#1602,#1701,#1702,#1801,#1802,#1901,#1902,#2001,#2002,#2101,#2102,#2201,#2202,#2301,#2302,#2401,#2402,#2501,#2502,#2601,#2602,#2701,#2702,#2801,#2802,#2901,#2902,#3001,#3002,#3101,#3102,#3201,#3202,#3301,#3302,#3401,#3402,#3455,#3501,#3502,#3601,#3602,#3701,#3702,#3801,#3802,#3901,#3902,#4001,#4002,#4101,#4102,#4201,#4202,#4301,#4302,#4401,#4402,#4501,#4502,#4601,#4602,#4701,#4702,#4801,#4802
#10,1.0,0.19936185753277208,0.3892515280821128,0.48852496828508823,0.30290239495636795,0.4549725137431284,0.2339906969592127,0.43525929343020797,-0.1372852035520701,0.4543881905201246,0.5093991465805559,0.35347710760004614,0.2704955214700342,0.06788144389343789,-0.16933071925575674,-0.019997693460961828,0.2564410102640987,0.09333025794794911,-0.1442663283742744,-0.1454887940645062,-0.1324260946449852,0.04454695729058548,-0.05275054780302157,0.03831930188751778,-0.2747318648368124,0.11427363241456195,0.04839887748433475,0.1103448275862069,0.1470495521470034,0.10396340291392765,0.03091531157498174,0.04163302963902664,0.12649060085341945,0.23379079690923768,-0.056417944873716985,0.1500864952139315,-0.06579787029562142,0.11128282012839734,-0.11556529427593895,0.1740437473570907,0.13216468688732558,0.04896013531695691,-0.09910429400684273,-0.022165840156844654,0.009341483104601546,0.14043747357090686,0.15932033983008495,0.19132741321646868,0.2005151270518587,0.04708415023257602,0.06096951524237881,0.04498519970783839,0.05182793218775228,0.13400991811786414,-0.20073809249221544,-0.025871679544842964,-0.1913889209241533,-0.1846538269326875,-0.14792603698150925,0.05146657440510514,-0.059777803405989316,-0.13299504094106793,0.028931688002152768,0.06340675815938185,0.23149963479798563,0.1333102679429516,0.1529081613039634,0.1093222619459501,-0.09212316918463845,-0.006266097720370584,0.08106715872832815,0.17847999077384386,0.005574136008918618,0.009126206127705379,-0.013516318763695075,-0.049252296928458845,-0.17833390996809287,-0.10357897974089877,-0.006096951524237881,-0.022019759351093685,0.1506246876561719,0.28896321070234116,,0.11965555683696613,0.3344327836081959,-0.037242917003036946,-0.060485142044362436,0.1856071964017991,0.23049244608464997,0.11866374505055165,0.0731864836812363,-0.026225348864029524,0.1151424287856072,-0.07598508438088648,-0.07236381809095452,0.05581824472379195,-0.030154153692384576,0.18180140698881328,0.16622458001768348,0.22016683965709452,0.30825356552492983,0.2528351209010879,0.1923115365394226,0.16902318071733363,0.15973551685695614,0.23843462883942643,0.28174374351285897,-0.042332679813939185,-0.07886056971514242,-0.09107753815399992,-0.005720216814669588
#11,0.19936185753277208,1.0,0.5360550493983778,0.34652673663168415,-0.07340944912159304,0.2597009187713835,0.4554491984776842,0.06818129396840042,0.29739745511859456,0.48391189020874176,0.31308192057817247,0.11508860954138316,0.29140814208280474,0.1560066120785761,-0.16197285972398417,0.11759504862953139,0.39453350247952945,0.3449659785491869,-0.23080767308653366,-0.07025717910275632,-0.1535924345519548,0.16448698727559297,0.19358782147387846,0.12502210433244915,0.12456079652481451,0.2350440164533118,0.0927151808711029,-0.046853496328758695,-0.1412755160881098,-0.1302887018029447,0.034267481643793486,-0.3059854688040595,0.21862914696497904,0.15912812824357053,-0.1413062699419521,-0.26765078998962055,-0.21358551493484026,-0.1684926767385538,-0.08347364779148887,0.21373159574059125,-0.2855341559989236,-0.09964248644908315,-0.38119401837542766,-0.3372544496982278,-0.13747741513858455,-0.13339484104101795,-0.054019144274016835,-0.2917003036943067,-0.0940452850497828,-0.13076538653750047,-0.011571137508168992,0.012947372467612347,0.05760196824664591,0.266351439664783,0.04115634490447084,0.0361357782647138,-0.013154960981047938,-0.05861684542344212,-0.007811478875946642,0.32990427862991584,0.06871179794718026,0.14873332564486988,-0.3019951562680198,0.1450505516472533,0.03645869373005805,0.250905316572483,0.20362126628993196,0.19845461884442395,0.14002229654403567,0.18350824587706147,0.26469842002075883,0.28630300234498135,-0.28146695882827816,0.056071964017991006,-0.34621150962980046,-0.2467843001576135,-0.25244300926459845,-0.07330949909660554,0.02591012186214585,0.14741090992965056,-0.08023680467458578,-0.17092223119209626,,-0.01873678545342713,-0.10583169953484796,0.09020874178295468,0.23349094683427518,-0.25191250528581866,-0.22860877253680853,-0.2156844654595779,-0.13298735247760735,0.11800253719294199,0.15410756160381348,0.14219813170337908,0.1648175912043978,0.20099181178641448,0.22662514896397956,0.323369084688425,0.17538922846269173,0.1097989466805059,0.07799177334409718,0.15043247606965748,0.27643101526159997,0.24709952715949718,0.09379925421904432,0.18630684657671165,0.2382501057163726,-0.08742551801022566,-0.07446276861569215,0.0775074001460808,0.24983662015146274
#12,0.3892515280821128,0.5360550493983778,1.0,0.7468112097797255,-0.0557336716257256,0.5377849536770076,0.2637988697958713,0.17348248952446854,-0.07592357667320186,0.5552377657325184,0.26755852842809363,0.12979664014146772,0.31577288278937454,-0.022281167108753316,-0.2852343059239611,0.047099527159497175,0.673301810633145,0.6371890977588129,-0.2844885249682851,-0.30790758466920387,-0.3935647560834967,-0.009756660131472725,-0.09382231960942605,-0.00015376926921154807,-0.21911352016299543,0.11964017991004498,0.2153154192134702,0.21734517356706262,-0.04717641179410295,0.08675662168915542,0.09337638872871257,-0.03896513281820628,0.45680236804674584,0.0030215661400069195,-0.3183408295852074,-0.07529312266943451,-0.47066466766616694,-0.14970976050436322,-0.4222888555722139,0.012293853073463269,-0.30066505208933997,0.011932495290816131,-0.5022796294160612,-0.32015530696190364,-0.3960327528543421,-0.22404182524122554,0.22597162956983047,0.08361972859723985,0.2190520124553108,-0.09998077884134855,0.027294045285049782,0.1970399415676777,0.07523930342521047,0.4405258909007035,-0.1553607811478876,-0.0945219697843386,-0.16201899050474763,-0.274993272594472,-0.23153038865182793,0.05519547918348518,0.23608195902048976,0.03123822704032599,-0.2659823934186753,0.2579171952485296,0.35044016453311805,0.3076000461307808,0.16432552954292085,-0.03697382078191674,0.21311651866374506,0.3423365240456695,0.5941721446968823,0.6220582016683965,0.13190327912966593,0.3067389382231961,-0.16823126898089416,0.23186868104409333,-0.09978856725483412,0.12556029677468958,-0.08738707569292277,0.12727482412639834,0.07064160227578518,0.058493830008072886,,-0.04605389612885865,-0.02359589436051205,0.07152577557375159,0.08813285664859878,-0.0617229846615154,-0.06598239341867528,-0.05641025641025641,-0.12832814362049744,0.009848921692999654,0.043831930188751776,0.010556260331372774,-0.02874716487909891,0.38110175681390074,0.03604351670318687,0.5661861377003806,0.42243493637796486,0.46557490485526465,0.56071964017991,0.5115288509591358,0.419067389382232,0.5177718832891247,0.33663168415792105,0.5908199746280706,0.5531695690616231,0.0918310075731365,0.11192096259562527,-0.029246915004036443,0.05804021066389882
#13,0.48852496828508823,0.34652673663168415,0.7468112097797255,1.0,-0.07649252296928459,0.4261715296198055,0.18440010763848844,0.15704455464575404,-0.2093645484949833,0.6226117710375582,0.294260562026679,0.2280013839234229,0.17953331026794295,-0.062461077153730823,-0.139707069542152,0.14854880252181601,0.4990043439818552,0.36065044400876484,-0.15649867374005305,-0.3003113827701534,-0.1308960904163303,0.0422942374966363,0.010548571867912198,0.19780878791373543,-0.15021719909276132,0.21589974243647406,0.13163418290854573,0.0927536231884058,0.018467689232306923,0.19134279014338984,-0.12263868065967017,0.0625687156421789,0.2679121977472802,0.10451697228308922,-0.12358436166532119,0.1717295198554569,-0.2670280244493138,0.09745896282627917,-0.1529081613039634,0.11155960481297812,-0.12569868911697998,0.15962787836850806,-0.4210048821742975,-0.19569446046207664,-0.21284742244262483,-0.0408641832929689,0.11281282435705224,0.1295044785299658,0.13947641563833468,-0.0531811017568139,0.05902433398685273,0.09127743820397494,0.02209664398569946,0.29273824626148465,-0.05488025218160151,0.06253796178833661,-0.09865067466266866,-0.11143658939760889,-0.3229385307346327,-0.0769615192403798,0.21766808903240686,-0.045769422980817286,-0.04925998539191943,0.3154499673240303,0.1947564679198862,0.17297505093607043,0.2851727982162765,0.0977203705839388,0.16524045669472956,0.3151424287856072,0.37149886595163956,0.4141621496943836,0.1408987813785415,0.1598815976627071,0.03985699457963326,0.2575020182216584,0.03888824818360051,0.10504747626186907,0.04194056817744974,0.15210087264060276,0.054295928958597625,0.09330719255756736,,-0.04932918156306462,0.032683658170914544,-0.1291277438203975,-0.026517510475531466,0.04414715719063545,0.04757621189405297,-0.050697728059047396,-0.1525621804482374,-0.17804174835659092,-0.10116480221427748,-0.23085380386729712,-0.28531119055856685,0.33838465382693267,0.1709760504363203,0.298189366855034,0.29856610156460234,0.3244224041825241,0.5177180640449006,0.3675085534155999,0.24008764848345057,0.3487179487179487,0.28616461000269094,0.44357821089455274,0.5227770730019605,0.1568139007419367,0.05564909852765925,-0.0747164879098912,-0.14072194671894822
#17,0.30290239495636795,-0.07340944912159304,-0.0557336716257256,-0.07649252296928459,1.0,0.22199669396071195,-0.12785145888594165,0.2903625110521662,0.21965171260523583,-0.11688002152769769,0.044700726559797024,0.5805943182255027,-0.14459693230307924,-0.05859378003306039,-0.05345019797793411,-0.2064275554530427,0.028716411025256603,-0.1355629877369008,-0.017806481374697265,-0.19839311113673933,-0.1120439780109945,-0.1974781839849306,0.09023949563679699,0.022650213354861032,-0.060154538115557606,0.007596201899050475,-0.11540383654326683,-0.11588052127782263,0.3861607657709607,0.34231345865528773,0.3178795217775727,0.3555376158074809,-0.012316918463845,0.1781186329911967,0.33417906431399685,0.35133971475800563,0.21668396570945297,0.19871602660208357,0.1094914081420828,0.15463806558259333,0.11087533156498673,-0.026901933648560337,0.18750624687656173,0.000722715565294276,0.23908045977011494,0.2781686080036905,0.04839118902087418,0.007419367239457194,0.0013608580325222004,-0.13620881866758927,-0.06142313458655288,-0.18520739630184907,-0.16058124783761965,-0.20891861761426977,-0.19516395648329682,-0.1175566063122285,-0.1568907853765425,-0.25023642025141274,0.2010533194940991,0.12224656902318072,0.020512820512820513,0.056256487141044864,0.030369430669280745,-0.2852958136316457,-0.03612808980125322,-0.16118863645100526,0.17636566332218506,-0.07753815399992312,-0.03473647791488871,-0.08598008687963711,-0.05578749086994964,-0.07177949486795064,-0.03392150078806751,-0.11692615230846115,0.012370737708069042,-0.024564640756544805,-0.08675662168915542,-0.12850497828009072,0.05468804059508707,0.08342751701072541,0.2204820666589782,0.217429746665129,,0.4255872063968016,0.5921270134163688,0.2083035405374236,0.10410179525621804,0.22127397839541768,-0.061107907584669205,0.39919271133663936,0.35323107676930765,0.3358935916657056,0.39198862107407834,0.18221658401568447,0.29236151155191636,-0.08621074078345442,0.0011302041287048782,-0.09100065351939415,-0.11451966324530043,-0.041133279514089106,-0.13459424134086803,0.04634605774036059,0.15578364663821936,-0.13257217545073616,-0.04666897320570484,-0.1136431784107946,-0.018144773766962673,0.05060546649752047,0.11029869680544344,-0.031192096259562527,0.09615192403798101
#18,0.4549725137431284,0.2597009187713835,0.5377849536770076,0.4261715296198055,0.22199669396071195,1.0,0.19252681351631876,0.15561450044208666,0.04522354207511629,0.24608464998270096,0.24826048514204435,0.3832775919732441,0.40415945873217235,-0.08719486410640834,-0.2336524045669473,0.04450851497328259,0.3489024718410026,0.22516434090646983,-0.3424595394610387,-0.14254411255910507,-0.38415407680775,-0.00029216161150194135,0.11794871794871795,0.0829892745934725,-0.111398147080306,0.05967016491754123,-0.07057240610463998,0.1585899358013301,0.16187290969899665,0.30011917118363896,-0.14671894821819859,-0.019713220312920464,0.1264060277553531,-0.02816284165609503,0.011855610656210356,0.1703302195056318,-0.2567946795832853,-0.056010456310306385,-0.1496098104793757,0.1551224387806097,-0.03547457040710414,-0.06599008188213586,-0.06055433821550763,-0.011617268288932456,0.03746588244339369,0.1737746511359705,0.1802637142966978,0.1282051282051282,-0.01690693114980971,-0.026094644985199707,-0.03468265867066467,0.13255679852381502,-0.07688463460577404,0.15591435051704916,-0.190612386114635,-0.1383538999730904,-0.20808826356052743,-0.15237765732518357,0.0173528620305232,0.18320839580209894,0.0396724714565794,-0.056417944873716985,-0.22083573597816478,0.1879214239034329,0.029723599738592243,-0.013777726521354706,0.20410563948794833,0.04264021835236228,-0.007273286433706224,0.13686233806173836,0.19917733440971822,0.18597624264790683,-0.10376350286395264,-0.09546765078998962,-0.20189136201130203,-0.06446007765348095,-0.09240764233267981,-0.09198477684234806,0.1111905585668704,0.2836658593780033,0.25251220543574365,0.3820320608926306,,0.13524007227155652,0.24819897743435973,-0.02105101295506093,0.031984007996002,0.16544804520816514,-0.09794333602429554,0.044816053511705686,0.24583861915196248,0.13493253373313344,0.334340522046669,-0.03229923499788567,0.06889632107023412,0.2239188098258563,0.0726790450928382,0.2703648175912044,0.27327874524276324,0.17353630876869258,0.18138622996194212,0.1674086033906124,0.14428170530119555,0.06920385960865721,0.09123899588667204,0.16111944027986008,0.2190827663091531,-0.02368815592203898,0.14300542036673972,-0.09304578479990774,0.028585707146426786
#26,0.2339906969592127,0.4554491984776842,0.2637988697958713,0.18440010763848844,-0.12785145888594165,0.19252681351631876,1.0,0.12682889324568486,0.09539845461884443,0.44967516241879063,0.5538230884557721,0.15054011455810556,0.525898589166955,0.556644754545804,0.012224656902318071,0.26687425518010227,0.22754776457924883,0.053634721100987964,-0.21027178718333142,0.09752815899742437,-0.04876792373044247,0.1183715834390497,0.16871564217891055,-0.015676776996117327,-0.017929496790066505,0.15872063968015993,0.0946219198093261,-0.11440433629339176,-0.13311805635643717,-0.030546265328874025,-0.11550378656825433,-0.16220351362780147,0.11699534847960635,0.11577288278937455,-0.23047706915772884,-0.06598239341867528,-0.07513935340022297,-0.2175912043978011,-0.051512705185868604,0.04204820666589782,0.13101910583169954,-0.08199746280705801,0.05218928997039941,0.0648521892899704,0.10045746357590435,0.12029369930419406,-0.09246146157690385,-0.3255449198477684,0.07786875792872794,-0.15619882366509052,-0.03370622381117134,-0.08887094914081421,0.03220697343635874,0.01098681428516511,-0.13601660708107485,-0.2345058240110714,-0.028670280244493137,-0.04936762388036751,0.1291892515280821,0.16838503825010573,-0.05286587475493023,-0.1323953407911429,0.04146388344289394,0.257363625879368,-0.027501633798485373,0.030200284473148042,0.32560642755545305,0.5620189905047476,-0.01904432399185023,0.06798908238188597,0.10094952523738131,0.1600891861761427,-0.16286472148541115,-0.10999884673048091,-0.10823050013454812,-0.16261100219121208,-0.18299311882520278,-0.14912543728135932,0.2613154960981048,0.24257871064467765,-0.20355207011878676,0.06803521316264945,,-0.19800099950024988,-0.0017837235228539577,-0.1959866220735786,-0.041325491100603545,-0.10781532310767693,0.11761811401991312,-0.09466805059008956,0.05883981086379887,0.014008380425172029,0.20835735978164763,0.011763349094683427,0.08484219428747165,0.0717256756237266,0.11771806404490062,0.12714412024756852,-0.19783954176757776,0.16695498404643833,0.09202321915965095,-0.014638834428939377,-0.000399800099950025,-0.014492753623188406,-0.20575865913197247,0.14531195940491293,0.08233575519932342,-0.09680544343213009,-0.09148502671741053,0.1821089455272364,0.23592050128781764
#49,0.43525929343020797,0.06818129396840042,0.17348248952446854,0.15704455464575404,0.2903625110521662,0.15561450044208666,0.12682889324568486,1.0,0.24949832775919734,0.1828854803367547,0.38113251066774306,0.5221927497789567,0.2449775112443778,0.1686695113981471,-0.2454849498327759,-0.2546803521316265,0.15318494598854418,0.3134740322146619,-0.37588897858762926,-0.35915119363395226,-0.2397109137738823,-0.09790489370699265,-0.07642332679813939,-0.21826778918233192,-0.16627839926190752,-0.033752354591934805,0.16024295544535425,0.18140929535232383,0.256125783262215,-0.043370622381117135,0.1354630377119133,0.2711105985468804,0.3334102179679391,0.1391996309537539,-0.05299657863376004,0.11578057125283513,-0.02138161688386576,-0.15285434205973936,-0.20179910044977512,-0.07044939068927075,0.045300426709722064,-0.2324222504132549,-0.09618267789182332,-0.2636143466728174,-0.012255410756160382,-0.11230538576865413,0.32648291238995886,0.1741129435282359,0.18512282320378273,-0.002775535309268443,0.16557106062353438,0.0950986045438819,0.057732672125475726,0.15558374658824434,-0.29811248222042824,-0.29931188252027835,-0.23736593241840617,-0.34258255487640793,0.025602583323722755,-0.006858109406835044,0.1650559335716757,0.04112559105062853,-0.23548994733402528,-0.21495406143082305,0.2084726867335563,-0.07472417637335178,0.07157959481797563,-0.047153346403721215,-0.1904047976011994,-0.305339637873371,0.031438127090301006,0.005197401299350325,0.06612847422442625,-0.0023526698189366853,-0.15335409218467688,0.008703340637373621,-0.09651328182062814,-0.014923307576980741,-0.20014608080575097,-0.2739168877099912,0.03082305001345481,0.2958751393534002,,0.27309422211970935,0.342836274170607,0.23237611963249144,0.21301656863875754,0.3560758082497213,0.06580555875908199,0.22484911390458617,0.1310959904663053,0.27134125245069773,0.20293699304194057,0.09346096182677892,0.13080382885480338,0.09746665128973975,-0.1545765578749087,0.3063545150501672,0.239334179064314,0.1894898704493907,0.17416676277245993,0.32805135893591664,0.23532848960135316,0.11333563987237151,0.07981393918425403,0.25874754930227195,0.27926805827855306,0.019943874216737784,0.09708222811671087,0.050643908814823356,0.15709068542651752
#50,-0.1372852035520701,0.29739745511859456,-0.07592357667320186,-0.2093645484949833,0.21965171260523583,0.04522354207511629,0.09539845461884443,0.24949832775919734,1.0,0.022519509476031215,0.16499442586399107,0.3163725829392996,0.18113251066774305,0.0919386460615846,0.02567177949486795,-0.10036520201437743,0.1738669126974974,0.22832429938876717,-0.15374620382116633,-0.19970014992503748,-0.038680659670164916,0.045877061469265366,0.30841502325760195,-0.046415253911505784,0.2237881059470265,0.06223811171337408,0.011056010456310307,-0.11069849690539346,0.14847191788721023,-0.14011455810556261,0.45196632453004265,0.01430054203667397,0.2063276054280552,-0.03073847691538846,0.04624610771537308,-0.19753200322915465,0.08701034098335447,-0.17506631299734748,0.03754276707799946,-0.033483258370814596,-0.06801214777226772,-0.12678276246492137,-0.06343751201322416,-0.27746126936531734,0.10493983777342099,-0.056425633337177566,0.0698189366855034,-0.18721408526505978,-0.08488832506823511,-0.14644985199707838,0.01447737669626725,-0.07786106946526737,-0.017314419713220314,-0.002667896820820359,-0.03844231730288702,-0.20723484411640333,-0.1642717102986968,-0.2825125898589167,0.22202744781455427,0.21613039634029138,-0.08025218160150693,0.04384730711567293,-0.26398339291892514,-0.3707069542152001,-0.004351670318686811,-0.1304501595356168,-0.060262176604005686,0.015315419213470188,0.0536577864913697,-0.12168531119055857,0.06384500057663475,-0.036197285972398414,-0.13431745665628725,0.016868488832506825,-0.34664206358359284,-0.2984200207588513,-0.23194556567869912,-0.16853880751931727,0.16721639180409795,0.007419367239457194,-0.025933187252527582,-0.1261984392419175,,0.14973282589474493,0.05439587898358513,0.2740014608080575,0.14086802752469918,-0.10935301579979241,-0.22770922231192095,-0.007796101949025487,0.02786299158113251,0.3112597547380156,0.2721869834313612,0.27327105677930263,0.3698919770883789,0.11668012147772268,0.06233037327490101,0.2516741629185407,-0.016053511705685617,0.11553454042209664,-0.11872525275823627,0.24860646599777034,0.04631530388651828,0.045192788221273976,-0.11199784723023104,0.02715565294275939,-0.09632107023411371,-0.18320839580209894,0.04417022258101718,0.09663629723599738,0.1795486871948641
#51,0.4543881905201246,0.48391189020874176,0.5552377657325184,0.6226117710375582,-0.11688002152769769,0.24608464998270096,0.44967516241879063,0.1828854803367547,0.022519509476031215,1.0,0.4622381117133741,0.2755699073540153,0.4537192941990543,0.24155614500442088,-0.19670933763887288,-0.12550647753046554,0.5152500672740553,0.31712605235843616,-0.25567985238150154,-0.23645100526659746,0.027055702917771884,0.08029062391880983,0.21396993810786913,0.07197939491792565,0.10723099988467305,0.38969745896282626,0.2871026025448814,0.1295352323838081,-0.1279052781301657,-0.060808057509706685,0.11276669357628878,-0.039910813823857305,0.344673816937685,0.3470956829277669,-0.16273401760658132,-0.14761849844308614,1.5376926921154808e-05,-0.011355860531272825,0.04961365471110599,0.25561834467381694,-0.13646253796178834,-0.0919386460615846,-0.39321108676431016,-0.337469726675124,-0.033206473686233806,-0.12662899319570983,-0.007304040287548533,-0.04697651174412794,0.2725406527505478,0.05667166416791604,0.24430861492330758,0.06633606273786184,0.2865413447122593,0.2947064929073925,0.0795525314265944,0.023765040556644756,0.072609848921693,-0.08677968707953715,-0.052166224580017684,0.17602737092991966,0.04267866066966517,-0.02004382424172529,-0.1304886018529197,0.09801253219544075,0.21237842617152963,0.33583977242148155,0.11689539845461884,0.15704455464575404,-0.02042824741475416,0.09037788797908738,0.20474378195517626,0.3532156998423865,-0.039664782993118826,0.25608734094491215,-0.15208549571368163,0.020020758851343558,-0.19423365240456694,0.0769999615576827,-0.0335140122246569,-0.11877138353899973,-0.14126013916118862,-0.16881559220389805,,-0.012462999269595971,-0.033721600738092494,-0.0829508322761696,0.07521623803482874,-0.1059547149502172,-0.12582939299580978,-0.16555568369661322,-0.20611232845115904,0.06540575865913197,0.0522969284588475,-0.052689040095336946,0.015169338407719217,0.3756660131472725,0.11491946334525045,0.37930265636412563,0.21224003382923923,0.35710606235343867,0.33199554069119286,0.3966016991504248,0.07433975320032292,0.32317687310191057,0.10437089147733826,0.3567985238150156,0.3387306346826587,-0.005712528351209011,-0.06992657517395148,0.053396378733710066,0.12750547803021567
#52,0.5093991465805559,0.31308192057817247,0.26755852842809363,0.294260562026679,0.044700726559797024,0.24826048514204435,0.5538230884557721,0.38113251066774306,0.16499442586399107,0.4622381117133741,1.0,0.2654365125129743,0.49817398992811285,0.4453004267097221,0.0006150770768461923,0.15935109368392728,0.10071887133356398,0.07248683350632376,-0.21038711413524008,-0.16039672471456579,-0.18614538884403953,0.1603890362511052,0.14545804021066389,0.07124130242571022,-0.0910544727636182,0.25149732825894744,-0.03336024295544535,0.017460500518971283,0.01915965094375889,-0.028624149463729674,0.07369392226963441,-0.12003998000999501,0.10656210356360281,0.13787721523853458,-0.16008149771268212,0.06380655825933187,0.002129704378579941,-0.033091146734325144,-0.1028947064929074,0.21826010071887134,0.029269980394418176,-0.04485449582900857,-0.16497136047360936,-0.07794564256333372,0.02108176680890324,0.10254872563718141,0.08163610502441088,-0.01741436973820782,0.14816437934878715,-0.05684081036404875,-0.03627417060700419,-0.046768923230692344,0.006020066889632107,0.16006612078576096,-0.24274785684081038,-0.04085649482950832,-0.23524391650328683,-0.073355629877369,-0.13248760235266982,0.1431130588551878,-0.23928035982008997,-0.2560027678468458,0.07051858686041594,0.16584784530811517,0.08662591781032561,-0.03798869795871295,0.2527044170222581,0.4270941452350748,0.023119209625956254,0.027470879944643062,0.09029331488102103,0.09402221965940107,0.016591704147926038,-0.05575673701610733,0.05259677853381002,0.04526967285587975,-0.18375427670779995,-0.16936916157305962,0.1619882366509053,0.14606542882404952,-0.06109253065774805,0.04496982278091723,,-0.06287625418060201,0.03588974743397532,-0.16150386345288895,-0.16627071079844694,-0.10390958366970361,0.2447852996578634,-0.09792027063391381,-0.06622842424941376,-0.06779687079537154,0.19072002460308307,-0.1315419213470188,-0.006896551724137931,0.00997962557182947,0.09125437281359321,0.066551339714758,0.04882943143812709,0.15514550417099143,0.162303463652789,0.052850497828009074,0.017245223542075118,-0.0221504632299235,-0.15037096836197286,0.17200630454003768,-0.011801791411986314,-0.14332833583208396,-0.2260638911313574,-0.07003421366239956,-0.018667589282281936
#53,0.35347710760004614,0.11508860954138316,0.12979664014146772,0.2280013839234229,0.5805943182255027,0.3832775919732441,0.15054011455810556,0.5221927497789567,0.3163725829392996,0.2755699073540153,0.2654365125129743,1.0,0.2244031830238727,0.21564602314227502,-0.13066543651251297,-0.21964402414177528,0.24007996001999002,-0.010533194940991043,-0.27892207742282704,-0.30356360281397765,-0.08168992426863492,-0.16680890324068734,0.2330065736362588,-0.05471110598546881,0.03572828970130319,0.05935493791565755,-0.06188444239418752,-0.05006727405528005,0.3282666359128128,0.3136739322646369,0.09043939568677199,0.3416522507976781,0.0847576211894053,0.16482527966785837,0.1749202321915965,0.2926767385538,0.10719255756737016,0.0052665974704955215,0.12383039249605966,0.16882328066735863,0.14388190520124552,-0.11032945065928575,0.05572598316226502,-0.22868565717141429,0.20921077922577172,0.15125514165993925,0.05765578749086995,-0.05723292200053819,0.002798600699650175,-0.1662399569446046,0.01447737669626725,-0.1951024487756122,-0.14003767347095683,-0.11589589820474379,-0.2205820166839657,-0.2337216007380925,-0.10141083304501596,-0.25158958982047436,0.31851766424480066,0.16790835351554992,0.2177603505939338,0.12146234575020182,-0.06432168531119056,-0.19268827124899088,-0.03127666935762888,-0.08609541383154577,0.28916311075231615,0.007034944066428324,-0.1139507169492177,-0.11152885095913581,0.035105524160996424,0.07250989889670549,0.04553876907699996,-0.044370122630992194,-0.12224656902318072,-0.07241763733517856,-0.04109483719678622,-0.0585245838619152,0.1086764310152616,-0.010602391112136239,0.21586130011917118,0.359374159074309,,0.4012070887633106,0.599654019144274,0.2769538307769192,0.25067466266866567,0.28268173605504937,-0.06071579594817975,0.35685234305923963,0.188974743397532,0.4607542382654826,0.430000384423173,0.24720716564794526,0.35878983585130514,0.15350786145388845,-0.07214854111405836,0.09289201553069619,-0.09212316918463845,0.020589705147426286,-0.10092645984699958,0.122623303732749,0.04111790258716796,-0.12609848921693,-0.17887979087379388,-0.04457002268096721,0.056287240994887175,0.1337869526775074,0.11475031714911775,0.2047284050282551,0.2805981624572329
#54,0.2704955214700342,0.29140814208280474,0.31577288278937454,0.17953331026794295,-0.14459693230307924,0.40415945873217235,0.525898589166955,0.2449775112443778,0.18113251066774305,0.4537192941990543,0.49817398992811285,0.2244031830238727,1.0,0.3608042132779764,-0.38954368969361475,-0.18583785030561642,0.1939107369392227,0.2713489409141583,-0.47653096528658745,-0.15346173067312496,-0.3610425556452543,0.04276323376773152,0.12094721869834314,0.040395187021873676,-0.011317418213969938,0.3063622035136278,0.23175335409218467,0.2979510244877561,-0.2533886902702495,-0.07340176065813248,-0.04970591627263291,-0.11563449044708415,0.31876369507553914,0.17325183562065122,-0.39989236151155194,-0.1944950601622266,-0.18004074885634105,-0.18916695498404643,-0.10457847999077384,0.18328528043670472,-0.2727943720447469,-0.41859070464767617,-0.24914465844001077,-0.2509745127436282,0.07260216045823242,0.011671087533156498,0.3642640218352362,0.17823395994310537,0.21323953407911428,0.10292546034674971,0.21158651443509013,0.006489063160727329,0.184899857763426,0.09409141583054627,-0.16469457578902857,-0.1693768500365202,-0.13277976396417177,-0.11735670626225349,-0.029677468957828777,0.19024333986852726,-0.07839926190750779,-0.1130665436512513,-0.2684119478722177,-0.061130972975050935,0.13567062622534887,0.08315073232614462,0.10314842578710645,0.1938107869142352,-0.3273517087610041,-0.18857494329758198,0.0035520701187867604,0.008095952023988006,-0.15852842809364548,0.01164033367931419,-0.2776150386345289,-0.19370314842578712,-0.24340906469842002,-0.16421789105447276,-0.01560758082497213,0.03258370814592704,-0.1485872448391189,-0.05819397993311037,,-0.06058509206934994,-0.10254872563718141,0.07390151078307,0.11447353246453697,-0.2709798946680506,-0.12938146311459656,-0.2290931457348249,-0.077376696267251,0.050528581862914694,0.28754084496213433,0.0527736131934033,0.12578326221504632,0.03858839810863799,0.01560758082497213,0.27300196055818243,0.307377080690424,0.32842040518202437,0.08861722984661516,0.07836850805366548,0.022780917233690846,0.12150078806750471,0.1611425056702418,0.3707377080690424,0.18984353976857726,-0.11253603967247146,-0.1434513512474532,0.03798869795871295,0.1369469111598047
#58,0.06788144389343789,0.1560066120785761,-0.022281167108753316,-0.062461077153730823,-0.05859378003306039,-0.08719486410640834,0.556644754545804,0.1686695113981471,0.0919386460615846,0.24155614500442088,0.4453004267097221,0.21564602314227502,0.3608042132779764,1.0,0.14135240072271557,0.1627109522161996,0.061869065467266365,-0.0974820282166609,-0.09678237804174836,0.09416830046515204,-0.004067197170645446,0.11847153346403722,0.2384115634490447,0.1951716449467574,0.019705531849459886,0.2658901318571483,-0.2536731634182909,-0.2645369622880867,-0.12359205012878176,-0.10276400261407757,0.01285511090608542,0.14460462076653982,0.13883827317110675,0.20745780955676008,-0.24340906469842002,0.05638719101987468,0.0731864836812363,-0.008664898320070735,0.013178026371429669,0.011056010456310307,0.09233075769807404,-0.07440126090800754,0.07576211894052974,-0.00962595625264291,0.002337292892015531,0.13234152154691886,-0.03754276707799946,-0.19131972475300812,-0.07460116095798255,-0.4044516203436743,-0.21837542767078,-0.36663975704455465,-0.2533810018067889,-0.26535962787836853,-0.40414408180525124,-0.12156229577518933,-0.2658440010763849,-0.09005497251374313,0.05782493368700265,-0.02078191673394072,0.1416830046515204,0.12852804367047246,0.3499404144081805,0.23680467458578403,-0.26367585438050206,-0.07473186483681236,0.48407334794141393,0.6023603582823973,0.10552416099642487,0.08826356052742859,0.05735593741590743,0.14761849844308614,0.1839772421481567,0.06612078576096567,0.1903432898935148,0.050567024180217586,0.18131703379079692,-0.0023757352093184175,0.34641909814323607,0.20470533963787338,-0.06073117287510091,0.0023834236727789952,,-0.00515127051858686,0.15337715757505863,0.020197593510936838,0.14112943528235883,-0.08554184446238419,0.21163264521585362,0.04221735286203052,-0.09932725944719947,0.10338676815438434,0.12329220005381925,0.1170107254065275,0.1647868373505555,-0.11289739745511859,-0.02292699803944182,0.08892476838503825,-0.09214623457502018,0.12833583208395802,0.13913812324606928,-0.08588782531811018,-0.008288163610502441,-0.10730788451927882,-0.10802291162111252,0.14679583285280437,-0.00574328220505132,0.2803290662361127,-0.03360627378618383,0.30341752200822664,0.2134471225925499
#101,-0.16933071925575674,-0.16197285972398417,-0.2852343059239611,-0.139707069542152,-0.05345019797793411,-0.2336524045669473,0.012224656902318071,-0.2454849498327759,0.02567177949486795,-0.19670933763887288,0.0006150770768461923,-0.13066543651251297,-0.38954368969361475,0.14135240072271557,1.0,0.5472263868065967,0.04936762388036751,-0.24625379617883367,0.5509706685118979,0.22730942221197092,0.5811401991312036,0.23767347095682928,0.313381770653135,0.13812324606927306,0.1123822704032599,-0.06576711644177911,-0.48535732133933035,-0.6314765694076039,0.009925806327605428,-0.1820089955022489,-0.05587206396801599,0.06374505055164725,-0.1520547418598393,-0.16261100219121208,0.13863837312113175,0.198908238188598,0.19944643063083842,0.18496905393457116,0.07113366393726214,-0.31401991312036287,0.20465152039364934,0.35105524160996426,0.25480336754699573,0.3035943566678199,-0.08051358935916657,0.1786030061892131,-0.4100949525237381,-0.4284473148041364,-0.41480798062507207,-0.4996963056933072,-0.3111213623957252,-0.36807749971168263,-0.4838657594279783,-0.4945834774920232,-0.06737400530503979,-0.06708184369353784,-0.0536577864913697,-0.07321723753507861,-0.20192980432860494,-0.36058893630108024,0.110852266174605,-0.045077461269365314,0.6511282820128398,0.21027178718333142,-0.43854226732787455,-0.3103371391227463,0.23236843116903086,0.29471418137085303,0.661692230807673,0.4459693230307923,0.2347057240610464,0.1484180986429862,0.44812209279975396,0.08888632606773536,0.37876446392188523,0.12229269980394418,0.3471264367816092,-0.015115519163495175,0.5468342751701073,0.08233575519932342,0.01868296620920309,-0.1728827893745435,,-0.12224656902318072,-0.05355014800292161,-0.2127628493445585,-0.2115019413370238,-0.09633644716103487,0.1637642717102987,-0.0890093414831046,-0.3260292930457848,-0.23304501595356167,-0.2897935647560835,-0.10794602698650675,-0.17575058624533887,0.018452312305385767,0.07118748318148618,-0.08997808787913736,-0.1733594741090993,-0.1639026640525891,0.0002998500749625187,-0.13540153000422867,-0.044370122630992194,-0.07676161919040479,-0.09736670126475223,-0.15962787836850806,-0.23387537000730405,0.17265982393418675,0.06571329719755507,0.07381693768500365,-0.1731903279129666
#102,-0.019997693460961828,0.11759504862953139,0.047099527159497175,0.14854880252181601,-0.2064275554530427,0.04450851497328259,0.26687425518010227,-0.2546803521316265,-0.10036520201437743,-0.12550647753046554,0.15935109368392728,-0.21964402414177528,-0.18583785030561642,0.1627109522161996,0.5472263868065967,1.0,-0.0028139776265713296,-0.07171029869680544,0.2736554799523315,0.3926190750778457,0.2140237573520932,0.4948833275669857,0.1330334832583708,0.304247876061969,-0.137669626725099,0.06977280590473994,-0.3550224887556222,-0.42661746050051896,-0.10432476069657479,-0.02712489908891708,-0.27211009879675546,-0.15176258024833736,-0.2460692730557798,-0.17505093607042632,-0.00601237842617153,0.03247606965747895,-0.11943259139660939,0.13364856033521702,-0.1040864183292969,-0.109560604313228,0.19920039980009996,0.36310306385268903,0.21637642717102987,0.38239341867527776,-0.04951370468611848,0.36800830354053743,-0.2652212355360781,-0.3806635143966478,-0.38180140698881326,-0.3555222388805597,-0.45836312612924307,-0.2366432168531119,-0.4383039249605966,-0.16467151039864683,-0.0918694498904394,0.1340560488986276,-0.1972475300811133,0.16846961134817207,-0.2997193710836889,-0.2172144696882328,-0.07179487179487179,-0.17348248952446854,0.2944835274670357,0.5386614385115135,-0.26010071887133357,-0.1475339253450198,0.27303271441202476,0.3837235228539576,0.5130511667243302,0.45935493791565757,0.242863183792719,0.16926921154807212,0.10131857148348902,-0.13366393726213815,0.16109637488947834,-0.027055702917771884,0.07759197324414716,-0.11988621074078346,0.4500211432745166,0.4573790028062892,0.10951447353246453,0.11918656056587092,,-0.16836197285972399,-0.088055972013993,-0.36731634182908546,-0.3061623034636528,0.029362241955945105,0.24849882750932226,0.0173528620305232,-0.05042094337446661,-0.3072386883481336,-0.10949909660554338,-0.3026871179794718,-0.35894360512051665,-0.01907507784569254,0.3528620305231999,-0.12959674009149272,-0.1514473532464537,-0.22692499903894206,-0.0034444316303386766,-0.13160342905470343,0.023426748164379348,-0.14083727367085688,-0.1498481528466536,-0.14551185945488795,-0.22477991773344097,0.030838426940375967,-0.11888671049090839,-0.12559105062853188,-0.3169338407719217
#201,0.2564410102640987,0.39453350247952945,0.673301810633145,0.4990043439818552,0.028716411025256603,0.3489024718410026,0.22754776457924883,0.15318494598854418,0.1738669126974974,0.5152500672740553,0.10071887133356398,0.24007996001999002,0.1939107369392227,0.061869065467266365,0.04936762388036751,-0.0028139776265713296,1.0,0.5572367662322685,-0.14050666974205206,-0.3808480375197017,-0.02842424941375466,-0.023388305847076463,0.2130011917118364,-0.07456271864067966,-0.02428016760850344,-0.0239880059970015,0.10633913812324607,-0.18350824587706147,0.019882366509053166,-0.03893437896436397,0.319693999154269,0.07994464306308384,0.518494598854419,-0.040041517702687116,-0.23585130511667243,-0.07842232729788952,-0.23421366239956945,-0.15072463768115943,-0.32891246684350134,-0.2372198516126552,-0.1747203321416215,0.015177026871179795,-0.34232114711874834,-0.3479567908353516,-0.35360781147887593,-0.11435051704916772,0.039172721331641874,-0.23337561988236652,0.07154115250067274,-0.34792603698150926,0.0014992503748125937,-0.007803790412486065,-0.0803982624072579,0.07721523853457886,-0.12329988851727983,-0.3263137661938262,-0.08161303963402913,-0.4737323645869373,-0.13993003498250875,-0.05298120170683889,0.4272786683581286,0.16868488832506823,-0.11874062968515742,0.02570253334871026,0.10634682658670665,0.056717794948679505,0.1781263214546573,-0.03419828547264829,0.3939184254026833,0.3765040556644755,0.6416099642486449,0.6782993118825202,0.24561565371160574,0.3021335486103102,-0.20512820512820512,0.14425863991081384,0.056963825779417984,0.2002767846845808,0.14027601583823474,0.014623457502018222,0.08603390612386115,-0.10261023334486603,,0.16475608349671317,-0.009379925421904432,0.2908776381040249,0.23420597393610887,-0.03908814823357552,-0.2420174528120555,0.08790220274478146,-0.25469572905854765,0.1930650059585592,-0.024449313804636143,0.2533118056356437,0.19630953753892286,0.5894360512051666,-0.1137431284357821,0.6943297581978242,0.24316303386768154,0.47364779148887093,0.45547995233152655,0.6330142620997193,0.33296428708722564,0.5068542651751048,0.25892438396186523,0.531757198323915,0.4927613116518664,0.25020566639757047,0.23449044708415023,0.1806404490062661,0.1919655556836966
