,#10,#11,#12,#13,#17,#18,#26,#49,#50,#51,#52,#53,#54,#58,#101,#102,#201,#202,#301,#302,#401,#402,#501,#502,#601,#602,#701,#702,#801,#802,#901,#902,#1001,#1002,#1101,#1102,#1201,#1202,#1301,#1302,#1401,#1402,#1501,#1502,#1601,#1602,#1701,#1702,#1801,#1802,#1901,#1902,#2001,#2002,#2101,#2102,#2201,#2202,#2301,#2302,#2401,#2402,#2501,#2502,#2601,#2602,#2701,#2702,#2801,#2802,#2901,#2902,#3001,#3002,#3101,#3102,#3201,#3202,#3301,#3302,#3401,#3402,#3455,#3501,#3502,#3601,#3602,#3701,#3702,#3801,#3802,#3901,#3902,#4001,#4002,#4101,#4102,#4201,#4202,#4301,#4302,#4401,#4402,#4501,#4502,#4601,#4602,#4701,#4702,#4801,#4802
#10,1.0,0.48804059508707187,0.3924576173451736,0.386445238919002,0.1295044785299658,0.07187175642947757,0.15530696190366355,0.5006342982354977,0.2070810748471918,0.4799907738438473,0.22926998039441818,0.2870564717641179,0.10620074578095567,-0.06687425518010226,-0.03835774420482067,0.07164879098912083,0.285126667435513,0.06409103140737324,0.1218083266059278,0.07676930765386537,-0.016091954022988506,0.07633875370007304,0.038519201937492795,0.10739245761734517,0.30307922961596123,0.2145311959404913,0.18830584707646178,0.3057548149002422,0.04796063506708184,-0.10384038749855841,-0.24383961865221235,-0.030492446084649984,-0.15037096836197286,-0.08439626340675815,-0.0650905316572483,-0.1975781340099181,-0.2235728289701303,-0.09049321493099605,-0.14461230923000037,-0.09333794641140968,-0.10293314881021028,-0.01673009649021643,-0.11564217891054472,-0.09668242801676084,-0.09067004959058932,-0.16350286395263908,-0.04635374620382117,0.14784915234690346,0.2169146196132703,0.24061046399876984,0.3105831699534848,0.08131318955906662,0.20046130780763463,0.24039518702187368,-0.045031330488601855,0.2272248491139046,0.09102371890977588,-0.016184215584515434,-0.05959328028293546,0.054618844423941874,0.021343174566562872,-0.010625456502517972,-0.3225848614154461,-0.06372198516126552,0.34646522892399956,0.23483642793987622,-0.00660439011263599,-0.02025910121862146,-0.18130934532733634,-0.1303886518279322,-0.09933494791066005,0.00013839234229039325,-0.06656671664167917,0.009618267789182332,-0.31255910506285317,-0.1439664782993119,-0.06688194364356283,0.1001345481105601,0.0664206358359282,-0.0037058393879983087,-0.12862030523199938,0.07647714604236343,-0.0319148118248568,0.059416445623342175,-0.012801291661861378,-0.010425556452542959,0.16848498827509323,-0.03528235882058971,-0.041302425710221816,0.02590243339868527,-0.06761234767231769,-0.06338369276900012,-0.055795179333410216,-0.1576442547956791,0.015507630799984623,0.29138507669242303,0.17629646715103986,0.15982777841848306,0.22491831007573138,-0.1004420866489832,0.09432975819782416,-0.16470226425248913,-0.11369699765501864,-0.051328182062814746,-0.011932495290816131,-0.02706339138123246,-0.12553723138430783,0.07668473455579902,0.15847460884942144,-0.0018759850843808865,-0.058516895398454616
#11,0.48804059508707187,1.0,0.3597508937838773,0.3034790297159113,0.14900242186599008,0.035497635797485876,0.35380771152885093,0.004482374197516626,0.11409679775496867,0.6673201860608158,0.4598546880405951,0.21472340752700572,0.2344673816937685,0.048598777534309766,0.19545611809479876,0.18191673394072194,0.37977934109868144,0.08365048245108216,0.18593780033060392,0.1936031984007996,-0.04997501249375312,-0.05730980663514396,0.06750470918386961,0.10508591857917195,0.20205281974397415,0.21749125437281358,0.24219428747164878,0.2907699996155768,0.14540422096643985,-0.07147195632952755,-0.28165148195133205,-0.20592780532810517,-0.1214700342136624,-0.13962249644408564,-0.06224580017683466,-0.3168646446007765,-0.3102448775612194,-0.30454772613693154,-0.09792027063391381,0.03638180909545227,-0.08049052396878484,-0.19072771306654365,0.0024833736977665014,-0.22579479491023718,0.1207550071118287,-0.14445853996078883,-0.03172260023834237,0.07863760427478568,0.15622188905547227,0.23849613654711105,0.29619805481874445,0.17332103179179642,0.21170952985045938,0.21340868027524698,-0.11428132087802252,0.048352746703571294,-0.1946180755775958,-0.27784569253834623,0.0891092915080921,0.22611002191212087,-0.16017375927420904,-0.14486602852419944,-0.13770806904240188,0.2799984623073079,0.3383077691923269,0.2341905970091877,0.004290162611002191,0.1268827124899089,-0.10320993349479107,0.08385807096451774,-0.031622650213354864,0.2592780532810518,-0.20466689732057047,0.004490062660977204,-0.46861953638565335,-0.24962903163802713,-0.28059047399377235,-0.06545188943989544,0.2919847768423481,0.118748318148618,0.07257140660439011,0.04772229269980394,0.02249644408564948,0.012032445315803636,-0.024556952293084227,-0.16284934455848998,0.036881559220389805,-0.023319109675931263,-0.040779610194902546,-0.06276861569215392,-0.03333717756506362,-0.0967977549686695,-0.08763310652366124,0.013431745665628724,0.031791796409487566,0.28394264406258407,0.28794064506208433,0.1423288355822089,0.06913466343751201,0.06869642102025911,0.25646407565448043,-0.09606735093991466,-0.24977511244377812,0.026932687502402644,0.007696151924037981,0.04120247568523431,0.048814054511205934,-0.12549878906700496,0.09615192403798101,-0.121331641871372,-0.07424749163879599
#12,0.3924576173451736,0.3597508937838773,1.0,0.4140775765963172,0.3481182485680237,0.43462883942644065,0.2727251758736017,0.14932533733133432,0.070772306154615,0.463968015992004,0.24237881059470265,0.2687271748741014,0.4752931226694345,-0.17508168992426865,-0.21757582747087995,0.127936031984008,0.6245415753661631,0.47338638373121134,-0.03289124668435013,0.20766539807019568,-0.36002767846845807,-0.14983277591973243,0.024272479145042863,0.33782339599431055,0.2591627263291431,0.4029908122861646,0.45887825318110176,0.5491561911352016,0.1267443201476185,-0.19580209895052475,0.044539268827124896,-0.15330796140391342,0.1728520355207012,-0.18129396840041517,-0.15013262599469496,-0.4805981624572329,-0.29076231115211626,-0.506485218928997,-0.03231461192480683,0.10072655979702456,0.11703379079690923,0.09605966247645407,-0.0050897628109022415,-0.38007150271018336,-0.09299965401914427,-0.03509014723407527,0.17878752931226694,0.4199054318994349,0.2805289662860877,0.4567946795832853,0.4693268750240264,0.5365624879867759,0.3691385076692423,0.43901126359896975,-0.15499942336524045,-0.03016953061930573,-0.41536923845769425,-0.3695536846961135,0.001637642717102987,0.3908584169453735,0.009072386883481337,0.033421750663129975,-0.38443086149233074,-0.08569561373159575,0.5565601814477377,0.3515396148079806,-0.12788221273978395,-0.07097220620459001,-0.25660246799677083,-0.18699111982470304,0.2510667743051551,0.32090108791757965,-0.2992196209587514,-0.05647176411794103,-0.6160996424864491,-0.35193172644447007,-0.37552762080498214,-0.22801676085034406,0.08631069080844193,0.1973859224234037,0.14013762349594433,0.19299580978741399,0.009995002498750625,0.00722715565294276,0.015007880675047092,-0.09827393995310037,0.09376850036520201,0.06094644985199708,0.16752393034252105,-0.01489255372313843,0.1577057625033637,-0.009925806327605428,0.21673009649021643,0.1865221235536078,0.08062122784761465,0.44670741552300774,0.13423288355822088,0.6556567869911198,0.5240226040825741,0.048814054511205934,0.4521816015069388,0.24878330065736362,0.0427017260600469,0.27077999461807556,0.2783915734440472,0.3381232460692731,0.328335832083958,-0.14591165955483795,0.04237881059470265,0.009041633029639026,-0.09619805481874448
#13,0.386445238919002,0.3034790297159113,0.4140775765963172,1.0,0.24686118479221927,0.2898627609272287,0.3121823703532849,0.0993195709837389,-0.013908430400184524,0.5578595317725753,0.017337485103602047,0.28657209856610155,0.24384730711567293,-0.02620997193710837,-0.20235266981893668,-0.16783146888094413,0.4498904393956868,-0.05730980663514396,-0.07338638373121131,-0.09611348172067813,-0.10467843001576135,-0.16650136470226426,-0.05690231807173336,0.06408334294391266,0.17862607157959481,-0.04151770268711798,0.18630684657671165,0.49205397301349324,-0.07340944912159304,-0.25922423403682776,-0.07972936608618768,-0.26771998616076575,0.13993003498250875,-0.1332103179179641,-0.07926036981509245,-0.24160996424864492,-0.20685042094337447,-0.4151385845538769,-0.08079037404374735,-0.21672240802675585,-0.09056241110214124,-0.14673432514511975,-0.020366739707069544,-0.3110367892976589,-0.2440625840925691,-0.08215123207626955,0.19640179910044978,0.4423326798139392,0.10907623111521163,0.19235766732018605,0.16821589205397303,0.17418213969938107,0.13666243801176334,-0.0447084150232576,-0.14032983508245878,-0.2710644677661169,0.05847076461769116,-0.09231538077115288,0.09147733825394995,0.138415407680775,0.14538115557605813,0.22441855995079382,-0.07843770422481067,-0.18330065736362589,0.30567024180217583,0.2810902241187099,-0.027855303117671933,-0.11512705185868605,-0.21644562334217507,-0.040833429439126594,0.2160688886326068,0.1687002652519894,0.08687963710452466,0.2833506323761196,-0.12215430746165379,0.1440356744704571,0.023826548264329374,0.20932610617768038,0.00805750970668512,-0.051159035866682044,0.16856956137315957,0.24197132203129204,0.07382462614846423,0.19878522277322877,0.2132702879329566,0.08101333948410411,0.04972129319955407,0.01747587744589244,-0.025448814054511205,-0.03838849805866298,0.03548225887056472,0.003098450774612694,0.09370699265751739,0.07582362664821435,0.13892284626917312,0.11801791411986315,-0.11046015453811556,0.2938684503901895,0.20619690154922538,0.14417406681274747,0.2678891323568985,0.03811171337408219,-0.2796755468419636,0.17782647137969476,0.15031714911774882,0.11848691039095836,0.17991004497751126,0.17109137738822897,0.16313381770653135,-0.011840233729289202,0.05234305923961096
#17,0.1295044785299658,0.14900242186599008,0.3481182485680237,0.24686118479221927,1.0,0.5586668204359359,0.025633337177565062,0.01445431130588552,0.4298389266905009,0.24307077230615462,0.18953600123015416,0.5581593818475378,0.15462268865567216,0.13088071348940913,-0.17899511782570254,-0.3381770653134971,0.43396763156883095,0.27656171914042976,-0.21680698112482222,-0.18634528889401453,-0.16843885749432977,-0.22363433667781493,0.19777803405989314,0.1637335178564564,0.17768807903740438,-0.00257563525929343,0.13315649867374005,0.20998731403529006,0.20347518548418098,-0.024925998539191942,0.06084649982700957,0.09403759658632223,0.20635835928189752,0.024595394610387115,0.18432322300388268,-0.07403221466189983,0.26033906123861145,-0.2846192288471149,0.22930842271172105,0.0009841233229539077,0.07355552992734402,-0.029331488102102794,0.27776111944027987,-0.22937761888286626,0.13247991388920924,0.10903010033444815,0.023611271287433205,0.2263637412063199,0.12985045938569176,0.24891400453619345,0.10474762618690654,0.2792296159612501,0.13964556183446739,0.09114673432514513,0.04862953138815208,-0.29259985391919424,-0.07485488025218161,-0.3032714412024757,0.004059508707184869,0.2112328451159036,0.15918194748779457,0.1613116518663745,0.09715911275131665,-0.15751355091684927,0.05501095606043132,0.14792603698150925,-0.06215353861530773,-0.12601391611886364,-0.13008111328950908,-0.1843155345404221,0.30070349440664285,0.054457386691269746,0.02552569868911698,0.18491523469034712,-0.060369815092453774,0.09706685118978972,0.04180986429861992,0.11373543997232154,0.12948910160304464,-0.07736900780379041,0.13175719832391497,0.2883865759427978,-0.1528389651328182,0.28484219428747165,0.5470418636835428,0.08182831661092531,0.04622304232499135,0.1870680044593088,0.21903663552838964,0.18146311459654788,0.4032599085072848,0.3623265290431707,0.3901126359896975,0.033498635297735745,0.012124706877330565,0.0937377465113597,-0.06510590858416945,0.37676546342213507,0.15306961903663552,0.11706454465075154,0.2885864759927728,0.02677122976973052,0.20560488986276093,0.3522008226655903,0.23523622803982625,0.1974089878137854,0.23196863106908083,0.13406373736208818,-0.06636681659170415,-0.1067696920770384,-0.07472417637335178
#18,0.07187175642947757,0.035497635797485876,0.43462883942644065,0.2898627609272287,0.5586668204359359,1.0,0.1590973743897282,0.07762272709798947,0.2626917310575482,0.27402452619843926,0.2625379617883366,0.5018567639257294,0.4616230346365279,0.06130780763464422,-0.049475262368815595,-0.09512166993426363,0.44091800253719293,0.4165301964402414,-0.29217698842886247,-0.377949486795064,-0.2326990350978357,-0.21697612732095492,0.13230307922961596,0.12863568215892054,0.23911121362395726,0.1303117671933264,0.032007073386383735,0.1459039710913774,0.29668242801676087,0.1327336331834083,0.3033713912274632,0.010248721792949679,0.3097374389728213,-0.035659093530158,0.05300426709722062,-0.22709414523507476,0.049905816322607925,-0.3497482028216661,0.18889785876292622,0.05302733248760235,0.1144274016837735,0.07230231038326991,0.038303924960596626,-0.3876446392188521,0.004497751124437781,0.17957175258524583,0.01669934263637412,0.14816437934878715,-0.06545957790335602,0.04737631184407796,0.10560104563103064,0.14203667397070696,0.02241187098758313,0.07496251874062969,-0.1410756160381348,-0.3888055972013993,-0.14088340445162034,-0.40080728866336063,0.0720332141621497,0.17891823319109676,0.2503440587398608,0.24496982278091722,-0.03459808557259832,0.00841117902587168,0.10216430246415253,0.0235113212624457,-0.06836581709145427,-0.04925998539191943,-0.21671471956329527,-0.26197670395571443,0.2911159804713028,0.0691731057548149,-0.014823357551993235,0.06545188943989544,-0.21603813477876446,-0.07025717910275632,0.08953984546188444,0.13281051781801406,0.14628070580094568,0.09597508937838772,0.28576480990274095,0.406058509206935,-0.14009918117864145,0.2651520393649329,0.2543497482028217,0.1123822704032599,0.11062930073424826,0.23781186329911966,0.1947949102371891,0.10269480644293238,0.1437896436397186,0.2030215661400069,0.39370314842578713,0.20868796371045248,0.07866066966516741,0.10361742205820167,-0.1346403721216315,0.465605658709107,0.23053857686541346,-0.00595087071848691,0.2078576096567101,0.18453849998077884,0.1466189981932111,0.3489870449390689,0.1799946180755776,0.18808288163610504,0.18986660515895898,0.23575904355514551,-0.13840003075385385,0.13636258793680084,0.09004728405028255
#26,0.15530696190366355,0.35380771152885093,0.2727251758736017,0.3121823703532849,0.025633337177565062,0.1590973743897282,1.0,0.18672202360358284,0.21726828893245684,0.4883635105524161,0.3108599546380656,0.11671087533156499,0.47582362664821437,0.3890054972513743,0.2690424018759851,0.04965978549186945,0.15377695767500865,0.054895629108522664,0.16234959443355246,0.09513704686118479,0.01746818898243186,-0.18112482220428247,-0.13213393303348325,-0.10303309883519779,-0.018813670088032905,-0.01640718102487218,0.004082574097566601,0.1230000384423173,0.19038942067427825,0.05861684542344212,0.047699227309422214,-0.12519893899204243,0.09768192826663591,-0.1808403490562411,-0.18185522623303732,-0.07650789989620574,-0.18267020335985854,-0.23803482873947643,-0.1951332026294545,-0.24968285088225117,-0.033883058470764615,-0.0021758351593434053,-0.08016760850344058,-0.06689732057048399,-0.2818590704647676,-0.15823626648214353,0.01107138738323146,0.1306500595855918,-0.05760965671010648,0.018752162380348287,0.04855264675354631,0.2184446238419252,0.053880751931726444,0.041433129589051626,0.019651712605235842,0.0927151808711029,-0.27799946180755775,-0.22200438242417253,-0.15928958597624265,0.014000691961711453,-0.009971937108368892,0.07912197747280206,0.03907277130665437,0.038004074885634107,-0.022242724791450428,0.015822857801868297,0.2321531541921347,0.32934302079729366,0.266205358859032,0.32995040941067927,0.4142159689386076,0.35380771152885093,-0.03034636527889901,0.15183946488294314,-0.14065275054780302,-0.00654288240495137,0.001906738938223196,0.029054703417522008,0.27262522584861415,0.20439780109945027,0.3606273786183831,0.09995771345096682,-0.050174912543728134,0.19657863376004306,-0.08753315649867374,0.032499135047860686,0.036550955291584974,-0.011955560681197862,-0.1251451197478184,-0.056994579633260295,-0.036943066928074426,-0.2011917118363895,-0.12023988005997001,-0.16082727866835814,-0.20110713873832314,0.04787606196901549,0.013055010956060431,-0.012747472417637335,-0.0543036174220582,-0.15191634951754893,0.179387229462192,-0.11155191634951755,-0.15939722446469073,-0.0643063083842694,-0.014915619113520164,0.08238188598008687,0.11647253296428708,0.13557067620036137,0.12063968015992003,-0.10781532310767693,-0.11004497751124438
#49,0.5006342982354977,0.004482374197516626,0.14932533733133432,0.0993195709837389,0.01445431130588552,0.07762272709798947,0.18672202360358284,1.0,0.15572982739399532,0.18936685503402145,0.21791411986314535,0.3150886095413832,0.2194902548725637,0.16357206012378425,-0.11711836389497558,-0.05125898589166955,0.0074347441663783495,0.047399377234459694,-0.03121516164994426,-0.1393303348325837,0.07239457194479683,0.1267135662937762,-0.13275669857379002,-0.08127474724176373,-0.003259908507284819,0.01356244954445854,-0.2106485218928997,0.0826125398839042,-0.1987006496751624,-0.07481643793487872,-0.07300964902164303,0.044677661169415295,-0.030461692230807674,-0.06242263483642794,-0.12890477838004075,-0.08964748395033252,-0.11561142505670242,0.056287240994887175,-0.32576788528812517,-0.20919540229885059,0.05419597893361012,0.19285741744512358,-0.14478145542613308,0.04970591627263291,-0.3062238111713374,-0.17184484680736556,-0.07769961173259524,-0.009479875446891939,-0.16863875754430477,-0.07953715449967325,-0.03953407911428901,-0.13564756083496712,-0.13261061776803906,-0.07031868681044093,-0.056041210164148696,0.18301618421558452,0.03648175912043978,-0.04896013531695691,-0.45397301349325336,-0.30077269057778805,0.22376504055664476,0.1814477376696267,-0.2661822934686503,-0.16443316803136893,-0.0032291546534425094,-0.0017222158151693383,0.19406450620843424,0.1355629877369008,0.03473647791488871,-0.07109522161995925,0.08112866643601277,-0.11322031292046285,0.16264944450851498,0.0353515549917349,0.03251451197478184,0.022081267058778303,0.2646138469226925,0.23803482873947643,-0.033098835197785725,0.03460577403605889,0.10670818436935378,0.03417522008226656,-0.22045131280513589,0.285326567485488,0.06729712067043402,0.2827509322261946,0.1914581170952985,0.10489370699265751,0.12284626917310576,0.2937838772921232,-0.16294929458347748,-0.061784492369200014,-0.19883135355399223,-0.09474493522469535,-0.30045746357590436,0.08359666320685812,0.023426748164379348,0.02057432822050513,0.07187944489293814,-0.19272671356629378,-0.08326605927805328,-0.222996194210587,0.01625341175566063,-0.03026179218083266,0.05003652020143774,-0.018237035328489602,-0.0949294583477492,0.29718986660515895,0.3134279014338984,-0.013416368738707569,-0.2196594010686964
#50,0.2070810748471918,0.11409679775496867,0.070772306154615,-0.013908430400184524,0.4298389266905009,0.2626917310575482,0.21726828893245684,0.15572982739399532,1.0,0.20896474839503326,0.3291200553569369,0.36292622919309575,0.16177295967400915,0.31648790989120823,0.19353400222965442,0.016191904047976012,0.21620728097489716,0.11806404490062661,0.16800830354053742,-0.12280013839234229,0.10471687233306423,0.012801291661861378,0.10823050013454812,-0.08175143197631954,0.12916618613770037,-0.08446545957790336,0.03680467458578403,-0.02496444085649483,0.2954676507899896,0.15163956483296814,0.13355629877369007,0.1456886941144812,0.03369853534771076,0.01054088340445162,0.07680774997116827,-0.009656710106485219,0.18573021181716834,0.026924999038942066,0.021197093760811903,-0.20501287817629646,0.10231807173336409,0.0006765847845308116,0.08983200707338639,0.13810018067889132,0.013001191711836389,-0.0800984123322954,-0.11781801406988814,-0.12424556952293084,0.032329988851727984,0.020951062930073424,0.006519817014569638,-0.006550570868411948,0.04804520816514819,-0.022642524891400454,0.05347326336831584,-0.005781724522354208,-0.07262522584861415,-0.16632453004267098,-0.11223618959750893,-0.12907392457617345,0.09942720947218699,0.07727674624226348,0.0881943643562834,0.14016837734978665,-0.0162303463652789,-0.19643255295429207,0.09998077884134855,0.3135355399223465,0.13941490793065006,0.08392726713566294,0.25275823626648214,0.1372852035520701,0.17331334332833584,0.12652904317072233,0.10197977934109868,0.17761888286625918,0.165978549186945,0.11386614385115135,0.4060431322800138,0.12342290393264906,0.09557528927843771,0.2072732864337062,-0.18183984930611619,0.3259754738015608,0.2995194710337139,-0.006512128551109061,0.03378310844577711,0.19025102833198784,0.06186137700380579,0.1150040364433168,0.00974128320455157,0.048083650482451085,0.05782493368700265,-0.2833275669857379,-0.05267366316841579,0.12611386614385114,-0.029454503517472034,0.057455887440894936,-0.027186406796601698,-0.10368661822934687,-0.02571022181217084,-0.25728674124476225,0.10667743051551147,0.03988774843347557,-0.019982316534040673,0.046584400107638486,-0.06037750355591435,0.1442355745204321,-0.10291777188328913,-0.22674816437934878,-0.27211009879675546
#51,0.4799907738438473,0.6673201860608158,0.463968015992004,0.5578595317725753,0.24307077230615462,0.27402452619843926,0.4883635105524161,0.18936685503402145,0.20896474839503326,1.0,0.5045554146003921,0.310852266174605,0.47769961173259523,0.1223926498289317,0.1067696920770384,0.008933994541190943,0.5654480452081652,0.17392073194172145,0.1320186060815746,-0.02754776457924884,0.028539576365663323,-0.08501902894706492,0.15779033560143005,0.05281205551070618,0.41314727251758737,0.11633414062199669,0.16544035674470456,0.276284934455849,0.09891977088378888,-0.15915888209741283,-0.08101333948410411,-0.20849575212393803,0.0559720139930035,-0.10094952523738131,-0.054680352131626496,-0.345419597893361,-0.13503248375812094,-0.3174950986045439,-0.135832083958021,-0.1563525929343021,-0.007619267289432207,-0.05932418406181525,0.02040518202437243,-0.22361127128743322,-0.0774766462922385,-0.1701303194556568,-0.039226540575865915,0.14807980625072079,0.1272210048821743,0.21573059624034135,0.25575673701610735,0.182516434090647,0.22492599853919193,0.09840464383193019,0.0410333294891016,-0.01557682697112982,-0.12476838503825011,-0.2725714066043901,-0.11885595663706608,0.056394879483335256,0.0409333794641141,0.07372467612347672,-0.2880713489409142,0.08209741283204551,0.2834275170107254,0.18722946219198094,0.1033329489101603,0.13717756506362203,-0.051704916772383036,-0.06545188943989544,0.17733440971821782,0.31740283704301697,-0.03877292123169185,0.2164071810248722,-0.3304886018529197,-0.06163072309998847,-0.05239687848383501,0.181078691423519,0.2918233191096759,0.0417483565909353,0.21719909276131166,0.15976627071079844,0.003482873947641564,0.16159612501441586,0.09321493099604045,-0.020989505247376312,0.05900126859647099,-0.026448314304386267,-0.07129512166993426,0.02807826855802868,0.11584976742398032,-0.08232037827240227,-0.04420866489832007,0.08152077807250221,0.025133587052627533,0.41435436128089803,0.022542574866412948,0.1878522277322877,0.046476761619190406,-0.027993695459962328,0.17871064467766118,-0.01963633567831469,-0.12336908468842502,0.10473993772344597,0.07692307692307693,0.07863760427478568,0.06349901972090878,0.09801253219544075,0.13214162149694383,-0.05321185561065621,-0.030484757621189407
#52,0.22926998039441818,0.4598546880405951,0.24237881059470265,0.017337485103602047,0.18953600123015416,0.2625379617883366,0.3108599546380656,0.21791411986314535,0.3291200553569369,0.5045554146003921,1.0,0.2691500403644332,0.41050244108714873,0.22454926382962365,0.33008111328950906,0.1987698458463076,0.20692730557798025,0.3269826625148964,0.20444393188021373,-0.20567408603390613,0.11229769730519355,0.04287856071964018,0.33189559066620533,0.12316149617498943,0.39677853381001804,0.2729788951678007,0.0014377426671279745,-0.03837312113174182,0.12795140891092915,0.04613078076346442,-0.11608042132779764,0.08687194864106408,-0.16041979010494753,0.05368854034521201,-0.02773997616576327,-0.18950524737631183,0.035520701187867605,-0.05063622035136278,-0.019298043286049282,0.015945873217237536,0.03381386229961942,0.01602275785184331,-0.14299773190327913,-0.07192557567370161,-0.03548225887056472,-0.17828009072386883,-0.328135932033983,-0.2307230999884673,-0.12100103794256718,0.056994579633260295,0.06961903663552839,-0.019236535578364664,-0.0014608080575097067,0.07694614231345866,0.05987775343097682,0.10380194518125553,-0.1276669357628878,-0.4025602583323723,-0.22095106293007344,-0.08522661746050052,-0.12508361204013377,-0.08746396032752854,-0.20454388190520126,0.22392649828931688,-0.02821666090031907,-0.13885365009802791,0.28923230692346136,0.25112059354937916,0.2591165955483797,-0.03130742321147119,0.17605812478376195,0.11083688924768385,-0.051927882212739786,-0.10091108292007842,-0.25334255948948603,-0.14323607427055704,-0.07531618805981624,0.07312497597355169,0.3924576173451736,0.19317264444700727,0.3228923999538692,0.050213354861031026,-0.08055203167646946,0.2636143466728174,-0.03629723599738592,-0.2077576596317226,-0.10314842578710645,-0.08524968285088225,-0.010840733479414139,0.0407949871218237,-0.08718717564294776,-0.14070656979202706,-0.13351016799292661,-0.004905239687848384,-0.20875715988159765,0.38988198208588015,0.22114327451658786,-0.0759081997462807,-0.06794295160112251,-0.18511513474032215,-0.06817360550493984,-0.1544766078499212,0.026371429669780493,0.02792449928881713,-0.06223811171337408,-0.11105216622458002,-0.07382462614846423,-0.03299888517279822,-0.0008687963710452466,-0.14162149694383577,-0.1874524276323377
#53,0.2870564717641179,0.21472340752700572,0.2687271748741014,0.28657209856610155,0.5581593818475378,0.5018567639257294,0.11671087533156499,0.3150886095413832,0.36292622919309575,0.310852266174605,0.2691500403644332,1.0,0.3946795832852804,0.3118671433514012,0.10503978779840849,-0.2592472994272095,0.3694152923538231,0.006319916964594626,-0.1409679775496867,-0.33070387882981583,0.05419597893361012,-0.19025871679544842,0.17152961980548187,-0.046361434667281744,0.1567523930342521,-0.18049436820051512,-0.13758505362703263,0.007573136508668743,0.2904701495406143,0.16797754968669512,-0.08605697151424288,-0.012947372467612347,0.009226156152692884,-0.22996194210587015,0.2724560796524815,-0.023034636527889903,0.15720601237842619,-0.20543574366662823,-0.05037481259370315,-0.27303271441202476,0.06545188943989544,0.02434167531618806,0.18830584707646178,-0.12470687733056549,0.13178026371429669,-0.06007765348095183,-0.09753584746088494,-0.10889939645561834,-0.1725368085188175,-0.09978856725483412,-0.03319878522277323,-0.11410448621842925,-0.17082228116710876,-0.1819628647214854,0.04244800676584785,-0.15973551685695614,0.06622073578595318,-0.2843578210894553,-0.05173567062622535,-0.02741706070041902,0.31485026717410525,0.2717256756237266,0.10406335293891515,-0.020597393610886864,-0.0916618613770038,-0.08116710875331565,0.2148079806250721,0.12616768538807518,-0.019628647214854113,-0.04806058509206935,0.27769192326913467,0.013831545765578749,0.24263252988890172,0.30035751355091683,-0.008933994541190943,0.10320993349479107,0.21240918002537193,0.3561450044208665,0.290985276592473,0.12096259562526429,0.16164225579517932,0.352569868911698,-0.20763464421635336,0.4564486987275593,0.545765578749087,0.3435051704916772,0.2955137815707531,0.21659170414792603,0.16248798677584284,0.2878253181101757,-0.049605966247645406,0.37480490523968785,0.34069888132856646,0.06487525468035213,0.0008457309806635144,0.08024449313804637,-0.04749163879598662,0.22826279168108254,-0.17190635451505018,-0.019890054972513744,-0.014792603698150924,-0.15327720755007113,-0.09947334025295045,0.12509130050359435,0.02957751893284127,-0.062461077153730823,-0.0076423326798139395,0.33761580748087494,0.14720332141621498,0.022780917233690846,-0.024472379195017876
#54,0.10620074578095567,0.2344673816937685,0.4752931226694345,0.24384730711567293,0.15462268865567216,0.4616230346365279,0.47582362664821437,0.2194902548725637,0.16177295967400915,0.47769961173259523,0.41050244108714873,0.3946795832852804,1.0,0.22835505324260946,0.1993849229231538,0.1497712682120478,0.368162072809749,0.23939568677199863,-0.09828162841656095,-0.07833006573636259,-0.2778841348556491,-0.22933917656556338,0.0680813439434129,0.03841156344904471,0.21410064198669895,0.14384346288394265,0.07420136085803253,0.1716526352208511,0.3770730019605582,0.09832007073386384,0.0610079575596817,-0.29565986237650405,0.1472186983431361,-0.22414177526621304,-0.019828547264829122,-0.36234190597009186,-0.2276323376773152,-0.4299311882520278,-0.16843885749432977,-0.1575673701610733,0.05272748241263983,-0.007334794141390843,-0.15047860685042094,-0.26339906969592125,-0.2180602006688963,-0.019682466459078153,-0.10637758044054896,0.06797370545496483,-0.012501441586898858,0.15959712451466573,0.23229923499788568,0.2507515473032714,0.06358359281897513,0.10393264906008534,-0.1541383154576558,-0.11278975896667051,-0.3989466805059009,-0.27937569676700114,-0.05041325491100603,0.2863798869795871,-0.04567716141929035,0.049529081613039636,-0.08126705877830316,0.09976550186445239,0.11658017145273517,0.05256602467996771,0.3806712028601084,0.1908737938722946,0.08806366047745358,-0.03026179218083266,0.3579825471879445,0.15785953177257525,0.07655403067696921,0.2032368431169031,-0.36534040671971707,-0.24000307538538423,-0.1910506285318879,-0.0810825356552493,0.3945950101872141,0.41944412409180026,0.3616268788682582,0.29582132010917617,-0.283635105524161,0.14932533733133432,-0.019474877945642562,0.025925498789067004,0.029800484373198016,-0.018429246915004038,-0.09468342751701073,-0.14507361703763502,-0.17245992388421175,-0.1563525929343021,0.13721600738092493,0.08194364356283397,-0.028101333948410412,0.19711682620228346,0.06266097720370584,0.24469303809633644,0.047207165647945255,-0.08582631761042556,0.34191365855533773,0.0002614077576596317,-0.10811517318263945,0.07144889093914582,0.12439165032868181,0.05234305923961096,0.2540960289086226,-0.009426056202667897,-0.06252258486141545,-0.028278168608003692,0.12998116326452158
#58,-0.06687425518010226,0.048598777534309766,-0.17508168992426865,-0.02620997193710837,0.13088071348940913,0.06130780763464422,0.3890054972513743,0.16357206012378425,0.31648790989120823,0.1223926498289317,0.22454926382962365,0.3118671433514012,0.22835505324260946,1.0,0.35802098950524736,-0.21107907584669203,-0.00796524814515819,-0.18194748779456427,-0.070772306154615,-0.2825125898589167,0.10581632260792681,-0.3599507938338523,-0.03432898935147811,-0.36497904893706995,-0.25769422980817286,-0.4609387613885365,-0.4210663898819821,-0.24448544958290086,0.35411525006727407,0.5739437973321032,0.11576519432591396,0.23398300849575213,0.028877868757928728,-0.2081267058778303,0.35975858224733787,0.43907277130665434,0.21403913427901433,0.01714527351708761,-0.2681812939684004,-0.4902241187098758,0.07943720447468573,0.04084880636604774,0.20024603083073847,0.2037519701687618,-0.06196901549225387,-0.2031984007996002,-0.29339176565563374,-0.2022450313304886,-0.3258447699227309,-0.34468150540114556,-0.4084342444162534,-0.3175873601660708,-0.4984353976857725,-0.5222311920962596,-0.007957559681697613,-0.1795563756583247,-0.03012339983854227,-0.15143197631953254,-0.26153077307500094,-0.35999692461461574,0.13693922269634415,0.22917003036943068,0.5470341752200822,0.29991158267020335,-0.3767039557144505,-0.27201783723522854,0.6370660823434436,0.7020182216584016,0.5440664283242994,0.4725175873601661,0.3866297620420559,0.015853611655710607,0.35456118094798755,0.16830815361549994,0.42556414100641987,0.3216391804097951,0.4417867989082382,0.25872448391189024,0.46634375120132243,0.24257871064467765,0.27559297274439704,0.11886364510052666,-0.006519817014569638,0.2895244685349633,0.17743435974320532,0.14353592434551954,0.04074116787759966,0.07912197747280206,-0.009933494791066005,0.23658170914542728,-0.10401722215815169,0.11584207896051973,-0.14082189674393572,-0.1627724599238842,-0.13376388728712565,-0.3541921347018798,-0.2086802752469919,-0.18055587590819974,-0.3699842386499058,0.018844423941875216,-0.09875062468765618,-0.1907507784569254,0.07999846230730788,0.03725060546649752,-0.0694114481220928,-0.06759697074539653,-0.05098220120708876,0.34594241340868026,0.1674009149271518,-0.089147733825395,0.09153884596163457
#101,-0.03835774420482067,0.19545611809479876,-0.21757582747087995,-0.20235266981893668,-0.17899511782570254,-0.049475262368815595,0.2690424018759851,-0.11711836389497558,0.19353400222965442,0.1067696920770384,0.33008111328950906,0.10503978779840849,0.1993849229231538,0.35802098950524736,1.0,0.34826432937377466,-0.08174374351285896,-0.1631568830969131,0.40961057932572176,0.11781032560642755,0.24170991427363242,-0.02363433667781494,0.24047207165647946,-0.16064275554530427,0.14476607849921194,-0.030938376965363473,-0.16707799946180757,-0.3782185830161842,0.4219505631799485,0.43347556990735403,-0.17177565063622036,0.0567869911198247,-0.27138738323146117,-0.0679121977472802,0.27089532156998425,0.2122861646100027,0.07774574251335871,0.19991542690193365,0.0713873832314612,-0.003259908507284819,0.012539883904201745,-0.10111098297005343,0.10721562295775189,0.39870064967516244,0.1754046053896129,0.022119709376081192,-0.37518163994925613,-0.36340291392765156,-0.2468227424749164,-0.1715142428785607,-0.1295352323838081,-0.06952677507400146,-0.18310075731365086,-0.0016914619613270288,0.18317764194825664,0.2918771383539,-0.04327067235612963,0.05842463383692769,-0.06932687502402644,-0.14259024333986853,-0.25458809057009957,-0.2665128973974551,0.3189405297351324,0.4618536885403452,-0.30104178679890825,-0.234021450813055,0.45341175566063124,0.40131472725175876,0.6077730365586438,0.42087417829546764,0.16075808249721293,0.19824703033098834,0.2438626840425941,0.09513704686118479,0.10861492330757698,-0.03455964325529543,-0.001906738938223196,-0.069480644293238,0.3833929189251528,0.35588359666320685,-0.06836581709145427,0.022227347864529273,-0.1888363510552416,0.08935532233883059,-0.14254411255910507,-0.17798792911236688,-0.26101564602314226,-0.09871987083381387,-0.2876484834505824,-0.14663437512013225,-0.42468765617191406,-0.10241033329489102,-0.17544304770691577,-0.21112520662745551,-0.20103025410371736,-0.07970630069580595,0.12983508245877062,-0.4112405335793642,-0.4818052512205436,-0.19798562257332872,-0.2950447852996579,-0.32689040095336946,-0.136777764963672,-0.3713220312920463,-0.4512589858916696,-0.3477107600046131,-0.35356936916157305,-0.024111021412370738,-0.143182255026333,-0.2354207511628801,0.09140814208280475
#102,0.07164879098912083,0.18191673394072194,0.127936031984008,-0.16783146888094413,-0.3381770653134971,-0.09512166993426363,0.04965978549186945,-0.05125898589166955,0.016191904047976012,0.008933994541190943,0.1987698458463076,-0.2592472994272095,0.1497712682120478,-0.21107907584669203,0.34826432937377466,1.0,0.03195325414215969,0.35946642063583595,0.17064544650751548,0.39797024564640754,-0.2594395110137239,0.4024910621612271,0.030215661400069198,0.33948410410179525,0.07562372659823934,0.566324530042671,0.01821396993810787,-0.07224849113904586,0.05758659131972475,-0.08895552223888056,-0.07481643793487872,-0.15769807403990313,-0.0175912043978011,0.0425325798639142,-0.13897666551339716,-0.306431399684773,-0.26109253065774807,0.02605620266789682,0.05900126859647099,0.42304232499135047,0.13892284626917312,0.10563179948487295,-0.3021796793910737,0.047783800407488565,-0.03264521585361166,0.06123861146349902,-0.3012570637758044,-0.1421596893860762,-0.011394302848575712,0.1660708107484719,0.14062199669396072,0.14371275900511282,0.07262522584861415,0.41287817629646717,-0.10390958366970361,0.2630454003767347,-0.3108599546380656,-0.10929919655556837,-0.2484834505824011,0.02624072579095068,-0.281597662707108,-0.30330988351977856,-0.15804405489562912,0.4097720370583939,0.18963595125514165,-0.09998846730480913,-0.1185407296351824,0.024095644485449583,0.16800061507707684,0.25616422557951796,0.13139584054126782,0.29890439395686774,-0.07107215622957752,-0.21613808480375196,-0.3316188059816246,-0.3108368892476838,-0.33059624034136775,-0.30256410256410254,0.006050820743474417,0.40685810940683503,-0.22335755199323415,-0.07831468880944144,-0.07683081536155,-0.12717487410141085,-0.4548110560104563,-0.28575712143928034,-0.3567754584246338,-0.08977818782916235,-0.005020566639757045,-0.24789912735939723,-0.2954445853996079,-0.4630838426940376,-0.16361819090454774,-0.09159266520585861,-0.27718448468073653,0.2706646676661669,0.5005958559181948,-0.011332795140891094,0.2199054318994349,-0.23346788144389344,0.03176873101910583,-0.09280744243262984,0.04275554530427094,-0.11491946334525045,-0.11923269134663438,-0.032053204167147194,-0.07084919078922078,-0.31273593972244645,-0.014900242186599008,-0.06470610848421943,-0.13274901011032944
#201,0.285126667435513,0.37977934109868144,0.6245415753661631,0.4498904393956868,0.43396763156883095,0.44091800253719293,0.15377695767500865,0.0074347441663783495,0.21620728097489716,0.5654480452081652,0.20692730557798025,0.3694152923538231,0.368162072809749,-0.00796524814515819,-0.08174374351285896,0.03195325414215969,1.0,0.41223234536577863,-0.03594356667819936,-0.0009610579325721755,-0.23449044708415023,-0.21794487371698765,0.2339215007880675,0.2583477492023219,0.3212086264560028,0.19936954599623266,0.40346749702072043,0.3259754738015608,0.1918732941221697,-0.1675777495867451,0.28708722561796024,0.0077576596317226005,0.24320147618498444,-0.0038596086572098565,0.12147772267712298,-0.3273978395417676,-0.028408872486833506,-0.3991388920924153,0.11528850959135817,-0.021420059201168646,0.09327643870372505,-0.07387075692922769,0.15080921077922577,-0.3501633798485373,0.20043824241725292,0.0946219198093261,0.11654172913543229,0.24551570368661824,0.239880059970015,0.2617921808326606,0.3307961403913428,0.37892592165455735,0.26146157690385574,0.2676815438434629,0.01798331603429055,-0.16314150616999193,-0.23311421212470687,-0.41430823050013454,0.08968592626763541,0.3146349901972091,0.12975050936070426,0.07504709183869604,-0.2700034598085573,-0.017898742936224194,0.4106562103563603,0.22070503209933495,-0.04910621612270788,-0.025756352592934302,-0.1974781839849306,-0.15043247606965748,0.33234152154691887,0.40701956713950715,-0.03819628647214854,0.11079075846692038,-0.4074193672394572,-0.1751355091684927,-0.17106831199784722,0.040625840925691,0.20419790104947527,0.007280974897166801,0.19660169915042477,0.20022296544035675,0.14657286741244763,-0.03088455772113943,0.19695536846961134,-0.07884519278822127,0.0319148118248568,0.12319993849229231,0.08160535117056857,0.04822973128820205,0.1614500442086649,0.14408949371468113,0.33219544074116786,0.15957405912428402,0.22816284165609502,0.4334448160535117,-0.032714412024756855,0.5146811209779726,0.209733594741091,0.28374274401260907,0.3531772575250836,0.4241263983392919,0.11625725598739092,0.2761004113327951,0.2367816091954023,0.2610002690962211,0.3321185561065621,-0.014661899819321108,-0.0842501826010072,0.034129089301503095,-0.002122015915119363
