,#10,#11,#12,#13,#17,#18,#26,#49,#50,#51,#52,#53,#54,#58,#101,#102,#201,#202,#301,#302,#401,#402,#501,#502,#601,#602,#701,#702,#801,#802,#901,#902,#1001,#1002,#1101,#1102,#1201,#1202,#1301,#1302,#1401,#1402,#1501,#1502,#1601,#1602,#1701,#1702,#1801,#1802,#1901,#1902,#2001,#2002,#2101,#2102,#2201,#2202,#2301,#2302,#2401,#2402,#2501,#2502,#2601,#2602,#2701,#2702,#2801,#2802,#2901,#2902,#3001,#3002,#3101,#3102,#3201,#3202,#3301,#3302,#3401,#3402,#3455,#3501,#3502,#3601,#3602,#3701,#3702,#3801,#3802,#3901,#3902,#4001,#4002,#4101,#4102,#4201,#4202,#4301,#4302,#4401,#4402,#4501,#4502,#4601,#4602,#4701,#4702,#4801,#4802
#10,1.0,0.4680813439434129,0.6782147387844539,0.5971398915926652,0.4942067427824549,0.503448275862069,0.08207434744166378,0.7804021066389882,0.43622035136278015,0.5883827317110676,0.5017721908276631,0.31505016722408025,0.3168108253565525,0.22181217083765808,-0.2589551378157075,-0.1473955330027294,0.5888055972013994,0.5430054203667397,0.13915350017299044,-0.24115634490447085,-0.3691385076692423,0.15482258870564716,0.14510437089147735,0.19042786299158113,0.06392957367470112,0.3385845538769077,0.16766232268481143,0.3780186829662092,0.27014954061430824,0.3018798293161112,0.3813554761080998,0.26493676238803676,0.39953100372890477,0.31809479875446894,0.23694306692807443,0.3944489293814631,-0.11329719755506862,0.3520547418598393,-0.17851843309114673,0.14103717372083188,-0.12938915157805714,0.23581286279936955,-0.15776727021104833,-0.057778802906239185,-0.3845154345903971,-0.20113789259216547,0.29784338599930804,0.13394841041017952,0.08677968707953715,0.11243608964748394,0.14510437089147735,-0.0473301810633145,-0.21662245800176835,-0.009825856302617921,-0.50479375696767,0.19135047860685042,-0.4757851843309115,-0.1589051628032138,-0.42880098412332296,-0.18294698804443932,0.13243378310844578,0.04696113481720678,0.17994079883135355,-0.1520931841771422,0.4373274901011033,0.2074193672394572,0.04082574097566601,-0.10684657671164417,0.32156229577518936,0.2542805520316765,0.39453350247952945,0.5705685618729097,-0.034098335447660784,0.2999654019144274,-0.07536231884057971,0.14952523738130935,0.04977511244377811,-0.06521354707261753,-0.013293353323338331,0.3559374159074309,-0.02321915965094376,0.22399569446046208,0.21070234113712374,-0.012432245415753662,0.16034290547034175,-0.004636143466728174,-0.13257217545073616,0.02830123399838542,-0.013608580325222004,0.1277668857878753,-0.08830969130819205,-0.037204474685734054,0.18711413524007228,-0.29409141583054627,-0.3114673432514512,0.08568023680467458,0.42485680236804674,0.385645638719102,0.37058393879983087,0.23679698612232344,0.24427786106946528,0.1400453619344174,0.3872755929727444,0.17499711682620228,0.4511282820128397,0.35268519586360664,0.4749317648867874,0.027270979894668052,-0.07729212316918464,-0.2718333141121747,-0.12208511129050859
#11,0.4680813439434129,1.0,0.4059278053281052,0.2730480913389459,0.17392073194172145,0.18772921231691847,0.52942759389536,0.44577711144427784,0.5572060123784262,0.6735093991465806,0.4472532964287087,0.2149771268212048,0.23556683196863107,0.40771921731441974,0.10645446507515473,0.19317264444700727,0.35506861953638563,0.3684081036404874,0.08129781263214547,-0.03833467881443894,0.04207127205627955,0.11356629377618883,0.11857148348902471,0.06408334294391266,0.10055741360089186,0.11365855533771575,-0.24502364202514126,0.0008611079075846692,0.19232691346634376,0.0626071579594818,0.15605274285933957,0.15752892784377043,0.1582208895552224,0.3240841117902587,0.1057163725829393,0.17467420136085804,0.10340983354476607,0.21736055049398378,-0.02541037173720832,0.14322838580709646,-0.13747741513858455,-0.01939030484757621,-0.14080651981701456,0.02313458655287741,-0.2058201668396571,-0.03664321685311191,0.09692845884749933,-0.23235305424210972,-0.2624995194710337,-0.13132664437012262,-0.26652827432437626,-0.15866682043593588,-0.26945757890285627,0.1348787144889094,-0.10931457348248952,0.12652904317072233,-0.2664129473724676,-0.1895590666205359,-0.43376773151885595,-0.09729750509360705,0.006665897820320609,-0.09641333179564064,0.08375043247606966,-0.09575981240149156,0.13404836043516702,0.14285933956098873,0.10395571445046707,0.00340598931303579,0.40868796371045246,0.14162149694383577,0.23598200899550226,0.27399377234459693,0.12680582785530312,0.20869565217391303,0.06363741206319917,-0.01107138738323146,0.0036750855341559988,-0.149986545188944,-0.007711528850959136,0.1471956329527544,-0.06678199361857533,0.04442394187521624,0.07803021566140007,0.07856071964017991,0.13903817322108178,-0.10287932956598624,-0.2971591127513166,-0.2069734363587437,0.0039749356091185175,-0.07591588820974128,-0.15156268019836236,-0.27154884096413334,0.04940606619767039,-0.3466036212662899,-0.299227309422212,0.17024564640756545,0.21700688117479722,0.00018452312305385768,0.029885057471264367,-0.17026871179794717,-0.1206166147695383,-0.15915119363395225,0.1601968246645908,-0.12358436166532119,0.02401875985084381,-0.004244031830238726,0.13637027640026142,-0.008872486833506324,-0.07350171068311998,-0.16851574212893553,-0.030776919232691345
#12,0.6782147387844539,0.4059278053281052,1.0,0.6437704224810672,0.5666013147272517,0.6445162034367432,0.1213008880175297,0.4680659670164918,0.26330680813439433,0.520893399454119,0.2354207511628801,0.22900857263675856,0.2056433321800638,0.16130396340291392,-0.0067889132356898476,-0.0910544727636182,0.6728866336062738,0.7551608810979126,0.05480336754699573,-0.14374351285895515,-0.2512128551109061,0.013962249644408564,0.22210433244916003,0.2666205358859032,0.044239418752162384,0.34704186368354284,0.03272978895167801,0.3466113097297505,0.46776611694152925,0.20899550224887556,0.4592088571099066,0.3039326490600853,0.4900626609772037,0.4116864644600777,0.250159535616807,0.33712374581939797,0.03324491600353669,0.29030869180794217,0.12300772690577788,0.20864952139314957,-0.07163341406219967,0.18508438088647983,-0.15591435051704916,-0.06811209779725522,-0.31192865105908585,-0.17209087763810402,0.2369123130742321,-0.028931688002152768,-0.05839387998308538,-0.0008687963710452466,-0.030538576865413447,-0.03635874370507054,-0.23550532426094645,0.11702610233344866,-0.41500788067504707,0.11613424057202168,-0.5128435782108945,-0.379387229462192,-0.3090608541882905,-0.16678583785030562,0.04736862338061738,0.029900434398185523,0.21683004651520393,-0.1038788298158613,0.3786183831161342,0.36133471725675625,0.1840003075385384,-0.0754315150117249,0.36687041094837197,0.2489601353169569,0.46851189789720527,0.5537231384307846,-0.16547111059854688,0.17436666282243493,-0.18235497635797485,-0.04291700303694307,-0.06540575865913197,-0.1442048206665898,0.242063583592819,0.40974128320455155,0.06147695383077692,0.1773728520355207,0.026071579594817977,0.2042901626110022,0.14115250067274054,-0.05261984392419175,-0.10834582708645678,0.033206473686233806,-0.030307922961596127,0.1049321493099604,-0.07525468035213162,-0.07743820397493562,0.15622957751893285,-0.19896205743282205,-0.20481297812632146,0.177749586745089,0.5007111828701034,0.4994733402529504,0.4717102986968054,0.09611348172067813,0.20392880482835504,0.2742782454926383,0.4416791604197901,0.2942067427824549,0.5923115365394226,0.2991119824703033,0.4880252181601507,-0.08985507246376812,-0.19966939607119516,-0.19014338984353976,-0.07978318533041172
#13,0.5971398915926652,0.2730480913389459,0.6437704224810672,1.0,0.3953561680698113,0.5538999730903779,0.026371429669780493,0.5154807211778726,0.2643601276284934,0.43744281705301197,0.38074808749471417,0.27572367662322683,0.22785530311767194,0.2252796678583785,-0.09787413985315035,-0.21349325337331335,0.5296505593357168,0.3005343482105101,0.03356783146888095,-0.25310421712220815,-0.174474301310883,-0.08009072386883481,0.12734402029754355,0.02700188367354784,-0.02428016760850344,0.08954753392534502,0.011148272017837236,0.15626801983623573,0.28437319801637645,0.17234459693230308,0.3616345673317188,0.15575289278437704,0.3374543497482028,0.06381424672279246,0.17453580901856763,0.24729942720947218,-0.06312997347480107,0.143182255026333,-0.13696228808672586,0.09236151155191635,-0.054372813593203395,0.0722023603582824,-0.3226463691231307,-0.12720562795525314,-0.2869257678852881,-0.24214815669088532,0.2860492830507823,0.015023257601968246,-0.0914927151808711,-0.13751585745588743,-0.04322454157536616,-0.16292622919309577,-0.2630146465228924,-0.14073732364586938,-0.24979817783415983,0.04648445008265098,-0.3367546995732903,-0.26102333448660286,-0.18167070310998348,-0.1410986814285165,0.1290585476492523,0.06885019028947065,0.11952485295813632,0.0022911621112520664,0.19454119094299005,-0.0005228155153192634,0.18020989505247376,-0.11625725598739092,0.16889247683850384,0.15642947756890785,0.2543958789835851,0.3995002498750625,-0.1028255103217622,0.182716334140622,-0.016476377196017376,0.014169838157844155,0.08254334371275901,-0.0939760888786376,0.09960404413178027,0.1645100526659747,0.0323223003882674,0.11731057548149003,0.1681543843462884,0.08766386037750355,-0.00873409449121593,0.1445431130588552,0.09951178257025334,0.16224964440856496,-0.15629877369007802,0.09927344020297543,-0.23509014723407526,-0.0044746857340560485,0.15694460462076654,0.02662514896397955,-0.046776611694152925,-0.0066735862837811865,0.22127397839541768,0.228308922461846,0.26266097720370585,0.1833621650713105,0.09060085341944413,0.4151078307000346,0.2697804943682005,0.27990620074578093,0.39624802983123825,0.2778764463921885,0.27314035290047284,0.07615423057701919,-0.056502517971783336,0.05662553338715258,-0.03776573251835621
#17,0.4942067427824549,0.17392073194172145,0.5666013147272517,0.3953561680698113,1.0,0.7122669434513512,-0.178495367700765,0.5258524583861915,0.31784107946026985,0.23390612386114634,0.15306961903663552,0.5070464767616192,0.2647599277284435,0.07038788298158613,-0.1827855303117672,-0.29327643870372505,0.29336870026525197,0.34877945642563335,0.11957867220236036,-0.0815899742436474,-0.33829239226540575,-0.13880751931726446,0.15193172644447006,0.3696459462576404,0.020566639757044553,0.2024910621612271,-0.012409180025371929,0.16725483412140082,0.4708491907892208,0.33656248798677585,0.36004305539537923,0.4248491139045862,0.2953830776919233,0.26790450928381965,0.37642717102986967,0.45419597893361013,-0.12173913043478261,0.28214354361280897,0.04488524968285088,0.2536500980279091,0.014377426671279744,0.16324914465844,-0.019267289432206975,0.07054165225079768,-0.1660400568946296,-0.06232268481144043,0.20915695998154768,-0.04521585361165571,-0.024918310075731365,-0.09868911697997156,-0.1531465036712413,-0.253834621150963,-0.3839311113673932,-0.043939568677199864,-0.482197362857033,0.025348864029523698,-0.296298004843732,-0.14388190520124552,-0.1480490523968785,-0.19378772152385346,0.11039095836697035,0.18967439357244456,0.3310191058316995,-0.011040633529389152,0.15410756160381348,0.05324260946449852,0.31876369507553914,0.222596394110637,0.15368469611348173,0.05212009379925422,0.1209933494791066,0.22292699803944183,-0.09191558067120285,0.10695421520009227,-0.08657209856610157,0.17535847460884943,0.00817283665859378,-0.010802291162111252,0.34880252181601507,0.318148617998693,0.21967477799561758,0.3146657440510514,-0.04758390035751355,0.21910583169953485,0.37493560911851764,0.12172375350786145,0.01338561488486526,0.23009264598469995,0.03910352516049667,0.26841963633567834,0.0538269326875024,0.21283973397916425,0.3111521162495675,-0.16630146465228923,-0.2728866336062738,-0.24021066389881982,0.2944835274670357,0.19233460192980434,0.22311152116249566,0.18967439357244456,0.21004882174297468,0.08867873755429977,0.37838004074885634,0.024764540806519818,0.41795256218044824,0.26729712067043404,0.36225733287202555,0.0012532195440741168,0.10398646830430938,-0.1028562641756045,-0.089147733825395
#18,0.503448275862069,0.18772921231691847,0.6445162034367432,0.5538999730903779,0.7122669434513512,1.0,0.05997001499250375,0.5561065621035636,0.2201745281205551,0.4242417252912006,0.3803944181755276,0.5902356514050667,0.4193826163841156,0.2011917118363895,-0.2037442817053012,-0.24296313381770654,0.45330411717218316,0.45480336754699574,0.08214354361280898,-0.0907469342251951,-0.46630530888401955,-0.19723215315419212,0.11252835120901088,0.27603121516164997,-0.031084457771114442,0.14453542459539462,0.09170799215776727,0.23227616960750394,0.3949256141160189,0.33924576173451737,0.4296851574212894,0.35380771152885093,0.3199400299850075,0.23369084688425018,0.4137854149848153,0.46555952792834354,-0.13498635297735748,0.22812439933879214,-0.06957290585476493,0.23492100103794256,0.009010879175796717,0.17442048206665897,-0.08980894168300466,0.02890862261177104,-0.41663014646522895,-0.2293314881021028,0.25784799907738437,0.03201476184984431,0.04985968554184446,-0.030807673086533656,0.045461884442394185,-0.18575327720755008,-0.28647983700457463,-0.09981932110867643,-0.5065467266366817,-0.05308884019528697,-0.41443893437896434,-0.22200438242417253,-0.16344904470841504,-0.1360704263252989,0.009026256102717872,-0.002152769768961673,0.4096182677891823,0.06811209779725522,0.20805750970668513,0.10237189097758813,0.5286356821589205,0.13372544496982278,0.2509514473532464,0.1520931841771422,0.39046630530888404,0.4235728289701303,0.12832045515703686,0.29035482258870565,-0.08552646753546304,0.17426671279744743,-0.04228654903317572,0.04343981855226233,0.3267058778303156,0.33833083458270863,0.028708722561796025,0.4071656479452581,0.10128781762964671,0.278668358128628,0.3588974743397532,0.10014223657402069,0.023411371237458192,0.35819782416484064,0.004051820243724292,0.2387806096951524,0.07726136931534233,0.24864490831507324,0.27946026986506745,-0.12805904739937723,-0.1463729673624726,-0.08650290239495637,0.2994118325452658,0.4016760850344059,0.24197901049475262,0.2531119055856687,0.1757352093184177,0.2655518394648829,0.3866605158958982,0.12257717295198554,0.4303156114250567,0.24056433321800638,0.30407104140237573,-0.15122438780609695,-0.01629185407296352,-0.17418213969938107,-0.1141890593164956
#26,0.08207434744166378,0.52942759389536,0.1213008880175297,0.026371429669780493,-0.178495367700765,0.05997001499250375,1.0,0.05957021489255372,0.19705531849459884,0.5550224887556222,0.4443086149233076,-0.01939799331103679,0.3255064775304655,0.27163341406219965,0.22683273747741514,0.45329642870872255,0.18779840848806367,0.12552954292084728,0.055656786991119825,0.15538384653826934,0.1289585976242648,0.2339983854226733,0.019582516434090647,-0.024234036827739978,0.09206166147695383,0.05790181832160843,-0.08521892899703994,0.024064890631607272,-0.039280359820089955,-0.07603121516164994,-0.19144274016837734,-0.13553223388305846,-0.22880867258678353,0.16194979433360243,-0.025479567908353516,0.036174220582016685,0.1296044285549533,0.19307269442201977,0.09054703417522009,0.0920385960865721,-0.15572982739399532,-0.07816091954022988,-0.19813939184254026,0.19920808826356054,-0.24407796101949025,0.15308499596355668,0.19089685926267635,0.017583515934340523,-0.009095452273863068,0.1725060546649752,0.0686656671664168,0.018875177795717527,-0.018014069888132856,0.1935724445469573,0.09383000807288663,0.14832583708145927,-0.14138315457655787,0.02745550301772191,-0.24436243416753162,0.04349363779648637,-0.38350824587706145,-0.4637219851612655,0.20712720562795525,-0.007588513435589897,0.007242532579863914,0.17973321031791797,0.10494752623688156,0.19881597662707107,0.2828739476415638,0.1716526352208511,0.11847153346403722,0.09605197401299351,0.23258370814592705,0.27507784569253835,0.10184907546226886,-0.06432168531119056,-0.2711105985468804,-0.2574943297581978,0.11988621074078346,0.1480490523968785,-0.3065851689539845,-0.010517818014069888,0.1605966247645408,-0.09881213239534078,-0.1040864183292969,-0.4723715065544151,-0.5378080190673894,-0.2609080075346942,-0.03395994310537039,-0.4116018913620113,-0.1490639295736747,-0.4172682889324568,-0.1543074616537885,-0.4513281820628147,-0.20261407757659633,0.2047207165647945,0.1524007227155653,-0.12982739399531004,-0.20807288663360626,-0.29685157421289354,-0.20916464844500826,-0.35903586668204357,-0.14265943951101373,-0.28967054934071423,-0.23617422058201668,-0.23768884788375044,-0.2441240918002537,-0.3494791066005459,-0.24819897743435973,-0.37302887018029446,-0.09372236958443855
#49,0.7804021066389882,0.44577711144427784,0.4680659670164918,0.5154807211778726,0.5258524583861915,0.5561065621035636,0.05957021489255372,1.0,0.5643255295429208,0.5676238803675085,0.6525814016068888,0.4353976857724984,0.3236458693730058,0.34384346288394263,-0.30909160804213276,-0.18817514319763196,0.4589013185714835,0.37321339330334835,0.10070349440664284,-0.1647099527159497,-0.3911044477761119,-0.0027294045285049784,0.05298120170683889,0.16739322646369123,0.04420097643485949,0.17902587167954484,0.16399492561411602,0.25676392572944295,0.17463575904355513,0.2840656594779533,0.2707646176911544,0.29618267789182334,0.19780878791373543,0.13450197977934109,0.11930188751777958,0.4094260562026679,-0.2130011917118364,0.26798908238188596,-0.24729942720947218,0.14510437089147735,-0.1799177334409718,0.16256487141044862,-0.14372813593203398,0.011255910506285318,-0.4245953946103871,-0.13144197132203128,0.13088840195286972,0.0862876254180602,0.049744358589935804,0.06951139814708031,0.14860262176604006,-0.1362395725214316,-0.17610425556452544,-0.06319916964594625,-0.4234036827739976,0.07341713758505362,-0.3991388920924153,-0.11529619805481875,-0.31876369507553914,-0.11839464882943143,-9.226156152692884e-05,-0.021458501518471534,0.18460000768846346,-0.07494714181370853,0.33728520355207015,0.07623111521162496,0.18277784184830662,0.010533194940991043,0.2276246492138546,0.09524468534963287,0.32669050090339447,0.38202437242917003,0.0650905316572483,0.31757198323914965,-0.054757236766232266,0.16446392188521125,0.004197901049475262,-0.019313420212970438,0.015799792411486564,0.26804290162611,-0.05368085188175143,0.2359589436051205,0.2331449659785492,0.02196594010686964,0.18490754622688654,0.047345557990235654,-0.07575443047706916,0.05943182255026333,-0.07637719601737593,0.16589397608887863,-0.0010533194940991043,0.07823011571137509,0.22318840579710145,-0.2022450313304886,-0.2625148963979549,0.08966286087725368,0.28455003267596973,0.29658247799177334,0.17016876177295967,0.21992849728981664,0.18106331449659785,0.09912735939722446,0.353115749817399,0.054949448352746705,0.2170145696382578,0.22210433244916003,0.2724560796524815,-0.0495060162226579,-0.1369853534771076,-0.11918656056587092,-0.15965094375888977
#50,0.43622035136278015,0.5572060123784262,0.26330680813439433,0.2643601276284934,0.31784107946026985,0.2201745281205551,0.19705531849459884,0.5643255295429208,1.0,0.49923499788567255,0.5078845192788222,0.22274247491638796,0.11944027986006997,0.31503479029715914,-0.06665128973974552,-0.026279168108253564,0.22318840579710145,0.17346711259754738,0.07491638795986622,-0.08309691308192058,-0.1074539653250298,0.0031753354092184678,0.10053434821051013,0.08629531388152077,0.24597701149425288,0.11278975896667051,-0.11232845115903586,-0.007527005727905278,0.08401184023372929,-0.0275938953600123,0.15478414638834428,0.05724829892745935,0.1457578902856264,0.10839195786722024,-0.01969015492253873,0.15005574136008917,-0.01992849728981663,0.07988313535539922,-0.1873755429977319,0.02428016760850344,-0.10439395686771999,-0.1111598047130281,-0.18104024910621613,0.05105908584169454,-0.08581094068350441,-0.04763771960173759,-0.03499788567254834,-0.09433744666128474,-0.1904432399185023,-0.10018067889132357,-0.21430823050013456,-0.2856341060239111,-0.24196363356783146,0.11385845538769077,-0.1510398646830431,0.09284588474993273,-0.22504901395456117,-0.23439818552262331,-0.35592972744397033,-0.0868335063237612,0.019298043286049282,-0.013616268788682582,-0.09389151578057126,-0.03817322108176681,0.09951947103371392,-0.0009995002498750624,0.001791411986314535,-0.0200745780955676,0.21124822204282473,0.06865797870295622,0.13953023488255872,0.053611655710606235,-0.03836543266828124,0.0006381424672279245,-0.04980586629762042,-0.10984507746126937,0.017614269788182833,-0.1297351324337831,0.12962749394533502,0.009356860031522701,0.1502556414100642,-0.12231576519432591,0.2299158113251067,0.13522469534463538,0.16846192288471148,0.08228962441855996,-0.048052896628608774,-0.10287932956598624,-0.05345019797793411,-0.11783339099680928,-0.15548379656325684,-0.1009879675546842,0.1324260946449852,-0.15534540422096643,-0.15728289701303194,0.16945373467112598,0.07507015722907777,0.11335870526275324,0.1387229462191981,-0.10805366547495483,0.017460500518971283,0.014323607427055704,0.13384846038519202,0.03939568677199862,0.1484180986429862,0.0032445315803636644,0.17901818321608426,0.05035174720332142,-0.1129665936262638,0.04202514127551609,0.0006458309306885019
#51,0.5883827317110676,0.6735093991465806,0.520893399454119,0.43744281705301197,0.23390612386114634,0.4242417252912006,0.5550224887556222,0.5676238803675085,0.49923499788567255,1.0,0.6930150309460654,0.22013608580325222,0.45384230961442357,0.5837235228539577,-0.00577403605889363,0.05301964402414178,0.4658440010763849,0.3451428132087802,-0.0057355937415907434,0.038980509745127435,-0.09676700111482721,0.06122323453657787,0.06125398839042018,0.010294852573713143,0.15708299696305694,-0.02584861415446123,-0.025295044785299658,0.1066697420520509,0.14744935224695344,-0.023818859800868796,0.1869680544343213,0.0755007111828701,0.17283665859378003,0.17744973667012648,0.10981432360742706,0.09668242801676084,-0.0980971052935071,0.06681274747241764,-0.16224195594510438,0.08661822934686503,-0.22734786452927383,-0.011747972167762273,-0.3532156998423865,-0.05812478376196517,-0.4097951024487756,-0.047099527159497175,0.18507669242301927,-0.027816860800369048,-0.02363433667781494,-0.006942682504901395,-0.04836812363049245,0.02629454503517472,-0.18933610118017913,0.06679737054549648,-0.08018298543036174,0.04860646599777035,-0.2187444739168877,-0.0634913312574482,-0.3663091531157498,-0.03160727328643371,-0.038788298158613004,-0.1320570483988775,0.23370622381117134,0.07027255602967747,0.14471994771844846,0.09925806327605428,0.2596163456733172,0.11944027986006997,0.34915619113520163,0.1240533579364164,0.42032060892630607,0.379787029562142,0.24237881059470265,0.3944566178449237,0.24127936031984007,0.1574981739899281,0.06176911544227886,0.03109214623457502,0.14205973936108868,0.06499058163226079,-0.11238995886672049,0.13630108022911622,0.24210971437358245,-0.0460000768846346,0.09821243224541576,-0.0892476838503825,-0.17980240648906315,-0.09472955829777419,-0.11477338253949948,-0.15997385922423404,-0.1673317187560066,-0.06562872409948872,0.1298735247760735,-0.2715949717448968,-0.20338292392265406,0.1687002652519894,0.09999615576826971,0.21885211240533578,0.17130665436512513,0.05730211817168339,0.13364087187175644,0.04345519547918349,0.19941567677699612,0.03913427901433898,0.2149079306500596,0.13458655287740745,0.20126090800753468,-0.06358359281897513,-0.07181793718525353,-0.21233998385422673,-0.19684004151770268
#52,0.5017721908276631,0.4472532964287087,0.2354207511628801,0.38074808749471417,0.15306961903663552,0.3803944181755276,0.4443086149233076,0.6525814016068888,0.5078845192788222,0.6930150309460654,1.0,0.33115749817398993,0.4178064813746973,0.39853919194249027,-0.15249298427709224,-0.008949371468112097,0.3598354668819436,0.16610925306577481,0.09097758812901241,-0.11365855533771575,-0.25820166839657094,0.03166109253065775,0.014108330450159535,0.11151347403221466,0.10811517318263945,0.07265597970245646,0.18729865836312612,0.18504593856917695,0.003736593241840618,0.12618306231499635,0.14320532041671472,0.08632606773536308,0.06098489216929997,0.20072271556529428,-0.04280167608503441,0.16867719986160765,-0.23332948910160303,0.18749086994964057,-0.18167070310998348,0.11686464460077653,-0.12746703571291276,0.05132049359935417,-0.21300888017529696,0.0830584707646177,-0.27993695459962326,0.032414561949794335,0.09239995386921923,0.09469111598047131,0.10837658094029907,0.16017375927420904,0.18772921231691847,-0.08190520124553108,0.06565178948987045,-0.056556337216007384,-0.17799561757582746,-0.009018567639257295,-0.2126859647099527,0.010971437358243954,-0.2681428516510975,0.051981701456963826,-0.18216276477146043,-0.26841963633567834,0.13848460385192018,-0.013439434129089302,0.24489293814631147,-0.020689655172413793,0.16613231845615653,0.027101833698535346,0.1330027294045285,0.01433129589051628,0.21876753930726944,0.23976473301810633,0.17010725406527505,0.36200361357782646,0.024218659900818822,0.04927536231884058,-0.1394994810287164,-0.10058047899127359,-0.005835543766578249,0.12386114634990197,-0.24034136777764964,0.1606043132280014,0.31159035866682044,-0.05747895283127667,-0.0041825241225541075,-0.1339560988736401,-0.28232037827240225,0.08842501826010071,-0.08733325644869873,-0.06619767039557145,-0.08113635489947334,-0.053634721100987964,0.16574020681966709,-0.3101833698535348,-0.2367431668780994,0.2554338215507631,0.07809941183254526,0.15426133087302502,0.04021066389881982,0.11117518163994926,0.1535847460884942,0.03921116364894476,0.1312343828085957,-0.08218967439357244,0.05019797793410987,0.08905547226386806,0.13932264636912314,-0.19181178641448507,-0.1840771921731442,-0.1850613154960981,-0.2186137700380579
#53,0.31505016722408025,0.2149771268212048,0.22900857263675856,0.27572367662322683,0.5070464767616192,0.5902356514050667,-0.01939799331103679,0.4353976857724984,0.22274247491638796,0.22013608580325222,0.33115749817398993,1.0,0.36639372621381616,0.27834544266328376,-0.04207896051974013,-0.16175758274708799,0.3114212124706877,0.11943259139660939,0.025118210125706378,-0.07899127359397225,-0.28221273978395417,-0.13583977242148157,0.12785145888594165,0.23792719025102832,-0.07872986583631261,0.017522008226655904,-0.2397416676277246,-0.13661630723099988,0.21543074616537886,0.2571329719755507,0.25208165148195133,0.07777649636720102,0.21484642294237496,0.044977511244377814,0.21455426133087302,0.2637296736247261,-0.09851228232037827,0.17565832468381193,-0.2624380117633491,0.10516280321377773,-0.045438819052012455,0.08563410602391112,-0.0981586130011917,0.11710298696805443,-0.10461692230807673,-0.0432783608195902,-0.008211278975896666,-0.029331488102102794,-0.17048398877484336,-0.10796909237688848,-0.03398300849575212,-0.14251335870526274,-0.25159727828393497,-0.11104447776111943,-0.36130396340291393,-0.012347672317687311,-0.22948525737131434,-0.07129512166993426,-0.1563756583246838,0.02043593587821474,0.03911121362395725,-0.03675854380502057,0.25388844039518704,0.09439126590550878,-0.21334717256756236,-0.35370776150386346,0.4374735709068543,0.2655672163918041,0.25145888594164456,-0.01776803905739438,0.14030676969207703,0.16574020681966709,0.1578749086994964,0.21094068350440165,-0.06209971937108369,0.1328643370622381,-0.021273978395417677,0.007273286433706224,0.25433437127590053,0.18326990350978356,0.03471341252450698,0.47082612539883906,0.1551916349517549,0.3608964748395033,0.605712528351209,0.1729519855456887,-0.003490562411102141,0.34268250490139546,-0.0012993503248375812,0.40985661015646024,0.1278975896667051,0.23506708184369354,0.3308576480990274,-0.25460346749702073,-0.15023257601968246,-0.21760658132472224,0.10347902971591127,0.1276284934455849,0.042663283742744015,0.09652097028408872,-0.015077076846192288,0.16132702879329566,0.12423019259600969,0.09783569753584746,0.23656633221850612,0.08694883327566985,0.19526390650828432,-0.04523891900203744,0.15299273440202976,-0.2026832737477415,-0.08723330642371122
#54,0.3168108253565525,0.23556683196863107,0.2056433321800638,0.22785530311767194,0.2647599277284435,0.4193826163841156,0.3255064775304655,0.3236458693730058,0.11944027986006997,0.45384230961442357,0.4178064813746973,0.36639372621381616,1.0,0.4811594202898551,-0.46123092300003843,-0.16193441740668127,0.2142544112559105,0.10710798446930381,-0.040648906316072736,-0.08861722984661516,-0.5390766155383847,-0.19889286126167685,-0.23607427055702918,-0.05042094337446661,-0.2730173374851036,-0.0810825356552493,0.13946103871141352,0.26339906969592125,0.07503171491177488,0.4828662591781033,0.2066351439664783,0.1821320109176181,0.12276169607503941,0.027701533848460386,0.16804674585784032,0.15799023565140508,-0.5628109022411871,0.10130319455656787,-0.31131357398223963,-0.13371006804290161,-0.14917925652558336,0.2442009764348595,-0.3100987967554684,0.039603275285434204,-0.24158689885826318,-0.14218275477645792,0.2098950524737631,0.24400107638488447,0.23199938492292316,0.32346903471341254,0.33315649867374003,0.010602391112136239,-0.025210471687233307,-0.2313381770653135,-0.49988851727982164,-0.229946565178949,-0.18151693384077192,0.13323338330834583,0.04195594510437089,0.1890823818859801,-0.032168531119055856,-0.04804520816514819,0.3380079191173644,0.10011917118363894,0.23251451197478185,-0.015353861530773075,0.2799215776727021,0.4181447737669627,-0.05965478799062007,-0.07749971168262022,0.10457079152731327,0.19134279014338984,0.35200861107907583,0.6142851651097528,-0.002306539038173221,0.20794218275477647,-0.030776919232691345,0.15237765732518357,0.032107023411371234,0.22118171683389073,-0.41017183715834393,0.6262176604005689,0.5452735170876101,-0.37251374312843577,0.14935609118517665,0.025610271787183333,-0.10151847153346404,0.2711951716449468,0.07663860377503556,-0.10500903394456618,0.008626456002767846,0.17601968246645908,0.2786299158113251,-0.15540691192865105,0.002444931380463614,-0.11712605235843616,-0.038165532618306235,0.18209356860031523,-0.06359896974589628,0.25508015223157654,0.22713258755237767,0.013493253373313344,0.25357321339330335,-0.22226579018183215,-0.026309921962095875,0.1782647137969477,0.11674931764886787,-0.01403913427901434,-0.0945219697843386,-0.13522469534463538,0.013993003498250875
#58,0.22181217083765808,0.40771921731441974,0.16130396340291392,0.2252796678583785,0.07038788298158613,0.2011917118363895,0.27163341406219965,0.34384346288394263,0.31503479029715914,0.5837235228539577,0.39853919194249027,0.27834544266328376,0.4811594202898551,1.0,-0.0688348133625495,-0.09344558489985777,0.13958405412678276,0.0706723561296275,-0.4739322646369123,-0.04444700726559797,-0.1294583477492023,-0.3967324030292546,-0.32022450313304884,-0.39233460192980435,-0.32043209164648445,-0.5012493753123438,-0.16187290969899665,-0.046884250182601006,-0.1875446891938646,-0.06846576711644178,0.2793833852304617,0.00399800099950025,0.16010456310306384,-0.2986429861992081,0.20538961288586477,-0.09823549763579749,-0.36915388459616344,-0.3002114327451659,-0.5463345250451698,-0.4345288894014531,-0.3253142659439511,-0.22677122976973052,-0.4263637412063199,-0.23254526582862414,-0.3455887440894937,-0.3475339253450198,0.09439126590550878,0.17918732941221696,0.046007765348095184,0.07982162764771461,-0.06378349286895015,0.010056510206435243,-0.32774382039749356,-0.432875869757429,-0.15067850690039594,-0.3407142582554876,0.01873678545342713,-0.04910621612270788,-0.11697228308922462,-0.1332026294545035,0.20671202860108406,0.08295852073963018,0.3174259024333987,0.3635643716603237,-0.11056779302656364,-0.1582516434090647,0.5468112097797255,0.3050320993349479,0.0829892745934725,-0.12886633606273787,0.3235843616653212,0.16729327643870373,0.5706300695805944,0.5164494675739053,0.46013147272517585,0.38014069888132856,0.3324799138892092,0.41462345750201823,0.187137200630454,-0.22550263329873524,-0.16788528812516818,0.24740706569792026,0.2865413447122593,-0.020974128320455157,0.3648944758390036,0.30556260331372775,0.16560950294083726,-0.15216238034828738,-0.2875485334255949,-0.09191558067120285,-0.17889516780071502,0.19964633068081344,0.09627493945335025,0.023019259600968747,-0.0018529196939991543,-0.10696190366355283,-0.25329642870872254,0.2623073078845193,0.13263368315842078,0.29368392726713566,0.19024333986852726,0.12546034674970208,0.21393918425402683,0.13391765655633722,0.1660477453580902,0.2299158113251067,0.13644716103486718,0.2289239995386922,0.08631837927190252,0.08699496405643332,-0.2387575443047707
#101,-0.2589551378157075,0.10645446507515473,-0.0067889132356898476,-0.09787413985315035,-0.1827855303117672,-0.2037442817053012,0.22683273747741514,-0.30909160804213276,-0.06665128973974552,-0.00577403605889363,-0.15249298427709224,-0.04207896051974013,-0.46123092300003843,-0.0688348133625495,1.0,0.6056510206435244,0.10989120824203283,0.04681505401145581,0.09010110329450659,0.3058470764617691,0.7560604313228001,0.2098950524737631,0.285272748241264,0.10686964210202592,0.08398877484334756,-0.03638180909545227,-0.3730826894245185,-0.41489255372313844,0.09163879598662207,-0.4659977703455964,-0.21161726828893246,-0.4106562103563603,-0.19697843385999309,-0.104047976011994,-0.17957175258524583,-0.2469918886710491,0.4698573790028063,-0.04902164302464153,0.27630031138277017,0.11784107946026987,-0.03231461192480683,-0.21892130857648098,-0.03357551993234152,0.1550532426094645,0.12979664014146772,0.2958520739630185,-0.11513474032214661,-0.40131472725175876,-0.45677930265636413,-0.43944181755276207,-0.5014185215084765,0.09154653442509514,-0.21100987967554685,0.27935263137661936,0.4895705993157268,0.1552915849767424,0.019328797139891593,-0.22966209203090762,-0.2399492561411602,-0.22464921385461115,-0.2244031830238727,-0.21909814323607427,0.010241033329489101,0.24033367931418906,-0.45552608311229,-0.13016568638757545,-0.01220159151193634,0.11797178333909968,0.3188867104909084,0.17571983239149655,0.08401952869718987,-0.08614923307576981,-0.04297082228116711,-0.1581824472379195,0.04544650751547303,-0.28891707992157767,-0.11120593549379157,-0.2996578633760043,0.38967439357244454,-0.057156037365932416,0.1687925268135163,-0.30979125821704534,-0.25775573751585745,0.3484488524968285,0.0012532195440741168,-0.25757890285626417,-0.22866259178103257,-0.3630108022911621,-0.07680774997116827,-0.2308614923307577,-0.20235266981893668,-0.37745742513358704,-0.25948564179448735,-0.18940529735132433,-0.20022296544035675,0.05305039787798409,-0.008165148195133202,-0.1466881943643563,0.030008072886633607,-0.31604197901049474,-0.31754891784876793,-0.14918694498904395,-0.3430976819282666,0.17769576750086497,-0.056425633337177566,-0.27759966170760775,-0.24013377926421406,-0.17847999077384386,0.01785261215546073,-0.07665398070195671,-0.13314112174681889
#102,-0.1473955330027294,0.19317264444700727,-0.0910544727636182,-0.21349325337331335,-0.29327643870372505,-0.24296313381770654,0.45329642870872255,-0.18817514319763196,-0.026279168108253564,0.05301964402414178,-0.008949371468112097,-0.16175758274708799,-0.16193441740668127,-0.09344558489985777,0.6056510206435244,1.0,0.0396724714565794,0.12849728981663014,0.2852650597778034,0.4475300811132895,0.4498827509322262,0.5775727520854957,0.1884980586629762,0.12335370776150387,0.02384192519125053,0.32302310383269905,-0.28561872909699,-0.21689155422288856,0.1657094529658248,-0.08263560527428593,-0.3741129435282359,-0.3122285011340484,-0.3378003306039288,0.10706185368854035,-0.1771345096682428,0.010579325721754507,0.43176873101910584,0.3512705185868604,0.26691269749740515,0.2618229346865029,-0.018490754622688656,0.004582324222504133,0.04231730288701803,0.425725598739092,-0.09794333602429554,0.2790297159112751,0.03228385807096452,-0.28014454311305886,-0.262876254180602,-0.1342251950947603,-0.2445700226809672,-0.058978203206089264,-0.20094568100565102,0.40328297389766654,0.20869565217391303,0.4314458155537616,-0.22169684388574942,-0.01747587744589244,-0.39088917079921576,-0.24908315073232615,-0.317110675431515,-0.39072771306654364,0.09287663860377504,-0.011086764310152616,-0.16408718717564294,-0.061215546073117286,-0.06306077730365586,0.22694037596586322,0.539707069542152,0.39803944181755274,0.1827086456771614,0.112689808941683,0.11284357821089455,-0.08289701303194556,-0.006227655403067697,-0.18423864990581632,-0.26715872832814364,-0.40679660169915044,0.16950755391535002,0.30766924230192594,-0.10488601852919693,-0.19331103678929765,-0.18172452235420752,0.1177257525083612,-0.05452658286241495,-0.463076154230577,-0.5325337331334333,-0.3781263214546573,0.08963210702341137,-0.4197439741667628,-0.17215238534578864,-0.5333179564064122,-0.4147695383077692,-0.42713258755237765,-0.3443970322531042,0.022281167108753316,0.32247722292699804,-0.2705262753238765,-0.29511398147080303,-0.41507707684619227,-0.476630915311575,-0.5111136739322646,-0.36027370929919655,-0.22002075885134356,-0.26900395955868217,-0.45077461269365315,-0.3491023718909776,-0.30794602698650675,-0.16154230577019182,-0.3221081766808903,-0.2500288317379772
#201,0.5888055972013994,0.35506861953638563,0.6728866336062738,0.5296505593357168,0.29336870026525197,0.45330411717218316,0.18779840848806367,0.4589013185714835,0.22318840579710145,0.4658440010763849,0.3598354668819436,0.3114212124706877,0.2142544112559105,0.13958405412678276,0.10989120824203283,0.0396724714565794,1.0,0.5949640564333218,0.216337984853727,-0.1579133510167993,-0.07197939491792565,0.1618882866259178,0.3687233306423711,0.23020028447314805,0.15834390497059161,0.3496636297235997,0.12107023411371237,0.1641025641025641,0.4430015761350094,0.19288048283550532,0.3048245108215123,0.0577403605889363,0.31876369507553914,0.20082266559028178,0.04924460846499827,0.2274555030177219,0.06889632107023412,0.3139199630953754,0.07563141506169992,0.18310844577711144,-0.18940529735132433,0.241717602737093,-0.24795294660362127,0.07472417637335178,-0.24009533694691115,-0.023234536577864912,0.19230384807596201,-0.0398108637988698,-0.08466535962787837,-0.005274285933956099,0.08646446007765349,-0.016130396340291394,-0.07794564256333372,0.14536577864913697,-0.2077884134855649,0.26472917387460115,-0.4189597508937839,-0.2868565717141429,-0.27235612962749395,-0.051874062968515745,-0.07197170645446507,-0.1400069196171145,0.06254565025179717,0.07975243147656941,0.2712182370353285,0.13937646561334718,0.03458270864567716,-0.03158420789605197,0.36895398454618844,0.26843501326259944,0.4157229077768808,0.5533925345019798,-0.1820320608926306,0.23995694460462078,-0.24605389612885864,-0.21795256218044823,-0.17010725406527505,-0.27708453465574906,0.22417252912005536,0.3988851727982163,-0.15187021873678547,0.07030330988351978,0.21157882597162958,0.021074078345442664,0.0685580286779687,-0.17390535501480028,-0.23991850228731787,-0.06345288894014531,-0.1221158651443509,-0.09728981663014646,-0.195978933610118,-0.18738323146119248,0.013254911006035444,-0.26970360973359475,-0.23335255449198478,0.3363318340829585,0.38343904970591625,0.416591704147926,0.3401760658132472,0.0985737900280629,0.07847614654211356,0.2559412601391612,0.24411640333679313,0.2577172951985546,0.4064275554530427,0.17669626725098989,0.28402721716065044,-0.09851228232037827,-0.27752277707300194,-0.23359089685926268,-0.0198362357282897
