,#10,#11,#12,#13,#17,#18,#26,#49,#50,#51,#52,#53,#54,#58,#101,#102,#201,#202,#301,#302,#401,#402,#501,#502,#601,#602,#701,#702,#801,#802,#901,#902,#1001,#1002,#1101,#1102,#1201,#1202,#1301,#1302,#1401,#1402,#1501,#1502,#1601,#1602,#1701,#1702,#1801,#1802,#1901,#1902,#2001,#2002,#2101,#2102,#2201,#2202,#2301,#2302,#2401,#2402,#2501,#2502,#2601,#2602,#2701,#2702,#2801,#2802,#2901,#2902,#3001,#3002,#3101,#3102,#3201,#3202,#3301,#3302,#3401,#3402,#3455,#3501,#3502,#3601,#3602,#3701,#3702,#3801,#3802,#3901,#3902,#4001,#4002,#4101,#4102,#4201,#4202,#4301,#4302,#4401,#4402,#4501,#4502,#4601,#4602,#4701,#4702,#4801,#4802
#10,1.0,0.47846845807865296,0.12546803521316266,0.4636758543805021,0.15434590397109138,0.15271594971744898,0.2520970284088725,0.7877369007803791,0.5616806981124822,0.6680582785530311,0.3842232729788952,0.3966016991504248,0.27566216891554224,0.2914696497904894,0.24690731557298273,0.24572329220005382,0.38906700495905894,0.033859993080382886,0.23455964325529544,-0.07802252719793949,0.04425479567908353,0.03780417483565909,0.29068542651751045,-0.17734978664513898,-0.013001191711836389,-0.043478260869565216,-0.5383462115096298,-0.6165225079767809,0.40127628493445583,0.015884365509552915,-0.08422711721062545,-0.35795179333410215,-0.17532003229154652,-0.26452927382462615,-0.07748433475569907,-0.3585591819474878,-0.022819359550993734,-0.26918848268173606,-0.25691000653519397,-0.21875985084380886,0.13371006804290161,-0.22769384538499982,-0.25719447968323533,-0.33710836889247686,-0.22591012186214585,-0.36571714142928535,-0.7093683927267136,-0.6974205205089763,-0.4968823280667359,-0.4333525544919848,-0.6323146119248069,-0.3938799830853804,-0.40589705147426286,-0.08500365202014377,0.2257563525929343,-0.22151232076269559,-0.28565717141429287,-0.3424672279244993,-0.08596470995271595,-0.36771614192903546,0.08400415177026871,-0.016176527121054857,-0.1841463883442894,-0.048214354361280895,0.23204551570368662,0.09975781340099181,0.21508476530965287,0.24046438319301888,0.4019298043286049,0.1972090877638104,0.5147195632952755,0.43945719447968323,0.14436627839926192,-0.004059508707184869,-0.11974781839849306,-0.22287317879521779,-0.11195171644946757,-0.15759812401491563,0.15196248029831239,0.11292046284550032,-0.026994195210087266,0.09640564333218006,0.031784107946026985,0.3960096874639603,0.2209279975396917,0.44450082650982203,-0.02078191673394072,-0.013454811056010456,-0.08112866643601277,-0.1094914081420828,-0.2524968285088225,0.11749509860454388,-0.28321992849728983,0.10070349440664284,-0.15420751162880098,0.2149079306500596,0.24350132625994694,-0.5076384884480837,-0.6229116211125206,-0.5583439049705916,-0.4862414946372967,0.01747587744589244,-0.12738246261484643,-0.36038134778764463,-0.3109675931265137,-0.4777380540498981,-0.4257717295198555,0.1453196478683735,0.42047437819551764,0.16867719986160765,0.006166147695383078
#11,0.47846845807865296,1.0,0.2516280321377773,0.5608272786683581,0.06976511744127936,0.02531811017568139,0.36731634182908546,0.38096336447161033,0.2042517202936993,0.6882097412832046,0.30460923384461613,0.08228962441855996,0.03842694037596586,-0.01750663129973475,-0.09426825049013955,0.017306731249759736,0.40538192442240417,0.02451850997578134,0.0864567716141929,0.09966555183946488,0.05384230961442356,0.09504478529965786,0.18529196939991543,-0.17616576327221004,0.035028639526390654,-0.11549609810479376,-0.25796332602929306,-0.17360550493983778,0.10836889247683851,-0.0864260177603506,-0.17891823319109676,-0.20494368200515128,-0.05481105601045631,-0.12173913043478261,-0.11148272017837235,-0.2138853650098028,0.06070810748471918,-0.15814400492061662,0.08318917464344751,-0.09582900857263676,0.10606235343866528,-0.17203705839387998,-0.14801061007957558,-0.3112597547380156,-0.246484450082651,-0.132156998423865,-0.26142313458655286,-0.25516472532964285,-0.12694422019759352,-0.24659977703455965,-0.06635912812824357,-0.08037519701687618,-0.059416445623342175,0.012447622342674816,0.15870526275323876,0.0018990504747626188,-0.10726175373851536,-0.004843731980163764,0.05888594164456233,-0.0828508822511821,-0.08657978702956214,0.04106408334294391,-0.2777918732941222,-0.15549148502671742,0.15955099373390227,0.24449313804636144,-0.1143582055126283,0.050559335716757005,0.06416791604197901,0.21131741821396993,0.2109560604313228,0.3415061699919271,-0.08747164879098912,-0.10513204935993542,0.0034521200937992543,0.10784607696151924,-0.008880175296966901,0.0463076154230577,-0.2254488140545112,-0.034836427939876215,-0.0728789451428132,-0.15538384653826934,-0.1498173989928113,0.08424249413754661,-0.0463076154230577,0.1251835620651213,0.06751239764733018,-0.12386114634990197,-0.06658209356860031,-0.18711413524007228,-0.24881405451120595,0.023588205897051476,0.06916541729135432,0.09008572636758544,-0.05591050628531888,0.21860608157459732,0.08269711298197055,-0.08717179871602661,-0.20525890900703495,-0.19787029562142006,-0.17984084880636605,-0.001237842617152962,-0.22661746050051898,0.04515434590397109,-0.041410064198669896,-0.043009264598469994,-0.19695536846961134,0.13593972244646907,0.3475031714911775,0.02837043016953062,-0.008288163610502441
#12,0.12546803521316266,0.2516280321377773,1.0,0.580878791373544,-0.08914004536193441,0.3181332410717718,-0.04000307538538423,0.009679775496866952,0.024779917733440973,0.3761888286625918,0.22241187098758314,0.1270826125398839,0.28545727136431787,-0.040349056241110216,-0.254580402106639,-0.11008341982854726,0.564740706569792,0.47891438895936644,0.015023257601968246,0.021719909276131166,-0.13948410410179526,-0.15147041863683544,0.2163302963902664,0.05544919847768424,-0.2216045823242225,-0.12622150463229923,0.03311421212470688,0.20705032099334947,0.0957136816207281,0.12376119632491446,-0.007957559681697613,0.1822012070887633,0.2821127897589667,0.13067312497597355,0.01619959251143659,-0.24311690308691808,0.08559566370660823,-0.24111790258716795,0.19763195325414215,-0.23576673201860607,-0.29080075346941914,-0.028116710875331564,-0.2692115480721178,-0.15488409641333178,0.03299119670933764,-0.16057355937415907,0.15115519163495175,0.1445738669126975,0.1494022219659401,-0.10454772613693153,0.2531580363664322,0.43244531580363665,0.10779994618075578,0.10950678506900396,0.0772383039249606,-0.20548956291085227,-0.2856879252681352,-0.1988467304809134,0.3452120093799254,-0.016745473417137585,0.06715103986468304,0.057971014492753624,-0.11240533579364165,-0.17585822473378696,0.21977472802060508,0.2649521393149579,0.004643831930188752,0.0558028677968708,0.007550071118287011,0.06126167685388075,0.20665820935686002,0.4140929535232384,-0.024172529120055356,0.3138738323146119,-0.20261407757659633,0.038326990350978356,0.0787683081536155,0.2892861261676854,0.11448122092799753,0.18902856264175605,-0.39188867104909086,0.07126436781609195,0.1593664706108484,-0.31892515280821127,-0.15606043132280015,-0.0746549802022066,0.22859339560988737,-0.07866835812862799,0.08122861646100027,0.03680467458578403,-0.0973128820205282,0.20923384461615346,0.02144312459155038,0.35606811978626074,0.08428093645484949,0.48289701303194554,0.10496290316380272,0.3502556414100642,0.3686618229346865,0.3912889708991658,0.4472763618190905,0.23066159228078267,-0.04281705301195556,0.20896474839503326,0.28579556375658327,0.35024026448314305,0.3045631030638527,0.1843155345404221,-0.03564371660323684,0.13231076769307654,-0.21205551070618536
#13,0.4636758543805021,0.5608272786683581,0.580878791373544,1.0,0.06109253065774805,0.15581440049206166,0.14621150962980048,0.16540191442740168,0.015300042286549033,0.7131664936762389,0.170199515626802,0.01667627724599239,0.08123630492446085,-0.013393303348325837,-0.1453580901856764,0.03682005151270518,0.5689847384000307,0.16394879483335256,-0.06534425095144736,0.1681543843462884,-0.07523930342521047,0.2037519701687618,0.3418137085303502,0.07241763733517856,-0.0728481912889709,0.0790066505208934,-0.08048283550532426,-0.0008687963710452466,0.01036404874485834,-0.022780917233690846,-0.332902779379541,-0.08481912889708991,0.05438819052012455,0.1629877369007804,-0.0931303578979741,-0.189520624303233,0.009825856302617921,-0.09891977088378888,0.1507938338523046,-0.0687656171914043,-0.13332564486987275,-0.11457348248952447,-0.29473724676123475,-0.1438895936647061,-0.08714873332564486,-0.0573328720255257,-0.1788721024103333,-0.20857263675854382,-0.08872486833506324,-0.23726598239341867,-0.016191904047976012,0.04723023103832699,0.07736900780379041,0.11913274132164686,0.24428554953292583,-0.007703840387498558,-0.27541613808480375,-0.2027217160650444,0.17434359743205322,-0.19114289009341484,0.009518317764194826,0.1338869027024949,-0.4498212432245416,-0.2157229077768808,0.35606043132280013,0.23379079690923768,-0.22670203359858532,0.0001999000499750125,-0.04008764848345058,0.00358282397262907,0.20578172452235421,0.30263329873524775,-0.1103448275862069,-0.06479068158228578,-0.32459155037865683,-0.1629877369007804,0.06851189789720524,0.1676085034405874,-0.07076461769115443,0.11725675623726599,-0.32522969284588477,-0.10164917541229385,-0.06456002767846845,-0.06982662514896398,-0.11441202475685235,0.11972475300811133,0.15838234728789452,-0.2766001614577327,-0.06289931957098374,-0.058163226079268056,-0.07841463883442894,0.08651059085841695,-0.007357859531772575,0.334140621996694,-0.008757159881597663,0.3962864721485411,0.20286779687079537,-0.010463998769845845,0.03262215046322992,0.028616461000269097,-0.06488294314381271,-0.1095298504593857,-0.2825817860300619,0.045707915273132664,0.07276361819090454,0.016753161880598163,-0.04071810248721793,0.13740821896743935,0.13087302502594855,0.1675393072694422,-0.03096913081920578
#17,0.15434590397109138,0.06976511744127936,-0.08914004536193441,0.06109253065774805,1.0,0.4674739553300273,0.054380502056663976,0.1499404144081805,0.3299811632645216,0.1823395994310537,-0.0865951639564833,0.571983239149656,0.37352093184177143,0.25647176411794104,0.13690078037904124,-0.055795179333410216,0.27201014877176793,-0.1854072963518241,0.14252104716872332,-0.1474339753200323,0.004367047245607965,-0.27734594241340865,0.055333871525775576,-0.29249221543074616,-0.10106485218928997,-0.2993503248375812,-0.28722561796025065,-0.4441240918002537,0.0949986545188944,-0.029116211125206626,-0.002245031330488602,-0.04653826932687503,-0.17468188982431862,-0.13716987660016144,0.18330065736362589,0.14300542036673972,0.21588436550955292,0.01030254103717372,-0.06000076884634606,-0.08301233998385422,0.1896897704993657,0.0835351554991735,0.03552838965132818,0.10843040018452313,-0.052604466997270595,-0.06778918233191097,-0.18137085303502096,-0.18948218198593011,-0.13261830623149964,-0.1899281128666436,-0.3374005305039788,-0.4807519317264445,-0.4412024756852343,-0.14328989351478108,-0.12573713143428286,0.02516434090646984,-0.08345058240110714,-0.20675047091838697,-0.11128282012839734,-0.1671318187060316,0.25033637027640027,0.1180332910467843,-0.07327105677930265,0.08139776265713297,-0.20678122477222927,-0.24747626186906546,0.08799446430630839,0.1890823818859801,0.11312805135893592,0.10112635989697459,0.04141775266213047,0.10221043324491601,0.23435205474185983,0.26817360550493985,0.14152923538230885,0.12604466997270594,-0.1455195479183485,-0.07158728328143621,0.16081190174143697,-0.024295544535424596,0.1925806327605428,0.2951062930073425,0.1291969399915427,0.10264867566216891,0.45878599161957484,0.48838657594279783,0.15051704916772382,0.10798446930380963,0.31870218736785455,-0.015376926921154808,0.2756314150616999,0.41925960096874637,0.10870718486910391,0.18670664667666168,0.0659439511013724,0.08912466843501327,-0.18857494329758198,-0.21974397416676278,-0.3796332602929305,-0.17456656287240996,-0.33406373736208816,-0.01394687271748741,-0.02982354976357975,-0.4304155614500442,-0.20605082074347442,-0.2566485987775343,-0.33244916003536695,0.19273440202975436,0.22444162534117557,0.2679506400645831,0.06500595855918195
#18,0.15271594971744898,0.02531811017568139,0.3181332410717718,0.15581440049206166,0.4674739553300273,1.0,0.03878060969515242,0.2103794256717795,0.2185445738669127,0.17738822896244186,0.17231384307846076,0.5713604736093492,0.6007304040287549,0.46672817437435127,0.09369930419405682,-0.030961442355745203,0.37202168146695885,0.09903509783569754,0.22893168800215277,-0.25035174720332143,-0.02910852266174605,-0.42146618998193214,0.08863260677353631,-0.2542728635682159,-0.2605312728251259,-0.43236843116903084,-0.22727097989466805,-0.24541575366163074,0.3630799984623073,0.29566755083996465,0.24506208434244417,0.260638911313574,0.12821281666858877,-0.0380732710567793,0.4100257563525929,0.09914273632414562,0.3604582324222504,-0.1472648291238996,-0.09063160727328644,-0.1991158267020336,0.015030946065428824,0.1266751239764733,-0.046038519201937494,-0.08987813785414984,-0.023257601968246645,-0.285818629146965,-0.1346711259754738,-0.10610848421942874,-0.10424787606196902,-0.24496213431745667,-0.2162303463652789,-0.04427786106946527,-0.3449121593049629,-0.20250643908814822,-0.13421750663129972,-0.2906162303463653,-0.13873063468265867,-0.24051051397378234,0.2522354207511629,-0.006435243916503287,0.39378772152385344,0.060177603505939335,0.16269557528927844,0.11700303694306693,-0.09477568907853766,-0.18616845423442124,0.34520432091646486,0.41446968823280667,0.21298581478491524,0.1147656940760389,0.30195671395071694,0.3119670933763887,0.5071848691039096,0.5475416138084803,0.08507284819128898,-0.034759543305270445,-0.025664091031407373,0.11620343674316688,0.3041171721831392,0.07017260600468997,-0.050966824280167605,0.40274478145542614,0.2574481989774344,-0.14189059316495597,0.28854803367546994,0.3062930073424826,0.21836005074385884,0.14216737784953676,0.4462230423249913,-0.0864567716141929,0.3477799561757583,0.4820974128320455,0.07859147349402222,0.46143851151347404,0.21433129589051628,0.14765694076038904,-0.2322915465344251,-0.16575558374658825,-0.2656441010264099,0.020897243685849384,0.07855303117671933,0.36789297658862874,0.021858301618421557,-0.25987006496751625,-0.09047783800407488,-0.06815054011455811,-0.03156114250567024,0.14006073886133857,-0.014815669088532657,0.41034867181793716,0.003213777726521355
#26,0.2520970284088725,0.36731634182908546,-0.04000307538538423,0.14621150962980048,0.054380502056663976,0.03878060969515242,1.0,0.2890400953369469,0.27384000307538536,0.3987467804559259,0.360465920885711,0.013347172567562373,0.10849959635566832,0.2039441817552762,0.010210279475646792,0.034544266328374276,-0.011155960481297812,-0.12129319955406911,0.24992119324952908,-0.1995925114365894,-0.25483412140083805,-0.1589051628032138,0.19696305693307192,-0.2770999115826702,-0.07014954061430823,-0.13917656556337216,-0.3127590051128282,-0.3396301849075462,0.03179948487294814,-0.027132587552377657,-0.19311882520278323,-0.10310998346980356,0.16914619613270288,-0.17568907853765425,0.2052819743974167,0.10876100411332795,0.18433859993080384,-0.03413677776496367,-0.03585899358013301,-0.002337292892015531,0.009133894591165955,-0.19627109522161995,-0.0632837427440126,-0.1804021066389882,-0.10921462345750202,-0.3557144504670742,-0.23975704455464575,-0.17047630031138278,-0.1496482527966786,-0.22499519471033713,-0.2475685234305924,-0.16438703725060547,-0.17102218121708376,-0.12309998846730481,-0.3006419866989582,-0.14731864836812364,-0.17578902856264175,-0.14078345442663284,0.1375004805289663,0.07850690039595587,0.1633183408295852,0.18187060315995848,0.0001922115865144351,0.009695152423788106,0.0010610079575596816,-0.18345442663283743,0.08308922461846,0.22413408680275246,0.2283858070964518,0.09592895859762426,0.2868565717141429,0.18463845000576634,0.1621650713104986,-0.10809979625571829,0.030761542305770193,-0.06881174797216776,-0.03405220466689732,0.08454234421250913,0.1139122746319148,0.035820551262830125,-0.05853996078883635,-0.007573136508668743,0.034728789451428134,0.11767962172759774,0.07324030292546034,0.012778226271479644,0.11084457771114443,-0.30780763464421634,0.024111021412370738,-0.1843155345404221,-0.15330027294045284,0.03765809402990812,0.1836005074385884,0.05125898589166955,0.12131626494445086,-0.02907776880790374,-0.05634874870257179,-0.23594356667819935,-0.30304078729865835,-0.139161188636451,-0.2118402337292892,0.0005766347595433052,-0.08290470149540614,0.0007842232729788951,0.06525198938992043,0.04488524968285088,-0.1299427209472187,0.18323914965594126,0.20292930457848,0.23675854380502057,0.20208357359781648
#49,0.7877369007803791,0.38096336447161033,0.009679775496866952,0.16540191442740168,0.1499404144081805,0.2103794256717795,0.2890400953369469,1.0,0.7196478683735056,0.4734940222196594,0.38769845846307616,0.4842655595279283,0.392449928881713,0.4320916464844501,0.495805943182255,0.3157498173989928,0.3862837811863299,0.04280936454849498,0.5961403913427902,-0.11518855956637065,0.27963710452466073,-0.13145734824895244,0.2848268173605505,-0.3666935762887787,-0.052250797678084035,-0.13462499519471033,-0.5811017568139007,-0.7353861530773075,0.6121400838042517,0.15486103102295007,0.14720332141621498,-0.3206473686233806,-0.07204859108907084,-0.47324799138892093,-0.006450620843424442,-0.281051781801407,0.26742782454926384,-0.09333794641140968,-0.27300196055818243,-0.17991004497751126,0.2854111405835544,-0.08602621766040057,-0.13022719409526007,-0.16200361357782647,-0.28651059085841696,-0.4967977549686695,-0.7388613385614885,-0.7558374658824434,-0.6446161534617306,-0.6184984430861492,-0.701810633144966,-0.46665897820320607,-0.5851458885941645,0.031430438626840425,0.2469226924999039,-0.10933763887287126,-0.4607542382654826,-0.49907354015300043,-0.1810171837158344,-0.41579210394802596,0.03073847691538846,-0.29369161573059627,0.0009379925421904433,0.15211624956752393,0.08804059508707185,0.08170530119555607,0.41961327028793294,0.5013800791911737,0.6998270095721371,0.3769653634721101,0.6675277745742514,0.5293276438703725,0.5010187214085265,0.20148387344789143,-0.06509822012070887,-0.2328989351478107,-0.46024679967708454,-0.3672317687310191,0.32383039249605966,0.14016837734978665,0.07360934917156806,0.04247876061969016,0.10374812593703149,0.45333487102602543,0.2682120478222427,0.45001345481105604,-0.20036135778264713,0.12236958443854995,-0.006858109406835044,-0.07799177334409718,-0.39440279860069966,0.10284857571214392,-0.4043286049283051,-0.06537500480528967,-0.26450620843424444,0.10541652250797678,0.19249605966247646,-0.5492253873063468,-0.7464421635336178,-0.5528927843770423,-0.42215815169338405,0.17194479683235306,0.0474993272594472,-0.493914581170953,-0.40434398185522624,-0.4638603775035559,-0.41034867181793716,-0.03888824818360051,0.2832506823511321,0.05766347595433053,-0.02366509053165725
#50,0.5616806981124822,0.2042517202936993,0.024779917733440973,0.015300042286549033,0.3299811632645216,0.2185445738669127,0.27384000307538536,0.7196478683735056,1.0,0.3098066351439665,0.3059162726329143,0.5344558489985777,0.431638027140276,0.31631107523161495,0.45302733248760235,0.2777149886595164,0.3248760235266982,0.05226617460500519,0.4962518740629685,-0.10999115826702034,0.15687540844962133,-0.20376734709568292,0.1738669126974974,-0.2563026179218083,-0.06010840733479414,-0.19188098258563027,-0.6245031330488602,-0.7068465767116442,0.46544420097643485,0.14029908122861645,0.1874447391688771,-0.21845231230538578,-0.10214892553723139,-0.4930380963364472,0.17092991965555684,-0.14104486218429246,0.27633875370007305,-0.10768461922884712,-0.2656441010264099,-0.13913812324606928,0.3217391304347826,-0.10717718064044901,0.02274247491638796,-0.12669050090339445,-0.06756621689155422,-0.3984623073078845,-0.575112443778111,-0.5803482873947642,-0.45968554184446236,-0.5229539076615538,-0.6645754046053897,-0.4759158882097413,-0.6634452004766848,-0.022850113404836045,0.056748548802521816,-0.14931764886787374,-0.36214969438357747,-0.4410640833429439,-0.1796870795371545,-0.3867220236035828,0.1589051628032138,-0.1102448775612194,0.11588052127782263,0.0670280244493138,-0.16676277245992388,-0.1346711259754738,0.4212355360781148,0.33789259216545575,0.5730980663514397,0.3485411140583554,0.4890324068734863,0.41811401991312036,0.46418329296890015,0.3313112674432015,0.14083727367085688,-0.03680467458578403,-0.3290201053319494,-0.2872794372044747,0.40405182024372427,0.20595087071848692,0.04736093491715681,0.03881136354899473,0.1933341021796794,0.281251681851382,0.44321685311190556,0.352969669011648,-0.09991158267020336,-0.052819743974166763,0.13885365009802791,-0.09489870449390689,-0.19689386076192672,0.27105677930265637,-0.2735170876100411,-0.028916311075231616,-0.23513627801483875,0.16295698304693806,0.10709260754238266,-0.471172106254565,-0.6308999346480606,-0.45388075193172644,-0.37541998231653406,0.13088071348940913,0.15574520432091646,-0.5778341598431553,-0.42005151270518587,-0.4289931957098374,-0.3850766924230193,0.07658478453081152,0.3023103832699035,0.13683927267135662,-0.08839426440625842
#51,0.6680582785530311,0.6882097412832046,0.3761888286625918,0.7131664936762389,0.1823395994310537,0.17738822896244186,0.3987467804559259,0.4734940222196594,0.3098066351439665,1.0,0.5620958751393534,0.18051743359089686,0.24419328797139891,0.08164379348787144,0.03991850228731788,0.026140775765963173,0.5743051551147503,0.06440625840925691,0.12805904739937723,-0.00997962557182947,0.05326567485488025,0.018306231499634798,0.3577442048206666,-0.1669934263637412,0.016737784953677007,-0.07593895360012301,-0.29638257794179834,-0.34023757352093187,0.15978933610118018,-0.13100372890477838,-0.2636143466728174,-0.1462038211663399,-0.025833237227540076,-0.004390112635989697,-0.06732018606081575,-0.3129665936262638,0.08001383923422904,-0.12489140045361935,0.07393226463691231,-0.059854688040595086,-0.08061353938415408,-0.07719217314419713,-0.2555414600392112,-0.34026832737477414,-0.13505554914850268,-0.27683081536155,-0.43617422058201666,-0.4038365432668281,-0.229746665128974,-0.324260946449852,-0.24561565371160574,-0.17861069465267365,-0.08760235266981893,0.06644370122630992,0.3286587475493023,-0.07511628800984123,-0.20409795102448774,-0.16677046092338446,0.0465459577903356,-0.20665052089339944,0.1496790066505209,0.13543997232153154,-0.3342328835582209,-0.12818975127820706,0.2801752969669012,0.13673932264636912,-0.01716833890746934,0.09682082035905125,0.21104063352938915,0.14642678660669664,0.4255180102256564,0.39990773843847305,-0.06400645830930689,-0.0682197362857033,-0.1270518586860416,-0.10506285318879022,-0.06338369276900012,-0.014977126821204782,0.028347364779148888,0.04155614500442087,-0.11652635220851112,-0.07953715449967325,0.011117518163994925,0.13393303348325838,0.10949909660554338,0.15225464190981433,0.11562680198362357,-0.08545727136431784,0.0006227655403067697,-0.008088263560527428,-0.20331372775150885,0.07656171914042978,-0.0029062391880982585,0.12680582785530312,-0.016914619613270288,0.4007380924922154,0.2123861146349902,-0.2667204859108907,-0.3375927420904932,-0.24496982278091722,-0.27010340983354475,-0.09196171145196633,-0.24448544958290086,-0.09442201975935109,-0.017837235228539576,-0.1600507438588398,-0.1749894283627417,0.2611463499019721,0.3827855303117672,0.1790720024603083,0.04510052665974705
#52,0.3842232729788952,0.30460923384461613,0.22241187098758314,0.170199515626802,-0.0865951639564833,0.17231384307846076,0.360465920885711,0.38769845846307616,0.3059162726329143,0.5620958751393534,1.0,0.04403183023872679,0.1320801137892592,0.21057163725829392,0.06081574597316726,-0.029054703417522008,0.17402837043016953,0.1111905585668704,0.21945181255526083,-0.33390227962941604,-0.08734863337561988,-0.2681812939684004,0.20922615615269288,-0.27849921193249527,-0.11335870526275324,-0.33377157575058625,-0.261438511513474,-0.2832968131318956,0.2797216776227271,0.0495060162226579,0.06592088571099065,0.012416868488832507,0.23503632798985122,-0.12319225002883173,0.01900588167454734,-0.23697382078191673,0.10275631415061699,-0.08082881636105024,-0.10034982508745627,-0.13773882289624417,-0.011117518163994925,0.05487256371814093,-0.20256794679583284,-0.37309806635143966,0.011632645215853612,-0.41749894283627415,-0.2951601122515665,-0.14851804866797372,-0.10277937954099874,-0.13000422865490333,-0.14520432091646485,-0.06334525045169723,-0.06375273901510783,-0.12608311229000885,0.12050128781762964,-0.34009149271518085,-0.05250451697228309,-0.1212009379925422,0.08120555107061854,0.11101372390727714,0.3799946180755776,0.1541998231653404,0.04662284242494138,-0.09919655556836966,0.060454388190520125,-0.21413908430400186,0.11887133356398724,0.2155537615807481,0.28725637181409297,0.06920385960865721,0.5255295429208473,0.31672625225848616,0.03488255872063968,0.006273786183831161,-0.1335178564563872,-0.1856071964017991,-0.20696574789528313,-0.17548917848767923,0.30151847153346406,0.014531195940491293,-0.11073693922269634,-0.033229539076615536,0.022827048014454312,0.20643524391650328,0.22883942644062585,-0.08432706723561297,0.11982470303309883,0.05687156421789105,0.23958020989505247,-0.00016145773267212547,-0.1416138084803752,-0.08464229423749664,0.13350247952946603,-0.06921154807211778,0.15260062276554032,0.19045861684542345,0.03399838542267328,-0.2924537731134433,-0.2706339138123246,-0.16574789528312767,-0.048844808365048245,0.2132702879329566,0.20597393610886863,-0.027916810825356554,0.08032137777265214,0.0010763848844808366,0.007304040287548533,0.2582631761042556,0.3881828316610925,0.25865528774074503,0.2343289893514781
#53,0.3966016991504248,0.08228962441855996,0.1270826125398839,0.01667627724599239,0.571983239149656,0.5713604736093492,0.013347172567562373,0.4842655595279283,0.5344558489985777,0.18051743359089686,0.04403183023872679,1.0,0.634567331718756,0.31818706031599586,0.27979856225733285,0.10267174105255064,0.36033521700688115,0.11243608964748394,0.21945950101872141,-0.23299119670933763,0.1581516933840772,-0.3951562680198362,0.13604736093491715,-0.35111674931764886,-0.11802560258332372,-0.32601391611886366,-0.36150386345288893,-0.48508822511821015,0.373128820205282,0.05183562065121285,0.0679506400645831,-0.11209779725521854,-0.10835351554991735,-0.4165763272210049,0.15616038134778765,-0.04696882328066736,0.12944297082228118,-0.23507477030715412,-0.333248760235267,-0.26469842002075883,0.1717295198554569,-0.0010225656402567946,0.11844846807365549,-0.07982162764771461,-0.1013647022642525,-0.24500826509822013,-0.2634990197209088,-0.3019413370237958,-0.29034713412524504,-0.2711105985468804,-0.4554953292584477,-0.4333756198823665,-0.6217352862030523,-0.22833198785222772,0.006104639987698459,-0.16962288086725869,-0.2864260177603506,-0.35285434205973937,-0.10362511052166225,-0.37757275208549573,0.22213508630300235,-0.19583285280436705,-0.018975127820705033,0.02227347864529274,-0.12609848921693,-0.11450428631837928,0.3591050628531888,0.3033252604466997,0.290985276592473,0.2112635989697459,0.2707953715449967,0.18371583439049705,0.45977011494252873,0.5111521162495676,0.08761004113327951,-0.012862799369545996,-0.22343443662783993,-0.23927267135662939,0.23686618229346865,0.04160996424864491,0.2368200515127052,0.44148694883327566,0.2573328720255257,0.1676469457578903,0.41460039211163646,0.46535193941490793,-0.036581709145427285,0.16044285549532925,0.2436935378464614,0.050474762618690654,0.025225848614154462,0.4603236843116903,-0.1777111444277861,0.18371583439049705,-0.11817937185253527,0.17269057778802907,-0.18167839157344404,-0.24401645331180563,-0.44898320070733866,-0.18821358551493483,-0.24582324222504132,0.2177603505939338,-0.06975742897781878,-0.44890631607273285,-0.21612270787683083,-0.28844039518702186,-0.4037212163149195,0.01598431553454042,0.1629877369007804,0.17460500518971284,-0.23080767308653366
#54,0.27566216891554224,0.03842694037596586,0.28545727136431787,0.08123630492446085,0.37352093184177143,0.6007304040287549,0.10849959635566832,0.392449928881713,0.431638027140276,0.24419328797139891,0.1320801137892592,0.634567331718756,1.0,0.32045515703686617,0.3209933494791066,0.024533886902702494,0.5879060469765117,0.048075962018990503,0.4455233921500788,-0.16254949448352746,0.10261023334486603,-0.3362626379118133,0.016914619613270288,-0.15187021873678547,-0.23352170068811748,-0.13500941836773922,-0.21130204128704877,-0.3824856802368047,0.43199169645946256,0.31870218736785455,0.09207703840387499,0.25020566639757047,-0.0773382539499481,-0.0567562372659824,0.317856456387191,0.1203475185484181,0.17520470533963786,0.027432437627340177,-0.166924230192596,-0.24154076807749972,-0.014646522892399955,0.1685003652020144,-0.03485180486679737,-0.024149463729673623,-0.047483950332526045,-0.27523930342521047,-0.16654749548302772,-0.18794448929381463,-0.2316072732864337,-0.3278360819590205,-0.3245684849882751,-0.22930073424826047,-0.521077922577173,-0.09691308192057817,0.0017760350593933802,-0.09973474801061008,-0.3174105255064775,-0.37251374312843577,0.029231538077115288,-0.3153115749817399,0.28473455579902357,-0.11145196632453004,0.23587437050705418,0.2379041248606466,-0.023642025141275516,0.08866336062737862,0.7029792795909737,0.3961557682697113,0.45377311344327836,0.24965978549186946,0.38078652981201705,0.3695844385499558,0.5106216122707877,0.5773574751085996,0.02668665667166417,-0.11092915080921079,-0.29406066197670394,-0.03944181755276208,0.4367969861223234,0.29156959981547687,0.047430131088302005,0.4284780686579787,0.6050128781762965,-0.20931072925075925,0.12230807673086534,0.3063160727328643,0.03795794410487064,0.329573674701111,0.21104063352938915,0.03496713181870603,0.0957136816207281,0.38949755891285126,-0.1233075769807404,0.2597162956983047,-0.046069273055779805,0.13399454119094298,-0.022334986352977357,-0.20981047937569677,-0.32117018413869985,-0.07360166070810749,-0.07467035712912774,0.20522046668973207,-0.1522623303732749,-0.4109253065774805,-0.2834813362549494,-0.22047437819551763,-0.183462115096298,0.12133933033483259,0.011970937608119018,0.21011032945065927,-0.13400222965440356
#58,0.2914696497904894,-0.01750663129973475,-0.040349056241110216,-0.013393303348325837,0.25647176411794104,0.46672817437435127,0.2039441817552762,0.4320916464844501,0.31631107523161495,0.08164379348787144,0.21057163725829392,0.31818706031599586,0.32045515703686617,1.0,0.23735055549148504,0.21951332026294545,0.11874062968515742,-0.11181332410717718,0.4422557951793334,-0.27118748318148617,-0.1111598047130281,-0.27912197747280204,0.021204782224272477,-0.18114019913120363,-0.40216045823242225,-0.27660784992119325,-0.3849383000807289,-0.46598239341867526,0.5247376311844077,0.3980086879637105,0.30875331564986735,-0.03261446199976935,0.10671587283281436,-0.11225925498789067,0.21875985084380886,0.1456886941144812,0.21913658555337714,0.02454926382962365,-0.1971475800561258,-0.16381040249106216,0.0681197862607158,0.008695652173913044,-0.3160573559374159,-0.25414984815284664,-0.36344135624495444,-0.32580632760542805,-0.36735478414638834,-0.31104447776111943,-0.3165494175988929,-0.3267366316841579,-0.3514012224656902,-0.2997193710836889,-0.32945065928574174,-0.24154076807749972,-0.2502287317879522,-0.17068388882481836,-0.30521662245800174,-0.32097028408872486,0.06971129819705532,0.019290354822588705,0.21441586898858264,-0.06385268904009533,0.28810210279475645,0.2577172951985546,-0.07102602544881405,-0.17537385153577056,0.4561180947987545,0.5267750740014608,0.48182062814746474,0.3562833967631569,0.5103140737323646,0.4315765194325914,0.5297351324337831,0.26286856571714146,-0.13162649444508515,-0.30697728059047397,-0.20247568523430592,-0.02309614423557452,0.29046246107715373,0.15266213047322494,0.03462883942644063,0.44290162611002193,0.04523891900203744,0.13084227117210626,0.35592972744397033,0.35283127666935765,0.12625994694960213,0.22394956367969862,0.14173682389574443,-0.20947218698343137,-0.012339983854226733,0.23939568677199863,-0.13075000961057934,0.17738822896244186,0.15918194748779457,0.042309614423557455,0.033829239226540575,-0.431438127090301,-0.4862261177103756,-0.35604505439587897,-0.21406988813285666,0.26050051897128357,0.12189289970399415,-0.2773613193403298,-0.27766116941529234,-0.201491561911352,-0.09255372313843079,0.0666205358859032,0.041025641025641026,0.31865605658709106,0.1975473801560758
#101,0.24690731557298273,-0.09426825049013955,-0.254580402106639,-0.1453580901856764,0.13690078037904124,0.09369930419405682,0.010210279475646792,0.495805943182255,0.45302733248760235,0.03991850228731788,0.06081574597316726,0.27979856225733285,0.3209933494791066,0.23735055549148504,1.0,0.7143582055126283,0.18226271479644793,-0.12910467843001577,0.6788451927882213,0.1065005958559182,0.5559297274439703,0.0848960135316957,0.10041133279514089,-0.06698958213201092,0.07578518433091147,0.05493407142582555,-0.5206704340137623,-0.658655287740745,0.5411371237458193,0.31930957598124016,0.22717871833314113,-0.19983854226732786,-0.21202475685234307,-0.29645177411294354,0.177949486795064,-0.02999269595971245,0.3824164840656595,0.49833544766078497,-0.10859185791719525,0.1738669126974974,0.16959981547687694,0.4272325375773652,0.11036020451312806,0.3176258024833737,-0.18498443086149233,-0.26492907392457615,-0.6099258063276054,-0.6305616422557951,-0.7605197401299351,-0.6888401952869719,-0.651743359089686,-0.581770653134971,-0.5554761080997963,0.19616345673317187,0.3189097758812901,0.3836773920731942,-0.4333371775650636,-0.37579671702610234,-0.16830815361549994,-0.3471879444892938,-0.061077153730826894,-0.4270480144543113,0.26601314727251757,0.463475954330527,-0.3018413869988083,-0.041625341175566065,0.5015338484603852,0.43116134240572024,0.7581209395302348,0.5092684427017261,0.4309306885019029,0.3242225041325491,0.5469726675123976,0.17671164417791105,-0.03393687771498866,-0.31768731019105834,-0.5082612539883904,-0.3359704763003114,0.5450505516472532,0.3239764733018106,0.22166609003190713,-0.03267596970745396,0.10642371122131242,0.17102218121708376,0.20600468996271096,0.12887402452619845,-0.13059624034136777,0.10105716372582939,-0.059770114942528735,-0.06281474647291739,-0.054288240495137044,0.0046822742474916385,-0.42639449506016225,-0.07812247722292699,-0.1439972321531542,-0.12659823934186754,0.17339791642640218,-0.5335101679929266,-0.569415292353823,-0.5433975320032292,-0.4879944643063084,-0.10840733479414139,0.1602583323722754,-0.6765540306769692,-0.5913658555337715,-0.49685157421289355,-0.32556798523815017,-0.3306269941952101,0.05618729096989967,0.07024949063929574,0.030992196209587514
#102,0.24572329220005382,0.017306731249759736,-0.11008341982854726,0.03682005151270518,-0.055795179333410216,-0.030961442355745203,0.034544266328374276,0.3157498173989928,0.2777149886595164,0.026140775765963173,-0.029054703417522008,0.10267174105255064,0.024533886902702494,0.21951332026294545,0.7143582055126283,1.0,0.05082074347441664,-0.006212278476146542,0.40974897166801216,0.38745242763233767,0.3256141160189136,0.3444047207165648,0.19228847114904085,0.24367047245607965,0.03329873524776074,0.25285049782800906,-0.5011648022142775,-0.43540537423595893,0.3545073617037635,0.20610463998769846,0.10036520201437743,-0.3074847191788721,-0.11852535270826126,-0.14730327144120248,0.04902164302464153,-0.053527082612539884,0.11540383654326683,0.3243532080113789,-0.10778456925383462,0.15216238034828738,0.06499058163226079,0.2639603275285434,0.08389651328182063,0.23338330834582707,-0.23372928920155306,-0.11026794295160113,-0.5537923346019298,-0.5387767654634221,-0.6893245684849882,-0.5048552646753546,-0.5197862607157959,-0.3441740668127475,-0.34645754046053895,0.335340022296544,0.07184100257563526,0.4230269480644293,-0.5156729327643871,-0.1799177334409718,-0.0997962557182947,-0.2798908238188598,-0.1178641448506516,-0.3460269865067466,0.05245838619151962,0.1577057625033637,-0.19686310690808442,-0.013616268788682582,0.33530157997924115,0.27359397224464693,0.5198477684234806,0.5612347672317687,0.35431515011724907,0.2864260177603506,0.2732864337062238,-0.10836889247683851,-0.22077422827048016,-0.41943643562833965,-0.20631991696459462,-0.21503094606542883,0.2836658593780033,0.42704032599085073,-0.07999846230730788,0.009925806327605428,-0.021281666858878254,0.10962211202091263,0.10793833852304617,-0.014162149694383577,-0.05148195133202629,-0.08646446007765349,-0.11042940068427325,-0.15238534578864413,-0.09626725098988967,-0.05422673278745243,-0.3252835120901088,0.03725060546649752,-0.14094491215930496,-0.020482066658978202,0.34645754046053895,-0.4729020105331949,-0.33111136739322644,-0.5165340406719717,-0.4506054664975205,-0.17052243109214624,0.08061353938415408,-0.49221543074616536,-0.38929765886287626,-0.4021450813055011,-0.21726060046899628,-0.29519086610540884,-0.017006881174797216,0.1729212316918464,0.1004420866489832
#201,0.38906700495905894,0.40538192442240417,0.564740706569792,0.5689847384000307,0.27201014877176793,0.37202168146695885,-0.011155960481297812,0.3862837811863299,0.3248760235266982,0.5743051551147503,0.17402837043016953,0.36033521700688115,0.5879060469765117,0.11874062968515742,0.18226271479644793,0.05082074347441664,1.0,0.2079575596816976,0.3890362511052166,-0.04853726982662515,0.10870718486910391,-0.13127282512589858,0.25531080613539386,-0.18055587590819974,-0.10730019605581824,-0.09353784646138469,-0.18820589705147425,-0.2243954945604121,0.3418137085303502,0.18505362703263753,0.008265098220120708,0.014377426671279744,-0.07639257294429708,-0.02760158382347288,0.06010840733479414,-0.06742782454926383,0.23918040979510244,0.04183292968900165,0.11774881789874293,-0.09978856725483412,-0.06811209779725522,0.17402837043016953,-0.2743166878099412,-0.016883865759427977,-0.259547149502172,-0.19119670933763888,-0.19562526429093147,-0.2542651751047553,-0.1874447391688771,-0.4442394187521624,-0.16473301810633145,-0.11491177488178987,-0.2650136470226425,0.0754699573290278,0.1996617076077346,0.031245915503786567,-0.3675777495867451,-0.3374543497482028,0.03520547418598393,-0.29944258639910815,0.13518625302733248,0.0025218160150693885,-0.07538538423096144,0.18418483066159227,0.12494521969784339,0.275539153500173,0.3091300503594357,0.3395225464190981,0.3352477607350171,0.24270941452350747,0.41611501941337026,0.4912620612770538,0.27300964902164304,0.4348748702571791,-0.09081613039634029,0.045654096028908624,-0.16151155191634953,0.12964287087225618,0.21926728943220697,0.2492369200015377,-0.08210510129550609,0.1551839464882943,0.10839964633068082,-0.14128320455157037,0.03808095952023988,0.3330796140391343,0.04323991850228732,0.18902087417829547,0.13529389151578058,0.08209741283204551,-0.1093222619459501,0.22414177526621304,-0.1337561988236651,0.21726828893245684,-0.13642409564448546,0.4122938530734633,0.1265674854880252,-0.03212240033829239,-0.13433283358320838,-0.0009072386883481336,0.023372928920155307,0.10187982931611117,-0.15306193057317496,-0.2625994694960212,-0.1662399569446046,-0.09772805904739938,-0.04359358782147388,0.13825394994810286,-0.027855303117671933,0.0969053934571176,-0.18600699650174912
