,#10,#11,#12,#13,#17,#18,#26,#49,#50,#51,#52,#53,#54,#58,#101,#102,#201,#202,#301,#302,#401,#402,#501,#502,#601,#602,#701,#702,#801,#802,#901,#902,#1001,#1002,#1101,#1102,#1201,#1202,#1301,#1302,#1401,#1402,#1501,#1502,#1601,#1602,#1701,#1702,#1801,#1802,#1901,#1902,#2001,#2002,#2101,#2102,#2201,#2202,#2301,#2302,#2401,#2402,#2501,#2502,#2601,#2602,#2701,#2702,#2801,#2802,#2901,#2902,#3001,#3002,#3101,#3102,#3201,#3202,#3301,#3302,#3401,#3402,#3455,#3501,#3502,#3601,#3602,#3701,#3702,#3801,#3802,#3901,#3902,#4001,#4002,#4101,#4102,#4201,#4202,#4301,#4302,#4401,#4402,#4501,#4502,#4601,#4602,#4701,#4702,#4801,#4802
#10,1.0,0.07196611094916179,0.5376476630713919,0.23890855416279144,0.02751241225817497,0.0711184219658796,0.05320543964611761,0.554496869751107,-0.01711572898013576,0.2272926239027934,-0.049691139521648,-0.0023676989778684695,0.2857442959137874,-0.3008500025449178,-0.1507687965315084,-0.10516248143366787,0.3595006408565731,0.39027980214420893,-0.202719360346479,-0.003787300397469889,-0.04350698926970113,-0.114770240193969,-0.08371252608540744,-0.1220741542775441,0.04336771285923828,-0.04898411508581,0.09926891452315181,0.22842950809052504,0.1338534219890152,-0.2515119125288617,0.10664316088044902,0.03854116057505888,0.08102925730044375,0.04980774302808201,-0.26118630186426794,-0.21257790918807867,-0.19124733362021498,-0.0598430479786412,-0.06970946292980192,0.006453911538657302,-0.3544593900526104,-0.2649180767824836,-0.35903654039247257,-0.17216415182516878,-0.33811685337109065,-0.26400514536107755,0.1027947824557994,0.14669461449122467,0.1314602738331552,0.10217058352651573,0.15044536061485214,-0.06362201955422295,0.12530296089618123,-0.13883174391648967,-0.18270566406159627,-0.21560867493070882,-0.037547717208734156,-0.22043522721488823,-0.010963968591087236,-0.120492603543451,0.29250822471161453,0.4051194491872458,-0.026934484561603207,-0.030405289727323627,0.27082459963815897,0.3443181239791409,-0.16315144111754282,-0.11923402601368703,-0.01199257809427301,0.18013066996117844,0.10663344392157952,0.2676221676221676,-0.15390598610937595,0.17256023357718273,-0.07628229153652882,0.22896394082834762,-0.07803921024260008,0.12580269020946988,0.07132340352679335,0.06080780318068454,0.5382038432885891,-0.12467876196689756,,0.2815188069425358,-0.22687572009605908,0.08038284817945834,0.08170342916105627,0.006642235455794778,-0.061222856138110376,-0.4541942558891711,-0.16556911302674016,-0.2750704479518039,-0.3465604279163601,-0.10378776310979701,-0.0298912163318943,0.1012520995571843,0.30554653266517673,0.1124136463119514,0.03493431798516544,-0.2820990482007431,-0.029269330964246217,0.4327924226229311,-0.2374010374010374,0.47259030987844547,0.019217831082237864,0.08306148984115086,-0.15984443611562255,0.2440293914870186,0.34646187019068375,0.08587107909141807,0.0639454554708792
#11,0.07196611094916179,1.0,0.3379946973167312,0.31321598948717594,-0.17947454388132356,-0.2035291069189374,0.002902594428018157,0.03370720489364557,0.4633207938292684,0.15416001517696432,0.3309327817802394,-0.20415700754683805,-0.10849632375056104,0.09154624578353392,-0.04240573393115766,0.12872055414428296,-0.02829439609100626,0.13106187851950563,0.25596875766367294,0.0781123187902849,-0.002208988649666616,0.11991328770989788,-0.12727411540970862,0.07288968475409154,0.0422613676850965,0.2848767103004391,0.06334624300725995,0.13245556804878839,0.0993073196463027,0.18098113521842335,-0.1603733163055197,0.16099982879643895,-0.18607837421396745,0.20936159580227376,-0.11401139197749367,-0.03101421914981237,0.0030913810574827523,0.2175793667319091,-0.041495116071387256,0.24868474021016393,0.1039982972186362,0.21912528861681405,-0.02450755840586349,-0.0033870542345118618,-0.1363937126648991,-0.0999056066852677,-0.06441927289384916,-0.1305718661650865,0.020179347297991364,-0.043714284392250495,-0.08322806627891374,-0.0786985753087448,-0.13291226511565496,-0.04175053327595701,-0.07769726583285905,0.2018161458839425,-0.18162569349010027,-0.090097493487324,-0.10423057880685,-0.17185135829203627,-0.07961289486713216,-0.06267993725620845,-0.10464794532591143,-0.0404160709245455,0.2983360864716797,0.1328484108145125,0.03560062373621695,0.09746017203644322,0.21620788739432809,0.21050033083931388,0.020692032556439335,0.10044975638195977,-0.19782710291184868,-0.06294090700870363,-0.2578552358213375,-0.19578283985063646,-0.1736545482308194,-0.11228038516174109,0.004865420119657408,0.2639315741010656,-0.012359046257351342,-0.031751782599240226,,-0.18826052554866113,-0.1529703817839411,-0.10482192516090821,-0.10134186574864541,-0.03888773210807109,0.0949097016893627,-0.08014501404331913,0.13000550627669272,-0.04367541655677249,-0.12511695054067937,-0.04882864374389798,-0.07148535284128504,0.09100949948407576,0.2655089604242147,-0.08877691250572607,0.11789123484038738,-0.09622380469838097,-0.02365246602534738,-0.15613116969049173,-0.0493885256597121,-0.1712780577187357,0.011294807904977397,-0.13497272310831632,0.09822734907480671,-0.1457122762207508,-0.16142043430179023,-0.040713132238555966,0.0006644549017430373
#12,0.5376476630713919,0.3379946973167312,1.0,0.4893553029146249,0.021598486005265666,-0.0283462198716436,0.1355677711609915,0.2470782030104064,0.175746933374052,0.3231522739997316,0.16086795578321003,-0.16785861362132548,0.1546125478328868,-0.20220482423872255,-0.008380645668781262,-0.055477819884599544,0.48965375236561676,0.6995567215906199,-0.12414247837976651,-0.12832956222786732,0.038890971094360925,0.017774631333953368,-0.022516969974597092,0.09846610863560017,0.26703452296672636,0.08733325004511445,0.02493788087008426,0.22599425311289717,0.06603645247713044,-0.2330927229232314,0.09596468579519427,-0.006747271154050815,0.21320164540503522,0.14632351920487513,-0.18108524549202515,-0.317567336211404,-0.09183821726194608,-0.099292975564162,-0.07104623884284901,-0.06975897314880365,-0.24707959114738776,-0.10994553875909809,-0.26751389293762173,-0.17113276604802027,-0.28331598162106636,-0.17458182373436612,-0.008900734324463137,0.05009693823253145,0.09212509890475992,0.1450006246616416,0.17419268266725893,0.18380460583850414,0.2148738877552437,0.23991634161125686,-0.05967230712993425,0.020546740885723936,-0.22796679576340592,-0.4085171458052814,-0.20143672177570482,-0.10611937052615018,0.050658670997654046,0.14022635887042667,-0.31590666166937353,-0.1999657592877932,0.19670317466927636,0.3168265337756863,-0.2556550387058862,-0.059654724061503725,0.10369059352110199,0.04832567544431951,0.23395892039959837,0.2600568210737702,-0.026182577030034657,0.341641795879084,-0.1708879912269743,0.12830179948824016,-0.2705594654747197,-0.06968447646413749,0.07620224230393723,0.10868649851700699,0.25972598175988004,-0.24330617211973143,,0.037801746276322545,-0.26969373071067987,-0.024025412161005382,-0.059739863129693635,-0.03244538837759177,-0.15831054475122272,-0.3856239907087365,-0.08543057695600069,-0.29707473266795303,-0.18442464035684375,-0.18076088415071465,-0.1871986007579228,0.3696220102999764,0.38626530999412356,0.2571551520704063,0.37413206735240634,-0.0024755109500872213,0.23428004275461903,0.4782576104610003,-0.05676462286631778,0.37471092047363236,0.21022547971700514,0.11783617207346021,0.17962908979858133,-0.02570875960706469,0.0754776347996687,-0.13071114257554936,-0.14183428420716557
#13,0.23890855416279144,0.31321598948717594,0.4893553029146249,1.0,-0.15189920274666038,-0.24638367180740062,0.027763202339473526,0.04507882304492474,0.17075611821374534,0.4624842099418371,0.43610220389881404,-0.12254241915258865,0.06745790474604034,0.06552885705428078,-0.07462346784380683,0.002280709060370077,0.2448021210733075,0.1658800557105642,0.052410499868126986,-0.07348380738211246,-0.0014987252275387869,0.06341333629469223,-0.12224813411254089,-0.038704035314204806,0.10386920047936997,0.10217104623884285,0.19522758505809354,0.23512911987488258,0.15012285012285012,0.00232605486842775,0.06899457238440289,0.13041269312455753,0.07233119097525877,0.2714608290879477,-0.1427624851353665,-0.27757094536755555,0.059429845870523836,0.16465433075602567,0.09795712507576915,0.03670095365010619,0.06125108159006464,0.06534562297274162,0.017202718897634153,0.21065256319493608,-0.1561135866220612,-0.006579769291633698,0.06110856619331195,0.07224651461939598,0.10128032500913857,0.19916017712627881,0.17780554051740494,0.04300818538106674,0.1134575253219321,-0.007691204301373793,0.06076615907124382,0.11467399602992823,-0.06271371525608814,-0.08898976017620086,-0.026089109139956598,0.054026291314426905,-0.13233433741908318,-0.03501390450542993,-0.1832997866896172,-0.1999708491233915,0.19994817621936267,0.15584567618465925,0.01409560562102935,0.050263051957967216,0.1425931324236409,-0.02002665223004206,0.05340440594677883,0.08127449483381687,-0.17825714774867318,-0.04083621371756965,-0.18606865725509794,-0.14691717912056895,-0.34061596264986094,-0.2911196250179301,0.10875127824280367,0.047841215637825805,0.10157923717245751,-0.03098414284854963,,-0.20027947824557993,-0.2576613593562746,-0.19123298953807427,-0.22188583036040663,-0.13067273745239846,0.0164943063248148,-0.09461680478629632,0.17576497915480965,-0.07276105072715242,-0.20446424853204515,-0.21682422021405073,-0.14953474275508175,-0.005590027623925929,0.08561149747590426,-0.01895824946672404,0.14402800335003724,0.062000212847670474,0.08395452463249073,0.17810584081770522,0.05649393615495311,0.09883442764798697,0.03148340944951115,-0.05812222083408524,0.006562648935530291,-0.15792464267040537,-0.11190049834117631,-0.16159071243817005,-0.021127907568585534
#17,0.02751241225817497,-0.17947454388132356,0.021598486005265666,-0.15189920274666038,1.0,0.2729017152745966,-0.21534076449330686,-0.2444939546634462,-0.28328174090885955,-0.23995474673440775,-0.10377203089067495,0.389755549077583,0.02995136893441978,-0.2709277844871065,-0.16653849535205467,-0.2139230139230139,0.04838675347149923,0.25095619502399164,-0.31602604144977026,-0.08366764298967688,-0.11345613718495075,-0.13568067296880856,0.1157169496152547,0.2130799520630029,-0.025748552867196937,-0.04311507192863125,-0.046044966383949434,0.02003775732589292,0.0589638945571149,0.011296658754285873,0.18419652317957402,0.15893566910516063,0.07402471809251471,-0.06141626989084616,0.1416607670844959,0.09676841710740015,-0.06075459126306584,-0.21652021821513348,-0.0680890443602308,-0.11235164286011744,-0.2573976133298167,-0.32853685735041666,-0.19642277099904218,-0.12494250799335545,0.2900831494051833,0.2934688155027138,-0.09122049630524207,0.007467714247375265,-0.13600919872106312,-0.0037058630278969263,-0.029903246852399396,0.0708717962955251,-0.0031307116052878767,0.14764780188509002,0.08189869376310055,-0.06994683435361401,-0.11307347409042325,-0.09848739340264764,0.14875599790854027,0.28918826376453494,0.2178940111143501,0.23823715857614164,-0.017495153088373426,0.02100621422655321,-0.25073825751791856,0.08522883438137675,-0.2333953367851673,-0.2247865739391163,-0.17721974671127214,-0.16982143931296473,-0.14690237232610115,-0.03953043953043953,-0.041521953386360166,0.1849997917794528,0.024128597009952943,0.0896569913519066,0.05729998102879459,-0.034212949467186754,0.04939500363229177,0.06878635183719929,0.07865184136370577,0.041547865276678836,,0.22662261645312493,0.4364955093768653,0.40113734690005876,0.3692999625203015,0.054927654927654924,-0.13421017319322404,0.037824419180351385,-0.15106354428388327,0.18950707255792001,0.22817316546130106,0.20702119685170534,0.01800136037424173,0.0721141788938399,0.21640083843473673,-0.10493158798243545,0.06939620668434228,-0.07171161916924629,0.16890850789155873,0.1775163453129555,0.26046909775723337,-0.06413979464826923,-0.09125473701744888,-0.0877001809205199,0.03429114785046988,0.12095531587057011,0.18581000106423834,0.012267891928908878,0.009400463637751773
#18,0.0711184219658796,-0.2035291069189374,-0.0283462198716436,-0.24638367180740062,0.2729017152745966,1.0,0.11409329205939375,0.1281935248036943,-0.08314338992305094,0.04261719346465109,-0.39910789063331437,0.09228334652063466,0.5507863795999389,0.11753772262246838,-0.1885696173831767,-0.2034411915767848,0.11802542141525192,0.034602553246621044,-0.18018018018018017,0.013047562200104572,-0.05166090589819403,0.015776639505453063,0.07197212620941434,0.12941138364867177,-0.0991134431812398,-0.0362627650763244,-0.04351670622857064,0.18187139373580052,-0.017366981773761433,0.043325143325143325,-0.1615717412327582,0.01914657338386152,0.07338663779341746,-0.2764326730428425,0.017454897115914064,0.15069800154545918,-0.19020484274721564,-0.010393907004076495,-0.06374278747160103,-0.15416880671117958,-0.11488591827574879,-0.13096239536917503,-0.21969858919011462,-0.17713877205402628,0.21728184270557152,0.08470782030104064,0.32738516636821724,0.21946630760190083,-0.014503255181221282,-0.026117334591910863,0.03808955334379063,0.13841252654811978,0.043879009980704896,0.18191257513291412,-0.009445809445809446,0.01349500502042875,-0.13452296672635655,-0.04725357098238454,-0.012069851052901901,0.0675245353211455,0.07134006117056965,-0.1315185755863722,0.07387803828481794,0.12716352716352716,-0.02783399732552275,-0.017142566295108668,0.1778120184899846,0.20680325934563223,-0.17444208461157615,-0.164519681468834,0.14281060721738686,0.0010350874757654419,0.02683453869894548,-0.005536815706307232,-0.003120069221764137,0.05094508992814078,0.11133969100070795,0.2659489998473049,0.16623310521615606,0.07886006191090937,0.03824178569941282,0.07249823012534877,,0.1191146462332903,-0.0612404392065409,-0.017166627336118862,-0.026667036836528362,0.17735254514915533,-0.034538236233151484,-0.05879546727004354,0.010823766755970146,0.025488971251683114,0.06581805225873022,0.08622644215864556,-0.15439322218983237,0.15452925961400538,0.010134325388562676,0.19827917285544405,0.2346714973833618,-0.04992249568520755,0.2760662048797642,-0.049752680261154834,-0.14881106067546745,0.11224429360022581,0.06572458436865217,0.2779790576400746,0.14061041010193553,0.07299610858932892,0.10698834427647987,0.03419490368642911,0.0513379326938649
#26,0.05320543964611761,0.002902594428018157,0.1355677711609915,0.027763202339473526,-0.21534076449330686,0.11409329205939375,1.0,0.21663774714622172,0.06141210547990209,0.15060453365538112,0.04394378970650157,-0.16380155193714516,0.08461666597259818,0.519078554671775,0.16116733065885608,0.1717097683199378,-0.051234285132590214,0.0363937126648991,0.20850233901081358,0.03265129536315977,0.0895140132428268,-0.03260271056881226,-0.2063743250183928,-0.17557249082672813,0.04247837976651536,0.018780105220783185,-0.08799539138522189,-0.03688696400560807,-0.07632948819389497,0.11227853431243262,-0.1870732057172735,-0.0038363479041445144,-0.1544445832581426,-0.15410495241003716,0.006153148526029882,-0.04605792232910877,0.10002776273962714,0.02072581055631903,-0.13432122415173262,-0.05105336461268665,0.29419388571930943,0.15101958661280696,0.030991546245783534,0.1270335049996067,-0.14356112661197407,-0.18610567424126745,-0.07292438817862547,0.08835630700037479,-0.14953705631671732,-0.18663779341745443,-0.28853630209562414,-0.2234155573138624,-0.20426389409440257,-0.13974467533789567,-0.0018059662127458739,-0.03028405909761842,-0.13380067278372362,-0.29788633008971993,-0.0987987987987988,-0.4553931435287368,-0.03389691694776441,-0.21799904681260612,0.10082686692856184,0.25182563148664844,0.16184659235506693,-0.012501561654104027,0.277976744078439,0.5424904102870205,0.06397506905981483,0.08410583156345869,0.32992082992082994,0.16262487448928126,0.2899299916249069,-0.15727730812476576,0.02022978294164735,-0.15082108302447286,0.06330459889781924,0.05643933610035305,0.08120462527242188,0.11738410212986485,-0.1103263510043171,0.056343091936312276,,-0.04462629038900225,-0.19194001397391228,-0.13854301142436737,-0.27539203301915166,0.15816293951887173,0.19153930509862713,-0.0034999560423289236,0.050706793079674434,-0.11650124700972159,-0.3178296941008805,-0.07492099187014441,-0.11589000402559725,-0.0018943442672256232,0.11876992554958657,0.08882272102611086,-0.019822133381455415,-0.07623046775589148,-0.036683370581675666,-0.14681769597023833,-0.0879301489470981,-0.1010656264893553,0.019532012752351734,0.05018624171166544,-0.062375009832636955,0.020914134473456508,-0.2745660915152441,-0.0675416556772489,0.03861288098576234
#49,0.554496869751107,0.03370720489364557,0.2470782030104064,0.04507882304492474,-0.2444939546634462,0.1281935248036943,0.21663774714622172,1.0,0.1953594580713225,0.16270168473558305,-0.04601396465803245,0.06405558100473355,0.32887972718481195,0.00010642383523739455,0.07581032496286734,0.050501811518760674,0.2696095170671442,0.19432251974624856,0.041677887440599304,-0.10017536797197814,-0.03695868441631153,-0.187486870537718,-0.21073122429054633,-0.21022316615536954,0.004618331736975805,-0.19421563319868404,-0.06568479110851992,0.05893798266679623,0.1071197545773817,-0.06412359971682005,0.173373219135931,0.004455919710156998,0.0833386545250952,-0.08716852445666005,-0.02948125321006677,-0.06032658236048066,0.08307305764932883,-0.021712313237736966,-0.028032963626183967,0.016740931995169284,0.06435773215434232,0.1160052193950499,-0.03164073164073164,-0.015346779753559414,-0.35537648588496046,-0.4072409852070869,0.10689024926313062,0.13314732297783144,-0.014139563292105665,-0.12611733459191085,-0.06493427171393273,-0.17201284489420082,-0.08524086490188185,-0.12068694272084103,-0.18207359902275155,-0.13740288825034588,-0.19635799127324552,-0.29768042310415194,-0.10767547208225174,-0.28488457641000015,-0.02591050218168862,0.034876016231948435,-0.03163795536676892,0.0009707704622958861,0.17573027573027572,0.04293831581967175,0.045715977919367747,-0.014997894658911609,0.0018309526784103056,0.1427189901766173,0.2605699690445453,0.2956310702073414,0.1898508678169695,0.08520940046363776,-0.0378271954543141,0.004210219464456753,-0.15897499965296574,0.08645733560987798,-0.004720591161269127,-0.03797665153597357,0.2131086402272843,-0.008372779559220236,,0.31178805924568637,-0.23603140891276483,-0.22683361327429125,-0.22991851635919433,0.11994012502487078,0.13246621043231213,-0.157728915356034,-0.021479568937196054,-0.2628196763789984,-0.3878431590295997,-0.16960257638223739,-0.05441728323084255,0.029471536251197267,0.04382903704937603,0.21105095850858563,0.01834284207165563,-0.054917012544131186,-0.04826367199248555,0.2610687729331797,-0.15618253075880195,0.2824011993503519,0.08703803958041247,0.1606083741676962,-0.1283341893511385,-0.03256800714427833,0.1740464655718893,-0.07795407117441015,0.0371419184978507
#50,-0.01711572898013576,0.4633207938292684,0.175746933374052,0.17075611821374534,-0.28328174090885955,-0.08314338992305094,0.06141210547990209,0.1953594580713225,1.0,0.3032038201529727,0.2726564777412235,-0.22303983490424167,0.20019341375273578,0.1239291679969646,-0.16084898457779814,-0.057423987932462506,0.08119352017657103,-0.05368157063072317,0.034792728013066994,-0.1405636761568965,-0.16319863777490895,0.009100163337451473,-0.14583720854907295,-0.17921635040279107,-0.03659591795185015,0.11798701629210104,0.04647667698515156,0.10830753712109645,0.02211441025000347,0.1268664658495167,0.042685212176737604,0.14939592905694601,0.23876326249207605,0.33477560765696357,-0.1429179564772785,-0.157258799631681,0.17161444958055128,0.17471138318595947,0.14758533572092894,0.13258929191132582,0.15390922509566576,0.12068462915920543,0.1289297001161408,0.013408015102930358,-0.013953090224276665,-0.0990097956199651,-0.008036850409731766,-0.101060536653757,-0.04056969141714904,-0.180637802671701,-0.0911339691000708,-0.09562968207036003,-0.04149465335906014,0.01830304881152339,-0.13503611469713164,0.1332870621006214,-0.26980524438151554,-0.1905088447461329,-0.00829365575128287,-0.31298185704965364,-0.09339987136597307,-0.006136028169926475,-0.22251928353623268,-0.12992360619479262,0.19738891433806688,-0.1062021960327045,0.23962251928353623,0.13080738673959014,0.043215943215943214,-0.09817459986951513,0.19185903931666642,0.048656977470536794,-0.03783506156387512,-0.07106891174687785,-0.23355080812707932,-0.17284109995974403,-0.18423770457668762,-0.10165512199410505,-0.17032348218788898,0.0339501288653831,-0.021261168718795836,-0.09383343281648367,,-0.12928043606009706,-0.17644331542636627,-0.1504708097928437,-0.13775223605732081,-0.042726393573851204,0.07336489031404286,-0.06444518478416783,0.25987543784153955,-0.12040885261224245,-0.24354215540656218,0.0015736846245320822,-0.10530314598111208,-0.020889148007792076,0.04581129665875429,0.15141335480318532,0.1662604052434561,0.19124455734625226,0.04414692041810686,0.06867900257730766,-0.08783436749538444,0.11745026999264288,0.005600670007449669,0.09495921190836445,0.22033111694128643,-0.15582716769157448,-0.14262274601257652,0.08531258531258532,0.04352919946140285
#51,0.2272926239027934,0.15416001517696432,0.3231522739997316,0.4624842099418371,-0.23995474673440775,0.04261719346465109,0.15060453365538112,0.16270168473558305,0.3032038201529727,1.0,0.3417870875497994,-0.06300707487148165,0.25727499456313013,0.18039904311090751,0.11519177112397451,0.08866401069790901,0.4944275554445046,0.1759278538939556,0.0846125015616541,-0.07833627155661053,0.15167293641869914,0.14421910354113743,0.032795661609220934,-0.041476607578302495,0.20315939976956926,0.0841835672344147,0.3405775575267101,0.12477639426791969,0.14338622135232304,-0.017613607444115918,0.12932855814211747,0.10748390917882443,0.3141483548263209,0.1444046511843122,-0.16452292045512384,-0.02634637719383482,-0.048040181938487025,0.08259183682912496,0.18930949439424016,-0.0015005760768472634,-0.054560724052249474,-0.04472160912838879,-0.1255074797447679,-0.06805711720965958,-0.18555874827061267,-0.1992416144958518,0.3100843524572338,-0.032372742542234066,0.08579241799580782,-0.11031987303173744,0.1780424492288899,0.043313575516965346,0.21149053521934877,-0.013923476635341043,0.03366232179791502,0.09984406594576085,-0.13424256305612237,-0.18811014404234744,-0.15218053184154878,-0.08170805628432747,-0.06579954376564547,-0.04733315750264903,-0.07276428971344226,-0.09228704821925161,0.283804143126177,0.062068231559756985,0.024133686845551252,0.10734000564509039,0.1940185177473313,0.03751671548281718,0.23432353771336822,0.13435453943928521,-0.04818316004756683,0.0067963186607254405,-0.144978877182267,-0.14823035670493298,-0.1863823762128847,-0.14330617211973143,0.1566174803462939,0.06040154175747396,0.04776440539152404,-0.10015732219122049,,-0.13461088206850919,-0.2850793782997173,-0.1270071303969609,-0.2125177565855532,-0.2029104605375792,0.004679409764155527,-0.2237889661618475,-0.01936266004062614,-0.1620057653955959,-0.2292545241697784,-0.25267563403156623,-0.24344406039321292,0.2384805452602063,0.0986826580046919,0.2608753591804439,0.15531864684407057,0.18730132289454324,0.15816155138189036,0.19841891197823402,0.056289880018693575,0.21793472979913658,0.11523757964435931,0.2642739812231338,0.08871675990320058,0.012133242641717218,-0.15527885358393834,-0.05633568853907837,-0.06325462596649037
#52,-0.049691139521648,0.3309327817802394,0.16086795578321003,0.43610220389881404,-0.10377203089067495,-0.39910789063331437,0.04394378970650157,-0.04601396465803245,0.2726564777412235,0.3417870875497994,1.0,-0.1529865767153903,-0.16187342967003984,0.21954543140983818,0.17685698024681076,0.25014829930084165,0.21624582980515183,0.056365302128013994,0.08689598689598689,0.10149132183030488,0.07820763752967143,0.08780521661877594,-0.017951387442912865,-0.029068051101949408,0.17610646085222356,0.04760245607703235,0.06018823137467205,-0.11349731858206434,0.23343929445624362,0.03758658504421216,0.23070327646598834,0.18348996145606314,0.016811264268891388,0.14472993795027694,-0.07761444032630474,-0.10027670197161723,0.09654770332736434,0.05536306722747401,0.14794208692513777,0.04058496092394397,0.12954880920982617,0.08192321751643786,0.16939343041037958,0.21141233683606564,-0.07105132867844732,0.06521791437045674,-0.2070105544681816,-0.15234386929302182,-0.05888291989986905,0.04757099163878825,0.030417320247828724,-0.083532068277831,-0.010640995386758098,-0.06821027498993601,0.09584021617919923,0.16283031876252216,-0.1659365066144727,-0.04005608073404684,-0.1772576891220959,-0.04928348996145606,-0.172510723358181,-0.0024773617993956976,-0.16832456493473444,-0.14479795666236345,0.08067111795925355,0.04276248513536649,0.01234979201080896,0.0024852279089567224,0.19525210881143085,0.1565397446753379,0.08869454971149886,0.1626109931194677,0.05123659869422581,0.02118713474645678,-0.06220750797021984,-0.20779670271195694,-0.19132692014047947,-0.32331468602655045,0.1795800422919067,0.011036151714117816,-0.11026157127852043,0.023379465752347107,,-0.09509987645580865,-0.05317490063252775,-0.07816367985859511,-0.0431428346682584,-0.2721215822910738,0.09644174220445408,-0.015890929450251483,0.17668392583646822,-0.08165762064067149,-0.1371488591827575,-0.16261793380437448,-0.1288501135958763,0.06208581462818751,0.044892812689422856,-0.20117806558484524,-0.11714117815812732,0.009185765117968508,-0.11002049815609137,0.1156901123002818,0.23368730826357945,-0.17921403684115547,-0.06300938843311725,-0.2033611423441932,-0.1785102513916073,-0.1865184136370577,-0.2442278950753527,-0.1354368235724168,-0.12167020641596912
#53,-0.0023676989778684695,-0.20415700754683805,-0.16785861362132548,-0.12254241915258865,0.389755549077583,0.09228334652063466,-0.16380155193714516,0.06405558100473355,-0.22303983490424167,-0.06300707487148165,-0.1529865767153903,1.0,0.10662927951063544,-0.03309364834788563,-0.05634818177191059,-0.10642152167575897,-0.13277483955450056,0.008804490160422365,-0.09445763174576734,-0.21081127352313794,-0.1410263884840156,-0.3976693180083011,-0.03223855596736953,0.052132872471855524,-0.16762957101940154,-0.07847369711776492,0.09500085601780517,-0.0998426778087795,0.0469037604630825,0.21444541614033139,0.13706233197758622,0.3304214846587728,0.10495657444809987,0.09184885964546982,0.22877839318517285,0.3476279052550239,0.14074876108774415,0.05197925197925198,0.15515114498165344,0.1355946084759644,-0.025836005497022446,0.024386790488485403,0.003107113276604802,-0.022470698741885183,0.08545093629839393,0.02101037863749728,0.058725597708648554,-0.06940129651994059,-0.14041236922592853,-0.284662474492983,-0.09279279279279279,-0.23831535695942477,-0.21593951424459898,-0.27685929380844637,-0.16072821666042006,-0.30782770443787394,-0.004894108283938792,-0.005177288228135686,0.16776329488193895,0.027655390367254774,-0.013684717074547582,-0.009724362266735148,0.25572028114400996,0.0786162125145176,-0.19178500534432738,-0.18193200905065313,-0.003548078124349311,-0.19218016167168708,-0.0669845500353975,0.061480124191988596,-0.10325564393361003,-0.039953358597426394,0.10512546444749835,0.13292290749917868,0.045678498220871104,-0.1827042759246149,0.057030682454411265,-0.12713391357459153,-0.08356954797632764,0.07844269539184794,0.1424936492733103,0.27348750908072944,,0.34366893858419284,0.4828379997871523,0.09540526659170727,0.010621098756691977,0.11626341287358237,0.09909308383884655,0.3241322987085699,-0.17777777777777778,0.21241781072289548,0.1495560275221292,0.025624545963529016,0.04235391015052032,-0.15877880962626725,0.06984596306630204,-0.11346585414382025,-0.12591698015426828,0.02967790594909239,-0.08835445615106632,0.08188943951655817,0.33880166761522695,-0.1386771979992319,-0.0823142094328535,-0.01600707024435838,-0.11340338797965917,0.0034115779878491743,0.05388979117792677,-0.04686674347691297,0.12684379294548787
#54,0.2857442959137874,-0.10849632375056104,0.1546125478328868,0.06745790474604034,0.02995136893441978,0.5507863795999389,0.08461666597259818,0.32887972718481195,0.20019341375273578,0.25727499456313013,-0.16187342967003984,0.10662927951063544,1.0,0.12213153060610688,-0.08764558086591985,-0.13330649601836042,0.3528671969349935,0.12730187814933577,-0.15315361586548026,-0.2849368629029646,-0.09484214568960332,-0.1342305325356173,0.05418916605357283,0.023525220135389626,-0.01763905662210747,0.0037169681237477848,-0.050603608230726876,0.10346201363150516,0.21474432830365034,0.05730877256300985,-0.06612899494255427,0.07218960100316033,0.40962256555476895,0.10814743865591324,-0.04145300924961942,-0.07121188985595765,0.016208812818982312,0.17135903237598152,0.23678470458131476,-0.043695313186838614,-0.06264939824261859,-0.041064793607166486,-0.1782844477759732,-0.10139045054299292,0.05085162203806272,-0.027168616999125473,0.31660628270797764,0.18390223813952628,-0.10724422419337673,-0.14894987437360319,0.0834450783603326,0.060222934799205985,0.09650929820421346,0.10067694813457526,0.011942605162944146,0.001660211829703355,-0.19173595783765277,-0.12629640426250596,-0.05242947107353887,-0.1417070383172078,-0.06769064904658124,-0.04722164383181332,0.07803921024260008,-0.010606754674551284,-0.03841252654811977,-0.23382334568775245,0.31159372006829633,0.11429688548332616,0.015194084685610109,-0.0876636266466775,0.21281204162560094,0.10476084713372849,0.17816321714626798,-0.003260271056881226,-0.0908965976762587,-0.022343915564254548,-0.05070956935363715,0.07891512467783654,0.3132636488568692,0.19739492959831942,0.17593849627747932,0.024178569941281806,,0.12193950499035244,-0.17915295881397578,-0.1746183780082085,-0.21512467783654224,-0.05210418430757414,0.09172207646783918,-0.19302229810704388,0.07995113757825623,-0.23320099760777727,-0.23566679159899498,-0.15458571051791392,-0.3033495745360152,0.1038530055479208,0.00022580361563412412,0.2137434815400917,0.28344183937404277,-0.015220459288255899,0.23307467714247376,0.2965125371905033,-0.15307634290685138,0.3432622144486551,0.18549489396947025,0.33080275961631894,0.2875470231402435,-0.049450066399218943,0.028098668776634878,-0.043040575243965075,0.07892021451343485
#58,-0.3008500025449178,0.09154624578353392,-0.20220482423872255,0.06552885705428078,-0.2709277844871065,0.11753772262246838,0.519078554671775,0.00010642383523739455,0.1239291679969646,0.18039904311090751,0.21954543140983818,-0.03309364834788563,0.12213153060610688,1.0,0.07894011114350097,0.11314241822716399,-0.21643785542090627,-0.32928460047104113,0.25569390654136415,0.13823253145287043,-0.020666120666120665,-0.04024024024024024,-0.10756442112374316,-0.10478583359939292,-0.10961562486986216,-0.04055118292406428,-0.06787804753906448,-0.0970187444763716,0.03770642753693601,0.4822984772137314,-0.12188629307273376,0.17358282782011594,-0.06784056784056784,0.0028965791677656085,0.0781197221875188,0.138502755451908,0.22859469639130656,0.2318096216401301,0.03526330644974713,0.009679941883331714,0.5886728022321243,0.3097211232804453,0.36287566457057985,0.37313260872582904,0.11688437281657621,-0.024373371830998948,0.06226858599739956,0.06886732649444514,-0.12249614791987673,-0.22399441043508841,-0.2197925197925198,-0.22266550063160231,-0.23863555388979119,-0.21225771225771226,0.03450630908258027,0.053124464988871765,-0.03507914694355372,0.014874350467570806,-0.03318433996400098,-0.2653012025893382,-0.3359578376527529,-0.42814401458469253,0.22728013066996117,0.23444014121980225,-0.03107575988931921,-0.22430581583123957,0.6299236061947926,0.5542197050671627,0.11421776167538879,0.0659411337377439,0.20553080044605468,0.03681154189628766,0.30644234373047935,-0.23809325504240758,0.05241929140234225,-0.3184307574138083,0.034426722562315784,-0.14446434107451056,0.18447507600049973,0.0909960808265893,-0.3429998565591786,0.38393971783802294,,-0.22716491530050853,0.04652156008088212,-0.3143903533734042,-0.39235599235599233,0.032908100704710876,0.34211098617878277,0.3382242026309823,0.35701078582434514,0.09268266725893845,-0.10245376347071262,-0.11536852723293402,-0.1688807451519316,-0.18228089414530094,-0.08283105910224554,-0.02163781655307079,-0.12281680756257027,0.08886390242322446,-0.03202709643387609,-0.3471878658319336,0.20560437170606663,-0.33521333351841825,-0.006340084306186001,0.017034291610562798,0.0030918437698098716,-0.25803754447822247,-0.4506600591346354,-0.1467927095045739,0.045697932138610106
#101,-0.1507687965315084,-0.04240573393115766,-0.008380645668781262,-0.07462346784380683,-0.16653849535205467,-0.1885696173831767,0.16116733065885608,0.07581032496286734,-0.16084898457779814,0.11519177112397451,0.17685698024681076,-0.05634818177191059,-0.08764558086591985,0.07894011114350097,1.0,0.6016870491446763,0.24654839739585502,0.09112471485352841,0.37046599758464166,0.14261950702628667,0.5943308485681367,0.1538763725204403,0.09755132636488568,0.01498678956306075,0.4295067023880583,-0.14852464174498073,-0.17427226918752342,-0.4546745512847208,0.0150534201381659,-0.19251886709513827,-0.02508733695174373,-0.26709513828157894,-0.053368314385263536,-0.26664168020100226,0.09063840419772623,0.029162444416681706,0.13864897254727762,-0.12438817862546676,0.06568294025921144,-0.031987303173743854,0.07810537810537811,0.08432330635720466,0.15966536644502746,0.11605796860034148,-0.14550451838587433,-0.08510899188865291,-0.33000365542738425,-0.3077323856984874,-0.26699149072030426,-0.17978965097609165,-0.26706367384333485,-0.13340366560705544,-0.11182091182091182,0.13279751245852942,0.36916901493172677,0.2599804735397956,-0.05664478037359393,-0.10213773095129028,-0.39244807210908905,-0.09219681931546338,-0.38418588079605026,-0.3547282259146666,0.0704067704067704,0.036537153486306026,-0.14876895385369962,-0.08298930671812028,-0.020300115215369452,-0.05343401953571445,0.4931777694489559,0.377394189258596,0.4098451301841132,0.395998463795074,0.36969650698464257,0.05357190780919594,0.17263843196046585,-0.12690440826034047,-0.19319581522971355,-0.23337035031950287,0.2668586922824211,-0.04620413942447841,-0.1390186796966458,-0.014144653127703976,,-0.008798012187842697,-0.06372057727989931,-0.30391454628742764,-0.2691717912056895,0.025234016759440488,0.08398969076935178,-0.14102361221005288,-0.144644798882087,-0.30830013372386256,-0.08694225812869881,-0.38286020997885406,-0.17671168857609534,0.32337021150580475,-0.1562366681010749,-0.13421063590555116,-0.10890165974911738,0.03246759856929349,-0.13574082557133405,0.028244423159677397,0.06374139933461967,-0.10365635280889518,0.019118810644234374,-0.15011683486259758,-0.00706607994743588,-0.27637390857729843,-0.157375403138115,-0.31382815789595453,-0.17077601484381144
#102,-0.10516248143366787,0.12872055414428296,-0.055477819884599544,0.002280709060370077,-0.2139230139230139,-0.2034411915767848,0.1717097683199378,0.050501811518760674,-0.057423987932462506,0.08866401069790901,0.25014829930084165,-0.10642152167575897,-0.13330649601836042,0.11314241822716399,0.6016870491446763,1.0,0.06900567748025375,0.062295423312372464,0.39406802796633306,0.22940721923772772,0.13858095383519112,0.3152408186306491,-0.11719809177436297,-0.18886621598486006,0.2332495824021248,0.23486213486213486,-0.15095943401028147,-0.3245538296385754,0.2335748691680895,0.08470735758871352,-0.08509834950512916,-0.12946829726490744,-0.1540068573966879,0.06460019341375274,0.13902700851853395,-0.00495749987275411,0.1804157007546838,0.2990047057843668,0.19605352656200115,0.4349195111906976,0.2301984573171014,0.2767806327128361,0.13369008453754216,0.40014667980769675,-0.17216045012655182,0.003540212014788286,-0.16645474442084612,-0.3113410791376893,-0.34481230074450414,-0.24756590180318994,-0.2891878010522078,-0.27810861709166795,-0.24730308120138628,-0.12489253506202659,0.18749473664727903,0.4799483613042935,-0.3745623898166271,-0.008618942517247602,-0.28388141608480594,-0.21545274087646968,-0.41671594552950486,-0.2889152634915347,0.09378947514540735,0.09213342772664807,0.1913084116473947,-0.10708088674190369,0.057712257712257714,0.0984910951012646,0.43554371011998133,0.5498711346168973,0.33982194829652457,0.3728355474118186,0.21793241623750098,-0.11893603927502233,-0.11559294271158678,-0.3333934859358588,-0.3377249360300208,-0.35384537079452333,0.15578552358213374,0.36521560080882115,-0.07894936539004335,0.08386522115335675,,-0.05263676619608823,-0.16350032621219063,-0.34695234525743,-0.3135079609655881,-0.09188587663163934,0.141408588866216,-0.19606648250716047,0.06613547291513393,-0.3730724561233036,-0.3506563574360185,-0.34265050875220365,-0.2092556346793635,0.047916637747146225,0.13660563491071967,-0.21494283189198443,-0.23642378896616184,-0.09637418620469468,-0.38376064816742783,-0.004913079489350676,0.003391681357783053,-0.20074311599735328,-0.19493237459339155,-0.285319063285165,-0.1919215054808275,-0.39430354854083666,-0.2645252340167594,-0.2559502491705882,-0.12741246639551723
#201,0.3595006408565731,-0.02829439609100626,0.48965375236561676,0.2448021210733075,0.04838675347149923,0.11802542141525192,-0.051234285132590214,0.2696095170671442,0.08119352017657103,0.4944275554445046,0.21624582980515183,-0.13277483955450056,0.3528671969349935,-0.21643785542090627,0.24654839739585502,0.06900567748025375,1.0,0.5194154092459177,-0.1343369563708547,-0.10219325643054457,0.22323787578024867,0.04091996464877821,0.16303807659739863,0.025101218321557303,0.38479203394457634,-0.19688733417546977,0.10273786883956375,-0.013037845241235071,0.28051842289130424,-0.26773923384092874,0.3088077291467122,0.017329039362937667,0.5459704696992833,0.011332750315801164,-0.12287649745276864,-0.18074145023297566,-0.05598217632115937,-0.2090279802144209,0.1762452745503593,-0.25665727360642615,-0.27068347237838764,-0.18815872883669493,-0.22637136365949925,-0.22446637700874988,-0.12300651961668911,-0.16910932504152842,0.20132520810486912,-0.096006329904635,-0.0014654099399862112,-0.006280394415987637,0.17692962608216845,0.16093689991995078,0.3732108071091122,0.2770226312599194,0.17412744022913515,0.07259493700171667,-0.12232864605745962,-0.31882730187814934,-0.1567604584553737,0.0023630718545972784,0.047489554269215285,0.21840299467418112,-0.28065214675384165,-0.24986419393199055,0.1670983772678688,0.21684643040575244,-0.22377508479203395,-0.23147415520296877,0.11687604399468807,0.016588236927219977,0.35988469208808194,0.4034934780697493,0.1162060365450196,0.224222064900031,-0.08240536376129597,0.05895001318730132,-0.10492927442079984,0.09255773493061628,0.28385781775612284,-0.03831998408269595,0.15335443301544996,-0.24278053091612414,,0.04363330973500465,-0.26126588838453246,0.0020822054720359803,-0.005073177954533887,-0.21150487930148948,-0.09885293614107174,-0.42414247837976654,-0.15765904579463902,-0.3084449626822508,-0.24487754318262792,-0.2220015084421864,-0.23070697816460528,0.5976336891591129,0.011394753767635124,0.31144889110990803,0.26517673297334315,0.06654451061230722,0.23539425403832184,0.624525141474294,0.06442343730479323,0.466337678202085,0.19458302678641662,0.2550646177764822,0.17667096989130887,0.10863837643498661,0.022412396988668176,-0.08781169459135561,-0.12654950790544012
