,#10,#11,#12,#13,#17,#18,#26,#49,#50,#51,#52,#53,#54,#58,#101,#102,#201,#202,#301,#302,#401,#402,#501,#502,#601,#602,#701,#702,#801,#802,#901,#902,#1001,#1002,#1101,#1102,#1201,#1202,#1301,#1302,#1401,#1402,#1501,#1502,#1601,#1602,#1701,#1702,#1801,#1802,#1901,#1902,#2001,#2002,#2101,#2102,#2201,#2202,#2301,#2302,#2401,#2402,#2501,#2502,#2601,#2602,#2701,#2702,#2801,#2802,#2901,#2902,#3001,#3002,#3101,#3102,#3201,#3202,#3301,#3302,#3401,#3402,#3455,#3501,#3502,#3601,#3602,#3701,#3702,#3801,#3802,#3901,#3902,#4001,#4002,#4101,#4102,#4201,#4202,#4301,#4302,#4401,#4402,#4501,#4502,#4601,#4602,#4701,#4702,#4801,#4802
#10,1.0,-0.06854389057778888,0.2701106345174142,-0.06672774469384639,0.09722418874961247,0.17065941133737744,-0.007829092574855286,0.11989477921681312,-0.125006825006825,-0.011258253631134987,-0.15508034999560424,0.009177899008407483,0.025365427060342314,-0.28871629719087344,-0.10257545681274495,-0.11811888930532999,0.0565059666754582,0.2410217613607444,-0.23146351281944502,-0.18879634642346507,-0.14975777009675315,-0.17862130235011592,-0.053124464988871765,0.03210159311854227,0.10870223073612904,0.03550345414752194,-0.021983925373755882,0.05708944691995539,0.04212116584997941,-0.06262209821531856,0.037248342333088096,-0.04095836977192909,-0.13388812541354914,-0.11782738053924495,-0.06101371016625254,0.17965453897657288,0.051976012992962145,-0.11300823165229945,-0.06649407496865124,-0.13055428309665598,0.06496851242613955,0.21717912056895108,-0.1408815595256273,-0.2564268428675208,-0.04612177663025121,-0.1271306745883017,0.16987789021687327,0.07389191965463152,0.07549151616948227,-0.15809630894376658,0.022758505809353267,0.04004219936423326,0.08808654571366435,0.15620289010119517,-0.09689427486037655,-0.04691070114798929,-0.06780262542974408,-0.09294456243608785,0.01943576858831096,-0.11757982944423623,0.00965125371905033,-0.05198526723950453,-0.05042222499849618,-0.13211778804999144,0.1449835043055382,-0.11488360471411319,-0.238001638001638,-0.22347941161500484,0.11169181508164559,-0.08324287307338155,0.07594775052402171,0.0952025985924291,0.11624351624351624,0.12012752351735402,0.011656186232457419,0.09402823470620081,-0.06713308069240273,-0.06915929797285729,-0.1680015917304053,-0.05030839776602489,-0.04759736624143404,0.0033953830564000054,-0.09523730201696304,0.0698473512032834,0.0776671895315963,0.1914782270714474,0.01613709240827885,-0.07808918317392893,0.10975582670497924,-0.11723695960984097,-0.14017268424048085,0.06996164114808183,0.17485065959642232,0.08555550928432284,0.019807326586987604,-0.04821693804744652,0.07229093500279941,0.33122938038192273,0.23561728137999324,0.16678836000869898,0.25566706922639126,0.12752444277868008,0.11830628779781323,0.09443819782802834,0.20426713308069241,0.10112485366722655,0.19911992115381946,-0.042542696779984915,-0.18919150275082477,-0.009825233554047113,-0.0436370114336216
#11,-0.06854389057778888,1.0,0.14258249004011717,0.028634026939111684,-0.12740228672432063,-0.16952113901266444,0.10438466201178065,0.23437073437073436,0.2842821249600911,0.34054840665010155,0.05638612418273435,-0.1085120559696831,-0.13172401985961307,0.2277164683944345,0.24892164892164892,0.2105734393869987,0.15264231874401366,0.0868113105401241,0.1017337830897153,-0.07687039890429721,0.24945099182387317,0.028681223596477835,-0.0345410125071142,-0.02218335438674422,-0.017857919552834806,0.12086601239143611,-0.10085277881888051,-0.1561163628960239,-0.02504754369161149,0.1556994590892896,0.13598560039238006,0.050639699792242164,0.04247005094462722,0.31779036355307544,0.021980686387466048,-0.021597097868284308,0.0820865549679109,0.014790136824035129,0.11275836699565513,0.1569807095230824,-0.058797780831679136,-0.060882299865350716,-0.02414525465372923,0.06489540387845473,-0.1399047738030789,0.023290162273213122,-0.06780493899137967,-0.1954954954954955,-0.3183863370304048,-0.06753980482794042,-0.11105188393323986,-0.07225391801662988,0.014719804550313026,-0.17303960354807812,0.18956815058509974,0.07783284054470495,-0.10763614153444662,0.03599948176219363,-0.36495185478236325,-0.15058880143625905,-0.26349662451357364,0.04209294039802514,0.10597083986914495,0.077868006681566,0.030001341865748644,-0.053941152246236995,0.2979922912126302,0.28921232480554515,0.2654455688353993,0.2542220186287983,0.22414016481813093,0.1940351753911076,-0.010200493251340708,-0.03711461847055068,-0.045857567891466194,-0.0639163045942707,-0.14495574156591107,-0.18557818218835168,0.23742926285299168,0.30973176566396904,0.11634762651711804,-0.1887944955741566,-0.037019762443491255,-0.11595293290208544,-0.007010554468181587,-0.20132798437883184,-0.17351480910802944,-0.09852718666277989,-0.19624277590379285,-0.14882956916855222,-0.10480989464040312,-0.17467297806280857,-0.2616036683833294,-0.29071290088239243,-0.2882882882882883,0.13112573282064807,0.18591873846111134,-0.06039645192187565,-0.020044235298472587,-0.02612427527681765,-0.0013025352008402857,-0.026212653331297398,-0.09991948805508127,0.012145273162222315,-0.08409935359087901,-0.0032348218788896756,-0.13456599897277863,-0.2467561552307315,0.24621154282171231,-0.32369734912107795,-0.22641439590592133
#12,0.2701106345174142,0.14258249004011717,1.0,0.07619622704368467,-0.010719193770041227,0.34814475492441593,0.20024662567035448,0.05737077601484381,-0.1278159515447651,0.13892659994354908,-0.05016449423229084,0.19427809936284512,0.000749593969932953,-0.0478240952817224,-0.03007676397506906,0.10609577219746712,0.3240827884895682,0.5378364497008565,-0.4082376675597015,-0.35673963640065337,-0.1862324574188981,-0.37589453860640304,0.2677831915120051,-0.15037364020414867,0.35253820847041184,0.2535344281106993,-0.24725357098238454,-0.3344725310827006,0.20568488365098533,0.09727740066723117,0.32335494199900977,0.04417283230842553,0.26766890156720663,0.213670835704734,0.04979617521990403,0.1690116927405063,0.010433700264208739,0.03543265916147272,-0.05628479018309527,0.11726287150015964,0.12670868094596907,0.09282009282009282,-0.04298042264143959,-0.04206240138443528,0.04337141455785524,-0.010897800728309202,-0.025923458126847956,-0.03079674435606639,0.05181406367847046,-0.19145740501672706,-0.01909891401416825,0.30457113507960965,0.05287136134593762,0.03292892275943123,0.15475552594196662,-0.04908544908544909,0.15891207077647757,0.001954496869751107,-0.14428388326693412,0.09485232536079993,-0.10933753476126358,0.009481438294997617,-0.09057177362262107,0.03629654307620409,-0.20335975420721183,-0.4144509686882568,-0.04742014742014742,0.033408755442653745,0.018289167441709813,0.07964019489443218,0.2440608559252627,0.31921690565758365,0.15452787147702401,0.3104156544834511,0.1898628983374746,0.07592137592137592,-0.05522564166631963,-0.23228528991240854,0.14118463609989035,0.22566156294969855,0.09654631519038298,-0.0681616901955885,0.22781687696941935,0.03118588542317356,-0.1313709703540212,-0.12987733496208073,-0.10815484205314714,0.07357588713520917,0.07976790349671706,-0.08128837620363044,-0.03773372756423604,-0.11430382616823295,-0.1191313038770666,-0.13167219607897573,-0.1380622533164906,0.22590171064747336,0.47944539300471506,0.4630260460768935,0.4555486148706488,0.4810204657662285,0.40872629177713926,0.44312478888750073,0.3036688460417274,0.33538962691505064,0.47751541988830126,0.2796503745656288,0.28680622070452577,-0.03908531027175095,0.09416519755502806,-0.2081849183544099,-0.24448099871828685
#13,-0.06672774469384639,0.028634026939111684,0.07619622704368467,1.0,0.390019757816368,0.22669572500080976,-0.056196874840942636,0.27233304182456725,0.27477755104873747,0.41128694179541636,0.4125293243937312,0.09694054609308847,0.09868219529236479,0.0736758329978669,0.0835639954284022,-0.1626521745165813,0.15182054165105013,0.19002345951498495,-0.046650656820148344,0.02532239481392024,-0.060971603344484704,0.016838101583864295,0.2327322700204056,-0.0627590610641458,0.06926896079438452,0.07555907216924167,0.020713317323486816,0.10141867599494718,0.0202552321196389,0.048096632842395556,0.06921204717814887,0.07465123058343397,0.10663483205856088,-0.18628937103513374,0.030702813753661212,-0.02196032704507281,-0.18082427573952997,-0.13929306810662742,-0.2923712618627873,0.07965546440122712,0.15939236617202718,0.09169200016657644,-0.11406090219649542,-0.006124923074075616,-0.1373191373191373,0.16243747599679803,-0.04600563583614431,-0.01745767338987678,0.003383815248222028,0.12678086406899966,-0.006266975758501182,0.09007111888467821,-0.026298255111814432,-0.12145319433455026,-0.11347788466432535,-0.06189008731381613,-0.14505152301762472,-0.1205675629404443,-0.1509747035170764,-0.08885603631366343,-0.0286997320895626,-0.20083149405183304,-0.15383287756169112,-0.10140803361142345,0.11022640514165938,0.01717865785662396,-0.08538893284655996,-0.13173790122942666,0.029236478389020763,-0.11179453721826603,0.09168644761865101,0.1031529217969896,-0.036694012965199405,0.016060744874304197,-0.08167844269539185,0.023820430600091615,-0.19707288181864452,-0.2189277104531342,-0.010134325388562676,-0.18505531725870708,0.007520000740339723,0.021204255102560188,-0.07265971672751334,0.043474599406802795,0.06607994743587964,-0.07077879111777417,0.15709037234460962,-0.003487000097169589,0.11368286622523911,0.08528250901132257,0.11134107913768931,-0.12017333203773882,0.0577895306708866,0.09925225687937553,-0.038487023232785945,0.08135870847735255,-0.04461148359453444,0.15120605968063594,0.16059958263348093,0.16839258364682094,0.21620418569571112,0.2277409921477718,0.3008125228464211,-0.026748474206101325,0.22677299795943864,0.04030270640440132,0.16479406987881565,-0.03589629691324606,-0.22576844949726305,-0.03861149284878099,-0.10708042402957657
#17,0.09722418874961247,-0.12740228672432063,-0.010719193770041227,0.390019757816368,1.0,0.10193552566433922,0.08971853209141345,0.037416769620159454,0.0605963436471911,0.06406483525127593,0.03439988524734287,0.08864226321853441,0.10912468709078879,-0.19808529639038114,-0.09728156507817524,-0.0944229283212334,0.06033861288098576,0.0167219607897574,-0.12282513638445842,0.1370766760597269,-0.16751620649925736,-0.07685698024681076,0.15184367726740608,0.00624754184076218,0.009769245362465701,0.035783395105429,-0.10569182433589214,0.07389099422997727,0.09407867034985679,-0.02693772354789304,0.01156780817797767,0.2796462101546847,0.09760638913181285,-0.13649088225359413,0.2865392356917781,0.013583383074908499,0.024867085884035037,0.014067842881402204,-0.19881499373024797,0.13411809344012735,0.18355011405858865,0.12511000985577256,-0.20057839040889888,-0.26389316897791476,-0.3364617313769856,-0.038120555069707615,-0.10986919122512342,-0.06680270409083969,-0.08770064363284702,0.07135209169107475,-0.055146055146055147,-0.058677475626628166,-0.1848498729854662,-0.11305496559733848,-0.2854791617503482,0.11539351369859845,-0.1783353461319563,-0.07227982990694855,0.14430192904769176,0.07767320479184886,0.09232776690403809,-0.02576197152468339,-0.042191960836028636,0.015453666301123927,-0.040675652540059316,-0.0014913218303048812,-0.20930005506276692,-0.09059305838966857,0.02115474488355844,0.008833641037030868,0.10971695886950124,0.04135815322256,0.036263690500978635,0.13113313621788197,-0.09502028993554418,-0.02349144213550993,-0.1663626646677494,-0.16731770291092324,-0.019091047904607226,-0.1657375403138115,-0.3132853963362438,-0.1558664982393796,-5.7839040889888345e-05,0.12222499849618494,-0.021424968882596002,0.08504421216285624,0.31855337618049484,0.021474941813924866,0.05282786638718842,0.028141238310729837,0.002394999005168497,-0.027928390640255048,0.2612117510422595,0.27694119389034644,0.17065987404970456,0.0228126431516262,-0.08025282601553788,-0.11633513328428582,0.08712919390885493,0.05266869334665945,0.19501890179856282,0.09482918974444399,0.280723404452218,-0.14104350884011901,0.1710217150895117,0.03369193538685064,0.12360110495703716,-0.10979932166372844,-0.18064890776755183,0.14313496855869737,0.12123942123942123
#18,0.17065941133737744,-0.16952113901266444,0.34814475492441593,0.22669572500080976,0.10193552566433922,1.0,0.10302289963306913,0.2643549558803796,0.10627252830642661,0.0519144722534553,0.1501876298486468,0.39435120791052997,0.2673903487462809,0.07263056585090484,-0.06585506924489976,-0.06432025245584568,-0.010514212209127464,0.19136578797595746,-0.26059171652391994,-0.23099385980741913,-0.28006311396141903,-0.28089136902696227,0.11817117579829445,0.024246125941041197,0.14408075255532882,0.017942595908697602,-0.21083857355043795,-0.0979173318156369,0.2769231481095888,-0.05812684795735643,0.1768671599180074,-0.10369984776764438,0.020173794750065935,0.0535612654256722,0.10961793843149775,0.08759236894830115,0.04817992106127699,0.10850835427106613,-0.008634674736369651,0.10641365556619795,0.11311928261080803,0.2007019346002397,-0.05678313135940254,0.02514378785565226,0.0673648995682894,0.0740510926951605,-0.0488943488943489,-0.06592771508025745,-0.026332495824021248,-0.20878968336595455,-0.13995474673440775,-0.026622616453124928,-0.19473433371738458,0.017011155994206842,0.03714284392250494,-0.19470749640241167,-0.00048214624485810924,0.007146129180027485,-0.11918590393166664,-0.19942068416644687,0.015745637779536085,-0.1533937635632551,0.07339635475228695,0.07037576868085342,-0.15026860450589263,-0.30654414044244555,-0.04792126487041741,0.047572379775769606,-0.08845347658906981,0.0033870542345118618,-0.008807729146712198,0.08534728873711925,0.09614421817811648,0.11300499266600962,0.12344840988908785,-0.04129800062003452,-0.055287645118153594,-0.09893252266133622,0.06059403008555551,0.05677526524984152,0.004168575355016033,0.31618336364099076,0.13148340944951115,0.37290449154855937,-0.37557758066232644,0.11121383324773156,0.11511681172698122,0.008740635859279927,0.10435597384749927,0.14591725778166456,0.12015436083232693,-0.019581985683680598,0.19970293868598954,0.03813073474090423,0.028994479841937468,-0.04067472711540508,0.22660688423400288,0.19821254228033888,0.23668799770494686,0.13439710897338017,0.048024912431692095,0.14932374593391542,0.23575609507812897,0.10898818695428865,0.222357334221741,0.27883970256851615,0.22622051944085841,0.00295256735934702,-0.25899165729674206,-0.008180291231138689,-0.050729928696030394
#26,-0.007829092574855286,0.10438466201178065,0.20024662567035448,-0.056196874840942636,0.08971853209141345,0.10302289963306913,1.0,0.0485311197175604,0.24416681704817297,-0.0002813290948884169,-0.1717477107307616,0.016056580463360125,0.12313561635595534,0.17584873008601823,0.07100366930875406,0.35837948888796345,0.16889138753545532,0.07004030224369208,-0.04531295548244701,-0.09998935761647626,-0.16127375449409348,-0.2674713234035268,-0.07060388585812315,0.05822633110768704,-0.023784339038576328,0.2078244654515841,-0.24624809709555473,-0.2526649916480425,0.23203820152972696,0.030188740358231884,0.16936566767075242,0.0742694929135607,0.2020826681843631,0.3909650791006723,-0.0009022890378822582,0.10205490544473596,0.4369961641148082,0.35630098511454444,0.19006232735046294,0.28742671793519253,0.07519306671849045,0.06618220686017297,0.109921940430415,0.058730687544246866,0.1092704414738313,0.00047983268322251374,-0.11745212084195135,-0.1519750875683079,-0.22412073090039192,-0.21480031649523174,-0.29546588190655987,-0.19968766917919462,-0.03673288080067741,-0.1802990972482498,0.02377323394272547,0.014046095402027605,-0.07029571944826182,0.09348223416020027,-0.07088197596672173,-0.07063535029636725,-0.14404975082941185,0.038475918136935086,0.20681621529079156,0.22596510223628868,-0.28269317082876405,-0.3508539355996983,0.28828504930199844,0.38457455915083033,-0.06143848008254788,0.15599281870468312,-0.0696849391764646,-0.021308365376161986,0.12036489494116613,-0.13544145069568797,0.11036892053841206,-0.19614791987673344,0.010304603524942509,-0.13990431109075177,0.3392916799696461,0.3519528773766062,0.15326374139933463,0.019755965518677383,0.14400625587066265,0.2024773617993957,-0.15523859761147896,-0.027462902039173225,-0.1850460630121647,-0.015629959697756306,0.034340658069471626,-0.08730641273014154,-0.08355335304487847,-0.20499636770823212,-0.08725643979881267,-0.27890725856827553,-0.1740224045308791,0.09171976290620358,0.23239125103531882,-0.06830004118139711,0.09742130420096522,0.0969729359559868,0.017236034185186728,-0.0028225451954265513,0.13539749302461168,0.05217266573198777,0.07928992166280302,0.013310382801908226,0.08218372455660591,-0.1993993993993994,0.05212408093764026,-0.16305380881652068,-0.1672922537329317
#49,0.11989477921681312,0.23437073437073436,0.05737077601484381,0.27233304182456725,0.037416769620159454,0.2643549558803796,0.0485311197175604,1.0,0.285338497202904,0.2596376037054003,0.4507974846957898,0.2873540720998348,0.19102430627854355,0.37362586006653803,0.1068462915920543,-0.21833636409907597,0.12681279121957087,0.04244737804059838,-0.20048769879278353,-0.27773196925739296,-0.10534386466589857,-0.18370142098955658,0.026016000592271778,0.035702883160510276,-0.08721248212773637,-0.10896736489956829,-0.13989366870722802,-0.08062993656213996,-0.12103305154152612,-0.03860917928714539,0.0386943183553353,-0.2495749987275411,-0.03941059703771568,0.030482099973625398,0.017931028100519626,-0.05794176302650879,0.009907133635947194,-0.08587246722839943,-0.043919728665491375,-0.022916753425228,-0.08512379868312071,0.039752078735129585,-0.03995243317277215,-0.026205712646390614,0.035395642175303194,0.1476931476931477,-0.23103966832780393,-0.1521444402800335,-0.21984526899781137,-0.16806035619594942,-0.16764206425223374,-0.22856091839142686,-0.2069041306329442,-0.12561251544302393,-0.03256060374704443,-0.10858562722969503,-0.14684499599753836,-0.14846402643012813,-0.17662701222023255,-0.2542608864642763,0.0015315778027642434,-0.018470087961613386,0.07133821032126117,-0.09041676499303618,0.03394874072840175,-0.20298773349620808,0.07613561172883207,0.1057274531850803,0.1449177991550873,0.07733264851908919,0.1271787966703221,0.04605468334281894,0.2304992203297288,0.11937607869811259,0.13039418463147276,0.042793486861283474,0.0435037502834113,-0.13409727138540697,0.2154892951503121,0.019210890397331076,-0.002035471526996951,-0.04420938658226794,-0.10917558544677189,0.19038900225340905,-0.18708431081312438,0.24366940129651993,0.13758843589352063,-0.33750190868834934,-0.1614847513152598,0.023686706737554197,-0.1742306250780827,-0.04563130156350495,0.13335646894968928,-0.019449187245797417,-0.054426074765057814,0.05214397756770638,0.013474645678035508,0.08533988533988535,0.13805855161787364,0.09591841456248236,-0.03902099325828139,0.052484533840466044,-0.07332324620460214,-0.18037498206989733,-0.09603594349357061,0.18295460329358634,0.11080248198892266,-0.10589865674611437,-0.016200946709421286,-0.08980043217331353,-0.0924249364927331
#50,-0.125006825006825,0.2842821249600911,-0.1278159515447651,0.27477755104873747,0.0605963436471911,0.10627252830642661,0.24416681704817297,0.285338497202904,1.0,0.3538856267669827,0.2557286099658981,-0.03337729100440965,0.01755669382788027,0.3161458839424941,0.27513707852690905,-0.005919478800834733,0.13861010471179963,-0.05487953284563454,0.18365514975684466,0.008440335558979627,0.10298588264689959,0.09519750875683079,0.028157895954506126,-0.035613116969049174,-0.1463591480540633,-0.06954751361531022,-0.0023815803476820428,-0.013460764308221936,-0.06961645775205097,-0.06293396632379683,0.1570630723173096,-0.020896088692698864,0.018278987770513195,0.11754605144435652,-0.09377281750163106,-0.19634827431437601,0.04429591378743921,-0.0045507757372164155,-0.020738766501478365,0.03608091913176659,-0.03915332898383746,-0.021245436499673788,0.062187611340153715,0.15406053202663372,0.04757423062507808,0.2185524507558406,0.020407464475261084,-0.057851071410393445,-0.09493052374408306,-0.0022913514438938167,-0.18275841326688785,-0.21896380201464946,-0.02308888241091631,-0.13627618373381084,0.04834140766344156,-0.012269742778217355,-0.15537602317263335,-0.07991597144139517,-0.25429373903950175,-0.2701300684351532,-0.17838994618655635,-0.18747530272954002,-0.013511662664205037,0.030358093069957477,0.031658314709162166,-0.028135685762804407,0.25286071896241386,0.01569011230028179,0.12763040390159033,-0.013338608253862492,0.033591989524192914,0.029219820745244474,-0.041206383579264934,-0.1631944733639649,-0.052783908716112105,-0.12746429017615457,-0.1334462351411504,-0.059849063238893746,0.09263639602622653,-0.017862546676105998,0.005020428749242308,-0.051272227543413984,-0.12995368249605538,-0.02451449909077028,-0.18248726384319605,-0.09540156489309032,-0.05777472387641879,-0.15701078582434513,-0.06657690047520556,-0.11906698686359703,-0.014988177700042106,-0.17352406335457182,-0.07597366241434038,-0.18491372728660865,-0.1335017606204047,0.06403198267605047,-0.08242618581601632,-0.09831387627997798,-0.08720230245653975,-0.05256134408676782,-0.10008513906818992,0.050206601054058685,0.01650448599601142,-0.11935386850641087,-0.10506022200937455,-0.025842946181929234,-0.031156271834237935,-0.16894321131609266,-0.12185991847008797,-0.1419513504259267,-0.16715066376083326
#51,-0.011258253631134987,0.34054840665010155,0.13892659994354908,0.41128694179541636,0.06406483525127593,0.0519144722534553,-0.0002813290948884169,0.2596376037054003,0.3538856267669827,1.0,0.5751107039242632,0.013622250910386503,0.03979788725551438,0.18678817492376815,0.2860126690635165,-0.0777782404901049,0.2373112712095763,0.11126334346673329,0.013016560474187594,-0.09098775200470116,0.09727277354395998,0.10319317776944896,0.29212648704174127,-0.11514179819264565,0.006068472170167085,0.009142732871546431,0.020022950531425106,0.05674426352392454,-0.04098057996363081,0.09714506494167512,0.13536047603844215,-0.0696025763822374,0.2066066066066066,-0.06849067866017018,-0.05407718967041001,-0.15284082233234775,-0.11771216516979228,-0.23256060374704443,0.017200868048325674,-0.029599244853482143,-0.027963556777116098,-0.07891512467783654,-0.1574022404530879,0.018288242017055575,-0.16353549234905168,-0.020785963158844515,-0.004095929519658334,-0.033768282920825295,-0.06315699366546824,0.08218372455660591,-0.06807562570274435,-0.017303127472618998,0.2609984406594576,0.08203426847494644,0.031342744902066934,-0.06561538425945206,-0.08920954853158243,-0.21341726934947275,-0.1735670956009939,-0.08894302623116182,-0.11029303571676453,-0.12884178477398817,-0.1659166099844066,-0.11860982708440336,0.09693036642189184,0.021139012664436393,-0.10610965356728068,-0.05836236853186006,0.1377041139753004,-0.11381612737544941,0.09764895866590782,0.08712780577187357,-0.1554380266244673,0.03917692731252053,-0.21279538398182465,-0.17545449918331274,-0.1703748432561992,-0.27485204773340366,-0.03271283610266661,-0.06760319641675575,0.0009235738049297371,-0.09940865364594179,-0.1746757543367713,-0.04453143436194284,-0.04386142691227437,-0.18684925295094787,-0.10317652012567267,0.014830392796494491,0.06419855911381335,-0.14165706538587894,-0.07954950327831684,-0.18876349384823962,-0.11835302174285225,-0.0816312460380257,-0.08861450047890726,0.21406599203209373,0.01755067856762772,0.02363765923087957,0.10649046581249971,-0.01662849289967934,0.16976730197069181,0.28859229028720557,0.09227316684943804,0.00787952821851127,0.15211899110204194,0.1874845569760824,0.177965176270261,-0.12075496143292754,-0.02399579857206976,-0.11799997223726037,-0.11031524590846625
#52,-0.15508034999560424,0.05638612418273435,-0.05016449423229084,0.4125293243937312,0.03439988524734287,0.1501876298486468,-0.1717477107307616,0.4507974846957898,0.2557286099658981,0.5751107039242632,1.0,0.07615273208493548,0.10442861968285697,0.38231513485750773,0.24213134552117602,-0.2524604727994558,-0.03233248656977471,-0.03674537403350963,0.10628640967624019,0.028561843816081105,0.1414618007838347,0.1799705714959952,0.1166058199956505,-0.05392356917780647,-0.0469111638603164,-0.1597921496226581,0.05180943655519927,0.1463878362183447,-0.020388493269849203,0.1501034162051111,-0.008638376434986604,-0.16633212565415956,-0.07699070410934818,-0.22364922703905754,-0.07786152870898634,-0.1797419916063984,-0.28219159066616695,-0.20312932346830653,-0.14346349431095193,-0.18686313432076143,0.07399741806521468,-0.057027906180448555,0.026588838453245233,0.057458228644669325,-0.02750130716232411,-0.021551289347899516,-0.22773127518890232,-0.03772956315329197,-0.12696502357519307,0.22360758292961683,-0.0753179990468126,-0.028913505184691626,-0.002339473525914204,0.016362896023912974,0.016171333120485663,-0.11142529278122498,-0.06419809640148623,-0.14072793903302377,-0.13103874290314968,-0.019328882040746447,0.041824104535968944,-0.06280070517358653,-0.10218816659494626,-0.17853292429563616,0.16071664885224207,0.08552080585978891,-0.06836759718115651,-0.03646450765094833,0.18671830536237316,-0.23126269566947533,0.07484788332245959,-0.08134343897055761,-0.12557596116918152,-0.07714663816358731,-0.13911770013464927,-0.07802347802347802,-0.04942137823493756,-0.14189952664528935,0.0038821564245293057,-0.22982689931842473,-0.12807368231097044,-0.04312154990121092,-0.02919020715630885,-0.015754892026078465,-0.08242479767903496,-0.00319641675573879,0.08438345895973015,-0.1039376819037836,0.04703840975027416,0.12634776533081618,0.007860094300772266,-0.03420415793297149,-0.004603987654835113,0.03226955769328651,0.05854236362710939,0.077141548327989,-0.25486518876349384,-0.14022173174715546,0.04334087554426538,-0.1478407529254987,-0.03957717347547856,0.2651286108913228,-0.1248420994183706,-0.22316893164350793,0.014867872494991139,0.11615467547670938,0.10272259933276882,-0.026085870153666764,-0.01868478648139665,-0.029093500279940957,-0.023331343670326722
#53,0.009177899008407483,-0.1085120559696831,0.19427809936284512,0.09694054609308847,0.08864226321853441,0.39435120791052997,0.016056580463360125,0.2873540720998348,-0.03337729100440965,0.013622250910386503,0.07615273208493548,1.0,0.264185603168654,0.15850025680534155,-0.18791395401564892,-0.223025490822101,0.009569816349477367,0.023805161093296688,-0.2989098497573074,-0.2274790969706224,-0.3302567590703184,-0.24110227330566314,0.16425362188074052,0.09945955200192488,0.05847804661363983,-0.07469056113123909,-0.18772979450945554,-0.061547680191747986,0.3319748099409116,0.05677202626355169,0.07783931851728462,-0.3552876451181536,-0.003972848040644651,-0.058508585627229694,0.0860242368716945,-0.14677420101148914,-0.030155887783006426,-0.09509571204486458,0.051518853213768465,-0.027370359573749406,-0.033570704757145436,-0.07165563097766488,-0.04393777444624902,0.03881462356038627,0.06969789512162393,0.3246125941041195,-0.12071470546046817,-0.053974467533789566,-0.13434898689135977,-0.14072146106044411,-0.08118704220399135,-0.06895524183659776,-0.17904375870477565,-0.09386258369309217,-0.11417149044267688,-0.13284147012960573,-0.03557424913357117,-0.0358463239819172,-0.007237283508469949,-0.10328016768694735,0.22229856975619688,0.04099075963482743,-0.12624087878325166,0.04158950938611956,-0.22985882646899597,-0.31202172897088154,-0.10438651286108913,0.02532655922486431,-0.17819190531054938,-0.08057996363081109,-0.012688034721933026,0.001243770735296159,0.06759162860857776,0.09765728748779597,-0.11297537907707399,-0.1321751643785542,-0.08424279441228594,-0.06493519713858698,0.17682042597296835,-0.016194931449168736,0.28538893284656,0.2573897472202557,0.24356112661197407,0.32600998533201925,-0.28844884946579863,0.30971927243113684,0.30473539795573695,0.11218275286071897,0.026774386096419994,0.23180545722918605,0.02319623167080794,0.14478546342953122,0.20592688219806865,0.26284928996793405,0.14559058287871848,0.03982935169375847,0.08206758376249902,0.12061013247453925,0.11102782289222968,0.07842048520014622,-0.09212417348010568,0.13098229199924116,0.01712128152806119,0.10735527515188532,0.03293863971830074,-0.03214555078961859,0.00669313381177788,0.09676008828551201,-0.21951350425926697,0.22599749209918701,0.1906305380881652
#54,0.025365427060342314,-0.13172401985961307,0.000749593969932953,0.09868219529236479,0.10912468709078879,0.2673903487462809,0.12313561635595534,0.19102430627854355,0.01755669382788027,0.03979788725551438,0.10442861968285697,0.264185603168654,1.0,-0.022182428962089978,-0.2818468699824632,-0.15999620575891763,0.11411503953876835,0.049035013441793104,-0.12385976114789674,-0.15544404188471986,-0.18422567405618254,-0.12247810213911908,0.028446165734301327,0.0064418810181522046,-0.08194033787254126,-0.1712590865133238,0.02686970483580653,0.17642388150862728,0.1593197203366695,-0.10024616295802737,-0.1559516373075695,-0.1979048385828047,0.13437304793236995,-0.07097081673352859,-0.07641786624837472,-0.15105799173595783,-0.1118273897934915,0.044945099182387316,-0.06172258545139901,0.018899022288852797,0.009866877663487834,0.08214855841974486,-0.017139790021145955,-0.17889152634915348,0.05493459561256171,0.2544496730937409,-0.013174808090062327,0.1431284905861177,-0.08933586899688595,0.14626012761605983,0.09369045470740386,0.00017027813637983128,0.10945552640467894,0.09423599254107728,-0.09865026814179356,-0.16317180045993604,-0.132143237227983,-0.10687775603029841,-0.08221241272088729,-0.10904417514587006,0.09117561320951151,-0.04062382875942198,-0.07984934086629002,-0.2452884317291097,-0.00912792607707862,-0.07960364062058978,-0.08299902367698977,-0.07604723367435232,-0.13612163781655306,-0.07248249790622673,-0.1556531878565777,-0.05352054674088572,-0.12933827510098697,0.06026550433330095,-0.2559992966772628,-0.059831017458136106,-0.12117973134922287,-0.10792765030053166,-0.04186482322075542,-0.07312751889023075,0.1511949545847851,0.1154749510681714,-0.023884747613561172,0.2990310803870126,-0.2013659267896556,0.21451158400310943,0.13754586635942567,0.016233336572319623,0.0001017967119662035,0.05837995160029058,-0.12803944159876363,-0.02690070656172351,0.19455295048515386,0.0987307800867123,0.09425172476019934,0.1145620196467654,-0.09303062692893202,0.1701356209830786,0.14134704812670915,0.08697557341625138,0.10724468690570385,-0.039501288653831026,0.05365103161713331,-0.09206124460361749,0.0219237727712304,0.08389761101625508,0.1878769370294794,0.019043388534913958,-0.2609401389062406,0.08513814276526141,0.03333379604566045
#58,-0.28871629719087344,0.2277164683944345,-0.0478240952817224,0.0736758329978669,-0.19808529639038114,0.07263056585090484,0.17584873008601823,0.37362586006653803,0.3161458839424941,0.18678817492376815,0.38231513485750773,0.15850025680534155,-0.022182428962089978,1.0,0.20883317832470374,0.012889314584229839,-0.10102259424293322,-0.03279195991060398,0.13049042879551354,-0.022722414247837976,-0.03789706501570908,0.03901821698431868,-0.03135061101162796,0.07597643868830309,-0.05855161787365177,-0.024137851256495323,-0.051572990556041406,-0.08943535214721655,-0.06290018832391714,0.056841433112619556,0.023904181531300174,-0.28119166932726253,-0.1172767528699732,0.11502241841224892,-0.0895792556809506,-0.20669683551039483,0.04053868969123207,0.09087207392292138,0.21087327697497188,0.035990227515651244,-0.16937862361591174,-0.1323977290078985,0.08993878315912214,0.14772600026837315,0.18557031607879065,0.10120397747516392,-0.2100357676628863,-0.157690047520556,-0.1615240818630649,-0.1254570441011119,-0.25280426805850537,-0.20377850886325463,-0.1498919566716177,-0.14133270404456846,0.09416427213037383,0.04164272130373825,-0.024551978789266925,0.12888759329437297,-0.12783168376388715,-0.11096720757737707,-0.06718305362373159,0.025068828458658966,0.07541378049852626,0.20620497230666723,-0.08859460384884113,-0.11950239916341611,0.4922407769865397,0.15281491044202908,0.06614380173702207,0.07487795962372233,-0.008344554107265971,-0.08900410425834154,-0.021096905842668556,-0.1808589791640639,0.10629427578580121,-0.023360031834608105,0.034550729465983705,-0.008573133996862811,0.1571602419060046,0.16722284688386382,-0.001928584979432437,-0.024987853801413124,0.03920006292887649,-0.09395096174757192,-0.19521786809922403,-0.04546750139970479,-0.06583285905319804,-0.23898906610771017,0.015365750958971297,-0.008991425940578482,-0.0753735245260669,-0.029090724005978244,0.015280611890781382,-0.16976360027207485,-0.10112207739326383,0.03339903848378425,0.09164387808455605,-0.206584859127232,-0.02453763470712623,-0.13896176608041014,-0.25927298639163043,-0.06371178574568405,-0.15056150140895905,-0.20553820384328858,-0.2468676689015672,0.01559803254718509,-0.23578154425612052,-0.10351846453541369,0.15768449497263057,-0.1126075227770143,-0.062445804818686175
#101,-0.10257545681274495,0.24892164892164892,-0.03007676397506906,0.0835639954284022,-0.09728156507817524,-0.06585506924489976,0.07100366930875406,0.1068462915920543,0.27513707852690905,0.2860126690635165,0.24213134552117602,-0.18791395401564892,-0.2818468699824632,0.20883317832470374,1.0,0.32756284790183093,-0.0036461731376985613,0.04530971649615717,0.2813998898744661,0.15214351485537927,0.45751514226090495,0.19185302405641388,-0.009356043254348339,0.08246782992545705,-0.0980043217331353,0.08922250447674177,-0.1737244177922144,-0.27802903057140343,-0.02061707315944604,-0.012283624148030928,0.1411693665930954,0.060960035536306724,-0.030980441149932675,0.23722104230578808,0.04788193432261229,-0.17096433876094894,0.2469986164901419,0.21818598259276226,0.13136726865540424,0.24780790035027322,-0.03016051490627762,-0.029194371567252922,0.04872638431960466,0.21780146864892627,-0.14282495129952757,0.007610229644127949,-0.1307481595617189,-0.2110819602345026,-0.3214300587181943,-0.1740145384213181,-0.25962881217118505,-0.11134107913768931,-0.04192821480957074,-0.006469181045452232,0.40245700245700244,0.1342235918507105,-0.1502024366431146,0.05829481253210067,-0.439170912052268,-0.23792575317999046,-0.51956440261525,-0.33398945941318825,0.17092593363779804,0.14480165836098038,-0.03532577261390821,-0.05569853366463536,0.2640324453883776,0.1546944479147869,0.5852797327373599,0.23104475816340223,0.3678729577034662,0.1733200072183123,0.3089363631736513,-0.2778069286543863,0.3020197393078749,-0.13627572102148372,-0.0066935965241049986,-0.37115821522601183,0.14123322089423784,0.12026448636618128,0.07865831933628543,-0.13331158585395875,-0.07565346548397396,-0.09257809427300953,-0.08211431770753805,-0.45906939296769805,-0.446097715589241,-0.13120300577927696,-0.13132886353225337,-0.0883294696854019,-0.09438498591040964,-0.31812027744231136,-0.10404132946505829,-0.44853019429290614,-0.3777847184626846,0.054378415395364546,-0.004244460176663567,-0.2512662122831614,-0.13672686554042487,-0.18325073918294257,-0.16445814072932716,-0.06029881962085352,-0.018142950346340177,-0.1534085703577229,-0.0905430854583397,-0.08313413567650856,-0.08530379377837005,-0.4115150589726861,0.005121300036554274,-0.561353341014358,-0.46415737771669974
#102,-0.11811888930532999,0.2105734393869987,0.10609577219746712,-0.1626521745165813,-0.0944229283212334,-0.06432025245584568,0.35837948888796345,-0.21833636409907597,-0.005919478800834733,-0.0777782404901049,-0.2524604727994558,-0.223025490822101,-0.15999620575891763,0.012889314584229839,0.32756284790183093,1.0,-0.03832692476760274,0.16968679002577308,0.07438285743370489,1.4806794467811417e-05,0.04635035651984804,0.08435662164475724,-0.022510492002017424,0.1573291319054031,0.09236108219159067,0.15623574267642065,-0.2667568955704549,-0.37609257948241,0.06100029150876608,0.10693466964653406,0.0967573120115493,0.28008717500242925,-0.0023033819643989133,0.34747798646103734,0.008487994928672894,0.25398140821869636,0.2553663062137638,0.40668526770221686,0.24049426930782863,0.4591795185015524,0.16373538407436714,0.09695211390126644,0.0004816835325309902,0.060627345373108085,0.00014066454744420846,-0.09180860367301046,-0.2657569742315505,-0.31046377656547147,-0.25335443301544996,-0.2654029993013044,-0.16443361697598985,-0.10585007195176686,-0.1512648241461801,-0.014334827894149927,0.20436939250498573,0.09478800834733038,-0.013744869677073068,0.23787948194727856,-0.15679469916758051,0.0628243035022696,-0.29599059768551295,-0.09302831336729642,0.19889180397654974,0.2846291592054304,-0.24995581097276012,-0.07279899313797619,0.3311317480809006,0.34338205694137897,0.1919011461384343,0.28286992693772356,0.09278770295719448,0.003930278506549693,0.11067616152361916,-0.2269590083149405,0.15596274240342037,-0.0254667610599814,0.08402439419388572,0.004339316203722983,0.22558151371710694,0.46806868501783755,0.039063100080049235,-0.14846726541641797,0.11684689311807955,-0.10866336290065104,0.1089483936941564,-0.2847392847392847,-0.36853371090659226,0.15163684485718384,-0.013846203676712151,-0.1268761828083862,-0.014106248004553089,-0.22872564397988127,-0.14234511861630506,-0.34893599300378964,-0.33983629237866525,0.028089414530092498,0.26132465285007656,-0.045165812962423134,-0.10793875539638252,-0.07062887232378758,-0.11015838642957287,-0.15905504888555735,0.16989408514832244,0.12103952951410578,-0.014132622607198879,-0.20171342374732204,-0.1268252844524031,-0.22058514600887483,0.0911825538944183,-0.2946524336354845,-0.23273782256833103
#201,0.0565059666754582,0.15264231874401366,0.3240827884895682,0.15182054165105013,0.06033861288098576,-0.010514212209127464,0.16889138753545532,0.12681279121957087,0.13861010471179963,0.2373112712095763,-0.03233248656977471,0.009569816349477367,0.11411503953876835,-0.10102259424293322,-0.0036461731376985613,-0.03832692476760274,1.0,0.3919404766862394,-0.20858192553107807,-0.2666264106942073,0.05800469190299699,-0.13420832234391555,0.3806160551923264,0.012980468912672303,0.12072395970701055,0.10622209266277063,0.11719994262367144,-0.004039015903422683,0.0926549045193113,-0.1565203107575989,0.38536209553158707,0.06314542585729026,0.41506683879565237,0.21395216479962242,-0.06546916716408242,-0.17677415474025643,0.10490428795513541,-0.18734250429165683,0.03298768722497536,0.045592433728026946,0.09745693305015339,0.01044896977100367,-0.18337428337428338,-0.02775163453129555,0.006040709430539939,0.05913879981676592,0.08036757867266342,0.13088558512287327,-0.007091529125427431,0.06444287122253224,0.172627326864615,0.20597176529379918,0.33819412632971957,0.24648685665634817,0.17237514864633507,-0.05546625207642157,-0.11206105951868664,-0.4370877811555778,-0.05909437943336249,0.05626489355302915,-0.17693702947940237,-0.018215596181697876,-0.09237496356140423,-0.1786573939116312,0.12530388632083547,-0.04147938385226521,-0.01855985415307449,-0.022578973426431052,-0.0823651077888366,-0.060854537125723564,-0.011774177875872791,0.15785384768435615,-0.12713483899924577,0.07898777051319424,-0.1591452777893456,-0.06358639070503477,-0.07227659092065872,-0.18359360901733784,0.011680247273467613,0.11309290800816224,0.15885654529722326,-0.07012590402420911,0.013728212033296779,0.13101884627308355,-0.13183460810579456,-0.049944705876909266,-0.15747072187750155,-0.011772327026564314,-0.03879241336868455,-0.25804541058778346,-0.05757668300041181,-0.31925484806840737,-0.049749441274865004,-0.2653497873836857,-0.12328229616365209,0.5585645738188111,0.12202186778457964,0.38801158631667104,0.27454341861121523,0.18062253316490604,0.41993133349065553,0.48950290814697595,0.14078577807391365,0.23130526520357028,0.289009656806267,0.27985720697585104,0.3615032598083446,-0.07720308906749584,0.02072766140562751,-0.21107409412494157,-0.34078300179995097
