,#10,#11,#12,#13,#17,#18,#26,#49,#50,#51,#52,#53,#54,#58,#101,#102,#201,#202,#301,#302,#401,#402,#501,#502,#601,#602,#701,#702,#801,#802,#901,#902,#1001,#1002,#1101,#1102,#1201,#1202,#1301,#1302,#1401,#1402,#1501,#1502,#1601,#1602,#1701,#1702,#1801,#1802,#1901,#1902,#2001,#2002,#2101,#2102,#2201,#2202,#2301,#2302,#2401,#2402,#2501,#2502,#2601,#2602,#2701,#2702,#2801,#2802,#2901,#2902,#3001,#3002,#3101,#3102,#3201,#3202,#3301,#3302,#3401,#3402,#3455,#3501,#3502,#3601,#3602,#3701,#3702,#3801,#3802,#3901,#3902,#4001,#4002,#4101,#4102,#4201,#4202,#4301,#4302,#4401,#4402,#4501,#4502,#4601,#4602,#4701,#4702,#4801,#4802
#10,1.0,0.3061989570464147,0.45670308212681093,0.3944784538004877,-0.02477639426791969,0.3992615111259179,0.24158256870121278,0.30875821892771044,-0.03321672982689932,0.4232605486842775,0.2960192858497943,-0.12349977095739807,0.08050685508312627,-0.07618836093412365,-0.23567558313321024,0.04332791959910604,0.4675171319239116,0.4948736101278474,-0.08978608809117283,-0.1201511218460371,-0.09392181087096341,0.003573990014667981,0.14306093458635832,0.23813860085046526,0.21053364612686645,0.3679867849359375,0.11685846092625754,0.2328669193075973,-0.06930782862986253,-0.03365399297602687,0.29097063164859777,0.1274888139294919,0.30153851848767105,0.1276077309975615,0.027054789766654173,0.016962571199859337,-0.19259058750584174,-0.07095092010346248,0.13040575243965075,0.27951156086749307,-0.1272611594645493,-0.0601216007995669,-0.23708176589532523,-0.1553117061591638,0.034683990616194,-0.12019600494176766,0.08175802921565634,0.13238940018601036,-0.014891008111347094,0.23045850164494233,0.27862916845967695,0.246482229533077,0.20893590046132418,0.18544353290116003,-0.0719346465109177,0.06295895278946126,-0.16525030423335507,-0.22337298777976744,-0.12876404910303216,0.14564379479633716,-0.16420503708639303,0.020810486912181826,-0.22269002438493965,0.10362488837065108,0.1304802491243169,0.14184400116603507,-0.18644761865100848,0.03546597444902529,-0.0535853264666824,0.1322764983781933,0.17375403138115003,0.182316060282162,-0.2666296496804971,0.022356871509413883,-0.3767968276442853,-0.2007042481618753,-0.24720961331130822,-0.0875137078526909,0.1300101333999639,0.14718647769495227,-0.17873605500724143,-0.012865253543219645,0.0228441075898703,0.024353012488605708,-0.022972741616809414,-0.03117015320405151,-0.12646298070026885,0.031635179092806213,0.027542488559437712,-0.29014977998028846,0.009617475719170635,-0.09577821272736527,-0.1059018957324042,-0.12875201858252705,-0.1409949240457715,0.2584137296001703,0.15442700018971206,0.3371595015662812,0.32127597551326365,0.26862625337201607,0.21572712928645132,0.45366445027461977,0.22937482937482936,0.28493963917692733,0.19060184992388382,0.28340759866183596,0.04606162402772572,-0.11396650888176312,0.12606921250989048,-0.14030131826741996,-0.16764298967688798
#11,0.3061989570464147,1.0,0.5856952484071128,0.45964361896565287,-0.11276299411892632,0.23542849475052866,0.2301359911529403,0.0968156137647663,0.32834945885793343,0.48804721516585925,0.30977063349944706,-0.03165877742148929,0.13282296163652096,0.23976503468028892,-0.21053318341453936,0.005739020993258281,0.4905268905268905,0.5105877834691394,-0.1982097660063762,-0.1793570149502353,-0.16635063414724433,-0.09308245070956936,0.3674666962802556,-0.012559863407321034,0.2164702452838046,0.2472836472836473,0.04839461958106026,0.06660790220112255,-0.08271584373279288,-0.2220982153185543,0.3934803833108918,-0.09244853482141618,0.3117626100676948,0.11059102245542923,-0.23614523614523614,-0.33647746359610764,-0.31974300957351803,-0.2699621038604089,0.05443209002531037,-0.0570242044818316,-0.26025763822373993,-0.16594344729937952,-0.17838300550164957,-0.3674315301433945,0.2168117269812185,-0.06938648972547277,-0.17647616800159174,-0.06070230477010138,-0.06563204190322834,0.03649736022617379,0.19358125459820374,0.20250234826506014,0.20464378091496735,0.12560464933346288,-0.1398446212005534,-0.05150173285766506,-0.14788147161028517,-0.37772225229852346,-0.1184682371123049,0.03067320016472559,-0.1930523744083066,0.06553024519126215,-0.352969919071614,0.1921977447401176,0.11569890383449706,0.12474261626804,-0.08978377452953724,0.13788318364589552,0.04307574138082613,0.08084093338330627,0.4124451107501955,0.40317328113938283,-0.3561834561834562,-0.12926933096424623,-0.4736388160116974,-0.030331718467311686,-0.17915018254001305,-0.0705710332828977,0.016704377721326873,0.1007361753124465,-0.0258711716338835,0.1357880222287002,0.058669609517067144,-0.08725042453856013,-0.18481007972533398,-0.04092042736110533,-0.03256569358264273,0.16609984406594577,-0.036683370581675666,-0.14775237487101894,-0.1539194047668624,-0.04323722798299069,-0.014420892386994082,-0.06284234928302725,-0.014146041264685333,0.4716005682107377,0.09810982014371845,0.5180707672233096,0.3577960086434663,0.22470282300790775,0.1910585469907504,0.31937561598578545,0.116969049172439,0.3277118412711633,0.14415617466464925,0.16315791909012248,0.14070248985503223,-0.1608480591531439,0.17652984263153754,0.024872638431960466,-0.07786523040760329
#12,0.45670308212681093,0.5856952484071128,1.0,0.5528815410171343,-0.19698681732580037,0.3544316273129832,0.34327517039381444,0.11416316162078874,0.06897097405571982,0.4620150196421383,0.2598166733759954,-0.08815317628876951,0.028105146749214546,0.0021201478828597473,-0.4416940823720485,0.01602650416209738,0.7124997108047956,0.8341023612210053,-0.4034101898508678,-0.2532253362761837,-0.29620159450667927,0.0018786120481035736,0.5349805892178774,0.17386091792871453,0.2954691208928497,0.40749640241165663,0.24437411217072233,0.26227552668230636,-0.15277511718189685,-0.2516423974051093,0.4065728286067269,-0.04369438776218437,0.4312131854504736,0.2561117357727527,-0.29047923115719726,-0.35864184677744,-0.37081025555601826,-0.45388979117792677,0.08899716357343476,0.10160144736415923,-0.2776991166821675,-0.20888639024232245,-0.4124340056543446,-0.5775242114225165,-0.013032292693309643,-0.2073839633161667,-0.019682856970992563,0.017433149636539465,0.06527436527436527,0.1776162911756132,0.35595718985549496,0.4485635095804587,0.45177704669230095,0.4817862546676106,0.003665144343110445,0.1408806341009731,-0.16886038580953835,-0.5492025153042103,-0.11663358273527764,0.0980505929658472,-0.20182031029488656,0.048623662182984216,-0.6311187921357413,0.10807988265615384,0.2917257781664561,0.2723427587834367,-0.315978382080077,-0.04499090770277211,-0.06220056728531305,-0.025305274457816832,0.448327526293628,0.34999467880823815,-0.4313510737239551,0.06376638580028411,-0.4776398895042963,-0.032918743088234614,-0.25900600137888274,-0.08715927021011767,-0.12723848656052045,0.1550262126533313,-0.1293609480050158,0.007116052878764744,0.029210103786374973,-0.14324879579116867,-0.24100186473067828,0.047045350435180947,-0.05329983296084991,0.03427772919298343,-0.011851913546828801,-0.2874697501816146,-0.24266207656038163,-0.057629894918030514,-0.08767704530416395,-0.08133233387470676,-0.1887658074098752,0.6419689334943572,0.3417528468375926,0.6354465405312862,0.6599411429919905,0.2646270307287256,0.39001466798076967,0.5855865110102398,0.26090173378308973,0.4823669586381451,0.46113077638501365,0.3571944826182114,0.4285178861450048,-0.21526025254838815,0.0640472521828454,-0.05602983569085264,-0.215900646409121
#13,0.3944784538004877,0.45964361896565287,0.5528815410171343,1.0,-0.1598893192113531,0.33659036540392473,0.33388858812587624,0.1775917674222759,0.2554810588708894,0.671656093689992,0.3667642989676888,-0.10396637006806499,0.12072442241933767,0.1161333907096619,-0.19416889925364503,-0.06420272352475742,0.5015473100218862,0.5041671872180347,-0.14548277090649972,-0.2096748520477334,0.00966143339024695,-0.02103721595247019,0.3026642975795518,0.1847943475062119,0.38438808608300135,0.1986798817307292,0.17691065487675658,0.1816701138735037,0.05734578954917938,-0.12067352406335458,0.4280505466946145,-0.03510181984758256,0.4266605588639487,0.22532285752624737,-0.12468801621343995,-0.16524752795939238,-0.11312483515873346,-0.11407617170329035,0.2272079475469306,0.09632791497198277,-0.22147725537556046,-0.13656121452731623,-0.2740432265855995,-0.2605718198938538,0.08251225030886047,-0.08704636840230061,0.02531128971806938,0.18468561010933893,-0.13400519163231028,0.1847018050407881,0.37664644613797155,0.2698815919154902,0.1718596871139244,0.10436291453240606,0.011349407959577451,0.11734153259576989,-0.16423650152463712,-0.2922162532332024,-0.16307231730960545,0.06021275512800937,-0.2048048048048048,-0.03526006746345729,-0.31709536963774254,0.025205328595159105,0.0475770068990408,0.05438026624467302,0.0017930102675865387,0.17208595344188565,0.08100010642383523,0.133467982620525,0.2447775973199702,0.2172429748700935,-0.2486764113882758,-0.11582244802583785,-0.40468449959975383,-0.1807960502875757,-0.33731358477121187,-0.21695285424098984,0.12748002239527664,0.16983578339510544,-0.10742375657629895,0.06637839688687146,0.15612515443023917,0.010318484894756081,-0.23993762637830435,-0.13626924304890406,-0.1569589620437078,-0.052514610141728785,0.009960808265893012,-0.3429216581758955,-0.19280158432700806,0.018911978234012132,-0.2006436328470227,-0.08118750491631847,-0.14139748377036512,0.3553750977479791,0.12330543178000805,0.3656824775468843,0.39888486329164297,0.19241429410920938,0.2758899114831318,0.3907054974851585,0.07919321478643512,0.3361919700902752,0.3330376601563042,0.25910178283059637,0.22961821605889401,-0.18227719244668397,0.08824155434324926,-0.16375111629348918,-0.1854842515859465
#17,-0.02477639426791969,-0.11276299411892632,-0.19698681732580037,-0.1598893192113531,1.0,0.10712530712530713,-0.2091635549262668,0.11408403781285137,-0.09643942864281847,-0.13786930227608193,-0.10609207049885017,0.2906347024991093,0.08770665889309957,0.015289403424996646,0.10316911672843876,-0.017881055169190762,-0.16927636419161843,-0.1868020562935817,-0.01779406525169237,-0.1416635433584586,-0.05082571014774405,-0.17416075551668772,-0.2102995136893442,-0.2119777712998052,-0.162577215119588,-0.15566845736337262,-0.24118741237385305,-0.028312904584091025,-0.026757728452643705,0.2521388877321081,0.03905662210746957,0.1655432011364215,-0.01388877321080711,-0.08052767713784663,0.28186445305089375,0.2181702503736402,0.1417167552760773,0.14401736096651352,0.0026851196342721766,0.08554949402407029,0.28340528510020035,0.2062091367176113,0.34514406548304855,0.26477880037202073,0.042583878177098515,-0.049012803250091386,-0.01718976295247482,0.03158381802449599,-0.09753374329645516,-0.15058602516229636,-0.16499534974111246,-0.21164230486264385,-0.19002577307662052,-0.18668036295154938,-0.11851728461897953,-0.10673153893492876,-0.07750524021710463,0.0335794962913607,0.16102111356348645,-0.25839151940846855,0.04635359550613788,0.061595339561441254,0.15775945436962385,-0.010804332838231144,-0.07148859182757487,-0.03796138202917864,0.17662886306954104,-0.09480651684041515,-0.01003391681357783,0.04217206420596251,-0.030067972440853796,-0.07575294863430457,0.21177325245121856,0.3617248990130346,0.06989963769624787,-0.020142330311821836,0.1468843265453435,0.022308749427393495,-0.021433297704484145,-0.04631935479393107,0.046048668082566385,0.23837180786333328,0.07324874951993596,0.19105299444282495,0.39599337395947565,0.1158548378887362,0.24740441520102538,0.03197804892720147,0.12272472780947358,0.2280533229685772,0.2748275239800664,0.1597629987460496,0.08174044614722581,0.18498452227265785,0.10206786138989529,-0.13115673454656507,-0.09252719591702642,-0.1440941712128153,-0.26641124946209693,-0.049080359249850776,-0.22962330589449234,0.004799252256879376,0.02911848674560539,-0.16609984406594577,-0.21568363432770213,-0.1129004196800807,-0.27434167603659126,-0.006574216743708269,0.007106335919895242,0.17794759320183048,0.16891822485042823
#18,0.3992615111259179,0.23542849475052866,0.3544316273129832,0.33659036540392473,0.10712530712530713,1.0,0.36480563768699364,0.19922403142742126,-0.04522365200331302,0.32315042315042314,0.280762272287696,0.15252478981292542,0.48542965153134643,0.25865341458561797,-0.26883863833016375,0.02401106807886469,0.20463452666842497,0.4231319146573384,-0.3770175414243211,-0.10291832664714021,-0.34331588907860094,0.002093773280213958,0.07463596107663904,0.2738863671067061,0.10001480679446781,0.3623254996136352,0.018474715084884578,0.13738345433260687,0.0934614121054799,0.019046164808876675,0.5542192423548356,0.14371798609086744,0.37772410314783195,0.36876599249480607,0.15457923254533423,-0.2236529287376745,-0.01995539453166572,0.020149733709055744,0.1963843658758913,0.32473428744615185,-0.21769504481368887,-0.2242734259683412,-0.1727342134121795,-0.1277021243122938,0.09461865563560479,0.08848401560265967,0.05799404951947325,0.18473003049274236,-0.09574536015213982,0.058038469902876685,0.1669387415150127,0.18769971820819278,-0.016343462106173972,0.10299883859205893,-0.25740316587774215,0.05935997630912885,-0.33218626947440505,-0.204308314477806,-0.10744365320636506,-0.11346168973287617,-0.009082117556693827,0.09616827921912667,-0.026147410893173604,0.3359860631047072,0.04033787254126237,0.07158483599161565,0.22878440844542539,0.3588019452426232,-0.017202718897634153,0.10151260659735235,0.11958800094393315,0.20292387919506563,-0.10478953529800987,-0.07423432677669965,-0.3017194390075746,-0.17701152616406854,-0.2535913417269349,-0.26555476894459945,0.36651813600966143,0.32431969720105314,0.16255176594159645,0.16762077948518628,0.35920450496721684,0.1409315324569562,-0.011228640042199364,0.08582619599568753,0.07476135611728832,-0.014625411235580726,-0.009244066871185515,-0.08772054026291315,-0.04365181822808942,0.2367106706089757,-0.22729586288908324,-0.12231198841368333,-0.35185802134954675,0.04183011979622149,0.22184511167562015,0.24776440539152403,0.33416760365912906,0.09262251465641295,0.11976568247754689,0.5644738729484492,0.2765603816451274,0.2703410652563195,0.16649268683166987,0.14483913805947704,0.0799627053864342,-0.10767963649319581,0.07996825793435963,-0.027119569492450847,-0.2897004863106558
#26,0.24158256870121278,0.2301359911529403,0.34327517039381444,0.33388858812587624,-0.2091635549262668,0.36480563768699364,1.0,0.30884335799590035,0.3879861371386795,0.4810648861496319,0.31943808214994657,0.08671414095142908,0.3025749941004178,0.24652757534113467,-0.10381506313709704,-0.0467876196689756,0.31564522920455124,0.2816603969146342,-0.23794981422100067,-0.2092773821587381,-0.1818056885853496,0.001117450269992643,0.16984596306630204,0.16163605824622773,0.11590897523100913,0.11539027471230862,0.062456909914537034,0.08266633351379114,0.017538648047122622,-0.11686123720022025,0.30268188064798235,-0.07278511176816262,0.2952858868113105,0.26536829587677047,-0.18333726638811385,-0.35873947907846215,-0.0965490914643457,-0.11331130822656246,0.18882272102611086,0.20237695322441085,-0.2855254329830601,-0.13515688261450973,-0.2617216600267448,-0.15145129721400907,-0.02934706663520223,0.0014311692277793973,0.0921852515072854,0.04384199299453537,-0.009618401143824873,-0.01615236191507378,0.20775228232855353,0.11115229250822471,0.1522457742796726,0.08942470976369281,-0.0792774284299708,-0.037555120605968065,-0.12488698251410116,-0.18040367023417872,-0.208970141173531,0.055292272241424786,-0.1503741029164758,-0.08137860510741866,-0.06169898712271594,0.12561760527862223,0.05011081960234503,-0.026710994507604675,0.15398881161593025,0.2625753642702795,0.01020003053901359,0.07097775741843539,0.1668101074880736,0.3049214083112388,-0.07397520787351296,-0.08444176071294715,-0.15901340477611664,-0.13337266388113847,-0.15092426787342042,-0.18430618600110127,0.2700301225724955,0.269927400435875,0.009024741228131059,0.019683319683319683,0.12507530643123863,-0.02177292855258957,-0.15063460995664385,-0.11152477593155559,-0.21658268437929454,-0.18380460583850414,-0.12333226909498096,-0.23925512569580365,-0.16325138698020053,-0.12006737091482854,-0.15885191817395208,-0.2203176982838,-0.35669891771586687,0.17952035240170833,0.11357644239000171,0.27854634295312264,0.30390760560252084,0.0015496235835218886,0.16997135810695133,0.3154106340547019,0.2233475386017759,0.12851927428198615,0.1633522582675125,0.16188684832752628,0.2206601054058681,-0.19232637876705674,0.10098372640745522,-0.25473933101051743,-0.46244256583239635
#49,0.30875821892771044,0.0968156137647663,0.11416316162078874,0.1775917674222759,0.11408403781285137,0.19922403142742126,0.30884335799590035,1.0,0.2883271561237663,0.33573434759875437,0.2987964852371632,0.16546731631477393,0.2235802829023168,0.20089488564064836,-0.06404355048422845,-0.12350902520394046,0.203170042153093,0.1920931717541887,0.009347714432460194,-0.10648954038784547,0.027160750889564447,-0.18875979214962266,-0.11715598495259512,-0.1291601308550461,0.06177672279367195,-0.07575479948361304,0.01495578783714377,-0.03499770957398076,-0.18189452935215647,0.02032741524266948,0.07895075352702471,0.08172286307879528,0.16877802301531114,0.11762656338927525,-0.10739321756270909,-0.08778346913940134,-0.006296126635109686,-0.01613246528500766,0.2129513180360638,0.18600896736489958,-0.14493214323722797,-0.14897393541461337,-0.18303465252617795,-0.04751037632393565,-0.08197689214638368,-0.045356450441196204,0.11654936909174198,-0.022302734167140948,-0.06990010040857499,-0.21522647454850843,-0.1461412105479902,-0.1036568155212223,-0.03711554389520491,-0.045681737207160934,-0.04416172721257467,-0.19079618910127386,-0.17079359791224197,-0.23146906536737044,-0.12711262880754406,-0.15789641721845113,0.11942281264315163,0.08107599124548277,0.03798081594691764,-0.06294460870732058,0.2363863092676652,0.21018198475825595,0.2817057427226919,0.19891864129152265,0.09170958323500697,0.18978655080349996,0.20277812481202312,0.14651832109459229,0.03357209289412679,-0.12379266786046447,0.03862861320488439,-0.05460421901099867,0.034587283739826113,-0.07920940971788429,-0.06069212509890476,-0.03419582911108335,-0.05134672422808016,-0.1164022265717181,0.08887176853278549,0.08822767297343569,-0.044603617484973414,0.24423159677396966,-0.015953858326739682,-0.20771202635609415,-0.22121721104771952,-0.3160121600799567,-0.022584525974356482,-0.15023760277997567,-0.2878066047557573,-0.07327234784861904,-0.2781775612284087,0.12849521324097596,-0.05236098964912524,0.12436272944747521,0.09064071775936183,-0.04431210871888838,-0.05451722909350028,0.11775658555319572,0.17906596889647738,0.12684101667152514,0.05842113299740418,0.16476491900220713,0.0019507951711341541,0.10313256245459636,0.17809010859858318,-0.010202806812976304,-0.17013099385980743
#50,-0.03321672982689932,0.32834945885793343,0.06897097405571982,0.2554810588708894,-0.09643942864281847,-0.04522365200331302,0.3879861371386795,0.2883271561237663,1.0,0.3446711734847328,0.19980334726097437,-0.10779716542428407,0.04726328794125404,0.32533581347140667,0.09627146406807424,-0.027738215873809095,0.06996996996996997,0.015347242465886533,-0.006166567183516336,-0.10873971043462569,0.11116571116571117,-0.06259757446198125,0.17242234530370124,0.00990389464965736,0.10102999764016714,-0.07320109015024269,0.002759616318938353,-0.20197254265050876,-0.03485195519093824,-0.052559493237459336,0.07406312321566559,-0.15474395813378863,0.1010656264893553,0.05913232184418625,-0.2248855943771198,-0.18031760574133454,-0.06041588583961465,-0.0987381834839462,0.10532998329608499,-0.11356533729415086,-0.10817705224484886,0.012382644586034417,-0.06949754068398137,-0.09882424797679035,-0.02633157039936701,-0.03997001624120268,-0.028975508636525586,-0.19295705566892007,-0.034004266207656036,-0.20828810320335744,0.06364422974592467,-0.12656338927525368,0.020730900391917342,-0.11193242549174752,0.010766853139734496,-0.14542030474233864,0.019210427685003955,-0.09210196328840396,-0.12271223457664136,0.04796799881545644,-0.15607564421123743,-0.07298037637020688,-0.09170495611173578,-0.11374857137569001,-0.1496356140423937,-0.12483238245950111,0.15827075149109046,0.18164003757224095,0.13075278668499007,0.1430873091890041,0.08788341500205907,0.21253163795536678,-0.05051893187486408,-0.3219529236478389,-0.017968045086689154,-0.12960664825071605,0.04238768815040001,-0.09465150821083025,-0.017495615800700547,0.11328909803486074,-0.0048612557087133355,-0.06057829786643346,0.009835875937570853,-0.07298176450718824,-0.14132206166104472,-0.14774959859705622,-0.24391417611756594,-0.017874114484283977,-0.007310854768481887,-0.185995085995086,-0.08330672737452398,-0.16495185478236327,-0.006425686086703036,-0.10550581398039025,-0.07172133612811579,0.12001323357255561,-0.08766779105762157,0.2010869112564028,0.03464558549304312,0.05274457816830698,-0.07697219561626341,-0.010097308402393148,-0.006825932249661063,0.05225364038923361,-0.08519783265545977,0.04020414867872495,0.029052318882827357,-0.09663006612159154,0.026799372562084426,-0.15837208549072956,-0.1453832877561691
#51,0.4232605486842775,0.48804721516585925,0.4620150196421383,0.671656093689992,-0.13786930227608193,0.32315042315042314,0.4810648861496319,0.33573434759875437,0.3446711734847328,1.0,0.5812578371900405,-0.028852889869839023,0.2058796855407025,0.27456840507687963,-0.165059666754582,-0.17222199086605866,0.6052739951045035,0.4388437744369948,-0.1618937890124331,-0.34170241119393663,-0.04300587181943114,-0.19592766880902474,0.3019003595274782,0.04695928594233679,0.3598259276225378,0.06715344003479597,0.11925345993142604,0.08567488906471957,-0.04952363765923088,-0.1326082631167377,0.34557346252261506,0.10943562977461282,0.39651855245075585,0.26074302345488787,-0.14429869006140192,-0.14555217775556759,-0.15982824118417338,-0.19289320136777763,0.27946436421012694,0.22318373843797573,-0.21795092473058575,-0.14227895075352703,-0.18697279714228868,-0.3549716125987312,0.08687423941661229,-0.13798914476880578,-0.026349616180124654,0.04353706557096387,-0.012042088313274754,0.04964625642591744,0.19883581578496834,0.15568141330853194,0.18625050319965575,0.13114516673838708,-0.023536787943567606,-0.04992018212357195,-0.10630167918303511,-0.447904144514314,-0.16359240596528732,0.00852177292855259,-0.05334332791959911,0.022535941180008977,-0.30308860478352,-0.03927085791492571,0.14454670386873777,0.13125066514897024,0.014230717620548129,0.1472720794754693,0.037521342606088366,0.056166335827352774,0.2857873281602095,0.3470731131748081,-0.252985651290736,-0.14603848841136977,-0.36052508594881477,-0.05075398973704059,-0.15355339931611117,-0.1831332102518543,0.169220376000037,0.08781770985160815,-0.034000564509039086,0.030758339232915505,0.1947186014982625,0.06527482798669239,-0.229571482113855,0.004163022807090603,-0.08312025430669498,-0.06883539934387392,-0.05286997320895626,-0.4051925577349306,-0.1899619187754781,-0.10705497485158502,-0.21293558581694175,-0.013621325485732265,-0.20769259243835514,0.4708306148984115,-0.0038067343152088915,0.40717666819361736,0.2982768592938084,0.10867909511977308,0.18502662909442572,0.3851242613954478,0.31319701828176405,0.26999125473701746,0.26580926072451494,0.19150413896176607,0.2749186783085088,-0.07572379775769607,0.1308476427120495,-0.038138138138138135,-0.24531850803037245
#52,0.2960192858497943,0.30977063349944706,0.2598166733759954,0.3667642989676888,-0.10609207049885017,0.280762272287696,0.31943808214994657,0.2987964852371632,0.19980334726097437,0.5812578371900405,1.0,0.08179782247578858,0.26746299458163864,0.20130160977618605,-0.18608068777560302,-0.1271695424237797,0.45116441557119524,0.35040464193006565,-0.08826052554866114,-0.21602650416209737,-0.015650781752476667,-0.01677979983064729,0.10772451958892637,0.022783029562690578,0.13758936131817487,-0.00844912709319489,0.05389441830119796,-0.012508965051337933,0.07269256930273879,0.009928418402994674,0.392463341615884,0.014472253455304302,0.3520380164447961,0.19863453592267152,-0.12244617498854787,-0.17331908179365807,-0.07201377031885506,-0.015526312136481629,0.21125270108320957,0.22873767450038637,-0.09377420563861241,-0.1341264222620155,-0.26280163059824074,-0.1935969868173258,0.11891336637099349,-0.006442806442806443,-0.11117496541225355,-0.01968979765589935,-0.0018725967878510251,-0.06714372307592646,0.05587760333523045,0.057256486070045395,0.10434949587491961,0.11042722229162907,0.01658731150256574,0.04083898999153236,-0.1145957976466451,-0.3292346275397123,-0.17528792274554986,-0.042176691329233705,-0.0362289870764447,-0.07654927654927655,-0.21976429434056552,0.021662803018735223,0.05164147198045503,0.11514041005566429,0.0015089048987354072,0.10241952275850581,0.07006112429841244,0.0928728420253844,0.19654261349176602,0.25721669280991316,-0.224525141474294,-0.027466141025463058,-0.27088937936395563,-0.10843524572338131,-0.10168381015838643,-0.22537375588223046,0.15079609655880843,0.06802333920977989,0.05309346326295479,-0.0884335799590037,0.2507831406136491,0.2009689196129874,-0.22191498123701514,0.0778245117228168,-0.06737970636275721,-0.05692888574244506,0.02818565869413327,-0.3903806734315209,-0.27192539226437534,-0.17130952215697978,-0.24603062230180875,-0.00825247435416927,-0.23549373718865244,0.2990838295923042,-0.07617540498896432,0.28171314611992576,0.10559002762392593,0.0513985480087175,0.11152385050690135,0.43462753971228546,0.2857123687632162,0.17125723566401532,0.15564439632236243,0.18080021469851978,0.12173128444314885,-0.11387998167659184,0.06893349435722317,0.004394841682977276,-0.1778559761610609
#53,-0.12349977095739807,-0.03165877742148929,-0.08815317628876951,-0.10396637006806499,0.2906347024991093,0.15252478981292542,0.08671414095142908,0.16546731631477393,-0.10779716542428407,-0.028852889869839023,0.08179782247578858,1.0,0.4999467880823813,0.22115289403424995,-0.03569085264000518,-0.12522013538962692,-0.11418213282620063,-0.0908290416764993,-0.27659277150802575,-0.18661280695179,-0.2743712896255269,-0.22817038918733834,-0.24713002679104373,-0.1424385865063831,-0.17177917516900568,-0.1500862958490077,-0.31200229505314253,-0.0838494889342347,-0.00805026906721822,0.2057154226645752,0.16929672353401168,0.10413711091677193,0.08949365390043357,0.09002299680265782,0.18084047067097914,-0.0669655788299856,0.08594603848841137,0.11923680228764974,-0.03280121415714636,0.002500497415751653,0.04737156262579991,0.12461120596713816,0.08854370549285803,0.1942290518561705,0.19130656079808622,0.13925234942184095,-0.06470430368735454,-0.02679844713743019,-0.1123095360383496,-0.18461065071234561,-0.23536001332611503,-0.0892669248601452,-0.18666694429406294,-0.15126019702290888,-0.2821351397622584,-0.16161616161616163,-0.19854060532026635,-0.02745596135426644,-0.031425107696294134,-0.3137569001975782,0.13400519163231028,0.06430822193534058,0.23632708208979394,0.07137800358139341,-0.1165063368453199,-0.06099149997455082,0.3907166025810094,0.15836792107978548,-0.09282055553241994,0.044324139239393476,0.051878380691940014,0.10320752185158964,0.17898360610225017,0.04154231272875341,-0.03351980640116233,-0.1814637441756086,0.03811916693272625,-0.0014103471730590375,0.039938089090631464,0.09855263584077144,0.014932652220787814,0.436226210802482,0.3595811528014918,0.2977771299805198,0.29588833826121963,0.43345039955209447,0.40792487402656896,-0.03522490132659624,-0.018496462564259176,0.34985401426079393,0.10334355927576266,0.4007745804355974,0.0668198244469431,0.2908896569913519,-0.07940004719665737,-0.07132016454050352,-0.010674773386637793,0.02086647510376324,-0.040956056210293496,-0.1268498082057404,0.0025338127033042285,0.041589046673792436,0.09662960340926442,-0.06678049389913797,-0.007538046521097369,-0.04240573393115766,-0.10897106659818524,-0.03165924013381641,0.014341768579056715,0.19788910636368265,-0.016491992763179204
#54,0.08050685508312627,0.13282296163652096,0.028105146749214546,0.12072442241933767,0.08770665889309957,0.48542965153134643,0.3025749941004178,0.2235802829023168,0.04726328794125404,0.2058796855407025,0.26746299458163864,0.4999467880823813,1.0,0.2736249346418838,-0.13271191067801238,-0.12296765178121111,-0.013319174336123488,0.1040926905333685,-0.22038941869450343,-0.12245311567345465,-0.3194496499581245,-0.0676217049098405,-0.18791673028961164,-0.006384504689589435,-0.09565605667300582,0.05035466899873679,-0.07881980593845,0.052934290222425816,0.15546764021340292,0.021511033375440154,0.32913653252636305,-0.03157687733958921,0.19199785301480216,0.10497045581791345,0.16442066103083053,-0.23825983148017046,0.04427462902039173,0.13881878797133035,0.03556221861306607,0.2034920899327679,-0.14899013034606254,-0.14817436851335156,-0.06874748400172129,0.12738701721752568,0.3096239536917503,0.2088290139137597,0.07929593692305557,0.19848461712868493,-0.1534765890698094,-0.04077143399177297,-0.028069055187699254,0.02128106534886196,-0.09431557906134178,-0.02384634249041029,-0.20322880661863713,-0.03025860991962687,-0.4622306435865758,-0.15362095531587058,-0.22412952243460718,-0.2108811430845329,-0.15082617286007116,-0.12408140035258679,0.23977475163915843,0.1927492978340436,0.024564009309772022,0.13892752536820333,0.49493561357968135,0.4031705048654201,-0.0409319951692833,0.0022802463480429583,0.06475150034472069,0.17227566549600448,0.14042856415737773,-0.04895311335989302,-0.11894112911062063,-0.06655700384513943,-0.13097211232804454,-0.2734750158478972,0.30712068000203596,0.12784371428439226,0.333763193085227,0.33173003511986565,0.5506767167784117,0.29560608374167696,-0.04975545653511755,0.15894122165308605,0.09517622398978332,-0.01131331639806216,0.0014283929538166827,0.09596376037054004,-0.11931731423256847,0.4517909280621145,-0.14032028947283184,0.020438928913505183,-0.2233720623551132,-0.057367999740881095,-0.0693360540818168,0.13536973028498453,0.15081414233956608,0.10250003470342453,0.10457853847684356,0.3165988793107437,0.06402689284045217,-0.004542446915328271,0.020906268363895482,0.039343503750283414,-0.03403341708426454,-0.15716163004298597,0.03572648148919336,-0.14727393032477779,-0.29167349167349166
#58,-0.07618836093412365,0.23976503468028892,0.0021201478828597473,0.1161333907096619,0.015289403424996646,0.25865341458561797,0.24652757534113467,0.20089488564064836,0.32533581347140667,0.27456840507687963,0.20130160977618605,0.22115289403424995,0.2736249346418838,1.0,0.10450589264148587,-0.06230560298356908,0.04169547050902983,0.020637432501839283,-0.11834746919492682,-0.030963783506156386,-0.09519612061984943,-0.2559007389515864,-0.020033130202621728,-0.12651480448090618,0.04562898800186936,-0.08198568368059893,-0.18798243544006255,-0.1898115372691644,0.1352211996279793,0.011467862315319943,0.15251877455267285,-0.011399380890906315,0.16242868446258277,0.08576002813290949,-0.011483594534441992,-0.15885839614653174,-0.01610100084676356,-0.01564985632782243,-0.032947893964843114,-0.05957004770564093,-0.14734796429711683,-0.07024713465391431,0.07174678530610734,0.04266901724528843,0.11390728170389187,0.007563958411416038,-0.20927090418615843,-0.008624032352845912,-0.19271829610812663,-0.17533326855360754,-0.0623615911751505,-0.0483835144852094,-0.1671881434593299,-0.20730298865892086,-0.188586275026953,-0.2731270561779036,-0.11918636664399376,-0.16577455729998103,-0.08076227228769602,-0.29335313742093405,0.0804517923161991,0.028932939102430628,0.19269423506711642,0.1899105577071679,-0.177662099695998,-0.08851455461624953,0.4944877080470301,0.2499266600961516,0.20049093777907337,0.17057242141987905,0.2589671335434047,0.23213675925540334,0.12733982056015955,-0.19750644326915515,-0.04676679761425524,-0.04933253746813069,0.034093106974462904,0.06993341569612756,0.23970349394078208,0.20543363085735966,0.14874581823734367,0.20577233628081085,0.4726763743712896,0.23789197518011077,0.026296404262505957,0.24509871967499086,0.27859770402143286,-0.01909845130184113,-0.1839318517284619,-0.08828921371294253,-0.07099626591152015,0.24563407783746766,-0.07092917262408788,0.11611118051796018,-0.11628516035295697,-0.008390362627650763,-0.08072895700014344,0.0884122951919562,-0.07028924147568215,-0.12170722340213866,-0.05179000263746027,0.07308541206846292,0.07141872226617989,-0.05210557244455549,-0.09684337650439345,-0.061816978766131306,-0.13732006274379155,0.04902205749663377,0.015089511699681191,0.07988543242780531,-0.06696187713136866
#101,-0.23567558313321024,-0.21053318341453936,-0.4416940823720485,-0.19416889925364503,0.10316911672843876,-0.26883863833016375,-0.10381506313709704,-0.06404355048422845,0.09627146406807424,-0.165059666754582,-0.18608068777560302,-0.03569085264000518,-0.13271191067801238,0.10450589264148587,1.0,0.4704669230092959,-0.19560747187865832,-0.29947297065941136,0.4867770698279173,0.22299541452083824,0.4834455410726597,0.0877825437147471,-0.15181637724010605,-0.2443366324722257,-0.10530962395369176,-0.3311012090673108,-0.5818806479823428,-0.5842057774261165,0.1511149053521935,0.060844820166854066,-0.3372122507715728,-0.018516359194325295,-0.17835894446063938,-0.18297357449899823,-0.14003294511769088,0.2555176131447318,0.2578654154925341,0.3995247944400487,-0.07293410513749497,-0.13351471656556402,0.15064432691551335,0.10599536362248227,0.16364330432127042,0.3714719341837986,-0.19058102786916345,-0.09768412480276888,-0.44071729664950005,-0.27059879602252485,-0.38293840836213716,-0.37660989186412913,-0.3371322015389812,-0.41548096632842396,-0.459399306856934,-0.33024195227585057,0.14013196555569438,0.04696900290120629,-0.020941897213083652,0.20420142793024149,-0.01913037845241235,-0.3613394596445444,-0.0888842617656177,-0.10711281389247491,0.3554583859668605,0.07050301457081118,-0.4474289389543627,-0.3668008532415312,0.3030594539069115,0.163863092676652,0.5634808922944516,0.3943026231161824,0.07120957629432206,-0.05328919057732617,0.39072446869057037,-0.1487536843469047,0.271224845801117,-0.1012715334749233,0.10838064566878126,-0.02453763470712623,0.2452301299758927,-0.08266401995215554,0.022064437318674607,-0.2003660054507512,0.03168283846249948,-0.023188365561246916,-0.028820037294613566,-0.22702239990375583,-0.10008837805447975,-0.29400972621311605,-0.014431072058190702,-0.06310702073413937,-0.12424242424242424,-0.21381612737544942,-0.36280301873522214,0.09251007556092301,-0.08101167423201322,-0.14334272639357384,-0.032948819389497355,-0.4010313857771485,-0.5069374459204967,-0.20818676920371837,-0.37142011040316125,-0.3751727073760972,-0.18881254135491424,-0.333720623551132,-0.41091260752277703,-0.30347913398760856,-0.4463684023006057,-0.06584442686137601,-0.0593127796517627,0.11534122720563399,0.11371756964977305
#102,0.04332791959910604,0.005739020993258281,0.01602650416209738,-0.06420272352475742,-0.017881055169190762,0.02401106807886469,-0.0467876196689756,-0.12350902520394046,-0.027738215873809095,-0.17222199086605866,-0.1271695424237797,-0.12522013538962692,-0.12296765178121111,-0.06230560298356908,0.4704669230092959,1.0,-0.06603089992920501,0.07012035147628368,0.04967540730252595,0.5669901025833229,0.15271218830540864,0.49312918465460837,0.20001156780817797,0.335282277655159,-0.05094925433908485,0.10216780725255302,-0.3900600137888274,-0.25417482197143215,-0.0017444254732390326,-0.16020442630612122,-0.09102291814156221,-0.03017485898841831,-0.15093676110625262,-0.12037091020141867,-0.298714122442936,-0.0574795134117168,-0.19784283513097073,0.09145277789345586,-0.20798317577978595,-0.016981542405271218,-0.11555037317749182,-0.1871213277992939,-0.0009480975582670498,0.1512726902557411,-0.07506073099293438,0.1497152005626582,-0.22797466187296694,-0.3320636507077185,-0.3762202880846949,-0.2825733283360402,-0.2659582540938473,-0.09245269923236026,-0.3291351443893817,0.11381936636173924,-0.15577904560955408,0.076003276003276,-0.27192909396299225,0.25253820847041186,-0.15866266883216035,-0.2300823165229945,-0.30325610664593716,-0.018595020289935545,0.03498984346441974,0.39497540683981364,-0.3741380826126589,-0.292510075560923,-0.09173549512532564,0.1909451824706062,0.33474969576664493,0.4181410994970317,0.024233169995881862,-0.1816580833529986,0.132850261663821,-0.034000564509039086,-0.04347321126982144,-0.1428985225595395,-0.1331019771697738,-0.20860968827070522,0.246462795615338,0.25725509793306406,0.055920172869325414,-0.10793088928682149,0.04094310026513416,0.0006024514499090771,-0.050224646834816325,-0.23760601896195116,-0.12451357366611604,-0.22861829471998962,-0.02273537019299731,0.0091274633647515,-0.16693920422733982,-0.21105928733047377,-0.2713793917183748,-0.1305279084940102,-0.20958971297954349,-0.07642526964560863,0.3290972019785579,-0.17417648773580977,0.011636289602391298,-0.2453953182766742,-0.21535186958915772,-0.07934729799136579,-0.19087392477222986,-0.0612427527681765,-0.27301970691801203,-0.25682107377022634,-0.31929695489017523,-0.24591864591864593,-0.09033070050019203,-0.03591017828305964,-0.09014977998028846
#201,0.4675171319239116,0.4905268905268905,0.7124997108047956,0.5015473100218862,-0.16927636419161843,0.20463452666842497,0.31564522920455124,0.203170042153093,0.06996996996996997,0.6052739951045035,0.45116441557119524,-0.11418213282620063,-0.013319174336123488,0.04169547050902983,-0.19560747187865832,-0.06603089992920501,1.0,0.7462832632324158,-0.19898203288033797,-0.32983430271565867,-0.13277946667777177,-0.1721794213319637,0.48930949439424015,-0.039174613750884935,0.3183294234141692,0.15636252585405128,0.21735587667791056,0.07526524984152103,-0.07463364751500345,-0.1859465012007385,0.2690945182470606,0.09596977563079258,0.5041167515743787,0.22340769120430137,-0.29312594566831857,-0.22873119652780668,-0.3101907762924712,-0.35569529467834554,0.14307203968220916,0.17753763008000295,-0.19818801852700157,-0.15366815197323672,-0.382125885515716,-0.5091320904880227,0.02336928608115049,-0.24750574920066445,-0.132671654705553,-0.06954797632763735,0.13485056705395687,0.10135806068009458,0.3627109389821254,0.3235835218886066,0.48171222069527153,0.3543700865734764,0.08652396618498313,0.008690662927951063,-0.14039617429447937,-0.6318688488180013,-0.11283934165290098,0.093395706955029,-0.2228154194255889,-0.014875275892225044,-0.5741195741195741,0.06168464304057524,0.21554204435560367,0.3231374672052638,-0.29358403087216645,-0.001407570899096323,0.08369494301697691,0.10452486384689774,0.5482918974444398,0.4171550595279409,-0.4178556059911992,0.06640801047580709,-0.5293993531281667,-0.015653095314112263,-0.30632712836102666,-0.1107113276604802,-0.05014367217757048,0.005441959679247815,-0.21033005270293406,-0.0570774163994503,0.12801029072215514,-0.10051407339542932,-0.4250207063766386,0.018857378179412077,-0.09352711725593081,0.003372710152371169,-0.05549540295303007,-0.44116520218215133,-0.3537454249318656,-0.1900031001725917,-0.23815155679562458,0.03694619118347932,-0.13597403258420207,0.7397719753651957,0.13016699287885727,0.6328562769240735,0.41643507914694355,0.3365551992670637,0.3679294086073747,0.5480300022672904,0.31906559872661566,0.4189887884803139,0.3355339931611118,0.3634970872259008,0.3309059444652665,-0.27747655205282323,0.07063812657032996,0.03565152209220006,-0.09432483330788416
