,#10,#11,#12,#13,#17,#18,#26,#49,#50,#51,#52,#53,#54,#58,#101,#102,#201,#202,#301,#302,#401,#402,#501,#502,#601,#602,#701,#702,#801,#802,#901,#902,#1001,#1002,#1101,#1102,#1201,#1202,#1301,#1302,#1401,#1402,#1501,#1502,#1601,#1602,#1701,#1702,#1801,#1802,#1901,#1902,#2001,#2002,#2101,#2102,#2201,#2202,#2301,#2302,#2401,#2402,#2501,#2502,#2601,#2602,#2701,#2702,#2801,#2802,#2901,#2902,#3001,#3002,#3101,#3102,#3201,#3202,#3301,#3302,#3401,#3402,#3455,#3501,#3502,#3601,#3602,#3701,#3702,#3801,#3802,#3901,#3902,#4001,#4002,#4101,#4102,#4201,#4202,#4301,#4302,#4401,#4402,#4501,#4502,#4601,#4602,#4701,#4702,#4801,#4802
#10,1.0,0.5000860644928442,0.5511283240096799,0.7174789581569243,-0.055142353447438196,0.13266749029460895,0.2712928645132035,0.6523258235122642,0.319249295520482,0.6259479818801853,0.5363108871583447,-0.2563676156896496,-0.04252002387595608,0.20873323246204603,-0.14464850058070397,-0.1376143477838393,0.31118607050810443,0.41440330931856356,-0.04736045752994906,-0.0626984457492932,0.09496106275767292,-0.14495805512754664,0.19205013950776662,0.16118537643961373,0.16708310776107385,0.10648676411388276,0.366799927816877,0.4542317355876678,-0.02475187051458238,-0.24463045479994633,-0.1673431520889148,0.08169278677753254,0.10838712364136092,0.3171175798294442,-0.23568252381811705,-0.2385925216433691,-0.3656352808895182,-0.19477458968984393,-0.3989422396202057,-0.04990861431539398,-0.33899091695701866,-0.4469208808191859,-0.3873920145106586,-0.3356450441196204,-0.4322653932823424,-0.371558924101297,0.21280186195440431,0.4768828921371294,0.28472031353387284,0.2828130133214879,0.20325656935826428,0.3173938190887343,0.3448497804430008,0.21951072798530424,0.17592183863370303,0.14265791214943757,0.1776357250933522,0.039807141502056755,-0.4228404058912533,-0.26281736281736284,0.33051541526117795,0.2545477681070901,-0.1526020627715543,-0.21298000620034518,0.35327901090612956,0.3460010087128731,0.05413595413595414,-0.10643355219626406,0.12797003474969576,0.09812879134913033,0.3462328275887598,0.39354007320109013,0.32266827690556504,0.36234354539439284,0.10396590735573787,0.18778023015311152,0.15052772340907933,0.21420156674393961,-0.12161560636136907,-0.12365986942258128,-0.0887847786152871,-0.2838184872083177,-0.2780331949823475,-0.12229486805757993,0.28272047085606405,-0.03703965907355738,0.04529999953728767,-0.4831891984434357,-0.21581458191627684,-0.29779517576127745,-0.4528778393185173,-0.20560113271977679,-0.12695669475330493,-0.30401865656102944,-0.16193219413558396,0.2073742463572972,0.08570635350296367,0.2521819199785301,0.3881647440969475,0.3222782104138036,0.43695266915605896,0.10983818949920644,0.2808025282601554,0.288539541081914,0.43942725468149196,0.38288103203357443,0.3957985720697585,0.3306875442468663,0.2514832243645803,0.11395077666264107,-0.19728943118773629
#11,0.5000860644928442,1.0,0.6232873859992504,0.33280121415714636,-0.1917248527418019,-0.16914078947977254,0.4962464776024098,0.5412591327845565,0.6811222624781946,0.5262718805091686,0.2783672732825275,-0.15331232619368212,-0.09318979996946099,0.317901414511584,-0.007876289232221436,-0.11572065131387166,0.28735731108612467,0.5466039228751093,-0.14826367199248555,-0.1504879301489471,0.03447021752106498,-0.212248920723497,0.34862181133367576,0.02256509205661748,0.18175340209238514,-0.0366357112119824,0.3864633508701305,0.1821059888856499,-0.042254889712516834,-0.2282490502829486,-0.05087568307907291,0.3577284526437069,0.28494241545089005,0.3753688974027957,-0.1778513490377897,-0.33182304029761656,-0.1667059972144718,-0.06282754248855944,-0.2890924823128213,0.11964398913551456,-0.2726685082617286,-0.3618280838619822,-0.19609100626049777,-0.06956185769745092,-0.2048237760102167,-0.09242678734204159,0.34794625133608187,0.24686813161389431,0.3416607670844959,0.15681968563324494,0.3851242613954478,0.07158622412859701,0.39264333671113333,0.2534229144398636,0.31516076939805754,0.12280847874068213,0.23047377115173726,-0.16867391274170934,-0.35419194232753554,0.0389895288200373,0.07423386406437255,0.13034282356316254,-0.11915860390436661,-0.11088160579686003,0.32116122285613813,0.18675763591017827,0.26678743458404475,0.18914014168251456,0.021215822910738164,-0.12882188814392204,0.3546551173669818,0.32080863606287335,0.19445531818413175,0.08103157086207934,-0.03730618137397798,-0.0817959716264801,0.00042060550535126805,0.07198785842853639,0.021290319595404342,-0.02902548156785445,-0.18504004775191216,-0.21388414608753592,-0.15704919094749603,-0.3402689284045216,0.01823040297616569,-0.29003317647385446,-0.195248869825141,-0.3379215887690464,-0.2711906050889102,-0.09582170768611446,-0.2716010309230648,-0.15144898365237347,-0.2503791927520741,-0.3243127565161463,-0.13812888389159575,0.3573610590559743,0.032125191447225344,0.5177737059092992,0.41451204671543657,0.5731955376023172,0.4217983777305811,0.21523619150737794,0.4905393837597227,0.24353197573536556,0.5215753503889097,0.527671585298704,0.48618988788480316,0.22994581638649436,0.16862023811176355,0.09759019420036369,-0.0390307102171509
#12,0.5511283240096799,0.6232873859992504,1.0,0.5369003826630945,-0.07230481637261298,0.20380580889055466,0.4346863041778296,0.39172762901576463,0.40052147679266326,0.555689279418093,0.29153097627673896,-0.190322834390631,-0.07818959174891378,0.14611853764396138,-0.08649481530837463,-0.05520019248832808,0.5506540438743829,0.7822531314056738,-0.23433880722016315,-0.2648778208100242,0.07674176487735809,-0.19218154980866844,0.39243974328720094,0.21387442912866642,0.3615435157808039,0.008477815257476274,0.51664283698182,0.4321793287894983,-0.14609355117829695,-0.2647783376596936,0.013628266170639051,0.20814605051893187,0.29861834099122236,0.43131174317614995,-0.3065427523054642,-0.3851622038062716,-0.39243974328720094,-0.14369346233753014,-0.2948310405937525,0.11122262478194682,-0.3342874461518529,-0.5372677762508271,-0.3857211602974315,-0.3939454091996465,-0.379421794676032,-0.10354252557642388,0.3029780165373386,0.2557679405137032,0.17928992166280303,0.2669628025560229,0.42770027346298534,0.3923707991504602,0.5779656389825881,0.4928214809570742,0.38551941772280757,0.3049736948042033,0.18547175835311427,-0.11943947028692792,-0.3697140900530731,-0.09921431446855175,0.1311479430123498,0.2286900151306931,-0.3659406710254168,-0.2946144912246607,0.5243562514748955,0.28840072738377825,0.10145846925507943,0.030955917396595364,-0.011245760398302771,-0.07869394818547361,0.4454725912353031,0.4196097484233077,0.15917257781664562,0.27802903057140343,-0.1258008393601614,0.06031408912764845,0.03221588306334069,0.22168131151182,-0.04062058977313215,-0.06256611002373715,-0.18185982592762254,-0.23366833705816756,-0.16940731178019314,-0.1743930371049015,-0.0013811962964505337,-0.12317124520514351,-0.02447192955667532,-0.40210256481442924,-0.22512435393791325,-0.3054123460903122,-0.4587746452153232,-0.3246579399121772,-0.16783547800496953,-0.30988723700588106,-0.2308383884655071,0.5403337081303183,0.15739761332981672,0.5979224216512352,0.665890698094088,0.4686753008786907,0.5567428753869432,0.3948555643470898,0.5166479268174183,0.4405373015542507,0.6223018087424868,0.5408644391695239,0.5736559363678008,0.23431196990519024,0.21819477412697752,0.011825538944183011,-0.22380238481933398
#13,0.7174789581569243,0.33280121415714636,0.5369003826630945,1.0,0.09378808700842599,0.33706325740224047,0.20197531892447146,0.3642073506480286,0.1591068726661947,0.5903547615412023,0.46038442140137054,-0.1360332597620733,0.1033588287825576,0.13245325448715278,-0.1426977054095698,-0.0547161953941615,0.352725144250568,0.3287723779249203,-0.022727966795763405,-0.03060471874031196,0.09507859168876118,-0.06039691463420277,0.16062318096216402,0.22041116617387804,0.09376217511810732,0.23338376897698931,0.3208294581175937,0.5472193302701778,0.00259026360721276,-0.12682806072636582,-0.014322797373644832,0.02605209215378707,0.09658101861491691,0.4663089900378036,-0.04900401171587612,-0.10075977364112958,-0.3184964625642592,-0.11817857919552835,-0.21809112656570284,-0.05962973759583929,-0.20834501681959308,-0.35618438160811045,-0.3901599596514851,-0.3718545972783261,-0.38778208100242,-0.2890004025597246,0.26957897805355435,0.5565073548124395,0.22500636229449789,0.1862810422132456,0.20957953330834686,0.3860936437207624,0.2737780924221602,0.16885344512463157,0.06411804716889463,0.134283744453236,-0.00048816150511065765,0.014783658851455462,-0.29824308129392874,-0.2617609905745499,0.17431668957092686,0.16158839887653448,-0.1252076421567947,-0.2231296010957028,0.4347173059037466,0.317874114484284,-0.029728341592748373,-0.11544441205458154,0.09930315523535863,0.1517668670211043,0.32209220005830175,0.39608730456188085,0.28542687525738375,0.46469782571477486,0.06029465520990945,0.19689843927132064,0.095042962839573,0.15496652276313294,0.015358347561737392,-0.10641920811412336,-0.15545422155591648,-0.05205976392417071,-0.1962224165613996,-0.1383482095346502,0.21061785977040215,-0.0020951614171953155,0.043956282939333784,-0.34152611779730424,-0.10352401708333912,-0.26424760662048796,-0.31650032158506736,-0.1987187495662072,0.016464230023552056,-0.19341329002345953,-0.0979219589389081,0.2060615314852603,0.1940809839114924,0.1368707690741589,0.3978844792404114,0.1833169070457206,0.4765400223027342,0.2298430942498739,0.267701291430105,0.3180129281824197,0.4409727138540698,0.2327151496643022,0.4176640430877719,0.1570561316324028,0.16146485468519367,0.06690311266582454,-0.15058556244996923
#17,-0.055142353447438196,-0.1917248527418019,-0.07230481637261298,0.09378808700842599,1.0,0.5214513434852418,0.12560141034717306,0.015914527778934557,-0.22192469819588465,0.13431705974078856,0.1367111333213028,0.3828477167460218,0.13605361910446656,0.0407672695808289,-0.022010299976401672,0.07291420850742884,0.3008939602159941,-0.2706890249263131,-0.12889962381487804,0.010029752402633759,-0.08533988533988535,-0.20105776037979428,-0.11641055539360624,-0.11173160834177784,-0.1134528981986609,-0.1659119828611354,-0.222800149918794,-0.1368143181702504,-0.08699685818329886,0.11210871888837991,0.19368073774853437,-0.07600790312654719,0.09083968406002305,-0.09269192150548083,-0.04202353354895728,0.4508363525312678,-0.08307583392329156,0.26640893590046133,0.1870435921283379,0.2265689418231791,-0.0625406608457456,0.0772405687659925,-0.1592109829397965,0.08540559049033625,-0.06806128162060365,0.19893761249693453,0.016936196597213547,-0.14505661285322302,0.1439201913778185,-0.26566119277983685,-0.294308638376435,-0.2192525345067718,-0.24783473766524614,-0.3977720401449215,-0.3787906550618415,-0.2963070929172624,-0.14761217303590185,0.022263403619335823,0.15527422646066713,0.3013677776389641,0.15664478037359394,0.22228515109871042,0.32841562672071145,0.22911478504698843,-0.1344026615213056,-0.02633527209798396,0.15562033528135222,0.19250776199928743,-0.0461555546301309,0.2217298963061675,-0.1988834751546616,-0.074845569760824,-0.2512365986942258,-0.11896565286395795,0.012506188777375218,0.08259137411679784,-0.029115247759315555,0.010230569552603451,0.3239217645997307,0.3218511269358727,0.2307828629862528,0.19627192678040137,-0.25808798012187845,0.2755794315116349,0.3066528778393185,0.33039834904241683,0.37139095952655277,0.123437304793237,0.04155110426296867,-0.17141594599221718,0.23016791830351152,-0.25717366056349106,0.4150839591517558,-0.05054345562820139,0.17842464961109028,-0.04870972667582837,0.006706552469264333,0.018796762864559474,-0.22546120851205598,-0.28396701786532297,-0.2779859983249814,0.22307731460273833,0.0824618146652045,0.30251391607323813,-0.29574582286446693,0.14440789017060204,-0.3408107645395781,0.2319882285983981,-0.0024269261557397152,-0.07718643142371956,0.16428045919571344
#18,0.13266749029460895,-0.16914078947977254,0.20380580889055466,0.33706325740224047,0.5214513434852418,1.0,0.0997288505763082,-0.14252141201293744,-0.24306926340824647,0.08333171384018842,0.22936002258036156,0.4736920279293161,0.21857512365986942,-0.01953478902631445,-0.17902154851307395,-0.004344868751648413,0.2393698783529292,-0.07542025847110592,-0.060436707894335015,0.02785019225697192,-0.024968419883674122,-0.023379928464674227,-0.10943933147322978,0.14025041991143686,-0.037301554250706796,0.09833562375935258,-0.20771480263005687,0.05922625244659143,0.022455429235090252,0.22461860936437208,0.31385545792325453,-0.07764174035360476,0.011441487712674153,0.06553209604057061,0.14253483067042388,0.2744406964745948,-0.0437119708306149,0.12359185071049478,0.21984850798410122,-0.027696109052041257,0.027335193436888353,0.024566785583734735,-0.15390829967101152,-0.058534960229875484,-0.13913805947704252,-0.07396502820231633,-0.14565351175520666,-0.07088290139137597,-0.13745980186658152,-0.12028345757159316,-0.13487185182100436,0.21667291328308277,-0.0508076643669864,-0.010757598893192114,-0.20870269344845616,0.09731626850270918,-0.3208558327202395,0.04407612543205763,0.13090409361595803,-0.1554352503505046,0.07924920297801653,0.10119564865327577,0.01403822929246658,-0.11051143593516474,-0.025065126760042016,-0.07411772327026564,-0.04181161130313673,0.031694868983004575,0.0715640139368953,0.21836551497568446,0.07039566531091955,0.17274207952174053,-0.019904958888009736,0.2181605334147707,0.020386179708213607,0.2081053318341454,-0.0159857854773109,0.0434431349685587,0.12333689621825215,0.10571495995224808,0.055991893280028876,0.43727610507271525,-0.0557818218835168,0.4267359809732691,0.15610016796457474,0.3951484612501562,0.27745989440904695,0.08400912468709079,0.22711771864314237,-0.07348056839582263,0.19253089761564338,-0.05836468209349565,0.27054095698163494,0.060870269344845615,-0.08402994674181115,-0.025208104869121818,0.08974351855707788,-0.13732468986706275,0.07701013802708719,-0.23507683338191812,0.04176210108413498,0.3150173285766506,-0.021625323320238574,0.3250771572805471,-0.08600063854301142,-0.036631084088711206,-0.10909322265254469,0.005389673186283356,0.011284165521453657,-0.24249503741029166,-0.19363215295418684
#26,0.2712928645132035,0.4962464776024098,0.4346863041778296,0.20197531892447146,0.12560141034717306,0.0997288505763082,1.0,0.2989056853463633,0.33806179060416347,0.4754683805531263,0.2900359527478171,-0.036836528361952094,-0.15382639958911146,0.5596769342532054,0.14405021354173897,0.01864221694730169,0.26844348200280405,0.3122331885043749,0.061786902464868565,-0.018837018837018837,-0.018853213768468005,-0.1695998001082747,0.19957939449464873,-0.016671987858428536,0.1761124761124761,-0.1413266887843159,0.058497943243705955,0.023621001587103282,-0.1791871995261826,-0.25314991416686333,-0.03319868404614167,0.30115354183150794,0.15211251312946228,0.14442454781437833,-0.33268692421234797,-0.19152820000277626,-0.2144819704141738,0.24423344762327814,-0.14173665190614343,0.2514425056797938,-0.31847471508488456,-0.3610757136180865,-0.2553459468713706,0.05055641157336072,-0.22873027110315247,0.0867752189786088,-0.0574068675763591,0.12623347538601776,0.10886418005062073,-0.013461227020549055,-0.10229921755345484,-0.08400958739941791,-0.006377564004682649,0.06804462397682737,0.023048163726129826,0.04408769324023561,0.1253436795809677,-0.016651165803708175,-0.305679793815387,0.2800881004270835,0.18107737938246413,0.22242165123521054,0.12093634466515822,0.07759037928529454,0.02685906245228279,0.04450459704696993,0.5199230046687674,0.5031320997422692,0.07103467103467104,0.05564717259632514,0.1889499669160686,0.09567502787841771,0.07188744985355155,0.06211496550479601,0.1316351790928062,0.11082376675597015,0.2106558021812259,0.2093574313913297,0.14248532045142215,0.21778619914213135,-0.064049565744481,-0.12378665260021192,-0.345903376411851,-0.11628192136666712,0.03742741200368319,-0.13778740219418187,0.06535672806859248,-0.38156507817524765,-0.32309998750676716,-0.2414793838522652,-0.15308605986572088,-0.1546435495588038,-0.16427166766149817,-0.29465382177246585,-0.034352688589976726,0.3045174604496638,0.08428258767241818,0.3911534030178098,0.1917442866595409,0.25938681362410176,0.04682278580583665,0.0366986400884706,0.38478139156105257,0.3025740686757636,0.24941397483770364,0.3511306375713155,0.18155952562732225,0.3690593521101996,0.2624148030927692,0.03627757187079221,0.13888865753272533
#49,0.6523258235122642,0.5412591327845565,0.39172762901576463,0.3642073506480286,0.015914527778934557,-0.14252141201293744,0.2989056853463633,1.0,0.4909354655117367,0.5080868233410606,0.3789840688145773,-0.2542923509025204,-0.12600859719503787,0.3410657190318207,0.1090016056117751,-0.05234386929302184,0.259997593895899,0.46545250952030615,-0.031643045202367236,-0.08545001087373968,0.040129651994058775,-0.2665995733792344,0.18149983573712386,-0.02694836593141678,0.13130711605287876,-0.08874544806748197,0.33932036813392746,0.23286645659527017,-0.17834691394013427,-0.4054831410763614,-0.34624439539693774,0.14030733352767252,0.05885608258489614,0.22144902992360618,-0.3555014182132826,-0.19222504476741764,-0.42859284554199806,-0.07728776542335865,-0.49453629284137757,0.08189961918775478,-0.3501293280954298,-0.3602405178676365,-0.39578469069994493,-0.09304450829874558,-0.4687016754813365,-0.20011984249272385,0.22372187287441525,0.2631028563231953,0.26251567438008117,0.1229093500279941,0.10165465928177793,-0.004849687900535358,0.18440011660350644,0.025266869334665945,0.10576447017124983,-0.11476422493371646,0.31428531767514817,-0.05513541276253141,-0.4395248869825141,0.06853278548193803,0.302676790812384,0.2691819708768861,0.029420175182887046,0.021475867238579104,0.28180013603742415,0.26865170255000764,0.3110403161250619,0.09891632772988705,0.0811930574642439,-0.03368684555125233,0.19129684383921672,0.10233808538893285,0.3131206707477894,0.07926354706015723,0.1431507007778194,0.14780558678863764,0.20588847707491775,0.20660105405868118,-0.039067264490993306,0.015927021011766775,0.12105757529486343,-0.4636039737734653,-0.3202825321469389,-0.16841525655084977,0.1994526113170181,-0.08493825103994596,0.018527464290176154,-0.49570741774131605,-0.31471887912565877,-0.36520912283624146,-0.42949235830591764,-0.32703211686262534,-0.19730007357126,-0.3720100686202381,-0.013389043897518474,0.23938468514739702,0.003133025166923472,0.377914740626605,0.21231601401092925,0.3513115580912191,0.25726296404262505,-0.04748076273500002,0.3460546833428189,0.19374875646062087,0.34044152010253703,0.4533951517002364,0.35523350777588064,0.4739641027776621,0.17440136592678965,0.17620964570117112,0.03557841354451524
#50,0.319249295520482,0.6811222624781946,0.40052147679266326,0.1591068726661947,-0.22192469819588465,-0.24306926340824647,0.33806179060416347,0.4909354655117367,1.0,0.3690810995895742,0.2664445647496495,-0.0612307222476714,0.0033504999606694522,0.4958203195491331,0.1585405127778009,-0.12278256685036346,0.1430368735453481,0.4638871537176622,-0.11680154731002189,-0.14836824497841447,0.08974999652965755,-0.24179819264565028,0.2721627636881874,-0.10676948134575254,0.20827607268285234,-0.17307338154795782,0.2373496763327272,0.014303826168232947,0.0016583609803948788,-0.22974962635979584,-0.12222638663316629,0.2990736499211075,0.19298157942225738,0.2054146596519478,-0.20068990407973458,-0.1990023922227312,-0.12571199859335452,-0.09943872994720453,-0.2315842807368231,0.061094684823498384,-0.1937737429262853,-0.2476038442140137,-0.17565855531957228,0.003219089659767626,-0.13236071202172897,-0.10025495449224263,0.1359670918992953,0.09770587228214347,0.09113211825076231,0.026748474206101325,0.31040963922319853,0.023013460301595894,0.31125825363113496,0.08634952363765923,0.34677003660054506,-0.040544704951484614,0.31002188629307276,-0.09811999981491507,-0.31651235210557244,0.05497577700967531,0.09807696756849299,0.21663126917364206,0.059694980033963084,0.058034305491932614,0.057461467630959155,0.10019896630066122,0.4245052448442279,0.22079938181633096,0.14906462703072873,0.03478902631445004,0.32117417880129745,0.23504860792996385,0.15433492043661534,-0.08507290032713762,0.08463239819172022,0.034539161657805725,0.14986373121966343,0.1774705367925707,0.017118505254098474,-0.07140345275938496,-0.0758700148530657,-0.20263144500432637,-0.06341888884261766,-0.3582175395734718,0.08372918372918373,-0.2985891901146138,-0.16972288158728838,-0.22361498632685073,-0.24683481632634174,-0.09495782377138309,-0.1684670803314871,-0.07656639690537996,-0.3013316860774488,-0.29363539194047666,-0.12455984489882795,0.33273504629436834,-0.1368268114030826,0.4462379174243581,0.14662381950517545,0.6037160426990935,0.19177390024847651,0.12106035156882615,0.4632661937746684,0.18301336775913046,0.39575368897402796,0.35798248171129526,0.3704817298037637,0.3464558549304312,0.2414257092223194,0.11395725463522073,-0.010066306676476167
#51,0.6259479818801853,0.5262718805091686,0.555689279418093,0.5903547615412023,0.13431705974078856,0.08333171384018842,0.4754683805531263,0.5080868233410606,0.3690810995895742,1.0,0.6024722719637974,-0.165883294696854,-0.008405632134445694,0.4001517696432951,0.01572203945085301,-0.09811398455466253,0.6177126278821194,0.4015954321039067,-0.057032070591392627,-0.1558114354724524,0.13229732043291365,-0.3293924124432599,0.4116076014381099,-0.09293715903885395,0.347410893173605,-0.12454781437832285,0.34406825932249663,0.21703244076125433,-0.05566105396613871,-0.2803051125085023,0.09487777453879148,0.32644123322089424,0.4075380465210974,0.2266901724528843,-0.29109139956597585,-0.1758459538120555,-0.18544538375046848,0.10143672177570483,-0.09487546097715589,0.2701596820240888,-0.2864837102125238,-0.39751986192664157,-0.3588676503930741,-0.07796980339353221,-0.24854870278599092,-0.06925924383551502,0.16132187657611385,0.30154407103559644,0.33157872818889766,0.13485241790326535,0.11313085041898602,0.04933901544071036,0.38800973546736256,0.09359883766663428,0.26780586441603393,0.09000680187120864,0.18712225322394813,-0.21379021548513075,-0.35354414506956877,0.11700421530930005,0.16710624337742983,0.17613098460556087,-0.008684184955371396,-0.035321608202964136,0.31590943794333626,0.26036822646992136,0.28562399070873645,0.13061212213754586,0.025381621991791482,-0.0017023186514711938,0.2195482076838009,0.23968868714631428,0.031872087804291196,0.03672964181438758,0.0052619645839984824,-0.029436370114336217,0.05149571759741251,0.03375162527704901,0.20028919520444943,0.15652493788087007,0.003440728864457678,-0.3347982805609924,-0.3074681769597024,-0.19263176890295533,0.13035994391926595,-0.20332551349500502,-0.06857165331741603,-0.37172827681302256,-0.34982810237047524,-0.3764692273166849,-0.3173424580204241,-0.39989959142501513,-0.06495092935770902,-0.4530448784686073,-0.12955621260706007,0.5152010253705169,0.07545311104633139,0.5830651915397678,0.21161269127370821,0.3954015648930903,0.17998075116719184,0.2851497105734394,0.5723298028382774,0.39789141992531823,0.25260854074413397,0.6560608374167696,0.2101449677720864,0.3673079859520538,0.110197716977378,-0.00820018786120481,-0.10226867853986497
#52,0.5363108871583447,0.2783672732825275,0.29153097627673896,0.46038442140137054,0.1367111333213028,0.22936002258036156,0.2900359527478171,0.3789840688145773,0.2664445647496495,0.6024722719637974,1.0,-0.038273712849984036,0.11874632722090349,0.3257864952780207,-0.153253561728138,-0.15763776102759153,0.3590874387484557,0.22303243150700777,0.038592058931041985,0.019065136014288556,-0.025749015579524054,-0.20868834936631547,0.07320432913653252,-0.15892225044767416,0.1569996807284943,-0.03974930246116687,0.06016139405969914,0.23842918419189604,0.10735573786421244,-0.08973889143380669,0.045779832220510186,0.3163078332569858,0.1731918359037003,0.06600036091561515,-0.08509788679280204,0.020779485186264848,-0.06809691046979183,0.14151686355076185,-0.08461851682190666,0.21826510640069963,-0.16333652604839047,-0.22089747682968022,-0.2188023154124849,-0.022489207234969947,-0.17923902330681993,-0.22695253034236085,-0.015448576465525618,0.30759172115104316,0.16691051606305843,0.13016190304325898,0.09627747932832678,0.16898346728855204,0.17548318734759413,-0.012231337655066468,-0.04571829148100334,-0.04609216304131558,-0.04572847115219997,-0.13507035540933846,-0.2190128495213241,-0.0014890082686692856,0.15703438415302823,0.07106659818524225,0.05667439396252955,-0.04928025097516623,0.04787406821305126,0.2736008736008736,0.1890827653539518,-0.04061272366357112,0.08005432242720378,0.12035980510556782,0.172980839082534,0.21035180018230865,-0.00821545736799974,0.0060559789373348695,0.03075001041102736,0.01577432594381747,0.013685179786874703,-0.055400084213643536,0.006304918169324949,-0.003124233632708209,0.0872374685934008,-0.14545269460523697,-0.30744550405567356,0.04743541692694235,0.27869256004849224,-0.1186473067829,-0.07923208262191313,-0.2793759861556472,-0.06188407205356358,-0.24003201969303664,-0.16918983698644716,-0.200295210464702,0.0528005663598884,-0.2505267979844251,-0.10933337035031951,0.23202663372154897,0.05756465247990672,0.22266873961789216,-0.0046215707232656385,0.16395656056673005,0.08695058695058695,0.15810278691634624,0.43195815229713536,0.3754406178134992,0.07605324893460487,0.3259484445925124,0.07369387877862454,0.28106257258799633,0.042000397932601324,-0.0658199031080387,-0.13404822387873236
#53,-0.2563676156896496,-0.15331232619368212,-0.190322834390631,-0.1360332597620733,0.3828477167460218,0.4736920279293161,-0.036836528361952094,-0.2542923509025204,-0.0612307222476714,-0.165883294696854,-0.038273712849984036,1.0,0.43406858322112557,-0.03307421443014663,-0.2796656440724237,-0.18288473373219136,0.02762114965504796,-0.37812805100940694,-0.16571671825909115,-0.055048422845033015,-0.19248925350620266,-0.03334536385383843,-0.13305755678637035,-0.09699051902441733,-0.13976503468028892,-0.09525025796212237,-0.45550928432284365,-0.358952789461264,0.17040584498211617,0.43523137929917594,0.45126204787221735,-0.0021728970881513252,0.06930782862986253,-0.2908387586353688,0.2589625064201335,0.1871143871143871,0.36645705798248174,0.08703248703248703,0.35787837143769347,-0.08335577488119861,0.16416709467556925,0.27980029335961537,0.3075903330140618,0.3138420392657681,0.3733126038210784,0.11806243840142146,-0.32865253543219647,-0.41376569173179345,-0.25731617596024375,-0.24750528648833733,-0.14176765363206043,-0.04605560876747317,-0.17746776051860796,-0.1387789947111981,-0.12570228163448502,-0.08715973292244479,-0.23956930736591753,-0.03494172138239935,0.4081529912038387,-0.011545597986275953,-0.037177084634711755,0.005303145981112083,0.09017661729526136,0.03211963889929992,-0.3606042097567521,-0.29856929348454775,-0.050779438915032137,0.23471221606814827,-0.1040251345336091,0.053570056959887466,-0.15376624698658597,-0.05957698839054771,-0.19743934998172286,-0.12463758056978395,-0.06341379900701935,-0.03579126121499003,-0.024092968160764772,-0.030500608466710162,0.1826436606097623,0.10045021909428689,0.16220056728531304,0.5811976845875151,0.2915578135917119,0.3453106419208114,0.01332380145939468,0.3568738229755179,0.20837833210714565,0.3949444051138966,0.29501011026434754,0.3069170865781035,0.5300864809339385,0.39360253936525125,0.28576234169454506,0.28416135704271295,0.14134519727740066,-0.17821966805017653,-0.13400889333092722,-0.14916411018105932,-0.1639958911145352,-0.26777347455313555,-0.15548476056950633,0.35518075857058906,-0.2308328359175817,0.17256115900183697,-0.3687285127963094,-0.1563578987307801,-0.39860631047071726,-0.04563130156350495,-0.04215679469916758,-0.10087313816127376,-0.029416010771942974
#54,-0.04252002387595608,-0.09318979996946099,-0.07818959174891378,0.1033588287825576,0.13605361910446656,0.21857512365986942,-0.15382639958911146,-0.12600859719503787,0.0033504999606694522,-0.008405632134445694,0.11874632722090349,0.43406858322112557,1.0,-0.18202223795444133,-0.29225882276729737,-0.01835949971543192,0.02051342559817136,-0.1735643193270312,-0.1462985327392107,-0.07480485107603752,-0.11833636409907597,-0.04634989380752093,-0.09904218548286345,0.029862528167612912,-0.14483173466224314,0.05979862759523776,-0.15796489864286475,-0.14502792468894163,0.5399982416931569,0.4975665958716806,0.3776764437781387,-0.01607508895644489,0.16333421248675487,0.02961636520958555,0.30621839096415365,0.12322168084879949,0.3174868242664853,-0.08877274809478199,0.15702698075579433,-0.09626267253385898,0.2082603404637303,0.17063118588542317,0.2745637779536085,0.05478560224322936,0.38778670812569116,-0.06533498058921788,0.007147054604681723,-0.06450117297574924,0.01362965430762041,-0.07679081238403272,0.07039751616022802,0.08740358231883656,-0.01207494088850021,0.07857364298042264,-0.06291268155674935,0.12588181401740725,-0.20395063784894293,-0.07819699514614768,0.22894774589689845,-0.09996899827408302,-0.19929019929019928,-0.29205846832965476,-0.14219658795929982,-0.09794555726759116,-0.043905847295677806,-0.16958175432751704,-0.275218515896482,-0.20075190753156855,-0.09759944844690607,0.04201751828870473,0.08048788387771438,0.09221625323320239,-0.024712077254450137,0.053865730136916576,-0.123495606546454,-0.03257864952780207,-0.17033042287279576,-0.09558433626230237,0.10024616295802737,-0.06329812092523956,0.12478749936377055,0.37076167076167077,0.40268928404521626,0.14556652183770827,0.3557110268974676,0.17120633730803222,-0.05318184131743454,0.32753647329918517,0.3001092001092001,0.2767223309596191,0.21515706769944057,0.23243243243243245,0.29847813915610527,0.14257184765659342,0.01789308568969586,-0.0988982819491294,0.07744601303923337,-0.20646825562079799,-0.10559974458279543,-0.17077092500821314,0.06871925854976703,0.3884807766163698,-0.07584595381205551,0.03409125612515443,-0.08953761157150987,-0.11431724482571941,-0.03416436467283925,-0.29752726532387547,-0.21075297176992092,-0.017540961608758218,-0.22158414192312498
#58,0.20873323246204603,0.317901414511584,0.14611853764396138,0.13245325448715278,0.0407672695808289,-0.01953478902631445,0.5596769342532054,0.3410657190318207,0.4958203195491331,0.4001517696432951,0.3257864952780207,-0.03307421443014663,-0.18202223795444133,1.0,0.17378318225775852,-0.0951928816335596,-0.035317906504347185,0.13118866169713628,0.22612936511241596,0.21402527334730725,-0.09416982467829925,-0.13942401569520213,0.1480031649523175,-0.18254741644572153,0.12366912366912367,-0.07492839526737832,-0.08012419198859877,-0.04739007111888468,-0.12209775260622718,-0.2029571944826182,-0.12318605199961132,0.2602756840044976,0.14381469296723534,0.018766686563296733,-0.289262297736874,-0.09375569714552766,-0.08144338483321534,0.35358856545297224,-0.010188462730835611,0.1783982750084445,-0.23394735259142038,-0.1821666042005025,-0.1888500210534109,0.27472665269275437,-0.1617896787388313,0.07023371599642786,-0.1869686327313446,0.048840211552075956,-0.02159061989570464,-0.10345646108357973,-0.142939241244326,-0.19366500552941232,-0.12605903283869385,-0.24472114641606166,-0.07644933068661883,-0.26477463596107664,0.07235155031765202,-0.02199595589426098,-0.28133511014866946,0.20567609211677007,0.19294918955935905,0.25187467899332305,0.48788943026231163,0.2704382348450145,-0.1656602673551826,0.060306223018087426,0.7571856910839961,0.6026545806206823,0.07391783154495019,0.09419943826723488,-0.03958087517409551,-0.10720905805651568,0.036484866993341566,-0.15950110356890018,0.1957185228371669,0.06946422539642878,0.21318452504893182,0.11004132021081174,0.1,0.29605815368527233,0.0989223429901396,-0.11981287913491304,-0.31668679465289634,-0.19083505693675185,0.08849095628756645,-0.15992263449890567,0.0015894168436541318,-0.26819731904477667,-0.3314926636960535,-0.19757076028262469,-0.029360022580361564,-0.1040297616568803,-0.2284285826658708,-0.29187939865905965,-0.09159066616693735,0.08018897171439544,-0.07279760500099483,0.2607115590166438,-0.015468935807918858,0.3111856077957773,-0.141183247962909,-0.09662266272435764,0.30502644400949486,0.31203422220371374,0.05470879199692759,0.34323954154462627,-0.009424061966434848,0.40943146536366876,0.21459440950966374,-0.05222448951262511,0.13258559021270885
#101,-0.14464850058070397,-0.007876289232221436,-0.08649481530837463,-0.1426977054095698,-0.022010299976401672,-0.17902154851307395,0.14405021354173897,0.1090016056117751,0.1585405127778009,0.01572203945085301,-0.153253561728138,-0.2796656440724237,-0.29225882276729737,0.17378318225775852,1.0,0.461244603617485,0.11465965194778754,0.13301406182762116,0.25257198647029155,0.01124622311062989,0.49477690325147955,-0.016062133011285555,0.1358074561464392,-0.053850923342448766,0.28124997108047955,-0.04643225660174813,0.006659355811898185,-0.17685420397284804,-0.11189263223161529,-0.21908688349366315,-0.2031945659064303,0.09426421799303156,-0.18978562537884572,0.053322968577205865,-0.08659661202034083,0.26579908105331834,-0.07365593636780078,0.2991055770716788,0.04482757025129906,0.2988427564698751,0.03581162055738327,0.08124673209418973,-0.2555518538569386,0.09834719156753055,-0.31737160889703264,0.08948023524294711,-0.06525909576757034,-0.12841007417278605,-0.20014806794467813,-0.36999125473701744,-0.12841053688511317,-0.27916221306051814,-0.08833039511005612,-0.23607166488522421,0.1645654899892188,0.1273388951355053,0.0857336535302637,0.049173827139928836,-0.248218788896755,0.19654029993013045,-0.0738067805864416,-0.002855860482979127,0.3256939528125969,0.3302937760564879,0.010269437388081455,-0.08847892576706136,0.28447785227446243,0.15062350486079298,0.5692231522739998,0.2687206466867484,0.19598088072664344,0.09748886020072461,0.24826598555412116,-0.1003003003003003,0.25606176284142385,0.004136185492117695,0.21994428943581487,0.06997922421651236,0.23421109861787828,0.21043971552446128,-0.16489586659078184,-0.25384953520546744,-0.21284304335151794,-0.22909812740321214,-0.18403735013904504,-0.21640315199637233,-0.07365917535409061,-0.15415585076602026,-0.19099469268960795,-0.3256967290865596,-0.12612936511241596,-0.35858585858585856,-0.3273458358204121,-0.24406825932249662,-0.011897259354886473,0.28919936886038583,0.10021978835538158,0.10417227705363298,-0.07647107816599343,0.022936650055294123,-0.14593807983638493,-0.19953682496055378,0.2059884229375755,-0.17400111976383162,0.06920880819185904,-0.10763243983582967,0.08258073173327411,0.13603140891276486,0.021919608360286325,0.0621219061897028,0.2404447590888269
#102,-0.1376143477838393,-0.11572065131387166,-0.05520019248832808,-0.0547161953941615,0.07291420850742884,-0.004344868751648413,0.01864221694730169,-0.05234386929302184,-0.12278256685036346,-0.09811398455466253,-0.15763776102759153,-0.18288473373219136,-0.01835949971543192,-0.0951928816335596,0.461244603617485,1.0,0.02327951988968938,0.08767380631787411,0.0821592008032686,0.008408871120735528,0.27632115937200685,0.18485403739641026,0.001989663006612159,0.33644785000717203,-0.01056788683907328,0.20372390880865457,8.698991749839207e-05,-0.04618516821906653,-0.07875641434963469,-0.06181836690311267,-0.16158701073955312,-0.07535316518367366,-0.04656736860126691,0.1185455100709338,-0.0838494889342347,0.23567789669484585,-0.10320983541322525,0.3305547458089831,-0.03832090950735018,0.21369535945807133,0.002869279140465581,0.14328072294173988,-0.261376939343041,-0.0282421095980418,-0.23632430581583125,0.08360101241457174,0.09805336923980992,-0.18180753943465808,-0.1134575253219321,-0.38389668559160084,-0.037357079729961086,-0.1949971543191882,-0.10751907531568548,-0.09967841493265223,-0.08384624994794486,0.15864971288700103,-0.1838036804138499,0.12546259664903733,-0.1817862546676106,0.11988182327165378,-0.13123678377915665,-0.18061559247999925,0.13657093148618574,0.31536667638362553,0.15405359134172694,-0.12304307389053151,0.0872203482372974,-0.02071655630977665,0.35589749996529657,0.41830119796221493,0.14363284702267753,0.159613079952063,0.2033518880976508,0.11358384578723561,0.1507928575725186,-0.03667272819815193,0.021095980418014318,-0.013768005293429022,-0.012372002202510677,0.2936303021048784,-0.017916684018378932,-0.15040371650541143,-0.04132252437337183,-0.004706247079128435,0.04408769324023561,-0.07082413692583184,-0.04489466353873134,-0.12479629089798581,-0.09359189698172748,-0.26320557845981574,-0.1725255301526488,-0.3409107104022358,-0.07097544385679978,-0.1934123645988053,-0.08098807590333014,0.0060730992934382765,0.30001434408214067,-0.061125686549415366,-0.07187865831933629,-0.1159904126005821,-0.024241498817770005,-0.059966592169982,-0.0059092991296381125,-0.02767991412059209,0.010831170153204051,-0.027069596561121984,0.04826552284179403,-0.14324324324324325,-0.21475173170088424,-0.1421230166992879,0.06637053077731044
#201,0.31118607050810443,0.28735731108612467,0.5506540438743829,0.352725144250568,0.3008939602159941,0.2393698783529292,0.26844348200280405,0.259997593895899,0.1430368735453481,0.6177126278821194,0.3590874387484557,0.02762114965504796,0.02051342559817136,-0.035317906504347185,0.11465965194778754,0.02327951988968938,1.0,0.3924878653692213,-0.18214346858414654,-0.26244765566799466,0.2259290106747734,-0.29871134616897327,0.3266017943984046,-0.11936312275295326,0.432889129499299,-0.23216822369364742,0.25751190327461515,0.1325208104869122,-0.047032857202348725,-0.1697478680529528,0.2515401379808159,0.19067542118389577,0.3690487097266758,0.08485403739641027,-0.2295353905523397,0.04799020900715816,-0.19819449649958124,0.04762651711804254,-0.08255898425389951,0.3364487754318263,-0.2368971436768047,-0.2930583896685592,-0.305380418939741,-0.19442200289657915,-0.21788290601849924,0.08079003502732317,0.1285276031038743,0.09607805031533845,0.19332213569501705,0.010296274703054364,0.1474516118583915,0.08690848012881912,0.36763003373172864,0.12249614791987673,0.23753938838684602,0.19056899734865837,0.08876950910849216,-0.20336299319350168,-0.14090330700500192,0.17366981773761433,0.07468871028193062,0.13656861792455013,-0.08444361156225563,-0.04035221662340306,0.3323542340491493,0.18195468195468195,0.07494551562348173,-0.003303303303303303,0.17486454096623588,0.054684730955917395,0.3958971297954349,0.442371955931278,-0.09444745207457071,0.02349236756016417,-0.1588019452426232,-0.05866775866775867,-0.033873318619081334,0.0836144310720582,0.3203908068314848,0.18352697844223267,-0.0762309304682186,-0.20633962159385888,-0.16993295298380043,-0.09956551312483516,0.04698288427101986,-0.030349301535742213,0.10467987247648265,-0.18526585136754628,-0.21130498757617402,-0.3667134006117057,-0.22355714728596085,-0.43370165234572017,0.0806239213018874,-0.30484783705122687,0.024793977336350217,0.7119657407793001,0.09332306111967129,0.6186491576322085,0.21776676522439234,0.1327563310614158,0.20763012627419408,0.5473706372011456,0.4340084306186001,0.3583406210524855,0.19809871504786758,0.4458330441381289,0.18122776088877784,0.25045461486139453,0.06840230060569044,0.036320141404887166,-0.024353937913259946
