,#10,#11,#12,#13,#17,#18,#26,#49,#50,#51,#52,#53,#54,#58,#101,#102,#201,#202,#301,#302,#401,#402,#501,#502,#601,#602,#701,#702,#801,#802,#901,#902,#1001,#1002,#1101,#1102,#1201,#1202,#1301,#1302,#1401,#1402,#1501,#1502,#1601,#1602,#1701,#1702,#1801,#1802,#1901,#1902,#2001,#2002,#2101,#2102,#2201,#2202,#2301,#2302,#2401,#2402,#2501,#2502,#2601,#2602,#2701,#2702,#2801,#2802,#2901,#2902,#3001,#3002,#3101,#3102,#3201,#3202,#3301,#3302,#3401,#3402,#3455,#3501,#3502,#3601,#3602,#3701,#3702,#3801,#3802,#3901,#3902,#4001,#4002,#4101,#4102,#4201,#4202,#4301,#4302,#4401,#4402,#4501,#4502,#4601,#4602,#4701,#4702,#4801,#4802
#10,1.0,0.18276766751343024,0.6402828097743352,0.663490146540994,0.2033472609743796,0.2594414136787018,-0.12549452379960854,0.35964593252728844,0.015002521782182799,0.4447479837310346,0.23599254107728684,0.19591610100084678,-0.07872865161000754,-0.11105095850858562,-0.27280732195986435,-0.09627470305436407,0.46476306815289864,0.4863152829254524,0.15561293188411832,-0.05696220102999764,-0.2530957768245904,-0.004721053873596247,0.2009855772567637,0.24772276128208331,0.3082922676143015,0.3272204407797628,0.1298740959757909,0.20973315380095042,-0.06117056964514592,-0.05932712373390339,0.002774423113406164,-0.1606662132085861,0.14438197828028337,0.03131868386105674,0.06623449335313743,-0.015362974685008583,-0.025407071169783035,-0.0980311590481082,-0.03912093912093912,0.08535006501108196,0.005754753212380331,0.17740390621746555,-0.33722798299069484,-0.2842802741107826,-0.1470393351749284,-0.17682829208252937,0.23662923323940274,0.16323658018573273,0.1541350287112999,-0.05317952775579894,0.03326855360753666,-0.14052156933512866,-0.012041625600947636,-0.0004779818339140373,-0.009981630320613371,0.10519255773493062,-0.07828074607735624,-0.05429929158742718,0.11750949717051412,-0.13000087915342154,-0.036488105979631404,-0.0790886418005062,-0.018154055442191036,0.26656440724237335,0.2195768958480823,0.23673843334860284,-0.12212505263352721,-0.07061221468001129,0.044091394938852564,0.2229269330964246,0.2443097951572528,0.3610035304950559,-0.21329187430882346,0.10715168172795292,-0.15216896403337082,-0.09829860677318304,-0.08027781248120232,-0.17043869755734162,0.06588422012150826,0.32954649564819055,0.0953141122632648,-0.13455720743856336,-0.12206721359263732,0.1006612159154532,0.39442107747192495,-0.023437304793236996,-0.08789498281023704,-0.01899711730220205,0.08155165951776121,-0.19835181869080173,-0.23789845315269045,-0.06233058944923352,-0.0569298111670993,-0.14503856707246537,-0.06171055493089391,0.0903954802259887,0.33997464336447386,0.1849053984647205,0.1630056867345003,0.1037900766714326,0.12385004418902724,0.22327165378012837,0.12061105789919349,0.27634198142672717,0.17486222740460028,0.29783173003511987,0.19478939648431173,-0.003665607055437564,0.040660845745591506,-0.15428679835459497,-0.2311187921357413
#11,0.18276766751343024,1.0,0.3239763646543308,-0.0916452662215374,0.17279344059005075,-0.05120652239296307,0.4939102430627854,0.21636798585951128,0.3275859835181869,0.3760999828796439,0.30816779799830646,-0.029113859622334197,-0.005116672913283083,0.3142061938672108,-0.2887149090538921,-0.19210844126098364,0.34907249314028976,0.31598162106636685,-0.34556143200211,-0.3898730780086712,-0.16498470735758872,-0.13212565415955246,-0.037820717481734434,-0.09304635914805406,0.053439109371312764,-0.021817811648320123,-0.06603737790178468,-0.03184663862629964,-0.11696812374778476,-0.15762110338381524,0.14159089752310092,0.19135283203079814,0.38334466978534776,0.07458506272065595,-0.2090649972005904,-0.23947028692791406,-0.15770855601364075,-0.04892535062026587,-0.08887593294372956,-0.0331218737998399,-0.023995335859742638,-0.2308402393148156,-0.09298805739483705,-0.09836338649897972,-0.11672473706372012,-0.08958249466724043,-0.20396729549271922,0.03742232216808488,0.10260275684004498,0.10118361813277067,0.18718749566207193,0.15356265356265356,0.21333027943197436,0.10002544917799155,-0.036353919404766864,-0.058468792367097455,-0.03201552862569812,-0.07435972181734894,0.12162717416954705,0.0649893344808599,0.028255528255528257,0.1651660905898194,-0.12065085115932574,-0.28025976670044467,-0.10873415788670025,0.07640120860459844,0.14875183349759621,0.054404327285683216,0.058472031353387285,0.10390159034226831,0.5228940805211991,0.2545519325180342,-0.1012229486805758,0.257414270973593,-0.2113234960692588,0.199106502496333,-0.018093440127338434,0.07042712974916365,-0.07657565115192234,-0.1457779813712017,-0.192315736383533,-0.09066524151269914,0.018880513795768033,-0.05073131683301175,-0.08392398561890087,-0.034838073821124665,0.14590245098719676,0.09854800871750025,0.07280269483659314,0.059455757760842505,-0.040155101172050324,-0.038594835205004695,-0.09034643271931407,0.03464558549304312,-0.09934665019410782,0.3588445147767182,0.017879204319882287,0.4494782918511732,0.24663353646404493,0.1460829087947732,0.32472410777495525,0.20298310637293687,0.034913958642772205,0.36049547235987917,0.3591721151043185,0.2555550928432284,0.2664862088590902,0.037031792963996356,0.07618882364645077,0.132426879884507,0.023826445860344166
#12,0.6402828097743352,0.3239763646543308,1.0,0.6184034573865083,0.21122586376823665,0.2585502297366704,-0.0037123410004765937,0.1742259979548115,-0.09309124224378462,0.41647811139336566,0.2706464553922181,0.04187176390566221,-0.06420087267544895,-0.0668082566387651,-0.2662238509696137,-0.16841201756455992,0.6803162176043532,0.6877307199341097,0.03598883937866989,-0.21106113817978225,-0.24761124761124761,-0.12532517108788296,0.2540910710402236,0.15437425098442048,0.35981019540341574,0.3840017212898569,0.1316953316953317,0.1375995409893715,-0.02261784126190906,0.026036822646992138,0.06557697913630117,-0.05255717967582375,0.27386091792871453,0.1254713881832526,0.06771147110130162,0.048903140428564154,-0.08415765534409603,-0.040077365501094316,-0.08183298861264963,0.19525766135935627,0.02580222749714275,0.07723594164272131,-0.2826709606370623,-0.1961659656574911,-0.08399061619400602,-0.0691741047673251,0.04815400917095832,0.07187495662071933,0.09658240675189828,0.06655283943419536,0.20142515396752686,0.08234104674782641,0.10138813698135732,0.058670072229394264,-0.053035161509737784,0.06003692444370411,-0.20379609193168516,-0.1283411300360453,0.028419791131655537,-0.04056645243085921,-0.2362313006380803,-0.18034351763165324,-0.024682000953187393,0.321533706279469,0.22614047020826683,0.30272861459302136,-0.10621839096415367,0.03124187361475497,-0.003904366616231023,0.20507225252987965,0.2419078554671775,0.43658064844505523,-0.17122669665042548,0.07681394800038868,-0.2629348917484511,-0.09512208664751037,-0.1337969710851067,-0.1964422049167812,0.14435837995160028,0.3502871129989774,0.0020859071706529333,-0.05988515480040904,-0.14871805549771652,0.09508044253806966,0.2396336243793871,-0.29429244344498584,-0.232042365940671,0.11990912329895381,0.16023820430600091,-0.17939958448433024,-0.13108917854680566,-0.1111180517960179,0.11015283388164744,-0.2890392703952026,-0.19330131364029668,0.3038067343152089,0.4342823563162546,0.4217988404429082,0.31785838226516194,0.0925868858072248,0.27729285525895697,0.4078438993693231,0.18445656750741496,0.4118232253825474,0.383815710934355,0.3699884784630547,0.25438489336794423,-0.24883049459320647,-0.072215512893479,-0.28618572347385907,-0.1864096762401847
#13,0.663490146540994,-0.0916452662215374,0.6184034573865083,1.0,0.053428004275461904,0.37013654640773286,-0.19247213315009926,0.015632735971719023,-0.17256624883743527,0.3928339741899064,0.2166830929542794,0.2357352730234086,0.035500677873559226,-0.14177551974162145,-0.12270575660406169,-0.05326235326235326,0.39065136014288554,0.4008648093393856,0.31644849780443,0.042849475052864884,-0.19936469597486547,-0.10829643202524558,0.2495921190836445,0.3438253353507591,0.2605690436198911,0.38103388442371494,0.12801584327008056,0.2998306472882744,0.12178634721007603,-0.0384884113697673,-0.005863027896926202,-0.10274342138748918,0.10083982287372117,0.030208174275970886,0.17992985281120874,0.0676286455947473,0.12440020914597186,-0.12060041551566976,0.13995474673440775,0.12081233776149031,0.07701245158872277,0.32964227709990424,-0.24637488027318535,-0.3316708079419944,-0.027617447956431007,-0.1329617753346567,0.22542002711494236,0.1702545380511482,0.02940768195005483,-0.034172693494727395,0.047740344350513844,-0.12421095980418015,-0.013442255815137171,-0.026225146564129616,0.09145046433182026,0.15034865373848424,-0.12197050671626943,-0.14066871185515253,-0.016279145092704415,-0.11860011012553386,-0.20020081714996968,-0.2686364330432127,0.018298421688252197,0.46300152232355624,0.33660517219839253,0.2107427920987243,-0.1513351564199022,0.05535288755627739,0.020588384995164657,0.20801787920431988,-0.034673348232670265,0.28711993966231253,-0.23725713386730335,-0.19792103351425386,-0.1691333860825386,-0.2748506595964223,-0.1727629015764609,-0.3011021807631977,0.18977266943368637,0.43118588542317354,0.12527334730724562,-0.07138818325259003,-0.1932018304899661,0.20672829994863892,0.34511028748316885,-0.13276974971890226,-0.2574091811379947,-0.03430502922028346,0.1344803971922616,-0.3066329812092524,-0.24680890443602307,-0.0332791959910604,0.056772951688205925,-0.25825594469662266,-0.16819130378452413,-0.08193339718763448,0.38402717046784846,0.05831285831285831,0.21817163851062157,0.056721590619895706,0.12202233049690676,0.21080988538615658,0.10567933110305992,0.06888444685054855,0.07463087124104073,0.2118153592729864,0.19958957416584536,-0.1891794722303197,-0.05835727869626175,-0.3542872610669221,-0.25293752920871565
#17,0.2033472609743796,0.17279344059005075,0.21122586376823665,0.053428004275461904,1.0,0.19979733200072183,0.34196430637108605,0.23325143325143324,0.10818584377906412,0.3097886792802047,0.030639884877173014,0.30065566336752775,0.19603177908262653,0.2299615486056164,-0.1760689811537269,-0.15479208021580904,0.3188263764534951,0.06547286886269937,-0.08556522624319235,-0.08633240328155582,-0.2558354965134626,-0.08812217456285253,-0.12001138272324713,-0.12044725773539333,-0.07255977086485561,0.17834830207711563,-0.04270510880680372,-0.1460320104387901,0.08262052499340634,0.21693388303557795,0.17674037674037674,0.020408852612242442,0.27021428207868886,0.24256583239634086,0.19476255916933882,0.24113651401786995,0.15595302544455086,0.21385083079998335,-0.0053327595700477055,0.17600929126352854,0.058819528311053734,-0.114878977590842,-0.07577469611367917,0.0747706103638307,-0.02736249346418838,0.07908308925258078,-0.060185917813036456,-0.06305149525488508,-0.014586080687775603,-0.05350712808339927,0.08711993966231255,-0.0831304339778916,-0.14964625642591745,-0.1507549151616948,-0.20443000781983833,0.017023649227039056,-0.0928871861075251,-0.04311646006561261,0.18936224359953174,0.10707718504328674,-0.1498364311923634,-0.10203223254070712,0.1414382024551516,0.20113503333842317,-0.18271491830813866,0.009369461911834793,0.2439738660077643,0.038782696409815055,0.056560104017731136,0.052650184853574686,0.00925193298074654,0.03737605093537297,-0.066679622611826,0.19927863148202132,-0.1461453749589343,0.06021506868964496,-0.07515651244464804,-0.2198147299842215,0.10511574748862884,0.15250257962122368,0.0916841340570154,0.017614995581097276,-0.15029220283457573,0.33444754461703613,0.3896259896259896,-0.06292656292656293,0.10810903353276234,0.1830166067454203,0.04645678035508544,-0.02649722141247565,0.21985267239504527,0.2166395979955302,0.2959915231101672,0.04226506938371345,0.018890230754637534,-0.05514327887209243,-0.08263579450020128,0.0930570015315778,-0.17557665523767219,0.05355293660378406,-0.06987141224429361,0.3043735569159298,0.3386596149308014,0.20122942665315546,0.18577899933832137,0.1283897148303928,0.036249346418837945,-0.11496411665903192,-0.06854389057778888,-0.15369036216493845,-0.11065904116751574
#18,0.2594414136787018,-0.05120652239296307,0.2585502297366704,0.37013654640773286,0.19979733200072183,1.0,-0.05263028822350856,-0.17900165188300782,-0.13048765252155084,0.3093569686790026,0.05599883396493566,0.37605972690718453,0.25704687738586046,-0.020382015297269535,-0.22223749172901716,-0.29418833317138404,0.2781854273379697,0.27643822559076797,0.07153532577261391,-0.1915337525507017,-0.4084421864082881,-0.25778166456132556,-0.018495537139604935,0.04203695220644373,-0.021164461842427946,0.06786694244321363,0.12898615102004932,0.010866336290065103,0.27763248610706237,0.24500016194931448,0.21474710457761306,0.006692208387123641,0.13097442588968014,0.08257703003465715,0.19207188698714123,0.18527927002503275,0.1537667096989131,0.018985086781696952,-0.06779152033389321,-0.06544279256143663,0.12533488804675244,0.0809191317665894,-0.1119560238204306,0.01905819532938177,-0.014607365454823083,-0.051018198475825595,0.18019868867326494,0.09194695465881907,0.15158131937792954,-0.0006690820250142284,0.07181572944284809,-0.056679483798127865,-0.10170278136379832,-0.13077360873971045,-0.11108705007010092,-0.010073247361382955,-0.04652202279320923,-0.1654372400135112,0.10994415062211672,-0.008947468269502167,-0.1562611918544122,-0.1570357722900096,0.07577654696298763,0.31304154693985203,0.16520403300064318,-0.02359046257351342,-0.054359906902279785,0.050232050232050234,-0.13989922125515347,0.035802829023168004,-0.013632893293910243,0.06372103999222643,-0.05356172813799932,-0.04071590851251868,-0.10306130475622001,-0.06324259544598528,-0.05344882633018226,-0.17201284489420082,0.21534585432890518,0.3202381117635355,0.2285789641721845,0.17163989875854282,0.04484283975809399,0.23896176608041014,0.28531582429887514,0.06406205897731322,0.01402249707334453,0.1417500705636299,0.14413211362363904,-0.09179240874156129,0.03331898925119264,0.22845125556989965,0.22161745721067755,0.08295043888264227,0.036810616471633424,-0.12417209196870214,0.1094569145416603,-0.01609544829883813,0.08439826575419795,0.1546218020794292,0.13107946158793615,0.41972959091603157,0.2330709754438568,0.15789271551983416,0.1986660003609156,0.16830281745535983,0.12375750172360342,-0.1289297001161408,-0.06435032875710842,-0.2669776093504907,-0.22019554222944054
#26,-0.12549452379960854,0.4939102430627854,-0.0037123410004765937,-0.19247213315009926,0.34196430637108605,-0.05263028822350856,1.0,0.1939602159941143,0.3277581125038752,0.3287210168566101,0.3237811000522865,0.1628705747349815,0.2966485746146763,0.5501987349444977,-0.13092260210904277,-0.07682829208252936,0.21222208340852408,-0.05830129050468034,-0.17330612584849872,-0.21421267183979048,-0.18466201178065586,-0.14144745670169398,-0.21288468746095865,-0.1508974305584475,-0.16625994253112897,-0.1185043286738202,-0.19799414206193866,-0.08010614620784112,0.04026939111684874,-0.022383246112059673,0.22992406890711975,0.30052610391593443,0.3994452079197842,0.152604839045517,-0.17760703692907082,-0.120061355654576,0.1631829055557869,0.202443583799516,0.15307495476987001,0.08927108927108927,-0.16157405479439377,-0.383303025675907,0.19518362738701722,0.22469865859696367,0.10643123863462846,0.20836815243594906,-0.2709106641310031,-0.008805415585076602,-0.06173970580750242,-0.012079568011771402,-0.0029706131401046657,0.015567956245922348,-0.016160690736961924,0.06581620140942175,-0.1443852172665732,0.02085028017231407,-0.2026319077166535,-0.1138350985808613,0.09194371567252924,0.1282152722830689,0.012927719707380724,0.1288380830753712,0.0744800270223999,-0.14589088317901877,-0.1903566123905107,-0.10436522809404165,0.44990630075375837,0.35926373214508805,0.00664639986673885,-0.04143033634559058,0.09301073029886589,-0.04856628585442145,-0.01766450580009902,0.005515530939259753,-0.21484890128957926,0.04700972158599277,-0.01568733602631908,-0.00836028632638802,0.12387225438072896,0.005638612418273435,-0.0765141104124155,0.02076282754248856,0.050562426833613276,-0.026418097604538282,-0.1432710059828704,0.10833391172374224,0.2519732367189994,-0.14573818811106948,-0.16083880490660152,0.05235682523818117,0.3137420934031104,0.19292512851834887,0.11515058972686092,0.19667587464197633,0.0525391338950661,0.10162782196680502,-0.1053350731316833,0.24214892858960654,0.027720632805378568,0.06374001119763832,0.037191891429179565,0.20581305496559735,0.054992434653451605,0.06865355339931611,0.07556832641578404,0.04622912589014284,0.018672755960891553,-0.03288589051300916,0.07746914865558933,0.13108917854680566,0.09559127694720915
#49,0.35964593252728844,0.21636798585951128,0.1742259979548115,0.015632735971719023,0.23325143325143324,-0.17900165188300782,0.1939602159941143,1.0,0.4379650837277956,0.2583285905319804,0.2824493214323723,0.11664792681741834,0.046746438271862,0.16124090191886803,-0.14771165618623247,0.035372969271274354,0.23385249656436097,0.047115682708903046,-0.06802657819606972,-0.026332033111694127,-0.04446295293752921,0.08225590767963649,0.01859733385157114,-0.008291342189647274,0.007839272246051908,-0.020982615897870135,-0.17151126473160372,-0.06553117061591637,-0.12729401203977475,-0.005435481706668147,0.04699537750385208,-0.021267183979048386,0.14068398136194746,0.04624439539693777,0.00021654936909174197,-0.050491169135236935,0.12623532623532624,0.10986178782788952,0.05216896403337081,0.03451787689075825,-0.09229907873975671,-0.032021543885950667,0.02466950772035518,0.02360712021728971,-0.10688192044124248,0.0007269210659041167,-0.08089877242419616,9.763230102213153e-05,0.05173725343216869,-0.17870736684296007,-0.3103555018809256,-0.12592530897615645,-0.2453101792084843,-0.02185575405914389,-0.09745924661178898,-0.10978266401995215,-0.12376999495643563,-0.009722048705099552,-0.0050347728313830005,-0.02420633268090895,0.05197925197925198,-0.015767385258910683,-0.018657949166423743,0.0004095004095004095,-0.11704030687081535,-0.003498567905347566,0.1421836320141405,-0.030696798493408662,-0.0276947209150599,0.031395956819685635,0.08973148803657278,0.05876631639343504,0.08198845995456165,0.17503435639028858,0.006317874114484284,0.02924804619719874,-0.046610863560016105,-0.07615921005751514,-0.02986345359226715,-0.008247847230898078,0.1778513490377897,-0.12877052707561182,0.022329108769786735,-0.025256689663469323,0.13508007236820796,0.14401412198022367,0.0406363219922542,-0.14210497091853025,-0.09018402069249527,0.14485116857998215,0.0173952072257157,0.056840970400292436,-0.06192756701231277,0.07233998250947403,0.0745961678165068,0.028633564226784567,0.05347566364515517,-0.01896380201464947,-0.13298444823868552,-0.10748298375417019,-0.21773576349847537,-0.011879213574128829,-0.05921514735074057,0.21092741431724482,-0.024581129665875428,0.037659693591896984,-0.13604667841955978,-0.0171263713636595,-0.09555009555009555,0.004808043791094638,-0.022988936548258582
#50,0.015002521782182799,0.3275859835181869,-0.09309124224378462,-0.17256624883743527,0.10818584377906412,-0.13048765252155084,0.3277581125038752,0.4379650837277956,1.0,0.2666740700639006,0.2930204472577354,0.14335198064011623,0.11143963686336568,0.32677299795943865,0.13142464498396703,-0.01945705335535844,0.09614791987673343,-0.19400833807613468,-0.32644956204278236,-0.15952285104827477,0.05682246190720767,-0.016000129559451595,0.13471267878047538,-0.019939199600216548,0.10488439132506928,-0.2689015672066519,-0.3356043254348339,-0.39029229537704113,-0.0952826478250207,-0.2242734259683412,-0.03784107682412767,-0.08349505129166146,0.049491247796332544,-0.012031908642078133,-0.21943484316365672,-0.2490160422363812,0.13930833761342237,0.13840188416459603,0.12658374861764693,-0.11341449307551002,-0.21864453050893728,-0.20080743301082285,0.18741561283934166,0.09397270922694652,-0.07364020414867872,0.029189281731654613,-0.21148683352073183,-0.20177403906217464,-0.08749381122262478,-0.19059259567734144,-0.19095304858016723,-0.14398034398034398,-0.1272472780947357,-0.16321113100774118,0.09232637876705674,-0.13957902432478703,0.006547379428735361,0.07940374889527432,-0.011520611520611521,-0.0006612159154532036,0.2607370081946353,0.1687326772072535,0.08420577742611642,-0.12474909424061967,-0.3277627396271464,-0.3858433163517909,0.23657185691083996,-0.04779309355580542,0.20231494977257689,0.14738868298190333,0.2503597588343351,-0.10261756363451278,0.25445106123072225,0.11091538379673972,0.11354451523943049,0.15128425806391907,0.2709037234460963,0.1710897338015982,0.11148035554815215,-0.07710638219112795,0.04773756807655113,-0.14253483067042388,0.1211292957055669,0.042070730206323424,-0.031825816571579284,0.21760250234826506,0.15041343346428093,-0.22263033449474126,-0.2058917160612076,0.09151107964667286,-0.016460991037262222,0.056519385332944656,-0.05918784732344055,0.1768435615893243,0.12365154060069314,0.003448132261691584,-0.15179000263746026,0.0026268178810551694,-0.15523119421424506,0.02871870329497448,-0.24709439794185556,-0.03553676943507452,-0.2207637529671428,0.018309989496430173,-0.09621917757510978,-0.1054100325286766,-0.09088688071738919,0.29261326040987057,-0.040873693416066295,0.18878339047830572,0.13035763035763034
#51,0.4447479837310346,0.3760999828796439,0.41647811139336566,0.3928339741899064,0.3097886792802047,0.3093569686790026,0.3287210168566101,0.2583285905319804,0.2666740700639006,1.0,0.5578936409444885,0.3408172425121578,0.234361480124192,0.3510163476265171,-0.26662224628326325,-0.12352059301211843,0.48626299643248794,0.26863365676925,-0.034265235960151214,-0.2655385740131503,-0.3506910608605524,-0.17403258420207574,0.04217854217854218,0.1443898443898444,0.09674111708010014,0.16303668846041727,0.06639551724297486,0.06948365931416779,0.09187615967276984,0.047691296843839215,0.18048464489142454,0.17784116936659308,0.41179037280732195,0.22020016935271172,0.029214730909646165,0.023827371284998403,0.1527232934012595,0.04419504250012725,0.08062901113748572,0.0625119726814642,-0.027717856531415855,0.05847480762735,-0.16122007986414766,-0.1772063280537857,-0.09375153273458359,-0.0818200326674903,0.043990986363867716,0.04173896546777903,0.07007084125728194,-0.089371035133747,0.020138628613204885,-0.2151047812064761,-0.03682403512911987,-0.16548721294484006,-0.14232568469856605,-0.06133945964454439,-0.11143547245242161,-0.17426764206425224,0.13135061101162795,0.046287890355686964,-0.10822563703919637,-0.11798007560719426,0.05041713516289788,0.24259637140993073,0.061184913727286606,0.022941277178565315,0.19247398399940774,0.2007361753124465,-0.07602317263334213,0.05369869098682658,0.13632060411721428,0.036461731376985614,-0.14580250512453902,0.04571135079609656,-0.22148650962210284,-0.09242863819135005,-0.14617406312321565,-0.15953858326739684,0.2750251021437462,0.2905861177047618,0.09633948278016075,-0.0740682130512639,-0.11767884988223971,0.14688340112068926,0.24953566817973596,0.002210839498975092,-0.005337386693318897,0.01664977766672682,0.08150214929875947,-0.15265249841521028,-0.06993156484681909,0.09452056062225554,0.08720322788119399,0.01989292836750464,0.016465618160533414,0.002700851853394226,0.18966670831077612,0.15962696132187656,0.14304196338094644,0.10933475848730086,0.14587515095989673,0.20123868089969785,0.16829310049649032,0.2250452301299759,0.16120110865873577,0.2667619854060532,0.26099520167316775,-0.10167455591184404,-0.029536315976993945,-0.1685661007694906,-0.14548600989278956
#52,0.23599254107728684,0.30816779799830646,0.2706464553922181,0.2166830929542794,0.030639884877173014,0.05599883396493566,0.3237811000522865,0.2824493214323723,0.2930204472577354,0.5578936409444885,1.0,0.24857646552561807,0.2891873383398807,0.4520301503352351,-0.20898957509127,-0.12153601984110458,0.31146323519204877,0.1331265009231111,-0.03720993720993721,-0.04262737313584771,-0.21800598749751293,0.08304436948504745,-0.014110412415497162,0.16266790673570333,0.05551020974749788,0.10412415497161259,-0.16543353831489424,-0.00766159071243817,0.07347223957393449,-0.13108917854680566,0.08577298407806883,0.057353655658740406,0.25788531212260024,0.015956171888375278,-0.14294618192923278,-0.13537759639454555,0.26075042685212174,0.03804929737133127,0.09564032445388378,0.030712068000203593,-0.24061364908822536,-0.040091709583235005,0.1013367759130471,-0.013602354280320382,0.09218663964426677,0.029802838277414548,-0.19794925896620813,-0.06491668864550221,-0.210737702263126,-0.1327197767875734,-0.1164993961604131,-0.14736462194089311,-0.1346182854657431,-0.04716935733884887,-0.08698251410115816,-0.0158210598888565,-0.24001998917253153,-0.05316101926271418,0.04222666426056257,-0.058446582175395737,-0.04781808002146985,-0.06826024792126487,0.07567012312775025,0.0303877066588931,-0.04148447368786352,-0.12280940416533637,0.2992610484135908,0.3166072081326319,-0.013717106937445921,0.06290712900882392,0.15189179934942648,0.027552205518307213,-0.06840970400292434,-0.11074186667407006,-0.20170463221310678,-0.11251636844857184,-0.07292577631560683,-0.12988982819491293,0.2211366991028008,0.19319211353109658,-0.018479804920482887,-0.00564647852783446,0.001404331912806489,-0.053349805892178775,0.03416436467283925,0.03831813323338747,-0.02270575660406169,-0.2280315754892026,-0.08402115520759589,0.0054914698982495595,0.004070943053993902,0.08714446341564985,0.04704720128448942,-0.04944821554991047,-0.10054785139530903,-0.02551303229269331,0.213927178333958,0.13010591485167755,0.16932911339691,0.01897629524748169,0.07421165387267083,0.08890184483404823,-0.1362511972681464,0.0793861658268438,0.09834071359495088,0.1334078300179995,0.14327887209243143,-0.046486393944021064,-0.05860529250359759,-0.11900498341176308,-0.027971885599004244
#53,0.19591610100084678,-0.029113859622334197,0.04187176390566221,0.2357352730234086,0.30065566336752775,0.37605972690718453,0.1628705747349815,0.11664792681741834,0.14335198064011623,0.3408172425121578,0.24857646552561807,1.0,0.4534844551793704,0.22467043314500942,-0.18924471466844348,-0.1795370100454846,0.07110315245908466,-0.029969414715177427,-0.023786189887884803,-0.07240800122156055,-0.2467394975869552,-0.1302442658374862,-0.2583073057649329,0.06004849225188208,-0.17917609443033172,0.023074538328775616,0.028489660693050523,0.0641370183743065,0.18475918136935085,0.10377341902765631,0.24020229782941646,0.20491307948935067,0.1795263676619609,0.08759560793459098,0.1398612788443297,0.045715977919367747,0.36127699348038333,0.10752601600059228,0.09090215022418412,0.0035374357408255713,-0.01298139433732654,0.02448303465252618,0.04266439012201724,0.08258165715792834,-0.030210487837606482,-0.07454804573448641,0.18719304820999735,0.04642855490313117,0.033244955278853586,-0.2921436073978447,-0.12795939236617201,-0.30114660114660113,-0.2073964565489989,-0.1831757797859493,-0.13422220371372914,0.055960891554111894,-0.0994359536732418,-0.0732931699033394,0.04978414469939894,-0.04402337622676606,0.04141645497577701,0.02855258956953872,0.16254436254436255,0.07791520333893215,-0.026980755794315116,-0.1758140266614843,0.210108413498244,0.017000050898355983,-0.12819583836532988,-0.10419957708093301,-0.06301817996733251,-0.1581111157382344,-0.005907448280329636,-0.0759884692088082,-0.10265689418231791,-0.11202681880647983,0.011938440752000075,-0.11176769990329312,0.06721081636335874,0.18998551710416117,0.21072382089331243,0.11617318396979413,0.09889920737378365,0.4378401513994734,0.2052402171046239,0.3354909609146897,0.19865767153902747,-0.10602312636210941,-0.09028304113049876,0.17867636511704307,0.04756034925526451,0.4357884849410273,0.03947213777722252,0.2723293401259503,0.16051351814063677,-0.44004127393957904,-0.02826431978974352,0.007999833423562237,0.025478328868159376,0.2493982426185816,-0.041357227797905766,0.14963607675472082,0.07973134922287464,0.1145134348524179,-0.07307153069864934,0.16275026952993055,0.06203722983384,0.12415034448932755,0.032488883336340965,-0.022955158548378887,0.010901502426926156
#54,-0.07872865161000754,-0.005116672913283083,-0.06420087267544895,0.035500677873559226,0.19603177908262653,0.25704687738586046,0.2966485746146763,0.046746438271862,0.11143963686336568,0.234361480124192,0.2891873383398807,0.4534844551793704,1.0,0.4005131479707751,-0.2542585729026407,-0.2718212819907735,0.06767954395073039,-0.16811171726425964,0.028086175543802664,-0.09543210390668018,-0.385730877256301,-0.12200567285313048,-0.24432830365033756,0.012066612066612067,-0.15243826260775414,0.1026758653877298,-0.08329423414169176,-0.0702054905444736,0.2945321284304335,0.11924189212324805,0.28003211223550206,0.27250979793352675,0.26968447646413746,0.07505888014362591,-0.04133270404456845,-0.0019114646233290302,0.38626993711739477,0.05092658143505601,0.098822859839809,0.03896824405298981,-0.14575206948088304,-0.1928853352582166,0.47176390566221077,0.09020854444583258,0.2968970511343393,0.21968470782030103,0.016723811639065875,-0.14816233799284648,-0.09276549276549277,-0.18917391968239425,-0.11694822711771864,-0.2042356686424483,-0.22076514110412415,-0.09295936923055567,-0.24394610326813718,-0.021624397895584336,-0.2436490419541267,-0.1660281236552423,0.06352068555458386,0.01893927826131216,-0.005008398228737212,-0.03165137402425538,0.07426347765330817,0.07093796415830314,-0.062442103120069224,-0.19826297792399486,0.4305237440830661,0.18810783048071184,-0.19070688562213986,-0.13426940037109528,-0.14767972903566123,-0.18007606990657837,-0.00032343591665625563,-0.13710397608702693,-0.17415844195505212,-0.08257147748673173,-0.08013252081048691,-0.12081187504916319,0.2560215068689645,0.2748705562264884,0.09476811171726426,0.40508011863944066,0.1544182086554968,0.09446549785532836,-0.02111957874669739,0.18480684073904413,0.17222106544140442,-0.205182378063734,-0.15078637959993893,0.3482169380474465,0.4198873758195792,0.4745087151866813,0.32638848401560266,0.24690885029868082,0.05504287029710758,-0.3410379562921936,0.1243118310914921,0.055463475802458855,0.12693540998625744,0.010426759579301953,-0.07538416690959064,0.20389187338339881,-0.15880749779054865,0.02890980348607467,-0.15276401208604598,0.09242077208178903,0.014695743509302832,-0.006573291319054031,-0.05269784422326795,-0.11215128842247486,-0.11225354784676819
#58,-0.11105095850858562,0.3142061938672108,-0.0668082566387651,-0.14177551974162145,0.2299615486056164,-0.020382015297269535,0.5501987349444977,0.16124090191886803,0.32677299795943865,0.3510163476265171,0.4520301503352351,0.22467043314500942,0.4005131479707751,1.0,-0.11136421475404526,-0.21827019623629793,0.08857008009550382,-0.16503699385055318,-0.08344831734662243,-0.04130632944192266,-0.1988645039492497,-0.11132257064460455,-0.20886788174923768,0.08978146096790164,-0.10599813989644498,0.197311641379438,-0.21292540614574512,-0.0591966388576558,0.1099871828685388,-0.0215193621973283,0.22728244423159677,0.24975962094606163,0.41136097576775543,0.28433811315167246,0.017789438128421178,-0.05345299074112633,0.405602058144431,0.3154573679997409,0.27785458802407953,0.16484080382385466,-0.24188286900151307,-0.2253816219917915,0.2813064219843881,0.09183775454961896,0.16845319896167354,0.22868446258276767,-0.15707371470083334,-0.05262195940162042,-0.07319137319137319,-0.07238532831753171,-0.09760222472086878,-0.18268067759593185,-0.14343249258503496,-0.15858724672283994,-0.15312446498887178,0.052447516854296515,-0.14674227386091793,-0.03142140599767718,0.19589157724750944,0.23952303613320564,0.01586316671062434,0.02199456775727962,0.31215822910738167,-0.10400014806794468,-0.23082589523267488,-0.17923069448493179,0.7188596917410477,0.25037271477949447,0.17664552071331732,0.1777421489285896,0.16650841905079194,0.0013372386253742187,-0.1205023205023205,-0.047474747474747475,-0.18070026883586204,-0.020475020475020474,-0.09876455808659199,-0.128903325513495,0.2581504462860395,0.12760958184687,-0.19203625813795305,-0.006638533757177825,-0.021139475376763514,-0.08750722988011124,-0.08929977743537065,0.08228644669322635,0.16170222610900578,-0.2346159719041075,-0.23559553390061866,0.08615842344655904,0.2875613672223842,0.30273509256560105,0.1843991911788522,0.06857998213930418,-0.006080039978345063,-0.18425945205606223,0.05149201589879556,0.10226590226590226,-0.031721243585650365,0.04531156734546565,-0.07899841289671798,0.0536167909049265,-0.060638913181286065,0.050411119902645324,-0.04771211889855958,0.04556744726236252,0.07785042361313547,0.037394096716130615,-0.09491155253867119,-0.009384268706302604,0.03625536167909049
#101,-0.27280732195986435,-0.2887149090538921,-0.2662238509696137,-0.12270575660406169,-0.1760689811537269,-0.22223749172901716,-0.13092260210904277,-0.14771165618623247,0.13142464498396703,-0.26662224628326325,-0.20898957509127,-0.18924471466844348,-0.2542585729026407,-0.11136421475404526,1.0,0.39294965227168616,-0.001122540105590953,-0.1772678687932925,0.3283776843098877,0.29207975309670225,0.5638288519644452,0.16430590837370498,0.39590175691870605,-0.025911427606342862,0.21733875632180716,-0.15156604987113462,-0.13419629182341047,-0.13727610507271523,0.14952872749482918,-0.218853213768468,-0.31028100519625945,-0.238716528547037,-0.25152810746031085,-0.1750176987465123,-0.04229005584937788,-0.11763072780021933,0.12103952951410578,0.030466830466830467,0.31207309003919176,-0.15448807821689178,-0.03955496328377684,-0.059702846143524106,0.08568691958522467,-0.08054664834325852,-0.0772262246838518,0.09460338612880986,-0.1760153065237811,-0.13427680376832918,-0.31514226090497277,0.014210358278154889,-0.047800496953039326,0.03073011378096124,0.17169218525150728,0.21130406215151978,0.40043957671076313,0.14338066880439762,-0.07665384953520547,0.1035064340149086,-0.1735037040121786,-0.14760754591263067,-0.08124673209418973,-0.12527103374561002,0.02000166576437763,-0.02792191266767538,-0.065040232836843,-0.04816418884215495,-0.00332042365940671,0.09172300189249342,0.5600207295122549,0.2629136069814036,0.138708662437476,0.08959174891378281,0.20036739358773256,-0.010598425852663141,0.05603723908808655,-0.13915194084685611,0.1200831031339506,0.013027665570038451,0.30549794787082923,-0.12109921940430415,-0.10684166446878311,-0.30364663585002566,0.015189457562338918,0.013267350555486149,-0.011683948972084565,-0.2587177315990875,-0.2211681635410449,-0.22627835848174832,-0.26018360425140086,-0.2792917725121115,-0.156738248263672,-0.22294682972649074,-0.08213884146087536,-0.23465622787656687,-0.24570626096049825,0.1648921648921649,-0.05580865919848971,-0.1835616818667666,-0.22740274943664773,-0.26784843395012886,-0.3304163948231745,-0.2076602025754568,-0.22034268474946442,-0.28402208063225015,-0.2622995877233165,-0.32088868529546494,-0.1992078364959721,-0.06805202737406127,-0.1652479906717195,-0.04164410944071961,-0.055680487883877715
#102,-0.09627470305436407,-0.19210844126098364,-0.16841201756455992,-0.05326235326235326,-0.15479208021580904,-0.29418833317138404,-0.07682829208252936,0.035372969271274354,-0.01945705335535844,-0.12352059301211843,-0.12153601984110458,-0.1795370100454846,-0.2718212819907735,-0.21827019623629793,0.39294965227168616,1.0,-0.11742852251326828,-0.13400056450903908,0.19869098682658004,0.40329913889235924,0.3241040732566156,0.3882762577677832,0.14043180314366754,0.17609813203033542,0.050827560997052525,0.07330334957453602,-0.06832734120869714,0.06989732413461228,-0.07244409278307583,-0.1498100565897176,-0.22505355895186405,-0.14585386619284924,-0.17350925656010402,-0.2234493353137421,-0.017081950980256066,-0.04145671094823637,-0.15969960715723427,-0.1606856471263251,0.09886404123692259,0.09694471050403254,0.11028193062091367,0.05631394105970377,-0.06259757446198125,-0.10798734019073002,-0.06857951942697706,-0.04649287191660073,-0.104661826695725,-0.1415904348107738,-0.21018985086781697,-0.09414900262357889,-0.06690172452884317,-0.035373431983601475,-0.013586159348871214,0.13978863300897199,0.05803338006727837,0.03422683083700033,-0.10159774566554228,-0.0030205860714335292,-0.15883942494111986,-0.1672316384180791,-0.09426838240397563,-0.0991597144139517,-0.022811255014644847,0.10609993660841119,0.1684499599753837,0.1511417426671664,-0.1948833270867169,0.10182169843186792,0.10861662895561201,0.044631380224600566,0.006895339098728929,0.07479189513087818,0.10645715052494714,0.07000652424381237,0.030462203343559275,-0.12195431178482026,-0.008318642216947301,-0.002618951771494144,-0.06122378156276461,-0.13433464280921908,-0.014512046715436546,-0.15139715987173613,-0.10733908022043616,0.009706316485977503,-0.00988908785518955,-0.21154559798627595,-0.2188286900151307,-0.04180976045382825,-0.0028526214966892935,-0.12913606981403591,-0.20283133672964182,-0.25423636271093897,-0.12161051652577076,-0.11185006269752032,-0.1220204796475983,0.08419929945353674,-0.004994054146596519,-0.1360351106113818,0.031244187176390565,-0.15211667754040636,-0.10488346590041506,-0.16085499983805068,-0.003118218372455661,-0.19598550784991464,-0.2491488406742644,-0.18574059421517047,-0.2522115335674658,-0.20325425579662867,-0.0713872578279358,0.03471314149280251,0.044743356607763386
#201,0.46476306815289864,0.34907249314028976,0.6803162176043532,0.39065136014288554,0.3188263764534951,0.2781854273379697,0.21222208340852408,0.23385249656436097,0.09614791987673343,0.48626299643248794,0.31146323519204877,0.07110315245908466,0.06767954395073039,0.08857008009550382,-0.001122540105590953,-0.11742852251326828,1.0,0.5146263366602349,0.041559433084856816,-0.27649884090562055,-0.19858548841599688,-0.05468704451755299,0.4001721289856883,0.12298986197291283,0.3435930537625453,0.201355747118459,0.11894297995992911,0.01413123447021752,0.2050828949134034,-0.08478000342407122,0.10446100954575531,-0.05329520583757872,0.3122632648056377,0.02086508696678188,-0.09948361304293507,-0.10485338959915232,-0.050408343628682614,-0.022317078249281638,0.04366801315953858,-0.0041551566975295785,-0.04401736096651351,-0.16684064650166344,-0.11359495088308648,-0.12987594682509937,-0.06864753813906356,0.021742389538999707,-0.08081918590393167,-0.0039228751093157875,0.056021506868964496,0.16007671770383636,0.2018985086781697,0.05730460815206578,0.21229889365482585,0.17156956648482072,-0.004157007546838056,0.03585095110518839,-0.33082635794500204,-0.12841053688511317,0.05249748978562538,-0.01805318415487907,-0.3472216438318133,-0.2775945436962386,-0.15084329321617457,0.30483025398279634,0.07162648010105638,0.12951503120994645,0.08729299407265509,0.18383560756442113,0.1753517770466923,0.33857864027355555,0.36678836000869897,0.44510427222291626,-0.031316833011748264,0.11401972079938182,-0.3892794180929774,-0.1591549947482151,-0.12812180439299084,-0.22115798386984828,0.3458043559738475,0.2739691926132604,-0.04624855980788184,-0.1738266772165077,-0.055155772104924644,0.060841118468237115,0.212505263352721,-0.34124062429147173,-0.236863365676925,0.014042393703410653,-0.010626188592290288,-0.1435736198448063,-0.0006491853949481068,-0.024194764872730975,0.15750033546643716,-0.2315694739423553,-0.16668054803648025,0.5082871777787032,0.33513235886117243,0.374876571486741,0.1586635942568146,-0.03912417810722896,0.11866766612529324,0.4897731321460135,-0.0070970816733528595,0.37435740825571334,0.2588685758177284,0.29209872430211414,0.19019558850067325,-0.3623005131479708,-0.18788017601576923,-0.2754998449913704,-0.1443218256777579
