,#10,#11,#12,#13,#17,#18,#26,#49,#50,#51,#52,#53,#54,#58,#101,#102,#201,#202,#301,#302,#401,#402,#501,#502,#601,#602,#701,#702,#801,#802,#901,#902,#1001,#1002,#1101,#1102,#1201,#1202,#1301,#1302,#1401,#1402,#1501,#1502,#1601,#1602,#1701,#1702,#1801,#1802,#1901,#1902,#2001,#2002,#2101,#2102,#2201,#2202,#2301,#2302,#2401,#2402,#2501,#2502,#2601,#2602,#2701,#2702,#2801,#2802,#2901,#2902,#3001,#3002,#3101,#3102,#3201,#3202,#3301,#3302,#3401,#3402,#3455,#3501,#3502,#3601,#3602,#3701,#3702,#3801,#3802,#3901,#3902,#4001,#4002,#4101,#4102,#4201,#4202,#4301,#4302,#4401,#4402,#4501,#4502,#4601,#4602,#4701,#4702,#4801,#4802
#10,1.0,0.3051680339815933,0.5109237126186279,0.6051111203653576,0.3645020984004035,0.5301785606870353,0.10446378581971802,0.5535117552066705,0.26496342259054123,0.5341416917688104,0.4703165415029822,0.3601114211283703,0.26223665884682834,0.03961372774932097,-0.30402097012266505,-0.13875308282087942,0.478644900678799,0.39273541646423005,-0.2537717995345114,-0.22490641643184017,0.04928025097516623,-0.033690084537542166,-0.005333684994701944,-0.08737628229153653,0.11123372987779767,0.24046835741750996,0.29242354835575174,0.29733570242044816,0.09521555453758844,0.10342731020697123,0.005891716061207587,0.2988140683055937,0.2541692694235067,0.08046891267230251,-0.04767001207679174,0.16551867738308415,-0.12287372117880592,-0.20924267873420416,0.09828657625267795,0.014812347015736846,-0.07736596380664178,-0.13793917183747692,-0.19772299263824689,-0.21599226344989056,-0.012895792556809506,-0.09390978035045831,0.3255773493061629,0.38325259003225104,0.20953835191123327,0.061566651397159874,0.22899355441728322,0.20598749751292125,0.2044850705867655,0.05548568599416057,-0.20353974930246116,-0.1727818727818728,-0.06668610058440567,-0.22013446420226082,-0.10227608193709889,-0.18172980376370207,0.06680594307712952,0.12942572773081248,0.02170028271723187,0.009805336923980992,0.36597583716227783,0.23960169722881589,-0.03126362109412957,0.13107899887560903,0.0783085088169834,0.13127796517627027,0.18346219871643601,0.22772063280537858,-0.24355696220103,0.14017638593909781,-0.2043060009161704,0.01591776676522439,-0.06771748636155416,-0.028949596746206917,0.12935400732010902,0.15509793306403477,0.11270006524243813,0.0913616235650134,-0.16413377938801668,0.0417139790021146,0.45914759135098115,0.0007977160519533401,0.04144421771540416,-0.031365880518422894,-0.04140257360596344,-0.03008648093393856,0.17884109070549747,-0.17671862926100215,-0.059415501788383146,-0.232232540707117,-0.4222259239208392,0.1936432580500377,0.1863027896926202,0.36423002355205747,0.1990218261404702,0.39275253682033345,0.2829559914305677,0.35327207022122276,0.25547134191201987,0.2123002817918072,0.2875678451949638,0.5515327345835821,0.19080127893687215,0.1118278525058186,-0.023677915203338933,-0.09911714487985675,-0.21999426236714373
#11,0.3051680339815933,1.0,0.3757807113739317,0.2962538809996437,-0.05155448206295664,0.10210996821166313,0.3118227626702203,0.1948513999361457,0.3130748622274046,0.3586423094897671,0.2037706427536936,-0.0730775459589019,0.11217211047719522,0.2335841234146319,-0.13315796536135519,-0.0918072155360291,0.15823373450492095,0.21618799076426196,-0.034224517275364734,0.04082464590939167,0.035175391107594496,0.12694790321908966,0.14898689135977272,-0.014109024278515804,0.313348325212732,0.14342925359874512,0.19157308309850682,0.06017388729253136,-0.035317443792020065,0.0050884474613288174,-0.1919839716449886,0.006271140169445254,0.10849354747659833,-0.06525446864429915,0.026350078892451775,-0.02263403619335823,-0.033323616374463835,-0.08568506873591619,0.07124798141747295,-0.035126806313246994,0.0026198771961483827,0.10355548152158321,0.031183109149210846,-0.02159061989570464,-0.044694309101088764,-0.03647144833585512,0.23588611724204944,0.13570242044818315,-0.08955426921528617,-0.13116413794379897,0.05737447771346076,-0.011052809357894103,0.07863287015829389,0.2278765668596177,-0.04785972413091057,0.06254112355807272,-0.2511301748589884,-0.20763151441117542,-0.21964676540947728,-0.27856161245991756,-0.06805156466173415,0.05002845680811783,-0.050760004997293134,0.04652526177949907,0.30258980089488563,0.2794143912787981,0.2256629510866799,0.2823540026929857,0.2131910030215115,0.11461291800274852,0.29869191225123426,0.4205749663376782,0.07535594145763637,0.1311169412864328,-0.1326230699112055,0.07558914847050441,0.055534733500835196,-0.014926636960535266,0.1500936992462416,0.045629450714196475,0.015674380081159744,-0.01612043476450256,-0.12169565559396067,0.09881545644257508,0.09268220454661133,-0.1209696599527108,-0.08106905056057598,-0.017890309415733146,0.165148970233716,-0.09426097900674171,-0.008171962409250545,-0.14686674347691298,-0.1351490165049487,-0.15633522582675125,-0.3487795962372234,0.3272477408070628,0.2641758862097845,0.35960845282879184,0.296289972561159,0.26380756719739773,0.35143556499488704,0.011633513328428583,0.005671002281171773,0.1902506512676004,0.12869140326767445,0.23776704285178862,0.1002905833414308,0.026421336590828116,-0.07713877205402629,-0.11981704354585711,-0.2171962409250545
#12,0.5109237126186279,0.3757807113739317,1.0,0.4972561159001837,0.10103231120180273,0.32194783381224057,0.2273264019026731,0.24699722835316057,0.14803879380150567,0.4530781937561599,0.28811292031631014,0.150044651739567,0.13246435958300365,0.041735263769162076,-0.22829393337867915,-0.16920927090418617,0.5373617068532323,0.6975739992689145,-0.32313607906828246,-0.331486648435801,0.03005455378336734,-0.09324763901035088,0.21515567956245923,0.025686086703035856,0.23688187417000978,0.264166169250915,0.13465345160260414,0.06860913301591268,0.03413012396063243,-0.13944576317457674,0.0506720896551405,0.20048307166951235,0.11056140886649361,0.00982708440335559,-0.16284697640629844,-0.131397344956667,-0.2493255967832239,-0.30046086147781065,-0.05777703743805439,-0.09496661530559836,-0.18039395327530922,-0.30590004488309575,-0.18636756941841687,-0.3605782978664335,-0.22400921722955622,-0.18990037803597126,0.1655339468898791,0.06260035073594396,0.14036147086994544,-0.0917660341389155,0.35675120420883133,0.26383764349866046,0.1657250470809793,0.36235094879162677,-0.011905125464447499,-0.10290814697594358,-0.09560145661840577,-0.25965611219848506,-0.16593696932679983,-0.23519806401162333,0.12497859955487074,0.23527256069628952,-0.3158108802176599,0.03611284628233781,0.2688881485491655,0.046652044957129706,-0.09283906402550471,0.20715492071424274,0.057461004918632035,-0.023614523614523614,0.3297264907434399,0.1823142094328535,-0.07674963098691913,0.10209331056788684,-0.15022788582110616,0.17372256694290591,0.14617683939717838,0.16756941841687603,0.3787610414729059,0.21020835936090174,0.10626419948453847,0.07448511685799822,-0.1953987886191276,-0.0164943063248148,0.09021085800746818,0.0015278761041472907,0.09625017930102676,0.043770272583831905,-0.010467015551761315,-0.13200997607777268,0.06994775977826825,-0.24934688155027138,-0.0799312409481901,-0.17412744022913515,-0.37851580393953277,0.5074172786037193,0.014290407510746493,0.5036993850553173,0.4991407432085398,0.34372400135111997,0.5151089456174202,0.5108575447558499,0.2656195486703961,0.2584576872712466,0.45128842247486317,0.23937496818852752,0.21148960979469453,0.2258494241545089,0.19206957342550562,-0.11267924318771777,-0.2732307037391783
#13,0.6051111203653576,0.2962538809996437,0.4972561159001837,1.0,0.20998810829319303,0.22484533840466045,0.17154041560821223,0.12998237066033677,0.14447359532105294,0.5917637205772799,0.20021007139651206,0.3042116076014381,0.24659281777925846,0.14310535496976176,-0.19601558415117737,-0.2689760638913181,0.38080021469851977,0.10797993679349611,-0.24229468297264908,-0.2147244316735842,0.06676244811838032,-0.04731835070818122,0.08913181286062642,-0.1519505638149706,0.059130008282550654,0.1995761555083589,0.2685267702216855,0.36977886977886976,0.02909257485528672,0.04186297237144695,0.13101606999912085,0.14701851312020803,0.253502038247801,0.13719744397710498,0.16599110666907277,0.08832530527445781,0.08793662691967777,-0.07306227645210696,0.038314431534770516,0.05057075565550142,-0.09437017911594182,-0.12451357366611604,-0.07061082654302993,-0.08630371511727444,-0.0685758177283601,-0.08530148021673445,0.38853445124631564,0.4723807011942605,0.10276378072988243,0.0811689964232337,0.24408908137721697,0.1179740603469417,0.1566637515790058,0.10175876955537973,-0.03838707737012822,-0.06689802283022622,0.014963653946704795,-0.0663598883937867,-0.08608253862491151,-0.14670849586103824,0.07350462943683282,0.06555985878019777,-0.0597583716227784,-0.001395540378591226,0.25033616050565205,0.2346011651096397,0.11083024472854981,0.11922153278085482,0.0041111990264532635,0.09793491488406743,0.03660517219839254,0.3090552802417209,-0.1475237949814221,0.13240143070651544,-0.1583781007509821,0.053226261700837975,-0.08465183210945923,-0.014338529592766882,0.1611775103300527,0.04939361549531041,-0.03016329118024033,0.10607309929343828,-0.0992564212903196,0.03543173373681848,0.2678155813749034,-0.05655316333282435,0.013862861320488438,-0.07780507780507781,0.007791612876358639,-0.1268595251646099,0.044294062938130735,-0.06338973796600915,-0.14258711716338834,-0.20606291962224166,-0.3503190401495486,0.026909960808265892,0.09709786828430897,0.2893974097363928,0.37769911668216755,0.31367500011567806,0.29111268433302334,0.20229505314251078,0.03692120471781489,0.22047733403665606,0.13515410634054703,0.41851543376967104,0.2308911376707987,0.02023255921561006,0.01290921121429596,-0.011149978946589116,-0.10942313654178061
#17,0.3645020984004035,-0.05155448206295664,0.10103231120180273,0.20998810829319303,1.0,0.36892886723395196,0.013698135732034038,0.15010619247907384,-0.019417260095226197,0.0887704345331464,0.15779971034208323,0.5973819736531601,0.4119722187518798,-0.08148178995636622,-0.28829198998690525,-0.13786282430350227,0.27788558974999655,-0.08422382320687405,-0.2594529814868798,-0.22617008379720244,-0.20572143792482775,-0.27543830425186355,-0.17096063706233197,-0.2812462693818626,-0.21993179620298264,-0.05943308485681367,-0.2755650874294942,-0.06168001591730405,0.37662331052161563,0.35996520403300064,0.3482937482937483,0.25328178718009225,0.07897805355432475,0.11516215753503889,0.159181832063188,0.4160811042166974,0.217940282347062,0.14767741547402563,0.12761374625781405,0.025682847716746022,-0.05611960188231375,-0.016164392435578875,-0.0494297070568257,-0.0009110805720975213,0.12316569265721808,-0.013513513513513514,-0.09206309545292596,0.02768778023015311,-0.07020687868145495,-0.15040880634100973,-0.03536649129869469,-0.10164216604894571,-0.12418736147549707,-0.2243331158585396,-0.2022279598550785,-0.15102236288676968,0.1254713881832526,-0.06590319132692014,0.20071303969609056,0.11385499521092741,0.27052244848855017,0.2783714376934716,0.12224258156461547,0.17749413512125375,-0.1687382297551789,-0.02652220787814008,0.047812064761217306,0.15205559951322664,-0.15231055400546925,-0.04013890624060116,-0.088104591494422,-0.06352993980112624,-0.12518219297880315,-0.10942313654178061,0.030758339232915505,0.0019267341301239607,-0.041221190373732744,-0.004226414395905921,-0.017057889939245872,0.15972181734893598,0.18815919154902205,0.3008277923532161,0.13544561510663206,0.1616809413419583,0.43717986090867444,0.30266522300420606,0.35893613181748774,0.08495583410837648,0.040881559525627324,0.1849049357523934,0.2589787013515827,0.1078198383283129,0.16164577520509724,-0.011190697631375597,-0.032918280375907494,-0.1914439863592406,-0.10963690963690964,-0.14490576863458218,-0.15394716750648954,-0.12856323195306246,-0.16269011692740507,0.24321964491456016,0.02886954751361531,-0.11581550734093107,-0.034932467135856966,-0.01491414372770305,-0.09417491451389756,0.15527376374834,0.12487310114428758,0.18127218127218128,0.21403961742944794
#18,0.5301785606870353,0.10210996821166313,0.32194783381224057,0.22484533840466045,0.36892886723395196,1.0,-0.1780063576673746,0.4232059486296774,0.02799826020165003,0.14015093676110627,0.22330543178000806,0.3701777278048464,0.1264958332754943,-0.020658254556559643,-0.4403383352535895,-0.1485792417995808,0.38063410097308403,0.38712549221023795,-0.2284063724741691,-0.15631625462133936,-0.2978423724186436,-0.20440224508021118,0.05379678600017583,-0.052716352716352714,0.017102310322649306,0.1425130831910493,0.028151417981926455,0.1298236603321349,0.23309688733417547,0.344050213541739,-0.0009018263255551392,0.4910252317031978,0.25418731520426435,0.21604686350449062,0.06910932504152843,0.22385189503833572,-0.1709027980214421,-0.08153361373700357,-0.04164272130373825,0.08550784991462958,0.19078832299171283,0.09475052864883374,-0.10249355673084487,-0.1760953557563727,0.014120592086693782,-0.23665884682833835,0.22019878121573036,0.25717366056349106,0.21884673579588834,0.0021354173896546776,0.12723524757423063,0.12175349463485056,-0.004227802532887279,-0.030125811481743685,-0.4450265365519603,-0.21772095670400754,-0.2053739409671613,-0.28653599670548824,0.07010369383250739,0.06551358754748585,0.14331172466765688,0.02441362780345831,0.19045933452713112,0.057712257712257714,0.09694285965472406,0.05200053674629946,0.03397141363243058,0.04955695294678346,-0.080459195713433,0.04494371104540596,-0.022318929098590116,-0.0652581703429161,-0.2368855758686267,-0.035063414724431675,-0.24567942364552534,-0.07780554051740493,-0.16440261525007288,-0.0782844477759732,0.0779286219964186,0.34911367453740333,0.26931106761615237,0.12241563597495801,-0.2724986928376759,-0.034973185820643446,0.40608790608790607,0.03968082103675324,-0.12078179874790045,0.12175071836088786,0.1039571158215226,0.10012770860228487,0.2475353627896001,-0.0559562644308407,0.06440863051032543,-0.022380932550424077,-0.05830452949097017,0.18145032551812212,0.21383324773155282,0.2746572458436865,0.14429637649976634,0.2342240545630376,0.09987691852098632,0.31069096831808696,0.536408519459367,0.15193251803421295,0.34562436087859816,0.41833914037303865,0.22881633559599662,0.051530421021946445,0.071380317143029,0.054629668188990226,-0.00017860695826797522
#26,0.10446378581971802,0.3118227626702203,0.2273264019026731,0.17154041560821223,0.013698135732034038,-0.1780063576673746,1.0,-0.007535732959461773,0.016690033639186183,0.402466719415872,0.3322913051726611,0.047582559446966224,0.12943683282666332,0.5089761564337836,-0.0020007681024630177,-0.03860362673921996,0.043231675435065266,-0.004098705793621048,-0.018770388261913684,0.04550822008449127,0.13858696909544369,0.03309318563555852,-0.09486990842923046,0.12284595843917878,-0.012538115927946436,0.00470347080516572,-0.06574263014940981,0.031346909313011005,-0.12933781238865985,-0.09294502514841498,-0.10664639986673885,-0.10824507095693536,0.1360596343647191,-0.09226668887685836,0.0067107168802084055,-0.037887810769166703,0.10227932092338872,-0.03502824858757062,0.09139031172929478,-0.020891461569427672,-0.11499696923425737,-0.071656093689992,0.02503597588343351,0.03666301123928242,-0.11315120976137925,0.19003363918618155,0.044121471240115305,-0.014539346742736574,-0.16811773252451218,-0.15116996811912067,-0.016627567475025102,-0.14235437286284744,-0.045222263866331665,-0.06467098839980195,0.0189499206448359,-0.006022200937455174,-0.06954242377971191,-0.11518992027466604,-0.1567627720170093,-0.17884062799317035,-0.08523762591559202,0.10257777037438054,-0.1335114775792742,0.18349829027795128,0.0964061133552659,0.08574938574938575,0.2329354007320109,0.48628520662418967,-0.0604945469352249,0.034198605385046064,-0.008502801723140706,0.15672806859247537,0.11308134019998427,0.1750847920339446,0.07981047303081201,0.17260974379618446,0.15187421628099596,0.05713016560474188,0.06616184751777972,0.019584299245316194,-0.0857165331741603,0.053985572629640426,0.18434320298727078,0.1413919312224397,-0.0029252673320469933,-0.11739937163665977,0.015193159260955871,0.03901960512130004,0.20050944627215814,-0.03866054035545561,0.048219714321409236,-0.15742630149409811,-0.19071567715635512,-0.1801010563722428,-0.2683046683046683,0.039864055118292406,-0.10338890508382034,0.1253987423478949,0.09215702605533115,-0.02883345595210002,0.13031922523447947,-0.009258873665653327,-0.08380877024944822,0.10380164447961059,0.07988219344151548,0.04944034944034944,0.054917012544131186,0.077720401449215,0.1764951392070036,-0.17098469810334216,-0.2434264773247824
#49,0.5535117552066705,0.1948513999361457,0.24699722835316057,0.12998237066033677,0.15010619247907384,0.4232059486296774,-0.007535732959461773,1.0,0.491480540633083,0.3025532466210432,0.4538157572055877,0.219599106039784,0.2585844704488772,0.12409713257170885,-0.19183914268660032,-0.2247643637474146,0.29942993841298926,0.34638737350601756,-0.09669577127204246,-0.1677160982245728,0.0037803597125631023,-0.11536852723293402,0.07928390640255047,-0.08906425686086702,0.1133436980894608,0.08621441163814045,0.1825224299800571,0.08643790169213898,-0.050209377328021394,-0.0007338617508109034,-0.11101255338543474,0.1621723418333588,0.15077018466848977,-0.10501209992735416,-0.13088049528727494,-0.08758172656477742,-0.3045678960933198,-0.25596644410203734,0.03225151191252886,-0.09562505494708884,0.028330487652521552,-0.2038798428628937,-0.10042939703956653,-0.1481243955820227,0.1090039191734107,-0.06109607296047974,0.2327438378285836,0.2220352864420661,0.07096757774723876,-0.06719924855518075,0.0048270149965065215,0.005459542747678341,-0.0006093921348158636,-0.06874378230310434,-0.19617105549308939,-0.23686660466321482,-0.19917313307143816,-0.3241253580236631,-0.04341305866729595,-0.1848276627937645,0.02738701721752569,0.011323033356931663,-0.05274133918201715,-0.09145925586603552,0.32509751662294034,0.11161084042439974,0.032907637992383755,-0.04650443972477871,-0.16964977303960355,-0.18312719499160177,0.1717139327308819,-0.024094819010073248,0.0019091510616934346,0.00908119213203959,-0.16496851242613955,-0.11316185214490299,-0.08499331380687312,-0.10820111328585905,0.0012257249545385139,0.10136268780336577,-0.043160417736688925,0.13975069059814824,-0.05834987529902784,0.06302141895362234,0.36731076222601644,0.15172985003493478,0.0020655478282596926,-0.08611492848780984,-0.07879389404813134,0.05097840521569335,0.16449932212644078,-0.0835857429077768,-0.060581999565050414,0.019894316504485997,-0.17355876677910576,0.23491210779346372,0.10939537380215346,0.33673380622533167,0.10974472160912839,0.3144070110171805,0.19275855208058598,0.1449617568261636,0.2739622519283536,0.2300244774821046,0.2755572213199332,0.43396586108450513,0.20002544917799156,-0.031327475395272,-0.02575549355210372,-0.06530582971260937,-0.18840766806868503
#50,0.26496342259054123,0.3130748622274046,0.14803879380150567,0.14447359532105294,-0.019417260095226197,0.02799826020165003,0.016690033639186183,0.491480540633083,1.0,0.2947084218270659,0.19090307564883835,-0.06768833548494566,0.15767524072608818,0.0633499447058769,0.16579491664237428,0.08124164225859141,0.14907434398959823,0.18306056441649662,0.08068731289070272,-0.030513101699542376,0.1282782011595571,0.030845329150413898,0.23692583184108607,0.014296422770999042,0.29023445633615125,0.14119250220945137,0.21167793371183202,0.00643910474418949,0.005802412582073599,0.00097909928418403,0.0005298056145513773,-0.0394425241882869,0.10237510237510238,-0.13996816539189422,-0.05357514679548578,-0.11792223656630436,0.02762577677831915,0.013378864226321853,0.15861686031177558,-0.004555402860487607,0.02328137073899786,0.02042042042042042,0.04394471513115581,0.03079581893141215,-2.9613588935622833e-05,0.02762022423039372,0.13931990542160033,0.0676457659508507,-0.1418305825085486,-0.10151630829596932,0.03314547212852298,0.015062211672381164,0.07918257240291139,0.1077421026573569,0.1684110921399057,0.07564143496346887,-0.20316495231749468,-0.13746535441450697,-0.18594465035143,-0.2537144232059486,-0.08812957796008644,-0.08421965879592998,-0.02394397479143242,-0.0014399607619946604,0.22292323139780768,0.18369540572930404,0.11834515563329123,-0.10650527260696752,0.27869718717176345,0.0943114146503977,0.3818348394619581,0.1141765802782752,0.09905652956500414,0.0010725671742620895,-0.1450464331820264,-0.15630792579945121,-0.11452962978386708,-0.19047182775996335,0.15227631329326244,0.058217539573471776,0.04268474946441048,0.13157271292864514,0.012380331024398821,0.10171897629524748,0.25975466992416146,-0.045210696058153685,0.008857702078041062,-0.17132016454050353,-0.027255144204296748,0.03495282647825021,-0.0938440752000074,-0.05407071169783034,-0.12531591684134058,-0.07101246084296932,-0.20998533201923034,0.2947616337446846,0.0770008837805448,0.2582934243951193,0.06738803518464535,0.2339552187009814,0.10468727587371655,-0.04758163402231199,0.04025180804841822,0.13135477542257204,0.13271607508895644,0.21148868437004031,0.061030830522355944,-0.15439461032681373,-0.18572208572208573,-0.005702004007088752,-0.1211149516234262
#51,0.5341416917688104,0.3586423094897671,0.4530781937561599,0.5917637205772799,0.0887704345331464,0.14015093676110627,0.402466719415872,0.3025532466210432,0.2947084218270659,1.0,0.534435514096531,0.2805151839050144,0.25869829768134855,0.3805716348089229,0.01836505226335735,-0.12210423057880684,0.6432686924212347,0.21235812083269712,-0.29381631246038026,-0.2802514378785565,0.1972639820097447,-0.08561288561288562,0.21058917160612076,0.04777227150108506,0.23587640028317994,0.19136347441432186,0.2176862532794736,0.20362673921995955,-0.013117894473826677,-0.17352406335457182,-0.1269252303150608,0.010106099936608411,0.360770786194515,-0.040182401199350355,-0.09060832789646349,-0.02219677304423067,0.007865646848697696,-0.26379461125223835,0.21989801820310295,-0.02589523267489369,-0.1558910219927169,-0.23748201205828323,-0.09682810699759853,-0.21053642240082918,0.06886038580953835,-0.01399704789535298,0.27425607425607423,0.31078998875609043,0.009271366898485543,-0.11295779600864346,0.246696002628206,0.06870398904297209,0.2231323773696655,-0.006305380881652068,0.0710582693633541,-0.16504208368615148,0.0609304219473711,-0.21182137453323893,-0.07403119606509437,-0.3209992735416464,-0.10354021201478829,-0.026574031658777423,-0.13572555606453912,0.21485167756354198,0.247002780901086,0.1418958249466724,0.16179199230046687,0.31330390482932857,0.05177288228135686,-0.0029178639348130873,0.13928057487379522,0.265020798919104,-0.08850021053410884,0.07628090339954746,-0.08862791913639372,0.0517714941443755,0.09239809917776019,0.002079429198073266,0.2989320599490091,0.06201409421748405,0.05088216105165258,0.1255204356899272,0.001503815063137097,0.07766672681926919,0.06279422720100686,-0.14791154791154792,-0.03679673510181985,-0.1746373492136204,-0.013750884937325616,-0.1158742718064752,-0.003411115275522055,-0.16297190873462059,-0.23814554153537204,-0.1846541456710948,-0.38883290069730747,0.36771054567664735,-0.06697205680256528,0.5057755752671007,0.14627308356121915,0.2679946510454985,0.2019156290342731,0.18007606990657837,0.15101866118815271,0.3716227784024394,0.2300952724681538,0.41688529824123044,0.234272176645058,-0.02127551280093653,0.07821457821457821,-0.23259438174692412,-0.35115238505069013
#52,0.4703165415029822,0.2037706427536936,0.28811292031631014,0.20021007139651206,0.15779971034208323,0.22330543178000806,0.3322913051726611,0.4538157572055877,0.19090307564883835,0.534435514096531,1.0,0.19702938685989532,0.3512518682010207,0.22795337710591948,-0.11568409704002924,-0.05546856563805716,0.37948842525113713,0.2951345798803426,-0.4278053091612414,-0.3318281301332149,-0.0009046025995178538,-0.13437906319262252,-0.0066130845791862744,0.18741977725028572,0.11866442713900341,0.21645728933864528,0.044776671895315964,0.023500696382052315,-0.05340671950841443,-0.06354197032163134,0.013801320580981599,0.047845842761097,0.11587565994345655,-0.18858349875299027,-0.11538703572601877,0.0034152796864661272,-0.13750052055136802,-0.2792931606490929,-0.02715427291698478,-0.15884220121508258,-0.054779124270649696,-0.28799215239893206,-0.19876548351124623,-0.2573245047821319,-0.059171189679664254,0.057543367712859235,0.030324777782404902,0.05075584058634906,-0.04423668660956796,-0.23613737003567511,0.1325791122401292,-0.019250683657463317,0.06511843122012613,-0.026076153194797263,-0.1517326263088975,-0.21811148590809606,-0.11255940069499391,-0.26191970090275174,-0.009576294322057035,-0.28364959720891925,0.027904792311571974,0.11282453485843316,-0.21297214009078416,-0.00043494958749196037,0.16162680399968535,0.01651466566720804,-0.07443468121434223,0.2217683014293184,-0.061809112656570284,-0.0481146786231532,0.18213467704993128,0.1045165350250096,0.055456072405224946,0.13370211505804727,0.0471314149280251,0.07875410078799909,0.10233160741635318,-0.03338747067560627,0.24097872911432233,0.006781511866257629,0.004089451547078665,0.11393550715584613,-0.03509395373802154,0.062366681010748805,0.17474331033653068,0.1346210617397058,0.11991328770989788,0.022827449946094015,0.04604404095929519,-0.012225785107141039,0.10701425616679854,-0.1576275813563949,-0.06521652623347539,-0.09388895829573796,-0.2466446415598958,0.2504282402587487,-0.01947648727309744,0.2940296228431822,0.10003886783547801,0.14473132608725828,0.14452218011540047,0.2848350661909984,0.07797859492774747,0.10987196749908615,0.12368716944988131,0.2818482581194446,0.06403059453906912,0.105869968581833,0.04854916549831804,-0.1490058625651846,-0.2471601030923065
#53,0.3601114211283703,-0.0730775459589019,0.150044651739567,0.3042116076014381,0.5973819736531601,0.3701777278048464,0.047582559446966224,0.219599106039784,-0.06768833548494566,0.2805151839050144,0.19702938685989532,1.0,0.47532586515637365,0.012763456831253442,-0.27299148146605773,-0.2805466483432585,0.42936464970363275,0.014724431673584216,-0.3716704377721327,-0.35221754882771833,-0.20587922282837537,-0.2406775033893678,-0.10532304261117821,-0.18549859566808719,-0.13544098798336088,0.027017310068157527,-0.08185149710573439,0.14843024843024843,0.2489401574147337,0.1541109676702897,0.27186338881254135,0.369977836079531,0.2735333176011142,0.20439993151857558,0.06182345673871097,0.3672043383907791,0.22393564596954427,0.04964810727522592,0.1419083181795046,-0.01624906879144167,-0.24283374283374284,-0.2634133362946922,-0.0023940735805142587,-0.13136449238144154,0.24698519783265546,-0.015345391616578058,0.11695285424098983,0.28576881966712475,-0.0458649712887001,-0.07595098951031154,0.033472147031469064,0.006958730687544247,-0.1356381034347136,-0.20899235136523273,-0.3295983194288279,-0.33980482794042116,-0.004918169324948986,-0.25250211690889657,0.18682704275924614,-0.0243576396118769,0.2053739409671613,0.10440131965555695,0.17871986007579227,0.27044332468061283,0.017413715718800463,-0.00046595131340894055,0.20552571061045638,0.18563787207855004,-0.22938824803231583,-0.22908285789641722,-0.050153389136439984,0.00475575729813018,-0.2407867034985679,-0.09202561575442932,-0.18438762337067421,-0.16136305797322748,-0.08950938611955561,-0.0806165179046535,-0.045076509483289146,0.21410578529222596,0.2629885663783969,0.4743634235159659,0.002934058866262256,0.3673764673764674,0.44361202496795715,0.3217400759773641,0.21182415080720166,0.046131493589120706,-0.006343786004802954,0.16948227117718642,0.15324014307065154,0.06896495879546727,0.046202288575169934,-0.05506970761208049,-0.05930815252849151,-0.18814623560386273,-0.11196481535464586,0.043269617845889036,-0.0401495486241249,0.08063039927446707,0.008457918627410153,0.32709550845144064,0.13776287844084453,0.06741672334892673,0.10206045799266138,0.23797618882364646,0.18673126130753248,0.01358754748585257,0.03773604112587164,0.07967304746965764,0.06836297005788532
#54,0.26223665884682834,0.11217211047719522,0.13246435958300365,0.24659281777925846,0.4119722187518798,0.1264958332754943,0.12943683282666332,0.2585844704488772,0.15767524072608818,0.25869829768134855,0.3512518682010207,0.47532586515637365,1.0,0.12185667948379812,-0.12887510006154074,-0.13731543562052037,0.2110384652757534,-0.08086962154758764,-0.2221731747155476,-0.20252409574443472,-0.1979636030483488,-0.1636474687322145,-0.1533965398372178,-0.11412059208669378,-0.15739020993258282,-0.06011234655302452,0.08239934850104341,0.08815919154902206,0.3048256268595252,0.2866035527052476,0.43960308536579723,0.14643827186200067,-0.13011609452287418,-0.10853287802440345,0.16075597940004718,0.292463341615884,0.09935451630366884,0.05498688210552617,-0.05103855781821884,-0.19550243618040228,-0.0705034772831383,-0.10441658916235187,0.011097229741297537,0.07352406335457183,0.25428078309434243,0.24688155027138078,0.18729391949730934,0.13972153972153972,-0.09365204958425298,-0.21439868219529237,0.07592137592137592,-0.04657523471082793,-0.021335202691134893,-0.12748141053225798,-0.29408607374709067,-0.2539772438077523,-0.2188943951655816,-0.2959804180143163,0.1760319641675574,-0.06058708940064872,-0.08311470175876956,-0.12902085444458325,0.009201960049417677,0.05471804624346997,0.15091547633920516,0.10999551169042694,0.12181087096341334,0.2411864869491988,-0.17473544422696966,-0.1774224147105503,0.04941119856374094,0.11482993008416738,-0.005560876747317425,0.07034152796864661,-0.14897995067486594,-0.24874535552501653,-0.29162722044077977,-0.38048464489142453,0.07132108996515776,0.15658509048339556,-0.11037030867539342,0.4628289306255408,0.2392944562436088,0.4932092338872,0.30455447743583336,0.40172036443222886,0.2918553376180495,-0.1808122452190249,-0.02670405382269789,0.1701374718323871,0.32455984489882794,0.25689927215350944,0.1872763364288788,-0.029194834279580043,-0.04154508900271612,-0.12685998787693703,-0.025206254019813343,0.014192775209724362,0.023947213777722253,0.04967355645321747,-0.054453837504684965,0.14259405784829512,-0.1230259535344281,-0.084002184002184,-0.19968165391894205,0.07524905491007186,-0.11962640606708404,-0.2685082617286007,-0.22666426056256564,-0.100578853121226,-0.061663820985854885
#58,0.03961372774932097,0.2335841234146319,0.041735263769162076,0.14310535496976176,-0.08148178995636622,-0.020658254556559643,0.5089761564337836,0.12409713257170885,0.0633499447058769,0.3805716348089229,0.22795337710591948,0.012763456831253442,0.12185667948379812,1.0,0.004079734588209164,-0.13375764053730155,0.08632777615828463,-0.0967355645321747,0.045221801154004544,0.06913153523323015,0.02107330751398548,-0.07085513865174882,0.06604663214832707,-0.009927492978340436,0.038643882711679324,-0.04054655580079309,-0.011579375986155648,-0.021361114581453563,0.01186348135500678,0.043496346886177394,-0.1803088142071193,-0.033069124594548326,0.14521902488004182,-0.0012067537491266304,0.2065358116205574,0.08359869885293614,0.10424862458760764,0.013205809815979307,-0.001984573171013849,-0.03765506646862579,0.09287746914865559,0.08315079332028484,-0.00048075810787675193,0.06228940805211992,-0.08884030409454138,0.006042097567521296,0.20380997330149872,0.09084523660794848,-0.17146684434820028,-0.1335984674967726,-0.11857281009823382,-0.23110305991661925,-0.06419532012752352,-0.23752365616772397,-0.029804689126723027,-0.07504222249984961,-0.1662775255995595,-0.18179041907855467,-0.16752638617045396,-0.26253649643480154,-0.1632888666786972,-0.13875123197157097,0.09717421581828362,0.20834316597028463,-0.0016356880763660426,0.07641601539906624,0.5519107705548384,0.3714085425949833,-0.02903103411577988,0.055669382788026855,0.033948278016074626,0.13381270330422873,0.16884557901507055,0.21271811102319577,0.02621728045456859,0.05982407677322932,0.1352670081483641,-0.024115178352466488,-0.04286289371035134,-0.0022362886769666432,-0.2438836371039761,0.044339408746188406,0.12318466386262997,0.048794865744018284,-0.010641920811412338,-0.12806812976304502,-0.14505244844227896,-0.06784982208711023,0.23397557804337465,-0.049008176126820194,0.06205527561459765,0.018068453661674002,-0.2141812074015464,-0.039187106983717156,-0.19990468126061348,0.06295293752920872,0.13482604330061956,0.2467316314773942,0.025577812018489986,0.07578718934651138,0.01915258864411407,-0.15348167890540773,0.11101810593336017,0.18765576053711647,0.2021627174169547,0.24702869279140466,0.19706686655839198,-0.010200955963667827,0.052593271237339034,-0.0895505675166692,-0.15853218395591276
#101,-0.30402097012266505,-0.13315796536135519,-0.22829393337867915,-0.19601558415117737,-0.28829198998690525,-0.4403383352535895,-0.0020007681024630177,-0.19183914268660032,0.16579491664237428,0.01836505226335735,-0.11568409704002924,-0.27299148146605773,-0.12887510006154074,0.004079734588209164,1.0,0.4958207822614602,-0.11258392444833122,-0.18583868922851973,0.3244400024061041,0.1439058472956778,0.5524044846078744,0.3596760088285512,0.23392375426273732,0.275816802935447,0.14459667680006663,-0.001326596241850479,0.0053864341999935225,-0.24948847152236983,-0.19051578543103967,-0.24206147595978106,-0.02563333749774428,-0.32911478504698843,-0.04505198572995183,-0.11298417061128925,-0.21232064113420046,-0.20295488092098263,0.16959702383431197,0.19649680497138125,0.30351985267239506,0.12007569973671668,-0.0698519783265546,0.06851242613954478,0.03924725958624264,0.11581411920394971,-0.06533266702758228,0.26220288084694865,-0.2917567798923731,-0.2565587158807498,-0.34034712678780477,-0.07688196671247519,-0.16050611474340287,-0.0802171971663497,-0.018352559030525132,-0.1321964491456017,0.6308036850409732,0.29005029682995787,0.09873124279903941,0.19037789715755818,-0.31347510839036263,-0.30696474594779677,-0.22432386161199722,-0.23348371483964706,0.07596070646918104,0.12847346576160135,-0.1371030506623727,-0.08257888088396563,0.03807983638492113,-0.04155619409856698,0.34109903431937333,0.1166419115571658,0.05198064011623334,0.051452222638663316,0.3232050232050232,-0.031208558327202394,0.2942933688696401,-0.10025449177991551,0.06384689774520283,-0.13221079322774237,0.27483076296635617,0.009782201307625036,0.03187625221523527,-0.04296792940860737,-0.0053619104466562095,-0.060918854139193124,-0.2501968840951892,-0.2178065584845246,-0.1485727638270011,-0.21007371007371006,-0.17233304182456724,-0.12538347284109996,-0.34866808256638765,-0.2372895237302017,-0.30045392079290384,-0.1595256273222375,-0.14356760458455373,0.006719971126750788,-0.13139132969641446,-0.11415437008657348,-0.35428864920390346,-0.24687044517552992,-0.2730590374658171,-0.2351878843404267,-0.20544242239157492,-0.14399376263783042,-0.17444532359786596,-0.27718781956070093,-0.21674417098145912,-0.16259526090034565,-0.126479175631718,-0.18773025722178266,-0.2523966184983134
#102,-0.13875308282087942,-0.0918072155360291,-0.16920927090418617,-0.2689760638913181,-0.13786282430350227,-0.1485792417995808,-0.03860362673921996,-0.2247643637474146,0.08124164225859141,-0.12210423057880684,-0.05546856563805716,-0.2805466483432585,-0.13731543562052037,-0.13375764053730155,0.4958207822614602,1.0,-0.1602594890730484,-0.0011452130096197893,0.3217174030733353,0.4252876913893863,0.17252969456359288,0.4368883521425894,0.07593849627747933,0.28813281694637627,0.006375713155374173,0.15781405442422392,-0.05351545690528741,-0.13236996626827136,0.09457654881383695,0.15740964385032183,0.012144810449895196,-0.12947107353887016,-0.12119222458205509,-0.1308841969858919,-0.07766765224392343,0.03250507826779013,0.013298814993730248,0.28308046104656276,0.1061707315944604,0.13403850691986285,0.08026994637164128,0.19177204939916803,-0.005098627132525437,0.22435995317351248,-0.19613126223295715,0.12907915619780028,-0.16753564041699634,-0.2662025662025662,-0.19751338395406193,-0.14891332009976077,-0.11745397169125983,-0.021014543048441355,4.904750667462532e-05,-0.004811282777384472,0.20012955945159336,0.32944238537458875,-0.08395730090645345,0.24457400389603778,-0.23471915675305505,-0.19435074519820283,-0.2479670733908022,-0.27329178176635804,0.19108954871666736,0.26481859363215293,-0.02466256703544839,0.18235353998065862,0.024049473202015576,0.13040528972732363,0.4803860871657482,0.5473803541600152,0.07926863689575554,0.07595422849660138,0.2119120661493543,-0.0446443361697599,0.1719633346751991,-0.10233577182729725,-0.0990167363048719,-0.20684490345507295,0.20693883405747812,0.30701749515308835,0.16340963459607527,0.08314755433399501,-0.08689228519736994,-0.00902936835140225,-0.04447313260872583,-0.3245038567072465,-0.27143676804693756,-0.049028072756886316,0.055848915170949066,-0.03647468732214495,-0.021258392444833123,-0.1807761536575096,-0.2196939620668434,-0.27657565115192234,-0.1991717449344568,0.00510279154346951,0.16795254422373065,-0.05711767237190966,-0.13337220116881135,-0.10788831975272653,-0.20927460588477537,-0.08367967351018199,-0.056286178320076624,-0.2002133103828019,-0.13392282883808307,-0.1948463101005474,-0.31478088257749276,-0.1847554796707339,-0.15376717241124022,-0.15808936825885977,-0.16935872698584564
#201,0.478644900678799,0.15823373450492095,0.5373617068532323,0.38080021469851977,0.27788558974999655,0.38063410097308403,0.043231675435065266,0.29942993841298926,0.14907434398959823,0.6432686924212347,0.37948842525113713,0.42936464970363275,0.2110384652757534,0.08632777615828463,-0.11258392444833122,-0.1602594890730484,1.0,0.36696187713136863,-0.49148840674264405,-0.45862889083228064,0.012178125737447771,-0.16870676531693482,0.22933364797771577,-0.12542835593683052,0.2907536195671789,0.08765622324944358,0.10205398002008172,0.09262667906735704,0.19487037114155759,-0.1452907452907453,0.07820023413243753,0.2504240758478047,0.3931541711202728,0.13804698380969568,-0.23219367287163897,0.11082931930389557,-0.028057487379521278,-0.20763984323306356,0.15409292188953205,-0.013883683375208799,-0.254372400135112,-0.34470171249832265,-0.2328743227048312,-0.36889416380941803,0.0465067532864143,-0.13078147484927147,0.12520625401981333,0.1546486393944021,0.12916799696460712,-0.024158673311215684,0.2533382380840008,0.122858451672011,0.23137235849100257,0.00933984832289917,-0.013979927539249573,-0.2567650855786449,0.11973468075162991,-0.1563417037993309,0.0675782099510913,-0.16051583170227238,0.058846365626026645,0.17551603992281958,0.03105678868390733,0.33264620552756147,0.08201529726953456,-0.08088581647903682,0.12301531115090437,0.2642068879357015,0.10706978164605284,-0.005727915897407423,0.23402092385143233,0.23954848531119718,-0.23733255597662378,-0.008343628682611733,-0.16302419522758504,0.0968785426412545,0.10975490128032502,0.07397243159955025,0.2188869917683477,0.18244145532281125,0.1811130082316523,0.15265434926451876,-0.2002618951771494,0.010941758399385519,0.07206420596251105,-0.04616110717805633,0.09246935687613654,-0.024814799391070577,-0.14780651221329189,-0.133821494838444,-0.00027577654696298763,-0.16714140951429088,-0.05433815942290519,-0.11978465368295876,-0.27655853079581894,0.4004599360531564,-0.08862097845148692,0.5457539203301915,0.0647204986188037,0.3247065247065247,0.09379965481660398,0.5468986706274842,0.3182697335239708,0.3278964634896838,0.35614643919728667,0.32526177949906765,0.2353738946959286,0.12760911913454287,0.21211658499794092,-0.14654654654654656,-0.162184835066191
