,#10,#11,#12,#13,#17,#18,#26,#49,#50,#51,#52,#53,#54,#58,#101,#102,#201,#202,#301,#302,#401,#402,#501,#502,#601,#602,#701,#702,#801,#802,#901,#902,#1001,#1002,#1101,#1102,#1201,#1202,#1301,#1302,#1401,#1402,#1501,#1502,#1601,#1602,#1701,#1702,#1801,#1802,#1901,#1902,#2001,#2002,#2101,#2102,#2201,#2202,#2301,#2302,#2401,#2402,#2501,#2502,#2601,#2602,#2701,#2702,#2801,#2802,#2901,#2902,#3001,#3002,#3101,#3102,#3201,#3202,#3301,#3302,#3401,#3402,#3455,#3501,#3502,#3601,#3602,#3701,#3702,#3801,#3802,#3901,#3902,#4001,#4002,#4101,#4102,#4201,#4202,#4301,#4302,#4401,#4402,#4501,#4502,#4601,#4602,#4701,#4702,#4801,#4802
#10,1.0,0.18353900896273778,0.41015838642957286,0.3998102879458812,0.03252081048691218,0.11064932420864625,0.011484982671423349,0.46494676494676496,0.24364719110481822,0.31328909803486077,0.2266605588639487,-0.04462629038900225,0.06903991819246057,0.13166247912010623,-0.28875285146471585,-0.13876048621811335,0.3343406580694716,0.32827542488559436,0.038528204629899546,-0.02550238990916957,-0.15815599883396494,-0.0030492742357149136,0.2624337742981811,0.18587801977632487,0.0017152745966305288,0.23782812087896835,0.29222828375370746,0.24251863573897472,-0.10296135889356228,0.009196870213819366,0.07564745022372141,0.1708042402957657,0.3133941337331168,0.21850617952312867,-0.05486009892789554,-0.005041250803962669,-0.05405914388965236,0.022092662770628872,0.1982301253487694,0.1096868825682385,-0.05482123109241753,-0.08260618091126566,-0.1293123632106683,-0.21141881480864533,-0.07201747201747202,-0.08832669341143917,0.2880564694124016,0.18503218164235113,0.03543636086008967,0.10257869579903478,0.18210645159797703,0.1794079133062184,0.3377564004682649,0.19365528857054282,-0.003689205384120638,-0.025121114951623426,-0.1660184066963728,-0.012283624148030928,0.13796184474150575,0.22585220042847162,-0.19382602941924976,-0.13434574790506995,-0.010335142538532368,0.04157701615328734,0.19402499571991097,0.10047844454624115,0.00730437679590222,-0.011379021548513073,0.012477037900766715,0.140515091362549,0.1590462573513421,0.1849419527385629,-0.04966430220667509,-0.007963279149719827,-0.1410333291689224,-0.0016454050352355436,-0.18609595728239797,-0.1498729854662058,-0.04112957333296317,0.05250489318285929,-0.022547971700514074,-0.022608587015366676,,-0.17389238236695864,0.025224299800570987,-0.15445152394304937,-0.1523188828273574,-0.14325296020211276,-0.0021877038826191367,-0.09929205013950777,-0.09574859913842965,-0.012674153352119454,-0.06801454767556463,-0.12077254450135806,-0.12658236048066557,0.17488351217164777,0.13113498706719046,0.4083033727101524,0.38811801015190844,0.20393351749283953,0.2282925452416978,0.21288283661165017,0.20300392842765724,0.3197402332995553,0.3345405497947871,0.29098266216910285,0.30555578691171914,-0.11056742412674617,-0.07517409551307856,-0.14177135533067736,-0.11457867729054169
#11,0.18353900896273778,1.0,0.3702462092292601,0.3355862796540763,0.10985577256763697,0.16196828569709926,0.34452171740307336,0.05455841049061388,0.04940333245417991,0.5339968628104221,0.34136879560608374,-0.11362225091038651,0.11787874160755517,0.14194996228894535,-0.22131993318433996,0.18496647649190023,0.14290129883350222,0.3082520116418421,0.046775589148470506,0.1107427920987243,-0.08757848757848757,0.16507539897370405,0.43956097854402937,0.2237736966550526,0.08695104966291407,0.3261080803453685,0.2379502769333278,0.30804101482067586,0.2685684143311262,0.13686706737554194,0.3782076375296714,0.32031723557147285,0.28715047867590243,0.3090330700500192,0.08759375708528251,-0.029063423978678216,0.08536903621649385,-0.007471878658319336,0.15557221319933184,0.1350055756835418,-0.010084352457233813,-0.08375833460579224,0.02706080502690672,-0.19990653210992193,0.12188953205902359,-0.08061466705534502,0.17236496897513848,0.15056659124455735,0.04002924341907393,0.01574332421790049,-0.04106618174414785,0.1049621269960253,0.18284077606111504,0.2911557165794454,0.11828222675680303,0.03472887371192456,-0.19278724024486737,-0.17989422396202057,0.060017490525965105,0.057139882563611376,-0.31882776459047646,-0.26488522420725813,-0.257926956232041,-0.053663987562292646,0.32333782164290636,0.2864355881305034,0.012376629325781869,0.2408857239365714,0.03447299379502769,0.1986026087721003,0.2429494209155226,0.43507822151889947,-0.11638927062655877,0.07321867321867322,-0.2015426828986151,0.07728128745077897,-0.31383232230689856,-0.17729748238222814,0.02645650272768917,0.18638330163753894,0.01662340306408103,0.01887681209715108,,-0.2263648856869196,0.056074256074256076,-0.2800140664547444,-0.367545820088193,0.10714381561839188,0.10645113526469459,-0.07753254024440465,0.053086522578048,0.04592327304191711,0.043853098090386226,-0.18973611515984398,-0.18624633878871166,0.304914467626332,0.3928594233678979,0.09165637131738827,0.15211852838971482,0.04310072784649056,0.016563250461555545,0.3520893775131063,0.25094416450348656,0.04318077707908216,0.12278210413803634,-0.0006746345729396577,0.07794759320183049,-0.23778416320789203,-0.15836930921676684,-0.29622056571209116,-0.22964042625059575
#12,0.41015838642957286,0.3702462092292601,1.0,0.35014274675291623,0.17307800867122902,0.2247111518297959,0.26196550942313657,0.12932161745721069,-0.18157248157248157,0.41578820731363103,0.23277715311613617,-0.09820698973241346,0.05425996103962206,0.06922592854796245,-0.532372279829907,0.003903441191576785,0.5135921746091238,0.7583716227784024,-0.25741242012428456,-0.1663691426403291,-0.1973121040917651,-0.10879292235224439,0.311658499794093,0.21332611502103027,-0.06313802246005636,0.22246468348163265,0.46734176395193344,0.4836579260308074,0.12071748173443089,0.08681223596477834,0.4352554403401861,0.32803296362618395,0.5407214610604442,0.2860149826251521,-0.06615074242192887,-0.1739229213805485,-0.1504203741491877,-0.2846856101093389,-0.17042712974916366,-0.10889703262584619,-0.20532859515910362,-0.15277974430516802,-0.20345275938496277,-0.41816886223665883,-0.11720271889763414,-0.1870509955255718,0.35396937769819126,0.4004627123271191,0.21042999856559177,0.21491183016606746,0.12958813975763128,0.33429947667235804,0.4035786171379392,0.33737096109977466,0.09803254718508955,-0.1175937108140498,-0.2226456040015362,-0.3166520912283624,0.08777328946820473,0.1296108126616601,-0.3668383329400279,-0.22822961636520958,-0.24726051166729132,0.12070776477556139,0.41334508622644217,0.23676018082797745,-0.0781197221875188,0.15766737461652716,-0.1596662918696817,-0.006626965948999847,0.2848901289579256,0.40182447470583066,-0.009883072594937002,0.2614847513152598,-0.24890267771623703,0.2438082149946557,-0.342488559437712,0.04169593322135695,-0.1515049718439549,-0.019465844889573702,-0.16844163115349556,-0.010330978127588297,,-0.3327364344313497,0.03356283864758441,-0.19801542682898615,-0.32262015482354467,-0.036492733102902596,-0.06972704599823244,-0.10058764465544126,-0.07595515392125561,0.14084500525178492,-0.03433464280921908,-0.16847309559173965,-0.18893330927229232,0.5237769356413424,0.4247069874188518,0.47077694026846567,0.5753480753480753,0.4204852001462171,0.42499294363701146,0.5096433876094894,0.4680825663876511,0.46210617397058074,0.5993299925503315,0.49351323588611723,0.5218626947440507,-0.23912325268257473,-0.06412868955241836,-0.33066070693189337,-0.2651392532748465
#13,0.3998102879458812,0.3355862796540763,0.35014274675291623,1.0,-0.012645927900165188,0.06058014871574194,0.11123789428874174,0.1282735740362859,0.0891142297921959,0.34068074237565765,0.22686831669882518,-0.3228797364390585,0.0037447308633749314,0.1594941628839934,-0.0882184187268933,0.04417190688377129,0.16447063396215938,0.19989403887708973,0.11711063914453745,0.13006936057783516,-0.01781442459408561,0.15980603099247168,0.20741311419277522,0.1460246070415562,0.0020345461023427124,0.24711845898286577,0.21231786486023774,0.30004256953409497,-0.07924781484103519,0.06421290319595405,0.25960197485621217,0.25237579644359304,0.2248032315828926,0.30054091071040223,-0.041383139688224435,-0.013778647676952761,-0.0034518339603085368,0.13983120254306694,0.1071174410157461,0.069290245561432,-0.05771318313691195,-0.07755243687447078,-0.0994428943581486,-0.15043009110805722,-0.09413512125376532,0.036465895787929685,0.37914277914277916,0.23896870676531692,0.016827921912667677,-0.048313182211487296,-0.08823831535695942,-0.07302294590430183,0.02257573444014122,0.040371650541142064,-0.03290902612936511,-0.07153856475890374,-0.13642656524012456,-0.09670595094323908,0.05867192307870274,0.016715945529504853,-0.10799428087563681,-0.07572611131933166,-0.11962362979312131,-0.03228205092611872,0.3269705761231185,0.2524447405803338,-0.05201071641749608,-0.06024098057996363,0.15740594215170486,0.2315889078600943,0.16974185279270024,0.24832937714293646,-0.09382093958365145,0.013920700361378328,-0.15908928959776417,-0.006570515045091316,0.0036457104253714424,-0.0706922639126029,-0.16751528107460312,0.010467015551761315,-0.03695498271769458,-0.07516669211584466,,-0.06380432821110787,-0.02253455304302762,-0.13208169648847615,-0.12795337710591947,-0.07329502075264788,0.06609706779198304,-0.23181286062641995,-0.02404299522943591,0.05765349324671359,-0.025339052457696524,-0.03672686554042486,0.001261353803726685,0.024381700652887094,0.23809695674102455,0.26657504962589706,0.1969368443944715,-0.05376115715098766,-0.05262658652489161,0.25259373394966617,0.10331070670053721,0.053348417755197414,0.1767269580828903,0.15280704433246806,0.09399260585701263,-0.07638732723478486,-0.1498146837129888,-0.09754253483067042,-0.062056663751579005
#17,0.03252081048691218,0.10985577256763697,0.17307800867122902,-0.012645927900165188,1.0,0.2624559844898828,-0.07858659892558198,-0.09915878898929746,-0.0778314524077236,0.05460792070961563,-0.0317318859691741,0.3100450219094287,0.09306949476441002,-0.0037151172744393085,-0.23456831253441424,-0.10660984559289644,-0.08336410370308675,0.2003993207383038,-0.11243493107899888,0.030674125589379826,-0.1740612723663571,-0.03425968341222579,0.12310045021909428,0.2097280639653521,-0.07305811204116289,0.11955838735499752,0.019378392259748193,0.01240716833937173,0.0524424270186982,0.3520107164174961,0.0985517104161172,0.22412396988668176,0.08470134232846097,0.19354053591341727,0.1680696104424918,0.19205476663103782,0.11840947264676079,0.1289371035133747,-0.12829670965264187,0.09625388099964372,-0.008235816710392982,-0.0343156716038072,0.19452796401948944,-0.009300517775094046,0.04822110245839059,-0.06203630440918576,0.034367032672117416,0.020781336035573323,0.041655677248897585,0.03814091441210085,-0.06252076421567947,0.026029881962085354,-0.09589435352147216,-0.04780419865165628,-0.1370160607448743,-0.07151033930694947,-0.22665500631602326,0.13336572319623166,0.08791673028961164,0.0911001911001911,-0.23567650855786448,-0.23450307009629043,0.26692300929589063,0.09888393786698871,-0.028839471212352568,-0.13282712604746502,0.15188161967822986,0.1340690459334527,-0.07643730016611372,-0.012063373080322232,-0.17820902566665278,0.058849604612316475,-0.12036998477676444,0.12857017263796924,0.03670743162268586,0.029608961812351644,-0.2485167756354197,-0.18584933161204348,0.17755521314843348,0.31305033847406727,0.09704373094203603,0.135841696858646,,0.1750149224725496,0.4457608610150983,-0.09788633008971992,-0.14991601771262789,-0.0674740996774895,-0.05594284577335425,0.43922273583290533,0.19939245871449263,0.23052605764470172,0.24234095420536098,-0.13748710189388155,0.052115289403425,0.0012271130915198713,0.07659230879569863,-0.041049986812698676,0.02589708352420217,0.11822670127754874,0.038509233424487664,0.16186695169746018,0.23487601623194843,0.14771073076157823,0.09723390570848198,-0.06375990782770444,0.08470550673940505,-0.245332389400186,-0.15262982551118146,-0.1815678544492104,-0.1232485181637724
#18,0.11064932420864625,0.16196828569709926,0.2247111518297959,0.06058014871574194,0.2624559844898828,1.0,0.2124502005857938,-0.07405386896912321,-0.03620122433681756,0.21169088965699134,-0.0994331773992791,0.02686045058926415,0.3681566003599902,0.09473202015574897,-0.34654886010818214,-0.11331732348681502,0.0009050653118449728,0.3279538398182466,-0.2540623828759422,-0.05778027642434422,-0.409855772567637,-0.12786638718842108,0.13653946704794162,0.2662673459283629,-0.15202968762290797,0.19036956833567004,0.11295363159769939,0.21877732894682048,-0.038729021779869234,0.3184636099890337,0.22126163143112296,0.25751745582254054,0.1861866488985133,0.23506295201210456,-0.048024912431692095,0.05890883179018772,-0.13302053980020082,-0.0061633281972265025,-0.20279524516812653,0.04329599244853482,-0.02214032214032214,0.007225715700291972,0.13941337331167838,-0.08817538648047123,-0.1607610692356455,-0.24221787272634732,0.12501561654104026,0.054794393777444626,0.06069906578381155,-0.018744476371595015,0.09266184520421808,0.02632139072817039,-0.018956398617415566,-0.09288348440890813,-0.3337178472771693,-0.16636590365403925,-0.18561612459917545,-0.08220871102227034,0.060399690908165486,-0.03276974971890226,0.026431516262024737,0.025247435416926943,0.10038127495754615,-0.05010017721882128,0.17366056349107198,-0.08374167696201594,0.11895038335716301,0.04952733935784783,-0.19505915777102217,-0.1453832877561691,-0.05035143001244696,-0.029262390279339433,-0.16240369799691834,0.05858909757214842,-0.14342092477685697,0.04497286192201447,-0.009434704349958587,0.035631625462133935,-0.04151269913981778,0.18605014876201317,0.28599647413206736,0.3863870033361559,,0.13338423168931643,0.3637418620469468,0.06510501256263967,0.0833964935659851,-0.10641967082645049,-0.03179342670868095,0.125018392815003,0.11281666874887214,0.1810861709166794,0.06890064178199772,0.04458834797817849,0.02587672418180893,0.15216248606079114,0.21762841423858373,0.08753684346904686,0.044293600225803614,0.16445721530467294,0.11498308786444379,0.2085004881615051,0.337943336248421,0.1481243955820227,0.08896477371053642,0.024514961803097396,0.07943428790886418,0.009226946515082109,0.05224253529338275,0.05810741403961743,0.016135704271297492
#26,0.011484982671423349,0.34452171740307336,0.26196550942313657,0.11123789428874174,-0.07858659892558198,0.2124502005857938,1.0,0.041502982180948285,0.0009693823253145288,0.4765164239740511,0.10122433681755716,-0.3180244959905977,0.21559849525951222,0.2920686480008514,-0.06065649624971659,0.13542155406562187,0.05381066736998941,0.1156734546565055,-0.09214592095948028,-0.027121883054086443,-0.1279658703387517,-0.05491793796878543,0.0630593613644461,-0.03351101486694707,-0.12242720378313598,-0.07515234803370396,0.12295423312372465,0.1819486666944294,-0.09662821527228307,-0.04735768125598634,0.11678118796762865,0.03956282939333787,0.058232809080266706,0.05508034999560423,-0.09653613551918637,-0.14803601752754295,-0.08631204393916259,-0.1364052804730771,-0.13506665371072152,-0.12549915092287975,-0.06727976050009948,-0.10902983106372936,-0.004234280505466946,-0.09500224415478653,-0.04998449913704151,-0.18068777560302984,0.20411166173878037,0.2546750139970479,0.12786638718842108,0.048240999088456714,-0.014095142908702231,-0.04363423515965889,0.03167543506526557,0.001915166321945983,-0.01758214300587182,-0.13037984054933208,-0.044608244608244606,-0.16967661035457646,0.09205060222009374,-0.16012483978585673,-0.1244446295293753,-0.11559479356089526,-0.18776449793398947,0.007039705344790091,0.2331699958818603,0.07994188333171384,0.006838425482493279,0.2804559567271432,-0.06687488721387026,0.058037544478222444,0.12401708333911723,0.31917155984952594,-0.06905194871296566,-0.03231444078901706,-0.18499794093014432,-0.08246597907614857,-0.0939070040764956,0.10528556291268155,-0.20417829231388554,-0.16989639870995804,-0.07761536575095897,-0.05900877765284545,,-0.10902427851580394,0.08141145768264413,-0.13566170176339667,-0.12792376351698387,0.11534354076726958,0.11954496869751106,0.06252261506498795,0.22045836283124418,0.049768412480276886,-0.12523540489642185,0.005478976665417344,-0.1306759764386883,0.08921001124390955,0.16128763586390704,-0.12176413701837431,0.018012465470092588,0.11181489656065927,0.03606472420031742,-0.02972510260645854,0.1662386577640815,-0.13638353299370248,-0.029466909127926075,0.06380617906041634,0.022821897398168586,-0.14329043990060938,-0.01675758963894557,-0.04657523471082793,0.04686119092898754
#49,0.46494676494676496,0.05455841049061388,0.12932161745721069,0.1282735740362859,-0.09915878898929746,-0.07405386896912321,0.041502982180948285,1.0,0.5512407631051699,0.0013335369267572657,0.18270797762323185,0.032852112513129465,0.19740048214624487,0.3871268803472193,-0.0695225271496458,-0.2842807368231097,0.3476811171726426,0.11727860371928168,0.034374436069351325,-0.22659809269978762,-0.07965592711355424,-0.0877219283998945,0.1308934512324343,-0.08467450501348807,0.12199780674356946,0.031709675777472385,0.06303391218645456,-0.06080965402999301,0.0025060499636770824,-0.010094532128430433,0.007107724056876599,-0.053005085208475036,0.12342249799876918,-0.04919279834534072,-0.09586057552159247,-0.06799603918247986,0.05397539295844381,-0.05576053711646932,0.15636946653895806,0.1561964121286155,-0.13214925248823553,-0.0418180892757164,-0.06171888375278206,-0.05613070697816461,0.034150020590698556,0.14672515350481452,0.08093347584873009,0.041105975004280086,-0.04396229819958634,-0.024727809473572185,0.025230777773150654,0.06627382390094254,0.15201488082844014,0.07592646575697423,0.055508358898189405,-0.0007917007917007917,-0.17522684471837013,-0.15207966055423683,0.10664408630510326,0.21472720794754693,-0.09399445670632112,-0.053243844769268495,-0.09407080424029576,-0.16740746910238435,-0.07961937283971182,-0.169457284711522,0.1161190466275212,0.05994068027966333,0.02930542252576151,0.0339089474682695,0.1648246088924055,-0.012135556203352814,-0.034663168561473647,-0.06866836019378392,-0.1558956491159881,-0.09727231083163286,-0.16038858581231463,-0.1367518520060893,-0.0028803842363164397,-0.06277109158465091,0.013330279431974347,-0.11057158853769024,,0.024795365473331575,-0.05973940041736652,-0.08108524549202516,-0.09334110690042893,-0.1758404012641301,0.050505513217377625,-0.1361540276794514,0.0248346960211367,-0.12705201349269146,-0.09171513578293239,-0.08609271829610812,-0.04854222481341126,0.21470823674213504,-0.002180300485385231,0.2959489535760722,0.17137707815673917,0.08770388261913685,0.1406192016361508,0.05883988765344698,-0.13742371030506623,0.16741672334892674,0.0748964681168071,0.24223175409616088,0.08285743370489133,-0.05682292461953479,-0.02464776024098058,-0.02416607670844959,0.0009152449830415932
#50,0.24364719110481822,0.04940333245417991,-0.18157248157248157,0.0891142297921959,-0.0778314524077236,-0.03620122433681756,0.0009693823253145288,0.5512407631051699,1.0,0.023395197971469158,0.07357958883382612,0.1456248235909253,0.2209650328294396,0.4135111999518779,0.2432686924212348,-0.24382672348774043,0.04525372830457576,-0.15499474821508719,0.189409902969225,-0.01101301609776186,-0.030286835371581135,-0.07626332033111693,0.05927483724093894,-0.11518853213768468,0.16631454258572903,-0.07672556994590893,-0.12287233304182457,-0.24908683722243044,-0.1029400741265148,-0.05251368471707455,-0.1274527223679766,-0.12124127208872972,-0.05245075584058635,-0.08407205356357898,-0.05987913954015649,-0.060167409319951695,0.10625401981334184,0.15051152847763016,0.2754197957587788,0.17061128925535704,0.0016361507886931616,-0.024278053091612413,0.10312562176968956,0.14009494856952484,0.21207123918988327,0.35300832419476486,0.022983846712660273,-0.13735060175738142,-0.1054003155698071,-0.13909780350458317,-0.047040260599582634,-0.12099927354164643,-0.14249226113632893,-0.1419707843436657,-0.1095998926507401,-0.12458575678914661,-0.0643281185654067,0.0477199850081206,0.10225664801935988,0.1872953076342907,-0.09790483858280469,-0.122318466386263,0.14124016157914462,-0.18497480531378838,-0.23008833178324703,-0.31494514545362,0.38400357213916536,0.05912538115927946,0.2303682727411541,0.037771207262732684,0.07197629062035842,-0.18785148785148786,-0.16019470934725172,-0.26020720258008395,-0.020271889763415187,-0.22697844223267952,-0.024421493913019336,-0.18188434968095984,0.1496545852478056,0.036036036036036036,0.11533752550701704,0.0686410601664839,,0.0993267535640417,-0.06684018378933633,-0.147138818325259,-0.11880740524808321,-0.16784519496383904,0.10787351295825873,-0.08035554815215833,0.1507761999287423,-0.0618604737248805,-0.0007838346821397668,-0.062390742051759,0.0019873494449765636,-0.07950600831956764,-0.17387757557249084,0.012535802366310841,-0.14094772738840536,-0.06928330487652522,-0.12706682028715927,-0.10172267799386443,-0.29934711290643495,0.00904417514587006,-0.15779600864346627,-0.06616045938079837,-0.11916276831531068,-0.07335702420448183,-0.12010299976401671,-0.0012812504337928066,0.06655469028350385
#51,0.31328909803486077,0.5339968628104221,0.41578820731363103,0.34068074237565765,0.05460792070961563,0.21169088965699134,0.4765164239740511,0.0013335369267572657,0.023395197971469158,1.0,0.28052906527482796,-0.19381122262478195,0.2344419920691107,0.19996390843848472,-0.2382630704664603,0.1024750482377601,0.2882332255213611,0.3575766830004118,0.04738359314630501,0.018859229028720555,-0.18539633624379387,0.019853135107372397,0.20090506531184496,0.05190105359596885,-0.10955408413035532,0.1990384837842465,0.3349431095193807,0.3164124062429147,0.05820134464202261,0.0924540873693416,0.21696997459709325,0.19503694757932047,0.2512551071873106,0.2713678239101968,-0.014884992851094545,-0.17214240434579417,-0.1774705367925707,-0.1416075551668772,-0.011121290782307731,-0.05184321455507896,0.008944229283212334,-0.028883891595756002,-0.020164077791196434,-0.24310813124372446,-0.05863536880486033,-0.19713488527047848,0.3979173318156369,0.25084560677781015,0.17735856040940787,0.07082506235048608,0.08129531688853722,0.13251479522665963,0.25899720984466745,0.22494435884266392,-0.0604339316203723,-0.16991305635373433,-0.2027318535793112,-0.20626327405988423,0.1778777236404355,0.040821406923101836,-0.2593960678706441,-0.24268660031371897,-0.16383810621098757,0.09907411263343467,0.3964787591906236,0.20524993406349337,0.0058556244996922965,0.281224521902488,0.027558220778559763,0.12756099705252247,0.25431271024491364,0.43706973537482013,-0.0012534876941656602,0.17657148674097828,-0.23294604311553463,0.018843959521925625,-0.23609156151529032,-0.018942979959929114,0.03728212033296779,0.11150996913708779,-0.009014561556934439,0.09979548115141336,,-0.28652535432196446,0.06123118495999852,-0.2457317101384898,-0.27468685943262217,-0.01678257610461,0.10690968318086962,-0.042160959110111654,0.018651933906171193,0.04261302905370702,-0.165727823354942,-0.11173577275272191,-0.16906305380881653,0.2429133293540073,0.2945076046770962,0.17539203301915166,0.24435514096531047,0.2384689774520283,0.17177501075806162,0.2565161463466548,0.25510672459825,0.22967698052443816,0.2776759810658116,0.21241781072289548,0.26082538624911505,-0.24262922398515618,-0.08375417019484815,-0.26246246246246246,-0.20251437878556522
#52,0.2266605588639487,0.34136879560608374,0.23277715311613617,0.22686831669882518,-0.0317318859691741,-0.0994331773992791,0.10122433681755716,0.18270797762323185,0.07357958883382612,0.28052906527482796,1.0,-0.03278687007500567,-0.039051069559544134,0.08602932670729281,-0.04416450348653739,0.13057001531577803,0.12666703683652836,0.028867233951979716,0.1321723881045915,0.045008953483529755,0.016284234928302724,0.2216017249915555,0.1975804772414942,0.08338538847013423,0.27441385915962185,0.23545255579153884,0.004021432834992157,0.03844769268498082,0.21669928788572856,0.0352457233813166,0.07510607680099206,0.16343508377406682,0.022510029289690307,0.07368786351837199,0.18760254861949777,0.0499696923425737,0.12848364543279797,0.1399848230356705,0.027294012039774752,0.11852931513948463,0.11524914745253728,0.14190461648088767,-0.11371201710184761,-0.15453573758658504,0.0017536797197814148,-0.03248055451445282,0.07830017999509525,0.09207420054877682,-0.05289449696229357,-0.0760102166881828,-0.18164512740783928,-0.0505388285049302,0.04831595848545001,0.20539985285747997,0.17856809043249722,0.18584331635179094,-0.018272509797933528,-0.14472207184071592,-0.05503407876289232,0.018678308508816983,-0.05985322764983782,-0.07131276114326962,-0.2787082922676143,0.12104091765108714,0.013183136911950472,0.15187745526728577,-0.1522652081974116,0.07608193709888625,0.13979279741991607,0.3676823202246931,0.08207406173507868,0.2395730090645345,0.010080188046289741,-0.030758801945242623,-0.11188893053299832,0.03490516710855694,-0.031168765067070153,0.03194519635197601,-0.019561163628960238,0.0417019484816095,-0.2578233086707663,-0.02573096979876641,,-0.29511931037354766,-0.112582999023677,-0.08214069231018384,-0.17976235094879162,-0.0223887986599851,0.026733667411633515,-0.2140238852103259,-0.11574933947815304,0.04728272185899304,-0.036260914227015925,-0.04052480832141849,-0.04027170467848434,0.14209386582267938,-0.004324972121582291,0.007787911177741687,0.10516525770763059,-0.06672959554315487,-0.16752869973208956,0.13591573083098507,-0.023818117038456023,-0.02901437647200359,0.15480642429794972,-0.04476741764877358,-0.029757492469356876,-0.01658592336558438,-0.031380687312890704,-0.04805683958226331,-0.004416126450024755
#53,-0.04462629038900225,-0.11362225091038651,-0.09820698973241346,-0.3228797364390585,0.3100450219094287,0.02686045058926415,-0.3180244959905977,0.032852112513129465,0.1456248235909253,-0.19381122262478195,-0.03278687007500567,1.0,0.1919668512888852,-0.02488004182919437,0.021873337127574416,-0.19094425704595197,-0.14194533516567415,-0.11286525354321965,-0.09127602178449636,-0.03522166234030641,-0.02360573208030835,-0.09985424561695748,0.033498984346441975,0.016107478819343227,-0.042520486588283196,-0.062004839970941666,-0.3153555712877747,-0.3126269566947533,-0.08035924985077528,0.19924994331773993,-0.08272509797933526,0.028132909488841694,-0.1472743930371049,-0.1511125917905579,0.17431113702300144,0.06611326272343221,0.16334578029493282,0.07089724547351665,-0.011445652123618226,0.05264370688099502,0.08565360429767209,0.0731575951914935,0.2548684277497837,0.10086758561334833,0.2678368661419509,0.15293521564708004,-0.28817075935720005,-0.19626128439687762,-0.21052624272963255,-0.10183465437702725,-0.07494505291115461,-0.010421669743703642,-0.2271524220676763,-0.18443158104175053,-0.11854643549558803,-0.028053322968577207,-0.09235275336970253,0.15293197666079023,0.07934405900507595,-0.0007431159973532855,-0.011123141631616209,-0.09149442200289658,0.2569284230301179,-0.05913787439211168,-0.36004849225188207,-0.29085680441612644,0.26100815761832713,-0.0031510709476811173,-0.08837111379484261,-0.1569932027559146,-0.21112452976859755,-0.22154388595066563,-0.03111323958781586,-0.03401398316652554,0.05656473114100233,-0.014859080960775876,-0.05153689899452611,-0.11659378947514541,0.2027392569765451,0.1482553431705974,0.2721188060171111,0.39194232753554786,,0.3449196500043958,0.2910543825798063,0.0905602058144431,0.02042134584507466,-0.056327359717190224,-0.09023306819916989,0.27303682727411543,0.2132127505008861,0.25030793505369775,0.2359138799816766,0.02627373135847712,0.11239236154490392,-0.0660595880934864,-0.13896130336808302,-0.04868936733343513,-0.14131558368846506,-0.009290338103897426,-0.055777657472572725,0.016056117751033005,-0.13766200715353258,0.08556244996922963,-0.07529625156743801,-0.18074885363020957,-0.10505513217377624,-0.0016028355011405858,-0.08132122877885589,0.03543821170939815,0.004008014177505703
#54,0.06903991819246057,0.11787874160755517,0.05425996103962206,0.0037447308633749314,0.09306949476441002,0.3681566003599902,0.21559849525951222,0.19740048214624487,0.2209650328294396,0.2344419920691107,-0.039051069559544134,0.1919668512888852,1.0,0.34222620154823546,-0.044294062938130735,-0.16714973833617902,0.019992874230162366,0.0816335595996613,-0.08436587589129962,-0.09565281768671599,-0.1987576174016852,-0.2191387072743005,0.05120328340667324,-0.020589773132146015,-0.13902284410758986,-0.0993244400024061,-0.06117519676841711,0.014994655672621775,-0.02267336674116335,0.10587228214346858,0.15025009601280787,0.11694313728212033,0.07849128018619544,0.04817020410240749,-0.028211107872124823,-0.1178407991967314,0.1239509154763392,-0.07423802847531662,0.0412054581546107,0.02908702230736129,-0.02131761962270437,-0.07242188259137412,0.23963686336567694,0.0646936613038308,0.20575475321238032,0.07791936774987622,0.10961655029451639,0.12104369392504986,-0.03462244987668717,-0.06802750362072396,-0.090283966555153,-0.03996400098095013,-0.08758959267433844,-0.07656871046701555,-0.1993919960021655,-0.24861996048436727,-0.11191854412193396,-0.00659457608610151,0.02820231633790956,0.03613181748774969,-0.05797924272500544,-0.04040774210265736,-0.01669604889943873,-0.2098252335540471,-0.0760250234826506,-0.2543497272310832,0.20269020946987049,0.10723959707010554,-0.14542169287932,-0.2228057024667194,-0.07254820305667763,-0.11908364450737333,-0.15248638468977452,-0.0056598971853209145,-0.06147549706871741,-0.0338895135505305,-0.08125552362840499,-0.07958883382612196,0.14837981278659246,0.13822975517890773,0.2029211029211029,0.20079077536704656,,0.20529944428249514,0.2734329090261294,-0.09059722280061264,0.0378901243308023,-0.06235094879162676,0.0331024398821009,0.20488994387299472,0.3324898087609952,0.06768787277261853,0.14681121799765867,-0.014268660031371895,-0.09575831609729915,-0.012765770392889036,0.0900808358435477,0.008208053970765836,0.04068536949892882,-0.033383306264662196,0.0024755109500872213,0.07200914319558388,0.07951294900447443,0.021983462661428765,-0.018680159358125458,0.10160052193950499,0.01743129878723099,-0.1357112119823984,0.002081280047381742,0.042501052670544194,0.060414497702633296
#58,0.13166247912010623,0.14194996228894535,0.06922592854796245,0.1594941628839934,-0.0037151172744393085,0.09473202015574897,0.2920686480008514,0.3871268803472193,0.4135111999518779,0.19996390843848472,0.08602932670729281,-0.02488004182919437,0.34222620154823546,1.0,-0.012242905463244446,-0.02235270709846981,0.20486680825663878,-0.03132701268294489,-0.05441820865549679,-0.02546583563532716,-0.1962196402874369,-0.24016805711720965,-0.0759620946061624,-0.11912852760310387,-0.04488355844288048,-0.23605870894006487,-0.08503079350536978,-0.08909294502514842,0.049565744480998715,-0.018577437221505018,0.018765298426315375,0.002912311386887658,0.14208738785009972,0.004622033435592757,0.050632759107335376,-0.21006908295043888,0.07280315754892026,-0.0650568904806193,0.061125223837088245,-0.008524549202515304,-0.06014242285428726,-0.20465581143547246,0.24877265555231656,-0.020991870144412516,0.32129772299263826,0.2743490794338252,0.11162981162981163,0.0786379599938922,0.061625415862704,-0.06867715172799918,-0.11695563051495254,-0.10940277719938737,-0.09895704641467354,-0.15578968799307782,-0.16497637853570057,-0.2750908072941971,-0.019017013932268168,-0.015580912191081682,0.09815933036272019,-0.015123289699560886,-0.041952275850580936,0.022858451672010994,0.07270922694651508,-0.26885760953557564,-0.04124154971612599,-0.03857864027355553,0.44065992032093726,0.018252613167867405,0.08590855878991473,0.05254376101833729,0.30475760814743863,0.1486620673061351,-0.09695535288755627,-0.2178699500733399,0.028416552145365703,-0.012977229926382469,0.012910136638950197,0.02584433431891059,0.13822373991865516,-0.08905500261432465,-0.0990750380580889,-0.031766126681380916,,-0.015632735971719023,0.09061480586904316,-0.15934331866535256,-0.018071692647963836,-0.04548277090649972,0.008960424214661502,0.08713520916910747,0.38353391912713947,0.0748312256786833,0.08127958466941518,-0.037301554250706796,-0.018504328673820198,0.06330644974712771,0.014244136278034582,0.08711808881300406,-0.002426463443412596,0.04074413396447295,-0.020552756145976486,0.006264199484538467,-0.16795300693605777,-0.05632319530624615,-0.03455581930158201,0.16211542821712313,0.09736346516007532,-0.02679243187717764,-0.15355525016541965,0.02317170791747063,0.08764373001661137
#101,-0.28875285146471585,-0.22131993318433996,-0.532372279829907,-0.0882184187268933,-0.23456831253441424,-0.34654886010818214,-0.06065649624971659,-0.0695225271496458,0.2432686924212348,-0.2382630704664603,-0.04416450348653739,0.021873337127574416,-0.044294062938130735,-0.012242905463244446,1.0,0.14760662048797643,-0.1977475163915842,-0.5928163911214759,0.5511463697904376,0.32104045493876004,0.5424779170541882,0.30578112781502614,-0.2786865447882397,-0.33515225549123856,0.20752971769920922,-0.2644127949212695,-0.3459570510417968,-0.3386702573143251,-0.000645483696331154,-0.10613510274527224,-0.42672487587741825,-0.3248346960211367,-0.4496161801246547,-0.37885080766436696,0.07773798451764553,-0.0006172582443768885,0.3151256032611965,0.27600651498956585,0.24908221009915926,0.12346691838217262,0.2909734079225605,0.1201270608050269,0.18221380085786865,0.35466205805188855,0.14700231818875886,0.2938996006792617,-0.17892252807507045,-0.11814387577099442,-0.2665445106123072,-0.11697275087105595,-0.10602127551280094,-0.20361887311039853,-0.2897148303927965,-0.10020405613625953,0.18370604811282779,0.25241882869001514,0.0970987937089632,0.22433681755715654,-0.25299768181124116,-0.14382302178912348,0.04858664519681469,-0.057902432478703664,0.08121758121758121,-0.03371784727716931,-0.36218622320317234,-0.12812504337928066,0.02489114692504523,0.00019619002669850127,0.5156651258346173,0.151023751023751,-0.07015829388710744,-0.25167710082964323,0.16639736809228334,-0.26321668355566663,0.3834029715385648,-0.2965847203135339,0.13961604131095656,-0.18714168714168714,0.17400991129804688,0.020953465021261632,-0.015966814271899017,-0.03374514730446934,,0.11211519686095957,-0.07868839563754818,-0.14914560168797458,-0.03330140618276212,0.15812036998477677,0.1685883109611923,-0.07684494972630566,0.061787365177195686,-0.28444453698690986,-0.12271038372733288,-0.12399764942137824,-0.16387558590948423,-0.4221199627979289,-0.4141645497577701,-0.42246098178301567,-0.359267433843705,-0.3869061665671835,-0.44518941129110623,-0.49497355599050513,-0.5400107349259892,-0.39901627359254477,-0.37923809788216567,-0.2530402513453361,-0.38940203685966396,-0.06420735064802861,-0.10240332782705663,0.020949763322644678,-0.03373681848258119
#102,-0.13876048621811335,0.18496647649190023,0.003903441191576785,0.04417190688377129,-0.10660984559289644,-0.11331732348681502,0.13542155406562187,-0.2842807368231097,-0.24382672348774043,0.1024750482377601,0.13057001531577803,-0.19094425704595197,-0.16714973833617902,-0.02235270709846981,0.14760662048797643,1.0,-0.03730201696303391,0.03675509099237913,-0.006467330196143755,0.40830707440876934,0.023944437503759537,0.4332717925938265,0.24664510427222291,0.40319734218039305,0.21104170426204324,0.2690778606032843,0.003855781821883517,0.10638496740191655,0.1698376342444139,-0.06020118731983139,0.038999708491233916,0.18246829263778416,-0.09437619437619438,0.09301258114817437,-0.031691629996714744,-0.20307935053697765,-0.04874489281268942,-0.051571602419060045,0.041086541086541084,0.17246213856383347,-0.042489947574693335,-0.1752018582527057,-0.10369105623342911,-0.06590735573786421,0.11432788720924314,-0.01008111347094398,0.010687266619470009,0.07426023866701832,-0.13039372191914564,0.0127333805299907,-0.21855152533118635,0.061794768574429594,-0.05042083686151483,0.3553922181040825,0.07042018906425686,0.2910243062785436,-0.19441413678701813,-0.1428235631625462,-0.1369026962247301,-0.12515026582823194,-0.07818774089960531,0.03200812522846421,-0.12486986215799775,0.22382552043568993,0.3066931338117779,0.3322006135565458,-0.2126028956537431,0.12699880157507276,0.05295279871551058,0.18172563935275798,0.17019207188698715,0.25644488864827847,-0.13918155443579172,-0.009006695447373413,-0.26864985170069916,-0.047062933503611466,-0.09997547624666268,0.07472757811740863,0.1754582008819297,0.11588630232698029,0.018543196509298206,-0.10602543992374501,,-0.11648875377688937,-0.1382001415899721,-0.15354507049422303,-0.0918317392893664,0.1745480457344864,-0.10927553130942962,-0.08169278677753254,-0.07382251280556365,-0.0848498729854662,-0.021985776223064357,-0.14282402587487333,-0.05681274494833817,0.09559451593349898,0.25791122401291894,-0.22183076759347944,-0.1320104387900998,-0.32281079230231774,-0.2374690561131239,-0.03604529028257842,0.0943234451709028,-0.2796971085106678,-0.28416367060434855,-0.21757982944423623,-0.11966619932721628,-0.05945714589782387,-0.01790419078554672,-0.09935636715297733,-0.0829148100334541
#201,0.3343406580694716,0.14290129883350222,0.5135921746091238,0.16447063396215938,-0.08336410370308675,0.0009050653118449728,0.05381066736998941,0.3476811171726426,0.04525372830457576,0.2882332255213611,0.12666703683652836,-0.14194533516567415,0.019992874230162366,0.20486680825663878,-0.1977475163915842,-0.03730201696303391,1.0,0.48160255787374434,-0.09929667726277895,-0.2971982768592938,-0.06151621575350389,-0.14608892405502574,0.12011919469546588,-0.15263213907281703,0.17607638455096083,-0.011927335656149216,0.38711299897740575,0.0900905528024172,0.19659489998473048,-0.19128573874336585,0.16671617688566842,0.033125112786129736,0.42004654886010817,-0.13427263935738512,-0.16622940351753912,-0.2710018184594456,-0.18777837930380303,-0.4124164225859141,0.028870935650596667,-0.23776056487920894,-0.06872064668674838,-0.11999194880550813,-0.23185404202353355,-0.31211982398423077,-0.017838948347422924,0.01379530532072905,0.18943026231161825,0.10467478264088434,0.14226969650698465,0.05913926252909304,0.21889346974092735,0.29609054354817066,0.5114544436578334,0.4156433783552428,0.2383065654252095,-0.07415844195505213,-0.03547754225720327,-0.34086767815581376,0.09927909419434844,0.1198920029428504,-0.13791881249508367,-0.009690121554528334,-0.3855254329830601,-0.04535783857817756,0.08702785990921584,0.029520121045544773,-0.08355983101745813,0.10216132927997335,0.04922796448220177,0.010529019003595274,0.4064483589907319,0.32352892183400656,0.04401504740487791,0.10754359906902279,-0.17292901530189667,0.18039996853556176,-0.18655172892461028,0.11229796823017162,-0.019840179162213062,-0.2036054544529121,-0.12122322630797207,-0.1514179819264565,,-0.2702425075306431,-0.2200997607777269,-0.114995581097276,-0.10958462314394518,-0.06326341750070563,-0.08513906818991565,-0.3050574457354118,-0.15850071951766867,-0.03468769231481096,-0.16978442232679522,-0.09889272940120397,-0.16778272879967795,0.5386947810676624,0.13828851964445185,0.5477010138027087,0.4403679488425251,0.35888986058477584,0.4028322621542961,0.3612931884118325,0.0950475899628442,0.46717750107580613,0.46131401046655285,0.5833303257032071,0.4506086980663252,-0.0727823354941999,-0.10147558961118283,-0.14563361512514056,-0.10354807812434931
