,#10,#11,#12,#13,#17,#18,#26,#49,#50,#51,#52,#53,#54,#58,#101,#102,#201,#202,#301,#302,#401,#402,#501,#502,#601,#602,#701,#702,#801,#802,#901,#902,#1001,#1002,#1101,#1102,#1201,#1202,#1301,#1302,#1401,#1402,#1501,#1502,#1601,#1602,#1701,#1702,#1801,#1802,#1901,#1902,#2001,#2002,#2101,#2102,#2201,#2202,#2301,#2302,#2401,#2402,#2501,#2502,#2601,#2602,#2701,#2702,#2801,#2802,#2901,#2902,#3001,#3002,#3101,#3102,#3201,#3202,#3301,#3302,#3401,#3402,#3455,#3501,#3502,#3601,#3602,#3701,#3702,#3801,#3802,#3901,#3902,#4001,#4002,#4101,#4102,#4201,#4202,#4301,#4302,#4401,#4402,#4501,#4502,#4601,#4602,#4701,#4702,#4801,#4802
#10,1.0,0.14449580551275468,0.33604436485792416,0.2637612959646858,0.3959313705076417,0.1042088313274754,0.053892567451889486,0.4387132895607472,0.20209053429392412,0.4036739358773257,0.30418245672482963,0.026603182535385926,0.2103286645659527,-0.04807488536302096,-0.24408908137721697,-0.14411962039080684,0.2794999930593151,0.37264629807002686,-0.23061351027452723,-0.0837116006607532,-0.07849868358342935,-0.06360489919811954,-0.1006172582443769,0.16036174849734172,-0.06144079364418348,0.04729984221509645,-0.05940162041856957,-0.21700976785722548,0.030357630357630356,-0.06025902636072127,0.3043388534913959,0.23823947213777721,0.28035277187819563,0.19028813096609706,0.06009337534761264,0.15905875058417432,0.2044896977100367,0.13912926794282726,0.07188976341518714,0.30070054646325833,-0.04422002896579168,0.06640153250322742,0.11838494889342346,0.198174137157188,0.09616550294516396,0.157818218835168,-0.07150247319738845,-0.1493061628654849,-0.09040704803416667,-0.15019595867053495,-0.03530032343591666,0.14494093477144324,-0.2785532836380294,0.1383477468223231,-0.2672589384453791,-0.01081682607106336,-0.048192877006436326,-0.23825289079526368,0.14191664700139275,0.08206850918715325,0.016309221393967156,0.029981445235682525,0.09135699644174221,0.15462689191502751,-0.030249355673084486,-0.0717264259637141,0.09085958069008916,-0.04808784130818029,0.05118384948893424,-0.18828088489105438,0.2573513420971048,0.14394193885719309,0.08096401486231995,0.36784334411453057,-0.017396595362697057,-0.04734611344780836,0.02983846712660272,-0.10583433973264482,0.08801852700157785,0.24392481850108969,-0.01768995497809057,-0.11901840206924953,-0.07199711267507877,0.08872416330043449,0.24826367199248556,0.10130114706385893,0.21987580801140122,0.059146203213999826,-0.01652947246167585,-0.13987701106345174,0.19700069869561396,-0.008207128546111596,0.1568789128111162,0.14137434815400918,0.04282495129952757,0.14639662775255996,0.40673338978423723,0.158012558012558,0.22099418370604812,-0.21900405798710884,0.08937010970909276,0.21635410448969772,0.2652142126718398,0.0034379525904949635,-0.07276752869973209,0.01509552695993374,0.11192872379313057,0.0026582823192992685,-0.14441529356783595,0.019210427685003955,-0.02779281592840915
#11,0.14449580551275468,1.0,0.4974342601461246,0.5325147952266597,-0.1842515859465012,0.2584266855453296,0.31624120268188066,0.26630251206522393,0.5727212574670202,0.32928321233405977,0.2797276475242577,0.12033713220153898,0.10498526261238125,0.07350000231356163,0.0425908188620053,0.06673237181711758,0.32281634485024313,0.3781673815572121,-0.3056224174868243,-0.31118005524785186,-0.457600744041422,-0.17851163952858867,-0.275552594196662,0.2874341213324264,-0.0700481683532531,0.2819218293794565,-0.3142075820041922,-0.3430623227233397,0.0017805170347543228,0.12051296288584425,0.046100491863203724,0.2320053489545015,0.1417065756048807,0.36924998958897265,-0.08585118246135195,-0.12856785907633364,0.02739349519010536,0.03819320090506531,0.37124104073256614,-0.03151672473706372,0.05956310702073414,0.1313709703540212,0.06654265976299875,0.12625105845444828,-0.45438813235423403,-0.16620349162722045,0.04469199553945317,-0.08050361609683644,-0.11771077703281094,-0.3693434574790507,-0.3797068254695373,-0.202521319470472,-0.11136236390473679,-0.0583392329155041,0.0791418537181249,-0.15054160477889292,0.11064469708537505,-0.02968808562028901,-0.10555995132266319,-0.2292517478958157,0.27101107270598795,0.17037900766714326,0.07504037165054114,0.05365427060342315,-0.09293068106627429,-0.42118944830809235,0.1940472059116127,0.19883072594937,-0.014628187509543441,-0.03706418282689469,0.22518404382811164,0.31646376731122494,0.17965453897657288,-0.23923476635341043,0.21745258355427846,-0.36142135972644446,0.2262829856050195,0.2215272283068893,-0.01892354604219011,0.16451366620858146,0.10692356455068319,0.19829675592387458,-0.03593979187199526,0.004125080396266837,-0.2791224198003859,0.3324995257198647,0.11437832285289913,0.05119634272176645,0.21234100047659368,0.2325726342675495,-0.03142695854560262,0.3706024977211418,-0.2991823873179805,0.22116492455475506,-0.14377073529615902,-0.0780831679136764,0.4035527052476205,0.4121161222856138,0.33875308282087946,0.24159506193404498,0.043256661900729694,0.1745165812962423,0.15639306486764115,0.37410476732510634,0.4429558988881023,0.2704262043245094,0.3287779304728457,0.2562288019915139,-0.1291138596223342,0.10094578399663146,-0.11068356492085306
#12,0.33604436485792416,0.4974342601461246,1.0,0.5992878857285637,0.21616485514790598,0.4748441816238426,0.36902048427472156,0.20846485931231695,0.09133062183909642,0.38470087961613386,0.28144754924415943,0.09813434389705576,0.04012409944613334,-0.05842807368231097,-0.13480383310891786,0.08213791603622111,0.419090122479953,0.7407853153615865,-0.07745064016250457,-0.10760513980852963,-0.2650883549188634,-0.11104771952229579,-0.15140132428268022,0.28727818727818727,0.060346478990546785,0.1569274976054637,-0.10191470360961886,-0.15096868825682386,-0.05480225988700565,0.06612251696997459,0.15648375648375648,0.3218316930181337,-0.04720637432501839,0.22928460047104116,0.11630366884604172,-0.0075903330140618275,-0.1747928205555324,-0.04253714423205949,0.15947148997996455,0.02136342814308916,0.14868011308689275,0.2621755808196486,-0.0896690218724117,0.04440418847198508,-0.3671881434593299,-0.09027286145930213,0.012745873762822916,0.04363793685827584,-0.012651480448090618,-0.14376703359754206,-0.14942785620751722,0.032667953006936055,0.038175155124307664,0.09929667726277895,0.0979219589389081,0.026256611002373715,0.06283309503648486,-0.08908600434024162,-0.16523318387725167,-0.2630177172550054,0.16777116099149997,0.2695863814507882,0.050711420202945626,0.14510334679826206,0.10628224526529612,-0.07014163624333115,0.05142816159765312,0.2682426648528343,0.0824497841446994,0.0016005219395049904,0.20865688492807136,0.2214656875673825,0.11875928316606282,-0.03432446313802246,0.09075824669045009,-0.12372002202510678,0.06075412855073872,0.19649449140974565,-0.018642679659628812,0.4300827792353216,0.06366782807460773,0.1624124895311336,0.06845366167400066,0.13244353752828328,0.010594261441719068,0.23706880995016588,0.0592327304191711,-0.014400995756927961,0.09645654899892188,0.1459954561649477,0.22747354442269696,0.28819389497355596,-0.10696428323546968,0.24416311534955604,-0.18450515230176248,0.16552885705428078,0.552022284225674,0.48913921625786033,0.46362942295145687,0.08291157104716426,0.163470712623255,0.4640713132238556,0.4471337284896607,0.41237894288741744,0.39939245871449264,0.3258170342916106,0.2361072937344124,0.1308022969039918,-0.042650971464530785,-0.08342286816863088,-0.3336091098802963
#13,0.2637612959646858,0.5325147952266597,0.5992878857285637,1.0,0.08831096119231713,0.447465030515878,0.38066371456201964,0.31834099122234716,0.28660864254084595,0.4684013751810362,0.35663460070239733,0.2949499576618221,0.30967485204773343,0.1429346141210548,0.024631565309531412,0.065354877219284,0.33496254343711973,0.43566910516063057,-0.24286566998431405,-0.20028179180721553,-0.24929459505730692,-0.11037262223702901,-0.14310072784649056,0.30421716014936356,0.09860307148442742,0.13993762637830434,-0.16560751814989103,-0.16095587112536264,-0.03395660683796277,0.21325069291170987,0.2774682232309351,0.4695220644373187,0.06827505471573268,0.290901687511857,-0.015641990218261403,0.12027188976341519,0.08316189841613571,0.1398571144333856,0.5147216553996214,-0.03988302632370429,0.04585710517913908,0.3173443088697326,0.03640019063747877,0.1864332745688678,-0.4982486338418542,-0.008556476353086522,-0.021276438225590767,0.012554310859395606,-0.18418541808372316,-0.35603307467714246,-0.2809561487527589,-0.19660091524498305,0.04437411217072234,-0.2382459501103569,0.20479416242128107,-0.16891359772715706,-0.06330968873341755,-0.14727115405081506,-0.16507077185043287,-0.37104994054146595,0.302933133441608,0.21965278066972982,0.1560238204306001,0.09038715140410056,0.12469727045998233,-0.31381705280010364,0.26839489720845655,0.2122512342851326,0.1520014621709537,-0.12846559965204032,0.33645710425371445,0.24093754771720874,0.23745239846934763,-0.2328405447049515,0.2564518293331853,-0.2676874100602914,0.1254306694984661,0.13932314440789018,0.04270834779309356,0.24744791015977458,-0.021474479101597745,0.274717398446212,0.013285859048570913,-0.05984767510191239,-0.12495268766455207,0.4275179648061004,0.11441580255139577,0.052956500414127534,0.277518196162264,0.16506521930250745,0.26998153777814793,0.4405201811981473,-0.20149965065219302,0.3588236927219978,-0.21850016426287613,0.0694933762730373,0.36610863560016105,0.40267447725074845,0.27821457821457823,0.18841275790428333,-0.0803888634397109,0.3682116631269174,0.3372191914564796,0.4481068125135922,0.5047210538735962,0.3937399649264056,0.33290069730747696,0.2973518973518974,-0.09687484094263756,0.007116052878764744,-0.24518987400343334
#17,0.3959313705076417,-0.1842515859465012,0.21616485514790598,0.08831096119231713,1.0,0.27981880185270014,0.06831253441422933,0.06763234729336425,-0.14157423987932463,0.19827500844449997,0.1544788239703494,0.3013825844334319,0.206918937427412,0.032746151390219184,-0.2641189725935489,-0.129983296084991,0.1051971848582018,0.12435069892697011,-0.12205657120911358,-0.024049935914342693,0.03192853870819973,0.015206115206115206,0.11877177639889504,0.1656241757936673,0.14908683722243044,-0.07989098497573074,-0.05924429822734908,-0.11131655538435199,0.21895917489137828,0.13486398571144334,0.4027540637710129,0.2857600281329095,0.20734093106974463,-0.010735388701490397,0.28767704530416394,0.225134996321437,0.0347274855749432,0.05061239976494214,-0.040963922319854525,0.2635479855818839,0.13313344160801788,0.10914550914550915,0.01031385777148489,0.03937496818852751,0.1538685064108793,0.3541452083824965,-0.116331894297996,-0.053861103013645384,-0.1657690047520556,-0.03148294673718403,0.029692250031233082,0.09071567715635512,-0.01547356293119005,0.02564721886755785,-0.034130586672959554,0.14691301470962487,-0.2963797387526201,-0.10085277881888051,0.07466233567928483,0.04156915004372631,-0.1472813337220117,-0.06497591582337345,-0.027420332505078266,-0.0032264930570015315,-0.0616740006570515,0.046584026245043195,-0.05514836870769074,-0.06955306616323566,-0.1640014436624606,-0.1972755498179227,-0.10949254339084848,-0.1062262570737147,-0.03936340038034953,0.3096193265684791,-0.15433075602567128,0.02848086915883526,-0.13446420226081243,-0.1539675268488828,0.015994114299199044,0.2788572856369467,-0.03969331426958546,0.19107890633314362,0.06917040306870816,0.3421179268636896,0.46134547490479694,-0.010653951331917433,0.0032699880157507277,0.04305260576447017,0.0948731474155203,0.12527427273189984,0.49307828629862527,0.024000888407668067,0.38385828046844994,0.08342240545630376,0.08800372020711003,-0.001993827417556231,0.21261909058519227,0.004730770832465748,0.09422766371918914,-0.16480147327604955,0.010128310128310128,0.3718351633605871,0.4297829416473484,-0.020311683023547432,-0.013866563019105393,-0.023313760601896195,0.09150089997547625,-0.15475182424334966,0.0011900961053503427,-0.04059421517048636,-0.1727318998505439
#18,0.1042088313274754,0.2584266855453296,0.4748441816238426,0.447465030515878,0.27981880185270014,1.0,0.3244881244881245,0.21720271889763415,0.03829268405539592,0.28391935849562966,0.17866664815817357,0.37132432895144757,0.21513948463101004,0.06871879583743991,-0.025014228404058914,0.017257781664561326,0.37838254278932243,0.33623962945996844,-0.09602854009633671,-0.2047853708870658,-0.20654506586709975,-0.16811958337382066,-0.05402767945140827,0.12600073108547685,0.04458464627956153,0.09668512888851871,-0.018833317138401886,-0.18673126130753248,0.23084255287645117,0.2585456026133992,0.34281245806669536,0.22989815701680108,0.10217659878676828,0.23106280394415987,0.12409481901007324,0.16965671372451033,0.061102088220732285,0.12430812939287515,0.20789202145134347,0.09116635896296914,0.16119277983684763,0.33076435449316804,0.12849012340537763,0.14798049204828867,-0.10791006723210113,0.12795430253057372,0.12473104845986202,-0.011882915272745782,-0.09112240129189282,-0.2202506049963677,-0.18796762864559474,-0.12472040607633827,-0.011790835519649078,-0.13995243317277214,0.12459825002197883,-0.014905352193487787,-0.12463295344651276,-0.13415973754956806,-0.11798100103184848,-0.3164531249277012,0.07398677568169093,0.11224105461393596,0.14992018212357194,0.10547666310378175,-0.006911534030178098,-0.15944187639102894,0.22003405562727596,0.3345965379863685,0.0561233035809307,-0.0567262177431669,0.14112772248365468,0.1345794176302651,0.10367301045267147,-0.010447581634022311,0.1124067056270446,-0.21291291291291292,0.04438938167751727,0.19666106784750853,0.06507956338464813,0.43550299143519483,0.09756289417306366,0.3471897166812421,-0.0006491853949481068,0.10526705441959679,-0.03211177278973889,0.19653844908082196,-0.0697649884090562,-0.039269007065617235,0.313239587815859,0.16538310267123826,0.36737554195181316,0.3668175108853075,0.046298995451537824,0.12994766723580284,-0.09014191387072742,0.05527885358393833,0.29390330237787865,0.3620904417514587,0.2054780512407631,-0.013111879213574129,0.07168709541590898,0.4461934970409547,0.41245575313371924,0.3268225081784404,0.3312696363543821,0.1639482317448419,0.19982694558965747,0.08371761592100575,0.01646330459889782,-0.035456720202482916,-0.2151380964940287
#26,0.053892567451889486,0.31624120268188066,0.36902048427472156,0.38066371456201964,0.06831253441422933,0.3244881244881245,1.0,0.22710198642402032,0.12487171300730623,0.32752305464169873,0.22541678812865254,0.28712086508696677,0.1798558188388697,0.3711526626780864,0.05175715006223481,-0.018108709634133364,0.3449131720318161,0.2368925165535335,-0.09224123969886681,-0.1930903168191304,-0.2624286844625828,-0.20725116487828352,0.05205698765020799,0.003446281412383107,0.09239162120518053,0.0819435768588311,-0.03655010943146536,-0.0783547800496953,0.08161320025726805,0.0734384615740548,0.18570033824271112,0.19143010498942703,0.044940472059116124,0.25140687683060564,0.06344433802060921,0.013149821624397895,0.14984059560330748,0.09917267035911104,0.28468884909562875,-0.057289801357597966,0.167779027101061,0.18482997635540008,0.1116483201228964,-0.0618627872865161,-0.18564018564018564,-0.041543700865734765,0.16819963260641227,0.03862306065695896,0.004179217738539773,-0.1864166169250915,-0.20842090164124064,-0.06683324310442955,0.0884507003151071,-0.014962265809723437,0.19077027721095519,-0.004875137078526909,0.0034782085629543255,0.024605190706885622,-0.09048339556814133,-0.18314662890934078,0.021495763868645226,0.1578186815474951,0.05000624661641611,0.02206721359263732,0.08082844015047405,-0.1010461925716163,0.22015759981861677,0.5364723737605094,0.01342698630834224,-0.046800575614134934,0.03493431798516544,0.04751268988557124,0.12085814628187509,-0.09950304696067408,0.1295673177029109,-0.09154994748215087,0.027172318697742427,0.10758709402777199,0.2255296899364696,0.2539610488763031,0.03921116802472735,0.20770462295886025,-0.021173716088970326,0.07178796670322093,-0.041857882535848635,0.13455026675365658,-0.13215850673477791,-0.034737665246139825,0.24380358787138448,0.15345530430276194,0.16362942295145685,0.32301022131530605,-0.15014043319128065,0.05832859053198036,-0.21708565267887303,0.045507294659837036,0.05424607966980848,0.37905116210200956,0.26928746928746927,0.14968836324768528,0.1022691412521921,0.2746081983370119,0.2991597144139517,0.35154615324106847,0.2647232748927664,0.18795513541276254,0.20112300281791806,0.05604232892368485,0.08153962899725611,-0.10190128495213241,-0.16423881508627272
#49,0.4387132895607472,0.26630251206522393,0.20846485931231695,0.31834099122234716,0.06763234729336425,0.21720271889763415,0.22710198642402032,1.0,0.3543099339709509,0.5264143959059213,0.3606551081127352,0.28607883692629454,0.27116052878764746,0.09257069087577562,0.01374764595103578,-0.10683194750991361,0.41566790210858007,0.16107710175506787,-0.21070531240022766,-0.13850460630121647,-0.22531452870435922,-0.19878260386734964,-0.13035763035763034,0.10862588320215438,-0.11820032667490295,0.07732478240952817,0.1518779179796129,-0.13570195773585605,-0.0074121887681209715,-0.05707047571454351,0.22542372881355932,0.27854680566544976,0.2296709652641856,0.2608540744133964,-0.05857012636673654,0.1778920677225762,0.2286562371308134,0.02954880920982616,0.16781928307352037,-0.05928316606282708,-0.06670275822818196,0.11607092454550082,0.2520431062803944,0.05211945381436907,-0.14944821554991047,-0.09188633934396646,0.2848901289579256,-0.11244094633925142,-0.053884238630001344,-0.25401518621857605,-0.10001064238352374,0.02177801838818788,-0.10301642166048945,-0.03764534950975629,-0.12283577876798216,-0.17392245866822137,-0.07719753651957041,-0.281096350587876,0.11208697140900531,-0.1846971779175169,0.10411027360179903,0.020543039187106985,0.2337659693591897,0.09866646307324274,0.14804804804804805,-0.1167677693101422,0.24438845625286304,0.05125695803661905,0.2085365797230204,-0.12249892419383945,0.26945358301290506,0.05299490553727842,0.23571583910566962,0.0628677984610188,0.1434065806947163,-0.11795323829222135,0.09466168788202686,-0.036462194089312734,0.16436097114063217,0.04594548323361883,-0.12582443768884446,-0.03892336095725926,-0.26458353576997645,0.009658194403957116,0.07412235039353683,0.23978076689941097,0.08051333305570593,-0.0999273541646423,0.1262131160436245,-0.010209284785555972,0.0851936682445157,0.0350398163957486,-0.14837703651262973,0.0439808066926711,-0.17172087341578868,0.07385120096984504,0.06120943748062392,0.3009758602978942,0.29721632264005143,-0.022128291619817043,0.026755414891008113,0.16941286432811856,0.018207267359809733,0.19301258114817438,0.16698362461074326,0.03631921598023293,0.2801371479337581,0.1557114896097947,-0.17556601285414844,-0.04857368925165535,-0.11351119995187792
#50,0.20209053429392412,0.5727212574670202,0.09133062183909642,0.28660864254084595,-0.14157423987932463,0.03829268405539592,0.12487171300730623,0.3543099339709509,1.0,0.3797396780447628,0.295870292480462,0.10761300591809067,0.22160218770388262,0.156365302128014,0.10552571061045637,0.006595038798428629,0.3037118782881495,0.0915337525507017,-0.3221912204963052,-0.32678086406899964,-0.365580218122591,-0.1989954515378244,-0.0474608661049339,0.14579047460403394,-0.004913079489350676,0.2600276701971617,-0.21461384342740275,-0.26592493880629475,0.10872629177713923,-0.020395896667083108,0.06027105688122637,0.08221241272088729,0.23156160783279428,0.19820097447216092,-0.2060689348824942,-0.07446845921422193,0.16833150561964122,0.040245330075838553,0.31008111347094397,-0.03530818954547768,-0.016946838980737285,0.01202265439553575,0.39049866507493625,0.10747650578159053,-0.1292887648819852,-0.057970451190790175,-0.09943965537185877,-0.20722710383727333,-0.20866058662668832,-0.36070461833173695,-0.16789701874447638,-0.18959128620145568,-0.0910978775385555,-0.06832965477033273,-0.02763318017555306,-0.14786805295279873,-0.03264666823988858,-0.10837231684689312,0.0920348700009717,-0.07642249337164592,0.14107404785370886,-0.023610359203579543,0.142321520287622,0.013001753679719782,-0.0929380844635082,-0.4819269192150548,0.267456516609059,-0.028374908035924986,0.15335813471406692,-0.017895399251331455,0.30750473123354477,0.22746845458709866,0.1793329539092251,-0.012481665024037905,0.08023709379641583,-0.32504708097928436,0.11267600420142793,-0.02293387378133141,0.1430461277918905,-0.06560289102661984,0.03251710878829523,-0.0012317402147910622,-0.15534224517275363,-0.1289782849104883,-0.10063669216211589,0.22089423784339038,0.1034680288917577,0.0700527954765243,0.10134926914587931,-0.012323417408163171,-0.10678706441418306,0.21147480300022672,-0.2046692300929589,0.13200719980380998,-0.07817802394073581,-0.005602983569085264,0.07163480892294452,0.2715478190054461,0.1811014404234743,0.20470115724353014,0.01975272653238755,0.033503148757386046,-0.0748603765552918,0.09238791950656357,0.15064664047714896,0.0918632037276105,0.21843260826311675,0.1941318822674755,-0.3018240119935035,0.14160153990662466,0.08608809117283693
#51,0.4036739358773257,0.32928321233405977,0.38470087961613386,0.4684013751810362,0.19827500844449997,0.28391935849562966,0.32752305464169873,0.5264143959059213,0.3797396780447628,1.0,0.6079711452592809,0.2911793149081285,0.3844672098909387,0.3506100862033065,-0.0789553806502959,-0.021559618169787662,0.5375060730992934,0.32720193228667804,-0.1878426963172726,-0.1715936275258309,-0.27304052897273234,-0.2650476362340769,-0.027753948092931142,0.36192293988904156,0.0652581703429161,0.08647075426736443,-0.0714020646224036,-0.17177130905944465,0.08056932124728734,0.16870491446762634,0.2890050296829958,0.13416112568654942,0.22020479647598293,0.15930537625452879,0.04807488536302096,0.22538763725204403,0.14202630982292,0.11063035300323436,0.358886621598486,0.12052453069402222,0.12035332713298814,0.14695280796975713,0.11855707787911178,0.04439678507475118,-0.07821504092690533,0.2323972662955714,0.049903524479795666,-0.14172739765960105,-0.03302053980020082,-0.2866775866775867,-0.11990449617568262,-0.06076754720822517,0.013420971048089692,-0.039216257860325655,-0.08204259729683458,-0.09697617494227664,-0.15989024463600734,-0.26189008731381613,0.18695521407385815,-0.10299698774275046,0.041281805688585346,0.047489091556888165,0.14413118819898482,0.17227751634531296,0.12967512967512967,-0.10444759088826885,0.22895052217086115,0.1272736526973815,0.13307652799178224,-0.13980343980343982,0.26427351851080666,0.05578644900678799,-0.020433376365579757,0.1008037313122059,-0.1138785935396105,-0.13959660739321755,-0.01589787013515827,0.03768051564661734,0.3676189286358778,0.17228630787952823,-0.15733098275471158,0.0005256412036073053,-0.2973394041190651,0.011409097849775816,0.023650152463711785,0.09051532271871254,0.037502834113003605,0.08505948166965116,0.15040417921773855,-0.0313006380802991,0.22719730516340686,0.08945848776357251,0.10209099700625124,0.02400042569534095,-0.11650124700972159,0.2494782918511732,0.1865595950341713,0.29362660040626143,0.30585469907503804,0.060238667018328036,0.06785259836107294,0.3114692504523013,0.186535071280834,0.27727342134121796,0.06646584951669697,0.11867136782391019,0.17326772072534785,0.03798035323459052,-0.13340690459334528,-0.088368800233207,-0.18445610479508784
#52,0.30418245672482963,0.2797276475242577,0.28144754924415943,0.35663460070239733,0.1544788239703494,0.17866664815817357,0.22541678812865254,0.3606551081127352,0.295870292480462,0.6079711452592809,1.0,0.2614236732880801,0.38426269104235206,0.4115465234109302,-0.055410726597167274,-0.01843677267406081,0.37388960609299593,0.3258827394420615,-0.30056774802537517,-0.22233419860538506,-0.19296677262778958,-0.20672922537329316,0.02407816136629696,0.10757598893192113,0.17949629136069814,-0.043268692421234795,-0.15767894242470515,-0.19956088600156396,0.10824229468297265,0.015339839068652628,0.2914148354826321,0.3272708764234188,0.26722793671946216,0.051029303571676454,-0.054602368161690194,0.2783904088988835,0.19710712253085133,0.14630408528713612,0.3209789141992532,0.12086462425445477,0.10092912635285517,0.18086684527362493,0.1379576803305617,-0.015114035453018504,-0.17916545204680798,0.28076134686304177,-0.07232378757802486,-0.09271274356020119,-0.05672529231851266,-0.22164614537495894,-0.1414113651401787,-0.08887176853278549,-0.13035763035763034,-0.1985933545255579,-0.08716574818269733,-0.18105054206749122,-0.07022862616082955,-0.15333453638538383,0.048780984374204715,-0.13026693874151501,0.08588172147494182,0.1352188860663437,0.039691463420276976,0.04419041537685606,0.0663187069966731,-0.0714770240193969,0.2805457229186043,0.13103133950591578,0.05770300346571533,-0.11282731113239587,0.19777111472026726,0.0924781484103518,0.23732006274379155,0.03518927247740807,0.12058236973491211,-0.08294673718402532,0.04892442519561164,0.038636479314445416,0.3044383366417265,0.07572888759329437,-0.18105794546472512,0.0787059787059787,-0.1757173197851164,0.04855009092297228,0.05726203861797082,0.05868349088688072,-0.0077541331778619915,0.12213060518145263,0.14252233743759168,-0.13043490331625926,0.20135944881707593,0.01794999930593151,0.04380266244673024,0.032730881883424254,-0.059976309128851504,0.237686993619197,0.07622584063262029,0.2978705978705979,0.2099242539920506,-0.07681394800038868,0.023459514984938715,0.24674227386091793,0.17109112193857956,0.23519343688835215,0.1397863194473364,0.133390246949569,0.21659286405049116,0.0837745295372414,-0.1283730571866165,-0.018357186153796324,-0.09768088581647903
#53,0.026603182535385926,0.12033713220153898,0.09813434389705576,0.2949499576618221,0.3013825844334319,0.37132432895144757,0.28712086508696677,0.28607883692629454,0.10761300591809067,0.2911793149081285,0.2614236732880801,1.0,0.48392352290657376,0.2928534081076454,0.24355094694077745,-0.03601290041968008,0.2719128990315431,0.03986960766621783,-0.2645613255782747,-0.3945802505124539,-0.33546828801066086,-0.2862444879394032,0.19554963283776844,0.16421058963431845,0.02381302720285771,0.1298620654552858,-0.22560788831975273,-0.2525224762512898,0.4117792677114711,0.36131169690491727,0.4372219677304423,0.4032019693036642,0.05449224262783585,0.2800413664820445,0.2335868996885946,0.3368388419235877,0.15688307722206027,0.03394133733116784,0.35556342166511656,0.00741311419277521,0.34929968489290525,0.3671714858155536,0.0730775459589019,-0.19497772040144923,-0.17395068412017564,0.06927451334230995,-0.039298620654552856,-0.19703031228454956,-0.27748950799798255,-0.423301267369064,-0.24596075274041376,-0.1252344794717676,-0.003910381876483572,-0.26823526145560045,0.14797355136338186,-0.03873318619081331,-0.2271547356293119,-0.2473271422423965,-0.08697973782719545,-0.3026656857165332,-0.004322195847619576,-0.05466575975050551,0.2412512666749955,0.1743199285572167,-0.12366773553214232,-0.25794639014978,0.22420170555763777,0.1184196523179574,-0.033513791140909785,-0.2405562727596626,0.023246667314463926,-0.022186593373034053,0.1879107150293591,-0.06648019359883767,0.13461782275341597,-0.3508928034351763,0.054928117639982045,-0.09336424251678489,0.21681959309077953,0.2976623773233943,0.05949138661003068,0.2797008102092848,-0.07874669739076519,0.3215901571833775,0.28817677461745256,0.23904736786092717,-0.028399431789262297,0.13066764761680016,0.3383259993429485,0.23833710443879935,0.30373779017846814,0.3610266661114119,0.0430655617096295,0.1649578700426158,-0.09666014242285428,-0.08767426903020123,0.055279779008592565,0.10566313617161074,0.13258697834969022,0.12668461990495888,-0.07017078711993967,0.392894589504759,0.19918238731798055,0.3061559247999926,0.3784755479670734,0.20394601072567176,0.298282874554061,0.09422118574660948,-0.20536977655621724,-0.08814947459015256,-0.16962895098488318
#54,0.2103286645659527,0.10498526261238125,0.04012409944613334,0.30967485204773343,0.206918937427412,0.21513948463101004,0.1798558188388697,0.27116052878764746,0.22160218770388262,0.3844672098909387,0.38426269104235206,0.48392352290657376,1.0,0.40946940777449253,-0.06566073006750973,-0.1757344401412198,0.08116436929996253,-0.05155263121364816,-0.19910974148262284,-0.23038261682329478,-0.244027077925383,-0.222800149918794,-0.042154481137531986,0.10332875248129486,-0.024711614542123016,0.23587501214619858,-0.08342518173026647,-0.03451602604144977,0.4423104151917711,0.20774534164364672,0.5447465955940533,0.38310405937524583,0.26237686068194543,-0.010557244455549541,0.06734777921218599,0.2995113757825622,0.32307268747946716,-0.004358287409134866,0.24204019119273357,-0.010601202126625856,0.18566702295515855,0.22946228200465488,0.32602895653743114,0.16151066320557847,-0.010340232374130679,0.09699977327095971,-0.01426588375740918,-0.009339385610572052,-0.1595284035962002,-0.29478338122405917,-0.17039427717393818,-0.0584771211889856,0.041112452976859754,-0.17962261182600164,0.09194371567252924,0.07977947130489503,-0.34355557406404863,-0.21460458918086037,-3.470342453393301e-05,-0.27219469083875864,-0.1959123993022298,-0.2794652896347812,0.12547277632023396,0.023981917202256186,-0.014320021099682117,-0.2038724394656598,0.17964621015468474,0.12348126246431332,0.0774996876691792,0.0015121438850252409,0.1284748538985827,0.12211487296233059,0.142173915055271,0.08883382612196171,-0.03031876252215235,-0.20725347843991912,-0.03194288279034042,-0.1800598749751292,0.4045790011891707,0.21354127625314065,0.17315944604080197,0.2831998408269595,0.04407566271973052,0.09677628321696119,0.17234322149576387,0.16095818468699824,-0.18269733523970813,0.11411920394971242,0.30323852357750664,0.18718795837439905,0.21406460389511237,0.30467293179157584,0.0724334503995521,-0.04044522180115401,-0.3025976670044467,-0.10132150640625216,0.06926340824645909,-0.010040394786157498,0.2299323977290079,0.08438438438438438,0.03242364089821717,0.12775950064085656,0.12246283263232416,-0.007720355177982296,0.10069591933998713,0.008419513504259266,0.22058375787189347,-0.16225794361387583,-0.25587991689686607,-0.1802509751662294,-0.31540369336979507
#58,-0.04807488536302096,0.07350000231356163,-0.05842807368231097,0.1429346141210548,0.032746151390219184,0.06871879583743991,0.3711526626780864,0.09257069087577562,0.156365302128014,0.3506100862033065,0.4115465234109302,0.2928534081076454,0.40946940777449253,1.0,0.07563403156623495,-0.09727925151653966,0.11268340759866184,-0.09338922898244932,-0.2680853426616138,-0.28336271556610537,-0.251909382417857,-0.35664801935988377,0.18260294192497584,0.01148544538375047,0.07684032260303447,0.02293294835667717,-0.1802680955223328,-0.13962251928353622,0.32413137328391567,0.06598138971020327,0.17147378503310706,-0.0042453856013178045,0.01325624545963529,0.08897356524475168,0.06402596741579793,0.21255801255801257,0.36262441177695415,0.08769185209863176,0.3339311576599712,0.005452602062771554,0.17984286289371035,0.15193760786981125,0.29814359814359814,-0.024909655418129995,-0.0355363067227474,0.20786888583498753,-0.05880101981796897,-0.10944488402115521,0.11460967901645867,-0.22867011850062696,-0.09033902932208017,-0.10628363340227746,0.09962983013830472,-0.10028132909488842,0.1923647838902076,-0.054363608600896736,0.02186963542895746,-0.02965199405877372,0.07776158284632861,-0.14425797137661545,-0.07000837509312086,-0.11048043420924777,0.12776875488739894,-0.005818607513522768,-0.008893793639556351,-0.11456063150978406,0.39121494375731664,0.20762457372626864,-0.06850872444092783,-0.11350425926697114,-0.0400866197476367,-0.10323435916656255,0.11845713201645405,-0.06365626026642976,0.0960988723700588,-0.06104332375518816,0.13293262445804818,-0.060103555018809256,0.43395105429003733,-0.0016833474460593106,-0.016273129832451865,0.19452379960854538,-0.2904653497873837,0.08004645631764276,0.05779276965717644,0.11484427416630806,-0.09292790479231157,0.07293040343887802,0.23023639972792515,0.16252677947593203,0.21989246565517753,0.319902182614047,0.06958036619053568,-0.01799673325097054,-0.07106058292498971,-0.013688881485491656,-0.24314838721618381,0.08423677915203338,0.06341241087003799,0.16877015690575012,-0.008855851228732585,0.026689709740557198,0.04625272421882591,0.04911321182507623,-0.023318850437494505,-0.03897842372418644,0.07648495953580699,0.019001744425473237,-0.15197647570528927,-0.08294766260867956,-0.08092375888986059
#101,-0.24408908137721697,0.0425908188620053,-0.13480383310891786,0.024631565309531412,-0.2641189725935489,-0.025014228404058914,0.05175715006223481,0.01374764595103578,0.10552571061045637,-0.0789553806502959,-0.055410726597167274,0.24355094694077745,-0.06566073006750973,0.07563403156623495,1.0,0.3887699718208193,0.058420207572749946,-0.04651415668364821,0.09529606648250716,-0.19533909872892924,-0.028156507817524767,-0.11804207905902821,0.2525372830457576,-0.01829148100334541,0.09684152565508498,0.09498142210006617,-0.2595890189110528,-0.22702841516400837,0.12729586288908323,0.012500636229449788,-0.19460662511509969,-0.08045040417921774,-0.1899184238167289,0.1014408861866489,-0.24521763674306046,0.018290092866364054,0.2717861158539125,-0.12471531624073998,0.3560798086221815,-0.11347279482872703,0.11155947935608952,0.012638524502931283,0.06291777139234767,-0.23463586853417362,-0.13700403022436922,-0.15978428351309706,-0.071341449307551,-0.2523304506355354,0.03018503865961493,-0.22090071581597007,-0.10314320483812009,-0.14457122762207508,0.11730359018494611,0.021309290800816224,0.36293674259775954,0.16578427425885053,0.19127509635984213,0.015513818903649413,-0.05373987238394018,-0.08409241290597223,-0.033172772155823003,0.10048723608045641,0.40734139378207174,0.22248643096100723,-0.10722062586469366,-0.1257864952780207,0.37944030316911675,0.1606352114826691,0.303515688261451,-0.054123923615449036,-0.017422507253015727,-0.1740825571334046,-0.0271353017115729,-0.2526797984425103,0.15952238833594765,-0.2216692809913149,0.0016236575558609457,-0.038311192548480685,0.31459163323570105,0.07986183409912223,-0.08348996145606315,-0.23625027184349218,-0.3397816923240652,-0.20606800945783996,0.03945085301017504,0.01822855212685721,-0.02716584072516276,0.007820763752967143,-0.012927256995053605,-0.0757247231823503,-0.10949763322644679,0.05515484668027041,-0.4221791899758001,0.03971274818732446,-0.11301794861116896,0.03271561237662932,-0.09025342754156314,-0.08963570658485913,-0.0030141080988538614,0.20993026925230315,-0.16113308994664927,-0.1993174993174993,-0.19672260858701537,0.010251391607323811,0.18118380321770153,0.18344831734662242,0.0852783446003785,0.07003243613413104,-0.01065117505795472,-0.11343115071928632,0.05354877219283999
#102,-0.14411962039080684,0.06673237181711758,0.08213791603622111,0.065354877219284,-0.129983296084991,0.017257781664561326,-0.018108709634133364,-0.10683194750991361,0.006595038798428629,-0.021559618169787662,-0.01843677267406081,-0.03601290041968008,-0.1757344401412198,-0.09727925151653966,0.3887699718208193,1.0,0.0006010633129277197,0.14860422826524522,0.05348676874100603,0.2323440543779527,0.1168260710633592,0.3225803615634124,0.2247185552270298,0.2815567493533595,0.1406002304307389,0.14833446697853478,-0.23739317129147638,-0.06317689029553436,-0.24711753355821153,0.09389312270668203,-0.23669355025287228,-0.1032232540707117,-0.26489632930310897,-0.04934225442700019,-0.2591499049126168,0.0796332542095254,-0.0699588648741191,0.03520222842256741,0.2531105836190582,0.1645293984277035,0.008017879204319883,-0.05163684485718384,-0.07616707616707617,-0.06413054040172685,-0.020308906749584715,0.14634850567053956,-0.10808080808080808,-0.1471989709277845,0.07707306690357538,0.1264981468371299,0.05710379100209609,-0.09577589916572968,0.08681316138943257,0.04996367708232115,0.21270099066709236,0.253164258249004,0.17535223975901942,0.40856017805170347,0.015887227751634533,0.19132969641444217,-0.10643956745651661,0.0934174544344036,-0.040069499391533286,0.13373496763327272,0.013995197046044504,-0.032810931116015865,0.15318369216674302,0.15509052966680084,-0.02252807507044795,0.20951197730858748,-0.2571491368101538,-0.21421961252469726,-0.23010961655029452,-0.32663279612432156,-0.05462365292873767,-0.12680446239768273,-0.09464688108755906,0.0690140063021419,0.07495800885631394,0.022200474742847625,-0.15077527450408806,-0.21999009795619964,-0.15075075075075076,-0.26084019304358286,-0.056492085305644625,-0.20086851103800257,-0.15162157535038892,0.06072867937274717,-0.0491682745920034,-0.08009180212570043,-0.042737498669702056,-0.09442663001985035,-0.3163966740237927,-0.00808080808080808,-0.06417773705909299,0.10219695812916152,0.0074293091242243784,-0.08441677424728272,0.08401560265967045,0.08789914722118113,-0.14584091024768991,-0.11902164105553936,-0.06766381173160835,-0.014591633235701033,-0.05582392870528464,0.04399653891179315,-0.21302442658374862,-0.05039446225886904,-0.015437934082001878,-0.10535774603571214,0.0834353614014631
#201,0.2794999930593151,0.32281634485024313,0.419090122479953,0.33496254343711973,0.1051971848582018,0.37838254278932243,0.3449131720318161,0.41566790210858007,0.3037118782881495,0.5375060730992934,0.37388960609299593,0.2719128990315431,0.08116436929996253,0.11268340759866184,0.058420207572749946,0.0006010633129277197,1.0,0.3164457215304673,-0.14076356788221195,-0.347096248791164,-0.1873947907846213,-0.31457497559192477,0.05058186075135228,0.15674750251021438,0.11839651670160145,-0.0367930334032029,-0.08557031607879066,-0.38460093375347615,0.1628511408172425,-0.07638501367314926,0.09069115340301781,0.13712387271709306,0.13789243789243788,0.25800099020438005,-0.028380460583850416,-0.0996973861380641,-0.021018707459385427,-0.015627646136120714,0.3026568941823179,-0.03186514711938441,0.16899688594603848,0.053536741672334895,0.09772391806290111,-0.12884132206166105,-0.1051967221458747,0.025522286539235692,0.09880666490835982,-0.3390131271487204,0.012630658393370258,-0.27800173054410343,-0.202121073307514,-0.16902048427472155,0.005162481433667874,-0.10969474867779952,0.06408982171694036,-0.22351087605324893,0.12912912912912913,-0.20400246162958027,0.23104475816340223,-0.07639843233063572,0.2632088174461056,0.37922329108769787,0.09413928566470939,-0.012853223022714548,-0.12037044748909155,-0.1917586307416816,0.16326110393907003,0.19019512578834613,0.26084250660521846,-0.08660864254084594,0.29063655334841776,0.2081104216697437,0.03373496763327272,0.07432964551608619,0.03977151265286859,-0.047800034240712205,0.11251451759926336,0.2892470282300791,0.22768315310688192,0.07947963371692185,-0.03750468496231208,-0.006170731594460408,-0.12097243622667352,0.10706284096114604,-0.010184761032218659,0.17673806317874113,0.19675175946362386,-0.07642341879630016,0.21149701319192846,-0.11651188939324532,0.13005038937242328,0.08101352508132169,-0.08193062091367176,0.2049232591605473,-0.040118546898207916,0.42149113674537403,0.10343610174118649,0.4322630797207068,0.17016569728434136,0.06526140932920593,-0.13292244478685156,0.27966888305871357,0.19391348204907527,0.3378082242489022,0.17713275679377374,0.09621362502718435,0.12735740362859008,0.25805790382061566,0.11055816988020378,0.10542669017245289,-0.015225549123854208
