,#10,#11,#12,#13,#17,#18,#26,#49,#50,#51,#52,#53,#54,#58,#101,#102,#201,#202,#301,#302,#401,#402,#501,#502,#601,#602,#701,#702,#801,#802,#901,#902,#1001,#1002,#1101,#1102,#1201,#1202,#1301,#1302,#1401,#1402,#1501,#1502,#1601,#1602,#1701,#1702,#1801,#1802,#1901,#1902,#2001,#2002,#2101,#2102,#2201,#2202,#2301,#2302,#2401,#2402,#2501,#2502,#2601,#2602,#2701,#2702,#2801,#2802,#2901,#2902,#3001,#3002,#3101,#3102,#3201,#3202,#3301,#3302,#3401,#3402,#3455,#3501,#3502,#3601,#3602,#3701,#3702,#3801,#3802,#3901,#3902,#4001,#4002,#4101,#4102,#4201,#4202,#4301,#4302,#4401,#4402,#4501,#4502,#4601,#4602,#4701,#4702,#4801,#4802
#10,1.0,0.43999870440548405,0.44924739839994077,0.32802694836593144,-0.03160417736688923,0.07322422576659865,0.05904718277599633,0.5266443639324995,0.18325953071715784,0.28958018110560485,0.24991509228797365,0.2778203473118727,-0.025617605278622228,0.02984448238685527,-0.09961409791918266,-0.06262857618789822,0.36779013219691187,0.32927997334777,-0.015942753230888822,-0.20136962848827256,-0.17308356121915444,-0.14192312497397244,0.039452241147156404,-0.04990861431539398,0.05013719420499081,0.1219746711272135,-0.06727467066450117,-0.0015662812272981765,0.15959642230828672,0.04037442681510478,0.2001189170680696,0.27351943623130065,0.4582161514364904,0.23369887607175743,0.05529551122771462,0.06961692046437809,-0.035822262940907006,-0.049495874919603736,0.03679025712924018,0.10221176492362934,0.08649111360975768,-0.13749450529111545,-0.1245515160769398,-0.26724042995229436,-0.1740052841747757,-0.18204213458450746,0.0367518520060893,0.00319641675573879,-0.0800742190572699,-0.1848785611497476,0.03379650837277956,0.1234155573138624,0.11290273324171629,0.20866706459926798,0.026733667411633515,0.20830985068273203,-0.07074732667953007,-0.09800108274684546,0.06528269409625342,0.024956389363169025,0.10038682750547158,0.24954723598791395,-0.033685920126598094,-0.23545533206550157,-0.015672529231851265,0.05028988927294012,0.009036771748636156,-0.012495546393851479,0.1600582092107516,0.005872282143468584,0.18537829046303622,0.2900738951586409,-0.05962649860954946,0.193139364325805,-0.015450427314834094,0.0335165674148725,-0.05738095568604043,-0.053798636849484306,-0.1573416251382353,0.04681815868256546,-0.182735740362859,0.06657458691356996,,-0.07094768111717265,-0.17191474988085156,0.1134987067190457,0.10639005723751487,0.09455063692351828,-0.06590643031320997,-0.07465400685739669,-0.09488934234696947,0.0610757136180865,-0.10473077083246575,-0.061110417042620435,-0.11284211792686369,0.21189448308092376,0.29593275864462304,0.4393046359148054,0.2032764659883304,0.4043606009707705,0.12437337183099895,0.2518714400070332,0.21028887130582047,0.39401065163777027,0.2513143343651818,0.3596760088285512,0.29248971621852976,0.08422336049454693,0.23904459158696448,0.019740696011882452,0.031186810847827796
#11,0.43999870440548405,1.0,0.39769384176163836,0.23449474127440229,-0.008078494519172485,0.18700935141613106,0.394040727939033,0.4886242174377768,0.46018591781303647,0.2732649444513851,0.34009541128185194,0.3562588782927766,0.1560432543483391,0.10203778508863255,-0.12417162925637502,0.11233498521634115,0.28556013640759403,0.3610757136180865,-0.05070540494269308,-0.20512037461190002,-0.015725741149469962,0.032084935474765985,-0.000311868108478278,0.050800723682079614,0.04274767834089868,0.11758121758121758,0.051679877103605915,0.048458011169875574,0.078015611913917,-0.04485209400463638,0.13827139928834845,0.25202783677359947,0.15814628187509544,0.10590328386938556,-0.14338946033861288,-0.12309443495884174,-0.15653789382602942,-0.18046104656274148,-0.0607754133177862,-0.1439521185283897,-0.026040061633281972,-0.14937603242687988,-0.2471526996950726,-0.2585886348598213,-0.14430239176001888,-0.3283277113785588,0.06671432603635993,0.01820773007213685,0.028355011405858863,-0.006819916989408515,0.049936839767348244,0.13647006019887375,0.09839762721118653,0.13567789669484584,0.019978067435694555,0.08175571565402073,-0.05152394304936678,-0.24607226641124946,-0.0344901141511311,-0.08738461111342467,0.020350088146698316,0.11138642494574698,-0.3049426930782863,-0.19494764410018647,0.051257883461273294,0.09100949948407576,-0.1761388507151219,0.11563921394429869,-0.03988395174835853,-0.02278256685036346,0.05138698020053952,0.12118713474645679,-0.01077009212602433,0.17838994618655635,-0.22676605727453186,-0.12631815174188055,-0.1237593525729119,-0.09471073538870149,-0.15781312899956967,-0.04079965944372724,-0.007541285507387203,0.16435032875710842,,0.12163365214212672,-0.0925147026841942,0.08365191077055484,-0.015686410601664837,-0.1844232522198624,-0.12221111712637137,0.082844477759732,-0.07954163716875581,-0.040791330621839095,-0.16045938079836386,-0.09722187518797688,-0.03362946922268956,0.3206688969400834,0.26554782825969264,0.20518330348838823,0.21939875160214142,0.14728781169459135,0.12347524720406076,0.17061406552931976,-0.011797313492228746,0.14798558188388697,-0.0003636918891156179,0.08551988043513467,0.1254477898545695,-0.04268336132742912,-0.02407260881837153,-0.09918099918099918,-0.03846296219177575
#12,0.44924739839994077,0.39769384176163836,1.0,0.5094050907610229,0.19615717412327582,0.26064909285248267,0.22889453397927975,0.10780318068453662,0.045241235071743546,0.21858021349546775,0.20940138906240602,0.12477176714464851,0.06484681908410722,0.06974740534062568,-0.03368406927728962,0.14713557933896917,0.4521199165266962,0.6050120999273542,-0.12541771355330678,-0.24884946579861833,-0.196996996996997,-0.04462767852598361,0.11811379946973168,0.022676143015126066,0.065580218122591,0.19401203977475165,0.1461361207123919,0.2867881749237681,0.06376546037562987,-0.005844982116168557,0.03982102287187033,0.19658657116284234,0.3917267035911104,0.31868247291976104,-0.23670743162268587,-0.07573212657958421,0.013084116473946982,0.11433205162018721,0.15732959461773022,0.12751426310748346,-0.15761231184959998,0.006907369619234026,-0.25366398756229264,-0.20965356728068593,-0.06669257855698534,-0.1048797642017981,0.04938065955015108,0.17192122785343125,0.12200937455174743,0.18066417727434678,0.28399385518029585,0.277328021395818,0.33948509372238184,0.23307513985480088,0.027267637437128962,0.10433653992976027,-0.11512282698723376,-0.15271959170264254,0.04050120999273542,-0.05400130484876248,0.006638996469504944,0.13520315384722165,-0.08881531762887696,0.001442737035957375,0.15382454873980297,-0.022685397261668447,-0.03012905046803352,0.06289972561159002,-0.14209571667198787,-0.15070956935363716,0.031572250216318015,0.09764757052892646,-0.3150201048506133,0.06382792653979094,-0.27177639889504296,-0.175521592470745,-0.1577455729998103,-0.03089021224614445,-0.11565725972505633,0.09218201252099557,-0.16079160824923536,0.061667522684471836,,-0.16793588657995437,-0.08914291795647727,-0.026604107960040164,-0.0022510954714344547,-0.21624999421609592,-0.2875849655510673,-0.046610863560016105,-0.0801130868927479,-0.1404040404040404,-0.1587320756812282,-0.08355150219556999,-0.14765520528232393,0.48164050028456806,0.4477755104873749,0.39533030719471396,0.4711577525136847,0.1656963589166979,0.4108630973037753,0.17495847156864106,-0.05219117422507253,0.24526020627715542,0.16726032658236048,0.20149224725495912,0.28313691195047125,-0.035428957462855765,0.04332190433885349,-0.07394837055854005,-0.004427694258202733
#13,0.32802694836593144,0.23449474127440229,0.5094050907610229,1.0,0.11747618188296155,0.22624041607092454,0.16879560608374167,0.09465150821083025,0.09182341046747826,0.18603580467987246,0.27583207244224195,0.16464924092042735,0.1168649388988372,0.25615985785477313,-0.08871213277992938,0.06607763387424405,0.1869640056080734,0.16425917442866594,0.08992906620025264,-0.0704572060504264,-0.1326494445138513,-0.002386207470953234,0.00019526460204426305,-0.06062595723612673,0.11365278992397636,0.16778920677225762,0.010884382070822748,0.29263917230018927,0.2030756488383607,0.15222125052633528,0.020017860695826797,0.14361387581726565,0.25596227969109325,0.08029863453592267,-0.03806595501510756,0.03678192830735204,0.04424871713007306,0.18263301822623856,0.17047293826954843,0.07239689612570968,-0.05760444574003896,0.15279501381196298,-0.1708551386517488,-0.04648269224540411,0.06267716098224572,-0.014071081867692037,0.010262959415501788,0.16417172179884043,-0.12917540036184105,0.006018961951165341,0.1342073969192613,0.1607416353179065,0.0932120101611627,0.044293137513476494,-0.030164216604894573,0.004127856670229552,-0.17611201340014898,-0.010274064511352647,0.019639824724570487,0.02127458737628229,-0.01634022311988414,0.027370359573749406,0.04791710045947334,0.09647829647829648,0.12436781928307351,-0.06819546819546819,0.0627299101875373,0.18662206119833238,0.04618563093139364,0.09646395239615578,-0.030542715288478,0.15244520329266092,-0.23756483756483757,-0.07744832660086898,-0.21209067310762225,-0.20870500701009176,-0.09871689871689872,-0.05383426569867248,-0.0363474414321872,0.09211769550752602,0.011523387794574236,0.1795707880453643,,-0.16749492173220987,-0.13488341962918235,-0.17351804809431928,-0.06147503435639029,0.03276512259563107,-0.09373024796753611,0.07478079003502733,0.04027448095244705,0.06555615708158082,-0.0269270811643693,0.00585886348598213,-0.008225174326869242,0.03285859048570913,0.17423201321506407,0.21280556365302128,0.2913176658939371,0.1366167400065705,0.4423363270820898,0.14697964528473004,-0.06549600447905532,0.16837500057839042,0.14011715876122655,0.16789979501843907,0.11099126861838726,-0.05639815470323945,0.007937367259401158,0.003164026892840452,0.16121313917924088
#17,-0.03160417736688923,-0.008078494519172485,0.19615717412327582,0.11747618188296155,1.0,0.3507391829425728,0.17781248120231172,-0.16935271172559307,-0.13180083010591484,-0.09321756270908814,-0.07715496698547546,0.40345461023427126,0.2536908248772656,0.2912774099214777,-0.26333837689769896,-0.162107099395235,-0.041805596042884176,-0.11841872689330317,-0.09528172240036646,-0.03363594719526923,-0.13056585090483397,-0.17838208007699533,0.03139364325805004,0.010689117468778486,-0.03721225077157281,0.02496934530832836,0.09010397145990366,0.1786166752268447,0.17030080928386013,0.28521865471018015,-0.09341606629742223,0.09718393277715312,0.05455933591526812,-0.016757126926618453,0.12695900831494053,0.2066912829624694,0.2892914486134825,0.3267262640143996,0.3272264560400154,0.13999639084384846,-0.002997913167404693,0.1409125612515443,0.11579561071086494,0.14169870949531965,0.27208410259257715,0.3556055284868844,0.1041773668892313,0.2623995335859743,0.0012326656394453005,0.10872027651688669,0.0841571926317689,0.03577275272190526,-0.0395804124617684,-0.22534830670423892,-0.04255981713608832,-0.3360587089400649,-0.2827454573217285,-0.09582124497378734,0.03065098997302387,0.22391667476413238,-0.14169223152274,-0.1984841544163578,0.27886237547254494,0.314673070605274,0.14572847115219997,-0.138071507563033,0.2592216253233202,0.34404049658286945,-0.24839276873175178,-0.10735434972723108,-0.41210686803907143,-0.25423821356024745,-0.3527353239217646,-0.27297713738391705,-0.2600397007176668,-0.28497619345076974,-0.2871814804018194,-0.14857554010096383,0.2336669489211862,0.0840405891253349,0.22264884298782603,0.3653474738220501,,0.11660998440659458,0.3350018739849248,0.010492927442079985,0.007011479892835825,-0.0423025490822101,0.05683264157840429,0.3892141756548536,0.4587552112975842,0.12532794736184566,0.3860482979127047,-0.09030386318521912,0.04935567308448664,-0.04052388289676425,-0.03237505610386966,-0.10411767699903293,0.04683574175099599,-0.10375259697293596,0.14471050403253793,-0.15197369943132655,-0.015098765946223574,-0.12804175516039923,-0.21381288838915957,-0.1961206198494334,-0.10907147517317009,-0.21524590846624744,-0.13534104212070314,-0.09124131835996242,-0.061323264713095224
#18,0.07322422576659865,0.18700935141613106,0.26064909285248267,0.22624041607092454,0.3507391829425728,1.0,0.3810621098756692,0.077328021395818,-0.16378072988242479,-0.06050935372969271,0.17512504800640394,0.29197749367240894,0.43972431599550243,0.014076634415617467,-0.22839341652900974,0.05037641647811139,-0.02906527482798669,0.12027466603737791,0.14737202533812704,-0.05952655274689173,-0.28126940499821856,-0.038565684328396195,-0.21770059736161432,-0.06271464068074238,-0.02070036137832748,-0.010765927715080257,0.24665574665574666,0.19214777180878875,0.39073326022478566,0.3516386957064923,0.142566295108668,0.12176922685397262,0.02089238699408191,-0.0596760088285512,0.12678040135667254,0.004769175955616633,0.14406918474715086,0.16226766057274533,0.11429272107238209,-0.0574795134117168,0.08187555814674459,0.11361993734875091,0.1374593391542544,0.12338964542354373,0.3452134723321164,0.021179731349222873,0.11043740196282568,0.17022816344850245,0.009384268706302604,0.22384078994248485,0.0995955894260979,0.2024875414705923,-0.045887644192728935,0.0354007320109015,-0.09058658041708889,-0.21774224147105503,-0.2471920302428777,-0.22236334948199354,-0.07422969965342846,0.12578834612732917,-0.2481507701846685,-0.19501658823692722,0.06305982407677323,-0.003193640481776075,0.24816233799284645,-0.033207475580356936,0.01986100121693342,0.17441571000893036,-0.1196717518751417,-0.052892646112985095,-0.04100047659369693,0.004864494695003169,-0.18335947657981555,-0.11279769754346025,-0.23458635831517188,-0.17626794745438812,-0.2504388826422725,-0.11400676485422248,-0.08488365098534591,0.19634873702670314,0.17039844158488227,0.4081030182725098,,0.10563074630871241,0.023340135204541985,-0.15401564893090317,-0.21830721322246746,0.028645132034962544,0.07626146948180847,0.32209914074320856,0.28912949929899084,0.05362558243914176,0.06877154504273149,-0.12342619969738614,-0.0766038766038766,-0.06113031367268655,0.01820911820911821,-0.01629348917484511,0.12936279885432428,-0.12709967286238472,0.20008884076680686,0.16373908577298407,-0.01751967684171074,0.02796864661271441,-0.13277761582846329,-0.1740177774076079,-0.07321450880772915,-0.24644521254690746,-0.056404169963492,-0.07386739590129421,-0.07528977359485835
#26,0.05904718277599633,0.394040727939033,0.22889453397927975,0.16879560608374167,0.17781248120231172,0.3810621098756692,1.0,0.1956356973306126,0.2661701763396679,0.2211246685822957,0.3197573536556587,0.16374741459487221,0.3541299388757016,0.358952789461264,-0.06794467811416964,0.1632236242405734,-0.06699843140521107,-0.028680760884150714,0.021085338034490576,-0.06484404281014451,-0.00015269506794930523,-0.014838721618382636,-0.1340861662895561,0.01929649217784811,-0.048125321006676935,-0.14226229310975075,0.01159372006829634,-0.11769226853972617,-0.04798928358250392,-0.11727490202066473,-0.01524590846624745,0.03800765326189055,0.010778420947912473,-0.10924961941911095,-0.0058139803902515766,-0.1145518399755688,-0.05862565184599083,-0.01763905662210747,0.12386022386022386,-0.12833742833742834,0.013187764035221662,-0.1652702008634212,-0.03621510570663113,-0.009877057334684454,0.22665130461740632,0.022317078249281638,0.07184117862083964,-0.004435097655436639,-0.007804106109190855,-0.045241235071743546,-0.11512282698723376,-0.0032894219334897302,-0.025919293715903884,0.07846768185751236,-0.05552964366523688,-0.17253987423478948,-0.15467686484635637,-0.15192048751370785,-0.024554755063229638,0.07365917535409061,-0.11240346664075478,-0.07329918516359195,-0.1255084051694221,-0.04174775700199429,0.0022645141289209087,-0.0747271154050815,0.11940152787610414,0.22740691384759182,-0.04868936733343513,0.10739923282296164,0.01388831049847999,-0.056312552922722414,0.030451560960035536,0.06598231513485751,-0.058846828338353765,-0.018035138374121424,-0.02231060027670197,0.07225808242757395,-0.13393717292022378,-0.1493306866188222,0.06535533993161112,0.19408052119916527,,0.11682514563870496,0.03320978914199253,-0.013114655487536844,-0.06358916697899748,-0.08335808844283421,-0.10472799455850303,0.0927784487106521,0.09926567553686198,-0.0052938917345697,-0.10596297375958393,-0.11964583998482303,-0.07287996779522203,0.015579524054100326,-0.07422784880411999,-0.10154453374792358,-0.06041125871634346,-0.010431849414900262,0.060817520139554035,0.01777925845722456,-0.11421220912746337,0.016020488901844834,-0.10162782196680502,-0.10462018258628428,0.06112707468639672,-0.08180013603742417,-0.017957865415492533,-0.10357260187768662,-0.10508844746132882
#49,0.5266443639324995,0.4886242174377768,0.10780318068453662,0.09465150821083025,-0.16935271172559307,0.077328021395818,0.1956356973306126,1.0,0.46568988094411823,0.3132247810213912,0.3174729428966717,0.2111809806725061,0.06046863504490623,-0.0724117029201775,-0.045870061124298415,-0.1154166493149544,0.32291490257591954,0.20692032556439335,0.1688275332343129,-0.25279501381196295,0.08318734759412726,-0.1071077240568766,0.10638034027864536,0.0017583068430526059,0.07820347311872736,0.05451630366884604,0.04497008564805175,-1.850849308476427e-06,0.24185140456326898,0.11021437462115428,0.33022899633069125,0.30765973986312967,0.12935447003243614,0.1380548499192567,0.16844718370142098,-0.024697270459982323,-0.11140215716486902,-0.1476857442959138,0.010369845963066303,-0.07216276368818741,0.21915999204134798,-0.04653451602604145,0.04057570667740159,-0.3021816886223666,-0.15207086902002157,-0.29794231828130135,0.13065052726069676,0.008203426847494644,-0.052122230088331785,-0.19643248795791168,-0.1261525007287719,-0.04580065427523055,0.080233854810126,0.1881166220149271,0.1412947616337447,0.11087050070100918,-0.07256948782372512,-0.22908794773201552,-0.11938301938301939,-0.12505587251349964,-0.08568645687289755,0.028783020308444037,-0.3130114706385893,-0.4345238921510108,0.06865447882397036,0.00964616388345202,-0.2322380932550424,-0.02780345831193289,0.19934572476945359,-0.024789812925406145,0.17169866322408694,0.07474192219954932,0.10026282060180365,0.2244103888171685,-0.07560349255264509,-0.03832414849364002,-0.21695840678891526,-0.16487689538536995,-0.10756997367166858,0.015902034546102343,0.11424043457941763,0.16563620631417242,,0.19057084819796685,-0.0048954964209201495,0.06518922620617536,-0.09695165118893932,0.0023172633342124866,0.1262293109750737,0.08094134195829111,-0.21162981162981162,-0.01932656847911085,-0.01799118070304511,-0.24304797864119898,-0.1576271186440678,0.17791242706496943,0.14212949467186756,0.2588135130508012,0.17215165859233655,0.19818801852700157,-0.03867164545130647,0.3471087420239963,0.29221116339760406,0.35620751722446636,0.1704331450094162,0.16857026518043466,0.08008023431752245,-0.1550114058588635,-0.06724413165091131,-0.19701458006542752,-0.21911279538398182
#50,0.18325953071715784,0.46018591781303647,0.045241235071743546,0.09182341046747826,-0.13180083010591484,-0.16378072988242479,0.2661701763396679,0.46568988094411823,1.0,0.33097905301295133,0.39366176654312246,0.14024810634980125,0.07307662053424765,0.309420822980145,0.255215461995123,0.036978581046377655,0.05311104633138532,-0.03809649402869742,-0.0025153042102194646,-0.1983365491840068,0.13594950883086476,-0.15044350976554366,0.016622014927099672,-0.03975855670770925,-0.034093106974462904,-0.18856082584896144,-0.19819495921190836,-0.22881263389737966,0.018377082783862443,-0.19230046687673807,-0.09703910381876484,-0.033150099251794164,0.05008444499969924,-0.07302387132895607,-0.029463670141636242,-0.10237510237510238,-0.1386188962460149,-0.17498299532197836,-0.13132840081992625,-0.1839781229611738,0.02578140544242239,0.0754295127176483,-0.09055928038978886,-0.0661030830522356,-0.177976744078439,-0.2197587417926401,0.03704937603242688,-0.08510575290236307,-0.16148104961664284,-0.3173975207873513,-0.22481063498012652,-0.16445212546907462,-0.06862347709805337,-0.09832775764979154,-0.020133076065279455,-0.011845898286576253,-0.010185223744545778,-0.20720304279626314,-0.18066371456201966,-0.24178986382376214,0.08170065288709356,0.11648366394129106,-0.12041116617387804,-0.04246218483506619,-0.26709745184321454,-0.11373746627983916,0.18650962210284244,-0.0439590592132965,0.21985220968271815,0.020154823544654053,0.2687669179194603,0.02073182581657158,0.3376740376740377,0.2298430942498739,0.1538421318082335,0.07585243178463517,0.13945825640740894,0.045558193015820134,0.014041930991083534,-0.16939759482132363,0.14149742963302286,0.042392315273671204,,0.1025500076347534,0.057248157248157246,0.1511343392699325,-0.043862815049255724,-0.21058870889379364,-0.21177973042379822,-0.058296663381409146,-0.11099867201562116,-0.1495583410837648,-0.18235909252858407,-0.121444402800335,-0.14869954700463175,0.11571139706732927,-0.1674134843626369,-0.019792057080192674,-0.050871981380455955,0.10181151876067131,-0.04268660031371896,0.023314223314223313,-0.11370368827995947,0.14886936242868445,0.14882031492200984,0.09055372784186344,0.16460482053702394,0.033020077087873696,-0.012325268257471647,-0.11355608304760847,-0.14624624624624624
#51,0.28958018110560485,0.2732649444513851,0.21858021349546775,0.18603580467987246,-0.09321756270908814,-0.06050935372969271,0.2211246685822957,0.3132247810213912,0.33097905301295133,1.0,0.33350083519575047,0.0505291115460607,0.19757029757029757,0.13726870167548133,0.14025227076074534,0.06257906596889648,0.44249272384865607,0.13606055978937334,0.10822563703919637,0.0020248291434732113,-0.026858137027628553,0.003528181494283189,0.06368494843071114,-0.032660549609702154,0.14885964546981495,-0.07630172545426783,0.05952562732223749,-0.04753304922796448,0.06652970381783942,-0.09607342319206726,0.017875039908938215,0.019117422507253016,0.2610183372895237,-0.06067084033185728,-0.1334244876617758,-0.27582281819569954,0.00841257281935248,-0.17813961881758492,-0.02206304918169325,-0.13772447331769366,-0.11562163087586816,-0.12080817335054624,-0.18845671557535965,-0.019976216586386077,-0.13061582383616283,-0.052245311567345465,0.11698524410388818,-0.015461532410684953,0.028203704474890914,-0.09635799127324551,-0.04267271894390538,-0.00401495486241249,0.08235724167927558,0.20078799909308384,-0.0016060744874304197,0.06310794615879362,-0.0026194144838212635,-0.16342906851381428,-0.08636433043212705,-0.20092172295562127,0.07016107016107016,0.10538088165206809,-0.19198026994637163,-0.10358787138448156,0.04245616957481364,0.1710730761578219,-0.05472868862699371,0.03838615194547398,0.07465308143274245,-0.11812212829161982,0.1178916975527145,0.04014260793921811,0.010558169880203779,0.1469449418601961,-0.01845296760550998,0.02954186852491937,0.0546509529560377,0.051796017897712814,0.22718481193057463,0.10089534835297548,-0.0380331024398821,0.08577761120134002,,-0.08784917428985226,-0.09775075537787402,0.07575109778499609,0.017346159719041077,-0.17703604991740585,-0.16039876548351126,-0.11421359726444472,-0.11763628034814476,-0.08247477061036383,-0.20709384268706302,-0.05700754683805531,-0.17135718152667306,0.2618530703276466,0.056743338099270305,0.16593419305283713,0.08681501223874105,0.19886820564786667,0.05862657727064507,0.13277206328053787,0.021505943539841844,0.18413683328937566,0.1396387142149854,0.27900951799256885,0.14827801607462623,0.037506073099293435,0.016236112846282336,-0.05741010656264894,-0.06768972362192702
#52,0.24991509228797365,0.34009541128185194,0.20940138906240602,0.27583207244224195,-0.07715496698547546,0.17512504800640394,0.3197573536556587,0.3174729428966717,0.39366176654312246,0.33350083519575047,1.0,-0.022261552770027348,0.10027485112230874,0.18786629464595567,0.05663969053799562,0.17242928598860802,0.06020118731983139,0.17331075297176993,0.16885760953557563,-0.021845574387947268,0.016243516243516245,0.18874498535515485,0.09633207938292684,0.04094217484047993,0.07910159774566554,0.08199308707783284,-0.11426819731904478,-0.07870320243201599,0.09104374019628257,-0.07960317790826266,-0.030878181725639352,-0.034048686591059474,0.04902066935965241,-0.0195093398483229,-0.1092533211177279,-0.14877265555231656,-0.16650147836588514,-0.08582156887241633,-0.0993702485227909,-0.03904968142256278,-0.0845444828495676,0.06491206152223102,-0.1911436860589403,-0.12085907170652933,-0.04793699708953946,0.007305302220556458,-0.03055891021992717,-0.11275281444772971,-0.09540526659170727,-0.07338015982083779,-0.08973565244751686,0.014725357098238454,-0.06789100348422382,0.1642022608124303,0.049334851029766286,0.07545912630658394,-0.04471883285442607,0.045821013617623786,-0.22661660119287239,-0.1171286849252951,0.016392509612848594,-0.002049352896810524,-0.19176973583753246,-0.014963191234377674,-0.06881689085078915,-0.00041829194371567255,-0.10701610701610702,0.13469555842437198,0.17278788804212533,-0.037409366222925546,0.06419532012752352,0.022759431234007504,0.04302206675088031,0.18870796836898532,-0.009384268706302604,-0.003059916619238653,-0.0036591290828578964,0.06029465520990945,-0.004146827875641435,0.09706594113373775,-0.06126866465849517,0.05187282814401459,,-0.023812564490530593,-0.06758885233461505,-0.052620108552311945,-0.1138642494574698,0.042800427546190255,-0.059792149622658095,-0.04497517548365006,-0.013941985128425807,-0.0010961655029451639,0.008753129092112143,-0.07093102347339636,-0.06033491118236881,0.17398908924332654,0.11289995696775358,0.02271501085060407,0.025002197883553817,-0.02564166631963242,0.0783159122142173,0.056825700893497505,-0.12871500159635754,0.11527182035656612,0.1318267419962335,0.06811773252451218,0.1291504138961766,-0.012440946339251423,-0.0033777999879694796,-0.03701189633393023,-0.03382334568775247
#53,0.2778203473118727,0.3562588782927766,0.12477176714464851,0.16464924092042735,0.40345461023427126,0.29197749367240894,0.16374741459487221,0.2111809806725061,0.14024810634980125,0.0505291115460607,-0.022261552770027348,1.0,0.2645247713044323,0.1254278932245034,-0.2250109894177691,-0.25989718532091416,0.2256578612510816,-0.09022011225401055,-0.1982999949101644,-0.27394096716130617,-0.04179217738539773,-0.25628756645705797,-0.06421151505897268,0.01657065385878945,-0.004461472258082428,-0.14252141201293744,0.035159658888472445,0.02555375097747979,0.2534210635905551,0.14162837722159757,0.27993818163309686,0.21011489147082368,0.09485047451149146,-0.15860945691454165,0.21609498558651102,0.19637279806771332,0.09555194639940402,-0.05381066736998941,0.1665509885848869,-0.1951734477158206,0.047795869829768134,-0.033502223332731805,2.8225451954265515e-05,-0.1515105243918803,0.22117880592456865,0.0061022501700467805,0.10091200599675176,0.15887366565332667,-0.014934965782423409,0.02891165433538315,0.05040510464239278,0.13292290749917868,-0.016757126926618453,-0.12570366977146638,0.03324958240212478,-0.24393823715857615,-0.09370757506350727,-0.26050287575711306,-0.02300559419203487,-0.04312432617517363,-0.006033306033306034,0.0004576224915207966,0.19724269724269725,0.053951794629760734,0.06390751306005543,-0.05295141057852922,0.19801265055502343,0.09071151274541105,-0.20474326406529797,-0.03131960928571098,-0.26985105290190037,-0.15327947361845667,-0.14188471985082154,-0.03997788235076371,-0.23268553607536657,-0.20542113762452746,-0.20950781289764342,-0.1276489123946751,0.04115918692189879,-0.08153870357260187,0.19151015422201864,0.20144690144690144,,0.38542271084643964,0.14941860196097484,0.33191419462605903,0.15554583859668605,0.05909437943336249,-0.01111157382343823,0.4284628233780776,0.2655196028077384,0.2688779688779689,0.17683985989070736,-0.06485098349505129,-0.13071576969882054,0.012150362997820624,-0.10122711309151987,0.1018550137194205,0.1230231772604654,0.05342198901520935,0.04769962566572736,0.2741260520921538,0.14014538421318082,0.008786907091991838,-0.20185084930847644,-0.08288565915684559,-0.07361336683370581,-0.15144898365237347,-0.07852043106280394,-0.07809427300952725,-0.13081987997242234
#54,-0.025617605278622228,0.1560432543483391,0.06484681908410722,0.1168649388988372,0.2536908248772656,0.43972431599550243,0.3541299388757016,0.06046863504490623,0.07307662053424765,0.19757029757029757,0.10027485112230874,0.2645247713044323,1.0,0.221083024472855,-0.296841525655085,0.02868723885673038,-0.09178361720734603,-0.09086281967637899,0.013091057158853768,0.12262570737147008,-0.08296385754012872,0.05711119439932999,-0.2107302988658921,0.16855916008458383,-0.13041361854921177,-0.17227659092065872,0.3137333018688951,0.0831276577039289,0.22653377568631805,0.22078642587117164,-0.012586238009966824,-0.00026050704016805713,0.01670576585830823,-0.3476279052550239,-0.0037382528907952636,-0.1678803611007001,0.09779101135033338,-0.06598601683347446,-0.015067764220306593,-0.287751079276503,-0.008239518409009935,-0.0819000819000819,-0.007616707616707617,0.4310364293415141,0.4225507479744768,0.06588005571056418,0.3180254214152519,0.13926345451769181,0.11737531059564958,0.10654321501779129,-0.045832581425801766,-0.038441677424728274,-0.15444735953210528,-0.08828181031570861,-0.15498641939319904,-0.3264125450566129,-0.09685864601118839,-0.13311308226562463,-0.14235437286284744,-0.04191942327535548,-0.09362382413229871,-0.06268410166715252,-0.07714478731427885,0.057996363081108844,0.15848545001087375,0.1582448396007718,0.07277169311067616,0.3228903788225822,-0.288314200178607,-0.11059333601706484,-0.14449858178671737,-0.2063349944705877,-0.060866104933901544,-0.04614398682195292,-0.17309836801362224,-0.05187190271936035,-0.05629358171731053,0.020437078064196708,0.16478250207063766,0.14565304904287954,0.3882193441515475,0.5147656130706978,,0.2024334041283194,-5.7839040889888345e-05,0.06805619178500534,-0.018796300152232357,-0.006929579810935743,0.0869371682931005,0.3279686466127144,0.4038335716301818,0.06885807224790276,-0.11954358056052972,-0.07500242923971738,-0.17505934285595304,-0.17005233276419718,-0.1424862458760764,-0.026582360480665566,0.00028317994419689335,0.0066959100857405945,0.07207669919534326,0.03705492858035231,-0.18045318045318046,0.07941901840206925,-0.1615356496712429,-0.02004238444916411,-0.1444897902525021,-0.1263385110842738,-0.06153426153426154,-0.07231869774242655,-0.1334439215795148
#58,0.02984448238685527,0.10203778508863255,0.06974740534062568,0.25615985785477313,0.2912774099214777,0.014076634415617467,0.358952789461264,-0.0724117029201775,0.309420822980145,0.13726870167548133,0.18786629464595567,0.1254278932245034,0.221083024472855,1.0,0.0011193011193011194,0.03240096799418833,-0.2532762346321668,-0.23147739418925858,-0.051857095924892536,0.024700972158599278,-0.11570306824544113,-0.05302914624948523,-0.09459135560830476,0.08245996381589601,0.0014543048441353526,-0.038270473863694206,-0.06676476168001591,-0.05675953303071947,-0.05315361586548027,-0.05815599883396493,-0.23060471874031196,-0.06642975795518169,0.15284776301725456,-0.1776227691481929,-0.03214231180332875,0.05594701018429832,0.07107955413040158,0.1903566123905107,0.12731252053285952,0.07607869811259642,-0.16648482072210885,0.06159857854773109,-0.06514804480906176,0.13318619081330946,0.029903246852399396,0.1463156530953141,0.19575785338497204,0.05159566346007024,-0.12999856559178594,-0.1669197703096008,-0.09124363192159803,-0.06170731594460408,-0.050431016532711447,-0.09556860404318031,-0.0978275656241758,-0.1638311655260808,-0.2820282532146939,-0.06200160098465183,-0.08290740663622019,0.05756095078128976,-0.05463614616156989,-0.032844246403568436,0.24952733935784782,0.3609211677008287,-0.08960933198221334,-0.06876321622084335,0.5699949564356344,0.242535293382751,0.023056029835690852,0.11923772771230398,0.017242974870093516,0.026990472753184617,-0.007311317480809007,0.05022696039645192,0.0705881536390011,0.03125297871060583,0.04463600734787176,-0.01684134057015413,0.18505485454637996,-0.042471901793935694,0.1418500164262876,0.1997283878639811,,-0.010082501607925337,0.17920061818366903,0.00802435717689955,-0.08384624994794486,0.03228205092611872,-0.16509483289144306,0.048981801524174404,0.23197157095462181,-0.06579028951910308,-0.03094157331445467,-0.17688335484945655,-0.18458520153435407,-0.1098659522388336,-0.07662469865859696,-0.05766783732885428,0.010649324208646243,0.0513184987761259,0.0984476001425154,-0.21956671617688567,-0.32436458029678367,0.031826279283906404,-0.08325397816923241,0.032388012049029,0.1036036036036036,0.022090811921320397,0.1765460375629867,-0.11966943831350611,-0.11628932476390104
#101,-0.09961409791918266,-0.12417162925637502,-0.03368406927728962,-0.08871213277992938,-0.26333837689769896,-0.22839341652900974,-0.06794467811416964,-0.045870061124298415,0.255215461995123,0.14025227076074534,0.05663969053799562,-0.2250109894177691,-0.296841525655085,0.0011193011193011194,1.0,0.3591332472688405,0.14005608073404682,0.04061781349916943,0.16356186695169747,0.14486319910048723,0.3531795277557989,0.11106021275512801,0.2849877612589477,-0.2328895922116261,0.35257661359356274,-0.09538213097535131,-0.23412272056339853,-0.3001832340815392,0.002274693800117529,-0.2927900165188301,-0.19588371113794842,-0.19682209173734597,-0.07704854315023807,0.008753129092112143,-0.10507965592711356,-0.14549618956398616,0.032218196624976284,-0.011351721521213047,-0.010212986484172924,0.03900711188846782,-0.028235168913135014,0.11423303118218373,-0.03209835413225244,-0.004102407492238001,-0.2786277803226956,-0.09888625142862431,-0.146649268683167,-0.2275373987238394,-0.1119560238204306,-0.216634970872259,-0.24489188726476863,-0.25336276183733814,0.20926164993961605,0.24327655853079583,0.33012905046803354,0.44560168797456934,-0.01529264241128648,-0.011458145356450442,-0.23130110079262622,-0.4014570811180981,-0.13961974300957353,-0.14784861903505972,0.07187727018235493,0.14386327776158284,-0.2924489975337433,0.0011711248999384592,0.21612506188777375,-0.3022964412794921,0.5639820097447216,0.2991777601947094,0.4047011572435301,0.3683643581948667,0.20943146536366875,0.06295108667990024,0.18548054988732954,0.06259341005103718,0.042811532642041114,-0.13853098090386226,0.12795661609220932,-0.0578112781502612,-0.23547939310651175,-0.3944955741565911,,-0.20593983814322797,-0.028503542062864096,-0.2897870135158271,-0.33165785199683506,-0.13096424621848352,-0.27345511921783106,-0.29878121573036825,-0.2809686419855911,-0.4423048626438457,-0.2789377975818654,-0.15902265902265902,-0.26626456965440015,0.3290944257045952,-0.10975952840359621,-0.10948328914430609,-0.19666153055983565,-0.06602118297033552,-0.13684670803314872,-0.12557179675823743,-0.06498470735758871,-0.05769976447942549,0.15561617087040816,0.004900123544191341,0.033981130591300084,-0.06305889865211899,0.12900882392407817,-0.18403503657740947,-0.19766700444666546
#102,-0.06262857618789822,0.11233498521634115,0.14713557933896917,0.06607763387424405,-0.162107099395235,0.05037641647811139,0.1632236242405734,-0.1154166493149544,0.036978581046377655,0.06257906596889648,0.17242928598860802,-0.25989718532091416,0.02868723885673038,0.03240096799418833,0.3591332472688405,1.0,0.14416357806188315,0.39573425505628895,-0.17151635456720202,0.2823503009943688,-0.0030742607013793453,0.4298481840854722,0.0070309138105748275,0.19075223143019754,0.04346441973560618,0.1383694943016977,-0.26183965167016016,-0.27393819088734345,-0.21588954131327012,-0.15533484177551973,-0.11387119014237658,-0.08786536922130142,-0.07119291865054576,-0.1434116705303146,-0.27915758593724693,-0.2187537306181374,-0.48270103693832506,-0.2671987858428536,-0.3093912093912094,-0.1161380178329331,-0.22965939745600764,-0.033132516183363644,-0.2551742805980094,-0.12536820333430504,-0.20442029086096883,-0.16392185714219612,-0.18147577469611367,-0.3677716237038271,-0.17855420906268363,-0.06334346673329724,-0.1692536912875896,-0.09257901969766376,-0.04317291096952114,0.2726726726726727,-0.1457215304672932,0.31230583433973264,0.0739108908600434,0.3161315398603534,-0.1878889675499845,-0.11022409158002379,-0.030171620002128478,-0.09872198855249703,-0.350767408394527,0.08393046359148054,-0.25669845500353977,0.014651785838226516,-0.17264537264537264,-0.05907078110467941,0.20231171078628707,0.25671233637335333,0.4416149585641111,0.27437452861181677,0.3197948333541554,0.2985850257036698,0.12275156512444647,0.2849128018619544,0.2734500293822328,0.19788447924041144,0.011512745411050495,0.29751199581708054,-0.25063969979224215,-0.018583452481757568,,-0.09022381395262752,0.04783982750084445,-0.1942822637737892,0.010405474812254473,-0.3403536047603844,-0.23071067986322225,-0.14084315440247644,-0.3063197249637928,-0.23627063118588543,-0.32241933767357495,0.010682176783871698,0.005011637215027046,0.242496425547273,0.22808895181776537,-0.03644507373320933,-0.01967869256004849,0.022691875234248114,-0.06400283179944197,0.06172582443768884,-0.05832535154569053,0.08696030390945646,0.23768514276988853,0.029466909127926075,0.06248050824322011,-0.004260655108112735,0.24407334915809492,-0.15588408130781012,-0.012960572282606182
#201,0.36779013219691187,0.28556013640759403,0.4521199165266962,0.1869640056080734,-0.041805596042884176,-0.02906527482798669,-0.06699843140521107,0.32291490257591954,0.05311104633138532,0.44249272384865607,0.06020118731983139,0.2256578612510816,-0.09178361720734603,-0.2532762346321668,0.14005608073404682,0.14416357806188315,1.0,0.6023117107862871,-0.09409023815803477,-0.18788526585136756,0.0731987765886071,0.06868316698825173,0.322504939454092,0.1053859714876664,0.20179115941827805,0.06333976503468029,0.1260335836607023,0.11694915254237288,0.19302368624402522,-0.03586853417361892,0.22589985979816488,0.179025712924018,0.2891308874359722,0.085307495476987,-0.20950457391135358,-0.1803671159603363,-0.16443037798970003,-0.292844153861103,-0.07936164207350647,-0.17991828500303075,-0.16690773978909573,-0.2118736610262034,-0.3317735300786148,-0.2818015241744055,-0.2205846832965477,-0.21541248490401033,0.05343401953571445,-0.017740853334073672,0.10362720193228668,0.05249101181304571,0.20019017476644596,0.21183525590305252,0.4527422646066714,0.4350476825053096,0.17851071410393443,0.2595783765275291,0.15032181642351133,-0.1122757580384699,-0.08661928492436967,-0.22342342342342342,-0.022423502084519032,0.04713928103758612,-0.30125348769416566,-0.16971316462841887,0.10699806123534937,0.17088428952835732,-0.3072659716727513,-0.12482590448692144,0.014605977317841724,-0.18419004520699436,0.13337312659346556,0.196643484779078,-0.043755928501691216,0.1736661160389974,-0.28425991476838935,-0.1801977632486107,-0.1601678720322788,-0.0594603848841137,0.1867317240198596,0.2157317564097225,-0.11580625309438869,0.04117445642869372,,-0.03697673019706918,-0.047728776542335864,-0.04316643299694147,0.09834163901960512,-0.17603983027711842,-0.1617804244922889,0.037623139318054576,-0.2611326272343221,-0.12247208687886654,-0.1069041306329442,-0.102346414210821,-0.16935826427351852,0.6818195699551631,0.3727790965079101,0.4605334147707029,0.3555648098020979,0.265657953793547,0.11944363469787199,0.46492501746739034,0.22149067403304692,0.25533761804948246,0.21150256573985388,0.32442427018698206,0.16629001883239172,-0.0950184390862357,-0.07629987460495935,-0.14555171504324046,-0.1481095887875549
