,#10,#11,#12,#13,#17,#18,#26,#49,#50,#51,#52,#53,#54,#58,#101,#102,#201,#202,#301,#302,#401,#402,#501,#502,#601,#602,#701,#702,#801,#802,#901,#902,#1001,#1002,#1101,#1102,#1201,#1202,#1301,#1302,#1401,#1402,#1501,#1502,#1601,#1602,#1701,#1702,#1801,#1802,#1901,#1902,#2001,#2002,#2101,#2102,#2201,#2202,#2301,#2302,#2401,#2402,#2501,#2502,#2601,#2602,#2701,#2702,#2801,#2802,#2901,#2902,#3001,#3002,#3101,#3102,#3201,#3202,#3301,#3302,#3401,#3402,#3455,#3501,#3502,#3601,#3602,#3701,#3702,#3801,#3802,#3901,#3902,#4001,#4002,#4101,#4102,#4201,#4202,#4301,#4302,#4401,#4402,#4501,#4502,#4601,#4602,#4701,#4702,#4801,#4802
#10,1.0,0.1746660373779018,0.04194394702869279,0.16574448099871827,0.32925313603279704,0.01612182290148392,0.36576761661507423,0.4621681774224147,0.09521277826362572,0.3619497772040145,0.4056696141441904,0.10460028595621816,0.33688372501931824,0.2770448414516211,-0.011029673741538149,-0.07520741080063113,0.19822179652688127,0.019899869052411426,-0.04652248550553635,-0.12120147882859747,-0.34851538749843836,-0.18534034805221247,-0.06554227571176724,0.15576747780137612,-0.024117029201774963,0.16198540605320266,-0.2912117047710268,0.17754734703887246,-0.024603802569904264,0.0653474738220501,0.14634758024588532,0.2199521555453759,0.2482507160473262,0.19516650703091382,0.2567502787841771,0.3334536385383843,0.3405470185131202,0.030670423890762875,-0.07350139045054299,0.022511417426671666,-0.01187782543714747,0.14866299273078934,0.1450510603052976,-0.3128064890776755,-0.18110421669743704,-0.22551210686803908,-0.0981764507188236,0.047460403392606786,-0.25179231619909587,-0.14321131609267201,-0.15270432219584762,-0.24002924341907392,-0.25876631639343506,-0.07280824738451858,-0.32982736203075186,0.22706404401319655,-0.5223568715094139,-0.3417264722349468,-0.3129605722826062,-0.21002466256703545,-0.02134908406094847,0.02414016481813092,-0.054270140710818676,-0.013610220389881408,0.165611219848508,-0.12824025874873332,0.05282370197624435,0.07687410060291416,0.12416330043448688,-0.16029372978525522,0.3100755609230185,0.1129656621182045,0.19853597819699514,0.3495287274948292,-0.06576021321784034,0.04944127486500368,-0.18274129291078445,-0.21231138688765808,-0.004480443463494311,-0.10481267091436583,-0.07994558503033079,-0.03882156424529306,0.0614898411508581,-0.11451019586612807,0.4178065584845246,0.25883433510552156,0.2814253390524577,0.14795319202098864,-0.10935604325434833,-0.14964070387799203,-0.23723446096327452,-0.17548920260784667,-0.12323000967068763,-0.041878704590569,-0.09241151783524665,0.0781511866257629,0.06598971853209142,0.13751301378420022,0.24819333971876345,-0.03733672038756784,0.22694975406839812,0.23615819209039549,0.22877052707561182,0.03808538893284656,0.2739058010244451,0.2820227006667685,0.23756853926345453,-0.07923763516983856,0.054935521037215954,-0.19085171458052813,-0.27251951489239623
#11,0.1746660373779018,1.0,0.3562491613339071,0.29692990370956474,-0.06571394198512842,0.10867261714719342,0.30748344646649733,0.17338478694410897,0.3823479874327332,0.1894316504485996,0.27383408061374165,0.14422419337673575,0.1633494819935498,0.2007606990657838,-0.23960169722881589,-0.05816988020377851,0.06603089992920501,0.32647130952215697,-0.1038867835478005,-0.1270214744791016,-0.12021543885950665,-0.10728355474118186,0.015485130739368028,0.22563194936076292,0.1466932263542433,0.23651077888366023,-0.0658805184228913,-0.03457155152070406,-0.020380627160288177,0.01183155420443556,-0.003914546287427643,0.10715492071424275,0.22833974189906392,0.02321242660225711,-0.002699463716412869,0.05037317749182156,-0.0006723210113040621,0.008581462818750954,-0.08884354308083121,0.03159677396965532,0.0662169102847069,-0.006198957046414674,0.07957171347001855,-0.09275855208058598,0.04967355645321747,-0.19206078189129036,0.06464091209853921,-0.11495948953576073,-0.1994257740020452,-0.1979534233771522,-0.12054442732408834,-0.09973116413794379,-0.18197411587242096,-0.30808959961502336,-0.2693726083556592,0.028313830008745263,-0.22059301211843585,-0.3086045984351069,-0.0210108413498244,0.0295474210728448,0.013395059157771023,0.0012493232832215882,-0.11175057954718971,-0.18402717046784844,0.2497276937954904,-0.024356251474895542,0.19865443255273763,0.21765108714261255,0.08786814549526414,0.05433029331334416,0.37726092810838574,0.4355511135172152,-0.14839600771804162,-0.13193964380405057,-0.25658509048339556,-0.2881374440696475,-0.08948393694156406,-0.09592165354877219,-0.12459593646034324,0.07441802357056594,0.021324560307611155,0.06415182516877432,-0.00028456808117825066,-0.2340658069471629,-0.23916535950434256,0.0547161953941615,0.005279547652429008,-0.060440409592951966,0.13058713567188143,-0.03206642698168122,-0.22779235321608202,0.12633527209798395,-0.24826644826644825,0.08143690686063568,-0.03392653053670003,0.21555361216378166,0.2547819005446124,0.24566230328942193,0.1771466381635873,0.10976137925290468,0.13722613214138638,-0.024832382459501104,0.09424432136296543,0.000819000819000819,0.19057963973218212,0.2702318651471194,0.10107719429753328,-0.02644400949485695,-0.06902973852126394,0.04830762966356187,-0.009472184048455234
#12,0.04194394702869279,0.3562491613339071,1.0,0.540107441802357,-0.03484316365672298,0.08007236820796143,0.13983906865262796,-0.1116774709995049,0.020481961159927262,0.37596857257874206,-0.11363752041718143,0.05823373450492095,-0.09344382903704937,-0.116634970872259,-0.05825178028567859,0.3380983448780059,0.559659351184775,0.822170861153912,-0.1873323246204602,-0.1142834668258397,-0.23529384546333698,-0.1467584687923671,0.3124307666680548,0.08155674935335952,0.4548638006265125,-0.06607208132631862,0.12368763216220843,-0.10603099247167044,0.16873221449492637,-0.13104984799900055,0.004950096475520204,-0.2718323870866244,0.24808876673283453,0.1118273897934915,-0.44483404822387873,-0.36121961715182055,-0.23373496763327273,0.2899716357343476,0.1434801519547282,0.4153319729590916,0.15070864392898292,-0.35730183187810305,-0.12923879195065635,0.028054248393231444,-0.00033222745087151866,-0.1751773344993684,-0.13483761110879755,0.0018971205411883378,0.03837365871264176,0.0750468496231208,0.05555092843228437,0.3418352096318198,0.03024195227585058,0.11272505170810256,-0.019827685929380844,0.002695299305468797,-0.13995011961113657,-0.2021409699375801,0.007667143260363599,0.345510996358454,-0.16883910104249086,0.008040552108348718,-0.0964449811907439,0.1432400042569534,0.010619710619710619,0.005624268336132743,-0.07204153305848221,0.04882401662062679,0.1765580680834918,0.21707963741862046,0.25706122146800114,0.3736573245047821,-0.2943234451709028,-0.15350897893270773,-0.45362511972681463,-0.22585358856545298,-0.15212408093764027,0.02271130915198712,0.06749122003359291,0.5022783954987344,-0.09868126986771054,-0.11237200220251067,-0.011062063604436486,-0.11625878575031118,-0.3455452370706608,-0.232927997334777,-0.1564310072784649,-0.13690362164938435,0.21763119051254645,-0.1780202390371882,-0.22142080447165194,0.06655885469444792,-0.29592304168575356,-0.18596686054313172,-0.20974703517076398,0.42588921741464114,0.562604515146888,0.5196907230805536,0.5637756400468265,0.18025606500182773,0.33819412632971957,0.3424506170268882,0.09604149604149605,0.31029072215512893,0.4055659665829157,0.19940125024870786,0.39446734870463684,-0.008738785009971451,-0.2168362507345558,-0.11101301609776186,-0.22739627146406807
#13,0.16574448099871827,0.29692990370956474,0.540107441802357,1.0,-0.09373024796753611,0.11831924374297256,0.039268544353290115,-0.12657403165877743,0.0495143834126885,0.36850641087929226,0.13031876252215235,-0.02243090548175294,-0.15747072187750155,0.11895732404206981,-0.27709203810898725,-0.07198415672991944,0.13473812795846693,0.29270950457391137,0.03344530971649616,-0.053851386054775886,-0.25788161042398333,-0.08265152671932333,-0.1148234521115877,0.08737165516826534,-0.05702466719415872,0.21066875812638525,0.06679622611826001,0.27025037364020416,-0.1273629561765155,0.17786245413364057,0.03164535876400283,0.08498868668360193,0.3065751421683625,0.014486597537444995,0.007362215836792108,0.04531017920848429,-0.07979288996238149,0.04801519547282259,0.1049912778726338,0.18635507618558467,0.0930690320520829,0.028575262473567557,0.04550498109820144,0.018573272810560947,0.03759028674282912,-0.08088026393111139,0.06639597995530198,0.2627581356394916,-0.006837500057839041,-0.02390788322991713,0.184324694494186,0.007869348547314648,-0.009993198128791349,-0.0995761555083589,-0.16620395433954757,0.09151709490692542,-0.06248374722950994,-0.11808233503148757,0.10266753656584165,0.17070290629612664,0.0013515827075149109,0.07025870246209229,0.07792954742107285,-0.05795333083468677,0.2214467163619706,-0.00833021002512528,0.2570459519612062,-0.04331265009231111,0.058730687544246866,0.1399612247069874,0.143459792612335,0.335006501108196,-0.3280746077356247,-0.2528218511269359,-0.49565235497438886,-0.19109001142899448,-0.14739932536542705,0.04922102379729498,-0.10894422928321233,0.20523281370738997,-0.031654150298218095,0.06187528051934832,-0.05599559497864583,-0.1816553070790359,-0.2595552409111731,-0.16495509376865308,-0.033539703031228454,0.04931819338598999,0.1555157622954233,-0.07977900859256791,-0.1287603474044152,0.3171286849252951,-0.2204875137078527,0.061020650851159326,-0.16294136972103074,-0.03671483501991977,0.16319401065163777,0.17889106363682636,0.10906407177593619,0.22323463679395883,0.08354965134626152,0.1467001670391501,0.02756932587441062,0.20156628122729817,0.1643572694420152,0.2112684333023316,0.13098969539647506,0.014046095402027605,0.04876478944275554,0.12722553061536113,0.01806336382607569
#17,0.32925313603279704,-0.06571394198512842,-0.03484316365672298,-0.09373024796753611,1.0,0.24629159205430393,0.31910585469907504,0.23666162310230107,-0.051557258336919355,0.10505559488610336,0.1509122373529153,0.5089770818584378,0.3599795481151413,0.019051254644474984,0.045659989727786336,-0.1361031293234683,0.2793315657722437,-0.014051185237625916,-0.15347288737119247,-0.44337002642087386,-0.2489572777708371,-0.43792482775533625,0.06520171943900757,-0.0397113600503431,0.13028729808390827,-0.1468116807099858,-0.3550525872559771,-0.1896620811875049,0.3591101116524845,0.23116922777939727,0.34364765381714535,0.2277039751616023,0.10678428814022034,0.3072886445767802,0.19898619729128203,0.2135713525544034,0.4045382825043842,0.25362835871310446,0.04170611289255357,0.22706820842414063,0.23714238121017783,0.1570436383995706,0.10484320992795569,-0.16072405224947597,-0.3393143528736749,-0.017375773307976697,-0.30219927169079713,-0.2061244603617485,-0.1034559983712526,-0.17306644086305104,-0.3928779318609827,-0.20654228959313706,-0.27848711577525137,-0.08530657005233276,-0.1726152963441099,0.05972042921195463,-0.2914634202769796,-0.299114368605894,-0.09931518575586372,0.0393384139146851,-0.065354877219284,0.07609257948241,0.009450899281407755,-0.07418527927002504,-0.061449585178398734,-0.07643961372774932,-0.014331126195532975,-0.057862639218571425,0.036113771706992044,-0.14023792667860466,-0.009021502241841225,-0.10929727878880421,0.12978294164734844,0.2205527561459765,-0.001962825691639251,-0.06575095897129796,-0.09319581522971354,-0.22373112712095763,0.2297412975379077,-0.012927719707380724,-0.023531698107969293,0.07480022395276632,0.0003373172864698288,0.1857572518589468,0.6651267600420143,0.2655732774376842,0.31997529116173185,0.22502625892456402,0.14546426241341495,0.16973630024477482,0.10224646834816327,-0.15452370706607996,0.33384416774247283,-0.020784575021863157,0.17419823521518438,0.07468547129564079,0.03858326739682672,0.07287163897333389,0.13218025421415253,-0.21938255667069226,0.15643887338802592,0.3772646298070027,0.45292040885261226,0.09247629756104332,0.2826607809658657,0.09758926877570945,0.2842927673436148,-0.0653474738220501,-0.0670428517886145,-0.23440636321992253,-0.19687021381936637
#18,0.01612182290148392,0.10867261714719342,0.08007236820796143,0.11831924374297256,0.24629159205430393,1.0,0.2418037451935757,0.2747807900350273,-0.009307458460000834,-0.06058385041435889,0.08992952891257976,0.3887866294645956,0.36077124890684215,0.10028549350583249,-0.2995604232892368,-0.3068597102495408,-0.03239634087091714,-0.0422104693291134,-0.1995349741112453,-0.3395276632564768,-0.0876298486467978,-0.19305098627132525,-0.11186579491664238,-0.14579972885057632,-0.08406881457728915,-0.06408056747039798,-0.21005658971760666,-0.06637099348963756,0.1002882697797952,0.4106770869482734,-0.004867733681293004,0.1844237149321895,-0.04042717602039636,-0.08097003012257249,0.07710591947880084,0.09462976073145565,-0.12839017754271992,-0.11778573642980422,0.03361281157891327,-0.10707579690630538,0.30785269090353834,0.1394499275855208,0.17782589985979816,-0.03800672783723631,0.15271080016842728,-0.0946140285123336,-0.0886084852186547,-0.08981986609105252,-0.04929505776963404,-0.14691440284660623,-0.156128393416529,-0.17525784644428713,-0.053001846222185206,-0.19691370877811556,-0.11538102046576623,-0.12190017444254732,-0.020220991407432085,-0.33129416010771945,0.13679164526622153,0.01134431812397914,0.14645724306741256,0.11312113346011651,-0.08726338048371947,-0.019740696011882452,-0.08876627012220233,-0.12201492709967286,0.1306246153703781,0.12198716436004571,-0.35090807294197124,-0.20555347335008353,-0.12405271218830541,-0.051651188939324535,-0.07820162226941887,-0.14002184002184,-0.11502843367250147,-0.11294206378952142,-0.05335628386475844,0.012382181873707298,-0.09428365191077055,-0.005503500418754656,0.2363793685827584,0.42011364214754043,0.26250873369517436,0.2560409407867035,0.21442228052397544,0.11068125135921746,0.07010091755854468,0.36717102310322647,0.2062845588269317,0.34728873711924557,-0.004366616231023011,0.27506952252714967,-0.07221505018115187,0.2888009735467363,0.09291448613482511,-0.13707343707343708,-0.15085532373667968,0.001104957037160427,-0.09637002179375061,0.029135144389381678,-0.0010017721882128662,0.07306829171235951,0.10830013372386253,-0.09411476191137208,0.0006316023265175808,0.1385180249587029,0.05821106160089211,0.2028498452227266,0.2300776893997233,0.19556490234456336,0.1527862222777477
#26,0.36576761661507423,0.30748344646649733,0.13983906865262796,0.039268544353290115,0.31910585469907504,0.2418037451935757,1.0,0.23734273564782038,0.287238394018055,0.18084000795865202,0.4754480212107331,0.26218390964153676,0.4633189429799599,0.4587404045031164,-0.016195394161495857,-0.16157359208206665,0.15536861977539942,0.06317087503528182,-0.01606537199757539,-0.24901696766103545,-0.14039293530818955,-0.1479860445962141,0.12246607161861399,0.0853366463535955,0.18110606754674552,0.10004580852038479,-0.16204555865572814,-0.1611071780563306,0.09935266545436038,0.12451588722775163,0.050827560997052525,0.23825242808293656,0.12514239971867092,0.18010892248180385,-0.026221907577839782,0.2435523350777588,0.33478856360212295,0.2667138633240328,-0.05152348033703966,0.05179462976073146,0.1392537375588223,0.05659897185320914,0.39630385393097256,-0.20304464711244372,0.17953006936057783,-0.24351901979020624,-0.2926567553686198,-0.16108728142626447,-0.25094416450348656,-0.13703873364890315,-0.2342430257684495,-0.07485436129503927,-0.25567123363733535,-0.14151454998912627,-0.10117436388622829,0.14355140965310456,-0.30591947880083475,-0.31536251197268145,-0.2646992138517562,0.05798294442362239,-0.11101764322103305,-0.0077272958628890834,-0.016941749145138976,0.19165914759135097,0.012973065515438397,-0.12373066440863051,0.2280653534890823,0.52560511204579,0.06958360517682552,-0.09072539411522462,0.20940694161033144,0.042853176751481835,-0.005344327378225684,0.13833571630181798,-0.0946019979918285,-0.12292924665806022,-0.1488101352508132,-0.13223485426875256,0.06319910048723608,0.10911080572097522,0.0661465780109848,0.0707214147892114,0.12557920015547133,0.014335753318804167,0.28782002341324375,0.1668610058440567,0.22671469620622162,0.1142904075107465,-0.02368948301151691,0.23701143362160312,-0.3255680950596205,-0.09970386411064378,-0.23954524632490734,-0.15503685503685505,0.03374005746887103,0.13334999097710962,0.0006700074496684667,0.07452768639209317,0.08584701805040788,-0.15630283596385292,0.1078170620543502,0.25835727869626174,0.28931412151751135,-0.03207938292684055,0.14761726287150015,0.06813624101759695,0.1016056117751033,-0.03768005293429022,0.04320807710638219,-0.2982893525266407,-0.26154212764382256
#49,0.4621681774224147,0.17338478694410897,-0.1116774709995049,-0.12657403165877743,0.23666162310230107,0.2747807900350273,0.23734273564782038,1.0,0.2523475709916388,0.04850890952585868,0.2598842293757548,0.37081025555601826,0.45001272458899577,0.03973171939273634,-0.13843566216447573,-0.3193857956569821,0.0013973912278997026,-0.01566003599901905,-0.2610220389881407,-0.24462860395063785,-0.18006357667374617,-0.31984711984711983,-0.25113757825622235,-0.1567410245376347,-0.11089086004340241,-0.05001365001365001,-0.47020965495541767,-0.08144384754554246,0.1125297871060583,-0.012993424857831637,-0.08629122188444223,0.04846078744383829,-0.047156401393689526,-0.1426074765057816,0.2105826936335411,0.0883831443153477,0.00848012881911187,-0.11979529606648251,-0.19368721572111403,-0.21300961978928082,0.22139165359504343,0.09226113632893294,0.06961136791645266,-0.28536718536718536,-0.1749691139521648,-0.16942026772535246,0.027365732450478214,-0.16463443412595954,-0.31386795115608673,-0.2527108001684273,-0.2163152366542197,-0.27051180610502645,-0.20661169644220492,-0.2314579602715196,-0.36453772724959166,-0.08038007190549563,-0.39868219529236476,-0.47097035402120146,-0.234497517548365,-0.30576123118496,0.16722608587015367,-0.006238287594219798,-0.30331718467311686,-0.15705242993378588,0.03896639320368134,-0.25963899184238165,-0.06622616453124927,0.07723547893039419,-0.18303650337548644,-0.38104175053327594,0.11867275596089155,0.002384356621644757,0.38732121952460935,0.18356538356538357,0.17095786078836928,-0.11754420059504805,0.06774108469023724,-0.21728924610280542,-0.04832845171828223,-0.1801806428925073,0.32806951790002636,0.23138115002521784,0.22321103846527576,0.0751074649379734,0.31630875868164005,0.4328599786226905,0.2171263713636595,0.32060041551566976,0.02241008342703258,-0.03711924559382186,-0.10475066746253187,-0.14475723797757695,-0.0676457659508507,0.24644474983458034,0.06982097660063762,0.0042745364779263086,-0.11400398858025977,0.13699662682713531,0.12764567340838529,0.0266582453023131,0.13097257504037166,0.000793088928682149,0.018564943988672804,-0.004112587163434621,0.24691301470962487,0.3722284688386383,0.17725121114951622,0.10068897865508035,0.042206304918169325,-0.0047802810514674925,-0.06062919622241656
#50,0.09521277826362572,0.3823479874327332,0.020481961159927262,0.0495143834126885,-0.051557258336919355,-0.009307458460000834,0.287238394018055,0.2523475709916388,1.0,0.14250429165683404,0.43839540619201633,0.20557013099385982,0.3229329483566772,0.328518811569659,0.03372432524974898,-0.0431719855448669,0.015086735425718477,0.1001235441913408,-0.15144296839212093,-0.19731441765340071,-0.08402254334457725,-0.1269196777671354,0.011512282698723376,0.10733213953552936,0.213161852144903,-0.004509594340102814,-0.29856512907360366,-0.23077823586298163,0.10549517159686651,-0.10660290490798965,-0.011858391519408469,0.1428212496009106,0.18365005992124636,-0.022383246112059673,0.19917498392074665,-0.02572911894945793,0.1356964051879306,0.10968456900660291,0.05034680288917577,-0.13091010887621057,0.2069790900299375,0.030353928659013405,0.07345697006713955,-0.10156581851497105,-0.0909863638677198,-0.1546944479147869,-0.09123715394901835,-0.1832636951281019,-0.2975513263648857,-0.23509441645034865,-0.17383408061374164,-0.0774418486282893,-0.140612260951244,-0.13329539092250955,0.003137652290194663,0.131789725010064,-0.2101352508132169,-0.18283290995155402,-0.21273245510533645,-0.36931523202709643,-0.13733163055196954,-0.19265166553302146,-0.1712225322394814,-0.09108445888106904,-0.09711036151714118,-0.13267489369184285,0.3114276063428606,0.1508437559285017,0.19614514360277072,0.11651096396859109,0.3485871079091418,0.23860825386249115,0.12118111948620423,0.05754938297311179,0.16846985660544983,-0.018263718263718264,0.0715302359370156,-0.11895778675439693,-0.0641296149770726,-0.08699732089562598,0.256256564731141,0.14322010762688728,0.2247763942679197,-0.15528995867978918,-0.018667666125293244,0.05078730502459316,-0.1643767033597542,0.10016565101310863,0.12479305191169598,-0.010646085222356409,-0.11215036299782062,-0.04597555953488157,-0.20961932656847912,0.06174849734171768,-0.18594279950212153,0.2372339982509474,-0.06427074223684393,0.16135287830203085,0.11781072289546866,0.124536709282472,0.029068513814276525,0.026291314426907648,0.04538467589315047,-0.03780405983795814,0.13873920145106586,0.21725176640430877,0.09324347459940681,-0.07633180175553057,0.10640347589500132,-0.10758154147984657,-0.1046909775723335
#51,0.3619497772040145,0.1894316504485996,0.37596857257874206,0.36850641087929226,0.10505559488610336,-0.06058385041435889,0.18084000795865202,0.04850890952585868,0.14250429165683404,1.0,0.26918243358921323,-0.13994364163855688,0.08182651064006996,0.3673996029928233,0.10566128532230228,0.11775103300527029,0.5969271274356021,0.27439858965282693,-0.05259882378526446,-0.10746493797341256,-0.24239879324625088,-0.1116191692462879,0.08847522406844441,-0.07590333014061827,0.156532341278104,0.07631930852269836,0.01932703119143797,0.018254926729503,0.20057607684726328,-0.008478277969803393,0.24191479615208428,0.1099774659096693,0.12890887806142043,0.07709157539666014,0.03421526302882235,-0.12299495180851112,-0.004622496147919877,0.01753494634850567,0.25408551849229816,0.1587945418453893,0.11484705044027078,-0.17018281764044477,-0.22302502810977387,-0.06199419758741793,-0.20171064747335934,0.04363978770758432,-0.011568733602631907,-0.00263144500432636,-0.019935960613926714,-0.12497674870556226,0.053271607508895646,0.07939033023778787,0.11298370789896213,0.12057635447465956,0.1205629358171731,0.1748816613223393,-0.17724473317693656,-0.1648028614130309,-0.03982056015954321,0.00878089183173929,-0.017595098951031153,-0.04055719818431683,-0.08492436967013238,0.0837476922222685,0.08409704002924343,0.02489623676064354,0.08405817219376542,-0.05310503107113276,0.348086915883526,0.24456845134811236,0.3753577923069448,0.38180152417440555,-0.026801686123720022,-0.012518219297880315,-0.15095388146235603,0.04060855925262705,-0.10074219057269905,0.04194949957661822,0.3123049089150784,-0.04177875872791127,-0.08515294955972923,-0.11424089729174475,0.20818399292975565,-0.20438697557341626,-0.0418666740700639,-0.18679372747169357,-0.1328530379377837,0.09144768805785755,0.06719971126750787,-0.3370803777583439,0.0033722474400440503,-0.08815502713807799,0.029690399181924607,-0.1988011123604344,-0.244695234525743,0.3568654941536297,0.054214152519237266,0.4302252946320743,0.2207077647755614,0.2148687979196454,0.13016884372816576,0.4513670835704734,0.03735106446970854,0.2989561209900193,0.09336377980445777,0.10470347080516572,0.17441617272125748,0.009690584266855453,0.01480540633083006,-0.09235645506831948,-0.1549072955852617
#52,0.4056696141441904,0.27383408061374165,-0.11363752041718143,0.13031876252215235,0.1509122373529153,0.08992952891257976,0.4754480212107331,0.2598842293757548,0.43839540619201633,0.26918243358921323,1.0,0.1258466478805462,0.32412443259900886,0.48929700116140795,-0.0447072650462481,-0.17485852570598334,-0.060971603344484704,-0.09812370151353202,0.010523003743342727,-0.16251150996913707,-0.0248661604593808,-0.13302424149881778,-0.0776112013400149,0.002313098923268415,-0.05052772340907934,0.016206036545019595,-0.20621191299157401,0.04036054544529121,-0.051882545102884085,0.10218076319771235,0.1360133631320072,0.21805364686720619,0.025504240758478045,-0.1500904602599518,0.4068245441126797,0.23901035087475767,0.17711332287603473,-0.1042768500395619,-0.1347760703692907,-0.3051041796804509,0.10706330367347316,0.18179412077717164,0.2420096521791437,-0.32947893964843117,-0.08808469486435588,-0.26558900965680626,-0.06643345965379864,-0.09612385883572325,-0.15429651531346447,-0.1998667388497897,-0.18912487217571963,-0.28229755178907723,-0.21007278464905585,-0.22042365940671024,-0.0541544626290389,0.1592281032958999,-0.2309369461911835,-0.18494796799881547,-0.29181369350860875,-0.432655922486431,0.0017994882401662063,-0.09091279260770786,-0.13586760874896467,-0.1539707658351726,0.17872402448673635,0.061742482081465135,0.23442857341162426,0.2047492793255505,0.15979631403360217,0.00235196675874642,0.22078920214513434,0.16274147799571528,0.13497873836856888,0.2733287987525276,0.1754410805258263,0.16931106761615236,-0.017404461472258083,-0.08019591239930222,-0.12457465169329576,-0.10608420438928913,0.2536908248772656,0.22756793773742925,0.13354664371613525,-0.10073524988779226,0.24391278798058458,0.23128305501186858,0.07035263306449747,0.4071539952895885,-0.03343883174391649,0.12357750662835408,-0.20994507604677096,-0.16703637381603484,-0.1863513744869677,0.033072826293165276,-0.2957300906453449,-0.030838851177834227,-0.15523535862518914,-0.12069758510436476,-0.053413197480994094,-0.09444375037595376,-0.04517738077060111,0.1306371086032103,-0.016563713173882666,-0.1588209164480351,-0.051830258609919626,0.0763785357005696,-0.1364422974592466,-0.039886728022321245,0.16519431604177368,-0.15861963658573827,-0.16956232040977803
#53,0.10460028595621816,0.14422419337673575,0.05823373450492095,-0.02243090548175294,0.5089770818584378,0.3887866294645956,0.26218390964153676,0.37081025555601826,0.20557013099385982,-0.13994364163855688,0.1258466478805462,1.0,0.4726527760426065,0.08427842326147411,-0.22243553260502413,-0.3082728336965625,0.0046951419832775764,0.08307259493700171,-0.28249929436370114,-0.481624768065446,-0.35312168871490907,-0.5718157294428481,-0.009550382431738363,0.034374898781678445,0.1156683648209072,-0.1961756826163606,-0.48293563208817447,-0.36537940097262134,0.27877954996599064,0.10380997330149873,-0.0010063993114840573,-0.0651827482335957,0.072106775496606,-0.03056353734319836,0.1936451088993462,0.0043601382584433435,0.24738683213259485,0.20134880643355219,-0.05770994415062212,0.055205282323926394,0.4281472535709824,0.10106701462633666,0.2335623759352573,-0.17961937283971183,-0.0902770258702462,-0.26245968618849974,-0.21912899031543098,-0.20922833465206347,-0.3021719716634971,-0.20375537324689866,-0.377281287450779,-0.23980714150205676,-0.3859316944062707,-0.3665542275711767,-0.35218978608809115,-0.10868511038002564,-0.2662594798188018,-0.3436360860089674,-0.03053762545287969,0.012514517599263362,0.10050805813517678,0.1666143801737022,-0.15781081543793407,-0.2266341842613029,-0.21311280463822838,-0.3044485163129231,0.053079581893141214,0.006269752032463897,-0.22330543178000806,-0.2137240476223527,-0.19901812444185327,-0.1968952002850308,0.04631611580764123,0.10016703915009,0.01767098377267869,-0.252146291129342,-0.019093824178569942,-0.1784371428439225,-0.09876316994961062,0.13131220588847708,0.37310345784922055,0.41668401837893365,0.13097673945131572,0.3370789896213625,0.4569640518793061,0.4550530499683042,0.36290759172115106,0.3902469495689835,0.3368508724440928,0.3362965430762041,-0.07349121077934637,0.14732806766705073,0.005266128994942555,0.25661285322302274,0.15855855855855855,-0.00863051032542558,0.15717967582374362,0.07749043342263681,0.09356737322839018,-0.11472072997496727,0.14237149321895085,0.05220690644419458,0.1550262126533313,-0.0032695253034236084,0.2308624495065173,0.19870348005941227,0.14461009545755307,0.15398187093102347,-0.043313112804638225,-0.01564060208128005,-0.05241975411466937
#54,0.33688372501931824,0.1633494819935498,-0.09344382903704937,-0.15747072187750155,0.3599795481151413,0.36077124890684215,0.4633189429799599,0.45001272458899577,0.3229329483566772,0.08182651064006996,0.32412443259900886,0.4726527760426065,1.0,0.36058801482530295,-0.014905352193487787,-0.2172087341578867,0.059930963320793826,-0.12457418898096864,-0.15523165692657218,-0.305155078036434,-0.05514327887209243,-0.20345877464521533,-0.029178176635803754,0.012547370174488818,0.04403864573356099,-0.14987900072645835,-0.4303927964944914,-0.2083061489841151,0.30991916415645226,0.019397363465160074,-0.11089780072830921,0.02630010596112291,-0.058572902640699254,-0.17818450191331547,0.13821448567211278,-0.046987974106618174,0.30080743301082286,0.007460773562468478,-0.11815821985313511,-0.18629029645978798,0.3225525988237853,0.14464294803277855,0.32765677850423613,-0.16324490900762087,0.08589328928311979,-0.02079938181633097,-0.17948518626484727,-0.23857447586261146,-0.2995257198647029,-0.148024449719365,-0.30797068254695376,-0.24606208674005284,-0.13177815720188601,-0.1281986146392926,-0.06571810639607249,-0.0454628742764336,-0.2373501390450543,-0.3406390982662169,-0.2893960215994114,-0.19002345951498495,0.04586312043939163,-0.03041361854921177,-0.3093629839392551,0.026353780591068725,-0.182914347321127,-0.259570510417968,0.18714400070332274,0.3474483728721017,-0.13512865716255545,-0.23813073474090424,0.07548087378595854,-0.05205143510228256,0.15725833691935387,0.13473581439683135,0.1275276817649699,-0.13220338983050847,-0.0559780119102153,-0.1918173952072257,0.19138429646904223,-0.08746466034601628,0.47367166858692283,0.4334596537986368,0.42439928372131763,-0.03577506628354086,0.527237098423539,0.28490215947843067,0.12693402184927607,0.32832308425528767,0.18857748349273773,0.1735842159570973,0.09575924152195339,-0.07468130688469672,0.024247051365695434,0.08519968350476825,-0.01666550988584887,0.13232785944650352,-0.1049861880370355,0.0779864610373085,-0.005514605514605515,-0.06719277058260109,-0.09762721118653322,0.09837911871810177,-0.04736415922856601,-0.16417172179884043,0.0011600198040876007,0.09112147586723858,-0.0499067634660855,0.08816798308323733,-0.0005265666282615435,-0.12090488022691412,-0.14499877381233314
#58,0.2770448414516211,0.2007606990657838,-0.116634970872259,0.11895732404206981,0.019051254644474984,0.10028549350583249,0.4587404045031164,0.03973171939273634,0.328518811569659,0.3673996029928233,0.48929700116140795,0.08427842326147411,0.36058801482530295,1.0,0.013107714802630057,-0.12226386633166295,-0.04784399191178852,-0.25641018522374454,0.10041088854648177,-0.05183951285646201,-0.10650157090835057,-0.03149081284674505,-0.13019059120754037,0.0610345322209729,-0.1251326827598014,0.07788929144861348,-0.1552950485153875,0.022349005399852857,-0.10250234826506013,0.05720142330311822,0.04137804985262612,0.30593428559530256,0.07034384153028221,-0.0690283503842826,0.2303631829055558,0.12758459538120556,0.25004881615051106,-0.01209576294322057,0.012830087406358593,-0.17191382445619735,0.10225988700564972,0.06466913755049349,0.15818792598453615,0.02611409560562103,0.09714182595538527,-0.026840553959198026,0.05989070734833447,0.1285789641721845,-0.13333796045660454,-0.11937469056113124,-0.015445337479235785,-0.12729817645071884,-0.11576692254658356,-0.19954839276873176,0.015410634054701852,0.2095027230620451,-0.11565957328669194,-0.03391218645455934,-0.24823683467751265,-0.30428795513541274,0.06236483016144033,-0.056455068319475096,0.09617475719170634,0.007883692629455341,-0.05532234854268753,-0.11678535237857272,0.511203653576535,0.3477005510903816,0.21564615462920547,0.1696340408204815,0.21995354368235726,0.13681616901955884,0.13489591286201455,0.1088586275026953,0.10554606995284961,0.07769125057260651,-0.053877297945094556,-0.04444166817048173,0.0526409306070323,-0.13683560293729785,0.21016995423775084,0.16931615745175066,0.22392963070929173,-0.1787610414729059,0.22307824002739257,0.0497179768366209,0.09478893377198462,0.1453879148794403,-0.06892331468602655,0.0461698987122716,-0.010771942975332805,0.10394462258869039,-0.11723510876053249,0.00521106622801538,-0.09403795166507031,-0.09448955889633856,-0.24559474728966255,-0.03476450256111273,-0.1897152931051236,0.038165438165438166,-0.11973375532697567,0.06852677022168548,-0.06113494079595774,-0.029283212334059793,-0.16554551469805706,0.007631514411175428,-0.1896759625573185,0.09109417583993855,0.1909285248268299,-0.03413243752226803,0.030991083533456414
#101,-0.011029673741538149,-0.23960169722881589,-0.05825178028567859,-0.27709203810898725,0.045659989727786336,-0.2995604232892368,-0.016195394161495857,-0.13843566216447573,0.03372432524974898,0.10566128532230228,-0.0447072650462481,-0.22243553260502413,-0.014905352193487787,0.013107714802630057,1.0,0.5130683842548249,0.20676994405807966,-0.053136958221703987,-0.05280843246944942,-0.017354951253256336,0.2024819889226669,0.12037229833840003,0.47191428716852446,-0.003077499687669179,0.1740029706131401,-0.10908350569367518,-0.22314764687646044,-0.3413530633869617,0.1349352434098197,-0.07144509686882568,-0.013922551210686803,0.036312275295326144,-0.15396243701328446,0.2291624444166817,-0.09329992550331534,-0.055101172050324596,0.11602465331278891,0.2912538115927946,0.2585280195449687,0.10245098719674992,-0.06002396849854477,-0.14313311770938889,-0.11948296524567711,0.09373765136477001,-0.12172573189522343,0.07027212111957874,-0.41311234192590124,-0.3389576016694661,-0.2680580426343138,-0.1117524303964982,-0.09642878625929473,-0.03397511533104754,0.0631486648435801,0.06693920422733982,0.36303298676180035,0.07842788859738012,0.051261122447563125,0.20214467163619707,0.03938977498299532,-0.08851316647926817,-0.11597005325818885,0.0036859663978308045,0.1950184390862357,0.3926215892317587,-0.40141080988538613,-0.20237417695044813,0.03617531244649889,0.05951405951405951,0.4584650906684805,0.2698353206827783,0.15356866882290612,-0.05984767510191239,0.15547365547365546,-0.04704720128448942,0.163999130100825,-0.023282758875979213,0.11182091182091182,-0.05149479217275828,0.37515049718439547,-0.005218469625249286,-0.2809677165609369,-0.32382459501103567,0.17409782664019952,-0.08954501496874379,0.02429008361211751,-0.19019096137740205,-0.08995173910428148,-0.26772674060809654,-0.1076986076986077,-0.23916767306597814,0.0040181938487023235,-0.3231444078901706,-0.0239532290379748,-0.18719304820999735,0.04307481595617189,0.22074987159732923,-0.1536723163841808,-0.016713631967869257,-0.049682810699759855,-0.0557526710069083,-0.16602673551826094,-0.10573161759602438,0.058243914176117566,-0.0020692495268766456,-0.019526922916753425,-0.240348052212459,0.017021335665403464,-0.07337229371127676,0.02805193483159585,-0.19089289597764175,-0.04989288209627193
#102,-0.07520741080063113,-0.05816988020377851,0.3380983448780059,-0.07198415672991944,-0.1361031293234683,-0.3068597102495408,-0.16157359208206665,-0.3193857956569821,-0.0431719855448669,0.11775103300527029,-0.17485852570598334,-0.3082728336965625,-0.2172087341578867,-0.12226386633166295,0.5130683842548249,1.0,0.3207322885288987,0.3798900595510765,-0.05698903834497055,0.22117510422595169,0.08176913431150719,0.22643614338529594,0.5120411628886206,0.252969919071614,0.47173290393629375,0.005252247625128981,0.0525997492099187,-0.2401014265421045,-8.004923259160547e-05,-0.18991749839207467,-0.056126079854893415,-0.21199905606685268,0.017163851062156146,0.2604589180860367,-0.3066644456474965,-0.21972403836810617,-0.05909623028267096,0.3123794055997446,0.10799289273865545,0.30583526515729903,-0.09083737049838744,-0.24859589944335708,-0.292626679067357,0.09372885983055475,-0.21391098340250883,-0.16877987386461962,-0.26060235890744365,-0.21072937344123785,-0.03269710388354456,0.09769615532327397,0.005034310119055882,0.2950165882369272,0.08298190332088637,0.2788873619382094,0.27004446665463616,0.19483289144306093,-0.05596227969109325,0.2861477810630353,-0.1312520532859516,-0.05547319276132835,-0.42175950989510314,-0.24712030983217423,0.00827283369656251,0.2708574522133844,-0.20894931911881065,-0.03674768759514522,-0.25815553612163783,-0.09218062438401421,0.45975790891045126,0.4376319308522698,0.16447248481146787,0.09106271140169445,0.1294428480869159,0.044443981732117326,0.055425996103962205,0.016658106488614963,-0.12481850108968753,-0.11801801801801802,0.06854296515313464,0.34826182114317705,-0.23872393194427094,-0.24393083376134223,0.09774196384365876,-0.04554569978298792,-0.22940351753911076,-0.3618202177524211,-0.33293216174572104,-0.3842909164943063,-0.04464711244372261,-0.29026360721275973,-0.26355214999282794,-0.29646071340986596,-0.3088239240781614,-0.380117251303692,-0.2276100445591971,0.37150015963575284,0.3209844667471786,0.17328946820472244,0.32870713548679653,0.04785093259669531,0.06847911085199221,0.019403841437739742,0.07523100912931421,0.10137934544714206,0.09838328312904585,-0.0962390742051759,0.1851737716144496,-0.27342087850562424,-0.25948861033606796,-0.3391496272852205,-0.29359328511870886
#201,0.19822179652688127,0.06603089992920501,0.559659351184775,0.13473812795846693,0.2793315657722437,-0.03239634087091714,0.15536861977539942,0.0013973912278997026,0.015086735425718477,0.5969271274356021,-0.060971603344484704,0.0046951419832775764,0.059930963320793826,-0.04784399191178852,0.20676994405807966,0.3207322885288987,1.0,0.5310859395605159,-0.15728517423432678,-0.2340056543446374,-0.19248323824595012,-0.22640329081007046,0.4070332273722104,-0.0034078762892322213,0.5735490498202362,-0.19255680950596205,0.08684971566327498,-0.19570325333037197,0.4667369989403888,-0.026403290810070472,0.2381640500284568,-0.06725292318512657,0.12112790756858553,0.3754970687174077,-0.31994382672348776,-0.2532410684953058,-0.0031219200710726133,0.40532859515910363,0.2581481327244039,0.40266290944257044,0.235107372395508,-0.29433223670511804,-0.235371581134293,0.09533493431798516,-0.1622093588195283,0.08990546787156957,-0.23391866442713902,-0.101383047145759,-0.008949319118810644,-0.006561260798548934,-0.036948504745114914,0.26159533956144126,0.027707676860219233,0.20181336960997978,0.0965537185876169,0.009122836241480308,-0.20785315361586548,-0.20917512273444477,-0.08260803176057413,0.1753758380877025,-0.22550747974476787,0.014708236742135047,-0.07421396743430642,0.24160662974222297,-0.08960563028359639,-0.005455378336734269,-0.11925808705469722,-0.008380645668781262,0.27976558993508144,0.17349537519029046,0.2385633707667606,0.2218266031825354,-0.08882457187541934,0.026942350671164232,-0.2673135384999792,-0.03200858794079133,-0.2185311659887931,-0.1257698376342444,0.48772840637247417,0.2719110481822346,-0.2068439780304187,-0.2253094388687609,0.05683356700305853,-0.09292929292929293,-0.044605468334281896,-0.20389742593132423,-0.13121642443676343,-0.14507604677096203,0.13094758857470723,-0.29350814605051895,0.05548383514485209,-0.2553066163235655,0.11796295525109085,-0.32806072636581113,-0.18913088743597217,0.6888588125876262,0.23027202857711332,0.6318230402976166,0.5078684231226605,0.026212653331297398,0.2908942841146231,0.58424695882323,0.30113457062609605,0.41074695650966836,0.34972445480920056,0.04727855744804897,0.4154453374792358,-0.1491946491946492,-0.23820569413789752,-0.2673334351300453,-0.35063414724431674
