,#10,#11,#12,#13,#17,#18,#26,#49,#50,#51,#52,#53,#54,#58,#101,#102,#201,#202,#301,#302,#401,#402,#501,#502,#601,#602,#701,#702,#801,#802,#901,#902,#1001,#1002,#1101,#1102,#1201,#1202,#1301,#1302,#1401,#1402,#1501,#1502,#1601,#1602,#1701,#1702,#1801,#1802,#1901,#1902,#2001,#2002,#2101,#2102,#2201,#2202,#2301,#2302,#2401,#2402,#2501,#2502,#2601,#2602,#2701,#2702,#2801,#2802,#2901,#2902,#3001,#3002,#3101,#3102,#3201,#3202,#3301,#3302,#3401,#3402,#3455,#3501,#3502,#3601,#3602,#3701,#3702,#3801,#3802,#3901,#3902,#4001,#4002,#4101,#4102,#4201,#4202,#4301,#4302,#4401,#4402,#4501,#4502,#4601,#4602,#4701,#4702,#4801,#4802
#10,1.0,0.3760689811537269,0.5283309503648487,0.53501390450543,-0.04786620210349024,0.009834950512916614,0.04392343036410833,0.5896648574614677,0.3124913819829074,0.49959512671377077,0.5455341319748099,0.17056733158428072,-0.019412632971955005,0.32902316800621884,-0.1848688441908781,-0.11298185704965366,0.5379243650430091,0.3583591295455702,-0.10477148951725222,-0.2164799622426741,-0.34851723834774684,-0.33912695438119167,0.21310817751495717,0.2070568257008935,0.1906254482525669,0.13229500687127807,0.03344345886718768,0.12135139762258407,0.3529435444689682,0.21489008268669285,0.15160445499428551,0.04446434107451057,0.33866377934174546,0.16528593308254325,-0.16161431076685315,-0.029209178361720736,-0.04820166854065159,-0.019774474011762147,-0.0038543936849021595,0.05195842992453162,-0.1430368735453481,0.27912427064969436,-0.04960600045345808,-0.08843913250692911,0.08272833696562511,-0.00990944719758279,0.12589985979816487,0.26243840142145225,-0.04158627039982972,-0.12736156803953413,-0.06429757955181684,-0.0499382279043296,0.027303266286317133,-0.005717736226210803,-0.15118477491358848,0.015146425315916841,-0.2279057177362262,-0.3446452615944141,-0.030355316795994763,0.05941318822674755,0.03195537602317263,0.0305838966855916,-0.045207457071863855,0.005982407677322932,0.17759824539485555,0.06469828842710199,0.3052869510496629,0.07882026865077713,-0.14892072349699467,-0.05023019938274176,0.13945871911973606,0.14776764437781387,-0.12330496906768093,0.02360156766936428,-0.3104693291133969,-0.31316324028188436,-0.05439923745008491,-0.22418180892757164,0.11375690019757817,0.08236603321349084,0.07290264069925087,0.1245973245973246,,0.12761559710712253,-0.11775704826552284,-0.0025287228677059186,0.04707727758575216,,0.25510579917359577,-0.0715593868136241,-0.0658731150256574,-0.03207984563916767,0.11739659536269706,0.05059250313487602,-0.026741996233521657,0.4122345766413563,-0.00014482895838828042,0.4148715741936081,0.22748094781993086,0.17790363553075417,0.11112082806998061,0.13038631852191174,0.10151630829596932,0.17342967003983953,0.0641050912237353,0.2695266915605899,0.26802010022349004,0.0021428207868885835,-0.0691741047673251,0.01671640824183197,0.056777116099149996
#11,0.3760689811537269,1.0,0.4562783122105156,0.37274485579570327,-0.09073881277271108,0.060024893923199006,0.0677429355395457,0.32732316291638325,0.3869760361285785,0.42608772100297526,0.3397354210913533,0.11042120703137652,0.2514883142001786,0.153389599152311,0.008731844325064663,-0.009893714978460741,0.36026041449770263,0.03078054942461722,-0.004239833053392376,-0.14665111953247548,-0.2508506966134085,-0.19589481623379928,0.3049251100098558,0.16358500256805342,0.12751657666911903,0.17422275896852168,-0.09379595311798701,-0.037248805045415216,0.28619775399436415,0.42111911603437024,-0.011316555384351995,-0.13074538328775617,0.207940606245691,0.06427814563407784,0.15021816886223666,0.013527394883327087,0.13625351082978202,0.016425362188074052,-0.1918581138920122,-0.07915110796466729,0.1318702369549827,0.3330737517178195,0.2373094203602678,0.2080160283550114,0.37059370618692655,0.3174831225678683,-0.052328599786226906,0.03023778786490651,4.6271232711910677e-07,-0.19552649722141247,-0.0854476973121041,-0.07313862398608162,0.012426602257110732,-0.10626188592290287,-0.1284406131863759,0.043256661900729694,-0.22925359874512416,-0.2928395267378318,-0.14294340565527006,0.04643318202640236,-0.16336613963732607,-0.1629765358578918,0.11907577839781229,-0.001690288130966097,0.06676522439234303,0.06526140932920593,0.2999296677262779,0.1397331075297177,0.06278497295446447,0.06315144111754281,0.2593854254871204,0.331071132766048,-0.017889846703406025,-0.12272657865878205,-0.22232170537255283,-0.3334823267026657,-0.20630214189536222,-0.2873559229491433,0.18488457641000014,0.1065506184150252,0.1622264791756317,0.2256870121276901,,0.3768116344387531,-0.048219251609082116,-0.1313904042717602,-0.11145074195921653,,0.25824576502542607,0.10555439877473775,0.14385263537805912,-0.05948490863745101,0.2417283230842553,-0.12687710823304044,0.01376893071808326,0.350573069217137,-0.09735837532447703,0.0972588921741464,-0.03270450728077847,-0.017585844704488773,-0.05335906013872115,-0.09627053864342,0.1052258730224832,0.14723737605093537,-0.06613408477815258,0.19988941175381852,0.2589907318720878,-0.23998297218636203,-0.14648870750565665,-0.12319299268451811,-0.09822919992411518
#12,0.5283309503648487,0.4562783122105156,1.0,0.6667851210224092,-0.09275808936825886,0.15325957698839054,0.19691694776440538,0.48616860311775567,0.41316601655584706,0.616895477912427,0.4611793611793612,0.08179412077717163,0.2047372488050454,0.312824072146106,0.0259438174692412,0.12034823729738985,0.6474488355844288,0.5390968780799289,-0.008965051337932694,-0.22376906953178138,-0.2717722344840989,-0.24744235761184913,0.15890281652993518,0.04062244062244062,0.0474534627077,0.14688571468232486,0.07597643868830309,0.09418231791113148,0.3484677281287451,0.3483418703757687,0.19118394203139966,0.034160200261895174,0.2587940791330622,-0.00042106821767838717,0.07181758029215657,-0.06633258836648667,0.02237815627646136,-0.10378544954816141,-0.09114831318221149,0.15604880689626452,0.0822175025564856,0.21528755257568816,-0.016754350652655736,0.06974277821735449,0.07302942387688151,0.0818857378179412,0.15105567817432225,0.15640278182651063,0.06353734319836014,-0.1674500386364793,-0.11462633666023496,-0.015165396521328724,-0.08411554852232818,0.20844773895621355,-0.16290111374857139,0.0423460440409593,-0.3504462860395064,-0.3388021303275541,-0.18020933105678869,0.1203473118727356,-0.09702059532568007,-0.06488013437165979,0.23589028165299353,0.2319817506258184,0.21911186995932758,0.1972297412975379,0.4142149854014261,0.3136532526363035,0.057146823248518164,0.06823248518163773,0.28673357486916806,0.2993919960021655,-0.13398760856387976,-0.2332528213884146,-0.2805998602608772,-0.20835380835380835,-0.13643119236339576,-0.2472239573934489,0.3423825983148017,0.28003442579713766,0.000775968572578742,0.1952072257157003,,0.14656644317661266,-0.2533188041662618,-0.11963473488897218,-0.16192062632740598,,0.18689783774529536,-0.13729368814114576,0.07350092773821587,-0.2705122688173536,-0.07733820106701463,-0.11620279755872977,-0.1290097493487324,0.5246912551997298,0.061247842603774805,0.37463179666569496,0.19732043291365325,0.11098525335813471,0.1632018767611988,0.27622075079702196,0.2680039052920409,0.22806859247537214,0.24212995738419468,0.20251808048418218,0.2655732774376842,-0.08575123659869423,-0.1119560238204306,-0.10326351004317107,-0.07480253751440193
#13,0.53501390450543,0.37274485579570327,0.6667851210224092,1.0,-0.06665093444754462,0.09588139757631282,0.16153518695891578,0.3796920186750695,0.4562949698542919,0.6537301554250706,0.49263870958786216,-0.12779559220237185,0.05293567835940717,0.42679243187717764,-0.018645455933591525,0.2231272875340672,0.5959984637950739,0.40652748279866924,-0.10475807085976578,-0.1647302155776732,-0.3248911469250452,-0.10960544519866554,0.20353142048057302,0.12583831905865805,0.09017430373362577,0.24756543909086282,0.04043319128064891,0.04969900563120902,0.30278367735994854,0.26490650897430557,0.14175654853620956,0.05579200155471342,0.2908313552381349,0.11450695687983824,0.004310628039441599,-0.07856855314482433,0.007070707070707071,0.037397798414747566,-0.03298768722497536,0.19137920663344393,0.028478555597199664,0.26867946528963477,-0.11547171208188158,0.029167071539952894,0.031515336600082364,0.10945367555537047,0.09562366681010749,0.09971496920649463,-0.028603950637848943,-0.1926812791219571,-0.18411369767301972,-0.06343832276035666,-0.17137106289648663,0.06426195070262866,-0.2994091163582689,0.027365732450478214,-0.39425496374648916,-0.31314334365181823,-0.196732788258212,0.06871324328951448,-0.08656607300675097,-0.12636905009786364,0.1574313913296964,0.20946431793889422,0.2705909299129638,0.16677494135121254,0.4488726014149743,0.32376120342222037,0.1484658772794366,0.23141770429906022,0.3248828181031571,0.3122854749973394,-0.14491178389483475,-0.21570815808103944,-0.24137897527728036,-0.34968790053535814,-0.10457437406589949,-0.25616032056710025,0.266535719078092,0.2370401217858845,-0.06175451260197023,0.12687803365769468,,-0.02384078994248486,-0.2215600808821148,-0.12532100667693888,-0.09252025523211964,,0.2689830045762249,-0.11220496305242068,0.04608013252081049,-0.18229014839184332,0.050419448724533474,-0.07059416889925364,-0.09919025342754156,0.4436999403101098,0.021188522883438136,0.2990694855101635,0.08429739446688599,0.1761851219478338,0.09822781178713381,0.17922236566304364,0.3453365538111301,0.13030025402906759,0.14893229130517266,0.1760689811537269,0.3112462231106299,-0.09495042037414919,-0.08917577053170274,-0.05972736989686142,-0.05992078364959721
#17,-0.04786620210349024,-0.09073881277271108,-0.09275808936825886,-0.06665093444754462,1.0,0.2814915069152357,-0.023421572574114948,0.13285211251312945,-0.10871703753059685,-0.09504620182586285,0.0005825548198429555,0.30310063530402515,0.11908734620599028,-0.22116631269173642,-0.17056964514591633,0.0015972829532151565,-0.1279367194621432,-0.07083061489841151,0.022387410523003744,-0.1429420175182887,-0.30176200854166957,-0.34496036868918223,-0.12500358602053518,0.08577020780410612,-0.1075773770689025,-0.11392208849835969,0.10799057917701986,0.15864045864045864,-0.15332296857720587,0.022163920469005213,-0.022209728989390005,0.22073645293984276,0.0032477778240490103,0.2657912149437573,0.16971316462841887,0.2705548383514485,0.12787517872263635,0.015521222300883318,-0.037207623648301616,-0.2578668036295155,0.06458122220834085,0.08561288561288562,0.17770420651776583,0.023458589560284477,0.01681589139216258,-0.1532702193719143,0.14192127412466396,0.08868945987590056,0.13973680922833465,-0.010923249906300754,-0.003820615685022465,-0.013289098034860747,-0.010142654210450821,-0.11359032375981529,-0.07590333014061827,-0.16923610821915908,-0.09618539957523009,-0.16051583170227238,0.17361197869672446,0.09913472794828727,0.025408459306764393,-0.08920121970969429,-0.011745952423918526,-0.08344554107265972,0.05481891753078194,-0.04890637941485399,0.040092635007889246,-0.13650615176038905,-0.23653113822605348,-0.18310405937524582,-0.14132992777060574,-0.11856355585169144,-0.03110722432756331,0.326463443412596,-0.057566503329215195,0.089615809954793,-0.04622264791756317,0.020238574475862612,-0.12085629543256662,-0.10692078827672048,-0.03994086536459418,0.16305704780281052,,0.28620238111763535,0.43477421951998224,0.17805771873568485,0.13279103448594973,,0.06746299458163865,0.25385786402735555,0.24713789290060476,0.17952127782636257,0.1594631611580764,0.12097428707598198,0.08563926021553141,0.04553968452273537,-0.03011794537218266,0.0031917896324675987,0.12357658120369985,0.1179666569497078,0.041809297741501134,0.05942151704863569,-0.013988256361137716,-0.014444028003350037,-0.13605176825515808,-0.04841127722483655,-0.011905125464447499,0.010426759579301953,-0.045048746743662,-0.03016884372816576,0.010368457826084945
#18,0.009834950512916614,0.060024893923199006,0.15325957698839054,0.09588139757631282,0.2814915069152357,1.0,0.16428971344225582,0.21943252960202111,0.034285132590217336,0.07724658402624504,0.12406289185950203,0.3260072090580565,0.3304659050421762,0.028173165461301053,0.04404928811708473,0.15191771123974515,-0.04570672367282537,0.13170042153093,0.0672556994590893,-0.0039617429447937925,-0.1824183197064553,-0.08302401014265422,0.02095948028151418,-0.03276327174632259,-0.005689973486583656,0.049670317466927634,0.005840354992897366,-0.07981463744175608,0.23296131262232958,0.2266901724528843,0.08570403994132808,0.14261025277974432,0.10040163429993938,-0.17806003229732043,0.2845639167673066,-0.24957314787823262,0.20634147244316736,-0.21349546773275588,0.13699061156688275,0.15000902289037882,0.12078133603557333,0.017997195963297657,0.11982074524447406,0.20320428286529982,-0.08810597963140336,-0.0024028651147295216,0.070183743065099,0.025496374648917023,0.20148808284401504,0.06271047626979831,0.03341060629196222,-0.010342545935766275,0.03066718490447304,0.08938630464054192,-0.08055729072678225,0.14753304922796448,-0.3040417921773854,-0.16632472225692566,-0.13987654835112462,0.15081923217516438,-0.21150996913708778,0.057877446013039235,0.34330385855809586,0.1200275776546963,0.033348602840128264,0.011637215027045535,0.08878616675226844,0.029431742991065026,0.09500918483969331,0.08703526330644974,0.05172476019933647,0.0666361276530768,-0.07032764659883305,-0.12959554315486518,0.004310628039441599,0.0837865600577465,-0.3672723571028656,-0.2534192127412466,0.1335577488119861,0.11803051125085023,0.031208558327202394,-0.01709444421308828,,0.09477181341588121,-0.27112952706173044,0.0013594488170759356,-0.0916836713446883,,-0.1373552288806526,-0.2152491474525373,0.22015436083232692,0.0006635294770887991,-0.1907776806081891,-0.06043300619571806,-0.06595732866919307,-0.035620520366283076,0.028164373927085793,0.07193742278488041,0.1522055183072132,0.28200049047506676,0.13112249383435823,0.19415316703452296,0.08848355289033255,0.009545755308467173,0.013773557841354452,0.21796850779901628,0.0846050981644202,-0.2511912528861681,0.06581897768338446,-0.18335808844283422,-0.16132233928844097
#26,0.04392343036410833,0.0677429355395457,0.19691694776440538,0.16153518695891578,-0.023421572574114948,0.16428971344225582,1.0,0.059770402143283496,-0.017691805827399047,0.24303317184673118,0.12968577205865342,-0.030644512000444202,0.05653234127810399,0.3744388456252863,0.15197138586969094,0.1860459843510691,0.1655751282869927,0.16543261289024,-0.009742408047492794,0.04631148868437004,-0.038958989806447436,0.046217095369637744,-0.030456650795633845,0.0203375949138661,-0.24493538222351782,0.1276489123946751,-0.143312187379984,-0.16641957828398507,0.1704063076944433,0.03325791122401292,0.27346622431368195,0.2523184201150303,0.16587450316263874,0.11709583235006964,0.049431095193807055,0.034631704123229544,0.18672339519797146,0.0473493524340982,0.18719536177163296,0.2680113086892748,-0.024840711281389247,0.12170074542955898,0.13286691930759728,0.1516553533502686,0.02785019225697192,0.014290407510746493,0.009406478898004321,-0.10311590481082006,-0.05983888356769713,-0.2414307990579177,-0.1786282430350227,-0.0331121568409704,-0.19218016167168708,0.07295955431548652,-0.18265430299328606,0.02690579639732182,-0.23330279431974346,-0.05769930176709838,-0.04529490970168936,0.11142344193191651,-0.14177181804300448,-0.041707963741862045,0.4531739752078735,0.3073520361655955,-0.1720655940994924,-0.16126496295987822,0.38282596926664725,0.41178435754706944,0.15232073367666588,0.05328872786499905,-0.049511144426398666,-0.02916013085504611,-0.14610882068509187,-0.1361364446110209,-0.047707029062961266,-0.23203126084482018,-0.14801427004816836,-0.10901548698158868,0.3573920607818913,0.19659628812171184,0.007119291865054577,0.020531008666601888,,-0.0068550831262695665,-0.10598518395128564,0.03173836394175377,-0.03833849257578071,,0.04525974356482831,-0.07681394800038868,0.2397696618035601,-0.01323496069258781,-0.03778184964625642,0.05361355191863666,0.03296270075931093,-0.1149298759468251,0.06231208095614875,0.04206471494607088,-0.016749723529384548,0.057099163878824896,-0.029823197619807788,0.07014117353100403,0.0787638177468686,-0.09933230611196713,0.013680552663603511,0.10702489855032228,0.12816807562570273,-0.0938824803231583,-0.15694276711225863,0.003006704701619956,0.054239601697228815
#49,0.5896648574614677,0.32732316291638325,0.48616860311775567,0.3796920186750695,0.13285211251312945,0.21943252960202111,0.059770402143283496,1.0,0.35736799974088107,0.5057658583082312,0.539609563338377,0.35136291915952933,0.12195569992180162,0.18070859765775021,-0.07995761555083589,-0.08894348894348894,0.530130901317342,0.21288515017328577,0.0820819278446397,-0.19293577090187258,-0.3673820199243928,-0.36198262977923995,0.15431780008051194,0.1586978349690214,-0.010462388428490123,0.038239934850104344,0.03634559058287872,0.08957740483164212,0.3394735259142039,0.25715237579644357,0.1452398469347622,0.03137143306634832,0.12525530152648798,0.05490544473595321,0.14573911353572372,-0.0022131530606106877,-0.03955126158515989,0.02650138582341972,-0.043444060393212934,-0.045739113535723706,0.04849271459440951,0.29673880351846454,0.022002433866840646,-0.02980237556508743,0.09212509890475992,0.019863777490896135,0.2499576618220686,0.2243793870912515,0.07253802338548102,-0.21279769754346026,-0.1388710744642948,-0.10666907277076769,-0.13523230472383016,-0.05258679326475937,-0.22124034666407547,-0.1189693545625749,-0.3195551483687077,-0.3954057293040344,-0.03926345451769181,0.13705400315569807,-0.06799835274411546,-0.04955463938514786,-0.003462013631505157,-0.02244524956389363,0.16116409167256626,0.1085268627641509,0.3915143186329627,0.10155425070679308,-0.02521226928006589,-0.02973435685300092,0.11791575859372469,0.17742611640916725,0.012019415409245917,-0.007230342823563163,-0.2557545218562168,-0.23327827056640615,-0.11736698177376144,-0.2455521777555676,0.17161815127916824,0.048676411388275796,0.09777389099422998,0.22777847184626845,,0.2782118019406155,-0.09845315269044083,-0.02034268474946441,-0.033567003058528486,,0.2646543307560257,-0.022610900577002272,0.06877247046738572,-0.10328109311160158,0.06915513356191322,0.010343471360420513,-0.00449154855934517,0.4433917739002485,0.049170588153639,0.34788147161028515,0.25617003752596973,0.12711494236917967,0.08839147313723585,0.1515706769944058,0.053712109644313034,0.15274411545597985,-0.10093745517474331,0.20303307930426576,0.15857752976397044,-0.10689441367407469,-0.035616818667666125,-0.06297838670720027,-0.005969914444490716
#50,0.3124913819829074,0.3869760361285785,0.41316601655584706,0.4562949698542919,-0.10871703753059685,0.034285132590217336,-0.017691805827399047,0.35736799974088107,1.0,0.41632217733912646,0.3974837703651263,0.10861570353095777,0.17951294900447443,0.13404868659105948,0.19334342046206454,0.15046942165586233,0.26930829134218964,-0.003947861574980219,-0.0652507669456822,-0.213927178333958,-0.0654784214106248,0.06377425190984513,0.2495005020428749,0.19744860422826524,0.12793625674981607,0.1542659762998746,-0.2969604427231546,-0.2579417630265088,0.1932314440789017,0.20754961432927535,-0.13737697636002721,-0.19144722534553044,0.03261427837699024,-0.08059060601433483,0.06613686105211529,-0.19779980288454865,0.056750741496504206,0.07166025810093607,-0.10038266309452751,-0.013282157349953961,0.06235835218886066,0.295229435907402,0.10439946880624847,0.25065126760042017,0.21616624328488734,0.282510399459552,-0.13466131771216516,-0.15306384967401918,-0.22800612631121106,-0.3205398002008171,-0.11895084606949013,-0.22726671201247473,-0.12835177241956902,-0.05789965620474095,-0.027566086888120785,0.08271029118486746,-0.18298653044415755,-0.04251447132803065,-0.18340898679881731,0.0359407172966495,-0.06630019850358833,0.022848734713141493,0.1573707760148438,0.14299893113452436,-0.1252488235539083,-0.1426514341768579,0.2843950267679081,0.031265009231110925,0.25551807585705893,0.21445420767454665,0.2679067357033459,0.30695410356427305,0.03652142126718398,-0.1524711151829796,0.02710938982125423,-0.15281953756530028,-0.14317661266813808,-0.24531573175640972,0.11312159617244363,0.01981426727189439,0.036833289375662256,0.16529333647977715,,0.04188934697409274,-0.2886982514101158,-0.05559581152801492,-0.026200160098465184,,0.14252002387595608,0.0007782821342143376,0.0855013719420499,-0.052335540471133694,0.018891618891618892,-0.037140530360869346,0.029059722280061262,0.3091394938852566,-0.089106826394962,0.17660063761758676,-0.03743759167487981,0.016334207859631588,-0.13907605602520856,-0.12440205999528034,-0.03830610271288237,0.028275887597921497,-0.13721595247018975,0.05476061577756493,-0.007116978303418981,-0.01042814771628331,0.05142723617299889,-0.008408871120735528,0.040638172841562674
#51,0.49959512671377077,0.42608772100297526,0.616895477912427,0.6537301554250706,-0.09504620182586285,0.07724658402624504,0.24303317184673118,0.5057658583082312,0.41632217733912646,1.0,0.5916438780845561,0.009232036350680418,0.13312279922449413,0.5051819153514069,0.04893506757913538,0.08168260710633592,0.7892016824220214,0.2485991384296469,0.03887801514920159,-0.14814429221208883,-0.305769097294521,-0.1355094694077745,0.24175099598828412,0.07123872717093056,0.12114178893839911,0.1633712294729244,0.07473590693929677,0.13804605838504144,0.38096170130068435,0.26568247754688434,0.2760134556744726,0.20510556781743222,0.3117630727800219,0.1935558054202122,0.22015204727069135,0.06869658564573819,0.1142399718670905,0.00638219112795384,0.002648565360429767,0.0958346636312738,0.09875021400445129,0.41579283443690224,-0.13560293729785255,-0.033173697580477245,0.044638320909507354,0.08092098261589788,0.19705668688719535,0.17282305417898638,-0.03214323722798299,-0.2989630616749261,-0.2679678137305256,-0.08062530943886877,-0.23206226257073714,0.02204685425024408,-0.3764271204949171,-0.04905861177047618,-0.4744869677073067,-0.4072789276179107,-0.1795920728124118,0.08388372964644152,-0.1266827690556504,-0.1037997936303021,0.2625295557498947,0.21491599457701152,0.24822758043097026,0.07344401412198022,0.5460111883840697,0.3005913463540582,0.1667763294881939,0.14500340093560432,0.34390492187102356,0.2725125742074895,-0.14919418648232208,-0.29404628048695847,-0.3634332329247584,-0.4478190054461241,-0.1422544270001897,-0.23561589324301188,0.453595506137879,0.1642383523739456,-0.014498165345622973,0.14123877344216326,,0.14775607656963588,-0.20976693180083011,-0.0934567849822087,-0.15382362331514873,,0.2589689843927132,-0.11659702846143524,0.11898462406936983,-0.24454577844408354,0.0256823850044189,-0.10841997621658639,-0.1429295242854565,0.5481243955820227,-0.022505402166419115,0.3788730178560687,0.10503431011905588,0.12448766177579737,0.09051902441732951,0.18953205902358444,0.16252724218825915,0.14841590434810772,0.07953099478523207,0.2966582915735458,0.380416626179338,-0.1359721817348936,-0.17810352725606962,-0.061180286604015414,-0.08338168677151728
#52,0.5455341319748099,0.3397354210913533,0.4611793611793612,0.49263870958786216,0.0005825548198429555,0.12406289185950203,0.12968577205865342,0.539609563338377,0.3974837703651263,0.5916438780845561,1.0,0.18248495028156045,0.14265050875220367,0.3479911344318124,0.006577455729998103,0.004416126450024755,0.5472429285988608,0.11250294979108538,0.17677415474025643,-0.0004914004914004914,-0.27091575396660145,-0.19012988335022232,0.20686433737281196,0.08349643942864282,0.18735453481216194,0.046568756738248264,0.04276803768329192,0.09464456752592346,0.4121952460935512,0.2029372978525521,0.17844084454253945,0.11489702337159964,0.2520866012391436,0.07448696770730669,0.20044374112170724,-0.012600582092107515,0.017147656130706977,0.08657070013002216,0.015776176793125946,-0.011547448835584428,0.08639579487037115,0.3734787175465142,0.03484825349232129,-0.010294423853745887,0.17996409352341555,0.07239273171476561,0.14000795865202645,0.13101098016352253,-0.1322061661044712,-0.2862014556929811,-0.25132682759801406,-0.1721599874142247,-0.2464947227659092,-0.18831420017860695,-0.3130868927479097,-0.05471804624346997,-0.3710018184594456,-0.3946727929778777,-0.03443967850747512,-0.005126852584479703,-0.061282083315981624,-0.03273828528065816,0.20623921301887405,0.2039788633008972,0.13721271348389993,0.013953090224276665,0.4726097437961845,0.24914930338659153,0.10479925225687937,0.16128254602830874,0.22027374061272367,0.2429836616277294,-0.11781627544339408,-0.20498109820143717,-0.2691546708495861,-0.3270756118213745,-0.16301170199475284,-0.29701920718869873,0.3428814022034361,0.06950309323190679,0.06453818996191878,0.22482682991157568,,0.22896440354067474,-0.17390904001073493,-0.03766061901655122,-0.022438771591313963,,0.3531860057283786,-0.04076449330686619,0.057416121822901484,-0.062329664024579276,0.0911413724973047,0.03949203440728864,0.04672792977877724,0.45383426569867247,-0.1297699857021891,0.2426125663413799,0.0981181489656066,-0.00027762739627146406,-0.06993387840845468,0.04182965708389437,0.0213014246912552,0.06272158136564916,-0.08596177070753341,0.09421609591101117,0.07739974180652147,-0.04148216012622792,-0.07538462962191776,0.058041708889166516,0.05654761078489892
#53,0.17056733158428072,0.11042120703137652,0.08179412077717163,-0.12779559220237185,0.30310063530402515,0.3260072090580565,-0.030644512000444202,0.35136291915952933,0.10861570353095777,0.009232036350680418,0.18248495028156045,1.0,0.36747039797887254,-0.1683000411813971,-0.08456067778101677,-0.26284512555698997,0.0451746044966384,-0.08357787679821578,0.02152398932059949,-0.13481632634175006,-0.0869589157724751,-0.40294192497582326,0.05521129758417894,-0.06008319567641601,-0.059909215841419235,-0.3308462545750681,0.015130693096794792,-0.07894196199280945,0.1524743541692694,0.18599601141974023,0.08640921352785759,0.052417440553033774,0.04673533317601114,-0.06742181318452505,0.1755599975938959,-0.03158937057242142,-0.01720364432228839,-0.16475103763239357,-0.014375546578936409,-0.22379405599744584,0.08839656297283416,0.015764608984947966,0.32778865151746506,0.08542409898342102,0.20844357454526946,0.016932494898596592,0.02802000768102463,-0.017257318952234205,0.16588653368314385,-0.025645830730576493,0.03767959022196311,-0.05195241466427907,0.013648162800705174,-0.13772910044096484,-0.02018351170893544,-0.20375768680853426,0.05454869353174438,-0.23430688006959194,0.20567609211677007,0.22670220297338942,0.20043402416283773,0.2395100801880463,0.10778698575308744,-0.056570283688927754,-0.07618142024921686,-0.12168964033370813,0.02157673852589107,-0.06459140187953748,-0.21025277974430517,-0.08759653335924522,-0.10431895686132975,0.10438419929945354,-0.135538620284383,-0.011928261080803453,-0.16166752268447185,-0.028816798308323732,-0.029286914032676744,-0.10660845745591509,0.09684245107973921,-0.17176668193617345,0.09608360286326388,0.11132719776787574,,0.4140595140595141,-0.15960937825344604,0.21214110875127823,0.2677910576215661,,-0.003892336095725926,0.11834978275656242,0.184619904958888,0.2166321945982963,0.08198707181758029,0.18941036568155212,0.08333819181276808,0.033996862810422135,-0.2187685374126052,-0.06623588149011878,-0.043725852200428475,-0.01666412174886751,-0.12049214083112388,0.03243058158312396,-0.09123067597643869,0.0544765104087138,-0.22953168885372274,0.042999393846851475,-0.030458038932615204,0.1715663274985309,0.08003118681084782,0.13223115257013562,0.12692245404109812
#54,-0.019412632971955005,0.2514883142001786,0.2047372488050454,0.05293567835940717,0.11908734620599028,0.3304659050421762,0.05653234127810399,0.12195569992180162,0.17951294900447443,0.13312279922449413,0.14265050875220367,0.36747039797887254,1.0,0.010876978673588843,0.13389043897518474,0.047934220815576745,0.1713895713895714,-0.15313649550937686,0.28837666634276804,-0.04243627294474752,-0.10089581106530258,-0.1703748432561992,0.28165808335299863,0.060799937071123515,0.06606097623046775,-0.0841160112346553,-0.023623777861066,-0.07537306181373978,0.2378225683310429,0.3112212366449655,-0.034805221245899215,0.009523545116765456,-0.044469430910108874,-0.07586585044212163,0.3146702943313113,-0.04638829893067181,0.11672103536510316,0.021651697922884364,-0.02254843441284119,-0.158661280695179,0.3207498715973292,0.020592549406108728,0.33006103175594703,0.33206966596797105,0.22336280810857082,0.2266485283434436,-0.012998977405757067,-0.008693901914240897,0.17679821578126662,-0.0813017948611169,-0.15073177954533887,-0.2951345798803426,-0.011021344919650004,-0.09540943100265134,0.03710119981306422,-0.08075903330140619,-0.17879667032209406,-0.13158242988751465,-0.019724963792760404,0.14678576881966712,-0.11654890637941485,-0.06845412438632778,0.5352609928881116,0.21482900465951313,0.0921172327951989,-0.062281079230231774,0.1370405844982116,0.21780054322427203,0.17393957902432478,0.026190443139595683,0.08831142390464425,0.18382218890693466,0.012232725792047826,-0.20102999764016713,-0.04325110935280427,-0.15226243192344888,-0.28140544242239157,-0.2566706922639126,0.38367180740062096,0.02654395535751468,-0.07108649481530838,0.20398349042416838,,0.15566753193871838,-0.2642693540998626,-0.1591304709948778,-0.12527658629353544,,-0.0010855231194214245,-0.004224563546597445,0.21067431067431067,-0.09131766589393708,0.06333698876071757,-0.11312159617244363,-0.002410268511963427,0.1292401800876377,-0.19469824215586928,-0.05246139822411009,-0.10514258480360175,0.061019725426505085,-0.1621362502718435,0.02914439863592406,-0.14817575665033292,0.09047645488323454,-0.22277007361753123,-0.041622361961345014,0.134035267933573,-0.119059120754036,-0.09449418601960975,-0.13431659702846144,-0.13975763128305502
#58,0.32902316800621884,0.153389599152311,0.312824072146106,0.42679243187717764,-0.22116631269173642,0.028173165461301053,0.3744388456252863,0.18070859765775021,0.13404868659105948,0.5051819153514069,0.3479911344318124,-0.1683000411813971,0.010876978673588843,1.0,0.10928987539157031,0.07450223721410162,0.4325374681306885,0.16928376758885233,-0.032975656704470266,0.07039890429720938,-0.13744915948305778,-0.023635808381571092,0.09712378017462764,0.09863499863499864,0.08711947694998542,0.2038405123150886,-0.1578742070267494,-0.11116015861778573,0.37392430951752986,0.239808066926711,0.33321256541595523,0.11223087494273935,0.22407307153069864,0.18474715084884577,-0.011509043712433543,0.06632934938019684,0.14105831563458682,0.18875794130031417,0.1581337886422632,0.26526973815109406,0.05069753883313206,0.27845703947398864,-0.012840729789882332,0.13398668313922552,0.16535765349324671,0.1479865073085412,-0.151202357982019,-0.083668105702004,-0.15145870061124297,-0.17969340681205087,-0.17276197615180666,-0.06902464868566563,-0.15921190836445073,0.012166557929269795,-0.21354405252710337,0.06590365403924726,-0.2259826853047192,-0.13409449511144425,-0.026915050643864204,0.1441603390755933,-0.14148030927691946,-0.08431729109695212,0.3578769833007121,0.23416390196051212,-0.036772674060809654,-0.17685281583586668,0.6159256328747854,0.3505249471351166,0.025349694841220266,0.07346992601229889,0.002301531115090437,-0.010747881934322613,-0.07241725546810293,-0.2502028993554417,-0.15040880634100973,-0.4089479309818293,-0.06605496097021521,-0.10796420457437407,0.45813240050528187,0.15432751703938144,-0.12347293364242516,0.09726120573578201,,-0.0701814295034634,-0.12182752860718962,-0.0866225239106595,-0.05910317096757775,,0.2549642092014973,-0.14848299763554001,0.11256587866757359,-0.07445411513208124,0.07189161426449563,0.030058255481984295,0.06762124219751338,0.22159848600526566,0.0030964708930810627,0.11442829578422799,-0.03743388997626286,-0.012631583818024495,0.04128134297625823,0.10492464729752865,0.10949485695248407,-0.024550590652285566,0.17910067232101132,0.07478865614458835,0.1799261511125918,-0.10555948861033607,-0.11966157220394509,0.0665681089409903,0.06330043448687517
#101,-0.1848688441908781,0.008731844325064663,0.0259438174692412,-0.018645455933591525,-0.17056964514591633,0.04404928811708473,0.15197138586969094,-0.07995761555083589,0.19334342046206454,0.04893506757913538,0.006577455729998103,-0.08456067778101677,0.13389043897518474,0.10928987539157031,1.0,0.6344244090006802,0.10501580162597111,-0.0617100922185668,0.1398372178033195,0.0703632754480212,0.3907147517317009,0.2971982768592938,0.1892761791066876,0.04197633689159113,0.12972510260645853,0.07029710758524318,-0.2968521680386087,-0.35834339732644815,0.004464248532045142,-0.01131331639806216,-0.05094647806512213,-0.07752004701157243,-0.10194107821226465,-0.16514526853509903,0.023920839175076463,-0.12064483589907318,0.1388997626285762,0.09810241674648454,0.12269094980959387,-0.02519052180069129,0.1567507414965042,-0.0659772252992592,-0.033162129772299265,0.20378868853445126,-0.0041917109713719885,0.0592109829397965,-0.18780938102972,-0.31533798821934417,-0.2084250660521847,-0.2663279612432155,-0.043758704775653925,-0.16074302345488786,-0.09109834025088262,-0.0019105391986747918,0.30225433445772426,0.12987502140044513,-0.006199882471068912,0.1860506114743403,-0.3735124955463939,-0.2648116529472462,-0.30325379308430156,-0.19027795129490044,0.2820314922009837,0.1629913426523596,-0.3005108344091395,-0.18689274790969707,0.19078924841636705,0.015128842247486316,0.6747803273227002,0.45196999773270957,0.27458830170694576,0.11420526844255657,0.15658000064779726,-0.141319285387082,0.0691690149317268,-0.05806993434112078,-0.304366616231023,-0.19568289398797872,0.27330196143755464,0.04854453837504685,-0.16416524382626077,-0.18697279714228868,,-0.21946168047862963,-0.1077957772873027,-0.31953478902631444,-0.3868552682112004,,-0.222100991592517,-0.11663173188596918,-0.18793801505665914,-0.3205994900910155,-0.31620881281898233,-0.37779258457224557,-0.35455378336734267,0.07490016981542405,0.1709009471721336,-0.07769957939449465,0.07112489993845926,-0.10241952275850581,-0.06612575595626444,-0.02151380964940287,-0.0666333513791141,-0.08996284420013234,0.09750921954311785,-0.17003243613413105,-0.07368092283346521,-0.28455743879472695,-0.25532790109061293,-0.31400861570353095,-0.30137425561154374
#102,-0.11298185704965366,-0.009893714978460741,0.12034823729738985,0.2231272875340672,0.0015972829532151565,0.15191771123974515,0.1860459843510691,-0.08894348894348894,0.15046942165586233,0.08168260710633592,0.004416126450024755,-0.26284512555698997,0.047934220815576745,0.07450223721410162,0.6344244090006802,1.0,0.09481530837463041,0.19559590407048033,0.055979400047196655,0.05866822138008579,0.049049820236260915,0.30188046289741205,0.12541169829305424,0.14285780387475303,0.04580805767246445,0.3193469278215041,-0.19070688562213986,-0.11070022256462934,-0.05129721400907842,0.040309184376980986,0.07667374616527159,0.14933161204347645,0.06505920404225489,-0.09619141483548263,0.04871065210048261,-0.14354076726958082,0.08997996455623575,-0.017102310322649306,0.07921542497813684,0.10105868580444852,0.0826510640069962,-0.04944127486500368,-0.16778735592294913,0.11634577566780957,-0.19756011789910094,-0.009074251447132803,-0.11015746100491863,-0.12415219533863601,-0.13230935095341875,-0.0732714224239648,-0.07634753397465262,0.01546245783533919,-0.05246695077203552,0.27842511232341743,0.09451870977294706,0.29835181869080174,-0.27930519116959796,0.09220514813735153,-0.4174928395267378,-0.1905865804170889,-0.25797369017708,-0.26840924129059723,0.20970955547226733,0.3040663159307227,-0.059183220200169355,-0.015314389890661077,0.08557818218835168,0.08726800760699066,0.5585562449969229,0.4613491766034139,0.38701120226543956,0.15780757645164425,0.060638450468958945,-0.01945196351976013,-0.0008652720517127296,-0.015530939259752819,-0.32645141289209084,-0.22474261626803999,0.15844149233979743,0.2846305473424117,-0.2046831114627725,-0.025785569853366462,,-0.29618678771221146,-0.008009550382431738,-0.285210325888292,-0.398232438910405,,-0.19140187953747276,-0.2139100579778546,-0.07819838328312904,-0.39103402323741304,-0.25608536117010694,-0.33099894964301746,-0.3749603224179495,0.048366394129106,0.12758274453189708,0.03342633851108427,0.1475094508992814,0.11283425181730267,0.16676568710467016,0.05855763313390432,0.2281958383653299,-0.052674708606911994,0.20834224054563039,-0.0624027725722641,0.0802990972482498,-0.3149710573439387,-0.27705224484885504,-0.3067810491539305,-0.35325911427606344
#201,0.5379243650430091,0.36026041449770263,0.6474488355844288,0.5959984637950739,-0.1279367194621432,-0.04570672367282537,0.1655751282869927,0.530130901317342,0.26930829134218964,0.7892016824220214,0.5472429285988608,0.0451746044966384,0.1713895713895714,0.4325374681306885,0.10501580162597111,0.09481530837463041,1.0,0.32185991847008794,0.07090881328169464,-0.11795740270316542,-0.1935729257763156,-0.24532776227691483,0.29373533780313443,0.04700972158599277,0.20510186611881528,0.07099348963755743,0.15780526289000865,0.1709708167335286,0.42611964815354647,0.26839674805776503,0.2787129193908855,0.1625721252839897,0.2396049362151057,0.09666153055983565,0.11142945719216905,0.07380816872342295,-0.031841548790701335,-0.054026291314426905,-0.011039853412734769,0.09436323843103504,0.18573781794120778,0.23627803458311933,-0.054292813614847515,-0.05749802190480156,0.13193825566706924,0.07351758538199216,0.22424196153009712,0.2112267891928909,0.01090381598856175,-0.29229815331510245,-0.21809806725060962,-0.02433172772155823,-0.1898749288579797,0.07776435912029132,-0.24592836287751543,-0.13176242498276397,-0.3558364219381169,-0.4131789725010064,-0.16704932976119416,0.05939699329529838,-0.08743597218173489,-0.10907286331015145,0.2047876844487014,0.18625374218594556,0.24684175701124852,0.08708801251174132,0.4860048029539555,0.3588181401740724,0.09857484603247316,0.03771429364649704,0.243832738747993,0.1815752578464443,-0.22989723159214684,-0.24972908193247176,-0.38393138901613477,-0.4641564522920455,-0.13025352008402855,-0.24919418648232208,0.46451875604417975,0.13953645479069207,-0.05437748997071031,0.20655015570269808,,0.08996469504944081,-0.14608105794546472,-0.17691759556166337,-0.15541257744647574,,0.22689700486310657,-0.09693314269585455,0.048591735032413,-0.30019989172531547,0.019973903024750484,-0.18275841326688785,-0.1826510640069962,0.6046951419832776,0.010384190045206994,0.47453925420027115,0.15068504560029983,0.05885145546162495,0.09765451121383324,0.33379974735906937,0.16471911048182233,0.30536607485760026,0.10967438933540628,0.20597824326637887,0.31723140706191555,-0.10649833192206073,-0.15550743347353516,-0.1041121244511075,-0.12684795735643192
