,#10,#11,#12,#13,#17,#18,#26,#49,#50,#51,#52,#53,#54,#58,#101,#102,#201,#202,#301,#302,#401,#402,#501,#502,#601,#602,#701,#702,#801,#802,#901,#902,#1001,#1002,#1101,#1102,#1201,#1202,#1301,#1302,#1401,#1402,#1501,#1502,#1601,#1602,#1701,#1702,#1801,#1802,#1901,#1902,#2001,#2002,#2101,#2102,#2201,#2202,#2301,#2302,#2401,#2402,#2501,#2502,#2601,#2602,#2701,#2702,#2801,#2802,#2901,#2902,#3001,#3002,#3101,#3102,#3201,#3202,#3301,#3302,#3401,#3402,#3455,#3501,#3502,#3601,#3602,#3701,#3702,#3801,#3802,#3901,#3902,#4001,#4002,#4101,#4102,#4201,#4202,#4301,#4302,#4401,#4402,#4501,#4502,#4601,#4602,#4701,#4702,#4801,#4802
#10,1.0,0.5078526909035384,0.5096642096642097,0.614980311590481,0.11228871398362923,0.2616749260817057,0.2009175585446772,0.5560011475265713,0.04851816377240106,0.34260423751949176,0.45354090608327896,-0.22685628617832007,-0.1606472420031742,0.1881434593299,0.15427939495736107,0.19162027975587298,0.18021118190609717,0.25660637525044305,0.276457659508507,0.24883928612742173,0.09076287381372126,0.27171300730622766,0.01863296270075931,-0.0886589208623107,0.1932679983527441,-0.06879560608374168,0.09884553274383782,0.009084893830656542,0.23154217391505527,0.24558317948148456,0.07090927599402176,0.04618979534233771,0.03641268387031099,-0.05076231855892873,0.22888342888342889,0.10837833210714566,0.02851696072035055,0.18340574781252747,-0.0009758602978941962,0.06774709995048978,-0.03420045623435454,0.047403489776371134,-0.20342036952206444,0.17723501621806706,-0.18435384537079452,-0.3258216614148818,-0.052645557730303494,0.021191299157400853,-0.1778920677225762,-0.17167830388169372,0.012346553024519126,0.0401352045419842,-0.06724644521254691,-0.07795175761277456,-0.1950087221273662,0.07016060744874304,-0.19122280986687767,0.013851293512310462,-0.38332107145666466,-0.3912774099214777,0.11497984887815396,0.25040649277937416,0.1086263459144815,0.25823234636793957,0.1862620710078337,0.3125455193251803,0.15993142603312094,0.1333638723469232,0.2794680659087439,0.23824826367199248,0.16618729669577126,0.3225313140567378,0.07310345784922057,-0.04331681450325518,0.0028313367296418143,-0.062040931532456954,0.02584433431891059,-0.15126852584479702,0.0025898008948856406,0.39919025342754155,-0.1776958776958777,-0.06482831059102245,-0.060880911728369354,-0.09420637895214166,-0.16452106960581536,-0.3075954228496601,-0.21057991735957837,0.027902941462263495,-0.02955852616869566,-0.14710642846236066,-0.05537093333703503,-0.3535538620284383,-0.31469389265999437,-0.1950448136888815,-0.17474423576118492,0.0816312460380257,0.26693827880268556,0.27723871791668403,0.00812337761490304,0.10503014570811181,0.022740460028595623,0.07519352943081757,0.11519963723353553,0.22233419860538506,0.12784093801042953,0.16157544293137513,-0.0037706427536936013,0.03606379877566318,-0.02449645331001263,0.08975508636525585,-0.02253964287862593
#11,0.5078526909035384,1.0,0.5533183414539347,0.4175256921019633,-0.17201839744212624,0.07616568803009481,0.26234909794231825,0.38797780831679135,0.36450163568807636,0.451256958036619,0.49925503315333825,-0.3638968706765317,-0.062367143723075925,0.18859969368443943,-0.15530106377564004,0.10728401745350898,0.11186718305362373,0.4895329844482387,0.2657213453823623,0.23885858123146259,0.003228343906310008,0.29437341810223167,0.07150710032065964,0.12044263061212214,0.13216405928270336,0.17423340135204543,0.23305478051240763,0.22019415409245918,-0.06036683833294003,-0.06861052115289404,0.15331510246764485,0.06329349380196837,0.22432987687224976,0.18146744587422553,0.01920163615078869,-0.12631815174188055,0.027824743078980366,0.03756391214018333,0.2021747479374598,0.19669530855971534,-0.05639954284022081,-0.043804050583711604,-0.19523082404438336,0.03143806364145347,-0.09456914541660304,-0.22815882137916035,0.06749954885548105,0.07991597144139517,-0.015083033727101524,0.12075496143292754,0.16038488411369767,0.17219469083875863,0.31718235955524093,0.20523512726902557,0.1311581226835464,0.30618044855332993,-0.17897342643105354,0.09538074283836996,-0.29162860857776113,-0.002816992647501122,0.00965588084232152,0.004346719600956889,-0.13742694929135607,-0.0755623111555315,0.27741316046400794,0.27642897134422556,-0.017924550127939958,0.12346367939588279,0.2557910761300592,0.13506248929977743,0.33945594284577335,0.3823401213231722,-0.1542798576696882,-0.12324157747886562,-0.22058792228283755,-0.11193705261501871,-0.09340912561251544,0.0005492395322903797,-0.037761490303863186,0.15799173595783766,-0.1553579773918757,-0.19996992369873726,0.044417607129471535,-0.18129809316249995,-0.3701208141886108,-0.4241281342976258,-0.3341407663441562,0.02107932277423803,-0.0438572625013303,-0.25986109375939886,-0.0661248305316102,-0.3631782784325157,-0.30279246889416384,-0.26093181008435246,-0.30599721447179073,0.1467052568747484,0.1462184835066191,0.20701518159145277,0.27210770092126024,0.3289805984721239,0.2589518640366098,0.034853343327919596,0.18697511070392425,0.15882276729734357,0.32056154768019174,0.24225535242484394,0.28938861820217754,-0.012353956421753031,-0.2279876178181263,-0.017754271991560128,-0.06478018850900207
#12,0.5096642096642097,0.5533183414539347,1.0,0.5828278201159557,-0.037922514193700636,0.24117723270265642,0.14787129193908854,0.1967790594909239,-0.019444097410199104,0.3860834640495657,0.17456840507687965,-0.2134690931301101,-0.019956782668647075,0.09644359305376254,-0.09749950258424835,0.028286529981445235,0.44995118384948896,0.5927678063271283,0.07828491048830032,0.09721632264005145,-0.04407149830878644,0.2081053318341454,0.2657301369165776,0.05082293387378133,0.2507151219015626,0.22181272181272182,0.1711036151714118,0.22392824257231037,-0.05238134899151848,0.003982102287187033,0.1450825247435417,-0.039952895885099274,0.1402268215827538,0.2858928265707927,-0.016119509339848324,-0.06339066339066339,-0.19382325314528703,0.01843075741380826,0.23305478051240763,0.19256236205388746,-0.03549558803796092,-0.045101958661280694,-0.17194066177117023,0.05135042592669711,-0.048185936321529545,-0.10676624235946269,0.010511898647491868,0.13180175553056908,0.009198258350800724,0.13205069476255918,0.22044077976281365,0.19713072085953443,0.3057778888287363,0.20920704988501598,0.14370549285803524,0.3845523489591286,-0.134252742727319,0.07834460037849868,-0.30497508294118464,-0.05626257999139355,-0.10956195023991634,-0.06664168020100224,-0.07163804790923435,-0.011651559109186228,0.2691861352878302,0.27179583281278197,-0.08914384338113152,0.056432395415446264,-0.0249267757742334,-0.027426810477657937,0.220434301790234,0.31063544283883265,-0.19648569987553038,-0.038871999888949044,-0.252313330279432,-0.12085537000791238,-0.08020285308420902,-0.024713928103758612,0.07137892900604766,0.34804989889735655,-0.07490155795240541,-0.11432649907226178,0.1154115594793561,-0.1617660804101482,-0.20122618766686565,-0.3978715232952521,-0.3206226257073715,0.04978923453499725,-0.08831651374024255,-0.31776907878602795,-0.08745401796249254,-0.36236066575049625,-0.12667166395979956,-0.3355649948870288,-0.30539661387119016,0.4062063604436486,0.21537963232878488,0.4545616494769037,0.3723228621533706,0.3565036531138226,0.29647552020433376,0.28072201631523663,0.2363159769939431,0.37946760319641676,0.39303664218918455,0.2620339908475502,0.2763854763854764,-0.16662733611886155,-0.19559173965953627,-0.1448719906347025,-0.15200470115724354
#13,0.614980311590481,0.4175256921019633,0.5828278201159557,1.0,0.06573800302613862,0.2915430067972441,0.09387137522730743,0.2590467200636692,0.08664242054072563,0.47331445467038685,0.3327891836366413,-0.11529958309619326,-0.04388039811768625,0.23375023714006765,0.11235719540804287,0.04122674292165818,0.4222365663043629,0.12639542470050943,0.07012173961326504,0.11290180781706205,0.04842238232068741,0.14269354099862575,0.22962700759310928,-0.16414488448386755,0.24753721363890854,-0.11145305552085213,0.03741445605852386,-0.0006825006825006825,0.18389668559160086,0.07948426084019304,0.11351628978747623,-0.12460889240550257,0.010451746044966384,0.01305913000828255,0.14660484829976356,0.021537407978085944,0.0029368351402249706,0.1401375181036198,0.09643341338256592,0.06965486287520185,-0.005644164966198864,0.004117676999032931,-0.06496295987821411,0.16116733065885608,-0.09422812643151626,-0.24764317476181882,-0.11220172406613084,-0.015548522328183345,-0.2196523179574027,-0.11317758436402504,-0.0007509821069143103,0.011791298231976197,-0.0010087128731196527,-0.0073339903848378424,-0.09860862403235285,0.13462753971228547,-0.11750255648560733,0.06584766584766585,-0.37133080692402726,-0.32650925193298075,0.10446702480600786,0.2021627174169547,0.04284808691588353,0.24350513842039265,0.042022608124303036,0.17294150853472887,0.2199044961756826,0.046800575614134934,0.12414432922907499,0.20474095050366237,0.1786620210349024,0.34242701869820513,-0.016020488901844834,-0.10323112018027272,-0.005062998283337267,-0.0485362095531587,0.08080854352040792,-0.04254038321834932,0.09911159233193131,0.2910437401962826,-0.17272773543959985,-0.021779406525169236,0.0748673172401986,-0.07451102874831689,-0.14182595538527742,-0.32525483881416084,-0.19364973602261737,0.11114442639866369,0.00995664385494894,-0.3018628798289815,0.005170810255556019,-0.3661683254903594,-0.2085370424353475,-0.20880865457136644,-0.17272495916563713,0.17810075098210693,0.01239606324352087,0.3180971418259554,-0.05619965111490535,0.20276007903126547,0.034415617466464925,0.15073131683301175,-0.018552450755840586,0.14708560640764032,0.1705932434745994,0.025163221773391264,-0.0386022386022386,0.012022191683208632,-0.032948819389497355,0.0758843589352064,0.00386966319169709
#17,0.11228871398362923,-0.17201839744212624,-0.037922514193700636,0.06573800302613862,1.0,0.38937705039399956,0.024447868515665126,0.025949832729493746,-0.2126806313246991,0.16835279038668868,0.08527649375107002,0.3045285655455147,0.18246782992545704,0.256835417852367,0.11618706533960771,-0.08103989968396748,0.2308402393148156,-0.1194098566979923,-0.17603335230453873,-0.07914277914277915,-0.058007930889286824,-0.19339478153037476,-0.06653710721507332,-0.10496814225627785,-0.13630579732274647,-0.30921537870690413,-0.1718957786754397,-0.08465229482178635,0.02536635248499655,0.13714747104577613,0.1368559622796911,0.18284586589671337,0.1111397992753925,0.09881406830559374,0.054793468352790385,0.2206716732140461,0.10122757580384699,0.1744069184747151,0.130946663150053,0.0039057547532123805,0.14928256453680183,-0.06939528125968804,0.16671154976239722,0.17228168075625702,-0.0021590157183377524,0.17888458566424667,-0.005179139077444162,0.09672769842261368,0.024971196157636835,-3.794241082376675e-05,0.009540665472868862,0.02324805545144528,-0.024286844625827676,-0.11513346937075751,-0.10390945645182934,-0.14378322852899125,-0.10028503079350537,-0.12321196388993,-0.09507488999014423,-0.2314292721072382,-0.17157928344369022,0.028923222143561127,0.08668128837620363,0.022398052906527483,-0.12322584525974356,-0.059913380252363306,0.04829050930745846,0.2571787503990894,-0.18115002521782184,-0.13748987816784428,-0.3891461569427671,-0.1995669012618165,0.10340556272759663,0.03978354317337368,0.028244423159677397,-0.01578913273828528,-0.19829583049922034,-0.36570700130022166,0.2751995446910701,0.168023801922107,0.08924471466844348,0.1832470374843256,0.0039497124242886955,0.22142126718397906,0.429392875155587,-0.04175099598828413,-0.014222851510987105,-0.02420772081789031,0.11049061388044439,0.09359328511870885,0.22685350990435738,-0.17108047955505581,0.11088623292013122,-0.1306639459181832,-0.09092759940217568,-0.09919164156452293,0.07410615546208767,0.1072118343304784,-0.0005413734227293549,-0.10356381034347135,-0.08639810843200674,0.15428170851899664,0.3531661090983125,0.2552043568992722,0.06347163804790923,0.0994646418375232,0.03607814285780388,-0.2048117454897116,0.16573198776588607,-0.12222916290712901,-0.20289935544172832
#18,0.2616749260817057,0.07616568803009481,0.24117723270265642,0.2915430067972441,0.38937705039399956,1.0,0.13869154208137258,0.15893844537912336,-0.050595279408838734,0.2866706459926799,-0.0463758056978396,0.27186801593581256,0.3083209557785829,0.32397127481873245,0.12508270982847253,-0.025800376647834276,0.40313302516692345,-0.035931000337779996,0.01847702864652017,-0.00045901062850215395,-0.1496356140423937,-0.03155235358625189,0.10945876539096878,0.02985419934572477,-0.019858224942970706,-0.12096364469245825,-0.06689154485764655,-0.018100380812245218,0.025544496730937408,0.2560529713072086,0.06947579320460677,0.01411689038807683,-0.0877557063997742,0.07979103911307302,0.2264009772484349,-0.031679599476209644,0.05224762512898106,0.16231855892872843,0.3539448539448539,0.10724885131664792,0.020812337761490305,0.09947713507035541,0.1515901109121448,0.3313122058884771,0.1829703355127084,0.22144995534826042,-0.006453448826330182,0.08984253899508136,-0.09904958888009735,-0.11399797332000722,-0.03162222314764688,-0.026392648426546733,-0.06297283415927483,-0.11160066075320313,-0.06298579010443417,-0.04583304413812889,-0.2862500404873286,-0.11212491381982907,-0.1857988959683875,-0.14221648458936595,-0.12576012067537493,-0.02416515128379535,0.07149275623851895,0.1555180758570589,-0.06214041468278757,0.02173683699107428,0.22305279084940102,0.2957957957957958,-0.20216179199230047,-0.06162125145175992,-0.21556147827334268,-0.06845597523563625,-0.07156216308758681,-0.07725398742347894,-0.1855592109829398,-0.16489355302914624,-0.23248610706237824,-0.29867710545676646,0.26238750306546915,0.43895991523110167,-0.05726296404262506,0.23867025731432512,-0.0180587367028045,0.16932494898596592,0.07088799122697428,-0.03972385328317532,-0.06523919913750423,-0.11403545301850386,0.12538532369040845,-0.25054253020354716,0.30075375838087703,-0.3179088179088179,0.07244640634471143,-0.17672880893219875,-0.13201645405035237,0.0484367264028281,-0.009041861584234466,0.22042134584507467,-0.04210265735689465,-0.01860751352276776,-0.035249887792260674,0.2208387123641361,0.07349028535469214,0.24407196102111356,-0.004924184585201535,0.13736031871625093,0.017202256185307033,-0.3276100445591971,-0.10152741339182017,-0.04512601970229089,-0.0836921667430142
#26,0.2009175585446772,0.26234909794231825,0.14787129193908854,0.09387137522730743,0.024447868515665126,0.13869154208137258,1.0,0.11186764576595085,0.04265837486176469,0.3625295557498947,0.30861570353095774,0.03994734333717385,0.2022089886496666,0.3043712433542942,-0.039138059477042526,-0.06443685596227969,0.02411980547573768,0.19813434389705575,0.08664565952701546,-0.0701453379419481,-0.1271306745883017,-0.10321955237209475,-0.0714140951429087,0.1534858433163518,-0.0828907489924439,0.03226585599466955,0.1108857702078041,0.052770027346298536,-0.048873526839628534,0.00733028868622089,0.1725278437142844,0.15647727851117682,0.07594080983911493,0.3996608318642217,0.021128832993239772,-0.21919885987682597,0.0968322714085426,0.14539855726296405,0.34202538439826574,0.04907758297588806,0.09196222416561399,-0.09358079188587663,0.11570815808103943,0.14824099908845673,0.07534159737549569,-0.015251923726499998,-0.006052277238717917,-0.0014894709809964047,-0.0853366463535955,0.04685610109338923,0.15189318748640782,0.13102069712239203,0.23481540091709582,-0.005968989019836477,-0.053337775371673675,0.09480003886783547,-0.28544121933952443,-0.18964125913278457,0.034404049658286945,0.046628909340773746,-0.19414807719892466,-0.0335188809765081,-0.11926132604098706,-0.1496064631657852,0.11160019804087601,0.03506572828606727,-0.05180989926752639,0.47266989639870993,-0.029180027485112232,-0.12370290166900337,-0.03510228255990968,-0.047748210460074866,-0.08291666088276257,-0.03596662918696817,-0.33506248929977744,-0.19089104512833327,-0.2032667490294609,-0.09024093430873092,0.04504782131900776,0.08959961502334383,-0.1271302118759746,0.06994775977826825,0.08653692213014247,0.153175826057182,-0.21252932439373118,-0.015212593178694873,-0.11152570135620983,0.11671270654321501,0.03273689714367681,0.041940708042402956,0.19319396438040506,-0.008237667559701458,0.045195889263685875,-0.06095448298838129,-0.0678974814568035,0.009015486981588676,0.14579602715195936,0.16624698658596965,0.13843427402749436,0.10855693906541364,0.052784834140766346,-0.02354419134080151,0.3278451024213736,0.08979441691306098,0.20793736725940115,0.21285599929667726,0.16372427897851627,-0.2351777046692301,-0.29854754600517314,-0.09167025268720184,-0.09124178107228954
#49,0.5560011475265713,0.38797780831679135,0.1967790594909239,0.2590467200636692,0.025949832729493746,0.15893844537912336,0.11186764576595085,1.0,0.3051634068583221,0.30587644655441265,0.37420517590009117,-0.15503176520125672,-0.04602923416482738,0.3792459639917267,-0.0771341449307551,0.03360078105840818,0.005544681815868257,0.16048205370239269,0.25327160750889566,0.16848882781086172,-0.05919108630973038,0.12598916327729887,-0.007528792274554987,-0.05231101671779638,-0.015048330302567591,-0.06856101093389229,0.049387137522730745,0.007781433205162018,0.15682246190720767,0.10208636988298005,0.15646108357972766,-0.005683958226331108,0.21522878811014404,-0.10255185848406187,0.20402143283499216,0.04881707593572,0.21536991536991537,0.11592008032685999,0.07134422558151372,0.12504846911626571,0.07143908160857314,0.13837782312358585,-0.09440765881443848,0.12658883845324523,-0.04011669604889944,-0.2791700791700792,0.0786888583498753,0.07817432224211886,-0.16201455692981118,-0.23395892039959837,-0.13793315657722438,-0.08318410860783743,-0.11935710749270072,-0.08713983629237866,-0.21121984850798411,0.028515572583369193,-0.2479573564319327,-0.15150358370697353,-0.2182498368939047,-0.21594506679252443,0.024453883775917673,0.11435703808585164,0.12081511403545302,-0.00880078846180541,0.17135486796503746,0.2134575253219321,0.14163763146813993,0.14778245117228167,0.23383213722196772,0.2400384976656163,0.099028766825377,0.23798683120717018,0.07473822050093236,-0.1726301031385777,-0.04216373538407437,-0.17623463216683555,-0.12182475233322691,-0.23238153407644932,-0.03374468459214222,0.1211223550206601,-0.2022932022932023,-0.0016615999666847125,-0.22254704627585983,0.04782779698033935,-0.2738623060656959,-0.19111175890836907,-0.29961918775478097,0.0720970585377365,0.19551585483788875,-0.06708079419943827,-0.004173665190614343,-0.29998473049320507,-0.37049052133797894,-0.12725606962895097,-0.19917035679747544,0.014244136278034582,0.20398996839674804,-0.01024676448405262,-0.03809556860404318,0.01749376495139207,0.08794079133062184,0.11118144338483321,0.005835265157299056,0.17372025338127034,0.05128055636530213,0.1855254329830601,0.10654876756571671,0.024360415885839613,-0.01987071817580292,0.06076014381099127,-0.02277655159011091
#50,0.04851816377240106,0.36450163568807636,-0.019444097410199104,0.08664242054072563,-0.2126806313246991,-0.050595279408838734,0.04265837486176469,0.3051634068583221,1.0,0.19509941374348155,0.22811995354368236,-0.053069402221944596,0.02576197152468339,0.17410800631139614,-0.07320109015024269,-0.02940351753911076,-0.18929977743537066,0.015574434218502015,0.06892100112439095,-0.008249698080206555,-0.0023103226493057,-0.01477440460491308,0.03168792829809779,-0.05605297130720859,0.04384245570686249,-0.055699459089289596,0.08164744096947486,0.016588236927219977,-0.0651054752749668,-0.23754447822244432,0.04295913787439211,-0.19946973167312151,0.14779957152838508,-0.18487439673880351,-0.07944030316911672,-0.16093875076925923,0.12195477449714738,-0.18817075935720004,-0.1521777555675861,-0.1408204814984476,0.02400597824326638,-0.07179629552510909,-0.10151214388502525,-0.11711619169246287,0.08072664343850784,-0.2743805438720693,0.00466228940805212,-0.02583415464771397,-0.06485005807039705,-0.0049524100371558,0.026878496370021793,0.08859229028720554,0.020303816913986406,0.00803962668369448,-0.12935308189545477,-0.2026615213055891,0.025941041195278482,-0.037798970002359836,0.010018184594455781,0.12096086841849554,0.13525266406622338,0.07694859728758034,-0.13411022733056632,0.0037854495481614127,0.002062308841969859,0.025888291989986906,0.20725671742620896,-0.08214994655672622,0.2620636044364858,0.25847897203829406,0.4241369258318411,0.3179166840183789,0.10241859733385157,-0.13710860321029814,-0.016180587367028047,-0.016467006297514773,0.1255010017721882,0.1454772183585743,-0.2778249744351439,-0.2616911210131549,-0.04990630075375838,-0.12458344322751103,-0.01504324046696928,0.0054891563366139635,-0.11594090238158035,-0.022380932550424077,-0.0950064085657306,0.016996349199739032,-0.021763674306047188,-0.08257980630861987,-0.13598097326910885,-0.014195088771359958,-0.24943849859104097,-0.057338386151945475,-0.07121050171897629,-0.14742061013247454,-0.21437415844195506,0.026146485468519366,-0.1192988057394837,-0.026270492372187287,0.05134672422808016,-0.06401208604598435,-0.12928969030663945,-0.11433066348320585,-0.06612436781928308,-0.07528838545787699,-0.02591698015426829,0.20070887528514647,0.026571255384814706,0.0543289051763628,0.10452532655922486
#51,0.34260423751949176,0.451256958036619,0.3860834640495657,0.47331445467038685,0.16835279038668868,0.2866706459926799,0.3625295557498947,0.30587644655441265,0.19509941374348155,1.0,0.4301841132349607,0.16065927252367931,0.27055807733773835,0.47755151144981656,-0.034048686591059474,-0.07945927437452861,0.47842881402203435,0.15321885830360407,0.1425690713826307,-0.015269969507257643,-0.1342328460972529,-0.016722886214411637,0.15662349560654645,-0.00772405687659925,0.06489679201543608,0.020139091325532002,0.06012252622422114,0.16918891156179292,0.023099524794440048,-0.15945298148687978,0.25944187639102895,-0.0818251225030886,0.26363543821170937,0.25120282069434613,0.012724126283448317,-0.17993494264680707,0.22967466696280256,0.10051916323102764,0.4975901942003637,0.16833474460593104,-0.04223453037012359,-0.14454115132081233,0.11681080155656427,0.15167062285706354,0.14720729974967264,-0.06944247791705419,0.02466256703544839,0.07311548836972566,-0.18462915920543038,-0.03145703484686536,-0.00169398982958305,-0.00573485658231421,0.10879986303715117,0.020572652776042605,-0.09093777907337229,0.1737609720660568,-0.35159566346007026,-0.0982296626364423,-0.2934544714205731,-0.039403193640481775,-0.2127722483654687,-0.06724505707556555,-0.06061855383889282,-0.08975045924198466,0.14062336604709486,0.2475631255292272,0.1766640292064021,0.3002146985197833,-0.04381746924119805,0.016134316134316134,0.0764100001388137,0.2305741797267221,-0.0868501783756021,-0.06981033421711388,-0.3239088086545714,-0.20268743319590776,-0.18772516738618433,-0.13917183747692222,0.19976216586386078,0.1654085518492298,-0.08980876099520167,-0.0985544866900799,0.10691014589319674,-0.01951350425926697,-0.09026453263741399,-0.3043828111624722,-0.27960040163429994,0.05469074621616995,-0.007705548383514485,-0.18063456368541114,0.08595205374866392,-0.3770517821365279,-0.12329664024579279,-0.2911432233466132,-0.285427800682038,0.28393832970104155,0.0835538157572056,0.2317531707362216,-0.00251761777185506,0.07705224484885502,0.11094916179661943,0.2157049190947496,0.1619886450394925,0.21898878848031392,0.16786694244321362,0.11679090492649814,0.10233854810125996,-0.20017953238292222,-0.1503134876016232,-0.09010859858317485,-0.08840535450704942
#52,0.45354090608327896,0.49925503315333825,0.17456840507687965,0.3327891836366413,0.08527649375107002,-0.0463758056978396,0.30861570353095774,0.37420517590009117,0.22811995354368236,0.4301841132349607,1.0,-0.17628460509816443,0.040911173114562945,0.4515262566110024,-0.057121836782853735,0.054060069314306604,0.06836111920857683,0.19867710545676648,0.1992249568520755,0.15806900891646655,0.067779027101061,0.08742255352424844,-0.08708338538847013,0.056649870209192245,0.0044554569978298795,0.015334749233054317,0.16959517298500348,0.19695442746290204,0.12250216318012928,0.019422349930824506,0.22746382746382746,0.08758589097572149,0.23282296163652097,0.12499479448631991,0.11842057774261164,0.02430118870796837,0.23628821425431595,0.15021863157456378,0.025030423335508083,0.09073140937547718,-0.0022464683481632636,-0.05489942947570066,0.03294696854018888,0.10257221782645512,-0.0855374635035652,-0.4077874484654146,0.04879301489470981,0.11668910821453195,-0.012149900285493506,0.10070794986049224,0.08050870593243474,0.13584678669424433,0.14160431618058736,0.09318424742153555,-0.03791881249508368,0.15371072150733167,-0.1906254482525669,0.1281643739270858,-0.25823188365561245,-0.15691315352332302,-0.08805600670007449,0.14714807257180137,-0.0854768481887126,-0.048859182757487844,0.17007037854495483,0.15967230712993424,0.038771591313964196,0.08837203921949685,0.23477005510903817,0.11094314653636687,0.14557253709796084,0.15988145310179208,0.0542488559437712,-0.1459399306856934,-0.12665731987765885,-0.07011803791464809,-0.1155934054239139,-0.1476056950633222,0.01817811648320123,0.006581157428615056,-0.13153893492876545,-0.10046595131340894,-0.09684985447697313,0.061233035809306995,-0.06434940333245417,-0.3880319456590643,-0.3326105766783733,0.07065247065247066,0.11700328988464581,-0.0033426338511084275,0.018878662946459557,-0.3010082501607925,-0.3174146411434547,-0.24693753846296218,-0.2510644697085375,0.0735425718476566,0.20066214134010743,0.03238107136412221,0.0612404392065409,0.014847050440270779,0.12644447220718408,-0.04913495930445083,0.24178060957721975,0.0524012456215846,0.15053512680631326,-0.004560029983758798,0.057140345275938496,-0.002677716237038271,-0.04162421281065349,-0.08237852644632306,-0.1493135662627188
#53,-0.22685628617832007,-0.3638968706765317,-0.2134690931301101,-0.11529958309619326,0.3045285655455147,0.27186801593581256,0.03994734333717385,-0.15503176520125672,-0.053069402221944596,0.16065927252367931,-0.17628460509816443,1.0,0.517147656130707,0.221455970608513,0.018350708181216657,-0.25920219140558126,0.1920182123571954,-0.3696377425190985,-0.32601831415390736,-0.4510640069962104,-0.3198424927238487,-0.5328428582665871,-0.006528408223323477,-0.0758311470175877,-0.21411226326480565,-0.15516872805008397,-0.22958212449737875,-0.19550845144065482,-0.04974018702832262,-0.11858252705710333,-0.041465039770124515,-0.06762725745776593,-0.07078526909035383,0.03824595011035689,-0.05871032820185362,-0.1964861625878575,0.020977063349944706,-0.03181008435245723,0.1931564846819084,-0.14415848822628483,-0.02705617790363553,-0.06296404262505957,0.3667323718171176,0.1688229061110417,0.3975152348033704,0.349601836042514,-0.08276442852714039,-0.07138401884164595,-0.058755674009911295,-0.06144171906883771,-0.14498766871648228,-0.17906874517044008,-0.10819417260095227,-0.31213416806637145,-0.28206619562551766,-0.3397881702966449,-0.10393212935585817,-0.3444282495129953,0.19556258878292776,0.13965028202316337,-0.22770675143556499,-0.06594668628566934,0.09735421091353295,0.036089247953654736,-0.2612501561654104,-0.22937621751181073,0.1572856369466539,0.1356908526400052,-0.5041514549989127,-0.327698885326004,-0.3750704479518039,-0.2708722590078522,0.10340648815225087,-0.016678928543335324,-0.09737225669429059,-0.11477209104327749,-0.1566586617434075,-0.1716394360462157,0.22616869566022108,-0.017463688650129327,0.36613408477815257,0.10359249850775275,0.0054229884738359315,0.3149035013441793,0.40900993443366324,0.2531878565776871,0.04038877089724548,-0.10322880661863713,-0.029053707019808715,0.29779517576127745,0.19747960595418224,0.1659938829430355,0.3924638043282111,0.1335216572504708,0.13676758422521135,0.008846596982190202,-0.16695678729577035,-0.04017823678840628,-0.19956319956319957,-0.27584410296274703,-0.23852404021895549,0.12319900794477065,-0.013419120198781215,-0.0212796772118806,-0.13326300105961122,-0.1778023015311151,-0.1344753073566633,-0.2896125709685032,0.11594275323088882,0.028334189351138503,0.04652896347811602
#54,-0.1606472420031742,-0.062367143723075925,-0.019956782668647075,-0.04388039811768625,0.18246782992545704,0.3083209557785829,0.2022089886496666,-0.04602923416482738,0.02576197152468339,0.27055807733773835,0.040911173114562945,0.517147656130707,1.0,0.3637885959919858,-0.02671515891854875,-0.2814979848878154,0.14673163147739418,-0.1634151871440007,-0.13031413539888115,-0.24334781622917215,-0.23216683555666606,-0.3027383315518909,0.11442042967466697,0.054048964218455745,-0.13544839138059478,-0.02621774316689571,-0.10775320775320775,0.029333185265388657,0.04200733861750811,0.03269617845889032,-0.07911177741686216,-0.07296140516479499,-0.02423825983148017,0.030769907041093482,-0.052870435921283376,-0.31517788975416094,0.08327480022395277,-0.055901664376240646,0.17097174215818284,-0.16716917225391803,0.14226969650698465,-0.19183544098798336,0.4056867345002938,0.4451519315926096,0.40214652248550553,0.10761208049343643,0.056896958591873846,0.07317147656130707,-0.037813776796827646,0.013522767760055896,0.029846333236163744,0.027038594835205005,0.035766274749325595,-0.10515183905014414,-0.09181184265930029,-0.07706334994470587,-0.1975763128305501,-0.1588893978724487,-0.053327132988149936,0.07281703891873384,-0.35511273985850256,-0.24119296492177847,0.009149673556453217,-0.013671298417061129,-0.12985096035943494,-0.1092945025148415,0.26438734574327794,0.2419416334670572,-0.40939028396655514,-0.22443167358421595,-0.2730396035480781,-0.14943016976915283,-0.02164892164892165,-0.2930088794495574,-0.19967656408334375,-0.24435514096531047,-0.282836611650171,-0.1663062137638409,0.2553260502413045,0.020869714090053074,0.38052813985017375,0.40721646145374957,0.15178398737720772,0.4782987918581139,0.2783649597208919,-0.05199498419837403,-0.25535890281652995,-0.049412123988395174,0.13060888315125604,0.035776917132849334,0.4324648222953308,-0.10748252104184308,0.13357024204481832,-0.07540313811500252,-0.07663117663117663,0.07970913903117292,-0.08656052045882555,0.06287057473498152,0.08059338228829754,-0.1115442098492946,0.0010128772840637247,-0.026338511084273795,0.040195819856836804,-0.1018670442399256,0.07068902492631306,-0.09684522735370193,0.05194871296566212,-0.3796448220177034,-0.10953372478796207,-0.09769152820000278,-0.021023797294983736
#58,0.1881434593299,0.18859969368443943,0.09644359305376254,0.23375023714006765,0.256835417852367,0.32397127481873245,0.3043712433542942,0.3792459639917267,0.17410800631139614,0.47755151144981656,0.4515262566110024,0.221455970608513,0.3637885959919858,1.0,0.049091927058028756,0.024410388817168477,0.2396359379410227,-0.07663441561746646,0.10535034263847823,0.049457469796452845,-0.22207693055150682,-0.06367708232115012,-0.004641930065658879,-0.0681788105516919,-0.192245866822138,-0.17454480674819658,-0.1521638741977725,0.01348436263690501,0.15981574795134118,0.07470953233665098,0.15673500927738215,0.007259956412498786,0.2187828814947459,0.08875192604006163,0.11965833321765525,-0.1440849169662729,0.26613547291513395,0.22674245894584877,0.2585932619830925,0.05043564365598264,0.11139382834298088,-0.0434843163656723,0.30401680571172096,0.41105558563185685,0.19119042000397932,-0.1418615842344656,0.020198781215730367,0.11100885168681779,-0.18875423960169724,-0.14588533063109335,-0.09489443218256778,-0.07634522041301703,-0.07927141316971825,-0.1868349088688072,-0.28983004576224913,0.005378105378105378,-0.39248647723223995,-0.12182799131951674,-0.2890179856281551,-0.2535075907957264,-0.2168741931453796,-0.04043134043134043,0.07348982264236502,0.007598661835949971,-0.10486079299638622,-0.029412309073326023,0.44682417394281804,0.4159617244363007,5.043564365598264e-05,0.17243206226257074,-0.06221306051814526,0.1433029331334416,0.15300832419476487,-0.1351244927516114,-0.17100875914435237,-0.22322121813647236,-0.190882253594118,-0.3039224123969887,0.2501172975749247,0.18708107182683453,0.04214198790469977,0.19572407538509234,-0.07940050990898448,0.1939699329529838,-0.0428957462855768,-0.2589601928584979,-0.37583716227784025,-0.06683833294002786,0.24059375245815923,-0.1251132488420624,0.24709902506512677,-0.3471665810648861,-0.21877455267285775,-0.2366643993762638,-0.29870533090872076,0.041278103989968395,0.046704331450094165,0.03887431345058464,-0.06807979011368842,-0.07339635475228695,-0.024059190160885077,0.02929431742991065,0.057828398506364606,0.1282930079540249,0.0868524919372377,0.0406145745128796,0.010368457826084945,-0.2294335938403735,-0.29592257897342644,-0.11784403818302124,-0.17169866322408694
#101,0.15427939495736107,-0.15530106377564004,-0.09749950258424835,0.11235719540804287,0.11618706533960771,0.12508270982847253,-0.039138059477042526,-0.0771341449307551,-0.07320109015024269,-0.034048686591059474,-0.057121836782853735,0.018350708181216657,-0.02671515891854875,0.049091927058028756,1.0,0.552802879921524,0.037352452606689894,-0.3386989454786065,0.01429225836005497,0.06404308777190133,0.35112554773571725,0.09075917211510431,0.09500224415478653,-0.08323778323778323,0.26972704599823244,-0.14438660540355455,-0.3444245478143783,-0.43144315347705176,0.26985336646353597,0.17481271718559854,-0.3694632999717746,-0.08927062655876215,-0.4032001184543557,-0.2481243955820227,-0.02268354641235997,0.10013141030090182,0.00035813934119018867,0.2783131359402546,-0.02817455359828241,-0.09719735143463958,-0.0029803300989741668,-0.006282245265296113,-0.10909461078952605,0.14383644044660993,-0.12312867567104856,-0.07432409296816077,-0.2762383338654525,-0.3611307763850137,-0.5005945853403481,-0.5050750288038424,-0.26573568946450304,-0.33261381566466314,-0.4343952581240717,-0.4466529703817839,-0.0752499803347261,-0.271609359744953,-0.052462786361091446,0.023984230763891782,-0.05792695623204098,-0.36705858400773655,0.2953788919890615,0.1258688580722479,0.1458691356996442,0.4814461611071781,-0.38362553616790906,-0.13813166016555847,0.400411813971136,0.24959859705622417,0.3781535001873985,0.3605357283323385,0.07407376559918932,0.24069277289616273,0.14008847059694518,-0.17108186769203718,0.15305829712609373,-0.22168732677207253,0.22350763706695911,0.06060976230467756,0.08489521879352388,0.2711096304316643,-0.04226090497276938,0.0997408810968133,-0.0710263422127829,-0.08702785990921584,0.00664131003114054,-0.02402633758565962,0.11576877339589205,-0.14250058995821707,0.04389289135051847,-0.22849613866563018,-0.05075722872333042,-0.15339792797419916,-0.18687100043032245,0.11725315454129014,0.21304756220010457,-0.22640791793334167,-0.018709310234733965,0.050856711873661024,-0.27718596871139245,-0.20165836098039489,-0.3945386064030132,-0.1493718680159358,-0.2897125168311609,-0.19175076463212057,-0.3210450820620312,-0.2716496157174123,-0.34362636905009786,0.035751005242530665,-0.13543636086008967,0.2626202473660101,0.27013700912005995
#102,0.19162027975587298,0.10728401745350898,0.028286529981445235,0.04122674292165818,-0.08103989968396748,-0.025800376647834276,-0.06443685596227969,0.03360078105840818,-0.02940351753911076,-0.07945927437452861,0.054060069314306604,-0.25920219140558126,-0.2814979848878154,0.024410388817168477,0.552802879921524,1.0,-0.04356575373524526,0.01334971334971335,0.17905393837597228,0.20095041111990264,0.0751676175404989,0.30932041440516017,0.05100986965393745,0.11721012229486806,0.27980908489383066,0.09941235534455874,-0.11100191100191101,-0.29687067653169347,0.2186107525090576,0.12583554278469533,-0.15139762258406325,0.061556009013636136,-0.22426370900947173,-0.1001378882734815,0.04338205694137898,0.21682468292637785,-0.11564522920455124,0.251742343267767,-0.059980010827468455,0.11961530097123317,-0.043645802967836864,0.08084000795865202,-0.179969646071341,0.040549332074755806,-0.2405224947597829,-0.1538731335341505,-0.0663404544760477,-0.26814364441483085,-0.4145462874276434,-0.40064825997029385,-0.23565938820176108,-0.350973315380095,-0.3414192312497397,-0.31635040279108073,-0.18258906055516225,-0.050184390862356966,-0.31009221856679486,0.0014843811453980945,-0.10779762813661119,-0.17158946311488685,0.23032338964542354,0.06417033366185909,0.010678475085254746,0.29877057334684454,-0.06478296478296479,0.05060684721701671,0.1482479397733635,0.21341125408922018,0.433627155661054,0.4950966374695188,0.12437013284470912,0.3156207054512139,-0.057779350999689984,-0.16918752342481155,-0.13854208599971313,-0.24415571195232214,0.027127898314338993,0.03804605838504144,0.04427370359573749,0.43542849475052864,-0.13508793847776898,0.07489091556888167,0.0009814128458196256,-0.22260997515234804,-0.23771244279718856,-0.1476616832549036,0.016004293970395666,-0.06304501728230542,0.09302738794264218,-0.1852371632032649,-0.11151181998639625,-0.08056238056238056,-0.3968304205592341,0.12182614047020826,0.08103712341000477,-0.146412359971682,0.3445985276493751,-0.0302641624675523,-0.13098876997182082,-0.03823623315148739,-0.24799067171948527,-0.16478990546787156,-0.1272324713002679,-0.1471240115307912,-0.3018550137194205,-0.13374052018119814,-0.1926405604371706,0.07153208678632407,-0.14529907411263343,0.22989075361956718,0.20254954492242627
#201,0.18021118190609717,0.11186718305362373,0.44995118384948896,0.4222365663043629,0.2308402393148156,0.40313302516692345,0.02411980547573768,0.005544681815868257,-0.18929977743537066,0.47842881402203435,0.06836111920857683,0.1920182123571954,0.14673163147739418,0.2396359379410227,0.037352452606689894,-0.04356575373524526,1.0,0.14075477634799669,-0.04352179606416894,-0.14623190216410556,-0.24704812670914367,-0.1278710143116923,0.31010239823799146,-0.14241683902700852,0.14828218048557032,-0.02454827709064997,0.09393893122706683,0.18345664616851057,0.07372811949083136,-0.07526154814290408,0.2958272602340399,-0.19890661077101754,0.06862717879667032,0.17524720406076338,0.040384143773974285,-0.15375838087702495,-0.07610553542756933,0.023859298435569623,0.37897203829407217,0.09564726513879056,-0.2359407172966495,-0.16472697659138338,0.013389043897518474,0.042688913875354555,0.1068874729891679,0.028887130582045836,0.05989579718393278,0.14452865808798013,-0.012622329571482113,-0.0142663464697363,-0.059489535760722204,-0.03658342471901794,0.0952534969484122,-0.035523813489915186,0.034591448150770185,0.12375842714825766,-0.23545810833946426,-0.16204324509409254,-0.10499960669452195,-0.07325661562949698,-0.12358861172420495,-0.07034569237959068,0.018595020289935545,-0.004376795902219631,0.10190313580144089,0.15081414233956608,0.09112749112749113,0.06465201719439008,-0.2118283152181457,-0.0685300092079753,-0.028764049103032156,0.12653608924795365,-0.17262686415228787,0.038243173836394175,-0.27078388095337247,-0.10416302280709061,-0.10316772859145741,-0.1363594719526923,0.3441122169935729,0.363863092676652,-0.08532739210705312,-0.06203445355987729,-0.015021955699921801,-0.018470550673940503,0.03392051527644748,-0.1379678600017583,-0.012740321214897486,-0.08631296936381683,-0.10300346571533012,-0.15600161023889839,-0.02072072072072072,-0.20797392153324357,0.04754739331010518,-0.17979474081168997,-0.10008375093120855,0.5735439599846379,-0.004340241628377222,0.25621168163541047,-0.06896866049408422,0.030006431701346956,0.03551317110639145,0.49981630320613374,0.10111513670835705,0.28840813078101213,0.05633291226511566,0.07581171309984869,0.04768528158358667,-0.22858775570639978,-0.12980977896232135,-0.060758292961682794,-0.058482211024583904
