,#10,#11,#12,#13,#17,#18,#26,#49,#50,#51,#52,#53,#54,#58,#101,#102,#201,#202,#301,#302,#401,#402,#501,#502,#601,#602,#701,#702,#801,#802,#901,#902,#1001,#1002,#1101,#1102,#1201,#1202,#1301,#1302,#1401,#1402,#1501,#1502,#1601,#1602,#1701,#1702,#1801,#1802,#1901,#1902,#2001,#2002,#2101,#2102,#2201,#2202,#2301,#2302,#2401,#2402,#2501,#2502,#2601,#2602,#2701,#2702,#2801,#2802,#2901,#2902,#3001,#3002,#3101,#3102,#3201,#3202,#3301,#3302,#3401,#3402,#3455,#3501,#3502,#3601,#3602,#3701,#3702,#3801,#3802,#3901,#3902,#4001,#4002,#4101,#4102,#4201,#4202,#4301,#4302,#4401,#4402,#4501,#4502,#4601,#4602,#4701,#4702,#4801,#4802
#10,1.0,0.1323954154462629,0.5917521527691019,0.6102190017444254,0.1949531966481119,0.40076162449043806,-0.4679358865799544,0.6009453212843043,-0.20076949059999907,0.38367180740062096,0.45587667791057623,0.157021890920196,-0.09378299717282768,-0.5133524896236761,-0.409315787281889,0.02470976369281454,0.45292272241424786,0.6139512393749682,-0.1946626133066811,-0.22628807544061783,-0.19569076009753975,0.23701143362160312,0.12483330788415534,0.08689876316994961,0.1337641185098812,0.18844884946579862,-0.05833506850456003,0.06477694952271223,-0.062255167339913105,-0.10888361396835973,0.11322524373371831,-0.2738845162573976,-0.05951452222638663,-0.19956042328923684,-0.1208169648847615,-0.3013862861320488,-0.1659577913815202,-0.28070813494542307,-0.1900419680080697,-0.2090164124062429,-0.08498914939592905,-0.0834330478398275,-0.4664584461194631,-0.2952474816881597,-0.195633383768977,-0.26293396632379684,-0.12071100376185122,-0.09260030446471125,-0.14735999481762194,-0.040260136870306364,0.04398126940499822,0.1882036119324255,0.029898619729128204,0.14603524942507992,-0.06139591054845292,0.052148604690977575,0.00043911399843603235,-0.043268692421234795,0.10513425598171361,-0.05322811255014645,0.18187694628372594,0.0850460630121647,-0.25426782714918306,-0.12357982018998968,0.3115039538768352,0.22207739326383394,-0.37155799867664274,-0.2246431331177094,0.08250021978835538,-0.040545167663811735,0.39324254917475254,0.4138429646904223,-0.05408551849229815,0.16719138244561974,-0.07691065487675657,0.12266550063160232,0.12918095290976647,0.25272930866151205,-0.19361919700902752,-0.02804545685901618,-0.18577668577668577,0.06722053332222824,-0.005871356718814346,0.24313589398335161,0.13323477560765695,0.009135792186639645,0.06373399593738577,-0.12238972408463934,-0.10090737887348057,-0.007489924439076982,-0.4475136153102255,0.04382996247403027,-0.13085921052022748,0.0764826459741714,0.11789863823762128,0.34070387799201357,0.2682810699759852,0.14639061249230742,0.2176714464850058,0.08292822869094056,0.11596033629931934,0.38470041690380674,-0.08024958702924805,0.24609170032898847,-0.01388322066288168,0.10024847651966295,-0.14804573448641245,0.09599892650740108,0.07897388914338067,0.09739261603668384,-0.014222851510987105
#11,0.1323954154462629,1.0,-0.003606379877566318,0.03614245987127343,0.15178306195255348,-0.09542840220806323,0.09864656644317661,0.05149895658370235,0.319385332944655,0.1610243525497763,0.20517358652951873,-0.10117899100949948,0.05423775084792034,0.07011063451741417,-0.12555236284049842,0.07963047793556269,-0.016031593997695694,0.038434274027494365,0.1863319405692287,0.06650379192752075,-0.041277641277641275,-0.07105965750033547,0.06599110666907278,-0.32293803819227546,-0.07395623666810107,-0.08061929417861621,0.16171703290347358,0.26001841595061936,0.1903570751028378,0.15214814197865045,0.18804351346724227,-0.1638654062382876,0.15807409875206485,0.10841118468237113,0.09421563319868405,0.03128814484746688,-0.30277951294900446,-0.18062530943886876,-0.24099353590879014,-0.10441705187467899,-0.0033643813304830255,-0.017963417963417962,-0.001902673089113767,0.0651855245075584,-0.1575956542058237,0.04048732862292184,0.13398899670086112,0.10066167862778032,0.1811056048344184,0.12782613121596173,-0.10780456882151797,-0.07320340371187829,0.11906744957592415,0.15430530684767974,-0.1824086027475858,0.0388516405465558,-0.1500960128078772,-0.14234650675328642,-0.18295321515660498,-0.013612533951517002,-0.04307389053151765,-0.18294673718402532,-0.3454406640847319,-0.1363455905828787,0.3131252978710606,0.2842030011521537,-0.061435703808585165,-0.16995423775084792,0.08317531707362216,-0.03146490095642638,0.17430743532438447,-0.051886246801501036,-0.2834885733190818,-0.11567669364279534,-0.2510362442565832,-0.11231370044929367,-0.10201464947227659,0.040375814952086135,-0.3421308828088489,-0.34552441501594044,0.023350314875738604,0.03507637066959101,-0.3095753688974028,-0.08327433751162565,0.08161505110657653,-0.14040913023963872,-0.06948180846485931,0.1170222610900577,0.10517682551580856,0.05078730502459316,0.044548554718046245,-0.03433464280921908,0.12895237302016962,0.07126325092426787,0.17876335503454147,-0.08588542317355877,0.028587292994072654,0.3757802486616046,0.35034310119055884,-0.12605903283869385,0.23870496073885905,0.019480651684041516,0.3456340778374677,0.3003683190123868,0.2843566216447572,0.35621584604635453,0.36147642249337164,-0.01648320122896394,0.03932915966814272,0.034381839466585226,0.05894862505031997
#12,0.5917521527691019,-0.003606379877566318,1.0,0.574126514804481,0.02293387378133141,0.39799784376055564,-0.2899961594876849,0.3125149803115905,-0.2830189203070559,0.3651906143431567,0.3545935766274749,0.05230037433427264,-0.13521518436772675,-0.39847860186843237,-0.2847221643831813,0.18052536357621105,0.6062827079776232,0.7897805355432475,-0.3314200178606958,-0.21225308513444108,-0.2322570644604543,0.22941323449798026,-0.05370748252104184,0.10582508548610244,-0.08436448775431826,0.22887463734921362,0.10882161051652577,0.2198003859020808,-0.11246593280491586,-0.2797082136065187,0.2300850927969572,-0.23245926974740533,0.07932184881337424,-0.05102467644840526,-0.2844709115895557,-0.30794199438267233,-0.1572810098233827,-0.28169602576382236,-0.03638584655533808,-0.0920714242748141,-0.14415941365093907,-0.0630931393643258,-0.41287219422812643,-0.3222435069892697,-0.10530916124136463,-0.2321483270635813,-0.10844635081923218,-0.08113660656033538,0.003142279413465854,0.09031543099339709,0.2613760139183868,0.4032153879611507,0.17613699986581344,0.2298037637020688,-0.020417181434130585,0.024728734898226423,-0.10421762286169066,-0.1026855823465993,0.2776907878602794,0.09800015732219122,0.1108612464544668,0.12802741107825855,-0.09414391278798058,0.09633948278016075,0.17797304237982203,0.11912066149354285,-0.1742232216808488,-0.06431655075722872,-0.09426144171906883,-0.02622838555041945,0.3075079702198346,0.33807058213837876,-0.17322931560219695,0.1261423210575753,-0.13367805401703706,0.15951776121267647,-0.10456326897004863,-0.013995197046044504,0.03214369994031011,0.2396701786532295,-0.08659059676008829,-0.06841895824946673,0.1747706103638307,-0.06111874586450858,0.011022733056631361,-0.08139248647723224,-0.07614208970141173,-0.21727582744531898,-0.13996909081654843,-0.24585895602844757,-0.3018665815275985,-0.049992365246602534,-0.1583341430799058,-0.12085953441885645,-0.033338423168931645,0.44886473530541326,0.24066732371817118,0.15369267572657402,0.21141650124700972,0.2269196777671354,0.26542150779438917,0.31122817732987224,-0.1159520074774312,0.16966874424501543,0.2268664658495167,0.031680062188536764,0.08048973472702287,0.009306070323019475,0.11168302354743033,-0.09930824507095694,-0.12452467876196689
#13,0.6102190017444254,0.03614245987127343,0.574126514804481,1.0,0.20450126551821468,0.5703762313931805,-0.31076731585206163,0.3678058644160339,-0.17700180920519903,0.3551756687349908,0.3512962885844242,0.10371234100047659,0.1297778518117501,-0.3865868950614713,-0.3780378221056187,-0.006641772743467659,0.3133085319525997,0.4762554542215559,-0.213927178333958,-0.226067361660582,-0.3332440298541993,0.12081280047381743,-0.016896403337081305,-0.07468500858331367,0.10878783251664607,0.0812703304228728,0.07782728799677953,0.21019956782668647,0.14476880578575493,0.14525419101690287,0.22948356677170237,-0.02922352244386143,0.14739654909146435,-0.036491807678248354,0.03751902904445277,-0.07335424793051912,-0.010003377799987969,-0.13030673200164725,-0.15421785421785422,-0.1356672543113221,0.05457784440835288,0.007645395780989001,-0.3404651184312201,-0.15704410111189773,-0.1840165280843247,-0.19126815567493533,0.07334360554699537,0.14976054637071587,-0.06266050333846944,-0.011991189957291652,0.045241235071743546,0.14112263264805638,0.0022302734167140947,0.09039964463693277,-0.21764646001934138,0.003505045877927234,-0.21641749607851302,-0.17021150580472613,0.06340593289745833,-0.013785588361859549,-0.03650198734944498,-0.053031459811120826,-0.14835575174558224,-0.0029826436606097623,0.36589625064201337,0.22254056830328017,-0.2968711392440206,-0.05944974250058996,-0.05280241720919687,-0.04377166072081326,0.17623416945450843,0.3245968618849975,-0.11009684569006603,-0.0024366431146092163,-0.14799946325370053,-0.0808441723695961,-0.11574656320419033,0.0282638570774164,-0.051938996006792616,0.05085069661340848,-0.14691764183289607,0.18478786953363224,0.047950415747025917,0.21659934202307082,0.0199743657370776,-0.09676378998412896,-0.09243187717763988,-0.07071678766594021,0.06912875895926743,-0.02873536093875077,-0.2112031908642078,-0.09120522679844714,-0.23318850437494507,-0.008055821615143649,0.05442514934040358,0.209020576817187,0.1750079817876428,0.16813439016828846,0.2968979765589935,0.14447961058130548,0.13318989251192642,0.2875747858798706,0.11936543631458886,0.11412290564832937,0.01783709749811445,0.15827954302530572,-0.06735795888338261,-0.15439461032681373,-0.15652123618225314,-0.07363603973773465,-0.02900327137615273
#17,0.1949531966481119,0.15178306195255348,0.02293387378133141,0.20450126551821468,1.0,0.2073353785218192,-0.2305015338913644,0.2753328058412804,0.06165086504069555,0.11114535182331793,0.04970224461749886,0.4354368235724168,-0.07418574198235216,-0.029244807210908906,-0.10471411318868946,-0.32646298070026886,0.02030289148933217,0.09908059060601433,-0.08662437475996798,-0.21267600420142793,-0.15131942420078012,-0.25710101472813335,-0.08050592965847203,-0.11780794662150594,0.03784616665972598,-0.19281268942285892,-0.05251692370336438,-0.1415423127287534,0.07918719952618258,0.2581421174641514,0.1913084116473947,0.05122641902302919,0.12160866567646228,0.10112901807817062,0.34788378517192076,0.24033972339057086,0.028375370748252103,-0.07770652007940143,-0.0009393060240517868,-0.02666240971325717,0.14886936242868445,0.022133844167742472,-0.16967383408061373,-0.26836667175650225,-0.053944853944853946,-0.11124761124761125,0.08269131997945557,0.10412970751953803,0.0547356293119005,0.03055382038432886,-0.06496203445355987,-0.030750935835681597,-0.07416908433857586,-0.11687882026865078,-0.20199151385592062,-0.1771586686840924,-0.16096790164586774,-0.24504273148340944,0.1778971575581745,-0.0679580967716561,-0.16446230514027124,-0.03912649166886455,0.13000874526298256,0.18031020234410064,-0.06037794342879089,-0.05569298111670993,-0.21479383852265208,-0.1810713641222116,0.018115187606713032,0.05308467172873953,0.05689973486583656,0.09657176436837454,-0.14795874456891406,-0.003977475163915842,-0.01833358782511325,-0.16808534266161385,-0.13898628983374747,-0.1260507040168057,-0.08368106164716334,-0.23868275054715732,-0.04875923689483012,0.330818491835441,-0.188869917683477,0.4072766140562751,0.47394790784621293,-0.0244205684883651,-0.0844283420554607,-0.08154009170958323,0.2110916771933721,0.3527931629626545,-0.13092399024602414,0.16382098585488417,0.2019572731437138,0.16896727235710288,0.04871620464840804,-0.0776500691754929,-0.02800427546190258,0.1994479841937469,0.08015982083778694,0.06189055002614325,0.11721706297977484,0.07187958374399052,0.3666116038997395,0.1297847924966569,-0.054078577807391365,0.306103175594701,0.0874456891406044,-0.14867317240198596,0.15687521111249925,-0.03075001041102736,-0.018790284891979807
#18,0.40076162449043806,-0.09542840220806323,0.39799784376055564,0.5703762313931805,0.2073353785218192,1.0,-0.28249281639112145,0.2870459056899735,-0.1346090312192007,0.17756122840868604,0.17621473553676945,0.2674009911298047,0.2560756442112374,-0.16805804263431381,-0.12027466603737791,-0.12050555948861033,0.26517256856239907,0.22441640407742103,-0.2095536214180282,-0.15896805896805896,-0.15460792070961563,-0.11122817732987225,-0.10529065274827987,-0.026588838453245233,0.10399459552001925,-0.12994581638649436,-0.033322228237482474,-0.03719327956616092,0.18203056677632948,0.2432663788595992,0.1623180962164013,0.03210436939250499,0.09805799636308112,-0.1183567234414692,0.06837268701675481,-0.19706918012002758,0.14667425514883142,-0.005421137624527455,0.004717814887306413,-0.1391251035318832,0.1107599124548277,-0.055156697529578885,0.0027360179902552783,0.009551770568719722,0.12989399260585702,-0.02777615828463286,0.0124427971885599,0.08233503148757386,-0.14410018647306783,-0.07683060564416497,0.03501899434102824,0.08917345697006714,-0.15158317022723802,-0.09028766825376995,-0.12732825275198156,-0.10639514707311318,-0.27373182118944833,-0.21122401291892817,0.12112975841789402,-0.02006228107923023,0.018092977415011313,0.003326901631986378,0.06388113845740964,0.04255241373885442,0.18306334069045935,0.14253483067042388,-0.03155836884650444,0.14838721618382636,-0.048002702239990376,0.0026897467575433677,0.1167145573925235,0.3684693938931227,0.04870463684023006,-0.01636983670881976,-0.09252256879375523,-0.12249753605685809,-0.013073474090423243,-0.017807946621505942,0.21292077902247394,0.17408810968133,-0.13935183257217157,0.16710392981579422,0.2628585442144764,0.25525016541965695,0.01508025745313881,0.16108589328928313,0.06685221430984142,0.03131128046382284,-0.07448372872101686,-0.0804351346724228,0.03614199715894631,0.07934544714205731,-0.33829314676772304,0.0034467441247102264,0.01095610248152621,0.07679821578126662,-0.014839647043036874,0.008905824160061448,0.024152658050963137,0.2856660975305043,0.10495333546181004,0.3736892516553533,0.002109042787008889,0.006942073043767959,-0.10247782451172281,0.05883202154388595,-0.1309980242183632,-0.08404012641300777,-0.16407316407316408,-0.016885298241230445,-0.06093597449529653
#26,-0.4679358865799544,0.09864656644317661,-0.2899961594876849,-0.31076731585206163,-0.2305015338913644,-0.28249281639112145,1.0,-0.3361114581453564,0.13835838920584684,0.15106123072224767,-0.046400792163504026,-0.3460246070415562,0.2212870806091145,0.6176561769782108,0.11957643313575517,0.04885409292188953,-0.13155559257254174,-0.3750926581435056,0.06275443394087461,0.18181170384560216,0.003179296399635383,0.00642846236066575,-0.015841881943576858,-0.21322339288440983,-0.1632675819116497,-0.1574628557679405,0.20678012372927626,0.10355177982296626,-0.12252807507044795,-0.08738276026411619,0.03845417065756049,0.2463133395336785,-0.03025675907031839,0.31258901428392954,-0.188085157576683,0.04725218284540318,0.026713770781567392,0.12793116691421777,-0.0260456141812074,-0.027104299985655916,-0.1399973162685027,-0.14844551793704336,0.3125811481743685,0.2974412008310313,0.10607587556740099,0.14790044281569706,0.20889656991351907,0.05683356700305853,0.24131650911311928,0.03868089969784885,-0.07479096970622394,-0.17863657185691084,0.05026860450589264,0.013000828255065542,-0.08108015565642684,-0.028984762883067967,0.030811088438207082,0.03244585108991889,-0.18342055460699527,0.20796050287575713,-0.06720804008939602,0.010310156072867937,0.025358949087762647,0.060114197402332994,0.04736138295460329,-0.11398733093648347,0.42602340398950567,0.4743032709134404,-0.13205994900910156,-0.09506517303127472,-0.08085944187639103,-0.337892900604765,-0.018485357468408316,-0.08330256296357991,-0.031275651614634664,0.054696298764095375,-0.08180059874975129,-0.1110939907550077,0.1960086434662706,0.14401134570626095,0.038880328710837186,-0.24031658777421488,-0.05267100690829504,-0.3709754438567998,-0.2775695572305742,-0.053812980931625,-0.0012849521324097596,0.093993993993994,-0.12435162435162435,-0.2673181656232504,0.24817575665033292,-0.14764410018647306,-0.03015958948162338,-0.11483178093347585,-0.13217331352924575,-0.1929427115867794,-0.2619766145189874,-0.0731844325064664,-0.09669715940902382,-0.13431382075449871,-0.11780979747081442,-0.20510047798183392,0.024169778407066543,-0.09128573874336586,0.05837023464142108,-0.19656482368346775,0.1301966064677929,-0.012866178967873882,-0.07101107270598796,-0.0025088262376397968,0.12603959892095484
#49,0.6009453212843043,0.05149895658370235,0.3125149803115905,0.3678058644160339,0.2753328058412804,0.2870459056899735,-0.3361114581453564,1.0,-0.13270635813008694,0.322586376823665,0.4532489346048668,0.3505929658472031,-0.13334073673056723,-0.17460033222745086,-0.22998514693429947,-0.15480688701027684,0.2641897675795981,0.41379114090978497,-0.15041204532729957,-0.2734925989163277,-0.24528287918118427,-0.059605676554829096,0.07370405844982116,-0.05517289246102806,0.16470522911200877,-0.07740066723117571,-0.09069809408792459,-0.13381270330422873,-0.017201793472979912,-0.06755090992379129,-0.0048344183937404275,-0.041817626563389276,-0.09199646487782082,-0.20195357144509687,-0.029269330964246217,-0.13448733787716838,0.05344188564527547,-0.19665875428587293,-0.07593710814049798,-0.24045586418467774,0.005113896639320368,0.011571972588921741,-0.3265712553848147,-0.1851524868474021,-0.12055044258434089,-0.24523892151010795,-0.1509483289144306,-0.12021358801019819,-0.26655561570815806,-0.09821207956801177,0.005458617323024103,-0.022292554495944326,-0.12412952243460718,-0.08087471138318596,-0.21193288820407463,-0.11769273125205329,-0.18731196527806698,-0.2236385846555338,0.21456988575632643,-0.03395059157771022,0.03478763817746869,0.15628155119680542,0.018314616619701365,-0.044881707593572,0.17712720424584832,0.11542220186287983,-0.1444287122253224,-0.19790159959651485,0.10966097067791983,-0.06683787022770074,0.3348778670812569,0.3007162786823804,0.034269863083422406,0.025806391908086822,-0.07731228917669596,0.006181373977984147,0.0982708440335559,0.06617434075061193,-0.09719364973602261,-0.08949781831137764,-0.15716070461833173,0.11051097322283764,0.08829985609646626,0.31249277011988874,0.19254940610872814,0.10434579417630264,-0.02005302683268785,-0.1074950142746753,0.03041315583688465,0.02070961562486986,-0.2758690894284115,0.05101588491419,-0.1779915508729068,0.058042171601493636,0.05569992180161672,0.2703725296945636,0.1254547305394763,0.06293442903612395,0.03664820444481461,0.11090103971459904,0.021776630251206523,0.17775834386003878,-0.04239092713668985,0.07764636747687595,-0.2671858298976943,0.02585034957916314,-0.21870699667309837,-0.029980519811028287,0.08790747604306927,0.05601271533474923,0.08581555361216378
#50,-0.20076949059999907,0.319385332944655,-0.2830189203070559,-0.17700180920519903,0.06165086504069555,-0.1346090312192007,0.13835838920584684,-0.13270635813008694,1.0,0.01331362178819806,-0.03280399043110908,0.10292850631833683,0.38316328655311704,0.14944914097456471,-0.022107006852769565,-0.07932184881337424,-0.06397044193654364,-0.249209455989117,0.21733274106155462,0.05644350051129712,-0.10779392643799424,-0.21955653650568904,0.23935877325707836,0.08758357741408589,0.09868080715538342,0.07675564624717167,-0.07482012058283245,-0.07424543187255052,0.32038988140683056,0.16906166567183517,0.1737290449154856,-0.27219746711272136,-0.001309475885747072,-0.23257355969220375,-0.13622574809015486,-0.008335299860723589,-0.23706742181318452,-0.15271959170264254,-0.08906934669646534,0.015568418958249466,-0.031074834464664972,-0.031841086078374214,0.3404049658286946,0.2743282573791048,0.11835070818121665,0.23380576261932196,-0.0557915388423863,-0.1209914074320854,0.001546847309559174,-0.2748580629936562,-0.3834210173193224,-0.26209414345007565,-0.18527232934012594,-0.0395998463795074,-0.12929246658060217,-0.11551890873924772,-0.1737077601484381,-0.23110259720429213,-0.03366232179791502,-0.1356302373251526,0.13867349630061496,0.012756053434019535,-0.20022349005399853,-0.2689436740284198,0.044821092278719395,0.12303844676726032,0.0036285900692680354,-0.2175650226497684,-0.1511852376259156,-0.13908531027175094,-0.1002276544649426,-0.2094856027059417,-0.16457150524947134,-0.09175030191979344,-0.19122558614084037,-0.10925239569307366,0.17814609679016458,0.19453074029345216,-0.06021553140197208,-0.17899424848577392,-0.34634341583494127,0.1867460681020003,-0.15362141802819768,-0.040694623745471205,-0.04783473766524614,0.1706510825154893,0.2792607707861945,0.3188365561246917,-0.18002655968757664,0.12082575641897676,0.360122063511894,0.3461338071507563,0.17368740080604486,0.2992249568520755,0.27075149109047414,0.08921232480554514,-0.005422063049181693,0.24038877089724547,0.14195967924781483,0.036222046391537914,0.051044110366144264,0.1461338071507563,0.13119282610808033,0.06925554213689807,0.2150029844945099,0.22392454087369343,0.12980145014043318,0.12193765414104397,-0.011496550479601327,0.24956204278238175,0.03939579024324787
#51,0.38367180740062096,0.1610243525497763,0.3651906143431567,0.3551756687349908,0.11114535182331793,0.17756122840868604,0.15106123072224767,0.322586376823665,0.01331362178819806,1.0,0.5334041283193826,0.01638418079096045,0.1565087429494209,0.08912487217571963,-0.27427967258475733,-0.16874609586473993,0.5708528250901133,0.25600670007449666,-0.13516752499803347,-0.18546990750380582,-0.24645446679344984,-0.038973796600915246,-0.07984610188000019,-0.18862097845148693,-0.1387887116700676,-0.07868330580194988,0.30201881388322066,0.07368647538139063,-0.031922986160274294,-0.18746234678438067,0.2663677545033477,-0.06654451061230722,-0.037704113975300414,0.017945834894987436,-0.16786000175830684,-0.1679779934017222,-0.03259068004830717,-0.4486213486213486,0.007367305672390418,-0.22764474798373102,-0.16704979247352128,-0.28519505638149706,-0.190971557073252,-0.2318503403249166,-0.08020331579653614,-0.28732445851089916,0.11802958582619599,-0.0635581652530805,0.07954811514133547,-0.07459431696719833,0.05927113554232198,0.05400130484876248,0.14636979043758705,0.09699884784630547,-0.22299263824687554,-0.1319692573929862,-0.07468315773400519,-0.2370401217858845,0.22185806762077948,0.00839221347695924,0.1241036105442885,0.182541401185469,-0.03957300906453449,0.16317874114484285,0.28431081312437245,0.05924105924105924,0.08877968877968878,0.044586034416542894,-0.17603612857850146,-0.14794208692513777,0.25846601609313474,0.14695836051768255,-0.24553181841317434,-0.07268007606990658,-0.14570626096049824,0.1145374958934281,0.013242364089821717,0.04066177117024575,0.14895588963385573,0.10302660133168608,-0.11848582018073543,-0.05324939731719393,0.0010771942975332806,-0.09441228593770967,0.01183710675236099,-0.03233248656977471,0.01916230560298357,0.07075473007676397,-0.07860464470633963,-0.1715445800191563,-0.2449474127440229,-0.0545079748469579,-0.12035887968091358,0.0330103601290042,-0.11738872925313604,0.37569048247014347,0.05157900581629395,0.1628946357759917,0.002794319743472286,0.14226784565767617,0.20731501917942596,0.15647635308652258,-0.03946242081835302,-0.00920566174803463,0.07197536519570417,0.011559942068416644,0.06775218978608809,0.05059805568280144,0.028528991240855648,0.04906694059236432,0.09895241929140235
#52,0.45587667791057623,0.20517358652951873,0.3545935766274749,0.3512962885844242,0.04970224461749886,0.17621473553676945,-0.046400792163504026,0.4532489346048668,-0.03280399043110908,0.5334041283193826,1.0,0.0775505860251623,0.07571037910020961,0.006386355538897911,-0.3354909609146897,-0.06912644539763184,0.23993299925503314,0.28871305820458365,-0.09672769842261368,-0.07554750436106368,-0.2423608508354271,0.10054322427203784,-0.07296742042504754,-0.1405710795541304,-0.1362359277613515,-0.03895945251877455,-0.0420628640967624,-0.028313367296418143,-0.10028364265652401,-0.09790715214444028,0.13646219408931273,-0.046385522656709095,-0.22128754332144163,-0.12581518344230208,-0.2043208077106382,-0.17894658911608063,-0.05106955954413581,-0.32086369882980054,-0.008373242271547357,-0.22125237718458057,-0.10220760051268526,-0.15210464701990126,-0.24013150284336726,-0.16138156646631224,-0.09238884493121781,-0.1972926701740261,-0.200365080026097,-0.1780109847906458,-0.06956046956046956,-0.003826630945275013,0.12511278612973528,0.10476130984605561,-0.005043564365598264,0.05629311900498341,-0.17819560700916634,-0.07819930870778329,-0.059131396419532016,-0.0046021368055266364,0.2197439349981723,0.14475446170361425,0.13793084301558878,0.2731307578765206,-0.042097567521296335,0.07559192474446712,0.16842960063299045,0.16294090700870362,-0.033649365852755686,-0.07234692319438082,0.05174326869242123,-0.014410250003470343,0.2697793324911969,0.23733533225058648,-0.18882040746447526,-0.07679127509635984,-0.07546421614218224,0.19464503023825058,0.11872411702920177,0.20072090580565158,0.05242808293655751,0.09375754799483613,-0.16391121475867237,-0.014557392523494219,-0.10066491761407016,0.05163175502158553,-0.02101222948680576,0.0050491169135236935,0.046595131340894054,0.05812499710804796,-0.037162277840243944,-0.11370646455392218,-0.1733172309443496,0.031095193807058216,-0.11071317850978868,0.016130614435699183,0.0493279103448595,0.19777990625448252,-0.0756326434292536,0.09279741991606398,-0.012041162888620515,0.11133043675416557,0.13970580750241768,0.1628386475844103,-0.1434556282013909,0.0021724343758242064,-0.0050491169135236935,0.016584072516275906,-0.14110828856591567,0.08204814984476001,0.05955755447280871,0.026456965440016286,0.09700301225724954
#53,0.157021890920196,-0.10117899100949948,0.05230037433427264,0.10371234100047659,0.4354368235724168,0.2674009911298047,-0.3460246070415562,0.3505929658472031,0.10292850631833683,0.01638418079096045,0.0775505860251623,1.0,0.11991236228524364,-0.04369438776218437,0.07811416963959336,-0.24614398682195293,0.08388974490669406,0.06095587112536265,-0.10341296612483053,-0.2540623828759422,-0.11108612464544668,-0.18302863726592541,0.10439761795694,0.11350518469162536,0.20190128495213241,0.011116663659036541,-0.25869829768134855,-0.4382552043568993,0.148867511579376,0.12454041098108895,0.0002595816155138189,0.09149072030427963,-0.036719462143190953,-0.1163175502158553,0.20459010628502153,0.16015213981315676,0.2704747891188569,0.014668443482002804,0.1884941952738563,-0.1028262468940435,0.20339353220709153,0.03364705229112009,0.04725634725634725,-0.0660642152167576,0.20491863203727612,-0.03214508807729147,-0.1809677165609369,-0.1955806345636854,-0.27644609170032897,-0.24537495893428096,-0.12115289403424996,-0.11880971880971881,-0.3147258198105656,-0.31415529551122773,-0.04837426023866702,-0.2992591975642823,-0.03246389687067653,-0.18676827829370202,0.40073941429873633,-0.12627002965986017,0.017430373362576752,0.15053836579260307,0.26827690556504113,0.1451718282226757,-0.2869852903751209,-0.1614944682741293,-0.011974995025842483,-0.05297685975652077,-0.04722303196879468,0.0025495449224262785,-0.18767519445485548,-0.002227034430424261,-0.045344882633018224,0.0149395929056946,-0.09432714686951975,-0.17669271737068348,-0.049509756289417305,-0.11760712947153625,0.2049672168316236,0.020090506531184497,-0.022251835811157843,0.3652993517400297,0.1442519561163629,0.5185519880435134,0.3599175446633074,0.17121374070526613,0.07542997542997543,0.13459700069869562,0.12306667221921459,0.2316490604626198,0.048365931416778876,0.3208678632407446,0.04189073511107409,0.12932115474488357,0.0858983791187181,0.15617281379993245,0.07714895172522292,-0.09503324588070351,-0.1810547064784353,0.09580412461768394,-0.16047881471610284,0.10198920029428504,-0.03153662136712984,-0.08863254625966491,-0.2787008888703804,-0.056626734592836285,-0.22654164179587907,-0.004562806257721512,0.14953104105646478,0.0867678155813749,0.11178759653335925
#54,-0.09378299717282768,0.05423775084792034,-0.13521518436772675,0.1297778518117501,-0.07418574198235216,0.2560756442112374,0.2212870806091145,-0.13334073673056723,0.38316328655311704,0.1565087429494209,0.07571037910020961,0.11991236228524364,1.0,0.16084435745452694,-0.011182368809487454,-0.18804305075491518,-0.023242502903519854,-0.262301438572625,0.12597713275679379,0.015859927724334505,-0.16504162097382435,-0.15686271787966702,0.17166766149816998,-0.09846286964931032,0.14420198318503402,-0.06123858835723243,0.10112300281791807,-0.0734578954917938,0.42223702901669,0.35967415797924274,0.13607999370711235,0.006042560279848415,-0.02198531351073724,-0.10487698792783538,-0.1555324199391996,-0.10559234118556153,0.04197263519297417,-0.02279737364483127,-0.08354548693531745,-0.20811180980672506,0.005419749487546098,0.00047844454624115644,0.4720336669489212,0.5440881559525628,0.37454017962492536,0.16171610747881934,0.12012798622968114,0.008977081858437791,-0.0432978432978433,-0.2574614676309592,-0.20826681843630995,-0.2021747479374598,-0.029316064909285247,-0.06299411892632231,-0.008110421669743703,-0.15846601609313474,-0.1403434250891878,-0.17976790349671706,0.035512245681737206,0.02014464387345743,0.013062831706899503,-0.04255519001281713,-0.09855494940240703,-0.16397969618308603,0.19036540392472595,0.14734888972177107,0.029379456498100566,0.22040885261224244,-0.340530823581671,-0.19194232753554788,-0.28865568187602086,-0.14221694730169307,-0.09988802361683717,-0.20940971788429416,-0.32253038863208355,-0.276123581208327,-0.047059694517321636,0.004414738313043398,0.25727221828916746,0.14660253473812795,-0.21251359217460913,0.20046363775177334,0.08941314195551484,0.08364913449659213,-0.32459362289870763,0.15256273222374916,0.14741413215989488,0.4212357195408043,-0.2268784963700218,-0.0470879199692759,0.4513254394610327,0.2356547610784899,-0.17607268285234387,0.14688293840836214,0.17434722858451673,0.0018605662673459283,-0.13394365089280344,0.09973579126121498,0.011398918178579196,-0.0028452180994553876,-0.1556795624592235,0.21622454503810437,0.04288417847739882,-0.11355330677364575,-0.0710726134454948,0.04195320127523517,-0.13988163818672295,-0.07012497859955487,-0.2608050269067218,0.15444643410745107,0.22281125501464485
#58,-0.5133524896236761,0.07011063451741417,-0.39847860186843237,-0.3865868950614713,-0.029244807210908906,-0.16805804263431381,0.6176561769782108,-0.17460033222745086,0.14944914097456471,0.08912487217571963,0.006386355538897911,-0.04369438776218437,0.16084435745452694,1.0,0.29113026740145387,-0.15645691916878357,-0.2554551469805707,-0.4402032232540707,0.011911140724700047,0.09838328312904585,-0.08043050754915161,-0.33321765525155356,-0.15417482197143215,-0.15923319313149822,-0.2128273111323959,-0.34222620154823546,0.06074811329048617,-0.20220667508803103,0.030416857535501603,0.07276706598740497,-0.051257883461273294,0.41259826853047193,0.008621718791210316,0.27053355358440107,0.12128060263653484,0.27063766385800286,0.27569372145643334,0.1354761541202219,0.17379798905222635,0.0683018920307056,0.10223166155369545,-0.04605560876747317,0.35132312589939707,0.21155531494514546,0.047418296570838944,0.11252423455813286,0.16128347145296298,-0.07758019961409791,0.13563671529773225,-0.13872578279357942,-0.11030090182632556,-0.36485422248134114,-0.1568257008934975,-0.2839887653446975,-0.23672547740344352,-0.21485908096077588,0.006686655839198212,-0.10995201673167775,-0.04610280542483932,-0.011941217025962788,-0.12523494218409473,0.0345845074658634,0.39611275373987237,0.20257082968947376,-0.17495060545908003,-0.2889222041764415,0.6317397520787351,0.2617045396706414,0.03311585853958735,0.14363516058431314,-0.039092713668984855,-0.17546652970381785,0.05334379063192622,-0.10663714562019647,0.10666768463378633,0.01990680973731821,0.019623167080794198,-0.23300989741667708,0.1762795152625661,0.035736661160389975,0.09315232027096434,-0.053632985836375664,-0.0035258679326475935,-0.15230546416987095,0.02659022659022659,0.008054896190489411,-0.04935150867354257,0.24373973357024203,0.11840114382487264,-0.13257263426754953,0.31904385124724105,-0.03589259521462911,0.010000601526025254,-0.09951045035790798,-0.17839179703586483,-0.2682630241952276,-0.18876349384823962,-0.13869709462929802,-0.3013196555569437,-0.0397914092829347,-0.09554361757751588,-0.2595575544728087,0.09156151529032885,-0.10449062313469093,-0.10062373621695656,-0.09490553727841863,0.11750718360887852,0.03537944724385402,0.008129392875155588,0.013395059157771023,0.24580805767246444
#101,-0.409315787281889,-0.12555236284049842,-0.2847221643831813,-0.3780378221056187,-0.10471411318868946,-0.12027466603737791,0.11957643313575517,-0.22998514693429947,-0.022107006852769565,-0.27427967258475733,-0.3354909609146897,0.07811416963959336,-0.011182368809487454,0.29113026740145387,1.0,0.21983786560057747,-0.18504930199845454,-0.3331852653886552,0.4394957361059056,0.20880680372205795,0.31757566503329215,-0.12286169065830083,-0.1239652595584799,0.12393981038048835,0.0943091010887621,-0.022674754878144708,-0.15143649041954127,-0.26334161588398874,0.263198637774909,0.08655543062322724,-0.16636081381844095,0.2980117251303692,-0.04155249239995003,0.1832396340870917,0.41427328715464307,0.23723769994956437,0.47165285470370216,0.5110083889744906,0.587211093990755,0.48330256296357993,0.40881420711929184,0.37227057566040617,0.3068833085782238,0.1828370743624981,0.14411915767847971,0.09975152348033704,0.030836537616198634,-0.08036248883706511,-0.15795009184839692,-0.24487569233331946,-0.23402370012539503,-0.1734023700125395,-0.2182863911677471,-0.2588523808862792,0.20554421910354115,0.13198036248883707,-0.15432983060101704,-0.1571815266730521,-0.07971284072978989,-0.19160547296140518,-0.31415390737424637,-0.1269048709726676,0.47570390112762995,0.13882341509460153,-0.4075102837814702,-0.2702198346266143,0.3139267156216309,0.13631181258299901,0.3756321807169265,0.31877455267285776,-0.27466696280255604,-0.13546643716135243,0.38272139628071833,0.09917359578376528,0.1554236825423266,-0.28473003049274237,-0.16293720531008665,-0.398143135431271,0.2778481100514999,0.3146369790437587,0.21912852760310386,-0.2619109093685365,0.027492052915781728,-0.15377365038381988,-0.1089169292559123,-0.12448210922787194,-0.21341680663714563,0.06894089775445708,0.07495153088373427,-0.1452379960854537,0.24836500599212463,0.03473211269821439,0.04220908119213204,-0.08421827065894863,-0.15999944474520747,-0.23377429818107784,0.005200423844491641,-0.3026661484288603,-0.33868645224577426,-0.05763914916457289,-0.16549415362974684,-0.36536413146582636,0.03787948194727856,-0.3159570973130295,-0.05828694642253964,-0.21460227561922476,0.006791691537454249,-0.24918076782483561,-0.11811750116834863,-0.32435578876256843,-0.18576002813290948
#102,0.02470976369281454,0.07963047793556269,0.18052536357621105,-0.006641772743467659,-0.32646298070026886,-0.12050555948861033,0.04885409292188953,-0.15480688701027684,-0.07932184881337424,-0.16874609586473993,-0.06912644539763184,-0.24614398682195293,-0.18804305075491518,-0.15645691916878357,0.21983786560057747,1.0,0.07887116700676022,0.23375764053730155,0.20571681080155657,0.4521587843621742,0.07617309142732871,0.6338002100713965,0.027603566586617435,0.1188458103712341,-0.020714242748141053,0.358544677188745,-0.0987067190457021,0.2018425204865883,0.01894436809691047,-0.12411841733875632,0.0133339811305913,-0.17408810968133,0.045361077564467396,0.02648657902895191,-0.09129314214059976,-0.09354192405039863,-0.17005742259979548,0.23998297218636203,-0.05143093787161584,0.3399459552001925,-0.05708667064599268,0.22655459774103842,-0.1334749233054318,0.08710698371715321,-0.22493926900706562,0.055314019720799384,-0.07121929325319155,-0.05553288265152672,-0.11882776459047646,-0.003888171684781854,-0.11635456720202483,0.1869566022108395,-0.041827806234585894,0.30774904334226366,-0.0022598870056497176,0.41764646001934136,-0.2577673204791849,0.19600077735670957,-0.16452153231814248,-0.03377892530434903,-0.16395285886811312,-0.18556106183224827,-0.11848165576979136,-0.025993327688242942,-0.049229352619183125,0.1422229625619456,0.004236131354775422,0.08066463998667389,0.2796036406205898,0.1741940708042403,-0.020697122392037647,-0.13031598624818963,0.021572111402619876,0.033206550155702695,-0.052604376333189894,0.043355219626406066,-0.2391926595316426,-0.10327739141298463,-0.05400500654737943,0.3536598231513486,0.029618216058894024,-0.22341231832757255,-0.06925461671224382,-0.28238315356959426,-0.32064483589907317,-0.23944900216086656,-0.20885214953011563,-0.05209261649939616,-0.03575979677674593,-0.2650184853574684,0.022178264551145906,-0.09221301424691256,-0.05185848406187389,-0.08391843307097545,-0.00475066746253187,-0.0052813985017374845,0.234015834015834,-0.0524373371830999,0.1431090566683787,-0.14759736624143405,-0.02181318452504893,-0.07358051425848036,-0.07139975106076801,-0.018231328400819927,0.15711443338561984,-0.15466113262723433,0.14086721544348663,-0.22859654724061504,-0.0716343462106174,-0.28743736031871625,-0.31850062697520326
#201,0.45292272241424786,-0.016031593997695694,0.6062827079776232,0.3133085319525997,0.02030289148933217,0.26517256856239907,-0.13155559257254174,0.2641897675795981,-0.06397044193654364,0.5708528250901133,0.23993299925503314,0.08388974490669406,-0.023242502903519854,-0.2554551469805707,-0.18504930199845454,0.07887116700676022,1.0,0.508060911450742,-0.25551206059680637,-0.2931972033666949,-0.14000101796711967,0.09760453828250439,0.048043883637103976,0.018707922097752606,0.10350874757654419,0.1137504222249985,0.18832761883609342,0.07099163878824896,-0.008619867941901841,-0.2547009258873666,0.36353410421207033,-0.1988668175108853,0.17982435440062558,-0.027192215327808546,-0.29038761411642766,-0.26470430368735454,-0.09205522934336494,-0.29990375583595924,0.010404086675273115,-0.029562227867312614,-0.22581194445601224,-0.19411985174697038,-0.307478356630899,-0.25755863721965416,4.7659369693267995e-05,-0.26296820703600365,-0.024913357116746946,-0.06275767292716446,-0.01230861061369536,-0.009135792186639645,0.23683976734824191,0.3236381219432067,0.24081955607379335,0.1823503009943688,0.021911742250725303,0.009351878843404268,-0.06815474951068172,-0.14491641101810593,0.30724931402897504,0.05780480017768153,0.21215406469643758,0.15199637233535537,-0.1872036905935211,0.07531892447146685,0.04319604658587709,-0.03346798262052499,-0.0898508678169695,-0.04233077453416437,-0.18166826302419523,-0.11191854412193396,0.16131910030215116,0.20336021691953896,-0.21312668600804194,0.04206425223374376,-0.17725630098511455,0.11506359980936252,-0.07562477731969257,-0.0075463753429855125,0.14033740982893525,0.19079572638894673,-0.12619183127657704,-0.07667235802829023,0.12665408089136904,-0.15441311881989847,0.01340708967827612,0.02105850071951767,0.1178963246759857,-0.0007569973671668587,-0.24503208909988572,-0.3835260530175784,-0.2464003294511769,0.03941198517469704,-0.11645451306468256,0.04645446679344985,-0.07350694299846842,0.6041033329168922,0.13820708227487888,0.34396461176122195,0.12022746938001175,0.30009115432844247,0.25509978391334326,0.4257712257712258,-0.03253978169232406,0.16719832313052652,0.19801126241804207,0.05446309175122734,0.06789840688145773,0.06368448571838402,0.15790011891706807,-0.06817279529143935,-0.18799724223453038
