,#10,#11,#12,#13,#17,#18,#26,#49,#50,#51,#52,#53,#54,#58,#101,#102,#201,#202,#301,#302,#401,#402,#501,#502,#601,#602,#701,#702,#801,#802,#901,#902,#1001,#1002,#1101,#1102,#1201,#1202,#1301,#1302,#1401,#1402,#1501,#1502,#1601,#1602,#1701,#1702,#1801,#1802,#1901,#1902,#2001,#2002,#2101,#2102,#2201,#2202,#2301,#2302,#2401,#2402,#2501,#2502,#2601,#2602,#2701,#2702,#2801,#2802,#2901,#2902,#3001,#3002,#3101,#3102,#3201,#3202,#3301,#3302,#3401,#3402,#3455,#3501,#3502,#3601,#3602,#3701,#3702,#3801,#3802,#3901,#3902,#4001,#4002,#4101,#4102,#4201,#4202,#4301,#4302,#4401,#4402,#4501,#4502,#4601,#4602,#4701,#4702,#4801,#4802
#10,1.0,0.5878593539610488,0.20191609174660022,0.4985077527450409,0.15578876256842358,0.12129633485565688,0.3393819088734343,0.6468982079151571,0.5385226520819741,0.6703096008180754,0.4686697483307653,0.2638922435532605,0.2184557438794727,0.27634799668697974,-0.031544950189017984,0.12745920034055627,0.4552594196661993,0.19340912561251544,0.02381857975078314,0.07150478675902405,-0.06305797322746476,0.1425565781497985,0.2674162606365996,0.07538555504657199,0.20196051213000366,0.2725134996321437,-0.11763628034814476,-0.16975804772414943,-0.04802074802074802,-0.14674967725815183,0.056502727689168364,-0.07452537283045757,0.008367689723621927,0.09435629774612825,-0.10920149733709056,-0.19457007084125727,0.13777490896134964,0.05942012891165434,0.21114118741237387,0.23212889314584229,-0.07814100695456627,-0.06314959026823434,-0.10936622292554496,0.044642022608124304,0.1169759898573458,0.2875835774140859,-0.14585340348052211,-0.2927608656422216,-0.28034398034398034,-0.16109931194676957,-0.20508243220107628,-0.07469380011752894,-0.0886228293007954,0.16407917933341662,-0.05235682523818117,0.21880092727550354,-0.15251599827871015,-0.050991361160852684,0.061811888930533,0.08706765316934809,-0.11218414099770031,0.015406469643757779,-0.16347163804790923,0.0671737993771892,0.1481752939380058,0.06490326998801575,0.11247796332542095,0.23399501196111366,0.17376374834001954,0.0891021992716908,0.1735911566420041,0.10201279862296811,-0.24143959059213296,-0.2269155133561913,-0.21265471943438044,-0.08219020252918557,-0.2449372330728263,-0.1625721252839897,0.10262635516872805,0.04291795647727851,-0.10650018277136922,-0.17205495171596866,0.12967651781211104,-0.013642147540452626,-0.09024694956898346,0.012799548392768732,0.007451982028253215,0.06323380391177001,0.016002905833414308,-0.09207003613783275,-0.08380691940013973,0.10518330348838824,-0.028146328146328146,-0.04013057741871301,-0.021486972334429963,0.39085449085449087,0.15308698529037512,0.1304362914532406,0.19050329219820744,-0.2672755960891554,-0.09068930255370933,0.23483946195810604,-0.016849206679715154,0.15424006440955593,0.09796961830860136,-0.02581888514091904,0.08569987553038401,-0.0702998838592059,0.13265962418504793,-0.10597361614310767,0.03309735004650259
#11,0.5878593539610488,1.0,0.23975161602280246,0.38758681640037573,0.015281074603108501,0.10364756127467992,0.3197212620941435,0.4545056612853223,0.5437337183099895,0.46672126672126674,0.4021048783760648,-0.006863411948157711,0.07923670974518432,0.19393060240517868,0.0051814526390797574,0.1394161495856411,0.23342402494944867,0.14982949050745661,0.12585081229149025,0.07668901567206651,0.022976443315426365,0.14819750412970753,0.17554472808710098,0.05626905796397322,0.18091357921866397,0.24669646534053313,-0.1296205296205296,-0.11943021604038553,-0.02803065006454837,-0.0025550974703517078,0.0419610673847962,-0.13436980894608014,-0.006554782825969266,0.09780304187083848,-0.07071077240568766,-0.042808293655751284,0.06417264722349468,0.001521398131567623,0.05168959406247542,0.09227686854805499,0.06761939134820491,0.07594173526376916,-0.10549563430919363,0.00249170588153639,-0.05220690644419458,0.0469861232573097,-0.12806720433839078,-0.15584613889698634,-0.20500284568081178,-0.005317490063252775,-0.19493237459339155,0.07803550854398313,0.01393550715584614,0.13869154208137258,0.04794069878815641,0.11850803037243715,-0.21949684661549068,-0.14737942873536095,-0.07571361808649944,0.031724945284267315,-0.05793065793065793,0.05140456326897005,-0.18437420471318777,0.0210011243909549,0.0602692060319179,0.04199438267234877,0.05719725889217415,0.1683069818663039,0.2158478972038294,0.06745559118440475,0.18445286580879802,0.17154365459450205,-0.18950383357163017,-0.20930375676138388,-0.20480896921574887,-0.049241845852015347,-0.13190447766718952,-0.05011405858863486,0.07889846703406025,0.012847207762462,-0.15803615634124107,-0.12535894908776266,0.01263528551664145,-0.08522559539508692,-0.18087702494482155,-0.012861089132275573,-0.027962168640134743,0.08907767551835348,0.05132682759801404,-0.08471291013663895,-0.04962774793283268,-0.07706196180772452,-0.06633952905139345,-0.054225720327415246,-0.02648796716593327,0.2916688645502205,0.09788910636368263,-0.049158094920806784,0.25248222027883044,-0.2982810237047525,-0.0436684758718657,0.1924730585747535,-0.1022691412521921,0.04090191886802056,0.1896981727490202,-0.09186598000157323,0.06236066575049626,-0.04328118565406701,0.025174326869242123,-0.02451311095378892,-0.0030358555782284595
#12,0.20191609174660022,0.23975161602280246,1.0,0.4764419272893849,0.016795994762096457,0.14753490007727296,0.20731178019313612,0.031047071725037827,-0.013501020280681298,0.2286826117334592,0.17683477005510903,-0.14693615032598084,0.011394291055308004,-0.18738090941480773,-0.25620474095050366,0.07866155832257528,0.3701943854486227,0.6212921704447129,-0.061605981944965,-0.015876122655783673,-0.12358444731326088,0.07037900766714326,0.057638223739918656,0.290823951840901,-0.024381237940559974,0.08766917919460292,-0.04778985456951559,0.13072733750699853,-0.04466515822448026,0.07542164660808728,0.4889467279297788,0.06729595543154865,0.20412045327299563,0.07462994581638649,-0.1545010341620511,-0.08411416038534683,-0.22895329844482387,-0.1435301248860571,-0.03983582966633814,0.04366755044721146,-0.026048853167497235,-0.020636969789512162,-0.021387489184099353,0.020953002308934512,-0.18568877043453313,-0.0065834709902506516,-0.0988011123604344,0.190322834390631,-0.032828976896773505,0.2914749880851576,0.1408912764844968,0.331809158927803,0.3813452898198661,0.35798433256060375,-0.10465627414779957,0.13138855342245173,-0.16624513573666116,-0.1221102458390594,-0.1998792320826219,0.044582332717925936,-0.055605528486884416,0.017140715445800193,-0.21034162051111205,-0.04505892641485862,0.3417949536593604,0.3145009416195857,-0.28739293993531284,0.007602826246894043,-0.200745892271316,-0.22516322177339126,0.09378484802213616,0.08754563500326212,-0.3046548860108182,-0.056907138263070464,-0.30906869889920735,0.06007532956685499,-0.11869542886492039,-0.07822984772137315,0.007712951780748391,0.1533798821934415,0.04322427203783136,-0.005442422391574934,-0.04384014214522689,-0.1816770545584105,-0.12506929117098609,-0.02390186796966458,0.08191488869454971,0.057079267248758774,0.13751810361979855,-0.2503579079850266,0.023797294983735662,-0.2988085157576683,0.0578644900678799,0.08376064816742783,-0.025360337224744005,0.3568668822906111,0.22912033759491388,0.3984665713479273,0.5219908660586626,0.2550868279681839,0.5279177482567313,0.47950462018258627,-0.04066501015653558,0.33514115039538767,0.41166682861598114,0.2479064580759496,0.27086485561061835,0.024577427967258477,-0.06704331450094161,0.0373209881684458,-0.01417334129198536
#13,0.4985077527450409,0.38758681640037573,0.4764419272893849,1.0,0.12046900521476793,0.1521782182799132,0.3146476214272824,0.15641434963468862,0.3112878672200706,0.3975883433510552,0.28727356015491606,0.017988404429082394,0.26073006750972855,0.25058232346367937,-0.13913898490169677,0.0076565008768398595,0.25188717222615525,0.33863555388979116,0.028326323241577477,0.03052652035702883,-0.16917503019197935,-0.007572749945631302,0.06511565494616342,0.09202746660373778,0.017267498623430827,0.0860487606250318,-0.06577594543696239,0.16698778902168732,0.16066760134556746,-0.01852515072854056,0.14801473276049548,0.14474752101870747,0.08879542099881083,0.18973750329682534,0.02667305209678091,-0.05033847406728763,0.09350213079026638,0.07565577904560955,0.14324833307884155,0.21855661516678465,-0.004938065955015108,-0.01294576548813837,0.005304071405766321,0.09065089743055844,-0.07140807988265616,0.0945561894714437,0.06845042268771083,0.1349916943137282,-0.084002184002184,0.041711665440479,-0.05481382769518363,0.050400477519121585,0.08087517409551308,0.125989625989626,-0.060693050523559,0.13344345886718767,-0.18707598199123623,-0.14286289371035132,-0.23986266698131106,-0.09346511380409686,-0.0942554264588163,-0.04712539966777255,-0.05249193723769995,-0.004466562093680738,0.2747618188296154,0.1825006825006825,0.09854291888190193,0.2107474192219955,-0.08298282874554061,-0.08165067995576471,0.19746387373506016,0.14645863120439392,-0.08834473919219682,-0.18396192802972464,-0.12248689367333435,-0.024778707829555286,-0.16448682889360855,-0.18605894029622844,0.03735893057926956,0.1173831767052106,-0.08606819454277082,0.13351517927789114,0.05531124344683667,-0.04518617230481637,-0.1693744592049677,-0.10995016588236928,-0.09004798326832225,-0.08039811768625328,0.03840095873994179,-0.19226668887685835,-0.0005210140803361143,-0.16274980681760343,-0.08988372039219497,-0.12111772789738891,-0.1283850877071216,0.2401763859390978,0.22003220477796748,0.20225849886866837,0.3273217747794019,0.10237371423812101,0.19166886455022047,0.14846633999176373,0.10626512490919271,0.18271815729442847,0.2731779545338867,0.12962608216845506,0.17179953451139893,-0.040238389390931766,-0.0011669604889943874,-0.025594006949939154,0.03582133751625277
#17,0.15578876256842358,0.015281074603108501,0.016795994762096457,0.12046900521476793,1.0,0.4467806789840688,0.20089257207901276,0.18124303039557277,0.07055576377610276,-0.0013187301322894543,-0.08494010188925444,0.5177649143750839,0.3136588051842289,0.07167645303238523,-0.1981639574859914,-0.13274522596556496,-0.022460056358361444,0.2177801838818788,-0.24114854453837506,-0.3495597292207462,-0.20648213699061158,-0.2119125288616814,-0.018344692920964106,-0.019262714177968415,-0.09783080461046563,-0.044147383130433974,-0.05144574466608365,-0.08820731363104245,0.3377018004136648,0.09659582540938473,-0.06803629515493922,0.328060263653484,0.17868099224031428,0.4265559858780198,0.21673075232397265,0.10523235099506285,0.19869607666217837,0.2734555819301582,0.15105521546199513,0.45225502852621496,-0.014560168797456934,-0.024827292623902795,-0.014482895838828043,-0.1321987627072373,0.11276068055729073,0.1588986521189911,0.07775926928469301,-0.0951035781544256,-0.10331394568682704,-0.21914981237015135,-0.05872097058537736,-0.2644539763183831,-0.19207743953506665,-0.17068393509071475,-0.19304959813434389,-0.04948615796073423,-0.09402684656921945,-0.2702707329825974,0.03948694457169034,0.017469241198054757,-0.1465868025190059,-0.2328095429790345,0.16532017379475006,-0.07216183826353317,-0.03438045132960387,-0.18896847540915337,0.05128148178995637,0.043893816775172706,-0.1506211912991574,-0.08959036077680145,-0.09357894103656815,-0.1145763637289061,-0.026049778592151473,0.10494870833853885,-0.07992522568793756,-0.18171083255829018,-0.13600272074848346,-0.13035531679599477,0.17501723603418518,0.34272546814919697,-0.2828301336775913,0.16589069809408793,0.1254519542655136,0.3058713567188143,0.5669294872684704,0.1528880189897139,-0.04484191433343976,-0.1180175553056909,0.08395036022154666,0.26474872407075795,0.07132849336239167,0.40051638695706493,0.144912709319489,0.121110324500155,0.21523063895945252,-0.10751352276776005,0.30732612427527684,-0.056517997195963295,-0.018367365824992942,-0.009631819801311326,-0.03384092875618299,0.062138563833479085,0.55402258961581,-0.13098229199924116,-0.07121697969155596,-0.08816474409694748,0.06230282670960637,-0.19429012988335023,-0.08459445578089646,-0.029166608827625777,0.1803689668096448
#18,0.12129633485565688,0.10364756127467992,0.14753490007727296,0.1521782182799132,0.4467806789840688,1.0,0.3600938380599398,0.2657037623139318,0.11126241804207906,0.10180133908947468,0.20978451486926064,0.42227126972889684,0.5529463207429309,0.2008231652299449,-0.19198998690524113,0.033933471221606816,-0.05450195958670535,0.31433020077087875,0.028983374746086612,-0.04662798391611951,-0.23896037794342878,-0.06616277294243396,-0.11844186250965912,0.09422072303428236,-0.08848123932869696,0.052499340634933854,-0.051879306116594255,-0.032006737091482856,0.5142284040589126,0.09770540956981635,0.0029576571949453305,0.4542664390122017,0.128942193348973,0.41038557818218835,0.2737730025865619,0.22051851543376966,0.30805813517677927,0.276081011674232,0.26909313011007924,0.265813425135459,0.0872157211140262,-0.0066959100857405945,0.10979191826649454,-0.028507706473808167,0.11540137980815947,0.33327780785407907,0.14920760513980852,-0.009405553473350084,-0.09649264056043717,-0.12124127208872972,-0.002903982564999514,-0.09487684911413725,-0.14984290916494306,-0.0015630422410083428,-0.18245070956935364,-0.046599758464165246,-0.22768778023015313,-0.2867752189786088,-0.13311863481355007,-0.10497045581791345,-0.31364261025277973,-0.2941679738289908,0.2686993619197009,0.1189064256860867,0.09317823216128301,-0.1322061661044712,0.23975161602280246,0.1823776010216688,-0.05747905069938968,-0.042070730206323424,0.17046137046137047,0.14552672857757604,-0.05871958244839601,-0.11074001582476159,-0.18549211769550752,-0.29194186482322076,-0.21822253686660467,-0.14187824187824188,0.24077235941642722,0.38371483964704306,-0.12625522286539237,0.3349070179578654,0.02604515146888028,0.2935530291462495,0.26197291282037044,0.0413799007019346,-0.18817353563116274,0.12708347793093555,0.14498905685346364,0.14425565781497984,0.030411767699903294,0.06757219469083876,-0.04283975809399538,-0.08127634568312535,-0.1335336877709759,-0.14669739076518737,0.3167071539952896,-0.09813064219843881,0.17382806535348908,0.01678396424159136,0.07008240906545991,0.02531036429341514,0.4931643507914694,-0.27101523711693204,-0.036615351869589155,-0.20067879898388372,0.1017777407607916,-0.3331699958818603,-0.27591674879810474,-0.17283554741181859,-0.029286914032676744
#26,0.3393819088734343,0.3197212620941435,0.20731178019313612,0.3146476214272824,0.20089257207901276,0.3600938380599398,1.0,0.29357847832424105,0.18335716301817997,0.25627877492284273,0.238669794601998,0.21217720031279352,0.260829087947732,0.3898541068032593,-0.16640060707857318,0.12023394735259142,-0.012754665297038179,0.1884631935479393,-0.002552783908716112,0.06794837981278659,-0.13865961493080137,-0.052122692800658905,-0.18209673463910753,-0.05434278654617638,-0.19638020146494722,-0.08502246468348164,-0.12353817608054896,0.07926863689575554,0.061424136000407185,-0.013841576553440961,-0.018025884127579044,0.047542303474506865,-0.024431673584215958,0.0886737276567785,-0.036667638362553615,-0.0533891364399839,0.11610053813443644,0.21162981162981162,-0.04178384856350958,0.032993702485227906,-0.11870884752240685,-0.10919501936451088,0.05982083778693948,0.0954256259341005,0.12599564124987853,0.1798659985100663,0.08245672482960618,0.09208299208299209,-0.01374301882776459,0.11655307079035893,-0.0562685952516461,-0.014194163346705719,-0.09682440529898156,-0.0063197249637927605,-0.15271959170264254,-0.07826825284452403,-0.1838494889342347,-0.17536982282744995,-0.18108802176598787,-0.11521583216498471,-0.17040584498211617,-0.2570302197420842,0.11479939107057752,0.22643197897435186,0.14137897527728036,0.0894654284484793,0.38211940754313634,0.5256481442922121,0.07523008370465997,0.09433131128046382,0.3005719124363192,0.2759967980306963,0.09823521518436773,0.012309998750676716,0.016039460107256716,-0.012963811268896015,-0.14024671821281992,-0.13167312150362998,0.2984300170740849,0.20117436388622828,-0.11511496087767274,0.04893691842844385,0.10218076319771235,0.025727730812476576,0.14642485320451423,0.05009925179416705,-0.17367629571019402,-0.056880763660424674,0.04956111735772753,-0.08039950582323464,0.06427953377105919,-0.027215350944164503,-0.00808636062873351,-0.12352198114909979,-0.027006667684633785,-0.09925086874239417,0.13977243807752282,-0.1325791122401292,-0.03224642207693055,-0.008016028355011405,-0.033502223332731805,0.004752055599513226,0.0724866623171708,-0.19331010517451194,-0.001819847582559447,-0.058999986118630186,0.05642314116890388,-0.22880291693851015,-0.15291300545537834,-0.17656408334374435,-0.0028271723186977424
#49,0.6468982079151571,0.4545056612853223,0.031047071725037827,0.15641434963468862,0.18124303039557277,0.2657037623139318,0.29357847832424105,1.0,0.4807493163425367,0.5816164392435579,0.4629913426523596,0.3461314935891207,0.2858646011188384,0.18281902858174046,0.05479531920209886,0.07167830388169372,0.36924813873966417,0.005673778555134487,0.08753221634577567,-0.0401060536653757,-0.002673551826094199,0.12244015972829532,0.3059305838966856,-0.04480952447054142,0.2667009073788735,0.20665889309957106,-0.04585155263121365,-0.2662914069693731,0.03816358731612969,-0.12364737618974907,-0.10811967591628609,-0.041278566702295516,-0.09843880860830014,0.04516349940078754,-0.030432127042296534,-0.058321649847073574,0.16365163314315856,0.034534997246861654,0.15752439650744735,0.10656958962043708,-0.1777611201340015,-0.09691046979182573,-0.028837157650716972,-0.11352600674634573,0.22315736383532994,0.20042985975189365,-0.12191313038770665,-0.36030113318248913,-0.24826320928015844,-0.2208512055969683,-0.03494218409472647,-0.1271431678211339,-0.1031871625091964,0.03800580241258207,0.021688714909053892,0.04056552700620497,-0.0717458598814531,-0.16196365857382808,0.07690602775348539,0.031696257119985936,-0.33096655978011913,-0.1743398251872828,-0.039444375037595375,0.07129702892414756,0.0689705113433927,-0.0008606449284415386,0.251361531022548,0.21376152732084935,0.2357616476260544,0.05893798266679623,0.24045169977373368,0.156590643031321,0.015035837069735375,-0.0562274138545325,-0.15268303742880013,-0.06184890591670253,-0.3080400893960216,-0.23682172156748427,0.1908341315120976,0.07637529671427977,-0.038258443343189105,-0.07038779920135853,0.07713183136911951,0.14590568997348657,0.019476024560770324,-0.07948148456623033,-0.26342536681519735,0.10830105914851677,-0.049263593331389945,-0.009251007556092301,-0.159399306856934,0.0615722039450853,-0.05381760805489619,-0.24930199845454082,-0.11882961543978493,0.18080669267109944,0.039874697501816145,0.04768666972056802,0.07898221796526882,-0.3608401930435829,-0.22934105137494967,0.04481553973079397,0.08775107927650301,-0.022711771864314237,-0.04235668642448304,-0.16195625517659415,-0.06031362641532133,-0.3306227645210696,-0.06711179592535525,-0.3021682699648801,-0.028031112776875488
#50,0.5385226520819741,0.5437337183099895,-0.013501020280681298,0.3112878672200706,0.07055576377610276,0.11126241804207906,0.18335716301817997,0.4807493163425367,1.0,0.47683662090441753,0.47400759773641127,0.04709856235279964,0.15578089645886256,0.3068805323042611,-0.020350088146698316,-0.09065321099219405,0.2569566484820722,0.039968628104221325,0.015444412054581545,-0.09124640819556074,-0.008115974217669132,0.009218154980866845,0.3372779559220237,-0.028865383102671237,0.31467445874225536,0.28134945423081015,-0.054592188490493576,-0.10120490289981815,-0.06643716135241559,-0.14493399408653646,-0.046003322274508714,-0.10386179708213607,0.10101981796897051,0.09931333490655525,-0.05800145291670716,-0.11495763868645224,0.14888185566151668,-0.09310373547661684,0.2041070346155092,0.12841285044674874,-0.05571241503444893,-0.033540628455882696,-0.11000939306024052,-0.20222657171809713,0.05675999574304659,0.03386452708486607,-0.0295279871551058,-0.21065533946889878,-0.16748011493774206,0.011662201492709967,-0.15766737461652716,-0.030539476302188166,-0.031328863532253365,-0.031199304080660014,0.03584308499562737,0.01408033611423442,0.0052716815428679835,-0.1924369670132382,-0.03714284392250494,-0.038853491395864276,0.028013992420772082,-0.0017606204046882012,-0.13848332153416898,0.05582207785597616,0.06567414872499618,0.09524840711281389,0.17646922731668493,0.08530333106604293,0.1150168658643235,0.02955436175775159,0.24826552284179404,0.10539106132326471,-0.06675597014580066,-0.31273384324231784,-0.06381820958092145,0.05953673241808835,-0.015244983041593212,-0.09432946043115535,0.08990685600855092,-0.051250942776366507,-0.14353058759838422,-0.057439257439257436,0.21091075667346854,0.0207517224466377,-0.14480258378563463,-0.0027290773053484916,-0.027185274642901762,0.20003100172591698,-0.017944909470333198,0.01721428670581213,-0.16883863833016374,0.18418310452208758,0.0026101602372788813,-0.021325948444592513,-0.1575692796031779,0.3034920899327679,0.06762772017009305,0.07354072099834812,0.12147956893719605,-0.2403795166507031,-0.15598171360883226,0.03822003822003822,0.019609748423307746,0.042086462425445476,0.099794093014432,0.005577997103420832,0.05344373649458395,0.01745721067754966,0.1278862838184872,-0.054265976299874605,-0.15140224970733446
#51,0.6703096008180754,0.46672126672126674,0.2286826117334592,0.3975883433510552,-0.0013187301322894543,0.10180133908947468,0.25627877492284273,0.5816164392435579,0.47683662090441753,1.0,0.6587306875442469,0.18410074172786037,0.16546037562986715,0.3269520676300337,-0.06401671316925554,-0.0004034851492478611,0.6248333078841554,0.12536218807405247,0.13629330408991425,0.07467714247375265,-0.11285646200900439,0.04636562602664297,0.24878931319609285,0.038475918136935086,0.13132377369665504,0.1484783705122688,0.028671506637608334,0.019320553218858304,0.0239532290379748,0.0019373765136477,0.18070211968517053,0.027064506725523674,0.13665005529412308,0.06736767584225212,-0.02913838337567151,-0.012125839244483311,0.2609776186047372,-0.04368143181702504,0.24646788545093629,0.12234067657796471,0.048230356704932975,0.036589439979270486,0.014319558387354998,-0.07568770619618077,0.13271700051361068,0.11772512111495162,-0.0570362350023367,-0.09402962284318217,-0.08931504694216559,-0.0009832636951281018,0.006287797813221542,0.10310618785195057,0.06767399140280496,0.09345354599591887,-0.10230847179999722,0.0770809330131364,-0.1886371733829361,-0.20057330057330058,-0.019324717629802375,0.09190345970006987,-0.0555541674185742,0.08425991476838934,-0.06679159899498882,-0.0037239088086545714,0.2243719836940176,0.18612557087133358,0.12876173554139655,0.1335434047298454,0.06602349653197111,-0.06915929797285729,0.18973704058449822,0.13224919835089327,-0.272538023385481,-0.15782469680774766,-0.3397136736119787,-0.13376504393453545,-0.2834339732644817,-0.16293026462517987,0.1557336998014964,0.003036318290555579,-0.011667291328308278,0.029244344498581785,-0.02966726356556865,-0.15391524035591833,-0.22924110551229196,-0.06634091718837481,-0.03160278922990788,0.27644239000171206,0.13423515965888846,-0.15599698311562718,-0.1521833081155115,-0.1406923101838356,-0.17937598615564718,-0.171663959799553,-0.23708916929255913,0.40388539541081914,0.013197943706418283,0.32676374371289624,0.273144176534007,-0.11908688349366316,0.013730988307259493,0.3078758265198943,-0.06633860362673923,0.32069989866600035,0.247639935775529,0.08341453934674274,0.1228852889869839,-0.03354756914078948,-0.005466020720258008,-0.09474312525159982,-0.13153245695618576
#52,0.4686697483307653,0.4021048783760648,0.17683477005510903,0.28727356015491606,-0.08494010188925444,0.20978451486926064,0.238669794601998,0.4629913426523596,0.47400759773641127,0.6587306875442469,1.0,0.0790497739650282,0.27915480966328426,0.3685068735916194,-0.009648940157414734,0.14305121762748882,0.3712151288422475,0.053820384328858904,0.16407270136083696,0.21575720558771405,0.013036919816580833,0.18931689779147406,0.08943720299652504,-0.08205925494061088,0.09224725495911937,0.08038284817945834,-0.05036808765622325,0.0192405039862667,0.04399237450084908,-0.055901201663913526,0.13039464734379988,-0.0705714959952248,0.10756488383607028,-0.062295886024699584,-0.18161736466821213,-0.15782423409542054,0.052717278141006955,-0.1531957226872481,0.04714992342110986,0.005774187130119334,-0.02986484172924851,-0.009871967499086143,0.05660637525044305,0.025868395359920783,0.05440987983360865,0.08313737466279839,-0.08789174382394721,-0.03589074436532064,-0.15454869353174439,0.025759195250720675,-0.04418254926729503,0.1777079082163828,0.09818431682838462,0.2665148970233716,0.009405090761022965,0.10989232684147938,-0.27395114683250277,-0.18847337321913593,-0.1449233517030127,-0.04986419393199054,-0.14738544399561349,-0.060185455100709336,-0.22242905463244447,0.09762859932351457,0.2661933119560238,0.20897846999541914,0.20209608684184954,0.21360836954057294,0.10223119884136833,0.011118977220672135,0.2912214217298963,0.22091968702138193,-0.07609720660568119,-0.17634336956370855,-0.20326767445411514,-0.05159520074774312,-0.27321682236936473,-0.1821929788031483,0.13306079577266017,-0.05356496712428916,-0.009296816076477093,0.15288292915411558,-0.04476695493644646,0.006625115099691371,-0.22470004673394503,-0.19335545098256962,-0.1515993651586872,0.3035499289736578,0.09001883239171375,-0.12981070438697556,-0.14740210163938977,-0.1788633008971992,-0.16910330978127588,-0.14319697201053133,-0.21494144375500307,0.3274332884502376,-0.10645483696331154,0.19350768333819182,0.20233715996427862,-0.11220727661405627,0.08313182211487297,0.21491692000166576,-0.12160496397784533,0.10261201108658735,0.2948481609498559,0.06272389492728475,0.240476223527071,-0.11093481771447873,-0.10294562667444024,-0.08586182484487569,-0.05727962168640135
#53,0.2638922435532605,-0.006863411948157711,-0.14693615032598084,0.017988404429082394,0.5177649143750839,0.42227126972889684,0.21217720031279352,0.3461314935891207,0.04709856235279964,0.18410074172786037,0.0790497739650282,1.0,0.5544145069568799,0.18937196055840125,-0.05199544691070115,-0.12883993392467968,0.15133978354317337,0.15841604316180588,-0.06571856910839961,-0.14812763456831254,-0.17037206698223648,-0.116223156901123,0.16598509140882023,0.07225993327688243,0.08158266124367819,0.15942336789794417,0.1273990477380308,0.00409778036896681,0.37519029044452773,-0.01771123974513805,-0.052795013811962964,0.3476450256111273,0.14142478379766515,0.35638427333342587,0.12375102375102374,0.1279177482567313,0.29230046687673805,0.26413100311405396,0.20561270052795477,0.34729521509182526,-0.13177676906490465,-0.085307495476987,0.10487328622921843,-0.12307870273971969,0.46724459436323845,0.40452255028526213,0.11050680881189356,-0.13176427583207245,-0.0462161699449835,-0.22778356168186675,0.09263361975226382,-0.3030201233591064,-0.2561626341287358,-0.17632810005691363,-0.3136995238690154,-0.10965911982861136,-0.08455605065774557,-0.2520731825816572,0.09308291342189648,0.11138920121970969,-0.3529962936742598,-0.2745744203371322,0.2517205957883924,0.009259799090307564,-0.04770841719994262,-0.2826649453768098,0.2530624615370378,0.20994461333444384,-0.09205708019267342,-0.13146073654548232,-0.2088271630644512,-0.14125543108593955,-0.1731844325064664,0.020873415788670024,-0.3039367564791294,-0.37435046757080653,-0.3265573740150011,-0.2507812897643406,0.4439613727749321,0.3821814109949703,-0.12795707880453644,0.2769402684656922,0.01743685133515642,0.4135028711299898,0.3333032570320706,0.15303423608508354,-0.09135884729105068,-0.01878889675499845,0.06464692735879177,0.21474062660503337,0.08774089960530639,0.37963186607254407,0.1347756076569636,-0.058397071956393994,0.0414210820990482,-0.1464970363275448,0.3013608369540573,-0.06421614218224388,0.03389367796147457,-0.13534798280560992,-0.14522735370192996,0.15371905032921981,0.40716926479638343,-0.10009254246542382,-0.05744203371322015,-0.23110861246454467,-0.009223244816465156,-0.35662118204491083,-0.21167700828717778,-0.2001207679173781,0.09157771022177802
#54,0.2184557438794727,0.07923670974518432,0.011394291055308004,0.26073006750972855,0.3136588051842289,0.5529463207429309,0.260829087947732,0.2858646011188384,0.15578089645886256,0.16546037562986715,0.27915480966328426,0.5544145069568799,1.0,0.3308083121642444,-0.12798946866743477,0.040099112980468914,0.03137791103892799,0.09672399672399673,0.022268493454934132,0.07402286724320623,-0.16570237417695044,0.08053970765835172,0.05007010091755854,0.05652725144250568,0.022128754332144163,0.13071993410976462,0.06606652877839318,0.13572694420152048,0.5592702101176678,-0.12184187268933032,-0.05207688428027411,0.4111347094397942,0.0205749663376782,0.26387975032042826,0.09777527913121134,0.05827769217599726,0.18918595020289936,0.18180846485931232,0.08764835713988256,0.17433380992703026,-0.04124201242845311,-0.0961446808904436,0.2805961585622603,0.09994262367143723,0.23998482303567048,0.4181212028669656,0.15996751759463623,0.04721794213319637,-0.03613505647403952,-0.0805947704252789,-0.012658883845324523,-0.08791996927590148,-0.11745258355427847,0.1277891142297922,-0.19855263584077143,0.01742713437628692,-0.19823799145833043,-0.20716001054984107,-0.197369943132655,-0.13846527575341136,-0.356353734319836,-0.3641217488675116,0.13748154934595613,0.1387081997251489,0.11829842168825219,-0.09581430428888056,0.2855319109556398,0.25345113989181783,-0.1611751967684171,-0.11791668401837893,-0.08773997418065214,-0.13792482775533624,-0.026225146564129616,-0.020320937270089812,-0.19028026485653604,-0.31805179601789774,-0.2608966439474914,-0.11516956093227279,0.34525604186621134,0.2921593396169667,0.012080956148752759,0.36139637326078006,-0.04126098363386499,0.361664283698182,0.05295511227714617,0.008890554653266517,-0.21801200275776547,0.009436092486939945,0.06379831295085532,0.025793435962927488,0.1076912043013738,0.11882313746720527,0.004932513407089678,-0.11626480101056372,-0.1326355631440377,-0.11016486440215253,0.2775103300527029,-0.08784639801588955,0.11076315144111755,-0.04233262538347284,0.07825853588565453,-0.010714566646770037,0.27804661363983396,-0.27542118389576015,-0.07387156031223828,-0.257208363988025,0.0795897592507762,-0.3526909035383612,-0.271753263278687,-0.24196939620668434,-0.01298694688525197
#58,0.27634799668697974,0.19393060240517868,-0.18738090941480773,0.25058232346367937,0.07167645303238523,0.2008231652299449,0.3898541068032593,0.18281902858174046,0.3068805323042611,0.3269520676300337,0.3685068735916194,0.18937196055840125,0.3308083121642444,1.0,-0.15526682306343323,-0.032949744814151596,-0.052877839318517285,-0.19481160667601347,0.09642693540998626,0.08985318137860511,-0.12336604709486065,-0.12574670201788846,-0.19818986937631006,-0.23968406002304307,-0.19924253992050603,-0.09719226159904126,-0.12585127500381738,0.11018291018291018,0.14097780368966809,0.05448206295663923,-0.03984739747451612,0.12561251544302393,0.017836172073460207,0.06840230060569044,0.13452805656195488,0.2020414867872495,0.2587223587223587,0.28563694665389583,0.02783816173646682,0.07779582355853543,0.09291726240878784,0.03556869658564574,-0.06289047136504763,0.12003220477796749,0.047833812240591904,0.034377675055641155,0.16941286432811856,0.07620501857789994,-0.04021710462388429,-0.1499766330274805,-0.14302993286044133,-0.1849613866563019,-0.2749788309110343,-0.21953201275235174,-0.19946649268683167,-0.09061017874577197,-0.10119009610535035,-0.10141821328262006,-0.15551206059680636,-0.16609336609336608,0.09381168533710907,0.03959938366718028,0.28679789188263766,0.15610479508784594,0.0037808224248902216,-0.03443643952118528,0.5655954876293859,0.20396405650642938,0.0806239213018874,0.12033852033852034,0.13245186635017142,0.09369508183067506,0.23047608471337286,0.09830138304714577,0.17145342569071384,-0.08392028392028392,0.02843598606310471,-0.0896037794342879,0.02249383435824114,-0.053779202931745304,-0.08954177598245394,0.26492362933040897,-0.0241614495851784,-0.09891170060661586,0.03689112841655214,0.024527455035929614,-0.07062563333749775,0.10509214915994577,0.10484506077726417,0.01167099302692523,0.008146050518931875,0.008070165697284342,-0.23655196028077383,-0.17202163642841609,-0.21652253177676906,-0.052889407126695265,-0.08130827283369656,-0.049297371331269636,-0.06586154721747942,-0.007660665287783932,-0.07639380520736452,-0.04080012215605436,-0.0014288556661438017,0.0214781808002147,0.1575202320965033,0.053629746850085834,0.18894533979279743,0.01970645529967564,-0.06416293026462518,-0.05808103943697164,-0.03914268660031372
#101,-0.031544950189017984,0.0051814526390797574,-0.25620474095050366,-0.13913898490169677,-0.1981639574859914,-0.19198998690524113,-0.16640060707857318,0.05479531920209886,-0.020350088146698316,-0.06401671316925554,-0.009648940157414734,-0.05199544691070115,-0.12798946866743477,-0.15526682306343323,1.0,0.31146092163041317,-0.09642508456067778,-0.21248212773636502,0.28521819199785303,0.04492751611395679,0.47029895843455166,0.23355821152431322,0.2100649185394948,-0.19443588426639274,0.43223161528246273,-0.05853033310660429,-0.06005219395049904,-0.39539277335887507,-0.12997681811241132,-0.21675944048825405,-0.44083390015593404,-0.2425403832183493,-0.41317480809006235,-0.10193922736295617,-0.11130868927479097,-0.1493348510297663,0.14390445915869646,0.1405854236362711,-0.10202575456812744,-0.08216290250188556,-0.13766432071516818,-0.08544353290116002,0.08732630936020766,0.1647279020160376,-0.022637275179648062,0.06545297223263324,-0.3230925841095333,-0.4185339422627558,-0.2749718902261275,-0.40317837097498116,-0.281010748807359,-0.3417306366458909,-0.26945312030057794,-0.0870195310873277,0.49712516831160897,0.22355899813526933,-0.01971061971061971,0.19250082131438065,-0.07346205990273787,-0.17935794037488953,-0.08827394420614759,-0.06211635364177737,-0.1162546213393671,-0.030960544519866552,-0.1216429063886691,-0.3626836389548254,0.14317661266813808,0.09462698445749293,0.5009684569006603,0.36120758663131547,0.13125159057362448,0.15950341713053579,0.09888301244233448,-0.09196361230259535,0.17347640398487857,-0.02557503574452727,-0.0684013751810362,0.008979858132400506,0.15405729304034388,-0.0855689279418093,-0.018144801195648652,-0.20094994840757552,-0.047860186843237694,0.1723899554408029,-0.05641527505934286,-0.10785454175284684,-0.12060966976221213,-0.12734722395739345,-0.23734504920945598,-0.09321386101047117,-0.2312136481628007,0.008731381612737545,-0.12755590721692417,-0.11416547518242434,0.05470277673667504,-0.10847781525747627,-0.21456016879745693,-0.325500076347534,-0.24532915041389616,-0.39532429193446145,-0.48538152944932605,-0.27689029553436334,-0.05847989746294831,-0.2895445522564167,-0.3205772798993138,-0.3702587024620923,-0.35860482979127045,-0.11591591591591592,0.08643327456886779,-0.07099441506221167,0.014928950522170862
#102,0.12745920034055627,0.1394161495856411,0.07866155832257528,0.0076565008768398595,-0.13274522596556496,0.033933471221606816,0.12023394735259142,0.07167830388169372,-0.09065321099219405,-0.0004034851492478611,0.14305121762748882,-0.12883993392467968,0.040099112980468914,-0.032949744814151596,0.31146092163041317,1.0,-0.11953293817700597,0.1149321895084607,0.11891105280935789,0.5567794296607856,0.20485015061286246,0.6644359305376255,-0.2324680612816206,0.31502704553552013,-0.053375717782497445,0.16405511829240643,-0.43145888569617385,-0.41793611793611796,-0.03101468186213949,0.010762226016463304,-0.20002498646566444,-0.061035457645627136,-0.09546495648190563,-0.06608920168242202,-0.16472929015301896,-0.04492751611395679,-0.12231939181091724,0.2373593932915967,-0.30808497249175215,-0.08485727638270012,-0.07897805355432475,0.06753055058139804,-0.1088951817765377,0.3780355085439831,-0.2424385865063831,0.30108367227011296,-0.23156901123002818,-0.2664848207221089,-0.30974055719818433,-0.181372127134839,-0.21033144083991542,-0.06713631967869256,-0.3311340616425362,0.29191225123428516,0.13630348376111087,0.45361540276794515,-0.3821740075977364,0.18300550164956944,-0.34581361022038987,-0.3047974014075709,-0.2547425699968073,-0.33128027873790583,-0.24665806021738226,0.021473090964616387,-0.23812286863134322,-0.15026120110865873,0.03355265897638779,0.13717662192238464,0.44806563111647857,0.5996788776449793,0.2739275485038197,0.3473877575572491,0.24862690116927405,-0.020184899845916794,0.20066538032639727,0.09094101805966212,-0.10623412318327573,-0.265273439849711,-0.006187851950563815,0.24622403605454454,-0.03929676980524438,-0.07390302475048238,-0.08781493357764544,0.1074732667953007,0.017627488813929493,-0.1852857479976124,-0.28075671973977057,-0.049649032699880156,-0.09746896357065848,-0.04977303960354808,-0.11616531786023311,-0.2374857137569002,-0.25930630167918306,-0.14597278326091886,-0.15719031820726737,-0.12725283064266116,0.10483349296908619,-0.12612612612612611,-0.034576178643975254,0.006145282416468857,-0.04564610835797277,-0.09995604232892369,-0.08840627993170366,-0.13709703540212015,-0.04796383440451237,-0.06254158627039982,0.0393286969558156,-0.25835311428531765,-0.09480836768972362,-0.22195662534645585,-0.18620885909021503
#201,0.4552594196661993,0.23342402494944867,0.3701943854486227,0.25188717222615525,-0.022460056358361444,-0.05450195958670535,-0.012754665297038179,0.36924813873966417,0.2569566484820722,0.6248333078841554,0.3712151288422475,0.15133978354317337,0.03137791103892799,-0.052877839318517285,-0.09642508456067778,-0.11953293817700597,1.0,0.3642513083191049,0.061222856138110376,-0.1217761675388794,-0.06740931995169283,0.027518427518427518,0.45766459834256445,0.15098164420198318,0.340037109528635,0.20888083769439703,0.19344059005075953,0.058022737683754634,-0.05620936807377486,-0.07509589712979543,0.38125274735444226,0.037895676878727726,0.2815821985313511,0.09061989570464146,-0.1283855504194487,-0.11363243058158312,0.16855036855036856,-0.22952706173045156,0.23090779531457498,0.2561908595806901,-0.04262043245094092,0.0512435393791326,0.04287075981991236,-0.2652558567812805,0.11513763378170158,0.06959239671104078,-0.08286344896514387,-0.09227039057547533,-0.02571523757964436,0.09950721137161815,0.2694716287936627,0.1935312816668749,0.32734444768343074,0.22273351934368885,-0.02333735893057927,0.14119712933272255,-0.14898689135977272,-0.26785028479943734,0.1403920098835353,0.3081367962723895,-0.13042981348066093,0.04508854000379424,-0.2674514267734607,-0.12822776551590112,0.2423025490822101,0.17851071410393443,-0.19404766862393982,-0.06099844065945761,0.014181670113873503,-0.1955389904542447,0.021159834719156754,0.08923823669586381,-0.36535580264393824,-0.177005510903816,-0.48485588824571874,-0.09108029447012497,-0.3690954436717149,-0.11491090474141322,0.22541725084097966,0.07912658421132997,-0.11982722321705372,-0.13009804874211653,-0.0012849521324097596,-0.13857169958864873,-0.23304830253982797,-0.180163985248731,-0.039522573420878504,0.23635854652803806,0.1197999231897537,-0.19628349458857933,-0.1714066917456748,-0.09669530855971534,-0.02014649472276591,-0.13477745850627207,-0.17361891938163124,0.634586821027499,0.18759930963320795,0.6038793801505666,0.4120069221764137,0.08176080548961905,0.2140484089636632,0.5706464553922181,-0.04014630963783506,0.47467714247375264,0.38701305311474804,0.2396262209821532,0.1367495384444537,-0.06084620830383542,0.05070540494269308,-0.0593150932133983,-0.0968253307236358
