,#10,#11,#12,#13,#17,#18,#26,#49,#50,#51,#52,#53,#54,#58,#101,#102,#201,#202,#301,#302,#401,#402,#501,#502,#601,#602,#701,#702,#801,#802,#901,#902,#1001,#1002,#1101,#1102,#1201,#1202,#1301,#1302,#1401,#1402,#1501,#1502,#1601,#1602,#1701,#1702,#1801,#1802,#1901,#1902,#2001,#2002,#2101,#2102,#2201,#2202,#2301,#2302,#2401,#2402,#2501,#2502,#2601,#2602,#2701,#2702,#2801,#2802,#2901,#2902,#3001,#3002,#3101,#3102,#3201,#3202,#3301,#3302,#3401,#3402,#3455,#3501,#3502,#3601,#3602,#3701,#3702,#3801,#3802,#3901,#3902,#4001,#4002,#4101,#4102,#4201,#4202,#4301,#4302,#4401,#4402,#4501,#4502,#4601,#4602,#4701,#4702,#4801,#4802
#10,1.0,0.5839188957833026,0.6059861093759399,0.6407880916355493,0.40459103170967575,0.4618530703276466,0.3557364760754591,0.2576224915207966,0.20989602854009634,0.6305524322473475,0.3961682792191267,0.18807914231643044,0.4006010633129277,0.26047048589421473,-0.39627146406807423,-0.2134672422808016,0.5244191803513838,0.3698672478333495,-0.151427698885326,0.10390806831484797,-0.35015570269807555,-0.09237403813675,-0.009830323389645424,0.07613514901650495,-0.18322760356658663,0.1042911941217026,0.06741718606125385,0.2581185191354683,-0.12020572190063715,0.08065908743874846,0.38379720244127025,0.18078818417801468,0.5903552242535294,0.17619807789299316,-0.05574896930829134,-0.023309133478625003,0.013770318855064618,0.1411258716343462,0.15081460505189317,0.016050102490780458,-0.22661798932985375,-0.3442394628835307,-0.1764969900563121,-0.13764997663302747,-0.16826903945548013,0.07371238727170931,0.04458094458094458,0.12521828454031844,0.04440835288292915,0.11948342795800423,0.1716510038543937,0.23846620117806558,0.1772530619988247,0.187634475770069,-0.1568423585372738,-0.19275114868335208,-0.1157993124094819,-0.045543386221352324,-0.011728832067815118,0.02685998787693703,0.15732265393282344,0.1421766913292337,0.0633059870348006,0.03509117746405882,0.26613269664117123,0.3029632097428708,0.16873406534423482,0.22233188504374946,-0.06654821231092417,0.02250771572805471,0.08808839656297283,0.3237885034495204,-0.24985216341148545,0.17051643322829763,-0.20563629885663784,0.1020243664311461,0.05145314806331756,0.10047057843668013,0.0021215360198411047,0.25345808057672464,0.19344567988635786,0.3333180638265384,-0.037393634003803494,-0.14469847351203283,-0.14926590689302555,0.03884146087535918,-0.03396493565985091,0.13526932170999967,-0.08681408681408681,-0.12507253015727593,0.05512939750227886,-0.1225873022483192,-0.10260692125098905,-0.2194154092459177,-0.3091802125700431,0.14810449895195657,0.18470596945173218,0.39812138795189644,0.3589652826940963,0.2710749270071304,0.15599652040330006,0.27003289884645815,0.298076967568493,0.39980288454864726,0.3277303497642481,0.31943067875271264,0.07033597542072119,0.24557022353632524,0.0349042416839027,-0.08923777398353669,-0.001859178130364571
#11,0.5839188957833026,1.0,0.6368929792658606,0.6130054553783367,0.10315662349560654,0.22818334513249766,0.470401217858845,0.4648098020979377,0.5167256624883744,0.6729197610553542,0.4768972362192701,0.015165396521328724,0.3239601697228816,0.2915721576738526,-0.0659892558197643,0.17649837819329345,0.536284512555699,0.5092570228163449,0.04796244626753101,0.10397608702693449,-0.29671520518978145,0.02268447183701421,0.027602178449636076,0.07444624902252021,-0.05739576248050824,0.24393314732297783,0.11590527353239218,0.19659721354636608,-0.012005534039432345,0.11578913273828528,0.07570482655228418,0.08323130526520357,0.2165447419684708,0.17000791238079374,-0.04966569034365644,-0.20419865165627876,-0.08838730872629177,0.06735471989709278,-0.07039011276299412,-0.16648852242072582,-0.12809311622870945,-0.2520347774585063,-0.16538726708218235,-0.06391028933401814,-0.09603594349357061,0.01709629506239676,-0.036087397104346254,-0.06655006316023265,-0.1902136342814309,-0.08694179541637169,0.053091149701319194,0.1207517224466377,0.1558933355543525,0.18047539064488216,-0.0946163420739692,-0.04184631472767066,-0.2427213037382529,-0.18325953071715784,-0.18012419198859878,-0.30160005922717786,-0.17604723367435232,-0.14419966962339845,-0.059519149349657824,-0.0019073002123849582,0.1648482072210886,0.23619798535052772,0.2493811222624782,0.32991388923592313,0.30367254774034436,0.23528366579214036,0.37984332560603745,0.4570107858243451,0.10040487328622921,0.05471249369554454,-0.18396933142695854,-0.12854842515859466,0.08677059185533761,0.0416293026462518,0.03339163508655034,0.21155809121910818,-0.040697400019433914,0.2163369841335943,0.15284822572958165,-0.1774247282721859,-0.2669604889943873,-0.18932245033939948,-0.22513268275980142,-0.09353313251618336,-0.26074256074256075,-0.11598763632661938,-0.13661812814355187,-0.08607282166604201,-0.2082774608198337,-0.1607300675097285,-0.32662816900105035,0.39109186227830295,0.36390010966282155,0.5086430035582578,0.5010947773659639,0.38251363844584185,0.25085486102435256,0.09460060985484714,0.3312571431215499,0.26266836944803046,0.3585183025860992,0.3280121415714636,0.29291032172388104,-0.09205522934336494,-0.08320585608721202,-0.059755595348815686,-0.03312233651216702
#12,0.6059861093759399,0.6368929792658606,1.0,0.7913546828801066,0.0968008069702985,0.28368383792112606,0.4785579107613006,0.11880786796041033,0.1506188777375218,0.6396016972288159,0.34593900526103916,-0.01762378711531254,0.2650763243983583,0.207342319206726,-0.29729405831100747,-0.05912121674833539,0.6489313658805185,0.810656264893553,-0.16071803698922343,0.0885983055474581,-0.41208558327202394,-0.029533539703031228,0.08737674500386365,0.15367648079512486,-0.10921908040552109,0.21973653160093837,0.07238856730382154,0.2969035291069189,-0.05499104651647024,0.0819000819000819,0.33284702267753113,0.12824118417338756,0.41881295779600863,0.1882591374116798,-0.041533521194538146,-0.2636807840197671,-0.2207905902821157,-0.1627002965986017,-0.10848984577798138,-0.21257420748946174,-0.19240180087637715,-0.2524683389090169,-0.21685661007694906,-0.2820356566119278,-0.11711665440479,-0.01747248018434459,-0.006661669373533781,0.03041361854921177,-0.020075237024389566,0.08129763045017283,0.18320400523790353,0.4299610858932893,0.3037539851099173,0.47903219089659765,-0.24197263519297418,-0.022459593646034323,-0.24186852491937239,-0.1969780257915851,-0.234773294095328,-0.13274013612996663,-0.07195917026425501,0.022677993864434542,-0.23930787490109523,-0.1385434741366945,0.24045401333536925,0.43600734787175466,0.027404600285956218,0.08168353253099016,0.09881175474395813,0.07278094735721855,0.46056811819523685,0.5119592628067204,0.05952794088387309,0.2476519662960341,-0.20823535399806586,0.14919372376999496,0.16002489392319902,0.2840095873994179,-0.06026874331959078,0.18604783520037757,-0.05507109574906185,0.24527964019489443,0.0702540753388211,-0.15622648842987827,-0.2018966578288612,-0.18212079568011771,-0.0614148817538648,0.0713826307046646,-0.05101495948953576,-0.1187902848919798,-0.05075584058634906,-0.0836824497841447,-0.17026518043467195,-0.18641522878811015,-0.38426222833002494,0.5644747983731034,0.44567988635785244,0.6915795610710865,0.7051837662007153,0.41478967411170803,0.4736193820939584,0.3625873947907846,0.5790280264856537,0.46364839415686876,0.540950040950041,0.45689927215350945,0.38801806428925073,0.09936191970090275,-0.0780327322700204,-0.16168418032824813,-0.19293715903885394
#13,0.6407880916355493,0.6130054553783367,0.7913546828801066,1.0,0.1725084097965454,0.3919043851247241,0.38196948874914977,0.2297676721405535,0.12041486787249499,0.7458274915902035,0.35172013307606526,0.09691000707949861,0.365354877219284,0.2823257772410315,-0.3225697191798887,-0.1684740210163939,0.5524826829911575,0.5421447641786625,-0.17920061818366903,0.04514175192141294,-0.4632305649254802,-0.1385180249587029,-0.0378466293720531,0.17875224993869063,-0.14845477218358574,0.2168237575017236,0.10571079554130401,0.38858766316393434,-0.05645691916878358,0.15785662395831887,0.32365663043629145,0.2526136305797323,0.5254237288135594,0.30812291490257593,0.03421572574114947,-0.060305297593433185,-0.1388396100260507,-0.0006417819977142011,-0.05474349542146152,-0.09343735106446971,-0.054385818792598455,-0.20563074630871242,-0.07248018434459112,-0.17724519588926368,-0.1145157484140535,0.04840063484131281,0.12611502103027528,0.17154596815613765,0.01933212102703628,0.0994331773992791,0.22986391630459427,0.3706793079674436,0.2880740524808321,0.28842756469875114,-0.38708338538847015,-0.11644479610581306,-0.3631842936927683,-0.21608619405229576,-0.24222573883590834,-0.17944770656635065,-0.09754346025532466,-0.03721132534691857,0.01765525155355664,0.0980529065274828,0.2827139928834844,0.3070697816460528,0.20196606467792907,0.11487388775524368,0.016173183969794138,0.03632106682954141,0.2643202524558457,0.40794986049223336,-0.10480480480480481,0.16238241322987085,-0.23693786236159117,0.0894922657634522,0.016096373723492367,0.06890156720665196,0.017153208678632407,0.25850997376421103,0.13468445332852114,0.36680964477574646,0.045536908248772656,-0.09213389043897519,-0.14559474728966254,-0.16608549998380506,-0.14817575665033292,0.09790530129513181,0.05902034546102343,-0.021520287621982537,0.026215892317587232,-0.07921218599184701,-0.09917729748238223,-0.2639593368406928,-0.3662437475996798,0.3236964236964237,0.35647080053859714,0.5338719304821,0.5810806183687539,0.3433653992976027,0.46163143112295657,0.32750454614861396,0.4404206980478167,0.4629598782141155,0.5160061448197042,0.5081747386832133,0.33620353789845314,0.03911584928534081,-0.03689853181378605,-0.1905088447461329,-0.12808062299587725
#17,0.40459103170967575,0.10315662349560654,0.0968008069702985,0.1725084097965454,1.0,0.6150455540286048,0.16125061887773753,0.2050616101463559,-0.06094384060485755,0.19084338575864,0.12851002003544376,0.4317776944895589,0.2916549831804069,0.19585502297366705,-0.2999412355344559,-0.22250170046780215,0.19607573675370285,-0.06657366148891572,-0.02739904773803079,0.04072146106044411,-0.2376263783043444,-0.23647468732214494,-0.2678984068814577,0.005444273240883411,-0.32812272981764506,-0.08631667106243378,-0.15508034999560424,-0.03260548684277498,0.003635530754174822,0.3572139165359504,0.4002304307389053,0.44968327341208697,0.3805170347543229,0.34306324814799394,0.18825774927469843,0.45472683777768524,0.23748478833224596,0.3530652378110005,0.2739344891887265,0.3469065367370452,-0.06671386332403281,0.0767709157539666,0.04680288917577053,0.14288325305274457,0.1125566244210312,0.18489799506748658,0.003919173410698834,0.1557572981301795,0.2277136921204718,0.10168010845976948,0.11892724774080707,0.031399195805975465,0.056167723964334136,-0.10775135690389928,-0.20839591517557618,-0.24042995229435907,-0.1580222749714275,-0.06879468065908743,0.15623157826547657,0.18647399325365427,0.19670733908022042,0.0920108089599615,0.239718763447577,0.22564906971686632,0.13731080849724916,0.07887486870537717,0.2712738933077916,0.21232110384652758,-0.24137110916771934,-0.07041787550262127,-0.22102287187032948,-0.029230925841095334,-0.35275383241484937,0.03909086281967638,-0.20774626706830096,0.0485991384296469,-0.23122336512167022,-0.19284970640902843,0.10663251849692527,0.23673149266369606,0.33476311442413137,0.3791127028415164,-0.07503343096563436,0.10726412082344286,0.16836944803046497,0.11731932240406817,0.048955426921528614,0.1697233442996155,0.2510866799002392,0.12495037410291647,0.3769772854518617,-0.05000994831503306,0.05261825770300346,-0.11834376749630987,-0.007017495153088373,-0.2636918891156179,-0.12072858683028174,-0.08870334124571412,-0.1271038372733288,0.021496689293299464,-0.07923717245751144,0.30346155091917804,0.12364783890207619,0.13957254635220737,0.047276243886413376,0.045509608221472625,-0.1346113447808363,0.07166118352559031,0.048511223087494275,-0.04127671585298704,0.053337775371673675
#18,0.4618530703276466,0.22818334513249766,0.28368383792112606,0.3919043851247241,0.6150455540286048,1.0,0.402121073307514,0.23951146832502765,-0.003344021988089785,0.39566438549489397,0.37563125529227226,0.5074802074802075,0.5562366681010749,0.4901354358981478,-0.3161292262987178,-0.28129855587482705,0.3305510441103661,0.04977489045285655,-0.14139239393476682,-0.009362521226928006,-0.4147873605500724,-0.3012414571736606,-0.29249619419110945,0.06608920168242202,-0.27415242669479956,0.07835385462504106,-0.15754197957587787,0.11847841678350153,0.21486370808404706,0.5600989278955381,0.44673255690204844,0.4673875724723182,0.4965208660123914,0.332671654705553,0.24570672367282537,0.38131845250489316,0.34372585220042845,0.35539545709037235,0.31267415335211945,0.21357227797905765,0.01696025763822374,-0.1777439997778981,0.21374209340311034,0.23949619881823273,0.16419578283985065,0.2389774982995322,0.12347293364242516,0.24766122054257647,0.22392037646274934,0.23020539800200818,0.17168894626521744,0.08330904093615958,0.11058870889379364,-0.02621866859154995,-0.3054123460903122,-0.22140414682787565,-0.38532554125774465,-0.20197161722585452,-0.013326577733357395,-0.014966892932994628,0.02518774552672858,-0.021250989047599218,0.3585011822299958,0.34777458506272063,0.21505989811074558,0.14681954681954681,0.4907226178412619,0.3911797776204556,-0.0931879491201525,-0.06101093389228982,-0.00540818167936812,0.2681931546338326,-0.23692953353970303,0.12198531351073724,-0.2764900493714053,0.046643716135241556,-0.24210589634318447,-0.25788299856096464,0.3420943285350065,0.44193978261774874,0.4181040825108622,0.5732899309170496,-0.11379761888236464,0.20162180670655247,0.058068083491812306,0.04782872240499359,-0.00887944955741566,0.11734106988344277,0.05703299601604686,0.028131058639533215,0.39056066852677024,-0.06421151505897268,0.07006945312030058,-0.29306995747673714,-0.23046405419286775,-0.21744564286937168,-0.00014436624606116132,0.007829555287182407,0.04438567997890032,0.10093329076379924,0.05294400718129532,0.3648514462073784,0.1378271954543141,0.11027128823738994,0.03984138221426357,0.0854333532299634,-0.09751107039242632,-0.019443634697871987,-0.16954057293040345,-0.20635442838832668,-0.08524965643609711
#26,0.3557364760754591,0.470401217858845,0.4785579107613006,0.38196948874914977,0.16125061887773753,0.402121073307514,1.0,0.26903436564453515,0.1443250646640477,0.5168825219672677,0.4452037553732469,0.24459899036170224,0.33015033523508097,0.44116335133284285,-0.08506179523128676,0.13670881975966723,0.4309263038076597,0.45482215651707175,-0.08601405720049787,0.024660716186139915,-0.2948328914430609,0.030219742084148862,-0.021343994225350157,-0.02304677558914847,-0.15908836417310993,0.10285724861996048,-0.08492899679340357,0.18419143334397572,0.22819306209136717,0.3544718832854426,0.3455841049061388,0.09924022635887042,0.2231879028489198,0.14932050694762558,-0.017552992129263315,-0.16402319114183522,-0.013851293512310462,-0.03271838865059204,-0.02783399732552275,-0.18926785028479945,-0.05512153139271783,-0.2697196426009985,0.01202820694346118,0.054437642573235794,0.017191613801783294,-0.021173253376643206,-0.055729072678225224,-0.03346659448354364,-0.0006857396687905162,0.10099483150330608,0.03809140419309911,0.18334281893603926,0.10654737942873536,0.33810436013825845,-0.1393236071202173,-0.031668494380358785,-0.3058676550201974,-0.4016528084324695,-0.17454156776190674,-0.2337271015237117,-0.28167890540771895,-0.20961331130822655,-0.13928705284637488,0.06755229806077263,0.2938533294465498,0.3326804462397683,0.20995756927960318,0.41141696395933686,0.2542756932587441,0.2739071891614264,0.46688876858368383,0.5211390126644364,0.11192317124520515,0.22890980348607468,-0.24256953409495782,-0.0814373695729628,-0.04512972140090784,-0.011316092672024875,0.10703369008453754,0.15995641249878537,0.20301179453721827,0.3243817006528871,-0.011931037354766168,0.04515193159260956,-0.1891220959017569,-0.16405835727869625,-0.2230935095341875,0.06639089011970369,-0.04854453837504685,-0.10829967101153541,-0.1554116520218215,-0.11332195061008621,-0.20573069217137013,-0.2500858331366806,-0.2863027896926202,0.23739687299009332,0.26560150288963846,0.27590841997621657,0.4079526367661961,0.19567549059074482,0.224567711008389,0.3719947991134432,0.2718990176617295,0.17881795508914153,0.10219834626614288,0.11969627562847902,0.08511917155984952,-0.11613153986035342,-0.16304547999463254,-0.11638371807863333,-0.09229769060277535
#49,0.2576224915207966,0.4648098020979377,0.11880786796041033,0.2297676721405535,0.2050616101463559,0.23951146832502765,0.26903436564453515,1.0,0.47382528907952637,0.3682815326883124,0.3737313584771212,0.04431812397914093,0.27147054604681725,0.3062220926627706,0.21898786305565968,0.03443967850747512,0.31074140396174293,0.12341648273851663,0.28273944206147594,-0.03112249383435824,-0.0032986761800321124,-0.19358912070776477,-0.006574216743708269,-0.05268396285345438,0.04400810671997113,0.00764076865771781,0.001482530296089618,-0.047291513393208306,0.08027133450862264,0.02495777750015038,-0.07254126237177085,0.125527376374834,0.07058306380340279,0.10865225780480017,0.06996950725764285,0.026938186260220157,0.14558086591984898,0.15930121184358473,0.07931722169010305,-0.09238884493121781,0.031165988793107436,-0.11847564050953882,0.04847189253968915,0.15667393125020243,-0.08281810315708621,-0.060466321483270635,-0.09366593095406654,-0.015092287973643906,-0.22420448183160047,-0.08119861001216934,-0.1556147827334268,-0.08462730835612192,-0.08721109399075501,-0.07872124821277364,-0.04499923652466025,-0.14155619409856698,-0.2487300860182216,-0.272421419879047,-0.03582318836556125,-0.2584012363673381,-0.17784255750357444,-0.19633948278016075,0.15056936751852007,0.21463512819445024,0.08015288015288015,-0.12983939255125695,0.3732228376296173,0.4291036799511376,0.25378984531526905,0.07813082728336966,-0.005313325652308703,0.09821485584197448,0.037834598851548,-0.31763581763581766,-0.19910187537306182,-0.3933758103249629,-0.04306880069591934,-0.23880629473849813,0.22031677285914575,0.15434741366944757,0.04284669877890217,0.08748316883910104,0.21399797332000722,-0.12757626655931742,-0.22652313330279433,-0.1384837842464961,-0.24919048478370512,-0.1157169496152547,-0.1021358801019818,0.0012905046803351888,-0.17396780447627905,-0.15796536135519187,-0.15669891771586686,-0.1782043985433816,-0.1066501015653558,-0.039942716213902656,-0.032514795226659635,0.05569992180161672,0.0972829532151566,0.17016477185968712,0.040940786703498565,-0.008655496791090012,0.08839980195912399,0.14306417357264814,0.1294456243608786,0.13995197046044502,0.14314468551756687,-0.19055742954048038,-0.1056233429114785,0.07529810241674649,0.12456678558373474
#50,0.20989602854009634,0.5167256624883744,0.1506188777375218,0.12041486787249499,-0.06094384060485755,-0.003344021988089785,0.1443250646640477,0.47382528907952637,1.0,0.3263889467279298,0.283893446605311,-0.17744601303923338,0.11392717833395799,0.2750468496231208,0.3943752689515401,0.1981056557327744,0.2610266661114119,0.09991023380853889,0.24206193867210815,-0.1497008564805175,0.08708940064872268,-0.15595718985549495,0.20599027378688395,-0.12372418643605085,0.3646066713863324,0.030157275919987785,0.10134973185820643,-0.15325957698839054,0.08741052300374334,-0.17339866831392256,-0.277203551779823,-0.07862870574734981,-0.0022830226220056727,0.12061290874850197,0.18503403249165962,-0.09131859131859132,0.2863435083774067,0.20870963413336294,0.0902016037609258,-0.10709430539939015,0.0406219779101135,0.021537870690413064,-0.08381709907133636,0.10102860950318578,-0.17993725620844264,-0.10861616624328489,-0.10607680099205523,-0.10423520593012119,-0.3630524206795393,-0.15558146744587423,0.03201414048871676,-0.04764132391251035,0.12281218043929909,-0.03543867442172527,0.3577432594381747,0.08463933887662702,-0.0672533858974537,-0.05203524017083339,-0.09068097373182119,-0.308391288052305,-0.14939222735832905,-0.220935419240504,0.09028304113049876,0.0071174410157461,-0.11706992045975097,-0.18668128837620362,0.3231272875340672,0.3372807321959864,0.4998357371238727,0.3032500913856846,0.14610835797276475,0.14824238722543806,0.256979321386101,-0.2248643096100723,-0.023136541780609577,-0.40334170842645417,0.061649014191387075,-0.10464424362729448,0.21293003326901633,0.1835764886612344,-0.2716070461833174,-0.12755035466899875,0.2496865123983768,-0.3140817242512158,-0.2790215485130739,-0.22307592646575697,-0.24390538458335068,-0.18589282657079267,-0.2440173609665135,-0.00011891706806961044,-0.2623231860519996,-0.1363594719526923,-0.20228764974527685,-0.0946431793889421,-0.19160084583813397,0.1039788633008972,0.020280218585303333,0.21038835445615106,0.06914078947977254,0.3639560978544029,0.09269562320409779,-0.24854268752573838,0.14606763928797828,0.05397955736938788,0.20052193950499037,0.19704696992832585,0.3437230759264658,-0.18547869903802108,-0.06321529541868524,0.12051897814609679,0.14351439266693505
#51,0.6305524322473475,0.6729197610553542,0.6396016972288159,0.7458274915902035,0.19084338575864,0.39566438549489397,0.5168825219672677,0.3682815326883124,0.3263889467279298,1.0,0.5588236927219978,0.13296455160861942,0.4303220015084422,0.44868011308689276,-0.20568534636331245,-0.045858030603793315,0.6911756132095115,0.46020812800473815,-0.046760319641675575,0.0813526932171,-0.3927812249846148,-0.14731696257119986,-0.04113466316856147,0.05666699056529565,-0.014077097127944586,0.25302498183854116,0.15636252585405128,0.23346011651096396,-0.06868825682385005,0.1429318378470921,0.20331348297449992,0.14317152283253978,0.5457779813712017,0.16507956338464813,0.03143528736749076,-0.021605426690172454,-0.047497420378776314,0.09002068324102222,0.005415585076602026,-0.11924328026022941,-0.07374894154555171,-0.2650541142066566,-0.10696335781081544,-0.15325171087882952,-0.1507229880111236,-0.007730997561506036,0.06037470444250105,0.07953423377152191,-0.07931675897777593,-0.030104526714696205,0.23230703739178316,0.1989658379488888,0.2943405655270062,0.11513254394610327,-0.23086383764349866,-0.10995016588236928,-0.3096165502945164,-0.15048515387498437,-0.25921884904935755,-0.2882230458501645,-0.09632051157474886,-0.06016555847064322,0.1269293947260049,0.18376296172906342,0.29331935942105436,0.21916878357556324,0.3687345280565619,0.2908841044434265,0.21244140905157854,0.21233267165470554,0.26057043175687244,0.393986127884433,-0.06503468028891758,0.054935521037215954,-0.24650397701245158,-0.019190068342610715,0.04200826404216235,0.07568169093592822,0.2148817538648047,0.33964519218756506,0.08673912741709353,0.3762994118926322,0.13870357260187768,-0.23074306972612058,-0.21557813591711897,-0.19834904241683904,-0.21316370299421147,0.04964024116566489,-0.06151112591790558,-0.05462272750408344,-0.07016430914736,-0.2322769610905204,-0.2541183710675236,-0.3503181147248944,-0.45262473567558315,0.27421489285896067,0.28285049301998455,0.5260775413317786,0.4352003775732589,0.46961368147808824,0.3235465049024371,0.17828537320062743,0.3518325721715552,0.5076615907124382,0.5031334878792506,0.5751375412392361,0.3911728369355488,0.04498072803157549,0.02027559146203214,-0.21206614935428494,-0.11049339015440711
#52,0.3961682792191267,0.4768972362192701,0.34593900526103916,0.35172013307606526,0.12851002003544376,0.37563125529227226,0.4452037553732469,0.3737313584771212,0.283893446605311,0.5588236927219978,1.0,0.31875974587838996,0.4531443616189379,0.5181651605380418,-0.12667860464470634,-0.020862773405146286,0.44059652873212196,0.24081909336146623,0.050397238532831755,0.012545056612853224,-0.3227085328780244,-0.08681825122503088,-0.04672515350481452,-0.028296709652641857,0.09938875701587566,0.2617832007662516,-0.09433547569140789,0.09726490743439896,0.2579662867798461,0.25606824081400353,0.11934091256125154,0.08772239111222162,0.3283041130498758,0.09854615786819176,0.1508511593257356,0.03921810870963413,0.14074598481378142,0.17857688196671248,0.18483876788961534,-0.038359314630501073,0.11139567919228936,-0.18222860765233648,0.06562139951970461,0.11320349625434371,0.06552608078031807,0.15763591017828307,-0.07032625846185168,0.07167599032005811,-0.08192738192738193,0.034162051111203656,-0.018140174072377464,0.056058061142806904,0.0011216146809367147,0.03011840808450978,-0.17893270774626707,-0.06388530286835371,-0.39955810972760125,-0.2218215133469371,-0.23533410143579636,-0.2711211982398423,-0.21607925336738895,-0.18427610969983851,0.1549993753383584,0.1996608318642217,0.16281597468038145,0.07815627646136121,0.40600739414298737,0.3952479444004868,0.3027364807025824,0.23783830055016494,0.21315768773395893,0.30422502625892456,-0.028156970529851885,-0.01600614481970414,-0.21286247726925692,-0.12440761254320576,-0.03371414557855236,-0.08176913431150719,0.34207905902821156,0.3601572296487551,0.170576123118496,0.44858571977216044,0.07201793472979914,-0.012274832613815664,-0.2737841076824128,-0.14422650693837136,-0.2727101523711693,-0.005918090663853376,-0.10271843492182475,-0.026173785495819394,0.07580245885330632,-0.247099950489781,-0.13402601368703063,-0.2931389016134779,-0.4087818172563935,0.14746734407751358,0.16092486939944567,0.22792607707861945,0.2003437952590495,0.2687766348783298,0.19534465127685466,0.20935650596667546,0.10056080734046836,0.21610747881934322,0.2071757427689631,0.26770776940268465,0.13855781821883517,-0.11233683606564962,-0.12953909225095667,-0.18245487398029772,-0.1398228737211788
#53,0.18807914231643044,0.015165396521328724,-0.01762378711531254,0.09691000707949861,0.4317776944895589,0.5074802074802075,0.24459899036170224,0.04431812397914093,-0.17744601303923338,0.13296455160861942,0.31875974587838996,1.0,0.5070845884405206,0.3852348496416293,-0.3187028322621543,-0.21630922139396716,0.10033222745087152,-0.14638922435532606,-0.21291059935127732,-0.14079734588209164,-0.27001253950406495,-0.16354520930792119,-0.22052453069402222,-0.13717754734703888,-0.24170842645418916,-0.08165160538041893,-0.2133649828565083,0.04230810163013553,0.3842020757274995,0.5623884284901234,0.3435717689954978,0.18012141571463605,0.22915180203315796,0.07637529671427977,0.24152472966032287,0.3193404498489244,0.29758417894011113,0.15565920311683024,0.2778092422160219,0.08160302058607144,0.14194070804240297,-0.0010623875030654692,0.35888338261219616,0.3535219348778671,0.37094814382949975,0.2612885612885613,0.02289269238421781,0.174453189707427,0.20163152366542197,0.22286169065830083,0.046774663723816265,0.01606352114826691,0.0293826954843904,-0.11567808177977669,-0.193423006982329,-0.3306440492881171,-0.1696220102999764,-0.17964158303141353,0.14968281069975986,0.09271228084787407,0.03610498017277678,-0.05921468463841345,0.166873961789216,0.18691403267674453,-0.001447364159228566,-0.038861357505425305,0.31921644294525653,0.2535034263847823,-0.17654742569996806,-0.11445605852385514,-0.02366912366912367,0.08452643706880995,-0.30124654700925885,0.05883248425621307,-0.19885524970270732,-0.05258818140174072,-0.24958193941244788,-0.2622523910659504,0.2039520259859243,0.09975152348033704,0.5139790021145954,0.5276651073261243,-0.2906925415399992,0.5180638265384028,0.1008425991476839,0.2678997950184391,0.05271033745610017,0.1762499016736305,0.08132909488841693,0.19984082695947103,0.41494051833034884,0.10505790844773896,0.2281620603654502,-0.07287811694591356,-0.0489767116885761,-0.18806711179592536,-0.06875349926197384,-0.11365186449932213,-0.08630556596658291,-0.10995386758098623,-0.12908563417037994,0.4210395295141058,-0.1979779471304895,-0.17483261381566467,-0.2147892113993809,-0.22046252724218826,-0.3742246098178302,0.06384736045752995,-0.1152352660827237,-0.08986891359772715,-0.07766487596996072
#54,0.4006010633129277,0.3239601697228816,0.2650763243983583,0.365354877219284,0.2916549831804069,0.5562366681010749,0.33015033523508097,0.27147054604681725,0.11392717833395799,0.4303220015084422,0.4531443616189379,0.5070845884405206,1.0,0.500563120902104,-0.11114072470004674,-0.030562149206217002,0.3602382043060009,0.04057663210205583,-0.018734296700398397,0.1466885992309721,-0.2567044702637923,0.010941758399385519,-0.1056691514318633,-0.04065020336206777,-0.08745725694878237,0.06544603154772646,-0.0677864304982949,0.18994664926868315,0.3004085749848462,0.31664052342018445,0.0744268151047812,0.05887783006427074,0.2938533294465498,0.06651258346173601,0.15201765710240286,0.14033278270566407,0.2805896805896806,0.28175802921565635,0.20968595714358426,-0.04627030728725644,0.01284211792686369,-0.21036614426444936,0.1803624888370651,0.33642934151408727,0.20648491326457427,0.1542567220533322,0.042433959383111924,0.19228242109598043,0.05378845717828769,0.19428411462309766,0.0834547953192021,0.1655001688899994,0.10674588301706946,0.042879088641800504,-0.2565179971959633,-0.1962339843695776,-0.322139859427995,-0.13916674764132392,-0.18608392676189286,-0.1507613931342745,-0.05328733972801769,-0.16657366148891573,0.2581398039025158,0.27356802102564814,0.194887491497661,0.05164193469278215,0.41575257846444286,0.3952701545921885,0.01355747118458983,0.03277854125311752,-0.005348954501496875,0.2152449830415932,-0.14996599064395674,-0.04323352628437374,-0.11066413100311405,-0.06544834510936205,-0.10497554565351176,-0.21045128333263927,0.35612052730696797,0.347519630570478,0.30331949823475246,0.5118477491358847,0.11133552658976388,0.009550382431738363,-0.12423779711915305,0.04610789526043763,-0.1946917641832896,-0.08281764044475909,-0.12422761744795643,-0.13256569358264272,0.14769916295340024,-0.25015477727342134,-0.09869885293614107,-0.27518843959521927,-0.3341291985359782,0.01906282245265296,-0.04425843408894256,0.07681163443875308,0.10725579200155472,0.192579945122318,0.11509043712433543,0.2161315398603534,0.01840068111254552,0.17796239999629831,0.06368309758140267,0.13014663353646405,0.0008180753943465808,-0.03643304321270423,-0.158622412859701,-0.10910802944701249,-0.13825705520620774
#58,0.26047048589421473,0.2915721576738526,0.207342319206726,0.2823257772410315,0.19585502297366705,0.4901354358981478,0.44116335133284285,0.3062220926627706,0.2750468496231208,0.44868011308689276,0.5181651605380418,0.3852348496416293,0.500563120902104,1.0,0.00904463785819718,-0.04022589615809955,0.18503310706700538,0.0006552006552006552,-0.11610655339468899,-0.1308550461092834,-0.2689075824669045,-0.2975605806114281,-0.3422798761781813,-0.09878491742898522,-0.007538509233424488,0.035560367763757594,-0.24985077527450408,-0.07475996798030696,0.2863708084047067,0.39104281477162833,0.11459533493431799,0.1516039922819584,0.2339936238241323,0.2395100801880463,0.33779943271468693,0.30165049487083384,0.3788008347330381,0.3003826630945275,0.15557036235002336,0.07926262163550299,0.18739571620927553,-0.17126463906124922,0.28279311669142176,0.2994586265772706,-0.027143167821133924,0.1160778652304076,-0.00946478065122133,0.0921052022746938,-0.10935604325434833,-0.019848970696428325,-0.009891401416825145,-0.024682000953187393,-0.0200881929695489,-0.11728230541789864,-0.17161630042985976,-0.11764183289607018,-0.38114400995756925,-0.2002979867386647,-0.20987520648537597,-0.3965495541766728,-0.12348450145060315,-0.1917516900567748,0.35938311192548483,0.39738104822850584,-0.007395993836671803,-0.18096170130068434,0.7599180073756345,0.5109792380978821,0.27111749654122536,0.3094805128703434,0.22088914800779208,0.3751676175404989,0.15372367745249102,0.08898976017620086,-0.03963408709171421,-0.21092880245422618,-0.09997408810968134,-0.2847198508215457,0.4028119028119028,0.3221056187157882,0.2343452851927428,0.4428744615185293,0.046800112901807814,0.17336535302637,-0.08632268632268632,-0.015972829532151567,-0.2083084625457507,0.0006214226553209604,-0.03570843570843571,0.039077444162189924,0.1251618336364099,-0.09781275882970798,-0.0859030062419893,-0.20361887311039853,-0.35870847735254513,-0.1619354331218738,-0.08468607282166604,0.1189887884803139,0.04209108954871667,0.21832155730460814,0.14458187000559883,0.11955376023172633,0.06894043504212996,0.05962002063696979,0.15026351467029433,0.16286132048843913,0.10115261640685369,-0.10061448197041417,-0.2780790035027323,-0.14374389798118611,-0.05194038414377397
#101,-0.39627146406807423,-0.0659892558197643,-0.29729405831100747,-0.3225697191798887,-0.2999412355344559,-0.3161292262987178,-0.08506179523128676,0.21898786305565968,0.3943752689515401,-0.20568534636331245,-0.12667860464470634,-0.3187028322621543,-0.11114072470004674,0.00904463785819718,1.0,0.35249887792260676,-0.08693901914240898,-0.12173915055270987,0.5205680256527714,-0.059183220200169355,0.5784015139947344,0.053124464988871765,0.24780651221329186,-0.22588875470231404,0.41708148826792896,-0.13078610197254265,0.013831859594571458,-0.32763086661391744,0.23814091441210086,-0.24986373121966343,-0.4384546333698876,-0.25232489808760994,-0.35295742583878176,-0.058554856859941606,0.2108131243724464,-0.10276840785315361,0.3346886177394652,0.04904056598971853,0.07928113012858776,-0.14806933281509552,0.26585506924489977,0.11855337618049483,0.08717083801829564,0.22542419152588644,-0.16331246500738025,-0.23678007745804355,-0.15354044337095185,-0.21550040024616296,-0.3797429170310526,-0.2500377110546602,-0.15335628386475844,-0.11275882970798225,-0.14250382894450692,-0.018677383084162745,0.2989186412915226,0.2010822841331316,-0.10483534381839467,-0.19432159432159432,-0.16410925563467937,-0.37626193219413556,-0.2762383338654525,-0.3179527755798942,-0.05527792815928409,0.16680733121411087,-0.20464563176427583,-0.30562426833613277,0.121630875868164,0.21324606578843866,0.5142964227709991,0.30742560742560743,-0.0006843515318091589,-0.026079854893414217,0.35595487629385936,-0.39016504948708336,-0.0005783904088988835,-0.5485292688682519,-0.027058028752944007,-0.1735037040121786,0.3161944687368416,-0.005842205842205842,-0.2037322376305427,-0.32210654414044243,0.25069985239476766,-0.19437017911594182,-0.21602789229907873,-0.26931708287640493,-0.2805628432747077,-0.22699047275318462,-0.04540503523554371,-0.08116483201228963,-0.36945404572523216,-0.20875590536607486,-0.32035564069462374,0.024205869968581834,-0.009826621691028471,-0.09531688853722751,-0.19701365464077328,-0.23372432524974898,-0.13620029891216331,0.03136171610747882,0.014746641865285933,-0.4102319576895848,-0.09904172277053633,-0.13448317346622432,-0.07696294136972102,-0.09143982194829653,0.129435444689682,-0.36074487430419633,-0.1512509427763665,0.038692930218353946,0.06755599975938958
#102,-0.2134672422808016,0.17649837819329345,-0.05912121674833539,-0.1684740210163939,-0.22250170046780215,-0.28129855587482705,0.13670881975966723,0.03443967850747512,0.1981056557327744,-0.045858030603793315,-0.020862773405146286,-0.21630922139396716,-0.030562149206217002,-0.04022589615809955,0.35249887792260676,1.0,-0.07286377286377287,0.08820916448035092,0.20204009865026815,0.35684097040029245,0.0424358102324204,0.5529639038113614,0.05403647098562353,0.03921995955894261,0.047247093009804876,0.2529597394004174,-0.07212343314038229,-0.0653039788633009,0.06594853713497781,-0.146855175668735,-0.15631671733366648,-0.27337460727291235,-0.21082700574226,-0.10910895487166673,-0.23760601896195116,-0.34892072349699466,-0.1357537815164934,0.017935192511463697,-0.13806132789183637,-0.018666277988311886,-0.1454971149886404,-0.1774247282721859,-0.24793699708953945,0.12920223767681394,-0.04423529847258661,0.04986095494570071,-0.051707177130905946,-0.2537745758084741,-0.2244955278853584,-0.23876372520440317,-0.20692217641370184,-0.15161833636409908,-0.15662719730516342,0.11319979455572676,-0.08091265379400972,0.1773252451218553,-0.18193200905065313,0.05123983768051565,-0.1933721086263459,-0.2099367472248828,-0.3233669725195149,-0.25295187329085633,-0.10210811736235464,0.10037711054660207,0.07657657657657657,0.08454494556189471,-0.008486144079364419,0.18952465562635054,0.3188240628918595,0.3408468561010934,0.14543002170120814,-0.016942211857466093,0.2931032727642897,-0.16553440960220622,-0.10981829286914033,-0.22271177186431423,0.01817811648320123,0.021357412882836612,0.041507146591892356,0.08850715121901563,-0.10832465747719985,-0.1800353512217919,0.3455105336461269,-0.13876511334138453,0.011508118287779305,-0.11186209321802543,-0.21603807197027536,-0.24055997445827954,-0.21751227344447682,-0.24669322635424332,-0.33155327901090614,-0.1757441571000893,-0.2889883720392195,0.0458672848503357,-0.013367296418143876,0.051612321103846524,0.24631241410902427,-0.04874211653872671,0.0787517872263635,0.01267554148910081,-0.06770221685475923,-0.15303886320835475,0.03581208326971039,-0.060596806359518224,-0.05300462249614792,-0.05197786384227062,0.09627655390367255,-0.2964565489989219,-0.11714025273347307,-0.058681177325245124,-0.03158798243544006
#201,0.5244191803513838,0.536284512555699,0.6489313658805185,0.5524826829911575,0.19607573675370285,0.3305510441103661,0.4309263038076597,0.31074140396174293,0.2610266661114119,0.6911756132095115,0.44059652873212196,0.10033222745087152,0.3602382043060009,0.18503310706700538,-0.08693901914240898,-0.07286377286377287,1.0,0.5636682907869348,0.18888750075190752,0.0703290347358144,-0.2021530004580852,-0.04480073293632616,0.23864804712262339,-0.08649157632208479,0.16399959281315213,0.13789428874174636,0.20061170569645145,0.13213444569376773,0.15506646862579065,0.022785343124326174,0.11561376476630714,-0.008278386244487939,0.4285660082270252,0.02252391065950388,0.0786041819940125,-0.18926368587385536,0.04424501543145611,-0.0180902011410486,0.18700241073122428,-0.23254209525395966,-0.14064650166345083,-0.23967156679021087,-0.1913708778115558,-0.18754841127722482,-0.04931773067366288,-0.0845713201645405,-0.1270557151913084,0.022384634249041028,-0.012632046530351614,0.0896616184751778,0.2089021224614445,0.3112994350282486,0.32192469819588465,0.26415228788110146,0.026143709194556653,-0.0359842122553987,-0.16835695479763277,-0.2472452421604964,-0.15541766728207407,-0.17351758538199216,-0.01579977512180902,0.013301591267692963,-0.1791029858826469,-0.09804457770559466,0.27368740080604487,0.3422669202330219,0.059040242091089545,0.12257388359083274,0.22713206272528305,0.0877945742352522,0.28677429355395456,0.3808418588079605,-0.02163874197772503,0.021457821457821456,-0.25583225752717276,0.0017522915828000574,0.13656908063687725,0.21552307315019179,0.20340833900155933,0.24260377480716463,-0.03377337275642361,0.1828537320062744,0.0807400620959943,-0.20873462059902737,-0.2865517289246103,-0.20259720429211955,-0.104828865845815,-0.007521388877321081,-0.13604852926886826,-0.14613056816446646,-0.2000731085476848,-0.24080197300536282,-0.257150062234808,-0.21323588611724206,-0.38159515447651043,0.45946917641832896,0.30080465673686013,0.525278437142844,0.41259641768116345,0.4449006787989839,0.2510427222291629,0.2951095934146782,0.340919039224124,0.48376111087975493,0.39737503296825333,0.41107085513865177,0.21600568210737703,0.13199516928330488,0.01863342541308643,-0.06916855221939967,-0.14037627766441327
