,#10,#11,#12,#13,#17,#18,#26,#49,#50,#51,#52,#53,#54,#58,#101,#102,#201,#202,#301,#302,#401,#402,#501,#502,#601,#602,#701,#702,#801,#802,#901,#902,#1001,#1002,#1101,#1102,#1201,#1202,#1301,#1302,#1401,#1402,#1501,#1502,#1601,#1602,#1701,#1702,#1801,#1802,#1901,#1902,#2001,#2002,#2101,#2102,#2201,#2202,#2301,#2302,#2401,#2402,#2501,#2502,#2601,#2602,#2701,#2702,#2801,#2802,#2901,#2902,#3001,#3002,#3101,#3102,#3201,#3202,#3301,#3302,#3401,#3402,#3455,#3501,#3502,#3601,#3602,#3701,#3702,#3801,#3802,#3901,#3902,#4001,#4002,#4101,#4102,#4201,#4202,#4301,#4302,#4401,#4402,#4501,#4502,#4601,#4602,#4701,#4702,#4801,#4802
#10,1.0,0.3066380710448507,0.33068430526057646,0.2740214791062249,0.15167247370637202,0.09968489290523189,0.13820152972695346,0.5794106895801812,0.01654613010545214,0.3505249471351166,0.4844843302470421,0.013451047349352435,-0.17787124566785584,-0.3216401301147064,-0.29886033953830565,-0.07804337465354415,0.22008402855860482,0.27192076514110414,0.0029414622634961617,0.003011794537218266,-0.15661100237371423,0.09667818820361193,0.07931999796406576,0.17471647302155777,0.06636682907869348,0.1727337506998524,0.09914120592086693,0.3656431469990792,-0.1372992406890712,0.036664399376263784,0.2322839017754272,-0.08826885437054928,-0.20500423381779315,0.10662742866132696,-0.025213657417047248,-0.06378258073173328,0.08819250683657463,0.0725084097965454,-0.08477121188985595,-0.0007070244358379951,-0.1957717347547856,0.11063914453744962,-0.2758880606338234,-0.19478754563500325,-0.2968928867233952,-0.14722488281810317,0.31877686623449336,0.28324564934734425,0.22538023385481012,0.25274827986692394,0.2824155434324926,0.2105031071132766,-0.0006755599975938959,0.1593632152954187,-0.06918012002757766,0.17548318734759413,-0.24498720600415516,-0.033865915221847426,-0.236843931759186,0.1655899350814605,0.01293466039228751,0.08539124640819556,-0.10629196222416562,-0.05181776537708741,0.36232688775061656,0.09182109690584267,-0.251280093652975,-0.16515729905560414,-0.16832965477033274,-0.047190642105896345,0.028869084801288192,0.04712123525682848,-0.021598948717592787,0.06752869973208957,-0.09708722590078522,0.03747507137337646,-0.09983712526085407,-0.0023774159367379705,-0.20203778508863254,0.13004992666009615,0.21480725718013854,-0.24258295275244426,0.217353563116275,0.018564018564018563,0.003253793084301559,0.16869057038548563,0.04143403804420753,-0.03331436212792145,0.0053008324194764875,-0.14885177936025393,-0.21550595279408838,-0.256983023084718,-0.12854333532299633,-0.17770004210682178,-0.29271274356020116,-0.11418999893576165,0.23656630436291454,0.1802000768102463,0.20886556818760207,-0.10092588736656534,0.24015510117205033,0.23474830762966356,0.22035656611927798,0.04877265555231657,0.21511264731603716,0.21859039316666434,0.16582453023130989,-0.04601072567174262,0.16462332903010868,-0.25211251312946226,-0.33462939056159396
#11,0.3066380710448507,1.0,0.295423775084792,0.18738276026411618,0.07198091774362961,0.048283568622551676,0.408309850682732,0.29060693975948215,0.3729049542608865,0.37433427263935737,0.46017851441580254,-0.04207998445286581,0.021096443130341435,0.19251146369790437,-0.2395272005441497,-0.053213768468005754,0.12145735874549433,0.19628580815021493,0.029821346770499312,0.07054836037886886,-0.182541401185469,-0.04172415867331122,0.06675180573485658,0.1513791140909785,0.007137800358139341,0.10086157035309577,-0.24431349685586973,-0.046864892627604494,0.06864429915277373,0.1913324726884049,0.0860991962686878,0.11624444166817048,-0.005688585349602299,0.12318975369822828,0.08102740645113526,-0.016392972325175715,0.13839077906874517,0.13367851672936418,0.08922389261372313,0.13474784491733643,-0.04516396211311466,-0.09208530564462768,-0.02782381765432613,-0.0967887764497934,-0.23374514730446933,-0.14080660012863402,0.10254954492242628,-0.11309799784376055,0.16907323348001313,-0.13746998153777815,-0.0008532415312076329,-0.10916679391255663,-0.14262135787559516,-0.1750102953492784,-0.24678854509362985,-0.16508280237093798,-0.34903362530481175,-0.2531383463586853,0.004112587163434621,0.12441964306371087,0.10172637969248138,0.16411156919631495,0.11109352804268058,0.21145860806877756,0.003352813522305048,0.1521449029923606,0.2271838865059204,0.3409366222925545,0.11772280755331603,0.18849280713687494,0.15958207822614603,0.10692217641370184,-0.1217275827445319,-0.06495231749469038,-0.1664806563111648,-0.008601359448817077,-0.17603566586617433,-0.12315828925998418,-0.04712863865406238,0.24855934516951467,0.09769476718629261,0.00868742394166123,-0.1367375079239486,0.05772475094508993,-0.14120962256555478,0.1165063368453199,0.08917345697006714,-0.06825469537333945,0.2331750857174586,0.10817844038183021,0.16238842849012342,0.03089067495847157,-0.07802116446184243,0.10004395767107631,-0.12361637446383208,-0.08307629663561866,0.30635627923763514,0.21432603635993466,0.004384199299453537,-0.051616948227117716,0.01205967138170528,0.07371423812101778,0.16296265448807823,0.1259484445925124,0.13803819227548042,0.09307689816164393,-0.1221926086332866,0.09693267998352745,0.04747659832405595,-0.05388238778069287,-0.024189675037132666
#12,0.33068430526057646,0.295423775084792,1.0,0.5173766987326309,0.21035457645627137,0.33716736767584227,0.25440432728568324,0.25024917058815366,-0.05131896148845301,0.33954108191396326,0.1959651485075214,0.15381483178093347,0.12661012322029272,-0.2161505110657653,-0.1917128222212968,-0.036024468227858056,0.7596500969382325,0.7737984517645534,-0.4265689418231791,-0.3012423825983148,-0.1838911330436754,-0.20962719267804014,-0.04593391542544085,-0.14646603460162783,-0.01745258355427847,-0.09665181360096614,0.07292901530189666,0.031317295724075385,0.26198170435458573,0.10709523082404439,0.49575415168635506,0.21459394679733662,0.18295645414289483,-0.020685554583859667,-0.07184626845643795,-0.2599059768551294,-0.04888694549711499,-0.1795508914152982,-0.03840327230157738,0.147235987913954,-0.13887385073825753,-0.27300675097285265,-0.151586871925855,-0.17077138772054026,-0.3005746887102819,-0.42492631306190626,0.10954945700708413,0.06280995942012892,0.019675916286085778,0.037595839290754544,0.20475807085976577,0.17595098951031155,0.14705275383241484,0.24204435560367762,0.180921445328225,0.3619775399436416,-0.1501755993281417,-0.1107427920987243,-0.09899452611317018,-0.1196254806424298,-0.2123798683120717,-0.046101880000185086,-0.3424607966980848,-0.1314070619155365,0.30112207739326385,-0.04132483793500743,-0.2705617790363553,-0.07807391366713401,-0.2550817381325856,-0.15914250151538287,0.24326036359934666,0.1706200807895723,-0.2583036040663159,0.12057219006371549,-0.22160079956690126,0.08016028355011406,-0.041027313908669844,0.02647593664542817,0.09322311525701356,0.13191326920140478,-0.0004293970395665311,-0.03264805637686993,0.08232207554241452,-0.04129152264745485,-0.10354483913805948,0.12810653488619592,0.13375764053730155,-0.08531767514818363,-0.039067264490993306,-0.1192479073835006,-0.07189439053845834,-0.11563273597171903,-0.12563333749774427,0.00690551876992555,-0.13103966832780392,0.34628326323241576,0.13661026203399085,0.5823391958985179,0.5785449548161412,0.05407441339644729,0.3755794315116349,0.6557230574179727,0.5094000009254247,0.4128837620363044,0.46857951942697706,0.33796138202917864,0.23755049348269688,-0.1987192122785343,0.23020724885131666,-0.08855666143801737,-0.49626174710920473
#13,0.2740214791062249,0.18738276026411618,0.5173766987326309,1.0,0.29382047687132434,0.30997237607407097,0.3996363081108844,0.10771202635609416,-0.08278617600651499,0.6117894473826677,0.16299643248795792,0.22548480684073904,0.1512319715709546,-0.11507331676823203,-0.10058810736776838,0.05588130503384741,0.3752402633758566,0.27100598287038963,-0.20530731039205616,-0.14943109519380707,-0.3613251155624037,-0.19422488744522642,0.03016514202954881,0.04672052638154333,-0.12101639389774983,0.1453536741672335,-0.1278326091885414,0.1578404290268697,0.008324194764872731,0.11589694471050403,0.29298944553181844,0.14586959841197128,0.13042241008342703,0.1826825284452403,0.21620696196967384,-0.18058412804175517,0.17387294844921963,0.13671159603362992,0.06946144912246607,-0.011429457192169057,-0.05622648842987826,-0.0885233461504648,-0.12565878667573582,-0.15668457363372618,-0.2873388025930399,-0.14303641083302102,0.2357181526673052,0.2400213773095129,0.23747044425010527,0.20249309401851776,0.3119930408066001,0.31333999639084387,0.2268451810824692,0.2339667865091594,0.11168950152000999,0.19608730456188084,-0.2524202168269965,-0.05577580662326425,0.02132224674597556,0.08414423668660957,-0.27111981010286096,-0.14837935007426534,-0.06658152759847676,-0.07814100695456627,0.23286738201992438,0.11155947935608952,-0.12547925429281362,-0.09029692250031233,-0.13994271621390267,-0.06627243576396119,0.15384860978081316,0.02830457576220288,-0.0836361785514328,0.05592248643096101,-0.23460532952058374,-0.0390987289292374,-0.09001235441913408,0.03055289495967462,-0.03159631125732821,0.17190040579871088,-0.08048510760375167,0.008458381339737272,0.02064391047441895,-0.05130554283096656,-0.013855920635581652,0.016948227117718644,0.029496060004534582,-0.13561820680464748,0.0005362835871310448,-0.07583531142853177,-0.0830017999509525,-0.010508659661202034,-0.09801681496596751,-0.03994502977553825,-0.09242123479411615,-0.14022219445948259,0.1681982444694309,0.3016851982953678,0.23477884664325344,0.15574619303432863,0.2662534645585493,0.32051573915980697,0.3383347908771638,0.11211519686095957,0.1427573952997682,0.11160204889018448,0.04505985183951285,-0.20985530985530987,0.08928358250392149,-0.24872730974425888,-0.272588459029137
#17,0.15167247370637202,0.07198091774362961,0.21035457645627137,0.29382047687132434,1.0,0.49641305404017266,0.04427277817108326,0.19810010318484894,-0.026311673769300888,0.0447993447993448,0.22975934331866535,0.5215013164165706,0.33014848438577254,-0.03989228057024667,-0.2423460440409593,-0.07213685179786875,0.20607309929343828,0.07761629117561321,-0.19164202723524756,-0.15153504814521765,-0.29210288871305823,-0.07133867303358829,0.2104448053600596,0.21291661461152986,-0.0891919654631519,0.11031339505915777,-0.17353887014903965,0.05431548651887635,0.19311669142177618,0.33814461611071783,0.31887588667249683,0.10398904297209383,0.18987076444703563,0.13507683338191812,0.3021946445675259,0.2028188434968096,0.17889800432173314,0.09247305857475349,0.07913676388252659,0.08789035568696586,0.07973921533243566,-0.02606180911265657,0.00933475848730086,-0.20801047580708598,-0.09601188245256041,-0.11357088984207628,-0.055157622954233126,0.029251747895815694,0.06461129850960359,0.07749089613496393,0.08770665889309957,0.14280783094342417,0.04906231346909313,0.1051851543376967,0.027995021215360197,0.09033208863717339,-0.14816418884215493,0.014819750412970753,0.2825538944183012,-0.04139100579778546,-0.13439386998709033,-0.053544145069568796,-0.05922116261099312,0.09140002868816428,-0.054318262792839064,-0.036312738007653264,-0.12001693527117256,-0.007090140988446073,-0.1681621529079156,-0.10830013372386253,-0.09530855971533937,-0.06341935155494477,-0.08465229482178635,-0.07974893229130517,-0.13694757932046067,-0.08668128837620363,-0.12251558183761574,0.007214610604441113,0.20852640005182377,0.19170680696104425,-0.0246047279945585,0.10267493996307556,0.003736864753813906,0.17655529180952909,0.36177024482109227,0.09235229065737541,0.12641208234428575,0.013956791922893617,0.19701504277775464,0.1764923629330409,-0.014985864138406512,0.1438378285835913,0.266737924365043,0.03840234687692315,0.14607272912357658,-0.015453203588796809,0.05488601081821421,-0.01010656264893553,-0.03757501723603419,0.000853704243534752,0.1738794264217993,0.18431127583669957,0.4805656195486704,0.04926220519440858,0.09107150293590971,0.007025361262649398,0.16806128162060366,-0.20577279899313797,0.24654423298491096,-0.10366560705543756,-0.1429952294359074
#18,0.09968489290523189,0.048283568622551676,0.33716736767584227,0.30997237607407097,0.49641305404017266,1.0,0.043938699870903264,0.07381649754531111,0.022223610359203578,0.1402610622949606,0.1139179240874156,0.32343360309462005,0.2747414594872222,0.07765284544945562,0.11952275850580936,0.007071632495361309,0.34265744943711046,0.26016231948435337,-0.2298306010170417,-0.19223013460301597,-0.09664394749140512,-0.06112707468639672,0.22644354678252984,0.09307134561371849,0.026378767056733157,0.00877533928381386,-0.07829694100880541,-0.17553963825150265,0.34477806003229733,0.32112142959600587,0.30649370479878957,0.17080331487111147,0.11932194135583966,0.18624633878871166,0.19685031718930024,0.24852741801894343,0.13974652618720415,-0.02615527700273463,0.09541729711221236,0.20101796711966202,-0.005914851677563542,-0.030173933563764074,-0.062390279339431885,-0.07967721188060171,-0.09824770841719994,-0.03720993720993721,-0.08874035823188366,0.019566716176885667,-0.03970025495449224,-0.011259179055789225,0.14460963274522595,0.1855689279418093,0.07207160935974495,0.039253274846495184,0.047702401939690074,0.018557077879111778,-0.10554236825423266,-0.1121036290527816,0.17746405881999103,-0.004326822970890767,0.017634429498836278,0.01856124229005585,-0.02104184307574138,0.0943234451709028,-0.05230315060823535,-0.15862611455831796,0.04082510862171879,0.03521009453212843,-0.036489031404285645,-0.012645927900165188,0.0028669655788299856,0.0014311692277793973,0.07431483872161838,-0.028576187898221795,0.10470161995585725,0.002045188485866452,0.11614680936714836,0.021434685841465503,0.24821925160908212,0.13119004983411764,0.16996210386040894,0.13511014866947071,-0.04127949212694976,0.2400426620765604,0.19661387119014237,-0.023050014575438305,-0.0505800099020438,0.06265818977683385,0.19199646487782082,0.11698524410388818,-0.17246630297477755,0.07561182137453323,0.013695359458071323,-0.09616596565749108,-0.026339899221255153,0.07414363516058431,0.05866914680474002,0.03500187398492483,-0.025340440594677882,-0.016134778846643254,0.16689802283022623,0.3026666111411874,0.4517016245829805,0.09555749894732946,0.15518260941989756,0.0716028817723733,0.1863120439391626,0.06421567946991676,0.0890924823128213,-0.10765696358916697,-0.12007801329835228
#26,0.13820152972695346,0.408309850682732,0.25440432728568324,0.3996363081108844,0.04427277817108326,0.043938699870903264,1.0,0.007934590985438443,0.12054997987201377,0.5791779452796402,0.3356140423937034,0.10751814989103124,0.24512046715436545,0.17076676059726908,-0.10399783450630909,0.14789118856915467,0.22906805110194942,0.1311049107659277,0.03833294002785528,0.0331848026763281,-0.2060980857591027,-0.1829268405539592,0.030619062822452654,0.03321996881318915,0.07153717662192238,0.20850002544917798,-0.1041533058482211,0.0002660595880934864,0.10653210992194043,0.19684892905231888,0.0669387415150127,0.08008671229010213,0.005415585076602026,0.09195944789165128,0.16107756446739496,-0.09250868742394167,0.1697649884090562,0.27962585081229147,0.07335147165655641,0.07941670484043366,0.0708232115011776,0.06791645266221537,0.10989232684147938,0.02243090548175294,-0.08874174636886502,0.05796952576613593,0.15954552395230362,-0.04161264500247551,0.23780591068726661,-0.04939500363229177,0.2593951424459899,0.08090108598583175,0.07310762226016464,-0.06274980681760343,0.0198822859839809,-0.11404424455271912,-0.1552441501594044,-0.1595769883905477,0.14007227566549602,0.23861797082136066,-0.19714043781840393,-0.20454244691532827,0.12297366704146365,0.15567077092500822,0.055089141529819495,0.07493903765090205,0.13174669276364193,0.2986447155938681,0.0429008361211751,0.22174794208692514,0.06519570417875503,0.1571625554676402,-0.18939370803777583,-0.07371516354567202,-0.22039589666708312,-0.14411082885659157,-0.16557142658837573,-0.20741820402837352,0.006679715154291425,0.24649888717685328,-0.13228482720008145,0.1499234211098618,-0.14702499109278772,-0.028803842363164397,-0.21371201710184762,-0.221650309785903,-0.23021650309785904,-0.2007944770656635,0.14375500307703698,-0.08709078878570405,0.09977743537065571,-0.041753309549919716,-0.079880342592207,-0.09477181341588121,-0.07753670465534872,-0.0842224350698927,0.2297315805790382,0.21735772752721905,0.07124335429420176,0.117341995308097,0.07669410550766483,0.10532396803583244,0.07824557994049519,0.04599962057589176,0.004422141710277303,-0.038041893974097366,-0.11375412392361545,-0.1249776741302165,-0.16513555157622956,-0.33801690750843294,-0.06555060453365538
#49,0.5794106895801812,0.29060693975948215,0.25024917058815366,0.10771202635609416,0.19810010318484894,0.07381649754531111,0.007934590985438443,1.0,0.19666662039543395,0.2303081201386286,0.4475982916660883,-0.0839947806049501,-0.24162375009832637,-0.2806840739044129,-0.36382792653979096,-0.19015394439123254,0.1800501580162597,0.2648991055770717,0.007437175233785403,-0.03563717801005937,-0.09139355071558461,0.05982824118417339,0.007264583535769977,0.16065927252367931,0.09227825668503635,0.06268178810551692,0.08336595455239523,0.1773423654779587,-0.04005191632310277,0.09089289597764175,0.16523966184983135,0.04005561802171972,-0.1398367550909924,0.19306255407950323,-0.0357857086670646,0.006566813346474363,0.10691523572879505,0.06932356084898458,-0.0034175932481017228,0.10153944391232526,-0.03467797535594146,0.17136088322529,-0.27772641670946757,-0.15965796304779356,-0.23236024930940186,-0.14575068134390168,0.16200900438188573,0.0713048950337086,0.05627877492284272,0.14151131100283643,0.16210802481988923,0.0589301165572352,0.0461698987122716,0.08207544987206004,-0.0357565577904561,0.12302410268511964,-0.199755225178954,-0.13312048566285856,-0.26697853477514494,0.037233072826293165,0.14015787744601305,0.23139318054572292,-0.1339788170296645,0.07225761971524683,0.13116089895750913,0.00198411045868673,-0.18303927964944913,-0.14746734407751358,-0.09027887671955469,-0.03733209326429665,0.00371419184978507,0.10425417713553307,0.07976929163369842,-0.023247592739118163,-0.08004368004368004,0.0800908767010462,-0.16126635109685958,-0.09525303423608508,-0.21575951914934965,0.04233077453416437,0.228845023760278,-0.2654640773284841,0.03216544741968471,0.17641601539906623,-0.010225017004678021,0.24445740038960379,0.1326156665139716,0.06702295515854838,-0.032616129226298717,0.1035383611654798,-0.2005066699981954,-0.0878500997145065,-0.10701425616679854,-0.08868714631426496,-0.27613977613977614,0.09293623361419971,0.05879870625633338,0.20349764248069332,0.1664635359550614,-0.10261895177149415,0.256501339552187,0.16144264449349194,0.21857512365986942,0.05963852913005455,0.17140854259498328,0.1931129897231592,0.20163106095309485,0.03812980931624999,0.1132710522541031,-0.1579806308619868,-0.23790863282388705
#50,0.01654613010545214,0.3729049542608865,-0.05131896148845301,-0.08278617600651499,-0.026311673769300888,0.022223610359203578,0.12054997987201377,0.19666662039543395,1.0,0.1408815595256273,0.28554116520218215,0.15953164258249003,0.24870648768953854,0.33480892294451614,0.012186454559335915,-0.040559511745952424,-0.015182516877432132,-0.07230898078355706,0.12232170537255282,0.09056853463633124,0.003370859303062693,-0.003988580259766701,0.06421105234664556,0.03158520616147735,0.13400889333092722,-0.029352156470800538,-0.17633087633087632,-0.2359286867761444,0.023851432326008597,0.12477639426791969,-0.20220991407432085,-0.13544746595594054,-0.031175705751976937,-0.12253871745397169,0.1149132183030488,0.1300656588792182,0.004327285683217887,0.02693587269858456,-0.03387054234511862,0.0243479226530074,0.05465234109301906,-0.13415788670025958,0.09163508655034079,0.23534057940837602,0.00985253358134714,0.07264120823442857,-0.07990856804416127,-0.14408861866488984,-0.08759468250993675,-0.2483474229236941,-0.21250896505133793,-0.19005029682995786,-0.11417102773034976,-0.2901099867201562,-0.16139452241147156,-0.2966444102037322,-0.12383107298361536,-0.21438618896246014,-0.02541493727934406,-0.025106770869482733,0.0347806974925619,0.10586210247227196,0.08915541118930949,0.05938172378850345,-0.07518149891031246,-0.04428527140391547,0.21077333111231417,0.3024898550322279,0.18791164045401335,0.0835639954284022,0.13383306264662198,-0.0001693527117255931,0.014113651401786996,-0.12055368157063072,-0.059414576363728905,-0.14737202533812704,-0.07530874480027022,-0.12404345794176302,-0.08633610498017277,0.061757288875932945,-0.37273328798752525,0.27611617781109304,-0.30388261913685644,0.04567572194690839,0.11203699847767644,0.030356704932976118,0.1042865669984314,-0.10817844038183021,0.06582221666967429,-0.033851108427379616,0.1872300651961669,0.17366750417597876,0.012543668475871865,0.22939611414187686,0.020637432501839283,0.07480716463767312,0.11156780817797766,0.17819329344753074,-0.050685508312626956,0.09273310290259443,-0.035602474585525436,-0.08874776162911756,-0.16221444865512663,0.1369790437587048,-0.15319988709819218,-0.13917415103855782,-0.20178560687035263,0.048847614949309864,-0.026703128398043653,0.02319345539684523,0.18833409680867308
#51,0.3505249471351166,0.37433427263935737,0.33954108191396326,0.6117894473826677,0.0447993447993448,0.1402610622949606,0.5791779452796402,0.2303081201386286,0.1408815595256273,1.0,0.42437383454332606,0.07881888051379576,0.07556555014182133,-0.0545926512028207,0.011452592808525012,0.023307745341643645,0.3144861348251179,0.13812842117926863,0.030943424163763146,-0.11263297195500585,-0.03968914985864139,-0.09211815821985314,0.02012983707898962,0.0007338617508109034,0.11994197587417926,0.045211621482807926,0.11290828578964172,0.11605287876474317,-0.03538222351781674,0.07851626665185987,0.2077495060545908,0.22041347973551365,-0.011621020095596367,0.16639690537995622,0.08999662220001203,-0.2043036873545348,0.30832974731279816,0.13884377443699478,0.18791719300193876,-0.0672996571301656,-0.08571884673579588,-0.09230231772604654,-0.059991115923319314,-0.04004081122725191,-0.14674319928557217,-0.1338460185917813,0.40198179689705116,0.2392777985998325,0.3027758112503875,0.15447234599776974,0.31776213810112114,0.17448095244705414,0.10854352040792718,0.04936816631731886,0.02224952224952225,-0.05255903052513222,-0.16689200756997366,-0.30691801200275776,-0.033274106155462085,0.18466987789021688,-0.20951660443185868,-0.15485639722927858,-0.07355830406677864,0.017569649773039604,0.3006339158881532,0.10007310854768482,-0.07768245903839124,-0.014422280523975439,-0.18279959466400145,-0.10856110347635771,0.0273000273000273,-0.03280121415714636,-0.11270145337941948,-0.03916582221666967,-0.24241822716398986,-0.1889277567243669,-0.17310021886293073,-0.29156938139988986,-0.11380594770425279,0.015195935534918586,-0.0692856184381608,-0.043215480503616094,0.009749811444726699,-0.11073723955079887,-0.24965504796013271,-0.008803564735768125,-0.001482530296089618,-0.21591499049126167,-0.09196314959026823,-0.21234701573684625,-0.02604515146888028,-0.11407061915536491,-0.27310068157525785,-0.05549540295303007,-0.257355969220376,-0.07953469648384903,0.08739941790789249,0.346777439997779,0.19168552219399676,0.007415890466737924,0.06711688576095355,0.171438618896246,0.12359138799816766,0.02630658393370258,0.08799724223453037,0.06509251932980746,-0.029520583757871893,-0.162351874216281,-0.011233729877797674,-0.24020368596639782,-0.27363835329937025
#52,0.4844843302470421,0.46017851441580254,0.1959651485075214,0.16299643248795792,0.22975934331866535,0.1139179240874156,0.3356140423937034,0.4475982916660883,0.28554116520218215,0.42437383454332606,1.0,0.11093851941309568,0.03994086536459418,-0.06777948981338812,-0.18562861783200765,-0.0964209201497337,0.24354308083121642,0.12310461463003836,0.09462698445749293,-0.0044434264773247825,-0.06432580500377111,0.08028429045378198,0.14820537023926855,0.21465780109847907,0.10193460023968498,0.19322589153097627,-0.07893964843117386,0.025948444592512387,0.013211825076231856,0.24843718911515522,0.17512227173244121,0.14537125723566402,-0.07244686905703855,0.17851071410393443,0.21990680973731822,0.09686651212074941,0.29748469578978054,0.18867187680747002,0.21894390538458336,0.08798428628937104,-0.012688497434260147,-0.022660410796004015,-0.061775797369017706,-0.0920714242748141,-0.11513717106937446,-0.05516271278983143,0.1833988071276207,0.010792765030053166,0.11131655538435199,0.015643378355242762,0.15729766746715898,0.06341981426727189,0.028267096063706233,-0.06326202936372428,-0.0702952567359347,-0.09380474465220227,-0.23123632106682954,-0.16522994489096185,-0.09994956435634401,0.17559285016912135,0.06308388511778343,0.03955496328377684,-0.012683870310988955,0.1545519325180342,0.045382362331514874,-0.051800182308656885,0.0012752351735402583,0.08125644905305922,0.014528704359212833,0.106713030441844,0.001343716597953886,0.0474511491460644,-0.11929093962992268,-0.14534765890698095,-0.14342508918780106,-0.18935484020229784,-0.2384958147670012,-0.18991564754276619,-0.007669919534326314,0.1780132983522814,0.09554963283776843,-0.09663515595718986,0.08466062364367449,0.0244617498854787,0.006489077675518353,0.15178815178815178,0.19656991351906605,-0.05478328868159377,0.14506309082580268,-0.07962029826436606,-0.057094074043226584,-0.19448169278677754,-0.0933984832289917,-0.053637150247319736,-0.2878079928927387,0.001468648926276045,0.16647510376323935,0.06490419541267,0.06591707269673372,-0.07129749163647468,0.08440428101445051,0.059358125459820374,0.20758431775380928,0.01278566702295516,0.0480300022672904,0.030598240767732293,0.06165919386258369,-0.041285970099529425,-0.0013876742690302013,-0.17852552089840226,-0.20114012317402147
#53,0.013451047349352435,-0.04207998445286581,0.15381483178093347,0.22548480684073904,0.5215013164165706,0.32343360309462005,0.10751814989103124,-0.0839947806049501,0.15953164258249003,0.07881888051379576,0.11093851941309568,1.0,0.7292665546902835,0.09762582304955186,-0.15983795814304289,-0.09090446378581972,0.22725930861524082,-0.07351342097104809,-0.13263648856869195,-0.09013219691185793,-0.216743708269132,-0.050521245436499676,0.004868196393620123,0.07703188550646178,-0.08484478314986789,0.09660045253265592,-0.20645529967563866,-0.0507327049699931,0.19185071049477828,0.29852209682718156,0.22515813193779297,0.010259720429211954,0.16482507160473261,-0.2366088738970095,0.19221301424691256,0.07402610622949606,0.03785680904324972,0.05298750214004451,-0.07607407098932523,-0.20258517377161445,0.030743995150774812,-0.1787591906235974,0.25886811310540125,0.03227973736448313,0.11359680173239495,0.017672834621987165,-0.06232411147665385,0.12121721104771953,-0.004772877654233587,-0.018051333305570592,0.04602738331551891,0.1600901363613228,-0.047014811421591085,-0.09262205194408585,-0.10521615606361369,-0.14549248786536922,-0.1858521078860062,-0.139306949476441,0.06336336336336336,-0.04557161167330659,-0.3127602178449636,-0.2263778416320789,-0.06046400792163504,-0.03589074436532064,-0.009272755035466899,-0.02491243169209271,-0.06134038506919863,0.1379507396456549,-0.11757612774561928,-0.19153930509862713,0.11952275850580936,-0.019047090233530913,-0.12070637663858003,-0.19494162883993393,-0.24003988580259766,-0.38382403975624313,-0.23068569339755782,-0.15993836671802775,0.14254639847860187,0.1352091691074742,-0.4205435018994341,0.44134473456507356,0.031840623366047094,0.20593428559530255,0.6211339228288381,0.09016458677475626,0.19005029682995786,-0.09436046215707233,0.06827690556504115,0.024653775501233127,0.156178829060185,0.21127722483654687,0.20394693615032597,0.14658032454642625,0.17314602738331553,-0.16720618924008754,-0.0924855518075857,0.015052494713511663,-0.011680709985794731,0.20281097738724857,0.1855013719420499,0.11825122503088605,0.21449816534562297,0.010359203579542562,-0.20812707931351998,-0.08824710689117468,-0.05785940023228159,-0.2915166321945983,-0.040832049306625574,-0.1281037586122332,-0.045188023154124846
#54,-0.17787124566785584,0.021096443130341435,0.12661012322029272,0.1512319715709546,0.33014848438577254,0.2747414594872222,0.24512046715436545,-0.24162375009832637,0.24870648768953854,0.07556555014182133,0.03994086536459418,0.7292665546902835,1.0,0.36280949670780177,0.03246944941860196,-0.09520352401708333,0.22336882336882338,-0.05332435671418722,0.02941878704590569,-0.13741862046946793,-0.12320270964338761,-0.19042879551354128,0.14385772521365742,0.0718791210316634,0.13588380368041386,0.11898092237075288,-0.16542474678067898,-0.17905532651295364,0.41905819532938177,0.2510084815169561,0.03820106701462634,-0.09610118593169441,0.2651512837953516,-0.1933836764345239,0.15864739932536542,0.06317827843251572,-0.0357565577904561,0.015386110301364539,-0.011640916725662488,0.052870435921283376,0.08345201904523938,-0.14411314241822717,0.3271621390265458,0.12484395026767908,0.17986923749635614,0.06288029169385101,-0.10866475103763239,-0.008058597889106364,-0.0987090326073377,-0.21625138235307728,-0.06619053568206111,0.059048570912977695,-0.0627225067903034,-0.1519991486093181,-0.042082760726828525,-0.2616985244103888,-0.11040917651087143,-0.19163231027637806,0.15512986021460598,-0.026835464123599717,-0.28721618382635333,-0.22689700486310657,-0.009712331746230051,0.06838749381122262,-0.03462383801366852,-0.011710323574730355,0.1392898291203376,0.30179995095249335,0.011504416589162353,-0.1201150302845218,0.11609035846323983,-0.0828981523896778,-0.15625702744346812,-0.2332357010323112,-0.24216604894570995,-0.33500233669725193,-0.09873309364834788,-0.2568955704548925,0.3478486190350597,0.2061508349643943,-0.5723496994683436,0.555953488156878,-0.2848577390950272,0.08242248411739937,0.41046053757918166,-0.12575826982606644,0.00022071378003581392,-0.10870500701009175,0.16852815835866683,-0.054752286955676785,0.2352484996552793,0.17646645104272224,0.25685300092079755,0.12477593155559258,0.1977942503366232,0.053629746850085834,-0.02709319488980506,0.06128809857623417,-0.036208627734051466,0.19017430373362576,0.007953562190850326,0.1617299888486329,0.03222606273453731,0.17400482146244858,-0.1517136551034856,-0.15978150723913437,-0.10183141539073742,-0.24686119092898753,-0.17211695516780262,-0.12222916290712901,0.02875201858252706
#58,-0.3216401301147064,0.19251146369790437,-0.2161505110657653,-0.11507331676823203,-0.03989228057024667,0.07765284544945562,0.17076676059726908,-0.2806840739044129,0.33480892294451614,-0.0545926512028207,-0.06777948981338812,0.09762582304955186,0.36280949670780177,1.0,0.1330103601290042,0.056413886922361496,-0.1367301045267147,-0.1844598064937048,0.12485320451422147,0.1424936492733103,-0.0914370456743338,-0.10126320465303516,0.05333268553607537,0.02822822822822823,-0.04330061957180601,0.008627271339135746,-0.323262399533586,-0.45259049496337633,0.17415427754410806,-0.010719656482368346,-0.3504999606694522,-0.06413655566197939,0.19642878625929475,-0.023707066079947436,-0.021569335128657163,0.19068698899207373,0.034902390834594225,0.0422928321233406,0.0089095258586784,0.22498924193839448,0.0898698390223814,0.10785176547888413,0.22491983508932661,0.32471300267910436,0.183854578769833,0.2682061105789919,-0.20440918576511796,-0.18716667360735156,-0.019681468834011208,-0.31288885187190274,-0.1515410634054702,-0.20500192025615754,-0.0884118324796291,-0.41549114599962056,-0.2468945062165401,-0.4801417750570293,-0.1492478611122679,-0.2768426361646701,0.13796600915244983,0.03127426347765331,0.1895121623935183,0.181539166284929,0.423821818737073,0.25940347126787805,-0.2426486579028952,-0.008778115557776574,0.6647852783446003,0.5329414159922634,0.40759033301406183,0.32964597879852114,0.1547328530379378,0.007208132631861445,0.14450413433464282,-0.2273555527792816,0.08620006755599977,-0.0592715982546491,0.12642087387850098,-0.2107090140988446,0.13783089715293106,0.06233105216156064,-0.19026592077439536,0.31146601146601144,-0.3766672681926919,0.12894034249966455,0.07770420651776584,-0.2844241776445166,-0.15025472313607907,-0.0576442390001712,0.3129193908854926,0.15665033292151936,0.1933230611196713,0.1193205532188583,-0.023182813013321486,0.031661553695452004,0.060881374440696474,-0.06722007060990112,-0.025742074894617266,-0.05387405895880472,-0.3217067606898115,0.26580972343684206,-0.1018332662400459,-0.20838110838110838,-0.3152981949592119,0.1296635618669517,-0.06889879093268923,-0.06279700347496958,-0.1781562764613612,0.3516937584734195,-0.05491053457155152,0.05743972015158456,0.502971538564759
#101,-0.29886033953830565,-0.2395272005441497,-0.1917128222212968,-0.10058810736776838,-0.2423460440409593,0.11952275850580936,-0.10399783450630909,-0.36382792653979096,0.012186454559335915,0.011452592808525012,-0.18562861783200765,-0.15983795814304289,0.03246944941860196,0.1330103601290042,1.0,0.2765876816724274,0.026292239851561885,-0.10639468436078606,0.09206355816525308,-0.0062785435666791595,0.6394763021881666,0.004115363437397336,0.09821300499266601,-0.1645775205097239,0.22011919469546587,-0.21193288820407463,0.025015153828713152,-0.3674949217322099,0.1268761828083862,-0.12099001929510404,-0.22163180129281823,-0.10170602035008815,-0.04803694295219719,-0.10826080317605741,0.0610225017004678,-0.024054100325286765,0.06382792653979094,-0.1415858076875026,0.24241776445166277,0.12510168103388442,0.03519204875137079,-0.08226238565221616,0.037243715209816904,0.10844820166854065,0.3317707538046521,0.09423090270547897,-0.3154217391505527,-0.21115182979589758,-0.3079267248758774,-0.21501871671363196,-0.2718180430044837,-0.12607013793454472,-0.19322542881864915,-0.11774409232036351,-0.05270015778490355,-0.14634619210890398,0.25334564148123473,0.01931685152024135,0.10866845273624935,-0.1591239930222981,0.10437031792963997,-0.04104906138804444,0.07815350018739849,-0.07670289704188009,-0.1801394614953937,-0.25042638940944023,0.09335683911955098,-0.10934262459686188,0.1798100103184849,0.12149206217002827,0.03268461065071235,-0.003088604783520038,0.19434472993795027,-0.04928302724912895,0.3158381802449599,-0.048810597963140336,0.26552330450635536,-0.0552006552006552,0.14129892604468874,-0.2761050727152422,-0.006447896278404753,-0.07698839054771259,0.036017527542951275,-0.10752046345266685,-0.1798970002359833,-0.26559780119102155,-0.2826584674042301,-0.04512231800367394,-0.17007778194218873,-0.25731339968628103,-0.1154749510681714,-0.15147674639200062,-0.21136606560335375,-0.12378202547694073,-0.08136796272389493,0.17350694299846842,-0.13044924739839994,-0.2265198943165045,-0.1465645923273042,-0.17083431659702847,-0.24235992541077286,-0.16891498586413842,-0.2460371002743884,-0.0988834751546616,-0.15459126306583934,-0.26649916480424957,-0.16168927016384643,0.14316088044901604,-0.1835977734282819,0.05187421628099594,0.07758251317573352
#102,-0.07804337465354415,-0.053213768468005754,-0.036024468227858056,0.05588130503384741,-0.07213685179786875,0.007071632495361309,0.14789118856915467,-0.19015394439123254,-0.040559511745952424,0.023307745341643645,-0.0964209201497337,-0.09090446378581972,-0.09520352401708333,0.056413886922361496,0.2765876816724274,1.0,-0.1332403281555824,0.12457927881656695,-0.16386586895061472,0.44476232781317526,0.016542891119162306,0.36899688594603847,-0.2190295071651004,0.040503523554371014,-0.19895843455165488,0.09395697700782446,-0.3179111314704535,0.02103166340454476,-0.08972501006399311,-0.12996987742750454,-0.02742449691602234,-0.05247666773090502,0.0018874035823188366,-0.1303081201386286,0.05996150233438369,-0.3055918784732344,-0.12670312839804365,-0.1364978229385009,0.036316902418597335,0.02662169102847069,-0.014828541947186014,0.025452416977840706,0.03219829999491017,0.03579588833826122,-0.01058315634586821,0.20700407649560193,-0.16604431858669147,-0.15912584387160658,0.12638987215258402,-0.023619613450121923,0.05242993378586599,-0.027391644340796883,-0.039366176654312246,-0.04703609618863856,-0.0957523008370466,-0.03576858831096119,-0.09852487310114429,0.31059379872939197,-0.0715158918548749,0.06606514064141183,-0.12659392828884355,-0.1194246634924601,0.07586307416815892,-0.07432455568048789,-0.14212394212394214,0.05337340422086185,0.15478560224322938,0.1370063437860048,0.08628011678859136,0.33140058394295685,-0.05680163985248731,0.053432631398733096,0.08956306074950143,0.12288112457603984,0.1130868927479097,0.1473590693929677,0.13231166451505436,0.12666472327489275,-0.11032866456595271,0.1642550100177219,-0.07488721387026472,0.10634378600480296,0.06508280237093797,-0.17993818163309688,-0.14377397428244887,-0.4238588357232425,-0.36294738498128326,-0.10873462059902737,0.04407196102111356,-0.19536362248226655,0.04218131845250489,-0.1772530619988247,-0.0009536501061924791,-0.25207086902002157,0.10094532128430433,-0.0867678155813749,0.21459024509871968,-0.15303007167413948,0.1715954783751394,-0.011048182234622913,0.0068842340028780705,-0.049753605685809076,-0.022002896579167767,0.008219621778943812,0.048395082293387376,-0.12318096216401302,-0.1201437184488032,0.058352188860663436,-0.02353447438193201,-0.2725866081798285,0.1625554676402134
#201,0.22008402855860482,0.12145735874549433,0.7596500969382325,0.3752402633758566,0.20607309929343828,0.34265744943711046,0.22906805110194942,0.1800501580162597,-0.015182516877432132,0.3144861348251179,0.24354308083121642,0.22725930861524082,0.22336882336882338,-0.1367301045267147,0.026292239851561885,-0.1332403281555824,1.0,0.6210483210483211,-0.3842367791520334,-0.4364714483358551,-0.012618165160538042,-0.3527880731270562,0.040725162759061066,-0.2514540734879718,0.1635068041847703,-0.15096035943493571,0.14182688080993167,-0.14531156734546566,0.36272667120124746,0.12840128263857079,0.4629136069814036,0.2734051462865022,0.24982393795953117,0.015605435944418995,0.06381774686859433,-0.1211075482261923,0.0060633823345687754,-0.17179814637441757,0.1359481206938834,0.1885335258216614,-0.0290291832664714,-0.1640037572240962,-0.08859275299953266,-0.1416700213310383,-0.10891322755729535,-0.40171573730895765,0.0399704789535298,0.004634063956097854,-0.056448127634568315,-0.03418194774126977,0.155864184677744,0.13701976244349126,0.18529130054553783,0.18286761337608795,0.2566193311956024,0.26589856420364893,0.042706959656112195,-0.15806623264250383,0.055193251803421293,-0.14367449113211825,-0.2116122285613811,-0.10612122137545867,-0.40742098030233626,-0.15410495241003716,0.18390640255047036,-0.25195148923962485,-0.3088873156669767,-0.09780072830920289,-0.24231134061642537,-0.12469125519972978,0.2535737586585044,0.24070572884132208,-0.22640236538541622,0.021163073705446588,-0.13378447785227446,-0.03138762799779749,0.014804480906175822,-0.11885460190544936,0.21278242803666533,-0.0001304848762475881,-0.09049820236260914,-0.0435329011600198,0.016354567202024828,-0.02994257740020452,-0.09288857424450644,0.08768583683837922,0.04312016176422956,-0.08576002813290949,-0.05607147980029336,-0.22642966541271625,-0.18231513485750775,-0.08970094902298292,-0.1976582129124502,0.04305769560006848,-0.1941351212537653,0.478469995419148,0.016417958790840147,0.5704044568451349,0.4424742153555713,0.1043323755188162,0.29761656880300946,0.5838629075917211,0.42400042569534097,0.38017231407061913,0.33150608235353995,0.2798613713867951,0.20513055428309665,-0.21713007306227644,0.1816627104762698,0.009532799363307838,-0.4774460130392334
