,#10,#11,#12,#13,#17,#18,#26,#49,#50,#51,#52,#53,#54,#58,#101,#102,#201,#202,#301,#302,#401,#402,#501,#502,#601,#602,#701,#702,#801,#802,#901,#902,#1001,#1002,#1101,#1102,#1201,#1202,#1301,#1302,#1401,#1402,#1501,#1502,#1601,#1602,#1701,#1702,#1801,#1802,#1901,#1902,#2001,#2002,#2101,#2102,#2201,#2202,#2301,#2302,#2401,#2402,#2501,#2502,#2601,#2602,#2701,#2702,#2801,#2802,#2901,#2902,#3001,#3002,#3101,#3102,#3201,#3202,#3301,#3302,#3401,#3402,#3455,#3501,#3502,#3601,#3602,#3701,#3702,#3801,#3802,#3901,#3902,#4001,#4002,#4101,#4102,#4201,#4202,#4301,#4302,#4401,#4402,#4501,#4502,#4601,#4602,#4701,#4702,#4801,#4802
#10,1.0,0.4679779934017222,0.6308411647394698,0.6161532873397281,0.343716135241559,0.4259317869487361,0.2547795869829768,0.44353336387234693,0.1022788582110616,0.4811763998204676,0.5681926919215055,0.0035601086448544075,0.061757751588260065,0.07386739590129421,0.02877700504819149,0.2149270996728624,0.650394462258869,0.41883054086443916,0.1146101417287858,0.1658758912996201,0.08899438729947204,0.21052392916799698,0.17335794962913606,-0.05760166946607625,0.18256268595251646,0.10856202890101195,0.26815058509973766,0.3144454161403314,0.028628937103513375,0.009668374075153736,0.3197744740117621,-0.1056015954321039,0.12746567831313593,0.06143755465789364,-0.14368652165262336,-0.1426394036563528,0.06310470717250379,0.10116325879037744,0.13460671765756513,0.13292013122521598,-0.13825381621991792,-0.027903404174590616,-0.047918951308781814,-0.24342416376314682,-0.1190271936034648,-0.1518270196236298,0.18432608263116737,0.1135496050750288,0.183893446605311,0.173862768778023,0.2957671076315144,0.04740210163938977,0.30793412827311134,0.11924235483557517,0.15088586275026952,0.25530569089891125,-0.4329173549512533,-0.24074968651239836,-0.19588278571329418,-0.15851783987377208,-0.2574165845352286,-0.16967614764224934,-0.12152445203292661,0.0696557882998561,0.35141428022783955,0.29799923189753696,0.03296640245792788,0.18516266651859872,0.009492543390848476,0.08955149294132345,-0.03802847531661091,0.18092792330080465,-0.2018624171166544,0.0395248869825141,-0.3885529597394004,-0.18620654552857943,-0.3891294992989908,-0.331016532711448,0.2175164378554209,0.19266138249189096,0.12868677614440327,-0.21357181526673052,-0.09213296501432094,0.14788285974726653,-0.13997186709051115,-0.1833608647167969,-0.2612015713710629,-0.05781081543793408,-0.06450811366065604,-0.046729780628085714,-0.2077791196435264,-0.24294618192923279,-0.27605926419485743,-0.2839147313723585,-0.32176043531975734,0.2694073117801931,0.2976392417070383,0.256190396868363,0.22295654668536025,0.12133566540346201,0.21055724445554955,0.35040232836843005,0.03536880486033028,0.35486472605116676,0.2992416144958518,0.32549128481331874,0.12626170083797203,-0.36518830078152115,-0.2999180999180999,-0.280020081714997,-0.29317175418870334
#11,0.4679779934017222,1.0,0.2774298181077842,0.2629200849539833,0.002674014538421318,0.054493630764817204,0.1621774316689571,0.22153463170412324,0.33788318364589554,0.5131373283915657,0.5545949647644562,-0.24658032454642625,-0.03792020063206504,-0.10959619095212315,0.12988797734560448,0.23351008944229285,0.4067639287978271,0.21219941050449526,0.3318864318864319,0.2638339418000435,0.17827334268012235,0.1056187157882073,0.08255296899364696,-0.07111009314399144,0.09142038803055752,0.026417172179884044,0.11170384560215069,0.07466094754230347,-0.057985257985257985,-0.19198859876825977,-0.023614986326850735,-0.03599670548823091,0.1312423363270821,-0.026208488920353327,-0.22039959836570006,-0.18292822869094055,-0.031803606379877565,0.08671737993771893,0.15807872587533606,-0.11109908059060601,-0.1362942295145685,-0.15099460014714253,-0.18299162027975588,-0.17394281801061462,-0.06902603682264699,-0.23729785255208985,0.08742764335984675,-0.07148489012895792,0.10130577418713012,-0.10525224762512898,-0.04744189489952202,-0.14271991560127154,0.04800409037697173,0.011626572643521797,0.18356029372978525,0.28591133506387745,-0.21819477412697752,-0.2081317064367912,0.016575280982060642,0.03843288589051301,-0.15065682014834558,-0.014036841155485223,-0.35277696803120534,0.27056455531031803,0.2951692833048765,0.2547814378322853,-0.1448724533470296,0.26387188421086727,-0.038021071919377,0.011524313219228473,-0.13104984799900055,-0.05534964856998755,-0.19389080914504644,0.04325990088701953,-0.20752000074033972,-0.16780262542974408,-0.11557674778013761,-0.038685526821120045,0.17315204264356807,-0.002214541197592045,-0.06929117098608624,-0.2541248490401033,-0.05882230458501645,-0.125232165910132,-0.4049639778453338,-0.15137171069374458,-0.09861371386795116,-0.04875183349759621,-0.11505480827514726,-0.26155647172596325,-0.27106012021266257,-0.16722516044549943,-0.14523336896218253,-0.08276165225317768,-0.044964070387799204,0.5488499285109455,0.11454304844135353,0.27263056585090484,0.20328942193348973,0.09101505203200118,-0.005220783186884881,0.05661331593534984,-0.1910640995386758,0.13800071257698376,0.05917396595362697,0.3023593701559803,0.03745517474331034,-0.154776347996687,-0.16628816798308324,-0.029856512907360366,-0.020530545954274768
#12,0.6308411647394698,0.2774298181077842,1.0,0.5759736624143403,0.4228931550965449,0.49583558905592806,0.21031802218242895,0.09956088600156397,-0.04386188962460149,0.3049977558452135,0.24696946561353342,0.004770564092597991,-0.06345821939042277,-0.09198397164498859,-0.02773081247657519,0.3322431830906407,0.663680784019767,0.5930917049561117,-0.022082020387105133,0.16542613491766034,-0.06769064904658124,0.21566003599901906,0.19848693069032053,0.008554162791450926,0.15956634600702396,0.1727915897407423,0.09763276373445864,0.29876178181262925,0.0034948662067306136,0.028241184173387564,0.3128259229954145,-0.13809232961775333,0.1102125237718458,0.15831193288820408,-0.20286418930486727,-0.1654562112189231,0.14184677743999777,0.17109574906185077,0.02559446966226627,0.10843755928501692,-0.1528389714830393,0.0575447558498406,-0.0459084662474493,-0.14135306338696169,-0.23074306972612058,-0.18290879477320154,0.126743384370503,0.0765289172068833,0.06925091501362687,0.05176085176085176,0.1219529236478389,-0.075237949814221,0.20833252358676088,0.22643244168667898,0.07059139262529093,0.3576807932740136,-0.49560562102934985,-0.2876534469754809,-0.1560242831429272,-0.1516553533502686,-0.2304575762202881,-0.1256287103744731,-0.3199466029974505,0.1500011567808178,0.276484959535807,0.39712887001022595,-0.07345141751921413,0.2994031010980164,-0.10371372913745795,0.14388733880259305,0.018246135195287738,0.3265657028368893,-0.18954223869478107,0.07319276132835455,-0.39338784084546796,-0.18464026430128125,-0.3042939703956653,-0.19968443019290477,0.2540239777527913,0.3309846055608767,-0.04377582513175734,-0.05500585331093805,-0.047868052952798716,0.05431271024491364,-0.09401620418569571,-0.19344753073566634,-0.2665412716260174,0.008202038710513287,0.05224022173174715,0.09331241873614755,-0.12802602294127718,-0.24085611034763577,-0.2986220426898393,-0.23906310008004925,-0.35467084958610384,0.2619044313959568,0.3952655274689173,0.39307088290139136,0.3885599004243072,0.1720507873050246,0.2764007458922713,0.5000786610956103,0.14692689607943846,0.2970238343119699,0.2643618965652864,0.2789239162120518,0.19280667416260636,-0.2884312663973681,-0.2269344845616032,-0.13526562001138273,-0.19792566063752504
#13,0.6161532873397281,0.2629200849539833,0.5759736624143403,1.0,0.24602553246621042,0.4360503801181767,0.16436559826390335,0.13660517219839255,0.07156262579991393,0.47570806553857403,0.31979390792950113,0.11024260007310854,0.23565522379081702,0.019785116395285886,-0.0030080928386013134,0.10691662386577641,0.4950138119629645,0.19841521027961706,0.05090483395568141,0.0032352845912167944,-0.016631731885969173,0.07626100676948135,0.08682149021132073,-0.11869496615259327,0.14000286881642815,0.018096679113628267,0.41502750824784723,0.3851608156692902,-0.029023168006218854,-0.028124580666953548,0.30789849942392317,-0.08091543006797244,0.02336280810857082,0.17426162680399968,-0.21865841187875087,-0.16809135792186639,-0.0372048473743389,0.03280815484205315,0.05840910247689909,0.020235798201899895,-0.22988982819491294,-0.10030770369753421,-0.029024556143200212,-0.2812097151080202,0.012139720614296886,-0.16731538934928766,0.37889985517104163,0.1840581721937654,0.3620733213953553,0.13890438975184738,0.22425260391362087,-0.00599906532109922,0.34127532771600566,0.1591961761453287,0.17607036929070827,0.2086406899966222,-0.22652128245348585,-0.24922935261918314,-0.013217840336484404,-0.07788142533905246,-0.09007435787096804,-0.0077101755067856765,-0.10238805832026171,-0.07795916101000847,0.4349727231083163,0.3950637848942934,0.05448807821689178,0.23000087915342152,-0.12506882845865896,0.02623301267369064,-0.06691606861098387,0.16930181336960998,-0.29089567225160445,0.0036239629459968443,-0.48809857623416947,-0.22828930625540794,-0.31404239370341064,-0.08516081566929025,0.15280843246944942,0.029022242581564616,-0.0069846425778629165,-0.18622135232304723,-0.02833095036484867,0.13106974462906668,-0.018985086781696952,-0.020427361105327207,-0.1496041496041496,-0.13492876543724,-0.12493186560983172,-0.0517520602266365,-0.19652364228635416,-0.06499303617947685,-0.18321742389539,-0.05878852658513675,-0.15869690954436716,0.16113725435759335,0.10776616369836708,0.12052082899540527,0.1989922125515346,0.10103832646205528,0.12939148701860567,0.3122082020387105,-0.06953872208109496,0.09079850266290944,0.3347876381774687,0.08875979214962265,0.229855124770379,-0.1752157396225193,-0.28864318864318866,-0.1430771295178075,-0.2041264685332482
#17,0.343716135241559,0.002674014538421318,0.4228931550965449,0.24602553246621042,1.0,0.5171582985142307,0.3484395026767908,0.2493209696599527,-0.11920950226034972,0.09795157252784371,0.2051994984198374,0.5165734301327521,0.10661909983943882,0.18515063599809362,-0.0033893677961474573,-0.009083042981348067,0.38358944460639377,0.2682042597296835,-0.1840530823581671,-0.03949481068125136,-0.04982301253487694,-8.282550655432012e-05,-0.013285859048570913,0.03369980149641166,-0.023738530518191536,0.030717157835801905,-0.1804133871930482,-0.07059879602252483,0.11014265421045082,0.17505517844500895,0.3541109676702897,0.06302697150154778,-0.05734764039848786,0.047130489503370857,0.13558535422942203,0.0528079697571223,0.26991166821675294,0.17010184298319891,0.2553366926248282,0.2012183215573046,0.12549313566262718,0.018171638510621563,0.18558466016093134,0.039919580597546696,0.0026670738535145315,-0.10238065492302781,-0.16732001647255884,-0.09457099626591152,-0.175610895949879,-0.017013006843515317,-0.09710064455827168,-0.07789160501024908,-0.19768551293975023,-0.022858914384338114,-0.07171393273088188,-0.07052661289949426,-0.2265735689464503,-0.152565971210039,-0.04260423751949176,-0.05430253057371701,-0.07777453879148795,-0.016196319586150094,0.09611414187685374,0.15138466663890393,-0.14928811708472725,-0.04257092223193918,0.24304982949050746,0.27034013983166527,0.027694258202732778,0.012136481628007052,0.0033740982893525266,0.01646931985915037,-0.0007967906272991019,-0.08936548258582157,-0.15033708593030626,-0.11264453976318384,-0.21760805489619048,-0.26980987150478675,0.21743037336257676,0.2894464572430674,0.210904741413216,0.32835917581680296,0.08730502459316018,0.28941129110620634,0.2841437739742825,-0.11738549026684619,-0.20812661660119286,0.1764414645770578,0.15963806641772743,0.3146832502764706,0.11639574859913843,-0.10501256263968128,-0.18459491849322357,-0.2043444060393213,-0.30000138813698135,-0.07078480637802671,0.18708384810079726,0.0035999019049866507,-0.08678632407445967,-0.05631440377203089,0.015019642138286207,0.26213486213486215,0.21354729151339322,0.04172091968702138,-0.044241776445166275,-0.11036938325073918,-0.07733912649166887,-0.15420443556036775,-0.10929403980251438,-0.07426301494098105,-0.009028442926748011
#18,0.4259317869487361,0.054493630764817204,0.49583558905592806,0.4360503801181767,0.5171582985142307,1.0,0.2031529217969896,0.19507766626410694,0.01818875886672497,0.22026541179083553,0.22046437809149674,0.3236598694225813,0.3716658106488615,0.34589551030229,-0.0956727143167821,-0.025178953992513315,0.4466464924092043,0.23957485991384297,-0.15928733047377114,-0.08158219853135107,-0.12145319433455026,-0.10620265874503163,0.18158543751764092,-0.09724315995502436,0.15167154828171778,0.007560719425126205,-0.06162726671201248,0.028041755160399227,0.22713900341018986,0.17927881656695216,0.21493589120707765,0.07068115881675203,0.11928075995872606,0.021635965703762312,0.1159904126005821,-0.1325504240758478,0.21243724464063446,0.0026920603191789632,0.05596227969109325,-0.021385175622463757,-0.024576502542604236,-0.15144620737841077,0.1751606768555921,-0.09658194403957115,0.14175330954991971,-0.09390931763813119,-0.019754114669368907,0.10154360832326934,-0.08287270321168626,0.17192261599041261,0.10342129494671867,0.14693429947667236,0.017679312594566832,0.12910136638950198,-0.058468329654770335,0.07061082654302993,-0.2450269992642874,-0.2483187347594127,-0.0923282296163652,-0.13699061156688275,-0.10849447290125257,-0.0976873637890587,0.04773710536422401,0.07412420124284531,-0.043568530009207976,0.006470569182433589,0.2395253496948412,0.18905361447734328,-0.07818450191331547,-0.06385985369036216,0.0520523605269368,0.1582471531624074,-0.050561038696631914,0.006441418305825086,-0.195699551631755,-0.13988302632370428,-0.24257092223193918,-0.2464313311770939,0.30245006177209566,0.1937108140497971,0.14866021645682662,0.14529213342772665,-0.1580148715741936,0.27353146675180573,0.18004553089298853,0.031407061915536494,-0.09490461185376439,0.10245098719674992,-0.03329955533345364,0.23237042898059848,0.11802680955223328,0.04315717875039909,-0.03248425621306977,-0.0810426759579302,-0.28904065853218397,-0.06515776176793125,-0.008928959776417403,0.21745906152685815,0.06752638617045396,0.08262977923994873,0.13037428800140666,0.4514614768852057,-0.01887033412457141,0.16445721530467294,0.15525571796758236,-0.012720887297158484,0.033634096345960755,-0.19657870505328132,-0.15643979881268016,-0.13981223133765508,-0.13912695438119166
#26,0.2547795869829768,0.1621774316689571,0.21031802218242895,0.16436559826390335,0.3484395026767908,0.2031529217969896,1.0,0.268027503620724,0.1735161972450108,0.3774423113406164,0.30532350532350533,0.0368124673209419,0.27458413729600173,0.500730160052194,-0.10177403906217465,0.01705326281597468,0.3146096790164587,0.04256213069772392,-0.17286562371308134,0.04606532572634268,0.026871092972787888,-0.05050690135435898,-0.28197642943405654,-0.34408167797998307,-0.19721678535237858,-0.25942059162398146,-0.27573027573027575,-0.26664260562565645,-0.07298685434278655,-0.026038673496300613,0.04753906448821703,-0.09465428448479296,0.025542645881628932,-0.018435384537079453,-0.11835070818121665,-0.08552404484607874,0.09671520518978147,-0.09390145152857017,0.11574702591651745,-0.048429323005594195,-0.14374065899489627,-0.11252793625674981,-0.019357570205027833,-0.15474395813378863,0.12248272926239027,-0.08538106673699894,-0.11178250669776094,-0.18556013640759403,0.01972542650508752,0.061461152986576714,0.07723732977970266,0.010704849687900536,-0.04034157423987932,-0.018261404702082668,-0.08218881439220423,0.03151718744939084,0.028433209789141992,-0.06766381173160835,0.11535834756173739,0.06195625517659416,-0.017875502621265332,0.16220102999764016,-0.0034064881522508643,0.13237181711757984,-0.14769361040547482,-0.007369156521698895,0.32150131641657065,0.49670271195694926,0.012036535765349325,-0.03101283101283101,0.10480989464040312,-0.020172869325411697,0.10491863203727611,0.09030016148660217,0.0923957856161246,0.12951873290856342,-0.05129397502278858,-0.04618609364372076,0.1674574420337132,-0.024998496184936863,-0.10233068199169894,-0.014975221754882771,0.14264773247824095,0.056649407496865124,0.04984984984984985,0.09653058297126094,0.08548101259965667,0.017306829171235952,-0.16989408514832244,0.03633032107608379,-0.03621695655593961,0.06453957809890014,-0.06509760916540577,-0.05704919094749603,-0.15395179462976072,-0.01678997950184391,-0.13804883465900414,0.057270367439858964,-0.23862213523230472,-0.05872004516072313,-0.026190443139595683,0.15240957444347275,-0.08700935141613107,0.04921223226307972,-0.05676369744166354,-0.07874021941818551,-0.13059685263075094,-0.03795721761823457,0.11655862333828436,-0.07846721914518524,-0.08462962191775751
#49,0.44353336387234693,0.22153463170412324,0.09956088600156397,0.13660517219839255,0.2493209696599527,0.19507766626410694,0.268027503620724,1.0,0.3386896912320641,0.29549734634480396,0.43719698126477785,0.12820694346118075,0.16213069772391805,0.257759917081951,0.07277308124765752,-0.12690857267128453,0.3570288316051028,0.06154166493149544,0.11035689001790697,-0.07775140317513199,0.19775353165183673,-0.014937742056386124,-0.06124969345308329,-0.22339427254681493,0.054573217285081695,-0.09959651485075213,-0.0003127935331325162,-0.19260724514961802,0.14117815812731066,-0.010670146263366603,-0.0172716630343749,-0.06599064395674566,0.13096470893081064,0.11791020604579927,0.18793153708407945,0.006737554195181314,0.20334864911136097,0.031655075722872336,0.20649139123715396,0.04044660993813536,0.08754008245533669,-0.14758857470721878,-0.0768195005483141,-0.23345548938769278,-0.08254741644572153,-0.30113271977678757,-0.11506174896005404,-0.13842501978095198,0.05098210691431031,-0.0792265300739877,0.08666277988311887,0.043754540364709854,0.032207091529125424,-0.06829078693485473,-0.011197638316282383,-0.09529560377018004,-0.2734629853273921,-0.3580958462314395,-0.2837314972908193,-0.2973847499271228,-0.05814211746415136,-0.1258855157160242,0.009649865582068972,0.059571898554949404,0.040414682787564146,-0.04675337895676879,0.17912612149900287,0.036967475950526796,0.24464942600535822,-0.11160297431483872,0.07134561371849507,-0.09725241420156674,0.2750144597602225,-0.13517122669665044,0.056170962950623966,-0.21709814591170523,-0.07805216618775941,-0.4150862727133914,0.1841400722756655,-0.09802283022622006,0.012679705900044884,-0.1508368152435949,0.00620080789572315,0.09259567734144006,-0.06491344965921238,0.0970478953529801,-0.14161125686549417,0.005781590527353239,-0.17512689885571242,-0.024019396900752832,-0.1821615143649042,-0.10495333546181004,-0.12107654650027531,-0.15873346381820957,-0.1844426861376014,0.0770203176982838,-0.06411480818260479,0.1699486852029225,-0.0661493542849475,-0.06153379882193442,0.04616573430132752,0.12060689348824942,0.022536866604663214,0.21515429142547787,0.2096674486504995,0.18592845541998085,0.15600762549915093,-0.16228848262746567,-0.14827107538971945,-0.2493209696599527,-0.24878885048376573
#50,0.1022788582110616,0.33788318364589554,-0.04386188962460149,0.07156262579991393,-0.11920950226034972,0.01818875886672497,0.1735161972450108,0.3386896912320641,1.0,0.4400991129804689,0.43416852908378334,-0.11848350661909984,0.19171143408431543,0.2528153731543562,-0.07084588440520644,-0.29610488763031134,0.1921510107950786,-0.20922370752879227,-0.06283957300906454,-0.22968392120934494,-0.042142450617026886,-0.31222809866877665,-0.10570431756872435,-0.21458561797544848,-0.10874109857160705,-0.21973884516257397,-0.08524364117584457,-0.153272995645877,-0.10003886783547801,-0.2122299495180851,-0.2897250100639931,-0.014047946251336083,0.25003400935604325,-0.022978294164734844,0.010968133002031307,-0.13071623241114766,-0.04151177371516355,-0.2133025166923472,-0.06481535464586312,-0.3510066306676476,-0.0774464757515605,-0.14799622426741071,-0.042404808506503425,-0.34367310299513687,0.056054822156517074,-0.2378998412896718,-0.07604954723598792,-0.0929117098608624,-0.015433306958730688,0.001442737035957375,0.11153634373973358,0.18793847776898626,0.16620626790118315,0.14599267989098497,0.09457654881383695,-0.09364325805003772,0.08389899915323644,-0.250817844038183,0.017962955251090845,-0.15733699801496412,0.09053984647204986,0.0438766964190693,-0.14203510135713526,0.055448669007991044,-0.07743675879269099,-0.15496282106451598,0.1735300786148244,0.06295756465247991,0.05517659415964501,-0.22710707625961862,0.09762813661118745,-0.08084047067097914,0.15261640685369499,0.004303224642207693,0.1279080312978618,-0.048840211552075956,0.17927372673135386,0.061648551479059954,0.13958874128365653,-0.26707292808987726,0.04127255144204297,-0.17607962353725065,-0.06548998921880278,0.10447627905255023,-0.07660017490525965,0.2810163013552844,0.0926405604371706,0.011736698177376144,-0.2487809843742047,0.006326202936372428,-0.15209169107474194,0.17067468084417237,0.02733611886154259,0.17980630861986793,-0.0039571158215226014,0.2158404938065955,-0.30515970515970514,0.18481702041024076,0.10650573531929464,0.22597898360610225,0.17249314028975046,-0.08136148475131526,-0.22786546176376685,0.2268400912468709,0.26718305362373157,0.24622403605454454,0.196239536917503,0.1001550086295849,0.15032459269747406,0.03350129790807757,-0.004214846587727944
#51,0.4811763998204676,0.5131373283915657,0.3049977558452135,0.47570806553857403,0.09795157252784371,0.22026541179083553,0.3774423113406164,0.29549734634480396,0.4400991129804689,1.0,0.5678974814568035,-0.1118713474645678,0.2429397039566531,0.26103406950864577,0.008833178324703749,0.008585627229695027,0.5836472836472837,0.010090367717486361,0.006701925345993142,0.014701296057228261,0.07397289431187737,-0.04297070568257009,0.0815900646409121,-0.2369674759505268,0.06426148799030156,-0.23322505864878745,0.18914384338113152,-0.007992430026328332,-0.059815747951341175,-0.1866465849516697,-0.005273069679849341,-0.04041699634919974,0.2019952155545376,-0.0658610845051523,-0.19900748205832952,-0.1884655071095749,-0.018274823359569124,-0.19248462638293146,0.14377119800848615,-0.22260766159071244,-0.138226978904945,-0.11681774224147105,-0.09789697247324367,-0.30877765284544945,-0.041237385305181916,-0.27567428753869433,0.1893738114077097,-0.029135144389381678,0.1872985466205805,0.11338256592493881,0.1826561538425945,0.07886006191090937,0.24606162402772572,0.20550766482969873,0.2229144398635924,0.22767852598361074,-0.15022603497179768,-0.27177130905944463,-0.03436471911048182,-0.005003771105466021,-0.07651549854939685,0.025333037197443977,-0.25574156591105746,0.1499238838221889,0.1689316435079147,0.12134214337604168,0.10740756164484978,0.3416529009749349,-0.11370183743065099,-0.06095494570070841,0.012517756585553196,0.06546777902710106,-0.11883470527538324,0.09736624143403805,-0.16990611566882755,-0.1760370540031557,-0.203671159603363,-0.11311511819986396,0.26022663649782296,-0.13528875562773868,-0.009085819255310781,-0.2053276697344494,-0.10846208303835422,-0.00443926206638071,-0.2018115187606713,-6.80187120865087e-05,-0.05083959151755762,-0.0017712627882119408,-0.17293364242516784,-0.16387882489577404,-0.20034934780697491,-0.11239328696955815,-0.20366560705543757,-0.05828370743624981,-0.1363011701994753,0.28017185135829203,-0.13492321288931458,0.2425667578209951,0.09311669142177617,0.056473114100232744,0.04150159404396692,0.1999976864383644,-0.21434269400371095,0.22044309332444925,0.10541095795333083,0.1936381682144394,0.0530138767426903,-0.09484445925123891,-0.07168663270358186,-0.022791358384578724,-0.07663811731608342
#52,0.5681926919215055,0.5545949647644562,0.24696946561353342,0.31979390792950113,0.2051994984198374,0.22046437809149674,0.30532350532350533,0.43719698126477785,0.43416852908378334,0.5678974814568035,1.0,-0.0024111939366176656,0.11654427925614366,0.13760231726333422,0.17738539772438078,0.16631685614736463,0.5219297880314829,0.1378248818926785,0.282001415899721,0.19970664038460648,0.18094180467061824,0.11510154222018629,0.003940458177746313,0.018992027466603736,-0.04045031163675231,0.06906814364441483,0.04540827422183354,0.02526918289630154,0.028044531434361943,0.00873415788670026,0.0435060638450469,0.0008823924078161366,0.3123437767505564,-0.022429517344771582,-0.1407330288686221,-0.13099941235534457,-0.0012470097215859929,0.026488429878260385,0.2353720438466201,-0.014636516331431586,-0.06494213782349376,0.03782349375569714,-0.025608351032079847,-0.14356251474895543,-0.03476218899947713,-0.13451371247981417,-0.030643586575789965,-0.10512592715982547,-0.08115927946436421,-0.07276151343947954,0.09007111888467821,-0.11776907878602794,0.07859122604885317,-0.042112837028091266,0.09568196856332449,0.11885506461777648,-0.2730821730821731,-0.09337303405100016,-0.09485463892243554,-0.11676684388548796,-0.2991689686604941,-0.14424686628076458,-0.18193524803694294,0.2928316606282708,0.23466640754776347,0.15341458561797544,0.11308180291231139,0.24434033417084264,0.14300031927150572,0.03133441608017879,-0.02885890513009157,-0.04436624606116132,-0.015316703452296673,-0.07815581374903409,-0.30151029303571675,-0.3153407644933069,-0.2794639014977998,-0.2416195856873823,0.2742713437628692,0.09287746914865559,0.21912806489077674,-0.18986798817307293,-0.10995340486865911,0.22064622403605455,-0.11562764613612071,-0.17579413003141817,-0.1469958402161792,-0.012107793463725668,-0.1565036531138226,-0.011906050889101736,-0.2899105577071679,-0.2582309582309582,-0.24774774774774774,-0.13770642753693602,-0.06132557827473082,0.3477704206517766,0.10886186648898513,0.13583845787235618,0.09726074302345489,0.05878066047557573,-0.04375037595376578,0.13981732117325338,-0.07265185061795232,0.1386221352323047,0.13762175118107323,0.3102351966758746,0.057472572726810014,-0.31824706061994196,-0.16699981954219242,-0.055664755664755664,0.04710550303770643
#53,0.0035601086448544075,-0.24658032454642625,0.004770564092597991,0.11024260007310854,0.5165734301327521,0.3236598694225813,0.0368124673209419,0.12820694346118075,-0.11848350661909984,-0.1118713474645678,-0.0024111939366176656,1.0,0.3699843140521107,0.190528741376199,-0.16344294988362784,-0.30884752240684443,0.04912015250998302,-0.1234807997519862,-0.09526275119495459,-0.20144967772086417,-0.08136611187458645,-0.16395841141603854,-0.14901928122267105,-0.0037632393564596953,-0.14974481415159382,0.048578779087253665,-0.10728494287816322,0.0282953215156605,0.25330723635808383,0.24217067606898116,0.21980917743629608,0.20622995877233166,-0.1126292702563889,-0.13014894709809965,0.3409046951419833,0.16355446355446354,0.11132858590485709,0.07259123530309972,-0.03218025421415252,0.034255519001281716,0.3336822184279811,0.1082677438609642,0.26127005279547655,0.2185820643447762,0.08876441927289384,0.06475566475566476,-0.045831193288820404,0.09072446869057038,-0.2141960141960142,0.06641032403744268,0.025089650513379327,0.11520380164447962,-0.19249341791714672,-0.0930495981343439,-0.19942253501575535,-0.40921676684388547,-0.0757515604973232,-0.23381270330422874,-0.037614810496166426,-0.131937330242415,-0.06447526108543057,-0.1425616679853968,0.10490475066746253,0.078388558049575,-0.17674870556226488,-0.00364154601442737,0.3408214069231018,-0.0279103448594974,0.12510677086948274,0.03251016810338844,0.04078947977253062,0.040110680788646894,0.00473493524340982,-0.3827496217326726,-0.22964968049713813,-0.28789266924860146,-0.28228089414530094,-0.3099390607865184,0.07632162208433395,0.12313237736966551,0.19237496356140424,0.5652304076032889,0.020289935544172834,0.2705150450913163,0.5522221759509895,0.023893539147776435,-0.1270719101227576,0.2951248629214731,0.3139683597310716,0.47603983027711844,0.276255916933883,0.1852811208743412,-0.025587991689686604,-0.035213333518418266,-0.16460019341375273,-0.35016449423229085,-0.11924975823280907,-0.2687428568784501,-0.21179268636895757,-0.10416302280709061,-0.03317971284072979,0.14077050856711873,0.14910858470180505,-0.09462467089585734,0.0354756914078948,-0.2658259183682912,-0.07085652678873018,-0.10605968063595182,-0.13369193538685065,-0.032437059555703626,0.05214953011563181
#54,0.061757751588260065,-0.03792020063206504,-0.06345821939042277,0.23565522379081702,0.10661909983943882,0.3716658106488615,0.27458413729600173,0.16213069772391805,0.19171143408431543,0.2429397039566531,0.11654427925614366,0.3699843140521107,1.0,0.5391630459427069,-0.2195366398756229,-0.3441062017333204,0.06533960771248906,-0.41578820731363103,-0.17669873263093602,-0.23726962710013558,-0.16631500529805615,-0.2735666328886668,-0.06977192909396299,-0.2031094268382404,-0.12797882628391102,-0.16734731649985887,-0.037181249045655826,-0.03219552372094745,0.258358204120916,0.3104943155790613,-0.05110565110565111,0.20747234137064646,-0.037314972908193245,-0.2045896435726944,0.28094180467061824,0.12395739344891887,0.09547837513939209,-0.127361105327207,-0.10258378563463309,-0.14295728702508365,0.11992254195644027,-0.097575850118223,0.167650855786449,-0.07194019905884312,0.2540119472322862,-0.032727642897134424,-0.013496855869737225,0.1005108344091395,0.08922851973699432,0.2441645034865374,0.1363789058704313,0.3228330024940194,-0.014595334934317986,0.02487957911686725,-0.11042629686697483,-0.25877418250299605,0.12755775806623265,-0.1504518385874318,-0.022169935729257764,-0.0429540480387938,-0.01415760907286331,-0.007794389150321354,0.15776454420522218,-0.11925299721909892,-0.1919691648505208,-0.08017000050898355,0.42718527464290174,0.005413734227293549,-0.004488309573055336,-0.150425463984786,0.014658726523133303,-0.01818274360647242,0.08894071266952623,0.014314931264083806,0.058849141899989355,0.10482099973625397,-0.14370826913199794,-0.11367638825265944,0.12768083954524634,-0.1451260197022909,-0.0780762272287696,0.21295779600864348,0.11760157692361083,0.08587894520097909,0.43208539818709313,0.2451385129351231,0.11604177366889232,0.1927132062725283,-0.013133163980621608,0.33834867224697734,0.2208095614875276,0.36537060943840605,0.1613514901650495,0.08895598217632116,-0.09175076463212056,-0.2821434685841466,-0.41901099867201563,-0.1812148049436185,-0.28907212297042806,-0.12198346266142876,-0.002081280047381742,0.044200132335725555,-0.252193025074381,-0.05615939514244599,0.043672640282809774,-0.19302137268238964,-0.1435713062831707,-0.04762605440571542,-0.07566086888120786,-0.16552885705428078,-0.14951623426199698
#58,0.07386739590129421,-0.10959619095212315,-0.09198397164498859,0.019785116395285886,0.18515063599809362,0.34589551030229,0.500730160052194,0.257759917081951,0.2528153731543562,0.26103406950864577,0.13760231726333422,0.190528741376199,0.5391630459427069,1.0,-0.18419467233026554,-0.42997959438637406,0.12583831905865805,-0.3047229047229047,-0.28927756724366893,-0.2155619409856698,0.000607078573180268,-0.3384032723015774,-0.24206378952141663,-0.30285215878436217,-0.17289061017874577,-0.39766607902201123,-0.2291652206906444,-0.29851978326554596,0.024724107774955234,0.07714710087591443,-0.12914578677290542,0.10690829504388827,0.17325013765691732,-0.09886542937390395,0.21176723719096602,0.0737507923948602,0.1523235099506286,-0.3010633129277197,-0.04493954663446189,-0.23669447567752652,-0.060953094851399936,-0.1502528722867706,0.17796841525655085,-0.14600193413752735,0.1575641897675796,-0.062258406326202935,-0.17947223031968795,0.02555421368980691,-0.07588898605847759,0.20734648361767005,0.1362988566378397,0.3495995224808784,-0.0512750038173767,0.10979284369114878,-0.19874697501816146,-0.21468880282439604,0.09375569714552766,-0.2264255010017722,-0.16208766547749598,-0.22369827454573218,0.08888935160121601,0.01263436009198721,0.22741570538180708,-0.04040589125334888,-0.3506905981482253,-0.2820069684476464,0.6298116298116299,0.13631551428161598,0.17197999231897537,-0.032428730733815476,0.23324264171721798,0.14236917965731524,0.2586705349417214,0.08508770712160543,0.35306153611238356,0.22516090821175566,-0.00444481461430614,-0.18750260275684005,0.17982851881156967,-0.21128370280912653,0.024556143200210996,0.22346321668355568,0.11915397678109542,0.19749811444726698,0.3282874554060995,0.270428517886145,0.09828009828009827,0.1922990787397567,-0.10042430720396822,0.2305329983296085,0.19241290597222802,0.2942850400477519,0.016444333393485937,-0.017106937445920498,-0.2334684453328521,-0.27677785643887337,-0.44676217049098405,0.06192756701231277,-0.2559414576363729,0.09207234969946834,0.21023242040191192,0.05292734953751903,-0.1503518927247741,0.21019956782668647,0.11419740233299555,-0.07913352489623676,0.045846925507942456,0.07485898841831046,0.14698288427101985,-0.20547481225447328,-0.1973944668859923
#101,0.02877700504819149,0.12988797734560448,-0.02773081247657519,-0.0030080928386013134,-0.0033893677961474573,-0.0956727143167821,-0.10177403906217465,0.07277308124765752,-0.07084588440520644,0.008833178324703749,0.17738539772438078,-0.16344294988362784,-0.2195366398756229,-0.18419467233026554,1.0,0.2908841044434265,0.029773687400806045,0.09607249776741301,0.4180124654700926,0.14406224406224405,0.6338404660438559,0.3272667120124747,0.29771420110403163,0.08222629409070087,0.21601586177857365,0.14420475945899675,0.12183493200442352,-0.1533576720017398,0.2273194612177663,0.011350333384231689,-0.18847383593146305,0.1138355612931884,-0.04404604913079489,0.163952396155786,0.026692486014519914,0.2511056511056511,0.22948773118264643,0.1941490026235789,0.5224498766871648,0.308204814984476,0.1089604242146615,0.1731043832738748,-0.019314537958605753,-0.017145805281398502,-0.13853375717782498,-0.1580389326152038,-0.2525196999773271,-0.3084468135315593,-0.13440127338432423,-0.4326813716644225,-0.30486634554431163,-0.4068712780577187,-0.24813457525321933,-0.21864221694730168,0.4307338154795782,0.15978150723913437,-0.0718379396345498,0.06873961789216027,-0.2916138017832933,-0.23016421660489458,-0.3325786495278021,-0.21737160889703264,-0.09060462619784654,0.20493343883174392,0.0484755942383061,-0.011093528042680585,-0.10826450487467437,-0.07179953451139892,0.3571940199058843,0.15211112499248092,-0.007621334739978808,-0.04800732936326157,0.18372409389358543,-0.07485065959642231,0.1611145814535645,-0.12195940162041857,-0.10713317323486815,-0.23901358986104748,0.24462073784107682,0.07826547657056132,0.20181429503463402,-0.18906055516225007,-0.05801764784815632,0.07081488267928945,-0.09861047488166132,-0.3820652702008634,-0.29977373367203874,-0.1365047636234077,0.12901854088294767,-0.23097812758829708,-0.12645927900165188,-0.5618965652863958,-0.3264352179606417,-0.3739631773530079,-0.05837624990167363,0.32055183072132226,0.2948227117718643,-0.13559090677734745,-0.1912070776477556,-0.10677873559229492,-0.2141187412373853,-0.10309600818075394,0.05972042921195463,-0.18808423215202877,-0.054158164327655856,0.013786513786513787,0.03948786999634457,-0.3274305121762749,-0.17760564879208948,-0.17575479948361306,-0.0721114026198772
#102,0.2149270996728624,0.23351008944229285,0.3322431830906407,0.10691662386577641,-0.009083042981348067,-0.025178953992513315,0.01705326281597468,-0.12690857267128453,-0.29610488763031134,0.008585627229695027,0.16631685614736463,-0.30884752240684443,-0.3441062017333204,-0.42997959438637406,0.2908841044434265,1.0,0.16994590892895978,0.574196384365876,0.38800927275503544,0.7447350277858752,0.09589250267216369,0.6973546736258601,0.12020109477736596,0.24924369670132382,0.23458543289051764,0.4421785421785422,-0.025345530430276195,0.08959174891378281,0.16189101273847037,0.15876724181808927,0.3223480799751986,-0.07612358120832698,-0.10288038423631644,-0.0704525789271552,-0.35804541058778344,-0.03626600406261423,-0.05036901308087749,0.3180184807303451,0.15986757173197852,0.3822165771318314,-0.12172804545685902,0.2710605829249897,-0.2916355492626679,0.11042028160672228,-0.31141557582235546,0.11656325046155555,-0.15864832475001966,-0.3689085078915587,-0.18115604047807438,-0.31218321557304607,-0.2035554815215832,-0.5290000323898629,-0.12076005126852585,-0.14005376717241125,0.1990195125788346,0.6268567488906472,-0.34764363747414595,0.3955422294405345,-0.045600762549915096,0.1769837634244414,-0.37914046558114356,-0.11406229033347677,-0.34581129665875426,0.2341509460153528,0.3654525095203061,0.4767417648773581,-0.4423802847531661,0.21479106224868938,0.054662520764215676,0.3229241568224619,0.10096753147600605,0.127687317517826,-0.16047557572981302,0.17300952724681537,-0.2970738072432988,0.008145587806604756,-0.2942739349519011,0.013139179240874157,0.01032403744268151,0.465797692916337,-0.0389557508201576,-0.2780910340232374,0.045724306741255896,-0.1515850210765465,-0.2100713965120745,-0.43317184673116876,-0.15112554773571724,-0.0799650189480698,0.08951586409213527,-0.10258702462092292,-0.19722603959892096,-0.3877575572490827,-0.1574628557679405,-0.2193376735749617,0.0740830198457317,0.4066880439761796,0.57904144514314,0.03865267424589459,0.0751264361433853,-0.10455632828514184,-0.36236714372307594,0.29718763447577007,0.037772132687386925,-0.19842816622477638,-0.27350462943683285,-0.01247981417472943,-0.2937917887070429,-0.34880180642892505,-0.1459399306856934,-0.032717463225937805,-0.022541956440261524
#201,0.650394462258869,0.4067639287978271,0.663680784019767,0.4950138119629645,0.38358944460639377,0.4466464924092043,0.3146096790164587,0.3570288316051028,0.1921510107950786,0.5836472836472837,0.5219297880314829,0.04912015250998302,0.06533960771248906,0.12583831905865805,0.029773687400806045,0.16994590892895978,1.0,0.4222981070438698,0.04278839702568516,0.11045174604496638,0.07069457747423849,0.061472258082427574,0.19586890434348062,-0.03683514022497073,0.13265129536315978,0.00497832192747447,0.10210626651304618,0.13651633143158567,0.023707991504601674,-0.06945867284850336,0.2569413789752773,-0.0825538944183012,0.2650476362340769,-0.010990805906060143,-0.1529916665509886,-0.11150996913708779,0.17787864906508974,-0.006917086578103527,0.1954297903450446,0.03093046821860381,-0.09411753818533479,-0.02698862190387614,-0.03807706011095842,-0.20881929695489018,-0.08479758649250174,-0.20736036498748364,0.07128546111596959,0.031160436245182006,0.05103902053054595,0.12682574716473022,0.18458381339737273,0.09584391787781618,0.2317129147637622,0.19205245306940222,0.0990699482224906,0.2539342115613302,-0.3830476084713373,-0.2824141552955112,-0.1746544695697238,-0.09154624578353392,-0.24146318892081603,-0.09674574420337133,-0.29413836024005513,0.27848572763827,0.18568784500987892,0.1475557221319933,0.03244446295293753,0.3401222485968249,-0.12880569321247287,-0.05665634818177191,-0.049521786809922405,0.1246773738299162,-0.1447461328817261,0.028032500913856846,-0.29451593349898436,-0.15474627169542424,-0.31933350916401765,-0.32643938237158576,0.4150247319738845,0.16387928760810117,0.07041047210538735,-0.02509288949966916,-0.11861121522138471,0.04341028239333324,-0.13872485736892518,-0.17852783446003784,-0.23641731099358218,0.1517761212676467,-0.09848785611497476,0.07933480475853358,-0.14452680723867165,-0.22829347066635203,-0.21208003072409853,-0.26071664885224205,-0.27546606699149073,0.3864332745688678,0.13231212722738148,0.39087901460782815,0.3271232711910678,0.04927654927654928,0.2104836731955376,0.44027448095244703,0.014824840248569062,0.4146101417287858,0.2677494135121254,0.3438674421725269,0.11374163069078323,-0.3239092713668985,-0.09672538486097808,-0.15485454637997012,-0.17830573254302068
