,#10,#11,#12,#13,#17,#18,#26,#49,#50,#51,#52,#53,#54,#58,#101,#102,#201,#202,#301,#302,#401,#402,#501,#502,#601,#602,#701,#702,#801,#802,#901,#902,#1001,#1002,#1101,#1102,#1201,#1202,#1301,#1302,#1401,#1402,#1501,#1502,#1601,#1602,#1701,#1702,#1801,#1802,#1901,#1902,#2001,#2002,#2101,#2102,#2201,#2202,#2301,#2302,#2401,#2402,#2501,#2502,#2601,#2602,#2701,#2702,#2801,#2802,#2901,#2902,#3001,#3002,#3101,#3102,#3201,#3202,#3301,#3302,#3401,#3402,#3455,#3501,#3502,#3601,#3602,#3701,#3702,#3801,#3802,#3901,#3902,#4001,#4002,#4101,#4102,#4201,#4202,#4301,#4302,#4401,#4402,#4501,#4502,#4601,#4602,#4701,#4702,#4801,#4802
#10,1.0,0.3466478805461856,0.37675518353484455,0.5033976966180356,0.020434764502561112,0.21672288621441163,0.16507262269974135,0.6868423122660411,0.2886177394651971,0.31252654811976843,0.6085874780790035,0.25889263685873853,0.19344567988635786,0.11233776149030386,0.04035638103434713,0.1574138082612659,0.1915485593451695,0.225705983333102,0.009563801089224819,0.06093597449529653,-0.16759394217021337,-0.032761420897014115,-0.17773798451764553,0.06434847790779995,-0.06260035073594396,0.038650823396586105,-0.06820657329131906,0.26888490956287564,0.016808487994928675,0.10685045600299838,0.01936913801320581,-0.005570130993859807,-0.07858983791187181,0.02129633485565689,-0.06792848318272048,-0.04156498563278224,0.01754558873202941,0.12121536019841105,0.18205185154337697,0.1270455355201118,-0.031437138216799235,-0.06797105271681543,0.028877413623176335,0.11029673741538149,-0.06055701309938598,-0.04730909646163883,-0.010807109112193857,0.21213416806637145,-0.20785500446517396,-0.08385781775612285,-0.006985105290190036,-0.17691019216442946,0.02861968285697099,-0.08688441908780892,0.044742893895436266,-0.07347918025884127,-0.15482817177732433,-0.04787175465141567,-0.18996330691245947,-0.05253404405946779,-0.2756835417852367,-0.2526751713192391,-0.08200928200928201,0.02796864661271441,0.28217956014566187,0.13017162000212848,0.07673760046641402,-0.07214147892113994,0.15334934317985166,0.08779503694757931,0.1873994179078925,0.11614680936714836,0.2875932943729554,0.2158719582448396,-0.10718499701550549,-0.13114516673838708,-0.27333620214976145,-0.2400426620765604,-0.16694660762457372,0.09235969405460931,-0.09607851302766557,0.020950688747298916,,-0.021804855703160788,-0.15065450658670998,-0.06312136481628007,-0.21808742486708588,-0.12255722594705645,0.019148886945497115,-0.07860094300772266,-0.012926331570399368,-0.08471614912292878,-0.08147253570982385,-0.20403809047876845,-0.2572837860973454,0.02683916582221667,0.051661368610521154,0.03248656977470537,0.08624865235034726,0.04982393795953118,-0.10945089928140776,0.07727989931379761,0.11120920612446036,0.13558859321571187,0.16867715172799919,-0.054659744490252966,0.06485561061832248,-0.3041195278483414,-0.0867460681020003,-0.20857359670918993,-0.06735564532174702
#11,0.3466478805461856,1.0,0.2777861065996659,0.24147290587968553,0.042071192918650545,0.016290250188555275,0.25086735425718476,0.46844903455072945,0.5519644451847842,0.4803550854398312,0.34485487027859907,0.01780424492288899,0.14672191451852468,0.09931102134491965,-0.032570783418241045,0.07473729507627813,0.3305885238088628,0.28777930472845725,-0.15170902798021443,-0.21512143885025242,-0.12419013774945978,-0.30297061314010465,0.2433852959276688,-0.12613954478361258,0.05079517113415419,-0.06490280727568863,-0.013335831979899777,0.11131100283642656,-0.06378258073173328,-0.03267165470555301,0.15208752666379785,-0.05295511227714617,0.0520306130475622,0.0656482368346775,-0.008264042162347248,-0.13483067042389077,-0.22023857447586262,-0.028575725185894678,0.1686845551252331,0.013515827075149109,0.10231541248490401,-0.055994669553991586,-0.1414766075783025,-0.2178991009499484,0.03955542599610396,-0.11325346918567257,0.0631634716380479,0.13615541581643276,-0.12725930861524082,-0.08950475899628442,-0.029313288635322534,-0.002599055141428023,0.22086925137772595,-0.01935895834200919,-0.06269890846162032,-0.24797170051407338,-0.36625207642156793,-0.37829555287182404,0.19770263329585364,0.003757686808534266,-0.08782048612557088,-0.013415881212491381,-0.26957712720424587,0.03229639500825941,0.05425996103962206,0.05422248134112541,-0.03497179768366209,0.02756284790183095,-0.11937283971182276,-0.053659823151348575,0.2370331811009777,0.17135440525271034,0.003597588343351055,0.004237982204083899,-0.522364737618975,-0.4200960590791099,-0.3471369674759505,-0.2446373954848531,-0.2533257448511686,-0.15385786402735555,-0.0555324199391996,-0.017544663307375172,,0.12627928390640256,-0.039534603941383605,0.11808002146985198,0.0287603474044152,0.02880661863712711,-0.04090238158034768,-0.14975499382279042,-0.18915263491534678,-0.0972200243386684,-0.1103601290041968,0.09283166062827079,0.021149655047960132,0.3567650855786449,-0.11911140724700046,0.26216216216216215,0.13044878468607282,0.176807470027809,0.11655908605061148,0.2596834122257851,0.015273208493547477,0.17278603719281685,0.10236538541623287,0.16679622611826,0.2892308332986299,-0.14360184529676054,-0.05140410055664293,-0.05633059870348006,-0.036631084088711206
#12,0.37675518353484455,0.2777861065996659,1.0,0.4081168996423234,0.15241142529278123,0.17066959100857407,0.12148836047141132,0.16717935192511463,-0.013245140363784432,0.24968558697372256,0.2722044077976281,-0.04673209418972131,-0.1743731404748354,-0.19857299518316468,-0.2522633573481031,0.127990394092089,0.46730798595205375,0.7482012058283245,-0.1889157262038618,-0.09930130438605014,-0.03120161764229561,0.12068324102222407,0.27274161680941345,0.02808802639311114,0.13576257305070866,0.11551428161597653,0.20582277192446685,0.2008527788188805,-0.1817931953525174,-0.004136185492117695,0.30764447035633474,-0.08106997598523022,0.1936770360499174,0.009471721336128116,-0.17552714501867045,0.0037687919043851246,-0.3228348533433279,-0.05738604552163874,-0.048320585608721205,-0.011247148535284128,-0.13941522416098687,-0.13835098580861294,-0.28126940499821856,-0.13443227511024122,-0.005331834145393468,-0.12371724575114405,0.16962848827255608,0.17972579667494923,0.1758408639764572,0.18361350564740395,0.1973532854888787,0.3561917850053443,0.44600980024708836,0.3359943919265953,0.08339371729202237,0.01972635192974176,-0.28420438928913505,-0.26642235455794777,0.03162083501066552,0.02452884317291097,-0.03247268840489179,0.037596764715408786,-0.320041921736837,0.02918465460838342,0.2191581411920395,0.24385772521365742,-0.3018573272810561,-0.07473220524067982,-0.028269872337668946,-0.003504120453272996,0.2879144167279761,0.30556689200757,-0.0133025166923472,0.3687363789058704,-0.32791867368138555,-0.17753531651836738,-0.30054137342272935,-0.16092857109806263,-0.12565184599082904,0.10081020928478555,-0.3183446929209641,-0.236902233512403,,-0.04613241901377495,0.02300466876738063,0.008292730326628632,-0.011810732149715201,-0.16816724274351394,-0.052463249073418566,-0.2862463387887117,-0.247511764460917,-0.16911025046618267,-0.16936474224609818,-0.14515100616795532,-0.1505360522309675,0.27928807081349455,0.20966698593817237,0.44332791959910606,0.38126200160098467,0.32536635248499657,0.4130757876520588,0.5360573208030835,0.36250595742121167,0.4696900290120629,0.4232221435611266,0.31706297977484416,0.28010244450922417,-0.056731770291092325,0.05706631130359944,-0.14691486555893335,-0.2319160454753675
#13,0.5033976966180356,0.24147290587968553,0.4081168996423234,1.0,0.15968757663672917,0.3570727892761791,0.27515003447206837,0.18078263163008926,0.3532605024130448,0.522524373371831,0.3886852954649565,0.1811999981491507,0.29893807520926163,0.2733611886154259,-0.1510404086675273,-0.04626012761605982,0.30053489545014966,0.09221347695923968,-0.020787351295825873,0.020947912473336203,-0.1428860293267073,-0.05600762549915092,-0.018764373001661137,0.09807048959591333,-0.11360836954057293,0.11267461606444658,-0.059722280061263115,0.2858641384065113,-0.08770295719448262,0.03135246186093644,-0.002457927881656695,0.1336475150034472,0.19094148077198925,-0.04657107029988386,-0.1430262311618244,0.06145189874003433,0.09732922444786851,0.19061017874577196,0.2023320701286803,0.27163110722432754,0.007840660383033264,-0.2057589176233244,0.19193168515202413,0.10551229195296992,0.1066718490447304,-0.02866086425408459,0.08092746058847754,0.21397437499132416,-0.21421961252469726,-0.15566012854148448,-0.031560682408140035,-0.08210691431030415,0.027110777958235584,-0.03105169884830902,0.05657629894918031,0.05294076819500548,-0.11407848526492595,0.0029090724005978244,-0.0015348167890540771,-0.011294807904977397,-0.1191632310276378,0.016534562297274163,-0.0533262075634957,0.011410023274430053,0.23095823095823095,0.07227982990694855,0.11399843603233434,-0.0727022862616083,0.08375185663321257,-0.02587672418180893,0.21564106479360717,0.1670766297884942,0.16303946473438,0.250642938778532,-0.07011757520232097,-0.0298694688525197,-0.15113850368087656,-0.04302808201113286,-0.06859293808446351,0.032660549609702154,0.07853431243261752,0.13101930898541067,,-0.2404887167599032,-0.26202612473798914,0.02483886043208077,-0.0033435592757626656,0.08632546259664904,-0.1698376342444139,0.11938209395836515,0.05317952775579894,0.1744175608582388,-0.03352674708606912,-0.025903561496781836,-0.19994169824678298,0.06692578556985336,0.02022423039372192,0.15830591762795151,0.2416603043721688,0.08571098062623486,-0.08372270575660407,0.03491071965648237,0.1898966763373543,0.23725898471661183,0.2184363099617337,0.07343290902612937,0.07401638927062656,-0.11106391445374496,0.022684009124687092,0.009638760486218114,0.012607522777014303
#17,0.020434764502561112,0.042071192918650545,0.15241142529278123,0.15968757663672917,1.0,0.2922338363016329,0.021198702554634758,-0.02536635248499655,0.0880634100973084,-0.03273874799298528,0.006313709703540212,0.18680668341685291,0.03583938329701042,0.13400704248161877,-0.18245163499400788,-0.11452592808525013,-0.14724061503722521,0.04419504250012725,-0.09936330783788411,-0.019991948805508128,-0.24701434870926398,-0.129186968170019,-0.24968373612441408,0.05049533354618101,-0.11670900484459806,0.012336373353322506,-0.16220380627160289,0.06619562551765941,-0.08684231226604108,0.16875535011128232,-0.045880703507822154,0.3545685901618105,-0.019884136833289375,-0.08254602830874018,0.06285946963913065,0.37793278640736266,0.1847554796707339,0.2831827204708561,0.17063349944705877,0.06606143894279487,0.03173466224313682,0.009233887199988895,0.09728341592748373,0.2575512338224203,0.010834409139493885,-0.004119990560668527,0.10497276937954904,0.021216285623065285,-0.16455623574267642,-0.137597690140063,-0.20838295923041686,-0.1141256819222921,-0.16825423266101233,-0.1776227691481929,-0.18551340246255502,-0.1338649897971932,-0.22929246658060218,-0.0968225544496731,-0.059639454554708794,-0.14287770050481916,-0.1662025662025662,-0.08096355214999283,0.06517673297334314,-0.010755748043883637,-0.013179897925660638,0.0796795254422373,0.08490354761541202,0.15459959188772748,-0.11633883498290278,0.023224457122762207,-0.17351573453268368,-0.06120249679571713,0.03313760601896195,0.08832808154842053,0.12416561399612247,-0.01766543122475326,-0.14609401389062407,-0.23483807382112468,-0.015581374903408801,0.043541692694235065,0.04235992541077287,0.28214300587181945,,-0.060616702989584346,0.0967961798470273,-0.07741177232702656,-0.09629783867072003,0.018440937085004883,0.16137462578140543,0.2843418148502894,0.16709189929528911,0.02607291420850743,0.023126362109412955,-0.1728188897680423,-0.2085634170379933,-0.1752814447729702,0.1725204403170505,0.017922699278631483,0.004846911626572643,-0.22386994081909337,-0.0881457728915356,-0.02402032232540707,0.38980182031029487,0.021577663950545306,0.08194403957115821,0.023353553862028437,-0.16816678003118682,-0.11984156729919442,0.05451722909350028,-0.08851177834228682,-0.054202584711059286
#18,0.21672288621441163,0.016290250188555275,0.17066959100857407,0.3570727892761791,0.2922338363016329,1.0,0.23371322015389812,0.09570973130295164,0.09866507493626138,0.20795680117714016,0.11748543612950392,0.37115821522601183,0.4064886149631912,0.24669646534053313,-0.12934706663520223,-0.24971381242567683,0.04080382385467131,0.0030437216877894843,-0.038502755451908,-0.0352480369429522,-0.12990370956472652,-0.09463253700541836,-0.10373455119217831,-0.1850187629848647,-0.008198799724223453,-0.09208438021997344,0.03856660975305043,0.11094314653636687,0.010182447470583065,0.14592142219260865,-0.09238329238329239,0.4175007056362989,0.010602590263607213,-0.14645909391672104,-0.28549072955852617,0.07006945312030058,0.23880398117686252,0.4044647112443723,0.2866220611983324,0.11830860135944882,-0.06109144583720855,-0.22006089294224887,0.39294548786074207,0.5808076180957537,0.33526006746345727,0.2980404132946506,0.10639005723751487,0.03000920797530967,-0.002252020896088693,-0.0013062368994572384,0.03104013104013104,0.06291453240605784,-0.01883100357676629,-0.03659776880115863,0.01732672580130207,-0.005649717514124294,-0.10040857498484618,-0.047366010077874485,-0.1580171851358292,-0.09334203232508317,-0.16968216290250188,-0.10470023181887589,-0.018580213495467734,-0.21742111911603437,0.08253816219917914,0.11416408704544298,0.37632810005691364,0.19529375292087156,-0.11596820240888038,-0.21673028961164553,0.013938283429808854,-0.06834168529083784,0.13548124395582023,0.1185043286738202,0.09635984212255398,0.06891128416552145,-0.10579686003414816,-0.12360897106659818,0.03340227747007408,0.015418037451935757,0.32954695836051767,0.3239004798326832,,-0.076189749071105,-0.402241378512565,-0.06753517770466923,-0.12057311548836973,0.01735819023954617,-0.14104443426477326,0.08377823123585836,0.47678387169912595,0.21062109875669197,0.11655307079035893,-0.033716459140187956,-0.2980145014043319,0.0013978539402268216,-0.13562792376351698,0.0996899827408302,0.06319817506258184,-0.07930935558054202,0.04872684703193178,0.0032797049746202287,0.23207706936520495,0.12803666532480093,0.19399306856933976,0.01316833011748266,-0.026581435056011328,-0.13626461592563288,0.0041843075741380825,-0.01578913273828528,0.022543344577242882
#26,0.16507262269974135,0.25086735425718476,0.12148836047141132,0.27515003447206837,0.021198702554634758,0.23371322015389812,1.0,0.0248444129800062,0.16959471027267636,0.491748451070485,0.20644835899073188,0.18480267632810005,0.37605972690718453,0.38269363354109115,0.0023158751972311292,-0.13649828565082803,0.22939426329256837,0.016632194598296294,0.06924998958897265,-0.01565540887574786,0.05842807368231097,-0.12499109278770296,0.19766654173433834,-0.01495995224808784,-0.05127037669410551,-0.004680797901136884,0.1323667272819815,0.10541651050125626,-0.07777731506545066,-0.19750921954311784,0.1268956167261252,0.21766589393708038,0.04458742255352425,0.06444287122253224,-0.13841669095906384,-0.21563828851964445,0.18912811116200948,0.14820074311599735,0.04355973847499271,0.17246445212546907,-0.04317244825719402,-0.3566776329488194,0.2655755909993198,0.04914051185237626,0.25212176737600467,0.20643077592230136,0.02809219080405521,0.07542581101903136,0.037746220797068256,0.05848498729854662,0.09006556633675278,-0.03395614412563565,0.07051967221458746,-0.00038127495754614396,0.08934743680506392,-0.01825446401717588,-0.147659369693268,-0.14232522198623893,0.024216512352105573,0.05288431729109695,-0.012133705354044337,0.04806100399320738,-0.09147359994817622,-0.035361864175423495,-0.04929783404359676,0.01444263986636868,0.3657398538754471,0.4941763026508789,-0.09217090742514471,-0.15372969271274356,0.03605546995377504,-0.1265754197957588,-0.05027832146476214,0.136754628280052,-0.16582314209432852,-0.083423330880958,-0.16741302165030977,-0.10436291453240606,0.11522693726083556,-0.0260044327840938,0.11939458719119736,0.013685642499201822,,-0.0832317679775307,-0.23006195718060124,0.04083482558058829,0.07438146929672354,-0.005832026171009222,-0.2916647001392764,-0.08245117228168075,0.07953701004548462,0.09555518538569387,-0.042205379493515084,0.12227682227682228,-0.07394096716130615,0.1443930833761342,-0.08911376707986877,0.004954723598791395,0.13120208035462272,0.008429230463128769,0.0361489378438531,0.15449270534016296,0.0030617674685471294,0.17934822341602003,0.09356459695442747,0.03395429327632717,0.20669267109945075,-0.0834936631546801,-0.1332551349500502,0.05210048260895719,-0.004519311298972316
#49,0.6868423122660411,0.46844903455072945,0.16717935192511463,0.18078263163008926,-0.02536635248499655,0.09570973130295164,0.0248444129800062,1.0,0.4325203477745851,0.26542706034231456,0.519059120754036,0.17437637946112522,0.17927280130669962,0.17042018906425685,0.0869297648958666,0.06180309739631774,0.16663890392703953,0.2124719480651684,-0.10931208558327202,-0.09084755016958407,-0.2661678627780323,-0.2106266513046174,-0.08219205337849406,-0.1013488064335522,0.00414960414960415,-0.081597468038146,-0.08144153398390687,0.017134700185547642,0.03261659193862584,0.09383991078906333,0.04782039358310545,-0.09274235714913681,0.010102398237991458,0.005370239268544353,-0.061393596986817324,-0.049715663274985306,-0.09677258151834423,0.018300272537560672,0.16223110629890292,0.032133057556786374,0.04057616938972871,0.026303807659739862,-0.08180106146207841,0.004262043245094093,-0.1078415858076875,-0.04952271223457664,-0.048346034786712754,0.05053790308027596,-0.24553459468713706,-0.24656042791636013,-0.0932143237227983,-0.18186399033856662,-0.01780008051194492,-0.15427939495736107,-0.1471799997223726,-0.2882651526719323,-0.2127241262834483,-0.23352443352443353,-0.0007722668739617892,-0.08420392657680793,-0.17262593872763365,-0.14751176446091702,-0.1329011600198041,0.020910432774839553,0.16111735772752722,0.014184909100163337,0.03751116293489175,-0.030492742357149136,0.07735485871079091,0.0361077564467395,0.1839485093722382,0.0671349315417112,0.2727888134667796,-0.024053637612959648,-0.20680325934563223,-0.20942359925410772,-0.18810644234373047,-0.22157211140261987,-0.11481188430340973,0.02882188814392204,-0.040818630649139126,0.07495662071933258,,0.16474039524886983,-0.03477514494463647,0.09792334707588946,-0.13449057686345822,-0.11653317416029281,0.1182498368939047,-0.10626096049824864,-0.05926326943276096,-0.17571639436046216,-0.07286608642540846,-0.07520324638968706,-0.11148451995909624,0.07262316245367093,-0.026932633712294728,0.03744129337349676,0.028168075625702744,-0.006742181318452505,-0.10865457136643578,0.08791395401564893,0.06631222902409344,0.001503352350809978,0.12998422150964523,-0.03901729155966444,0.14267086809459692,-0.2078078078078078,-0.16230976739451317,-0.12455521777555675,0.03271561237662932
#50,0.2886177394651971,0.5519644451847842,-0.013245140363784432,0.3532605024130448,0.0880634100973084,0.09866507493626138,0.16959471027267636,0.4325203477745851,1.0,0.537352915319017,0.35980047844454627,0.1460731918359037,0.4018267882674662,0.4186061253857864,0.09792334707588946,-0.06080178792043199,0.20384143773974284,-0.06319169709000218,-0.11689686604940842,-0.23786791413910058,-0.25164100926812794,-0.3903667920617073,0.12438632777615828,-0.06411064377166072,-0.12615759056437023,-0.12299217553454841,-0.1812416422585914,0.007544524493677036,-0.006074950142746753,-0.05069013543589815,-0.07065987404970456,-0.06976822739534604,0.04443195121161223,-0.07279066431608805,-0.026913662506882846,-0.14263986636867992,-0.029768134852880615,-0.003220477796748983,0.33822744161727214,0.2285789641721845,0.09980195912399302,-0.1702512990648584,0.1767514818362276,-0.08037081765895325,0.14285132590217337,-0.11616207887394328,0.018283152181457266,0.034797355136338186,-0.4080127893687216,-0.3278215040926905,-0.10741080063113961,-0.13566817973597634,-0.02536635248499655,-0.11112869417954163,-0.08701351582707514,-0.1637663858002841,-0.22481711295270618,-0.26197985350527725,0.18480684073904413,-0.08140960683333565,-0.2047492793255505,-0.05943956282939334,-0.16591152014880828,-0.05558470643216406,0.04938389853644091,-0.1279996483386314,0.17877769911668218,-0.07981556286641033,0.01840438281116247,-0.11397206142968855,0.2588546944479148,0.0954422835778768,0.1431284905861177,-0.09065644997848388,-0.23574406455762387,-0.3080243571768996,-0.2267646691375505,-0.23299000078661095,-0.18754193330464516,-0.15773770689024927,0.24206887935701496,0.21439359235969405,,0.07178611585391247,-0.11799441968933494,0.1205675629404443,-0.03504490623134691,0.1424288695475136,-0.09395142445989904,0.11078952604376333,-0.09250915013626879,0.013693971321089965,-0.1469088502986808,0.08148040181938487,-0.028669193075972738,0.2463175039446226,-0.16180494824562622,0.08490401032773914,0.0794467811416964,-0.0022992175534548415,-0.15640509538814623,-0.024455734625226152,-0.030411304987576174,-0.025738835908327432,-0.04523012997589269,-0.025776778319151202,0.14281847332694791,-0.20708736471448336,-0.1302549082210099,0.013466316856147364,0.05805142584803602
#51,0.31252654811976843,0.4803550854398312,0.24968558697372256,0.522524373371831,-0.03273874799298528,0.20795680117714016,0.491748451070485,0.26542706034231456,0.537352915319017,1.0,0.3933563764072239,0.06495324291934461,0.4925480179717468,0.3553195722687248,-0.0957814517136551,-0.1478842478842479,0.6497207531105836,0.18246875535011128,-0.06024329414159923,-0.2799839901534817,-0.05542414525465373,-0.3187930611659425,0.2889323838476381,-0.049345030700962904,0.023432214957638687,-0.09403656352808895,0.17053031459811122,0.2059018957324042,0.026718397904838584,-0.17267498623430827,-0.009755363992652128,-0.07784672191451852,0.11826279283906403,-0.1760953557563727,-0.12542881864915764,-0.35120652239296307,-0.06863226863226864,-0.041005103716968125,0.19572638894672792,0.16801038326462056,0.08328081548420531,-0.32578048001776816,0.2005446124090192,-0.10930468218603812,0.17424173017393357,0.13086198679419017,0.10612214680011291,0.17700366005450752,-0.17941948111439637,-0.10051129712146661,0.05750958971297954,0.015436083232693402,0.19217275827445318,0.06561816053341477,0.08944830809237589,-0.09991162194552025,-0.28740311960650944,-0.3860797623509488,0.04821786347210076,-0.03502315875197231,-0.14016759440488255,-0.04654515840956519,-0.24018980459658426,-0.024167927557758068,0.2021071919377004,-0.050295904533192666,0.1203015033523508,0.026837314972908193,-0.03571583910566961,-0.22216669674296793,0.36229310975073686,0.13794055997445828,0.0003678563000596899,0.04155341782460426,-0.3653613551918637,-0.2778055405174049,-0.3297394466885992,-0.2516863550761856,0.08038516174109395,-0.05334147707029063,0.10695225271496459,0.048698621579977515,,-0.08651286108913228,-0.21177973042379822,0.10865595950341712,-0.014125681922292091,0.1780567933110306,-0.176737600466414,-0.06055053512680631,0.012643151626202474,-0.03339903848378425,-0.09474081168996423,-0.06354058218464999,-0.13440127338432423,0.46192201446438735,-0.08798151001540833,0.3550720211737161,0.27979612894867134,0.22004192173683698,0.13594441899526646,0.26793542386762725,-0.04482571940199059,0.19569261094684823,0.0964741320673524,0.1815808103943697,0.279371359032376,-0.2458210136176238,-0.16211033838152483,-0.11627775695572305,-0.14544158950938613
#52,0.6085874780790035,0.34485487027859907,0.2722044077976281,0.3886852954649565,0.006313709703540212,0.11748543612950392,0.20644835899073188,0.519059120754036,0.35980047844454627,0.3933563764072239,1.0,0.22746660373779018,0.27955736938787784,0.27207392292138055,0.0031904014954862413,0.06523966184983133,0.09938921972820278,0.10428888056006701,0.028895459403933982,0.04425982222592392,-0.09510496629140697,-0.05270987474377305,-0.038134436439521184,0.11643646728392491,-0.1717745480457345,-0.06331015144574467,-0.06877802301531115,0.22204639153791697,0.027316222231476468,0.034445231055400545,-0.0014242285428726106,-0.0335480318531166,-0.15534455873438924,-0.04555587945418454,-0.09426699426699427,0.00609207049885016,-0.07408255713340459,0.04603895112369689,0.21115553149451455,0.1423844491641102,0.0072164614537495895,-0.10645113526469459,0.1576539559590407,0.12058745957051042,0.07256624883743527,0.04952317494690376,0.03529754716195394,0.1638973333888588,-0.17540360082732964,-0.02726439845083913,-0.07734421632726718,-0.07021104309239902,-0.03612672765215138,0.008216382792653978,-0.02005811666828616,-0.026805850534664093,-0.18940851483224364,-0.08378563463309226,-0.040174072377462205,-0.044121471240115305,-0.27576174016851984,-0.20618646381358247,-0.03210159311854227,0.07182729725102606,0.17066033676203168,0.0778582897226965,0.1731552816298579,-0.012247995298842757,0.03160741635317906,0.10028410536885113,0.09038391241781073,-0.08581185191354683,0.16938047446522023,0.12019507951711342,-0.13278455651337007,-0.12437522268030743,-0.3059435398418449,-0.2917345697006714,-0.03952164799622427,0.030672737452398468,0.050423613135477545,0.05820504634063956,,-0.05172753647329918,-0.056144588347978176,-0.0055257106104563735,-0.1805970839869145,0.1245973245973246,0.03806271602881772,0.040316587774214895,0.018549674481877873,-0.047770883364103706,-0.06214874350467571,-0.12657958420670284,-0.14709439794185558,-0.02911894945793251,-0.11159001836967938,0.026594391001170663,0.15218932337576405,-0.04715778953067089,-0.031197453231351535,0.1039617429447938,0.051516539652132876,-0.0036170222610900577,0.05052263357348103,-0.17508432932161747,0.027560534340195356,-0.2950670238805832,-0.08726569404535506,-0.11275096359842122,-0.07368925165535335
#53,0.25889263685873853,0.01780424492288899,-0.04673209418972131,0.1811999981491507,0.18680668341685291,0.37115821522601183,0.18480267632810005,0.17437637946112522,0.1460731918359037,0.06495324291934461,0.22746660373779018,1.0,0.4328382311433159,0.31820449108584703,0.015283850877071216,-0.07858659892558198,-0.1199766792987132,-0.1747585798433256,-0.07778055405174049,-0.06417727434676587,-0.2568571653317416,-0.17334545639630386,-0.24597185783626463,-0.09129036586663705,-0.2650629057408718,-0.20971048089692157,-0.11211843584724941,0.114525465372923,0.25344373649458396,0.17467760518607975,0.06318151741880555,0.18107552853315564,-0.18443019290476917,-0.10703045109824771,0.04464757515604973,-0.049442663001985035,0.2598407344170056,0.18367134468829385,0.12633573481031107,0.0961761453286877,0.10027901553325282,-0.08254880458270289,0.36608920168242204,0.24145856179754485,0.1888264227247278,0.12353216082029642,0.08396007718041616,0.09860769860769861,-0.1140192580870547,-0.06387234692319438,-0.07104577613052189,-0.12442103120069221,-0.09985748460324731,-0.2931264083806457,-0.14320483812009235,-0.22790664316088044,0.07555398233364335,0.11257004307851766,-0.01441626526372289,-0.10053258188851409,-0.18819065598726617,-0.1594067102541679,0.08528528528528528,-0.16229403517539112,0.07744323676527066,-0.11143686058940296,0.3501098941776908,0.013496393157410106,-0.0750176987465123,-0.04461009545755309,-0.09436879097896048,-0.09810843200673709,0.20488855573601336,0.014081261538888657,0.15080164910673385,0.05293845463336989,0.037756400468264874,-0.060848059153143896,0.029250822471161453,0.12365709314861857,0.3359675546116224,0.24773756807655112,,0.19704373094203603,0.0058875516502635145,0.051763165322487356,-0.016527158900040254,0.12470282300790775,-0.16842219723575655,0.30040950040950043,0.3465812499710805,0.30851899665458987,0.1273652697381511,0.012908748501968841,-0.05454314098381895,-0.24144838212634823,-0.26252030150335237,-0.23000180457807576,-0.10548360378868854,-0.19474543881323542,-0.19061711943067874,-0.019262714177968415,0.07298777976744078,-0.20068111254551932,-0.2210858007468177,-0.2790400570061587,-0.14906092533211177,-0.14646510917697358,-0.09157678479712378,-0.002940999551169043,0.09613542664390122
#54,0.19344567988635786,0.14672191451852468,-0.1743731404748354,0.29893807520926163,0.03583938329701042,0.4064886149631912,0.37605972690718453,0.17927280130669962,0.4018267882674662,0.4925480179717468,0.27955736938787784,0.4328382311433159,1.0,0.6239957985720698,-0.02358074561464392,-0.3039524886982514,0.14363978770758432,-0.19191734106988345,-0.1710582693633541,-0.3201400167501862,-0.2874165382639959,-0.4410800631139614,-0.05953904597972395,-0.22486754859636215,-0.20513055428309665,-0.23350777588065724,0.02934706663520223,0.16489632930310896,0.24278284447775972,0.05568557771947603,-0.13618965652863957,0.032013215064062524,-0.07335147165655641,-0.2561381103753985,-0.08026022941277179,-0.24197865045322672,0.1336377980445777,0.10480804379109464,0.20689071197545775,0.1817959716264801,0.24529490970168935,-0.2251225030886048,0.6295650041412754,0.1446781141696396,0.27462254241915257,0.21457219931796204,0.2242461259410412,0.16945913556083048,-0.24340843154402478,-0.12189739816858461,-0.012936048529268869,-0.10350365774094587,-0.03651262973296872,-0.10953326207563496,-0.16194329923143483,-0.15742213708315403,-0.09675777472387642,-0.2355483372432525,0.03865406238287594,-0.1510959341467816,-0.3239809917776019,-0.2666629649680497,0.015523073150191795,-0.2148720369059352,0.14370641828268946,-0.22867243206226257,0.47676675134302254,0.05899026915976068,-0.2211871347464568,-0.27727573490285357,0.01824937418157757,-0.27454850844681356,0.15466437161352414,-0.09044360230800909,0.02955852616869566,-0.06889971635734347,-0.13024565397446752,-0.2543011424367357,0.11750440733491581,-0.07713738391704493,0.5510529019003595,0.4491502288112458,,0.003722057959346095,-0.2002591189031867,0.049643942864281844,-0.12457603983027712,0.39231249739724317,-0.0878066047557573,0.2599133802523633,0.3922912126301957,0.16278821194075432,0.04284716149122929,-0.040952354511676545,-0.18241924513110955,0.08697511070392426,-0.35249656436097115,0.09019281222671054,0.1313367296418144,-0.0292785852107886,-0.0371830998949643,0.025899397085837765,-0.17417371146184704,-0.11521675758963895,-0.16628076458584934,-0.08090247412281311,0.11476098594742662,-0.2932393101884627,-0.15342198901520934,-0.13083144778060032,-0.04068536949892882
#58,0.11233776149030386,0.09931102134491965,-0.19857299518316468,0.2733611886154259,0.13400704248161877,0.24669646534053313,0.38269363354109115,0.17042018906425685,0.4186061253857864,0.3553195722687248,0.27207392292138055,0.31820449108584703,0.6239957985720698,1.0,0.026742458945848778,-0.23179296399635382,-0.11299111129619605,-0.29188356307000374,-0.016941749145138976,-0.11611488221657713,-0.24884668952465563,-0.3074149650420837,-0.20817473868321326,-0.1499673787809381,-0.3519556536505689,-0.13500650110819604,-0.15364686720618925,0.11713470018554764,0.1256583239634087,0.11098664149511607,-0.09843279334804758,0.13587686299550705,-0.027244964533100127,-0.011372080863606287,0.008437096572689793,-0.1290870223073613,0.2696539374505476,0.21014866947070338,0.22922953770411397,0.1700338242711124,0.13806641772743466,-0.235627923763517,0.6201538981199998,0.20695179000263747,0.23667642989676888,0.059130470994877775,-0.0006649176140701565,0.07781248120231171,-0.2529236478389021,-0.2311141650124701,-0.09924762975610434,-0.24771396974786805,-0.19820606430775922,-0.3013650013650014,-0.13050523558998137,-0.11843769809871504,-0.14569932027559146,-0.1905699227733126,-0.003970534479009055,-0.15098256962663742,-0.2472258082427574,-0.10173332037738818,-0.0408301984573171,-0.2336812930033269,0.04582564074089498,-0.18062716028817724,0.46829633948278016,0.11017828305963899,-0.016850594816696512,-0.12991897907152145,0.11090057700227192,-0.21599226344989056,0.06927867775325403,-0.05935072206258647,0.045562357426764205,-0.05669891771586687,-0.14616851057529023,-0.21100329913889235,-0.046193959753281784,-0.11199674250521709,0.5541697321358339,0.5408241831970646,,-0.041360466784195596,-0.16235603862722506,0.06098224572800844,-0.0701522786268549,0.2742898522559539,-0.1924494602460704,0.36925184043828113,0.2782552968993647,0.20234317522453116,-0.057779350999689984,-0.0632939565142955,-0.2433246806128162,-0.1320779947898592,-0.3032565693582643,-0.10587876011604826,-0.00790544010882994,-0.18179458348949876,-0.1983194288279034,-0.11723233248656978,-0.026638811384574097,-0.14759505267979844,-0.1818269733523971,-0.09878769370294795,-0.024578353391912715,-0.24434681214342233,-0.10560298356908526,-0.12429054632444463,-0.010130623689945724
#101,0.04035638103434713,-0.032570783418241045,-0.2522633573481031,-0.1510404086675273,-0.18245163499400788,-0.12934706663520223,0.0023158751972311292,0.0869297648958666,0.09792334707588946,-0.0957814517136551,0.0031904014954862413,0.015283850877071216,-0.02358074561464392,0.026742458945848778,1.0,0.5240143070651545,-0.15517798229662635,-0.2192136666712938,0.4838841923587686,0.32162717416954706,0.29011091214481044,0.20370077319229862,-0.0578330256296358,0.12054720359805106,0.13855689279418093,0.05093861195556111,-0.344275554445046,-0.40941480771989247,0.26330552432247345,-0.00982708440335559,-0.11799673325097054,-0.0716028817723733,-0.26618220686017297,0.2559900424307204,0.22357241679275577,-0.13290902612936512,0.24400209145971857,0.14063354571829148,0.2517446568294026,0.3273796138202918,0.05311937515327346,0.027975124585294078,-0.017450732704969992,0.11113794842608402,-0.1518834705275383,0.07891003484223823,-0.4195495958207823,-0.32298754841127725,-0.3697779443542155,-0.2642628761272829,-0.1255708713335832,-0.2205240679816951,-0.39764016713169253,-0.022348542687525737,0.21908919705529875,0.3058542363627109,-0.09350768333819182,0.16189240087545173,-0.13735893057926957,0.043987747377577886,-0.1751579005816294,-0.1290532443074816,0.32184511167562013,0.22927719707380725,-0.2856119601882314,-0.20871935109223244,0.16369929251285184,0.16891637400111975,0.37501908688349367,0.3083672270112948,-0.049941004178292316,-0.0017023186514711938,0.030448321973745703,-0.14762883067967814,0.22273305663136173,-0.11596542613491766,-0.019701365464077327,-0.03048117454897116,0.15335582115243132,0.24309656343554648,-0.10834871851821004,-0.2236964236964237,,0.019217368369910743,-0.007103096933605408,-0.1419707843436657,-0.08173350546231903,-0.16160783279427346,0.05077990162735926,-0.20872860533877483,0.0758311470175877,-0.17463827463827464,0.08760948930440456,-0.021346307786985753,0.07488351217164776,-0.12082621913130388,0.02309397224651462,-0.3993193501668078,-0.09165081876946284,-0.3208507428846412,-0.2832271408542595,-0.433153338238084,-0.3330339584576873,-0.2508442186408288,-0.1798757154689358,-0.2584123414631889,-0.07070198087147239,-0.2432400042569534,-0.18874961247842603,0.005658971760666676,0.1443778138693393
#102,0.1574138082612659,0.07473729507627813,0.127990394092089,-0.04626012761605982,-0.11452592808525013,-0.24971381242567683,-0.13649828565082803,0.06180309739631774,-0.06080178792043199,-0.1478842478842479,0.06523966184983133,-0.07858659892558198,-0.3039524886982514,-0.23179296399635382,0.5240143070651545,1.0,-0.09938042819398751,0.18694086999171744,0.36169759898573456,0.5747854171582986,0.3129767672140554,0.5565212361822531,-0.08029169385101588,0.29044684129429893,-0.016506336845319897,0.2642068879357015,-0.2985637409366223,-0.14564981005658972,0.04261164091672566,-0.043984045678960935,-0.07639334249503742,-0.24896792015436084,-0.3086920510649324,0.15195657907522314,0.175327253293355,-0.10739691926132604,-0.04450505975929705,-0.023364658957879297,-0.014016944525419102,0.09330547805124076,0.004664602969687716,0.06189286358777884,-0.22724820351938996,-0.07158298514230718,-0.2766668054803648,-0.043149312640838065,-0.25364732991851635,-0.21742111911603437,-0.27789345585955755,-0.10389141067107169,-0.10036508002609698,0.027967721188060173,-0.16312367837791567,0.17422877422877422,0.09047090233530912,0.3380090413988719,-0.14171351628978748,0.2547282259146666,-0.1315310688192044,0.06511935664478037,-0.039792334707588944,-0.123456738710976,0.14457215304672932,0.29611367916452663,0.02803527718781956,0.18403735013904504,-0.18014501404331912,0.006991120550442585,0.43848470967115033,0.45781266628724254,0.14165058741329928,0.2203422220371373,0.007760611150441659,0.10412739395790244,0.016428601174363885,-0.1047418759283166,-0.08195745822864467,-0.008212681094037026,-0.13547893039418463,0.34480813633356006,-0.24535737586585044,-0.31767098377267866,,-0.08525844797031237,0.13120902103952953,-0.1389895288200373,-0.06666342768037684,-0.19873864619627332,0.11909474960322418,-0.25592341185561523,-0.1661438017370221,-0.2393046359148054,0.06513879056251938,-0.0644516627567475,0.07904607226641125,-0.10816964884761494,0.1785389395558887,-0.11111527552205518,0.031124807395993836,-0.11947324828680761,-0.1153366000823628,-0.19992642873998806,-0.23712849984036424,-0.10901733783089715,-0.1634563685411143,-0.19995974402754063,-0.17934637256671154,-0.08626623541877779,-0.07636095263213907,-0.047421998269455895,-0.01779036355307542
#201,0.1915485593451695,0.3305885238088628,0.46730798595205375,0.30053489545014966,-0.14724061503722521,0.04080382385467131,0.22939426329256837,0.16663890392703953,0.20384143773974284,0.6497207531105836,0.09938921972820278,-0.1199766792987132,0.14363978770758432,-0.11299111129619605,-0.15517798229662635,-0.09938042819398751,1.0,0.5416362433311586,-0.22116862625337202,-0.41196018823137465,0.025574573032200152,-0.15476616832549037,0.4852658513675463,-0.042389538999708494,0.3316842265994808,0.02235825964639524,0.3271737068347238,-0.007521388877321081,0.05750496258970835,-0.161124298412434,0.11219015625795287,-0.23900017120356104,0.3674019165544589,-0.16939019142408973,-0.13935599698311563,-0.2953821309753513,-0.2342573698505902,-0.20705867655020196,0.06112244756312553,0.11044804434634943,-0.0029974504550775737,-0.21368888148549164,-0.2175576192525345,-0.3835690852640005,0.04641513624564472,0.06697853477514494,0.08584100279015533,0.05845213472332116,-0.017652475279593925,0.03323523831998408,0.21909428689089705,0.24833307884155342,0.44876895385369964,0.3583276651073261,0.21868062207045258,0.009929343827648913,-0.19602992823331805,-0.3392107053124002,0.17174262089516326,0.1340491493033866,0.046826950216780724,0.0655367231638418,-0.24967031746692764,0.1410624800455309,0.10299050977017078,-0.10278228922296719,-0.2399825094740349,-0.041951813138253816,-0.040132890980348605,-0.20873369517437315,0.4155480596158562,0.3384902622190758,-0.012795846694151779,0.09216720572652776,-0.38430526057644704,-0.190971557073252,-0.19298296755923874,-0.14598435106909682,0.23223207799478987,0.0451820078938723,-0.2575850118223,-0.3276664954631056,,0.11852237445457785,0.10612769934803833,0.13965259558479898,0.12849521324097596,-0.06331292771970738,-0.06289648662530019,-0.3166345081599319,-0.25481012599656666,-0.07111981010286095,-0.029050930745846,-0.007350185316287011,0.10354761541202219,0.6205490544473595,0.13739085772984078,0.488970788970789,0.2791339876085639,0.41551243076666805,0.3301258114817437,0.5098705793621048,0.05206531647209613,0.30980394878699963,0.22442056848836509,0.38062021960327047,0.3392056154768019,-0.05301433945501742,-0.008043328382311433,-0.04855841974486042,-0.15949323745933916
