,#10,#11,#12,#13,#17,#18,#26,#49,#50,#51,#52,#53,#54,#58,#101,#102,#201,#202,#301,#302,#401,#402,#501,#502,#601,#602,#701,#702,#801,#802,#901,#902,#1001,#1002,#1101,#1102,#1201,#1202,#1301,#1302,#1401,#1402,#1501,#1502,#1601,#1602,#1701,#1702,#1801,#1802,#1901,#1902,#2001,#2002,#2101,#2102,#2201,#2202,#2301,#2302,#2401,#2402,#2501,#2502,#2601,#2602,#2701,#2702,#2801,#2802,#2901,#2902,#3001,#3002,#3101,#3102,#3201,#3202,#3301,#3302,#3401,#3402,#3455,#3501,#3502,#3601,#3602,#3701,#3702,#3801,#3802,#3901,#3902,#4001,#4002,#4101,#4102,#4201,#4202,#4301,#4302,#4401,#4402,#4501,#4502,#4601,#4602,#4701,#4702,#4801,#4802
#10,1.0,0.37576683000411815,0.6776112013400148,0.6796698084833678,0.18551710416117195,0.49707426995562587,0.2286442066103083,0.5882670035212408,-0.2036882799594664,0.5324324324324324,0.48357695137356155,0.4080169537796656,-0.25499891262603125,0.08127449483381687,-0.24795643100727846,0.08690477843020215,0.5591994151316185,0.6166701370091201,-0.4636451551705789,-0.3086240323528459,-0.33529199461402853,-0.308713798544307,-0.23330973500465027,0.11533983906865262,-0.1518631111851451,0.05094231365417806,0.1422442473289931,0.21200368319012386,0.013766154444120545,0.10484506077726417,0.1499118533016838,-0.16883216035758408,0.025651383278501923,0.4031561607832794,0.10103138577714849,-0.4275323088882411,0.05136199373487509,0.11730220204796477,0.209735467362586,0.5222536866604663,0.20968965884220123,0.1593419305283712,-0.11947324828680761,-0.4049200201742575,-0.049757307384426026,-0.11260289565374311,0.10044189027239875,-0.04856628585442145,0.025380233854810128,-0.06283448317346622,-0.1120022950531425,0.05424839323144408,0.010854305769560008,0.25418731520426435,-0.31667476413239126,0.27903681801986885,-0.4896926202010948,-0.3034541475219441,0.027862222777477016,0.2789234534997247,-0.051163490146540994,0.31147943012349794,-0.07040214328349921,0.2584525974356483,0.214762374084408,0.10156720665195242,0.05176732973343143,0.0705640925979909,-0.2819000819000819,-0.32344008106719974,0.17952497952497953,-0.09358032917354951,-0.06425454730539476,0.16594252187472527,-0.3912737082228608,-0.13689621825215045,-0.17943521333351842,0.05839846009337535,0.15089048987354073,0.133192206073562,0.21157243530124886,-0.2736351143130804,-0.022597481919515817,0.15827352776505318,-0.23381224059190162,0.23120485662858545,0.3914365829620067,-0.11896333930232235,0.029335036114697132,-0.09571435842622283,-0.4507928575725186,0.18533387007963278,0.026495370563167173,0.2376550664686258,0.13697164036147086,-0.22250679030340048,0.3798868205647867,0.04845708574522134,0.48385319063285165,-0.11724528843172911,0.38341731562070547,0.5106868039071429,0.22355946084759645,0.2529685309346326,0.19835043055382037,0.2103096933605408,0.31654196569450804,-0.04101759694980034,0.19170264255010017,-0.1558979626776237,0.01724621385638335
#11,0.37576683000411815,1.0,0.2469208808191859,0.17152468338909016,-0.03494588579334342,-0.030053165646385986,0.3287187032949745,0.2871231786486024,0.2986419393199054,0.5444004867733682,0.36713493154171123,0.07011664977766673,0.07787402194181856,0.3818621394892581,-0.14223638121943208,-0.14831410763614153,0.2372289084153491,0.18542409898342102,-0.20662927951063545,-0.12969132460657884,-0.16950957120448645,-0.10114382487263843,-0.3189795342337715,0.10416718721803468,-0.3562736850872444,0.0036720850280172316,-0.03819736531600938,0.11258068546204139,-0.12672395045276402,0.014143727703049737,-0.3324259544598528,-0.2519283536232689,-0.41540832049306625,0.28827301878149336,-0.20334309656343555,-0.24940379516650704,-0.1112365061517604,-0.03596153935136986,0.24220908119213205,0.14766122054257647,0.1769115803014108,0.09000633915888154,-0.12615990412600583,-0.1934975036669952,0.021587843621741928,-0.07727573490285354,0.07468362044633231,0.001169736762957102,0.0024500617720956703,-0.2544117306829171,-0.13532947431252515,0.0825659249388063,-0.05599420684166447,0.1266924860145199,-0.14934503070096292,-0.044926590689302555,-0.3338307490849864,-0.40197485621214435,0.006119833238477306,-0.029360022580361564,-0.02235178167381557,0.20287344355140965,-0.1269900100408575,0.07153208678632407,0.2585118246135195,0.2660262728059338,0.13568252381811705,0.05757113045248639,-0.05738650823396586,-0.06651721058500719,0.26298949180305115,0.2664158765853681,-0.23019984545408273,-0.18664010697909003,-0.38893701097090927,-0.3744374574883049,-0.20666537107215074,-0.10346201363150516,0.1603275077851349,-0.10096197892808062,0.18373242271547358,-0.07285405590490336,0.10798872832771138,-0.07050856711873661,-0.21552168501321042,0.1078924841636706,0.13284748538985827,0.1491923356330136,0.18998921880277814,-0.1591073353785218,-0.15385555046571997,-0.031157659971219293,0.0013066996117843575,0.08962830318762523,-0.10315338450931671,-0.20387845472591234,0.2703942771739382,-0.15156604987113462,0.35578228459584393,-0.22811301285877558,0.251722909350028,-0.011869496615259326,-0.07473960863791372,-0.09997038641106437,-0.0533479550428703,-0.1408371391422239,0.16004525326559224,-0.006195718060124839,0.10828532692939473,0.018305362373158985,0.07243807752282329
#12,0.6776112013400148,0.2469208808191859,1.0,0.7084190507919321,0.20732612427527683,0.6528783020308444,0.28581740446147225,0.3737313584771212,-0.20794338251965372,0.3529292003868275,0.2091010887621057,0.43310799243002635,-0.11311696904917244,-0.05199267063673843,-0.2348436263690501,-0.07508109033532763,0.6138147392384681,0.8108131243724465,-0.4897587880638728,-0.4637506535811621,-0.3230939722465146,-0.15101403406488154,-0.011967591628608578,0.08237991458330442,0.08776125894769962,-0.021870098141284582,0.19903478208562955,0.2576197152468339,0.14034897763711324,0.16416940823720486,0.18993970858377637,-0.15475645136662086,0.11801616716870954,0.3058819991023381,0.1947884710596575,-0.441781535001874,-0.05076972195616263,-0.11040084768898328,0.10287621982537237,0.30990389464965734,0.22552876451181536,0.013769393430410379,-0.08608624032352846,-0.49557184302947016,-0.12953168885372277,-0.23181008435245723,0.052985651290736034,-0.0028243960447350276,0.06150557336998015,0.03682079614283004,-0.05723427587834368,0.2429225836005497,0.2511662664205037,0.44472022099140746,-0.10933846018591781,0.20868372224304427,-0.4966222000120305,-0.3258596038257055,0.09381770059736161,0.35273439849711036,-0.07937829971728277,0.20865549679109002,-0.07508201575998186,0.17771438618896246,0.16122146800112902,0.09039918192460565,-0.12291212630195682,0.015366676383625537,-0.24108746651119534,-0.4010582230921214,0.26351235673269574,0.03742556115437471,-0.03912602895653743,0.2173665190614343,-0.4405979168691033,-0.21182924064279995,-0.16082492353678796,0.15188208239055698,0.09326892377739836,0.17971006445582716,0.1081007047108742,-0.04483127194991602,0.050045577164221235,0.17525090575938035,-0.05400870824599638,0.17156031223827833,0.30501950332458805,-0.17152931051236137,0.07961104401782368,0.08118102694373881,-0.4146707570436384,0.20125209955718432,0.08826561538425945,0.2934012595029544,0.15690713826307046,-0.07418574198235216,0.5010818214208045,0.20702813753661212,0.532555051199119,0.12171694036100816,0.4135172152121305,0.5372103999222644,0.3079156197800266,0.3414618007838347,0.4189226206175359,0.3700736175312446,0.38746419763368917,-0.059815747951341175,0.07693749219172948,-0.16010633129277196,0.0746058847753763
#13,0.6796698084833678,0.17152468338909016,0.7084190507919321,1.0,0.04123877344216327,0.6413521379623075,0.22752721905264278,0.36300707487148165,-0.3109829397964991,0.4459477967952544,0.4261455600438651,0.5079618910127385,-0.1864138406511288,-0.09799136578797596,-0.06916531323310984,0.22066843422775625,0.5075584058634907,0.46253973542109134,-0.5259826853047193,-0.28303927964944914,-0.25163268044623976,-0.03225428818649158,-0.19440488254047575,0.09645932527288459,-0.13317138401884165,-0.10581166682861598,0.01623426199697386,0.09883303951100561,0.03393948648185936,0.09751014496777209,0.18985827121420343,-0.24207073020632341,0.13911677470999506,0.40926164993961606,0.2392870528463749,-0.42460148900826866,-0.034323075001041106,0.04961201571371063,0.12079799367934961,0.3521088114308453,0.3959336840692773,0.12895098488318826,-0.012636210941295687,-0.43207059139262527,0.0052106035156882615,-0.06041172142867058,-0.008516683092954279,0.008679095119773085,-0.013197943706418283,-0.01609544829883813,-0.06003461088206851,0.1632698954732853,0.07702864652017194,0.26799742731946125,-0.1481054243766108,0.16131817487749692,-0.4079341282731113,-0.19551585483788875,0.12165030978590301,0.20348376111087976,-0.04564795920728124,0.3696946561353341,-0.006572365894399793,0.315776176793126,0.04421864082881032,0.04828449404720591,0.06256611002373715,0.12190341342883716,-0.32514054886936244,-0.14189027239874696,0.0029918979071521445,-0.10833715071003207,-0.043365862009929805,0.1582929616827922,-0.28646844070572886,-0.1337053540443371,-0.17289014746641865,0.026715621630875867,0.11367361197869673,0.12491381982907407,0.28214022959785673,-0.25901433020077086,-0.12240453087910715,0.12677901321969118,-0.10857405942151704,0.30311359124918447,0.39567919228936177,-0.12363303210760838,0.0378466293720531,0.04041977262316245,-0.4630533461041936,0.44700694531203006,0.09130563537343199,0.3812175812175812,0.2332889129499299,-0.23391773900248478,0.2128453569131535,-0.02810699759852302,0.3360730530222056,-0.08955380650295905,0.27372117880592456,0.4920311683023547,0.028049158557633135,0.22198485079841013,0.17661914611067153,0.19242632462971446,0.33087124104073257,-0.051759463623870405,0.215399528958851,-0.192972325175715,0.01160436245182008
#17,0.18551710416117195,-0.03494588579334342,0.20732612427527683,0.04123877344216327,1.0,0.3703535584891517,0.011027822892229672,0.1304992203297288,-0.039187106983717156,-0.07170421577201239,-0.1389238236695864,0.13037660156304223,0.163626183965167,-0.12742773590231218,-0.20235798201899896,-0.4023441006491854,0.17823540026929857,0.24973648532970566,0.03955820227006668,-0.10748853630209562,-0.07189809223707529,-0.3450811366065603,0.05823789891586502,-0.09872569025111398,0.03473164998588727,-0.002604607689353452,0.1470657097775742,0.11082330404364303,0.04726652692754388,0.17799849155781358,0.31083533456414814,0.13063063063063063,0.07884710596575004,-0.04774265791214944,0.12517478958156925,0.03047701013802709,0.2191026157127852,-0.13651309244529583,-0.040630769444328765,0.07261946075505397,-0.3145740501672705,0.10464609447660295,-0.05970839869144954,-0.0479670733908022,-0.2567438008115974,-0.2974518432145551,0.0038719767533326854,-0.024920297801653734,-0.07972625938727633,-0.10231356163559553,0.06767537953978632,-0.07449298296755924,0.05573416251382353,0.07163758519690723,-0.13572555606453912,0.10088331783247037,-0.17428013529708444,-0.2405442422391575,0.017998584100279016,0.2557961659656575,-0.2203908068314848,-0.026890064178199773,-0.05978567165007843,-0.18216243978955843,0.3010998672015621,0.21904847837051228,-0.046721914518524685,-0.15881675203709103,-0.053095776824590386,-0.2519547282259147,0.04481924142941092,-0.07977345604464249,0.1317175418870334,0.09586982976813485,-0.12357010323112018,-0.05237394559428458,-0.0769379549040566,-0.08619821670669128,-0.13612163781655306,-0.029354007320109014,0.10700546463258327,0.028715464308684647,0.2484681908410722,0.4423552982875017,0.25526034509085355,0.2217618234567387,0.24290731409375477,-0.0538953437258522,0.17422368439317593,0.05301110046872759,-0.00799798257425376,-0.06371502473197388,0.010015408320493066,0.09276317920385717,0.11078721248212774,-0.05494523799608545,0.14373880814558782,0.15998741422470236,0.2373936340038035,0.1326619377466835,0.08414978923453499,0.4413414955787837,0.501021668818279,0.3751194954584785,0.10201603760925795,0.09409625341828731,-0.030757413808261264,-0.23933980205166647,-0.24962497165886996,-0.01172327951988969,0.0854865651475821
#18,0.49707426995562587,-0.030053165646385986,0.6528783020308444,0.6413521379623075,0.3703535584891517,1.0,0.11654242840683518,0.22588412757904283,-0.29501751366158147,0.16507817524766677,0.21393828342980886,0.5871597329224448,0.047153625119726816,-0.13397557804337465,-0.33089715293105126,-0.12129448400634842,0.41871856448127637,0.5938010429535854,-0.5048765252155083,-0.4542599610396221,-0.3762929339200526,-0.2983064728827441,-0.03968591087235155,0.010892248180383774,-0.01583725482030567,-0.12031168302354743,0.13625721252839898,0.13513097072419106,0.07102402865114729,0.3257281935248037,0.36629557138031715,-0.08964588625605575,0.26224359953173515,0.16112337298777976,0.4128060263653484,-0.3135167524998034,0.00032343591665625563,-0.09388386846013964,0.01158863023269803,0.17213268738692467,0.12946598370327184,0.028712225322394813,0.0007787448465414567,-0.38787554889249803,-0.1403313945686827,-0.2237473220524068,0.055400546925970656,-0.028360101241457172,-0.02620756349569909,0.06810894099029692,0.0020331579653613554,0.14398774737757788,0.1691865980001573,0.24116797845611404,-0.11328447091158955,0.13775825131757335,-0.35367370452116215,-0.21587057010785823,0.14389242863819135,0.47610784898920494,-0.18604181994012503,0.15837763803865498,0.07102865577441848,0.11253210066769388,0.1607661590712438,0.03523646913477422,-0.06738063178741145,-0.10569506332218197,-0.26998385133978353,-0.2635896296913246,0.12368161690195588,-0.008861403776658014,0.09154069323560848,0.27507692592438354,-0.26344850243155327,-0.08323870866243747,-0.02269002438493964,0.1318086962154759,-0.05626952067630034,0.17540637710129237,0.27903959429383157,-0.13173373681848258,0.09023260548684278,0.4525664339223661,0.051672936418699134,0.3593706186926526,0.3361517141178158,-0.2950114984013289,0.03979973810482285,0.1567285313048025,-0.41999981491506916,0.395730553357672,0.21242197513383954,0.3188069425357561,0.3666129920367209,-0.19157585937246954,0.2818107784209479,0.08718610752509058,0.3532928922759431,0.18085111305450288,0.2236048066556541,0.6658411878750862,0.2850169121355562,0.33392467968739153,0.238914569423044,0.27896093319822135,0.2415423127287534,-0.11458515526312137,-0.054469107011479896,-0.19305144898365237,-0.00947449761009083
#26,0.2286442066103083,0.3287187032949745,0.28581740446147225,0.22752721905264278,0.011027822892229672,0.11654242840683518,1.0,0.09085726712845357,-0.06857720586534145,0.29895334471605656,0.2770341990680974,0.21660720813263187,0.18046289741204996,0.49550567516669214,-0.026209877057334685,0.12060411721428671,0.2104202816067223,0.21916369373996492,-0.25247018975832536,-0.21489424709763694,-0.14256305612237816,-0.15475182424334966,-0.20193089854106802,-0.038685526821120045,-0.2088632546259665,-0.11965555694369254,-0.1864480813633356,-0.20299143519482502,0.2377304885779462,0.22220371372913747,-0.2051314797077509,0.18014223776935642,-0.21184080845097794,0.25321608202964135,-0.02088267003521241,0.11894297995992911,0.11195972551904755,0.29967239967239967,0.06645243085921052,0.24422326795208152,0.17442218798151002,-0.1317055113665283,0.28947792168131153,0.03030950827560997,0.40650434718231326,0.38404706709791453,-0.2529120800307241,-0.2013224318309064,0.020915985322764983,-0.14459482595075815,-0.12265300739877011,-0.029427115867793834,-0.06940499821855754,-0.019191456479592073,-0.11777601947093473,-0.21153819458904205,-0.21816654867502325,-0.19205476663103782,-0.28907906365533487,0.13308902122461444,-0.08409056205666375,0.2450047890725857,0.3190794800964292,0.4660767084495898,-0.09090076208720277,-0.0444069647459478,0.5318656098317115,0.5580287529440072,-0.1498725227538787,-0.038946959285942336,-0.034897763711323034,0.08822165771318313,-0.13937080377758343,-0.0838615194547398,-0.1725935488647353,-0.11472720794754693,-0.030842090164124064,-0.06853509904357362,0.5416973213583383,0.3583702346414211,0.326242266920233,-0.007063766385800284,0.12917632578649527,-0.15065126760042014,0.07628367967351019,-0.105869968581833,0.123720947449761,-0.09686188499747822,0.01150534201381659,0.16023403989505686,0.12959693129184655,0.34823683467751265,0.34138637867451427,-0.03943141909243604,-0.01661322339288441,-0.16702711956949245,0.113426060883688,-0.17053077731043834,-0.0016282846791321368,-0.10892433265314622,0.02483423330880958,0.028919057732617055,0.07052476205018578,-0.006055516225007751,-0.10275221292170444,-0.07771438618896247,0.02263681246732094,0.06588005571056418,0.01163490146540994,-0.022030196606467795,0.028151880694253575
#49,0.5882670035212408,0.2871231786486024,0.3737313584771212,0.36300707487148165,0.1304992203297288,0.22588412757904283,0.09085726712845357,1.0,0.2963256014103472,0.5257499410041783,0.30866336290065105,0.39681885275105616,-0.29151616948227116,0.12899401712961034,-0.08960007773567095,-0.0737535686688229,0.43828805693212475,0.296184936862903,-0.43482511787596534,-0.3563972292785852,-0.1394573309827547,-0.2586228755720281,-0.023483113313621788,-0.05870570107858243,0.053117061591637864,0.07624018471476099,0.0328044531434362,0.12800890258517378,-0.0064270742236843936,0.12289269238421781,-0.019935497901599597,-0.17613561172883208,-0.01658731150256574,0.18925674518894858,0.14052573374607272,-0.34435976808858165,-0.023914823914823916,-0.04562806257721512,0.23598883937866988,0.24189675037132663,0.16516423974051092,0.15672760588014825,-0.10521754420059505,-0.447667235802829,-0.10131734199530809,-0.31163305061610147,0.011996742505217081,-0.1725745776593234,-0.15933591526811866,-0.33092399024602415,-0.19917035679747544,-0.04535922671515892,-0.0031510709476811173,0.09991671178111856,-0.19408144662381951,0.22125746702017887,-0.24868011308689275,-0.3676249438961303,0.18865568187602086,-0.061214527316222234,0.18505855624499692,0.24942369179657314,-0.2621015468473096,0.1152884780003424,0.14337835524276202,-0.020008143736957296,-0.008391288052305,-0.14911552538671183,-0.08951678951678951,-0.25976022247208685,0.2434940333245418,-0.17090742514471327,0.19055419055419057,0.014005376717241124,-0.21258531258531257,-0.10290953511292494,0.039492959831942884,0.05913972524142016,-0.005503500418754656,-0.10672737452398469,-0.007861945150080743,-0.06977979520352402,0.00893590046132419,0.21115414335753319,-0.1897268609133016,0.460347404415201,0.42897180693790865,0.050220945136199374,0.014264032908100705,-0.033509626729965714,-0.4158118056423141,0.10188925443162732,-0.128747854171583,0.3286659540896829,0.08874914976609892,0.04256305612237816,0.12942248874452264,0.19635567771160992,0.31112175349463483,-0.023074538328775616,0.38268576743153015,0.19090353836116547,0.1654400162874739,0.15481197684587514,0.1830290999782525,0.24173896546777904,0.36593002864189306,0.09981722863078796,0.18717083801829565,-0.006496481072752259,0.0917734375361494
#50,-0.2036882799594664,0.2986419393199054,-0.20794338251965372,-0.3109829397964991,-0.039187106983717156,-0.29501751366158147,-0.06857720586534145,0.2963256014103472,1.0,0.3551733551733552,-0.006251706251706251,-0.19506887472989168,0.13125621769689566,0.22126718397904838,0.18268761828083863,-0.351093620585146,0.1276729734356853,-0.18533988533988535,0.04577890679585595,-0.08888518719027194,0.0696220102999764,-0.07831915120050713,0.1543557424913357,-0.08966763373543035,0.09147174909886774,0.06594668628566934,-0.08541253117524304,0.052066241896750375,-0.061839188957833024,-0.021631338580491124,-0.16304733084394102,-0.050722988011123606,-0.1131549114599962,-0.04798188018527002,-0.10453781979205708,-0.02509890475992171,-0.12386623912047641,-0.14842608401930435,0.10937825344605005,-0.18218418726893304,-0.06246755229806077,0.06451968146883401,-0.16582545565596413,-0.051055678174322244,-0.13449289042509383,-0.23314963653946705,-0.014246912551997297,0.02042134584507466,-0.14359768088581648,-0.3627275966259017,-0.1037706427536936,0.08183992929755642,-0.11553371553371554,-0.027095508451440656,0.0691472674523522,0.03399316111180518,-0.01663913528320308,-0.26772303890947957,0.20872582906481213,-0.2889985517104161,0.24574975591924744,-0.010263422127828907,-0.26144218178116485,-0.22393795953117987,0.12504014029437757,0.03588426639274097,-0.1085125186820102,-0.19268312997126558,0.27859770402143286,0.0203908068314848,0.32179467603196416,0.056342629223985155,-0.006579306579306579,-0.2577825899859798,-0.05727915897407423,-0.15661424136000407,0.07108418125367277,0.006150834964394287,-0.08083121642443676,-0.2963084810542438,-0.1751315259789836,0.27976605264740856,0.06029187893594673,-0.0649115988099039,-0.14303502269603965,0.15945714589782387,-0.08371206337308032,0.2403309318563556,0.09639038113614384,-0.12388197133959845,0.042251188013899876,-0.3014117353100404,-0.2272565323412781,-0.003241299851469343,-0.23670049093777906,0.28854925804078346,-0.04584091024768991,0.2873582365107789,0.08148410351800182,0.056952946783455256,0.2115469861232573,-0.29651855245075587,-0.15815183442302086,-0.1103939070040765,-0.010043633772447332,-0.01632310276378073,0.10702351041334092,0.17226687396178922,0.08848262746567831,0.15317721419416336,0.1684596769342532
#51,0.5324324324324324,0.5444004867733682,0.3529292003868275,0.4459477967952544,-0.07170421577201239,0.16507817524766677,0.29895334471605656,0.5257499410041783,0.3551733551733552,1.0,0.6022918141562209,0.24240156952021358,-0.05124400209145972,0.33188782002341327,-0.010123683005038938,-0.05095943401028147,0.6610280542483933,0.2702253871745397,-0.3293220801695378,-0.26326619377466837,-0.26840692772896163,-0.23269108862329202,-0.19578052628900086,0.11582291073816497,-0.2332454179911807,-0.020896088692698864,0.021734986141765802,0.17453277622769148,-0.03845509608221473,0.0037382528907952636,-0.004461009545755308,-0.20001110509585085,-0.11778157201886015,0.457336535302637,-0.03315518908739248,-0.3711591406506661,-0.07906087906087907,-0.020267725352471115,0.2930250743810066,0.26018545510070934,0.3166807793926438,0.1277770837092871,-0.11652438262607755,-0.3371377540869066,0.06007023973125668,-0.1157410106562649,0.0938778531998871,0.09828657625267795,0.02953215156604987,-0.25043980806692673,-0.027916822832077068,0.2117987016292101,-0.0450149687437823,0.22108163633587363,-0.1664061596264986,0.009277382158738091,-0.47160195634771906,-0.47872448719906346,0.10645067255236747,-0.06444379664718648,0.08107876751944548,0.3845486472605117,-0.1798396239074205,0.21718837481549347,0.24869260631972495,0.14984892442519562,0.10608142811532642,0.1442376120342222,-0.20120212662585543,-0.1457224558919474,0.222435069892697,0.01406969373071068,-0.2689547791242706,-0.11357042712974916,-0.4477727342134122,-0.2509673001198425,-0.1825538944183012,0.025845259743564827,0.22578603256569357,-0.054172508409796545,0.12347015736846245,-0.05066792524419643,0.013544977951757613,-0.12847763017254543,-0.34507974846957895,0.16876738063178742,0.20833344901141512,0.15588917114340844,0.036851335156419904,-0.19338506457150526,-0.2785727175557684,0.12909905282786638,-0.0373066440863051,0.17816738155721207,-0.15055270987474378,-0.04526529611275374,0.14814938204768713,0.12792052453069402,0.33825705520620775,-0.20685647126325094,0.4000680187120865,0.21057436481165295,-0.08572717555768403,0.11254551932518034,0.05403045572537098,0.0793306403475895,0.36694753304922795,0.10350134417931028,0.39923930093421617,-0.07375264324416866,0.07117764914375084
#52,0.48357695137356155,0.36713493154171123,0.2091010887621057,0.4261455600438651,-0.1389238236695864,0.21393828342980886,0.2770341990680974,0.30866336290065105,-0.006251706251706251,0.6022918141562209,1.0,0.3006130938334328,0.08918132307962816,0.2947546930597778,-0.07910113503333842,0.23991263991263992,0.35703716042699096,0.13151765016171796,-0.36014010929265167,-0.060623180962164014,-0.2431622685859974,-0.08535145314806332,-0.28755211297584177,-0.08710004303224642,-0.3796864661271441,-0.13338469440164355,-0.2548471429827362,-0.09112564027818265,0.044495342800427544,-0.0007778194218872185,-0.0348413128074145,-0.2219626406067084,0.06375481799210612,0.2957060296043347,0.09791548096632842,-0.2518501552399858,0.09475145407348798,0.13122614139563293,0.39637418620469467,0.2208414886380988,0.32061938672108165,0.2196162263958874,0.07086115391200137,-0.2946283725944743,0.3064900031001726,0.04273564782039358,-0.09519149349657824,-0.11203468491604085,-0.07515188532137684,-0.14415941365093907,-0.08510945460098003,0.02860487606250318,-0.10368041384990538,0.04420892386994082,-0.23970118037914648,0.011833405053744037,-0.271811565031904,-0.07699810750658208,-0.050052517849128016,-0.06960072553292893,-0.10582092107515836,0.31781349916943136,0.07884941952738563,0.3383181332333875,-0.005509978391334324,0.004304150066861931,0.30626327405988424,0.3088813004067241,-0.1375606731538935,0.14282726486116318,0.12271269728896847,0.05279455109963584,-0.19537796656440723,-0.041450695687983825,-0.14454115132081233,-0.04250984420475946,-0.01912482590448692,0.00799844528658088,0.23034236085083543,0.021458284170148577,0.26569543349204366,-0.17888134667795685,-0.04497795175761277,-0.10977526062271825,-0.27022677531152106,0.14731094731094732,0.14753998991287126,-0.05691639250961285,-0.046280949670780176,-0.1381302720285771,-0.2521495301156318,0.47792908470874573,0.12730141543700865,0.08440289287746915,0.006883308578223833,-0.25329381770059733,-0.06038257055206208,-0.2611192085768357,0.059533956144125634,-0.3048469116265726,0.1006783362715566,0.17011387350370402,-0.2186181559062915,-0.007828629862528167,-0.10429443310799243,-0.13228297635077296,0.09806354891100653,0.05452555791538843,0.2123585835450242,-0.14656875673824826,-0.039725704132483795
#53,0.4080169537796656,0.07011664977766673,0.43310799243002635,0.5079618910127385,0.13037660156304223,0.5871597329224448,0.21660720813263187,0.39681885275105616,-0.19506887472989168,0.24240156952021358,0.3006130938334328,1.0,0.03350499960669452,0.12173082173082173,-0.18337382066195626,0.04486088553885164,0.31686586432349145,0.301573221912205,-0.5599221717865785,-0.4025814720729975,-0.31412984633323615,-0.24840202297829417,-0.07358791765571426,-0.03481123650615176,-0.024815262103397698,-0.07772873027110315,-0.19117792677114712,-0.061449585178398734,0.09262020109477737,0.38064520606893487,0.007586168603117755,-0.1314195551483687,0.15480642429794972,0.1162375009832637,0.5440178236788407,-0.2621820587922283,0.04883974883974884,0.030280357399001468,0.22384819333971875,0.15745360152139812,0.23174484191433345,0.08308138647121698,0.04134380914041931,-0.36689663469324485,0.10710355964593253,-0.10091431955838735,-0.01632772988705192,-0.18958110653025909,-0.18926368587385536,-0.1894483080923759,-0.14288325305274457,-0.02540892201909151,0.028576650610548916,0.17401129943502824,-0.10259072631953987,0.23103874290314969,-0.22099418370604812,-0.04752240684444074,0.19063932962238048,0.3544140442445527,-0.016210200955963667,0.2646589578792969,0.045453620029891215,0.14372492677577423,-0.08279589296538449,-0.21399936145698858,0.1622602571755114,0.022143098414284856,-0.2781609035846324,-0.15605759843047978,0.02609327355090067,-0.04188980968641986,0.1961784588903233,0.13640250419911437,-0.10015593405423914,0.013920700361378328,0.136785630005969,0.19576988390547712,0.04234789489026777,0.02327535547874531,0.1526261238125645,-0.11766358037544478,-0.0020567562940444297,0.4382024551516077,0.05295141057852922,0.4590902150224184,0.43903163564180514,-0.16165502945163962,-0.012777338201067015,0.07382343823021789,-0.38156276461361205,0.5746808441723696,0.24360230800908766,0.3729280898772424,0.3354099862574439,-0.19592304168575356,-0.030826357945002013,-0.004937603242687988,0.22342619969738614,0.16490095642638017,0.19842677808779505,0.38334698334698336,0.13681061647163342,0.18416320789202145,0.14810125996566675,0.16680686850178375,0.2203685966397831,0.04138822952382274,0.06204000610780272,-0.09084477389562136,0.03442579713766154
#54,-0.25499891262603125,0.07787402194181856,-0.11311696904917244,-0.1864138406511288,0.163626183965167,0.047153625119726816,0.18046289741204996,-0.29151616948227116,0.13125621769689566,-0.05124400209145972,0.08918132307962816,0.03350499960669452,1.0,0.05143926669350398,-0.13053207290495425,-0.3200257268053878,-0.012982782474307899,-0.05868025190059088,0.051643322829763506,-0.08401606537199757,-0.11976660790220112,-0.17662469865859695,-0.12608864642762949,-0.32611224475631256,-0.20466969280528602,-0.3612700527954765,-0.12750500886094107,-0.07486963080183419,0.2838592058931042,0.08330395110056127,-0.0971737531059565,-0.05277419175724261,0.008467172873952536,-0.09508784593530356,0.08619173873411161,0.19803439803439804,0.0853607073946057,0.0543506526557374,-0.06093273550900669,-0.12495176223989783,-0.11880601711110186,-0.0410069545662766,0.21181906097160336,0.08184363099617337,0.15497022446174988,0.0008305686271787967,-0.062014556929811164,0.007281241179546264,0.050857637298315266,-0.08654756451366621,0.13951424459899037,0.042423316999588186,0.0671349315417112,0.038501367314926635,0.09098728929237404,-0.07549429244344498,-0.08103573527302341,-0.19169894085148323,-0.16411527089493191,-0.0423534474381932,-0.24661410254630595,-0.06746808441723696,0.17199156012715336,-0.09629136069814036,0.2033444847004169,0.1509099237912797,0.15507572287233304,0.05649763785357006,0.1323061119671289,0.10059782432663789,0.23507313168330118,0.3064090284429267,-0.05887042666703684,0.013865174882124034,0.002752212921704447,-0.02055969683088327,0.03751162564721887,-0.07035864832475001,0.06301355284406132,0.054389057778888285,0.1948463101005474,0.06069906578381155,0.2571361808649944,-0.05140502598129717,0.06513832785019226,0.12213106789377975,-0.11385823419721725,0.09078184501913315,-0.13675138929376218,0.1075727499456313,0.2854953566817974,0.16729132830827745,0.24992758552080585,-0.14106433089483936,-0.12183585742907777,-0.16682167529625155,-0.0035656611927798367,-0.14865188763493847,-0.0782941647348427,0.09451176908804028,-0.10103369933878409,0.10891600383125807,-0.22490410287020457,-0.12039265768079327,-0.304455919710157,-0.23410467478264088,-0.34288464118972595,-0.10045114451894113,-0.20290907240059783,-0.08255343170597408,-0.06722099603455535
#58,0.08127449483381687,0.3818621394892581,-0.05199267063673843,-0.09799136578797596,-0.12742773590231218,-0.13397557804337465,0.49550567516669214,0.12899401712961034,0.22126718397904838,0.33188782002341327,0.2947546930597778,0.12173082173082173,0.05143926669350398,1.0,0.02255398696076662,0.1341194815771087,-0.02009883535307264,-0.003189013358504884,-0.1774779401898046,-0.0160075329566855,-0.33600040718684787,-0.16025162296348738,-0.11955144667009074,0.11305265203570289,-0.19759343318665354,0.12346182854657431,-0.26352299911621946,-0.0812513592174609,0.06389224355326051,0.14502283485334333,-0.2924277127666958,0.19211306838425482,-0.34522920455123846,0.07878186352762624,-0.017950924730585748,0.12332255213611146,0.08920677225761972,0.20760097539758557,0.3337756863180592,0.0382825043841993,0.13158566887380446,0.13498706719045703,0.1381395262751195,0.07921727582744532,0.36194144838212633,0.2577358560409408,-0.07133126963635439,-0.1079845639167673,-0.07870135158270751,-0.309548994294757,-0.2839989450158942,-0.11643970627021474,-0.36538125182192976,-0.07724519588926368,-0.19423784339038577,-0.07469611367916452,-0.21913037845241234,-0.009542979034504458,-0.20033500372483423,0.08045549401481605,0.08704729382695485,0.16258045410587785,0.19694285965472405,0.29884923444245476,-0.06898300457622492,-0.10066815660035999,0.509716033444847,0.45280704433246804,0.0959341467816044,0.1371173947445134,0.13683837921126057,0.05519695350203825,-0.04055025749941004,-0.06972426972426972,-0.026059032838693857,-0.017030589911945844,0.1312816668748872,0.07307430697261205,0.2850793782997173,0.03823623315148739,0.07690047520555995,0.17422368439317593,0.0773812333134367,0.010188000018508492,-0.0901678257610461,-0.09282842164198096,0.02617193464651092,0.013526932170999968,0.14240619664348478,0.10251761777185506,0.09567040075514652,0.15870570107858242,0.19792566063752504,-0.16699287885728564,-0.08842941554805962,-0.1431507007778194,-0.08323778323778323,-0.12357658120369985,-0.039688687146314267,-0.11164924554755064,0.07809103402323742,-0.2763424441390543,0.03803495328919058,-0.18087332324620461,-0.07252645557730303,-0.06683648209071938,0.058060217382251283,0.13589537148859182,0.059755132636488566,0.03832322306898578,0.01110093143991449
#101,-0.24795643100727846,-0.14223638121943208,-0.2348436263690501,-0.06916531323310984,-0.20235798201899896,-0.33089715293105126,-0.026209877057334685,-0.08960007773567095,0.18268761828083863,-0.010123683005038938,-0.07910113503333842,-0.18337382066195626,-0.13053207290495425,0.02255398696076662,1.0,0.36012946690912795,0.05686549415362974,-0.3041653363687262,0.34896375574341676,0.12762901576460897,0.5274203325050782,0.08514369531318684,0.3218344692920964,0.056290805443347816,0.2512435393791326,0.15826381080618368,-0.19364881059796313,-0.4992647501122077,0.052436874470772776,-0.2564370225387175,-0.10294562667444024,0.09531781396188176,-0.05597477292392546,-0.0668369448030465,-0.1218511269358727,0.14950420374149187,0.2554569978298792,0.10169584067889152,0.20432219584761957,-0.04656783131359402,-0.029338737813314083,-0.13377938801667616,0.1524035591832202,0.13562052036628308,0.17114155758223554,0.16636405280473077,-0.36012530249818386,-0.2891517094906925,-0.2374709069624324,-0.26866465849516696,-0.07153532577261391,-0.10305991661923865,0.023628404984337187,-0.15255532882651526,0.22483377059648246,-0.046797799340172225,0.18802084056321344,0.032839619280297244,-0.014469477181341587,-0.27754457076490974,-0.03159677396965532,-0.08469764062984401,0.044241313732839155,0.17119060508891018,-0.43956282939333785,-0.21761221930713456,0.1294844921963566,0.2622792283809233,0.1727286608642541,0.2301359911529403,-0.28771128601637075,-0.19951554019350629,-0.1854504735860668,-0.3728554440418847,0.13505092149159945,-0.14431349685586975,-0.10969937580107071,-0.2156785444921038,0.2744939083922135,0.0034828356862255166,-0.04209525395966074,-0.06987465123058344,-0.02518682010207434,-0.16124691717912057,0.05775020012308148,-0.2302886862208896,-0.12243321904338854,0.03864203186237085,-0.11177556601285416,-0.22365107788836602,0.05344512463156531,-0.10892479536547334,-0.20233345826566165,-0.19374366662502257,-0.2020049325134071,0.46322038525428355,-0.10650619803162176,0.05376347071262325,-0.21185839151940847,-0.17227335193436888,-0.11287589592674338,-0.25967323255458846,-0.04206471494607088,-0.1719272431136838,-0.17907337229371129,-0.1966143339024695,-0.10289287746914866,0.0224929089335869,0.141474756728994,0.02280338890508382,0.07484695789780535
#102,0.08690477843020215,-0.14831410763614153,-0.07508109033532763,0.22066843422775625,-0.4023441006491854,-0.12129448400634842,0.12060411721428671,-0.0737535686688229,-0.351093620585146,-0.05095943401028147,0.23991263991263992,0.04486088553885164,-0.3200257268053878,0.1341194815771087,0.36012946690912795,1.0,-0.13403896963218997,-0.16234909794231828,-0.03402046113910521,0.34932235779693405,0.06356094152704322,0.42809126537940095,-0.10633915888153177,0.2618822212042551,-0.10103323662645697,0.14456752592345812,-0.3861454675013997,-0.4715177427041834,-0.03830795356219085,-0.16542798576696882,0.015704456382422485,0.11473276049547236,-0.05341180934401273,0.13518094365551991,0.017858382265161926,0.04145578552358213,0.08859969368443944,0.3632745225965565,0.0779115016403152,0.2517992568840026,0.17678942424705135,-0.02421281065348862,0.003766478342749529,0.01908503264435468,0.246404493862121,0.33216359657037625,-0.3444240851020512,-0.2910372622237029,-0.1965009693823253,0.008382959230416858,-0.1660475575729813,-0.16194006024514498,-0.271978604181994,-0.140553959198027,-0.11130545028850114,-0.008235353998065862,0.09736624143403805,0.43714053036086936,-0.16271186440677965,-0.06001332611502103,-0.03137606018961951,0.08612742172064206,0.272941971247056,0.5107076259618633,-0.45777472387641877,-0.20359249850775274,0.30092588736656534,0.42445666004988036,0.10411952784834141,0.4377781479476395,-0.2530407140576632,-0.21153773187671493,0.07363650245006177,-0.03550345414752194,0.326848420068759,0.2880356473576813,0.10575845491099728,-0.000871287311965278,0.24525419101690288,0.25209169107474194,0.14353428929700116,-0.25069707612080494,-0.12149668929329946,-0.10223212426602257,0.07589222504476742,-0.16807146129180028,0.04253390524576965,-0.18753360448275702,-0.2065968896477371,-0.06859247537213639,-0.17238579102985882,0.25073131683301175,0.039152866271510336,-0.1330954991971941,-0.02574022404530879,-0.04312062447655668,-0.19203764627493441,-0.29495504749742035,-0.39980751167191847,-0.38041338719304824,-0.33907975772382554,-0.14990953974004823,-0.11305218932337577,-0.21627544339408747,-0.23992235687150942,-0.23823854671312297,-0.18579565698209766,0.08935854190091479,0.24313681940800586,-0.19936654682417393,-0.2342360850835427
#201,0.5591994151316185,0.2372289084153491,0.6138147392384681,0.5075584058634907,0.17823540026929857,0.41871856448127637,0.2104202816067223,0.43828805693212475,0.1276729734356853,0.6610280542483933,0.35703716042699096,0.31686586432349145,-0.012982782474307899,-0.02009883535307264,0.05686549415362974,-0.13403896963218997,1.0,0.5921001124390954,-0.34699537750385206,-0.4646631222902409,-0.16106784750852549,-0.317380863143575,0.053999453999454,0.05965009693823253,0.06409444884021155,0.007913306218390963,0.18001869357801561,0.1916355492626679,0.09086235696405189,-0.04441205458154611,0.29730007357126004,-0.23293169903339395,0.20107673158520617,0.3183955912769472,0.051695146610400845,-0.4539369878352929,-0.0009596653664450275,-0.15403647098562354,0.1680524900863884,0.19870116649777667,0.11711711711711711,0.003704474890915569,-0.09222411934276341,-0.3995567215906199,-0.0563292105664987,-0.25917396595362696,0.03845093167127065,0.018699593275864464,0.12629686697483308,-0.03796184474150576,0.12327304191710971,0.30959850451375875,0.2742690302012336,0.38596963681709445,-0.03659406710254168,0.13917646460019342,-0.40210025125279364,-0.4807812434931079,0.1050856711873661,0.1263801551937145,-0.1476737137754087,0.1826052554866114,-0.1680048307166951,0.18014084963237506,0.10061170569645146,0.10091894668165854,-0.11725546810292573,-0.01582198531351074,-0.2175525294169362,-0.3451139891817858,0.2121300036554274,-0.029234627539712284,-0.19633994549248787,0.0028651147295215094,-0.5156438410675699,-0.2098025606500183,-0.23280584128041756,0.030810163013552844,0.21760759218386336,0.05972829532151566,0.08914523151811288,-0.0963917692731252,0.07553547384055859,0.058640458640458644,-0.2517955551853857,0.14814059051347186,0.18488041199905605,-0.012346090312192007,-0.029789419619928096,-0.1138499053753291,-0.33859899961594875,0.16830837000328525,-0.029769060277534853,0.1674981607184997,-0.09095073501853163,0.1507836033259762,0.3733223207799479,0.3982537236774525,0.4861653641314658,0.05404757608147439,0.49285942336789795,0.588648278478787,0.11873753568668823,0.40315708620793367,0.23755558331829518,0.3162523077777315,0.3762859932351458,-0.046277710684490346,0.22960479740140757,-0.20588662622560927,0.02539272708764234
