,#10,#11,#12,#13,#17,#18,#26,#49,#50,#51,#52,#53,#54,#58,#101,#102,#201,#202,#301,#302,#401,#402,#501,#502,#601,#602,#701,#702,#801,#802,#901,#902,#1001,#1002,#1101,#1102,#1201,#1202,#1301,#1302,#1401,#1402,#1501,#1502,#1601,#1602,#1701,#1702,#1801,#1802,#1901,#1902,#2001,#2002,#2101,#2102,#2201,#2202,#2301,#2302,#2401,#2402,#2501,#2502,#2601,#2602,#2701,#2702,#2801,#2802,#2901,#2902,#3001,#3002,#3101,#3102,#3201,#3202,#3301,#3302,#3401,#3402,#3455,#3501,#3502,#3601,#3602,#3701,#3702,#3801,#3802,#3901,#3902,#4001,#4002,#4101,#4102,#4201,#4202,#4301,#4302,#4401,#4402,#4501,#4502,#4601,#4602,#4701,#4702,#4801,#4802
#10,1.0,0.35157391598069565,0.5479309818292869,0.539264379942346,0.34673625860066537,0.2507683338191813,0.2911881064423437,0.6542803203820153,0.07512782428036666,0.3677665338682288,0.3788179550891415,0.10879708676318846,0.3430128125043379,0.2803351888097651,-0.1816816816816817,-0.12112559400694994,0.3401037401037401,0.3032528676596473,-0.26366551451297215,-0.19689196129874095,-0.30769814498628056,-0.07420425047543691,0.08394110597500427,0.012177663025120652,0.014654562112189231,0.045091778990084076,-0.056956185769745094,0.14008708245996382,0.05143047515928872,0.14179819264565027,-0.033757640537301556,-0.05792279182109691,0.22215929334573403,0.09267850284799438,-0.10256065001827713,-0.03284794810218539,-0.052972232633249586,0.1834571088808377,0.07036882799594664,0.04067056270446101,-0.031388090710124605,0.1780225525988238,-0.04490900762087203,-0.08453291504138961,-0.2650471735217498,0.00477611664052342,0.07378225683310428,-0.00041366482044448145,-0.2679109001142899,-0.15623157826547657,0.060073941429873635,-0.04047113369147268,0.00938704498026532,0.06348922111633976,0.0896278404752981,-0.07199942623671438,-0.1480179717467853,-0.2562685952516461,-0.06386725708759607,-0.15660915152440577,0.15464678854509362,-0.009691972403836811,-0.10176802380192211,0.02105248545926512,0.10939352295284499,-0.04204805730229459,0.22470421114488912,0.27421026573568946,-0.19171559849525951,-0.25160861940522955,0.03696099797794713,-0.0026832687849637003,-0.12731390866984088,0.08149659675083404,-0.10270455355201118,-0.057977854588024076,-0.10807525553288265,-0.16009198721063128,-0.13405470185131202,-0.08423955542599611,-0.031968331968331966,0.09243002632833142,,0.0541132812319253,-0.13473627710915848,0.04795272930866151,-0.22352522013538964,-0.038378285835912955,0.04418347469194927,-0.06409491155253867,-0.07738447229972653,-0.03156623495606546,-0.11644803509210289,0.027281056094615418,0.015257013562098309,0.04798002933596154,-0.017642295608397304,0.3145263907975772,0.20725162759061064,-0.034646973630024475,0.17298546620580518,0.3882526594391001,0.17888180939028397,0.36334624300726,0.30432682297089075,0.1803018735222125,0.29952340630306734,0.0594918493223578,0.08050407880916355,0.16753147600605228,0.18965143880398116
#11,0.35157391598069565,1.0,0.4374389798118612,0.25049718439548946,0.16475288848170205,-0.013916535950434256,0.20810394369716403,0.07339774288926831,0.27747423849118763,0.33812888389159573,0.30942452467876197,0.05557406404864032,-0.08312395600531194,-0.05709268590624523,0.16514711938440751,0.11333120485662859,0.2812573744777135,0.4105651105651106,-0.03862352336928608,-0.08155906291499512,0.018592244015972828,-0.1400625587066265,0.3938394480767362,-0.16856748890647197,0.3409444884021155,-0.20728355474118185,0.15204773340366562,0.014916920001665765,-0.16375990782770444,-0.20598796022524837,0.03159446040801973,-0.16887195361771634,0.25456581388784777,0.064589551030229,-0.22561390358000527,-0.23847175372599103,-0.12494343341800969,-0.013570427129749164,0.12141895362234345,-0.14170472475557222,-0.06339158881531763,-0.1345188023154125,-0.16045660452440114,-0.18761920626327405,-0.20914874813179898,-0.17610461000291508,-0.11865378475547968,-0.08672246977331723,-0.1892646112985096,0.00814327424496916,0.09545616494769037,-0.04471790742977184,-0.00429443310799243,-0.025587528977359487,0.0983120254306695,0.043354756914078946,-0.14328627548966533,-0.32566341379900704,-0.164422511880139,-0.22011919469546587,0.009753513143343651,-0.15145222263866331,-0.3182077300721369,0.04317985165442793,0.14705367925706908,0.16432626771609823,-0.09439238930764354,-0.07461745258355428,-0.0012988335022233327,0.06175451260197023,0.27985720697585104,0.2571116571116571,-0.035317906504347185,0.0516262024736601,-0.0800038867835478,-0.14292582258683953,-0.048079975198619264,-0.11444402800335003,0.1388997626285762,0.07719892465655177,-0.12178264551145906,-0.19915184830439067,,-0.23637335332250586,-0.17175418870334125,-0.09621917757510978,-0.27548550090922974,-0.1428786259294734,-0.16682907869348548,-0.17874993637705502,-0.27418898096864197,-0.25446309175122733,-0.278691634623838,-0.19883859205893104,-0.0876784334411453,0.27760240980579964,-0.023071299342485783,0.07583068430526058,0.3699250868742394,-0.02538347284109996,0.18473882202695763,0.18144292212088822,-0.1031774455503269,0.12607013793454472,0.28231235858354503,0.08851964445184785,0.31006399311484056,-0.01440053304460084,0.04170565018022645,-0.01964445184784168,-0.10531471378929005
#12,0.5479309818292869,0.4374389798118612,1.0,0.6113082265624639,0.24956666990565296,0.2011868571190605,0.4025606500182771,0.2418643605084283,-0.07873512958258722,0.4886880717389192,0.4149627285220506,0.1449807280315755,0.2076472466302975,0.08834520190452394,-0.027627164915300508,0.07061637909095536,0.6600434024162838,0.720278830448322,-0.3503107113276605,-0.24553968452273536,-0.18578547731090103,-0.24405113896639322,0.23543774899707104,-0.18114539809455063,0.012355807271061508,-0.19601974856212145,0.13722566942905925,0.046277710684490346,-0.23695359458071322,-0.10857591027082553,0.07748811986100122,-0.08868853445124632,0.36036915189457563,-0.041449770263329584,-0.3260960498248634,-0.24505892641485863,-0.22262524465914296,-0.05900183696793866,-0.07682782937020226,-0.1843779064118047,-0.044701712498322665,-0.14990398719212278,-0.17287487795962372,-0.43555250165419657,-0.31552399857484603,-0.16206730613510276,0.07770883364103703,0.06907184534303179,-0.07045304163948232,-0.001264592790016519,0.2800455308929885,0.23281509552695995,0.19070457206050426,0.3107552853315565,0.3346252261506499,-0.0003780359712563102,-0.21057621566096144,-0.48965097609165403,-0.2314195551483687,-0.2708468098298607,0.17202256185307033,0.02380747465493228,-0.40256620256620257,0.11267970590004488,0.36963311539582727,0.013244214939130193,-0.0914439863592406,0.18392629918053646,-0.3951202357982019,-0.1904389751847379,0.2100746354983643,0.12930866151205134,-0.10795078591688761,0.18941638094180466,-0.03769948685202922,-0.04731511172189138,0.14472207184071592,0.1209090446378582,0.06450302382505772,-0.05750033546643716,-0.05640139368952928,0.04025782330867077,,-0.13228112550146448,-0.20572606504809896,0.10327970497462023,-0.16307740714520375,-0.08498405956033074,-0.07890309415733145,-0.16443361697598985,-0.26767861852607616,-0.2354178523670049,-0.20747372950762782,-0.06788915263491535,-0.194728318457132,0.38240767732293157,-0.06817695970238342,0.515275059342856,0.4510746493797341,-0.009443958596500969,0.5323708916929256,0.5295936923055568,0.2825006825006825,0.5189656528639579,0.5412137869764988,0.2548767565716718,0.4624365505721438,0.06379692481387397,0.1349523637659231,0.13570427129749163,-0.20327554056367617
#13,0.539264379942346,0.25049718439548946,0.6113082265624639,1.0,0.401942466349246,0.32314857230111466,0.14265698672478333,0.24976563620631417,-0.19543950730391407,0.32742264606671384,0.21518020331579654,0.23049505591878472,0.16298486467977993,0.19688918502477826,-0.2308966902187241,-0.14055812360897108,0.3291564291564292,0.3288306796781373,-0.22804453143436193,-0.12829161981704354,-0.36386355538897913,0.008274221833543868,-0.05224253529338275,0.07624111013941523,-0.1093310567886839,0.12343406580694716,0.018708847522406844,0.2825839707195639,0.0963889929991625,0.1445740038960378,0.002109968211663127,-0.001490859117977762,0.26796966457983407,0.010269900100408576,-0.05131525978983606,0.057098238454170655,-0.004812670914365829,0.052080123266563944,0.12730835612191543,0.008798474900169816,0.1008139109834025,0.12053517307754597,0.06581064886149632,-0.1302016963033912,-0.21672566248837435,-0.09382279043295992,0.2903862259794463,0.1950619340449849,-0.023918988325767988,-0.12139211630737054,0.19652132872471856,-0.03450630908258027,0.046595594053221175,0.18293702022515582,0.13206874054331683,0.08721664653868044,-0.23734504920945598,-0.25266082723709843,-0.05347520093282805,-0.10097493487323995,0.0722011688113383,-0.07936025393652513,-0.118383098044115,-0.030731501917942595,0.4064900031001726,0.08587431807770791,0.11941957365686179,0.11526487967165933,-0.2884201613015172,-0.060967438933540626,-0.06821536482553432,0.0210011243909549,-0.20071257698376344,0.02405224947597829,-0.18529592766880904,-0.22509427763665052,-0.0020512037461190005,0.05714867409782664,-0.15447234599776974,-0.09337858659892558,-0.0061832248272926235,0.20144736415922856,,-0.02196865586696095,0.002283485334332792,0.050214004451292586,-0.18252196726772998,0.041809297741501134,0.09522342064714946,0.06631916970900022,0.011781581273106696,-0.044211700143903535,-0.10688886112614926,0.047650578159052735,-0.08528713613459377,-0.06080178792043199,0.010037618512194783,0.555549540295303,0.28089090631463515,0.24409602206212375,0.4289445069106086,0.4345308328359176,0.24275184275184275,0.45678637034569236,0.43290810070471086,0.39480744226506936,0.3298944553181841,-0.03652003313020262,-0.07273004900123545,0.1402758690894284,0.04051971848582018
#17,0.34673625860066537,0.16475288848170205,0.24956666990565296,0.401942466349246,1.0,0.40539707658351726,-0.02596417681163444,0.16689339570695502,-0.07202209914074321,0.10262774330570941,0.20867030358555783,0.443592128337891,0.10611289255357052,0.28171083255829016,-0.29632282513638447,-0.24300587181943115,0.04217530319225234,0.09521694267456979,-0.15310179208484292,-0.05781636798585951,-0.3718356260729142,0.1482891211704771,-0.10666305751051514,0.28442278950753525,-0.1648051749746665,0.34748585257059833,-0.10643170134695558,0.29523822744161726,0.2301790233993624,0.38064428064428063,0.09207188698714122,0.34714668443482005,0.13764488679742917,0.059830092033481864,0.10500747280408297,0.3496129411383649,0.04923212889314584,-0.03411392902918327,0.13610266661114118,0.19094564518293333,-0.00045993605315639214,0.2643975254144746,0.3203223254070712,0.04719665736614889,-0.08111023195768959,-0.04986835834293461,0.20337872541262372,0.18082011132858591,-0.06862347709805337,-0.1472304353660286,-0.07465030515877974,-0.07112998977405757,-0.025661100237371424,0.003118218372455661,-0.0946843607860557,0.0030182725097979337,-0.26248328451718284,-0.054194718601498264,0.0712688034721933,0.08133464743634235,0.1294312802787379,0.08639116774709996,0.14665528394341953,0.06322963950082594,0.11676638117316084,-0.06610123220292712,0.283147554333995,0.05072576428508632,-0.22573605963436472,-0.04344267225623158,-0.3670502551858484,-0.1084685610109339,-0.25626813253931896,-0.02075634956990889,-0.2908794773201553,-0.17370452116214827,-0.1293294835667717,0.021445790937316363,-0.026425501001772187,0.16197059925873486,0.10086897375032969,0.3642092014973371,,0.22111448891109908,0.3477930935558054,0.26053248934604867,-0.02306250780827052,0.23242271547356294,0.26965023575193064,0.3740904232429656,0.36273314917382715,0.28671830536237314,0.3230814790136824,0.06472697659138336,0.018268808099316573,-0.302750362072396,0.1302035471526997,0.24350698926970113,0.015503639232452791,0.052477130443232135,0.10900253103642935,0.23604436485792418,0.3506693133811778,0.08128606264199485,0.0823725111860705,0.01912528861681404,0.03569224077698654,-0.05661794305862102,0.21570445638242247,0.10328895922116262,0.04861301979946048
#18,0.2507683338191813,-0.013916535950434256,0.2011868571190605,0.32314857230111466,0.40539707658351726,1.0,0.06862902964597879,0.19973208956259803,-0.06949059999907457,0.004006626040524345,0.08904436023080091,0.2569432298245858,0.2500687127805772,0.18070119426051628,-0.33346150464794533,-0.22610021423580745,0.1921463836718074,0.207116978303419,-0.1547189716681242,-0.05457460542206305,-0.32718249836893903,-0.014977072604191248,-0.22418689876316994,0.16141904616480887,-0.24609817830156813,0.14732991851635918,-0.018421965879592998,0.14703609618863855,0.17560256712799086,0.484277960549147,0.19026777162370384,0.12306019424663492,0.10349255264509502,0.09165683402971539,0.13114979386165826,0.2574364811652947,0.03759815285239014,-0.02860580148715742,-0.004700231818875886,0.14794440048677338,-0.09479078462129309,0.2043855874364349,0.17908540281421637,0.12156933512865717,-0.08098761319100302,-0.11590157183377522,0.29865211899110206,0.06689663469324486,0.07397937228445703,-0.20526844255657814,0.012239666476954613,-0.03610451746044967,-0.017961567114109487,0.008836417310993583,-0.00483303025675907,0.008270982847254034,-0.25847249406571443,-0.10886649361225632,0.01620927553130943,-0.007879990930838389,0.08118102694373881,0.11043323755188161,0.023935183257217156,0.05391338950660984,0.1105128240721461,-0.07932971492293527,0.2376772766603275,0.10944812300744504,-0.35809862250540214,-0.14368605894029624,-0.19915878898929745,-0.20401634299939383,-0.19216905657583624,0.0018513120208035463,-0.18786074209803022,-0.062377786106599664,-0.15540286048760624,0.023620076162449044,-0.0015084421864082881,0.24928996793403574,0.19706177672279368,0.3444523105540055,,0.14274675291624445,0.21742435810232422,0.22193904227802533,-0.018433996400098095,0.17958420670285077,0.10860876284605098,0.22444185325541258,0.3616962108487532,0.24985632782242953,0.3178116483201229,0.07769541498355058,-0.06977516808025283,-0.20744365320636507,0.23228112550146449,0.26083186422169474,0.020297801653733856,0.08875285146471587,0.1606352114826691,0.4197203366694892,0.2872115567030821,0.30220806322501237,0.12295700939768736,0.13578894765335442,0.1356209830786102,-0.10487050995525572,-0.13835422479490275,0.024386327776158286,-0.004616480887667329
#26,0.2911881064423437,0.20810394369716403,0.4025606500182771,0.14265698672478333,-0.02596417681163444,0.06862902964597879,1.0,0.23198267605047265,0.05932666102157628,0.4579686003414817,0.20410333291689223,0.10842228977822198,0.2098756691977031,0.15490405659897186,0.06166058199956505,0.08318225775852894,0.4377975818653785,0.35311706159163786,-0.3300702860024894,-0.1176640430877719,-0.018098529962936743,-0.19554222944053454,0.07162185297778519,-0.24982069897324136,-0.06304871898092237,-0.3328067667050718,-0.008643466270584915,-0.10670886603089993,-0.2669928788572856,-0.13133858049112287,-0.10033407830018,-0.25978382080076995,0.1267188606171657,-0.03365353026369976,-0.29034504458233273,-0.28870426667036836,-0.20797808594418765,0.06933096424621848,-0.1775751097784996,-0.15388608947930982,-0.025137309883072594,-0.11157428615055734,-0.19995234063030673,-0.3059120754036008,-0.187820948837898,-0.005466483432585128,-0.12371863388812541,-0.08054433478162291,-0.10999366084111847,0.11619308059986026,0.12349190484783705,0.18531998870981922,0.02931513948463101,0.1643665236885576,0.07431668957092685,-0.15421461523156438,-0.07794250336623218,-0.31775982453948554,-0.16570468773858604,-0.30437401962825694,0.22370937964158302,0.04159321108473651,-0.29748006866650933,0.1110648398783992,0.10809422673829454,-0.06460435782469681,0.06251336081844557,0.455444504597047,-0.07119800848614408,-0.119373765136477,0.3628340204611391,0.2086550340787629,-0.05285331556517997,0.00903954802259887,0.0032301947556184845,0.025557452676096742,0.05144990907702772,-0.02173776241572852,0.10231957689584809,-0.10620728586830282,0.009118209118209118,0.07393448918872647,,-0.15690019757816367,-0.21913500557568355,0.08478833224595936,-0.11158354039709972,-0.04715547596903529,-0.0647931444541614,0.007032301947556185,-0.2189304867270969,-0.21172929478014224,-0.20735527515188532,0.06122609512440021,-0.13705168959406247,0.2564712632509243,-0.22513684717074547,0.030407140576632102,0.18039256513832785,-0.27147378503310704,0.23856198262977923,0.30676022709921014,0.07163758519690723,0.36519894316504486,0.2586501755993281,-0.0016560474187592832,0.2360934123645988,0.0609304219473711,0.1064465081414234,0.19344891887264767,0.036237315898332845
#49,0.6542803203820153,0.07339774288926831,0.2418643605084283,0.24976563620631417,0.16689339570695502,0.19973208956259803,0.23198267605047265,1.0,0.2504920945598912,0.2516507262269974,0.19056622107469565,0.03163471638047909,0.39377235478930395,0.18725597708648556,-0.15201025370516896,-0.10632990463498938,0.2671862926100214,0.17791983046220333,-0.21404794625133608,-0.2597629987460496,-0.19391579561071087,-0.13995891114535183,0.04039709971913362,0.06937075750635073,-0.016441094407196103,-0.044828958388280424,-0.06004108885464818,-0.004640541928677522,0.06095864739932536,0.15325772613908206,-0.1957476737137754,-0.11041981889439517,0.05731987765886071,-0.030223906495092937,-0.13544561510663206,-0.022449876687164822,0.0075611821374533235,0.04637395484853112,-0.0032292693309642463,-0.08631204393916259,0.0409343087309189,0.11276114326961785,-0.08412757904283329,-0.012112420586996858,-0.1562685952516461,0.0957666449191873,-0.0003188087933850646,-0.05016634508159932,-0.2595071188291527,-0.03745702559261881,0.06515544820629567,0.020714705460468174,-0.023552057450362537,-0.016501247009721585,-0.06383625536167908,-0.07436203537898453,-0.2643498660447813,-0.2897703558720508,-0.17523147184164134,-0.19431465363668754,0.15463568344924278,0.04290037340884798,-0.07886145004789073,0.07483307652799179,0.037521342606088366,-0.04225627784949819,0.15322117186523967,0.2560224322936187,-0.09869561394985124,-0.15570593706186928,0.1258517377161445,0.07411355885932157,0.10740108367227011,0.017142566295108668,-0.08927571639436047,-0.03972755498179227,-0.14609123761666135,-0.2174803462939056,-0.0412683870310989,-0.06613871190142377,0.02447609396761939,0.0847989746294831,,0.23762313931805457,-0.2090765650087684,0.13744777134607644,-0.08290740663622019,0.09757122299495181,0.17344910395757854,-0.13799608545371259,-0.10890674958471569,-0.08924008754517229,-0.10247643637474146,0.08215087198138045,0.09486713215526775,0.05372460287714525,-0.06140238852103259,0.1319711082422947,0.05103948324287307,-0.13667134006117057,0.07187773289468205,0.24403818302123387,-0.018446489632930312,0.23803032616591938,0.0665657953793547,-0.03346381820958092,0.14582055090529666,-0.00839684060023043,-0.006990195125788346,0.18704266670368366,0.16608087286053388
#50,0.07512782428036666,0.27747423849118763,-0.07873512958258722,-0.19543950730391407,-0.07202209914074321,-0.06949059999907457,0.05932666102157628,0.2504920945598912,1.0,0.12700157784903549,0.1729637187264306,0.13850877071216056,-0.04040172684240481,0.0590851251868201,0.256707246537755,0.05186079762350949,-0.1963843658758913,-0.06613084579186274,0.03354988270242507,-0.057390209932582814,0.0979247352128708,-0.18188388696863272,0.18554949402407028,-0.0681542867983546,0.09866091052531731,-0.1503861334369809,-0.10544288510390205,-0.1861982167066913,-0.06518830078152112,-0.1760176200854167,-0.07292623902793394,-0.2509594340102815,-0.05121161222856138,-0.12133751625277049,-0.06610493390154407,-0.03172910969521139,0.07179629552510909,-0.2186931153032848,-0.006896264523383168,-0.18305223559460848,-0.11405442422391575,-0.14121656325046156,-0.1088054155850766,-0.04303548540836676,-0.02819537565300277,-0.10042662076560381,-0.2043101653271145,-0.1304770101380271,-0.210531795277558,-0.05266961877131369,-0.15042083686151483,-0.09172300189249342,-0.18770804703008093,-0.2570649231666181,-0.08436171148035555,-0.22500034703424535,0.038449543534289296,-0.2499118533016838,-0.20938843311724667,-0.28998551710416115,0.01372774932096966,-0.07103282018536256,-0.10562611918544122,-0.152457233813166,-0.12685258447970313,-0.02734583582041209,-0.01226187666865633,-0.2403415742398793,0.19387970404919558,-0.07110639144537449,0.4192118158219853,0.253509904357362,0.20475251831184035,-0.08465969821902025,0.21625369591471286,-0.04447174447174447,0.0692999625203015,-0.24489605167571268,0.044967772086416155,-0.0551617873651772,-0.10765233646589578,-0.12443815155679562,,0.09074621616994498,-0.11426588375740918,-0.03957023279057177,-0.10668989482548805,0.05560321492524883,-0.07431437600929126,-0.22766418190147003,-0.16557651642397406,-0.03803449057686346,-0.1650203362067769,-0.0998547083292846,-0.0880634100973084,0.11369813573203404,-0.07704067704067705,-0.34141552955112275,-0.13027711841271164,-0.08598999615948769,-0.2422590541234609,-0.09921200090691616,-0.19991393550715586,-0.19825094740348978,-0.1889522804777042,-0.2670303585557823,-0.008401005011174502,0.09400926350078892,-0.047191104818223466,-0.08320770693652049,-0.03874845569760824
#51,0.3677665338682288,0.33812888389159573,0.4886880717389192,0.32742264606671384,0.10262774330570941,0.004006626040524345,0.4579686003414817,0.2516507262269974,0.12700157784903549,1.0,0.34546935224901326,0.11603992281958384,0.3196194653821772,0.1775820504634064,0.08303650337548643,0.09190531054937835,0.46639783080461045,0.2987187495662072,-0.23972477870782954,-0.04336030946200438,-0.04285502760079031,-0.12975471619539417,0.028799677952220326,-0.01966481119023492,-0.06635711211982398,-0.1393629376680224,0.058429924531619444,0.032473151117218914,-0.22737730025865618,-0.08794171675527608,-0.2181165757436944,-0.17966101694915254,0.17252969456359288,-0.184965551067246,-0.32599332768824296,-0.20341620511112035,-0.2221486509622103,-0.053944853944853946,-0.12940999551169044,-0.09975661331593536,0.05224253529338275,-0.1494440511389664,-0.2159464549295058,-0.21385545792325453,-0.1415594330848568,0.01845666930412693,-0.08406465016634508,-0.052870435921283376,-0.1157678479712378,-0.025907725907725908,0.14830994322519747,0.05823697349121078,0.021703058991194586,0.09824076773229315,0.02517525229389636,-0.18235585354229422,-0.15728378609734542,-0.4341412290564833,-0.3310752971769921,-0.342538995081368,0.19961594876849115,0.009731765663969053,-0.38896477371053645,-0.009006695447373413,0.3622408232577724,0.08710513286784473,-0.0795823558535423,0.1487735809769708,-0.16751435564994888,-0.18778578270103694,0.3071017087966241,0.21149238606865725,0.02431044295451075,0.13529338275100988,0.0966680085324153,-0.05556666065140641,0.11822531314056738,-0.07621704909840503,0.12482775533622992,-0.1878889675499845,-0.04324139239393477,-0.014405160167872032,,-0.06947856947856948,-0.2263385110842738,0.10154545917257782,-0.19132460657884387,-0.05030978590300624,-0.011791760944303318,-0.10609345863583151,-0.26925554213689806,-0.2811551150534201,-0.21046053757918165,-0.05394716750648954,-0.16460944766029512,0.2660443185866915,-0.03215064062521689,0.18908230264162468,0.12027744231134062,-0.16049315879824355,0.2258813513050801,0.2132659624185048,0.05724306741255894,0.3346941702873906,0.0924610280542484,0.04092089007343245,0.1208414886380988,0.08435430808312164,0.05333314824840248,-0.023298491095101265,-0.14221879815100155
#52,0.3788179550891415,0.30942452467876197,0.4149627285220506,0.21518020331579654,0.20867030358555783,0.08904436023080091,0.20410333291689223,0.19056622107469565,0.1729637187264306,0.34546935224901326,1.0,0.06518691264453977,0.15895325217359116,0.14715131155809122,0.014972908193247177,0.00880171388645965,0.2573129369739539,0.27330011058824616,-0.20687451704400858,-0.16451181535927298,-0.08329469685401888,-0.03527857595654206,0.0793574776625624,-0.08610521152894034,-0.001988737581957921,-0.09003410189850868,0.034027401824011996,0.011009314399144907,-0.05284452403096471,0.008562028901011952,-0.04448377499224957,-0.05539453166571811,0.3516507262269974,-0.0639334249503741,-0.19819912362285244,0.03994919418648232,-0.13698598444361157,-0.12771508025745315,-0.08754609771558924,-0.029577497374107545,-0.12068694272084103,-0.03810019572731437,-0.10212986484172924,-0.20020405613625952,-0.1412420124284531,0.011154143357533189,-0.1481466057737244,-0.05280519348315958,-0.017927326401902675,-0.10219880897847,0.02400967994188333,0.09574443472748558,0.14573772539874236,0.052417440553033774,0.18471429827362032,-0.18169001050356984,0.05469305977780554,-0.3473151117218914,-0.185758177283601,-0.21501408959036078,0.12114271436305335,-0.029871319701828176,-0.2523554371011998,0.03922643753152228,0.16672959554315486,-0.1639695165118894,0.08760810116742321,0.014556929811167098,-0.18875979214962266,-0.2231828130133215,0.20130855046109283,0.014242748141053226,-0.03583614431072058,-0.08137767968276442,0.004341629765358579,-0.132683222513731,-0.0075611821374533235,-0.10878690709199183,0.07055252478981293,-0.05852616869566022,-0.08751926040061633,-0.02275156512444648,,-0.06312830550118685,-0.038393555342707886,0.14985077527450408,-0.16725477403443506,-0.18014131234470218,0.03482743143760093,0.03850460630121647,-0.09942207230342824,-0.02291814156220936,-0.05438859506656117,-0.007499178685619364,-0.08444916411018107,0.21442413137328392,-0.03937496818852751,0.20378128513721733,-0.055085902543529665,-0.15919802699463717,0.10197346807516298,0.3052457696525493,0.14207813360355734,0.24447729701966991,0.10092635007889245,0.1098224572800844,0.2532780854814753,0.05268581370276285,0.06994498350430554,0.007208132631861445,-0.021361114581453563
#53,0.10879708676318846,0.05557406404864032,0.1449807280315755,0.23049505591878472,0.443592128337891,0.2569432298245858,0.10842228977822198,0.03163471638047909,0.13850877071216056,0.11603992281958384,0.06518691264453977,1.0,0.12444509224170242,0.38587801977632485,-0.1949629136069814,-0.27483724093893586,0.0018573272810560946,0.03875770994415062,-0.15528070443324682,-0.09939847397474516,-0.24998033472609743,-0.005685809075639584,-0.13221171865239661,0.13649412123988394,-0.18043883637103977,0.11917896324675986,-0.1306371086032103,0.08897680423104153,0.24605283249351045,0.3371359032375982,0.19324532544871528,0.2424862458760764,0.08605755215924707,0.0744943711045406,0.30599119921153817,0.301911464623329,-0.013236348829569169,-0.15470323944900216,0.12301623657555862,0.08688812078642587,0.025999342948495492,0.24735490498202362,0.31656787758482674,0.038591596218714865,-0.05046016740931995,-0.06806637145620197,0.07571084181253673,0.10406400236908711,-0.11730266476029187,-0.15104133409218154,-0.18143875770994414,-0.009099700625124354,-0.1462619784653683,-0.007156771563551225,-0.2383287756169112,-0.0600683888819482,-0.18394527038594835,-0.09341143917415104,0.002221481882498832,0.07685744295913788,0.012110107025361262,-0.032068740543316814,0.20797947408116899,-0.09077953145749756,0.023786652600211924,-0.17979242725005437,0.34671404840896364,-0.10145430484413535,-0.06904269446642328,0.056776653386822876,-0.12926100214235808,0.05844750760004997,-0.10751259734310582,-0.10573902099325828,-0.21994336401116063,-0.2190517173568021,-0.1571431215499012,0.024755572213199333,0.05944696622662724,0.1816210663668291,0.19769754346025534,0.34685471295640785,,0.32922814956713264,0.3859344706802334,0.1877459894409047,0.039497124242886955,0.34783520037757326,0.2816432765585308,0.3431701346955584,0.2923379465752347,0.29595219256236205,0.08592660457067237,0.0822896856795162,-0.021951998223184666,-0.31131331639806215,-0.02236288676966643,0.034404512370614065,0.05638566147040723,0.07798322205101867,0.04102823933332408,0.0976244349125705,0.2906134177320618,0.04349588417385027,0.05744527269950999,0.020571727351388368,0.007313168330117483,-0.11565679701272921,-0.05765349324671359,-0.019856836805989347,0.07205633985295003
#54,0.3430128125043379,-0.08312395600531194,0.2076472466302975,0.16298486467977993,0.10611289255357052,0.2500687127805772,0.2098756691977031,0.39377235478930395,-0.04040172684240481,0.3196194653821772,0.15895325217359116,0.12444509224170242,1.0,0.17991273245510533,-0.1705807502417672,0.03530772683315056,0.2793523878269641,0.08742532979821116,-0.12197605926419486,0.00020914597185783628,-0.1738530518191535,0.13204097780368967,-0.07459477967952544,0.21853671853671855,-0.024594548323361883,0.08719073464836177,0.1533238940018601,0.15180203315796537,0.2182132826200623,0.2810375861223319,-0.21401278011447503,0.07568585534687229,0.004737248805045415,0.07964944914097456,0.020469005214767928,0.09794694540457252,-0.030818954547768108,0.09819033208863717,0.1913010082501608,0.06689432113160927,0.15142677346067177,0.12803712803712805,0.09479494903223717,-0.007922097752606227,0.06873267720725348,0.24574235252201354,0.16222370290166901,0.03459329900007866,-0.15416232873859992,-0.04318123979140928,0.10231263621094129,0.05194778754100788,-0.014951623426199698,0.05259465937432039,-0.12389307643544932,0.09649541683439988,-0.28742440437355693,-0.15632412073090038,-0.1888986058477584,-0.08396285345437887,-0.03394920344072887,-0.16047002318188758,0.11280556365302127,0.1678706441418306,0.3029571944826182,0.032732270020405616,0.36819731904477665,0.2967799849155781,-0.1050713271052254,-0.1620224230393722,-0.12195569992180162,-0.12469218062438402,-0.04999375338358389,-0.2272449645331001,-0.26303344947412743,-0.23233387470675607,-0.2741626063659962,-0.20802620802620803,0.13121503629978207,0.03818163309688733,0.13890670331348298,0.10707487148165114,,0.16281875095434417,-0.0685128888518719,-0.06464877820810024,-0.12936141071734292,0.1254140118546898,0.10847688983282204,0.10327461513902192,0.07478079003502733,-0.09871551057991736,0.0674958471568641,-0.058748733325004514,-0.09521185283897149,0.050830799983342355,0.033907096618961026,0.26092163041315586,0.02674569793213861,-0.022260627345373107,0.12199364233262538,0.11096720757737707,0.1599883396493566,0.27996640708505116,-0.043376967105780664,-0.03452620571264639,0.007945233368962183,-0.20732936326156665,-0.07438979811861168,0.010962580454105877,-0.019691648505207826
#58,0.2803351888097651,-0.05709268590624523,0.08834520190452394,0.19688918502477826,0.28171083255829016,0.18070119426051628,0.15490405659897186,0.18725597708648556,0.0590851251868201,0.1775820504634064,0.14715131155809122,0.38587801977632485,0.17991273245510533,1.0,-0.2716454513064683,-0.33320747558035696,-0.09744582795430252,-0.12206813901729156,-0.13053114748030004,0.0007486685452787147,-0.3577576035203154,0.09889411753818533,-0.263225937802209,0.0927543876696419,-0.24780558678863765,0.13442857341162426,-0.2314949772576891,0.1877117487286979,0.3030784251123234,0.4450418060587552,-0.03660285863675694,0.3036887426717935,0.11081913963269896,0.11206059680635952,0.242515859465012,0.40929635336415,-0.018843034097271387,0.042857341162425906,0.017528468375926004,0.27671215128842247,0.20188138832206629,0.3595649578700426,0.2550553635299398,0.025412161005381344,-0.0979853505277234,0.03540998625744388,0.1160584313126686,0.1991134431812398,-0.18669193075972737,-0.12268632268632268,-0.006304918169324949,-0.04272084102592577,0.009198258350800724,-0.08640458640458641,-0.29300471503861336,-0.2730655154383968,-0.09515308837342736,0.004638228367041927,0.02571431215499012,-0.004494787545635003,0.06793820014158997,-0.008119213203958966,0.3662136712984171,0.18103897425931323,-0.02747123086106137,-0.07370914828541947,0.6189735189735189,0.2684675430438142,0.01853949481068125,0.11173207105410496,-0.0948416829772762,0.11505064386420319,-0.1304432321381474,-0.13456322269881593,-0.1318193385989996,-0.22757441571000894,-0.21029303571676453,-0.134497517548365,-0.023550206601054058,0.07347594127255144,0.19724038368106164,0.2775820504634064,,0.1548804582702888,0.22859423367897944,0.11668772007755059,-0.047620039145462874,0.2631630089257208,0.23339811305913,0.20647242003174207,0.21688853722752027,0.2695757390672645,0.18694549711498865,0.22481063498012652,0.030611196712891628,-0.30766853139734496,0.006903205208289954,0.12818982310507734,-0.15315361586548026,0.049334851029766286,-0.011927798368476334,-0.017657565115192234,0.29505314251076964,0.08158497480531379,0.017621010841349826,-0.0151575304117677,-0.036843931759185995,-0.06982976813485288,0.0319812879134913,0.06141812074015464,0.24650351430012446
#101,-0.1816816816816817,0.16514711938440751,-0.027627164915300508,-0.2308966902187241,-0.29632282513638447,-0.33346150464794533,0.06166058199956505,-0.15201025370516896,0.256707246537755,0.08303650337548643,0.014972908193247177,-0.1949629136069814,-0.1705807502417672,-0.2716454513064683,1.0,0.6603205671002281,0.005418824062891859,-0.015456905287413761,0.390334402198809,-0.025372367745249102,0.6972787888042126,-0.1864670525687475,0.3185117320710541,-0.23787531753633448,0.30260460768935343,-0.37752004701157243,-0.08974999652965755,-0.5503620723959707,-0.1261228871398363,-0.5063784894293369,-0.20036230375213426,-0.1884363562329664,-0.0685758177283601,-0.06930551506822694,-0.39126399126399125,-0.4972880430507549,0.09588417385027555,0.14780095966536644,0.12321612830087407,-0.2926437994234604,0.012155915545746054,-0.42926239027933943,-0.24352457233813166,-0.12903751208835954,0.14049519473248287,0.006399311484057247,-0.45681413308531954,-0.5332481942651435,-0.30742375657629895,-0.2869084801288191,-0.04870371141557582,-0.2025449177991551,-0.3598134343897056,-0.25953904597972394,-0.11387350370401218,-0.11497198276859294,0.07525136847170745,-0.2836653294280413,-0.4503384740672876,-0.5180573485658232,0.02110569737688382,-0.1659485371349778,-0.4488698251410116,-0.13171106391445375,-0.24648824479332954,0.012208202038710514,-0.1978326554597741,0.0008749890105822309,0.4116797845611405,0.08536163281925994,0.5514804480906176,0.31306884696715204,0.4787517872263635,0.02073321395355294,0.5666962802556023,-0.07014903964056507,0.4391621205180527,-0.17194343804513296,0.41205596968308833,-0.06708680945969081,-0.32076005126852586,-0.34134519727740065,,-0.2930458964357269,-0.2548300226266328,-0.1541863897796101,-0.25991152940305484,-0.3784945191724853,-0.3228686313432076,-0.25607471878658317,-0.35825316842266,-0.3963649319581523,-0.4485750773886367,-0.378143783228529,-0.39496430174396274,0.4357278696261747,-0.08117084727254219,-0.3518418264180976,-0.13578894765335442,-0.22342157257411493,-0.2461407478356631,-0.28165623250369015,-0.24595381205550698,-0.26376222138934,-0.14758117130998488,-0.30266753656584167,-0.047935608952558106,0.24139424478407528,0.06340963459607528,-0.12795569066755508,-0.24086767815581375
#102,-0.12112559400694994,0.11333120485662859,0.07061637909095536,-0.14055812360897108,-0.24300587181943115,-0.22610021423580745,0.08318225775852894,-0.10632990463498938,0.05186079762350949,0.09190531054937835,0.00880171388645965,-0.27483724093893586,0.03530772683315056,-0.33320747558035696,0.6603205671002281,1.0,0.13275957004770564,0.07750847920339446,0.18721710925100757,0.07887209243141446,0.5350472197929825,0.18467404230116094,0.3580407834645123,-0.19279880805304533,0.3276243886413378,-0.288046289741205,0.007616707616707617,-0.3312117973134922,-0.3138040968549443,-0.5066371456201965,-0.21193751532734584,-0.10109246380432821,0.09286914032676745,-0.08072201631523665,-0.47299888486329167,-0.48642494574697964,0.14567063211131007,0.2577700967531476,0.0968808562028901,-0.15792417995807825,-0.060313163702994214,-0.5145809908521773,-0.29558618711161083,-0.2186500830568627,0.11705233739132044,0.3509779425033662,-0.27581726564777415,-0.38602469958402164,-0.25261455600438654,-0.05362095531587057,0.05666976683925837,-0.09841798655357978,-0.2406465016634508,-0.17003752596972935,-0.12023718633888125,-0.062127458737628226,-0.07563218071692648,0.03852126394499276,-0.4227936719462143,-0.3383583892058468,-0.05797183932777153,-0.14922056108496787,-0.4645539221810408,0.0021863157456377797,-0.16090034564610836,0.02988982819491294,-0.14067195084144238,0.10334587283739827,0.25667393125020244,-0.07131368656792386,0.281709907133636,0.06154675476709375,0.4099973625397354,-0.00319641675573879,0.2235876862995507,-0.04699121309290801,0.15913463540582184,-0.11938949735559905,0.40898494796799884,-0.003164026892840452,-0.1835103207984564,-0.22332579112240128,,-0.33273550900669546,-0.12243738345433261,-0.2058385041435889,-0.2648199817691343,-0.3515748414053499,-0.36232642503828943,-0.2667814193237922,-0.35224993869061666,-0.4074223684393176,-0.35725278437142843,-0.31129665875428586,-0.3348968382866688,0.39073557378642126,0.05111675620150197,-0.16731261307532494,-0.09632004886242175,-0.16721174178801299,-0.12864790830892525,-0.18119352017657103,-0.1622792283809233,-0.1061753587177316,-0.0776209182988844,-0.04979571250757692,0.08614176580278275,0.05879916896866049,0.03131960928571098,-0.03504583165600115,-0.22423964796846152
#201,0.3401037401037401,0.2812573744777135,0.6600434024162838,0.3291564291564292,0.04217530319225234,0.1921463836718074,0.4377975818653785,0.2671862926100214,-0.1963843658758913,0.46639783080461045,0.2573129369739539,0.0018573272810560946,0.2793523878269641,-0.09744582795430252,0.005418824062891859,0.13275957004770564,1.0,0.664468783112851,-0.24480813633356005,-0.2861695285424099,-0.062418967503713264,-0.2531378836463582,0.26606837962770163,-0.2223304969067681,0.16247356755831333,-0.2804453143436194,0.22530527445781684,-0.02123433140382293,-0.19440210626651305,-0.12116214828079235,-0.0576465525618068,-0.1330520042384449,0.311697367629571,-0.025949832729493746,-0.3840891739196824,-0.3460569969044545,-0.22063002910460539,-0.06487273097442589,-0.06774802537514402,-0.12320039608175201,-0.023401675944048825,-0.2771808788757941,-0.287082922676143,-0.4191363937126649,-0.28427657241216564,-0.10023459514984939,-0.007156308851224105,-0.09051809899267527,-0.1226067361660582,-0.021547124936955445,0.2513869802005395,0.13539286590134048,0.19130563537343198,0.30654182688080994,0.2786870075005668,0.050722062586469364,-0.295015662812273,-0.4663529477088799,-0.29939986211172653,-0.2821929788031483,0.16952160172499156,0.07150339862204269,-0.4655357977391876,0.14901743037336257,0.38564851446207377,0.15354877219284,-0.19459043018365052,0.21275235173540258,-0.3352693217099997,-0.16294553413197482,0.23163564180513332,0.15081876946283726,0.02762114965504796,0.28149428318919845,0.0008074330108228413,0.03117524303964982,0.18470550673940506,0.13008833178324702,0.1888379905329058,-0.08796253880999644,-0.023997649421378234,-0.011201802727226456,,-0.09848369170403069,-0.22533766432071517,0.14295034634017684,-0.10056635988839378,-0.06676661252932439,-0.022619692111217535,-0.21695100339168136,-0.26786786786786787,-0.31871069837171534,-0.23317416029280436,-0.04534071822207415,-0.18687285127963094,0.5423890762873814,-0.09867988173072918,0.41903089530208176,0.323670511806105,-0.06587172688867604,0.45399528958850993,0.44855379262158923,0.26470430368735454,0.500699158326277,0.40670932874322707,0.2570811180980673,0.41718559854153076,0.07047663996816539,0.09972052175442006,0.13414307990579177,-0.2023538176080549
