,#10,#11,#12,#13,#17,#18,#26,#49,#50,#51,#52,#53,#54,#58,#101,#102,#201,#202,#301,#302,#401,#402,#501,#502,#601,#602,#701,#702,#801,#802,#901,#902,#1001,#1002,#1101,#1102,#1201,#1202,#1301,#1302,#1401,#1402,#1501,#1502,#1601,#1602,#1701,#1702,#1801,#1802,#1901,#1902,#2001,#2002,#2101,#2102,#2201,#2202,#2301,#2302,#2401,#2402,#2501,#2502,#2601,#2602,#2701,#2702,#2801,#2802,#2901,#2902,#3001,#3002,#3101,#3102,#3201,#3202,#3301,#3302,#3401,#3402,#3455,#3501,#3502,#3601,#3602,#3701,#3702,#3801,#3802,#3901,#3902,#4001,#4002,#4101,#4102,#4201,#4202,#4301,#4302,#4401,#4402,#4501,#4502,#4601,#4602,#4701,#4702,#4801,#4802
#10,1.0,0.5652262431923449,0.5035614967818358,0.5535520111791298,0.5267799386443455,0.4504305538203843,0.4797392153324357,0.22109875669197704,0.37226594853713496,0.7213176196227044,0.6792126487041741,0.13360078105840817,0.34401134570626096,0.31754142432108534,0.015213518603349113,0.04026522670590467,0.6035610340695087,0.46645289357153763,0.027791427791427792,-0.08352882929154115,-0.2570006061531485,-0.12552182382690857,0.047354442269696505,0.07318489521879352,0.08708523623777861,0.2040297616568803,0.0288232762809034,0.12571523757964437,0.19310697446290667,0.020594862967744324,0.11313131313131314,0.21915443949342253,0.4653331297399094,0.44475955153921254,-0.1342402494944868,0.08841553417824605,0.1826168232947894,0.08765067070151816,0.2029738521263945,0.22013631505156928,-0.06213208586089942,0.06550803499956043,-0.07704715501325671,0.06085823882434052,-0.13385943724926777,-0.24410573902099325,0.13865174882124034,-0.01346863041778296,-0.169938968244053,-0.3310975073686938,-0.106635294770888,-0.12325962325962327,0.03995197046044504,-0.048203519389960064,-0.061150210302752674,-0.13627340745984814,-0.47828213421433763,-0.4203473118727356,-0.14677235016218068,-0.15885700800955038,0.29512347478449175,0.33278872092431416,0.2514207582004192,0.017354951253256336,0.1308522698353207,0.24070063900572375,0.22756516146346656,0.18481239328696955,0.13927178333957996,0.11781488730641274,0.28743736031871625,0.23381131516724737,-0.12054997987201377,0.05267841030552895,-0.38112550146448454,-0.1548934142154481,-0.10968734528056562,-0.019563939902922954,0.2901335850488393,0.17927326401902674,-0.1538032639727555,0.21763674306047187,0.2341222578510714,-0.07417278603719282,0.1984457492932069,0.10250975166229404,0.12051342559817137,-0.07585798433256061,0.1599443819782803,-0.2570279061804486,0.0738016907508433,-0.053810204657662286,-0.01458284170148577,-0.07414594872221991,-0.2718985549494024,0.37971978141469664,0.24626521745165814,0.3958416043161806,0.40951891799349427,0.21694868983004575,0.10934077374755341,0.4438790099807049,0.4211714025273347,0.4198531351073724,0.4315893705724214,0.3774788656144588,0.3297926586062179,0.2261376939343041,0.3144546703868738,-0.19509478662021035,-0.32148882318373845
#11,0.5652262431923449,1.0,0.5326064122674292,0.5847346576160135,0.2279251516539652,0.38871814804018195,0.7614518987400344,-0.010656727605880148,0.4788531212260026,0.7999324440002407,0.6556596658291574,0.0875812638524503,0.47037345511921785,0.3228126431516262,-0.11732117325337664,-0.0539170912052268,0.699335545098257,0.5771512652868586,0.18482442380747466,-0.048545001087373967,-0.1301073029886589,0.08913505184691625,-0.039189883257679865,0.2097572148419606,0.12157442496425547,0.4607874438382913,0.10411675157437869,0.2504472114641606,0.12008634212024043,-0.1218849049357524,0.24427046460944765,0.30588893978724485,0.5325513495005021,0.4988085157576683,-0.21429966175728887,-0.04618794449302924,0.35444550868279684,0.17896602303381964,0.16595871680617444,0.18904991277872635,-0.2565661192779837,-0.15661424136000407,-0.0027276891683671346,0.060358972223379,-0.030561686493889885,-0.21661461152986577,0.10801001309475886,-0.017109251007556094,-0.2075921838633703,-0.29767209428226377,0.11285137217340607,0.11713979002114595,0.20545260206277155,-0.04560215068689645,0.07661313085041899,-0.10835380835380835,-0.3994294757006621,-0.2413484362636905,-0.21889994771350704,-0.31742296996534286,0.269200942082298,0.2738896060929959,0.33939856651721056,0.10708875285146471,0.29092204685425027,0.368761828083862,0.4781858900502968,0.3411860242368717,0.325989625989626,0.052017194390075745,0.4000453458080577,0.3932138610104712,-0.0577918442325222,-0.11358986104748817,-0.2745508220084491,-0.15032783168376387,0.013793917183747692,0.0679289458950476,0.4760171573730896,0.16661206661206662,-0.08361350564740395,0.26745096406113356,0.3388706117519677,-0.19071058732075682,-0.07328484108145125,0.001953571445096869,-0.07981787642804591,-0.06455114590707811,-0.0760347404415201,-0.38495120698510527,-0.11404239370341065,-0.09182294775515114,-0.1835732496749446,-0.22386531369582216,-0.35376347071262326,0.5469708537505148,0.5601817534020924,0.5164327655853079,0.5691491183016607,0.24977951757612774,0.13365630653766247,0.4684157192631769,0.3816529935174003,0.5647038409750275,0.5718402531961854,0.48272926239027936,0.4538037266850826,0.1759690352910692,0.09879093268923778,-0.23117431761499557,-0.23898675254607457
#12,0.5035614967818358,0.5326064122674292,1.0,0.858657578996562,0.1810255556018268,0.40230245653974467,0.41454767556462474,-0.1281791807215536,0.07839133432353772,0.5350995062859469,0.33808955334379065,-0.0924758348487162,0.15851783987377208,0.0973842872147957,-0.3762406474270881,-0.41391884951206986,0.7366366366366366,0.8677679220052101,0.22904445277326632,-0.022559076796364933,0.01130868927479097,-0.0013483437212250772,0.11554898504051046,0.1707968368985318,0.4070683935090715,0.3908975231009129,0.4240281884349681,0.3898860339538306,0.0992712280847874,0.1454462166326573,0.31347279482872703,0.32497397243159953,0.3295622278673126,0.27707491775288384,-0.012361359818986938,0.12569395281259688,-0.043230750010411025,-0.28120878968336593,-0.2460995664385495,-0.09077860603284332,0.09241938394480767,-0.14247606620487976,-0.19073326022478565,-0.2636747687595145,-0.2779050236677355,-0.4508321881203237,0.2856249161333907,-0.11905773261705466,-0.02504106571903182,-0.11959725519047552,0.3265268350014113,0.4500876839859891,0.46197106197106197,0.27252876913893864,0.3066727744693846,0.006330830059643619,-0.08205370239268545,-0.20276424344220956,-0.03858326739682672,-0.29871551057991735,0.1943697164036147,0.23729044915485595,0.05112138332477315,0.10556781743222421,0.5721970044003942,0.5197485621214435,0.14179772993332315,0.12311757057519769,0.4666736073515734,0.20188000018508492,0.7185741982352152,0.6685684143311262,0.11076222601646331,0.29872800381274955,-0.19117885219580136,-0.03970441936543632,0.12337113693045897,0.29324486273638817,0.445324523290625,0.5331320534710365,-0.30006755599975937,-0.01887681209715108,-0.11491923356330136,-0.13471452962978386,0.24043966925322857,0.015406932356084898,0.0800136037424173,-0.19326013224318309,-0.1011623333657232,-0.15259651022362886,-0.13303442117001438,0.17649560191933072,0.09514244598990362,0.0978497758158775,-0.1279848415441636,0.6730479323699663,0.5509080729419712,0.6647232748927664,0.5631537546791784,0.29159529329020856,0.4622644215864555,0.39605676554829095,0.5352989352989354,0.4451579468528621,0.5395521870098141,0.46293581717310534,0.529824123044462,0.24453004622496147,-0.003457386508233966,-0.24561556934438292,-0.27391875696960444
#13,0.5535520111791298,0.5847346576160135,0.858657578996562,1.0,0.3058241600614482,0.43676295710194013,0.5032820185362559,-0.14872592160727754,0.0798706256333375,0.6788503449520399,0.4375981528523901,-0.04151269913981778,0.2660188694086999,0.1852982412304446,-0.29984452865808797,-0.3127134838999246,0.774744698473512,0.7843029470148114,0.24637256671154975,-0.012302595353442811,-0.12954603293586345,-0.053308161782738055,0.09879972422345304,0.1317971284072979,0.29931518575586374,0.3693527117255931,0.35995826334809383,0.4347580245885331,0.15633476311442412,0.12769101921644294,0.2858715418037452,0.3295640787166211,0.4436749538444454,0.38711022270344303,-0.004827477708833641,0.06357297204754832,0.057150987659462235,-0.11602048890184484,-0.12708070165697286,0.07788605246232365,0.06869704835806531,-0.12540244404651185,-0.18246227737753162,-0.12056617480346293,-0.22434653451602604,-0.33727656778504234,0.2623763979696183,-0.09617707075334193,-0.08042171601493635,-0.15423173558766778,0.3061540739506841,0.39318332199688133,0.38221565170717714,0.1227543413984092,0.16476676985151562,-0.016471170708458844,-0.23344669785347752,-0.20647936071664885,-0.12139165359504342,-0.3071063359198952,0.31494514545362,0.34079780859441877,0.17674639200062928,0.15314343619428364,0.5318915217220302,0.5661984017916222,0.24289944798419374,0.24286104286104285,0.4274101528338817,0.27497929362336143,0.6290333476774155,0.6366505180064502,-0.020053489545014968,0.17783006427074224,-0.2816715020104851,-0.10268234336030946,0.053506665371072154,0.2646191646191646,0.4339168135778305,0.45198295367786895,-0.2466811958337382,0.10632944192266226,-0.005108344091394939,-0.13915517983314593,0.19540434116705302,0.0006172582443768885,0.0667980769675685,-0.14144884483867534,-0.008264504874674367,-0.12103443967850748,-0.055235358625189135,0.10222703443042426,0.07248249790622673,0.00611798238916883,-0.2149007250702166,0.6390200678336272,0.48005663598883935,0.6460176663566494,0.5630450172823054,0.2536551960280774,0.3461245529042139,0.5290023459514985,0.5702425075306431,0.579678137305256,0.6176649685124261,0.4804147753300296,0.542706496943785,0.2765136477000884,0.10093791788707043,-0.2785287598846921,-0.27205448900364154
#17,0.5267799386443455,0.2279251516539652,0.1810255556018268,0.3058241600614482,1.0,0.4560215068689645,0.24063447114294573,0.23243937311733923,0.2167094675569252,0.4610498017277678,0.4784218733371276,0.3221255153458543,0.36324444629529373,0.34335429420175184,0.12870158293887107,0.20383264620552757,0.353475200932828,0.17478773071993411,-0.27056316717333667,-0.2951415205652494,-0.5131669419805013,-0.37721049246472976,0.11100885168681779,0.08370743624980913,0.09552187009814128,0.07829138846087999,-0.3710753897194575,-0.24878931319609285,0.28024727346761247,0.18017462763225475,0.297269071845343,0.2362581379530532,0.37027212111957875,0.4173475478560224,0.01583586668332431,0.07806003229732043,0.1834645122780716,0.24219427439766422,0.30083704659975846,0.41396280718314615,-0.003979788725551437,0.07837190040579871,0.015041852329987924,0.14374204713187763,0.014427833071900868,0.07106150834964395,-0.17071308596732326,-0.19267850284799437,-0.3400167501862417,-0.3652674245894585,-0.21738687840382756,-0.2754197957587788,-0.194603848841137,-0.1908410721970044,-0.2955297362077023,-0.1268155674935336,-0.35755493552103723,-0.1817228630787953,0.1417843112758367,0.2741380826126589,0.07283832368578132,0.1649194649194649,0.26445166275674753,0.32270436846708034,-0.24292767343614802,-0.11596450071026342,0.2977692638709588,0.26130799520630027,-0.1992203297288043,0.03285350065011082,-0.07971746785306108,-0.13230426111782043,-0.28264689959605216,-0.19600540447998074,-0.41539536454790693,-0.22128800603376875,-0.31372589847166116,-0.10726643438507845,0.1292980191285276,0.0734847328067667,0.10136222509103865,0.3313057279158974,0.13997556878912812,0.020091431955838734,0.20446933836764344,-0.0027642434422095437,0.042232679520815115,0.09812416422585914,0.30688145772891534,-0.034851029766284,0.31983971644988596,-0.08777652845449456,0.27428291157104717,-0.1428670581212954,-0.00953696377425191,0.20046132419013776,0.08164466469551215,0.16947856947856949,0.1930713456137185,-0.019293253191558276,-0.16608503727147794,0.310796004016343,0.368210274989936,0.3021622547046276,0.34191155716579447,0.25317536334485485,0.1997871523295252,-0.0844695234525743,0.09663561866951698,-0.06327267174724802,0.019739307874901094
#18,0.4504305538203843,0.38871814804018195,0.40230245653974467,0.43676295710194013,0.4560215068689645,1.0,0.40238944645724306,0.2318498776125895,0.2542419152588644,0.4971237801746276,0.4207507970219835,0.48142857803874756,0.565463614616157,0.27445874225535244,-0.10950364848669933,-0.02692661845204218,0.4223795444134427,0.3398006635294771,-0.16260775413317785,-0.31873614754970686,-0.4148202131252979,-0.295104966291407,-0.016383255366306214,0.22799224494139747,0.03909178824433062,0.1156614241360004,0.01071780563305987,-0.020407464475261084,0.47583947583947583,0.27111240670562703,0.2919478800834733,0.2428355936830513,0.30019896630066123,0.19200756997367166,0.023783876326249207,-0.005863490609253321,0.01388831049847999,-0.10464193006565888,-0.07695831424644985,0.0479670733908022,-0.24373695729627934,0.05852200428471615,-0.1625721252839897,-0.12309721123280445,-0.027706751435564995,-0.12912172573189523,0.15953210529481715,0.06353456692439743,0.011411411411411412,-0.2292249105808428,-0.034579880342592205,0.04522457742796726,0.09779054863800626,-0.05705289264611298,-0.18359129545570224,-0.251408264967587,-0.3327368971436768,-0.35487675657167184,-0.10259905514142802,-0.06780910340232374,0.08384069740001944,0.014051185237625916,0.08824386790488485,0.2671478874868705,0.12369734912107794,0.06748983189661156,0.29501751366158147,0.3257018189221579,-0.04039247259586243,0.02669988941175382,0.16807979011368843,0.0966097067791983,0.0007565346548397396,0.0017166627336118862,-0.2893761249693453,-0.15346594668628566,-0.09698589190114613,-0.015690575012608912,0.2896616184751778,0.23380807618095753,0.18108802176598787,0.4017657102402865,0.16027105688122636,0.2714779494440511,0.20875636807840198,0.17189439053845834,0.1308966902187241,0.015765071697275087,0.026271880509168646,-0.05869320784575022,-0.0016717796378813328,0.18711022270344305,0.09496152547000004,-0.07345002938223277,-0.07734190276563158,0.20800260969752496,0.14460269206031917,0.2642531591684134,0.31218923083329864,0.18070720952076885,0.13154032306574678,0.39291356071017086,0.37679821578126665,0.23654270603423147,0.2632324157747887,0.27640814928950524,0.3275411004224564,0.11068541577016153,-0.04514961803097396,-0.08365283619520908,-0.1288936085546255
#26,0.4797392153324357,0.7614518987400344,0.41454767556462474,0.5032820185362559,0.24063447114294573,0.40238944645724306,1.0,0.07114618470550674,0.5397469888995313,0.7696021136699103,0.7076005126852585,0.32437105826936335,0.6002725375606731,0.5535584891517095,-0.04214800316495232,-0.030504310165327113,0.6918086036730104,0.47037114155758225,0.10747696849391765,-0.09064673301961437,-0.15727453185080303,-0.04436300707487148,0.04265698672478334,0.06283309503648486,0.11720827144555958,0.24672839249110434,0.04705738095568604,0.09867895630607496,0.21550086295849008,-0.025723103689205384,0.3319600031464438,0.43383306264662197,0.5718809718809719,0.43245695618576974,-0.08643651355515762,-0.08601266906351653,0.45103439340727475,0.12479814174729428,0.18225498225498227,0.12400088840766807,-0.4378438530980904,-0.08957786754396924,0.10359758834335106,0.13587917655714266,0.11904014954862413,-0.06960211366991027,0.01780470763521611,-0.06897930287760796,-0.18645132034962544,-0.32548665769004753,0.03963640065334981,0.022652081974115872,0.19304219473710998,-0.08706857859400233,-0.004845523489591286,-0.25727499456313013,-0.41373792899216627,-0.41181674740996776,-0.2080280588755165,-0.30311497938616583,0.16469273587917654,0.17249452842673182,0.3469046858877367,0.1338946033861288,0.2577913815201951,0.2608938676735287,0.6305394763021882,0.5416218992490179,0.19036170222610901,0.026603645247713043,0.33647422460981785,0.24291888190193275,-0.08419189605630284,-0.13792112605671927,-0.2749441274865004,-0.16810523929167998,-0.16273361188615426,-0.09156799326290851,0.5268058505346641,0.0857045026536552,0.11278381617364668,0.41827343522258775,0.40039608175201397,0.011144889110990807,-0.14381052855629126,0.03826723487740437,-0.122858451672011,0.050733630394647344,-0.07797998306472882,-0.2807183146166197,-0.08639672029502538,0.03891827112166095,-0.12386300013418658,-0.24974296330228535,-0.3348945247250332,0.49415548059615855,0.3058158312395601,0.44199114368605896,0.3886441140678429,0.2045017282305418,0.0043235839846009335,0.5930334032028948,0.4377397428244886,0.5639200062928876,0.4213763840882485,0.3890684212718111,0.3242873073381548,0.061151598439734035,0.11551196805434094,-0.2707575063507267,-0.2643248795791169
#49,0.22109875669197704,-0.010656727605880148,-0.1281791807215536,-0.14872592160727754,0.23243937311733923,0.2318498776125895,0.07114618470550674,1.0,0.5132062725283064,0.08978516266651859,0.25751745582254054,0.419715709546218,0.1016347626517118,0.19483104059375245,0.17904190785546717,0.2969164850520783,-0.03769856142737499,-0.130041597838208,-0.4348538060402467,-0.3645529967563866,-0.30296043346890805,-0.3915716949615255,-0.10270686711364678,-0.12327119106780124,-0.14632398191720225,-0.4609785440293915,-0.22078226146022756,-0.32587533604482755,0.009063146351281944,-0.031436212792144994,-0.020689718994803742,-0.0022765446494260053,-0.06675643285812777,-0.0750223258697835,-0.17726648065631118,-0.002813290948884169,-0.1399950027068671,-0.054565351175520665,-0.11773946519709232,-0.2194727855744805,-0.17787679821578126,0.14130632944192267,-0.03936386309267665,-0.14586126959008314,-0.0401981334184724,-0.15227723871791668,-0.11368008995127639,0.19611923171245205,0.05431039668327804,-0.19769522989861973,-0.3721243585650365,-0.33227140854259496,-0.2331797128407298,-0.21194769499854246,-0.22667444023376226,-0.24462305140271243,-0.26574864540966237,-0.3896796642559354,-0.02037923902330682,0.11448798567442635,-0.08564758903741955,-0.19204088526122423,-0.0378998412896718,0.11533012210978312,-0.23334258757987572,-0.3611886154259036,0.06590874387484556,0.01546847309559174,-0.26678789729637187,-0.1671640824183197,-0.14781622917216136,-0.32853685735041666,0.22989491803051126,-0.014326499072261785,-0.08901520935419241,-0.07368138554579233,-0.1914004914004914,-0.31386286132048846,-0.10757783978122962,-0.07163156993665468,0.22276544649426006,0.09094703331991467,0.07343707343707344,0.2787466973907652,-0.20885816479036817,0.2540142607939218,0.08918132307962816,0.044522642827727575,0.0005136106831022085,-0.1384666638903927,-0.23980621607740252,-0.13743342726393573,-0.14961571741232757,0.06300938843311725,0.1849197425468612,-0.05501927196842451,-0.3000703322737221,-0.010295811990727245,-0.21062341231832757,0.10060383958689044,-0.014200178606958267,-0.0032047455776269334,-0.04805915314389891,-0.1153828713150747,-0.18591827574878422,-0.010039006649176141,-0.14436670877348842,-0.06955121531392718,-0.1310031140539615,0.17125631023936108,0.16935271172559307
#50,0.37226594853713496,0.4788531212260026,0.07839133432353772,0.0798706256333375,0.2167094675569252,0.2542419152588644,0.5397469888995313,0.5132062725283064,1.0,0.5013529708444963,0.5297251026064586,0.29070688562213987,0.40677873559229494,0.4688812078642587,0.2023399362382413,0.24788656144588347,0.29224447868515663,0.1746179152958814,-0.13085689695859187,-0.30846763558627965,-0.22012104554477435,-0.12524373371831,0.035725093352211995,0.2181410994970317,0.07655853079581894,0.14307342781919052,-0.1803282481248583,-0.18297403721132535,0.13591249184469523,-0.08926044688756553,0.08511269358726986,0.2662192238463425,0.3683495514003989,0.2955639769199091,-0.12304214846587729,-0.036736119786967246,0.28010614620784113,0.09609702152075034,0.23713266425130833,0.04114946996302928,-0.36103638307028135,0.043407043407043405,0.032383384925757805,0.06327914971982769,0.12291629071290089,-0.015065450658670997,-0.14178801297445365,-0.07953377105919479,-0.23615911751504973,-0.38687701569057503,-0.15203200118454355,-0.20253982796355677,0.020635581652530804,-0.16890573161759603,-0.03786791413910058,-0.24763114424131374,-0.39520491215406467,-0.3946598370327184,-0.1329913889235923,-0.05865341458561798,0.017532632786870075,-0.0312668600804194,0.2105780665102699,0.08013807335841235,-0.025930861524081864,-0.08970835242021682,0.5000083288218882,0.2921366667129379,0.058520616147734794,-0.052144440280033504,0.1462328275887598,-0.03548402022978294,-0.041720456974694266,-0.2941517788975416,-0.24606440030168844,-0.2443195121161223,-0.11961391283425182,-0.16856286178320076,0.1727874253297982,-0.12811255014644846,0.10721044619349704,0.28102416746484543,0.31756270908813283,-0.03731034578492205,-0.2633716921852515,-0.00310294886566073,-0.06433598467496772,0.10197254265050876,-0.04631750394462259,-0.3660961423673288,-0.15412531175243038,-0.14323398899670087,-0.15531772141941633,-0.18894210080650758,-0.12769842261367684,0.295346039413836,0.020613834173156206,0.27218034675661795,0.24198605385046063,0.2883928612742172,-0.05903561496781836,0.14122350393536834,0.1438021997344031,0.25179462976073147,0.26289324763901034,0.2985109917313307,0.19670826450487466,-0.008239518409009935,0.02795892965384491,-0.040335558979626776,-0.05984027170467848
#51,0.7213176196227044,0.7999324440002407,0.5350995062859469,0.6788503449520399,0.4610498017277678,0.4971237801746276,0.7696021136699103,0.08978516266651859,0.5013529708444963,1.0,0.8311335989302091,0.2285206624189675,0.6034476695493645,0.52076421567947,-0.09666662039543396,-0.04738313043397789,0.7985984443611562,0.5763813119745324,0.11224614444953428,-0.12822175025564855,-0.27460495935072204,-0.11757844130725487,-0.007748580629936562,0.2150705404942693,0.13430317837097497,0.38520477334036657,0.10059412262802093,0.1967401916554459,0.253820847041186,-0.06396997922421652,0.25152070406307697,0.38479573564319325,0.662177431668957,0.5891410671071688,-0.14849826714233494,-0.07215350944164503,0.37678803611007,0.10970909275994022,0.2882841238773442,0.3023903718818973,-0.2427337969710851,-0.026594391001170663,-0.017181896842913793,0.09242030936946191,0.05315546671478875,-0.12365709314861857,0.14141923124973974,-0.1104957037160427,-0.3028401282638571,-0.4195815229713535,0.050666537107215075,0.038273250137656915,0.18355751745582255,-0.1289297001161408,-0.011255940069499391,-0.256512907360365,-0.4991092787702957,-0.4573416251382353,-0.11778666185445846,-0.19593831119254848,0.2923805161093297,0.29133154726375066,0.3990727244964533,0.1882933781238866,0.2933184339964001,0.37099857947315573,0.5676189286358778,0.429765821291245,0.1813064219843881,0.07421489285896066,0.3542382135602475,0.3167316777486269,-0.22204361526395425,-0.12947431252515998,-0.4702531499141669,-0.25814489373811406,-0.14434311044480536,-0.00562056663751579,0.521203329677906,0.16939065413641685,-0.012393286969558156,0.37076352161097925,0.399261973838245,-0.10683009666060514,0.0017999509524933253,0.0006811125455193251,-0.01745767338987678,0.03320562473104846,0.046636775450334775,-0.3049274235714914,-0.0040963922319854525,-0.05110935280426806,-0.0389946186556356,-0.1698154240527122,-0.33429762582304956,0.5749043342263681,0.3684791108519922,0.5549156244071498,0.5926701740261062,0.25726712845356914,0.029099515540193507,0.5903126547194344,0.49042601923957857,0.6094657060758756,0.6550026143246482,0.5180397654973926,0.45901201663913527,0.13362345396243702,0.178633332870621,-0.2274860376555292,-0.24608614778106302
#52,0.6792126487041741,0.6556596658291574,0.33808955334379065,0.4375981528523901,0.4784218733371276,0.4207507970219835,0.7076005126852585,0.25751745582254054,0.5297251026064586,0.8311335989302091,1.0,0.41252377184580574,0.6378447785227446,0.6898443898443899,0.04998033472609744,0.12287834830207711,0.6347594127255144,0.36336845319896166,-0.0612621866859155,-0.16261469481808466,-0.3284933623916675,-0.13499308245070957,-0.11622917216137556,0.09775353165183674,-0.013025814720729974,0.23396401023519667,-0.1424043457941763,0.0227617447956431,0.2675435065265574,-0.11542821712313238,0.21960697214934502,0.2964894015741473,0.5987497512921242,0.4676050472660642,-0.10951567900720444,-0.09135098118148965,0.4191313038770666,0.22784093801042954,0.342430257684495,0.23844121471240115,-0.3184538930301642,0.04819056344480073,0.09139216257860326,0.21547865276678835,0.12216392046900522,-0.0140386920047937,-0.03263371229472924,-0.0840627993170366,-0.3191044665620937,-0.45211205041713515,-0.11530467293179157,-0.183874012687572,0.008311701532040515,-0.2078753638075672,-0.15662164475723797,-0.29717051411966666,-0.546991213092908,-0.48528621070993955,-0.09704558179134451,-0.15533299092621128,0.23625674981607184,0.23860270131456573,0.4163490146540994,0.1702947940236076,0.07368277368277368,0.21598393462800242,0.6270695965611219,0.46350356519848046,0.014061827621149655,0.021872411702920178,0.16008967364899568,0.1384157655344096,-0.1949629136069814,-0.15591693388303557,-0.37738493501205367,-0.20832512018952698,-0.17295076278127125,-0.12176413701837431,0.44774635961076636,0.024355326050241304,0.09378022089886497,0.48524919372377,0.4707482521041843,0.0189596376037054,-0.07442635239245408,0.10799798257425376,-0.013099848693069032,0.18924841636706044,0.10705219857762231,-0.20522494759782894,0.09564911598809904,0.027570714011391977,0.010835797276475243,-0.17509080729419713,-0.3000555254792543,0.38767843344114533,0.24191572157673852,0.3930014760523235,0.40542900373408847,0.2208822073228853,-0.07829509015949694,0.4940994924045771,0.3421373607814286,0.559958726060421,0.5144870602497721,0.4277483955450057,0.27222245357838576,0.10843524572338131,0.18602469958402162,-0.19436740284197912,-0.2248272926239028
#53,0.13360078105840817,0.0875812638524503,-0.0924758348487162,-0.04151269913981778,0.3221255153458543,0.48142857803874756,0.32437105826936335,0.419715709546218,0.29070688562213987,0.2285206624189675,0.41252377184580574,1.0,0.5734148632453717,0.46478065122132917,-0.020873878500997145,0.10889795805050043,0.14997570760282625,-0.130041597838208,-0.3788943026231162,-0.3330908720739229,-0.44479332953909223,-0.32172249290893357,-0.23605824622773774,-0.12330404364302669,-0.22692893201367778,-0.2654710180133909,-0.2959744027540638,-0.3468348163263418,0.4183465437702726,0.16227321312067075,0.23262815974680381,0.18507567660110033,0.12277099904218548,-0.1638270011151367,0.10584081770522448,-0.2276558530795819,0.13685411143038262,-0.004523475709916388,0.07608008624957778,-0.15592896440354068,-0.44535922671515893,0.15988515480040905,-0.004217622861690658,0.08806248467265416,0.2326184427879343,0.2415932110847365,-0.19829166608827625,0.03999176372057728,-0.08758450283874013,-0.31206198494334086,-0.29963399454924877,-0.2488823183738438,-0.20190128495213241,-0.36268965421507793,-0.4507447354904982,-0.4937320988168446,-0.40324407612543206,-0.4983805068550831,0.1558063456368541,0.10924638043282112,-0.0012164707079961317,-0.04148956352346183,0.15243456090913718,0.21060768009920552,-0.18923407228491973,-0.2032760032760033,0.4110264347552483,0.3923536787943568,-0.3547485852570598,-0.16353225336276184,-0.19893020909970063,-0.27221181119486204,-0.10572375148646335,-0.25645738188111067,-0.2586631315444875,-0.3064960183604251,-0.3830772220602729,-0.36303946473438,0.19985332019230323,-0.12107700921260243,0.6156836343277021,0.6435634401736097,0.2859210520227469,0.6772072534784399,-0.18563648394156868,0.3376546037562987,0.0999976864383644,0.37830758339232917,0.11743685133515643,0.11774270418338215,0.008126153888865754,0.3904385124724108,0.18439780304187084,0.051650263514670294,0.12357750662835408,-0.06520357028831605,-0.2094930061031756,-0.01201848998459168,-0.16110856619331196,0.029841243400565435,-0.2201464947227659,0.31167145573925237,0.06779568474483728,0.13598745124168854,-0.0677813406626966,-0.00440872305279085,-0.18158913921625786,-0.1199743657370776,-0.10938982125422804,0.11985035883340968,0.12144995534826043
#54,0.34401134570626096,0.47037345511921785,0.15851783987377208,0.2660188694086999,0.36324444629529373,0.565463614616157,0.6002725375606731,0.1016347626517118,0.40677873559229494,0.6034476695493645,0.6378447785227446,0.5734148632453717,1.0,0.6814979848878154,-0.03385989996159488,0.056720202482914345,0.4387456794236455,0.18057579921986702,-0.04174729428966717,-0.056821999194880554,-0.307412188768121,0.02176830142931838,-0.12006598277784719,0.19197749367240893,-0.031680062188536764,0.23311817210122296,-0.12985419934572476,0.05414937279344059,0.37783700495564904,-0.2109412956870584,0.23327364344313498,0.18589282657079267,0.4469181045452232,0.21319470472012844,0.02573652234669184,-0.2796526881272644,0.4039228751093158,0.09731719392736342,0.2414645770577974,0.16380525363576212,-0.6364779263084348,-0.02396896125709685,0.2210372159524702,0.26861561098849235,0.3774659096692995,0.22363025583364565,0.02698445749293207,0.052148604690977575,-0.22669294872684703,-0.2710124608429693,0.0022589615809954795,-0.0823794518709773,0.025416788128652536,-0.27872680076069906,-0.3189772206721359,-0.3788461805410958,-0.4262968669748331,-0.4029937487564606,-0.05805003771105466,-0.11774779401898046,0.053255412577446475,-0.00996728623847268,0.3797382899077814,0.24048270149965065,0.03353738946959286,0.13255921561006306,0.7537889198906148,0.6410893173605038,-0.13111370230014296,-0.06596056765548292,0.041492339797424546,-0.015213981315676231,-0.24116150048353438,-0.2443731867460681,-0.3081224521902488,-0.1668397210770092,-0.17263334212486756,-0.1696266374232476,0.4476538171453426,-0.013285396336243795,0.4301739335637641,0.6899993984739747,0.5884881800136037,0.07622028808469486,-0.12543437119708306,0.038943257587325385,-0.162429609887237,0.33841946723302657,-0.07421257929732505,-0.05463799701087837,0.1973745702559262,0.22797096017435,0.03660563491071966,-0.23865221153356747,-0.26170315153366003,0.1847915712322492,0.14956389363169023,0.2531619446873684,0.2280968179273264,0.1532660549609702,-0.17604121841409978,0.35299583096193266,0.12064900031001725,0.4153541831507933,0.32804730770832463,0.33371275744157103,0.12753415973754956,-0.02108487532216346,0.013482511787596534,-0.16318799539138523,-0.16412915226474548
#58,0.31754142432108534,0.3228126431516262,0.0973842872147957,0.1852982412304446,0.34335429420175184,0.27445874225535244,0.5535584891517095,0.19483104059375245,0.4688812078642587,0.52076421567947,0.6898443898443899,0.46478065122132917,0.6814979848878154,1.0,0.10463452666842497,0.1844278793431336,0.32267244131650913,0.1290731409375477,-0.08835908327433752,-0.0810815437934082,-0.2927946436421013,-0.0688640875081553,-0.12162254704627586,0.07561922477176715,-0.04817205495171597,0.140553959198027,-0.2204588255435713,-0.04930153574221371,0.2608688812078643,-0.12808386198216706,0.31129665875428586,0.2676365117043083,0.491461106715344,0.25557915388423863,0.13452574300031928,-0.16242590818862004,0.37901507054049427,0.18371530235937017,0.31394337326540717,0.14989056853463634,-0.4728336965625101,0.05063507266897097,0.2453564504411962,0.34358194866669445,0.3007236820796143,0.22592299541452085,-0.07352128708060912,-0.07481086633629007,-0.2679391255662442,-0.32445989903617023,-0.03414076634415617,-0.2041634855194177,-0.03566031362641532,-0.21355562033528136,-0.3121179731349223,-0.2901215545283342,-0.37747655205282327,-0.3381159279464364,-0.07070614528241646,-0.06681889902228885,0.03864295728702508,0.03009203348186399,0.5216095911011165,0.18289121170477102,-0.0069207882767204805,0.08771036059171652,0.8330802296903992,0.5473072456123304,-0.10027485112230874,0.0021562394443750375,0.09489859659351185,-0.016191229750551785,-0.15709870116649777,-0.11347094397941855,-0.24204990815160307,-0.1305982407677323,-0.1804374482340584,-0.14862227404600287,0.2967957171347002,-0.06948736101278474,0.22510954714344544,0.5537801283563996,0.3787346668702601,0.13268923777398353,-0.05486565147582097,0.021951998223184666,-0.19147452537283047,0.2906138804443889,-0.006130938334328165,-0.013080877487657148,0.21689547791242705,0.19014700370632573,0.12254010559095305,-0.21948250253335,-0.30687960687960686,0.20477010138027088,0.07126556448590347,0.22028530842090163,0.1376458122220834,0.2143413058667296,-0.20216919538953437,0.24019489443218256,0.17835755632365802,0.3992374500849077,0.3449238144153398,0.3525247898129254,0.07891697552714502,-0.018383098044114993,0.0912986946885252,-0.16438965930491353,-0.206526557374015
#101,0.015213518603349113,-0.11732117325337664,-0.3762406474270881,-0.29984452865808797,0.12870158293887107,-0.10950364848669933,-0.04214800316495232,0.17904190785546717,0.2023399362382413,-0.09666662039543396,0.04998033472609744,-0.020873878500997145,-0.03385989996159488,0.10463452666842497,1.0,0.7293322598407345,-0.21113841113841114,-0.29522110708551386,-0.15022187056085362,-0.09586982976813485,0.1122637275179648,-0.038112226247819465,0.27798923731127123,0.08740543316814503,-0.03747090696243239,-0.11422886677123965,-0.35240448460787444,-0.26370530777310436,-0.03174530462666056,-0.09739539231064655,-0.1593803356515221,-0.11904153768560548,0.11181212028669656,0.23913805947704253,-0.09158372548203057,-0.019599106039784008,0.18493362391667476,0.3470171249832267,0.3855434787638177,0.23351749283952675,-0.17522869556767862,0.11080155656426843,0.1491095101264593,0.1701471887912566,0.044084454253945776,0.08297403721132535,-0.321238495814767,-0.011892632231615283,-0.0304918169324949,-0.01529217969895936,-0.26573383861519456,-0.3183692166743014,-0.24087785782701038,-0.03409865952238834,-0.19437110454059606,0.11064469708537505,-0.15525247898129255,0.05129628858442418,-0.2925054484376518,-0.091422238879866,-0.16689154485764654,-0.22305556712336375,-0.06717241124020785,-0.080665102699001,-0.324703748432562,-0.22878625929473387,-0.05638936316902419,-0.10526335272097984,-0.029053244307481595,0.15440710355964593,-0.2839309263038077,-0.2886200530268327,-0.034860746725153505,-0.19095119773085875,0.11351166266420504,-0.0071752800566359885,-0.2493885256597121,-0.3809825233554047,-0.38439225049394543,-0.49454462166326574,0.002733241716292564,0.031650448599601144,0.14963700217937506,0.02582860209978854,0.057281472535709824,-0.12748927664181903,-0.20631232156655885,-0.040215716486902926,0.08260756904824701,-0.10709430539939015,0.07694952271223458,-0.2825321469389266,-0.16128439687761723,-0.39071613986868226,-0.23612580222749716,-0.24098289352526642,-0.38301753217007456,-0.2694605236978118,-0.021790048908692978,-0.060896181235164284,-0.09190438512472411,-0.07463873735060175,-0.0774538791487944,-0.16948782372511187,-0.08578594002322816,-0.06285299166655099,-0.06028262468940435,-0.2426343138207545,0.005845444828495676,-0.23254625966490372,-0.17785042361313547
#102,0.04026522670590467,-0.0539170912052268,-0.41391884951206986,-0.3127134838999246,0.20383264620552757,-0.02692661845204218,-0.030504310165327113,0.2969164850520783,0.24788656144588347,-0.04738313043397789,0.12287834830207711,0.10889795805050043,0.056720202482914345,0.1844278793431336,0.7293322598407345,1.0,-0.2699301767098377,-0.33497364853297057,-0.23638769740464655,0.07695322441085153,-0.11345058463702531,0.1261427837699024,0.03527348612094375,0.13493015357422136,-0.30219279371821745,-0.16078420485200146,-0.5465530245191262,-0.37573906726449097,0.0008828551201432557,-0.14042486245876076,-0.06243562514748956,-0.15083357625730506,0.14456289880018694,0.23727101523711694,-0.09712516831160899,-0.09734773294095328,0.08847938847938848,0.5206924952687665,0.2944187639102893,0.2808196486162588,-0.18873573110861247,0.19067218219760593,0.15923087956986262,0.3468366671756502,0.0455572675911659,0.1087373968729901,-0.265296575466067,-0.0025500076347533974,-0.0966337678202085,-0.1502042874924231,-0.39021826140470206,-0.50965773169163,-0.35840354992897366,-0.043758704775653925,-0.22860996589810148,0.18982449321432374,-0.28593447068023337,0.12945858030603793,-0.2519098451301841,-0.00953233665098072,-0.21834608105794545,-0.3217081488267929,-0.0077444162189924904,0.13410374935798663,-0.4494204528102833,-0.2966166474641051,0.09077629247120772,0.08592799270765372,-0.1891142297921959,0.20111467399602992,-0.38457085745221337,-0.35548938769277755,0.05507664829698728,-0.15955385277419176,0.09398890415839568,-0.01452037553732469,-0.2546176376684851,-0.37874114484283977,-0.34469384638876166,-0.36530999412355347,0.1488920353327133,0.12825784181716385,0.12616360582462277,0.07644747983731034,-0.04254084593067644,-0.1172041070346155,-0.27880546185630933,0.10392287510931579,0.15716903344021987,-0.06779938644345423,0.11393828342980886,-0.29674111708010015,-0.20075977364112957,-0.3337104438799354,-0.19477458968984393,-0.2655047960132706,-0.33073289005492396,-0.2937302479675361,-0.13084625457506813,-0.07721095517705687,-0.2517081025555602,-0.14602275619224772,-0.1981713608832253,-0.15506369235182796,-0.10261756363451278,-0.0030927691944641097,-0.05229482178634721,-0.2968123747784765,-0.049622195384907246,-0.14563315241281344,-0.0766644919187292
#201,0.6035610340695087,0.699335545098257,0.7366366366366366,0.774744698473512,0.353475200932828,0.4223795444134427,0.6918086036730104,-0.03769856142737499,0.29224447868515663,0.7985984443611562,0.6347594127255144,0.14997570760282625,0.4387456794236455,0.32267244131650913,-0.21113841113841114,-0.2699301767098377,1.0,0.7378258073173327,0.24195551483687078,-0.054711568270890305,-0.12699602530111004,-0.0915652169889458,0.17555166877200776,0.051665533021465225,0.3988196208535192,0.34871250294979106,0.2858868113105401,0.28180707672233096,0.19428365191077054,0.06659864795458016,0.4079803995058232,0.465914296422771,0.5824007366380247,0.44149095166044316,-0.11300869436462657,-0.013229870856989501,0.2731654613010545,-0.07892993147230436,0.07631884581037124,0.1073524988779226,-0.1808057672464452,-0.23344577242882328,-0.05609831711526627,-0.10132659624185048,-0.0820430600091617,-0.29377189207697685,0.1516983855966907,-0.09703540212014788,-0.12462740089858734,-0.23204699306394222,0.16254991509228797,0.23192483700958277,0.34838490262219074,0.07566086888120786,0.1418402994674181,-0.12457927881656695,-0.34823220755424145,-0.36961368147808826,-0.12444648037868376,-0.3149733709055743,0.2650883549188634,0.329680219510728,0.3358245765025426,0.07826732741986979,0.48663594256814596,0.48098576234169454,0.3748131798979257,0.2896449608314015,0.4211677008287178,0.1455549540295303,0.577642665778259,0.4816756664214291,-0.08531721243585651,0.0771947602456077,-0.338755396382515,-0.10104295358532647,-0.0582980515183905,0.1450607772641671,0.623192529972191,0.36367800774580433,-0.15548938769277754,0.22025199313334906,0.23826445860344164,-0.1167677693101422,0.036036036036036036,0.05516363821448567,0.051306005543293676,-0.08451810824692181,-0.13326577733357395,-0.24496314496314497,-0.141202681880648,0.08311423904644244,-0.046370715862241285,-0.10314968281069976,-0.2675370285539777,0.795147998537829,0.4810597963140336,0.7543538916420273,0.509075176871787,0.3662076560381645,0.26982652914856303,0.7057408718425667,0.6108209904820074,0.6959489535760722,0.5896634693244863,0.5750417597875225,0.49215147350740573,0.21867229324856444,0.12517987941716754,-0.330946663150053,-0.30232605486842773
