,#10,#11,#12,#13,#17,#18,#26,#49,#50,#51,#52,#53,#54,#58,#101,#102,#201,#202,#301,#302,#401,#402,#501,#502,#601,#602,#701,#702,#801,#802,#901,#902,#1001,#1002,#1101,#1102,#1201,#1202,#1301,#1302,#1401,#1402,#1501,#1502,#1601,#1602,#1701,#1702,#1801,#1802,#1901,#1902,#2001,#2002,#2101,#2102,#2201,#2202,#2301,#2302,#2401,#2402,#2501,#2502,#2601,#2602,#2701,#2702,#2801,#2802,#2901,#2902,#3001,#3002,#3101,#3102,#3201,#3202,#3301,#3302,#3401,#3402,#3455,#3501,#3502,#3601,#3602,#3701,#3702,#3801,#3802,#3901,#3902,#4001,#4002,#4101,#4102,#4201,#4202,#4301,#4302,#4401,#4402,#4501,#4502,#4601,#4602,#4701,#4702,#4801,#4802
#10,1.0,0.0805753365075399,0.3093162499942161,0.3257832562917309,0.40849169662728985,0.30042662076560384,0.26586941332704045,0.5449210381413772,-0.24196245552177756,0.2397354210913533,0.289705113433927,0.16618266957250008,0.23783321071456665,-0.13069541035642732,-0.3520227469380012,-0.26742736573245046,0.2821281990773516,0.23547152699695073,-0.14685841465502483,-0.04485070586765502,-0.059681098664149515,-0.06546083834219428,-0.01114766538495352,-0.03126038210783973,-0.1009684569006603,-0.1477024019396901,0.06084528287918119,0.12322954695836051,-0.02482914347321127,0.20090228903788226,0.4342185020151122,0.2781803375023714,0.5580699343411207,0.1376920834547953,0.10300948097558267,-0.04066686100584406,-0.1095827722946367,-0.05974171397900212,-0.1658416505874133,0.12445712276220751,-0.1701425616679854,-0.18657023741769505,-0.1184339964000981,-0.1524447405803338,-0.07790965079100673,0.10577650069175493,0.01795925355247389,0.1819482039821023,-0.012383107298361536,0.15286395794870372,0.025163221773391264,0.11355515762295423,-0.035586279654076264,0.23238523577506628,-0.27021890920196007,0.12738146466960026,-0.24680288917577053,-0.3056011327197768,0.18288380830753712,0.05447512227173244,0.08055960428841785,0.029210103786374973,0.0724260470023182,-0.058654802722599333,0.2129198535978197,0.09408005848683815,-0.1115687336026319,-0.058323037984054936,-0.16111828315218146,-0.07994142061938672,0.01875280519348316,0.08929052318882827,-0.1560455679099747,0.21586409213527857,-0.2221805781127815,0.14844829421100608,-0.21824104535968944,-0.10448784686072822,0.17686669720568027,0.2804749279325551,0.10542576474779865,-0.06282893062554079,-0.10635118940203686,0.16070600646871833,0.28668128837620366,0.05937617124057802,0.10136962848827255,0.03733348140127801,-0.009542979034504458,-0.07942364552534044,-0.06664260562565648,0.043568067296880855,0.03180638265384028,-0.013563949157169497,-0.08976989315972367,0.09890337178472772,-0.012128615518446026,0.104533655381113,0.03178185890050297,-0.026410231494977256,0.15924892535062027,0.3323870866243748,0.33602539365251227,0.24816280070517358,0.4576752407260882,0.3053156392139443,0.07583716227784025,0.04017499780211645,0.17335008351957504,0.027327790039654448,0.022535941180008977
#11,0.0805753365075399,1.0,0.30107441802357054,0.28965652863957947,-0.07799478985919664,-0.01478967411170801,0.3554542215559165,0.21718050870593245,0.27212065686641956,0.07250239453629284,0.2608156692902456,-0.1350786842312266,0.02266272435763961,0.26615444412054584,-0.17403027064044013,0.09045979723945825,-0.19634133362946923,0.06630343748987817,0.0642457557711795,0.07683939717838023,-0.4269442015204727,-0.14561695748136427,-0.2527219052642781,0.20876006977701894,-0.09569770078244655,0.19761656880300948,-0.08161829009286636,0.06691977030960082,-0.02645511459070781,0.06350772960942452,0.06717518751417056,0.04118787508618017,0.02413877668114956,0.25225687937552344,0.035050921491599454,-0.026319539878861913,0.038393555342707886,0.13455443116460067,-0.16369559081423488,-0.03605315639213944,0.013286784473225151,0.09425450103416205,-0.10437170606662131,-0.07124751870514583,-0.13332361637446383,0.039938089090631464,0.024506632981209253,-0.2099071336359472,-0.03531975735365566,-0.21326272343221495,-0.1888407668068685,-0.17055252478981292,-0.18672941045822403,-0.04771258161088669,-0.12423039372191914,0.13686382838925212,-0.20944534673348233,0.045180619756890944,-0.019300193876465064,-0.0766279376448868,-0.029157817293410514,0.08953992513314547,-0.052043106280394415,-0.14080336114234418,-0.06701971617225855,-0.24738174229699653,0.24257045951961206,0.26167770235566845,-0.22460565341921274,-0.0010600739414298736,0.03418287316592401,0.08495444597139512,0.06340963459607528,0.1192479073835006,-0.1839272246051907,0.05030099436879098,0.022480878413081804,0.20977526062271826,-0.17444301003623036,0.20635581652530804,-0.031294622820046546,0.20052425306662594,-0.017434075061193707,-0.09471998963524388,0.051774270418338215,0.08955334379063193,-0.05151746507678711,-0.11034023237413068,0.10593474830762967,-0.21051698848309017,0.04077559840271704,-0.14129614977072605,-0.04338205694137898,0.023849118764373,0.06844070572884133,-0.12143792482775534,0.31765293799192107,-0.02788026855823466,0.1483349296908619,0.13336849947019438,0.24623652928737674,-0.028304113049875762,-0.09680034425797138,0.008711022270344305,-0.1963454980404133,0.20430044836824499,0.28743736031871625,-0.04407982713067459,-0.08105378105378105,0.24731511172189138,0.25511644155711954
#12,0.3093162499942161,0.30107441802357054,1.0,0.7965092982042135,-0.04368976063891318,0.13586668332431046,0.23367805401703706,0.08829985609646626,-0.24010235196675875,0.5397867821596635,0.19429938412989262,-0.09110296737415381,0.07285081691861353,-0.03632847022677531,-0.19043388534913958,-0.27588898605847756,0.29756983485797045,0.537046137046137,-0.06285623065284082,-0.2595570917604816,-0.07879759574674829,-0.18660586626688322,0.04270834779309356,0.3619988247106891,-0.06809459690815622,0.1270825525062813,0.3739719688872231,0.3720674449488009,-0.016212514517599263,0.06266744402337622,0.4430077226687396,0.32051759000911545,0.3457876983300712,0.32044957129702895,-0.002899818154055442,-0.20673801690750843,-0.2752620108552312,-0.16591846083371506,-0.18957000143440822,0.04984013289098035,0.1044124247514078,-0.19878861912760218,-0.19089382140229597,-0.2081395725463522,-0.05063414724431674,0.03164489605167571,0.3469773317230944,0.31679969646071343,0.1598916327729887,0.11693064404928812,0.055571750487004724,0.21546338325999342,0.0843482928228691,0.3488198522096827,-0.3544362544362544,0.05749663376782021,-0.20253473812795847,-0.4921843260826312,0.03292892275943123,-0.04474474474474475,-0.0034874628094967077,0.020071535325772615,-0.1721507331676823,-0.2717990717990718,0.39173642054997987,0.004674319928557217,-0.017453046266605588,0.044025689788401656,-0.3883900850002545,-0.1917396595362697,-0.031095656519385333,0.04141969396206684,-0.13445494801427005,0.07656963589166979,-0.41659471489979966,-0.11505480827514726,-0.07158668684092413,0.06548767565716718,0.046588190655987266,0.169026036822647,-0.16686193126871093,0.07986923749635615,-0.23874475399899128,-0.1527593849627748,-0.018045780757645163,-0.040844079827130675,-0.08545972783260919,-0.08936733343513005,0.047276243886413376,-0.1422470236029558,-0.016890388076828754,-0.18061929417861622,-0.25556897421304203,0.08077384009587399,-0.07597042342805055,0.08593076898161645,0.2441982814864171,0.37050162643382983,0.515201488082844,0.2876515961261724,0.5886677123965259,0.44821832618442786,0.3043680043680044,0.25592618812957796,0.3834386003877529,0.46205758917623324,0.3687919043851247,0.007341393782071748,0.01862324574188981,0.14418254926729504,0.013892012197096943
#13,0.3257832562917309,0.28965652863957947,0.7965092982042135,1.0,0.045372645372645376,0.18006774108469023,0.21559942068416646,0.11469435537232148,-0.21844139979733201,0.48970650157090834,0.338121943206689,-0.017346622431368194,0.1453661674000657,0.016547980954760615,-0.22866410324037442,-0.260906823618688,0.20828440150474048,0.34374759967980306,-0.04272037831359865,-0.1699852394767649,-0.1105734393869987,-0.20456095540841304,-0.01565957328669193,0.2638658689506147,-0.06413100311405397,0.09368397673482419,0.43573295946177304,0.4392583646820935,0.035037502834113006,0.0613954478361258,0.4286437438979812,0.18501321043693925,0.2813290948884169,0.24087554426537477,0.10052517849128019,-0.13481077379382464,-0.27127435602011873,-0.1311868108478278,-0.29481530837463044,0.03773372756423604,0.057468871028193064,-0.2281814942831892,-0.16900336391861814,-0.12231985452324436,-9.300517775094047e-05,0.17823031043370027,0.3033440219880898,0.3705640925979909,0.1891702179837773,0.18369818200326674,0.10969891308874359,0.24194718601498263,0.09692435116163929,0.28690662927951066,-0.34001304848762476,-0.05397678109542516,-0.23556083047608473,-0.41441302627743304,0.014303363455905828,-0.015756280163059824,0.03175964870880125,0.044308407020271424,-0.07988265615384259,-0.23413937820717481,0.44742755081738134,0.029151802033157967,0.026178875331417703,-0.0371419184978507,-0.4378804073719328,-0.2817422969965343,-0.11464114345470278,-0.07099117607592184,-0.22007431159973534,0.043085458339695626,-0.43353461319563014,-0.09383297010415655,-0.13191003021511497,0.04319882285983981,0.05811065302590726,0.11187875086180171,-0.05595163730756951,0.09295798109357431,-0.23591295455702235,-0.11002743884099817,0.08951493866748104,0.06293119004983412,-0.034015371303506896,0.015795147998537828,-0.04176904176904177,-0.11159279464364211,0.03599207836495972,-0.18879634642346507,-0.20097493487323995,0.04412332208942379,-0.10209932582813938,-0.021294021294021293,0.09924439076981449,0.2781993087077833,0.372922537329317,0.14577196611094917,0.5269252303150608,0.3773761434778384,0.1085462966818899,0.3331394568682704,0.3671372451033468,0.41883054086443916,0.2967425052170815,-0.028509094610789525,0.07202256185307032,0.16470106470106471,0.02950762781271256
#17,0.40849169662728985,-0.07799478985919664,-0.04368976063891318,0.045372645372645376,1.0,0.4284160894330386,0.0852542835593683,0.36992092246329533,-0.19683828666879513,-0.11478365885145546,0.07836125802227498,0.5683754632907175,0.6728410999597441,-0.11307116052878764,-0.34203047423386407,-0.3335868996885946,0.169566022108395,-0.23548957277770838,-0.11822068601729618,0.08288843543080832,0.14530231309892327,0.19043064636284976,-0.2093500279940958,-0.17544293137513475,-0.35248499655279314,-0.09818339140373039,-0.06097206605681182,-0.10677179490738813,0.10815576747780138,0.23546273546273547,0.40680140849632374,-0.10023875956079346,0.295780989001328,-0.21806012483978585,0.3368851131562996,0.3579829444236224,0.2679220052101408,0.11157104716426751,0.028476242035564068,0.10415932110847365,-0.09841012044401876,-0.16774432367652706,0.03560016102388984,0.25657028368892776,-0.1270265643146999,0.24803648023987007,0.033550808127079314,0.1761388507151219,0.053906911534030176,0.18008439872846652,-0.11407802255259883,-0.09862805795009184,-0.14414368143181702,-0.05768218141099497,-0.15675490590744828,-0.17166997505980558,-0.1576224915207966,-0.11411365140178699,0.21646793172216902,-0.11386332403281556,0.18146004247699163,0.1028771452500266,0.28258443343189105,-0.05417898638237621,0.14113096146994453,-0.004710874202399626,-0.2060203500881467,-0.0803139040427176,-0.030994785232073368,-0.06458168492066797,-0.0223670511806105,0.09645331001263205,-0.1639426791969165,0.13695452000536745,-0.13986451783061954,0.012062910367995113,-0.14858062993656215,-0.2611751967684171,0.1754197957587788,0.05402073876650148,0.4652044957129703,-0.32294451616485514,0.31481049616642837,0.629373441237848,0.6918368291249647,0.2779142779142779,0.3727619761518067,0.0011466011466011465,-0.08955935905088447,0.014475955153921256,-0.01123650615176039,0.15579801681496597,0.18703248703248704,0.206891637400112,0.007028600248939232,-0.13762360203038168,-0.34690607402471807,-0.28168353253099015,-0.26312506651489703,-0.41283656537893826,-0.20704109348177144,0.05261548142904075,-0.029044915485593452,0.18370327183886506,0.1711188846782067,-0.13758936131817487,-0.32110847365084655,0.08878709217692268,0.074806701925346,0.018824062891859502,-0.03860871657481827
#18,0.30042662076560384,-0.01478967411170801,0.13586668332431046,0.18006774108469023,0.4284160894330386,1.0,0.12319391810917235,0.15286534608568506,-0.1896597676258693,0.13841252654811978,0.21291939088549258,0.44321640592827033,0.2911871810176895,0.004652572449182619,-0.24143172448257194,-0.3506836574633185,0.439796499118533,0.08320631879953914,-0.04400718129531689,-0.012352105572444556,0.054210450820620315,0.02284040589125335,-0.179771605195334,0.02677623694572847,-0.2565374311137023,-0.00010457298592891814,0.03409819681006122,0.060918854139193124,0.11734292073275124,0.2537209011785283,0.22356269983388627,-0.14346071803698923,0.19885108529176326,-0.31375875104688666,0.0373089576479407,0.06324675985692935,0.28105193020447256,0.10866428832530528,0.050719286312506655,0.0011627960780503154,0.01351027452722368,-0.011195787466973908,0.07346853787531754,0.020350088146698316,0.07628599323514577,0.03464095836977193,0.08938537921588768,0.3046298995451538,0.00018878662946459558,0.010540586811773252,-0.13671622315690113,-0.08634721007602364,-0.1765164239740511,-0.16321205643239542,-0.09666939666939667,-0.22932763271746323,-0.1473040066260405,-0.2905865804170889,0.18682380377295632,-0.07037160426990935,0.06562972834159275,0.003158474344915023,0.22082806998061236,-0.10387660387660387,0.10998903371784728,0.0026369975522517897,-0.06780493899137967,0.17325985461578683,-0.010279154346950958,-0.035050921491599454,-0.06230560298356908,0.20494870833853884,-0.10987659462235734,-0.030148947098099642,-0.19275114868335208,-0.12266873961789217,-0.18010290722155128,-0.1410624800455309,0.38571838402346875,0.2607994743587964,0.27308541206846293,-0.1556800251715506,0.06460852223564088,0.4078230773146027,0.21072382089331243,0.10988862514286243,0.1427578580120953,-0.008182604792774285,0.13406950864577982,0.09199739030247504,-0.09066107710175507,-0.000654737942873536,0.020553218858303603,0.08545556342166512,-0.12373158983328475,-0.09845407811509506,-0.1896565286395795,4.627123271191068e-05,0.011943067875271265,-0.05270802389446457,0.025416788128652536,0.22527612358120833,-0.0579056714649935,0.1074154277544108,0.234625688862977,-0.06403799793630302,-0.20852131021622547,-0.010326813716644226,-0.1270020405613626,-0.030473771151737255,-0.06829680219510728
#26,0.26586941332704045,0.3554542215559165,0.23367805401703706,0.21559942068416646,0.0852542835593683,0.12319391810917235,1.0,0.14973694804203277,0.06151667846583101,0.3885238088627919,0.40644928441538614,-0.055167339913102624,0.09005353581624768,0.40863883914731375,-0.04517830619525535,0.04369670132381997,0.06774108469023724,0.27057057057057055,0.0740658994896283,0.0796767491682746,-0.1774784029021317,-0.10449571297028924,-0.16187296695771272,0.1595186866373307,-0.0295983194288279,0.03395429327632717,0.05624360878598167,0.20589125334888048,-0.11830860135944882,0.16181373977984148,0.15191863666439936,0.2588819944752148,0.3675717319785116,0.3650383819875345,-0.05350481452176367,-0.027637807298824247,0.03315935349833655,0.2265226705904672,-0.11880416626179338,0.13395105429003734,-0.07423016236575558,0.057580847411355884,-0.15527515188532137,-0.1754804110736314,-0.16191692462878904,-0.18453846758931505,-0.0351439266693504,0.0923037058630279,-0.042325221986238934,-0.08739756705858401,-0.045765488138369496,-0.047546005173123816,-0.0278788804212533,0.0747002780901086,-0.2179740603469417,-0.010160237278881346,-0.20179301026758653,-0.22564212903195954,-0.15141381751551244,0.032907175280056634,-0.09522480878413082,-0.015284776301725454,0.09917544663307375,0.1040926905333685,0.10793644183474692,0.028119953543682356,0.29502954418208654,0.4753985109917313,-0.029220283457571595,0.11727999185626305,0.22849752680261154,0.3358310544751223,0.09701319192844617,0.08677336812930034,-0.1999537287672881,-0.02887556277386786,-0.06651628516035296,0.12165632504615556,0.20382524280829364,0.3760268743319591,-0.07021104309239902,0.1261737854958194,-0.016822369364742247,0.008590254352966217,0.05399482687618281,-0.15181869080174165,-0.1498220871102227,-0.09277798599832499,0.22848595899443358,-0.154628742764336,0.003975624314607366,-0.20556781743222421,-0.19792010808959962,-0.11709120522679844,-0.2080447165192928,-0.04637302942387688,0.1194852788073127,0.030797669780720627,0.2560386272250679,0.22444786851566512,0.1845902913699524,0.19541961067384797,0.22093495652817688,0.053943928520199705,0.2585909484214569,0.20666537107215074,0.30817242512157766,-0.0002753138346358685,0.11015283388164744,-0.059987414224702364,-0.0851816377240106
#49,0.5449210381413772,0.21718050870593245,0.08829985609646626,0.11469435537232148,0.36992092246329533,0.15286534608568506,0.14973694804203277,1.0,-0.06321714626799373,-0.09010026976128671,0.2504157470259165,0.14605144435652911,0.26361183988302633,-0.19203209372700897,-0.32165678775848267,-0.20060661586085315,-0.024931402897504593,-0.02600535820874804,-0.06798030696335781,-0.034628465136939714,-0.07162139026545807,-0.004535506230421485,-0.2565929565929566,-0.16598277784718463,-0.3322876034740442,-0.26260914227015925,-0.014770702906296127,-0.0796212236890203,0.09985424561695748,0.04166169250915014,0.22795106354428388,0.09534465127685467,0.1252173591156642,-0.042418689876316994,0.055848915170949066,0.1435981435981436,0.02024505244844228,-0.07226826209877057,-0.14763299509062222,-0.1947375727036744,-0.07281565078175248,-0.05642314116890388,-0.1206133714608291,-0.06865632967327882,-0.21498864041236923,0.17470212893941708,-0.003779434287908864,0.004270372066982236,0.060233577182729724,0.05000485847943475,-0.02834251817302665,0.048986891359772716,-0.19560006848142442,-0.017052337391320442,-0.04933716459140188,-0.046030622301808745,-0.07628691865980002,-0.07985535612654257,0.11290967392662309,-0.16947024065668134,0.1651202820694346,0.07473359337766118,-0.008218696354289574,-0.1690186334254131,0.12002017425746239,-0.10205398002008172,-0.12867150663760835,-0.10818075394346581,-0.0957328669193076,-0.1048024912431692,0.11947741269775168,0.03199887098192183,0.011431770753804651,0.24252233743759166,-0.019761518066602812,0.17283924911043555,0.030541789863823762,0.005492858035230917,-0.21573499539601235,-0.0001235441913408015,0.1374052018119815,-0.10436661623102302,0.06350310248615333,0.28859738012280384,0.38025421415251925,0.31063544283883265,0.21353248471892539,-0.13244909007620873,-0.0492043661535187,-0.20023922227312058,-0.09195528348070721,0.05014089590360777,0.11697043730942036,0.13751810361979855,0.12385143232600859,-0.09610766390427407,-0.22007523702438958,-0.03667781803375024,-0.17126787804753907,-0.14968419883674122,-0.05947704252788998,0.12142589430725025,0.04612547832886816,0.3209719735143464,0.07871800922648381,0.07957634059328975,-0.16252585405127778,0.09151802033157966,0.1964278608346405,0.09755872976211959,0.044761865100848154
#50,-0.24196245552177756,0.27212065686641956,-0.24010235196675875,-0.21844139979733201,-0.19683828666879513,-0.1896597676258693,0.06151667846583101,-0.06321714626799373,1.0,-0.15669845500353974,0.0278594465035143,-0.2784811005149988,-0.26404169963491997,0.2660494084222898,0.1767079868774784,0.38023061582383616,-0.3029294317429911,-0.03058991194584415,0.04514128920908582,0.10847781525747627,-0.23572000351661368,-0.10959341467816044,-0.11733783089715293,-0.07742842997080285,0.18616305056983024,-0.054101713423747325,-0.08018434459112425,0.0002517155059527941,-0.15062350486079298,-0.14425056797938154,-0.2792913097997844,-0.06644780373593932,-0.09749533817330427,0.03636594992527196,-0.05315592942711587,0.09566299735791262,0.21881851034393407,0.2309133478625004,-0.08392491104355511,-0.03838291295918415,-0.11444865512662122,0.11580856665602428,0.03976919909123299,-0.08970094902298292,-0.16049639778453337,-0.10109292651665533,-0.25698487393402647,-0.1122271732441224,-0.24245339330085092,-0.10474974203787762,-0.03659082811625185,-0.17439812694049983,-0.026141858345248174,-0.0962270436846708,-0.06848790238620747,0.07090279802144209,-0.15635465974449025,0.2005136106831022,-0.17144370873184434,-0.10761300591809067,-0.0748284494047206,0.0009550382431738364,0.0217470166622709,0.1587852875988469,-0.07775741843538454,0.1295960058671923,0.2181387859353961,0.12612473798914478,0.16972010531332565,0.16240601155855394,0.18602007246075042,0.17374200086064492,0.2593299000078661,0.08072849428781632,0.09660785592988982,0.01051097322283763,0.11561098849234443,0.12384264079179333,-0.08495953580699343,-0.05071373376458122,-0.2517483585280195,0.15088308647630683,0.13369887607175743,-0.21336035573323708,-0.12221389340033408,-0.10420559234118557,-0.1278159515447651,-0.07197860418199402,0.0006538125182192979,-0.15488184640727012,-0.03719975753874059,-0.15947380354160015,-0.15157437869302276,-0.13247546467885452,-0.0920954853158243,0.01450973315380095,0.12056848836509854,0.02015621168163541,-0.02481433667874346,0.28369864471559386,-0.002796170592780762,-0.16081798285188115,-0.24195320127523517,-0.1196569450806739,-0.27465261872041535,-0.03317554842978572,0.16140840378128513,0.025765673223300343,0.06775265249841521,-0.13086753934211562,-0.07251488776912506
#51,0.2397354210913533,0.07250239453629284,0.5397867821596635,0.48970650157090834,-0.11478365885145546,0.13841252654811978,0.3885238088627919,-0.09010026976128671,-0.15669845500353974,1.0,0.49066570422502626,-0.09814776255454222,-0.1317610368457826,0.20605320266337215,0.020142330311821836,-0.05180342129494672,0.45169283304876523,0.4765761138642495,0.21302812828236556,-0.08452088452088452,-0.1059791686910331,-0.24707681487342503,0.09224170241119393,0.33131451945011264,0.16748289121170476,0.02562732223749173,0.21342004562343544,0.3282573791048367,-0.12499710804795551,0.1664709393522953,0.13990755007704161,0.2650087683985989,0.36837592600304464,0.28747391459255867,0.01807446892192655,-0.09486250503199656,-0.14165937894751454,0.10079771605195334,-0.04732066426981681,0.19310234733963547,0.11293142140599768,-0.02256092764567341,-0.08074468921926549,-0.38605199961132164,0.031695331695331695,-0.16488476149493098,0.07086809459690815,0.25886348598213005,0.0055645784459343785,0.013750422224998496,0.04432275110241212,0.1552057450362535,0.12692985743833202,0.2186255593035254,-0.2680219510727985,-0.007860557013099387,-0.25692148234521117,-0.49637649976633025,-0.1437679590221963,0.011119902645326375,-0.08532091413447346,-0.01843769809871505,-0.03997325522749252,-0.014775330029567317,0.2651730312747262,0.2180443926206638,0.18175664107867498,0.1868478648139665,-0.05935997630912885,0.09251146369790438,0.10781659934202308,0.1899813526932171,-0.04257601206753749,-0.013925790196976639,-0.397867358884308,-0.1333934859358588,-0.159974458279543,0.027464290176154583,0.27512273444476837,0.3043689297926586,-0.26679622611826004,0.11049709185302406,-0.35480040903769716,-0.13383028637265926,-0.13303349574536016,-0.22425075306431239,-0.21930435828740913,-0.0310512361359819,0.1700093005177751,-0.04945608165947149,-0.03028313367296418,-0.30445730784713837,-0.35116534099584945,-0.15662858544214475,-0.3168163541044897,0.17903820615685023,0.27843344114530555,0.3933087170375306,0.4222870019480189,0.36566813346474364,0.47173105308698526,0.4560224322936187,0.23345317582605718,0.04991277872633805,0.45136847170745475,0.41061323264713095,0.4718832854426075,-0.05273347307245612,0.10594909238977035,-0.018360425140086158,-0.11161176584905398
#52,0.289705113433927,0.2608156692902456,0.19429938412989262,0.338121943206689,0.07836125802227498,0.21291939088549258,0.40644928441538614,0.2504157470259165,0.0278594465035143,0.49066570422502626,1.0,-0.02971816192155175,0.015491608711947696,0.3204611391052069,0.0370595557036235,0.08855851228732585,0.13513513513513514,0.16754628280052009,0.14543788781076916,0.003228806618637127,-0.18024033278270565,-0.1356834492427713,-0.007797165424284068,0.2035726018776866,0.0736540855184923,0.005407718967041001,0.10142746752916244,0.27042250262589246,0.022596093782534462,0.260114197402333,0.09536871231786485,0.14694956898346728,0.23219506100862033,0.1711332287603474,0.06280579500918484,-0.10099807048959591,-0.06891267230250281,0.09820698973241346,-0.100539985285748,0.14445138512935124,0.13947583947583947,0.12447516854296516,-0.2711818135546949,-0.34374945052911154,-0.0874965874965875,-0.0634295312261414,-0.04995257198647029,0.10559326661021576,-0.11318313691195048,0.02442103120069222,0.07040538226978905,0.06760782354002692,0.005715885376902326,-0.0024250753064312385,-0.22235872235872237,0.0015477727342134123,-0.29422442473289934,-0.300718592244016,-0.17685605482215652,0.006706552469264333,-0.07683708361674463,-0.07123132377369666,-0.046423002355205745,-0.1497716514665667,0.1751921412938362,0.14106340547018514,0.20739784468598027,0.15672066519524147,-0.0025662025662025662,0.02125515345854329,0.19341190188647817,0.22468847892576707,0.02351365232721165,0.08033981593303627,-0.3384958147670012,-0.09031172929478014,-0.11969535020382478,0.103504120453273,0.12079475469305978,0.23360448275702514,-0.11385777148489012,0.15623574267642065,-0.20389187338339881,-0.08069795527422646,0.09455711489609794,-0.04956713261798008,-0.20700268835862057,0.04638043282111079,0.18879819727277355,-0.17863518371992948,-0.05515392125561617,-0.27314278839702566,-0.3521874725264556,-0.21344827107538972,-0.2301207216461454,0.017250840979654538,0.16831345983888357,0.22353493709425912,0.17936950818306752,0.1697233442996155,0.2144162652637229,0.10546185630931394,0.06329210566498703,0.20368226469921386,0.24518293331852653,0.33741954589412215,0.2497855328363803,-0.07751773344993684,0.06901030460352495,0.007298824247976791,-0.00024384939639176926
#53,0.16618266957250008,-0.1350786842312266,-0.09110296737415381,-0.017346622431368194,0.5683754632907175,0.44321640592827033,-0.055167339913102624,0.14605144435652911,-0.2784811005149988,-0.09814776255454222,-0.02971816192155175,1.0,0.6146689061943299,-0.0002683731497290819,-0.3106243377429818,-0.305360985022002,0.21461661970136547,-0.20458779272338595,-0.18500997145064943,0.03831998408269595,0.06427490664778801,-0.013404313404313405,-0.15898980644743357,-0.23212056432395414,-0.21237200220251068,-0.17167969201867506,-0.19400833807613468,-0.22762809033995474,0.24685841465502484,0.1804059837958143,0.25614690190961376,-0.09463253700541836,0.07239920968734528,-0.212936511241596,0.2097909928418403,0.29086790951197733,0.12208757293503056,0.07675842252113439,0.03501390450542993,-0.05927529995326605,0.05649902599055141,-0.07846490558354965,0.2730192442056849,0.3814179356552238,0.09122095901756919,0.2626304270372067,-0.04793699708953946,0.14755155772104925,0.012299356367152977,0.11051698848309018,-0.16310840887112074,-0.0006038395868904344,-0.2759833793732099,-0.056653109195482075,-0.12428545648884631,-0.18909664672376536,-0.0987890818399293,-0.07543922967651781,0.2471050403253793,-0.022251373098830726,0.1833071900868511,0.112101315491146,0.23894418301197962,0.04870371141557582,-0.03453222097289894,-0.08834936631546801,-0.12257018189221579,-0.026303344947412745,-0.08360610225017005,-0.024908729993475758,-0.13051263898721527,0.013927178333957995,-0.2389650050667,0.06839674805776501,-0.01680062188536765,0.08913736540855186,-0.20644141830582508,-0.1341777833303257,0.029633485565688955,-0.06635202228422567,0.5354534812161931,-0.2663723816266189,0.2495412207276614,0.5960396451921876,0.4957185228371669,0.3784487106521005,0.4307921172327952,0.06498285650828024,0.025225225225225224,0.23391311187921357,0.18062299587723316,0.39053984647204987,0.38094920806785215,0.2973181193520177,0.15670123127750246,-0.08646427629478477,-0.22793533132516183,-0.22866687951433715,-0.15788022228700194,-0.43126315838180246,-0.15398881161593025,0.11270237880407372,-0.044832197374570254,0.04325481105142122,0.14911136097576774,-0.23969701596820242,-0.26634970872259006,0.039695627831221054,-0.0989274328257379,0.07531383463586853,0.08670257314325111
#54,0.23783321071456665,0.02266272435763961,0.07285081691861353,0.1453661674000657,0.6728410999597441,0.2911871810176895,0.09005353581624768,0.26361183988302633,-0.26404169963491997,-0.1317610368457826,0.015491608711947696,0.6146689061943299,1.0,-0.014119666662039544,-0.34717583531142854,-0.3627530458038933,0.11401416825145638,-0.13648949411661276,-0.2723973588380368,-0.021910354113743945,0.09260215531401972,0.022194459482595075,-0.2526872018397442,-0.17176344294988363,-0.3173766987326309,-0.1332722553061536,-0.10006339158881532,-0.0954617174956158,0.3870139785394023,0.17708417199942625,0.4343221495763869,0.02330635720466229,0.16029187893594674,-0.05979723945825641,0.33756483756483757,0.2644951577154967,0.13952627511949545,-0.025481105142122092,-0.1278136379831295,-0.086857581772836,0.08650592040422549,-0.1841863435083774,0.24022126903482835,0.4640500284568081,0.07643868830309508,0.3602377415936738,-0.031203931203931203,0.2319812879134913,0.013136402966911442,0.2783876326249208,-0.0025763822373991866,0.08232207554241452,-0.12268724811097692,-5.552547925429281e-06,-0.22592993609942763,-0.11638186722932485,-0.22528954223869477,-0.09780998255574527,0.17171578358019035,-0.03210251854319651,0.01739058010244451,-0.006618637127111703,0.18481748312256788,0.032136296543076204,0.20318531165988793,-0.11870468311146277,-0.21098062623486352,-0.07335563606750048,-0.1907776806081891,-0.11200599675175946,-0.08534173618919381,0.03323061119671289,-0.2216720572652776,0.11883470527538324,-0.17303127472618998,-0.0294965227168617,-0.2342453393300851,-0.2777153116136167,0.033098275471156825,0.027815951544765103,0.5015061286247727,-0.12246745975559535,0.3364663585002568,0.6204454068860848,0.61981658083353,0.256097391690612,0.29075963482743145,0.05667670752416515,0.008088674190369106,0.23955496328377685,0.08709356505966676,0.32412905972228007,0.21154559798627595,0.2210932041440516,0.1067953932360712,-0.15901895732404206,-0.26455947472896624,-0.26216447572379775,-0.008527325476478019,-0.39198721063127845,-0.004752518311840346,0.11182183724556606,0.07058491465271126,0.2324245663228714,0.14488726014149744,-0.20839313890161348,-0.2640472521828454,-0.0781002882697798,-0.0456613778647677,0.011178204398543381,0.027666032750778512
#58,-0.13069541035642732,0.26615444412054584,-0.03632847022677531,0.016547980954760615,-0.11307116052878764,0.004652572449182619,0.40863883914731375,-0.19203209372700897,0.2660494084222898,0.20605320266337215,0.3204611391052069,-0.0002683731497290819,-0.014119666662039544,1.0,0.22506420133538776,0.3412540429489582,-0.1205485917350324,-0.03955820227006668,0.1846869982463203,0.16880162134399423,-0.3543460255324662,-0.2629140696937307,-0.10695641712590866,0.2087956986262071,0.054644937695785156,0.09200988353530726,-0.16564499784838768,0.005056983023084718,-0.03792020063206504,0.20804379109463855,-0.2153120763290255,-0.08281486417079638,-0.013726361183988303,0.20150103878917439,0.09910002452375334,0.025033662321797916,0.1748936918428444,0.33340227747007406,-0.10755377874021942,0.10973315380095042,0.19172901715274596,0.2544302391760019,0.13819875345299074,-0.04780558678863764,0.05494107358514138,-0.14532776227691482,-0.12885797970543733,-0.03016514202954881,-0.28010892248180386,-0.16851659055048884,-0.061543978493131035,-0.20175136615814582,-0.18816381867229326,-0.3048746743661998,-0.2129392875155587,-0.17302525946593744,-0.31938857193094483,-0.005681181952368393,-0.21659193862583692,-0.09864332745688678,-0.27399741806521466,-0.2034101898508678,0.27343661072474634,0.35740038960377946,-0.2067153440034796,-0.08622227774770147,0.6641999472507947,0.5588297079822504,0.07681024630177173,0.3061323264713095,0.13534844551793704,0.2165886996395471,0.258152297135348,0.14512740783927225,-0.010796466728670118,-0.06603321349084061,-0.057427689631079464,0.08793431335804217,0.08554995673639741,0.31169644220491677,-0.04760708320030354,0.3438142302549082,0.041761175659480745,-0.04804897347270229,0.09987830665796768,-0.18275563699292513,-0.23401120689256283,0.1277062887232379,0.2717292022376768,0.04156915004372631,0.33615911751504973,-0.23172355714728596,-0.15343031783709749,-0.2543821170939815,-0.23100589032792423,-0.17296556957573908,0.29503000689441367,0.08635137448696771,0.07773983536695402,0.3589518640366098,0.07455868811801016,-0.07897851626665187,-0.14672978062808573,-0.05222217595098951,-0.1381057482752398,0.11372034592373576,0.2329136532526363,-0.11497522175488277,-0.2079651299990283,-0.12245450381043602,-0.05758917623324403
#101,-0.3520227469380012,-0.17403027064044013,-0.19043388534913958,-0.22866410324037442,-0.34203047423386407,-0.24143172448257194,-0.04517830619525535,-0.32165678775848267,0.1767079868774784,0.020142330311821836,0.0370595557036235,-0.3106243377429818,-0.34717583531142854,0.22506420133538776,1.0,0.5607425607425608,-0.07516437855420906,-0.007752745040880634,0.4038696631916971,0.09807511671918452,0.3231444078901706,0.15592988982819492,0.10777217895861964,0.15602289500594585,0.02664251308319105,-0.14809940911635827,-0.2852667767922005,-0.2287145388840304,-0.06970853750514767,-0.09843649504666453,-0.41983185034032494,-0.12267891928908878,-0.26966411712174426,-0.11029627470305436,-0.1873707297436111,-0.1463105632597158,0.04247837976651536,0.11315167247370637,0.5280158432700806,0.22421049709185303,-0.019356182068046474,0.14178801297445365,-0.10469005214767926,-0.14834788563602122,0.023500696382052315,-0.34827523980066355,-0.226949291356071,-0.16079808622181505,-0.4052670544195968,-0.12225738835908327,0.01025694415524924,-0.09520953927733589,0.08578547731090104,-0.19890013279843788,0.16439382371585762,0.06699472970659412,-0.12304862643845695,0.07369619234026013,-0.48905870431294163,-0.25852524327100596,-0.4254274305121763,-0.38240675189827733,0.05598310174581361,0.10550535126806314,-0.2373043305246695,0.121945520250605,0.1909474960322418,0.16077865230407604,0.5170639051994984,0.34647899054678716,0.13882850493019985,0.026936335410911682,0.40973963177353007,-0.17880962626725339,0.09839762721118653,-0.4068860848521865,-0.04741274402291351,-0.2773613366833706,0.24165937894751455,0.06070693189337257,-0.20815345391616577,0.06709513828157895,-0.026587913028590995,-0.2218927710453134,-0.26807377485343586,-0.47100598287038964,-0.5597828953761157,-0.03515086735425718,-0.01499696923425737,-0.061450510603052975,-0.0430192904769176,-0.38481748312256786,-0.43062137638408826,-0.453156392139443,-0.3826330182262386,0.017585844704488773,0.2510889934618748,-0.08379257531799905,0.02789692620201095,0.12754572754572754,-0.19456220473169625,-0.3518427518427518,-0.1053397002549545,-0.2853167497235294,-0.20550535126806313,-0.14052619645839984,-0.015024731973884516,-0.30393212935585817,-0.1658124997108048,-0.3245417991180703,-0.15631625462133936
#102,-0.26742736573245046,0.09045979723945825,-0.27588898605847756,-0.260906823618688,-0.3335868996885946,-0.3506836574633185,0.04369670132381997,-0.20060661586085315,0.38023061582383616,-0.05180342129494672,0.08855851228732585,-0.305360985022002,-0.3627530458038933,0.3412540429489582,0.5607425607425608,1.0,-0.16361554158164326,-0.1898263440636322,0.2993563671529773,0.33553862028438297,-0.04640634471142946,0.14127995483927688,0.09404905676092117,0.2013076250364386,0.2578746697390765,0.04245385601317805,-0.28979441691306096,-0.1345697006713956,-0.15298889027702586,0.05392264375315223,-0.570871333583198,-0.18846411897259355,-0.26279191363937127,0.022524836084158117,-0.18090848938306564,-0.04385078452875063,0.019118810644234374,0.31562625799913935,0.22317726046539607,0.16408519459366916,0.062475881119948916,0.2529319766607902,-0.07520232096503283,-0.21313871652854705,0.0020100223490054,-0.16606097623046776,-0.33191234377675055,-0.30578159052735326,-0.36244811838032176,-0.21231092417533096,-0.0878746234678438,-0.22688080993165738,-0.020071998038099732,-0.19048200743115998,0.1873443551409653,0.15907402009096924,-0.12310276378072989,0.3845065404387438,-0.4876395656056673,-0.06721174178801298,-0.399627053864342,-0.33819551446670093,0.12675819116497083,0.3930167455591184,-0.37080146402180303,0.02669433686382839,0.3242484395026768,0.19329067125677296,0.3645090390853103,0.28415996890573164,0.13659776880115862,-0.04031890133585049,0.36030390945645185,-0.045748830494593204,0.21990773516197246,-0.11995539453166572,-0.009898342101731933,-0.02320178421873337,-0.012369225928547962,0.05091640176385939,-0.24064048640319827,0.24589227131600014,0.042257665986479544,-0.27891373654085516,-0.23050754915161695,-0.44838166363590093,-0.47682273953460397,0.03297288043050755,0.1045479994632537,-0.06095078128976434,0.19637372349236756,-0.22692106590411676,-0.17807761536575095,-0.45572999810287945,-0.22410962580454105,0.02477639426791969,0.22941554805961586,-0.04038553191095564,-0.1892285197369943,0.11990819787429957,-0.22754110042245634,-0.3835348445517937,-0.27586585044212164,-0.3453467334823267,-0.3789748145680349,-0.13687909789604705,0.10439715524461288,-0.19138846087998632,-0.16293951887172226,-0.24724477944816928,-0.018800927275503546
#201,0.2821281990773516,-0.19634133362946923,0.29756983485797045,0.20828440150474048,0.169566022108395,0.439796499118533,0.06774108469023724,-0.024931402897504593,-0.3029294317429911,0.45169283304876523,0.13513513513513514,0.21461661970136547,0.11401416825145638,-0.1205485917350324,-0.07516437855420906,-0.16361554158164326,1.0,0.3950133492506374,-0.06827690556504115,-0.2194464109718347,0.23096933605408182,-0.00789433501297908,0.15110703924263247,0.1034245339330085,0.2071512190156258,-0.13089761564337835,0.0679752171277595,0.02043754077652383,0.05110935280426806,0.28610521152894036,0.1972075311058362,0.17404600285956218,0.30378915124677836,-0.04437133589675962,0.043332546722377234,-0.04868890462110801,0.010408713798544307,-0.04648222953307699,0.11553602909535113,0.09553760231726334,0.017797766950309324,-0.13620029891216331,0.03372525067440322,-0.23111786671108706,0.12766001749052597,-0.09347575618762059,0.05109500872212737,0.22628715001596358,-0.028856128856128857,0.00038729021779869237,-0.004592882558984254,0.05979400047196658,0.16484034111152754,0.14436393249952573,0.016417496078513026,-0.024649611090289056,-0.11382954603293587,-0.4216188453476589,0.21774224147105503,0.10290213171569104,-0.09828241184173388,-0.13493940782076375,-0.030287760796235373,0.0026795670863467473,0.14810357352730233,0.1465817126834076,-0.24216836250734555,-0.04525511644155712,0.09938829430354854,0.0799941698246783,0.013951702087295308,0.127823354941999,-0.22855120143255736,-0.22535709823845418,-0.3180323621001587,-0.1249559266508419,-0.3000407186847865,-0.14838397719753652,0.3866974833076528,0.20686248652350347,0.1652211533567466,-0.14844598064937048,0.059673232554588486,0.2756627197305163,-0.08787786245413363,-0.20484413535260992,-0.049599985193205534,0.16500043957671076,0.1431382075449872,0.1339306949476441,-0.19540943100265135,-0.010719193770041227,-0.10693698320816965,-0.05752809820606431,-0.036247958281856583,0.40164077791196434,0.1284725403369471,0.3114808182604793,0.19227548041107362,0.06410231494977257,0.11667291328308277,0.5260544057154226,0.2758922250447674,0.05541998084370966,0.41773761434778384,0.06089155411189309,0.04704997755845213,-0.07669595635697331,0.07054743495421462,-0.08469856605449826,0.004336077217433149
