,#10,#11,#12,#13,#17,#18,#26,#49,#50,#51,#52,#53,#54,#58,#101,#102,#201,#202,#301,#302,#401,#402,#501,#502,#601,#602,#701,#702,#801,#802,#901,#902,#1001,#1002,#1101,#1102,#1201,#1202,#1301,#1302,#1401,#1402,#1501,#1502,#1601,#1602,#1701,#1702,#1801,#1802,#1901,#1902,#2001,#2002,#2101,#2102,#2201,#2202,#2301,#2302,#2401,#2402,#2501,#2502,#2601,#2602,#2701,#2702,#2801,#2802,#2901,#2902,#3001,#3002,#3101,#3102,#3201,#3202,#3301,#3302,#3401,#3402,#3455,#3501,#3502,#3601,#3602,#3701,#3702,#3801,#3802,#3901,#3902,#4001,#4002,#4101,#4102,#4201,#4202,#4301,#4302,#4401,#4402,#4501,#4502,#4601,#4602,#4701,#4702,#4801,#4802
#10,1.0,0.5953798174137157,0.6603788688534451,0.6873947907846213,0.011772327026564314,0.26917688104128784,0.0875743231675435,0.18941776907878602,0.2360036461731377,0.4411966666203954,0.33346428092190805,-0.06929579810935743,0.0878718471938811,0.1232096503282944,-0.08859552927349537,-0.060279385703114516,0.5035462272750408,0.45732589291911324,-0.04181438757709944,0.10009346789007806,-0.0873341754697687,0.05488415996890573,0.14880643355219628,0.0514008615703531,0.41961483825890605,-0.022536403892336097,0.39712007847601066,0.28966532017379476,-0.02452791774825673,0.11149978946589116,0.18411462309767396,0.11655908605061148,0.12919761055354276,0.05497623972200243,0.03057279158974074,0.18719489905930584,0.10395850395850396,-0.002189092019600494,-0.13794472438540234,0.10174766445952886,-0.32261737854958195,-0.18521680386087166,-0.1263671992485552,0.10389141067107169,0.04999560423289237,-0.1915462457835339,0.0769064904658125,0.2939750227885821,0.07480253751440193,0.38278802685582347,0.4070410934817714,0.3905467871569567,0.250052517849128,0.49975476246662687,-0.05260345090853565,0.5205879222828376,-0.059587630774071455,0.055834108376481256,-0.07689723621927012,0.07817108325582901,0.04038969632189971,0.3353188319290014,-0.08200696844764642,-0.08231744841914333,0.2775695572305742,0.28768398598907075,0.18556059911992115,-0.1190928987539157,0.3200465488601082,0.19844112216993573,0.5603293586344433,0.40961840114382486,-0.016622014927099672,0.4784362174192683,-0.12900095781451715,0.34276387327234786,0.12777291929834303,-0.0038525428355936833,0.006108728142626448,-0.004602599517853755,-0.1852857479976124,0.14874813179897925,0.004123692259285479,-0.060191933073289,0.021080710911219387,-0.027273189985054392,-0.23564920853056445,-0.22712651017735763,-0.27532632786870076,0.17664135630237326,0.20495102190017445,0.1708084047067098,-0.36412591327845567,0.049281639112147585,-0.39905421600336854,0.38364450737332095,0.37158761226557835,0.43285905319803625,0.0417408163170875,0.2884372816576206,0.4732135833830749,0.37047617725583826,0.142849937765192,0.3665657953793547,0.1918123053716274,0.35756372705525247,0.10467570806553858,0.21104216697437037,0.3157974615601734,-0.01696395933684069,0.07452953724140164
#11,0.5953798174137157,1.0,0.5436582962006691,0.5858062993656215,0.01693342032325083,0.1494972630565851,0.12866873036364562,0.008135870847735255,0.5637751773344993,0.15709592489253507,0.28562584155804494,-0.04668628566933652,0.14137342272935494,0.2809899267526386,-0.087898684508854,-0.0334342046206453,0.1573800302613862,0.36678650915939054,0.012792144995534827,0.11313686567923856,-0.1871264176348922,-0.07934405900507595,0.32095670400755144,-0.08754147059231805,0.47363326346377194,-0.22877330334957455,0.38429184191896054,0.05120328340667324,0.062016407779119646,0.13116367523147185,0.1440127338432423,0.10796050287575712,0.11303275540563676,0.08705053281324468,0.06480378683768515,0.2093528042680585,0.039796036406205895,0.056089062868723887,-0.11004455919710157,-0.014414414414414415,-0.29776787573397745,-0.22907776806081892,0.0017439627609119135,0.20706793079674435,0.03720160838804907,-0.1661586085314899,0.17977762045558657,0.038759560793459095,0.11072428360563953,0.20669776093504907,0.34985401426079393,0.18572810098233827,0.2618262330126737,0.3488101352508132,0.03594626984457493,0.40925933637798045,-0.18802315412484905,0.06500090228903788,-0.17894335012979082,-0.004121378697649884,0.05853819921616532,0.25980556828014456,-0.12715612376629326,-0.25151561422747865,0.30037109528634953,0.2196227043684671,0.38170805628432747,0.01872643059083737,0.3083792575317999,0.13070929172624088,0.6470305436407131,0.5022904260192396,-0.007751356903899277,0.27578441307254864,-0.0533988533988534,0.24036332171925393,0.007539897370405845,-0.20078984994239232,-0.1377013377013377,-0.033647515003447204,-0.278508863254626,0.13239171374764594,0.14053637612959646,-0.11501501501501502,-0.061061369535945806,0.010568812263727518,-0.291931222439697,-0.24705136569543348,-0.2567118736610262,0.12031399658518302,0.19192798345340717,0.08789914722118113,-0.4071239189883258,-0.08163217146267994,-0.37473822050093236,0.38482211024583907,0.30230569552603453,0.6562056663751579,0.014273287154643087,0.3721234331403823,0.37298916790442216,0.41463235192048753,0.05975975975975976,0.3660739321756271,0.16605125927159825,0.35837948888796345,0.06729873170551137,0.21911742250725302,0.16177440923203634,-0.12441223966647695,0.015975143093787163
#12,0.6603788688534451,0.5436582962006691,1.0,0.7181734893599301,0.10281097738724858,0.3003484223823207,0.21501316416570654,-0.11485214027586908,0.0963168098761319,0.41625415862703996,0.14476417866248376,-0.030912885150173285,-0.001755530569089891,-0.01490859117977762,-0.04932837305718662,0.07778425575035744,0.6345174141784311,0.7155170578899392,-0.03570565943447299,0.056074256074256076,-0.11763951933443459,0.06330691245945483,0.30288778763355034,0.13350870130531148,0.37477384935012054,-0.04969067680932088,0.24867502325129442,0.11030460352494251,0.20827792353216082,0.043335322996339944,0.2546921343531513,0.13873873873873874,-0.024557994049519475,0.1192238463424904,0.09720753110583619,0.18857794620506485,-0.06985706816215291,-0.005338774830300254,-0.20860968827070522,-0.004126005820921075,-0.0797059000448831,-0.15928779318609826,-0.10378961395910548,-0.001469574350930283,-0.10644743356607764,-0.22691597606851843,-0.08468468468468468,0.09276965717643684,0.013496855869737225,0.28258211987025544,0.4589930454337234,0.4978428351309707,0.3539957523008371,0.4993091704956112,0.03289792103351425,0.399421146878774,-0.20238852103258884,-0.09749811444726698,-0.12861413030904556,0.1807664366986401,-0.06460435782469681,0.29288672339519795,-0.09251146369790438,0.05961446808904436,0.2494176765363206,0.3536177163295807,0.022336049454693523,-0.031388553422451726,0.2740603469417029,0.2743925743925744,0.4946496573615218,0.4963963963963964,-0.14208322343915564,0.36409167256624886,-0.2878894302623116,0.26944386605403553,-0.005301757844130725,-0.04038044207535733,0.18630834224054563,0.2365241975411467,-0.06502172434375825,0.11434778383930927,-0.025926234400810672,-0.06412174886751158,0.008147438655913232,-0.27901183155420445,-0.36638811384574094,0.011965278066972982,-0.09010443417223078,0.12449645331001263,0.1039039039039039,0.061903043258975464,-0.30801001309475884,-0.11379114090978498,-0.37350324129985146,0.5710092218566795,0.5583979973810482,0.4393411901886478,0.20896690218724118,0.3531924837009583,0.628433209789142,0.45700523327641973,0.32219677304423067,0.26206961969673837,0.4258461851682191,0.2621057112582536,0.2106049038252428,0.09259243835515021,0.2143588889351601,-0.1798368476334578,-0.06331385314436162
#13,0.6873947907846213,0.5858062993656215,0.7181734893599301,1.0,-0.0005432242720378313,0.3064534488263302,0.17526293627988543,-0.09919673140012122,0.3157673852589107,0.39564911598809904,0.33321719253922644,0.02286030252131947,0.21378234937556972,0.2207248851316648,-0.12994489096184011,-0.02493741815775714,0.5087026934484562,0.316370762133474,-0.1391343577784256,0.08536163281925994,-0.016252307777731508,0.07978456114049334,0.2513444106664446,0.0035198526723950454,0.2897999694609864,-0.001117912982319762,0.21769689566299735,0.23366093366093366,0.08525243271005983,0.19788262839110296,0.3054461240901919,0.12370706607994744,-0.0034342508918780105,0.07762276914819288,0.01812675541489101,0.2697455544913172,0.01038095105891716,0.01967961798470273,-0.07798090848938306,-0.04634758024588533,-0.24559289644035406,-0.1603858095383519,0.004767787818635277,0.1646358222629409,0.06047233674352318,-0.15444689681977816,-0.02434190739275485,0.19083922134769593,0.043956745651660904,0.26433182026402363,0.24917567798923732,0.30040579871088346,0.2943701791159418,0.29284924369670134,0.13885256597121004,0.35011359587630775,-0.15203200118454355,0.12650416209738244,-0.11973329261464855,-0.0178602331144704,0.04643549558803796,0.18097882165678775,-0.10288963848285883,-0.057269904727531844,0.21410485986757175,0.2872619923467381,0.2958915772475095,-0.06772303890947959,0.25770809330131367,0.1802246005635836,0.5053369239809917,0.3935484020229783,0.018122591003946937,0.2925244196430637,-0.09268498082057404,0.21600244312108718,0.010547527496680038,-0.08845856642466812,0.11413215989487176,0.06121545274087647,-0.1266193774668351,0.23032061337146084,0.10569645145916333,-0.023771383093416993,-0.0051421220912746335,-0.07435093028313368,-0.3960391824798604,-0.10571727351388369,-0.17085560136407593,0.346886177394652,0.2888051379576803,0.28919566716176887,-0.3239532290379748,-0.03776889370109709,-0.4742380284753166,0.3494005561802172,0.3499919025342754,0.41616300429859754,0.19330501533891364,0.3951715968665121,0.4219404304150067,0.3885895140132428,0.05293660378406141,0.3177514957175974,0.24917614070156444,0.3228501228501228,0.042756469875113945,0.16514295497346346,0.2545565596413054,-0.09046488707505657,-0.0023343836903158936
#17,0.011772327026564314,0.01693342032325083,0.10281097738724858,-0.0005432242720378313,1.0,0.3327762276914819,0.08946913014709625,0.027019160917466003,0.031246038025699044,-0.0659360439021456,0.042734259683412226,0.4343952581240717,-0.04201613015172337,0.07252044031705049,-0.3321853440497508,-0.2541817626563389,-0.026606884234002877,0.08581879259845361,-0.16722330959619094,-0.1962848827255607,-0.42468431451482297,-0.14968327341208698,0.004078346451227807,-0.16962571199859336,0.029361410717342922,-0.15356959424756034,-0.2743509302831337,-0.32878163217146267,0.27240522494759783,0.2054993360078106,0.33723538638792877,0.39465197092315735,-0.11711480355548153,0.29336748150307473,0.5093592822406382,0.4375194917567799,0.14232013215064063,0.2613056816446647,0.033147322977831455,0.1606713030441844,0.22903010869112564,0.2615004835343818,0.28381941263297195,0.08080576724644521,0.13113683791649894,0.13090409361595803,-0.23796600915244984,-0.13873133534150484,-0.1921972820277905,-0.1969803393532207,-0.15714173341291984,-0.25222125052633526,-0.19674852047733404,-0.13551548466802704,-0.27501631060953097,-0.11590018369679386,-0.2145735874549434,-0.27299657130165605,0.14888416922315229,0.060156766936427956,-0.37201793472979916,0.036978118334050535,0.14273934951901054,0.1359333138994156,-0.3136250271843492,-0.21842613029053706,0.1939269007065617,0.05883942494111986,-0.26022432293618736,-0.14532220972898938,-0.23552797790085925,-0.13602909535112925,-0.27166997505980556,-0.29588926368587387,-0.26304594270695963,-0.11834145393467427,-0.13401675944048824,-0.3099483150330608,0.08575123659869423,0.3606185538388928,0.36601748127171857,0.34443796647186475,0.037544478222444326,0.5117158761226558,0.6012030520505097,-0.006866188222120426,0.08597935377596394,0.30872444092783075,0.3783098969539648,0.18092560973916907,0.21443801274309748,0.1279732737359856,0.1650740108367227,-0.012662585543941476,0.2748002239527663,-0.05659480744226507,-0.035807918858766316,-0.016216216216216217,-0.2603039094564518,-0.11737392245866822,-0.10246625670354484,0.22755359365528857,0.46039645192187567,0.09923606194792635,-0.0824932791034486,-0.1455503269062591,-0.055556943692536914,-0.14292906157312937,-0.19985332019230323,-0.3125302498183854,-0.001212769009379179
#18,0.26917688104128784,0.1494972630565851,0.3003484223823207,0.3064534488263302,0.3327762276914819,1.0,0.10799335545098257,0.1536413146582638,0.15604232892368486,0.1264546518783807,0.3436911487758945,0.41264916688645503,0.4178560687035263,0.23014246912551997,-0.20124654700925887,-0.10622903334767742,0.27978271029118484,0.1311942142450617,-0.16137879019234952,-0.1546019054493631,-0.13935645969544275,-0.17641138827579506,-0.032735971719022566,0.052140738581416546,0.10706237824881892,-0.018791673028961165,-0.051960743486167214,-0.10350041875465604,0.33433603094620046,0.5121175104225951,0.4261835024546889,0.3234058403549929,0.006460852223564088,0.05978104452680724,0.49722742773590234,0.2794639014977998,0.2371349778129439,0.29793954200733863,-0.048267373691102504,-0.15818237343661073,-0.015848359916156525,0.06565934193052837,0.30695364085194593,0.3298879773456045,0.07298407806882383,-0.09629876409537426,-0.11479754022126903,0.07574230625078082,-0.05411143038261682,0.06881827898777051,-0.12003498105193021,-0.008890554653266517,-0.028131984064187453,-0.013160926720248755,-0.05396937769819126,0.054621339367102076,-0.12247069874188518,-0.12256000222101918,-0.10681575257846444,-0.1902548156785445,-0.08204444814614306,-0.08039904311090752,0.1346664075477635,0.1661734153259577,-0.14847142982736203,-0.09147730164679317,0.23926114095605622,0.22240962071470546,0.004453606148521402,0.033147322977831455,0.0839535992078365,0.1007213685179787,-0.0028794588116622015,-0.1004627123271191,-0.10351753911075945,-0.15428448479295936,0.06962062216299504,-0.10954991971941125,0.2022691412521921,0.21179037280732196,0.23525729118949457,0.36258184224285916,0.1400088840766807,0.3300092079753097,0.37566549600447907,0.11168950152000999,-0.12490456558253168,0.025060036924443703,0.0652868585071975,0.3004358750121462,0.35426921528616445,0.30941989755549076,-0.10754221093204144,0.12627882119407544,-0.12239712748187324,0.07215165859233656,0.0025564856073330647,0.030433515179277892,-0.04867363511431308,-0.03515040464193007,0.10806507586168602,0.3514980311590481,0.21007371007371006,0.048892498045040415,-0.03450121924698196,-0.041153634373973354,-0.047111981010286096,0.04092042736110533,-0.1037970173563394,-0.2006806498331922,-0.10581999565050412
#26,0.0875743231675435,0.12866873036364562,0.21501316416570654,0.17526293627988543,0.08946913014709625,0.10799335545098257,1.0,0.01283147554333995,0.058797780831679136,0.3746054220630492,0.24787684448701397,0.05901525562542512,0.18202917863934814,0.310617397058075,-0.08584933161204347,0.01307023510413341,0.20919455665218378,0.11996742505217081,-0.04643271931407525,-0.050764632120564326,-0.05116996811912066,-0.15105290190035953,-0.012969826529148564,0.020139554037859123,0.0737609720660568,-0.07844824793977337,-0.08694179541637169,-0.07518381247194807,0.23496022987548412,0.09988247106891175,0.14170611289255358,-0.007091529125427431,0.0687137060018416,0.18133140845005252,0.10002591189031868,0.125507942457095,0.07665014783658851,0.23098738183483947,0.07547115682708903,0.2239990375583596,0.2912963811268896,0.20998163032061337,0.0895357607222014,-0.05360198411045869,-0.11041935618206805,-0.02534876941656603,-0.20660012863402694,0.054991971941124485,-0.08956120990019295,0.04917891697552715,0.060851298139433734,0.02269974134380914,0.07900905528024173,0.02932670729280899,-0.10448877228538246,0.017787124566785585,-0.3900128171314612,-0.16584720313533874,-0.08416089433038586,0.10426296866974834,-0.29662358814901185,0.024630177172550054,-0.017274439308337615,0.2686577178102602,-0.10324546426241342,0.03489637557434168,0.11228454957268516,0.23145379586057552,-0.001698616952854241,0.04965180897384287,-0.0076856517534483635,0.01749469037604631,-0.23802014649472278,-0.04059976771841178,-0.288695012423826,0.03469185672575503,-0.2445180157044564,-0.22116261099311946,0.125900322510492,0.1638482858821842,0.18692883947121236,0.013826769758973149,-0.12243599531735125,0.08823368823368824,0.0594506679252442,-0.2549322820509261,-0.2582272565323413,0.2844496268225082,0.3022876497452769,0.0658731150256574,0.005402166419115572,-0.11257281935248037,-0.01814156220935882,-0.15642823100450218,-0.1849197425468612,0.2324389104050121,0.002093773280213958,-0.011323033356931663,-0.055758686267160844,-0.0724482571940199,0.11581088021765988,0.1577381696025764,0.2412396988668175,-0.08570126366736536,0.10228348533433279,-0.025340903307005003,-0.06920973361651328,-0.23845972320548592,0.1341657528098206,-0.3167372302965523,-0.11365649162259332
#49,0.18941776907878602,0.008135870847735255,-0.11485214027586908,-0.09919673140012122,0.027019160917466003,0.1536413146582638,0.01283147554333995,1.0,0.3383389552881078,0.20483210483210484,0.3673186283355775,0.2601738872925314,0.23069170865781036,0.22967235340116696,0.10397238532831753,-0.07067097914555541,0.1373936340038035,0.07899980103369934,0.1988742209081192,-0.18028151417981927,-0.12603543451001079,-0.3130822656246385,-0.19958217076861146,-0.00980163522536404,0.012175349463485056,-0.11570121739613265,0.1475552594196662,-0.011325809630894376,0.006792616962108488,0.1299786689617198,0.08598583174854361,0.08564203648949412,0.24495342800427547,-0.03193131498216244,0.17654141043971552,-0.0242243784616666,0.3108473650846532,0.033958457687271244,0.025531540785778073,-0.08114215910826081,-0.18990269159760687,0.01597745665542276,0.04735259142038803,0.14982347524720407,0.05373617068532323,-0.2720984466747179,0.06316856147364622,0.041966619932721626,0.008661974763669679,-0.032264467857688196,-0.0860751352276776,-0.13663293493801967,-0.06770360499174058,0.03901266443639325,-0.20790173841021298,0.11754975314297349,-0.0426125663413799,-0.22090534293924124,0.06003738715603123,-0.3580245885330631,0.07631190512546444,0.10448368244978415,0.050491169135236935,-0.10804656736860127,0.14047807437637946,-0.16833890901687512,0.13011794537218266,0.21276808395452462,0.13630024477482106,0.07727203320423659,0.0516067685559211,0.00020544427324088342,0.09541683439988524,0.08768444870139785,-0.10078105840817705,-0.14276387327234785,0.03420647149460709,-0.1532632786870075,0.13481262464313312,-0.14835760259489073,-0.15803245464262414,0.002821157058445194,-0.24573818811106946,0.06902464868566563,-0.06313524618609365,0.36558160625957237,0.21585159890244637,-0.27959161010008465,-0.2417213823993485,0.08820083565846278,0.05813795305320729,0.07096480147327605,-0.16270446100954575,0.29273587917655713,0.03892937621751181,-0.03642934151408728,-0.18633379141853718,0.028661789678738833,-0.23846342490410288,-0.04887584040126413,-0.12969363816821444,0.06444287122253224,0.09543534289297001,0.05688724163300434,-0.1335452555791539,0.05137865137865138,0.0960914689728249,0.04197587417926401,-0.026967337136828664,0.09317499317499317,-0.027995946640014438
#50,0.2360036461731377,0.5637751773344993,0.0963168098761319,0.3157673852589107,0.031246038025699044,0.15604232892368486,0.058797780831679136,0.3383389552881078,1.0,0.051807585705890793,0.3572222453578386,0.14764086120018324,0.3235340116696049,0.40157322191220496,0.01844325064664048,-0.21489517252229118,0.0021562394443750375,-0.05616541040269854,0.07564883836070277,-0.09278631482021313,-0.028433672501469113,-0.2930671812027744,0.19267480114937743,-0.2885053003697072,0.23517122669665042,-0.2632860904047345,0.084728642355761,-0.08527140391547171,0.13455489387692776,0.22388428490123405,0.095004095004095,0.16405049116913523,0.13294419226622617,0.08520708690200215,0.12663048256268594,0.2618914754507975,0.2375292087156494,0.08075209261649939,0.1558544677188745,-0.13383167450964062,-0.22462508733695175,0.043414446804277314,0.17984471374301883,0.31491877085097425,0.21069328187972255,-0.18881716847818542,0.03327641971709768,0.050576308203426845,-0.10013279843788318,-0.010452671469620622,-0.08116020488901844,-0.17987479004428156,0.14830485338959914,0.023623777861066,0.18810829319303896,0.18401513994734334,-0.1532831753170736,-0.05691500437263149,-0.11815914527778934,-0.39168968660494086,0.1362044633231074,0.019354331218738,-0.11158585395873531,-0.33376735749617104,0.15521638741977725,-0.15130461740631232,0.48182651064007,0.2157993124094819,0.18943951655816063,-0.07931768440243017,0.32354002692985745,0.16119277983684763,0.07690741589046673,-0.0534714992342111,-0.0464776024098058,-0.13272810560946155,-0.03987053309087207,-0.33533178787416074,0.029369276826903944,-0.16789655603214926,-0.19038761411642768,0.21938440752000074,0.0744485625841558,-0.02834205546069953,-0.05514420429674667,0.22349606925878113,-0.18459954561649478,-0.22944932605949556,-0.15480503616096836,0.3134528981986609,0.2746928746928747,0.22085907170652933,-0.32117417880129745,0.12007431159973533,-0.27730673662877053,0.1258350800723682,-0.07735994854638922,0.3464609447660295,-0.01672612520070147,0.19068560085509237,-0.10083195676416015,0.18223277206328053,-0.008837805447974939,0.059403471267878045,-0.14213134552117604,0.07038826191368565,0.005483603788688535,0.17556277386785862,-0.03522952844986743,0.017077786569311994,0.06385939097803504
#51,0.4411966666203954,0.15709592489253507,0.41625415862703996,0.39564911598809904,-0.0659360439021456,0.1264546518783807,0.3746054220630492,0.20483210483210484,0.051807585705890793,1.0,0.3311238819713396,0.052540522032047454,0.040058394295682434,0.051743731404748354,0.01854088294766261,-0.13880213032755406,0.7104225951683579,0.2221588306334069,-0.10775783487647894,-0.23652142126718398,-0.059157308309850686,-0.2648269224540411,-0.10318669979686929,0.18035601086448544,0.029678831373746627,0.19025851737716146,0.07276614056275073,0.2997880777541794,0.006456225100292897,-0.04992342110986179,0.0039205615476801915,-0.06485283434435977,-0.0020516664584461193,0.28405169422118576,-0.08184131743453778,0.07359763461458377,0.12351550317652013,0.20312469634503533,0.16582036582036583,0.3150242692615574,0.09037928529453954,-0.019291865054576918,-0.043054919326105764,-0.18048973472702287,0.021338904389751848,-0.07507183608878525,-0.1896565286395795,0.2976239722002434,-0.17535085162203806,0.20940509076102296,0.20758200419217368,0.264325342291444,0.17188652442889732,0.13701374718323872,-0.1485047451149146,0.18229616365209586,-0.2500617720956704,-0.1004455919710157,0.16122054257647478,0.26507262269974136,-0.13688141145768265,0.20880171388645966,-0.023376226766057273,0.16772997959438637,0.10498942702332532,-0.024244275091732718,-0.026095124400209144,-0.10874387484556976,0.17576636729179101,0.04291841918960563,0.26721127907568587,0.12908933586899687,-0.13542062864096763,0.35682431275651616,-0.37644239000171204,0.07345234294386836,-0.09786041819940125,-0.03127287534067195,0.29292281495671324,0.07998121387951897,0.06515776176793125,-0.08291295918414562,-0.20009763230102212,-0.053038400496027614,-0.004943155790613418,-0.20869112564027817,-0.12745688677892067,0.14775607656963588,0.0813938746142136,-0.06907554704164874,-0.12444277868006681,-0.059713951239374966,-0.16726634184261302,0.10096984503764164,-0.1513596801732395,0.3340579408376019,0.12856462009004382,0.03803587871384482,0.2425010526705442,0.16993850553172588,0.2579338969169478,0.0974768296802195,0.08478786953363225,0.13207938292684054,0.1937589361318175,0.21486185723473858,0.09621408773951147,-0.061876668656329674,0.2162643382982366,-0.07366750417597875,0.08666000360915616
#52,0.33346428092190805,0.28562584155804494,0.14476417866248376,0.33321719253922644,0.042734259683412226,0.3436911487758945,0.24787684448701397,0.3673186283355775,0.3572222453578386,0.3311238819713396,1.0,0.23852172665731988,0.4487925521823827,0.4183058250854861,-0.028340204611391053,-0.07630820342684749,0.2561908595806901,0.058284170148576925,0.0048196115992726165,-0.12010114891470823,-0.19302090997006252,-0.26707894335012977,-0.1793477607036929,0.025452416977840706,-0.10142746752916244,0.041761638371807866,-0.09520768842802742,0.03022807090603701,0.22261043786467516,0.40421299573841946,0.2421567946991676,0.1541350287112999,0.09317129147637622,0.02305880610965357,0.0006838888194820399,0.11027822892229672,0.16873915517983315,0.20075931092880245,0.1586881180101519,-0.051422146337400575,-0.09808899808899808,0.1197976096281181,0.1588190655987266,0.1993485010434163,0.14070804240295764,-0.09671011535418315,-0.14775561385730876,0.03573203403711878,0.008291804901974394,0.15585770670516433,0.0412683870310989,0.059107798090848936,0.07610322186593373,0.11632449090076209,-0.07008796161338535,0.21348806433552198,-0.3061249230740756,-0.15924383551502194,-0.030317374385170997,-0.07905440108829939,-0.06730243340412832,0.13849118764373003,-0.002656431469990792,0.014969206494630223,0.018880051083440912,-0.044375500307703694,0.3516766381173161,0.18370836167446336,0.1764220306593188,0.15406284558826933,0.23816497545311105,0.1637469518825451,-0.12388891202450525,0.1337150710032066,-0.19480975582670498,0.03187301322894543,-0.1540795032320456,-0.26306954103564273,0.11151644710966745,-0.02778263625721253,0.07379983990153481,0.19864286474455967,0.012782890748992444,0.16160413109565652,0.029493746442898986,0.19898666000360915,-0.04152611779730424,-0.06911950471272506,-0.0026582823192992685,0.29941929602946554,0.2679992781687697,0.2532424566322871,-0.10923249906300754,0.16947995761555085,-0.173796600915245,0.09311437786014057,-0.09792380978821656,0.1283781470222148,-0.050879384777689864,0.11203329677905949,0.028354085981204626,0.3532822498924194,-0.07585011822299959,0.21281389247490942,-0.07921264870417413,0.17000004627123272,-0.06289093407737475,-0.06612575595626444,0.16104795087845936,-0.08502940536838842,-0.116821443940088
#53,-0.06929579810935743,-0.04668628566933652,-0.030912885150173285,0.02286030252131947,0.4343952581240717,0.41264916688645503,0.05901525562542512,0.2601738872925314,0.14764086120018324,0.052540522032047454,0.23852172665731988,1.0,0.17819560700916634,0.05931463050107118,-0.4208484293230056,-0.2786957990347821,0.11280001110509585,-0.14841405349879927,-0.42565971210039005,-0.4771702364922704,-0.37209613311308226,-0.42667860464470636,-0.15945205606222557,-0.200244774821046,-0.10418153130017536,-0.025255764238815086,-0.25384074367125214,-0.17123918988325768,0.32821388414608754,0.4002012798622968,0.25232998792320827,0.17319785116395287,-0.23955357514679548,0.15551946399404026,0.32924665806021736,0.3138596223341986,0.06619192381904246,0.3451366620858146,0.2131303877066589,0.008925720790127569,0.1870658023200396,0.18665491377355783,0.15714589782386393,0.08595390459797239,0.30116927405063,0.2217641370183743,-0.17236358083815712,0.008034074135769051,-0.28970094902298293,-0.21568918687562755,-0.2541137439442524,-0.2574341676036591,-0.20434255519001282,-0.3345447142057312,-0.2688488180013604,-0.13701467260789293,-0.18501506128624773,-0.22634175007056362,0.19485186264847282,-0.026382931467677232,-0.18532831753170736,-0.047781988459954565,0.032290379748006866,0.20778976202705016,-0.43239587815859004,-0.40605829249897046,0.07260419124825905,0.11258716343462107,-0.26154212764382256,-0.18534913958642774,-0.21452870435921284,-0.23556083047608473,-0.18000018508493085,-0.3837046599758464,-0.26940592364321175,-0.30098927895538063,0.022612751426310747,-0.18347746822323094,0.06040385531910956,0.06361692971862463,0.4827792353216082,0.3366431146092163,-0.11054799020900716,0.6926826672589385,0.3528468375926003,0.13399778823507638,0.1625892456400931,0.27781757103791,0.24832243645802968,0.22586561908595806,0.14739469824215587,0.3854347413669448,0.27980862218150354,0.17867266341842614,0.3273217747794019,-0.22076329025481567,-0.27298731705511364,-0.1469009841891198,-0.09025203940458178,-0.048038793801505664,-0.23679210797854866,0.33150469421655865,0.015033986220426898,0.09892141756548536,-0.22403975624314607,-0.28629214730909647,-0.18848586645196816,-0.07726648065631117,-0.33922875109315787,-0.03111231416316162,0.13211316092672024
#54,0.0878718471938811,0.14137342272935494,-0.001755530569089891,0.21378234937556972,-0.04201613015172337,0.4178560687035263,0.18202917863934814,0.23069170865781036,0.3235340116696049,0.040058394295682434,0.4487925521823827,0.17819560700916634,1.0,0.5184589828657625,-0.03085365797230204,-0.014422280523975439,0.13952812596880393,-0.03453175826057182,0.10365727823354942,-0.04134704812670914,-0.09519889689381215,-0.16960072553292893,-0.09338737813314084,-0.10728031575489202,-0.05793158335531217,-0.125655547689446,-0.0018952696918798613,-0.083570936113309,0.39361780887204617,0.5461199257809427,0.4948948948948949,0.3492811763998205,0.23169209270904187,0.00885307495476987,0.024515424515424517,0.09012386808996979,0.1019591239930223,-0.004893182859284554,0.22629409070087037,-0.1968711392440206,-0.31912482590448693,0.15129397502278857,0.3444995072113716,0.5136921204717815,0.12424288695475136,0.002197420841488638,0.12582443768884446,0.025037364020414867,0.2340903307005002,0.1282809774335198,-0.11363150515692888,-0.034755711026897465,0.044551793704336075,0.030577881425339053,-0.08436448775431826,0.038082149946556725,-0.16584766584766586,-0.1324634341583494,-0.10635257753901822,-0.33101098016352254,0.05757575757575758,-0.16634832058560872,-0.048447831498678956,-0.12698862190387614,0.10145245399482687,0.04153120763290255,0.47461745258355426,0.38378517192076517,-0.09512949004474429,-0.11389525118338678,0.03170180966791136,0.004141275327716006,-0.026420873878501,-0.09290245561432002,-0.04332745688677892,-0.09694424779170542,-0.13568483737975262,-0.2041773668892313,0.13867766071155901,-0.14946209691972404,-0.08565684328396193,0.37162601738872925,0.2608452828791812,0.14256814595797646,0.09645099645099645,0.3656454605607148,-0.15643887338802592,-0.23623037521342605,-0.14376610817288785,0.5557633133904321,0.5438975184737896,0.4554842978571792,-0.03515734532683685,0.1337132201538981,-0.26634693244862734,0.0762212135093491,-0.15097192724311367,0.19634457261575905,-0.04470633962159386,0.10706284096114604,0.011798701629210104,0.44191433343975717,-0.02427944122859377,0.17706658893099572,-0.05787374431442228,0.12899216628030188,0.09155041019447799,-0.12136250271843492,0.004721516585923366,0.03308208053970766,-0.24202445897361152
#58,0.1232096503282944,0.2809899267526386,-0.01490859117977762,0.2207248851316648,0.07252044031705049,0.23014246912551997,0.310617397058075,0.22967235340116696,0.40157322191220496,0.051743731404748354,0.4183058250854861,0.05931463050107118,0.5184589828657625,1.0,0.04161819755040094,-0.08201159557091761,0.0770735296159025,-0.023728813559322035,0.16495324291934463,0.03874845569760824,0.010988492344424549,-0.1911487758945386,-0.08890091940939399,-0.09754114669368906,-0.037206698223647375,-0.10288547407191476,0.041517326263088974,0.020046548860108183,0.1240888037498207,0.35926558299439654,0.42268771082330403,0.35691731793426706,0.27020132613352954,0.17788327618836094,0.1643207151681728,0.14158488226284838,0.2698158867650393,0.08026393111138874,0.18819528311053735,-0.18632777615828464,-0.21119254848068408,0.10556365302128014,0.2391931222439697,0.35212639449927585,0.04287723779249203,-0.16505318878200234,0.09083737049838744,0.07292577631560683,0.12426139544783613,-0.04119805475737679,-0.16306491391237155,-0.1917206883308578,0.0726490743439896,-0.012162393518325721,0.005350342638478231,0.058901428392953814,-0.25143926669350397,-0.12286400421993643,-0.24602183076759349,-0.3880777541794491,-0.01193473905338312,0.08445194038414378,0.048795791168672525,-0.11261677702355669,0.09339524424270187,-0.0008911839420313996,0.7543811916693273,0.41888837990532907,0.13339811305913002,0.05559581152801492,0.17458274915902033,0.15210927414317243,0.07295770346617804,-0.0546824173942818,0.04102500034703425,0.0027290773053484916,-0.12961358893562283,-0.3660716186139915,0.20797207068393508,-0.011458145356450442,-0.10127801144750297,0.2961548605616402,0.1705321654474197,0.07422692337946575,0.022469773317230945,0.21609868728512796,-0.23658897726694336,-0.20799335545098258,-0.08835121716477648,0.4019248832808155,0.38164373927085793,0.22728799677952222,-0.2744152472966032,-0.05749802190480156,-0.4016953779665644,0.09193677498762244,-0.1095901756918706,0.2665583919821208,-0.06517534483636178,0.15150034472068372,-0.09783080461046563,0.23204467950230662,0.08836463582226294,0.22665500631602326,0.008238592984355695,0.29014052573374605,0.03918062901113749,-0.03129323468306519,0.07859539045979724,-0.19031635641805134,-0.18632870158293888
#101,-0.08859552927349537,-0.087898684508854,-0.04932837305718662,-0.12994489096184011,-0.3321853440497508,-0.20124654700925887,-0.08584933161204347,0.10397238532831753,0.01844325064664048,0.01854088294766261,-0.028340204611391053,-0.4208484293230056,-0.03085365797230204,0.04161819755040094,1.0,0.3163541044896977,0.009075176871787041,0.1367786893210622,0.4852098631759649,0.2096526418560317,0.38674467996501893,0.13167636048991982,0.2277793972709227,0.17753068939509617,-0.07421304200965217,0.10793505369776556,0.09772993332315366,0.19373163610451746,-0.18083538083538084,-0.10520320011845435,-0.28390871611210594,-0.0862569811722354,0.23943974791432418,-0.10341065256319494,-0.08437836912413184,-0.21151135727406914,0.23409079341282732,-0.1701601447364159,-0.08502061383417316,-0.01856077957772873,-0.11859270672829995,-0.06273777629709833,-0.15409569816349478,-0.08856360212292416,-0.38381247194806517,-0.4048769879278354,0.04405900507595423,-0.00950549933600781,0.04624624624624624,-0.04290777680608189,0.10010457298592892,0.02372511186070508,0.2500687127805772,0.1409005307310392,0.31721660026744775,0.02333597079359791,-0.04789211399380891,-0.09617521990403347,-0.24204157932971493,-0.1696511611765849,0.060440409592951966,-0.12506096234909794,0.11654011484519959,0.0040792718758820455,0.3832049306625578,0.11845065404387438,-0.03941614958564111,0.08979811861167794,0.5109232499063008,0.36526835001411273,0.2781150950642476,0.30222194459482593,0.412365524229931,0.2617077786569312,0.09263408246459094,-0.04025921144565212,-0.09925133145472129,0.03000920797530967,0.3353118912440946,0.10306870815345391,-0.39437156725292316,-0.45005344327378227,0.009679016458677475,-0.488594141136514,-0.404172277053633,-0.10595788392398561,-0.199724223453037,-0.3092824719943364,-0.22074246820009533,-0.3190947496032242,-0.3289269238421781,-0.4532660549609702,-0.40818353021742854,-0.15581421174641513,-0.23890947958744568,0.18307120680002037,0.23097442588968012,-0.11653687585890976,0.13115904810820064,0.007718041616346701,0.030913810574827522,-0.33180823350314875,0.06990380210719194,-0.24147290587968553,0.056174201936913803,0.03423145796027152,0.14482757025129905,-0.08620885909021503,0.1003558257795546,-0.016113494079595773,-0.1593248101722678
#102,-0.060279385703114516,-0.0334342046206453,0.07778425575035744,-0.02493741815775714,-0.2541817626563389,-0.10622903334767742,0.01307023510413341,-0.07067097914555541,-0.21489517252229118,-0.13880213032755406,-0.07630820342684749,-0.2786957990347821,-0.014422280523975439,-0.08201159557091761,0.3163541044896977,1.0,0.0760662048797642,0.2156956648482072,0.3324278053091612,0.5582522429980057,0.283854578769833,0.4931245575313372,0.17647663071391884,0.3623726962710014,0.14115178352466487,0.1141256819222921,0.15428170851899664,0.12952613630579732,-0.14879440303169117,-0.048701397853940225,-0.1185237625915592,-0.06362016870491446,0.1005422988473836,-0.22699047275318462,-0.08631574563777954,-0.31027175094971704,-0.10107580616055192,-0.1049815609137643,-0.31744425473239035,0.003599439192659532,-0.16318429369276827,-0.12763040390159033,-0.1474104304612779,0.12000999458626577,-0.31634531295548246,-0.10329682533072364,0.0655728147253571,-0.15835774140858885,0.13940088007884618,0.05110333754401551,0.01638418079096045,0.23076990704109349,0.05482400736638025,0.2402245080211182,0.1652799178222907,0.28151556795624594,-0.07900165188300781,0.2078216891776214,-0.3038923360957259,0.008736934160662974,-0.04984938713752273,-0.010579454647251258,0.09036956833567003,0.1662414340380442,0.21075204634526667,0.406165179046535,-0.20156304224100835,0.10958184686998246,0.32834298088535374,0.46412822684009125,0.11928122267105318,0.04490484320992796,0.1276850039561904,0.15441450695687983,0.07110963043166434,0.16500229042601924,-0.10837833210714566,0.05059342855953025,0.0809533724787962,0.2009568890924823,-0.25247759315555923,-0.23302609234812624,-0.12820185362558245,-0.2779017846814457,-0.3811810269437388,-0.16815336137370035,-0.213072548665769,-0.18983143389923052,-0.17444486088553884,-0.1749742037877631,-0.06438456946931523,-0.2735458108339464,-0.09949009101551474,-0.21923124973972433,-0.257177362262108,0.19473988626531,0.07492746984272408,-0.004242146615027971,0.002035471526996951,-0.05164887537768894,0.12159663515595719,-0.0528274036748613,-0.08201992439280575,-0.12880939491108984,0.16929579810935744,0.02968762290796189,0.05231564384106757,-0.09111129619604195,0.12238926137231222,-0.14100556642929524,-0.18813929491895592
#201,0.5035462272750408,0.1573800302613862,0.6345174141784311,0.5087026934484562,-0.026606884234002877,0.27978271029118484,0.20919455665218378,0.1373936340038035,0.0021562394443750375,0.7104225951683579,0.2561908595806901,0.11280001110509585,0.13952812596880393,0.0770735296159025,0.009075176871787041,0.0760662048797642,1.0,0.4404632675819117,-0.03365538111300823,-0.14921824752333226,-0.014886843700403022,-0.10696104424917985,0.008416737230296553,0.32375611358662204,0.18413128074145024,0.23325004511445188,0.12048381200923573,0.3206665833784478,0.10607448743041964,0.08810921861769319,0.26464692735879175,0.097408810968133,0.03717199479911344,0.252056987650208,-0.01983925373755882,-0.03423469694656135,0.0017624712539966777,0.08741607555166878,0.06500043957671077,0.10770971279445855,-0.03674352318420115,-0.12351781673815572,-0.1006246616416108,-0.08918039765497393,0.0716709004844598,-0.13887246260127617,-0.2092630380765974,0.26943183553353045,-0.1174993174993175,0.2521856216771471,0.31475080627623,0.442034175932481,0.3109857160704618,0.3095846231439452,-0.0317244825719402,0.24792913097997843,-0.22394304936677817,-0.15135320220065981,0.06631084088711207,0.20086064492844155,-0.14589227131600013,0.22638524502931281,-0.08209812277608888,0.16413655566197938,0.16507493626137693,0.1849197425468612,-0.05014135861593489,0.01926040061633282,0.21198795097100182,0.18812448812448812,0.3340329543719374,0.24548786074209802,-0.22507021659564033,0.3854018887917193,-0.4355959966129458,0.15139438359777344,-0.08293702022515582,0.03241484936400191,0.39144074737295076,0.13443366324722256,0.04364950466645382,0.0354224794902761,-0.20576724644521255,-0.012296117380863144,-0.04644660068388882,-0.20757645164424826,-0.241435888893516,0.06923749635614042,-0.04559798627595238,0.06750695225271497,0.03614338529592767,0.09331889670872721,-0.18653923569177808,0.10168149659675084,-0.28646427629478477,0.5149923421109862,0.25633476311442416,0.23933563764072238,0.30964940286974185,0.33551317110639145,0.37136921204717815,0.3060032297320433,0.1480448090617582,0.23742926285299168,0.34183844861810964,0.2613283545486935,0.23344577242882328,-0.09027471230861062,0.2077809704928349,-0.05635882415543433,0.04207813360355733
