,#10,#11,#12,#13,#17,#18,#26,#49,#50,#51,#52,#53,#54,#58,#101,#102,#201,#202,#301,#302,#401,#402,#501,#502,#601,#602,#701,#702,#801,#802,#901,#902,#1001,#1002,#1101,#1102,#1201,#1202,#1301,#1302,#1401,#1402,#1501,#1502,#1601,#1602,#1701,#1702,#1801,#1802,#1901,#1902,#2001,#2002,#2101,#2102,#2201,#2202,#2301,#2302,#2401,#2402,#2501,#2502,#2601,#2602,#2701,#2702,#2801,#2802,#2901,#2902,#3001,#3002,#3101,#3102,#3201,#3202,#3301,#3302,#3401,#3402,#3455,#3501,#3502,#3601,#3602,#3701,#3702,#3801,#3802,#3901,#3902,#4001,#4002,#4101,#4102,#4201,#4202,#4301,#4302,#4401,#4402,#4501,#4502,#4601,#4602,#4701,#4702,#4801,#4802
#10,1.0,0.5753499261973838,0.646812143422313,0.6283147554333995,0.03731358477121189,0.15473933101051746,0.10402189554731928,0.5382635331787874,0.20591114997894658,0.5786907091991838,0.38373149729081935,0.0918655172892461,-0.01707963741862047,-0.07310577141085615,-0.13518094365551991,0.033850645715052495,0.45196999773270957,0.5104781206476122,-0.07526802611548375,-0.11619817043545858,0.015590166437624065,-0.09622102842441825,0.4818968429137921,0.3652317957402703,0.4539541081913963,0.16457243067412558,0.02227358329053244,-0.05653095314112263,0.0014663353646404494,-0.06204694679270951,0.21157243530124886,0.26218159607990116,0.33450307009629043,0.31021900174442546,-0.12871315074704906,-0.19532521735911568,-0.12304955186311119,-0.0899207373783645,0.23810436013825845,0.06709745184321456,0.01958707551927891,-0.19982416931569474,-0.23591758168029353,-0.026738757247231824,-0.14624809709555472,-0.04601350194570534,-0.13132793810759913,-0.10001388136981357,-0.2022524836084158,0.043650892803435176,0.18167566642142913,0.2919261326040987,0.3664195782839851,0.33044785926141856,0.09790345044582333,0.0753226261700838,-0.36959193399871365,-0.23776704285178862,-0.27359208206665836,-0.017625637964621015,-0.16469042231754097,-0.19226206175358718,-0.3472480184344591,0.04880504541521491,0.20354715269969506,0.00590559743102116,-0.1416293026462518,-0.03826538402809589,-0.09773687400806044,0.1286997320895626,0.23050569830230846,0.17137383917044935,0.07154735629311901,-0.09540896829032422,-0.21798470273046544,-0.23943419536639876,-0.32677716237038273,-0.2698987122715936,-0.055208521310216224,-0.05183396030853658,-0.20991361160852687,-0.1669507720355178,-0.306713030441844,0.048768491141372494,-0.09125890142839295,-0.09692342573698506,-0.22127458737628228,0.01922338363016329,-0.16807284942878165,-0.2288552034314746,-0.12067028507706473,-0.18742347894890268,-0.3159376633952905,-0.2694012965199406,-0.35392495731478785,0.376158747345188,0.19393661766543122,0.5729507627812712,0.39303617947685743,0.28391611950933987,0.3462666055886395,0.27590564370225384,0.13574498998227813,0.32542280338890506,0.33521287080609113,0.3829069439238931,0.3340667323718171,-0.09581384157655344,0.009101551474432831,-0.19964324879579118,-0.23172170629797748
#11,0.5753499261973838,1.0,0.3842659300286419,0.453898582712142,0.1421984388086083,0.02453763470712623,0.43542895746285576,0.4760786981125964,0.4207082274878885,0.49625203015033525,0.34043874382857436,0.1737679127509636,0.15724306741255895,0.26923148109588785,-0.1615675768218141,-0.005456303761388507,0.09688687146314265,0.26000684814244135,0.005480364802398701,-0.0945052911154606,-0.12317078249281639,-0.17010415654483452,0.35232813707389976,0.2810662742866133,0.24396599989820328,0.04938574938574938,-0.04712493695544543,-0.17164267503250555,0.034711753355821155,-0.0888722312451126,0.14674828912117047,0.267511116663659,0.2885224207258106,0.33354664371613524,-0.12171046238842849,-0.06835186496203445,0.004614167326031733,0.05596366782807461,0.23806364145347197,0.045232906249855404,0.07722067213592637,-0.047245704872823514,-0.02836750463869108,0.12972972972972974,-0.03983212796772119,-0.009870116649777667,-0.08403966370068065,-0.2456414812347016,-0.23659684337650438,-0.17048820777634338,0.04157562801630598,0.044458788526585136,0.1873462059902738,0.011937052615018717,-0.14410342545935767,-0.2017050949254339,-0.2537745758084741,-0.17475210187074594,-0.06655052587255977,-0.0020086342120240424,-0.07657194945330538,-0.0934780697492562,-0.21710878829522898,0.10912468709078879,0.17086578103527256,-0.13705585400500656,0.23518927247740806,0.07762924712077254,-0.17619854060532025,0.07721280602636535,0.1442811069929714,0.08611076407686577,-0.07798738646196274,-0.26345220413017023,-0.27600003701698617,-0.3094657060758756,-0.19253182304029762,-0.12033713220153898,-0.002297829416473484,-0.042774978368198706,0.06043902145597061,0.04117445642869372,-0.10872582906481211,0.14611344780836305,-0.027317147656130705,-0.023323014848438576,-0.15793112064298506,-0.021741001402018352,-0.07371146184705507,-0.04068536949892882,-0.038800742190572696,-0.02003174206564037,-0.17250933522119963,-0.1472697659138337,-0.17238070119426052,0.22045743740658996,-0.09444189952664529,0.294316504485996,0.3202191405581236,0.1564990259905514,0.1603515688261451,0.15524368744707728,0.06818991564754277,0.20919316851520242,0.2868307444578631,0.23381547957819143,0.3021136699102801,0.021959864332745688,-0.047339172762901574,-0.10392889036956833,-0.15927206096697621
#12,0.646812143422313,0.3842659300286419,1.0,0.5882915272745781,-0.004964440557660896,0.15503916859849062,0.17014348709263963,0.416821443940088,6.940684906786602e-06,0.49052735323921764,0.2348991518483044,0.13436194283651912,0.15427523054641698,-0.12423872254380729,-0.12303150608235354,0.10707302063234267,0.6571745859881453,0.7718240582647362,-0.2420485200146217,-0.19337025777703742,-0.13059546449376958,-0.011537269164387808,0.4387933387933388,0.34318540420235333,0.23171430290074357,-0.02905139345817312,0.03556314403772031,-0.12288436356232967,0.23264342925359874,0.1724968419883674,0.3297926586062179,0.37247093009804877,0.1977886977886978,0.23163841807909605,0.017515975143093786,-0.22518404382811164,-0.025307125307125308,-0.148059615856226,0.12535941180008978,0.07090140988446073,-0.028811708472725423,-0.19496707801792548,-0.12614370919455664,-0.021372682389631543,-0.10418014316319402,-0.018123979140928292,-0.1689654215077944,-0.15580680834918123,0.08927525368203335,0.1032209405090761,0.2713294187870459,0.4325814258017648,0.37814100695456626,0.305858400773655,0.026162680399968535,0.013076713076713077,-0.36861237200220254,-0.34907249314028976,-0.28842293757547993,0.13233942725468148,-0.19237959068467542,-0.18072016546592817,-0.20322279135838459,0.08574151963982472,0.18488966624559844,0.09331935942105433,-0.10471642675032505,0.046505827861760066,-0.20051129712146662,0.09273541646423003,0.2076019008222398,0.1966411712174424,0.10091431955838735,0.043853098090386226,-0.19556166335827352,-0.03304830253982796,-0.40511667291328307,-0.26810709014098844,0.11772141941633467,0.06356695678729576,-0.22955528718240584,-0.2673454656505504,-0.07369850590189574,0.11718606125385786,-0.002457002457002457,-0.09384361248768028,-0.22246005635836144,0.029810704386975573,-0.13489406201270607,-0.10937964158303141,-0.11778157201886015,-0.1900979561996511,-0.1987627072372835,-0.32463480429582126,-0.2952396155785986,0.489270163846435,0.17511625647218867,0.6112439095489943,0.3660794847235525,0.25379030802759617,0.46886362479582816,0.5394744513388581,0.29251331454721285,0.4979608267743861,0.29567780415238043,0.2825029960623181,0.2967883137374663,-0.14005654344637394,0.02985281120874341,-0.24358703850229274,-0.24213180823350314
#13,0.6283147554333995,0.453898582712142,0.5882915272745781,1.0,0.11481743685133515,0.28296755923874567,0.14360924869399447,0.39694794949032236,0.2176348922111634,0.5993165738928451,0.3097669318008301,0.08173119190068343,0.13410374935798663,-0.07063442487171301,-0.0909886774293554,0.10476871324328951,0.38160302058607143,0.5139299546079207,0.008010013094758857,0.03294141599226345,-0.030121184358472494,0.0199743657370776,0.3438567997890032,0.2897194575160677,0.3334027401824012,0.08584192821480957,0.1072289546865818,-0.015006223480799752,0.17914092829347067,0.13493292984818409,0.2567729516882059,0.3222782104138036,0.23789243789243789,0.27620363044091856,0.020138165900877764,-0.11509830323389646,0.004498489244251956,0.037263149127555906,0.1993438739201451,0.091795185015524,0.08663501714349171,-0.2615287089863361,-0.15736429804226415,-0.13410791376893072,-0.04331820264023654,-0.05646385985369036,-0.09276317920385717,-0.11960234502607384,-0.14932976119416796,-0.0008162245450381043,0.06613593562746105,0.15586927451334232,0.23246713585696638,0.28100982338270475,-0.004673857216230097,0.10227330566313617,-0.4654201196574078,-0.23442764798697002,-0.31506683879565234,0.01894899522018166,-0.2875331417704299,-0.2686651212074941,-0.23517955551853856,0.03985295002244155,0.3185436592216253,0.12842071655630977,-0.012949929899082441,0.07873698043189568,-0.10976878265013858,0.10805119449187246,0.1642041116617388,0.10850789155873902,-0.019096600452532655,-0.15160075329566855,-0.23656584165058742,-0.26822091737345977,-0.40439854338159426,-0.3178805924568636,-0.04896653201737947,0.12444185325541257,-0.15978150723913437,-0.18899901442274325,-0.2030242877700505,0.13010961655029452,0.00237787864906509,-0.18811939828888982,-0.29152496101648645,0.11685938635091178,-0.24990074820583294,-0.17118273897934916,-0.19157354581083394,-0.21860982708440335,-0.2546532665176733,-0.30809746572458435,-0.3591397252414202,0.3220380627160288,0.08070258239749765,0.45833368036757866,0.40480387938015056,0.08751926040061633,0.15715006223480799,0.3627951526256611,0.2752231430197532,0.3590286742829116,0.4017916221306052,0.3632458344322751,0.3155892410129698,-0.28032685998787693,0.10255833645664154,-0.33421248675485965,-0.34273333425875796
#17,0.03731358477121189,0.1421984388086083,-0.004964440557660896,0.11481743685133515,1.0,-0.001581550734093107,0.24371752337854033,0.09640518793061166,-0.06135981898693763,0.028707135486796504,0.06357019577358561,0.28316051027915434,0.32846282337807764,0.17871060582924989,-0.05498225498225498,-0.08437883183645896,-0.029022705293891733,-0.10152602525483881,0.059995743046590506,0.06545204680797902,-0.15340949578237714,-0.1215193621973283,-0.014393592359694054,-0.07153162407399695,-0.12537653215619318,-0.14165521453657046,-0.14510242137360782,-0.11305774187130119,0.195524646372104,0.2117575202320965,0.0009582772294636702,0.18801713886459648,-0.0110139415224161,-0.05021307902663835,0.04537033181100978,0.32983615356496715,0.3821036753240143,0.37895075352702473,0.08179967332509705,-0.07804106109190855,0.240868603580468,0.34481739058010247,0.46390103508747577,0.4651434176857906,0.47522175488277185,0.44830161440330935,-0.2422373066440863,-0.14175145870061123,-0.09686466127144093,-0.043556499488702875,0.0038280190822563703,-0.10594307712951781,-0.2002202510677087,-0.1735980973269109,-0.21903783598698853,-0.2750482377601022,-0.21441811611303135,-0.08408871120735527,0.0835348445517937,0.007947084218270659,-0.14380682685767432,-0.07569372145643333,0.21793889421008064,0.17940976415552687,-0.1388349829027795,-0.23721132534691858,0.21195648653275773,0.3543673102995137,-0.32706635757483216,-0.41195463568344926,-0.3092315736383533,-0.28944460639375896,-0.24753998991287127,-0.1457724288232763,-0.3190345970006987,-0.18468607282166605,-0.1714862782659393,-0.15351869589157724,0.3637973875262011,0.24157238903001615,0.3162592484626383,0.3016773321858068,0.09188263764534951,0.3662576289694934,0.41492339797424543,0.07991504601674093,-0.017289708815132546,0.13523323014848437,0.08714955325124817,0.532516183363641,0.4390575475321238,0.0014325573647607547,0.1900031001725917,0.03911122216206962,0.12280385161741093,-0.061408866493612255,0.0787832516646076,-0.13338284355233507,-0.14386836759718116,-0.18994294757006622,-0.12278488041199906,-0.018889768042310417,0.3677359948546389,-0.1803379650837278,-0.20201835117089353,-0.23393578478324242,-0.18890230754637535,-0.13013552844061319,0.043507914694355374,0.031866997968692884,0.004143126177024482
#18,0.15473933101051746,0.02453763470712623,0.15503916859849062,0.28296755923874567,-0.001581550734093107,1.0,-0.07348149382047688,0.026996950725764284,-0.07197536519570417,0.09071613986868224,0.0699246241619123,0.023960169722881588,0.1702397312566804,-0.055122919529699194,-0.06340454476047697,0.1983143389923051,0.13401120689256282,0.20868973750329683,-0.08615472174794209,0.2849956273685087,-0.16924073534243025,0.16556911302674016,0.0008583313668059431,-0.07410893173605038,-0.0023940735805142587,0.008542132270945831,-0.10804934364256398,-0.00880125117413253,0.40649879463438787,0.4883817561783663,0.35872004516072314,0.17535501603298215,0.07779628627086255,-0.07249221486509622,0.4391852561344087,0.10576169389728712,0.12968854833261612,0.03972292785852108,0.056162634128735824,0.0811879676286456,0.19361040547481226,0.008363988025004975,-0.032278811939828886,0.09229583975346688,-0.05978335808844283,0.14926313061906282,-0.013836024005515531,0.05195472822591467,-0.08411369767301971,0.07319322404068167,-0.0660790220112254,0.07660989186412916,-0.2884146087535918,0.09434750621191298,-0.3047710268049251,0.12677346067176576,-0.32072766140562753,0.08090895209539277,-0.14158488226284838,0.09288626068287086,-0.22079614283004115,-0.3403239911714488,0.15884358935206394,0.10319225234479472,0.005209215378706904,0.09087299934757562,0.03845555879454184,0.027728036202612473,-0.08034768204259729,0.04947412744022914,-0.12300651961668911,-0.15457969525766135,-0.06784843395012886,-0.12759153606611234,-0.09383250739182943,-0.20198734944497657,-0.2172452884317291,-0.23227279667957634,0.14466145652586332,0.42552367467621705,-0.08805646941240161,0.06734037581495209,-0.014968281069975985,0.0021085800746817695,0.18497758158775107,-0.09012155452833419,-0.13566123905106955,0.2513106326665649,0.20990158108802176,0.20299189790715214,0.017524303964981933,0.11002882697797953,0.1712299356367153,-0.12296487550724838,-0.036017527542951275,-0.02685952516460991,0.15301896657828862,0.011690889656991351,0.04143727703049737,-0.10986271325254376,-0.09224771767144649,0.3123872717093056,0.25249193723769997,0.20855971533937637,0.04191294530277581,0.10035721391653595,-0.06776236945728471,-0.28149613403850693,-0.12231892909859012,-0.24626568016398526,-0.20235983286830744
#26,0.10402189554731928,0.43542895746285576,0.17014348709263963,0.14360924869399447,0.24371752337854033,-0.07348149382047688,1.0,0.05665588546944479,0.15863305524322474,0.3660693050523559,0.2467394975869552,0.243654131789725,0.41254366847587187,0.40770693652049583,-0.027826593928288845,0.07088521495301156,0.06990657838115465,0.06575466066991491,-0.04585247805586789,0.040671950841442366,-0.15557036235002336,-0.05513541276253141,0.009802560650018277,0.020346386448081365,-0.12988658920862312,-0.043489868913597726,0.1696608781354544,-0.15174835852801954,-0.005592341185561524,-0.03230657467945604,0.010955177056871972,0.13073797989052227,0.10448460787443838,-0.015274596630528834,-0.14328905176362802,0.018790747604306927,0.0647834274952919,0.13607999370711235,0.04367958096771656,-0.02630010596112291,0.14569330501533892,-0.001451991282499757,0.10153065237811,0.1771170245746517,0.3436874470772776,0.2184844320437541,-0.011087975494755155,-0.25576840322603034,0.0279006279006279,-0.0606810200030539,-0.015879824354400624,-0.05033569779332491,0.03933887662701222,-0.1227205633985295,-0.2010461925716163,-0.13144963144963145,-0.09921385175622464,-0.08973333888588125,-0.013728212033296779,0.07767366750417598,-0.2164725588454402,-0.19682162902501885,0.2041315583688465,0.28964172184511167,0.040739506841201756,-0.08851733089021224,0.35509006695447376,0.45117690880402744,-0.1393097257504037,-0.16746299458163866,0.07412142496888259,-0.054864726051166726,-0.12327674361572667,-0.12061013247453925,-0.16899919950767409,-0.17279575415168635,-0.13344253344253346,-0.05280843246944942,0.23452204130170232,0.047232286215337066,0.1398571144333856,0.07790502366773554,0.15693582642735185,0.26118907813823067,0.1895598217632116,-0.24950512916614612,-0.20960960960960962,-0.002054905444735953,0.13681107918396054,0.15745128795976254,0.12377693564134241,-0.062390742051759,0.02454920251530421,-0.158160163244909,0.04552025060499637,0.0005210140803361143,-0.028882040746447527,-0.0478023478023478,-0.011637215027045535,0.019755502806350266,-0.07672834621987164,0.11914333439757169,0.21630829596931292,0.04751454073487972,0.06792154249781368,0.012651943160417737,0.021494375731663868,-0.12153000458085204,-0.004473502778587524,-0.1781946815845121,-0.05716116733065885
#49,0.5382635331787874,0.4760786981125964,0.416821443940088,0.39694794949032236,0.09640518793061166,0.026996950725764284,0.05665588546944479,1.0,0.47525923458126845,0.42098539217183284,0.2712415034448933,0.15418037451935757,0.07321404609540202,0.06195764331357552,-0.3695438119166933,0.016265263722890843,0.27402564351716896,0.40086573476403986,0.08851686817788512,-0.10980024708838268,-0.10383727332879875,-0.23799839901534817,0.43140567377855515,0.221778481100515,0.4280269483659314,0.0976799603918248,0.08501089687530365,-0.15625054947088846,0.14833122799224494,-0.06855730923527534,0.17443514392666934,0.4398594279950212,0.21502010485061332,0.4242965615846972,-0.07463549836431192,0.04981560913764303,-0.18586089942022146,0.17211973144176534,0.15322579898851085,0.08912857387433659,-0.0830383542247949,-0.11958291110833484,-0.15744157100089304,0.00518561705002383,-0.21087651596126172,-0.19137365408551849,0.08054479749395003,-0.26542382135602477,-0.11058408177052245,-0.17280732195986434,0.15683588056469414,0.14063447114294572,0.36829957846907,0.17054789766654174,0.002720748483460348,-0.0302424149881777,-0.42013538962691505,-0.23210298125552362,-0.18733833988071277,-0.22287927372673136,-0.22885797970543734,-0.22273120578205324,-0.3777037438054387,0.05697839596144681,0.3262709550845144,-0.0921001124390955,0.09815562866410324,-0.07449483381686771,-0.12199271690797114,0.19530254445508682,0.10263329585363484,0.11897814609679017,0.2854874905722363,-0.25267609674389335,-0.14401828639116776,-0.29373117339219035,-0.2860020266799928,-0.29022612751426313,-0.2730807849451917,-0.044863199100487236,-0.09534650212616315,0.036046215707232654,-0.232042365940671,0.21860751352276775,-0.0425376069443866,-0.015195935534918586,-0.36595964223082866,-0.1005136106831022,-0.1462305140271242,-0.1956893719605584,-0.14634850567053956,-0.06042236381219432,-0.28412942989214174,-0.16341842613029053,-0.3045641943947029,0.47338062253316493,0.08617508109033532,0.6166090589819403,0.3060073941429874,0.3226206175358718,0.32539781692324066,0.2306829171235951,-0.00788970788970789,0.17826825284452402,0.3269122743699015,0.34990583804143127,0.37805540517404923,-0.1605162944145995,-0.0026814179356552236,-0.22950161255246002,-0.3264278145634078
#50,0.20591114997894658,0.4207082274878885,6.940684906786602e-06,0.2176348922111634,-0.06135981898693763,-0.07197536519570417,0.15863305524322474,0.47525923458126845,1.0,0.4374681306884697,0.3417019484816095,-0.06728994017129611,0.008715186681288376,0.31278890600924497,-0.09404535506230421,-0.012148512148512149,-0.039123252682574716,-0.00020775783487647894,0.05006547379428735,-0.04388271167932185,-0.14359629274883512,-0.15329844482386856,0.3349556027522129,0.30930098048742116,0.28606217928251826,0.24976332264467857,0.15852200428471616,-0.1894918030511251,0.050213541738965466,-0.23326392648426547,-0.019342300698232902,0.17188559900424308,0.2170393814461611,0.3165859233655844,-0.0484899383204468,-0.010266198401791621,-0.12950716510038543,-0.029958309619326568,0.06146346654821231,0.026486116316624793,0.0452620571264639,-0.14124108700379887,-0.06761661507424219,-0.10423150423150424,-0.11844926590689303,-0.25699135190660616,0.15186496203445357,-0.23771706992045974,-0.22596001240069036,-0.2635239245408737,-0.07218034675661794,-0.10449987738123331,0.14526020627715544,0.09578561612459918,-0.009772947061082655,0.016268502709180677,-0.19460060985484715,-0.2024972584294618,-0.0829194371567253,-0.10742514471328031,-0.07347686669720568,-0.10038914106710717,-0.43192159802329294,-0.17387156031223827,0.2629099052827866,-0.054748585257059834,0.27405016727050624,0.023541877779165915,0.09425681459579764,0.23158798243544007,0.3410106562648936,0.2165142029548809,0.014500941619585688,-0.4546491021067292,-0.1008185381066737,-0.39929205013950775,-0.046760782354002696,-0.1104448053600596,-0.34857831637492653,-0.21388460879986304,-0.014102083593609017,0.03553723214740164,-0.2189712054118834,0.08624680150103879,-0.2717305903746582,-0.20793181471147573,-0.26627151033930696,-0.08174229699653429,-0.12903704937603241,-0.21818737072974362,-0.22242257665986478,-0.167289477458969,-0.32564397988126803,-0.07471277132294081,-0.29350398163957486,0.20411767699903294,-0.07724750945089928,0.3249216859386351,0.28630464054192867,0.19944613334443842,0.02360665750496259,-0.029515031209946464,-0.11327521666504717,0.13227048311794073,0.5077018466848975,0.3736059634364719,0.40571125825363114,-0.041075898703017345,-0.007394605699690446,-0.07945603538823878,-0.20277072141478922
#51,0.5786907091991838,0.49625203015033525,0.49052735323921764,0.5993165738928451,0.028707135486796504,0.09071613986868224,0.3660693050523559,0.42098539217183284,0.4374681306884697,1.0,0.5288843543080831,0.12786870075005669,0.24663168561473647,0.13946103268137167,-0.03656213995197046,0.04293877853199887,0.5331218737998399,0.42411008851686816,-0.07661313085041899,-0.10282161977077231,-0.15991152940305484,-0.10701656972843414,0.4000055525479254,0.27137430188277645,0.24609864101389525,0.06904500802805888,0.191266767537954,-0.17591906235974034,0.14281292077902247,-0.05578228459584392,0.23001892493417916,0.20864901881851033,0.38603996909081656,0.2897277863379558,-0.04008199262436551,-0.1435301248860571,-0.030308120138628613,-0.10407603288959222,0.29363169024185976,0.12333458265661655,0.06333097350046503,-0.29573564319327034,-0.20977248434875553,-0.051583170227238025,-0.07083894372029965,-0.015463845972320549,-0.10841164739469825,-0.2512426139544784,-0.1257115358810274,-0.11885830360406631,0.13851941309568427,0.12346460482053702,0.3480230615823836,0.256454605607148,0.004679872476482646,-0.03339117237422322,-0.3675828370743625,-0.40426343138207543,-0.24808228876025487,0.06847078203010407,-0.23001290967392662,-0.2100672321011304,-0.1873101144287585,0.08687840382755636,0.2897698931597237,0.014678160440872305,0.04039386073284378,0.1711864406779661,-0.048511685799821395,0.08032315828925998,0.2610965356728069,0.17733311123141632,-0.040047289199831575,-0.1421063590555116,-0.2405636761568965,-0.29870903260733767,-0.31519686095957283,-0.3619280297246399,-0.01254181762656339,-0.11938533294465498,-0.1762452745503593,-0.19666708310776107,-0.24386096419994724,0.0886880717389192,-0.07319137319137319,-0.283493200442353,-0.2728212033296779,-0.025262704923721874,-0.15898425389950813,-0.24323352628437375,-0.09811305913000828,-0.2257189392782613,-0.240759866183595,-0.28596500969382327,-0.347523332269095,0.33956699380428196,-0.006820842414062753,0.46918058273990476,0.2371955931277965,0.2710994507604677,0.13044878468607282,0.34168852982412307,0.19821948296524566,0.38927247740807064,0.4031265471943438,0.4948476982375287,0.38459676934253206,-0.15422757117672373,-0.04247282721858993,-0.2786115853912464,-0.30267771623703826
#52,0.38373149729081935,0.34043874382857436,0.2348991518483044,0.3097669318008301,0.06357019577358561,0.0699246241619123,0.2467394975869552,0.2712415034448933,0.3417019484816095,0.5288843543080831,1.0,0.2092658143505601,0.15551020974749788,0.14397062702147448,-0.04552025060499637,-0.01811056048344184,0.1966994729706594,0.2187805679331103,-0.06196412128615519,-0.03476033815016866,-0.07930334032028948,0.02173637427874716,0.18746373492136204,0.12326147410893173,0.0533553584401042,0.14409324578816105,0.09760916540577558,-0.12747770883364104,0.0396266836944803,-0.11068541577016153,0.16413146582638108,0.07015459218849049,0.3550993212010161,0.12736156803953413,-0.1274962173267258,-0.269966268271353,0.055789225280750705,-0.07040491955746193,0.16129272569950537,-0.08706719045702097,-0.005720512500173517,-0.19764988409056206,-0.059911529403054824,-0.040870917142103586,0.09559081423488203,0.04148863809880759,-0.15071003206596426,-0.18917391968239425,-0.17177778703202431,-0.03194704720128449,0.08612557087133359,0.058104637765654714,0.18632592530897615,0.15532234854268753,-0.03714562019646765,0.05678590763336526,-0.2500904602599518,-0.22720655940994924,-0.0753688974027957,-0.12421049709185303,-0.18539309725750402,-0.1556365302128014,-0.2040274480952447,0.02730465442329849,0.16712706543215017,-0.07055206207748581,0.04750945089928141,0.18771637585196907,0.018352559030525132,-0.12601970229088874,0.12443676341981427,0.028557216692809913,-0.2330783788410907,-0.2669479957615551,-0.36566628261543516,-0.31848535746840834,-0.26943599994447454,-0.29989496430174395,0.03144222805239755,-0.04991740584960924,-0.08163217146267994,-0.06319123437767506,-0.17491543932221898,0.24174914513897564,-0.13533132516183363,-0.13750653581162056,-0.1686965856457382,0.0681255986340732,-0.023537713368221844,-0.14976933790493113,-0.034771443246019516,-0.022701592193117615,-0.24149465335906015,-0.0638751231971571,-0.1368823368823369,0.18196393620122434,0.051679877103605915,0.13151718744939084,0.03833108917854681,0.07959484908637451,-0.05091917803782211,0.22970890767500937,0.11178019313612533,0.324870787582652,0.17576359101782832,0.21184867456053896,0.11510015408320493,-0.15568233873318618,-0.18086221815035375,-0.11030275267563402,-0.10713502408417663
#53,0.0918655172892461,0.1737679127509636,0.13436194283651912,0.08173119190068343,0.28316051027915434,0.023960169722881588,0.243654131789725,0.15418037451935757,-0.06728994017129611,0.12786870075005669,0.2092658143505601,1.0,0.32256000222101916,0.15915221847425237,0.03233803911770013,-0.01562857156077495,0.1601484381145398,0.02367421350472198,0.11801709259336378,-0.08092005719124364,0.02575086642883253,-0.27344493954663446,-0.0283971182276267,-0.0921704447128176,0.0628775154198883,0.03638492113068384,0.09598920954853159,-0.27713275679377375,0.07768708616166244,0.049210844126098365,-0.0024889296075736754,0.05543432492585035,0.13768236649592583,0.11674787268007607,0.03744036794884253,0.33278363108871584,0.14368929792658605,0.24696391306560797,0.19271690797114527,0.20237649051208373,0.17387156031223827,-0.005854699075038058,0.027881193982888897,0.11477347918025885,0.2867007222939426,0.1347196194653822,-0.2129610349949333,-0.31830675051014035,0.1583517261483363,-0.08467080331487112,-0.009984406594576086,-0.1477898545695156,0.09635660313626415,-0.12078596315884452,0.03563578987307801,-0.253657509589713,-0.15347381279584668,-0.016388807914231644,-0.03290116001980409,0.07785875243502362,-0.3407515373617069,-0.3290421392116307,0.2875081553047655,0.11207540360082734,-0.09054169732135833,-0.17451195417297113,0.29461078952604375,0.12582860209978855,0.10077041602465331,0.007302525946593743,-0.057529486343045666,0.03022251835811158,0.020410703461550918,0.02237352915319017,-0.050569367518520064,-0.15432520347774584,-0.2556605912538116,-0.31379252904676636,0.18797688289213713,0.3098821471702828,0.240317050486542,0.07193788549720753,-0.11455646709883999,0.6078924841636706,0.06915790983587594,-0.051081590064640914,-0.283236857813129,0.0801130868927479,0.15109315787281888,0.12052221713238663,0.017433149636539465,0.15349602298754841,0.025827213962807183,-0.17730257221782644,-0.04457585474534627,0.096084065575591,0.04610326813716644,-0.0588889351601216,-0.11221560543594442,0.004624346997228353,-0.041153634373973354,0.2943040112531638,0.018040228209719737,0.07435416926942351,-0.16060744874304198,-0.11347742195199823,-0.08212496009106178,-0.30289010119518595,-0.06231948435338266,-0.20315708620793366,-0.08638700333615588
#54,-0.01707963741862047,0.15724306741255895,0.15427523054641698,0.13410374935798663,0.32846282337807764,0.1702397312566804,0.41254366847587187,0.07321404609540202,0.008715186681288376,0.24663168561473647,0.15551020974749788,0.32256000222101916,1.0,0.16849160408482441,-0.11127120957629433,0.05693073659175354,0.20892618350245468,0.12141340107441802,-0.05951776121267647,0.11426588375740918,-0.20837740668249144,-0.1060906823618688,-0.08988279496754073,-0.04430748159561719,-0.21359448817075935,-0.22367421350472197,0.055646709883998016,-0.1171652391991375,0.31232943266841573,0.15880009439331474,0.07522499386906166,0.09215147350740571,0.016324953613089208,-0.062283855504194484,0.08713937358005154,0.0800811597421767,0.22010114891470825,0.1313954941073585,0.01064006996210386,-0.07470536792570691,0.08451718282226757,0.23690778606032845,0.2334776995793945,0.30641365556619793,0.2151889948500118,0.32937899378577346,-0.13182442843459793,-0.14841359078647215,0.05463059361364446,0.08367227011294807,0.031157197258892173,0.04389150321353711,-0.024846263829314676,-0.07338987677970729,-0.22311386887658075,-0.20151677100829643,-0.2185792880708135,-0.06221953849072493,-0.15640000555254793,0.02013677776389641,-0.2260386734963006,-0.1783135986525817,0.2546773275586835,0.193698783529292,0.08458473882202695,-0.14679826205249935,0.3082779235321608,0.23105863953321581,-0.24580157969988478,-0.1469592859423368,-0.02789137365408552,-0.08630186426796596,-0.05435481706668147,0.07166719878584285,-0.23885626766982698,-0.08543520407927188,-0.15407395068412016,-0.21224753258651563,0.3826390334864911,0.15752671006908295,0.18505439183405284,0.11416825145638705,0.3091232989538074,0.2993748756460621,0.46338649897971934,-0.16660882762577678,-0.20903492089932768,-0.014661040084768899,0.10364293415140872,0.25187236543168745,0.3585358856545297,0.05354969761749423,0.15881860288639948,-0.22226155277002735,-0.009007620872027652,-0.07686762263033449,-0.20244173295020754,-0.06331894297995994,-0.03661350102028068,-0.0390186796966458,0.009749811444726699,0.11797961289486714,0.2928839471212353,0.10475205559951323,-0.031975272653238754,0.04208090987752005,-0.041873152042643566,-0.11651883007815211,0.06813762915457831,-0.18769925549586566,-0.24466562093680738
#58,-0.07310577141085615,0.26923148109588785,-0.12423872254380729,-0.07063442487171301,0.17871060582924989,-0.055122919529699194,0.40770693652049583,0.06195764331357552,0.31278890600924497,0.13946103268137167,0.14397062702147448,0.15915221847425237,0.16849160408482441,1.0,-0.03252451218552913,-0.10096938232531454,-0.17407191474988085,-0.19565374311137024,-0.07693425320543965,0.04704997755845213,-0.16607717116191692,-0.06208165021724344,0.11918173952072257,-0.07190919733292615,-0.021594321594321595,0.13273041917109712,0.13675509099237912,-0.100019433917739,-0.04984984984984985,-0.10637571315537417,0.025511644155711954,0.0683046683046683,0.22150177912889776,-0.04187130119333509,-0.043979418555689744,0.17544431951211611,0.07640213402925268,0.044375500307703694,0.061008620330654226,-0.14610789526043763,0.1730437679590222,0.16602442195662534,0.15699690445453157,0.19573101606999913,0.16347950415747026,0.03310382801908226,0.001053133256523087,-0.14554153537204384,0.03991032635100432,-0.10055155309392598,-0.03554787453092538,-0.07959114738775756,-0.05578321002049816,-0.08557031607879066,-0.248533433279196,-0.19892650740108367,-0.131043832738748,0.02781317527080239,-0.05360198411045869,-0.04744282032417626,-0.1110791839605399,-0.09689936469597486,0.16059541822253687,0.19677119338136287,0.0032750778513490376,-0.1812393286969558,0.6041130498757618,0.3436902233512403,-0.1086286594761171,-0.10430183650522634,0.10861986794190184,-0.008046567368601267,-0.05333638723469232,-0.2954376564546056,-0.01365556619793908,-0.19691879861371386,0.043184016065372,-0.045858030603793315,0.1972926701740261,0.0505291115460607,0.15059111499789465,0.14560955408413034,0.04995025842483469,0.1590124793514624,0.04241036105442885,-0.13747692222268493,-0.16218576049084524,-0.028293470666352023,0.032249661063220386,0.16015352795013812,0.0408713798544307,-0.06285669336516794,0.024044383366417264,-0.095917026425501,-0.11971432140923666,-0.07236959609840966,0.06388067574508252,-0.08881809390283966,-0.042179930315523535,0.07702540753388211,-0.10934355002151612,-0.02231198841368333,0.12322538254741644,0.03364381330483025,0.11207216461453749,0.06966643068337984,-0.015240818630649139,-0.044132576335966164,-0.032637413993346194,-0.10083241947648727,-0.041434500756534653
#101,-0.13518094365551991,-0.1615675768218141,-0.12303150608235354,-0.0909886774293554,-0.05498225498225498,-0.06340454476047697,-0.027826593928288845,-0.3695438119166933,-0.09404535506230421,-0.03656213995197046,-0.04552025060499637,0.03233803911770013,-0.11127120957629433,-0.03252451218552913,1.0,0.14315764146272622,0.078613898952882,-0.18166826302419523,0.16812328507243762,-0.09653659823151349,0.45742445064478965,0.11181443384833216,-0.08381432279737365,-0.19991717449344568,-0.031093805670076857,-0.06498702091922431,-0.13673288080067741,-0.24456151066320558,0.09167117811185607,0.10584729567780415,-0.12017425746239306,-0.3046447063396216,-0.047261899804272686,-0.1839975568789128,0.08031436675504472,-0.0843728165762064,0.26868362970057885,-0.0038280190822563703,0.060315939976956924,0.18221565170717713,-0.024392343036410833,-0.03481678905407719,0.011968054340935697,-0.18037729563153293,0.1523549743888727,-0.12155869274513342,-0.3310868649851701,-0.09534881568779874,0.022071378003581395,-0.16221629950443509,-0.18513675462828005,-0.26343369563708546,-0.08831466289093408,-0.12286678049389914,0.40488901844834047,0.03374792357843205,0.135037502834113,-0.08390964153676018,0.08974675754336771,0.09082117556693828,-0.0931125270108321,-0.0522388335947658,0.27847601067940053,0.029525673593470202,-0.2705599281870468,-0.14390260830938797,-0.08276396581481327,0.06379970108783668,0.449593969932953,-0.03135061101162796,0.061028054248393235,0.03726962710013557,-0.13298167196472283,-0.06370854675939422,-0.017210585007195175,-0.08071692647963834,-0.10681390172915596,-0.11266582453023131,0.18688812078642586,0.0074852973158057905,0.0696946561353341,-0.20941989755549079,0.01574887676582592,-0.02591605472961405,-0.16890897060388585,-0.16782437290911867,0.0888990685600855,-0.016010771942975333,0.040510926951604916,-0.01925531078073451,-0.20803962668369447,-0.0998375879731812,0.025888291989986906,0.0842104045493876,0.1244182549267295,-0.09937904005700617,0.040368411554852233,-0.2562496240462342,-0.2166419115571658,-0.32537653215619317,-0.3872670821823364,-0.08256083510320798,0.011291106206360443,0.03313112804638228,-0.1553894418301198,-0.16848882781086172,-0.23206781511866256,-0.16176052786222278,-0.059654261349176604,-0.06772072534784399,0.20466691653132332
#102,0.033850645715052495,-0.005456303761388507,0.10707302063234267,0.10476871324328951,-0.08437883183645896,0.1983143389923051,0.07088521495301156,0.016265263722890843,-0.012148512148512149,0.04293877853199887,-0.01811056048344184,-0.01562857156077495,0.05693073659175354,-0.10096938232531454,0.14315764146272622,1.0,0.23264805637686994,0.15931092880245423,0.09087716375851969,0.3238421780794662,0.2226451412892091,0.3370465997584642,-0.1308286715066376,0.14341352137962307,0.2116048251641472,0.12270807016569728,-0.16986030714844275,-0.3709708167335286,0.10472891998315727,0.21508627271339137,-0.07583901312714872,-0.10525085948814762,-0.09443958596500969,-0.03446559039779379,0.2093764025967416,0.09961178435754707,-0.07066218761134016,0.28227395346039413,-0.07411864869491988,0.3098465183210946,-0.038374121424968884,-0.08837435278113244,-0.23087586816400377,-0.06136305797322746,0.07153856475890374,-0.04940703415279687,-0.14260470023181887,-0.3136652831568086,-0.09693036642189184,-0.283854578769833,-0.14049935914342693,-0.242084611576137,-0.20243710582693633,-0.2805299906994822,0.054299754299754296,0.21747433103365307,-0.11625369591471287,0.2200465488601082,-0.14142941092093633,-0.03195676416015399,-0.17385443995613487,-0.18668175108853075,0.1288454864726051,0.2761823456738711,-0.09192890887806142,0.07109204736323381,-0.004633601243770736,0.058123608971066595,0.17450269992642875,0.34428018156831713,-0.07543737882720934,-0.05763082034268475,-0.0867289477458969,0.0946598370327184,0.017320710541049524,-0.21189679664255937,-0.030899466492686833,-0.014304751592887186,-0.024597787309651717,0.24241961530097123,-0.12589985979816487,-0.07165192927904793,0.03970025495449224,-0.0017708000758848218,0.0946237454712031,-0.1621413401074418,-0.07141548327989006,-0.18942147077740298,-0.07745202829948593,0.0403216776098132,-0.0872763364288788,0.07412790294146226,0.021608202964135168,-0.14804110736314127,0.011272597713275679,0.2129707519538028,-0.23863971830073524,0.148591735032413,-0.0004890869297648958,-0.14472854981329558,-0.3144902992360619,-0.00037294613565800005,-0.022186130660706932,0.17436249809131166,-0.03801829564541429,0.09583049922032973,-0.17704113975300417,-0.08409380104295358,0.0379118718101769,-0.1714987714987715,-0.18903094157331446
#201,0.45196999773270957,0.09688687146314265,0.6571745859881453,0.38160302058607143,-0.029022705293891733,0.13401120689256282,0.06990657838115465,0.27402564351716896,-0.039123252682574716,0.5331218737998399,0.1966994729706594,0.1601484381145398,0.20892618350245468,-0.17407191474988085,0.078613898952882,0.23264805637686994,1.0,0.6296654127162602,-0.15595950341713052,-0.099421146878774,0.06652368855758686,0.06769111175890836,0.35752902363071853,0.22880060337687455,0.25368388419235877,-0.06636266466774941,0.013564874581823734,-0.29135884729105066,0.31696118306287796,0.18988603395383055,0.33816960257638223,0.18908415349093316,0.09632282513638446,-0.014791062248689367,0.1155573138623986,-0.22249244622125977,-0.03577136458492391,-0.17328622921843262,0.024662104323121273,0.020520828995405267,-0.05138744291286664,-0.12332949282101824,-0.18028382774145485,-0.03734458649712887,-0.09144306093458636,-0.04111615467547671,-0.2904611853764396,-0.2882845865896713,0.033188967087272175,-0.0533164906046262,0.14886195903145055,0.19679201543608324,0.25782423409542055,0.20095550095550097,0.15323968035832441,0.051811750116834865,-0.28400866197476365,-0.42000999458626576,-0.25000485847943477,0.04772600026837315,-0.14476325323782951,-0.10554838351448521,-0.06525539406895339,0.13924124432599008,0.07832933087170375,0.03927039520259859,-0.16568803009480976,0.10594030085555509,-0.0174146411434547,0.11869357801561191,0.2257985257985258,0.15398927432825738,0.030917512273444477,0.02766695817543275,-0.22516275906106414,-0.1001161407941069,-0.33230148484385774,-0.2582587209705854,0.22304307389053152,-0.009248231282129588,-0.2609595728239796,-0.2114114114114114,-0.07502602756840045,0.09132969641444218,0.07376050935372969,-0.0906786601701856,-0.07071632495361309,-0.06452754757839503,-0.17781155577765748,-0.14448331227992245,-0.04211700143903534,-0.08396146531739752,-0.051157012173961326,-0.19211769550752603,-0.17081164369299962,0.5562329664024579,-0.02203204745577627,0.5621505943539842,0.17871430752786685,0.1296640245792788,0.15834987529902783,0.555643008185381,0.27365316009383805,0.42975147720910434,0.10001341865748646,0.23442625984998866,0.08241554343249259,-0.10627160288177237,0.0088683444615648,-0.1555203894186945,-0.19336609336609337
