,#10,#11,#12,#13,#17,#18,#26,#49,#50,#51,#52,#53,#54,#58,#101,#102,#201,#202,#301,#302,#401,#402,#501,#502,#601,#602,#701,#702,#801,#802,#901,#902,#1001,#1002,#1101,#1102,#1201,#1202,#1301,#1302,#1401,#1402,#1501,#1502,#1601,#1602,#1701,#1702,#1801,#1802,#1901,#1902,#2001,#2002,#2101,#2102,#2201,#2202,#2301,#2302,#2401,#2402,#2501,#2502,#2601,#2602,#2701,#2702,#2801,#2802,#2901,#2902,#3001,#3002,#3101,#3102,#3201,#3202,#3301,#3302,#3401,#3402,#3455,#3501,#3502,#3601,#3602,#3701,#3702,#3801,#3802,#3901,#3902,#4001,#4002,#4101,#4102,#4201,#4202,#4301,#4302,#4401,#4402,#4501,#4502,#4601,#4602,#4701,#4702,#4801,#4802
#10,1.0,0.1936113308994665,0.49268081640962996,0.47247278094735723,0.3838406974000194,0.24038599462328275,0.31607879065506184,0.49750783140613647,0.12494250799335545,0.33100126320465306,0.3589638945571149,0.40267216368911285,0.16204787221736375,0.29172901715274596,-0.18386383301637538,-0.15624869862157997,0.4068263949619882,0.2829620066908202,-0.21362410175969498,-0.14054054054054055,-0.055250628131984066,-0.24698473512032834,0.10964246218483506,-0.04029669114414877,0.00956241295224346,-0.04005376717241124,0.06604431858669146,0.10119055881767747,-0.037787402194181856,-0.0007995669012618165,0.12510075560923017,0.12555513911446115,0.2312205888477075,-0.021360651869126446,0.03403850691986285,0.07093796415830314,-0.020257545681274493,0.0886737276567785,0.024529768597565206,-0.0007611617781109306,-0.04820537023926855,-0.003800719054956343,-0.11500622348079975,-0.06418143875770994,-0.205908836417311,-0.15272884594918493,-0.013492228746466035,0.14501774501774503,0.0816988020377851,0.03570889842076283,0.11793750607309929,0.07964389659304913,0.08657023741769504,-0.007472804082973575,-0.01977262316245367,-0.04089035105984259,-0.09313890161347789,-0.16962756284790184,0.13405470185131202,0.05885932157118598,-0.07987802903057141,0.13135523813489916,-0.0277359023121735,-0.006657967674916827,-0.025052633527209798,0.09832405595117459,0.17874901095240078,-0.07564513666208582,-0.03331343670326721,-0.0924513110953789,0.07192955667531939,0.023791742435810233,-0.03399177297482382,0.11252839896907693,-0.18002655968757664,-0.10315847434491503,-0.16735055548614872,-0.27401407570899095,-0.02192331005890328,-0.08848679187662238,-0.16074441159186922,-0.007312705617790363,0.1326957157465632,0.08843959521925623,0.23467843806826857,-0.08732168223693647,0.11527413391820171,-0.059489535760722204,0.06739358773257079,-0.02959415501788383,0.01838448618109635,0.1603733163055197,-0.015197323671899942,-0.0007144278330719009,-0.16526557374015002,0.2219408931273338,0.04291379206633444,0.275307819375616,0.37425792510538275,0.16787156956648483,0.32098261589787014,0.4070068527695646,0.3219746711272135,0.3213134552117603,0.07806512213291875,0.1745207457071864,0.16923703364381332,-0.08792228283753707,0.01696581018614917,-0.11116062133011285,-0.07912704692365709
#11,0.1936113308994665,1.0,0.29387692777523283,0.2973241346122702,0.21636659772252992,0.10293405886626225,0.3175918599647413,0.2649453768097836,0.4687525738373196,0.31369165775945435,0.15748691680895072,0.04663446188869918,0.07862500404873286,0.11166497776667268,0.002942850400477519,0.01169135236931847,0.1139345817311919,0.14356806729688085,-0.16863273134459575,-0.10421484658772795,-0.08689552418365978,-0.1957814517136551,0.12548573226539328,0.01929279047923116,0.2220959017569187,0.0985614273749867,-0.14289065644997848,0.07542581101903136,0.03974560076254992,0.06916623865776408,-0.1339015440710356,-0.024710226405141658,0.06938417616383719,0.14828310591022456,0.0976896773506943,0.044634156498563275,-0.12485042824025874,-0.12242165123521055,-0.08317346622431368,0.03189985054391834,-0.035597847462254244,-0.08202779050236678,-0.15923828296709652,-0.1252585405127778,-0.1382487263843196,-0.2349967841493265,-0.13366972519514891,0.0009693823253145288,-0.07790733722937113,-0.11782182799131952,-0.10982199456775728,-0.0974666500090229,-0.12204777967489831,-0.04799159714413952,-0.08436772674060809,-0.14093245788161043,-0.13972431599550245,-0.2502144671636197,-0.08432561991884026,-0.19345262057126464,-0.03428281902858174,-0.07268562861783201,-0.08350291740122248,0.21223365121670207,-0.021148266910978774,0.10206878681454952,0.052769101921644294,0.10588246181466521,0.04667656871046701,0.07474238491187643,0.09645192187565069,0.21442459408561104,-0.013524155897037253,-0.05356172813799932,-0.005592803897888644,-0.025002660595880934,0.0007241447919414021,-0.1850654969299037,0.05667346853787532,0.005551622500775043,0.17064599267989097,0.01744286659540897,-0.04450459704696993,0.008271445559581153,0.19421100607541286,0.023045387452167113,-0.07305672390418153,0.10643170134695558,0.1360735157345327,0.07730534849178917,0.05233646589578793,-0.09023676989778685,0.011851450834501683,0.058336456641541384,-0.024629714460222933,0.10387382760264116,0.12584109533262075,0.04290731409375477,0.0898698390223814,-0.0287094490484321,0.06967938662853917,-0.03357394374343527,0.2237885034495204,-0.0032528676596473207,0.194728318457132,0.01606907369619234,0.1359726444472207,-0.02524974897856254,-0.013165553843519945,-0.06410324037442681,-0.028930625540795032
#12,0.49268081640962996,0.29387692777523283,1.0,0.6147031469065367,0.273765599189328,0.4518492298153315,0.29058981940337875,0.18278617600651498,0.02736203075186126,0.38591873846111135,0.26067454203047424,0.18028336502912773,0.042500589958217073,0.05480734972260396,-0.12894358148595436,-0.06913014709624879,0.47057057057057056,0.71068726661947,-0.2230037433427264,-0.12417533095499197,-0.1570121739613265,-0.08512472410777495,0.1520037757325893,0.16835695479763277,0.0567456516609059,0.006831947509913612,0.03586853417361892,0.13137235849100257,0.015550835889818941,0.02665870801464022,0.17887857040399413,-0.03064636284975268,0.30727106150834965,-0.12301623657555862,0.03252266133622066,-0.030852269835320682,-0.2026226534701111,-0.17055113665283156,-0.17508432932161747,-0.07549244159413651,-0.014676772303890948,-0.044547629293392,-0.2548836972565786,-0.08141423395660684,-0.07757696062780808,-0.10153851848767104,-0.018533479550428705,0.12199271690797114,-0.05708990963228251,0.019215517520602268,0.09317360503801182,0.2637252044031705,0.10587783469139402,0.20875636807840198,-0.08197550400940232,0.07317841724621385,-0.37071216054266903,-0.3177755567586076,-0.04124154971612599,-0.09697386138064104,-0.15241235071743547,0.03963640065334981,-0.2007361753124465,0.19623305894492335,-0.008409333833062646,0.11771216516979228,-0.04581870005598819,0.008629584900771342,0.11350425926697114,0.10383866146578011,0.2744388456252863,0.3219321015931185,-0.07322607661590712,0.1874725264555773,-0.33041546939852023,0.05768403226030345,-0.2880786796041033,-0.25951405951405954,0.13626137693934304,0.20607217386878404,0.07492006644549018,0.06722099603455535,0.03264389196592586,0.23294511769088042,0.211324421493913,-0.023306819916989407,0.033514716565564026,0.1615888615888616,0.09876455808659199,0.06419902182614047,0.030861986794190183,0.06609475423034746,0.028979673047469658,-0.07667559701458007,-0.19807187773289467,0.2956676244811838,0.3244103888171685,0.3601188245256042,0.5158048649574073,0.19545986664630732,0.31306375713155377,0.3880684999329067,0.2946357759917082,0.23242132733658158,0.4140340648815225,0.248308092375889,0.2813170643679118,-0.09893761249693453,0.023863000134186574,-0.08373427356478204,-0.13643674491132118
#13,0.47247278094735723,0.2973241346122702,0.6147031469065367,1.0,0.43873688788943027,0.5093435500215161,0.3524563083885118,0.19045424469153283,0.21213092908008163,0.4504472114641606,0.356493473442626,0.27886468903418055,0.3241938394480767,0.24599221717865785,-0.2198577622306436,-0.056944617961567114,0.28701860566267345,0.3073867395901294,-0.24288325305274458,0.09473340829273033,-0.23437721234331405,-0.18304020507410337,-0.09654724061503722,-0.014881753864804712,-0.05357237052152306,-0.0062026587450316265,0.07067930796744357,0.18673033588287827,-0.10389233609572593,0.1408204814984476,0.10570755655501418,0.05858956028447554,0.14172924850890953,-0.008446813531559294,0.033592914948847155,0.21669188448849466,-0.17289755086365255,0.09755225178953993,-0.10379053938375972,0.16649268683166987,0.13592082066658337,0.23098738183483947,-0.09246334161588399,0.14397432872009144,-0.09413049413049412,-0.04870972667582837,0.1386073284378369,0.32186269474405066,-0.13003326901631987,0.004769175955616633,0.06835510394832428,0.21749978021164462,0.005701078582434515,0.040844079827130675,-0.18843589352063927,-0.044956204278238175,-0.48319937811463237,-0.19087346205990274,0.1169324948985966,-0.16476584442686137,-0.3261173345919109,-0.1376240647427088,0.08472262709550846,0.054344637395484854,-0.009146434570163384,0.1057177362262108,0.2273361188615426,0.00831956764160154,0.026090497276937956,0.06187944493029239,0.1089724547351666,0.06540855184922982,-0.1771096211774178,0.04583905939838143,-0.2100237371423812,-0.17915342152630287,-0.29437804522550287,-0.4990394092089007,-0.03877945742352522,0.14386327776158284,0.07249545385138606,0.16811217997658676,0.2744360693513236,0.18120693883405747,0.24219334897300998,-0.20670979145555415,-0.14371567252923184,0.07176807007315482,0.15580542021219987,0.10604579926613825,0.2131715691037725,0.05897499965296576,0.09810149132183031,-0.037397335702420445,-0.07681811241133275,0.08822026957620178,0.12840822332347757,0.24773803078887824,0.3027947824557994,0.14592836287751543,0.2776796827644285,0.29523360031834606,0.21732348681501223,0.23403387979659165,0.4147998537829046,0.17045720605042639,0.2421521675758964,-0.3119948916559086,-0.1523651540600693,-0.12400459010628502,-0.1806697298222722
#17,0.3838406974000194,0.21636659772252992,0.273765599189328,0.43873688788943027,1.0,0.3786698871444634,0.19176464600193413,0.09276734361480124,0.1439275947750524,-0.004330061957180601,0.12043846620117807,0.5432876636266467,0.3637247416908434,0.32856878450098786,-0.28374722950994136,-0.2296006329904635,-0.017009767857225484,0.017242512157766395,-0.3507757372164152,-0.06837870227700736,-0.23725944742893895,-0.1762452745503593,-0.06372196541688067,-0.10940509076102296,-0.041868987631699495,0.02274138545324986,-0.09194417838485636,-0.016506336845319897,0.24165058741329928,0.3809353266980386,0.1971279445855717,0.20489595913324726,0.14329645516086195,0.22995830961932656,0.319921616531786,0.24652202279320923,0.11531300175367971,0.21997621658638608,-0.04477158205971765,0.17592276405835727,0.2727120032204778,0.38248726384319603,0.2614315393976411,0.17951618799076427,-0.18688118010151908,-0.2170370678845255,-0.013015635049533354,0.11294669091279261,-0.15098580861292726,-0.19002392222731207,0.0015237116932032186,0.08041107363141262,-0.05397631838309804,-0.009355117829694101,-0.18536579723020402,-0.13180777079082165,-0.15357051967221458,-0.1640157877446013,0.12180716926479639,-0.10795726388946728,-0.04332977044841452,0.037097960826774384,0.07174724801843446,0.08023709379641583,-0.18140174072377463,-0.09743981269404998,0.3767028970418801,0.11762517525229389,-0.07342828190285818,0.025147489554269216,-0.08338770203176983,-0.05872004516072313,-0.10664871342837444,0.02584340889425635,-0.07394605699690446,-0.21103707713877207,-0.07908540281421637,-0.243351055215462,-0.039766885529597396,0.1118662576289695,0.0947278557448049,0.25346039413836025,0.2397377346529889,0.03477051782136528,0.5688548332616129,0.0567262177431669,0.21520287621982537,0.00914828541947186,0.25564254547305393,0.37391968239425866,0.3818533479550429,0.2135732034037119,0.24562482359092527,0.25230592688219805,-0.057730766205342475,-0.03341523341523341,-0.0748747206374325,-0.06470569182433589,0.026282985605019505,-0.016751574378693023,0.11198795097100182,0.3077569094518247,0.37831730035119865,0.09106363682634869,0.036679668883058715,-0.030567239041815315,0.1784806378026717,-0.06159811583540397,-0.11976614518987401,0.03165229944890962,-0.06878635183719929
#18,0.24038599462328275,0.10293405886626225,0.4518492298153315,0.5093435500215161,0.3786698871444634,1.0,0.06301864267965963,0.06437531522277284,-0.04208090987752005,0.19328280514721194,0.1016347626517118,0.22619507026286687,0.3997547624666269,-0.06928608115048793,-0.33525821661414884,-0.12079105299444283,0.17915480966328423,0.3087364714483359,-0.26574586913569964,-0.031829518270196235,-0.26110162550840516,-0.16694475677526524,-0.003401398316652554,0.11363705770485431,0.15501048043420926,0.23928196301077656,0.12036211866720341,0.19032653608924796,0.26146531739752077,0.4256139035800053,0.371283147554334,0.20077134144930756,0.11599133802523633,0.21629904172277054,0.22299495180851114,0.3596625901710647,-0.010947310947310947,0.0347904144514314,-0.1662682713530171,0.1744194117075473,0.2356575373524526,0.3036299782062494,-0.041127722483654684,0.19459505730692173,-0.09752217548827719,0.021562394443750375,0.21869959327586447,0.2932282050926119,-0.06277155429697803,-0.021795601456618404,0.015449039177852737,0.08354456151066321,-0.03354664371613524,0.10035536306722748,-0.20109061295501973,-0.14884345053836578,-0.325923458126848,-0.21237524118880052,-0.05767755428772378,0.0016708542132270947,-0.15821059888856498,-0.14218825913741168,0.12526872018397442,0.256011789910095,0.05342661613848054,-0.03389506609845593,-0.023136079068282456,0.09823845417065756,-0.13881138457409645,-0.04823174484191434,-0.08000573763285627,-0.06995516317550216,-0.2934859358588172,0.04611067153440035,-0.17933387933387934,-0.09762767389886035,-0.18906842127181112,-0.29268035369730283,0.09654631519038298,0.42162763688187416,0.0973653160093838,0.3341791714673071,0.18997024759736625,0.42696965069846426,0.35657722437383454,0.002872980839082534,-0.020422733982056015,0.1828708523623778,0.30364293415140875,0.2743426014612455,0.07383408061374164,0.08239287052846375,0.039574859913842964,0.029655233045063553,-0.05364779263084348,0.05924846263829315,0.3654270603423146,0.1877214656875674,0.2816779799830647,0.12510538273250138,0.1444092783075834,0.2599906532109922,0.3666620395433955,0.054847142982736206,0.298014964116659,0.16831253441422933,0.2529222597019207,-0.1665875428587293,-0.12721442551951026,-0.10568164466469551,-0.09844343573157133
#26,0.31607879065506184,0.3175918599647413,0.29058981940337875,0.3524563083885118,0.19176464600193413,0.06301864267965963,1.0,0.11366019332121027,0.04977257689122096,0.30353003234359166,0.2528894071266953,0.24211977771299806,0.21633143158566887,0.40215577673204794,-0.24427740529435446,-0.15538805369313843,0.1337641185098812,0.08524086490188185,-0.20561177510330053,0.03518094365551993,-0.2815970053258189,-0.1935993003789614,-0.15211436397877076,-0.16799557647015273,-0.17393680275036208,-0.07297065941133737,0.10207619021178344,0.20268419420961795,-0.04348061466705534,0.09219496846615491,0.11165248453384047,0.2096531045683588,0.1753517770466923,0.10767038224665343,0.1739904773803079,0.03792390233068199,-0.005624268336132743,0.07507785134903779,-0.041749145138975645,-0.029907873975670587,0.060234965319711085,0.07823077314602739,0.007833256985799359,-0.05455563421665117,0.06188360934123646,-0.013894325758732538,0.15631764275832072,0.18482627465678314,0.1478217817200868,0.014088664936122564,0.22112605671927707,0.15104549850312562,0.1563097766487597,0.012934197679960392,-0.13826029419249758,-0.17300767639750692,-0.16303900202205288,-0.17933711832016916,0.009527246815382409,-0.09891679044221417,-0.09049773965028202,-0.08867048867048867,0.026716084343202988,0.21146601146601146,0.05140132428268022,0.3148960979469454,0.35385832673968265,0.35264509501797636,0.02357935747766256,0.12757210214837333,0.18833826121961716,0.19511422053794936,-0.08498082057404091,0.07384472299726537,-0.041884257138494425,0.005976855129397502,-0.1955075260160006,-0.20775043147924505,-0.020262635516872806,-0.040488716759903204,-0.08360934123645988,0.04660669914907203,0.17352545149155318,0.04307574138082613,0.09189513087818173,-0.16040385531910956,-0.13292522106081428,0.008238130272028577,0.08660679169153745,0.03305570593706187,0.17878649065089744,0.09961687419314538,0.11780285678590763,-0.15995548707413115,-0.2524521439775677,-0.07376930088794495,-0.09672168316236113,0.02259655649486158,0.005409107104022358,0.14488078216891775,0.11183664404003386,0.22784834140766344,0.29497864582610345,0.1477366426518969,0.09299962520301504,0.0424672746706645,0.06733991310262497,-0.09923698737258059,0.0004312478888750075,-0.11938672108163634,-0.14580805767246446
#49,0.49750783140613647,0.2649453768097836,0.18278617600651498,0.19045424469153283,0.09276734361480124,0.06437531522277284,0.11366019332121027,1.0,0.428798289815239,0.40119749950258426,0.3593095406654729,0.180381460042477,0.022494297070568256,0.25581467445874223,-0.06839767348241925,-0.09000819000819,0.29238514323260084,0.02596972935955987,-0.238432885890513,-0.1769351786300939,-0.02961590249725843,-0.3290291832664714,-0.00701934600239685,-0.08190702258498869,0.16675643285812777,0.003762313931805457,-0.056357436018452965,0.01536019841104587,0.02532609651253719,0.04236085083542711,0.030723635808381573,0.12332070128680298,0.20376231393180547,0.06924860145199128,0.027322700204056135,0.12078781400815299,0.07703512449275161,0.027297251026064586,0.095544080289843,-0.03853283175317074,-0.07961289486713216,-0.007425607425607426,-0.21179685077990162,-0.139120476408612,-0.23469926012298895,-0.22472133150099252,0.05492071424274814,0.118087887579413,-0.13517492839526737,-0.10579408376018545,-0.03897842372418644,0.011335063877436758,-0.05927252367930334,-0.030670423890762875,-0.07142566295108668,-0.061992809450436566,-0.10503014570811181,-0.20623273504629436,-0.015620242738886807,-0.061319563014478266,-0.12990278414007228,-0.07381834839461958,-0.02579389867525461,0.020315384722164383,-0.1343957208363988,-0.07831035966629186,0.05706307231730961,-0.06199882471068912,0.023245279177482567,0.06037516715482817,0.11840854722210654,-0.03813767542581102,0.16507724982301253,-0.03916721035365103,0.03920977988774599,-0.13612765307680563,-0.023433603094620045,-0.193061628654849,-0.14592651202820695,-0.24526066898948254,-0.13190170139322682,-0.12247301230352078,0.13710952863495238,-0.026624930014760524,0.11158863023269804,-0.09058658041708889,-0.08943674028419792,-0.1316037146545621,0.011384574096438503,-0.04514545362002989,-0.15497392616036684,-0.15721808094689452,-0.09303617947685744,-0.06671617688566842,-0.11765108714261256,0.11150025217821828,0.06604478129901858,0.21995308097003013,0.3813004067241355,0.12614093292059395,0.23834450783603325,-0.0005941226280209331,0.06340454476047697,0.16392972325175714,-0.004783520037757326,0.09386535996705488,0.1569298111670993,-0.09716866327035818,-0.06466404771489517,-0.12251234285132591,-0.1325693952812597
#50,0.12494250799335545,0.4687525738373196,0.02736203075186126,0.21213092908008163,0.1439275947750524,-0.04208090987752005,0.04977257689122096,0.428798289815239,1.0,0.33591295455702236,0.27952359138799815,0.14814059051347186,0.22221111712637137,0.3444217715404156,0.16468625790659688,0.16662455984489882,0.06408241831970646,-0.07208780429119412,-0.13539055233970487,-0.01137578256222324,0.02347802347802348,-0.127893224503394,0.052702471346539145,0.03221264407705086,0.22456493473442626,0.10504865420119658,-0.3104596121545274,-0.14693800117528932,0.07608702693448456,-0.014398682195292365,-0.16337030404827016,-0.059322033898305086,0.12316060282161977,-0.0005478513953090224,0.04609864101389525,0.049888717685327856,0.06815613764766307,0.14387623370674218,0.09471860149826251,0.10108459769476719,0.03599207836495972,-0.0069915832627697036,-0.018569571111943992,-0.006877293317971284,-0.043598143598143596,-0.19174660022117648,-0.20287159270210117,-0.09858780197763249,-0.3963746489170218,-0.23887755243687447,-0.10687174077004585,-0.06503884469986165,-0.21513994734333716,-0.10400708875285146,-0.050718360887852414,0.08485912723200859,-0.2372488050454152,-0.05348584331635179,-0.015617003752596973,-0.07554333995011961,-0.02245126482414618,0.023577506628354086,0.042042042042042045,0.04967587001485307,-0.19649032699880156,-0.1766760597269072,0.18407760611150442,0.028224063817284158,0.31605565503870586,0.22051527644747984,0.2540739506841202,0.09222088035647358,0.18729947204523476,-0.05986294460870732,0.08796670322094051,-0.1550549008176127,0.13369980149641167,-0.06133529523360032,0.02943498197735486,0.019665736614889157,0.1982319761980779,0.014367680469375385,0.12390834594224424,-0.0629404442963765,0.09519334434588672,-0.017127759500640858,-0.16314264958332755,0.027188050916864475,0.024801380733584122,-0.0030881420711929186,0.10376370206878681,-0.18124765751884395,-0.06127976975434603,0.014274212579297325,-0.05554398774737758,0.005520158062530944,0.09308291342189648,0.1369503555944234,0.07997519861926641,-0.02415543432492585,-0.046609475423034744,-0.1549271922153278,0.0044040959295196585,0.08224295173447715,0.17406173507868422,0.030073062276452105,0.02496333004807581,0.06469690029012062,-0.09212232263079721,-0.014065992032093726,-0.005757529486343046
#51,0.33100126320465306,0.31369165775945435,0.38591873846111135,0.4504472114641606,-0.004330061957180601,0.19328280514721194,0.30353003234359166,0.40119749950258426,0.33591295455702236,1.0,0.4544649426005358,0.07409412494158257,0.16528361952090764,0.1720924314144653,-0.0109195482076838,-0.08971668124210497,0.5003724834233308,0.2128911654335383,-0.09851978326554597,-0.1941369721030738,0.01536436282198994,-0.19368536487180554,0.021095980418014318,-0.001568594788933772,0.15358902816529935,-0.15145592433728028,0.19687437823031043,0.2032931236321067,-0.08810042708347793,-0.11871162379636956,0.13084162745179695,-0.05365149432946043,0.26070184205777425,-0.01612552460010087,-0.048017046322131066,0.07198832114086351,-0.07000976323010222,-0.09786319447336396,0.033644276017157373,-0.08396192802972464,-0.11005705242993379,-0.1475890374195459,-0.06556679946510455,0.014964116659031914,0.18790747604306926,0.07422784880411999,0.14420753573295947,0.2782941647348427,0.0009638297773890994,0.11571232249198352,0.09264796383440452,0.056877524674134844,0.004814059051347187,0.12915689186875629,0.10025541720456975,-0.06566443176612669,-0.21693897287117625,-0.2643572694420152,-0.06405835727869626,-0.09938366718027734,-0.07150571218367828,-0.021653086059865722,-0.10182308656884928,-0.09908891942790247,0.1970502089146157,0.19747544154323815,0.018163772401060537,-0.09949286728947745,0.03470620080789572,-0.04549017430373362,0.2351369859844436,0.12526501848535748,-0.025375144019211815,-0.030220204796475983,-0.2479985378290463,-0.03268738692467506,-0.08628890832280663,-0.24075616448497805,0.04461842427944123,-0.15518677383084162,-0.15824576502542603,-0.14202353354895728,0.1779258457224559,0.04776533081617827,0.030892063095452928,-0.05944233910335605,-0.10713132238555967,0.030322926933096423,0.0462282004654886,-0.17966286779846102,-0.008214531943345503,-0.07102125237718458,-0.0010341620511112037,-0.15306570052332763,-0.23780405983795813,0.2191465733838615,0.09182341046747826,0.34843302470421117,0.3001355747118459,0.18287871847193882,0.12429980057098701,0.12567359347020363,0.024452958351263435,0.2943507451982028,0.26339158881531766,0.1963839031635642,0.1234303641083302,-0.10450959434010282,-0.15269830693559508,-0.02004192173683699,-0.09872245126482415
#52,0.3589638945571149,0.15748691680895072,0.26067454203047424,0.356493473442626,0.12043846620117807,0.1016347626517118,0.2528894071266953,0.3593095406654729,0.27952359138799815,0.4544649426005358,1.0,0.24501543145610943,0.27473498151464254,0.3194274397664228,-0.07258568275517428,-0.07741917572426046,0.3464035684374667,0.13518973518973518,-0.05689048061929418,-0.18822906111041704,0.047235525201626896,-0.1526191831276577,0.016330506161014637,0.023339209779887744,0.1192210700685277,0.04214013705539129,0.04766353410421207,0.070428517886145,0.04673857216230098,-0.066120203408339,0.07448835584428805,-0.04349218247523332,0.2889430262311618,-0.014757284248809673,0.06711781118560779,0.05593359152681186,-0.005810278691634624,-0.12136851797868747,0.09291726240878784,-0.08868853445124632,0.10953511292494343,-0.013531559294271158,0.020847966610678476,0.045465650550396315,0.09999074575345762,-0.00801417750570293,0.02138471291013664,0.11724343758242063,0.01655075722872333,0.045416603043721686,0.04716149122928784,0.07871893465113804,0.06740515554074876,0.10274342138748918,0.11515706769944058,-0.022873258466478804,-0.08145310179208484,-0.09560793459098543,0.1422780253288728,-0.13625443625443626,-0.1293752920871565,-0.02676651998685897,-0.10311544209849295,-0.1270769999583559,0.06153426153426154,0.06425269645608629,0.0571283147554334,-0.0697261205735782,0.006330830059643619,0.00741265148044809,0.09697848850391223,0.046034324000425696,0.03741445605852386,0.008120601340940324,-0.12176413701837431,-0.0527232934012595,-0.08754332144162652,-0.22103906680177868,-0.08260756904824701,-0.1946140285123336,0.0661322339288441,-0.007015644303779897,0.24711845898286577,0.1383334027401824,0.04903038631852191,-0.02653285026166382,-0.09739539231064655,0.09458348949874373,0.12764428527140392,-0.15975744619812415,0.1890244636007348,-0.013148896199743658,0.05317166164623792,-0.08085065034217577,-0.2000846763558628,0.19312316939435584,0.10883086476306815,0.22668091820634192,0.20472290472290472,0.05640463267581912,0.08304668304668304,0.1496647649190022,0.11465317397520787,0.3303108964125913,0.2101981796897051,0.14226460667138632,0.04818177191058547,-0.14920251530421022,0.011530328479481022,-0.07101893881554898,-0.04040080141775057
#53,0.40267216368911285,0.04663446188869918,0.18028336502912773,0.27886468903418055,0.5432876636266467,0.22619507026286687,0.24211977771299806,0.180381460042477,0.14814059051347186,0.07409412494158257,0.24501543145610943,1.0,0.3593516474872407,0.37403489776371135,-0.2735356311627498,-0.20536838841923588,0.1352336928608115,0.007687039890429721,-0.39718208192784465,-0.152725144250568,-0.24067148812911524,-0.2926993249027147,-0.15475367509265814,-0.19151061693434573,-0.08530194292906157,-0.01698663224086953,-0.12229347992059857,-0.2663163934350375,0.1587723316536876,0.20681667800311868,0.21038604089451546,0.1290995155401935,0.2826644826644827,0.1538615657259725,0.25418546435495587,0.24967818357648866,0.15694739423552984,0.12258822767297343,-0.005930121184358472,-0.025016541965694507,0.1277284989149396,0.1211875974587839,0.2530379377837005,-0.008926646214781809,-0.025447789854569514,-0.17470166622708996,0.01132951132951133,-0.029531688853722753,-0.04990537532910414,-0.20235428032038202,0.07724380775228233,0.061869265259095765,0.04308360749038715,-0.0265226705904672,-0.12271593627525831,-0.02215697978409843,-0.03384046604385588,-0.09216581758954641,0.2785662395831887,0.04256768324564935,0.054947088845393934,0.10037016986169528,0.12376860681945427,0.044616573430132755,-0.2635146702943313,-0.21315907587094027,0.23056770175414243,-0.039751153310475344,-0.0351101486694707,0.03021742852251327,-0.048768491141372494,-0.17516715482817177,0.06259618632499989,0.07810954251632218,0.059587630774071455,-0.18040228209719736,0.008212218381709907,-0.15673917368832624,-0.12190896597676258,-0.015668827533234314,0.06376268410166715,0.19758510436476537,0.09258364682093495,0.24251262047872219,0.3867928020470393,0.1778388558049575,0.14103656815521223,0.07322561390358001,0.18623708454216928,0.22089053614477344,0.271450186704424,0.46329997177454807,0.2684962312080956,0.19460523697811832,-0.08257656732233003,-0.030095272468153824,-0.11788660771711619,0.027294012039774752,0.001663913528320308,0.08682889360855463,0.08804212533026093,0.3628779781322154,0.21941124483497365,0.13589814776255454,-0.004283328012141571,0.0348436263690501,0.010928339741899063,0.05519880435134673,0.16074811329048616,0.07632995090622209,0.0578330256296358
#54,0.16204787221736375,0.07862500404873286,0.042500589958217073,0.3241938394480767,0.3637247416908434,0.3997547624666269,0.21633143158566887,0.022494297070568256,0.22221111712637137,0.16528361952090764,0.27473498151464254,0.3593516474872407,1.0,0.3833201460320104,-0.2729720475483187,-0.022313376550664687,-0.052690903538361165,-0.09562921935803292,-0.12957796008643466,0.09305052355899814,-0.13410560020729512,-0.025103069170865782,-0.10721414789211399,-0.07092269465150822,0.12202464405854237,0.09117468778485728,-0.0946552099094472,0.02186593373034051,0.3384708283013368,0.06390658763540119,0.17379845176455347,0.08677105456766473,0.1712757441571001,0.11841132349606925,0.26310840887112075,0.15438489336794423,0.19764525696729088,0.170478953529801,0.010946848234983828,0.08828042217872727,0.4665458987492886,0.1865012932809543,0.3569709925642129,0.41972079938181633,0.30576817186986677,0.1486329164295266,0.02894311877362725,0.17965824067518982,-0.09907550077041602,-0.07434954214615232,0.017839873772077162,0.02155452833418935,-0.095582948125321,0.015406932356084898,-0.13478948902677718,-0.06798123238801206,-0.14795087845935304,-0.04770517821365279,-0.05999389219728203,-0.18787554889249805,0.0009892789553806504,-0.11370091200599675,0.16995932758644622,0.1726106692208387,0.008469023723261011,-0.042714363053346104,0.3227233396724922,0.2669498466108636,0.045046433182026405,0.07157696988205463,0.016715482817177732,-0.023350314875738604,-0.1340010272213662,0.08707737012821759,0.05606546454004081,0.006407640305945391,0.028991703567974755,-0.07239504527640121,0.220865549679109,0.2643938237158576,0.20988399801959123,0.2520158062530944,0.399941698246783,0.15967184441760712,0.22299633994549248,0.004722904722904723,-0.06519292790479231,0.021391653595043424,0.25277372904491546,0.052705247620501855,0.568268576743153,0.21378142395091548,0.28821240346664073,0.014969206494630223,-0.2840988908785519,-0.1174627632254751,0.12856832178866076,-0.046314264958332754,-0.04193423006982329,-0.02604515146888028,0.06638071044850706,0.056316254621339365,0.13557841354451525,0.08763678933170459,0.14291841918960563,-0.05886302326980293,0.17419823521518438,-0.020351013571352553,-0.027647524257693748,-0.10667786430498295,-0.11953340088933309
#58,0.29172901715274596,0.11166497776667268,0.05480734972260396,0.24599221717865785,0.32856878450098786,-0.06928608115048793,0.40215577673204794,0.25581467445874223,0.3444217715404156,0.1720924314144653,0.3194274397664228,0.37403489776371135,0.3833201460320104,1.0,-0.2547624666268734,-0.21398177838855806,-0.03555620335281352,-0.12360989649125242,-0.3131280741450233,0.16874887213870265,-0.28054757376791273,-0.13458034305491934,-0.13895945251877456,-0.19373302424149882,-0.08449682347987433,0.008908600434024163,-0.1683116089895751,-0.041042120703137654,0.06616647464105091,0.09856466636127653,-0.05440710355964593,0.16119509339848323,0.2226890989602854,0.10663760833252359,0.2568830772220603,0.1809746572458437,0.18548286344896514,0.2540124099446133,0.15997584641652438,0.14152704322195847,0.20057098701166498,0.17749089613496394,0.2443079443079443,0.0751361531022548,-0.048305316101926274,-0.1607735624684777,-0.0377860140572005,0.10279524516812652,-0.10087082459963816,-0.14213504721979298,0.057499410041782925,0.045566521837708276,-0.13148202131252978,-0.22683824039756242,-0.29275762665593175,-0.029031496828106997,-0.12459825002197883,0.17155707325198852,-0.012393749681885275,-0.06836805989348363,0.0027286145930213728,-0.01782599240226359,0.3013997047895353,0.03449659212371077,-0.22031723557147287,0.05266637978502385,0.743238153407645,0.09117700134649287,0.15632319530624617,0.32538856267669825,0.21848628289306254,0.050666537107215075,0.07385721623009758,0.10171897629524748,0.2791904385124724,-0.04924924924924925,0.08278525058186074,-0.07942133196370485,0.0032648981801524173,-0.06445027461976614,0.0011405858863485982,0.16456641541387304,0.1918992952891258,-0.15494523799608545,0.1462254241915259,-0.067425514883142,0.02722784417699672,-0.14464988871768533,0.21904523938422243,0.07183932777153117,0.340736730567239,0.14186852491937238,0.12878255759611693,-0.07776158284632861,-0.34434311044480537,-0.21129110620636044,-0.13558581694174915,-0.11158400310942684,-0.06729410458224018,0.024241961530097122,0.12836981820032667,0.05436499673787809,0.19241429410920938,0.1751148683352073,-0.04392481850108969,-0.18616397599448448,-0.015615152903288496,0.043770272583831905,0.027798831188661697,-0.08697372256694291,-0.12611502103027528
#101,-0.18386383301637538,0.002942850400477519,-0.12894358148595436,-0.2198577622306436,-0.28374722950994136,-0.33525821661414884,-0.24427740529435446,-0.06839767348241925,0.16468625790659688,-0.0109195482076838,-0.07258568275517428,-0.2735356311627498,-0.2729720475483187,-0.2547624666268734,1.0,0.39357477662562407,0.10975119958170805,-0.12786777532540244,0.6338117778795745,0.06899734865836561,0.6694642253964288,0.3337756863180592,0.46486162587857505,0.21393134274490205,-0.015549447752837583,-0.16828477167460218,-0.058618711161084046,-0.2393115765997122,-0.10495611173577275,-0.40102537051689596,-0.22417625637964622,-0.3088706580232004,-0.16445860344165428,-0.3661345474904797,-0.24375592850169123,-0.3944881707593572,-0.11635549262667906,-0.016472558845440202,0.14236594067102543,-0.0745670169398983,-0.186682676513185,-0.2626142321057575,-0.21711757982944424,-0.11907901738410213,0.030965634355464865,0.04017916221306052,-0.2491872457974153,-0.38985225595395084,-0.12926794282726486,-0.08837111379484261,-0.18952928274962172,-0.12770536329858365,-0.043953506665371074,-0.07257226409768783,0.4578552358213375,0.16406113355265897,-0.04954122072766141,-0.06701832803527719,-0.12690764724663028,-0.134419781877409,-0.167188606171657,0.09172161375551206,-0.24454346488244794,-0.0552927349537519,-0.04038044207535733,-0.028959776417403535,-0.21708935437748997,-0.07150201048506133,0.4611312390973408,0.20081714996969235,0.2521226928006589,0.20161394059699145,0.07808640689996622,-0.2525585678128051,-0.19118625559303526,-0.07294706108265431,-0.12138101121151969,-0.004188009272755035,0.367584687923671,0.03196694383135061,-0.23609896491252425,-0.2932499525719865,-0.11257883461273292,-0.1760541743592591,-0.3430257684494973,-0.184208090987752,-0.18455234895912861,-0.022576659864795456,-0.3846906999449372,-0.19376263783043443,-0.21750718360887852,-0.2567960873045619,-0.28483830517728825,-0.2844348200280404,0.01089409902969225,0.1506864337372812,-0.11304386050148763,-0.04771304432321381,-0.02968762290796189,-0.28184779540711746,-0.2325865156373631,-0.11667013700912006,-0.36285854421447644,-0.18975092195431179,-0.11714950698001546,-0.13270450728077846,-0.17219469083875863,-0.07882258221241271,-0.07680330561686494,-0.11783015681320766,-0.016657643776287843
#102,-0.15624869862157997,0.01169135236931847,-0.06913014709624879,-0.056944617961567114,-0.2296006329904635,-0.12079105299444283,-0.15538805369313843,-0.09000819000819,0.16662455984489882,-0.08971668124210497,-0.07741917572426046,-0.20536838841923588,-0.022313376550664687,-0.21398177838855806,0.39357477662562407,1.0,-0.21271903644785,0.1257790918807868,0.25442329849109513,0.31528246274008986,0.1968757663672918,0.355697145527654,0.06616878820268651,0.2723751486463351,0.007402934521578589,0.08762244524956389,-0.2571551520704063,-0.2964010235196676,-0.1445619733755327,-0.18659985100663068,-0.21539536454790692,-0.17766580139461496,-0.19944381978280284,-0.1469574350930283,-0.3963959336840693,-0.3345312955482447,-0.30040117158761226,0.08865290560205814,-0.18716297190873463,0.07063812657032996,0.05122132918743088,-0.10792811301285878,-0.20602405178676364,0.0549415362974685,-0.09997871523295251,0.0020650851159325734,-0.23355867423664034,-0.38609549457007086,-0.343848470967115,-0.12744115455979863,-0.3481188430340973,-0.2976822739534604,-0.30648213699061155,-0.10285123335970793,0.056298208840581725,0.201087836681057,-0.24943387146776977,0.04945654437179861,-0.04488078216891776,-0.10921167700828718,-0.019983157271292865,0.04504504504504504,-0.2552052823239264,0.2455480133446235,0.022893617808872047,0.0344512463156531,-0.2830767593479458,0.07868191766496851,0.18586367569418416,0.26201363150515694,0.13315935349833655,0.18224665343309412,0.23989459413188227,-0.020769768227395347,-0.05040880634100973,0.09813573203403712,0.06896542150779439,0.15258540512777802,-0.06005728378609734,0.28282458112966585,0.0342189647274393,0.16180402282097198,-0.034508622644215864,-0.04858016722423502,-0.08876256842358538,-0.09002623578894765,-0.21650263514670295,0.06955954413581532,-0.11767005834802445,-0.12169796915559628,0.002560650018277137,-0.3087762647084681,-0.3180032112235502,-0.07307338154795782,0.0072483886043208075,-0.07270459982324388,0.23067736457566965,-0.1381154652341093,-0.051171356256102016,-0.16731677748626902,-0.2123678377915666,-0.2785241327614209,-0.27277909650791005,-0.25909299129638114,0.03373774390723543,-0.07172226155277003,-0.00969243511616393,0.08390547712581611,0.13861750810903353,0.006062456909914537,-0.013640296691144149
#201,0.4068263949619882,0.1139345817311919,0.47057057057057056,0.28701860566267345,-0.017009767857225484,0.17915480966328423,0.1337641185098812,0.29238514323260084,0.06408241831970646,0.5003724834233308,0.3464035684374667,0.1352336928608115,-0.052690903538361165,-0.03555620335281352,0.10975119958170805,-0.21271903644785,1.0,0.34469384638876166,-0.008934512324342832,-0.4268229708907675,0.1287871847193881,-0.1965537185876169,0.31948250253335,0.087172226155277,0.2140169445254191,-0.21691121013154913,0.317241124020785,0.15820689718994804,0.08145356450441196,-0.26386957064923167,0.28354085981204624,-0.10359527478171546,0.39954607920709617,-0.090097493487324,0.039467047941624214,-0.08727124659328049,-0.07999602067398677,-0.2938412989260447,-0.038270011151367085,-0.2936622292554496,-0.02400181383232231,-0.25556943692536915,-0.20861292725699504,-0.2329011600198041,0.0888842617656177,-0.11965833321765525,0.07830295626905796,0.1877779165914759,0.21272366357112119,0.16860080419402454,0.23888958295737955,0.17826177487194436,0.3185607795777287,0.13944622588690386,0.2609859474266254,-0.10339399491941864,-0.0414405160167872,-0.47230481637261296,0.07118505254098474,0.011571509876594622,-0.1365750958971298,0.11623009758602978,-0.21735772752721905,-0.06520403300064317,0.14508854000379423,0.13116876506707015,-0.14403818302123386,-0.04565813887847786,0.03245279177482567,-0.15787096804045955,0.22897458321187134,0.22552274925156282,-0.19983619983619982,0.0017328576650610548,-0.42492816391121474,0.11098016352253641,-0.2899702475973662,-0.14236408982171694,0.22893941707501028,-0.16898069101458932,-0.08747067560626882,-0.21583864295728702,0.097723455350574,0.18893608554625504,0.08965745406423373,-0.01642258591411134,-0.04244367634198143,0.1512967512967513,0.015641527505934286,-0.0725472776320234,-0.170280912653794,0.013786513786513787,-0.049296908618942516,-0.1031408912764845,-0.07753392838138601,0.6638621672519978,0.045730784713835564,0.6529555749894733,0.40439993151857556,0.21505434556282013,0.18028429045378197,0.5747696849391765,0.21240531749006325,0.5137786476769528,0.25046479453259113,0.37852135648745816,0.11742296996534285,-0.15592387456794238,-0.061353341014357965,-0.05708898420762828,0.017379937718920768
