,#10,#11,#12,#13,#17,#18,#26,#49,#50,#51,#52,#53,#54,#58,#101,#102,#201,#202,#301,#302,#401,#402,#501,#502,#601,#602,#701,#702,#801,#802,#901,#902,#1001,#1002,#1101,#1102,#1201,#1202,#1301,#1302,#1401,#1402,#1501,#1502,#1601,#1602,#1701,#1702,#1801,#1802,#1901,#1902,#2001,#2002,#2101,#2102,#2201,#2202,#2301,#2302,#2401,#2402,#2501,#2502,#2601,#2602,#2701,#2702,#2801,#2802,#2901,#2902,#3001,#3002,#3101,#3102,#3201,#3202,#3301,#3302,#3401,#3402,#3455,#3501,#3502,#3601,#3602,#3701,#3702,#3801,#3802,#3901,#3902,#4001,#4002,#4101,#4102,#4201,#4202,#4301,#4302,#4401,#4402,#4501,#4502,#4601,#4602,#4701,#4702,#4801,#4802
#10,1.0,0.44981329557600747,0.498313876279978,0.5189980427268562,0.3358046798724765,0.3303418981385083,0.29335915268118656,0.4079257994512232,0.04382533535075908,0.7096938232531453,0.5833113544977951,0.28642355760999827,0.15982731575951914,0.1967762832169612,-0.13459468713706002,-0.05982592762253779,0.41723418333587825,0.28081363335600623,0.033038122868631344,-0.027488813929491894,0.0950984883188273,0.066994266994267,0.08481887125954922,0.006539976031501455,0.08762429609887237,-0.014462073784107682,-0.15419656945080673,-0.1513795768033056,-0.12642179930315522,-0.1290190035952748,-0.05891021992716908,-0.16923518279450483,0.15409014561556936,-0.0657231962316708,-0.26426426426426425,-0.15264602044263062,-0.19034088017138864,-0.14198096401486232,-0.021670206415969128,-0.20056265818977684,-0.100481683532531,-0.043910474418949,0.05216896403337081,-0.08654756451366621,-0.1949360762920085,-0.10415515669752957,-0.1770786194515008,-0.12796725847573306,-0.08655959503417131,-0.17314186297237144,-0.04520051638695707,-0.13874058958804722,-0.04305862102472272,-0.17033736355770254,-0.08022598870056497,-0.22465192465192466,-0.20901548698158867,-0.2349181230537163,-0.21530004580852038,-0.008235353998065862,0.31472952150918254,0.28927340283272485,-0.06868548054988732,-0.10686711364677466,0.1749617105549309,0.13987516021414326,-0.03806317874114484,0.05519001281713146,0.11128879264472485,-0.09571389571389571,0.1978761504185233,0.1183761573592082,0.10423196694383136,0.19608822998653508,-0.21089224818038377,-0.0517011618706534,0.08203380576261932,-0.039662312543668476,-0.01474756728994017,-0.041420156674393964,-0.19876548351124623,-0.18501737484788333,-0.015961724436300707,0.03958272602340399,0.1052309628580815,0.09630385393097257,0.17706751435564994,-0.031060027670197162,0.03509904357361984,-0.009373163610451747,-0.06296774432367652,0.010777958235585354,-0.20672552367467623,0.012967512967512968,-0.2347612635748229,0.224793051911696,0.01866396442667629,0.20096984503764165,-0.03973403295437194,0.10966374695188255,-0.053122151427236176,0.27896324675985695,0.06860820759125844,0.32336558438253354,0.08437836912413184,0.14574559150830338,-0.025427893224503395,0.251901516308296,0.04304982949050746,0.3654164179587908,-0.0834015834015834
#11,0.44981329557600747,1.0,0.4528088951817765,0.4687373043305247,0.1849488934234697,0.03628728882966171,0.2926400977248435,0.11962918234104675,0.33618688025467686,0.6122077393263834,0.271772697196426,0.006228570635350297,-0.20970030122572494,0.17007639380520737,0.13708963200488625,0.15883711137948425,0.430873091890041,0.4334314283466826,-0.13830332643891965,-0.30856758144893737,-0.06547286886269937,-0.24114669368906658,0.2288232762809034,0.057281472535709824,0.1659462235733422,0.033850183002725374,-0.2227834922750177,-0.19019790206230885,-0.1920061818366903,-0.10584960923943974,-0.04065205421137624,-0.18119120661493543,0.22305926882198068,0.06754489466353873,-0.24267040538226978,-0.007493626137693934,-0.2899720984466747,-0.24204435560367762,-0.04372770304973695,-0.06733898767797072,0.07421489285896066,-0.2796059541822254,-0.29630986919122515,-0.32104415663737695,-0.4679104374019628,-0.3374399052365154,-0.20270594168899253,-0.13999777898082982,-0.22517016245829805,-0.24828264319789745,-0.07442635239245408,-0.006585321839559128,0.04970363275448021,-0.006749584715686411,-0.03844121471240115,-0.01795508914152982,-0.09494440511389664,-0.13080322232864605,-0.19010582230921214,-0.020304742338640644,0.31251636844857184,0.11719115108945617,-0.14270140710818677,-0.12685350990435737,0.08028382774145486,0.15100801880462897,0.06310840887112074,-0.010735388701490397,0.3919719411244835,0.33124927701198886,0.4830614898411509,0.3860052656662826,0.22880569321247288,0.0515632735971719,0.015308374630408529,0.004855703160787907,0.18381941263297197,0.0853412734768667,-0.15991245482770908,-0.2008796161338534,-0.16370021793750608,-0.12671469620622164,0.04644428712225322,-0.09769060277534854,-0.03098229199924115,0.11136375204171814,0.11769319396438041,0.0882040746447526,-0.2073645293984277,-0.3023959244298227,-0.37486176469227317,-0.19114276063428606,-0.25522379081701113,0.03396863735846787,-0.22299125010989418,0.2758371622778402,0.19729914814660576,0.17413484362636905,0.2487032487032487,0.08255296899364696,0.1998954270140711,0.2883350222333273,-0.023217516437855423,0.3420216826996488,0.2704002924341907,0.2894922657634522,0.21132488420624013,0.21770614990953974,-0.09503093231906791,0.36749399630755564,0.002293202293202293
#12,0.498313876279978,0.4528088951817765,1.0,0.6240832512018952,0.32122045003400934,0.32622190757783975,0.008612927256995053,0.006142043430179023,-0.0033426338511084275,0.597742889268313,0.16717287395253497,0.23630209562412952,0.002551858484061874,-0.006039321293558581,-0.019675453573758658,0.1662363442024459,0.7634679363492923,0.8082270251761777,-0.396713354340473,-0.5639468436078605,-0.13626461592563288,-0.24975360568580907,0.3325041528431359,0.03307143815618392,0.22956546685360243,0.16439983897611016,-0.1753179990468126,-0.22596001240069036,0.040034795966999354,0.03171198933910798,0.3191923819042463,-0.09796591660998441,0.49345817311919005,0.3700291971478412,-0.056177903635530754,0.13115395827260234,-0.14134288371576506,-0.16549924346534517,0.16751574378693024,0.13691380132058098,0.14553505739946418,-0.16865632967327882,-0.34824284993776516,-0.47062794689913334,-0.5174761818829615,-0.45547781988459957,-0.09607897573999269,-0.04172184511167562,-0.1960405706168418,-0.23516474872407075,0.18098853861565725,0.14209108954871666,0.2460125765210511,0.1227182498368939,0.128363340227747,0.08012187842696317,0.027454573217285082,-0.10811366065603353,-0.054793931065117506,-0.0639625758269826,0.2195334008893331,0.30095827722946367,-0.29421840947264677,0.08934558595575545,0.03346011651096397,0.10226173785495819,-0.12942480230615824,-0.28089090631463515,0.3951234747844917,0.33673149266369606,0.46277895769421196,0.5014547675564625,0.19654400162874738,0.29983990153481677,0.032720239499900515,0.17333573943743436,0.19220699898666,0.27156355122456816,-0.3043791094638552,-0.143234451709028,-0.09624786573939116,0.007643082219353406,0.09525164609910372,-0.0173540258286021,0.03357857086670646,0.20892016824220214,0.2466011466011466,0.13494218409472647,-0.15306153611238357,-0.18293239310188464,-0.4121637816553071,-0.15369776556217235,-0.16971825446401717,-0.07373413475108391,-0.368035369730285,0.5617466464924092,0.2900211459533493,0.6116529472461676,0.48473512032834065,0.3708042402957657,0.4222708070165697,0.5693818626022016,0.24960785130276655,0.5371363659499253,0.5409444884021155,0.43469787198600757,0.3862546676105998,0.25127963094064787,0.07372534321686865,0.12671839790483858,-0.19058149058149057
#13,0.5189980427268562,0.4687373043305247,0.6240832512018952,1.0,0.2758066232642504,0.4061462078411231,0.1569899637696248,0.1422544270001897,0.15151653965213288,0.6944909470333199,0.3527866849900748,0.3003363918618156,0.07139095952655275,0.134979201080896,-0.023248980876099522,-0.17415427754410806,0.5935525664339224,0.36342814308916005,-0.26456410185223744,-0.41820356566119277,0.06261562024273888,-0.2638704960738859,0.31056557327743767,-0.012872194228126431,0.2162833095036485,0.01331362178819806,-0.14974388872693958,-0.16903529106918938,-0.008830864763068153,-0.02993702485227909,0.1953113359893021,0.007115127454110505,0.3249924809246843,0.14687275873716552,0.021118653322043154,0.2355751745582254,-0.0020447257735393327,-0.21469435537232148,0.15755077111009314,0.02815419425588917,0.0763979696183086,-0.1702346414210821,-0.30584729567780417,-0.42399117144879855,-0.45144898365237346,-0.26974647991597145,-0.2373422729354933,-0.061207586631315446,-0.18916327729887053,-0.24706524706524707,0.13421850201511218,0.10948976711688577,0.14599684430192905,-0.009052041255431086,0.12964088896292286,-0.05128101907762925,-0.052081048691218185,-0.09284415386110301,-0.1676115252386439,-0.03310290259442802,0.1894973555990505,0.17731969257392985,-0.24660901271070762,-0.036248883706510825,0.06420364894941166,0.08753591804439262,-0.04880828440150474,-0.2313057279158974,0.29197101569982925,0.1854625041065719,0.3866761985406053,0.44705969451732164,0.25190891970552987,0.20725856827551742,0.035239245408736936,0.15961400537671724,0.017114803555481523,0.07956153379882193,-0.29604612316476725,-0.2682385004418903,-0.127675749709648,-0.006216077402518081,0.13645062628113475,0.14712123525682846,0.09320506947625591,0.12377554750436107,0.0647399325365427,0.20668480498988973,-0.10546925970654784,-0.1170393814461611,-0.31394985123798685,-0.10212986484172924,-0.16831022085259373,-0.14870648768953854,-0.3934442917493765,0.37508895644488865,0.16390936390936392,0.3003127935331325,0.3006366921621159,0.1098974166770777,0.18270797762323185,0.3258688580722479,0.16840091246870909,0.39350444435190196,0.2982560372390881,0.1979515725278437,0.1722182891674417,0.14082186963542895,0.01890226127514263,0.110256018730595,-0.24034944034944036
#17,0.3358046798724765,0.1849488934234697,0.32122045003400934,0.2758066232642504,1.0,0.22652914856304687,0.016765918460833716,0.05405683032801677,0.08811754743958133,0.29540249031774457,0.08264134704812671,0.3935844935844936,0.08963570658485913,-0.066493149543997,-0.01220959017569187,0.05335165674148725,0.36406344711429456,0.3131896148845301,-0.2193251803421295,-0.276457659508507,-0.21766820749871596,-0.20442121628562307,0.19854800871750025,0.04335244335244335,-0.1283147554333995,-0.22831290458409104,-0.3933522119962798,-0.3284318216521606,0.17238486560520458,0.2698987122715936,0.2963769624786574,-0.0031834608105794546,0.10863513744869677,0.07801283563995429,0.23863416575280982,0.24786018684323768,0.0026800297986738666,0.0017518288704729383,0.1441071271579746,0.08246135195287738,0.24830207711563643,0.13365399297602687,-0.01598717361429226,-0.08250484691162657,-0.14638182095809216,-0.15040464193006567,-0.3647376189749071,-0.280470763521611,-0.2557059370618693,-0.28188527510561406,-0.13275401749978022,-0.24676263320331118,-0.18343906310008004,-0.13578015611913918,-0.09467556925184044,-0.11999333694248948,-0.1736924906416432,-0.14075107464937972,0.07778101676406761,0.09485602705941688,0.035197138586969094,0.08370373455119218,0.0730243340412832,-0.08219529236478389,-0.14329414159922635,0.007107724056876599,0.01796017897712813,-0.10204009865026814,-0.0412563565105938,0.16469690029012063,-0.13145518399755687,-0.020917836172073462,-0.15367139095952656,-0.042543159492312035,-0.16253510829782017,-0.066827227844177,-0.025529689936469598,-0.12183446929209642,0.043261289024000886,0.22931606490928524,0.12410268511963428,0.3613616698362461,0.15179139077444162,0.1408806341009731,0.5639852487310114,0.24204666916531323,0.2769721956162634,0.13048071183664403,0.34980728031575486,0.2358972223379003,0.0474997339404119,0.1308360749038715,0.21583401583401585,0.12786407362678548,0.0058264736230837924,0.12972510260645853,0.2839374042763873,-0.05210464701990126,0.05272236797660527,-0.11619030432589754,-0.08071229935636716,0.4035485408366764,0.23572185436592216,-0.0631995631995632,-0.19137504222249985,-0.14909933045526266,-0.11789771281296706,-0.011183294234141692,-0.02570875960706469,0.12475742306250781,0.05187421628099594
#18,0.3303418981385083,0.03628728882966171,0.32622190757783975,0.4061462078411231,0.22652914856304687,1.0,0.2195842992453162,0.3230625078082705,0.08571699588648742,0.32446452615944144,0.16043208077106383,0.5477468223230935,0.4395679192289362,0.0314241822716399,-0.0667642989676888,-0.2209284785555972,0.2760004997293133,0.10880819185903931,-0.023170319780489272,-0.09141483548263209,0.05631440377203089,-0.036181327706751434,-0.03682079614283004,-0.15232165910132012,-0.09282009282009282,0.02954233123724649,-0.14133177861991422,-0.18409472646760783,0.2638529130054554,0.18348070720952078,0.24914791524961016,0.04423946288353068,-0.0056187157882073135,-0.05131664792681742,0.1083260456141812,0.07810861709166794,0.10208359360901734,-0.17359023121734987,-0.12596047511301747,-0.09166978997487472,0.028927386554505198,0.06777625082709829,-0.07141548327989006,-0.15703068245441126,-0.16414580990852176,-0.12233975115331047,-0.05937200682963395,-0.09361318174877496,-0.2205994900910155,-0.3413910057977855,-0.2298935298935299,-0.14259220699898667,-0.2187467899332306,-0.17213176196227042,-0.10860413572277978,-0.1707505656658199,-0.2596066019794833,-0.2718601498262515,-0.2184922981533151,-0.25852200428471617,0.12410453596894275,0.1598115835403971,-0.15741982352151843,-0.026038210783973496,0.014961803097396318,-0.025364038923360956,-0.0585377365038382,-0.026143246482229533,0.10428888056006701,0.03755049348269687,0.1829874558688118,0.2120161764229561,0.04431118329423414,0.17480022395276631,-0.11256078883197528,-0.18730363645617884,-0.061525470000046274,-0.13473581439683135,-0.021806706552469263,0.11057482752398007,0.0834645122780716,0.08006589023538176,-0.08940111143500974,0.43867673528690476,0.23654779586982977,0.22836981820032667,0.07926586062179282,0.07550771110093144,0.07238856730382154,0.07745665542275712,-0.03979048385828047,0.08965097609165405,-0.1009249619419111,0.02086508696678188,-0.26039876548351126,0.08486745605389673,0.1278936872157211,-0.08640597454156776,-0.011359587630774071,-0.10813494542308101,-0.09114183520963182,0.2776991166821675,0.0010448044346349431,-0.012128615518446026,0.05357977391875697,-0.07394883327086717,-0.08998042726856287,0.06682907869348548,0.00211875974587839,0.06041310956565194,-0.2835149479217276
#26,0.29335915268118656,0.2926400977248435,0.008612927256995053,0.1569899637696248,0.016765918460833716,0.2195842992453162,1.0,0.4010415654483451,0.09338182558521542,0.42747724612131394,0.5120425510256019,0.17648218326184428,0.021260243294141598,0.39479032190896596,-0.13208354733778463,-0.3503819690260368,0.12461490766575513,-0.075366121128833,0.2630834224054563,0.2027244501820773,-0.02698862190387614,-0.11754003618410398,-0.22716306445120005,-0.10171018476103222,-0.20204241221190375,-0.14511630274342138,0.166943831350611,-0.007095230824044383,-0.20542345118616306,-0.24017314695280798,-0.04967216831623611,0.024043920654090147,0.10300022672904029,-0.20113688418773165,-0.2634466515822448,-0.1589518640366098,0.036802750362072395,-0.006345174141784311,0.023956468024264634,-0.2506841201756456,-0.2525150728540559,-0.12009513365445569,0.049506980015454595,0.10657884386697947,0.113946612251697,0.12426047002318188,0.19896167353794472,0.031639343503750285,0.12029178639348131,-0.07443468121434223,-0.25234849641629303,-0.31295687058398924,-0.22795198896893812,-0.28010244450922417,-0.3153278085481475,-0.3297598060309925,-0.3233086707662979,-0.41596773969655326,-0.07799987969479495,-0.02606180911265657,0.1618553838892822,0.08415534178246042,-0.12429517344771582,-0.037420471318776405,0.29198350893266145,0.03998667388497897,0.05458663594256814,0.3713955866498239,-0.13699338784084547,-0.28432793348047586,0.021095517705687197,-0.0973190447766719,-0.09882424797679035,-0.04725357098238454,-0.23317230944349587,-0.3207804106109191,-0.16882984679594848,-0.2640324453883776,0.06652044957129703,0.07371747710730761,-0.07055946547471971,-0.34422511880139,-0.14063585927992708,0.04603848841136977,-0.09348223416020027,0.05129767672140553,-0.02836241480309277,-0.03694619118347932,-0.13945131572250216,-0.28786444379664716,-0.012350717435463197,-0.037925753179990467,-0.14816326341750072,0.19108723515503176,0.08219853135107373,-0.11811287404507743,-0.06834168529083784,-0.13181517418805555,-0.21669928788572856,-0.2512944377351157,-0.21631801292818242,0.20581814480119565,0.05828694642253964,0.14029021317156912,-0.039065876354011944,0.020245515160769396,-0.07278603719281686,0.05037965546440123,-0.19673834080613742,0.2835912954557022,-0.009207049885015986
#49,0.4079257994512232,0.11962918234104675,0.006142043430179023,0.1422544270001897,0.05405683032801677,0.3230625078082705,0.4010415654483451,1.0,0.30912607522777014,0.35704502653655196,0.37886145004789074,0.33620816502172435,0.33366556078420484,0.11347510839036262,-0.12276637191891429,-0.34842145689603315,0.06696187713136866,-0.15614458834797817,0.13113406164253621,0.11555916471170709,-0.03472285845167201,-0.050074728040829734,-0.25550465719957244,-0.23293031089641258,-0.25340024153583474,-0.2631625462133937,-0.10709569353637151,-0.14384615740547943,-0.03891873383398807,-0.21600429397039567,-0.04595288663085273,-0.24020414867872494,-0.15745869135699644,-0.21236737507923947,-0.2078244654515841,-0.3044027077925383,-0.2808723978215504,-0.24927099672862385,-0.24420475945899675,-0.4633448548702786,-0.2909086281967638,-0.14513434852417903,0.09129082857896417,-0.013155836884650444,-0.05650966837407515,-0.03678563000596899,-0.024382626077541332,-0.12475788577483493,-0.14745762711864407,-0.1853949481068125,-0.38516359194325295,-0.4078004044105739,-0.41388275795055457,-0.3563851987580801,-0.3384768435615893,-0.46770036600545073,-0.26737646737646736,-0.4810912607522777,-0.15191308411647395,-0.38390408898883477,0.3596547240615037,0.16950586950586952,-0.21883563070003748,-0.07576220288084695,0.20120490289981816,0.054472345997769726,-0.1504638691079369,0.08506179523128676,-0.13014431997482845,-0.2564906971686633,0.05186866373307051,-0.005890327924226229,0.1674477250748437,0.005751051513763378,-0.06712799085680442,-0.3310988955056752,0.09427856207517224,-0.24887954209988108,-0.0718185057168108,-0.10412276683463124,0.1671247518705146,-0.10585978891063637,-0.16814318170250372,0.35860714335290605,-0.1231249739724316,0.38800788461805413,0.030546416987094954,-0.1857433704891332,-0.03830147558961118,-0.012556161708704081,-0.041761175659480745,0.03630949902136343,-0.30864207813360356,0.24315856688738044,-0.0940208313089669,-0.09814683712988798,-0.3124788887500752,-0.2630413155836885,-0.3075352702471347,-0.3788420161301517,-0.3680714612918003,0.15534317059740788,-0.1656792385605945,-0.09101458931967407,-0.10124978599554871,-0.07487518334975962,-0.1547837513939209,0.21880694253575608,-0.02197420841488638,0.3115132081233776,-0.12997542997542996
#50,0.04382533535075908,0.33618688025467686,-0.0033426338511084275,0.15151653965213288,0.08811754743958133,0.08571699588648742,0.09338182558521542,0.30912607522777014,1.0,0.23995428402208063,-0.0006477972579667495,0.0704960738859044,0.05359365528857054,-0.009580458733001106,0.3427532308888241,-0.04334180096891961,0.07510237510237511,0.12597250563352258,0.008825774927469842,-0.10217752421142251,-0.018533479550428705,-0.10794014353336387,0.10678243729091187,-0.08740635859279927,-0.025123891225586142,-0.12652405872744857,-0.20003609156151528,-0.0996224267410708,0.09057038548563973,-0.03396354752286956,0.03676018082797744,-0.15218006912922166,-0.06403244538837759,0.036735194362313005,-0.0023371599642786085,-0.019093824178569942,-0.21468648926276046,-0.13260918854139192,-0.2724089266462148,-0.13172494528426731,0.04010142654210451,-0.01588769046396165,-0.03274106155462088,-0.10394647343799886,-0.2227015921931176,-0.22032139998241693,-0.13860547758852843,-0.03905893566910516,-0.3675994947181388,-0.046647417833858514,-0.15817311919006835,-0.09051902441732951,-0.13654733315750264,0.03494172138239935,-0.21615976531230768,-0.020989556582776923,-0.2688108755905366,-0.06934484561603206,-0.24962219538490724,-0.3185922440159728,0.17481086633629006,0.028410536885113157,0.02693726083556592,-0.23854023515040465,-0.0783982750084445,-0.10299930130438605,0.18853445124631565,0.009353729692712743,0.19643156253325744,-0.02569950536052231,0.20429674666962802,-0.0180902011410486,0.05773307976697807,-0.22574947829185119,-0.08094411823225382,-0.15099274929783404,0.05143926669350398,-0.07002595816155138,0.0657204199577081,-0.032555051199118994,0.060462619784653684,0.04558688118010152,0.14656089062868724,0.12521458284170148,0.028825127130211875,0.15328039904311092,-0.12042412211903737,-0.02920640208775802,0.07912936048529269,-0.0013825844334318911,-0.09019836477463596,-0.2852274462443954,-0.2842478842478843,-0.059991578635646435,-0.18789266924860146,0.12291814156220936,0.021286617896787388,-0.04380867770698279,0.010912144810449895,-0.06551821467075704,-0.0016907508432932163,0.11465224855055363,-0.05972042921195463,-0.06982143931296474,0.08152574762744254,0.10813633356006237,0.10573300573300573,0.05788299856096466,-0.025111860705081045,0.1157169496152547,-0.21524405761693896
#51,0.7096938232531453,0.6122077393263834,0.597742889268313,0.6944909470333199,0.29540249031774457,0.32446452615944144,0.42747724612131394,0.35704502653655196,0.23995428402208063,1.0,0.5658152759847676,0.25734995396012345,0.07061822994026384,0.314191387072743,0.018030973963177353,-0.15479069207882767,0.6463175039446226,0.39315000670932876,-0.03675971811565032,-0.22413831396882244,0.026788730178560687,-0.21520426435680673,0.17464151362456448,-0.18012650555023435,0.07414733685920126,-0.12609003456461085,-0.1092389770355872,-0.1918585766043393,-0.054281708518996656,-0.15728887593294372,0.15099506285946965,-0.04402337622676606,0.3761851219478338,-0.03495143834126885,-0.18793940319364047,-0.025381621991791482,-0.13335137911409098,-0.20431247888875007,0.00964014862319947,-0.22497165886996395,-0.03521934877867081,-0.21168672524604729,-0.16592771508025744,-0.21271440932457883,-0.3693193964380405,-0.20265689418231791,-0.16573430132752168,-0.09983712526085407,-0.15930491354220166,-0.2649051208373242,0.002636072127597551,-0.05635697330612585,0.03194658448895737,-0.11797729933323153,-0.056285715607749504,-0.2202334846402643,-0.25298611400306315,-0.29577821272736526,-0.26894691301470963,-0.1463253700541836,0.34224794902761,0.16736952669156058,-0.1762452745503593,-0.10674403216776099,0.2536251197268146,0.10923573804929737,0.030206786138989528,0.05096313570889842,0.3130512638987215,0.03845509608221473,0.44721979298250486,0.32372002202510675,0.22906203584169685,0.18407205356357897,-0.12376074070989325,-0.044807673621232946,0.06649592581795971,-0.07225993327688243,-0.1208169648847615,-0.15109871042074433,-0.16237686068194543,-0.15042129957384195,0.08070952308240444,0.004053822697890495,0.02749668003905292,0.11432511093528043,0.06015028896384829,0.11474294016666899,-0.20710170879662404,-0.19921986701647718,-0.22783214647621428,-0.1815201950795171,-0.2711864406779661,-0.04431349685586974,-0.2898480915430068,0.3689973486583656,0.07784996090080835,0.2861422285151099,0.06723950452764012,0.0935655223790817,0.06866836019378392,0.5052735323921764,0.1564425750866429,0.47776528454494555,0.26906351652114363,0.31278289074899246,0.13544561510663206,0.2188509002068324,-0.018868945987590056,0.3634438753082821,-0.22728707135486798
#52,0.5833113544977951,0.271772697196426,0.16717287395253497,0.3527866849900748,0.08264134704812671,0.16043208077106383,0.5120425510256019,0.37886145004789074,-0.0006477972579667495,0.5658152759847676,1.0,0.21388460879986304,0.12286030252131946,0.4145805281398502,-0.12005256412036074,-0.22907637992383756,0.20245144990907704,0.022620154823544653,0.25985600392380054,0.18802593039881174,0.12427759037928529,0.030243803125159056,-0.065727823354942,-0.07935377596394545,-0.01958106025902636,-0.03913204421678998,0.021593858881994474,-0.0634151871440007,-0.2966532017379475,-0.28240212477500615,-0.17134098659522387,-0.09205013950776662,0.19383991078906332,-0.1962585081229149,-0.26677679220052103,-0.21701902210376786,0.022064437318674607,-0.043864665898564206,0.1353155929427116,-0.30640625216896406,-0.3531494514545362,-0.13126732279274653,0.07682551580856666,0.07915110796466729,0.06192617887533142,0.15003632291767885,0.01142205379493515,-0.05477727342134122,0.035183257217155525,-0.13277160056821075,-0.07953839818246598,-0.26471679692018674,-0.0669267109945076,-0.25791955283480705,-0.14033509626729965,-0.4009661433390247,-0.2514008615703531,-0.3646839443449613,-0.21939690075283297,-0.04721933027017773,0.2413484362636905,0.16924212347941162,-0.10720674449488009,0.11613986868224156,0.23525636576484035,0.018148965606592724,-0.036558900965680624,0.2872212736619516,-0.036365024500617724,-0.22848827255606916,0.05448483923060194,-0.00023089345123243428,0.04283142927210724,0.02129679756798401,-0.25069013543589813,-0.27720493991680434,-0.013835098580861292,-0.16269520676300336,0.0560724052249476,-0.025980371743083607,-0.14893784385309808,-0.2542354372862847,0.041842613029053705,-0.00902381580347682,-0.10618229940263839,-0.01235950896967846,-0.005602983569085264,-0.0003201969303664219,-0.13310290259442803,-0.162320872490364,-0.015661424136000406,-0.11827759963353184,-0.2064196708264505,-0.06213023501159094,-0.10996127097822013,-0.10175182887047293,-0.059290569460060984,0.007774492520255232,-0.2099288811153218,-0.12798021442089239,-0.30243062785435665,0.16125200701471887,0.04183058250854861,0.28959915231101674,-0.02505217081488268,0.1499627516576669,-0.08153361373700357,0.21333675740455402,-0.15436823572416794,0.3059643618965653,-0.08480175090344581
#53,0.28642355760999827,0.006228570635350297,0.23630209562412952,0.3003363918618156,0.3935844935844936,0.5477468223230935,0.17648218326184428,0.33620816502172435,0.0704960738859044,0.25734995396012345,0.21388460879986304,1.0,0.42857017263796926,-0.078054479749395,-0.1482942110060754,-0.14096160875821892,0.30693744592049677,0.13561450510603054,-0.28629631172004055,-0.27166581064886147,-0.0778606032843321,-0.24153213305755677,0.05607888319752727,-0.11921551752060226,-0.03286090404734473,0.000887944955741566,-0.32377138309341696,-0.44561464391972866,0.1679608730456188,0.3169940356381034,0.3905361447734329,0.08888750075190753,0.08814531017920849,0.021450880772914672,0.16068194542770814,0.26872203482372975,0.05370979608267744,-0.1845009878908184,0.10093745517474331,-0.028620145569298112,-0.06668795143371414,-0.06232411147665385,-0.14675245353211455,-0.3030150335235081,-0.19016181050079356,-0.17508756830790728,-0.20185177473313068,-0.31057436481165296,-0.3249499113905894,-0.5214906740330469,-0.15100709337997473,-0.3411064377166072,-0.10482238787323533,-0.23612348866586155,-0.008638376434986604,-0.22887324921223226,-0.04684916040848244,-0.2488628844561048,-0.0610562797003475,-0.2842987826038674,0.2271524220676763,0.2525627322237492,-0.3367407469102384,0.12401199350351892,-0.11359448817075936,-0.15578274730817104,-0.297016430914736,-0.22899401712961034,0.0266679622611826,0.14084269169014932,0.122151427236173,0.21139105206901818,0.230787490109524,0.04633508701305312,0.06541595524646372,-0.16142552413738853,0.24513712479814176,0.06698269918608901,-0.20581120411628887,-0.004127393957902433,0.2981884812393287,0.30356195949416287,-0.07798090848938306,0.5743722150501811,0.35338728559067545,0.45334749233054317,0.22200382200382202,0.10046317503944623,0.09064627030728725,0.11426588375740918,-0.17698700241073123,0.22096457011711249,-0.07938292684055395,0.14264495620427825,-0.16631269173642055,0.07058352651572991,0.07598291666088276,-0.14202492168593864,0.07252275387868608,-0.25918044392620665,-0.1826071063359199,0.22468292637784162,0.11588676503930741,-0.08031945659064303,0.005963899184238167,0.00990944719758279,0.011090289056390751,0.2293026462517988,0.16106044411129156,0.12046946792709505,-0.16826996488013438
#54,0.15982731575951914,-0.20970030122572494,0.002551858484061874,0.07139095952655275,0.08963570658485913,0.4395679192289362,0.021260243294141598,0.33366556078420484,0.05359365528857054,0.07061822994026384,0.12286030252131946,0.42857017263796926,1.0,0.0025328872786499904,-0.04726375065358116,-0.17775834386003878,-0.024197541146693688,-0.14359860631047072,0.04736184566693041,0.12349514383412688,0.07722668739617893,0.15649301073029886,-0.09976077772687943,-0.11815868256546222,-0.13189013358504884,-0.05630468681316139,-0.040350365774094586,-0.08528204629899545,0.21631847564050954,0.2385009046025995,0.21075297176992092,0.04086490188185103,-0.11421868710004303,-0.054575993559044404,0.21769411938903466,0.05757298130179486,0.16344803971922617,0.06667407006390057,-0.1382630704664603,-0.027741917572426045,-0.11095749061850757,0.16417819977142012,0.17248481146786232,0.08500488161505111,0.11395956819685633,0.1421035827815489,-0.0007995669012618165,-0.04529490970168936,-0.04683018920307056,-0.23036364561788292,-0.27305209678091036,-0.23039603548078125,-0.24004775191215869,-0.11823688094874535,-0.14926174248208146,-0.1882281356857628,-0.23288311423904645,-0.17414363516058431,-0.13536973028498453,-0.24437133589675963,0.06653109195482076,0.0428619682856971,0.062490687914416726,0.014400070332273722,-0.05831424644983967,-0.10911404470726505,-0.049816534562297274,-0.04055349648569988,-0.06769805244381516,-0.07737753161481975,-0.06836713446882939,-0.05074195921653549,-0.01020974749788309,-0.037487101893881554,-0.1284457030219742,-0.19375060730992935,-0.0370813031829981,-0.13151070947681118,0.15170440085694323,0.26196088229986536,0.24732667953006937,0.21517788975416094,-0.08198383283129046,0.5193177769448956,0.19605722826061808,0.22921704447128177,0.029032422252761234,0.017331815636900384,0.1875692333319452,0.34045678960933196,0.1716440631694869,0.15997677184117862,-0.013668059430771295,-0.03255134950050204,-0.09532336650980719,-0.00933475848730086,0.018750028919520444,-0.2788633008971992,-0.26879653150839594,-0.23845139438359778,-0.31439312964736693,-0.04640356843746674,0.08871120735527516,-0.30985114544436576,-0.14090238158034768,-0.14214106248004554,-0.11920996497267684,-0.008470874572569488,-0.0029548809209826157,-0.08214300587181943,-0.2446832040052379
#58,0.1967762832169612,0.17007639380520737,-0.006039321293558581,0.134979201080896,-0.066493149543997,0.0314241822716399,0.39479032190896596,0.11347510839036262,-0.009580458733001106,0.314191387072743,0.4145805281398502,-0.078054479749395,0.0025328872786499904,1.0,-0.0003132562454596353,-0.21407894797725308,-0.0012733843242317818,-0.09891679044221417,0.44352966217372997,0.3628363340227747,0.1317365130924453,0.17802671700976785,-0.18731659240133816,-0.1617248990130346,-0.11653826399589111,-0.1554764317476182,0.16364931958152298,0.18232577724103147,0.08492992221805781,-0.27721558230032806,-0.1868668360193784,0.18663270358185613,0.16584350143672177,-0.24827014996506522,-0.31603251942234994,-0.1396289972561159,0.17371793981963474,0.01071271579746156,-0.035361864175423495,-0.028547499733940412,-0.14485579570325333,0.07286562371308133,0.171123974513805,0.3139230139230139,0.16386124182734352,0.30481776074996414,0.16065603353738947,0.2762619321941356,0.07978965097609166,-0.04295589888810228,-0.1865299814452357,-0.10194986974647992,-0.21588954131327012,-0.20649879463438786,-0.23987978733741447,-0.1263648856869196,-0.48487347131414926,-0.24504365690806368,-0.29155920172869326,0.028073219598643326,0.005876909266739775,0.14088896292286124,0.30830846254575067,0.0393286969558156,0.2465141566836482,0.276791737808687,0.5705650180226451,0.4493889883720392,-0.011498401328909804,-0.22665917072696734,0.04114808182604793,-0.05519510265272977,-0.14924230856434245,0.181449862805795,-0.3313825381621992,-0.11563551224568173,-0.25150497184395487,-0.2591753540906083,0.37651087142612566,0.2215799775121809,-0.0973847499271228,-0.14465775482724635,-0.15713941985128427,-0.03989459413188227,-0.1005353581624768,-0.19974180652146753,-0.025664801935988378,-0.12271501085060407,-0.10821638279265398,-0.013534335568233873,0.2203227881193983,-0.1680622070452579,-0.08596547240615038,-0.16955584243719837,-0.0926646214781808,-0.1466016093134737,-0.07798692374963562,0.013858234197217248,-0.18494241545089002,-0.013666671293789939,-0.04615925632874785,0.2505920404225489,0.2522263403619336,0.1228732584664788,0.10131178944738267,0.031157197258892173,-0.08293470666352022,-0.07812296117380862,-0.140200446980108,0.06909544367171486,-0.2577252136574171
#101,-0.13459468713706002,0.13708963200488625,-0.019675453573758658,-0.023248980876099522,-0.01220959017569187,-0.0667642989676888,-0.13208354733778463,-0.12276637191891429,0.3427532308888241,0.018030973963177353,-0.12005256412036074,-0.1482942110060754,-0.04726375065358116,-0.0003132562454596353,1.0,0.2841289671798146,0.030665334055164563,0.06647510376323935,0.018574660947542305,-0.08160487143537991,0.3456956185769745,0.16683278039210242,0.4586085314898874,0.02710244913634744,0.16139498512379868,0.1669174567479652,-0.2563759445115377,-0.10542298847383594,0.1794199438267235,0.050209840040348515,-0.03391264916688645,-0.18846273083561219,-0.12102148373334815,0.10093421618845348,-0.021408311238819713,-0.08775431826279284,0.025878112318790284,0.07393634003803495,-0.19627100135574713,0.0034777458506272067,0.22326610123220292,0.04594687137060018,-0.006265587621519825,0.001724528843172911,-0.07477986461037309,-0.1309563801089225,-0.23830610271288238,-0.06991907161398687,-0.34313543127102447,-0.04673810944997386,0.010845514235344744,0.05965287321219524,0.02572541725084098,0.12339427254681493,0.03415140872767992,0.08347978178486654,-0.21277641277641277,0.01735310040394786,-0.22363627109389822,-0.2138785935396105,-0.05121809020114105,-0.16872296024838399,0.11219478338122406,-0.12878302030844405,-0.2040658532183956,0.00013835098580861294,0.20431849414900263,0.20755470416487365,0.2692754387669642,0.10361285785014598,0.030219279371821745,-0.04027031654150298,-0.12019507951711342,-0.17722298569756198,-0.2942938315819672,-0.10335003724834234,-0.13136680594307712,-0.18379257531799906,0.33819181276808397,0.2632754480212107,0.0497397243159955,0.033999639084384845,0.14235946269844574,-0.11945150080743301,-0.01866442713900341,-0.07576405373015542,-0.11498123701513532,0.032211718652396616,-0.07662192238463425,-0.07214518061975689,0.05059389127185737,-0.3438114539809455,-0.19772160450126552,-0.1291642952659902,-0.03851108427379614,0.11639667402379267,0.09889134126422262,-0.058628890832280664,0.06476676985151561,-0.0014982625152116678,-0.017745943169671985,-0.05388146235603863,-0.06992786314820214,-0.22855027600790312,-0.005979168691033098,-0.06625115099691371,-0.0021516123211038464,-0.1853315565179972,-0.09301813369609979,-0.07326957157465631,-0.15943493570612216
#102,-0.05982592762253779,0.15883711137948425,0.1662363442024459,-0.17415427754410806,0.05335165674148725,-0.2209284785555972,-0.3503819690260368,-0.34842145689603315,-0.04334180096891961,-0.15479069207882767,-0.22907637992383756,-0.14096160875821892,-0.17775834386003878,-0.21407894797725308,0.2841289671798146,1.0,0.007173429207327512,0.29721077009212604,-0.2589241012969827,-0.21006815752578464,0.0021858530333106604,0.2215748876765826,0.31600938380599397,0.3317517825992402,0.22938685989533447,0.4304871898092237,-0.2640375352239759,-0.2672344146920418,-0.10450496721683163,0.17930796744356067,0.04529074529074529,-0.1073233480013141,0.04582193904227803,0.33745332389400184,0.02547185089557971,0.11851913546828802,-0.13364612686646585,0.22762068694272083,0.04313589398335161,0.33770041227668346,0.18846596982190203,0.050988584886889975,-0.15554722673366742,-0.18263949619881822,-0.21187690001249324,-0.3349500502042875,-0.18473650846532202,-0.21692647963834405,-0.25260345090853564,-0.11775010758061606,0.11033282897689678,0.12279922449413974,0.18093717754734703,0.30025310364293417,0.15867007222939428,0.3757025129906486,0.1332741061554621,0.36500691754929043,0.15288061559248,0.08665167478726801,-0.11204717814887306,-0.0267188606171657,-0.04053822697890495,0.1641439590592133,-0.3339959373857679,-0.001742111911603437,-0.09651068634119482,-0.1655149756844672,0.32228792737267314,0.4978682843089623,0.07824650536514943,0.14512278071600104,-0.008120601340940324,-0.01763396678650916,0.08094041653363687,0.21133552658976387,0.16170639051994984,0.35302266827690554,-0.07999602067398677,0.035919895241929144,-0.151594738035416,-0.00721137161815128,0.014751731700884244,-0.2725255301526488,0.045050134880643355,0.007110037618512195,0.19581569242586191,-0.04531480633175548,0.062192238463424906,-0.09005770022719176,-0.17718180430044836,-0.07575665033292152,0.011716338834982902,-0.016733991310262496,0.004144977026332959,0.07130304418440012,0.2834353614014631,0.1509506424760662,0.232112235502066,0.1857817756122841,0.1572708301521861,-0.0335600623736217,-0.009161241364631196,-0.04364441483085551,0.11857743722150502,0.02228052397543923,0.1278011447502973,-0.03601151228269872,0.041921274124663954,-0.09303155235358625,0.15109732228376296
#201,0.41723418333587825,0.430873091890041,0.7634679363492923,0.5935525664339224,0.36406344711429456,0.2760004997293133,0.12461490766575513,0.06696187713136866,0.07510237510237511,0.6463175039446226,0.20245144990907704,0.30693744592049677,-0.024197541146693688,-0.0012733843242317818,0.030665334055164563,0.007173429207327512,1.0,0.6489521879352388,-0.3407834645122781,-0.5481317989792566,-0.10268373149729082,-0.3834284207165563,0.3907781433205162,-0.19209178361720736,0.19781414696668934,-0.0839003872902178,-0.17275873716551682,-0.21074788193432262,0.0451385129351231,0.0397451380502228,0.3637756400468265,-0.08525243271005983,0.4831336729641814,0.20907749043342264,-0.03961419046164809,0.14941628839933924,-0.10701703244076126,-0.22230134603015958,0.1251493404035777,0.01973791973791974,0.04775052402171046,-0.2405932897458321,-0.36713631967869254,-0.4740561825307588,-0.5032996016046863,-0.4031154420984929,-0.09072770767686023,-0.031538009504111196,-0.20269992642874,-0.26805202737406125,0.22093865822679382,0.05815414798465646,0.23810713641222117,0.031909104790460725,0.20185871541803746,0.003197342180393028,0.056865956865956864,-0.16949939153328983,-0.1597222800612631,-0.15882924526992323,0.27308541206846293,0.16469690029012063,-0.37775603029840316,0.013915147813452898,0.10656218622320317,0.05664616851057529,-0.18141701023056955,-0.22630380765973987,0.36087535918044394,0.24252465099922726,0.5121725731895224,0.4363395753226262,0.295886024699584,0.29412216530860597,0.13632384310350412,0.13836579260308074,0.26270168473558303,0.17099672862384727,-0.3012372927627165,-0.1985466205805189,-0.06367152977322468,-0.03601613940596991,0.07705872282143468,0.0051800645020984,0.07446475751560497,0.2415034448932754,0.21312992499433178,0.17237514864633507,-0.28303233896454233,-0.22969687715450426,-0.4082487726555523,-0.15900183696793865,-0.19009286636405281,-0.05564162004839971,-0.40823026416246755,0.6510871426125664,0.13344808599045888,0.5508220084491271,0.3994382672348774,0.2886052462323649,0.3233244029854199,0.5729799136578798,0.23913065607980863,0.5284387623370674,0.48349227501769876,0.47356385661470407,0.3452069943595367,0.3026518043467196,0.04901465409939986,0.18435708435708437,-0.16754720822517433
