,#10,#11,#12,#13,#17,#18,#26,#49,#50,#51,#52,#53,#54,#58,#101,#102,#201,#202,#301,#302,#401,#402,#501,#502,#601,#602,#701,#702,#801,#802,#901,#902,#1001,#1002,#1101,#1102,#1201,#1202,#1301,#1302,#1401,#1402,#1501,#1502,#1601,#1602,#1701,#1702,#1801,#1802,#1901,#1902,#2001,#2002,#2101,#2102,#2201,#2202,#2301,#2302,#2401,#2402,#2501,#2502,#2601,#2602,#2701,#2702,#2801,#2802,#2901,#2902,#3001,#3002,#3101,#3102,#3201,#3202,#3301,#3302,#3401,#3402,#3455,#3501,#3502,#3601,#3602,#3701,#3702,#3801,#3802,#3901,#3902,#4001,#4002,#4101,#4102,#4201,#4202,#4301,#4302,#4401,#4402,#4501,#4502,#4601,#4602,#4701,#4702,#4801,#4802
#10,1.0,0.4335892132502302,0.5205629358171731,0.29820189989681517,0.3553311400769028,0.2289977188282273,0.21380918669054264,0.590629612663511,0.028477630172545426,0.29895010572976677,0.19621362502718434,-0.13170643679118255,0.14018378933633172,-0.18436680131595387,-0.2999393846851474,-0.07864120807724666,0.46367800774580437,0.20736776838471754,-0.13918942054535274,0.016226395887412835,-0.17882119407543137,0.01018985086781697,-0.01278566702295516,0.09837449159483058,-0.052478055867886376,-0.009924716704377721,0.061959956875211115,0.19469130147096247,-0.0843047978641199,-0.015018254001304849,0.2662969595172985,0.11808048418217909,-0.15010202806812975,-0.05042222499849618,0.012485829434981978,-0.12793995844843303,0.062431460736545485,-0.12122600258193479,-0.029425727730812475,-0.12251743268692421,-0.03152459084662475,-0.054202584711059286,0.2001240069036679,0.10227099210150058,0.06604570672367283,0.014855841974486042,0.2617489600540448,0.29400093467890076,0.05616494769037142,0.2273745239846935,0.34821046007486683,0.22246005635836144,0.17101708796624052,0.2941318822674755,-0.18215734995396013,0.029032422252761234,-0.38181448011956487,-0.0893081062572588,-0.1591383371044388,-0.1429050005321192,-0.10796605542368254,0.07402055368157064,0.09159714413951701,0.09805383195213703,0.1750389835135598,0.11023010684027633,0.037842927673436146,0.11700976785722549,0.03413243752226803,0.09360624106386818,0.1911635826890064,0.3383158196717519,-0.032305649254801796,0.10106979090029937,-0.08815271357644239,0.20079123807937369,-0.28561103476357713,-0.26264477111934736,0.22748557494320207,0.20045669706686656,-0.05261825770300346,0.14042625059574212,-0.21397159871736143,0.2675199081978743,0.03556684573633726,-0.06424344220954391,-0.04129938875701587,-0.082098585488416,0.029652919483427957,0.06237547254496407,0.2640356843746674,-0.18838730872629178,-0.12337391320442168,-0.16450348653738484,-0.1929066200252641,0.07715913139641953,0.1417625637964621,0.34167464845430945,0.13815479578191442,0.26944479147868977,0.20753712109644312,0.410220852593734,0.3340176848651425,0.2948972084565305,-0.057626193219413556,0.032522198623893536,-0.13520315384722165,-0.11134894524725034,0.0951820189043463,-0.0724265097146453,-0.14559197101569982
#11,0.4335892132502302,1.0,0.5590277488582573,0.23388025930398812,0.25891253348880466,0.08350615638751233,0.48376388715371765,0.3209886311581227,0.24248254417745943,0.5655538435199452,0.45161463466548213,-0.1548911006538125,0.07970913903117292,0.2275906106414581,-0.30887759870810716,-0.13722915564591906,0.2959086976036129,0.3979140928293471,-0.24293507683338192,-0.0752476667730905,-0.2263139873309365,-0.10219233100589033,0.10576261932194135,0.2271843492182475,-0.18166872573652235,0.13151672473706372,0.14886982514101157,0.2916188916188916,-0.2286853880074219,-0.1364446110208822,0.15297130720859534,-0.054730076763975066,0.1751699311021345,0.009568428212496009,-0.2664552071331732,-0.253331297399094,-0.2212477500613094,-0.256128393416529,0.1448382126348228,-0.2306884696715205,-0.020278830448321974,-0.23726129827824743,0.039766885529597396,-0.011898647491867831,0.08957000143440821,0.1585233924216975,0.2769957939449465,0.215900646409121,0.19755317721419416,0.27172735138836834,0.28900179069670595,0.18950614713326577,0.39301165572352015,0.1563268970048631,-0.010331903552242535,-0.09079295011498402,-0.2973213583383075,-0.07462716954242378,-0.05092010346247634,-0.06979552742264607,-0.07237699949564357,0.0020438003488850946,0.132457881610424,0.05934146781604409,0.11586548027225993,-0.0057603057603057605,0.27320710541049525,0.35075537787402195,-0.0875743231675435,0.011664515054345563,0.13179527755798942,0.26870907887857043,-0.11173623546504903,0.13106187851950563,-0.2394476140238852,0.048742579251053825,-0.206880069591934,-0.14052295747211002,0.19379271413169719,0.13419073927548503,0.2891211704771027,0.05615291716986632,0.05555277928159284,0.2039839531364955,0.10479555055826242,-0.08920584683296548,-0.1341097646182392,0.03255782747308171,-0.15214027586908943,-0.0121327799293901,0.09975568789128111,-0.09924624161912297,-0.05110842737961382,-0.2940337872541262,-0.20853796786000176,0.25319942438586507,0.11279353313251618,0.32549961363520685,0.24940981042675958,0.24097687826501385,0.2586247264213366,0.47560256712799087,0.28403873827602644,0.5133538777606574,0.25419980843709655,0.2841164739469824,0.3143760092912635,-0.16401625045692841,0.11023197044100844,-0.1709731302951642,-0.16743708269132
#12,0.5205629358171731,0.5590277488582573,1.0,0.4645442052221713,0.30039839531364954,0.3596158562260257,0.27452213384416774,0.3707311317480809,0.06811171726425963,0.2636303483761111,0.20364571042537144,0.06184427879343134,0.21139706732927072,-0.033363409634596074,-0.43061258484987297,0.07144626191441049,0.6164956944617962,0.5818214208044716,-0.26808025282601555,0.02443491257050579,-0.12332301484843858,-0.13525590305251323,0.13686891822485042,0.14673857216230096,-0.23012951318036065,0.00496814225627785,0.19664626105304073,0.29802745734949126,0.05159334989843464,0.030670886603089993,0.3202797558729762,0.03046081520657792,0.033880259303988115,-0.14596214087739512,-0.16552839434195366,-0.26756710485524043,-0.1531374209340311,-0.27196518552450755,-0.11385406978627317,-0.3142802278395499,0.008593030626928932,0.015300508520847503,0.003003003003003003,-0.07006713955866498,-0.07090927599402176,-0.03486629927307893,0.2743407506119371,0.4034509085356543,0.2434556282013909,0.4055604140349903,0.5329094888416922,0.43392976952298984,0.4303900202205287,0.3939560515831702,-0.058925026721636894,0.02912866641680201,-0.4065922625244659,-0.21303229269330964,-0.3120841951350426,-0.34949865119356643,-0.23327965870338752,-0.12670868094596907,-0.22592577168848355,0.007720817890309416,0.3265855994669554,0.24525095203061303,-0.1194343804513296,0.13990616194006025,-0.034022311988413684,0.15760352031538472,0.42892275943123404,0.5689612570968503,-0.0002864189304867271,0.20475714543511153,-0.3311382260534803,0.014158997209844667,-0.33669910280079773,-0.24191387072743004,-0.020303816913986406,0.13440451237061407,0.06570931486185723,0.16986724783334953,-0.07208549072955853,0.2507040168057117,0.024949448678262237,-0.16485514790599537,-0.19066524151269915,-0.0347177686160737,-0.10786425871171634,0.13899785764192543,0.04333393485935859,-0.12686831669882517,-0.2151524405761694,-0.1976656163096841,-0.22766464461379715,0.3800487698792784,0.09274281986146393,0.6180832604561418,0.4694980033963085,0.36329627007593107,0.5015630422410083,0.6579343596292749,0.15412207276614057,0.4317952775579894,0.19004289343272393,0.23555897962677624,0.1714353799099562,-0.32519699977327093,-0.009327356169037687,-0.28913967897018744,-0.31179777620455584
#13,0.29820189989681517,0.23388025930398812,0.4645442052221713,1.0,0.15207549614329274,0.25394716750648955,0.12425861917387342,0.19378299717282768,0.27010091755854465,0.2797290356612391,-0.004285641573777167,0.10660151677100829,0.2940666398293517,-0.07485436129503927,-0.350277858752435,-0.16643139670079243,0.3413771244279719,-0.0076565008768398595,-0.18632638802130327,-0.0988159191549022,-0.16814410712715797,-0.3060707857318027,-0.22551951026527298,-0.21607879065506183,-0.14604357824696806,-0.24045771503398622,0.2193376735749617,0.12937159038853954,-0.015538805369313844,0.03643211778804999,0.15673315842807367,0.05897823863925559,0.058565961955792466,-0.13015357422137083,0.01805781127815026,-0.07053632985836375,0.07063812657032996,-0.06188360934123646,-0.015500862958490078,-0.1996733250970539,0.012187379983990153,0.03601799025527839,0.02013631505156929,-0.17881286525354323,0.0006399311484057247,-0.11357644239000171,0.2075602567127991,0.35941318822674756,0.2405516456363914,0.3412707005927345,0.3978183113776334,0.30225433445772426,0.4024967957171347,0.22735231379299176,-0.10867122901021206,-0.0599059768551294,-0.05408135408135408,-0.24070526612899495,-0.05571287774677605,-0.11705650180226451,-0.32797975170856525,-0.1715954783751394,-0.03362021497614718,-0.14799761240439208,0.0584141923124974,0.13354664371613525,-0.1952534969484122,-0.11476376222138934,-0.08725967878510252,0.05057538277877261,0.1579783173003512,0.30167686947347966,-0.06471864776949522,0.1939333786791414,-0.09129221671594553,0.1159446040801973,-0.14475261085430577,-0.2763665051800645,-0.2784413072548666,-0.11976799603918248,-0.23383352535894908,0.14652526177949907,-0.2343401953571445,0.059418740774672976,-0.07741501131331639,-0.18014964116659032,-0.19045239384222434,-0.12371632032648981,-0.1144916873730433,0.07004678021627174,0.05741195741195741,0.08124256768324566,-0.022403605454452913,-0.06007579227918211,-0.08933124187361476,0.0306250780827052,-0.2477755104873749,0.24799668697973784,0.17705131942420077,0.32672441316509115,0.412652868585072,0.21152801491784542,-0.12985419934572476,0.09160593567373228,0.01533336109607296,0.09904264819519057,-0.009813203033542016,-0.18854972075311058,0.06381659746995853,-0.273314917382714,-0.12515720651313872
#17,0.3553311400769028,0.25891253348880466,0.30039839531364954,0.15207549614329274,1.0,0.5729928696030391,0.3125353396539837,0.48395776361878057,0.05671279908568044,0.055541674185741984,0.2175816802935447,0.5548198429554362,0.21784496360767547,-0.16316763604899198,-0.32681973190447766,0.09495644661878197,0.32777569557230574,0.142368254232661,-0.13774066824914283,-0.09381399889874466,-0.3338770203176983,0.024967031746692764,0.2853870819972515,0.223328567396364,-0.061273754494093474,0.07897990440363321,-0.1794708421827066,-0.06357574832151103,0.12635146702943312,0.20006477972579667,0.3153981408218696,0.09347297991365788,-0.22831244187176392,0.062281079230231774,0.11899896815151052,0.1932582813938746,-0.11474710457761306,-0.17145435111536805,-0.17165516826533775,-0.13406626965949,0.18126662872425583,0.05845259743564828,-0.05606453911538657,-0.02842441825492673,-0.09226946515082109,-0.07094166585692009,0.28205138883104985,-0.014407936441834747,-0.11968331968331969,-0.131230305806577,0.11499604380960313,-0.09965481660396915,0.07167645303238523,-0.03832923832923833,-0.16632287140761717,-0.17106706089756937,-0.3910256944155249,-0.10779762813661119,-0.0657518843959522,-0.16420596251104724,-0.0008786907091991838,0.13228297635077296,-0.0935632088174461,0.14994331773992792,-0.13189429799599292,-0.06848466339991764,0.0016236575558609457,-0.024095281722400365,0.15431456109422212,0.2979219589389081,0.12521597097868284,0.25920543039187105,-0.06878079928927387,0.06360536191044666,-0.1518247060619942,-0.0312983245186635,-0.28574938574938574,-0.22620895163268046,0.07131322385559674,0.5149946556726218,0.16573383861519456,0.49920829920829923,-0.05153921255616171,0.5594839832127968,0.4131067893779758,0.09618493686290297,0.06877293317971284,0.24014816048714355,0.07296140516479499,0.24091626295016125,0.04800686665093445,-0.041850941850941854,0.09473479642971168,-0.0969437850793783,-0.14889527431900312,0.014854453837504685,0.3818829615439785,-0.0008162245450381043,-0.1861334369808946,-0.11475820967346391,-0.21574054794393777,0.2504712725051708,0.34852788073127056,0.11745073270496999,-0.1391926595316426,-0.23392282883808307,-0.13610960729604799,0.01634392481850109,0.2804423391545269,-0.03608045641943947,-0.07438239472137777
#18,0.2289977188282273,0.08350615638751233,0.3596158562260257,0.25394716750648955,0.5729928696030391,1.0,0.11168903880768287,0.36472651387905625,0.056473576812559864,-0.13096424621848352,-0.019868867326494444,0.49899545153782443,0.38351864962034454,-0.19916619238653138,-0.4162763688187417,0.2719841881925304,0.3307046646029697,0.24877867081256913,-0.08354548693531745,0.08491650356057136,-0.1684934549341329,0.13297288043050756,0.13014478268715557,0.22720841025925773,-0.15392588273944205,0.12066982236473763,-0.024127671585298705,0.05190336715760445,0.4179884044290824,0.41643045202367235,0.11818043004483682,0.07608980320844727,-0.23737327466141026,-0.1,0.09485556434708978,0.17322746475288847,-0.1516747872680076,-0.29709740557198183,-0.305897268609133,-0.19538953437258522,0.1651855245075584,0.1209747497883091,-0.1456831253441423,-0.11606814827153811,-0.2422419337673575,-0.1674329182803759,0.23173142325684698,0.05404202353354896,-0.18714353799099562,0.007393217562709088,0.28271029118486746,0.20711235118014779,0.030327554056367615,0.11865100848151695,-0.15269784422326796,-0.004339778916050103,-0.4267049792473521,-0.07849868358342935,-0.3647764868103851,-0.42322399441043507,-0.20145708111809807,-0.10784806378026716,-0.3769310142191498,-0.1393532207091529,0.09323699662682713,-0.011995354368235725,-0.13145518399755687,-0.097369943132655,0.09365667670752416,0.3846074117260558,0.2835121716477649,0.33721132534691856,0.05504009402314487,0.15237070660799473,-0.08175525294169363,0.09368073774853436,-0.23589305792695622,-0.2595450612399765,-0.18523808862791913,0.4593780220898865,-0.03979973810482285,0.6133052929663099,0.05895232674893692,0.37275734902853547,0.43199979640657604,-0.1671853671853672,-0.18167103929815795,0.21534446619192382,0.1640925979909031,0.3233281046840369,-0.06476353086522578,-0.09823521518436773,-0.14792265300739876,-0.23933471221606814,-0.3591568455975236,0.11099450760467709,0.300932365339145,0.11254413118819899,0.09687900535358163,0.10300901826325555,0.13672917910206045,0.23252913930880031,0.006056904361989108,-0.02452791774825673,-0.05869829768134853,-0.14154046187944494,-0.07419129453027758,-0.16170083797202442,0.03361582309765371,-0.34667425514883143,-0.3726398200974472
#26,0.21380918669054264,0.48376388715371765,0.27452213384416774,0.12425861917387342,0.3125353396539837,0.11168903880768287,1.0,0.1916910747419222,0.12363303210760838,0.5339010813587085,0.38596500969382325,0.11286432811856541,0.15013488064335523,0.22224073071530698,-0.234722858451672,-0.24599802953932867,0.290548175293938,0.13507914694355372,-0.12893756622570182,-0.23353600133261151,-0.28352003775732587,-0.2686045058926415,0.07162648010105638,0.14942831891984434,0.028592382829670967,0.10748714816511426,0.0511176816261562,0.16257027443468122,-0.11596773969655326,0.006425223374375916,0.2313760601896195,0.3162587857503112,0.16093689991995078,0.23530541327151497,-0.04700139276410463,-0.06125802227497143,-0.044147383130433974,-0.09258364682093495,0.24254315949231203,-0.022607198878385318,0.08518441399797332,-0.16110070008375094,0.1631463512819445,0.09122789970247597,0.18143320516201872,0.1644127949212695,0.3109958957416585,0.1670673755419518,0.170280912653794,0.15997954811514134,0.12485412993887571,-0.03982842626910423,0.20220436152639543,-0.06583378447785228,-0.09938829430354854,-0.2033153338238084,-0.28918086036730106,-0.2001767561089595,0.1613153986035342,0.11981843168283847,-0.03593516474872407,0.08256823850044188,0.17500150381506313,0.08265893011655724,0.03761943761943762,-0.12306343323292476,0.4265083265083265,0.49154994748215086,-0.14097410199105115,-0.09544598527649376,-0.08736240092172295,0.03475941272551442,-0.35326929394726003,-0.13811916693272625,-0.2629885663783969,-0.08153361373700357,-0.2712567729516882,-0.24623606657504962,0.265141104124155,0.20416903806734316,0.15297454619488518,0.17590194200363693,0.06577594543696239,0.21709860862403235,0.13926252909303757,-0.037094721840484554,-0.07832979358403087,0.28600896736489956,-0.021341217951387444,0.06420364894941166,0.22626540253658897,0.044915948305778816,0.0583924448331228,-0.13892151010795079,-0.15554306232272333,0.09499484075755263,0.10592827033504999,0.1468459214221926,0.024613982241100885,0.09773039603548078,-0.004417514587006112,0.36707986877478405,0.4114956250549471,0.36853833802986347,0.09955163175502159,0.07906272991018753,0.17138077985535613,-0.1068486051536899,0.13019291982964407,-0.042403883081849184,0.026278358481748313
#49,0.590629612663511,0.3209886311581227,0.3707311317480809,0.19378299717282768,0.48395776361878057,0.36472651387905625,0.1916910747419222,1.0,0.20407186847864814,0.07677970728818187,0.2328798752527566,0.13266286317133774,0.10138212172110478,-0.2036545019595867,-0.194976794976795,0.18620008909527014,0.4685846092625754,0.16692624828218047,-0.04963607675472082,0.044817390580102444,0.0681737207160936,0.09993336942489485,0.15938681362410176,0.12496980802065548,0.002963672455197879,-0.10343193733024242,0.14149280250975166,0.023924540873693417,0.02723802384819334,0.07467899332306112,0.10266059588093486,0.007170652933364797,-0.3392361544903918,-0.09076750093699246,0.051002928969030664,-0.038486097808131704,-0.052338316745096404,-0.14856582314209432,-0.2889300702860025,-0.20401680571172096,-0.04945561894714437,0.08888472447794482,0.08652951873290857,0.05728286067269118,-0.047459015255625424,-0.10514536107756446,0.20088239240781613,0.08083723168468931,-0.045554954029530303,0.05333684994701944,0.23423423423423423,-0.019325180342129496,0.05917998121387952,-0.04192682667258939,-0.08662021034902391,-0.17025037364020415,-0.3517104161171958,-0.12235640879708676,-0.37328622921843263,-0.42009698450376415,-0.12186639644266763,-0.017056964514591634,-0.0795508914152982,0.09043943789706502,0.24320715168172796,0.06647556647556647,-0.00037988682056478665,0.06154536663011239,0.13432261228871398,0.20505143047515928,0.31884257138494426,0.3285058556244997,0.15501325670817195,0.1286997320895626,-0.06900891646654359,0.18411971293327226,-0.26675550743347354,-0.16303252404947322,0.06425362188074052,0.3689612570968503,0.011711248999384593,0.24856258415580448,-0.1528977359485834,0.2150969150969151,0.20322417949536595,-0.10647704715501326,-0.12619507026286686,-0.054453374792357845,-0.05647265138790562,0.23585187652984263,0.14165475182424336,-0.27757048265522843,-0.14385124724107776,-0.19701920718869873,-0.2885159427532309,0.21041935618206806,0.248463563717801,0.29365667670752416,-0.10388493269849203,0.09555194639940402,0.0001494560816594715,0.1871356718814346,0.22859608452828792,0.15335258216614148,-0.21694915254237288,-0.08497711887542396,-0.2093162499942161,-0.09624601489008269,0.16114722131382891,-0.18211940754313635,-0.21450001619493145
#50,0.028477630172545426,0.24248254417745943,0.06811171726425963,0.27010091755854465,0.05671279908568044,0.056473576812559864,0.12363303210760838,0.20407186847864814,1.0,0.13437582420633268,0.21902673089113767,0.13679904866345544,0.34593622898707643,0.20618646381358247,-0.1415784042902687,-0.11822255054236332,-0.01886154259035615,-0.22293757547994836,-0.20696891035874088,-0.03141955514836871,0.024537171994799115,-0.02101037863749728,0.027681302257573443,0.0672316384180791,-0.042901761545829344,-0.06817279529143935,0.014059514059514059,-0.006334069045933453,-0.1862107099395235,-0.16230699112055044,-0.06849623120809561,-0.20178977128129671,0.051220866475103766,-0.2820453735707973,-0.2519167858150909,-0.11408403781285137,-0.036275721021483735,-0.12589893437351066,-0.06046447063396216,-0.20716001054984107,-0.14038553191095565,-0.12608031760574134,0.16428369818200328,0.1658490539846472,0.13094111060212754,0.12068694272084103,0.014335753318804167,0.033352767251072335,-0.15949138661003068,-0.010577141085615662,-0.016432765585307957,-0.05136384458418357,0.020582369734912107,-0.14315532790109062,-0.032357935747766256,-0.19379872939194973,-0.002731390866984087,0.01032450015500863,-0.17867220070609902,-0.14338066880439762,-0.0699875530384005,-0.05244566600498804,0.07786939481854736,-0.11965555694369254,-0.04187268933031645,0.01093019059120754,0.05550141821328262,-0.0791224198003859,0.04120499544228358,-0.09339663237968322,0.15135782932393102,0.10227561922477177,0.10731131748080901,0.28729715848359916,-0.006499720059042093,0.08109403702624042,-0.0725084097965454,-0.13744777134607644,-0.23089067495847157,-0.07003521240809377,-0.2975665958716806,0.2164966198864504,-0.014600887482243415,0.15103115442098494,0.194219334897301,0.0694938389853644,-0.051377263241670024,-0.20998348116992185,-0.17231592146846383,0.21346354058218464,0.21161639297232518,0.09449326059495551,0.11449631449631449,-0.07119939662312544,-0.12715612376629326,-0.06168510575290236,-0.18408917391968238,0.05440941712128153,-0.12304353660285863,0.12126440770508568,0.08669146804740024,-0.17057427226918753,-0.33103226493057003,-0.10984189119782341,-0.1832340815391663,-0.001040640023690871,-0.04268012234113929,-0.0610442491798424,0.05000740918199541,-0.19267757742334013,-0.08064937047987895
#51,0.29895010572976677,0.5655538435199452,0.2636303483761111,0.2797290356612391,0.055541674185741984,-0.13096424621848352,0.5339010813587085,0.07677970728818187,0.13437582420633268,1.0,0.48414608753591803,-0.1879542099881083,0.003528181494283189,0.3015089048987354,-0.10766297884941953,-0.4450906736965046,0.3286617896787388,0.09826529148563047,-0.20029937487564606,-0.2283587131044758,-0.30436569080636877,-0.2606694521948759,-0.010773331112314164,0.008391288052305,0.049121077934637256,0.11341449307551002,0.10508196948874915,0.218491835440988,-0.30623967573120114,-0.10806553857401315,0.20885492580407836,0.20431895686132975,0.3530777310438327,0.3068708153453916,-0.12270945830267864,-0.11964121286155184,0.01496087767274208,-0.046330459889781926,0.4501214619858688,0.06605079655927114,-0.011272597713275679,-0.23602678178949366,0.07078711993966232,-0.08223693647422461,0.19496106275767291,0.14747659832405596,0.30126551821467074,0.272755498179227,0.34312432617517363,0.2780072830920289,0.275179648061004,0.22459593646034323,0.4091903922412397,0.13738993230518654,0.08272232170537255,-0.06889925364501635,-0.06426657782589985,-0.07724149419064673,0.25439322218983235,0.25823188365561245,-0.06569820976600638,0.08318457132016455,0.3558766779105762,-0.08557401777740761,-0.08308277460819834,-0.0974597093241161,0.39460153527950137,0.40106099936608414,-0.1277136921204718,-0.22024597787309652,-0.1798831188661697,0.020916448035092104,-0.2760296506059218,-0.020010457298592892,-0.17477431206244765,-0.0013816590087776528,-0.13014848438577253,-0.090618044855333,0.27669688178162755,-0.1384763808492622,0.168820129837079,-0.0540720998348117,-0.12445712276220751,0.061918775478097515,-0.005171735680210256,-0.15422618303974236,-0.1381640500284568,0.14607596810986642,-0.14811791760944304,-0.18190609716033446,0.1322695576932865,-0.00016796457474423576,-0.030417320247828724,-0.20631972496379275,-0.13255320034981052,0.021838170990713363,-0.17286053387748304,0.18651748821240346,0.1999953728767288,0.28621487435046755,0.19928279589296538,0.35961030367810026,0.321553140197208,0.48216336521421266,0.3946168047862963,0.35087013053114746,0.35410032528676594,-0.009709092759940217,0.14388920629672985,-0.08640597454156776,-0.014495389071660258
#52,0.19621362502718434,0.45161463466548213,0.20364571042537144,-0.004285641573777167,0.2175816802935447,-0.019868867326494444,0.38596500969382325,0.2328798752527566,0.21902673089113767,0.48414608753591803,1.0,0.09157354581083395,-0.005834339732644817,0.3385980741912945,-0.04284160894330386,-0.044307024008641914,0.38883058713567187,0.2372562084426491,-0.20052008865568188,-0.22506142506142507,-0.20152648796716593,-0.09298157942225739,0.2405488693624287,0.1598819158141192,0.0689802283022622,0.0696752222175951,0.05533021465224855,0.10858100010642384,-0.21137531984989613,-0.18049204828865845,0.09490831355238134,0.005637224281292078,0.18762660966050795,0.10227469380011753,-0.23099478523207337,-0.1325388562676698,-0.18755812823609433,-0.16557466557466557,0.17221134848253492,-0.09422720100686202,-0.06411850988122175,-0.26468949689288673,-0.04788008347330381,-0.05220227932092339,-0.009502723062045096,0.08501089687530365,0.2779915508729068,0.1254593576627475,0.08211339228288381,0.020884983596848004,0.06494861579607342,0.07864952780207017,0.1117019947528422,-0.053738021534631704,0.01911001911001911,-0.21292540614574512,-0.24358426222833002,-0.16984133594303086,0.05610757136180865,0.00029659860168334743,0.05526312136481628,0.08589976725569946,0.03777074455040557,0.22597898360610225,0.0005658971760666676,-0.11694776440539152,0.21658499794093014,0.28775616911210133,-0.0006829633948278016,-0.03872855906754212,-0.021092278719397364,0.14449534280042756,-0.1518492298153315,0.11262464313311771,-0.29845639167673066,-0.04239786782159664,-0.239563292105665,-0.09591471286386541,0.23791325994715826,0.1250406030067047,0.25043564365598264,0.09910002452375334,-0.011404470726504625,0.2797642017981001,0.05951498493871375,0.09500131873013229,-0.044145069568798385,0.17749598597056224,-0.13729600170278136,-0.048770341990680977,-0.058809348639857116,-0.067091436582962,-0.06663566494074968,-0.1381927381927382,-0.11639297232517572,0.26522300420605505,0.08974907110500331,0.20090784158580768,0.04961710554930894,0.0954834649749904,0.021588769046396165,0.27864582610345323,0.23629978206249394,0.48747345188023156,0.2870223073612904,0.23589074436532065,0.24156961275605343,-0.008393601613940597,0.11816725641287627,0.0012905046803351888,-0.032679983527441156
#53,-0.13170643679118255,-0.1548911006538125,0.06184427879343134,0.10660151677100829,0.5548198429554362,0.49899545153782443,0.11286432811856541,0.13266286317133774,0.13679904866345544,-0.1879542099881083,0.09157354581083395,1.0,0.4360957259262344,-0.07469703910381877,-0.21961715182054165,0.07554519953835236,0.16293905615939513,-0.08377961937283972,-0.0691111758908369,-0.13057279158974075,-0.2583517261483363,-0.013622250910386503,0.2335336877709759,0.13703225567632346,0.015496698547546005,0.13254348339094102,-0.14595242391852561,-0.1304460084121101,0.3131933165831471,0.3282004654886011,0.20502922028345757,0.052229579348223414,-0.15895093861195556,0.014425982222592393,0.10328664565952701,0.30454198420300116,-0.16542613491766034,-0.08567488906471957,-0.32928506318336825,-0.15579524054100324,0.26590966929949983,0.17335933776611742,-0.015330122109783127,0.07172364968975138,-0.03788595991985823,-0.03714608290879477,0.12309952479444004,-0.022655783672732827,-0.13866933188967087,-0.21042814771628332,-0.06600036091561515,-0.10953418750028919,-0.1405683032801677,-0.21239791409282935,-0.33412549683736126,-0.33137420934031103,-0.2812809728063965,-0.20403346335549724,-0.0014320946524336354,-0.12196587959299823,-0.07003567512042089,-0.034119481577108694,-0.2493834358241138,0.06373445864971289,-0.13028498452227266,-0.07066635202228423,-0.1269317082876405,-0.16471679692018676,0.12116770082871778,0.12912450200585793,-0.003358366070230477,0.01702179837773058,-0.15276123581208326,0.042086925137772596,-0.2933573018318781,-0.3364372076236483,-0.34976933790493114,-0.37448048973472703,-0.09005261039159344,0.31827112166095217,-0.11486185723473859,0.49465104549850314,0.006353040251345336,0.44417144417144416,0.4176904176904177,0.16862717879667033,0.06222277747701477,0.1749880851575767,0.17162324111476654,0.4217331352924573,0.06218344692920964,0.29578237713830935,0.32703998297218634,0.14804989889735654,0.026830837000328525,-0.005126389872152584,0.19615162157535038,-0.13630579732274647,-0.19608452828791811,-0.12949143288126339,-0.22185945575776084,-0.03737651364770009,-0.17288690848012883,-0.15211390126644364,-0.15997723455350574,-0.2255199729776001,-0.1775316148197504,-0.06996673098368014,-0.037567386828360215,-0.06141210547990209,0.0797350509214916
#54,0.14018378933633172,0.07970913903117292,0.21139706732927072,0.2940666398293517,0.21784496360767547,0.38351864962034454,0.15013488064335523,0.10138212172110478,0.34593622898707643,0.003528181494283189,-0.005834339732644817,0.4360957259262344,1.0,0.021163999130100825,-0.3153273458358204,-0.08579265927630221,0.24343897055761463,-0.17758066232642503,-0.23354988270242508,-0.11207771716246293,-0.16881966712475188,-0.07007639380520736,0.0755840586349061,0.18561196018823137,-0.0071752800566359885,0.0989658379488888,-0.00704016805711721,0.06601285414844738,0.15176501617179583,0.1154143357533188,-0.000593659915693814,-0.11081682607106336,-0.04059652873212195,-0.29094842145689603,-0.23272718018480731,-0.14681121799765867,-0.10297801653733857,-0.2722025569483197,-0.18223092121397205,-0.2826945589657454,0.054969299037095645,0.02440853796786,0.3984258526631408,0.3823762128846875,0.3467172873952535,0.30005182378063733,-0.003011331824891147,0.004814521763674306,-0.15145361077564468,-0.004139424478407529,0.007785597616106091,0.07176112938824804,-0.1512796309406479,0.06493565985091408,-0.2599189328002887,-0.12738840535450704,-0.33751162564721887,-0.08294072192377278,-0.24083390015593406,-0.12294312802787379,-0.23764627493441054,-0.1914560168797457,-0.19615532327396734,-0.16781141696395935,0.007531105836190582,-0.07078526909035383,-0.05230453874521671,0.02749529190207156,-0.13497596209460616,-0.11649384361248769,0.13565105937987293,0.03696701323819968,-0.18841090705497485,0.001811056048344184,-0.2989459413188227,-0.1794634387854727,-0.3775917674222759,-0.42991435194825023,0.040590513471869406,0.11695933221356951,-0.433025166923472,0.42069943595367326,0.20264069925086875,0.2860103555018809,0.09666708310776108,-0.005466020720258008,-0.13872208109496245,-0.028591920117343846,-0.02431599550243618,0.4650328294396091,0.4859224401597283,0.30696104424917986,0.1789160501024908,0.02195384907249314,-0.13907327975124587,0.14751592887186107,0.024033278270566408,0.18341639019605122,0.0630056867345003,0.13448085990458872,0.1705807502417672,0.07832470374843256,-0.4518992027466604,-0.17103050662372696,-0.203927502232587,-0.19522712234576642,-0.16178273805392449,-0.3295932295932296,-0.23092980086363107,-0.26580417088891667,-0.07109204736323381
#58,-0.18436680131595387,0.2275906106414581,-0.033363409634596074,-0.07485436129503927,-0.16316763604899198,-0.19916619238653138,0.22224073071530698,-0.2036545019595867,0.20618646381358247,0.3015089048987354,0.3385980741912945,-0.07469703910381877,0.021163999130100825,1.0,0.020791978419097062,-0.35746220304999415,0.01539073742463573,0.2082964320252456,0.0393916258323038,-0.015000670932874322,-0.08856406483525128,-0.23487000097169589,-0.13250091385684606,0.03312881448474669,0.11807539434658079,0.03997649421378235,0.03780359712563102,0.11116200946709422,-0.12574947829185118,-0.014797077508941915,-0.21220450034009355,0.02861181674740997,0.6718985549494024,-0.012589014283929539,-0.17352730234086167,-0.02141016208812819,-0.19003872902177987,-0.18567211279075685,0.25642314116890386,-0.006337770744550405,0.006987418851825631,-0.16913708778115558,-0.12867382019924392,-0.13495930445082988,-0.07502093773280213,0.008773951146832503,0.02699417445180157,0.07798322205101867,0.057588713520916913,-0.028784871157752513,-0.0674569793213861,-0.04794301234979201,-0.024234558132863217,-0.07629432205703392,0.10119611136560289,-0.023291550410194477,0.06374602645789086,-0.05125649532429193,0.17538139063562794,0.12674199623352167,0.080754406178135,-0.11666550988584887,0.02414571736605635,-0.12958166178505162,-0.0010693281879722558,0.06456919168783576,0.46645289357153763,0.21510940832974731,-0.06728161134940797,-0.08677753254024441,-0.07159038853954108,0.010089905005159243,-0.23241114766538495,0.2126389872152584,-0.08610336067963187,-0.005664061596264986,0.25549031311743176,0.14251030691708658,0.018145263907975773,-0.28802639311113887,0.20609160778652305,0.05330631093342958,0.28987585428263396,-0.14252835269784422,0.09224401597282954,0.003987654835112462,-0.15523165692657218,0.1840748298375417,-0.038201992439280574,0.07320479184885964,-0.0775774233401352,0.19308152528491512,0.030084167372302965,-0.1261719346465109,0.03069818663039002,0.22702008634212023,-0.1296950263051958,0.1610243525497763,0.21553973079396807,0.08853583938329701,0.18110282856045568,0.04729058796855407,-0.10291878935946733,0.42540475760814744,0.4577316916299967,0.4325064664047715,0.524621848350662,0.12806118907813824,-0.040844315908086626,-0.09045239384222435,-0.018885140919039225
#101,-0.2999393846851474,-0.30887759870810716,-0.43061258484987297,-0.350277858752435,-0.32681973190447766,-0.4162763688187417,-0.234722858451672,-0.194976794976795,-0.1415784042902687,-0.10766297884941953,-0.04284160894330386,-0.21961715182054165,-0.3153273458358204,0.020791978419097062,1.0,0.1861936111219411,-0.18962367606435404,-0.17856577687086161,0.32809265351638234,-0.04733038122868631,0.46999680728494286,-0.010862171879121032,-0.08191673954385818,-0.3472961405164795,0.22659115201488084,-0.30475436916114884,-0.2311220311220311,-0.5516572041995771,-0.05354877219283999,-0.261322339288441,-0.21090381598856175,0.01908364450737332,-0.11865609831711527,0.1900998070489596,-0.02860071165155911,0.05514050259812971,0.18939972329802837,0.3004997293132886,0.06110671534400348,0.3526501848535747,-0.3209113581994938,-0.06068888611261493,-0.16907415890466737,-0.11386471216979692,-0.2308064613149359,-0.24880504541521492,-0.3656602673551826,-0.44574697964528476,-0.2698714122442936,-0.45763822373991864,-0.38660910525317305,-0.33944946487319366,-0.25866822138008577,-0.20933660933660933,0.1856198262977924,0.15729442848086916,0.35782886121869173,-0.06430544566137786,0.0868210274989936,0.13546643716135243,0.12258637682366495,-0.056548536209553156,0.15229435907402009,0.23482789414992805,-0.3296135889356228,-0.21247333620214975,-0.03515179277891142,-0.06983624610743255,0.40092126024329416,0.1853047192030243,0.04009032144625365,0.007351573453268368,0.22793394318818047,-0.3988237852644632,0.22764983781932935,-0.239955672159062,0.13177399279094196,0.2554694910627114,0.16235279964093524,-0.19797840984281662,0.03382242026309823,-0.3856096466265958,-0.11452083824965181,-0.08703711415575822,-0.36490558354965136,-0.018266957250008098,-0.00872397821550364,-0.18220917373459747,-0.16353688048603301,-0.4132058098159793,-0.31942882790340416,-0.36213069772391804,-0.20298264366060975,0.055399621501316415,0.1835491886339344,-0.11171032357473036,-0.1330149872522754,-0.29813665745869133,-0.21508118287779304,-0.25689695859187384,-0.2877066588930996,-0.2960067926169621,0.03436888352142589,-0.1464410481359634,-0.10837601854551007,-0.17110222703443043,-0.01355654575993559,0.04152380423566864,-0.18874847753167132,0.20529527987155105,0.1893492876543724
#102,-0.07864120807724666,-0.13722915564591906,0.07144626191441049,-0.16643139670079243,0.09495644661878197,0.2719841881925304,-0.24599802953932867,0.18620008909527014,-0.11822255054236332,-0.4450906736965046,-0.044307024008641914,0.07554519953835236,-0.08579265927630221,-0.35746220304999415,0.1861936111219411,1.0,-0.04592952497137287,0.24059771334482333,0.11302374558962879,0.35171323307667296,0.16770131082947207,0.49491230385767115,0.07182452928558761,0.11268504012699679,-0.31448848476618024,-0.01998755535052269,-0.2576609264496709,-0.2305126656524798,0.18513747011311937,0.030661867259617365,-0.19540366970248535,-0.33394669715324526,-0.5412080656783244,-0.18239775010732157,-0.02357195680718756,-0.03205440016916786,-0.20671259164163433,0.08532809604613485,-0.5142809813990814,-0.08167636993808616,-0.17401293905765733,0.1493020157255126,-0.31396145536462583,-0.07846075024879519,-0.41787531960411994,-0.2717648625241048,-0.087298788075301,-0.33504216871442183,-0.26458703671935246,-0.19093895794164376,-0.12169613238386376,-0.04101158643368971,-0.22579415615085455,-0.042051763865379205,-0.11435959623255029,0.07980654920790056,-0.11444195903630507,0.14888673136388392,-0.4520711526709119,-0.4378943393965265,-0.0017772782540566403,-0.08198916350740204,-0.42891054717011756,0.34761383274035046,0.05517151070618159,0.12739883111912048,-0.36275378183504803,-0.1424279605986536,0.40594775121204885,0.5565057996948217,0.434414973650268,0.2659499560365417,0.4203735037472212,0.027703515653964894,0.07204709394067775,0.003578848908097132,-0.18238757043494738,0.033609576480515,-0.16425202138795547,0.5000382316104541,0.059886318508761686,0.08850276568973875,0.03238593358989985,0.1216003509210703,-0.009598042911714889,-0.12877239282106454,-0.05112994941743967,-0.15501234921504997,-0.07495686074636251,-0.10501026122543197,-0.3635089284402603,-0.3978896151031198,-0.3360992351480048,-0.04958055701085059,-0.1373813880191512,-0.029906257942024422,0.41481632805567725,-0.11201295039411023,-0.06895710066273184,-0.1792131321475338,-0.1459785840515314,-0.13911447724085627,-0.1015725395934315,-0.21783087607995769,-0.28689995313880556,-0.2033558446762467,-0.34085545570865267,-0.15505561282264024,-0.09852466453926913,-0.06011767469908408,-0.15483258545516948
#201,0.46367800774580437,0.2959086976036129,0.6164956944617962,0.3413771244279719,0.32777569557230574,0.3307046646029697,0.290548175293938,0.4685846092625754,-0.01886154259035615,0.3286617896787388,0.38883058713567187,0.16293905615939513,0.24343897055761463,0.01539073742463573,-0.18962367606435404,-0.04592952497137287,1.0,0.42511695054067933,-0.21057945464725125,-0.2763327271801848,-0.19229352619183127,-0.34381561839188957,0.1463804328211108,0.01067708694827339,0.07334499368397673,-0.09856559178593077,0.13280861755438025,0.09023769532244108,0.18718518210043633,0.11528616443870682,0.27759824539485556,0.220434301790234,0.010328201853625582,0.04622634961618013,0.001972542650508752,-0.15612006459464087,-0.029678831373746627,-0.2481558600202668,-0.08661697136273408,-0.14596954427462902,0.10432173313529246,0.14467718874498536,0.08065908743874846,-0.040046826487504454,0.006895801811056049,-0.014836870769074159,0.24635313279381077,0.2898480915430068,0.2897291744749372,0.27845472591235304,0.34197957587788097,0.28011401231740213,0.24423622389724084,0.22506466404771489,-0.08044438891896519,-0.10921769226853972,-0.3605283249351046,-0.3976975434602553,-0.06226673514809108,-0.16485005807039704,-0.07322653932823424,0.007984101204440187,-0.1593729322542882,0.10709245455008166,0.172137777222523,-0.0024269261557397152,-0.11214018332662401,0.1496666157683107,-0.08528065816201409,0.06545204680797902,0.233056168649389,0.3590906777347455,-0.18233040436430267,0.035699644174220446,-0.41956810431386704,-0.05314528704359213,-0.40040070887528517,-0.16921204717814886,0.22470791284350605,0.17653261890550026,0.08215966351559571,0.12027559146203214,-0.07345141751921413,0.2920519903570751,-0.11168626253372016,-0.05877603335230454,-0.10346941702873906,0.09416704840433654,-0.05477033273643443,0.13112712095762943,0.08197828028336503,-0.11114766538495352,-0.11789216026504162,-0.023235562218613066,-0.07597042342805055,0.5166132233928844,0.09789419619928094,0.5630579732274648,0.1888597380122804,0.19750042800890258,0.24340287899609933,0.5843880860830013,0.2896611557628507,0.49445809445809447,0.09854199345724769,0.11728091728091729,0.04144329229074992,-0.20916077865230406,-0.06965070652131837,-0.07717393819088735,-0.038995081367962724
