,#10,#11,#12,#13,#17,#18,#26,#49,#50,#51,#52,#53,#54,#58,#101,#102,#201,#202,#301,#302,#401,#402,#501,#502,#601,#602,#701,#702,#801,#802,#901,#902,#1001,#1002,#1101,#1102,#1201,#1202,#1301,#1302,#1401,#1402,#1501,#1502,#1601,#1602,#1701,#1702,#1801,#1802,#1901,#1902,#2001,#2002,#2101,#2102,#2201,#2202,#2301,#2302,#2401,#2402,#2501,#2502,#2601,#2602,#2701,#2702,#2801,#2802,#2901,#2902,#3001,#3002,#3101,#3102,#3201,#3202,#3301,#3302,#3401,#3402,#3455,#3501,#3502,#3601,#3602,#3701,#3702,#3801,#3802,#3901,#3902,#4001,#4002,#4101,#4102,#4201,#4202,#4301,#4302,#4401,#4402,#4501,#4502,#4601,#4602,#4701,#4702,#4801,#4802
#10,1.0,0.170704294433108,0.45698626207100784,0.4631680987613191,0.40545722918604277,0.13421341217951388,-0.054606532572634266,0.24256536968401377,-0.0031783709749811447,0.14065575590999319,0.055357977391875694,-0.08156461546292054,-0.09684106294275786,0.07817941207771716,0.1760736082769981,0.13757131553741722,0.18142811532642042,0.18503033079304265,0.1121522138471291,0.08125922532702194,-0.09255542136898069,0.03500326212190619,-0.0069675222217595095,0.31292124173480107,0.09628580815021492,0.29449603686891823,0.05555879454184539,0.17833395799497495,-0.22440437355691592,-0.12450617026888214,-0.017288320678151187,0.21204023746396627,0.1171869866785121,0.18470458131475082,-0.23723677452491013,0.12738516636821723,0.17752837583346057,0.08375879731811935,-0.07740853334073673,0.1332208942378434,-0.3068560085509238,-0.20090413988719075,-0.2590467200636692,-0.016786277803226956,-0.36135056474039523,-0.39661803560108644,0.062240360545445295,0.04765566799465105,0.07920755886857582,0.11940337872541262,0.1698010799705715,0.047946251336081845,0.31645914018795374,-0.015822448025837856,0.2650753989737041,0.10208914615694277,0.12643012812504337,0.26472188675578506,-0.2669993568298653,-0.0647033782627003,0.15340903307005002,0.08903047886098733,0.04054285410217614,-0.09686003414816974,0.13314084500525178,-0.06006468718333125,-0.06593558118981847,-0.18701166497776667,0.36513555157622957,0.17886145004789072,0.4187319831387628,0.38901104494324834,0.3020225155818376,0.47746961136791644,0.3024172091968702,0.21876159672769843,0.02058005617327651,0.04365413178972501,-0.09260585701263667,0.03871282684842007,-0.12551395771734755,-0.24685471295640787,-0.13007815211205043,-0.376780170000509,0.18781123187902848,-0.2804957499872754,-0.12897273236256288,-0.2894200826404216,-0.2625984998866355,-0.3078027179722095,-0.054280783094342415,-0.32597944631842934,-0.0738090941480772,-0.23875076925924382,-0.2750121461985869,-0.08824155434324926,0.11053040714057663,0.05395086920510649,0.05818237343661072,0.03716088970326258,0.05175391107594497,0.29251331454721285,0.2943377892530435,0.29168691033097816,0.06432580500377111,-0.01367638825265944,0.06665880055710564,0.18571607046183317,0.13243104429545108,-0.05859696368170945,-0.09520815114035452
#11,0.170704294433108,1.0,0.312140183326624,0.3567377855513449,-0.08506272065594099,0.18380738211246686,0.10739229213805485,0.1449256652646483,0.5779327864073627,0.2820865549679109,0.2706293350361147,0.0250308860478352,0.15428864920390345,0.221603575840864,0.223103226493057,0.0268012234113929,-0.10522957472110014,0.06443500511297122,0.13368268114030826,0.04877728267558776,0.06135889356228339,0.15614690190961378,0.1760712947153625,-0.19450436569080637,0.31911279538398185,0.060556087674731744,0.25833506850456,-0.08313644923814416,-0.34313311770938887,-0.24547814378322852,-0.119393199054216,-0.12609975152348032,0.1756474502237214,-0.012657495708343167,-0.27477384935012056,-0.15591924744467117,0.20315477264629808,0.06749908614315393,0.31606444657292115,-0.14790692078827672,-0.49799460477426577,-0.43413799007019344,-0.46096790164586776,-0.2150751676175405,-0.42329571482113854,-0.04364210126921991,0.1871675990320058,-0.15705520620774857,-0.1675583133210252,-0.13196509298204215,0.17015505490081761,-0.2838189499206448,0.17389515864092137,-0.11358199493792714,0.3558683490886881,-0.02810746031085014,0.3707191012275758,0.2407913306218391,0.06572273351934368,-0.07701661599966685,0.19652317957402704,0.1640449386212098,0.2477662562408325,0.11080387012590402,0.4325110935280427,0.004781669188448849,0.12510029289690305,0.26376083325235866,0.19862990879940032,0.1206716732140461,0.25048237760102166,0.24561371849507443,0.317334129198536,0.10916448035092102,0.3218830540864439,0.048843913250692914,0.2758459538120555,0.0875766367291791,0.07955320497693379,-0.1541132812319253,-0.20956009939060788,-0.2664371613524156,0.14457585474534626,0.05037271477949444,0.06980524438151557,0.054764317476181885,0.1582328090802667,-0.4629182341046748,-0.44806054128088024,-0.5255676323472933,-0.2640019063747877,-0.14485810926488893,-0.004766862393981038,0.1503139503139503,-0.060241906004617866,0.284041051837662,0.09619048941082839,0.116242590818862,0.14273934951901054,0.24255472730049002,-0.05334055164563639,0.07158344785463429,-0.16643114609216303,0.05178028567859076,0.31511819986396256,0.10483303025675907,0.060182678826746626,0.1684064650166345,0.16737878093810296,0.2676193913482049,0.23371784727716932
#12,0.45698626207100784,0.312140183326624,1.0,0.6342814308916004,0.20065797692916337,0.29513781886663243,0.17600744041422006,-0.012212829161981704,0.0018170713085967323,0.27090002174747935,-0.007766626410694207,-0.11613986868224156,0.01998685896990982,0.09183081386471217,-0.04114854453837505,-0.07667929871319702,0.30622301808742486,0.43861797082136067,-0.03008092838601313,-0.0054840665010156536,-0.17955736938787786,-0.1528445240309647,0.2379141853718125,0.08608809117283693,0.049928973657787215,-0.007796702711956949,0.061038696631916974,0.1557188930070286,-0.30943053993901454,-0.10213773095129028,-0.08173119190068343,0.07159455295048515,-0.04892581333259299,0.1302419522758506,-0.3104221324560308,-0.12095948028151418,-0.1313399686281042,-0.09233054317800081,-0.18821517974060348,-0.23820893312418737,-0.33538962691505064,-0.2821865008305686,-0.23205208289954052,-0.04187222661798933,-0.24157562801630597,-0.25819255310780737,0.1315505027369434,0.16419161842890656,0.012897180693790863,0.1443801274309749,0.2130119333509164,0.11300499266600962,0.3242081835302174,0.26213023501159094,0.30549193261057667,0.28945663691426404,0.09818524225303886,0.17401222485968248,-0.2498558651101024,-0.10570848197966842,0.19918516359194324,0.16385198758080113,0.03365491840068111,-0.028912117047710267,0.21461199257809427,0.15770300346571534,-0.11357274069138476,0.01794999930593151,0.0948347422923694,0.06991028007977161,0.491775751097785,0.3609549457007084,0.12862338455558794,0.2997857641925439,0.08152297135347983,0.19542377508479203,-0.09167626794745438,-0.007830017999509525,0.021978372825830452,0.003137189577867544,-0.07755151144981653,-0.10047381742296997,-0.14167094675569253,-0.0798225035513171,0.25381159279464366,0.024565860159080497,0.13192113531096583,-0.271232711910678,-0.3197518011077333,-0.42004377258614545,-0.15269923236024932,-0.2560946154166493,-0.08228922296718907,-0.018101306236899456,-0.1427842326147411,0.07837051226881735,-0.04777967489831897,0.4173475478560224,0.2513976225840633,0.0594386374047391,0.27807668994109674,0.2284429267480115,0.21412984633323617,0.26533359245223653,0.3690163198637775,-0.013110953788919891,0.27239041815313003,0.20839452703859485,0.04978830911034301,0.07840475298102417,0.04826135843084996
#13,0.4631680987613191,0.3567377855513449,0.6342814308916004,1.0,0.36335827352776506,0.22456030761115506,0.07292670174026106,0.12154064696437578,0.1908873434297163,0.3198235215184368,0.21341356765085578,-0.23720623551132025,-0.13353461319563015,0.1639722927858521,-0.010434625688862977,-0.10745013117894474,0.2091589278029956,0.13771660720813264,0.10518561705002383,0.07576220288084695,-0.17726416709467557,-0.05298796485237163,0.05863583151718745,-0.060706469181045455,0.052152769101921646,0.09050236677355321,0.23713775408690663,0.20424446017666356,-0.5688358620562011,-0.2771956856702619,-0.17068763678933171,0.03205115747488629,-0.007550077041602465,0.03896361692971863,-0.4296038719767533,-0.08212866178967874,0.183256291730868,-0.11579884969715479,-0.24893229130517266,-0.2072752259192937,-0.5744994609401389,-0.47355275151885323,-0.43015311150904373,-0.10298865892086231,-0.6013386267623556,-0.4962460148900827,0.272903103411578,0.1054151223642749,0.05776223064358658,0.08743412133242642,0.2189957291652207,-4.673394503902979e-05,0.3945071419647691,0.022025106770869482,0.2612265578367273,0.17775556758607605,0.38943812842117925,0.2906120295950804,-0.05292781224984615,-0.1925096128485959,0.39013960030909184,0.25484020229782944,0.14863199100487237,-0.06032473151117219,0.35001781442459406,-0.005527098747437731,-0.047123086106136955,-0.01844325064664048,0.09475978289537612,-0.03702947940236076,0.3877793047284573,0.28158867650393077,0.3158770480804379,0.34403263047330845,0.3667860464470634,0.33301128555365844,0.06570700130022164,0.22298893654825858,-0.1593706186926526,-0.24301096165502944,-0.05635512245681737,-0.3904153768560548,-0.17043360772174332,-0.04621940893127334,0.3829633948278016,0.16332912265115654,0.2308138647121698,-0.5252779744305168,-0.557795083218812,-0.47656454605607146,-0.14706247079128434,-0.2187629848646798,-0.06653756992740044,0.14555078961858622,-0.02955436175775159,0.044832660086897375,-0.013899415594330848,0.2613986868224156,0.1355631440377203,0.14278006820379702,0.16570561316324028,0.16600082362794227,0.09470657097775742,0.17790826265402537,0.11109167719337211,0.0369989403887709,0.1452764012086046,0.25665542275711767,0.028581740446147225,0.19396067870644143,0.23205994900910154
#17,0.40545722918604277,-0.08506272065594099,0.20065797692916337,0.36335827352776506,1.0,0.22440576169389728,0.027423571491368103,-0.09461726749862343,-0.19608961812351644,0.07688057857549382,0.18520986317596488,-0.006013872115567031,-0.13847082830133678,0.09417445180157044,-0.18611677933711832,-0.07296464415108483,0.08048048048048048,0.11563504953335461,-0.04285641573777167,0.1688835214258943,-0.2661155762850678,0.017957865415492533,-0.2748275239800664,0.209510126459279,-0.20964431303414355,0.019018864781576647,-0.1503213537111842,0.05624083251201895,-0.14157423987932463,0.08477537630080002,0.22589939708583776,0.39038900225340906,0.19016690033639186,0.2428425343679581,0.01757659045794639,0.21072567174262088,0.09440488254047576,0.15102097474978832,-0.2641337793880167,0.2972329802838277,-0.018750954344174682,0.06374972815650781,0.15525062813198406,0.2269155133561913,-0.1596445443903071,-0.28290324222527613,-0.11175890836907786,0.058580768750260276,-0.03995011961113656,0.2056983023084718,0.005470647843529199,0.12526686933466594,0.057678479712378015,0.016575280982060642,-0.018703294974481414,0.20047844454624117,-0.01850941850941851,0.27314093754771723,0.01836921667430142,0.19531550040024617,0.12116862625337202,0.07081673352859794,0.007668994109672075,0.053847684356158936,-0.0281912112420587,-0.05732404206980478,-0.018805091686447617,-0.16445443903071022,-0.06165549216396674,-0.029473387100505746,-0.004398543381594229,0.02917540036184104,0.1029326707292809,0.25194917567798925,0.17748811986100121,0.33888680668341686,-0.04582332717925938,0.2586760874896468,-0.2022325869783497,0.1639843233063572,0.07617910668758127,0.04016111643230287,-0.2930991083533456,-0.16577964713557933,0.483963316166706,-0.2120962256555477,-0.0488823183738438,0.023620076162449044,0.06683046683046683,0.14224378461666598,0.4954209988108293,-0.008053508053508053,0.23640342962376862,-0.27823169857068164,-0.06471355793389692,-0.28851455461624953,-0.17743120624476558,-0.04818778717083802,-0.12403374098289352,-0.08738183483946196,0.09281268942285892,0.22861598115835405,0.4223693647422461,0.30830753712109643,-0.08701582938871075,0.12155637918349783,-0.047141594599221716,0.06196828569709926,0.22548434412841192,-0.16051027915434696,-0.10887435972181735
#18,0.13421341217951388,0.18380738211246686,0.29513781886663243,0.22456030761115506,0.22440576169389728,1.0,0.33062183909641535,0.0020988631158122685,-0.13438461574054794,0.2634808922944516,0.22584849872985466,0.2835491886339344,0.31571833775223607,0.46651952414664277,-0.1402490317744555,-0.0041403499030617675,0.2530962395369175,0.1472457048728235,-0.13977613977613979,0.10357028831605103,0.02579251053827325,-0.04392620663807104,-0.01893927826131216,0.04221926086332866,-0.10237972949837357,-0.08789220653627433,-0.14657338386151947,-0.06471540878320539,-0.00607633827972811,0.17980723404452217,0.17586585044212164,0.18476103221865933,0.32201446438734577,0.38094273009527246,-0.00754776347996687,0.057600281329094886,0.1966721729433594,0.3342402494944868,0.2738164975453111,0.16275212037923903,-0.14779910881605796,-0.06870769074158904,-0.12241147156401394,0.08756044179772993,0.0137383917044934,0.2822244432413924,-0.06380340278645363,0.06942026772535247,-0.15479578191442597,0.006452060689348825,0.03340690459334527,0.052451681265240586,-0.17423432677669967,0.1890318669979687,-0.15060823535399806,0.03394642716676615,-0.11704632213106789,0.02984448238685527,0.12501237755475045,0.07348797179305654,0.21517048635692704,0.1982680677595932,0.17552899586797893,0.22587533604482757,-0.14200409963121827,0.13220061355654575,0.23831304339778916,0.3863527626239491,-0.0019776324861070626,0.16085407441339644,0.1148017046322131,0.04485764655256181,-0.17618419652317957,-0.1830846254575068,-0.08809117283693554,-0.030390945645182934,0.043096100723219365,0.14692273166849437,0.29924022635887043,0.3371335896759626,0.0328724718555227,0.09862065455285794,-0.04035591832202002,0.07763017254542678,0.057045951961206195,0.053439109371312764,0.2595210001989663,-0.18499285109454602,-0.12470745013117894,-0.12699463716412868,0.07497327836310887,0.1344998311100006,0.027065894862505033,-0.06587265231333028,-0.006810662742866133,0.11694267456979321,0.013350638774367587,0.039549410735851415,0.06257999139355072,-0.13580884428342055,0.12879088641800507,0.2735282277655159,0.3193746905611312,0.31875928316606283,0.10463591480540634,0.020615685022464685,0.11481049616642837,0.040268465692194506,0.026589301165572354,0.07783284054470495,0.0795194269770541
#26,-0.054606532572634266,0.10739229213805485,0.17600744041422006,0.07292670174026106,0.027423571491368103,0.33062183909641535,1.0,-0.025100292896903065,0.11268479573564319,0.418025884127579,0.43486398571144336,0.059766237732339425,0.2735819023954617,0.6523512726902557,-0.3404072793903302,-0.14709902506512676,0.17057057057057057,-0.16942720841025927,-0.20346201363150515,0.035800052749205294,-0.2952201816608596,-0.16779290847087458,0.019251146369790438,-0.12620524993406348,-0.33996400098095014,0.0765941596450071,-0.3682435902774886,0.07646413748108663,-0.04855749432020619,-0.03247130026791044,-0.1826413470481267,-0.015900183696793867,0.3924253992050602,0.06563574360184529,-0.18480776616369837,-0.16752360989649126,0.15915962187148627,0.27126417634892214,0.29837911871810174,-0.004112587163434621,-0.01956208905361448,-0.037609257948241,-0.08024681075528534,-0.24371844880319457,-0.012912450200585793,0.1698644715593868,-0.024267873420415795,0.18351448520940047,-0.3121457358745494,-0.20225017004678023,-0.07478356630899004,-0.009035383611654797,-0.11605796860034148,-0.12405086133899693,-0.22656847911085198,0.027861760065149895,-0.17814285780387476,-0.10572837860973454,0.026154814290407512,-0.061311234192590124,0.3025976670044467,0.42895838828042215,0.4446355446355446,0.12398793246250873,-0.17296418143875772,-0.1759620946061624,0.31973930787490107,0.5688404891794723,-0.18709587862130236,-0.03983073983073983,0.07712026356094152,-0.04097271385406979,-0.0941346585414382,-0.03260918854139193,0.01464438244099261,0.06824359027748858,0.338121943206689,0.36106645937154414,0.1987118088813004,0.08403873827602641,0.14524169778407067,0.09279464364210127,-0.02827311132395878,-0.029147174909886775,-0.01073353785218192,0.2102874831688391,0.3514318632962701,-0.05900368781724714,-0.034168529083783324,-0.15350712808339928,-0.09844343573157133,-0.015589241012969827,-0.03606703776195302,-0.040739044128874635,-0.09060092449922959,0.18306148984115087,-0.10524715778953067,0.05374542493186561,0.09729914814660577,0.02228515109871042,0.03999315185755864,-0.25002105341088393,-0.04453883775917674,0.08523901405257338,-0.111973144176534,0.15484529213342774,-0.06562463850599444,0.3313626415321331,0.2467469009841891,0.2944159876363266,0.24295312261413957
#49,0.24256536968401377,0.1449256652646483,-0.012212829161981704,0.12154064696437578,-0.09461726749862343,0.0020988631158122685,-0.025100292896903065,1.0,0.4990606939759482,0.3360790682824581,0.10858655265434926,-0.1954834649749904,-0.029043527348612094,0.1896907693517863,-0.03893909317638131,-0.09901581088021766,0.2871028193062091,-0.008283013367759131,0.17285822031584744,-0.21016023727888133,-0.2535038890971094,-0.2871005057445735,0.13042102194644567,-0.026891915027508248,0.13034976424806932,0.33153014339455017,0.26944479147868977,0.24179310281005195,-0.20530545954274768,-0.39272384865605203,-0.27613329816719645,-0.21347834737665247,-0.040567377855513446,-0.16192016361507888,-0.355681413308532,-0.24668721109399075,0.12359601512143885,-0.23339024694956897,0.11464114345470278,-0.12438401421452269,-0.39574628557679403,-0.20762503643859576,-0.5509020576817187,-0.292482775533623,-0.33518788434042673,-0.20547481225447328,0.468878431590296,0.03934304103795629,0.17247601993364706,-0.22429378531073446,0.024321085338034492,-0.04836731955376023,0.0466349246010263,-0.14749140511852377,0.0453032385235775,-0.08534960229875484,0.15468334281893603,-0.1704141738040043,-0.06518691264453977,-0.3457978780012678,0.20518607976235095,0.16912690810995895,0.19133524896236762,-0.0363863092676652,0.22164938436124876,-0.3603682264699214,0.29801820310294885,-0.02370428980598472,0.016313848517238348,-0.20504310165327114,-0.08586552654349265,-0.006261885922902872,0.2757714571273893,0.07100829643202525,0.2080086249577775,-0.014222851510987105,0.18433256060374703,-0.02238787323533086,0.011824613519528774,-0.1610923712618628,-0.24628418865707002,-0.2868182512250309,0.30872675448946635,0.04463970904648871,-0.10539846472049862,0.289149395929057,0.02420216826996488,-0.4428416089433039,-0.38968012696826254,-0.32676651998685896,-0.37258707089215565,-0.05237348288195746,-0.2230037433427264,0.34199391996002165,0.08880236168371762,0.23267304284253437,0.2832530527445782,0.20183511708935437,0.273443088697326,0.5066112337298778,-0.06972889684754091,0.004271760203963594,-0.22461398224110088,0.29068513814276525,0.0675805235127269,0.3024190600461787,0.09780119102153001,0.12798854324278053,0.06469643757779352,0.28207498715973295,0.1524202168269965
#50,-0.0031783709749811447,0.5779327864073627,0.0018170713085967323,0.1908873434297163,-0.19608961812351644,-0.13438461574054794,0.11268479573564319,0.4990606939759482,1.0,0.3461398224110088,0.21165248453384047,-0.12222083408524087,0.07422831151644711,0.2391033560525086,0.022432756331061416,0.03457016338372271,0.0033828898235677895,-0.14667749413512127,0.14683481632634174,-0.11291568918687563,-0.21245806669535483,-0.11920996497267684,0.16720480110310618,-0.1811958337382066,0.13508192321751644,0.19265629265629267,0.1597458783899462,0.09270441473831305,-0.3042514008615704,-0.4208706395147073,-0.43277391412984634,-0.3421095980418014,-0.04594918493223578,-0.1965634355464864,-0.3626766982699186,-0.33811870422039914,0.1699125936414072,-0.20283920283920284,0.20566267345928363,-0.2357130628317069,-0.41882822730280356,-0.35244103888171685,-0.5108246921806244,-0.2851834885733191,-0.4088604783520038,-0.09343133580421716,0.3570940740432266,-0.028581277733820108,-0.025851737716144498,-0.3487152792237538,0.048136888814854915,-0.15741103198730316,0.0553265129536316,-0.2782557596116918,0.08572532470837556,-0.11734292073275124,0.2628580815021493,0.020414405160167872,-0.0843459792612335,-0.275366121128833,0.18863809880759033,0.22635933313899415,0.3813258559021271,0.05706677401592656,0.273567558313321,-0.320018786120481,0.26299504435097654,0.19468806248467266,0.07593710814049798,-0.0014279302414895636,-0.015479578191442599,-0.011948157710869576,0.3814919696275628,0.04364395211852839,0.3313691195047127,0.05924105924105924,0.4349134959304451,0.09904033463355497,0.12168686405974541,-0.2066408473188134,-0.1540674727115405,-0.27643961372774933,0.2959434010281468,0.16969743240929683,-0.03526006746345729,0.23591434269400371,0.08393231444078901,-0.4356404169963492,-0.4341018985086782,-0.42590911404470727,-0.4092727550354669,-0.11752199040334634,-0.07896509760916541,0.2593447068023339,-0.024418717639056623,0.2865133238014594,0.12332949282101824,0.07509450899281407,0.21906282245265296,0.441987441987442,-0.018842108672617146,-0.37485436129503924,-0.45081599318887455,-0.07489276641819015,0.1616281921366667,0.19735883803680415,0.07469518825451028,0.19839808992351365,0.2023417870875498,0.3483057788142534,0.2678849882239713
#51,0.14065575590999319,0.2820865549679109,0.27090002174747935,0.3198235215184368,0.07688057857549382,0.2634808922944516,0.418025884127579,0.3360790682824581,0.3461398224110088,1.0,0.5457960271519594,-0.045570223536325234,0.16971732903936293,0.4235414150668388,-0.2463128768213514,-0.20736406668610058,0.6255065543201136,0.05600022210191702,-0.07086716917225391,-0.18605199961132166,-0.17806512213291875,-0.27027212111957877,0.12825090113225707,-0.2803860871657482,-0.07101616254158627,0.04529444698936225,0.2450802111819061,0.1831184034573865,-0.2932841932841933,-0.31674879810473033,-0.21333583197989978,-0.1771466381635873,0.30334541012507116,-0.0028415164008384346,-0.3583767126140007,-0.3836768972362193,0.02757996825793436,-0.13352211996279792,0.08439086235696405,-0.2074931634253668,-0.34737156262579993,-0.21617040769583143,-0.391853486768741,-0.4156952021358801,-0.25767107631514413,-0.16043624518200789,0.4422511880138999,0.16128347145296298,0.03350592503134876,-0.16738572162300977,0.04265698672478334,0.037371886524428896,0.12543853560802715,-0.010105637224281292,0.0014223776935641341,0.20536005959734774,0.16813439016828846,-0.1903177445550327,-0.09897509219543117,-0.3676892609095999,0.35615014089590363,0.2785042361313548,0.2939264379942346,0.015870107395531123,0.3134191201987812,-0.14338807220163152,0.28262977923994875,0.272755498179227,-0.12477917054188241,-0.12245080211181907,0.05692749760546371,0.13160001295594517,0.04512972140090784,0.0989880481405905,0.056036313663432306,-0.02647732478240953,0.2487883877714386,0.1830092033481864,0.21208003072409853,-0.10433931620372298,-0.16159672769842262,-0.10967994188333172,0.21260382107839734,0.07879574489743982,0.11254737017448882,0.31104355511135173,0.3370359573749404,-0.37213870264717724,-0.25056936751852005,-0.2823688094874536,-0.20227515651244465,-0.023043999315185755,-0.2708398691449539,0.2691759556166336,0.05255347797720679,0.5025708296894738,0.0037229833840003333,0.34206147595978104,0.28737350601757383,0.36043948416829774,0.11664144884483868,-0.0015399066246523873,-0.175855670770925,0.32511047256809966,0.039425403832183493,0.43499261973838244,0.07491590203454611,0.29026823433603094,0.012638061790604163,0.4642568608670304,0.23255690204842747
#52,0.055357977391875694,0.2706293350361147,-0.007766626410694207,0.21341356765085578,0.18520986317596488,0.22584849872985466,0.43486398571144336,0.10858655265434926,0.21165248453384047,0.5457960271519594,1.0,0.07984934086629002,0.18455327438378286,0.4615060360823073,-0.2040468820129837,-0.0755868349088688,0.1378369124131836,-0.16837870227700735,0.0043189568613297424,-0.004850613325189597,-0.13993346196736028,0.011533567465770856,-0.10400014806794468,-0.13572324250290352,-0.19115201488082845,0.15770254075338822,0.013779110389279882,0.034142617193464654,-0.22168686405974541,-0.17877723640435506,0.03448085990458872,-0.004428619682856971,0.5681686308804953,-0.015516595177612127,-0.09971496920649463,-0.06173785495819394,0.3267119199322589,0.1398881161593026,0.24228866771239652,0.08489938320446795,-0.21806799094934687,-0.1886107987802903,-0.17175002429239716,-0.22866456595270154,-0.25931231693943557,-0.09096739266230791,0.10465488601081821,0.10024107312242905,-0.1565883294696854,-0.008684647667698515,-0.0840725162759061,-0.030798132493047747,-0.006726449099330455,-0.08541206846291592,-0.13036040663159307,0.14109486990842923,0.06482090719378855,-0.08907906365533484,0.25950064085657304,0.044175145870061126,0.19084662474492983,0.18857424450644789,0.31392810375861224,0.030228996330691246,0.19338090016056117,-0.1340861662895561,0.2444361156225563,0.30163106095309483,-0.1125686549415363,-0.03164582147632995,0.023868089969784886,0.1102268678539865,0.06274147799571528,0.0430581583123956,0.06645058000990205,-0.059331750857174584,0.15642499201821236,0.26090173378308973,0.04346858414655025,0.008630973037752699,0.03420832234391556,-0.1347006482599703,0.12056432395415446,0.04474567016939898,0.0790354298828875,0.08131521351860335,0.2168792829809779,-0.21576229542331238,-0.1617272125746702,-0.07375634494278561,0.015113110028364265,0.03914083575100524,-0.05789687993077824,0.0925679146018129,0.0706029604334689,0.14688386383301638,0.052701545921884904,-0.10439021455970608,0.05543247407654187,-0.004471651929279048,0.047516854296515317,0.027381464669600262,-0.10192442056848837,0.1223670511806105,-0.19218016167168708,0.2993799654816604,-0.050138582341972174,0.11929047691759556,-0.029645978798521173,0.27173799377189206,0.15504610928339743
#53,-0.08156461546292054,0.0250308860478352,-0.11613986868224156,-0.23720623551132025,-0.006013872115567031,0.2835491886339344,0.059766237732339425,-0.1954834649749904,-0.12222083408524087,-0.045570223536325234,0.07984934086629002,1.0,0.5607601438109913,0.05770624245200517,-0.06282569163925096,-0.06652276313293262,0.012041162888620515,-0.2719943364011161,0.14547860649555563,-0.0635410448969771,0.13904135260067463,-0.0798053831952137,-0.17539573471776862,-0.0903251479522666,-0.14538513860547758,-0.3211538194589042,-0.15153042102194644,-0.34028651147295214,0.5435699181461894,0.5692430489040659,0.38475594238306104,0.0366551451297214,0.1774654469569724,0.12925128518348858,0.5470069453120301,0.39393754309008544,0.15064478962784048,0.3474812254473271,0.42282097197351437,0.41039760870269343,0.374876571486741,0.33053901358986104,0.22538532369040842,0.2111832942341417,0.38666648158173583,0.5591286201455693,-0.2924031890133585,-0.1888329006973075,-0.3102240915800238,-0.1911099080590606,-0.11913824456197337,-0.143401490859118,-0.4152755220551831,-0.09422535015755355,-0.2855587482706127,-0.22365940671025417,-0.3209451361993735,-0.3826353317878742,0.06960535265620012,0.1798877459894409,-0.0693823253145287,0.06761476422493372,-0.1726004895496421,0.18289213712942526,-0.08834566461685106,0.31700837972024415,-0.2707103096933605,0.29936145698857564,-0.10546324444629529,0.18602331144704026,-0.000368319012386809,0.00587459570510418,-0.18317022723802384,-0.32865438628150495,-0.3487222199086606,-0.30982338270473864,-0.19309263038076596,-0.23339811305913,0.23916258323037984,0.46784797123780175,0.5369026962247301,0.5598518395128564,-0.007840197670706145,0.47709620251993134,0.2715885376902326,0.17389423321626712,0.27216322640051455,0.3650078429739447,0.40418986012206354,0.29336331709213065,0.25706399774196387,0.19425218747252646,0.05257291189494579,-0.1633911261029905,0.030907795314574976,0.007267359809732691,-0.07611664052342018,-0.38948069795527424,-0.29499530346987973,-0.33720901178528295,0.06595270154592188,0.043852172665731985,0.06051583170227238,-0.3017800543224272,-0.007378873480568396,-0.2303803032616592,0.0013788827348149382,-0.14957175974125125,0.006168880745151931,-0.17807298824247977,-0.13675324014307066
#54,-0.09684106294275786,0.15428864920390345,0.01998685896990982,-0.13353461319563015,-0.13847082830133678,0.31571833775223607,0.2735819023954617,-0.029043527348612094,0.07422831151644711,0.16971732903936293,0.18455327438378286,0.5607601438109913,1.0,0.25396197430095735,-0.11977030960081808,-0.09082857896417218,0.09080451792316199,-0.21178620839637788,-0.15735411837106753,-0.18882688543705492,-0.13134737202533814,-0.28073959938366716,-0.07443329307736088,-0.243036410833021,-0.1957208363988025,-0.3010512824072146,-0.2569746942628299,-0.19633948278016075,0.382421095980418,0.38969956088600155,0.11029581199072724,-0.026027568400449758,0.31751227344447686,0.12090488022691412,0.15358162476806544,0.07129980519811029,0.19692111217534947,0.3980052471577895,0.4145314806331756,0.15155725833691935,0.11375551206059681,0.18017509034458187,-0.02613445494801427,-0.03693462337530134,0.30129605722826064,0.5359680173239495,-0.11093805670076856,-0.04235761184913727,-0.19974180652146753,-0.15966490373270034,-0.00795680117714016,0.04741366944756775,-0.1937399649264056,0.002509288949966916,-0.3168186676661253,-0.17787309651716432,-0.28388789405738557,-0.3270524762050186,0.06405373015542506,0.07722437383454332,0.10369151894575623,0.2605431317295724,0.19895334471605658,0.296095633383769,-0.09895565827769218,-0.03154124849040103,0.06947533049227965,0.6096586571162842,-0.13705492858035231,0.02744994609401389,0.04389751847378966,0.04096901215545283,-0.18078633332870622,-0.23254394610326815,-0.2321700745429559,-0.248797642017981,-0.009412956870583989,-0.09386535996705488,0.3353142048057302,0.4105715885376902,0.42673921995955894,0.4626327405988423,0.2733968174646141,0.25351591961761455,0.08716852445666005,0.2699921801616717,0.2927011757520232,0.10888500210534109,0.13260271056881226,0.002373714238121018,-0.052290194663076016,0.09527894612640375,-0.08492575780711374,-0.04165058741329928,-0.0877774538791488,0.0861477810630353,0.013844352827403674,-0.06702573143251109,-0.03057880684999329,-0.10982384541706576,0.14211977771299805,-0.12785898379118718,-0.0229070364663585,-0.1150002082205472,-0.013869802005395226,0.004417514587006112,0.029323468306519156,0.07478125274735445,0.021352323047238303,0.17332555976623773,0.08213467704993128
#58,0.07817941207771716,0.221603575840864,0.09183081386471217,0.1639722927858521,0.09417445180157044,0.46651952414664277,0.6523512726902557,0.1896907693517863,0.2391033560525086,0.4235414150668388,0.4615060360823073,0.05770624245200517,0.25396197430095735,1.0,-0.26062780808543523,-0.04817945834894988,0.24380590143302008,-0.2685202922491058,-0.21883748154934596,0.15653789382602942,-0.23421711387813082,-0.1323782950901595,-0.10885909021502242,-0.06961830860135945,-0.28412156378258074,0.10205768171869867,-0.34014908591179777,0.03345178768907583,-0.19620853519158604,-0.13534705738095568,-0.35242854564888465,-0.08988510852917632,0.4349176603413892,0.03823068060356196,-0.33626507863796,-0.20695364085194592,0.3647806512213292,0.3082071285461116,0.3051583170227238,-0.08176311905125465,-0.27252691828963016,-0.19827963556777117,-0.2550317652012567,-0.14549665227631328,-0.12208572208572209,0.22169241660767083,0.04206656579537935,0.1079771605195334,-0.14707959114738775,-0.27264814891933536,-0.0003835885191817395,-0.012418273435222588,-0.06922731668494381,-0.25256134408676784,-0.2898360610225017,-0.1976434061179824,-0.03177491821559618,-0.09713349713349713,0.09168274592003406,-0.15713895713895715,0.4836607023047701,0.5197943706418283,0.6263079720706839,0.18398598907073482,-0.15647403952488698,-0.24356621644757237,0.506736628770527,0.5833682681140309,-0.018973518973518972,0.052529879648523715,0.12441455322811255,-0.029457192169056574,0.20841118468237113,0.015381483178093347,0.20959850451375875,0.08863994965689881,0.37852367004909376,0.4876687164822758,0.3246459093916721,0.15964084269169015,0.12167251997760473,-0.09116635896296914,0.08093393856105721,0.030595927206096697,0.09649541683439988,0.24321039066801778,0.4089113767079869,-0.30532396803583245,-0.2738132585590213,-0.23671390959526553,-0.12158830633406904,0.11946769573888218,-0.02588042588042588,0.13214786435125417,0.06712521458284171,0.17974060346941703,-0.021106160089210936,-0.03817422969965343,0.02700435412299819,0.07285174234326777,-0.02058607143352906,-0.238355150219557,-0.12718943905384583,0.17016569728434136,-0.17543090085462967,0.19765728748779596,-0.14881522508641154,0.38632407445966765,0.1725181267554149,0.3655908605061147,0.3227441617272126
#101,0.1760736082769981,0.223103226493057,-0.04114854453837505,-0.010434625688862977,-0.18611677933711832,-0.1402490317744555,-0.3404072793903302,-0.03893909317638131,0.022432756331061416,-0.2463128768213514,-0.2040468820129837,-0.06282569163925096,-0.11977030960081808,-0.26062780808543523,1.0,0.5946561353341014,-0.2251012183215573,0.1978104452680724,0.13886968632731345,0.0720072923462754,0.5092880245422619,0.3924156822461907,0.2272227543413984,0.3324167002133104,0.6387373506017574,-0.017076398432330636,0.11631708750352818,-0.34482248041570074,-0.04270186982051389,-0.07669873263093602,0.04204296746669628,0.0727703049736948,-0.12468755350111282,0.12438077522823286,-0.11508118287779305,0.0809579996020674,0.04923259160547296,-0.047690834131512094,0.18742301623657556,0.0036170222610900577,-0.21274957546143985,-0.23076713076713076,-0.0799770494685749,0.1344031242336327,-0.1345581328632176,0.030794430794430793,-0.255638843774437,-0.4141353988811616,-0.017246676568710467,-0.0546824173942818,-0.01455183997556879,-0.15612746799187477,0.026748474206101325,0.02563565105937987,0.27158668684092413,-0.06769944058079651,0.09366037840614112,0.2146804740025079,-0.1572638894672793,0.014263107483446466,-0.1470296182160589,-0.22789183636641264,-0.08226423650152463,0.044118694966152595,0.0033953830564000054,-0.04556004386512861,0.016878820268650778,-0.13430040209701227,0.6231902164105554,0.31557119523221216,0.11350009485602706,0.16701231277502465,0.15801533428652073,-0.0196014196014196,0.1556531878565777,-0.0774126977516808,-0.0379095582485413,-0.2579098358759376,0.21935525664339223,0.02062679011831554,-0.26026828060726365,-0.2568206110578992,0.10026420873878501,-0.09611830628779781,-0.09566438549489396,-0.30623782488189266,-0.30108783668105704,-0.18119444560122527,-0.21722724265097146,-0.2296561584697178,-0.1808728605338775,-0.22478796207609766,0.0807497790548638,-0.17381557212065687,-0.29997455082200847,-0.1399464179125196,0.15824345146379046,-0.11809436555199267,-0.10207387665014783,-0.16329534465127685,-0.15330492279644822,0.18844514776718166,0.09066015167710083,-0.11076037516715483,0.19350675791353758,-0.2831595848545001,0.12359323884747614,-0.057716884835528906,-0.14513434852417903,-0.26022941277178563,-0.2634295312261414
#102,0.13757131553741722,0.0268012234113929,-0.07667929871319702,-0.10745013117894474,-0.07296464415108483,-0.0041403499030617675,-0.14709902506512676,-0.09901581088021766,0.03457016338372271,-0.20736406668610058,-0.0755868349088688,-0.06652276313293262,-0.09082857896417218,-0.04817945834894988,0.5946561353341014,1.0,-0.15720975212500637,0.20343748987816784,0.0012937436666250225,0.27508988186954286,0.29445115377318765,0.4661373237644424,0.040440131965555695,0.48570080095503826,0.3159034226830837,0.09997732709597117,-0.14985540239777528,-0.33097766487596997,-0.03856660975305043,-0.12775672436689386,-0.016703915008999756,0.020820666583378448,-0.04458048186861746,0.18531536158654802,-0.07366010077874485,0.09609702152075034,0.15205883849951646,0.004197263519297417,0.2051291661461153,0.1357491543932222,-0.145872374685934,-0.1753027295400177,-0.05730229459043018,0.16780355085439833,-0.051789539925133146,0.1212482127736365,-0.3003849766561631,-0.3505397539295844,-0.11160713872578279,-0.13000087915342154,-0.10213680552663604,0.04288602932670729,-0.21058223092121398,0.13415649856327821,0.0014061827621149655,0.06353780591068726,-0.17021150580472613,0.3687063026046077,-0.2106192479073835,0.08887778379303803,-0.21489285896065558,-0.27019438544862273,0.12150640625216896,0.28569200942082296,-0.18881994475214814,-0.1354955880379609,0.17774816418884215,-0.029676055099783914,0.6563777953608462,0.624746780678984,-0.04676494676494677,0.10617165701911464,0.19076657551233822,-0.07497929362336142,0.22698584562991342,0.04101111897722067,0.11281250433792807,-0.09218802778124811,0.3520639283351148,0.3592720609669762,-0.22237029016690033,-0.2504856165873115,0.026348228043143296,-0.0754193330464517,-0.07966147966147966,-0.3392727087642342,-0.4167932184881337,-0.1607874438382913,-0.1608193709888625,-0.11789493653900433,-0.053873596246477605,-0.05409986257443884,0.2716759903200581,-0.35157808039163974,-0.3772215975605806,-0.2888305871356719,0.3836685684143311,-0.27507692592438354,0.021168163541044897,-0.2253746813068847,-0.04933901544071036,0.049954885548105885,0.00950596204833493,-0.08610798780290306,0.09820745244474058,-0.3368147808825775,0.05451260197022909,-0.14529722326332495,-0.07982018998968152,-0.4235631625462134,-0.439217645997307
#201,0.18142811532642042,-0.10522957472110014,0.30622301808742486,0.2091589278029956,0.08048048048048048,0.2530962395369175,0.17057057057057057,0.2871028193062091,0.0033828898235677895,0.6255065543201136,0.1378369124131836,0.012041162888620515,0.09080451792316199,0.24380590143302008,-0.2251012183215573,-0.15720975212500637,1.0,0.163509580458733,-0.10769721956162634,-0.3089604242146615,-0.06443639324995257,-0.3580893682588598,0.21991976568247754,-0.1715496698547546,0.03829268405539592,-0.046842219723575655,0.1588648741191114,0.17499502584248347,-0.02854981329557601,-0.2020442630612122,-0.07065894862505032,-0.16851566512583463,0.07885404665065682,0.018592244015972828,-0.18829060184992388,-0.3402647639935776,-0.1180610502644401,-0.2165234572014233,-0.0703341245714127,-0.15704039941328077,-0.08265430299328605,-0.05885515716024191,-0.20223166155369546,-0.20187537306181375,-0.12079429198073266,-0.10557845981574795,0.316545667393125,0.12868585071974903,0.1743301082284133,-0.0706561723510876,0.027303266286317133,0.08538754470957861,0.07338802593039881,0.03693230981366575,-0.06780725255301527,0.09322727966795763,-0.011649708259877751,-0.2794106895801811,-0.27390024847651967,-0.36643808677706985,0.2729461356580001,0.14158441955052126,0.05428309665597801,-0.020692032556439335,0.05819440395711582,-0.07218451116756201,0.0637858197180231,0.09708861403776659,-0.11700745429558988,-0.11459255866035527,0.1427629478476936,0.1475746933374052,-0.07865785662395831,-0.07386693318896709,-0.1550141821328262,-0.10053350731316833,0.029337349676332728,0.022915828000573762,0.37371562625799915,0.06626827135301712,-0.01784681445698395,0.008339464271667662,0.1121785884497749,0.013455211760296506,0.06480101056372242,0.25675074149650423,0.25407302525946596,-0.1264236501524637,-0.039029784792496656,-0.05756141349361688,-0.09990838295923042,-0.02743884099816303,-0.3919923004668767,0.16723117570575197,0.12700805582161515,0.5022580361563412,0.0025810093606703777,0.4318827301878149,0.3204606763928798,0.23867025731432512,0.06710994507604677,0.27270737609720663,-0.06174109394448377,0.4244853482141618,0.03517354025828602,0.27542164660808727,0.09344105276308666,0.15700893497503668,-0.08211663126917364,0.2545028850113596,0.06460805952331376
