,#10,#11,#12,#13,#17,#18,#26,#49,#50,#51,#52,#53,#54,#58,#101,#102,#201,#202,#301,#302,#401,#402,#501,#502,#601,#602,#701,#702,#801,#802,#901,#902,#1001,#1002,#1101,#1102,#1201,#1202,#1301,#1302,#1401,#1402,#1501,#1502,#1601,#1602,#1701,#1702,#1801,#1802,#1901,#1902,#2001,#2002,#2101,#2102,#2201,#2202,#2301,#2302,#2401,#2402,#2501,#2502,#2601,#2602,#2701,#2702,#2801,#2802,#2901,#2902,#3001,#3002,#3101,#3102,#3201,#3202,#3301,#3302,#3401,#3402,#3455,#3501,#3502,#3601,#3602,#3701,#3702,#3801,#3802,#3901,#3902,#4001,#4002,#4101,#4102,#4201,#4202,#4301,#4302,#4401,#4402,#4501,#4502,#4601,#4602,#4701,#4702,#4801,#4802
#10,1.0,0.26175219904033464,0.32050324592697477,0.3157798784917429,0.22074663261103938,0.2391255662442103,0.0481146786231532,0.534781160204889,-0.026899318424742153,0.41837199294826416,0.4291189494579325,0.18881716847818542,0.04319697201053133,0.025767524072608818,-0.2978238639255588,-0.03741121707223402,0.410287020456512,0.33618271584373277,-0.0644104813596339,-0.16994452079197842,-0.11657389284507928,-0.047651503583706976,-0.06427166766149817,0.10475945899674713,-0.0846948643558813,0.07628229153652882,0.14304242609327356,0.21022594242933226,-0.10740617350786842,-0.07620733213953552,0.03425320543964612,0.021426819731904478,-0.12118343304783982,0.07263750653581162,0.02856462009004382,-0.33558581694174916,-0.05512338224202631,-0.14892072349699467,-0.11221884442223426,0.06812930033269016,0.13027989468667434,-0.04399006093921348,-0.1236529287376745,-0.19655001688899995,-0.15012192469819588,-0.13347122160681482,0.19711961576368356,0.14579371359032375,-0.0281088484478315,-5.3674629945816385e-05,0.18895551946399405,0.11531947972625939,0.11068356492085306,-0.1597657750200123,-0.11647996224267411,0.027457349491247795,-0.2731798053831952,-0.24705044027077924,-0.10041320210811737,0.019273356561492153,-0.18437836912413183,-0.056148290046595134,-0.1202626355168728,-0.10022904260192396,0.2416945450843756,0.1357079729961086,-0.06148243775362419,-0.1661757288875933,0.02149807743028082,-0.0721331500992518,0.1648102648102648,0.3025088262376398,0.15414798465645924,0.17203968220917373,-0.024329414159922635,0.07665755123382242,-0.002204361526395425,-0.1837116006607532,-0.03238616119972052,-0.1459737086855731,0.2647857410569275,0.16997691065487674,-0.08584794347506212,0.20933522119962797,0.2187736272482035,0.22760125302498183,-0.010794615879361641,0.09565837023464142,-0.0239120476408612,-0.03348880467524536,-0.165972598175988,-0.1470786657227335,-0.2737392245866822,-0.17949860492233374,-0.17588065723658944,0.08159376633952906,0.023968035832442613,0.08408639764571968,0.2136925831841086,-0.04839600771804162,0.14941952738562908,0.23801922107006854,0.05036253510829782,0.06611603899739493,-0.04575623389182711,0.07697219561626341,-0.1762309304682186,-0.20297709111268433,-0.11289903154309934,-0.3064363284702268,-0.35391847934220816
#11,0.26175219904033464,1.0,0.49037188189730563,0.23538037266850825,0.16122239342578326,-0.020085879407913305,0.07652752906990196,-0.032593919034597,0.44804573448641244,0.527870088887038,0.3710744642948033,-0.10250327368971436,-0.01651466566720804,0.20888824109163093,0.06200854166955862,-0.09120985392171833,0.4678081779776695,0.4310146818621395,0.060265041620973826,-0.19212741246639553,0.17762508270982846,0.014060439484168298,0.1775801996140979,0.18903371784727718,0.3276609429151802,0.06889971635734347,6.200345183396031e-05,-0.10989371497846075,0.045398557262964045,-0.12876127282906943,0.40537301554250704,0.22507391829425727,0.3092870991176076,0.06432950670238806,-0.13726222370290167,0.09654631519038298,-0.16727513337682828,-0.22933549882702425,0.10100639931148406,-0.03326068749797564,-0.059976309128851504,-0.010289796730474697,0.16402134029252674,0.008287640491030321,0.020334355927576268,-0.000420142793024149,-0.14509640611335525,-0.13341199442894358,-0.20243571768995497,-0.12018397442126255,-0.0740756164484978,-0.0049394540919964645,0.1618947144370873,0.06903945548013345,0.09017476644595289,0.04188703341245714,-0.14572014233031183,-0.25733977428892685,0.0014547675564624716,0.07738539772438077,-0.03092121397206143,0.002699463716412869,-0.14508761457914,-0.09829490507456609,-0.006127236635711212,-0.05093722381857975,0.08139202376490512,0.09752541447456702,0.2363159769939431,-0.0947496032241795,0.2874216280995942,0.13389506609845592,-0.2699366546824174,-0.22010901502426927,-0.2795925355247389,-0.10870917142103582,-0.16748798104730309,-0.0004641004641004641,0.2416052416052416,0.02846467422738609,0.20315014552302688,-0.23236348829569167,-0.03952211070855138,-0.015823373450492093,-0.29412679243187717,-0.005554398774737758,0.018305825085486102,-0.11049385286673423,-0.18283846249947944,0.11643554185927067,0.056181142621820584,-0.016480424955001228,-0.330072599564125,0.049509293577090184,-0.23442857341162426,0.41233220894237843,0.1556948319660184,0.23417176807007314,0.13535769976447942,0.0981690473215897,0.16941980501302537,0.3817284156267207,0.3222287001948019,0.13248101722677993,0.3391908086823341,0.01554158164327656,0.2890943331621298,-0.13515780803916397,-0.1692004793699709,0.053576997644794254,-0.03537065570963876
#12,0.32050324592697477,0.49037188189730563,1.0,0.6339149627285221,0.4009837264074552,0.36954103564273055,0.14196384365875891,0.10604256027984842,0.17142705108806805,0.4806188314662891,0.27978687470212893,0.14116520218215134,0.23954941073585143,0.1378026717009768,-0.3083644507373321,-0.13360633360633362,0.5783446003784987,0.6571366435773215,0.050225572259470566,-0.309599429938413,-0.0032389862898337474,-0.16005311937515326,0.05361308920630955,0.1238639255588408,0.1399482687618281,0.0017032440761254322,0.18045040417921773,0.12069156984411222,0.10587413299277706,0.10724653775501233,0.35168820592549405,0.25200516386957067,0.22211394753767635,-0.053251710878829524,-0.05486935317443792,0.0513356191322293,-0.28921186209321803,-0.35298518857840894,-0.06500229042601924,-0.038902076190211785,0.19954330293313344,0.11363057973227465,-0.05179509247305857,-0.16275304580389327,-0.2800302613861936,-0.24714159459922172,0.01503815063137097,0.1084616203260271,-0.0757173197851164,-0.06733528597935377,0.057308309850682734,0.1317776944895589,0.3172378850344952,0.11882915272745781,0.03561172883206781,-0.02758875979214962,-0.3210261108566193,-0.3845574387947269,0.055208521310216224,0.016563250461555545,-0.1935335952285105,-0.1592035795425626,-0.3364325805003771,-0.15900877765284546,0.24330848568136704,0.14229699653428468,-0.11643970627021474,0.019372376999495643,0.1006732464359583,-0.2153389136439984,0.38731427883970254,0.3687956060837417,-0.29949518085111304,-0.1549517159686651,-0.46962015945066793,-0.22854148447368786,-0.41232249198350895,-0.12952891257976004,-0.03733163055196954,0.10556319030895302,0.02591698015426829,0.10421993642332625,0.14926590689302555,0.1967452814910442,0.011156919631495902,0.09628303187625221,-0.01903737327466141,-0.010275452648334004,0.004488309573055336,0.16074533701652347,-0.019458904204666918,0.09868404614167325,-0.31180934401273386,0.08891757705317027,-0.2061411180055248,0.21716338834982904,0.0749061850756766,0.4119102153000458,0.2512851834885733,0.22083454795319202,0.38097835894446064,0.602610622949606,0.3829101829101829,0.39171235950896965,0.36911163860316404,0.28618063363826074,0.1858646011188384,-0.23852033852033852,-0.2315648468190841,-0.17482104600748669,-0.19318332199688132
#13,0.3157798784917429,0.23538037266850825,0.6339149627285221,1.0,0.33984091950193646,0.3877686623449335,0.12287418389113304,0.14012641300776893,0.09715617003752597,0.3760338150168659,0.11055122919529699,0.2044920112716723,0.28789220653627434,0.18901335850488393,-0.2696451459163324,-0.19448123007445042,0.2586603552705248,0.3451917248527418,0.06253233202385745,-0.3075116719184516,-0.151466566720804,-0.24794301234979202,-0.024356714187222663,0.009249156706783826,0.0023903718818973057,0.1395882785713294,0.1979802606921251,0.26616971362734076,0.12906296126635108,0.1700481683532531,0.19509941374348155,0.18113383028637267,0.01397113600503431,0.1763396678650916,0.07265740316587774,-0.07342365477958698,-0.06532248735638566,-0.14857091297769265,-0.16496434801519547,0.0048413590786472145,0.18316606282707978,0.10937270089812463,-0.09794787082922676,-0.2913903117292948,-0.3822822822822823,-0.3344748446443362,0.1914879440303169,0.16470245283804605,-0.0072849428781632175,-0.12963811268896014,0.07663163934350375,0.0019905884312663973,0.17290449154855936,0.0022381395262751195,-0.11999102338085389,-0.012520070147188792,-0.327027027027027,-0.3516456363913991,0.04613426986308342,-0.1279441228593771,-0.022848734713141493,-0.15666421429133293,-0.24729706594113374,-0.07695923967110407,0.23677082321150117,0.16228246736721313,-0.06389039270395203,-0.08265661655492164,0.06165086504069555,-0.13340921815498086,0.31594506679252443,0.27885913648625515,-0.24665250766945682,-0.13997880777541793,-0.33164813503796553,-0.19651114905352193,-0.25947102726763743,-0.10635350296367245,-0.12397220024338669,0.12249892419383945,-0.11763813119745323,0.33783876326249207,0.16552237908170112,0.2679807696756849,0.21391838679974273,0.1294747752374871,0.018704220399135652,-0.04927192215327809,0.22596278867465308,0.15024963330048074,-0.16691144148771267,0.11012183215573046,-0.2295085532373668,0.15126158515989024,-0.15982546491021069,-0.13964472947523796,0.11684411684411684,0.25485315824298876,0.383924448331228,0.18136518644993221,0.2910367995113758,0.32917863934813085,0.10428795513541277,0.31235950896967846,0.2054003155698071,0.2799751986192664,0.05863074168158914,-0.09339894594131883,-0.13017254542678272,-0.11706251706251707,-0.14709162166789286
#17,0.22074663261103938,0.16122239342578326,0.4009837264074552,0.33984091950193646,1.0,0.51216331894298,0.20395757853384971,0.2362095531587057,0.10316587774214893,0.3581916276831531,0.28702277007361754,0.42775579894223964,0.33894510843663384,0.20500978636571857,-0.2489572777708371,-0.4477514494463647,0.23804420753573297,0.1427652614093292,-0.07232425029035199,-0.36107478819343225,-0.353401166960489,-0.4907836958684416,-0.10846902372326102,-0.09009471721336128,0.018417801468648926,-0.19537704113975302,-0.024863846897745203,0.0303974236177626,0.13892752536820333,0.39507951711341543,0.21020789664857462,0.3109338922898245,0.1441066644456475,-0.009712331746230051,0.4206749122003359,0.1965583457108881,0.2730095272468154,0.06001471425200239,-0.14050028456808117,-0.040440594677882816,0.22929339200525642,0.355452370706608,0.0034703424533933007,-0.1052938917345697,-0.23568391195509839,-0.33385897453694063,0.09051809899267527,0.056926572180809466,-0.058830633406904594,-0.14241036105442886,0.02565832396340871,-0.21764322103305153,-0.04904149141437277,-0.30472012844894203,-0.14655117366981774,-0.18386475844102962,-0.15495449224262783,-0.2873827602641162,0.4518941129110621,0.008169648847614949,0.10225896158099548,0.2354877219283999,0.0516988483090178,0.023631181258299903,0.07700643632847022,-0.16675365658416505,0.21158400310942685,-0.012160079956690125,-0.0985179324162375,-0.18627225067903033,0.01745906152685814,0.07386785861362133,-0.05570362350023367,0.09535251738641569,-0.04940934771443246,-0.011737160889703262,0.030327091344040498,0.14971890226127516,-0.09328558142117464,-0.017894011114350097,0.12608031760574134,0.33202293202293204,0.12859145740501673,0.48898467034060256,0.34670618229940264,0.37619576433135754,0.26869566022108393,0.14144097872911432,0.0967670289704188,0.42761929880573946,0.02916013085504611,0.36877848572763827,0.016102388983744918,0.25812731066968353,0.11443523646913477,-0.10957259262344009,-0.11825909114044707,0.1762212135093491,-0.06485746146763095,0.00962025199313335,0.1376920834547953,0.1451315722502163,0.4317078249281639,0.2679687391551798,0.05008722127366195,0.15276632564768158,-0.09547930056404633,0.15944187639102894,0.16176746854712956,-0.08771591313964196,0.007602363534566925
#18,0.2391255662442103,-0.020085879407913305,0.36954103564273055,0.3877686623449335,0.51216331894298,1.0,0.2537764266577826,0.3129068976526604,-0.09526506475659018,0.2818223462291259,0.2009124687090789,0.4947496032241795,0.471931870236955,0.1242146615027971,-0.4766450580009902,-0.29519334434588673,0.23769023260548686,0.2143556499488703,-0.2846712660271982,-0.2593895898980645,-0.34247375264324414,-0.33548725921607275,-0.22136759255403324,-0.29610488763031134,-0.15199128249975707,-0.29736392787240246,0.10255093305940764,0.24475677526524983,0.25087336951743733,0.28261867414409786,0.25319248370095826,0.2884011900961054,-0.23766663427680376,-0.1330321076083788,0.3275036207239597,0.05518538569386027,0.012288251271302118,-0.05342661613848054,-0.4281606722284688,-0.22195199822318468,0.27685189041121244,0.2313760601896195,-0.0728087100968457,-0.07738077060110958,-0.37656639690537996,-0.3559451593349898,0.2772868399987044,0.29391024306278546,0.10939444837749923,-0.045562820139091326,0.2265731062341232,0.06151575304117677,0.08183807844824793,-0.3236094337789253,-0.24868751648412665,-0.1934563222698816,-0.2919534326313987,-0.25523582133751627,0.03858881994475215,-0.16335364640449387,-0.13512773173790124,-0.10834686766890157,0.005500261432464822,0.07359161935433121,0.20252687201839745,0.05876168927016385,-0.02140460954020276,-0.0702128939417075,-0.12569395281259688,-0.10185547643174762,0.12643706880995018,0.2708935437748997,0.02002711494236918,0.13056538819250685,-0.11529032884965089,-0.15183349759620945,-0.02031260844820167,0.00902381580347682,-0.18764558086591984,-0.03000458085203848,0.10096753147600605,0.5238060865179509,0.04570533553584401,0.6375403138115002,0.4605047266064215,0.3058736702804499,0.06740746910238436,0.11923448872601415,0.034726560150288965,0.24466053110120906,0.01879861371386795,0.15954459852764938,-0.07595931833219968,0.038812772711077796,-0.05169375847341949,-0.20149456081659473,-0.2944053452528029,0.23849488934234697,0.0759426606884234,0.1952775579894224,0.21135866220611985,0.31475219441321134,0.21356024745855254,0.13799562274138547,-0.11856448127634568,0.2366694892118621,-0.27842048520014623,-0.06862532794736184,0.04005931972033667,-0.2755239060323806,-0.20774534164364672
#26,0.0481146786231532,0.07652752906990196,0.14196384365875891,0.12287418389113304,0.20395757853384971,0.2537764266577826,1.0,0.11142991990449617,-0.0034467441247102264,0.3221995493181934,0.3134232846097253,0.28241878241878243,0.2788558974999653,0.33880536931384386,0.011025046618266957,0.09663330510788137,0.21729063423978678,0.20137610646085222,-0.06917826917826918,-0.06178458890323297,-0.03799238375509562,-0.11022547971700514,-0.22231060027670196,-0.11733181563690039,-0.019242817547902295,-0.210256018730595,-0.17027906180448554,-0.05783024935567308,0.07209011785282972,-0.09186089016597491,0.07076722330959619,0.1716246292517479,-0.021908965976762586,-0.10231865147119384,-0.021918682935632088,0.009605907910992657,-0.013299740418384486,0.0635725093352212,-0.0673214046095402,-0.13175409616087583,0.11438572625013303,-0.011863018642679659,-0.02711494236917966,0.06295802736480703,0.046463721039992224,0.07944307944307945,0.01908873434297163,-0.014859543673102995,-0.26992693772354787,-0.3308046104656274,-0.14169547050902984,-0.2109070549748516,-0.16743476912968439,-0.11005381344364396,-0.08711253626507864,-0.10900577002271918,-0.31520333893215247,-0.24927886283818487,-0.08846134269863083,-0.24943757316638673,-0.09419805013025352,-0.02136389085541628,0.08111023195768959,0.2012955945159335,0.08237621288468747,-0.07956847448372872,0.17996872064668676,0.4025666652785297,0.05531031802218243,-0.016501709722048705,0.051202357982019,0.07558128236094337,0.0012210978312673228,-0.07950647103189476,-0.1206522392963071,-0.21956579075223143,-0.05812175812175812,-0.1008208516683093,0.05650180226451413,0.09353081895454776,-0.010984327933480476,0.07731275188902308,-0.006784750852547462,0.21134246727467065,0.16397136736119786,0.11343855411652022,0.019388109218617694,0.03330927229232314,-0.06456410185223745,0.026334809385656844,0.026292239851561885,0.04829004659513134,0.08652165262334754,0.12980931624999423,0.02908332060874434,0.15641573777166998,-0.07690093791788707,0.10904324972121582,-0.012198485079841013,0.01802634683990616,0.03091704956111736,0.05868996885946039,0.07980630861986794,-0.058516914449117836,0.02304168575355016,-0.007123456275998649,-0.03377753716736768,-0.09146758468792367,-0.04584044753536279,-0.0847480762735,-0.06568756738248263
#49,0.534781160204889,-0.032593919034597,0.10604256027984842,0.14012641300776893,0.2362095531587057,0.3129068976526604,0.11142991990449617,1.0,-0.025433908484755942,0.32124682463665516,0.40655987266156757,0.4476154120221917,-0.027115867793833896,0.018908276535395178,-0.29344799344799344,-0.04719712007847601,0.14102129864841728,0.19788170296644872,-0.25169005677480255,-0.3695563051495255,-0.25300138350985807,-0.2900882392407816,-0.07396225192835362,-0.050261663820985854,-0.14591910863097304,-0.1682366495925818,0.28053831952137037,0.24389798118611677,-0.07085004881615051,0.02045651198193571,-0.052499803347260975,0.022115335674657708,-0.22161236737507925,-0.17689353452065318,0.024535321145490636,-0.22319808252011641,-0.10482099973625397,-0.3440099575692796,-0.1389825881351305,-0.11824613519528773,0.21442644493491952,-0.09767255699459089,-0.1854310396683278,-0.1931051236135982,-0.10645946408658273,-0.2080063113961419,0.30606800945783996,0.2506966134084778,0.12522198623893538,0.04400394230902706,0.12282050926118723,0.003809510589171606,0.08897495338173304,-0.23976503468028892,-0.09855587482706127,-0.30846300846300845,-0.15388285049301997,-0.3539258827394421,0.02800427546190258,-0.08007051735865295,-0.17942410823766755,0.05780711373931713,-0.16075274041375737,-0.04742801352970844,0.22437105826936335,0.030129513180360636,-0.11996881318915217,-0.2274235714913681,-0.2505772336280811,-0.256365302128014,0.05643193270311914,0.08688950892340723,0.12299495180851112,-0.01485167756354197,-0.006514526853509905,-0.023789891586501757,0.0055645784459343785,-0.20894746826950217,-0.265886996395471,-0.20083380761346864,0.190264532637414,0.25843455165489065,-0.1456493473442626,0.3633351379114091,0.2807664366986401,0.20369707149368166,-0.010924638043282111,0.2120212662585544,-0.015880287066727745,-0.023987007037854495,-0.1779818339140373,-0.13891040501209992,-0.06904454531573176,-0.07856346330922602,0.09568335670030585,-0.01826001656510131,-0.22487726555523166,0.2125085023390108,0.053322968577205865,0.014579602715195936,0.17129841706112892,0.13835607564421123,0.044252418828690014,0.15476755646247173,0.03699199970386411,0.20335420165928642,-0.13303580930699574,-0.1276031038742903,0.016746021830767593,-0.26145236145236145,-0.194708884539393
#50,-0.026899318424742153,0.44804573448641244,0.17142705108806805,0.09715617003752597,0.10316587774214893,-0.09526506475659018,-0.0034467441247102264,-0.025433908484755942,1.0,0.3357838578177561,0.24835852801954497,-0.03937913259947158,0.12733796971085107,0.26828199540063946,0.07027027027027027,-0.16467607823540026,0.27978502385282045,0.013098923268414794,0.12347570991638789,-0.12062262570737146,0.074305584475076,0.012868492529509478,0.16767908123840328,0.2537403350962673,0.2886885344512463,0.11409144121008528,-0.2527343984971104,-0.2963256014103472,0.18751509598967225,0.010647010647010647,0.2701892956130244,0.3128569247213315,0.2881018152204593,0.11120087730257222,-0.07430882346136583,0.17105965750033547,0.04503810436013826,-0.023174021479106226,0.12016222694188795,0.0481655769791363,-0.18675023251294437,-0.12522059810195404,0.17950971001818458,-0.01822994026383857,0.023691796573152506,0.1187199526182577,-0.2954538513860548,-0.25011267045165353,-0.26982930542252576,-0.15767200173979834,-0.2223189290985901,-0.16161893789012433,-0.07323024102685119,0.0784056784056784,0.0574892303705863,-0.010004303224642208,0.02441964306371086,-0.04218316930181337,0.035627923763516985,0.05486796503745656,0.1533845093167127,0.16405511829240643,0.07856068703526331,0.00020636969789512163,-0.2959429383158197,-0.15882924526992323,0.231692555421369,0.12398145448992906,0.29941004178292313,0.035073594395628294,0.21855939144074737,-0.1305334610419356,-0.1892451773807706,-0.14214800316495232,-0.07210168566100769,-0.08242202140507225,0.11263713636594992,0.14078762892322214,0.3498336549184007,0.13975855670770926,0.024356251474895542,-0.1421331963704845,0.08592058931041982,-0.01706853232276961,-0.11624536709282472,0.05738465738465739,0.09478708292267614,-0.10167455591184404,-0.1652410499868127,0.2791418537181249,0.14258017647848156,0.17509173271885137,-0.009441645034865373,0.029669114414877126,-0.09197332926146486,0.24363377244733178,0.14138313968822444,0.07344725310827006,-0.09465104549850313,-0.032581425801764784,-0.10835056936751852,0.14987159732922445,0.23579635105058833,0.14343480614667056,0.15447465955940531,-0.08625883202154389,0.17399464179125196,0.1504634063956098,0.012011549299684893,0.12245126482414619,0.03493801968378239
#51,0.41837199294826416,0.527870088887038,0.4806188314662891,0.3760338150168659,0.3581916276831531,0.2818223462291259,0.3221995493181934,0.32124682463665516,0.3357838578177561,1.0,0.688780614204343,0.35121809020114103,0.2504277775464216,0.4012849521324098,-0.2084250660521847,-0.21530189665782887,0.6691361623565013,0.3521101995678267,-0.09076194838906704,-0.4103268137166442,0.06448127634568313,-0.2333930232235317,-0.004053822697890495,-0.01311696904917244,0.21334416080178792,-0.2591730405289727,0.09586797891882638,0.0761680015917304,-0.028525752254565814,-0.051508673542571846,0.24021571648690293,0.2926988621903876,0.2556360675004743,-0.12661428763123678,0.07060527399510451,-0.0061244603617484975,-0.05413456599897278,-0.3286909405553473,0.052488698251410115,-0.1547865276678836,0.12044448146143061,-0.031208558327202394,-0.01796017897712813,-0.06352808895181776,-0.14070804240295764,-0.1702832262154296,0.10718731057714108,0.11589555657352267,-0.19135653372941508,-0.21525284915115422,0.005793158335531217,-0.019066061438942794,0.12918974444398174,0.03950360221546662,0.06411434547027767,-0.11191299157400852,-0.2875331417704299,-0.44182919437156726,0.038314431534770516,-0.13926160366838333,-0.1128328636803213,0.07478541715829852,-0.17027628553052282,-0.19902552783908717,0.2375828833455952,-0.009657268979302877,0.1957425838781771,0.021936728716389735,0.08129115247759315,-0.18780984374204712,0.2979710064455827,0.2639311113887385,-0.030550118685711905,-0.08096308943766571,-0.20728586830281745,-0.12378526446323057,-0.09179055789225281,-0.05378614361665209,0.041723695960984096,-0.18660817982851882,0.16057783515410634,0.1849632375056104,0.17589222504476743,0.21600336854574143,-0.03750977479791039,0.1782946274471698,0.0017388729253136033,0.05861269590083149,-0.15140178699500734,0.10940879245963991,0.07425005899582171,-0.004359675546116224,-0.260906823618688,0.04458048186861746,-0.23928473928473928,0.29915786356464324,-0.12774885825733284,0.4426694799576156,0.1210955177056872,0.17453694063863556,0.26516238889120247,0.3544158950938612,0.3488564064835251,0.3119560238204306,0.3214726282522893,0.19852672395045276,0.11887912565878668,-0.1479647598291666,-0.059587168061744335,-0.15860853148988743,-0.19562505494708884
#52,0.4291189494579325,0.3710744642948033,0.27978687470212893,0.11055122919529699,0.28702277007361754,0.2009124687090789,0.3134232846097253,0.40655987266156757,0.24835852801954497,0.688780614204343,1.0,0.309708167335286,0.14656644317661266,0.23356468949689288,-0.1918363664126376,-0.07306459001374256,0.5646941240161579,0.19626220982153186,-0.15385601317804706,-0.1716584072516276,0.02806072636581111,-0.09475654390908628,-0.1649893344808599,-0.06525539406895339,0.09070272121119578,-0.23994502977553825,0.014464850058070397,0.034954677327558685,-0.07879111777416863,-0.15867238579102985,0.1732015528625698,0.2677582050463406,0.0850215392588274,-0.2636955908142349,0.005277696803120532,-0.04154508900271612,0.05746794560353882,-0.14472762438864134,0.11090705497485158,-0.06333698876071757,0.026323704289805985,-0.07705733468445333,0.0006251243539379133,0.09826899318424742,0.002262200567285313,-0.07157882073136311,0.12090071581597005,0.15186079762350949,-0.19048617184210404,-0.15533021465224855,-0.07247879620760976,-0.10229088873156669,-0.09771188754239601,-0.1490664778800372,-0.021619770772313144,-0.10205999528033427,-0.22115937200682964,-0.24523429438683675,-0.10287575711304525,-0.17270182354928118,-0.11400074959396993,0.14592836287751543,-0.0005422988473835932,-0.10056821073770227,0.18432006737091483,-0.022898244932143236,0.24129846333236163,0.04787684448701398,0.04667841955977549,-0.0823771383093417,0.04772461213139179,0.17448604228265246,0.06384967401916554,-0.045300462249614794,-0.02576798678493594,-0.06408056747039798,0.01747664459528866,-0.05586372196541688,0.10194061549993753,-0.17879852117140252,0.23942447840752926,0.05510950087221274,-0.012668138091866905,0.18220824830994323,0.024873563856614704,0.21266166011928725,0.02045836283124419,0.1270261016023728,-0.2362243599531735,0.12495407580153343,0.0740584960923944,-0.034736739821485584,-0.225134996321437,-0.010597500428008902,-0.19553343790631927,0.24871250294979108,-0.16695123474784493,0.23273828528065815,-0.07805309161241365,0.03330557059370619,0.09648292360156767,0.22172203019660647,0.2693897287117626,0.14683759260030446,0.08996376962478657,0.05179185348676874,-0.09096785537463503,-0.08662668832160357,-0.05889911483131822,-0.18792228283753706,-0.2111134246727467
#53,0.18881716847818542,-0.10250327368971436,0.14116520218215134,0.2044920112716723,0.42775579894223964,0.4947496032241795,0.28241878241878243,0.4476154120221917,-0.03937913259947158,0.35121809020114103,0.309708167335286,1.0,0.4103101560728679,0.25456211218923086,-0.3432955297362077,-0.2545297223263325,0.12632971955005853,-0.023833386545250954,-0.3281912112420587,-0.31793426708680944,-0.2943618502940537,-0.4028262468940435,-0.22869926937723548,-0.3106414580990852,-0.038359314630501073,-0.3758316097299148,-0.010737239550798873,0.05154430239176002,0.053593192576243426,0.2800964292489716,0.16287936626919677,0.19442940629381308,-0.05163036688460417,-0.15004326360258563,0.364410944071961,0.15908419976216587,0.17375032968253307,-0.07740251808048418,-0.23486444842377047,-0.18081178250669777,0.27573999268914523,0.221335665403462,-0.189635243872532,-0.03277160056821074,-0.20808543520407927,-0.3019447799108816,0.1996996996996997,0.11809112656570284,-0.05061193705261502,-0.20810579454647252,-0.004060763382797281,-0.2102680492511001,-0.10163198637774909,-0.3589203995983657,-0.191764183289607,-0.2874623467843807,-0.16311673769300888,-0.27004400394230904,0.16742227589685216,-0.20207433936247496,0.008428767750801648,0.16530953141122634,0.05541304015880287,-0.04358056052971307,0.04570070841257282,-0.14351716894089775,0.13212380331024398,-0.12563426292239852,-0.24605699690445454,-0.1556874285687845,0.0010175044073349158,0.12193487786708125,0.14603154772646298,0.13448918872647686,0.05552594196661993,-0.05013488064335522,0.0922144023838939,0.019872106312784278,-0.22220602729077304,-0.10267725352471115,0.04706432164059283,0.41823919451038094,0.11284396877617217,0.5180032112235502,0.4141039344429175,0.30081344827107537,0.1137531984989612,0.2558831558831559,0.05760259489073048,0.2073691565216989,-0.010290722155128934,0.2715154291425478,0.0476570561316324,0.17126510177357634,0.06907600975397586,-0.09955949786458261,-0.3243506989269701,0.2999305931509321,-0.1140363784431581,0.1424427509173272,0.07874808552774655,0.026654080891369027,0.19773132146013503,0.233172772155823,-0.003599439192659532,0.2996515776176793,-0.20432959924485347,0.13765321561931732,0.2582712142034176,-0.07803643396863735,-0.04379942346044041
#54,0.04319697201053133,-0.01651466566720804,0.23954941073585143,0.28789220653627434,0.33894510843663384,0.471931870236955,0.2788558974999653,-0.027115867793833896,0.12733796971085107,0.2504277775464216,0.14656644317661266,0.4103101560728679,1.0,0.3333324079086791,-0.2935835681598393,-0.24259081886200531,0.2686095957282398,-0.046950031695794404,-0.10112994350282486,-0.16195625517659415,-0.21560497323209188,-0.17940236075829297,-0.1340542391389849,-0.22122831614357039,0.09865952238833595,-0.1882619136856425,-0.033382843552335076,0.0862736388160117,0.42745179694332236,0.03933378679141391,0.40711466474178337,0.39162120518052723,-0.02167946066251151,-0.02386161199720522,0.2999713118357186,0.09285248268299116,0.11030275267563402,0.06474502237214101,-0.21801940615499937,-0.1368559622796911,0.1564893090316819,0.04730354391371341,0.2443148849928511,0.08466247449298296,-0.10017583068430526,-0.03476450256111273,0.11448289583882804,0.1295673177029109,-0.10949994678808238,-0.21127259771327567,0.041668170481729806,-0.010072784649055835,-0.09586335179555519,-0.12006043022992176,-0.21164785741056927,-0.017330890212246146,-0.2908864180050621,-0.10627299101875373,-0.060006848142441366,-0.07473775778860525,-0.15794407658814438,-0.14884206240138442,0.16659494625596322,0.0008731381612737545,-0.0037146545621121892,-0.03956745651660906,0.2474391186255593,0.1022210191701717,-0.009043712433542942,-0.15183766200715354,0.07883923985618901,0.1147193418379859,-0.11824567248296061,-0.010835797276475243,-0.15160491770661264,-0.16858738553653807,-0.0777129980519811,-0.04096253418287316,0.23380529990699483,0.04753998991287127,-0.12142126718397905,0.25086735425718476,0.21588445147767182,0.4546046817233258,0.2580458733001106,0.18266170639051996,-0.013952627511949546,-0.004830716695123475,-0.057178287686762266,0.3224549665227631,0.33944113605130555,0.336078605570131,0.06670183280352772,0.04415015940439669,-0.09279603177908263,-0.1321890457483678,-0.16894506216540114,0.1504828403133488,0.11264037535223975,0.19553112434468367,0.19179842400181382,0.30086388391473134,0.0833821494838444,0.13583706973537482,-0.11907485297315806,0.17961058130549656,-0.11711017643221033,-0.06818251225030886,-0.04006811125455193,-0.21945011267045164,-0.16152917169866324
#58,0.025767524072608818,0.20888824109163093,0.1378026717009768,0.18901335850488393,0.20500978636571857,0.1242146615027971,0.33880536931384386,0.018908276535395178,0.26828199540063946,0.4012849521324098,0.23356468949689288,0.25456211218923086,0.3333324079086791,1.0,0.07120726273268646,-0.269849664764919,0.16222555375097747,-0.05947704252788998,-0.008764696900290121,-0.16843607860557014,-0.028845023760277998,-0.23965120744781762,-0.09001605611775103,-0.13732792885335257,0.1643817931953525,-0.259407172966495,-0.10787999093083839,-0.06172258545139901,0.11944085842390927,0.1419781877408996,0.17601900822239805,0.2408056747039798,0.24489697710036692,0.02519237264999977,0.14061873892382368,0.19111638603164027,0.22784047529810242,-0.0019489443218256778,-0.024553366926248283,-0.20792487402656895,0.0507155846138897,0.034520653164720964,0.11494838443990986,0.04368096910469792,-0.020212199873216822,-0.05425209493006103,0.028104221324560308,0.027197767875733976,-0.07803921024260008,-0.17977530689395096,0.07019993799654817,-0.1636039737734653,-0.030608420438928915,0.001169736762957102,-0.025372367745249102,-0.0518950383357163,-0.16821906652415128,-0.2722691875234248,0.07287117626100677,-0.03730942036026782,0.029757955181683997,0.14070711697830343,0.2397474516118584,-0.006308157155614782,-0.07630820342684749,-0.1314292721072382,0.5557138031714303,0.3354035082848642,0.15623805623805623,0.04247745434186112,0.3258276766751343,0.15741750995988285,0.07885543478763818,0.12124497378734667,0.04979247352128708,0.06256379646210154,0.09363030210487838,0.1328433209789142,0.15077249823012534,0.013718032362100159,-0.1146392926053943,0.12597158020886834,0.22568192229209177,0.24442084611576137,-0.03918201714811884,0.02735185108066464,-0.040571079554130404,0.009302831336729642,-0.04002554172045698,0.18457317101384899,0.1853172124358565,0.22828699269377237,-0.017183284979895148,0.05363668753499262,-0.2211681635410449,-0.0076393805207364525,-0.05326512953631598,0.22835501140585887,-0.10721553602909535,0.09770402143283499,0.147414594872222,-0.03366139637326078,0.24273287154643086,0.21689779147406266,0.19837356617017635,0.20202020202020202,0.1121642443676342,0.13776010216688184,0.11314982162439789,-0.08601313177584365,-0.11513855920635582
#101,-0.2978238639255588,0.06200854166955862,-0.3083644507373321,-0.2696451459163324,-0.2489572777708371,-0.4766450580009902,0.011025046618266957,-0.29344799344799344,0.07027027027027027,-0.2084250660521847,-0.1918363664126376,-0.3432955297362077,-0.2935835681598393,0.07120726273268646,1.0,0.3195093398483229,-0.22260627345373107,-0.1126704516535025,0.29254709254709255,0.2879084014677235,0.38755859094842143,0.21850525409847443,0.34237426949291355,0.2742431183109149,0.18626484728179643,0.28472494065714404,-0.39868450885400036,-0.40843061860011015,0.0678081779776695,-0.07940976415552686,-0.19526460204426307,-0.2691833590138675,0.20108644854407567,0.2578469069994494,-0.08449543534289297,0.05055594886103361,0.28928034351763166,0.24706802333920977,0.3592211626109931,0.16085361170106932,-0.1033805762619322,-0.07253848609780814,0.07950091848396933,-0.14625364964348014,0.15293845463336989,0.07936488105979632,-0.46723302655506044,-0.4678202084981746,-0.3268803472193303,-0.16254158627039983,-0.27867543969238884,-0.11623102301068403,-0.18461574054794394,0.23042287279575416,0.2866567646228663,0.15993882943035487,0.12280431432973805,0.09549827176945822,-0.12263912602895653,-0.02796401948944322,0.007073020632342666,-0.02590078522281912,0.12851788614500478,0.154205360985022,-0.3448914245524415,-0.11105789919349242,0.13768421734523428,0.2386452708486607,0.43677267406080966,0.3493815849748053,-0.0958152297135348,-0.24470865318322946,0.0358366070230477,-0.1118227626702203,0.19383991078906332,0.07409782664019952,0.04334087554426538,-0.07922791821096906,0.25477588528435985,0.23771521907115128,0.05482678364034296,-0.3125182192978803,-0.06019054493630765,-0.33427865461763767,-0.20193321210270362,-0.308068777560303,-0.15454591725778166,-0.19775908419976215,0.04698242155869275,-0.19617013006843514,-0.29122234715455053,-0.2650203362067769,-0.06891220959017569,-0.09862990879940033,-0.0418666740700639,0.28060356195949415,0.3796559271135542,-0.49581384157655345,-0.15512754665297038,-0.38168353253099013,-0.27497790548638007,-0.2568978840165281,-0.17535316518367366,-0.45268026115483745,0.09096415367601808,-0.4311493311493311,0.31904385124724105,-0.025482493279103447,-0.03140937547717209,0.08999754762466627,0.10117297574924694
#102,-0.03741121707223402,-0.09120985392171833,-0.13360633360633362,-0.19448123007445042,-0.4477514494463647,-0.29519334434588673,0.09663330510788137,-0.04719712007847601,-0.16467607823540026,-0.21530189665782887,-0.07306459001374256,-0.2545297223263325,-0.24259081886200531,-0.269849664764919,0.3195093398483229,1.0,-0.13868784038275564,0.06753008786907091,-0.060207665292411054,0.3705594654747197,0.3707838809533725,0.6207350648028614,0.023087956986262072,0.18811847286423558,-0.15865942984587053,0.22617702448210922,-0.03223115257013562,0.10068203797017357,-0.25520158062530945,-0.47268192691921507,-0.30893913944761403,-0.41175890836907786,-0.26247912010623875,-0.16220241813462152,-0.4768546666851752,-0.34316273129832453,-0.33370627946899134,-0.013863324032815559,0.2175238412526548,0.283178556059912,-0.14997154319188216,-0.3415635974958009,-0.07953562190850326,-0.022717787124566787,0.2366162772942434,0.2965703762313932,-0.13231629163832553,-0.0005149988200835659,-0.17940467431992857,0.2051051051051051,-0.14740626605033386,0.23816312460380257,-0.10507040168057118,0.19171698663224088,0.18647075426736442,0.11384157655344096,0.08539309725750403,0.25238505069013545,-0.3874771535788485,-0.07496865123983767,-0.28734389242863817,-0.39558711253626505,-0.2860672691181166,-0.0011466011466011465,-0.0596348274314376,0.29122743699014886,-0.3418032824812486,0.22078735129582588,-0.012149900285493506,0.03386822878348302,-0.23577460357121374,-0.10881235626998338,0.014586080687775603,-0.1495361308920631,-0.09477181341588121,0.019321941355839662,-0.19088132816946377,-0.3834575715931648,0.09994956435634401,0.1197564282310045,-0.06342259054123461,-0.16908109958957415,-0.11676453032385235,-0.2770082871777787,-0.1656625809168182,-0.32456447202209915,-0.37132617980075605,-0.12948356677170236,-0.02333782164290639,-0.2722159756058061,-0.1604704858942147,-0.4284776301725454,-0.10794153167034523,-0.23154633832599933,-0.023168931643507914,0.21179268636895757,0.236785630005969,-0.2824877265555232,0.06726634184261303,-0.31292031631014683,-0.24704627585983518,-0.18868159376633953,-0.46933512865716254,-0.33786791413910056,-0.18137073899785763,-0.24919603733163057,-0.11744194117075472,-0.3605792232910877,-0.22000397932601323,-0.05736938787786246,-0.12890656449978483
#201,0.410287020456512,0.4678081779776695,0.5783446003784987,0.2586603552705248,0.23804420753573297,0.23769023260548686,0.21729063423978678,0.14102129864841728,0.27978502385282045,0.6691361623565013,0.5646941240161579,0.12632971955005853,0.2686095957282398,0.16222555375097747,-0.22260627345373107,-0.13868784038275564,1.0,0.5233331945196352,0.028308277460819833,-0.27143861889624604,0.06993526654543604,-0.11001587103282019,0.042284503301452454,0.04336447387294845,0.31716570191146465,-0.2407769865396984,0.09189883257679868,0.0766112800011105,0.1571838402346877,-0.18879403286182947,0.41996742505217083,0.3147410893173605,0.23727332879875251,-0.13175178259924022,-0.06154212764382256,-0.027976050009948315,-0.1498799261511126,-0.26214966892932995,-0.06001887866294646,-0.12615296344109903,0.1341389154948477,-0.04539254200271149,0.09934665019410782,0.05244936770360499,0.04543002170120814,0.040450774349079434,-0.016522531776769066,0.1637418620469468,-0.1901072104461935,-0.09022520208960887,0.057573906726449096,0.19136486255130322,0.2291865054576919,0.021796989593599762,0.02439419388571931,0.029493283730571866,-0.4363594719526923,-0.3730659781507239,-0.06931014219149813,0.022164383181332334,-0.34313681940800583,-0.20559095304858016,-0.18022783954987345,-0.2523188828273574,0.2696451459163324,0.028399431789262297,0.006926340824645909,-0.04602368161690196,0.2392731714765613,-0.17065663506341472,0.2912690810995896,0.4276151343947954,-0.11781257374477713,0.0030872166465386805,-0.44038090478768444,-0.23571907809195944,-0.2922888990685601,-0.16898115372691644,0.33673380622533167,-0.08163494773664265,0.18244423159677398,-0.028307352036165596,0.11228177329872245,0.06817788512703767,-0.059923097211232804,0.07011988876395656,-0.02897735948583406,-0.07601854551007094,-0.2718791210316634,0.0036554273842409435,0.189724547351666,0.042303937219191456,-0.16742181318452504,-0.033648440428101445,-0.22576521051097323,0.5458154610696984,-0.12415589703725297,0.4306324814799391,0.1310392056154768,0.2564550683194751,0.3661012322029271,0.6807243298768723,0.3854014260793922,0.19939986211172653,0.1745017745017745,0.13892845079285757,0.11661646237917424,-0.39508830864763067,-0.2754248855943771,-0.19605537741130963,-0.2255977086485561
