,#10,#11,#12,#13,#17,#18,#26,#49,#50,#51,#52,#53,#54,#58,#101,#102,#201,#202,#301,#302,#401,#402,#501,#502,#601,#602,#701,#702,#801,#802,#901,#902,#1001,#1002,#1101,#1102,#1201,#1202,#1301,#1302,#1401,#1402,#1501,#1502,#1601,#1602,#1701,#1702,#1801,#1802,#1901,#1902,#2001,#2002,#2101,#2102,#2201,#2202,#2301,#2302,#2401,#2402,#2501,#2502,#2601,#2602,#2701,#2702,#2801,#2802,#2901,#2902,#3001,#3002,#3101,#3102,#3201,#3202,#3301,#3302,#3401,#3402,#3455,#3501,#3502,#3601,#3602,#3701,#3702,#3801,#3802,#3901,#3902,#4001,#4002,#4101,#4102,#4201,#4202,#4301,#4302,#4401,#4402,#4501,#4502,#4601,#4602,#4701,#4702,#4801,#4802
#10,1.0,0.15802134954677327,0.41003437952590494,0.1949578237713831,0.292599379040057,0.22538069656713725,0.03937866988714446,0.0646163883452019,-0.07417603360402443,0.30304973694804205,0.18968244052989816,0.002427388868066834,0.10340926442621358,-0.20309878445471666,-0.2320659642693541,-0.16399774196384365,0.4963353183692167,0.3444990444990445,-0.04087739511468325,-0.06357945002012799,-0.18455049810982013,-0.03703919636123026,-0.21367268655404248,-0.16215198249096555,0.011675157437869302,-0.19140696937307106,0.18505485454637996,0.03508747576544187,0.023427587834367495,0.188625142862431,0.20064825997029387,0.15153042102194644,0.1877552436874471,0.13344160801787922,-0.03041824567248296,0.014212671839790483,-0.00664084731881342,0.009128388789405738,-0.20370447489091556,0.08748687053771799,0.014528241646885714,0.1089557970913903,-0.13604760384421402,-0.02591744286659541,-0.29652410499868126,-0.2682315597569835,0.028550276007903126,-0.03632245496652276,0.1773062739164434,-0.010753434482248041,0.022152815373154357,-0.002019739307874901,0.09076611280001111,0.2073497226039599,-0.08488180013603742,0.09522156979784098,-0.04950050204287493,-0.28214022959785673,-0.06827644285271404,-0.04768157988496972,0.014870186056626735,0.21915675305505813,-0.28878292776597864,-0.2605098164420198,0.40092635007889244,0.31134200456234357,-0.2904459158696447,-0.2752758922250448,-0.006099473896084066,-0.085808612927257,0.23460995664385495,0.14344174683157734,-0.08521911742250725,0.025364038923360956,-0.10787258753360449,0.024849040103277393,-0.03440682593224966,0.02374593391542544,0.037700874989010584,0.16661021576275814,-0.21032264930570016,-0.041027313908669844,,0.1762263033449474,-0.15071512190156258,0.15399760315014552,0.17660757830249355,-0.06199789928603488,-0.014452356825238181,-0.22861366759671845,-0.1190928987539157,-0.005394763021881666,-0.10371141557582235,0.04556790997468964,-0.03928150029844945,0.14610280542483933,0.21551705788993925,0.2591989524192914,0.13352906064770473,-0.009362983939255125,0.21134709439794186,0.1803092769194464,0.12254149372793441,0.3367421350472198,0.14808043791094638,0.18559530254445508,0.19343041037956293,0.08125274735444227,0.021168163541044897,0.03482511787596533,-0.08437651827482336
#11,0.15802134954677327,1.0,0.33727379151107967,0.4149016504948708,-0.005864416033907559,0.05092982042134585,0.2763132932624458,0.3596621274587376,0.4868643474211163,0.3651540600693143,0.28860246995840216,-0.3788244330617212,-0.28306935595071187,0.3415353720438466,0.12971446022293479,0.2908498637312197,0.04256305612237816,0.34009541128185194,0.03320608744337558,0.15212731992393008,-0.03598652581703429,0.014687414687414687,0.21123789428874173,0.2076939805753365,0.21770568719721262,0.2200012030520505,-0.18188897680423105,-0.05429327632717463,-0.10960822147262825,-0.06506568201483456,0.07963464234650676,0.07494644104813597,0.0029789419619928093,0.07265971672751334,0.007087364714483358,-0.15003586020535173,-0.17281287450778976,-0.11632495361308921,-0.11735957837652752,-0.046609475423034744,0.11479568937196055,-0.09766931800830106,-0.29609285710980626,-0.12875942197976095,-0.2632796124321548,0.03938283429808854,-0.3056862717879667,-0.18676689015672066,-0.2695947102726764,-0.16113077638501366,-0.14733824733824732,0.01490905389210474,-0.03265036993850553,0.11447780600322974,0.08417801468648926,0.12075125973431058,-0.09757677554287723,0.11940106516377703,-0.18328497989514939,-0.09771327567937738,-0.16424714390816086,-0.22011919469546587,-0.15123521055724445,0.10121415714636053,0.18303048811523387,0.04132298708569895,0.1670109246380433,0.12133612811578913,0.08059847212389586,0.11460505189318748,0.18335901386748846,0.09264981468371299,-0.17861065996659217,-0.26939343041037955,-0.013338608253862492,-0.20662974222296257,-0.05278575956542058,0.10967901645867748,-0.05984628696493103,0.08918317392893664,0.10752092616499397,-0.23389552881078304,,-0.2563074630871241,-0.24418486282893062,-0.16927127435602013,-0.1963043166432997,0.14251262047872218,0.10768981616439244,-0.24303317184673118,-0.18841044434264773,-0.15885469444791478,-0.19112749112749114,-0.07263426754952179,-0.034594687137060015,0.2687063026046077,0.2999130100825016,0.23452759384962774,0.3074519820282532,0.02432201076268873,-0.0007148905453990199,0.06494445138512935,0.2195070262866873,0.042546398478601866,0.2717777870320243,0.09487777453879148,0.11893372571338673,-0.09460569969044545,-0.03412734768666972,-0.07914139100579778,0.003635993466501941
#12,0.41003437952590494,0.33727379151107967,1.0,0.4448372872101686,0.127372673135385,0.22926146485468518,0.239256513832785,0.08225868395359921,0.08736241102763967,0.39951415205652496,0.09046164808876674,-0.39124964718185057,-0.11687835755632366,0.11526534238398645,-0.1745822864466932,0.12983198915402305,0.49162444416681705,0.7482016685406516,-0.14747567289940172,-0.09190623597403258,-0.27436943877621844,-0.11182924064279996,-0.04863754355279779,-0.014574512879597625,0.12875479485648977,-0.12270668202871593,0.28984207628275427,0.28444638783621834,-0.06696419069300426,-0.02028068129763045,0.3670868094596908,0.0728596084528288,0.11720179347297992,0.039362012243368175,-0.16299967147424774,-0.2429683921209345,-0.2571241503444893,-0.22358907443653206,-0.33295576007440414,-0.05391153865730137,0.08996099335082386,-0.03682125885515716,-0.09186921898786306,0.016062133011285555,-0.32677855050736404,-0.04352410962580454,0.0465285007657889,0.21983323847730626,0.12340537764266578,0.14134057015412949,0.1899910696520866,0.47373783644970086,0.3803083514947922,0.34570070841257283,-0.1468264875044536,0.08844977489045286,-0.12889823567789668,-0.22911571047164267,-0.31707639843233065,-0.11019170171712545,-0.2069531781396188,-0.1166321945982963,-0.393240235613117,-0.026063197249637928,0.5049334388317439,0.1982976813485288,-0.09472369133386083,-0.1357102865577442,-0.14212856924721332,-0.1676022709921015,0.5265444180698418,0.3197402332995553,0.02569904264819519,0.1965856457381881,-0.10978682843089622,-0.10805813517677924,-0.05007287719152126,0.06877848572763827,-6.477972579667495e-06,0.11597468038146004,0.031314056737785555,-0.1826556911302674,,-0.23638445841835673,-0.2052337391320442,-0.1731599087531291,-0.14314931264083808,0.001161407941068958,0.008183067505101404,-0.2590282115705845,-0.09375338358389206,-0.16549646719138245,-0.17836958684416312,-0.1541863897796101,-0.19749071105003307,0.33182489114692504,0.3651415668364821,0.6253793084301559,0.6028688164281385,0.27370128217585843,0.46458862560557473,0.46494630223443784,0.3733871005057446,0.33886922361498634,0.5744235761184914,0.34225118801389987,0.5033782627002966,-0.13680922833465206,-0.16219779101135035,-0.1231735587667791,-0.2287413761990033
#13,0.1949578237713831,0.4149016504948708,0.4448372872101686,1.0,0.014495389071660258,0.21869635428957462,0.24631472767065987,0.273909502723062,0.2848661008696814,0.4093259669530856,0.19119643526423188,-0.26743708269132,-0.046765872189601,0.29361271903644787,-0.01002882697797952,0.008994202214541197,0.18244099261048413,0.1886686378211802,-0.021419416334670573,-0.12587718689413605,-0.2961983555203894,-0.09369924624161913,0.07429494209155225,0.2415520296876229,0.010974610974610974,0.1748307629663562,0.021467538416690957,0.2593275864462305,-0.14096484774450876,0.11712822221296798,0.09095119773085875,0.1890054923953229,0.13963547522869557,0.22445897361151598,0.11842011503028452,0.049831804069092205,-0.06360443648579242,0.04728457270830152,-0.1335577488119861,0.1278210413803634,0.15582022700666767,0.10170694577474239,-0.09044221417102773,0.016350865503407877,-0.09151524405761693,0.0025689788401652806,0.06748289121170477,0.15453018503865962,-0.00526289000865272,-0.09108168260710633,0.04864124525141474,0.15236793033403204,0.05241512699139818,0.0924226229310975,0.010136176237871154,0.19470333199146758,-0.260261802634684,-0.061140030631556055,-0.1450464331820264,-0.13915934424409002,-0.05364316550757229,-0.13211639991301008,-0.059059213296501434,0.07659878676827829,0.2590643031320997,-0.06095911011165248,0.23851154698612326,-0.018065677387711285,-0.1984355696220103,-0.15231009129314213,-0.014118741237385305,-0.02853824548739803,-0.10027068671136467,0.028118565406701,-0.027540637710129236,-0.21544441205458154,-0.12248966994729707,-0.06309452750130716,-0.00883225290004951,0.08215457367999741,0.17123132377369665,-0.08616536413146583,,-0.31752708023894466,-0.12530851344410665,-0.12199132877098978,-0.10198688673264944,0.07064923166618083,0.16889138753545532,0.006912922167159456,0.0005594192034870001,-0.053080044605468335,-0.08350291740122248,-0.06492362933040899,-0.09801126241804207,0.17944724385402352,0.1675782099510913,0.3962927488351217,0.3360860089673649,0.3145157484140535,0.34326961784588905,0.15854791617503483,0.23346150464794532,0.26058755211297585,0.3406825932249661,0.36315745637779534,0.2876997182081928,-0.038441677424728274,-0.0723006519616689,-0.10872027651688669,-0.06683092954279395
#17,0.292599379040057,-0.005864416033907559,0.127372673135385,0.014495389071660258,1.0,0.5337775371673676,-0.08508724440927831,-0.03501621806706552,-0.12228562795680523,0.13220801695377968,0.17583207244224194,0.4085731339968628,0.3473030812013863,-0.08470180504078809,-0.43629191595293293,-0.2837555583318295,0.2575526219594016,0.048983189661155765,-0.30638866910053353,-0.18770897245473517,-0.3840128263857077,-0.2287339728017694,-0.09533817330427499,-0.08022460056358362,-0.1997649421378235,-0.2580097817385953,0.34855332990926213,0.290901687511857,0.19711221236644966,0.3458080576724645,0.2935326698038562,0.22488189267850284,0.27320941897213086,0.1002979867386647,0.16563481817719106,0.17281333722011688,0.12097151080201927,-0.10812893016282847,-0.015144111754281245,0.04801149377420564,0.19623074538328775,0.0392440205999528,0.0018291018291018292,-0.06660327507785135,0.2651133413845278,-0.11339135745915407,0.34225535242484395,0.23400889333092723,0.3464179125196074,0.03338052999069948,0.15374126052092155,-0.016577131831369118,0.08524179032653609,-0.033476774154740256,-0.3809121910816826,-0.34472993795027695,-0.11087651596126172,-0.3448345109362059,0.19248138739664164,0.1778559761610609,-0.06743893354062845,0.1463878362183447,-0.019334434588671876,-0.07250979793352674,0.2144259822225924,0.058217076861144655,-0.1596468579519427,0.02659485371349778,-0.38412665361817905,-0.13110305991661925,0.03923384092875618,0.10435088401190096,-0.19826297792399486,-0.12922352244386143,-0.22520856758144894,-0.036866604663214834,-0.3084370965726898,-0.011788521958013484,0.19233146860265504,0.06295478837851719,0.07438933540628456,0.39827223217053725,,0.24507558405863492,0.20083241947648728,0.13810250928894996,0.11213648162800705,0.18016028355011407,0.14879116404540133,0.2321265795842067,0.09673417639519334,0.19465382177246585,0.18312904584091025,-0.014250151538287131,0.011944918724579742,-0.0031094268382403974,-0.040912098539217186,0.10390344119157678,-0.06114974759042556,0.002127551280093653,0.13905847295677803,0.29273125205328593,0.11860797623509488,0.08465229482178635,0.15442653747738494,0.220993720993721,0.24138915494847699,-0.10200909692435116,0.10858794079133062,-0.08673912741709353,-0.11304062151519778
#18,0.22538069656713725,0.05092982042134585,0.22926146485468518,0.21869635428957462,0.5337775371673676,1.0,0.048162800705173585,0.10748668545278715,0.08155120623912174,0.3333934859358588,0.21993596061392673,0.2016736304871898,0.19517992568840026,0.1892863587778842,-0.31015977456655425,-0.371232711910678,0.27144648500580704,0.06656394453004623,-0.10753341939782618,-0.2310850141358616,-0.5197966842034638,-0.3987983360864717,-0.140810301827251,-0.008363988025004975,-0.11446577548272463,-0.1674787268007607,0.27349074806701923,0.2148303927964945,0.29557647015274136,0.6765520528232393,0.35569066755507434,0.5808663825612979,0.37129193908854924,0.3741209622565555,0.4363553075417482,0.4480998718286854,0.2633369887607176,0.11931962779420406,0.0028586367569418416,0.2988506225794361,0.4385559673695267,0.22327396734176394,-0.03491488406742644,-0.127656315791909,0.16139914953474274,-0.2578718934651138,0.3071276206869427,0.18974722025569482,0.28313876279977973,-0.2317073622158368,0.12415126991398177,-0.08299254570441011,0.11008018804628975,-0.09877520047011572,-0.2637451010332366,-0.15127315296806823,-0.18882318373843798,-0.26525493135662626,0.09367749876224453,0.10057839040889888,-0.04652526177949907,-0.014436624606116132,0.034644197356061765,0.10554005469259707,0.19049172439002948,-0.0776306352577539,0.12906666296496805,0.143626831762425,-0.33507313168330116,-0.2574313913296964,0.14939639176927313,-0.07080979284369116,-0.15311937515327345,-0.05283249351045961,-0.15894584877635726,-0.11909567502787842,-0.3521592470745013,-0.10168889999398474,0.11835209631819801,0.2696224730123035,0.33016976915282,0.36672450570755655,,0.057825159520074776,0.14274860376555293,-0.031161824382163365,-0.001378420022487819,0.26856424992018213,0.5136023542803204,0.17936997089539464,0.012055969683088327,0.07443977104994054,0.020766529241105513,-0.06588838453245233,-0.06184427879343134,0.08877691250572607,0.1262556855777195,0.21172744393083376,-0.02646066713863324,0.11325115562403698,0.12147725537556046,0.41128231467214516,0.3957245380974195,0.10850048816150511,0.35251599827871016,0.3355034541475219,0.2984568543890578,-0.11654335383148942,-0.09264379942346045,-0.1003803495328919,-0.08947653354433016
#26,0.03937866988714446,0.2763132932624458,0.239256513832785,0.24631472767065987,-0.08508724440927831,0.048162800705173585,1.0,0.17159270210117666,0.30126624713306505,0.38652442889731026,0.15986387003336155,-0.1676383625536168,-0.12553570519672214,0.26308203426847493,0.1057394837055854,0.00846948643558813,0.1278862838184872,0.05417944909470333,0.15831100746354984,0.00035628849188171224,-0.024007366380247735,-0.08522837166904963,-0.06517210585007195,-0.035372969271274354,0.02121443477375681,-0.12226664260562566,-0.09764479425496375,-0.23367250146911164,0.011599735328548888,0.07986229681144935,0.14649148377961937,0.09772576891220959,0.003887246260127616,0.15753457617864397,0.06418467774399977,0.04158673311215684,0.04743032709134404,0.09563430919363122,-0.1111397992753925,0.00512870343378818,0.11671270654321501,0.0764900493714053,-0.002171971663497087,0.12493232832215884,-0.2451917248527418,-0.04291795647727851,-0.06697483307652799,-0.17475996798030696,-0.026426426426426425,-0.12674662335679285,-0.04891239467510654,-0.04308314477806003,0.05163360587089401,-0.0056626734592836285,0.07437036420087267,0.029172624087878324,0.06847078203010407,0.03429855124770379,-0.13935275799682578,-0.14139054308545834,-0.07325800376647834,-0.07658305454915625,0.016590087776528456,0.19207466326110395,0.056623958318873575,-0.06257536427027953,0.2192696548628752,0.4091047904607227,0.07278511176816262,0.08076875026027569,0.05071465918923546,0.05177982296626364,0.029349380196837825,-0.12489438591133506,-0.018570033824271113,-0.10601849923883822,0.00204102407492238,-0.007842048520014622,0.2427051088068037,0.13674676217049098,0.06504856165873114,-0.12555791538842387,,-0.05604926960859164,-0.1584428804767788,-0.04320252455845676,-0.15594053221171866,0.08449312178125737,0.18292637784163207,-0.03472424658865337,-0.03228436448775432,-0.09001559340542391,-0.12176691329233702,-0.046595131340894054,-0.015073779480559142,0.030058255481984295,-0.03484455179370433,0.20389927678063272,0.01020558308693902,0.10466599110666908,0.0018434459112425213,0.0922310600276702,0.08936455716116733,0.04241452546537292,0.10891230213264111,0.10424631102597204,0.17527496680039054,-0.050167733218580673,-0.060596806359518224,-0.07941948111439637,-0.02481341125408922
#49,0.0646163883452019,0.3596621274587376,0.08225868395359921,0.273909502723062,-0.03501621806706552,0.10748668545278715,0.17159270210117666,1.0,0.6948727650847464,0.21586871925854978,0.15454314098381894,-0.27308772563009853,-0.335666791598995,0.3967300119842493,0.4127056177903636,0.00026744772507484373,0.12526548119768458,0.04076032889592212,0.3663696053526562,-0.029395188717222614,0.23631782784325156,-0.1012183215573046,0.30647936071664883,0.014464850058070397,0.3184289065644998,-0.00771341449307551,-0.020646686748381663,-0.22077855976161062,0.07911594182780624,-0.0807858706163791,-0.041038881716847816,0.0789359467325569,-0.1506697760935049,-0.17253154541290133,0.1953742648657903,0.041507146591892356,0.05768727124659328,-0.14734565073548125,0.10042523262862246,-0.2459593646034324,0.3173350546231902,-0.0791103892798808,-0.2182942572773081,-0.29215795147998536,-0.30808450977942503,-0.30083658388743134,-0.12464128226840092,-0.1757802486616046,-0.13118958712179052,-0.34084870695040187,-0.1267868793292522,-0.12018675069522528,-0.09216674301420064,-0.09518223925003585,0.4001031848489476,0.09626868779411152,-0.17567012312775024,-0.05656797012729216,-0.45934054239138983,-0.4141261446346192,0.012911062063604437,-0.31239976494213784,0.04620830383542248,0.08346219871643601,0.16065603353738947,-0.19819264565027278,0.22759477505240217,0.13662229255449596,0.23696423696423696,-0.09303849303849304,0.20778004506818065,-0.12770073617531244,0.270968503171893,-0.039265305367000285,0.25171967036373816,-0.08928497064090285,0.06684064650166345,0.12228885279732737,0.05583133210251855,-0.03625721252839897,0.3585955755447281,-0.30258980089488563,,-0.22132687386924674,-0.012117973134922288,-0.22509797933526748,-0.20196236297931214,0.15427199156012716,0.19485232536079994,-0.015071465918923546,-0.09727138540697863,-0.24477065663506342,-0.24707403859946234,-0.33884099816303204,-0.25606638996469505,0.19872291397715128,-0.008092838601313178,0.18663779341745443,0.09580828902862801,0.1776375759426607,-0.09761980778929931,0.18771313686567923,0.0938537921588769,0.06052369781183341,0.18979858132400504,0.20836954057293042,0.0027651688668637823,0.0035425255764238816,0.1040394786157498,-0.25161509737780924,-0.3201316879282981
#50,-0.07417603360402443,0.4868643474211163,0.08736241102763967,0.2848661008696814,-0.12228562795680523,0.08155120623912174,0.30126624713306505,0.6948727650847464,1.0,0.22262619583676999,0.23388213720833514,-0.3542509791283193,-0.36757339399184413,0.46797249498796045,0.438390598424768,0.15750891386481894,-0.010679633101472087,0.053199199183683175,0.15434488660596987,0.015319481498387723,0.14426238383171988,-0.0687738665599965,0.372243550049692,0.24136049470431625,0.2490139888363714,0.23871401124321837,-0.21066114774186667,-0.17372536331308658,-0.024157519324893545,-0.10814236133001656,-0.09725288816392207,0.057762237325411775,-0.039745605360245566,0.002075265027191885,0.08174091831518611,0.003751440626077639,-0.04201243331302439,-0.019682627891677774,0.057304614780954076,-0.07115012599079781,0.26819850685028507,-0.13704129441937726,-0.33635465238212076,-0.19723045818127097,-0.29141903360437293,-0.14274399315463399,-0.28167870663560973,-0.19234722307213617,-0.23813006821884464,-0.2387625960431861,-0.16107503818244834,-0.08785057258921992,-0.12812135650149734,-0.14734289150586258,0.24466217889640715,0.08519668573003172,-0.1233142375789786,0.17077071340647929,-0.3887043116349401,-0.42635267312991315,-0.03722336017335082,-0.3254031757570199,0.16342769928183679,0.20261874385387957,-0.020615687407247996,-0.19285204227941966,0.41679534890769504,0.17406406877571856,0.28576144932622904,0.09422813733164707,0.17005790498409598,-0.05444505226856927,0.23507848006849225,-0.15697517513374518,0.1727585257937293,-0.14428320588884888,0.08133882125640578,0.19343899293426756,0.10947867468531872,0.03890740188270753,0.3514138581663958,-0.3208806249485977,,-0.24120386656346798,-0.05754684471222162,-0.28589031472423865,-0.2741149787053997,0.25583182440898206,0.27991507839678215,-0.1033431085179688,-0.21103941511304378,-0.3029107269338766,-0.29530604895797946,-0.30979056596549365,-0.19691951546147768,0.15565991519176237,0.08501206349015446,0.1957770785936657,0.13455352130484055,0.21222742915034928,-0.02649653040905296,0.04598944622466637,0.19466726294868916,0.06145213720486366,0.20982225019575765,0.19599293391923647,0.093101432684777,-0.1067222970338177,0.025803618619037384,-0.2297949987500997,-0.16920211843609342
#51,0.30304973694804205,0.3651540600693143,0.39951415205652496,0.4093259669530856,0.13220801695377968,0.3333934859358588,0.38652442889731026,0.21586871925854978,0.22262619583676999,1.0,0.36875442468662806,-0.31373422729354933,-0.0063271283610266665,0.20584266855453295,-0.10949994678808238,-0.1412443259900887,0.6331797128407298,0.2708523623777861,0.02597250563352258,-0.2435713062831707,-0.255374635035652,-0.2689589435352147,0.034538698945478605,0.08412110107025361,0.13525497762785899,-0.07742519098451302,0.3140442445527191,0.09856929348454772,-0.10402652267059047,0.15020058579380613,0.35368851131562995,0.12990926211265194,0.36441464577057797,0.1450774349079434,0.03766200715353258,0.0024611668679465288,-0.004083898999153237,-0.09345493413290024,-0.057457303220015084,0.054329830601017044,0.33633402277470076,-0.02087572935030562,-0.16283818487208318,-0.12644863661812814,-0.2665463614616157,-0.18839980195912398,0.23407922560464933,0.04006672311757058,0.2591573083098507,-0.1457650254260424,0.024070757969063054,0.09912593641407201,0.2560719425126205,0.08999430863837643,-0.04612964273981223,-0.01832202001693527,-0.09692342573698506,-0.33467982620524994,-0.0647348427009444,0.029302183539471675,-0.08243405192557735,-0.00040070887528514645,-0.17509867340375815,0.09560839730331255,0.39791918266494536,-0.055140965310456834,-0.0029571944826182112,0.13139919580597548,-0.16423696423696424,-0.21681496596750835,0.2968466154906833,0.06818852751056141,-0.19714413951702087,-0.1613084579186274,-0.1174993174993175,-0.14828125506091608,-0.16381080618368754,0.04674181114859081,0.18217539573471778,0.12591281574332422,0.23247592739118164,-0.04741459487222199,,0.05207457071863852,-0.3589444606393759,-0.14778245117228167,-0.1187731645358764,0.19769152820000277,0.2856850687359162,-0.2932925221060814,-0.24005469259706547,-0.2168209812277609,-0.11902164105553936,-0.0729956458770018,-0.07194019905884312,0.5000393305478051,0.06667684633786329,0.43913158150446285,0.021447641786624838,0.22182521504555403,0.22876219825372368,0.3483696331153958,0.0763396678650916,0.3766626410694207,0.3536093875076926,0.4387988913412642,0.38373473627710913,-0.05219996575928779,-0.08517099534048686,-0.061775797369017706,-0.01837014209895566
#52,0.18968244052989816,0.28860246995840216,0.09046164808876674,0.19119643526423188,0.17583207244224194,0.21993596061392673,0.15986387003336155,0.15454314098381894,0.23388213720833514,0.36875442468662806,1.0,-0.008593030626928932,0.088920353327133,0.2231370044929367,0.071430752786685,0.014328812633897379,0.22459593646034323,0.1255639306486764,0.06817973597634615,-0.058674236640338336,-0.16767075241651513,-0.004837194667703142,-0.012475187051458237,-0.05980140386920048,-0.021043231212722738,0.061465780109847906,-0.08531906328516498,-0.11394152241609869,0.11915258864411407,0.20471226233938097,0.09152079660554237,0.10502690672182198,0.3326619377466835,0.18978238639255587,0.12894358148595436,-0.01304386050148762,0.16943599994447453,0.19102153000458086,0.09437850793782997,0.23983166525539407,0.15840863976457198,0.09076565008768399,-0.10787443838291295,-0.09326475936645429,-0.13533919127139465,-0.08801204902899819,-0.0711040778837389,-0.12416792755775806,-0.06507586168603118,-0.1467098839980196,-0.16244811838032178,-0.21157428615055734,-0.15459357662747494,-0.1562852528954224,-0.020866937816090357,0.005197184858201807,-0.241917572426047,-0.06544140442445527,-0.13179897925660639,-0.19230000416441095,-0.003148757386045522,0.09402823470620081,0.09257809427300953,0.2142228515109871,0.06103268137166442,-0.06865031441302628,0.16927497605463707,0.3170768611446578,0.10156628122729817,0.0725037826732742,0.018107784209479123,0.0077444162189924904,-0.03896685591600846,-0.24910256944155248,-0.0888430803685041,-0.08903371784727716,-0.06675134302252947,0.053218395591276946,0.3368467080331487,0.25330584822110247,0.12897921033514254,-0.011339228288380831,,0.15540748761087744,-0.21333074214430148,-0.007838809533724789,-0.028145402721673908,0.15773261705465094,0.25670585840077365,-0.07526710069082951,-0.1689006417819977,-0.16857396687905163,-0.21338996932217272,-0.12246468348163263,-0.07934498442973019,0.012638987215258402,-0.02386161199720522,0.027717856531415855,-0.06675411929649218,-0.1291041426634647,-0.050685508312626956,-0.03822050093236534,-0.007767089123021326,0.11734014445878853,0.16364978229385008,0.2692536912875896,0.17188467357958884,-0.029960623180962164,0.22638015519371452,-0.10700592734491039,-0.017417417417417418
#53,0.002427388868066834,-0.3788244330617212,-0.39124964718185057,-0.26743708269132,0.4085731339968628,0.2016736304871898,-0.1676383625536168,-0.27308772563009853,-0.3542509791283193,-0.31373422729354933,-0.008593030626928932,1.0,0.5036369188911561,-0.31556517997195965,-0.26603089992920503,-0.43860270131456575,-0.1503518927247741,-0.40781150950642475,-0.2059500178144246,-0.23415418500164262,-0.12075125973431058,-0.08266494537680978,-0.15995502436180403,-0.10091940939398567,-0.3442269696506985,-0.14629251747895816,-0.045288894441436814,0.025158131937792955,0.3023320701286803,0.3512199410504495,-0.030642661151135727,0.15331325161833637,0.13003465715330123,0.0543700865734764,0.2860251622963487,0.37215952470189756,0.36600498803888637,0.14895866590781845,0.21461430613972987,0.13531651836736583,0.0293003326901632,0.11669234720082178,0.25238736425177105,0.10810348098483692,0.48760717574276896,0.05788947653354433,0.19502399163416112,0.07514031751319887,0.06671432603635993,-0.09662960340926442,0.056638302401014265,-0.2687187958374399,-0.29236061947926356,-0.2252900049510219,-0.1667929871319702,-0.3026444009494857,-0.01416778874405993,-0.12295932295932296,0.4588070350782215,0.19191225123428513,0.1642721303738253,0.30244959905976854,0.19581661785051616,-0.1534108839193585,-0.30184390862356963,-0.013513976225840633,-0.07916036221120967,-0.05040510464239278,-0.18682149021132072,0.014382949976170315,-0.42011873198313876,-0.02987455868811801,-0.1765187375356867,-0.08506133251895964,-0.12295700939768736,0.0772262246838518,-0.11891475450797484,-0.19641259132784555,0.05110611381797822,-0.07323162916383255,-0.2411693665930954,0.5130475622001046,,0.4193992143144685,0.3891840993535909,0.46944617961567114,0.44035591832202003,0.055395457090372344,-0.028949134033879796,0.42697427782173547,0.32425815646154627,0.49840225433445773,0.41331038280190824,0.2466807331214111,0.273027573027573,-0.4380164447961058,-0.2839966314542586,-0.4513892937621751,-0.4177135533067736,-0.2959707010554468,-0.23086059865720882,-0.17173197851163952,-0.04210219464456753,-0.2538638792876081,-0.3785144158025514,-0.22899262899262898,-0.2912005996751759,0.14640773284841083,0.15763776102759153,0.11155531494514545,0.11298648417292485
#54,0.10340926442621358,-0.28306935595071187,-0.11687835755632366,-0.046765872189601,0.3473030812013863,0.19517992568840026,-0.12553570519672214,-0.335666791598995,-0.36757339399184413,-0.0063271283610266665,0.088920353327133,0.5036369188911561,1.0,-0.17806095772197467,-0.3562195477449715,-0.3797975170856527,0.12623625165998048,-0.19860908674467997,-0.15227492515628108,-0.2804596584257601,-0.3005913463540582,-0.12866456595270154,-0.21718282226756802,-0.14672330265550604,-0.2565346548397396,-0.21986840461416732,0.16731446392463342,0.2061392671562163,0.24108700379886822,0.25997029386859893,0.09561024815262104,0.17301369165775946,0.27580338427796053,0.07127898314338993,0.20190868834936632,0.20723219367287163,0.3075584058634906,0.11355978474622543,0.051620649925734674,0.06454698149613404,0.1527496680039053,0.22450200585793806,0.39341143917415106,0.2772336280810857,0.36422724727809475,0.03607814285780388,0.23517677924457586,0.2534599314260331,0.15272930866151205,0.10519394587191197,0.1902039173225614,0.026411156919631498,-0.05861593488712133,-0.12885844241776445,-0.2606583470990251,-0.2423557609998288,-0.10124330802296903,-0.2700574225997955,0.3066445490174304,0.1331172466765687,0.12061244603617485,0.3298833502223333,0.07874438382912959,-0.20795402490317744,-0.13894557114896097,-0.09669114414877127,-0.07512551071873105,-0.048929977743537065,-0.3978562537884572,-0.17984563916767307,-0.26127005279547655,-0.19273911816284697,-0.09519380705821384,-0.008573133996862811,-0.18613898952882005,0.06255454221555916,-0.15417204569746942,-0.13679951137578256,0.1964741320673524,0.1244446295293753,-0.11702179837773058,0.5174775700199429,,0.4998088998088998,0.11425200238759561,0.34614259868497155,0.3518751417056502,-0.05688816705765858,-0.05887459107798091,0.2678424186898763,0.26387327234784863,0.2339593831119255,0.09611182831521814,0.1668804397617957,0.09946279098821471,-0.2376888444685055,-0.20981274032121489,-0.15142122091274635,-0.19036031408912765,-0.21764877358097698,0.07135301711572899,0.031229380381922755,-0.11487990301549623,-0.05797276475242577,-0.09687252738100195,-0.010558169880203779,0.033263001059611226,0.05152810746031085,0.052923185126574956,0.09545477681070902,0.08766038766038765
#58,-0.20309878445471666,0.3415353720438466,0.11526534238398645,0.29361271903644787,-0.08470180504078809,0.1892863587778842,0.26308203426847493,0.3967300119842493,0.46797249498796045,0.20584266855453295,0.2231370044929367,-0.31556517997195965,-0.17806095772197467,1.0,0.2706510825154893,-0.03760139183867998,-0.025545422155591645,0.0019924392805748736,0.05683449242771277,-0.13136541780609579,-0.14810773793824641,-0.2723830147558961,0.12054951715968665,-0.020818815734069972,0.05069753883313206,0.1075630329867618,-0.1674232013215064,-0.015482354465405314,0.08444129800062003,0.10630584359397918,0.11768301429318379,0.31312899956967755,0.11553510367069689,0.24127208872971584,0.38703202432015993,0.20363044091857652,0.25525247898129255,0.139846934762189,0.10635627923763517,0.05564809802097938,0.3165058741329928,0.005513680089951276,-0.0691713284933624,-0.10722432756331061,-0.13172124358565038,-0.18265754197957587,-0.15331510246764485,0.02956824312756516,-0.0885548105887089,-0.2170347543228899,0.0445207919784191,-0.050984420475945896,-0.04304936677818034,-0.2495166969743241,0.18193247176298025,0.09496430174396277,-0.1074663261103939,0.1981038048834659,-0.3542632000259119,-0.3215114960877673,0.026624467302433404,-0.3076541873152043,0.3942452467876197,0.4034805221245899,-0.1312279922449414,-0.35065450658671,0.7057459616781651,0.417547902293665,0.05810371234100048,-0.061139105206901814,0.04355094694077745,-0.12559446966226628,0.27034013983166527,0.009928881115321793,0.2517474331033653,0.020220065982777848,0.03960077180416163,0.027314371382167992,0.11877825437147471,0.003898814068305594,0.4341037493579866,-0.07217571963334675,,-0.12970566868871955,-0.011929186505457693,-0.2948592660457067,-0.33534890823026414,0.12673366741163353,0.3415076093042195,0.05845398557262964,-0.04408352882929154,-0.22768916836713446,-0.2653016653016653,-0.3354030455725371,-0.21594830577881424,0.07741778758727912,0.04460222934799206,0.16097946945404573,0.043706880995016587,0.21177649143750837,0.20650804888093025,0.11686910330978127,0.24518015704456383,0.10554838351448521,0.33915841881943576,0.14866530629242494,0.1763928797827103,-0.026301494098104266,-0.01541109676702897,-0.2858308231189587,-0.13179574027031654
#101,-0.2320659642693541,0.12971446022293479,-0.1745822864466932,-0.01002882697797952,-0.43629191595293293,-0.31015977456655425,0.1057394837055854,0.4127056177903636,0.438390598424768,-0.10949994678808238,0.071430752786685,-0.26603089992920503,-0.3562195477449715,0.2706510825154893,1.0,0.22431507007778195,-0.11404193099108353,-0.24654006857396688,0.6114114114114114,0.05491145999620576,0.5926687858891249,0.24653729230000415,0.44629483104059375,0.09084060948467729,0.5579047460403392,0.2289389543626832,-0.36341379900701937,-0.38830402050741036,0.24815771086957528,-0.31661646237917423,-0.2166928099131489,-0.09481901007324736,-0.16701508904898735,-0.19179888671414094,0.11324976748705562,0.009440719610211135,0.22080354622727505,0.06483432585127501,0.48489012895792555,-0.16719462143190958,0.07279945585030331,0.013290023459514985,0.05038289445069106,-0.055777657472572725,-0.13482604330061956,0.03532993702485228,-0.39040103277391414,-0.21311881989848092,-0.449170588153639,-0.22529139308800325,-0.28974999652965755,-0.09384083621371757,-0.26274101528338817,-0.07328900549239532,0.7074991786856194,0.39033579033579036,-0.2598319428827903,0.2625161370924083,-0.4488610336067963,-0.44308592105202277,-0.19704558179134452,-0.5126783177630635,0.2689626452338317,0.26625901710647476,-0.38857285636946653,-0.23147600605227725,0.38724626012761604,0.23558627965407627,0.6538564758903742,0.2951609544829884,-0.03274985308883614,0.0511611765849054,0.3626443084070203,-0.012270668202871593,0.2826556911302674,-0.056212144347737567,0.048219251609082116,-0.19616735379447245,0.22240915800237834,-0.10351476283679674,0.02956870583989228,-0.2056228801991514,,-0.3032112235502066,-0.06498239379595312,-0.4329627007593109,-0.455429235090252,-0.04409741019910511,0.008244608244608244,-0.05654807349722604,0.041468741468741466,-0.48276257767783193,-0.3032496286733575,-0.3995358995358995,-0.3365848128559993,-0.11367314926636961,-0.18558003303766016,-0.1245802042412212,-0.06383579264935198,-0.08287270321168626,-0.31929510404086675,-0.17020178884585666,-0.04889619974365737,-0.13207984563916766,-0.15359643156253325,-0.2034939407820764,-0.2660470948606542,-0.19721169551678025,-0.14655718893007028,-0.41169320321862696,-0.3196148382589061
#102,-0.16399774196384365,0.2908498637312197,0.12983198915402305,0.008994202214541197,-0.2837555583318295,-0.371232711910678,0.00846948643558813,0.00026744772507484373,0.15750891386481894,-0.1412443259900887,0.014328812633897379,-0.43860270131456575,-0.3797975170856527,-0.03760139183867998,0.22431507007778195,1.0,-0.2399778823507637,0.360526011373469,0.007715728054711105,0.6346113447808364,0.30526103915934427,0.6538611030136454,0.22098770573346846,0.3391190882716306,0.097389377050394,0.48625790659688967,-0.3053420138165901,-0.09625665727360642,-0.2051199118995729,-0.43374514730446934,-0.09891447688057857,-0.4201201201201201,-0.3698593817237885,-0.2793306403475895,-0.5193557193557193,-0.5576854203972849,-0.5433593840373502,-0.05532605024130448,-0.1812004608614778,-0.04113790215485131,-0.31817626563389273,-0.22625799913935507,-0.1999051439729406,0.14411591869218987,-0.2834163901960512,0.34299661757288874,-0.3013515827075149,-0.2926604570672367,-0.31571602419060046,0.14958610382339196,-0.3343152088914801,0.0945270385948352,-0.10559558017185136,0.32509983018457594,-0.04796429711683949,0.2437485251044573,-0.19120383866146579,0.42154018425204864,-0.35451907994280873,-0.18243035022696039,-0.25888477074917754,-0.3104790460722664,-0.11179916434153722,0.1587510468866401,0.03814878052166188,0.2365269738151094,0.03549049820236261,-0.021037678664797308,0.4433630857359671,0.44757608147438654,0.2843709657268979,0.34810079725333964,0.12404484607874439,0.043052143052143055,-0.14872592160727754,-0.1017800543224272,-0.016680316680316682,0.08754887398955195,0.042344655903977936,0.3494283189198443,-0.02625290930375676,-0.131917896324676,,-0.3148040181938487,-0.07819190531054938,-0.2891257976003739,-0.31037632393564596,0.004895959133247269,-0.03496254343711971,-0.2059190160885076,-0.1015403693369795,-0.3059426144171907,-0.21748312256786834,-0.2335841234146319,-0.2811125455193252,0.07721743314963654,0.299323977290079,0.004994979571250758,0.3691491183016607,0.028385550419448725,-0.14385124724107776,-0.08406141118005525,-0.006911071317850979,-0.046569219450575385,-0.04492011271672289,-0.035126343600919874,-0.10890582416006145,-0.29682116631269173,-0.034294849549086834,-0.1636641263759908,-0.21491645728933864
#201,0.4963353183692167,0.04256305612237816,0.49162444416681705,0.18244099261048413,0.2575526219594016,0.27144648500580704,0.1278862838184872,0.12526548119768458,-0.010679633101472087,0.6331797128407298,0.22459593646034323,-0.1503518927247741,0.12623625165998048,-0.025545422155591645,-0.11404193099108353,-0.2399778823507637,1.0,0.3997843760555625,-0.006533960771248907,-0.3703438415302822,-0.0853218395591277,-0.2585437517640907,0.02818103157086208,-0.12581749700393768,0.19171976290620357,-0.2969340681205088,0.5164221232017843,0.06443731867460681,0.058508585627229694,0.08175802921565634,0.3880342592206999,0.043609711406321576,0.41182692708116436,-0.0228029261927567,-0.0898263440636322,-0.11299897740575707,-0.004406872203482373,-0.19319350166807794,-0.012984633323616374,-0.014917845426320003,0.2680839545246325,-0.010068620238111763,-0.03822512805563653,0.0015269506794930523,-0.18356538356538357,-0.19765867562477732,0.27966656949707797,0.1729276271649153,0.3614731835070818,0.06959656112198485,0.19397317193927363,0.25750773886367107,0.45816849206679716,0.18176311905125464,-0.03267813267813268,-0.05933360170648306,-0.023175872328414702,-0.5135681135681136,-0.11860566267345929,0.04655348723145333,-0.19222458205509052,0.05647126325092427,-0.3541475219441321,-0.046535441450695686,0.3734213412179514,0.0001230814790136824,-0.24694586728485032,-0.08256453680182493,-0.1505675166692116,-0.2980020081714997,0.37425514883142,0.13307421443014664,-0.08297126093736264,0.02165910132011827,-0.13669910280079772,-0.0057552159247074505,-0.16968864087508156,-0.0293197666079022,0.30963505878760117,0.06768139480003887,-0.001404331912806489,-0.0686387466048483,,0.1207031376522902,-0.24075940347126787,-0.1791904385124724,-0.11103615171411782,0.0480225988700565,0.06695123474784492,-0.19617198091774363,-0.10576261932194135,-0.19617290634239787,-0.1277673667504176,-0.2086018221611442,-0.18742856878450098,0.5234960692587811,0.034446156480054786,0.5374676679761425,0.13674815030747234,0.17314602738331553,0.27765978613436243,0.5502422299032469,0.09275947750524022,0.5018707459385425,0.42627697034476697,0.4991051143593516,0.4772674060809654,-0.10214605977317842,-0.09214499553482604,-0.21121660952169427,-0.22606180911265658
