,#10,#11,#12,#13,#17,#18,#26,#49,#50,#51,#52,#53,#54,#58,#101,#102,#201,#202,#301,#302,#401,#402,#501,#502,#601,#602,#701,#702,#801,#802,#901,#902,#1001,#1002,#1101,#1102,#1201,#1202,#1301,#1302,#1401,#1402,#1501,#1502,#1601,#1602,#1701,#1702,#1801,#1802,#1901,#1902,#2001,#2002,#2101,#2102,#2201,#2202,#2301,#2302,#2401,#2402,#2501,#2502,#2601,#2602,#2701,#2702,#2801,#2802,#2901,#2902,#3001,#3002,#3101,#3102,#3201,#3202,#3301,#3302,#3401,#3402,#3455,#3501,#3502,#3601,#3602,#3701,#3702,#3801,#3802,#3901,#3902,#4001,#4002,#4101,#4102,#4201,#4202,#4301,#4302,#4401,#4402,#4501,#4502,#4601,#4602,#4701,#4702,#4801,#4802
#10,1.0,0.11193150006709329,0.4016565101310864,0.3282370197624435,0.19205893104198188,0.28937149784607413,0.10091848396933142,0.4689371960558401,0.24798095476061577,0.2401643554185927,0.32834760800862495,0.1585062720655941,0.3256833104290731,-0.05385555046571996,-0.26960581536852724,-0.3422155591647117,0.47867590240471597,0.3653285026166382,-0.25745684050768797,-0.32822452652961126,-0.21914240897291745,-0.1896278404752981,0.0750102953492784,0.12501978095198435,-0.08098020979376912,-0.21444171444171445,0.3429008361211751,0.2937112767621242,0.3191317665893937,-0.12793857031145167,0.28902307546375344,0.14420984929459504,0.23827648912394675,0.06197198739571621,-0.002461629580273648,-0.11683486259757446,0.12157766395054531,-0.09903894649657362,0.1756955723057418,0.08419328419328419,-0.1304746965763915,-0.1262441177695415,-0.05163314315856689,-0.1004044105739021,0.03752550701703244,-0.10695549170125442,0.3567530550581398,0.22255953950869206,0.1932092338872,0.09258919936886038,0.353941152246237,0.30415700754683805,0.25273393578478326,0.34872083177167923,-0.28474900169815426,0.14618655635604788,-0.3370341065256319,-0.28107090140988444,-0.04470310063530403,0.11730868002054443,-0.07437591674879811,0.0212796772118806,-0.1912140183326624,0.0073659175354090604,0.28846874609586476,0.059867571731978514,-0.0899207373783645,-0.005729766746715899,-0.3122456817372072,-0.19163231027637806,-0.026606884234002877,0.0049075269414252465,-0.28757987571546895,-0.19455202506049965,-0.26909544367171484,-0.10920288547407192,-0.22441918035138375,-0.34229144398635925,-0.03802014649472277,-0.13674537403350961,0.11086957527635494,0.06734037581495209,0.05465696821629025,0.11140956056210294,-0.06169944983504305,0.13585696636544095,-0.04487708047030081,0.06859340079679063,0.11820449108584702,-0.2868552682112004,-0.08678632407445967,-0.31532271871254924,0.0250091385684606,-0.05640463267581912,-0.14142987363326345,0.21129804689126724,0.2322866780493899,0.4076625161370924,0.5118620932180254,0.0751555870199938,0.3070836630158664,0.5760060522772387,0.2878820268650777,0.34915254237288135,0.17058769092667397,0.11310308767935887,0.06409167256624884,-0.1865161000754221,-0.05393189799969461,0.03258744106201733,-0.16062965893474368
#11,0.11193150006709329,1.0,0.2017555305690899,0.1047562200104573,-0.17572842488096727,0.03636039737734653,0.2964292489716219,0.1746544695697238,0.39262482821804856,0.3179277891142298,0.24226692023302193,0.003086753934211561,0.08333634096345961,0.08667619854060532,-0.025891993688603857,0.03645617882906019,0.06772350162180671,0.00957814517136551,0.010535496976174943,-0.06423696423696423,-0.10627530458038932,-0.057375865850442125,-0.30913347862500407,-0.166718490447304,-0.23459144815077018,-0.22671562163087586,0.14574003896037793,-0.02543668475871866,0.14593206457613236,-0.01400213773095129,0.020093282805147213,0.043055844750760006,0.08506225794361387,0.05698487393402648,0.021288468746095864,0.18595066561168255,0.017744555032690627,0.061420897014117355,-0.017735763498475363,0.02346691838217262,-0.021931638880791422,-0.03385989996159488,0.14670201788845857,0.21955653650568904,0.0013270589541775981,-0.07173059037465818,0.10783788410907055,-0.01062433774298181,0.10935372969271275,-0.0009550382431738364,0.045768264412332206,-0.05013488064335522,0.06324814799391071,-0.06608596269613219,-0.021053873596246477,0.023946288353068015,-0.087319831387628,-0.1537861436166521,0.030642661151135727,0.02723756113586622,-0.10323898628983375,-0.09093361466242822,-0.14690792487402657,0.2419004520699436,0.29030432589754623,0.1707306690357538,0.07527033967711934,0.356885853496023,0.06443084070202715,0.06375713155374173,0.1681010748807359,0.22725375606731538,-0.05483603788688535,-0.12870112022654395,-0.02087017680238019,-0.17720586534145857,-0.11500714890545399,-0.23260085971950378,0.04592836287751542,0.016600267447725074,-0.018889768042310417,0.016761291337562524,-0.1406626965949,-0.02318096216401301,-0.23094851399936145,-0.0911367453740335,-0.19302183539471676,-0.09630570478028105,0.13513328428582666,-0.10999504897809982,0.11540785778073914,-0.018621394892581335,-0.18959961502334383,-0.09532984448238685,-0.05653280399043111,-0.06298949180305112,-0.10006801871208651,0.00958369771929094,0.04190276563157919,-0.022753878686082075,0.0163804790923435,-0.002556022895005946,0.023313297889569075,0.11199165266961877,0.12948819389497357,-0.027633642887880176,0.06830744457863101,-0.12852158784362175,-0.08722081094962451,-0.08810875590536607,0.0022696039645192186
#12,0.4016565101310864,0.2017555305690899,1.0,0.4957953330834687,0.016471170708458844,0.35374820120582834,0.10094254501034162,0.2342407122068139,-0.039164434079688316,0.34591494422002894,0.35818237343661075,-0.03385573555065081,0.15695711119439934,-0.08147068486051537,-0.28929237403813673,-0.18188157340699715,0.7057538277877261,0.741326688784316,-0.21731654613010545,-0.3946491946491946,-0.5230541789863824,-0.20258471105928733,-0.013356654034620136,0.09551215313927178,-0.17490896134963932,-0.2612284086860358,0.41378882734814937,0.2783135986525817,0.44017546051444356,-0.09183312742634776,0.3455554167418574,0.13815248222027884,0.27614208970141174,-0.011185607795777288,-0.1676582591836829,-0.041509922865855066,-0.07374107543599069,-0.2452861181674741,0.10112022654395536,0.02821573499539601,-0.11663126917364205,-0.160662048797642,-0.11694452541910169,-0.04866669442940629,-0.18606726911811658,-0.16538772979450947,0.47522777014302436,0.3664954631056326,0.323577043916027,0.3006075412855074,0.5106719971126751,0.5466363127380076,0.37559285016912136,0.45462735462735465,-0.45815137171069376,0.30823766755970144,-0.5337955829481253,-0.44600147142520025,-0.12851464715871497,0.14810820065057353,-0.09553945316657181,-0.0057848295136430725,-0.40293128259229954,-0.08374861764692274,0.5808538893284656,0.28996053063849675,-0.26356788221195,0.06626503236672729,-0.26008365838874314,-0.2046692300929589,0.32187148627826595,0.03105031071132766,-0.17203320423659407,-0.07210122294868057,-0.2860779115016403,-0.07388081455878066,-0.1309785903006242,-0.1535945807132248,-0.03180869621547588,0.0706099011183757,0.048594048594048596,0.23477977206790765,-0.05041991143686059,0.09339478153037475,-0.09780165373385713,-0.006282707977623232,-0.21768208886852955,0.03791372265948537,0.17132617980075607,-0.1575887135209169,-0.0759884692088082,-0.26824312756516144,-0.04279209872430211,-0.07661266813809187,-0.19269007065617236,0.3940583110074635,0.24097687826501385,0.6869038530055479,0.594926359333139,0.34910349486620673,0.6117297574924694,0.5785074751176446,0.5283402046113911,0.4846435032875711,0.4844963607675472,0.2985517104161172,0.364372076236483,-0.10043911399843604,0.05437332555976624,0.03197342180393028,-0.3056279700347497
#13,0.3282370197624435,0.1047562200104573,0.4957953330834687,1.0,0.023511338765576054,0.381683069818663,0.10030909183451556,0.11354358981477626,0.2730997561506036,0.37678711068541576,0.31494005561802174,0.16770962025199312,0.2983425644442594,0.2248879079387554,-0.12406289185950203,-0.11028470689487639,0.4704928348996146,0.24713650476362342,-0.20339353220709153,-0.2277599633531837,-0.37840660383033264,-0.10441381288838916,0.020597639241707037,0.14041884719850822,-0.2044920112716723,-0.17201191946954658,0.224929089335869,0.13842918419189607,0.24606254945237996,-0.06551451297214009,0.2077277585752162,0.016038534682602478,0.1277359023121735,-0.0950378730039747,-0.14623930556133946,0.06850456002998376,-0.03415279686466127,-0.08012326656394453,0.05394763021881666,0.06833011748265985,-0.09156244071498308,0.02851742343267767,0.04965874965874966,0.10860043402416283,0.12924341907392756,0.03504907064229098,0.34318216521606354,0.2304122304122304,0.09675361031293235,0.06734268937658767,0.2516937584734195,0.3102310322649306,0.28167057658583083,0.22243183090640717,-0.3116386031640269,0.09019420036369188,-0.4224706987418852,-0.15236191507377947,-0.19311807955875754,0.13400472891998316,-0.10225017004678022,-0.05311104633138532,-0.064480813633356,-0.08603765552918095,0.2823331806382654,0.04395582022700667,-0.017174956158007005,-0.010908443111832943,-0.1595959595959596,-0.1445522564166632,0.2699829259151293,0.1971885599004243,-0.1301211843584725,-0.025092426787342043,-0.13394735259142038,-0.09243650430091108,-0.15018670442399257,-0.20267447725074844,-0.011711711711711712,0.0021779869237496356,0.21905356820611058,0.2490521337978965,0.14737711517372534,0.08809209826158979,-0.025097516622940352,0.007229880111236043,-0.2219626406067084,0.22756331061415808,0.11699634919973903,-0.054302993286044134,0.10820805397076584,-0.11713562561020188,-0.010719193770041227,-0.1361706853232277,-0.22267290402883624,0.22102287187032948,0.13507405710795542,0.37898730780086715,0.27898638237621287,0.2397233905708482,0.36207193325837395,0.28572486199604846,0.22970659411337377,0.2951628053322969,0.28641291522647455,0.14638182095809216,0.18506503421757659,-0.13628590069268035,-0.06457844593437814,-0.04499275855208058,-0.2123895852709412
#17,0.19205893104198188,-0.17572842488096727,0.016471170708458844,0.023511338765576054,1.0,0.31555407487610876,-0.017782497443514393,0.0014718879125658786,-0.1666675920913209,-0.0023334582656616555,0.01890272398746975,0.23693508608762845,0.1998741422470236,-0.01622870944904843,-0.2821504092690533,-0.050509214915994576,0.13146813994271622,0.09551446670090738,-0.24547536750926582,0.0819195158178209,-0.18472540336947116,-0.03973727194066177,0.014773479180258842,0.00032667490294608937,-0.1206235511320257,0.03010175044073349,0.052246236991999706,0.0660961423673288,0.06053480290768427,0.1317193927363419,0.14539346742736572,-0.023514577751865887,0.1489743981269405,-0.06737646737646738,0.23049598134343896,0.0134695558424372,0.10924406687118551,0.05286997320895626,0.13539286590134048,0.08570311451667384,0.03688650129328096,0.18159376633952906,0.05579662867798461,-0.2421618845347659,0.07740020451884859,0.13197480994091162,0.06913338608253862,0.05165211436397877,-0.11017411864869492,0.1033153338238084,0.055803106650564274,0.06965995271080017,-0.09680358324426121,0.15577997103420832,-0.2851955190938242,0.2261108566193312,-0.21240069036679207,-0.03167497235293845,-0.009260261802634683,0.1095730553357672,0.03591387998167659,0.0016532711447965686,0.17430234548878618,-0.13320007218312302,0.07688381756178367,0.14425288154101715,0.02376259155920173,-0.1839559127694721,-0.13961511588630232,-0.09979872013770319,0.002457002457002457,-0.0012372927627164916,-0.08165160538041893,0.29773733672038755,-0.1485112230874943,0.09166793912556624,-0.1086915883526053,-0.13621788198059384,-0.045214860469097756,0.07111240670562705,0.06382838925211806,0.21847702864652016,0.05704965365982315,0.06310887158344786,0.5456821999194881,0.12583554278469533,0.04253390524576965,0.2650096938232531,0.2601438109912686,0.1192770582601091,-0.07049422303659592,-0.06366782807460773,0.21420249216859386,-0.02141987904699769,0.00969706223943512,-0.06991213092908008,0.017430836074903873,-0.03930463591480541,0.06243701328447091,-0.09812231337655067,0.12388012049028999,0.24641097183470065,0.21325069291170987,-0.02711494236917966,-0.15955385277419176,-0.02091829888440058,0.0011206892562824766,-0.10733584123414631,0.14981931083626,0.031421868710004304,-0.06571856910839961
#18,0.28937149784607413,0.03636039737734653,0.35374820120582834,0.381683069818663,0.31555407487610876,1.0,0.08372548203056678,0.10519394587191197,0.1894580250512454,0.172941971247056,0.33213305755678635,0.22142867058121296,0.40711142575549353,0.2444435190197902,-0.2781294391463883,-0.13594210543363086,0.33740057468871026,0.3518154518154518,-0.3109963584539856,-0.10908304298134806,-0.37350786842312267,-0.22248272926239027,0.10852269835320683,0.2037396410277766,-0.07345974634110228,-0.10347404415201025,0.13992004330987381,0.1737989144768806,0.25678081779776696,0.1616855684652295,0.2097086300476131,0.16104008476889833,0.2660854999838051,0.018744013659267898,0.04859821300499267,0.09542886492039035,0.13691889115617928,0.1342869834395258,0.14297440738118705,0.09734865836560752,-0.02967836866141951,0.09202283948046659,-0.011341541850016425,0.03377707445504056,0.0386119555611081,0.26303159862481895,0.34631889208160394,0.31338580491122864,-0.041075898703017345,0.2901099867201562,0.19785532836380293,0.28095892502672165,0.028414701296057228,0.19475330492279644,-0.40708921556379185,0.0713266425130832,-0.4915740085231611,-0.13865359967054883,-0.2914435236469135,0.04040357769171329,-0.019652317957402705,-0.0930764354493168,0.14703054364071313,-0.16963866794375268,0.21025740686757635,0.0077712535339653985,0.2129517807483909,0.01566558854694448,-0.1211006075412855,-0.11028331875789503,0.20986919122512343,0.05023714006764854,-0.06684342277562616,-0.008855388516405466,-0.19231388553422452,-0.24100047659369694,-0.07147193418379859,-0.16540762642457557,0.0866831392255121,0.20674310674310675,0.186966319169709,0.23572092894126792,-0.04645492950577696,0.07365223466918382,0.11299435028248588,0.07238162661891476,-0.11630413155836884,0.1570556689200757,0.21135449779517576,0.13287663626646679,-0.00477102680492511,-0.08858581231462588,0.007228954686581805,-0.20198688673264945,-0.2965953626970576,0.13366463535955062,0.1793061165942522,0.35609461541664933,0.27812296117380864,0.1277210955177057,0.35363946380895533,0.33858419282148094,0.274748400172129,0.32732732732732733,0.20024107312242906,0.1713345086226442,0.166955399158789,-0.00046733945039029786,-0.08402717046784844,0.06844348200280403,-0.34145393467427365
#26,0.10091848396933142,0.2964292489716219,0.10094254501034162,0.10030909183451556,-0.017782497443514393,0.08372548203056678,1.0,0.14296237686068194,0.2328701582938871,0.29553343790631925,0.23846620117806558,0.03458311932888204,0.21300545537833673,0.08871120735527516,0.1397021058038007,0.17081765895325218,0.09592350439808067,0.06323426662409713,0.2360499174058496,0.03473257541054151,-0.07603659129082858,0.11041796804508669,-0.3487795962372234,-0.34729706594113374,-0.2748432561991884,-0.184522735370193,-0.10047890725856827,-0.27892715519834166,0.16295340024153585,0.0867969664579834,-0.05418962876589995,0.1555032690625911,0.0442496425547273,0.14137897527728036,0.11589324301188708,0.22199040334633555,0.20422965338219576,0.2689506147133266,-0.15362697057612312,-0.025489896676337356,0.09879046997691066,-0.024463600734787174,-0.19129591841456248,-0.027141316971825445,-0.24719712007847602,-0.12699324902714734,-0.01026758653877298,-0.25055039631310816,0.0987770513194242,-0.17770652007940144,-0.08033472609743796,-0.10206277155429698,-0.17381464669600263,-0.18521726657319879,-0.10236168371761592,-0.09844112216993572,0.017723270265643146,-0.23616883447391923,-0.04666361276530768,-0.14292397173753105,0.2231009129314214,0.12340491493033866,0.07505656658199031,0.20656820148345573,0.18720322788119398,0.04141460412646853,0.1565110565110565,0.32437337183099896,0.27382760264116196,0.17839272246051907,0.30114706385892825,0.27052661289949426,0.20695364085194592,0.005964824608892406,0.1529611275373987,-0.006463165785199684,0.24005839429568243,-0.007533419397826178,0.1983971644988594,0.1127842788859738,-0.22476066204879763,0.06162726671201248,-0.14616295802736481,-0.14192451311095378,-0.24770841719994263,0.13711554389520492,0.03582827820115956,0.03694063863555389,-0.08801158631667107,-0.19609424524678762,-0.04167742472827218,-0.08374584137296001,-0.30327924226229314,0.027779859983249815,-0.09936608411184682,-0.11850941850941851,-0.31420249216859386,-0.06397183007352499,-0.1101301609776186,-0.12047872217363743,-0.04443472748557494,0.040732103443967854,-0.04326776699658055,0.06215660961423673,-0.0946940777449252,-0.16057552159247074,-0.024962404623421572,0.06986030714844274,-0.09362798854324278,0.1827232471300268,0.0695007796702712
#49,0.4689371960558401,0.1746544695697238,0.2342407122068139,0.11354358981477626,0.0014718879125658786,0.10519394587191197,0.14296237686068194,1.0,0.16364422974592466,0.1360767547208225,0.28116714557392525,0.11686169991254737,0.10639190808682335,-0.07259771327567938,-0.13491442135509932,-0.25313371923541417,0.2826510640069962,0.23892521180656773,0.03543821170939815,-0.19140002868816428,-0.08158590022996802,-0.2522388335947658,-0.06728346219871643,-0.13249258503495792,0.03978817029664487,-0.11824197078434366,0.23187255051661831,0.16453633911261029,0.2835811157845056,0.09295381668263024,0.05948814762374084,0.07321728508169185,-0.001911001911001911,0.09303386591522185,0.18364080567470398,-0.0070017629339663235,0.28858766316393436,0.05281491044202909,0.24261302905370702,0.03563486444842377,0.09146018129068977,-0.13558072710615082,-0.10892063095452927,-0.10212940212940214,-0.0909886774293554,-0.15095897129795435,0.17344031242336327,0.056642004099631216,0.021951072798530424,-0.09085264000518238,0.08050083982287372,0.034326313987330936,-0.000887944955741566,0.055332528213884145,-0.17506026828060725,-0.024465451584095653,-0.24853435870385024,-0.34807257180138534,-0.04044938621209808,-0.1801394614953937,0.10373686475381391,0.13668198244469432,-0.03566447803735939,0.09198952419291402,0.2696284882725561,0.044125635651059376,0.03934535459959189,0.06697298222721952,-0.08956444888648278,-0.1372094744976101,0.0016305982407677324,-0.029627933017763525,-0.06491021067292253,-0.11944733639648894,-0.1297482382228145,-0.008843820708227488,-0.12798391611950935,-0.22062493926900706,-0.010188000018508492,-0.0810547064784353,-0.08912533488804675,-0.09644544390307103,0.05512847207762462,0.07889846703406025,-0.07760148438114539,0.19836893904690514,0.014549063701606075,-0.012294729243881787,-0.042854102176136076,-0.20462388428490125,-0.013259021733598005,-0.2074371752337854,-0.13101792084842934,0.013772169704373094,-0.0745429558988881,0.1527038594835205,0.08506364608059523,0.18085481475311985,0.28198799724223456,-0.07426532850261663,0.038531443616189376,0.28815641527505936,0.07802671700976786,0.23627063118588543,0.033113082265624635,0.03064173572648149,-0.010152371169320322,-0.006056441649661988,0.08311886616971363,-0.014298736332634638,-0.09287839457330983
#50,0.24798095476061577,0.39262482821804856,-0.039164434079688316,0.2730997561506036,-0.1666675920913209,0.1894580250512454,0.2328701582938871,0.16364422974592466,1.0,0.4708833641037031,0.43177167922930637,0.23542803203820153,0.2807520926164994,0.44225997954811513,0.0363113498706719,-0.09177436296080364,-0.01818366903112666,-0.20308166409861325,0.03227742380284753,-0.038242711124067054,-0.01249415825687012,-0.022630797207068395,-0.2262778957694212,-0.08710374473086338,-0.1428763123678378,-0.19127046923657093,0.016549369091741973,-0.06933466594483544,0.08836324768528159,-0.031058176820888687,-0.012638061790604163,-0.046614565258633056,-0.007775417944909471,-0.00697770189295613,-0.01543145610942221,0.0689853181378605,0.07200405335998557,0.05985924291009037,0.09806725060962349,0.06938417616383719,-0.07619298805739484,0.012511278612973529,0.1747076814873425,0.27340884798511916,0.33825011452130094,0.14618146652044958,0.15872837398261128,-0.013044785926141859,-0.04377304885779462,-0.1117769541498355,-0.048851779360253936,-0.11463512819445022,-0.0015667439396252955,-0.11647117070845885,-0.021272736526973816,-0.13922273583290531,-0.07763988950429629,-0.08818232716537801,-0.15170671441857883,-0.09024324787036651,-0.015039076056025209,-0.02241378512564953,0.15606083741676963,0.12255259882378526,0.038700333615587855,-0.08335438674421725,0.3555398233364335,0.23945594284577335,0.1333402740182401,0.09710989880481406,0.17772132687386924,0.21280880263931112,0.011000522864929644,-0.30522772387179165,0.05322117186523966,-0.2729248508909526,0.0019184053082358166,-0.2162981162981163,-0.03713266425130832,-0.015528162985790104,0.15874456891406044,0.11031987303173744,0.04978414469939894,0.026127976975434602,-0.17069272662493,0.01324051324051324,-0.07400482146244858,0.10531610192627142,-0.1251882082390557,-0.05293567835940717,0.20870037988682055,0.09810287945881166,-0.16277433057094073,-0.16585044212162856,-0.19962844200132335,-0.08716852445666005,-0.17273976596010493,-0.09021085800746818,-0.02264236501524637,-0.05370655709638761,-0.1215651707177131,-0.05375838087702495,-0.153156392139443,0.015072854055904904,-0.02028484570857452,-0.07543784153953645,-0.128227302803574,0.002737868839563755,-0.2144259822225924,-0.09698450376416479,-0.046101417287857965
#51,0.2401643554185927,0.3179277891142298,0.34591494422002894,0.37678711068541576,-0.0023334582656616555,0.172941971247056,0.29553343790631925,0.1360767547208225,0.4708833641037031,1.0,0.4763253237829509,0.07321219524609356,0.1525072067444949,0.22214957638686453,0.06575373524526067,-0.0845130184113235,0.42697427782173547,0.1635701957735856,0.11031478319613913,-0.3412619090585192,-0.14919187292068647,-0.1475992170907425,-0.13475571102689746,-0.1801778666185446,-0.035735735735735734,-0.18727679914120593,0.2593067643915102,-0.04084176626549508,0.24818871259549224,-0.047837051226881734,0.051029303571676454,-0.019859150367624943,0.16188499747821783,0.04136463119513967,0.07236774524910118,0.11473507405710795,0.2017314695280797,0.0034180559604288416,0.22543020678613898,0.20617073159446042,0.011640916725662488,-0.021345845074658636,0.09864008847059695,0.11894390538458335,0.22215327808548146,-0.047690834131512094,0.21487064876895384,-0.047924041144380126,0.13626924304890406,-0.1343494496036869,0.1487758945386064,0.06767214055349649,0.18940527584595382,0.04941443755003077,-0.031949823475247205,0.17432640652979636,-0.19026915976068517,-0.3506813439016829,-0.02795707880453643,-0.061300129096739264,-0.13375208798937613,-0.0712202186778458,-0.03630949902136343,0.13261751736328006,0.37810676624235945,0.1749668003905292,0.08528112087434121,0.16351605843131267,0.09522989861972912,0.07770143024380312,0.31696072035055084,0.23955357514679548,-0.08561381103753984,-0.1105174511954173,-0.12511648782835225,-0.12012474724339131,-0.09373718865244289,-0.17775001503815063,0.10288963848285883,-0.02830087406358593,-0.014358426222833003,0.020092820092820093,0.020818353021742852,0.08336826811403082,-0.03781562764613612,-0.1262829856050195,-0.2160579686003415,0.04972445480920057,0.024182271639898757,-0.17571084181253674,0.040922740922740924,-0.011453980945506368,-0.18134667795684745,-0.13602631907716653,-0.1402929894455318,0.2152621033976966,-0.039807604214383875,0.19729359559868034,0.13682773682773683,0.13732052545611867,0.009623490979423183,0.09812231337655067,0.10391269543811917,0.10979654538976573,-0.020481961159927262,0.0007204430933244493,0.11958568738229755,-0.20064964810727523,-0.040884798511917154,-0.14030363182905556,-0.041169829305422526
#52,0.32834760800862495,0.24226692023302193,0.35818237343661075,0.31494005561802174,0.01890272398746975,0.33213305755678635,0.23846620117806558,0.28116714557392525,0.43177167922930637,0.4763253237829509,1.0,0.12467089585733654,0.24217298963061676,0.29748700935141614,0.005333222282374824,-0.06247449298296756,0.3181721012229487,0.23113637520417182,0.03734828819574582,-0.1596491715135783,-0.27440090321446253,-0.05206346562278766,-0.14747012035147627,-0.10632897921033514,-0.11209668836787481,-0.21924975823280907,0.10208914615694277,0.035949971543191885,0.2286465201719439,0.001981334184724015,0.04878144708653183,-0.0449326059495551,0.03785171920765141,-0.10617859770402144,0.03699523869015395,0.011905588176774617,0.12464729752865346,-0.07245103346798262,0.14820860922555837,0.05214212671839791,-0.14043041500668618,-0.07609628118102695,-0.01320951151459626,0.07716190767038225,0.021142714363053348,-0.026977054095698165,0.2878163217146268,0.016570191146462333,0.07219700440039423,-0.006921713701374718,0.21376522901946632,0.16061022501700467,0.12509936747224884,0.07158576141626989,-0.2132081233776149,-0.028280977433519806,-0.31467168246829264,-0.23531466751805735,-0.10329034735814396,-0.041330853195259976,-0.08052952798715511,0.0335045368943674,-0.03873411161546755,0.00842321520287622,0.26256379646210154,0.12276498378193293,0.20896875303654966,0.10300022672904029,0.09093361466242822,0.06451644248254418,0.30744087693240235,0.14913681015375932,-0.020455123844954355,-0.21828083861982167,-0.1197004400394231,-0.13061351027452722,-0.053124927701198886,-0.19400463637751772,0.09720382940721924,0.10101380270871796,0.02189184562065918,-0.02201631523665422,-0.05746378119259475,0.11939875160214143,-0.07881101440423474,-0.060409870579362104,-0.1686794652896348,-0.06383903163564181,-0.11482761652253178,-0.24235298472586608,0.048899901442274324,-0.23747969849664766,-0.14819148886945496,-0.16781141696395935,-0.26428601174363886,0.17325985461578683,0.06292702563889005,0.20542298847383594,0.20171388645964916,0.023945825640740895,0.09705252247625129,0.21765340070424816,0.0916596103036781,0.2896764252696456,0.031001725916980156,0.0017518288704729383,-0.01049015116811727,-0.08896384828588219,0.1468894163809418,-0.037446383209095074,-0.1410601664838953
#53,0.1585062720655941,0.003086753934211561,-0.03385573555065081,0.16770962025199312,0.23693508608762845,0.22142867058121296,0.03458311932888204,0.11686169991254737,0.23542803203820153,0.07321219524609356,0.12467089585733654,1.0,0.46983069355950713,0.33550252872286773,-0.32464081955607377,-0.2843459792612335,0.049903524479795666,-0.04385911335063877,-0.2572227080701657,-0.11150487930148947,-0.18279172855444042,-0.17667235802829023,0.07783191512005071,0.05017467390348746,-0.15868441631153496,-0.08189175307819375,0.18283938792413368,0.1259465937432039,0.13297334314283465,0.06043485704502654,0.07053447900905528,-0.1264139331935942,0.06986354613473257,-0.20072368207961427,0.05566012854148447,0.12907221551289347,0.09612339612339613,0.05893428096817927,0.11856540670099992,0.04217345234294387,0.03445494801427005,0.16467977993401722,0.2778069286543863,0.012097613792529046,0.29643850321816423,0.024594548323361883,0.17650809515216295,0.10063345317582606,0.10615962649860955,0.09671335434047298,0.21402110893636317,0.08658226793820015,0.17607730997561505,0.17227474007135024,-0.18400357213916535,-0.04051370322556763,-0.0578668036295155,-0.1352623810250929,-0.0872254380728957,0.05384166909590638,0.117155522240268,0.06819731904477667,0.24856674856674857,-0.17727295862889084,-0.010691893742741201,0.005735319294641329,0.2786796041033329,-0.08287547948564898,-0.1925632874785417,-0.19803624888370652,0.089390469051486,0.07092824719943364,-0.06619331195602382,0.04538097419453352,-0.1141256819222921,-0.1922796448220177,-0.01701717125445939,-0.08574892303705862,0.046157868191766496,-0.034741366944756776,0.31713562561020187,0.10655432011364215,0.22250447674176488,0.19425496374648918,0.33337682829208254,0.2879486574401829,0.17383731960003146,0.01462911293419768,0.014298736332634638,0.19556166335827352,0.1801584327008056,0.28485033569779333,0.03682264699213852,-0.004711799627053865,-0.036312738007653264,-0.017578904019581985,-0.0612816206036545,-0.027806697298222723,-0.08258258258258258,-0.03622065825455656,0.05767986784935938,0.1917206883308578,0.03322829763507729,0.09945585030330793,0.04125358023663108,-0.06458538661928492,-0.02409898342101732,0.024194302160403854,-0.030382616823294788,0.03164535876400283,-0.05842853639463809
#54,0.3256833104290731,0.08333634096345961,0.15695711119439934,0.2983425644442594,0.1998741422470236,0.40711142575549353,0.21300545537833673,0.10639190808682335,0.2807520926164994,0.1525072067444949,0.24217298963061676,0.46983069355950713,1.0,0.12807830943424164,-0.22665223004206056,-0.12882975425348306,0.2765913833710444,-0.013009619789280806,-0.27236265541350285,-0.11998870981921829,-0.17708370928709913,-0.023111555314945145,-0.05856827551742806,0.10666398293516938,-0.21804624346997228,-0.2761578219205338,0.0005145361077564468,0.02214587468824757,0.1971182276267022,-0.06368541114303826,0.17012775487351758,-0.07475580356936289,0.2596366782807461,-0.07075704363839957,0.10535080535080535,-0.0548059615856226,0.10039376819037836,0.04283004113512588,0.02760171573730896,0.06060235890744365,-0.11361438480082547,0.03393578478324241,0.20310757598893192,-0.02247301230352078,0.11033884423714932,0.13240605782978665,0.16642096642096643,0.14878607420980303,0.059844898827949675,0.18091357921866397,0.1807303451371248,0.20303770642753693,0.14637673112249383,0.18676365117043084,-0.25788993924587145,-0.0046729317915758595,-0.2815100154083205,-0.03672732825275198,-0.15210927414317243,0.1682098122776089,-0.050172823054178986,-0.08780151492015899,-0.005832026171009222,-0.08155258494241545,-0.02512435393791326,-0.0672996571301656,0.1140118546898208,0.0641587658536811,-0.16437253894881013,-0.17082413692583184,0.0944275554445046,0.02739256976545112,-0.033483252127319924,-0.08913782812087896,-0.08660031371895778,-0.12046391537916962,-0.13296084991000245,-0.23974560076254992,0.09894270233253284,0.07595376578427426,0.17587834367495384,0.15739761332981672,0.04624115641064794,0.10838804906601517,0.030536237315898333,0.19722511417426672,-0.10517451195417298,0.22934290222425815,0.04206564037072512,0.01979251979251979,0.06811310540124099,-0.07605324893460487,0.01317804707635216,-0.10783094342416376,-0.23481540091709582,-0.024780558678863765,-0.004985262612381257,0.12634313820754497,0.054726375065358115,-0.056679483798127865,0.1705710332828977,0.44322982458575677,0.01745212084195135,0.13043906772720332,0.03036688460417274,-0.02045095943401028,0.04869630801834192,-0.11592146846384134,-0.07215119588000944,-0.003118218372455661,-0.17737290449154855
#58,-0.05385555046571996,0.08667619854060532,-0.08147068486051537,0.2248879079387554,-0.01622870944904843,0.2444435190197902,0.08871120735527516,-0.07259771327567938,0.44225997954811513,0.22214957638686453,0.29748700935141614,0.33550252872286773,0.12807830943424164,1.0,0.1617151820541651,0.0632624920760514,-0.118196624976286,-0.14478361258022274,0.09264102314949772,0.049483844399098635,-0.23687678433441145,-0.11878889675499844,-0.09759204504967217,-0.17140484089636632,-0.1782742681047766,0.08325444088155952,-0.16041079600401634,-0.21824613519528774,0.10057098701166498,0.33964056506429385,-0.07700227191752615,-0.11229565466853603,-0.06000360915615153,-0.15609970525224762,-0.01835348445517937,0.3074038599462328,0.06068749797563357,0.25641296149770726,-0.08154333069587306,0.03579588833826122,-0.06338788711670068,0.34757561876205945,0.09777851811750117,0.3303705863027897,0.1250410657190318,0.17343475987543785,0.15235589981352693,-0.07692870065751421,-0.14549572685165907,-0.18691449538907165,-0.1088294766260868,-0.14055257106104563,-0.11522231013756437,-0.26697113137791106,-0.10540586811773252,-0.1772433450399552,-0.2082848642170676,-0.12325916054729615,-0.19970340139831666,-0.2687821874262552,0.11644016898254186,-0.03316351790928062,0.5115955709176048,0.007740251808048418,-0.03956977007824466,-0.15690760097539758,0.6068615610988493,0.06628909340773748,0.2960239129730655,0.1982639033486491,0.4609433778925304,0.16431978974351855,0.2437360318716251,-0.15304349033162593,0.05478097511995817,-0.2745943169671983,0.130022163920469,-0.06429480327785413,0.1902936835140225,0.2151066320557846,0.3212389585270941,0.06427444393546089,0.14899198119537102,0.1592114456521236,0.1949531966481119,0.04204759458996747,-0.05191493496578242,0.034538698945478605,-0.08873850738257517,0.25242160496397786,0.2981301794861117,0.20614019258087055,-0.10138582341972173,-0.1234858895875845,-0.1415811805642314,-0.12443213629654308,-0.16063382334568777,-0.05974402754063771,-0.13000689441367408,0.05228788110144043,-0.0632745225965565,-0.17846953270682084,-0.01717773243196972,-0.07352313792991759,0.01450464331820264,-0.009621177417787587,-0.09696599527108002,0.1071729664950004,-0.002603682264699214,-0.07253247083755558,0.01292494343341801
#101,-0.26960581536852724,-0.025891993688603857,-0.28929237403813673,-0.12406289185950203,-0.2821504092690533,-0.2781294391463883,0.1397021058038007,-0.13491442135509932,0.0363113498706719,0.06575373524526067,0.005333222282374824,-0.32464081955607377,-0.22665223004206056,0.1617151820541651,1.0,0.5931208558327202,-0.1350930283133673,-0.30207156308851224,0.6319151200507133,0.26803953414122905,0.4859298435569622,0.31538611030136454,-0.09784376055562496,-0.23707760148438115,0.06759070318392352,0.19668790516248144,-0.4412535802366311,-0.4906670923620076,-0.08780382848179458,0.22431969720105313,-0.24408815595256272,0.02163226400514536,-0.14150251946862116,0.07460218307675935,0.16100723219367288,0.012987409597579089,0.13286136675967183,0.22697751680802528,-0.13040852871361347,0.12237769356413425,0.15407348797179304,0.013244677651457313,-0.16687997704946858,0.21156179291772512,-0.11855846601609313,0.2053253561728138,-0.4278890600924499,-0.4829823660332135,-0.2858905130091571,-0.517699209224633,-0.5229431280278738,-0.4459621408773951,-0.24470633962159385,-0.43589861047488165,0.4587940791330622,-0.1935465511736698,0.13306727374523986,0.16418421503167266,-0.23757918164697825,-0.3913935507155846,-0.16207933665560784,-0.07922282837537074,0.21960003146443824,0.32711447965685253,-0.2616827921912668,-0.0927830758339233,0.3212088822258314,-0.00011706621876113401,0.6520741080063114,0.4674616064446573,0.18522096827181572,0.3063155605528487,0.5082728336965625,-0.056217696895663,0.30545722918604273,0.06397044193654364,0.15962094606162402,0.07398399940772822,0.33075001041102736,0.26269752032463894,-0.13870310988955056,-0.14005746887102818,-0.18782788952280477,-0.1743078980367116,-0.15536121637816552,-0.35621353248471893,-0.2920209886311581,-0.10229551585483788,-0.15841696858646012,-0.21755438026624468,-0.17271154050815068,-0.2689316435079147,-0.32241702411193934,-0.23233803911770012,-0.13764858849604614,0.05851043647653817,-0.1313899415594331,-0.28425112323417406,-0.293178232161283,-0.14040727939033024,-0.42700111513670835,-0.44312987872309906,-0.2448645872374686,-0.28784130818029124,-0.2855374635035652,-0.10339445763174576,-0.13437906319262252,0.0003678563000596899,0.08114539809455064,-0.2641060166483895,0.07836727328252752
#102,-0.3422155591647117,0.03645617882906019,-0.18188157340699715,-0.11028470689487639,-0.050509214915994576,-0.13594210543363086,0.17081765895325218,-0.25313371923541417,-0.09177436296080364,-0.0845130184113235,-0.06247449298296756,-0.2843459792612335,-0.12882975425348306,0.0632624920760514,0.5931208558327202,1.0,-0.2145032551812213,-0.1562246375805698,0.4129670502551859,0.5674921454582471,0.1607129471536251,0.5381473923846806,-0.2937519954469107,-0.2555685115007149,-0.13461782275341597,0.24060624569099145,-0.59732737359856,-0.38561149747590423,-0.1580148715741936,0.27353887014903966,-0.3384153028220825,-0.049604149604149606,-0.2877635725093352,-0.07147332232077995,0.18849465798618342,0.23022622005672852,-0.039957523008370466,0.30299189790715214,-0.33735152718203565,0.0059925873485195515,0.12570459519612062,0.1940129651994059,-0.20076208720276517,0.15335628386475844,-0.35889448770804705,0.1763008000296136,-0.44026707755521316,-0.4335258216614149,-0.3424506170268882,-0.3313293262445805,-0.5188236001795323,-0.3717185598541531,-0.4350749825326097,-0.45733931157659974,0.17101523711693203,-0.15437101199813064,-0.001603298213467705,0.30022487819097987,-0.19088086545713664,-0.31190882716306445,-0.06921852515072854,-0.15438026624467302,0.1252705710332829,0.26260914227015925,-0.1700389141067107,0.11100006015260253,0.14643734643734643,-0.13292753462244988,0.6107899887560905,0.44367680469375387,0.17127990856804415,0.2733903394920344,0.4197605926419486,0.06836898531813786,0.26626225609276455,0.021250526335272097,0.15380418939740972,0.10419494995766182,0.21853625582439143,0.5211019956782669,-0.19619835552038942,-0.10123127750246394,-0.26289556120064594,-0.16709698913088744,-0.016129689011044942,-0.2331121568409704,-0.21977678757339775,-0.05116950540679354,0.003928427657241216,-0.0886348598213005,0.026829911575674287,-0.15345993142603312,-0.20462758598351818,-0.053203588796809136,-0.02153416899179611,-0.19031959540434118,-0.10861616624328489,-0.2917493764951392,-0.30083519575045,-0.2684842006875905,-0.3536241943021604,-0.4386679437526895,-0.1520694808830402,-0.3556828014455133,-0.3041338719304821,-0.1811518760671303,-0.2823965722270807,-0.009198721063127843,-0.04905120837324227,-0.1246093551178297,0.10694716287936627
#201,0.47867590240471597,0.06772350162180671,0.7057538277877261,0.4704928348996146,0.13146813994271622,0.33740057468871026,0.09592350439808067,0.2826510640069962,-0.01818366903112666,0.42697427782173547,0.3181721012229487,0.049903524479795666,0.2765913833710444,-0.118196624976286,-0.1350930283133673,-0.2145032551812213,1.0,0.5806428925072993,-0.16285299166655098,-0.45093722381857976,-0.2754531110463314,-0.22873906263736773,0.09776186047372488,0.017429910650249632,-0.037895676878727726,-0.22847115219996575,0.45520713317323486,0.25561802171971665,0.46902788767195547,-0.06017758899114831,0.28374491594830575,0.0740052841747757,0.3048408963663201,-0.025054484376518273,-0.02403744268151048,-0.07862315319942438,0.09099515540193506,-0.22776412776412777,0.07544200595048052,0.12912959184145625,-0.09021178343212241,-0.10634100973084024,-0.0906060143348279,-0.015363900109662822,-0.011321645219950304,-0.14992064483589906,0.4134232846097253,0.24061503722520672,0.3058292498970465,0.12145088077291467,0.40645761323727425,0.4173105308698529,0.34547351665995735,0.35171458052813986,-0.25398834890360317,0.27154041560821224,-0.4210691431030414,-0.3757344401412198,-0.10825663876511334,0.03468306519153977,-0.20607587556740098,-0.072293248564435,-0.3665028665028665,0.07016338372270575,0.453292429563616,0.25535196213162314,-0.21262140414682787,0.017070383172078086,-0.22517293873226077,-0.11034902390834594,0.2578015611913917,0.1422368439317592,-0.2401083672270113,0.07773520824368282,-0.35460051731238174,0.0011169875576655238,-0.32748696308018344,-0.21642073506480286,0.11667985396798956,0.015578135917118967,0.057132479166377474,0.12757395299768182,0.012765307680561918,0.0932943729553899,-0.027655853079581894,-0.04044475908882689,-0.2417528468375926,0.06209275531309429,0.13417361891938162,-0.12616082955066005,-0.10098696539374505,-0.30183650522633576,-0.09318702369549828,-0.09693684439447152,-0.2047437267776251,0.456493473442626,0.23904135260067463,0.6141543700865735,0.5218030048538523,0.314105785292226,0.42175950989510314,0.5684092412905972,0.35297824789350213,0.46833243104429545,0.20197485621214434,0.24957870042615804,0.26405419286775217,-0.2804346719600957,0.07235664015325033,-0.07503666995192419,-0.20819879972422345
