,#10,#11,#12,#13,#17,#18,#26,#49,#50,#51,#52,#53,#54,#58,#101,#102,#201,#202,#301,#302,#401,#402,#501,#502,#601,#602,#701,#702,#801,#802,#901,#902,#1001,#1002,#1101,#1102,#1201,#1202,#1301,#1302,#1401,#1402,#1501,#1502,#1601,#1602,#1701,#1702,#1801,#1802,#1901,#1902,#2001,#2002,#2101,#2102,#2201,#2202,#2301,#2302,#2401,#2402,#2501,#2502,#2601,#2602,#2701,#2702,#2801,#2802,#2901,#2902,#3001,#3002,#3101,#3102,#3201,#3202,#3301,#3302,#3401,#3402,#3455,#3501,#3502,#3601,#3602,#3701,#3702,#3801,#3802,#3901,#3902,#4001,#4002,#4101,#4102,#4201,#4202,#4301,#4302,#4401,#4402,#4501,#4502,#4601,#4602,#4701,#4702,#4801,#4802
#10,1.0,0.4210335142538532,0.5755118755118755,0.6324754646788545,0.4362058514600887,-0.009437480623921302,0.043677267406080966,0.2307967443560664,0.007580153342865208,0.3802250632759107,0.29639870995803197,-0.012569117653863416,-0.09683458497017819,0.17734791802588412,-0.11298509603594349,-0.13339163508655033,0.44623467843806824,0.29415594330848566,-0.10012076791737809,-0.21419184978507014,-0.14451801570445638,-0.11120550442584341,0.26024375685392637,-0.13061860011012552,0.3081002419985471,0.05787050532813245,0.03634142617193464,0.16933559136948967,0.08740173146952808,0.020163615078869317,0.08606403013182674,-0.022597481919515817,0.09828426269104235,0.10946570607587557,-0.2783404359675546,-0.15469491062711402,-0.008585164517367906,0.006440030168843728,0.2361271903644785,-0.00731964630269715,0.12834760800862496,0.059227177871245665,-0.27528746003322274,-0.29791131655538433,-0.20729095813841578,-0.24781484103518,-0.09098960285400963,0.06137832748002239,-0.13983444152935678,-0.10350226960396453,-0.06855916008458382,0.03610081576183271,0.12960849910002453,0.07036558900965681,0.1433195907772179,-0.02602571755114128,0.12945302775811252,-0.09842910303552112,0.3830693559507119,0.006027290773053485,0.025742074894617266,0.27364066686100585,-0.20428980598472124,-0.11910307842511232,0.11780748390917882,0.07898221796526882,0.35233045063553536,0.20650619803162176,0.0678711068541577,0.016288862051573916,0.29969322172712004,0.26699843140521107,-0.2378873480568396,-0.12100204981560914,-0.18801667615226939,0.09988154564425751,0.07987987987987988,0.11136652831568086,0.009393985665172105,-0.021309753513143345,-0.15288385457876982,0.31208789683365956,-0.32003313020262175,-0.18483228991703568,-0.07103096933605409,-0.03241577478865614,0.1339843695775899,0.08522605810741404,0.20907517687178703,-0.18996423233711368,-0.20860506114743402,-0.06295525109084431,-0.3803629515493922,0.16352993980112623,-0.043482465516363825,0.446047279945585,-0.043522721488823184,0.31566651397159873,0.32695299305468795,-0.03323199933369425,0.0012669063516521143,0.4030973963177353,0.08899485001179916,0.23892289824493215,0.2818630649139124,0.06679530069360577,0.16935456257490156,0.08312997126556448,0.0027984841544163577,-0.06974139008037313,0.12911524775931554
#11,0.4210335142538532,1.0,0.33163656722978757,0.3441399797332001,0.21684874396738804,-0.04333763655797554,0.07796147457164407,0.1514901650494871,0.4268007606990658,0.26646214781808003,0.18538430572328876,-0.0361586548027226,-0.028312441871763905,0.3215471249369554,0.059984175238412527,-0.0995109130702351,0.12810051962594335,0.12798437883183647,-0.28531860057283787,-0.2635965703762314,-0.2622209266277063,-0.11241873614754971,-0.04973047006945312,-0.11342559817136089,-0.04361156225563005,-0.0466349246010263,-0.20127939958448432,-0.07964667286701185,-0.03515040464193007,-0.009306533035346594,0.11039945955200192,0.0008481516956093228,0.23326346377193835,0.09905051430475159,-0.13271329881499372,-0.1336058708940065,0.03614292258360055,-0.006039784005885701,0.0523114794301235,-0.05326374139933462,0.059157308309850686,-0.0050759542284966016,0.028717777870320243,-0.08626947440506763,-0.05389673186283356,-0.26111087975494757,-0.1841571926317689,-0.03110352262894636,-0.15921607277539482,-0.20024662567035448,0.04062891859502029,0.14381099126861838,0.08727078388095337,-0.05013025352008403,-0.008828088489105438,-0.22728799677952222,0.11239004798326832,-0.3146104094784801,0.27525414474567017,-0.28197874299569214,0.17130628317068994,0.1550891415298195,-0.04102685119634272,-0.09205708019267342,-0.08220315847434491,-0.07445735411837107,0.40618970279987227,0.3169158372548203,-0.009152449830415932,0.19623583521888607,0.23059546449376958,0.21583679210797854,-0.2639528588681131,-0.16175081090335328,-0.1282879181184266,-0.10738211246685823,0.18130040672413553,-0.11513346937075751,-0.06560659272523679,-0.08478509325966953,-0.09946047742657912,0.13770966652322583,-0.10295580634563685,-0.0783233156114512,0.03805068550831263,0.08234752472040607,0.11978187740899605,0.010891322755729535,0.1005376717241124,-0.04125311752430397,0.03627201932286678,0.1280315754892026,-0.266201640777912,0.23471360420512963,0.004203278779549966,0.229404442963765,-0.14328535006501109,0.23975392958443806,0.13803356515220921,0.08495537139604936,0.12116631269173642,0.06697575850118223,-0.0003331528755257569,0.15280982060643078,0.14499090770277212,0.009276456734083853,0.09058796855407025,0.1529407681950055,-0.046131493589120706,0.12291073816497546,0.10384143773974283
#12,0.5755118755118755,0.33163656722978757,1.0,0.5988205462781734,0.3744180235705659,0.3008014177505703,0.001650494870833854,0.10304927423571492,0.00013326115021030274,0.45404479980751167,0.2821152431321923,-0.140212014788286,-0.09237126186278728,-0.0728063965352101,-0.217547902293665,-0.1389071660258101,0.6037960919316852,0.8077832840544705,-0.306538125182193,-0.28903094157331444,-0.2835936090173378,-0.04521671131840623,0.0024861533336109605,-0.08944877080470301,0.23241855106261886,0.22096595825409385,0.22406242914717492,0.31254829559914304,0.0395855022973667,0.03627201932286678,0.20532905787143074,0.12527242188259138,0.3503037706427537,0.19327170005136107,-0.3589106826394962,-0.20032343591665625,-0.09884044290823951,-0.12543575933406442,-0.15937941022686786,-0.14875599790854027,0.07470536792570691,0.07421998269455897,-0.26291684596769344,-0.3053161019262714,-0.14554246079669808,-0.22789692620201094,0.06167261252007015,0.19395096174757193,-0.08498868668360193,0.12723802384819333,0.34169870949531966,0.2588371113794843,0.4510723358180985,0.35990736499211073,0.022395739344891887,0.10445221801154005,-0.1682074987159733,-0.16747203684486256,0.14081724251215777,-0.0627488813929492,-0.18245857567891466,0.13230750010411027,-0.4310318022182429,-0.05289727323625629,0.3251886709513828,0.2133534150483303,0.06152732084935475,0.021594784306648712,-0.053304460084121104,0.0074339362474955695,0.39122234715455056,0.2566096142367329,-0.14484515331972958,0.15280843246944942,-0.3910548452921334,0.1651827482335957,-0.10284568081178251,0.018527927002503275,-0.0016403151996372334,0.0978738368568877,-0.20638404197726232,0.21233776149030387,-0.2565115192233836,-0.30386411064377167,-0.11445883479781785,-0.12206998986660003,0.04926822045466113,-0.02225877649606463,0.21287774677605187,-0.21896611557628506,-0.21233498521634114,-0.2280385161741094,-0.29761055354275695,0.08776357250933522,-0.10419818894395165,0.5674329182803759,0.1283249351045961,0.5479323699662683,0.5428772377924921,0.21122817732987226,0.3225104920020174,0.6100043032246422,0.41469157909835874,0.3235756557790456,0.3378059106872666,0.2717537259910141,0.24621987164360046,-0.0872083177167923,-0.053038863208354735,-0.17455822540568303,0.10522957472110014
#13,0.6324754646788545,0.3441399797332001,0.5988205462781734,1.0,0.41323403526793356,0.05565874040450312,0.04247328993091705,0.06134732575410542,0.033876094893044044,0.3103411577987849,0.31418074468921925,0.012150362997820624,0.15477495985970563,0.1499789465891161,-0.2959410874665112,-0.3354756914078948,0.3693508608762846,0.39865258170342915,-0.12984216882521968,-0.19459875900553866,-0.18194265143417684,-0.26339482780160745,0.1161990958601128,-0.2130091570769537,0.05986433274568868,-0.17460172036443222,0.15934054239138984,0.32396479684615276,0.09225836005497022,-0.0819778175710379,0.1218293794564981,0.1325842020757275,0.27139373580051546,0.11580810394369716,-0.16898670627484186,-0.16555430623227232,-0.11964676540947727,-0.030984605560876746,-0.004150992286585507,-0.16864198559113813,0.10796466728670119,0.0016444796105813055,-0.013842501978095199,-0.044032167760981324,-0.04074367125214583,-0.18406048575540102,0.0037590749455156235,0.33362576752407264,-0.07874160755516688,0.056959424756034924,0.15783487647894429,0.22476343832276036,0.235527052476205,0.21290365866637054,0.055130322926933095,-0.12531545412901346,-0.060776338742440435,-0.22753673097636282,0.3916059356737323,-0.04745485084468135,0.011172651850617952,0.07922236566304362,-0.030070286002489392,-0.14940425787883416,0.17763618780567933,0.17078619451500807,0.2994775977826825,0.1327586446230514,-0.1770735296159025,-0.03411022733056631,0.12243692074200549,0.11134478083630626,-0.3447391921968193,0.07829925457044101,-0.36205944002554175,0.08629168459676934,-0.11021206105951868,-0.07161953941614958,0.043956745651660904,0.03582365107788837,0.08219159066616694,0.2820055803106651,-0.16582591836829125,-0.0304603524942508,0.1927761351490165,-0.11927335656149216,0.13484501450603145,0.1082580269020947,0.08495444597139512,0.09389080914504644,0.07969572037368648,0.09325180342129495,-0.148739340264764,0.22939102430627856,-0.07637992383755096,0.29252580778004506,-0.11180934401273385,0.47357634984753627,0.16170916679391256,0.06855777194760246,0.19650189480697955,0.4915059898110746,0.12171185052540985,0.40104758070859764,0.4840725162759061,0.30555763776102757,0.31400861570353095,0.07369804318956862,-0.10713456137184951,-0.0628992628992629,0.14263338839610026
#17,0.4362058514600887,0.21684874396738804,0.3744180235705659,0.41323403526793356,1.0,0.4004159783820801,0.11407339542932764,0.07296973398668313,0.07899933832137222,-0.015500862958490078,-0.012550609160778652,0.3205360985022002,0.19494949494949496,0.1486134825117876,-0.15432335262843738,-0.15995085995085995,0.13581485954367312,0.1697839596144681,-0.15214582841701485,-0.2998116760828625,-0.28370465997584643,-0.23806595501510755,0.2926137231221977,-0.14461240901918868,0.11926363960262265,-0.1436467283924911,-0.260242368716945,-0.05424978136842543,0.14283883266934114,0.16250364385957605,0.11288607559794,0.12367930334032029,0.019705529875021402,0.19257069087577564,-0.08106257258799632,0.16078189129036588,-0.15134487337877167,0.11614403309318563,0.16636405280473077,-0.013779110389279882,0.050171897629524745,-0.12784926683231768,-0.020293174530462667,-0.14971705141196667,-0.10001850849308476,-0.1786402735555278,-0.24010744180235705,-0.06352299911621946,-0.24571135079609657,-0.14231365417806097,-0.1281356857628044,-0.13880027947824558,-0.10547851395309023,-0.12509474034897763,-0.14520282994859265,-0.1995840216179199,-0.12845958439178778,-0.194381538053641,0.43861288098576234,0.007979011368841877,0.14095698163494774,0.2048339556814133,0.006550618415025195,-0.14525419101690287,-0.07996131724945284,-0.12833002494019444,0.34284808691588353,0.23704845060777263,-0.17017772780484644,-0.004839508229338737,0.04226414395905921,-0.006389131812860626,-0.19774797910391131,-0.1813966508881763,-0.16818667666125292,-0.0034046373029423876,0.04483497364853297,-0.01539073742463573,0.0022427666495463106,0.2708310776107386,0.22918049019743936,0.3393842224350699,-0.05299259197564282,0.11648690292758089,0.3152931051236136,0.10701471887912566,0.18374630408528714,0.05113248842062401,0.09326152038016444,0.1920422733982056,0.11404054285410217,0.3222365663043629,-0.03714747104577613,0.2568765992494806,0.1184872083177168,0.30649925734671496,-0.06317411402157165,0.12826894691301471,0.030691245945483232,-0.20113734690005877,0.039279649449140974,0.21283378910497555,0.16441464577057796,0.009097849775815877,0.17550493482696872,-0.04496499581245344,0.11831230305806577,0.1638580028410537,0.13105956495787005,0.06316393435037503,0.17946760319641675
#18,-0.009437480623921302,-0.04333763655797554,0.3008014177505703,0.05565874040450312,0.4004159783820801,1.0,-0.06500229042601924,-0.1241397021058038,0.10121508257101478,0.05770207804106109,-0.03264666823988858,0.12264560400153621,0.158906055516225,-0.13711230490891507,-0.1446781141696396,-0.06459279001651883,0.14939916804323583,0.29394726004895494,-0.22844662844662844,-0.18849373256152918,-0.24527871477024019,-0.020469005214767928,-0.11075389719457517,0.05117043083144778,-0.12281449400093468,0.019096600452532655,-0.04107358514138175,0.1853653345178769,0.06956694753304923,-0.03536047603844214,0.006185075676601101,0.013491766034138916,0.1743078980367116,0.16242590818862004,-0.08996145606315098,0.14636238704035315,-0.20135528440613187,-0.14350791469435537,-0.29398011262418045,-0.2239046442436273,-0.07186292610021423,-0.09664811190234919,0.0428739988062022,-0.06306954103564273,0.0639625758269826,0.00013464928719166008,-0.045827954302530574,0.11015838642957287,-0.14453606148521403,0.22183169301813369,0.30639699792242164,0.23255505119911898,0.07072974361109954,0.1603737790178468,-0.18486051536898995,0.08186445305089372,-0.23599994447452075,-0.06004641699246478,0.012717185598541531,0.0334536385383843,-0.10467940976415553,-0.1050130253520084,0.009369461911834793,0.003449520398672941,0.12972834159274838,0.013648625513032293,-0.024943896130336807,-0.1015477727342134,-0.23210159311854228,-0.1387354997524489,0.09964463693277252,0.002674014538421318,0.08636433043212705,0.09165359504342555,-0.09162166789285434,0.07255144204296747,-0.055650411582614974,0.018890693466964655,0.07828167150201049,0.2826302419522759,0.049742500589958216,0.03536556587404045,-0.03720901178528297,-0.04001212306297052,0.2236219270117575,-0.00969798766408936,0.017101384897995068,-0.07741454860098929,0.1366773553214231,0.0411110648398784,0.09370803777583439,-0.007510283781470222,0.1322644678576882,0.08124256768324566,0.0935604325434834,0.16935456257490156,0.007852690903538361,0.21300036554273843,0.17019207188698715,0.12458159237820254,0.2579639732182105,0.15785060869806633,0.19079109926567553,0.081597468038146,0.11501964213828621,0.17719105854699074,0.21803560108644854,-0.024798141747294288,0.05249332537468131,-0.11488267928945894,0.1107497327836311
#26,0.043677267406080966,0.07796147457164407,0.001650494870833854,0.04247328993091705,0.11407339542932764,-0.06500229042601924,1.0,0.22072581055631904,-0.09527616985244104,0.3437776759810658,0.20745522101454306,0.2859224401597283,-0.08658874591077981,0.39891864129152266,0.013633356006237362,0.047792630843478304,0.16251243539379132,0.011470638589282657,-0.002568516127838162,0.05433538314894247,-0.030945275013071625,0.02201076268872879,0.11687604399468807,-0.07081071826834538,0.051332842858266586,-0.05312307685189041,0.02215096452384588,-0.12118389576016694,0.05961955792464267,0.10582045836283124,-0.01215313927178334,0.06214272824442316,-0.07489831896611558,-0.032735971719022566,0.05659249388062947,0.013303904829328557,-0.023614523614523614,0.12885659156845597,0.19305792695623203,0.15429142547786615,0.022701129480790498,0.04418763910289334,-0.1363210668295414,-0.027467991874771537,-0.01675388794032862,0.051830258609919626,-0.016155600901363615,-0.13768236649592583,-0.02861598115835404,-0.1827283369656251,-0.15158317022723802,-0.2013927641046285,-0.14725079470842184,-0.08238315356959425,0.012719961872504246,-0.05264463230564925,-0.13115765997121928,-0.01264269037635761,0.04682417394281801,0.041094869908429234,-0.09533354618100381,-0.05080257453138809,-0.11230490891507841,0.06522716861699912,-0.009196407501492247,-0.04839461958106026,0.018979534233771522,0.31256125154430237,0.17001253950406492,0.08791210316634046,0.11153171661646238,-0.11564291564291564,0.0783617207346021,-0.19725565318785657,0.03339857577145713,0.00017397983499678414,-0.14935243409819682,-0.10925100755609231,0.016979228843635622,0.16504300911080572,0.02232216808487995,0.0324800918021257,0.03805855161787365,0.12117279066431609,0.08350661909983943,-0.09000448830957306,-0.12801584327008056,0.07960502875757113,-0.03539703031228455,-0.07298268993184247,-0.09131350148299301,0.10574364811652948,-0.019103541137439443,-0.09685633244955279,-0.18841553417824605,0.14458279543025307,-0.007136412221157984,-0.09971682005580311,-0.021320395896667083,-0.07143399177297483,-0.04646973630024478,0.09492728475779323,0.1590337641185099,-0.07354858710790914,-0.015618854601905449,-0.08410351800182309,-0.11536713909595266,-0.10266476029187893,-0.06833289375662258,-0.048878616675226846,-0.07402055368157064
#49,0.2307967443560664,0.1514901650494871,0.10304927423571492,0.06134732575410542,0.07296973398668313,-0.1241397021058038,0.22072581055631904,1.0,-0.1478509325966953,0.4317059740788554,0.42667860464470636,0.3602090534293924,-0.03157039936700954,0.08332708671691723,0.1262302363997279,0.1237473220524068,0.3031714302900744,0.11975041297075195,0.2959026823433603,0.020453272995645876,0.25220366745790473,0.22729586288908324,0.2491511542359,0.06901631986377749,0.40992610484135905,0.21173160834177784,0.06859154994748215,-0.16310100547388684,0.2807136874933485,0.5086860358046799,0.2029738521263945,0.143595830036508,-0.020401449215008537,0.15506091607786524,0.157573444014122,0.08439595219256237,0.23187301322894543,0.25280982060643076,0.4046798724764826,0.356198262977924,0.302633758565962,0.18823461365834246,-0.20708551386517488,-0.1491534677975356,-0.29613311308226564,-0.17207947546930596,-0.17367490757321266,-0.2527260696752222,-0.18129392875155587,-0.34173942818010616,-0.44659513134089407,-0.3945654437179861,-0.1831225678683306,-0.19465197092315736,0.03207660665287784,0.07146499349889181,-0.26824544112679705,0.07791498099582465,-0.1835103207984564,0.07983823577043916,-0.08979904403633217,0.08254973000735713,-0.23152968068222304,0.027189439053845833,0.22551442042967468,0.09454508437559285,0.032653146212468245,0.04876802842904538,0.38747437730488576,0.09995696775357793,0.2499502584248347,0.08229616365209586,0.032810468403688745,-0.17439118625559302,-0.0642600998533202,0.046540531286294,-0.19876640893590047,-0.07590055386665556,0.011997667929871319,0.14370364200872676,-0.21120087730257223,0.11399612247069874,-0.24868936733343514,0.13255829018540882,-0.23893539147776435,-0.02195477449714738,-0.12682482174007598,-0.15730090645344882,-0.04143773974282449,-0.05431733736818482,-0.1561524544575392,-0.01170754730076764,-0.1597875224993869,-0.20064317013469557,-0.2933517492839527,0.17169727508710558,0.20172545426782715,-0.20027947824557993,-0.005137957680330561,-0.20738026161754974,-0.2921121429596006,0.04694540457252322,0.36801269682625615,-0.26511426680918204,-0.21567530550581399,-0.14635498364311925,-0.21652160635211481,-0.23302886862208896,0.009263038076597398,-0.14046835741750996,-0.2268178810551692
#50,0.007580153342865208,0.4268007606990658,0.00013326115021030274,0.033876094893044044,0.07899933832137222,0.10121508257101478,-0.09527616985244104,-0.1478509325966953,1.0,-0.09361225632412074,0.12641578404290268,-0.23472702286261607,0.06190211783432122,0.330022163920469,-0.0267406080965403,-0.04771535788484941,-0.21541526117797305,-0.1060735620057654,-0.21831600475668272,-0.03337405201811981,-0.10121276900937917,-0.0451746044966384,-0.1224540410981089,-0.22609281083857355,-0.30205074103379187,-0.09683921209344938,-0.1774201011489147,-0.021763674306047188,-0.23652234669183822,-0.2796457474423576,0.07943197434722858,-0.09809223707528793,0.2825585215415724,-0.026385245029312825,-0.14507049422303658,-0.25042129957384196,-0.12753693601151228,-0.18646335087013052,-0.011273985850257037,-0.26008365838874314,-0.21848350661909985,-0.43694850474511493,0.4330029567317703,0.28899716357343475,0.22583184108607837,-0.03138623986081613,-0.1088512241054614,-0.00010503569825603725,-0.0661928492436967,-0.042987363326346374,0.10351661368610521,0.2554792080215809,-0.008670766297884942,0.11866396442667629,-0.1117695507526016,-0.010941295687058398,0.16254713881832525,-0.20103719293683567,0.08833826121961715,-0.4084653220246441,0.19070596019748562,-0.06949892882096272,0.14532174701666228,-0.39821115414335756,-0.2342309952479444,-0.155522240268003,0.3827815488832438,0.0700870361887311,-0.14251354590337642,0.06040478074376379,0.06016139405969914,0.06533451787689076,-0.09992365246602535,0.04484561603205671,0.13812148049436185,-0.08682658004691902,0.23534705738095568,-0.10577464984244646,-0.08211663126917364,-0.239718763447577,0.1175233785403277,-0.10767223309596191,-0.007825390876238333,-0.07866803629515494,0.26541225354784675,0.06803999685355618,0.046341564985632785,-0.2131595385832674,-0.33524294710735386,0.20202853084209016,0.3853093463262955,0.23214369994031012,-0.09078508400542298,0.1625943354756914,-0.029832914578677292,-0.13262908517145805,-0.3155790613417732,0.11075667346853788,-0.09116682167529626,0.14027540637710129,0.11805457229186042,-0.06440770508567119,-0.26744402337622675,0.20940971788429416,0.2116871879583744,0.18077337738354687,0.2852320733676666,0.16957666449191872,-0.07037623139318054,0.027948287270321167,-0.05345299074112633
#51,0.3802250632759107,0.26646214781808003,0.45404479980751167,0.3103411577987849,-0.015500862958490078,0.05770207804106109,0.3437776759810658,0.4317059740788554,-0.09361225632412074,1.0,0.5103073797989052,0.04214476417866248,-0.20746817695970238,-0.018794449302923878,0.131906328516498,-0.004093615958022738,0.6107224327563311,0.47310623412318326,0.05296482923601568,0.013264574281523434,0.1030779623999963,0.183256291730868,0.12601692601692602,-0.004255102560187306,0.27853292429563614,0.27964482201770335,0.26833937172920225,0.15336600082362795,0.16425871171633882,0.16179615671141095,0.10822609975152347,0.09280343517631653,0.23412781039899683,0.2594923120346849,-0.0011438248726384319,-0.14798465645923273,0.14306694984661086,-0.0010975536399265213,0.2014265421045082,0.13153523323014849,0.17692083454795318,0.2621269960253011,-0.25652401245621587,-0.17270691338487948,-0.045734486412452514,-0.07199664996275165,0.0441237848017509,0.031897999694609866,-0.15074149650420837,-0.07453370165234573,0.07521759047182776,0.04276526140932921,0.19214221926086333,0.18279496754073024,0.1841354451523943,0.1557623879657778,-0.2002494019443172,-0.0694908393938056,-0.009124224378461667,0.08495213240975953,-0.27377624157285174,-0.09135560830476085,-0.2931416778874406,0.10911126843330234,0.3707843436656996,0.2903561496781836,-0.0906282245265296,0.030882346136583423,0.23571121198239842,0.0017795916101000847,0.4246283263232416,0.20861709166793913,-0.060260877210029755,0.011912991574008523,-0.28852519699977325,0.024210034379525906,-0.3692587811231879,-0.1155619409856698,0.23592776135149016,0.11005057445735413,-0.27089678276118956,0.05008490771202636,-0.34808182604792776,-0.12560511204579,-0.22432710059828703,-0.23716783038816938,-0.19113720808636062,-0.00293729785255209,0.20842182706589485,-0.22109736855499568,-0.21023704752518313,-0.17206929579810937,-0.14748909155688816,-0.19380520736452939,-0.34053406256796087,0.4821388414608754,0.17826362572125284,0.19687021381936637,0.3568567026194145,0.13687632162208432,0.0816192155175206,0.3700430785176548,0.33338191812768087,0.13126500923111092,0.08380275498919566,0.1618748178070212,0.05105614088664936,-0.25363529939801127,-0.16768787277261854,-0.29001420526844257,-0.10123960632435208
#52,0.29639870995803197,0.18538430572328876,0.2821152431321923,0.31418074468921925,-0.012550609160778652,-0.03264666823988858,0.20745522101454306,0.42667860464470636,0.12641578404290268,0.5103073797989052,1.0,0.029371127676212423,-0.17741316046400793,0.1740441520102537,0.10296598601683347,-0.035762573050708645,0.2923356330135991,0.2709060370077319,0.03649458395221107,-0.016072775394809294,0.2048575540100964,0.16234354539439286,0.06276738988603395,0.008041014820675837,0.05823419721724806,0.13330279431974348,0.021511496087767274,0.15901062850215392,0.13941892585960383,0.03906911534030178,0.14608614778106305,0.023914361202496796,0.3097738724857369,0.057611386424945746,-0.012544593900526103,-0.16590411675157438,0.0980529065274828,0.0029224910580842784,0.16198031621760436,0.09824123044462027,0.04358518765298426,0.11225863768236649,-0.10432959924485348,-0.06481998176913431,-0.08823692721997807,-0.11593673797063628,-0.17408163170875035,0.04369808946080132,-0.1412586700722294,-0.09887607175742769,-0.1476130984605561,-0.03505416047788929,0.022051944085842393,0.10891276484496823,0.15135644118694966,0.09750736869380937,0.03462059902737869,-0.06967916333272803,0.01046331385314436,-0.05821244973787347,0.009856697992291212,-0.02160588940249957,-0.2573467149738336,-0.08638376434986604,0.1411059750042801,0.12837907244686905,0.09295427939495736,0.0118010151908457,0.23485935858817214,0.1714936816631732,0.3444611020882207,0.23876742690302014,-0.03441839374042764,-0.002285336183641268,-0.038321834932004424,0.004744652202279321,-0.029359097155707326,-0.09743379743379743,0.15207827241725547,0.0722904722904723,-0.14730493205069475,0.11233729877797674,-0.22169334203232507,-0.12566387651133415,-0.0886663242595446,-0.07124659328049159,0.05955755447280871,-0.04623838013668522,-0.12361961345012193,-0.08426824359027749,-0.12237769356413425,-0.0208970141173531,-0.13338839610026051,0.06809089520953927,-0.27321543423238337,0.1927298639163046,0.07456377795360847,-0.0110551229195297,0.05040279108075718,-0.05051430475159289,-0.12303335693166202,0.15334471605658045,0.18552080585978892,0.11430660244219566,0.12022700666768463,0.06909590638404198,0.09227640583572787,-0.00291138596223342,-0.0752647871291939,-0.07489785625378846,-0.057173660563491074
#53,-0.012569117653863416,-0.0361586548027226,-0.140212014788286,0.012150362997820624,0.3205360985022002,0.12264560400153621,0.2859224401597283,0.3602090534293924,-0.23472702286261607,0.04214476417866248,0.029371127676212423,1.0,0.27405895880472153,0.0569006602904908,0.09718809718809719,-0.039078369586844165,0.023022251835811157,-0.15419425588917116,0.07415566568108942,-0.14431442228052396,-0.0004173665190614343,-0.14549850312562176,0.1720924314144653,-0.046175913972524144,0.005064849132645743,-0.18659013404776117,-0.29476255916933886,-0.3644664695512153,0.3374325018392815,0.4310179208484293,0.022649768412480276,0.06222277747701477,-0.16197707723131452,0.1254639847860187,0.3733176936566767,0.2971085106678327,-0.006073562005765395,0.2324005052818612,0.14612455290421392,0.1847846305473424,0.321250063622945,0.1694646881087559,-0.07305487305487306,0.01036059171652392,-0.2000633915888153,-0.07961474571644063,-0.2908054433478162,-0.24153861103013646,-0.279546264292027,-0.3793005640463268,-0.3421035827815489,-0.31664237426949293,-0.35410957953330835,-0.3204398543381594,-0.11142112837028091,-0.13827833997325523,-0.23103504120453272,-0.18308649748591135,0.13362206582545566,0.03583244261210363,0.19251516539652133,0.01047441894899522,0.1596524104998681,0.14410018647306783,-0.017403536047603845,-0.20712299356367153,0.07059139262529093,0.11535233230148484,0.13258373936340037,0.027816414257092224,0.00585377365038382,-0.12094883789799044,0.009373163610451747,-0.32481896380201464,0.05494477528375834,-0.27830249355673087,-0.062441640407742104,-0.19132923370211505,0.06590874387484556,0.3577557526710069,0.31647579783173,0.31181535927298637,0.07066311303599439,0.4715987173614292,0.23547939310651175,0.15244797956662365,0.002651804346719601,0.12480184344591125,0.13683097581402667,0.2186038118241508,0.016985244103888172,0.4251405488693624,0.1719277058260109,0.10915106169343458,0.033513791140909785,0.09220329728804305,0.05611543747136968,-0.2061901655121994,-0.19850590189573242,-0.13682449784144698,-0.16671432603635994,-0.06620117806558484,0.10324453883775918,-0.30197439349981725,-0.03810436013825844,-0.13306773645756698,-0.11974717398446212,0.1374639662775256,0.019832775764979153,0.18600619109093686,-0.026008134482710756
#54,-0.09683458497017819,-0.028312441871763905,-0.09237126186278728,0.15477495985970563,0.19494949494949496,0.158906055516225,-0.08658874591077981,-0.03157039936700954,0.06190211783432122,-0.20746817695970238,-0.17741316046400793,0.27405895880472153,1.0,0.09368860385809538,-0.15076972195616264,-0.11953386360166021,-0.17288274406918475,-0.20201326133529524,0.08365237348288196,0.06911857928807082,-0.1681862139489258,-0.10600970770462297,-0.11300175367971978,-0.10869852903751209,-0.23049135422016778,-0.3152010253705169,0.0003757224096207147,0.04554569978298792,0.09690861894251725,-0.04743587963926947,0.01175381853347955,-0.04187777916591476,-0.15161926178875332,-0.14149742963302286,0.007308078494519172,-0.03367990486634555,-0.11420850742884642,-0.03787855652262432,-0.1853024056413887,-0.21421035827815488,0.05260576447017125,-0.20841303553167959,0.39684106294275784,0.45159149904912615,0.11451019586612807,0.04068814577289154,0.01796064168945525,0.1477297019669901,-0.02040468820129837,0.07248712502949792,-0.03396863735846787,0.1369600725532929,-0.16421290319595405,-0.030252131947047203,-0.2156586478620377,-0.11891984434357315,-0.21074880735897686,-0.09181115921134901,0.09150413896176608,-0.1226113632893294,0.03244538837759177,-0.24341213324264172,0.36531924837009583,-0.08821656787758482,0.1343277021243123,-0.042071655630977665,0.24067796610169492,0.1430294701481142,-0.2425348306704239,-0.11756594807442265,-0.2185140456326897,-0.3084861440793644,-0.12200058301753217,-0.024163300434486876,-0.061648551479059954,-0.11618151279168229,-0.15606130012909675,-0.13654918400681113,0.09085125186820102,0.18928265707926725,0.4409296816076477,0.05433492043661535,0.43351147757927416,0.24613704613704615,0.40049972931328864,-0.07756215383334028,-0.11307578765205883,0.07409042324296562,-0.08909896028540096,0.4482174007597736,0.45666467700366004,0.29513874429128667,0.22934429036123952,0.029186968170019017,0.05952562732223749,-0.16964792219029506,-0.2461698987122716,0.040357306459001374,-0.29694933762730374,0.025148877691250574,0.057072789276179106,0.09991902534275415,-0.2877446013039233,-0.02250355131711064,0.16011280926535162,0.12076005126852585,0.05371442320594863,0.042231754096160874,-0.05702235363252312,-0.03776565471480726,0.024302576844949728
#58,0.17734791802588412,0.3215471249369554,-0.0728063965352101,0.1499789465891161,0.1486134825117876,-0.13711230490891507,0.39891864129152266,0.08332708671691723,0.330022163920469,-0.018794449302923878,0.1740441520102537,0.0569006602904908,0.09368860385809538,1.0,-0.016242128106534887,-0.034026939111684876,-0.11380918669054262,-0.23174715547596902,-0.005106955954413582,0.02479860445962141,-0.08214855841974486,-0.11752708023894465,0.07212944840063484,-0.18160024431210872,-0.20376046308249698,-0.24568127449483382,-0.1860705081044064,-0.11175196768417107,-0.02559076796364932,0.033097812758829705,0.05211205041713516,0.11569473942355299,0.10159635752856092,-0.23770457668762754,-0.061030830522355944,0.01661923865313696,-0.1085125186820102,-0.040279108075718245,0.1810671997112675,-0.07353609387507692,-0.14185371812490458,-0.29757168570727893,0.3053290578714308,0.18475224068444407,0.09925503315333824,-0.1871213277992939,-0.07376513647700088,-0.03224781021391191,-0.04304196338094643,-0.2854699075038058,-0.19273911816284697,-0.03470990250651267,-0.25805188856036315,-0.12504569284230302,-0.13754401551011722,-0.20974333347214702,0.15871125362650787,-0.1866449870492601,0.25647311410023277,-0.26952298986197293,0.20560067000744967,0.006120758663131545,0.13528829291541156,-0.197536982282745,-0.12100899050051593,-0.17603011331824892,0.5704174127902941,0.4599041260058209,0.10628224526529612,0.2654261349176603,0.11386008504652573,0.05299860723589537,-0.17517085652678874,-0.23684809617013006,0.16280348144754925,-0.13069541035642732,0.20037664783427495,-0.1426565240124562,0.043119236339575324,-0.022779327864073627,0.09539971404378184,0.04740904232429656,0.17746267068300967,0.1455142353447438,0.167425514883142,-0.025401055909530484,0.006098548471429827,-0.05084745762711865,-0.30908581925531076,0.2505439183405285,0.2208512055969683,0.3193575702050278,-0.022687710823304043,0.05729072678225221,-0.01599087531290921,-0.043067412558937986,-0.3013691657759454,0.022994489096184012,-0.28618109635058786,-0.017411864869491988,-0.10009902043800349,-0.07079220977526063,-0.1380141312344702,0.09952386901539444,0.19442848086915884,-0.0021141326226071988,0.015564717259632514,0.21851450834501682,0.05086041357227798,0.10278414007227567,0.009250082131438063
#101,-0.11298509603594349,0.059984175238412527,-0.217547902293665,-0.2959410874665112,-0.15432335262843738,-0.1446781141696396,0.013633356006237362,0.1262302363997279,-0.0267406080965403,0.131906328516498,0.10296598601683347,0.09718809718809719,-0.15076972195616264,-0.016242128106534887,1.0,0.42054211376245276,0.11077980908489383,-0.18749566207193324,0.36810477657935287,0.20976369281454027,0.4947819930870778,0.3252418828690015,0.2103989968396748,0.20019433917739002,0.19028072756886316,0.18506642235455795,-0.1282060180365265,-0.4142973481956533,0.2934771443246019,0.23070327646598834,-0.040615037225206714,-0.12147679266323334,0.005173586529518733,-0.06207332139535529,0.3020197393078749,0.11498910312469635,0.3671927705826011,0.2086601239143612,0.3264301281250434,0.22875895926743384,0.19932860441335018,0.2436731029951369,-0.010423520593012119,0.09425357560950781,-0.06911441487712675,0.0313006380802991,-0.23956282939333787,-0.31479800293359617,-0.3941318822674755,-0.3597986275952378,-0.2833423562237122,-0.32327211649245546,-0.22020896088692699,-0.23068708153453915,0.19384823961095146,-0.011051421220912747,0.04135907864721424,0.005776270003779242,-0.22655598587801978,-0.12527936256749816,0.00861940522957472,-0.16538541623287387,0.07734745531355701,0.3055021122817733,-0.12101408033611423,-0.15666143801737023,0.016906120295950806,0.11295455702235363,0.6334184724015233,0.30099621964028744,0.2872448719906347,0.17931722169010306,0.1642550100177219,-0.1748437189115155,0.06321205643239541,-0.24966522763132934,0.035399343873920144,-0.12374685934007967,0.34756312552922725,0.1841812536727791,-0.17683060564416497,-0.04535552501654196,-0.194141599226345,0.04917845426320003,-0.11589555657352267,-0.05714543511153681,-0.19516789516789518,0.08300781521120504,-0.01750024292397174,-0.061462541123558076,-0.13388303557795084,-0.15761555083588982,-0.09505360522309675,-0.14014029437758252,-0.15263445263445263,0.1447604769638668,0.10699204597509682,-0.22367375079239485,-0.0570242044818316,-0.03281833451324977,-0.15665079563384648,-0.24397247787078297,-0.16658939370803777,-0.14185603168654015,-0.2794449302923879,-0.19457608610150984,-0.244116381404517,-0.04278145634077837,0.011050033083931389,0.0921001124390955,-0.23252636303483762
#102,-0.13339163508655033,-0.0995109130702351,-0.1389071660258101,-0.3354756914078948,-0.15995085995085995,-0.06459279001651883,0.047792630843478304,0.1237473220524068,-0.04771535788484941,-0.004093615958022738,-0.035762573050708645,-0.039078369586844165,-0.11953386360166021,-0.034026939111684876,0.42054211376245276,1.0,-0.01936358546528038,-0.11695239152866271,0.2415298194959212,0.41726796133575794,0.29271459440950964,0.5064455827167692,0.10182447470583064,0.27036420087267543,0.1583290532443075,0.5277595006408565,-0.09972977600096244,-0.30009254246542383,-0.09626776236945729,0.2323366509807188,0.06254852695530662,-0.06212653331297399,-0.13050569830230846,-0.10700870361887312,0.10795078591688761,0.1395443209002531,0.1481776074996414,0.3458187000559882,0.19470934725172012,0.1981135218423354,0.056369929251285186,-0.09150367624943896,-0.10907193788549721,0.10191609174660023,0.029313288635322534,0.2756007162786824,-0.21977262316245366,-0.4975420721183433,-0.33975994484469063,-0.2668591549947482,-0.24889851330529297,-0.3905912075403601,-0.2469597486546639,-0.14791663774714622,0.05285933082543252,0.15486518876349384,-0.2306491391237154,0.4197951132714152,-0.42073876650147835,0.03439988524734287,-0.2702554634758025,-0.09357385120096985,-0.0652868585071975,0.297595284035962,-0.24617406312321566,-0.20699482224905955,-0.016974601720364434,0.07408209442107747,0.46628539170912053,0.34620043772586145,0.1415710008930348,0.04727069133848795,0.5856975619687484,-0.012778726338048371,0.26584535228603023,0.11423025490822102,-0.04933901544071036,0.10816640986132511,0.07463040852871361,0.3126121499002855,-0.24502468570265182,-0.020012308147901368,-0.18676411388275796,0.018982310507734235,-0.09821485584197448,-0.19961918775478096,-0.2105345715515207,-0.0893178232161283,-0.11898092237075288,-0.25788161042398333,-0.17292161190466276,-0.3110643771660721,0.00022950531425107698,-0.39231481095887877,-0.018942979959929114,-0.09770124515887228,0.3036739358773257,-0.3255829018540883,-0.04077189670410009,-0.23653715348630602,-0.37706334994470586,-0.08788943026231162,0.00496767954395073,-0.2390283966555153,-0.35119402916013087,-0.25294955972922073,-0.38897078897078896,-0.31010193552566434,0.08842478842478843,-0.10592734491039575,-0.15695063322181965
#201,0.44623467843806824,0.12810051962594335,0.6037960919316852,0.3693508608762846,0.13581485954367312,0.14939916804323583,0.16251243539379132,0.3031714302900744,-0.21541526117797305,0.6107224327563311,0.2923356330135991,0.023022251835811157,-0.17288274406918475,-0.11380918669054262,0.11077980908489383,-0.01936358546528038,1.0,0.6164355418592706,-0.00031834608105794546,-0.1744943711045406,0.03044415756280163,0.12170722340213866,0.24983319220607356,0.08222074154277544,0.45449455618947143,0.36848975323551597,0.3138735037040122,0.12087619206263274,0.32396711040778836,0.16783131359402545,0.2907823077314603,0.11399427162139027,0.23086568849280714,0.18026254297440739,0.025329798211154143,-0.014186297237144695,0.114004914004914,0.10482099973625397,0.07922097752606228,0.1896153472424659,0.28996053063849675,0.34894385911335063,-0.3753397465261872,-0.3743333472147031,-0.26753378956768786,-0.11166590319132692,0.10787397567058583,0.005047728776542336,-0.2037854495481614,-0.12486986215799775,0.14144468042773128,0.028976896773506945,0.28389668559160086,0.1243867904884854,0.17839642415913604,0.053461319563014476,-0.1577002271917526,-0.10687059635181435,0.014940518330348838,0.12729863916304593,-0.35800839360161396,0.0064738081687234226,-0.3087087087087087,0.2991032635100432,0.34467394975869553,0.2795823558535423,-0.17216415182516878,-0.029050930745846,0.16330506161014635,-0.11804763160695364,0.3905000532119176,0.1833511477579274,-0.1100986965393745,0.018218372455660593,-0.46151806660281236,0.058082427573952995,-0.24406270677457118,-0.0058019498697464795,0.24169778407066542,0.16995331232619368,-0.20064270742236845,0.20544334781622917,-0.3772535247111518,-0.07144370873184433,-0.1684763345780295,-0.29237033643813304,-0.08831096119231713,0.16444009494856954,0.2931555592572542,-0.1607245149618031,-0.37742056386124184,-0.24165058741329928,-0.2317466927636419,-0.10540077828213422,-0.175315685485177,0.671205411883378,0.2409319951692833,0.41062294960600043,0.46120110865873576,0.13394180004349496,0.12058098159793075,0.6221306051814527,0.4348052212458992,0.24829282286909404,0.09807789299314723,0.16337678202084982,0.029954145208382497,-0.25168959406247543,-0.13315472637506537,-0.2818005987497513,-0.003753985109917313
