,#10,#11,#12,#13,#17,#18,#26,#49,#50,#51,#52,#53,#54,#58,#101,#102,#201,#202,#301,#302,#401,#402,#501,#502,#601,#602,#701,#702,#801,#802,#901,#902,#1001,#1002,#1101,#1102,#1201,#1202,#1301,#1302,#1401,#1402,#1501,#1502,#1601,#1602,#1701,#1702,#1801,#1802,#1901,#1902,#2001,#2002,#2101,#2102,#2201,#2202,#2301,#2302,#2401,#2402,#2501,#2502,#2601,#2602,#2701,#2702,#2801,#2802,#2901,#2902,#3001,#3002,#3101,#3102,#3201,#3202,#3301,#3302,#3401,#3402,#3455,#3501,#3502,#3601,#3602,#3701,#3702,#3801,#3802,#3901,#3902,#4001,#4002,#4101,#4102,#4201,#4202,#4301,#4302,#4401,#4402,#4501,#4502,#4601,#4602,#4701,#4702,#4801,#4802
#10,1.0,0.26104563731682373,0.5789280806229958,0.238759098081132,0.035534455873438925,0.170183743065099,0.10787212482127737,0.40017583068430523,0.2511570121739613,0.35217914370456743,0.28843635623296643,-0.1307365917535409,0.21462309767394513,-0.1959822688636248,-0.3178907721280603,-0.26776745929288304,0.3160898957509127,0.4346261515753041,-0.2012928182419708,-0.20189526969187988,-0.05118893932453254,-0.011697367629571019,0.18918086036730106,0.14275230546416987,0.12224905953719513,0.04041977262316245,0.2969706223943512,0.39423738067805864,-0.022939889041583957,0.18297681348528805,0.3817908817908818,0.17753994364163855,0.2430970261478736,0.2738766501478366,-0.1213231721706298,-0.0994091163582689,0.26942720841025924,0.2224202630982292,0.3568372687016755,-0.08980320844727624,-0.1379632328784871,-0.0373913204421679,0.0705423451186163,0.06441140678428814,0.046946792709504574,-0.029924994331773994,0.16819639362012243,0.28658735777379846,0.1400620959942994,0.10782492816391122,0.24017268424048085,0.15150959896722607,0.2294192497582328,0.037569464688108754,-0.088605708944692,-0.1192599379040057,-0.27350046502588876,-0.1950138119629645,0.04533516567414873,0.03321534168991796,0.2286946422539643,0.20800955038243174,-0.2562593410051037,-0.14037859122604884,0.30838712364136095,0.14498489244251955,0.029558063456368543,0.23399084755016958,-0.19994771350703555,-0.39714784121563784,-0.04278006820379702,-0.08155721206568664,-0.14697039103818765,0.15516548906379415,-0.2109246380432821,0.16455207133173236,-0.20035397493024612,-0.20504263894094402,-0.0006649176140701565,0.13314408399154162,-0.23711415575822356,0.17158437327928852,-0.12967281611349407,-0.34447868515665125,-0.24774219519982232,0.12280246348042959,0.11171078628705747,-0.13834728410999597,-0.24159413650939074,0.05757992198670165,0.06432580500377111,-0.0895551946399404,-0.27819838328312907,0.04232013215064063,-0.1532244108515295,0.33151256032611964,0.32749575461439867,0.455432936788869,0.4722525298796485,0.2578168306981866,0.179507396456549,0.3588838453245233,0.18836556124691717,0.4802981718235956,0.267215906198957,0.3665496004479055,0.25699135190660616,0.12177986923749635,-0.0740733028868622,0.1122928783945733,0.1581740446147226
#11,0.26104563731682373,1.0,0.22214356112661196,0.1487032487032487,-0.055507896185862285,0.00747002780901086,0.23268970048631066,0.350743810065844,0.3433441145305552,0.4564092597990903,0.5482530296089618,-0.19330316448960516,-0.1700384513943836,-0.12438216336521421,0.010677549660600508,0.22878857285636947,0.2990070193460024,0.3006899040797346,0.2769680312053193,-0.0044212162856230655,-0.09000633915888154,0.07386739590129421,0.12218427981139846,0.23931296473669356,0.17295585261686958,0.20589865674611438,-0.22011595570917605,-0.025220598101954036,-0.020057191243631922,0.14765289172068832,0.10186334254130865,-0.0082677438609642,0.10599166192386532,0.26865956865956864,-0.09832683222513731,-0.07922606736166059,-0.12988103666069767,-0.0025194686211635364,-0.0331630551969535,0.05660915152440576,0.17610784898920492,0.10776893997232981,-0.24397201515845585,-0.2507202117371609,-0.29291032172388104,-0.37582466904500805,-0.1522582675125048,-0.03168561473646219,-0.2342818936039275,-0.03155420443556037,-0.05579200155471342,-0.11347603381501686,-0.18224248902215004,-0.05527792815928409,-0.20305899119458443,0.012478426037748071,-0.3473761897490711,-0.26523596015121437,-0.06545574850659597,-0.09220005830175322,0.0018281764044475908,-0.022863541507609303,0.01903691056233429,0.11141881480864532,0.2767269580828903,-0.16666435310503108,-0.13069217137013747,-0.07108510667832701,0.2330011058824618,0.1388275795055456,0.24738174229699653,0.2728915356034,-0.16500969382325315,-0.1312136481628007,-0.18898976017620087,-0.3127602178449636,-0.0313515364362822,-0.22505170810255556,-0.03479226530073988,0.21776121267646692,0.037667096989130885,0.15524553829638577,-0.2053401629672816,0.005113896639320368,-0.045895047589962844,-0.17804846448914247,-0.10279663330510788,0.24175654853620956,0.24669646534053313,-0.09084431118329424,-0.2991203838661466,-0.25934378137767966,-0.1372145643332084,-0.06317087503528182,0.0022497073344530973,0.36598555412114736,0.4104212070313765,0.23566077633874244,0.1876492825645368,-0.006878218742625522,-0.11381890364941212,0.16680362951549393,-0.059223938884955835,0.17462207970682547,0.13418796300152233,0.009019651392532748,0.18922759431234007,-0.08949134033879796,-0.18623615911751504,0.053139734495666696,0.0056210293498429095
#12,0.5789280806229958,0.22214356112661196,1.0,0.3621797452305927,0.2098664149511607,0.07826686470754267,0.3601359448817076,0.18319984082695948,0.03613644461102088,0.489273865545052,0.2559974458279543,-0.1979631403360217,0.16705812129540942,-0.12316060282161977,-0.23938237158576142,-0.053928196301077654,0.555887783006427,0.7371359032375981,-0.13463124141090244,-0.23664589088317903,-0.20622718249836894,-0.028619220144643874,0.3186741440978729,0.2223041223041223,0.1631338580491123,-0.04246912551997298,0.1063715487444301,0.3803097396317735,0.22660549609702152,0.11949499576618221,0.44753397465261874,0.2460519070688562,0.4388780151492016,0.3668684092412906,-0.1464535413687956,-0.18447507600049973,0.10837416769620159,-0.00029613588935622836,0.14270372066982237,0.04830392796494491,0.0417551603992282,-0.04502468570265181,-0.013899415594330848,-0.046988899531272416,-0.07815627646136121,-0.03277900396544464,0.08703109889550567,0.24917799155087292,-0.05749663376782021,0.12498322667814193,0.2270802389446457,0.3212338686914958,0.29816256934901003,0.165747257272681,-0.06642559354423762,0.016113956791922894,-0.2799048663455443,-0.2166201640777912,-0.05048469116265727,0.007069318933725714,-0.10511389663932037,-0.07551835348445518,-0.3681885275105614,-0.11986007579227918,0.23747553408570357,-0.07587371655168265,-0.0879278353854625,0.04256259341005104,-0.1427578580120953,-0.24476695493644646,0.11812490456558253,0.023722798299069484,-0.09632328784871158,0.16408380645668783,-0.30922787193973633,-0.045397169125982684,-0.18821425431594924,-0.13608554625503777,0.01800737563449428,0.26407085051152845,-0.06088785241327614,0.24115178352466488,0.04354817066681473,-0.10399459552001925,-0.13374838629075916,-0.1863994965689881,-0.19085634170379934,-0.04974296330228534,-0.03538083538083538,0.12906851381427653,0.061921551752060225,-0.17746035712137406,-0.19754346025532465,-0.20588431266397367,-0.15934100510371696,0.39205060222009375,0.39588972639820097,0.5897532355159474,0.6396900752832956,0.2975490128032501,0.34147336859201266,0.615356959424756,0.308608762846051,0.5625998880236168,0.42683916582221665,0.36674856674856676,0.46136537153486307,-0.11704539670641366,-0.16699056529565004,-0.05075075075075075,-0.03256291730868002
#13,0.238759098081132,0.1487032487032487,0.3621797452305927,1.0,0.08270844033555898,0.18187417000976322,0.041382214263570194,-0.080459195713433,-0.13102347339635476,0.2805665449733246,0.1416246755229806,0.0038812309998750676,0.24144144144144145,-0.14682463665514514,-0.17622676605727453,-0.05195241466427907,0.19455341319748098,0.2475746933374052,-0.026182577030034657,-0.07562153833340274,-0.04606810200030539,0.087712211441025,0.06852862107099396,0.15624268336132743,-0.0075195380280126045,0.1510450357907985,0.18941915721576738,0.4105276308666139,0.0820768380090414,0.07385860436707894,0.12547740344350514,0.07785273717477108,0.11450556874285688,0.164492381441534,-0.026323241577478864,-0.059321108473650845,0.040050528186121405,0.09392088544630918,0.05168542965153135,-0.044496730937408906,-0.09958402161791992,-0.03489730099899591,0.04704303687354535,0.10534340195357145,0.09794463184293693,0.09089844852556717,0.12453856013178047,0.11299527570714012,0.11698524410388818,0.1241929140234225,0.20470948606541828,0.1757413808261266,0.20879986303715117,0.07623972200243387,-0.05145083450168196,-0.002063234266624097,-0.14774821046007486,-0.01730266476029188,0.02670544195967925,0.06811310540124099,-0.09829860677318304,-0.13598791395401566,-0.21352693217099997,-0.11927752097243623,0.2953747275781174,0.22084981745998694,-0.0768870565480735,-0.04026198771961484,-0.214828541947186,-0.1985253358134714,-0.1314315856688738,-0.14184353845370795,-0.17843112758366997,0.1341893511385037,-0.26079160824923536,-0.06056858090756396,-0.21691121013154913,-0.09459783358088443,0.03631875326790581,0.18280005737632857,-0.029431742991065026,-0.003604991740584961,0.10702073413937821,-0.132388012049029,-0.1124816650240379,-0.13582550192719683,-0.053360448275702514,-0.15942012891165433,-0.09487731182646437,-0.06530305343864666,0.13752273074306973,-0.044468968197781754,-0.024194764872730975,0.009388895829573796,0.028265707926724875,-0.008342240545630377,0.354520005367463,0.1958059754669924,0.2700685276956463,0.09227594312340075,0.08606264199484538,0.26512305834339733,0.02243090548175294,0.2208724903640158,0.10002544917799155,0.1139322681695563,0.12968160764770933,-0.1560673153893493,-0.13085365797230203,0.003799793630302105,0.10051684966939205
#17,0.035534455873438925,-0.055507896185862285,0.2098664149511607,0.08270844033555898,1.0,-0.09856420364894941,0.04234974573957625,0.06154860561640223,-0.11004455919710157,-0.006616786277803227,0.14312016176422956,0.16726402828097744,-0.13508192321751644,-0.005414196939620668,-0.12280477704206517,0.11244557346252261,0.02511880138998783,0.06353826862301439,-0.10388585812314625,0.13038400496027613,-0.2675217590471828,0.033536001332611504,0.08093162499942161,-0.022132918743088235,-0.04323630255833646,-0.11479013682403513,-0.1057006158701074,0.08151973236719,0.013549142362701685,0.056114512046715435,0.07644747983731034,0.06870028734435514,0.21025000347034245,-0.0552321196388993,0.11132303335693167,0.3052476205018578,-0.21842751842751842,-0.37526293627988544,-0.13626554135028712,0.2894871759278539,0.01040177311363752,-0.004247236450626281,-0.04103332916892239,-0.21852098631759648,-0.1626623541877779,0.03232230689857808,0.24263662738239009,0.254473271422424,0.1020243664311461,0.1067542118389576,0.13788133279658704,0.02968392120934494,0.06375759426606885,-0.21643739270857915,-0.14662613306681102,-0.10118269270811643,-0.21172281680756258,0.048174831225678685,0.06422447100413202,0.22085074288464118,-0.18705886163513283,-0.10896782761189541,0.1421910354113744,0.028912579760037388,-0.059710249540758015,-0.05081460505189319,-0.07896232133520269,-0.32422067676304966,-0.010155147443283037,0.17646783917970357,0.09437110454059607,0.07156540207387665,-0.03396123396123396,0.029401203977475164,0.03386730335882878,0.08425806391908088,-0.24629159205430393,-0.2410796004016343,-0.0880583202617101,0.016094522874183892,0.29270210117667744,0.27160426990935466,-0.004747891188569155,0.3158363293956514,0.4199794555726759,-0.06526140932920593,-0.06974647991597144,-0.027990856804416125,0.06350032621219062,0.16475520204333763,-0.034512324342832815,0.09290662002526409,0.23527765053188782,-0.25765488138369497,-0.02922629871782414,-0.14169223152274,-0.023987469750181616,0.30748344646649733,0.07940976415552686,0.15797461560173426,0.07923023177260466,0.3270136083695406,0.1955852616869566,0.23470388724626012,-0.0038927988080530453,0.19883396493565986,0.1251345336091099,-0.2566364515517058,0.1895501048043421,-0.23010036230375214,-0.10359064765844427
#18,0.170183743065099,0.00747002780901086,0.07826686470754267,0.18187417000976322,-0.09856420364894941,1.0,0.11182877793047284,0.06942535756095078,0.11611395679192289,0.009454138267697589,0.02646621968655867,0.03147600605227724,0.37593479457886236,-0.03690500978636572,-0.1491391237153949,-0.3587723316536876,0.19151709490692542,0.29058519228010754,-0.0700773192298616,-0.27532632786870076,0.17564652479906717,-0.08206388206388206,0.05194177228075533,-0.16266281690010503,-0.13490701795786542,-0.21705650180226452,0.1791585113619012,0.1655922486430961,-0.005064849132645743,0.0018443713358967597,0.02293202293202293,0.03753337312659347,-0.1542951271764831,0.06765455748506596,-0.37110361517141177,-0.32675865387729797,0.28834103749357987,0.30496490326998804,0.36897560117899103,-0.055467640213402926,-0.30550581398039023,-0.29078878570403993,0.029365575128286994,0.020900715815970052,0.08188712595492256,0.08791164045401334,-0.04121424968882596,0.01946862116353642,0.09051624814336678,0.18602099788540466,0.04446804277312752,0.08249466724042995,0.09038159885617512,0.15718846735795888,0.08624032352845912,-0.15497901599596514,0.21567530550581399,-0.10205721900637155,0.25253774575808474,0.053835191123326714,0.15722548434412842,0.16696419069300425,-0.18004090376971732,-0.045752994905537275,0.054591725778166456,0.12387040353142048,0.09836893904690515,0.389417769078786,-0.22921658175895465,-0.19038992767806326,-0.1919960021654937,-0.06688506688506689,-0.07546930597778055,0.1731094731094731,-0.024341444680427732,0.14879810473030813,0.044240851020512034,0.001706945774742385,0.15379400972621313,0.14133270404456846,-0.13527811324421493,0.1549438498591041,-0.18595945714589782,-0.42408278848956815,-0.17191428716852444,0.01584650906684805,0.28966300661215916,-0.008069702984957221,-0.281030182725098,0.07285775760352031,0.04000657051504509,-0.0070309138105748275,-0.10978081317064368,0.13948648185936321,-0.058513675462828006,0.09922958397534669,-0.06986771054567664,-0.005230962858081502,0.03739224586682214,-0.1469352249013266,-0.13005131479707752,0.07248573689251656,-0.21130128587755706,0.07770883364103703,-0.051085754475584985,-0.25368989945261133,0.01315815044628604,0.15086226442158646,0.016651628516035296,0.13545209307921172,0.3617975448483923
#26,0.10787212482127737,0.23268970048631066,0.3601359448817076,0.041382214263570194,0.04234974573957625,0.11182877793047284,1.0,0.26334624300725995,0.1387956523549744,0.35009231110926026,0.22949976170315153,-0.09437850793782997,0.1544519866553765,0.10017768153361374,-0.016433228297635077,-0.01472304353660286,0.25326512953631597,0.30802528260155376,0.14819796684203465,-0.15804448516312924,-0.09928973657787217,-0.15185431965092983,0.21387442912866642,0.13589028165299352,0.11634253668151973,-0.017746868594326223,-0.06623032894219334,-0.01690935928224064,0.19423738067805865,-0.02373066440863051,0.08149520861385268,-0.06562232494435884,0.14921639667402378,0.19733246343415836,-0.1401282638570774,-0.2767593479457886,0.15158872277516344,-0.11633559599661294,0.19003410189850867,0.21355330677364576,0.16832456493473444,-0.0906282245265296,-0.11162287094490485,-0.21382954603293586,-0.0854865651475821,-0.08898281949129407,-0.14220214050722527,-0.06649823937959531,-0.3111638603164027,-0.035249425079933554,-0.11806891637400112,0.029768134852880615,-0.06938602701314565,0.12593086152408187,0.055119680543409356,-0.0447484464433617,-0.06063289792103351,-0.17940976415552687,0.02950114984013289,-0.03603742417301739,-0.11548096632842396,-0.18425945205606223,-0.06952715427291699,0.00478675902404716,0.1486717842650046,-0.07053679257069087,-0.04236085083542711,0.19068051101949407,-0.06623773233942726,0.051546153241068496,0.22147355367694352,0.1176011142112837,0.08454818454818455,-0.15258956953872208,-0.12023255921561006,-0.21750487004724292,0.010762226016463304,-0.03314547212852298,0.020879893761249692,0.18548286344896514,0.12502672163689113,0.2992184788794958,-0.004901511681172698,0.13002586561908597,-0.0022117649236293303,-0.15964593252728845,-0.18613251155624036,0.25271357644239,0.1602886399496569,0.15687289755086364,-0.1240573393115766,-0.09812462693818626,-0.04821786347210076,-0.06439289829120337,-0.16739081145860807,0.23691056233429114,0.1697770189295613,0.13037660156304223,0.23759398844144608,0.034819102615712784,-0.028164373927085793,0.2729697339866831,0.11286016370762134,0.12589800894885642,0.06940777449252025,0.011544209849294594,0.15445059851839513,-0.14931495439970016,-0.1888648278478787,-0.003679488425251137,-0.05181683995243317
#49,0.40017583068430523,0.350743810065844,0.18319984082695948,-0.080459195713433,0.06154860561640223,0.06942535756095078,0.26334624300725995,1.0,0.4944881707593572,0.3151769643295067,0.35465974449025295,-0.1370234641421082,-0.10733399038483785,-0.03983582966633814,0.06450765094832892,-0.12851881156965902,0.3632384310350412,0.20129929621455045,0.07404368929792658,-0.10752879227455499,0.07338663779341746,-0.09612247069874189,0.1209381955144667,-0.012374778476473391,0.12438586506383116,-0.11135819949379272,-0.03772863772863773,-0.053292892275943124,-0.0007606990657838115,0.04079410689580181,0.1320321862694744,-0.011196712891628146,0.22823054178986382,0.26015954321039064,-0.091480540633083,-0.1626618914754508,0.1471267878047539,-0.008450052517849128,0.26072312682482174,0.09784514869260633,0.03190355224253529,0.03228528991240855,-0.16750602682806073,-0.16664214291332935,-0.11385869690954437,-0.2612788443296918,0.02568840026467145,0.1009420822980145,-0.1584576872712466,-0.06890850789155874,-0.11653826399589111,-0.11742528352697844,-0.06880671117959254,0.019965574202862338,0.02636673653622806,-0.08905130091570769,-0.24995858724672285,-0.3733806225331649,0.11173947445133886,-0.020009531873938655,0.06648389529745462,0.055938218650083055,0.023914823914823916,0.12045975096822555,0.12268539726166845,-0.13117200405336,0.09082071285461116,0.10129004196800807,0.17184950744272778,0.07780831679136764,0.26328053785680905,0.2643281185654067,-0.1696608781354544,-0.14742847624203556,-0.07293641869913056,-0.04163948231744842,-0.09458117593710814,-0.25503269062591094,0.02487078758265199,-0.08598907073483344,0.14585479161750348,0.12788720924314145,-0.28736055007241446,-0.02742912403929353,-0.06874794671404841,0.09696506984642578,-0.0800765326189055,0.008934512324342832,0.06958129161518992,0.014498165345622973,-0.22687895908234892,-0.20904324972121582,-0.24656459232730418,-0.09022705293891735,-0.10589588047215166,0.30393398020516665,0.09905421600336854,0.2464947227659092,0.23632893293910243,0.08114354724524216,-0.02147124011530791,0.09374412933734967,0.0406775033893678,0.1801686123720022,0.0929311437786014,0.3258748733325004,0.35888800973546736,0.07821041380363414,0.018701906837500056,-0.03058944923351703,-0.07157650716972751
#50,0.2511570121739613,0.3433441145305552,0.03613644461102088,-0.13102347339635476,-0.11004455919710157,0.11611395679192289,0.1387956523549744,0.4944881707593572,1.0,0.1668901567206652,0.26814318170250373,-0.1630713918849512,-0.059507581541479844,0.03223716783038817,0.05606638996469505,-0.17296464415108484,0.10703137652290194,0.0694670016703915,0.04596214087739511,-0.024650073802616176,0.1325208104869122,-0.1607300675097285,0.043388997626285765,-0.11959771790280264,0.044403263047330846,-0.03467612450663298,-0.11845481845481845,-0.19952710800168427,0.03259808344554107,0.09088734342971631,0.0212699602530111,0.03742880014066455,0.11220218677845796,0.19464595566290482,-0.08418680622070453,-0.06258461851682191,0.17235016218067065,0.11055354275693259,0.13892104739562366,-0.015067301507979474,0.11585113619011925,0.09992133890438976,0.04494741274402291,-0.007988265615384259,-0.009597579089104512,-0.2534719619465382,-0.10834455410726597,-0.03606888861126149,-0.13879287608101168,-0.01278983143389923,0.05851969072308055,-0.17156817834783936,-0.016744633693786235,-0.21542729169847813,0.03823577043916027,-0.22668878431590295,-0.119785579107613,-0.31640639098266216,0.05463799701087837,-0.04748816613223393,0.15579246426704055,0.1374061272366357,-0.005334147707029063,-0.001586177857364298,-0.12673690639792334,-0.16043763331898925,0.19932351457775185,0.2217738539772438,0.19021039529514105,0.05511042629686697,0.22496980802065547,0.2407769865396984,-0.24790692078827672,-0.18591087235155032,-0.08442140137055391,-0.038823877806928656,-0.15611173577275272,-0.2151311558091219,-0.024675522980607725,-0.0286368032130744,0.04870695040186566,-0.0001638001638001638,-0.2856526788730179,-0.07636465433075602,-0.1161213601891568,0.08471985082154573,0.06694984661086356,-0.12743004946394776,0.09049311252701084,0.18230541789863824,-0.09675407302525947,-0.11845528116714557,-0.25809862250540216,0.023494681121799765,-0.09648893886182022,0.20823304043643026,0.01706853232276961,0.1292758089368259,0.06240138443528274,-0.014826691097877539,-0.14002692985743834,-0.03127842788859738,0.04213736078142858,0.025364501635688076,0.011853764396137277,0.07778194218872185,0.08857516993110214,0.08049991439821948,0.08674560538967319,0.039728480406446505,0.0417745943169672
#51,0.35217914370456743,0.4564092597990903,0.489273865545052,0.2805665449733246,-0.006616786277803227,0.009454138267697589,0.35009231110926026,0.3151769643295067,0.1668901567206652,1.0,0.4260220158525243,-0.08746234678438068,0.018800927275503546,-0.1240716833937173,-0.15338867372765677,-0.0071142020294562664,0.494001860103555,0.3514443565291023,0.08024033278270566,-0.12856600822702519,-0.26012992962145504,-0.03210945922810329,0.20671256772951688,0.20179069670595096,0.1822605348029077,0.036522346691838216,0.11538102046576623,0.17702401939690074,0.17483261381566467,0.2200905065311845,0.25546116224082327,0.15655732774376843,0.2591304709948778,0.31072058190702256,-0.029153652882466442,-0.08492344424547814,0.09336007810584082,0.0028678910034842238,0.12146013501945706,-0.03956190396868363,0.25766922546583565,0.1922093125482956,-0.03201460320104388,-0.09880527677137847,-0.09977789808298283,-0.31397715126528686,-0.08536348366856841,0.03554741181859826,-0.10638635553889791,-0.10616841803282481,0.12908193247176297,0.04021803004853852,0.05016449423229084,-0.03160510279154347,-0.17695091084921594,0.03780683611192086,-0.3798151001540832,-0.3341962918234105,-0.043485704502653655,-0.0924008754517229,-0.049727231083163285,-0.08320076625161371,-0.2130045299536825,-0.036470060198873756,0.3025893381825585,-0.1766982699186089,-0.16374325018392816,-0.009534650212616314,-0.01090381598856175,-0.04368467080331487,0.1722344840988909,0.15011590943794334,-0.2495995224808784,-0.0168769694193423,-0.32393703410652563,-0.26659587168061744,-0.2038530055479208,-0.26760782354002693,-0.06824544112679706,0.08456993202755915,-0.03154818917530782,0.1724579741528894,-0.019858224942970706,-0.015472174794208692,-0.12256139035800052,-0.13224919835089327,-0.11184821184821185,0.041744980728031574,0.16057737244177922,0.06024051786763651,-0.11460505189318748,-0.1625846185168219,-0.17056039089937394,-0.033824733824733826,-0.1157655344096022,0.31907253941152247,0.24516905194871297,0.3143376041681126,0.2945853403480522,0.17525414474567017,0.03907096618961026,0.3457414270973593,0.13232462046021368,0.24283513097072418,0.22672950300068945,0.25814720729974966,0.27208456530490427,-0.14462166326573106,-0.21022362886769666,0.026348228043143296,0.018413637057704855
#52,0.28843635623296643,0.5482530296089618,0.2559974458279543,0.1416246755229806,0.14312016176422956,0.02646621968655867,0.22949976170315153,0.35465974449025295,0.26814318170250373,0.4260220158525243,1.0,-0.11469065367370453,0.01663312002295053,0.1508655034078763,-0.06881087559053661,0.14911598809903895,0.28880328710837183,0.3034310119055882,0.16442898985271867,0.07594358611307764,-0.22519931333490656,0.1275734902853547,0.11127352313792992,0.1511199951877918,0.11289486713215527,0.12509797933526748,-0.08655589333555436,0.00522679844713743,0.043713821679923374,0.22383384925757807,0.14040589125334887,0.18852473428744615,0.14509686882568237,0.22587255977086484,0.08295460329358634,0.08241693156947394,0.03708500488161505,0.03137698561427375,0.1841595061934045,0.16864938898837203,0.0913278455651337,0.11187273560154916,-0.05018254001304849,-0.0668443482002804,-0.11322293017208271,-0.2525470000046271,-0.09037928529453954,-0.07824419180351384,-0.15111860705081043,-0.1855235821337516,-0.1217664505800099,-0.15627414779957152,-0.20105683495514004,0.04019119273356561,-0.1820449108584702,0.07351249554639386,-0.4187634475770069,-0.19831804069092204,-0.05314251076962941,-0.16059449279788263,0.006155924799992597,-0.07343568530009208,0.054442732408834106,0.06513832785019226,0.23779943271468695,0.011711248999384593,0.18468977452028298,-0.005131016995423775,0.0969798766408936,0.08627641508997441,0.24706802333920977,0.2730650527260697,-0.06941055076648298,0.11361531022547972,-0.08560224322936187,-0.08882919899869052,-0.0744050676254066,-0.1872911432233466,0.038153870357260186,0.13916813577830528,0.11576322084796661,0.2620381552584942,-0.1462790988214717,0.031751782599240226,-0.055223790817011155,-0.1435861130776385,-0.1237593525729119,0.013104938528667343,0.13428466987789023,0.05516225007750431,-0.1044873841484011,-0.23562283392791866,-0.2569584993313807,-0.0934202307083663,-0.2429901396003091,0.2756585553195723,0.35527191289903154,0.22829161981704355,0.22565924938806295,0.14713326577733357,-0.008276535395179464,0.2012252622422114,0.0527765053188782,0.30639283351147756,0.2168209812277609,0.21079878029030572,0.1496527343984971,-0.08762290796189101,-0.15792834436902234,0.13169903339394864,-0.05530106377564005
#53,-0.1307365917535409,-0.19330316448960516,-0.1979631403360217,0.0038812309998750676,0.16726402828097744,0.03147600605227724,-0.09437850793782997,-0.1370234641421082,-0.1630713918849512,-0.08746234678438068,-0.11469065367370453,1.0,0.2937487564606209,0.27425885053003696,0.058243451463790445,0.0811902811902812,-0.17718828227302805,-0.27370220760051267,-0.18327942734722397,0.10789109602668925,-0.11216979691555963,-0.16670969891308873,-0.2817034291610563,-0.011176816261562025,-0.1849178916975527,0.033031644896051676,-0.013673611978696725,-0.14237565762989493,0.1276701971617226,0.12323047238301475,-0.35007981787642806,-0.08250253334999098,-0.3903876141164277,-0.3320705913926253,-0.05474997339404119,0.17522036674579047,-0.1792649351971386,-0.21105095850858563,-0.3062220926627706,-0.24872823516891313,-0.17995715283850877,-0.002423687169449881,0.09552372094744976,0.09298343027156586,0.1496596750834039,0.1104665528394342,-0.051137578256222324,-0.08266124367819283,0.11125964176811634,-0.06487365639908013,-0.0768796531508396,-0.1477630172545427,-0.11296010957027906,-0.24146966689339572,-0.11645543848933679,-0.11198841368332894,0.08697742426555986,0.17859585317212437,0.03627710915846509,-0.002756840044975638,0.10750380580889056,0.1641731099358218,0.26008180753943466,-0.04370826913199795,-0.17630496444055765,0.030254445508682795,0.054372400135112,-0.16281597468038145,-0.031195139669715943,0.1752694142524651,-0.07457210677549661,-0.04450922417024112,0.2254986882105526,0.05904579463901498,0.1995085995085995,0.025691176538634165,0.08231606028216197,0.090431571787504,0.003285257522545658,-0.063078332569858,0.1160098465183211,0.21726564777412236,0.43419120198781214,0.37928899623814877,0.5231337655066468,0.16182206860172962,0.32514656412961496,0.07635077296094245,-0.09552788535839384,-0.017103235747303543,0.03568900179069671,0.2672691181165757,0.34350745198202826,0.021144102500034703,0.14341028239333323,-0.3705298518857841,-0.2305672390418153,-0.25731848952187936,-0.2881795508914153,-0.10076717703836348,-0.2497276937954904,-0.0031705048654201195,-0.06712243830887898,-0.12697659138337106,-0.15893104198188943,-0.19955070633036734,-0.35575267100690827,0.136657458691357,0.21308319104929274,-0.06782668647075427,-0.005415585076602026
#54,0.21462309767394513,-0.1700384513943836,0.16705812129540942,0.24144144144144145,-0.13508192321751644,0.37593479457886236,0.1544519866553765,-0.10733399038483785,-0.059507581541479844,0.018800927275503546,0.01663312002295053,0.2937487564606209,1.0,0.1616494769037142,-0.28195514466700905,-0.2825002197883554,-0.02262246838518025,0.11494375731663867,-0.3534159737549568,-0.18574198235215184,0.030909183451556334,-0.08294719989635244,-0.049180767824835624,-0.05564069462374547,-0.17601114211283703,-0.1180902011410486,0.33472054489003644,0.2941633467057196,0.176523827371285,0.10339121864545593,0.022094976332264468,0.2111758908369078,-0.2018328035277188,-0.047119384407520004,-0.1860964199947251,-0.13576951373561544,0.19469592859423368,0.20400384976656163,0.21116015861778573,-0.21776537708741098,-0.2695299305468797,-0.13352073182581659,0.3823341060629196,0.44304751592887187,0.45772012382181876,0.3925461671224383,-0.059617707075334196,0.027365732450478214,0.1284767047478912,0.10874757654418671,0.05979585132127505,0.22406566813346473,0.21149053521934877,0.1497813684254362,0.03344808599045887,-0.2121350934910257,0.06290203917322561,0.14543511153680644,0.08110514212209127,0.053439109371312764,0.04998773812333134,0.13038307953562192,-0.18844237149321896,-0.2485820180735435,0.03288820407464475,0.28738368568877043,0.3043106280394416,0.37577099441506223,-0.4593127796517627,-0.3027744231134062,-0.2368342148003165,-0.22801352970844496,0.04089451547078666,0.24644752610854306,-0.08063872809635521,0.16865170255000764,-0.11246824636655145,0.07833627155661053,0.24017592322677067,0.10802111819060972,-0.423398436957759,0.10376370206878681,0.3990283041130499,-0.16065094370179117,-0.14698473512032834,0.17367537028553978,0.2950397238532832,-0.26972056802565275,-0.3286460574596168,0.3033051541526118,0.5364918076782483,0.3686794652896348,-0.016065834709902506,0.13506017573814183,-0.04599776972658329,-0.10546648343258513,-0.05370794523336896,-0.12275110241211937,0.046827875641434966,-0.06744587422553525,-0.0524132761420897,0.06306167492608171,-0.0556268132539319,-0.0015454591725778167,-0.027865924476093967,-0.19770957398076042,-0.11247564976378535,0.10656542520949301,0.039792334707588944,0.006365533484177552,0.06658476658476659
#58,-0.1959822688636248,-0.12438216336521421,-0.12316060282161977,-0.14682463665514514,-0.005414196939620668,-0.03690500978636572,0.10017768153361374,-0.03983582966633814,0.03223716783038817,-0.1240716833937173,0.1508655034078763,0.27425885053003696,0.1616494769037142,1.0,0.03318433996400098,0.0002114595334934318,-0.18422659948083678,-0.14889619974365736,-0.14347506211912991,0.16514341768579058,-0.05811713099848693,-0.17425376069443865,-0.15694508067389423,-0.07539712285474998,-0.1417435925910502,0.022727041371109168,-0.03106604293044971,-0.2570265180434672,0.05655131248351587,-0.043081293928751555,-0.13660008236279422,0.08536579723020402,-0.055500955500955504,-0.019179888671414094,0.12484857739095027,0.22272657865878204,0.014449117838948347,-0.08328960701842057,-0.13867766071155901,0.030461740631232158,-0.026338511084273795,-0.05531170615916379,0.23237459339154254,0.05597431021159835,0.09034550729465984,-0.002773034976424807,-0.023415557313862398,-0.1601549160871195,0.12743976642281726,-0.16628909340773748,-0.11160575058880144,-0.10486680825663877,-0.1160487143537991,-0.23083514947921727,-0.12737313584771212,-0.16491113609757677,0.11121707223402139,0.1719128990315431,0.050209377328021394,0.0528079697571223,-0.04866808256638765,0.004867270968965884,0.30295580634563685,0.13340829273032662,-0.44483219737457025,-0.10732519885062258,0.4688932383847638,0.11216193080599861,0.07287534067195084,0.23048395082293388,0.06482645974171398,0.025535242484395027,0.15239060323806086,0.09825788808839657,0.45424793051911694,0.12633388396100262,0.06918058273990478,0.16675597014580065,0.019898480915430068,-0.10444897902525022,0.06342582952752444,-0.010792302317726047,0.18368892775672438,0.25723797757696065,0.1931102134491965,0.09619048941082839,0.04255287645118153,-0.034928765437240016,0.017843575470694116,0.10540309184376981,0.10231078536163282,0.1941735263769162,0.04763808492622052,-0.00014066454744420846,0.0876784334411453,-0.13432816483663942,-0.21475774696113678,-0.14354030455725372,-0.08236788406279932,0.07678849882239713,0.021888606634369347,-0.00531008666601887,0.071792131114165,-0.006626503236672728,0.11871717634429499,0.11375504934826969,-0.095544080289843,0.030723173096054452,0.21149007250702165,-0.08803333379604567,-0.1548665769004752
#101,-0.3178907721280603,0.010677549660600508,-0.23938237158576142,-0.17622676605727453,-0.12280477704206517,-0.1491391237153949,-0.016433228297635077,0.06450765094832892,0.05606638996469505,-0.15338867372765677,-0.06881087559053661,0.058243451463790445,-0.28195514466700905,0.03318433996400098,1.0,0.386301864267966,0.08108802176598787,-0.21188245256041865,0.249337627303729,-0.004945932064576133,0.3990875312909211,-0.11195047127250517,0.07157928344369022,-0.12085722085722085,0.2108006311396142,-0.05184321455507896,-0.4210163938977498,-0.5373686475381391,0.07809242216021876,-0.3301470962487912,-0.21898693763100543,-0.30155378799446597,-0.18313691195047127,-0.187692777523286,-0.08946681658546066,-0.1081950980256065,-0.12760911913454287,-0.1780396729549272,-0.17350925656010402,-0.010555856318568183,-0.03867627257457766,-0.12065640370725117,-0.3488406742644031,-0.2408015102930357,-0.1810597963140336,-0.1408783205393375,-0.32602247856485145,-0.329886126496296,-0.4407913306218391,-0.20652331838772517,-0.37355830406677865,-0.1980695641712591,-0.34789026314450044,0.03497966379322311,0.43602215466622246,0.16429711683948972,0.1533766432071517,-0.05508220084491271,-0.19651808973842871,-0.34154971612598733,-0.00711235118014779,-0.11171957782127273,0.25728193524803694,0.43491210779346373,-0.3564550683194751,-0.3689214638367181,0.05829018540882948,0.00620589773132146,0.38532276498378193,0.2916212051805272,0.08785333870079633,0.1910127384703656,0.37454850844681353,-0.19578978053554325,0.08699454462166327,-0.3123215665588547,0.3938824803231583,0.1690699944937233,0.25951220866475105,-0.15354229422026033,0.4390538458335069,-0.0788415534178246,-0.0863971830073525,0.16233197758621487,0.13219043388534915,-0.03625119726814642,-0.11789586196365857,0.17545635003262122,0.06506383116552608,-0.2478648139665089,-0.42276544649426007,-0.2826561538425945,-0.08079049773965029,-0.16845412438632779,-0.010503107113276604,0.05494199900979562,0.0064590013742556115,-0.2227959855078499,-0.2063622944978877,-0.34631889208160394,-0.27246861653641313,-0.21614357038085852,-0.06659540896829032,-0.21645867747562664,-0.2081784403818302,-0.13494357223170783,-0.15476755646247173,-0.037465354414506956,-0.12186408288103204,0.10418477028646521,-0.14917614070156443
#102,-0.26776745929288304,0.22878857285636947,-0.053928196301077654,-0.05195241466427907,0.11244557346252261,-0.3587723316536876,-0.01472304353660286,-0.12851881156965902,-0.17296464415108484,-0.0071142020294562664,0.14911598809903895,0.0811902811902812,-0.2825002197883554,0.0002114595334934318,0.386301864267966,1.0,0.010200955963667827,-0.06576946746438272,0.2563967665662581,0.47126787804753906,-0.1683916582221667,0.41828222675680304,-0.25499336007810586,0.14603987654835113,-0.03766894783843936,0.30268373149729083,-0.6656098317115267,-0.32197096942859654,-0.017527542951271766,0.05010850604070943,-0.1228510482747771,-0.09332722553061536,-0.09405646015815507,-0.11462448581092649,0.10829180490197439,0.2353956421753032,-0.5308365376161986,-0.03389784237241864,-0.4580588292452699,0.15511181443384833,0.02633712294729244,0.1495749987275411,-0.31134478083630623,-0.0749325596783224,-0.2204079271875882,-0.11041472905879686,-0.12909164943063248,-0.19195343263139875,-0.2688497434260146,-0.0195505212454365,-0.29378623615911753,-0.11393411901886479,-0.47290680511019495,0.09794185556897421,-0.11970830614898412,0.3988237852644632,-0.27427967258475733,0.2965976762586932,-0.3437462115428217,-0.2169709000217475,-0.11437184488031946,-0.2146776977285452,0.3672890147466419,0.25536723163841807,-0.06376777393726546,-0.08200095318739387,0.02586006653803264,-0.20551044110366146,0.4505485454637997,0.5152519237265,0.18390547712581612,0.32162069619696737,0.24137342272935494,-0.06990333939486482,0.11259873124279904,-0.2932434745994068,0.26166289556120065,0.05625841558044948,0.0013164165706538587,0.22074616989871226,0.20219233100589032,-0.016601655584706432,-0.030240101426542106,0.1275637733264852,0.20810625725879964,-0.20594122628020933,-0.23216868640597454,0.07935562681325393,0.17283878639810843,-0.27626517118042543,-0.20520366283078148,-0.14080567470397978,-0.003691056233429115,-0.17698700241073123,-0.049334851029766286,0.054266439012201725,0.21684874396738804,-0.07649282564536802,-0.1002276544649426,-0.17430882346136584,-0.1448021210733075,-0.1382214263570196,-0.15228047770420652,-0.052527103374561,0.029348454772183587,-0.10627576729271644,-0.120100223490054,-0.15786402735555277,-0.2232193672871639,-0.08523993947722762,-0.2612894867132155
#201,0.3160898957509127,0.2990070193460024,0.555887783006427,0.19455341319748098,0.02511880138998783,0.19151709490692542,0.25326512953631597,0.3632384310350412,0.10703137652290194,0.494001860103555,0.28880328710837183,-0.17718828227302805,-0.02262246838518025,-0.18422659948083678,0.08108802176598787,0.010200955963667827,1.0,0.6143977567706381,0.07314278839702569,-0.32648241461800787,-0.07525229389636169,-0.08717731599087532,0.23345687752467414,0.05393050986271325,0.34142987363326344,-0.16268780336576946,-0.06970020868325953,0.021229704280551737,0.27313029516419346,0.13044230671349316,0.33682634869075545,0.10470023181887589,0.3295756465247991,0.3877024944821555,-0.2821226465294262,-0.29502537977114246,0.17232147401638928,0.06982745457321729,0.17060434857045026,0.018496925276586293,0.022418874961247844,0.0310197716977378,-0.23400148993369332,-0.11754188703341245,-0.19548716667360735,-0.3471647302155777,-0.05957097313029516,0.046826950216780724,-0.15119865628340204,-0.0396822091737346,0.01722492908933587,0.024000888407668067,0.02578186815474951,0.21834561834561836,0.09960484367264029,0.2340931069744629,-0.1728744152472966,-0.3552293433649366,-0.033061258484987296,-0.17371099913472796,-0.06636266466774941,-0.03521148266910979,-0.3498026531924837,0.21166081335572862,0.21167932184881338,-0.20652794551099635,-0.21681450325518123,0.06380802990972483,0.10244219566253465,-0.04741690843385759,0.1716829310049649,0.2142172989630617,-0.026847031931777694,0.09094888416922316,-0.2868256546222648,-0.16454004081122725,0.03591943252960202,-0.09625758269826067,-0.0045655825316842265,0.11201340014899337,0.01187782543714747,0.10145384213180823,-0.10033824271112407,-0.16051074186667408,-0.132465747719985,-0.12223055104411036,-0.1819333971876345,0.035829666338140914,0.05242021682699649,-0.12197282027790503,-0.14279394957361058,-0.4009471721336128,-0.338098807590333,-0.09511283240096799,-0.10492881170847272,0.5529791733181564,0.2836000869899175,0.428503079350537,0.38040274480952446,0.057102402865114726,0.0952289731950749,0.4233438369031589,0.08599092158414193,0.32320826219131304,0.1866202103490239,0.28362368531860055,0.42813846203676714,-0.03820060430229922,-0.2701346955584244,0.0364154601442737,0.11276068055729073
