,#10,#11,#12,#13,#17,#18,#26,#49,#50,#51,#52,#53,#54,#58,#101,#102,#201,#202,#301,#302,#401,#402,#501,#502,#601,#602,#701,#702,#801,#802,#901,#902,#1001,#1002,#1101,#1102,#1201,#1202,#1301,#1302,#1401,#1402,#1501,#1502,#1601,#1602,#1701,#1702,#1801,#1802,#1901,#1902,#2001,#2002,#2101,#2102,#2201,#2202,#2301,#2302,#2401,#2402,#2501,#2502,#2601,#2602,#2701,#2702,#2801,#2802,#2901,#2902,#3001,#3002,#3101,#3102,#3201,#3202,#3301,#3302,#3401,#3402,#3455,#3501,#3502,#3601,#3602,#3701,#3702,#3801,#3802,#3901,#3902,#4001,#4002,#4101,#4102,#4201,#4202,#4301,#4302,#4401,#4402,#4501,#4502,#4601,#4602,#4701,#4702,#4801,#4802
#10,1.0,0.20907934128273112,0.47102541678812865,0.37469102384356623,0.08866724968419884,0.12716075088956444,0.2540373964102778,0.37017865322950066,-0.130053165646386,0.5223952766325648,0.410807571824521,0.15798618340991222,0.22909581384157654,-0.029430354854083667,0.018680159358125458,0.0422419337673575,0.4667902108580075,0.24582055090529667,-0.0017957865415492533,-0.008330672737452399,-0.010813587084773526,0.19081284674505014,0.17397243159955025,-0.00912191081682607,0.1727314371382168,0.03657926030807387,0.20283411300360452,0.22311386887658075,0.10028040367023418,0.0053521934877867085,0.049334851029766286,-0.05192927904792312,-0.03700726921065904,0.15132821573499539,0.02317124520514351,-0.06777625082709829,0.04197633689159113,0.14982995321978373,0.17380863143575007,0.09229583975346688,0.0778365422433219,-0.025342754156313478,-0.045416140331394565,-0.0012622792283809234,-0.19593553491858576,-0.1271427051088068,0.008860941064330895,0.08695845306014797,-0.037188189730562614,0.01540600693143066,0.04278376990241397,0.2657273606426149,0.08115326420411166,0.10410934817714479,-0.08336179014145116,0.09855633753938839,-0.32170953696377425,-0.17855189550104805,-0.07360457529949055,0.0662340306408103,0.06572828606726912,0.1799238375509562,-0.021302812828236557,-0.036743060471874034,0.22360434394332698,0.14606902742495964,-0.1364062058977313,0.11940106516377703,-0.06044688756553163,-0.11062480045530892,0.025738835908327432,0.03628913967897019,-0.26074487430419635,0.24139424478407528,-0.2902284410758987,0.06550387058861636,-0.2577150339862204,-0.07334545639630385,0.2265953164258249,0.33019475561848444,0.09564402615250073,0.14381515567956246,-0.2626017388729253,-0.1869061665671835,-0.01934368883521426,-0.004803879380150567,-0.019324717629802375,-0.0977502926655469,-0.09211121753494635,-0.28219436694012967,-0.05172013307606528,-0.307839734958379,-0.22759847675101913,-0.13070697816460528,-0.25479531920209886,0.1563315241281343,0.15346826024792126,0.26813531559294274,0.15517104161171957,-0.1116626642050371,0.05482817177732432,0.31031755947010187,0.0708546759394217,0.4160686109838652,0.0075755262195940165,-0.04385541165202182,0.1021918682935632,-0.005153227187125492,0.11848905916702526,0.002990047057843668,-0.12459362289870765
#11,0.20907934128273112,1.0,0.2514698057070938,0.15009971450649418,0.03945039029784792,-0.0631824428434598,0.25639815470323946,0.0949069254154,0.23571722724265098,0.3165498318040691,0.18096170130068434,-0.20563259715802087,-0.22067444948800882,-0.053617716329580734,-0.08934743680506392,0.07307662053424765,0.14192081141233684,0.40089534835297547,-0.0568571653317416,-0.017497929362336143,0.041491877085097426,-0.08449636076754721,0.16041357227797906,0.10346340176848652,0.09519149349657824,0.09233702115058047,0.053052744578168304,0.04788609873355636,-0.15106076800992055,-0.07970913903117292,0.09220190915106169,0.0058361905819532935,0.06484172924850891,0.14999976864383643,-0.17928668267651318,0.05242669479957616,-0.21722169010304604,-0.14230625078082706,-0.05653234127810399,0.07783700495564902,0.22920501395077666,0.018372455660591255,-0.04476417866248375,-0.19789188263764534,-0.12881309660970677,-0.22223656630436292,-0.08743319590777218,0.024028651147295216,0.02107238208933124,-0.06482229533076991,-0.09209178361720735,0.049265906893025534,0.14028095892502673,0.06973537482012059,0.1575276354937372,0.0851548004090377,-0.060181753402092385,-0.17535732959461772,-0.005240679816951003,-0.015096915096915096,-0.03852589106826395,0.11682653377568632,-0.25635928686776144,-0.23776334115317166,0.22914948847152236,0.09166146115298658,-0.047138355612931886,-0.036679668883058715,0.045185246880162136,0.013185913185913186,0.28512287325846647,0.35395179462976073,-0.16118537643961373,0.04769777481641888,-0.16570052332764199,0.004109348177144787,-0.0734555819301582,0.18379488887963463,-0.2015982083778694,-0.11758954640310572,-0.1328724718555227,0.006785676277201701,-0.1737457025592619,-0.1507178981755253,-0.011115738234382302,-0.12770767686021922,-0.16692347200821778,0.24621200553403944,0.1754845754845755,0.12455105336461268,0.028370280912653794,0.05188856036313663,-0.127461976614519,-0.09556860404318031,-0.1850048816150511,0.3447003243613413,0.27646691375504934,0.4482405363761296,0.38347561737392244,0.1995372876728809,0.26209182988844004,0.0683310429073141,0.15278020701749515,0.1442302086369883,0.14341722307824004,0.2696817001901748,0.06964653405331371,-0.00962996895200285,0.08522466997043268,0.01655121994105045,-0.09228566008227025
#12,0.47102541678812865,0.2514698057070938,1.0,0.44528519274281986,-0.022700666768463378,0.13407413576905103,0.34006857396687906,-0.023179574027031653,-0.26819408005848683,0.5252030150335235,0.15545607240522494,-0.09350398163957487,0.176993943095638,-0.21611997205217545,-0.017076861144657753,0.22061059518686638,0.6020673986775682,0.6486389316897792,-0.031153495560275222,-0.14476371595015664,0.24028651147295216,0.18325953071715784,0.45099830184575945,0.26763512356732694,0.10648398783992004,-0.023307282629316528,0.3899646950494408,0.4388516405465558,0.07228306889323838,-0.15145684976193452,0.07434815400917096,-0.006363219922541957,0.04117306829171236,0.1364658957879297,-0.11015329659397456,-0.275805235127269,-0.21716894089775446,-0.25017004678021626,0.05154430239176002,-0.09487916267577284,0.13294881938949735,-0.2737924365043009,-0.07246954196106739,-0.09703493940782076,-0.09738567535177704,0.029184191896056304,-0.08552497027073298,0.29927215350944164,0.09016504948708338,0.3271519593553492,0.06987187495662071,0.5269904727531847,0.2601294669091279,0.43639741436351603,0.13859668605431316,0.1854574142709736,-0.246354058218465,-0.39877103605917164,-0.07722715010850605,0.06481628007051736,-0.0877677369202793,0.05523998574846033,-0.30591253811592795,-0.08184779540711744,0.417998584100279,0.364834325851275,-0.40542298847383595,-0.18675393421156133,0.09783635715839106,-0.0984355696220103,0.319478800834733,0.35290837833210714,-0.29926752638617043,0.15434232383384927,-0.4414877126741534,0.0911797776204556,-0.3337247879620761,0.16826209877057335,0.1719614838258906,0.24427324088341038,0.03225382547416446,0.011457682644123323,-0.16628539170912052,-0.14874304196338095,-0.2112226247819468,-0.23872393194427094,-0.16948042032787797,-0.071733829360948,-0.1154360832326934,-0.10902659207743953,-0.25779230694484934,-0.21716153750052056,-0.28912949929899084,-0.10905620566637515,-0.19785116395285887,0.5459542747678341,0.22196680501765248,0.4687400806044874,0.5043268229708908,-0.0979825742537607,0.32933457340237,0.3699685818329886,0.230709754438568,0.3013483437212251,0.3090358463239819,0.01859687113924402,0.22897782219816118,-0.18155304765474256,0.04416080178792043,0.03565614921547125,-0.2313149821624398
#13,0.37469102384356623,0.15009971450649418,0.44528519274281986,1.0,-0.006869889920737378,0.1426542104508206,0.12590541234609032,0.033667411633513326,0.07323255458848679,0.3823678840627993,0.1922986160274296,0.08329793584030872,0.35114035453018505,-0.0373089576479407,-0.1173128444314885,-0.021449029923606196,0.45043564365598265,0.10377943428790887,0.10904556328285142,-0.02457002457002457,0.004505429929158743,-0.01760250234826506,0.1263385110842738,-0.07728915356034,-0.03881554898504051,-0.2000800492325916,0.26928469301350655,0.33401675944048825,0.026577270645067257,-0.08750121461985869,0.005676554829097202,-0.0007537583808770249,0.2742491335711675,-0.09419388571930945,-0.0031797591119625017,-0.09037512088359546,0.1339815933036272,-0.004311090751768718,-0.06861607370081946,-0.15276632564768158,-0.05038335716301818,-0.16706136028169927,0.04885039122327258,0.2019063747877307,0.050224184122489204,-0.11295687058398923,0.03418148502894266,0.33699523869015396,0.10131549114599962,0.07258013020724885,0.21090659226252448,0.22100297524026338,0.1908313552381349,-0.023628404984337187,-0.1359458071322478,-0.12742172064205962,-0.21030876793588657,-0.26631315444874765,0.11240578020239037,-0.04990907702772109,-0.025172476019933648,0.020049325134070897,-0.027969572037368648,0.011545597986275953,0.4742805980094116,0.3822489669947297,0.06954751361531022,0.056437022538717456,0.004792774284299708,-0.17198415672991943,-0.006895339098728929,0.029585363483668567,-0.20344026615213057,0.19382001415899722,-0.1737077601484381,0.08906888398413822,-0.19204551238449544,-0.0775820504634064,0.2297167737845704,0.1935752393379512,-0.12789276179106687,-0.08177005973616143,0.017976836620904418,-0.10041505295742584,-0.22718203565661194,-0.039134820490752696,-0.027291235765812036,-0.12934105137494967,-0.180439761795694,0.06236806914773017,-0.07149738336179014,0.005405405405405406,-0.2272468153824086,-0.08279681839003873,-0.14546657597505055,0.18479064580759497,-0.12330450635535381,0.2695414983550577,0.332143237227983,0.0974402754063771,0.35078314061364907,0.18928728420253843,-0.2100181845944558,0.17064321640592828,0.3613713867951156,0.1392384680520274,0.39291818783344207,-0.0953330834686767,0.06467607823540027,0.015531864684407056,-0.0999731626850271
#17,0.08866724968419884,0.03945039029784792,-0.022700666768463378,-0.006869889920737378,1.0,0.4974911737623602,0.1991833127426348,0.15643979881268016,0.24451338858118518,-0.06145976484959536,0.08858349875299028,0.48642725930861525,0.23624934641883794,0.05280611890781382,-0.247068948763864,-0.24808367689723623,0.05209446734870464,-0.0633133904320345,-0.23814831780933476,-0.2566581990310804,-0.2820500006940685,-0.24422234252742728,-0.016119509339848324,-0.06716454513064682,-0.16067500474280136,-0.1720965958254094,-0.38461990495888804,-0.27295538990454243,-0.13552473891456943,0.2885881258762615,-0.0862542048982727,0.11762656338927525,-0.08970881513254395,0.1670789433501298,0.08164281384620367,0.2386165826843793,-0.1485889587584503,-0.03883035577950832,-0.28190841072197004,0.029001883239171376,0.18433996400098096,-0.027515188532137684,-0.00939676193913482,-0.3008574059421517,0.015127454110504958,0.00444481461430614,-0.2437850793782997,-0.2566364515517058,-0.25945205606222554,-0.1941712128152806,-0.06734824192451311,-0.26222231476468766,-0.2898360610225017,-0.06919215054808275,-0.2697164036147087,-0.07510885307495477,-0.08148549165498319,-0.08022136157729379,0.2329886126496296,-0.021892308332986297,0.10882670035212408,0.013228482720008143,0.1205749663376782,-0.1791173299647876,-0.10875359180443926,-0.12034268474946441,-0.008032685998787694,-0.12172573189522343,-0.23751347649652735,-0.12957009397687363,-0.14643549558803795,-0.1782701036938325,0.06477417324874953,0.09908753129092113,-0.014511584003109427,-0.17665847665847667,0.08826283911029674,-0.01775149571759741,-0.019019327493903764,-0.06061115044165891,0.20922139396715667,0.3169093592822406,0.13218303048811522,0.3075116719184516,0.6115557776574726,0.2376314681399427,0.24558780660475577,0.13811222624781946,0.2770207804106109,0.3272014695743509,0.19175955616633583,0.23677730118408086,0.42847207762462,0.09724732436596843,0.19938181633096888,-0.09737457025592619,0.022127828907489926,-0.11272551442042968,-0.08020701749515309,-0.06051999611321645,-0.04895126251058454,0.26469458672848506,-0.07701383972570414,-0.020450034009356043,0.08670812569117654,-0.048770341990680977,-0.0766330274804851,0.1447507600049973,-0.07192863125066515,0.12287834830207711,0.11182183724556606
#18,0.12716075088956444,-0.0631824428434598,0.13407413576905103,0.1426542104508206,0.4974911737623602,1.0,0.20189017985628155,0.09712331746230052,0.09418601960974843,0.05663043629145324,0.11320766066528778,0.5048783760648168,0.42980839082534,0.17705131942420077,-0.22915133932083084,-0.16543076204093154,0.18128559992966772,-0.09284646742273861,0.03422729354932745,-0.10866567646228663,-0.2587269858456299,-0.09280806229958773,-0.08578917900951799,0.006725523674676217,-0.10231911418352096,-0.0362724820351939,-0.14064418810181523,0.08451672010994045,-0.00416996349199739,0.3440455864184678,-0.1722303196879468,0.11238495814767001,0.0017777407607916082,0.10467339450390298,0.13594950883086476,0.20348191026157128,0.037068809950165885,0.14074135769051024,-0.18532878024403449,0.08921602650416209,0.11125825363113499,0.09062591096489402,0.048473743388997625,0.004955649023445634,0.0338265846740423,0.07830434440603933,-0.10148900826866929,0.0412540429489582,-0.08590393166664353,0.017977762045558655,0.1186255593035254,-0.04283235469676148,-0.11117218913829083,-0.0033167219607897576,-0.22000027762739627,-0.04230671349315417,-0.14526298255111814,0.018677845796489866,0.08953622343452852,0.09868635970330886,-0.01282684842006876,-0.03208215920080327,0.17839596144680891,-0.01781997714201104,-0.0017000050898355983,0.13258373936340037,0.07893779758186538,0.02186963542895746,-0.22988057394837055,-0.11395077666264107,-0.18524919372377,-0.15762896949337626,-0.03758658504421216,0.08152112050417135,-0.180921445328225,0.0816775172707376,-0.16457983407135948,0.01768023801922107,0.016926016926016925,0.12320594862967744,0.1964380405058371,0.14066871185515253,0.22073367666588006,0.3494422002896579,0.21884442223425274,0.14313959568196857,0.13233202385744758,0.01206476121730359,0.07148720369059353,0.2635651059379873,0.24752101870745938,0.19610349949333,0.3359495088308648,-0.027619298805739483,0.040495657444809985,-0.1042911941217026,0.028555365843501438,-0.07882397034939408,0.015402767945140826,-0.13278687007500567,-0.05954691208928497,0.2572759199877844,-0.18789174382394722,0.03529986072358954,0.10007681024630177,-0.16987048681963937,-0.043167821133922826,-0.0607948472355252,-0.04044522180115401,-0.0034425797137661546,-0.05238690153944391
#26,0.2540373964102778,0.25639815470323946,0.34006857396687906,0.12590541234609032,0.1991833127426348,0.20189017985628155,1.0,0.12226571718097141,0.075669197703096,0.38236186880254674,0.22475001966527391,0.18351633605870893,0.18312164244367635,0.15152301762471254,-0.09135699644174221,-0.012482127736365025,0.1525682847716746,0.08340852408649019,0.03420415793297149,-0.1232388012049029,-0.07856392602155314,-0.19060508891017366,0.04107867497698006,0.004193099108353346,-0.045113063757131554,-0.05388608947930982,0.09953821309753513,0.12003822003822004,-0.1704044568451348,0.05512523309133479,-0.12474446711734848,6.570515045091316e-05,0.062310230106840274,0.05997769726583286,-0.004253251710878829,0.027120957629432205,0.014130771757890402,-0.015477727342134122,0.04183382149483844,0.05490128032500914,0.1315310688192044,0.0037146545621121892,-0.03898258813513051,-0.11373006288260526,-0.12648519089197055,0.03553167959947621,-0.021153356746577087,0.030991546245783534,-0.0026013687030636183,0.039969090816548446,-0.1045045045045045,0.06914865558933356,-0.012895329844482387,0.09111777416862163,-0.07799432714686952,-0.023716783038816937,-0.25078221518899485,-0.17797859492774748,-0.01387766811495625,0.0580921445328225,-0.02982782474307898,0.025614829004659515,-0.06233151487388776,-0.13701143362160312,0.2348801806428925,0.17579968257934359,-0.1442690764724663,0.05329937024852279,-0.09656945080673894,-0.14002970613140106,0.06853139734495667,0.16754813364982857,-0.1821133922828838,-0.09386489725472777,-0.13572925776315606,0.019910974148262282,-0.12184048455234896,0.03865730136916578,0.007727758575216202,-0.04057709481438295,0.2269779795203524,0.2398543381594229,-0.0407816136629696,0.10544427324088342,0.17700782446545157,0.02471994336401116,0.06708542132270946,0.14106062919622242,0.0815803476820426,0.06792570690875775,-0.030405289727323627,-0.014745716440631695,-0.011646931985915036,-0.07646043578246968,-0.04059652873212195,0.11995909623028267,0.03726731353849998,0.12012983707898962,0.1963510505883387,-0.02947616337446846,0.07966425593544238,0.17046599758464165,-0.09125010989417769,0.08366671756502266,-0.04730863374931171,0.03651633143158567,0.04074459667680007,-0.04199530809700301,0.11242336327082089,-0.03595552409111731,-0.06488337335794962
#49,0.37017865322950066,0.0949069254154,-0.023179574027031653,0.033667411633513326,0.15643979881268016,0.09712331746230052,0.12226571718097141,1.0,0.1397307939680821,0.24787915804864957,0.3410259257716885,0.171663959799553,0.11773252451218554,0.36447433566077636,-0.20749270071303968,-0.22152075033430965,0.05400223027341671,0.0789502908146976,0.03981038048834659,0.018721340755239062,-0.292245866822138,-0.0368730826357945,-0.2544922426278359,-0.24417745943169672,-0.2183687539619743,-0.07199433640111606,-0.18364913449659212,-0.0915383796739729,0.06916994035638103,0.15186079762350949,0.14870880125117414,0.18648278478786953,0.018824062891859502,0.0765941596450071,0.18731289070272122,0.19534094957823772,-0.09059120754036008,0.18168862236658848,-0.16537338571236876,0.1682727411540971,0.04246357297204755,0.16868177885127036,0.11770892618350245,-0.07333666486208859,-0.14272500543686983,-0.20708690200215624,0.16707940606245691,-0.09411198563740937,-0.26659633439294456,-0.33919682394258666,-0.23637103976087026,-0.2047608471337285,-0.23743759167487982,-0.07632208479666107,-0.3358148595436731,-0.021371756964977305,-0.3427069596561122,-0.23423839864517831,-0.06005265666282615,0.050321816423511335,0.2013173419953081,0.005106955954413582,0.15823188365561247,0.03755188161967823,0.06617063905199498,-0.15830915661424136,0.09466076245737262,0.20352077809704927,-0.07979242725005437,-0.1308957647940699,-0.10815900646409121,-0.08051194491872458,0.18413405701541294,0.10195218330811551,-0.07484742061013247,-0.30745799728850576,-0.014056275073224225,-0.23379558294812533,0.01908503264435468,-0.05598957971839328,0.10548082751472582,0.21938718379396346,0.13037937783700496,0.15881860288639948,0.10505374403679489,0.27670752416515126,0.03811315167247371,0.055530569089891124,0.013396910007079498,0.059984175238412527,0.14533285211251312,0.06908804027448096,0.11521675758963895,0.13360725903098786,-0.0056895107742565365,-0.09363631736513092,0.05411929649217785,0.16058708940064872,-0.08451209298666926,0.12783353461319563,-0.04551562348172518,0.30306454374250985,0.24735999481762194,0.29598180615129766,-0.00685323227696109,0.1398423076389178,0.03157410106562649,0.1417070383172078,-0.04839693314269585,0.1134380914041931,0.09364788517330891
#50,-0.130053165646386,0.23571722724265098,-0.26819408005848683,0.07323255458848679,0.24451338858118518,0.09418601960974843,0.075669197703096,0.1397307939680821,1.0,0.013357579459274375,0.27597042342805056,0.17804198651656278,-0.042290518561705,0.35283156808580535,-0.18270335049996067,-0.2572430674125589,-0.04989056853463633,-0.2589958217076861,-0.17588019452426232,-0.2756904824701435,-0.20311729294780143,-0.3830499220329729,-0.11288006033768745,-0.14558688118010152,0.005498410583156346,-0.20116140794106896,-0.18033703965907355,-0.2060425602798484,-0.24454855471804623,0.08975971348852704,-0.2662853917091205,0.049177066126218666,0.0729567780415238,-0.01577340051916323,-0.05397493024611669,0.10523929167996965,0.006862949235830592,-0.10391269543811917,-0.23702115058047263,-0.17647200359064766,0.007363603973773465,-0.08743458404475353,-0.12909164943063248,-0.23450862264421587,-0.02580916818204954,-0.2608869269886219,-0.1010267586538773,-0.2591360235428032,-0.006958267975217128,-0.2073936802750362,-0.04004821462448581,-0.2661683254903594,0.018771776398895042,-0.24420522217132387,-0.0661493542849475,-0.23527579968257933,0.1886394869445717,-0.08872370058810737,0.19611460458918087,-0.1627201932286678,-0.002986808071553834,-0.02944469893622436,0.02001092001092001,-0.27890772128060265,0.012073090039191735,-0.15098164420198318,0.3468505485454638,0.11636289602391298,-0.07536056858090756,-0.09708306148984115,-0.01991930297015043,0.0002665223004206055,0.09497540683981362,-0.13832322306898578,0.06182993471129064,-0.11793010267586539,0.10955871125362651,0.060575058880143626,-0.12222962561945613,-0.2556166335827353,-0.0748576002813291,0.05676693642795338,0.17891512467783655,0.22371678303881692,0.21547541378049853,0.1324028188434968,0.15318878200234132,-0.0771776398895043,-0.0611386424945747,0.31089733801598207,0.04835760259489073,0.3375287460033223,0.1567215906198957,0.08007745804355974,0.20895209539277335,0.0271764831086865,-0.13990384837842465,0.04367587926909961,-0.07087827426810478,0.24751268988557124,0.08495861038233919,-0.06796550016889,-0.3786791413910058,-0.1920302428777005,0.10566128532230228,0.05433630857359671,-0.008908137721697044,0.04504458233271793,-0.09325828139387461,-0.011049107659277151,0.08819204412424751
#51,0.5223952766325648,0.3165498318040691,0.5252030150335235,0.3823678840627993,-0.06145976484959536,0.05663043629145324,0.38236186880254674,0.24787915804864957,0.013357579459274375,1.0,0.41439266693503984,-0.052772803620261245,0.23560802713345086,0.04309008546296682,-0.16726680455494014,-0.1442663001985036,0.5062521689640334,0.30943609248693993,0.040451237061406554,-0.15544820629566392,0.06610863560016102,0.022682620987705734,0.17752097243622667,-0.03925512569580366,0.01313270126829449,-0.16843330233160742,0.3067232101130406,0.3190248800418292,-0.07944493029238792,-0.12079336655607842,0.07717347547856022,-0.04619025805466483,0.07687548873989553,-0.04735768125598634,-0.05388146235603863,-0.09791409282934707,-0.13068708153453917,-0.0880125117413253,-0.009015949693915795,-0.02716167631421869,0.1320053489545015,-0.0205240679816951,0.04064835251275929,-0.11073261242752769,-0.1282129587214333,-0.19405090761022964,0.05375606731538935,0.21091168209812278,0.10673570334587283,0.06764900493714053,0.06970529851885784,0.33275725648607,0.25621908503264434,0.1073959938366718,-0.029251285183488573,-0.022059810195403415,-0.2657070013002216,-0.3563125529227224,-0.05562264884298783,-0.03120670747789392,0.094032861829472,0.25984721238958525,-0.2135301711572898,-0.020360267817894937,0.44051324051324053,0.2777412235039354,-0.17618882364645078,0.058875516502635145,-0.10704757145435112,-0.290136361322802,0.1379678600017583,0.16573939116311998,-0.2855494940240703,0.026240416070924547,-0.23201414048871677,0.06548767565716718,-0.17744508761457914,0.01772743467658722,-0.04808645317119893,-0.17525738373196,-0.027650300531656465,0.013482974499923653,-0.21290088239240781,-0.10399413280769212,-0.18762846050981644,-0.004214383875400824,-0.02667860464470634,-0.005472498692837676,-0.07559192474446712,-0.09965481660396915,-0.03911770013464929,-0.15198850622579435,-0.18726476862070082,0.026697575850118224,-0.1987039427717394,0.32709041861584237,-0.04349310789988756,0.44739423552982877,0.290800816224545,0.10849401018892545,0.3229898619729128,0.3097507368693809,0.14332745688677892,0.4610835797276475,0.09392736341888884,0.1182428962089979,0.15785847480762735,0.05032412998514693,0.11421128370280913,0.07655436638487485,-0.2067514355649949
#52,0.410807571824521,0.18096170130068434,0.15545607240522494,0.1922986160274296,0.08858349875299028,0.11320766066528778,0.22475001966527391,0.3410259257716885,0.27597042342805056,0.41439266693503984,1.0,0.13601197499502585,0.10557707167876659,0.21980686387466047,-0.13758565961955793,-0.2721433297704484,0.30068157525784645,0.01933212102703628,-0.03364566415413873,-0.16760782354002693,-0.13115719725889216,-0.18834381376754258,-0.12732825275198156,-0.2455119217831082,-0.028171777324319698,-0.15408505577997103,-0.02726717472480184,-0.016541502982180947,-0.11879398659059676,0.002568516127838162,-0.022418412248920723,0.02229162907129009,0.14784306648713427,-0.0893178232161283,0.028028799215239892,0.12224998496184937,0.17851626665185988,0.17339265305367,-0.001464484515331973,0.04232337113693046,-0.022090811921320397,0.03399316111180518,0.008762846050981644,-0.1460445036716223,-0.2549072955852617,-0.26486393944021064,-0.01800737563449428,-0.047459940680279665,0.05506091607786523,-0.2204250475436916,0.07259678785102514,0.07083246574771998,0.06384227062193164,-0.16503144130262776,-0.07734699260122989,-0.02010438790099807,-0.1276604802028531,-0.14343017902339936,0.01586316671062434,-0.05386341657528098,0.04923906957805263,0.11373052559493238,0.14442315967739697,-0.12574485116857997,0.05925494061087282,-0.00307703697534206,0.20799520630029106,0.23147091621667892,-0.07427689631079462,-0.10270270270270271,0.1678664797308865,0.15128564620090043,0.03010313857771485,0.11951720595788393,0.01458191627683153,0.12399163416112569,0.009539277335887506,-0.11031154420984929,0.00742329386397183,-0.11372682389631542,-0.05612793070420189,0.07783006427074224,-0.19147406266050335,0.09078138230680603,0.10124839785856735,0.05557822845958439,0.05903561496781836,-0.11872365431687465,0.005753365075398973,-0.05010896875303655,0.03870542345118616,0.00803962668369448,-0.04586774756266282,-0.09538629538629538,-0.16239675731201156,0.07779628627086255,-0.11112730604256028,0.27148997996455626,0.04523198082520116,0.19739354146133808,0.08179180721553603,0.2942248874452264,-0.05238967781340663,0.41510524391880327,0.06204694679270951,0.1680719240041274,0.007870736684296007,0.049970155054900815,0.050415747025916516,-0.00010827468454587098,-0.007540822795060083
#53,0.15798618340991222,-0.20563259715802087,-0.09350398163957487,0.08329793584030872,0.48642725930861525,0.5048783760648168,0.18351633605870893,0.171663959799553,0.17804198651656278,-0.052772803620261245,0.13601197499502585,1.0,0.5617813499169432,0.29514290870223076,-0.33316166705997213,-0.40024847651966294,0.09328789498281023,-0.3410231494977258,-0.1659767625869321,-0.2782552968993647,-0.4274166308064613,-0.30249725842946185,-0.2747743120624477,-0.28621441163814043,-0.2244932143237228,-0.27304052897273234,-0.3081516030668573,-0.20575799219867016,-0.0031233082080539707,0.3357417509959883,-0.23665607055437565,0.16094569145416604,-0.2676286455947473,0.005788068499932907,0.2829578422798762,0.22980468912672303,0.11035920357954256,0.2443875308282088,-0.15475043610636832,-0.015621630875868164,0.10466043855874364,0.006567276058801482,-0.10135713525544034,-0.10481267091436583,0.0202552321196389,-0.09430539939014515,-0.23540489642184556,-0.25611682560835103,-0.18803749820698973,-0.243615263954247,-0.03663432307500104,-0.16330876330876332,-0.28075024176719093,-0.1705469722418875,-0.27974661872966955,-0.20981829286914033,-0.003561496781835765,-0.10429211954635684,0.32731899850543916,0.18355751745582255,0.2623190216410555,0.1703554093384602,0.36940916262950163,0.05831933628543798,-0.24411962039080684,-0.05130924452958351,0.16201455692981118,0.0331218737998399,-0.47318767149275626,-0.23334582656616554,-0.22825228926923843,-0.28234891285738745,0.12018536255824391,-0.012751889023075464,0.027129286451320348,-0.04043134043134043,0.10418430757413809,0.014514360277072142,0.04476232781317527,0.03576812559863407,0.340806600128634,0.2765816664121749,0.21482946737184025,0.42581657157928343,0.42659161472720797,0.41165896250642015,0.43760370540031557,0.004607689353452065,0.017656639690537997,0.24987714987714987,0.16776190674495758,0.2577067051643323,0.36492224119342764,0.22482590448692144,0.3559391440747373,-0.2705446586802519,-0.21561746646492408,-0.3649578700426158,-0.33716042699093546,-0.28579010443417224,-0.22305926882198068,0.27585659619557923,-0.25288015288015286,-0.05784042902686971,-0.11845157946852862,-0.4743722150501812,-0.1662192238463425,0.262367606435403,-0.1339616966735611,0.19660600508058135,0.33916535950434257
#54,0.22909581384157654,-0.22067444948800882,0.176993943095638,0.35114035453018505,0.23624934641883794,0.42980839082534,0.18312164244367635,0.11773252451218554,-0.042290518561705,0.23560802713345086,0.10557707167876659,0.5617813499169432,1.0,0.14313172957240755,-0.2286613269664117,-0.2902950716510039,0.2253839355534271,-0.0773423654779587,0.06941934230069824,-0.2424695882323001,-0.22455568048788388,-0.10851298139433732,-0.15620289010119517,-0.15449224262783584,-0.19768782650138583,-0.23688696400560807,-0.06993063942216485,0.1156105257800173,0.2187851950563815,0.05516502635146703,-0.060672228468838636,0.10525178491280186,-0.011617781109306533,-0.0625240032019693,0.2857743722150502,0.06670692263912603,0.15884682833835376,0.1055335767200174,-0.03446929209641074,-0.04446434107451057,0.10219510727985304,-0.03388396100260507,0.07651920024801381,0.05319803624888371,0.16709236200761624,0.017125445939005262,-0.026899781137069274,0.0938537921588769,-0.14059421517048637,0.011509506424760662,0.1231346909313011,0.037842927673436146,-0.04706802333920978,-0.07039659073557379,-0.2938982125422803,-0.16197939079295012,-0.17394142987363326,-0.24466515822448026,0.1786407362678549,0.11834423020863699,0.2195218330811551,0.15357931120642984,0.20473169625711998,0.1962876589995234,0.03328752481294854,0.07235201302997914,0.034901928122267105,-0.02041162888620516,-0.3237445457784441,-0.3061531485260299,-0.12193950499035244,-0.1642744439354609,-0.08685064108792923,-0.01239097340792256,-0.0780785407904052,-0.02118111948620423,-0.03809279233008046,-0.0538226978904945,0.15588500673246436,0.04795504287029711,0.14066130845791863,0.19044684129429892,0.18596500969382326,0.22426139544783613,0.1638751231971571,0.2975203246389687,0.30239916341611256,-0.027379151107964666,-0.04694031473692491,0.11702642550100177,0.1685272329340126,0.13780405983795815,0.16090173378308972,0.20339353220709153,0.16915559627424034,-0.12082899540526659,-0.22388428490123405,-0.11349222874646603,-0.05755724908267281,-0.1444458325814258,0.020549054447359532,0.32067444948800883,-0.13961095147535826,0.09419666199327216,0.1428689089706039,-0.20503431011905587,0.1292517478958157,0.10448136888814855,-0.07003336155878528,0.15568095059620482,0.1302206675088031
#58,-0.029430354854083667,-0.053617716329580734,-0.21611997205217545,-0.0373089576479407,0.05280611890781382,0.17705131942420077,0.15152301762471254,0.36447433566077636,0.35283156808580535,0.04309008546296682,0.21980686387466047,0.29514290870223076,0.14313172957240755,1.0,-0.1695104966291407,-0.29378716158377177,-0.06443037798970003,-0.2063016791830351,0.1451287959762536,-0.05693628913967897,-0.31821790974333347,-0.31353433556823385,-0.33469972283531607,-0.27331908179365805,-0.14997015505490083,-0.05895926743384371,-0.16708171962409252,-0.05768310683564921,-0.06597213546366089,0.19327678988695937,-0.05894908776264708,0.17362400921722956,-0.041962918234104675,0.0447558498405956,0.11283563995428403,0.2148572301114674,0.1779480559141576,0.12186778457964899,-0.14143588889351602,-0.0025722178264551148,-0.07834321224151733,0.11493033865915221,0.021719253922643754,-0.05459080035351222,0.010440178236788406,-0.23745748830494592,0.029633948278016076,-0.14568590161810502,0.017019484816094985,-0.25432520347774584,0.08586645196814688,-0.1750977479791039,-0.09448585719772161,-0.29014283929538165,-0.29102338085388935,-0.31813739779841477,-0.07457210677549661,-0.03594534441992069,0.15643470897708187,0.04478314986789563,0.07085282509011323,0.06398108432006737,0.3434671960095689,0.09836014751268989,-0.045603538823877805,-0.15055733699801496,0.5134343897055762,0.407315019179426,-0.06491113609757677,0.06382237399186552,-0.10954020276054174,-0.08116807099857948,0.07588158266124367,-0.10936622292554496,0.06895524183659776,-0.043780914967355644,0.028177329872245128,-0.06133622065825456,-0.12150177912889777,-0.22959276688090247,0.1274716935733885,0.13282620062281078,0.24212671839790484,0.463979696183086,0.21944594825950758,0.21120642985049765,0.18071924004127393,0.00044327840938010427,0.013001290967392663,0.1781752476667731,0.07492700713039696,0.2748719443634698,0.12550979330640347,0.02321844186250966,0.12541771355330678,-0.1872448719906347,0.019447336396488938,-0.08541114303826168,-0.2025791585113619,0.13997695692610948,-0.06064770471550133,0.06544973324634341,-0.13691009962196402,0.14428434597926124,-0.052732084935474766,0.014171490442676883,-0.08481285599929668,0.12055599513226632,0.11403128860755979,-0.07949629136069813,0.11165340995849471
#101,0.018680159358125458,-0.08934743680506392,-0.017076861144657753,-0.1173128444314885,-0.247068948763864,-0.22915133932083084,-0.09135699644174221,-0.20749270071303968,-0.18270335049996067,-0.16726680455494014,-0.13758565961955793,-0.33316166705997213,-0.2286613269664117,-0.1695104966291407,1.0,0.5843913250692911,0.0682125885515716,-0.016386494352596048,0.3386138064104166,0.2934299476672358,0.5756025671279908,0.29811028285604557,0.21909197332926147,0.11287358236510779,0.402078503773419,0.23438045132960386,0.21591406506660743,-0.07078249281639112,0.3213375162527705,-0.14853759769014005,-0.010094994840757553,-0.3022663649782294,-0.05248083214184909,0.00755285331556518,-0.11880046456317643,-0.22357935747766255,0.23850321816423511,0.09312640838064568,0.5226039598920955,-0.02607800404410574,0.11594784306648713,0.04372446406344711,-0.08914060439484169,0.13039649819310836,-0.3610289796730475,0.06273685087244409,-0.15648468190841072,-0.050396313108177514,0.08629908799400325,0.18943488943488943,0.002045188485866452,0.11466983161898416,0.0750297292670174,0.030206786138989528,0.4847772271501085,0.14219473710999134,0.07589453860640301,0.22741709351878844,-0.37840706654265976,-0.26448914245524413,-0.28356214457909373,-0.15147489554269214,0.004715964037997936,0.09181369350860877,-0.0034809848369170403,-0.05076093042194737,0.03877436758792691,0.06716454513064682,0.6873462059902737,0.5843806826857675,0.14566739312502025,0.08505161556009014,-0.0006006006006006006,0.0832345442514934,0.12364228635415075,0.11735680210256481,-0.07532864143033635,-0.2635192974176025,0.436463119513967,0.3349444976563621,0.06892285197369943,-0.09921200090691616,-0.2624545963529014,-0.2670030585284823,-0.1673500927738216,-0.423114794301235,-0.37405201811981476,-0.07389238236695864,-0.03008277923532161,-0.4168936270631186,-0.28666786971871716,-0.4997741963843659,-0.4900614019258087,-0.35195195195195195,-0.34818362275989395,0.05045739113535724,0.14850428240258748,-0.19874743773048859,-0.08275100986965393,-0.2810232420401912,-0.20215114960877673,-0.2275545190799428,-0.027017772780484645,-0.07139928834844089,-0.21761962270436847,-0.009276919446410972,-0.08878616675226844,-0.28235353998065865,0.08438114539809455,-0.32289130424723644,-0.2557457303220015
#102,0.0422419337673575,0.07307662053424765,0.22061059518686638,-0.021449029923606196,-0.24808367689723623,-0.16543076204093154,-0.012482127736365025,-0.22152075033430965,-0.2572430674125589,-0.1442663001985036,-0.2721433297704484,-0.40024847651966294,-0.2902950716510039,-0.29378716158377177,0.5843913250692911,1.0,0.03878917438239472,0.21932980746540068,0.06713446882938408,0.41924929552048196,0.46842636164670065,0.5611275373987238,0.3657759454369624,0.49771558924101295,0.23711091677193372,0.33522999116219454,0.25573693878778625,0.14534256907138263,0.06400560807340468,-0.1052550238990917,-0.026212653331297398,-0.2944766029511792,-0.08367319553760232,0.05613857308772563,-0.3619525534779772,-0.3235261455600439,-0.2333666486208859,-0.11644757237977577,0.10728262931652763,-0.05564023191141835,-0.14548323361882684,-0.12169982000490476,-0.08366995655131249,0.21758491927983453,-0.11094499738567536,0.31677609813203034,-0.09207234969946834,0.05585354229422026,0.019716634970872258,0.3911524775931556,0.111168950152001,0.2020993258281394,0.06764484052619646,0.2061633281972265,0.17860510741866675,0.2821494838443991,-0.11852653886552192,0.24636562602664297,-0.31327753022668275,-0.09929343827648912,-0.37650393074121885,-0.2623615911751505,-0.19013960030909183,0.014619858687655298,0.07522221759509895,0.10374473086337493,-0.10265365519602808,-0.11186070508104407,0.5076611280001111,0.44336169759898575,0.17338941406738018,0.20574781252747354,-0.04012826385707741,0.2505656658199031,-0.06266975758501182,0.09721771077703281,-0.2477079544876155,0.004776579352850539,0.3277155429697803,0.5471619539416149,-0.0506503421757659,-0.07268331505619641,-0.17708509742408046,-0.3428837157650717,-0.22484765196629602,-0.3910636368263487,-0.37022584988686685,-0.06172397358838037,0.03385851182461352,-0.31023797294983735,-0.2661252932439373,-0.3920034055627276,-0.32927951063544286,-0.3403873827602641,-0.3908313552381349,0.18142441362780345,0.336276646446138,-0.048469116265726434,0.14630686156109884,-0.21621714164087044,-0.056803027989468666,-0.25901386748844374,0.1040177311363752,-0.17901229426653156,-0.07668068685017837,-4.303224642207693e-05,-0.04480119564865328,-0.3556536505689048,0.0425399205060222,-0.3831119254848068,-0.37503528181494283
#201,0.4667902108580075,0.14192081141233684,0.6020673986775682,0.45043564365598265,0.05209446734870464,0.18128559992966772,0.1525682847716746,0.05400223027341671,-0.04989056853463633,0.5062521689640334,0.30068157525784645,0.09328789498281023,0.2253839355534271,-0.06443037798970003,0.0682125885515716,0.03878917438239472,1.0,0.32766557003845137,-0.08829198998690524,-0.27526663797850237,0.19268821980686388,0.0583100820388956,0.3949069254154,0.04427555444504597,0.324637580569784,-0.23479828056099242,0.2689071197545774,0.136874933485103,0.12773775316148198,-0.22802741107825852,0.06796503745656288,-0.10872814262644771,-0.004877913352489624,-0.0029747775510487375,-0.14860746725153504,-0.25638149705946317,-0.0654057755752671,-0.061046562741477996,0.11884951206985105,-0.17365501094314653,0.04981098201437185,-0.2781729341051375,-0.11578080391639714,-0.1764534950975629,-0.17701106345174142,-0.12560279848415443,-0.19609794694540458,0.05881397576312831,-0.02861135403508285,0.07049746202288575,0.11702041024074922,0.33860316402689283,0.2828838083075371,0.18404058912533489,0.17056039089937394,0.10868557309235276,-0.14244321362965431,-0.33721548975786264,0.03619844806285484,-0.1044776671895316,0.07027489739354147,0.26288538152944935,-0.22689654215077945,-0.07367537028553978,0.21738502755451908,0.17103744730863374,-0.13649828565082803,-0.014150205675629404,0.13698737258059293,-0.13336618590855878,0.35160769398057534,0.29125473701744886,-0.24134751083903627,0.10852593733949666,-0.31310956565193854,0.03858465553380808,-0.18231004502190942,0.11359957800635767,0.3706496943785079,0.11996279792889962,-0.01746877848572764,-0.12214587468824757,-0.14642253964287863,0.04284577335424793,-0.05046710809422674,-0.03398992212551535,0.06657597505055132,-0.1683990616194006,-0.12415913602354281,-0.21449492635933315,-0.30732427342596835,-0.13796924813873968,-0.25915869644683204,-0.03227696109052041,-0.14543279797517086,0.55469074621617,-0.05102699001004086,0.3241808835029174,0.16026180263468398,-0.054764780188509,0.11780655848452459,0.5114715640139369,0.017106474733593377,0.3670701518159145,0.10600554329367888,-0.09862990879940033,0.038928450792857575,0.03166109098312488,0.13728397118227625,0.10845005251784913,-0.061798932985373665
