,#10,#11,#12,#13,#17,#18,#26,#49,#50,#51,#52,#53,#54,#58,#101,#102,#201,#202,#301,#302,#401,#402,#501,#502,#601,#602,#701,#702,#801,#802,#901,#902,#1001,#1002,#1101,#1102,#1201,#1202,#1301,#1302,#1401,#1402,#1501,#1502,#1601,#1602,#1701,#1702,#1801,#1802,#1901,#1902,#2001,#2002,#2101,#2102,#2201,#2202,#2301,#2302,#2401,#2402,#2501,#2502,#2601,#2602,#2701,#2702,#2801,#2802,#2901,#2902,#3001,#3002,#3101,#3102,#3201,#3202,#3301,#3302,#3401,#3402,#3455,#3501,#3502,#3601,#3602,#3701,#3702,#3801,#3802,#3901,#3902,#4001,#4002,#4101,#4102,#4201,#4202,#4301,#4302,#4401,#4402,#4501,#4502,#4601,#4602,#4701,#4702,#4801,#4802
#10,1.0,0.4767075241651513,0.15535427569325874,0.4432080771063822,-0.11742204454068861,0.07433566077633874,0.11894297995992911,0.4602793857031145,0.2869029275808937,0.45985415307449207,0.3853181378605107,-0.0020896088692698863,0.20264347552483145,0.09254570441011119,0.04296469042231754,0.11435657537352453,0.13892659994354908,-0.13948694457169034,0.3251308319104929,0.36310054276155973,0.03513929954607921,0.0829633948278016,0.13505786217650625,0.05050782677901322,-0.17439257439257438,0.1339214407011017,-0.08891618891618891,-0.0026976128671043925,-0.061559247999925966,-0.012723663571121199,-0.167336211404008,-0.16169528542409897,-0.21372219677304424,-0.21855846601609313,-0.1415108482905093,-0.07837976651535973,-0.18772563009851145,-0.08718194311414651,-0.15963297658212913,-0.04404558641846777,-0.03909919164156452,-0.09590268234336032,-0.028308277460819833,-0.12886815937663396,-0.10381645127407839,-0.0512824072146106,-0.16120203408339,-0.06877200775505861,-0.0443949342254427,-0.05667022955158548,-0.14306694984661086,-0.08253260965125372,-0.1787133821032126,-0.10681343901682885,-0.1011479892835825,-0.05056705395688447,-0.07336396488938862,0.11569982925915129,-0.036212329432668416,-0.01349963214369994,0.19941513161852145,0.18731890596297376,0.12327905717736226,0.04023006056904362,-0.009432853500650111,0.023035670493297612,0.06830651915397679,0.002677253524711152,0.30972389955440804,0.15067579135375744,0.279146018129069,0.09297648958665908,0.08220824830994322,-0.12637136365949925,0.21081590064640912,-0.08762337067421813,-0.06547980954760615,-0.039796961830860136,0.005023667735532142,0.13490748067019254,-0.04280783094342416,-0.14479749395003633,0.07839411059750043,0.0024852279089567224,-0.07662886306954103,0.09085217729285526,-0.19045887181480403,-0.15082108302447286,-0.15259836107293734,-0.1503912232725792,-0.038606403013182675,-0.12682574716473022,-0.09383065654252094,-0.0441020373223763,-0.2897467575433677,0.17274393037104901,0.20883502917401223,-0.0041523804235668645,-0.12227173244122397,-0.06306167492608171,-0.13132238555967368,-0.1752499803347261,-0.2916572967420425,0.0410916309221394,-0.06489077675518354,-0.004344406039321294,-0.0936696326526835,0.20594122628020933,-0.048863347168431916,0.04544899290662002,0.0705275383241485
#11,0.4767075241651513,1.0,0.15870385022927397,0.3347038872462601,-0.09033902932208017,0.01934924138313969,0.33294928210182445,0.338028938028938,0.34973555990505145,0.5441802357056594,0.557488304945932,0.04314005839429568,-0.011896333930232235,0.388232762809034,0.05474256999680729,0.1811953710258795,0.17710777032810932,0.014563870496073886,-0.06349060925332112,0.0904801565818515,-0.07943567604584553,-0.03732422715473563,-0.049360762920084955,0.17212343314038228,0.021012692199132876,0.14798049204828867,-0.1274527223679766,-0.09506378489429337,-0.004099631218275286,0.12796263135246186,-0.046610863560016105,-0.2639741436351606,0.0671978604181994,-0.012004608614778107,-0.15716348089229445,-0.017811648320122896,0.08120092357380493,-0.10449386212098076,0.09607296047974014,0.12642920270038915,0.059303062692893205,0.017050486542011967,0.056810431386702574,-0.14230393721919146,0.13287571084181254,-0.058082427573952995,-0.17767551835348447,-0.1791682283207707,-0.07221458746882475,-0.10327785412531175,-0.24638182095809213,-0.0006616786277803227,-0.1327877954996599,-0.08780197763248611,-0.05996011419740233,-0.10055386665556157,-0.15050828949134035,0.031101209067310762,0.09456775727962169,0.16306306306306306,0.06220102999764017,0.06884187731645358,0.12774515655871588,0.10418199401250249,-0.1923421109861788,0.047865276678836,0.2071775936182716,0.0788026855823466,0.13652975008907212,0.11844232522198624,0.15847573305200424,0.1455910455910456,-0.055627738678586135,-0.18548749057223635,-0.05969220376000037,-0.23179944196893348,-0.06924258619173873,-0.14782039358310545,0.0957717347547856,0.08897819236802287,-0.2343762869186598,-0.09376957851534122,-0.15871541803745193,0.012252622422113947,0.09570464146735333,-0.02884826274656783,0.009177899008407483,-0.03455211760296506,-0.050116834862597576,0.08305732543020679,-0.08721294484006348,0.18147161028516962,-0.03552797790085926,-0.003102486153333611,-0.07242836056395378,0.06657967674916827,0.1269516049177066,0.06267114572199319,0.03587408672154435,-0.07888967549984499,-0.035279964093523415,-0.036358546528038056,-0.1417287857965824,0.09804457770559466,0.16171657019114646,0.23279381075991246,0.060705543756391214,-0.0020081714996969236,-0.15384305723288774,-0.08795004557716422,-0.04173942818010615
#12,0.15535427569325874,0.15870385022927397,1.0,0.4752860718962414,-0.005096313570889842,0.19229583975346687,0.38398830263237044,-0.012571431215499012,-0.051803884007273836,0.34585386619284925,0.1278497295446448,-0.09248416367060434,0.21536482553431707,0.1402295978567165,-0.1885765580680835,-0.006750510140340649,0.45784366801315957,0.4752398006635295,-0.0600827329640889,-0.2428568784500988,-0.13816358731612968,-0.15571843029470148,0.11117311456294507,0.22949837356617017,0.25669151431863296,0.0995544080289843,0.12215975605806115,0.11125223837088244,0.22069480883040204,0.211953710258795,0.2106701462633666,0.06638811384574096,0.11636983670881976,0.1632476852815836,0.09455433862213523,-0.057207438563370766,0.22540198133418474,-0.0053938375972274275,0.046030622301808745,0.18225775852894496,0.20783048071183666,0.1023417870875498,0.1707454758302216,0.15488277183192437,0.06766890156720665,-0.03479642971168395,-0.008478277969803393,0.0842201215082571,0.03970025495449224,-3.609156151529033e-05,-0.05998648880004812,-0.048713891086772446,0.11664653868043698,0.268416181975504,-0.01900128171314612,0.1209164480350921,-0.10115215369452657,-0.2091853024056414,0.06313200719980382,-0.07787448465414568,-0.05454869353174438,0.09015486981588676,0.013029516419346928,0.24414414414414415,0.026946052369781183,0.08606032843320979,0.24341352137962308,0.23132562454596353,-0.2588727402286724,-0.023639972792515167,-0.0872083177167923,0.18285326929394727,-0.22313839262991805,0.12774885825733284,-0.2968207036003646,0.0841377587140299,-0.21838911330436755,-0.09343411207817988,0.1896181235164286,0.15691130267401454,0.2502843367250147,0.18779503694757932,0.04986743291828038,0.20914550914550914,-0.22363071854597277,-0.12571014774404604,-0.18014038692004794,0.2599383667180277,0.12745087151866813,0.12003775732589292,-0.1239726629557138,-0.08899855171041612,0.049940078753638074,-0.07651642397405109,-0.35310641920811414,0.2967184441760713,0.19584530601479755,0.32212366449654584,0.10035536306722748,0.08151649338090015,0.04649518547823633,0.1594270695965611,0.04920667971515429,0.019562551765941596,0.37200636692162115,0.007365454823081942,0.18673450029382233,-0.14230116094522874,-0.0009985332019230323,-0.16882568238500442,-0.20978960470485894
#13,0.4432080771063822,0.3347038872462601,0.4752860718962414,1.0,-0.035160584313126686,0.32608587015366675,0.41065580218122594,0.205054206749122,0.20523975439229677,0.5124321548050361,0.44061966434847794,0.06300938843311725,0.43245279177482565,0.21942975332805842,-0.18774969113952164,-0.027434213874891842,0.2768005293429022,0.029173549512532565,0.04226645752069481,0.07581634022311988,-0.11023519667587464,-0.08745679423645525,-0.08273157595191494,0.11838448618109636,-0.15943262214448656,0.020403300064317013,-0.04149789234534997,0.10401402943775825,0.29948268761828084,0.2578913273828528,0.06372474169084338,-0.18773534705738096,-0.13522536403892335,-0.08529592766880903,0.031288607559794,0.012851834885733191,0.027523980066352947,-0.061884534765890696,-0.09913426523596015,-0.05460792070961563,0.2190975258771869,0.12245172753647329,0.13465345160260414,-0.027417556231115553,0.048635229991162196,-0.02066843422775626,-0.07359717190225665,0.1167460218307676,-0.09123021326411157,0.014878514878514878,-0.16317689029553437,-0.13991587889892976,-0.18810736776838471,0.015445800191562904,-0.21201756455993745,-0.14964810727522593,-0.23271098525335812,-0.11052948171592239,-0.08539124640819556,-0.014332514332514333,-0.019701365464077327,0.0931055863259253,0.04962173267258013,0.09308800325749478,0.06293581717310531,0.07741593673797063,0.35023251294437735,0.15296621737299704,-0.06669026499534975,-0.0724894385911335,0.027772919298343027,-0.09354701388599694,-0.09308198799724224,-0.20627484186806222,-0.08216984318679234,-0.039252812134168064,-0.3003803495328919,-0.1663964426676291,0.19247120772544501,0.21944456012252622,0.2170296644872916,0.29285988608022506,0.08638654062382876,0.28135408135408135,-0.11740168519829537,-0.018651471193844076,-0.2507836033259762,0.23071762054812903,0.16104286104286103,0.15843964149048895,-0.1189739816858461,0.09651114905352194,-0.04976748705562265,-0.08258674699352665,-0.1956870583989228,0.0673551826094199,0.179526830374288,-0.00886371733829361,-0.023672362655413504,-0.1600318346081058,-0.09964602506975388,-0.05998880236168372,-0.08473928473928474,-0.1463707158622413,0.1816719647228122,-0.13547060157229648,-0.0308018341916647,-0.018919381631246037,0.002330219279371822,-0.12754063771012925,-0.01693480846023219
#17,-0.11742204454068861,-0.09033902932208017,-0.005096313570889842,-0.035160584313126686,1.0,0.23639787707584317,-0.03072826293165276,0.006309082580269021,-0.07234229607110963,-0.1501436721775705,0.00027577654696298763,0.11828083861982167,0.10261756363451278,0.1895408505577997,0.002233049690676809,0.080439761795694,-0.10543594441899527,-0.055587945418453896,-0.026447248481146785,0.009883072594937002,0.025513957717347546,0.0019470934725172014,0.019188680205629357,0.033610498017277675,-0.1396118769000125,-0.1307439951507748,-0.15104457307847138,0.010292110292110293,-0.04379016921389803,-0.05466159533956144,0.12776597861343625,-0.020655940994924047,-0.011087975494755155,0.10295117922236566,0.12149622658097234,-0.07526386170453966,0.09016736304871899,0.2079438452319808,-0.11900961053503427,0.08534590060013789,-0.12442473289930917,0.016070461833173698,0.1855957652567822,0.27557896879930777,-0.11603113128536857,0.24081677979983065,-0.012729678831373747,0.197750755377874,-0.12316708079419944,0.0826654080891369,0.04687553501112823,0.019148886945497115,-0.1819408005848684,-0.06283309503648486,-0.23323199933369426,-0.0783015681320766,-0.1299277706057367,0.05665912445573462,-0.06765363206041172,0.06097345419379318,-0.11228408686035804,0.019837865600577466,0.14638413451972773,0.21159649634225905,-0.06663103781747849,0.09939801126241804,0.16940037109528636,0.13368036757867266,-0.021780794662150594,0.11533613737003567,-0.13238292221343068,-0.16684527362493465,-0.02714964579371359,0.019048478370512267,-0.061592563287478544,0.08618942517247602,-0.15266915605898657,0.011130082316522995,0.1485718384023469,0.06788360008698992,0.005521546199512301,0.06059264194857415,0.05549864193931991,-0.07598476751019125,0.1487323995798572,0.03893724232707284,-0.006996210386040895,-0.17244686905703854,-0.001958661280695179,0.07441062017333204,0.37834089867988174,-0.1010582230921214,0.3194676957388822,-0.11105836190581954,-0.022559076796364933,-0.10107626887287904,0.10013881369813574,-0.17946251336081845,-0.023645525340440593,-0.13867904884854038,-0.14304427694258204,0.24497332463434157,0.15176270261016023,0.21103152459084662,-0.029167534252280015,-0.15992633619752264,-0.12075125973431058,-0.08190794800964292,0.005513680089951276,-0.13112573282064807,-0.059399306856933974
#18,0.07433566077633874,0.01934924138313969,0.19229583975346687,0.32608587015366675,0.23639787707584317,1.0,0.10767177038363479,0.11384203926576808,0.017237422322168086,0.08360887852413276,0.013664357732154343,0.2637742519098451,0.38081317064367914,0.1262057126463906,-0.2298671552908841,-0.05483603788688535,0.013866100306778272,0.11912158691819709,-0.0691787318905963,-0.0374736832363951,-0.24581083394642717,-0.13723214740163892,0.051676175404988964,0.13851200969845037,-0.0557188930070286,-0.0030270640440131966,-0.12832400967994187,-0.13398945941318824,0.27888828736286364,0.37073992328229616,0.2215873809094148,0.011648320122896395,-0.0968614222851511,0.05903977937876243,0.2864582610345322,0.03466918382172619,0.10063530402513453,0.2562861783200766,-0.20206415969127833,-0.09006834261071549,0.36569034365644537,0.3849951646561816,0.011057436481165295,0.2323949527339358,-8.467635586279655e-05,0.1529916665509886,-0.18989204921408312,-0.027404137573629098,-0.23294095327993633,-0.12147077740298079,-0.1007315481891753,-0.25697978409842814,-0.33967341763951936,-0.07683338191812768,-0.4261626803999685,-0.2270603423145796,-0.5057593803356515,-0.2614967818357649,-0.10345970006986956,-0.2625290930375676,-0.0808367689723622,-0.21500437263149128,0.2649689751384667,0.26270261016023727,-0.011177741686216262,-0.15945945945945947,0.23844630454799948,0.22881217118505254,-0.10541651050125626,-0.18528667342226665,-0.03239680358324426,-0.30593382288297544,-0.07277585752162023,-0.11900452069943596,-0.09313566262718805,-0.15731663867257087,-0.15844380590143303,-0.2611483594534442,0.09563107020734139,0.2809658657116284,0.27262223702901667,0.39856559178593076,0.21781951442968392,0.35878991472211813,0.12927442079984452,0.020165928640504913,-0.03954617174956158,0.21176353549234905,0.2520269113489452,0.22053239680358325,0.10660521846962524,0.12128708060911451,0.24029206402087758,-0.020485662858544213,0.0632916429526599,-0.07398029770911127,0.32949791085384306,-0.2416487365639908,-0.03032015065913371,-0.23647746359610766,-0.20751398548008718,-0.02895283573249675,0.02880800677410847,0.011218460371002744,-0.013627803458311933,-0.2000263746026458,-0.12923601567669366,-0.08748687053771799,-0.09053059222550748,-0.057629894918030514,0.0051934831595848545
#26,0.11894297995992911,0.33294928210182445,0.38398830263237044,0.41065580218122594,-0.03072826293165276,0.10767177038363479,1.0,0.04447544617036142,-0.08279034041745906,0.5055534733500835,0.49053429392412445,0.08311053734782549,0.10084768898328221,0.6718189684291379,0.024000888407668067,0.011636289602391298,0.3798613713867951,0.1254181762656339,-0.07694952271223458,-0.09972514887769125,-0.21188985595765256,-0.17050162643382982,-0.20461463003835886,0.0007033227372210423,-0.012847207762462,-0.030965634355464865,-0.20741496504208368,-0.18892451773807706,0.24527732663325882,0.38312164244367636,0.1690505605759843,-0.13173605038011818,0.0977114248300689,0.06934901002697613,0.199724223453037,0.09849433408755442,0.42958536348366855,0.058616860311775563,0.10005136106831022,-0.07694258202732779,0.2264449349195112,0.21831600475668272,0.2878362183446929,0.18143829499761704,0.22598175988006497,0.1064756590180319,-0.17006112429841244,-0.10119055881767747,-0.11343855411652022,-0.17563079257994513,-0.324886519801774,-0.19314630501071178,-0.21566558854694448,-0.12504384199299454,-0.01654057755752671,-0.015347242465886533,-0.22459917544663308,-0.22334615046479453,0.16351559571898555,0.07504083436286826,-0.12856739636400652,-0.05141937006343786,0.27047062470791283,0.4922694651508211,-0.14920020174257462,-0.07674222758968521,0.6152176830142931,0.541008805415585,-0.09539786319447337,-0.04835852801954497,-0.05513448733787717,-0.038015982083778696,-0.16112383570010688,-0.07606481674278284,-0.23178324703748432,-0.12411008851686818,-0.18642818473326947,-0.1882110153296594,0.4575549355210372,0.28541021761360746,-0.04660392287510932,0.1740733028868622,-0.13686151482761652,0.09281916739543858,-0.1257041324837935,-0.10443047053216545,0.05979862759523776,0.2361072937344124,0.23738252890795264,0.24198188943951657,0.08099085217729285,0.3036156341241087,0.25552224026800296,0.04204389289135052,-0.03099524794440049,0.09701920718869872,0.0016824220214050722,-0.15010572976674671,-0.030368735453481215,-0.14437457488304947,-0.21258022274971428,0.16785491192270854,0.034995858724672285,-0.15638149705946316,0.16145421230166992,-0.06807655112739859,0.074845569760824,-0.15348352975471619,-0.14115594793560896,-0.1516599804735398,-0.022935261918312765
#49,0.4602793857031145,0.338028938028938,-0.012571431215499012,0.205054206749122,0.006309082580269021,0.11384203926576808,0.04447544617036142,1.0,0.3628677984610188,0.2849442663001985,0.3740820944210775,0.21522184742523726,0.04598296293211548,0.02922167159455295,0.005846832965477033,-0.07029109232499063,-0.08655080349995604,-0.10743115997353285,0.09489026777162371,0.1466691653132331,-0.05635234618285466,-0.005925031348760162,0.007975309670224924,-0.07401916554458927,-0.22819167395438583,-0.014615231564384107,-0.1652211533567466,-0.25438859506656114,-0.05216526233475386,0.04726421336590828,-0.29278677753254023,-0.27612774561927106,-0.396045197740113,-0.43310336530675514,-0.22291073816497545,0.02022839480466599,-0.3224804157007547,-0.13370627946899133,-0.21017689492265765,-0.09121540646964375,-0.013804559567271432,0.03951794629760731,-0.03638954825395503,-0.19350027994095792,-0.08208100241998548,-0.05772336280810857,-0.09463670141636243,-0.27019901257189394,-0.15184228913042472,-0.13534613195630144,-0.14779679525442238,-0.1352142589430725,-0.2239194510380951,-0.30197254265050877,-0.19650883549188633,-0.310458224017546,-0.10212431229380382,-0.11616855684652296,-0.14128828366116503,-0.0928608115048793,0.14318216521606353,-0.022723802384819334,-0.12302641624675523,-0.20498665074936262,0.014461148359453444,-0.07693564134242101,-0.10576215660961423,-0.2564263801551937,0.2735087938477769,0.04852140275869089,0.32799131951674326,-0.1385851182461352,0.2976799603918248,-0.33717939819634735,0.21884303409727138,-0.26728855203431473,0.07767227936719462,-0.15998926507401084,-0.19751893650198735,-0.12861320488439132,-0.05496374648917022,0.045393930139692854,-0.046636775450334775,0.17200405335998556,0.0901192409666986,0.18498868668360194,0.041299851469342994,-0.03713127611432696,0.00031973421803930277,-0.11129388248032315,-0.0688349366315468,-0.0746350356519848,-0.17624434912570505,0.02448257194019906,0.03967897018744476,0.012122137545866359,0.051634994007875364,-0.18531027175094972,-0.19232452791774826,-0.19132969641444217,-0.22212088822258313,-0.18794171675527607,-0.20463082496980803,-0.05078082705201349,-0.1884099816303206,-0.10898402254334458,-0.3399903755835959,0.07756631824428435,0.01928723793130573,0.09098451301841132,0.1551525331186348
#50,0.2869029275808937,0.34973555990505145,-0.051803884007273836,0.20523975439229677,-0.07234229607110963,0.017237422322168086,-0.08279034041745906,0.3628677984610188,1.0,0.32882605255486613,0.28372779559220235,-0.036028169926475014,0.09103494866206731,-0.026296866974833077,0.17675425811019033,0.12147216553996215,0.02727920524530694,-0.16633767820208498,-0.0588815317628877,0.04730632018767612,0.08813559322033898,0.03939810380488347,0.015234340658069471,0.08222907036466358,0.022408232577724105,0.09484399653891179,-0.13427310206971224,-0.17290264069925088,-0.0028577113322876034,-0.03349343179851654,-0.16600915244983042,-0.1712378017462763,-0.08451348112365062,-0.19853690362164939,-0.22649213157687734,0.13050523558998137,-0.3507327049699931,-0.10218261404702082,-0.15132821573499539,-0.011260567192770583,-0.04515979770217058,0.026878959082348913,-0.09519010535959689,-0.29976170315153366,-0.21786809922403141,-0.1767829462744717,-0.03521472165539962,-0.07213962807183145,-0.17101153541831507,-0.20265041620973825,-0.12388012049028999,-0.006847217016708542,-0.01112730604256028,-0.16076430822193535,-0.0766496851242614,-0.17422368439317593,-0.09400093467890078,0.007248851316647927,-0.18065862472642133,-0.1258401699079665,0.16927682690394555,0.0323176797753069,-0.17573999268914522,-0.2241906004617869,0.004755294585803061,-0.005715422664575207,-0.16774941351212538,-0.21443662460611612,0.2954830022626633,0.07811787133821033,0.3210071396512075,0.011206892562824766,0.20476547425699967,-0.09578191442598222,0.11548790701333074,-0.2213254857322654,0.10050898355983101,-0.04228172702748974,-0.194965227168617,-0.319812879134913,-0.031166914217761674,-0.015682246190720766,0.10297200127708603,0.013216452199503048,0.09425727730812476,0.11750672089655141,-0.12249799876918521,-0.07248296061855383,0.08447461328817261,-0.01897027998722914,-0.1140289750459242,-0.0788049991439822,-0.23318942979959928,-0.03378632870158294,-0.05029544182086555,0.015335674657708557,-0.03899276780632713,0.0390501441348899,0.033458265661655495,0.03873688788943026,0.01014774404604913,-0.20837740668249144,-0.08879449557415658,0.04990398719212279,0.004459621408773951,0.15967091899295288,0.018045318045318046,0.12079475469305978,0.06404771489517253,0.030167455591184406,0.11498169972746244
#51,0.45985415307449207,0.5441802357056594,0.34585386619284925,0.5124321548050361,-0.1501436721775705,0.08360887852413276,0.5055534733500835,0.2849442663001985,0.32882605255486613,1.0,0.4522948217863472,0.08331829518270197,0.17100366930875405,0.38461388969863547,0.08420670285077064,0.07750200123081478,0.4541498355057677,0.14042439974643364,-0.07593155559257254,-0.05622139859427995,-0.03667319091047905,-0.012504800640393861,-0.15167386184335338,0.1580194986974648,-0.08049251100098558,0.053337312659346554,-0.025995178537551417,-0.11632125191447225,0.14864587237468593,0.3293058852380886,-0.1276031038742903,-0.06971594090238158,0.025160908211755668,-0.10368411554852233,-0.1275614597648496,0.09517020872953076,0.112474261626804,-0.11883933239865443,0.1712757441571001,0.07430003192715057,0.16844348200280404,0.14885640648352513,0.058684879023862074,-0.1035962002063697,0.13966462610530408,-0.030681066274286614,-0.055679562459223474,-0.08177468685943262,0.009789604704858942,-0.13966370068064984,-0.14997617031515337,-0.014860469097757234,-0.004320807710638219,0.010796466728670118,0.11156734546565054,-0.05763174576733899,-0.163804790923435,-0.07273560154916087,-0.03055289495967462,0.0877607962353725,-0.07682875479485649,0.10715908512518682,0.045288894441436814,0.17631977123502549,-0.15590721692416606,-0.0116969049172439,0.3518469162536959,0.16764484052619646,0.019558387354997524,0.0043971552446128714,0.0863560016102389,0.11847101338626763,0.002218242896208998,-0.09007667143260363,-0.09611506730150798,-0.13776472929015302,-0.2601118838406974,-0.20658393370257777,0.3084176626549508,0.0519144722534553,-0.05886626225609277,0.13726592540151863,-0.12232448164651555,0.11458376712614,-0.0815683171615375,-0.22856739636400653,-0.1974717398446212,0.16597907614856766,0.21290180781706206,0.12251743268692421,-0.11358014408861866,0.11054012409944614,0.05622880199151386,-0.09918562630427037,-0.24303085828509557,0.039399954654191945,0.05378799446596057,0.06675411929649218,0.0694864355881305,0.10907471415945992,-0.024211422516507264,0.06311025972042922,-0.1532220972898939,-0.13464836176700584,0.22284873471314148,0.11649106733852496,0.12535663552612705,-0.1119463068615611,-0.12189415918229478,-0.13686382838925212,-0.025988237852644633
#52,0.3853181378605107,0.557488304945932,0.1278497295446448,0.44061966434847794,0.00027577654696298763,0.013664357732154343,0.49053429392412445,0.3740820944210775,0.28372779559220235,0.4522948217863472,1.0,0.10209562412952243,0.04780558678863764,0.5319692573929862,0.1505901895732404,0.23433695637085467,0.20516525770763058,-0.08457779813712017,-0.08613667596718444,0.11324884206240138,-0.07802440344813226,0.08968521680386086,-0.18258211987025547,0.11219617151820542,-0.15027554519079941,0.057094536755553704,-0.31784542632000257,-0.20745059389127185,0.1408741561283934,0.16212144347737567,-0.023184663862629965,-0.20164262876127284,-0.06303900202205287,-0.12711262880754406,-0.14859358588172147,0.0698519783265546,0.09123113868876581,-0.08346358685341736,0.05705057908447739,0.08465969821902025,0.12628900086527206,-0.015828000573763285,0.04726606421521676,-0.08492390695780526,0.10123220292711818,0.042771276669581755,-0.27691528200002774,-0.1489068421271811,-0.2117186523966185,-0.15175020937732803,-0.4503213537111842,-0.13395660683796276,-0.3046081520657792,-0.1884409833562376,-0.08072895700014344,-0.12321520287621983,-0.2436467283924911,-0.052488235539082995,0.03114516673838708,0.20239916341611258,0.1173443088697326,-0.045267609674389336,0.0957620177959161,0.17921264870417414,-0.06586247264213366,-0.0036197985350527725,0.3624027725722641,0.11636567229787569,0.11170615916378628,0.009431928075995872,0.23367944215401842,0.0009124687090788786,0.030209562412952244,-0.3848716204648408,0.015539268081640963,-0.3162860857776112,-0.003366694892118621,-0.13691102504661826,0.27902710106099937,0.12340815391662849,-0.13185404202353354,-0.0007718041616346701,-0.22352244386142692,0.1581675666421429,0.01040686294923583,0.1030127199618725,0.08325397816923241,0.018921695192881633,0.033053392375426274,0.15552871824058265,0.01962779420406539,0.24805452602062772,0.061046100029150875,0.09907364992110755,0.055291809529097666,0.023708454216928795,0.10032065964269354,-0.15517751958429923,-0.1360059597347733,-0.29194186482322076,-0.27453694063863554,0.11518251687743213,-0.09488749149766099,-0.0896787388312812,0.09520953927733589,-0.018299347112906435,-0.1637205772798993,0.03276697344493955,-0.07981833914037303,-0.013000828255065542,0.10209284785555972
#53,-0.0020896088692698863,0.04314005839429568,-0.09248416367060434,0.06300938843311725,0.11828083861982167,0.2637742519098451,0.08311053734782549,0.21522184742523726,-0.036028169926475014,0.08331829518270197,0.10209562412952243,1.0,0.06980940879245964,-0.01261909058519228,-0.09617892160265042,-0.21064284623606658,-0.1015449964602507,-0.020951151459626036,-0.28118241508072017,-0.137481086633629,-0.15324060578297866,-0.1160413109565652,-0.24109810889471905,0.019407543136356696,-0.39427162139026545,-0.13943928520199705,-0.12561806799094935,-0.14052342018443714,0.08066880439761796,0.3328433209789142,-0.043145148229893994,-0.04673810944997386,-0.08348070720952076,-0.1988663547985582,0.04989149395929057,0.1731599087531291,-0.10846671016162542,-0.04463924633416159,0.1130942961451436,0.033577645442052224,0.3210177820347312,0.2604205129628858,-0.025664339223661257,0.07666634276803769,0.14922703905754753,0.3008953483529755,0.000632527751171819,-0.22456724829606187,0.0010087128731196527,-0.09113119282610808,-0.050180226451412895,-0.225360337224744,-0.20968040459565884,-0.320737378364497,-0.033134829744999234,-0.30499451685892365,-0.13190771665347936,-0.11441441441441441,-0.10812060134094033,0.09595311798701629,0.017557619252534507,-0.2769522989861973,0.1445374496221954,0.023230009670687637,-0.3175747396086379,-0.2947736642651897,0.08954223869478106,0.010084815169560932,-0.21872134075523905,-0.18404891794722303,-0.11076130059180907,-0.323977290078985,0.2820203871051329,-0.04240527121883054,0.11326966411712175,-0.09874234789489027,0.03738808145587807,-0.34417283230842555,0.02549267295030007,-0.09320368133927456,-0.004224100834270326,0.29995234063030674,-0.1070184205777426,0.4453393300850928,0.4201025370516896,0.0673140012123063,0.2639167673065978,0.2551553093925975,0.3637330705127315,0.14748122544732714,0.057393911631199765,0.15445291208003073,0.14909701689362706,-0.03471684319141946,0.2096891961298741,-0.25931833219968814,-0.014161773483807382,-0.24671543654594502,-0.22276729734356854,-0.005527098747437731,-0.19306995747673714,-0.07867775325402444,0.013438554116520219,-0.10829041676499304,-0.10546463258327665,-0.09201589879555981,-0.07635725093352212,-0.09427208410259258,-0.16649268683166987,0.091158030141081,0.13302100251252794
#54,0.20264347552483145,-0.011896333930232235,0.21536482553431707,0.43245279177482565,0.10261756363451278,0.38081317064367914,0.10084768898328221,0.04598296293211548,0.09103494866206731,0.17100366930875405,0.04780558678863764,0.06980940879245964,1.0,0.059870348005941224,-0.18825173401444587,-0.07077092500821314,0.13679580967716562,-0.1367208502801723,0.17606527945510997,0.11872920686480008,-0.069437850793783,-0.05695109593414678,0.024582055090529666,-0.06010910756673468,-0.12836195209076565,-0.14415617466464925,0.04601442737035957,0.0394837055854005,0.38146744587422554,0.21155438952049122,-0.009707704622958861,-0.021643831813323338,-0.08979904403633217,-0.12921380548499192,0.21928353623268879,0.10972528769138938,0.06355214999282796,0.11612089747682967,-0.2938806294738498,-0.20011197638316283,0.2629089798581324,0.300609854847143,0.37494135121253763,0.23234636793958827,-0.07733218580676207,0.045790011891706804,0.049090076208720274,0.21344225581513718,-0.1844283420554607,-0.015806715806715808,0.023649227039057547,-0.06144403263047331,-0.11019494070341528,0.09149257115358811,-0.34759227640583573,-0.13107252090302937,-0.3004377258614547,-0.2618868483275263,-0.13858604367078944,-0.2110120906731076,0.05002151612321104,0.00586395332158044,0.1299828333726639,0.024356714187222663,0.14130586672959555,-0.05466761059981399,0.17727342134121796,0.24467209890938704,-0.14574096438503217,-0.2314315856688738,-0.08611492848780984,-0.205124076310517,-0.10372066982236473,-0.12041579329714923,-0.1131257605833877,-0.06535857891790095,-0.13123123123123123,-0.12642411286479083,0.1608115048793015,0.1671788892127875,0.45545792325453344,0.39781692324065204,0.4071433529060648,0.20359203579542562,-0.07868469393893122,0.04056552700620497,-0.26593743203912695,0.12423270728355475,0.20778235862981626,0.2290995155401935,0.28850021053410885,-0.1389048524641745,0.02050926118722729,0.009989033717847278,-0.1976387789947112,-0.07351619724501081,0.006945774742384912,0.019727277354396,0.024509409255171966,-0.16580139461495394,-0.11487758945386065,-0.12501191484242333,-0.10677410846902373,-0.13554694910627113,0.056514295497346344,-0.17543506526557373,-0.04877450640162505,-0.06277756955723057,-0.017629802375565086,-0.08864550220482424,-0.017258244376888443
#58,0.09254570441011119,0.388232762809034,0.1402295978567165,0.21942975332805842,0.1895408505577997,0.1262057126463906,0.6718189684291379,0.02922167159455295,-0.026296866974833077,0.38461388969863547,0.5319692573929862,-0.01261909058519228,0.059870348005941224,1.0,0.1933665560784205,0.1484274721562857,0.15683356700305853,0.001933212102703628,0.004809431928075996,0.03360494546935225,-0.0719975753874059,-0.0370618692652591,-0.1851622038062716,0.06709097387063488,-0.030954529259614005,0.010446656209368074,-0.29603270450728075,-0.20366884604172739,0.18477815257476274,0.1767320479184886,0.15394716750648954,-0.1579181646978257,0.14451894112911062,0.1138568460602359,0.013569964417422045,0.0050347728313830005,0.36844163115349554,0.0921972820277905,0.07672279367194622,0.0067158067158067155,0.06904824701434871,0.03085319525997492,0.2797290356612391,0.17007130396960907,0.09705020891461569,0.09239300934216188,-0.26581805225873023,-0.08689783774529537,-0.17184719388109218,-0.11668448109126076,-0.29541683439988525,-0.040981968100612165,-0.26511889393245325,-0.07825113248842062,-0.04949217322098678,-0.012978155351036707,-0.2522365200331302,-0.1315065450658671,0.05157484140534988,0.11745119541729711,-0.007990579177019855,-0.0833992698399478,0.30704988501598673,0.4432455568048788,-0.011239745138050223,-0.009222319391810917,0.6238588357232425,0.4575975050551322,0.07701152616406853,0.06535533993161112,0.0981472998422151,-0.019785579107613006,-0.12111217534946349,-0.16225794361387583,-0.16097067791983047,-0.14822526686933465,-0.06532387549336702,-0.18496693920422733,0.4325842020757275,0.2632162208433395,-0.17255514374158443,0.02449367703604992,-0.19217599726074303,-0.10717204107034616,0.04234974573957625,-0.028224526529611275,0.08318410860783743,-0.023179574027031653,0.04448608855388517,0.1938366718027735,0.2509492543390848,0.25788299856096464,0.2812189693545626,0.07691898369864472,0.029549734634480396,-0.026443546782529834,0.014170565018022645,-0.12469218062438402,0.005199035707510284,-0.21752708023894465,-0.17293132886353224,0.2325259003225105,0.08514415802551396,0.015674380081159744,0.13686521652623349,0.05633985295002244,0.05783672732825275,-0.030644974712771323,-0.22370290166900336,-0.099048200743116,0.04062521689640334
#101,0.04296469042231754,0.05474256999680729,-0.1885765580680835,-0.18774969113952164,0.002233049690676809,-0.2298671552908841,0.024000888407668067,0.005846832965477033,0.17675425811019033,0.08420670285077064,0.1505901895732404,-0.09617892160265042,-0.18825173401444587,0.1933665560784205,1.0,0.35817126834075985,0.08201483455720744,-0.15291069189374273,0.1608799863037151,0.19088132816946377,0.4266022571107317,0.12946829726490744,-0.07033967711933814,0.046826950216780724,0.17362169565559396,0.11430428888056007,-0.30139137596764715,-0.28151094083297473,-0.08106396072497768,-0.19459690815623018,-0.18383098044114993,-0.043310336530675515,-0.04674319928557217,-0.06902788767195547,-0.0538226978904945,0.01227760888777838,0.005788993924587145,0.0878163217146268,0.14762651711804253,0.07232887741362318,0.024203093694619118,0.016603506434014908,-0.1378100750982107,-0.15405729304034388,-0.2239000171203561,0.08542826339436509,-0.30269437388081455,-0.30825941503907606,-0.19912963811268897,-0.20179717467853062,-0.12931884118324796,-0.09036864291101579,-0.0678030881420712,-0.07395299768181124,0.16193173142325684,0.03828157895954506,0.11686910330978127,0.12626771609822457,-0.1496060004534581,-0.07658860709708168,-0.00882207322885289,-0.08885464817668208,0.14589504758996286,0.05219209964972677,-0.031571787503990895,0.09689242401106808,0.08565545514698057,0.16553348417755198,0.4875780248661605,0.3260261802634684,0.21085708204352271,0.033674352318420114,0.20825016079253367,0.03856198262977924,0.16511796850779903,-0.11040963922319855,0.10089210936668563,0.09392088544630918,0.09056853463633124,-0.04629575646524799,-0.12618072618072618,-0.1855980788184178,0.02796401948944322,-0.12793579403748895,0.034434588671876806,-0.11796526881272644,-0.1161990958601128,-0.35805651568363434,-0.029477551511449818,-0.21595663460070239,0.0005381344364395211,-0.16453957809890013,-0.018129068976526604,-0.1461046562741478,-0.10304927423571492,0.029726490743439898,-0.09970987937089631,-0.17613792529046765,-0.11959123993022298,-0.08278756414349635,0.05735643193270312,-0.027012220232559215,-0.124055025749941,-0.05971533937635633,-0.11968331968331969,-0.056417588620978454,0.03830286372659254,-0.002428314292721072,-0.09731441765340071,-0.00821129295705567,0.0013927641046285115
#102,0.11435657537352453,0.1811953710258795,-0.006750510140340649,-0.027434213874891842,0.080439761795694,-0.05483603788688535,0.011636289602391298,-0.07029109232499063,0.12147216553996215,0.07750200123081478,0.23433695637085467,-0.21064284623606658,-0.07077092500821314,0.1484274721562857,0.35817126834075985,1.0,-0.0027337044286196827,-0.09690908165484437,0.13503657740945876,0.46422585914111336,-0.05384814706848605,0.4841308180291231,0.03635206855545839,0.32827126047465033,0.1207494088850021,0.3698714122442936,-0.3596732325545885,-0.1691833590138675,-0.28430202159015716,-0.09349010026976129,-0.07207068393509071,-0.11384065112878672,-0.03913158150446286,-0.044911783894834745,0.0583003650800261,-0.13296131262232957,0.06757034384153028,0.1427772919298343,-0.05248407112813892,0.15405312862939982,0.067091436582962,-0.10508891017365593,-0.2220903492089933,0.002206212375703901,-0.20338103897425933,0.17074269955625887,-0.23873457432779466,-0.16778272879967795,-0.3039737734652989,-0.23152088914800778,-0.23943373265407164,-0.10014991879398659,-0.25841558044947877,-0.089017522915828,-0.045760398302771184,0.14734148632453717,-0.15420073386175082,0.2161111805179602,-0.017187449390839223,-0.06805156466173415,0.04176672820740617,-0.00018601035550188093,0.22290379748006867,0.23601660211829703,-0.020392194968466153,0.26665417343383446,0.08049112286400421,0.0590027623925929,0.3826677216507725,0.44720267262640145,0.15895047589962844,0.166640754776348,0.04633786328701583,-0.05125695803661905,0.07617910668758127,-0.1263047330843941,0.1346793634929228,0.1193325837393634,0.06870769074158904,0.31525886441140677,-0.09096091468972825,-0.14759736624143405,-0.04867918766223851,-0.1919020715630885,0.07438193200905065,-0.14592882558984255,-0.17990070193460023,-0.23376504393453545,-0.15389349287654372,-0.11807493163425367,-0.037012359046257354,-0.19422072303428237,0.061326040987057934,-0.0416510501256264,-0.046329997177454806,-0.12269048709726676,0.2500201279862297,-0.09302414895635235,0.040099112980468914,-0.212788906009245,-0.2880638728096355,0.029443773511570123,-0.12459639917267036,-0.0453661674000657,-0.21797729933323154,-0.07799895427014071,-0.1758047724149419,0.02815419425588917,-0.13899276780632713,-0.019324254917475258,0.17282629316527623
#201,0.13892659994354908,0.17710777032810932,0.45784366801315957,0.2768005293429022,-0.10543594441899527,0.013866100306778272,0.3798613713867951,-0.08655080349995604,0.02727920524530694,0.4541498355057677,0.20516525770763058,-0.1015449964602507,0.13679580967716562,0.15683356700305853,0.08201483455720744,-0.0027337044286196827,1.0,0.2777412235039354,-0.05206485375976901,-0.266112337298778,0.019505175437378827,-0.2189378901243308,0.06350772960942452,0.11339135745915407,0.2683504768250531,0.1176302650878922,0.039325457969525766,-0.09008731381612738,0.32971075852431786,0.2663464697363002,0.16181512791682284,0.28083075371210964,0.1752356362525854,0.08343212241517327,0.14659466862856693,0.07986923749635615,0.33276882429424803,0.08238037729563154,0.34395582022700666,0.16872018397442126,0.22808525011914843,0.27109574906185074,0.11607092454550082,0.17928344369022334,0.0819676378998413,-0.06185584660160931,-0.15592618812957795,-0.02619229398890416,-0.11408033611423442,-0.18442278950753527,-0.11143362160311313,-0.1487421165387267,0.09750921954311785,0.014387114387114387,0.03143806364145347,0.01090381598856175,-0.1832363951008019,-0.34151640083843476,0.004769175955616633,-0.05551715043240467,-0.0760856387975032,0.06593095406654728,0.10920103462476344,0.1920200632065039,-0.04004034851492479,-0.14275230546416987,0.3444014121980224,0.3812305371627406,-0.19786504532267243,-0.19725796674949217,-0.00996682352614556,0.2231851265749571,-0.23120069221764136,0.03629237866526002,-0.33226955769328653,-0.09869515123752412,-0.17220903492089934,-0.17685142769888532,0.428258304529491,0.17435231842011503,0.1735888430803685,0.19196083602863265,0.052369318471013386,0.15649347344262599,-0.2557420286233846,-0.26645381899619186,-0.1369725657861251,0.2148720369059352,0.27051365695433494,0.2324750019665274,0.013625952609003457,0.03596940546093089,0.030369198165808336,-0.0041963380946431796,-0.25348954501496873,0.44734888972177106,0.20701749515308837,0.3230495518631112,0.10164586774756267,0.11507146591892355,0.06369096369096369,0.18511084273796138,0.03980158895413133,-0.10025217821827992,0.3456109422211117,0.08789359467325569,0.2278307583392329,-0.03234868150122387,-0.19233609572592625,-0.022592392083917508,-0.007548688904621108
