,#10,#11,#12,#13,#17,#18,#26,#49,#50,#51,#52,#53,#54,#58,#101,#102,#201,#202,#301,#302,#401,#402,#501,#502,#601,#602,#701,#702,#801,#802,#901,#902,#1001,#1002,#1101,#1102,#1201,#1202,#1301,#1302,#1401,#1402,#1501,#1502,#1601,#1602,#1701,#1702,#1801,#1802,#1901,#1902,#2001,#2002,#2101,#2102,#2201,#2202,#2301,#2302,#2401,#2402,#2501,#2502,#2601,#2602,#2701,#2702,#2801,#2802,#2901,#2902,#3001,#3002,#3101,#3102,#3201,#3202,#3301,#3302,#3401,#3402,#3455,#3501,#3502,#3601,#3602,#3701,#3702,#3801,#3802,#3901,#3902,#4001,#4002,#4101,#4102,#4201,#4202,#4301,#4302,#4401,#4402,#4501,#4502,#4601,#4602,#4701,#4702,#4801,#4802
#10,1.0,0.46620071535325774,0.533604020044698,0.4766163698367088,0.07367722113484826,-0.15047219792982505,0.0367083570473401,0.3749061850756766,0.3610377712072627,0.3911955098395776,0.37211973144176536,-0.0365945298148688,0.012880060337687457,0.12416515128379535,-0.1318744013659268,-0.024187824187824187,0.2993050060846671,0.3004742801352971,-0.09212880060337687,0.010836259988802362,-0.08377545496189565,0.003614708699454462,0.2757987571546894,-0.16176052786222278,0.06092533211177279,-0.027372673135385,0.004598435106909683,-0.002685582346599296,-0.15614042393703412,-0.2618100380812245,0.10464933346289279,0.07723501621806707,0.2232244571227622,-0.13105586325925309,-0.159554778198846,-0.12195107279853043,-0.1798946866743477,-0.3119976679298713,0.08833872393194427,0.16917456747965223,-0.2092894126792432,-0.1304460084121101,-0.21793195352517386,-0.19574628557679405,-0.21066320557845983,-0.4152593271237339,0.14097641555268675,-0.03290578714307528,-0.2796480610039932,0.02412952243460718,0.17214980774302807,0.15981991236228524,0.09742546861190929,0.43466779568474484,0.01682514563870496,0.4101227575803847,-0.1964232337113693,-0.09880342592206999,0.09793630302104879,-0.03796924813873966,0.08180152417440553,0.12657958420670284,-0.20738673959012943,-0.19351184774913588,0.10835565920311684,0.03926761892863588,0.11272042458483136,-0.2781118560779578,0.34933161204347646,0.1976919909123299,0.4657227335193437,0.5379400972621312,0.05798016814965967,0.3402476436374742,-0.07422646066713863,0.10972019785579108,0.14361156225563004,0.16087813545440663,-0.20946478065122132,-0.1801223411392903,-0.2368994572384403,-0.05580542021219987,-0.05304580389326152,-0.17271986933003883,0.008633749311715413,0.05114266809182064,0.19702661058593263,-0.21680478629631172,-0.19365390043356145,-0.2851376800529343,-0.22957518381247194,0.10691523572879505,-0.3477172087341579,0.01398640551182924,-0.30550859025435295,0.18819528311053735,-0.08849604612316476,0.3806600128634027,0.08540512777800914,0.2911196250179301,0.32862014556929814,0.1245126482414618,-0.01914009541128185,0.3723034282356316,0.2005885700800955,0.358878755488925,0.25657676166150745,0.18702369549827177,0.21722354095235452,0.017073159446040802,-0.16959147128638655
#11,0.46620071535325774,1.0,0.34226738294534903,0.5053808816520681,0.009120059967517595,0.0319401065163777,0.28974351855707786,0.45102190017444255,0.5972602803111278,0.4938764650629057,0.6169907966518136,0.12628900086527206,0.27220163152366544,0.3555305690898911,-0.21922430905481752,-0.27537907707399234,0.2541058778346914,0.12067815118662577,-0.18965097609165404,-0.16062318096216402,-0.07100274388409981,-0.0926160366838333,0.14855240448460788,-0.2157243530124886,0.09657176436837454,-0.259659813897102,0.04544899290662002,-0.20791145536908248,0.018124441853255412,-0.22438817862546676,0.04861718421040455,0.07096295062396757,0.30114937742056386,-0.09155920172869325,-0.010975073686938093,-0.12644909933045526,0.12083269710388354,-0.22934290222425815,0.23371830998949644,-0.08043883637103975,-0.31870236954982717,-0.16980570709384268,0.010599351277317379,0.0552006552006552,0.21664052342018444,-0.1965583457108881,0.09609794694540458,-0.080832141849091,-0.24647158714955325,-0.1079045146841757,0.18805739483705586,0.05568835399343874,-0.0025384398265754196,0.06806405789456636,0.029239717375310597,0.029173086800205444,-0.10929820421345846,-0.21913731913731913,0.10745753457617864,-0.20489966083186423,0.0017583068430526059,0.09828333726638812,-0.25209539277335885,-0.07111472026726263,0.15672760588014825,-0.0702998838592059,0.21819569955163176,-0.05331834145393467,-0.02537838300550165,-0.17196934993545163,0.11084042439974644,0.20384884113697674,-0.07570852825090113,0.04894385911335064,-0.1455378336734269,-0.013209048802269141,0.08943812842117926,0.11629487731182646,-0.045068180661401,-0.3562380562380562,0.03435870385022927,0.1012905046803352,-0.14907249314028975,-0.17988728327711379,-0.18274823359569123,0.13994965689880945,0.10682546953733395,-0.319412632971955,-0.3032288066186371,-0.1970432682297089,-0.18563879750320428,0.0757853384972029,-0.37170838018295643,0.05320960405706168,-0.2742023996261284,0.09845130184113235,-0.2925438535608027,0.42394490021608666,-0.08292915411559479,0.5046155554630131,0.2835061563875123,0.16853417361891937,0.07883507544524494,0.32643938237158576,0.20399181924605653,0.31033190355224255,0.19436138758172655,0.10100130947588574,0.08520662418967503,0.04617082413692583,-0.2180712299356367
#12,0.533604020044698,0.34226738294534903,1.0,0.6410342545935767,-0.08729438220963645,0.0679678137305256,0.1311317480809006,0.030653766246986586,0.3030469606740793,0.33113637520417183,0.23792806674162606,-0.0849419527385629,-0.06680039052920408,0.10698279172855445,-0.3147540452625198,-0.15703438415302823,0.2575660406168881,0.7167973828990778,-0.351734477158206,-0.1045554028604876,-0.19688964773710538,-0.07415983009203349,0.2190637478773072,-0.26618220686017297,0.19423090270547896,-0.06043069263408246,0.020748946172674986,0.08353576997644795,-0.19045285655455146,-0.17110824229468297,0.43797757696062783,-0.08048695845306014,0.28047168894626523,0.1007893872300652,0.06135472915133932,-0.1866003137189578,-0.13351332842858266,-0.04333347214703147,0.15983703271838864,-0.14984522272657866,-0.08544214476417866,-0.23141816701138734,-0.1111643230287298,-0.10988908785518955,-0.2325693952812597,-0.300264208738785,0.09948407575526219,0.08146744587422554,-0.16998709032607337,0.024081400352586792,0.18867974291703105,0.2399589111453518,0.3638182095809214,0.2826876182808386,0.22475094508992813,0.3336373353322506,-0.2831683763887154,-0.09446087073205717,0.14646140747835662,-0.0236020303816914,-0.08401699079665181,0.31441719068837715,-0.3260141497429633,-0.10531980362488837,0.16764391510154222,0.12065085115932574,0.1149779980288455,-0.15724491826186743,0.2918706071248444,0.17800728309202885,0.4781294391463883,0.46842960063299044,-0.13501112823146721,0.013200719980380997,-0.18426963172725885,0.19478754563500325,0.09229352619183127,0.2519917452120842,-0.19936747224882817,-0.02036443222883901,-0.17293826954843905,-0.1040686294923583,-0.24445740038960379,-0.010874202399626129,-0.17453462707699996,0.018600110125533854,0.17516299041722772,-0.0189184562065918,-0.16500090228903788,-0.028799677952220326,-0.06477463596107665,0.3456849761934508,-0.39837587973181193,0.08580444851631293,-0.19994586265772707,0.3010582230921214,0.1532512481665024,0.4077078619451501,0.36696650425463984,0.1341023612210053,0.33696886408750815,0.5036420087267545,-0.09582587209705853,0.37476922222684933,0.43988210089905005,0.3784593530356242,0.29050051592424475,0.02989399260585701,0.27779582355853544,-0.019768921463836717,-0.23641592285660082
#13,0.4766163698367088,0.5053808816520681,0.6410342545935767,1.0,-0.24176719091973328,0.1923953229037975,0.14904149141437276,0.02917123595089697,0.5140511852376259,0.45667208040089396,0.3982537236774525,-0.15082756099705252,0.20638820638820637,0.3440057931583355,-0.0902381580347682,-0.24847975864925018,0.05366954011021808,0.3044267688335485,-0.14532359786597074,-0.06064816742782844,-0.09444745207457071,-0.08400264671451112,0.20058579380613278,-0.3096359842122554,0.14634063956097854,-0.06621228316143571,0.02172017934729799,0.03700032852575225,-0.06203306542289593,-0.09586196365857383,0.3017407237746221,-0.13307467714247376,0.2740154638459723,0.1032135371118422,0.22523494218409473,-0.19262436550572143,0.011974069601188245,0.042976720942822635,0.4416362433311586,-0.30260460768935343,-0.2320196930366422,-0.16291360698140359,0.15356774339825188,0.15159705159705159,-0.00761994660299745,-0.22176043531975737,0.16270446100954575,0.1873369517437314,-0.18057811278150263,-0.007834182410453597,0.18802176598786768,0.17824234095420535,0.17410800631139614,0.11309290800816224,0.07063257402240453,0.10032945117690881,-0.13358319798997764,-0.09267618928635878,0.15268766455207133,-0.269457284711522,-0.06220149270996728,0.12753092075125974,-0.13524526066898948,0.06520634656227876,0.014681862139489257,-0.031763350407418206,0.42308564342462646,-0.04863893168977915,0.2814128458196255,0.17272264560400152,0.2232582351226419,0.30559002762392595,-0.08679280204703933,-0.03482604330061957,-0.15951591036336799,0.04152981949592119,0.0333615587852876,0.014053036086934392,-0.05154013798081595,-0.13170412322954697,-0.04957870042615806,0.014596260358972223,-0.1894996691606861,-0.2856295432566619,-0.37790271010609994,-0.08075162990417227,0.045045970469699284,-0.13002540290675885,-0.23648625513032293,0.0521661877594081,-0.04789165128148179,0.3625041065719032,-0.5654862875201858,0.003860871657481827,-0.4165192927904792,0.04112355807271061,-0.03415511042629687,0.1946677031422794,0.13532438447692685,0.29028813096609707,0.24983041593211086,0.292214865096221,-0.21412151751134803,0.26033676203167727,0.19021594784306647,0.1849761934507697,0.008284401504740488,-0.07957402703165416,0.07421396743430642,-0.027604954723598793,-0.31759047182775996
#17,0.07367722113484826,0.009120059967517595,-0.08729438220963645,-0.24176719091973328,1.0,0.004457307847138356,-0.007757834876478944,-0.03214601350194571,-0.22032972880430507,-0.08996885946038488,0.19609239439747914,0.3318369216674301,-0.11086078374213967,-0.14595473748016122,0.15602844755387127,0.11375504934826969,0.29370757506350725,-0.08966208118750492,0.02115474488355844,-0.05977456655422757,-0.02794643642101269,-0.22790201603760926,0.1762762762762763,-0.07155059527940884,0.02362609142270159,-0.184767510191239,-0.07467482891211705,-0.30911358199493794,0.06934577104068629,0.00031556980709523084,-0.012331746230051314,0.3805142584803602,-0.08983004576224915,-0.2585372737915111,-0.04777643591202913,0.2442278950753527,0.19234072284919743,-0.2713386730335883,-0.15806206823155974,0.4574522133844168,0.19475561848443204,-0.03497735023158752,-0.3296755923874568,-0.26924721331500995,0.00559974458279543,0.05894538606403013,-0.2628668730363646,-0.2758968521680386,-0.17421489285896066,-0.158455373709611,-0.16956694753304924,-0.17023371599642786,-0.3056201039251887,-0.10008560178051704,-0.14692920964107406,-0.056219547744971475,0.04421771540415608,-0.17885543478763818,0.14219334897301,0.3137966934577104,0.057285174234326774,-0.10405104642392778,0.13445541072659717,-0.1620589773132146,-0.05051291661461153,-0.14919326105766784,-0.4635655686503144,0.01176446091700329,-0.11166035064340149,-0.06449145601687975,-0.09208715649393616,-0.18719027193603466,-0.011603899739492959,0.0774996876691792,-0.03164073164073164,-0.22978988233225522,0.09745045507757372,0.04930014760523235,0.04881337423710305,0.03699847767644378,-0.0018818510343934073,0.10233623453962437,0.05031071132766048,0.34910118130457113,0.7481447549244159,0.11271070762596186,0.47378688395637547,0.19649402869741853,0.29699560886001564,-0.002651341634392482,0.04699769106548768,-0.042056848836509855,0.5554930893913945,0.18518302586099197,0.35006084667101617,0.17956153379882192,-0.17558267049792473,0.09371173947445134,-0.2975541026388484,0.018797225576886595,-0.01190373732746614,0.1927543876696419,0.5826765131849878,0.037861898878848034,-0.09358125459820375,0.015746100491863205,-0.07785134903778972,0.1709925642129032,-0.07943336248420994,0.15107603751671547,0.32077670891230214
#18,-0.15047219792982505,0.0319401065163777,0.0679678137305256,0.1923953229037975,0.004457307847138356,1.0,0.08400357213916536,-0.1255736476075459,0.14941351212537654,-0.15252340167594405,0.044039108445888105,0.056480980209793766,0.37348334466978533,0.13444754461703615,0.035497438887269396,-0.08002470883826816,-0.2014163624333116,-0.0168140405428541,0.04128411925022094,0.07811648320122896,-0.17426995562588782,-0.13603140891276486,-0.15924476093967618,-0.2031580116325879,-0.1617272125746702,-0.20628826052554866,-0.2609480050158016,-0.1380090413988719,0.19613126223295715,0.42127875178722635,0.09088132816946376,0.0399899128712688,0.008698991749839208,0.1732788258211987,0.2277474701203515,0.13631042444601765,0.13469185672575504,0.2034023237413068,0.24428897310253242,-0.28214300587181945,0.032865993882943034,0.10529990699482225,0.3336664862088591,0.5274920529157817,0.24491733644276018,0.2765696358916698,-0.2523545116765456,-0.1159011091214481,0.020087267544894663,-0.08202917863934812,-0.3060087822799687,-0.07514494463647006,-0.14184677743999777,-0.24681538240860273,-0.14303548540836677,-0.30052425306662595,-0.14850520782724172,-0.015927483724093895,0.07201145675721947,-0.029520121045544773,-0.23605315639213945,-0.1539726166844811,0.20254352966217373,0.24496036868918225,-0.27702401939690074,-0.1348556568895552,0.2572541725084098,0.42081372589847166,-0.09264379942346045,0.01491321830304881,-0.1072627326864615,-0.2932383847638085,-0.13217146267993726,-0.2796522254149373,-0.042864281847332694,-0.08998644252881541,-0.21043416297653586,-0.09842215096452385,0.21572759199877845,0.3128962552691366,0.3238787323533086,0.3443949342254427,0.06618220686017297,0.1024070295256736,-0.19044360230800908,-0.053064775098673404,-0.204121841409977,0.03504490623134691,-0.004189860122063512,0.2026735518260942,0.48585349602298755,0.296053063849674,0.0780831679136764,-0.05755771179499993,0.052800103647561276,-0.10917466002211765,-0.0699658055590259,-0.17534622449876688,-0.036654219705067166,-0.1260581074140396,-0.23487416538263997,0.21031987303173744,0.04829050930745846,-0.1580606800945784,-0.06900475205559951,-0.2657042250262589,-0.2427379613820292,-0.2865882831984527,-0.05743786930227608,-0.049857715959410874,-0.029168922389261373
#26,0.0367083570473401,0.28974351855707786,0.1311317480809006,0.14904149141437276,-0.007757834876478944,0.08400357213916536,1.0,-0.056544834510936205,-0.04033417084264542,0.4653701467260789,0.3990389464965736,-0.013475108390362627,0.1930667184904473,0.49122651156549463,-0.09438359777342828,0.03723075926465757,0.3470245283804606,-0.030478398275008443,-0.09599059768551294,-0.14960831401509367,-0.15868626716084344,-0.11197083061489842,-0.2966726356556865,-0.11136190119240967,-0.12918002748511223,-0.03446605311012091,-0.03769208345479532,0.03420138165900878,0.17697636002720749,0.0051388831049848,-0.0877654233586437,-0.03602770721414789,0.13206041172142868,-0.15496698547546006,-0.11415714636053619,-0.06954797632763735,0.35242391852561344,0.1601095702790618,0.11398825636113771,-0.10036831901238681,-0.026863226863226862,0.05309022427666495,0.06477972579667494,0.22065732913190542,0.21385869690954437,0.15223235562218612,0.14575530846717288,0.08597981648829106,0.037528283290995154,0.022983846712660273,0.10472197929825049,-0.008158081039436972,-0.07654279857669688,-0.010900114289944798,-0.05552131484334874,0.03488573319081794,-0.1658657116284235,-0.0434648824479333,0.05739900146679808,0.019962797928899625,-0.2005839429568243,-0.02293803819227548,-0.05543478763817747,0.16659402083130898,0.05267054419596792,-0.020245977873096517,0.04199438267234877,0.43298953807428386,-0.16170083797202442,-0.20834733038122868,-0.17776944895588964,-0.14148724996182624,-0.36482044448146145,-0.09527709527709528,-0.30247597366241435,0.0055747581171309984,-0.01692277793972709,0.026722562315782655,0.3252511371155439,0.12916105627970034,0.010945460098002471,0.08700703785449548,0.22952428545648884,-0.03989922125515346,-0.12917077323856985,-0.13110259720429213,-0.02223934257832563,-0.053394226275582206,0.07282074061735079,-0.21995123012072165,0.08416320789202145,-0.02275156512444648,-0.09364510889934619,-0.06749353359522851,0.012185991847008797,-0.21377031885506462,-0.011230028179180722,0.07449298296755924,-0.01490350134417931,0.3328845023760278,0.12758181910724284,0.0033616050565203107,-0.0020262172804545687,-0.004861718421040455,-0.12892322214356114,0.010358278154888325,-0.11775519741621436,-0.11393596986817325,0.1212676466913755,0.0850358833409681,0.037218266031825355
#49,0.3749061850756766,0.45102190017444255,0.030653766246986586,0.02917123595089697,-0.03214601350194571,-0.1255736476075459,-0.056544834510936205,1.0,0.5092889499669161,0.23322644678576882,0.22465979076148568,0.4017680238019221,0.1741288283661165,0.18028891757705318,-0.2129346603922875,-0.3607129471536251,0.07690325147952266,0.07758621487435047,-0.0998861727675287,-0.23632430581583125,0.01709860862403235,-0.20332319993336942,0.07860233114470402,-0.13071345613718496,0.09759898573457895,-0.2022982921288006,0.12720517127296788,-0.3035031950286188,0.029023168006218854,-0.34581592378202547,-0.23721363890855415,0.09614375546578936,0.14189813850830799,-0.1428281902858174,-0.2555203894186945,-0.13891734569700673,-0.1258591411133784,-0.38365422433219043,0.11878149335776454,0.1903547615412022,-0.4454244691532827,-0.16869889920737377,-0.2556740099112981,-0.23165738928450794,0.14714298273620308,-0.39130008282550655,-0.0399075500770416,-0.2687646043578247,-0.22604931587982435,-0.19212324805545145,0.04600285956218159,0.02662539272708764,-0.13927409690121553,0.05475413780498526,-0.02802463480429582,0.022240730715306987,-0.06317689029553436,-0.37541609406016185,0.08802593039881175,-0.05773585604094079,0.3058708940064872,0.03292892275943123,-0.2794037488952743,-0.27804291194121705,0.2503986266698131,-0.1353285488878709,0.14804989889735654,-0.3471943438045133,-0.05485547180462435,-0.22045003400935603,0.28331135449779515,0.12471762980237557,0.2987506767167784,0.28765437240013514,0.15763544746595595,-0.24625688862977,0.10546185630931394,0.09442339103356052,-0.21698755766552377,-0.5575956542058237,0.030741681589139216,-0.059522851048274775,-0.20668758126385245,-0.11257929732506004,-0.05112786129735282,0.5354502422299032,-0.08268623014385726,-0.4765233646589579,-0.4315259789836061,-0.4586538772979451,-0.41702596278867465,-0.27209335683911956,-0.18081640962996895,0.08582943498197736,-0.04532128430433515,0.08712826848420069,-0.29201219709694287,0.2725958624263709,-0.09456174201936914,0.1465891160806415,0.29909308383884653,-0.2074538328775617,0.03753337312659347,0.35495264139331933,0.3028887130582046,0.31610655339468896,0.2979561996511149,0.32643197897435183,-0.06331246500738026,0.15583966092440668,-0.18886390242322446
#50,0.3610377712072627,0.5972602803111278,0.3030469606740793,0.5140511852376259,-0.22032972880430507,0.14941351212537654,-0.04033417084264542,0.5092889499669161,1.0,0.3654395535751468,0.4150969150969151,0.27336442760171575,0.4244538837759177,0.42491335711674694,-0.08038469902876683,-0.490952123155513,-0.042648195190568075,0.12589662081187505,-0.19193862583693092,-0.26918937427412004,-0.04726282522892692,-0.3063470249910928,0.2665954089682903,-0.33841900452069945,0.2424501543145611,-0.3226141395632921,-0.05408135408135408,-0.40424908729993475,-0.023263787670567332,-0.12890934077374755,0.10981875558146745,0.012694049982185575,0.2918210969058427,0.03743296455160862,0.13301591267692964,-0.16390797577238256,0.0549535668179736,-0.1678836000869899,0.5679340357306459,-0.15025981297167737,-0.3977021705835265,-0.289064256860867,0.056372705525247896,0.08089645886256056,0.2998042726856286,-0.28570866706459924,-0.20256897884016528,-0.31962177894381283,-0.4189184562065918,-0.26155462087665476,-0.013391820171481189,0.01925947519167858,-0.029707982250355133,-0.050973315380095044,0.05370933337035032,-0.037450084907712025,-0.04433663247222569,-0.3369512810190776,0.23142834668258397,-0.16696696696696697,0.04920899327678989,0.055171967036373816,-0.24284669877890216,0.05700384513943836,0.03361234886658616,-0.20362396294599686,0.516852445666005,-0.18775246741348436,0.268004368004368,0.037210399922264326,0.42498877922606737,0.30023875956079343,0.08792598453615402,0.08917345697006714,0.033711832016916764,-0.11788799585409755,0.00592132965014321,0.006949476441001865,-0.0999056066852677,-0.41810315708620793,0.06965393745054763,0.043051217627488814,-0.2656403707251165,-0.182972649074344,-0.236657458691357,0.2944321825677758,0.0020993258281393873,-0.35373385712368766,-0.46708449589805523,-0.12821434685841465,-0.18592382829670964,0.09427486037655529,-0.3510709476811172,0.055720743856337074,-0.18765529782478935,0.10274712308610613,-0.2783959614468089,0.23513328428582667,-0.21043647653817146,0.21534030178097974,0.14078716621089502,0.09970664038460648,-0.12843783691241317,0.23353229963399455,0.09600540447998075,0.1633499447058769,-0.01601678720322788,0.043335785708667064,-0.05046155554630131,0.14828727032116862,-0.17669919534326314
#51,0.3911955098395776,0.4938764650629057,0.33113637520417183,0.45667208040089396,-0.08996885946038488,-0.15252340167594405,0.4653701467260789,0.23322644678576882,0.3654395535751468,1.0,0.5404938065955015,0.06308712410407326,0.17754966060050806,0.3620691569844112,0.016751574378693023,-0.21898092237075287,0.5948500117991643,0.07484001721289857,-0.07680330561686494,-0.22507114202029457,0.09322913051726611,-0.16716778411693667,0.11747895815692426,-0.04708838268160302,0.185346363312465,-0.025448252566896635,0.21576136999865814,-0.04075708990963228,0.15177241956902973,-0.11968748409426376,-0.008208053970765836,0.06571116571116571,0.38102740645113525,0.01836921667430142,-0.09694841220264949,-0.19198859876825977,0.2393934766816123,-0.18945247250331995,0.3031524590846625,0.09410689580181106,-0.2709171421035828,-0.15806391908086823,-0.2046761707778657,-0.10093005177750941,0.04958980552200891,-0.2760828625235405,0.19098358759375708,0.13977151265286858,-0.2468070535867146,0.030999875067671677,0.2809866877663488,0.07734652988890277,0.135546486393944,0.21036151714117815,0.10121230629705207,0.2776935641342421,-0.163156068240814,-0.2625476015306524,0.1073520361655955,-0.03944668859923097,-0.021753957347177687,0.056642004099631216,-0.2826945589657454,-0.11957874669739077,0.24073025259465938,-0.08787416075551668,0.08486282893062554,-0.08381848720831772,0.188869917683477,-0.014770702906296127,0.2146633536464045,0.2875192604006163,-0.1654562112189231,0.24791108519922078,-0.3568349551400399,-0.039182479860445964,0.022820509261187227,0.04667425514883142,0.17512458529407682,-0.24055951174595241,-0.10512222546120852,-0.025017004678021627,-0.0957088058782974,-0.2210709939523499,-0.1111323958781586,-0.042030936946191186,0.12853130480249125,-0.1664306833798359,-0.17390256203815527,-0.29845592896440354,-0.25279964093523416,-0.12143283499215703,-0.3532577261390821,-0.029836616277294243,-0.3168579982139304,0.17209520768842804,-0.053577460357121375,0.30886695632458344,-0.08484293230055942,0.4198221333814554,0.290272398746975,-0.012925868858072249,0.01804763160695364,0.18118426593002865,0.14425797137661545,0.3608425066052185,0.18982264236501525,0.06469181045452232,0.0569006602904908,0.08556476353086523,-0.03513606055978937
#52,0.37211973144176536,0.6169907966518136,0.23792806674162606,0.3982537236774525,0.19609239439747914,0.044039108445888105,0.3990389464965736,0.22465979076148568,0.4150969150969151,0.5404938065955015,1.0,0.2181096350587876,0.21149053521934877,0.38123331343670325,0.06164623791742436,-0.1742792098724302,0.37943984045678963,-0.08022460056358362,-0.07633411531716616,-0.243518094365552,0.105054206749122,-0.16721127907568586,0.12961775334656692,-0.20413433464280922,0.12945210233345827,-0.20433839077906873,0.05258401699079665,-0.2669702059532568,0.0870338751694684,-0.11111851450834502,-0.02995784690699945,0.26365024500617723,0.3090016056117751,-0.22306250780827053,-0.05252386438827117,-0.0653766246986586,0.22801908225637038,-0.20389048524641745,0.3395993836671803,0.03916952391528663,-0.1536288214254316,-0.08736101278474159,-0.1614630038358852,-0.03170227238023848,0.2158719582448396,-0.05473886829819033,-0.03975716857072789,-0.11731191900683426,-0.3053355358440104,-0.19179749857715958,0.18202455151607694,-0.04097225114174267,-0.06694660762457373,-0.08397812296117381,0.006519153976781095,0.03639417537722622,-0.044267688335484945,-0.280420327877955,0.20948930440455865,-0.009428689089706038,-0.017993031552353586,-0.016036221120966882,-0.2097697080747928,-0.055922949143288124,0.05851922801075343,-0.11457034846865355,0.019289551492941325,0.05541766728207406,0.05615060360823073,-0.1283341893511385,0.06353317878741607,0.05706723672825368,-0.12032972880430508,0.14092551719670363,-0.1779406525169237,-0.1673140012123063,0.1410407325661563,0.11785005344327379,0.10901872596787851,-0.2606111504416589,-0.0857554010096383,0.1514735074057108,0.0013816590087776528,-0.07657148674097827,0.09107520463452667,0.015278298329145786,0.28087887579413,-0.13043814230254908,-0.1394180004349496,-0.2859881453101792,-0.15358255019271969,0.045858030603793315,-0.1814447729701967,0.08352188860663437,-0.16675041759787523,0.16790858655265434,-0.23490562982088406,0.2833853884701342,-0.20486588283198454,0.4577862916845968,0.24968975138466665,0.15816895477912427,0.22321196388993,0.2360110495703716,-0.0020646224036054545,0.15621168163541044,-0.00048677336812930034,0.10798965375236562,0.10144736415922856,0.13669771466381636,0.09757631283055011
#53,-0.0365945298148688,0.12628900086527206,-0.0849419527385629,-0.15082756099705252,0.3318369216674301,0.056480980209793766,-0.013475108390362627,0.4017680238019221,0.27336442760171575,0.06308712410407326,0.2181096350587876,1.0,0.220069221764137,0.19222180578112782,-0.07135625610201882,-0.3183951285646201,0.1104739562366681,-0.08539309725750403,-0.16922824210959805,-0.2552450755840586,-0.15837671261400074,-0.45312400227654465,0.1579061341773206,-0.1482021312529787,0.09139123715394902,-0.27229741297537907,-0.1534275415631348,-0.4838420855370008,0.13811176353549234,-0.026933096424621848,-0.14728318457132017,0.29163323570103233,0.07959114738775756,0.011518760671303044,-0.0003146443824409926,0.17855143278872093,0.061050264440094947,-0.09459320645761324,0.2877191521259318,0.11956579075223144,-0.06864707542673644,-0.030617211973144178,-0.18999523406303068,-0.120286696557883,0.34001073492598916,0.0377133682218428,-0.36966411712174424,-0.43665329428041294,-0.29520213588010197,-0.40466136398339786,-0.10556874285687845,-0.26433922366125756,-0.1934711290643494,-0.30988122174562854,-0.08754147059231805,-0.3183516336058709,-0.012664436393249953,-0.3048723608045642,0.3100834270325796,-0.007245149618030974,0.06815937663395291,0.034266161384805455,-0.04406779661016949,-0.2234229607110963,-0.11528940342499665,-0.26597352360064225,0.02307222476714002,-0.09610211135634865,-0.11389756474502237,-0.18064705691824337,0.1139780766899411,-0.17854264125450567,0.23194056922870482,0.0503523554371012,0.10384930384930385,-0.34601905449363074,0.05704687738586044,0.08289954052665917,0.014631426495833275,-0.3131910030215115,0.19686790025773077,0.31399612247069875,0.0019230324315070077,0.34059328974583214,0.30267540267540266,0.4031344133039048,0.09414761448659753,0.015916841340570153,-0.05435527977900859,-0.13482141617734839,-0.11011813045711351,-0.07900951799256883,0.17684448701397854,0.09371636659772253,0.06642374269492914,0.09804920482886585,-0.2953775038520801,0.05941318822674755,-0.18505531725870708,-0.035886117242049445,-0.03989968396748058,-0.039388849558341085,0.35375375375375373,0.16377471462217225,0.13153708407945697,0.052739025620381554,0.054445971395123936,0.13129601095702792,-0.12339195898517932,0.06023033819643989,-0.008290879477320155
#54,0.012880060337687457,0.27220163152366544,-0.06680039052920408,0.20638820638820637,-0.11086078374213967,0.37348334466978533,0.1930667184904473,0.1741288283661165,0.4244538837759177,0.17754966060050806,0.21149053521934877,0.220069221764137,1.0,0.5428531767514818,0.05976484959535807,-0.2298403179759112,-0.04024671821281991,-0.22972602803111278,-0.10809237588898606,-0.13239587815859002,-0.17672325638427333,-0.23100450219094287,-0.05521499928279589,-0.14374250984420475,-0.10550396313108178,-0.23236024930940186,-0.2457201423303118,-0.2690380673431521,0.2751852006089294,0.023552057450362537,-0.11514966430220668,0.054363145888569615,0.0894968928867234,-0.009004381885737819,0.22302271454813827,0.0672052638154333,0.22688219806863874,-0.03639232452791775,0.373501390450543,-0.11076361415344466,-0.20064964810727523,-0.0695734255056289,0.4094319280759959,0.49204875137078524,0.5549919719411245,0.15387868608207592,-0.11450186704423992,-0.16027799756613315,-0.3691907624111014,-0.15523767218682472,-0.19527154272916986,0.046318892081603946,-0.3079239486019147,-0.07934914884067426,-0.3466585229297094,-0.13775778860524623,-0.22429332259840734,-0.2571061045637317,0.11932101593118542,-0.14964255472730048,-0.005380418939740974,-0.14996645335628386,0.14123831072983614,0.3572865623713081,-0.2589009656806267,-0.1536579723020401,0.5281046840368874,0.27067745711813507,-0.05902034546102343,-0.09052457696525493,0.006261423210575753,-0.2116020488901845,-0.02451311095378892,-0.044723459977697264,-0.09181091723464604,-0.1449103957578534,-0.09898897356524475,-0.08261867414409788,0.3024380312515906,-0.014960414960414961,0.33634003803495327,0.35056381497059463,-0.04232383384925758,-0.2926077078619452,-0.14528426731816563,0.1143052143052143,-0.05768218141099497,-0.16457243067412558,-0.16379646210154686,-0.026820194616804786,0.15645691916878357,0.25486333791418536,-0.08543474136694476,0.0589009656806267,-0.09583836532989075,-0.1511269358726986,-0.2738646196273315,-0.03237783237783238,-0.21404285641573778,0.10012863402693911,0.04637858197180231,0.04863708084047067,-0.04454439030710217,0.1090016056117751,-0.08580074681769596,-0.16927960317790827,-0.16424297949721678,-0.058770943516706226,-0.11874956620719332,0.06664954631056326,-0.036642189184562066
#58,0.12416515128379535,0.3555305690898911,0.10698279172855445,0.3440057931583355,-0.14595473748016122,0.13444754461703615,0.49122651156549463,0.18028891757705318,0.42491335711674694,0.3620691569844112,0.38123331343670325,0.19222180578112782,0.5428531767514818,1.0,-0.025966490373270035,-0.13972894311877362,-0.049132183030488115,-0.11656972843413521,-0.08283661165017098,0.014253390524576965,-0.23774760893404961,-0.13833941800043495,-0.19344290361239513,-0.12779235321608204,-0.19453999453999454,-0.009462004377258615,-0.16511334138452782,-0.07039612802324667,0.18449682347987434,-0.1390964153676018,-0.056918243358921324,-0.14390399644636934,0.03960863791372266,-0.15086504069554918,0.025432520347774584,-0.07552992129263315,0.16070137934544715,0.2000726458353577,0.411747803273227,-0.23028914893321673,-0.326176099057455,0.00336715760444574,0.2267836403429624,0.3406700999921339,0.39581661785051614,0.06213254857322654,0.009882147170282763,-0.05892363858465553,-0.25946686285669335,-0.01830304881152339,-0.018311840345738652,0.06012715334749233,-0.21818181818181817,-0.046423927779859986,-0.2495365936043902,-0.047609396761939135,-0.19543765645460562,-0.03243937311733922,0.20415515669752957,-0.2800311868108478,-0.1324995257198647,-0.1361998361998362,0.004585479161750348,0.26144403263047333,-0.11500437263149127,-0.02648704174127903,0.6263921857142196,0.2593447068023339,0.10071998038099733,0.017417417417417418,0.07897851626665187,-0.02258036156341241,0.03514346395702328,-0.04953751902904445,-0.0608892405502575,-0.07700643632847022,-0.032234854268752576,-0.09326799835274412,0.20087776528454496,-0.021849276086564222,0.12755590721692417,0.2228607652336466,0.07647570528926462,-0.24941119856374094,-0.26645566984550034,0.06878218742625522,-0.11185746609475423,-0.24872083177167922,-0.23827880268558235,-0.21638464350328757,-0.08321927474469848,0.06259526090034565,-0.28629584900771343,-0.1541419693962067,-0.2717620548129023,-0.3640116233336572,-0.044178384856350957,-0.10646640477148951,-0.06892285197369943,0.19307967443560664,0.04829328558142117,-0.014502329756567045,-0.25921931176168467,-0.021972820277905022,-0.17722298569756198,-0.09081469759435862,-0.20996867437545402,-0.12858683028174553,-0.1320340371187829,-0.02421743777675981,-0.178369124131836
#101,-0.1318744013659268,-0.21922430905481752,-0.3147540452625198,-0.0902381580347682,0.15602844755387127,0.035497438887269396,-0.09438359777342828,-0.2129346603922875,-0.08038469902876683,0.016751574378693023,0.06164623791742436,-0.07135625610201882,0.05976484959535807,-0.025966490373270035,1.0,0.31127907568585533,0.14861579607342318,-0.3829013913759676,0.5576807932740137,0.10261432464822295,0.4229505314251077,0.07329502075264788,0.19749626359795852,0.17326355631440377,-0.019220144643873456,0.10330654228959314,-0.01012229486805758,-0.1333180638265384,0.30910988029632097,0.1650258887547023,-0.23581254598203752,0.07959901349731859,-0.2230065196166891,-0.12210608142811533,0.09819681006121685,0.20583989228057026,0.28500534432737823,-0.07551280093652975,0.13880999643711509,0.04450968688256824,0.23623962945996843,0.15728193524803694,0.031190975258771868,0.05319017013932268,-0.0038636479314445417,0.12633897379660092,-0.3587061637909095,-0.04408399154161866,-0.020859534418856452,-0.048443204375407764,-0.1614509733153801,-0.29570279061804483,-0.1775797369017708,-0.23487832979358403,-0.043471360420512965,-0.21463466548212312,0.15781451713655104,-0.07075010295349278,0.030116094522874184,-0.03977891605010249,-0.20949393152782983,-0.19127093194889805,0.4004280089025852,0.2558054202121999,-0.21304709948777745,-0.14911783894834743,-0.04376518274823359,0.290932689237774,0.1301410809885386,0.07418018943442672,-0.2989436277571871,-0.16711919932258915,-0.13542803203820153,-0.07143954432090026,-0.1539601234516489,-0.2552446128717315,-0.24678252983337728,-0.35794592743745285,0.5536912875895926,0.23200719980380996,0.05745591508303373,0.035048145217636745,0.034217113878130825,0.03237551881619678,0.21152708949319118,-0.3338927525368203,-0.10080511944918724,0.24168529083783322,0.21386841386841388,0.07335794962913607,0.043893354062845585,-0.11399056992277332,0.08892590587505841,-0.22023718633888126,-0.06600082362794227,-0.014414877126741533,0.12222684934549341,-0.33930741218876814,-0.1951447595515392,-0.24590754082279506,-0.41717912056895107,-0.12657310623412318,0.09466446415598959,-0.2896426472697659,-0.38614963191234375,-0.2437827658166641,-0.3182905555786912,-0.1717264259637141,0.055493552103721595,-0.18720230245653974,0.07117764914375084
#102,-0.024187824187824187,-0.27537907707399234,-0.15703438415302823,-0.24847975864925018,0.11375504934826969,-0.08002470883826816,0.03723075926465757,-0.3607129471536251,-0.490952123155513,-0.21898092237075287,-0.1742792098724302,-0.3183951285646201,-0.2298403179759112,-0.13972894311877362,0.31127907568585533,1.0,0.05094647806512213,-0.08852843598606311,0.3166183132284827,0.5527542951271764,-0.015153828713150746,0.6337173845648422,-0.1802819768921464,0.43375023714006766,-0.39434010281467907,0.40884844783149865,-0.3033777999879695,0.25561570815808105,-0.049985424561695746,0.018796300152232357,-0.17238162661891476,-0.0340250882623764,-0.30038636479314446,-0.06919770309600819,-0.18250253334999098,0.17922514193700634,-0.056488383607027674,0.21429642277099903,-0.41966990102583324,0.008663825612978156,0.19468204722442012,0.29382047687132434,0.045101495948953574,0.08525243271005983,-0.2801829564541429,0.21980917743629608,0.006532109921940431,0.00848521865471018,0.18266910978775386,0.07951988968938122,-0.12012428453106419,-0.13905338312117974,-0.06729641814387577,0.07698422613676852,-0.21555823928705284,0.09814221000661678,-0.07645580865919849,0.5068597102495408,-0.21652530805073178,-0.08177376143477838,-0.2125566244210312,-0.11733736818482582,0.3185117320710541,0.19265953164258248,-0.24737017448881857,0.2670548823091196,-0.15422201862879828,0.28953714885918275,0.06143755465789364,0.2788318364589551,-0.23340690459334526,-0.046427166766149816,-0.04447868515665126,-0.06665000902289038,0.026624467302433404,0.17738215873809093,-0.11072289546865818,-0.06346886177394652,0.13687678433441144,0.6221944594825951,-0.02199595589426098,-0.05457229186042745,0.20270085185339423,-0.030493667781803374,0.17151866812883762,-0.32200104572985927,-0.019268729438220965,0.14996876691791947,0.18346266142876314,0.03781979205708019,0.1461458376712614,-0.11545690528741376,0.07180601248397858,-0.29450621654011483,-0.0933596153935137,-0.1725472776320234,0.3729789882332255,-0.201157706242452,0.11866627798831189,-0.19078971112869417,-0.3556939065413642,-0.014081724251215776,0.004702545380511482,-0.22115937200682964,-0.2992369873725806,-0.20333060333060332,-0.16187805679331102,-0.1701740261062295,-0.0967184441760713,-0.2693670558077338,0.029126352855166415
#201,0.2993050060846671,0.2541058778346914,0.2575660406168881,0.05366954011021808,0.29370757506350725,-0.2014163624333116,0.3470245283804606,0.07690325147952266,-0.042648195190568075,0.5948500117991643,0.37943984045678963,0.1104739562366681,-0.04024671821281991,-0.049132183030488115,0.14861579607342318,0.05094647806512213,1.0,0.14101944779910883,0.024257231036892053,-0.16716963496624512,0.1926673977521435,-0.07255606916623866,0.15264370688099502,0.11054937834598852,0.12937621751181072,0.03463448039719226,0.23882110153296593,-0.013807798553561266,0.1618142024921686,-0.06476214272824442,-0.04267271894390538,0.2969965342846699,0.2513763378170158,-0.05184737896602303,-0.18208701768023802,-0.06607855929889828,0.32204546611326273,-0.25709083505693675,0.045492025153042105,0.24694124016157915,0.04713557933896917,-0.20493019984545408,-0.3810408251086217,-0.3131595385832674,-0.12467552298060773,-0.16010771942975333,0.061184913727286606,0.11630829596931291,-0.11640916725662488,0.055063229639500826,0.2839512856462009,-0.007044332468061282,0.1723853283175317,0.2260696752222176,0.17922051481373516,0.30140386920047935,-0.2037586122331885,-0.27150710032065967,0.02349838282041672,0.14153120763290256,-0.0941901840206925,-0.004692365709314862,-0.2888088396562973,-0.24640541928677523,0.29191178852195804,0.01203375949138661,-0.43125066514897026,-0.012906434940333245,0.006775496606005081,-0.16087165748182697,0.0164628418865707,0.15253358134714068,-0.33488573319081794,0.2785921514735074,-0.4272421882591374,-0.04671219755965519,-0.04704997755845213,-0.011336914726745235,0.28183900387290217,0.0004428156970529852,-0.13757825622232403,-0.09176881041287821,-0.08282828282828283,0.05146610400847689,0.26424483034652524,-0.11263759907827704,0.2755863721965417,0.041679275577580666,0.0816941749145139,-0.33016560474187595,-0.22490549100718593,-0.13002077578348764,-0.01954589412216531,0.06927590147929132,-0.08480961701300685,0.4362868261173346,0.007582004192173684,0.36016370762133476,0.012440946339251423,0.253712109644313,0.17172226155277004,0.08722682620987705,0.3962858081502149,0.22619229398890417,0.11739798349967842,0.28177329872245127,0.2427985766968818,0.015491608711947696,0.14033694711660813,-0.016178736517719568,0.11890920196004942
