,#10,#11,#12,#13,#17,#18,#26,#49,#50,#51,#52,#53,#54,#58,#101,#102,#201,#202,#301,#302,#401,#402,#501,#502,#601,#602,#701,#702,#801,#802,#901,#902,#1001,#1002,#1101,#1102,#1201,#1202,#1301,#1302,#1401,#1402,#1501,#1502,#1601,#1602,#1701,#1702,#1801,#1802,#1901,#1902,#2001,#2002,#2101,#2102,#2201,#2202,#2301,#2302,#2401,#2402,#2501,#2502,#2601,#2602,#2701,#2702,#2801,#2802,#2901,#2902,#3001,#3002,#3101,#3102,#3201,#3202,#3301,#3302,#3401,#3402,#3455,#3501,#3502,#3601,#3602,#3701,#3702,#3801,#3802,#3901,#3902,#4001,#4002,#4101,#4102,#4201,#4202,#4301,#4302,#4401,#4402,#4501,#4502,#4601,#4602,#4701,#4702,#4801,#4802
#10,1.0,0.5393208308462546,0.5512241054613936,0.5889101736559363,0.442710198642402,0.377141548327989,0.324191063174114,0.3958272602340399,0.1553723214740164,0.5040889888347515,0.33799978715232953,0.06195394161495856,0.10295719448261821,0.21548281717773243,-0.23720345923735756,0.18307352036165594,0.319470934725172,0.3483335415538805,-0.16960350180689163,0.20634933855272838,-0.24721192687294383,0.24660531101209068,0.015807641231370045,0.29432853500650114,0.21820958092144532,0.3802630056867345,0.23041269312455753,0.4637062331977586,-0.1512893478995174,0.21201710184761033,0.08033935322070915,0.3249823012534877,0.2909539740048215,0.2806646399866739,-0.07382390094254501,0.09988015750727615,-0.08044392620663807,0.10724191063174114,-0.05084468135315593,-0.02958073636039738,0.07241216563250462,0.14237612034222202,-0.17261252007014719,0.1486833520731826,-0.08321881203237136,0.10074404142200752,0.10808913690269623,0.4034384153028221,0.12276683463124141,0.20758524317846352,0.21633281972265023,0.112680168612372,0.3360091987210631,-0.006864337372811949,-0.11207309003919173,0.02008402855860483,-0.3665172105850072,0.11801292818241971,-0.014179356552237909,0.2544519866553765,-0.07683939717838023,-0.08979811861167794,0.07849174289852257,-0.006811588167520371,0.1422687710823304,0.19018309526784102,0.030644049288117085,0.15304163948231744,0.004419365436314589,0.032121952460935514,-0.08620515739159806,-0.021339829814406085,-0.32092986669257856,0.21478365885145545,-0.4079480096429249,-0.10140248106349802,-0.2128518348857332,-0.32930403438878014,0.11915675305505814,0.2850872444092783,-0.05472082251743269,0.1220959017569187,0.304296746669628,0.09988894904149141,0.27114433385619824,-0.17325569020484274,-0.05822401754605144,0.1152787610414729,0.04322612288713984,-0.05107742565369684,0.16560242831429273,-0.15438674421725268,-0.11686864059745415,-0.0414599499345262,-0.16456965440016288,-0.007017032440761254,0.19285988608022506,0.26601239143612027,0.3716699750598056,0.2389265999435491,0.1295960058671923,0.007443653206365071,0.4271084643966,0.4415811805642314,0.45008490771202636,0.4094809755826705,0.24600841211010702,-0.030421484658772795,0.13024472854981328,0.004617406312321566,0.01179592535524739
#11,0.5393208308462546,1.0,0.43277669040380906,0.3350055756835418,0.2536417773705909,0.27161121059426147,0.4455369082487727,0.40592688219806866,0.2860607911455369,0.4217664505800099,0.40810209284785554,0.03465761601354822,0.12489346048668083,0.28846226812328507,-0.10874989010582231,0.05961816978766131,0.3316814503255181,0.30607402471809253,-0.0020641596912783352,-0.006868501783756021,-0.05564994887028785,0.04585340348052212,-0.010609993660841118,0.18741515012701454,0.13976549739261604,0.14923675601641703,0.16833243104429546,0.29007759685725787,-0.0526626780864069,-0.03094851399936146,0.06208997903913158,0.12412952243460718,0.01908364450737332,0.1502533349990977,-0.13968544816002443,0.004713650476362341,-0.09882702425075307,-0.11273430595464494,-0.01835764886612344,-0.2797642017981001,-7.54221093204144e-05,-0.11250433792806674,-0.24605098164420197,-0.06153055983564458,0.010238435662164475,-0.017356339390237695,-0.026484265467316314,0.2738053924494602,-0.04151131100283643,0.1493783459885155,0.09138244561973376,0.13872763364288787,0.2095656519385333,0.156062225553751,-0.03182720470856064,0.1138522189369647,-0.27503852080123264,-0.09203070559002763,-0.011699681191206615,0.17581032496286733,-0.1633666023496532,-0.14364996737878094,0.0354127625314066,0.18776866234493353,0.12196773044230672,0.07900674171860612,0.09431280278737905,0.3451153773187671,0.06339482780160746,0.006886084852186547,0.08576881966712475,0.16298023755650876,-0.17611201340014898,0.05982916660882762,-0.3056501802264514,-0.15314991416686333,-0.24910210672922536,-0.2119463068615611,0.20412276683463124,-0.011168024727346761,-0.026195995687521113,0.1539050606847217,0.1341680663714562,0.03820800769953312,0.08200928200928201,-0.12004377258614547,-0.14147336859201265,0.20865873577737984,-0.046905611312390974,-0.01096628215272283,0.10312238278339973,-0.1549804041329465,0.0139345817311919,-0.1152616406853695,-0.14830485338959914,0.23441422932948355,0.07097636928145402,0.29541914796152086,0.19931148405724677,0.18341222578510713,0.21277826362572125,0.051990357075102835,0.2817524766677309,0.2549771651466567,0.23988857887162973,0.15769883905477125,0.17200775505860252,-0.15775020012308147,0.11944502283485334,-0.014239046442436273,0.02808756368078402
#12,0.5512241054613936,0.43277669040380906,1.0,0.5192256971917989,0.46907045720605045,0.43213444569376774,0.30551090381598855,-0.01178574568405077,-0.09331010517451195,0.5018850900206833,0.3025356635526127,0.10654321501779129,0.022795060083195675,0.11217257318952234,-0.27708000758848217,-0.1087739511468325,0.5310304140812615,0.7700449293669632,0.05236978118334051,-0.14005191632310277,-0.2572328877413623,-0.13772447331769366,0.14899013034606254,0.12380562380562381,0.015607286793727472,0.16512814817899563,0.3219381168533711,0.454228496601378,0.135872698584563,0.30971094360924867,0.39715802088683444,0.27372811949083137,0.44713511662664207,0.38416505874132995,-0.022448488550183464,0.1716149122928784,0.01080618368753962,0.06783408986798817,0.16287705270756117,-0.08325397816923241,0.15637733264851908,0.0998186167677693,-0.22194737109991347,-0.21310817751495717,-0.25170023644599915,-0.13653530263699756,0.21363057973227464,0.3979520352401708,0.20125580125580125,0.22470930098048741,0.08098113521842336,0.19433640111606212,0.40412091598532274,0.2461458376712614,0.09673232554588487,0.196791090011429,0.028103758612233187,0.016534562297274163,0.061473183507081815,0.08955797091390312,-0.14755340857035773,-0.015734995396012346,-0.2228006126311211,-0.25850719749024836,0.4530527445781683,0.4205874595705104,-0.1810621098756692,0.037783237783237784,-0.22657403165877743,-0.1598504513758751,0.09747035170763985,0.17885450936298394,-0.17609396761939136,0.38073450954806887,-0.3401865656102944,0.14716889462652175,-0.21846037100274387,-0.04229190669868636,0.18519042925822587,0.3172087341578867,-0.13553214231180333,0.2000994831503306,0.13079628164373927,-0.17244918261867415,-0.00942313654178061,-0.31640870454429776,-0.08730826357945003,0.11821883516798772,0.19914351948250253,-0.20421392116307371,0.03544376425732358,-0.18305640000555254,-0.13234035267933572,-0.01614218224387716,-0.12683777768523533,0.2970890767500937,0.18679511560867493,0.6093847314186297,0.3766797614255241,0.2591064099538676,0.36773183044369484,0.3673065978150724,0.47139975106076804,0.6043124788887501,0.5253112897180694,0.39432899771882823,0.48591087235155034,-0.13925281213416807,0.04147521944132113,0.0480031649523175,0.052376259155920174
#13,0.5889101736559363,0.3350055756835418,0.5192256971917989,1.0,0.2844648963293031,0.4592058931041982,0.3107108649481531,0.019383944807673623,0.07614440326304733,0.5527964019489443,0.2663386036267392,-0.02154990121091816,-0.023478948902677717,0.10259674157979243,-0.18842293757547995,0.19185626304270373,0.32803250091385683,0.28721618382635333,-0.08565730599628904,0.10848105424376611,-0.27714571273893307,0.08510482747770884,0.007530643123863463,0.21009083042981347,0.19722742773590232,0.24033046914402847,0.2687405433168145,0.48090848938306563,-0.23492645187560443,0.17222245357838578,0.05216433691009962,0.2256509205661748,0.2882105526173323,0.3250012724588996,-0.045589657454064236,0.12089886496666158,-0.0881675203709102,0.14010651637770283,0.06029187893594673,0.039101042490873,0.07755984027170468,0.14467441247102264,-0.2206429850497647,0.12174192682667259,-0.03326809089520954,0.10146726078929469,0.255238597611479,0.49021502241841225,0.12062956639227826,0.21799488240166207,0.20102120610595187,0.14901002697612867,0.3300878690709199,-0.012734305954644937,-0.049349195111906975,0.0637252044031705,-0.2978807775417945,0.22127412466395519,-0.08085296390381136,0.22875433214416266,-0.13629931935016681,-0.13213305755678637,-0.024603802569904264,-0.028432284364487755,0.17049052133797896,0.17853014802167344,-0.04248208146513231,0.005144898365237348,-0.14922703905754753,-0.08666925785569854,-0.17815257476274426,-0.06863920931717542,-0.25465928177792585,0.22572217826455115,-0.34479795666236346,0.021478643512541817,-0.12119407543136357,-0.2399778823507637,0.014035453018503867,0.24179726722099604,-0.0529944428249513,0.089165128148179,0.1691643878084556,-0.1260187768662345,0.07849405646015815,-0.3501876298486468,-0.18441260983633864,0.07268933031644896,0.21409977003197342,-0.059680635951822394,0.03945039029784792,-0.14486088553885165,-0.02715057121836783,-0.1539175539175539,-0.16579908105331834,-0.04043226585599467,0.15390644882170307,0.32170120814188613,0.3193150006709329,0.3294099955116904,0.18748363155142816,0.002265439553575147,0.3684906786601702,0.482615435157808,0.4124270649694379,0.4044101111897722,0.30735573786421244,-0.05277095277095277,-0.06706737554195182,-0.08274730817103698,-0.07990579177019855
#17,0.442710198642402,0.2536417773705909,0.46907045720605045,0.2844648963293031,1.0,0.5211126380617906,0.18770156905750127,0.005091686447618651,-0.05666190072969734,0.29302368624402525,0.15276817649699007,0.11618984161357043,0.09049264981468372,0.01805410957953331,-0.30695780526289,-0.15591369489674575,0.42043337636557976,0.37584734194903685,0.012895329844482387,-0.13695590814234881,-0.1583558905592804,-0.10680418477028647,0.20855277465446956,0.24489327540175,0.10558586321298186,0.1748839748839749,0.16376360952632138,0.34848392306019427,0.09328511870884752,0.08914569423044,0.35528255528255526,0.21131331639806217,0.3592887186107525,0.391507840660383,0.029112471485352842,0.02673551826094199,0.08063687724704674,-0.10119009610535035,0.08909757214841961,-0.19664903732700342,0.12032880337965084,-0.08390640255047034,-0.043792482775533624,-0.23655982639033488,-0.028805693212472873,-0.1768629955070633,0.07454943387146777,0.36823988857887163,0.11842427944122859,0.2615763683560294,-0.07508756830790729,0.22441640407742103,0.3431423719559313,0.32933549882702423,0.10589773132146013,0.10248522790895673,0.006115206115206115,-0.12471948065168405,0.04387993540535914,0.24107589870301735,-0.12323833849257577,-0.019118810644234374,-0.3004812208202039,-0.24302114132622607,0.24538236233151486,0.16998709032607337,-0.16721405534964856,0.020630029104605374,-0.1716926479638344,-0.12944654978553283,-0.025070679307967445,0.012184603710027438,-0.17996594437272403,0.22644077050856712,-0.2305112508502339,0.10376601563042241,-0.1935271172559308,-0.05553658435014367,0.22692245404109812,0.09011507655575453,-0.15840169907966517,0.3076800992055229,0.12117232795198897,-0.021038604089451546,0.20333384231689317,-0.13215758131012367,0.036978581046377655,0.1784709208438022,0.0541132812319253,-0.028912117047710267,0.2336206776884743,-0.05694369253691288,0.1719878584285364,0.02479906717194853,0.10156396766566259,0.24106062919622243,-0.08971945751606769,0.3153194797262594,0.19177621381011212,0.08781585900229968,0.3695780526289001,0.287661775797369,0.36616323565476105,0.39567919228936177,0.3449154855934517,0.22539226437531523,0.45218654710180134,-0.07634475770068991,-0.06370299421146879,0.03514068768306056,0.08744383829129591
#18,0.377141548327989,0.27161121059426147,0.43213444569376774,0.4592058931041982,0.5211126380617906,1.0,0.12542141525192374,0.012601507516761755,-0.06705765858308231,0.4480582277192447,0.2833358782511325,0.1650642938778532,0.10795124862921474,0.12462786361091446,-0.13999777898082982,-0.03992050602220094,0.34274906647788006,0.20377110546602073,-0.011118977220672135,0.021092278719397364,-0.12792144995534827,-0.16617434075061194,0.10098927895538065,0.19719735143463957,0.21199535436823572,0.14071081867692037,0.23377614903038632,0.34420059504805267,-0.06481119023491905,-0.04764410018647307,0.20013511199951878,0.188792182012521,0.2233530911497013,0.2612663510968596,-0.015124215124215124,-0.0656648944784538,-0.053068476797290355,-0.09611645543848933,-0.03669586381450788,-0.1774293553954571,0.024888370651082514,0.03677961474571644,-0.12123340597916869,-0.012849521324097595,0.011066228015380557,0.023457664135630236,0.16150557336998014,0.3565337294150853,0.09163323570103231,0.21257189392782613,0.05233368962182521,0.20533599855633755,0.34176441464577056,0.19816118121202866,-0.13140567377855514,0.02300466876738063,-0.030955454684268243,-0.03410328664565953,-0.11632958073636039,0.2005446124090192,-0.142368254232661,-0.04970733445309716,-0.09018864781576647,-0.06757589638945571,0.04613288172610207,-0.04235668642448304,-0.032245033939949194,0.12097428707598198,-0.12478333495282648,-0.16515914990491262,-0.11408450052517849,-0.0326471309522157,-0.12059949009101552,0.22266411249462098,-0.18806618637127112,0.1310581768208887,-0.15864184677744,-0.08415626720711467,0.1946454929505777,-0.04714066917456748,0.07957171347001855,0.3255023899091696,0.3150552709874744,-0.009074251447132803,0.23005964361896566,-0.15901062850215392,-0.08171777324319697,0.15946177302109504,0.18211015329659397,-0.06520310757598893,0.17082274878885048,0.002469032977507554,0.16333143621279214,-0.16233660470948608,-0.061884534765890696,0.09610442491798424,-0.14835019919765682,0.31307810121369445,0.14084916966272898,0.13326901631986376,0.29996020673986773,0.1549410735851414,0.32182891674417097,0.28457039473988627,0.2439761795693999,0.14593669169940357,0.2955283480707209,-0.0673214046095402,-0.15782006968447646,-0.20342453393300852,-0.11015514744328303
#26,0.324191063174114,0.4455369082487727,0.30551090381598855,0.3107108649481531,0.18770156905750127,0.12542141525192374,1.0,0.14949911390589357,0.14536755553704706,0.4319271505712184,0.3391658222166697,-0.030085555509284323,0.045375421646608086,0.2871648227580431,0.15598957971839328,0.16815937663395292,0.46870075005668227,0.2738183483946196,0.16527806697298222,-0.024887445226428277,0.15662303289421933,0.04122859377096665,0.12649028072756888,0.07687224975360568,0.10068018712086509,0.04765659341930528,0.06048760625031811,0.05141381751551243,0.1548249327910345,0.1609910372622237,0.07166210895024454,0.11053133256523087,-0.0007500566822600721,0.17845842761096997,-0.02466441788475687,0.1372992406890712,0.043811453980945506,0.16487319368675302,0.31626803999685354,0.12143098414284854,0.19614884530138768,0.12001045729859289,0.03101375643748525,0.005784366801315954,0.025773076620534248,0.06057829786643346,-0.011881989848091542,0.04158950938611956,-0.14410851529495597,-0.05979446318429369,-0.05581004733547106,-0.17883322459593645,0.0889643109982093,0.048825867469935266,0.25773955773955776,0.15944881707593572,-0.13762776644132577,0.003851154698612326,-0.03919404766862394,0.06703637381603483,-0.1483909178824433,-0.01748821240346664,-0.04130771757890402,0.10094624670895858,0.2226506938371345,0.25056751666921157,0.043845231980825204,0.22931560219695812,0.11418028197689215,0.12443722613214139,0.11475774696113679,0.3399218941591823,0.0005797785458802408,-0.07191983971644988,-0.21020141867599496,-0.031099358218002287,0.01291476376222139,-0.04042254889712517,0.22059810195403415,0.18491604084824423,-0.177230851807123,0.026583748617646924,0.1596736952669156,-0.06879329252210609,-0.008798012187842697,-0.26851196342721767,-0.1016467931722169,0.0966966966966967,0.16541364168482814,-0.23535769976447943,-0.045734023700125394,-0.2764123137004493,-0.1703387516946839,-0.07783793038030326,-0.2291647579783173,0.311895408505578,0.08267419962335217,0.20314922009837263,0.0550673940504449,0.16083973033125576,-0.008258489614421818,0.10072645835357699,0.25747118458982865,0.33021696581018617,0.22973065515438396,0.17361938209395836,0.06474363423515966,-0.06224868936733344,0.030766205342476528,-0.00042800890258517377,0.04630917512273444
#49,0.3958272602340399,0.40592688219806866,-0.01178574568405077,0.019383944807673623,0.005091686447618651,0.012601507516761755,0.14949911390589357,1.0,0.36764530323852357,0.2364732991851636,0.3114576826441233,0.15389395558887084,0.0987307800867123,0.25247204060763384,0.05966768000666306,-0.0817742241471055,0.11301563504953335,-0.04156082122183817,-0.08315033060795772,-0.11577802764243442,0.03276465988330395,-0.046935687613653715,-0.05086689154485765,-0.055171041611719575,0.1022714548138277,-0.020787351295825873,0.0040353142048057304,-0.01102412119361272,0.10468403688742672,-0.015938126107617634,-0.034007505193945874,0.12991435194825024,-0.14789812925406146,-0.05274966800390529,-0.149209455989117,-0.028168538338029864,0.01560265967045628,-0.05623204097780369,0.02626447711193474,-0.17703651262973297,0.05090344581870006,0.012988335022233328,-0.0464438244099261,0.0019003595274781715,0.07872957703466178,-0.02536635248499655,-0.1357010323112018,-0.035571472859608454,-0.0027873790585654992,-0.05441080525826288,0.07812758829707982,-0.02094328535006501,0.007632902548156785,-0.07187218034675662,0.03222606273453731,-0.11771447873142789,-0.14962126996025302,-0.18520014621709538,-0.0821541109676703,-0.08722636349754993,0.01457219931796203,-0.01731330714381562,0.16442343730479322,0.1936747224882818,-0.08894626521745166,-0.23402092385143233,0.13133765506646863,0.26116918150816454,0.16599619650467107,0.036716685869228244,0.1360374241730174,0.06185353303997372,0.10701610701610702,-0.13246991213092907,0.010942683824039756,-0.11812027744231134,0.038086314357500796,-0.02510399459552002,0.34987113461689734,-0.13796462101546847,0.1782187426255223,0.005683495514003989,0.3559257254172508,0.4161912297505518,0.13137467205263814,0.19218802778124813,-0.13067505101403407,0.10040533599855633,-0.13628358713104477,0.04750389835135598,-0.08019359883766664,-0.09066061438942795,-0.17799987969479494,-0.0700916633120023,-0.18510343934072748,0.055494014816048716,-0.048246088924055026,-0.11232526825747165,-0.028562306528408223,-0.06903158937057242,0.0015755354738405587,-0.035781081543793405,0.05289172068833086,-0.06490604626197846,-0.034789951739104284,-0.06274934410527631,-0.10388354456151067,-0.01891706806961044,0.09759574674828912,-0.043691148775894535,-0.04114669368906657
#50,0.1553723214740164,0.2860607911455369,-0.09331010517451195,0.07614440326304733,-0.05666190072969734,-0.06705765858308231,0.14536755553704706,0.36764530323852357,1.0,0.2354321964491456,0.23517215212130466,-0.008571745859881453,-0.13323986544325528,0.24376518274823358,0.16038118241508073,0.17657981556286642,0.09386998709032607,-0.10359434935706122,-0.09033764118509881,-0.0071211427143630535,-0.09078508400542298,-0.0225752717278141,-0.16783594071729666,-0.01252053285951591,0.048589884183104524,-0.048526955306616326,-0.12785620751722446,-0.12253686660466322,-0.07283462198716437,-0.10544334781622917,-0.2186982051388831,-0.28024958702924807,-0.11433806688043976,-0.1564481276345683,-0.26684527362493465,-0.09786226904870973,-0.1299199044961757,0.004954723598791395,-0.109284785555972,0.004732621681774224,0.03566725431132211,-0.06984364950466646,-0.13246991213092907,0.08234012132317217,-0.014496314496314496,0.025486657690047522,-0.36166798539679895,-0.1473035439137134,-0.1321214897486084,-0.14044614722580825,-0.11364261025277975,-0.17343198360147513,-0.0188555273301036,-0.03950637848942934,-0.03854810125996567,0.0645872374685934,-0.07101893881554898,-0.004306926340824646,0.03717847277169311,0.010051499882008357,-0.02645650272768917,-0.07876011604825164,0.15689371960558401,0.2250697538833132,-0.08673912741709353,-0.04398450839128805,0.2390381136143848,0.17214795689371962,0.2791728554440419,0.29511653409958494,0.23608323269340217,0.23435731571324792,0.1134889897601762,-0.23417361891938163,0.06958221703984416,-0.16748335392403188,-0.0037627766441325765,-0.05673454656505504,0.08915170949069254,0.00950596204833493,0.09923883822188907,-0.20295673177029108,-0.07452491011813046,0.18900179069670595,-0.17754734703887246,-0.0008037313122058884,-0.1576807932740136,0.2981514642531592,-0.07192215327808549,0.19263639602622654,-0.05782192053378494,0.1039645192187565,-0.09558341083764813,0.048238222814494004,-0.08492529509478662,0.16564916225933174,-0.0926983994780605,0.025912815743324217,-0.06352993980112624,-0.01634299939384685,-0.05207225715700292,-0.15769143565753735,-0.037988682056478665,-0.1346983346983347,-0.07806789840688146,-0.04739932536542706,-0.10064270742236844,-0.06492362933040899,-0.07603751671548281,-0.017843575470694116,0.014374621154282171
#51,0.5040889888347515,0.4217664505800099,0.5018850900206833,0.5527964019489443,0.29302368624402525,0.4480582277192447,0.4319271505712184,0.2364732991851636,0.2354321964491456,1.0,0.576780170000509,0.19327308818834243,0.12259609378253446,0.3600003701698617,0.1086480933938561,0.015624407149830878,0.6995099876455808,0.3767922005210141,0.2089266462147818,-0.11213786976498841,0.026742921658175895,-0.1478796207609767,0.1121716477648681,0.09766561630968411,0.13960910062604978,0.05485500909229723,0.2614347783839309,0.22611779730423798,0.14567988635785245,0.153774113096147,0.11980640116233336,0.01508488457641,0.12634406363219922,0.14126237177084636,0.05777102217780184,0.04195042500127246,0.1024870787582652,0.009476348459399308,0.30985299629367424,0.02850585562449969,0.14920991870144412,0.16144449534280042,-0.06702017888458567,0.007061452824164689,-0.010957490618507568,-0.030265550604533654,-0.005683032801676869,0.11553926808164096,0.0023811176353549235,-0.056582314209432855,-0.07343661072474632,-0.13625628710374474,0.264873193686753,0.07455452370706608,0.2311678396424159,0.12637552807044333,-0.1530235937015598,-0.043780452255028524,-0.06913755049348269,0.08004923259160547,-0.14339547559886542,-0.04308823461365834,0.019062359740325843,0.05095804587330011,0.3273847036558901,0.10837092870991176,0.07628275424885594,0.11804809431928076,0.06399820467617078,-0.019069300425232628,0.09784283513097072,0.17068115881675203,-0.0777925845722456,0.17749552325823512,-0.2301091538379674,0.04657430928617369,0.00847457627118644,-0.05271080016842729,0.29967008611076407,0.12352984725866081,-0.027426347765330816,0.08598583174854361,0.32045743740658994,0.030824507095693537,-0.039309725750403715,-0.28633286599388297,-0.1547744971473785,0.13235330862449507,0.15519140095411282,-0.11623379928464674,-0.10281514179819265,-0.13473535168450423,-0.1922435532605024,-0.01895408505577997,-0.2326110393907004,0.39873957162092755,0.12257295816617851,0.47391227899702476,0.22499386906166569,0.20849724917521528,0.22207045257892716,0.2529449326059496,0.3665852292970937,0.4793653437721234,0.2668008532415312,0.2661211288329932,0.14322103305154152,-0.03264065297963603,-0.0005473886829819033,-0.024794440048677337,0.07770790821638279
#52,0.33799978715232953,0.40810209284785554,0.3025356635526127,0.2663386036267392,0.15276817649699007,0.2833358782511325,0.3391658222166697,0.3114576826441233,0.23517215212130466,0.576780170000509,1.0,0.11280417551603993,-0.04280921908040552,0.5583674583674584,0.10454152149067403,0.06483941568687332,0.4084546796411203,0.2212750500886094,0.13289236848558883,-0.029980057098701166,0.056877524674134844,-0.018604737248805046,0.030365033754864264,0.1600221176492363,0.17094536755553705,0.07898082982828745,0.06030437216877895,0.0068671136467746636,0.03590647658444269,-0.053389599152311014,0.17799710342083225,-0.06288676966643068,-0.027964944914097456,-0.04150159404396692,-0.10949624508946543,-0.02963163471638048,-0.04632768361581921,0.03497827565624176,0.2590300624198929,-0.015202413507498253,0.11081451250942777,-0.00119657407793001,-0.15154754137804985,0.020409315324569563,0.0014580065427523055,0.015521685013210437,-0.10256897884016528,-0.0029798673866470475,-0.18293840836213718,-0.09702105803800719,-0.12142358074561464,-0.15127639195435805,0.09420175182887047,0.09502306620950689,0.14780558678863764,0.10565110565110565,-0.10465812499710805,-0.10160422363812194,-0.10430368735453481,0.10870639514707311,-0.022713160001295595,0.005554861487064877,0.08592105202274694,0.13778231235858354,0.19716357343475988,0.04967309374089035,0.17377439072354325,0.31923402601368706,0.12557781201849,0.06369512810190776,0.053821309753513145,0.26104517460449667,-0.03800904139887191,0.03179388942100807,-0.13615726666574124,-0.022111171263713637,0.039967702679567084,0.025134996321437,0.3923037058630279,0.07993170366051722,0.15633198684046143,0.01783941105975004,0.36092209312548296,-0.0690283503842826,0.1593900526103916,-0.07832285289912408,-0.062457372626864155,0.14216373538407437,0.06808395452463249,-0.12557040862125607,-0.2121883054086444,-0.15205652493788088,-0.22368346775126435,-0.13900572375148645,-0.30872212736619514,0.3206291036799511,0.1188046289741205,0.24365505721437924,0.061816978766131306,0.1356741949962289,-0.004460084121101071,0.02600535820874804,0.20509955255717968,0.23888634397108974,0.1352725606962895,0.11095008722127367,-0.033394411360513056,0.07515234803370396,-0.19231434824655164,-0.07247879620760976,0.021439775677063812
#53,0.06195394161495856,0.03465761601354822,0.10654321501779129,-0.02154990121091816,0.11618984161357043,0.1650642938778532,-0.030085555509284323,0.15389395558887084,-0.008571745859881453,0.19327308818834243,0.11280417551603993,1.0,0.48006357667374616,0.27986461037308497,-0.1649745276863921,-0.3614634665482123,0.18106025902636072,0.05315778027642434,-0.026304270372066983,-0.23330279431974346,-0.052525715237579644,-0.2031964167557388,-0.08539309725750403,-0.02896301540369337,-0.0937034106525632,-0.17589083690778606,0.019330732890054925,0.06257397613329817,0.23215758131012368,0.07618003211223551,0.19294872684703193,0.05435713062831707,0.1827792353216082,0.06292471207725445,0.3922921380548499,0.036338649897971934,0.2890346432719314,-0.040444296376499766,0.11780285678590763,-0.2889717143954432,0.0866007764312849,-0.09054030918437699,0.17753763008000295,-0.007034152796864661,0.14245107973921534,-0.18286761337608795,0.017228630787952823,0.04050861338996932,0.035512245681737206,-0.03398714585155263,-0.03487694165660268,-0.000849077120263561,0.15450982569626637,-0.06759718115650319,0.10976415552686739,-0.16072775394809294,-0.0008384347367398215,-0.30034009356043256,0.16083186422169474,-0.057296279330177634,0.02526455577303035,0.1278372363118126,0.04920112716722886,-0.029073140937547717,0.10794615879361642,-0.06352068555458386,0.1371881897305626,-0.025075769143565754,-0.2105294817159224,-0.16721775704826553,0.13005455378336733,0.05099089844852557,-0.016662733611886155,0.29900285493505835,-0.17955644396322362,-0.022102842441825494,-0.022417024111939365,-0.018941129110620635,0.11506128624772692,-0.12277099904218548,0.0003766478342749529,0.2967610137101663,0.18727772456586017,0.4672755960891554,0.056102944238537455,0.16980755794315117,0.0226890989602854,0.1079382926840554,0.12190896597676258,0.19210612769934804,0.08514832243645803,0.08614222851510987,0.05859002299680266,0.14335660776338743,0.09874373603187163,0.01517788975416094,-0.14414692041810687,0.2126070600646872,0.007960040163429993,0.02097104808969216,0.10390575475321238,0.369476718629261,0.07647107816599343,0.07765192002480138,-0.03790909553621418,0.06717935192511464,0.08009874281060722,-0.026910423520593012,-0.022010299976401672,0.11064006996210386,0.1364830161440331
#54,0.10295719448261821,0.12489346048668083,0.022795060083195675,-0.023478948902677717,0.09049264981468372,0.10795124862921474,0.045375421646608086,0.0987307800867123,-0.13323986544325528,0.12259609378253446,-0.04280921908040552,0.48006357667374616,1.0,0.03372941508534729,-0.10857220857220858,-0.26223712155915546,0.18687794111522926,0.061585622602571756,-0.016642374269492912,-0.18546111596959056,0.0958008856313941,-0.19910742792098723,-0.01274356020118732,-0.16383949434796893,-0.1167899795018439,-0.17940559974458278,0.1292110292110292,0.22693263371229472,0.3254598203750746,0.08292961682792191,0.08134945423081016,0.28580953835191125,0.08981708981708982,0.141350287112999,0.5462110801093852,0.04261349176603414,0.3876205944002554,-0.19518362738701722,-0.04112124451107502,-0.37445457784440833,-0.08533710906592262,-0.09509386119555611,0.2725616217141641,-0.018758820453735708,0.12600859719503787,-0.23353229963399455,0.06985059018957324,0.13990338566609753,0.0712516831160899,0.12057820532396804,0.10395295141057853,0.10398117686253279,0.11536019841104588,-0.03923337821642906,0.03589444606393759,-0.05161972450108043,-0.006658893099571066,-0.2621718791210317,-0.10209145971857836,-0.24786388854185465,-0.026225609276456733,0.007565346548397396,-0.005510903815988562,0.050026605958809346,0.10380904787684449,0.017320247828722404,0.12962191775751097,-0.1062021960327045,-0.06110810348098484,0.006039784005885701,0.1613440867678156,0.0507738863671067,-0.07033736355770254,0.33195259974920993,-0.15723797757696062,-0.07383222976443315,-0.08202686507771254,-0.014353336387234692,-0.002712419661572204,-0.3252964829236016,-0.05262843737420009,0.284817945834895,0.19733986683139226,0.2547351665995734,-0.12218150353743575,0.08069240272630103,-0.046382283670419265,0.053633448548702785,0.008460232189045748,0.005191169597949259,0.08284308962275064,0.10372575965796305,0.11053179527755799,0.047568678077152655,0.1398635924059653,0.004409648477445087,-0.1650883549188634,0.07352174979293623,0.10665287783931851,0.004261580532766974,0.24136555661979392,0.50957583160973,0.1472767065987405,0.07959762536033722,-0.030549655973384788,-0.022381857975078315,0.13308763308763308,-0.08733602631907716,0.11295825872097058,-0.014271899017661729,0.015708620793366556
#58,0.21548281717773243,0.28846226812328507,0.11217257318952234,0.10259674157979243,0.01805410957953331,0.12462786361091446,0.2871648227580431,0.25247204060763384,0.24376518274823358,0.3600003701698617,0.5583674583674584,0.27986461037308497,0.03372941508534729,1.0,0.0319327031191438,-0.06597676258693208,0.18467450501348806,0.202668924702823,-0.010865410865410865,-0.07535640416996349,-0.007803643396863736,0.027855282092570228,-0.08952049121540646,0.10476963866794375,0.07466002211764923,-0.0018661188152713577,0.06279607805031534,0.06631685614736463,-0.014930338659152219,0.027521203792390234,0.06523919913750423,0.025446864429915277,0.0464461379715617,0.060934123645988054,0.021122817732987225,0.1035841696858646,0.0677813406626966,0.06743014200641319,0.1545181545181545,-0.03358366070230477,0.16430914735999483,0.04117908355196491,-0.18409472646760783,0.06210571125825363,0.03893909317638131,-0.05735458108339464,0.005852848225729582,0.048806896264523385,-0.14318031436675505,-0.11083533456414812,-0.03236580185732728,-0.13109380567007686,0.135204541984203,0.05820134464202261,0.11169736762957103,0.03315518908739248,-0.20376879190438513,-0.041045359689427484,-0.026285299166655098,0.12376259155920173,-0.05359874512416885,0.05737123872717093,0.15272792052453069,0.1389048524641745,0.216596103036781,0.10977572333504537,0.3761439405507202,0.3176705210603516,-0.0019637511162934893,-0.009110343008648093,0.1315500400246163,0.25934979663793223,0.004387900998070489,0.034677512643614336,-0.24819842955436175,-0.10252409574443473,-0.06625438998320354,-0.050318114724894385,0.21132257064460455,0.10934586358315172,0.08736934160662974,0.08522790895672251,0.3079225604649333,0.29249156706783824,0.047122160681482714,0.012049954422835778,-0.14564795920728124,0.20176617295261362,0.08199910233808538,-0.03237783237783238,-0.07954302530573718,-0.07826825284452403,-0.17407931814711475,-0.14574281523434066,-0.17164082418319707,0.05717967582374362,0.1505369776556217,0.16914078947977254,0.006856471263250924,0.15967230712993424,0.03468306519153977,-0.014866947070336901,0.16738849789697247,0.12049028998181541,0.2741834284207166,0.14441899526645288,0.0607948472355252,-0.02238926137231222,-0.17913259947158253,-0.03115395827260234,0.06912968438392167
#101,-0.23720345923735756,-0.10874989010582231,-0.27708000758848217,-0.18842293757547995,-0.30695780526289,-0.13999777898082982,0.15598957971839328,0.05966768000666306,0.16038118241508073,0.1086480933938561,0.10454152149067403,-0.1649745276863921,-0.10857220857220858,0.0319327031191438,1.0,0.26583748617646924,0.1306153611238357,-0.24037627766441325,0.3538999708491234,0.0024505244844227896,0.5481452176367431,-0.033958920399598365,0.14503810436013825,-0.1527496680039053,0.19035059713025815,-0.1763271746322594,-0.0811953710258795,-0.518565869413327,0.18279265397909467,-0.17627488813929493,-0.33550067787355925,-0.24881800136037424,-0.3803208447276244,-0.2793912556624421,-0.14410620173332037,-0.07293225428818649,0.11496920649463023,0.04308684647667699,0.18746697390765188,0.32269835320682777,0.00682778309896954,0.10867354257184765,0.06151482761652253,0.25708435708435706,0.11628469764062985,0.3630658393370258,-0.20996497267683709,-0.49402221944594826,-0.24728827440691847,-0.38451995909623027,-0.28173628173628174,-0.4442686137601392,-0.3069143103041408,0.019973903024750484,0.11867506952252715,0.13305154152611778,0.048065631116478574,-0.016904269446642327,-0.2904334226368125,-0.24179819264565028,8.236279422720101e-05,0.00014112725977132756,0.2581745073270497,0.26312738007653264,-0.13322274508715187,-0.24007875363807568,0.1510959341467816,-0.08321881203237136,0.5751472581981056,0.3237783237783238,0.11187273560154916,0.14198142672718944,0.36660327507785134,-0.19879046997691066,0.4062827079776232,-0.03168885372275203,0.36847031931777696,0.09867155290884104,0.18445425394577936,-0.17652660364524772,0.03506434014908591,-0.3228343906310008,-0.0022770073617531246,0.030381228686313433,-0.1382316060282162,-0.17386415691500437,-0.2030293776056488,-0.0376189749071105,-0.1427213037382529,-0.04621894621894622,-0.2629205476663104,-0.13355450982569628,-0.3127454110504958,-0.13772493603002078,-0.38327433751162565,0.29950674865929106,-0.11940384143773974,-0.23487416538263997,-0.3293484547721836,-0.16050333846944018,-0.29499160177126277,-0.15663321256541596,-0.14106803259345632,-0.3435634401736097,-0.21615698903834496,-0.2529301258114817,-0.37274716935733887,0.07843251572065131,0.006158238361628192,-0.08998968151510524,-0.11259873124279904
#102,0.18307352036165594,0.05961816978766131,-0.1087739511468325,0.19185626304270373,-0.15591369489674575,-0.03992050602220094,0.16815937663395292,-0.0817742241471055,0.17657981556286642,0.015624407149830878,0.06483941568687332,-0.3614634665482123,-0.26223712155915546,-0.06597676258693208,0.26583748617646924,1.0,-0.2327489276641819,-0.17397705872282143,0.0272782798206527,0.6017916221306052,0.05969405460930885,0.6832280662789137,-0.05070864392898291,0.18335253589490877,0.17644053915240357,0.3170093051448984,-0.11929417861621251,-0.028784871157752513,-0.3609840965773169,-0.06938139988987446,-0.40912561251544305,-0.11468972824905029,-0.13943650892803436,-0.06037701800413665,-0.2992952891257976,-0.17650346802889175,-0.41438156183918895,0.06529009749348733,-0.2597167275133377,0.28233456877524676,-0.11101347881008898,0.08011956486532758,-0.16699241614495852,0.23166201640777911,0.014630038358851918,0.5530041597838208,0.05425302035471527,0.032331098432793345,-0.16161014635590906,0.071900868511038,0.14274258850530036,-0.08115002521782183,-0.04500987890818399,-0.10997561506036083,-0.3335859742639404,0.10160422363812194,-0.35765534409602207,0.42102148373334813,-0.21470268419420963,0.10829550660059134,-0.18830957305533577,-0.28650406955491703,0.12461259410411953,0.2500779670271196,-0.24888093023686245,0.029348917484510705,-0.0023991634161125686,0.01612737544940935,0.35637316823757503,0.4340403577691713,-0.27534761263574825,0.012212366449654585,-0.13517076398432332,-0.2521333351841826,-0.0547333157502649,-0.05390829967101154,-0.12420818353021743,-0.3378688395637548,-0.1462911293419768,0.2819796684203464,-0.0658199031080387,-0.25879361642073506,-0.11878519505638149,-0.2512615851598902,0.18046474826135844,-0.3281042213245603,-0.20862310692819167,-0.023937496818852752,0.00857822383246112,-0.09729961085893289,-0.07178056330598703,-0.33307699070410934,-0.0960165095758316,-0.23166988251734014,-0.304417051874679,-0.0955510209747498,0.10658856082584896,-0.25675907031839235,0.020618924008754518,0.09382047687132433,-0.3306033306033306,-0.43894695928594235,-0.022366588468283384,-0.06202473660100779,0.030669961178435755,0.1110551229195297,-0.17139743749913242,-0.10782585358856546,-0.004225488971251683,-0.15156419902182613,-0.24235067116423048
#201,0.319470934725172,0.3316814503255181,0.5310304140812615,0.32803250091385683,0.42043337636557976,0.34274906647788006,0.46870075005668227,0.11301563504953335,0.09386998709032607,0.6995099876455808,0.4084546796411203,0.18106025902636072,0.18687794111522926,0.18467450501348806,0.1306153611238357,-0.2327489276641819,1.0,0.4573777166997506,0.3118398830263237,-0.4038432885890513,0.13913296964144423,-0.4031094268382404,0.14002739256976546,-0.08866262256092765,0.09198535978196995,-0.07112952706173045,0.2694739423552983,0.1328650684582888,0.43860270131456575,0.14230810163013552,0.30431201617642295,0.01246408195560738,0.13855504194487245,0.12294960600045346,0.13041176769990329,0.04937371886524429,0.2267813267813268,-0.0842104045493876,0.39365621399519707,-0.009321802542141525,0.14963607675472082,0.04026568941823179,-0.06594437272403374,-0.2209553158705701,-0.017279529143935924,-0.12193025074381006,-0.10922278210413804,0.009885848868899717,-0.056612853223022716,-0.12694697779443542,-0.290567609211677,-0.1897564745022372,0.18301568132076607,0.14822156517071772,0.41627127898314337,0.054161403313945686,0.11328678447322515,-0.2832197374570256,0.07598523022251835,-0.10635859279927076,-0.14875507248388603,0.009636446924582518,-0.12829161981704354,-0.09228889906856008,0.43682958767704533,0.1542733796971085,-0.03173836394175377,0.060574596167816505,0.10621792825182656,0.008505577997103421,0.28336271556610537,0.28075625702744345,0.0758311470175877,0.184845245862195,-0.20258748733325005,0.03583151718744939,0.06565332667027582,0.12249198350893266,0.4812657032996016,0.06718259091140447,-0.11718744939083922,0.036680131595385836,0.13100265134163439,-0.05525525525525526,-0.23231906791228826,-0.27049052133797896,-0.14330524669507722,0.10459658425760121,0.052986576715390275,-0.2468075162990417,-0.16094430331718468,-0.14267271894390537,-0.2558225405683033,0.11876483571398826,-0.12029826436606098,0.6364885686919585,-0.03506942998468422,0.5608762846050982,0.11764831086864985,0.13121457358745495,0.22518682010207433,0.49413234497980263,0.36500923111092604,0.4064478962784048,0.22542234067657796,0.1517909280621145,0.1635197601299296,-0.0653086059865721,-0.05254329830601017,0.1462212597805818,0.2258179597162648
