,#10,#11,#12,#13,#17,#18,#26,#49,#50,#51,#52,#53,#54,#58,#101,#102,#201,#202,#301,#302,#401,#402,#501,#502,#601,#602,#701,#702,#801,#802,#901,#902,#1001,#1002,#1101,#1102,#1201,#1202,#1301,#1302,#1401,#1402,#1501,#1502,#1601,#1602,#1701,#1702,#1801,#1802,#1901,#1902,#2001,#2002,#2101,#2102,#2201,#2202,#2301,#2302,#2401,#2402,#2501,#2502,#2601,#2602,#2701,#2702,#2801,#2802,#2901,#2902,#3001,#3002,#3101,#3102,#3201,#3202,#3301,#3302,#3401,#3402,#3455,#3501,#3502,#3601,#3602,#3701,#3702,#3801,#3802,#3901,#3902,#4001,#4002,#4101,#4102,#4201,#4202,#4301,#4302,#4401,#4402,#4501,#4502,#4601,#4602,#4701,#4702,#4801,#4802
#10,1.0,0.221083024472855,0.49821578126662874,0.47424774543418613,0.29561302442658377,0.502676790812384,0.10598564666361276,0.5633976040755702,-0.20777495523258235,0.3949971543191882,0.27736503838198756,0.2006006006006006,0.20033824271112408,-0.07142011040316125,-0.454861949777204,-0.34859543673102994,0.49068051101949406,0.3280255602289501,-0.20088331783247038,-0.10939907550077041,-0.3445036716223157,-0.23538453707945234,-0.13532160820296413,-0.10582832447239227,-0.21751458700611243,0.027386091792871454,0.1049524100371558,0.3516891313501483,0.14529213342772665,0.35546995377503854,0.3224267410708089,-0.07153440034795967,0.12962747030543642,-0.03664635359550614,0.020277442311340616,0.3003942309027055,-0.02383523739455943,0.10212708856776653,-0.08527371747710731,0.0790132196911858,0.10060615314852603,0.18622690487097265,-0.12129494671867554,-0.14395859650096937,-0.2851256495324292,-0.1437142843922505,0.35704687738586044,0.4075431363566957,-0.05882646899596052,0.0473350083519575,-0.01114257554935521,0.09012710707625962,-0.25286951049662915,0.02506836574633185,-0.318352096318198,-0.025097516622940352,-0.2987867682782937,-0.3157377716699751,-0.28814299661757287,-0.15411050495796258,-0.05622787656685962,-0.04187777916591476,0.07428892683129971,-0.007535732959461773,0.38922389261372314,0.17639889504296283,-0.009483289144306094,-0.1465206346562279,-0.16244534210635905,-0.151272227543414,0.11499326753564042,-0.02293248564435005,0.01179546264292027,0.3592031168302355,0.025541257744647574,0.02430072599564125,-0.06172119731441765,-0.18549072955852616,-0.14829050930745846,0.2396627752559956,-0.18539864980542947,0.12498600295210464,0.06129874095975791,0.04942924434449858,0.2575216202334846,0.06354289574628558,-0.0960382570552062,0.053086522578048,0.13657185691083995,0.04347367398214856,-0.07737336720387568,-0.16066019794833356,0.006939759482132364,-0.09982000490475067,-0.2826607809658657,0.010936668563787208,0.09647690834131512,0.3353257726139082,0.3951567900720443,0.28299300841673725,0.29515493922273583,0.4563046868131614,-0.01152616406853695,0.07834830207711564,0.05659943456553626,0.023985618900873137,0.11128231467214518,-0.08649157632208479,-0.046113447808363066,-0.07971885599004243,-0.22217224929089335
#11,0.221083024472855,1.0,0.2086698408732307,0.2849387137522731,-0.047097636928145406,-0.01914148354826321,0.22757487842233606,0.022833465206346562,0.36448405261964584,0.252721442551951,0.19730331255754985,-0.05690898911237894,0.04013983166525539,0.18875192604006163,0.017426671663959798,0.18382450246857027,0.22272704137110916,0.06315699366546824,0.17891466196550943,0.2039668327803921,0.036810616471633424,0.1271695424237797,0.07175603955264973,0.09507350185316286,-0.12973898397627212,0.23971691259826852,0.026749862343082683,0.0013423284609725289,0.06252492862662354,-0.023974976517349398,0.015724353012488607,0.04197217248064706,0.0005779276965717644,0.03879241336868455,-0.01644710966744865,-0.01574933947815304,-0.05071234562759987,0.09271320627252831,0.01946677031422794,-0.01331824891146925,-0.01463512819445023,0.014441714441714442,-0.15922255074797448,-0.038733648903140426,-0.11652900974934874,-0.030431201617642296,-0.08704220399135654,-0.07073529615902498,-0.07363094990213634,-0.019340449848924426,0.12155267748488087,0.11230490891507841,0.0706487689538537,-0.02272472780947357,-0.019822596093782535,0.17303728998644252,-0.13297982111541434,-0.11227483261381567,-0.09152125931786949,-0.050169121355562035,-0.19362752583091566,-0.18093810297200127,-0.08578825358486375,0.23422960711096305,0.10680233392097799,0.13971321089965158,0.2255588408130781,0.10691569844112217,0.19813526932171,0.4098534590060014,0.3175553056908989,0.4049602761467168,0.03342495037410292,0.21634670109246382,-0.08069749256189934,-0.1847360457529949,-0.1214369994031011,-0.04989056853463633,0.26480887667328346,0.3575174558225406,-0.09746803814600424,-0.06194931449168737,0.006342860580148716,-0.05090483395568141,-0.17840752925498687,-0.21819801311326736,-0.2710647473359338,-0.09570973130295164,-0.0928584979432437,-0.18682056478666648,-0.054597741038419,-0.2059310466090127,-0.07080424029576572,-0.25627923763516985,-0.2432779466677772,0.1958735314667518,0.277514494463647,0.06569450806738943,0.12365755586094569,0.0779406525169237,0.08633934396646262,0.0068014084963237504,0.05444458325814258,0.09125149803115905,0.11560034610882068,0.1403989505684421,-0.018049945168589238,-0.2517668670211043,-0.24524030964708932,-0.14774959859705622,-0.17522360573208032
#12,0.49821578126662874,0.2086698408732307,1.0,0.4773312603821078,0.05771410856156619,0.4453305385508775,0.26431978974351855,0.1810426759579302,-0.09739585502297367,0.40272954001767564,0.2890133585048839,-0.21048783760648168,-0.08432885890513009,0.09176279515262566,-0.36640754776347995,-0.09588000943933148,0.705644627678526,0.8532054396461176,-0.4444407427458275,-0.2124256768324565,-0.3423094897671169,-0.12564906971686632,0.16325555139114462,-0.0027711841271163304,-0.22654071637122486,-0.06003507359439563,0.29923189753698226,0.4753059685263075,-0.05830082779235322,-0.060832789646348966,0.2828430896227506,0.03990893821402296,0.4991407432085398,0.16726356556865032,-0.1594876849114137,-0.08315310688192044,-0.27553639926521284,-0.15057399464179125,-0.23721086263459146,-0.14140072275665497,-0.027225067903034004,-0.15369591471286387,-0.22333874706756063,-0.19533632245496652,-0.3595672714316782,-0.1694549711498864,0.5289861510200493,0.5395003632291768,0.14688478925767062,0.15815368527232934,0.22391667476413238,0.3459186459186459,-0.016704377721326873,0.1559197101569983,-0.43746951882545104,-0.00874942739349519,-0.31610053813443645,-0.31611719577821273,-0.4532193210159312,-0.2999444745207457,-0.14499738567535178,-0.024286844625827676,-0.1818565869413327,-0.031016995423775083,0.5064317013469556,0.21053318341453936,0.12404808506503422,0.001321969118579288,-0.11465687567382482,-0.07877075843177538,0.3789359467325569,0.3019433917739002,0.09965805559025898,0.3813027202857711,-0.12448904991277873,0.12278071600105499,0.05546578936409445,-0.019847119847119846,-0.10082038895598218,0.1636132280200077,-0.21140678428814022,-0.004077421026573569,0.10894746826950216,-0.2444939546634462,0.06485468519366824,-0.21266628724255843,-0.1807081349454231,0.01933628543798035,-0.1000703322737221,0.03421850201511219,-0.21101486694707033,-0.35706446045429097,-0.21108612464544668,-0.21957088058782975,-0.47171069374459207,0.44091718837481547,0.45453527487425793,0.7304140812615388,0.7240587274485579,0.48329192058005616,0.6250137656917318,0.6702744346812144,0.4055627275966259,0.5240064409555935,0.5503514300124469,0.48178764280459196,0.5584220584220584,-0.034311044480536006,-0.028332801214157148,-0.18829707982250354,-0.3421757659045795
#13,0.47424774543418613,0.2849387137522731,0.4773312603821078,1.0,-0.03300249401944317,0.30916031593997695,0.20060846671016164,0.22028206943461182,0.08543381594229052,0.5465604279163602,0.2391130730113781,0.10218724117029201,0.10050296829957847,0.11997482844940473,-0.08300503893724233,-0.16933744221879815,0.41396465803245464,0.33873966416339296,-0.10114104859867572,-0.1409875206485376,-0.25268026115483744,-0.1070350782215189,-0.042998468422197234,-0.07195917026425501,0.00685369498928821,0.28724811097692454,-0.03275216665047174,0.1102194644567526,0.0652364228635415,0.17060805026906722,0.017615921005751514,-0.005724676911117589,0.15722548434412842,0.057017263796924816,0.15868626716084344,0.1431400583942957,-0.007144741043046128,0.16324861070623783,-0.15058139803902515,0.14065668133464743,0.20712808339926983,0.20164355418592705,-0.16769758973148804,-0.174119111407247,-0.34468227858058365,-0.2740075977364113,0.18417801468648926,0.26260914227015925,-0.09092297227890449,-0.06625716625716625,-0.0627271339135746,-0.08244561973375533,-0.2325721715552224,-0.19468528621070993,-0.06445212546907463,0.09282610808034537,-0.13090178005432243,-0.11983740288825034,-0.19664487291605937,-0.20080234317522452,-0.11983786560057746,-0.025540332319993336,-0.05407718967041001,-0.05098488318827302,0.22700204056136258,-0.03267813267813268,0.15470277673667504,0.15282138841460877,0.07816414257092223,-0.0007699533123261936,0.25983240559511744,0.039539231064654796,0.016056580463360125,0.21234007505193947,0.08640782539087624,0.1044485163129231,0.09658472031353388,0.0009818755581467446,0.11717680700731548,0.34890267771623706,-0.004265744943711045,0.08826052554866114,-0.11281250433792807,0.10348422382320688,-0.00929912963811269,-0.06505087522036675,-0.11309522156979784,0.07954163716875581,0.09525997492099186,0.12291120087730258,-0.07788049991439822,-0.03042333550808127,-0.23584863754355279,-0.18054942461722123,-0.21000754221093204,0.0221926086332866,0.0947496032241795,0.3486250503199656,0.3785801209530023,0.23759121216748336,0.17210955177056872,0.20575058880143626,0.1869033902932208,0.228580815021493,0.32649999768643834,0.2079045146841757,0.14378415395364547,-0.06579214036841155,0.03680552663603511,-0.17057057057057057,-0.2564356344017361
#17,0.29561302442658377,-0.047097636928145406,0.05771410856156619,-0.03300249401944317,1.0,0.431164137943799,-0.08152944932605949,0.15795842067028507,-0.24629251747895817,0.04627863610914458,0.18235261455600438,0.43942447840752924,0.33181748774969116,-0.07696109052041256,-0.21992624365505722,-0.2804564194394703,0.1653932823424349,-0.020319549133108454,-0.15686549415362974,-0.19783635715839107,-0.10375398510991732,-0.2378586598925582,0.038356075644211236,0.03642193811685337,0.08787508618017092,-0.07077832840544705,0.18120184899845918,0.12967883137374664,0.22948541762101085,0.31810500793551644,0.19954793005640464,0.107979474081169,0.025914666592632696,0.07137939171837476,0.2450200585793806,0.2311146277247972,0.1590411675157438,-0.05741797267220996,0.13861565725972505,0.16545019595867053,0.15874688247569604,0.25069059814822525,0.10122850122850123,0.03291457867729054,0.027188050916864475,-0.018702832262154297,0.14170287390626374,0.12422021405072252,0.10034518339603085,0.062441640407742104,0.023864388271167932,-0.06290250188555273,0.00880125117413253,-0.0523720947449761,0.050434718231328404,-0.06355677711609915,0.14035962002063698,-0.01896426472697659,0.0751504971843955,0.15431548651887636,-0.021627174169547052,0.034255056288954595,-0.013363132007199803,0.14326730428425344,0.018812957796008643,0.18885834987529904,-0.09213065145268536,-0.34461703614245986,-0.3627683153106882,-0.2270163846435033,-0.288399801959124,-0.20824275739529977,-0.07411355885932157,0.12272010068620239,-0.21171309984869308,-0.008382033805762619,-0.18750399089382142,-0.02050509677628322,-0.09785162666518599,-0.06902788767195547,0.049068791441672796,0.4171795832812782,0.11968285697099257,0.13169949610627577,0.3988806988806989,0.0009605907910992657,-0.008913227557295353,0.08962969132460658,0.1517719568567026,0.2521333351841826,0.21005335073131684,0.183365029127741,0.2864582610345322,-0.008187231916045475,0.0443657833488342,-0.06946006098548471,0.023529847258660818,0.03591434269400371,-0.03242317818589005,0.11743962760911913,0.006533035346594668,0.18038284817945835,-0.057810352725606966,-0.06545019595867053,-0.12611178204398543,-0.0997797489322913,-0.04101065626489355,-0.13081108843820707,-0.041636706043485704,0.021318082335031487,0.0779744305168034
#18,0.502676790812384,-0.01914148354826321,0.4453305385508775,0.30916031593997695,0.431164137943799,1.0,-0.02357704391602697,0.32650878922065363,-0.16184751777972117,0.23865868950614713,0.2115858539587353,0.3935368342148003,0.49710573439387,0.1386628539170912,-0.4699348038331089,-0.36915050643864206,0.428394341953664,0.33621001587103283,-0.4115326420411166,-0.2403212148974861,-0.43516104702545383,-0.25170949069254156,-0.03530124886057089,-0.09386674810403624,-0.18680298171823595,-0.0883586205620104,0.06895894353521473,0.2614898411508581,0.2209960345553566,0.5017009305144898,0.32555097470351707,0.1782987918581139,0.3559155457460542,0.24967725815183442,0.20853056446276785,0.21129573332963164,0.16594668628566933,0.07312705617790363,-0.07197536519570417,0.12842303011794537,0.19657870505328132,0.2897851626665186,0.1814905814905815,0.008404706709791456,-0.15713479272801306,-0.11806058755211297,0.4884733732191359,0.42247393772817504,-0.03392653053670003,-0.021433297704484145,0.02046669165313233,0.024203556406946238,-0.1489864286474456,-0.007610229644127949,-0.2635313279381076,-0.050198272232170535,-0.22839573009064534,-0.3116015861778574,-0.15863398066787898,-0.1365727823354942,-0.09151478134528981,-0.07169496152547,-0.05304719203024288,-0.01689223892613723,0.2409315324569562,0.09499484075755263,0.14152704322195847,-0.14088433579959003,-0.3492686831669882,-0.2608628659476117,0.07485158502107654,-0.030219742084148862,0.15007565346548396,0.2622477639426792,0.012574207489461727,0.09070688562213985,-0.03464651091769736,-0.14149742963302286,-0.2259216072775395,0.09941466890619433,0.17266203028914892,0.5169982000490475,-0.021319470472012846,0.26188407205356357,0.44471790742977185,0.05967971052716815,-0.16453541368795607,0.25373431983601474,0.25457923254533427,0.36400653349805895,0.1367421350472198,0.04788841229519196,0.05696960442723155,-0.07670706145282416,-0.28270011151367086,-0.020603191789632467,0.10526797984425103,0.36346238380136686,0.2873258466478805,0.3981542405271219,0.267806327128361,0.44309332444925664,0.16937908632823886,0.14695882323000967,0.17358236510778885,0.14289898527186662,0.17219237727712303,-0.10905805651568364,-0.12172341833358782,-0.14793468352790387,-0.17717486361554158
#26,0.10598564666361276,0.22757487842233606,0.26431978974351855,0.20060846671016164,-0.08152944932605949,-0.02357704391602697,1.0,0.1277553362299125,0.18709356505966676,0.30989834210173195,0.14446572921149192,-0.10319641675573879,0.031437600929126355,0.28647815766459833,-0.042074894617267496,-0.20144458788526584,0.23584030872166464,0.18398182465979077,0.007810584081770522,-0.09066848049898897,-0.02097474978830911,-0.04031381150025218,0.12078457502186316,-0.18628428119953544,0.0033949203440728866,-0.021516585923365583,0.07086207933665561,0.06902603682264699,0.010824229468297265,-0.14793699708953947,0.1192599379040057,-0.0900054137342273,0.17065802320039608,0.08891803976549739,0.03430040209701227,-0.03851432326008597,0.04862643845694693,0.0012886538310267124,0.13886274564240667,-0.0692925591230676,-0.0024315532790109063,-0.17311548836972565,-0.12177709296353365,-0.09812416422585914,0.12757395299768182,0.0794564981005659,-0.046681658546065326,-0.014321871948990593,0.09034180559604288,0.08683722243044277,0.11502519468621164,0.12924758348487161,0.1424936492733103,0.07157558174507327,-0.10388076828754794,-0.12746290203917324,-0.02539966777254913,-0.10893728859830555,0.024257231036892053,0.1513360818445564,-0.14594131882267475,-0.11975272653238755,-0.013096609706779198,-0.09367379706362758,0.1038118241508072,0.0976993943095638,0.1741917572426047,0.3778481100514999,0.06424390492187103,-0.13005224022173176,0.16982699186089018,-0.020165928640504913,-0.025776778319151202,0.005103716968123748,-0.12209220005830175,-0.1436129503926114,-0.02467783654224332,-0.062160774025180804,0.09942484857739095,0.029177713923476636,-0.10201881388322066,-0.17506628354085982,-0.0548059615856226,-0.07998861727675287,-0.11470731131748081,-0.1376888444685055,-0.1279755872976212,-0.07599448446906074,-0.2502135417389655,-0.07895676878727727,-0.09710897338015982,-0.12171508951169968,-0.03240698325444088,0.02073321395355294,-0.09503139503139503,0.2799562274138545,0.02525761508812356,0.12013770318855065,0.0334948199354979,0.05050273694341491,0.20213032755405635,0.21818366903112665,0.11976938417616384,0.13326207563495698,0.11623194843533827,0.1219163693739965,0.2188819019327494,-0.11389756474502237,-0.07493348510297664,-0.0508391288052305,-0.05271866627798831
#49,0.5633976040755702,0.022833465206346562,0.1810426759579302,0.22028206943461182,0.15795842067028507,0.32650878922065363,0.1277553362299125,1.0,0.15273948833270867,0.21251405488693625,0.10788461805410958,0.33659776880115866,0.3142774515655872,0.09422720100686202,-0.32072858683028177,-0.3282851418444639,0.200559419203487,-0.010216225470462758,0.021966805017652476,0.03716783038816937,-0.056313478347376655,-0.1073090039191734,-0.16989871227159362,-0.09812185066422355,-0.17590564370225387,-0.1292082529370665,0.0679895612099002,0.12373205254561187,0.1456035388238778,0.16099936608411183,0.09452241147156401,-0.20642985049764712,-0.10556874285687845,-0.18085342661613849,-0.13934119018864782,0.042928136148475134,-0.007937367259401158,0.0816775172707376,-0.05220690644419458,0.006204972306667222,0.005615939514244599,0.03494218409472647,-0.10576354474659559,-0.0866077171161917,-0.17272033204236595,0.016974601720364434,0.15160075329566855,0.13836625531540786,-0.25764979154809664,-0.06798215781266628,-0.1045817774631334,-0.022790895672251604,-0.21585622602571755,-0.007188236001795324,-0.14875738604552163,-0.06566581990310803,-0.19899406340084305,-0.1750972852667768,-0.36430961007232193,-0.14673348232670266,0.12937899378577344,0.061345937617124056,0.06642466811958338,-0.25459311391514783,0.19258642309489768,0.09813712017101847,0.008489845777981371,0.11730914273287155,0.016671987858428536,-0.2012983707898962,0.10033731728646983,-0.22568562399070874,0.15691315352332302,0.2629769985702189,0.1233771521907115,-0.023226770684397803,-0.0037549105345715517,-0.14188888426176563,-0.15065126760042014,0.04397016430914736,-0.04234511861630506,0.04360230800908767,0.07978548656514758,0.3428402208063225,0.1964278608346405,0.24758394758394758,0.012288251271302118,0.08507104947782913,0.009491155253867118,0.0062392130188740355,-0.07762508270982847,-0.23956468024264635,-0.012986484172924851,-0.16862764150899745,-0.24968558697372256,-0.20702582397497651,-0.1512194783381224,0.08480545260206278,0.12667073853514532,-0.04296052601137347,0.08299347112906436,0.20519718485820182,-0.16642698168121897,-0.14413303904829328,-0.061502797096017435,-0.1783015681320766,-0.07591536066112338,0.040746447526108544,0.09164480350921028,-0.0011771401601910077,-0.17330334957453603
#50,-0.20777495523258235,0.36448405261964584,-0.09739585502297367,0.08543381594229052,-0.24629251747895817,-0.16184751777972117,0.18709356505966676,0.15273948833270867,1.0,0.09176742227589685,-0.14537958605755216,0.06905796397321821,0.17310808497249175,0.42421373607814283,0.20367810028826977,0.1202237676813948,-0.10517173568021025,-0.2529657546606699,0.25342013816590087,0.27327928853352584,0.24864309610072322,0.2651267600420143,-0.015818746327220905,0.08029261927567012,-0.002937760564879209,0.08580491122864005,-0.21279029414622636,-0.28777745387914877,-0.06603645247713044,-0.3157437869302276,-0.31990542160033686,-0.09861140030631556,-0.21264268891387536,-0.09236709745184321,-0.20244497193649735,-0.18128559992966772,-0.04856582314209433,0.09753790770739923,-0.09994031010980163,-0.049633763193085226,-0.03377846259202191,-0.07413391820171482,-0.18564712632509242,-0.1320349625434371,-0.034618285465743096,0.09278446397090465,-0.22732501376569172,-0.33097257504037164,-0.35085717458598814,-0.22926470384097503,-0.06372057727989931,-0.09782895376115715,0.1060083195676416,-0.1082265624638506,0.12910275452648334,0.07255421831693018,-0.01990773516197245,0.14622172249290893,-0.04992110754822619,-0.08662391204764086,-0.020118269270811645,-0.045128795976253605,-0.006436791182553895,-0.08222629409070087,-0.20796004016343,-0.07725491284813318,0.2732186732186732,0.4312835177241957,0.45207410800631137,0.26667545820088195,0.31595154476510406,0.06689200756997367,0.20999088456715576,0.09326383394180005,0.13749589342809682,-0.14518108246921807,0.02568978840165281,-0.016762216762216762,0.17187356848373797,0.07507877677369203,0.22083593609017338,-0.10244173295020753,-0.07976003738715604,0.34944358842663925,-0.14700046733945038,0.07878232623995336,-0.06514989565837023,-0.05188717222615528,-0.225989625989626,-0.1656431469990792,-0.1642309489767117,-0.10931116015861779,-0.09975615060360823,-0.14567248296061855,-0.06478389020761902,-0.03959799553019892,-0.05655732774376842,-0.08756877061961808,-0.1719637973875262,-0.22958304992203296,-0.2161717958328128,-0.2738502755451908,0.022270344304242608,-0.005477588528435986,0.11486602164568266,-0.045072807784672195,-0.24575577117949998,-0.08192506836574633,0.07745619271043,-0.04244136278034583,-0.0013636132280200077
#51,0.3949971543191882,0.252721442551951,0.40272954001767564,0.5465604279163602,0.04627863610914458,0.23865868950614713,0.30989834210173195,0.21251405488693625,0.09176742227589685,1.0,0.5268164929181879,0.01742019369138013,0.1145981112082807,0.2823863925558841,-0.03738530518191535,-0.17331352924573262,0.5519852672395045,0.23549049820236262,-0.16893118079558758,-0.17549290430646364,-0.13781100052286493,-0.14018008763771475,0.05719725889217415,-0.029159205430391872,-0.04039247259586243,0.11491738271399288,0.06111874586450858,0.09336377980445777,0.010578991934924138,0.14968697511070392,0.03218488133742371,0.07365362280616518,0.16791043740196282,0.055568048788387774,0.11721474941813925,0.013627340745984814,0.08145402721673908,0.08329006973074769,0.03933008509279696,0.07466835093953739,0.17249776741302164,0.15020151121846037,0.06887426717935193,0.03529986072358954,-0.09644544390307103,-0.10019341375273579,0.1289199831572713,0.21316509113119284,-0.0770952770952771,0.04004867733681293,0.06641726472234946,0.018408547222106546,-0.03227696109052041,-0.030817103698459632,-0.06508326508326508,-0.0980505929658472,-0.13454286335642268,-0.2281236552422993,-0.23962251928353623,-0.2029738521263945,-0.24558503033079304,-0.17254912848133186,-0.041042583415464774,-0.12731298324518664,0.14655163638214486,0.00895672251604455,0.20534155110426297,0.06220519440858424,-0.0598018665815276,-0.06291083070744087,0.14467302433404128,0.001204440187491035,0.009625341828731659,0.21161130313672685,-0.05543293678886899,0.030826357945002013,0.026353780591068725,-0.0638316282384079,0.007172041070346155,0.16455484760569505,-0.07079591147387758,0.18539587353146675,-0.12329756567044703,-0.058954177598245394,-0.11691352369318471,-0.1419925318230403,-0.23595182239250037,0.18457964898642865,0.09963538268623015,0.23020956241295223,-0.0009587399417907892,-0.18687794111522926,-0.25974356482831057,-0.23532623532623534,-0.4021567021567022,0.15011683486259758,0.05644997848387679,0.2914902575919525,0.19675962557318488,0.2820837786939482,0.19992874230162366,0.20819139632698955,0.2430410379562922,0.26891776213810115,0.14598203750746125,0.22820000277627397,0.173175178259924,-0.16329488193894973,-0.1389460338612881,-0.18102185390320982,-0.2442959137874392
#52,0.27736503838198756,0.19730331255754985,0.2890133585048839,0.2391130730113781,0.18235261455600438,0.2115858539587353,0.14446572921149192,0.10788461805410958,-0.14537958605755216,0.5268164929181879,1.0,0.01714164087045443,0.10980626234863523,0.3352739488332709,-0.13211501177602872,-0.11998130642198439,0.40103277391412984,0.15840725162759062,-0.12337298777976743,-0.03196231670807942,-0.16612899494255426,-0.11995863351795555,0.11289671798146374,0.14404419828148643,-0.1363789058704313,0.07709111268433302,0.0018281764044475908,0.12649213157687733,-0.00806091145074196,0.24723274892766417,0.22164892164892164,0.12585867840105128,0.10022163920469006,0.04814521763674306,0.11695100339168135,-0.0033292151936219734,0.06208118750491632,0.1138401884164596,-0.02743513929954608,-0.01906282245265296,0.05734116242590819,0.1380617906041635,0.22983892983892984,0.22784371428439226,0.10451607231268248,-0.01719207651411041,0.07780183881878797,0.23943188180476316,-0.04893599300378961,0.19799044036332172,0.08190193274939038,0.10646547934683528,-0.10874942739349519,-0.025342291443986358,-0.24043643026693873,-0.13386175081090335,-0.23249258503495793,-0.23390015593405425,-0.11689408977544571,-0.09743703642008726,-0.1324652850076579,-0.16143709194556652,0.049659675083403895,0.010862171879121032,0.13686891822485042,0.13156392139442988,0.3518557077879112,-0.06748427934868613,-0.20423659406710254,-0.08089877242419616,0.03379928464674228,0.04939361549531041,-0.05858447044887723,0.1539781692324065,-0.22495315037687919,-0.13195491331084552,-0.071656093689992,-0.16696928052860258,0.1275105614088665,0.19521786809922403,-0.1312284549572685,0.24078068823831536,-0.017526617526617525,-0.1417019484816095,-0.07729840780688238,-0.09828750167733219,-0.10761809575368897,0.16441233220894239,0.05445846462795615,0.16518783806919402,0.1657111657111657,0.021924235483557517,-0.054950327831683764,-0.0619234026013687,-0.20837046599758463,0.16070693189337257,0.1448891109908059,0.19146619655094232,0.1260655108112735,0.12900188323917136,0.08725134996321438,0.16058986567461145,0.08540512777800914,0.08997441200831031,-0.0317948148456623,0.07465539499437805,0.04062105248545927,-0.15645090390853103,-0.1822438771591314,-0.10940555347335008,-0.1520981690473216
#53,0.2006006006006006,-0.05690898911237894,-0.21048783760648168,0.10218724117029201,0.43942447840752924,0.3935368342148003,-0.10319641675573879,0.33659776880115866,0.06905796397321821,0.01742019369138013,0.01714164087045443,1.0,0.7523633032107608,0.19881638186722933,-0.2186158423446559,-0.4776241572851742,-0.025548198429554362,-0.42062910367995116,-0.04242516784889666,-0.2054752749668004,-0.08961488453013877,-0.2577099441506221,-0.17929593692305557,-0.19159760685184413,0.08924610280542485,-0.1222435069892697,-0.1019808714723969,-0.14113882757950555,0.32523540489642183,0.5638075671973977,0.037135903237598154,-0.007969757122299494,-0.30101565355802645,-0.021123743157641463,0.22429332259840734,0.3924004127393958,0.25460144273703594,0.2001184543557425,-0.03837134515100617,0.15901664376240648,0.3499914398219483,0.43986775681690937,0.10312700990667092,-0.13825474164457216,0.021909428689089707,-0.002128013992420772,0.039066801778666185,-0.015814119203949713,-0.18101167423201323,-0.17005187005187006,-0.09701920718869872,-0.3762424982763966,-0.15497855328363802,-0.3795754151686355,0.1597555953488157,-0.17522915828000574,0.11808372316846893,-0.08227765515901109,0.17363603973773464,0.041334092181549806,0.09339987136597307,0.11003946936150326,0.11263250924267873,-0.05090668480498989,-0.12464405854236363,-0.0650619803162176,0.08575725185894677,-0.05454175284683759,-0.10375861223318851,-0.1468574892303706,-0.10692819167395438,-0.2602937297852552,0.12359740325842021,0.2083357625730507,0.11375458663594257,0.01667383870773701,-0.029323468306519156,0.06393990292295378,-0.06509205661748034,-0.03495282647825021,0.3915244983041593,0.5861880370354947,-0.0341972172480647,0.781104216697437,0.4348519551909382,0.3730266476029188,0.1329469685401889,0.35284313589398336,0.2685711906050889,0.3101158168954779,0.18114771165618623,0.4477181341588121,0.24157794157794157,0.0929260539430031,0.20546185630931393,-0.3299856096466266,-0.3501445976022247,-0.09589157724750945,-0.2545852478055868,0.013305755678637034,-0.27350648028614133,-0.11094037026240416,-0.31967545357375865,-0.32105572444555497,-0.23225382547416445,-0.32250123775547507,-0.40058301753217007,-0.039152866271510336,0.06436189656528639,0.026687396178921602,0.06522485505536353
#54,0.20033824271112408,0.04013983166525539,-0.08432885890513009,0.10050296829957847,0.33181748774969116,0.49710573439387,0.031437600929126355,0.3142774515655872,0.17310808497249175,0.1145981112082807,0.10980626234863523,0.7523633032107608,1.0,0.31476561307069784,-0.2929945353674167,-0.3459204967679544,0.08821656787758482,-0.30295117922236564,-0.11547448835584428,-0.12621172790664317,-0.10823905569668281,-0.18798983883729647,-0.09265536723163842,-0.051789539925133146,0.05035698256037239,-0.20632897921033513,-0.06703544839138059,0.009331982213338145,0.26907600975397583,0.4528764511815359,0.11887172226155276,0.0018466848975323552,-0.15652725144250568,0.02118806017111102,0.22642966541271625,0.15055918784732344,0.22940583110074636,0.09024741228131059,0.03709287099117608,0.020817427597088614,0.25304858016722426,0.28127310669683553,0.26317827843251573,0.06667823447484464,0.170183743065099,0.11260567192770582,0.0067352406335457185,-0.0001841595061934045,-0.1360860089673649,-0.014798002933596155,-0.021664191155716578,-0.178213652789924,-0.09246796873915518,-0.21884025782330868,0.0513670835704734,-0.31242752768176496,0.10983032338964542,-0.030540401726842404,0.12853593192576243,0.09373857678942425,-0.06878311285090946,-0.13718587616892702,0.06985382917586308,-0.13052929663099155,-0.022839480466599112,-0.011162009467094213,0.22634036193358228,0.08969169477644054,-0.19873540720998348,-0.1442005950480527,-0.019921153819458904,-0.18904065853218396,0.12223795444134428,0.22359370155980327,0.060693975948213234,-0.023435916656255638,-0.16385383843010962,-0.08821980686387466,-0.11142945719216905,-0.06944432876636267,0.4707135486796504,0.5698362461074326,-0.0013483437212250772,0.674134843626369,0.31077795823558535,0.2210881143084533,-0.08552034314746179,0.29049588880097355,0.11927798368476335,0.29254940610872815,0.31853209141344735,0.32462369919997036,0.268563787207855,0.0036716223156901123,0.02931375134764965,-0.20107904514684175,-0.2442325221986239,-0.10378961395910548,-0.1633763193085227,0.02667397752143515,-0.10196097484233077,0.004988964310998209,-0.14501635688076367,-0.2531827667420888,-0.18343443597680886,-0.248308092375889,-0.2731215036299782,-0.18402208063225012,-0.13341893511385036,-0.1017943984045679,-0.06044596214087739
#58,-0.07142011040316125,0.18875192604006163,0.09176279515262566,0.11997482844940473,-0.07696109052041256,0.1386628539170912,0.28647815766459833,0.09422720100686202,0.42421373607814283,0.2823863925558841,0.3352739488332709,0.19881638186722933,0.31476561307069784,1.0,-0.03773187671492756,-0.12020063206503885,0.10964523845879778,-0.03135061101162796,0.11720040533599856,0.15582809311622872,-0.019377466835093955,0.009525395966073932,-0.10017351712266967,0.12082621913130388,-0.12444648037868376,0.11466196550942313,-0.1879306116594252,-0.10139646580324546,-0.06623958318873573,-0.011403545301850386,-0.1084833678054017,-0.056798400866197474,0.10055618021719717,0.16508557864490067,0.02565369684013752,-0.12147910622486893,0.1711207355275152,0.29741713979002116,-0.02356408797086763,0.006979090029937488,-0.03741353063386962,0.09423923152736711,0.1561570815808104,0.10051870051870052,0.08394527038594835,0.12514841497892346,0.0369771929093963,-0.02606180911265657,-0.2939579024324787,-0.15660822609975153,-0.12441038881716848,-0.17438840998163033,-0.10588986521189911,-0.2014654099399862,-0.17247370637201145,-0.09960067926169622,-0.1894483080923759,-0.11201108658735777,0.017988867141409515,-0.07454665759750506,-0.043197434722858453,-0.038685064108792924,0.19865952238833595,-0.07197305163406859,-0.0295691685522194,-0.07140021377309513,0.6756155230731502,0.3654955417667282,0.17593340644188102,-0.012842580639190809,0.2320391269543812,0.0015158455836421939,0.14527362493464188,0.1836750463869108,0.04291980732658699,-0.19330038821564247,0.005447974939500363,-0.08266494537680978,0.15590120166391352,0.22638108061836876,0.3197596672172943,0.16180494824562622,-0.13732191359310003,0.30551969535020385,-0.037569001975781634,0.0304288880560067,-0.017694582101361763,0.09660137795731016,-0.035126806313246994,0.07669410550766483,0.07230204009865027,0.0522897319507489,-0.059938829430354855,-0.01156780817797767,-0.05850442121628562,-0.13521240809376403,0.04725958624263709,0.04597000698695614,-0.06264153213305755,-0.005700615870107396,-0.16714881291152478,-0.10207480207480207,0.21454443657833489,0.1505101403406488,0.11088715834478546,0.15159149904912617,-0.0724866623171708,-0.06300800029613589,-0.00036739358773257077,-0.012192932531915583,0.0367981232388012
#101,-0.454861949777204,0.017426671663959798,-0.36640754776347995,-0.08300503893724233,-0.21992624365505722,-0.4699348038331089,-0.042074894617267496,-0.32072858683028177,0.20367810028826977,-0.03738530518191535,-0.13211501177602872,-0.2186158423446559,-0.2929945353674167,-0.03773187671492756,1.0,0.2933087170375306,-0.17931999796406575,-0.3333328706210062,0.47176344294988365,0.230297940467432,0.5320164540503524,0.2901747664459529,0.15512014325573648,0.11180517960178978,0.27526386170453965,0.0774733130665334,-0.3169958864874119,-0.5875974587838995,0.0023783413613922087,-0.2749080359249851,-0.4475691407894798,0.11540045438350523,-0.1519727740066723,-0.045765488138369496,0.1736924906416432,-0.07969294409972376,0.22774284299708028,0.02080354622727504,0.15592109829397965,0.036144773432909026,0.10141775057029294,0.10364987483631552,0.13854116057505889,0.20089812462693818,0.12172388104591494,0.05451907994280876,-0.40330746771424736,-0.4601692601692602,-0.13411022733056632,-0.26855592109829396,-0.13627618373381084,-0.21164970825987775,0.21449446364700603,-0.07496818852751057,0.48598120462527244,0.26916762679474543,0.11290273324171629,0.3230222518358112,0.11382676975897314,0.01287358236510779,-0.19168089507072558,-0.12672024875414706,0.022500312330820806,0.0795943863740474,-0.6037123410004765,-0.3496157174123276,0.03150191794259591,0.14816742782844478,0.4879588371113795,0.23076620534247652,-0.03676480795124863,0.053405331371433065,0.017950924730585748,-0.2904607226641125,0.12846374880273184,-0.036840230060569044,-0.04260238667018328,0.0037854495481614127,0.48012372927627167,-0.019284461657343013,0.09945353674167233,-0.09987969479494903,-0.18471753725991014,-0.008104869121818275,-0.2963061674926082,-0.19783867072002664,-0.1040103277391413,-0.10643586575789965,0.005560414034990306,-0.033850645715052495,0.02440437355691593,0.008422289778221981,-0.13604112587163433,-0.17741177232702657,0.07033597542072119,-0.06124969345308329,-0.1825127130211876,-0.27815720188601545,-0.37758343860038773,-0.2806919400139739,-0.3449636076754721,-0.47098145911705236,-0.015376393342495038,-0.03271514966430221,-0.05356866882290611,-0.0005413734227293549,-0.12371308134019998,-0.11136236390473679,0.046460019341375274,-0.2337109065922625,-0.035991152940305485
#102,-0.34859543673102994,0.18382450246857027,-0.09588000943933148,-0.16933744221879815,-0.2804564194394703,-0.36915050643864206,-0.20144458788526584,-0.3282851418444639,0.1202237676813948,-0.17331352924573262,-0.11998130642198439,-0.4776241572851742,-0.3459204967679544,-0.12020063206503885,0.2933087170375306,1.0,-0.17093426245968618,0.016134778846643254,0.20976323010221315,0.41504509131627776,0.2948319660184067,0.5860279385703114,0.0012664436393249952,0.4013950776662641,-0.202090071581597,0.09839022381395263,-0.051193103735476614,-0.10590050759542285,-0.28281162518450653,-0.4865836560751815,-0.13304321270422964,0.045143602770721415,-0.004234280505466946,-0.04113373774390724,-0.20443509765543663,-0.3116774709995049,-0.2547559886542937,-0.19668050176524754,0.07851163952858868,-0.14682926377841632,-0.17899286034879255,-0.2688247569603502,0.034067195084144235,0.2031769828379998,-0.09074714159459922,0.10107164174960785,-0.17341069883442764,-0.25059805568280147,-0.004761309846055608,0.04291564291564291,0.003133487879250591,0.36418236418236416,0.2670868094596908,0.37443560663899644,0.14114993267535642,0.3316606282707978,-0.11869635428957463,0.31963519760129927,-0.2582952752444278,-0.059927724334503996,-0.1207882767204801,-0.18794403031691168,-0.2524808321418491,0.25408042865669983,-0.1306227645210696,-0.07092315736383532,-0.12242257665986479,-0.07406312321566559,0.17083385388470135,0.4764895866590782,0.06009522619692111,0.329730655154384,0.11263759907827704,0.0005173123817191614,0.006668147346113448,0.0711790372807322,-0.008670303585557823,0.010656727605880148,-0.021941355839660923,0.030948051287034338,-0.060570431756872434,-0.3089488564064835,0.05706399774196384,-0.2891267230250281,-0.2966772627789577,-0.30422456354659744,-0.18944229283212333,-0.24004775191215869,-0.13489267387572473,-0.2893395706955029,-0.08836278497295447,-0.36339205152764475,-0.11515660498711346,-0.2887181480401819,-0.2237760102166882,0.2052869510496629,0.31199859335452557,-0.09615162157535039,0.043017902339936236,-0.1478800834733038,0.026938648972547278,-0.11846638626299644,0.14930570015315778,0.029813480660938287,0.10089997547624666,0.06715621630875868,0.0732593919034597,-0.03435083774066825,-0.07979566623634421,-0.15147073113174808,-0.193248101722678
#201,0.49068051101949406,0.22272704137110916,0.705644627678526,0.41396465803245464,0.1653932823424349,0.428394341953664,0.23584030872166464,0.200559419203487,-0.10517173568021025,0.5519852672395045,0.40103277391412984,-0.025548198429554362,0.08821656787758482,0.10964523845879778,-0.17931999796406575,-0.17093426245968618,1.0,0.5437249267757742,-0.21818043004483684,-0.23147137892900604,-0.11398131567623093,-0.06309822919992411,0.19355164100926814,-0.025843871606583472,-0.05337849405646016,-0.007361290412137869,0.27927095045739114,0.2292184326082631,0.2937533835838921,0.20080465673686013,0.33019012849521323,0.13390061864638136,0.44037535223975904,0.13769994956435636,0.08510991731330714,-0.034751546615953394,0.03602400551553094,-0.07473544422696965,0.06676152269372608,-0.0073460209053429395,0.1491534677975356,-0.026272343221495763,0.07266989639870995,0.05451399010721045,-0.16934114391741512,-0.09354979015995965,0.39286867761444033,0.4159876363266194,0.12335124030039284,0.10746586339806678,0.29936377055021124,0.22620895163268046,0.2360563953784293,0.2025310364293415,-0.031867923393347125,0.07723038909479588,-0.23071021715089512,-0.29706640384606486,-0.24864772322399442,-0.17903913158150447,-0.35438581879259845,-0.20973593007491312,-0.23643813304830255,0.026240416070924547,0.1337854032769287,0.11449076194838907,0.2285400963367065,0.012257712257712258,-0.09533632245496652,-0.04574050167270506,0.21888791719300194,0.21274356020118732,-0.010107025361262649,0.27024343295529735,-0.2544260747650578,-0.016889925364501637,-0.18019406154999376,-0.13969609054354817,0.17206142968854835,0.1647811139336563,-0.16976730197069181,0.21930204472577353,0.029768134852880615,-0.18643281185654068,0.013513976225840633,-0.3088151325439461,-0.35886394869445715,0.2478800834733038,0.05644072423733441,0.14668952465562635,4.904750667462532e-05,-0.23012488605708945,-0.1327396734176395,-0.3375680765511274,-0.44580759496013733,0.371263713636595,0.14201798100103186,0.5865892086231069,0.3953677868932106,0.4955491701254413,0.40153250322741846,0.6447336396488939,0.27382112466858227,0.5035420628640968,0.32960433468908046,0.38627548966532016,0.40220436152639544,-0.22677438609642,-0.09390515322718712,-0.37259123530309973,-0.35261316786740515
