,#10,#11,#12,#13,#17,#18,#26,#49,#50,#51,#52,#53,#54,#58,#101,#102,#201,#202,#301,#302,#401,#402,#501,#502,#601,#602,#701,#702,#801,#802,#901,#902,#1001,#1002,#1101,#1102,#1201,#1202,#1301,#1302,#1401,#1402,#1501,#1502,#1601,#1602,#1701,#1702,#1801,#1802,#1901,#1902,#2001,#2002,#2101,#2102,#2201,#2202,#2301,#2302,#2401,#2402,#2501,#2502,#2601,#2602,#2701,#2702,#2801,#2802,#2901,#2902,#3001,#3002,#3101,#3102,#3201,#3202,#3301,#3302,#3401,#3402,#3455,#3501,#3502,#3601,#3602,#3701,#3702,#3801,#3802,#3901,#3902,#4001,#4002,#4101,#4102,#4201,#4202,#4301,#4302,#4401,#4402,#4501,#4502,#4601,#4602,#4701,#4702,#4801,#4802
#10,1.0,0.23133719235414152,0.43731219663423054,0.46382838925211806,0.21292124173480106,0.3897856253788457,0.15626674440233762,0.6792112605671927,0.10487791335248962,0.3995247944400487,0.39913102624967034,0.2765210510973223,0.1993174993174993,0.04596029002808664,-0.1286266235418778,0.03651586871925855,0.31165711165711163,0.28577853662599423,0.1698473512032834,0.15017930102675867,-0.14598573920607819,-0.027700273462985328,0.021701208141886107,-0.02547231360790683,-0.08164512740783927,-0.3223656630436291,0.06850641087929224,-0.20167224235020845,0.16254019813341847,-0.08803102023441006,0.11940615499937533,-0.25840401264130075,-0.09569492450848383,-0.24583258142580178,0.08942470976369281,-0.06644086305103254,-0.12792283809232963,-0.05033939949194186,-0.0017883831443153478,-0.09835459496476445,-0.05155216850132104,-0.05865248916096374,-0.10878227996872064,-0.06705164332282976,-0.03668522143098414,0.03306357204662289,-0.3041176769990329,-0.3609382880569321,-0.2297167737845704,-0.20253936525122965,-0.1909137180323621,-0.2659809269978762,-0.2296006329904635,0.08726800760699066,-0.4240110680788647,0.19550660059134636,-0.4798905222634036,-0.4218076319771235,-0.18991934924138315,-0.10449663839494348,-0.07121142714363053,0.09189559359050885,-0.11653317416029281,-0.05277974430516803,0.30854999838050684,0.21355700847226272,-0.12786037192816854,-0.04223499308245071,-0.010480434209247769,-0.06768370836167446,0.21516123211038465,0.04680659087438748,0.18979164063909826,0.12632231615282463,-0.09003132562454597,-0.08200280403670235,-0.07171855985415307,-0.2598453615402768,-0.12431599550243617,0.09296029465520991,-0.01863296270075931,0.01290458409102477,-0.02130188740358232,0.23733394411360514,0.2712516831160899,-0.016581296242313193,-0.06836944803046498,0.15553565892548943,-0.005153689899452612,0.11025972042921195,0.07932138610104712,-0.087653909687808,0.04636053619104467,-0.2170999967610137,-0.19059074482803295,0.005101866118815271,-0.11791066875812639,0.11097692453624657,-0.05685809075639584,-0.08754609771558924,0.10224924462212598,0.287548873989552,-0.11840438281116247,0.13959938366718028,-0.11072474631796665,-0.073765599189328,-0.2978178486653063,-0.13350962672996572,0.1978567165007843,-0.15463984786018684,-0.3165229944890962
#11,0.23133719235414152,1.0,0.11320025726805388,0.19848693069032053,-0.1349842909164943,0.05562958952789461,0.4999088456715575,0.20994738960840656,0.5623028267096064,0.6101995678266865,0.4682435902774886,-0.16667823447484464,-0.07710082964320253,0.48904389751847377,0.22126348228043144,-0.03638168214439401,0.05516595177612127,0.14022358259646395,0.012285474997339405,-0.09474636423788967,-0.15277141548327988,-0.13690408436171148,-0.055590258980089485,0.10761763304136185,-0.10273231629163833,0.0769259243835515,-0.0473905338312118,-0.0276947209150599,-0.02194413211362364,-0.05086504069554917,-0.1330709754438568,0.17063766385800283,0.133988533988534,0.029788031482946738,-0.09520907656500877,-0.23408385272792054,0.0626910423520593,-0.0686387466048483,0.06461916461916462,-0.03466594483543636,0.06828523438692931,-0.07858659892558198,0.16544140442445526,0.12531591684134058,0.10538365792603081,0.023292938547175835,-0.13832785019225696,-0.0963168098761319,-0.08210228718703295,-0.11932194135583966,-0.10998857100552016,-0.10230708366301587,-0.08692930218353948,-0.026984920205259187,-0.16267299657130166,-0.07824511722816807,-0.17377161444958056,-0.25463013090131736,-0.21475034356390288,-0.18086684527362493,-0.1885691546708496,-0.19253968914985864,0.1767394513157225,-0.02865114729521509,0.03505739946417912,0.08085111305450289,0.5096938232531453,0.3596834122257851,-0.18747946714048408,-0.2992457789067959,-0.015847897203829408,-0.09108445888106904,-0.03290069730747697,0.033004807581078766,-0.2131692555421369,-0.14107404785370886,-0.09383111925484806,-0.04487939403193641,0.39377651920024803,-0.10887112073552752,0.12342897597134886,-0.12279968720646686,-0.14544205222171325,-0.05566012854148447,0.12882142543159492,-0.19771836551497568,-0.1605047266064215,0.2019105391986748,0.007010554468181587,0.09381955144667009,0.0564745022372141,-0.06165873115025657,-0.07528237019762443,-0.16198679419018402,-0.020655478282596926,0.23403387979659165,-0.09117838948347423,0.15834987529902783,0.165079100672321,0.052473891456942305,0.11513208123377615,0.06464692735879177,-0.05702512990648584,0.120698510529019,-0.06130938334328165,0.053649180767824836,0.16739081145860807,-0.11367129841706113,-0.0581138920121971,-0.14089682903242226,-0.16505087522036674
#12,0.43731219663423054,0.11320025726805388,1.0,0.4700148530657005,0.15861130776385013,0.3402050741033792,0.18347330381228685,0.17660017490525964,-0.16061762841423857,0.2662386577640815,0.13597727157049191,0.24793422081557676,0.13162361128462824,-0.14337928066741626,-0.10181845944557809,0.18178023940735805,0.6436337724473318,0.8010535959688502,-0.06641726472234946,0.0025708296894737573,0.12421281065348862,0.1593419305283712,0.38001545459172575,0.21278057718735685,0.25068828458658965,-0.1901409884460732,0.15531263158381803,-0.061694359999444746,0.32083223439155645,0.18877922606736167,0.3410402698538292,-0.22572680538782233,0.10013141030090182,0.05569390654136417,0.08592799270765372,-0.0812148049436185,-0.13048904065853217,-0.1814785509700764,-0.22691412521920998,-0.06999773270959711,-0.11577108695752764,-0.17488351217164777,-0.06284327470768149,-0.01840438281116247,-0.13332407908679095,-0.031369582217039844,-0.09447799108816057,-0.13099108353345643,-0.16056302835963854,0.00872860533877483,-0.03082173082173082,-0.16039922819583838,-0.13222745087151866,0.22889036956833567,-0.22703026601331686,0.15324338205694138,-0.41739150552709875,-0.20915476339205152,-0.3390987289292374,-0.3130484876247588,-0.22470698741885184,-0.09974134380914042,-0.10881698339325457,0.1810112115196861,0.3324361341310494,0.3127815026120111,-0.0851473970118038,-0.19950721137161814,0.26794421540184254,0.19031404285641573,0.5612955019734681,0.3757825622232402,0.2683361327429124,0.3258447970312377,0.004579926613824919,0.17617077786569313,-0.22922583600549704,-0.2574744235761185,-0.0651369397132109,0.2542229440534525,-0.08472632879412541,0.0262320872490364,-0.16662085814628189,0.27135301711572896,0.1971011072705988,-0.305229112008773,-0.2683847175372599,0.20431109075176873,-0.17951156086749306,0.007482521041843076,0.02121304663677545,-0.16680640578945663,0.1011091214481045,-0.20069684476464136,-0.3225729581661785,0.3427324088341038,0.09233563301359912,0.4532165447419685,0.3146267993725621,0.05343309411106021,0.34981098201437183,0.5889569076009754,0.35598680344443057,0.308224248902215,0.27078156739173687,0.0775528995867979,0.03421803930278507,-0.23377892530434904,-0.1116413794379896,-0.25452925961400535,-0.36453263741399333
#13,0.46382838925211806,0.19848693069032053,0.4700148530657005,1.0,0.16679067357033459,0.3532489346048668,0.14533146397553176,0.30952169426745696,-0.09798905222634036,0.32277932786407365,0.276543261289024,0.2027073298259739,0.04664973139549411,-0.06741302165030978,-0.09537842927673436,0.1280921908040552,0.320640208775802,0.25408042865669983,0.004192636396026226,-0.06086795578321002,0.08052397543922968,0.05300462249614792,0.1944539300471504,0.029188819019327492,0.10323343374190831,-0.35794824099908845,0.04079456960812893,-0.1553339163508655,0.11356071017087967,0.12974407381187042,0.17242512157766396,-0.13753105956495787,0.10435551113517215,0.014299661757288876,0.1397331075297177,-0.01283101283101283,-0.15789734264310534,-0.07314602738331552,-0.13878778624541335,-0.17176668193617345,-0.04365366907739789,-0.13475200932828052,-0.16695863814507883,-0.16300291046053758,-0.17787911177741686,-0.15796813762915457,-0.18369910742792098,-0.23985803985803986,-0.15715422664575207,-0.137306181373978,-0.18612140646038952,-0.2860524623236488,-0.132652220787814,0.08146143061397298,-0.2255995594978646,0.07413715718800465,-0.23760972066056812,-0.2137383917044934,-0.09457562338918271,-0.21460181290689764,-0.08404382811162472,0.030593150932133984,-0.16003229732043292,-0.04704858942147078,0.23253052744578168,0.12350486079299638,-0.2173854902668462,-0.16970483580653073,0.10527075611821375,0.022795060083195675,0.18272185899304544,0.18397210770092126,0.2198022367513893,0.12196310331903552,0.04419319165081877,-0.01953432631398733,-0.06166104471189217,-0.17532864143033636,-0.14863661812814355,0.03671390959526553,-0.1234641421082099,-0.07775279131211335,-0.05811065302590726,0.2206693596524105,0.13282111078721248,-0.0587848248865198,-0.10956935363715024,0.10690783233156115,-0.16428601174363885,-0.06874933485102977,-0.05972644447220719,-0.0843122012613538,0.10151075574804388,0.014705460468172333,-0.07669225465835636,0.11165387267082183,-0.029413697210307378,0.1493690917419731,0.006490003100172592,-0.14652988890277027,0.007037854495481614,0.3400694993915333,0.12383061027128824,0.17853246158330904,0.10552802417209196,-0.005767709157539666,0.001312714872036906,-0.1754216466080873,0.099067634660855,-0.1082603404637303,-0.2704104721053874
#17,0.21292124173480106,-0.1349842909164943,0.15861130776385013,0.16679067357033459,1.0,0.46244302854472347,0.019734680751629905,0.3014098844607319,-0.11500390991916416,0.020667508803102023,-0.01459255866035527,0.5178384856350958,0.2244691532827126,-0.0635216109792381,-0.19334110690042894,-0.04835575174558225,0.18761457914000287,0.05871032820185362,0.03538962691505065,-0.1264162467552298,-0.26337215489757865,-0.12229995789317823,0.11029812555236285,-0.03918479342208156,0.01805272144255195,-0.10396266836944804,-0.051781673815572124,-0.16998153777814795,0.3626475473933101,0.36998153777814796,0.2250257962122369,-0.13383306264662198,0.1295469583605177,0.02213476959239671,0.4614680936714835,0.1574771998500812,0.16458122220834084,0.03055891021992717,0.05093814924323399,-0.1330126736906398,0.13787022770073618,0.12708810505420676,0.006184150251946862,0.018869871412244294,0.030137379289921662,-0.03246482229533077,0.0010776570098603997,-0.18848632916429528,-0.08611446577548272,-0.2652415126991398,-0.28329701041565447,-0.28637173382936093,-0.42097521250063624,-0.10372298338400034,-0.37855467177501073,0.12442612103629053,-0.4110070008375093,-0.36293257818681546,-0.05917674222758969,-0.04088017138864596,0.013916535950434256,0.02934706663520223,-0.04413951702087295,0.1413248379350074,-0.014291332935400731,-0.05355293660378406,-0.03676943507451982,-0.18968567951618798,0.0024991092787702957,0.11788614500478907,-0.08102509288949968,0.010838110838110837,0.11310031140539616,0.039673417639519336,0.012140183326624004,-0.25418731520426435,-0.07200775505860252,-0.3800427546190258,-0.1314334365181823,0.12422067676304964,-0.026666111411874124,0.3529990699482225,0.00662557781201849,0.41653918942054535,0.5472961405164795,0.11721798840442908,0.07645904764548832,0.03691380132058098,0.1431844787776991,0.24410573902099325,0.39071613986868226,0.11286617896787389,0.19166331200229506,-0.03733394411360513,-0.20221269034828357,-0.1875137078526909,-0.18470967115034911,-0.06252770490058626,-0.19103679951137578,-0.2779545338867373,0.019961409791918266,0.31660211829703355,0.11736559363678008,-0.10156304224100834,-0.16703961280232466,-0.12033157965361355,-0.21096905842668554,0.013638908554162792,0.23875585909484215,0.01893511385036809,-0.0716537801283564
#18,0.3897856253788457,0.05562958952789461,0.3402050741033792,0.3532489346048668,0.46244302854472347,1.0,0.116821443940088,0.19894455318184132,-0.029604334689080452,0.14874072840174535,-0.0038812309998750676,0.2948898050592966,0.39188865290560204,-0.01402804962126996,-0.16930644049288118,-0.03751023751023751,0.31415344466191925,0.2548281717773243,0.08620562010392518,-0.014309841428485496,-0.04404789998010337,-0.05875428587292994,0.05579477782867613,-0.04227848804119991,0.0015250998301845758,-0.08255990967855374,-0.05421785421785422,-0.13703086753934213,0.3688913875354553,0.15087383222976444,0.27925660637525046,-0.13509210288871307,0.17242465886533684,0.00749547698700241,0.24557808964588626,-0.067219607897574,0.21905079193214785,-0.0335045368943674,0.11137300628826052,-0.057181063960724976,0.06906536737045212,0.03814183983675509,0.05320682778309897,-0.03899230509400001,-0.008555550928432284,-0.016175034819102617,-0.19244575854745347,-0.13856614704072331,-0.15159288718610753,-0.13878917438239471,-0.14943340875544264,-0.14570903723446096,-0.17580801140123173,0.08254371474710458,-0.21057991735957837,0.04629066662964968,-0.3358347561737392,-0.31696581018614917,0.020637432501839283,0.04752888481702041,-0.04189304867270969,-0.026385707741639945,-0.07449252025523212,-0.08170019017476644,0.16982190202529185,0.11433066348320585,-0.01729155966444102,-0.08089645886256056,0.00010503569825603725,-0.04431858669146805,0.20844866438086776,0.07460449663839494,0.0017208271445559582,0.09700208683259531,-0.041966157220394505,-0.03098784454716658,-0.12682250817844037,-0.10475251831184035,-0.08074885363020956,0.10681251359217461,-0.1596880393490563,0.19789373348695383,0.007127620686942721,0.15937200682963396,0.22261922939889042,0.014294109209363446,0.006491391237153949,-0.02988057394837056,0.035889818940666396,0.033753013414030364,0.20916309221393967,0.010654414044244553,0.07830712068000203,-0.026921528616443872,-0.13890531517650162,-0.0042185482863448965,-0.08833363409634597,0.06484820722108858,0.03132608725829065,-0.1664857461467631,0.015048330302567591,0.3312742634776533,0.12364367449113212,-0.03020077087873698,0.10344952039867295,-0.0071382630704664605,-0.07156262579991393,-0.05866683324310443,0.20408112272519052,-0.07144463415649856,-0.11702827635031025
#26,0.15626674440233762,0.4999088456715575,0.18347330381228685,0.14533146397553176,0.019734680751629905,0.116821443940088,1.0,0.18497989514938667,0.29526969187986135,0.6405215693351286,0.29944011808418586,-0.06369651623888913,0.019519982231846637,0.5601627821966805,0.10000046271232711,-0.13852311479430124,0.16114465775482725,0.08511269358726986,0.02588181401740724,0.02342018443713359,-0.14338066880439762,-0.04368328266633351,-0.28750306546916715,0.0399922264329044,-0.371065672760588,0.049543534289297,0.09584947042574161,0.11861537963232878,0.02915874271806475,-0.019607897573999267,0.016249994216095912,0.13319590777217896,0.10136500136500136,-0.026934484561603207,-0.14541475219441322,-0.22136620441705188,0.060219695812916155,-0.12926516655330214,-0.026453263741399335,-0.2693305015338914,-0.051508210830244726,0.16880532304261117,0.19930176709837727,0.1886297699857022,0.19316712706543215,0.06857628044068723,0.0009328280514721192,-0.07503620723959707,0.05406886084852187,-0.2405877371979067,-0.15841511773715164,-0.19223291087697866,-0.22624596861884996,-0.17420702674939964,-0.23105262427296325,-0.27542812458066696,-0.2263385110842738,-0.29738752620108555,-0.33054780512407633,-0.2577150339862204,-0.2593997695692611,-0.10738997857641926,0.14093199516928331,0.09846101880000185,0.19259984175238412,0.15652632601785144,0.48917577053170275,0.47747701476515036,-0.23117755660128542,-0.2626692948726847,-0.002767482428499378,-0.10338890508382034,-0.05808381571093436,-0.05226196921112175,-0.18758450283874012,-0.10160422363812194,-0.23243752226803074,-0.14129800062003453,0.48669702059532566,-0.0541956440261525,0.2864888000481221,0.34123738530518194,-0.04955649023445634,0.02115243132192285,0.10013603742417301,-0.23571722724265098,-0.25775899165729677,0.2922740922740923,0.13447253108270057,0.42532563380021005,0.1909183451556333,0.021288468746095864,-0.1828083861982167,-0.13465345160260414,-0.17907522314301974,0.2183470064825997,-0.14683204005237904,0.08865244288973102,0.020903954802259886,0.10938611955561107,-0.03145472128522976,0.09678137305255949,-0.03557841354451524,-0.06982699186089017,-0.2425403832183493,-0.13249628673357486,-0.06348413128074146,-0.18936224359953174,-0.028654386281504924,-0.13233572555606454,-0.252969919071614
#49,0.6792112605671927,0.20994738960840656,0.17660017490525964,0.30952169426745696,0.3014098844607319,0.19894455318184132,0.18497989514938667,1.0,0.3427361105327207,0.36049547235987917,0.48248865198017743,0.3835565920311683,0.022568793755234434,0.21835996242775904,0.006818066140100039,-0.012870343378817956,0.09593322135695018,0.04359721817348936,0.1932647593664543,0.05818561242290056,-0.18920260784667564,-0.15213564874581822,-0.047258198105655735,-0.019957245380974195,-0.23520593012118435,-0.20490475066746253,-0.015989024463600735,-0.22677855050736406,0.12157535038890971,-0.007530643123863463,0.01731793426708681,-0.18697279714228868,-0.1491002558799169,-0.21949360762920084,0.11044758163402231,-0.020578668036295156,-0.010643771660720813,-0.020626327405988423,-0.0006968447646413748,-0.20096105350342638,0.18772100297524028,-0.1354271066135473,-0.17486546639089012,-0.18346358685341735,-0.0586298162569349,-0.15224716241665395,-0.3387017217525692,-0.3956949245084838,-0.318639440673339,-0.297152468338909,-0.2545986664630732,-0.2824470078707367,-0.38634582193904227,-0.025211806567738772,-0.40361702226109003,0.019323792205148137,-0.4791807215536029,-0.47528051934831594,-0.19928001961900266,-0.21744934456798864,-0.24028234706200807,-0.08415349093315196,-0.05971256310239361,-0.012188768120971511,0.14961525470000045,0.07698468884909562,0.0018938815548985041,0.004034851492478611,-0.00898309711869034,-0.1550623042148466,0.08311562718342379,-0.06181651605380419,0.3447646413748109,-0.13941152246236993,0.08837065108251549,-0.3164924554755063,-0.02023394735259142,-0.3891410671071688,-0.10318392352290658,-0.13363317092130653,0.00400940231448706,-0.0625360337224744,-0.10909784977581588,0.34759227640583573,0.2840475298102417,-0.024214661502797098,-0.17484927145944096,0.15198295367786893,0.08729715848359916,0.132240406816678,-0.008638376434986604,-0.03404313404313404,-0.006765779647135579,-0.27394189258596036,-0.17612496934530833,-0.034636331246500736,-0.25191493496578243,-0.08777930472845727,-0.15878343674953843,-0.27379104836731954,-0.07185459727832609,0.15674380081159742,-0.09573703133025167,-0.08197550400940232,-0.2640171758815827,-0.26393758936131817,-0.3358861172420494,-0.27355599050514307,0.19066709236200763,-0.28087795036947577,-0.3255153458543289
#50,0.10487791335248962,0.5623028267096064,-0.16061762841423857,-0.09798905222634036,-0.11500390991916416,-0.029604334689080452,0.29526969187986135,0.3427361105327207,1.0,0.4090140988446073,0.35215600808821146,-0.061109954330293315,-0.06636220195542229,0.5530138767426903,0.2141256819222921,-0.1939458719119736,-0.08877552436874471,-0.1333740520181198,0.0018082797743814692,-0.11082237861898879,-0.2899670086110764,-0.2995224808784131,-0.10260044327840938,0.024475168542965154,-0.2511320257082969,0.2371733829360948,-0.11197129332722552,-0.056904361989107755,-0.12211394753767635,-0.09941513161852145,-0.2715246833890902,0.2020030816640986,0.029295705566892007,-0.012811578913273829,-0.08139017291559665,-0.15346317041232296,0.13419166470013927,0.0888819482039821,0.1885913648625513,-0.10507687965315084,0.30144736415922857,-0.0945561894714437,0.09855957652567822,0.11198702554634758,0.17175141242937852,0.03655473655473655,-0.18123238801204902,-0.06816863088049528,-0.12205472035980511,-0.17527866849900747,-0.12561297815535102,-0.07576081474386559,-0.0136657458691357,0.003902515766922547,-0.013769393430410379,-0.024729197610553543,-0.060129929621455046,-0.18757987571546894,-0.06597444902529648,-0.08151371710693744,-0.16195347890263145,-0.1685147397011804,0.19048154471883286,-0.24865651475820968,-0.11803837736041126,-0.06898578085018763,0.5263699755225179,0.3873906263736772,-0.12499988432191822,-0.41800598749751294,-0.09612709782201308,-0.21165988793107438,0.07336396488938862,-0.022815882137916035,-0.013583845787235618,-0.23974097363927874,0.001209067310762226,-0.07317055113665283,0.23539194047668624,-0.257985257985258,0.11535695942475603,-0.15398557262964044,-0.07657750200123081,0.0004691902996987743,-0.01566096142367329,-0.09967101153541831,-0.17484001721289857,0.07769541498355058,0.1006755599975939,0.06773738299162028,0.057685883109611924,0.04614768852056988,-0.14054516766381173,-0.16534886195903145,0.015098303233896455,0.14703794703794704,-0.1623305894492335,0.06271556610539661,0.022591929371590387,-0.061727212574670204,-0.02184649981260151,-0.13724510334679826,-0.19097618419652318,-0.02855953025444551,-0.2361734615971904,-0.08387077370128218,-0.03850599443819783,-0.12381302720285771,-0.061543978493131035,-0.13184154879070134,-0.10838342194274397
#51,0.3995247944400487,0.6101995678266865,0.2662386577640815,0.32277932786407365,0.020667508803102023,0.14874072840174535,0.6405215693351286,0.36049547235987917,0.4090140988446073,1.0,0.5509941374348154,0.035410448969771004,0.07363650245006177,0.5269344845616032,0.16346423465067533,-0.08573226539328234,0.3396502820231634,0.16935733884886428,-0.016280070517358653,-0.1010170416950078,-0.14145300924961943,-0.1325110935280427,-0.12403883081849183,0.13816682630241953,-0.27042712974916366,0.05607564421123743,0.041394244784075294,0.03955126158515989,0.13653437721234332,0.035504379572176184,0.008502339010813587,0.0551497568446721,0.24296237686068195,-0.025726342675495218,-0.020923388719998888,-0.22797188559900425,0.07119615763683561,-0.19507766626410694,0.09326152038016444,-0.1616957481364261,0.13363918618155907,0.02282883808307537,0.12134399422535015,0.14997802116446185,0.08169648847614949,0.031530143394550174,-0.1247523332269095,-0.124447405803338,-0.019222920917836173,-0.19813249304774727,-0.17523147184164134,-0.2228950059458534,-0.12054072562547138,-0.08560733306496018,-0.23644368559622797,-0.1622551673399131,-0.2866498239379595,-0.31174502699926426,-0.32531869311530326,-0.3169491525423729,-0.2878991472211811,-0.09910048723608046,0.21250433792806675,0.01695007796702712,0.1670016703915009,0.08376434986604478,0.3748529731580579,0.3437485251044573,-0.2972352938454633,-0.3119588000943933,-0.033409218154980866,-0.1822225923920839,0.014599499345262057,0.021848350661909984,-0.1399653891179315,-0.08319845268997811,-0.20198503588334096,-0.16835880564694125,0.3800621885367648,-0.0652193025074381,0.2715251461014173,0.17399417907892484,-0.017937043360772176,0.0892983892983893,0.08050176524752796,-0.26320650388447,-0.2898004321733135,0.40447211464160615,0.014244136278034582,0.26657227335193434,0.09060879060879061,-0.09039085310271751,-0.22809774335198063,-0.3158293887107446,-0.31253811592794645,0.31742250725301574,-0.06120619849433409,0.22869603039094563,0.14280921908040553,0.13848424695882322,0.09576895848082288,0.19381122262478195,-0.051157012173961326,0.07007084125728194,-0.18981755252941693,-0.016124136463119516,0.04101158168954779,-0.19566346007023974,-0.03284517182822268,-0.25045970469699286,-0.36560659272523677
#52,0.39913102624967034,0.4682435902774886,0.13597727157049191,0.276543261289024,-0.01459255866035527,-0.0038812309998750676,0.29944011808418586,0.48248865198017743,0.35215600808821146,0.5509941374348154,1.0,0.0931879491201525,-0.032934012595029545,0.3456572134538236,0.205563190308953,-0.009750274157053818,0.1545274087646969,0.03075556295895279,0.041367407469102384,-0.08394804665991107,-0.03530818954547768,-0.13063525775390183,-0.04146318892081604,0.04221972357565578,-0.27575294863430455,-0.08348024449719366,-0.11212537653215619,-0.14508576372983154,0.045599837125260854,-0.007373783644970085,-0.03463124141090243,0.08464998126015075,0.0031843862352336928,-0.09763276373445864,0.03794518709772947,-0.21119254848068408,0.10156766936427954,0.006608920168242202,0.05418176265633893,-0.21194676957388822,0.1866928561843816,-0.10064317013469556,0.03326855360753666,-0.04956111735772753,0.055867886376360955,-0.041844001166035066,-0.21856772026263552,-0.21023704752518313,-0.20665750496258972,-0.19627516576669118,-0.1611506730150798,-0.22687988450700314,-0.1866854527871477,-0.07876983300712115,-0.1309059444652665,-0.12468200095318739,-0.2394059699144445,-0.2634855194177228,-0.20208313089669022,-0.2538416690959064,-0.17308217308217308,-0.10372992406890712,0.11738363941753772,0.021188522883438136,-0.0235705659434473,-0.07621057112582537,0.2990477380307889,0.3156058986567461,-0.11001309475885747,-0.12574485116857997,0.02312589939708584,-0.05315361586548027,0.23665190614343157,-0.08187648357139883,0.02930403438878015,-0.26684481091260753,0.09308707783284055,-0.19324486273638816,0.18888564990259907,-0.12862616082955067,0.0270409083968406,-0.13599855633753938,-0.08567165007842974,0.12129170773238569,0.05350759079572639,-0.11261168718795837,-0.1636238704035314,0.22313145194501127,0.015907587094027772,0.04541845389303016,0.05129721400907842,0.040009809501334925,-0.05557313862398608,-0.2816839952433173,-0.11233174623005132,0.04090839684060023,-0.18463980158895413,0.13117339219034135,0.058311007463549835,-0.028560455679099747,-0.02290611104170426,0.12473567558313321,-0.01673352859793538,0.08788341500205907,-0.09304682186038118,-0.0493473442625985,-0.06463998667388497,-0.12863911677471,0.0353401166960489,-0.25242900836121174,-0.27009767857225486
#53,0.2765210510973223,-0.16667823447484464,0.24793422081557676,0.2027073298259739,0.5178384856350958,0.2948898050592966,-0.06369651623888913,0.3835565920311683,-0.061109954330293315,0.035410448969771004,0.0931879491201525,1.0,0.2112004145902451,-0.09347529347529347,-0.215213055891022,-0.17831452407723594,0.13437258522004283,0.028044068722034823,-0.0028535469213435316,-0.1092172295562126,-0.12095161417195316,-0.1782701036938325,0.1488850946478065,-0.10504171351628978,0.07669456821999195,-0.20881929695489018,-0.011674232013215064,-0.28409842816622477,0.22519514892396247,0.1999930593150932,0.09926752638617045,-0.1769476718629261,-0.030088794495574157,0.05789410365681552,0.22039635937941024,0.1551062618859229,0.07194621431909567,0.05656334300402097,-0.018934651138040968,-0.12172203019660646,0.0866225239106595,0.004758996284420013,0.02608263116737693,-0.060274758579843324,-0.04479795666236344,-0.17247555722131994,-0.08440705728841322,-0.15435435435435435,-0.29792566063752507,-0.2640204148678725,-0.3104517460449664,-0.27173521749792934,-0.3590800353512218,-0.15671835163360587,-0.23157039936700954,0.08321742389539,-0.2831623611284628,-0.3202214541197592,-0.033866377934174546,-0.19067218219760593,0.05543386221352323,0.06431146092163041,0.028886205157391598,-0.02520856758144894,0.027488351217164777,-0.02496333004807581,-0.07941948111439637,-0.12228700194801889,0.043769809871504785,-0.01942975332805841,0.10735018531628701,0.0436781928307352,0.22371770846347117,-0.07734699260122989,0.06103915934424409,-0.14027910807571825,-0.05835311428531768,-0.33672455197878925,-0.23808307537121096,-0.06880809931657389,0.16081104216697437,0.22729725102606457,-0.050954806887010276,0.4719758279080313,0.3922916753425228,0.2074515193159261,0.03189938783159122,0.07703882619136856,0.12968993646959748,0.21369397132108997,0.21390358000527493,0.3147174909886774,0.14771211889855956,-0.016777023556684572,-0.11389941559433085,-0.2257231036892054,-0.12999949101644018,-0.01217858844977489,-0.2190295071651004,-0.3377786106599666,-0.08187740899605306,0.15864786203769254,0.05395133191743361,-0.1565277141548328,-0.10298588264689959,-0.08057672464452126,-0.2042495500122619,0.008119675916286085,0.12498554023977752,0.035728795050828946,0.030705590027623925
#54,0.1993174993174993,-0.07710082964320253,0.13162361128462824,0.04664973139549411,0.2244691532827126,0.39188865290560204,0.019519982231846637,0.022568793755234434,-0.06636220195542229,0.07363650245006177,-0.032934012595029545,0.2112004145902451,1.0,-0.0024736601007787446,-0.1329256837731414,-0.10442352984725867,0.3500807433010823,0.12543946103268136,-0.013729137457951018,-0.02153972153972154,-0.2044707265046248,-0.07924688941638094,0.01511125917905579,-0.13509904357361985,0.032323695035559444,-0.06555476894459945,-0.07592230134603016,-0.11641194353058759,0.35454082742218335,-0.02732131206707478,0.21247564976378536,-0.19113674537403352,0.14637950739645655,-0.11733644276017158,0.0024718092514702684,-0.14354122998190794,0.12027883044832198,0.07324458510899189,0.03657694674643827,0.093993993993994,-0.01705742722691875,0.09977512180902011,0.17068763678933171,0.06964514591633236,0.21620649925734672,0.1456206591799812,-0.08721664653868044,-0.09976124043920655,-0.07651087142612566,-0.1831905865804171,-0.14176163837180786,-0.1934082001878612,-0.0698663224086953,-0.11439220422271269,-0.15506461777648217,-0.04030270640440132,-0.1674740996774895,-0.23251248166502403,0.08775200470115724,0.04055025749941004,0.05326189055002614,0.09130517266110487,-0.10020868325953072,-0.20671164230486264,0.12330265550604534,0.08529824123044462,-0.08462499479448632,0.008810042708347792,-0.11143593516474873,-0.07104022358259647,0.08333310197716977,-0.04833816867715173,0.02460056358361443,0.13621834469292096,-0.06505180064502099,0.1338048371946677,-0.07304330524669508,0.04554060994738961,0.035029174012224856,0.23073983073983073,0.048567673991402806,0.15392264375315223,0.4194288279034042,0.25699551631755024,-0.010384190045206994,0.036331246500738025,-0.03727194066177117,-0.08697881240254121,-0.0017087966240508614,0.11451621112638062,0.1837796193728397,-0.03436610724746318,0.12510908443111832,-0.03219829999491017,-0.05917998121387952,0.018962413877668116,-0.03824965180897384,0.10280773840095873,-0.0035439137134052386,0.02446128717315158,0.041517788975416095,0.3012881911186996,-0.014532868770156906,0.12458344322751103,0.2314653636687535,0.07255606916623866,0.05475136153102255,-0.06587589129962011,0.09824446943091011,0.06231670807941994,-0.08296987280038128
#58,0.04596029002808664,0.48904389751847377,-0.14337928066741626,-0.06741302165030978,-0.0635216109792381,-0.01402804962126996,0.5601627821966805,0.21835996242775904,0.5530138767426903,0.5269344845616032,0.3456572134538236,-0.09347529347529347,-0.0024736601007787446,1.0,0.252146291129342,-0.1582619599568752,-0.05177565855531957,-0.1740464655718893,0.040290675883896225,-0.03916721035365103,-0.23365538111300824,-0.2565346548397396,-0.28403457386508235,0.00797762323186052,-0.3225456581388785,0.17925151653965213,-0.13531096581944038,0.013703225567632347,0.07217016708542132,-0.021155207595885562,-0.12008541669558619,0.19831295085532374,0.08114632351920488,-0.02710244913634744,-0.14026800297986738,-0.22580222749714274,0.17565346548397395,0.04712863865406238,0.18846828338353763,-0.20211505804726143,0.15332435671418723,0.049035013441793104,0.39084199762165867,0.27744323676527066,0.3351925114636979,0.1133534150483303,-0.1453994826876183,-0.07883091103430087,-0.1093162499942161,-0.2831850340324917,-0.2803772956315329,-0.17098932522661336,-0.2735546023681617,-0.21272551442042967,-0.06511287867220071,-0.21992901992901992,-0.15124030039284275,-0.2936529750089072,-0.1738646196273315,-0.2109463855226567,-0.1566609753050431,-0.11756132095115146,0.32474863152829253,-0.04663399917637206,-0.1006612159154532,-0.15735920820666582,0.7075736753702856,0.5626808626808627,-0.3296950263051958,-0.41137809612385884,-0.20682963394827802,-0.25256504578538475,-0.008945154707866573,-0.13819181276808395,-0.1655728147253571,-0.3084477389562135,-0.14627863610914457,-0.16405280473077083,0.6044994146689062,-0.10170787119939663,0.21927844639709046,0.13118866169713628,-0.13532993702485227,-0.010687266619470009,-0.001689825418638978,-0.13958365144805823,-0.14060069314306603,0.35336785167293644,0.06546407732848411,0.3466835093953738,0.24366014704997757,0.0852107886006191,-0.13489313658805185,-0.10123775547504361,-0.04428064428064428,0.013383491349593045,-0.1599883396493566,-0.01661322339288441,0.016142644956204277,-0.03646404493862121,-0.1255130322926933,-0.046123627479559684,-0.0737364483127195,-0.11716616462379174,-0.2602483839771975,-0.1400111976383163,0.04775330029567318,-0.10975351314334365,-0.006852769564633971,-0.11522693726083556,-0.18740543316814504
#101,-0.1286266235418778,0.22126348228043144,-0.10181845944557809,-0.09537842927673436,-0.19334110690042894,-0.16930644049288118,0.10000046271232711,0.006818066140100039,0.2141256819222921,0.16346423465067533,0.205563190308953,-0.215213055891022,-0.1329256837731414,0.252146291129342,1.0,0.23677730118408086,-0.08165900877765285,-0.02027929316064909,0.25495726851659056,0.10398765483511246,0.3122965800931903,0.1550623042148466,-0.007566271973051634,0.3626808626808627,-0.24843626369050098,0.3851399936145699,-0.25976670044466654,0.08491604084824424,0.014974296330228534,0.06494583952211071,-0.2643651355515762,0.13191141835209633,-0.033862213523230475,0.0628946357759917,-0.012036073053022206,0.0046363775177334495,0.2281356857628044,0.23432029872707838,0.12900882392407817,0.05152533118634814,0.20680881189355765,0.1371109167719337,0.16032195523720946,0.15479069207882767,0.06474178338585118,0.11459302137268239,-0.24865605204588256,-0.15002845680811783,-0.17849451917248527,-0.00033916813577830525,0.08956398617415566,0.20209145971857836,0.11722446637700874,0.25268488827810864,0.4064326267716098,0.02198947792168131,0.10967809103402323,0.192618812957796,-0.2739229213805485,-0.08139341190188648,-0.3415955246463721,-0.23777490896134965,0.061907670382246656,-0.09942762485135366,-0.1796189101273847,-0.006940222194459483,0.259663515595719,0.20742699556258878,0.19742222962561945,0.016791830351152386,0.015889541313270125,0.04541521490674033,0.06061115044165891,-0.2552538671182739,0.11040501209992735,0.02575086642883253,0.032840081992624365,-0.04718786583193363,0.367996501894807,0.11509089983666256,0.10279524516812652,0.0015875659943456553,-0.13356052508594882,-0.21717819514429684,-0.08803287108371854,-0.3273176103684578,-0.2370354946626133,0.07760935049070643,-0.02856924721331501,0.03846573846573847,0.02104184307574138,-0.18523623777861065,-0.12044031705048654,-0.34890776755183533,-0.0739543858187926,0.22346182854657431,0.16667592091320904,-0.049783219274744696,0.15944141367870182,0.04523568252381812,-0.048579241799580786,-0.2235488184640727,-0.01018938815548985,-0.18472077624619998,-0.08398228737211788,-0.23682542326610123,0.06529842631537547,-0.18604783520037757,-0.2040686294923583,-0.3211158770480804,-0.265875428587293
#102,0.03651586871925855,-0.03638168214439401,0.18178023940735805,0.1280921908040552,-0.04835575174558225,-0.03751023751023751,-0.13852311479430124,-0.012870343378817956,-0.1939458719119736,-0.08573226539328234,-0.009750274157053818,-0.17831452407723594,-0.10442352984725867,-0.1582619599568752,0.23677730118408086,1.0,0.1063303673473165,0.22497952497952498,-0.07184580574411083,0.3938223277206328,0.3680945969081562,0.5610396220565712,0.2776676522439234,0.24497933989459414,0.2635479855818839,-0.0708181216655793,-0.29876687164822757,-0.07381834839461958,0.050846532202464406,0.04976748705562265,0.10686526279746619,-0.07702540753388211,-0.15557776574725726,-0.10354854083667643,0.1434843163656723,0.06611002373714238,-0.22852112513129463,0.05961446808904436,-0.3507007778194219,-0.023568715094138822,-0.21005381344364396,-0.0777856438873388,-0.11502473197388452,0.1429318378470921,-0.15389488101352508,0.10393444291749376,-0.29065830082779237,-0.2977979520352402,-0.20947449761009082,0.1703045109824771,0.17407978085944187,0.0317267961335758,-0.03161574517506721,0.16676892609096,0.02832539781692324,0.1304677558914847,-0.09254662983476543,0.2877297945094555,-0.08256453680182493,-0.09097063164859776,-0.003342171138781308,-0.02736619516280533,-0.12391760018878663,0.37780554051740495,0.09424941119856374,0.1155281629857901,-0.14682278580583666,-0.18176265633892752,0.3508076643669864,0.446050981644202,0.2721405534964857,0.3018619544043273,0.11341958291110833,-0.0004326360258563648,-0.04072701360836954,0.12813383491349592,0.1489216489216489,0.11794999930593152,-0.047516854296515317,0.35317860233114473,-0.2941314195551484,-0.13097072419106318,-0.030700037479698496,-0.010765465002753138,0.08194496499581246,-0.20814281153264205,-0.01649893344808599,-0.15751930667184905,-0.027573490285354694,-0.15055687428568784,-0.10695595441358154,-0.2651323125899397,0.04515008074330108,-0.06533174160292804,-0.024530694022219447,0.09646719138244562,0.20215670215670214,0.10040626142321057,-0.07330658856082585,-0.012138795189642648,0.03913713405238829,0.061408403781285134,0.002881772373297797,0.2132099742269234,-0.040114382487263844,0.011273985850257037,-0.024294710735388702,-0.10338427796054915,-0.13151302303844678,-0.0847795407117441,-0.14278238176543262
#201,0.31165711165711163,0.05516595177612127,0.6436337724473318,0.320640208775802,0.18761457914000287,0.31415344466191925,0.16114465775482725,0.09593322135695018,-0.08877552436874471,0.3396502820231634,0.1545274087646969,0.13437258522004283,0.3500807433010823,-0.05177565855531957,-0.08165900877765285,0.1063303673473165,1.0,0.6095790705960198,-0.12646298070026885,-0.13528227765515902,0.05051014034064882,0.02349745739576248,0.29205615476801916,0.11853533039973718,0.18063456368541114,-0.0075755262195940165,0.1303710490151168,0.014254778661558323,0.4570445638242248,0.17719892465655177,0.45912214217298963,-0.270568257008935,0.34992018212357195,0.0283971182276267,0.10049047506674626,-0.17379798905222635,0.03981038048834659,-0.18215272283068892,0.012011086587357774,0.033225521361114584,0.003739641027776621,-0.0629742222962562,0.03337451473044693,0.0800159173040529,-0.017367907198415675,0.0287506304455457,-0.05901664376240647,-0.04697131646284189,-0.02599055141428023,-0.0778508863254626,-0.02564768157988497,-0.16822554449673094,0.024866623171707916,0.08346590041505296,-0.19882008356584627,0.10234363793685827,-0.34294340565527004,-0.21976475705289264,-0.22779374135306338,-0.23942725468149198,-0.2238343119699052,-0.040207850377341904,-0.151936682445157,0.042070730206323424,0.3306227645210696,0.19415594330848568,-0.13382242026309824,-0.1908845671557536,0.10581907022584988,0.212081881573407,0.36189980427268564,0.3050060846671016,0.09821439312964737,0.2889161889161889,-0.12006274379155735,0.13612626493982427,-0.2948296524567711,-0.20462249614791989,0.09270256388900457,0.2612117510422595,-0.015262103397696618,0.12720609669762212,0.14962126996025302,0.27696294136972105,0.05637686993619197,-0.3045854791617503,-0.296958129161519,0.16160228024634804,-0.1344410666444565,0.009227409227409228,0.0995497809057131,-0.21717449344567988,-0.04042671330806924,-0.226813253931898,-0.3639070503477283,0.4762003914546287,0.0952363765923088,0.5510542900373409,0.36933050153389135,0.20910201418675994,0.40753943465807874,0.6162379636955908,0.263968128374908,0.38184131743453775,0.3133890438975185,0.2674518894857878,0.2210862634591448,-0.2354706015722965,-0.035485871079091416,-0.1896111828315218,-0.34360739784468597
