,#10,#11,#12,#13,#17,#18,#26,#49,#50,#51,#52,#53,#54,#58,#101,#102,#201,#202,#301,#302,#401,#402,#501,#502,#601,#602,#701,#702,#801,#802,#901,#902,#1001,#1002,#1101,#1102,#1201,#1202,#1301,#1302,#1401,#1402,#1501,#1502,#1601,#1602,#1701,#1702,#1801,#1802,#1901,#1902,#2001,#2002,#2101,#2102,#2201,#2202,#2301,#2302,#2401,#2402,#2501,#2502,#2601,#2602,#2701,#2702,#2801,#2802,#2901,#2902,#3001,#3002,#3101,#3102,#3201,#3202,#3301,#3302,#3401,#3402,#3455,#3501,#3502,#3601,#3602,#3701,#3702,#3801,#3802,#3901,#3902,#4001,#4002,#4101,#4102,#4201,#4202,#4301,#4302,#4401,#4402,#4501,#4502,#4601,#4602,#4701,#4702,#4801,#4802
#10,1.0,0.3946788082381303,0.3399006093921348,0.5474479101597746,0.3845634540549795,0.29952710800168425,0.13385989996159486,0.45328132446776515,0.008466710161625415,0.2964292489716219,0.40756118213745335,0.07248527418018944,0.23369424894848623,0.042542234067657794,-0.24709393522952844,-0.13932221898323593,0.29590175691870607,0.18508909525858677,0.04263477653308162,0.038704035314204806,-0.08734111615467548,0.032615901643080314,0.015614227478634259,-0.06263736772211348,-0.03745841372960017,0.00965125371905033,-0.012365986942258128,0.16374047390996543,-0.11258346173600411,-0.14607596810986642,0.015295418685249194,-0.008314940518330349,0.14769361040547482,-0.0430873091890041,-0.161233035809307,-0.004306000916170408,-0.06481072752259193,-0.0077495060545908,0.14185973338515712,-0.010260645853866194,-0.10765788901382121,-0.042478842478842475,-0.05089048987354072,0.049956273685087246,0.004400394230902705,0.2342476528917207,0.12092709041861584,0.10834501681959309,-0.041760250234826504,-0.17808455605065773,-0.05827399047738031,-0.03952025985924291,-0.11560589865674611,-0.13094527501307163,-0.14385124724107776,-0.16261654566739311,-0.23309920089581107,-0.13775362419430215,-0.11332009976077773,-0.03306033306033306,0.0764002831799442,0.2205823697349121,-0.02301207216461454,-0.08265522841794028,0.18962182521504556,0.1693846388761643,0.06858183298861265,0.017388266540808914,-0.09409949240457716,-0.06803768329192059,0.12414062753045804,0.062254704627585984,-0.21995817080562843,0.16487226826209878,-0.11111666365903654,-0.020460213680552664,-0.005837116006607532,-0.10152232355622186,-0.04946070878274268,0.12160126227922838,0.1386383301637539,0.20735434972723107,0.01416778874405993,0.06872249753605686,-0.00788461805410958,0.1549077582975888,0.011881064423437305,0.2031455183997557,0.15418176265633893,0.12252529879648524,-0.0065834709902506516,-0.08369124131835996,-0.018051333305570592,0.015300045808520384,-0.08263533178787416,0.08162846976406299,0.016923240652054212,0.2016731677748627,0.16913847591813694,0.14765289172068832,0.14352688589976725,0.2612131391792409,0.1299883859205893,0.36691144148771265,0.14531619446873684,0.2758195792094097,0.05279408838730873,0.0014237658305454916,0.09218386337030404,-0.03643396863735847,-0.06115298657671539
#11,0.3946788082381303,1.0,0.6595089696784612,0.4137916036221121,0.09935868071461292,0.08004784445462411,0.2171356256102019,0.06125848498729854,0.3554449673093741,0.2477394189258596,0.466256240832512,-0.18929700116140794,-0.04056460158155074,0.2652220787814008,-0.23657694674643828,-0.24243534752009327,0.14267225623157825,0.5473225151191253,0.018045318045318046,-0.11470175876955538,-0.21693851015884913,-0.079007444926527,0.10152186084389474,0.06360628733510089,0.018590393166664353,0.039548485311197173,-0.08170111559942068,0.08507660202575457,-0.15307726833150562,-0.09243742972556532,0.05282832909951554,0.037570390112762996,0.327361105327207,0.21427513800395157,-0.04719850821545737,0.009022427666495463,-0.10714242748141053,-0.10476501154467256,0.10934586358315172,0.08153639001096628,0.0618725042453856,-0.057652567822059346,-0.11437971098988048,-0.0498535515484668,-0.2055576377610276,-0.06670044466654636,-0.0945585030330793,0.12520856758144894,-0.3216868640597454,-0.04242192886260683,0.056675782099510914,0.06583147091621668,0.15909530485801673,0.17019669901025833,-0.031161824382163365,0.05489387692777523,-0.25518446026920605,-0.05187051458237899,-0.04735814396831346,0.03965352100945321,-0.017372997034013984,0.22696178458890323,-0.198811292031631,-0.20996821166312693,0.20551090381598855,0.07298963061674926,0.2254959119365899,0.1665167478726801,0.1103721595247019,0.041764877358097696,0.232457881610424,0.3270237880407372,-0.2162740552571061,-0.016920464378091495,-0.3506605218469625,-0.11733366648620885,0.0757853384972029,0.10645206068934883,-0.15891623518742162,-0.09099237912797235,0.11983971644988595,0.14874257925105383,0.03240189341884257,-0.05164933809001605,-0.21990079447706568,-0.060133168607744876,-0.11049894270233253,-0.039426329256837735,0.232123803310244,0.07337506998523947,0.1732621681774224,-0.014879903015496236,-0.05488508539355997,0.039164434079688316,-0.12303335693166202,0.2334781622917216,0.14143496346886178,0.29006464091209855,0.3344558734389243,0.3227742380284753,0.25689742130420096,0.19408561103476357,0.2080715538342657,0.4309832174238954,0.46462286631778155,0.38660077643128493,0.4867923393347122,0.08005062072858683,0.05330538550877534,-0.014956713261798007,-0.010133399963908439
#12,0.3399006093921348,0.6595089696784612,1.0,0.5197721604501265,0.011176816261562025,0.18606356741949961,0.2426949291356071,-0.16043069263408247,0.061158539124640816,0.3003683190123868,0.3560997052522476,-0.2442857341162426,0.007395531124344683,0.07218960100316033,-0.36483987839920046,-0.32700250327368974,0.37310530869852904,0.8409120985392172,-0.03005640463267582,-0.14591216794606626,-0.35368434690468586,-0.20538506982156443,0.265995733792344,0.0753614940055618,0.0366745790474604,-0.09707334453097165,0.15504703470805165,0.3151644710966745,-0.12515998278710144,-0.26998847846305474,0.10644326915513357,-0.009539277335887506,0.46297375958392906,-0.0056983023084718,-0.18081363335600623,-0.09915416186602627,-0.32189647274393035,-0.3467825298333773,-0.03317925012840267,-0.06033629931935017,-0.07083200303539286,-0.2573050708643929,-0.19735652447516855,-0.22333458265661654,-0.2497637853570057,-0.09989311345243548,-0.03072409852070869,0.2819366361739243,-0.10622070452578927,0.1386647047663997,0.3200710726134455,0.30896643947491403,0.3283240096799419,0.298578085018763,-0.2060499636770823,-0.03448872601414974,-0.30429720938195515,-0.173715163545672,-0.005569205569205569,0.19262714177968415,0.019880435134672424,0.284126653618179,-0.36876923148109586,-0.2952710800168427,0.35232674893691845,0.1894196199280945,-0.010326813716644226,0.041061091908549535,0.03988117547439581,0.010159774566554227,0.4350615638751232,0.4358361443107206,-0.35831841086078375,0.2690778606032843,-0.463727055252479,0.08890415839568382,0.04703378262700297,0.12299587723316537,-0.11149932675356404,-0.14156822461907206,0.07951757612774563,0.14226368124673208,0.17049237218728744,0.032844246403568436,-0.19727601253024982,-0.055239060323806086,-0.015124677836542243,0.05817080562843275,0.11729294780142238,-0.014102546305936136,0.007198878385319064,-0.009178361720734602,0.02135833830749085,0.06904732158969447,-0.06099566438549489,0.4669609517067144,0.06994313265499706,0.5792871453888403,0.5534187500289195,0.41732163596570376,0.512244756312553,0.44428203241762565,0.289106826394962,0.6727351388368338,0.6985466205805189,0.5376661715644766,0.5505980556828014,0.06438179319535252,0.05012192469819588,-0.05891438433811315,-0.01780517034754323
#13,0.5474479101597746,0.4137916036221121,0.5197721604501265,1.0,0.26658846828338356,0.27293271700051364,0.1584067889152635,0.0070600646871833315,-0.01878426963172726,0.32666657412420125,0.37793001013339994,-0.04146642790710588,0.22770582601091074,0.167347779212186,-0.10385855809584624,-0.19904496175682615,0.40008097465724585,0.29833747460866106,0.03381964398913551,0.005785292225970192,-0.14257045951961206,-0.030683152029127025,0.04433385619826298,0.033715071003206594,0.007037391783154495,-0.01268664658495167,0.016853833802986346,0.24709162166789286,-0.008373704983874476,-0.054864726051166726,0.0911362826617064,0.08954223869478106,0.24059421517048635,0.03024843024843025,-0.0781803375023714,0.04529167071539953,-0.05727221828916744,-0.08408130781012137,0.19190531054937834,0.007124844412980006,-0.01180055247851858,-0.059796776745929286,-0.11578219205337849,0.009910835334564149,-0.1234858895875845,0.15794315116349014,0.0708717962955251,0.3508946542844848,-0.15735087938477768,-0.031818413174345375,0.0007903126547194344,-0.04203695220644373,-0.0006232735046294368,0.020906268363895482,-0.12410175969498004,-0.13185126574957085,-0.23596801732394954,-0.1586589671335434,-0.04069647459477968,-0.017294335938403734,0.020480573022945904,0.21154004543835053,-0.00912792607707862,-0.10881374440696474,0.22064946302234437,0.06368124673209419,0.22156146901909612,0.10453735707972996,-0.03202339473525914,-0.1467492145458247,0.10383681061647164,0.11634716380479092,-0.20939815007611617,0.08647306782900004,-0.28112226247819466,-0.0899258272139628,-0.01564615462920548,-0.1132298708569895,0.0552103721595247,0.10676577964713557,0.12661151135727408,0.22538486097808133,0.08086545713664357,0.033745610016796455,-0.13021835394716752,-0.03837550956195024,-0.07215350944164503,0.05440664084731881,-0.016346238380136685,0.14552857942688452,0.013737003567512042,-0.06327637344586497,-0.03751208835954599,-0.018511732071054107,-0.0708546759394217,0.11097738724857369,-0.08828967642526965,0.22609095998926507,0.1532438447692685,0.18899207373783644,0.13256708171962409,0.30449108584701806,0.11962964505337387,0.3918576511796851,0.38296617110176434,0.3048149844760014,0.26332218196624974,0.02785990921584142,0.10347219330270177,0.007600049972931329,0.04834696021136699
#17,0.3845634540549795,0.09935868071461292,0.011176816261562025,0.26658846828338356,1.0,0.5113757825622233,0.241828268946913,0.4506919862852066,0.04020414867872495,-0.005094925433908485,0.3763808492622052,0.4328479481021854,0.45567678618526075,0.27096202519931334,-0.09302090997006252,-0.23443320053489544,-0.03815525849424155,-0.1527283832368578,0.2598990361702226,0.06232411147665385,-0.010327276428971344,-0.07640121744254523,-0.26271464068074235,-0.10957675703438416,-0.25407533882110156,0.01614634665482123,-0.2233378216429064,-0.09535992078364959,0.3374593391542544,0.3038525428355937,0.1293993531281667,0.429991162194552,0.025347843991911787,0.05107326124275277,0.3894339640102352,0.47668577668577666,0.3649620344535599,0.3048464489142455,0.2961062757672927,0.09856929348454772,0.24779540711744102,0.42102657356894646,0.3267952081511404,0.32654302993286044,0.2533789567687873,0.4178259924022636,-0.04572569487823725,-0.0038155258494241544,-0.14054794393777445,-0.19919025342754157,-0.31802819768921464,-0.25792834436902234,-0.41240763105169886,-0.2656792385605945,0.014997894658911609,-0.1733875632180717,-0.17672880893219875,-0.10623643674491132,-0.1371104540596066,-0.11935803291735494,-0.14469754808737859,0.05607564421123743,0.41381011211519686,0.11860566267345929,-0.1131521351860335,-0.08646335087013053,0.3661567576821814,0.16325832766510734,-0.04886936242868446,-0.10741589046673793,-0.17034522966726356,-0.22656847911085198,0.05942475603492552,-0.08918687562755359,-0.051045035790798506,-0.16045197740112993,-0.059741251266675,-0.22768824294248022,0.22622884826274656,0.43910011706621876,0.3486380062651249,0.46416709467556927,-0.16580000647797258,0.21525516271278983,0.2302132641115692,0.09092019600494176,0.08017555305690899,0.29877103605917166,0.22029965250304234,0.5250281097738725,0.46387882489577403,0.05061980316217604,0.24502653655196027,-0.14935891207077648,-0.012582536311349871,-0.28702091922430906,-0.11528061189078138,-0.1717754734703887,-0.23091890041042584,-0.1202769795990135,-0.14670155517613145,0.15111444263986637,0.34171768070073155,-0.0012405317490063253,-0.165444180698418,-0.10796189101273847,-0.07771993873688789,-0.14595288663085274,0.07080701656972843,-0.03635993466501941,0.0015306523781100053
#18,0.29952710800168425,0.08004784445462411,0.18606356741949961,0.27293271700051364,0.5113757825622233,1.0,0.2585733653530264,0.19049033625304812,0.005651105651105651,0.05773678146559502,0.23394688987909326,0.25727962168640134,0.7638006265124909,0.046550248245163496,-0.2926840553959198,-0.32099788540466506,0.19634179634179635,0.030066584303872438,0.22574392574392574,-0.06635526127051551,-0.14816465155448205,-0.20481269460670684,-0.19273587917655713,-0.1348459399306857,-0.26895940624754183,-0.20605366537569927,0.03738067805864416,0.12011040316125061,0.5300022672904029,0.27803828481794585,0.49282518265569114,0.2869010767315852,0.1780665102699001,-0.14580574411082886,0.30775505860251623,0.2475992170907425,0.39964741320673525,-0.0035166136861052117,0.11611210594261441,-0.25156234817251766,0.10187352221250526,-0.006708866030899929,0.18645132034962544,0.15744527269950997,-0.029275808936825885,0.22198346266142877,0.3575355016032982,0.3463008463008463,0.11620326027105689,-0.1325115562403698,-0.03305246695077203,0.013751810361979854,-0.19171976290620357,-0.1177635262381025,-0.2144916873730433,-0.23311123141631615,-0.3310341157798785,-0.37552899586797894,-0.162499479448632,-0.1817890309415733,-0.046921343531513025,0.058538661928492434,0.11550826635572398,-0.13538499979177945,0.18655357977391876,0.05280380534617823,0.20829735744989983,0.21526117797304237,-0.24588533063109333,-0.26439012201724066,-0.040806600128634025,-0.044331542636627384,-0.13266563944530047,0.027281981519269655,-0.1371590388539541,-0.11968517053262816,-0.11431863296270076,-0.23718217447031006,0.2900970307749969,0.2741339182017148,0.367534252280015,0.4681570630723173,-0.20984744374574882,0.3141881480864532,-0.013631967869256004,0.2144384754554246,0.1448743041963381,0.27602733704428617,0.1411013478810089,0.30742421928862607,0.29567826686470755,0.04506771794907388,0.148867511579376,0.019612061984943342,0.1154217391505527,-0.14889851330529297,-0.28885140919039226,0.1445504055673547,-0.046857951942697706,0.10962672996571302,0.15060453365538112,0.5323838476380849,0.22758135639491572,0.17607453370165235,0.13146351281944502,0.20768703989042972,0.09318100843524572,-0.19683551039483244,-0.09580782631630089,0.03705122688173536,0.012441409051578542
#26,0.13385989996159486,0.2171356256102019,0.2426949291356071,0.1584067889152635,0.241828268946913,0.2585733653530264,1.0,0.08029493283730572,0.19885154800409038,0.1564990259905514,0.3036202612473799,-0.07116145421230168,0.2150464794532591,0.40429165683402973,-0.18175340209238514,-0.10737239550798873,-0.08408732307037392,0.22723987469750181,0.24394841682977275,0.0073289005492395325,-0.18748918409935358,-0.14612225624572162,-0.10716001054984106,-0.03600410888546482,-0.13370489133200997,-0.00973916906120296,-0.08208146513231258,-0.011689964232337114,0.14512185529134683,0.011214758672385791,0.1653840280958925,0.2674185741982352,0.2258179597162648,0.19559636678280745,0.09657916776560845,0.16202427388868068,0.16036961460690274,0.08021164461842428,0.19666199327216277,-0.0034684916040848245,-0.03919682394258665,-0.12307777731506545,0.07267082182336419,0.05398418449265907,0.031544950189017984,-0.0321992254195644,0.14611113424672748,0.134342046206453,-0.10541188337798507,-0.13958133788642263,-0.09405183303488389,-0.07452722367976605,0.030498294905074566,0.07288829661711017,0.002196958129161519,-0.0015977456655422756,-0.20731409375477172,-0.18288195745822863,-0.06298717824141553,-0.07715681783478394,-0.07181804300448369,0.1031529217969896,0.0510256018730595,0.08295136430729651,0.18802870667277446,0.07622167622167622,0.22979034504458234,0.4782849104883003,-0.0506503421757659,-0.0017277678294627446,0.0485385231147943,0.14874304196338095,-0.13065330353465945,-0.20508474576271185,-0.21618290092866363,-0.17213176196227042,0.010546139359698682,-0.00903954802259887,0.0709759065691269,0.19630986919122512,0.13148618572347387,0.15115516132465284,0.03146999079202469,-0.05263630348376111,-0.18979395420073386,0.003226955769328651,-0.026311673769300888,-0.014301512606597353,0.036642651896889186,0.14999514152056526,0.2071266952622885,-0.04555587945418454,-0.06148243775362419,0.0007417278603719282,0.01940106516377703,-0.13714330663483207,-0.08502385282046299,0.07419268266725894,0.024333578570866706,0.15605898656746114,0.042849012340537763,0.1883197527265324,0.35541674185741984,0.10279015533252821,0.10453920792903844,0.1794250336623218,0.10118593169440628,-0.08754378415395364,0.013203958966670832,0.044506910608605524,-0.019580597546699243
#49,0.45328132446776515,0.06125848498729854,-0.16043069263408247,0.0070600646871833315,0.4506919862852066,0.19049033625304812,0.08029493283730572,1.0,0.2999634457261576,0.05108806803722058,0.2844815539730794,0.3610650712345628,0.3401097553639926,0.08659244760939676,-0.17448326600868974,-0.29401435333638726,0.07873651771956856,-0.1536871231786486,0.11924142941092093,-0.12557411031987303,-0.05280241720919687,-0.18666696588734072,-0.04515702142820787,-0.22728892220417643,-0.041073122429054636,-0.08511546986123257,0.026998801575072763,-0.02138980274573495,0.09680312053193409,0.030925378383005502,0.027923300804656735,0.06089155411189309,0.11856586941332704,0.03755326975665959,-0.0023237413067921544,0.06521976521976522,0.13796878542641255,0.06913755049348269,0.2735097192724311,-0.018751417056501803,-0.06509946001471426,0.1132298708569895,0.08057718735684838,0.045292596140053765,0.20327461513902192,0.06390242322445712,0.16685499058380415,-0.020123359106409954,0.009822919992411519,-0.18472216438318134,-0.11018892544316274,-0.11660628270797763,-0.1745577626933559,-0.3000578390408899,-0.08883382612196171,-0.3077416399450298,-0.10667693888032871,-0.23338376897698931,-0.07057889939245872,-0.09599291124714854,0.04990722617841262,0.20791747062933505,0.11209298666925785,-0.09963954709717422,0.038835445615106635,-0.004120915985322765,0.1337951202357982,0.06783594071729665,-0.20764909747960594,-0.25812545982037505,-0.0347469194926822,-0.14538606403013182,-0.10398117686253279,-0.13344993683976736,-0.10368180198688673,-0.11350102028068129,-0.11336683370581675,-0.15316703452296673,0.12750639699792243,0.12510214374621154,0.23076389178084095,0.17560441797729934,-8.791534215263029e-05,0.0027795129490044744,0.013550530499683041,0.2836801362225091,0.19705853773650384,0.1432876636266467,0.22848364543279798,0.16472697659138338,0.1044341722307824,-0.024887445226428277,0.026148799030154962,-0.026605496097021522,0.04826598555412115,-0.09207003613783275,-0.19602900280866384,-0.02283068893238385,-0.14562898800186935,-0.015593868136241017,-0.02854888787092177,0.1319808252011642,0.19076287381372128,0.14306371086032102,-0.15534779772067908,0.04896653201737947,-0.09204736323380391,0.11626942813383491,0.05663552612705155,0.08932106220241813,0.1264139331935942
#50,0.008466710161625415,0.3554449673093741,0.061158539124640816,-0.01878426963172726,0.04020414867872495,0.005651105651105651,0.19885154800409038,0.2999634457261576,1.0,-0.053037937783700494,0.1520907656500877,-0.08769324023561312,0.07088336410370309,0.23264157840429026,-0.000320659642693541,-0.23677637575942662,-0.14828356862255168,0.07707676860219233,0.10632203852542836,-0.29869607666217834,-0.11066829541405812,-0.3346868056060866,0.05602705941688992,-0.008426916901493173,-0.004059375245815924,-0.022739071891614265,-0.02562084426491206,-0.1153680645206069,0.068691958522467,0.02659577913815202,0.08483321534168992,0.12802232124266022,0.03957254635220737,0.2234900539985286,-0.0013936895292827496,0.06411203190864208,0.09849479679988155,-0.07869672445943632,0.16573106234123183,-0.02490132659624185,-0.12805193483159585,-0.06925693027387943,0.031098895505675166,-0.13434898689135977,0.06677123965259558,-0.22404901048968845,-0.025920681852885243,0.03863833016375389,-0.2596783223901868,-0.13338423168931643,-0.12368393046359148,-0.1877922606736166,0.03910937131276114,-0.16290203917322563,0.05947935608952558,-0.1878625929473387,0.07251627590610642,-0.251660905898194,0.14985725324708377,-0.01085800746817696,0.0915555000300763,0.13593794102268678,-0.022520671673214046,-0.14952595122086648,0.10686341194815771,-0.11360836954057293,0.2378757802486616,0.29108445888106904,-0.06944664232799826,-0.11923680228764974,0.09921940430415006,0.12673505554861486,-0.09919719411244834,-0.36421799303155233,-0.220543039187107,-0.2211075482261923,0.0013076250364385958,0.009073326022478565,-0.04893136588051842,-0.12113438554116521,0.012352568284771675,-0.1306250780827052,0.03564596954427463,-0.08835306801408496,-0.2777740760791608,0.16022895005945853,0.14598527649375106,-0.15924383551502194,-0.05058463702531499,-0.021155207595885562,0.03998898744661457,0.10543085458339696,-0.1446013039233378,0.2014894709809964,0.19778268252844525,-0.08086777069827918,-0.12751703938144615,-0.09215795147998537,0.03136819408005849,0.09586520264486366,-0.03692721997806744,0.051531809158927806,0.15730368272741155,0.06037933156577224,0.001296057228260618,-0.00846485931231694,0.10384699028766825,0.1331413077175789,0.09060138721155671,0.25690204842747216,0.25218469625249285
#51,0.2964292489716219,0.2477394189258596,0.3003683190123868,0.32666657412420125,-0.005094925433908485,0.05773678146559502,0.1564990259905514,0.05108806803722058,-0.053037937783700494,1.0,0.34791154791154794,0.059025435296621735,0.17872726347302617,0.05851460088748224,-0.1916596103036781,-0.1754730076763975,0.6076944432876636,0.137236311812583,-0.07396595362697057,-0.11362178819805939,-0.24180929774150114,-0.08569896001922164,0.23539471675064896,0.24899475746933375,0.053480290768426364,-0.10894376657088521,0.2509113119282611,0.30392472595862424,-0.05308559715339376,-0.10095596366782808,0.10609577219746712,-0.08928265707926725,0.3499294363701143,-0.038797965916609986,-0.11187458645085764,-0.14025041991143686,-0.13835376208257563,-0.4107284480165836,0.11257096850317189,-0.17518566332125654,0.0754461703614246,-0.09127787263380484,0.020828069980612353,-0.22060411721428672,0.0010475807085976578,0.03964935659850914,0.23901358986104748,0.0784760106794005,0.18353068014084964,0.09532938177005974,0.3224632953446513,0.2640514165937895,0.2098539217183285,-0.05168496693920423,-0.32481433667874343,-0.2878954455225642,-0.20330839313890162,-0.2519223383630163,0.08048742116538726,0.21275836699565512,0.06315884451477671,0.09757399926891452,-0.11355099321201016,-0.09112101315491146,0.38596547240615037,0.1831424644983967,-0.1432858127773382,-0.12252946320742931,-0.16865401611164324,-0.239582726023404,0.10290213171569104,0.11304386050148763,-0.15123706140655294,0.2757478587987063,-0.30315801163258793,-0.046708495861038236,-0.10838434736739821,-0.18682889360855462,0.10507549151616949,-0.10330839313890161,0.024876340130577417,0.15257476274425427,-0.05510950087221274,0.011070855138651749,0.020308906749584715,0.023673750792394862,-0.012569580366190535,0.16266836944803045,0.17173059037465818,0.0718860617165702,-0.031844325064664045,0.1056622107469565,0.0856054822156517,0.11613153986035342,-0.01765802782751935,0.37227196379738753,-0.13273828528065817,0.41517881517881516,0.15638566147040722,0.29029784792496655,0.3322491983508933,0.23961742944793793,0.1556508742949421,0.2768574429591379,0.211433158890786,0.3550382431738364,0.2161717958328128,0.041154097086300474,-0.025965102236288676,-0.027782173544885408,0.015230638959452519
#52,0.40756118213745335,0.466256240832512,0.3560997052522476,0.37793001013339994,0.3763808492622052,0.23394688987909326,0.3036202612473799,0.2844815539730794,0.1520907656500877,0.34791154791154794,1.0,0.15665449733246342,0.22963903811361439,0.4416168094134196,-0.2384615740547944,-0.2147845842761097,0.24691671640824184,0.22849289967934036,-0.04203695220644373,-0.07985766968817816,-0.2177320617998584,-0.12283047178501447,-0.02231198841368333,0.045184321455507895,-0.1552025060499637,-0.009581846869982463,-0.1874119111407247,-0.013540350828486421,0.16602257110731686,0.0880634100973084,0.16376592308795698,0.22026356094152705,0.2978854046650657,0.08048186861746184,0.09522943590740202,0.16338279728110236,0.12464128226840092,-0.021132071979529606,0.18644345424006442,0.02050370863930186,0.12985281120874342,0.10453504351809437,0.020567562940444296,-0.0330080465673686,0.01044896977100367,0.24034712678780476,-0.033083468676689015,0.06539143149312641,-0.27044795180388403,-0.07799478985919664,-0.0861986794190184,-0.07508247847230898,-0.031560682408140035,-0.006433089483936941,-0.04190924360415886,-0.09590268234336032,-0.24173248749519935,-0.12548249327910344,-0.08103157086207934,-0.025683310429073142,-0.03180638265384028,0.17835154106340548,0.0701208141886108,0.04989056853463633,0.079732737359856,-0.07779674898318967,0.23503981639574859,0.10759773641129573,-0.06650703091381058,-0.04450598518395128,0.10461833173697581,0.18612048103573528,-0.058198105655732774,0.04785000717204107,-0.24424085102051205,-0.0017615458293424396,0.08850252409574444,-0.006037933156577224,0.15091362548989667,0.1472457048728235,0.17011387350370402,0.19716820055803105,-0.07988080530453412,0.18239333324079088,0.08114863708084047,0.040207387665014784,-0.031696257119985936,-0.003023825057723363,0.3456442575086643,0.19840919501936452,0.20991129804689126,0.04364210126921991,0.1818130919825835,0.024904102870204566,-0.011472489438591133,0.13003974698889953,-0.08560872120194155,0.1097715589241013,0.07651966296034092,0.12077485806299365,0.08886945497114988,0.29202839202839204,0.37336720387567846,0.26975434602553244,0.19201265980927,0.17700921260243294,0.29115247759315555,0.022889916110255093,0.03445078360332598,-0.006847217016708542,0.06051444356529102
#53,0.07248527418018944,-0.18929700116140794,-0.2442857341162426,-0.04146642790710588,0.4328479481021854,0.25727962168640134,-0.07116145421230168,0.3610650712345628,-0.08769324023561312,0.059025435296621735,0.15665449733246342,1.0,0.4602960433468908,0.04246912551997298,-0.06643299694147152,-0.16775589148470504,0.11691444911783895,-0.24351855707787912,-0.1569251840438281,-0.06906814364441483,-0.13000689441367408,-0.15221849186071673,-0.2298865892086231,-0.1389631542173915,-0.18603626739219958,-0.20884104443426477,-0.18077661636983672,-0.09507026286687303,0.37415335211945383,0.1967591628608578,0.1090330700500192,0.10872166465386804,0.1460125765210511,-0.1259775954691209,0.3262640143996076,0.08368707690741589,0.3543173373681848,0.025159057362447192,0.07977947130489503,-0.14249041028702045,0.11130498757617402,0.29017708000758846,0.3294840294840295,0.14186019609748424,0.14597694767186292,0.2089021224614445,0.12087387850099715,-0.008596732325545885,0.045966768000666305,-0.1417968045086689,-0.13908392213476958,-0.11328400819926243,-0.42410684953057837,-0.32755960891554115,-0.20500654737942872,-0.32300281791807217,-0.12541863897796102,-0.1795971626480101,-0.06441372034592374,-0.1258323037984055,0.098115835403971,0.05589241012969826,0.3229889365482586,0.1509626729965713,-0.1936474224609818,-0.16795670863467474,0.17847138355612932,-0.13216822369364742,-0.05916239814544899,-0.12244617498854787,-0.09313751347649653,-0.12423224457122763,0.21002188629307272,0.056533729415085346,0.07952729308661512,-0.023768606819454276,0.01755530569089891,-0.286014519912825,0.36946237454712033,0.19449603686891823,0.4069221764137018,0.26309591563828855,-0.21317064367911825,0.34135676508557866,0.5570019942901299,0.3315074704905213,0.22664760291878935,0.2381857975078314,0.026994637164128688,0.47906458075949604,0.20762133473997882,0.24906508974305586,0.3413253006473346,0.046651119532475464,0.11421729896306168,-0.15024639431419093,-0.30773886367106706,-0.1639625758269826,-0.3340829273032663,-0.20475899628442001,-0.07688011586316672,0.05152949559729221,0.15390644882170307,-0.15009971450649418,-0.24318216521606353,-0.14738914569423045,-0.08467126602719822,0.104957037160427,-0.0236941101347881,0.10280311127768754,0.15359365528857055
#54,0.23369424894848623,-0.04056460158155074,0.007395531124344683,0.22770582601091074,0.45567678618526075,0.7638006265124909,0.2150464794532591,0.3401097553639926,0.07088336410370309,0.17872726347302617,0.22963903811361439,0.4602960433468908,1.0,0.07866387188421087,-0.30741357690510235,-0.3578496832734121,0.23097257504037166,-0.12265347011109723,0.12101315491146,-0.11119902645326374,-0.20645807594960136,-0.24766749580869507,-0.2363303210760838,-0.1796864661271441,-0.27016338372270576,-0.2429901396003091,0.11051374949680035,0.1752569210196329,0.5049288117084727,0.2248439502676791,0.4792339334712216,0.22421327336581573,0.1924027263010314,-0.15214258943072503,0.3009036771748636,0.1807715265342384,0.4032306574679456,-0.03229130517266111,0.18465229482178636,-0.30716510038543937,0.03310706700537209,-0.011364214754045263,0.25102652729771374,0.18576141626989084,0.16856101093389228,0.2973333888588126,0.4569575739067264,0.3420434301790234,0.175913972524142,-0.16389409440256897,-0.053798174137157186,-0.027878417708926184,-0.2867053494172138,-0.2931777694489559,-0.3389774982995322,-0.38795513541276255,-0.2663043629145324,-0.4537597690140063,-0.07103420832234392,-0.15079008129855587,0.05665496004479055,0.055227492515628106,0.17976327637344586,-0.14690237232610115,0.18323176797753069,-0.09805892178773534,0.2166590319132692,0.14747937459801866,-0.330472845727083,-0.3762989491803051,-0.0726055793852404,-0.09655834571088809,-0.053821309753513145,-0.008717962955251091,-0.19490646270307288,-0.2565864786203769,-0.10181892215790521,-0.33016976915282,0.3490521337978965,0.2674324555680488,0.3981139845546625,0.3691546708495861,-0.2050782677901322,0.2751000615407395,0.00909183451556333,0.3246269381862602,0.23476912968438393,0.27521944132113624,0.0065103624425658325,0.4353498336549184,0.2921926549045193,0.1320275591462032,0.21123141631616207,0.09475654390908628,0.24626521745165814,-0.23285627692407354,-0.344909007620872,0.060896643947491405,-0.10678058644160339,0.08439363863092676,0.12699833886274564,0.4510566035989765,0.2270409083968406,0.11528986613732377,0.01740122248596825,0.18690524114252927,0.02792746521560081,-0.08857331908179365,-0.10711096304316643,0.1355483372432525,0.11320534710365218
#58,0.042542234067657794,0.2652220787814008,0.07218960100316033,0.167347779212186,0.27096202519931334,0.046550248245163496,0.40429165683402973,0.08659244760939676,0.23264157840429026,0.05851460088748224,0.4416168094134196,0.04246912551997298,0.07866387188421087,1.0,0.012900882392407817,-0.07606759301674555,-0.18401513994734334,0.06850687359161936,0.014622172249290893,-0.022020016935271173,-0.17895861963658574,-0.15530455208342717,-0.04475908882688544,0.12140646038951124,-0.14589597301461707,0.10458871814804019,-0.2794564981005659,-0.2765390968780799,0.08309665597801191,0.19448261821143176,0.03510922324481647,0.24315162620247366,0.11570306824544113,0.2036470985623528,0.09446133344438429,0.17203089067495847,0.10169352711725593,0.10477889291448614,0.16964190693004252,0.13306033306033305,-0.016690033639186183,0.22021821513346937,0.11063081571556148,0.0428207868885835,-0.04321825677757881,0.12721257467020178,-0.035534918585766045,-0.03248194265143418,-0.4328266633351379,-0.29741482622838555,-0.24285410217613607,-0.3749320969659953,-0.09444606393758936,-0.1507132710522541,0.06954658819065598,-0.0728915356034,-0.0578524595473748,-0.018630649139123715,-0.009394448377499224,-0.1848494102731391,0.016795532049769336,0.22200983726407456,0.327147332232078,0.33333194519635195,-0.15231009129314213,-0.20618831466289092,0.5645534594687137,0.47211556703082125,0.15985461578681917,0.08453985572629641,0.08807867960410333,0.22140460954020277,0.23923013923013922,-0.24495620427823817,-0.012558012558012558,-0.14597463411022732,0.25645599374412936,0.0843145148229894,0.31527552205518306,0.27561043323755186,0.16976545112138333,0.1952849613866563,-0.024738914569423044,0.00836028632638802,0.15434648824479333,0.04158164327655853,-0.0502820231633791,-0.049109972838786396,0.10015685947889337,0.2693092167668439,0.27343244631380226,0.03225798988510853,-0.009470333199146759,-0.03439710897338016,-0.0317948148456623,-0.05899258272139628,-0.07784718462684564,-0.16775311521074232,-0.14822711771864314,0.004436948504745115,-0.2152422067676305,-0.03522999116219455,0.2952803342633851,-0.05489619048941083,0.03226816955630515,0.032193672871638976,0.12623856522161606,0.16726032658236048,0.23926484265467315,0.09372978525520899,0.11826927081164369
#101,-0.24709393522952844,-0.23657694674643828,-0.36483987839920046,-0.10385855809584624,-0.09302090997006252,-0.2926840553959198,-0.18175340209238514,-0.17448326600868974,-0.000320659642693541,-0.1916596103036781,-0.2384615740547944,-0.06643299694147152,-0.30741357690510235,0.012900882392407817,1.0,0.4993873688788943,-0.10538041893974097,-0.2846684897532355,0.18163726129827826,0.3473687863518372,0.5391135357237052,0.38041875239092415,0.12258637682366495,0.05318045318045318,0.036705580773377385,-0.0037637020687868146,-0.1744170981459117,-0.3556434708977082,0.02180809468945062,0.07891281111620095,-0.32676651998685896,-0.044751222717324415,-0.5038136750001156,-0.04609170032898847,0.06628354085981204,0.03592637321450881,0.10611937052615018,0.27110222703443043,-0.1421567946991676,0.17660665287783933,0.16727652151380965,0.26745559118440476,-0.004330061957180601,0.13080322232864605,0.034924601026295944,-0.047590425556527254,-0.33801690750843294,-0.36251104725681,-0.20481035735273023,-0.007870736684296007,-0.25180203315796534,-0.24305677017541424,-0.1712373390339492,0.020455586557281472,0.373159446040802,0.24510149594895358,0.15189550104804342,0.32900049510219004,-0.011465086041357228,-0.08160811042166974,-0.32361591175150495,-0.3566507956338465,0.16642142913329355,0.29088549258040786,-0.45979122419800383,-0.07220301966064678,0.1575808474113559,-0.04249735097192724,0.5162828467913214,0.41522739997316266,0.009573055335767201,-0.06067546745512847,0.185680441612645,-0.17154643086846477,0.2467950230662095,-0.11902673089113767,-0.23950637848942935,-0.22324527917748258,0.1538199216165318,0.06445767801700004,-0.19291726240878784,-0.2175622463758057,0.04170657560488069,-0.07877908725366352,0.21943345502667536,-0.35024917058815364,-0.3098414284854963,-0.16661252932439374,-0.11897536982282746,-0.18619266415876584,-0.13128259229954145,-0.2113794842608402,-0.23856151991745211,-0.26405650642938777,-0.36312599193955125,-0.08966717102310323,0.08242109598041801,-0.444990444990445,-0.40922278210413804,-0.32276359564495155,-0.47256023357718274,-0.47131877640352215,-0.22961220079864147,-0.4116640523420184,-0.248572301114674,-0.5054095698163494,-0.24396599989820328,-0.22234484098890878,0.031037817478495443,-0.19348871213277993,-0.18212079568011771
#102,-0.13932221898323593,-0.24243534752009327,-0.32700250327368974,-0.19904496175682615,-0.23443320053489544,-0.32099788540466506,-0.10737239550798873,-0.29401435333638726,-0.23677637575942662,-0.1754730076763975,-0.2147845842761097,-0.16775589148470504,-0.3578496832734121,-0.07606759301674555,0.4993873688788943,1.0,-0.17786384227062194,-0.2030849030849031,-0.12362424057339312,0.5514716565564023,0.27928853352582167,0.6383219087718627,-0.0341898138508308,0.20249031774455503,0.07259401157706243,0.19430586210247228,-0.2539434658078726,-0.287929686234771,-0.28591318591318593,-0.10460028595621816,-0.26609475423034745,-0.17229972653701467,-0.4839175076463212,0.004546148613945224,-0.07025731432511094,-0.16244164040774212,-0.016299041722770535,0.3624680150103879,-0.049174289852255956,0.43354710642846234,0.03424904102870205,0.03613644461102088,-0.11318730132289455,0.24502561112730603,0.06471031894760708,0.23144037720308908,-0.2952516460991037,-0.3645576238796578,-0.0797859492774747,0.05969081562301901,-0.2597028461435241,-0.10552802417209196,-0.11893002401476978,0.2591596218714863,0.23592914948847152,0.4290810070471087,0.021730359018494613,0.5386846013964658,-0.09395743972015158,0.016797382899077815,-0.32184973879889134,-0.47262871500159637,0.10848984577798138,0.32051944085842393,-0.3595371951304155,0.1398006635294771,0.007880916355492627,-0.07229880111236044,0.3428254140118547,0.5027258383190587,-0.10184113234960693,-0.11763535492349052,0.1758936131817488,0.01773252451218553,0.341653363687262,0.03954709717421582,-0.1093551178296941,-0.017470166622708994,0.009476348459399308,0.1665051800645021,-0.2724311368379165,-0.19347483076296634,0.16034740441520104,-0.0854625041065719,0.1695595441358153,-0.35523350777588064,-0.36188037035494663,-0.19557138031714302,-0.06350032621219062,-0.18916651628516035,-0.08938260294192497,-0.2892891350518469,-0.0003146443824409926,-0.34534349449603685,-0.41472998422150964,-0.13530957768245905,0.2997385675351777,-0.29009841891197824,-0.2072770767686022,-0.26436837453786605,-0.3757825622232402,-0.4635382686230144,-0.3121290782307731,-0.3224290546324445,-0.22019184053082358,-0.414754507974847,-0.32521643369100994,-0.28653414585617976,-0.13975901942003638,-0.3191072428360564,-0.4193645108899346
#201,0.29590175691870607,0.14267225623157825,0.37310530869852904,0.40008097465724585,-0.03815525849424155,0.19634179634179635,-0.08408732307037392,0.07873651771956856,-0.14828356862255168,0.6076944432876636,0.24691671640824184,0.11691444911783895,0.23097257504037166,-0.18401513994734334,-0.10538041893974097,-0.17786384227062194,1.0,0.298170435458571,-0.15962927488351217,-0.10115307911918081,-0.15783395105429004,-0.15435043915453758,0.2908484755942383,-0.03847036558900966,0.04589319674065437,-0.3687956060837417,0.29213527857595656,0.3274046002859562,0.039362474955695295,-0.29390746678882274,0.00791052994442825,-0.28386013131775845,0.3343573157132479,-0.36891359772715704,-0.21527829832914577,-0.2906379414853991,-0.19469824215586928,-0.46490558354965134,-0.11412938362090905,-0.30896875303654964,0.02765816664121749,-0.1932915966814272,-0.07372626864152287,-0.24955417667282073,-0.12429285988608023,-0.049836431192363397,0.15459218849049358,0.16530027716468396,0.28543890577788883,0.1328942193348973,0.42455521777555677,0.30821314380636416,0.20465534872314534,-0.009005307310392056,-0.394347506211913,-0.3087212019415409,-0.22456447202209914,-0.33188735731108615,0.04776810709014099,0.13405932897458323,0.14608892405502574,0.20073432446313802,-0.3315236654219705,-0.24049612015713712,0.27675795980880724,0.21797822475788578,-0.23868737767042852,-0.2919330732890055,-0.0869010767315852,-0.13979557369387877,0.2839998704405484,0.16413146582638108,-0.22690163198637775,0.47823540026929856,-0.315776176793126,0.09699329529838005,-0.09185950202899355,-0.15352193487786708,0.2368342148003165,-0.24481091260752277,-0.003731774918215596,0.10321862694744051,0.1468917299425774,-0.00603469417028739,0.013326115021030276,0.06612344239462883,0.13422174100140202,0.13263602585636483,0.18713844815539732,-0.02269603964519219,-0.17849128018619545,-0.08035462272750409,-0.08379488887963464,0.1286492964459066,-0.08650545769189837,0.6087512782428036,-0.22784602784602784,0.5190637478773072,0.15539730793968082,0.3761245066329812,0.45170671441857885,0.34352410962580454,-0.01449955348260433,0.39710480896921574,0.3761717032903474,0.3861954404327286,0.24304196338094644,0.08210552617332278,-0.1283314130771758,0.04836731955376023,0.04643318202640236
