,#10,#11,#12,#13,#17,#18,#26,#49,#50,#51,#52,#53,#54,#58,#101,#102,#201,#202,#301,#302,#401,#402,#501,#502,#601,#602,#701,#702,#801,#802,#901,#902,#1001,#1002,#1101,#1102,#1201,#1202,#1301,#1302,#1401,#1402,#1501,#1502,#1601,#1602,#1701,#1702,#1801,#1802,#1901,#1902,#2001,#2002,#2101,#2102,#2201,#2202,#2301,#2302,#2401,#2402,#2501,#2502,#2601,#2602,#2701,#2702,#2801,#2802,#2901,#2902,#3001,#3002,#3101,#3102,#3201,#3202,#3301,#3302,#3401,#3402,#3455,#3501,#3502,#3601,#3602,#3701,#3702,#3801,#3802,#3901,#3902,#4001,#4002,#4101,#4102,#4201,#4202,#4301,#4302,#4401,#4402,#4501,#4502,#4601,#4602,#4701,#4702,#4801,#4802
#10,1.0,-0.1639032807314657,-0.00788160699694614,0.35497085366577347,0.3605627502088402,0.004779359739257852,0.06582095888472476,0.506265206534987,0.19979640931769732,0.20965549352481205,0.38388986017976234,-0.016004236146932218,0.04889645633527642,0.005868524241442116,-0.01501458457914702,0.14014981717921915,0.06604919955995198,-0.13092798093733882,-0.01747775794619911,0.11084919225625037,0.1956488197674684,0.2572683243026106,-0.3326069193443102,0.11800042909246942,-0.12492068636535854,0.16363121784659487,-0.42296831562946496,-0.07579690231755581,-0.0191265685840405,-0.07484194333240515,0.11719702191566964,0.12576061205019468,-0.19558126052760114,0.3480524223182862,-0.14160051491096332,-0.20040900729000716,-0.1362989405067856,0.04634107373543254,-0.058791146087726585,0.08195392277248513,0.03633317660806968,-0.1416625963746251,-0.16226725157143704,-0.10502083837364824,-0.03189982973245628,-0.08388118703410372,-0.32967722203709365,-0.32399311626123517,-0.17915432265014813,-0.268483158120575,-0.16537771549343352,-0.25220229427526736,-0.23422788461977387,-0.07746214628401357,-0.10743745064295399,0.06817275080226598,-0.11684370535041791,-0.06795363975404785,-0.08662007513683029,-0.1654087562252644,0.20757119967863713,0.07850748857655421,-0.1268835561723126,-0.1512587473238781,0.09324544545732584,0.2003825313716808,-0.04401940958702132,0.04801270844079665,0.12967265722358914,0.050068700443243394,0.10430233672803298,0.16228824971355796,0.30239333172043253,0.19435606458298146,0.14654512089908567,-0.03700237826783587,0.07603609854519394,-0.2878662692235709,-0.1602925132493712,-0.012250133520795008,-0.1501796254114038,-0.12405519772489695,0.12610936380194188,0.2349025640557455,0.08740431009691099,0.20887217152743226,-0.001930916112422227,-0.08190827463743969,0.048560486061341966,0.1740663815179831,0.022299113969698768,0.13211665837392214,0.12579713055823105,0.06647281425317368,0.13822163995489964,-0.10860604290011731,0.1608923297438683,-0.30527738089260364,-0.21543819927236874,-0.1624900144704588,-0.08320833352353389,-0.09664714448091223,-0.13035464036116803,-0.27081851670949986,-0.26388000018259256,-0.3552219184085234,-0.2770211852994746,0.07045880940534174,0.05278019966494269,0.0038654840756480895,-0.034271706829417485
#11,-0.1639032807314657,1.0,0.2007194146083162,0.24365148561855504,-0.1500125532371375,0.06706532704606354,-0.11179319568899013,-0.005843874248517577,0.24509670557409377,0.14367659209283004,0.15708071046757385,0.0039230007258053475,-0.09529687264626803,-0.009212706614871249,0.19295557979978728,0.25152761483929575,0.1625210552022897,0.3683284109427709,0.24631185892900345,0.1966074306034227,0.06561736820242209,-0.06061981037764702,0.12316688501691263,0.2535151346391743,0.0004619591266598803,0.19214578188408113,0.004662500513541519,-0.012345994604390438,0.10165930970890184,-0.0425531914893617,0.059223890407957384,0.17477027576038381,0.055594863671844685,0.15825569346364354,-0.06674396417534362,-0.10051901929546668,0.15353658926264568,0.06398316496779524,0.10658930829380965,0.2284798714548517,-0.0169098951462338,-0.07036203535904541,0.13080564393541702,-0.1185847252210511,-0.08968580388648222,-0.13884336755421858,-0.05651969488786535,-0.15390907804461648,-0.2009887386050843,-0.0731456586341165,-0.07939488832183761,0.16431959172308017,0.0062163630304883895,0.25635718752710357,0.06542473307253033,0.08625397709376584,-0.03740864666974031,-0.21538889928651964,-0.2447579964120566,-0.08395239812477462,-0.021989619614090666,-0.02602034993860326,-0.056766194817110746,0.07019861503558272,0.09060515732629744,0.19846165784896858,-0.043620444886724154,-0.09978682320933778,0.35738837889778013,0.3758293124934381,0.34869606102242695,0.328682092693103,-0.14523319349787964,-0.11164073091793834,0.03920079245162439,0.15926908206165238,0.08782609886473088,-0.038727877772553605,0.005393783636969512,-0.013018848114960263,-0.19156057279279856,-0.08367759635180105,-0.06902819685301757,-0.014436679189471713,0.18838163666823393,-0.11148644022148475,-0.19301492237534634,-0.02927871381814696,-0.05647769860362355,-0.222136606608937,0.07194693860782318,-0.25552913035737923,-0.16453413795779373,-0.21474799947048162,-0.23829056863881826,0.23461041599145466,0.06294330045146006,-0.03829056863881826,-0.05395426969831148,-0.2017209346912132,-0.03653859321577417,0.19342666855345625,0.09115567383494547,0.05059639288436871,0.12037048026402881,-0.054296630711152295,0.07390889545207631,-0.17914701894854085,-0.060006299442636274,-0.20515184852122867,-0.1771284584168314
#12,-0.00788160699694614,0.2007194146083162,1.0,0.32418575139112693,-0.018723039070238784,0.11692130717999516,-0.04207023422058092,-0.03655320061898871,0.042788735866196186,0.20537643734565225,0.10371164986054494,0.12471892160845768,0.11700529974847877,0.0018660957606576984,0.0013904421934841853,-0.02609886473088142,0.06333222256204722,0.464155714918267,-0.06076314552168971,-0.036025508177863395,-0.010405948864959122,-0.2397284848927497,0.08129293777702712,0.0029461306358328733,0.030652722683014784,0.10008444904983407,0.0017437587587359118,0.12147790402023126,0.18123679057092124,0.2283237548329963,0.011988113225634167,0.06037970118730799,0.34486344360401155,0.06164050267726312,-0.014132662610069065,-0.1665508725641014,0.0073256127120926474,-0.0682996526176923,-0.08167181729790429,0.129413375816531,0.004928172659505996,-0.08330236868172751,-0.12097577453473138,-0.04354010416904417,-0.04673547362222517,-0.020810984767217336,-0.13858408614716045,0.012705701908548526,-0.02995430621681951,0.044247650262248535,-0.011361820812810692,0.24228112860449086,-0.052742768194205425,0.19666768614168267,-0.00788160699694614,-0.016221521269748525,-0.14056612817083358,-0.05425280850150867,-0.08756225264416823,-0.011368211551717055,0.07459544340315977,-0.084930181177448,-0.07974911784979025,-0.08237114672680047,-0.07057475566835716,0.21304532403328663,-0.022573002779971426,0.10825455226026741,0.1194000009129627,0.08667120104808118,0.15026635686799017,0.11819489014776301,-0.14524597497569236,0.07624516700370207,-0.06856532476365679,0.08796943400877358,0.03231522776136981,-0.051123172362793116,0.014139053348975427,0.12888203152460206,0.10705126742046954,-0.09082609429991738,0.26009759571272717,-0.0352841824647254,0.15340147078291116,0.04328721350089242,0.027275673652352932,-0.023256811842952155,-0.0228487175156459,-0.16771946482126474,0.0884368709116389,-0.03920718319053075,0.07186203307663866,-0.0791666476466104,-0.10732150437993855,0.18919052162123917,0.006344177808615629,0.34578918778273315,0.006598894402169199,-0.004552032026731548,0.23860827965873455,0.26070654183423336,0.15928916724107237,0.35047177347569464,0.15531504060401613,0.15314036345045123,0.10966142778236795,-0.05920380522853739,-0.028006956775780925,-0.1058616770211853,-0.0010060848964015576
#13,0.35497085366577347,0.24365148561855504,0.32418575139112693,1.0,0.10168669858992911,0.10081025439705661,-0.283557998237982,0.08611338083782587,0.12150894475206216,0.15575874047665783,0.34973409961336027,-0.10980932773991518,-0.10999192028009695,-0.13811025850538877,0.1997954963549964,0.2365522876562878,0.27051176124199444,0.08775488777405999,0.13117082901578056,0.09667362039923859,-0.11957072493803265,0.05685018738559436,0.05651969488786535,0.21142846708997703,0.002782710312370188,0.16918842180702706,-0.19180615975934304,-0.0728051235466775,0.14826240373949523,0.0957670484372361,0.05187819251644474,0.07207657931135224,-0.0007869738481834325,0.146591681996832,0.02696617929674483,-0.42285419529185136,-0.034727275217171005,-0.05244696827911096,-0.05050418365157691,0.06391012795172253,-0.07062496861690716,-0.21603892872956676,-0.03189982973245628,-0.2247778077026663,-0.04826742503435022,-0.06164963230427221,-0.14991212734003753,-0.2210337476662391,-0.1704273121921604,-0.16530011366385627,-0.02327872294777397,-0.08432397394404452,-0.03951302569533522,0.050418365157691485,0.13606887390615657,0.06704250297854081,0.049689820922366214,0.09650289637416863,0.036702926501937766,-0.10101749693016292,0.07030908352239269,-0.024216335641607363,-0.13479711686379053,-0.2128974240757394,0.10419734601742846,0.18309558262997166,-0.2018880068654795,0.008191101352554242,0.11528892987077013,0.0076405848439062025,0.10970159814120795,0.1494949033857222,-0.048054704725038457,0.1392989359419721,0.05913168117516559,-0.03497833995992094,-0.07368613255305455,-0.13950983032588204,-0.010924511679075351,-0.02015547754796478,-0.1702200696590541,0.058158462935996746,-0.05269529413375817,-0.2086484956657096,0.2197136036007249,0.054917445347770315,-0.05121720752098673,-0.07770590732515623,0.11002022212382513,-0.2285812103146526,0.12210328347035382,-0.0751560025015178,0.10222352065806352,0.01760283383622362,0.02573824446402242,-0.08194205425737332,0.17691026033131416,-0.0900957241391903,-0.008525245701086882,-0.28648404369439484,-0.04815056580863389,0.15375113549735925,-0.12495172709718945,-0.02095888472476457,-0.23344182373429134,-0.2598419661564727,-0.16149032031296362,-0.11044566274244866,-0.01596954356429768,-0.1358333295293221,-0.05598561170783368
#17,0.3605627502088402,-0.1500125532371375,-0.018723039070238784,0.10168669858992911,1.0,0.058226022175864006,0.024905622480793546,0.1574385918463301,0.1827386142139163,0.3293403388004583,0.2356539323585935,-0.0320769444964326,0.02707938667165753,0.2802393788201783,-0.135082874189175,0.10070708961185391,0.09605919650152693,-0.1591577006121415,-0.12655854145078904,0.25099444462196496,0.010084585994239205,0.33466473727215873,0.04389615962239863,0.26005559942848533,0.07015022801243455,0.23953858865096067,-0.15448515750888997,-0.021319504991623568,-0.050255857796929704,0.11126367732246299,0.09844385507630085,0.3152040243395856,-0.14791547791314985,0.31415503019624136,0.10434342004957388,-0.19452313675724778,-0.17126176010079108,-0.01162749295877517,0.09797824409883735,-0.07477986186874336,0.09374209716662026,-0.054845321294398515,-0.023000269323996767,-0.03885751847608266,-0.11024298502284689,0.1377021641780825,-0.018450976185367948,-0.14288322750574026,-0.10970342406660975,-0.025630514865315177,0.027655466135931017,-0.1658004172239543,-0.031991126002547166,-0.0668462159978454,-0.21329821470143837,0.12710084129512889,-0.10721194885582949,0.08377437039809739,-0.03758210958291299,-0.032029470435985335,-0.07808296092063159,-0.12156280955141578,0.14776575203020081,0.15134182692966078,0.10417908676341028,0.16823711467268004,0.08125459334358895,0.1562197866406168,0.018176174412394382,0.13412882816672525,0.011637535548485166,0.05507264900692482,0.21995645167916664,0.10303514449917149,0.21076565616911722,0.10042407117457217,-0.013908073785645488,-0.18907548832092466,-0.044187394723988555,0.10454335888107291,0.2169217636613456,0.06827774151287049,0.03995033482907056,0.2732999493305701,0.12234156673529104,-0.09302907329721044,-0.20849511793195688,0.31387201175895957,0.19004596767199075,0.09955949549681148,0.19913633728494023,0.07894571067299046,0.15310932271862032,-0.14943373488476128,-0.08387753518330009,-0.043278083873883336,0.21404593115348272,-0.16523894516289536,-0.07029630204457997,0.037233357831165804,0.07414261390350897,-0.132568574910872,0.037500855902532104,-0.05366394755942246,-0.07264718099942027,-0.17120515641333472,0.07773877398238895,-0.15464949079505358,-0.15167688424089434,-0.19865520594156125,-0.23810249832243105
#18,0.004779359739257852,0.06706532704606354,0.11692130717999516,0.10081025439705661,0.058226022175864006,1.0,0.20297260655415922,-0.1422067221443668,0.014278736642214483,0.03695855605819224,-0.14617263211711484,0.09777374045383376,0.24611465898560714,0.050180081892754275,-0.27524182099540323,-0.048429932395112,-0.09683430183459854,0.09897976418173436,-0.14192735555788868,0.012258350185103187,-0.16847631090031817,-0.1689957866771353,-0.007748314442613447,0.09918609375213976,-0.13275481930185742,0.16639201705414325,-0.13229651202600118,0.113357100795647,0.029401963782769654,0.32917965736509835,0.07360031405916911,-0.046661523643451545,0.18523739312630383,0.17394130562795856,0.25179237402255933,0.01190594658255237,0.05444453066869953,0.08981727051541309,0.11479136519877481,0.059146288578380134,0.035636586067276224,0.030184372817448544,0.19004505470928984,0.09533065226620166,-0.18320879000488435,0.041034934517750275,0.16839962203344183,0.20886851967662862,0.16223529787690524,0.08619098266740312,0.22817402895004724,0.13712151990030447,0.1531997060260103,-0.12940881100302648,-0.215745867702575,-0.2895634668845604,-0.16644496889079596,-0.10124482464268922,-0.0028438788133310815,0.038581803740408184,-0.15406884651727554,-0.20890960299816952,0.21858061688889702,0.16630711152295874,-0.04858422309156559,-0.112956310169948,0.11351321741750241,0.3290481907361675,-0.07293841610101019,0.0689378135456276,0.09592955579799788,-0.02947773968694509,0.2265717794099522,0.2609776917564033,0.055802106204951,0.08264686146247495,-0.05650143563384718,-0.020634782965941928,0.2687570469308476,0.16164734989751994,0.1604477169085257,0.3965563046921718,0.055294498943245673,0.06359332989450717,0.13876485276194042,-0.2007732794076698,-0.03220019446105529,-0.012150620586395943,0.17619449757380162,0.058991997881926536,0.2281502919198236,0.04467582976897479,-0.10339393884062867,-0.07573755974199674,-0.062097896990418455,0.030501170874663915,0.26106624913839144,0.06498833690149589,0.28598374013429684,0.1748907868369038,0.1890508383280001,0.10244719651978619,0.1582931249343808,0.03736847631090032,0.0684119470299041,0.2862183715484304,0.11888508994965011,-0.21086151725271263,-0.06149534160781861,-0.1459297840386731,-0.08290157805602852
#26,0.06582095888472476,-0.11179319568899013,-0.04207023422058092,-0.283557998237982,0.024905622480793546,0.20297260655415922,1.0,0.18221639954899643,0.11625210552022897,0.1334550616934545,0.044065970684767676,0.15132630656374535,0.30604609548676887,0.3685949960514363,-0.18445589705432586,-0.011454030045602488,-0.16820242209004552,0.11572167419100092,-0.20402707847370896,0.06702789557532628,0.08318185760520753,0.046997493917386,-0.1486001999388315,-0.018022796678641696,-0.033234581201185026,-0.03015515801101946,-0.21912748154674141,-0.11097791999707853,0.01811409294873258,0.11602295188230084,0.07909087174243497,0.07057384270565627,0.1224310370799801,-0.05879388497582931,0.004336572829317058,0.21465579023768985,0.11673141093820612,0.025366668644752517,0.05409304002884962,0.026296064674277732,0.12004090072900071,0.05901664787485107,0.008371867967334195,0.17039992331113313,-0.06580269963070659,0.11934431018820726,0.04946705802334446,-0.11517480953315652,-0.0588650960665002,-0.16719542423094305,-0.2421304897588409,-0.21470874207434254,-0.21213144836967684,-0.07796244984411162,-0.2867387602879484,-0.0764341502827902,-0.21474160873157527,-0.04649992924539068,0.011686835534334245,0.14124172056950612,-0.011940639165186907,0.027554127276130134,0.08707929537538744,0.2800549603545947,-0.2699804169500655,-0.10297123711010786,0.2562786727348254,0.2875512970917573,0.14374597725809912,0.2530814773562426,0.06597159773037473,0.043680700424984134,0.2617199304322422,0.15055028826797281,0.15376300401247106,0.003598898966982704,0.03895155363427627,0.04670443289039426,0.0746511341279152,0.09541829668548892,0.0972734368937357,0.1839245527623969,0.13596205727015023,0.20323188796121736,0.08539579215491151,-0.06433739449574788,0.040385818037404084,0.09369188421807027,0.20763419410499984,0.06171171376793401,0.08661916217412938,0.04632190151871345,-0.0915601163114481,-0.102428937265768,0.03242478328547887,0.15089904001972,0.051694687013562064,0.1520648933887806,0.016900765519224713,0.021480186426983527,-0.08085197679248814,-0.0661751884126774,0.23931034797573345,0.15622617737952316,0.18095377213363947,-0.02093514769454094,-0.011179228272628922,0.02387397462876654,0.08163529878986794,0.03510250288724454,-0.04163748990035012
#49,0.506265206534987,-0.005843874248517577,-0.03655320061898871,0.08611338083782587,0.1574385918463301,-0.1422067221443668,0.18221639954899643,1.0,0.3534078615218175,0.29629474087836144,0.3781199359100184,0.2014643921722578,0.23531065838305176,0.2171171376793401,0.10270830385224612,0.09296242702004409,-0.010442467372995477,0.11377706363806507,-0.1271355338777634,0.007830481085695245,0.10597944920960255,0.06585839035546202,-0.13869729352207316,0.06476100918896958,-0.01056663030031908,-0.04514326667184012,-0.5018738559436154,-0.33079468838300613,-0.12751441339864059,-0.06915966348194845,-0.012194442796039567,0.1261148415781473,0.007751966293417082,0.05903947194237379,-0.21708244509670557,-0.16549366175644895,-0.21217435761661957,0.07123574066381518,-0.2659496866255529,0.07574942825710855,0.22086302364116914,0.07896488288970954,0.0163219471668485,-0.1053558956848818,0.10462826441225744,-0.02276837679796592,-0.197505785901117,-0.26104342507086875,-0.27715904266731184,-0.2274683087822447,-0.3220457668201966,-0.17144983041717832,-0.4482226898620057,-0.06680969748980906,-0.2244883985264782,0.014916897570149771,-0.049313680289591766,-0.04157723436209014,-0.25846978321700664,-0.05459425655164858,0.31416689871135317,0.2950531116051254,-0.02142906051573263,0.14089296881775895,-0.06816818598876143,0.23318619417803685,0.15036130498888467,0.07641132621526747,0.3223926926465419,0.20227053823716032,0.14450921407605893,0.16294832174631504,0.25163990925150753,0.11405551726184227,0.19426020349938602,0.28083919531467544,0.3036176147023513,0.03630030995083696,0.012992372196633907,-0.09944720108459969,0.08924666882734505,0.041563539921576506,0.22832831964650085,0.2652320979426386,0.3653658469783217,0.2681481008093414,0.15028735501011106,0.08254095778916952,0.05213017022189558,0.1736336371977523,-0.003329574970214592,0.12151168364016487,0.12460936608434862,0.026980786699959375,0.05494118237799395,0.16243341078300247,0.08536109957227697,-0.08353517417045926,-0.23618527665052244,-0.1921622152126975,-0.13109048829810058,-0.10884250023965271,0.03710280416493584,0.05734683909488878,-0.0692162671694048,-0.05458056211113495,-0.18725321476991058,0.3007454340452921,0.195422405017643,0.15113549735925538,-0.027024608909603
#50,0.19979640931769732,0.24509670557409377,0.042788735866196186,0.12150894475206216,0.1827386142139163,0.014278736642214483,0.11625210552022897,0.3534078615218175,1.0,0.24224552305915542,0.1980416950065505,0.04611831083641078,0.11319915824838976,0.13964677473101836,0.2771599556300127,0.29957958067623147,-0.018558705784075192,0.19763725253004788,0.05280484965786723,0.09389547490037295,0.10145754495200099,0.1678911018090356,0.0007267183099234481,0.01832955214614707,-0.09995206945820229,-0.033051075698302346,-0.4211442161530491,-0.3488622202339923,-0.11756859773493954,-0.1173476607613196,0.14991577919084115,0.19544979389867026,-0.15647085138336672,0.17715767322326045,-0.19682745461434173,-0.20082531828162162,-0.18796167382581586,0.1390332637960076,0.1334450191037445,0.05363016793948883,-0.14754390209387996,0.08218946714931961,-0.1379185363381979,-0.10341219809464684,-0.04731429197460138,-0.08438879429580905,-0.2268803608028594,-0.3834507251206252,-0.2839222703556446,-0.2633194410842345,-0.31890061031556555,-0.22270994718510775,-0.1400530431329228,-0.04750601414179224,-0.0555446507232947,-0.038693185189919065,-0.024124126408815567,-0.17713393619303683,-0.014516106944450784,0.004206932125788001,0.10730233216321947,0.12808410212400773,-0.1790803726713745,0.09965809546850964,-0.13327977285488002,0.1277198300063451,0.09341069170619035,0.14865680362628786,0.4800312233243711,0.4556852469792347,0.318204932737473,0.31339727115448696,0.14950494597543218,-0.05501056754326302,0.167336020486883,0.15116471216568447,0.32260267406775095,0.05238579977815006,0.09278439929336688,0.07837967379842696,-0.06418127787389247,0.03286483130731694,-0.006249229687721108,0.10496606061159372,0.13741914574080075,0.06137848238210228,-0.030239150579503073,-0.18236247358114185,-0.02318468778958036,-0.0966955315040604,0.1533339115430439,-0.2234366654950312,-0.12917052773808926,-0.03210981115366532,0.06561371635161846,0.24265635627456442,0.18408340827235503,-0.2947974820488709,-0.2602957086188244,-0.14270337385366122,-0.0689578987250476,-0.023011224876407676,-0.00036244619226081517,-0.0783312867752788,0.11365107478533965,-0.2134744165027138,0.00664636846261646,0.06114111207986598,0.0975820182866429,-0.037449729991281204,-0.04660948476949974
#51,0.20965549352481205,0.14367659209283004,0.20537643734565225,0.15575874047665783,0.3293403388004583,0.03695855605819224,0.1334550616934545,0.29629474087836144,0.24224552305915542,1.0,0.349146151633975,-0.18223831065381824,0.015990541706418584,0.22020203864571114,-0.03388004583072759,0.20215002716064034,0.34918449606741314,0.29528409116845533,-0.04116548818398024,0.17387922416429677,-0.023081523004377658,0.13090880872061972,-0.22592722774311055,0.07272113097819388,0.04154801955566105,-0.03654954876818508,-0.11936256944222544,-0.09478196168295544,-0.07189672565927319,0.10274938717378701,0.056510565260856266,0.1260290230842619,-0.0376551465989857,0.12212793346327835,-0.12218727603883743,-0.11515655027913835,-0.1493104849201386,-0.07744845184349994,-0.09361336942579211,0.1242761346985169,-0.017108008052331022,-0.01802736149214624,-0.03254620732469975,-0.23896524807478992,-0.12944167766025919,-0.23053495049459755,-0.14436587893201624,-0.22851273811208442,-0.2039996895926817,-0.08986383161315945,-0.16428946395395017,-0.07444754344561252,-0.2159421546832704,-0.06744603249234253,-0.1788923023549873,0.012947637024289372,-0.2675784120839743,-0.177903563749903,-0.20664271661181283,-0.014677701342511652,0.05694148365568525,0.02922302309339152,-0.07748405738883538,0.0670936288897917,0.14885309060698326,0.33432237625931793,0.07074091487992258,-0.037801220631131116,0.2647810943683896,0.36620303377505514,0.2513422834110112,0.3076337376236494,-0.01874403721235969,0.01916491301747867,0.10238602801882529,0.011965289158111445,0.06991194474749735,0.013606796094345565,-0.0261171239848996,-0.1171212460114942,0.03451181601975651,-0.14495930468760698,-0.0070425942748109024,0.23484687333099005,0.0880543395399581,-0.09197094952685708,-0.029462219321029638,0.054495656579950424,0.03590043228783888,-0.06875887285624946,-0.06381517983082802,-0.1760082531828162,-0.036279311808716054,-0.058934481231769274,-0.07178625717246322,0.07666421688341923,0.09860910132516536,0.11973231933609352,-0.09491708016268996,0.004867917121246012,0.017749820831069945,0.19010987506105437,0.11012338690902783,0.22652430534950493,0.10259966129083796,-0.08298922247531577,0.0269214441244003,0.017386461676108224,-0.07078565005226711,-0.03484961221909279,-0.03981156449853241
#52,0.38388986017976234,0.15708071046757385,0.10371164986054494,0.34973409961336027,0.2356539323585935,-0.14617263211711484,0.044065970684767676,0.3781199359100184,0.1980416950065505,0.349146151633975,1.0,-0.05873910721377478,-0.10030264713535128,0.2784116274929588,0.08126463593329894,0.11838022157604751,0.1493634367567913,0.09573144289190065,0.038966161037490815,0.09222384019500883,-0.0659998995741029,0.1981539894187623,-0.024548654064738187,0.14050130781906905,0.08551630323143147,0.20443882465181884,-0.3747164109610302,-0.2230249193169213,-0.11669580539287068,-0.2458928090492863,0.16593005792748336,0.21745128202787276,0.009190795510049437,0.08038727877772553,-0.14544682676989232,-0.21808396517960257,-0.15275418022796677,-0.0933029621074831,-0.19131589878895497,-0.00028758325078628914,-0.052281722030246454,-0.19796957095317871,-0.11638357214915984,-0.24639493853478617,-0.13803630852661514,-0.08935896323955685,-0.23858636855391274,-0.3552703054316716,-0.28287053732419765,-0.20284753066413472,-0.17290783185052974,-0.15721491598460746,-0.3147502818772339,-0.052831325576193584,-0.2171162247166392,0.05473759169569127,-0.05301026626557172,0.12932573139724376,-0.03327566452272592,-0.02011987200262933,0.30188663742142813,0.19789379504900328,-0.09895876603961345,0.01789772078861718,-0.045691957255086346,0.3035235795441577,0.06740403620810072,-0.07584802822880671,0.19618290294750007,0.04927168400534996,0.17767075826117124,0.050224817065098806,0.001172244107966969,-0.08584679572916049,-0.007023422058091817,0.00894064373000041,0.1570460178849393,-0.04734076789292774,-0.09003090378742576,-0.07206562375894132,-0.08646943629118033,-0.029814622923580458,-0.15958588011886773,0.09599802800056603,0.23025649687082034,0.22876197692943254,0.14071767997918444,0.135844285081733,0.1665289614592796,-0.10787567273939024,0.06936599305235384,-0.023656689505950235,0.23272332208867608,0.19228911702812382,0.025417794556003414,0.05836479250640215,0.11825788457412573,-0.09529778560896894,-0.3114225328324211,-0.2622257117685457,-0.07421565091958168,0.1389903545490649,-0.018539533567356107,0.025838670361122397,-0.17838560805598289,-0.2839533110874755,-0.17219480798111994,0.16128672963066093,0.14383909945359183,0.08823054134123351,0.012932116658373922
#53,-0.016004236146932218,0.0039230007258053475,0.12471892160845768,-0.10980932773991518,-0.0320769444964326,0.09777374045383376,0.15132630656374535,0.2014643921722578,0.04611831083641078,-0.18223831065381824,-0.05873910721377478,1.0,0.618981407514596,0.27709787416635095,-0.053946053034003294,-0.2754198487220805,-0.16349609936686035,0.20933778250489576,-0.3076666042808821,-0.22300666006290312,0.06141865274094227,-0.22982557847599136,-0.0999639379733141,-0.03403068467637755,-0.21551214925114234,0.09131635527030543,-0.1673351075241821,0.06303733560965366,0.19766555437377606,0.09101599054170642,0.280002008517942,0.08753577672584187,0.39161169870404944,0.03528600839012722,0.16401192329287387,0.08405191105917367,0.1184295215618966,0.061709887842532195,-0.13207831394048397,-0.013991153391428193,0.2895725965115695,0.14286314232632025,0.1628898921334569,0.14053508743900267,0.10197336887801449,0.2615154267872386,0.15626360885026042,0.09958049363893239,0.16943766062437518,-0.013425116516864703,0.012501198263544943,0.0549366175644894,-0.26025371233458255,0.040845951238662144,-0.2564512226852972,-0.07483281370539607,-0.012637229705980363,-0.006762314725631885,-0.17576631806707538,0.05277198300063451,0.04592658866921992,0.08475124048806985,0.3149374392309202,0.1547362222516399,-0.3928971501869291,0.03609032852962792,0.1265475858983781,0.15081413448853548,0.021162475407067245,0.019241601884355013,-0.17301190959843335,-0.013981110801718195,0.3326580452555611,0.1564160736213122,0.2642269260089379,0.3409194447360853,0.16909621257423527,0.0897661446041622,0.25154770001871574,0.25033345962650694,0.44274217476844985,0.2907320591417238,0.3657465524246007,0.3115211328041193,0.2859736975445868,0.13566899624315848,0.24022513660204411,0.10770403575161937,-0.028772932481843455,0.2764551484249111,0.2819201431525515,0.3038093368695422,0.20060255538259986,-0.004754709746333314,-0.041727873207740095,0.1883688551904212,-0.0001597684726590495,0.18893306613958286,0.03943451090305706,0.032756188745908785,0.09210789393199341,0.06410641493241793,0.38185851817024014,0.2390967147037208,0.29070923507420104,0.23060433565986663,0.10710056740631861,0.06759393244988976,0.11973414526149534,0.030678285638640234,-0.06261189499103015
#54,0.04889645633527642,-0.09529687264626803,0.11700529974847877,-0.10999192028009695,0.02707938667165753,0.24611465898560714,0.30604609548676887,0.23531065838305176,0.11319915824838976,0.015990541706418584,-0.10030264713535128,0.618981407514596,1.0,0.32873595749245665,-0.1477045835292399,-0.2129503759123921,-0.17687739367408145,0.2081984050541615,-0.2528221959491845,-0.16291545508908234,-0.012291216842335907,-0.22429393747118462,-0.21067801174982997,0.043141139468747,-0.1521388433675542,0.11561942236849913,-0.11810268091497123,0.11484340407272661,0.1389182304956931,0.3019405022207818,0.46924365605043206,0.09180935512879622,0.4147991253817325,0.20045830727585626,0.3979093154149187,0.0895607279964577,0.12952749615414463,-0.03323092935038139,-0.11988113225634167,0.23529239912903357,0.25904312379317745,0.1935636129585926,0.2549256620120785,0.2505206169801933,0.0750227099471851,0.2830741280065003,0.13252292677582658,0.0688857746716758,0.22494853172773627,0.015333208561764209,0.0043520931952325086,-0.02605139067043416,-0.1654370580689926,-0.046290860786882555,-0.31561120570419093,-0.06297251525788913,-0.19800335057311233,-0.19941752979682015,-0.11553269091191279,0.15589112006828962,-0.04338946532339421,0.0009111367755070366,0.2838391907498619,0.19271455764674733,-0.10737263029118946,0.12961605353613279,0.1248029141769413,0.20471453938749332,-0.017401069079322765,0.19796957095317871,-0.11237292700406724,0.2073329164136999,0.3208954338170514,0.281073826728809,0.25618828942743543,0.20178758096837954,0.16829919613634184,0.10554579192667084,0.24138459923219838,0.2127130056101558,0.4598036217230345,0.446256168204248,0.5606923909123692,0.2803608028593992,0.2507242076624959,-0.03579361565183255,0.17428001478999575,0.022376715799276022,0.15486586295516896,0.24730790123569502,0.4670516326055499,0.24116731410938205,0.12176366134561573,-0.04578873130138268,0.03128449287204371,0.17540569780021636,0.10481907361674739,0.348104461192238,0.04531946847311553,0.2024768678075657,0.16208557199395618,-0.01529212524022331,0.4541067344693632,0.37639352344259974,0.2764715817535275,0.23519745100813907,0.19103653220247688,0.01647167304979755,0.05090680020267772,0.045757690569551784,-0.045418981407514596
#58,0.005868524241442116,-0.009212706614871249,0.0018660957606576984,-0.13811025850538877,0.2802393788201783,0.050180081892754275,0.3685949960514363,0.2171171376793401,0.13964677473101836,0.22020203864571114,0.2784116274929588,0.27709787416635095,0.32873595749245665,1.0,0.0535543920353134,-0.0008910515960870418,-0.12103694303569228,0.16171217024928447,-0.30056923224401666,0.06778200276627698,0.03135752988811642,0.07258418657305755,-0.2970543258455176,0.027117731105095702,-0.10249467058023344,0.11399526172358228,-0.26661980124802004,-0.11275089356224352,-0.22937913971524693,0.03147347615113184,0.198527391163434,0.18665339827541347,0.1282666946641895,0.024837150278225383,0.19870998370361578,-0.04020687734802594,-0.18518626721505294,-0.024900144704588095,-0.15964522269442682,-0.02426472266475553,-0.15909744507388152,0.0370160727083495,0.006643629574513733,-0.02063934777944647,-0.0406660975865831,0.15474261299054626,0.1984863078418931,-0.052708988574271795,-0.01014484153249919,-0.06508602391049313,-0.006863653585432767,-0.1068814563581005,-0.17498482199509738,-0.1892763401151246,-0.31906768248983186,-0.06744146767883798,0.0028721806570592557,0.02202613812212702,0.018006363350025336,-0.025363016793948884,-0.16169025914446264,-0.07956104753340303,0.25813472590577313,0.32197272980412384,-0.27812221831677064,0.07684315757279736,0.32067449684343147,0.26172266932034494,0.2746748711581388,0.24849749163497925,0.1197186248955799,0.13307344328447462,0.2525784349080418,0.21595767504918587,0.27364870108231726,0.3004268100626749,0.1969799193853935,0.1116973346053947,0.10409509419492667,0.19727937115129163,0.16101649267119192,0.1284209853606431,0.0825802151853086,0.2553584063323093,0.39362843331035713,-0.09695024809761398,0.024769591038358126,0.21061227843536454,0.18083782587062405,0.11993043224219074,0.2944797710289546,0.20839195314675418,0.2173015561449237,-0.08024668252178557,-0.09650563526227136,0.13449127435898606,0.1516924046068098,0.0036198971091036076,-0.12195173166200295,0.055972830230020955,0.002744365878932016,-0.06774639722094154,0.19263056507826373,0.211288783796738,0.039355083148077986,-0.0011083367189033493,0.0770631815837164,0.00853437532809597,0.02660008125368038,-0.13902961194520397,-0.1883159033537685
#101,-0.01501458457914702,0.19295557979978728,0.0013904421934841853,0.1997954963549964,-0.135082874189175,-0.27524182099540323,-0.18445589705432586,0.10270830385224612,0.2771599556300127,-0.03388004583072759,0.08126463593329894,-0.053946053034003294,-0.1477045835292399,0.0535543920353134,1.0,0.5691108199774498,0.2697174836922038,0.28229719674802684,0.44243176745014084,-0.037779309526309306,0.29713375360049665,0.08537022919928607,0.13572559993061484,-0.14752107802635722,0.07033099462721451,-0.2150355827212679,-0.10411791826244939,-0.4016707217426632,0.08273267995636038,-0.21665974336618476,0.007899866250964317,-0.04089799011261395,-0.01746041165488184,-0.16743188157047845,-0.10419004231582119,-0.31771467176708496,-0.16277668475854418,-0.03236361478451798,0.05043388552360693,-0.10990884067431425,-0.06492351654973136,-0.23583378601067254,0.09995846019710865,-0.06672570492132544,-0.05620654868145362,-0.23456659378181105,-0.23563749902997713,-0.3588052970095907,-0.29376400827144206,-0.18280799937918538,-0.22084019957364642,-0.15526208876736342,0.029234891608503333,0.009293047332551228,0.42438705966667734,-0.06470349253881233,0.0015228217851159691,-0.3517654416228825,-0.17362176868264048,-0.4353663491078072,-0.1263494729922809,-0.011966202120812354,-0.25721080765245335,-0.10577585852729987,-0.07088059817316164,-0.07661582986027106,-0.17016985671050408,-0.12440668836474686,0.6070161183564845,0.0574417872157833,0.3611643926287392,0.3097682444183743,-0.15458467044328905,-0.20227145119986123,-0.0409755919421912,-0.11360268776219147,0.11692313310539698,-0.12445598835059593,0.21466491986469893,0.027095820000273888,-0.19531284949353395,-0.1757489717757581,0.050151780049026096,-0.2536310809021897,-0.07502727476068966,-0.11995964704861983,-0.1644592750163192,-0.19193853935097482,-0.2637284483742417,-0.2440778391998795,-0.1712845841683138,-0.33182268438422946,-0.1426495090543076,-0.15679495314218939,-0.09244842901943241,0.23912592951014985,0.054480136214034976,-0.21958487585989675,-0.25728201874312423,-0.09365810459813664,-0.07932550315656854,0.10612552324174795,-0.19792027096732964,-0.1407532855245199,-0.08662007513683029,-0.16004053554392036,-0.2158079491662368,-0.04537150734706734,-0.1442389771165899,-0.10557774562120265,-0.12020888586596795
#102,0.14014981717921915,0.25152761483929575,-0.02609886473088142,0.2365522876562878,0.10070708961185391,-0.048429932395112,-0.011454030045602488,0.09296242702004409,0.29957958067623147,0.20215002716064034,0.11838022157604751,-0.2754198487220805,-0.2129503759123921,-0.0008910515960870418,0.5691108199774498,1.0,0.07599410226095213,0.15361966886842837,0.4729183309215902,0.3268726006199017,0.1543217371854273,0.34564676560139135,-0.05437058068992591,0.2218882807542898,-0.01652918969995481,0.05307965143084079,-0.1901308732031753,-0.24064327351906037,0.12511423445795122,0.003471997151556373,-0.18656757978152802,0.03647468582671055,-0.31197213637836824,0.23438947901783472,-0.22486362619655173,-0.21025165816850552,-0.1788813468025764,-0.05567976920302921,0.1564562439801522,0.09447703214085189,-0.013703570140641904,-0.10593836588806164,-0.015414462242145098,-0.24329999497870514,-0.28079811199313454,-0.4024449141130339,-0.29675030926611495,-0.37265950599588255,-0.3037143887486477,-0.13519882045219042,-0.2303870505370503,-0.1787480542482437,0.09402785449200472,0.10239607060853528,0.26935412453724206,0.06285109121866826,-0.2673903417675871,-0.3171605034076333,-0.23414389205129024,-0.31708198861535514,-0.17753472681873583,-0.14223319806269316,-0.3870477981622061,-0.07776707582611712,0.15629647550749315,0.004904435629282365,-0.23623640256177333,-0.042488371137597174,0.5145713411878557,0.3119027512130992,0.5309508050048616,0.3951329958414549,-0.06820835634760142,-0.01544459001127509,-0.14481049176735886,-0.18109893320308398,0.030353270917116683,-0.2300757302560404,-0.05896004418739472,-0.03276075355941333,-0.12546572509780113,-0.1755736829371836,0.0667740919444736,-0.10551292526943812,-0.13562243514541214,-0.22163904193694167,-0.37898268566237725,-0.10076369329931026,0.013108318459649331,-0.24554770914834276,-0.10504183651576915,-0.3837520028119251,-0.2665778049637782,-0.28789457106729904,-0.1782349692103329,0.1298652923534809,0.20031314620641175,-0.20669384252306372,-0.0603705715602989,-0.06372388356073713,-0.11565685383923639,-0.09935681777720971,-0.18530312644076927,-0.2806712101777082,-0.06107446580269963,-0.235358132443499,-0.0520909128257565,-0.18077665736966317,-0.22733045141440747,-0.21756266347738362,-0.15547389611397427
#201,0.06604919955995198,0.1625210552022897,0.06333222256204722,0.27051176124199444,0.09605919650152693,-0.09683430183459854,-0.16820242209004552,-0.010442467372995477,-0.018558705784075192,0.34918449606741314,0.1493634367567913,-0.16349609936686035,-0.17687739367408145,-0.12103694303569228,0.2697174836922038,0.07599410226095213,1.0,0.24957113577124806,0.01693454513915834,-0.03375679586610489,-0.07071717784969896,-0.01129973934914889,-0.03455837711750286,-0.1609425426924183,-0.022453404666152366,-0.127690615199916,0.11615533147393263,0.04923790438541634,0.11847060488343748,-0.14060447260427175,0.18455632295142582,-0.022692600893790483,0.2540747807748314,-0.04611557194830805,0.0394801590381025,-0.2265608238575413,0.03983621449145695,-0.04755987894114586,-0.03603555076757339,-0.1126048195300981,0.03135844285081733,-0.20305477319724102,-0.009492986164050268,-0.10576581593758987,-0.053531567967790676,-0.017896807825916274,0.0024750418821639043,-0.053519699452678864,-0.02107848283858363,0.0013046236995987528,0.07243628661551033,0.09624270200440961,0.01537976965951056,-0.010215139660469172,0.0815376117808707,-0.025974701803557817,-0.15051194383453464,-0.058114640726353126,-0.09944263627109515,-0.09105889978864913,-0.16950887171504608,-0.016457978609283917,0.08872719305052792,0.03354224963139131,0.21580064546462954,0.14937165342109948,-0.04778355480286853,-0.23115485216851467,0.1070576581593759,-0.04560613876120091,0.019793031355703962,0.10678376934910325,-0.1413850557135488,-0.06100599360013147,-0.04440194095870213,-0.09254885491653239,-0.303911588692044,-0.20364728599013088,0.2108058265279572,-0.04140559737431927,-0.13664860522123368,-0.026292412823474096,-0.16901130704305076,-0.0858075383330214,-0.1969077953320217,-0.24911465442079364,-0.04056658465218403,0.07682855016958282,-0.03605015817078793,-0.20068563498838254,-0.03603555076757339,-0.2030410787567274,0.03879726293782267,-0.13905882675163306,-0.09335317505603309,-0.010724572847576313,0.013869729352207316,-0.06558267561978755,-0.06583191443713567,0.024495702228085472,0.10212492068636536,0.5589760210346606,0.002838401037125628,0.23078327634924475,0.06227957656789932,0.016223347195150343,-0.012688355617231258,-0.13346784317126723,-0.08775671369946181,-0.15712544563991837,-0.1541692724143755
