,#10,#11,#12,#13,#17,#18,#26,#49,#50,#51,#52,#53,#54,#58,#101,#102,#201,#202,#301,#302,#401,#402,#501,#502,#601,#602,#701,#702,#801,#802,#901,#902,#1001,#1002,#1101,#1102,#1201,#1202,#1301,#1302,#1401,#1402,#1501,#1502,#1601,#1602,#1701,#1702,#1801,#1802,#1901,#1902,#2001,#2002,#2101,#2102,#2201,#2202,#2301,#2302,#2401,#2402,#2501,#2502,#2601,#2602,#2701,#2702,#2801,#2802,#2901,#2902,#3001,#3002,#3101,#3102,#3201,#3202,#3301,#3302,#3401,#3402,#3455,#3501,#3502,#3601,#3602,#3701,#3702,#3801,#3802,#3901,#3902,#4001,#4002,#4101,#4102,#4201,#4202,#4301,#4302,#4401,#4402,#4501,#4502,#4601,#4602,#4701,#4702,#4801,#4802
#10,1.0,0.2044333468756134,0.36566255985611706,0.4085791105004405,0.2504713169943442,0.3884875403415394,0.21104684868099713,0.4051555003720323,-0.11105278293855304,0.35651558655571125,0.44073274386374944,0.13876576572464133,0.2941337581653102,0.0060063816092793525,-0.14584213961938586,-0.21243363902367768,0.3526692746967823,0.23753828737326937,-0.22195492703145614,-0.150578590111701,-0.18125231093683666,-0.1238433903782861,0.12203207237968293,0.14764341502827902,0.1840989286382705,0.026724244181003984,0.1497432292403694,0.020700516280407363,0.170871925027503,0.08327224091259752,-0.02654256460352312,0.1359081924707966,0.06288395787590098,0.1964933102658091,-0.0057973131507712255,0.15072101229304277,0.031368485440527324,-0.17069572322622759,-0.11225698074105182,-0.08664381216705391,0.1769038695924078,0.19499239958551493,0.11029045908329416,-0.05693144106597525,-0.045264690711061,-0.13144015301254866,0.133670520890869,0.11911789543838186,-0.05839400731283123,-0.277698603623549,-0.11622654256460352,-0.17131106008664015,-0.08773845444544363,-0.0685050692253968,-0.043920809615323166,-0.20856176420912323,-0.0676496231746452,-0.34418511231723625,0.13888445087575946,-0.1422587610183186,0.23216093706491622,0.2887271930505279,-0.05610703574705456,-0.33545992778465034,0.01427234590330812,-0.03136209470162096,-0.1708198861535512,-0.09208506986447068,0.017248604308270986,-0.16793674994408103,0.04317583205138154,0.23450907713165378,-0.036824350541158644,0.039648144175069726,-0.15771156769390188,-0.07698466679143824,0.08874819119264882,0.018484755805301574,0.08470559235302441,0.007117457216285429,0.14956611447639306,0.39482897926205224,-0.04726773087685503,0.032606462862959734,-0.024372452263462775,0.12297242396161905,0.09944263627109515,0.36286706806593416,0.17183875252776548,0.2653416534667476,-0.014661268013895293,0.3442362382284872,-0.12393833849918062,0.1603025558390812,0.08458325535110263,0.20054960354594714,0.24697284392446148,0.11825879753682664,0.12051838022157604,0.22232741581342694,0.19857303929847947,-0.01100576535945624,0.12866748528988847,0.16869816083663902,0.2797253808195666,0.11215929373205458,0.31002113508652607,0.09096577759315644,0.22263691016903506,0.25480332501015673,-0.0007449775639416251
#11,0.2044333468756134,1.0,0.22896191576093158,0.2783221571482697,0.10922046679782897,0.019176781532590486,0.16798057215372467,0.15722313264891563,0.10592741033565074,0.46267123756658923,0.23064085416790298,-0.06697220485057083,0.001121118196716073,-0.155807127499806,0.028208721532681783,-0.11393683211072411,0.1701917678153259,0.10170860969475091,-0.1528783431552904,-0.1286072297516285,-0.04153706400325015,0.023123519288619464,0.215816165830545,-0.005443996585519499,0.001598597689291404,0.12207406866392473,0.15215436373346966,0.24649445146918522,0.021296680924100846,0.08699530280690382,-0.09377770271195571,0.17202043210524634,0.06485869619796683,0.04606627196245897,-0.1185536844892202,0.11583031675240908,-0.12734186344816883,-0.2015483847407414,0.11300104534229254,0.04601149420040444,0.2664152976030164,0.09288482519046684,0.10382942204896219,-0.05883862014817385,-0.12912031478953928,-0.14775936129129444,0.12873778341785846,0.25461890654457314,0.07916482172120858,0.1575919695800828,0.06529509236900126,-0.021693819698996197,0.08523693664495337,0.19777419693518422,-0.10026704159001584,-0.057170637293613366,-0.07980937338805023,-0.2152282178511597,0.026173727672355946,-0.2242309430448219,0.08456134424628081,-0.023933317204325618,0.018804292750619674,0.09656041302432589,0.18524195793980838,0.037217837465250356,-0.12690090246362984,-0.05466455467961857,-0.08635166410276308,-0.003754102626137209,0.15444955196355453,0.19032442129576796,0.08971227980480857,0.03384078843458851,-0.010721833959473586,-0.09453546175371005,0.06429905006230971,-0.13300314515650463,0.07646336508921928,0.0030146028384010373,-0.024786024366974486,-0.070897031501778,0.04890649892498642,0.17249608567241986,-0.0877658433264709,0.03406355133361026,-0.18888011430293014,0.12698124318130982,-0.10962764816243432,0.04362957451373324,-0.15987528929505584,0.08392957405725189,-0.011167359757517106,-0.05767367974181415,-0.19693883606385262,0.15936676907064962,0.12788142440440595,-0.0337577088288058,0.19690870829472262,0.0358712174814098,0.21234964645519408,-0.0001597684726590495,0.18335486403702977,0.24099841600971392,0.06011950681754897,0.09892955123318437,0.25762072790516144,0.014643921722578024,0.04340133383850603,-0.03358607184103493,-0.1034176758708523
#12,0.36566255985611706,0.22896191576093158,1.0,0.45857203503950844,0.38882077172737106,0.2312744502823337,-0.055717200673766475,0.2531052143864662,0.13700466067458814,0.42241049541920966,0.22818315857705634,0.10040489895785308,0.11829440308216208,0.04450784463200756,0.008132671739696075,0.07085412225483528,0.4043813080016616,0.5312949919431041,-0.2722171755672922,-0.07942958090447215,-0.16395075479191298,0.06611128102361379,0.2395961053011179,0.3135241729699133,0.14567506744511952,0.13899309343716762,0.08664563809245573,0.0616697174836922,0.14518115462392783,0.0011731570706678778,0.06049108263681887,0.05440983808606499,0.2805452213249828,0.2794752290395176,-0.028671593622042572,-0.05737696686401877,-0.005617459498692181,-0.06324001332925544,-0.011248613437897995,0.1114809624452793,0.2059187371899921,0.0021162475407067245,0.21354197574258105,0.045712955397207246,-0.17076602135419758,-0.24566548133676,0.1079560134570702,0.17408464077200125,-0.08145453217508798,-0.11602477780770266,-0.07380755659227542,0.11771193287898223,0.10523629757106273,0.2321700666919253,-0.079671516020213,0.01703131918545468,-0.15523561284903706,-0.2954265133497971,-0.05678719295923165,-0.13853204727320864,0.030836228185897464,0.16195227943962348,0.16518599332624265,0.020276901587185654,0.003970474786252608,-0.10888723541199724,0.007401388616268083,-0.0436460078423496,0.2255812148794661,0.08596730680568046,0.20242574189631482,0.21311927401206024,0.04683133470582059,0.027439093975815617,-0.14169728895725966,0.006706624000876444,-0.07961947714626119,0.07839245527623968,0.3611424815239173,0.14500860467345605,0.09255250676733602,0.3345067947249015,-0.10398736459621942,0.01551671406464689,0.006357872249129262,-0.11412581538981224,-0.05512742676897935,0.12685708025398623,0.037799394705729294,0.11656799061474343,0.0011329867118278882,0.2183642447287816,-0.1633226364536877,-0.0132288295361693,-0.190844810035286,0.2548316268538849,0.28269798737372587,0.145360095313306,0.510331542404835,0.42448018186217,0.424991440974679,0.1643542843057147,0.41940776109592043,0.36504904892110634,0.21894488900655965,0.19100457850794506,0.3849662432041339,-0.0821775986342078,0.08951507986141226,-0.033193497879644124,-0.20117772188417243
#13,0.4085791105004405,0.2783221571482697,0.45857203503950844,1.0,0.1083367189033492,0.32262093332176917,0.18478638955205484,0.25431580292787137,0.1090579594370672,0.45821780551155583,0.4161210953726486,0.1260591508533919,0.3467258875138656,0.05387940675683695,0.012308563133653175,-0.046583921813874295,0.40711197944008,0.43138857061994734,-0.1945970867360214,-0.1857194374323837,-0.20043548320833351,-0.010233398914487348,0.2505023577261751,0.3044913200071211,0.22308152300437767,0.3191973231933609,0.13871372685068953,0.15838076935366804,0.16949791616263518,0.15617961628177682,-0.028636901039408035,0.023154560020450365,0.04731429197460138,0.3088571076428672,-0.04069531239301218,0.09701872030018213,0.1425673424112258,0.009382517677240297,0.09395025266242747,0.11020464058940872,0.21102493757617533,0.04885172116293189,0.08698526021719383,-0.0011083367189033493,0.012115928003761406,-0.08057169724330912,0.0418410805826528,0.19111869884555865,-0.08796395623256811,-0.05926588669219919,0.0889828226067824,0.1101398202376442,0.03919714060082075,0.13426485960916068,-0.1573126029936047,-0.10160544490954822,-0.08305221690167848,-0.22140167163470537,0.1513947787663135,0.008150930993714252,0.04714265498683051,-0.010915382052066262,0.031835922343392664,-0.06088365659820968,0.05347405131763342,-0.08999895009289395,-0.14659350792223383,0.06383891686105164,0.050527920681800544,-0.02240227875490147,-0.02334171737413668,0.12608927862252187,-0.13857952133365592,-0.0642890074725997,-0.29066815175266014,-0.1318646806684713,-0.15610018852679775,-0.11517572249585743,0.18815796080651126,0.18684238155450159,0.1312146512254242,0.3843070841340777,0.052359323859823705,-0.049152998854231814,-0.10991523141322061,-0.16528824514874446,-0.16700370206375217,0.12685251544048168,0.14108834283575344,0.14194744073730867,-0.028470741827842625,0.24907357109925274,-0.06538364975098943,0.023155472983151272,-0.07235685886053125,0.45038184664965514,0.3211957985456504,0.04531125180880735,0.2858833142371968,0.25799139076173044,0.320679061656936,0.10945235932385983,0.2581648536749031,0.24862439345040557,0.25833101288646854,0.15619239775958954,0.38505388762342113,-0.15430530385681093,-0.12127796518873221,-0.03217280558002803,-0.03992933668694965
#17,0.2504713169943442,0.10922046679782897,0.38882077172737106,0.1083367189033492,1.0,0.46023271419246164,0.051078437190448585,0.14406642716611812,0.1563028662463995,0.05524885080820023,-0.040042544061862355,0.279941752979682,0.0769289760666828,0.09911579562416978,-0.06513988870984676,-0.06895150798614122,0.217168263590591,0.3242578754444987,-0.28571715502563144,-0.19210378559983932,-0.12674387287907352,-0.15370822625041655,0.08883400968653425,0.11878922886605468,0.07542897834908954,0.05308239031894352,-0.20979335089264928,-0.25955529586838727,0.40013785736783725,0.24917764884715635,0.16464551940730462,0.1646236083024828,0.12310571651595174,0.3472398855144773,0.14670854122254837,0.18237799394705728,0.1354024111344931,-0.0068855646902545795,0.056559865246705344,0.09962066399777238,0.20106907932276427,-0.08720163237730923,0.3361738646167611,-0.12406158846380332,0.02162626045912894,-0.046518188499408857,-0.21232408349956863,-0.2467929902723824,-0.3778204841441203,-0.45809912036043765,-0.26724061588463804,-0.19414151834826787,-0.1614264129239,0.06040982895643798,-0.016307339763633955,0.03859184633011818,-0.0861380308307504,-0.30268365385932156,0.07902970324147407,-0.2571971132119397,-0.0117854355060324,0.1543628205069682,0.27728777040813996,0.09941981220357242,-0.38016588532275514,-0.34605394696599673,0.025831366659515125,-0.052814892247577225,0.045995973834488994,-0.06318432260449999,0.15254602473215956,-0.16357278823373672,-0.10404031643287213,-0.1379897474288688,-0.2124427686506868,-0.1974418785120534,-0.12937594434579375,-0.18026265936905148,0.2400881921969078,0.055444224826194724,0.1189772991824419,0.22728845513016566,-0.14407007901692176,0.2553273656004784,0.4293827915660506,0.1673871463981339,0.18772886833708408,0.17104173608987205,0.1321029639334085,0.3904421934841852,-0.005054161512231418,0.36234120155021066,0.31637352955944986,-0.038400124162927325,-0.0037897081714726544,0.08833553205183803,-0.004889828226067824,0.2567223726074671,0.10928072233608896,0.1234626849320071,0.0055453354453203815,0.1873381203010951,0.3269556802256844,0.3633052901623704,0.21700666919253014,0.07233768664381217,0.2013301866552242,-0.04677838286916788,0.17155938594128736,-0.06998406880086915,-0.1357529888116421
#18,0.3884875403415394,0.019176781532590486,0.2312744502823337,0.32262093332176917,0.46023271419246164,1.0,0.06635139021395281,0.1608804612287565,-0.157519845526711,0.11342466003551425,0.21101398202376442,0.4043520931952325,0.30379107761552404,-0.09581087064687972,-8.034071767997919e-05,-0.14375328095970638,0.4176649152998854,0.4842710221073918,-0.14649308202513386,-0.18767409057502957,-0.05936174777579462,-0.2641347167761461,0.09795542003131462,0.3349705797769632,0.25057995955575235,0.20951946208237662,0.11009325913989784,-0.11515563731643744,0.5044739737158038,0.3564489402785449,0.31542130946240193,0.2918668717789535,0.21409979595283635,0.3432548033250102,0.14991121437733662,0.13392432452172168,0.14615711175119941,0.15303080792634216,0.057197113211939724,0.12391460146895698,0.33400466523940164,0.15608923297438684,0.24547010731876548,0.07886080514180593,-0.01771512824843541,-0.0797436400735848,-0.024738550306527225,-0.021354197574258105,-0.2439847170043868,-0.3765852456097906,-0.06858540994307677,-0.20272975847571748,-0.0028301843728174487,0.03417310685771933,-0.061243363902367766,-0.06311676336463273,-0.13979284876316378,-0.31113494958163485,-0.06297160229518824,-0.18593033181629365,0.044187394723988555,0.08389762036272008,0.1969379231011517,-0.16716803534991578,-0.14966471444809124,-0.08069859905873546,-0.26283100603924825,-0.1349897519936823,-0.062275011754394774,0.015804297315433178,-0.09038148146457477,-0.11559933718907914,-0.13657009042895552,-0.06921170235590025,-0.2929039974071859,-0.11744626073301775,-0.13144015301254866,-0.10782180794003661,0.22982557847599136,0.24216700826687726,0.12826304281338585,0.5456695896689141,-0.03656506913410053,0.15945623941533868,0.1475585094970945,-0.028598556605969862,0.1262673063491991,0.2419542879575655,0.32231143896616105,0.4581100759128486,0.12793894105456322,0.21558427330451416,-0.11201504562531098,-0.00022641474982539587,-0.06621079395801284,0.2317674501408245,0.1848128654703812,0.24136999182898383,0.08719615460110378,0.2736350066418036,0.2008353608713316,0.3396038654840757,0.3039764090438085,0.3349395390451323,0.41447411066020895,0.23747072813340211,0.31919914911876274,-0.054735765770289456,0.03226044999931528,0.021828938178730706,-0.06865205622024312
#26,0.21104684868099713,0.16798057215372467,-0.055717200673766475,0.18478638955205484,0.051078437190448585,0.06635139021395281,1.0,0.11592891672410724,0.061255232417479585,0.3664422300026932,0.2604016122921298,0.09981329912766414,0.2931696695531504,0.1272679134693952,-0.12446603094030594,-0.08857655420487796,0.07368430662765273,0.07216148484253676,-0.2924493419821333,-0.1431571163160129,-0.09334221950362218,-0.0827545910611822,0.05634531901199177,-0.1246586660701977,-0.02621937580740139,-0.0985607143020172,0.11813372164680212,0.0775790055097299,-0.06698498632838355,0.12378496076542793,-0.08230815230043777,0.03163233166108999,-0.06653398275413458,0.024008180145800143,-0.05583040804867917,0.04120565854282023,0.07106592960144613,-0.21071909507137085,0.11625758329643443,-0.10715717109377497,0.0981699662660282,0.11749647368156774,0.017182870993805548,-0.0756097449638695,0.21860252799371882,0.1219572094382084,0.04571386835990816,0.1503412198094647,-0.1475502928327863,0.05656260413480807,0.04261801184112623,-0.20070572016780255,-0.006954949855523653,-0.06580543851880931,-0.11385101361683868,-0.04447954278827938,0.08599104383590409,-0.07522264877868415,0.14770001871573538,0.04236238228487175,0.03626744329360424,0.0875805118981864,-0.15096933814768998,-0.024805196583693574,-0.03319258491694322,-0.03491351960815641,0.05305134958711262,0.15272679134693953,-0.04515422222425103,-0.023688643200482043,0.056133511665380914,0.05110400014607403,-0.04027078473708957,-0.0364390802813751,-0.12986072753997635,-0.08433949430995996,-0.08753486376314096,-0.04162014360903285,0.017510624603431828,-0.19758338773069425,0.1261732711910055,0.02451122259400092,-0.0802804621417192,0.17283662075985887,0.05749017423893147,0.04438368170468396,-0.046744603249234254,0.17119054901012018,0.0608343566123606,0.03083348929779474,-0.06806593416625964,0.21846375766318066,0.09099681832498734,-0.05300022367586172,0.0651435405606504,0.16630711152295874,-0.039110409144234415,0.017066924730790124,-0.03445247344419744,0.0008015812513979742,-0.08849530052449707,0.07435989902632528,-0.016714521128239304,-0.0763118132808684,0.003956780345738975,-0.06104798988437327,0.07524182099540323,-0.021360588313164466,0.22116977910867452,0.03300177571245327,0.029957958067623146
#49,0.4051555003720323,0.15722313264891563,0.2531052143864662,0.25431580292787137,0.14406642716611812,0.1608804612287565,0.11592891672410724,1.0,0.15469879078090265,0.25105561312292585,0.18800001825925403,-0.07478990445845335,0.18469600624466487,0.07116726846124702,-0.06055407706318158,-0.05568615994193557,0.11877279553743832,0.08118886002912351,-0.0004418739472398855,-0.028828623206598895,-0.08938726508328503,0.04569378318048816,0.14199582776045686,0.19893274660263754,0.24452062610982028,0.23883378144585904,0.08666846215997845,0.10198341146772448,0.034865132585008236,-0.046090008992682605,-0.06275888198587647,0.1513619121090808,0.012115928003761406,0.12688903394851803,-0.10341676290815138,0.016544710065870258,-0.07372082513568907,-0.14959715520822398,-0.08949408171929135,-0.04663048291162065,0.07303336422190472,0.014167355192703603,-0.11354151926123059,-0.19665399170116904,-0.047832854788717606,0.013218786946459303,0.06778291572897789,0.1647587267822173,-0.263835265010248,-0.047194693860782316,-0.05571172289756102,-0.02939739896926511,-0.011422076351070677,0.1729534799855752,-0.1312475178826569,-0.025184076104570748,-0.20292604545641288,-0.24188764168039914,-0.008906864110066783,-0.06027471047670348,0.017940630035559898,-0.048559573098641055,0.014115316318751797,-0.08856925050327069,0.07077012968635167,-0.2440166706989186,-0.01913295932294686,-0.037467989245299385,0.19106848589700867,-0.05121903344638855,0.22973884701940503,-0.08884496523894517,0.25385749565201515,0.20677692212884644,-0.1313095993463187,-0.1651713859230281,-0.140071302386941,-0.18448602482345583,-0.02446466149625457,0.06345547252666993,0.025625037089109723,-0.008520680887582338,-0.10930445936631258,-0.04694819393153693,-0.036790570921225015,0.13401196894100892,-0.21440563845764082,0.14689569857623466,0.1257706546399047,-0.034216929067362956,-0.09751628497217746,0.08205800052038874,-0.05029420223036788,-0.09288208630236412,-0.17922827262892174,0.17201130247823726,0.23481309371105644,0.08654156034455213,0.05664203188978714,0.1027174334792552,0.08303943542386576,-0.09240186792168606,0.08124820260468259,0.01137916710412796,0.10326612406250142,0.013295475813335646,0.1521178452254333,-0.19752952293134063,0.09685073516321491,0.06395121127326343,-0.12985981457727544
#50,-0.11105278293855304,0.10592741033565074,0.13700466067458814,0.1090579594370672,0.1563028662463995,-0.157519845526711,0.061255232417479585,0.15469879078090265,1.0,0.10593014922375346,0.11459599118078032,0.09376400827144207,-0.007321960861289012,0.2417370028347492,-0.03434748273359292,0.20668288697065282,0.07866543112381144,0.1546531426458572,-0.23006112285282584,-0.09281087521169322,-0.1175028644204741,-0.05068586322905778,0.022836849000534083,-0.0031716324229573603,-0.0921179365217034,-0.026669466418949454,-0.24092811788174395,-0.13390150045419894,-0.04542080733291641,0.01732346724974551,-0.07373908438970726,0.040219658825838674,-0.05247253123473641,0.07533311726549412,0.08242409856345319,0.13338841541628818,0.040818562357634876,0.020716036646322815,-0.05033345962650696,-0.07583159490019035,-0.12491886043995673,0.010402297014155487,0.13204453432055033,0.09017332596876755,-0.10838510592649737,0.028041649358415462,-0.1502718346441956,-0.13527733524446858,-0.17295987072448155,-0.1729461762839679,-0.14310142559125746,-0.05135962970232851,-0.17762967493963033,0.03197286674852899,-0.22506173910264896,0.1813481720204321,-0.10000867314565863,-0.08428471654790544,0.26010307348893263,0.24615574230714804,-0.01902249083613689,-0.04171600469262828,0.0594941273674264,0.1817818293033638,-0.2055051650864804,-0.24780455294498943,0.2657442700178484,0.1176069421683777,-0.014327123665362651,0.13335007098284998,0.10092620066007203,-0.04466761310466661,-0.11336440449725427,-0.13370886532430717,-0.051282940835452165,0.0131256647509666,-0.06566027744936481,-0.1845535840633231,-0.05406473818512145,0.12971191461972822,0.029576339658643248,-0.14791091309964532,0.07145119986122966,0.061320965731945024,0.05795213336559135,0.026236722098718655,-0.11715685155682964,-0.09039974071859294,-0.05197405360004017,-0.06476466103977321,0.018769600167985137,0.1189252603084901,0.2555172618422674,-0.08210638754353691,0.05309791068485897,-0.13973441915030563,0.052686164506749074,-0.013389510971529258,-0.009241921421300333,-0.01675925630058384,0.011958898419205083,0.03486969739851278,0.18030374269059238,0.021586090100288953,-0.10325882036089415,-0.13489389091008686,-0.05428932700954502,-0.03070384859426568,-0.0384074278645346,-0.07806104981580977,-0.010433337745986388
#51,0.35651558655571125,0.46267123756658923,0.42241049541920966,0.45821780551155583,0.05524885080820023,0.11342466003551425,0.3664422300026932,0.25105561312292585,0.10593014922375346,1.0,0.5176982384384686,0.03852428709025093,0.2354494287135899,0.08976979645496583,0.05138610562065487,-0.09782121451428102,0.4581703314511086,0.39979823524309915,-0.2153633363308942,-0.1725125190010362,-0.140021089438391,-0.04137273071708655,0.3750167756896292,0.14023654863580548,0.07559057274715042,0.09887477347112984,0.25939826628383095,0.2941812322257574,0.14086284104862895,0.15860809706619436,-0.025075433543162592,0.06494177580374953,0.10324147406957689,0.17039261960952584,0.064516335185126,0.14102352248398892,0.11290792314679984,-0.10240611319824529,0.17670393076090876,0.061964604436085764,0.1776251101261258,0.0927880511441705,0.07181821086699502,-0.04371174115681504,-0.04911648034619546,-0.1235548941647989,0.13782997895620974,0.2914715589294599,0.052998397750459905,0.10196058740020177,0.14010234311877187,0.14390209387995453,0.1392688081728421,0.18629277800855445,-0.12374113855578431,-0.08487266452729074,-0.2354503416762908,-0.28036901952370735,0.18804566639429945,0.1421574221585177,0.14959715520822398,0.06950750227099473,0.043604011558107794,0.009649102785905682,0.1444361770599862,0.013433333181172883,0.081764939493397,0.1411969853971616,0.04894027854492005,-0.008225793935188777,0.0793720642543149,0.08980357607489946,-0.15861540076780165,0.11779866433556857,-0.21890380568501874,-0.22677537009225487,-0.04818617135396933,-0.17687100293517508,0.21721573765103827,-0.028725458421396195,0.03401151245965846,0.0969529869857167,-0.12614953416078187,0.026876708952055763,-0.04711252721770052,-0.06765327502544884,-0.15228948221320418,0.0619792118393003,-0.0512856797235549,0.004112896967594389,-0.11581388342379272,0.13047880328849165,-0.05329876247905892,0.055928095057676416,-0.07298406423605563,0.19612538629734283,0.24826286022084568,0.19084663596068782,0.300615793341763,0.2861279882410404,0.3754586496368691,0.2744767582520416,0.27196611082454225,0.235708710120648,0.21011197487526648,0.02579667407688059,0.40479031529166876,-0.03228783888034254,0.07151784613839601,-0.006246490799618381,-0.13959564881976746
#52,0.44073274386374944,0.23064085416790298,0.22818315857705634,0.4161210953726486,-0.040042544061862355,0.21101398202376442,0.2604016122921298,0.18800001825925403,0.11459599118078032,0.5176982384384686,1.0,0.12168332062793574,0.4429978043247043,0.164170778802832,-0.06795455271674876,0.026685899747565814,0.3153263613415074,0.2650960665002031,-0.14364737728640095,-0.06547677194648213,-0.13022317373223716,-0.012059324316305057,0.07300780126627926,0.0025599474133484275,-0.06073393071526063,-0.1244724216792123,0.10545814750738358,-0.07245637179493032,0.05664477077788987,0.12088265233923869,-0.11843317341270022,0.11337992486316971,0.15208589153090152,0.11166172906005925,0.02008244053189207,0.1973816229737934,0.13217143613597668,0.060761319596287895,0.04540346104159915,-0.0258596685032433,0.0646897980982987,0.2178566374670763,0.12107163561832682,0.1627976829006651,-0.21479912538173254,-0.1262773489389091,-0.03643634139327238,0.10357653138081044,-0.09899619751035071,-0.23144517430740366,-0.0743617249517271,-0.11975149155281262,-0.1441558975108072,0.06778017684087517,-0.22004774794925752,-0.0834867871473111,-0.18382412686529692,-0.2393477794464707,0.04973912090821529,0.07753609626278718,0.2886404615939416,0.2296146840920814,-0.10811578192972926,-0.1286181853040394,-0.02481432621070266,0.018787859422003315,0.01337216468021199,0.18226935138564915,-0.023090652631386745,0.0470897031501778,-0.16547083768892623,0.12506219558399942,-0.30840519110591735,0.044830120465428384,-0.14419150305614264,-0.0015721217709650471,0.1430941218896502,0.03288674241213875,0.08084376012817997,0.12105063747620591,0.23863384261436,0.32645446370288544,0.05367307718643155,0.026642990500623097,-0.057648116786188704,-0.05646856897661446,0.053836497509894235,-0.018076661477995318,0.2083618253776242,0.02084659031255278,0.11390761730429504,0.06994389844202915,-0.27145211282393056,0.14007860608854825,0.022426928747826008,0.1976692062245797,0.2671940547868917,-0.06469344994910232,0.09645450935102047,0.18029917787708782,0.23282648687387877,0.1683767979659191,0.0661441476808465,0.1340402707847371,0.14427549562462624,0.07617030406222754,0.30876855026087907,0.11862854743069472,0.16189019797596169,0.2007751053330716,0.11911972136378368
#53,0.13876576572464133,-0.06697220485057083,0.10040489895785308,0.1260591508533919,0.279941752979682,0.4043520931952325,0.09981329912766414,-0.07478990445845335,0.09376400827144207,0.03852428709025093,0.12168332062793574,1.0,0.3698996197510351,0.09948828440614059,-0.06319710408231272,-0.15414279649604914,0.18391998794889236,0.25175311662642025,-0.16622494487987693,-0.2648851721162932,-0.20894703446890678,-0.45110400014607405,-0.13583789434282662,-0.1377633326790434,-0.1951941643424158,-0.24918769143686634,-0.0989542012261089,-0.2574180501855597,0.42366673209566025,0.44729238086977957,0.17561385329602358,0.2531408199318017,0.0683398229765323,0.2115663244578143,0.4057525779784267,0.17869875426239462,0.37067107323330306,0.14125541501001976,0.09798737372584643,-0.13288172111728375,0.14768541131252083,0.24277869327648618,0.33716899396075173,0.16053444836511205,0.16459804534685735,-0.12605458603988734,-0.0020532531143440135,-0.14393678646258906,-0.07147219800335057,-0.36884879968228895,-0.17234270793866716,-0.27146124245093967,-0.034027032825573914,-0.2933111787717913,-0.1258236064765574,-0.23724979115978218,-0.12974478127696093,-0.4161621786941894,0.03987273299949331,-0.07687693719273099,-0.07196428489914045,-0.043937242943939525,0.15264005989035317,-0.025870624055654205,-0.2357671397335062,-0.0724344606901085,-0.14782418164305897,-0.07923785873728129,-0.03513445658177635,0.31025485353795873,0.02765455317323011,-0.008412038326174183,-0.20556359469933855,-0.12645811555368905,-0.1206060246408633,-0.09270771042649052,-0.20458581164666517,-0.19888801143029303,-0.027924790132699127,0.0589983886208329,0.48460242756782174,0.6281000789712736,-0.11138601432438477,0.3796692336134607,0.28270894292613674,-0.07038029461306358,0.20463054681900972,0.2571176854569607,0.3438080587217609,0.6339311717419784,0.07080664819438802,0.34181871299648053,-0.07100658702588705,0.0788379810742832,-0.08271442070234221,-0.04913930441371818,-0.09691738144038126,0.23061894306308114,-0.1085841317952955,0.12065258573860965,0.07612283000178027,0.3120807789397764,0.12452263462776228,0.19484815147877133,0.18840446073575665,-0.029432091551899648,0.04527929811427554,-0.1822136606608937,0.16043219654261026,-0.08631514559472672,0.05447739732593225
#54,0.2941337581653102,0.001121118196716073,0.11829440308216208,0.3467258875138656,0.0769289760666828,0.30379107761552404,0.2931696695531504,0.18469600624466487,-0.007321960861289012,0.2354494287135899,0.4429978043247043,0.3698996197510351,1.0,0.13015652745507084,-0.16904508666298437,-0.15077122524159275,0.28564503097225963,0.35524565543874703,-0.2540218289381787,-0.18687890006253793,-0.20899633445475585,-0.2436259226629296,0.057548603851789636,0.007118370178986338,-0.07311279197688378,-0.015357858554688748,0.028508173298579888,-0.08835561723125801,0.18787037755572497,0.18040782043849599,0.08289427435442125,0.1408044114357708,0.20531161699388772,0.08228532823291504,0.13544075556793128,0.038277787161005536,0.23071754303477932,0.02640927204919043,-0.06103429544385964,-0.03934138870756435,0.03488521776442823,0.12673017843855988,-0.03873426851145997,0.1321951731662003,-0.06684165118434086,-0.024580607759269995,0.06223484139555478,0.09498281347715538,-0.12911574997603473,-0.23970200897442334,-0.11944199719720451,-0.1456832841094277,-0.07965873454240027,-0.018400763236817958,-0.3068129841555323,-0.2837743703980974,-0.1743886573514039,-0.32515075296598756,0.12350742010435163,0.10663769531695783,0.1499513847361766,0.19614912332756645,-0.06207872477369937,-0.023941533868633798,-0.04693632541642511,-0.2634910780720054,-0.05509729899984936,0.1307316939566434,-0.013119274012060237,0.06473453327064323,0.012833516686675766,-0.002016734606307659,-0.15214066929295603,0.014724262440258004,-0.21114088383919075,-0.10090976733145568,-0.05102000757759042,-0.061876960016798516,0.057131379897474285,0.14630775059684936,0.2266000812536804,0.3960724344606901,0.32132726517458127,-0.010730963586482675,0.005281489224757722,0.06194178036856304,0.16797326845211738,0.052576608982640015,0.2838492333395719,0.02836209926643447,0.16939201248932975,0.10569277892151716,-0.2266858997475658,0.1171623293330351,0.0433675542185724,0.31275180652494444,0.17665189188695696,0.17274075967626343,0.07138364062136242,0.1614985369772718,0.23124340955050282,0.30805370046606745,0.11161973277581744,0.10191950407866086,0.3861987428503608,0.12732086530604791,0.19650243989281818,-0.074032145416699,0.1025731853725116,0.1498162662564421,0.19115065254009048
#58,0.0060063816092793525,-0.155807127499806,0.04450784463200756,0.05387940675683695,0.09911579562416978,-0.09581087064687972,0.1272679134693952,0.07116726846124702,0.2417370028347492,0.08976979645496583,0.164170778802832,0.09948828440614059,0.13015652745507084,1.0,0.029450350805917826,0.2267050719642849,0.07540250243076319,0.022994791547791316,-0.09088269798737372,0.05882218681955749,-0.14184975372831143,0.0895497724440468,0.05931062186454372,-0.191896543066733,-0.14174111116690327,-0.1533850374542948,-0.2023307937754203,-0.0887655374839661,0.046023362715516256,0.02425833192584917,0.03784869469157837,0.037027941223461314,-0.0392126609667362,-0.012199007609544113,0.13749583460767711,0.15805118981863997,0.10767208205708756,0.10513861056206548,0.17043187700566492,0.021936667777437954,-0.09513253936010445,-0.02301487672721131,0.02018560531709477,0.04578234056247632,-0.021808852999310714,0.17764245641744306,-0.08246426892229318,-0.10610817695043069,-0.19484176073986498,-0.16231929044538884,-0.02628967393537137,0.07765386845120442,0.04212409901993454,0.1066249138391451,0.14002656721459644,0.10542345492474905,-0.14839843518193063,-0.07948801051733032,0.02821876412239178,-0.04970534128828167,-0.026893142280672123,0.0951590152784308,0.022654256460352313,0.13079742727110885,-0.03377596808282397,-0.050566265115238714,0.41489316053992614,0.26980330218608917,0.12592951014986284,0.08317546686630117,0.15965617824683773,0.04436268356256305,-0.1168007961034752,-0.0022522789831421436,-0.08969310758808949,0.10443106446886112,-0.022833197149730446,0.024739463269228136,0.1536114522041202,-0.019113787106227777,0.14349126066454554,0.028222415973195414,-0.11823688643200482,0.09832882177598634,0.00643912592951015,0.004953735615131444,0.011915076209561459,0.04857783235265923,0.11863585113230199,0.011128102361378026,0.04060675501102402,-0.0497701616400462,0.08183158577056335,-0.08465537940447443,-0.17442334993403844,0.04298410988419068,-0.09630021865456687,0.07568825975614767,-0.13237046200477479,0.016499061930824815,-0.08845147831485345,-0.09460393395627821,0.05476315465131672,-0.012321344611465898,-0.10558596228551083,-0.018700215002716063,-0.032556249914409745,-0.018508492835525206,0.2939539045132311,-0.08122811742526259,-0.09460302099357731
#101,-0.14584213961938586,0.028208721532681783,0.008132671739696075,0.012308563133653175,-0.06513988870984676,-8.034071767997919e-05,-0.12446603094030594,-0.06055407706318158,-0.03434748273359292,0.05138610562065487,-0.06795455271674876,-0.06319710408231272,-0.16904508666298437,0.029450350805917826,1.0,0.6113225634166716,0.09878439016373985,-0.03572423048656347,0.4847567182642753,0.2968315629464958,0.509340977874349,0.28241770782454684,0.03139587432155459,0.12398216070882424,0.2822597652772896,0.06596338106606654,-0.12998306454189815,-0.12842828906225037,-0.02777323832434826,-0.15014128097796564,-0.086662984383773,-0.1519425563868588,-0.05801330186655224,-0.08231271711394231,0.003272971282758243,0.05461434173106858,0.013144836967685685,0.27503823031310054,0.029826491438692274,0.11860481040047109,-0.10095998028000566,0.16345045123181492,-0.07669708354065195,0.19456878489229323,0.11050957013151227,0.121049724513505,-0.2662381828390401,-0.10743379879215034,-0.21184569104429238,-0.16018204476256123,-0.10250380020724253,0.05357265128933157,-0.14608772658593033,0.13274842856295105,0.2232412914770367,0.29305828810363954,0.09764501271300562,0.28929779473859596,-0.08772384704222909,0.023726987633920216,-0.1979485728110578,-0.3117913697635883,0.4240072671830992,0.24460096682750027,-0.08503517188805251,0.01499815125053066,0.2205717885395792,0.0577202408395605,0.5044557144617856,0.2523794090392437,-0.0059753408774484516,0.10321865000205417,-0.05726284652640516,-0.15747511035436648,0.03205959820511533,0.11893804178630282,-0.09285104557053321,-0.13909899711047305,0.4051217207520987,0.2099622489923174,-0.2931395417840204,-0.13661391263859915,-0.050295115193068785,-0.009653667599410226,-0.0157239565977532,-0.40602464086329754,-0.24120657150552113,-0.2960738039047415,-0.15740389926369558,-0.215796080651125,0.010609539547261796,-0.32912944441654834,-0.0850123478205298,-0.22655808496943858,-0.2986985716698544,0.08628501782559674,-0.02688675154176576,-0.14237927209483855,0.0152601715456915,-0.06334500403985995,-0.03010950987597402,-0.0027060214454938444,-0.12130900592056311,-0.21672638964335111,0.053369973569729806,-0.03640986547494602,0.010747396915099034,-0.27615295777091026,-0.030476520881739376,-0.41838615583360345,-0.22821602523428905
#102,-0.21243363902367768,-0.11393683211072411,0.07085412225483528,-0.046583921813874295,-0.06895150798614122,-0.14375328095970638,-0.08857655420487796,-0.05568615994193557,0.20668288697065282,-0.09782121451428102,0.026685899747565814,-0.15414279649604914,-0.15077122524159275,0.2267050719642849,0.6113225634166716,1.0,0.05450569916966042,0.016120182409947642,0.3335180561198172,0.5360305294727183,0.36716803534991577,0.5223342630336838,-0.021615304906718036,-0.006356046323727444,0.0009020071484979481,-0.11649769248677345,-0.22580397777848785,-0.12370735893585068,-0.19497505329419768,-0.28789913588080357,-0.019510925881123128,-0.24911648034619546,0.07504005623850238,-0.160685087210762,0.01008093414343557,-0.021784203006386175,-0.1370010088237845,0.30436350522899386,0.0285921658670635,0.11326306563745338,-0.21754623014876728,0.10881602432132635,0.04166944359488193,0.35104054923836087,0.07266270136533572,0.2581000333231386,-0.22963020445799687,-0.17064824916578034,-0.3285068038545285,-0.1809674665741531,-0.22764451058352012,-0.03565667124669621,-0.27817517015342336,0.1903791990578225,0.09094112760023189,0.43378327178443127,-0.03777565767550567,0.32361149785225524,-0.10827189855158467,0.015129617879461535,-0.1766044178265097,-0.25413960112659595,0.2789274514189723,0.32040334692126154,-0.1609626278718383,0.026778108980357606,0.4034993860325836,0.26724518069814257,0.5392870674268603,0.353573107770682,0.1396276025142993,0.19525259395527395,-0.1343397225506352,-0.11617541665335263,0.09548494296265526,0.27645788731301385,-0.07621503923457207,-0.11892708623389192,0.3171322015639051,0.20503407633281143,-0.275073835858436,-0.17772918787402942,-0.020707819982014635,0.035441212049281724,0.007812221831677067,-0.4636663669105799,-0.3417849333765469,-0.3313315104511405,-0.09518914304756079,-0.31036075721126416,0.03177749273053449,-0.35981503375679585,-0.019566616605878568,-0.34460598812235527,-0.3685338275504754,0.024244637485335535,-0.05680180036244619,-0.20038800914788626,-0.005531641004806748,0.0299634358438286,-0.1443001456175508,-0.03154925205530728,-0.07162557573710326,-0.12467144754801042,-0.06247677651129563,0.08496761264818525,-0.01585907507748771,-0.17000734934974232,0.0006536812938507398,-0.23794090392437017,-0.19140993394714859
#201,0.3526692746967823,0.1701917678153259,0.4043813080016616,0.40711197944008,0.217168263590591,0.4176649152998854,0.07368430662765273,0.11877279553743832,0.07866543112381144,0.4581703314511086,0.3153263613415074,0.18391998794889236,0.28564503097225963,0.07540250243076319,0.09878439016373985,0.05450569916966042,1.0,0.5751044201089165,-0.18662144458088165,-0.010212400772366445,-0.00011229441221178908,-0.029974391396239506,0.4054942095340695,0.3297201312840364,0.26371657985912983,0.16051801503649568,0.14318176630893745,0.03828052604910826,0.37745986387726127,0.21559796774502776,0.14950494597543218,-0.03184779085850448,0.24361131525971508,0.3585807081851671,-0.01271026672205307,0.09838359953804088,0.15925264873303602,0.06775552684795062,-0.04741471787170135,0.10684311192466232,0.08851447274121615,0.0724454162425194,0.17948572811057803,-0.059168199683201944,-0.07454705638001159,-0.0310973355183574,0.020508794113216506,0.06591499404291838,-0.07506653215682874,-0.2180346651937535,-0.1095518722582589,-0.012379774224324066,-0.053258592120218926,0.13213035281443578,-0.06294603933956278,0.003483865666668188,-0.2769207594023746,-0.34220307029356317,0.04512683334322376,-0.009008202969867665,0.21138738376843613,0.24763474188262039,0.1472681873582055,0.07392076396718812,0.0005076072617053231,-0.06308663559550275,0.11450652083609124,-0.008055982872819731,0.3070001415092186,0.1667982854560477,0.216086402790014,0.19733141002524343,-0.2591152478465492,-0.04730881419839592,-0.35169788238301525,-0.14180410559326598,0.0017081532134004666,-0.12139117256364491,0.4432954301652006,0.30325060369658596,-0.010185924854040088,0.29115384790954363,0.0045401635116197325,-0.0046962801334751465,0.08613255305454495,-0.1471577188713955,0.07336659560773645,0.08188545056991696,0.049713557952589846,0.13971889878439017,-0.14225145731671132,0.10556770303149265,-0.06982612625361191,0.022972880442969502,-0.10278316679372064,0.45139249635956125,0.32491520858915307,0.31237657885487086,0.10042407117457217,0.1931847334377154,0.36396079738162296,0.39836579676537315,0.2209114106643173,0.3799257761324161,0.31278558614487806,0.2482537305938366,0.41763661345615727,0.11106465145366486,-0.05340923096586889,0.04860339530828468,-0.02825710855582995
