,#10,#11,#12,#13,#17,#18,#26,#49,#50,#51,#52,#53,#54,#58,#101,#102,#201,#202,#301,#302,#401,#402,#501,#502,#601,#602,#701,#702,#801,#802,#901,#902,#1001,#1002,#1101,#1102,#1201,#1202,#1301,#1302,#1401,#1402,#1501,#1502,#1601,#1602,#1701,#1702,#1801,#1802,#1901,#1902,#2001,#2002,#2101,#2102,#2201,#2202,#2301,#2302,#2401,#2402,#2501,#2502,#2601,#2602,#2701,#2702,#2801,#2802,#2901,#2902,#3001,#3002,#3101,#3102,#3201,#3202,#3301,#3302,#3401,#3402,#3455,#3501,#3502,#3601,#3602,#3701,#3702,#3801,#3802,#3901,#3902,#4001,#4002,#4101,#4102,#4201,#4202,#4301,#4302,#4401,#4402,#4501,#4502,#4601,#4602,#4701,#4702,#4801,#4802
#10,1.0,0.3177721884172422,0.15887376921215884,0.4725805347222539,0.12534430105858024,0.25465086023910494,0.05401178634846873,0.3452304546097769,0.19237402255930833,0.26915144681764025,0.2981270570190855,0.08204065422907147,-0.062258578425778414,-0.0633294836739445,-0.1050984402032255,0.14157951676884242,0.09631482605778141,0.07966512528130663,0.10262248535836069,0.1790895022983836,-0.045485627684680945,0.2675081139560043,0.004371265411951594,0.2090511122168104,0.15618418109528134,0.25531184523456296,-0.037767441011197486,0.028223328935896325,0.04434807615934851,-0.022777506424975006,-0.09842559582228268,0.14698882077172737,-0.28506895150798617,0.009884647162740167,-0.016850552570674724,-0.018309466966727073,-0.15175996384667703,0.11347304705866242,0.18197537739595648,-0.12616779341480003,0.1053358105054618,-0.15380226140861014,-0.12318605723363173,-0.07803731278558615,-0.17095043981978117,0.17934513185463807,-0.18305632523383258,-0.19227450962490927,-0.17477210168578564,-0.10152693011727006,0.017557185701178177,0.055073561969625734,0.06330209479291724,0.053841062323398775,0.2629999041389164,0.19940748720711016,-0.22383106538182382,-0.1059237584848471,-0.02635358132443499,0.09310667512678769,-0.057037344739280675,-0.12056311539392058,-0.14601651549525943,-0.15042886422875193,0.12805397435487773,0.16199701461196803,-0.25369498829125336,-0.1307636476511752,0.2556505543966001,0.1327739915185765,0.2531462977080071,0.2381508853455792,0.13494775570944048,-0.06667366604737364,-0.10137811719702192,-0.16873376638197446,-0.002267799349057594,-0.1436190754426728,-0.2382321390259601,0.06430544080121607,-0.1551570980567589,-0.041434812180748355,0.04990893197058434,-0.13134520489165416,0.08128380815001802,-0.20969475092095113,-0.14766258724499812,-0.0038517896351344567,-0.08045666394299461,-0.22633258318231408,0.0002364573395353933,0.1291760055142947,-0.05521689711366842,-0.13777885304495885,-0.06254798760196652,-0.0525026590038664,0.17656698635577245,-0.025868798130252387,-0.07148315355576149,-0.1788521319961473,-0.032357224045611616,-0.18820634782965942,0.11969488786535626,-0.22257482870537323,-0.21822273551014074,-0.25780697229614685,-0.3720715580164972,0.018870026065085112,-0.11277189170436441,-0.06066454554999155,-0.14004756535671736
#11,0.3177721884172422,1.0,0.2516974259016648,0.3912949006468341,0.021186212437290873,0.2112376578854871,0.24665056809104063,0.24211405643022454,0.2647719647413805,0.2837761963234992,0.19210835041334387,0.13498062236667321,0.09504489494081719,0.12006463775922435,-0.14121980946468432,0.15607006075766774,-0.03375040512719853,0.07233586071841035,-0.05356899943852794,0.11573628159421546,-0.08889335226209333,0.28339457791451933,-0.03956049975578248,0.31380901733259686,-0.03506963623001182,0.2570720373219152,-0.13116991605307965,-0.14768723723792265,0.02361834507251206,-0.07051541309279809,-0.07398923616975628,0.1007992988446457,-0.4085480697686096,0.28885500782865514,0.09479565612346907,-0.13452687990432152,-0.14669758567013744,0.0650202905960277,0.002013995718204933,-0.1911013525542414,0.1811619276294467,-0.09370649162128482,0.07771594991486623,-0.06550781267831303,-0.19688131941369535,0.03415758649180388,-0.16642031889787143,-0.32349920344004346,-0.1597173467477986,-0.22281128604490863,-0.055394924840345645,-0.14255090908260942,-0.09285561038403777,-0.024230943044821904,0.14385461981950728,0.14122072242738523,-0.059795405058726325,0.003680152647363592,-0.06015237347478169,-0.15916409135104786,0.0734131567054828,-0.060450912277978885,-0.15654662728754218,0.16870272565014358,-0.06262285054344105,0.1508789548403,0.017347204279969143,0.08974240757393857,0.09549133370156163,0.2637330131877462,0.16333724385690224,0.20638891298096015,0.18770695723226227,-0.18863087548558205,0.14439783262654804,-0.0457394313155336,0.0745160156481807,-0.17456668507808112,-0.06917153199706026,0.16247723299264608,-0.007089155372557254,0.12520005295183664,-0.06043995672556798,-0.011536196688684284,0.05546339704291381,-0.13680563480579,-0.08562311986743781,0.07881789589486321,-0.009201751062460344,0.08510181816521886,0.2724572847576312,0.09331665654799673,-0.007739184815604359,-0.15249398585820775,0.04511587779081286,-0.12778921517161415,0.2742576472038235,-0.22186454372406617,0.0976139719811747,-0.24227565082828542,-0.1997836278398846,-0.2534567050263162,0.22886605467733614,-0.35908283767066695,-0.28036171582210007,-0.3836999639379733,-0.29543290408870343,0.12741490046424153,-0.2141372274235736,-0.030088511733853112,-0.07249380326566758
#12,0.15887376921215884,0.2516974259016648,1.0,0.38723221662778967,0.21263631674327946,0.3676126481852584,0.21133534489448433,0.06194451925666577,0.09025549261184934,0.2660345921567374,0.1172755367079478,-0.150228012434552,0.11821588828988391,-0.09697946290404305,-0.4702287428047127,-0.09510241159097445,0.22002218499363208,0.46875887285624945,-0.09036778702406113,-0.11444443937242944,-0.2085781975377396,0.05913807191407195,-0.04938489138026266,0.05910703118224105,0.06989825030698371,0.1846868766176558,0.06110733245993235,0.08848708386018889,-0.06214993586437026,-0.004660674588139702,0.13650892192799463,0.16443462502339468,-0.05111495569848494,0.4329488238758006,0.032772622074525144,-0.22899204353006158,-0.29169066997767806,0.11240305477319724,0.1431753755700311,-0.05605956168660729,0.07107688515385704,-0.15177822310069522,-0.04425495396385581,0.020764423669470983,-0.211318911565868,-0.1538469965809547,0.22766185687483736,0.044726042717524776,0.13055366622996617,-0.062385480241204744,0.31973597118689717,-0.06457385183528327,0.20366189339334542,0.28276919846439674,0.31532270949070373,0.254619819507274,-0.1626242199874924,-0.10865442992326549,-0.005911433488384832,-0.11358351554547239,0.042450026704159004,0.07284072909201295,-0.2602080641995371,0.00832804575769057,0.3138008006682887,0.29583917249060787,0.018307641041325255,0.2988346031122898,-0.13857586948285228,-0.07762739253287806,0.19924132799554475,0.3310238420209342,0.10277312420401065,0.165953794957707,0.09710179990596485,0.1920499208004857,0.06940068563498838,-0.014865771658898876,-0.17488987387420288,0.04697923466336783,-0.041517891786531064,0.12123870779259313,-0.25156139445922937,-0.10164835415649094,0.02125194575175631,0.07705496491940822,0.009226401055384883,0.15412271131662916,0.013090972168332063,0.0741983046282644,0.18464122848261033,0.09926917335792246,-0.010122017464976468,-0.10259783536543615,-0.18052650558961414,0.1869263741229852,0.39633628068125276,0.11441339864059853,0.38329095664796614,0.1337517745712499,0.2765071872988629,-0.02970780628757412,0.45463899172399314,-0.15034578462296924,0.016347510122473947,-0.11972227674638353,0.10866812436377912,0.038383690834310966,-0.13972802841139925,-0.1526090191585223,-0.20052130170221896
#13,0.4725805347222539,0.3912949006468341,0.38723221662778967,1.0,-0.05803064815786951,0.1543947742015,0.058241542541779455,0.20239470116448394,0.21870934462972516,0.4490297488896091,0.30762186910853756,0.004211496939292545,-0.015854510263983164,-0.1593320764880151,-0.10442741261805749,-0.005769011307043051,0.2052066262832832,0.032590029534343375,-0.01549936777332962,0.06962983927291651,-0.12337777940082258,0.15284456353535678,0.10813130229564472,0.06175279708947491,0.09882729941068258,0.17424532220736122,0.07317852529134922,0.059302405200235546,-0.1129143138857062,-0.24536237772005826,-0.06993202992691734,-0.0012398033478342241,-0.11383731917632506,0.20616797600734021,0.07701388159786732,-0.0349126066454555,-0.15624991440974678,0.12535160476018753,0.24276682476137437,-0.08150657104903979,0.10207105588701174,-0.07141742024129605,0.015485673332815988,-0.021860891873262518,-0.16232842007239795,-0.102809642712047,0.09534891152021985,-0.08549621805201149,0.05077989838725139,-0.10442284780455295,0.10662126198834147,-0.07337755116014735,0.1257514824231856,0.09843746433739449,0.29500015976847266,0.06754554542674159,-0.1256784454071129,-0.14801042603404438,0.1051605216668873,0.03242113143467524,-0.017302469107624608,0.05469194356064583,-0.24547649805767185,-0.01964330547275491,0.13359474498669358,0.29973113248458233,-0.07430329533886892,-0.04772603815271127,0.02518225017916893,0.020190170130599313,0.07675094834000556,0.26763318984602885,0.07198345711585953,0.054674597269328565,0.02715242368773024,-0.0638745224063871,0.04381399297931683,-0.07475521187581881,-0.11076337376236493,-0.030379746835443037,-0.07658022431493561,-0.08879292636499336,-0.12075848941191508,-0.07417091574723715,-0.08139062478602437,-0.08521685146553337,-0.08176037467989246,0.166034135675387,-0.21336120912780107,0.02770933093528464,0.1215755910292285,0.25254100343730457,-0.1831412307650171,-0.12654028219677085,-0.14788535014401988,-0.10585619924497984,0.26335504662956993,0.012843559276385762,0.1318765491835831,-0.052471618272035496,0.04078204384959853,-0.12515166592868848,0.18475626178292487,-0.1610667056197419,-0.15898606362437062,-0.10924237790265079,-0.22312351928861945,0.035896780437035244,-0.007834132936498879,-0.11697699790475061,-0.17871701351641278
#17,0.12534430105858024,0.021186212437290873,0.21263631674327946,-0.05803064815786951,1.0,0.25093875389720954,0.17704903066185232,0.008899560408459512,0.04332738385973241,-0.0630199893183364,0.04803644547102028,0.0720738404232495,0.16048240949116024,0.06846946368006135,-0.23100147443476196,-0.03431735496446293,-0.09116571642465547,0.20503864114631598,-0.09518275230865443,-0.21348172020432105,-0.2658154811085193,-0.07629264106414932,-0.06499290171500044,0.048703821205384655,0.06557445895547938,0.17719784358210044,0.04908270072626183,-0.13371708198861534,0.10371438874864768,0.3037582109582913,-0.07967334194561482,0.20937977878913758,-0.011636622585784257,0.1421172517996777,0.025346583465332525,-0.1455792063615241,-0.04535872586925461,0.038865735140390836,-0.09534069485591166,-0.20417132658045256,0.16479707121565548,0.0681334934061269,0.16896839779610803,0.09036687406136022,-0.07282155687529386,0.0032629286930482455,0.18416101010193228,-0.044880333413978374,-0.1391446452455185,0.05895456641118927,0.2682813933636741,0.019302770385315908,-0.028725458421396195,0.0830339576476603,-0.033649066267397644,0.16367047524273395,-0.07288272537625476,-0.11713037563850329,0.12363249599437615,-0.0354275176087681,0.000325927684224461,0.034749186321992816,0.02323855258893398,0.01955566105346766,0.04359670785650052,-0.152321435907736,-0.04498167227377926,0.19011717876266165,-0.1094797482048871,-0.008727010457987738,0.06640342908790461,-0.0030766843020628393,0.10774694499856208,0.08358356119360744,-0.10531116051253726,0.027994175297968202,0.15826573605335353,0.172294320915519,0.0220343547864352,0.06810245267429599,-0.12241551671406464,0.16965768463529424,0.1597356060018168,-0.016262604591289424,0.2585629054124994,0.05655621339590171,0.028876097267046156,0.023411102539405752,0.20838830129595057,0.03954406642716612,0.2156007066331305,-0.04980668014808255,0.024962226168249897,-0.03280822761986059,0.012866383343908485,0.04588094053417448,-0.004355745046036144,0.011294261572943437,0.12350833306705254,0.15266836173408135,0.08878470970068518,-0.07285168464442385,0.23250877585396248,-0.0518635851132302,0.27263439952160756,-0.03805137241118014,0.06471718697932596,0.03597346930391159,-0.01826655771978436,-0.007345697891512642,0.05232463127718917
#18,0.25465086023910494,0.2112376578854871,0.3676126481852584,0.1543947742015,0.25093875389720954,1.0,0.17831896177881654,0.09072658136551831,0.08654703812075758,0.28827253762547533,0.14476940844581795,-0.2741079213208744,0.2553702748474211,0.06462223885843144,-0.27689154459594556,0.2279120086548864,0.2711654425358452,0.6346058511779501,0.11760329031757408,0.00878909192164954,-0.12310023873974629,0.04297315433177978,-0.13687958478456363,0.1756038107063136,0.12343894790178347,0.23756567625429664,0.09230874572619335,0.2495747876220517,0.18601523734747816,0.25745730758169877,0.14089022992965622,0.35775447694084456,0.005142718894219577,0.12807497249699865,-0.03468162708212556,-0.146351572806493,-0.237862389132092,-0.003792447059575381,0.06139491571071864,-0.26509697946290406,0.1776150675364158,-0.09653119821789681,-0.059556208831088205,-0.05369498829125336,-0.32736194862758883,-0.12437747355831777,-0.049502663568679904,-0.027377012512153815,-0.06312041521543638,0.053841975286099686,-0.01862352613583972,0.2423550785832645,0.0453778980859737,0.358351554547239,0.17242304865634714,0.388991495752441,-0.4225556564886542,-0.1815964978750793,-0.09577617806424518,0.047461278969447705,-0.13734063094852259,-0.13529559449848677,-0.2230550470860513,0.006073027886445699,0.3937964184473243,0.21413174964736817,-0.18649089091465168,0.1246887938393277,0.07758813513673898,0.18846928108752117,0.4468340735939233,0.26327196702378725,0.1426193812851776,-0.11947029904093268,-0.1318062510556131,0.02389223388278472,-0.02810920859828272,-0.1340320541204289,-0.09214532540273067,0.17526053673077185,-0.12108441709613954,0.3114225328324211,0.08005769924269744,-0.34821401671634705,-0.11854546782491202,-0.2892557984543542,-0.15409440947290098,0.10421925712225028,-0.007600414485066213,-0.1470837688926219,0.07179721272487413,0.010697183966549046,-0.3144097467897949,-0.06060794186253521,-0.1329675396111692,0.12277522401822273,0.19362112960874983,0.25037180405994514,0.3171586774822315,0.08510181816521886,0.14906398499089318,0.32081783198747416,0.5777355786129358,0.01928633705669955,-0.04098106971839666,0.0066244573577946475,-0.005991774206064811,-0.1239273829467697,0.004095550676277121,-0.20820023097956333,-0.20618075748515294
#26,0.05401178634846873,0.24665056809104063,0.21133534489448433,0.058241542541779455,0.17704903066185232,0.17831896177881654,1.0,-0.014666745790100745,0.143567036568721,0.10913556126664445,0.07887084773151593,-0.11993499705569528,0.2056503261559249,0.21946801663418042,-0.10687415265649322,0.15021066614323472,-0.04922877475840724,0.1395773895657493,-0.07962312899706482,0.0362217951585588,-0.10511761241994458,0.11140975135460841,-0.17444526103886027,0.19519964211862123,0.01625530088968215,0.18960957150095634,-0.13920855263458212,-0.09289851963098048,-0.014523410646058055,0.1139861320965732,-0.027165205165542963,0.16928702177872523,-0.13966412102233564,0.30732880808154583,0.11920006208146366,-0.114749368914533,-0.11515381139103562,0.07649805767185382,0.038365431580292784,0.071237566589217,0.040759219782075806,-0.06676131046666088,0.10395541090168761,0.05529632486864749,-0.13999826537086826,0.04856231198674378,-0.182040197747721,-0.25593083394577915,-0.3300515367444663,-0.10478711992221558,-0.01505475493798701,-0.06292230230933915,-0.2710138907274943,-0.09571044474977974,-0.12190882241506024,0.12618879155692095,-0.14310781633016384,0.09121501641050454,0.07786202394701164,-0.1518686064080852,0.015071188266603367,-0.048136871368120254,-0.00037340174467172146,0.0025499048236384304,-0.0890960299816951,0.0036317656242154227,0.01092542464177626,0.1976272099403379,0.03594881931098705,-0.0012115015041060497,0.22098079582958638,0.22557847599136338,0.20298903988277558,-0.07996640297260656,0.1301976107766117,0.15350554853081477,0.08183888947217062,-0.06725978810135712,0.09554154665011161,0.08454308499226264,-0.09250959752039331,0.08712129165962924,-0.021663691929866204,-0.1965051787809209,0.05645122268529719,-0.10062948778227665,-0.010310087781363692,-0.01503010494506247,0.06552972378313485,0.049840459768016175,0.09191434583940074,0.12741763935234426,0.1831083641077844,-0.0919627328625489,0.19711047305162346,0.09873143832708715,0.07799531650134434,-0.1257222676167565,0.13642949417301556,-0.055639598844189224,-0.12902445370594384,-0.2735647085138337,0.1752349737751464,-0.1536415799732502,-0.0016743735934668389,-0.16764003706628566,-0.05165634258012389,0.12546663806050204,-0.09275427152423688,0.02512108167820804,-0.031457042822515484
#49,0.3452304546097769,0.24211405643022454,0.06194451925666577,0.20239470116448394,0.008899560408459512,0.09072658136551831,-0.014666745790100745,1.0,0.48615263823396493,0.2351098065888518,0.2740549694842217,0.13763277901281343,-0.11939634906215907,0.004035295138017136,0.0020852068088758236,-0.03320171454395231,-0.13862699539410317,-0.08444813687136812,0.10219887066513897,-0.19169751719793487,-0.16707400019172217,-0.10404031643287213,-0.12695568022568438,0.08974971127554583,-0.07251845325859212,-0.09341434355699398,-0.286833708408843,-0.13050801809492074,0.03218102224433621,0.09182944030821621,-0.07195424230943046,0.11620463145978172,-0.19908429841098843,0.2126837908037267,0.07879872367814413,0.0723212533151958,-0.002870354731657438,0.09256802713325148,0.15368266329479108,-0.09101051276550097,0.07943231979257487,0.10888449652389452,-0.09273783819562052,-0.06058603075771339,-0.12340151643104622,-0.07910639210835041,-0.25551817480496836,-0.23423427535868022,-0.2751770006436387,-0.2662016643310038,-0.2604682585692962,-0.09216358465674884,-0.11496847996275113,-0.024810674359899025,-0.06254890056466743,-0.07842258304536968,-0.24058119205539857,-0.18014853903143788,-0.18386612314953873,-0.15440846864201363,0.1781208488727193,0.0711252721770052,-0.07957656789931847,-0.21376930345510733,-0.022428754673227826,-0.12068271350773964,-0.1559815033756796,-0.1478497445986844,0.18758918504384503,0.0846736386584926,0.22371877096961204,-0.013352992463492905,0.34452108259117076,0.05724367430968608,0.044563535356763,-0.17158768778501554,0.15128887509300806,-0.07975642155139752,-0.14797664641411076,0.047004797618993274,-0.22800786973848183,0.0256843796646688,0.134742339101736,0.07925429206589765,0.10047611004852397,0.017385548713407313,0.06913592645172481,0.19751035071462156,-0.10046150264530943,-0.0898994371584949,0.10606526770348797,0.061676108222598565,-0.08056987131790731,0.03886847402849357,0.019128394509442318,-0.13644592750163193,0.02270264348350048,-0.03334596265069591,-0.09601537429188331,-0.1266918340051217,-0.09087174243496282,-0.09984890467299959,0.0950156801343881,-0.24207206014598273,-0.25675250037659714,-0.11584766304372635,-0.14324293480989833,0.15073561969625732,0.09793989966539916,0.06588395331108747,-0.025075433543162592
#50,0.19237402255930833,0.2647719647413805,0.09025549261184934,0.21870934462972516,0.04332738385973241,0.08654703812075758,0.143567036568721,0.48615263823396493,1.0,0.2826943355229222,0.28134862850178255,0.14204056293280137,0.025988396244071447,-0.019623220293334916,0.01071818210866995,0.07868551630323144,-0.09030570556039932,-0.07834132936498879,0.11526975765405105,-0.2190964408149105,-0.19093245445457327,-0.06976860960345466,-0.07113531476671521,-0.00930765473576577,0.06025279937188166,-0.07828837752833608,-0.23316702196131778,-0.26387360944368615,0.11605764446493538,0.1281644428416877,0.06694664189494538,0.17595895319696714,-0.12980594977792181,0.23275892763401151,0.2854368754764524,-0.007054462789922718,-0.014722436514856186,0.04176621764117827,0.161065792657041,-0.06656228459786276,0.19107487663591505,0.17976600765975706,-0.1138939228637814,0.17789808597369755,-0.19476781076109134,-0.15201011562672606,-0.30683672118575595,-0.32626548042379727,-0.21966521657757673,-0.3117795012484765,-0.26732552141582255,-0.2872527582885601,-0.15753262700452372,-0.09748524424034656,-0.10553848822506356,-0.08127924333651348,-0.07435716013822255,-0.16953626059607335,-0.2563078875412545,-0.18490416174047208,0.17295987072448155,0.02640288131028407,0.038798175900523584,-0.11124450510574391,-0.10463648107656562,-0.1565064569287022,0.09723965727380209,-0.050474055882446925,0.19874376332354943,0.12211241309736291,0.30305249079048874,0.14660720236274746,0.35860261928998893,0.038526113015652744,-0.006650020313420095,-0.27581059675806946,0.2749368914532997,0.01876047054097605,-0.14301743302277387,0.08770011001200546,-0.11359629702328511,0.17920636152409994,0.02378906909758202,-0.07553031720889043,-0.031048948495209228,0.020199299757608404,-0.0283858362966581,0.04427321321787398,0.09362249905280119,-0.04630912004090073,-0.07839793305244515,-0.02757329949284922,-0.004131156221612566,0.014673136529007107,-0.0046862375437651494,-0.10609356954721615,0.05040832256798149,-0.11728192744685416,-0.19985027411705095,0.03168893534854633,-0.14370489393655822,-0.11399526172358228,-0.014931504973364313,-0.08152300437765615,-0.2599076994709381,-0.0348304400023737,-0.04080578087982215,0.15603719410043504,0.008336262421998749,0.21143120597807977,0.10754883209246487
#51,0.26915144681764025,0.2837761963234992,0.2660345921567374,0.4490297488896091,-0.0630199893183364,0.28827253762547533,0.10913556126664445,0.2351098065888518,0.2826943355229222,1.0,0.4604244363596525,0.048314899094797484,0.21120113937745075,0.07801996649426887,0.03377961993362761,0.20043000543212808,0.2944222543787974,0.29390734341548475,0.22722819959190568,0.018947627894662363,-0.010416904417370029,0.07384863991381632,0.08716693979467469,0.13817690478255512,0.17275445411677706,0.11002387397462876,0.14127458722673886,0.046556532932847026,0.1829668548891435,0.0568848799682289,0.03416306426800933,0.031058991084919226,-0.09090734798029826,0.12216627789671652,0.06521383868862038,0.029703241474069577,-0.1120378696928337,-0.06382522242053801,0.30419552009202666,-0.08642104926803215,0.1607261705323029,0.08920832439390688,0.01504562531097792,0.012122318742667768,-0.2750291006860915,-0.16391606220927843,-0.031913524172969915,-0.24510766112650467,-0.08901751518941693,-0.12416931806251055,0.035431169459571726,0.01763387456805452,0.04798166770896575,0.12075118571030781,0.23566123606020076,0.21931737778853044,-0.2192406889216541,-0.1973724933467843,-0.13212122318742667,-0.06408632975299794,-0.11845873636832567,-0.10320769444964326,-0.15916226542564604,0.02359004322878389,0.14151195752897516,0.17202134506794725,-0.009145147375003994,-0.04084321235055942,0.21819169477830982,-0.056942396618386154,0.36963942538127603,0.18821182560586489,0.13557678701036668,-0.028086384530759997,-0.18654749460210804,-0.1326708267333738,0.09592681690989514,-0.11246239734875632,-0.006925735049094569,0.10162370416356639,-0.10118639502983105,0.0485230545906047,-0.027775977212450984,-0.14688109117302012,-0.13455335582264785,-0.12373292189147612,-0.1980508246335596,0.16150218882807543,0.01921421300332775,-0.0010124756353079194,0.01770691158412723,0.25805529815079403,-0.04175343616336555,-0.2227464656931441,-0.1914939265156322,0.1775940693942949,0.111894534548791,0.08268337997051131,0.14342826623818283,-0.0640708093870825,-0.09847672173353357,-0.02496040024284808,0.20339804717278276,-0.026646642351426733,-0.22153313826363624,-0.03134018359679915,-0.17694769180205142,-0.025328324211314347,-0.1057375140938617,-0.16935914583209702,-0.19593549005555377
#52,0.2981270570190855,0.19210835041334387,0.1172755367079478,0.30762186910853756,0.04803644547102028,0.14476940844581795,0.07887084773151593,0.2740549694842217,0.28134862850178255,0.4604244363596525,1.0,0.20232440303651394,0.19501157180223402,0.10301779820785421,0.06721413996631168,0.027703853159079184,0.08666754919727755,0.06585656443006022,0.1411248613437898,-0.06222845065664842,-0.015523104803553251,-0.060656328885683376,-0.01674921371087384,0.21639863603372483,0.08184893206188061,0.06427074821858153,-0.03402338097477028,-0.1680791721254228,0.08486627378838438,0.12096938379582502,-0.16996626602820142,0.04210949161672,-0.21230856313365318,0.10586989368549347,0.11537383540195466,0.10187294298091451,-0.06557080710467574,-0.0023782678358675656,0.06263106720774923,0.0012571496391514925,0.15995745593813765,0.16699913725024765,-0.07627346884743023,-0.016555665618281167,-0.15426695942337276,-0.13672803297621275,-0.2042480154473289,-0.3535466318523557,-0.2071466720227145,-0.1513737806241926,-0.10256679463360524,0.002499691875088443,-0.0827043781126322,0.005847526099321212,0.01953192402324403,0.011962550270008719,-0.06906106351025029,-0.14116868355343343,0.03497194922101458,-0.08258477999881315,-0.013466199838405602,-0.06266575979038376,0.005803703889677587,-0.05990404762013448,-0.03234444256779889,-0.11810998461657848,-0.09160576444649354,-0.21717465432949737,0.15369087995909927,0.06596064217796382,0.21961682955442854,0.12875604267187665,0.1980426079692514,-0.021034660628940004,-0.06160033231842313,-0.15881625256200158,0.13966685991043837,-0.07994357890508383,-0.059989866114019914,0.06451724814782692,-0.08038545285232372,0.14391122350696361,0.06470805735231687,-0.09897793825633254,0.11853907708600565,-0.0883337061264362,-0.1692614588230998,0.1146261189499103,0.17081258245194392,0.21396924228660638,0.11599008522506812,0.1490740275806032,-0.01489498646532796,-0.0703200390748036,-0.0818270209570588,0.04474338900884205,0.2337896625233376,-0.04555592581265092,-0.0733830289363528,-0.0936937101434721,-0.16491393044137181,-0.1049961883807237,-0.04814965284593298,-0.24889645633527643,-0.2595872495629191,-0.1357922462077812,-0.21971177767532307,0.0033560508885409485,-0.23589769339973615,0.007170409052938143,0.012968635166410277
#53,0.08204065422907147,0.13498062236667321,-0.150228012434552,0.004211496939292545,0.0720738404232495,-0.2741079213208744,-0.11993499705569528,0.13763277901281343,0.14204056293280137,0.048314899094797484,0.20232440303651394,1.0,0.1736455057128641,0.21482377537465708,0.10628529171440701,0.0996964399019478,-0.19103196738897232,-0.2895917687282886,-0.05086480391843591,0.034787530755430986,0.022288158417287863,0.06406076679737249,0.08655616774776667,0.08440979243792995,-0.1273491671497761,0.015441851123172362,-0.1981859431132941,-0.30180355781564544,0.09473174873440546,0.0625470746392656,-0.04120291965471751,-0.05643570231938174,-0.16035824656383663,0.19980827783280913,0.13901500454198945,0.09373388050231207,0.23149812614405638,0.04712530869551324,0.07053915012302173,0.03180579457426267,0.22069047369069736,0.1588591618089443,0.2467482551000379,0.056465830088511734,-0.0840446073575664,0.23879634997512178,-0.18394189905371416,-0.16896839779610803,-0.15405241318865917,-0.19975897784696006,-0.047897675140482134,-0.1494976422738249,-0.04891106373849096,-0.2491192192342982,-0.044065970684767676,-0.12729347642502065,-0.07862891261577508,0.12960235909561915,-0.04656018478365066,0.1502188828075429,-0.1433926606928474,-0.08644022148475124,0.28010243441504196,0.22313264891562856,-0.39707760639439077,-0.06971383184140012,0.22323946555163487,0.07106958145224977,0.07433890088420438,0.20825318281621605,-0.1197925748743535,-0.16784362774858833,0.04542719807182278,-0.07843719044858423,0.1333409413558409,-0.04380760224041047,-0.08634983817736126,-0.18215705697343734,0.02272729347642502,0.09074757950763922,0.2158280343456568,0.13665225707203732,-0.049796637558372554,0.40925287697371127,0.26527135533877766,-0.10922777049943624,-0.1882045219042576,0.1485700721697015,0.15218175261449693,0.3854692856523347,0.11824419013361209,0.170220982621755,0.21312931660177023,-0.08115964522269442,0.17211355430073905,-0.214363642173399,0.16208557199395618,-0.4164232860266494,-0.25027046520014423,-0.2606581548110852,-0.2589335682690684,-0.23578174713672073,-0.15652745507082308,-0.15755910292285008,-0.1876056183724614,-0.17583844212044716,-0.23317523862562595,-0.12721222274463978,-0.04736724381125409,-0.04598775717018081,0.0761967799805539
#54,-0.062258578425778414,0.09504489494081719,0.11821588828988391,-0.015854510263983164,0.16048240949116024,0.2553702748474211,0.2056503261559249,-0.11939634906215907,0.025988396244071447,0.21120113937745075,0.19501157180223402,0.1736455057128641,1.0,0.12040152099585971,-0.048069312128253,0.0994590695997115,0.10005158239260135,0.1943514997694769,-0.1493543071297822,-0.14738961139742635,-0.14366015876421367,-0.02696070152053938,0.08587144572208502,-0.05696978549941342,-0.019335637042548627,0.0914989478104872,-0.09734829983521023,-0.0646386721870478,0.25110582607147586,0.3275856244893115,-0.02973336924319957,0.1308330328164443,-0.0777652499007153,0.16995987528929504,0.16625872449981055,0.03641899510195511,0.06624457357794647,-0.06633221799723373,-0.06589490886349839,-0.12576700278910105,0.3013562060922001,0.18281895493159628,0.05698621882802978,0.22724554588322293,-0.08335532051838022,0.11982452856888531,0.06462132589573052,-0.02563781856692245,-0.1021705688214108,-0.07960852159385029,0.0007239794218207215,-0.2117032688629506,-0.0451204426043174,-0.1839446379418169,-0.002675893676363852,-0.1289249407715448,-0.14114038170970525,-0.04319865611890426,0.0986547494602108,-0.02306052486225675,-0.10657743977869784,-0.09862827354188444,0.0941593211209356,0.2612890120374132,-0.0927980937338805,0.03474096965768463,0.21425682553739267,0.28092501380856083,-0.006503946281274679,0.27479812112276153,0.17556181442207178,0.002114421615304907,0.06402607421473795,0.0959112965439797,0.00941081952096847,0.09332943802580945,-0.04574856094254269,-0.12361149785225524,0.27038577238926903,0.11464346524122757,0.14810902600574252,0.3766080696773133,-0.003063902824250115,0.017265037636887345,0.12814253173686588,-0.21933746296795045,-0.10929624270200441,0.11530901505019013,0.39733506187604706,0.29545572815622617,0.1072238173709413,0.07734528705829723,0.16209196273286255,-0.19965581306175736,0.17542669594233729,0.16973072165136693,0.01379395344803188,-0.0831782057544039,0.15193433972255063,-0.034809441860252796,-0.04814782692053116,0.013670703483409185,0.0765893539419447,-0.11100530887810578,0.17086644725129754,-0.16964216426937878,-0.003608941556692701,-0.034328310516873836,0.017207520986730087,-0.04528294996507918,0.1116562512838538
#58,-0.0633294836739445,0.12006463775922435,-0.09697946290404305,-0.1593320764880151,0.06846946368006135,0.06462223885843144,0.21946801663418042,0.004035295138017136,-0.019623220293334916,0.07801996649426887,0.10301779820785421,0.21482377537465708,0.12040152099585971,1.0,-0.011815563275162394,0.06143965088306317,-0.08895452076305423,-0.004525556108405191,0.023768983918162023,-0.03891686105164174,-0.0065085110947792225,0.02594000922092328,-0.08764441928725002,0.10148675975843006,-0.18121579242880032,0.2188179871911333,-0.14149004642415333,-0.15272587838423862,0.17482687944784017,0.20493638932381417,-0.13152779743183593,0.09378409345086207,-0.0859107031182241,0.14251530353727399,0.16349244751605674,-0.02423459489562554,-0.038636581502462713,-0.10622594913884793,-0.19382928510455705,-0.05700630400744978,0.10024421752249311,-0.019186824122300484,0.16350431603116855,-0.0963029575426696,-0.11673780167711248,0.006245577836917472,-0.14208712403054774,-0.10442467372995476,-0.21230856313365318,-0.056433876393979926,-0.0007741923703707085,-0.07095272222653344,-0.16101284082038828,-0.09375579160713389,-0.2085882401274496,-0.07011279654169729,-0.06386265389127527,0.12345629419310074,0.013453418360592878,0.03714297452377583,0.01302980366737117,-0.04101028452482574,0.19555843646007842,0.09342529910940489,-0.24327260609767787,-0.1456924137364368,0.2666407993901409,0.24368435227578777,0.035147238059589074,-0.13975085247892197,0.10078103959062752,-0.08625397709376584,0.08657260107638302,-0.1333117265494118,0.09161763296160536,0.09538999484176074,-0.028297278914669943,-0.13251836196232203,0.16402926958419115,0.04262622850543441,0.042754956246262556,0.27357292517814186,0.16673985584318954,0.020637521854044653,0.2515778277878457,-0.04314570428225155,0.04146128809907471,0.19727389337508616,0.2137117868049501,0.317102986757476,0.07039125016547448,0.09136017747994905,0.0971072776821703,-0.02837031593074265,0.13493223534352505,-0.0631551077980709,0.06768796760808338,-0.18062419259861137,-0.04981489681239073,-0.0910032090638937,-0.23026745242323124,-0.24681946619070877,0.19580128453852017,-0.07920407911734766,-0.013647879415886464,-0.18975747145850355,-0.1780058155724048,0.0865689492255794,-0.08588148831179503,-0.015255606732186957,-0.003994211816476237
#101,-0.1050984402032255,-0.14121980946468432,-0.4702287428047127,-0.10442741261805749,-0.23100147443476196,-0.27689154459594556,-0.10687415265649322,0.0020852068088758236,0.01071818210866995,0.03377961993362761,0.06721413996631168,0.10628529171440701,-0.048069312128253,-0.011815563275162394,1.0,0.36684484655379407,-0.02424828933613917,-0.19675806944907265,0.37191361546924,0.2845668220224863,0.44547923694577457,0.1659017560837552,0.21406692929560364,-0.15942976349701232,0.11219946409089457,-0.04451332240821301,-0.00405629328013804,-0.22940287674547055,0.3525067673360205,0.03896342214938809,-0.0676596657643552,-0.29700959067317306,0.07899044584533499,-0.20124345519863787,0.1575508862585419,0.1268862950604153,0.32430443654224506,0.11952051198948267,0.3342575559075534,0.17929765779419082,-0.013225177685365665,0.2343547864352002,0.06907567091346484,0.13988505799595558,0.10549010120191539,0.16013639662751578,-0.16354357342730763,-0.1440335605088854,-0.2535763031401352,-0.18270392163128174,-0.2491621284812409,-0.07136355544194242,-0.22676076268904033,-0.18449058963696038,-0.050956100188526796,-0.06393021313114253,-0.03255259806360611,0.168077346200021,-0.17016255300889682,-0.2058265279572003,-0.22473124660491994,-0.2858586642442723,0.36694709837629585,0.19023677687648072,-0.23409550502814208,-0.19637188622658822,0.2867551936165648,0.014988108660820662,0.5655183117493735,0.14575906001360314,0.05837848694691578,-0.029801841445767734,0.048198039869081145,0.0171573080381801,-0.1451154213094624,-0.3469714744804101,-0.12226761675651741,-0.3033391610785741,0.29863740316889353,0.09572779104109702,0.03809154277002013,-0.18407610457074777,0.12656401922699448,-0.04072909201294581,-0.17440235179191754,-0.2583300999237676,-0.30361852766505226,-0.1598615948545422,0.05527989154003113,-0.03696038198359406,-0.1320518380221576,-0.1710262157239566,-0.04158910287720195,-0.33333546357963545,-0.08437601281799632,-0.027681942054257374,-0.18227209027375185,-0.019258948175672284,-0.15444316122464816,-0.056670333733515314,-0.2554378340872884,0.06465601847836507,-0.31792830503909764,0.15580347564900235,-0.0028977436126847037,0.1551790091615807,-0.06137391756859774,-0.2927570104123396,0.047728777040814,-0.11800955871947852,-0.11670310909447794
#102,0.14157951676884242,0.15607006075766774,-0.09510241159097445,-0.005769011307043051,-0.03431735496446293,0.2279120086548864,0.15021066614323472,-0.03320171454395231,0.07868551630323144,0.20043000543212808,0.027703853159079184,0.0996964399019478,0.0994590695997115,0.06143965088306317,0.36684484655379407,1.0,0.039261047989884376,0.1897802955260263,0.35801832316140725,0.7015616226999046,0.18397202682284416,0.6257373315013215,0.06019071790821986,0.25621659127116364,0.06337695773439177,0.4402954347300141,-0.026052303633135068,-0.0290559509191252,0.3942163812897424,0.2619545618463758,0.0050222078176996076,0.03110555218266558,0.09949193625694422,0.2388091314529345,0.20795738290112156,0.10219795770243807,0.3881753070978285,0.2076314552168971,0.29847398284543086,0.2130635832873048,0.2359944674460325,0.24952731356160443,0.10527646792990272,-0.014940634600373402,-0.1666759484541259,0.43314145900569234,-0.18908735683603647,-0.2187568186901724,-0.19788010060848965,-0.26763136392062703,-0.19823889494994681,-0.025687118552771525,-0.2800449177648847,0.0049163041443941805,0.0035368175033209017,0.31149830873659656,-0.43550603240104624,0.27691162977536554,-0.33771859750669886,-0.05113047606440039,-0.5338047264079026,-0.6614633879132868,0.390163739860408,0.36318477908585045,-0.03446616788471107,0.11314711937443796,0.33288902481889104,0.134782509460576,0.5280439317651677,0.2956100188526798,0.27204097376601677,0.20345465086023912,0.1344136725294088,-0.05410947335746598,-0.22216673437806697,-0.3081614300647747,-0.3839994157038714,-0.5553342128207353,0.08523237183144883,0.37282931705825156,0.11028224241898597,0.12041886728717698,0.16571459873006888,-0.0961897501677569,0.07531850986227957,-0.5577964732250864,-0.5414188353334825,0.08631697152012854,0.033772316232020344,0.0727521717100248,-0.10183916336098088,-0.07710335194255638,-0.07010640580279093,-0.49039061109158383,-0.1897912510784372,-0.1057995955575235,0.24123030853574476,-0.10404944605988123,0.05854282023307938,-0.03689738755723135,-0.19681193424842627,0.04533864068983462,0.20777387739823888,-0.003805228537388105,-0.10702844335294681,0.1046446977408738,-0.04218891937169907,-0.5603874613702657,-0.3077825505438975,-0.33166474183697225,-0.2784152793437624
#201,0.09631482605778141,-0.03375040512719853,0.22002218499363208,0.2052066262832832,-0.09116571642465547,0.2711654425358452,-0.04922877475840724,-0.13862699539410317,-0.09030570556039932,0.2944222543787974,0.08666754919727755,-0.19103196738897232,0.10005158239260135,-0.08895452076305423,-0.02424828933613917,0.039261047989884376,1.0,0.3627365143997042,0.22850543441047716,0.015167049350198797,0.059213847818247387,0.007528290431694413,-0.005208452208685014,-0.06741864361131526,0.16936827545910613,0.11334340635513336,0.2875823378235882,0.17793186559363117,0.05529176005514295,0.07469860818836246,-0.006451907407322874,-0.09113467569282457,0.11997608037723619,-0.21652188599834754,0.1200701155354298,-0.06724883254894622,-0.1542514390574573,-0.11350500075319422,0.21019140263024555,0.003416306426800933,0.07350901778907823,0.09220192909018703,0.029256802713325147,0.2225100083536087,-0.010572108076524533,-0.09806406259272278,0.1853378190234038,0.18873221434538293,0.10887901874768906,0.18733355548759056,0.09943350664408605,0.1719957821123218,0.20795920882652338,0.33377916345227715,0.05115877790812856,0.16895926816909895,-0.1964011010330173,-0.22669137752377128,0.052100042452765595,0.006996033177064551,-0.1346912131904851,-0.12096025416881594,-0.21529942894183057,-0.019606786964718556,0.2818544098380861,0.12297242396161905,-0.20172002172851228,-0.03370749588025581,0.1358461110071348,-0.10306162041749785,0.2529938329369554,0.03614236740357973,-0.12094838565370412,0.0694235097025111,-0.35228765628780234,-0.06576070334646478,-0.0024805196583693573,-0.025992048094875084,-0.06057507520530249,0.06767336020486883,0.05423363628478958,0.07321960861289012,0.005030424482007787,-0.3483299629793625,-0.1566625735505576,0.005966211250439364,-0.11255917139505266,0.026933312639512114,0.06926008937904841,-0.10828833188020104,0.02138797719419173,-0.0648039184359123,-0.1789361245646309,-0.07394632692281357,-0.33183181401123857,0.3579498509588391,-0.08512464223274158,0.5156102927414901,0.2948002209369736,0.22814481414361817,0.35106702515668725,0.3696083846494451,0.1183573975085248,0.2868264047072357,0.127039672794168,0.12917144070079017,0.10857591513098733,-0.13311087475521188,0.11506434104634655,-0.19270725394514007,-0.15889841920508338
