,#10,#11,#12,#13,#17,#18,#26,#49,#50,#51,#52,#53,#54,#58,#101,#102,#201,#202,#301,#302,#401,#402,#501,#502,#601,#602,#701,#702,#801,#802,#901,#902,#1001,#1002,#1101,#1102,#1201,#1202,#1301,#1302,#1401,#1402,#1501,#1502,#1601,#1602,#1701,#1702,#1801,#1802,#1901,#1902,#2001,#2002,#2101,#2102,#2201,#2202,#2301,#2302,#2401,#2402,#2501,#2502,#2601,#2602,#2701,#2702,#2801,#2802,#2901,#2902,#3001,#3002,#3101,#3102,#3201,#3202,#3301,#3302,#3401,#3402,#3455,#3501,#3502,#3601,#3602,#3701,#3702,#3801,#3802,#3901,#3902,#4001,#4002,#4101,#4102,#4201,#4202,#4301,#4302,#4401,#4402,#4501,#4502,#4601,#4602,#4701,#4702,#4801,#4802
#10,1.0,0.448770467482551,0.367986962892631,0.5074036710230203,0.013384946158024713,-0.016015191699343123,0.10248006317701891,0.6801234325571629,0.037794829892224754,0.5019624133256035,0.634066290221713,-0.10452601258975565,-0.3204508209817088,-0.1122441992632391,0.018525839126842473,0.03162959277298726,0.29210332911848885,-0.3378966252333761,0.1699753956552105,0.15642063843481674,0.1875444498715005,0.20935969360971757,0.04292111545782797,-0.0411609233704757,0.20675866287482825,0.1404739189380418,-0.028016999365490923,-0.18398389533795598,-0.10366965357630314,-0.1409185317733844,-0.08576280316067687,-0.08024485659638375,0.16856121643150268,0.012936681471878467,0.14714311146818096,0.11496482811194748,0.07134894803872788,0.0907767943140683,0.09092286834621371,0.13387228564776987,0.09470253392797637,0.14160142787366423,0.13486102425285415,-0.20693303875070185,-0.03553250831937261,-0.18756636097632232,-0.07984315300798386,-0.003935782203618071,-0.17220028575732538,0.004511861667891559,-0.07408509725335172,0.016483541564909367,0.10184646706258815,-0.09279535484577778,-0.008012160663176105,-0.1394870062583593,-0.12840911684553127,-0.0905814202960738,-0.0989322901212871,-0.2418849027922964,-0.2235717839747657,0.08441892206493903,0.09180844216609531,0.25328324211314346,-0.044043146617244955,0.0436359652526396,-0.05842322211926032,0.1385256565343023,0.26961431890700105,0.3810377647021231,-0.04305714690026339,0.2638663057420789,0.13964220991751383,0.013095536981836606,0.01228756499153227,-0.11273263430822533,-0.05256291454212638,-0.18109619431498125,0.14860841660313967,0.10165657082079911,0.16523620627479263,-0.12287199806451908,-0.3189334769727983,0.06179114152291308,0.07371443439678271,-0.13771403269319432,-0.08633796966224945,0.13002414786343905,0.14238474987104402,0.15240360255081778,-0.19429398311931967,0.0645975888655069,-0.11180141235329831,-0.11135040877904934,-0.20317802316186373,-0.04640224223639343,0.22750482729028104,-0.18657214459503257,-0.17494191274815468,0.08803881917404265,-0.14376788836292093,-0.2922375346355225,-0.12096208009421774,-0.2718775534425541,-0.13181994549612674,0.06092291399434876,-0.1176471125272177,-0.08901112445051057,-0.00863936603870049,-0.2758288560120876,-0.20596438532503755
#11,0.448770467482551,1.0,0.18243094578371,0.38834785704830027,0.0032811879470664228,0.10801535603262928,0.09706802028603122,0.5546997037436036,0.5535292855610384,0.5070330081664514,0.4602601030734889,0.11198309193077917,0.017766254159686305,-0.07202545340010134,0.13093163278814243,0.11221589741951092,0.275815161571574,-0.049818548663194365,0.10558961413631446,0.23588947673542798,0.29441129882638645,0.13915833968603214,0.1780487248193475,-0.001586729174179589,0.197515828490827,0.1149766966270593,0.00643912592951015,-0.12811422989313773,0.05997525871080537,0.1262353526546673,-0.08272628921745402,0.07765569437660624,0.011187444936937102,0.04534229254063825,0.07483281370539607,0.16080468532458106,0.2300666006290313,0.13160174741060954,0.21414270519977907,0.045313077734209166,0.14247878502923764,0.1867702575011298,0.10775150981206663,0.10645784166487877,-0.101016583967462,-0.019322855564735904,-0.17345195762027144,-0.19645770472047364,-0.3321513509565567,-0.19000671027585167,-0.218189868852908,-0.24515878703775557,-0.08386018889198282,-0.29928743261194063,-0.05511099344036299,-0.23704163566397496,-0.1421026443964632,-0.07841801823186513,-0.22059643853250374,-0.1817708737509529,-0.05353978463209885,-0.07340767892927734,0.14072589664349264,0.29177831439696533,-0.001090077464885172,0.0478629825578476,0.023058698936854936,0.0072954849429626555,0.52972378313484,0.45153857039170664,0.261090899131316,0.31290974907220165,0.1570861882437793,-0.15868935074657525,-0.014348121807483556,-0.18426417488713498,-0.03510067696184272,-0.19992331113312364,0.14697056151770918,0.06889581726138579,-0.04971629684069257,0.08644387333555488,0.09661610374908133,0.23853250375455912,-0.016322860129549407,-0.24666152364345154,-0.20439682836757705,0.003749537812632665,0.0037194100435026726,0.11398887098467592,0.07643871509629474,-0.1170071256738806,-0.13729224392537442,-0.22938918230495692,-0.3108747552118758,0.21563357329036323,0.0010864256140815367,-0.0626593690514774,-0.2232933303509885,-0.10419643305472755,-0.260860832530687,-0.0681855322800787,-0.048943017433022776,0.06335322070416813,-0.06432826486873879,0.057746716757886854,-0.07624973181720661,-0.04535872586925461,-0.08472202568164078,-0.2568346670196789,-0.27238059589075486
#12,0.367986962892631,0.18243094578371,1.0,0.5142755412727613,0.07526008024942141,0.176410869733917,0.05271537931317816,0.2963056964307723,0.1633646327379295,0.45989126614232173,0.37112481569565475,-0.058984694180319264,0.03797924835780834,-0.14043192265379997,-0.0835068723267311,0.012337777940082258,0.5007399562690866,0.4331423719683932,-0.20443425983831431,-0.24522725924032374,-0.12633212670096364,-0.05388762342114513,0.16310443836817046,0.13804361222822242,0.26226040435118025,0.22846526405163717,-0.05307326069193443,0.10758626356320213,0.05935444407418735,-0.0001542906964535964,0.2711499221699297,0.2331378071548887,0.47120104808118063,0.46133283424705684,-0.012246481669991373,-0.05195122953251745,0.25168555738655296,0.0469244569013133,0.2693970337841847,0.2194890147763013,0.0386447981667709,0.20097321823916883,-0.0066253703204955565,-0.1941323887212588,-0.08833096723833347,-0.21106145608421167,-0.06111828801234326,0.026493264617674046,-0.047642958546928564,-0.038233964951361915,-0.03559824163383805,0.12059872093925603,0.25615633573290364,0.31679531832726976,0.21449328287692807,0.19692057680983444,-0.21864543724066154,-0.26255255241547104,-0.0839615277517837,-0.16694983726439858,-0.07750870738175991,0.11902933805639371,-0.10963677778944342,-0.023424796979919386,-0.1431352052111911,0.013835036769572779,0.08779597109560089,0.06507050354457769,0.2055471613707222,0.1739741722851913,0.3797587039581498,0.330404853309718,0.09525031154852169,0.05027685593905061,-0.05731579836305788,-0.007767486659332533,-0.0023600085818493884,-0.05185719437432384,0.036103110007440646,0.14845777775748972,0.026244025800325928,0.02821967708509269,-0.21509857714763064,0.10100288952694837,-0.03812532238995376,-0.09448250991705734,0.03391382545066121,-0.10497245135050008,0.10602509734464799,0.026200203590682303,0.12758379856390967,0.10046058968260851,-0.02480610954639448,-0.2516462999904139,-0.2332537534179041,0.4977372219457974,0.355325996156427,0.3103771905398805,0.3442608882214117,0.22504165392322897,0.2661213236133238,0.28967119648326767,0.2325726832430261,0.32451806981425774,0.45106291682453314,0.4836721185755956,0.4028082732679956,0.01346711280110651,0.06350568547521991,-0.2705875371461699,-0.30704944149506774
#13,0.5074036710230203,0.38834785704830027,0.5142755412727613,1.0,0.1415283908575915,0.3246805771750195,0.14627305801421484,0.40251886409180754,0.10793866716575294,0.7530061579334176,0.5383439769568215,0.15307097828518215,0.10799527085320929,-0.05037545591074877,0.09914135857979522,0.03325831823140866,0.4655142034172194,0.11211729744781276,0.08367485746369832,0.018467409513984307,0.08117973040211442,-0.004664326438943337,0.013776607156714613,0.013202353617842943,0.16753413339298023,0.15576147936476056,-0.001549297703442326,-0.1055731808076981,0.2199610164926712,0.17947568552086804,0.10495145320837918,0.2699712873230564,0.14575175631199588,0.25595457097600277,0.21389803119593548,0.1489708627954005,0.32110724116366224,0.14824323152277613,0.2465035810961943,0.12142038737007399,0.3209429078774987,0.26465327959026236,0.08244235781747136,-0.17665736966316242,-0.03661071726914597,-0.2407893475512058,-0.26855436921124587,-0.2134141609644538,-0.3044109792894411,-0.2836310352540547,-0.20907667517243583,-0.06334500403985995,0.021957665919558857,-0.027898314214372773,-0.02974067294480684,-0.11234827701114271,-0.2268703182131494,-0.3101936850369978,0.01176991514011695,-0.10533854939356453,-0.1528272172440395,0.07376099549452907,0.10881876320942908,0.2888778318961779,0.09039700183049021,0.08944934654694682,-0.003230062035815527,0.21661318226843843,0.35861905261860527,0.41027356927332737,0.14646751906950842,0.2394372497911598,0.016412330474238474,0.05940374406003643,-0.1697279827632642,-0.07881698293216231,-0.11921923429818275,-0.02236758617226693,0.2759621485664203,0.1844622877932322,0.14676240602190196,0.18079491662368133,-0.11044018496624321,0.12154637622279942,-0.012772348185714873,-0.2625662468559847,-0.1643652398581256,0.002112595689903089,0.2855190421195342,0.23459946043904376,-0.0020048660911958444,0.07391985100448721,-0.16168752025635993,-0.13998913574385918,-0.12910114257282018,0.2286542473307253,0.09687355923073762,0.006459211108930145,0.008964380760224041,0.056559865246705344,-0.05240588495757006,0.08505799595557524,0.18688802968954704,0.19801613205092505,0.10652996571825057,0.14517019907151693,0.11316446566575522,-0.05499230828924484,0.15560901459370877,-0.1678016314643465,-0.1384124491593896
#17,0.013384946158024713,0.0032811879470664228,0.07526008024942141,0.1415283908575915,1.0,0.5363199386489065,0.0025060826139948053,-0.054208073329164136,0.021541354927944418,0.04664235142673246,-0.013614099795952836,0.3711092953297393,0.2910844627442746,0.11452660601551123,-0.1643853250375456,-0.2952585282128299,0.08059908612433639,0.2353663491078072,-0.176521338220727,-0.2593060570510392,-0.30474147178717015,-0.2970086777104721,-0.19887249106437757,-0.20275166958053928,-0.2174558468413773,0.011224876407674365,-0.06123332131265777,-0.018165218859983474,0.17569875882720812,0.4413772955305911,0.26172449524574676,0.26121141020783595,0.2555638229400138,0.23342447744297407,0.2817357246869679,0.37228062647500537,0.267812130535407,0.2963239556847905,0.08005861220539835,0.10139089867483464,0.025008787265996247,0.22386301907635564,-0.03428996608343566,0.18822186819557488,-0.04280699512021437,-0.0030976824441837428,-0.003912045173394441,0.023012137839108583,0.12544929176918476,-0.03771357621184387,0.0021034660628940004,0.0394390757165616,0.07568734679344676,0.08257291148370133,-0.19058918047903153,-0.05980818653653905,-0.19471759781254136,-0.36237224228204157,0.09305007143933135,-0.12382421816156701,0.08969493351349131,-0.03202673154788261,0.3244331642830732,0.17287496519329704,-0.16299123099325777,-0.05502152309567392,0.3649431452478009,0.14308864411344474,0.02803708454491092,-0.04159275472800559,0.10968425184989067,-0.03957693308439884,-0.013230655461571117,0.3510633733058836,-0.04248198039869081,0.14160599268716875,-0.07905709212250134,-0.09989272688264321,-0.09098768869797824,0.1290801444306993,0.1288354704268557,0.3481774982083107,0.08893626150903605,0.2185787909634952,0.3973779711229898,0.28105739340019265,0.2100937156212483,-0.04891836744009823,0.25919924041503284,0.25264690711061,0.32136652257072035,0.2724883254894621,0.21959400548690583,0.14620093396084302,0.04690163283379058,-0.1127691528162617,-0.04194150647975277,0.21882163904193694,-0.03393117174197848,0.22299844339859495,0.13554118146503125,0.3655813061757362,0.4024878233599766,0.18966069741220723,0.08015173440089104,0.1421985054800586,0.14542582862777143,-0.016984758087708326,0.001510953270004154,-0.06285839492027553,-0.10474421067527286
#18,-0.016015191699343123,0.10801535603262928,0.176410869733917,0.3246805771750195,0.5363199386489065,1.0,0.028659725106930756,0.0020030401657940263,0.023553524720747534,0.19163269684617035,0.03832069640794825,0.6079838588194479,0.6065295092369001,0.20627479264334656,-0.05638914122163539,-0.16542610251658169,-0.05288062556204266,0.3811098887554949,-0.10000319536945318,-0.19501431069033676,-0.24681307545180242,-0.2802494214098883,-0.05297192183213355,-0.0904983406902911,-0.14057708372324448,0.10726672661788403,-0.12792342068864776,-0.03502490105766729,0.44073730867725397,0.6875366896885428,0.22403009125062195,0.44183834169455005,-0.02904134351591066,0.3276194041092451,0.43077232079683386,0.2864438733355549,0.35371279106392106,0.3893986771170464,0.21798627817060534,0.10312187595575782,0.30150228012434555,0.44734624566913317,0.13969881360497016,0.06800202677719602,0.12190243167615387,0.055561997014611966,-0.28465720532987626,-0.2857564124217705,-0.14574627853579042,-0.27498436551374694,-0.2437071763433105,-0.19048510273112793,-0.08298374469911032,-0.06270684311192466,-0.31362185997891057,-0.0493994987834772,-0.29322809916600856,-0.37903107268552544,0.08911063738490964,0.07350171408747096,0.04747223452185861,-0.08763711558564274,0.3508999529824209,0.09286565297374776,0.004835963426714202,0.028557473284428966,0.2990117178762662,0.05093784093450862,0.040614058712631296,-0.09631939087128595,0.05858116466651755,-0.07999653074173654,-0.16966681426230332,0.14320367741375925,-0.2780437035244925,-0.04440194095870213,-0.12010754700616706,-0.13348062464907995,-0.023758941328452025,0.24904618221822547,0.13624324978203015,0.6588587053275938,0.19869263741229853,0.2918933476972798,0.14083819105570441,0.01164301332469062,-0.07168948312616688,0.13188567881059218,0.4869816083663902,0.4413672529408811,0.15146325096888166,0.032223931491278925,0.15180378605632067,-0.005128111491005035,0.024914752107802637,-0.011024937576175325,-0.12321618500276171,0.04812317692760662,-0.05033893740271241,-0.16288441435725143,-0.030620768988482976,0.33260600638160925,0.5238086977956515,0.320268228441527,0.07584346341530217,0.008581849388543231,0.17395682599387402,0.014733392067267093,0.07400475653567173,0.05538579521333656,0.004745580119324225
#26,0.10248006317701891,0.09706802028603122,0.05271537931317816,0.14627305801421484,0.0025060826139948053,0.028659725106930756,1.0,0.10040855080865671,-0.14913884793236773,0.11570067604888003,-0.006297616710869277,0.13454787804644242,0.21419017926022632,0.12544016214217568,0.3939762720994034,0.44361040229701415,0.033072986803124156,0.02685571080993486,0.21381312566475097,0.23436209013680745,0.2666088456956091,0.40420328027498437,0.19845435414736132,0.2448620741599602,0.11796847539793762,0.2810747396915099,-0.11921740837278093,-0.06922083198290933,0.2132699128577102,0.13528646487147766,0.039775045990496055,0.13566717031775666,-0.14424354193009445,0.06254433575116289,0.3432484125861038,0.2514326667184012,0.15405606503946281,0.1732967539611169,0.3463743968740157,0.14024476530011368,0.2827975003081249,0.1191325028415964,-0.026660336791940364,0.19416799426659423,0.0413873381203011,0.20851976792488142,-0.2470805735231687,-0.2289445694696143,-0.20206694755485766,-0.28907229295147147,-0.3168409664623152,-0.2752080413754696,-0.27516330620312507,-0.24307540615428155,0.05569163771814103,-0.041707788028320106,-0.2574299187006715,-0.1631272624356932,-0.18281804196889537,-0.022057178853957922,-0.2355315953566717,-0.12466779569720679,0.20752646450629259,0.21057393400192634,0.09388908416146659,0.08388666481030918,0.23519653804543816,0.4761547836963121,0.16600674679435973,0.1836360565489097,-0.12017236735793159,-0.07020500577448908,0.06269588755951376,-0.07429599163726167,-0.1440134753294654,-0.16844983498199181,-0.02605869437204143,-0.13810843257998695,0.38306545486084165,0.45486905832462216,0.29230418091268884,0.14491822136606608,0.01915030561426413,0.04316761538707336,-0.18297415859075078,-0.238212966809241,-0.26619344766669556,0.11528527801996649,0.19767194511268243,-0.030120465428384924,-0.13941670813038934,-0.2555437377605938,-0.06748255100037888,-0.2887153245354161,-0.28717698238438466,-0.18685151118151067,-0.06168888970041129,-0.2575486038517896,-0.14395230682850452,-0.19214669484678204,-0.10768212464679755,-0.060056512391186256,-0.021513966046917153,-0.069083887577773,-0.1801211501504106,-0.14326484591472016,-0.08527436811569063,-0.19703834899825168,-0.012220005751665016,-0.21910922229272323,-0.18894402169199379
#49,0.6801234325571629,0.5546997037436036,0.2963056964307723,0.40251886409180754,-0.054208073329164136,0.0020030401657940263,0.10040855080865671,1.0,0.1560545403917523,0.4449570222808547,0.4491210451597,0.07643049843198656,-0.14561663783226136,0.018453715073470673,0.11292983425162165,0.12003542295279526,0.15387438546198196,-0.31687109423144516,0.2706779204535599,0.25686662071421074,0.30003058425048046,0.31084371448004494,0.09815809775091638,0.04201363053312457,0.21025348409390734,0.3421172517996777,0.0037385822602217585,-0.04702488279841327,-0.06959149483947834,-0.0846718127330908,-0.17127728046670654,-0.1973807100110925,0.12085069864470686,-0.017542578297963636,0.14992582178055117,0.20000730370160727,0.14100617619267164,0.1985264782007331,0.14627853579042027,0.1701497715310841,0.09092469427161554,0.09671013890727494,0.11693317569510697,-0.12518453258592122,-0.1172244107966969,0.08988117790447671,-0.021281160558185394,0.01563448625306413,-0.19023312502567707,-0.06813805821963144,-0.1719957821123218,-0.027713895748789182,0.05808816480802677,-0.09642803343269411,-0.01915030561426413,-0.06975582812564193,-0.29828773845444545,-0.11815289386352121,-0.2888897004112897,-0.2851319459343489,-0.3417849333765469,0.025123820566310764,0.1691181236790571,0.16679737249334678,0.16998543824492052,0.016653352627278413,-0.022414147270013285,0.04858787494236923,0.34295535155911205,0.38306545486084165,-0.05801147594115042,0.21572578252315502,0.3539583780304656,-0.14500951763615696,0.008843869683704072,-0.23753463552246573,-0.04244637485335537,-0.27686598164032006,0.10871103361072183,0.21281799632076032,0.16969237721792876,-0.054479223251334065,-0.05827167031090945,0.25656351709750896,0.17785700265215665,-0.2071758868291436,-0.19255113732328466,0.12831325576193583,0.030181633929345815,0.10475516622768377,-0.0960975409349651,0.01663874522406387,-0.02531828162160435,-0.2673775602897744,-0.367896579585241,-0.03329483673944501,0.24913291367481183,-0.19542514390574572,-0.225531914893617,-0.03136665951512551,-0.14907767943140682,-0.2780236183450725,-0.2950229838359954,-0.2954812911118516,-0.22567707596306152,0.07081669078409801,-0.1303820292421953,-0.23509337326023547,-0.10621042877293248,-0.3871619184998197,-0.3819196866712011
#50,0.037794829892224754,0.5535292855610384,0.1633646327379295,0.10793866716575294,0.021541354927944418,0.023553524720747534,-0.14913884793236773,0.1560545403917523,1.0,0.19156148575549947,0.21620508794113216,-0.007260792360328119,0.060965823241291475,-0.10397275719300487,0.06505772206676497,0.04937667471595448,0.20494095413731872,0.25922115151985464,-0.08564046615875509,0.028447004797618993,0.19595192338417014,0.0909511701899419,0.15298515979129673,-0.014638443946372572,0.1790402023125345,-0.005409304002884962,0.03393756248088484,0.005473211391948582,0.1981649449711732,0.0989523753007071,0.09737112390273295,0.08277924105410674,0.14970123295612758,-0.0012589755645533102,-0.027090342224068437,-0.04427412618057489,0.29092012945811097,-0.05795213336559135,0.16528915811144534,0.03396769025001484,0.14052139299848904,0.18696745744452611,0.21377295530591098,0.08446822205078812,0.06133831202326229,-0.1402593727033282,-0.09637051678253684,-0.06983890773142463,-0.22077264033377916,-0.09544568556651618,-0.16530285255195898,-0.0969940703072576,-0.07735715557340905,-0.006327744479999269,0.16182720354959898,0.03306933495232052,-0.0681955748697887,-0.04214874901285908,-0.3196967137907581,-0.34079254292065897,0.09713740545130028,-0.040551977248969494,-0.02723824218161567,0.03386817731561577,-0.07823359976628155,0.056122556112970005,0.08191283945094423,-0.14462972515257888,0.40045830727585624,0.16160078879977358,0.5170600775105333,0.23845216303687913,0.24994179862781707,0.012411727918855876,0.13369517088379354,0.03985538670817604,0.11821223643908028,-0.18695650189211518,0.09271318820269597,-0.15605727927985502,-0.005171020737947751,0.041361775164675645,0.30813586710914925,0.11464711709203121,-0.006461949997032871,-0.17182414512455094,-0.10316387223999963,-0.043205046857810625,-0.08747826007568461,0.13961116918568292,0.07678746684804193,-0.2052276244254041,-0.18850032181935206,-0.3362195127518065,-0.39773585250174603,0.43019532836985946,-0.03613141185116882,0.25528354339083476,-0.030524907904887547,0.019917194283027566,-0.03046556532932847,0.34746264841349905,0.165172298885729,0.29436108587783644,0.18983781217618353,0.23964997010047154,0.09352389908110303,0.08902025407751966,-0.15270761913022043,-0.2636289354398426,-0.3829969826582735
#51,0.5019624133256035,0.5070330081664514,0.45989126614232173,0.7530061579334176,0.04664235142673246,0.19163269684617035,0.11570067604888003,0.4449570222808547,0.19156148575549947,1.0,0.6396791849069007,0.14238840172184766,0.1559705478232687,-0.1048090310270374,0.08213195049916236,0.031690761273948154,0.5292061332834247,0.11650043137487617,0.003033775055120123,0.007941862535206123,0.09137843673396723,0.026044086968826888,0.018126874426545304,0.001830490215322253,0.22591901107880238,0.042416247084225374,0.07150415169788238,-0.11128832731538753,0.20913875663609763,0.11110299588710303,0.11647304249384892,0.25287879963664084,0.14578188408112586,0.10588541405140893,0.09980051764985141,0.13726576800704807,0.21782194488444176,0.055705332158654655,0.20755659227542259,0.021138738376843613,0.3130174786709089,0.2481213510022048,-0.057503868679445104,-0.16640205964385324,-0.1469386078231774,-0.16694070763738947,-0.2649454276545532,-0.19280859280494095,-0.28152391734035703,-0.2008873997452834,-0.13579133324508028,0.0007751053330716174,0.11169094386648834,-0.0341913661117375,0.0795701771604121,-0.13664130151962642,-0.15069910118822097,-0.15256245806077592,-0.03545216760169263,-0.07654187988149744,-0.15243281735724687,0.02022486271323385,0.0025343844577229795,0.14890239059283233,-0.04583894424993267,0.04324065240314607,0.05649687082034263,0.19644674916806273,0.3658259801795798,0.3881890015383421,0.23331766080696772,0.30119461169413925,-0.08730662308791375,-0.07284346798011568,-0.1460859006605285,-0.08972414831992039,-0.14275632569031393,-0.07037025202335359,0.31747456257674594,0.16532932847028534,0.10143472088447826,0.15605819224255593,-0.12145599291540944,0.0629378226752546,-0.07181729790429411,-0.24932280991660086,-0.10325882036089415,-0.013992066354129102,0.1852638690446302,0.0552351563676866,0.018659131681175167,-0.07265448470102753,-0.26956045410764745,-0.2042261043425071,-0.18889380874344378,0.3974829618335943,0.14777305573180807,0.0006381609279352892,0.021832590029534343,0.10766934316898483,-0.12703693390606527,0.05822784810126582,0.13020308855281718,0.16208283310585345,0.0723203403524949,0.1681302980366737,0.07834863306659606,-0.1205749839090324,0.06519831832270492,-0.20577357612054759,-0.1641881250941493
#52,0.634066290221713,0.4602601030734889,0.37112481569565475,0.5383439769568215,-0.013614099795952836,0.03832069640794825,-0.006297616710869277,0.4491210451597,0.21620508794113216,0.6396791849069007,1.0,-0.005701452067175795,-0.0624840802129029,-0.22599843883378146,-0.05243509976399914,0.02022577567593476,0.3515518083508698,-0.0014452199555387165,-0.001660679152953206,0.09083065911342192,0.08243870596666773,0.06980604107419192,-0.017296078368718246,0.021424495702228086,0.14273806643629575,0.11166994572436743,0.018818900153834216,-0.18790324421295768,0.07550840610406861,-0.019490840701703132,0.06109911579562417,0.15505210734615438,0.1506315419483537,0.17714123989464411,0.08238666709271593,0.08580297351951686,0.18882624950357654,0.10376368873449675,0.1059438436642671,0.1381458640507242,0.18456271369033217,0.05767367974181415,0.04596493310265809,-0.09381513418269297,-0.028838665796308893,-0.1627876403109551,-0.24465300570145207,-0.16196779980553894,-0.20416767472964892,-0.12781934294074415,-0.15580986638790872,0.008851173385311344,0.08376980558459284,0.062116156244436636,0.060161503101790775,0.019122003770535956,-0.06621809765962011,0.01437642365121173,-0.12931660177023468,-0.16331076793857588,-0.02279120086548864,0.040285392140304105,-0.005175585551452295,0.1543947742015,-0.10987779994248335,0.023735204298228396,0.008732488234193193,-0.012313127947157719,0.3598889837355695,0.2716511386927287,0.2549986990281512,0.2356046323727444,0.08894356521064332,0.02710860147808661,0.1234106460580553,0.02644213870642315,-0.008178319874741517,-0.10511304760644004,0.1013050801809492,0.07960486974304665,0.05946673848639914,-0.002243149356133055,-0.07607626890403392,0.03652672470066235,-0.03349386260824314,-0.11122168103822118,-0.04365787635746141,0.022078176996078825,0.10372899615186222,0.13219243427809757,-0.013370338754810172,-0.08529445329511062,-0.10909812979590719,-0.17323649842285693,-0.19648600656420181,0.2180355781564544,0.3031720889043078,-0.037083631948216754,-0.053275025448835285,0.08134588961367983,-0.05089675761296772,-0.07927711613342037,0.022562960190261428,0.10025882492570766,0.0793939753591367,0.18078304810856952,0.05002305230819795,0.020368197857276543,0.1549525944117553,-0.23085540040261654,-0.18087890919216495
#53,-0.10452601258975565,0.11198309193077917,-0.058984694180319264,0.15307097828518215,0.3711092953297393,0.6079838588194479,0.13454787804644242,0.07643049843198656,-0.007260792360328119,0.14238840172184766,-0.005701452067175795,1.0,0.6641520630674633,0.2626210246180392,0.0059963390195693555,-0.0747323878082961,-0.11633427216331077,0.19150214317994038,-0.036295745137332414,-0.12026001177721884,-0.2098143490347702,-0.226674031232454,-0.2261271665746096,-0.14362272729347642,-0.27466665449383065,0.1344830576946779,-0.20978969904184563,-0.13863429909571046,0.5204718191238297,0.7383430639941205,0.10689515079861413,0.3644930546362528,-0.1606120501946893,0.2790342680549786,0.44103219562964757,0.3865137149821744,0.2777908128563408,0.49592499098449333,0.2554186618705693,0.17021367892014772,0.38637403168893536,0.3681321239620755,-0.07145211282393057,0.23818922977901738,0.019576659195588566,0.23509246029753456,-0.26469710179990596,-0.2940141600514911,-0.18991267511765808,-0.3710061305445366,-0.27495241181921515,-0.3849744598684421,-0.1854829800928483,-0.2676806639064761,-0.4385178963513446,-0.28983096495592675,-0.3024581520721971,-0.3794154299826081,0.0351910602692327,0.05542596557217655,0.0033067509026918707,-0.17749638238529764,0.38712539999178336,0.1491872349555159,0.06658876051618912,-0.018547750231664287,0.2415626269588756,0.1883715940785239,0.05720532987624791,0.02026685899747566,-0.09374392309202208,-0.09852602171938266,-0.08972140943181767,0.02904134351591066,-0.3524163840286305,-0.20938982137884757,-0.21269292043073582,-0.17516284972177462,0.036518508036354175,0.342685114599643,0.2082084476438715,0.7094158408158234,0.4559956542975437,0.48252178557245046,0.31857285670593927,0.046782947682672424,-0.09996211204791228,0.19423098869295696,0.42879301766126343,0.32212428161247475,0.26035322526898164,0.008540766067002332,0.11522045766820196,0.028629597337800763,-0.015925721354654056,-0.1739440445160613,-0.23875252776547815,-0.14317902742083471,-0.2935978490598767,-0.18579612629926004,-0.26884012653663036,0.1490539424011832,0.2941693637106456,0.21127235046812162,-0.10529929199742545,-0.23628661551032332,-0.021395280895799004,-0.10241341689985256,0.04703218650002054,0.095056763455929,0.003786056320669019
#54,-0.3204508209817088,0.017766254159686305,0.03797924835780834,0.10799527085320929,0.2910844627442746,0.6065295092369001,0.21419017926022632,-0.14561663783226136,0.060965823241291475,0.1559705478232687,-0.0624840802129029,0.6641520630674633,1.0,0.30121743576166193,0.010207835958861902,-0.023305198866100326,-0.1321230491128285,0.5052554697877818,-0.11112125514112121,-0.2229829230326795,-0.18909557350034464,-0.18613666138669904,-0.013551105369590125,0.020115307189124788,-0.18072096664490772,0.10194689295968813,-0.016917198847841073,0.1332587747127591,0.5148561855505394,0.6944542080733291,0.2930655918052468,0.5090360483322454,-0.09938968443444243,0.30768029872139574,0.3200089470344689,0.21695736920668107,0.380247139003136,0.3987309818457367,0.3420761684781368,0.1005007600414485,0.3004176804356658,0.4098974286405529,-0.057183418771426096,0.29685529997671944,-0.000978696015374292,0.20219750122108762,-0.19281498354384732,-0.23617979887431698,-0.15138747506470623,-0.3298333386589491,-0.16194588870071713,-0.16128399074255823,-0.048526706441408336,-0.024156993066048287,-0.18714457220850242,-0.07586263563202125,-0.31671315168418795,-0.3867319130676916,0.03736573742279759,0.10898127057019086,-0.02586605924214966,-0.18133082572911483,0.15975021340503134,-0.10667512678769508,0.14879739988222782,0.11849616783906293,0.35343159855204115,0.1535694559198784,-0.03649933581963509,-0.18769691464255228,0.07752331478497446,-0.25309425883405534,-0.1536214947938302,0.08627406227318583,-0.27522447470408595,-0.016279037919905783,-0.19049514532083792,-0.07486385443722697,0.040991112308106654,0.2793081568652513,0.20077054051956708,0.6708532092921343,0.45215938502832465,0.20764606262011165,-0.05508908233554118,-0.040607667973724934,-0.10138815978673191,-0.0037075415283908575,0.34769545390223083,0.24836602500604837,0.16215587012192617,-0.13073625877014794,0.0707326982156144,-0.10034373045689218,-0.04477077788986931,0.039248266512071646,-0.28834557464154803,0.06266210793958013,0.11287779537766984,-0.13691975514340363,-0.0037203230062035817,0.32244929633399827,0.4392720035422953,0.4266475553141276,0.14869971287323056,-0.08241040412293955,0.1708098435638412,-0.15454632600985085,-0.05574641548019556,0.005751665015725782,-0.053141732894502594
#58,-0.1122441992632391,-0.07202545340010134,-0.14043192265379997,-0.05037545591074877,0.11452660601551123,0.20627479264334656,0.12544016214217568,0.018453715073470673,-0.10397275719300487,-0.1048090310270374,-0.22599843883378146,0.2626210246180392,0.30121743576166193,1.0,0.09585286693112154,-0.056872098490416176,-0.26460489256711417,-0.04523273701652919,0.05478689168154035,-0.029918700671484066,-0.03274979800700242,0.01095737833630807,-0.007439733049706254,-0.07508479141084691,-0.06143326014415681,0.08028137510442011,-0.12849950015292125,-0.02505443540104169,0.08799773585250174,0.2044141746588943,-0.014257738500093578,0.07152423687730237,-0.114709198555693,0.11613433333181172,0.1496318477908585,0.08477954233179803,0.1806351481510223,0.22140714941091083,0.07519434693495597,0.16141271848338637,-0.07632002994517659,-0.002368225246157568,0.052887929263649935,0.04183012503024189,0.03399234024293937,0.09115567383494547,-0.0046971930961760555,-0.047677651129563105,-0.10407135716470303,-0.14526332126700964,-0.19739988222781157,-0.09981147320226232,-0.14784335385977806,-0.07402666764049355,-0.18781833868177317,-0.10085225068129841,-0.20850972533517143,-0.10015474717780405,-0.09032396481441751,-0.06985716698544281,-0.08792378587372812,-0.13347788576097724,0.21524830303057968,0.04048259208370042,0.11824236420821027,-0.07725307782550545,0.3301893941123035,0.13138537525049415,-0.123884473699827,-0.1162657999607426,-0.2291299008978988,-0.23699416160352768,-0.02418438194707555,-0.058674286862010254,-0.055073561969625734,0.05269985894726271,-0.0320258185851817,-0.1297091757316255,0.009870952722226533,0.11176032903175741,0.06575979038376387,0.16873376638197446,-0.007853305153217966,0.2532823291504426,0.11008778136369239,0.0034400434570245634,-0.12146877439322216,-0.14967749592590396,0.008873084490133156,0.16376542336362848,-0.018390720647107964,0.19108400626292413,0.05388944934654695,-0.05179876476146567,-0.042711134036618935,-0.2775689629200199,-0.09251416233389785,-0.14032875786859728,0.017380070937201862,-0.18028913528737783,0.012178009467423208,-0.13721007728229262,0.0386867944510127,-0.11959902678176083,-0.17953594105912804,-0.14376058466131367,0.09548768185075798,-0.11514833361483016,-0.055263458211414776,-0.09137022006965906,-0.08771106556441637
#101,0.018525839126842473,0.13093163278814243,-0.0835068723267311,0.09914135857979522,-0.1643853250375456,-0.05638914122163539,0.3939762720994034,0.11292983425162165,0.06505772206676497,0.08213195049916236,-0.05243509976399914,0.0059963390195693555,0.010207835958861902,0.09585286693112154,1.0,0.6376724928903029,0.13463460950302875,-0.2515869574148548,0.5584045063838917,0.4162306508967576,0.8303614875814248,0.6249503576531381,0.5304833681019961,0.38297963636695626,0.5269401598597689,0.15609105889978864,-0.11176398088256104,-0.23710554305303858,0.31702173307709514,-0.012800650029443047,-0.05753764829937873,-0.1713256674898547,-0.22394427275673653,-0.24582981462292358,0.24947892653845627,0.04633559595922709,0.25234197756850646,0.014000283018437282,0.41490776794314066,0.14496843431461606,0.29952480291417694,0.06885290801444308,0.2629533430411701,0.12382878297507155,0.02273642310343411,0.17887039125016546,-0.304302336728033,-0.2508821502097532,-0.4709089000168898,-0.3857112207680755,-0.4622786636051984,-0.3488530906069833,-0.5744808665841957,-0.31037627757717956,0.1676637740965093,-0.06604737363455015,-0.3548512555519544,-0.10728863772270585,-0.5619614090666326,-0.3408135410627799,-0.47477164520443516,-0.31453390971711853,0.30599770846362073,0.44469865383649754,0.11353695444772603,0.14705090223538916,0.252997484787759,0.39233659108857105,0.48995786677135306,0.41491507164474795,0.09549589851506617,0.23627657292061333,0.3248704734168086,-0.2331907589915414,-0.13283150816873376,-0.3258117379614456,-0.014650312461484386,-0.3611196574563946,0.5703798381317131,0.3261824008180146,0.19275837985639097,-0.06517275536707948,0.15206763227688333,0.0016816772950741098,-0.21470509022353892,-0.5653083303281644,-0.6157842121360132,0.1865219316464826,0.12477643825861494,-0.04561618135091091,-0.03133379285789279,-0.27276586615053844,-0.2719012904727777,-0.5583479026964353,-0.5902103009581543,-0.04570930354640361,0.027041955200920266,-0.3403524948988209,-0.12250498705875372,-0.2707281334021099,-0.24941410618669174,-0.10156618751340914,-0.2328392683516915,-0.2894329132183305,-0.3777958341511958,-0.1570880141691811,-0.3370338754810172,-0.4569798280891234,-0.11319459343488522,-0.5272551319915825,-0.42673063491991037
#102,0.03162959277298726,0.11221589741951092,0.012337777940082258,0.03325831823140866,-0.2952585282128299,-0.16542610251658169,0.44361040229701415,0.12003542295279526,0.04937667471595448,0.031690761273948154,0.02022577567593476,-0.0747323878082961,-0.023305198866100326,-0.056872098490416176,0.6376724928903029,1.0,0.012308563133653175,-0.05324398471700439,0.45921202189284555,0.6482080824587911,0.6443581187490585,0.7958843641443029,0.3655694376606244,0.5146471170920313,0.3775100768258113,0.378264184016762,-0.17211172837533723,-0.13930350075547662,0.28747460822488097,0.014129923721966338,-0.011341735633390698,-0.1567547827833494,-0.1914628857838013,-0.13605061465213839,0.24557509802937,0.17734391761424587,0.16007066331305034,0.1598506393021313,0.23920718319053075,0.3410509113650162,0.38287099380554807,0.09926095669361429,0.33882876015100405,0.1689547033555944,-0.06630117726540283,0.25086662984383773,-0.3225771111121255,-0.33281690076551923,-0.49137843673396725,-0.4590522534201865,-0.4636106761858244,-0.4411846604006993,-0.4984794606216363,-0.30098189138482745,-0.009092195538351281,0.208734314159595,-0.41441841993545353,0.07027073908895452,-0.5235402867615844,-0.22828997521306266,-0.48590613830471957,-0.37236096719268535,0.3235950645236389,0.3729735651649952,0.19005692322440168,0.26730452327370163,0.042305778597415404,0.31687565904494974,0.4676085398531043,0.4170842710221074,-0.00811349952297699,0.10314561298598146,0.22848534923105718,-0.18192151259660286,-0.0928702177872523,-0.40801489955127884,-0.05976892914039997,-0.4062729667179447,0.4493785006413563,0.5140089561640959,0.1422085480697686,-0.021929364075830682,0.07481272852597608,-0.12684612470157533,-0.24554497026024003,-0.681805109852237,-0.6591791552356129,0.30117726540282197,0.12820187431242497,0.0038846562923671754,-0.03043269867209575,-0.3622261682498962,-0.2503672392464406,-0.5903116398179552,-0.5779610804000602,-0.11152843650572655,0.22631614985369772,-0.2070955461114636,-0.1275755818996015,-0.311143166245943,-0.19978727969068824,-0.020330766386539276,-0.16247358114184246,-0.12328191831722715,-0.2825902577750186,-0.13725481245463717,-0.329253607343872,-0.37906485230545905,-0.34353964768769374,-0.5027311279197688,-0.4052477096048241
#201,0.29210332911848885,0.275815161571574,0.5007399562690866,0.4655142034172194,0.08059908612433639,-0.05288062556204266,0.033072986803124156,0.15387438546198196,0.20494095413731872,0.5292061332834247,0.3515518083508698,-0.11633427216331077,-0.1321230491128285,-0.26460489256711417,0.13463460950302875,0.012308563133653175,1.0,0.1362989405067856,-0.10334372589207867,-0.12824295763396587,0.0961806205407478,0.02907055832233974,0.2440486243934504,0.06160672305732949,0.34747177804050816,-0.0018250124391168,0.10329625183163142,-0.06553611452204121,0.16165921841263176,-0.13680928665659364,0.3451464620412933,0.13265165451665473,0.46653124386603184,0.055262545248713865,-0.1331455673378464,-0.04251576001862444,0.07834132936498879,-0.18568200596164644,0.1244934198213332,-0.15968630601596773,0.05856107948709755,0.026883099690962125,-0.2619034359351249,-0.06371840578453167,-0.22109948098070453,-0.3908438970725851,-0.098562540227419,-0.011126276435976207,-0.17201130247823726,-0.17633874568054522,-0.01863813353905426,0.03511619732775818,0.07059392788507625,0.033798792150346695,0.14264311831540122,-0.11816567534133393,-0.08962007057201678,-0.2724965421537703,-0.07606622631432393,-0.19363391108656255,0.01753892644716,0.09237904385416333,-0.08552543285844057,0.24736085307234773,-0.23624827107688515,-0.028485349231057167,0.11937169906923453,0.1180278179734967,0.3142107209209968,0.3993828372141856,0.4164251119520512,0.4771362185997891,0.02848352330565535,-0.045035537073132875,-0.20286305103005017,-0.2207753792218819,-0.04291837656972525,0.027235503293512944,0.2566858540994308,0.06444603705715603,-0.051922014726088365,-0.15498454810628712,-0.10816234302747561,0.05716972433091246,-0.1249681604258058,-0.046166697859558944,0.11217390113526912,-0.028307321504379937,-0.012365166821109523,-0.14468906772813797,0.05932157741695463,0.11146452911666294,-0.26208876736340936,-0.11941734720427997,-0.19048875458193157,0.45689035774443437,0.10150319308704643,0.3372812883729635,0.16021856327059758,0.2725476680650212,0.0285921658670635,0.25893265530636744,0.04433346875613397,0.16538775808314352,0.23141961135177821,0.3450076917107552,0.0772494259747018,-0.026819192301898505,0.13661939041480461,-0.1295685794756855,-0.07350445297557369
