,#10,#11,#12,#13,#17,#18,#26,#49,#50,#51,#52,#53,#54,#58,#101,#102,#201,#202,#301,#302,#401,#402,#501,#502,#601,#602,#701,#702,#801,#802,#901,#902,#1001,#1002,#1101,#1102,#1201,#1202,#1301,#1302,#1401,#1402,#1501,#1502,#1601,#1602,#1701,#1702,#1801,#1802,#1901,#1902,#2001,#2002,#2101,#2102,#2201,#2202,#2301,#2302,#2401,#2402,#2501,#2502,#2601,#2602,#2701,#2702,#2801,#2802,#2901,#2902,#3001,#3002,#3101,#3102,#3201,#3202,#3301,#3302,#3401,#3402,#3455,#3501,#3502,#3601,#3602,#3701,#3702,#3801,#3802,#3901,#3902,#4001,#4002,#4101,#4102,#4201,#4202,#4301,#4302,#4401,#4402,#4501,#4502,#4601,#4602,#4701,#4702,#4801,#4802
#10,1.0,0.09983886208328958,0.4649655128339732,0.5481674556186007,0.06776465647495972,0.2649655128339732,-0.1323494638626539,0.16874380897168445,0.018038317044557144,0.3177283662075986,0.1726540282196771,0.05713320582287611,-0.12838264092720492,-0.18533508013530106,-0.15575052381234963,-0.12067723573153419,0.29665170929441675,0.20203681978572766,-0.06274518754536283,0.06409089456650248,-0.15010658839533111,0.03507876585702091,0.02946130635832873,0.01639315825751939,0.023789982060282926,0.19883871144444393,0.2064336481533047,0.18316861964604436,0.06907019313725937,0.05545518037860563,0.11519672063797834,-0.04502823337152561,0.3331574358529582,0.16427485655073562,0.12144595032569945,-0.11035893128586231,-0.01904805379176234,-0.1997945833922955,-0.07162009796089781,0.08742804712713462,0.020948842135054574,0.055411358168962005,0.13585158878334025,-0.13849096395166777,0.1245865420168259,-0.16861873308165995,0.2735281900057973,0.16388593444014846,0.11895538807762009,-0.14249978317135853,-0.10059936001314666,-0.027658205024033742,0.14265681275591485,0.17532535708253638,-0.031387657657246416,0.12509232335312942,-0.0883035783573062,-0.13385676528185442,0.06457841664878781,0.06327105406108634,0.06227866360519841,-0.0733200345099901,-0.10535224383407815,-0.15276330985497588,0.10902874463063812,-0.007553853387319861,-0.22428663376957733,-0.14460507515965434,0.03808150018031013,-0.10636471946938608,0.1069554063368741,0.17598269022719076,-0.049935407888910696,0.14476027881880885,-0.02477506881456358,0.12134095961509493,-0.12087900048843504,-0.09045360551794657,0.02551000378879521,-0.029298798997566954,0.06570044780820479,0.23532800467436904,,-0.07633920216189567,0.12967174426088823,-0.1595210597671032,-0.01550028073603053,0.24387790036838045,0.08597734939539045,0.0923233531294079,0.20333687867182187,-0.006244664874216564,-0.013972894137410015,-0.06541469048282032,0.10675729343077689,0.03855624078478274,0.18645802425741898,0.14924657753107498,0.2974678979490293,0.01663874522406387,0.23982343301364423,0.21067527286172724,0.12199098905814203,0.22964024704770686,0.24730972716109684,0.3266571414224872,0.305523880821849,0.07348528075885459,-0.06285200418136917,-0.023090652631386745,0.01887093902778602
#11,0.09983886208328958,1.0,0.22380276353809564,0.3109441403771449,0.0892521466035505,0.23719318747232582,0.26706624000876444,0.3613415073927155,0.09838359953804088,0.12701228391314073,0.2568921836698362,-0.011357255999306148,-0.057908311155947724,-0.33915925264873303,-0.07177895347085594,0.03734291335527487,-0.11656616468934161,0.022398626904097833,-0.05421720295617322,0.11201321969990916,-0.0980038070544628,0.1640146621809766,0.0013128403639069326,0.04492872043712654,-0.01308640735482752,0.27094359259952433,-0.0397796108040006,0.08671593622042571,0.0005897739047871199,0.004971081906448712,0.04574399612903815,0.005503339161078574,0.12809688360182045,0.051433579681102126,-0.022257117685456962,-0.1904823638430252,0.011027676464278052,-0.13339480615519453,-0.08590705126742047,0.08490553118452346,0.05741622426015785,0.07679203166154647,0.003674674871158139,-0.14982356995804935,0.17626936051527614,-0.23950389606832612,-0.01789133004971082,0.09982151579197232,-0.23454559563969013,-0.12774447999926963,0.05907599045041015,0.13563521662322486,-0.06337513180898995,0.021347806835351743,0.07428777497295348,0.07976372525300479,-0.06256259500518106,-0.11752477552529592,0.02205809181665883,0.11186531974236193,-0.14437135670822168,-0.04918403958606271,-0.11769549955036587,-0.12151898734177215,-0.07451236379737705,-0.039530371986652484,-0.1585286693112153,0.004314661724495246,-0.016781167405405653,0.05273637745529906,0.02626593690514774,-0.04792871587231304,-0.1899692788051144,-0.02503069837081806,-0.16993796418447324,-0.05017643004195064,-0.12240821301245737,0.15910109692468513,-0.15689811792739208,0.03043361163479666,-0.16843248869067454,0.07294663276531838,,-0.05139340932226214,-0.04043237913515043,-0.13571555734090485,-0.020661258884268282,0.0456673072621618,0.09019797596169209,0.0411919641023066,0.01983594060264668,-0.029257715676026055,-0.12367631820401978,0.000783321997379797,-0.06139491571071864,0.011582757786430635,0.086673026973483,-0.037029767148863135,0.03347651631692587,-0.036574198761109615,0.022587610183185967,0.022601304623699598,-0.19745192110176338,-0.17288774667110976,0.012780564850023053,-0.132308380541113,0.1857075689172719,-0.3126669009937599,-0.1214213003327749,0.10424208118977299,0.01158001889832791
#12,0.4649655128339732,0.22380276353809564,1.0,0.637401342968133,0.07731881113997088,0.27951266051025486,0.11817571793104392,0.18002255017871244,-0.036102197044739735,0.37157125445639916,0.06805497861384874,0.019594005486905833,0.10192498185486631,-0.09473996539871364,-0.21481921056115252,-0.2095806305833375,0.21758913939570998,0.5011599191115047,0.0327990979928515,0.0641538889928652,-0.16689962431584857,0.04464113718634025,0.010430598857883661,0.24918586551146452,0.1066970378925169,0.3028105556747479,0.23535539355539628,0.27577225232463126,0.19270360209433643,0.06246764688428654,0.1309581087064688,-0.002790926976678368,0.21831950955643706,0.20738495528765172,0.05296370516782537,-0.08581484203462868,-0.04176530467847736,-0.1013662486819101,0.07172874052230596,0.08450565352152538,0.07330360118137373,-0.0807853305153218,0.0498943245673698,-0.010667056197419054,0.014936069786868858,-0.08943200025562956,0.24690711060999604,0.27504918586551147,-0.007751966293417082,-0.06720501033930258,0.046823118041512415,0.09843929026279631,0.07411887687328535,0.18706240556542061,-0.049268945117247234,0.11831448826158207,-0.24666426253155427,-0.2301487672721131,-0.08868976157979065,0.06620440321910648,-0.02837761963234992,-0.06726526587756257,-0.14967749592590396,-0.15746689369005828,0.21197898359862508,0.026484134990664956,-0.16291362916368052,0.036575111723810526,-0.005178324439555022,-0.032406524031460694,0.16831106465145365,0.1816138441663966,-0.2015593402931523,0.13663034596721552,-0.09734008317090205,0.12281722030246454,-0.2129604185021021,-0.0035569026827408966,0.03358515887833403,0.22839861777447082,-0.014622923580457121,0.011852081783198748,,-0.09148342744457175,0.10409965900843121,-0.042754956246262556,-0.09993107131608138,0.19559130311731115,0.044247650262248535,0.14599916920394218,0.2589783034414129,0.025638731529623357,-0.10631268059543428,-0.07897675140482135,-0.027146032948823874,0.08941191507620956,0.3393272377857003,0.2857335883542478,0.4532385069407989,0.042385206352394476,0.25246887938393275,0.25419803073945413,0.2545814750738359,0.11613615925721354,0.3923931947760274,0.13691884218070272,0.4781496071977979,-0.05297192183213355,0.013179529550320222,-0.15268844691350134,-0.03218284816973802
#13,0.5481674556186007,0.3109441403771449,0.637401342968133,1.0,0.197896533937106,0.448550443471632,-0.029045908329415202,0.36709317240844125,0.19497505329419768,0.45127381120844307,0.27687328534192734,0.16583237091848613,0.13993435798180465,-0.2530513495871126,-0.16278216253474964,-0.30184738002528905,0.1807090981297959,0.313637380344826,0.22915546385352425,-0.1692724143755107,-0.30282607604066336,-0.17160594703903373,-0.02465638366344543,0.24623699598752893,0.13125664750966598,0.31449830417178304,0.08626767153427947,0.02067951813828646,0.1482605778140934,0.10723842477415585,0.01884628903486148,0.14029315232326184,0.3487462739709769,0.3213939114517476,0.13394623562654348,-0.09445694696143189,0.0907567091346483,0.1022938187860335,0.16922311438966162,0.13598762022577568,0.07069526674487714,0.044852944532951106,0.055899793213948244,0.08818124135538442,0.09274788078533051,-0.20450090611548066,0.3226866666362346,0.2206311311151383,0.09849406802485085,-0.30504183651576916,0.014179223707815417,-0.062292358045712044,0.11852081783198748,0.007355740481222639,-0.1736893279225077,0.008076068052239725,-0.2641164575221279,-0.29330752692098766,0.009597063911953876,0.03843025193205732,-0.03711193379194493,-0.20463145978171063,0.10541067344693633,-0.27909178470513585,0.25697252438751617,0.008344479086306929,-0.02396983571236197,-0.16969785499413423,0.1820511533001319,0.04282890622503618,0.17819936366499747,0.13655639598844188,-0.010779350609630844,0.09436838957944373,-0.010980202403830791,0.0016132050925059458,-0.2743069471896726,-0.010197793369151904,-0.0866209880995312,0.18376478428973783,-0.0200440960984539,0.2236009987811948,,0.05956533845809729,0.16969694203143332,-0.12260815184395642,-0.13317113029347186,0.16758708522963295,0.20722336088959087,0.06099686397312238,0.3140290413435159,0.007760182957725262,-0.11032971647943324,-0.05996704204649719,0.021721208580023462,-0.13343588947673543,0.25797130558231046,0.22469107624607998,0.20705811464072635,0.24277321550028075,0.2635988076707126,0.13328433766838454,0.3098367166209425,0.1742845796035003,0.28167090433520336,0.3404529207959209,0.3905773119639197,-0.1075634394956794,-0.151219489927739,-0.09592772987259605,-0.0015410810391341461
#17,0.06776465647495972,0.0892521466035505,0.07731881113997088,0.197896533937106,1.0,0.2808273267995636,0.11689117941086517,0.23785508543048473,0.06484408879475229,0.17320637065372693,0.22412138752071284,0.42769654945747193,0.1794610781176535,-0.1440737308677254,-0.1830709326370471,-0.3436355087712891,0.018390720647107964,-0.0063313963308029055,0.05622115608466816,-0.27766756289171807,-0.19630341402402005,-0.2912287108510182,-0.005424824368800413,0.123503768253548,0.22131494017811904,-0.02140441052280809,-0.3197597082171208,-0.3887806013685311,0.38332017145439523,0.4618048359634267,0.08254826149077679,0.36035002989952847,0.17876448757686006,0.3952900254260112,0.3585003674674871,0.36846809423601,0.2827628077254904,0.4119808095240269,0.2539853104301424,0.15466592412366992,0.22307969707897585,0.29636047419282685,0.14820306116393614,0.27287176982384387,-0.08108934709472444,-0.09006833525816303,-0.17968566694207708,-0.1242971328406378,-0.17153838779916647,-0.41098568018003623,-0.1556820516097815,-0.2308937448360547,-0.11131297730831206,-0.4512728982457422,-0.1589112006828961,-0.2834950038116193,-0.22633258318231408,-0.10674451195296417,0.1836050158170788,0.020353590454061998,-0.013578494250617391,-0.12239543153464465,0.17171915441394642,0.15988807077286857,-0.04636572372835708,0.001823186513714982,0.09083796281502919,0.15469148707929536,-0.03391291248796031,0.1066048286597251,0.009864561983320171,-0.07459635636586068,0.07865173668329781,0.023831978344524735,-0.12165227989610485,0.026045912894228706,0.013386772083426531,0.07644784472330383,0.12500285300844033,0.1619614090666326,0.2251904668434771,0.22676989231604944,,0.39608430297580194,0.44898775260536733,0.1805949777921823,0.21521178452254333,0.3245938457184332,0.31537566132735645,0.31084736633084853,0.30842710221073916,0.26208146366180207,0.3015954023198382,0.07104949627282978,0.30773325055804845,0.04993266900080797,0.022347500992846936,0.011138144951088023,-0.24757083449355677,-0.21571756585884683,-0.15535703688825794,-0.12890211670402205,0.1713156249001447,0.06503763688734497,-0.06392290942953525,-0.058863270141098385,0.005852090912825757,-0.009522200970479351,0.00997685639553196,-0.08113864708057353,0.03199386489064989
#18,0.2649655128339732,0.23719318747232582,0.27951266051025486,0.448550443471632,0.2808273267995636,1.0,-0.020320723796829282,0.11911059173677459,0.24944514691852265,0.22117434392217905,0.21428330145571903,0.38607549288573817,0.19989683521479729,-0.2758991541400576,-0.3699160530796514,-0.29396851191644563,-0.03306385717611507,0.3276632263188887,0.05463077505968494,-0.20636152409993289,-0.2733583789434283,-0.10446393112609384,0.02475224474704086,0.32404241624708424,0.13267721747228017,0.38902162352157105,-0.0035961600788799774,0.025913533302596922,0.12730443197743158,0.4964271204699932,5.386479935362241e-05,0.21704044881246376,0.308148648586962,0.4029972565470838,-0.008842043758302255,0.3248996882232376,0.09764044789950106,0.2788936717990386,0.14816471673049797,0.35124413992066356,0.05021660040079062,0.1137286766149169,-0.04483833712973657,0.04941228026128992,0.16555756914551256,-0.04699566799198419,0.007094633148762707,0.055645989583095586,0.05059274103356507,-0.14626392838720573,-0.019682562868893992,-0.05845974062729667,0.06447525186358512,-0.035774443435113455,-0.10784006719405478,0.05711494656885793,-0.21318318140112386,-0.1046866940251156,0.12325361647349897,0.3545581945249627,-0.18097203138765766,-0.309240551977249,0.04524277960623919,-0.18712996480528787,0.14557464154801955,0.0025033437258920785,-0.09481117648938453,-0.02644213870642315,-0.018658218718474257,-0.09558993367325978,0.00323553981202098,-0.11820767162557573,-0.07362587701479456,-0.01710892101503193,-0.26391286683982523,-0.12438751614802777,-0.32576882871450286,-0.1259158157093492,-0.1424358757822949,0.4177626023088827,-0.019108309330022322,0.2354174750190581,,0.19331254821584265,0.2457613424203554,-0.15790694171189637,-0.020166433100375684,0.0790123569501568,0.2798924529938329,-0.13272560449542833,0.3154596538958401,0.02633075725691227,0.06470531846421415,-0.08421167953183273,0.11242496587801905,-0.15547207018857245,0.22567342411225788,0.11596087041863905,0.041002067860517556,0.05192931842769564,0.0916742366490617,0.08441161836333176,0.3022308243596708,-0.05657903746342443,0.21577964732250865,0.12240730004975647,0.36036007248923846,-0.25546065815481106,-0.25750843349294966,-0.01860983169532609,-0.02721359218869113
#26,-0.1323494638626539,0.26706624000876444,0.11817571793104392,-0.029045908329415202,0.11689117941086517,-0.020320723796829282,1.0,0.19622763811984462,0.049309115476087226,0.22354713398184117,0.16889536078003534,-0.1125947769403881,0.14972223109824848,0.233324964508575,-0.059716890266448164,0.11357073406765966,-0.06018615309471532,0.07704400936699732,-0.2311785891987383,0.22341475439020939,0.1072219914455395,0.18180830522169017,-0.06952484856231199,-0.057792364892932296,-0.12952932207954643,0.0003880091478862631,0.03452185860946651,0.009078501097837649,-0.017528883857450005,-0.08288514472741217,-0.01561987884984959,-0.08040006025553827,0.010119278576873742,-0.138288286232066,-0.054846234257099426,-0.28005769924269747,-0.0644323426166424,-0.19895374474475847,-0.06583739221334112,-0.13156340297717137,0.06764505836114065,-0.1758630921133717,-0.09620892238447598,-0.16688958172613858,0.11838113453874842,0.23323001638768048,-0.04408605586418767,-0.11144809578804658,-0.050617391026489614,0.12300894246965541,-0.02459247627438181,0.21936485184897772,-0.04761739559130312,0.23953128494935338,0.057620727905161435,0.17637069937507704,0.1080692208319829,0.07572751715228675,0.19324042416247084,0.1066139582867342,0.059162721906996486,0.25900021454623473,-0.095778003989647,0.2116731410938206,-0.04889736929797733,0.21886546125158057,0.05805164629999041,0.4138204293663582,-0.1634148456864795,0.04304071357164703,-0.10120556724655014,-0.17711111212551411,-0.1655612209963162,-0.07919038467683402,-0.13350618760470542,0.0449652389451629,-0.06822296375081596,0.11834918084421661,0.20620997229158203,0.06416849639607974,-0.08724088977344831,-0.36022951882300847,,0.058635942428572084,-0.18095924990984494,0.12794715771887138,0.12682877841025805,-0.011939726202485998,-0.12078405236754053,0.057476479798417836,-0.1708308417059621,0.013924507114261847,0.10541249937233814,0.09727982763264206,-0.010880689469431727,-0.04701940502220782,-0.04346250233946692,-0.11461333747209758,0.023144517430740367,-0.11956159531102357,-0.10117087466391561,0.07639397992395021,-0.14132297424988702,-0.06168797673771038,-0.03945733497057978,-0.2474804511861668,0.012580626018524013,-0.12070553757526237,0.06383709093564982,0.112645902851639,0.05386662527902423
#49,0.16874380897168445,0.3613415073927155,0.18002255017871244,0.36709317240844125,0.23785508543048473,0.11911059173677459,0.19622763811984462,1.0,0.15739842148749014,0.3788010060848964,0.43370110514134946,-0.018860896438076022,0.14687013562060922,0.019477146261189498,-0.17828335623348107,-0.279911625210552,0.06887938393276943,-0.024117735669909206,-0.037050765290984035,-0.05058726325735962,-0.19307974272711087,-0.037394952229226675,-0.13406674670306346,-0.018691085375706976,0.002947956561234691,0.020730644049537356,-0.09048373328707655,-0.012947637024289372,-0.009502115791059357,0.02638462205626589,0.02956538410623234,0.1008294266137757,0.17510168122081374,0.10319765185993326,0.0529463588765081,-0.12052568392318332,0.10277768901751519,0.036363304377199666,0.08945482432315227,-0.07520621545006778,-0.13027064779268444,-0.13845079359282778,-0.19962020751642193,0.04843814905942018,-0.056542518955388074,-0.13981384690528467,0.08639092149890217,0.012714831535557615,-0.13014739782806173,-0.0923443512715288,0.07575034121980946,-0.01808122629149986,-0.010092802658547385,-0.12676943583469896,-0.03215363336330894,-0.10789484495610932,-0.09819644218435455,-0.14169455006915693,0.13601683503220477,0.054673684306627654,0.0698872947545728,0.11727097189444326,0.0157139140080432,-0.09746150721012294,-0.006612588842682832,-0.05698530586532887,0.0793218513057649,-0.01432894959076447,0.07628807625064478,0.014558103228692592,0.0712896054631688,-0.05247709604824095,-0.0242510282242419,0.004249841372730717,0.1427024608909603,0.06921809309480662,0.0014214829253150862,0.18556971154943463,-0.024071174572162853,0.01685603034688018,-0.11846786599533476,-0.1967818064792963,,-0.05010613191398065,0.21743119684845275,0.0971282758242912,0.1492401867921686,-0.0581949814440331,-0.03412380687187025,-0.015174353051806068,-0.05717885395792155,-0.047515143768801324,0.05912529043625923,0.1196264156627881,0.09281544002519777,-0.2163447712343712,-0.07943688460607942,-0.0077537922188189,-0.04084321235055942,0.1349395390451323,-0.0039047414717871703,0.06763227688332793,-0.024953096541240807,0.14785887422569352,0.14513824537698514,0.21480460315793798,0.1505155956853383,-0.037683448442713874,0.00879730858595772,0.15228491739969963,0.13231659720542116
#50,0.018038317044557144,0.09838359953804088,-0.036102197044739735,0.19497505329419768,0.06484408879475229,0.24944514691852265,0.049309115476087226,0.15739842148749014,1.0,0.25544878963969925,0.08482975528034802,0.16720820570875577,-0.018970451962185084,-0.18757822949143413,-0.0366654950312005,0.006735838807305527,0.11541857057429919,-0.05865967945879571,0.09891676975537164,0.006229144508301114,0.01625712681508397,0.10429685895182753,0.17901372639420818,0.19272368727375644,0.1773475694650495,0.23739312630382486,0.18054932965713685,0.024306718948997337,0.017184696919207366,0.14792186865205623,-0.16725202791839938,0.1394760507059484,-0.00787247736993705,0.02522972423961619,0.12198094646843204,0.12801745584684138,-0.05826801846010581,0.08763620262294183,0.16204905348591983,0.00823948837570241,-0.10423934230167027,0.20742786453459444,0.029927830298493156,0.1041498719569812,0.03711558564274856,0.012881903709823936,0.05337636430863617,-0.026659423829239456,-0.020667649623174644,-0.05077442061104594,0.021789680782591626,-0.00350668973419091,0.04185386206046552,-0.04528934070398554,0.04002884962134872,-0.14125267612191703,-0.201432438477726,-0.1480852889755189,-0.047684041868469466,0.0027982306782856387,-0.21879059831010603,-0.23682526350385955,0.1127390250471317,-0.010088237845042841,0.021471969762675347,-0.047684041868469466,0.06712284369622079,-0.1480935056398271,0.08187723390560879,0.012998762935540269,-0.008727923420688647,0.04260796925141623,-0.030916568903577444,-0.10651444535233513,-0.23056599122642846,-0.21695645624398016,-0.3824236420821027,-0.2098983416032538,-0.044668526067367514,0.1548804703583835,-0.084940223767158,0.13236863607937296,,0.22613994805242232,0.09381330825729114,-0.17467989245299384,-0.09835164584350907,0.05412042890987689,0.12382421816156701,-0.04451058352011029,0.14852533699735698,-0.031603116854660905,-0.03435661236060201,-0.1633545901482195,0.026027653640210528,-0.03565393235859349,0.1350637019724559,0.0805278750336655,-0.016228824971355794,0.25735322983379516,0.01905992230687415,0.022524615756823255,-0.10816599487827924,0.062763446799381,-0.0419652435099764,0.1513920398782108,-0.14631596726115756,-0.278469144143116,-0.3292271314255456,-0.09484769499742088,-0.09142225894361086
#51,0.3177283662075986,0.12701228391314073,0.37157125445639916,0.45127381120844307,0.17320637065372693,0.22117434392217905,0.22354713398184117,0.3788010060848964,0.25544878963969925,1.0,0.3107907626433922,0.06457293887258236,0.22661834050769855,-0.13370703939890535,-0.12881538524743572,-0.21792419670694355,0.47172691459690413,0.20448721167496703,0.2157339991874632,-0.033090333094441426,-0.17578092547028992,0.08439335910931359,0.12988446457019998,0.11769823843846859,0.16736340936791028,0.21997105908238118,0.2030730324512592,0.03538278243642356,0.3496793218513058,0.235358132443499,0.07200536822068135,0.13867994723075588,0.3670247002058731,0.08836839870907075,0.2659597292152629,0.012293955730438634,0.21428604034382176,0.0027498436551374695,0.2289737842760434,0.021469230874572618,0.12030109509875973,0.09407989336595654,0.15138199728850077,0.08040097321823916,0.004731885678810592,-0.08590431237931774,0.12831599465003857,-0.04984958939502527,0.033066596064217794,-0.2869094843130184,-0.26471718697932595,-0.14999794583392295,-0.03305837939990962,-0.0018423587304340682,-0.12467509939881406,-0.03507420104351637,-0.26567671077798116,-0.3632231235192886,0.06545942565516485,0.0512865926862558,-0.031425089127983676,-0.021313114252717206,0.060072032757101705,-0.05018099485545518,0.19978910561609006,-0.025840496286524215,-0.03619623220293335,0.03787608357260564,0.026611949768792196,-0.09343260281101215,0.05797221854501134,-0.0296128581666796,-0.14353325694878735,-0.10410148493383303,-0.09886290495601802,-0.01689528774301926,-0.3254228158508584,-0.18499271912246026,0.3023212076670608,0.1328643748259665,0.17562024403492996,0.03638612844472239,,0.09266206229144508,0.08525793478707427,-0.04904070444202002,0.06555985155226483,0.13837775657675505,0.21807848740339714,0.15629738847019406,0.2654311238114367,0.08056256761630004,0.10977554811998155,0.04492780747442563,0.09668275002624768,0.15063336787375553,0.2901495889385439,0.25462073246997496,0.05525706747250841,0.09277253077825505,-0.02487823359976628,0.3961947714626119,0.07476160261472517,0.17532992189604094,0.002330793775420305,0.20426536173864618,0.08932883547042686,-0.10070069887294754,-0.13339024134168997,-0.013685310886623727,0.004349354307129782
#52,0.1726540282196771,0.2568921836698362,0.06805497861384874,0.27687328534192734,0.22412138752071284,0.21428330145571903,0.16889536078003534,0.43370110514134946,0.08482975528034802,0.3107907626433922,1.0,0.21825560216737344,0.28948951690578684,-0.1123774918175718,-0.09948645848073877,-0.04807387694175754,0.05832462214756216,-0.014939721637672492,0.00194461055293586,0.004620504229299712,-0.2438715096294741,-0.05012530413069974,-0.14383179575198454,-0.09396668599104384,-0.10288907046702607,0.0018377939169295237,-0.343216458891572,-0.12521009554154666,0.059085120077419236,0.32398489959692695,0.11992312854058347,0.29678226296064675,0.029281452706249687,0.0483687638941511,0.12229500563754468,0.02373794318633112,0.13227551388388029,0.049856893096632535,0.0021710253027612558,-0.06810153971159508,0.2008755312301716,0.22077994403538642,0.10322047592745598,0.16182720354959898,0.03903372027735807,-0.07813043498107884,-0.14880013877033055,-0.1675496537588957,-0.20200851794199948,-0.17484787758996106,-0.09898706788334162,-0.0046862375437651494,-0.21560618440933596,-0.11430384311648947,-0.13416169482395796,0.08586505498317866,-0.22219777510989788,-0.060649025184076104,-0.009689273144745672,0.0911173294015073,-0.1868624667339216,0.013989327466026375,0.11078619782988766,0.0046661523643451545,-0.15773347879872368,-0.03694486161767861,0.08201052645994147,0.17526053673077185,0.1114398791237384,0.015591577006121415,0.028651508442622577,-0.09648828897095409,0.0034199582776045685,-0.057320363176562424,-0.08069038239442727,0.021002706934408196,-0.09788329597794282,0.10741645250083308,0.12096390601961957,0.22973063035509683,0.10464378477817289,0.08405191105917367,,0.1688524515330926,0.25019925410947336,0.025932705519316007,0.024352367084042783,-0.015509410363039619,0.2989268123450816,0.08814289692194625,0.12033122286788973,-0.05702730214957068,0.15589568488179414,0.018516709499833386,0.12291216842335906,-0.19691053422012444,-0.013174051774114768,-0.2630282059826446,-0.18222644213870642,-0.05700812993285159,-0.1408975336312635,0.020733382937640082,0.023854802412047457,-0.15104146220106177,0.11195387712435008,-0.07142746283100604,-0.015296690053727855,-0.22801973825359365,0.02100635878521183,0.04746949563375588,0.10210392254424445
#53,0.05713320582287611,-0.011357255999306148,0.019594005486905833,0.16583237091848613,0.42769654945747193,0.38607549288573817,-0.1125947769403881,-0.018860896438076022,0.16720820570875577,0.06457293887258236,0.21825560216737344,1.0,0.24964508575002167,-0.28518581073370247,-0.17116863790529838,-0.29888390309813895,0.07189672565927319,0.050629259541601426,0.07101480369019524,-0.23710554305303858,-0.19655904358027454,-0.2528797125993418,0.05061008732488234,0.15596415708436231,0.10984036847174608,-0.01219261687063775,-0.23772635768965658,-0.30016935458101857,0.3918280708641648,0.482836757704264,-0.012916596292458471,0.3865255834972862,0.07145485171203331,0.2657223589130266,0.3345999169203942,0.29531969671379077,0.11492465775310749,0.2884094820306116,0.051355064888823965,0.11069946637330132,0.3202618377026207,0.3901089620983535,0.28673054362364025,0.29529139487006256,0.09808049592133913,-0.048066573240150276,-0.109821196255027,-0.10783002460434479,-0.04385690222625955,-0.21187216696261874,-0.1302377811354517,-0.25329145877745163,-0.005907781637581197,-0.30337933143741413,-0.28399622033441824,-0.2024357844860248,-0.23586482674250345,-0.17126632491429564,-0.01794610781176535,0.022870628620467712,-0.0900865945121812,-0.2876234211451291,0.17524501636485643,0.009094934426454006,-0.04983863384261436,-0.10017026754371951,0.05648500230523082,0.08413133881415275,-0.1676747296489202,-0.057493826089735106,-0.0647628351143714,-0.1237813089146243,-0.08640279001401398,0.002425741896314826,-0.18245468281393365,-0.19652435099763998,-0.2695869300259738,-0.09974300099969416,0.010934554268785349,0.23912319062204715,0.41299237219663393,0.49896972159202435,,0.5839081194337805,0.49287478260075684,0.054622558395376754,0.10128134315072558,0.25018738559436154,0.5022308243596708,0.38412905640740047,0.5102977627849015,0.11775210323782222,0.2994472010845997,-0.0987159179611717,0.07190950713708591,-0.13170399923311132,0.047572660418958586,0.004200541386881639,-0.18660866310306892,-0.14516289536990967,-0.05831640548325398,0.1228117425262591,0.13616382202705107,-0.06562558486673027,-0.025689857440874254,0.06009394386192352,0.044212957679614,-0.29345360095313305,-0.25349413649705343,-0.13162457147813225,-0.15493981293394257
#54,-0.12838264092720492,-0.057908311155947724,0.10192498185486631,0.13993435798180465,0.1794610781176535,0.19989683521479729,0.14972223109824848,0.14687013562060922,-0.018970451962185084,0.22661834050769855,0.28948951690578684,0.24964508575002167,1.0,0.22474950585893813,-0.1976573377094679,-0.24742567342411226,0.1046446977408738,0.14821036486554343,0.012061150241706875,-0.19187189307380847,-0.22517038166405712,-0.2155605362742905,-0.1026553520155934,0.02176229190156436,-0.01908457229979869,-0.00876535489142591,-0.17699060104899414,-0.13806917518384787,0.2449150259966129,0.2589965626954311,-0.0073055275326726525,0.277618262905869,0.02424828933613917,0.05175129070101841,0.12998580343000088,0.11910146210976551,0.1709038787220348,0.20355964157084364,0.15803110463921996,0.04968890795966531,0.026454007221534966,0.06753458987433068,-0.007464383042630794,0.19408765354891425,-0.06732917326662619,0.07176252014223959,-0.03492995293677277,-0.15844011192922713,-0.057232718757275175,-0.18572491520858916,-0.021670995631473476,-0.17879096349518642,0.011250439363299813,-0.10574207890736624,-0.07441924160188436,-0.11181054198030739,-0.1309288939000397,-0.08917454477397325,0.045162438888559205,0.1127700657789626,-0.14968662555291304,-0.09437204143024737,0.13288446000538648,0.05587970803452825,0.023325284045520322,0.18727512587473238,0.13808652147516512,0.17199395618691998,-0.11844504192781204,-0.1849972839359648,-0.10267635015771431,-0.24587454979526813,-0.056705026316149855,-0.3242058365705469,-0.12514710111518393,-0.10807195972008564,-0.20479214121707057,-0.028455221461927173,0.32037687100293516,0.2321171148552726,0.20089470344689067,-0.04322969685073516,,0.3518421304897588,0.22435236708404277,0.24366883190987232,0.03348564594393496,-0.042494761876503535,0.13147758448328595,0.0894256095167232,0.2116183633317661,-0.010730963586482675,0.09008202969867667,-0.08957350947427042,0.10855126513806279,-0.139340019263513,0.0014470458809405342,-0.06640434205060552,-0.09791068485897009,0.04665239401644246,0.0075155089538816895,0.15001620508794114,0.15779921211318912,-0.0552771526519284,0.1324718008645757,-0.0682886970652814,0.05514933787380116,-0.11102448109482486,-0.10448401630551384,-0.08367942227720286,0.05874823684078387
#58,-0.18533508013530106,-0.33915925264873303,-0.09473996539871364,-0.2530513495871126,-0.1440737308677254,-0.2758991541400576,0.233324964508575,0.019477146261189498,-0.18757822949143413,-0.13370703939890535,-0.1123774918175718,-0.28518581073370247,0.22474950585893813,1.0,0.09079322764268466,0.08989669827039216,-0.08942926136752682,0.015589751080719597,-0.17668201965608696,-0.0009759571272715653,0.19945861311836105,-0.04727138272765866,-0.11121711622471664,-0.12400681070174878,-0.1773475694650495,-0.2533864068983462,0.15307189124788306,-0.058258888833096725,-0.20857545864963686,-0.21460283840103714,-0.04360127267000507,-0.1722322394518572,-0.13533667782002767,-0.22039010896209835,-0.19829275974930044,-0.10442649965535658,-0.1524127321778269,-0.13463369654032784,-0.11770189028927223,-0.24858878790507014,-0.1843883378144586,-0.34329679960925197,-0.2105784988154309,-0.02969411184706049,-0.14548882305413413,0.2391304943236544,-0.010053545262408304,-0.1561887459087859,0.0941081952096847,0.14644104315118206,0.04371265411951595,0.10362217951585588,-0.015966804676194955,0.07085229632943346,0.07588545969954398,0.03017889504124309,0.21833868177315616,0.16697905207082764,0.0919207365783071,-0.09269584191137871,0.0968708203426349,0.2007194146083162,-0.016835945167460183,0.0772494259747018,0.013099188832640243,0.04715817535274596,0.26077775292490424,0.19849817635700492,-0.08915172070645054,-0.11332332117571337,0.020547138546654676,-0.08804520991294901,0.10806009120497383,-0.08342470568364929,0.2268602756234394,0.12263006294877823,0.05143449264380304,-0.03201668895817261,0.2731237475292947,-0.06326192443407724,0.020093396084302977,-0.37896260048295727,,-0.18894949946819922,-0.07300323645277472,0.07636659104292294,0.032684977655237896,-0.07953457161507667,-0.44613383120232625,-0.12968269981329913,-0.26177105634349307,-0.10503361985146097,-0.03598898966982704,0.05324307175430348,0.03764053919577116,-0.07062679454230897,-0.18568474484974917,-0.1289879351979075,-0.09222749204581247,0.1714900007760183,-0.02243971022563873,-0.0216426937877453,0.005815572404789402,0.04012927551844869,0.0036874563489708626,-0.0037194100435026726,-0.05845152396298849,0.1324352823565393,0.14174202412960418,0.06114111207986598,0.09860544947436173
#101,-0.15575052381234963,-0.07177895347085594,-0.21481921056115252,-0.16278216253474964,-0.1830709326370471,-0.3699160530796514,-0.059716890266448164,-0.17828335623348107,-0.0366654950312005,-0.12881538524743572,-0.09948645848073877,-0.17116863790529838,-0.1976573377094679,0.09079322764268466,1.0,0.5154350039029155,0.15320518380221576,-0.25671689483126164,0.25596004875220824,0.03406446429631117,0.6688793839327695,0.05823149995206946,0.2068463072941155,-0.218971364924886,0.2660199847535229,-0.21761287642593363,-0.05734410020678605,-0.3117931956889901,-0.054890056466743053,-0.2714448091223233,-0.3518713452961879,-0.4039074803598899,-0.17208342653160905,-0.5034094592065441,0.06148986383161316,-0.09990824724855867,0.14448182519503167,-0.08780510072260998,0.22693879041571757,-0.19197231897090844,0.10989149438299699,-0.021354197574258105,0.01945340923096587,0.1894835826482309,-0.13031081815152443,0.16571916354357344,-0.24829846576618111,-0.13439815216349335,-0.18672552232878525,-0.20877265859303318,-0.32905640740047565,-0.25993143650116174,-0.502488279841327,-0.30944596858495343,0.17647934193648518,-0.1239775958953197,0.08582671054974049,0.17854902837944556,-0.23668375428521868,-0.3865356260869962,-0.1657602468651143,-0.20958428243414115,0.20306938060045557,-0.14338626995394102,-0.26696398818626266,-0.13567903883286847,0.340982439162448,-0.037950033551379256,0.5726814171007043,0.24170504914021737,0.24812774174111116,0.2873750952904819,0.43716123377779403,0.07696823346282188,0.1977641543454742,-0.029736108131302296,0.10194871888508995,-0.1909488877831896,0.2968224333194867,-0.1307408235836525,0.07457809711184249,0.0871057712937138,,0.00028119251187992716,-0.24279512660510255,-0.2845385201787581,-0.36025416881593303,0.17775292490425304,-0.14517019907151693,0.1354042370598949,-0.24331825423272332,-0.14157312602993605,-0.1261102767646428,-0.2233435432995385,-0.16803352399037738,0.025122907603609853,-0.3661811226702333,-0.20217011234006035,-0.14360172915135552,-0.06683343452003268,-0.2560805598287282,-0.34042918376569725,-0.38500184874946936,-0.12060785056626512,-0.10578407519160804,-0.18854688291709842,-0.21226382796130863,-0.008421167953183272,-0.036828002391962274,-0.3298022979271182,-0.13842796952530503
#102,-0.12067723573153419,0.03734291335527487,-0.2095806305833375,-0.30184738002528905,-0.3436355087712891,-0.29396851191644563,0.11357073406765966,-0.279911625210552,0.006735838807305527,-0.21792419670694355,-0.04807387694175754,-0.29888390309813895,-0.24742567342411226,0.08989669827039216,0.5154350039029155,1.0,0.0029004825007874304,-0.23649659693153235,-0.17708646213258958,0.37473284428964654,0.48446000538647993,0.5341872577795834,0.23133835767139735,-0.28649591220950665,0.10383581278786855,0.04901696741179639,-0.09009481117648939,-0.010486289582639101,-0.2787558144312014,-0.44671356251740335,-0.16985305865328873,-0.31392313767021046,-0.27652088173937656,-0.5132831508168734,-0.22285693417995409,-0.24902427111340367,-0.2092592677126176,-0.418089442955808,0.06033222712686073,-0.2202723367736811,0.07648345026863927,-0.13513856491393045,-0.11436409865474946,-0.15260810619582138,0.024041046803032862,0.27216148484253677,-0.2502348596548088,-0.16568264503553706,-0.2930445936631259,0.14182053892188234,-0.22535753901774344,0.07058571122076808,-0.3183263567766939,0.1939160165611434,0.39140810802174675,0.2345209456467656,0.038654840756480895,0.4028931787991802,-0.297490722016552,-0.20353042676441455,-0.35743402703282556,-0.0634837743703981,-0.15405058726325735,0.10533489754276089,-0.3266361432803663,0.004680759767559696,0.004269013589449803,0.12974752016506366,0.14204512774630593,0.01966156472677309,-0.06809697489809054,0.10762095614583667,0.23014602838401038,0.12895141668987115,0.04036481989528318,0.15283269502024494,-0.08043383987547188,-0.1529641616491758,0.19739349148890523,-0.09536990966234074,-0.06839916555209137,-0.09050107957839383,,-0.26389186869770437,-0.22080368106561007,-0.25804525556108404,-0.32404424217248606,-0.08278197994220945,-0.3430995996658556,-0.033723016246171265,-0.3697288957259651,-0.2783404164022879,-0.033744014388292165,-0.31277371762976625,-0.2919974254451834,0.03145430393441276,-0.1251233640849603,-0.21687428960089836,-0.0017647569008568155,-0.044925981549023816,-0.28477862936909715,-0.2815467414078798,-0.38967895666622543,-0.23606020076049794,-0.1978874043100969,-0.1784595580347565,-0.3994741334842765,-0.1277517837008769,-0.04380121150150411,-0.23945277015707522,-0.1877918627634468
#201,0.29665170929441675,-0.11656616468934161,0.21758913939570998,0.1807090981297959,0.018390720647107964,-0.03306385717611507,-0.06018615309471532,0.06887938393276943,0.11541857057429919,0.47172691459690413,0.05832462214756216,0.07189672565927319,0.1046446977408738,-0.08942926136752682,0.15320518380221576,0.0029004825007874304,1.0,-0.022995704510492224,0.11109295329739304,-0.004035295138017136,0.05681914665376346,0.04276317291057074,0.20927570104123397,-0.07507840067194055,0.25739796500613965,0.011192009750441646,0.1479309982790653,-0.01725408208447644,0.33194319546074946,0.06397677422888888,0.1172554515285278,-0.0787658570209114,0.33492584460461866,-0.06267580238009376,0.2684219896196141,0.09488512646815814,0.033838049546485775,-0.02228085471568059,0.20204412348733491,-0.023148169281544003,0.23348382001853316,0.22437701707696733,0.06727348254187075,0.09977130284342234,-0.19881223552611757,-0.03598990263252795,0.06408085197679249,-0.07396093432602811,-0.0763099873554666,-0.22049418671000195,-0.3314438048633523,-0.17758585272998673,-0.07392076396718812,0.0023545308056439353,0.01983411467724486,0.05192931842769564,-0.16184546280361717,-0.23033318573769668,-0.10375638503288948,-0.1603856354448639,-0.1508378715187591,-0.12455184943419137,-0.034959167743201854,-0.05629875791424541,0.0018907457535822373,-0.02491292618240082,-0.06450629259541601,-0.027419921759096532,0.09419766555437378,-0.0027005436692883913,-0.02826715114553995,0.16838044981672273,-0.0006564201819534663,0.05691683366276071,0.022005139980006118,-0.14787439459160895,-0.20469536717077425,-0.30182273003236454,0.41488403091291703,-0.07475429891311791,0.29457837100065276,0.21213418725777958,,0.14545230454609778,0.10674451195296417,-0.04542811103452368,-0.053270460635330745,0.3082947226191074,0.257124076195867,0.2092473991975058,0.2960199391053879,-0.029989911762154958,0.009720313876576573,-0.22631980170450136,-0.0694025115603902,0.2590129960240474,0.03508789548403,0.32000346925826345,-0.03143239282959095,0.05490740275806032,-0.011271437505420716,0.34723258181287003,-0.12375209410819521,0.3654215377030771,0.013209657319450214,0.23163689647459454,-0.023730639484723853,-0.0839715703414937,-0.0050432059598205115,-0.29112189421501183,-0.18416374899003501
