,#10,#11,#12,#13,#17,#18,#26,#49,#50,#51,#52,#53,#54,#58,#101,#102,#201,#202,#301,#302,#401,#402,#501,#502,#601,#602,#701,#702,#801,#802,#901,#902,#1001,#1002,#1101,#1102,#1201,#1202,#1301,#1302,#1401,#1402,#1501,#1502,#1601,#1602,#1701,#1702,#1801,#1802,#1901,#1902,#2001,#2002,#2101,#2102,#2201,#2202,#2301,#2302,#2401,#2402,#2501,#2502,#2601,#2602,#2701,#2702,#2801,#2802,#2901,#2902,#3001,#3002,#3101,#3102,#3201,#3202,#3301,#3302,#3401,#3402,#3455,#3501,#3502,#3601,#3602,#3701,#3702,#3801,#3802,#3901,#3902,#4001,#4002,#4101,#4102,#4201,#4202,#4301,#4302,#4401,#4402,#4501,#4502,#4601,#4602,#4701,#4702,#4801,#4802
#10,1.0,0.1830198067257962,0.2821429060515733,0.4532129439851735,0.19917650764378023,0.1125226528870163,0.007572112641338038,0.6505982188097705,0.33235494163885937,0.3818758644615574,0.40908671776214584,0.19492118849484405,0.09899619751035071,0.039675533056096994,-0.2569186595881625,-0.13500527235959775,0.2897131927675095,0.006199016739171121,-0.2527126404250754,-0.20243943633682845,-0.21755992458928092,-0.16982475680956055,-0.07803731278558615,-0.026160033231842312,0.16285793843892507,0.2120036335915496,-0.26803671935983053,-0.29337143431005125,0.04304619134785248,-0.014090666325827257,-0.19448205343570688,-0.19903682435054115,-0.04979389867026983,-0.13762821419930887,-0.142815668265873,-0.1681184295215619,-0.17900003195369454,-0.13737897538196078,-0.14941182377993947,-0.2144951088023299,-0.005249535530225912,-0.23364267552849127,-0.4703675131352509,-0.12105155043890682,-0.24436359652526396,-0.4953361300424071,-0.27444845640831345,-0.3262061378482382,-0.138548480601825,-0.3333482450574482,-0.28245422633258316,-0.14567871929592316,-0.2400799755325996,-0.2392856979828089,0.0018797902011713312,-0.2156618751340914,-0.028496304783468072,-0.1583752915774626,0.014992673474325206,-0.13510843714480045,0.2584679572916049,0.3037883387274213,-0.2536091697973679,-0.09306102699174225,-0.1351869519370786,-0.21559522885692506,-0.10570373447392807,-0.23124980028940917,0.043004195063610674,0.18086795363975405,0.16535763031401352,0.12469609754093497,0.09653667599410226,0.0015356032629286931,0.13806917518384787,0.18526113015652745,0.1395463488339184,-0.007233403479300854,0.08154582844517887,-0.09808232184674096,-0.09936320851611607,0.1481482834018816,0.25946765144910006,0.040558367987875855,0.0608033158805297,0.24104041229395573,0.15792885281671817,0.04820625653338933,-0.07902879027877316,-0.029314319363482406,0.00011229441221178908,0.25596461356571276,-0.1876357461415914,0.09340886578078852,0.106305376893827,0.14108742987305253,-0.0795592216080012,-0.09313588993321678,-0.21914300191265687,0.02233015470152967,-0.08923388734953233,0.08648221776899305,-0.17547599592818636,-0.07337116042124099,-0.09367088607594937,-0.03448351417602834,-0.16125934074963366,0.035752532330291645,0.21047898588103184,0.23429818274774383,0.2204357570971438
#11,0.1830198067257962,1.0,0.4403629939698814,0.29948371959263603,0.15842824341411532,0.3583223397408099,0.27498893032725147,0.09749437386735565,0.09742133685128294,0.46341530216782995,0.252947271839209,-0.010753787654005396,0.05861037947294663,-0.043276257948481514,0.05942748109026006,0.17119511382362473,0.32805671324298047,0.28286140769718854,0.0013548366481487399,-0.013687136812025545,0.08590705126742047,0.07699653530655005,0.1168007961034752,0.19913725024764115,0.2162489101507758,0.12542555473896114,0.08190279686123424,0.13671981631190458,0.04890010818608006,0.11118972734368937,0.20415671917723802,0.10888723541199724,0.28761520448082095,0.2369969004916304,0.06314689113376273,0.1087174243496282,0.23997863667279873,0.07925429206589765,0.10156801343881096,0.17196291545508907,0.06547220713297758,0.16238045894634975,-0.06321718926173271,0.11443622270812126,0.014261390350897215,-0.00882195857888226,0.2047939671424724,0.15399946135200646,-0.016341119383567585,0.0707427408053244,0.2605823789069098,0.11970675638046807,0.17988925762437977,0.25614811906859547,0.04936754508894539,0.06545668676706214,-0.22549996119908522,-0.1978654932052751,-0.25023577261750973,-0.07856044041320692,-0.32841824647254036,-0.2649655128339732,0.0101046711736592,0.022556569451355066,0.14417872157832992,0.07497523588673785,-0.002976258404962865,-0.056171856098819084,0.08719432867570195,0.10614743434656977,0.10250836502074707,0.2787822903495278,-0.027204462561682043,-0.08709755462940562,-0.14388748647674,0.005626589125701269,-0.17843582100453287,-0.12894320002556295,0.036507552483943266,0.12041886728717698,-0.01670995631473476,0.19886518736277028,0.22491201321969992,-0.16327516239324041,-0.01584264174887135,-0.3564772421222731,-0.2687524821173431,0.17768993047789033,0.28079993791853636,0.07449227861795707,-0.10483002916915829,-0.3018820726079236,-0.22689405524337303,-0.43485782888340097,-0.28132671739696075,0.2918586551146453,0.4055270761913022,0.272609749528683,0.37580466250051353,0.06800111381449511,0.19115065254009048,0.18079217773557862,0.11448369676856852,0.11478680038527025,0.232724235051377,0.22591718515340056,0.23031675240908034,-0.3544285538214336,-0.04843814905942018,-0.2707253945140071,-0.2471399160987278
#12,0.2821429060515733,0.4403629939698814,1.0,0.293694623106173,0.1177393217600095,0.4948896912816627,0.30954639448205346,0.22070781998201464,0.12797454659989865,0.34591061182195404,0.15630925698530587,0.15400128727740828,0.1283999872185222,0.04479907973359749,-0.18754079802069687,0.11664924429512433,0.5419994796112605,0.7698393642127751,-0.02654256460352312,0.02425650600044735,-0.25059913177247145,-0.08225702638918687,-0.011398339320847047,0.15113001958304995,0.20367467487115815,0.28899469112189424,0.26293051897364733,0.26397312237808523,0.24903340074041275,0.1551488813924507,0.37471093318482473,0.06722418255602168,0.5569519827267457,0.1968858842271999,0.05355530499801431,-0.057558646441499633,0.3112116384485112,-0.02752399950700014,0.2699484632555337,0.17728548800138771,-0.04211588235562636,0.03385996065130759,-0.22422546526861645,-0.021607088242409856,-0.2256013000588861,-0.251585131489453,0.22975984516152592,0.2975619331072229,0.04580881648080268,-0.04258697110929533,0.17402986300994672,0.34961724038764397,0.29787599227633554,0.3936567351540853,0.12264649627739459,0.09099773128768825,-0.37075141395098304,-0.47099471851077523,-0.29836990509752725,-0.2751596543523214,-0.20003743147073727,-0.1486513258500824,-0.25378811048674604,-0.1598195985703004,0.4153313826363624,0.17636887344967522,0.029554428553821434,-0.13974720062811835,0.0003916609986898985,0.17079341023522485,0.5122670233307618,0.3925648317637983,0.09631939087128595,0.2029598250763465,-0.11083458485303582,0.06292047638393733,-0.034056247632002996,-0.23954771827796975,-0.05599017652133822,0.13117174197848147,-0.09591312246938151,0.3175056033085768,-0.01056663030031908,-0.017760776383480854,0.06468158143399051,-0.24572664983772088,-0.14146357050582697,0.05161799814668572,0.17016255300889682,0.07795332021710254,-0.15459836488380269,-0.21530764560613877,-0.25398622339284327,-0.3220530705218038,-0.40038983507328807,0.5728329689090552,0.288996517047296,0.4871231175850311,0.5808761703040622,0.1858335577699973,0.6047903152916687,0.5366997311324846,0.29955584364600785,0.38913756978458647,0.48722263051943016,0.5050190124482464,0.47258692546116027,-0.11900377510076826,0.02257665463077506,-0.3860700151095327,-0.3776771490000776
#13,0.4532129439851735,0.29948371959263603,0.293694623106173,1.0,0.07186112011393775,0.3441065975249581,0.06205681366887756,0.22677537009225487,-0.00028027954917901826,0.5112518088073512,0.21649814896812392,-0.018606179844522452,0.13295567109605738,-0.17442426289673935,0.09809419036185277,0.19313817233996905,0.35005181063327656,0.1883085996521612,0.0754034153934641,-0.12268666663623458,-0.025758329643442417,0.11145539948965386,0.06481852583912684,0.10550196971702722,0.04054010873385768,0.20473097271610968,-0.12867661491689758,-0.10664226013046237,0.09849771987565448,0.08682001396832932,-0.013729133096267353,-0.04554223137213729,-0.06641255871491371,-0.05303582922119717,-0.1698722308700078,-0.021956752956857947,-0.194741334842765,-0.03276075355941333,0.009103151090762186,-0.10549192712731721,0.03322362564877412,-0.006820744338490051,-0.2928190918760014,-0.11084645336814765,-0.04442659095162667,-0.2021847197432749,-0.2073402201153072,-0.13140728635531596,-0.17226967092259446,-0.19861686150812308,-0.0540501307819069,-0.10350714621554137,-0.08739426750720099,0.03835812787868552,0.03250877585396249,0.025849625913533302,-0.24357023193817418,-0.2776693888171199,-0.020443973761451975,-0.1742626684986785,-0.04121570113253023,0.06901267648710212,-0.289207411431206,-0.20725987939762722,-0.03451729379596197,-0.03912045173394441,-0.28356621490229017,-0.18544646158481196,0.013043498107884802,0.029739759982105932,0.05666394299460895,0.1194301286820927,-0.10292011119885697,-0.08311155947723756,-0.18311749373479347,-0.07592015228217851,-0.08724271569885013,-0.08749651932970279,-0.06677591786987543,0.04350815047451236,-0.09507776159804991,0.09682060739408492,0.31453664860522124,-0.11665380910862887,0.00769810149406346,-0.04983133014100709,-0.12622257117685456,0.059169112645902855,0.1998128426463137,0.013862425650600045,-0.023385539583780306,-0.06132005276924411,-0.1319386306472449,-0.06298164488489823,-0.06278627086690373,0.18636307613652445,0.07823177384087973,-0.11150378651280202,0.02759703652307285,-0.060877265859303316,-0.07626160033231842,0.09239639014548061,-0.06294147452605824,0.02809186230696545,-0.005214842947591376,-0.007975642155139752,-0.16664947253579954,-0.23956049975578247,0.10074269515718935,0.15400859097901556,0.14662728754216747
#17,0.19917650764378023,0.15842824341411532,0.1177393217600095,0.07186112011393775,1.0,0.4416329250868456,0.28995695380865216,0.07014109838542547,0.0539670511761242,0.203836269269219,0.14529892681234508,0.40637887039125015,0.4117553077369024,0.11799586427896488,-0.21055567474790818,0.005124459640201399,0.14831626853884886,0.12540273067143842,-0.20911684553127582,-0.04504557966284287,-0.40535726512893316,-0.14960354594713032,-0.1681485572906919,0.01610740093213492,-0.04420656694070764,0.1018090355918509,-0.03192356676267991,-0.014697786521931646,0.08821410801261714,0.2804749231970128,0.07970986045365117,-0.013026151816567534,0.1227514869879991,0.09567849105524794,0.06737208251356891,0.15188960455020611,-0.03360250516965129,0.1419602222151214,-0.13811025850538877,0.05010521895127974,0.023300634052595783,0.0953562152218271,-0.02377080984356384,0.2820013968329324,-0.132328465720533,0.13303509885103645,0.15508406104068617,-0.004283620992664345,-0.0002784536237772006,-0.044526103886025736,8.125368038088804e-05,-0.0715169331756951,-0.02400909310850105,-0.15742215851771377,-0.25618555053933273,-0.06509971835100677,0.021009097673314558,0.08451934796203901,-0.04560613876120091,-0.01154715224109519,0.009903819379459252,0.0766203946737756,0.26200477479492573,0.16520699146836357,-0.07629720587765387,-0.05861129243564754,0.19679915277061355,0.0877658433264709,0.058402223977139414,0.26427805192018883,0.060671849251598825,0.013454331323293788,-0.17579370694810265,-0.03178114458133813,-0.06987816512756372,0.03933956278216254,-0.03492995293677277,-0.10201080034875175,0.4013785736783724,0.2036372434004209,0.14243039800608945,0.4879904321508945,0.23608485075342248,0.17152286743325101,0.3809017332596877,-0.028605860307577134,0.028743717675414372,0.19253926880817285,0.3416589445238215,0.22580306481578696,0.017768080085088123,-0.07991071224785111,-0.03468254004482647,-0.20725166273331902,-0.11331145266060155,-0.013650618303989191,0.03475375113549736,0.10542528085015086,-0.017726996763547224,0.15170701201002432,0.13366139126385992,0.012193529833338658,0.06809149712188509,0.08843413202353617,0.1831311881753071,0.22503891503512624,0.18094646843203221,0.0669174270885163,0.012401685329145878,-0.0699585058452437,-0.056084211679531835
#18,0.1125226528870163,0.3583223397408099,0.4948896912816627,0.3441065975249581,0.4416329250868456,1.0,0.45945669589668914,0.20848324941684507,0.12193895018419022,0.40546682065304224,0.1433707495880256,0.2306956319299575,0.5080600912049739,0.06115571948308052,-0.11219763816549275,0.15818722126107537,0.29377861567465663,0.5212834429649377,-0.16579493944774887,-0.17343369836625325,-0.38621152432817357,-0.14558559710043045,0.023530700653224813,0.08962920019902587,0.1171203330487933,0.13664860522123368,0.1383111102995887,0.15611936074351682,0.4162836027334103,0.3138729247216605,0.3571610511852538,0.13316839140536912,0.4298401858792059,0.23610128408203881,0.1920097504416457,0.06263106720774923,0.20780948294357435,0.08220316158983325,0.18367622690774968,0.03551698795345716,0.060122245705651695,0.059390049619522794,-0.10264257053778068,0.12210693532115745,-0.22233106766423058,-0.14152017419328333,0.21864361131525972,0.2068654795108346,-0.010228834100982805,-0.028772019519142544,0.14304025709029658,0.09424240072671831,0.1581671360816554,0.20029306102699174,0.030711152295872953,0.062231189544751146,-0.25292444777168627,-0.3268707746944999,-0.2108861672456372,-0.21234508164168953,-0.06255529130357379,-0.02601852401320144,-0.09221744945610247,-0.0985196309804763,0.06664445124094455,0.07038394646386723,0.08097979157061538,0.04461831311881753,0.09005098896684575,0.2493474599095254,0.40701794428188637,0.24082495309654123,0.016087315752714923,0.03172088904307815,-0.12213249827678291,0.04262988035623805,-0.034909867757352775,-0.1536744466304829,0.07868369037782962,0.23846585747739277,0.12716840053499615,0.5195122953251745,0.3084280151734401,-0.012531326032674935,0.24411527067061675,-0.10351536287984954,-0.05142627597949486,0.3451729379596197,0.36150218882807544,0.3484915573774233,-0.08196213943679331,-0.21798901705870807,-0.22106113654726636,-0.34168542044214784,-0.2815896506548225,0.25974884396097997,0.1001912656858404,0.2945628506347373,0.34294530896940206,0.09091556464460644,0.41452249768335714,0.4035450341676291,0.25558938589563923,0.21712170249284465,0.3646126527500719,0.38809314045474674,0.4175197542304409,-0.037950033551379256,0.007101936850369978,-0.18359953804087334,-0.1857495652015137
#26,0.007572112641338038,0.27498893032725147,0.30954639448205346,0.06205681366887756,0.28995695380865216,0.45945669589668914,1.0,0.15312393012183487,0.23435387347249928,0.4773845444544363,0.2570619947322052,0.1153583150360392,0.25997525871080535,0.19670603057512084,0.017896807825916274,0.26507872020888584,0.24312561910283156,0.35275783207877043,-0.034766532613310086,-0.01434446995667992,-0.17357794647299685,-0.16621581525286785,-0.2505352243834078,-0.19720359524711617,-0.07004888915263367,-0.13057922918559162,0.09734282205900478,0.10205370959569447,0.15654388839943945,0.1948837570241068,0.17330131877462146,-0.04985415420852981,0.3055202289710454,0.018733081659948782,0.13527733524446858,0.08776401740106908,0.21247015753171405,-0.013783910858321884,-0.046500842208091586,0.03135935581351824,-0.051294809350563984,0.07678198907183648,-0.09721592024357845,0.15161936759073708,-0.28845421720295616,-0.014931504973364313,0.1943624553218878,0.20150273660569598,0.09460575988168003,0.05779419081833412,0.18676751861302707,0.0027105862589983888,0.138899058278974,0.02901669352298612,0.07085412225483528,0.015497541847927803,-0.19106848589700867,-0.14052869670009632,-0.4180127540889317,-0.3076939931619094,-0.18595498180921818,-0.07277134392674388,0.035257706546399044,0.024173426394664646,0.13150953817781774,0.011126276435976207,0.07730694262485906,0.27902331250256773,0.1034076332811423,0.2472138660775014,0.451063829787234,0.40621362414238565,0.11626488699804169,-0.08486627378838438,-0.027426312498002894,0.13305061921695188,0.03543756019847809,-0.1276376633632633,0.18026813714525694,-0.04213870642314908,0.22697530892375392,0.2708659907699471,0.15680864758270302,0.07190402936088046,0.09920709189426066,-0.23699963937973315,-0.1167916664764661,0.10097276175781839,0.026954310781633017,0.06660154199400184,-0.25159791296726575,-0.3399553561239256,-0.2758507671169094,-0.3541701853770764,-0.2880141691811181,0.17204873394897452,-0.12151990030447306,0.3434218754992765,0.30774055425965574,0.17238470422290897,0.2717652590303423,0.3006039248266512,0.29266754006765056,0.24473699826993567,0.3003464693449949,0.3678399758977847,0.31298004720017164,-0.0701036669146882,-0.015489325183619623,-0.31310512309019617,-0.2825199596470486
#49,0.6505982188097705,0.09749437386735565,0.22070781998201464,0.22677537009225487,0.07014109838542547,0.20848324941684507,0.15312393012183487,1.0,0.5162886240282654,0.36155514066472816,0.3929747520165064,0.18824834411390123,0.27996640297260655,-0.09219371242587884,-0.21940867405862133,-0.14857554994590697,0.2663586939155601,0.06944085599382838,-0.23163050573568816,-0.15390542619381284,-0.16306426800933047,-0.18366983616884333,-0.04869012676487102,0.0070425942748109024,0.07921229578165584,0.11434310051262855,-0.184594667384864,-0.18594311329410637,0.18453806369740763,-0.10303879634997512,-0.05156778519813573,-0.26545394787895943,0.0868181880429275,-0.2571195113823625,-0.10440184966243204,-0.2719816311904577,-0.10345145549078592,-0.29396851191644563,-0.08402817402895005,-0.3049943624553219,-0.04628355708527528,-0.22825528263042813,-0.3469888207717274,-0.18295042156052715,-0.21667526373210022,-0.4694682448748556,-0.3191535009837173,-0.2908005313442919,-0.17956880771636075,-0.26018341420661256,-0.22257574166807415,-0.05283589038969813,-0.15793706948102634,-0.12989085530910635,0.054530349162584965,-0.21095281352280354,-0.0667421382499418,-0.14662546161676565,-0.10840792999402009,-0.18372552689359875,0.2898601797623558,0.2669630752235617,-0.2339001310101476,-0.2044945153765743,-0.1316811751655886,-0.07220530705218038,-0.13368786718218628,-0.16945135506488881,0.11320737491269794,0.13785189006103155,0.2803461954561846,0.16209652754636708,0.32001077295987074,0.15470883337061264,0.21742298018414458,0.2803936695166319,0.1546613593101654,-0.05592718209497551,0.09233065683101517,-0.2724344606901085,0.01608914167811674,0.30401201458914395,0.3313123382344214,-0.011727005893174235,0.045419894370215506,0.18447872112184857,0.14772558167136082,0.1782349692103329,-0.12620248599743458,0.003467432338051829,-0.1508077437496291,0.18358127878685515,-0.1809236443645095,0.08469920161411805,0.0929724696097541,0.19894278919234754,-0.21094642278389716,0.005742535388716694,-0.058919873828554736,0.05489279535484578,0.0019610438815522192,0.24105593265987119,-0.09297886034866046,-0.008325306869587844,-0.0355105972145508,-0.0018715735368631514,-0.01209036504813596,0.03234900738130344,0.2947262709582,0.2217869418944889,0.19945587423025832
#50,0.33235494163885937,0.09742133685128294,0.12797454659989865,-0.00028027954917901826,0.0539670511761242,0.12193895018419022,0.23435387347249928,0.5162886240282654,1.0,0.37920088374789446,0.43087639854473747,0.14708103000451916,0.2921964513139816,-0.00651124998288195,-0.08841039499331255,-0.0373255670639576,0.18954292522379,0.03173914829709632,-0.05491379349696668,0.06140952311393318,-0.06909484313018392,-0.062459430219978365,-0.007520073767386233,0.11007499988587967,0.09611397426358147,0.12448520315702502,-0.0348404825920837,-0.0012178922430124118,0.059550731054882754,-0.0676076268904034,-0.1173476607613196,-0.19067134712211334,0.04560066098499546,-0.13363856719633718,0.05424367887449958,-0.15014949764227384,-0.002508821502097532,-0.1621686515997389,0.0384183834169455,-0.13796601039864517,0.03647012101320601,-0.07813317386918157,-0.012736742640379427,-0.13347149502207087,-0.14507342502522058,-0.20109920709189427,-0.03940712202202979,-0.05806625370320496,-0.12195447055010568,-0.11819854199856665,-0.09054307586263563,0.03815453719638284,-0.025887057384270565,-0.002368225246157568,0.07939580128453852,-0.042139619385849994,-0.1349577982991505,-0.0815695654754025,-0.22331067664230578,-0.17665371781235878,0.1454459138071914,0.16614369119949604,-0.09466784134534184,-0.12161850027617122,-0.1274240300912506,-0.12280626475005364,-0.06994572436743098,-0.21019048966754464,0.1773366139126386,0.046084531216477154,0.33094167537785246,0.1858344707326982,0.18268201052645994,0.003429087904613657,0.0818891024207206,0.09173357922462078,0.05585505804160371,-0.1505703734473928,0.005048683736025965,-0.22010891645021843,0.236830741280065,0.3100256999000306,0.31342374707281334,-0.06611858472522106,0.051228163073397635,-0.021858152985159793,-0.030996909621257424,0.18221000881009006,-0.08405830179808003,0.08729475457280193,-0.14754207616847814,0.009971378619326508,-0.24374369485134684,-0.09062706843111924,-0.04465026681334934,0.10642680093304788,-0.10961304075921978,0.15167597127819343,0.08141253589084618,-0.023471358077665736,0.07643232435738838,0.20211533457800582,-0.12328465720532987,0.03265211099800518,0.021273856856578125,0.04638124409427253,-0.07204553857952134,0.10031268972506129,0.0999739805630241,0.0007778442211743439,-0.07155436464643238
#51,0.3818758644615574,0.46341530216782995,0.34591061182195404,0.5112518088073512,0.203836269269219,0.40546682065304224,0.4773845444544363,0.36155514066472816,0.37920088374789446,1.0,0.619251644474065,0.07202636636280224,0.33663764966882276,-0.0714438961596224,0.038988985105013536,0.1804717278275596,0.4539880493182451,0.22042206265663017,-0.07100932591398978,-0.13712060693760356,-0.10715717109377497,-0.06992655215071188,0.04569834799399271,0.18499363208516115,0.09224575129983065,0.16702104835506945,-0.05084654466441774,-0.04794423623822849,0.16658282625863322,0.0834146630939393,-0.05689948737144344,-0.19524163840286304,0.1330424025526437,-0.06948102635266837,-0.028247978928820864,-0.13704939584693268,0.09712553693618847,-0.03462593635737012,0.040662445735779464,-0.08126098408249531,0.04844362683562563,0.001072731173567904,-0.2780601368531089,0.014992673474325206,-0.031208716967868276,-0.07592745598378578,0.021886454828887965,0.0330364682950878,-0.013237046200477479,-0.07216239780523767,-0.014276910716812665,-0.029539821150606892,-0.056516043037061724,-0.01005719711321194,0.0044771690852570215,0.03736573742279759,-0.1708198861535512,-0.18455632295142582,-0.2447479538223466,-0.16859590901413724,-0.03956871642009066,0.07835776269360516,-0.1197816193219426,-0.19844887637115585,-0.06181305262773489,-0.11767176252014223,-0.15628278106697951,-0.025479876019665216,0.11044657570514957,0.16138167775155546,0.31445722085024214,0.24728872901897592,0.03476196779980554,-0.05793387411157317,-0.017248604308270986,0.009774178675930195,-0.0017090661761013754,-0.13655183117493735,0.18300154747177805,-0.01997014611968028,0.017307946883830062,0.3289377222493575,0.32559171395052655,-0.23790803726713744,0.07786111098431074,-0.1479090871742435,-0.0623188339640384,0.24122848261034296,0.08642926593234034,-0.047206562375894136,-0.05806351481510223,-0.26747981211227617,-0.32265379997900184,-0.3145348226798194,-0.21526291043379422,0.15583634230623508,0.05896278307549745,0.09972839359647961,0.10154336344588642,-0.01956479068047675,0.10292924082586606,0.19261869656315192,0.008284223548046945,0.06805041380034418,0.03946098682138341,0.11622106478839807,0.03805958907548832,-0.11648034619545619,0.12651654516654723,-0.02375437651494748,-0.08613072712914314
#52,0.40908671776214584,0.252947271839209,0.15630925698530587,0.21649814896812392,0.14529892681234508,0.1433707495880256,0.2570619947322052,0.3929747520165064,0.43087639854473747,0.619251644474065,1.0,0.0937658341968439,0.18899058278974012,0.030461000515823927,0.10473599401096469,0.06472722956903595,0.45790009449163954,0.07354918814791822,-0.019665216577576722,-0.11985009152451076,-0.04250297854081171,-0.11985009152451076,-0.010060848964015575,-0.07755892033030991,0.02651243683439313,0.08715050646605833,-0.2405839309435013,-0.2736057918353746,0.14591517663545855,0.04875129526583191,-0.23689647459453045,-0.15957583752915774,-0.01937306851328589,-0.05999169203942173,-0.03420871240305477,-0.031348400261107336,0.05283862927780086,0.010289089639242788,-0.07357201221544094,-0.18590750774877093,-0.051733944409701145,-0.003893785919376264,-0.24846645090314834,-0.06805680453925055,-0.18253593649431452,-0.20014516106944452,-0.15600797929400595,-0.2325215573317752,-0.18139108126737483,-0.3417228519128851,-0.25434319180889864,-0.27227286629204767,-0.3361099572276975,-0.24992171344839706,0.03891959993974446,-0.052759201522821784,-0.15987072448155132,-0.23750633367873755,-0.21241994458316404,-0.33587076100005936,0.18736642214482327,0.3180305568615994,-0.023544395093738447,-0.19298296868081455,-0.13281781372822013,-0.049541920964818985,-0.053270460635330745,-0.15760657698329736,0.34121159280037616,0.2149835438473161,0.3748515294407647,0.27352271222959185,0.18883629209328653,-0.08245422633258319,0.09982334171737414,0.033850831024298506,0.052887016300949025,-0.10291006860914698,0.27669617057795104,-0.05304130699740262,-0.007963773640027937,0.18370452875147786,0.2787530755430987,-0.10148128198222461,-0.03638247659391876,0.08290066509332761,0.035519726841559886,0.1346693020856633,-0.024115909744507388,-0.0698562540227419,-0.2909237813089146,-0.06162315638594585,-0.33028525519589896,-0.09491525423728814,-0.06290860786882552,0.1276084485568342,-0.0750227099471851,-0.013200527692441125,-0.1130375638503289,-0.18247020317984908,-0.09400594338718292,0.10281694641365427,-0.01526747524729877,0.05606960427631729,-0.16677180953772133,-0.08005587331729562,-0.08731575271492283,0.003292143499477329,0.2344899049149347,0.16656365404191412,0.055628643291778315
#53,0.19492118849484405,-0.010753787654005396,0.15400128727740828,-0.018606179844522452,0.40637887039125015,0.2306956319299575,0.1153583150360392,0.18824834411390123,0.14708103000451916,0.07202636636280224,0.0937658341968439,1.0,0.42969867666056505,0.16467108236293007,-0.18489320618806118,-0.17193096176055728,0.08540309585651878,0.07324882341931921,-0.07722568894447818,0.07416452500833079,-0.2078569570040216,-0.2308280115215893,0.06543751455034305,-0.10080295069544934,0.03766427622599479,-0.03617979887431699,0.02647226647555314,0.06665358086795364,0.06082796587345424,0.0014598273587532581,0.14366563654041914,0.03884838884907357,0.12256341667161189,0.028857838013027978,0.09628652421405323,-0.10117817836552288,0.029346273058014214,-0.11898368992134827,-0.17136309896059196,-0.10198341146772448,-0.0692573504909457,-0.09514349491251535,0.04494880561654654,-0.031753755700310866,-0.17152469335865284,-0.2064546462954256,0.12355672009020072,0.05060826139948053,-0.033361483016611355,-0.16607430603422696,-0.08517941999479611,-0.05520320267315479,-0.08482427750414256,-0.23928204613200527,-0.20416950065505074,-0.17998146685717156,-0.04264722664755531,-0.021032834703538186,-0.10102753951987292,-0.18408614716045776,0.08042379728576189,0.1148123633408957,0.19559130311731115,0.12875969452268027,0.05041653923228966,-0.15885277107003792,0.26591499404291835,0.03894059808186537,0.09849315506214994,0.18248115873226,0.17945651330414897,0.01868560759950152,-0.05815572404789402,0.05042201700849512,0.05660277449364806,0.05226254981352737,-0.005086115206763228,-0.03415667352910297,0.06930117270058932,-0.031331053969790065,0.31062369046912586,0.4355918508949317,0.26382065760703344,0.3926597798846928,0.5808999073342859,0.15102046405894087,0.16198058128335166,0.15681960313511392,0.0584113536041485,0.3506005012165228,0.08017090661761014,0.07332733821159737,0.05743996129038148,-0.009046547403305839,-0.06353763916975172,-0.0817037709924361,-0.03355229222110131,0.13727124578325353,0.07164566091652326,0.08632701410983855,0.15364979663755837,0.08128654703812076,0.1081614300647747,0.17867958204567552,0.2500787430329534,0.15825021568743808,0.23211255004176803,0.1956159531102357,0.05708025398622339,-0.1397243765605956,-0.10834950038116192
#54,0.09899619751035071,0.05861037947294663,0.1283999872185222,0.13295567109605738,0.4117553077369024,0.5080600912049739,0.25997525871080535,0.27996640297260655,0.2921964513139816,0.33663764966882276,0.18899058278974012,0.42969867666056505,1.0,0.11707194602564512,-0.13272651745812925,-0.11783518284360492,0.09138756636097632,0.17043370293106674,-0.22313264891562856,-0.07267913469395208,-0.3056781715183026,-0.2960272428069951,0.10055097298999849,0.04693176060292057,0.03667279873280777,0.03615606184409336,0.06916148940735026,0.11157956241697746,0.30639302131311424,0.1478451797851799,0.2079172125422816,-0.04147954735309289,0.14269607015205393,0.0306645911981266,0.26342990957104445,-0.007579416342945309,0.05230911091127372,-0.04068161795249855,-0.02952703967279417,-0.11708381454075693,0.04447771686287757,-0.13449949102329425,0.08861489863831613,0.04763017706911584,-0.05763442234567507,-0.09583095582629972,0.17388013712699768,0.1271017542578298,0.04597680161776991,-0.06434287227195333,0.05433680106999229,-0.002565425189553881,0.05246248864502641,-0.15171796756243525,-0.11227889184587364,-0.11828070864164844,-0.0687524821173431,-0.10550744749323267,-0.14004391350591372,-0.08020742512564649,0.14882478876325508,0.07945331793469577,0.06628017912328192,0.01731798947354006,-0.06137574349399955,-0.04149324179360652,0.1854318541815974,0.17656516043037063,0.04438368170468396,0.18619782988765993,0.2102790470495328,0.08084193420277815,-0.04633103114572254,0.08413955547846093,0.005222146649198647,0.04006901998018871,0.038326174184153704,-0.09145512560084358,0.19607608631149373,0.06755741394185341,0.4219375807401389,0.5433616199610165,0.4943866488334619,0.006546855528217395,0.4227254675510232,0.04082677902194306,0.1216468021198994,0.4245413503631309,0.10854578736185733,0.3279928058539168,0.1850502357726175,0.020388283036696535,-0.09907288637722705,-0.20561106875978583,-0.06791164346980604,-0.07514048213560234,-0.04419652435099764,0.2139482441444855,0.12482756416986585,0.15790328986109273,0.24174156764825372,0.10637019724559153,0.06141317496473682,0.13800252890668152,0.24538063697407642,0.22291718971821406,0.27731607225186816,0.13393528007413258,-0.0056494131932239905,-0.02365212469244569,-0.017629309754549977
#58,0.039675533056096994,-0.043276257948481514,0.04479907973359749,-0.17442426289673935,0.11799586427896488,0.06115571948308052,0.19670603057512084,-0.09219371242587884,-0.00651124998288195,-0.0714438961596224,0.030461000515823927,0.16467108236293007,0.11707194602564512,1.0,0.003298534238383691,-0.09191799769020437,-0.000564210949161672,0.036297571062734235,-0.16125660186153096,-0.10777524684229026,-0.26158937676601224,-0.2510072260997777,-0.15680408276919847,-0.2758662874828249,-0.10003332313858318,-0.11045114051865411,-0.07661400393486924,-0.15379952252050744,0.10178712448702908,0.22999356361295858,0.16496140450181906,0.039626233070247915,0.08384923333957191,0.04205380089196456,0.21481555871034888,0.2250243076319117,0.01522000118685151,0.07994540483048565,-0.2519046684347711,0.007167670164835415,-0.05763350938297416,-0.07319404565726467,-0.0025033437258920785,-0.017003017341726503,-0.21811500591143348,0.05649230600683809,0.12190425760155568,0.04577686278627087,0.06497281653558044,-0.08078167866451816,-0.11603482039741267,-0.14561846375766319,-0.10320404259883963,-0.2693970337841847,-0.05586236174321098,-0.07306166606563289,0.055173987866725706,0.018939411230354183,-0.15939050610087324,-0.1257113120643456,-0.03707998009741312,0.06576161630916569,0.2601532864374826,0.28760333596570914,-0.08353152231965563,-0.11002387397462876,0.5320089287752149,0.2518234147543902,0.1817407459818229,0.0745370137903016,0.20287126769435834,0.0029497824866365086,-0.03291595721856783,-0.019489927739002225,0.0856203809793351,0.09706436843522757,0.10051628040736396,0.0123113020217559,0.2965841500545495,0.20103529970283063,0.24363961710344323,0.11891886956958374,-0.010002419351157409,0.1348153761178087,0.24118466040069933,-0.005573637289048556,0.09555797997872797,0.12379956816864247,-0.03047560791903847,0.2022586697220485,-0.017647569008568155,0.05443813992979317,0.02115699763086179,-0.06837360259646592,0.08242227263805137,-0.08150565808633889,-0.1490219887066514,-0.01951731662002949,-0.009126888120985817,0.027309453272286562,0.06913866533982754,0.03219928149835438,0.07080025745548166,0.0865506899715612,0.11997334148913347,0.1254748547248102,0.12090912825756504,0.15836890083855623,-0.11471924114540301,-0.1420433018209041,0.037782961377112935
#101,-0.2569186595881625,0.05942748109026006,-0.18754079802069687,0.09809419036185277,-0.21055567474790818,-0.11219763816549275,0.017896807825916274,-0.21940867405862133,-0.08841039499331255,0.038988985105013536,0.10473599401096469,-0.18489320618806118,-0.13272651745812925,0.003298534238383691,1.0,0.50160727083495,0.223168254460964,0.025450661213236133,0.48220498751523505,-0.1358972369183857,0.48671958807122934,0.2747259970693897,0.1694066198925443,-0.1973405396522525,-0.07942319016556579,-0.3195049916235672,-0.37394952229226675,-0.39676811203878265,0.32465410125669314,0.34713945961737736,-0.013224264722664756,0.19570268456682202,-0.1364039312173901,0.21892754271524237,0.11562033533120004,0.3339371059995344,0.2992125696704661,0.406701146224671,0.17871062277750643,0.16617747081942968,0.2575960779122369,0.3617678609740399,0.13045597922096894,0.15954479679732683,0.11436501161745037,0.23893603326836083,-0.28922293179712144,-0.310772503389374,-0.37690478255510873,-0.34449734556094713,-0.3044904070444202,-0.4447872112184857,-0.30428590339941664,0.013684397923922818,0.23385448287510213,0.4786179570633642,-0.4288003213628707,-0.3126732917326663,-0.2931075880894886,-0.38155906640434206,-0.330124573760539,-0.12870309083522394,0.2281092085982827,0.109470618577878,-0.019145740800759585,-0.012784216700826688,0.09398859709586564,0.08129202481432621,0.5070950896301132,-0.12373292189147612,0.16190845722997987,0.2316861964604436,0.23476288076250645,-0.4050441189225214,-0.08047401023431187,-0.3464939949878348,-0.1468254004482647,-0.27748131850073265,0.24514783148534466,0.1463844394637257,-0.10121652279896105,-0.17694038810044416,-0.05656808191101353,-0.08464077200125988,-0.3107679385758695,-0.3302496496505635,-0.3773685676071704,-0.09276431411394688,0.07351814741608731,-0.17840204138459922,-0.2188581575499733,-0.3768691770097733,-0.2624420839286611,-0.0926538456271369,-0.1696439901947806,0.2371082819411413,0.052160297991025575,-0.0958912113645597,-0.09680326110276764,-0.4115562818681043,-0.31900377510076827,-0.10223812806127805,0.16013091885131034,-0.2671593622042571,-0.2607184103493452,-0.32200285757325386,-0.17980891690669978,-0.47286172723413383,-0.13106857719327877,0.013675268296913729,-0.06178383782130581
#102,-0.13500527235959775,0.17119511382362473,0.11664924429512433,0.19313817233996905,0.005124459640201399,0.15818722126107537,0.26507872020888584,-0.14857554994590697,-0.0373255670639576,0.1804717278275596,0.06472722956903595,-0.17193096176055728,-0.11783518284360492,-0.09191799769020437,0.50160727083495,1.0,0.1524675099398814,0.27062314269150534,0.3770462917737496,0.16090511122168105,0.09076309987355466,0.5978837524592933,-0.10750318395741942,0.11484431703542752,-0.10309266114932875,-0.03970200897442335,-0.20901002889526948,-0.108789548403,0.26803398047172783,0.4573696631624115,0.028850534311420706,0.20028119251187992,-0.010678011749829961,0.18689168154035066,0.216507278595133,0.40332409719400913,0.2410668882122821,0.5077652042525803,0.1308777679887888,0.3018674652047091,0.2613364860978605,0.5313287715630378,0.16367047524273395,0.40594521310831844,-0.26258998388620836,0.23574066381517983,0.021806114111207985,0.06800841751610238,-0.33818146959605966,-0.21330369247764383,-0.04571569428530997,-0.25246887938393275,-0.130525364386238,0.0721861348354613,-0.025832279622216035,0.4972926091104548,-0.6273897939899665,-0.26142413051714775,-0.4433648153304697,-0.46324275221735817,-0.38403319532380503,-0.25915085339188465,0.20678787768125734,0.10993075177913607,0.09902815120488252,-0.03466336782810738,0.12648550443471632,0.07181273309078957,0.500886030301232,0.24706322723185145,0.32204394089479477,0.40438039503896067,0.17372036865433862,-0.23058059862964297,-0.13984488763711558,-0.246997493917386,-0.31595995745593813,-0.4153724659579033,0.15972282452400408,0.4048770467482551,-0.1414964371630597,0.11715593859412873,0.060959432502385114,-0.15916683023915057,-0.1340320541204289,-0.45926953854300284,-0.49686260367832674,-0.11515928916724107,0.10786563014968023,-0.08286232065988944,-0.1998438833781446,-0.5730812947637024,-0.37731105095701317,-0.3159097445073881,-0.4122665668494114,0.2033925693965773,0.2361487581424861,0.05136419451583306,0.06820379153409688,-0.13515773713064952,-0.09026279631345661,0.05713411878557702,0.11466263745794665,-0.024207206014598272,0.10560148265142627,0.014863032770796149,-0.05810642406204494,-0.4447077834635066,-0.21773064861435085,-0.11090031816750126,-0.21738828760151005
#201,0.2897131927675095,0.32805671324298047,0.5419994796112605,0.35005181063327656,0.14831626853884886,0.29377861567465663,0.24312561910283156,0.2663586939155601,0.18954292522379,0.4539880493182451,0.45790009449163954,0.08540309585651878,0.09138756636097632,-0.000564210949161672,0.223168254460964,0.1524675099398814,1.0,0.5056599122642844,0.06274244865726011,-0.07412161576138807,-0.0066664536420364545,0.0625041653923229,0.038183752002811926,0.14246691651412582,0.1672428982913903,0.29186321992814984,0.005460429914135858,-0.014148182975984516,0.36212209050199257,0.18355662879393062,0.14792369457745805,0.004061771056343493,0.24537150734706734,0.10203271145357357,-0.023776287619769295,0.01334751468728745,0.32470705309334585,0.09290308444448502,0.18297233266534896,0.08472202568164078,-0.16571459873006888,0.029982608060547686,-0.1925246614049583,-0.12150985771476307,-0.11408199318016862,-0.14408651234553813,0.027105862589983886,-0.030143289495907645,-0.12593498792606828,-0.3341388707564352,-0.08637174928218308,-0.04458362053618299,-0.06706441408336263,0.1671808168277285,0.19933536315373834,0.251204426043174,-0.42094884213505457,-0.4095094194926666,-0.3528673876028795,-0.45380819566616604,-0.14364281247289643,0.07827103123701881,-0.0709390277860198,-0.205308878105785,0.17987008540766067,0.08913528737783417,-0.10106588395331109,-0.26281365974793097,0.34716958738650733,0.05856107948709755,0.42980275440846866,0.32570766021354197,0.3123701881159645,0.060654502960281555,-0.018132352202750758,-0.05477776205453126,0.040520023554437685,-0.3249069919248449,0.23804863352307742,0.0553483637425993,-0.11309508050048615,0.2353754787348163,-0.007596762634262577,-0.06945637635974382,-0.10373264800266585,-0.22034172193895019,-0.18339138254506612,0.02639375168327498,0.20702342205809182,-0.08454764980576719,-0.22633806095851955,-0.28244144485477046,-0.2929341251763159,-0.25790192041704135,-0.33141824190772684,0.5028881575043251,0.2517595073653266,0.29346090465474034,0.2641630186198743,-0.18125048501143487,0.22047136264247924,0.3668293261878786,0.30432698672095754,0.22632527948070683,0.24081673643223306,0.18314031780231618,0.1933819333811117,-0.17724531764254772,0.12635586373118726,-0.19259222064482556,-0.290368699986762
