,#10,#11,#12,#13,#17,#18,#26,#49,#50,#51,#52,#53,#54,#58,#101,#102,#201,#202,#301,#302,#401,#402,#501,#502,#601,#602,#701,#702,#801,#802,#901,#902,#1001,#1002,#1101,#1102,#1201,#1202,#1301,#1302,#1401,#1402,#1501,#1502,#1601,#1602,#1701,#1702,#1801,#1802,#1901,#1902,#2001,#2002,#2101,#2102,#2201,#2202,#2301,#2302,#2401,#2402,#2501,#2502,#2601,#2602,#2701,#2702,#2801,#2802,#2901,#2902,#3001,#3002,#3101,#3102,#3201,#3202,#3301,#3302,#3401,#3402,#3455,#3501,#3502,#3601,#3602,#3701,#3702,#3801,#3802,#3901,#3902,#4001,#4002,#4101,#4102,#4201,#4202,#4301,#4302,#4401,#4402,#4501,#4502,#4601,#4602,#4701,#4702,#4801,#4802
#10,1.0,0.233955821734903,0.357459589988451,0.3670338298328822,0.2421003619897109,0.33098641055019695,-0.030651809720313877,0.5350463556811387,0.08973053905882675,0.23543025649687083,0.31634340179031983,0.2929742955351559,-0.04823547133981841,-0.09323631583031675,-0.14859746105072877,-0.04809670100928026,0.3542505260947564,0.17776753230746759,-0.07737085001392269,-0.06170167117822401,0.05116516864703492,0.09971378619326507,0.1480222945491562,0.027554127276130134,0.13945140071302387,0.017934239296653536,0.14542491566507051,0.006023727900596621,0.09765779419081834,0.10843166702424373,0.062296922859216584,0.002827445484714722,-0.04391350591371589,-0.15301072274692218,0.14248974058164854,0.07432246755558802,-0.016030712065258575,-0.047970712156554844,0.06740038435729709,0.08965750204275404,0.02249083613688963,-0.16833023686817275,0.08198770239241876,-0.0058256149944994,0.04566548133675999,-0.038432990820160044,-0.2048049226948833,-0.03708089306011403,-0.192617783600451,-0.09586747433433607,-0.09000168898099668,0.009334130654092127,-0.012914770367056653,-0.11400986912679682,-0.2151570067604888,-0.04343146160763602,-0.19070603970474787,-0.04273760995494529,0.004774794925753308,0.016244345337271246,0.025807629629291496,-0.04663687365052701,-0.05692322440166707,0.07481272852597608,0.18318140112385708,0.0539980919079551,-0.15983055412271133,-0.17579370694810265,-0.004751970858230587,-0.08024029178287921,0.2467692532421588,0.23800937612693834,-0.02111591430932089,-0.12375574595899884,-0.054607038029461305,-0.06802211195661602,-0.09984160097139232,-0.13041946071293256,-0.09690277403716671,0.012475635307919494,0.17335427061127417,0.2335833329529322,,0.16987862160891418,0.16140358885637726,0.035332569487873576,-0.016781167405405653,0.14574901742389315,-0.09565931883852885,0.10868455769239548,0.11571802234019729,0.07223726074671219,0.1653859321577417,-0.13035098851036442,-0.11384827472873596,0.1987921503466976,0.13770581602888615,0.03640621362414238,0.08203791534096874,0.17754842125924947,0.19654261025165817,0.1310594475662697,-0.0017985365207904432,0.15820182866428992,0.12991185345122724,0.1148114503781948,0.07417730648614351,-0.11788083097865036,0.12170431877005665,-0.04374552077674867,-0.09893868086019346
#11,0.233955821734903,1.0,0.3911762154957159,0.27328260303925284,0.1933381111714681,0.30041402858486216,0.1860901002889527,0.376871915897876,0.40864301788950413,0.4643383074584488,0.3334797116863791,0.26899533019578487,0.2784143663810615,0.01047898588103183,-0.17967197250156344,-0.028543778843915332,0.220323462684932,0.08295909470618577,0.013776607156714613,0.32693194319546076,0.0566584652184035,-0.1130996453139907,0.1374127550018944,0.04583255351102631,0.08758872856249458,-0.0464195885277107,0.01845736692427431,0.12296146840920814,-0.09134739600213633,-0.005855742763629392,0.023837456120730186,0.09160302555839081,-0.06927013196875842,0.003667371169550868,-0.0513276760077967,0.06449716296840692,-0.10977280923187883,-0.030145115421309463,-0.2755430986867032,-0.17782687488302665,-0.12376304966060611,-0.22451487444480456,0.018379765094697055,-0.2605677715036952,-0.34120337613606794,-0.08971593165561222,-0.08645391592526487,0.019334724079847716,-0.08143718588377072,-0.04128782518590203,-0.08117973040211442,-0.09566114476393067,-0.1004998470787476,-0.2008965293722925,-0.387459544340316,-0.3151319002862138,-0.2712183943724979,-0.16406396216682567,-0.22008061460649025,-0.04238064153888993,0.2284798714548517,0.1566214902290167,0.06575887742106296,-0.13952078587829295,0.2233225451574176,0.22064756444375466,0.008145453217508798,-0.052065349870131054,0.16112513523260008,0.20198660683717767,0.5198656118904262,0.44809487508387846,-0.09207137542395706,0.19330707043963719,0.030874572619335638,0.19262143545125465,-0.058313666595151255,5.5690724755440114e-05,0.05333528098709527,-0.07729142225894362,-0.029441221178908735,0.04219713603600725,,0.35269666357780954,0.2842372424874582,0.18208310699466373,0.16047054097604843,-0.08071138053654818,-0.2169911488266147,-0.043077232079683385,-0.04129238999940658,0.06525400904746037,0.1418990537141605,-0.06555802562686301,-0.0846416849639608,0.033722103283470355,-0.03195917230801536,-0.10084768586779387,-0.09979595283634687,0.005926040891599374,-0.023758941328452025,0.04918403958606271,0.09124240529153181,-0.03090561335116654,-0.0612470157531714,-0.052503571966567304,-0.019807638758918503,0.22129941981220358,0.1764190863982252,0.07077286857445439,-0.07240981069718397
#12,0.357459589988451,0.3911762154957159,1.0,0.34265772571861575,0.31366111737504965,0.38278426234896173,0.19572642159704565,0.32449889759753864,0.09522292266749442,0.5231887961217344,0.5231933609352389,0.4181679577480862,0.23962897195835065,0.15323165972054212,-0.32611027676464277,-0.1015214523410646,0.18635577243491716,0.5573199066952119,-0.25536571003391656,-0.04991988752299525,-0.10688876005970777,0.01047989884373274,0.2578690537598086,0.11340548781879517,-0.08352421861804836,-0.04251302113052171,0.18729247216604966,0.28129019888892437,0.22036180711837017,0.25199413877946014,0.23179210013374904,0.03906202212108624,0.08700443243391291,0.06273879680645647,0.04925616363943451,-0.09436747661674283,-0.06377592243468894,-0.17785700265215665,-0.13599857577818658,-0.16467382125103278,0.09492529682699813,-0.2697311781327174,0.14963367371626032,-0.054679162082833105,0.0238182839040111,-0.11044018496624321,0.03236361478451798,0.23246221475621615,-0.07879324590193867,0.13186741955657402,0.1983612319518686,0.13834945473302687,0.24605531641004807,0.028894356521064334,-0.21353649796637558,-0.16994161603527688,-0.21855687985867336,-0.3170390793684124,-0.12695020244947894,-0.0007486294147452606,0.04690528468459421,-0.02366764505836114,0.002005779053896753,0.22109491616719998,0.3119310530568274,0.13592371283671206,0.12134004665239402,0.1408774484518435,-0.13208926949289487,0.1629337143431005,0.3216897113668421,0.330545449565658,0.004053554392035313,0.22209278439929336,-0.1373305883588126,-0.021538616039841692,-0.16425659729671743,-0.0884980394125998,0.09377131197304935,0.20273706217732473,0.04277321550028074,0.2734770640945464,,0.10782272090273752,0.07546275796902317,0.08029963435843829,0.00734752381691446,0.021928451113129774,0.10264713535128522,0.005015817078793246,0.01090077464885172,-0.09842011804607723,0.09559632441216614,-0.15449063528509543,-0.15073835858436005,0.19997991482058,0.06480574436131412,0.24249384891380263,0.20964179908429842,0.3157782778784573,0.2107026617427545,0.3182861864178539,0.23587943414571796,0.22761986059059558,0.21209401689893959,0.24047711430749497,0.16101923155929465,-0.07615752258441481,0.1306997402621116,-0.05619741905444453,-0.1094395778460471
#13,0.3670338298328822,0.27328260303925284,0.34265772571861575,1.0,0.15050007531942283,0.3679376629067819,0.10099284693723838,0.384955287651723,-0.012586103794729466,0.3944227108601478,0.24796158252954575,0.10820799116252106,0.13190941584081584,-0.03441960678696472,0.11922653799979002,0.1481491963645825,0.3264079026051391,0.1868944204284534,0.10796057827057476,-0.036557765432493255,-0.12212519457517564,0.15794985095883907,0.1212031022472577,0.2246025188640918,0.15749702145918829,0.162157696047328,-0.05475402502430763,-0.004874307860152373,0.25214660355051194,0.2315109076218691,0.18635668539761807,0.18731073142006782,-0.1083668466724792,0.04460279275290208,0.21597593430320405,-0.048198952831782056,0.04909548220407455,0.04710248462799052,-0.0507607261705323,-0.07689337052134736,0.12363523488247888,0.013214222132954758,0.004546554250526095,0.05388944934654695,0.025163990925150752,0.004366700598447051,-0.23212167966877714,-0.04366152820826505,-0.4091122807177713,-0.24311101169961702,-0.32163219471668486,-0.15896506548224973,-0.14781870386685353,0.04052276244254041,-0.15071827340494004,-0.13140637339261504,-0.31994047483190075,-0.2605066030027343,-0.1089137113303236,-0.30608443992020706,-0.12913766108085653,-0.18249759206087635,0.15244468587235868,0.0765281854409838,0.2307266726617884,0.18145498865643844,-0.03146982430032821,0.13611269611580018,0.13673624964052095,0.02669685529997672,0.23644273213217873,0.2138679034268055,0.07862069595146691,-0.0886121597502134,-0.10552296785914811,-0.15966348194844499,-0.2427184377382262,-0.2941264544637029,0.13478068353517417,0.18782929423418407,0.15950280051308505,0.17725992504576227,,0.1184203919348875,0.10662582680184601,-0.09041160923370475,-0.17673314556733785,0.006041987154614798,0.08929962066399777,0.008779962294640453,0.03509428622293636,-0.03571053604604984,-0.05692322440166707,-0.14670488937174472,-0.2515440481679121,0.10927615752258442,0.13704665695882995,-0.055151163799202985,-0.06865662103374767,0.006408085197679249,-0.06742777323832434,0.03119776141545737,0.16922402735236253,0.10737628214199309,0.069484678203472,-0.07430877311507439,-0.07793414800038344,-0.12041795432447608,0.061271665746095945,-0.06556167747766665,-0.10571469002633897
#17,0.2421003619897109,0.1933381111714681,0.31366111737504965,0.15050007531942283,1.0,0.3536872281082956,0.11491917997690204,0.22788188088575642,-0.02625680727813865,0.20249056224807935,0.32542646770166206,0.6037139322672972,0.27550566721596587,0.15952562458060776,-0.18473800252890668,-0.09393929711001657,0.10953635189234344,0.17180771179593457,-0.17365828719067683,-0.08999164639128668,-0.30461730885984656,-0.13050071439331346,0.04797253808195666,0.1726868948769098,0.10436350522899387,0.20904654740330583,-0.07418917500125533,0.22880488617637526,0.31593074264950904,0.35522830914742975,0.03588947673542797,0.3968584953461726,-0.16957916984301608,0.28442257391574266,0.2567388059360835,0.20908854368754765,0.2114239022764725,0.12219914455394924,-0.10426673118269753,0.07959117530253301,0.0848589700867771,0.007412344168678989,0.06300446895242096,-0.23512167510396362,0.053202901395463485,0.005126285565603217,0.24317491908868064,0.25149931299556755,-0.21240807606805223,-0.09079140171728284,-0.0996124473334642,-0.2668361734081354,-0.08921380217011234,-0.1551799221242816,-0.25716972433091245,-0.19742544518343702,-0.3266306655041608,-0.2629049560180219,0.16842062017556272,-0.14503599355448332,0.18284816973802534,0.08103639525807173,0.24882889709540917,0.05564142476959104,0.05651147822355718,0.2591590700561929,0.12875695563457754,0.23316519603591596,-0.03954315346446521,0.11448095788046579,0.09895694011421163,0.11122259400092209,-0.255792063615241,0.16848544052732725,-0.28903668740613603,-0.3056252196816499,-0.16390601961956844,-0.32925178141847017,0.17340630948522598,0.27461370265717794,0.10921407605892261,0.22625680727813866,,0.25432310662947866,0.29890855309106346,0.2725029328926767,0.12362975710627343,0.027870012370644598,0.06158572491520859,0.2788361551488814,-0.054112212245568704,0.06835443037974684,0.08283127992805854,0.07524455988350597,-0.0011612885555560629,-0.1384644880333414,0.14817019450670343,-0.0025672511149556986,0.0539770937658342,-0.0010371256282324585,-0.023353585889248494,-0.06412558714913702,0.19711595082782893,-0.11126550324786481,-0.04564539615733999,-0.137246595790329,-0.17251434492643802,-0.03831978344524734,0.03468071411942465,0.14643465241227568,0.05965298287738455
#18,0.33098641055019695,0.30041402858486216,0.38278426234896173,0.3679376629067819,0.3536872281082956,1.0,0.26445699260956695,0.41699023586391376,0.04712439573281234,0.4117306577439779,0.2318404871568972,0.3389611397426358,0.4802704195520092,0.20230340489439305,-0.04208758051189818,0.1460932043621358,0.402003040165794,0.31098887554948945,-0.08456590905978537,-0.08301478543094122,-0.10474238474987105,0.05250083307846458,0.10513861056206548,0.17079249727252394,0.1460557728913985,0.09586290952083153,-0.07538059132594138,0.049841372730717086,0.47219891631327404,0.5361610831389484,0.12452902536666864,0.3354142796496049,-0.07781272396116257,0.11951503421327722,0.41707696732050015,0.14492917691847698,0.1322974249887021,0.07323239009070284,-0.1704702214391031,-0.028908963924278875,0.1821616217869419,-0.09201294581109888,0.15772800102251822,-0.12171618728516846,-0.05785718524469683,-0.1002843878813331,0.048687387876768295,0.06429631117420698,-0.2427166118128244,-0.2010636015465588,-0.12437108281941141,-0.21893575937955054,-0.07122569807410518,0.01530855856883967,-0.1502490105766729,-0.2494506246947281,-0.40558094099065584,-0.4319281315761845,-0.19101644702305687,-0.2298064062592723,-0.1134000100425897,-0.2323992203298534,0.27776798878881803,0.20548142805625677,0.14837561111440792,0.050079655995654296,0.23609306741773065,0.2596849365719164,0.06287391528619098,0.1604267187664048,0.32422135693646237,0.1717282840409555,0.027431790274208348,0.15979129672657225,-0.14303843116489476,-0.23477109742681462,-0.16420729731086836,-0.2414494195839629,0.24725221051093957,0.3940712202202979,0.24233864525464813,0.3588774210629625,,0.23081614300647746,0.1909059785362469,-0.0004884350449862371,-0.13943040257090297,0.06871413768390493,0.04259244888550078,0.1622426015785125,0.001612292129805037,-0.09739394797025568,-0.07163379240141143,-0.1717985821689255,-0.2438532503754559,0.03226592777552073,0.1298022979271182,0.04958300428635988,-0.017705085658725413,0.025821324069805127,-0.07154523501942328,0.13941214331688478,0.36779432776273924,-0.0027206288487083862,-0.10488389396851192,-0.08354612972287018,-0.11430384311648947,-0.2303131005582767,0.09700137400886487,-0.11770554214007586,-0.17023285113686681
#26,-0.030651809720313877,0.1860901002889527,0.19572642159704565,0.10099284693723838,0.11491917997690204,0.26445699260956695,1.0,0.044408331697608494,-0.08788726736569177,0.2438934207342959,0.28964654649034316,0.1175329921896041,0.31083458485303583,0.31121711622471665,-0.09157563667736354,0.11512003177110199,0.01882985570624512,0.2048870893379651,-0.1028306408541679,0.12721313570734066,0.018748602025864234,0.022793026790890458,-0.10263161498536977,-0.0029680417406546854,-0.24156536584697832,-0.11037536461447868,-0.18077665736966317,-0.06827043781126323,-0.037156668964289465,0.04406049290856222,0.010688967302240867,-0.033600679244249476,0.1189051751290701,-0.023370019217864853,0.008494204969255981,-0.02044853857495652,-0.03298260349573418,-0.2091478862631067,-0.15227761369809237,-0.06617610137537831,-0.05488640461593942,-0.08716054905576832,0.05603856354448639,0.047621960404807664,-0.16248271076885154,0.014676788379810743,-0.09504306901541537,-0.013782997895620975,-0.2795363975404785,-0.10738906361980581,-0.17762602308882672,-0.14471189179566069,0.03174919088680632,0.0010754700616706304,0.004124765482706204,-0.17951768180510985,-0.019430585163443148,-0.08052239725746005,-0.22409034678888193,-0.16745287971259934,0.09836899213482633,-0.0011019459799969872,0.09992924539067956,0.23035966165602303,0.09092652019701736,0.09902358639137798,0.33709047916847357,0.35566196643036146,0.11137231988387114,0.21982407208753488,0.2639712964526834,0.22393788201783016,0.20686821839893732,0.02167647340767893,0.18974195109258812,0.08139975441303346,0.1229359054535827,0.24286451177037163,0.10537963271510542,0.16804174065468555,0.0837451555916683,0.07168674423806415,,-0.005999077907672082,0.1099864425038915,0.10640215094012334,0.10683946007385868,-0.12752171710024787,-0.0788681088434132,-0.13118634938169602,0.02957999150944688,-0.13034277184605622,-0.011745265147192412,-0.09499285606686539,-0.043092752445598834,-0.13249918974560293,-0.03496647144480912,-0.0578434908041832,-0.31090853483180947,-0.06653398275413458,-0.14866775917869876,0.0970871925027503,0.05627775977212451,0.1374346661067162,0.15055485308147737,-0.10481176991514012,0.08617546230148768,0.1711494656885793,-0.022698078669995937,0.043172180200577906,-0.028389488147461735
#49,0.5350463556811387,0.376871915897876,0.32449889759753864,0.384955287651723,0.22788188088575642,0.41699023586391376,0.044408331697608494,1.0,0.3565192384065149,0.30051810633276577,0.4062684019044402,0.35387529842468285,0.2033715712544564,-0.09394933969972656,0.026598255328278562,0.04431520950211579,0.26254159686306017,0.06267488941739285,0.10421834415954936,-0.0006609849954580106,0.021669169706071658,0.025697161142481523,0.14021189864288094,-0.01024800631770189,0.18616131137962358,-0.04639493853478616,-0.2579147018948541,-0.24273030625333802,0.11102174220672215,0.12452080870236046,-0.08517668110669338,0.04640406816179525,-0.20115763670475242,-0.1492620978969904,0.07508022659734237,0.2734651955794346,0.0791666476466104,0.06053034003295795,0.023097043370293106,0.004051728466633496,-0.02121360131831814,-0.13718086247586356,0.031043470719003777,0.036074808163712474,0.04090620677692213,0.06961249298159923,-0.2456773498518718,-0.16956364947710062,-0.2677847416543797,-0.24350449862370874,-0.3442471937808981,-0.21875407980206968,-0.10970981480551611,-0.05568798586733739,-0.08091314529344903,-0.11657072950284617,-0.2933604787576404,-0.2638526113015653,-0.23824400754107192,-0.202524341868013,0.054730287994084005,0.019820420236731227,0.07828472567753245,-0.08667485289888481,-0.04570382577019816,-0.07197158860074772,0.03746251146909393,-0.05450113435615588,0.29206954949855524,0.09691920736578308,0.41216157613880683,0.3293412517631592,0.044684959395983874,-0.07442654530349163,0.0036016378550854304,-0.0665467642319473,-0.1034587591923932,-0.22764177169541738,-0.01179365217034058,-0.06810610452509963,0.064546462954256,0.11025941835146325,,0.3026462223885843,0.26152820826505135,0.011319824528568886,-0.010812217266863561,-0.09223023093391519,-0.17578549028379445,0.05328506803854528,0.10572108076524533,0.08359177785791562,0.0306956319299575,-0.12080322458425961,-0.10443197743156203,0.14745534471189178,0.028120164150693624,-0.14589143960523493,-0.06535899975806489,-0.13760082531828163,-0.14600829883095126,0.03997315889659328,-0.08564594393496054,0.11044292385434593,-0.07130147397828061,-0.024471052235160932,-0.1528792561179913,-0.10458170331451108,0.15144133986405986,0.008063286574427002,-0.15090269187052363
#50,0.08973053905882675,0.40864301788950413,0.09522292266749442,-0.012586103794729466,-0.02625680727813865,0.04712439573281234,-0.08788726736569177,0.3565192384065149,1.0,0.16604326530239608,0.10837688926218919,0.11503969105342202,0.030485650508748467,-0.17490448127741742,0.017793643040713573,-0.00807241620143609,0.01631373050254032,-0.24375099855295412,0.10292467601236152,0.33956369512523565,0.26686995302806904,-0.12868483158120575,-0.07865264964599872,-0.12939968137601737,0.00223128084102124,-0.18065432036774137,-0.1812632664892476,-0.2581913295932295,-0.21003437304568923,-0.14177945560034144,-0.22656356274564401,-0.09799832927825734,-0.09970739545435871,-0.20712293499249088,-0.18132260906480666,0.0018277513272195265,0.013408683188248343,0.041945158330556405,-0.13585341470874207,-0.12245386114750281,-0.2570227373360661,-0.10031177676236037,-0.01250393715164767,-0.13995900797472918,-0.1420624740376232,0.06691468820041357,-0.16122647409240096,-0.200400790625699,-0.052892494077154475,-0.07230938480008399,-0.15444498715004998,-0.15388625397709377,-0.26602820141783107,-0.1251233640849603,-0.14396052349281271,-0.11308868976157979,-0.10910360757211264,-0.016748300748172934,-0.20120876261600332,-0.028069951202143638,0.28826614688656893,0.29038695924078023,-0.06283100603924827,-0.38995010658839535,0.050988966845759515,0.02983562106570136,-0.1533941670813039,-0.26099229915961786,0.26527135533877766,0.3687693719273099,0.3476744557601099,0.3476991057530345,-0.00861562900847686,0.2866438121670539,0.0966224944879877,0.3150679928971502,0.05948043292691277,0.0529363162867981,-0.33109779199970785,-0.35532964800723066,0.008856651161516797,-0.17585761433716626,,0.32151898734177214,0.3092469427161553,0.13074995321066157,0.22068682183989374,-0.23417310685771933,-0.28417059621029184,-0.07728411855733634,0.06808875823378235,0.08858933568269069,0.05758968717333053,-0.04320139500700699,-0.010054458225109213,0.013012457376053901,-0.1229779017378245,-0.25938365888061643,-0.06284378751706099,-0.10482363843025193,-0.0823620170997914,-0.19747018035578157,-0.17422432406524033,-0.0908790461365701,-0.15706062528815384,-0.06875339508004401,-0.09005281489224758,0.2679189471714133,0.12804301880246682,0.11919823615606184,-0.06517184240437857
#51,0.23543025649687083,0.4643383074584488,0.5231887961217344,0.3944227108601478,0.20249056224807935,0.4117306577439779,0.2438934207342959,0.30051810633276577,0.16604326530239608,1.0,0.49655219636001774,0.26505407021596133,0.42786818644524277,0.1141102950238968,-0.1333181172883182,0.02115060689195543,0.3923612410814956,0.2194360629396486,-0.1296069239091237,-0.019742818407153976,-0.046616788471107014,0.02767098650184647,0.21631007865173668,0.07018035578156455,0.0945299839775046,0.011056891270707135,0.058181287003519475,0.08677436583328388,0.07157536278855327,0.16216226086083252,0.1650682211378254,0.11012612579713056,-0.0948193931536927,0.05585231915350098,0.1531558838163667,-0.09001264453340758,0.03732739298935942,-0.05955894771919093,-0.09896698270392164,0.019378546289491344,0.02203618071183702,-0.13621129608749835,0.19420907758813513,-0.032090638936946234,-0.019805812833516685,-0.11827249197734027,0.017192000620814638,0.11309051568698161,-0.16344679938101128,-0.11159143093208927,-0.00717223497833996,-0.016221521269748525,0.08639183446160308,0.025208726097495287,-0.17391574267233312,-0.17056973437350217,-0.2948823875800554,-0.30485741805018557,-0.28160334509533613,-0.189091921649541,0.13396358191786076,-0.03584474156308344,0.03965727380207881,0.07591284858057123,0.162097440509068,0.1440436030985954,-0.043254346843659704,0.1530043320080158,-0.044154528066755835,0.1299063756750218,0.25803795185947676,0.3290354092583547,-0.04250297854081171,0.09789425153035372,-0.1086562558486673,-0.10264713535128522,-0.07924059762538402,-0.11153939205813747,0.13791123263659064,0.09801841445767732,0.07357018629003913,0.1923612410814956,,0.1224209944902701,0.028857838013027978,0.15464492598154903,0.02543787973542341,-0.06920165976619025,-0.002939739896926511,-0.034865132585008236,-0.05479419538314762,-0.1546504037577545,-0.19799239502070143,-0.004014296995896232,-0.083157207612283,0.10682485267064414,0.034870610361213694,0.044337120606937605,0.04205288792926365,0.09452541916400005,0.07685046127440463,0.13723472727521718,0.30147854309412186,0.142705199779063,0.043432374570336926,0.05444726955680226,-0.017951585587970803,-0.05978627543171724,0.07240615884638033,0.039698357123619715,-0.045690131329684525
#52,0.31634340179031983,0.3334797116863791,0.5231933609352389,0.24796158252954575,0.32542646770166206,0.2318404871568972,0.28964654649034316,0.4062684019044402,0.10837688926218919,0.49655219636001774,1.0,0.28798951918819354,0.20155386251694687,0.0922512290760361,-0.07841619230646332,0.08227345971780323,0.1872139573737715,0.24416822250726947,-0.09129535712818453,0.05150935558527756,0.02992326548498861,0.15458558340598993,0.09624635385521324,0.15868661185847252,0.039202618377026203,0.06409089456650248,-0.0035313397271154487,0.03843390378286095,-0.07026617427544998,-0.02496861690715626,0.0464606718492516,-0.0032172805580028027,-0.038964335112088994,0.081053741549389,0.009019158522278572,0.024373365226163686,0.08431667024243725,-0.06766970835406519,0.0028301843728174487,0.0752189969278805,-0.14977426997220028,-0.19817316163548138,0.047792684429877615,0.08119433780532896,0.07429416571185984,0.113697635883086,-0.1530006801572122,0.027209027375186587,-0.18869204398654293,-0.0321600241022153,-0.08644022148475124,0.004293663582374342,0.12669457289322444,0.12083243939068869,-0.07313652900710742,0.025714507433798793,-0.23156112057041908,-0.10597305847069619,-0.27163561832681327,-0.09545207630542255,0.06530148310790762,0.0005340831800316798,-0.09823022180428818,0.1385475676391241,0.21964787028625946,0.06953215226391926,0.07798436094893343,0.1457544952000986,0.03939890535772161,0.01563631217846595,0.2682457878183387,0.24163931582575193,0.08603851789635135,0.1455070823081523,0.005412042890987689,0.004449780204229756,-0.05249992011576367,-0.1132539360104443,0.02700817558098664,0.07258692546116029,-0.09402602856660291,0.07284072909201295,,0.11346574335705514,0.08181058762844244,0.07543719501339773,-0.11488722628237023,-0.17442700178484208,-0.10170039303044275,-0.1497833995992094,-0.08961641872121315,-0.26209789699041847,0.041363601090077466,-0.18436642670963677,-0.16115708892713188,0.12407254401621422,0.08500413115622162,0.05640831343835448,-0.06324001332925544,0.1770399010348432,0.11150835132630657,0.0948294357434027,0.06567488485257934,0.1398156728306865,0.027649075397024655,0.16405118068901295,-0.012610753787654005,-0.05524063414389205,0.17708554916988867,0.009919339745374702,-0.17131288601204198
#53,0.2929742955351559,0.26899533019578487,0.4181679577480862,0.10820799116252106,0.6037139322672972,0.3389611397426358,0.1175329921896041,0.35387529842468285,0.11503969105342202,0.26505407021596133,0.28798951918819354,1.0,0.35623713293193404,0.21040686182766002,-0.1135223470445115,-0.06836538593215774,0.1479309982790653,0.20862384567278505,-0.06598803105899108,0.016540145252365714,-0.2051545874093314,-0.13963308029050472,0.08874271341644337,0.05692322440166707,0.10287263713840972,0.06446155742307148,-0.20874618267470682,-0.05423272332208868,0.3248832548946213,0.30209479291723534,-0.047699562234384915,0.29021440929030845,-0.19483993481446316,0.10885802060556816,0.23502307513226547,0.1264836785093145,0.2508958446502668,0.08937722249357502,-0.045268342561864634,-0.014650312461484386,0.04682494396691423,-0.004192324722573459,-0.0006975035034943647,-0.16828458873312732,-0.10059114334883848,-0.08507077743338796,0.12871861120113937,0.0013055366622996617,-0.20702798687159635,-0.2698662966124519,-0.2436962207908996,-0.34263764053919576,-0.14134214646660612,-0.17121611196574563,-0.16732962974797663,-0.11107743293147758,-0.3368184162836027,-0.3542377446169437,-0.027014566319893,-0.26616879767377105,0.22646952758745043,0.0709600259281407,0.25940283109733553,0.12590942497044283,0.00319536945318099,0.15333025969224026,0.2608097066194361,0.10288450565352153,0.13787197524045156,0.10809295786220655,0.24041046803032862,0.18026174640635056,-0.24380395038960684,0.12694928948677803,-0.20094309047003886,-0.20721970903878723,-0.10809295786220655,-0.2508109391190823,0.17535092003816183,0.20047291467907077,0.1324015027366057,0.06309850411061456,,0.27233494775570943,0.4143408181058763,0.32242555930377464,0.19703104529664442,0.1230911091127372,0.06618066618888285,0.23245673698001068,-0.1556227090342224,0.1670164835415649,0.13881871756129405,0.12976304053097912,0.01404227930267909,0.045618007276312725,0.12977582200879184,0.017665828262586333,-0.007644236694709838,-0.018645437240661533,-0.17666923817827423,0.07140829061428695,0.1938630647244907,0.027124121844002064,-0.1343324188490279,-0.0938078304810857,-0.23617614702351336,-0.05016456152683882,-0.014597360624831673,0.21066979508552178,0.07011462246709911
#54,-0.04823547133981841,0.2784143663810615,0.23962897195835065,0.13190941584081584,0.27550566721596587,0.4802704195520092,0.31083458485303583,0.2033715712544564,0.030485650508748467,0.42786818644524277,0.20155386251694687,0.35623713293193404,1.0,0.35295594498486765,-0.12026183770262065,0.01752249311854364,0.12047455801193242,0.13107861978298876,-0.13486102425285415,-0.059296014461329184,-0.1838405601939133,-0.2404725494939904,-0.08750199710590824,-0.05677988925762438,0.003241017588226433,-0.05281032743407268,-0.13405761707605435,-0.02553282785631793,0.2167848192562093,0.3750158627269283,0.09225305500143792,0.22099175138199728,-0.09211976244710522,0.06950750227099473,0.3734729557623923,0.11506525400904746,0.08562494579283964,-0.029107076830376093,-0.26040435118023253,-0.21782194488444176,0.2728133402109857,-0.0034007860608854827,0.2507169039608887,-0.19475594224597953,-0.14798029826491438,-0.21612931203695673,0.1926899076538228,0.09158111445356899,-0.09761488494387562,-0.2350258140203682,-0.11342100818471061,-0.24482920750272746,-0.17026936964490316,-0.2811751655886099,-0.2397987830207197,-0.3110263070202267,-0.29165871628314627,-0.42116977910867454,-0.004919043032496908,-0.22890622503617614,0.17600003651850804,0.016571185984196615,0.34248243688004126,0.19048053791762337,-0.06615236434515467,0.10302692783486331,0.44924155623622,0.4629999041389164,-0.016068143535995838,0.20736669603363356,0.08735409714836101,0.13959290993166473,-0.09686534256642945,0.12405611068759786,-0.15025540131557924,-0.1724796523438035,-0.035259532471800865,-0.12386256259500518,0.31129289212889205,0.2685196766286113,0.3358990628437875,0.22261408610151232,,0.3258519083202856,0.1978974468998069,0.29146516819055357,0.0721660496560413,0.12325270351079806,0.03223671296909165,0.26555346081335846,-0.09328652877886674,0.10982941291933518,-0.16089506863197103,0.09873874202869441,-0.06140952311393318,-0.19038193794592523,-0.07914199765368586,0.12701684872664526,0.05347770316843705,-0.05547435259532472,-0.11013799431224237,0.15723317523862562,0.20017985365207905,0.0057434483514176024,-0.033062031250713254,-0.05616911721071636,-0.10903330944414266,-0.07932732908197036,0.08374698151707012,0.17346930391158868,0.0947144024430882
#58,-0.09323631583031675,0.01047898588103183,0.15323165972054212,-0.03441960678696472,0.15952562458060776,0.20230340489439305,0.31121711622471665,-0.09394933969972656,-0.17490448127741742,0.1141102950238968,0.0922512290760361,0.21040686182766002,0.35295594498486765,1.0,-0.07352179926689095,0.0507086872965805,0.09975578247750688,0.1760182957725262,-0.21870843166702425,-0.13595201468044024,-0.16999091602112595,-0.0553072804210584,0.053308805068768915,0.05417703259733324,-0.08337997051130476,-0.07275764948623024,-0.0014132662610069067,-0.027042868163621177,0.227335016227912,0.2362528358903897,0.07955648271989847,0.07834406825309152,0.15393646692564375,0.07834498121579243,0.07598953744744759,-0.004262622850543441,0.02868163621175257,-0.19531011060543121,-0.170501262170934,-0.13947239885514479,0.06959605965298288,0.008919645587879508,-0.1323805045944848,-0.23715210415078491,-0.08171655247024882,-0.21734537835456733,0.17420423888582032,0.004489950563069746,-0.006004555683877535,0.03413202353617843,-0.023289678500184874,-0.0189202390136351,0.06238000246499929,-0.21622243423244944,-0.07702575011297913,-0.19914546691194931,-0.06266484682768285,-0.20922183624188034,0.004170413617751647,-0.054933878676386674,0.13501531494930774,-0.020695038504201912,0.06216636919298662,0.26081883624644514,0.04815056580863389,-0.015178004902609704,0.30336198514609686,0.43685356534758774,-0.151159234389479,0.15386616879767376,-0.08626128079537311,-0.09220558094099066,-0.17968292805397434,0.03624370626338061,-0.18727056106122783,-0.1366705163260555,-0.06762406021901975,-0.10060027297584757,0.31550895388168915,0.29291038814609227,0.23167250201992998,0.06764688428654247,,0.01419291814832905,-0.03088735409714836,0.11785618098572583,0.1654197117776753,0.18976751404821357,-0.02621754988199957,0.040886121597502136,-0.02614725175402959,-0.015574230714804146,0.10542071603664632,-0.014391031054426271,0.0657114033606157,-0.04218070270739089,-0.04378569113558865,0.14516563425801238,-0.02256661204106506,-0.05372694198578517,-0.06284926529326644,0.15745137332414283,0.22532832421131435,0.1615195351193927,0.1824282068956073,0.0903851333153784,0.0747013470764652,-0.09415019149392652,0.13596570912095388,0.10563617523406081,0.17323558546015602
#101,-0.14859746105072877,-0.17967197250156344,-0.32611027676464277,0.11922653799979002,-0.18473800252890668,-0.04208758051189818,-0.09157563667736354,0.026598255328278562,0.017793643040713573,-0.1333181172883182,-0.07841619230646332,-0.1135223470445115,-0.12026183770262065,-0.07352179926689095,1.0,0.5810678924712531,-0.056316104205562684,-0.346722235663062,0.7245363290682759,0.13944957478762204,0.31907772507954185,0.34025389492712277,0.09251233640849603,0.16789749254794195,0.269734829983521,0.23873518147416087,-0.3013151227706592,-0.440246134744165,0.1851935709166602,-0.019898935029009388,-0.24791136958099577,0.06883647468582671,-0.2967576129677222,-0.11095235704145306,0.020148173846357507,0.10430051080263116,0.4068545239584237,0.41740198204202367,0.42609429991737685,0.16996809195360324,-0.07401753801348446,0.3993481446315511,-0.14057069298433814,0.19806999685027868,-0.02939739896926511,0.2570254762241689,-0.1917732931021103,-0.32063067463378786,-0.3453418360592878,-0.3877672127705223,-0.4007723664449689,-0.25805712407619585,-0.31002935175083424,0.23740499481893668,0.33811847516969695,0.28597461050728773,-0.15773804361222823,0.004130243258911657,-0.3145156504631003,-0.40483139861320966,-0.39271729653485005,-0.37359529276431414,0.20945372876791118,-0.16369147338485487,-0.15088625854190726,-0.05153217965280028,-0.09743411832909567,0.07069161489407351,0.49861549206407174,-0.07954187531668394,-0.09347368613255305,-0.18901431981996375,-0.022007878868108843,-0.07958569752632756,-0.07560426718766405,-0.2681955748697887,-0.3018172522561591,-0.32049738207945516,0.09449711732027188,0.11873536406670106,-0.022341110253940574,-0.2810108323024463,,0.009024636298484025,-0.1193890453605518,-0.44268374515559167,-0.45288792926364996,-0.19355357036888257,-0.07155892945993692,-0.2748273359291906,-0.16796870363861285,-0.294526332126701,-0.24072544016214217,-0.29092560723431643,-0.18772612944898137,-0.054885491653238506,0.19616738258158464,-0.3185043845033711,-0.3771485435962514,-0.3359164091351048,-0.4382558760561837,-0.3334550616934545,-0.1697873253388233,-0.2550498249394021,-0.2588431849616784,-0.3269383339343671,-0.4006098590842071,-0.2970789758384421,-0.2359972063341352,-0.2938078304810857,-0.25909516266712923
#102,-0.04809670100928026,-0.028543778843915332,-0.1015214523410646,0.1481491963645825,-0.09393929711001657,0.1460932043621358,0.11512003177110199,0.04431520950211579,-0.00807241620143609,0.02115060689195543,0.08227345971780323,-0.06836538593215774,0.01752249311854364,0.0507086872965805,0.5810678924712531,1.0,0.07398558431895265,-0.13964312288021472,0.3489471257651769,0.33910995266288396,0.20226323453555306,0.682355626360885,-0.05671141705505622,0.34362455321887825,0.051610694445078445,0.2207050810939119,-0.331095966074306,-0.3294955424596128,0.0707637389474453,0.04359762081920143,-0.05731397243765606,0.032318879612173446,-0.25701269474635613,-0.12136195775721582,0.09946454737591695,0.07346976039293915,0.1087384224917491,0.2216938196989962,0.12917052773808926,0.07862891261577508,-0.06125888426828322,0.1488476128307778,-0.16806365175950735,0.2797947659848357,-0.07572843011498766,0.49895967900231436,-0.1287834315529039,-0.20008490553118452,-0.37034971036258313,-0.24902427111340367,-0.3682946313228373,-0.15275418022796677,-0.26035779008248616,0.1838122583501851,-0.016733693344958393,0.25399078820634785,-0.24544819621394368,0.12104789858810318,-0.33496418903805686,-0.34908954794651864,-0.3474023928752391,-0.4614652138386886,0.3314940178119023,0.18330099923767615,-0.021275682781979943,-0.08551356434332875,0.11435679495314219,0.26359150396910536,0.3096139537219207,0.17474106095395472,-0.15851680079610347,-0.13357100795646995,-0.1597867319130677,-0.03769257806972296,-0.05973332359506452,-0.16128307777985731,-0.2722244792688995,-0.2682594822588523,0.20056512391186257,0.36132507406409914,-0.014589143960523493,-0.08497400338709162,,-0.178264184016762,-0.10222443362076443,-0.3373881050089699,-0.4018943976043859,-0.1628606773270278,-0.10045511190640306,-0.30545175676847724,-0.12790150958382596,-0.5104894849520922,-0.1812048368763894,-0.37228793017661266,-0.2783769349103242,-0.2718647719647414,0.23622909886016608,-0.35972738933750864,-0.4477013881597867,-0.32273505365938276,-0.3709102694609412,-0.20085179419994795,-0.12816170395358498,-0.28524424034656065,-0.28196944313840056,-0.3634404086421049,-0.4057744890832485,-0.20886030301232042,-0.21794793373716717,-0.30984584624795153,-0.297500764606262
#201,0.3542505260947564,0.220323462684932,0.18635577243491716,0.3264079026051391,0.10953635189234344,0.402003040165794,0.01882985570624512,0.26254159686306017,0.01631373050254032,0.3923612410814956,0.1872139573737715,0.1479309982790653,0.12047455801193242,0.09975578247750688,-0.056316104205562684,0.07398558431895265,1.0,0.30964864630455524,-0.19125746917609682,-0.10530750866173362,-0.0268803608028594,0.15091364742293453,0.22374342096253658,0.06726526587756257,0.21798993002140898,-0.01629638421122305,0.12947089246668828,0.036229098860166065,0.18136369238634756,0.20628757412115928,0.18532321162018925,0.17978883172727977,0.12179744096554936,0.10776063943907571,0.09703150177799486,-0.01496528459329794,0.048287510213770216,0.04959943761497624,0.017973496692792617,0.08508355891120069,-0.07526008024942141,-0.0583383165880758,0.06769253242158792,0.0370471134401804,-0.0942314451743074,-0.10709600259281407,-0.10774968388666481,-0.11136410321956297,-0.0629588208173755,-0.0894146539643123,-0.0647829202937914,0.0669795085521781,0.0890649892498642,0.10162644305166912,-0.06786873422286333,0.005181976290358658,-0.3885532736560048,-0.20950394171646117,-0.2399037737313242,-0.09590399284237243,-0.04861069900989195,-0.19029246760123616,-0.04584350906343721,0.06815905636175235,0.1514029954306217,-0.11437596716986127,-0.07458357488804795,-0.08114503781947989,-0.058508127650444844,0.05302396070608535,0.27094359259952433,0.050550744749323265,0.04285264325525981,-0.1199769933399371,-0.10862977993034095,-0.13931171741978482,-0.2393258683416489,-0.2153131233823442,0.2105483710463009,0.1296680924100846,0.11720706450537963,0.09737934056704113,,-0.05486631943651942,0.028762889892133457,-0.07820438495985246,-0.13185646400416312,0.10695814522497683,-0.03939434054421707,-0.05364477534270337,0.22721176626328932,-0.20415032843833164,-0.1341032652110998,-0.1464866912862275,-0.1893703752733182,0.3482687944784016,0.21894762789466235,0.20478027270195875,0.039147840614971674,0.05189279991965928,0.09142956264521813,0.37467076282598477,0.2716009257441787,0.23437304568921838,0.02757969023175558,0.07881241811865776,0.045492018423587306,-0.2191256556213396,0.1735733816594923,-0.1315560992755641,-0.1512076214126272
