,#10,#11,#12,#13,#17,#18,#26,#49,#50,#51,#52,#53,#54,#58,#101,#102,#201,#202,#301,#302,#401,#402,#501,#502,#601,#602,#701,#702,#801,#802,#901,#902,#1001,#1002,#1101,#1102,#1201,#1202,#1301,#1302,#1401,#1402,#1501,#1502,#1601,#1602,#1701,#1702,#1801,#1802,#1901,#1902,#2001,#2002,#2101,#2102,#2201,#2202,#2301,#2302,#2401,#2402,#2501,#2502,#2601,#2602,#2701,#2702,#2801,#2802,#2901,#2902,#3001,#3002,#3101,#3102,#3201,#3202,#3301,#3302,#3401,#3402,#3455,#3501,#3502,#3601,#3602,#3701,#3702,#3801,#3802,#3901,#3902,#4001,#4002,#4101,#4102,#4201,#4202,#4301,#4302,#4401,#4402,#4501,#4502,#4601,#4602,#4701,#4702,#4801,#4802
#10,1.0,0.19724285264325525,0.49749072201655203,0.48669037326480025,0.0877037618628091,0.07250110696727485,0.22022212382513112,0.6230614378249577,0.15329648007230665,0.5216887984041412,0.3974893525725007,0.1379605326224397,-0.02215577882565608,-0.009364258423222119,-0.3293942035998119,-0.19519872915592035,0.43757571884400664,0.20788891069855342,-0.07542806538638865,-0.0021354197574258104,-0.2680275897328215,-0.14512911574997603,-0.2188782427293933,0.12873687045515755,-0.014084275586920896,0.17955967808935167,0.1485299018108615,0.32495903079879673,-0.011464985598013393,0.13419364851848978,0.1416178612022806,0.024366061524556414,0.1548987296124017,0.015960413937288594,0.11626762588614442,0.0037769266936599306,-0.14533909717118507,-0.0715890572290669,-0.19215582447379112,0.03661071726914597,-0.010665230272017236,0.049052572957131835,-0.03105351330871377,-0.07406044726042718,-0.10183733743557907,0.03233074812728526,0.3672428982913903,0.39501704957843947,0.16104296858951828,0.13274660263754925,0.2661432347181456,0.18773343315058863,0.21297502590531664,0.08091040640534632,-0.16480802676806638,-0.011731570706678778,-0.23220567223726074,-0.05516668416511843,-0.13756065495944164,-0.0765172298885729,0.10418912935312027,-0.014069668183706354,-0.025744635202928783,-0.04059853834671585,0.40390017665828265,0.2834612241916856,-0.13700374771188722,-0.012850862977993035,-0.012087626160033232,-0.036281137734117876,0.21556327516239324,0.2364180821392542,0.12031570250197428,0.3944491867784742,0.01608001205110765,0.18725138884450876,0.07234864219622307,0.2027754066107629,-0.17527879598479004,-0.05105196127212223,-0.16481167861887003,0.3725298652923535,-0.13060387917851615,-0.06773087685502609,0.1106976404478995,0.13890088420437582,-0.024598867013288173,0.0679079916190024,0.09946272145051514,0.14297726266393387,-0.08416055362058183,0.07307444754344561,-0.09148890522077721,-0.01922151670493502,-0.21810678924712532,0.22040380340261198,0.3129553972072471,0.41531677523314786,0.5188421807027074,0.329253607343872,0.4525282219594918,0.29476096354083453,0.02693513856491393,0.306105438062328,0.4297269785042932,0.3839455509045178,0.33283972483304197,0.03306568310151689,0.08027772325361647,-0.08605677715036952,-0.20228971045387942
#11,0.19724285264325525,1.0,0.17676327333646785,0.0841578147324791,0.18639137798025263,-0.0206630848096701,0.275164219165826,0.2923781308914624,0.20531161699388772,0.2904508666298438,0.13704391807072722,0.19427298497719875,0.20987460457303017,0.09303089922261226,0.13726394208164625,0.10534128828166725,0.18519904869286566,0.02510830020039531,0.21577873435980774,0.16173316839140536,0.07061949084070171,0.12584003980517375,0.23393117174197847,0.22480337065829176,0.164241076930802,0.15416196871276824,0.15936403018254688,0.14310964225556566,0.062369046912588384,0.008370955004633286,-0.12063797833539511,0.03214815558710349,-0.04096920120328484,0.011305217125354344,0.1065327046063533,0.03927839428120164,0.13969424879146564,-0.09147521078026358,-0.031083641077843765,0.059606421779638194,0.16102197044739738,0.10874846508145909,0.25963198473526367,0.05749565201513692,0.07501358032017602,0.054474658437829525,0.08628593078829765,0.03901180917253626,0.04222452491703452,0.017703259733323595,0.0689998950092894,0.08300291691582941,0.013940940442878207,0.14115407615021888,0.1253488658720848,0.09951476032446695,-0.2038453988962281,-0.04050998096472769,-0.09821652736377455,-0.14544317491908867,-0.18504201910830934,-0.19507456622859673,-0.03499568625123821,-0.056189202390136354,0.16961660131375333,0.09855614948851264,0.06050386411463159,0.00041904987971716414,0.1913816321034204,0.15759470846818555,0.18929825121994642,0.18319874741517436,0.1543016520060073,0.045834379436428124,-0.07954278827938485,0.07109970922137976,-0.09267758265736054,-0.08385927592928191,0.12631386744694545,0.020761684781368257,0.07636750400562385,0.019615916591727647,-0.076476146567032,0.008912341886272237,0.07562435236708405,-0.18503745429480478,-0.241768956529281,0.07050354457768628,0.07911004395915405,0.09389912675117658,0.14889052207772052,-0.07396732506493447,-0.0028913528737783416,-0.07230755887468218,-0.19638284177899912,0.0978805570898401,0.1706044269561367,0.09550137629127162,0.14315072557710654,0.04369622079089959,0.11594169820191996,-0.0031862398261719017,-0.07485472481021788,0.06031031602203892,0.12071010238876691,0.011920553985766911,0.12454637165798592,-0.22923489160850333,-0.12296968507351633,-0.310532394199035,-0.2088164808026768
#12,0.49749072201655203,0.17676327333646785,1.0,0.66341530216783,0.15137651951229533,0.3064505379632715,0.22157513454787806,0.3654900099056453,0.03820383718223192,0.5170116904873852,0.46848772293407953,0.2744183286391835,0.0807752879256118,0.07953000680157213,-0.2174540209159755,-0.09047095180926383,0.6495757005847526,0.6708139518959952,-0.14604573030168852,-0.1026754371950134,-0.24176347875307555,-0.06881091173020126,-0.027290281055567474,0.014865771658898876,0.0043721783746525035,0.15084608818306727,0.12816900765519224,0.32062154500677875,0.04061679760073402,0.21167679294462424,0.43615423591869157,0.22468012069366905,0.4405519772489695,0.3261257971305582,0.10743471175485125,-0.07144846097312695,-0.16461082682467007,-0.07033373351531723,-0.06026466788699348,0.20113663856263153,-0.10506374762059097,0.019025229724239617,-0.07521078026357234,-0.1587377377697234,-0.20756389597702987,-0.005583679878758553,0.3585094970944962,0.35618600702068315,0.0011585496674533361,0.12226396490571377,0.30297854081171516,0.21770052084522087,0.25106474274993495,0.09001994823501486,-0.23953858865096067,0.06445060187066057,-0.4826212985068495,-0.4648176128764259,-0.29212341429790883,-0.07859056818233691,0.015209045634440605,-0.02451304851940274,-0.031248887326708268,-0.11814924201271756,0.549907562526533,0.21432529773996084,-0.16824441837428733,-0.09434282662381828,0.12915226848407108,-0.008979901126139491,0.4887445393418452,0.2827746762406022,0.15038778090721103,0.27901874768906315,-0.212931203695673,0.02420355416379464,0.05902121268835562,0.05527441376382568,0.08752025635992641,0.04640772001259889,0.06096399731588966,0.4217896807825916,0.021494793830198068,0.16738166862192846,0.27166574609594324,0.04093907343415485,-0.15014858467957293,-0.13559322033898305,0.2054449095482204,0.12739481528482155,-0.18445498409162495,-0.1591065747008906,-0.25267703487973997,-0.11342192114741152,-0.29118671456677636,0.5802790926976679,0.3363162867981029,0.7437350217056882,0.7142645857203503,0.4454290239972246,0.44976103201303713,0.6251886409180752,0.23096952074023017,0.6462707756074626,0.49051386105620653,0.6572710631907134,0.5096459074164525,0.025679814851164256,0.07833585158878334,-0.14252443316428307,-0.22959916372616596
#13,0.48669037326480025,0.0841578147324791,0.66341530216783,1.0,0.12898610927250567,0.2029899528454765,0.1809674665741531,0.20938708249074484,-0.08156408769919705,0.5657082079911625,0.30263709276157524,0.054574171372228586,-0.0003332313858317318,0.07245363290682759,-0.24852761940410925,-0.1321641324343694,0.5835091547334834,0.5830736715251499,-0.09281452706249686,-0.0806209972291582,-0.14238840172184766,-0.1369087995909927,-0.02104013840514546,0.052503571966567304,-0.06748894173928524,0.0032711453573564253,0.15974930044233043,0.3796025873362944,-0.12029196547175065,0.09914227154249614,0.2673337380801307,0.22017373680198296,0.29360423979878303,0.23615606184409335,-0.0946231061729973,-0.024984137273071708,-0.18719752404515513,0.039692879347414264,-0.1609014593708774,0.12609932121223189,-0.16853565347587723,-0.06918066162406934,-0.20449177648847155,-0.2775087073817599,-0.10956739262417434,0.04484107601783929,0.4258140203681979,0.4159394157951677,-0.014310690336746291,0.03782130581055111,0.187439459160896,-0.0031871527888728108,0.17258007824090346,-0.08963102612442769,-0.31499039106757293,-0.14820488708933796,-0.3917002560860376,-0.35118388438240355,-0.2498952375300707,-0.10580872518453259,0.1770590732515623,0.09378318048816116,-0.010939119082289893,0.026046825856929617,0.5066952119671151,0.18368535653475876,0.0818891024207206,-0.059584510674816384,0.043020628392227034,0.028384010371256284,0.2541761196346323,0.26911492830960393,0.005085202244062319,0.23627931180871606,-0.2746620896803261,-0.0499564060310316,0.023988094966380148,0.12085982827171596,-0.006370653726941986,0.05289523296525721,-0.04053371799495132,0.2786636051984096,-0.16016287254584213,-0.04548197583387731,0.15759470846818555,0.1682234202321664,0.026840190444019408,-0.2886879356543888,0.2039905599656726,0.043549233796053265,-0.2491730840336518,0.019793031355703962,-0.11232453998091908,0.014529801384964416,-0.22186819557486978,0.3527140098691268,0.38594767810761094,0.5165962924584716,0.668082367494876,0.2906124610279047,0.3592270857774106,0.47131151656799064,0.18070635924169318,0.5577773010083673,0.6095651102174221,0.49050381846649654,0.5025202335358588,0.15168875275600616,0.16323407907169954,-0.028175854875449064,-0.1578092547028991
#17,0.0877037618628091,0.18639137798025263,0.15137651951229533,0.12898610927250567,1.0,0.0619582136971794,0.26235626543477564,0.0813422377628762,0.1254319454778675,0.10445297557368294,0.34674049491708014,0.4402433958560623,0.13123382344214327,0.32966352759658,-0.1926159576750492,-0.19541601427873664,0.1750679016008801,0.04515330926155012,-0.19143549690277403,-0.33567447401936396,-0.1983712745415786,-0.2247997188074881,-0.11382271177311051,-0.11917815097664185,0.0029424787850292375,-0.11504060401612293,-0.15916683023915057,-0.01624160644916852,-0.009714836100371119,0.01901518713452962,-0.04785567885624033,0.03079240597625384,0.04486481304806292,0.0625041653923229,0.17881926533891457,0.1495496811477767,0.029178287921046986,0.002518864091807529,0.030692893041854775,0.04744119379002771,0.19019295466683708,-0.07168948312616688,0.18931103269775915,-0.11800225501787125,-0.0611748916997996,0.1299894552808045,0.132288295361693,0.04918495254876362,-0.2347884437181319,-0.21763570049345635,-0.19435332569487873,-0.10016113791671041,-0.3254429010302784,-0.16913455700767346,-0.29481300241478636,-0.18094281658122857,-0.04616943674766168,-0.1569428530997366,-0.06472722956903595,0.0460279275290208,0.20964818982320477,0.18282625863320354,0.17630131420980796,-0.040853254940269416,0.13383028936352806,0.015503019624133255,0.022236119543336055,-0.02956538410623234,-0.18155906640434205,-0.08777223406537726,-0.0031068120711928316,-0.08629779930340946,0.05485079907060397,-0.1678208036810656,-0.046222388584314385,-0.0697220485057083,0.20120054595169515,0.17338439838040418,0.10679655082691597,0.03100877813636924,0.36962116612725787,0.39192393194776026,0.034415954936161085,0.37438226661249757,0.44552305915541823,0.18412357863119502,0.14221950362217953,0.3977851524875951,0.3644127139185729,0.36182720354959896,0.3180698142577385,0.19832197455572953,0.3285798408706012,0.047017579096806,0.0433365134867415,-0.029489608202056906,0.10985497587496063,0.1669443594881931,0.1932669000807972,-0.121791050226643,-0.04383407815873683,0.24518891480688557,-0.00019354809259267713,0.15131991582483897,0.035060506603002736,0.034415041973460174,0.09803667371169551,0.24281338585912074,0.12592129348555464,0.14375875873591185,0.019808551721619414
#18,0.07250110696727485,-0.0206630848096701,0.3064505379632715,0.2029899528454765,0.0619582136971794,1.0,0.22540866492899433,0.14498760653133516,0.23849324635842004,0.09074484061953648,0.3124824825281763,0.4770294019637828,0.3092843741868926,0.09688999255935399,-0.14642643574796751,-0.17194922101457544,0.3305463625283589,0.18972186591316811,-0.2585647313379012,-0.08041740654685553,-0.08941008915080774,-0.0709180296438989,0.12288660546773361,0.10803452824934837,0.1687145941652554,-0.07409696576846353,0.0018551402082467921,0.12650011183793086,0.10709508963011316,0.38681864452427794,0.1728302300209525,0.2643227870925333,0.09549955036586981,-0.012612579713055823,0.11923840651490183,0.058098207397736766,0.004350267269830691,-0.100746347007993,0.04760370115078948,0.08451660907393628,-0.003447347158631834,-0.1384553584063323,-0.11987200262933258,-0.22428572080687645,0.07676829463132284,0.08449195908101174,0.15153263613415074,0.16406761401762932,-0.047317943825405016,0.02866520288313621,0.11413859686762497,0.10903422240684357,0.028239762264512684,0.017560837551981814,-0.07416452500833079,-0.1333409413558409,-0.11055795715466045,-0.15983420597351494,-0.09226857536735336,0.06835899519325138,0.01209036504813596,-0.017674044926894512,0.06397312237808524,0.09382791566050569,0.06846033405305227,0.1349687538515614,0.08344844271387293,0.19370512217723346,-0.018603440956419727,-0.02158882898839168,0.06863653585432768,0.13675268296913728,-0.038632929651659084,0.12063432648459148,-0.07331638265918645,-0.08373602596465922,0.03711284675464584,0.02464816699913725,0.27218887372356404,0.07263257359620573,0.19392149433734884,0.4494999246805772,0.15419574833270186,0.35012028283584473,0.21721938950184191,-0.0033770490306618524,-0.04693084764021966,-0.025574824140559737,0.19599391966841195,0.055734546965083745,0.030763191169824757,0.009266571414224873,0.19803347834224233,0.03130001323795916,0.08298009284830668,0.03851333153784002,-0.09296151405734318,0.21511501047624698,0.20838099759434328,0.09920344004345702,-0.04754070672442677,0.4023810067239703,0.24697193096176057,0.2616505452669731,0.13534398152163493,0.09200016433328616,-0.04076195867017853,0.019824072087534863,-0.07182277568049958,0.07070896118539077,0.020975318053380928
#26,0.22022212382513112,0.275164219165826,0.22157513454787806,0.1809674665741531,0.26235626543477564,0.22540866492899433,1.0,0.18595041699571363,0.32763401151245963,0.46780117498299606,0.5015753171404183,0.4033177064551028,0.2987597401708153,0.35283178205754406,0.0948696061022427,0.013758347902696436,0.2335422496313913,0.1883697681531221,0.048737600825318285,0.040746438304263076,0.0176521338220727,0.18268931422806722,0.06758662874828249,0.08169464136542702,-0.024084869012676487,-0.005194757768171381,-0.18252680686730544,-0.014092492251229076,0.03747529294690666,0.022578480556176877,-0.018498450245815208,0.08112951745356443,-0.060788708477315156,-0.049075397024654556,0.0197455572952567,-0.035457645377898084,-0.0216527363774553,-0.07494236922950513,-0.07187298862904956,0.16984758087708327,0.0005760794642734871,-0.11475758557884118,0.09433004514600556,0.17967927620317073,-0.041929637964640956,0.16506365632432088,0.12302081098476722,0.13498336125477595,-0.22598839624407144,-0.21677295074109748,-0.23105260034601285,-0.09895054937530527,-0.21592298246655134,0.06067550110240246,0.11058534603568772,0.05550265443905289,-0.3068549804397741,-0.2404278143216459,-0.2816736432233061,-0.15958222826806412,-0.08233097636796048,-0.015447328899377817,0.14927853122560678,0.001153071891247883,-0.05670320039074803,-0.11074602747104767,0.07119830919307792,0.10105310247549837,0.22757056060474648,0.13674811815563276,0.3760456846535535,0.13377185975066988,0.2530184829298799,0.12484034564767857,0.030907439276568357,0.04442841687702849,0.10949344264540072,-0.007787571838752528,0.25632614679527266,0.19784723395125692,0.36016469847124394,0.23101151702447195,0.12690820616523713,0.2590887719282229,0.3731990669521197,-0.0008472293864434169,-0.10767299501978847,0.08814289692194625,0.0980576718538164,0.10214591882848627,0.01406601633290272,-0.016421460101247565,0.024590650348979993,-0.16102014452199556,-0.24713900313602688,-0.006410824085781975,0.16319664760096225,0.12429530691523598,0.20254899186093753,0.07647705952973291,-0.006771444352640973,0.21279060743973305,-0.04690528468459421,0.1948956255392186,0.09297520849785681,0.05448652695294134,0.12356858860531253,-0.0827856317930131,0.08082915272496542,-0.12455276239689228,-0.22749752358867378
#49,0.6230614378249577,0.2923781308914624,0.3654900099056453,0.20938708249074484,0.0813422377628762,0.14498760653133516,0.18595041699571363,1.0,0.34626392838720577,0.3604495428339275,0.386688090858048,0.12759384115361966,-0.07185107752422774,0.04339676902500148,-0.037850520616980195,0.017902285602121724,0.23381705140436487,0.13339115430439089,0.022749204581246834,0.07149045725736874,-0.12337504051271986,0.03986816818598876,-0.02447287816056275,0.06171353969333583,0.07610365778506119,0.319677541574039,0.06081427143294061,0.21183838734268512,0.027114079254292066,0.17009955858253412,-0.030486563471449374,0.05473850465839218,0.027456440267132887,0.06805041380034418,0.17617715128248435,0.029784495154450464,0.06122510464834959,-0.0023846585747739277,0.00011320737491269793,0.16952621800636336,0.1683895794437318,0.23766336326329388,0.22682284415270215,0.04599871272259172,-0.03572788233736711,-0.011534370763282465,0.2515513518695194,0.22147470865077806,0.08720711015351468,0.04889006559637006,0.08791922106022358,0.16229737934056704,0.08557564580699055,0.1447958843641443,0.042221786028931785,0.29018793337198207,-0.21588281210771135,0.05569620253164557,-0.15634851438144495,-0.1474142613903509,-0.0164561526838821,-0.024459183720049116,-0.06781578238621061,-0.06053581780916341,0.19854199856664856,0.21353284611557194,-0.23700146530513497,0.13138446228779324,0.1331117877179128,-0.0922831827705679,0.16550644323426167,0.12122957816558405,0.13585797952224662,0.2693915560079793,0.0809807045333163,0.1827824364235599,0.17950581328999804,0.23404346615419028,-0.07910821803375223,0.0041841080582652795,-0.048609786047191045,0.19709677861110983,0.05756960199391054,0.07685046127440463,0.07048711124906992,0.06757932504667521,-0.07823451272898246,0.08335258163027749,0.0681334934061269,0.02001031647852027,-0.012621709340064912,-0.0913026608297918,-0.06846581182925772,-0.09744324795610475,-0.17113211939726203,0.1268753395080044,0.2347765752030201,0.26545942565516484,0.3547024426317063,0.20809889211976246,0.3014000283018437,0.061615852684338585,0.08546243843207786,0.1670876946322358,0.2588358812600711,0.1552602628419616,0.18889198281804198,-0.023527048802421176,0.0064674277732383245,-0.14472010845996885,-0.1799549909388452
#50,0.15329648007230665,0.20531161699388772,0.03820383718223192,-0.08156408769919705,0.1254319454778675,0.23849324635842004,0.32763401151245963,0.34626392838720577,1.0,0.11670767390798249,0.3976902043667006,0.2793693253662122,0.14165437971031694,0.21423856628337448,0.04605440344734716,0.05931609964074918,0.016373986040800304,-0.011390122656538867,-0.1749035683147165,-0.05054800586122054,-0.11776579767833585,-0.04397467441467679,0.045190740732287384,0.2670288085380272,-0.0296539414882205,0.17667106410367606,-0.23275618874590878,-0.2082267068978897,-0.07584802822880671,-0.008800047474060447,-0.26510702205261405,-0.11113221069353212,-0.08354704268557109,-0.3250375455910749,0.17751738052741856,-0.021807940036609803,-0.05658451523962989,-0.20099695526939246,-0.05132493711969398,-0.007774790360939803,0.03677139870450593,-0.004621417192000621,0.05348318094464251,-0.09118671456677638,-0.06507050354457769,0.13832389177740143,-0.10373629985346948,-0.15239082107300506,-0.1773694805698713,-0.11257286583556629,-0.17644556231655156,0.06584378295224749,-0.29825578475991366,0.01148415781473248,-0.02501609096760352,0.008268703182131494,-0.030240063542203984,-0.039148753577672585,-0.14184153706400324,-0.05971597730374725,0.03566853976180803,0.04215240086366272,0.05264416822250727,-0.015390725211921467,-0.18268292348916085,-0.0958592576700279,-0.14187075187043233,0.09631117420697777,0.049614045018190785,-0.012516718629460393,0.10031634157586491,0.09635225752851867,0.10844170961395372,0.023858454262851093,0.11396969876795683,-0.009990550836045593,0.20206877348025945,0.03709367453792675,0.13316017474106095,0.15081413448853548,0.2860631678892759,0.22072790516143462,0.1678098481286547,0.27199532563097134,0.34949216449761944,0.10623051395235247,0.03804041685876924,0.29394751377432476,0.1628825884318496,0.05730210392254424,0.2119926780391387,0.10318213149401781,0.13600222762899022,-0.010031634157586492,-0.018384329908201602,-0.184935202472303,0.07290098463027293,0.021996010352997027,-0.019193214861206846,0.057366011311607866,-0.09606010946422784,-0.010825911707377196,-0.1888143809884647,-0.0004455257980435209,-0.13285068038545286,-0.07518065249444233,-0.21767130603879178,0.05984379208187449,-0.00808063286574427,0.11562490014470458,0.029118032382787002
#51,0.5216887984041412,0.2904508666298438,0.5170116904873852,0.5657082079911625,0.10445297557368294,0.09074484061953648,0.46780117498299606,0.3604495428339275,0.11670767390798249,1.0,0.4744256323407907,0.15146051208077893,0.08449652389451628,0.16017108921015033,-0.022247075095746964,-0.041850210209661884,0.567967790675912,0.37331957802863963,0.22142906051573263,0.03517371397791543,-0.021459188284862624,-0.021909278896410686,0.010835041334386284,-0.004204193237685274,0.03170445571446179,0.16868081454532174,0.09130813860599725,0.20301734172650376,-0.12683699507456622,0.09692285921658671,0.05169651293896388,-0.025814020368197858,0.21619413238872126,0.2211076976450127,-0.035680408276919845,0.013338385060278362,-0.10259600944003433,0.14461420478666345,-0.10047519708582306,0.18184847558053016,-0.1556236219969233,0.13302231737322373,0.11361181738920056,-0.030817968931879287,-0.07790402023125345,-0.014108012617144526,0.34673775602897744,0.2858376661021514,-0.06220653955182661,-0.17682900665093326,-0.051173385311343106,-0.1941634294530897,-0.006515814796386494,-0.06961249298159923,-0.09066815175266014,0.16539232289664807,-0.4421633564160736,-0.38712905184258695,-0.34680805415694743,-0.3391674693130412,-0.06439673707130696,-0.18323161407240707,0.08608964380760224,0.07637937252073566,0.3804826833799705,-0.010055371187810122,0.0052951836652713555,-0.07024517613332908,0.1997735852501746,0.1677276814855729,0.3002643027019131,0.2578224926620623,0.26525035719665674,0.23722422820415673,-0.07129508323937425,0.0232303359246258,0.09198099211656707,0.005071507803548686,0.021352371648856287,0.1734373502170569,-0.022778419387675917,0.23987729781299785,-0.024252854149643715,0.01799449483491352,0.18014397421793332,-0.04391807072722044,-0.2308079263421693,-0.0688967302240867,0.11414042279302679,0.0016542884140468442,-0.23162411499678182,-0.0874052230596119,-0.31333336376542337,-0.22979271181875865,-0.35489781664970077,0.2735135826025828,0.5377898085973698,0.43599811929683613,0.5373798883446617,0.2716200979608978,0.23305290162370415,0.2877795377669845,0.03471449373935828,0.40839834388566054,0.437111020829244,0.3860627114079254,0.49601993910538783,-0.057603381613844165,-0.05338549393564526,-0.251935709166602,-0.3724385690222626
#52,0.3974893525725007,0.13704391807072722,0.46848772293407953,0.30263709276157524,0.34674049491708014,0.3124824825281763,0.5015753171404183,0.386688090858048,0.3976902043667006,0.4744256323407907,1.0,0.43171815015497544,0.19216951891430475,0.3780989377678975,-0.0541012566931578,0.05682736331807164,0.4573340576170761,0.3356425203248321,-0.03168893534854633,0.023761680216554754,-0.1186678048268338,0.09546120593243163,-0.06644816426024915,0.07670712613036194,0.01503740864666974,0.2246016059013909,-0.12972287017213913,0.0718866830695632,0.10051993225816759,0.25609608019464364,0.07855496263700147,0.10795783938247203,0.2096399731588966,0.048847156349427344,0.046590312552780656,0.15458193155518632,-0.09038056850187386,0.07111522958729521,-0.0335513792584004,0.19687127682398536,0.12661605810094628,0.21740837278093003,0.15927821168866146,0.12817083358059406,-0.16989779382563325,0.18790233125025677,0.2607640584843906,0.24686967913925875,-0.20420236731228344,-0.2549959601400485,-0.09730082577476297,-0.10075638959770299,-0.20937795286373576,-0.11179319568899013,-0.1709349194538657,0.07191498491329137,-0.40204777533813857,-0.3306869587842989,-0.35421492054942094,-0.2604308270985589,-0.10799527085320929,-0.10430324969073389,0.25870897944464477,-0.02239223616519147,0.08926675400676505,-0.018864548288879658,0.011353604148502512,0.10389606832612854,0.1573025604038947,0.07001693545810186,0.2640726353124843,0.08503608485075342,0.09289760666827956,0.10294841304258515,-0.12117206151542678,-0.16345045123181492,0.01507849196821064,-0.09941981220357242,0.27850931450195604,0.34709928925853734,0.41622608608325307,0.5783700876900674,0.14028858750975728,0.30522625498135275,0.5116060383353038,-0.04684046433282968,-0.14450008444904983,0.2719305052792068,0.362127568278198,0.20231618637220578,0.014596447662130764,0.002770841797258373,0.03246586660701977,-0.21023431187718825,-0.2893963947102941,0.1859787188394418,0.34520306572874965,0.4661952735920974,0.33509565566698774,0.28020103438674016,-0.07874851072959414,0.3930916112422227,0.09758567013744654,0.41071818210866995,0.1631683457572341,0.3247508753029895,0.17594160690564986,-0.09067089064076288,0.008228532823291505,-0.15367627255588473,-0.3423317980343913
#53,0.1379605326224397,0.19427298497719875,0.2744183286391835,0.054574171372228586,0.4402433958560623,0.4770294019637828,0.4033177064551028,0.12759384115361966,0.2793693253662122,0.15146051208077893,0.43171815015497544,1.0,0.3202673154788261,0.2034226971657073,0.04798349363436757,-0.07430694718967257,0.37297995590390154,0.15497907033008165,-0.1177292791702995,-0.24533316291362917,-0.04175434912606645,-0.10530842162443453,0.08357717045470107,-0.08766541742937092,0.19987401114727457,-0.016030712065258575,-0.2275203476561965,-0.0479451492009294,0.32107528746913044,0.4453797240113755,0.21721665061373918,0.3391674693130412,0.1365363108090219,0.08313255761935846,0.4245632614679527,0.20818105876284423,0.35443950937384455,-0.011265959729215264,0.1882784718830312,0.18748054248243687,0.24131247517882656,0.012275696476420456,0.24917490995905361,-0.016717260016342033,-0.06748711581388342,-0.02694974596812847,0.16681471878466406,0.10549284009001812,-0.3679550091980992,-0.2630108596913273,-0.17701159919111506,-0.0969831147548467,-0.3046656958829947,-0.1280822761986059,-0.13416899852556524,-0.016900765519224713,-0.3394678340416402,-0.28754216746474826,-0.3276559226172815,-0.12581812870035194,-0.14693039115886922,-0.12870765564872846,0.275254602473216,0.04464113718634025,0.06855345624854496,-0.037999333537228334,0.029467697097235093,0.21185664659670328,0.06737482140167163,0.08508721076200432,0.20034144805013993,0.11142435875782294,0.2759238041329821,0.034937256638380036,0.017366376496688228,-0.07558600793364587,0.11240579366129996,-0.10113526911858016,0.35074748821136914,0.23659154505242688,0.49825669772261455,0.5613807647888546,0.28319098723221664,0.5042000849055311,0.4926912770978742,-0.15934942277933234,-0.16801709066176101,0.2654448182519503,0.3394760507059484,0.3844632007559331,0.27643688917089293,-0.05875919239319478,0.18440659706847676,-0.20166615692915865,-0.16833206279357457,-0.03518923434383088,0.022772028648769555,0.22119534206429997,0.14992216992974752,0.014695960596529828,-0.1414151834826788,0.39626324366518006,0.30018396198423314,0.25249992011576367,0.10218974103812989,0.05139340932226214,0.009715749063072028,-0.07172417570880142,-0.09524300784691442,-0.09730539058826751,-0.17868140797107734
#54,-0.02215577882565608,0.20987460457303017,0.0807752879256118,-0.0003332313858317318,0.13123382344214327,0.3092843741868926,0.2987597401708153,-0.07185107752422774,0.14165437971031694,0.08449652389451628,0.19216951891430475,0.3202673154788261,1.0,0.15996567260244582,-0.10952630930263343,-0.130555492155368,0.27308631605855743,0.07965599565429754,-0.19440445160612962,-0.21035847480451186,-0.03929574057251891,0.02923854345930697,0.19005874914980347,0.04698014762606874,-0.041028543778843914,-0.2568894447817334,-0.15118023253159993,-0.026524305349504947,0.09094751833913825,0.1353823259550731,0.22578937037527333,0.09719218321335482,0.18792515531777948,0.11000470175790968,-0.030173417265037635,-0.16399822885236023,-0.075464583894425,-0.08971319276750948,-0.06851145996430316,-0.04755987894114586,0.03147165022573003,-0.18986793994531354,0.012565105652608563,0.018652740942268802,-0.05378445863594243,0.062057726631578464,-0.08936078916495867,-0.031491735405150025,-0.20434661541902704,-0.0466460032775361,-0.07962130307166301,-0.01479090871742435,-0.1144709152907558,0.006262011165533832,0.009422688036080287,-0.21042146923087457,-0.08755860079336458,-0.2505790465930514,-0.022182254743982433,0.09736016835032205,-0.09385347861613114,0.07642684658118293,-0.14121159280037615,-0.2045182524067979,-0.12609384343602642,-0.1458896136798331,-0.029961609918426783,-0.18306728078624349,-0.009668275002624767,0.014386466240921728,0.21457544952000987,0.1844303340987004,0.14818754079802068,0.059246714475480106,-0.10387233129590491,-0.021577873435980773,-0.05186449807593111,-0.09754641274130746,0.16765007965599565,-0.040740960528057625,0.2053015744041777,0.14245139614821037,0.12138752071284127,0.40337431014255914,0.2054978613848731,-0.028937265768007047,0.00396043219654261,0.09942894183058151,0.20327662313356187,0.17836369695116105,0.047850201080034876,-0.011538022614086102,0.004559335728338818,0.059290536685123726,-0.003524036025508178,0.07813773868268611,-0.2604938215249216,0.10753331172654941,-0.04303523579544158,0.12856979828089124,-0.1697882383015242,0.3571975696932902,0.07665782614451287,0.24724125495852867,0.03759945587423026,0.1492283182770568,0.08105191562398718,-0.11903481583259916,-0.06561645523972118,-0.060177936430407135,-0.06785960459585423
#58,-0.009364258423222119,0.09303089922261226,0.07953000680157213,0.07245363290682759,0.32966352759658,0.09688999255935399,0.35283178205754406,0.04339676902500148,0.21423856628337448,0.16017108921015033,0.3780989377678975,0.2034226971657073,0.15996567260244582,1.0,-0.13779893822437883,-0.02356448027315844,0.09554885035171888,0.24141016218782382,-0.04590011275089356,-0.10200897442334994,-0.3413275390633916,-0.1579818046533709,-0.197205421172518,-0.1678208036810656,-0.05631153939205814,-0.1358451980444339,-0.33351988204521904,-0.12663157846686174,0.006380696316651983,0.06833617112572866,-0.0062894000465610975,-0.0008855738198815887,-0.0066554980896255484,0.06335687255497177,0.028774758407245273,0.0481313935919148,-0.1453409230965869,0.05943661071726915,0.007839610712704332,0.049822200513998,0.16686036691970949,0.03258820360894156,-0.08409390734341549,0.10728042105839766,-0.19514760324466943,0.15566744420656695,0.04908817850246728,0.015640876991970493,-0.185315907918582,-0.36761812596146387,-0.26887299319386304,-0.2998260806054769,-0.3561166218554141,-0.26168615081230856,-0.2897962723732922,-0.027999653074173656,-0.11650499618838073,-0.18880616432415653,-0.09241738828760152,-0.14221585177137588,0.130785558755997,0.004562987579142454,0.30899861686150815,-0.060006299442636274,-0.0024485659638375473,-0.11133214952503115,0.5037043461589377,0.09613771129380509,0.0642999630250106,0.14247422021573308,0.2692473079012357,0.04715817535274596,0.14179132411545325,-0.05392049007837785,-0.09747063683713202,-0.13371616902591443,0.2030529472718392,0.09463588765081003,0.09495359867072631,0.2517476388502148,0.37093857130466934,0.2281575956214309,0.1558819904412805,0.34426727896031806,0.3875654480136214,0.2466962162260861,0.13644227565082828,0.2060419871546148,0.1703570140641904,0.1579233750405127,0.041617404720930125,0.11335436190754426,0.10369430356922768,0.03647468582671055,-0.02366855802106205,0.16107583524675098,0.158170787932459,0.10754518024166122,0.16151314438048633,-0.06700781039590628,-0.14326393295201925,0.2065149018336856,-0.036974076424107695,0.24370352449250685,0.04988154308955708,0.07081942967220074,0.1331336988227346,0.18876416803991472,0.17346473909808416,0.134371676245167,-0.04728051235466775
#101,-0.3293942035998119,0.13726394208164625,-0.2174540209159755,-0.24852761940410925,-0.1926159576750492,-0.14642643574796751,0.0948696061022427,-0.037850520616980195,0.04605440344734716,-0.022247075095746964,-0.0541012566931578,0.04798349363436757,-0.10952630930263343,-0.13779893822437883,1.0,0.6860777752924905,-0.24263353220704167,-0.12743955045716607,0.41927355557888685,0.34867506288030603,0.6738833324964508,0.5630259235758923,0.4762250818242821,0.06334135218905632,0.24413626881273764,0.2173097728092319,0.01247107049441495,-0.22944578599241328,0.24344606901085056,-0.01690167848192562,-0.1908639822520051,0.015103141961135177,-0.2040316432872135,-0.10452875147785837,0.007362131220129002,0.08659998995741029,0.3625411403817097,0.16512391186258085,-0.048187084316670244,0.08080358976933998,-0.08046031579379824,0.238944249932669,0.3899071973414526,0.47039033720277357,0.1339069782304044,0.006891955429160942,-0.20053956095623712,-0.27980389561184477,-0.2950960208520681,-0.19743092295964249,-0.26894420428453397,-0.24055745502517495,-0.19047688606681973,0.06193904148046032,0.43032679499879034,0.3599647596397449,-0.2776401740106908,0.023750724664143845,-0.29822474402808274,-0.4265124368343931,-0.4817959802252279,-0.36458708979444643,0.13401562079181256,0.2736130955369818,-0.3481272852597607,-0.3801941871664833,0.04048167912099951,0.29133187563622087,0.5514760324466944,0.33653539784632097,0.08377710928620011,0.03769805584592841,0.3066194360629396,-0.15623439404383133,0.08564411800955872,-0.21515244194698427,-0.0128061278056485,-0.33400466523940164,0.35101681220813724,0.26853063218102224,0.20847046793903234,-0.20802585510368973,0.1787069709267028,-0.02114056430224543,-0.05594270246089096,-0.6224187120835178,-0.495096933814769,-0.08683644729694569,-0.13227460092117937,-0.035159106574700894,0.013474416502713782,-0.45313899400639984,-0.13921950818699302,-0.48874819119264884,-0.4099604230669156,-0.12404880698599059,0.1018090355918509,-0.23353403296708314,-0.286683069563193,-0.1632724235051377,-0.2920549420953407,-0.3386726435291486,0.04406231883396404,-0.30871012064802095,-0.16141363144608728,-0.276886979782441,-0.21530673264343786,-0.40081984050541614,-0.45128202787275123,-0.5104064053463095,-0.4518124592019793
#102,-0.19519872915592035,0.10534128828166725,-0.09047095180926383,-0.1321641324343694,-0.19541601427873664,-0.17194922101457544,0.013758347902696436,0.017902285602121724,0.05931609964074918,-0.041850210209661884,0.05682736331807164,-0.07430694718967257,-0.130555492155368,-0.02356448027315844,0.6860777752924905,1.0,-0.18306454189814075,0.05547526555802563,0.16194132388721258,0.37781591933061576,0.28697521762748385,0.5901427417182871,0.1915852227857231,0.08832548946212802,0.014510629168245331,0.1536415799732502,-0.1384562713690332,-0.1882145644939676,-0.027816147571290976,-0.130785558755997,-0.12816718172979044,-0.07451053787197524,-0.15140938616952804,-0.2270866903732648,-0.2437391300378423,0.024938489138026265,0.11651138692728709,0.14807707231121073,-0.21025439705660826,0.013584884989523753,-0.2918960865853826,0.16760077967014658,0.08044844727868643,0.4538109345542688,-0.06155924899688223,0.13703844029452178,-0.11570250197428184,-0.1519827267456988,-0.34007495423774464,-0.31764254771371314,-0.3161836333176608,-0.3069243656050432,-0.23517462694061633,-0.1342374707281334,0.04843814905942018,0.30575029557167444,-0.38303076227820715,0.0631222411408382,-0.27019039837127456,-0.4376231929044539,-0.18500732652567478,-0.15797906576526816,0.30084312105428934,0.32427339581041414,-0.23494729922809005,-0.41892571678984053,0.1250895844650267,0.22745278841632924,0.6412869122232011,0.47659483171815015,0.3877991664650541,0.25649048008143627,0.46375675021796986,-0.002113508652603998,0.025155774260842572,-0.1549726795911753,0.18646806684712897,-0.09846120136761813,0.2058338316588076,0.4061351093501075,0.17496382385297649,-0.1852748245970411,0.01611926944724673,-0.060583291869610666,-0.01001793971707286,-0.2991057530344598,-0.24211314346752363,-0.12992372196633906,-0.19296014461329183,-0.1404337485792018,-0.14026393751683275,-0.27987236781441294,-0.2141983959245345,-0.3038239442727567,-0.3092743315971826,0.05758968717333053,0.19774772101685786,-0.10736076177607763,-0.15170062127111797,-0.14919545161982406,-0.2654530349162585,-0.2169610210574847,-0.0559573098641055,-0.12583730091707104,-0.10736441362688127,-0.1890508383280001,-0.13919942300757301,-0.14333970885619468,-0.20615428156682658,-0.29105159608704184,-0.3191443713567082
#201,0.43757571884400664,0.18519904869286566,0.6495757005847526,0.5835091547334834,0.1750679016008801,0.3305463625283589,0.2335422496313913,0.23381705140436487,0.016373986040800304,0.567967790675912,0.4573340576170761,0.37297995590390154,0.27308631605855743,0.09554885035171888,-0.24263353220704167,-0.18306454189814075,1.0,0.4967357018629004,-0.05652334673866899,-0.16898117927392076,-0.25807720925561584,-0.1859038558979673,0.07488028776584332,-0.09174909959053623,0.13027612556888987,-0.0042261043425070866,0.019177694495291393,0.19291814832905002,0.04891106373849096,0.27465387301601796,0.49356498240264396,0.3261632286012955,0.56852834977427,0.40955506762771204,0.0018377939169295237,0.06625370320495556,-0.05771111121255141,0.20409920252708075,-0.017311598734633695,0.1948554551803786,-0.05095427426312498,0.06751085284410706,0.0056923224401667066,-0.21890380568501874,-0.2871368120255447,0.04053828280845586,0.3714799581863083,0.3181519809008203,-0.05727197615341425,-0.07223543482131038,0.1688825793022226,-0.047920499208004855,0.20432561727690615,-0.1723993116261235,-0.294476119178151,-0.04126500111837931,-0.3755535977577636,-0.4682996526176923,-0.2588340553346693,-0.1472809688360182,0.04833407131151657,-0.026516088685196768,0.08815293951165624,0.07587359118443215,0.386297342822059,0.06954402077903107,-0.08150291919823616,-0.1779053896753048,0.036279311808716054,0.123543938612388,0.3194912971830536,0.22720537552438294,0.19450122565242597,0.24397741330277953,-0.27949348829353576,-0.11272989542012261,0.02800969566388365,-0.0123523853432968,0.1088717150460818,0.1552812609840825,0.046656958829947005,0.46075310293197974,-0.021592480839195315,0.13610721833959474,0.34942186636964945,0.03791442800604381,-0.0819502709216815,-0.11538570391706647,0.27092533334550617,0.04651910146210977,-0.27803822574828707,-0.13662669411641187,-0.22106022358456545,-0.1328570711243592,-0.2118466040069933,0.5419063574157678,0.22840683443877902,0.7277682170294932,0.47821899236306703,0.4720309311763068,0.1317843399507913,0.697911597821671,0.2671301473978281,0.7187800992390456,0.3601117466345912,0.6319637371215199,0.46155103233257405,0.0361706692473079,-0.07928715872313037,-0.114418876416804,-0.19049697124623974
