,#10,#11,#12,#13,#17,#18,#26,#49,#50,#51,#52,#53,#54,#58,#101,#102,#201,#202,#301,#302,#401,#402,#501,#502,#601,#602,#701,#702,#801,#802,#901,#902,#1001,#1002,#1101,#1102,#1201,#1202,#1301,#1302,#1401,#1402,#1501,#1502,#1601,#1602,#1701,#1702,#1801,#1802,#1901,#1902,#2001,#2002,#2101,#2102,#2201,#2202,#2301,#2302,#2401,#2402,#2501,#2502,#2601,#2602,#2701,#2702,#2801,#2802,#2901,#2902,#3001,#3002,#3101,#3102,#3201,#3202,#3301,#3302,#3401,#3402,#3455,#3501,#3502,#3601,#3602,#3701,#3702,#3801,#3802,#3901,#3902,#4001,#4002,#4101,#4102,#4201,#4202,#4301,#4302,#4401,#4402,#4501,#4502,#4601,#4602,#4701,#4702,#4801,#4802
#10,1.0,-0.09531604486298713,0.3038394646386722,0.5721318135547572,0.0885089949650107,0.07984863078418931,0.005592809505767642,0.2844134442887336,0.06419132046360246,0.2402032254972223,0.202153679011444,-0.06719040293608805,0.23143604468039458,0.028691678801462565,-0.10886532430717542,0.1004167674729649,0.1101827294845869,0.015253780806785138,0.14178949819005143,0.08669219919020209,-0.018945801969260545,0.09155555149794355,-0.12962335723774004,-0.03676500796559957,0.05527441376382568,-0.04771964741380491,0.10228560212172531,0.2494825783892599,0.22346405437605846,0.16970972350924604,0.09359602313447483,0.06347007992988446,-0.047205649413193225,-0.011078802375528947,0.059800882834931776,-0.16084302975801923,-0.04991714863489252,0.023296069239091236,-0.011727005893174235,0.1770873750952905,0.06967457444526104,0.16443462502339468,-0.2604244363596525,-0.15320427083951485,-0.15003081249115569,-0.048064747314748454,-0.03474005669498373,0.22115425874275907,0.11920097504416458,0.05613168573997909,0.029065993508835198,0.05770563343634596,0.3126395121127326,-0.04360035970730416,0.001867921686059516,0.01813600405355439,-0.03641077843764693,0.05588701173613552,0.019606786964718556,-0.07028169464136542,-0.13716169025914446,-0.10974450738815066,-0.14083545216760168,-0.09763588308599652,0.27062040380340263,0.19177603199021304,-0.056177333875024535,-0.3206041987154615,0.11932331204608636,-0.24198989350290093,0.18453167295850129,-0.023810980202403832,-0.06347464474338901,0.000953133059748844,-0.04970625425098257,0.09091830353270917,-0.026340799846622267,-0.005288792926364993,-0.04545458695285004,-0.07840614971675332,-0.10698918595680773,-0.038382777871610055,-0.0637120150456253,-0.03691929866205316,-0.04927716178155542,-0.12647089703150177,-0.20435391912063433,-0.10803270232394656,0.04547923694577458,-0.02984566365541136,0.04130882332802294,-0.0031871527888728108,-0.16613547453518787,-0.17415493889997125,-0.2379956816864247,0.011350865260399787,0.160755385338732,-0.17669206224579695,0.21523460859006605,-0.32214710567999744,0.25773393528007416,0.033173412700224135,0.1700383900815732,-0.12211058717196109,0.3534379892909475,0.08073055275326727,0.2851995051742161,-0.05505804160371028,-0.0004007906256989871,-0.2678760379244706,-0.2449962796769938
#11,-0.09531604486298713,1.0,0.30535041790867634,0.08184071539757243,-0.10549740490352266,0.14635065984379209,0.057220850242163356,0.2676824898318779,0.11677797203595247,0.2914697330040581,0.1819562051792374,0.008842043758302255,0.035060506603002736,-0.07816786645181611,0.11883761588920284,0.10170313191854546,0.05855012393468665,0.1652645081185208,0.18033295749702147,0.018736733510752418,0.10016752865561677,0.10200714849794812,0.18517439869994112,0.11014712393925147,0.27158997019176784,0.2158152528678441,0.1492210145754495,-0.026401968347583158,0.16350431603116855,0.03953311087475521,0.2872746693933819,-0.008666754919727754,0.22754134579831742,0.08245240040718137,0.20263024554131842,0.0525236571459873,0.3100868684009915,-0.09062798139382015,0.1839263786877987,-0.15684334016533755,0.10118548206713014,0.05475402502430763,0.28096518416740085,0.02875923804132982,0.04371904485842231,-0.04325799869446334,0.12405884957570058,-0.03226044999931528,-0.07143294060721149,-0.27223543482131035,-0.15173348792835067,-0.04882798413270826,-0.06146156198788499,0.05121903344638855,-0.13382663751272442,-0.09114197939443185,-0.12631112855884272,-0.4007230664591198,-0.04578873130138268,-0.22201883442051976,-0.11253634732752993,-0.07347797705724733,-0.004261709887842532,-0.07018400763236818,0.04633833484732981,0.05567337846412285,0.03410372169245025,0.03531157134575267,0.14657524866821567,0.028181332651654515,0.1839446379418169,0.14546873787471412,-0.21405688670589362,-0.205649413193224,-0.21166857628031607,-0.11796573650983488,-0.10018213605883132,-0.06233435432995385,0.21153345780058155,0.14827335929190613,-0.07750779441905901,0.13938566739855843,0.05453856582689314,0.29911944747497343,-0.11034341091994687,-0.2576974167720378,-0.12278709253333456,0.06191256556213396,0.1367727681485573,0.08266877256729677,-0.09513253936010445,-0.15709988268429292,-0.2382741353102019,-0.06368736505270077,-0.1261139286154464,0.21697471549799832,0.18426052303633136,0.027210853300588405,0.23695855605819224,-0.059684023609215445,0.08202787275125875,0.10753148580114759,0.09680691295357129,-0.1874431110116996,0.15398302802339012,0.2531627310366235,0.36205727015022804,-0.1364733163826592,-0.09220558094099066,-0.015123227140555173,-0.03044091533640393
#12,0.3038394646386722,0.30535041790867634,1.0,0.47495332478191604,0.1051824327717091,0.27897766436752225,-0.15736646779295832,0.1637270789301903,0.025809455554693314,0.3906156563973579,0.06365267247006623,0.1344830576946779,0.21283169076127395,-0.0356858860531253,-0.3385028324667796,-0.011213007892562549,0.29801202371877095,0.4568127559148571,-0.12431630505735689,0.07740919444736086,-0.0018670087233586073,0.06107446580269963,0.02667037938165036,0.24085508086567123,0.11882392144868921,0.31380719140719504,0.23995307371717328,0.26138487312100867,0.02592266292960601,0.07851022746465693,0.314038170970525,0.04781185664659671,0.17477757946199107,-0.027747675368722812,0.027869099407943687,-0.08659633810660665,-0.031210542893270094,-0.19834479862325224,-0.13108501052189514,-0.0262823702337641,0.022279028790278772,-0.026214810993896845,0.16188745908785895,-0.17799486001999387,-0.022531919458430527,-0.1227505740252982,0.3334851894625845,0.24000237370302235,0.30697183966549046,0.030245541318409435,0.02612990546271232,0.15144316578946168,0.08923936512573778,-0.12540820844764386,-0.18983872513888445,-0.23954589235256793,-0.035797267502636176,-0.21983046282644123,0.1631373050254032,0.01883076866894603,-0.1403597986004282,-0.0016040754654968572,-0.2659168199683202,-0.2207662495948728,0.441378208493292,0.2676806639064761,-0.07661035208406561,-0.30278042790561793,-0.1492173627246459,-0.17856728763346374,0.11719884784107146,0.1323421601610466,-0.3031355703962715,-0.013625968311064652,-0.2760945281580521,0.16114978522552462,-0.18675382417251343,-0.05106382978723404,0.028637814002108943,0.28480327936202166,0.13091246057142336,0.30378468687661764,0.06929660788708478,0.22804438824651818,-0.23778113545171112,-0.06838912296238137,-0.13124569195725508,-0.22912259719629155,0.10896757612967722,0.17106912497089932,0.07878137738682686,-0.07838149972382878,-0.1856454874536101,-0.10362857025476224,-0.14927853122560678,0.19257396139080737,0.2671639270177617,0.18943428266238183,0.5334057617076055,-0.06951754486070472,0.48419889805402,0.32168423359063664,0.3271273172134552,0.07740097778305267,0.3116471216568447,0.33181081586911765,0.47713530563708817,-0.12535799549909388,0.1867519982471116,-0.21306997402621117,-0.258677025750113
#13,0.5721318135547572,0.08184071539757243,0.47495332478191604,1.0,0.12030292102416155,0.2610178621152433,-0.09196455878795072,0.07734528705829723,0.09642985935809592,0.3489809053851105,0.13720825135689083,0.14192187778168322,0.3762529271866598,0.012612579713055823,-0.01179365217034058,0.11021559614181962,0.2942305322116065,0.1503320901824556,0.14890330355553325,0.025698074105182434,0.07497432292403694,0.01388251083002004,0.10006892868391862,0.10526094756398727,0.16599213939114518,0.002896830649983795,0.09016237041635664,0.28887874485887877,0.24156627880967924,0.009167971442526715,0.2725878384238612,0.16175599245892808,0.12387077925931336,0.02753221617130832,0.06307020226688638,-0.08759877115220457,-0.023257724805653066,-0.14868327954461422,0.008240401338403319,0.17460685543692112,0.13737532353115714,0.06405255013306431,-0.041091538205206626,-0.12926182400818015,-0.12918787402940654,-0.19319203713932268,0.20493091154760873,0.34427732155002805,0.10640306390282425,-0.10460178849393108,-0.12428617728822688,-0.011947029904093269,0.17460137766071568,-0.10169948006774183,-0.05468281393363674,-0.1627903791990578,-0.06003825313716808,-0.14152017419328333,-0.04783559367682033,-0.07168491831266234,-0.1899564973273017,-0.12223201121118196,-0.11199952525939552,-0.15363427627164292,0.36514399704200085,0.3765980270876033,-0.08348952603541382,-0.30435163671388205,0.1283488613072713,-0.1609936686036692,0.17677696777698146,0.08871258564731338,-0.1827395271766172,-0.16519877480405537,-0.1384042324950814,-0.044065057722066765,-0.11177493643497195,-0.16083298716830924,0.04201454349582548,0.07325338823282375,-0.07421199906877804,0.11846604006993294,-0.04570382577019816,0.20009038330738999,-0.20434661541902704,-0.19096075629830142,-0.22294823045004497,-0.187439459160896,0.007974729192438842,0.0905302943848229,0.04601332012580626,-0.014243131096879037,-0.295026635686799,-0.1412280261289925,-0.23834991121437735,0.04500449634130198,0.2493584154619363,-0.14243678874499582,0.35433086681243636,-0.2660464606718492,0.3167003702063752,0.15857523040896165,0.1751418515796537,0.015830773233759535,0.41994640908945663,0.2576042945765451,0.3989774817749821,-0.1887103032405611,0.050711426184683224,-0.23328022933623047,-0.2802895917687283
#17,0.0885089949650107,-0.10549740490352266,0.1051824327717091,0.12030292102416155,1.0,0.27947431607681666,-0.04507114261846832,0.0001478999575472344,-0.030071165442535845,-0.06566210337476662,0.010077282292631934,0.23787060579640018,0.2904435629282366,0.10922959642483807,-0.0459247627438181,-0.06664171235284183,-0.09158567926707355,0.017913241154532633,-0.11804425130211305,0.061237886126162315,-0.2806520379609891,0.250283246677957,-0.1923986725522329,0.1853569912401229,-0.2341895401863357,-0.048409847215692005,-0.09308111217116224,-0.07366422144823273,0.26636782354256916,0.018387981759005235,0.11835100676961843,0.2688857746716758,0.11311516567990615,0.05152122410038938,0.2893763095308741,0.16928976066682797,0.039331346117854354,0.39297383905380545,-0.1541172335404237,0.35390451323111194,0.3321367435533421,0.13329164136999183,0.20801398658857792,0.16742914268237571,-0.08040006025553827,0.32755823560828423,-0.02239406209059329,0.08803151547243537,0.028272628921745403,0.15218996927880513,-0.11153026243112837,0.11682544609639973,-0.35568113864708056,-0.05339371059995344,-0.3824199902312991,0.0965202426654859,-0.23324827564169867,0.12787777255360233,0.06232157285214113,0.3158467500810254,-0.2858568383188705,-0.2267963682343758,0.32861179456513306,0.19579854565041746,0.031802142723459034,0.04699931984278782,0.1575189325640101,-0.12375483299629794,-0.06805771750195146,0.1832672196177425,-0.0520699146836356,-0.12256798148511643,0.0005870350166843933,0.2536703382983288,-0.07065692231143897,-0.13085950873477065,-0.3467249745511647,-0.406660975865831,0.11640639621668257,0.0600400790625699,0.20977143978782747,0.4434734578918778,-0.05828901660222672,0.12777734665650234,0.4624347802270538,-0.13965499139532656,-0.20741690898218354,0.09173631811272351,0.3152186317428001,0.21178726143143423,0.3366906015054755,-0.17091757316254844,-0.011350865260399787,-0.15356854295717748,-0.19956360382896557,-0.2348925214660355,0.20888130115444134,-0.09516449305463626,-0.2038974377701799,0.032978038682229635,0.1115749976034729,0.08865689492255793,-0.017568141253589086,0.16999913268543412,0.08917545773667417,-0.13456339841235787,0.0008664016031625028,-0.1922252096390602,-0.11594717597812541,-0.24714539387493323,-0.17550977554811997
#18,0.07984863078418931,0.14635065984379209,0.27897766436752225,0.2610178621152433,0.27947431607681666,1.0,-0.07774972953479986,0.07889093291093592,-0.19288802055992002,0.09702237215098578,-0.0865908603304012,0.3675313945048775,0.37193643953676275,-0.20508520224406232,-0.15563731643743695,0.10812765044484107,0.04144120291965472,0.24935202472302995,0.09810605887696458,0.15278156910899404,-0.0766724335477274,0.31506981882255203,0.026094299917376877,0.2407793049614958,0.0677628305495579,0.12889024818891023,0.24621417192000622,0.18567105040923554,0.16795500919809922,0.23133927063409823,0.35965252639603407,0.13557313515956307,0.290218974103813,0.042277476753687225,0.05435962513751501,0.03567036568720985,-0.013269912857710198,0.1173996996352714,-0.19301857422614999,0.1921631281753984,0.21413905334897543,0.15417383722788006,0.3875471887596032,0.050263161498536976,0.017840204138459922,0.04926803215454632,0.12949006468340735,0.21974555729525672,0.13892005642109492,0.19179520420693214,-0.0755074931413677,0.2863133196693249,-0.10223538917317533,0.17307672995019788,-0.18130434981078847,0.07834406825309152,-0.24581885907051268,-0.04202458608553548,0.2210638754353691,0.26467792958318687,-0.4326721961774252,-0.38282534567050264,0.08906316332446237,0.24072909201294582,0.20319171760237736,0.04937210990244994,-0.13156796779067592,0.11502690957560929,-0.041956113882967314,0.09432274144439828,0.10038207489033035,0.11917815097664185,-0.03905654434488079,0.10820799116252106,-0.16389780295526027,-0.02727019587614748,-0.46995485399444004,-0.3224456444831946,0.17175384699658094,0.1853496875385156,0.21856509652298156,0.12457467350171408,0.19044858422309158,0.586689003820749,-0.11739787370986958,-0.34756672616140266,-0.38097750916386314,-0.011232180109281635,0.2717104812682878,0.4837771092862001,0.21529212524022331,-0.21504014753477246,0.01877416498148968,-0.32395294590239515,-0.19846165784896858,-0.004912652293590545,0.20086274975235888,0.018928455677943278,0.05622115608466816,-0.1611297000461046,0.24234412303085356,0.1949987903244213,0.19581041416552927,-0.10163648564137912,0.2017446717214368,0.17907489489516906,0.2490781359127573,-0.4573377094678797,-0.06717853442097622,-0.3724184838428426,-0.3315424048350505
#26,0.005592809505767642,0.057220850242163356,-0.15736646779295832,-0.09196455878795072,-0.04507114261846832,-0.07774972953479986,1.0,0.0940762415151529,0.019072703784686878,0.15309836716620942,0.124535416105575,-0.051187992714557644,0.04833315834881566,0.11953968420620176,0.14583392295507766,0.15885368403273883,-0.1233184368252635,-0.1394879192210602,0.1816887071078711,0.010913556126664446,0.11322015639051067,-0.027841710526916422,0.20409828956437984,-0.10173965042658183,0.09702237215098578,-0.08019281772243195,-0.07605800965001575,-0.19326507415539537,0.0451204426043174,-0.021083047652088172,-0.040687095728704006,-0.09082152948641284,-0.009776004601332013,-0.024725768828714502,0.12274327032369092,-0.2120036335915496,-0.016428763802854834,0.03423975313488568,0.09830599770846363,-0.19891631327402118,0.06512071649312767,0.02933349158020149,-0.010619582136971794,0.017521580155842733,0.06599807364870108,-0.05348500687004432,-0.18887098467592106,-0.157529888116421,-0.21410344780364,-0.02496679098175444,0.025990222169473266,0.04683042174311969,0.13995535612392557,0.1349395390451323,0.1176881958487586,0.09061519991600743,0.06742138249941798,-0.03829148160151917,-0.09743320536639476,-0.18825290892740576,-0.03855167597127819,-0.055899793213948244,0.025663381522547896,0.19415886463958515,-0.2608991769641251,-0.06825035263184323,-0.01574130288907047,0.35725234745534473,0.3299008978988163,0.03190348158325992,0.19191936713425573,0.14178858522735055,0.29468244874855637,0.010902600574253539,0.15745046036144195,0.08998069083887578,0.0695157189353029,-0.07896396992700863,0.13108409755919423,-0.11209173449218732,-0.09474361724951727,-0.06679600304929542,0.12842372424874582,-0.10903696129494629,0.1424532220736122,-0.09973204544728326,-0.10384676834027946,0.10936288897917075,-0.1042740348843048,-0.12478465492292312,-0.057732109354672316,-0.09161580703620353,-0.09022536484271935,-0.0919837310046698,-0.19766555437377606,0.12789511884491958,-0.05248531271254913,0.0674843769257807,-0.1458165766637604,0.026188335075570487,-0.06986447068705008,-0.08917454477397325,-0.09235895867474335,-0.11348582853647514,-0.10112066171536561,-0.015457371489087813,-0.055268023024919316,0.02360465063199843,-0.11652782025590344,-0.010331998886185505,-0.01961226474092401
#49,0.2844134442887336,0.2676824898318779,0.1637270789301903,0.07734528705829723,0.0001478999575472344,0.07889093291093592,0.0940762415151529,1.0,0.29482395796719724,0.2693495597237375,0.3039736701557058,-0.11770554214007586,0.12782755960505235,0.07715995563001274,0.025307326069193444,0.0019135698211049587,0.05144910004701758,-0.0523584108971228,0.11566507050354458,0.03676044315209502,-0.08196853017569967,0.05802151853086042,-0.10745570989697216,-0.07127773694805699,-0.02785357904202824,0.009774178675930195,0.04457814275997754,-0.10732972104424673,0.18603988734040272,0.022856021217253168,0.03212624448228168,0.09206498468505069,-0.05259030342315365,0.0023152734095048546,-0.035936950795875236,0.0421816156700918,0.02442449113741458,0.09675487407961948,0.022230641767130604,-0.014327123665362651,0.100335513792584,-0.010931815380682622,0.10992253511482789,0.025959181437642365,0.1802544427047433,0.16564338763939798,-0.057736674168176856,-0.08661277143522302,-0.025921749966905102,-0.05473759169569127,0.10585711220768075,0.009397125080454838,0.04648440887947523,0.05730484281064697,-0.24295215618965887,-0.05659090597853625,-0.24136360109007746,-0.230250106131914,-0.0426454007221535,-0.09326918248754947,-0.18808401082773762,-0.10884523912775544,-0.06118584725221051,-0.03808423906841286,-0.0018971364924885994,-0.051460968562129394,0.07305801421482926,0.027378838437555633,0.1439596105301118,-0.03308668124363779,0.3576996991787901,-0.07622964663778661,-0.18980494551895083,0.04759913633728494,-0.32006646368462616,-0.18582625406839004,-0.18337494921644976,-0.07673999278759466,0.15552319609982335,-0.020738860713845536,0.0074945108117607856,0.04883528783431553,-0.027053823716032082,0.21641963417584575,0.045142353709139216,-0.14194744073730867,-0.21795158558797081,-0.024933011361820814,0.07021230947609636,0.17453381842084842,0.13051988661003255,-0.019981101672091186,0.02288706194908407,-0.14077610959204262,-0.10493958469326736,0.12941885359273647,-0.0362528358903897,-0.03410006984164662,-0.09987446762862504,-0.16071247609178926,-0.004282708029963436,0.004780272701958761,-0.058281712900619446,-0.09032122592631478,0.13211939726202487,0.014075145959911807,0.18540720418867288,-0.10797701159919111,-0.07237785700265216,-0.2153432511514742,-0.08362007970164378
#50,0.06419132046360246,0.11677797203595247,0.025809455554693314,0.09642985935809592,-0.030071165442535845,-0.19288802055992002,0.019072703784686878,0.29482395796719724,1.0,0.10443106446886112,0.153322955990633,0.05520137674775297,0.22477324288916176,0.3941360405720624,0.04864447862982558,-0.1819041663052856,0.1377715493433516,-0.15453628342014086,-0.10181086151725272,-0.127690615199916,0.01906813897118233,-0.1527048802421177,0.15968630601596773,-0.09061793880411016,0.10332820552616323,0.029828317364094088,-0.13196054175206673,-0.00997776935823287,0.05775767231029776,-0.17281653558043886,0.08084284716547906,-0.134421889193717,-0.05884866273788384,0.02590896848909238,0.08185167094998334,0.092312397576997,-0.03364267552849128,-0.15051468272263738,0.1172664070809387,-0.1964011010330173,-0.009341434355699398,-0.0038527025978353654,-0.10148310790762644,0.22135419757425812,0.03966092565288245,-0.03531065838305176,-0.04351910602692327,-0.02389223388278472,0.1504343420049574,-0.14074232997210898,-0.08885592079135607,-0.18297324562804987,0.055212332300163876,-0.23231248887326708,-0.08411855733634002,-0.16139811108017182,0.07975916043950024,-0.05289705889065902,-0.055085430484737546,-0.2306344634289966,0.020930582881036396,-0.04445124094455121,0.028422354804694454,0.030786928200048386,-0.10131786165876193,0.015799732501928634,0.32695933207648803,-0.00688465172755367,0.044736085307234774,0.03793086133466017,0.2102096618842637,0.1328232915044256,-0.06401877051313068,-0.080012051107652,-0.10973355183573975,-0.005653065044027627,0.07576951343652855,0.037650581785481155,0.11059173677459408,-0.13837501768865232,-0.0492963339982745,-0.07278777725536023,-0.06308663559550275,0.0925808086110642,0.014995412362427933,-0.11049039791479319,-0.057198939137341545,-0.22714603294882388,-0.04791958624530395,-0.02302309339151949,-0.07269556802256844,0.10559235302441719,-0.03221388890156893,-0.002099814212090365,-0.03288217759863421,-0.12540455659684024,-0.10161913935006185,-0.03634687104858331,0.0042781432164588915,-0.06245395244377291,-0.136084394272072,0.07358570665595457,-0.24312744502823336,-0.0701045798773891,0.05676802074251257,0.021805201148507078,0.06746794359716433,0.07675825204161284,-0.0852615866378779,-0.08344935567657383,-0.06377044465848347
#51,0.2402032254972223,0.2914697330040581,0.3906156563973579,0.3489809053851105,-0.06566210337476662,0.09702237215098578,0.15309836716620942,0.2693495597237375,0.10443106446886112,1.0,0.4194132388721259,0.17186066363258728,0.19296379646409545,0.1984753522894822,0.14787439459160895,0.12265653886710458,0.5492301442024586,0.12931477584483286,0.032301533320856175,-0.12678495620061442,0.09649833156066409,0.012450072352294048,0.23728265781701488,0.07894297178488772,0.04512683334322376,0.22655808496943858,0.22859855660596987,0.3016227912008655,0.1524346432826487,-0.2118475169696942,0.29294873257953047,0.023774461694367477,0.19990413891640457,0.058064427777803136,0.00486883008394692,-0.3031355703962715,-0.044115270670616755,-0.35900523584108973,0.24896218964974187,-0.36400644551666844,0.04607722751486988,-0.06627104949627283,-0.060887308449013314,0.04582707573482085,-0.21056023956141273,-0.16787649440582106,0.25106748163803766,0.08052696207096459,0.10347245363290683,-0.12092008380997595,0.06105894543678418,-0.00855080865671233,0.19835758010106497,-0.12034309138300155,-0.04823912319062205,-0.348304400023737,-0.12827399836579675,-0.32929286474001107,-0.24138003441869382,-0.26890312096299307,-0.18126783130275212,-0.13441732438021245,-0.2168359451674602,-0.07205466820653042,0.28783614145444086,0.26676861416826814,-0.0821164301332469,-0.1474361724951727,0.10122017464976468,-0.14952229226674943,0.1703232344442568,0.13859230281146864,-0.12030565991226429,-0.16429950654366016,-0.21055750067331,-0.061016949152542375,-0.08881666339521699,-0.05925036632628374,0.22471207438820087,0.017129919157152833,0.07738454445443631,0.08061734537835456,0.21315944437090023,0.16821520356785824,-0.19087219891631327,-0.08387662222059918,-0.2302090228103731,-0.20989286382704836,0.10361031100074407,-0.14572162854286588,-0.09683430183459854,-0.19571637900733566,-0.3278357762693605,-0.17910867451510268,-0.29979138802284233,0.24453888536383847,-0.016902591444626528,0.2836839870907074,0.39824254680075044,-0.11673871463981339,0.20368380449816723,0.2811769915140117,0.04977472645355074,0.12584734350678103,0.23982799782714878,0.4388931240214181,0.4115553689054034,-0.11332240821301245,-0.08670954548151935,-0.2938078304810857,-0.24648349591677432
#52,0.202153679011444,0.1819562051792374,0.06365267247006623,0.13720825135689083,0.010077282292631934,-0.0865908603304012,0.124535416105575,0.3039736701557058,0.153322955990633,0.4194132388721259,1.0,-0.06081153254483788,0.09395846932673566,0.23502398809496639,0.28078898236612543,0.17811810998461658,0.30154427640858733,0.07210853300588405,0.12186865205622024,-0.14848151478771335,0.04157266954858559,0.05773576120547595,0.0026987177438865737,0.12076214126271871,-0.015378856696809651,0.13045780514637076,0.03803493908256378,0.021794245596096173,0.3130101749693016,-0.03624827107688516,0.14980348477862937,0.0362528358903897,0.21753436163365547,0.06960153742918833,0.08506164780637887,-0.08961733168391406,0.14534822679819415,-0.025363929756649792,0.23400694764615393,-0.2533599309800198,0.02913446571140336,-0.011023111650773508,-0.10629442134141609,0.18564000967740463,-0.0334582570629077,0.042915637681622515,0.01838524287090251,-0.059245801512779195,0.03475649002360009,-0.24540437400430004,-0.10789484495610932,-0.1358150702753039,0.05833192584916943,-0.016525537849151173,-0.052270766477835545,0.023097043370293106,-0.11205978079765551,-0.26436569633947604,-0.2973355183573975,-0.2903659610986593,-0.09272323079240598,-0.05167460183414207,-0.055877882109126434,-0.15322253009353304,0.02686392747424304,0.04854131384462288,0.07851935709166602,-0.15188138788589792,0.2606353307435625,0.06811888600291235,0.2565443448807899,0.11752021071179138,-0.049230600683809064,-0.17586856988957716,-0.11797212724874125,-0.130144658939959,-0.0013155792520096591,-0.08869706528139792,0.15419118351919733,0.15916409135104786,0.044010279960012236,-0.09503941716461174,-0.06460580552981508,-0.08042014543495825,-0.015253780806785138,0.05465998986611402,-0.08181058762844244,-0.21484568647947888,0.04466122236576025,-0.04402397440052587,-0.11532270949070375,0.03940255720852524,-0.23073123747529295,-0.023919622763811984,-0.2243651485618555,0.10691432301533321,0.10611365472663614,-0.01153163187517974,0.1368576736797418,-0.28585227350536596,0.023361802553556674,0.07225004222452491,-0.06745516211935161,0.06368827801540168,0.10642132315684243,0.13390880415580622,0.16968233462821877,-0.032906827591558746,-0.022438797262937824,-0.15072466414384642,-0.06301542450483186
#53,-0.06719040293608805,0.008842043758302255,0.1344830576946779,0.14192187778168322,0.23787060579640018,0.3675313945048775,-0.051187992714557644,-0.11770554214007586,0.05520137674775297,0.17186066363258728,-0.06081153254483788,1.0,0.44425769285195854,0.0020596438532503756,-0.034692582634536465,-0.012791520402433958,0.23093574112029652,-0.007370347884437182,-0.10795053568086475,-0.03209429078774987,-0.14361542359186916,0.0860029123510159,0.12484491046118311,0.10278134086831882,-0.06174001561166219,-0.009947641589102878,-0.10532850680385453,0.1839044675829769,0.15565740161685696,0.1399498783477201,0.25632249494446907,-0.028618641785389858,0.17396778154628492,0.08634436040115581,0.2030520343091383,-0.06708449926278262,0.1139660469171532,-0.12790881328543321,-0.029419310074086925,-0.019974710933184824,0.3795733725298653,0.22301761561531402,0.11310238420209343,0.1327602970780629,-0.10099923767614474,-0.01344428873358379,0.09086352577065464,0.16768294631322836,0.20517375962605047,0.08642561408153669,-0.01608092501380856,-0.029957958067623146,-0.03125071325211008,-0.102108487357749,-0.11741248111308412,-0.0576170760543578,-0.12301989802206631,0.014887682763720688,0.08065295092369001,0.020661258884268282,-0.3632276883327932,-0.2721952644624704,0.18151707012010024,0.07275764948623024,-0.05245701086882095,-0.03828326493721099,-0.0017227606166150082,-0.07100749998858796,-0.15321522639192575,0.0035705971232545294,-0.06168797673771038,0.008655799367316848,0.1332998580343,0.03370749588025581,-0.00854350495510506,0.05715694285309974,-0.30075091182149755,-0.21091812094016898,0.06965905407934558,0.07081851670949983,0.38517896351344566,0.0522041202006692,0.4217093400649117,0.46826678596045956,-0.09894141974829618,-0.13937471184614753,-0.16438988985105013,-0.0749195451619824,0.1991628132032666,0.35931564315939873,-0.01617952498550672,-0.18335212514892704,-0.024031004213322864,-0.20597442791474754,-0.18840902554926117,-0.12201472608836567,-0.06828321928907595,-0.006608936991879197,0.054734852807588545,-0.06334591700256086,0.10952448337723163,0.13904513231111942,-0.09967452879712599,-0.09913405487818795,0.08899834297269785,0.18471335253598214,0.004884350449862371,-0.35789689912218636,-0.191295813609535,-0.2823601911743896,-0.27886536995531047
#54,0.23143604468039458,0.035060506603002736,0.21283169076127395,0.3762529271866598,0.2904435629282366,0.37193643953676275,0.04833315834881566,0.12782755960505235,0.22477324288916176,0.19296379646409545,0.09395846932673566,0.44425769285195854,1.0,0.2793227642684658,-0.10216417808250444,-0.04799536214947938,0.020451277463059248,0.02271907681211684,0.021753162274555274,-0.03539373798883447,-0.13288263407998466,0.07998557518932564,0.047128047583615974,0.1342055170336016,0.09280904928629141,0.08421715730803818,-0.022756508282854103,0.17965919102375072,0.44975646719953255,0.05614264129239,0.22462899478241816,0.028087297493460905,0.09670831298187313,0.2138268201052646,0.24128326037239747,0.12139208552634582,-0.05364294941730156,0.05897739047871199,-0.05003309489790794,0.24118374743799842,0.2883026653946053,0.21740837278093003,0.1183272697393948,0.22213295475813336,-0.18275322161713084,0.10951900560102618,0.07629446698955114,0.2997484787758996,0.21864635020336246,-0.004817704172696025,-0.011796391058443307,0.05380545677806333,0.10318852223292417,-0.20920448995056307,-0.21361775164675648,-0.04611374602290624,-0.16198788498495895,0.006102242692874783,0.14511359538406057,0.03254255547389611,-0.36693066504767946,-0.27198710896666317,0.20483139861320965,0.10252297242396162,-0.021058397659163636,0.007673451501138921,0.27631820401977475,-0.027800627205375524,0.05869437204143025,0.0871788083097865,0.338949271227524,0.1926287391528619,-0.010445206261098202,0.1719355265740618,-0.08108295635581808,-0.0024275678217166438,-0.2718172979042941,-0.19831101900331863,0.27689702237215097,-0.015263823396495136,0.23463506598437922,0.18842545887787754,0.002782710312370188,0.3468180967466574,0.09089821835328918,-0.30398919052162127,-0.3547170500349208,-0.13492584460461868,0.23699872641703223,0.3034185888335532,0.1770462917737496,-0.16864064418648175,-0.07300871422898017,-0.1759644309731726,-0.2833598853318848,-0.16244071448460973,0.08320833352353389,-0.0973975998210593,0.064195885277107,-0.19046501755170792,0.14090666325827259,0.1577782139710682,0.014884030912917052,-0.20342543605381003,0.08491922562503709,0.17295804479907972,0.0629588208173755,-0.33648701082317284,-0.23185600752281266,-0.35842093971250805,-0.3332733821159736
#58,0.028691678801462565,-0.07816786645181611,-0.0356858860531253,0.012612579713055823,0.10922959642483807,-0.20508520224406232,0.11953968420620176,0.07715995563001274,0.3941360405720624,0.1984753522894822,0.23502398809496639,0.0020596438532503756,0.2793227642684658,1.0,-0.02974158590750775,-0.16601313753326608,0.05676893370521347,-0.09396120821483839,-0.15130165657082079,-0.11430201719108765,-0.005425737331501321,-0.1908539396622951,0.11088023298808128,0.032079683384535325,-0.05009243747346702,0.1097499851643561,-0.09981786394116868,-0.044359944674460326,0.001843271693134977,-0.21760831161242908,0.00013694440513632817,-0.17140600820753468,-0.031763798290020864,0.04758087708326676,0.08035623804589463,-0.06425066303916153,-0.16021856327059758,-0.003999689592681691,0.1356406943994303,-0.13109048829810058,-0.23284109427709332,-0.14277002013082757,-0.2757558189960149,0.2380239835301529,0.15960596529828774,-0.06243843207785746,-0.13620216646048924,-0.08727740828148466,0.27177438865735143,-0.07999379185363382,0.09047460366006747,-0.11446635047725125,0.160715214979892,-0.3424112257893704,0.00517193370064866,-0.24492872043712655,0.15336586523757573,0.12753723746616333,-0.035060506603002736,-0.09142225894361086,0.05720806876435063,0.04788489366266941,0.050278681864452425,-0.02729393290637111,-0.12221740380796743,-0.07814778127239612,0.15703414936982749,-0.12165501878420758,-0.05313625511829714,0.23109277070485285,0.06453276851374237,0.17373315013215135,-0.020825592170431877,0.17187892288660547,0.07261066249138391,0.12149525031154852,0.041833776881045524,0.12694563763597438,0.07901053102475498,-0.23510432881264637,0.027167944053645688,-0.05652517266407081,-0.12967174426088823,-0.12754728005587332,0.16948969949832698,0.07973542340927661,0.024986876161174437,-0.37573436437254354,-0.10943501303254255,-0.1945468737874714,0.02212838994462881,0.06985260217193827,-0.11207073635006642,0.08735135826025828,-0.017155482112778283,-0.20905658999301582,-0.13112883273153875,-0.021629912309932577,0.043493543071297824,0.0004354832083335235,0.06214171920006208,-0.019208735227122294,-0.06984438550763009,0.11623202034080897,0.015095838259527906,0.016453413795779373,0.006140587126312954,0.0686602728845513,-0.05757416680741508,-0.06663258272583274,0.03729635225752852
#101,-0.10886532430717542,0.11883761588920284,-0.3385028324667796,-0.01179365217034058,-0.0459247627438181,-0.15563731643743695,0.14583392295507766,0.025307326069193444,0.04864447862982558,0.14787439459160895,0.28078898236612543,-0.034692582634536465,-0.10216417808250444,-0.02974158590750775,1.0,0.40206786051755855,0.11683640164881064,-0.0613392249859632,0.5614793647605527,0.03561193607435168,0.5184432160024102,0.15789781208488726,0.21980489987081578,-0.06558815339599301,0.20795646993842068,-0.09738847019405023,0.0654941182377994,-0.17097235092460297,0.3462757969023176,0.09758932198825017,-0.02297653229377314,0.1430831663372393,0.05705742991870067,-0.031950955643707174,0.11114955698484938,0.10582515851314894,0.255812148794661,0.17210807652453358,0.4103018711170555,0.02648139610256223,0.23952032939694248,0.2551319915824839,-0.03065911342192115,0.1418369722504987,-0.24960948020468623,-0.1023869409815262,-0.10404122939557305,-0.26755193616564793,-0.523213446114659,-0.39775776360656784,-0.286612771435223,-0.10555492155367993,-0.013457070211396513,0.21874038536155604,0.28536109957227695,0.3576220973492128,-0.1997626296977637,-0.2992719122460252,-0.5166611128102362,-0.36047693171495476,-0.19193853935097482,-0.21682133776424564,-5.2951836652713555e-05,0.050956100188526796,0.002482345583771175,0.1451263768618733,0.06367275764948623,0.04400571514650769,0.6100581100759128,0.08148648586961979,0.26212985068495026,0.003460128636444558,0.3081276504448411,-0.14066655406793355,0.10831389483582649,-0.2606070288998343,-0.12383060890047337,-0.33213035281443576,0.11104365331154396,0.10839240962810465,-0.18817804598593124,-0.037911689117941086,-0.15341151337262116,-0.12713735980316523,-0.06398133904239342,-0.2632893133151045,-0.2806922083198291,0.02620385544148594,0.061659674893982205,-0.15925630058383966,-0.12470614013064496,-0.2183532891763707,-0.3287816056275021,-0.19448570528651052,-0.3568917271884857,0.2573358835424779,0.03883012959505539,-0.05414964371630597,-0.18908735683603647,-0.2602445827075735,-0.32121314483696767,-0.1751601108336719,-0.009358780647016667,0.08503882373885614,-0.026523392386804037,-0.09232791794291244,-0.11326032674935066,-0.17311050957013152,-0.15003629026736112,-0.16545075250950622,-0.1439623494182145
#102,0.1004167674729649,0.10170313191854546,-0.011213007892562549,0.11021559614181962,-0.06664171235284183,0.10812765044484107,0.15885368403273883,0.0019135698211049587,-0.1819041663052856,0.12265653886710458,0.17811810998461658,-0.012791520402433958,-0.04799536214947938,-0.16601313753326608,0.40206786051755855,1.0,-0.040813997544130336,0.2181387429416571,0.48334162607786657,0.36703200390748036,0.17910867451510268,0.4527509848585136,0.1406829873965499,0.2603404437911689,0.050629259541601426,0.26906562832375486,0.004762926410641493,-0.08452117388744083,0.1797906576526816,0.25136236859043126,0.24106962710038482,0.31617815554145534,0.10644323426166424,0.09100229610119279,0.1394468358995193,0.11729470892466688,0.1324115453263157,0.12316049427800627,0.22233563247773513,0.15227487480998964,0.17368111125819954,0.20283018437281744,-0.0689798098298694,0.1422167647340768,-0.2672780473553753,-0.030305796856669422,-0.016896200705720166,-0.20491447821899236,-0.2735254511176946,-0.2285519955082235,-0.28626767153427946,0.1556628793930624,0.06991377067289915,0.4345437697142883,0.2260641721482469,0.41485116425568436,-0.24469226309759115,-0.2688255191334158,-0.33782997895620975,-0.3041562626958876,-0.28532914587774516,-0.21303619440627752,-0.14594530440458856,-0.036119543336057006,0.16927880511441706,0.1696029068732397,-0.32798002437610413,-0.19025868798130252,0.48720163237730924,-0.016237954598364884,0.2337796199336276,-0.05948682366581913,0.10466386995759289,-0.11841582712138296,-0.004546554250526095,-0.1502800513085038,-0.19651339544522908,-0.23359702739344584,-0.07265722358913027,0.3652663340439226,-0.12613857860837097,-0.07915204024339585,0.10655552867387603,-0.003471997151556373,-0.36758982411773566,-0.21207940949572504,-0.3786056320669019,-0.05156869816083664,0.08540674770732241,-0.09485317277362633,-0.019534662911346756,-0.41164483925009243,-0.2685488914350404,-0.3362368590431238,-0.36420364546006473,0.29746333313552475,0.39799695983420597,-0.06122784353645232,0.1419912629469523,-0.25990404762013447,-0.019383111102995888,-0.2476173955913031,0.3208315264279878,-0.19117165068221137,0.09566662254013612,0.10033733971798582,0.11935617870331908,-0.2271177311050957,-0.1193899583232527,-0.2877229340795282,-0.26493447210214227
#201,0.1101827294845869,0.05855012393468665,0.29801202371877095,0.2942305322116065,-0.09158567926707355,0.04144120291965472,-0.1233184368252635,0.05144910004701758,0.1377715493433516,0.5492301442024586,0.30154427640858733,0.23093574112029652,0.020451277463059248,0.05676893370521347,0.11683640164881064,-0.040813997544130336,1.0,0.15901071361729516,-0.10213587623877626,-0.20273067143841839,0.0659998995741029,0.05709029657593339,0.17536278855327367,-0.04367796153688141,-0.061870569277892154,0.09736655908922841,0.029814622923580458,0.1731196391971406,0.08497582931249344,-0.16691970949526858,0.26468340735939233,0.08181241355384426,0.3083869318518992,0.022057178853957922,-0.128411855733634,-0.3139888709846759,0.07529203394395322,-0.29262919563421236,0.2645455499915551,-0.31019824985050237,0.07435350828741892,-0.05744087425308239,-0.0968187814686831,-0.017449456102470933,-0.05098805388305861,-0.22481615213610448,0.26382887427134166,0.006963166519831832,0.013341123948381089,-0.21020144521995554,-0.11661363874978888,-0.14581383777565768,0.0923142235023988,-0.1724084412531326,-0.08001296407035291,-0.24973090424390712,-0.11677979796135429,-0.1646026101603619,-0.30669064715361055,-0.21154532631569337,-0.03930669612492982,0.016247997188074882,-0.07120196104388155,-0.013731871984370078,0.346661980124802,0.19492575330834858,-0.03670383946463867,-0.16997174380440688,-0.014610142102644396,-0.06138487312100864,0.06335048181606541,0.015790602874919544,-0.0483888490735711,0.028772019519142544,-0.04169318062510556,0.12524022331067663,0.02201792145781884,0.08445361464757357,0.18374196022221512,0.15302898200094034,0.07827285716242063,0.06479661473430504,0.049446972843924464,0.13944592293681843,-0.1445466455467962,0.046345638548937085,0.008191101352554242,-0.1418159741083778,0.03312593863977687,-0.06579996074260386,-0.2631450652083609,0.08321563722514116,-0.18454719332441674,-0.09027649075397025,-0.17127636750400563,0.2507780724618496,-0.06033131416415982,0.38147963864936296,0.34636709317240844,-0.16661021513966046,0.15495807218796076,0.4813696266439035,-0.08224880972487869,0.33937653777154936,0.18820087005345396,0.3372548124546372,0.16272921069809693,-0.032095203750450774,0.18917865310612736,-0.1003446434195931,-0.1601975651284767
