,#10,#11,#12,#13,#17,#18,#26,#49,#50,#51,#52,#53,#54,#58,#101,#102,#201,#202,#301,#302,#401,#402,#501,#502,#601,#602,#701,#702,#801,#802,#901,#902,#1001,#1002,#1101,#1102,#1201,#1202,#1301,#1302,#1401,#1402,#1501,#1502,#1601,#1602,#1701,#1702,#1801,#1802,#1901,#1902,#2001,#2002,#2101,#2102,#2201,#2202,#2301,#2302,#2401,#2402,#2501,#2502,#2601,#2602,#2701,#2702,#2801,#2802,#2901,#2902,#3001,#3002,#3101,#3102,#3201,#3202,#3301,#3302,#3401,#3402,#3455,#3501,#3502,#3601,#3602,#3701,#3702,#3801,#3802,#3901,#3902,#4001,#4002,#4101,#4102,#4201,#4202,#4301,#4302,#4401,#4402,#4501,#4502,#4601,#4602,#4701,#4702,#4801,#4802
#10,1.0,-0.07919403652763767,0.33084124948075244,0.25034532814161875,0.10538054567780633,0.2405026772631204,0.005496948422172212,0.33190211213920856,-0.1496008070590276,0.048375154633057464,0.10165109304459366,-0.19025321020509708,-0.23141139468747005,-0.05039554109016876,-0.15758649180387735,0.11307316939566434,0.20913784367339672,0.2265708664472513,-0.13795049003272972,0.0018578790963495186,-0.12745963563658608,-0.12578434908041833,0.03936329981238616,0.12809140582561498,-0.00446256168204248,0.14737591695691274,-0.07103762775771796,0.037500855902532104,0.20089835529769431,0.030264713535128523,0.08082367494875997,0.10986958327817517,0.0740001917221672,0.12493346784317126,0.02259308795939142,-0.11662915911570433,-0.1635189234343831,-0.2052394929405159,0.05919832745233194,0.013510022048049228,0.1033053814586405,-0.07295758831772928,-0.13326242656356274,-0.00595251680992573,0.008339001310101476,-0.052320979426385535,-0.3024828020651216,-0.2104543358881073,0.14567689337052134,0.12099951156495502,0.09406893781354563,0.21548110851931143,0.15531595356671704,0.1881314848881849,0.14063825222420537,0.06751633062031251,0.1281534872892768,-0.14393130868638362,-0.08037175841181009,0.14426545303491625,0.019130220434844133,0.0441408336262422,-0.3380691751838479,-0.2539560956237133,0.13612730351901473,0.007087329447155437,-0.2987077012968635,-0.054462789922717705,-0.0512756371338449,0.020779944035386435,0.17609681056480436,0.22620568136688776,0.09774817749820831,0.07362770294019638,-0.06493355913944136,-0.0767226464962774,0.13565804069074758,0.07573208196579129,-0.2227537693947514,-0.03190622047136264,0.05246887938393277,0.19570451049222384,,-0.13964768769371927,0.002075164219165826,0.11685192201472609,-0.013644227565082828,-0.1305874458498998,0.12948823875800555,-0.2394993312548216,0.02030520343091383,-0.01831403178023162,-0.07251480140778849,-0.10598857883661163,-0.29068002026777195,0.06339065217490539,0.19500152921252403,0.2830759539319021,0.2563416671611881,0.18559253561695738,0.05960459585423637,0.0754034153934641,0.24258240629579078,0.13627337755116015,0.05393783636969512,0.1796683206507598,-0.06965175037773831,0.08945847617395591,0.054701986150355826,-0.045084837058981954,-0.14908680905841593
#11,-0.07919403652763767,1.0,0.09144325708573177,0.010166752637321003,-0.1778323526592321,0.12693285615816166,0.19573555122405475,0.02681462748839396,0.09812614405638458,0.08159238954292522,0.08654338626995393,-0.03128997064824916,0.01443941807757444,0.06670561974190545,-0.06597524958117836,0.2832165501878421,0.19369690551292526,0.1276495318783751,0.10529198829581818,0.22409399863968557,-0.18820087005345396,0.14754298913117905,-0.060670936288897914,0.014826514262759796,0.021025531001930917,0.1471358077665737,-0.06785686570775151,0.11146635504206476,0.04228112860449086,0.21166401146681152,0.18197902924676013,-0.050605522511377794,-0.017758037495378125,-0.16651344109336413,-0.042622576654630775,-0.19329246303642264,-0.15752441034021555,-0.037145713411878556,-0.2967247463104895,0.08191466537634605,0.10602235845654526,-0.028953699096623407,-0.018151524419469843,-0.010506374762059095,-0.09996850278681864,0.10626885838579064,-0.19063574157677787,0.07043507237511812,-0.1241026717853442,-0.08871349861001429,-0.017631135679951795,-0.06655680682165731,-0.09633308531179959,0.08577832352659231,-0.21290564074004756,0.10479898843732739,-0.21375013123838826,0.10921681494702534,-0.2165702730214957,-0.10064135629738848,-0.3034258925351605,-0.3093373260235453,-0.010783915423135388,0.10862977993034095,-0.06566575522557026,-0.025633253753417903,0.2204248015447329,0.1585076711690944,0.10710056740631861,0.09350198797628123,0.12912579256574472,0.20956237132931935,0.04440467984680486,-0.21127600231892527,-0.08924392993924234,-0.06560093487380574,-0.3681659035820092,-0.14889052207772052,0.049523661710800804,0.20841842906508054,0.11616537406364263,0.14923562197866405,,0.24369165597739503,-0.010555674747908174,-0.13323138583173186,-0.006345090771316538,-0.05893356826906837,-0.015218175261449694,-0.00741143120597808,-0.08844143572514344,-0.08022659734236558,-0.09173814403812532,-0.027894662363569137,-0.021590654913793497,-0.04135081961226474,0.047116179068504155,-0.05125646491712581,-0.02504621873673351,-0.1384124491593896,-0.11721162931888418,0.1843582100453286,-0.3725106930756344,-0.026239460986821384,-0.06607841436638107,-0.014788169829321624,0.0512865926862558,-0.2536749031118334,-0.19910986136661388,-0.22992509141039044,-0.10719825441531586
#12,0.33084124948075244,0.09144325708573177,1.0,0.19025229724239617,0.017616528276737254,0.18493337654690117,-0.07018583355777,0.29870039759525624,-0.2516919481254593,0.1639635362697257,0.05664568374059078,-0.32632299707395457,-0.09831969214897725,-0.1217928761520448,-0.41306906106351027,0.12936407583068193,0.3504261253406492,0.5232043164876499,-0.21759553013461636,0.03712197638165493,-0.30569916966042354,-0.2800860010864256,-0.04930455066258268,-0.0765683557998238,0.03333135524748136,0.03198382230093989,0.05672419853286894,0.34407829568122994,0.10055918965430667,0.1053266808784527,0.18422948230450045,0.19521424952183578,0.1591074876635915,-0.0588541405140893,-0.11725819041663053,-0.0554825692596329,-0.16615373378920603,-0.28775853962486364,-0.024436359652526395,-0.03541291020555355,0.0541112992828678,-0.0821566004920869,-0.1136054266502942,-0.19677998055389448,-0.1073881506571049,-0.14261572943437395,-0.2114850707774334,0.009336869542194854,0.40837917166894144,0.30076551922471206,0.1187198437007856,0.46377866132279166,0.3252749158933112,0.3361966886842838,-0.007559331163525314,0.1373917568597735,-0.07216331076793858,-0.2988921197624471,-0.12264284442659096,0.15681960313511392,-0.13759991235558072,-0.048747643415028276,-0.48207899866250964,-0.3103059794492096,0.5101443850511488,0.29705067399471397,-0.3359666220836548,-0.1064806657324015,-0.3534279467012375,-0.3600852707162649,0.21934202778145498,0.19784997283935965,0.20118959039928425,0.24440924466030942,-0.22038189229779018,-0.06699594188079445,-0.1248549530508931,-0.016633267447858417,-0.2523246312771892,-0.023303372940698508,-0.14848973145202152,0.015996932445324945,,-0.019080920448995058,-0.1508780418775991,-0.008918732625178599,-0.1453628342014087,0.08608051418059315,0.12149707623695034,-0.08655708071046757,-0.09938238073283516,-0.2234056247632003,-0.23521844915025997,-0.015587012192616871,-0.20148082550087415,0.4096016287254584,0.1869062889435652,0.35814248608873084,0.43872057407094633,0.2975016775689629,0.0977673497149274,0.1672830686502303,0.18326813258044342,0.03197104082312717,0.015301254867232399,0.09776095897602104,0.10048797856363578,-0.15681321239620755,-0.06525674793556309,-0.002031342009522201,-0.08604308270985589
#13,0.25034532814161875,0.010166752637321003,0.19025229724239617,1.0,-0.06220653955182661,0.20431283579909343,0.06096217139048784,0.3346528687570469,-0.07884437181318957,0.3335974838747963,0.09613679833110418,0.021463753098367167,0.0365112043347469,0.012603450086046734,-0.009103151090762186,0.14152108715598424,0.14268602756234394,-0.18230313100558276,-0.0011019459799969872,0.007375825660642634,-0.16106396673163917,-0.03310950531116051,0.0867670621316766,0.07097463333135524,-0.07926889946911218,0.08461247015753172,0.04698197355147055,0.3041900423158212,0.12637594891060724,0.06836264704405501,0.21162475407067244,0.10145663198930008,-0.07601510040307304,0.1608183797650947,-0.010434250708687297,-0.09882547348528076,-0.08512372927004067,-0.07354918814791822,0.24147224365148562,0.09112280717771276,0.11139696987679569,0.1132137656516043,-0.1753874385461982,-0.04453158166223119,0.16921307179995163,-0.06298620969840277,0.03309215901984324,0.014192005185628142,0.1472389725517764,0.08219585788822598,0.09939242332254515,0.11175576421825287,0.19954260568684468,0.01747775794619911,0.15384334473015104,-0.07043963718862266,-0.03609032852962792,-0.1996813760173828,0.015671004761100484,0.06955223744333926,-0.08118703410372169,-0.01954014068755221,-0.1784714265498683,0.07286537908493748,0.19670420464971902,0.0019510012918422218,-0.11971406008207534,-0.11767997918445042,-0.010671621010923598,-0.03195643341991263,0.11920280096956638,-0.0084549475731169,0.05758329643442417,0.1043260737582566,-0.24452975573682936,-0.2141563996402927,-0.17079706208602846,-0.02704743297712572,-0.09705432584551758,0.05221233686497738,-0.09101507757900551,-0.03217828335623348,,0.10675729343077689,-0.06967092259445741,0.15385430028256195,-0.19169295238443032,0.049486230240063545,0.009742224981398385,0.03369288847704127,-0.10376003688369312,-0.036607978381043245,-0.17811080628300932,0.07744114814189267,-0.16728854642643576,0.09196912360145526,0.06965631519124287,0.06529417940630036,0.11077341635207494,-0.13556035368175035,-0.023910493136802897,-0.18858796623863933,0.27439733049706255,-0.20562111134949582,0.20047382764177168,-0.31186805863046463,0.03625557477849242,-7.668886687634376e-05,0.028373054818845375,-0.015032843833165195,-0.116151679623129
#17,0.10538054567780633,-0.1778323526592321,0.017616528276737254,-0.06220653955182661,1.0,0.00981708792287291,0.0699895465770746,0.034826788151570066,0.020118046077227517,0.15466044634746448,0.04078569570040216,-0.10715534516837315,-0.12842646313684855,0.012628100078971274,-0.038160014972588294,-0.23453737897538196,-0.1626315236890997,-0.03705350417908676,-0.10413526455376666,-0.056322494944469045,0.19193397453747027,-0.2541542085298105,-0.0938909100868684,-0.15893493771311973,0.0888805707842806,-0.20671757955328735,0.15295594498486764,0.12425696248179781,-0.04078569570040216,0.1272277431105552,-0.1214715132813249,0.23892872956675354,0.0841158184482373,0.10497884208940644,0.23678691907042138,0.20170450136259682,0.16153779437341087,0.039237310959660744,0.18104689432913218,0.14776118721669626,0.11890061031556556,0.20092300529061885,0.10292011119885697,-0.1527231394961359,-0.06518097203138766,-0.14228158508584132,0.24802001214240393,0.26337330588358815,0.07062496861690716,0.01951640365732858,-0.14149278531225606,0.11172563644912287,-0.1345761798901706,-0.02914268237571154,-0.03937242943939526,-0.055205941561257514,-0.052881538524743574,-0.14750099284693724,0.3795149429170071,0.10323782221877326,0.14082449661519078,0.0990783641534325,0.020431192283639252,0.014672223566306198,0.013174051774114768,0.03398960135483665,-0.07731424632646633,0.029067819434237013,-0.0795482660555903,-0.06847220256816408,-0.024534046661523642,0.023463141413357556,-0.17450734250252206,0.0800230066600629,-0.16095532417023103,-0.013800344186938242,0.04480181862170021,0.1776461082682467,0.06993568177772097,-0.17934969666814263,-0.12408897734483058,0.08811185619011536,,-0.03200390748035989,0.20012872774082816,0.08532914587774516,0.00729183309215902,0.13036194406277532,0.14281932011667664,0.13065135323896343,0.14878827025521874,0.19294097239657274,0.038654840756480895,0.0520799572733456,-0.07826829234891608,0.12604454345017735,-0.1978654932052751,0.27998374926392383,0.06408450382759612,0.04933924324521722,0.20398416922676624,-0.135393281507484,-0.010891645021842632,0.022829545298926814,0.09346090465474033,0.010340215550493685,0.12218636307613652,0.1387949805310704,0.11613250740640992,0.10527829385530454,0.060566858540994306
#18,0.2405026772631204,0.12693285615816166,0.18493337654690117,0.20431283579909343,0.00981708792287291,1.0,0.07141924616669786,0.24027991436409865,0.02169929747520165,0.04073091793834763,0.19419264425951877,0.2922813568451661,0.23472179744096555,0.0755777912693377,-0.12661058032474085,0.18861261623156386,0.15437468902208,0.049613132055489874,-0.044376378003076686,0.11843865118890567,-0.3145348226798194,0.04405775402045949,-0.1366495181839346,0.14238109802024038,-0.2824679207730968,0.18845649960970845,-0.2341995827760457,-0.0010143015607097371,0.41031830444567186,0.1483637425992961,0.15533238689533338,0.11571345752669275,0.16193402018560532,0.2533809291221407,0.15063336787375553,-0.03437943642812473,0.08977344830576947,0.08276919846439673,0.07622782071238479,0.027409879169386534,0.15724686967913926,0.116852834977427,-0.059118899697352865,0.04408514290148676,0.29439943031127463,0.14215924808391953,-0.18921791050226644,-0.0335413366686904,-0.18191238296959378,-0.10807287268278655,0.02944487302971237,0.0733401196894101,-0.08795300068015721,-0.004824094911602387,0.0478839806999685,0.06824852670644141,-0.14291609416297296,-0.06425340192726427,-0.08000748629414746,0.08607868825519134,-0.22500878726599624,-0.24869286565297374,-0.010910817238561719,-0.062054074780774834,0.004690802357269694,0.07317122158974194,-0.09043443330122748,-0.18325991591613525,-0.040497199486914964,0.05599108948403913,0.16102927414900464,0.0617829248586049,-0.02820963449538269,0.01563539921576504,-0.18634572984520717,-0.3078017227606166,-0.23293878128609055,-0.3032743407268096,-0.05136510747853396,0.11849342895096021,-0.13856400096774046,0.1433734884761283,,0.16599944309275244,0.23801120205234017,-0.022725467551023202,-0.32209324088064384,0.13755426422053527,0.09068002026777196,-0.010179534115133726,-0.09930112705245427,0.16767746853702292,0.149506771900834,-0.2239123190622047,-0.1616628702634354,-0.10692162671694048,0.16695987985410857,0.07736080742421268,0.2393139998265371,0.005229450350805918,-0.028256195593129044,0.2795966530787385,0.06775096203444608,0.11737139779154322,-0.05721811135406063,0.06600446438760744,0.12698124318130982,-0.2474110660208977,-0.11075333117265494,-0.2446146612680139,-0.4027261066249138
#26,0.005496948422172212,0.19573555122405475,-0.07018583355777,0.06096217139048784,0.0699895465770746,0.07141924616669786,1.0,0.1772946176283968,0.12820826505133132,0.2134680257638074,0.23218558705784076,-0.07777255360232257,0.1990815595228857,0.23518284360492453,0.016778428517302924,0.17769632121679668,0.15997845408025854,0.04596493310265809,0.09294964554223137,0.14284305714690027,-0.1703122788918459,-0.008538027178899605,-0.2500586578535334,-0.01566004920868958,-0.21443485326406989,-0.09879443275344986,-0.020174649764683864,0.06456380924557327,0.06311037262572637,0.05069955766957141,-0.028357534452929926,0.012848124089890308,0.07929263649933582,-0.04041046803032862,-0.06331670219613178,0.02409765049048921,0.11830901048537662,-0.13459170025608605,0.14290605157326297,-0.01332469061976473,-0.021912930747214322,-0.05837757398421488,0.016877941451701992,-0.08883948746273972,-0.13371251717511082,-0.03888490735710993,0.046472540364363414,-0.029275061967343325,-0.014134488535470884,0.05171112034217842,-0.06388000018259254,0.05865237575718844,-0.10496058283538826,0.21275682781979943,-0.07520621545006778,0.06391469276522707,-0.06342717068294175,0.004280882104561618,0.11806524944423395,-0.07924516243888856,-0.18080495921339135,-0.13728859207457078,0.0949526857080254,0.20317345834835918,-0.08449013315560992,-0.0957871336166561,0.10946240191356982,0.2812618970451962,0.14425541044520626,0.05246248864502641,0.31815563275162395,0.1872048277467624,0.1433196236767747,0.1810898035760749,0.17907306896976724,0.10326886295060415,-0.10217604659761625,-0.10538967530481543,-0.05859577206973209,0.16301679394888322,0.028421441841993546,0.040918075292033944,,0.2739399361839072,0.11173750496423468,-0.07782824432707802,-0.20798842363295247,-0.07189855158467501,0.03420323462684932,-0.011103452368453486,-0.10202905960276992,0.041650271378162844,-0.12276883327931637,-0.1280421058397659,-0.33371890791401715,0.08787722477598178,-0.1436811569063346,-0.23390560878635303,-0.1258126509241465,-0.0698772521648628,0.11972775452258898,-0.07171595904449324,-0.0748985470198615,-0.02488736322677537,0.18420026749807136,-0.024693815134182694,-0.05498317866223575,-0.08733857678244555,-0.17412572409354216,-0.30729228957350946,-0.28105921932559447
#49,0.33190211213920856,0.02681462748839396,0.29870039759525624,0.3346528687570469,0.034826788151570066,0.24027991436409865,0.1772946176283968,1.0,0.16865159973889265,0.24029726065541593,0.2593160996407492,-0.11098978851219034,-0.10412157011325303,0.10763830243715393,0.010006071201961043,0.062042206265663015,0.10404396828367576,0.10902417981713357,0.09431543774279103,0.10207562070051628,-0.14034975601071817,-0.11188631788448283,-0.013207831394048396,0.0005934257555907553,-0.06247312466049199,-0.08903577444343512,-0.14334609959510103,0.1742535388716694,0.27944784015849033,0.1296270090885437,0.18313940483961527,-0.00285300844034017,0.12657862663020902,0.18634025206900173,0.3166355498546107,0.02848169738025353,0.07875216258039777,-0.06746611767176253,0.032407436994161605,-0.12704423760767253,0.08239488375702411,0.133019578485121,-0.07900048843504498,-0.09639151492465775,-0.054280197382535936,-0.08828349317788622,-0.014031323750268183,0.03357968110212857,0.04865817307033921,-0.0763930669612493,-0.12144868921380217,0.04480455750980294,-0.1195040786608663,0.0822716337924014,-0.023432100681526655,-0.015144225282676076,-0.1500344643419593,-0.31154760872244563,-0.07809848128654703,-0.17897538196076998,-0.022604043511802327,0.00012690181542633077,-0.07538150428864229,-0.2719934997055695,0.1429498737829066,0.014841121665974337,-0.14577914519302315,-0.19210926337604478,0.06401877051313068,0.0913857404355745,0.23232618331378072,0.08355160749907563,0.12810875211693226,0.3863466428079081,0.026319801704501364,-0.130475151437688,0.04752792524661405,-0.08922201883442052,-0.027575125418251037,0.15592763857632597,0.1521881433534033,0.053065044027626254,,0.0625151209447338,0.17074228432397395,0.06347555770608992,-0.15141303802033168,0.012370644597314977,0.030468304217431196,-0.005255013306431366,-0.27053367234681625,-0.01931555186312863,-0.1927410335650737,-0.060366919709495266,-0.24699019021577873,0.030517604203280275,0.12307741467222356,0.1753573107770682,0.06483039435423865,-0.05767367974181415,0.018508492835525206,-0.06904554314433484,0.26960701520539376,-0.015473804817704172,0.11065381823825587,-0.024510309631300013,-0.014874901285907963,0.03754285218677391,-0.16237315524474247,-0.10520525683923183,-0.26131092314223503
#50,-0.1496008070590276,0.09812614405638458,-0.2516919481254593,-0.07884437181318957,0.020118046077227517,0.02169929747520165,0.12820826505133132,0.16865159973889265,1.0,-0.022096436250097003,0.2188700260650851,0.14720519293184278,0.25340466615236434,0.3284529390551749,0.3332852506310855,0.07277590874024842,-0.03114298365340284,-0.22042845339553652,0.28208082458791145,0.09993107131608138,0.12224844453979833,0.15070914377793096,-0.1022216947326617,-0.11164438276874199,-0.1873463369654033,-0.06831791187171048,-0.23099690962125743,-0.13731324206749534,0.1572916048514838,-0.057236370608078804,-0.19059557121793788,-0.05701178178365523,-0.20178210319217407,0.003310402753495506,0.15083878448146001,-0.08758507671169094,0.11406555985155227,0.10264074461237886,-0.32427248284771326,-0.32265562590440366,-0.11643378509770984,-0.022924493419821335,0.02752673839510287,-0.015838076935366804,0.005948864959122095,0.15832507862891262,0.013030716630072079,0.03335783116580772,-0.20549968731027493,-0.33594379801613206,-0.13725298652923534,-0.35366440404077293,-0.3720058247020318,-0.3333272469153273,-0.040852341977568506,-0.3097280740595343,0.013576668325215573,-0.10543623640256178,-0.11420341721938951,-0.35206215450067785,0.03382070325516851,-0.1075323987638485,0.35565009791524965,0.1039435423865758,-0.2268712311758503,-0.1827723938338499,0.4076040663358699,0.15606823483226592,0.34458955479373893,0.17230162461712628,0.13579863694668753,0.023768983918162023,0.047499623402885875,-0.02578024074826423,0.20210894383909944,-0.06644542537214643,0.028622293636193494,-0.12008380997594344,0.3119319660195283,0.14174202412960418,0.09587477803594334,0.11985922115151985,,0.06367458357488805,0.07432520644369074,0.017426632034948212,-0.15176361569748067,0.10861882437793004,-0.00813723655320062,0.09171805885870533,0.06330483368101997,0.17361811683183684,-0.0899103927109058,-0.1889558902071056,-0.07734437409559633,-0.23733013187746216,-0.14254269241830125,-0.12785129663527597,-0.2046214171920006,-0.19017834726362254,-0.2664545549991555,-0.18933476972798277,0.0156728306865023,-0.16752226487786842,0.05140710376277577,0.057397052043438763,-0.07586446155742307,-0.09277526966635778,-0.08907137998877056,-0.1257706546399047,-0.2037011507894845
#51,0.048375154633057464,0.08159238954292522,0.1639635362697257,0.3335974838747963,0.15466044634746448,0.04073091793834763,0.2134680257638074,0.24029726065541593,-0.022096436250097003,1.0,0.3285780149451994,-0.051705642565972966,-0.034542856751587414,-0.039881862626502396,0.05803247408327133,0.15677486796276938,0.23376044771690851,0.014723349477557095,0.27172600163420324,0.1436199884053737,-0.13332724691532727,0.015178917865310613,0.1365463533987319,-0.1197496656274108,0.07802087945696978,0.05271903116398179,0.13045780514637076,0.20712110906708905,0.11614346295882082,-0.05739522611803695,0.17910684858970086,0.11771284584168314,0.12750163192082786,0.0918285273455153,0.05302213478068354,0.024574217020363633,0.0034263490165109306,-0.07713804452519092,0.31318546380787615,0.24734533270643227,0.24029726065541593,0.1504242994152474,-0.14630227282064392,-0.1370932180565763,-0.10337385366120867,-0.006329570405401087,0.032716931349769704,0.0028411399252283548,0.07399653987136355,-0.10695084152336956,-0.2606764140651034,-0.07285259760712476,0.13871281388798862,-0.07885989217910502,0.13108501052189514,0.0002620202951608412,-0.11557377423345369,-0.21650545266973117,0.06822296375081596,0.13898761566096218,-0.14647390980841477,-0.11767358844554406,-0.14750373173503997,0.07791680170906617,0.07207110153514679,-0.10049345633984123,-0.16692610023417492,-0.04995092825482615,0.0683809062980732,0.05877014794560568,0.1810295480378149,0.0919106939885971,-0.038954292522378996,0.16383572149159847,-0.15032752536895105,-0.11817936978184757,-0.2517211629318884,-0.08769098038499637,-0.12716109683338886,0.07987328077711385,-0.09470253392797637,-0.2017921457818841,,0.06689095117018994,0.19727937115129163,-0.1500545495213793,-0.21727508022659733,0.05601300058886094,-0.054073867812130534,0.09502298383599538,-0.04239524894210447,-0.11497304477625567,-0.09866205316181807,-0.07582155231048035,0.013629620161868286,0.11425636905604221,0.13578950731967845,-0.02446466149625457,-0.08518489777100156,-0.02511286501389986,0.0833215408984466,-0.05493205275098486,0.04959852465227533,0.021167040220571788,0.39929245390679563,-0.024209944902701,0.2438532503754559,-0.09193808286962436,-0.17413211483244853,-0.15979312265197404,0.06773818055663336
#52,0.10165109304459366,0.08654338626995393,0.05664568374059078,0.09613679833110418,0.04078569570040216,0.19419264425951877,0.23218558705784076,0.2593160996407492,0.2188700260650851,0.3285780149451994,1.0,-0.09828773845444544,0.05545791926670836,0.08429475913761543,0.14555090451779593,0.20797838104324248,0.1671689483126167,0.10731146179022856,0.27305984014023105,0.20217102530276126,0.13259231194109564,0.1769659510560696,-0.14637804872481935,-0.02939009526765784,-0.011888600291235101,0.07533950800440048,0.017890417087009912,-0.0715872313036651,0.06577439778697841,0.06364719469386078,-0.04822816763821114,0.04425677988925762,0.05956077364459275,0.08030146028384011,-0.03369745329054581,-0.043637791178041424,0.11583488156591362,-0.025447922325133408,-0.07097645925675707,0.14330775516166286,0.22152583456202896,0.07287359574924566,-0.021405323485508998,-0.12127431333792858,-0.1771101991628132,-0.03097499851643561,0.03952672013584885,-0.02046405894087197,-0.15645076620394674,-0.198257154203965,0.04462744274582662,-0.03448625306413106,-0.06696033633545902,-0.010582150666234531,0.1304934106917062,0.08483158120574984,0.028245240040718135,-0.10343045734866502,-0.12408806438212967,-0.05161525925858299,-0.22660555902988583,-0.22842509369279718,-0.08552451989573966,-0.023966183861558337,0.048227254675510235,-0.03104164479360196,-0.04790132699128577,-0.009486595425143905,0.17868414685918008,0.04257053778067897,0.1602934262120721,0.08537935882629515,0.15024079391236472,0.20874800860010864,0.15645989583095582,-0.06012589755645533,-0.21570752326913684,-0.2545577380436122,0.030108596913273108,0.07659665764355197,-0.1366513441093364,0.01805018555966896,,-0.0176110505005318,0.07843901637398604,-0.2137236553200619,-0.3075141395098303,-0.039020025836844434,0.0007604979298570757,-0.027092168149470252,-0.019049879717164157,-0.1272469153272743,-0.010115626726070106,-0.3034149369827496,-0.24980576718538164,0.0817968931879288,0.0008545330880506877,0.044308818763209426,-0.04477351677797203,-0.006346003734017447,0.04018861809400777,0.04522086850141738,0.17359164091351048,-0.01545280667558327,-0.00019628698069540368,0.10151962641566278,0.11912246025188641,-0.2716922220142696,-0.16012909292590852,-0.3779985118707975,-0.24250023965270898
#53,-0.19025321020509708,-0.03128997064824916,-0.32632299707395457,0.021463753098367167,-0.10715534516837315,0.2922813568451661,-0.07777255360232257,-0.11098978851219034,0.14720519293184278,-0.051705642565972966,-0.09828773845444544,1.0,0.18063971296452683,0.1374118420391935,0.24264448775945258,-0.002025864233316748,0.08052513614556277,-0.2668736048788727,0.09376492123414298,-0.013912638599150031,0.045345944391441885,0.2051354151926123,0.20277997142426746,0.24579786092839176,-0.1994659168199683,0.11939817498756089,-0.2838054111299283,-0.25863868131667483,0.1518695193707861,0.10127130056101558,0.010563891412216354,-0.22328876553748397,-0.19712051564133348,0.13509839455509046,0.16151405734318725,0.028037997507611826,0.04266913775237713,0.2790616569360059,-0.0935193342675985,-0.14117416132963886,0.03545216760169263,0.1885441440289957,0.015245564142476959,0.21243090013557497,0.2241706875065619,0.4058128335166867,-0.08226706897889687,-0.21353375907827285,-0.29973021952188145,-0.25335080135301075,-0.17412572409354216,-0.27874759776689323,-0.20882195857888225,-0.3399097079888801,-0.03194547786750172,-0.2322723185144271,-0.030844444850205644,0.19132137656516043,-0.005866698316040298,-0.036158800732196086,0.05590435802745279,0.08445452761027449,0.2841459462173673,0.13874202869441768,-0.24154893251836196,-0.03225862407391346,0.11969488786535626,-0.10394536831197762,0.18750062766185688,0.17004386785777867,-0.04875586007933646,-0.18206210885254284,-0.24120291965471752,-0.14245230911091128,-0.0845905590527099,-0.1602815576969603,-0.08862676715342795,-0.016867898861991994,0.06371384097102713,0.232303359246258,0.2655032478648085,0.30058566557263305,,0.2386858814883118,0.3830325882036089,0.05400722153496419,-0.02031981083412837,0.309770983306477,-0.09298525108756682,0.19189380417863028,0.18257884574125724,0.2175279708947491,0.2938279156605057,-0.03634778401128422,0.27647523360433107,-0.3619303683348017,0.09554519850091525,-0.28867515417657613,-0.18324348258751888,-0.1468655708071047,-0.1593649431452478,0.02121542724371996,-0.03937425536479707,0.013030716630072079,-0.12633486558906637,-0.03260463693755792,-0.13125664750966598,0.0780327479720816,0.010185924854040088,-0.02467829476826724,-0.04768951964467492
#54,-0.23141139468747005,0.01443941807757444,-0.09831969214897725,0.0365112043347469,-0.12842646313684855,0.23472179744096555,0.1990815595228857,-0.10412157011325303,0.25340466615236434,-0.034542856751587414,0.05545791926670836,0.18063971296452683,1.0,0.4088456956091059,0.08897369297977331,0.06839368777588592,-0.024335933755426423,-0.038360866766788244,-0.0013320125806260184,0.03067280786243478,-0.036185276650522444,0.08496396079738162,-0.12327735350372261,-0.004814965284593298,-0.12214710567999744,0.02466460032775361,-0.10645145092597241,-0.057908311155947724,0.20242756782171664,0.05823423884017218,-0.08575823834717233,-0.06668553456248545,0.12970643684352276,0.26596794587957107,0.03530152875604267,0.012486590860330401,0.150207927255132,0.169509784677747,-0.033250101567100475,0.10952813522803526,-0.05528810820433931,0.035885824884624336,0.11511911880840109,0.050751596543523216,0.05423820109829413,0.0949426431183154,-0.09150351262399174,0.03574066381517983,-0.13566443142965395,-0.1749656497783783,0.010499071060451825,-0.07673725389949193,-0.10001688980996681,-0.08885135597785153,-0.02367038394646387,-0.055461571117511994,-0.07649988359725564,0.03607572112641338,-0.11477401890745753,-0.022284506566484227,-0.1747994905668129,-0.23984534411846603,0.264506292595416,0.29539273372986347,-0.24705592353024416,-0.16490936562786726,0.34661633198975655,0.14926574974779405,0.061637763789160395,0.0360154655881534,0.1211318911565868,-0.03998046259820055,0.12330017757124533,-0.2695367170774238,0.02820233079377542,0.0003058425048044662,-0.2280681252767418,-0.38142394792460754,0.2311302021755901,0.23776378916039384,-0.09697489809053851,-0.09238908644387334,,0.19915003172545387,0.07517882656904053,-0.05591987839336824,-0.22091414955242003,0.12132178739837583,0.053293284702853466,-0.05901117009864562,0.07135625174033515,0.13043771996695075,0.1618107702209826,-0.15779464729968457,-0.15418661870569278,-0.10171317450825547,0.047244906809332306,-0.11247426586386813,0.014372771800408095,0.0616797600734022,-0.018343246586660703,-0.02211469550411518,-0.10340032957953503,0.04509031483518741,0.054107647432064164,-0.017121702492844657,0.10839423555350647,-0.1754486070471591,-0.21314848881848933,-0.23674674871158138,-0.15412362427933007
#58,-0.05039554109016876,0.06670561974190545,-0.1217928761520448,0.012603450086046734,0.012628100078971274,0.0755777912693377,0.23518284360492453,0.10763830243715393,0.3284529390551749,-0.039881862626502396,0.08429475913761543,0.1374118420391935,0.4088456956091059,1.0,0.054496569542651335,0.11912885099079278,-0.05896734788900199,-0.05320107547006167,0.04085508086567123,0.05236662756143098,-0.12874508711946572,0.09961975103507147,-0.14735857066559546,-0.0365623302459978,-0.21797897446899808,-0.0638863909214989,-0.2921188494844043,-0.181780003377962,0.10078651736683297,0.01457636248271077,-0.15197907489489518,-0.036684667247919585,-0.049179474772558164,0.08667211401078209,0.06568492744228935,0.11364103219562965,0.06142778236795136,0.07624607996640297,-0.10782637275354115,0.013023412928464808,-0.08801964695732356,0.027196245897373864,0.042334080441143576,0.03159581315305363,-0.12285830362400545,-0.08426189248038271,-0.0860951215838077,-0.030606161585268434,-0.03663628022477142,-0.15196629341708245,-0.04384594667384864,-0.2030200806146065,-0.0976541423400147,-0.09017515189416936,-0.0420583657054691,-0.1356909073479803,0.060856267717182416,-0.031602203891959994,0.06782308608781788,-0.2723605107113349,0.1041799997261112,-0.059938740202769014,0.17823862106113655,0.20840747351266964,-0.26555346081335846,-0.055156641575408435,0.410216965585871,0.14235644802731584,0.28219403196282417,0.13430502996800064,0.3684671812733091,0.25662194671036714,0.17640174010690793,-0.06237452468879384,0.22065943295886647,0.11897273436893736,0.07307809939424925,-0.1299584145489736,0.1709038787220348,0.3614601925438336,0.08791830809752267,0.015090360483322454,,0.11658807579416343,0.1203805228537388,0.07284711983091931,-0.07310548827527652,-0.15844650266813348,-0.027737632779012814,-0.02133411239483811,0.023912319062204715,-0.013641488676980102,0.050878498358949545,-0.03415393464100024,-0.09060424436359653,-0.1807593110783459,0.062330702479150214,-0.3082956355818083,-0.23507420104351637,-0.18249302724737182,-0.07585076711690944,-0.18319692148977254,-0.18569387447675825,-0.1282566520744795,0.13979102283776196,0.028133858591207258,0.012076670607622325,0.09632578161019231,-0.03102338553958378,-0.05242414421158824,-0.05125829084252763
#101,-0.15758649180387735,-0.06597524958117836,-0.41306906106351027,-0.009103151090762186,-0.038160014972588294,-0.12661058032474085,0.016778428517302924,0.010006071201961043,0.3332852506310855,0.05803247408327133,0.14555090451779593,0.24264448775945258,0.08897369297977331,0.054496569542651335,1.0,-0.012850862977993035,-0.11090853483180944,-0.43890681846193175,0.5127125491288054,-0.09470435985337819,0.5435697754568237,0.2548581027722112,0.28647856591818943,0.022283593603783316,0.110872929286474,-0.07262892174540209,0.027034651499312997,-0.18811870341037218,0.24197254721158368,-0.08820589134830896,-0.2320358611748917,-0.1640046195912666,-0.22764998835972555,0.1996174686283192,0.2891060725714051,0.002706934408194753,0.3456257674592704,0.23103251516659287,0.01013662486819101,-0.019990231299100276,0.12226305194301287,0.01401854227245546,0.12881995006094027,0.12839633536771855,0.11234827701114271,0.023082435967078565,0.18736185733131872,-0.07172143682069869,-0.3955009198099212,-0.33336924319956907,-0.1627775977212451,-0.42738157732565835,-0.0807241620143609,-0.4039713877489535,0.3034697147448041,-0.3482204074552534,0.033872742129120316,0.07353366778200277,-0.11712307193689601,-0.26776465647495973,-0.0979335089264928,-0.18886094208621107,0.4982238310653818,0.2496149579808917,-0.4020724253310631,-0.15525752395385886,0.13277033966777288,0.025098257610685317,0.5366166515267019,0.39770572473261606,-0.07745849443320993,-0.1837803046556533,-0.16716620942451396,-0.19232563553616017,0.1907827285716242,-0.09869491981905079,-0.14919636458252497,-0.27708600565123914,0.2779724924338216,0.10486563471449374,0.10203545034167628,0.0009083978874043101,,-0.18624256506000447,0.17744890832485039,-0.2890640762871633,-0.14610963769075214,0.11237657885487089,-0.02707208297005026,0.21021057484696462,0.06926465419255297,0.15380226140861014,0.08865598195985704,-0.28486353490028166,0.0767956835123501,-0.3029657593339024,-0.13391336896931075,-0.36875202563599263,-0.48401539255113735,-0.12157193917842486,-0.12720857089383614,-0.26719040293608803,-0.0255090908260943,-0.09114837013333821,0.14407829568122996,-0.12863096678185212,-0.17452012398033478,-0.0652056220243122,-0.1939077998968352,-0.3004980211533458,-0.06413562973884702
#102,0.11307316939566434,0.2832165501878421,0.12936407583068193,0.14152108715598424,-0.23453737897538196,0.18861261623156386,0.17769632121679668,0.062042206265663015,0.07277590874024842,0.15677486796276938,0.20797838104324248,-0.002025864233316748,0.06839368777588592,0.11912885099079278,-0.012850862977993035,1.0,0.10224634472558623,0.11643743694851347,0.24055015132356766,0.5612566018615309,-0.33065683101516885,0.5573920307485838,-0.14378158280343456,0.19942026868492288,-0.23753554848516664,0.370601688068034,-0.37593978098024805,-0.015517627027347798,0.041763478753075546,-0.14841669443594882,-0.002616551100804777,-0.16540145252365715,-0.19877845590618395,-0.2615154267872386,-0.3154322650148128,-0.18868200139683294,-0.43415028279019663,-0.23159855204115637,-0.2608434862393697,-0.19285971871619184,-0.12369275153263613,-0.13149127892379958,-0.2258715370183551,-0.03356507369891403,-0.16922585327776435,0.18970086777104722,-0.5234060812445508,-0.2709819370329625,-0.15364614478675473,-0.005077898542455048,-0.11386927287085687,-0.041267740006482034,0.05428567515874139,0.15855331930413982,0.018691998338407883,0.3013415986889856,-0.16337193643953676,0.3060296621581525,-0.23226044999931528,-0.11683001090990427,-0.4881529395116562,-0.4936754508894539,-0.24119744187851205,0.09673844075100312,-0.19230189850593654,-0.04226560823857541,0.05344574947390524,0.23023823761680218,0.4297854081171514,0.4166223118954475,0.5847617395591304,0.48099257304842813,0.30661761013753785,0.2014342644031278,0.2601633290271926,0.10044963413019761,-0.281434446995668,-0.3657164246554707,-0.16702196131777036,0.44924703401242544,0.11469185226437574,-0.032940607211492376,,-0.07950626977134849,-0.13883149903910677,-0.2931678436277486,-0.4542153770307714,-0.3635928734131567,0.008023116215587012,-0.33291276184911467,-0.12577795834151195,-0.371603208150931,-0.13932267297219572,-0.33923137670210485,-0.3259788101357119,-0.06776100462415607,0.1249572048733949,-0.14800312233243712,-0.09345451391583397,-0.09882182163447713,-0.2668033067509027,-0.030149680234814007,-0.13927702483715027,-0.25603491169368275,-0.09684251849890672,-0.16860595160384723,-0.023885843143878357,-0.4057708372324449,-0.3366294330045146,-0.380657972218545,-0.27212861818530404
#201,0.20913784367339672,0.19369690551292526,0.3504261253406492,0.14268602756234394,-0.1626315236890997,0.15437468902208,0.15997845408025854,0.10404396828367576,-0.03114298365340284,0.23376044771690851,0.1671689483126167,0.08052513614556277,-0.024335933755426423,-0.05896734788900199,-0.11090853483180944,0.10224634472558623,1.0,0.2711252721770052,0.03033135981229487,-0.05631519124286177,-0.2371101078665431,-0.0110943227414444,-0.02742905138610562,-0.11846056229372749,0.00615154267872386,-0.022325589888025126,0.08615263823396495,0.01629729717392396,0.14208164625434228,0.08830814317081076,0.22413508196122647,0.01098202832923261,0.16274199217590965,0.0432753449857806,-0.1954434031597639,-0.12142403922087763,-0.07400749542377447,-0.14645747647979843,-0.057020911410664316,-0.07702483715027822,0.02993878585090406,-0.04742476046141135,0.037556546627287545,0.0030611639361473888,-0.16923406994207252,0.15655301802644853,-0.1785225524611192,-0.17341087429873053,0.04675921065244879,-0.0236019117438957,-0.04235781747136721,-0.0024987789123875346,0.26143873792036226,0.044692263097591146,0.13790027708417973,-0.00699694613976546,-0.04806748620285118,-0.253478616131138,-0.1006340525957812,0.03292052203207238,-0.018228213286346186,0.10665047679477055,-0.20694125541501002,-0.00035514249065354435,0.27485381184751695,-0.11180780309220467,-0.06595699032716018,-0.05311251808807351,0.01228756499153227,-0.11304578051463708,0.1884218070270739,0.16323955684790498,0.061876047054097605,0.02440258003259277,-0.14995503658698023,-0.1886180940077693,0.0020870327342776412,0.11512003177110199,-0.1407642410769308,0.08507169039608886,-0.0013803996037741878,0.1774169546303186,,0.12556523803220018,0.0672159658917135,0.0889316966955315,0.07049806680148082,0.08863863566853976,0.05200052951836653,-0.10724938032656677,-0.10207105588701174,-0.11060999602861225,-0.12372379226446703,0.03261376656456701,0.07832946084987698,0.3528409116845531,0.18652101868378168,0.145970867360214,0.2297169359145832,0.15080591782422728,-0.07795423317980343,0.25238123496464554,0.059973432785403555,0.20056238502375986,0.026149077679431407,0.22715242368773023,0.000695677578092547,0.015661875134091396,0.05707477621001794,0.03890681846193174,-0.01840167619951887
