,#10,#11,#12,#13,#17,#18,#26,#49,#50,#51,#52,#53,#54,#58,#101,#102,#201,#202,#301,#302,#401,#402,#501,#502,#601,#602,#701,#702,#801,#802,#901,#902,#1001,#1002,#1101,#1102,#1201,#1202,#1301,#1302,#1401,#1402,#1501,#1502,#1601,#1602,#1701,#1702,#1801,#1802,#1901,#1902,#2001,#2002,#2101,#2102,#2201,#2202,#2301,#2302,#2401,#2402,#2501,#2502,#2601,#2602,#2701,#2702,#2801,#2802,#2901,#2902,#3001,#3002,#3101,#3102,#3201,#3202,#3301,#3302,#3401,#3402,#3455,#3501,#3502,#3601,#3602,#3701,#3702,#3801,#3802,#3901,#3902,#4001,#4002,#4101,#4102,#4201,#4202,#4301,#4302,#4401,#4402,#4501,#4502,#4601,#4602,#4701,#4702,#4801,#4802
#10,1.0,0.45107478533964496,0.19349787964412715,0.3977541117557642,0.0871267694358347,0.1278759466282005,-0.023074219302770385,0.4713398184117188,0.22459704108788636,0.24159458065340741,0.11617450369065171,0.1320728361642785,-0.135383238917774,-0.14418967713074082,-0.028902573185372513,0.09400594338718292,0.2158453806369741,-0.021210862430215412,0.06651846238821912,0.0788991495752441,0.14411024937576175,0.19545892352567937,0.1865849260728453,0.2619299118534512,0.1536415799732502,0.1947002515212241,0.2264886998041695,0.19082928966937054,-0.10338115736281595,-0.1551470554670489,-0.1358881072913766,-0.03655411358168962,0.021997836278398845,-0.1278531225606778,-0.02896100279823068,-0.11806433648153304,0.017097052499920117,-0.07661400393486924,0.171222502704652,0.03319897565584958,0.05683649294508073,-0.00790534402716977,0.0221886454828888,-0.04016853291458777,0.03881187034103722,0.011122624585172573,0.12671739696074716,-0.04805379176233755,-0.02126929204307358,-0.09799924224095824,0.001467131060360529,-0.08746639156057279,0.24224734898455724,0.04878507488576554,0.13594379801613204,0.1303893329438026,-0.19254018177087376,-0.07619130220434844,-0.1900724435903171,-0.1899062843787517,0.027400749542377447,-0.1138017136309896,-0.27479081742115424,-0.06724061588463803,0.15365892626456745,0.09203850876672434,-0.24447680390017665,-0.11499039106757293,-0.00980156755695746,0.10988419068138972,-0.02050331633701105,0.27233220886760673,-0.08543231066294786,-0.12832512427704765,-0.2269104885719894,-0.14164251119520513,-0.24819986579448297,-0.1555597146078597,-0.07860882743635508,-0.08706377500947199,0.09794994225510917,-0.03677778944341229,,0.04350632454911055,0.06657050126217093,-0.12290303879634998,-0.08072872682786544,0.041194702990409324,0.008755312301715914,0.15363701515974565,0.0497400338709162,-0.1481784111710116,-0.17987738910926795,-0.2702606964992445,-0.05189006103155656,0.10569186595881626,0.06451724814782692,-0.022085480697686097,0.3220192909018702,0.33239785088580204,-0.07354827518521731,-0.18352558806209973,-0.07419191388935804,0.04915391181693272,-0.097861384873121,0.05046492625543783,0.035431169459571726,0.043683439313086866,-0.10005066942990044,-0.11934704907630998,-0.17607216057187983
#11,0.45107478533964496,1.0,0.10355735916409135,0.3202864876955452,-0.027458266192534705,0.03015698393642128,0.142705199779063,0.3004779359739258,0.3052226031305491,0.20825135689081423,0.2452656036737619,0.038988985105013536,-0.09100959980280006,-0.06858632290577768,-0.055434182236484726,-0.04668708659907699,0.12933394806155193,0.10762095614583667,0.012413553844257692,-0.11181054198030739,-0.06254798760196652,-0.030295754266959424,-0.04039403470171226,0.043648746730452326,0.09078592394107739,0.10301232043164876,0.08960089835529769,0.135453537045744,-0.11368576736797419,-0.06522205535292856,-0.10090885436875477,-0.01667982854560477,-0.012122318742667768,-0.08111856190115353,-0.039004505470928985,-0.19500700698872947,0.025765633345049686,-0.14599825624124127,0.07582246527318126,-0.024548654064738187,-0.12912579256574472,-0.1265658451523963,0.07490219887066514,-0.16860595160384723,0.08177863393391063,-0.03154468724180274,0.04224734898455724,-0.1165844239433598,-0.03337061264362044,-0.09992468057717502,-0.028940004656109776,-0.07172965348500687,0.12170066691925302,-0.047132612397120514,0.06747798618687434,0.08913072256432963,-0.0999018565096523,-0.014218481103954498,0.02572363706080788,-0.06851237292700407,0.0445014538931012,-0.05975432173718543,-0.04395824108606043,0.049324635842002675,0.08160334509533614,-0.005835657584209397,-0.11909781025896186,0.07205466820653042,0.024880972487869007,0.07116087772234066,-0.1403314967567,0.26097130101749694,-0.1556007979294006,-0.17293156888075337,-0.21269292043073582,-0.10825455226026741,-0.14801864269835255,-0.039408947947431605,-0.011708746639156057,0.05522054896447206,-0.059928697613059016,-0.10753148580114759,,0.07709604824094912,0.06485778323526592,-0.08161977842395249,-0.09009481117648939,-0.013012457376053901,-0.11405643022454318,0.0010736441362688128,-0.09926095669361429,-0.10347245363290683,-0.31716689414653965,-0.001265366303459672,0.09429809145147375,0.07853122560677783,-0.010158535973012823,-0.11683001090990427,0.22464907996183817,0.060634417780861566,-0.18959952891124632,-0.10114531170829016,-0.008659451218120484,-0.010604061771056343,-0.08398435181930643,-0.10269917422523703,-0.06539734419150306,0.03191535009837173,0.16722555200007302,0.05841317952955032,0.09161398111080171
#12,0.19349787964412715,0.10355735916409135,1.0,0.28403821661866,0.03458485303582922,0.3824747679933536,0.10431146635504207,0.11464711709203121,0.09153090150501901,0.3533914281932012,0.01546011037719054,-0.014597360624831673,0.08488179415429982,0.1731388114138597,-0.23285935353111148,0.031474389113832754,0.3707998009741312,0.4294403082162078,-0.2524606627196246,0.0953343041170053,-0.21772973565164996,0.0796203901089621,0.19599209374301013,-0.028183158577056333,-0.0009166145517124898,0.14312059780797656,-0.08130206740403621,0.20019993883149903,0.2937156212482939,0.17492730534494014,0.18865187362770294,-0.19890900957241392,0.12152081326717397,-0.06325918554597453,0.03963810158535973,0.04754435857523041,-0.209495725052153,-0.06467792958318688,-0.08292440212355125,0.021473795688077165,0.1767997918445042,0.1691099070147489,0.04462105200692026,-0.19724924338216163,-0.21080673949065812,-0.154755394468359,0.07596671337992486,0.1511373232846572,-0.029650289637416862,0.12407345697891513,0.24012653663034597,0.23228875184304346,0.21807027073908897,0.22867615843554712,-0.0645975888655069,0.022323763962623307,-0.0753002506082614,0.018069357776388045,-0.0600711197944008,-0.054052869670009634,-0.000620814636618021,0.2167364322330611,-0.06247221169779109,0.2541724677838287,0.03643268954246874,0.1617989017058708,-0.06053764373456522,0.0769700593882237,-0.12031661546467519,-0.0036765007965599565,0.09292316962390501,0.13887075643524585,-0.1515390268730571,0.07040859645679176,-0.20345099900943547,0.22984475069271046,-0.006580635148151022,0.18146594420884934,0.04406779661016949,0.27428321015944895,0.12318697019633262,0.06343630030995084,,-0.1396285154770002,-0.08888330967238334,-0.004698106058876965,0.2607056288715325,0.10997639991418151,-0.04515422222425103,0.02904956018021884,-0.1832462214756216,-0.09100412202659461,-0.14272711088388484,-0.01756448940278545,-0.24625069042804257,0.23593786375857614,0.17379340567041132,0.384584624795154,0.35552410906252424,0.2588431849616784,0.012109537264855044,0.2916094162972972,0.21562535662605503,0.15427608905038184,0.19811473202262322,0.29523570414530714,0.07095454815193525,0.05165908146822661,0.028055343798929096,-0.17610228834100983,-0.10884980394125998
#13,0.3977541117557642,0.3202864876955452,0.28403821661866,1.0,-0.01841628360273341,0.21656753413339297,0.05812103146525949,0.40679974619636916,0.35528856468568976,0.37537191818028276,0.2050614652138387,0.11514924657753108,-0.021337764245641745,-0.01975651284766761,-0.04246554707007445,0.011020372762670781,0.2310982484810583,0.14941912748154673,0.07243719957821124,0.005433041033108593,-0.023553524720747534,0.1443923548503426,0.03928934983361255,0.25733497057977694,0.1390204823181949,0.1881716552470249,0.02137976052988355,0.09906923452642342,0.029032213888901568,-0.01803557815645442,-0.25082737244769865,0.031946390830202634,-0.006744968434314616,-0.013247088790187477,0.034814919636458254,0.14882022394975053,-0.0219001492694016,-0.03841381860344096,0.19224073000497566,0.09698128882944487,0.13947422478054658,-0.0160334509533613,-0.00544308362281859,-0.05656808191101353,-0.07541893575937955,0.15895319696713792,0.010840519110591737,-0.11539483354407555,-0.1258446046186783,-0.2146731365290071,-0.10521803831704456,-0.1788822597652773,0.09577435213884337,-0.06316058557427637,-0.01256054083910402,0.10921955383512806,-0.1773767842714786,-0.05449200472914679,-0.0622156691788357,-0.07998648815202655,-0.05056352622713599,0.0007924516243888855,-0.034837743703980975,0.013782084932920066,0.15078948449561094,0.13575116288624028,-0.10823811893165104,-0.13295293220795465,0.0362117525688488,-0.10022687123117585,-0.10496697357429462,0.15904997101343424,-0.15727517152286744,-0.21550301962413326,-0.38723312959049055,-0.14054239114060996,-0.22604408696882689,-0.06004190498797172,-0.0177863393391063,0.1050473142919746,0.014259564425495396,0.1620554442248262,,0.08672871769823844,0.11008230358748693,-0.02950056375446781,0.04982128755129709,0.064927168400535,0.14914067385776955,0.1713439267438729,-0.013405944300145618,-0.0738668991678345,-0.04876316378094373,-0.19103653220247688,-0.032756188745908785,0.044814600099512936,0.27101571665289614,-0.0439965855194986,0.1914619728211004,0.16829919613634184,-0.20089379048418976,-0.01901244824642689,-0.028121990076095442,-0.05153583150360392,-0.13142645857203503,-0.021968621471969763,-0.04637941816887071,-0.04556962025316456,-0.032302446283557086,-0.09883825496309348,-0.07045880940534174
#17,0.0871267694358347,-0.027458266192534705,0.03458485303582922,-0.01841628360273341,1.0,0.2556386858814883,-0.16745470563800116,0.09442864511770371,0.021615304906718036,-0.05734592613218787,0.054839843518193064,0.19028151204882524,0.22280306938060046,0.05315634029771714,-0.1493835219362113,-0.19220147260883658,0.18162114786800385,0.06749898432899525,-0.07221900149269402,0.10121926168706377,-0.11195387712435008,-0.051627127773694804,-0.20826231244322513,0.13716169025914446,-0.12350650714165073,0.17377514641639316,-0.10849374848790552,0.013142098079582958,0.24845640831343835,0.3905380545677806,0.23719866524853128,0.12406524031460694,0.1923292873869638,0.22183167706683343,0.21764665604586725,0.28578197537739597,0.11941552127887815,0.04854587865812742,-0.137286766149169,-0.028669767696640754,0.16839323129453546,0.18503015059319752,-0.04308362281858975,0.05148653151775484,-0.14397969570953179,0.1410335650736989,0.11073598488133768,0.18390081573217326,0.009612584277869327,0.07509665992595872,-0.16954904207388607,-0.001954653142645857,-0.11857194374323837,-0.2080121606631761,-0.20939438619235212,-0.34088475215345077,-0.16507461187673178,-0.04716821794245596,-0.1529413375816531,-0.09334952320522945,-0.2541715548211278,0.08852360236822525,0.1808944295580804,0.06603733104484016,-0.05562133959017104,0.07267913469395208,0.1689428348404826,-0.00784143663810615,-0.047815508497400336,0.09625913533302596,0.05551908776766925,0.09235713274934153,0.12256250370891097,0.021773247453975266,0.03813536497966376,-0.09891494382996982,-0.1997827148771837,-0.23387639397992396,0.23108820589134832,0.21563631217846596,0.368738331195479,0.42417616528276736,,0.21507940493091154,0.303921631281754,-0.06392108350413343,-0.03309124605714234,0.31877462146284014,0.23649659693153235,0.17226601907179082,0.1644884898227483,0.12198825017003931,0.21766400233718453,-0.17451647212953114,-0.16289263102155963,-0.195432447607353,-0.16113517782231007,0.0177242578754445,0.06486873878767684,0.18887737541482744,0.0004911739330889636,0.07239794218207216,0.35151163799202984,0.3252749158933112,0.138308371411486,0.28789548403,-0.1528390857591513,-0.30208931514102993,-0.2294804785750478,-0.3090780446164872,-0.18921334568876189
#18,0.1278759466282005,0.03015698393642128,0.3824747679933536,0.21656753413339297,0.2556386858814883,1.0,0.014643008759877115,0.04680303286209242,-0.09099134054878188,0.28224515787407506,0.02340653772590121,0.28433036468295086,0.3131818119570725,0.11115046994755029,-0.31666293873563794,-0.14951955337864672,0.30815321340046653,0.34012608014899554,-0.2504192781203924,0.1029118945345488,-0.2829207502727476,0.015734912150164104,0.15348181150059115,0.11046209607106501,0.014174658894310873,0.20931313251197123,-0.15592672561362506,0.1315560992755641,0.37090753057283843,0.3665700447808205,0.1920298356210657,0.06068645665481337,0.3053978919691236,-0.016079099088406743,0.18710531481236334,0.083517827879142,-0.09318701584446767,-0.15395381321696103,-0.040137492182756876,-0.05713320582287611,0.22409125975158284,0.19582776045684652,0.04090985862772577,-0.14682357452286288,-0.00037522767007353914,0.0987789123875344,-0.01962595918143764,0.032757101708609696,-0.016005149109633125,0.1103671479501705,-0.03859458521822091,0.22614542582862776,0.09855067171230719,0.2033423564480273,-0.22430854487439916,-0.12497546412741307,-0.07143659245801513,0.06099686397312238,0.11838661231495387,0.2114449004185934,-0.1757270606709363,0.05699717438044069,-0.051816111052782936,0.1450113435615588,0.01372274235736099,0.2012261089073206,-0.05130485194027398,0.012160663176105941,-0.19065856564430061,0.09043169441312475,-0.02620933321769139,0.045746735017140876,-0.12017145439523068,0.02448109482487093,-0.19930249649650564,0.04181277873892462,-0.15091364742293453,0.020969840277175477,0.03497742699722003,0.23845216303687913,0.290729320253621,0.15901801731890244,,0.1643141139468747,0.2758681134082267,-0.030978650367239246,0.08672232695933207,0.17306303550968424,0.12366171080080524,0.15097481592389542,0.012613492675756732,0.15221735815983237,0.22837944555775175,-0.08031971953785828,-0.0028977436126847037,0.05938274591791552,0.11690304792597699,0.19594188079446015,0.16920576809834434,0.26112833060205326,-0.00016342032346268494,0.31755946810793045,0.35809044721477906,0.2393569090734798,0.07925064021509401,0.19837675231778407,0.044903157481501095,-0.15600250151780048,-0.07421382499417986,-0.0648659998995741,0.04288550991249253
#26,-0.023074219302770385,0.142705199779063,0.10431146635504207,0.05812103146525949,-0.16745470563800116,0.014643008759877115,1.0,-0.17631683457572342,-0.03263659063208973,0.18119114243587578,-0.014494195839628972,0.05527441376382568,-0.017471367207292747,0.43008394692034857,0.0891891521771878,0.24259244888550077,-0.054423532526578625,-0.21669808779962293,0.0329433460995951,0.12981599236763183,-0.16864794788808904,-0.0012881903709823935,-0.059096988592531055,-0.01675743037518202,-0.12916322403648198,-0.01390624786024367,-0.26917335792246205,-0.16998087343141596,0.12235526117580467,0.02707025704464844,-0.014235827395271766,-0.01851031876092702,-0.001166766331761516,-0.11472745780971118,0.1707258509953576,-0.04201545645852639,-0.055555606275705605,0.07717912784673182,-0.06015876421368805,0.0008234923562197866,-0.06515175722495857,-0.0393359109313589,-0.08194661907087786,0.0055864187668612795,-0.060523036331350685,0.01672638964335112,-0.19748113590819247,-0.09750806830786929,-0.18005359091054335,0.003430000867314566,-0.10409783308302939,-0.02374068207443385,-0.20787156440723614,0.152221010010636,-0.16089780752007377,0.04626894968206074,-0.14707098741480917,0.275124048806986,-0.05145457782322303,-0.10921681494702534,-0.010851474663002642,-0.03237822218773252,0.23120780400516736,0.19414973501257607,-0.18873769212158836,-0.08221594306764597,0.23403890134068572,0.4693787745301666,0.21092451167907536,0.21584720656237588,0.06148164716730498,0.049103698868382735,0.02504713169943442,-0.0859609160667741,0.15937133388415417,0.13949157107186386,0.060184327169313497,0.03969470527281608,0.35817078793245904,0.3966083435661236,-0.24861800271149923,0.04152793437624106,,0.0036637193187472328,0.2831097335518357,-0.09609115019605874,-0.026620166433100376,-0.0489667544632464,-0.13206005468646578,-0.015222740074954237,-0.04763474188262039,-0.17714489174544773,-0.1008604673456066,-0.16059470390337202,0.01950909995572131,-0.1362578571852447,-0.040134753294654144,-0.37720971209721227,-0.1770170769673205,0.12697028762889892,-0.1133981841171879,-0.10790945235932387,-0.04187029538908188,-0.2165264508118521,-0.04568647947888089,-0.0609685621293942,0.003736756334819941,-0.09019706299899118,0.025463442691048856,0.028709938055480742,0.05973788840856907
#49,0.4713398184117188,0.3004779359739258,0.11464711709203121,0.40679974619636916,0.09442864511770371,0.04680303286209242,-0.17631683457572342,1.0,0.4894685187636659,0.11307316939566434,0.17444799992696297,0.16614460416219695,-0.09314319363482405,-0.14608224880972487,0.13085129207046245,-0.018271122533288903,-0.026605559029885834,0.08988482975528035,0.29827586993933364,0.08028502695522374,0.19894552808045027,0.06718857701068623,0.055610384037760134,0.11659903134657433,0.10161274861115549,0.0787119922215578,0.0024796066956684483,-0.021818895589020712,0.06939885970958656,0.001153071891247883,-0.12496907338850671,-0.020884021783290043,0.024945792839633538,0.0035395563914236284,0.10474055882446923,-0.17906576526815998,0.1884300236913821,0.00917253625603126,0.23242569624817977,0.07654005395609563,0.15805849352024723,-0.049252511788630875,0.08107017487800536,-0.03819653348062465,-0.07291559203348748,-0.004126591408108022,0.0008581849388543231,-0.037684361405414785,-0.18349728621837155,-0.22588888330967238,-0.10143654680988008,-0.19460530340032958,0.13227733980928208,-0.24467491680627387,0.13522986118402133,-0.1213993892279531,-0.2580215185308604,-0.33507100567406317,-0.22698809040156664,-0.24281795067262527,-0.047483190074269516,-0.20111016264430517,-0.007267183099234481,-0.013804909000442787,0.16262604591289423,0.044514235370913924,-0.15663974948303486,-0.17782596192032574,0.2548142805625676,0.018954018633568725,0.201722760616615,0.16792488142896922,0.03204864265270442,-0.29572779104109703,-0.3597556911812368,-0.276425933618482,-0.3117155938594129,-0.2515970000045648,-0.09578530769125428,0.012262914998607733,-0.0598958309558263,0.010024330455979221,,0.22449478926538458,0.09472170614469545,-0.03592234339266069,-0.23230062035815527,0.02917281014484153,0.0705774945564599,0.14665832827399836,0.045785992413279956,-0.15499641662139893,-0.30359935544833316,-0.15212880077784421,-0.0058283538826021265,0.0550598675291121,0.08122355261175805,-0.08337631866050113,0.0818069357776388,0.03363993664038856,-0.23226684073822165,-0.06733191215472892,0.023943359794035616,0.08052239725746005,-0.04460096682750026,0.09285469742133685,-0.15673013279042486,-0.03663719318747233,-0.0866949380783048,-0.02832284187029539,-0.02633897392122045
#50,0.22459704108788636,0.3052226031305491,0.09153090150501901,0.35528856468568976,0.021615304906718036,-0.09099134054878188,-0.03263659063208973,0.4894685187636659,1.0,0.10092072288386658,0.13120278271031238,-0.13919029338056393,-0.13030168852451532,-0.05975249581178361,0.11389483582648231,0.1671616446110094,-0.20594338718291663,0.22415060232714193,0.24517065555286738,0.19552922165364933,0.005820137218293947,0.11839756786736477,-0.1237612237352043,0.1571902659916829,-0.10375364614478676,0.09220649390369157,-0.2754225876101832,-0.08808629323448991,-0.016230650896757612,-0.005449474361724951,-0.1847809117758494,0.022785723089283186,0.05281124039677359,-0.010755613579407214,-0.1568497309042439,-0.024574217020363633,-0.018322248444539797,0.10671894899733872,-0.07073543710371713,0.08495757005847526,0.05842778693276486,-0.260399786366728,-0.04939219508186993,-0.1261440563845764,-0.17668658446959148,0.059535210688967305,-0.042566885929875335,0.01702858029735195,-0.3208534375328096,-0.2685196766286113,-0.209225488092684,-0.194410842345036,-0.09284282890622504,-0.15094925296826997,-0.09715566470531846,-0.06871870249740947,-0.21290746666544938,-0.04200267498071366,-0.16177151282484353,-0.12632299707395456,-0.12583182314086558,-0.12370370708504703,0.15558345163808332,0.11368302847987145,-0.02570720373219152,-0.14144622421450972,-0.01936485184897771,-0.09805402000301278,0.24531490365961098,0.025371233458257064,0.07814321645889157,0.02171755672921983,-0.06122784353645232,-0.27242898291390305,-0.2110943227414444,-0.16628702634353873,-0.1700383900815732,-0.14877822766550872,-0.007896214400160681,0.18401128421898325,-0.22432406524031462,-0.10366874061360223,,-0.04124856778976295,-0.009517636156974808,-0.12746511341279151,-0.15834333788293078,-0.13040302738431622,-0.09293777702711956,-0.10504457540387188,-0.13990149132457194,-0.19820328940461138,-0.2702497409468336,-0.015528582579758704,0.09820648477406456,-0.06251329501933199,0.06257081166948925,-0.17441422030702936,0.07255314584122666,-0.12521374739235028,-0.25613898944158636,-0.037650581785481155,-0.08271533366504312,-0.10704944149506772,-0.056925963289769795,-0.0011174663459124377,-0.01801092816352988,-0.11002569990003058,-0.1559294645017278,0.13258044342598382,0.20720236274746995
#51,0.24159458065340741,0.20825135689081423,0.3533914281932012,0.37537191818028276,-0.05734592613218787,0.28224515787407506,0.18119114243587578,0.11307316939566434,0.10092072288386658,1.0,0.34514007130238694,0.1767596214856642,0.14247695910383582,0.011874905850721469,-0.12307558874682174,-0.013600405355439204,0.315460566858541,0.05128750564895671,-0.03970657378792789,-0.023616519147110243,0.012712092647454888,0.07185472937503139,0.1833585158878334,0.11487170591645478,0.058701675743037515,0.20599360013146664,0.09381604714539388,0.06364536876845897,0.16631715411266873,0.0028931787991801597,0.07164566091652326,-0.15837985639096716,-0.031568424272026364,-0.03775739842148749,0.07663500207699014,0.07527377468993504,-0.12063067463378783,-0.01597776022860586,0.10026156381381039,0.053293284702853466,0.12750802265973424,0.08410029808232185,0.040229701415548665,-0.14151469641707787,-0.06929752084978569,0.08763528966024094,0.02273368421533138,-0.04912926182400818,-0.04321691537292244,-0.21459005692322441,-0.03551607499075625,-0.08670954548151935,0.17206242838948815,0.11687931089575336,0.07888636809743138,0.11763889586290951,0.007415996019482624,0.030804274491365656,-0.08537205512468789,-0.10913099645313991,0.1479702556752044,0.23351394778766313,-0.16486736934362548,-0.04015483847407414,0.08645756777606851,0.0649061702584141,-0.16214034975601072,0.05213017022189558,-0.1751427645423546,0.0029461306358328733,-0.17340630948522598,0.101066796916012,-0.06608571806798834,-0.08101904896675446,-0.206230057471002,-0.01784385598926356,0.03064907083221115,0.12981416644223,0.03744242628967394,0.0631952781569109,0.10783367645514842,0.1474562576745927,,0.04981672273779255,-0.08353060935695472,0.13328068581758093,0.23525861950909996,0.06964079482532741,0.08681271026672205,-0.02719168108386932,-0.1544285538214336,-0.1021395280895799,-0.19197962267251573,-0.05200418136917016,-0.14083180031679807,0.18738376843614055,0.0946541469048282,0.0462132589573053,0.062003861832224845,0.15438838346259365,-0.1469093930167483,0.04692993467751875,0.0032382787001237067,-0.06354859472216262,0.00022641474982539587,0.1078729338512875,-0.024096737527788303,0.15930560056968873,0.08522598109254247,-0.20455477091483426,-0.23638795437012422
#52,0.11617450369065171,0.2452656036737619,0.01546011037719054,0.2050614652138387,0.054839843518193064,0.02340653772590121,-0.014494195839628972,0.17444799992696297,0.13120278271031238,0.34514007130238694,1.0,0.2390255036130499,0.05984926985807995,-0.024476530011366387,-0.1546211889513254,-0.152912122775224,0.10859052253420187,0.05230819794857281,0.024975920608763528,-0.12134095961509493,-0.03815271127098102,-0.15146872874508713,-0.07005345396613821,-0.06781121757270607,0.009544112075301163,0.07063501120661715,-0.013552931294991943,-0.006025553825998439,0.08091131936804721,0.12880625562042664,-0.003216367595301894,-0.036223621083960614,-0.1700265215664614,0.0689898524195794,0.09417027667334651,0.08475215345077076,0.06274062273185829,0.03461954561846376,0.08294357434027033,0.16837953685402182,0.005311616993887715,0.013703570140641904,0.17950124847649349,-0.05136784636663669,0.04419926323910037,-0.02162808638453076,-0.15720304746949562,-0.08349226492351655,0.06288121898779825,-0.05351604760187523,-0.022499965763898715,-0.11699069234526424,0.006699320299269174,0.016622311895447512,0.0759804078204385,0.02569350929167789,0.09732730169308933,0.053182816216043496,-0.041857513911269156,-0.04365787635746141,0.06139035089721409,0.10274208347217974,0.0185285780149452,0.0005048683736025965,-0.04993266900080797,-0.07739458704414631,0.0017026754371950133,-0.013226090648066574,-0.11776123286483131,0.023211163707906712,-0.09994750464469775,0.009320436213578495,0.07914108469098495,-0.006035596415708436,-0.023861193150953818,-0.042783258089990735,-0.08281941141294673,0.029898615492064073,0.0007814960719779794,0.0016378550854304846,0.12238356301953283,0.22682284415270215,,0.18487859878484664,0.09234800312233243,0.14894347391437324,0.20146165328415508,0.09818822552004638,0.03440226049564745,0.02338919143458394,-0.04148137327849471,-0.029314319363482406,-0.026595516440175836,-0.02715242368773024,-0.21591111395143953,0.09278166040526414,-0.0019080920448995057,-0.15379769659510562,-0.10227738545741713,-0.11337718597506699,-0.22149296790479625,0.17716041211136319,0.1286382704834594,0.014617445804251667,-0.10356101101489498,-0.016419634175845747,-0.13528372598337496,0.07106592960144613,0.18193794592521922,-0.1826281457271063,-0.21018866374214282
#53,0.1320728361642785,0.038988985105013536,-0.014597360624831673,0.11514924657753108,0.19028151204882524,0.28433036468295086,0.05527441376382568,0.16614460416219695,-0.13919029338056393,0.1767596214856642,0.2390255036130499,1.0,0.05297100886943264,-0.018150611456768932,-0.01747593202079729,-0.19160530796514308,0.1358223739769112,-0.09094386648833462,0.05914172376487559,-0.079631345661373,0.0338818717561294,-0.10744110249375761,0.06217732474539753,-0.04653827367882885,0.042256478611566325,-0.03660432653023961,-0.025017003930304427,-0.0728562494579284,0.2629989911762155,0.230880963358242,0.10479898843732739,-0.10471590883154469,-0.0664536420364546,0.035548028685288065,0.27232399220329856,0.03555989720039988,0.23836269269219007,-0.007065418342333624,0.09390277860198022,-0.04920412476548271,0.1628278106697951,0.14339448661824922,0.15099946591681998,-0.12680869323083804,0.20736669603363356,-0.00451094870519065,-0.0833534945929784,-0.05746735017140875,0.008321655018784208,-0.078599697809346,-0.06533617569054216,-0.010395906275249125,0.007708144083773457,-0.11521315396659469,0.07508296548544509,-0.07790036838044982,0.03137122432863006,-0.047493232663979514,0.03214359077359894,-0.006559637006030118,-0.0948403912958136,-0.14183332039969507,-0.11784157358251128,-0.06010398645163352,0.022898017501494977,0.09030387963499752,-0.04924977290052815,-0.05303491625849626,0.04591563311680901,-0.014585492109719857,0.09049925365299201,0.24787576403566033,0.02259308795939142,-0.025081824282068958,-0.09167606257446352,-0.04963321723490987,-0.15978581895036678,-0.13353357648573266,0.011853907708600566,-0.0002300666006290313,0.3010147580420602,0.1635937863758576,,0.25417703259733326,0.21898597232810055,-0.08348039640840474,0.04698745132767601,0.2014452199555387,0.2574764797984178,0.28254278371457137,0.02153405122633715,0.22145462347135808,0.020254990482363844,-0.1732428891617633,-0.08374972040517285,-0.017671306038791783,-0.07417365463533987,-0.03878630738541177,-0.04246463410737354,0.14453477703168438,-0.10382942204896219,0.10970342406660975,0.21488220498751523,0.1713448397065738,-0.0247358114184245,0.11317359529276431,-0.15414005760794644,-0.08522324220443973,0.028571167724942597,-0.1601911743895703,-0.1986999411139058
#54,-0.135383238917774,-0.09100959980280006,0.08488179415429982,-0.021337764245641745,0.22280306938060046,0.3131818119570725,-0.017471367207292747,-0.09314319363482405,-0.13030168852451532,0.14247695910383582,0.05984926985807995,0.05297100886943264,1.0,0.2773690240885209,-0.1123994029223936,-0.18664974642460982,0.10179808003943999,0.14200039257396138,-0.03223306111828801,0.02262504165392323,-0.22568985744087425,-0.24087973085859576,-0.1916180894429558,-0.205238579977815,-0.2173545079815764,-0.07356927332733822,-0.1218430891005948,0.08754673227825277,0.22564694819393152,0.3808533462365395,0.3201258062601852,0.3211273263430823,0.3556455331017451,0.13305061921695188,0.1720368654338627,0.2760306207689885,0.01861804835963427,0.08193840240656967,-0.15978125413686223,-0.07535502837031594,0.07630450957926115,0.08401082773763278,-0.0012014589143960524,-0.04659761625438793,-0.09906923452642342,-0.1599218503928022,0.21073918025079086,0.2992846937238379,0.13297575627547736,0.10216417808250444,0.08770011001200546,0.16326694572893224,0.08226524305349504,-0.01635390086138031,-0.2817475932020797,-0.18449789333856764,0.02932710084129513,-0.0475434456125295,0.12469609754093497,0.053741549388999714,-0.11626123514723806,0.14903933499796865,0.19889987994540484,0.16814764432799098,0.09041617404720931,0.20190444019409587,0.32455184943419135,0.17608037723618802,-0.13754422163082528,0.12703693390606527,0.10136533571920919,-0.07978746228322842,0.10769034131110573,0.24440924466030942,-0.0064683407359392335,0.03703889677587222,0.05353978463209885,0.07370347884437181,0.27812404424217246,0.22135876238776264,-0.04436177059986214,0.29470253392797635,,0.10728133402109857,0.11475119483993482,0.12126427074821858,0.20350668973419092,0.23817005756229828,0.06460032775360963,-0.06465784440376689,0.062463995033482905,-0.01187307992531965,0.17391665563503403,-0.0651234553812304,-0.23280092391825333,0.05245335901801732,-0.19861320965731946,0.0680412841733351,0.021282986483587212,0.061021513966046916,0.09005555378035031,0.2675738472704698,0.26451816111052784,0.15318601158549666,0.20451277463059248,0.25693144106597526,0.09184496067413166,-0.13665773484824278,-0.14359625137515006,-0.30935102046405893,-0.19866250964316853
#58,-0.14418967713074082,-0.06858632290577768,0.1731388114138597,-0.01975651284766761,0.05315634029771714,0.11115046994755029,0.43008394692034857,-0.14608224880972487,-0.05975249581178361,0.011874905850721469,-0.024476530011366387,-0.018150611456768932,0.2773690240885209,1.0,0.11155126057324928,0.144568556651618,0.0363560006755924,-0.13872011758959588,-0.09968639731223781,0.13318025992048094,-0.2726910032090639,-0.18232960692390912,-0.09514166898711353,-0.17562024403492996,-0.34707007445210825,-0.07042776867351085,-0.33918298967895666,-0.23703524492506858,0.12915135552137016,0.20096317564945884,0.05803795185947678,0.1852939968137602,0.0979837218750428,-0.04954557281562262,0.2790433976819877,0.134421889193717,-0.14314250891279837,0.14553538415188047,-0.320669019067226,-0.0833945779145193,0.08676158435547116,0.09976947691802052,-0.12241003893785919,0.02219412325909425,-0.11684553127581973,-0.19311078345894178,-0.06343812623535265,0.1430849922626411,-0.05910977007034378,0.08527436811569063,-0.03171175941606905,0.04028995695380865,-0.25083924096281046,-0.04440285392140304,-0.2924484290194324,-0.2257565037180406,-0.02262412869122232,0.16884971264498988,-0.059429307015661875,-0.052009659145375614,-0.0923032679499879,0.08708203426349016,0.4308389670740002,0.3958122400909311,-0.2885582949508598,-0.01044794514920093,0.5756193310722291,0.5760913327885989,0.1586838729703698,0.3121209492986164,0.24381581890471865,0.14365285506260642,0.11933700648659999,0.20050121652279895,0.17119420086092382,0.21813417812815258,0.09177557550886259,-0.05195305545791927,0.4777223406537726,0.4573970520434388,-0.09905827897401252,0.14030228195027092,,-0.16991514011695052,0.17837465250357196,0.010587628442439984,0.1275746689369006,-0.03596068782609887,-0.10157166528961459,-0.049651476488928044,-0.17176297662359005,-0.17263303007755618,0.05139340932226214,-0.03627657292061333,-0.004856048606134197,-0.1533558226478657,-0.15002624767765113,-0.15163397499395162,-0.08006956775780925,-0.018452802110769766,-0.04904070444202002,-0.02994608955251133,0.11077250338937403,-0.05702821511227159,0.12067723573153419,0.16163822027051084,-0.03870048889152634,-0.1271437505420716,-0.09021349632760754,-0.049656954265133495,0.11247883067737267
#101,-0.028902573185372513,-0.055434182236484726,-0.23285935353111148,-0.04246554707007445,-0.1493835219362113,-0.31666293873563794,0.0891891521771878,0.13085129207046245,0.11389483582648231,-0.12307558874682174,-0.1546211889513254,-0.01747593202079729,-0.1123994029223936,0.11155126057324928,1.0,0.5905663564115088,-0.1650353544805927,-0.28354247787206655,0.5167852757375597,0.2484390620221211,0.583693573199067,0.3056973437350217,-0.023943359794035616,0.16585336906060702,-0.006290313009262007,-0.06344816882506266,-0.09243108272811515,-0.4208392866109455,0.07633372438569022,-0.11459051340457485,-0.3497715310840976,-0.022551091675149612,-0.19408400169811063,0.011174663459124377,0.07760548142805626,-0.05279115521735359,0.2983735569483309,0.20964362500970024,0.17240296347692716,0.045779601674373595,-0.024556870729046366,-0.15674017538013485,-0.030173417265037635,0.17031136592914498,-0.13828280845586052,-0.1092432908653517,-0.18686794451012703,-0.2659779884692811,-0.5345770928528715,-0.4187568186901724,-0.3699315734455669,-0.5023778113545171,-0.35031839574194196,-0.4210164013749218,0.3014894986465328,0.07551844869377862,-0.33693344958391724,-0.16276207735532966,-0.39739623037700794,-0.4713014739782806,-0.022881584172878618,-0.4322850999922398,0.20407820438495985,-0.01152341521087156,-0.21375195716379009,-0.1610265352609019,0.28491739969963525,0.1888043383987547,0.6780647016666134,0.23342539040567498,0.43504224734898456,0.13654544043603098,0.45979631802142723,0.08942926136752682,0.16811295174535645,-0.15353567629994477,-0.01870295389081879,-0.37178214884030913,0.10058657853533394,0.10142193940666554,-0.07765569437660624,-0.2554223137213729,,-0.05266334043922635,-0.032595507310548825,-0.36364034747360396,-0.4245778688711673,-0.33759260865397345,-0.2611055065345305,0.035149063984990896,0.018939411230354183,-0.25569255068084196,-0.20763419410499984,-0.4709883277718689,-0.16051801503649568,-0.26093204362135786,-0.03504042142358274,-0.14021372456828277,-0.2420875805118982,-0.06950019856938745,-0.29293777702711954,-0.3109258811231267,-0.3916774320185149,-0.22968772110815414,-0.10488571989391374,-0.21640685269803303,-0.1620755294042462,-0.1484459092423779,-0.24922055809409907,0.06354037805785445,-0.09470344689067728
#102,0.09400594338718292,-0.04668708659907699,0.031474389113832754,0.011020372762670781,-0.19220147260883658,-0.14951955337864672,0.24259244888550077,-0.018271122533288903,0.1671616446110094,-0.013600405355439204,-0.152912122775224,-0.19160530796514308,-0.18664974642460982,0.144568556651618,0.5905663564115088,1.0,-0.2270666051938448,-0.19322399083385447,0.2535215253780807,0.45009791524967246,0.18606271140792544,0.613151227706592,0.1526309302633441,0.2779295831868789,-0.1742252370279412,0.2529865292353481,-0.25961098659314275,-0.15740207333829376,0.041306084439920204,-0.23660615245564143,-0.3684187942501609,-0.2992390455887925,-0.3007600414485066,-0.1682517220758946,0.03762045401635116,-0.09909479748204887,-0.03303920718319053,0.2253757982717616,-0.10242163356416073,0.1166063350481816,0.05386753824172513,-0.052267114627031916,0.07208114412485678,0.2579831740974223,-0.2029059602769929,-0.025383101973368877,-0.17811445813381294,-0.12274418328639183,-0.4922895735094743,-0.1828006956775781,-0.2271359903591139,-0.16629798189594963,-0.33416991148826614,0.07749227405314356,-0.0034637804872481937,0.3693253662121634,-0.4052011485070777,0.2942396618386156,-0.36664947253579955,-0.348235014858468,-0.08047857504781643,-0.32388903851333156,0.07681120387826555,0.09266754006765053,-0.3537748725275829,-0.26589947367700295,0.18186856075995014,0.2892092373566078,0.4098901249389456,0.3044812774174111,0.17776479341936485,0.01920690930172048,0.325226528870163,0.11901564361588007,0.31016994800677417,0.019859677632870307,-0.02570172595598607,-0.22774128462981644,0.17116863790529838,0.34133666869040064,-0.2058758279430494,-0.207402301578969,,-0.25877927757261476,-0.15714370489393656,-0.31063282009613497,-0.28195209684708333,-0.37766345455956396,-0.2343255716287711,-0.1263695581717009,-0.14771919093245445,-0.2890138633386133,-0.12364436450948796,-0.4673218695650189,-0.27868734222863323,-0.23850420191083094,0.0052011485070777436,-0.13786375857614336,-0.17738591389848768,-0.02127750870738176,-0.24357753563978143,-0.32815987802818314,-0.47757626662162717,-0.2893361391720341,-0.2736833936649518,-0.2647820073310905,-0.13009901080491357,-0.186657963088918,-0.3316154418511232,-0.03121510770677464,-0.1319897565584958
#201,0.2158453806369741,0.12933394806155193,0.3707998009741312,0.2310982484810583,0.18162114786800385,0.30815321340046653,-0.054423532526578625,-0.026605559029885834,-0.20594338718291663,0.315460566858541,0.10859052253420187,0.1358223739769112,0.10179808003943999,0.0363560006755924,-0.1650353544805927,-0.2270666051938448,1.0,0.260039166099869,-0.29939059739714335,-0.3620326201573035,0.07988423632952475,-0.22812199007609543,0.2617829248586049,-0.00937156212482939,0.23524583803128724,0.012700224132343074,0.3064039768655252,0.062209278439929336,0.2531846421414453,0.22412230048341375,0.20023280548873176,-0.04632372744411527,0.10822990226734287,0.029768974788535015,0.24244454892795356,0.03318710714073776,-0.06273058014214829,-0.21177630587902332,0.13921129152268483,-0.08261216887984041,0.3102484627990523,0.21034478036399823,0.04193328981544459,-0.12296512026001177,0.056927789215171616,-0.0327990979928515,0.16937284027261065,0.022531006495729616,0.06842107665691319,-0.03771448917454477,0.15614401073644135,-0.03205959820511533,0.31379440992938235,-0.053165469924726226,0.17480496834301834,-0.0735272770430964,0.10875668174576728,-0.30157988195392277,0.03306294421341416,-0.07838241268652969,-0.002450391889239365,0.19365399626598256,-0.19140628209634494,0.09257259194675602,0.13099736610260787,0.11678892758836337,-0.1735304724125496,0.04456901313296845,-0.2432835616500888,-0.14323289222018834,-0.05313442919289532,0.10035103415849946,-0.21227660943912136,-0.020094309047003885,-0.32027188029233067,0.036463730274299645,-0.031369398403228235,0.1612520370480264,0.0800951307134347,-0.036197145165634256,0.34742795583086455,0.23903463324005897,,0.005970776063943907,-0.09252055307280421,0.10658109162950148,0.20216006975035036,0.3131224693815134,0.18364427321321788,0.22838309740855536,0.05984196615647268,0.07583981156449854,0.05043114663550421,-0.08429567210031634,-0.21408244966151907,0.33488110943227417,0.1109651385192658,0.5215746780665276,0.31732940150730143,0.22523702794122347,-0.02068590887719282,0.29191708472750344,0.2547385046583922,0.3381668621928451,0.3133014100708916,0.23593968968397797,0.045212651837109194,0.06690647153610539,0.057725718615765954,-0.3066824304893024,-0.27050080568958357
