,#10,#11,#12,#13,#17,#18,#26,#49,#50,#51,#52,#53,#54,#58,#101,#102,#201,#202,#301,#302,#401,#402,#501,#502,#601,#602,#701,#702,#801,#802,#901,#902,#1001,#1002,#1101,#1102,#1201,#1202,#1301,#1302,#1401,#1402,#1501,#1502,#1601,#1602,#1701,#1702,#1801,#1802,#1901,#1902,#2001,#2002,#2101,#2102,#2201,#2202,#2301,#2302,#2401,#2402,#2501,#2502,#2601,#2602,#2701,#2702,#2801,#2802,#2901,#2902,#3001,#3002,#3101,#3102,#3201,#3202,#3301,#3302,#3401,#3402,#3455,#3501,#3502,#3601,#3602,#3701,#3702,#3801,#3802,#3901,#3902,#4001,#4002,#4101,#4102,#4201,#4202,#4301,#4302,#4401,#4402,#4501,#4502,#4601,#4602,#4701,#4702,#4801,#4802
#10,1.0,-0.06995028918093552,0.3902869898250307,0.3923009855432356,-0.030744018953105672,0.20413115622161257,-0.06292869304824551,0.2913245719346136,-0.04602975345442262,0.24018314031780233,-0.03967096824259245,0.11003939434054422,-0.0647619221516705,-0.17842669137752376,-0.3408646669740308,-0.04259244888550078,0.26275614309777373,0.1220503316337011,-0.23192904453888535,-0.12712823017615615,-0.3037344739280677,-0.10847822812199008,-0.12865652973747757,0.02616824989615049,-0.17976783358515888,0.0635558984237699,0.1170911182423642,0.41518896045502063,0.06208968032611028,-0.09897976418173436,0.37801494519941387,-0.08138788589792165,0.42096892731447455,0.28442257391574266,-0.14652503571966569,-0.19822337458403136,0.09206407172234979,0.1333628524606627,-0.03426166423970749,-0.04884898227482916,-0.045123181492420124,-0.09673113704939584,-0.0920239013635098,-0.16760808337175384,-0.15172253237593977,0.059995343890225365,-0.09559632441216614,0.3817188348770011,0.27543263019989317,0.2664928994325937,0.13010357561841812,0.24764387150962947,0.22370964134260296,0.07449319158065797,0.23767249289030296,0.07488667850474968,-0.0991906585656443,-0.1278869021806114,-0.12171344839706574,-0.1374940086822753,0.1907206471079624,0.1990213039846257,-0.3441111623384627,-0.24529025366668644,0.3475502928327863,0.15089356224351455,-0.1970839971332971,-0.1908858933568269,-0.09439212660966737,-0.14901924981854867,0.16335002533471496,0.10002419351157409,0.08481240898903075,0.15989811336257856,-0.0023536178429430267,0.13706400325014723,0.23126166880452098,0.23878722034811267,-0.18376843614054147,-0.0244162744731064,0.03778204841441203,0.013514586861553771,,-0.014874901285907963,-0.09973113248458235,-0.05682827628077255,0.05440892512336409,0.09580174101987063,-0.02350787658570209,0.009800654594256551,0.041740654685552825,-0.15093647149045725,0.16824441837428733,-0.1692030292102416,-0.07549105981275135,0.10823081523004377,0.07205375524382951,0.32640425075433543,0.29818548663194366,0.24138368626949747,0.23657785061191325,0.3723089283187335,-0.08703912501654745,0.20927478807853306,0.10676368416968325,0.337647386416028,0.2871660268319738,0.20778574591335072,0.21958670178529857,0.008608325306869587,-0.2104351636713882
#11,-0.06995028918093552,1.0,0.16030803361528664,-0.01297411294261573,0.09639060196195684,0.3381869473722651,0.23590864895214705,0.07900140139774589,0.15797084910096,0.22911711942008609,-0.11241401032560815,-0.022040745525341562,-0.08391496665403735,0.1324754527153793,0.3125317825140254,0.20539013178616589,0.1453235768052696,0.2891827614382814,0.2174357616619573,0.09929747520165064,0.1176781532590486,0.02578845741257241,0.11225880666645364,0.10749314136770942,0.24831124724399384,0.16535489142591078,0.07232764405410216,-0.06964444667613105,0.11599191115046995,0.05826254068390036,0.01830581511592344,0.049803028297278916,0.008356347601418745,0.060066554980896254,0.14526149534160782,-0.0037340174467172145,0.07783646099138619,-0.12319701278604263,0.12369822930884158,0.027951266051025485,-0.03287669982242875,-0.022212382513112427,0.2613456157248696,0.015075753080107912,-0.10704944149506772,0.02160343639160622,0.229158202741627,-0.16346414567232856,-0.2528952329652572,-0.2851264681581434,-0.1138008006682887,-0.21239985940374406,-0.2619070877859285,0.12286834621371544,-0.21045707477621,-0.08810911730201262,-0.23798929094751833,-0.333841244915939,0.02261682498961505,-0.1523323914601469,-0.24243541930094445,-0.3267922599022217,0.17024837150278224,0.18732168697247875,0.08551539026873058,0.042032802749843654,-0.0038727877772553603,0.11954333605700539,0.27365783070932637,0.323153190576399,0.13112426791803422,0.1831604029817362,-0.07170317756668051,-0.11902933805639371,-0.1265037636887345,-0.15381960769992742,-0.18400945829358142,-0.23521662322485815,0.2891690669977678,0.236149671105187,-0.01162749295877517,0.007277225688944478,,0.1443914418876417,0.21550484554953508,-0.16463912866839825,-0.11755399033172499,-0.016173134246600353,0.03358150702753039,0.16416621398932746,0.2872217175567292,-0.1255551954424902,-0.0801562992143956,-0.007772051472837077,0.09483765240771089,0.060393395627821624,0.3473841336212209,0.18650549831786623,0.012855427791497578,-0.03188796121734447,0.013976545988213651,0.030630811578192974,0.29755645533101743,0.16370151597456487,-0.018660957606576982,0.04553857952133365,0.05146827226373667,-0.24285538214336252,0.007466208968032611,-0.14686191895630105,-0.07264535507401845
#12,0.3902869898250307,0.16030803361528664,1.0,0.38107702209826216,0.11194383453464009,0.40102525711312065,0.2996882232376396,-0.051044657570514955,0.020911410664317308,0.3064907083221115,0.19352070371164987,0.14887956652530962,0.22808547156805908,-0.1289377222493575,0.09376400827144207,0.1732419761990624,0.4499034541943789,0.37562024403492994,-0.050323417036796964,-0.19135789507319678,-0.11899464547375917,-0.055262545248713865,0.02101274952411819,-0.003246495364431886,0.03175649458841359,0.07893749400868227,0.05067490767664687,0.2680659341662596,0.2738358584360036,0.15540907576220975,0.21688707107871108,0.09236900126445334,0.2997904750601414,0.1739257852620431,0.06653854756763912,0.02431402265060461,0.2767555131535101,0.15572404789402328,0.19277755207311006,-0.0819813116535124,0.27885441440289954,0.07910639210835041,0.23909488877831897,-0.04500175745319925,-0.12331204608635714,-0.15881351367389884,-0.14524141016218783,0.19139623950663495,0.1254228158508584,0.017989930021408976,0.003141504653827368,-0.0068024850844718735,0.16080194643647833,-0.16096080194643647,0.15428704460279274,0.0528121533594745,-0.12237078154172011,-0.20002830184372816,-0.1286254890056467,-0.058386703611223965,0.06082522698535151,0.01915943524127322,-0.05325676619481711,-0.03241656662117069,0.2214783605015817,0.14461876960016798,-0.045502061013297304,-0.02064939036915647,0.1437852346542382,0.309901536972707,0.367055740937704,0.2890248188910242,-0.03308576828093688,0.0951288875093008,-0.044886724152884735,0.010646058055298151,0.15869848037358433,0.16726663532161393,0.15591759598661598,0.19311626123514725,-0.09377496382385297,-0.025745548165629694,,-0.03859458521822091,0.0744548471472198,-0.14380075502015366,-0.13406674670306346,0.1613542888705282,-0.00996224899231742,0.16957734391761425,0.10824359670785651,-0.23659154505242688,0.2565662559856117,-0.2881164210036199,-0.11719519599026781,0.26386813166748074,0.19762447105223516,0.22666216271734219,0.3893365956533846,0.016308252726334866,0.029241282347409695,0.261541902705565,0.09352755093190668,0.23510341584994546,0.22571450743379878,0.17530801079121913,0.14437044374552077,0.07344145854921097,0.23220475927455983,-0.20660163329027192,-0.12323353129407898
#13,0.3923009855432356,-0.01297411294261573,0.38107702209826216,1.0,-0.062236667320956604,0.41117375049642346,-0.05330058840446074,0.22682558304080486,-0.11404638763483319,0.13480076871459418,-0.002707847370895662,0.26266302090228105,-0.0035395563914236284,-0.22761986059059558,-0.24424034656064125,-0.013350253575390178,0.3422578480556177,0.0827655466135931,-0.18747871655703507,-0.0006372479652343803,-0.28252452446055315,0.000965914537561568,-0.1351650408322568,-0.013916290449953668,-0.07120469993198428,0.1817690478255511,0.10391889239365126,0.3962623307024791,0.08646213258957305,0.12002538036308527,0.2795683512350103,0.011598278152346085,0.43588856377272706,0.26584652184035024,-0.06881730246910762,0.014499673615834425,0.19943852793894107,0.30811213007892563,0.01592206950385042,0.08089032122592632,0.028636901039408035,0.026479570177160412,0.04361953192402324,-0.07391437322828176,0.012405337179949513,-0.04705227167944054,0.10577311963919714,0.30316843705350416,0.2838665796308892,0.03777474471280476,-0.07976646414110751,-0.016362117525688488,0.27901144398745586,-0.0035377304660218108,0.14034427823451273,0.06202212108624302,-0.24480912232330748,-0.0811569063345917,-0.23260828878836154,0.05948043292691277,0.03508059178242273,0.056449396759895375,-0.18034391304943237,-0.2450063222667038,0.37968384101667524,0.3289797185335993,-0.11403451911972136,-0.2964563352764223,-0.0828577558463849,0.01909278896410687,0.08657351403908393,0.3287934741426139,-0.19904777990295205,-0.02224251028224242,-0.13292189147612374,-0.025721811135406062,-0.011126276435976207,0.011586409637234271,-0.08906225036176146,0.0889417392852415,0.0707628259847444,-0.04045885505347679,,-0.05687575034121981,-0.004545641287825186,-0.025765633345049686,-0.05730484281064697,0.04535142216764734,0.07100932591398978,0.16020669475548577,0.0998087343141596,-0.10274025754677793,0.27222539223160036,-0.09010211487809666,0.05315177548421259,0.0689688542774585,0.13608713316017473,0.32531508625215116,0.27360305294727183,0.3864297224136908,0.22571085558299517,0.22161804379482075,0.0366755376209105,0.37032962518316315,-0.012746785230089425,0.3639334085005957,0.19383019806725796,0.007360305294727184,-0.015498454810628712,0.07127408509725335,-0.1765551178406606
#17,-0.030744018953105672,0.09639060196195684,0.11194383453464009,-0.062236667320956604,1.0,0.17208160060620722,-0.04725312347364048,0.1317952955032022,0.04383499112143773,-0.14361724951727098,-0.008833827093994075,-0.014341731068577192,0.09445512103603007,0.07317669936594741,0.005716059470390337,-0.17153382298566192,0.044776255666074766,-0.008685014173745932,-0.02745461434173107,-0.1881232682238767,-0.03505137697599365,-0.19623494182145187,0.10793958012845385,0.1353722833653631,-0.04615300341904532,-0.031879744553036285,-0.07303245125920381,-0.17365189645177045,-0.02072060145982736,0.2569451355064889,-0.12804667065327047,-0.023287852574783056,-0.3389921804744667,-0.07629446698955114,-0.12946815357858554,0.017506059789927284,0.043292691277097874,-0.05518129156833298,0.10207653366321719,0.09314593252292677,0.26038426600081255,0.07462739709769158,0.04601149420040444,0.07909269766783678,0.10184920595069089,0.17412755001894398,0.19732319336093523,-0.012685616729128532,-0.07808935165953795,-0.10701109706162955,-0.02564512226852972,0.011543500390291554,-0.17371123902732954,0.10066326740221028,-0.1050062309704337,-0.07600323188796122,0.016182263873609444,-0.2684712896054632,0.0822296375081596,-0.012756827819799423,-0.058026083344364966,-0.16101831859659374,0.0068965202426654855,-0.017137222858760105,-0.05757142791931236,-0.23052490790488755,0.02281402493301136,-0.11800225501787125,0.05189279991965928,-0.0066984073365682646,-0.0036582415425417793,-0.20179944948349135,0.10767938575869483,-0.10823264115544559,0.08782244701392725,-0.06465419255296324,0.007669799650335285,-0.061087247280512354,-0.010184098928638271,-0.014644834685278933,0.1220804594028311,-0.009948554551803787,,0.20147899957547236,0.2843541017131745,0.18366983616884333,0.026296064674277732,-0.09944446219649697,0.13653448488362008,0.13303327292563463,0.20114029041343515,0.1914227154249613,0.0569058781103498,0.02272820643912593,-0.019113787106227777,0.03055320974861572,0.031712672378769964,0.04501088708020834,-0.08199318016862421,-0.2074844682220508,0.19027055649641433,-0.03250512400315885,0.14631961911196117,-0.102449022445188,-0.033959473585706654,-0.15949732273687958,0.02261682498961505,0.018011841126230787,-0.10304336116347966,-0.17025750112979135,-0.14401530125486722
#18,0.20413115622161257,0.3381869473722651,0.40102525711312065,0.41117375049642346,0.17208160060620722,1.0,0.05551087110336107,0.18011384644880332,0.10664956383206964,0.25884227199897747,0.23455016045319468,0.1630040124710705,0.13712973656461266,0.043642355991545964,0.017354507981576412,0.04469043717218933,0.3124961769686899,0.36780345738974835,-0.10312187595575782,-0.2303961801640594,-0.1402155504936846,-0.14463520292878435,-0.03373579772398399,0.017012146968735594,-0.004516426481396102,0.12240821301245737,-0.06526131274906764,0.03786786690829746,0.1816658830403484,0.23701242085754587,0.23574066381517983,0.19735606001816797,0.08116877484970351,0.078599697809346,0.048481058306362894,0.0892201929090187,0.15063793268726006,0.09557806515814797,0.07274486800841752,-0.04947618765035355,0.08195848758598967,-0.01287003519471212,0.2767938575869483,0.012780564850023053,0.11900377510076826,0.07608083371753847,-0.1485262499600579,-0.04875494711663555,-0.0025544696371429744,-0.21588007321960861,-0.055700767345150115,-0.12178283356233481,-0.00823948837570241,0.013544714630683763,-0.08069038239442727,-0.16859043123793177,-0.20515276148392958,-0.39576933084398835,0.10031634157586491,0.200630857226328,-0.15048090310270373,-0.17293795961965974,-0.055478917408829265,0.02778875869026371,0.0461822182254744,-0.01192237991116873,0.09144782189923631,0.051943925830910176,-0.04098289564379847,0.02627324060675501,0.16074077793551744,0.07898405510642863,-0.3113860143243848,3.6518508036354175e-06,-0.17440417771731936,-0.13633180716401833,-0.16960016798513697,-0.08571715502563143,0.11456586341165031,0.24176073986497282,0.07538150428864229,0.11692130717999516,,0.11286044908635258,0.2344296493766747,-0.12245660003560555,-0.06922904864721752,0.0879822154865863,0.0727841254045566,0.21181282438705967,0.21646802119899392,0.017454020915975477,0.1427006349655585,0.028660638069631664,0.09136200340535088,0.08357169267849562,0.069504763382892,0.1435597328671137,0.12084522086850141,0.0774858833142372,0.0624219987492411,0.300956328429202,0.2427996914186071,0.2597698421031009,0.025031611333518968,0.002181980855172162,0.11823414754390209,-0.09088726280087828,0.13176881958487585,0.04759822337458403,-0.08683005655803933
#26,-0.06292869304824551,0.23590864895214705,0.2996882232376396,-0.05330058840446074,-0.04725312347364048,0.05551087110336107,1.0,-0.1744699110317848,0.05101635572678678,0.1563320810528286,0.006188061186760215,0.11661637763789161,0.08597369754458682,0.1282155687529386,0.09392742859490476,-0.0013274477671214742,0.06769618427239155,0.08335988533188476,-0.06717396960747168,-0.137927665965207,0.09426339886883921,-0.15165679906147433,0.013194136953534764,-0.06066363258729065,-0.1317113029347186,-0.13913825450661213,-0.05457599729763041,-0.10011457681896406,0.016342032346268492,-0.142424920229884,-0.09765688122811743,0.12886012041978026,0.014880379062113418,-0.13980106542747195,0.1584072452719944,-0.014466806958601707,-0.11565685383923639,-0.06732826030392529,-0.061104593571829624,-0.3102749387173787,-0.05377806789703607,-0.011151839391601656,0.0667001419657,-0.07103032405611069,-0.09276066226314324,-0.0545340010133886,-0.111924662317921,-0.12392829590947062,-0.058280799937918536,-0.057470089059511474,-0.11463890042772303,-0.15119210104671174,-0.08533462365395061,-0.3040877904933194,0.10144567643688918,-0.24743115120031772,0.28395970182638186,-0.044224826194725814,0.11401991171650683,-0.1523652581173796,0.06722783440682531,-0.011425728201874312,0.10118274317902742,0.2174257190722473,-0.1523844303340987,-0.20400334144348534,0.11103269775913305,0.32493255488047035,0.07067244267735441,0.27875216258039776,0.004794880105173303,0.01564270291737231,0.15906366545394787,0.08658355662879393,0.10988510364409063,0.10487932915500738,0.17471914984913292,0.14380258094555548,0.25441531586227045,0.005255926269132275,-0.21243090013557497,-0.025591257469176096,,0.026047738819630524,0.1724285264325526,0.04671995325630971,0.047708691861394,0.0071585405378263274,-0.20552890211670402,0.07501449328287693,0.22635905910064044,-0.09617057795103781,-0.012106798376752317,0.03248869067454249,0.15282447835593677,-0.05716698544280974,-0.023592782116886615,-0.14493648062008427,-0.17950124847649349,-0.14613520064637758,-0.16508100261563813,-0.10375090725668402,0.07304797162511925,-0.031139331802599205,0.11303665088762799,-0.06524305349504946,0.07966695120670846,0.04613839601583077,0.14596630254670945,0.03861010558413636,0.21124678751249618
#49,0.2913245719346136,0.07900140139774589,-0.051044657570514955,0.22682558304080486,0.1317952955032022,0.18011384644880332,-0.1744699110317848,1.0,0.1067280786243478,-0.059796318021427236,0.03345369224940315,-0.07069800563297987,-0.16605969863101244,-0.04356658008737053,-0.34263764053919576,-0.21395007006988728,0.13040667923511984,-0.043365728293170584,-0.260179762355809,-0.048454582388036536,-0.3671789909023267,-0.1789772078861718,-0.17021367892014772,0.07431972866748529,-0.2676350157714307,-0.008558112358319601,0.05107569830234586,0.2318697019633263,-0.018476539140993394,-0.017282383928204612,0.32145873180351214,-0.030763191169824757,0.24982402643939983,0.16354722527811127,-0.12347455344711891,0.01364331460238192,-0.02659460347747493,-0.0721450515139204,-0.1780971118424957,0.22389679869628926,-0.06711006221840807,0.0868382732223475,-0.12170523173275756,0.0669995937315981,-0.013835036769572779,0.27953548457777755,0.15055302715607555,0.21084143207329265,0.19980462598200552,0.09939424924794697,-0.0005861220539834845,0.10570464743662898,0.07525642839861778,0.15835155454723898,0.009652754636709317,-0.01237520941081952,-0.12603541382316824,-0.1743028388575185,-0.16095441120753012,-0.031296361387155525,-0.0020852068088758236,-0.08497035153628799,-0.16560960801946437,-0.22492935951101717,0.22718711627036478,0.1417958889289578,-0.1276385763259642,-0.10890732059141724,-0.07485472481021788,-0.11638265918645893,0.015800645464629542,0.03640438769874057,0.0769189334769728,0.05695609105889979,-0.013693527550931906,0.10990701474891243,-0.009995115649550138,0.01809765962011622,-0.1310001049907106,-0.0710513221982316,0.08410942770933094,-0.03767431881570479,,0.1659227542258761,0.11792374022559308,0.005874914980348478,0.05297374775753537,-0.17452742768194204,0.025307326069193444,-0.0006016424198989351,0.03463324005897739,-0.05039645405286967,0.08021655475265559,-0.04302884505653522,-0.16429950654366016,-0.016987496975811055,0.0415425417794556,0.27062040380340263,0.11676792944624248,0.11326123971205157,0.17743064907083222,0.2952010115626726,-0.05809912036043768,0.13147667152058504,-0.10210574846964628,0.390844810035286,0.2037933600222763,-0.03332587747127591,-0.05990496058283539,-0.0531006495729617,-0.28355708527528106
#50,-0.04602975345442262,0.15797084910096,0.020911410664317308,-0.11404638763483319,0.04383499112143773,0.10664956383206964,0.05101635572678678,0.1067280786243478,1.0,-0.034443343817188346,0.06563471449373935,0.0773626333496145,0.06237726357689657,0.19859038558979672,0.26376405391957713,0.3008997247417457,-0.13287898222918101,0.07752240182227355,0.21868104278599698,0.1659410134798943,0.027998740111472745,0.0597926661706236,0.14599825624124127,-0.0016077273163004925,-0.07213957373771494,0.007863347742927962,-0.2643383074584488,-0.2679235119849179,-0.003950389606832613,-0.32876973711239027,-0.1081002615638138,0.16765829632030382,-0.15487042776867352,-0.15296690053727854,0.04611648491100896,0.10781176535032662,-0.15989628743717677,-0.028591252904362593,-0.3197113211939726,-0.16574016168569433,-0.16914368663468254,-0.03896889992559354,-0.03268771654334062,0.033618025535566746,-0.04838337129736565,-0.19974071859294187,-0.13229286017519754,-0.22430763191169825,-0.18846654219941844,-0.24218526752089545,-0.3037874257647204,-0.23621357849425062,-0.34112303541838795,-0.18339229550776703,-0.025426924183012505,-0.11531357986369467,0.1073461543728631,-0.2692883912227766,0.0018542272455458833,-0.04127960852159385,-0.3529796820150913,-0.27144846097312697,0.10710056740631861,0.22974067294480685,-0.2776429128987935,-0.007749227405314356,0.11997516741453527,-0.03150634280836456,0.27402849356589537,0.2970689332487321,0.2509113650161823,0.1259359008887692,-0.09275974930044233,-0.08975245016364856,0.03625557477849242,0.017705085658725413,-0.1622937274897634,-0.09138847932367723,0.11244139920663541,0.0009503941716461174,0.21512140121515336,0.002005779053896753,,0.19317651677340722,0.06911949312310846,-0.03850146302272821,-0.10739454139601126,-0.09477191909324545,-0.1483107907626434,0.0978805570898401,-0.007750140368015265,0.1526427987784559,-0.2090620677692213,-0.1273692523291961,0.16918294403082162,0.02965485445092141,-0.004751970858230587,-0.32574509168427923,-0.18600975957127272,-0.10025517307490403,-0.20596438532503755,-0.029067819434237013,0.009892863827048346,-0.08814472284734808,-0.22316551557286127,-0.1851305764902975,0.015011845691044292,-0.21163114480957881,-0.1853387319861047,-0.011449465232097942,0.07132338508310243
#51,0.24018314031780233,0.22911711942008609,0.3064907083221115,0.13480076871459418,-0.14361724951727098,0.25884227199897747,0.1563320810528286,-0.059796318021427236,-0.034443343817188346,1.0,0.2210337476662391,-0.04984867643232436,0.16109044264996553,0.005548987296124017,0.06347190585528628,0.11640365732857984,0.5705752121497076,0.1306486143508607,-0.0026603733104484015,-0.108408842956721,-0.1384115361966887,-0.12462214756216135,-0.03245947586811341,-0.1171623293330351,0.12280717771275454,0.08522415516714064,0.20730096271916812,0.20193821981402948,0.03373305883588126,-0.05070320952037505,0.36201162201518255,-0.010074543404529209,0.28912159293732054,0.20196195684425314,0.18810409600715763,-0.04316944131247518,0.09053577216102836,-0.05579754139144645,0.0711654425358452,-0.05523241747958387,-0.09853332542098993,-0.10727129143138857,0.20395221553223444,-0.04768951964467492,0.00988099531193653,0.004123852520005295,-0.10191859111595995,-0.051971314711937444,-0.1200600729457198,-0.08484710157166529,0.005269620709645907,0.06133100832165502,0.14400525866515723,0.010673446936325416,-0.05917824227291194,-0.11697060716584425,-0.05971141249024271,-0.19380189622352978,0.08811550804091899,0.06232522470294476,-0.027408053243984716,-0.07203640895251225,-0.12661970995174993,0.1176252014223959,0.1712015045625311,0.04947801357575536,-0.05503065272268302,0.01501458457914702,0.022454317628853273,0.07677194648212647,0.23983438856605513,0.2702406113198245,-0.20732469974939174,0.08461155719483081,-0.21767495788959543,-0.049058963696038196,-0.07176160717953868,0.07512039695618236,0.2570720373219152,0.09543107816330164,-0.24922968772110815,0.03515088991039271,,-0.05439249179474773,-0.07746305924671447,-0.12664344698197355,-0.1223497833995992,0.016699913725024763,-0.16323225314629772,-0.0111253634732753,0.042073886071384556,0.05261769230418091,0.13235402867615845,-0.006449168519220148,0.006639064761009189,0.23490895479465188,0.085951786439765,0.21089438390994536,0.1497249699863512,0.14031688935348546,0.17895803566945273,0.33993709686990736,0.08951051504790772,0.25122998899879945,0.02157148269707441,0.16827728503152004,0.2644843814905942,-0.015415375204846007,0.01450423842933897,0.040946377135762116,0.16528459329794082
#52,-0.03967096824259245,-0.11241401032560815,0.19352070371164987,-0.002707847370895662,-0.008833827093994075,0.23455016045319468,0.006188061186760215,0.03345369224940315,0.06563471449373935,0.2210337476662391,1.0,-0.038877603655502656,0.36953717355877425,-0.020876718081682774,0.0025946399959829642,0.062002948869523934,0.29294599369142776,0.17069389730082576,-0.09770983306477014,-0.11732848854460051,-0.2747716452044352,-0.010118365614172833,0.029595511875362333,0.18065523333044228,-0.021577873435980773,0.1062012991459234,-0.062275924717095685,-0.0014999977175932477,0.11811454943008304,0.13592097394860933,0.16534850068700443,0.29030661852310025,0.10694262485906138,0.053124386603185324,0.1282456965220686,0.19228363925191835,0.0633084855318236,0.04746766970835407,0.032884003524036025,0.010158535973012823,0.0033816138441663964,0.047404675281991354,0.31900012324996463,0.20003286665723272,0.24445763168345758,0.07032734277641087,-0.11831905307508661,-0.07765752030200807,-0.0920458124683316,0.005233102201609554,0.0326749350655279,0.01565091958168049,0.13642949417301556,0.0636581502462717,-0.04380212446420501,0.025195944619682564,-0.151159234389479,0.00393669516631898,-0.08040645099444463,0.06111372319883871,-0.01660131375332661,-0.09804215148790096,0.088466085718068,0.2096801435177366,0.003065728749651933,0.0320358611748917,0.1626525218312206,0.24880972487869008,-0.03700785604404132,0.04890649892498642,0.16330529016237041,0.050657561385329605,-0.20396225812194443,0.09686351664102763,-0.13173595292764315,0.07396641210223356,-0.13886345273363856,-0.02710221073918025,0.2179214578188408,0.2249330113618208,0.005339005874914981,0.1629757106273423,,-0.04620412933029621,0.07815873682480702,0.030907439276568357,-0.11945934348852177,-0.10343684808757138,0.18331286775278796,0.0885920745707934,0.03652672470066235,0.21057667289002907,0.16796870363861285,-0.104903066185231,-0.1779875563183866,0.17951768180510985,-0.01640959158613575,-0.024908361368896275,0.06541925529632486,0.11131662915911571,0.003047469495633756,0.20148721623978053,-0.06899259130768212,0.2446986538364975,0.06860275623439405,0.07556957460502951,0.09563192995750158,-0.050162735601437004,-0.008294266137756943,-0.025156687223543483,-0.05473759169569127
#53,0.11003939434054422,-0.022040745525341562,0.14887956652530962,0.26266302090228105,-0.014341731068577192,0.1630040124710705,0.11661637763789161,-0.07069800563297987,0.0773626333496145,-0.04984867643232436,-0.038877603655502656,1.0,0.11233275664522725,0.04967156166834804,-0.0639283872057407,-0.1179566068828258,-0.13029621074830988,-0.0841267740006482,-0.2585455591211821,-0.0591325941378665,-0.0981078848023664,-0.09836168843321906,-0.010772046908023573,-0.08382001853314283,-0.08142349144325708,-0.02527811126276436,-0.21927903335509227,0.016683480396408403,0.2458836794222772,0.08545878658127422,0.12184856687680025,0.14878735729251782,0.15920882652339238,-0.04262896739353714,0.19520968470833125,-0.04991623567219161,0.11253817325293175,0.21383868862037642,-0.11180323827870012,-0.07849470709874148,0.07751874997146992,0.2785202700543669,0.03438491420433018,-0.04343146160763602,0.08693778615674656,-0.19977723710097825,0.0072114923744790406,-0.02142266977682627,0.1578165584045064,-0.2630793318938955,-0.31894899733871374,-0.3655940876535489,-0.16135976664673365,-0.2811057804233408,0.14890878133173868,-0.09648646304555228,0.12797272067449683,-0.024777807702666306,-0.06031944564904801,-0.048775032296055544,-0.15728704003797925,0.0009038330738997658,0.10452783851515747,0.05264690711060999,-0.1272158745954434,0.09811792739207639,0.12350468121624891,0.007185016456152684,-0.03384170139728941,0.02815576969602907,-0.11142253283242114,0.0025553825998438835,0.07323056416530102,-0.1585925767002789,0.13210661578421212,0.058618596137254814,0.028133858591207258,0.06301542450483186,0.02572363706080788,0.11407560244126226,0.33206553246267123,-0.006715753627885533,,0.16041211136319025,0.08750199710590824,0.05954434031597639,0.0730835771704547,0.1739330889636504,0.08150109327283434,0.26208876736340936,0.22596922402735237,0.13684124035112546,0.16011174663459124,0.04914569515262454,0.1968329323905472,-0.12844928720437127,-0.10188481149602632,-0.15598698115188503,-0.13763734382631798,-0.045595183208790004,-0.18171974783970202,0.012445507538789502,0.023315241455810324,0.06183313780715489,0.04351271528801691,0.03259915916135246,-0.09183035327091711,-0.022506356502805077,-0.014091579288528167,-0.026644816426024915,0.0025106474274993497
#54,-0.0647619221516705,-0.08391496665403735,0.22808547156805908,-0.0035395563914236284,0.09445512103603007,0.13712973656461266,0.08597369754458682,-0.16605969863101244,0.06237726357689657,0.16109044264996553,0.36953717355877425,0.11233275664522725,1.0,0.27335655301802647,0.12101777081897319,-0.014092492251229076,0.1630460087553123,0.11656251283853798,0.004201454349582548,-0.10860969475092096,-0.0932317510168122,-0.021503923457207155,0.038765309243290864,0.08854186162224342,0.05999351796482355,0.2645921110893015,-0.1964814417506973,-0.12316779797961354,0.21255506306289856,0.11141614209351478,0.11187627529477283,0.22417160046926282,0.052653297849516355,0.1814924201271757,0.16211569976308618,0.20406816179524986,0.15614309777374044,0.1630450957926114,0.1859960651307591,-0.06906471536105392,0.09105889978864913,0.07628442439984115,0.12913583515545474,0.07674912241460376,0.15280621910191858,0.04308088393048702,-0.26737847325247527,-0.2835726056411965,-0.19126933769120863,-0.3490667238789959,-0.16062574463520293,-0.12359506452363889,-0.07098924073456979,-0.02086302364116914,-0.09096942944396007,-0.1447548010426034,0.07170956830558688,-0.20878817895894863,0.1840085453308805,0.04791319550639759,0.07448406195364889,-0.198877968840583,0.17523679970054823,0.14797573345140985,-0.22114056430224543,-0.08367029265019378,0.4146713106036053,0.12682786544755714,0.04869560454107647,0.10251384279695253,0.10415900158399029,-0.0616076360200304,-0.1303491625849626,0.017540752372561818,-0.09962522881127692,-0.18128152574326575,-0.12121040594886497,-0.049764683863840746,0.18086521475165132,0.29635864826742503,-0.21341781281525743,-0.10111609690186107,,0.04133256035824656,0.18047811856646598,0.14540300456024868,0.04230851748551813,-0.12721039681923796,0.014721523552155277,-0.01247107049441495,0.18348815659136247,0.06332491886043996,0.2290742101731434,0.12903540925835474,-0.02746922174494561,-0.002626593690514774,0.13099371425180426,-0.17127088972780016,-0.08216481715639508,-0.1876585702091141,0.008058721760922458,-0.000991477493187016,0.1682736331807164,0.08296731137049396,-0.04104954192096482,-0.2090940214637531,0.04296311174206978,-0.034349308658994736,0.10420099786823209,0.04197163424888276,0.1400749542377446
#58,-0.17842669137752376,0.1324754527153793,-0.1289377222493575,-0.22761986059059558,0.07317669936594741,0.043642355991545964,0.1282155687529386,-0.04356658008737053,0.19859038558979672,0.005548987296124017,-0.020876718081682774,0.04967156166834804,0.27335655301802647,1.0,0.28901842815211787,0.10806648194388019,-0.010373082207726403,-0.06682978266922905,0.02224981398384969,0.02214664919864699,0.11330780080979791,-0.09445512103603007,0.09845572359141268,-0.09038330738997659,-0.03578813787562709,0.00927570104123396,-0.23384535324809305,-0.30043320080158126,-0.025366668644752517,0.006555985155226483,-0.04058484390620221,0.13693618847201997,-0.11546056685854099,-0.10324969073388507,0.009429991737687557,0.2487595119301401,-0.07061310010179535,-0.1488686109728987,-0.07487207110153515,-0.13420095222009704,-0.23219471668484984,0.09929656223894973,-0.11700986456198333,0.05993326242656356,0.0034939082563781856,0.03145612985981458,-0.027811582757786432,-0.3617888591161608,-0.32576700278910103,-0.4014735217992669,-0.14842399813755608,-0.1830179808003944,-0.15824382494853173,-0.14297817562663478,-0.19774863397955877,-0.26936690601505475,0.15593494227793323,-0.29776095897602106,0.18365796765373152,0.1261121026900446,-0.17507429233978647,-0.22410495419209647,0.1298853775329009,0.304522360738952,-0.34991395326543934,-0.16922402735236253,0.37593886801754717,0.24474338900884204,0.21301976107766118,0.29378135456275933,0.20655415922982467,0.15737833630807013,-0.1266279266160581,-0.18315583816823164,0.06559637006030118,-0.20944916395440663,-0.08009239182533198,-0.10393076090876308,0.10730780993942493,0.06849411367298588,-0.06251238205663108,0.08231636896474595,,0.2823099782258396,0.332999493305701,0.1284858057124076,0.03020354503416763,-0.24879603043817644,-0.1906266119497688,0.08818763209429079,0.12677582657360534,0.14628401356662574,-0.006394390757165616,0.031170372534430106,0.07865812742220417,-0.1501385420898629,-0.23235357219480798,-0.33379833566899625,-0.1953895383604103,0.006034683453007527,-0.1470755522283137,-0.01905992230687415,0.34252625908968487,-0.05876649609480205,-0.13532207041681313,-0.06766788242866338,0.07715173896570456,-0.09927647705952973,-0.11891978253228465,0.07377834178584634,0.13313735067353824
#101,-0.3408646669740308,0.3125317825140254,0.09376400827144207,-0.24424034656064125,0.005716059470390337,0.017354507981576412,0.09392742859490476,-0.34263764053919576,0.26376405391957713,0.06347190585528628,0.0025946399959829642,-0.0639283872057407,0.12101777081897319,0.28901842815211787,1.0,0.5792839633536772,0.08791830809752267,0.3689035774443435,0.5933536315373835,0.4497601190503362,0.5779391692952385,0.3408272355032935,0.4864274400069385,0.09524939858582078,0.45514568602299754,0.11151017725170838,-0.30467117365920016,-0.3654060173371617,0.41198628730023235,0.08268337997051131,-0.05541683594516746,0.14251986835077854,-0.11746999776324138,-0.27763652215988716,0.341213418725778,0.04821173430959478,0.26426070562887155,0.03971661637763789,0.17514367750505552,0.05090314835187409,-0.006692016597661903,-0.033810660665458514,0.3729616966498834,0.40025106474274996,-0.030335011663098505,-0.21691263403433653,-0.25170199071516935,-0.3968301935024445,-0.6326612406250143,-0.4164360675044621,-0.3123866214445809,-0.43746707628259845,-0.36639293001684414,-0.2387488759146745,-0.2000310407318309,0.059856573559687216,-0.16777241665791745,-0.06661158458371183,-0.1567474790817421,-0.27207931819945497,-0.2583191443713567,-0.43471175485125557,0.557539930706131,0.4600811623841108,-0.29252694381171057,0.052415927547280056,0.43207237968292805,0.18340598994828067,0.7979321394824415,0.4999931527797432,0.5068951507986141,0.439284785020108,0.0951279745465999,-0.23032040425988395,-0.018178913300497108,-0.3122049418671,-0.16079555569757198,-0.2820041357210351,0.568167729507411,0.4240045282949965,-0.12277339809282092,-0.03936603870048889,,-0.05711403360615702,0.09235621978664062,-0.11419063574157678,-0.32235526117580465,-0.09033218147872568,0.006840829517910046,0.15838076935366804,0.11314346752363433,-0.12777643369380143,-0.24675829768974789,-0.21365335719209191,-0.026454920184235873,0.10661761013753783,0.21866917427088517,-0.2800230066600629,-0.0627616208739792,-0.12222927232307924,-0.3683914053691336,-0.16234028858750976,0.41873582054805153,-0.11233458257062907,-0.001692632847485016,-0.2768048131393592,-0.10170495784394729,-0.1514669028196853,-0.09894050678559528,-0.2647126221658214,-0.010324695184578235
#102,-0.04259244888550078,0.20539013178616589,0.1732419761990624,-0.013350253575390178,-0.17153382298566192,0.04469043717218933,-0.0013274477671214742,-0.21395007006988728,0.3008997247417457,0.11640365732857984,0.062002948869523934,-0.1179566068828258,-0.014092492251229076,0.10806648194388019,0.5792839633536772,1.0,0.10535772161028362,0.46474366289765234,0.5086891225059,0.5871673962760251,0.21380856085124642,0.6070371164986055,0.2685972784581886,0.3135625174033515,0.25446370288541864,0.31832818270209573,-0.17526144969347277,-0.1923283744242629,0.2950887171504608,0.05093236315830317,0.010165839674620094,0.06128901203741321,0.035679495314218934,-0.2015985976892914,0.33620307942319017,-0.06371840578453167,0.043959154048761336,0.14481414361816247,0.025425098257610686,0.057197113211939724,-0.08571715502563143,-0.002194762332984886,0.2745516211935161,0.18507123391473843,-0.027616208739791936,-0.15213245262864786,-0.21638128974240758,-0.29063163324462377,-0.3083723244486847,-0.06882643209611672,-0.1931317816010627,-0.058080861106419496,-0.11994503964540529,-0.0716392701776169,-0.1593539875928369,0.1478369631208717,-0.31155856427485656,0.06244482281676382,-0.27078017227606166,-0.04689706802028603,-0.35462575376482997,-0.40607576677454843,0.2624466487421656,0.4206110459357183,-0.11567328716785276,0.03917431653329803,0.14333970885619468,0.04100024193511574,0.5355722221968622,0.302689131635527,0.42733045141440745,0.41388251083002003,-0.1241118014123533,-0.11071955155272131,-0.31031237018811597,-0.3356571277280467,-0.2659980736487011,-0.269043717218933,0.3655283543390835,0.38281804196889535,0.014776301314209808,0.09065902212565105,,-0.046788425458877875,-0.09500015976847266,-0.3209967726768523,-0.3856683115211328,-0.017560837551981814,0.08736961751427645,0.1345168373146115,-0.09663892781660405,-0.17895073196784544,-0.10836136889627375,-0.3630478346807141,-0.17889595420579094,0.23851789635134457,0.4001643332861636,-0.014879466099412509,0.16785275737559743,0.06986081883624644,-0.2705893630715717,0.009233704756992154,0.24796340845494758,0.0730835771704547,0.01569200290322139,-0.039297566497920725,-0.059307882976441,-0.32583638795437014,-0.19962112047912284,-0.28498952375300707,-0.12416749213710875
#201,0.26275614309777373,0.1453235768052696,0.4499034541943789,0.3422578480556177,0.044776255666074766,0.3124961769686899,0.06769618427239155,0.13040667923511984,-0.13287898222918101,0.5705752121497076,0.29294599369142776,-0.13029621074830988,0.1630460087553123,-0.010373082207726403,0.08791830809752267,0.10535772161028362,1.0,0.27557413941853404,-0.11879379367955922,-0.13682206813440637,-0.07298862904956017,-0.18771243500846774,-0.03876257035518814,-0.05174124811130841,0.04087790493319395,0.06543112381143669,0.10627159727389338,0.22871267694358347,0.18421122305048226,0.07003975952562458,0.40504777077332504,0.0683398229765323,0.3025777501860161,0.12061058945436784,0.06692199190202085,-0.04493145932522927,0.14240118319966039,-0.03112015958588012,0.12086256715981869,0.03862927780085545,0.06791529532060968,0.08163712471526975,0.22840044369987264,0.10798157641269567,-0.008178319874741517,0.0372634856002958,-0.05912072562275468,0.05269438117105726,-0.1092332482756417,-0.057787800079427756,0.1085110947792228,0.09988542318103594,0.2511094779222795,-0.0037851433579681104,-0.03498929551233184,0.004018861809400777,-0.16717807793962577,-0.1328351600195374,-0.06682704378112632,0.10332090182455596,0.0456974350312918,-0.0920348569159207,-0.09004003341443485,0.025801238890385134,0.2457503868679445,0.14982539588345117,0.1082225985657356,-0.04396097997416316,0.12724417643917157,0.1521242359643397,0.42213021587003063,0.311354060629853,-0.11231358442850817,0.1699945678719296,-0.0727521717100248,0.064205927866817,0.08619189563010403,0.10841432073292645,0.23108455404054468,0.22096436250097,-0.12323627018218171,0.20844125313260325,,-0.021002706934408196,0.053397362450757074,-0.04835598241633838,-0.15900158399028608,-0.013040759219782075,0.03648838026722418,0.06401968347583159,0.11652964618130526,0.03608485075342247,0.07223452185860947,-0.15951375606549595,-0.16927515326361342,0.3699817863941169,0.1092652019701735,0.442309430448219,0.24752062154500679,0.19680463054681901,0.333019578485121,0.5023111650773507,0.08086384530759996,0.4605531641004807,-0.0602153679011444,0.27746944998562084,0.43343360706998313,0.03888399439440902,-0.02933531750560331,-0.09958049363893239,-0.155837255268936
