,#10,#11,#12,#13,#17,#18,#26,#49,#50,#51,#52,#53,#54,#58,#101,#102,#201,#202,#301,#302,#401,#402,#501,#502,#601,#602,#701,#702,#801,#802,#901,#902,#1001,#1002,#1101,#1102,#1201,#1202,#1301,#1302,#1401,#1402,#1501,#1502,#1601,#1602,#1701,#1702,#1801,#1802,#1901,#1902,#2001,#2002,#2101,#2102,#2201,#2202,#2301,#2302,#2401,#2402,#2501,#2502,#2601,#2602,#2701,#2702,#2801,#2802,#2901,#2902,#3001,#3002,#3101,#3102,#3201,#3202,#3301,#3302,#3401,#3402,#3455,#3501,#3502,#3601,#3602,#3701,#3702,#3801,#3802,#3901,#3902,#4001,#4002,#4101,#4102,#4201,#4202,#4301,#4302,#4401,#4402,#4501,#4502,#4601,#4602,#4701,#4702,#4801,#4802
#10,1.0,0.23844485933527185,0.35117201586729174,0.4767555131535101,0.20718501645615267,0.12153268178228578,0.032389177740143424,0.6762332984885903,0.08644843814905942,0.2739088954520763,0.34822405930605704,-0.1691519032989907,-0.06294512637686188,-0.03733287076556487,0.19808734314159596,-0.03764784289737843,0.3357703351029594,-0.3405076985579754,0.018652740942268802,0.06200751368302848,0.02006600720327571,-0.1648810637841391,0.1323503768253548,-0.18319144371356708,-0.09929747520165064,-0.10595297329127619,0.14298547932824204,-0.10773325055804846,-0.06009850867542806,-0.19790201171331145,-0.17668567150689057,0.09461123765788548,0.09659419264425952,0.09065080546134288,-0.056670333733515314,-0.019830462826441225,0.062369046912588384,-0.06809971378619327,-0.014179223707815417,-0.2166633952169884,0.027332277339809283,-0.09480935056398271,0.19169112645902853,-0.15187317122158975,0.05785718524469683,0.027482003222758334,-0.23025923575892307,-0.3079432319792575,-0.2389634221493881,-0.28485440527327255,-0.24902335815070276,-0.18054111299282868,-0.09057594251986835,-0.12898245742170203,-0.1741220722427385,-0.035165497313607255,-0.22267160275166958,-0.1943076775598333,-0.0692071375423957,-0.10284433529468154,-0.1876886979782441,-0.30107592654302107,-0.13586345729845206,-0.01671817297904294,0.08011978070635924,0.16574381353649797,-0.32332300163876804,-0.13388598008828348,-0.15878977664367522,0.09610484463657237,-0.12289390916934088,0.2353645231824054,0.37159499148662284,0.41500728087753974,0.05520046378505206,0.00963449538269114,-0.09291312703419502,-0.17037436035550768,-0.011615624443663354,-0.23320719232015777,-0.025834105547617853,0.03110555218266558,-0.29135104785293997,0.019439714790452235,-0.14488535470883337,0.030883702246344725,-0.18657305755773348,-0.18553045415329555,0.0396143645551361,0.14529710088694325,-0.13265530636745837,0.21957483327018676,-0.034126545759972975,-0.01862352613583972,0.04113353448944843,0.14343556993979012,-0.08592622348413956,-0.18105784988154308,-0.25781975377395955,0.062054074780774834,-0.220353590454062,-0.009239182533197606,-0.02631249800289409,-0.37307216513669333,0.0013210570282151124,0.12506767336020486,-0.22383289130722564,-0.2538757549060333,-0.09936777332962062,0.04281703770992436,-0.0958811687748497
#11,0.23844485933527185,1.0,0.2993056918659588,0.12193347240798477,0.28526706441408334,0.15966804676194954,0.3406902910981572,0.20819384024065696,0.20862567159818685,0.17890051901929546,0.33716077729644356,0.1154815650006619,0.14348030511213464,0.18255784759913635,0.015288473389419676,-0.06755832690455431,-0.006926648011795478,0.03412289390916934,-0.045961281251854454,-0.0003797924835780834,-0.1619130220434844,-0.10209570587993627,0.03403524948988209,-0.06712284369622079,-0.02442449113741458,0.04131338814152748,0.13650344415178917,0.034692582634536465,0.03644181916947783,0.11678253684945701,-0.012350559417894981,-0.12022623215728521,0.14409838086064994,0.056544344880789896,-0.10504640132927369,-0.028118338225291806,0.06778474165437971,-0.0365833283881187,-0.01808122629149986,0.08318642241871209,-0.06936234120155021,-0.034709928925853735,-0.014672223566306198,-0.1258217805511556,-0.20046561097746352,0.03055960048752208,-0.06788334162607787,-0.041724221356936465,0.11474389113832754,0.17451282027872753,-0.024269287478260074,0.0075985885596643946,-0.01771604121113632,-0.11635618326813257,-0.23169076127394816,-0.07439002679545527,-0.15143221023705075,-0.11327858600336883,0.020220297899729307,0.3593959838770787,-0.15893858956392337,-0.04725221051093958,-0.17851433579681103,0.060965823241291475,0.08548891435040422,0.23859549818092182,0.06887938393276943,0.13493497423162776,-0.06623818283904011,0.08506895150798614,0.08739609343260281,0.03713110600866402,-0.04644697740873797,0.045745822054439965,-0.1451455490785924,-0.017965280028484437,0.04171874358073101,-0.019050792679865064,-0.13616473498975198,0.01865730575577335,-0.01866552242008153,0.13074721432255884,0.09583734656520608,0.04722938644341686,-0.04198806757749912,-0.2843011498765218,-0.1513445658177635,0.09745237758311384,0.11425728201874312,0.05035628369402968,-0.007910821803375222,0.0010763830243715393,0.01275043708089306,-0.12024266548590157,-0.02145188458325535,0.10761639133233211,-0.039293914647117095,0.03963353677185519,-0.1589513710417361,0.1121930733519882,-0.02556295562544792,-0.008906864110066783,0.21521361044794515,0.014852990181086151,-0.06199199331711303,0.03344273669699224,-0.0029753454422619566,-0.17536187559057276,0.0037258007824090347,-0.09435743402703282,-0.0265507812678313
#12,0.35117201586729174,0.2993056918659588,1.0,0.3840998416009714,0.13440362993969882,0.14893525725006504,0.1406008207534681,0.1646208694143801,-0.009178926994937622,0.25901664787485107,0.2955159836944862,-0.024770504001059037,0.12287382398992089,0.07998009741312019,0.08901112445051057,0.31846421414453113,0.17317259103379332,0.26582004592202385,0.04073456978915126,0.11891978253228465,-0.2324585629054125,0.1488877831896178,0.12676760990929717,0.15786585839035547,-0.06668096974898091,0.14782874645656352,0.27980206968644294,0.16600765975706064,0.1425089127983676,0.10278225383101973,0.04444941501914939,0.05751299830645419,0.10365230728498587,0.2006491164803462,-0.11379349696668142,-0.00043365728293170584,0.13979284876316378,0.1352052111910968,0.027597949485773758,0.11335071005674063,0.03839282046132005,-0.17405177411476855,-0.06813897118233235,-0.0735994010964682,-0.2196204814052322,0.19510012918422218,0.037572979955903904,-0.12144047254949399,0.09551415776908434,-0.02344488215933938,-0.15086434743708546,0.04852214162790379,0.17503412198094648,0.04611648491100896,-0.047055010567543264,0.03566123606020076,-0.2465236662756143,-0.24594758681134082,-0.22316003779665583,0.028310973355183573,-0.01808213925420077,-0.023138126691834005,-0.1443430548644935,0.11083275892763401,0.439615277517837,0.24450693166930665,-0.00973766016789384,0.07358935850675821,0.06729630660939347,0.08032519731406373,0.16993796418447324,0.20960528057626204,0.0634837743703981,0.20768166816544711,-0.18879886062254927,-0.16474503234170368,0.014087014475023623,-0.08887600597077606,0.046749168062738794,0.2492954210355736,-0.013263522118803836,-0.1030369704245733,-0.017869418944889005,-0.18212784216700828,-0.07074913154423076,-0.009391647304249386,-0.08795756549366175,-0.04149780660711107,0.1666038244007541,-0.0788881940228332,0.020658519996165556,-0.11640183140317803,0.077537922188189,-0.028548343657419876,-0.12720035422952794,0.22459065034898,0.11966019528272172,0.09548585592535618,0.026644816426024915,-0.0983443421419018,0.1899683658424135,0.14790634828614077,0.21528756042671876,-0.03050573568816846,0.100726261828573,0.055572952567022875,0.09566205772663158,-0.10699740262111591,-0.18206028292714102,0.01947805922389041,-0.04976742275194347
#13,0.4767555131535101,0.12193347240798477,0.3840998416009714,1.0,0.12279439623494182,0.3593987227651814,0.3248777771184158,0.22776684758544188,-0.00099604230669156,0.33428585775128156,0.2933458713544258,-0.05126924639493854,0.10772138204293663,-0.006574244409244661,0.2686018432716931,0.13434702625224246,0.4105803247408327,-0.035353567629994476,-0.09067728137966924,0.047825551087110334,-0.05835657584209397,-0.21419200518562814,0.12301624617126267,0.1018190781815609,-0.03222575741668074,0.014181049633217235,0.1767806196277851,-0.03268680358063971,0.190113526911858,-0.04099293823350847,-0.0006007294571980262,-0.05471020281466401,-0.09982242875467323,0.06061433260144157,-0.060188891982818044,0.0023116215587012192,0.08002391962276381,-0.10255583908119434,0.15825386753824172,-0.016706304463931124,0.09513162639740354,-0.08512099038193795,0.06691012338690903,-0.18580343000086733,-0.07486568036262878,0.040390382850908624,-0.03305290162370416,-0.16098727786476283,0.10271652051655429,-0.04953553022591262,-0.04509761853679468,-0.10878680951489728,0.0726919161717648,-0.12081052828586689,0.03528874727822995,0.010564804374917263,0.030396180164059396,-0.03805958907548832,0.10003514906398499,0.13039754960811076,-0.06576983297347387,-0.012175270579320482,0.0685269803302186,0.1610247093355001,0.17343369836625325,0.13874202869441768,-0.00829517910045785,0.0016259865703186697,0.012212702050057745,0.21135816896200707,0.1721181191142436,0.28481788676523623,0.1790776337832718,0.18441207484468222,0.0444402853921403,0.1347615113184551,0.0384183834169455,0.07011918728060365,0.02528632792707254,-0.05325676619481711,0.03183135752988812,0.1382161621786942,-0.16017656698635577,-0.0986547494602108,0.12819730949892041,-0.09545390223082435,-0.15743311407012467,0.03764692993467752,0.037783874339813846,-0.08973236498422857,0.1343406355133361,-0.09240917162329333,0.034727275217171005,-0.02847530664134717,-0.044131703999233114,0.28657533996448575,-0.023271419246166696,0.023211163707906712,-0.05035537073132877,-0.1431671589057229,-0.14348213103753646,0.06009303089922261,0.1288884222635084,0.037034331962367675,-0.03230974998516436,0.022069960331770645,-0.09053212031022473,-0.05680819110135255,-0.05112043347469039,-0.008163712471526976,-0.03770353362213387
#17,0.20718501645615267,0.28526706441408334,0.13440362993969882,0.12279439623494182,1.0,0.32129165962924583,0.09073844988063012,0.21402128116055819,0.10321408518854962,-0.030898309649559266,0.090849831330141,0.25568615994193555,0.12321709796546262,0.0076825811281480095,0.11427554127276131,-0.18839259222064483,0.13551927036020944,-0.18752619061748232,-0.17816923589586747,-0.07068431119246624,0.06233435432995385,-0.16447205649413194,0.08617728822688948,-0.09776187193872195,-0.000482957268780784,-0.17853533393893192,0.023091565594087652,-0.09728713133424934,0.025379450122565244,0.049832243103708,-0.0957469632578161,-0.07029356315647724,-0.13597209985986022,-0.002596465921384782,0.08248526706441409,0.11233184368252636,-0.07054736678732991,-0.07531577097417685,0.017233996905056444,0.01283808150018031,0.2691870523629757,0.05704190955278522,0.030111335801375833,0.012115928003761406,0.08760333596570911,-0.02904773425481702,-0.12228770193593741,-0.02391505795030744,-0.0623288765537484,-0.026978960774557557,0.10108414320732927,0.08978257793277855,0.046378505206169804,-0.16873559230737628,-0.0523072849858719,-0.15268023024919317,-0.03329209785134228,-0.03501211957985457,0.12432908653516961,0.09131635527030543,-0.13328159878028184,0.033906521749053946,-0.08420254990482363,0.1116772494259747,-0.2538465400996042,-0.007866086631030689,-0.028995695380865216,0.11273080838282352,-0.14205699626141774,-0.14365285506260642,-0.16792670735437104,-0.10286350751140062,0.014003934869240918,0.03239922032985342,-0.03273792949189061,-0.04137273071708655,-0.12462579941296498,-0.01043151182058457,-0.0017446717214368206,-0.18809679230555035,0.1022216947326617,0.23422058091816658,-0.16434058986520106,0.2344287364139738,0.2313036650887628,0.036541332103876896,-0.08628684375099856,0.19946865570807104,0.05808816480802677,0.23032223018528578,0.2974039905599657,0.07030543167158906,-0.024743115120031772,-0.1747164109610302,-0.0880963358241999,0.025261677934148002,-0.28800138770330536,0.08558660135940147,-0.08500869596972616,0.1001693545810186,0.016879767377103807,0.05517124897862298,0.0970050258596685,0.044759822337458406,-0.002639375168327498,0.06014780866127714,-0.040774740147991255,0.00945190284250937,0.11610055371187811,-0.09284009001812231,-0.06295973378007641
#18,0.12153268178228578,0.15966804676194954,0.14893525725006504,0.3593987227651814,0.32129165962924583,1.0,0.32026092473991974,-0.02421085786540191,0.03743603555076758,0.23222758334208257,0.21678847110701294,0.15595867930815688,0.21595402319838222,0.027786019802160982,0.022851456403748624,-0.2325617276906152,0.18278882716246628,0.05897921640411381,-0.170231025211465,-0.25415877334331505,-0.12055215984150967,-0.4151268789913588,0.14999246805771752,0.15235704145307144,-0.02695978855783847,-0.0738267288089945,0.2714320276445106,-0.04299871728740522,0.20761867373908438,0.2542975436738532,0.019177694495291393,-0.0308398800367011,-0.0892713188202696,-0.009473813947331182,-0.009971378619326508,-0.15087986780300092,-0.13982206356959287,-0.2322622759247171,0.15985246522753313,0.07197432748885044,0.08027863621631738,-0.062436606152455644,0.06972113554300739,-0.19371790365504618,-0.1885742717981257,0.02160434935430713,0.18740841842906508,0.10212400772366445,0.28096609713010173,0.04285355621796071,0.1932358593489663,0.05737696686401877,0.13226273240606756,-0.21017040448812463,0.09549772444046799,-0.16196414795473532,0.051500225958268475,-0.10277768901751519,0.18071001109249682,0.1712845841683138,-0.0414393769942529,0.15603262928693049,0.1323814175571857,0.11890882697987373,0.14198669813344775,0.10073539145558208,0.019950060940260285,0.1822428754673228,-0.13163187517973954,-0.046140221941232594,0.11968028046214171,0.1609744963869501,-0.078910105127655,-0.06426253155427335,-0.027229112554606583,0.20178210319217407,-0.03594973227368796,0.1568168642470112,-0.021344154984548107,-0.07848375154633057,0.06474548882305413,0.5631719976080377,-0.15788137875627092,0.18019875197998786,0.2672561362505535,-0.15218631742800148,0.01643971935526574,0.027878229034952778,0.3036550461730886,0.07010731876549184,0.25378993641214787,-0.0210958291299009,0.047572660418958586,-0.061343789799467745,0.08502604226104342,0.22684658118292578,-0.1050062309704337,0.21122122455687073,-0.03605381002159157,0.008203882830366965,0.10521986424244638,0.3420159129398768,0.18060775926999503,0.20176475690085682,-0.04029269584191138,0.03526592321070723,0.12381143668375429,0.09393381933381112,0.04572664983772088,-0.10670342863142326,-0.05524246006929387
#26,0.032389177740143424,0.3406902910981572,0.1406008207534681,0.3248777771184158,0.09073844988063012,0.32026092473991974,1.0,-0.04635933298945072,0.20671849251598826,0.2820315246020624,0.1855633208105283,0.23408728836383388,0.3982945856747023,0.37822127476981926,0.1426823757115403,-0.012743133379285789,0.10191128741435268,0.10985771476306336,-0.056676724472421676,-0.08164260249147522,-0.1493433515773713,-0.3174754755394468,0.01693454513915834,-0.07263622544700936,-0.12258350185103188,-0.11681631646939064,0.09913222895278613,-0.04671995325630971,0.2709298981590107,0.2832457649942712,0.03901363509793807,-0.28401539255113734,-0.0656392793072439,-0.1929464501727782,-0.026683160859463085,-0.027754066107629174,0.08168916358922156,-0.02922302309339152,0.040131101443850514,0.30139363756293736,0.06730361031100074,0.1063975861266188,-0.08955981503375679,0.019776598027087602,-0.1493944774886222,0.12604910826368187,-0.024387059666677317,-0.12895232965257206,0.22384384685963654,0.17695043069015415,0.09245025494483423,-0.025967398101950544,-0.02231189544751149,-0.15888563772727066,-0.042022760160133656,-0.14917262755230135,0.007801266279266161,-0.04210310087781364,0.02727841254045566,0.3474416502713782,-0.03038705053705031,0.031082728115142857,0.22983835995380408,0.21706418584268738,0.08483523305655348,0.16089689455737285,0.39801887093902777,0.34595443403159765,0.04283620992664345,0.1340630948522598,0.1819361199998174,0.09615140573431873,-0.05919741448963103,-0.04564174430653636,-0.12283913140728636,-0.08706286204677108,-0.04818891024207206,-0.001478999575472344,0.21748049683430185,0.2231992951927949,-0.1589833247362679,0.1573545992778465,0.2757001282712595,-0.012722135237164886,0.252036135063702,-0.2656904052184948,0.026410185011891338,0.005710581694184884,0.13832571770280325,-0.1920709189426066,0.08822323763962624,-0.0779076720820571,0.15329739303500756,0.04782463812440943,0.20086548864046158,0.10675272861727234,0.10112248764076744,0.11521771878009925,-0.1313077734209169,0.001491781053285068,-0.04070900683352582,0.16741544824186208,0.11505247253123474,0.21970995174992125,0.04820077875718388,-0.04589280904928629,0.126679052527309,0.025474398243459765,-0.0011265959729215263,-0.10314013520977601,0.12280443882465182
#49,0.6762332984885903,0.20819384024065696,0.1646208694143801,0.22776684758544188,0.21402128116055819,-0.02421085786540191,-0.04635933298945072,1.0,0.12846480757028672,0.23037335609653667,0.34657433570551477,-0.12119032076944497,-0.14851985922115152,-0.061255232417479585,0.17545317186066364,-0.12679408582762353,0.1816257126815084,-0.434156673529103,0.08962737427362405,-0.07267000506694299,-0.020376414521584722,-0.17770453788110488,-0.12248125002853008,-0.3636713882054349,-0.16535032661240626,-0.22961651001748323,-0.06982430032821009,-0.21454532175087987,-0.17837556546627287,-0.1917723801394094,-0.2890010818608006,0.12292312397576997,0.037800307668430205,0.014707829111641644,0.040079975532599614,-0.019139350061853223,-0.06107903061620418,-0.10955095929555798,-0.1646948193931537,-0.4524807478990446,0.1719556117534818,-0.08189092834612242,0.21136455970091342,-0.08543048473754605,0.06729448068399166,-0.08202148201235239,-0.29096121277965187,-0.2683836451861759,-0.3866862649326462,-0.2807241620143609,-0.21858609466510245,-0.2727914291061639,-0.1957602012169793,-0.22270355644620138,-0.3089036687406136,-0.15469148707929536,-0.26633678281073825,-0.23163598351189363,0.02110952357041453,-0.04769134557007673,-0.26498559801339316,-0.3496948422172212,-0.07167670164835416,-0.017072402506995578,-0.06871413768390493,0.03362532923717401,-0.4350705491927127,-0.1072219914455395,-0.19315460566858542,-0.04178630282059827,-0.317493734793465,0.1045214477762511,0.358271213829559,0.3998530130051537,-0.0693513856491393,-0.0050322504074096054,-0.15518174804968343,-0.2516289536990966,-0.18963330853117996,-0.2466852606736752,0.04030730324512592,0.10600227327712526,-0.3241519717711933,0.04411800955871948,-0.2837670666964901,0.14849794811632971,-0.056760717040905295,-0.03580091935343981,0.037960076141089254,0.17696777698147143,-0.09513253936010445,0.33683119776141546,-0.10783641534325115,0.111223506963623,0.17229340795281808,0.049397672858075385,-0.18010562978449515,-0.25859303318162935,-0.22164725860124984,0.07476981927903335,-0.35771978435821006,-0.19456878489229323,-0.05235567200902007,-0.5297265220229428,-0.13984397467441467,0.0897551890517513,-0.4021564178995467,-0.42999904138916406,-0.10251201687155072,0.16181989984799172,0.08761337855541912
#50,0.08644843814905942,0.20862567159818685,-0.009178926994937622,-0.00099604230669156,0.10321408518854962,0.03743603555076758,0.20671849251598826,0.12846480757028672,1.0,0.05600387096185185,0.15480378149150717,0.09171075515709806,0.21630916568903577,0.19896104844636572,0.13994348760881375,-0.105644391898369,-0.15878977664367522,0.09425792109263376,-0.047348984557235914,-0.11669580539287068,0.02766094391213647,-0.18859800882834932,-0.07634285401269932,-0.15063610676185824,-0.13446114658985608,-0.282866885473394,-0.05383467158449241,-0.03464602153679011,0.1966886842838036,0.12255885185810733,0.11651960359159527,-0.029139943487608812,0.070856861142938,0.01497441422030703,-0.07773055731808078,-0.1604495428339275,0.08371320189713649,0.02605321659583598,0.10376460169719766,0.10673903417675872,-0.14480957880465795,0.06553154970853665,-0.02166004007906257,0.24517704629177375,-0.1493652626821931,0.18685607599501522,0.05187819251644474,-0.08783979330524451,0.0021025531001930917,-0.0753413339298023,-0.11106647737906668,0.08267698923160494,0.09951293439906513,-0.10672168788544144,-0.017760776383480854,-0.07452788416329251,-0.16258404962865242,-0.185235567200902,0.11876731776123287,0.03269775913305062,0.09497277088744539,0.03705624306718949,0.11162155870121926,0.22158791602569078,-0.09991828983826866,-0.05553643405898652,0.15567566087087512,0.40266585108665387,0.10310361670173965,0.1569912401228848,0.2378906909758202,0.0004117461781098933,-0.024763200299451765,-0.04076195867017853,-0.19730767299501978,-0.16182629058689807,0.00259007518247842,-0.11668667576586159,0.13179073068969768,0.059572642159704564,-0.14638900427723026,-0.010336563699690049,0.141373187198437,0.11896086585382554,-0.11890243624096737,-0.007628716328794387,-0.02218590659478607,-0.010387689610940946,0.018937585304952365,-0.07193324416730955,-0.13834488991952235,-0.048813376729493714,-0.07419008796395624,0.05437605846613137,0.07897218659131681,0.007072722043940894,-0.04121661409523114,0.01305445366029571,-0.04983406902910981,-0.11420341721938951,-0.042787822903495275,0.15530682393970793,0.08008691404912652,0.10866264658757366,0.14419971972045081,0.13775602897743613,0.16648331332423413,0.060849876978276055,-0.11631327402118986,-0.04479542788279385,0.07899592362154044
#51,0.2739088954520763,0.17890051901929546,0.25901664787485107,0.33428585775128156,-0.030898309649559266,0.23222758334208257,0.2820315246020624,0.23037335609653667,0.05600387096185185,1.0,0.3658405875827943,0.04897314520215277,0.11112125514112121,0.06193356370425486,0.23716305970319582,0.07554401164940407,0.36992974752016505,0.036080285939917925,0.20953863429909572,0.06109728987022235,0.02449661519078638,-0.12418940324193055,0.03244304253949705,0.055899793213948244,-0.07038942424007268,-0.06643629574513733,0.13148032337138865,0.024665513290454518,0.05280850150867086,0.027000871879379367,-0.12122866520288314,0.07667517243583014,-0.03006751359173221,-0.12472166049656042,-0.13196693249097308,0.00013055366622996618,0.015830773233759535,0.031331053969790065,-0.05793387411157317,-0.0565343022910799,-0.009017332596876754,0.06504950540245678,-0.011025850538876234,-0.1313698548845787,-0.19303592051746726,-0.03352490334007404,-0.15831594900190352,-0.12370188115964523,0.055994741334842765,-0.029506041530673266,-0.08478867195880713,-0.10046332857071125,0.032502385115056126,-0.10623599172855792,0.06279174864310919,-0.13652992007011552,0.030530385681092998,-0.0588650960665002,0.09201751062460344,0.08430754061542815,-0.2543787973542341,-0.10874937804416,0.11337353412426335,0.050584524369256895,0.22386119315095382,0.019418716648331332,-0.02714146813531933,-0.048137784330821165,0.18638224835324352,0.1607261705323029,0.21109158385334167,0.29296151405734316,-0.02820141783107451,0.04029908658081774,-0.12852962792205125,0.07224365148561855,-0.1349158020149087,0.021210862430215412,-0.08698891206799746,0.05552639146927652,-0.05051422624128691,-0.10177160412111363,-0.05609242834384001,0.04707326982156144,-0.0012790607439733049,-0.23142417616528277,-0.127019587614748,0.0023362715516257585,0.10698462114330319,-0.0876115526300173,-0.02593087959391419,-0.039995982964116,0.051083914966654036,-0.043006020989012496,0.15308010791219126,0.37413850557135486,0.06127440463419867,-0.03422971054517568,-0.1269246394938535,-0.04002976258404963,-0.1785234654238201,0.21434629588208173,0.07308631605855742,-0.13904148046031578,-0.23084261892480382,0.12542829362706387,-0.0735163214906855,-0.15131717693673624,-0.040756480893973074,-0.07003428174941913,0.0779816220608307
#52,0.34822405930605704,0.33716077729644356,0.2955159836944862,0.2933458713544258,0.090849831330141,0.21678847110701294,0.1855633208105283,0.34657433570551477,0.15480378149150717,0.3658405875827943,1.0,0.051172472348642195,0.10833306705254557,0.05562590440367559,0.0461721756357644,-0.035214797299456334,0.19312904271295997,-0.03573336011357256,-0.03611223963444973,-0.10966964444667614,-0.09859905873545537,-0.1540250243076319,-0.13294288961824466,-0.10258870573842706,-0.21339133689693107,-0.09345268799043215,-0.08241314301104229,-0.1512514436222708,0.07700383900815733,0.04921234142979088,0.04283347103854072,-0.10061396741636121,0.045762255383056324,0.07308722902125833,-0.06301633746753277,-0.0581429425700813,0.16335276422281766,-0.1334450191037445,0.008164625434227885,-0.09893776789749255,0.17147539337280376,-0.055333756339384754,0.1308266420775379,-0.26085900660528516,-0.11643195917230802,0.057621640867862346,-0.09955949549681148,-0.07553396905969406,-0.05982096801435177,-0.16495501376291272,-0.2530057014520672,-0.1616144832402872,-0.13591367024700207,-0.12951106282552827,-0.0963750815960414,-0.0317163242295736,-0.11797577909954489,-0.024636298484025435,0.0531116051253726,0.15661601245281123,-0.06105894543678418,-0.02924676012361515,-0.06558997932139482,-0.15083148077985273,-0.04445671872075666,0.17756028977436128,-0.12699311169642163,0.14039175229495998,-0.08420163694212272,0.10118183021632651,0.11660998689898525,0.2938918230495693,0.08004126591408108,0.2143106903367463,-0.06812710266722052,0.21602158243824948,0.012619883414663094,0.03337152560632135,-0.06820926931030233,-0.048263773183546584,0.029929656223894974,0.14517111203421784,-0.010348432214801865,0.11246239734875632,0.12007650627433616,-0.10566812892859262,-0.05165269072932025,0.024524917034514555,0.010285437788439154,0.14020094309047004,0.12728525976071248,0.04016761995188686,0.0396244071448461,-0.022987487846184044,0.04451058352011029,0.0452436925689401,-0.10340306846763775,-0.11984917856180986,-0.09713284063779574,-0.07226008481423492,-0.28086384530759995,0.03052216901678482,0.05114873531841856,-0.08446822205078812,-0.12194351499769476,0.02500696134059443,-0.14943829969826583,-0.14971675332204304,0.039620755294042465,0.006367914838839259,0.007239794218207215
#53,-0.1691519032989907,0.1154815650006619,-0.024770504001059037,-0.05126924639493854,0.25568615994193555,0.15595867930815688,0.23408728836383388,-0.12119032076944497,0.09171075515709806,0.04897314520215277,0.051172472348642195,1.0,0.5448880935969361,0.14546234713580777,-0.08372872226305195,-0.07185016456152683,0.0005249535530225912,0.21383138491876916,-0.07321047898588103,-0.1525505895456641,0.040203225497222314,-0.007772051472837077,-0.07073817599181985,0.10368426097951768,-0.054735765770289456,-0.102459065034898,-0.09285287149593503,-0.09266297525414599,0.335423409276614,0.23605472298429248,0.300275258254324,-0.10996727028717242,-0.03156203353312,-0.06696124929815993,0.1541364057571428,0.24707235685886053,0.16761995188686565,-0.06651754942551823,0.019558399941570388,0.23351851260116768,0.12037504507753335,0.18022614086101513,0.06972478739381102,0.08795391364285812,-0.10870372990911456,-0.019887979476598483,-0.0017309772809231878,-0.046240647838332566,-0.0036253748853090607,-0.00841477721427691,-0.06158572491520859,0.17921640411380993,-0.07715539081650818,-0.08350595936403019,-0.04368435227578777,-0.05675158741389621,-0.04870199527998283,-0.042277476753687225,0.027561430977737406,0.18928090492862915,-0.05753947422478055,0.17263759489106073,0.1284839797870058,0.08099622489923174,-0.11851534005578201,-0.10630994170733155,0.28790187476890633,0.1138729247216605,0.18313301410070892,-0.12281813326516546,0.20257546777926388,-0.02956447114353143,-0.20406998772065169,-0.20744886267671533,-0.12708440796651252,-0.04336298940506786,-0.1680043091839483,0.01653740636426299,0.09592955579799788,-0.01619321942602035,0.09133644044972543,0.08377163150999466,0.3105753034459777,0.11006221840806694,0.4766587391072138,-0.06236356913638293,0.08819128394509443,0.2661897958158919,-0.09576339658643246,0.006812527674181871,0.08678440842299388,-0.14422254378797356,0.038527938941054565,-0.1180077327940767,0.0727229569035957,-0.023912319062204715,0.007057201678025444,0.07909087174243497,-0.10562248079354718,-0.019648783248960362,0.024124126408815567,0.1601783929117576,0.30506192169518914,0.3058488955433726,-0.08532001625073607,-0.17838378213058106,0.1834918084421661,0.13277764336938014,0.09712371101078665,-0.1130375638503289,0.20756480893973075
#54,-0.06294512637686188,0.14348030511213464,0.12287382398992089,0.10772138204293663,0.12321709796546262,0.21595402319838222,0.3982945856747023,-0.14851985922115152,0.21630916568903577,0.11112125514112121,0.10833306705254557,0.5448880935969361,1.0,0.4968571259021213,-0.09120223493269182,-0.05379450122565243,-0.025533740819018838,0.268042197136036,-0.3177091939908795,-0.23937334240209615,-0.21669808779962293,-0.23342904225647862,-0.03678783203312229,0.09463406172540821,-0.12182391688387571,-0.2300036062026686,-0.0766413928158965,-0.12288660546773361,0.33154879557395683,0.2521840350212492,0.3211939726202486,-0.10323417036796961,0.10253392797637252,-0.10581968073694349,0.1328643748259665,0.006476557400247413,0.13539967224639038,-0.05213017022189558,0.2011265959729215,0.2576590723385996,-0.022582132406980513,0.12326365906320898,0.04261162110221987,0.15012849950015292,-0.040048021838067806,0.1376711234462516,0.05081459096988593,-0.002802795491790183,0.2743306842198962,0.008584588276645957,-0.013366686904006537,0.04047528838209315,0.038106150173234675,-0.20328210090976734,-0.1542286149899346,-0.19970602601030735,0.020698690355005545,-0.09851780505507447,0.07901692176366135,0.3056279585697526,0.10217969844841988,0.16867990158262083,0.18677299638923253,0.11013434246143874,0.05087667243354773,0.09846759210652449,0.4277668475854419,0.2888878744858879,0.07818064792962884,0.023958880159951065,0.3020491447821899,0.07334559746561554,-0.04991806159759343,-0.013686223849324636,-0.08947399653987137,-0.013661573856400096,-0.0757439504809031,0.057604294576545076,0.16013457070211395,0.17727818429978043,0.029608293353175056,0.012155185399900487,0.4478858066253703,0.13703752733182087,0.3380929122140715,-0.06938790415717566,0.13020674040362082,-0.02213021587003063,-0.08140066737573437,-0.07804187759909069,0.19142545431306404,-0.09035044073274387,0.27938667165752945,0.08097796564521356,0.136134607220622,-0.016758343337882932,0.05253917751190275,0.07020957058799362,-0.11063099417073316,0.007217883113385402,0.03860645373333273,0.274723258181287,0.10221347806835351,0.3374574901742389,0.05593448579658278,-0.13418999666768613,0.23189435195625083,0.14719423737943185,-0.08935165953794957,0.03701059493214405,0.17788804338398756
#58,-0.03733287076556487,0.18255784759913635,0.07998009741312019,-0.006574244409244661,0.0076825811281480095,0.027786019802160982,0.37822127476981926,-0.061255232417479585,0.19896104844636572,0.06193356370425486,0.05562590440367559,0.14546234713580777,0.4968571259021213,1.0,-0.058712631295448424,0.047004797618993274,-0.12252872408897734,0.1687155071279563,-0.1351449556528368,-0.12809049286291407,-0.2129823296069239,-0.09282274372680505,-0.0878489229322536,-0.08567972355489417,-0.19242240958245652,-0.24722025681640777,-0.10938023527048803,0.0031259842879119175,0.07754157403899263,0.145600204503645,0.029863009946728625,-0.02562138523830609,0.054923836086676676,-0.027760456846535535,0.03570505826984439,0.004097376601678938,0.13275938411536198,0.03399142728023847,-0.022190471408290613,0.10242437245226346,-0.09653393710599953,0.0867040677053139,0.031017907763378327,0.16735336677820029,-0.0026868492287747585,0.10919946865570807,0.0793738901797167,0.14345109030570555,0.19863329483673944,0.1559185089493169,-0.07976737710380842,-0.1719318747232582,-0.03641169140034784,-0.205339005874915,-0.19396257765888975,-0.19414060538556696,-0.07812404424217248,-0.02111591430932089,-0.09995480834630502,0.36171308321198536,-0.03816275386069102,0.15096751222228816,0.17540478483751545,0.23896524807478992,0.09884099385119621,0.26497099061017865,0.44977746534165347,0.39174773014648484,0.06438212966809241,0.14173015561449237,0.14710750592284552,0.07282703465149931,0.024109519005601026,0.07697553716442915,-0.002405656716894831,0.03623822848717516,0.028698982503069837,0.07635472252781113,0.0363048747643415,0.18521548202148203,-0.1086553428859664,-0.08792561179912994,0.4124573760539013,-0.022923580457120424,0.14052139299848904,-0.12375209410819521,0.1109039700183049,-0.11059538862539771,-0.09519188193566352,-0.10123660797838105,-0.00833534945929784,0.04345702456326147,0.18137464793875846,-0.0068965202426654855,0.15242825254374232,-0.10574664372087078,0.1398686246673392,-0.08365477228427833,-0.168087388789731,-0.07621595219727298,-0.07786384987241346,0.038565370411791824,-0.00044917764884715633,0.09315141029913222,0.06288213195049916,-0.25402730671438417,0.010139363756293736,0.03822940013785737,-0.1275646263471906,-0.05726375948910607,0.13761817160959888
#101,0.19808734314159596,0.015288473389419676,0.08901112445051057,0.2686018432716931,0.11427554127276131,0.022851456403748624,0.1426823757115403,0.17545317186066364,0.13994348760881375,0.23716305970319582,0.0461721756357644,-0.08372872226305195,-0.09120223493269182,-0.058712631295448424,1.0,0.4260669110363496,0.26770348797399884,-0.15451985009152452,0.1668211095235704,0.3971424267461553,0.5133287989519189,0.14461603071206525,0.12145051513920399,-0.008951599282411318,0.049208689578987254,-0.07407505466364171,-0.001196894100891508,-0.1236991422715425,0.02180337522310526,-0.048430845357812904,-0.058918960865853826,-0.061150241706875066,-0.2408213012457376,0.017695043069015415,0.07822264421387064,-0.12064163018619874,0.205679540962354,0.2643401333838506,0.27971990304336114,0.2651837109194904,0.23378053289632852,-0.04184473243345643,0.025430576033816137,0.26917974866136846,-0.046250690428042564,0.2679591175302533,-0.19516586249868761,-0.30562156783084626,-0.1862754317172372,-0.043294517202499695,-0.05818859070512674,0.1638074196478703,0.30595936403018253,0.3462922302309339,0.5202855747328443,0.3424943053951531,0.06260185240132014,0.0776511295631017,-0.14876179433689238,-0.19116891179410866,-0.3405086115206763,-0.3453016657004478,0.11214286040343822,0.07707870194963184,-0.1078619782988766,-0.17821123218010929,-0.11391492100590231,0.1268753395080044,0.38771426093386957,0.4082175772708806,0.1898871121620326,0.18002437610411426,-0.07363500664180365,-0.27520256359926415,-0.10389789425153036,-0.20311868058630464,-0.3175202107117914,-0.2492552506767336,0.2806492990728864,0.13124295306915235,-0.011931509538177818,-0.11211273263430822,-0.10109509875974017,-0.16344132160480584,-0.10058749149803485,-0.4334025663381523,-0.44701210132060054,0.1403524948988209,0.059080555263914696,-0.2983662532467236,0.008477771640639621,-0.2504074096052806,-0.2178164671082363,-0.3422222425102822,-0.1573336011357256,0.2807552027461918,-0.038765309243290864,-0.07547188759603227,-0.07979294005943387,-0.02703008668580845,-0.17028945482432314,-0.021298506849502664,-0.08128198222461622,-0.12100316341575865,-0.152982420903194,-0.02343757845773211,-0.17325110582607148,-0.18495163580091936,-0.0404387698740568,-0.33599218503928024,-0.16643127445028233
#102,-0.03764784289737843,-0.06755832690455431,0.31846421414453113,0.13434702625224246,-0.18839259222064483,-0.2325617276906152,-0.012743133379285789,-0.12679408582762353,-0.105644391898369,0.07554401164940407,-0.035214797299456334,-0.07185016456152683,-0.05379450122565243,0.047004797618993274,0.4260669110363496,1.0,-0.09232426609210881,0.24805287879963664,0.1637663363263294,0.5322645583314694,0.1891101809035592,0.588531362551183,0.03044091533640393,0.2679289897611233,0.10249101872942981,0.38111536653170036,-0.01697380253529742,0.07600870966416667,0.2333039663664541,0.09951658624986875,0.1113567995179557,0.039126842472850774,-0.03041809126888121,0.323804132982147,0.02445827075734821,0.17449364806200843,0.4413973807100111,0.5693554939812934,0.269043717218933,0.26036235489599074,0.11907498619143915,0.05233558682960008,0.06767792501837337,0.25988213651531267,-0.027274760689652025,0.3589312858623161,-0.042732132178739834,-0.25556017108921014,-0.13392523748442256,-0.07888180328392684,-0.2522269442681919,0.06885929875334944,0.1558262997165251,0.4562622394062091,0.29936138259071426,0.3924224095824565,-0.22659734236557766,0.15230408961641873,-0.41174617810989333,-0.17133205822876107,-0.22497592060876354,-0.23860645373333272,0.03762227994175298,0.16404205106200387,0.19270268913163552,0.03740590778163758,0.17092670278955754,0.17915614857554996,0.47983219745557293,0.3081303893329438,0.2599460439043763,0.1520347656196506,0.06403429087904614,-0.04654192552963249,-0.032406524031460694,-0.33368604125678447,-0.08665933253296937,-0.1744215240086366,0.35536160170176245,0.5316081381495159,0.013965590435802745,-0.22629515171157683,0.1688214108012617,-0.3933673259778972,-0.04162105657173376,-0.3464985598013393,-0.37345743539647686,0.08644569926095669,0.22707847370895662,-0.3073297210442467,0.08797399882227812,-0.3478415279343762,0.1013251653603692,-0.3122003770535955,-0.2705391501230217,0.16721733533576486,0.41043242478328545,-0.18798267196793675,0.08031058991084919,-0.018333203996950705,0.07824090346788883,-0.1000771453482268,0.1272861727234134,-0.04933559139441358,-0.07536872281082957,-0.12471435679495314,-0.016988409938511962,-0.09783125710399102,-0.18835789963801028,-0.22726928291344656,-0.1824400754107191
#201,0.3357703351029594,-0.006926648011795478,0.17317259103379332,0.4105803247408327,0.13551927036020944,0.18278882716246628,0.10191128741435268,0.1816257126815084,-0.15878977664367522,0.36992974752016505,0.19312904271295997,0.0005249535530225912,-0.025533740819018838,-0.12252872408897734,0.26770348797399884,-0.09232426609210881,1.0,-0.10627068431119246,-0.13683302368681727,-0.10108049135652562,0.07854674597269329,-0.2221283899446288,0.18192059963390195,0.08336536310809022,0.023160950759356726,-0.0010818608005769925,0.18507305984014022,-0.015331382636362391,-0.08523145886874792,-0.06896611538935576,-0.04112075301163571,-0.016213304605440345,-0.04463839829823753,-0.07907261248841678,-0.038181926077410104,-0.10792679865064113,-0.18401584903248777,-0.2613647879415886,-0.0004993905973971433,-0.0696919207365783,0.0006399868533371069,-0.1658004172239543,-0.14251347761187216,-0.24362044488672416,-0.018061141112079866,0.004700844946979691,-0.09389273601227022,-0.007503640438769874,0.09192712731721346,-0.08662646587573665,0.07528838209314959,0.004301880246682522,0.053686771626945184,-0.07193415713001046,0.030072991367937663,-0.08056165465359913,0.16087954826605558,-0.11664559244432068,0.05989309206772357,-0.07132886285930788,-0.1282666946641895,-0.08691861394002748,0.04962773945870441,0.03309398494524506,0.05563594699338559,0.03508241770782455,-0.12373748670498066,-0.06665449383065455,-0.07353914555820822,0.01717921914300191,0.11145905134045749,0.2408194753203358,-0.06078962144001607,0.07366696033633546,0.09254063825222421,0.21553679924406688,0.07183373123291048,0.17249243382161622,0.01446406807049898,-0.27254036436341395,0.20209890124938945,0.03594881931098705,-0.09415293038202924,-0.001078208949773357,0.04091716232933303,0.030488389396851192,-0.06257446352029288,0.024973181720660802,0.031346574335705514,-0.06311128558842728,-0.026268675793250467,-0.033338658949088634,-0.06426253155427335,-0.1019231559294645,0.10794323197925748,0.34941182377993946,-0.08213377642456418,0.09314958437373042,0.054035523378692364,-0.034787530755430986,-0.13727398467135626,0.10030264713535128,-0.039547718277969754,0.009348738057306669,-0.05771932787685959,0.1376391697517198,-0.0411709659601857,-0.009450076917107551,0.08588605312529957,-0.017388287601510042,-0.06771718241451245
