,#10,#11,#12,#13,#17,#18,#26,#49,#50,#51,#52,#53,#54,#58,#101,#102,#201,#202,#301,#302,#401,#402,#501,#502,#601,#602,#701,#702,#801,#802,#901,#902,#1001,#1002,#1101,#1102,#1201,#1202,#1301,#1302,#1401,#1402,#1501,#1502,#1601,#1602,#1701,#1702,#1801,#1802,#1901,#1902,#2001,#2002,#2101,#2102,#2201,#2202,#2301,#2302,#2401,#2402,#2501,#2502,#2601,#2602,#2701,#2702,#2801,#2802,#2901,#2902,#3001,#3002,#3101,#3102,#3201,#3202,#3301,#3302,#3401,#3402,#3455,#3501,#3502,#3601,#3602,#3701,#3702,#3801,#3802,#3901,#3902,#4001,#4002,#4101,#4102,#4201,#4202,#4301,#4302,#4401,#4402,#4501,#4502,#4601,#4602,#4701,#4702,#4801,#4802
#10,1.0,0.3099581406601633,0.3318884176986949,0.2061159371333884,-0.009366084348623937,-0.026788151570067604,0.03820840199573646,0.6769353668055892,0.18645619833201715,0.4339969050564439,0.37512541825103735,0.16363669562280034,-0.18216709956314736,-0.002978997293065592,-0.0031241583625100998,0.05076346505863503,0.21609005464081765,-0.20674862028511826,0.17551890517512908,0.1646327379294919,0.03885295366257811,0.21542085298105146,0.08430936654082997,0.05976436432689543,0.11964923973031082,0.16383389556619665,-0.022270812125970593,0.14071950590458626,-0.11012338690902783,-0.15027548649499925,-0.22683471266781396,-0.2675281991354243,0.013104666608845695,-0.0327059757973588,-0.207342046040709,-0.130485194027398,-0.24677381805566334,-0.14480136214034975,-0.133640393121739,0.01475804206019163,-0.05881031830444567,-0.07514778583720962,-0.09740581648536749,-0.013074538839715703,-0.03714662637457947,-0.1709148342744457,0.061949084070170315,-0.01616948239579672,-0.19333354635796354,-0.1700283474918632,0.024088520863480123,0.057252803936695164,0.10302418894676058,0.07032916870181269,-0.14360446803945826,-0.15207767486659332,-0.25482980092848306,-0.1721290746666545,-0.3567374364920321,-0.24128782518590203,-0.1988560577357612,-0.20953863429909572,-0.05190740732287382,-0.07604431520950211,0.04458179461078118,-0.008188362464451515,-0.020555355210962856,-0.13035098851036442,0.1324718008645757,-0.10051171559385941,0.1646236083024828,0.08754399339015005,0.06432461301793516,0.18578790963495187,-0.2895716835488686,-0.13747848831635984,-0.3319742361925804,-0.3139532654393405,-0.06846215997845408,0.011592800376140633,0.08990582789740126,-0.1435706884195246,-0.11559294645017278,0.24739189380417864,0.02899843426896794,0.15848576006427256,-0.01887093902778602,-0.15096842518498907,-0.077898542455048,-0.16669238178274226,-0.23452368453486833,-0.006371566689642894,-0.10741462657543126,-0.17018172522561592,-0.17998237981987245,0.25264234229710547,0.005034989295512332,0.09982608060547686,0.15476908890887262,0.03359794035614675,0.07538424317674501,-0.02546252972834795,-0.21193881323978508,-0.1193598305541227,-0.08484344972086165,0.20923279179429125,-0.3125829084252763,-0.32509232335312943,-0.09204216061752797,-0.27018218170696634,-0.2672680047656653
#11,0.3099581406601633,1.0,0.34998699028151203,0.33370612643620445,0.07826007568460791,0.23978691450560788,0.4752409080327023,0.14834000556907248,0.36050614652138385,0.3836844435720579,0.24836419908064655,0.0259317925566151,0.10008718793793679,0.09247946975126331,-0.043511802325316,0.013987501540624558,0.26559454413489936,0.20703802946130637,0.10555492155367993,-0.02533288902481889,-0.13575024992353937,-0.0963860371484523,-0.15887924698836428,-0.02631432392829591,-0.0012954940725896644,-0.05346035687711979,0.03693116717716498,0.09992924539067956,0.08555282173946784,0.05866698316040298,0.015585186267215053,-0.11379349696668142,0.12428252543742326,-0.16202075164219165,-0.02601030734889326,-0.13157161964147954,-0.108408842956721,-0.18828394965923667,0.010928163529878987,-0.08497856820059617,0.06474640178575504,-0.0041521543637334695,0.15918235060506603,-0.028308234467080848,0.07615478369631208,-0.06180848781423035,0.0493164191776945,-0.003263841655749154,0.0941483655685247,5.842961285816668e-05,0.10943501303254255,0.05357447721473339,0.10850744292841916,-0.09393929711001657,-0.0299734784335386,-0.121029639334085,-0.18768413316473956,-0.24570291280749726,0.08189549315962696,-0.003805228537388105,0.06985168920923736,-0.02417799120816919,-0.08424819803986908,-0.19457426266849867,-0.05108756681745767,0.05851634431475302,0.0430069339517134,0.05830544993084308,-0.049386717305664476,0.07867821260162416,0.16303870505370502,0.13914829709632212,-0.1597164337850977,-0.2360985451939361,-0.16491758229217546,-0.10623599172855792,-0.09158659222977446,-0.07153519242971329,0.11983548412129623,0.001937306851328589,0.08704095094194926,0.08965385019195041,0.08747552118758188,0.06349016510930446,-0.10300866858084513,-0.021943058516344316,-0.015055667900687917,0.01763570049345634,0.023392843285387575,-0.14495565283680334,-0.03627109514440788,-0.046356594101347987,-0.03830700196743462,0.04096737527788302,-0.008165538396928794,0.27719738710075,0.03941351276093615,0.12160754472376031,0.14176028338362237,0.1094496204357571,0.039082107300506236,0.13040850516052166,-0.04564265726923727,0.12469335865283224,0.19199331711302936,0.038398298237525504,0.007330177525597192,-0.0024896492853784457,-0.11448369676856852,-0.006115937133388415,-0.01762200605294271
#12,0.3318884176986949,0.34998699028151203,1.0,0.5168948312616688,-0.01388251083002004,0.10722655625904404,0.23445064751879563,0.2879201340229245,0.1562599569994568,0.5359538406058421,0.1959172308015356,0.07150415169788238,0.13356279129216175,0.0860960345465086,-0.06860001734629131,0.03554528979718534,0.4641977112025088,0.33986953763004013,0.07467395819543793,-0.13515773713064952,-0.13410965595000615,-0.22912077127088973,0.12197455572952567,-0.12293955730438633,0.14239022764724948,-0.2586834164890193,0.17801038038590933,0.2844627442745827,0.13168391405369134,-0.08945208543504955,0.05232828312799281,-0.06381974464433256,0.16948513468482246,-0.08570985132402416,-0.15201741932833335,-0.15245016364856415,-0.197165250813678,-0.30996179251096695,-0.06479752769700593,-0.2716620942451396,0.008889517818749516,-0.06253246723605108,-0.06449898889380874,-0.17756759347596854,-0.06822205078811505,-0.2670552844563535,0.013709047916847357,0.09994567871929592,0.14982904773425482,0.2453587258692546,0.169810149406346,0.12029105250904974,0.18688163895064067,-0.028072690090246363,-0.06162498231134767,-0.11793834762880763,-0.13474872984064237,-0.30812673748214015,-0.10781359127572843,-0.23722514116685764,-0.06621901062232102,-0.017138135821461013,-0.129483673944501,-0.14185614446721778,0.3385859120725623,0.3001602249540095,0.04150328438331652,-0.08822780245313078,0.04432433912912488,0.027470134707646518,0.4052568392318332,0.4181551762702735,-0.01883898533325421,0.2089306011402904,-0.25511829714197026,0.005208452208685014,-0.0816827728503152,0.01902888157504325,0.14167537785243783,-0.20260285666029115,0.02920567680207425,-0.14550982119625502,0.21626534347939214,-0.05104100571971132,-0.03286939612082149,0.0945518950823264,-0.03255442398900793,0.04230760452281722,-0.08381819260774101,-0.16423833804269927,-0.256503261559249,-0.033722103283470355,-0.23375496994070308,-0.04203554163794638,-0.19141632468605496,0.463935690907348,-0.029475913761543272,0.4755284912834886,0.41994640908945663,0.3438555327822082,0.23435843828600383,0.34557372858531865,0.10927159270907986,0.22801060862658457,0.32829499650791766,0.29483034870610364,0.24644423852063524,-0.0872920156846992,0.05235110719551553,-0.12638964335112088,-0.18501097837647842
#13,0.2061159371333884,0.33370612643620445,0.5168948312616688,1.0,-0.053547088333706125,0.2324804740102343,0.1480423797285762,0.04067066240008765,0.23750359479063482,0.36848817941543,0.04548014990847549,0.01633746753276395,0.1524172969913314,0.1807912647728777,-0.13672529408811002,-0.1136455970091342,0.3291842221786029,0.4553474507798984,0.21026352668361734,-0.19945222237945467,-0.23701972455915313,-0.2129805036815221,-0.004818617135396933,-0.22643574796751678,0.2286862010252571,-0.11040457942090776,0.28550169582821694,0.40313054910141644,0.33060205325311437,0.17984726134013795,0.18733081659948783,0.12498641967982398,0.18023709641342603,-0.004123852520005295,0.013166748072507497,0.011027676464278052,0.00838373648244601,-0.13676546444695,0.08853912273414069,-0.10664408605586419,0.3006623544395094,0.05397435487773147,0.09755554236831654,-0.12461758274865681,0.04206932125788001,-0.2139089867483464,0.25534106004099205,0.25771476306335506,0.22253739723463598,0.11511546695759745,0.2293252749158933,0.014517019907151693,0.05053065956990327,-0.21501458457914702,-0.2192406889216541,-0.17148726188791558,-0.1656123469075671,-0.32346816270821255,0.059717803229149075,-0.06495729616966499,-0.05422633258318232,-0.03055412271131663,-0.06253885797495744,-0.006022814937895712,0.2967667425947313,0.21176808921471513,-0.005306139217682262,0.017402895004724583,-0.06278809679230556,0.1292773443740956,0.2355023805502426,0.2515677851981357,-0.29525487636202624,-0.029354489722322394,-0.37237100978239535,-0.17007764747771228,-0.2379637279918929,-0.02261865091501687,0.17557733478798723,0.0319536945318099,-0.04903431370311366,0.04210401384051454,0.12442859946956868,-0.07054371493652627,-0.14112120949298618,-0.1675834333788293,-0.1770572473261605,0.1001912656858404,-0.0501106967274852,0.041428421441841994,-0.07206744968434314,-0.03829148160151917,-0.09636960381983595,-0.0157239565977532,-0.09678134999794584,0.2509204946431913,0.03746068554369211,0.16392975664979206,0.2662254013612274,0.14629588208173755,0.03757024106780117,0.27683402794578826,0.22742174768449835,0.13632541642511195,0.36114339448661825,0.23704072270127405,0.26008846608571806,-0.13615925721354655,-0.002550817786339339,-0.036867259788101354,-0.054435401041690444
#17,-0.009366084348623937,0.07826007568460791,-0.01388251083002004,-0.053547088333706125,1.0,0.37263120415215434,0.11753207922690319,0.013877946016515496,-0.0006746794359716434,0.058169418488407655,-0.0002501517800490261,0.3641826473179438,0.21236060200760498,0.2614022194123259,-0.11982818041968896,-0.17345378354567323,-0.18626904097833083,-0.22448109482487094,-0.0034592156737436493,0.08514107556135794,-0.17967927620317073,0.04933193954360995,-0.12525483071389118,0.14196478702862594,-0.16575842093971252,0.15066714749368915,-0.08489640155751436,-0.11648125915815709,-0.034814919636458254,0.0200650942405748,-0.03653768025307326,0.20693395171340276,-0.08782518590202998,0.18233143284931094,0.2758042060191631,0.2983863384261436,0.24305532097486157,0.28400991477493187,0.3930669612492982,0.22293271008412952,0.17056790844810035,0.1798098298694007,0.14180775744406962,0.11903116398179553,0.2599159161352463,0.20104260340443791,0.06190161000972305,0.07062862046771079,-0.11261303619440628,-0.03963353677185519,-0.03983438856605513,0.007900779213665226,-0.22480154473288994,-0.1402192023444882,-0.1566744420656694,0.020199299757608404,-0.030637202317099335,0.11747273665134411,-0.09508963011316172,0.3061583898989807,0.10103119137067655,0.04318130982758699,0.3379331437414124,0.16671611881296589,-0.23160037796655816,-0.30010453422925404,0.25518859526994025,0.2132708258204111,-0.07018674652047091,0.17379249270771044,-0.22530367421838982,-0.041141751153756616,-0.11228345665937818,0.07238424774155852,0.26809880082349236,0.045944847923238094,0.09551507073178525,-0.005818311292892129,-0.08551356434332875,0.1503238735181474,0.19991600743151638,0.27267822173125117,-0.08161247472234522,0.08999803713019304,0.4597205421172518,0.00564210949161672,-0.07885441440289957,0.17452286286843752,0.4312078040051674,0.4071484979481163,0.35331565228902573,0.18624073913460265,0.32766687816969237,-0.2716420090657196,-0.15095473074447543,-0.3594306764597132,0.1754276089050382,-0.1555797997872797,-0.1479720816006062,0.02387580055416836,-0.07665143540560651,-0.1544568556651618,-0.028508173298579888,0.02551000378879521,-0.08703090835223927,-0.20684174248061096,-0.15761753253570826,0.11505703734473928,0.1627675551315351,-0.10692984338124865,-0.171542952612671
#18,-0.026788151570067604,0.23978691450560788,0.10722655625904404,0.2324804740102343,0.37263120415215434,1.0,0.26025097344647985,-0.1000771453482268,0.05793570003697499,0.14479040658793885,0.04346432826486874,0.14704177260838008,0.5142782801608641,0.17224867278047357,-0.04703492538812327,-0.21070813951895995,0.05878110349801659,0.06539734419150306,0.14399521607544724,-0.11995964704861983,-0.18424591563311682,-0.17414580927296217,-0.16168204248015447,0.1272058320057334,0.1721391172563645,0.0665257660898264,0.29050473142919747,0.13023047743384444,0.1323503768253548,0.3449784769043261,0.08831818576052075,0.34371676245167004,-0.058719934997055696,-0.02325407295484943,0.22074433849005098,0.2592951014986283,0.2304381764483012,0.13521342785540497,0.32798458918960866,0.16054540391752295,0.2513057649029749,0.1815964978750793,0.3503366549959601,0.1365180515550037,0.33291184888641373,0.17101708609694752,0.2616441545280668,0.22603039252831325,0.04528294996507918,-0.04342415790602875,0.11848977710015657,0.1749245664568374,0.029228500869596972,-0.11964558787950719,0.0019528272172440395,-0.025346583465332525,-0.23996676815768692,-0.18349637325567064,-0.035464949079505356,0.36134607220622,0.045929327557322645,-0.04662956994891974,0.08324759091967297,0.08943382618103138,-0.08494478858066254,-0.09702328511368669,0.06265754312607559,0.04238064153888993,-0.2669192530139181,-0.03068102452674296,-0.19980827783280913,-0.1675323074675784,-0.2735793159170482,-0.22760068837387648,0.05813746479387585,-0.25635992641520633,-0.1076857764976012,-0.11548795573956826,0.11219489927739003,0.1740481222639649,-0.007902605139067043,0.4825719985210004,-0.080012051107652,-0.09848767728594449,0.15069910118822097,-0.17517654416228826,-0.21368074607311918,0.29507776159804994,0.3332149525031155,0.2897752742311713,0.23658789320162324,-0.013705396066043722,0.21850027617121703,-0.17429918700671485,-0.09715292581721574,-0.10478620695951467,0.1489398220635696,-0.006617153656187377,0.19759982105931062,0.27326069193443103,-0.029066906471536105,0.14466350477251252,0.09563101699480067,0.04122209187143659,0.11929318427695637,-0.05967580694490727,0.05369498829125336,0.009152451076611265,-0.057358707610000594,-0.04196889536078004,-0.1312146512254242
#26,0.03820840199573646,0.4752409080327023,0.23445064751879563,0.1480423797285762,0.11753207922690319,0.26025097344647985,1.0,-0.08220590047793597,0.28416877028489,0.3836798787585533,0.04742567342411226,0.0604317400612598,0.20776018295772528,0.14174932783121147,-0.06954036892822743,-0.04755896597844495,0.14201956479068048,0.2504238429338969,-0.03433835310658383,-0.2762479058918048,-0.20647929628835013,-0.2816526450811852,-0.11446269862644762,-0.3217919631893439,0.11284584168313803,-0.1883889403698412,0.11038540720418867,0.11865958816252561,0.14768632427522174,0.01561987884984959,0.034253447575399304,0.1597885578384695,0.26578900519019294,-0.08117973040211442,0.026571779409952208,0.07772964435537986,0.06861371178680495,-0.18873404027078475,0.0989742864055289,-0.08224789676217778,0.14779496683662988,-0.03785417246778383,0.05795943706719862,-0.024746766970835405,-0.1630679198601341,-0.29474818206302184,0.15297420423888583,0.1858929003455564,0.10149497642273825,0.10159814120794095,0.10189576704843724,-0.09885194940360711,-0.06423149082244245,-0.29906101786211525,0.007122934992490882,-0.16810017026754373,-0.1496327607535594,-0.3287953000680157,0.1590435802745279,-0.03953402383745612,0.2644779907516878,0.254559563969014,0.031513646509971835,0.016547448953972987,0.02767737724075283,0.10888175763579179,0.15442125011982635,0.13770581602888615,-0.14330684219896195,0.13721007728229262,0.04628173115987346,0.08602482345583772,-0.08011156404205107,-0.03249690733885067,-0.01294124628538301,-0.07787115357402073,0.1736546353398732,0.1182241049541921,0.11214286040343822,-0.053153601409614414,0.20657972218545012,0.10511304760644004,0.13852291764619956,-0.0004153980289135287,0.04666974030775973,0.1297831257103991,0.19751035071462156,0.20268319737797114,-0.03774279101827295,-0.07976372525300479,0.08835013945505256,0.07679933536315374,-0.09296516590814682,0.15014128097796564,0.04506475187956196,0.28682457878183387,-0.09797915706153824,0.34268694052504484,0.025562042662747014,0.12056037650581786,-0.12624356931897548,0.21710253027612558,0.24569652206859088,0.31326854341365884,0.23646555619970147,0.3044885811190184,0.20796651252813067,0.2398909922535115,0.051622562960190264,0.1512477917714672,0.16129494629496913
#49,0.6769353668055892,0.14834000556907248,0.2879201340229245,0.04067066240008765,0.013877946016515496,-0.1000771453482268,-0.08220590047793597,1.0,0.3312292586286387,0.37285853186468065,0.3287596945226803,0.2083408272355033,-0.08638909557350034,-0.018271122533288903,0.11512368362190563,-0.0727841254045566,0.2906864110066783,-0.27969525305043663,0.10080568958355206,0.07426768979353349,0.28304765208817395,0.13434246143873793,0.0848589700867771,0.026249503576531382,0.18945984561800727,0.007850566265115239,0.07180177753837867,0.10027891010512766,-0.061692541551214924,-0.18379399909616692,-0.1857422614999064,-0.2605960733474234,-0.15587742562777598,-0.060088466085718065,-0.08352056676724473,-0.2137738682686119,-0.15997480222945493,-0.21283169076127395,-0.10956739262417434,-0.16703200390748035,-0.13291276184911466,-0.12459567164383499,-0.1347943779756878,-0.11458960044187395,-0.06296521155628187,-0.1655100950850653,-0.02497500764606262,-0.06917700977326571,-0.18979307700383902,-0.1173367052089087,-0.01824190772685982,0.041540715854053785,0.10074725997069389,0.006517640721788311,-0.017432109811153666,-0.18578882259765278,-0.176150675364158,-0.233655457006304,-0.3750925515938046,-0.2877914062820963,-0.22736240510893926,-0.20995403232800924,-0.04792871587231304,-0.0808684101211045,0.055134730470586625,0.04409609845389766,-0.10494506246947281,-0.21604988428197766,0.2156719177238014,-0.16424746766970835,0.21528482153861603,0.07043781126322084,0.20750181451336805,0.2616724563717949,-0.17376236493858044,-0.04571478132260907,-0.14524506201299145,-0.20596712421314028,-0.05715237803959519,-0.22109309024179818,0.038632929651659084,-0.13192311028132947,-0.12335586829600077,0.21583351212186225,-0.06176101375378309,0.19864333742644943,-0.0208694143800755,-0.11859659373616291,-0.14185614446721778,-0.19169295238443032,-0.28945391136045134,-0.1069134100526323,-0.13269456376359745,-0.16152318697019633,-0.1565475402502431,0.2503608485075342,-0.13867812130535406,0.16326603276623133,0.09170619034359351,0.013384946158024713,0.054036436341393275,-0.11935070092711363,-0.18835516074990757,-0.2668133493406127,-0.18975473257040085,0.1491068942378359,-0.3535922799874011,-0.27173604422391323,-0.03750450775333574,-0.22211286957871337,-0.24171509172992736
#50,0.18645619833201715,0.36050614652138385,0.1562599569994568,0.23750359479063482,-0.0006746794359716434,0.05793570003697499,0.28416877028489,0.3312292586286387,1.0,0.3488576554204878,0.2734861937215555,-0.023128084102124007,0.10986501846467063,0.12648550443471632,0.17835091547334833,-0.03680426536173865,0.2010827737632779,0.19925958724956291,0.12420035879434145,-0.0380678057397965,0.25193114435309744,-0.018413544714630685,-0.01539620298812692,-0.27109788329597795,0.2715306276162087,-0.005038641146315967,0.07019405022207818,0.07892014771736501,0.14139601126595974,0.11323658971912702,0.050328894813002414,-0.030006345090771318,0.06339978180191448,0.08769919704930455,0.12961970538693643,-0.08274637439687402,0.09371653421099481,-0.02815394377062725,-0.010430598857883661,-0.20354594713033,0.10076369329931026,0.04153615104054924,-0.07495697663271968,-0.08458873312730808,-0.1760484235416562,-0.07984041411988113,-0.06216180437948208,-0.10620860284753067,-0.14468632884003524,-0.11914528431940913,-0.09434647847462192,-0.2755942245979541,-0.15268570802539863,-0.28229628378532595,0.06813623229422962,-0.09362888979170755,-0.06560002191110482,-0.14319180889864744,-0.104552488508082,-0.19306513532389635,-0.10968881666339522,-0.06736569177466255,-0.04690984949809875,-0.036081198902618836,0.05763442234567507,0.022469837994768725,-0.013195962878936582,0.01778816526450812,0.22114512911575,0.05987574577640631,0.19467834041640228,-0.052270766477835545,0.07902696435337134,-0.20268319737797114,-0.0342735327548193,0.025862407391346025,0.02135054572345447,-0.14720154108103914,0.030865442992326547,-0.049957318993732514,-0.13793405670411335,0.023296982201792146,0.05159791296726572,-0.06378779094980075,-0.20742603860919262,-0.12426609210880689,-0.07399836579676537,-0.11280475836159713,-0.16608069677313334,-0.17344282799326233,-0.0873550101110619,-0.11140701246650568,-0.17079614912332758,-0.05630149680234814,-0.034583027110427406,0.2866903732648003,-0.10686228414138141,0.06782217312511697,-0.02804895306002273,-0.31297730831206894,-0.3667882428663377,-0.05417064185842688,0.17579370694810265,0.1018930281603345,0.0878580525592627,0.02376350614195657,0.06801389529230784,-0.0973437350217057,-0.036519420999055086,-0.1343287669982243,-0.1168537479401279
#51,0.4339969050564439,0.3836844435720579,0.5359538406058421,0.36848817941543,0.058169418488407655,0.14479040658793885,0.3836798787585533,0.37285853186468065,0.3488576554204878,1.0,0.39909799285150205,0.23644455805758055,0.23070293563156477,0.2377875261906175,0.03560737126084714,-0.08706651389757472,0.5441504197346018,0.19357913332450802,0.04671904029360881,-0.21095098759740172,0.017211172837533723,-0.2521411257743065,0.09451081176078552,-0.18667348345483345,0.22175955301346165,-0.3070877859285059,0.15389264471600012,0.09498190051445449,0.0805908694600282,-0.04230303970931268,-0.017728822688949042,0.05741713722285876,0.06792898976112331,-0.07791588874636526,-0.04494789265384563,-0.028725458421396195,-0.034321919777967475,-0.19124925251178862,0.07195424230943046,-0.20594430014561754,0.1047168217942456,0.007635107067700749,0.06905558573404484,-0.17000826231244323,-0.03612136926145882,-0.35676482537305937,0.06797372493346784,0.04016579402648505,0.06877804507296854,0.0375830225456139,0.17687465478597872,0.07543993390150046,0.13680837369389273,-0.21248476493492857,-0.022808547156805907,-0.2566255985611708,-0.20380705446278993,-0.4447579964120566,-0.15497633144197895,-0.24863991381632103,0.0013091885131032972,0.00895799002131768,-0.06561006450081482,-0.05897647751601108,0.268703182131494,0.2106707080482227,0.046478018140568865,-0.01857696503809337,-0.01650362674432936,-0.1325968767546002,0.17433479255205028,0.06603733104484016,-0.02001853314282845,0.14837195926360428,-0.208764441928725,-0.04538246289947824,-0.09875974017081532,-0.019380372214893162,0.14689295968813193,-0.22275011754394775,0.23862014817384636,-0.098582625406839,0.18406332309293505,0.11601017040448812,0.006232796359104749,0.15995197816193218,0.0495437468902208,0.13731871984370078,-0.1313607252575696,-0.12582725832736102,-0.26154281566826587,0.10482181250485012,-0.1556847904978842,0.014770823538004355,-0.04302428024303067,0.4103730822077264,-0.04588002757147357,0.36763912410358474,0.3222594000922092,0.1271017542578298,0.1338777634239753,0.24717460868136232,0.19723737486704981,0.16582050240337431,0.2847731515928917,0.19011535283725983,0.10270556496414339,-0.022939100823035876,0.09392012489329749,-0.17574440696225355,-0.1988158873769212
#52,0.37512541825103735,0.24836419908064655,0.1959172308015356,0.04548014990847549,-0.0002501517800490261,0.04346432826486874,0.04742567342411226,0.3287596945226803,0.2734861937215555,0.39909799285150205,1.0,0.219692605458604,0.14041092451167908,-0.008002118073466109,0.07562617829248586,0.06793538050002967,0.23431279015095838,-0.09352663796920577,0.1177301921330004,0.09862827354188444,0.07099563147347615,0.07466574153112975,0.13211118059771668,0.05938548480601825,0.19931162612351472,-0.013512760936151953,-0.033983210615930286,-0.04977107460274711,-0.15692368088301753,-0.06781395646080879,-0.056543431918088985,-0.11846421414453112,0.0002282406752272136,-0.04563809245573272,-0.024335020792725513,-0.06944176895652929,-0.20123341260892785,0.022150301049450625,-0.14639630797883751,0.05180059068686749,-0.06241104319683019,-0.016602226716027516,-0.06107446580269963,0.030994170733154698,0.09589668914076516,0.04414357251434493,-0.053286893963947105,-0.1508150474512364,-0.10840062629241283,-0.23457754933422195,-0.035459471303299905,-0.05317916436523986,0.09589212432726062,-0.002599204809487508,0.03664814873988323,-0.023868496852561087,-0.13554939812933942,-0.094045200783322,-0.23376957734391762,-0.14839752221922972,-0.09981512505306596,-0.07561065792657042,-0.16155605362742906,-0.1259988953151319,-0.01763478753075543,0.05940191813463461,0.02986666179753226,-0.05492109719857395,0.059495953292828224,-0.15639964029269585,0.13866533982754134,-0.09190978102589618,0.10756617838378213,0.05264051637170363,-0.021679212295781656,0.004711800499390598,-0.039114973957738955,-0.14215285734501318,0.06646733647696823,-0.05304404588550535,-0.03037792091004122,-0.15109897885121903,0.04865086936873194,0.1850611913250284,-0.028319190019491753,0.08987661309097217,-0.023458576599853013,-0.12364345154678706,-0.05068312434095505,-0.20232257711111212,-0.10862977993034095,0.12193895018419022,0.04809304915847663,-0.04314753020765336,-0.09482030611639361,0.20389287295667535,-0.011612885555560627,0.07735532964800723,0.1637444252215076,-0.08112038782655534,0.06197647295119758,0.11162155870121926,-0.09820648477406456,-0.014211177402347227,0.02465820958884725,0.04078204384959853,-0.12884642597926663,-0.09190612917509255,-0.06610671621010923,-0.1963308029050473,-0.14594256551648582
#53,0.16363669562280034,0.0259317925566151,0.07150415169788238,0.01633746753276395,0.3641826473179438,0.14704177260838008,0.0604317400612598,0.2083408272355033,-0.023128084102124007,0.23644455805758055,0.219692605458604,1.0,0.26085991956798604,0.3308339457791452,-0.03132648915628552,-0.3250083307846458,0.10694992856066865,-0.16907612739481528,-0.03967918490690063,-0.1955639142362839,-0.05783436117717411,-0.1688077163607481,-0.021127782824432707,-0.10332820552616323,0.0925086845576924,-0.12322257574166808,-0.047787206653672164,-0.08528988848160608,-0.046718127330907896,-0.08013347514687287,0.06920987643049843,0.22377172280626476,-0.0453158166223119,0.1587377377697234,0.15893493771311973,0.06161402675893676,0.20267315478826112,0.09437660624375191,0.17704355288564685,0.2626812801562992,0.029075123135844285,0.05084197985091319,-0.08523876257035519,-0.11128102361378026,0.11453117082901577,-0.08097522675711084,0.1531997060260103,0.03536269725700356,-0.1373926698224744,-0.14375875873591185,-0.11513920398782108,-0.03787517060990473,-0.17922005596461357,-0.276876937192731,-0.11971771193287899,-0.20862841048628958,-0.13513217417502407,-0.1988661003254712,-0.14183332039969507,0.03301638311566781,0.07267274395504572,0.046768340279457886,0.37251434492643803,0.18658857792364894,-0.15076209561458367,-0.025228811276915283,0.21953192402324403,-0.011409294873257952,0.06730634919910347,0.06386813166748073,-0.0773315926177836,0.005062378176539597,0.08259573555122406,0.14087014475023624,0.17117959345770928,-0.008927862252187687,0.19505995882538218,0.039298479460621635,0.08084193420277815,-0.01911835191973232,0.44868191010056285,0.05076437802133594,0.11761150698188226,0.4198176813486285,0.3797714854359625,0.3205503339161079,0.09967270287172418,0.06970652813979285,0.1970620860284753,0.1582091323658972,0.07428777497295348,0.30496697357429464,0.08277011142709764,-0.05536297114581384,-0.1647769860362355,-0.1474754298913118,0.05187088881483747,0.10430872746693934,-0.08681636211752569,0.0613702657177941,0.0006609849954580106,0.012621709340064912,0.026781760831161242,0.06389186869770436,-0.028907137998877057,0.08456773498518717,-0.12549950471773474,0.13712882360191175,0.03620627479264334,-0.15273683393664952,-0.12220462233015471
#54,-0.18216709956314736,0.10008718793793679,0.13356279129216175,0.1524172969913314,0.21236060200760498,0.5142782801608641,0.20776018295772528,-0.08638909557350034,0.10986501846467063,0.23070293563156477,0.14041092451167908,0.26085991956798604,1.0,0.1785453765286419,0.023338978486033952,-0.17642273824902885,0.2425221507575308,0.14321098111536654,0.1244934198213332,-0.15432538903623091,-0.07333190302510191,-0.23469440855993828,-0.1005318007732794,0.08863041900423158,0.22528176311356798,-0.0542455047999014,0.25823423884017216,0.13739632167327803,0.2084677290509296,0.2463785052061698,0.14413398640598538,0.32495264005989033,0.03336330894201318,0.04546554250526095,0.2388191740426445,0.15790785467459728,0.1310192772074297,0.18051646299990415,0.1847498710440185,0.0843842294823045,0.2676395805849352,0.10473508104826378,0.17014338079217772,0.00806511249982882,0.11618728516846444,0.09125518676934453,0.0810546545120899,0.08554277914975783,0.072980412385252,0.056594557829339885,0.13001410527372903,0.1585496674533362,0.0037084544910917666,-0.0575139112691551,0.00040900729000716674,0.04456810017026754,-0.1844522452035222,-0.12197181684142294,0.012667357475110354,0.20528240218745863,-0.018387068796304328,-0.01913295932294686,0.07128777953776698,0.002670415900158399,-0.007222447926889947,0.026127166574609593,0.1659127116361661,0.06413654270154792,-0.06882643209611672,0.01597958615400768,-0.02408395604997558,-0.1554355516805361,-0.2252278983142144,-0.20746986081883625,-0.08887509300807515,-0.21694276180346653,-0.13094989204216062,-0.09865201057210808,0.20796377364002794,0.052375757188440064,0.01647988971410573,0.3246979234663368,0.21429425700812993,-0.057686461219626874,0.1335956579493945,-0.1311954790087051,-0.14412303085357447,0.1829759845161526,0.23418406241013023,0.14097787434894346,0.10025517307490403,0.07019313725937727,0.14928492196451315,-0.08052331022016096,0.0013767477529705524,-0.05013808560851246,0.03113567995179557,0.09194903842203526,0.15191608046853247,0.058856879402192024,-0.10445480149908476,0.18476630437263486,0.16388684740284937,0.09956223438491421,0.08611885861403132,-0.014884943875617961,-0.005886783495460293,0.028607686232978952,-0.029737021094003203,-0.02659277755207311,-0.0899825167642776
#58,-0.002978997293065592,0.09247946975126331,0.0860960345465086,0.1807912647728777,0.2614022194123259,0.17224867278047357,0.14174932783121147,-0.018271122533288903,0.12648550443471632,0.2377875261906175,-0.008002118073466109,0.3308339457791452,0.1785453765286419,1.0,0.03466154190270557,-0.31138418839898296,0.0007121109067089064,0.07264079026051391,-0.0021591567876494406,-0.17097874166350935,-0.16599487827924791,-0.28687387876768294,-0.021583351212186228,-0.25158147963864935,0.07097828518215889,-0.1322672972195721,0.13159992148520772,0.05278659040384905,0.22844061405871263,0.3080810893470947,0.09509875974017082,0.359322946861006,0.20827326799563603,0.4206119588984192,0.37486887573208194,0.3472992280900364,0.41717191544139465,0.27704948714320277,0.45429297886034864,0.1103059794492096,0.3634048030967695,0.390734341548476,0.09645085750021683,0.1011087932002538,0.13003784230395268,0.017649394933969973,0.23086635595502747,0.15363701515974565,-0.05842869989546577,-0.13784184747132155,-0.0407482642296649,-0.16892092373566078,-0.28546335139477874,-0.3973907526008025,-0.1113887532124875,-0.06225401361227387,-0.03706628565689949,-0.10898674834639631,-0.04737911232636591,0.07938667165752943,-0.012802475954844865,0.0012964070352905733,0.5290701018409892,0.2071366294330045,0.06402333532663523,0.08980083718679674,0.49482395796719725,0.2504010188663742,0.11098978851219034,0.25472115836707493,-0.10886623726987633,0.08628410486289582,-0.10401657940264851,-0.11209812523109368,0.1857824318587464,0.08452208685014173,0.04237516376268448,0.1328342470568365,0.07115722587153701,-0.01443941807757444,0.11043835904084139,0.2909228683462137,-0.02714329406072115,-0.1125847343506781,0.22584323517462693,-0.08096518416740084,-0.09934221037399517,0.04801636029160029,0.1889677587222174,0.13013187746214627,0.23275892763401151,0.12405519772489695,0.07804096463638978,-0.1769367362496405,-0.18504475799641207,-0.24550479990140003,0.05732766687816969,-0.03162137610867908,-0.039931162612351474,0.010800348751751747,-0.12844654831626853,-0.03308850716903961,0.3265138062784445,0.2276317291057074,0.2142696070152054,0.01951640365732858,0.18262997165250813,0.01915943524127322,0.1162657999607426,-0.20307577133936194,-0.05379815307645606
#101,-0.0031241583625100998,-0.043511802325316,-0.06860001734629131,-0.13672529408811002,-0.11982818041968896,-0.04703492538812327,-0.06954036892822743,0.11512368362190563,0.17835091547334833,0.03560737126084714,0.07562617829248586,-0.03132648915628552,0.023338978486033952,0.03466154190270557,1.0,0.4272208958902984,0.313347058205937,0.004705409760484235,0.3098175444042234,0.17417228519128852,0.4643492630108597,0.26302638005724277,0.06966453185555103,0.07597493004423304,0.3656561691172107,0.22820780856998088,-0.09832516992518271,-0.3359081924707966,0.2551776397175293,0.06755284912834886,0.13291002296101193,-0.17722614542582862,-0.07694906124610279,-0.04699566799198419,0.1889376309530874,-0.14056612817083358,0.31214468632884,0.12370462004774795,0.10474968845147832,0.09737112390273295,-0.04413900770084038,-0.13827641771695418,0.03394760507059484,0.18641328908507443,-0.16937101434720883,0.1640566584652184,-0.13083029392834156,-0.071237566589217,-0.4964417278732077,-0.38034300008673144,-0.2633185281215336,-0.22997895620974404,0.12052933577398696,0.12407254401621422,0.5601363966275158,0.29087630724846736,-0.48659268625580304,-0.161787033190759,-0.5433807921777356,-0.4028356621490229,-0.38706057964001883,-0.3217527057932048,0.16213395901710437,0.061492602719715884,-0.3044575403871875,-0.3841181008549896,0.15596872189786687,0.08597917532079227,0.4967567000050213,0.2360985451939361,0.22086667549197278,0.010460726627013653,0.19759982105931062,-0.07792410541067345,0.012410814956154967,-0.3610886167245637,-0.09244203828052605,-0.43342539040567496,0.35405058726325733,0.31517846138396016,-0.060722062200148814,-0.016031625027959483,0.12651654516654723,-0.1296087498345255,-0.10128590796423012,-0.33613734610872475,-0.32659323403342355,-0.10908078350458993,-0.12893133151045114,-0.09326826952484857,-0.08010791219124742,-0.4457722979727663,-0.2075465496857126,-0.38292029379139714,-0.4387488759146745,0.10303423153647058,0.1244523364997923,0.05129024453705944,0.036646322814481415,-0.056560778209406255,-0.10788571532910023,-0.025379450122565244,0.03641534325115148,-0.08611246787512496,-0.03948928866511159,-0.06396673163917888,0.0762077355329648,-0.3307116087772234,-0.29266571414224873,-0.4058055298150794,-0.36999913268543416
#102,0.05076346505863503,0.013987501540624558,0.03554528979718534,-0.1136455970091342,-0.17345378354567323,-0.21070813951895995,-0.04755896597844495,-0.0727841254045566,-0.03680426536173865,-0.08706651389757472,0.06793538050002967,-0.3250083307846458,-0.17642273824902885,-0.31138418839898296,0.4272208958902984,1.0,0.011883122515029649,0.07101480369019524,0.30976550553027155,0.4998991176215496,0.03783773913916747,0.5716150766660428,-0.17725718615765954,0.2424062044945154,-0.07685502608790917,0.3570624512135557,-0.42854286588121443,-0.3501257606120502,-0.023638430251932057,-0.11741887185199049,0.055611297000461045,-0.3353275481930186,0.019877936886888485,-0.24908087480086,-0.13377916345227717,-0.25894908863498384,-0.1273272560449543,0.029842011804607722,-0.19663390652174906,0.0983963810158536,-0.22955442855382144,-0.19684662683106083,-0.07464930820251339,0.34042735784029543,-0.35921339133689695,0.26279631345661375,-0.31279745465998987,-0.290148675975843,-0.4104013840514546,-0.1346081335847024,-0.25110582607147586,-0.1243491717145896,0.22006965905407935,0.5156723742051519,0.28485440527327255,0.5262390045054709,-0.4092903084444485,0.1594178949819005,-0.3938091999251371,-0.33140546042991414,-0.3940273980106543,-0.37171641552584367,-0.16452500833078465,-0.010692619153044503,-0.24891197670119186,-0.21642876380285483,0.014013064496250005,0.0497500764606262,0.27679750943775194,0.26294147452605826,0.33937745073425024,0.15277700429548952,0.4514609685621294,0.19627967699379642,0.05139249635956123,-0.03174919088680632,-0.14046296338563088,-0.3907325156230742,0.051334066746703065,0.4522552461119201,-0.0293654452747333,-0.12352476639566891,0.29395573043863293,-0.14983635143586208,-0.1459818229126249,-0.3682435054115864,-0.29075123135844283,-0.09728895725965116,-0.30369156468112496,-0.16617838378213057,-0.146361615396203,-0.5281671817297904,-0.30843440591234644,-0.2832923260920175,-0.34959624224552305,0.1844002063295704,0.2678431712672379,-0.0614734305029968,0.07910091433214496,-0.15745593813764738,0.043887029995389536,0.018694737226510612,-0.15786038061415,-0.13433607069983156,-0.10451231814924201,-0.08087480086001086,-0.027513043954589235,-0.4137008312525392,-0.3507657474653873,-0.25510642862685845,-0.2302519320573158
#201,0.21609005464081765,0.26559454413489936,0.4641977112025088,0.3291842221786029,-0.18626904097833083,0.05878110349801659,0.14201956479068048,0.2906864110066783,0.2010827737632779,0.5441504197346018,0.23431279015095838,0.10694992856066865,0.2425221507575308,0.0007121109067089064,0.313347058205937,0.011883122515029649,1.0,0.14878827025521874,0.12332482756416986,-0.2576143371662551,0.1720158672917418,-0.27271565320198843,0.1542295279526355,-0.06691377523771266,0.4525209182578846,-0.22810646971018,0.1273163004925434,-0.06114202504256688,0.25002305230819794,-0.010054458225109213,-0.0020696864429603726,-0.08872080231162156,-0.04083682161165306,-0.2257765888974606,-0.037472554058803925,-0.26306837634148456,0.03191535009837173,-0.22263691016903506,0.011311607864260706,-0.1971734674779862,0.014691395783025285,-0.1383594973227369,0.11076519968776675,-0.13730411244048624,-0.05826527957200309,-0.24420108916450217,-0.15654936617564488,-0.11527340950485468,-0.023178297050673993,-0.035857523040896164,0.053087868095148975,0.022762899021760465,0.32631204152154364,-0.013840514545778232,0.2720427996914186,-0.10851383366732552,-0.2701036669146882,-0.48780966553611455,-0.12167419100092666,-0.22957177484513872,-0.10909082609429992,-0.07454888230541341,-0.16872828860576902,-0.23008120803224585,0.07081030004519165,0.10238328913072256,-0.1636732141308367,-0.09706254250982577,0.02526259089684891,-0.09793077003839008,0.2541112992828678,0.13242797865493205,-0.052742768194205425,0.04290468212921161,-0.21626351755399034,-0.29074027580603196,-0.0976952256615556,-0.14944377747447127,0.27027073908895455,-0.13119913085950874,-0.07169769979047506,-0.17150278225383103,0.04319043945459608,-0.03698411901381769,-0.2038335303811163,0.050239424468313344,-0.06968461703497103,0.0008746182674706825,-0.09069188878288377,-0.22990683215637225,-0.2333039663664541,-0.08846425979266617,-0.15511327584711526,-0.014495108802329881,-0.1540661076291728,0.5216230650896757,-0.04498532412458289,0.4525574367659209,0.23227505740252982,0.21546011037719054,0.17764976011905034,0.28493657191635435,-0.023212076670607623,0.048027315844011195,0.11372685068951507,0.13764008271442071,0.13074721432255884,-0.14066472814253173,-0.04817430283885752,-0.11625027959482716,-0.17889138939228638
