,#10,#11,#12,#13,#17,#18,#26,#49,#50,#51,#52,#53,#54,#58,#101,#102,#201,#202,#301,#302,#401,#402,#501,#502,#601,#602,#701,#702,#801,#802,#901,#902,#1001,#1002,#1101,#1102,#1201,#1202,#1301,#1302,#1401,#1402,#1501,#1502,#1601,#1602,#1701,#1702,#1801,#1802,#1901,#1902,#2001,#2002,#2101,#2102,#2201,#2202,#2301,#2302,#2401,#2402,#2501,#2502,#2601,#2602,#2701,#2702,#2801,#2802,#2901,#2902,#3001,#3002,#3101,#3102,#3201,#3202,#3301,#3302,#3401,#3402,#3455,#3501,#3502,#3601,#3602,#3701,#3702,#3801,#3802,#3901,#3902,#4001,#4002,#4101,#4102,#4201,#4202,#4301,#4302,#4401,#4402,#4501,#4502,#4601,#4602,#4701,#4702,#4801,#4802
#10,1.0,0.4349144325708573,0.4802475954844865,0.6633504818160654,0.14737500399421183,0.4649728165355804,0.24821995097390295,0.46910579868259483,0.07762374068207444,0.6232741581342695,0.5070877859285059,0.1195132082878754,0.32240364819895284,-0.03621540441965244,-0.09321623065089676,-0.08543322362564877,0.49323814175571856,0.33150771225241593,-0.08420254990482363,-0.014047757078884542,-0.006566940707637389,0.05858207762921846,0.025529176005514295,0.3651668211095236,-0.126679052527309,0.05516394527701571,-0.07215965891713494,0.02354804694454208,0.12664618587007628,0.31410481724769135,-0.2218700215002716,-0.022931797121428604,-0.06867670621316765,0.24482646861462476,0.05035628369402968,0.1769248677345287,-0.19956086494086284,-0.024214509716205545,0.15281169687812404,0.1278531225606778,0.352672013584885,0.15614401073644135,0.0009458293581415732,0.03024919316921307,0.03975769969917879,-0.12480108825153949,-0.22113143467523635,-0.21180004290924695,-0.2032601898049455,-0.040759219782075806,0.03070384859426568,0.2536803808880388,0.3460849876978276,0.26970652813979284,0.33557587404766576,-0.042023673122834566,-0.10868912250590002,-0.22915637681622517,-0.011430293015378857,0.012034674323380519,0.08894539113604513,0.03874613702657178,-0.14174019820420236,-0.1504662956994892,0.07055923530244172,0.09522657451829805,-0.1501759735606002,-0.22358547841527934,0.17846412284826105,0.272208958902984,0.41321513509565566,0.35973104118831223,0.34683909488877834,0.14556642488371138,-0.14274902198870665,0.06089096029981695,-0.07261248841678573,-0.027595210597671033,-0.11565046310033003,0.052306372023171,-0.18220544399658553,0.22524707053093346,-0.08098526934682083,0.112645902851639,0.27263257359620574,0.06792442494761876,0.10711700073493498,0.2725275828856012,0.27537511354973593,-0.13914281932011668,0.25716789840551063,0.4215979586154008,0.33481172426700506,-0.016415069362341203,-0.04509579261139286,0.19476963668649316,0.14455577517380527,0.09522566155559714,0.1843983804041686,0.15578339046958237,0.07217152743224675,0.09189699954808346,0.18771699982197226,-0.03628205069681878,0.07887723847042229,-0.011896816955543281,-0.027320408824697467,0.0690008079719903,0.14133575572769974,-0.17063272879986488,-0.20691204060858093
#11,0.4349144325708573,1.0,0.4723577718232322,0.45247161827203547,-0.01771604121113632,0.05416516408222142,0.2534028402269625,0.43053312456919574,0.14047300597534088,0.5529249042530368,0.261711713767934,-0.04794606216363031,0.03911223506963623,-0.08108021746771536,0.0713617295165406,0.01555597146078597,0.36102744822360283,0.45471476762816854,0.1344848836200797,0.06130088055252503,-0.07442837122889344,0.1889659327968156,0.14092674843769257,0.1440618623526136,0.22453678554962636,0.2290340398143034,0.010304610005158239,0.08899834297269785,0.16840783869775,0.01281434446995668,0.15221553223443057,0.1975468692226579,0.19335819635088808,0.1841847471321559,0.15149155281260984,0.08330967238333478,0.19626233070247914,0.09473540058520909,0.022224251028224243,0.2744521082591171,0.02957451373324143,0.13391154304390895,-0.25471568059086946,0.1752760570966873,-0.12396572738020788,-0.12476822159430677,-0.11107834589417849,-0.057111294718054297,-0.05183893512030566,-0.09454915619422369,-0.07794784244089707,0.028837752833607982,0.05862133502535754,0.06864475251863585,0.13697453290545814,0.011632057772279714,-0.05493753052719031,-0.21997379797048391,-0.16645683740590778,-0.07240068107017487,0.09060698325169925,0.09169888664198624,0.054059260408915996,-0.17176023773548732,0.15484395185034716,0.22217403807967426,-0.15527943505868066,-0.2762588614442157,0.21588828988391678,0.13496418903805685,0.28652147516513216,0.40837917166894144,0.14166624822542875,-0.04305714690026339,-0.11810268091497123,-0.13515865009335043,-0.02016369421227296,-0.19417712389360334,-0.09382517677240296,-0.07181821086699502,-0.1168007961034752,-0.051356890814225786,0.09032944259062296,-0.023999050518791056,-0.0005934257555907553,0.06407993901409158,0.17698147142198506,-0.0640406816179525,0.041257697416772036,-0.2174147635198364,0.01978024987789124,0.11045935718296229,0.13744105684562258,0.04533133698822735,-0.082486180027115,0.23243391291248797,0.40352038417470454,0.15656853839236398,0.3485928962372242,0.06267762830549557,-0.007425125646491713,0.05437788439153318,0.17481409797002742,0.22237123802307057,0.13888262495035766,0.14045200783321998,0.08931605399261414,0.06553063674583574,0.06232431174024385,-0.1637371215199003,-0.13231842313082298
#12,0.4802475954844865,0.4723577718232322,1.0,0.7182222790287903,0.015295777091026946,0.4082194031962824,0.06781030461000516,0.259207457079341,-0.22068499591449192,0.5183601363966275,0.23173458348359177,-0.053164556962025315,0.16096445379724011,-0.09047551662276837,-0.04673638658492607,-0.1667782002766277,0.5798929094751833,0.7368585866424427,0.04567826281457271,-0.012553237137496747,-0.08434132023536178,0.24344606901085056,0.1049861457910137,0.20125075890024513,0.24059671242131403,0.14942369229505129,0.24360127267000506,0.23685539127298955,0.23304012014589143,0.2705044575403872,0.2300246043447895,0.23954589235256793,0.40125532371374967,0.3084736633084855,0.19923311133123656,0.1324827564169866,0.04497710746027471,0.09898980677144435,-0.018142394792460752,0.0771882574737409,0.1544979389867027,0.11629136291636805,-0.24256871185527715,-0.02567890188846335,-0.05822876106396673,-0.23995307371717328,0.19389227953091975,0.2085900660528514,0.19820055051650864,0.1812632664892476,0.281654471006587,0.3320445343205503,0.34586952850041314,0.20497564671995325,0.15540724983680793,-0.04010188663742143,-0.23141048172476913,-0.36502987670438725,-0.06616149397216377,-0.07194146083161772,-0.050568091040640535,-0.015521278878151433,-0.12262367220987186,-0.26307385411769,0.29738116649244295,0.11820493273747301,-0.11928131576184454,-0.259107944144942,0.2919663847133525,0.23834078158736824,0.5378911474571706,0.4638562631523689,0.2837058981955292,0.14892612762305596,-0.09927647705952973,0.0991185345122725,-0.09533978189321075,0.05546522296831563,-0.10497062542509826,0.07100202221238251,-0.26784864904344335,0.11014347208844782,-0.18334664737272158,-0.06283100603924827,0.08096792305550357,0.09066815175266014,0.08847612830777798,0.07486020258642333,0.14466624366061526,-0.05800965001574861,-0.015088534557920636,0.20092300529061885,0.17695043069015415,-0.035554419424194426,-0.24450601870660574,0.3437277180040809,0.37529705523880824,0.5411084280151734,0.5606367001876138,0.45446461584811954,0.4820990838419296,0.3541884446310946,0.47682307239337735,0.45089310576216407,0.43669105798682595,0.4685771932787686,0.3688524515330926,-0.021956752956857947,-0.0947974820488709,-0.3037582109582913,-0.3494656885792931
#13,0.6633504818160654,0.45247161827203547,0.7182222790287903,1.0,0.023924187577316527,0.4221356936462361,0.10959295557979978,0.23461132895415557,-0.0897570149771531,0.5563549051203514,0.3703679696166013,-0.0357169267849562,0.10950987597401708,-0.04905713777063638,0.0520078332199738,-0.13265895821826199,0.5102831553816869,0.5464492598154902,0.14734031141157727,0.13527277043096406,-0.03867036112239634,0.20563206690190672,0.023282374798577605,0.2208274180958337,0.1198537433753144,0.15674108834283576,0.06325827258327361,0.14258834055334668,0.13848366025006048,0.2910260331314164,-0.05574824140559737,0.24956839688314533,0.19697170272108533,0.4253648427193507,0.14817293339480617,0.2262705017186523,-0.009408993595566652,0.14562394153386862,-0.07649075397024654,0.17959984844819166,0.19777784878598784,0.17919358004628722,-0.16478155084974003,0.1034998425139341,-0.12879073525451118,-0.16887710152601715,0.018293033638110714,0.06359150396910535,0.04021691993773594,0.088466085718068,0.19422003314054603,0.32710723203403524,0.2275924717095683,0.16016652439664578,0.11066477379066678,-0.03187700566493356,-0.2340854624384321,-0.2831051687383312,-0.0793419364851849,-0.06474914067385777,0.08558751432210238,0.0982831736409409,0.056682202248627134,-0.15450706861371177,0.1218330465108848,0.14658529125792566,-0.07541254502047319,-0.29634769271501415,0.33117813271738783,0.2879557395682599,0.42174038079674253,0.3910885710764287,0.42850452144777623,0.2938060045556839,-0.08702543057603382,0.0714128554277915,-0.06681974007951905,0.00294065285962742,-0.11571528345209456,0.13342036911081998,-0.2986045365116608,0.06912679682471573,-0.20836730315382965,-0.038181926077410104,0.16539232289664807,0.1543765149474818,0.22779423646646915,0.14393222164908454,0.1608895908557656,-0.1660569597429097,0.08065842869989547,0.27091437779309524,0.25003948563681433,0.020203864571112947,-0.10565808633888263,0.23186878900062538,0.31374419698083233,0.28687570469308477,0.37159499148662284,0.37973131507712254,0.29382243788430024,0.10887627985958634,0.3474416502713782,0.2775598332930108,0.3501284995001529,0.2575394742247806,0.2486864749140674,0.09751537200947655,0.15620244034929953,-0.2106907932276427,-0.2997338713726851
#17,0.14737500399421183,-0.01771604121113632,0.015295777091026946,0.023924187577316527,1.0,0.5027274760689652,0.06341621513053085,0.2658547385046584,-0.03602185632705976,0.08707655648728471,0.2192187778168323,0.4620787247736994,0.23740043000543212,0.09173905700082623,-0.42118712539999176,-0.1764492141673552,0.054529436199884054,0.01609005464081765,-0.26770531389940067,-0.17425901664787485,-0.3572003085813929,-0.3700256086037605,-0.3969470527281608,-0.06788242866337696,-0.3523369562736514,-0.07873481628908051,-0.32101503193087044,-0.36610352084065606,0.21081952096847084,0.5292015684699202,0.08275732994928492,0.13686862923215273,-0.15910109692468513,0.18805570898400945,0.22067860517558555,0.39608704186390464,0.10355279435058681,0.2777424258331926,0.03026745242323125,-0.12624813413248,0.5403086726891773,0.32215806123240837,0.372915135552137,0.12691277097874165,-0.02965211556281868,-0.022923580457120424,-0.38270666051938446,-0.31031145722541503,-0.376200888312708,-0.30064044333468753,-0.3141002524341868,-0.16399092515075298,-0.12000255629556254,-0.05407112892402781,-0.14075054663641717,-0.012289390916934088,-0.19551187536233208,-0.11442891900651399,0.4597734939539045,-0.01760283383622362,0.08390218517622462,-0.11940730461456997,-0.04701940502220782,0.035164584350906344,-0.23305107569830236,-0.3499997717593248,0.17911963006751358,-0.19651887322143455,-0.20829152724965422,-0.034398608644843814,-0.0567506744511953,0.03197743156203353,0.03706993750770312,0.23166063350481816,-0.11132575878612479,0.2616048971319277,-0.0714137683904924,-0.04518982776958647,0.0397896533937106,0.1762218864548289,0.1809555980590413,0.5391063008120803,-0.08728197309498921,0.4931395417840204,0.5809948554551804,0.09667088151113586,-0.03639343214632966,0.48943930395723684,0.5744297406729448,0.29787599227633554,0.5250914103904285,0.3899081103041535,0.23673944500997413,0.149095938685425,-0.04525921293485555,-0.013933636741270936,-0.048430845357812904,-0.1571683548868611,-0.3313945048775032,-0.17350582241962503,-0.19238497811171926,0.18477725992504576,0.18868108843413203,-0.024774155851862673,-0.19819233385220048,-0.21509857714763064,-0.20212811605581854,0.07144024430881876,0.09962888066208055,0.045785079450579046,-0.024588824423578175
#18,0.4649728165355804,0.05416516408222142,0.4082194031962824,0.4221356936462361,0.5027274760689652,1.0,0.03617249517270972,0.14076150218882807,-0.16800339622124738,0.34130927980937337,0.3743886573514039,0.4923753920033597,0.4795601345707021,-0.18076935366805588,-0.3453537045743996,-0.28260212629013043,0.5687940219202344,0.30860786882551916,-0.19655813061757363,-0.20468988939456878,-0.18539259678545833,-0.1975048729384161,-0.18066984073365683,0.10876215952197273,-0.16669329474544317,-0.08268611885861403,0.033400740412750436,-0.05680636517595074,0.20392300072580535,0.6257072037321916,0.09587751692404607,0.23234170367969617,0.16619116525994332,0.27037755572496086,0.2008043201395007,0.36870089972474174,-0.05527532672652659,0.07458631377615067,0.11367846366636691,-0.22959916372616596,0.5260034601286364,0.20013055366622998,0.31455582082194034,-0.10897761871938721,-0.04469956679919842,-0.3029420223036788,-0.08567698466679144,-0.06398864274400069,-0.07513135250859326,0.03334139783719136,0.11123081066523027,0.24379938557610228,0.2988419068138971,0.14484153249918974,0.06621809765962011,-0.020796377364002794,-0.25182706660519383,-0.2522032072379683,0.3086699502891809,-0.11755764218252863,-0.07611917815097664,-0.1692139847626525,-0.23677596351801047,-0.02074342552735008,-0.074362637914428,-0.12684886358967803,-0.062220233992340244,-0.2274244865726011,-0.04577503686086905,0.07511583214267781,0.14887956652530962,0.14791639087585076,0.18653562608699623,0.31683914053691337,-0.06377409650928711,0.38659496866255527,-0.10641036760443152,0.13110053088781057,-0.002156417899546714,0.29988724910643777,0.09651111303847681,0.5219024316761539,-0.2686703154742613,0.2800668288697065,0.37102347683585385,0.016658830403483867,-0.12704332464497162,0.46825217855724505,0.5318290751231358,0.1967918490690063,0.33233485645943933,0.3779857303929848,0.2678440842299388,0.039509373844531584,-0.24698379947687238,0.16790570921225012,-0.005360916979736793,0.27891649586656136,0.07417182870993806,0.23785325950508293,0.2325617276906152,0.4803945824793328,0.4558568839670055,0.17246778382869168,0.20769627556866163,0.1361656479524529,0.10687780450729685,-0.09913588080358977,-0.07129325731397244,-0.24021874586313777,-0.3652544655288108
#26,0.24821995097390295,0.2534028402269625,0.06781030461000516,0.10959295557979978,0.06341621513053085,0.03617249517270972,1.0,0.3246166697859559,0.19629337143431005,0.33950983032588206,0.3130686045821598,0.15092825482614908,0.18728608142714329,0.14045200783321998,-0.14768084649901628,0.2864703492538812,-0.010484463657237283,0.041322517768536564,0.039188010973811666,-0.061720843394943097,-0.293364130608444,-0.1025731853725116,-0.20010681663600632,0.12706523574979345,-0.2982430032821009,-0.0025973788840856905,-0.3002871267694358,-0.1758749606284835,0.045180698142577386,0.09149986077318811,-0.1546011037719054,-0.11410481724769135,-0.3150351262399175,-0.29392651563220384,0.0885902486453916,-0.002882223246769253,-0.13638749788877375,-0.15110536959012538,-0.23866397038349,-0.06261098202832924,0.17945194849064441,0.27180360346378046,0.03325831823140866,0.13947148589244387,-0.10708048222689862,-0.003198108341283717,-0.3468993504270383,-0.3262563507967882,-0.3517152286743325,-0.4051573262974341,-0.3330524451423537,-0.24351728010152146,-0.017232170979654626,0.035919604504557966,0.13990514317537556,-0.02288706194908407,-0.09944172330839424,-0.3482386667092716,-0.12884551301656572,-0.05592079135606915,0.016340206420866674,-0.07036933906065268,-0.11034523684534868,0.07308722902125833,-0.0615455545563686,-0.07310640123797742,-0.16610625972875878,0.11264133803813445,0.07107140737765158,0.034835917778579154,0.2269333126395121,0.3296991331419155,-0.04733072530321774,-0.14168724636754965,-0.23686725978810136,-0.15875051924753614,-0.04378934298639229,-0.11366294330045146,-0.20439043762867068,0.1959902678176083,-0.09482121907909452,0.16951252356584973,-0.11257195287286538,0.17409194447360854,0.15245290253666685,-0.02314269150533855,0.009429078774986648,0.10402753495505941,0.17765249900715308,-0.13943770627251023,0.10006162498231135,0.09258719934997056,0.10248736687862617,0.17806972296146842,0.0049071745173850925,-0.1986305559486367,0.14873897026936964,-0.1703980973857313,-0.07439185272085709,-0.28687844358118747,-0.24721021422669776,0.08575002168286415,-0.06159668046761949,-0.2345291623110738,-0.24862165456230287,-0.2680732378678669,-0.2303240561106876,-0.050934189083704985,0.013719090506557355,0.1268333432237626,0.20731922197318628
#49,0.46910579868259483,0.43053312456919574,0.259207457079341,0.23461132895415557,0.2658547385046584,0.14076150218882807,0.3246166697859559,1.0,0.4251101261257971,0.46257081166948927,0.442921115457828,0.21791141522913082,0.34761693910995267,0.29597063911953875,-0.0898592667996549,-0.0634436040115581,0.14480775287925612,0.14691578375565467,-0.09774909046090922,-0.10969885925310521,-0.011631144809578805,-0.1252676121917039,-0.09898067714443526,0.15026270501718653,-0.1433305792291856,-0.09316693066504768,-0.212580626018524,-0.21331008321655018,0.14813367599866709,0.13120917344921873,0.10713160813814952,-0.08046853245810642,-0.11906220471362643,-0.043221480186426985,0.05212925725919468,0.07853031264407692,-0.07307170865534289,0.016645135962970233,0.044153615104054925,0.06413289085074429,0.25890800531344293,0.1692523291960907,-0.03128814472284735,0.04003341443485326,0.1246687086599077,0.017440326475461846,-0.3360122702187002,-0.2545349139760895,-0.40057242761346984,-0.24027991436409865,-0.27054188901112447,-0.010626885838579065,-0.013829558993367326,0.11738691815745868,0.16453870277129828,-0.055173074904024795,-0.14320185148835746,-0.3458777451647213,-0.16845348683279546,-0.0780637887039125,0.023328022933623047,-0.13030625333801987,-0.0103831247974364,-0.09012037413211484,-0.09051568698160836,-0.14458133812943072,0.08366664079939014,-0.008358173526820561,0.034105547617852075,0.04359123008029507,0.25133224082130123,0.2964828111947486,0.21212231874266776,-0.026677683083257634,-0.21464757357338166,-0.12672743955045718,-0.27977924561892026,-0.24533042402552643,0.00808976249275336,-0.07477073224173426,0.06669922900299909,0.0851264681581434,0.1662733319030251,0.38997293065591804,0.35583177749273054,-0.055388534101439284,-0.06529965718250581,0.12806949472079318,0.1811628405921476,-0.04634381262353526,0.2608316177242579,0.24424034656064125,0.19053988049318246,-0.09829047734254817,-0.06684256414704177,0.0007230664591198127,0.04567187207566635,-0.023551698795345716,-0.05090771316537863,-0.16895744224369713,-0.13513217417502407,0.026715114553994897,-0.0020295160841203833,-0.04793419364851849,-0.11916536949882912,-0.10647883980699968,-0.22554195748332703,-0.1281927446854159,0.12204850570829928,-0.0715872313036651,-0.04770595297329128
#50,0.07762374068207444,0.14047300597534088,-0.22068499591449192,-0.0897570149771531,-0.03602185632705976,-0.16800339622124738,0.19629337143431005,0.4251101261257971,1.0,0.2331286775278796,0.31603482039741265,0.17785700265215665,0.1546020167346063,0.31934431018820725,0.07018035578156455,0.18126144056384577,-0.13214861206845394,-0.17069572322622759,0.03381339955356124,0.07052271679440536,0.16742914268237571,-0.10986684439007244,-0.02594000922092328,0.20808793656735153,-0.21089529687264627,-0.18968169555432812,-0.2677244861161197,-0.2502458152072197,-0.025849625913533302,-0.18036125934074965,-0.10171226154555456,-0.13280777113851014,-0.2909940794368846,-0.188130571925484,-0.039569629382791564,-0.10938388712129166,-0.23291869610667057,-0.12677856546170807,-0.018203563293421647,0.1503713475785947,-0.006018250124391168,0.08998160380157669,-0.14080258551036898,0.08081089347094725,0.11268424728507717,0.2001871573536863,-0.3634367567913013,-0.30517330314470004,-0.38754992764770596,-0.1785325950508292,-0.19431224237333783,-0.07260518471517846,-0.11428467089977039,0.1043461589376766,0.0853227551388388,0.17811263220841111,-0.06728169920617894,-0.1514760324466944,-0.3318025992048095,0.07163287943871054,0.007351175667718095,-0.16532111180597717,0.026400142422181343,0.09717301099663574,-0.13849735469057411,0.039003592508228074,0.002532558532321162,0.1810797609863649,0.0053782632710540615,-0.008800960436761356,0.1483518740841843,0.0504001059036733,-0.03680609128714046,-0.21740198204202368,-0.08905951147365875,-0.2579201796710595,-0.2502339466921079,-0.23388643656963395,-0.11521863174280014,-0.08063743055777456,0.15625630514865316,-0.1049121958122401,0.16160717953867995,0.2506995576695714,0.07748953516504083,-0.04251393409322262,-0.05689127070713526,-0.004507296854387014,0.062130763647651174,-0.14620915062515122,0.08432123505594179,0.16164734989751994,0.11219398631468912,-0.02063934777944647,0.005497861384873121,-0.2867414991760512,-0.08130024147863439,-0.28015812513979743,-0.20189074575358223,-0.3706263380609585,-0.3433817051404365,-0.17987830207196884,-0.2892923169623905,-0.25171385923028117,-0.32723322088676066,-0.41405962559399634,-0.40399603774187803,-0.22803617158221,0.044191959537493095,0.01125135232600072,0.08856285976436433
#51,0.6232741581342695,0.5529249042530368,0.5183601363966275,0.5563549051203514,0.08707655648728471,0.34130927980937337,0.33950983032588206,0.46257081166948927,0.2331286775278796,1.0,0.6032638416557492,0.18098024805196583,0.30151414863945736,0.005045944847923238,0.09428804886176376,0.05355256610991158,0.6557911506525401,0.35807949166236813,-0.0305513838232139,-0.07735532964800723,0.1188942195766592,0.16153505548530814,0.23861740928574363,0.3444425677988926,0.08563407541984872,0.04705135871673963,0.06281092085982827,-0.005445822510921316,0.16209378865826438,0.25682553739266983,0.11750651627127774,0.02495035765313808,0.08487175156458983,0.07860061077204691,0.20148995512788326,0.10856222069047369,-0.03311041827386142,-0.10782819867894297,-0.12528039366951663,0.09877252164862804,0.19825258939046045,0.18401676199518868,-0.18787037755572497,-0.011433031903481583,-0.038548937083175465,-0.26971109295329737,-0.11998429704154437,-0.10606526770348797,-0.1632943346099595,-0.12163402064208667,0.05838944249932669,0.16642123186057234,0.27827924790132696,0.3096860777752925,0.2520169628469829,0.16192671648399803,-0.20021819808551722,-0.31322654712941705,-0.20757119967863713,-0.06775096203444608,-0.14091396695987984,-0.19168382275742124,-0.1696750309266115,-0.13717264581155536,0.12173901135269119,0.12317144983041718,-0.17996320760315337,-0.2068873906156564,0.2356566712466962,0.28400808884953005,0.49643351120889956,0.49510058566557263,0.34828705373241975,0.03068741526564932,-0.10483368101996193,0.13589267210488115,-0.17516924046068097,0.023838369083431097,-0.11263768618733082,-0.04387790036838045,-0.09849589395025267,0.12606097677879372,0.03790803726713745,0.07537054873623138,0.12137382627232765,-0.06123423427535868,-0.044374552077674864,0.09427800627205375,0.2236539506178475,-0.1684589646090009,0.11125272177005209,0.3225743722240228,0.20657333144654375,-0.018388894721706146,-0.13623229422961924,0.35217262298748786,0.1925054891882392,0.29092560723431643,0.2617774470823995,0.13271830079382108,-0.01451154213094624,0.17270332820552617,0.1811628405921476,0.026739764546919436,0.05180698142577385,0.09029018519448388,-0.00777844221174344,-0.21442298474895807,-0.026413836862694974,-0.2891197670119187,-0.2700817558098664
#52,0.5070877859285059,0.261711713767934,0.23173458348359177,0.3703679696166013,0.2192187778168323,0.3743886573514039,0.3130686045821598,0.442921115457828,0.31603482039741265,0.6032638416557492,1.0,0.29133187563622087,0.3891439605234928,0.07725581671360816,-0.02556569451355065,0.043959154048761336,0.29712462397348754,0.1585304952366171,0.04293663582374342,0.07274030319491297,-0.029825578475991363,-0.020195647906804767,-0.1249882456052258,0.17117228975610202,-0.18222005139980005,0.02352613583972027,-0.2858349272140487,-0.28370042041932375,0.13514130380203318,0.3572824752244747,-0.10689971561211867,0.10564256597296717,-0.17349212797911143,0.0951078893671799,0.21688615811601017,0.27058388529536626,-0.10585437331957803,0.03533987318948084,-0.1530244171874358,-0.033949430995996656,0.35184395641516064,0.21414087927437725,-0.02611529805949778,0.15776269360515277,-0.10958656484089342,-0.12759110226551695,-0.39302679089045817,-0.3470664226013046,-0.4390556313821799,-0.352802567251115,-0.2077437496291089,-0.06383709093564982,0.10445754038718748,0.24117005299748479,0.086642899204353,0.06719314182419077,-0.2625507264900693,-0.1955356123925557,-0.13094532722865607,-0.19041571756585884,-0.021485664203188978,-0.19357365554830258,0.0581949814440331,0.03461771969306194,-0.1808816480802677,-0.038533416717260016,0.03748533553661665,-0.0613081842541323,0.19195679860499298,0.27672264649627737,0.34059625593996357,0.40618440933595656,0.18540446530057014,0.006517640721788311,-0.05736144649810332,0.11215746780665276,-0.27811674054056523,-0.2241770782454683,0.014395595867930816,0.10066874517841573,0.053741549388999714,0.32498550671712306,-0.09310393623868497,0.3054709289851963,0.29393838414731566,-0.14296722007422386,-0.1518877786248043,0.2701849205950691,0.34398882533654085,-0.03760767253853844,0.3154295261267101,0.3278759466282005,0.21727599318929824,-0.033722103283470355,-0.07708600565123912,0.06321079852282635,0.04592019793031356,-0.0794460142330885,0.04116457522127934,-0.04783376775141852,-0.15628369402968043,0.06583100147443476,0.11646756471764345,-0.09744598684420748,-0.068743352490334,-0.18030009083978873,-0.1889549772444047,-0.276576572464132,0.12060967649166693,-0.1451355064888824,-0.23582283045826163
#53,0.1195132082878754,-0.04794606216363031,-0.053164556962025315,-0.0357169267849562,0.4620787247736994,0.4923753920033597,0.15092825482614908,0.21791141522913082,0.17785700265215665,0.18098024805196583,0.29133187563622087,1.0,0.49738938315675113,0.045734866502029056,-0.22672972195720945,-0.053493223534352506,0.18795984790041403,-0.1092341612383426,-0.34934152565196946,-0.28851721162931887,-0.206681061045251,-0.3439093975815618,-0.14359259952434644,0.04144668069586017,-0.29063619805812835,-0.1538816891635892,-0.3335016227912009,-0.40175836616195043,0.15181017679522704,0.34019363938886277,0.1465998986611402,0.05788457412572409,-0.19481984963504317,-0.1404538337586218,0.23764236512117298,0.2549567027439094,-0.061391263859915,-0.07055467048893717,0.11029776278490143,-0.17170363404803096,0.39850000228240673,0.1611269611580019,0.25193114435309744,-0.05551908776766925,0.08666572327187573,0.04763565484532129,-0.45060278362327505,-0.41791141522913083,-0.46228322841870295,-0.2706916148940735,-0.2892749706710732,-0.08420894064373,-0.055684334016533756,-0.0348304400023737,0.03467249745511647,0.02950147671716872,-0.1945468737874714,-0.13764556049062615,0.2311265503247865,0.027513043954589235,0.0014032236712969092,-0.2527400293061027,-0.06871322472120402,0.2902737518658675,-0.36976267534589874,-0.4020788160699695,0.050590002145462346,-0.06305924671447548,-0.1902879027877316,0.08651325850082395,-0.10113800800668289,0.007102849813070887,-0.15043890681846192,-0.03200025562955625,-0.16325599017652134,0.1223068741526565,-0.2562768468094236,-0.019407761095920427,0.08454491091766446,0.17628122903038795,0.31693956643401333,0.3899345862224799,0.022977445256474046,0.5575052381234965,0.42554378340872884,-0.02496587801905353,-0.22354804694454208,0.40896255483482225,0.44656018478365067,0.20820662171846968,0.3874348943473914,0.28238849301811775,0.2245614355425509,0.11003665545244148,0.12112367449227862,-0.11320920083809977,-0.16319938648906498,-0.13661117375049642,-0.31433762273642313,-0.15814613793953447,-0.14039905599656727,0.3832562640653316,0.09734829983521023,-0.1603335965709121,-0.23762775771795844,-0.31241218440020635,-0.34258194981444035,-0.20562476320029946,0.025912620339896015,0.016658830403483867,-0.017160959888983737
#54,0.32240364819895284,0.03911223506963623,0.16096445379724011,0.10950987597401708,0.23740043000543212,0.4795601345707021,0.18728608142714329,0.34761693910995267,0.1546020167346063,0.30151414863945736,0.3891439605234928,0.49738938315675113,1.0,0.03408089762492753,-0.22964663778661323,-0.11948673236954904,0.2959843335600524,0.0991395326543934,-0.13930350075547662,-0.21029365445274734,-0.07499714699155965,-0.18291755490329442,-0.01585907507748771,0.203205412042891,-0.17356607795788503,0.006649107350719187,0.011047761643698046,-0.011048674606398955,0.3210378559983932,0.3757471458503563,0.22030611639361475,0.010992070918942607,0.03516184546280362,-0.049231513646509975,0.21144763930669613,0.12382147927346428,-0.09289486778017685,-0.20576262056813668,0.2204248015447329,-0.07037025202335359,0.4191347852483487,0.20646012407163106,0.08835470426855711,-0.0951398430617117,0.05057722066764962,-0.08843504498623708,-0.16786279996530742,-0.14695321522639193,-0.254089388178046,-0.05291896999548083,0.02047410153058197,0.18195711814193832,0.27903061620417496,0.26872691916171765,0.27460457303016883,0.06986994846325553,-0.15208132671739696,-0.2759064578416649,0.0035258619509099956,-0.0817129006194452,-0.29539821150606893,-0.3904777990295206,-0.1476005057813363,0.035380956511021744,-0.0012261089073205913,-0.047066879082655076,-0.019322855564735904,-0.04924338216162179,-0.07738089260363268,0.006087635289660241,0.14867141102950238,0.08804977472645355,0.12182848169738025,0.07827285716242063,-0.18263088461520904,0.08247887632550772,-0.38650002054166077,-0.09211976244710522,0.09419949147977559,0.2285711677249426,0.2777250795418753,0.3965225250722382,0.2157230436350523,0.3415146964170779,0.23075862635632022,-0.2751505247253124,-0.36593644866638975,0.30572564557874987,0.32552963248686473,0.09004094637713576,0.3374218846289035,0.15033756795866104,0.26523301090533946,-0.2501280430188025,-0.2065788092227492,0.01957300734478493,0.02635540724983681,0.13698274956976633,-0.010531937717684544,0.023485965480880278,-0.01700484326712832,0.40626201116553384,0.20805963472362338,-0.1135013489023906,-0.030912917052773808,-0.03713019304596311,-0.0781349997945834,-0.20748994599825624,-0.1611589148525337,-0.3397663728448374,-0.32605002122638277
#58,-0.03621540441965244,-0.08108021746771536,-0.09047551662276837,-0.04905713777063638,0.09173905700082623,-0.18076935366805588,0.14045200783321998,0.29597063911953875,0.31934431018820725,0.005045944847923238,0.07725581671360816,0.045734866502029056,0.03408089762492753,1.0,-0.15739203074858377,-0.0035258619509099956,-0.1561686607293659,-0.029441221178908735,-0.09209876430498432,0.09594416320121242,-0.0029771713676637742,-0.06829143595338412,-0.344748410303697,-0.16463730274299643,-0.18004537424623518,-0.13167478442668223,-0.3455436008161887,-0.2695303263385174,0.03771996695075023,-0.05476041576321399,0.007065418342333624,-0.1020363633043772,-0.20254077519662933,-0.1751610237963728,0.09550776703017798,-0.1803384352732269,-0.18168505525706746,-0.12680686730543625,0.016253474964280333,-0.0016816772950741098,0.012062976167108693,0.03702428937265768,-0.11497030588815293,0.013967416361204563,-0.037383996676815766,0.1920188800686548,-0.15385612620796377,-0.14537926753002506,-0.29139943487608816,-0.32193986314689116,-0.19090963038705053,-0.28840856906791074,-0.3665654799673159,-0.2821136912451442,-0.2155267566543569,-0.14600738586825035,-0.08997977787617487,-0.19320755750523813,-0.05988761429151812,-0.0005149109633125939,0.16993796418447324,-0.004664326438943337,0.22230459174590422,0.3016145745365573,-0.2770394445534928,-0.24736724381125408,0.5474078706514446,0.19733049706254252,0.09980325653795415,0.13663856263152369,0.06496733875937498,0.004326530239607061,0.22647500536365586,0.018131439240049847,0.08865963381066067,-0.026710549740490353,-0.07289733277946929,-0.05521689711366842,-0.01806570592558441,-0.06845942109035136,0.10758626356320213,-0.07217152743224675,-0.07145941652553785,0.3125208269616145,0.2516271277736948,0.26025279937188167,0.054201682590257774,0.05492109719857395,-0.012126883556172313,0.027360579183537456,0.09717574988473845,0.20524223182861864,0.12078040051673689,0.11102265516942306,0.14769545390223082,-0.23799202983562107,-0.034742795583086454,-0.07864717186979325,-0.1637060807880694,-0.1992066354129102,-0.2736404844180091,-0.11804790315291669,-0.19695709531787078,0.06863744881702857,-0.04680759767559697,-0.13786467153884427,-0.05738883537913059,0.09079961838159102,0.1559741996740723,0.1457444526103886,0.17848877284118558
#101,-0.09321623065089676,0.0713617295165406,-0.04673638658492607,0.0520078332199738,-0.42118712539999176,-0.3453537045743996,-0.14768084649901628,-0.0898592667996549,0.07018035578156455,0.09428804886176376,-0.02556569451355065,-0.22672972195720945,-0.22964663778661323,-0.15739203074858377,1.0,0.3051915623987182,-0.03753554848516664,-0.21689163589221563,0.31747638850214777,0.11625849625913533,0.5563074310599041,0.3227058388529537,0.5231285405834745,0.0996124473334642,0.43500116402744365,0.015854510263983164,0.13626242199874924,0.06615327730785558,-0.051787809209054764,-0.44288003213628707,-0.12490425303674219,-0.05224246463410737,-0.07262161804379481,-0.13042128663833438,-0.08198039869081149,-0.11727736263334962,0.09748615720304747,0.11028863315789234,-0.026563562745644028,0.02765181428512738,-0.3994147909087174,-0.19607517334879285,-0.27479812112276153,0.015852684338581346,-0.07709787416635093,-0.10301323339434967,0.036225447009362435,0.035458558340598995,0.022782071238479553,0.04483285935353111,0.19823889494994681,0.1569108994052048,0.004311922836392519,-0.029739759982105932,0.12991459233932998,-0.036501161745036904,0.09758658310014745,0.14042827080299633,-0.3327639489288665,0.03873061666065633,0.01983502763994577,-0.05401178634846873,0.32315045168829626,-0.03230609813436072,-0.08014443069928379,0.020841112536347326,-0.09750076460626202,0.21680490443562928,0.48936991879196773,0.2522634627762283,0.2032264101850119,0.16071247609178926,0.14088657807885258,-0.18441663965818678,0.05038823738856149,-0.3271592709079871,0.06429631117420698,-0.17039627146032948,0.12157193917842486,-0.21297319997991482,-0.16383389556619665,-0.4893954817475932,0.1637672492890303,-0.4085928049409541,-0.4332784034108286,-0.10680294156582233,0.09050290550379564,-0.46255255241547105,-0.4439335910931359,-0.26588304034838656,-0.32009841737915795,-0.3734811724267005,-0.11927309909753638,-0.05632888568337541,0.1285040649664258,0.1443101882072608,-0.057326753915468785,-0.03568679901582621,-0.0008600108642561409,-0.05853734245687393,-0.1787818338681773,-0.3747091072594229,-0.28418063880000183,-0.19448205343570688,-0.08462707756074625,-0.024348715233239147,-0.11426823757115404,-0.19196136341849754,-0.06259272277431105,0.011653055914400617,0.06922265790831116
#102,-0.08543322362564877,0.01555597146078597,-0.1667782002766277,-0.13265895821826199,-0.1764492141673552,-0.28260212629013043,0.2864703492538812,-0.0634436040115581,0.18126144056384577,0.05355256610991158,0.043959154048761336,-0.053493223534352506,-0.11948673236954904,-0.0035258619509099956,0.3051915623987182,1.0,-0.23030670981937032,-0.1315478826112559,0.16966316241149967,0.2729731086836447,0.03657693764921234,0.41870660574162244,0.08942104470321866,0.3273208653060479,0.02425924488855008,0.16251831631418698,-0.2593599218503928,-0.06047099745739888,-0.12745507082308152,-0.1108738422491749,-0.17436492032118028,-0.25767459270451504,-0.3746360702433502,-0.21253406492077767,-0.21024618039230009,-0.21533503448716604,-0.10294567415448241,0.024189859723281006,-0.4260869962157696,0.11122807177712754,-0.17450003880091478,0.02478328547887176,-0.15973925785262044,0.13982206356959287,-0.2655744589554794,0.11761241994458316,-0.16564795245290254,-0.20211076976450126,-0.25253187381029546,-0.15546385352426426,-0.2350157714306582,-0.2156417899546714,-0.12620887673634093,0.20424345063382435,-0.07727864078113089,0.44509579261139287,-0.30748583766610216,0.17787708783157663,-0.4180647929628835,0.07446032492342525,-0.06486143508606956,-0.19226355407249837,0.13266626191986927,0.13891366568218855,-0.025521872303907026,0.1276166652211424,-0.0374077337070394,0.08918367440098235,0.3027603427261979,0.14606033770490306,0.1976792488142897,0.18622795765678993,-0.04784746219193215,-0.19468929596881318,-0.29274788078533054,-0.26443051669124057,-0.11022381280612781,-0.08194844499627968,-0.16974898090538512,0.1443001456175508,-0.12449981056023957,-0.188440979243793,0.06773087685502609,-0.16461082682467007,-0.13234489904914934,-0.08099896378733447,0.027879141997653685,-0.24726316606335047,-0.10985497587496063,-0.1713137989747429,-0.13932997667380298,-0.15483299629793626,0.08528075885459699,0.1998950092893955,0.1907516878397933,-0.24444758909374759,0.17524410340215552,-0.28710120648020926,-0.2009777830526734,-0.3831713585341471,-0.28932792250772593,-0.3064788398069997,-0.2855774717323924,-0.4111901838250398,-0.37571154030502085,-0.35577152195447054,-0.31575545381093456,-0.18206667366604737,-0.13249645085750023,0.15655210506374762,0.2922083198290934
#201,0.49323814175571856,0.36102744822360283,0.5798929094751833,0.5102831553816869,0.054529436199884054,0.5687940219202344,-0.010484463657237283,0.14480775287925612,-0.13214861206845394,0.6557911506525401,0.29712462397348754,0.18795984790041403,0.2959843335600524,-0.1561686607293659,-0.03753554848516664,-0.23030670981937032,1.0,0.42653708682731767,-0.1559732867113714,-0.23561558792515533,0.07831302752126063,0.09334130654092127,0.292773443740956,0.15574961084964875,0.17714123989464411,-0.008747095637407734,0.3460986821383412,0.176821702949326,0.22764998835972555,0.3245436327698832,0.33717355877425625,0.16994709381148232,0.46122053983484507,0.21358762387762648,0.23739038741572213,0.20267863256446658,0.13352170797062085,-0.08552086804493603,0.06034044379116891,-0.02771754759959282,0.20598720939256027,0.08933979102283776,0.00010225182250179169,-0.09607289094204056,0.0057343187244085145,-0.46703519927693354,0.22569168336627607,0.1962458973738628,0.22884779542331798,0.21005628415051103,0.3733350983945551,0.3700183049021532,0.45136328155313216,0.24576499427115905,0.17408281484659943,0.13511574084640773,-0.14996690510209204,-0.20375045077533357,0.06387726129448981,-0.017864854131384462,-0.2320157759954717,-0.16726572235891302,-0.2532841550758444,-0.1366285200418137,0.150127586537452,0.07966512528130663,-0.188440979243793,-0.22284232677673954,0.1333409413558409,0.2635230317665372,0.369719766098956,0.36440267132886284,0.24615026453094258,0.12365440709919796,-0.0018003624461922609,0.31526884469135014,-0.0772284278325809,0.19535484577777576,0.07289002907786202,0.024869103972757194,-0.1293275573226456,0.2271286866575066,-0.027578777269054673,-0.06300446895242096,0.008991769641251307,-0.048708386018889195,-0.0815595228856925,0.13751865867519983,0.22209461032469519,0.00792086439308522,-0.01847106136478794,0.19696166013137534,0.06724244181003985,-0.07544997649121045,-0.22766733465104283,0.49451446361158913,0.08569706984621143,0.5911844321600241,0.3967425490831572,0.46125249352937686,0.3592106524487942,0.46490160544490955,0.3627903791990578,0.3230472869030936,0.349216449761945,0.4335742033259231,0.2992655215071188,-0.22616459804534686,-0.21758457458220545,-0.45532462671237567,-0.5061775621156998
