,#10,#11,#12,#13,#17,#18,#26,#49,#50,#51,#52,#53,#54,#58,#101,#102,#201,#202,#301,#302,#401,#402,#501,#502,#601,#602,#701,#702,#801,#802,#901,#902,#1001,#1002,#1101,#1102,#1201,#1202,#1301,#1302,#1401,#1402,#1501,#1502,#1601,#1602,#1701,#1702,#1801,#1802,#1901,#1902,#2001,#2002,#2101,#2102,#2201,#2202,#2301,#2302,#2401,#2402,#2501,#2502,#2601,#2602,#2701,#2702,#2801,#2802,#2901,#2902,#3001,#3002,#3101,#3102,#3201,#3202,#3301,#3302,#3401,#3402,#3455,#3501,#3502,#3601,#3602,#3701,#3702,#3801,#3802,#3901,#3902,#4001,#4002,#4101,#4102,#4201,#4202,#4301,#4302,#4401,#4402,#4501,#4502,#4601,#4602,#4701,#4702,#4801,#4802
#10,1.0,0.41797714854359624,0.3074319728667485,0.53305883588126,-0.06845850812765045,-0.030701109706162955,0.29325457508433495,0.5353485463351395,0.3475365983922727,0.5559002496952987,0.308148648586962,-0.049768335714644375,-0.14145352791611698,-0.04405045031885222,0.24062866611584582,0.29188421807027076,0.36431228802147286,-0.05416151223141778,0.16213304605440346,-0.053692249403150635,0.19236763182040198,0.20949298616405027,0.13959382289436564,0.1727489763405716,0.03890042772302538,0.15375296142276107,-0.1236379737705816,-0.16834667019678912,-0.06904828203243757,0.012276609439121365,-0.39617925109669644,-0.015893767660122245,-0.2519539684206202,-0.06439491114590513,-0.004586724609366084,-0.04159184176530468,-0.05965937361629091,-0.11580657972218546,-0.017639352344259975,0.09156650705035446,0.31611698704049446,0.09138756636097632,0.051937535092003814,-0.15385430028256195,-0.2881766765418799,-0.10232668544326622,-0.2103721692450255,-0.1930824816152136,-0.1608393779072156,-0.30001141203376136,-0.19780888951781875,-0.10063222667037938,-0.2517613332907284,-0.03561011014894987,0.04232403785143358,0.16164004619591266,-0.40305751208534374,-0.24441654836191667,-0.5254985917550339,-0.38927451418972275,-0.002176503078966709,-0.2778127239611626,-0.05600478392455276,-0.19243792994837197,-0.10211579105935627,0.15080044004802184,-0.13705669954853994,-0.20965914537561567,0.1978015858162115,0.10130142833014558,0.20881921969077955,0.39183628752847305,0.3732638873038842,0.30278773160722516,0.06431000561472061,-0.06783860645373334,-0.05943934960537187,-0.32034035249489884,0.09512614862119809,0.15604084595123865,-0.3339489745146462,-0.3547243537365281,-0.11651869062889436,0.011034067203184414,-0.2258687981302524,-0.0074945108117607856,-0.27662495948728016,-0.08946030209935774,-0.089828226067824,-0.23549233796053262,-0.15934120611502417,-0.21554410294567417,-0.21653466747616026,-0.18866374214281476,-0.20617345378354568,-0.09926552150711883,-0.06632217540752372,-0.11779501248476494,-0.003549598981133626,-0.1078418931194566,-0.15124961769686898,-0.3014904116092337,-0.07410609539547262,-0.2079382106844025,-0.24112896967594388,-0.258356575842094,-0.1776881045524885,-0.2332117571336623,-0.09103242387032277,-0.16006062072334035,-0.3787973542340928
#11,0.41797714854359624,1.0,0.2763839373342402,0.3548503425892535,-0.28721806570592556,-0.10970890184281522,0.2681672730260605,0.3899884510218335,0.5496354996416621,0.4688456043128358,0.4874499582319564,-0.1776671064103676,-0.25693417995407797,-0.20555172618422674,0.31106191256556215,0.3450314287409788,0.24794971401443394,0.07305892717753017,0.2390674998972917,0.2546052121040595,0.26543660158764215,0.33877763423975316,0.41368074607311917,0.20217924196706943,0.04212501198263545,0.3434611328954156,-0.05584227656379099,-0.16568355799823797,-0.059501431069033675,0.0780217924196707,-0.13093345871354425,0.10897122798048085,-0.20003012776912998,0.14098517805055075,0.08183341169596516,0.1007271747912739,-0.038250398279978275,-0.07497340996133603,-0.10016570273021495,0.10767116909438665,0.14046296338563088,0.04971173202718803,-0.11762246253429316,-0.0755056672159659,0.0021408975336312634,-0.12347637937252073,-0.255451528527802,-0.4037614063277445,-0.14998881620691387,-0.3629921439559587,-0.3847279599391967,-0.25990222169473265,-0.3252055307280421,-0.15169605645761342,0.004832311575910566,0.03583652489877526,-0.3044228478045529,-0.226674031232454,-0.2865799047779903,-0.37276175781838433,-0.19613725481245464,-0.3225670685224155,-0.32649098221092177,-0.28828623206598897,-0.07232946997950399,0.18038590933367418,-0.29506863197104083,-0.44965238945162894,0.1718287099380555,0.11444352640972853,0.2939493396997266,0.24753431598552042,0.028957350947427043,0.11934978796441272,-0.07457992303724431,-0.18656940570692984,-0.30151780049026095,-0.461812139665034,-0.012827125947769405,0.10985588883766154,-0.18197811628405922,-0.35179283050390975,-0.2755093190667695,-0.08526432552598064,-0.3368065477684909,-0.14621645432675848,-0.24025891622197776,-0.03081523004377656,-0.1553342128207352,-0.23686360793729772,-0.332848854460051,-0.19637279918928913,-0.32791976883784413,-0.22985479328242045,-0.04454345017734301,0.15629921439559588,0.335383238917774,-0.10242072060145983,0.130885984653097,-0.08331332423413841,-0.23954954420337157,-0.14805790009449163,0.0217148178411171,-0.12207772051472837,-0.18887554948942561,-0.2736322677537009,-0.2431320098417379,-0.25292901258519085,-0.15428704460279274,-0.2926638882168469,-0.35489599072429895
#12,0.3074319728667485,0.2763839373342402,1.0,0.3899711047305162,0.04337577088288058,0.11294900646834073,0.21811226702333075,0.07808935165953795,0.2927150141280978,0.3698512327278869,0.25596461356571276,-0.11103087183373123,-0.09202024951270615,-0.13591640913510478,0.14499217134483972,0.23125801695371737,0.5296215313123382,0.5372538994919362,-0.08666937512267936,-0.30927067974637895,-0.024724855866013595,-0.0951279745465999,0.1003446434195931,0.07575125418251037,0.13633454605212103,-0.11316537862845613,-0.03655959135789507,-0.022376715799276022,-0.020923279179429124,-0.13482724463292053,0.15137834543769715,0.009517636156974808,0.07608539853104301,0.1021906540008308,-0.2735765770289455,-0.2811751655886099,-0.22427841710526916,-0.09688725367125126,0.056958829947002514,0.210227008175581,0.09097490722016552,0.1000461046163959,-0.16557856728763345,-0.2945911524784655,-0.09361154350039029,-0.22262960646742777,0.01379395344803188,0.013321951731662002,-0.006954949855523653,-0.081073826728809,0.1250275030013649,0.12052111910967878,0.10938114823318894,0.14171828709938056,0.07437724531764255,0.24395367627255587,-0.28165355804388614,-0.28145727106319074,-0.16416621398932746,-0.10022869715657767,-0.14320550333916107,-0.21508031789361245,-0.1740882926228049,-0.1015415375204846,0.022828632336225903,0.07687876311813281,-0.07603518558249303,-0.06347007992988446,0.1028918093551288,0.029784495154450464,0.31844778081591474,0.31560298903988276,0.1775648545878658,0.17806607111066478,-0.09092012945811098,-0.16531928588057535,-0.030308535744772148,-0.00046104616395897146,0.16649426887664504,0.010027069344081948,-0.0994590695997115,-0.19725654708376889,-0.1531148004948258,-0.006849046182218226,-0.174417872157833,-0.11207438820087005,-0.11825879753682664,0.13862608243140226,-0.12954484244546188,-0.1555807127499806,-0.17130649527313563,-0.046755558801645156,-0.16802256843796648,-0.1885341014392857,-0.0654740330583794,0.34821675560444976,0.11627310366234987,0.24899962112047913,0.24334016533754513,-0.013583059064121935,0.09185865511464529,0.21966612954027764,0.19556939201248932,0.1681814239479246,0.3022016095532417,-0.014820123523853432,0.2165784896858039,-0.1647477712298064,-0.1639215399854839,-0.18786946459302406,-0.20049939059739713
#13,0.53305883588126,0.3548503425892535,0.3899711047305162,1.0,0.0703519927693354,0.13770946787968977,0.305795030744019,0.3764373456522434,0.33071434766532615,0.5667206836264704,0.42621481099389685,-0.06152364345154679,0.10978376478428974,0.06698133447757992,0.05002122638279613,0.06130727129143139,0.38324256962481795,-0.09962796769937964,0.019096440814910506,-0.003740408185623576,0.08282854103995581,0.13777063638065068,0.07746671109751811,0.17446260733017752,0.09233522164451971,0.14408833827093995,0.080012051107652,0.027784193876759164,0.012625361190868547,0.02126016241606449,0.01040686182766003,-0.025913533302596922,-0.014153660752189968,0.09061885176681107,0.2083106994663733,-0.032074205608329874,0.08701082317281927,0.07394541396011266,0.014978066071110664,0.192327461461562,0.18776447388241954,0.0844773516777972,0.14093222621389803,0.03340347930085316,-0.13462547987601967,0.032656675811509724,0.07205832005733406,-0.02850452144777625,0.03904832768057261,-0.13624507570743197,0.04190772685981914,-0.0922713142554561,-0.02103831247974364,-0.04264083590864895,-0.07854309412188965,0.07565813198701767,-0.251355064888824,-0.2077419237037071,-0.27230573294928034,-0.24073365682645034,-0.00865488640461594,-0.28464716274016627,-0.05527989154003113,-0.1788110486746064,0.15152168058173984,0.15536890540336976,-0.06209424513961482,-0.09327374730105402,0.039365125737787984,-0.04580790351810177,0.026722418255602166,0.20696681837063546,0.0980868866602455,0.20515002259582685,-0.04841806388000018,-0.17893521160193002,-0.265348044205654,-0.39516951434949127,-0.09176279403104987,0.01662322485814842,-0.10957652225118343,-0.18951827523086545,-0.09311580475379679,0.006900172093469121,0.007624151515289843,-0.02445827075734821,-0.23718314488261583,-0.09139395709988268,-0.060559554839387034,-0.15979951339088042,-0.23050573568816846,-0.09782121451428102,-0.16219604048076616,-0.20445982279393976,-0.11076154783696313,-0.1582082194031963,0.04029360880461229,-0.06762953799522521,0.033427216331076794,-0.07297858645985018,-0.03813536497966376,-0.18586185961372548,0.026978960774557557,-0.09692103329118489,-0.1306787421199907,-0.15080135301072276,-0.0212300346469345,-0.07206105894543678,-0.21131434675236344,-0.2513276760077967,-0.38225017916893006
#17,-0.06845850812765045,-0.28721806570592556,0.04337577088288058,0.0703519927693354,1.0,0.4166862192845111,0.09418762296466378,-0.11170737719510469,-0.15088351965380453,-0.061292663888216845,-0.10141920051856282,0.514528431940913,0.41309005920563113,0.46228140249330113,-0.5008093414343557,-0.3816467108236293,-0.04588733127308084,-0.18652010572108077,-0.5165068221137825,-0.3227633555031109,-0.5490292924082587,-0.5313232937868323,-0.3646163046008755,0.0032446694390300683,-0.16972433091246056,-0.32439481984963503,0.003232800923918253,0.16368051783244394,-0.19946409089456651,-0.12632482299935635,0.1521580155842733,-0.13081203467432337,0.20368563042356905,-0.023386452546481213,-0.1042840774740148,-0.1785517672675483,-0.07258601249845938,0.04244363596525264,0.007832307011097061,-0.05545244149050291,-0.047099745739887795,0.22422272638051371,0.21159736518964517,-0.010154884122209187,0.15675113093254575,0.2444284168770285,0.28575184760826594,0.40619080007486297,0.10008901386333861,0.2787366422144823,0.40071484979481165,0.24910735071918635,0.2991422715424961,0.18493794136040573,-0.20041722395431535,-0.05579023768983918,0.007417821944884441,0.011748004035295138,0.3329511062825528,0.474082358365249,0.16567716725933163,0.13427581516157158,0.20387004888915264,0.3538086521475165,0.018801553862516945,-0.08286597251069308,0.29344629725152577,0.4436843522757878,-0.3320536639475594,-0.14365833283881188,-0.3221498445681002,-0.16070882424098565,-0.07645697435031291,-0.026169162858851402,0.011201139377450734,0.07845362377720058,0.134321463296617,0.42295462118895133,-0.06507050354457769,-0.1386808601934568,0.22195492703145614,0.39868807259879396,0.20721149237447903,0.210867907991619,0.3475557706089918,0.3538999484176074,0.15937133388415417,0.1507557048756773,0.4733474233910174,0.2490297488896091,0.4492534247513318,0.3345150113892097,0.46272418940324195,0.16980284570473872,0.2192096481898232,-0.09862188280297808,-0.08642196223073306,0.1475612483851972,0.04256414704177261,0.1746470257957611,0.25925493113978826,0.17871062277750643,0.049795724595671643,0.24753705487362312,0.24722299570451048,0.20013968329323906,0.37025750112979133,0.36444284168770286,0.36435976208192017,0.14561389894415863,0.19110683033044684
#18,-0.030701109706162955,-0.10970890184281522,0.11294900646834073,0.13770946787968977,0.4166862192845111,1.0,0.10415534973318664,-0.255401315579252,0.07806013685310886,-0.03879087219891631,-0.06933586528322386,0.28415416288167544,0.49439486549777006,0.27191224602518865,-0.3750779441905901,-0.20849968274546143,0.02170934006491165,0.08789639699270087,-0.4925899382380733,-0.08976888349226492,-0.3071334340635513,-0.31967297676053447,-0.17737313242067496,0.03561650088785623,-0.3154998242546801,-0.2235307006532248,0.2039905599656726,0.31860207151236836,0.03288765537483966,-0.057442700178484206,0.22399722459338925,-0.09638695011115321,0.04202641201093729,-0.1489918609375214,0.030046515449611306,-0.09895876603961345,-0.12501015671004762,-0.024718465127107233,-0.033316747844266824,-0.06333130959934632,-0.07435350828741892,0.09151538113910357,0.19213847818247384,0.10125212834429649,0.05619650609174362,0.07421565091958168,0.385235567200902,0.4305367764199994,0.42911255460658154,0.3605070594840848,0.34282205900477936,0.2438632929651659,0.25008787265996246,0.17096230833489298,-0.35513336102653525,-0.10226186509150169,0.02527719830006345,0.10180264485294453,0.18328821775986343,0.1292472166049656,-0.02562138523830609,-0.0241168227072083,0.21686242108578654,0.12763218558705783,0.21036851739422185,0.11780688099987675,0.14799490566812892,0.14948212190790947,-0.3236799700548234,0.04333012274783514,-0.12465227533129133,0.03868040371210634,-0.17606029205676801,0.11245509364714905,-0.07703944455349276,0.1444434807615935,-0.050183733743557904,0.14670123752094108,-0.1734373502170569,-0.019910803544121204,0.424800631770189,0.356177790356375,0.27984771782148843,0.03760675957583753,0.29705889065902213,0.1299675441759827,-0.04201271757042366,0.05648043749172627,0.28274728735957494,0.1838515157463242,0.2095377213363948,0.0029872139573737717,0.22685023303372942,-0.009230965868889426,-0.07227012740394491,-0.1246887938393277,-0.04045337727727134,0.20666736660473736,-0.05271264042507543,0.285200418136917,0.3627492958775169,0.16354357342730763,0.1651394322284963,0.34221311288327316,0.1704793510661122,0.3011809172536256,0.25889065902212566,0.17896168752025635,0.2829490521164758,-0.06782126016241606,-0.006704798075474626
#26,0.29325457508433495,0.2681672730260605,0.21811226702333075,0.305795030744019,0.09418762296466378,0.10415534973318664,1.0,0.3325758786124793,0.35392368544783104,0.4047017579096806,0.38245924762743816,-0.12546024732159566,0.08453943314145901,-0.02312625817672219,0.21418561444672177,0.3295786220653955,0.15288655981959856,0.1892544290103028,0.06045821597958615,-0.19160165611433944,0.05885140162598657,0.04677655694376606,0.0951581023157299,0.05842869989546577,0.16515586555711267,0.09210971985739523,-0.23116215587012193,-0.23286665723271877,0.0818279339197597,0.261060771362186,-0.005448561399024043,0.10030629898615492,-0.060250060483778935,0.13358287647158176,-0.002839313999826537,-0.023590956191484797,-0.00953954726179662,0.06862649326461767,0.04138368626949746,-0.003617158221000881,0.2722217403807967,0.3269282913446571,-0.07600870966416667,0.13793679559221608,-0.18654749460210804,-0.14847147219800336,-0.12519092332482756,-0.1890070161183565,-0.14464707144389616,-0.2974651590609266,-0.1533959930067057,-0.11666293873563796,-0.1093774963823853,-0.06260002647591832,-0.0012005459516951434,0.037046200477479495,-0.3533311726549412,-0.26223118954475116,-0.21111805977166803,-0.25405378263271056,-0.16901861074465802,-0.4960655872404333,-0.12104242081189773,0.0981078848023664,-0.04528112403967736,0.16597661902522973,0.16597935791333246,0.11023294243313689,0.135072831599465,0.0884478264640498,0.23230701109706162,0.09561732255428705,0.17602103466062893,0.1686561645523972,-0.0386247129873509,-0.14443343817188348,-0.1664796614734305,-0.2834785704830029,0.25729114837013334,0.28374606855436924,-0.09986625096431685,-0.11790091615807036,-0.002863963992751076,-0.08857655420487796,-0.029495998940963268,-0.22184537150734707,-0.3265941469961245,0.1042740348843048,0.030104032099768564,-0.17244404679846806,-0.08332975756275478,-0.19269447246732735,-0.0453888536383846,-0.2722281311197031,-0.17353960203955868,0.1917185153400558,0.15826847494145627,0.06072388812555063,0.19220329853423837,-0.2147032642981371,-0.1661373004605897,0.0423258637768354,0.1408254095778917,-0.04105045488366573,-0.05888335532051838,-0.23639069325822692,-0.1419173129681787,-0.31127554583757483,-0.17515463305746642,-0.1139340932226214,-0.2552479378454993
#49,0.5353485463351395,0.3899884510218335,0.07808935165953795,0.3764373456522434,-0.11170737719510469,-0.255401315579252,0.3325758786124793,1.0,0.3652499007153063,0.44095276787466847,0.37002104379025597,-0.1410819520968471,-0.26790525273089966,0.013270825820411107,0.4624302154135493,0.3908429841098842,0.182120538465401,-0.06180027114992217,0.3962093788658264,0.002533471495022071,0.42521876868720526,0.23394943099599666,0.33601500910680293,0.038110714986739215,0.20815366988181697,0.286082340105995,-0.20846955497633143,-0.41854683726896336,0.10590093441732439,0.1758630921133717,-0.33615286647464016,0.07950444384594667,-0.1832453085129207,0.08816115617596443,0.17376145197587953,0.01923795003355138,0.1942255109167515,0.052416840509980966,0.08193475055576604,0.12094564676560139,0.27340859189197825,0.11866415297603017,-0.11402173764190864,0.07942319016556579,-0.17504142568255374,-0.12119579854565042,-0.44679664212318604,-0.5237310959660743,-0.4949773357009499,-0.5472517540295891,-0.4215705697343735,-0.36374990299771304,-0.44151606586112924,-0.17708281028178594,0.20730644049537356,0.09386352120584114,-0.5000442786909941,-0.45485262499600576,-0.574437957337253,-0.46199473220521575,0.010614104360766341,-0.293684580516463,-0.16917655329191525,-0.09176188106834895,-0.22337367106866848,-0.005275098485851361,-0.10377373132420675,-0.17564763291595722,0.38600154290696453,0.02223338065523333,0.3005929692742403,0.17639534936800158,0.30496879949969646,0.06455102776776055,0.014269607015205394,-0.30530203088552815,-0.21417557185701178,-0.48634801225195945,0.14429375487864443,0.24698379947687238,-0.5383759306513533,-0.4075392459841053,-0.1870505370503088,-0.09001264453340758,-0.3255807583981156,-0.05477867501723217,-0.20035696841605535,-0.08609055677030315,-0.16116621855414098,-0.39755143403616244,-0.2867223269593321,-0.22709399407487207,-0.3366285200418137,-0.24219987492410996,-0.13836680102434415,-0.022673428677071398,0.14880287765843325,-0.14279010531024755,0.10773416352074935,-0.35726878078396107,-0.45986387726129446,-0.26868309695207404,-0.0043831339270634095,-0.3127508935622435,-0.242860859919568,-0.503991016447023,-0.3384234047118005,-0.27285077168172295,-0.26918066162406934,-0.08304947801357576,-0.4578133630350532
#50,0.3475365983922727,0.5496354996416621,0.2927150141280978,0.33071434766532615,-0.15088351965380453,0.07806013685310886,0.35392368544783104,0.3652499007153063,1.0,0.49379413604057204,0.5528847338941968,-0.0704022057178854,0.03657145987300689,-0.09376218234604025,0.19557760867679752,0.15678308462707757,0.3440846864201363,0.20472549493990422,0.029193808286962435,-0.008935165953794958,0.16751222228815843,0.10264257053778068,0.2704907630998736,-0.11994503964540529,-0.10830841705962103,0.032357224045611616,-0.08574819575746233,-0.04938306545486084,0.024773242889161762,0.013385859120725622,0.08669950289180936,-0.010934554268785349,-0.10419734601742846,-0.030701109706162955,0.1066148712494351,-0.19182807086416484,-0.049180387735259075,-0.1470034281749419,-0.15073653265895823,-0.1415265649321897,0.20448264686146247,0.07182825345670503,-0.01639133233211757,-0.002099814212090365,-0.1726129448981362,-0.2879128303213172,-0.05681823369106255,-0.14544773973259323,-0.017419328333340943,-0.19802160982713052,-0.16295927729872597,-0.16974441609188057,-0.16414338992180474,-0.04353371343013781,0.012786955588929415,-0.021295767961399936,-0.2805297009590673,-0.34691487079295374,-0.2217029493260053,-0.3727270652357498,0.048825245244605534,-0.16467382125103278,-0.1007481729333948,-0.3020199299757608,0.08335258163027749,0.025925401817708738,-0.13584245915633117,-0.34916441088799316,0.17584300693395172,0.09517088379354262,0.381429425700813,0.28087114900920723,0.08161612657314886,0.27262070508109393,-0.1790703300816645,-0.12779651887322144,-0.1844212044716913,-0.2358903896981289,-0.04481003528600839,0.020969840277175477,-0.1707075917413394,-0.2565379541418835,-0.06180574892612762,-0.024160644916851923,-0.17049669735742945,-0.006228231545600205,-0.06487330360118138,-0.04460096682750026,-0.2482135602349966,-0.07832489603637244,-0.23263841655749154,-0.2808793656735154,-0.2618933933454149,-0.058181287003519475,0.008283310585346036,0.10234403173458348,0.0012617144526560367,0.11914254543130641,0.18380221576047512,-0.05315086252151168,-0.08826797281197077,0.08509634038901341,-0.033922042114969395,0.13319943213720004,-0.033954908772202114,-0.09882729941068258,-0.06705437149365262,-0.052975573682937184,-0.0671438418383417,-0.061764665604586724,-0.29829047734254815
#51,0.5559002496952987,0.4688456043128358,0.3698512327278869,0.5667206836264704,-0.061292663888216845,-0.03879087219891631,0.4047017579096806,0.44095276787466847,0.49379413604057204,1.0,0.48552178100763693,-0.12782208182884688,0.04606170714895443,-0.06636599761716735,0.16318386612314953,0.1983913597209986,0.5011051413494502,0.09550867999287889,0.1306495273135616,0.14882113691245144,0.08368763894151104,0.17549425518220454,0.2659250366326284,0.1095336130042407,0.09973113248458235,0.17038531590791858,-0.06636964946797098,-0.10534311420706907,-0.06730178438559893,0.039098540629122595,-0.06716118812965896,0.0346140678422583,-0.13036833480168167,0.07896762177781226,0.05023851150561244,-0.047276860503864114,-0.06957140966005834,-0.019629611032241277,-0.007216970150684494,0.08931970584341777,0.2866712010480812,-0.0030693806004555685,-0.08269798737372584,-0.04345245974975692,-0.1785125098714092,-0.07326616971063647,-0.09371653421099481,-0.17757763606567853,-0.1349084983133014,-0.25086936873194043,-0.1419583962897196,-0.1345880484052824,-0.08768550260879092,-0.09303363811071498,-0.015209958597141514,0.1015415375204846,-0.29201111988569706,-0.25685657812450075,-0.24892932299250914,-0.21633472864466122,-0.061554684183377686,-0.25539309891494383,-0.21551853999004872,-0.34897999242240957,0.006002729758475717,0.13288354704268557,-0.254249156650705,-0.28540035696841604,0.14212729438938773,0.007069983155838168,0.2725148014077885,0.17917988560577358,0.05011800042909247,0.17880465793570002,-0.07937023832891307,-0.22441627447310641,-0.3403406263837091,-0.42586514627944877,-0.042454591517663544,0.0018505753947422477,-0.32588751386562104,-0.3955867383038066,-0.1745949869218093,-0.14301925894817566,-0.23742599296105757,-0.16649152998854233,-0.16612634490817876,0.02284050085133772,-0.15206124153797695,-0.2288715324535416,-0.25923210707226557,-0.12662701365335718,-0.2775114462698626,-0.1826975308923754,-0.11134219211474115,0.06987816512756372,0.11884035477730558,-0.02665577197843582,0.19441358123313873,-0.0872107620043183,-0.061270752783395034,-0.030471043105533925,0.13460722062200148,-0.0715470609448251,-0.12226487786841468,-0.2078250033094898,-0.09177101069535804,-0.19652252507223816,-0.22499691875088443,-0.1552940424618952,-0.3351066112193986
#52,0.308148648586962,0.4874499582319564,0.25596461356571276,0.42621481099389685,-0.10141920051856282,-0.06933586528322386,0.38245924762743816,0.37002104379025597,0.5528847338941968,0.48552178100763693,1.0,-0.15477182779697535,0.14212820735208864,0.03098595406884652,0.0692792615957675,0.05364842719350701,0.19596653078738469,0.05466729356772129,0.0662883957875901,0.11090305705560399,0.029434830440002373,0.12582908425276285,0.1316063122241141,0.07336476968233463,0.049468883948746274,0.20695221096742092,-0.017527970894749095,-0.017385548713407313,0.05086936873194046,0.09293595110171773,0.0763209429078775,0.029758932198825017,0.03596707856500523,0.11468911337627301,0.12532147699105753,-0.07503731735039965,-0.07000324101758823,0.019183172271496848,-0.07416726389643351,-0.02946952302263691,0.16892731447456713,0.151650408322568,0.10560787339033263,0.05207447949714014,-0.004776620851155126,0.07860061077204691,-0.016378550854304848,-0.10303970931267603,0.027173421829851142,-0.14731657438135365,-0.1898314214372772,-0.17607581242268347,-0.16982658273496237,-0.1441960678696472,-0.027506653215682873,-0.04058758279430494,-0.21309553698183661,-0.11390761730429504,-0.18264001424221812,-0.15672739390232213,-0.11728010152145234,-0.2974624201728238,-0.15358588924849476,-0.26688912524478814,0.08714685461525469,0.06518097203138766,-0.14562850634737318,-0.20237918079856848,0.09201568469920161,-0.061587550840610406,0.2918696106670562,0.26525309608475944,0.1511984917856181,0.18300976413608622,-0.04484290194324111,-0.0922201883442052,-0.26333222256204725,-0.3122588066664536,-0.0706295334304117,0.0588751386562102,-0.17602468651143258,-0.24587728868337083,-0.2239524894210447,-0.09867848649043444,-0.08647308814198396,-0.21570569734373501,-0.2487312100864119,-0.016524624886450266,-0.03506872326731091,-0.12390364591654608,-0.21219718168414228,-0.2784846645090315,-0.3118753623320719,-0.19290901870204094,-0.08022751030506649,-0.022993878585090406,0.13339389319249362,-0.039653621951275184,0.05980727357383814,0.01949266662710495,-0.11754577366741682,0.0555756914551256,0.006723057329492804,-0.019442453678554964,-0.049641433899218046,-0.10232303359246259,-0.09699954808346305,-0.11716415525843692,-0.08957442243697133,-0.1219352983333866,-0.22682467007810395
#53,-0.049768335714644375,-0.1776671064103676,-0.11103087183373123,-0.06152364345154679,0.514528431940913,0.28415416288167544,-0.12546024732159566,-0.1410819520968471,-0.0704022057178854,-0.12782208182884688,-0.15477182779697535,1.0,0.44530486106990097,0.33159261778360044,-0.4324959943761498,-0.41069627100384815,-0.12823291504425588,-0.3052545568250809,-0.36891362003405354,-0.12711818758644616,-0.3677705907325156,-0.42713142554560934,-0.14140514089296882,-0.07708144083773458,-0.09464958209132365,-0.2419223342630337,0.018213605883131645,0.1910922229272323,-0.14847512404880697,-0.2027425399535302,0.038349911214377336,-0.23815636312178465,0.15230408961641873,-0.17179766920622458,-0.001003346008298831,-0.0725266699229003,0.015609836260139592,-0.03581643971935527,-0.0872609749528683,-0.14645838944249934,-0.2689359876202258,-0.05250174604116549,0.21479090871742434,-0.02583501851031876,0.19431224237333783,0.16342488827618948,0.22099175138199728,0.30863890955735,0.0747123026288761,0.22352522287701937,0.19311352234704451,0.21076109135561266,0.1805310704031187,0.12520279183993938,-0.29818639959464455,-0.17658159375898697,0.06564567004615027,0.006325005591896543,0.2690793227642685,0.32156920029032215,0.1395773895657493,0.20192361241081497,0.1956999456787193,0.197846320988556,-0.007531942282498048,-0.16597205421172517,0.08740065824610735,0.1612209963161955,-0.33004514600555995,-0.09727434985643661,-0.38820269597885576,-0.2689597246504494,-0.1702940196378277,-0.033290271925940466,-0.0984274217476845,0.012158837250704123,0.11370676551009508,0.353473594836283,-0.24046524579238315,-0.24637667928076798,0.25431854181597413,0.3647231212368819,0.32376578854870885,0.39707578046898895,0.26181487855313673,0.4628730023234901,0.16404935476361113,0.0847247645697435,0.26435565374976605,0.3427481090260057,0.3055403141504654,0.2637740965092871,0.35166684165118434,0.22457786887116726,0.09788238301524191,-0.2550443471631966,-0.21862443909854062,0.12340608124455076,0.046090921955383515,0.22768102909155646,0.2653626516088685,0.004702670872381509,-0.20098143490347703,0.32179744096554935,0.07522356174138506,0.18784572756280044,0.25863320354046937,0.38562996708769465,0.33130138268201054,0.15135095655666989,0.15262727841254045
#54,-0.14145352791611698,-0.25693417995407797,-0.09202024951270615,0.10978376478428974,0.41309005920563113,0.49439486549777006,0.08453943314145901,-0.26790525273089966,0.03657145987300689,0.04606170714895443,0.14212820735208864,0.44530486106990097,1.0,0.3789105616090055,-0.5339462356265435,-0.4377665280484966,-0.06033131416415982,-0.13561239255570215,-0.3711001657027302,-0.02896739353713704,-0.5154194835370001,-0.3894306308115782,-0.19830554122711316,0.025415968630601596,-0.17619541053650253,-0.2226323453555305,0.27197067563804683,0.3986871596360931,0.03351212186226132,-0.002314360446803946,0.3099170573386224,-0.13420277814549886,0.22159887157810168,0.0027918399393792766,0.15834333788293078,-0.06939612082148384,-0.030062035815526758,0.1378783659793579,0.01444854770458353,-0.15236982293088416,-0.24655470700744522,0.09442316734149826,0.32947545728019284,0.18082504439281133,0.15128887509300806,0.18949819005144544,0.5032734277641087,0.5322125194575176,0.4591645478323983,0.48044205653978006,0.41623156385945853,0.2510830020039531,0.3759972976304053,0.11548886870226917,-0.35491607590371893,-0.10570099558582534,0.1371653421099481,0.1327237785700265,0.3765122085937179,0.3604787576403566,-0.006839003592508228,0.01992449798463484,0.3491251534918541,0.10215961326899989,0.37495834607677103,0.07541802279667864,0.23389739212204486,0.2401283625557478,-0.3856217504233865,-0.12003268406469254,-0.2941794063003556,-0.19778789137569786,-0.2412120492817266,0.1541373187198437,-0.07299867163927018,0.11107469404337486,-0.045357812906553704,0.21837885213199615,-0.327069800563298,-0.19399270542801975,0.3473037929035409,0.42990957104447497,0.30856495957857644,0.1318646806684713,0.30448492926821474,0.00010316478520270054,-0.0828778410258049,-0.04851027311279198,0.29816357552712186,0.26811888600291234,0.2919955995197816,-0.029751628497217745,0.2994526788608051,0.023552611758046627,-0.009868213834123807,-0.21550301962413326,-0.14343739586519194,0.21497806607111067,-0.07369982699356818,0.38592120218928455,0.46395577608676797,0.09947550292832787,-0.02675072009933034,0.39703195825934534,0.12597241939680554,0.34606581548110854,0.3116498605449474,0.31828892530595665,0.23351668667576586,-0.049730904243907116,0.01361136090785011
#58,-0.04405045031885222,-0.20555172618422674,-0.13591640913510478,0.06698133447757992,0.46228140249330113,0.27191224602518865,-0.02312625817672219,0.013270825820411107,-0.09376218234604025,-0.06636599761716735,0.03098595406884652,0.33159261778360044,0.3789105616090055,1.0,-0.3832014863032771,-0.3933280685817581,-0.005226711462703191,-0.26964262075072926,-0.33568542957177483,-0.11626214810993897,-0.355927638576326,-0.33925328780692665,-0.28676067139277023,-0.09259541601427873,-0.2970214591882849,-0.08236110413709048,0.025663381522547896,0.07186477196474138,0.01957939808369129,0.11365107478533965,0.06412102233563248,-0.21980855172161942,0.1830179808003944,0.06993659474042188,0.14684365970228286,-0.07746032035861175,0.1448168825062652,0.2784974459868442,-0.08462251274724171,-0.1727480633778707,-0.07528564320504685,0.2043703524492507,0.1296571368576737,0.09489790794597086,0.08194388018277514,0.20090292011119887,0.19342484262805443,0.2597232810053545,0.09446059881223552,0.1675085704373548,0.1391556007979294,0.01901244824642689,0.12050651170646423,-0.1577453473138355,-0.2829198373100467,-0.24791593439450033,0.021489316053992614,0.006344177808615629,0.18401493606978686,0.18862539770937659,0.13106401237977422,0.10254488352878344,0.49160759037189533,0.2990865808177407,0.05675797815280257,-0.21516339749939517,0.4984055106428627,0.4005788183523762,-0.09480022093697361,0.14198395924534504,-0.2251585131489453,0.03652033396175599,0.030280233901043972,0.11614894073502627,0.21351276093615196,0.07579051157864945,0.20097321823916883,0.16966042352339694,-0.026204768404186847,-0.10164196341758458,0.05097983721875043,0.31919641023066003,0.019351157408464076,0.2236311265503248,0.44979755052107345,0.19587249562919107,0.018197172554515285,0.031075424413535585,0.3503211346300447,0.1710481268287784,0.30870372990911454,0.2703766427622599,0.14975874960628482,-0.03025740983352125,-0.06382157056973438,-0.3085905225342019,-0.1583853341671726,-0.005526163228601296,-0.09208780875257341,0.23756932810510026,0.13023230335924627,-0.07229751628497218,-0.10484281064697101,0.09172079774680805,-0.047681302980366734,0.15630925698530587,0.08006317701890289,0.28283401881616127,0.3632322531462977,0.08369676856852014,0.09822748291618547
#101,0.24062866611584582,0.31106191256556215,0.14499217134483972,0.05002122638279613,-0.5008093414343557,-0.3750779441905901,0.21418561444672177,0.4624302154135493,0.19557760867679752,0.16318386612314953,0.0692792615957675,-0.4324959943761498,-0.5339462356265435,-0.3832014863032771,1.0,0.6883227505740253,0.21170692071375424,0.26163228601295496,0.6918778273313644,0.03819653348062465,0.7577489991646391,0.5306586569405707,0.39456239415338684,-0.16775324444119835,0.38304354375601984,0.24766030483824583,-0.32614862119808097,-0.6721952644624704,0.22318560075228128,0.19738436186189615,-0.35518357397508526,0.10104853766199381,-0.4109199468655708,-0.05003035600980522,0.1112344625160339,0.1671598186856076,0.27577864306353767,-0.019419629611032243,0.10538328456590906,0.16957734391761425,0.26172997302195217,0.026789977495469422,-0.2260349573418178,0.14093222621389803,-0.2373027429964349,-0.4305322116064948,-0.6147662587244999,-0.7023577261750971,-0.4884797801585816,-0.6777853350801353,-0.548385653704118,-0.3902258213240698,-0.48206165237119236,-0.2444713261239712,0.5085585688396701,0.1071498673921677,-0.46325553369517086,-0.3693828828623207,-0.6463520292878434,-0.7646902545796491,-0.23244304253949705,-0.45678993184733435,-0.21455719026599168,-0.16000949481208945,-0.43507876585702093,-0.03864753705487362,-0.0939621211775393,-0.3059639288436871,0.7764902974888961,0.26080148995512786,0.6391268424728508,0.35532234430562337,0.4156536584697832,0.05244514235370914,0.08458508127650445,-0.11288783796737985,-0.038765309243290864,-0.4549484860796012,0.44251484705592353,0.4217038622887062,-0.44151789178653106,-0.5012092190973538,-0.2877576266621627,-0.32555793433059294,-0.5234471645660916,-0.4215176178977208,-0.3779528637357521,-0.05377167715812971,-0.46417123528418247,-0.4012598885272542,-0.39286245760429456,-0.40919079551004944,-0.5340183596799153,-0.34387470499892725,-0.2510583520110286,0.3440335605088854,0.09936046962801334,-0.2829819187737085,0.06910853757069754,-0.5767377103808424,-0.6126034500860468,-0.3091812094016899,-0.09162037184970807,-0.37349395390451323,-0.2738175991819854,-0.5741750240793912,-0.6391971406008208,-0.6365860672762215,-0.4497290783185053,-0.23619805812833516,-0.4403027384316214
#102,0.29188421807027076,0.3450314287409788,0.23125801695371737,0.06130727129143139,-0.3816467108236293,-0.20849968274546143,0.3295786220653955,0.3908429841098842,0.15678308462707757,0.1983913597209986,0.05364842719350701,-0.41069627100384815,-0.4377665280484966,-0.3933280685817581,0.6883227505740253,1.0,0.15326452637777482,0.3316483085083559,0.3962404195976573,0.024247376373438264,0.5001775712453268,0.5640192269944811,0.26048925671141704,-0.000651855368448922,0.19885149292225665,0.22208365477228428,-0.46308754855820367,-0.6223338065523333,0.0899414334427367,0.24492689451172472,-0.27688241496893645,0.21101763387456807,-0.49025640557455025,-0.086312406706624,-0.14987652179470207,0.027301236607978382,-0.0176521338220727,-0.09298159923676318,0.02586605924214966,0.12834155760566401,0.3902303861375743,0.27015205393783637,-0.1995179556939201,0.05918189412371558,-0.34645930240520023,-0.3829330752692099,-0.5456650248554096,-0.6422427841710527,-0.4334801681677295,-0.5749099590536229,-0.48369129079231465,-0.2779524072544016,-0.48820771727371076,-0.024921142846709,0.2972643072667266,0.19045406199929701,-0.5516522342479698,-0.18597232810053546,-0.50176795227031,-0.5867958204567553,-0.22216125660186153,-0.5112207680755203,-0.2547275491059813,0.012751350043593969,-0.38596045958542363,0.06704706779204536,-0.05550721925255744,-0.13686223849324636,0.5308485531823597,0.22729393290637112,0.49905280119780704,0.24156719177238015,0.4066436295745137,0.11329319340658338,0.1021495706792899,-0.15209867300871424,-0.09591860024558696,-0.42723641625621384,0.5360560924283438,0.5931116964216427,-0.23970018304902152,-0.4083609124149233,-0.26308572263280183,-0.2824469226309759,-0.4306947189672566,-0.3131635527030543,-0.35436738532047274,0.12310662947865265,-0.20051764985141532,-0.286001999388315,-0.37722888431393137,-0.3596105301117923,-0.36540236548635807,-0.2611748916997996,-0.24543358881072913,0.2810610452509963,0.15098942332710996,-0.17013425116516864,0.045851725727745395,-0.4479579306787421,-0.46889490429868486,-0.16937923101151703,0.21210040763784596,-0.2575102594183515,-0.14345291623110737,-0.5337453838323435,-0.44400023737030225,-0.5600104077747904,-0.362999447657566,-0.21015944893571373,-0.3874211999068778
#201,0.36431228802147286,0.24794971401443394,0.5296215313123382,0.38324256962481795,-0.04588733127308084,0.02170934006491165,0.15288655981959856,0.182120538465401,0.3440846864201363,0.5011051413494502,0.19596653078738469,-0.12823291504425588,-0.06033131416415982,-0.005226711462703191,0.21170692071375424,0.15326452637777482,1.0,0.29657593339024135,0.04280243030670982,-0.13554392035313398,-0.014167355192703603,-0.060543121510770674,0.07784741654379711,0.032283274066838,0.10605339918837615,-0.1487261887915569,-0.02580215185308604,-0.09988998799454048,0.045840770175334486,0.038111627949440126,-0.024262896739353713,-0.15541455353841518,0.010677098787129052,-0.025080911319368047,-0.1465396431228802,-0.1608804612287565,-0.18856240328301388,0.0062054074780774834,0.003435478643520019,0.24861982863690105,0.12406706624000877,-0.0226944268191923,-0.18359223433926608,-0.23329848859024865,-0.19593914190635742,-0.09236261052554698,-0.019551096239963116,-0.10151140975135461,0.046195912665988034,-0.14163794638170057,0.00492452080870236,-0.005146370745023212,0.08786626922357087,0.049202298840080885,-0.04049446059881224,0.18904627351449557,-0.2606271140792543,-0.3124331825423272,-0.20728270346514993,-0.22353435250402845,-0.0866009029201112,-0.18417470454244592,-0.10680568045392505,-0.24521812961331466,0.0413672529408811,0.024826194725814477,-0.13980289135287377,-0.2218599789105616,0.16116530559144007,0.08207899866250964,0.33148032337138866,0.3730283429270497,0.1290390611091584,0.272680047656653,-0.0876215952197273,-0.12706614871249436,-0.14131749647368158,-0.17319906695211967,0.07386416027973178,-0.1184815604358484,-0.23925648317637982,-0.21548202148201234,-0.16350431603116855,-0.14979983292782573,-0.17969205768098345,-0.10507744206110459,-0.1558993367325978,-0.012548672323992203,-0.23886573514039083,-0.17182414512455094,-0.13709869583278175,-0.08206621718469692,-0.2235809136017748,-0.1351248704734168,-0.15376209104977015,0.3131745082554652,-0.0013137533266078414,0.24553675359593183,0.30488024211770826,0.009536808373693893,0.09874513276760077,0.13487745758147052,0.06119588984192051,0.0664837698055846,0.10612643620444887,0.027031912611210268,0.01381860344095642,-0.1332259080555264,-0.23858910744201545,-0.1613625055348364,-0.27252301807209667
