,#10,#11,#12,#13,#17,#18,#26,#49,#50,#51,#52,#53,#54,#58,#101,#102,#201,#202,#301,#302,#401,#402,#501,#502,#601,#602,#701,#702,#801,#802,#901,#902,#1001,#1002,#1101,#1102,#1201,#1202,#1301,#1302,#1401,#1402,#1501,#1502,#1601,#1602,#1701,#1702,#1801,#1802,#1901,#1902,#2001,#2002,#2101,#2102,#2201,#2202,#2301,#2302,#2401,#2402,#2501,#2502,#2601,#2602,#2701,#2702,#2801,#2802,#2901,#2902,#3001,#3002,#3101,#3102,#3201,#3202,#3301,#3302,#3401,#3402,#3455,#3501,#3502,#3601,#3602,#3701,#3702,#3801,#3802,#3901,#3902,#4001,#4002,#4101,#4102,#4201,#4202,#4301,#4302,#4401,#4402,#4501,#4502,#4601,#4602,#4701,#4702,#4801,#4802
#10,1.0,0.5677194648212647,0.3947431607681668,0.27959574011603755,0.25166364628173116,0.27717365007052636,0.04710522351609325,0.5787517060990474,0.3100384813778433,0.5951476032446694,0.48114047300597534,0.25611981722486726,0.3230308535744772,0.23223853889449347,-0.23272149616327426,-0.3525578932472714,0.4580470814864859,0.16974167720377784,-0.27242167921229576,-0.37706272510236594,-0.18604536511660816,-0.3744626073301775,-0.05909972748063378,-0.049812157924288,0.13153875298424683,-0.018373374355790693,0.29596972615683786,0.08324211314346752,-0.002156417899546714,0.1698092364436451,0.10186016150310179,0.12568666207142107,0.2511533001319231,0.10132607832307011,-0.034271706829417485,0.021185299474589966,-0.05179693883606385,-0.07876950887171505,0.14937530527190312,0.005800052038873952,0.07487846184044152,0.07131516841879425,0.17116407309179382,-0.13001775712453267,-0.021502097531805337,-0.22264056201983867,0.3026644816426025,0.24257692851958534,0.19005509729899986,0.03487973998822278,0.12576882871450287,0.13299858034300008,0.18597415402593728,0.06892229317971214,-0.1150378651280202,-0.1603335965709121,-0.1693545810185925,-0.3518640415945807,0.11516567990614743,-0.04247924151058809,0.04317948390218518,-0.01490137720423432,-0.21830672807862433,-0.26293051897364733,0.1616856943309581,0.09608019464364784,-0.09850045876375721,-0.14808985378902345,-0.13543071297822126,-0.09203211802781798,0.1030890092985251,0.023933317204325618,0.06906928017455846,0.1998055389447064,-0.1471047670347428,-0.12943893877215645,-0.043904376286706806,-0.11620097960897807,0.005716972433091246,-0.11969580082805717,0.08376432780838738,0.11737048482884231,0.018007276312726243,0.11339179337828154,-0.08426554433118635,0.10769947093811483,-0.006587025887057384,0.056149944993997274,0.13699735697298088,0.014190179260226324,-0.15687255497176664,0.2827317669936595,-0.06275888198587647,0.16100918896958466,-0.004025252548307139,0.15063793268726006,0.07625703551881388,0.34719332441673095,0.19683019350244446,0.15248576919389958,0.15925721354654054,0.22603221845371507,0.1591065747008906,0.15404784837515464,0.2148164716730498,0.3653485006870044,0.18236521246924456,0.10299223525222877,-0.005446735473622225,0.025814933330898765,0.04824186207872477
#11,0.5677194648212647,1.0,0.51929683612776,0.439014548060639,0.19613086407354827,0.17919449300898813,0.11987565448013622,0.42072881812413554,0.4897433205366395,0.584474156308344,0.4029926917335792,0.18525930423112563,0.3313698548845787,0.16652713553387777,-0.129173266626192,-0.2312424965878019,0.46030027343232893,0.26929478196168294,-0.04745580119324225,-0.2757119967863713,-0.05965846065359,-0.23680791721254227,0.0038307914930135528,-0.17312602993604695,0.1916701283169076,0.06820561745949869,0.2687716543340622,0.12095295046720866,0.14393222164908454,0.10563434930865899,0.034881565913624596,0.16711325758786125,0.19449848676432324,0.11348217668567151,0.05601482651426276,0.13606796094345566,0.12147699105753035,0.04286451177037162,0.1225552000073037,0.0035961600788799774,0.12382513112426792,0.12659323403342357,0.020458581164666517,-0.07240707180908124,-0.11655612209963162,-0.16614734305029968,0.2570802539862234,0.20660893699187918,0.11277463059246715,-0.07151602021299419,0.0974176850004793,-0.054374232540729546,0.15676208648495665,-0.04164753249006012,-0.022769289760666826,-0.0968187814686831,-0.18793154605668586,-0.28951873171221587,0.0294375693281051,-0.09755280348021382,0.060822488097248786,-0.15119118808401083,-0.12636225447009364,-0.15259988953151318,0.22297105451756769,0.2354914249978317,-0.09783673488019647,-0.12154637622279942,0.02361286729630661,0.04058301798080039,0.2694764615391638,0.2963878630738541,-0.013359383202399266,0.1210908078350459,-0.16410321956296475,-0.23417219389501842,-0.12992554789174088,-0.14928674788991494,-0.018996014917810534,0.007752879256117991,-0.06868583584017675,0.04654283849233339,-0.0015337773375268754,0.07800627205375524,-0.2155276696170578,0.030963130001323797,-0.030142376533206734,0.055629556254479226,0.02950056375446781,0.0067924424947618765,-0.2222726380513724,0.14668571715502562,-0.08323115759105662,0.1468354430379747,-0.01694915254237288,0.20531435588199043,0.12808410212400773,0.34907220165520136,0.3005098896684576,0.039886427440006936,0.12249129261824009,0.286683069563193,0.14897542760890503,0.1879379367955922,0.183152186317428,0.26854250069613406,0.03300907941406054,0.1749346090465474,0.1155116927697919,-0.10342863142326321,-0.0717013516412787
#12,0.3947431607681668,0.51929683612776,1.0,0.4534192735555789,0.150538419752861,0.2709883277718689,0.19385302213478067,0.32289573509474273,0.23486604554770915,0.4594840847777164,0.40137948664107326,0.17165707295028462,0.41140655598515524,0.09651659081468227,-0.04522178146411828,-0.026582734962363113,0.573305883588126,0.5188677436583329,-0.01806388000018259,0.007720012598885272,-0.14369485134684823,-0.0960564576134242,0.06740494917080163,0.051866324001332925,0.12627369708810546,0.0785065756138533,0.1497760958976021,0.022875193433972256,0.2492671191918454,0.2643373944957479,0.11940365276376634,0.2099284693723838,0.14337714032693194,0.02280033049249773,0.1633783271784431,0.30620129914592337,0.11447182825345671,0.07284894575632113,0.08364838154537196,0.04129330296210748,0.26850141737459315,0.22282406752272135,0.16575203020080614,0.16084576864612196,-0.22881218987798255,-0.14983452551046028,0.3436282050696819,0.2037942729849772,0.05760155568844235,-0.0701137095043982,0.25282493483728724,0.2297479766464141,0.16380194187166483,0.016355726786782127,-0.15381321696102107,-0.039843518193064226,-0.4062583593147302,-0.25057813363035053,-0.14360172915135552,-0.03757480588130572,0.0767956835123501,-0.09381148233188934,-0.04955287651722989,-0.07561796162817767,0.11489087813317386,0.4544938306545486,0.09707349806223667,-0.08257656333450497,0.1585706655954571,0.2933650435711449,0.42469016328337905,0.4214464068070499,0.1415165223424797,0.40514910963312595,-0.07294206795181384,-0.08060547686324275,-0.18154993677733297,-0.2033816138441664,0.12803662806356048,0.18936672342251457,-0.21855779282137427,0.33477064094546416,-0.028188636353261787,0.04763382891991948,-0.03134383544760279,-0.08459421090351353,-0.1516732323900907,0.08572263280183688,0.27147858874225694,-0.04754435857523041,0.035530682393970794,-0.10343776105027229,-0.15365618737646475,-0.1386507324243268,-0.040269871774388656,0.35391638174622375,0.276556487284712,0.5545536297114582,0.30874663915605727,0.24994545047862068,0.30709143777930953,0.35312301715913397,0.1114508346761493,0.28088210456161816,0.12764314113946876,0.24956200614423898,-0.07562435236708405,0.09735012576061206,0.16700278910105126,-0.3419775685064387,-0.3601163114480958
#13,0.27959574011603755,0.439014548060639,0.4534192735555789,1.0,0.028302756690875393,0.16910351627584255,0.24127960852159386,0.1480414667658753,0.08302117616984758,0.5140792542920659,0.2571724632190152,0.036847174608681366,0.21166948924301698,-0.03742599296105758,-0.10400836273834033,-0.059384571843317344,0.278589655219636,0.1613971981174709,-0.06423422971054518,-0.08551447730602967,-0.11660085727197615,0.04565452578434908,-0.07583068193748944,-0.012621709340064912,0.03234900738130344,0.18393459535210688,0.18900336426755285,0.20210985680180035,-0.00787247736993705,0.1511984917856181,0.17459589988451021,0.2279823067828564,0.21465670320039074,0.2795701771604121,-0.02400087644419287,0.1785627228199592,0.025083650207470772,0.061915304450236686,0.044236694709837626,0.08201143942264238,-0.03242021847197433,0.09966266028201418,0.050511487353184184,0.08045392505489188,0.031663372392920885,0.09833247362678997,0.27175247755252957,0.19983384078843458,0.08375885003218193,0.05201513692158107,0.1068522415516714,-0.01260801489955128,0.10717269145969041,0.0963659519690323,-0.022314634335614217,-0.0811249526400599,-0.2636280224771417,-0.07673907982489375,-0.0935202472302994,-0.1464154801955566,-0.06975126331213738,-0.1434036162452583,0.04285629510606344,0.09835803658241543,0.21159553926424335,0.08509451446361159,-0.15889476735427974,-0.22571724632190152,0.04236420821027357,0.1483737851890061,0.07860882743635508,0.15007098284999568,-0.01752431904394546,0.10402114421615305,-0.25175676847722384,-0.17855998393185646,-0.3054508438057763,-0.18289016602226715,0.007720925561586181,0.01956205179237402,-0.1639945770015566,0.06439491114590513,-0.12033213583059064,-0.05878840719962386,-0.00038892211058717195,-0.011019459799969872,-0.08009695663883652,-0.10194506703428631,0.11621558701219262,-0.17185975066988637,-0.11479227816147572,0.011839300305386024,0.10488389396851192,0.08033432694107283,-0.007318309010485377,0.05037089109724422,0.19038741572213067,0.24937119693974902,0.2138998571213373,0.024850844718739017,0.05423820109829413,0.16769207594023747,0.17605207539245984,-0.030540428270802996,0.2347254492917692,0.2540172641246742,0.10577585852729987,-0.12424874581748963,0.07194237379431863,-0.10725029328926766,-0.2775260536730772
#17,0.25166364628173116,0.19613086407354827,0.150538419752861,0.028302756690875393,1.0,0.48358356119360746,0.23943359794035615,0.21937672036408953,0.17094678796897753,0.06061981037764702,0.15426422053527003,0.2466889125244788,0.2236849913496784,0.24649536443188613,0.15574413307344329,0.02157239565977532,0.15839994157038714,0.19511473658743672,0.068793565438884,-0.07159088315446872,-0.16310352540546955,-0.06411463159672612,0.11520585026498742,0.17190905065573547,0.06055681595128431,0.14522954164707602,-0.1904531490365961,-0.215465588153396,0.2461100941721026,0.4242647226647555,0.1430009996941575,0.32140577996685943,0.03197286674852899,0.2504402762625133,0.14067385776954083,0.22242692874782602,0.19024864539159253,0.2960172002172851,0.19339927967242898,0.21182925771567604,0.19369690551292526,0.33263430822533746,0.24469500198569388,0.25299931071316084,-0.014795473530928895,-0.0016688958172613858,-0.030262887609726705,-0.00854350495510506,-0.0908288331880201,-0.3494154756307431,-0.13886436569633948,0.03716123377779401,-0.13081933837593065,-0.011964376195410537,-0.16464734533270642,-0.019637827696549457,-0.29855980133931626,-0.15912118210410514,-0.12750254488352877,-0.11911972136378368,-0.1635718752710358,-0.24502092966991834,0.36500796559956544,0.19301583533804725,-0.12182026503307207,-0.019759251735770336,0.34435674930500715,0.23831339270634097,0.039187098011110755,0.09307289550685406,0.14193283333409412,0.04219074529710089,0.021425408664928994,0.07068796304326987,-0.17967562435236709,-0.3109140126080149,-0.2404798531955977,-0.30619399544431614,0.29214258651462793,0.4019765642474677,0.18486673026973482,0.1103981886820014,-0.04504557966284287,0.07337024745854008,0.1804927259696805,-0.25253826454920186,-0.03836177972948915,0.02466460032775361,0.22572089817270516,0.08076159348509816,0.04574308316633724,-0.1049751902386028,0.0872509323631583,-0.12845567794327764,-0.06273788384375556,0.0341192420583657,0.10084768586779387,-0.04327351906037879,0.011815563275162394,-0.04555136099914638,0.148755403597986,0.19890079290810575,0.35607919038467684,0.18090082029698676,0.2605632066901907,-0.03866853519699453,0.18037312785586146,-0.1543765149474818,-0.07975094377519207,-0.08388666481030918,-0.07942319016556579
#18,0.27717365007052636,0.17919449300898813,0.2709883277718689,0.16910351627584255,0.48358356119360746,1.0,0.22889161763296162,0.3160494278006272,0.22154500677874805,0.19036367869190704,0.07955283086909484,0.33486011129015325,0.4616131137962359,0.20974039905599656,0.07212953114800495,0.018898327908813285,0.24833133242341385,0.31658259801795796,-0.06631487170591646,-0.12342160161046621,-0.3395308284680029,-0.10334281292937778,0.14312972743498564,0.21629547124852214,0.08719524163840287,0.14148730753605063,-0.1402392875239082,-0.21401032560814728,0.2822122912168423,0.528111491005035,0.3220558094099066,0.4701493150497336,0.2308937448360547,0.2916194588870072,0.29410819520968473,0.4364089525122451,0.2443581187490585,0.3191918454171555,0.27724303523579547,0.2563781856692245,0.16593005792748336,0.368047218430891,0.16258952740485788,0.2857144161375287,-0.18735364066701055,-0.03280548873175786,-0.0693303875070184,-0.10616751952598977,-0.02334080441143577,-0.32876060748538116,0.1123272788690218,0.23047743384444028,-0.14666745790100746,0.08848617089748799,-0.5040174923653494,0.04607814047757079,-0.47448771380445254,-0.2716739627602514,-0.01688524515330926,-0.06930208566329023,-0.32499372338143123,-0.276506274336162,0.4135465405560856,0.05739248722993422,-0.1302158700306299,0.004848744904526926,0.31912611210269004,0.16781167405405653,0.04699110317847964,0.11704455714461785,0.21602706021445495,0.05326041804562075,0.1684260979517682,0.2914277367198163,0.024263809702054624,-0.17413394075785033,-0.170190854852625,-0.3024271113403662,0.3464775616592184,0.35497633144197893,0.055173074904024795,0.3073981932468149,-0.0006171627858143856,-0.03015698393642128,0.1753454422619564,-0.2087753974811359,-0.15605088854094865,0.22069138665339827,0.30628346578900517,0.07339307152606281,0.07102210739180251,-0.09697946290404305,0.17714580470814864,-0.1636111326671749,-0.01928451113129773,0.007717273710782546,0.194721249663345,0.0623498746958693,0.029241282347409695,0.11776762360373767,0.22516490388785165,0.48910059479519963,0.4681563174736496,0.25132402415699306,0.10466021810678924,0.08767637298178182,0.06986812253785371,-0.2671401899875381,-0.2497811171924571,-0.2115471522410952,-0.2535635216623225
#26,0.04710522351609325,0.11987565448013622,0.19385302213478067,0.24127960852159386,0.23943359794035615,0.22889161763296162,1.0,0.08911063738490964,0.1386699046410459,0.33092067723573154,0.25414599186550235,0.07357292517814185,0.3241957939808369,0.2643200482044306,0.035043160311685466,0.06136113609078501,0.1400430005432128,0.19276933540880187,0.039264699840688005,-0.039331346117854354,-0.044707783463506595,0.10561974190544446,-0.0033377916345227717,-0.0373666503854985,0.057166072480108826,0.17141239894644103,0.06771535648911063,0.05757507977011599,0.11598460744886267,0.23676044315209502,0.20808793656735153,0.21970173508561308,0.09121501641050454,0.2654356886249412,0.15523378692363524,0.1716844618313119,0.10925698530586533,0.21055567474790818,0.06807049897976418,0.14190818334116959,0.059738801371269974,0.1335564005532554,0.0890038207489033,0.09916053079651431,-0.04370535041790868,0.20953041763478752,0.12619426933312639,0.1750797701159919,-0.061860526688182156,-0.10185650965229816,-0.1184514326667184,-0.09446333770033825,-0.05772754454116777,0.004272665440253438,0.02113417356333907,-0.021000881009006378,-0.22723367736811112,-0.06906836721185756,-0.2728589883460311,-0.12374113855578431,-0.26483952398124777,-0.1994960445890983,0.2501837337435579,0.22122820872153268,0.11903481583259916,-0.08517576814399248,0.26895515983694485,0.14914067385776955,-0.07084316670242437,-0.007900779213665226,0.07523543025649687,0.007772051472837077,0.052255246111920096,0.0871267694358347,-0.09426705071964285,-0.13172864922603586,-0.14381901427417182,-0.10278864456992609,0.198196898665705,0.22333258774712758,-0.0611018546837269,-0.07577133936193037,-0.052633212670096366,-0.0046561097746351575,0.25691226884925616,-0.3654379710316935,-0.16853474051317632,0.005006687451784157,-0.07754248700169354,0.01756357644008454,-0.084579603500299,-0.3281260984082495,0.059977997598908095,-0.2871979805265056,-0.13281324891471558,0.1409897428640553,0.06444968890795967,0.07862799965307417,0.24956018021883716,-0.156167747766665,0.024152428252543743,0.18723952032939695,0.2677107916756061,0.18813513673898852,0.13615743128814473,0.10268000200851794,0.05724732616048971,-0.21094277093309352,-0.07581333564617218,-0.3883788977801312,-0.29414380075502017
#49,0.5787517060990474,0.42072881812413554,0.32289573509474273,0.1480414667658753,0.21937672036408953,0.3160494278006272,0.08911063738490964,1.0,0.3846330118183022,0.41323430731237476,0.4747972081600606,0.24238246746429173,0.3837574805881306,0.12244290559509191,0.09578987250475882,-0.2301067709878713,0.38490781359127574,0.2871824601605901,-0.008292440212355125,-0.2995448880935969,0.07722295005637544,-0.3124377473558318,0.024751331784339952,-0.15092916778885,0.21968164990619307,-0.07045515755453811,0.20862475863548594,-0.1966476009622627,0.3376912086256716,0.20527783737395408,0.17350217056882142,0.19081924707966055,0.24487029082426837,0.03211163707906713,0.20330492497729005,0.1840697138318414,0.1497441422030703,-0.011328954155577975,0.25729297429553516,-0.09647185564233773,0.19559130311731115,0.12935951101717738,0.20416037102804166,-0.06833708408842956,-0.1323604194150648,-0.40210985680180034,0.0672269214441244,-0.018747689063163323,0.01917586856988958,-0.2121570113253023,0.1624790589180479,0.11208534375328096,0.11684918312662336,-0.08217394678340416,0.009340521392998489,-0.18227848101265823,-0.1434446995667992,-0.42871450286898527,-0.015877334331505885,-0.2348395696293828,-0.04796979919385393,-0.1427234590330812,-0.11786531061273492,-0.23922635540724985,-0.07165752943163507,-0.06776556943766063,0.0876617655785673,-0.07481820630218153,0.13524355562453497,-0.13562791292161758,0.3628323754832996,0.2154235918691542,0.23239100366554524,0.3037664276225995,0.04905713777063638,-0.12427248284771325,-0.02839313999826537,-0.14533727124578324,0.12568118429521563,0.05240405903216824,-0.08278471883031219,0.24373639114973958,0.22238036765007965,0.06586386813166747,0.09151172928829993,0.06743598990263253,-0.14247239429033126,0.14698516892092373,0.04889736929797733,0.05301300515367445,-0.11499221699297475,-0.02342023216641484,-0.18117288318185762,-0.14305760338161386,-0.2652494442339558,0.10960208520680888,-0.04463383348473298,0.17321550028073604,0.04498167227377926,0.11421802462260404,0.1626826496003506,0.3188723084718374,0.26810610452509964,0.17422341110253942,0.2819995709075306,0.27008540766067,0.20064637759224346,0.09053485919832745,-0.14336161996101648,-0.24121570113253024,-0.2286241195615953
#50,0.3100384813778433,0.4897433205366395,0.23486604554770915,0.08302117616984758,0.17094678796897753,0.22154500677874805,0.1386699046410459,0.3846330118183022,1.0,0.3077661172152812,0.2919508643474371,0.21411166446794816,0.28590613830471956,0.24209671013890727,0.06374396874015711,-0.200731283123428,0.27991253817325296,0.32456828276280775,0.102098444768039,-0.1460557728913985,0.007548375611114408,-0.23796098910379015,0.09692377217928762,-0.15749610849648737,0.26015693828828623,0.09406802485084471,0.22764085873271647,0.03197560563663172,0.2810491767358845,0.07784467765569437,0.12094564676560139,0.1607161279425929,0.2357671397335062,0.21797988743169897,0.15595502745735323,0.10919581680490444,0.2535032661240625,0.06530148310790762,0.11191918454171555,0.05304495884820626,0.15035674017538014,0.04714356794953142,0.23495642885509913,0.0266229053212031,0.06295973378007641,-0.10016296384211223,0.08704003797924836,0.046700781039590626,-0.03364358849119219,-0.18683507785289433,0.12500376597114124,-0.07683037609498464,0.05817672219001493,-0.10229290582333259,-0.08922567068522415,-0.030707500445069317,-0.137206425431489,-0.2912095386342991,-0.06656411052326457,-0.0939931619093702,-0.15032661240625014,-0.179956816864247,-0.009614410203271145,-0.1027274760689652,0.20371028041649358,0.22436149671105188,0.17332505580484509,0.17184605622937274,0.10449497185792475,0.03867492593590089,0.29822656995348457,0.23572605641196528,0.023202947043598533,0.01771512824843541,-0.0354905120351308,-0.1620645738518353,-0.09846211433031904,-0.14116777059073252,0.13014648486536082,0.01358762387762648,-0.07764017401069079,0.06467975550858869,0.06984438550763009,0.006654585126924639,-0.08713589906284379,-0.32882360191174387,-0.20580370388967759,-0.013116535123957511,-0.08024668252178557,0.18275504754253266,-0.06222114695504115,-0.11056252196816499,-0.007337481227204463,-0.21005902303861376,-0.20570601688068035,0.2644971629684069,0.10275577791269337,0.21312840363906932,0.24321417648481972,0.02167556044497802,0.10168761155263002,0.44180364911191555,0.26993476881502004,0.23557633052901625,0.23417858463392477,0.3048345939826628,0.15406702059187372,-0.039786001542906964,-0.02254470093624325,-0.31136501618226387,-0.22833197149730447
#51,0.5951476032446694,0.584474156308344,0.4594840847777164,0.5140792542920659,0.06061981037764702,0.19036367869190704,0.33092067723573154,0.41323430731237476,0.3077661172152812,1.0,0.6070535498272218,0.2326749350655279,0.4154044196524351,0.2311283762501883,-0.16402926958419115,-0.25889157198482654,0.48156500066189795,0.19241236699274653,-0.14069029109815717,-0.29141039042849903,-0.1593877672127705,-0.23083531522319656,0.12237260746712193,-0.117884482829454,0.21198811322563416,0.0524926164141564,0.4216965585870989,0.16471216568447097,-0.04372452263462776,0.11624845366942534,0.2433867264352915,0.13737806241925987,0.30068335258163026,0.16236311265503248,-0.005990861243363902,-0.008771745630332273,0.049636869085713506,-0.13649796637558373,0.09621622608608325,-0.03697042457330406,0.011401991171650682,0.006086722326959332,0.0772795537438318,-0.1415776908434406,0.01000881009006377,-0.07998283630122291,0.3701150789484496,0.23439860864484383,0.18983963810158536,0.02812381600149726,0.24611739787370987,-0.023178297050673993,0.2275833420825592,-0.037467076282598474,-0.07425673424112259,-0.2205790922411865,-0.1714370489393656,-0.3105689127070714,0.061270752783395034,-0.10715625813107406,-0.05881944793145476,-0.1408564503097226,-0.1590435802745279,-0.18445954890512947,0.2160845768646122,0.1429717848877284,-0.005877653868451204,-0.088435957948938,-0.0954064281703771,-0.09087174243496282,0.225291805703278,0.1347733798335669,0.004224278417105269,0.20259190110788025,-0.2008344479086307,-0.10608443992020707,-0.22740074954237743,-0.1280302373246541,0.057909224118648635,-0.030327707961491233,-0.1176270273477977,0.006083070476155697,0.11876731776123287,-0.0405318920695495,0.005429389182304957,-0.04010097367472052,-0.1567054827975003,0.0187038668535197,-0.02326228961915761,0.001133899674528797,-0.19118078030922048,0.028635988076707124,-0.022499052801197808,0.018723952032939695,-0.04928081363235905,0.23655046173088598,0.12431174024385233,0.40682257026389185,0.2516791666476466,0.15031383092843742,0.11500499847078748,0.3368567607170409,0.1526427987784559,0.17873070795692642,0.15729525670228742,0.38780464424125954,0.08240949116023864,0.06637421428147552,0.07988332336682386,-0.1723993116261235,-0.1896698270392163
#52,0.48114047300597534,0.4029926917335792,0.40137948664107326,0.2571724632190152,0.15426422053527003,0.07955283086909484,0.25414599186550235,0.4747972081600606,0.2919508643474371,0.6070535498272218,1.0,0.37190083399142726,0.48388301295950553,0.27561248385197223,-0.1251233640849603,-0.27024608909603,0.35507219252557437,0.11424084869012677,-0.17727179356087408,-0.26453733332724694,-0.04235873043406812,-0.23726713745109942,0.059934175389264474,-0.13627520347656197,0.24976833571464438,0.008305221690167848,0.3224584259610074,0.060611593713338845,0.03019532836985945,0.08161247472234522,0.19253744288277103,0.03955045716607248,0.2724527199441267,0.060722062200148814,-0.01039134146174458,0.06040800303103617,0.07806561462931431,-0.09354307129782213,0.19930067057110382,0.022069960331770645,0.08951507986141226,0.01197807063592417,0.1778944341228939,-0.018373374355790693,0.0776712147425217,-0.1430238237616802,0.24789950106588396,0.15265466729356772,0.11853999004870656,-0.10763738947445302,0.1159051796938836,-0.1230801535603263,0.2454500221393455,-0.10119369873143833,0.10132607832307011,-0.15077031227889184,-0.07008997247417456,-0.25333162913629165,0.08980631496300219,-0.11847882154774567,0.1706153825085476,0.02663203494821219,-0.24189494538200643,-0.259368138514701,0.2058575686890312,0.14425267155710353,-0.0776730406679235,-0.1837410472595142,-0.06957688743626379,-0.0953543892964253,0.2970251110390885,0.22058822186819557,0.04729055494437775,0.15309380235270487,-0.05020838373648245,-0.03382618103137396,-0.05320564028356622,0.013767477529705524,-0.037849607654279284,-0.07866451816111053,-0.0944076469755828,0.17614702351335437,0.2376131503147439,0.012309476096354084,-0.006912953571281845,0.06769253242158792,0.04731429197460138,0.133600222762899,0.04107693080199208,0.15199642118621243,0.041684050998096474,0.011789087356836037,-0.204247102484628,-0.07489033035555333,-0.05421081221726686,0.28699530280690383,0.08865141714635248,0.36244071448460974,0.13942583775739842,0.007974729192438842,0.1436702013539237,0.22869533065226622,0.07932459019386763,0.14803233713886618,0.11959902678176083,0.357068841952462,0.061565639735788595,0.24056749761488494,0.06900902463629849,-0.18967165296461813,-0.13951074328858296
#53,0.25611981722486726,0.18525930423112563,0.17165707295028462,0.036847174608681366,0.2466889125244788,0.33486011129015325,0.07357292517814185,0.24238246746429173,0.21411166446794816,0.2326749350655279,0.37190083399142726,1.0,0.5354270611274177,0.31116416438806394,0.10062309704337029,-0.08107656561691172,0.25641653010266263,0.05596461356571277,-0.0004354832083335235,-0.163560006755924,-0.02682284415270214,-0.24514783148534466,-0.014903203129636139,-0.12992007011553544,-0.08162616916285885,-0.1911734766076132,0.023721509857714762,-0.14536922494031507,0.11167998831407742,0.17621001793971708,0.12464679755508588,0.08727923420688648,0.06272966717944739,0.1165743813536498,0.11163799202983563,0.12304637394039267,0.26207872477369937,0.04911100256999,0.09112919791661912,-0.07530755430986867,0.14423349934038446,0.08515020518836702,0.22582406295790786,0.20567771503695217,0.14362364025617733,0.013546540556085581,-0.06505407021596132,-0.10058110075912849,0.022166734378066984,-0.20581922425559304,-0.05351696056457613,-0.09239182533197607,0.07182094975509776,-0.08649226035870304,-0.026054129558536886,-0.11843682526350385,-0.10794870975546295,-0.2630227282064391,-0.006011859385484806,-0.09322536027790584,-0.044210218791511276,-0.14586496368690857,0.1250704122483076,-0.15526208876736342,0.03072941154989113,-0.020189257167898406,0.287334011968941,0.13189389547490038,0.08884040042544061,-0.04746858267105497,0.3452724508940187,0.261571117511994,0.3201303710736898,0.3554273350162279,0.022246162133046053,-0.08808081545828444,0.00804046250690428,-0.14769636686493173,0.08198952831782058,-0.05844787211218486,0.3043059885788366,0.20269871774388656,0.05013899857121337,0.2159896287437177,0.07848192562092876,0.03753463552246573,0.14262668498678485,0.23473457891877827,-0.09359967498527848,0.2717150460817923,0.12717935608740705,0.030484737546047556,0.049574787622051704,0.0035258619509099956,-0.009886473088141985,-0.07067335564005532,-0.1348062464907996,-0.01970629989911762,-0.06854432662153588,-0.07590371895356215,0.02861498993458622,0.23143056690418912,0.20396773589814987,-0.06137209164319592,-0.1426705071964285,-0.052964618130526275,-0.02856934179954078,0.05852364801636029,-0.01457636248271077,-0.08621380673492585,-0.03436391606220928
#54,0.3230308535744772,0.3313698548845787,0.41140655598515524,0.21166948924301698,0.2236849913496784,0.4616131137962359,0.3241957939808369,0.3837574805881306,0.28590613830471956,0.4154044196524351,0.48388301295950553,0.5354270611274177,1.0,0.4060593334459321,0.033783271784431246,-0.0663303920718319,0.3808223055047086,0.10558687524821174,-0.03728630966781852,-0.06357233175238626,-0.07263713840971027,-0.06195638777177758,0.14174111116690327,-0.006371566689642894,0.09980234357525324,-0.12803662806356048,0.0697220485057083,-0.1624060219019752,0.26201390442193484,0.3878858979216404,0.14937530527190312,0.1492100590230386,0.15478187038668534,0.08551356434332875,0.29273144745671414,0.2968470833124113,0.22709125518676934,0.15268935987620225,0.07113348884131339,-0.0769289760666828,0.2412421770508566,0.23404985689309662,0.28455130165657083,0.20690564986967458,-0.015152441946984256,0.04755257523953859,0.10206010033460083,0.011520676322768833,0.06958327817517015,-0.22914450830111335,0.10905978536246902,-0.06654311238114367,0.04180273614921463,-0.14739052436012726,-0.2162187823816458,-0.15273135616044406,-0.2834009686534257,-0.1449803028297279,-0.1763570049345634,-0.2080413754696052,-0.09435104328812646,-0.27150780354868603,0.1977833265621933,-0.01703131918545468,-0.03265758877421063,0.08904764295854693,0.2698626447616483,0.06894511724723486,0.1509519918563727,0.12570948613894378,0.41784111710116084,0.38659496866255527,0.38662235754358254,0.4225629601902614,0.10458079035181017,0.02550087416178612,-0.09330935284638946,-0.15768874362637914,0.1831613159444371,0.09273692523291961,-0.11965654343191809,0.26995850584524367,0.1294425906229601,0.0813732784947071,0.22083198290933823,-0.11633883697681531,0.010541067344693632,0.17337344282799327,0.07490585072146877,0.1423098869295695,0.06273788384375556,-0.03730913373534124,-0.012096755787042321,-0.24355105972145508,-0.13869911944747498,0.040058064427777804,-0.05595913578950732,0.1773795231595813,-0.012290303879634997,0.11930870464287181,0.06989916326968462,0.3323905471841948,0.25709212250133523,0.12722135237164886,0.0599369142773672,0.17272158745954433,-0.0972515257889139,0.011417511537566132,-0.004336572829317058,-0.35921886911310236,-0.3779574285492566
#58,0.23223853889449347,0.16652713553387777,0.09651659081468227,-0.03742599296105758,0.24649536443188613,0.20974039905599656,0.2643200482044306,0.12244290559509191,0.24209671013890727,0.2311283762501883,0.27561248385197223,0.31116416438806394,0.4060593334459321,1.0,0.07344511040001461,-0.044580881648080266,0.051811546239278396,0.11204426043174007,-0.1447858417744343,-0.1606640890686411,-0.16938470878772247,-0.2554423989007929,0.11363190256862056,-0.11050957013151227,0.07091894260659981,-0.057885487088425,-0.03930669612492982,-0.04053097910684859,0.16495501376291272,0.20163602916002868,0.04390528924940772,0.04898775260536731,-0.059029429352663795,0.027813408683188247,0.07131334249339243,0.017931500408550807,0.039310347975733455,0.1873582054805151,-0.055096386037148455,0.11799495131626397,0.032978038682229635,-0.05253187381029548,-0.005989035317962085,0.028646943629118033,0.00980978422126564,0.06189521927081669,-0.03917249060789622,0.01494246052577522,0.1754906033314009,-0.13259961564270292,0.11587687785015544,0.11213920855263458,0.0038563544486390007,-0.013199614729740216,-0.11018729429809145,-0.052415927547280056,-0.002499691875088443,-0.11816202349053029,-0.05306869587842988,0.07965416972889573,-0.3270278042790562,-0.1668201965608695,0.11624206293051897,0.0809825304587181,-0.017599181985419987,0.026558084969438574,0.40558094099065584,0.24607448862676715,-0.098963330853118,0.04508301113358014,0.20024284807844175,0.19755234699886337,0.03428996608343566,0.08721715274322468,0.017457672766779113,-0.0491520858915309,-0.05186267215052929,-0.17304203736756335,0.29677313333363764,0.06298529673570186,0.10037385822602217,-0.10857956698179096,0.18055572039604323,0.0940041174617811,-0.03418588833553205,-0.23711467268004766,-0.20240474375419393,-0.05562133959017104,-0.057216285428658815,0.03168710942314452,-0.21339590171043563,-0.1426193812851776,0.006086722326959332,-0.1949677495925904,-0.03465880301460284,0.17999059648418064,-0.0658666070197702,0.05101452980138496,0.03883378144585903,-0.16820972579165278,0.10745023212076671,0.22213934549703973,0.13948152848215387,0.0948394783331127,-0.020134479405843873,0.024812500285300843,-0.04876590266904646,-0.1065217490539424,0.12230322230185285,-0.20950394171646117,-0.12113736893279226
#101,-0.23272149616327426,-0.129173266626192,-0.04522178146411828,-0.10400836273834033,0.15574413307344329,0.07212953114800495,0.035043160311685466,0.09578987250475882,0.06374396874015711,-0.16402926958419115,-0.1251233640849603,0.10062309704337029,0.033783271784431246,0.07344511040001461,1.0,0.6164826286022085,-0.11289696759438893,-0.011822866976769665,0.7526756654356886,0.30121469687355923,0.4469016328337906,0.28108021746771533,-0.13750039942118164,-0.1432383699963938,-0.1450843805776315,-0.06744968434314616,-0.53308896365039,-0.7324699749391739,0.536254205334441,0.2788188088575641,-0.11851534005578201,-0.1137186340252069,-0.42339832106159303,-0.2700826687725673,0.339109039700183,0.3692733273382116,0.49900989195086437,0.3059438436642671,-0.017765341196985397,-0.1046967366148256,0.29576430954913335,0.3394167081303893,0.23238278700123707,0.5175065162712778,-0.14427184377382263,-0.09468610059936002,-0.5254575084334929,-0.46363167432794533,-0.46475827030086686,-0.6300401247107049,-0.4667631363920627,-0.28133675998667074,-0.4694025115603902,-0.34268876645044666,0.06455741850666691,0.28433949430996,-0.19470664226013046,-0.06122419168564868,-0.424119561595311,-0.5955483938703684,-0.2256935092916779,-0.3189188695695837,0.5315542733501623,0.21997014611968027,-0.5209456467656014,-0.09330570099558583,0.4015045625310978,0.36686767062131675,0.7539693335828764,0.46339339106300814,0.39407395910840065,0.4349737751464164,0.32477004751970856,0.17483874796295198,0.15494346478474622,-0.3400402616551101,0.045817946107811765,-0.3530782819867894,0.33388141527477894,0.4272802384658575,0.07642228176767839,0.005557203960432197,0.14629040430553208,-0.09779747748405739,0.10548097157490631,-0.3484559518320879,-0.20395586738303806,0.013605883131644656,-0.23559824163383805,-0.0812911118516253,-0.04082312717113942,-0.4819703561011015,-0.23617340813541063,-0.3172024996918751,-0.14115316318751797,-0.26198651554090757,-0.09774817749820831,-0.47929720131284037,-0.4499554930683307,-0.3724276134698517,-0.3206051116781624,-0.08293992248946669,-0.1433935736555483,-0.14175206671931417,-0.310612734916715,-0.4723102977627849,-0.26778108980357607,-0.12056402835662149,0.05608512464223274,-0.17348573724020505,-0.2169108081089347
#102,-0.3525578932472714,-0.2312424965878019,-0.026582734962363113,-0.059384571843317344,0.02157239565977532,0.018898327908813285,0.06136113609078501,-0.2301067709878713,-0.200731283123428,-0.25889157198482654,-0.27024608909603,-0.08107656561691172,-0.0663303920718319,-0.044580881648080266,0.6164826286022085,1.0,-0.236870911638905,0.06034226971657073,0.5669525761525013,0.6633084855318236,0.021702036363304377,0.6041959765733771,-0.20110924968160426,0.005795487225369407,-0.301106967274852,0.16214034975601072,-0.5516933175695107,-0.39646500842208093,0.3899902769472353,0.3378792789420588,-0.17645560490626155,-0.08727558235608285,-0.5458850488663286,-0.271007499988588,0.16380376779706665,0.29837081806022814,0.29879169386534715,0.45551908776766925,-0.22527445941196073,0.12952019245253735,0.2636800613510935,0.3182140623644821,-0.028674332510145298,0.4924073456978915,-0.3482925315086252,0.16955817170089515,-0.52611758046625,-0.4666088456956091,-0.30587354553629714,-0.3711768545696066,-0.44964052093651713,-0.11462885783801303,-0.5029758019236125,-0.006049290856222069,-0.13917933782815303,0.5775255971917267,-0.41109888755494894,0.19203713932267297,-0.4016159439806087,-0.44206110459357184,-0.21002980823218467,-0.34567324151971773,0.5159471759781254,0.2547056380011595,-0.22466094847694998,0.12019245253735159,0.20118046077227514,0.1995955575234974,0.5714370489393655,0.6579037463424432,0.261471604577595,0.3076547357657703,0.025638731529623357,0.1545280667558327,-0.058174896264613106,-0.25258756453505093,-0.26293964860065644,-0.40761410892557987,0.11622015182569716,0.4879301766126345,0.015407158540537827,-0.029793624781459555,0.12953114800494825,-0.21688250626520653,-0.07332094747269101,-0.312625817672219,-0.08016177699060105,-0.05010978376478429,-0.1221836241880338,-0.30063770444658483,-0.05852182209095847,-0.3924004984776347,-0.07238972551776397,-0.11956159531102357,-0.01891841308823328,-0.17992668909511703,0.2346341530216783,-0.3093355000981435,-0.2668133493406127,-0.3446443325557934,-0.23669927465113413,-0.23200116859225717,-0.2366444968890796,-0.24475617048665477,-0.48663650846544665,-0.6931121529029931,-0.5363765423363629,-0.33073899765825066,0.18885911616080925,-0.017366376496688228,-0.11054791456495044
#201,0.4580470814864859,0.46030027343232893,0.573305883588126,0.278589655219636,0.15839994157038714,0.24833133242341385,0.1400430005432128,0.38490781359127574,0.27991253817325296,0.48156500066189795,0.35507219252557437,0.25641653010266263,0.3808223055047086,0.051811546239278396,-0.11289696759438893,-0.236870911638905,1.0,0.4943966914231719,-0.15015588838118019,-0.2993650344415179,-0.10385315907918583,-0.340611776305879,0.163910584433073,-0.11520493730228651,0.22226533434976514,0.02419533749948646,0.2993677733296206,0.0345519863785965,0.21508670863251883,0.14937530527190312,0.16902956629706894,0.30976733145567337,0.26989003364267555,0.2134342461438738,0.13595201468044024,0.0583492721404867,0.09705067399471394,0.06043082709855889,0.14672771343926744,0.08495209228226981,0.1472198003350573,0.05089767057566863,0.17589048099439897,-0.12972743498564365,-0.14993677733296207,-0.2883711375971735,0.2984265087849836,0.2681864452427796,0.1367508570437355,-0.04902518407610457,0.32946906654128644,0.16748118155632752,0.3065244879420451,0.05709942620294248,-0.1148735318418566,-0.15060232714192462,-0.2660053773503084,-0.4842198961961409,0.03520018989624179,-0.08836292093286528,-0.012094016898939594,-0.12153085585688397,-0.17511172381052373,-0.020881282895187318,0.15056306974578554,0.2250955187225826,0.010114713763369197,-0.10478072918330922,-0.011171924571021652,0.01630277495012941,0.3664075374200587,0.28040097321823915,0.15494802959825077,0.25594270246089096,-0.15065893082938098,-0.15134182692966078,-0.09691646847768035,-0.13163187517973954,0.013163096221703863,0.025886144421569657,-0.23660706541834234,-0.04603705715602989,-0.059029429352663795,0.02649691646847768,-0.06934225602213022,-0.11651777766619345,-0.13995900797472918,0.06739673250649345,-0.05696248179780615,-0.018116831836835306,-0.1579754139144645,-0.026323453555304997,-0.1424340498568931,-0.11528436505726558,-0.12974478127696093,0.4075848941191508,0.1514760324466944,0.4681654471006587,0.3618865461251581,0.29928195483573516,0.3511683640164881,0.4392062702278298,0.30004336572829315,0.2657104903979148,0.22210100106360153,0.2971383184140012,0.08006774183240743,0.027483829148160152,-0.03547316574381354,-0.30409144234412305,-0.22694700708002574
