,#10,#11,#12,#13,#17,#18,#26,#49,#50,#51,#52,#53,#54,#58,#101,#102,#201,#202,#301,#302,#401,#402,#501,#502,#601,#602,#701,#702,#801,#802,#901,#902,#1001,#1002,#1101,#1102,#1201,#1202,#1301,#1302,#1401,#1402,#1501,#1502,#1601,#1602,#1701,#1702,#1801,#1802,#1901,#1902,#2001,#2002,#2101,#2102,#2201,#2202,#2301,#2302,#2401,#2402,#2501,#2502,#2601,#2602,#2701,#2702,#2801,#2802,#2901,#2902,#3001,#3002,#3101,#3102,#3201,#3202,#3301,#3302,#3401,#3402,#3455,#3501,#3502,#3601,#3602,#3701,#3702,#3801,#3802,#3901,#3902,#4001,#4002,#4101,#4102,#4201,#4202,#4301,#4302,#4401,#4402,#4501,#4502,#4601,#4602,#4701,#4702,#4801,#4802
#10,1.0,-0.042218134178128155,0.3338649819461626,0.20685269803302186,0.304452062610982,0.03296982201792146,-0.09319705843417767,0.5360323553981202,0.16977454386101057,0.3720879913451136,0.24161375287012649,0.21941141294672406,-0.10102480063177019,0.1167807109240552,-0.21944336664125588,-0.24891745447739733,0.295747876220517,0.15351741704592659,0.05670776520425258,-0.08398526478200734,-0.1790593745292536,-0.21132073749126978,-0.13718999210287264,-0.15604997557824776,-0.04666791438235791,-0.1654160599268717,-0.020765336632171894,0.044243085448743995,-0.07662313356187833,-0.048447278686429264,0.12280626475005364,0.02009065719620025,0.1407934558833599,0.08149926734743253,-0.04814508803242844,0.06112467875124962,0.032102507452058046,0.0338298328821776,-0.1197405360004017,0.1380417863028206,-0.15397937617258647,-0.02193758074013886,0.0974587683220202,-0.09013680746073119,-0.37877179127846733,-0.19849087265539767,0.19860316706760944,0.19596287893658104,-0.014690482820324376,-0.19016830467391255,-0.06878626173727673,-0.004887089337965098,-0.06949928560668654,-0.09338695467596671,-0.1477027576038381,-0.08914441700484327,-0.1491991034706277,-0.13071343470262523,0.045492018423587306,-0.333049706254251,0.15613579407213318,0.22019290901870203,0.04564904800814363,-0.082816672524844,0.2902637092761575,-0.09879351979074895,0.25586783951941644,0.0227765934622741,0.08364016488106378,0.025129298342516218,0.2149315049733643,0.07741649814896813,-0.00726809606193539,0.07711248156956547,0.014744347619677998,0.13896022677993491,0.09790612004546555,0.2629268671228437,-0.06897159316556122,-0.2409765049048921,0.056294193100740866,-0.030352357954415772,,0.08718337312329105,0.18701584446767427,0.18436186189613224,0.26113928615446413,-0.14354329953849734,-0.04701210132060055,0.021430886441134448,-0.07300962719168108,0.16528002848443626,0.05147648892804484,0.29956588623571784,0.06638973464739098,0.23640347473603965,0.0016570273021495707,0.3591257469176097,0.20810071804516425,0.11518667804826833,0.1233595201468044,0.20924374734670215,0.05371142161986972,0.25289066815175265,0.29572961696649885,0.35464857783235265,0.236049245208087,0.2356749305007144,0.1145339097171185,-0.019633262883044914,-0.0015200828970132426
#11,-0.042218134178128155,1.0,-0.05408391040184053,-0.05910977007034378,-0.08135867109149256,0.015019149392651563,0.15143221023705075,0.21242907421017315,0.2392555702136789,0.11215472891855004,0.12018332291034249,0.11667389428804886,0.20186974761146134,0.05686114293800527,0.08709116389049926,0.06344999475046446,-0.08046396764460188,-0.11584766304372635,0.0816416895287743,0.11355886555254785,0.0759813207831394,0.016301861987428504,-0.15761388068490462,-0.2422738249028836,0.00853528829079688,-0.09190247732428891,-0.07475247298771609,0.025027959482715335,0.1456522433775968,-0.03291504425586693,0.07087146854615255,-0.13187381029548037,-0.023178297050673993,-0.27667882428663376,0.3192119305965755,-0.03389556619664304,0.09800928483066824,-0.07597949485773758,-0.14331505886327014,-0.2631514559472673,0.27659665764355196,0.16544618769600167,0.043151182058457,0.2114458133812943,0.050192863370567,0.1180698142577385,0.037212359689044905,0.03300816645135963,-0.01882985570624512,-0.008164625434227885,0.0050952448337723165,-0.01923795003355138,-0.2466441773521343,-0.2044744301971543,-0.12443407724577413,-0.18388073055275328,-0.20817284209853607,-0.12346359789470801,-0.24576499427115905,-0.1094094500769171,-0.1670247002058731,-0.08388027407140282,-0.015130530842162444,-0.017743430092163583,-0.07545728019281772,0.0729292864740011,-0.05732766687816969,-0.029731543317797753,0.09605463168802239,0.06386813166748073,0.1823880365367673,-0.026462223885843145,0.00043091839482897927,-0.05419255296324869,-0.045979540505872635,-0.06128079537310503,-0.044586359424285724,-0.07651175211236745,0.00841569017697782,0.02652065349870131,0.1959071882118256,0.13012183487243628,,0.3140892968817759,-0.11499678180647929,-0.06032583638795437,-0.21176717625201422,0.32081874495017504,-0.03184413900770084,0.0778054202595553,-0.05700539104474887,-0.17775566379235577,-0.15199916007431516,-0.21611379167104128,-0.09560545403917523,-0.14702716520516554,-0.2933668694965467,-0.07049076309987355,-0.044918677847416544,-0.22196405665846522,-0.09752906644999018,0.004737363455016045,-0.11804059945130942,0.04280973400831709,-0.14713306887847097,-0.056506000447351726,-0.22528450200167072,-0.11337170819886154,0.09323814175571857,-0.07126404250754335,0.058281712900619446
#12,0.3338649819461626,-0.05408391040184053,1.0,0.44172422135693645,-0.019040750090155066,0.22186089187326252,-0.10538419752860997,0.0872828860576901,-0.22940378970817146,0.1529194264768313,0.1888645939370147,0.007627803366093478,-0.13433607069983156,-0.0811989026188335,0.004888002300666007,0.01993910538784938,0.6419305509273419,0.718424956748392,0.18888741800453743,-0.10860878178822005,-0.18791419976536858,-0.08921106328200962,-0.09951932513797149,-0.0824250115261541,0.13220247686780756,0.12453450314287409,0.2571423354498852,0.10747396915099033,0.17095135278248208,0.05235202015821644,0.17388013712699768,0.009170710330629443,0.42352339695161756,0.358912113645597,-0.05729662614633879,-0.11311790456800887,-0.09041252219640566,-0.14419424194424538,-0.043304559792209686,0.057252803936695164,-0.07181090716538775,0.12911757590143655,-0.10522625498135274,-0.22491931692130718,-0.5265138062784445,-0.32636225447009365,0.2190562704560705,0.2402013995718205,0.11280567132429804,-0.030862704104223822,0.21346254798760197,0.29753363126349475,0.3418415370640033,0.33491306312680597,0.12360236822524616,0.17016529189699955,-0.12562275468235745,-0.29129900897898814,0.02623398321061593,-0.3412691094505334,-0.062264056201983865,0.0576892001077296,-0.25912620339896014,0.1001191416324686,0.4251521224100389,0.26636325872906463,0.017615615314036347,0.06731273993800983,0.2331898460288405,0.3031675240908033,0.43389556619664305,0.3635691363829331,0.03979878302071969,0.2167437359346684,-0.025386753824172513,0.13615834425084564,0.12815713914008042,0.11820310681207119,-0.06212711179684754,-0.16637101891202236,0.019040750090155066,0.06854250069613406,,-0.17169267849562006,0.045008148192105614,-0.21080673949065812,0.043644181916947786,-0.09780295526026284,-0.03310494049765597,-0.11188814380988464,-0.2539825715420396,-0.1747501905809638,0.08044114357707915,0.07607626890403392,-0.24991806159759344,0.5645131398156729,0.39016830467391256,0.5722669320344917,0.4254086649289943,0.36269725700356514,0.4031031602203892,0.40786243478022705,0.31112581995462574,0.4107939580128454,0.48212464679755507,0.45103461498080494,0.5342502522059461,0.1250494141061867,-0.11855094560111747,-0.19470664226013046,-0.24455988350595936
#13,0.20685269803302186,-0.05910977007034378,0.44172422135693645,1.0,-0.12713644684046432,0.2481204380395039,-0.20460224497528154,0.13783910858321882,-0.10419369416662483,0.3198546563380153,0.20575440390382851,0.09250685863229058,-0.03763780030766843,-0.10716264886998042,0.01959583141230765,0.03794820762597744,0.3523826044086969,0.3479209556893553,0.30668060456390056,0.098963330853118,-0.21167222813111972,-0.16918842180702706,-0.027364231034341092,-0.014671310603605289,0.09068275915587469,0.13859047688606682,0.3133963581917861,0.24175434912606644,-0.00014242218134178129,0.22927141011653968,0.12067723573153419,0.06426161859157244,0.2921891476123743,0.23370384402945218,-0.041705962102918284,0.12672378769965353,0.09827586993933363,-0.029052299068321564,0.011740700333687867,0.29241099754869515,0.034875175174718234,0.28508721076200433,-0.11345752669274697,-0.10673538232595507,-0.3963718862265882,-0.365522876562878,0.448240036153323,0.31580201490868093,0.19638649362980276,0.03758484847101572,0.21094459685849534,0.22840683443877902,0.28740065824610733,0.22827445484714723,0.043170354275176084,0.0959012539542697,-0.14827427225460704,-0.17289961518622157,0.06324001332925544,-0.31709659601856965,-0.1378144585902943,0.06242382467464292,0.05185810733702475,0.14625297283479483,0.4582333258774713,0.30416447936019575,-0.003072119488558295,-0.10042041932376852,0.2239935727425856,0.2191996056001132,0.3525140710376278,0.16967229203850875,-0.024876407674364463,0.09461123765788548,0.08514472741216157,0.16730863160585574,0.08020286031214195,0.1323102064665148,-0.0713005610155797,0.05024855409532244,0.11650864803918436,0.1034295443859641,,-0.2165885322755139,-0.1442070234220581,-0.14597269328561582,0.011527980024376104,0.01541994001835055,-0.046883373579772396,0.04109336413060844,-0.20641995371279107,-0.14232632025818584,0.11332332117571337,-0.043548320833352354,-0.23290956647966146,0.16508282854103995,0.22238128061278056,0.4000182592540182,0.30448949408171927,0.2667549197277545,0.29839455509045176,0.3367864625890709,0.3451072046451542,0.12151624845366943,0.3170619034359351,0.3669507502270995,0.3674747908174212,0.017696868994417234,0.06886386356685398,-0.20158033843527323,-0.12054576910260331
#17,0.304452062610982,-0.08135867109149256,-0.019040750090155066,-0.12713644684046432,1.0,0.13397271154486984,0.0808884953005245,0.365633345049688,-0.03912319062204714,0.17267228747369526,-0.019854199856664857,0.3231714498304172,-0.13636467382125103,0.12520735665344393,-0.41302797774196937,-0.17195195990267817,0.03714936526268219,-0.16170212765957448,-0.3054946660154199,-0.0974898090538511,-0.21118288012343256,-0.027084864447862983,-0.10882697987373725,-0.018937585304952365,-0.009918426782673793,-0.13208835653019396,-0.16438076022404105,-0.13214039540414577,-0.004455257980435209,-0.01726868948769098,0.040828604947344874,0.13243710828194113,-0.07017761689346182,0.01038403776013731,0.13695992550224362,-0.01726868948769098,0.04526103886025736,0.06388456499609708,-0.128792561179913,0.11502051883670293,-0.0928391770554214,-0.018422674341639772,0.026351755399033172,-0.09677952407254402,0.01340320541204289,-0.028351143714023565,-0.052227857230892835,0.1341361318683325,0.09803393482359278,-0.18498906727165662,-0.22327324517156852,-0.3146197282110039,-0.10475060141417922,-0.13608895908557656,-0.20054412576974168,-0.03336330894201318,0.07824364235599154,0.10760543577992121,0.04606079418625352,0.09439121364696645,0.15233878219905325,0.09362249905280119,0.05302487366878626,-0.18618961322335176,-0.05199596470486198,-0.12056402835662149,-0.013886162680823676,0.09590673173047515,-0.20927661400393488,-0.2217139048784162,-0.18368535653475876,-0.21622243423244944,0.025129298342516218,0.052103694303569224,0.17987921503466975,0.1991445539492484,0.0538127604796706,0.0608033158805297,-0.14380075502015366,-0.06700324558240173,-0.1183391382545066,0.1299794126910945,,0.1175348181150059,0.5523232618331378,0.21972912396664035,0.18706514445352335,-0.12560997320454473,0.15958222826806412,-0.054812454637165796,0.11591248339549087,0.296269177922736,0.01306997402621116,0.33777976600765974,0.1452185860946651,-0.04528386292778008,-0.1060588769645816,-0.04645975888655069,-0.1453747027165205,0.06686447525186358,-0.07481272852597608,0.00519567073087229,0.05101361683868406,0.09040521849479839,0.039608886778930645,0.006858175809227314,-0.06819922672059232,0.24515970000045648,0.14943190895935946,0.12413645140527783,0.07577225232463128
#18,0.03296982201792146,0.015019149392651563,0.22186089187326252,0.2481204380395039,0.13397271154486984,1.0,-0.06267854126819648,0.04441198354841213,-0.014024020048660912,0.06768796760808338,-0.0871998064519074,0.19717803229149072,0.26165419711777677,0.2560988190827464,-0.0038819174042644487,0.0010480811806433648,0.09765049048921107,0.2801791232819183,0.006579722185450113,-0.08018551402082467,-0.2877758859161809,-0.2384165574915437,0.10496240876079008,-0.012800650029443047,-0.027353275481930187,0.12121588372507042,0.19403744060036426,0.0763729817818293,0.37844586359424287,0.5091739057000826,0.43992842372424873,0.2507096002592814,0.3888335532051838,0.26324092629195633,0.34679162082833104,0.24266274701347076,0.15274139875015405,0.2073612182574281,0.12442859946956868,0.27833676455148426,0.09644994453751592,0.2439345040558368,0.03493634367567913,0.0301076839505722,0.08422446100964545,-0.2344880789895329,0.23316337011051413,0.37034971036258313,0.27890371438874867,0.21730794688383007,0.3786293690971255,0.1692532421587916,0.17979978727969068,0.04236512117297448,-0.26694025115603903,-0.10763830243715393,-0.3029018519448388,-0.17188531362551182,-0.004465300570145206,-0.06344908178776357,-0.23803220019446106,-0.14669028196853018,0.40447260427175247,0.12135008924210401,0.1372374661633199,0.07413257131379898,0.3088844965238945,0.11904485842230916,0.1056863881826108,-0.04568100170267544,0.24263809702054623,0.02688675154176576,-0.07421017314337623,0.21572852141125776,-0.25199413877946014,-0.11291157499760347,-0.2708376889262189,-0.26615053841975284,0.1570953178707884,0.25233102201609553,-0.02804073639571455,0.42285510825455225,,0.18853136255118297,0.060926565845152394,-0.09575517992212428,-0.2587418461018775,-0.00282105474580836,0.26442595187773604,0.12995293677276815,0.31534096874472195,-0.02821785115969087,0.1502937457490174,-0.016664308179689318,-0.1917395134821767,0.0027808843869683705,0.06491803877352591,0.04659852921708883,0.0828057169724331,0.2538319326963897,0.3710289546120593,0.4090392437016986,0.24345885048866328,0.2840336518051555,0.26094117324836696,0.3212679225990222,0.3439924771873445,-0.1081303893329438,-0.1944939219508187,-0.19858034300008673,-0.17208251356890814
#26,-0.09319705843417767,0.15143221023705075,-0.10538419752860997,-0.20460224497528154,0.0808884953005245,-0.06267854126819648,1.0,0.04992171344839707,0.1791826244938763,0.18213423290591463,0.09840459768016177,-0.05172481478269205,0.10588632701410984,0.027593384672269215,0.1322170842710221,0.0532348550899953,-0.14582114147726494,-0.017973496692792617,0.09662979818959497,0.039692879347414264,0.1548795573956826,0.05322207361218258,0.056949700319993427,-0.008792743772453177,0.032984429421136,0.06673757343643726,-0.24652549220101613,-0.034161238342607515,0.0790525273089968,-0.1309078957579188,-0.05450478620695951,-0.05786722783440683,-0.08482062565333894,-0.06545759972976305,-0.07822447013927246,-0.15713366230422657,0.16215495715922526,0.0631961911196118,-0.017330770951352784,-0.08395422405017643,-0.05517946564293116,-0.12755093190667696,0.05390314378706058,0.06144786754737135,0.08994691121894215,-0.05828992956492762,-0.18209680143517737,-0.0875896415251955,-0.3055001437916254,-0.30502357726175094,-0.19457517563119958,-0.161706692473079,-0.4139482441444855,-0.045545883222940925,-0.08938635212058411,-0.02016095532417023,-0.18389807684407053,-0.0572354576453779,-0.08871349861001429,-0.07767760548142806,-0.06872965804982037,-0.14165620563571876,7.486294147452605e-05,0.04075100311776762,-0.019208735227122294,-0.0413161270296302,0.022148475124048807,0.28169829321623063,0.09981786394116868,0.11905855286282278,0.02652065349870131,-0.12975482386667092,0.2728973327794693,0.08460881830672808,0.018486581730703392,-0.18611748916997997,0.035863000817101615,-0.08217394678340416,0.10674725084106688,-0.0688246061707149,-0.1990203910219248,-0.07274486800841752,,-0.0425431488996517,-0.15756275477365372,-0.10819886153551196,-0.16211935161388982,-0.15304085051605218,-0.14152108715598424,-0.1714489174544774,-0.141032652110998,-0.1832142677810898,-0.2528651051961272,-0.1450423842933897,-0.12068088758233782,0.11720249969187509,-0.023957967197250157,0.032444868464898864,0.06158389898980677,-0.4051217207520987,-0.07394541396011266,-0.1460557728913985,-0.22489831877918628,-0.033328616359378636,0.06945272450894019,-0.09063711102082925,0.0649691646847768,-0.13916290449953667,-0.09299894552808045,0.010934554268785349,0.18218992363067008
#49,0.5360323553981202,0.21242907421017315,0.0872828860576901,0.13783910858321882,0.365633345049688,0.04441198354841213,0.04992171344839707,1.0,0.3988587966238639,0.2961943149812614,0.3019258948175672,0.1875252776547814,0.052394016442458245,0.057376053901317864,-0.07247280512354667,-0.2099622489923174,0.22321572852141125,-0.04741471787170135,0.12192342981827478,0.003403524948988209,-0.08480967010092803,-0.12677947842440898,0.031792100133749036,-0.11383914510172687,0.009625365755682052,-0.10034099156878945,-0.17986917244495976,-0.15649002360008582,0.1725718615765953,0.07106410367604432,0.06361706692473079,0.1717474562576746,0.13375725234745534,0.09531969671379076,0.21295859257670027,0.17914519302313903,0.16983479939927054,0.09821926625187728,0.048392500924374734,0.17143157116316013,0.08235836524898775,0.011521589285469742,0.10097641360862201,0.09868031241583625,-0.13350618760470542,-0.13893375086160856,0.17985912985524977,0.08482427750414256,0.03120780400516737,-0.2547421565091958,-0.11780596803717584,-0.17601007910821803,-0.22628054430836228,-0.26363076136524444,-0.15807401388616268,-0.19703743603555077,-0.22453404666152366,-0.1117493734793465,-0.025043479848630784,-0.2836602500604838,-0.005504252123779483,0.13058835881260072,0.19845983192356675,-0.07068613711786804,0.0684849840459768,-0.17351951686013867,0.18546380787612923,0.00851976792488143,0.15623256811842953,-0.004700844946979691,0.19495314218937584,-0.04880972487869008,0.010699009891950865,0.017153656187376465,0.02675893676363852,0.0641648445452761,0.05160704259427481,0.13885980088283492,-0.0006847220256816408,-0.11611881296589628,0.1145850356283694,0.0681234508164169,,0.07584894119150762,0.08006135109350107,0.24592750163192081,0.08463529422505443,0.01964513139815673,0.02919746013776607,0.09279170299497413,0.057653594562394155,0.08754855820365459,-0.04061953648883675,0.10176247449410454,-0.04538702771298279,0.05501421939406666,-0.1530134616350249,0.1430238237616802,0.014180136670516326,0.016571185984196615,0.0461310923142235,0.1768427010914469,0.060355051194383454,0.13115165679906146,0.08957624836237316,0.20092848306682431,0.12644168222507268,0.08040918988254735,0.12944076469755827,-0.16694892430169767,-0.10370434615893767
#50,0.16977454386101057,0.2392555702136789,-0.22940378970817146,-0.10419369416662483,-0.03912319062204714,-0.014024020048660912,0.1791826244938763,0.3988587966238639,1.0,0.2710193685036998,0.18564366152820827,0.040279914364098654,0.09675852593042311,0.0685470655096386,0.20574436131411852,-0.07222813111970311,-0.06909119127938028,-0.17120698233873655,-0.010178621152432817,-0.1092332482756417,-0.05020564484837972,-0.07187207566634865,0.13015561449236993,-0.061751884126774,-0.036324046981060586,0.08289610027982307,-0.28411947029904094,-0.3051112216810382,0.23480670297215006,0.00937156212482939,0.14661724495245745,0.17895803566945273,0.04915573774233454,0.012486590860330401,0.17143613597666468,0.16219238862996252,0.23947650718729888,0.13293102110313282,0.23235083330670525,0.1345971780322915,0.15180287309361976,0.004189585834470733,0.21156815038321608,0.34813185007326525,0.19347049076309988,0.05806534074050405,-0.07111979440079975,-0.1383220658519996,-0.09537082262504165,-0.24163292508684558,-0.10198797628122903,-0.2761776077638348,-0.25758420939712506,-0.17381349084983133,-0.11657164246554708,-0.24038490507470317,-0.37370484828842315,-0.20704533316291363,-0.1663673670612187,-0.1795633299401553,-0.02302218042881858,-0.1065929601446133,0.25342657725718615,0.0792387716999822,-0.16421460101247565,-0.3032852962792205,0.25047770773325057,0.029228500869596972,0.20149451994138778,0.0778775443129271,0.2013101014758042,-0.02892813614099796,-0.015693828828623208,-0.21892845567794328,-0.11445539492484035,-0.21019505448104917,-0.040631405003948566,-0.08626219375807401,0.29913314191548707,-0.07562709125518677,0.1022125651056526,0.0007057201678025444,,0.23977413302779516,-0.06279996530741737,0.13582967767851845,-0.05068677619175869,0.06947646153916381,-0.055933572833881874,0.06934773379833567,0.20192178648541315,0.02539040567497615,-0.19976354266046462,-0.03906658693459079,-0.08308873540971484,-0.14767354279740902,-0.13586528322385388,-0.15153446205955257,0.005967124213140272,-0.09284648075702867,0.07757261477082354,0.07679203166154647,0.003772361880155386,-0.023319806269314867,-0.002896830649983795,0.09171440700790169,0.048066573240150276,-0.09349833612547759,8.490553118452345e-05,-0.013130229564471144,-0.03858454262851091
#51,0.3720879913451136,0.11215472891855004,0.1529194264768313,0.3198546563380153,0.17267228747369526,0.06768796760808338,0.18213423290591463,0.2961943149812614,0.2710193685036998,1.0,0.3010722746922174,0.06233344136725294,-0.03753737441056846,-0.060999602861225105,-0.15201924525373517,-0.27162648869980416,0.27717091118242365,0.1903892416475325,0.07765204252580261,-0.1967626342625772,-0.17970392619609526,-0.22736331807164017,-0.018644524277960622,-0.1235658497172098,0.15080317893612458,0.015286647464017858,0.028062647500536365,-0.03153190576399001,-0.20625105561312293,-0.1728521411257743,0.1999068778045073,0.023913232024905622,0.216146658328274,0.020564484837971946,-0.031401352097760044,-0.11482879666951207,0.22541049085439616,-0.14652594868236657,0.02760707911278285,0.03279179429124423,0.03513354361907544,-0.029620161868286872,-0.044319774315620335,-0.2178055115558254,-0.21295859257670027,-0.28190279686123426,0.25238579977815007,0.09664623151821132,0.10641401945523515,-0.173706674213825,0.02718072553145841,-0.09741312018697476,0.011016720911867145,-0.004801270844079665,0.09530600227327712,0.024687424395276332,0.009400776931258473,-0.277578092547029,0.14778492424691989,-0.26990007623238554,0.12517357703351029,0.22977080071393682,-0.16659560773644594,-0.05722906690647154,0.2939593822894366,0.007607718186673483,0.026118949910301413,-0.02581219444279604,0.049692559810468946,0.02986757476023317,0.21129882638644798,-0.03655959135789507,-0.08846334682996526,-0.08409299438071458,0.023208424819803987,0.129133096267352,0.10221530399375534,0.3013224264722665,-0.0036838044981672272,-0.2584953461726321,-0.14250160909676035,-0.1593841153619669,,0.02376350614195657,0.034132936498879336,0.17537922188189,0.12788781514331232,-0.16212026457659073,-0.15539812020979882,-0.2331916719542423,-0.2615026453094259,0.03203860006299443,-0.11629136291636805,0.164210949161672,0.05474489539729854,0.0863635326178749,0.1389921804744667,0.35288108204339314,0.3145320837917167,-0.003138765765724641,0.2385206352394473,0.30475607919038467,0.04173152505854373,0.1821214514281019,0.3868022111956616,0.25560034144805016,0.18566009485682464,0.141052737290418,0.004581246833160631,0.17215737651038268,0.08816937284027261
#52,0.24161375287012649,0.12018332291034249,0.1888645939370147,0.20575440390382851,-0.019854199856664857,-0.0871998064519074,0.09840459768016177,0.3019258948175672,0.18564366152820827,0.3010722746922174,1.0,-0.14164707600870965,-0.11023111650773508,-0.0023326197008221227,-0.05391136045136876,-0.15302076533663217,0.1834087288363834,0.09578530769125428,0.03725526893598762,-0.11147548466907385,-0.09550594110477617,-0.06406350568547522,-0.10215961326899989,-0.08657533996448576,0.06215176178977208,0.06015967717638896,0.046750993988140616,0.08396791849069006,-0.0567406318614853,-0.08668580845129573,0.09352663796920577,-0.12470705309334587,-0.03112746328748739,-0.15581717008951598,-0.09135013489023906,0.05360095313305975,-0.0014753477246687086,-0.17510807195972009,-0.01207301875681869,-0.04896036372434004,0.04812591581570935,-0.058475260993212125,-0.07789489060424436,-0.1561595311023568,-0.13947148589244387,-0.002626593690514774,0.18839167925794392,-0.013512760936151953,-0.059938740202769014,-0.14384001241629274,-0.046090921955383515,-0.019057183418771426,0.042344123030853574,0.022977445256474046,0.05385475676391241,-0.002953434337440144,-0.036886432004820446,-0.20853528829079687,0.06794907494054331,-0.1023549872869944,-0.023362715516257584,0.17406090374177763,-0.040352951380171365,-0.16081746680239378,0.15691820310681207,0.0894146539643123,0.008623845672785038,-0.004411435770791584,-0.015776908434405913,-0.12698580799481438,0.14018177087375094,-0.06127805648500231,-0.12098307823633865,-0.06450903148351875,0.06477561659218413,0.10242985022846891,0.049635956123012595,0.1385703917066468,-0.0310562521968165,-0.10612095842824341,0.06331396330802905,-0.112615775082509,,-0.12062245796947965,-0.0578133630350532,-0.0837661537337892,0.11620463145978172,-0.04109701598141208,-0.16783997589778468,-0.20591417237648757,-0.14939721637672493,0.06815266562284598,0.009153364039312174,0.09956406031031602,-0.04489767970529564,0.15699854382449205,0.12927825733679651,0.2645848073876942,0.17345834835917778,0.028367577042639924,0.08760333596570911,0.16739353713704028,0.0192708166907841,0.14895351650408323,0.08379171668941465,0.25062104287729325,-0.0011585496674533361,0.052654210812217266,-0.04230760452281722,0.0358611748916998,0.0074306034226971655
#53,0.21941141294672406,0.11667389428804886,0.007627803366093478,0.09250685863229058,0.3231714498304172,0.19717803229149072,-0.05172481478269205,0.1875252776547814,0.040279914364098654,0.06233344136725294,-0.14164707600870965,1.0,0.06009942163812897,0.26271505977623283,-0.09480661167587998,-0.30889910392710906,0.03163507054919271,-0.13596844800905658,-0.0472138660775014,-0.1876174868875732,-0.003962258121944428,-0.2902883592690821,-0.06313958743215546,-0.23801394094044287,-0.08994325936813852,-0.3043142052431448,0.12835342612077583,-0.11585040193182908,0.22745644026713288,0.1991217298817257,0.024681946619070878,0.08325763350938298,0.028596730680568047,0.14850159996713333,0.3709979138802284,0.1798527391163434,0.17169998219722732,0.02941383229788147,-0.16299214395595868,-0.038805479602130856,0.18039321303528144,0.08697886947828747,0.10407135716470303,0.012696572281539437,0.19444644789037144,-0.19914637987465023,0.10018122309613041,0.11592617783600451,0.0523894516289537,0.03196465008422081,0.0459968867971899,-0.12383060890047337,-0.034565680819110135,-0.18646624092172714,-0.24088794752290396,-0.2089004733711604,0.06622540136122738,-0.11735496446292687,-0.029109815718478822,-0.19492575330834858,-0.10539606604372179,-0.06093021769595603,0.16024321326352212,0.05290253666686447,0.0012717570423660342,0.0016634180410559326,0.17188257473740912,0.07557413941853405,-0.02691322746009212,0.012589755645533102,0.07084864447862983,-0.04681307545180242,0.2822515486129814,0.16969237721792876,0.2014214829253151,0.03350755704875677,-0.03242113143467524,-0.10745753582237398,0.01626534347939215,-0.1235348089853789,0.14823227597036523,0.1613652444229391,,0.37677149000077603,0.41403954041457636,-0.027025521872303906,-0.03195552045721172,0.12532238995375844,0.22083563476014187,0.34466715662331615,0.04986054494743617,0.22972058776538684,-0.05730301688524515,-0.1263476470668791,-0.010130234129284647,-0.08598830494780135,-0.32969365536571005,0.040757393856673985,-0.2710504092355307,0.09726978504293207,-0.05228446091834918,0.06152364345154679,0.1437039809738573,-0.06897159316556122,0.02593818329552146,-0.010704487668156317,-0.024765026224853583,-0.09116754235005729,0.2388602573641854,-0.16103201303710737,-0.07216239780523767
#54,-0.10102480063177019,0.20186974761146134,-0.13433607069983156,-0.03763780030766843,-0.13636467382125103,0.26165419711777677,0.10588632701410984,0.052394016442458245,0.09675852593042311,-0.03753737441056846,-0.11023111650773508,0.06009942163812897,1.0,0.18179278485577471,0.2386648833461909,0.1504352549676583,-0.14952229226674943,-0.07503731735039965,0.0654229071471285,0.05397435487773147,0.06081974920914606,-0.12280352586195091,0.042271998977481774,-0.056566255985611706,-0.06949289486778018,0.04072270127403945,-0.10759813207831394,-0.006548681453619212,0.3523369562736514,0.2539004048989579,-0.03402520690017209,-0.0017483235722404562,0.034287227195332934,-0.02783714571341188,0.18874590878589656,0.2484491046118311,0.13876576572464133,0.2016917198847841,0.20619901673917113,-0.07691619458887007,0.10908717424349629,0.10821803375223105,0.14688930783732831,0.31964923973031084,0.21997653685858665,0.10097002286971565,-0.016548361916673894,0.11354973592553876,-0.1365682645035537,-0.03970474786252608,-0.04144759365856108,0.023113476698909466,-0.31260116767929447,-0.26187969890490126,-0.2663906476100919,-0.333600222762899,-0.2104351636713882,-0.03845216303687913,-0.14657433570551476,0.01146042078450885,-0.16295927729872597,-0.17007399562690867,0.36707126130361944,0.08557199395618692,-0.19899756695440207,0.0083828235197451,0.13755152533243253,0.2621837154843039,0.05822237032506037,-0.018020970753239877,-0.012205398348450474,-0.15516440175836616,-0.08641100667832216,-0.11374328401813144,-0.30671255825843236,-0.39285697982808915,-0.1865666668188271,-0.1117484605166456,0.23185600752281266,0.2472540364363414,0.0854149643716306,0.25103278905540316,,0.201071818210867,-0.11534370763282466,-0.06816179524985506,-0.21891476123742964,0.10360209433643588,0.02250361761470235,0.259217499669051,0.24896858038864822,-0.24981580977509163,-0.01313296845257387,-0.2522004683498656,-0.11814011238570848,-0.07428594904755166,-0.2521520813267174,-0.08297917988560577,-0.13696357735304723,-0.19105570441919595,0.010462552552415471,0.014485066212619883,-0.23105807812221832,0.012388903851333153,-0.2064144759365856,-0.1688615811601017,0.04314479131955064,-0.22275011754394775,-0.09757562754773653,-0.06778565461708062,0.03605563594699339
#58,0.1167807109240552,0.05686114293800527,-0.0811989026188335,-0.10716264886998042,0.12520735665344393,0.2560988190827464,0.027593384672269215,0.057376053901317864,0.0685470655096386,-0.060999602861225105,-0.0023326197008221227,0.26271505977623283,0.18179278485577471,1.0,0.11928405464994728,-0.06779843609489335,0.05470016022495401,-0.05844604618678304,-0.13624324978203015,-0.21245828901660221,-0.03948928866511159,-0.28595726421597045,-0.050951535375022255,-0.144638854779588,-0.20495647450323418,-0.18879977358525019,0.005777227971351231,-0.15796628428745543,0.26397312237808523,0.3041389164045703,0.1839994157038714,0.1492100590230386,0.04175800097687009,0.0845905590527099,0.2780007942775498,0.3635472252781113,0.18338316588075795,0.2767409057502956,-0.05452669731178133,0.07514961176261144,0.11471102448109483,0.02274463976774229,0.13107861978298876,0.13667234225145733,0.19706756380468077,-0.05210734615437286,0.08073603052947272,0.23133744470869644,-0.027083038522461165,0.02933531750560331,0.12961970538693643,0.035298789867939946,-0.0754353690879959,-0.21641233047423847,-0.26691377523771265,-0.26693294745443175,-0.15738016223347195,-0.08770467482551,-0.07004523730183003,-0.15648089397307674,-0.04694819393153693,-0.13185646400416312,0.38949453820064184,0.09054124993723381,-0.03194912971830536,-0.24170322321481555,0.5431132941063693,-0.03823487791406282,0.16190937019268078,-0.13566351846695304,0.1725837300917071,-0.08220224862713234,-0.029801841445767734,-0.0715169331756951,-0.07598771152204577,-0.1963399325320564,-0.12082696161448324,-0.2700005021294855,-0.0007166757202134507,0.09352572500650486,0.20842847165479053,0.2871194657342274,,0.3887906439582411,0.24273669699224437,-0.041811865776223714,-0.15451072046451542,0.11438692272227219,0.22457056516956,0.2253867538241725,0.2401804014296996,0.082446009668275,-0.11958807122934992,-0.07289459389136657,-0.08375063336787375,-0.012786042626228506,-0.27014931504973366,0.09497916162635175,-0.13844988063012686,0.07836415343251152,0.08235927821168866,0.07857413485372056,0.04266457293887258,0.006849959144919134,-0.006563288856833754,0.08747643415028279,-0.011183793086133466,-0.06145243236087589,-0.17360898720482776,-0.11055978308006226,-0.11152934946842746
#101,-0.21944336664125588,0.08709116389049926,0.004888002300666007,0.01959583141230765,-0.41302797774196937,-0.0038819174042644487,0.1322170842710221,-0.07247280512354667,0.20574436131411852,-0.15201924525373517,-0.05391136045136876,-0.09480661167587998,0.2386648833461909,0.11928405464994728,1.0,0.2302135876238776,0.21139012265653886,0.09303911588692045,0.5383923639799696,0.012103146525948683,0.5002396527089886,-0.1964951361912109,0.3643141139468747,-0.004547467213227003,0.021061136547266362,0.053030351444991713,-0.17688013256218418,-0.3348902390592832,0.36029525213747393,0.08524789219736428,-0.2307777985730393,0.10165930970890184,0.19004048989578531,0.22237488987387422,0.025140253894927123,0.18701675743037519,0.22011165533832117,0.2304893023595521,0.40394491183062714,0.012521283442964938,-0.0314278280160864,0.09246121049724514,0.07037846868766176,0.3644245824336847,0.10504183651576915,-0.1611370037477119,-0.20777844221174344,-0.11864132890850744,-0.2550178712448703,-0.24808574545686937,0.12861635937863758,0.03490804183195095,-0.09131818119570725,-0.18093916473042493,0.20185240132014406,-0.1536123651668211,-0.2731794382540501,-0.31702355900249696,-0.31089940520480036,-0.39826080605476866,-0.3880830978650367,-0.41397472006281183,0.26284743936786464,0.27452149342438614,-0.2967640037066286,0.003524036025508178,0.33561147959300125,-0.0016415069362341202,0.5960989103790164,0.40480948750838786,0.44291746360702433,0.20186061798445223,0.2698334299552192,0.03270780172276062,-0.026094299917376877,-0.32650558961413634,-0.10615565101087795,-0.37158860074771644,0.34211633883697684,0.13449766509789243,0.15473896113974264,-0.0470897031501778,,0.11103178479643214,-0.3084882707117001,-0.4351298917682718,-0.4436432689542469,0.15503841290564074,-0.19034359351248706,0.1381559066404342,-0.022541049085439614,-0.4005322572546299,-0.29543290408870343,-0.5182724919773403,-0.40596621125043936,0.17709559175959866,-0.019463451820675867,-0.028236110413709048,-0.09848585136054266,0.06297708007139369,0.19208735227122295,-0.13990605613807647,-0.047356288258843186,-0.044862987122661104,0.08841495980681709,0.08100352860083901,0.267010549284009,-0.35928916724107235,-0.3286912223201121,-0.39560225866972204,-0.3262207452514527
#102,-0.24891745447739733,0.06344999475046446,0.01993910538784938,0.03794820762597744,-0.17195195990267817,0.0010480811806433648,0.0532348550899953,-0.2099622489923174,-0.07222813111970311,-0.27162648869980416,-0.15302076533663217,-0.30889910392710906,0.1504352549676583,-0.06779843609489335,0.2302135876238776,1.0,-0.11588052970095906,0.1386516453870277,0.1379705752121497,0.5307326069193443,-0.12800467436902865,0.5659254931139789,-0.12009476552835434,0.26466514810537417,-0.10150775790055097,0.26558450154518937,-0.11896908251813372,0.18041238525200054,0.09553150406040162,0.06411554455942703,0.018732168697247874,0.03370840884295672,-0.020931495843737304,0.09519735971186898,-0.17317806880999878,0.041929637964640956,-0.4107044876681563,0.2059607334742339,-0.0930245084837059,0.12246572966261464,0.04731337901190047,0.31893438993549916,0.10870190398371274,0.30278773160722516,-0.0611639361473887,0.2572509780112934,-0.06660336791940365,-0.019816768385927594,-0.1475375113549736,0.06394299460895525,0.010745570989697216,0.04210310087781364,0.06425340192726427,0.2502266429905006,-0.20973126942898748,0.1548503425892535,-0.35984150967512224,0.3450652083609124,-0.41053193771768454,0.1299894552808045,-0.36993705122177234,-0.4085261586637878,0.023409276614003934,0.2730872290212583,-0.0764040225136602,0.03590956191484797,-0.080332501015671,0.07193324416730955,0.12861270752783396,0.17102986757476024,-0.08272172440394948,0.018578790963495188,-0.10154245048318551,-0.10978011293348611,-0.3258665157235001,-0.24667156623316155,-0.3801832316140724,-0.3197387100749999,-0.056194680166341805,0.4411992678039139,0.020587308905494667,0.16445562316551557,,-0.15388534101439286,-0.1917824227291194,-0.3035792702689132,-0.38326630665504163,0.15073561969625732,0.13669699224438187,-0.15093647149045725,0.08061551945295276,-0.4406998772065167,-0.07286355315953567,-0.31483883925922207,-0.30042407117457215,-0.0049062615546841834,0.13465560764514967,-0.17216833206279358,0.01153163187517974,-0.15498180921818439,-0.0896839779610804,-0.08602208456773498,-0.08835013945505256,-0.008823784504284077,-0.25527076191302206,-0.036024595215162485,-0.020307942319016555,-0.4556879858673374,0.022048962189649742,-0.26576892001077296,-0.20245221781464118
#201,0.295747876220517,-0.08046396764460188,0.6419305509273419,0.3523826044086969,0.03714936526268219,0.09765049048921107,-0.14582114147726494,0.22321572852141125,-0.06909119127938028,0.27717091118242365,0.1834087288363834,0.03163507054919271,-0.14952229226674943,0.05470016022495401,0.21139012265653886,-0.11588052970095906,1.0,0.5247682215943068,0.312986437939078,-0.21329912766413928,0.026915053385493937,-0.27279781984507023,0.11126732917326662,-0.16499974893525726,0.050182820780857,-0.0483477657520302,0.2230760452281722,-0.16218508492835526,0.028491739969963528,-0.09126888120985817,0.045722997986917244,0.0858906179388041,0.5176863699233568,0.3609115019605874,-0.06698498632838355,-0.014443982891078984,0.04944332099312083,-0.015382508547613288,0.09185682918924347,0.09121592937320545,-0.12288934435583634,-0.10576307704948715,-0.060006299442636274,-0.04900236000858185,-0.3339042393423017,-0.4077218385242871,0.23480396408404736,0.15567748679627694,0.18173800709372018,-0.1348464168496396,0.377412389816814,0.1902669046456107,0.33852200468349863,0.13343680243943634,0.23581461379395344,0.05704099659008431,0.010684402488736323,-0.32951197578822916,0.05847160914240849,-0.4584433072986803,-0.1014493282876928,0.001423308850716904,-0.08334436496596931,0.1049861457910137,0.28015356032629285,0.1261431434218755,0.2681773156157705,-0.18279339197597083,0.3974920914606034,0.2487823359976628,0.5397974135766683,0.32874691304486753,0.13743192721861347,0.16995074566228596,0.057414398334756034,0.07591102265516943,0.09868031241583625,0.11509446881547654,0.019335637042548627,-0.19330067970073084,0.07463196191119612,0.0001798536520790443,,-0.04190224908361369,0.0970972350924603,-0.11923840651490183,-0.009966813805821963,-0.15857431744626074,-0.09452815805210278,-0.08856103383896251,-0.26609849954580106,-0.04271478588742257,-0.053032177370393535,0.039148753577672585,-0.26560458672460935,0.49726522022942754,0.24776255666074762,0.5121894215011845,0.2918175717931044,0.5292709536351893,0.4928592622348414,0.4029287843445156,0.21510770677463972,0.3920919170847275,0.5129782212747698,0.5270624968616907,0.5515435916865616,0.0735382325955073,-0.1420131740517741,-0.2862932344899049,-0.4367065783527414
