,#10,#11,#12,#13,#17,#18,#26,#49,#50,#51,#52,#53,#54,#58,#101,#102,#201,#202,#301,#302,#401,#402,#501,#502,#601,#602,#701,#702,#801,#802,#901,#902,#1001,#1002,#1101,#1102,#1201,#1202,#1301,#1302,#1401,#1402,#1501,#1502,#1601,#1602,#1701,#1702,#1801,#1802,#1901,#1902,#2001,#2002,#2101,#2102,#2201,#2202,#2301,#2302,#2401,#2402,#2501,#2502,#2601,#2602,#2701,#2702,#2801,#2802,#2901,#2902,#3001,#3002,#3101,#3102,#3201,#3202,#3301,#3302,#3401,#3402,#3455,#3501,#3502,#3601,#3602,#3701,#3702,#3801,#3802,#3901,#3902,#4001,#4002,#4101,#4102,#4201,#4202,#4301,#4302,#4401,#4402,#4501,#4502,#4601,#4602,#4701,#4702,#4801,#4802
#10,1.0,0.23603920261837702,0.0736194862758882,0.1664924429512432,0.0884770412704789,0.1111614254999612,0.17944281886363533,0.49020527966329935,0.24544545732584094,0.27955191790639394,0.348745361008276,0.32704697649577524,0.31261212323170534,0.05481975833877307,-0.3316756973893832,-0.23692477643825863,0.1096239963116307,0.17826783586756564,-0.2346551511637992,-0.11264772877704081,-0.3208653060479214,0.015447328899377817,-0.11619824072087535,-0.11026854797847234,-0.016477150826003005,0.19336276116439263,-0.17375688716237497,0.15258710805370046,0.025871537018355116,0.14876727211309781,-0.07438363605654891,0.018547750231664287,0.33459443914418874,0.18270483459398265,-0.13036833480168167,-0.04633559595922709,0.12139482441444854,0.12965622389497278,0.1732629743411833,0.2514856185550539,-0.09528865598195986,-0.04024522178146412,-0.10200714849794812,-0.16046962801334752,-0.12303633135068266,0.11511820584570018,-0.3380600455568388,-0.014955242003587943,-0.04850023052308198,0.1364541441659401,0.10753513765195123,0.06632034948212191,0.16874198304628266,-0.18861352919426477,-0.09227040129275518,-0.27358296776785185,0.008151843956415161,0.05921658670635011,0.12690364135173257,0.2723011681357758,0.13031173111422534,0.11808442166095304,-0.2684959395983877,-0.2630209022810373,-0.0656292367175339,-0.08550534767902057,-0.03930304427412618,-0.09658688894265224,-0.2284260066554981,-0.00886212893772225,0.1237310959660743,0.046400416310991614,-0.17073406765966576,0.11371498217440326,-0.10381755353385037,0.10844901331556099,0.010092802658547385,0.11551260573249279,-0.18290112157467805,-0.15206215450067787,-0.001310101475804206,-0.06350659843792082,-0.10258322796222161,0.13818146959605965,0.13170491219581223,0.24153888992865197,0.19279672428982914,-0.11363829330752692,-0.04960035057767715,0.3002186545668677,0.13383759306513532,0.039299392423322546,0.1778825656077821,-0.15436008161886547,-0.019096440814910506,-0.10815595228856925,0.19198601341142207,0.010895296872646268,-0.059589988451021834,-0.06779021943058516,0.18426782673793862,0.0035897693399736153,0.13732876243341077,0.25870715351924295,0.1860891873262518,0.20851063829787234,0.15901893028160335,0.0878178822004227,0.0710102388766907,0.026149990642132314,-0.04829937872888203
#11,0.23603920261837702,1.0,0.41619504535142215,0.342475133178434,0.16726663532161393,0.25832553511026307,0.16785823515180287,0.19256391880109738,0.121069809692925,0.2089296881775895,0.11172289756102015,0.07434346569770892,0.1518795619604961,0.033267447858417745,-0.1952352476639567,-0.07366787329903637,0.09610940945007691,0.4709518092638325,-0.18541633381568196,-0.11882392144868921,-0.2299616099184268,-0.14327762739253289,-0.0889097855907097,0.021113175421218166,-0.1222347500992847,-0.010712704332464497,0.18827299410682577,0.16469025457964914,-0.029894963641260437,-0.06887573208196579,0.24151332697302652,-0.15967078565005227,0.20478575047816422,-0.0075775904175434915,-0.008451295722313264,-0.11811363646738213,-0.013530107227469222,-0.08634253447575399,-0.08830996909621257,-0.12294868693139542,-0.15560718866830694,0.10163100786517366,-0.12783760219476234,-0.041784476895196446,-0.006188061186760215,0.08688300839469204,-0.005076985579754139,0.0990153697270698,0.1598725504069531,0.09619431498126144,0.0796003049295421,0.2176941301063145,0.03333135524748136,0.05974154025937271,-0.07704400936699732,-0.13719638284177899,-0.01330825729114837,-0.01954196661295403,0.07232307924059762,0.0963029575426696,-0.0774347574029863,-0.00019719994339631255,-0.0503380244400115,-0.20137857367837236,0.2785202700543669,0.11314438048633522,-0.178594676514491,-0.08999529824209032,-0.07231212368818672,-0.04575586464414996,0.3680052221466492,0.24261801184112622,-0.0692272227218157,0.24474247604614113,-0.013392249859631986,0.16209196273286255,-0.12665988031058992,-0.04174339357365555,-0.12855153902687305,-0.06644725129754823,-0.211548978166497,-0.07099563147347615,-0.06490069248220864,0.044702305687301144,0.13239876384850296,0.013634184975372832,-0.07887449958231957,0.0219001492694016,0.09196090693714708,0.008632975299794126,0.09626370014653052,0.029276887892745143,-0.12346085900660529,-0.01715639507547919,-0.23825770198158555,-0.008896821520356786,0.0701137095043982,0.21956479068047674,0.35282082650513313,0.11025302761255688,0.2741462657543126,0.13609991463798746,0.07686050386411464,0.17374045383375863,0.02172577339352801,0.155035674017538,0.26749076766468705,-0.029212980503681523,0.0009147886263106721,-0.11295174535644346,-0.10011731570706679
#12,0.0736194862758882,0.41619504535142215,1.0,0.4884441746132462,0.20606207233403478,0.3277435670365687,0.22935996749852786,0.11289879351979075,0.062424737637343825,0.034894347391437326,0.05033163370110514,0.002564512226852972,0.2283858362966581,-0.024723942903312684,-0.24397102256387315,-0.011231267146580726,0.17864123761223735,0.6329250868455769,-0.14303843116489476,-0.18628182245614355,-0.25416607704492233,-0.18238164579786093,-0.348094418602528,-0.03624461922608152,-0.1223077871153574,-0.21246011494200404,0.1345469650837415,0.31050409235530685,-0.13707952361606265,-0.040662445735779464,0.08971319276750948,-0.13688597552346998,0.08321472426244025,0.044359944674460326,0.00219932714648943,-0.07117092031205065,-0.03900176658282626,0.0053563521662322484,-0.5021623521571026,-0.014866684621599785,-0.10968333888718976,0.06280635604632373,-0.016324686054951226,-0.056143554255090905,-0.17687921959948327,-0.10577129371379532,-0.2585336906060703,0.09911944747497341,0.15116562512838538,0.03881369626643903,-0.08876462452126518,0.20384266000812537,-0.06647737906667824,0.11114590513404575,-0.3507027530390246,-0.08433401653375451,-0.06456107035747055,-0.13381750788571534,-0.05685201331099618,-0.03291047944236238,0.10651079350153149,-0.09432000255629557,-0.20519201888006866,-0.16621581525286785,0.41098659314273717,0.11921466948467821,-0.220003012776913,-0.10451049222384019,-0.10939666859910438,0.07459453044045886,0.4065057722066765,0.2895169057868141,-0.05333345506169346,0.16952713096906427,0.11600104077747904,0.1495688533644958,0.13410783002460436,0.15496628885226893,-0.3467897949029292,-0.20141052737290419,0.010594019181346346,0.09350837871518759,-0.07381759918198542,-0.022626867579325048,0.23862745187545362,-0.02459247627438181,-0.02714420702342206,0.13727489763405715,0.28224333194867324,0.09642255565648865,-0.03265850173691154,-0.15067536415799732,-0.21806753185098623,0.05885140162598657,-0.29630204457996867,0.1685219590353636,0.01435177365828719,0.4997274806337787,0.46997402621115913,0.11250713252110085,0.4784125404556597,0.27649257989564835,0.3126906380239835,0.2394372497911598,0.287323969379231,0.2416676176694801,0.44703401242542234,0.19192301898505937,0.07135533877763424,-0.1496208922384476,-0.1827504827290281
#13,0.1664924429512432,0.342475133178434,0.4884441746132462,1.0,0.21413996631167634,0.2989624178904171,0.09588390766295243,0.14911054608863955,-0.021209036504813594,0.08597917532079227,-0.04241533412152446,0.11627401662505078,0.21036030072991369,0.1730676003231888,-0.25768554825692597,-0.13672346816270822,0.15452167601692632,0.22832740668379994,-0.09810605887696458,-0.14609137843673398,-0.24493419821333198,-0.2384594667384864,-0.22109491616719998,0.13174599551735314,-0.19200792451624388,-0.2447278686429266,0.106345547252667,0.21967525916728672,-0.06347738363149173,-0.016091880566219467,0.21785207265357173,0.03996311630688328,-0.03557359164091351,-0.03913688506256077,0.12779195405971688,0.08439335910931359,0.11958898419205083,0.05751208534375328,-0.22972058776538684,0.019454322193666777,-0.022537397234635978,0.25295183665271354,-0.06757202134506794,-0.14545321750879867,-0.23800389835073288,-0.07911369580995768,-0.08354795564827198,0.12357680526962071,0.05531458412266567,0.02087763104438368,-0.06525948682366582,0.06039796044132617,-0.13183363993664038,-0.03735478187038668,-0.32598702680002006,-0.08240583930943501,0.08005678627999653,0.013218786946459303,0.034837743703980975,0.09409815261997471,0.14675145046949106,-0.009488421350545723,-0.06962527445941195,-0.23032953388689306,0.33115804753796785,0.07567730420373675,-0.04580425166729813,-0.22509369279718078,-0.2651855368448922,-0.049824939402100726,0.1708299287432612,0.09553515591120525,-0.06994207251662733,0.12985798865187362,0.2547421565091958,0.23564115088078078,0.13252201381312567,0.03434109199468656,-0.2708860759493671,-0.35526482765546613,-0.10633550466295699,-0.0799289715018693,-0.07604066335869848,0.012577887130421286,0.0633495688533645,0.14178949819005143,0.004837789352116019,0.07348984557235914,0.22306052486225675,0.09414106186691742,-0.17264946340617254,0.04706779204535599,-0.036812482026046825,0.09780295526026284,-0.18761292207406866,0.019366677774379528,-0.24649901628268978,0.4980960162872546,0.36921489772535343,0.036041028543778844,0.4016761995188687,0.22924493419821332,0.32054120428909877,0.10664956383206964,0.23597255634121067,0.11326397860015429,0.2663979513116992,0.27754157403899266,0.013143011042283867,-0.017297904294120064,0.05992961057575993
#17,0.0884770412704789,0.16726663532161393,0.20606207233403478,0.21413996631167634,1.0,0.17103078053746115,0.0440897077149913,0.19511747547553945,0.02825893448123177,0.07536415799732502,-0.04085508086567123,0.0954064281703771,0.15774717323923731,-0.08013803996037742,-0.010462552552415471,0.13246267123756658,0.015227304888458783,0.07937571610511852,-0.03724157449547399,0.04382860038253137,-0.1421975925173577,0.1205028598556606,-0.22104379025594909,0.09131818119570725,-0.25986570318669633,-0.14525145275189782,-0.0018140568867058937,0.14056247632002994,-0.300275258254324,0.11397791543226501,-0.11720249969187509,-0.014959806817092488,-0.017590965321111807,-0.05995426056868447,-0.16799609251964012,-0.06787329903636787,-0.1262956081929273,0.2546955954114495,-0.22049966448620742,0.068773480259464,-0.05140345191197214,0.20544856139902404,-0.126658967347889,-0.0613081842541323,-0.3159973889266754,0.050967968703638615,-0.1640968288240584,-0.050140824496615194,0.013218786946459303,-0.03393391063008121,-0.05275189782121451,-0.03833073899765825,-0.1549416388593444,-0.10241706875065619,-0.40263207146672025,-0.12046086357141879,-0.013816777515554601,0.10624603431826793,-0.07701935937407277,0.16238867561065792,-0.16160444065057722,0.09607106501663874,0.056505087484650815,0.06303550968425185,0.09594781505201605,0.14315163853980745,0.07644145398439747,0.2300547321139195,0.007847827377012511,0.24138733812030108,0.20946833617112573,0.26329570405401087,-0.12472622531006496,0.20669749437386736,0.029486869313954178,0.14472102142266977,-0.10821164301332468,-0.020102525711312064,-0.1895438381864909,0.07288820315246021,0.012411727918855876,0.10080203773274843,-0.017233996905056444,0.049689820922366214,0.267330999192028,-0.07065600934873806,0.07709787416635093,0.08559664394911146,0.19666586021628085,0.21627538606910215,0.035331656525172665,-0.10214774475388808,0.21830946696672707,-0.2005569072475544,-0.1767997918445042,0.0014251347761187216,-0.016076360200304018,0.13598396837497204,0.06755923986725522,0.1482596648513925,0.18492698580799483,0.038223009398951006,0.30568730114531173,0.08511642556843341,-0.01092542464177626,0.14533270643227872,0.008139062478602436,-0.08822597652772896,0.07588454673684307,-0.35288564685689766,-0.08020742512564649
#18,0.1111614254999612,0.25832553511026307,0.3277435670365687,0.2989624178904171,0.17103078053746115,1.0,0.25744361314118513,0.18579795222466186,0.179366129996759,-0.035674930500714394,0.03351303482496223,0.2211569976308618,0.4006901998018871,-0.0625151209447338,-0.34238109802024036,-0.23597894708011705,-0.041435725143449266,0.22923580457120424,-0.13679011443987457,-0.3067691619458887,-0.3583972026822844,-0.1913807191407195,-0.0981590107136173,0.0480072306645912,0.009354215833512121,0.03836817046839552,0.03914692765227076,0.08516389962888066,-0.03955593494227793,0.2988053883058608,0.22893726576800705,0.17923740225593082,0.07723025375798272,0.11189727343689373,0.1054280197382536,0.16952713096906427,0.1318062510556131,0.1527459635636586,-0.37637069937507706,0.15055485308147737,-0.032362701821817066,0.2788744995823196,-0.16574472649919889,-0.08057261020601003,-0.307877498664792,-0.09500563754467811,0.002632984429421136,0.13027521260618896,0.05820045922023856,-0.0401712718026905,0.04800357881378756,0.023750724664143845,-0.044319774315620335,-0.14725905773119638,-0.20333231385831732,-0.043730913373534124,-0.09346912131904851,-0.03727535411540762,-0.12630382485723546,-0.00773005518859527,0.09930751779136063,-0.028177680800850882,0.11917358616313731,-0.198938224378843,0.09292682147470865,-0.10576581593758987,-0.005531641004806748,-0.21254867232399222,-0.330706131001018,-0.08945938913665683,0.11395417840204139,0.08498861079030616,-0.005858481651732118,-0.02435510597214551,0.1137898451158778,0.11585861859613726,0.19229642072973108,0.1676756426116211,-0.24985963198473526,-0.05134502229911397,0.07158631834096418,0.17034058073557404,-0.10649892498641968,0.1697690660848051,0.06641894945382007,0.05883314237196839,0.13526272784125404,-0.010991157956241698,0.2549457471914985,-0.011405643022454318,0.06740403620810072,-0.07054736678732991,0.09170892923169624,0.02327689702237215,-0.10017665828262587,-0.0932719213756522,0.009997854537652864,0.14245230911091128,0.07774059990779077,0.13693436254661817,0.16558587098924074,0.0461201367618126,0.2974140331496757,0.12582451943925832,-0.0013301866552242008,0.17252712640425075,0.1534261207758357,0.24810400471088753,0.011942465090588723,0.0790433976819877,0.2056914094774658
#26,0.17944281886363533,0.16785823515180287,0.22935996749852786,0.09588390766295243,0.0440897077149913,0.25744361314118513,1.0,0.23766792807679843,0.18335029922352522,0.07955374383179575,0.14968571259021213,0.28938543915788323,0.184284260066555,-0.05010613191398065,-0.3927830298493155,-0.24302245431762887,-0.1949175366440404,0.22667585715785582,-0.27568004309183947,-0.13006614414768083,-0.31825788457412574,-0.06400325014721524,-0.15100129184222177,-0.12359415156093798,-0.14392035313397272,0.10237598542911529,-0.11920645282037003,0.1312173901135269,-0.16557948025033437,-0.016475324900601187,-0.03313232937868323,0.0440897077149913,-0.04089981603801577,0.048143262107026616,-0.009957684178812874,0.09810149406346004,-0.061710800805233106,0.08658081774069121,-0.2347692715014128,-0.11175667718095378,-0.07434346569770892,-0.13695536068873906,0.03133287989519188,-0.11604760187522539,-0.013568451660907394,0.17080162689953302,-0.19916737801677112,0.01757088014169181,-0.07962404195976573,0.1806789703606659,-0.013876120091113678,0.007986597707550658,0.08374059077816376,-0.03991746817183784,-0.07852939968137601,-0.11993043224219074,0.0068134406368827805,-0.010280872974934609,0.24474521493424387,0.09821013662486819,0.21895767048437237,0.13063583287304797,-0.1772544472695568,-0.21687976737710382,-0.02220325288610334,-0.1531787078838894,0.019471668484984047,0.0700306298986155,-0.1436628976523164,-0.19481163297073498,0.007847827377012511,0.12288295361692998,-0.13140089561640958,0.059534297726266394,-0.16167839062935083,0.05550721925255744,-0.014595534699429855,0.07436720272793255,-0.25057265585414507,0.12910570738632474,0.03869135926451725,0.01072639877297813,-0.09576339658643246,0.1595283634687105,0.16933723472727522,0.1670986501846467,0.10793866716575294,0.1138829673113705,-0.07031364833589723,0.08123085631336532,0.12803845398896227,0.26734469363254165,0.03576348788270255,0.19186093752139757,0.11048857198939137,-0.20470358383508241,-0.08577741056389142,-0.08595543829056863,-0.04487211674967019,0.10272838903166612,0.01831403178023162,-0.11708655342885967,0.07177804050815503,-0.185616272647181,0.039186185048409844,0.09680052221466492,0.057670940853711425,0.16107218339594737,0.09078957579188102,0.2397403534078615,0.04587546275796903
#49,0.49020527966329935,0.19256391880109738,0.11289879351979075,0.14911054608863955,0.19511747547553945,0.18579795222466186,0.23766792807679843,1.0,0.29969096212574237,0.24914569515262455,0.41468865689492257,0.3484860796012179,0.4222644213870642,0.08446913501348903,-0.4054129558536886,-0.2617628396791849,-0.025999351796482356,0.11038632016688958,-0.3748095331565229,-0.28685196766286114,-0.36626602820141785,-0.04810217878548572,-0.13208653060479214,-0.03415667352910297,-0.19352983333865895,0.036135976664673365,-0.24101393637562937,0.04771964741380491,-0.027042868163621177,0.29740764241076934,0.0461100941721026,0.09871044018496625,0.1984452245203522,-0.03506415845380637,-0.019199605600113207,0.009240095495898515,0.22735236251922927,0.18570574299187007,0.022612260176110507,-0.014110751505247253,0.11215655484395184,0.03895703141048173,-0.06164598045346857,-0.06812071192831416,-0.10633002688675154,0.02248261947258145,-0.1630460087553123,-0.059300579274833724,-0.02471937808980814,0.0469244569013133,-0.04522086850141738,-0.12495355302259126,-0.0822186819557487,-0.16845166090739364,-0.20122976075812424,-0.21144216153049067,-0.00654320367741376,0.1069024545002214,0.12691459690414347,-0.010884341320235361,0.15296872646268037,0.23833804269926553,-0.031213281781372823,0.03230974998516436,-0.04508757594708468,-0.321360131831814,0.18056028520954776,0.08199865794482966,-0.24588641831037994,-0.10673446936325416,0.0013174051774114768,-0.07624790589180479,0.03247134438322522,0.23902824250115262,-0.037339261504471234,0.13903874157221308,0.042361469322170844,0.1462082376624503,-0.19355083148077984,-0.05404374004300054,0.20618075748515294,0.1609297612146056,-0.24585446461584812,0.33659291449647827,0.23461680673036103,0.38917226236722097,0.05781245007235229,0.10873477064094546,0.21538068262221147,0.27510761547836965,0.11245600660984996,0.18412540455659684,0.10863799659464912,-0.03578448602482345,-0.026391012795172253,-0.15031017907763378,0.17975231321924343,0.041590015839902864,0.012944898136186647,0.008276919846439674,0.07747127591102265,0.06436752226487787,-0.014454938443489891,0.11512733547270926,0.07094450556222526,0.2788306773726759,0.05619102831553817,0.09765505530271561,0.2710485833101289,-0.0029123510158992456,-0.0013548366481487399
#50,0.24544545732584094,0.121069809692925,0.062424737637343825,-0.021209036504813594,0.02825893448123177,0.179366129996759,0.18335029922352522,0.29969096212574237,1.0,0.1935672648093962,0.08433858134725906,0.15610840519110591,0.32324266092108805,0.015024627168857016,-0.16803900176658282,-0.177853350801353,-0.051699251827066604,0.16441180095587193,-0.24097102712868665,-0.27034834091853177,-0.16517321184842992,-0.07112344625160338,-0.01411349039334998,-0.13571373141550302,-0.03648381545371964,0.13573655548302574,-0.2268712311758503,-0.19245710216509104,0.20313876576572465,0.13593101653831932,0.04746310489484952,-0.014276910716812665,0.19565338458097295,-0.10235316136159257,0.10131329684525739,0.05830088511733853,0.22025590344506477,-0.05996886797189901,0.003569684160553621,-0.0027014566319893,0.02431219672520279,0.22468194661907087,0.059685849534617266,0.14506612132361332,-0.061804835963426716,-0.08810820433931171,-0.22372333578311657,-0.23132466323088371,-0.03105533923411559,-0.12429987172874052,0.11448004491776488,-0.033177977513728675,0.05771111121255141,-0.03539556391423628,-0.12758288560120876,-0.11566507050354458,-0.24565361282164816,-0.11101991628132032,-0.0277467624060219,-0.10142559125746918,0.1422569350929168,0.2817658524560979,-0.05280667558326905,0.023495095107889368,-0.1902879027877316,-0.2019811290609722,0.05607508205252274,-0.029089730539058826,0.033399827450049525,-0.15345259669416206,0.1560143700329123,0.02312443225132037,-0.025967398101950544,0.10787110792588568,0.05017186522844609,0.0640406816179525,0.13226455833146936,0.24838337129736565,0.045890983123884475,0.03188613529194265,0.05757873162091963,0.23567219161261166,-0.0472759475411632,-0.07644784472330383,0.21085512651380628,0.32089817270515414,0.36583419684388796,-0.13327612100407638,0.10805643935417018,-0.031498126144056386,0.1468171837839565,0.06986994846325553,0.05852547394176211,-0.01588098618230952,0.09841281434446995,-0.14330866812436377,0.07487207110153515,-0.1361738646167611,-0.12883090561335117,0.13799248631697153,-0.021895584455897055,-0.018061141112079866,-0.2019281772243195,0.1146370745023212,-0.10063953037198665,0.223548959907243,0.06667914382357909,0.26904463018163394,0.17517471823688643,-0.01504653827367883,0.01679029703241474
#51,0.27955191790639394,0.2089296881775895,0.034894347391437326,0.08597917532079227,0.07536415799732502,-0.035674930500714394,0.07955374383179575,0.24914569515262455,0.1935672648093962,1.0,0.3110363496099367,0.19363482404926347,0.29358689350746575,0.2384074278645346,-0.06282552826304282,-0.027408053243984716,0.44402306143782494,0.13137715858618595,-0.04613200527692441,-0.15028826797281197,-0.12416110139820237,-0.18523374127550019,-0.042240045282949966,-0.27561704866547676,0.025282676076268905,0.01322791657346839,0.06355407249836809,0.13011453117082902,0.1450752509506224,-0.005987209392560267,0.13272560449542833,-0.18578882259765278,0.3641360862201975,-0.007581242268347127,-0.15629647550749315,-0.19938831499039106,-0.052271679440536456,-0.19633536771855187,0.12621709340064913,-0.10881967617212998,-0.034930865899473675,-0.04269196181989985,-0.2066819740079519,-0.14200769627556867,-0.12360054229984434,-0.0804557509802937,-0.014254086649289944,0.19859403744060036,0.09701780733748122,-0.0014561755079496228,0.15984424856322496,0.1651713859230281,0.09689820922366217,0.057426266849867846,-0.037667015114097514,-0.3402849356589537,-0.05850447579964121,-0.11965289158111446,-0.04665148105374155,0.041312475178826566,0.02459977997598908,0.2211688661459736,-0.03927200354229528,-0.05289614592795811,0.17989290947518338,0.18508310242985024,0.08086658419570268,0.11384279695253051,-0.026881273765560307,0.08495939598387708,0.34375875873591183,0.22368133949887478,-0.1972245933892371,0.2735364066701055,-0.14856094254269242,0.29628561125135233,-0.02748748099896379,0.11826153642492936,0.23029210241615578,-0.023592782116886615,-0.05874184610187751,0.03188704825464356,-0.1437222402278755,0.10879776506730818,0.07975094377519207,0.09212158837250704,-0.0038700488891526335,-0.09528500413115622,0.035647541619687126,0.12058046168523785,0.03882830366965358,-0.24587363683256722,0.00917253625603126,-0.20896438076022403,-0.07841801823186513,0.15698941419748297,0.015131443804863353,0.1967206379783354,0.07257962175955301,0.26360428544691805,0.16999091602112595,0.2223958880159951,-0.08438879429580905,0.29176096810564806,-0.1225953703661437,0.29931025667946337,0.24009366997311324,0.04060584204832311,0.09875243646920805,0.01603527687876312,0.02837670666964901
#52,0.348745361008276,0.11172289756102015,0.05033163370110514,-0.04241533412152446,-0.04085508086567123,0.03351303482496223,0.14968571259021213,0.41468865689492257,0.08433858134725906,0.3110363496099367,1.0,0.2974815923895429,0.26890312096299307,0.16068417424806108,-0.36128581666796006,-0.3215965891713494,0.13712243286300538,0.18308736596566347,-0.10185468372689634,-0.19674985278476448,-0.28653425664294485,0.02718894219576659,0.09357867684315757,-0.06935229861184021,0.03454650860239105,0.2321289833703844,-0.07431698977938256,0.07927437724531765,0.052010572108076525,0.11044566274244866,0.0026731547882611257,0.031171285497131013,0.33806734925844606,0.05251909233248275,-0.033327703396677726,-0.14417324380212446,0.05432128070407684,-0.07163835721491599,0.12142403922087763,0.03685630423569045,0.032606462862959734,0.0027735806853611,-0.04311375058771974,-0.3228236110413709,-0.014315255150250837,0.020837460685543693,-0.09479291723536636,0.14118694280745162,0.09971469915596598,0.2317144983041718,0.0946231061729973,0.055938137647386414,0.26017793643040715,-0.0152601715456915,0.03141230765017095,-0.05247709604824095,0.09314136770942223,0.16467838606453733,0.19796226725157143,0.2401101033017296,0.1465396431228802,0.043682526350385956,-0.26594146996124474,-0.23518923434383088,-0.026205681366887754,-0.08318642241871209,0.006529509236900126,-0.06180848781423035,-0.1792547485472481,-0.15032569944354923,0.07438820087005345,0.038688620376414525,-0.02966124518982777,0.13898305084745763,-0.0946021080308764,0.16143189070010544,0.0027051084827929353,0.019781162840592146,-0.14291335527487026,-0.02506265206534987,0.09818731255734547,-0.04953553022591262,-0.165172298885729,0.2888696152318697,-0.008622019747383221,0.16688684283803584,-0.02163447712343712,0.07810213313735068,0.11725819041663053,0.2940123341260893,0.024220900455111907,0.0672378769965353,-0.046399503348290703,-0.006440038892211059,-0.052782938553045416,-0.06358054841669443,0.18696380559372247,-0.005208452208685014,-0.12166688729931939,0.05121720752098673,0.038089716844618315,0.1132648915628552,-0.08237479857760412,0.14921371087384225,0.018207215144225283,0.2549037509072567,0.18947445302122182,-0.03277536096262787,0.028762889892133457,0.12540273067143842,0.0738568565781245
#53,0.32704697649577524,0.07434346569770892,0.002564512226852972,0.11627401662505078,0.0954064281703771,0.2211569976308618,0.28938543915788323,0.3484860796012179,0.15610840519110591,0.19363482404926347,0.2974815923895429,1.0,0.34386283648381544,-0.12182665577197843,-0.3341708244509671,-0.2922987031364834,-0.04755166227683768,0.05232919609069372,-0.17260107638302438,-0.2285529084709244,-0.17332505580484509,0.03634413216048058,-0.008787265996247724,-0.012760479670603057,-0.07849105524793784,0.08607229751628498,-0.1558189960149178,0.06593690514774019,0.00027388881027265633,0.17954780957423985,0.12840455203202672,0.07422295462118896,0.2797828974697239,0.01485481610648797,0.10057014520671757,-0.0033067509026918707,0.3811966202120812,0.17639534936800158,0.08428654247330725,0.23868953333911544,0.1176580680796286,0.12703784686876618,-0.20086183678965797,-0.20833626242199874,-0.18361323248138697,0.02345309882364756,-0.05965389584008545,-0.056127120926474545,-0.09011398339320847,0.10499436245532189,-0.067381212140578,-0.035425691683366275,0.15504845549535073,-0.2209232791794291,0.006301268561672913,-0.027537693947513774,0.0074315163853980746,0.09353120278271031,0.048231819489014775,0.18127057019085485,-0.03837090935649824,-0.01879242423550786,-0.14858741846101878,-0.1360104442932984,-0.12170249284465483,-0.11061273491671497,-0.07501631920827874,-0.08391587961673826,-0.23089648372415744,-0.18702497409468335,-0.1885121903344639,-0.049152998854231814,0.13479620390108962,0.02170021043790256,-0.026890403392569397,0.10973629072384247,-0.14309777374045382,-0.21289559815033757,-0.25219042576015555,-0.12640790260513907,0.08546791620828331,0.07452788416329251,0.023721509857714762,0.45293996813760173,0.13118908826979875,0.14288505343114208,0.029961609918426783,0.329042712959962,0.22551639452770156,0.12212519457517564,0.16987040494460598,0.040407729142225894,0.047372721587459546,-0.14390391980535636,-0.03200938525656534,-0.2267552849128349,0.1080573523168711,-0.15449063528509543,-0.1552721313570734,-0.034216016104662045,-0.0644624703857724,-0.03670931724084413,0.132288295361693,0.012294868693139541,0.032078770421834414,0.21814422071786257,0.025512742676897935,-0.08684466396125386,0.0570090428955525,-0.02415516714064647,0.05885231458868748
#54,0.31261212323170534,0.1518795619604961,0.2283858362966581,0.21036030072991369,0.15774717323923731,0.4006901998018871,0.184284260066555,0.4222644213870642,0.32324266092108805,0.29358689350746575,0.26890312096299307,0.34386283648381544,1.0,0.1266069284739372,-0.4535763031401352,-0.40439682836757707,0.13533941670813038,0.2445945760885939,-0.2926766696946596,-0.5195132082878754,-0.439955812605276,-0.32368544783102887,-0.13125025677075963,-0.056838318870482546,-0.16665768920010773,-0.05662833744927351,-0.12239543153464465,0.08536475142308061,0.23139404839615277,0.2271369033218148,0.21446863288400353,0.04126226223027658,0.3292654758589838,-0.06418584268739701,0.12571405095244834,-0.05670867816695349,0.25680819110135256,-0.050783550238055024,-0.040536456883054045,-0.016094619454322192,0.031263494729922806,0.22454226332583183,-0.2823045004496341,-0.09187600140596255,-0.33469303911588694,-0.2663705624306719,-0.10592558441024892,0.05270168487266453,0.1072959414243131,-0.043111011699617015,0.14080258551036898,0.021849936320851613,0.10777250795418754,-0.05293996813760174,-0.12700224132343074,-0.14501864726316607,-0.10759995800371576,0.007796701465761616,0.07867821260162416,0.015020062355352472,0.12642707482185817,0.03178936124564631,0.020234905302943848,-0.09910210118365614,0.18565461708061917,-0.1061501732346725,0.1521680581739833,-0.0899523889951476,-0.404657935700037,-0.2693303875070184,0.24216883419227908,0.04209853606430909,0.3075223561741385,0.36100736304418285,0.303750907256684,0.32407345697891515,0.2318505297466072,0.22064756444375466,-0.16067869647185565,-0.14417963454103083,-0.0015602532558532322,0.2843002369138209,0.06055681595128431,0.28419889805402,0.2112814800951307,0.3620663997772371,0.19334085005957083,0.1028708112130079,0.24382677445712955,-0.013070886988912069,0.035787224912926185,-0.09257350490945693,0.05066577804963778,-0.1859348966297982,-0.05875554054239114,-0.07736811112581995,-0.02512473352901167,0.11600012781477813,0.12531691217755297,-5.751665015725783e-05,0.25324215879160256,0.10294110934097787,-0.0362318377482688,0.24310644688611247,0.06207324699749392,0.34367659209283,0.2110304153523808,0.25722267616756517,0.12819457061081768,-0.009486595425143905,0.11428467089977039
#58,0.05481975833877307,0.033267447858417745,-0.024723942903312684,0.1730676003231888,-0.08013803996037742,-0.0625151209447338,-0.05010613191398065,0.08446913501348903,0.015024627168857016,0.2384074278645346,0.16068417424806108,-0.12182665577197843,0.1266069284739372,1.0,-0.19291449647824638,-0.13429224849018792,0.2020724253310631,-0.008978075200737673,-0.060595160384722485,-0.14678340416402288,-0.14158682047044968,-0.14436679189471713,0.006853610995722769,-0.0651544961130613,-0.011553542980001552,-0.08517302925588975,0.1643542843057147,-0.09160485148379263,0.14645656351709752,-0.03634869697398513,0.4323325740526871,-0.04721843089100595,0.1919376263882739,0.06647555314127641,0.04445580575805576,-0.02023947011644839,-0.041489589942802885,-0.23865027594297636,0.18160197565128477,-0.026381883168163166,0.1529942894183058,0.01048811550804092,-0.08423359063665455,-0.23781217618354203,-0.011534370763282465,-0.06365541135816896,-0.046163046008755315,0.10748309877799943,0.20604016122921298,0.014530714347665325,0.12866474640178577,0.0027306714384183832,0.10280416493584155,0.10675090269187053,-0.06281092085982827,0.018645437240661533,0.08964015575143677,0.10146210976550553,0.10159631528253914,0.0491621284812409,-0.09415110445662743,0.07923420688647766,0.015550493684580516,-0.16601131160786425,0.165603217280558,0.08275367809848129,0.4943336969968092,0.10971894443252521,-0.13784002154591973,-0.11248796030438177,0.09604824094911603,0.08070498979764182,-0.06973574294622194,0.21942784627534043,0.15526208876736342,0.2762889892133457,-0.03820657607033465,0.06766331761515883,0.17364641867556502,-0.061294489813618666,-0.11927036020943364,0.04220991751381997,-0.13396814673136528,0.046790251384279696,-0.0024540437400430003,0.11614985369772718,-0.0896839779610804,0.08560120876261601,0.14352047547097463,0.04209123236270182,-0.08312981873125573,0.07889367179903865,0.06731182697530892,-0.052100042452765595,-0.21441933289815446,-0.031896177881652645,-0.1469313041215701,0.16650887627985958,0.017448543139770026,0.20017163698777085,0.20550242619837766,0.1483427444571752,-0.13049523661710802,0.18952649189517362,0.13901226565388672,0.22206813440636883,0.24280425623211163,-0.005024033743101426,-0.18031013342949873,-0.12425331063099417,0.0799097992851502
#101,-0.3316756973893832,-0.1952352476639567,-0.24397102256387315,-0.25768554825692597,-0.010462552552415471,-0.34238109802024036,-0.3927830298493155,-0.4054129558536886,-0.16803900176658282,-0.06282552826304282,-0.36128581666796006,-0.3341708244509671,-0.4535763031401352,-0.19291449647824638,1.0,0.6219485362925498,0.06485230545906047,-0.15375113549735925,0.4675145046949107,0.40869779565155867,0.6973629072384248,0.28783614145444086,0.20882287154158316,-0.06459850182820781,0.25943752367997003,-0.12495172709718945,0.02950147671716872,-0.14303660523949294,0.18347446215084884,-0.25957172919700366,-0.13653174599551735,-0.07892197364276682,-0.18709618518535426,-0.17877544312927096,-0.02383654315802928,0.014341731068577192,-0.04179086763410281,-0.008372780930035103,0.201001520082897,-0.061248841678573224,0.1105543053038568,0.06049199559951978,0.1980709098129796,0.2805707842806082,0.1275655393098915,-0.001266279266160581,0.11944747497340996,-0.014624749505858937,-0.1427426312498003,-0.16675446324640406,0.028516389962888068,-0.08063286574427002,-0.05100357424897406,0.07205375524382951,0.27266361432803665,0.058958218261992906,-0.2585437331957803,-0.2575668631058078,-0.40534630957652223,-0.29841372730717086,-0.2709947185107752,-0.09913405487818795,0.17525871080537006,0.3595667079021487,-0.1742635814613794,0.108789548403,-0.07445302122181799,0.08971867054371493,0.6798349363436756,0.45467277134392675,0.1410006984164662,0.09171075515709806,-0.07564626347190585,-0.25720167802544425,-0.22239771394139693,-0.4153112974569424,-0.16332994015529495,-0.232313401835968,0.5065993508835197,0.26994481140473003,0.11600560559098358,0.08816389506406716,0.06930117270058932,-0.36498148968123906,-0.20219019751948034,-0.42748474211086107,-0.21282986483587213,-0.2200340535087439,-0.1652316414612881,-0.06721048811550805,-0.09668183706354677,-0.33240971940091385,-0.11739513482176686,-0.24250480446621353,-0.1952270309996485,0.25665390040489894,0.018342333623959792,-0.05007691710755157,0.0015967717638895862,-0.09590399284237243,-0.30691158412723046,-0.002373703022363021,-0.09945541774890787,-0.0732497363820201,-0.13042585145183894,-0.24542354622101914,-0.2222406843568406,-0.348374698151707,-0.1400521301702219,-0.31514011695052196,-0.4334244774429741
#102,-0.23692477643825863,-0.07366787329903637,-0.011231267146580726,-0.13672346816270822,0.13246267123756658,-0.23597894708011705,-0.24302245431762887,-0.2617628396791849,-0.177853350801353,-0.027408053243984716,-0.3215965891713494,-0.2922987031364834,-0.40439682836757707,-0.13429224849018792,0.6219485362925498,1.0,0.006610762917281014,-0.0030693806004555685,0.23398047172782757,0.549957775475083,0.3860809706619436,0.5288902481889103,-0.0028310973355183573,0.03227688332793164,0.003367006440951855,-0.11335071005674063,-0.12709901536972706,-0.18391816202349054,-0.21044429329839728,-0.06401511866232705,-0.22022303678783203,-0.17697873253388233,-0.1165542961742298,-0.022376715799276022,-0.23367828107382674,-0.11952872865379086,-0.2264896127668704,0.17953502809642713,-0.1046446977408738,-0.021889193716990694,-0.1805338092912214,-0.04688154765437058,0.20581374647938758,0.3738618778729795,-0.06670835863000817,0.1307618217257734,-0.08306591134219211,-0.17228884313931353,-0.25297557368293716,-0.2372443133835767,-0.12385160704259428,-0.20116950521986424,-0.2145389310119735,0.16200979608978075,-0.024418100398508218,0.2087434437866041,-0.4469984068800869,0.03327475156002502,-0.49568214290605156,-0.3074940543304103,-0.1405971689026645,0.07262800878270119,0.1525396339932532,0.44014296995896235,-0.10743014694134671,-0.05479510834584853,0.03026745242323125,0.29214349947732887,0.5376556030803361,0.5783125710399102,0.18853136255118297,0.2635586373118726,0.023348108113043043,-0.16101192785768736,-0.2352321435907736,-0.3230591554182054,-0.03483409185317734,-0.13149219188650046,0.29214349947732887,0.4529089274057708,0.17232901349815352,0.10170221895584455,-0.0021299419812203573,-0.30149771531084096,-0.049508141344885355,-0.22707390889545206,-0.1823880365367673,-0.29515810231572986,-0.18492242099449027,0.003353312000438222,-0.20971666202577294,-0.23962805899564973,-0.09160941629729717,-0.23869866296612452,-0.1798308280115216,0.026700507150780355,0.19690962125742353,0.05334988839030982,-0.0769609297612146,0.10624694728096884,-0.14536557308951142,-0.021210862430215412,0.021997836278398845,0.013408683188248343,-0.03201029821926625,-0.11028954612059325,-0.12302081098476722,-0.17380618714822407,-0.10180081892754271,-0.30821620782682924,-0.30289637416863335
#201,0.1096239963116307,0.09610940945007691,0.17864123761223735,0.15452167601692632,0.015227304888458783,-0.041435725143449266,-0.1949175366440404,-0.025999351796482356,-0.051699251827066604,0.44402306143782494,0.13712243286300538,-0.04755166227683768,0.13533941670813038,0.2020724253310631,0.06485230545906047,0.006610762917281014,1.0,0.22851365107478533,-0.08196213943679331,-0.18420209342347318,0.02660099421638129,-0.3173677459407396,-0.07875216258039777,-0.33314921918865004,0.0815485673332816,-0.30510300501673004,0.10004975646719953,0.09934312333669608,0.20525957811993592,-0.07815964978750793,0.19240780217924197,-0.26794633605244056,0.23292782573367965,0.05434136588349683,-0.17997416315556428,-0.11413859686762497,-0.007311005308878106,-0.30881693728402726,0.07970894749095025,-0.054728462068682183,-0.05850904061314575,-0.13843801211501505,-0.26112833060205326,-0.35283360798294583,-0.13780259007518247,-0.1307627346884743,-0.08998434268967942,0.29919704930455066,0.1612328648313073,-0.059574468085106386,0.11778953470855948,0.34981352736833937,-0.021353284611557194,0.1309078957579188,0.00760224041046803,-0.1958871030324056,-0.013149401781190229,-0.2080313328798952,0.0030885528171746544,0.1521178452254333,0.04380303742690592,0.10966051481966704,-0.10412522196405666,-0.09347186020715123,0.1780569414836557,0.14043740043000544,0.04646341073735433,-0.04114996781806479,0.028348404825920836,0.04819986579448297,0.3699324864082678,-0.01874312424965878,-0.1221334112394838,0.1597365189645177,-0.053564434625023395,0.08115051559568534,0.018380678057397966,0.17096504722299571,0.24410248919280403,-0.2569277892151716,-0.08900473371160421,-0.027375186586751997,0.11891704364418192,-0.03932769426705072,-0.03928661094550982,-0.006292138934663825,0.13332450802722454,-0.10452783851515747,0.19643670657835274,0.036262878480099695,-0.21504653827367884,-0.19689136200340535,-0.07367700292604545,-0.1540031132028101,-0.13481994093131325,0.49076127394815283,-0.08925123364084961,0.6365851543135205,0.19643670657835274,0.1420314333057923,0.3929062798139382,0.6381298872034583,-0.021310375364614477,0.4870966416667047,0.16457613424203554,0.24317400612597972,0.4383526501024801,0.1269803302186089,0.04951818393459535,-0.03152095021157911,-0.000137857367837237
