,#10,#11,#12,#13,#17,#18,#26,#49,#50,#51,#52,#53,#54,#58,#101,#102,#201,#202,#301,#302,#401,#402,#501,#502,#601,#602,#701,#702,#801,#802,#901,#902,#1001,#1002,#1101,#1102,#1201,#1202,#1301,#1302,#1401,#1402,#1501,#1502,#1601,#1602,#1701,#1702,#1801,#1802,#1901,#1902,#2001,#2002,#2101,#2102,#2201,#2202,#2301,#2302,#2401,#2402,#2501,#2502,#2601,#2602,#2701,#2702,#2801,#2802,#2901,#2902,#3001,#3002,#3101,#3102,#3201,#3202,#3301,#3302,#3401,#3402,#3455,#3501,#3502,#3601,#3602,#3701,#3702,#3801,#3802,#3901,#3902,#4001,#4002,#4101,#4102,#4201,#4202,#4301,#4302,#4401,#4402,#4501,#4502,#4601,#4602,#4701,#4702,#4801,#4802
#10,1.0,0.25372694198578516,0.3872258258888833,0.4091533640393122,0.29231787535320247,0.26372297059803623,0.15572861270752783,0.517433479255205,0.0013502718346441957,0.20104808118064335,0.22322759703652306,0.17689108811459509,0.16451587870377557,0.20327205832005735,-0.22798139382015548,-0.05921749966905102,0.17594160690564986,0.07772051472837077,-0.17571062734231993,-0.07568460790534402,-0.32171527432246755,0.04950448949408172,0.08910242072060146,0.034742795583086454,0.04884624338672643,0.22999904138916405,-0.18834420519749664,0.005582766916057644,0.1849132913674812,0.25492018423587304,0.052392190517056424,0.11794199947961126,-0.07006988729475458,0.07410244354466898,0.12343894790178347,0.2345510734158956,0.009573326881730246,0.20771636074808164,0.016915372922439255,0.049751902386028016,0.2146311402447653,0.1636120456298758,0.08515933481537612,0.09269858079948144,0.24165301026626557,0.07238516070425943,0.061643241565365846,0.02250361761470235,-0.18843184961678391,-0.039292088721715274,0.044265909516266716,0.12125788000931222,-0.13772042343210067,-0.00977691756403292,-0.23177201495432903,0.024102215303993757,-0.244573577946473,-0.06582734962363113,-0.020684082951791003,0.04111071042192571,-0.18479004140285848,-0.3034560203042905,-0.0400891051596087,-0.06512071649312767,-0.09346455650554397,-0.1014064190407501,-0.03204316487649897,-0.04221539529002542,-0.06321810222443362,0.006162498231134767,-0.059139897839473765,0.04750601414179224,-0.06737664732707345,0.02151579197231897,-0.18361231951868606,-0.2353864342872272,-0.30159448935713734,-0.36462726015328645,0.09117210716356183,0.17314428919006514,0.11913524172969914,0.3329218914761237,0.0365933709778287,0.12993285159334816,0.20283201029821926,0.018373374355790693,-0.05622389497277089,0.28734953233485644,0.20592330200349665,0.34631505429845666,0.20562841505110308,0.23795642429028563,0.21347989427891922,-0.1784924246919892,0.048449104611831086,-0.09548220407455253,0.16646596703291688,-0.015997845408025856,0.23185783344821448,0.10919033902869899,0.0072954849429626555,0.13666777743795278,0.001141203376136068,-0.03763140956876207,0.0687013562060922,0.010668882122820873,0.07547736537223772,-0.27549379870085405,-0.05417794556003414,-0.17386826861188587,-0.1304012014589144
#11,0.25372694198578516,1.0,0.1728521411257743,0.28329050016661567,0.08697613059018473,0.09225396796413883,0.16288350139455052,0.0818370635467688,0.4326794998790324,0.2915172070645054,0.30873385767824457,0.06162498231134767,0.1060059251279289,-0.0004802183806780574,0.028918093551287962,0.06675126787695089,0.08692226579083112,0.09606193538962966,0.11048400717588683,0.0679372064254315,0.01605718798358493,0.08966206685625859,0.15452715379313178,0.2232933303509885,0.15666622540136121,0.11314894529983978,-0.011168272720218015,0.20793364587089794,0.23240013329255432,0.09727891466994117,-0.05544057297539109,-0.024262896739353713,-0.07859056818233691,0.014233088507169039,0.0650933276121004,-0.12589025275372376,0.057086644725129754,0.06795637864215058,-0.002850269552237443,-0.04019409587021322,0.031073598488133767,-0.027216331076793856,0.06398407793049615,-0.06815814339905144,0.1131836378824743,0.1733980928209178,0.037321915213153964,0.13334368024394364,-0.23717675414370945,0.06243934504055837,0.10782180794003661,0.27548832092464864,0.025831366659515125,0.17172006737664733,-0.042385206352394476,0.07835684973090425,-0.1290399740718593,0.04069805128111491,-0.1925986113837319,-0.02264877868414686,-0.20794186253520613,-0.17788713042128665,-0.016739171121163843,-0.021688341922790743,0.00043913505913715893,0.027819799422094612,0.01921238707792593,0.021903801120205235,0.21674921371087386,0.23515362879849544,0.11015990541706419,0.19047049532791338,-0.3059520603285753,-0.2777113851013617,-0.17439504809031028,-0.07365600478392455,-0.2968662555291304,-0.20707546093204363,0.09808140888404004,0.10045602486910397,-0.07128412768696335,0.082125559760256,0.1085832188325946,0.20902828814928767,-0.08627314931048492,-0.26950202449478927,-0.15145412134187258,0.1528281302067404,-0.04735263640803955,0.2021253771677158,-0.05627775977212451,0.03549964166213989,0.19798600428179508,-0.16956547540250244,-0.0789192347546641,-0.04783924552762397,0.17722888431393136,-0.13409596150949252,0.22828723632495995,-0.0559573098641055,0.13638384603797013,0.03635508771289149,0.0017976235580895342,0.02966672296603322,-0.009644537972401137,-0.04736541788585227,0.07309088087206198,-0.10877676692518727,0.05571537474836465,-0.22235297876905238,-0.20132470887901874
#12,0.3872258258888833,0.1728521411257743,1.0,0.5156668964289464,0.3048492013858774,0.4494442339558217,0.30844444850205643,0.07213957373771494,-0.06034135675386982,0.4220845677349852,0.21182286697676966,0.10078651736683297,0.3440865123455381,0.11498491329136748,-0.276185824428143,-0.13005884044607358,0.5127837602194762,0.6263024554131841,-0.38397202682284415,-0.24510857408920558,-0.30807013379468384,-0.11881935663518467,0.058308188818945804,0.21985693874476758,0.07512313584428508,0.170180812262915,-0.06709545481519352,0.23374675327639488,0.21914391487535775,0.1446315510779807,0.10232851136866804,0.15019514577731927,0.14776849091830352,0.10270556496414339,0.1447867547371352,0.14520671757955328,0.17546321445037363,0.03711558564274856,0.24687972172896877,0.14450921407605893,0.25144818708431665,0.06492899432593681,0.10673903417675872,-0.0009166145517124898,0.2911447182825346,0.2440066281092086,0.19808916906699778,0.2629652115562819,0.000821666430817969,0.0012060237279005966,0.15065801786668007,0.3039846257081167,0.017728822688949042,0.04008454034610416,-0.2772056037650582,-0.2011868515111815,-0.21370630902874463,-0.15981503375679587,0.02327689702237215,0.16119360743516822,-0.22304409153364038,-0.25562042662747014,-0.1383923639799696,0.043421419017926025,0.047860243669744874,-0.03064998379491206,-0.1644391898368992,-0.002814664006901998,-0.23587486933221344,-0.07342959003409916,0.10312644076926238,0.19543427353275483,-0.3152231965563047,0.04559244432068728,-0.2425623211163708,-0.14325115147420653,-0.34656338015310384,-0.17207338394189906,0.17660898264001423,0.17131653786284562,0.024889189152177187,0.3475311206160672,0.0335312940789804,-0.0339229550776703,0.163570049345634,-0.18725960550881693,-0.2003816184089799,0.3605381002159157,0.16114430744931915,0.2719058552862823,0.19025321020509708,0.17368111125819954,0.20595616866072936,-0.21313388141527478,-0.006359698174531079,0.16540053956095624,0.24309183948289792,0.41061593028616816,0.5308996790936106,0.3763990012188052,0.3868341648901934,0.45603491169368277,0.3167387146398134,0.2704533316291363,0.29018610744658024,0.2964052093651714,0.37655511784066065,-0.21953740179944947,-0.02751030506648651,-0.25902669046456106,-0.17899181528938635
#13,0.4091533640393122,0.28329050016661567,0.5156668964289464,1.0,0.08930601140290413,0.32642524889645635,0.13829193808286963,0.08495574413307344,0.0029351750834219668,0.30339211291522683,0.19032624722116978,-0.01650271378162845,0.35007828655160295,0.1363719775228583,-0.026635686799015828,0.09970374360355508,0.36648696517503776,0.37570971437961903,-0.09952662883957876,-0.06629478652649647,-0.16088593900496195,0.1678208036810656,0.28808172842098534,0.21695006550507379,0.22657451829805494,0.28395696293827916,-0.04038946988820772,0.1446215084882707,0.20667832215714826,0.0802804621417192,0.07254858102772212,0.014996325325128842,-0.00717223497833996,0.010659752495811784,0.0301177265402822,-0.0007878868108843413,0.08134406368827801,-0.05791835374565772,0.2338928273085403,0.08163255990176521,0.1953703661436912,0.06120684539433142,0.19327237785700266,0.06562375894132845,0.22167647340767893,0.21105050053180077,0.057565950143106906,0.276486189156742,-0.14008590979015553,0.06626191986926375,0.2009275701041234,0.42201153071891245,0.13244532494624933,0.21422121999205723,-0.029258628638726965,-0.13524355562453497,-0.31254912880534264,-0.27649075397024653,-0.060744886267671536,0.06654311238114367,-0.26401603162502796,-0.16167656470394903,0.07386142139162905,0.2129385073972803,0.09145056078733903,-0.04097285305408847,0.04091624936663213,0.09589303728996151,-0.007078199820146348,0.15404967430055644,0.18608644843814906,0.24369165597739503,-0.11517846138396017,0.02361286729630661,-0.2120848872719305,-0.24268283219289075,-0.3373725846430544,-0.2061460649025184,0.30949618153350344,0.025816759256300583,0.010200532257254629,0.20901733259687674,0.0014370032912305367,-0.04826103429544386,0.045267429599163723,-0.20390200258368443,-0.32981416644223,0.2201070905248166,0.04253036742183898,0.11765167734072224,0.18959770298584452,0.00766614779953165,0.06393477794464707,-0.25398896228094603,-0.08391679257943917,0.1779674711389666,0.20865306047921411,0.17245408938817805,0.4899469112189421,0.2185495761570661,0.33315834881565914,0.32387077925931335,0.13370703939890535,0.139720724709792,0.22926136752682968,0.10812765044484107,0.28514746630026433,-0.3193881323978509,0.024156993066048287,-0.2610087324882342,-0.3070996544436177
#17,0.29231787535320247,0.08697613059018473,0.3048492013858774,0.08930601140290413,1.0,0.5917459042210831,0.09150351262399174,0.15002716064035204,0.07278960318076205,0.16839323129453546,0.27038668535196997,0.4044150876215952,0.2750391432758015,0.08145818402589163,-0.1802854834365742,-0.21170874663915606,0.17948390218517624,0.2714320276445106,-0.17348482427750414,-0.2065998073648701,-0.15605362742905138,-0.2558103228692592,-0.2433063857176115,0.1068522415516714,-0.3246184957113577,-0.10530659569903271,-0.28324393906886935,-0.2595872495629191,0.48544874399156424,0.3536297114581384,0.2544207936384759,0.06986720957515281,0.037195013397727635,-0.07851296635275966,0.3461744580425167,0.15433908347674455,0.19319934084092993,0.2776940388100444,0.13121921603892872,0.16845257387009455,0.23925374428827711,0.13332815987802818,0.2642789648828897,0.10748583766610215,0.18857335883542478,0.14453203814358165,-0.06169619340201856,-0.006952210967420926,-0.17467897949029293,-0.17460776839962203,-0.19013635097938072,-0.07038668535196994,-0.08643109185774216,-0.21632651198035305,-0.12316505909151082,-0.10300684265544331,-0.24726316606335047,-0.14053417447630176,-0.01253589084617948,0.08796943400877358,-0.11071407377651586,-0.17155756001588554,0.07903152916687589,0.06579630889180023,-0.17964184473243347,-0.02449752815348729,-0.0721249663345004,-0.0487494693404301,-0.14552351563676866,-0.10088694326393295,-0.06469801476260688,-0.17351769093473687,-0.12039695618235517,0.007062679454230897,-0.017797294891517206,-0.17652590303423155,-0.15170518608462252,-0.2685680636517595,-0.05070777433387959,0.2405008513377186,0.2842719350700927,0.40037522767007355,0.07962495492246664,0.36478246381244095,0.49077496838866647,0.08942378359132137,0.09613679833110418,0.3503613049888847,0.3723627931180872,0.479681558609923,0.33686041256784455,0.2937795286373575,0.18558979672885464,-0.046190434889782576,0.10726672661788403,-0.34091396695987985,0.04536055179465643,-0.02745278841632925,-0.011297913423747074,0.057864488946304096,0.04412805214842948,0.3328671137140692,0.32004272665440253,0.23540469354124538,-0.061304532403328664,0.07157444982585237,-0.16372799189289122,-0.11298096016287254,-0.06549777008860302,-0.22720172367357933,-0.24157814732479105
#18,0.26372297059803623,0.09225396796413883,0.4494442339558217,0.32642524889645635,0.5917459042210831,1.0,0.13779254748547248,0.015638138103867768,0.027723025375798273,0.22117069207137544,0.40370480264028813,0.3017341726503764,0.2833105853460357,0.18356575842093972,-0.3203220932408806,-0.31396148210364866,0.35648089397307675,0.4714849794811633,-0.32976395349368004,-0.3052563827504827,-0.2915783755654663,-0.29761579790657655,-0.09570770586167703,0.07473877854720246,-0.2531554273350162,-0.07093081112171162,-0.22365577654324933,-0.1425673424112258,0.5722696709225945,0.5896351344565818,0.17026024001789408,0.24847284164205471,0.0440997503047013,0.06531791643652399,0.3625803977778488,0.2618358766952576,0.24103493451775027,0.34420428453395535,0.22002948869523936,0.31564407236142367,0.36545349139760896,0.3212031022472577,0.28671137140692116,0.19076446931760602,0.29573326881730244,0.23456841970721287,0.04209397125080455,0.1444142659551644,-0.01742206722144367,-0.06719222886148986,0.10674268602756234,0.14676697083540652,-0.04331186349381696,-0.050351718880525136,-0.26762862503252427,-0.21903709823935144,-0.24691624023700512,-0.1546613593101654,0.07427681942054257,0.25150113892096937,-0.06236630802448566,-0.11282484354101713,0.14663367828107382,0.1197186248955799,-0.21128604490863526,-0.09523844303340986,-0.10112340060346835,-0.035026726983069106,-0.3122542418529491,-0.08410668882122821,-0.05677988925762438,0.19288162982101367,-0.20565580393213034,-0.01107788941282804,-0.15924717095683055,-0.2339329976673803,-0.2456864794788809,-0.22588523145886874,0.1849169432182848,0.38094829435743405,0.09394933969972656,0.5730694262485906,0.027775977212450984,0.3883277718688803,0.42865150844262256,0.0015310384494241487,0.022040745525341562,0.4055873317295622,0.4449451537657429,0.33099371425180424,0.4931568880753377,0.1673049797550521,0.2777944647071444,-0.14889782577932778,0.006377957428549257,-0.28185258391268425,0.05709486138943794,0.046161220083353494,0.16494131932239908,0.06770166204859701,0.1350710056740632,0.42397713941396925,0.5759781254136862,0.18859161808944297,-0.07848375154633057,0.024668252178557244,0.07483463963079788,-0.09564927624881886,0.04189768427010915,-0.19679641388251082,-0.2403876439628059
#26,0.15572861270752783,0.16288350139455052,0.30844444850205643,0.13829193808286963,0.09150351262399174,0.13779254748547248,1.0,0.27337207338394187,0.12449889759753865,0.28050139911533917,0.17734391761424587,0.08931696695531505,0.19733323595064522,0.32379043854163336,-0.13498244829207504,0.13421464666061067,0.0983552976943127,0.15717748451387017,-0.1362058183112929,-0.04457175202107118,-0.18994919362569443,0.0056923224401667066,-0.09773904787119922,0.20237826783586757,-0.21026443964631825,-0.13121008641191964,-0.3287213500892421,0.03457298452071741,-0.018736733510752418,-0.05183528326950203,-0.17725262134415498,0.007428777497295348,-0.05247892197364277,0.03867857778670453,-0.03541291020555355,-0.06926648011795478,-0.14967384407510032,-0.08563955319605418,-0.09517179675624353,-0.009984160097139231,-0.1327931637352956,-0.10761639133233211,-0.08606042900117315,-0.15915039691053423,0.1818019144827838,0.09211154578279704,-0.18859435697754567,-0.05393966229509693,-0.17334422802156418,0.04791684735720122,-0.1550347610548371,0.17380436122282225,-0.003489343442873641,-0.09639151492465775,-0.04522269442681919,-0.028824058393094352,-0.1503238735181474,-0.020547138546654676,-0.0772804667065327,0.011385557843034322,-0.13898944158636398,-0.0838063240926292,0.09436565069134101,0.33111696421642695,-0.016847813682572,0.03912045173394441,0.04427595210597671,0.27153154057890966,0.15491242405291533,0.07174517385092231,0.33492127979111413,-0.0011996329889942346,0.10134890239059283,0.13736619390414806,-0.055844102489192804,0.12246390373721282,-0.08667485289888481,0.014317994038353562,-0.15338777634239753,-0.05485445092140761,-0.0251995964704862,-0.009327739915185766,-0.01571573993344502,0.0750930080751551,0.09799924224095824,0.06380787612922074,-0.06726343995216076,0.06272692829134466,0.015488412220918714,0.10832850223904103,-0.1544869834342918,0.1421464666061068,-0.016146658328274,-0.08702269168793109,0.03015515801101946,-0.08125915815709349,-0.08030967694814828,0.01094094500769171,-0.010376734058530039,-0.06996124473334642,0.09705067399471394,0.1483637425992961,-0.026668553456248544,0.0554104452062611,0.0716191849981969,0.036129585925767004,0.26611036806091287,-0.0544728325124277,0.04010006071201961,-0.05883314237196839,-0.05613716351618454
#49,0.517433479255205,0.0818370635467688,0.07213957373771494,0.08495574413307344,0.15002716064035204,0.015638138103867768,0.27337207338394187,1.0,0.1438263179757791,0.10881602432132635,0.27735989446151177,0.15706792898976113,0.1362469016328338,0.23900085362012535,-0.04898318779186276,0.004288185806168889,-0.00161776990601049,-0.2734040270784737,0.004366700598447051,0.09367818977755664,-0.029147247189216085,0.1055412271131663,-0.022206904736906972,0.05033163370110514,-0.05073698914030867,0.090178803744973,-0.24224095824565087,-0.06753185098622795,-0.0541834233362396,-0.03991107743293148,-0.004908087480086001,-0.07620134479405843,-0.09124423121693363,-0.14229254063825222,0.0261792054485614,-0.01084508392409628,-0.003015515801101946,0.022116521429517,-0.025597648208082458,-0.06880543395399581,0.037356607795788505,-0.007129325731397244,0.21529303820292423,0.12178374652503572,0.2826313410965595,0.07745666850780811,-0.210216965585871,-0.06164506749076767,-0.2132270036107675,-0.03820292421953101,-0.1327931637352956,0.03669836168843322,-0.06402607421473795,-0.033890088420437586,0.051987748040553804,0.038527938941054565,-0.19294371128467547,-0.08276098180008856,-0.07973724933467843,-0.05276376633632633,-0.13828372141856143,-0.23919440171271802,0.06476557400247412,-0.048691952690272836,-0.2506676039750396,-0.1798107428321016,0.1347651631692587,-0.006943081340411838,0.1605408391040184,0.12354850342589253,-0.02568529262736971,-0.1439404383133927,0.0576992426974396,0.17168080998050825,-0.04545549991555095,-0.20628757412115928,-0.2664445124094455,-0.3801330186655224,-0.09546211889513254,-0.05587696914642552,0.25671324298045806,0.1372986346642808,0.07940036609804306,0.04386055407706318,0.2738705510186381,0.10359661656023043,0.02228907137998877,0.2206649107350719,0.07279142910616387,0.37681713813582146,0.06267215052929012,0.3260271971588601,0.14151469641707787,-0.12125057630770494,-0.09604276317291056,-0.15718387525277655,-0.03899720176932171,-0.09370010088237846,-0.08958811687748497,0.052055307280421056,-0.13770764195428795,-0.01455262545248714,-0.29517727453244896,-0.061754623014876726,0.0264886998041695,0.04287364139738071,-0.10948887783189618,-0.23671205612894686,-0.11797851798764762,-0.14104908543961436,-0.03301638311566781
#50,0.0013502718346441957,0.4326794998790324,-0.06034135675386982,0.0029351750834219668,0.07278960318076205,0.027723025375798273,0.12449889759753865,0.1438263179757791,1.0,0.12949189060880917,0.2057005391044749,0.15763670475242733,0.11901473065317916,0.13865438427513044,0.18467318217714215,0.10744840619536489,0.04793601957392031,-0.0015100403073032452,0.17761232864831308,0.033828006956775784,0.19906603915697024,0.04207114718328183,0.01602432132635221,0.014930592010663404,0.0746292230230934,-0.06346186326557629,-0.04778538072827035,-0.0842810646971018,0.13435250402844792,0.03276440541021697,-0.11946847311553087,-0.17321641324343695,-0.1093464556505544,-0.27352727704309643,0.051011790913282236,-0.1437551068851082,0.05867063501120662,-0.05828810363952581,-0.12692372653115258,-0.21751610237963728,-0.08524332738385973,-0.04886724152884734,0.003135113914921006,0.07951996421186212,0.05351878648997795,0.03521844915025996,-0.025847799988131484,-0.1514659898569844,-0.2406752272135922,-0.22484901879333719,-0.12298885729023541,-0.08647947888089032,-0.094015073014192,0.047726951115412176,0.06915783755654663,0.07043781126322084,-0.1768828714502869,-0.12617874896721096,-0.10898674834639631,-0.05743357055147512,-0.12356128490370526,-0.022793026790890458,0.04886541560344552,-0.014733392067267093,-0.0850141737459316,0.03388461064423213,0.02310982484810583,-0.06552150711882666,0.3529532060967649,0.27654553173230106,0.21656662117069206,0.09751628497217746,-0.15117931956889902,-0.23006842655443313,-0.15202198414183787,-0.05557477849242469,-0.18634481688250626,-0.11744626073301775,0.17274349856436616,-0.042389771165899016,0.0892813614099796,0.04877411933335463,0.14072954849429625,0.24789219736427667,-0.0257154203964997,-0.05381641233047424,-0.018569661336486097,0.13651348674149918,-0.19826902271907682,0.1317332140395404,-0.03916883875709258,-0.003404437911689118,0.025313716808099806,-0.05789370375273318,-0.023105260034601286,-0.04914934700342818,-0.14247239429033126,-0.10802905047314292,-0.0931176306791986,-0.22288341009828044,-0.25657173376181713,0.02859307882976441,0.05999169203942173,0.044919590810117455,0.008459512386621444,-0.1232673109140126,-0.13906065267703488,-0.07889458476173956,0.09021623521571026,-0.08564046615875509,-0.03199751674145353
#51,0.20104808118064335,0.2915172070645054,0.4220845677349852,0.30339211291522683,0.16839323129453546,0.22117069207137544,0.28050139911533917,0.10881602432132635,0.12949189060880917,1.0,0.38362327507109695,-0.11838387342685115,0.17794282114604207,0.1049852328283128,0.034653325238397384,-0.025768372233152415,0.5961673825815846,0.12691916171764803,-0.08452482573824446,-0.059851095783481766,0.07893384215787864,0.1784495154450465,0.19366586478109438,0.39297110016570275,0.18235608284223548,0.1685721719839136,0.19451583305564052,0.15700128271259478,0.2681745767276678,-0.052708988574271795,0.256843796646688,-0.16367777894434124,0.3620052312762762,-0.1323905471841948,-0.022802156417899545,-0.15888655068997157,0.10500166615692916,-0.14518480647473148,0.35339964485750935,0.17067381212140578,-0.02711042740348843,-0.16201892571678983,-0.11985739522611803,-0.21973734063094852,0.1083056781715183,0.45724276134698516,-0.013763825678901888,-0.005879479793853022,-0.02573824446402242,0.112595689903089,0.18470239698357124,0.3835977121154715,0.2880333413978372,0.1473521799266891,0.1290290185194484,-0.026079692514162332,-0.10785650052267115,-0.12845841683138035,-0.1612812518544555,0.17284483742416704,-0.17782322303222303,-0.08545330880506877,-0.11338357671397335,-0.0007066331305034533,0.07161005537118781,0.1962048140523219,-0.1898022066308481,-0.00939621211775393,0.09044173700283475,0.06029114380531984,0.2497473375725235,0.02377263576896566,-0.1723061894306308,-0.09156102927414901,-0.2330976367960487,-0.08300839469203486,-0.25976619025229725,-0.11000013694440514,0.1805849352024723,0.0041211136319025685,-0.11433397088561947,-0.04454710202814664,0.10324421295767962,-0.026532522013813127,0.13198884359579488,-0.21659674893982206,-0.13660113116078643,0.011332606006381609,-0.038544372269670925,0.014799125381732529,0.024476530011366387,-0.07442654530349163,0.10418912935312027,-0.2644925981549024,-0.1782459247627438,0.10954000374314707,0.13921585633618938,0.26068280480400974,0.22543057603381614,0.23421875499276476,0.27732337595347545,0.4637530983671662,0.06394938534786161,0.29957775475082965,-0.04435629282365669,0.3199760803772362,0.10566812892859262,-0.12956310169948007,0.08137966923361346,-0.35366622996617475,-0.271968849712645
#52,0.22322759703652306,0.30873385767824457,0.21182286697676966,0.19032624722116978,0.27038668535196997,0.40370480264028813,0.17734391761424587,0.27735989446151177,0.2057005391044749,0.38362327507109695,1.0,0.27533311726549414,0.18176083116124292,0.07392258989258994,-0.13686406441864818,-0.08983187791862764,0.3748524424034656,0.08280297808433036,-0.05899382380732835,-0.15717200673766474,-0.15405241318865917,0.08022568437966467,0.0698973373442828,0.19835666713836406,0.1566634865132585,0.16024321326352212,-0.09699863512076214,-0.05625402274190088,0.4069056498696746,0.2492954210355736,0.23881278330373812,-0.17418689259450304,0.23624644515148333,-0.1610338389625092,0.12812062063204407,-0.010371256282324586,0.12996571825058087,0.03530700653224812,0.2156500066189796,0.15011297913423746,0.19527267913469395,0.06540556085581123,0.08177772097120972,0.08479780158581621,0.14706824852670644,0.30295480378149153,0.10016752865561677,0.09030387963499752,-0.05848895543372575,0.04040681617952498,-0.06922357087101207,0.03458028822232468,0.027338668078715645,0.08582123277353504,-0.026707810852387624,0.06819283598168596,-0.19110591736774593,-0.09133735341242634,-0.007821351458686156,0.08813376729493716,-0.043254346843659704,-0.07625520959341206,-0.049420496925598106,-0.09280083262198323,-0.1757681439924772,-0.22674889417392852,-0.09871683092387261,-0.1644063231796665,0.05974610507287725,0.025728201874312424,-0.028350230751322654,0.07388607138455358,-0.1366285200418137,-0.07577042639922946,-0.09225305500143792,-0.10757165615998758,-0.1738810500896986,-0.15526847950626976,0.0841778999118991,0.07086142595644256,0.264677016620486,0.2779715794711207,0.147072813340211,0.2600948568246244,0.21769960788251996,-0.023894059808186537,-0.0226944268191923,0.2510811760785513,0.11319733232298794,0.2320550333916108,0.12966535352198186,-0.04695823652124692,0.15380043548320832,-0.09485134684822452,-0.12953297393035007,-0.09834981991810725,0.12205489644720564,0.10247367243811253,0.09337965097435945,0.17930222260769535,0.03913414617445804,0.343587121748141,0.01350819612264741,0.24384868556195136,-0.04874033971342101,0.25340740504046705,0.030334098700397594,-0.1833995992093743,0.01817982626319802,-0.26120136761812596,-0.26843933591093133
#53,0.17689108811459509,0.06162498231134767,0.10078651736683297,-0.01650271378162845,0.4044150876215952,0.3017341726503764,0.08931696695531505,0.15706792898976113,0.15763670475242733,-0.11838387342685115,0.27533311726549414,1.0,0.4548270620403803,0.06046004190498797,-0.17337344282799327,-0.172264193146389,0.05722450209296699,0.08378806483861102,-0.02572455002350879,-0.055461571117511994,-0.31192922713142557,-0.19991874631961912,0.022854195291851353,0.03447438454901925,-0.03860919262143545,0.059761625438792695,-0.33215682873276214,-0.31678618870026065,0.32592403237365736,0.3583689008385562,0.0236429950654366,0.16002592814070582,-0.1961956844253128,-0.08690309357411204,0.425922662929606,-0.027745849443320994,0.20027754066107628,0.1339800152464771,0.01605536205818311,-0.07488120072854423,0.2981087977650673,0.09823935143129728,0.40905750295571675,0.037894342826623816,0.19402648504795336,-0.07059666677317898,-0.1142965394148822,-0.14897816649700776,-0.30677281379669236,-0.3007107414626575,-0.37938256332537534,-0.22428937265768006,-0.36650431146635504,-0.15647359027146945,-0.1950389606832613,-0.05343844577229797,-0.13600314059169114,-0.0020961623612867296,0.12357132749341526,0.03697042457330406,0.06402150940123341,-0.07179538679947231,0.01724312653206553,-0.014629314319363483,-0.33414526149534163,-0.1595840541934659,-0.03905563138217988,-0.2838638407427865,-0.12241734263946646,-0.06095121583807694,-0.10324421295767962,-0.14135492794441884,-0.04571021650910452,-0.11206069376035642,0.010883428357534452,-0.09610940945007691,-0.021870934462972516,-0.13700557363728905,0.10311092040334692,0.08858659679458795,0.431031602203892,0.4131156221612566,0.012482026046825858,0.6173764190863982,0.23033318573769668,0.2256743370749588,0.1808213925420077,0.27238516070425944,0.2106497099061018,0.4743872879073526,0.10377555724960856,0.30838328000109555,0.17240205051422625,0.012967722203709368,0.09041343515910658,-0.25882583867036113,0.003973213674355334,-0.2232942433136894,-0.02848169738025353,-0.20677874805424826,-0.1746132461758275,0.07729963892325178,0.08614259564425496,-0.06717670849557442,-0.018301250302418894,-0.2122592631478041,-0.04638033113157162,-0.006139674163612045,-0.04889645633527642,0.006094026028566603,-0.0028858750975728886
#54,0.16451587870377557,0.1060059251279289,0.3440865123455381,0.35007828655160295,0.2750391432758015,0.2833105853460357,0.19733323595064522,0.1362469016328338,0.11901473065317916,0.17794282114604207,0.18176083116124292,0.4548270620403803,1.0,0.14763976317747537,-0.027327712526304736,-0.0038152711270981023,0.24163840286305102,0.22894822132041795,-0.10617208433949431,-0.1446607658844098,-0.2542126381426687,-0.08986657050126218,0.1018912022349327,0.13043589404154893,0.05492840090018122,0.12027735806853611,-0.28073055275326725,-0.23149356133055185,0.4064573851835283,0.07783646099138619,0.03794272984977199,-0.004321052463401608,-0.02918376569725244,-0.07139459617377332,0.12984703309946272,-0.0443060798751067,0.1947431607681668,0.025862407391346025,0.18329552146147068,0.02105200692025727,0.17944738367713986,0.09094112760023189,0.342835753445293,0.19632806401694458,0.23718679673341947,0.08055617687739368,-0.11640457029128075,-0.044338033569638516,-0.36963120871696786,-0.33266534895716837,-0.17410290002601944,0.047904978842089406,-0.18675382417251343,-0.0834146630939393,-0.05180241661226931,-0.02281402493301136,-0.2317035427517609,-0.14101530581968075,0.045458238803653676,0.05446644177352134,-0.05898743306842199,-0.028177680800850882,0.13833393436711144,0.21520265489553425,-0.28592531052143866,-0.2043110098736916,0.16524350997639992,-0.03140500394856368,-0.07221078482838583,0.005233102201609554,0.07939214943373489,0.021781464118283446,0.01389803119593549,-0.06951937078610654,-0.05616546535991272,-0.10352905732036317,-0.0998196898665705,-0.10999831101900331,0.3076620394673776,0.10041220265946035,0.1399790931541492,0.3114499217134484,0.11344748410303697,0.2606380696316652,0.23077505968493658,0.05304678477360807,0.05506717123071937,0.2787868551630323,0.16055818539533567,0.43298625534653784,0.13034642369685986,0.2801353010722747,0.09906193082481615,-0.11795386799472307,0.11036532202476868,-0.1568807716360748,-0.012610753787654005,-0.03388004583072759,0.1366513441093364,-0.03339161078574135,0.1215135095655667,0.21257149639151493,0.01935024444576317,0.15841181008549896,0.0972213980197839,-0.021790593745292536,-0.006608936991879197,-0.05303582922119717,0.17700064363870413,-0.034854177032597335,0.01667982854560477
#58,0.20327205832005735,-0.0004802183806780574,0.11498491329136748,0.1363719775228583,0.08145818402589163,0.18356575842093972,0.32379043854163336,0.23900085362012535,0.13865438427513044,0.1049852328283128,0.07392258989258994,0.06046004190498797,0.14763976317747537,1.0,-0.1750359479063483,-0.10665778049637782,-0.028382184445854466,-0.029260454564128784,-0.2235599154596539,0.06104525099627055,-0.12536529920070116,-0.03603828965567612,-0.12282817585487545,-0.12064071722349784,-0.13490028164899323,-0.1912866839825259,-0.34994590695997113,-0.12545933435889478,-0.060122245705651695,0.0859928697613059,-0.09936138259071425,-0.010939119082289893,-0.009226401055384883,-0.014722436514856186,-0.03697042457330406,0.22964572482391232,0.013717264581155537,0.02411225789370375,-0.03274158134269425,-0.07738545741713722,-0.06879630432698672,-0.0386867944510127,0.003039252831325576,0.20795099216221521,0.03321632194716685,-0.20862749752358867,-0.06387360944368618,-0.01121209492986164,-0.10059205631153939,-0.0027425399535301984,-0.007947340311411578,0.04989888938087435,-0.03824674642917464,-0.13146936781897775,-0.1408884040042544,-0.09561367070348341,-0.0731347030817056,-0.05893265530636746,0.052903449629565384,-0.20301642876380285,0.029450350805917826,-0.009791524967247464,0.34016077273163003,0.1482934444713261,-0.286242108578654,-0.0742905138610562,0.4745780971118425,0.19544522908516573,0.08122355261175805,0.19665033985036542,0.13942583775739842,0.16917837921731707,0.19058370270282607,0.15161480277723255,0.2435346263928387,0.15681960313511392,0.04697923466336783,-0.011904120657150552,0.06707628259847444,-0.051594261116462085,0.029292408258660592,0.08418429065080546,-0.04202184719743275,0.08689578987250476,0.22274372680504137,0.11424084869012677,-0.018676477972492434,0.10216417808250444,0.07739093519334267,0.12187686872052843,0.022116521429517,0.20348386566666818,-0.10824177078245469,-0.16088411307956013,-0.09091282575650372,-0.24663230883702247,-0.17831074511450834,-0.04462744274582662,-0.09466510245723911,-0.06931395417840204,-0.08692774356703657,0.1332770339667773,0.005558116923133106,0.03366458663331309,0.14409381604714538,-0.01056754326301999,0.25289066815175265,0.016431502690957563,-0.09147521078026358,0.009742224981398385,0.06587208479597566
#101,-0.22798139382015548,0.028918093551287962,-0.276185824428143,-0.026635686799015828,-0.1802854834365742,-0.3203220932408806,-0.13498244829207504,-0.04898318779186276,0.18467318217714215,0.034653325238397384,-0.13686406441864818,-0.17337344282799327,-0.027327712526304736,-0.1750359479063483,1.0,0.528772476000493,-0.09416845074794469,-0.0886824578781834,0.7241528847338942,0.1128522324220444,0.6438760744429787,0.45799412964983316,0.3826564475708345,0.18765309243290865,0.35450341676290814,0.09861549206407172,0.16098636490206192,-0.22061013297301738,0.07736811112581995,-0.3516284972177462,-0.15055485308147737,-0.22755595320153196,-0.2347701844641137,-0.2972077035792703,-0.2023919622763812,-0.42039923858910744,-0.07991527706135566,-0.3486513258500824,0.0001141203376136068,-0.19778697841299694,-0.07722112413097362,-0.24502458152072198,0.04548654064738185,0.026072388812555063,-0.32545659547079203,-0.11263951211273264,-0.2303751820219385,-0.25767459270451504,-0.27655466135931017,-0.22268529719218322,-0.17182779697535458,0.018870026065085112,0.07889732364984228,0.14126728352513157,0.6464816699913725,0.16112513523260008,-0.2702689131635527,-0.4610744658026996,-0.5116087772234066,-0.416507278595133,-0.32753084672725696,-0.2692792615957675,-0.0429037691665107,0.016963759945587423,0.25211738874408285,0.1479894278919235,-0.07288546426435748,0.0648048313986132,0.5388871897638622,0.20646742777323832,0.29824391624480184,0.007115631290883611,0.2636828002391962,-0.16823620170997913,-0.024254680075045533,-0.1357748999164639,-0.096469116754235,0.036791483883925925,0.40615336860412565,-0.25329511062825527,-0.033904695823652124,-0.4139308978531682,0.011791826244938764,-0.15863731187262345,-0.3064980120237188,-0.2788881940228332,-0.3394943099599666,-0.12846937238379125,-0.2912049738207946,-0.1842349600807059,-0.13665590892284096,-0.4471490457257369,-0.37368293718360135,-0.2505954799216678,-0.432603723974857,0.28781240442421724,0.09315597511263678,-0.29968913620034054,-0.11912063432648459,-0.3552922165364934,-0.21004076378459557,-0.21853405579115065,-0.07144663504772512,-0.1797605298835516,-0.08188271168181424,-0.21685146553337564,-0.1775420305203431,-0.33890910086868403,-0.04162653434793921,-0.2948924301697654,-0.3330067970073083
#102,-0.05921749966905102,0.06675126787695089,-0.13005884044607358,0.09970374360355508,-0.21170874663915606,-0.31396148210364866,0.13421464666061067,0.004288185806168889,0.10744840619536489,-0.025768372233152415,-0.08983187791862764,-0.172264193146389,-0.0038152711270981023,-0.10665778049637782,0.528772476000493,1.0,-0.08967119648326767,0.13445840770175335,0.4337540569780022,0.28106926191530446,0.32326092017510627,0.5853697727179356,0.2714338535699124,0.2700205873089055,0.27818703866853517,0.24089616418721213,0.04853127125491288,-0.040939986396855754,-0.09104703127353732,-0.40709189426066,-0.24861343789799467,-0.21930733519882045,-0.2150839697444161,-0.1453929619705387,-0.34638809131452936,-0.33851104913108776,-0.21871847425673424,-0.2072589664349263,0.014454938443489891,-0.020320723796829282,-0.1825322846435109,-0.18368079172125423,-0.2124144668069586,0.019790292467601237,-0.36133694257921095,0.04016670698918596,-0.3741695463031858,-0.34463611589148524,-0.3268707746944999,-0.07536963577353047,-0.2080240291782879,0.10804639676446019,0.03811436683754285,0.1906056138076479,0.31527797431835924,0.3031985648226342,-0.24294850433885523,-0.09572322622759247,-0.4831736409408994,-0.27221991445539495,-0.3415594315894224,-0.2508209817087923,0.1637033418999667,0.412440942725285,0.17018811596452227,0.1408555373470217,0.0619682562868894,0.18629003912045172,0.29224575129983066,0.1640566584652184,0.17996138167775155,0.12403419958277605,0.15669087539428578,0.055960961714909135,-0.02264877868414686,-0.02703008668580845,-0.165663472818818,-0.06572874965193297,0.2806401694458773,0.039586975674108835,-0.2334500403985995,-0.3424760461411349,0.023831978344524735,-0.16139263330396636,-0.1819762903586574,-0.22618468322476684,-0.37066924730790124,-0.29949741403314967,-0.25170564256597294,-0.22580671666659058,-0.05152122410038938,-0.31587231303665086,-0.30456800887399743,-0.33192950102023583,-0.39000671027585165,0.15783299173312274,0.0776100462415608,-0.16549913953265438,-0.08848708386018889,-0.1341854318541816,-0.015142399357274258,-0.20773096815129619,-0.13468390948887785,-0.12840272610662493,-0.09382517677240296,-0.1583132101138008,-0.12920430735802288,-0.2829517910045785,-0.08511368668033067,-0.3434072680960619,-0.38249302724737183
#201,0.17594160690564986,0.08692226579083112,0.5127837602194762,0.36648696517503776,0.17948390218517624,0.35648089397307675,0.0983552976943127,-0.00161776990601049,0.04793601957392031,0.5961673825815846,0.3748524424034656,0.05722450209296699,0.24163840286305102,-0.028382184445854466,-0.09416845074794469,-0.08967119648326767,1.0,0.42890622503617615,-0.26905375980864304,-0.2390894110021135,-0.12281630733976363,-0.02161986972022258,0.09887477347112984,0.1629857532170523,0.2616341119383568,0.14131201869747612,0.18393824720291052,0.0805278750336655,0.36593644866638975,0.008903212259263148,0.36135611479593,-0.12393833849918062,0.3536342762716429,-0.12842007239794218,0.03905837027028261,-0.10003241017588227,0.17328853729680874,-0.12114010782089497,0.3918947171413312,0.08461977385913899,0.09568670771955612,-0.06832247668521503,-0.07508570437354782,-0.13790392893498335,0.06979873737258464,0.41677203777839655,0.06636691057986827,0.015972282452400406,0.09184130882332803,0.03514449917148635,0.11472837077241209,0.1024809761397198,0.18396107127043324,0.08999803713019304,0.013140272154181142,-0.164521356479981,-0.07444023974400527,-0.1647167304979755,0.03696129494629497,0.28231636896474593,-0.1612620796377364,-0.12172166506137391,-0.11304760644003889,0.03602733410326521,0.12018880068654796,0.04348806529509237,-0.15305089310576217,-0.10058749149803485,-0.029280539743548776,-0.06229509693381477,0.25093145019560226,0.254389752906645,-0.2277677605481428,-0.018303989190521622,-0.2111043653311544,-0.11380353955639143,-0.19603409002725194,-0.03471814559016191,0.31284858057124076,0.0553383211528893,-0.08108113043041626,0.11381540807150324,0.14188444631094596,-0.0710312370188116,0.11476762816855117,-0.17782961377112938,-0.044942414877640176,0.1712836712056129,-0.01760557272432635,0.0711453573564252,0.22837396778154628,0.003504863808789092,0.19266251877279553,-0.12043986542929788,-0.022881584172878618,0.2572391094961815,0.202413873381203,0.4517604203280275,0.30041128969675945,0.3664814873988323,0.2846316423742508,0.6238438468596366,0.21836515769148251,0.4517932869852602,0.07173787014931506,0.383422423276897,0.0903851333153784,-0.1101407332003451,0.05141805931518668,-0.3050025791196301,-0.23445429936959924
