,#10,#11,#12,#13,#17,#18,#26,#49,#50,#51,#52,#53,#54,#58,#101,#102,#201,#202,#301,#302,#401,#402,#501,#502,#601,#602,#701,#702,#801,#802,#901,#902,#1001,#1002,#1101,#1102,#1201,#1202,#1301,#1302,#1401,#1402,#1501,#1502,#1601,#1602,#1701,#1702,#1801,#1802,#1901,#1902,#2001,#2002,#2101,#2102,#2201,#2202,#2301,#2302,#2401,#2402,#2501,#2502,#2601,#2602,#2701,#2702,#2801,#2802,#2901,#2902,#3001,#3002,#3101,#3102,#3201,#3202,#3301,#3302,#3401,#3402,#3455,#3501,#3502,#3601,#3602,#3701,#3702,#3801,#3802,#3901,#3902,#4001,#4002,#4101,#4102,#4201,#4202,#4301,#4302,#4401,#4402,#4501,#4502,#4601,#4602,#4701,#4702,#4801,#4802
#10,1.0,0.253338019875198,0.3720085635901345,0.48069859905873547,0.20977143978782747,0.08371046300903377,-0.21404775707888454,0.6384895945076164,0.03536726207050811,0.32884094820306115,0.45664385781518896,0.16022951882300848,-0.07209209967726768,-0.07628625032524296,-0.3399626598255328,-0.17774562120264575,0.33519060378788224,-0.07684772238630191,-0.11830079382106844,-0.11456129859814577,-0.02094245139614821,0.010732789511884493,-0.006553246267123757,0.04476895196446749,0.05790465930514409,-0.02584506110002876,0.12202385571537475,0.2719578941602341,-0.1457444526103886,0.027275673652352932,0.025622298201006997,0.018467409513984307,0.08016816772950741,-0.06368553912729895,-0.009311306586569406,-0.038598237069024544,-0.27686598164032006,-0.2838857518476083,0.10317574075511145,-0.13725207356653443,0.06675674565315634,-0.02733501622791201,0.0531015625356626,0.013512760936151953,-0.005602852095477639,-0.05518676934453843,-0.14177489078683692,0.18491968210638754,-0.07109057959437068,0.19945313534215559,0.1251014529801385,0.0777542943483044,0.21372913309626734,0.038178274226606475,-0.11197031045296645,-0.10637476205909607,-0.06564567004615027,-0.1144499171486349,0.09502846161220084,0.049195908101174524,-0.08213103753646145,-0.08986657050126218,-0.30018396198423314,-0.3453929619705387,0.2511386927287086,-0.12682695248485623,-0.24703401242542236,-0.25380910862886696,-0.2810199619294554,-0.3230838054111299,-0.09349559723737487,-0.10415443677048575,0.07929811427554127,0.18481743028388575,-0.07114718328182702,-0.0026375492429256803,-0.13376546901176353,-0.01773156157705177,-0.196784545367399,-0.17707368065477685,0.1847170043867858,0.21992723687273757,-0.22720446256168203,0.21522456600035605,0.11416872463675497,-0.0016013365773941306,0.14156399640292697,0.16264065331610877,0.08937357064277139,0.08367029265019378,0.12105337636430864,0.07865904038490508,0.14263398868839214,0.09321805657629857,0.1380198751979988,-0.08495300524497072,0.020446712649554704,0.17352773352444686,0.18506758206393478,0.09658415005454953,0.13156157705176955,0.03657054691030598,-0.07043872422592175,-0.027877316072251867,0.050312461484386055,0.1285561038403776,-0.16563699690049163,-0.05381732529317515,0.199298844645702,-0.18356758434634152,0.008189275427152424
#11,0.253338019875198,1.0,0.16638288742713417,0.1787891375697846,0.16975628460699238,-0.034815832599159165,0.27550110240246134,0.2597114124902427,0.1951238662144458,0.311553999461352,0.16449761944975738,-0.16749670192224297,-0.2917892699493762,-0.08995695380865215,-0.15384608361825378,0.020819201431525516,-0.013631446087270105,-0.10531116051253726,0.0853026699594188,0.1106766423057786,-0.11973231933609352,0.0306335504662957,-0.02781066979508552,0.11954333605700539,-0.22013174051774115,0.19396896839779612,0.029706893324873213,0.21989254429010302,-0.26480665732401504,0.036957643095491335,0.05521324526286479,-0.02122273094532723,-0.02843239739440445,0.0592047181912383,0.047881241811865774,0.06898711353147667,-0.058263453646601265,-0.08219038011202053,-0.15428339275198913,0.0595662514207982,-0.16567260244582707,-0.09102877201951914,0.006724883254894621,0.05899473677002926,-0.21469778652193164,-0.12922987031364833,0.14010325608147278,0.08768093779528638,0.036389780295526024,0.08201783016154875,0.06722326959332077,0.002093423473184003,-0.02063113111513829,-0.017797294891517206,-0.38948997338713726,-0.03892142586514628,-0.1651613433333181,0.014892247577225232,0.15584364600784234,-0.009658232412914771,-0.09273236041941506,0.0020003012776913,-0.1609836260139592,-0.11636622585784258,0.022804895306002274,0.038437555633664584,-0.14314068298739654,-0.08312251502964846,-0.1074703173001867,0.05486905832462215,-0.07252849584830212,0.01624343237457034,-0.14991304030273844,-0.07465478597871884,-0.28961550575851225,-0.12567479355630926,-0.24984867643232436,-0.11515015954023199,-0.2178986337513181,0.016928154400251978,-0.1152250224817065,0.036025508177863395,-0.31753755700310865,-0.05976527728959633,0.03725526893598762,0.017599181985419987,-0.004920868957898725,-0.051206251968575825,0.07790310726855254,-0.17072219914455394,0.0003158850945144636,-0.11519763360067925,-0.11441613752870126,0.003230062035815527,0.18505388762342115,-0.057709285287149595,0.04213322864694363,0.12647454888230542,0.1509921622152127,-0.13808743443786603,0.007751053330716174,-0.14714950220708733,-0.05661373004605897,-0.07505009882821237,-0.023415667352910296,0.02452035222101001,-0.06456289628287236,-0.07871290518425869,-0.02114239022764725,0.046718127330907896,0.20262202887701022
#12,0.3720085635901345,0.16638288742713417,1.0,0.5017140874709564,0.25888609420862113,0.32842555017414765,-0.1222356630619856,0.19084024522178147,-0.05938548480601825,0.2716566164689342,0.2668170011914163,0.09493351349130631,0.0190955278522096,-0.1786257172463219,-0.3683740590778164,-0.28168551173841794,0.4705181519809008,0.4707673907982489,-0.19195497267959116,-0.1911223506963623,-0.3423025832279622,-0.1889266754006765,0.06302090228103731,0.07182642753130321,0.08122172668635623,0.17680800850881237,0.11542222242510282,0.4558477543399964,0.090529381422122,0.19638558066710185,0.12647728777040815,0.10259418351463251,0.29825395883451183,0.1415576056640206,-0.04529481848019099,0.05952699402465912,-0.09957684178812874,-0.16345501604531948,0.148765446187696,-0.02746283100603925,0.1738728334253904,-0.09132183304651088,0.06997037436035551,-0.10071530627616208,-0.1825030698370818,-0.1292253055001438,0.22823793633911085,0.5181629364532312,0.16208465903125527,0.0558742302583228,0.2959277298725961,0.293534854633514,0.47140646468888514,0.1074812728525976,-0.1382271177311051,0.12177735578612936,-0.11500043365728294,-0.19178790050532485,-0.06975217627483829,0.11650682211378253,0.0801562992143956,0.1893913734154391,-0.22278115827577866,-0.2756033542249631,0.3489279535484578,0.0019610438815522192,-0.2582890166022267,-0.22863690103940804,-0.0813422377628762,-0.18226296064674277,0.2681252767418187,0.0990044141746589,-0.15140025654251896,0.36439993244076013,-0.1366604737363455,0.12451624388885592,-0.06514993129955676,0.20337339717985822,-0.17470271652051655,-0.008385562407847828,0.23912045173394442,0.3598552041156359,-0.024914752107802637,0.1263494729922809,0.10155431899829732,0.1309699772215806,0.08311429836534029,0.17166894146539644,0.2328511368668033,0.13721555505849808,0.10963769075214432,-0.0016661569291586593,0.01817982626319802,0.055206854523958425,-0.09994659168199684,0.16485641379121457,0.30565078263727535,0.44197072128618187,0.5825724550023509,0.41011927857687375,0.4879027877316072,0.3919038467683403,0.11899464547375917,0.43877352590759905,0.48981179273920766,0.37602012169792803,0.34358073100923464,0.15739294371128468,0.1172965348500687,-0.23758941328452027,-0.20263115850401933
#13,0.48069859905873547,0.1787891375697846,0.5017140874709564,1.0,0.14193192037139324,0.2387497888773754,0.11968758416374899,0.1550539332715562,0.10680476749122414,0.5502800513085038,0.36265160886851966,0.06132005276924411,-0.0598547476342854,-7.121109067089064e-05,-0.20209890124938945,-0.08414046844116184,0.3380134844590924,0.2778948906042444,0.009430904700388466,0.03583743786147617,-0.18420209342347318,-0.03904558879246988,-0.024665513290454518,0.062308791374328404,0.04456536128216482,0.08210821346893872,0.04538154993677733,0.5006176192671649,0.06215541364057572,0.17477118872308472,0.1606540464789311,0.16518325443813994,0.2084010827737633,0.17817836552287655,0.10108596913273109,0.019185911159599573,-0.012482026046825858,-0.18763209429078775,0.21422669776826267,-0.035657584209397124,0.1720980339348236,-0.05086662984383773,0.07592197820758033,-0.017526144969347277,-0.2405939735332113,-0.013012457376053901,0.1265138062784445,0.40097230527646793,0.01685420442147836,0.07785654617080619,0.151269702876289,0.13658561079487097,0.16123834260751277,0.0444603705715603,-0.20779944035386436,-0.014052321892389086,-0.20684995914491913,-0.06370379838131714,0.011989026188335075,0.1488777405999078,0.012171618728516846,0.08430114987652179,-0.12270675181565457,-0.2506493447210214,0.33516777972035955,0.08448100352860084,-0.10762825984744394,-0.09313132511971224,-0.08111947486385444,-0.08807898953288264,0.1258847749775183,0.04796706030575121,-0.21133717081988615,0.1423016702652613,-0.24298502284689158,0.0009440034327397554,0.04084047346245669,0.21580338435273227,0.0002556295562544792,-0.030986867031547426,0.26919253013918115,0.292012032848398,-0.0846215997845408,0.03703250603696586,0.10024604344789494,-0.02288706194908407,0.13028799408400168,0.10506557354599277,0.07226556259044037,0.19788831727279782,0.01398658857792365,0.032779012813431506,0.12140851885496218,0.0802485084471874,0.08257838925990679,0.09297703442325864,0.16533115439568716,0.23368923662623764,0.35640876991970494,0.10120648020925105,0.24160188435501467,0.21330460544034474,0.14370489393655822,0.1392806766879539,0.20318350093806917,0.17309225031611333,0.11243500846772905,0.12635221188038362,0.0003021906540008308,-0.12986985716698543,0.056426572692372653
#17,0.20977143978782747,0.16975628460699238,0.25888609420862113,0.14193192037139324,1.0,0.3426394664645976,0.04863900085362013,0.2535361327812952,0.16643218741298324,-0.034026119862873,0.0947052728160791,0.2406040161229213,0.3496108496487376,-0.014515193981749875,-0.2812810692619153,-0.04643145704282252,0.044757996412056585,0.2725056717807794,-0.18171335710079564,-0.19428120164150695,-0.32188873723564027,-0.16894009595237985,-0.24194059351705186,-0.04890193411148187,-0.3143659245801513,0.023167341498263088,-0.10420099786823209,0.1242359643396769,-0.04426773544166853,0.3266717488257017,0.119997991482058,0.17136857673679742,0.06865479510834585,0.07457079341023523,0.16343036605239494,-0.035330743562471754,0.003818010015200829,0.04565543874704999,0.10286624639950334,-0.00828787539885058,0.20289591768728288,0.19227542258761018,0.274342552735008,0.06039248266512072,-0.002182893817873071,0.10148219494492552,-0.16919024773242888,0.056538867104584445,0.02258578425778415,0.05247435716013822,-0.010711791369763588,0.01537246595790329,0.03680426536173865,-0.19793122651974054,-0.08851082089041253,-0.17716041211136319,-0.03677687648071138,-0.20199664942688766,0.029720587765386844,0.026496003505776772,-0.05129572231326489,-0.02767737724075283,0.02938279156605057,-0.12060693760356421,-0.08814563581004899,0.0097851342283411,-0.1620024923881735,0.069154185705743,-0.25997160686000176,0.03296982201792146,-0.17642730306253337,-0.16577302834292704,-0.3247499623402886,0.013377642456417442,-0.06135383238917774,0.1706756380468076,-0.10840610406861828,-0.022588523145886875,-0.12072927460548599,-0.11495752441034021,0.3316711325758786,0.4245997799759891,0.031402265060460954,0.3082509004094638,0.26830239150579505,0.12529408811003026,-0.02806812527674182,0.21636850826459486,0.2321280704076835,0.29261732711910055,0.37657246413197787,0.03609032852962792,0.06338882624950358,-0.020692299616099183,-0.017921457818840813,-0.22682740896620668,0.04492689451172472,-0.01057575992732817,0.18680860193456797,-0.05325037545591075,0.08003670110057653,0.30584706961797076,0.3131115138291025,0.11269611580018898,0.21888645939370147,0.0039549544203371576,0.2153240789347551,-0.004042598839624407,0.0856422920841569,-0.021790593745292536,-0.11245418068444814
#18,0.08371046300903377,-0.034815832599159165,0.32842555017414765,0.2387497888773754,0.3426394664645976,1.0,0.16206274792643346,0.07523451729379596,0.21502827901966065,0.13473777428823144,0.07564535050920494,0.37324106323636147,0.4355626360885026,0.1095518722582589,-0.19483719592636042,-0.06500568319281316,0.23933499796865798,0.46563288856833757,-0.1842952156189659,-0.07019131133397545,-0.3938849758293125,-0.13827459179155235,-0.2591243774735583,0.013767477529705524,-0.0623599172855793,0.13451957620271424,-0.16510108779505814,0.1530554579192667,0.4065322481250028,0.4248800595251681,0.2983260828878836,0.24250023965270898,0.2976002775406611,0.2686995302806904,0.25329328470285345,0.16993979010987506,0.25556747479081743,0.18075200737673863,0.2675774991212734,-0.06523940164424583,0.16907977924561893,0.1349596242245523,0.15423317980343912,0.13805000296712877,-0.11183336604783012,-0.19053622864237882,0.0506886021171605,0.08156500066189795,-0.05755316866529418,-0.03194456490480081,-0.07305892717753017,0.11820310681207119,0.0906635869391556,-0.005926953854300283,-0.1540432835616501,0.09494903385722177,-0.18553136711599647,-0.146251146909393,-0.11073507191863677,0.0685571080993486,-0.01390533489754276,-0.016490845266516636,0.09095482204074552,0.09860818836246445,-0.04027808843869684,-0.00796194771462612,0.009594325023851151,0.11851351413038021,0.025503613049888848,0.025319194584305257,0.21153437076328246,0.04649719035728795,-0.2541825103735387,0.09714744804101029,-0.2685388488453304,-0.029355402685023305,-0.1107277682170295,0.04335020792725513,0.16903230518517165,0.04564174430653636,0.05339462356265435,0.40241935115740846,0.14575358223739768,0.1027786019802161,0.22359460804228842,0.09239730310818152,-0.07218248298465767,0.018269296607887085,0.15541272761301336,0.1416799426659424,0.18368718246016058,0.22861590289728714,0.1435898606362437,-0.05094697056151771,-0.03408181058762844,0.04012288477954233,0.16954812911118516,0.058830403483865666,0.28111764893845265,0.050583611406555984,0.20982347866177928,0.39101462109765506,0.17298086886660247,0.16606426344451697,0.3759945587423026,0.23656963394760508,0.42116064948166543,-0.05691500773735889,-0.05414507890280142,-0.09419492666627105,-0.12434643282648687
#26,-0.21404775707888454,0.27550110240246134,-0.1222356630619856,0.11968758416374899,0.04863900085362013,0.16206274792643346,1.0,-0.07989245299383294,0.2954721614848425,0.26155103233257404,-0.016059013908986747,-0.08850534311420707,0.03327018674652047,0.32242464634107376,0.20219932714648944,0.2912634034336527,-0.17797203595247116,0.19398631468911337,0.18195255332843377,0.40395495442033713,-0.12067267091802965,0.184203919348875,-0.19017013059931437,0.0491100896072891,-0.18042425376711235,0.026685899747565814,-0.15627547736537223,0.13383120232622897,0.15878703775557249,0.09480295982507635,0.29300716219238865,0.06607658844097924,0.2657342274281384,0.05159608704186391,0.38311658077209254,0.15701132530230477,0.31149830873659656,0.270546453824629,0.011455855971004304,0.086673026973483,0.09138391451017269,0.008597369754458682,0.040269871774388656,0.19182076716255758,-0.2300136487923786,-0.06016971976609896,0.19912903358333295,0.10450592741033565,-0.06269862644761648,-0.04151332697302652,-0.05650143563384718,-0.02479971880748812,-0.2328721350089242,-0.0317263668192836,-0.2381801001520083,0.02007331090488298,-0.33213948244144487,0.15351376519512294,-0.014365468098800823,0.07837054417141788,-0.1652718118201281,-0.12322348870436899,0.33466473727215873,0.22388401721847653,-0.08936900582926685,0.2482546435565375,0.4883729635225753,0.44837150278225385,0.3392450711426185,0.4279229642072973,0.284930181177448,0.2102388766906928,-0.19294097239657274,-0.1446835899519325,-0.21358762387762648,-0.10849557441330734,-0.18008189275427153,-0.1674793556309257,0.2852296329433461,0.2908434405912346,-0.26690190672260083,-0.09161306814810082,0.015788776949517726,-0.35958222826806413,0.023287852574783056,-0.15676482537305939,-0.16284333103571053,-0.25402548078898235,-0.03816549274879375,-0.16970059388223693,0.015592489968822324,-0.008576371612337779,0.02703282557391118,-0.06542382010982942,-0.010047154523501942,-0.02264877868414686,0.04351362825071782,0.031243409550502813,-0.14234823136300767,-0.12532604180456208,-0.08319372612031936,0.0673191306769162,0.06108998616861508,0.04071539757243218,0.1606330483368102,0.08642013630533124,0.08237662450300592,-0.218931194566046,-0.22255930833945778,0.03242660921088069,0.1033555944071905
#49,0.6384895945076164,0.2597114124902427,0.19084024522178147,0.1550539332715562,0.2535361327812952,0.07523451729379596,-0.07989245299383294,1.0,0.14527610274482236,0.11586227044694089,0.22618650915016866,0.08214381901427417,0.07958295863822483,0.008993595566653124,-0.28287327621230035,-0.09170619034359351,0.13537319632806402,-0.13834945473302687,-0.09707897583844212,-0.09789516449305463,-0.2171545691500774,-0.168678075657219,-0.23512806584287,0.10510209205402914,-0.15556427942136425,-0.05989674391852721,-0.11902933805639371,0.04535324809304916,-0.214443982891079,0.023405624763200298,-0.005614720610589454,0.0003204499080190079,0.06885929875334944,-0.13795140299543063,-0.07600505781336303,0.06743142508912799,-0.35462940561563355,-0.1860408003031036,0.03268771654334062,-0.08364290376916651,0.06946733191215473,0.09643898898510501,0.03105351330871377,-0.01056663030031908,0.07830207196884971,-0.21868378167409971,-0.13174143070384858,-0.039061109158385336,-0.0987058753714617,0.1252876973711239,0.15113001958304995,-0.04453888536383846,0.09215993280594521,-0.18807762008883128,-0.2527491589331118,-0.23183592234339265,-0.1272870856861143,-0.11724084412531326,0.06073940849146608,0.04354010416904417,-0.17427544997649122,-0.12115745411221225,-0.09456650248554095,-0.24893936558221913,0.0071375423957054235,-0.2088036993248641,-0.17989747428868794,-0.1616144832402872,-0.21970629989911764,-0.29257533083485876,0.002394701164483925,-0.14671219307335198,0.07286994389844204,0.1311333975450433,-0.08661824921142847,-0.07698010197793369,-0.16832202020386458,-0.12395751071589971,-0.1341753892644716,-0.07340767892927734,0.06130361944062775,0.11487900961806205,-0.16433419912629468,0.1904111527523543,0.12690181542633075,0.04726864383955594,0.05532553967507658,0.13050619216951892,0.17882383015241912,-0.004816791209995116,0.08898008371867967,0.10260513906704341,0.054878187951631234,0.00024923881734811724,0.04534959624224552,-0.25935353111148646,0.023991746817183784,0.21942784627534043,0.1597867319130677,0.07192502750300137,0.06274883939616648,-0.030173417265037635,-0.16224534046661523,-0.0023755289477648393,0.03254803325010157,0.1566214902290167,-0.1706445973149767,-0.1843773822620477,0.0572664983772088,-0.06011494200404442,-0.011568150383216094
#50,0.03536726207050811,0.1951238662144458,-0.05938548480601825,0.10680476749122414,0.16643218741298324,0.21502827901966065,0.2954721614848425,0.14527610274482236,1.0,0.2369658597597995,0.13441458549210972,0.006088548252361149,0.07048072051016356,0.2146201846923544,0.20323097499851644,0.18775534425541043,-0.02692783486330666,0.18465400996042305,0.11962093788658264,0.14913428311886318,-0.0951581023157299,0.06439582410860605,-0.09216723650755249,0.3050582698443855,-0.3256291454212638,0.23554711572258716,-0.14385096796870364,-0.015888289883916794,0.06883464876042489,0.12607741010741005,0.24291746360702435,0.019853286893963946,0.026597342365577654,0.08274089662066857,0.15787681394276637,-0.07852392190517056,0.08881301154441336,0.1314328493109414,-0.02548444083316976,0.14858559253561696,-0.0492342525346127,-0.049708080176384395,0.18074196478702861,0.06804676194954055,0.02811286044908635,-0.07278503836725751,-0.10633093984945245,-0.1686452089999863,-0.30106862284141384,-0.09523935599611077,0.009739486093295658,-0.036924776438258616,-0.08856559865246705,0.08894813002414786,-0.39194310416447936,0.059689501385420896,-0.35652562914542124,-0.034770184464113715,-0.17131836378824744,0.007351175667718095,-0.13932723778570028,-0.17632413827733068,0.09896150492771617,0.10699466373301318,-0.037871518759101094,0.09692559810468944,0.21207940949572504,0.27482459704108786,0.1579087676372982,0.13918298967895668,0.1529641616491758,0.14482601213327428,-0.26255894315437744,-0.2197145165634258,-0.3000634509077132,-0.2640507242076625,-0.3098942332710997,-0.27016027060214454,0.19054261938128517,0.22448292075027274,-0.03341534781596498,-0.03147621503923457,0.08189731908502879,-0.09454550434342004,0.08464351088936262,-0.17146169893229013,-0.1821944884441746,0.11405277837373955,0.057510259418351466,0.06830513039389775,-0.019929062798139382,-0.09001629638421123,0.030431785709394844,-0.1932367723116672,-0.14170002784536237,-0.035929647094267964,0.14834000556907248,-0.07651540396317108,-0.024412622622302767,-0.30840245221781465,-0.12234065377259012,0.10898857427179813,-0.061753710052175816,-0.021331373506735384,0.04382403556902683,-0.051429014867597586,0.07968977527423117,-0.20853346236539505,-0.24584533498883904,0.07153610539241419,0.08896912816626877
#51,0.32884094820306115,0.311553999461352,0.2716566164689342,0.5502800513085038,-0.034026119862873,0.13473777428823144,0.26155103233257404,0.11586227044694089,0.2369658597597995,1.0,0.30528924940771546,-0.05497861384873121,-0.16780437035244924,0.07704766121780095,-0.0853337106912497,-0.08345209456467656,0.25630423569045085,0.023284200723979423,0.096499244523365,0.15021340503133745,-0.1169468701356206,0.05282949965079177,0.021897410381298874,-0.09506771900833992,-0.07399562690866264,-0.007497249699863512,0.12569305281032744,0.43808515203111376,-0.10180629670374818,-0.005468646578444038,0.040867862343483954,0.07598862448474668,0.08933066139582867,0.024936663212624447,0.034344743845490196,-0.010155797084910096,-0.013638749788877375,-0.26906928017455845,0.03824765939187554,-0.008031332879895192,-0.04700114576818964,-0.18627908356804082,-0.06078962144001607,-0.14744804101028453,-0.15190329899071972,-0.03725892078679126,0.27506835808223057,0.3286190982667403,0.1402794578827482,0.12800467436902865,0.11524784654922923,0.04458179461078118,0.08381088890613374,-0.018374287318491604,-0.23902459065034898,0.0620714210720921,-0.17770727676920758,-0.0829499650791767,-0.013790301597228246,0.06655224200815275,-0.04888002300666006,0.011874905850721469,-0.13480807241620144,-0.16403474736039658,0.29017606485687025,0.03449081787763561,-0.019423281461835876,0.05412773261148416,-0.03655593950709144,-0.04170961395372192,0.06595607736445927,0.14825692596328977,-0.23453555304998014,-0.026443964631824968,-0.282646861462475,-0.10239424468313348,-0.1104392720035423,-0.013836862694974597,0.008959815946719497,-0.05897739047871199,0.17293065591805246,0.10523173275755819,-0.08922201883442052,0.04591472015410811,-0.09724513505000754,-0.06533800161594398,0.04214966197555999,0.05896278307549745,-0.008179232837442426,0.15724504375373743,-0.07131425545609334,0.09405159152222836,0.08527528107839154,0.09790338115736281,-0.0124555501284995,0.1230390702387854,-0.06848315812057498,0.09369188421807027,0.07789762949234709,-0.011962550270008719,0.09298890293837045,-0.01925164447406501,0.05503430457348665,0.04870747305618829,0.040814910506831246,0.16788105921932558,-0.0169199377359438,0.08115051559568534,-0.08979079459708673,-0.05366577348482428,0.07027073908895452
#52,0.45664385781518896,0.16449761944975738,0.2668170011914163,0.36265160886851966,0.0947052728160791,0.07564535050920494,-0.016059013908986747,0.22618650915016866,0.13441458549210972,0.30528924940771546,1.0,-0.006674670306344634,-0.0452336499792301,-0.016453413795779373,-0.025461616765647038,0.04796340845494757,0.19920298356210658,-0.01998657944829664,0.007677103351942556,0.05715146507689428,-0.03431187718825748,0.09354854907402758,0.045070229655767416,0.13682206813440637,0.07439093975815618,0.16401283625557478,0.06157385640009677,0.1851844412896511,0.006109546394482053,0.07791954059716891,0.027513043954589235,0.09474635613762,0.026222114695504114,0.13982845430849922,-0.02171664376651892,0.0699694613976546,0.0316131594443709,-0.06710823629300625,0.06023180122976076,0.0760424892841003,0.07415356945591987,0.04890193411148187,0.07976737710380842,0.07958113271282302,-0.09281087521169322,-0.014927853122560678,0.04740741417009408,0.15226391925757873,0.013330168395970182,-0.04444941501914939,0.045508451752203666,0.17300917071033062,0.1354343648290249,-0.0036500248782336,-0.12911666293873564,-0.022364847284164206,-0.20237735487316666,-0.06041256784454071,-0.09984799171029868,-0.0995311936530833,-0.17910228377619633,-0.1873399462264969,-0.1721172061515427,-0.12589755645533102,0.16028612251046484,0.01853496875385156,-0.07322417342639466,0.058108249987446764,-0.0010371256282324585,0.03722514116685763,-0.03567858235151803,0.13061026991742253,-0.006584286998954658,0.08227345971780323,-0.08750108414320733,0.01576960473279864,-0.28749651932970277,-0.21175348181150058,-0.23198017045013625,-0.02318833964038399,0.13947057292974296,0.16032811879470665,-0.0008262312443225133,-0.089808140888404,-0.0951398430617117,-0.18641511501047625,-0.06823300634052595,0.2697740873796601,0.07453792675300251,0.11980353042676442,0.08537022919928607,-0.14957341817800035,0.05882583867036112,-0.08962372242282042,0.05505073790210301,-0.03709276157522584,0.1679942665942383,0.10867177621458275,0.16462817311598735,0.09169249590307987,0.1793688688848617,-0.05728840948203061,-0.04975920608763529,0.04404497254264677,0.12243195004268101,0.17175658588468368,0.0023234900738130343,-0.15838168231636895,-0.01110984310735985,-0.1697462420172824,0.09014593708774028
#53,0.16022951882300848,-0.16749670192224297,0.09493351349130631,0.06132005276924411,0.2406040161229213,0.37324106323636147,-0.08850534311420707,0.08214381901427417,0.006088548252361149,-0.05497861384873121,-0.006674670306344634,1.0,0.5117530253301501,0.06208876736340937,-0.060838008463164235,-0.04606627196245897,-0.016356639749483034,0.11220676779250184,0.015125053065956991,-0.04039403470171226,-0.1583953767568826,0.06321262444822817,-0.21683046739125472,-0.019216951891430474,-0.07043689830051993,0.10573203631765624,-0.12708714685461525,0.007098284999566343,0.24835963426714203,0.2941501914939265,0.19132320249056226,0.03661436911994961,-0.13771859750669888,-0.041724221356936465,-0.1896387863073854,-0.12582451943925832,-0.12253602779058462,-0.040886121597502136,-0.036534941364970534,-0.33323047286903096,0.10551475119483994,0.03672848945756321,0.014374597725809912,0.052433273838597326,-0.10938023527048803,-0.0030483824583346646,-0.3240606755011024,-0.18596593736162909,-0.18427421747684497,-0.03164876498970635,-0.303661436911995,-0.22292723230792405,-0.201762930975455,-0.16571277280466706,-0.19455235156367687,-0.2338608736140085,-0.13724111801412353,-0.16829828317364093,-0.016023408363651303,0.008363651303026015,0.0758982411773567,0.02468285958177179,0.046107355283999875,0.09300077145348226,0.08366572783668923,-0.08756681745767277,-0.08214929679047962,-0.06558450154518937,-0.11871436592458015,-0.07928350687232673,-0.031090031816750126,-0.28443718131895723,-0.06282644122574373,-0.0111253634732753,-0.31500225958268474,-0.20450273204088246,-0.15021431799403837,-0.09995754723440774,0.048797856363578265,-0.15152441946984255,0.33240424162470844,0.4199244979846348,0.3215755910292285,0.3670548279750031,0.4341073735432539,0.2652540090474604,0.13326973026517003,0.18419661564726772,0.10862430215413549,0.14026211159143093,0.3570441919595375,0.12857527605709668,0.1205950690884524,0.12040334692126153,0.0066655406793355455,-0.1064697101799906,0.03977687191589788,-0.21614300647747037,0.02246436021856327,-0.2154865862955169,-0.17736400279366588,0.1667581150972077,-0.03899994065742444,-0.10743379879215034,-0.13501805383741047,-0.25603399873098187,-0.1348537205512469,0.03619349331483062,0.0005788183523762136,0.07232855701680307,-0.23647651175211237
#54,-0.07209209967726768,-0.2917892699493762,0.0190955278522096,-0.0598547476342854,0.3496108496487376,0.4355626360885026,0.03327018674652047,0.07958295863822483,0.07048072051016356,-0.16780437035244924,-0.0452336499792301,0.5117530253301501,1.0,0.11494839478333113,0.022940926748437694,0.021688341922790743,0.10192680778026814,0.22587427590645784,-0.1528381727964504,-0.05203065728749652,-0.0867652362062748,-0.007980206968644297,-0.16972159202435785,0.009366084348623937,-0.09597063911953878,-0.025741896314826058,-0.25006596155514066,-0.20447169130905157,0.2181168318368353,0.2083526957506151,0.0060903741777629675,-0.06614962545705196,0.059041297867775615,-0.07474790817421154,0.013247088790187477,-0.015896506548224974,0.05131215564188125,0.13284155075844375,0.028669767696640754,-0.1717775840268046,0.10533124569195726,0.1878420757119968,0.06358511323019898,0.12666535808679535,0.025586692655671553,0.14712941702766733,-0.22380367650079655,-0.058958218261992906,-0.16798970178073375,-0.06396399275107616,-0.026334409107715905,0.03080062264056202,-0.03332952932207955,-0.15055576604417825,0.02264877868414686,-0.059279581132712825,-0.09641251306677866,-0.10501353467204097,-0.13830654548608418,0.06166241378208493,-0.00579366129996759,0.004922694883300543,0.273050710513222,0.17264124674186437,-0.1875544924612105,-0.08890248188910242,0.02557299821515792,0.08311429836534029,0.07727407596762634,0.015369727069800563,0.08759511930140094,-0.21232682238767134,-0.08646121962687214,0.07526099321212232,-0.0888285319103288,-0.003079423190165566,-0.10675364157997325,-0.08050413800344187,0.24358027452788417,0.016630528559755692,0.26882825802151855,0.39483080518745406,0.4238137190905066,0.25683831887048253,0.30798340233809746,0.0911072868117973,-0.008636627150597763,0.10666782308608781,0.19737705816028886,0.23590043228783888,0.31819032533425845,0.13250740640991113,0.13601500910680295,-0.10825181337216468,-0.18571213373077644,-0.0842609795176818,0.06489156285519955,-0.16808373693892736,0.03319167195424231,0.05085750021682864,0.11226337147995818,0.20294156582232833,-0.05047496884514783,0.12819822246162133,0.18949819005144544,0.05569072475544012,0.14811906859545254,-0.03268223876713517,0.13170582515851315,-0.09862736057918353,-0.3059411047761644
#58,-0.07628625032524296,-0.08995695380865215,-0.1786257172463219,-7.121109067089064e-05,-0.014515193981749875,0.1095518722582589,0.32242464634107376,0.008993595566653124,0.2146201846923544,0.07704766121780095,-0.016453413795779373,0.06208876736340937,0.11494839478333113,1.0,0.19646135657127728,0.27944966608389216,-0.04531490365961099,-0.025475311206160672,0.10776246536447753,0.15559805904129786,0.07904704953279133,0.12559810468943292,-0.12632117114855274,0.13411787261431435,-0.058266192534704,-0.060338617865767094,0.010200532257254629,0.006338700032410176,-0.029628378532595052,-0.07168217942455961,0.09364167126952028,-0.017894068937813545,0.1475676391241036,-0.03647377286400964,0.07560244126226223,0.007089155372557254,0.08823419319203714,0.1541464483468528,-0.02362108396061479,-0.12303633135068266,-0.10429959783993024,0.14405821050180995,0.05239036459165461,0.07800353316565252,0.05061921695189143,-0.04759913633728494,-0.03984443115576513,-0.0067924424947618765,-0.1635189234343831,0.0017976235580895342,-0.005208452208685014,-0.007384042324950814,-0.14192735555788868,-0.051987748040553804,-0.15819908977618719,0.05419620481405232,-0.14057982261134722,0.20215094012334126,-0.07537693947513774,0.06818918413088233,-0.13709230509387538,-0.1580247139003136,0.3359784905987666,0.36561417283296893,-0.07334651042831646,0.0879320025380363,0.5267502636179799,0.44866273788384375,0.099644401027996,0.1194721249663345,0.05871080537004661,-0.016067230573294927,0.0595863366002182,0.06547494602108031,-0.09128166268767089,-0.025080911319368047,-0.17660167893840698,-0.17157490630720282,0.3951813828646031,0.2489037600368837,-0.027156075538533872,-0.1115211328041193,0.14568602299753045,-0.11191005491470646,0.09470709874148092,-0.1113677550703666,-0.08485257934787074,-0.06449898889380874,0.04879055266197099,0.054629862096984026,0.06524214053234854,0.04638580890777707,0.12513979741357667,-0.12223109824848105,-0.10622503617614702,-0.07344237151191188,-0.13928250261335573,-0.08513468482245158,-0.21235603719410043,-0.0001360314424354193,-0.08896273742736241,-0.04010006071201961,-0.039931162612351474,-0.033251927492502296,-0.07994723075588747,0.05467185838122583,-0.1299392423322545,-0.16188563316245716,0.03157937982443727,-0.1752641885815755,-0.08832731538752985
#101,-0.3399626598255328,-0.15384608361825378,-0.3683740590778164,-0.20209890124938945,-0.2812810692619153,-0.19483719592636042,0.20219932714648944,-0.28287327621230035,0.20323097499851644,-0.0853337106912497,-0.025461616765647038,-0.060838008463164235,0.022940926748437694,0.19646135657127728,1.0,0.6143618162479972,-0.19791296726572236,-0.0381709705249992,0.3240022458882442,0.3818420848416238,0.43192630565078266,0.46193265074155393,0.1166985442809734,0.20792451624388886,0.06471901290472777,0.3046437847781729,-0.10494962728297735,-0.3348491557377423,0.24294211359994888,-0.08377071854729375,-0.10627981393820156,0.03526135839720268,-0.15278887281060133,-0.03457481044611922,-0.051505703734473926,-0.03598898966982704,0.250182820780857,0.2842198961961409,-0.033434520032684066,0.10797792456189202,-0.034988382549630936,0.08122263964905714,-0.17966466879995618,0.21971725545152854,-0.018092181843910767,0.07329721044246737,-0.1828125641926899,-0.33281872669092105,-0.4036591545052427,-0.39890170587080664,-0.33769759936457794,-0.21333290728407292,-0.31399343579818045,-0.025384014936069788,0.13483089648372415,0.10051354151926123,-0.32571496391514926,0.038345346400872796,-0.30179351522593545,-0.34729283735113003,-0.21055202289710453,-0.37895347085594816,0.3600679244249476,0.5143850967968704,-0.15725782523155016,0.16881228117425262,0.27826190161000974,0.31550804091898826,0.5838779916646505,0.47102667220530703,0.15117658068079629,0.3152441946984256,0.17960167437359348,-0.20804685324581065,-0.11169459571729197,-0.3393719729580448,-0.3051705642565973,-0.47046793903235085,0.319617286035779,0.4665157235001164,-0.07126221658214153,-0.12129165962924585,0.21955748697886948,-0.3294745443174919,-0.07369526218006363,-0.4299031803055686,-0.3727188485714416,0.05642474676697084,-0.12581082499874469,-0.11477858372096209,-0.06884651727553671,-0.40045556838775354,-0.11942921571939179,-0.3460046469801476,-0.2415936676907065,-0.028252543742325407,0.11734035705971232,-0.25683010220617436,-0.26728352513158077,-0.24520899998630555,-0.3276194041092451,-0.2316332446237909,-0.017965280028484437,0.008944295580804047,-0.16924685141988524,-0.13776698452984704,-0.10000593425755591,-0.34049491708016266,-0.32722135237164884,-0.09961153437076328,-0.032701410983854255
#102,-0.17774562120264575,0.020819201431525516,-0.28168551173841794,-0.08414046844116184,-0.04643145704282252,-0.06500568319281316,0.2912634034336527,-0.09170619034359351,0.18775534425541043,-0.08345209456467656,0.04796340845494757,-0.04606627196245897,0.021688341922790743,0.27944966608389216,0.6143618162479972,1.0,-0.227775977212451,-0.10652448794204512,0.3151191188084011,0.5721774616898027,0.27472964892019336,0.565713685767368,-0.11551260573249279,0.2883638338955662,-0.1763442234567507,0.2801462566246856,-0.3593795505484623,-0.35733725298652924,0.07698557975413914,-0.13108592348459602,-0.06219649696211661,-0.05709029657593339,-0.11278467318217714,0.10099741175074292,0.01584994545047862,0.0957350947427043,0.10956100188526798,0.44958665613716353,-0.188070316387224,-0.024853583606841742,-0.10929715566470531,0.06730087142289802,-0.03910767025613168,0.3004277230253758,-0.0692071375423957,0.08428015173440088,-0.28240949116023867,-0.3388524971812277,-0.33930350075547666,-0.2650705035445777,-0.30945692413736436,-0.3328552451989574,-0.35967169861275317,-0.06815449154824779,-0.12965257204416913,-0.008515203111376884,-0.34085371142161985,0.3330990062401001,-0.08868702269168793,-0.37527057932048186,-0.3412992372196634,-0.3418360592877978,0.362858851401626,0.5113358013758348,-0.33628615902897285,0.17141331190914194,0.3018939411230354,0.43591503969105344,0.431111029958871,0.45670685224155166,0.1344428873358379,0.2914542126381427,0.16110505005318007,-0.20094400343273974,-0.046472540364363414,-0.11934065833740362,-0.24748684192507314,-0.28770741371361275,0.30190763556354905,0.5575006733099919,-0.10309448707473057,-0.10494506246947281,0.08469737568871624,-0.30174786709089,0.035642063843481675,-0.4723486421962231,-0.3834936343675679,-0.15948180237096413,-0.10454427184377382,-0.1879561960496104,-0.025677988925762438,-0.4067632276883328,-0.0744347619677998,-0.26635595502745735,-0.05216394984182921,-0.2550087416178612,0.1548384740741417,-0.3087968521046073,-0.2535653475877243,-0.2765893539419447,-0.4642369685986479,-0.29419310074086924,0.003015515801101946,-0.06398316496779524,-0.13047058662418348,-0.1928533279772855,-0.1567036568720985,-0.4118246929021715,-0.23936147388698434,-0.1123793177429736,0.15292581721573764
#201,0.33519060378788224,-0.013631446087270105,0.4705181519809008,0.3380134844590924,0.044757996412056585,0.23933499796865798,-0.17797203595247116,0.13537319632806402,-0.02692783486330666,0.25630423569045085,0.19920298356210658,-0.016356639749483034,0.10192680778026814,-0.04531490365961099,-0.19791296726572236,-0.227775977212451,1.0,0.2716064035203842,-0.1113065865694057,-0.15412362427933007,0.026924183012503024,0.008192014315255151,0.21497076236950338,0.0865506899715612,0.37117502864420476,0.13810112887837966,0.16842244610096455,0.24526286478565917,0.21417192000620813,-0.044780820479579306,0.13860325836387954,0.10505005318007733,0.37450460361441934,0.04708239944857053,-0.04611831083641078,-0.10233033729406985,-0.021061136547266362,-0.18373374355790695,0.19550091980992115,0.027303975496081108,0.12269853515134639,-0.0022979271181875864,-0.12831508168733766,-0.08532640698964244,0.1338969356406944,-0.060583291869610666,0.20619080007486293,0.4387799166465054,0.00790534402716977,0.0735994010964682,0.29322809916600856,0.26141956570364316,0.48344022604956477,0.2900674222954621,0.12368362190562704,0.30456892183669837,-0.11231723627931181,-0.10701201002433046,-0.14500403985995153,0.05656990783641534,-0.08442805169194813,-0.03851972227674638,-0.276405848439062,-0.05903582009157016,0.23789708171472654,-0.05755134273989236,-0.16812847211127188,-0.022323763962623307,0.11838296046415024,-0.14260751277006578,0.3085421355110537,0.17633418086704067,0.06511523871692222,0.2641840167619952,0.0003743147073726303,0.08039640840473462,-0.014130836684667247,0.1244203828052605,0.17583387730694264,0.012388903851333153,0.1529413375816531,-0.01707057658159376,0.06461219626872144,0.03133835767139734,-0.1862891261577508,-0.051406190800074865,0.022021573308622477,0.15933025056261327,-0.05960459585423637,-0.09411823779939471,-0.12454728462068682,-0.046212345994604394,0.15211510633733058,-0.059372703328205524,-0.04597041087886354,0.4267972811970767,0.29524757266041896,0.39822337458403134,0.32464131977888044,0.35091729927373816,0.3596214856642032,0.35060415306732645,0.06895242094884213,0.423328935896324,0.37812632664892476,0.2984803735843372,0.22225255287195242,0.02817676783814997,0.11320828787539886,-0.22772028648769554,0.04371904485842231
